1
52 1
Argali 0.000000 0.223800 0.074900 0.157400 0.050400 0.000000 0.045600 0.036500 0.060500 0.129600 0.013400 0.055300 0.045700 0.045600 0.031800 0.040900 0.089800 0.100200 0.027100 0.075000 0.045900 0.009000 0.114500 0.124900 0.009000 0.031700 0.045800 0.065200 0.036400 0.065200 0.119300 0.045700 0.089900 0.041100 0.041100 0.060400 0.008600 0.045700 0.027200 0.124000 0.119500 0.041100 0.109200 0.119300 0.060200 0.036400 0.036500 0.041200 0.036200 0.060700 0.070100 0.065000
LesserMous 0.223800 0.000000 0.207800 0.163500 0.207100 0.223900 0.211600 0.190500 0.207400 0.216100 0.217700 0.200800 0.235400 0.201000 0.196100 0.217100 0.184500 0.230800 0.223900 0.213100 0.207300 0.212400 0.199900 0.210900 0.224300 0.195800 0.223800 0.201700 0.206100 0.212900 0.216100 0.223300 0.184800 0.229600 0.183900 0.202100 0.223600 0.212700 0.212400 0.232800 0.194000 0.195600 0.204800 0.227700 0.201400 0.213100 0.212600 0.207200 0.200400 0.185500 0.196200 0.201100
LesserKudu 0.074900 0.207800 0.000000 0.147800 0.070200 0.074800 0.060500 0.060800 0.013600 0.124700 0.079700 0.032100 0.075000 0.074900 0.046300 0.069600 0.075600 0.106000 0.074800 0.018200 0.074900 0.075000 0.109400 0.130400 0.070300 0.050700 0.065200 0.009100 0.065000 0.022900 0.114400 0.070200 0.095600 0.070000 0.046200 0.037000 0.074700 0.075000 0.065000 0.119000 0.114600 0.060300 0.104200 0.114400 0.027500 0.065300 0.065100 0.065400 0.064900 0.056300 0.013600 0.013700
KillerWhal 0.157400 0.163500 0.147800 0.000000 0.147300 0.157500 0.151500 0.131500 0.147500 0.172700 0.157200 0.141100 0.168300 0.141600 0.136600 0.157000 0.126500 0.164300 0.163000 0.153000 0.158000 0.152100 0.178500 0.168100 0.152200 0.136500 0.163000 0.142200 0.152200 0.152400 0.172600 0.157200 0.121200 0.168500 0.135600 0.147400 0.162500 0.152400 0.141600 0.199600 0.173000 0.136500 0.161800 0.183700 0.147000 0.152600 0.152300 0.147200 0.141000 0.121400 0.137000 0.141600
DefassaWat 0.050400 0.207100 0.070200 0.147300 0.000000 0.050600 0.041100 0.032000 0.065500 0.124700 0.045600 0.050700 0.060100 0.031800 0.036600 0.045700 0.070400 0.105500 0.041200 0.070300 0.050700 0.050600 0.109600 0.130300 0.050600 0.027200 0.050600 0.060600 0.041200 0.060500 0.114400 0.050500 0.080300 0.055300 0.036500 0.055800 0.050300 0.004300 0.041200 0.129400 0.114600 0.027300 0.104300 0.124700 0.055600 0.041200 0.041200 0.046000 0.040900 0.056100 0.065500 0.060400
Sheep 0.000000 0.223900 0.074800 0.157500 0.050600 0.000000 0.045800 0.036600 0.060500 0.129700 0.013500 0.055300 0.045800 0.045800 0.031900 0.040900 0.089900 0.100300 0.027100 0.075000 0.045900 0.009000 0.114600 0.125000 0.009000 0.031800 0.045800 0.065300 0.036500 0.065200 0.119400 0.045900 0.090000 0.041100 0.041100 0.060500 0.009000 0.045900 0.027200 0.124100 0.119600 0.041100 0.109300 0.119400 0.060300 0.036500 0.036500 0.041200 0.036300 0.060700 0.070200 0.065000
MaxwellsDu 0.045600 0.211600 0.060500 0.151500 0.041100 0.045800 0.000000 0.026900 0.059900 0.119200 0.040900 0.045400 0.055200 0.027100 0.031200 0.040900 0.079400 0.120200 0.045800 0.064800 0.045900 0.045800 0.104100 0.135100 0.045600 0.031700 0.045800 0.055100 0.036500 0.055200 0.109000 0.027200 0.089500 0.050500 0.031800 0.050300 0.045600 0.036400 0.036500 0.123800 0.109100 0.031800 0.099000 0.119200 0.050200 0.045700 0.036500 0.041200 0.036200 0.060200 0.060000 0.055100
GazellaPrz 0.036500 0.190500 0.060800 0.131500 0.032000 0.036600 0.026900 0.000000 0.060700 0.109400 0.031800 0.046000 0.045900 0.018100 0.022700 0.022600 0.060800 0.100600 0.036600 0.065500 0.036700 0.027300 0.104500 0.104700 0.036500 0.022700 0.036600 0.055800 0.027300 0.055800 0.109400 0.036300 0.070500 0.041200 0.031300 0.051100 0.036500 0.027300 0.027300 0.124300 0.099400 0.022700 0.099300 0.109400 0.050900 0.027300 0.027300 0.022700 0.027200 0.051300 0.051100 0.055600
MountainNy 0.060500 0.207400 0.013600 0.147500 0.065500 0.060500 0.059900 0.060700 0.000000 0.109600 0.065200 0.032000 0.070100 0.070100 0.046200 0.065000 0.075500 0.105800 0.070100 0.013600 0.070300 0.060500 0.094700 0.115100 0.060500 0.046200 0.060400 0.004300 0.060400 0.022900 0.099500 0.069700 0.095500 0.065300 0.045300 0.036900 0.060400 0.070200 0.060500 0.104100 0.099600 0.055700 0.089500 0.099500 0.027500 0.060600 0.060500 0.065400 0.060200 0.056200 0.009000 0.013600
MuntiacusM 0.129600 0.216100 0.124700 0.172700 0.124700 0.129700 0.119200 0.109400 0.109600 0.000000 0.124300 0.103900 0.139900 0.119300 0.114400 0.134200 0.119400 0.161900 0.140000 0.124800 0.140300 0.119400 0.022300 0.054400 0.119500 0.114400 0.129500 0.114600 0.129800 0.124700 0.017700 0.129500 0.140200 0.134700 0.124400 0.119100 0.129500 0.129700 0.129600 0.045000 0.017800 0.114300 0.017200 0.049600 0.109300 0.130000 0.129700 0.124800 0.129200 0.119800 0.109500 0.114200
goat 0.013400 0.217700 0.079700 0.157200 0.045600 0.013500 0.040900 0.031800 0.065200 0.124300 0.000000 0.060000 0.059900 0.040900 0.027200 0.045500 0.084800 0.115400 0.031700 0.079800 0.050500 0.013500 0.109300 0.129900 0.013500 0.036300 0.050400 0.070000 0.041100 0.069900 0.114100 0.050300 0.094800 0.045700 0.045700 0.065200 0.012900 0.041000 0.031800 0.119000 0.114300 0.036400 0.104100 0.124300 0.065000 0.041000 0.041100 0.036500 0.040800 0.065500 0.074900 0.069700
AfricanBuf 0.055300 0.200800 0.032100 0.141100 0.050700 0.055300 0.045400 0.046000 0.032000 0.103900 0.060000 0.000000 0.064900 0.055300 0.031900 0.041000 0.070000 0.099900 0.055300 0.036700 0.055400 0.055300 0.089200 0.109200 0.055400 0.031900 0.055300 0.027400 0.045900 0.036500 0.094000 0.064600 0.079900 0.060100 0.040500 0.022800 0.055200 0.055400 0.045900 0.098600 0.094100 0.041200 0.084100 0.094000 0.022700 0.036600 0.045900 0.050700 0.045700 0.041500 0.032100 0.027200
Topi 0.045700 0.235400 0.075000 0.168300 0.060100 0.045800 0.055200 0.045900 0.070100 0.139900 0.059900 0.064900 0.000000 0.055200 0.041200 0.050300 0.089900 0.110300 0.055200 0.075000 0.055400 0.055000 0.124600 0.135100 0.055300 0.041100 0.009000 0.065200 0.045800 0.065200 0.129500 0.045800 0.089900 0.013500 0.050500 0.070100 0.055100 0.055300 0.045800 0.124000 0.129700 0.050500 0.119200 0.129500 0.060200 0.050600 0.045800 0.050400 0.045600 0.070400 0.070100 0.065000
CommonDuik 0.045600 0.201000 0.074900 0.141600 0.031800 0.045800 0.027100 0.018100 0.070100 0.119300 0.040900 0.055300 0.055200 0.000000 0.031900 0.040900 0.070300 0.105400 0.036400 0.075100 0.045900 0.036400 0.114400 0.124900 0.045800 0.031100 0.045800 0.065300 0.036500 0.065200 0.119300 0.036400 0.080100 0.050500 0.041100 0.060500 0.045600 0.027200 0.036500 0.134300 0.109300 0.031800 0.109200 0.129600 0.060300 0.045700 0.036500 0.031900 0.036200 0.060800 0.060500 0.065100
Suni 0.031800 0.196100 0.046300 0.136600 0.036600 0.031900 0.031200 0.022700 0.046200 0.114400 0.027200 0.031900 0.041200 0.031900 0.000000 0.027100 0.065500 0.095400 0.031800 0.051000 0.031900 0.031900 0.099500 0.109700 0.031900 0.018100 0.031800 0.041500 0.022600 0.050900 0.104300 0.040700 0.075400 0.036500 0.026200 0.036800 0.031800 0.031900 0.022600 0.099100 0.104400 0.027200 0.094300 0.104300 0.036700 0.031900 0.022700 0.018100 0.022600 0.037000 0.046300 0.041400
Springbuck 0.040900 0.217100 0.069600 0.157000 0.045700 0.040900 0.040900 0.022600 0.065000 0.134200 0.045500 0.041000 0.050300 0.040900 0.027100 0.000000 0.084600 0.115000 0.031700 0.060300 0.031800 0.040900 0.119000 0.119200 0.041000 0.027100 0.040900 0.060200 0.031700 0.060100 0.113800 0.050400 0.094600 0.045600 0.036300 0.055400 0.040900 0.041000 0.031700 0.128500 0.124000 0.036300 0.113700 0.113700 0.055200 0.022600 0.031700 0.036400 0.031600 0.055700 0.065000 0.060000
Okapi 0.089800 0.184500 0.075600 0.126500 0.070400 0.089900 0.079400 0.060800 0.075500 0.119400 0.084800 0.070000 0.089900 0.070300 0.065500 0.084600 0.000000 0.037100 0.089900 0.080500 0.085200 0.080000 0.114500 0.125100 0.090000 0.065500 0.080000 0.070600 0.080000 0.080200 0.119300 0.079600 0.056100 0.085000 0.074500 0.075400 0.089700 0.075200 0.080100 0.134300 0.109400 0.065500 0.109200 0.129700 0.065400 0.080300 0.080100 0.075300 0.070000 0.065800 0.065700 0.070300
Giraffe 0.100200 0.230800 0.106000 0.164300 0.105500 0.100300 0.120200 0.100600 0.105800 0.161900 0.115400 0.099900 0.110300 0.105400 0.095400 0.115000 0.037100 0.000000 0.105400 0.111000 0.115800 0.100300 0.156800 0.157200 0.110600 0.095400 0.110400 0.100700 0.110400 0.110600 0.161700 0.110100 0.075800 0.105400 0.104800 0.105700 0.110200 0.110500 0.100400 0.166600 0.151400 0.105500 0.151100 0.161800 0.095300 0.100600 0.110400 0.105600 0.089900 0.095800 0.095700 0.100300
TibetanAnt 0.027100 0.223900 0.074800 0.163000 0.041200 0.027100 0.045800 0.036600 0.070100 0.140000 0.031700 0.055300 0.055200 0.036400 0.031800 0.031700 0.089900 0.105400 0.000000 0.065300 0.036600 0.027100 0.124800 0.135200 0.027200 0.031800 0.045800 0.065200 0.036400 0.065200 0.129500 0.055300 0.100000 0.041100 0.041100 0.060400 0.027100 0.036500 0.027200 0.134300 0.129700 0.041100 0.119300 0.129600 0.060200 0.036500 0.036500 0.041200 0.036300 0.060700 0.070100 0.065000
Sitatunga 0.075000 0.213100 0.018200 0.153000 0.070300 0.075000 0.064800 0.065500 0.013600 0.124800 0.079800 0.036700 0.075000 0.075100 0.051000 0.060300 0.080500 0.111000 0.065300 0.000000 0.055900 0.075000 0.109700 0.120300 0.075100 0.051000 0.065300 0.009000 0.065300 0.027500 0.114500 0.064900 0.100600 0.070100 0.050100 0.041700 0.074800 0.075100 0.065300 0.119200 0.114700 0.060600 0.104400 0.114500 0.032100 0.065500 0.065300 0.070300 0.065000 0.061000 0.013600 0.018200
Oribi 0.045900 0.207300 0.074900 0.158000 0.050700 0.045900 0.045900 0.036700 0.070300 0.140300 0.050500 0.055400 0.055400 0.045900 0.031900 0.031800 0.085200 0.115800 0.036600 0.055900 0.000000 0.045900 0.124900 0.125300 0.045900 0.031900 0.045900 0.065400 0.036500 0.065400 0.129800 0.046000 0.095300 0.050600 0.041200 0.060600 0.045800 0.046000 0.036500 0.134500 0.130000 0.041200 0.119600 0.129800 0.060400 0.046000 0.036600 0.041300 0.031800 0.060900 0.070400 0.065200
BarbaryShe 0.009000 0.212400 0.075000 0.152100 0.050600 0.009000 0.045800 0.027300 0.060500 0.119400 0.013500 0.055300 0.055000 0.036400 0.031900 0.040900 0.080000 0.100300 0.027100 0.075000 0.045900 0.000000 0.114600 0.114700 0.009000 0.031800 0.045600 0.065300 0.036500 0.065200 0.119400 0.055300 0.090000 0.041100 0.041100 0.060400 0.009000 0.045900 0.027200 0.124100 0.109400 0.041100 0.109300 0.119400 0.060300 0.036500 0.036500 0.031300 0.036300 0.060700 0.060500 0.065000
Daviddeer 0.114500 0.199900 0.109400 0.178500 0.109600 0.114600 0.104100 0.104500 0.094700 0.022300 0.109300 0.089200 0.124600 0.114400 0.099500 0.119000 0.114500 0.156800 0.124800 0.109700 0.124900 0.114600 0.000000 0.050000 0.114600 0.099500 0.114400 0.099600 0.114600 0.109600 0.013300 0.114300 0.135200 0.119600 0.109200 0.103900 0.114400 0.114600 0.114500 0.031400 0.004400 0.099400 0.013300 0.036000 0.094400 0.114800 0.114500 0.119900 0.114100 0.104800 0.104700 0.099300
Reindeer 0.124900 0.210900 0.130400 0.168100 0.130300 0.125000 0.135100 0.104700 0.115100 0.054400 0.129900 0.109200 0.135100 0.124900 0.109700 0.119200 0.125100 0.157200 0.135200 0.120300 0.125300 0.114700 0.050000 0.000000 0.125000 0.109700 0.124800 0.120100 0.125000 0.130200 0.054300 0.125000 0.135500 0.130000 0.119600 0.124600 0.124700 0.135400 0.114600 0.054400 0.045300 0.119900 0.054400 0.031300 0.114700 0.114900 0.125000 0.120100 0.124400 0.115100 0.115000 0.119700
Ibex 0.009000 0.224300 0.070300 0.152200 0.050600 0.009000 0.045600 0.036500 0.060500 0.119500 0.013500 0.055400 0.055300 0.045800 0.031900 0.041000 0.090000 0.110600 0.027200 0.075100 0.045900 0.009000 0.114600 0.125000 0.000000 0.031900 0.045800 0.065300 0.036500 0.065300 0.109200 0.055100 0.100100 0.041200 0.040600 0.060500 0.009000 0.045900 0.027200 0.124200 0.119600 0.041200 0.099200 0.119500 0.060300 0.036600 0.036500 0.041200 0.036400 0.060800 0.070200 0.065100
GyrantGaze 0.031700 0.195800 0.050700 0.136500 0.027200 0.031800 0.031700 0.022700 0.046200 0.114400 0.036300 0.031900 0.041100 0.031100 0.018100 0.027100 0.065500 0.095400 0.031800 0.051000 0.031900 0.031800 0.099500 0.109700 0.031900 0.000000 0.031800 0.041500 0.022600 0.041400 0.104300 0.041100 0.075300 0.036500 0.018100 0.036800 0.031700 0.031800 0.022600 0.109000 0.104400 0.009000 0.094300 0.104300 0.036700 0.022600 0.022600 0.027300 0.022500 0.036900 0.046200 0.041300
Hartebeest 0.045800 0.223800 0.065200 0.163000 0.050600 0.045800 0.045800 0.036600 0.060400 0.129500 0.050400 0.055300 0.009000 0.045800 0.031800 0.040900 0.080000 0.110400 0.045800 0.065300 0.045900 0.045600 0.114400 0.124800 0.045800 0.031800 0.000000 0.055600 0.036400 0.055600 0.119200 0.045900 0.090000 0.004500 0.041100 0.060400 0.045700 0.045900 0.036400 0.113900 0.119400 0.041100 0.109100 0.119200 0.050700 0.041200 0.036500 0.041100 0.036300 0.060700 0.060500 0.055400
Bongo 0.065200 0.201700 0.009100 0.142200 0.060600 0.065300 0.055100 0.055800 0.004300 0.114600 0.070000 0.027400 0.065200 0.065300 0.041500 0.060200 0.070600 0.100700 0.065200 0.009000 0.065400 0.065300 0.099600 0.120100 0.065300 0.041500 0.055600 0.000000 0.055600 0.018200 0.104400 0.064800 0.090400 0.060400 0.040500 0.032200 0.065100 0.065400 0.055700 0.109100 0.104600 0.051000 0.094400 0.104400 0.022800 0.055800 0.055700 0.060600 0.055400 0.051300 0.004500 0.009100
Gerenuk 0.036400 0.206100 0.065000 0.152200 0.041200 0.036500 0.036500 0.027300 0.060400 0.129800 0.041100 0.045900 0.045800 0.036500 0.022600 0.031700 0.080000 0.110400 0.036400 0.065300 0.036500 0.036500 0.114600 0.125000 0.036500 0.022600 0.036400 0.055600 0.000000 0.055600 0.119400 0.045900 0.090000 0.041100 0.031800 0.050900 0.036400 0.036500 0.027100 0.124200 0.119600 0.031800 0.109300 0.119500 0.050700 0.036500 0.027100 0.031900 0.027100 0.051100 0.060500 0.055500
CommonElan 0.065200 0.212900 0.022900 0.152400 0.060500 0.065200 0.055200 0.055800 0.022900 0.124700 0.069900 0.036500 0.065200 0.065200 0.050900 0.060100 0.080200 0.110600 0.065200 0.027500 0.065400 0.065200 0.109600 0.130200 0.065300 0.041400 0.055600 0.018200 0.055600 0.000000 0.114400 0.064900 0.100200 0.060400 0.040700 0.041600 0.065100 0.065300 0.055600 0.119100 0.114600 0.050900 0.104300 0.114400 0.032100 0.055700 0.055600 0.060500 0.055400 0.060900 0.022900 0.018100
MuntiacusR 0.119300 0.216100 0.114400 0.172600 0.114400 0.119400 0.109000 0.109400 0.099500 0.017700 0.114100 0.094000 0.129500 0.119300 0.104300 0.113800 0.119300 0.161700 0.129500 0.114500 0.129800 0.119400 0.013300 0.054300 0.109200 0.104300 0.119200 0.104400 0.119400 0.114400 0.000000 0.119200 0.140100 0.124300 0.114100 0.108900 0.119200 0.119400 0.119300 0.035800 0.017800 0.104200 0.008800 0.040400 0.099200 0.119600 0.119400 0.124700 0.118900 0.109600 0.109500 0.104100
HarveysDui 0.045700 0.223300 0.070200 0.157200 0.050500 0.045900 0.027200 0.036300 0.069700 0.129500 0.050300 0.064600 0.045800 0.036400 0.040700 0.050400 0.079600 0.110100 0.055300 0.064900 0.046000 0.055300 0.114300 0.125000 0.055100 0.041100 0.045900 0.064800 0.045900 0.064900 0.119200 0.000000 0.089700 0.050600 0.041200 0.069700 0.055000 0.045800 0.045900 0.134200 0.119400 0.041200 0.109000 0.119200 0.059800 0.055300 0.045900 0.050700 0.045600 0.070100 0.069800 0.064700
Pronghorn 0.089900 0.184800 0.095600 0.121200 0.080300 0.090000 0.089500 0.070500 0.095500 0.140200 0.094800 0.079900 0.089900 0.080100 0.075400 0.094600 0.056100 0.075800 0.100000 0.100600 0.095300 0.090000 0.135200 0.135500 0.100100 0.075300 0.090000 0.090400 0.090000 0.100200 0.140100 0.089700 0.000000 0.095000 0.084500 0.085400 0.099800 0.085100 0.090100 0.155400 0.129900 0.075300 0.129700 0.150700 0.085100 0.085300 0.090100 0.085300 0.079800 0.075600 0.085500 0.090100
BlueWildeb 0.041100 0.229600 0.070000 0.168500 0.055300 0.041100 0.050500 0.041200 0.065300 0.134700 0.045700 0.060100 0.013500 0.050500 0.036500 0.045600 0.085000 0.105400 0.041100 0.070100 0.050600 0.041100 0.119600 0.130000 0.041200 0.036500 0.004500 0.060400 0.041100 0.060400 0.124300 0.050600 0.095000 0.000000 0.045800 0.065300 0.041100 0.050600 0.031800 0.118900 0.124500 0.045800 0.114200 0.124300 0.055500 0.036500 0.041100 0.045900 0.041000 0.065600 0.065300 0.060200
Gemsbok 0.041100 0.183900 0.046200 0.135600 0.036500 0.041100 0.031800 0.031300 0.045300 0.124400 0.045700 0.040500 0.050500 0.041100 0.026200 0.036300 0.074500 0.104800 0.041100 0.050100 0.041200 0.041100 0.109200 0.119600 0.040600 0.018100 0.041100 0.040500 0.031800 0.040700 0.114100 0.041200 0.084500 0.045800 0.000000 0.045400 0.041000 0.041200 0.031800 0.118800 0.114200 0.027200 0.104000 0.114100 0.045200 0.031900 0.031800 0.036500 0.031700 0.045500 0.045300 0.040600
Yak 0.060400 0.202100 0.037000 0.147400 0.055800 0.060500 0.050300 0.051100 0.036900 0.119100 0.065200 0.022800 0.070100 0.060500 0.036800 0.055400 0.075400 0.105700 0.060400 0.041700 0.060600 0.060400 0.103900 0.124600 0.060500 0.036800 0.060400 0.032200 0.050900 0.041600 0.108900 0.069700 0.085400 0.065300 0.045400 0.000000 0.060300 0.060600 0.050900 0.113600 0.109100 0.046200 0.098800 0.108900 0.009000 0.051000 0.050900 0.055800 0.050700 0.046500 0.037000 0.032100
BlueSheep 0.008600 0.223600 0.074700 0.162500 0.050300 0.009000 0.045600 0.036500 0.060400 0.129500 0.012900 0.055200 0.055100 0.045600 0.031800 0.040900 0.089700 0.110200 0.027100 0.074800 0.045800 0.009000 0.114400 0.124700 0.009000 0.031700 0.045700 0.065100 0.036400 0.065100 0.119200 0.055000 0.099800 0.041100 0.041000 0.060300 0.000000 0.045600 0.027200 0.124000 0.119400 0.041000 0.109100 0.119200 0.060200 0.036400 0.036400 0.041100 0.036200 0.060600 0.070000 0.064900
BohorReedb 0.045700 0.212700 0.075000 0.152400 0.004300 0.045900 0.036400 0.027300 0.070200 0.129700 0.041000 0.055400 0.055300 0.027200 0.031900 0.041000 0.075200 0.110500 0.036500 0.075100 0.046000 0.045900 0.114600 0.135400 0.045900 0.031800 0.045900 0.065400 0.036500 0.065300 0.119400 0.045800 0.085100 0.050600 0.041200 0.060600 0.045600 0.000000 0.036500 0.134400 0.119600 0.031900 0.109300 0.129700 0.060400 0.045800 0.036500 0.041300 0.036300 0.060800 0.070300 0.065100
KirksDik 0.027200 0.212400 0.065000 0.141600 0.041200 0.027200 0.036500 0.027300 0.060500 0.129600 0.031800 0.045900 0.045800 0.036500 0.022600 0.031700 0.080100 0.100400 0.027200 0.065300 0.036500 0.027200 0.114500 0.114600 0.027200 0.022600 0.036400 0.055700 0.027100 0.055600 0.119300 0.045900 0.090100 0.031800 0.031800 0.050900 0.027200 0.036500 0.000000 0.124000 0.119500 0.031800 0.109200 0.109100 0.050700 0.027300 0.027100 0.031900 0.027100 0.051100 0.060500 0.055500
RoeDeer 0.124000 0.232800 0.119000 0.199600 0.129400 0.124100 0.123800 0.124300 0.104100 0.045000 0.119000 0.098600 0.124000 0.134300 0.099100 0.128500 0.134300 0.166600 0.134300 0.119200 0.134500 0.124100 0.031400 0.054400 0.124200 0.109000 0.113900 0.109100 0.124200 0.119100 0.035800 0.134200 0.155400 0.118900 0.118800 0.113600 0.124000 0.134400 0.124000 0.000000 0.035900 0.119000 0.035800 0.040400 0.103900 0.124400 0.124100 0.119400 0.123600 0.114300 0.114200 0.108800
WhiteLippe 0.119500 0.194000 0.114600 0.173000 0.114600 0.119600 0.109100 0.099400 0.099600 0.017800 0.114300 0.094100 0.129700 0.109300 0.104400 0.124000 0.109400 0.151400 0.129700 0.114700 0.130000 0.109400 0.004400 0.045300 0.119600 0.104400 0.119400 0.104600 0.119600 0.114600 0.017800 0.119400 0.129900 0.124500 0.114200 0.109100 0.119400 0.119600 0.119500 0.035900 0.000000 0.104300 0.017800 0.040500 0.099300 0.119800 0.119500 0.114700 0.119100 0.109800 0.099600 0.104200
ThomsonGaz 0.041100 0.195600 0.060300 0.136500 0.027300 0.041100 0.031800 0.022700 0.055700 0.114300 0.036400 0.041200 0.050500 0.031800 0.027200 0.036300 0.065500 0.105500 0.041100 0.060600 0.041200 0.041100 0.099400 0.119900 0.041200 0.009000 0.041100 0.051000 0.031800 0.050900 0.104200 0.041200 0.075300 0.045800 0.027200 0.046200 0.041000 0.031900 0.031800 0.119000 0.104300 0.000000 0.094200 0.114300 0.046100 0.031900 0.031800 0.036600 0.031700 0.046400 0.055800 0.050800
MuntiacusC 0.109200 0.204800 0.104200 0.161800 0.104300 0.109300 0.099000 0.099300 0.089500 0.017200 0.104100 0.084100 0.119200 0.109200 0.094300 0.113700 0.109200 0.151100 0.119300 0.104400 0.119600 0.109300 0.013300 0.054400 0.099200 0.094300 0.109100 0.094400 0.109300 0.104300 0.008800 0.109000 0.129700 0.114200 0.104000 0.098800 0.109100 0.109300 0.109200 0.035800 0.017800 0.094200 0.000000 0.040400 0.089300 0.109500 0.109200 0.114500 0.108800 0.099500 0.099500 0.094100
WhiteTaile 0.119300 0.227700 0.114400 0.183700 0.124700 0.119400 0.119200 0.109400 0.099500 0.049600 0.124300 0.094000 0.129500 0.129600 0.104300 0.113700 0.129700 0.161800 0.129600 0.114500 0.129800 0.119400 0.036000 0.031300 0.119500 0.104300 0.119200 0.104400 0.119500 0.114400 0.040400 0.119200 0.150700 0.124300 0.114100 0.108900 0.119200 0.129700 0.109100 0.040400 0.040500 0.114300 0.040400 0.000000 0.099200 0.109400 0.119400 0.124800 0.118900 0.109600 0.109500 0.104100
Cattle 0.060200 0.201400 0.027500 0.147000 0.055600 0.060300 0.050200 0.050900 0.027500 0.109300 0.065000 0.022700 0.060200 0.060300 0.036700 0.055200 0.065400 0.095300 0.060200 0.032100 0.060400 0.060300 0.094400 0.114700 0.060300 0.036700 0.050700 0.022800 0.050700 0.032100 0.099200 0.059800 0.085100 0.055500 0.045200 0.009000 0.060200 0.060400 0.050700 0.103900 0.099300 0.046100 0.089300 0.099200 0.000000 0.050900 0.050800 0.055600 0.050600 0.046400 0.027500 0.022800
RoyalAntel 0.036400 0.213100 0.065300 0.152600 0.041200 0.036500 0.045700 0.027300 0.060600 0.130000 0.041000 0.036600 0.050600 0.045700 0.031900 0.022600 0.080300 0.100600 0.036500 0.065500 0.046000 0.036500 0.114800 0.114900 0.036600 0.022600 0.041200 0.055800 0.036500 0.055700 0.119600 0.055300 0.085300 0.036500 0.031900 0.051000 0.036400 0.045800 0.027300 0.124400 0.119800 0.031900 0.109500 0.109400 0.050900 0.000000 0.036500 0.041300 0.036300 0.051300 0.060600 0.055600
Steenbok 0.036500 0.212600 0.065100 0.152300 0.041200 0.036500 0.036500 0.027300 0.060500 0.129700 0.041100 0.045900 0.045800 0.036500 0.022700 0.031700 0.080100 0.110400 0.036500 0.065300 0.036600 0.036500 0.114500 0.125000 0.036500 0.022600 0.036500 0.055700 0.027100 0.055600 0.119400 0.045900 0.090100 0.041100 0.031800 0.050900 0.036400 0.036500 0.027100 0.124100 0.119500 0.031800 0.109200 0.119400 0.050800 0.036500 0.000000 0.031900 0.027100 0.051200 0.060500 0.055500
Impala 0.041200 0.207200 0.065400 0.147200 0.046000 0.041200 0.041200 0.022700 0.065400 0.124800 0.036500 0.050700 0.050400 0.031900 0.018100 0.036400 0.075300 0.105600 0.041200 0.070300 0.041300 0.031300 0.119900 0.120100 0.041200 0.027300 0.041100 0.060600 0.031900 0.060500 0.124700 0.050700 0.085300 0.045900 0.036500 0.055800 0.041100 0.041300 0.031900 0.119400 0.114700 0.036600 0.114500 0.124800 0.055600 0.041300 0.031900 0.000000 0.031800 0.056100 0.055800 0.060400
Klipspring 0.036200 0.200400 0.064900 0.141000 0.040900 0.036300 0.036200 0.027200 0.060200 0.129200 0.040800 0.045700 0.045600 0.036200 0.022600 0.031600 0.070000 0.089900 0.036300 0.065000 0.031800 0.036300 0.114100 0.124400 0.036400 0.022500 0.036300 0.055400 0.027100 0.055400 0.118900 0.045600 0.079800 0.041000 0.031700 0.050700 0.036200 0.036300 0.027100 0.123600 0.119100 0.031700 0.108800 0.118900 0.050600 0.036300 0.027100 0.031800 0.000000 0.050900 0.060300 0.055300
ForestMusk 0.060700 0.185500 0.056300 0.121400 0.056100 0.060700 0.060200 0.051300 0.056200 0.119800 0.065500 0.041500 0.070400 0.060800 0.037000 0.055700 0.065800 0.095800 0.060700 0.061000 0.060900 0.060700 0.104800 0.115100 0.060800 0.036900 0.060700 0.051300 0.051100 0.060900 0.109600 0.070100 0.075600 0.065600 0.045500 0.046500 0.060600 0.060800 0.051100 0.114300 0.109800 0.046400 0.099500 0.109600 0.046400 0.051300 0.051200 0.056100 0.050900 0.000000 0.056200 0.051200
Bushbuck 0.070100 0.196200 0.013600 0.137000 0.065500 0.070200 0.060000 0.051100 0.009000 0.109500 0.074900 0.032100 0.070100 0.060500 0.046300 0.065000 0.065700 0.095700 0.070100 0.013600 0.070400 0.060500 0.104700 0.115000 0.070200 0.046200 0.060500 0.004500 0.060500 0.022900 0.109500 0.069800 0.085500 0.065300 0.045300 0.037000 0.070000 0.070300 0.060500 0.114200 0.099600 0.055800 0.099500 0.109500 0.027500 0.060600 0.060500 0.055800 0.060300 0.056200 0.000000 0.013600
GreaterKud 0.065000 0.201100 0.013700 0.141600 0.060400 0.065000 0.055100 0.055600 0.013600 0.114200 0.069700 0.027200 0.065000 0.065100 0.041400 0.060000 0.070300 0.100300 0.065000 0.018200 0.065200 0.065000 0.099300 0.119700 0.065100 0.041300 0.055400 0.009100 0.055500 0.018100 0.104100 0.064700 0.090100 0.060200 0.040600 0.032100 0.064900 0.065100 0.055500 0.108800 0.104200 0.050800 0.094100 0.104100 0.022800 0.055600 0.055500 0.060400 0.055300 0.051200 0.013600 0.000000
