CODONML (in paml version 4.10.7, June 2023)  /home/rachel/ruminants_paml/6406-phy-tree/ENSBTAT00000015445.fasta.phy
Model: free dN/dS Ratios for branches,  kappa = 2.000 fixed

Codon frequency model: F3x4
ns =  54  ls =  42

Codon usage in sequences
--------------------------------------------------------------------------------------------------------------------------------------
Phe TTT   0   0   0   0   0   0 | Ser TCT   1   1   1   1   1   1 | Tyr TAT   0   0   0   0   0   0 | Cys TGT   0   0   0   0   0   0
    TTC   0   0   0   0   0   0 |     TCC   0   0   0   0   0   0 |     TAC   0   0   0   0   0   0 |     TGC   0   0   0   0   0   0
Leu TTA   1   1   1   1   0   1 |     TCA   0   0   0   0   0   0 | *** TAA   0   0   0   0   0   0 | *** TGA   0   0   0   0   0   0
    TTG   0   0   0   0   1   0 |     TCG   0   0   0   0   0   0 |     TAG   0   0   0   0   0   0 | Trp TGG   1   1   1   1   1   1
--------------------------------------------------------------------------------------------------------------------------------------
Leu CTT   1   1   1   1   0   1 | Pro CCT   1   1   1   1   0   1 | His CAT   0   1   0   0   0   0 | Arg CGT   1   1   1   1   1   1
    CTC   1   1   1   1   1   1 |     CCC   1   0   0   0   0   0 |     CAC   0   0   0   0   0   0 |     CGC   0   0   0   0   0   0
    CTA   0   0   0   0   0   0 |     CCA   0   1   1   1   0   1 | Gln CAA   1   0   0   1   1   1 |     CGA   0   0   0   0   0   0
    CTG   1   1   1   1   2   1 |     CCG   0   0   0   0   2   0 |     CAG   0   0   1   0   0   0 |     CGG   0   0   0   0   0   0
--------------------------------------------------------------------------------------------------------------------------------------
Ile ATT   2   2   2   2   1   2 | Thr ACT   0   0   0   0   0   0 | Asn AAT   0   0   0   0   0   0 | Ser AGT   0   0   0   0   0   0
    ATC   3   3   3   3   5   3 |     ACC   0   0   0   0   0   0 |     AAC   2   2   2   2   2   2 |     AGC   0   0   0   0   0   0
    ATA   1   1   1   1   0   1 |     ACA   0   2   1   1   0   1 | Lys AAA   2   2   2   2   2   2 | Arg AGA   2   2   2   2   1   1
Met ATG   0   0   0   0   0   0 |     ACG   2   0   1   1   2   1 |     AAG   3   3   3   3   3   3 |     AGG   0   0   0   0   1   1
--------------------------------------------------------------------------------------------------------------------------------------
Val GTT   1   1   1   1   1   1 | Ala GCT   1   1   1   1   0   1 | Asp GAT   1   1   1   1   0   1 | Gly GGT   0   0   0   0   0   0
    GTC   0   0   0   0   1   0 |     GCC   2   2   2   2   2   2 |     GAC   0   0   0   0   1   0 |     GGC   2   2   2   2   2   2
    GTA   1   1   1   1   0   0 |     GCA   0   0   0   0   0   0 | Glu GAA   4   5   5   4   4   4 |     GGA   1   1   1   1   1   1
    GTG   0   0   0   0   0   1 |     GCG   0   0   0   0   1   0 |     GAG   2   1   1   2   2   2 |     GGG   0   0   0   0   0   0
--------------------------------------------------------------------------------------------------------------------------------------

--------------------------------------------------------------------------------------------------------------------------------------
Phe TTT   0   0   0   0   0   0 | Ser TCT   1   1   1   1   1   1 | Tyr TAT   0   0   0   0   0   0 | Cys TGT   0   0   0   0   0   0
    TTC   0   0   0   0   0   0 |     TCC   0   0   0   0   0   0 |     TAC   0   0   0   0   0   0 |     TGC   0   0   0   0   0   0
Leu TTA   1   1   1   1   1   1 |     TCA   0   0   0   0   0   0 | *** TAA   0   0   0   0   0   0 | *** TGA   0   0   0   0   0   0
    TTG   0   0   0   0   0   0 |     TCG   0   0   0   0   0   0 |     TAG   0   0   0   0   0   0 | Trp TGG   1   1   1   1   1   1
--------------------------------------------------------------------------------------------------------------------------------------
Leu CTT   1   1   1   0   1   0 | Pro CCT   1   1   1   1   1   1 | His CAT   0   0   0   0   0   0 | Arg CGT   1   1   1   1   1   1
    CTC   1   1   1   1   1   2 |     CCC   0   1   0   0   0   0 |     CAC   0   0   0   0   0   0 |     CGC   0   0   0   0   0   0
    CTA   0   0   0   0   0   0 |     CCA   1   0   1   1   1   1 | Gln CAA   1   1   1   1   0   0 |     CGA   0   0   0   0   0   0
    CTG   1   1   1   2   1   1 |     CCG   0   0   0   0   0   0 |     CAG   0   0   0   0   1   1 |     CGG   0   0   0   0   0   0
--------------------------------------------------------------------------------------------------------------------------------------
Ile ATT   2   2   2   2   2   2 | Thr ACT   0   0   0   0   0   0 | Asn AAT   0   0   0   0   0   0 | Ser AGT   0   0   0   0   0   0
    ATC   3   3   3   3   3   3 |     ACC   0   0   0   0   0   0 |     AAC   2   2   2   2   2   2 |     AGC   0   0   0   0   0   0
    ATA   1   1   1   1   1   1 |     ACA   1   0   1   1   1   1 | Lys AAA   3   2   3   2   2   2 | Arg AGA   2   2   2   2   2   2
Met ATG   0   0   0   0   0   0 |     ACG   1   2   1   1   1   1 |     AAG   2   3   2   3   3   3 |     AGG   0   0   0   0   0   0
--------------------------------------------------------------------------------------------------------------------------------------
Val GTT   1   1   1   1   1   1 | Ala GCT   1   1   1   1   1   1 | Asp GAT   1   1   1   1   1   1 | Gly GGT   0   0   0   0   0   0
    GTC   0   0   0   0   0   0 |     GCC   2   2   2   2   2   2 |     GAC   0   0   0   0   0   0 |     GGC   2   2   2   2   2   2
    GTA   1   1   1   1   1   1 |     GCA   0   0   0   0   0   0 | Glu GAA   5   5   5   5   5   4 |     GGA   1   1   1   1   1   1
    GTG   0   0   0   0   0   0 |     GCG   0   0   0   0   0   0 |     GAG   1   1   1   1   1   2 |     GGG   0   0   0   0   0   0
--------------------------------------------------------------------------------------------------------------------------------------

--------------------------------------------------------------------------------------------------------------------------------------
Phe TTT   0   0   0   0   0   0 | Ser TCT   1   1   1   1   1   1 | Tyr TAT   0   0   0   0   0   0 | Cys TGT   0   0   0   0   0   0
    TTC   0   0   0   0   0   0 |     TCC   0   0   0   0   0   0 |     TAC   0   0   0   0   0   0 |     TGC   0   0   0   0   0   0
Leu TTA   1   1   1   1   1   1 |     TCA   0   0   0   0   0   0 | *** TAA   0   0   0   0   0   0 | *** TGA   0   0   0   0   0   0
    TTG   0   0   0   0   0   0 |     TCG   0   0   0   0   0   0 |     TAG   0   0   0   0   0   0 | Trp TGG   1   1   1   1   1   1
--------------------------------------------------------------------------------------------------------------------------------------
Leu CTT   1   1   1   1   1   1 | Pro CCT   1   1   1   1   1   1 | His CAT   0   0   0   0   0   0 | Arg CGT   1   1   1   1   1   1
    CTC   1   1   1   1   1   1 |     CCC   1   0   0   0   0   0 |     CAC   0   0   0   0   0   0 |     CGC   0   0   0   0   0   0
    CTA   0   0   0   0   0   0 |     CCA   0   1   1   1   1   1 | Gln CAA   1   1   1   1   1   1 |     CGA   0   0   0   0   0   0
    CTG   1   1   1   1   1   1 |     CCG   0   0   0   0   0   0 |     CAG   0   0   0   0   0   0 |     CGG   0   0   0   0   0   0
--------------------------------------------------------------------------------------------------------------------------------------
Ile ATT   2   2   2   2   2   2 | Thr ACT   0   0   0   0   0   0 | Asn AAT   0   0   0   0   0   0 | Ser AGT   0   0   0   0   0   0
    ATC   3   3   3   3   3   3 |     ACC   0   0   0   0   0   0 |     AAC   2   2   2   2   2   2 |     AGC   0   0   0   0   0   0
    ATA   1   1   1   1   1   1 |     ACA   1   2   1   1   1   1 | Lys AAA   2   2   2   3   2   2 | Arg AGA   2   2   2   2   2   2
Met ATG   0   0   0   0   0   0 |     ACG   1   0   1   1   1   1 |     AAG   3   3   3   2   3   3 |     AGG   0   0   0   0   0   0
--------------------------------------------------------------------------------------------------------------------------------------
Val GTT   1   1   1   1   1   1 | Ala GCT   1   1   1   1   1   1 | Asp GAT   1   1   1   1   1   1 | Gly GGT   0   0   0   0   0   0
    GTC   0   0   0   0   0   0 |     GCC   2   2   2   2   2   2 |     GAC   0   0   0   0   0   0 |     GGC   2   2   2   2   2   2
    GTA   1   1   1   1   1   1 |     GCA   0   0   0   0   0   0 | Glu GAA   4   5   5   5   5   5 |     GGA   1   1   1   1   1   1
    GTG   0   0   0   0   0   0 |     GCG   0   0   0   0   0   0 |     GAG   2   1   1   1   1   1 |     GGG   0   0   0   0   0   0
--------------------------------------------------------------------------------------------------------------------------------------

--------------------------------------------------------------------------------------------------------------------------------------
Phe TTT   0   0   0   0   0   0 | Ser TCT   1   1   1   1   1   1 | Tyr TAT   0   0   0   0   0   0 | Cys TGT   0   0   0   0   0   0
    TTC   0   0   0   0   0   0 |     TCC   0   0   0   0   0   0 |     TAC   0   0   0   0   0   0 |     TGC   0   0   0   0   0   0
Leu TTA   1   1   1   1   1   1 |     TCA   0   0   0   0   0   0 | *** TAA   0   0   0   0   0   0 | *** TGA   0   0   0   0   0   0
    TTG   0   0   0   0   0   0 |     TCG   0   0   0   0   0   0 |     TAG   0   0   0   0   0   0 | Trp TGG   1   1   1   1   1   1
--------------------------------------------------------------------------------------------------------------------------------------
Leu CTT   1   1   1   1   1   1 | Pro CCT   1   1   1   1   1   1 | His CAT   0   0   0   0   0   0 | Arg CGT   1   1   1   1   1   1
    CTC   1   1   1   1   1   1 |     CCC   0   0   1   0   0   1 |     CAC   0   0   0   0   0   0 |     CGC   0   0   0   0   0   0
    CTA   1   0   0   0   0   0 |     CCA   1   1   0   1   1   0 | Gln CAA   1   1   1   0   1   1 |     CGA   0   0   0   0   0   0
    CTG   0   1   1   1   1   1 |     CCG   0   0   0   0   0   0 |     CAG   0   0   0   1   0   0 |     CGG   0   0   0   0   0   0
--------------------------------------------------------------------------------------------------------------------------------------
Ile ATT   2   2   2   2   2   2 | Thr ACT   0   0   0   0   0   0 | Asn AAT   0   0   0   0   0   0 | Ser AGT   0   0   0   0   0   0
    ATC   3   3   3   3   3   3 |     ACC   0   0   0   0   0   0 |     AAC   2   2   2   2   2   2 |     AGC   0   0   0   0   0   0
    ATA   1   1   1   1   1   1 |     ACA   2   2   1   1   1   1 | Lys AAA   2   2   2   2   2   2 | Arg AGA   2   2   2   2   2   2
Met ATG   0   0   0   0   0   0 |     ACG   0   0   1   1   1   1 |     AAG   3   3   3   3   3   3 |     AGG   0   0   0   0   0   0
--------------------------------------------------------------------------------------------------------------------------------------
Val GTT   1   1   1   1   1   1 | Ala GCT   1   1   1   1   1   1 | Asp GAT   1   1   1   1   1   1 | Gly GGT   0   0   0   1   0   0
    GTC   0   0   0   0   0   0 |     GCC   2   2   2   2   2   2 |     GAC   0   0   0   0   0   0 |     GGC   2   2   2   1   2   2
    GTA   1   1   1   1   1   1 |     GCA   0   0   0   0   0   0 | Glu GAA   5   5   4   5   4   4 |     GGA   1   1   1   1   1   1
    GTG   0   0   0   0   0   0 |     GCG   0   0   0   0   0   0 |     GAG   1   1   2   1   2   2 |     GGG   0   0   0   0   0   0
--------------------------------------------------------------------------------------------------------------------------------------

--------------------------------------------------------------------------------------------------------------------------------------
Phe TTT   0   0   0   0   0   0 | Ser TCT   1   1   1   1   1   1 | Tyr TAT   0   0   0   0   0   0 | Cys TGT   0   0   0   0   0   0
    TTC   0   0   0   0   0   0 |     TCC   0   0   0   0   0   0 |     TAC   0   0   0   0   0   0 |     TGC   0   0   0   0   0   0
Leu TTA   1   1   1   1   1   1 |     TCA   0   0   0   0   0   0 | *** TAA   0   0   0   0   0   0 | *** TGA   0   0   0   0   0   0
    TTG   0   0   0   0   0   0 |     TCG   0   0   0   0   0   0 |     TAG   0   0   0   0   0   0 | Trp TGG   1   1   1   1   1   1
--------------------------------------------------------------------------------------------------------------------------------------
Leu CTT   0   1   1   1   1   1 | Pro CCT   1   1   1   1   1   1 | His CAT   0   0   0   0   0   0 | Arg CGT   1   1   1   1   1   1
    CTC   2   1   1   1   1   1 |     CCC   0   0   1   0   0   0 |     CAC   0   0   0   0   0   0 |     CGC   0   0   0   0   0   0
    CTA   0   0   0   0   0   0 |     CCA   1   1   0   1   1   1 | Gln CAA   0   0   1   1   1   0 |     CGA   0   0   0   0   0   0
    CTG   1   1   1   1   1   1 |     CCG   0   0   0   0   0   0 |     CAG   1   1   0   0   0   1 |     CGG   0   0   0   0   0   0
--------------------------------------------------------------------------------------------------------------------------------------
Ile ATT   2   2   2   2   2   2 | Thr ACT   0   0   0   0   0   0 | Asn AAT   0   0   0   0   0   0 | Ser AGT   0   0   0   0   0   0
    ATC   3   3   3   3   3   3 |     ACC   0   0   0   0   0   0 |     AAC   2   2   2   2   2   2 |     AGC   0   0   0   0   0   0
    ATA   1   1   1   1   1   1 |     ACA   1   1   1   1   1   1 | Lys AAA   2   2   2   2   2   2 | Arg AGA   2   2   2   2   2   2
Met ATG   0   0   0   0   0   0 |     ACG   1   1   1   1   1   1 |     AAG   3   3   3   3   3   3 |     AGG   0   0   0   0   0   0
--------------------------------------------------------------------------------------------------------------------------------------
Val GTT   1   1   1   1   1   1 | Ala GCT   1   1   1   1   1   1 | Asp GAT   1   1   1   1   1   1 | Gly GGT   0   0   0   0   0   0
    GTC   0   0   0   0   0   0 |     GCC   2   2   2   2   2   2 |     GAC   0   0   0   0   0   0 |     GGC   2   2   2   2   2   2
    GTA   1   1   1   1   1   1 |     GCA   0   0   0   0   0   0 | Glu GAA   4   4   4   5   5   5 |     GGA   1   1   1   1   1   1
    GTG   0   0   0   0   0   0 |     GCG   0   0   0   0   0   0 |     GAG   2   2   2   1   1   1 |     GGG   0   0   0   0   0   0
--------------------------------------------------------------------------------------------------------------------------------------

--------------------------------------------------------------------------------------------------------------------------------------
Phe TTT   0   0   0   0   0   0 | Ser TCT   1   1   1   1   1   1 | Tyr TAT   0   0   0   0   0   0 | Cys TGT   0   0   0   0   0   0
    TTC   0   0   0   0   0   0 |     TCC   0   0   0   0   0   0 |     TAC   0   0   0   0   0   0 |     TGC   0   0   0   0   0   0
Leu TTA   1   1   1   1   1   1 |     TCA   0   0   0   0   0   0 | *** TAA   0   0   0   0   0   0 | *** TGA   0   0   0   0   0   0
    TTG   0   0   0   0   0   0 |     TCG   0   0   0   0   0   0 |     TAG   0   0   0   0   0   0 | Trp TGG   1   1   1   1   1   1
--------------------------------------------------------------------------------------------------------------------------------------
Leu CTT   1   1   0   1   1   1 | Pro CCT   1   1   1   1   1   1 | His CAT   0   0   0   0   0   0 | Arg CGT   1   1   1   1   1   1
    CTC   1   1   2   1   1   1 |     CCC   0   0   0   0   0   0 |     CAC   0   0   0   0   0   0 |     CGC   0   0   0   0   0   0
    CTA   0   0   0   0   0   0 |     CCA   1   1   1   1   1   1 | Gln CAA   1   0   0   1   1   1 |     CGA   0   0   0   0   0   0
    CTG   1   1   1   1   1   1 |     CCG   0   0   0   0   0   0 |     CAG   0   1   1   0   0   0 |     CGG   0   0   0   0   0   0
--------------------------------------------------------------------------------------------------------------------------------------
Ile ATT   2   2   2   2   2   2 | Thr ACT   0   0   0   0   0   0 | Asn AAT   0   0   0   0   0   0 | Ser AGT   0   0   0   0   0   0
    ATC   3   3   3   3   3   3 |     ACC   0   0   0   0   0   0 |     AAC   2   2   2   2   2   2 |     AGC   0   0   0   0   0   0
    ATA   1   1   1   1   1   1 |     ACA   1   1   1   1   2   1 | Lys AAA   2   2   2   2   2   2 | Arg AGA   2   2   2   2   2   2
Met ATG   0   0   0   0   0   0 |     ACG   1   1   1   1   0   1 |     AAG   3   3   3   3   3   3 |     AGG   0   0   0   0   0   0
--------------------------------------------------------------------------------------------------------------------------------------
Val GTT   1   1   1   1   1   1 | Ala GCT   1   1   1   1   1   1 | Asp GAT   1   1   1   1   1   1 | Gly GGT   0   1   0   0   0   0
    GTC   0   0   0   0   0   0 |     GCC   2   2   2   2   2   2 |     GAC   0   0   0   0   0   0 |     GGC   2   1   2   2   2   2
    GTA   1   1   1   1   1   1 |     GCA   0   0   0   0   0   0 | Glu GAA   5   5   4   5   5   5 |     GGA   1   1   1   1   1   1
    GTG   0   0   0   0   0   0 |     GCG   0   0   0   0   0   0 |     GAG   1   1   2   1   1   1 |     GGG   0   0   0   0   0   0
--------------------------------------------------------------------------------------------------------------------------------------

--------------------------------------------------------------------------------------------------------------------------------------
Phe TTT   0   0   0   0   0   0 | Ser TCT   1   1   1   1   0   1 | Tyr TAT   0   0   0   0   0   0 | Cys TGT   0   0   0   0   0   0
    TTC   0   0   0   0   0   0 |     TCC   0   0   0   0   0   0 |     TAC   0   0   0   0   0   0 |     TGC   0   0   0   0   0   0
Leu TTA   1   1   1   1   1   1 |     TCA   0   0   0   0   0   0 | *** TAA   0   0   0   0   0   0 | *** TGA   0   0   0   0   0   0
    TTG   0   0   0   0   0   0 |     TCG   0   0   0   0   1   0 |     TAG   0   0   0   0   0   0 | Trp TGG   1   1   1   1   1   1
--------------------------------------------------------------------------------------------------------------------------------------
Leu CTT   1   1   1   1   1   1 | Pro CCT   1   1   1   1   1   1 | His CAT   0   0   0   0   0   0 | Arg CGT   1   1   1   1   1   1
    CTC   1   1   1   1   1   1 |     CCC   0   0   1   0   0   0 |     CAC   0   0   0   0   0   0 |     CGC   0   0   0   0   0   0
    CTA   0   0   0   0   0   0 |     CCA   1   1   0   1   1   1 | Gln CAA   1   0   1   1   0   0 |     CGA   0   0   0   0   0   0
    CTG   1   1   1   1   1   1 |     CCG   0   0   0   0   0   0 |     CAG   0   1   0   0   1   1 |     CGG   0   0   0   0   0   0
--------------------------------------------------------------------------------------------------------------------------------------
Ile ATT   2   2   2   2   2   2 | Thr ACT   0   0   0   0   0   0 | Asn AAT   0   0   0   0   0   0 | Ser AGT   0   0   0   0   0   0
    ATC   3   3   3   3   3   3 |     ACC   0   0   0   0   0   0 |     AAC   2   2   2   2   2   2 |     AGC   0   0   0   0   0   0
    ATA   1   1   1   1   1   1 |     ACA   2   1   2   1   1   1 | Lys AAA   2   2   2   3   2   2 | Arg AGA   2   2   2   2   2   2
Met ATG   0   0   0   0   0   0 |     ACG   0   1   0   1   1   1 |     AAG   3   3   3   2   3   3 |     AGG   0   0   0   0   0   0
--------------------------------------------------------------------------------------------------------------------------------------
Val GTT   1   1   1   1   1   1 | Ala GCT   1   1   1   1   1   1 | Asp GAT   1   1   1   1   1   1 | Gly GGT   0   0   0   0   0   0
    GTC   0   0   0   0   0   0 |     GCC   2   2   2   2   2   2 |     GAC   0   0   0   0   0   0 |     GGC   2   2   2   2   2   2
    GTA   1   1   1   1   1   1 |     GCA   0   0   0   0   0   0 | Glu GAA   5   5   4   5   5   4 |     GGA   1   1   1   1   1   1
    GTG   0   0   0   0   0   0 |     GCG   0   0   0   0   0   0 |     GAG   1   1   2   1   1   2 |     GGG   0   0   0   0   0   0
--------------------------------------------------------------------------------------------------------------------------------------

--------------------------------------------------------------------------------------------------------------------------------------
Phe TTT   0   0   0   0   0   0 | Ser TCT   1   1   1   1   1   1 | Tyr TAT   0   0   0   0   0   0 | Cys TGT   0   0   0   0   0   0
    TTC   0   0   0   0   0   0 |     TCC   0   0   0   0   0   0 |     TAC   0   0   0   0   0   0 |     TGC   0   0   0   0   0   0
Leu TTA   1   1   1   1   1   1 |     TCA   0   0   0   0   0   0 | *** TAA   0   0   0   0   0   0 | *** TGA   0   0   0   0   0   0
    TTG   0   0   0   0   0   0 |     TCG   0   0   0   0   0   0 |     TAG   0   0   0   0   0   0 | Trp TGG   1   1   1   1   1   1
--------------------------------------------------------------------------------------------------------------------------------------
Leu CTT   0   1   0   1   1   1 | Pro CCT   1   1   1   0   1   1 | His CAT   0   0   0   0   0   0 | Arg CGT   1   1   1   1   1   1
    CTC   2   1   2   1   1   1 |     CCC   0   0   0   0   0   0 |     CAC   0   0   0   0   0   0 |     CGC   0   0   0   0   0   0
    CTA   0   0   0   0   0   0 |     CCA   1   1   1   1   1   1 | Gln CAA   0   1   0   0   0   1 |     CGA   0   0   0   0   0   0
    CTG   1   1   1   1   1   1 |     CCG   0   0   0   1   0   0 |     CAG   1   0   1   1   1   0 |     CGG   0   0   0   0   0   0
--------------------------------------------------------------------------------------------------------------------------------------
Ile ATT   2   2   2   2   2   2 | Thr ACT   0   0   0   0   0   0 | Asn AAT   0   0   0   0   0   0 | Ser AGT   0   0   0   0   0   0
    ATC   3   3   3   3   3   3 |     ACC   0   0   0   0   0   0 |     AAC   2   2   2   2   2   2 |     AGC   0   0   0   0   0   0
    ATA   1   1   1   1   1   1 |     ACA   1   1   1   1   1   1 | Lys AAA   2   2   2   2   2   2 | Arg AGA   2   2   2   2   2   2
Met ATG   0   0   0   0   0   0 |     ACG   1   1   1   1   1   1 |     AAG   3   3   3   3   3   3 |     AGG   0   0   0   0   0   0
--------------------------------------------------------------------------------------------------------------------------------------
Val GTT   1   1   1   1   1   1 | Ala GCT   1   1   1   1   1   1 | Asp GAT   1   1   1   1   1   1 | Gly GGT   0   0   0   0   0   0
    GTC   0   0   0   0   0   0 |     GCC   2   2   2   2   2   2 |     GAC   0   0   0   0   0   0 |     GGC   2   2   2   2   2   2
    GTA   1   1   1   1   1   1 |     GCA   0   0   0   0   0   0 | Glu GAA   4   5   4   4   5   5 |     GGA   1   1   1   1   1   1
    GTG   0   0   0   0   0   0 |     GCG   0   0   0   0   0   0 |     GAG   2   1   2   2   1   1 |     GGG   0   0   0   0   0   0
--------------------------------------------------------------------------------------------------------------------------------------

--------------------------------------------------------------------------------------------------------------------------------------
Phe TTT   0   0   0   0   0   0 | Ser TCT   1   1   1   1   1   1 | Tyr TAT   0   0   0   0   0   0 | Cys TGT   0   0   0   0   0   0
    TTC   0   0   0   0   0   0 |     TCC   0   0   0   0   0   0 |     TAC   0   0   0   0   0   0 |     TGC   0   0   0   0   0   0
Leu TTA   1   1   1   1   1   1 |     TCA   0   0   0   0   0   0 | *** TAA   0   0   0   0   0   0 | *** TGA   0   0   0   0   0   0
    TTG   0   0   0   0   0   0 |     TCG   0   0   0   0   0   0 |     TAG   0   0   0   0   0   0 | Trp TGG   1   1   1   1   1   1
--------------------------------------------------------------------------------------------------------------------------------------
Leu CTT   1   1   1   1   1   1 | Pro CCT   1   1   1   1   1   1 | His CAT   0   0   0   0   0   0 | Arg CGT   1   1   1   1   1   1
    CTC   1   1   1   1   1   1 |     CCC   0   0   0   0   0   0 |     CAC   0   0   0   0   0   0 |     CGC   0   0   0   0   0   0
    CTA   0   0   0   0   0   0 |     CCA   1   1   1   1   1   1 | Gln CAA   1   1   1   1   0   0 |     CGA   0   0   0   0   0   0
    CTG   1   1   1   1   1   1 |     CCG   0   0   0   0   0   0 |     CAG   0   0   0   0   1   1 |     CGG   0   0   0   0   0   0
--------------------------------------------------------------------------------------------------------------------------------------
Ile ATT   1   2   2   2   2   2 | Thr ACT   0   0   0   0   0   0 | Asn AAT   0   0   0   0   0   0 | Ser AGT   0   0   0   0   0   0
    ATC   4   3   3   3   3   3 |     ACC   0   0   0   0   0   0 |     AAC   2   2   2   2   2   2 |     AGC   0   0   0   0   0   0
    ATA   1   1   1   1   1   1 |     ACA   1   1   1   1   1   1 | Lys AAA   2   2   2   2   2   2 | Arg AGA   2   2   2   2   2   2
Met ATG   0   0   0   0   0   0 |     ACG   1   1   1   1   1   1 |     AAG   3   3   3   3   3   3 |     AGG   0   0   0   0   0   0
--------------------------------------------------------------------------------------------------------------------------------------
Val GTT   1   1   1   1   1   1 | Ala GCT   1   1   1   1   1   1 | Asp GAT   1   1   1   1   1   1 | Gly GGT   0   0   0   0   1   1
    GTC   0   0   0   0   0   0 |     GCC   2   2   2   2   2   2 |     GAC   0   0   0   0   0   0 |     GGC   2   2   2   2   1   1
    GTA   1   1   1   1   1   1 |     GCA   0   0   0   0   0   0 | Glu GAA   5   5   5   4   5   5 |     GGA   1   1   1   1   1   1
    GTG   0   0   0   0   0   0 |     GCG   0   0   0   0   0   0 |     GAG   1   1   1   2   1   1 |     GGG   0   0   0   0   0   0
--------------------------------------------------------------------------------------------------------------------------------------

Codon position x base (3x4) table for each sequence.

#1: Argali         
position  1:    T:0.07143    C:0.16667    A:0.40476    G:0.35714
position  2:    T:0.28571    C:0.19048    A:0.35714    G:0.16667
position  3:    T:0.21429    C:0.26190    A:0.30952    G:0.21429
Average         T:0.19048    C:0.20635    A:0.35714    G:0.24603

#2: LesserMouseDeer
position  1:    T:0.07143    C:0.16667    A:0.40476    G:0.35714
position  2:    T:0.28571    C:0.19048    A:0.35714    G:0.16667
position  3:    T:0.23810    C:0.23810    A:0.38095    G:0.14286
Average         T:0.19841    C:0.19841    A:0.38095    G:0.22222

#3: LesserKudu     
position  1:    T:0.07143    C:0.16667    A:0.40476    G:0.35714
position  2:    T:0.28571    C:0.19048    A:0.35714    G:0.16667
position  3:    T:0.21429    C:0.23810    A:0.35714    G:0.19048
Average         T:0.19048    C:0.19841    A:0.37302    G:0.23810

#4: ForestMuskDeer2
position  1:    T:0.07143    C:0.16667    A:0.40476    G:0.35714
position  2:    T:0.28571    C:0.19048    A:0.35714    G:0.16667
position  3:    T:0.21429    C:0.23810    A:0.35714    G:0.19048
Average         T:0.19048    C:0.19841    A:0.37302    G:0.23810

#5: Camel          
position  1:    T:0.07143    C:0.16667    A:0.40476    G:0.35714
position  2:    T:0.28571    C:0.19048    A:0.35714    G:0.16667
position  3:    T:0.09524    C:0.33333    A:0.21429    G:0.35714
Average         T:0.15079    C:0.23016    A:0.32540    G:0.29365

#6: KillerWhale    
position  1:    T:0.07143    C:0.16667    A:0.40476    G:0.35714
position  2:    T:0.28571    C:0.19048    A:0.35714    G:0.16667
position  3:    T:0.21429    C:0.23810    A:0.30952    G:0.23810
Average         T:0.19048    C:0.19841    A:0.35714    G:0.25397

#7: DefassaWaterbuck
position  1:    T:0.07143    C:0.16667    A:0.40476    G:0.35714
position  2:    T:0.28571    C:0.19048    A:0.35714    G:0.16667
position  3:    T:0.21429    C:0.23810    A:0.40476    G:0.14286
Average         T:0.19048    C:0.19841    A:0.38889    G:0.22222

#8: Sheep          
position  1:    T:0.07143    C:0.16667    A:0.40476    G:0.35714
position  2:    T:0.28571    C:0.19048    A:0.35714    G:0.16667
position  3:    T:0.21429    C:0.26190    A:0.33333    G:0.19048
Average         T:0.19048    C:0.20635    A:0.36508    G:0.23810

#9: MaxwellsDuiker 
position  1:    T:0.07143    C:0.16667    A:0.40476    G:0.35714
position  2:    T:0.28571    C:0.19048    A:0.35714    G:0.16667
position  3:    T:0.21429    C:0.23810    A:0.40476    G:0.14286
Average         T:0.19048    C:0.19841    A:0.38889    G:0.22222

#10: GazellaPrzewalskyi
position  1:    T:0.07143    C:0.16667    A:0.40476    G:0.35714
position  2:    T:0.28571    C:0.19048    A:0.35714    G:0.16667
position  3:    T:0.19048    C:0.23810    A:0.38095    G:0.19048
Average         T:0.18254    C:0.19841    A:0.38095    G:0.23810

#11: MountainNyala  
position  1:    T:0.07143    C:0.16667    A:0.40476    G:0.35714
position  2:    T:0.28571    C:0.19048    A:0.35714    G:0.16667
position  3:    T:0.21429    C:0.23810    A:0.35714    G:0.19048
Average         T:0.19048    C:0.19841    A:0.37302    G:0.23810

#12: MuntiacusMuntjak
position  1:    T:0.07143    C:0.16667    A:0.40476    G:0.35714
position  2:    T:0.28571    C:0.19048    A:0.35714    G:0.16667
position  3:    T:0.19048    C:0.26190    A:0.33333    G:0.21429
Average         T:0.18254    C:0.20635    A:0.36508    G:0.24603

#13: goat           
position  1:    T:0.07143    C:0.16667    A:0.40476    G:0.35714
position  2:    T:0.28571    C:0.19048    A:0.35714    G:0.16667
position  3:    T:0.21429    C:0.26190    A:0.33333    G:0.19048
Average         T:0.19048    C:0.20635    A:0.36508    G:0.23810

#14: AfricanBuffalo 
position  1:    T:0.07143    C:0.16667    A:0.40476    G:0.35714
position  2:    T:0.28571    C:0.19048    A:0.35714    G:0.16667
position  3:    T:0.21429    C:0.23810    A:0.40476    G:0.14286
Average         T:0.19048    C:0.19841    A:0.38889    G:0.22222

#15: Topi           
position  1:    T:0.07143    C:0.16667    A:0.40476    G:0.35714
position  2:    T:0.28571    C:0.19048    A:0.35714    G:0.16667
position  3:    T:0.21429    C:0.23810    A:0.38095    G:0.16667
Average         T:0.19048    C:0.19841    A:0.38095    G:0.23016

#16: CommonDuiker   
position  1:    T:0.07143    C:0.16667    A:0.40476    G:0.35714
position  2:    T:0.28571    C:0.19048    A:0.35714    G:0.16667
position  3:    T:0.21429    C:0.23810    A:0.40476    G:0.14286
Average         T:0.19048    C:0.19841    A:0.38889    G:0.22222

#17: Suni           
position  1:    T:0.07143    C:0.16667    A:0.40476    G:0.35714
position  2:    T:0.28571    C:0.19048    A:0.35714    G:0.16667
position  3:    T:0.21429    C:0.23810    A:0.38095    G:0.16667
Average         T:0.19048    C:0.19841    A:0.38095    G:0.23016

#18: Springbuck     
position  1:    T:0.07143    C:0.16667    A:0.40476    G:0.35714
position  2:    T:0.28571    C:0.19048    A:0.35714    G:0.16667
position  3:    T:0.21429    C:0.23810    A:0.38095    G:0.16667
Average         T:0.19048    C:0.19841    A:0.38095    G:0.23016

#19: Okapi          
position  1:    T:0.07143    C:0.16667    A:0.40476    G:0.35714
position  2:    T:0.28571    C:0.19048    A:0.35714    G:0.16667
position  3:    T:0.21429    C:0.23810    A:0.42857    G:0.11905
Average         T:0.19048    C:0.19841    A:0.39683    G:0.21429

#20: Giraffe        
position  1:    T:0.07143    C:0.16667    A:0.40476    G:0.35714
position  2:    T:0.28571    C:0.19048    A:0.35714    G:0.16667
position  3:    T:0.21429    C:0.23810    A:0.40476    G:0.14286
Average         T:0.19048    C:0.19841    A:0.38889    G:0.22222

#21: TibetanAntelope
position  1:    T:0.07143    C:0.16667    A:0.40476    G:0.35714
position  2:    T:0.28571    C:0.19048    A:0.35714    G:0.16667
position  3:    T:0.21429    C:0.26190    A:0.33333    G:0.19048
Average         T:0.19048    C:0.20635    A:0.36508    G:0.23810

#22: Sitatunga      
position  1:    T:0.07143    C:0.16667    A:0.40476    G:0.35714
position  2:    T:0.28571    C:0.19048    A:0.35714    G:0.16667
position  3:    T:0.23810    C:0.21429    A:0.35714    G:0.19048
Average         T:0.19841    C:0.19048    A:0.37302    G:0.23810

#23: Oribi          
position  1:    T:0.07143    C:0.16667    A:0.40476    G:0.35714
position  2:    T:0.28571    C:0.19048    A:0.35714    G:0.16667
position  3:    T:0.21429    C:0.23810    A:0.35714    G:0.19048
Average         T:0.19048    C:0.19841    A:0.37302    G:0.23810

#24: BarbarySheep   
position  1:    T:0.07143    C:0.16667    A:0.40476    G:0.35714
position  2:    T:0.28571    C:0.19048    A:0.35714    G:0.16667
position  3:    T:0.21429    C:0.26190    A:0.33333    G:0.19048
Average         T:0.19048    C:0.20635    A:0.36508    G:0.23810

#25: Daviddeer      
position  1:    T:0.07143    C:0.16667    A:0.40476    G:0.35714
position  2:    T:0.28571    C:0.19048    A:0.35714    G:0.16667
position  3:    T:0.19048    C:0.26190    A:0.33333    G:0.21429
Average         T:0.18254    C:0.20635    A:0.36508    G:0.24603

#26: Reindeer       
position  1:    T:0.07143    C:0.16667    A:0.40476    G:0.35714
position  2:    T:0.28571    C:0.19048    A:0.35714    G:0.16667
position  3:    T:0.21429    C:0.23810    A:0.33333    G:0.21429
Average         T:0.19048    C:0.19841    A:0.36508    G:0.24603

#27: Ibex           
position  1:    T:0.07143    C:0.16667    A:0.40476    G:0.35714
position  2:    T:0.28571    C:0.19048    A:0.35714    G:0.16667
position  3:    T:0.21429    C:0.26190    A:0.33333    G:0.19048
Average         T:0.19048    C:0.20635    A:0.36508    G:0.23810

#28: GyrantGazelle  
position  1:    T:0.07143    C:0.16667    A:0.40476    G:0.35714
position  2:    T:0.28571    C:0.19048    A:0.35714    G:0.16667
position  3:    T:0.21429    C:0.23810    A:0.38095    G:0.16667
Average         T:0.19048    C:0.19841    A:0.38095    G:0.23016

#29: Hartebeest     
position  1:    T:0.07143    C:0.16667    A:0.40476    G:0.35714
position  2:    T:0.28571    C:0.19048    A:0.35714    G:0.16667
position  3:    T:0.21429    C:0.23810    A:0.38095    G:0.16667
Average         T:0.19048    C:0.19841    A:0.38095    G:0.23016

#30: Bongo          
position  1:    T:0.07143    C:0.16667    A:0.40476    G:0.35714
position  2:    T:0.28571    C:0.19048    A:0.35714    G:0.16667
position  3:    T:0.21429    C:0.23810    A:0.35714    G:0.19048
Average         T:0.19048    C:0.19841    A:0.37302    G:0.23810

#31: Gerenuk        
position  1:    T:0.07143    C:0.16667    A:0.40476    G:0.35714
position  2:    T:0.28571    C:0.19048    A:0.35714    G:0.16667
position  3:    T:0.21429    C:0.23810    A:0.38095    G:0.16667
Average         T:0.19048    C:0.19841    A:0.38095    G:0.23016

#32: CommonEland    
position  1:    T:0.07143    C:0.16667    A:0.40476    G:0.35714
position  2:    T:0.28571    C:0.19048    A:0.35714    G:0.16667
position  3:    T:0.23810    C:0.21429    A:0.35714    G:0.19048
Average         T:0.19841    C:0.19048    A:0.37302    G:0.23810

#33: MuntiacusReevesi
position  1:    T:0.07143    C:0.16667    A:0.40476    G:0.35714
position  2:    T:0.28571    C:0.19048    A:0.35714    G:0.16667
position  3:    T:0.19048    C:0.26190    A:0.33333    G:0.21429
Average         T:0.18254    C:0.20635    A:0.36508    G:0.24603

#34: HarveysDuiker  
position  1:    T:0.07143    C:0.16667    A:0.40476    G:0.35714
position  2:    T:0.28571    C:0.19048    A:0.35714    G:0.16667
position  3:    T:0.21429    C:0.23810    A:0.38095    G:0.16667
Average         T:0.19048    C:0.19841    A:0.38095    G:0.23016

#35: Pronghorn      
position  1:    T:0.07143    C:0.16667    A:0.40476    G:0.35714
position  2:    T:0.28571    C:0.19048    A:0.35714    G:0.16667
position  3:    T:0.21429    C:0.23810    A:0.40476    G:0.14286
Average         T:0.19048    C:0.19841    A:0.38889    G:0.22222

#36: BlueWildebeest 
position  1:    T:0.07143    C:0.16667    A:0.40476    G:0.35714
position  2:    T:0.28571    C:0.19048    A:0.35714    G:0.16667
position  3:    T:0.21429    C:0.23810    A:0.38095    G:0.16667
Average         T:0.19048    C:0.19841    A:0.38095    G:0.23016

#37: Gemsbok        
position  1:    T:0.07143    C:0.16667    A:0.40476    G:0.35714
position  2:    T:0.28571    C:0.19048    A:0.35714    G:0.16667
position  3:    T:0.21429    C:0.23810    A:0.40476    G:0.14286
Average         T:0.19048    C:0.19841    A:0.38889    G:0.22222

#38: Yak            
position  1:    T:0.07143    C:0.16667    A:0.40476    G:0.35714
position  2:    T:0.28571    C:0.19048    A:0.35714    G:0.16667
position  3:    T:0.21429    C:0.23810    A:0.35714    G:0.19048
Average         T:0.19048    C:0.19841    A:0.37302    G:0.23810

#39: BlueSheep      
position  1:    T:0.07143    C:0.16667    A:0.40476    G:0.35714
position  2:    T:0.28571    C:0.19048    A:0.35714    G:0.16667
position  3:    T:0.21429    C:0.26190    A:0.35714    G:0.16667
Average         T:0.19048    C:0.20635    A:0.37302    G:0.23016

#40: BohorReedbuck  
position  1:    T:0.07143    C:0.16667    A:0.40476    G:0.35714
position  2:    T:0.28571    C:0.19048    A:0.35714    G:0.16667
position  3:    T:0.21429    C:0.23810    A:0.40476    G:0.14286
Average         T:0.19048    C:0.19841    A:0.38889    G:0.22222

#41: KirksDik       
position  1:    T:0.07143    C:0.16667    A:0.40476    G:0.35714
position  2:    T:0.28571    C:0.19048    A:0.35714    G:0.16667
position  3:    T:0.19048    C:0.23810    A:0.35714    G:0.21429
Average         T:0.18254    C:0.19841    A:0.37302    G:0.24603

#42: RoeDeer        
position  1:    T:0.07143    C:0.16667    A:0.40476    G:0.35714
position  2:    T:0.28571    C:0.19048    A:0.35714    G:0.16667
position  3:    T:0.21429    C:0.23810    A:0.33333    G:0.21429
Average         T:0.19048    C:0.19841    A:0.36508    G:0.24603

#43: WhiteLippedDeer
position  1:    T:0.07143    C:0.16667    A:0.40476    G:0.35714
position  2:    T:0.28571    C:0.19048    A:0.35714    G:0.16667
position  3:    T:0.19048    C:0.26190    A:0.33333    G:0.21429
Average         T:0.18254    C:0.20635    A:0.36508    G:0.24603

#44: ThomsonGazelle 
position  1:    T:0.07143    C:0.16667    A:0.40476    G:0.35714
position  2:    T:0.28571    C:0.19048    A:0.35714    G:0.16667
position  3:    T:0.21429    C:0.23810    A:0.38095    G:0.16667
Average         T:0.19048    C:0.19841    A:0.38095    G:0.23016

#45: MuntiacusCrinifrons
position  1:    T:0.07143    C:0.16667    A:0.40476    G:0.35714
position  2:    T:0.28571    C:0.19048    A:0.35714    G:0.16667
position  3:    T:0.19048    C:0.26190    A:0.33333    G:0.21429
Average         T:0.18254    C:0.20635    A:0.36508    G:0.24603

#46: WhiteTailedDeer
position  1:    T:0.07143    C:0.16667    A:0.40476    G:0.35714
position  2:    T:0.28571    C:0.19048    A:0.35714    G:0.16667
position  3:    T:0.19048    C:0.23810    A:0.33333    G:0.23810
Average         T:0.18254    C:0.19841    A:0.36508    G:0.25397

#47: Cattle         
position  1:    T:0.07143    C:0.16667    A:0.40476    G:0.35714
position  2:    T:0.28571    C:0.19048    A:0.35714    G:0.16667
position  3:    T:0.21429    C:0.23810    A:0.35714    G:0.19048
Average         T:0.19048    C:0.19841    A:0.37302    G:0.23810

#48: RoyalAntelope  
position  1:    T:0.07143    C:0.16667    A:0.40476    G:0.35714
position  2:    T:0.28571    C:0.19048    A:0.35714    G:0.16667
position  3:    T:0.21429    C:0.23810    A:0.38095    G:0.16667
Average         T:0.19048    C:0.19841    A:0.38095    G:0.23016

#49: Steenbok       
position  1:    T:0.07143    C:0.16667    A:0.40476    G:0.35714
position  2:    T:0.28571    C:0.19048    A:0.35714    G:0.16667
position  3:    T:0.19048    C:0.26190    A:0.38095    G:0.16667
Average         T:0.18254    C:0.20635    A:0.38095    G:0.23016

#50: Impala         
position  1:    T:0.07143    C:0.16667    A:0.40476    G:0.35714
position  2:    T:0.28571    C:0.19048    A:0.35714    G:0.16667
position  3:    T:0.21429    C:0.23810    A:0.38095    G:0.16667
Average         T:0.19048    C:0.19841    A:0.38095    G:0.23016

#51: Klipspringer   
position  1:    T:0.07143    C:0.16667    A:0.40476    G:0.35714
position  2:    T:0.28571    C:0.19048    A:0.35714    G:0.16667
