1
52 1
Argali 0.000000 0.054300 0.018400 0.073300 0.007700 0.000000 0.012300 0.023500 0.020000 0.015400 0.001500 0.018900 0.015400 0.007700 0.004600 0.021700 0.020200 0.021800 0.006100 0.015400 0.017400 0.001500 0.016800 0.018800 0.001500 0.018500 0.012200 0.015300 0.020000 0.016900 0.018500 0.009200 0.040700 0.012300 0.010700 0.013800 0.001500 0.012300 0.026500 0.030900 0.018400 0.020100 0.015400 0.018400 0.013800 0.021800 0.013900 0.015400 0.026500 0.013900 0.018500 0.017000
LesserMous 0.054300 0.000000 0.064000 0.092200 0.051500 0.054300 0.057400 0.064200 0.063600 0.059600 0.052600 0.066000 0.057500 0.054200 0.052400 0.064500 0.060000 0.062000 0.054300 0.064000 0.056500 0.052600 0.061100 0.062500 0.052600 0.064300 0.057400 0.063900 0.062500 0.062500 0.062600 0.054400 0.082900 0.057400 0.055900 0.063100 0.052600 0.049700 0.071400 0.072200 0.062800 0.066000 0.059200 0.059000 0.063000 0.063000 0.059600 0.059200 0.062500 0.055900 0.064300 0.062600
LesserKudu 0.018400 0.064000 0.000000 0.086600 0.016900 0.018400 0.018400 0.026400 0.007600 0.021500 0.016800 0.021400 0.018400 0.016800 0.016800 0.024700 0.026400 0.024800 0.018400 0.012200 0.023500 0.016800 0.019800 0.024500 0.016800 0.024700 0.018300 0.009100 0.023000 0.004500 0.024600 0.018400 0.043700 0.018400 0.016900 0.013700 0.016800 0.018400 0.032700 0.033800 0.021400 0.023100 0.021500 0.021400 0.013700 0.031100 0.023100 0.018400 0.032200 0.026500 0.009200 0.004600
KillerWhal 0.073300 0.092200 0.086600 0.000000 0.071000 0.073200 0.083100 0.084700 0.088900 0.079900 0.074800 0.082500 0.083300 0.078100 0.075000 0.091100 0.082200 0.082000 0.076600 0.086600 0.086100 0.074800 0.084400 0.086500 0.074800 0.090700 0.083100 0.086400 0.092200 0.081300 0.082800 0.079900 0.098900 0.083200 0.078200 0.084700 0.074800 0.072700 0.093900 0.092800 0.086100 0.092500 0.079400 0.082900 0.084600 0.086300 0.082100 0.079900 0.083600 0.081700 0.087000 0.085100
DefassaWat 0.007700 0.051500 0.016900 0.071000 0.000000 0.007600 0.013800 0.021700 0.018400 0.013800 0.006100 0.013800 0.013800 0.009200 0.006100 0.020100 0.018600 0.018700 0.007600 0.016900 0.019000 0.006100 0.015300 0.016900 0.006100 0.020100 0.013800 0.016900 0.021600 0.012200 0.016900 0.010700 0.042300 0.013800 0.009200 0.015300 0.006100 0.004600 0.021700 0.026100 0.016800 0.021600 0.013800 0.013700 0.015300 0.023400 0.012300 0.013800 0.021400 0.015400 0.017000 0.015400
Sheep 0.000000 0.054300 0.018400 0.073200 0.007600 0.000000 0.012200 0.023400 0.020000 0.015400 0.001500 0.018900 0.015300 0.007600 0.004600 0.021700 0.020200 0.021800 0.006100 0.015300 0.017400 0.001500 0.016800 0.018800 0.001500 0.018500 0.012200 0.015300 0.020000 0.016800 0.018400 0.009200 0.040700 0.012200 0.010700 0.013800 0.001500 0.012300 0.026500 0.030800 0.018300 0.020100 0.015300 0.018400 0.013700 0.021800 0.013800 0.015400 0.026500 0.013800 0.018500 0.016900
MaxwellsDu 0.012300 0.057400 0.018400 0.083100 0.013800 0.012200 0.000000 0.023300 0.019900 0.013800 0.010700 0.021400 0.012200 0.009200 0.010700 0.021600 0.023300 0.024900 0.012200 0.018400 0.017300 0.010700 0.015200 0.016800 0.010700 0.021600 0.009100 0.018300 0.019900 0.016800 0.013700 0.007600 0.045400 0.009100 0.013800 0.016800 0.010700 0.015300 0.026400 0.032300 0.016700 0.020000 0.013800 0.016800 0.016800 0.021700 0.013800 0.018400 0.026000 0.020000 0.018500 0.016900
GazellaPrz 0.023500 0.064200 0.026400 0.084700 0.021700 0.023400 0.023300 0.000000 0.028400 0.028100 0.021800 0.026300 0.023400 0.020200 0.021700 0.019400 0.034700 0.036300 0.023400 0.026500 0.019400 0.021800 0.029500 0.031200 0.021800 0.017200 0.023400 0.024800 0.017700 0.024800 0.031200 0.020200 0.052200 0.023400 0.025000 0.023300 0.021800 0.023300 0.028000 0.037400 0.031000 0.015600 0.028100 0.028000 0.023200 0.026600 0.018800 0.026600 0.034100 0.031400 0.025000 0.023400
MountainNy 0.020000 0.063600 0.007600 0.088900 0.018400 0.020000 0.019900 0.028400 0.000000 0.023000 0.018400 0.023000 0.019900 0.018400 0.018300 0.029500 0.028000 0.026400 0.019900 0.012200 0.025100 0.018400 0.021400 0.026100 0.018400 0.029400 0.019900 0.010600 0.027700 0.006100 0.026100 0.019900 0.046000 0.019900 0.018400 0.013700 0.018400 0.019900 0.037500 0.035400 0.022900 0.027800 0.023000 0.022900 0.013700 0.032700 0.024600 0.020000 0.033800 0.027800 0.010700 0.009200
MuntiacusM 0.015400 0.059600 0.021500 0.079900 0.013800 0.015400 0.013800 0.028100 0.023000 0.000000 0.013800 0.021500 0.016900 0.010700 0.013700 0.026400 0.020100 0.020100 0.015400 0.021500 0.021900 0.013800 0.004500 0.006100 0.013800 0.026300 0.013800 0.021500 0.024700 0.016800 0.003000 0.013800 0.040600 0.013800 0.016900 0.019900 0.013800 0.015300 0.026400 0.021400 0.006000 0.024800 0.000000 0.006100 0.019900 0.026500 0.013800 0.021600 0.027700 0.020000 0.021700 0.020000
goat 0.001500 0.052600 0.016800 0.074800 0.006100 0.001500 0.010700 0.021800 0.018400 0.013800 0.000000 0.016800 0.013800 0.006100 0.003000 0.020500 0.018600 0.020200 0.004600 0.013800 0.015800 0.000000 0.015200 0.016800 0.000000 0.016900 0.010700 0.013700 0.018400 0.015300 0.016900 0.007600 0.039000 0.010700 0.009200 0.012200 0.000000 0.010700 0.024900 0.029600 0.016800 0.018500 0.013800 0.016800 0.012200 0.020200 0.012300 0.013800 0.024500 0.012300 0.016900 0.015400
AfricanBuf 0.018900 0.066000 0.021400 0.082500 0.013800 0.018900 0.021400 0.026300 0.023000 0.021500 0.016800 0.000000 0.024600 0.016900 0.016800 0.029400 0.029500 0.029600 0.018400 0.018400 0.026700 0.016800 0.022900 0.021400 0.016800 0.027800 0.021400 0.018300 0.026100 0.016800 0.024600 0.018400 0.050200 0.021500 0.023100 0.013700 0.016800 0.015300 0.029700 0.037000 0.024400 0.026200 0.021400 0.024500 0.013700 0.028000 0.020000 0.024600 0.033000 0.023100 0.021700 0.020000
Topi 0.015400 0.057500 0.018400 0.083300 0.013800 0.015300 0.012200 0.023400 0.019900 0.016900 0.013800 0.024600 0.000000 0.012200 0.013700 0.021700 0.023300 0.024900 0.015300 0.021500 0.020600 0.013800 0.018300 0.019900 0.013800 0.024700 0.003000 0.021500 0.023100 0.016800 0.020000 0.012300 0.043900 0.003000 0.013800 0.019900 0.013800 0.015300 0.030400 0.032400 0.016800 0.023200 0.016900 0.016800 0.019900 0.024900 0.016900 0.018500 0.026100 0.023200 0.018500 0.016900
CommonDuik 0.007700 0.054200 0.016800 0.078100 0.009200 0.007600 0.009200 0.020200 0.018400 0.010700 0.006100 0.016900 0.012200 0.000000 0.006100 0.018500 0.021700 0.023300 0.007600 0.013800 0.014200 0.006100 0.012200 0.013800 0.006100 0.018500 0.009100 0.013700 0.016900 0.015300 0.013800 0.006100 0.045400 0.009200 0.012300 0.012200 0.006100 0.010800 0.023400 0.026100 0.013700 0.016900 0.010700 0.013800 0.012200 0.018600 0.010800 0.013800 0.023000 0.015400 0.016900 0.015400
Suni 0.004600 0.052400 0.016800 0.075000 0.006100 0.004600 0.010700 0.021700 0.018300 0.013700 0.003000 0.016800 0.013700 0.006100 0.000000 0.020000 0.018500 0.020100 0.004600 0.013700 0.015700 0.003000 0.015200 0.016800 0.003000 0.016900 0.010600 0.013700 0.018400 0.015200 0.016800 0.007600 0.042100 0.010700 0.009100 0.012200 0.003000 0.010700 0.025300 0.029100 0.016700 0.018400 0.013700 0.016700 0.012100 0.020100 0.012200 0.013800 0.024400 0.012200 0.016900 0.015300
Springbuck 0.021700 0.064500 0.024700 0.091100 0.020100 0.021700 0.021600 0.019400 0.029500 0.026400 0.020500 0.029400 0.021700 0.018500 0.020000 0.000000 0.033000 0.034600 0.021700 0.027900 0.013900 0.020500 0.027800 0.029500 0.020500 0.014500 0.021600 0.026300 0.010700 0.026300 0.029500 0.018600 0.057200 0.021600 0.023300 0.024700 0.020500 0.021700 0.023500 0.035700 0.029400 0.012900 0.026400 0.026300 0.024700 0.028200 0.017000 0.024800 0.032500 0.029900 0.026500 0.021700
Okapi 0.020200 0.060000 0.026400 0.082200 0.018600 0.020200 0.023300 0.034700 0.028000 0.020100 0.018600 0.029500 0.023300 0.021700 0.018500 0.033000 0.000000 0.004600 0.020200 0.029600 0.031900 0.018600 0.024700 0.026300 0.018600 0.032900 0.023200 0.029500 0.034500 0.024800 0.023200 0.023300 0.034500 0.023300 0.019000 0.027900 0.018600 0.023400 0.041500 0.038900 0.026300 0.034500 0.020100 0.023200 0.027900 0.036200 0.028100 0.026500 0.034200 0.021700 0.026500 0.024900
Giraffe 0.021800 0.062000 0.024800 0.082000 0.018700 0.021800 0.024900 0.036300 0.026400 0.020100 0.020200 0.029600 0.024900 0.023300 0.020100 0.034600 0.004600 0.000000 0.021800 0.028000 0.030300 0.020200 0.021600 0.026400 0.020200 0.034500 0.024900 0.028000 0.036100 0.021700 0.023200 0.024900 0.032800 0.024900 0.020700 0.026400 0.020200 0.023500 0.041600 0.035700 0.023200 0.036100 0.020100 0.023200 0.026400 0.037900 0.028100 0.024900 0.035700 0.023400 0.025000 0.023400
TibetanAnt 0.006100 0.054300 0.018400 0.076600 0.007600 0.006100 0.012200 0.023400 0.019900 0.015400 0.004600 0.018400 0.015300 0.007600 0.004600 0.021700 0.020200 0.021800 0.000000 0.015300 0.017400 0.004600 0.016800 0.018400 0.004600 0.018500 0.012200 0.015300 0.020000 0.016800 0.018400 0.009200 0.042300 0.012200 0.010700 0.013700 0.004600 0.012300 0.026500 0.030800 0.018300 0.020100 0.015300 0.018400 0.013700 0.021800 0.013800 0.015400 0.026100 0.013800 0.018500 0.016900
Sitatunga 0.015400 0.064000 0.012200 0.086600 0.016900 0.015300 0.018400 0.026500 0.012200 0.021500 0.013800 0.018400 0.021500 0.013800 0.013700 0.027900 0.029600 0.028000 0.015300 0.000000 0.020400 0.013800 0.019800 0.024600 0.013800 0.024700 0.018400 0.009100 0.023100 0.010700 0.024600 0.015300 0.047000 0.018400 0.020000 0.007600 0.013800 0.018400 0.032800 0.030700 0.021400 0.023100 0.021500 0.024500 0.007600 0.028000 0.020000 0.018400 0.032300 0.023100 0.012300 0.010700
Oribi 0.017400 0.056500 0.023500 0.086100 0.019000 0.017400 0.017300 0.019400 0.025100 0.021900 0.015800 0.026700 0.020600 0.014200 0.015700 0.013900 0.031900 0.030300 0.017400 0.020400 0.000000 0.015800 0.020200 0.025100 0.015800 0.013800 0.017400 0.018800 0.009200 0.021900 0.025100 0.014300 0.052900 0.017400 0.022100 0.017200 0.015800 0.014200 0.022500 0.034500 0.021800 0.012300 0.021900 0.025000 0.017200 0.023600 0.013000 0.020600 0.028100 0.025200 0.022100 0.020400
BarbaryShe 0.001500 0.052600 0.016800 0.074800 0.006100 0.001500 0.010700 0.021800 0.018400 0.013800 0.000000 0.016800 0.013800 0.006100 0.003000 0.020500 0.018600 0.020200 0.004600 0.013800 0.015800 0.000000 0.015200 0.016800 0.000000 0.016900 0.010700 0.013700 0.018400 0.015300 0.016900 0.007600 0.039000 0.010700 0.009200 0.012200 0.000000 0.010700 0.024900 0.029600 0.016800 0.018500 0.013800 0.016800 0.012200 0.020200 0.012300 0.013800 0.024500 0.012300 0.016900 0.015400
Daviddeer 0.016800 0.061100 0.019800 0.084400 0.015300 0.016800 0.015200 0.029500 0.021400 0.004500 0.015200 0.022900 0.018300 0.012200 0.015200 0.027800 0.024700 0.021600 0.016800 0.019800 0.020200 0.015200 0.000000 0.004500 0.015200 0.027700 0.015200 0.019800 0.026100 0.015200 0.007500 0.015300 0.041900 0.015200 0.018300 0.018300 0.015200 0.016800 0.027900 0.016600 0.004500 0.026200 0.004500 0.004500 0.018200 0.028300 0.015300 0.019900 0.032100 0.021400 0.020000 0.018400
Reindeer 0.018800 0.062500 0.024500 0.086500 0.016900 0.018800 0.016800 0.031200 0.026100 0.006100 0.016800 0.021400 0.019900 0.013800 0.016800 0.029500 0.026300 0.026400 0.018400 0.024600 0.025100 0.016800 0.004500 0.000000 0.016800 0.029400 0.016800 0.024500 0.027700 0.019900 0.009100 0.016800 0.046800 0.016800 0.019900 0.023000 0.016800 0.018400 0.029500 0.021300 0.009000 0.027800 0.006100 0.006000 0.022900 0.029600 0.016900 0.024600 0.034600 0.023100 0.024800 0.023100
Ibex 0.001500 0.052600 0.016800 0.074800 0.006100 0.001500 0.010700 0.021800 0.018400 0.013800 0.000000 0.016800 0.013800 0.006100 0.003000 0.020500 0.018600 0.020200 0.004600 0.013800 0.015800 0.000000 0.015200 0.016800 0.000000 0.016900 0.010700 0.013700 0.018400 0.015300 0.016900 0.007600 0.039000 0.010700 0.009200 0.012200 0.000000 0.010700 0.024900 0.029600 0.016800 0.018500 0.013800 0.016800 0.012200 0.020200 0.012300 0.013800 0.024500 0.012300 0.016900 0.015400
GyrantGaze 0.018500 0.064300 0.024700 0.090700 0.020100 0.018500 0.021600 0.017200 0.029400 0.026300 0.016900 0.027800 0.024700 0.018500 0.016900 0.014500 0.032900 0.034500 0.018500 0.024700 0.013800 0.016900 0.027700 0.029400 0.016900 0.000000 0.021600 0.023100 0.009700 0.026200 0.029400 0.018500 0.053700 0.021600 0.023200 0.021500 0.016900 0.024700 0.023400 0.042000 0.026100 0.007700 0.026300 0.029300 0.021500 0.028100 0.017000 0.027900 0.035600 0.026600 0.026400 0.021600
Hartebeest 0.012200 0.057400 0.018300 0.083100 0.013800 0.012200 0.009100 0.023400 0.019900 0.013800 0.010700 0.021400 0.003000 0.009100 0.010600 0.021600 0.023200 0.024900 0.012200 0.018400 0.017400 0.010700 0.015200 0.016800 0.010700 0.021600 0.000000 0.018300 0.019900 0.016800 0.016800 0.009200 0.043800 0.000000 0.013800 0.016800 0.010700 0.015300 0.027100 0.032300 0.013700 0.020000 0.013700 0.016800 0.016800 0.021700 0.013800 0.018400 0.026000 0.020000 0.018500 0.016900
Bongo 0.015300 0.063900 0.009100 0.086400 0.016900 0.015300 0.018300 0.024800 0.010600 0.021500 0.013700 0.018300 0.021500 0.013700 0.013700 0.026300 0.029500 0.028000 0.015300 0.009100 0.018800 0.013700 0.019800 0.024500 0.013700 0.023100 0.018300 0.000000 0.021500 0.007600 0.024600 0.015300 0.046900 0.018400 0.019900 0.007600 0.013700 0.018400 0.031100 0.033800 0.021300 0.021500 0.021400 0.024500 0.007600 0.028000 0.020000 0.018400 0.032200 0.023100 0.009200 0.007600
Gerenuk 0.020000 0.062500 0.023000 0.092200 0.021600 0.020000 0.019900 0.017700 0.027700 0.024700 0.018400 0.026100 0.023100 0.016900 0.018400 0.010700 0.034500 0.036100 0.020000 0.023100 0.009200 0.018400 0.026100 0.027700 0.018400 0.009700 0.019900 0.021500 0.000000 0.024500 0.027800 0.017000 0.055300 0.020000 0.024700 0.019900 0.018400 0.020000 0.021800 0.040200 0.027600 0.008200 0.024600 0.027700 0.019900 0.026500 0.015400 0.026200 0.033900 0.028100 0.024700 0.020000
CommonElan 0.016900 0.062500 0.004500 0.081300 0.012200 0.016800 0.016800 0.024800 0.006100 0.016800 0.015300 0.016800 0.016800 0.015300 0.015200 0.026300 0.024800 0.021700 0.016800 0.010700 0.021900 0.015300 0.015200 0.019900 0.015300 0.026200 0.016800 0.007600 0.024500 0.000000 0.019900 0.016800 0.042100 0.016800 0.015300 0.012200 0.015300 0.013700 0.031100 0.029100 0.016700 0.024600 0.016800 0.016700 0.012100 0.029500 0.018400 0.016800 0.030600 0.024600 0.007700 0.006100
MuntiacusR 0.018500 0.062600 0.024600 0.082800 0.016900 0.018400 0.013700 0.031200 0.026100 0.003000 0.016900 0.024600 0.020000 0.013800 0.016800 0.029500 0.023200 0.023200 0.018400 0.024600 0.025100 0.016900 0.007500 0.009100 0.016900 0.029400 0.016800 0.024600 0.027800 0.019900 0.000000 0.016900 0.043700 0.016800 0.020000 0.023000 0.016900 0.018400 0.029600 0.024400 0.009100 0.027900 0.003000 0.009100 0.023000 0.029600 0.016900 0.024700 0.027600 0.023100 0.023300 0.023100
HarveysDui 0.009200 0.054400 0.018400 0.079900 0.010700 0.009200 0.007600 0.020200 0.019900 0.013800 0.007600 0.018400 0.012300 0.006100 0.007600 0.018600 0.023300 0.024900 0.009200 0.015300 0.014300 0.007600 0.015300 0.016800 0.007600 0.018500 0.009200 0.015300 0.017000 0.016800 0.016900 0.000000 0.043800 0.009200 0.013800 0.013800 0.007600 0.012400 0.023300 0.029300 0.016800 0.017000 0.013800 0.016800 0.013700 0.018600 0.010700 0.015400 0.023000 0.016900 0.018500 0.016900
Pronghorn 0.040700 0.082900 0.043700 0.098900 0.042300 0.040700 0.045400 0.052200 0.046000 0.040600 0.039000 0.050200 0.043900 0.045400 0.042100 0.057200 0.034500 0.032800 0.042300 0.047000 0.052900 0.039000 0.041900 0.046800 0.039000 0.053700 0.043800 0.046900 0.055300 0.042100 0.043700 0.043800 0.000000 0.043800 0.042900 0.045300 0.039000 0.047300 0.064600 0.049900 0.040300 0.055400 0.040500 0.043600 0.045300 0.055500 0.050400 0.047100 0.056400 0.048800 0.040800 0.042300
BlueWildeb 0.012300 0.057400 0.018400 0.083200 0.013800 0.012200 0.009100 0.023400 0.019900 0.013800 0.010700 0.021500 0.003000 0.009200 0.010700 0.021600 0.023300 0.024900 0.012200 0.018400 0.017400 0.010700 0.015200 0.016800 0.010700 0.021600 0.000000 0.018400 0.020000 0.016800 0.016800 0.009200 0.043800 0.000000 0.013800 0.016800 0.010700 0.015300 0.027100 0.032300 0.013700 0.020000 0.013800 0.016800 0.016800 0.021700 0.013800 0.018400 0.026100 0.020000 0.018500 0.016900
Gemsbok 0.010700 0.055900 0.016900 0.078200 0.009200 0.010700 0.013800 0.025000 0.018400 0.016900 0.009200 0.023100 0.013800 0.012300 0.009100 0.023300 0.019000 0.020700 0.010700 0.020000 0.022100 0.009200 0.018300 0.019900 0.009200 0.023200 0.013800 0.019900 0.024700 0.015300 0.020000 0.013800 0.042900 0.013800 0.000000 0.018400 0.009200 0.013800 0.031300 0.032400 0.019900 0.024800 0.016900 0.013700 0.018400 0.026500 0.018500 0.016900 0.027700 0.018500 0.017000 0.015400
Yak 0.013800 0.063100 0.013700 0.084700 0.015300 0.013800 0.016800 0.023300 0.013700 0.019900 0.012200 0.013700 0.019900 0.012200 0.012200 0.024700 0.027900 0.026400 0.013700 0.007600 0.017200 0.012200 0.018300 0.023000 0.012200 0.021500 0.016800 0.007600 0.019900 0.012200 0.023000 0.013800 0.045300 0.016800 0.018400 0.000000 0.012200 0.016800 0.029500 0.032200 0.019800 0.020000 0.019900 0.022900 0.000000 0.026400 0.018400 0.016900 0.030700 0.021500 0.010700 0.009200
BlueSheep 0.001500 0.052600 0.016800 0.074800 0.006100 0.001500 0.010700 0.021800 0.018400 0.013800 0.000000 0.016800 0.013800 0.006100 0.003000 0.020500 0.018600 0.020200 0.004600 0.013800 0.015800 0.000000 0.015200 0.016800 0.000000 0.016900 0.010700 0.013700 0.018400 0.015300 0.016900 0.007600 0.039000 0.010700 0.009200 0.012200 0.000000 0.010700 0.024900 0.029600 0.016800 0.018500 0.013800 0.016800 0.012200 0.020200 0.012300 0.013800 0.024500 0.012300 0.016900 0.015400
BohorReedb 0.012300 0.049700 0.018400 0.072700 0.004600 0.012300 0.015300 0.023300 0.019900 0.015300 0.010700 0.015300 0.015300 0.010800 0.010700 0.021700 0.023400 0.023500 0.012300 0.018400 0.014200 0.010700 0.016800 0.018400 0.010700 0.024700 0.015300 0.018400 0.020000 0.013700 0.018400 0.012400 0.047300 0.015300 0.013800 0.016800 0.010700 0.000000 0.023200 0.027700 0.018300 0.023200 0.015300 0.015300 0.016800 0.024800 0.013800 0.015400 0.019900 0.020000 0.018600 0.016900
KirksDik 0.026500 0.071400 0.032700 0.093900 0.021700 0.026500 0.026400 0.028000 0.037500 0.026400 0.024900 0.029700 0.030400 0.023400 0.025300 0.023500 0.041500 0.041600 0.026500 0.032800 0.022500 0.024900 0.027900 0.029500 0.024900 0.023400 0.027100 0.031100 0.021800 0.031100 0.029600 0.023300 0.064600 0.027100 0.031300 0.029500 0.024900 0.023200 0.000000 0.042200 0.030000 0.021800 0.026400 0.029500 0.029500 0.033000 0.015500 0.032800 0.036100 0.035100 0.034600 0.029700
RoeDeer 0.030900 0.072200 0.033800 0.092800 0.026100 0.030800 0.032300 0.037400 0.035400 0.021400 0.029600 0.037000 0.032400 0.026100 0.029100 0.035700 0.038900 0.035700 0.030800 0.030700 0.034500 0.029600 0.016600 0.021300 0.029600 0.042000 0.032300 0.033800 0.040200 0.029100 0.024400 0.029300 0.049900 0.032300 0.032400 0.032200 0.029600 0.027700 0.042200 0.000000 0.021200 0.040400 0.021300 0.018200 0.032200 0.038800 0.029300 0.030800 0.043200 0.035500 0.034100 0.032500
WhiteLippe 0.018400 0.062800 0.021400 0.086100 0.016800 0.018300 0.016700 0.031000 0.022900 0.006000 0.016800 0.024400 0.016800 0.013700 0.016700 0.029400 0.026300 0.023200 0.018300 0.021400 0.021800 0.016800 0.004500 0.009000 0.016800 0.026100 0.013700 0.021300 0.027600 0.016700 0.009100 0.016800 0.040300 0.013700 0.019900 0.019800 0.016800 0.018300 0.030000 0.021200 0.000000 0.027700 0.006000 0.009000 0.019800 0.029800 0.016800 0.021400 0.033700 0.023000 0.021600 0.019900
ThomsonGaz 0.020100 0.066000 0.023100 0.092500 0.021600 0.020100 0.020000 0.015600 0.027800 0.024800 0.018500 0.026200 0.023200 0.016900 0.018400 0.012900 0.034500 0.036100 0.020100 0.023100 0.012300 0.018500 0.026200 0.027800 0.018500 0.007700 0.020000 0.021500 0.008200 0.024600 0.027900 0.017000 0.055400 0.020000 0.024800 0.020000 0.018500 0.023200 0.021800 0.040400 0.027700 0.000000 0.024700 0.027800 0.020000 0.026600 0.015400 0.026400 0.034000 0.028200 0.024800 0.020100
MuntiacusC 0.015400 0.059200 0.021500 0.079400 0.013800 0.015300 0.013800 0.028100 0.023000 0.000000 0.013800 0.021400 0.016900 0.010700 0.013700 0.026400 0.020100 0.020100 0.015300 0.021500 0.021900 0.013800 0.004500 0.006100 0.013800 0.026300 0.013700 0.021400 0.024600 0.016800 0.003000 0.013800 0.040500 0.013800 0.016900 0.019900 0.013800 0.015300 0.026400 0.021300 0.006000 0.024700 0.000000 0.006000 0.019900 0.026400 0.013800 0.021500 0.027600 0.020000 0.021700 0.020000
WhiteTaile 0.018400 0.059000 0.021400 0.082900 0.013700 0.018400 0.016800 0.028000 0.022900 0.006100 0.016800 0.024500 0.016800 0.013800 0.016700 0.026300 0.023200 0.023200 0.018400 0.024500 0.025000 0.016800 0.004500 0.006000 0.016800 0.029300 0.016800 0.024500 0.027700 0.016700 0.009100 0.016800 0.043600 0.016800 0.013700 0.022900 0.016800 0.015300 0.029500 0.018200 0.009000 0.027800 0.006000 0.000000 0.022900 0.029500 0.016800 0.021500 0.030600 0.023000 0.021600 0.020000
Cattle 0.013800 0.063000 0.013700 0.084600 0.015300 0.013700 0.016800 0.023200 0.013700 0.019900 0.012200 0.013700 0.019900 0.012200 0.012100 0.024700 0.027900 0.026400 0.013700 0.007600 0.017200 0.012200 0.018200 0.022900 0.012200 0.021500 0.016800 0.007600 0.019900 0.012100 0.023000 0.013700 0.045300 0.016800 0.018400 0.000000 0.012200 0.016800 0.029500 0.032200 0.019800 0.020000 0.019900 0.022900 0.000000 0.026300 0.018400 0.016800 0.030600 0.021500 0.010700 0.009200
RoyalAntel 0.021800 0.063000 0.031100 0.086300 0.023400 0.021800 0.021700 0.026600 0.032700 0.026500 0.020200 0.028000 0.024900 0.018600 0.020100 0.028200 0.036200 0.037900 0.021800 0.028000 0.023600 0.020200 0.028300 0.029600 0.020200 0.028100 0.021700 0.028000 0.026500 0.029500 0.029600 0.018600 0.055500 0.021700 0.026500 0.026400 0.020200 0.024800 0.033000 0.038800 0.029800 0.026600 0.026400 0.029500 0.026300 0.000000 0.020200 0.028100 0.029300 0.029700 0.031300 0.029700
Steenbok 0.013900 0.059600 0.023100 0.082100 0.012300 0.013800 0.013800 0.018800 0.024600 0.013800 0.012300 0.020000 0.016900 0.010800 0.012200 0.017000 0.028100 0.028100 0.013800 0.020000 0.013000 0.012300 0.015300 0.016900 0.012300 0.017000 0.013800 0.020000 0.015400 0.018400 0.016900 0.010700 0.050400 0.013800 0.018500 0.018400 0.012300 0.013800 0.015500 0.029300 0.016800 0.015400 0.013800 0.016800 0.018400 0.020200 0.000000 0.020100 0.027700 0.021700 0.023300 0.021600
Impala 0.015400 0.059200 0.018400 0.079900 0.013800 0.015400 0.018400 0.026600 0.020000 0.021600 0.013800 0.024600 0.018500 0.013800 0.013800 0.024800 0.026500 0.024900 0.015400 0.018400 0.020600 0.013800 0.019900 0.024600 0.013800 0.027900 0.018400 0.018400 0.026200 0.016800 0.024700 0.015400 0.047100 0.018400 0.016900 0.016900 0.013800 0.015400 0.032800 0.030800 0.021400 0.026400 0.021500 0.021500 0.016800 0.028100 0.020100 0.000000 0.029200 0.020600 0.018500 0.017000
Klipspring 0.026500 0.062500 0.032200 0.083600 0.021400 0.026500 0.026000 0.034100 0.033800 0.027700 0.024500 0.033000 0.026100 0.023000 0.024400 0.032500 0.034200 0.035700 0.026100 0.032300 0.028100 0.024500 0.032100 0.034600 0.024500 0.035600 0.026000 0.032200 0.033900 0.030600 0.027600 0.023000 0.056400 0.026100 0.027700 0.030700 0.024500 0.019900 0.036100 0.043200 0.033700 0.034000 0.027600 0.030600 0.030600 0.029300 0.027700 0.029200 0.000000 0.034000 0.030900 0.030900
ForestMusk 0.013900 0.055900 0.026500 0.081700 0.015400 0.013800 0.020000 0.031400 0.027800 0.020000 0.012300 0.023100 0.023200 0.015400 0.012200 0.029900 0.021700 0.023400 0.013800 0.023100 0.025200 0.012300 0.021400 0.023100 0.012300 0.026600 0.020000 0.023100 0.028100 0.024600 0.023100 0.016900 0.048800 0.020000 0.018500 0.021500 0.012300 0.020000 0.035100 0.035500 0.023000 0.028200 0.020000 0.023000 0.021500 0.029700 0.021700 0.020600 0.034000 0.000000 0.026400 0.025000
Bushbuck 0.018500 0.064300 0.009200 0.087000 0.017000 0.018500 0.018500 0.025000 0.010700 0.021700 0.016900 0.021700 0.018500 0.016900 0.016900 0.026500 0.026500 0.025000 0.018500 0.012300 0.022100 0.016900 0.020000 0.024800 0.016900 0.026400 0.018500 0.009200 0.024700 0.007700 0.023300 0.018500 0.040800 0.018500 0.017000 0.010700 0.016900 0.018600 0.034600 0.034100 0.021600 0.024800 0.021700 0.021600 0.010700 0.031300 0.023300 0.018500 0.030900 0.026400 0.000000 0.004600
GreaterKud 0.017000 0.062600 0.004600 0.085100 0.015400 0.016900 0.016900 0.023400 0.009200 0.020000 0.015400 0.020000 0.016900 0.015400 0.015300 0.021700 0.024900 0.023400 0.016900 0.010700 0.020400 0.015400 0.018400 0.023100 0.015400 0.021600 0.016900 0.007600 0.020000 0.006100 0.023100 0.016900 0.042300 0.016900 0.015400 0.009200 0.015400 0.016900 0.029700 0.032500 0.019900 0.020100 0.020000 0.020000 0.009200 0.029700 0.021600 0.017000 0.030900 0.025000 0.004600 0.000000
