1
52 1
Argali 0.000000 0.230800 0.043600 0.104800 0.091600 0.000000 0.224200 0.092000 0.093000 0.093000 0.046800 0.140000 0.095300 0.235400 0.135300 0.091100 0.252500 0.150000 0.093000 0.093000 0.086500 0.046800 0.144300 0.093000 0.046800 0.091200 0.095500 0.093000 0.092000 0.043000 0.093000 0.191800 0.137900 0.044600 0.092000 0.140000 0.046800 0.137100 0.046700 0.205200 0.208200 0.092000 0.093000 0.093000 0.182400 0.231200 0.135300 0.085500 0.091800 0.093000 0.093000 0.086300
LesserMous 0.230800 0.000000 0.278300 0.200900 0.228800 0.230800 0.257800 0.228800 0.231400 0.231400 0.184900 0.279800 0.236800 0.268700 0.270900 0.228800 0.406200 0.296900 0.231400 0.231400 0.217200 0.184900 0.287100 0.231400 0.184900 0.228800 0.236800 0.231400 0.228800 0.278300 0.231400 0.226700 0.390000 0.284200 0.228800 0.279800 0.184900 0.173500 0.185100 0.358000 0.496100 0.228800 0.231400 0.231400 0.321000 0.376400 0.270900 0.317500 0.228800 0.231400 0.231400 0.321300
LesserKudu 0.043600 0.278300 0.000000 0.156000 0.137500 0.043100 0.270700 0.137500 0.044100 0.043000 0.093000 0.088500 0.142200 0.283600 0.180300 0.137500 0.190600 0.094300 0.043200 0.044100 0.129700 0.093000 0.091000 0.044100 0.093000 0.137500 0.142200 0.044100 0.137500 0.000000 0.044100 0.240000 0.087200 0.089400 0.137500 0.088500 0.093000 0.182800 0.092900 0.144900 0.146900 0.137500 0.044100 0.044100 0.129600 0.175600 0.180300 0.128200 0.137500 0.044100 0.044000 0.041100
KillerWhal 0.104800 0.200900 0.156000 0.000000 0.103800 0.104800 0.248200 0.103800 0.105200 0.105200 0.053200 0.157800 0.108700 0.264000 0.151400 0.103800 0.164200 0.054500 0.105200 0.105200 0.203500 0.053200 0.163000 0.105200 0.053200 0.103800 0.108700 0.105200 0.103800 0.156000 0.105200 0.217100 0.156300 0.160800 0.103800 0.157800 0.053200 0.153900 0.052900 0.235800 0.240600 0.103800 0.105200 0.105200 0.203700 0.258500 0.151400 0.200100 0.103800 0.105200 0.105200 0.202800
DefassaWat 0.091600 0.228800 0.137500 0.103800 0.000000 0.092000 0.127300 0.000000 0.092300 0.092300 0.046400 0.138800 0.094500 0.133300 0.042800 0.000000 0.250000 0.148600 0.092300 0.092300 0.086200 0.046400 0.143000 0.092300 0.046400 0.000000 0.094500 0.092300 0.000000 0.137500 0.092300 0.090600 0.240500 0.140600 0.091300 0.138800 0.046400 0.043300 0.046300 0.203200 0.328600 0.000000 0.092300 0.092300 0.180900 0.131100 0.042800 0.085200 0.000000 0.092300 0.092300 0.180300
Sheep 0.000000 0.230800 0.043100 0.104800 0.092000 0.000000 0.224200 0.092000 0.093000 0.093000 0.046600 0.140000 0.095300 0.235400 0.135300 0.092000 0.252500 0.150000 0.093000 0.093000 0.086500 0.046800 0.144300 0.093000 0.046800 0.092000 0.095300 0.093000 0.092000 0.043900 0.093000 0.191800 0.137900 0.044900 0.092000 0.140000 0.046800 0.137100 0.046700 0.205200 0.208200 0.092000 0.093000 0.093100 0.182400 0.231200 0.135300 0.085500 0.092000 0.093000 0.093000 0.086300
MaxwellsDu 0.224200 0.257800 0.270700 0.248200 0.127300 0.224200 0.000000 0.127300 0.224800 0.224800 0.179300 0.272300 0.228700 0.166300 0.167900 0.127300 0.391600 0.287200 0.224800 0.224800 0.121400 0.179300 0.279900 0.224800 0.179300 0.127300 0.228700 0.224800 0.127300 0.270700 0.224800 0.126000 0.378800 0.274800 0.222400 0.272300 0.179300 0.080800 0.179200 0.345000 0.480900 0.127300 0.224800 0.224800 0.313300 0.260100 0.167900 0.210700 0.127300 0.224800 0.224800 0.313300
GazellaPrz 0.092000 0.228800 0.137500 0.103800 0.000000 0.092000 0.127300 0.000000 0.092300 0.092300 0.046400 0.138800 0.094500 0.133300 0.042800 0.000000 0.250000 0.149000 0.092300 0.092300 0.085000 0.046400 0.143000 0.092300 0.046400 0.000000 0.094500 0.092300 0.000000 0.137500 0.092300 0.090600 0.240500 0.140600 0.091300 0.138800 0.046400 0.043300 0.046300 0.203200 0.328600 0.000000 0.092300 0.092300 0.180900 0.131100 0.042800 0.085200 0.000000 0.092300 0.092300 0.180300
MountainNy 0.093000 0.231400 0.044100 0.105200 0.092300 0.093000 0.224800 0.092300 0.000000 0.000000 0.046600 0.044500 0.095600 0.236100 0.135700 0.092300 0.143900 0.047700 0.000000 0.000000 0.182800 0.046900 0.045800 0.000000 0.047100 0.092300 0.095600 0.000000 0.092300 0.044100 0.000000 0.192400 0.138400 0.142200 0.092300 0.044500 0.046900 0.137500 0.046900 0.097600 0.209100 0.092300 0.000000 0.000000 0.087100 0.131900 0.135600 0.180300 0.092300 0.000000 0.000000 0.086500
MuntiacusM 0.093000 0.231400 0.043000 0.105200 0.092300 0.093000 0.224800 0.092300 0.000000 0.000000 0.046900 0.044500 0.095600 0.236100 0.135600 0.092300 0.143900 0.047700 0.000000 0.000000 0.182800 0.046500 0.045800 0.000000 0.046900 0.092300 0.095600 0.000000 0.092300 0.044100 0.000000 0.192400 0.138400 0.141900 0.090400 0.044500 0.046900 0.137500 0.046900 0.097600 0.209100 0.092300 0.000000 0.000000 0.087100 0.132200 0.135600 0.180300 0.092300 0.000000 0.000000 0.086500
goat 0.046800 0.184900 0.093000 0.053200 0.046400 0.046600 0.179300 0.046400 0.046600 0.046900 0.000000 0.094000 0.048200 0.188800 0.090800 0.046400 0.203400 0.101200 0.046900 0.046600 0.137100 0.000000 0.096800 0.046900 0.000000 0.046400 0.048200 0.046600 0.046400 0.092100 0.046900 0.144800 0.195100 0.095300 0.046400 0.094000 0.000000 0.092000 0.000100 0.155500 0.279000 0.046400 0.046900 0.046900 0.137400 0.185200 0.090800 0.135300 0.046400 0.046900 0.047000 0.136700
AfricanBuf 0.140000 0.279800 0.088500 0.157800 0.138800 0.140000 0.272300 0.138800 0.044500 0.044500 0.094000 0.000000 0.143600 0.285700 0.181700 0.138800 0.192200 0.095400 0.043800 0.044500 0.230300 0.094000 0.092000 0.043700 0.094000 0.138800 0.143600 0.044500 0.138800 0.088500 0.044500 0.242100 0.185300 0.190300 0.138800 0.000000 0.094000 0.184300 0.093800 0.146500 0.262300 0.138800 0.044500 0.044300 0.040900 0.176900 0.181700 0.226900 0.138800 0.043800 0.044500 0.130500
Topi 0.095300 0.236800 0.142200 0.108700 0.094500 0.095300 0.228700 0.094500 0.095600 0.095600 0.048200 0.143600 0.000000 0.241100 0.138500 0.094800 0.260700 0.154600 0.095600 0.095600 0.186500 0.048600 0.147700 0.095100 0.048200 0.094500 0.000000 0.095600 0.094500 0.142200 0.095600 0.197100 0.248900 0.046500 0.094500 0.143600 0.048200 0.140600 0.048100 0.212200 0.341100 0.094500 0.095600 0.095600 0.186500 0.237000 0.138500 0.183800 0.094500 0.095600 0.095600 0.185800
CommonDuik 0.235400 0.268700 0.283600 0.264000 0.133300 0.235400 0.166300 0.133300 0.236100 0.236100 0.188800 0.285700 0.241100 0.000000 0.083800 0.133300 0.294500 0.303900 0.236100 0.236100 0.126300 0.188800 0.294000 0.236100 0.188800 0.133300 0.241100 0.236100 0.133300 0.283600 0.236100 0.040900 0.283800 0.289000 0.233300 0.285700 0.188800 0.084300 0.188400 0.365700 0.511900 0.133300 0.236100 0.236100 0.327200 0.172100 0.083800 0.125600 0.133300 0.236100 0.236100 0.222200
Suni 0.135300 0.270900 0.180300 0.151400 0.042800 0.135300 0.167900 0.042800 0.135700 0.135600 0.090800 0.181700 0.138500 0.083800 0.000000 0.042800 0.186900 0.193400 0.135200 0.135600 0.127400 0.090800 0.187000 0.135600 0.090800 0.042700 0.138500 0.135600 0.042800 0.180300 0.135600 0.133300 0.180400 0.183800 0.134200 0.181700 0.090800 0.085200 0.090500 0.248000 0.374100 0.042800 0.135600 0.135600 0.222700 0.082500 0.000000 0.039900 0.042800 0.135500 0.135600 0.127400
Springbuck 0.091100 0.228800 0.137500 0.103800 0.000000 0.092000 0.127300 0.000000 0.092300 0.092300 0.046400 0.138800 0.094800 0.133300 0.042800 0.000000 0.250000 0.148700 0.092300 0.092300 0.086300 0.046400 0.143000 0.092300 0.046400 0.000000 0.095600 0.092300 0.000000 0.137500 0.091600 0.090600 0.240500 0.140600 0.091000 0.138800 0.046400 0.043300 0.046300 0.203200 0.328600 0.000000 0.092300 0.092300 0.180900 0.131100 0.042800 0.085200 0.000000 0.092300 0.092300 0.180300
Okapi 0.252500 0.406200 0.190600 0.164200 0.250000 0.252500 0.391600 0.250000 0.143900 0.143900 0.203400 0.192200 0.260700 0.294500 0.186900 0.250000 0.000000 0.098500 0.143900 0.143900 0.348900 0.203400 0.197700 0.143900 0.203400 0.250000 0.260700 0.143900 0.250000 0.190600 0.143900 0.369000 0.091100 0.311200 0.250000 0.192200 0.203400 0.299000 0.203100 0.266000 0.270600 0.250000 0.143900 0.143900 0.234300 0.182300 0.186900 0.233300 0.250000 0.143900 0.143900 0.134000
Giraffe 0.150000 0.296900 0.094300 0.054500 0.148600 0.150000 0.287200 0.149000 0.047700 0.047700 0.101200 0.095400 0.154600 0.303900 0.193400 0.148700 0.098500 0.000000 0.047700 0.047700 0.244400 0.101200 0.098500 0.047700 0.101200 0.148600 0.154600 0.047700 0.148600 0.094300 0.047700 0.259100 0.094500 0.204100 0.148600 0.095400 0.101200 0.196500 0.101100 0.158200 0.161800 0.148600 0.047700 0.047200 0.137600 0.187500 0.193400 0.240500 0.148600 0.047700 0.047700 0.138400
TibetanAnt 0.093000 0.231400 0.043200 0.105200 0.092300 0.093000 0.224800 0.092300 0.000000 0.000000 0.046900 0.043800 0.095600 0.236100 0.135200 0.092300 0.143900 0.047700 0.000000 0.000000 0.182800 0.046900 0.045800 0.000000 0.046900 0.092300 0.095600 0.000000 0.092300 0.044100 0.000000 0.192400 0.138400 0.142200 0.092300 0.044500 0.046900 0.137500 0.046900 0.097600 0.209100 0.092300 0.000000 0.000000 0.087100 0.131900 0.135600 0.180300 0.092300 0.000000 0.000000 0.086500
Sitatunga 0.093000 0.231400 0.044100 0.105200 0.092300 0.093000 0.224800 0.092300 0.000000 0.000000 0.046600 0.044500 0.095600 0.236100 0.135600 0.092300 0.143900 0.047700 0.000000 0.000000 0.182800 0.046600 0.045800 0.000000 0.046900 0.092300 0.095600 0.000000 0.093000 0.044100 0.000000 0.192400 0.138400 0.142200 0.092300 0.044500 0.047000 0.137500 0.046900 0.097600 0.209100 0.092300 0.000000 0.000000 0.087100 0.131900 0.135600 0.180300 0.092300 0.000000 0.000000 0.086500
Oribi 0.086500 0.217200 0.129700 0.203500 0.086200 0.086500 0.121400 0.085000 0.182800 0.182800 0.137100 0.230300 0.186500 0.126300 0.127400 0.086300 0.348900 0.244400 0.182800 0.182800 0.000000 0.137100 0.237000 0.182800 0.136200 0.086200 0.186500 0.182800 0.086200 0.129700 0.182800 0.085300 0.226600 0.132200 0.180800 0.230300 0.137100 0.041000 0.136900 0.301900 0.305800 0.086200 0.182800 0.182800 0.271800 0.218900 0.127600 0.081000 0.086600 0.182800 0.182800 0.171000
BarbaryShe 0.046800 0.184900 0.093000 0.053200 0.046400 0.046800 0.179300 0.046400 0.046900 0.046500 0.000000 0.094000 0.048600 0.188800 0.090800 0.046400 0.203400 0.101200 0.046900 0.046600 0.137100 0.000000 0.097000 0.046600 0.000000 0.046400 0.048200 0.046700 0.046400 0.093000 0.046900 0.144800 0.195100 0.094800 0.046400 0.094000 0.000000 0.092000 0.000100 0.155500 0.279000 0.046400 0.046600 0.046900 0.137400 0.185200 0.090800 0.135300 0.046700 0.046900 0.046900 0.136700
Daviddeer 0.144300 0.287100 0.091000 0.163000 0.143000 0.144300 0.279900 0.143000 0.045800 0.045800 0.096800 0.092000 0.147700 0.294000 0.187000 0.143000 0.197700 0.098500 0.045800 0.045800 0.237000 0.097000 0.000000 0.045800 0.097000 0.143000 0.147700 0.045800 0.143000 0.091000 0.045800 0.249400 0.190900 0.195600 0.143000 0.092000 0.097000 0.189800 0.096800 0.151000 0.154900 0.143000 0.044800 0.044900 0.134800 0.181300 0.187000 0.233400 0.143000 0.045800 0.045800 0.134700
Reindeer 0.093000 0.231400 0.044100 0.105200 0.092300 0.093000 0.224800 0.092300 0.000000 0.000000 0.046900 0.043700 0.095100 0.236100 0.135600 0.092300 0.143900 0.047700 0.000000 0.000000 0.182800 0.046600 0.045800 0.000000 0.046900 0.092300 0.095600 0.000000 0.092300 0.044100 0.000000 0.192400 0.138400 0.142200 0.092300 0.044500 0.047000 0.137500 0.046900 0.097600 0.209100 0.092300 0.000000 0.000000 0.087100 0.131900 0.135600 0.180300 0.092300 0.000000 0.000000 0.086500
Ibex 0.046800 0.184900 0.093000 0.053200 0.046400 0.046800 0.179300 0.046400 0.047100 0.046900 0.000000 0.094000 0.048200 0.188800 0.090800 0.046400 0.203400 0.101200 0.046900 0.046900 0.136200 0.000000 0.097000 0.046900 0.000000 0.046400 0.048700 0.046900 0.046400 0.093000 0.046900 0.144800 0.195100 0.095300 0.046400 0.094000 0.000000 0.092000 0.000100 0.155500 0.279000 0.046400 0.046900 0.046700 0.137400 0.185200 0.090800 0.135300 0.046400 0.046900 0.047000 0.136700
GyrantGaze 0.091200 0.228800 0.137500 0.103800 0.000000 0.092000 0.127300 0.000000 0.092300 0.092300 0.046400 0.138800 0.094500 0.133300 0.042700 0.000000 0.250000 0.148600 0.092300 0.092300 0.086200 0.046400 0.143000 0.092300 0.046400 0.000000 0.094500 0.092300 0.000000 0.137500 0.092300 0.090600 0.240500 0.140600 0.091300 0.138800 0.046400 0.043300 0.046300 0.203200 0.328600 0.000000 0.091900 0.092300 0.180900 0.131100 0.042800 0.085200 0.000000 0.091400 0.091700 0.180300
Hartebeest 0.095500 0.236800 0.142200 0.108700 0.094500 0.095300 0.228700 0.094500 0.095600 0.095600 0.048200 0.143600 0.000000 0.241100 0.138500 0.095600 0.260700 0.154600 0.095600 0.095600 0.186500 0.048200 0.147700 0.095600 0.048700 0.094500 0.000000 0.095600 0.094500 0.142200 0.095600 0.197100 0.248900 0.046500 0.094600 0.143600 0.048200 0.140600 0.048100 0.212200 0.341100 0.094500 0.095600 0.095600 0.186500 0.237000 0.138500 0.183800 0.094500 0.095600 0.095600 0.185800
Bongo 0.093000 0.231400 0.044100 0.105200 0.092300 0.093000 0.224800 0.092300 0.000000 0.000000 0.046600 0.044500 0.095600 0.236100 0.135600 0.092300 0.143900 0.047700 0.000000 0.000000 0.182800 0.046700 0.045800 0.000000 0.046900 0.092300 0.095600 0.000000 0.092300 0.044100 0.000000 0.192400 0.138400 0.142200 0.092300 0.044100 0.046900 0.137500 0.046900 0.097600 0.209100 0.092300 0.000000 0.000000 0.086700 0.131900 0.135600 0.180300 0.092300 0.000000 0.000000 0.086500
Gerenuk 0.092000 0.228800 0.137500 0.103800 0.000000 0.092000 0.127300 0.000000 0.092300 0.092300 0.046400 0.138800 0.094500 0.133300 0.042800 0.000000 0.250000 0.148600 0.092300 0.093000 0.086200 0.046400 0.143000 0.092300 0.046400 0.000000 0.094500 0.092300 0.000000 0.137500 0.092300 0.090600 0.240500 0.140600 0.091300 0.138800 0.046400 0.042900 0.046300 0.203200 0.328600 0.000000 0.092300 0.092300 0.180900 0.131100 0.042800 0.085200 0.000000 0.092300 0.092300 0.180300
CommonElan 0.043000 0.278300 0.000000 0.156000 0.137500 0.043900 0.270700 0.137500 0.044100 0.044100 0.092100 0.088500 0.142200 0.283600 0.180300 0.137500 0.190600 0.094300 0.044100 0.044100 0.129700 0.093000 0.091000 0.044100 0.093000 0.137500 0.142200 0.044100 0.137500 0.000000 0.044100 0.240000 0.087200 0.089400 0.137500 0.088500 0.093000 0.182800 0.092900 0.144900 0.146900 0.137500 0.044100 0.044100 0.130100 0.175600 0.180300 0.128200 0.137500 0.044100 0.044100 0.041100
MuntiacusR 0.093000 0.231400 0.044100 0.105200 0.092300 0.093000 0.224800 0.092300 0.000000 0.000000 0.046900 0.044500 0.095600 0.236100 0.135600 0.091600 0.143900 0.047700 0.000000 0.000000 0.182800 0.046900 0.045800 0.000000 0.046900 0.092300 0.095600 0.000000 0.092300 0.044100 0.000000 0.192400 0.138400 0.142200 0.092300 0.043700 0.046900 0.137500 0.046900 0.097600 0.209100 0.092300 0.000000 0.000000 0.087100 0.131900 0.135600 0.180300 0.092300 0.000000 0.000000 0.086500
HarveysDui 0.191800 0.226700 0.240000 0.217100 0.090600 0.191800 0.126000 0.090600 0.192400 0.192400 0.144800 0.242100 0.197100 0.040900 0.133300 0.090600 0.369000 0.259100 0.192400 0.192400 0.085300 0.144800 0.249400 0.192400 0.144800 0.090600 0.197100 0.192400 0.090600 0.240000 0.192400 0.000000 0.354300 0.245200 0.190100 0.242100 0.144800 0.042800 0.144500 0.320600 0.465300 0.090600 0.192400 0.192400 0.284300 0.228400 0.133300 0.177400 0.090600 0.192400 0.192400 0.283600
Pronghorn 0.137900 0.390000 0.087200 0.156300 0.240500 0.137900 0.378800 0.240500 0.138400 0.138400 0.195100 0.185300 0.248900 0.283800 0.180400 0.240500 0.091100 0.094500 0.138400 0.138400 0.226600 0.195100 0.190900 0.138400 0.195100 0.240500 0.248900 0.138400 0.240500 0.087200 0.138400 0.354300 0.000000 0.187400 0.240500 0.185300 0.195100 0.288000 0.194900 0.253700 0.147200 0.240500 0.138400 0.138200 0.226600 0.175700 0.180400 0.128300 0.240500 0.138600 0.138400 0.041100
BlueWildeb 0.044600 0.284200 0.089400 0.160800 0.140600 0.044900 0.274800 0.140600 0.142200 0.141900 0.095300 0.190300 0.046500 0.289000 0.183800 0.140600 0.311200 0.204100 0.142200 0.142200 0.132200 0.094800 0.195600 0.142200 0.095300 0.140600 0.046500 0.142200 0.140600 0.089400 0.142200 0.245200 0.187400 0.000000 0.140600 0.190300 0.095300 0.186500 0.095200 0.262900 0.264800 0.140600 0.142200 0.142200 0.232400 0.284500 0.183800 0.130500 0.140600 0.142200 0.142200 0.131800
Gemsbok 0.092000 0.228800 0.137500 0.103800 0.091300 0.092000 0.222400 0.091300 0.092300 0.090400 0.046400 0.138800 0.094500 0.233300 0.134200 0.091000 0.250000 0.148600 0.092300 0.092300 0.180800 0.046400 0.143000 0.092300 0.046400 0.091300 0.094600 0.092300 0.091300 0.137500 0.092300 0.190100 0.240500 0.140600 0.000000 0.138800 0.046400 0.136000 0.046400 0.203200 0.328600 0.091300 0.092300 0.092300 0.180900 0.229300 0.134200 0.178400 0.091300 0.092300 0.092300 0.180300
Yak 0.140000 0.279800 0.088500 0.157800 0.138800 0.140000 0.272300 0.138800 0.044500 0.044500 0.094000 0.000000 0.143600 0.285700 0.181700 0.138800 0.192200 0.095400 0.044500 0.044500 0.230300 0.094000 0.092000 0.044500 0.094000 0.138800 0.143600 0.044100 0.138800 0.088500 0.043700 0.242100 0.185300 0.190300 0.138800 0.000000 0.094000 0.184300 0.093800 0.146500 0.262300 0.138800 0.043800 0.044500 0.040900 0.176900 0.181700 0.226900 0.138800 0.043700 0.044000 0.130500
BlueSheep 0.046800 0.184900 0.093000 0.053200 0.046400 0.046800 0.179300 0.046400 0.046900 0.046900 0.000000 0.094000 0.048200 0.188800 0.090800 0.046400 0.203400 0.101200 0.046900 0.047000 0.137100 0.000000 0.097000 0.047000 0.000000 0.046400 0.048200 0.046900 0.046400 0.093000 0.046900 0.144800 0.195100 0.095300 0.046400 0.094000 0.000000 0.092000 0.000100 0.155500 0.279000 0.046400 0.046900 0.046900 0.137400 0.185200 0.090800 0.135300 0.046400 0.046900 0.047100 0.136700
BohorReedb 0.137100 0.173500 0.182800 0.153900 0.043300 0.137100 0.080800 0.043300 0.137500 0.137500 0.092000 0.184300 0.140600 0.084300 0.085200 0.043300 0.299000 0.196500 0.137500 0.137500 0.041000 0.092000 0.189800 0.137500 0.092000 0.043300 0.140600 0.137500 0.042900 0.182800 0.137500 0.042800 0.288000 0.186500 0.136000 0.184300 0.092000 0.000000 0.091800 0.252300 0.382000 0.043300 0.137500 0.137500 0.225900 0.174600 0.085200 0.127600 0.043300 0.137500 0.137500 0.225300
KirksDik 0.046700 0.185100 0.092900 0.052900 0.046300 0.046700 0.179200 0.046300 0.046900 0.046900 0.000100 0.093800 0.048100 0.188400 0.090500 0.046300 0.203100 0.101100 0.046900 0.046900 0.136900 0.000100 0.096800 0.046900 0.000100 0.046300 0.048100 0.046900 0.046300 0.092900 0.046900 0.144500 0.194900 0.095200 0.046400 0.093800 0.000100 0.091800 0.000000 0.155400 0.278900 0.046300 0.046900 0.046900 0.137100 0.185000 0.090500 0.135000 0.046300 0.046900 0.046900 0.136400
RoeDeer 0.205200 0.358000 0.144900 0.235800 0.203200 0.205200 0.345000 0.203200 0.097600 0.097600 0.155500 0.146500 0.212200 0.365700 0.248000 0.203200 0.266000 0.158200 0.097600 0.097600 0.301900 0.155500 0.151000 0.097600 0.155500 0.203200 0.212200 0.097600 0.203200 0.144900 0.097600 0.320600 0.253700 0.262900 0.203200 0.146500 0.155500 0.252300 0.155400 0.000000 0.350100 0.203200 0.097600 0.097600 0.190000 0.136100 0.248000 0.296600 0.203200 0.097600 0.097600 0.189100
WhiteLippe 0.208200 0.496100 0.146900 0.240600 0.328600 0.208200 0.480900 0.328600 0.209100 0.209100 0.279000 0.262300 0.341100 0.511900 0.374100 0.328600 0.270600 0.161800 0.209100 0.209100 0.305800 0.279000 0.154900 0.209100 0.279000 0.328600 0.341100 0.209100 0.328600 0.146900 0.209100 0.465300 0.147200 0.264800 0.328600 0.262300 0.279000 0.382000 0.278900 0.350100 0.000000 0.328600 0.209100 0.209100 0.305600 0.361200 0.374100 0.300300 0.328600 0.209100 0.209100 0.191500
ThomsonGaz 0.092000 0.228800 0.137500 0.103800 0.000000 0.092000 0.127300 0.000000 0.092300 0.092300 0.046400 0.138800 0.094500 0.133300 0.042800 0.000000 0.250000 0.148600 0.092300 0.092300 0.086200 0.046400 0.143000 0.092300 0.046400 0.000000 0.094500 0.092300 0.000000 0.137500 0.092300 0.090600 0.240500 0.140600 0.091300 0.138800 0.046400 0.043300 0.046300 0.203200 0.328600 0.000000 0.092300 0.092300 0.180900 0.131100 0.042800 0.085200 0.000000 0.092300 0.092300 0.180300
MuntiacusC 0.093000 0.231400 0.044100 0.105200 0.092300 0.093000 0.224800 0.092300 0.000000 0.000000 0.046900 0.044500 0.095600 0.236100 0.135600 0.092300 0.143900 0.047700 0.000000 0.000000 0.182800 0.046600 0.044800 0.000000 0.046900 0.091900 0.095600 0.000000 0.092300 0.044100 0.000000 0.192400 0.138400 0.142200 0.092300 0.043800 0.046900 0.137500 0.046900 0.097600 0.209100 0.092300 0.000000 0.000000 0.087100 0.131900 0.135600 0.180300 0.092300 0.000000 0.000000 0.086500
WhiteTaile 0.093000 0.231400 0.044100 0.105200 0.092300 0.093100 0.224800 0.092300 0.000000 0.000000 0.046900 0.044300 0.095600 0.236100 0.135600 0.092300 0.143900 0.047200 0.000000 0.000000 0.182800 0.046900 0.044900 0.000000 0.046700 0.092300 0.095600 0.000000 0.092300 0.044100 0.000000 0.192400 0.138200 0.142200 0.092300 0.044500 0.046900 0.137500 0.046900 0.097600 0.209100 0.092300 0.000000 0.000000 0.087100 0.131900 0.135600 0.180300 0.092300 0.000000 0.000000 0.086500
Cattle 0.182400 0.321000 0.129600 0.203700 0.180900 0.182400 0.313300 0.180900 0.087100 0.087100 0.137400 0.040900 0.186500 0.327200 0.222700 0.180900 0.234300 0.137600 0.087100 0.087100 0.271800 0.137400 0.134800 0.087100 0.137400 0.180900 0.186500 0.086700 0.180900 0.130100 0.087100 0.284300 0.226600 0.232400 0.180900 0.040900 0.137400 0.225900 0.137100 0.190000 0.305600 0.180900 0.087100 0.087100 0.000000 0.217400 0.222700 0.267800 0.180900 0.087100 0.087100 0.171100
RoyalAntel 0.231200 0.376400 0.175600 0.258500 0.131100 0.231200 0.260100 0.131100 0.131900 0.132200 0.185200 0.176900 0.237000 0.172100 0.082500 0.131100 0.182300 0.187500 0.131900 0.131900 0.218900 0.185200 0.181300 0.131900 0.185200 0.131100 0.237000 0.131900 0.131100 0.175600 0.131900 0.228400 0.175700 0.284500 0.229300 0.176900 0.185200 0.174600 0.185000 0.136100 0.361200 0.131100 0.131900 0.131900 0.217400 0.000000 0.082500 0.123900 0.131100 0.131900 0.131900 0.124400
Steenbok 0.135300 0.270900 0.180300 0.151400 0.042800 0.135300 0.167900 0.042800 0.135600 0.135600 0.090800 0.181700 0.138500 0.083800 0.000000 0.042800 0.186900 0.193400 0.135600 0.135600 0.127600 0.090800 0.187000 0.135600 0.090800 0.042800 0.138500 0.135600 0.042800 0.180300 0.135600 0.133300 0.180400 0.183800 0.134200 0.181700 0.090800 0.085200 0.090500 0.248000 0.374100 0.042800 0.135600 0.135600 0.222700 0.082500 0.000000 0.040300 0.042800 0.135600 0.135600 0.127400
Impala 0.085500 0.317500 0.128200 0.200100 0.085200 0.085500 0.210700 0.085200 0.180300 0.180300 0.135300 0.226900 0.183800 0.125600 0.039900 0.085200 0.233300 0.240500 0.180300 0.180300 0.081000 0.135300 0.233400 0.180300 0.135300 0.085200 0.183800 0.180300 0.085200 0.128200 0.180300 0.177400 0.128300 0.130500 0.178400 0.226900 0.135300 0.127600 0.135000 0.296600 0.300300 0.085200 0.180300 0.180300 0.267800 0.123900 0.040300 0.000000 0.085200 0.180300 0.180300 0.080900
Klipspring 0.091800 0.228800 0.137500 0.103800 0.000000 0.092000 0.127300 0.000000 0.092300 0.092300 0.046400 0.138800 0.094500 0.133300 0.042800 0.000000 0.250000 0.148600 0.092300 0.092300 0.086600 0.046700 0.143000 0.092300 0.046400 0.000000 0.094500 0.092300 0.000000 0.137500 0.092300 0.090600 0.240500 0.140600 0.091300 0.138800 0.046400 0.043300 0.046300 0.203200 0.328600 0.000000 0.092300 0.092300 0.180900 0.131100 0.042800 0.085200 0.000000 0.092300 0.092300 0.180300
ForestMusk 0.093000 0.231400 0.044100 0.105200 0.092300 0.093000 0.224800 0.092300 0.000000 0.000000 0.046900 0.043800 0.095600 0.236100 0.135500 0.092300 0.143900 0.047700 0.000000 0.000000 0.182800 0.046900 0.045800 0.000000 0.046900 0.091400 0.095600 0.000000 0.092300 0.044100 0.000000 0.192400 0.138600 0.142200 0.092300 0.043700 0.046900 0.137500 0.046900 0.097600 0.209100 0.092300 0.000000 0.000000 0.087100 0.131900 0.135600 0.180300 0.092300 0.000000 0.000000 0.086500
Bushbuck 0.093000 0.231400 0.044000 0.105200 0.092300 0.093000 0.224800 0.092300 0.000000 0.000000 0.047000 0.044500 0.095600 0.236100 0.135600 0.092300 0.143900 0.047700 0.000000 0.000000 0.182800 0.046900 0.045800 0.000000 0.047000 0.091700 0.095600 0.000000 0.092300 0.044100 0.000000 0.192400 0.138400 0.142200 0.092300 0.044000 0.047100 0.137500 0.046900 0.097600 0.209100 0.092300 0.000000 0.000000 0.087100 0.131900 0.135600 0.180300 0.092300 0.000000 0.000000 0.086500
GreaterKud 0.086300 0.321300 0.041100 0.202800 0.180300 0.086300 0.313300 0.180300 0.086500 0.086500 0.136700 0.130500 0.185800 0.222200 0.127400 0.180300 0.134000 0.138400 0.086500 0.086500 0.171000 0.136700 0.134700 0.086500 0.136700 0.180300 0.185800 0.086500 0.180300 0.041100 0.086500 0.283600 0.041100 0.131800 0.180300 0.130500 0.136700 0.225300 0.136400 0.189100 0.191500 0.180300 0.086500 0.086500 0.171100 0.124400 0.127400 0.080900 0.180300 0.086500 0.086500 0.000000
