1
52 1
Argali 0.000000 0.324700 0.060900 0.158300 0.060900 0.014600 0.044800 0.076200 0.060900 0.044900 0.043900 0.109500 0.060400 0.045300 0.076800 0.045200 0.044700 0.075500 0.029800 0.045800 0.029800 0.014600 0.075500 0.059900 0.029200 0.061100 0.060400 0.045800 0.061100 0.061000 0.060100 0.092900 0.060300 0.060400 0.061200 0.111500 0.029200 0.062300 0.062900 0.089000 0.059300 0.061100 0.060800 0.090300 0.078800 0.076300 0.030100 0.075200 0.077700 0.074400 0.061200 0.061000
LesserMous 0.324700 0.000000 0.282600 0.204500 0.285600 0.302700 0.302300 0.302500 0.321900 0.300000 0.337400 0.304500 0.284000 0.284000 0.345000 0.304800 0.297800 0.337900 0.284100 0.304600 0.300800 0.302700 0.295300 0.317000 0.319600 0.246800 0.284000 0.304600 0.246800 0.322200 0.318500 0.267700 0.362100 0.284000 0.289000 0.266900 0.319600 0.331400 0.336200 0.392100 0.313700 0.246800 0.341700 0.276000 0.310600 0.262000 0.286200 0.338000 0.303800 0.376000 0.281800 0.322200
LesserKudu 0.060900 0.282600 0.000000 0.157400 0.061300 0.045200 0.045200 0.076600 0.029500 0.044800 0.075200 0.108800 0.060900 0.045400 0.077100 0.061400 0.044600 0.075300 0.030100 0.014100 0.029900 0.045200 0.075200 0.059700 0.060200 0.061300 0.060900 0.014200 0.030100 0.029500 0.060000 0.093400 0.091900 0.060900 0.061800 0.110700 0.060200 0.062600 0.063200 0.120300 0.090400 0.061300 0.076200 0.089900 0.078300 0.076500 0.030300 0.060100 0.046100 0.106100 0.029600 0.029500
KillerWhal 0.158300 0.204500 0.157400 0.000000 0.125100 0.140600 0.140500 0.174900 0.157400 0.123000 0.171900 0.175500 0.157900 0.141200 0.176300 0.142000 0.122300 0.155300 0.124500 0.141700 0.123900 0.140600 0.155100 0.138500 0.156000 0.124900 0.157900 0.141700 0.124900 0.157600 0.139000 0.159100 0.191200 0.157900 0.160300 0.141900 0.156000 0.162300 0.164100 0.220100 0.171200 0.124900 0.157300 0.137000 0.144500 0.174900 0.125400 0.172700 0.177900 0.188000 0.158000 0.157600
DefassaWat 0.060900 0.285600 0.061300 0.125100 0.000000 0.045200 0.045200 0.076600 0.061300 0.045300 0.075100 0.077600 0.060900 0.045400 0.077100 0.077200 0.045000 0.076000 0.030100 0.046000 0.029900 0.045200 0.075900 0.060300 0.060100 0.061300 0.060900 0.046000 0.061300 0.061300 0.060500 0.061400 0.092700 0.060900 0.061800 0.079000 0.060100 0.062600 0.063200 0.121800 0.091200 0.061300 0.076900 0.090700 0.047000 0.076500 0.030200 0.075500 0.078300 0.107100 0.061400 0.061300
Sheep 0.014600 0.302700 0.045200 0.140600 0.045200 0.000000 0.029700 0.060300 0.045200 0.029700 0.028900 0.092800 0.044800 0.029900 0.060700 0.029800 0.029500 0.059700 0.014700 0.030200 0.014700 0.000000 0.059700 0.044500 0.014500 0.045300 0.044800 0.030200 0.045300 0.045300 0.044600 0.076500 0.044700 0.044800 0.045400 0.094400 0.014500 0.046200 0.046700 0.073300 0.044000 0.045300 0.045100 0.074400 0.062400 0.060300 0.014900 0.059500 0.061500 0.058900 0.045400 0.045300
MaxwellsDu 0.044800 0.302300 0.045200 0.140500 0.045200 0.029700 0.000000 0.060200 0.045200 0.029700 0.059200 0.092900 0.044800 0.029800 0.060700 0.060900 0.029500 0.059800 0.014200 0.030200 0.014700 0.029500 0.059700 0.044500 0.044200 0.045200 0.044800 0.030200 0.045200 0.045200 0.044600 0.076500 0.076000 0.044600 0.045400 0.094500 0.044200 0.046300 0.046600 0.104800 0.074800 0.045200 0.060500 0.074400 0.062400 0.060200 0.014900 0.059500 0.061500 0.090200 0.045300 0.045200
GazellaPrz 0.076200 0.302500 0.076600 0.174900 0.076600 0.060300 0.060200 0.000000 0.076600 0.060300 0.044300 0.126000 0.076100 0.060600 0.060900 0.092000 0.029600 0.060000 0.045100 0.061300 0.044500 0.060300 0.091100 0.075400 0.044500 0.075900 0.076100 0.061300 0.076000 0.076700 0.075600 0.108900 0.092400 0.076100 0.077200 0.128200 0.044500 0.078200 0.078300 0.105200 0.106500 0.075900 0.092300 0.105900 0.095200 0.091900 0.044800 0.090700 0.093800 0.122400 0.076900 0.076700
MountainNy 0.060900 0.321900 0.029500 0.157400 0.061300 0.045200 0.045200 0.076600 0.000000 0.044800 0.075200 0.108800 0.060900 0.045400 0.077100 0.061400 0.044600 0.075300 0.030100 0.014100 0.029900 0.045200 0.075200 0.059700 0.060100 0.061300 0.060900 0.014800 0.061300 0.029500 0.059900 0.093300 0.091800 0.060900 0.061800 0.110700 0.060100 0.062600 0.063200 0.088900 0.090400 0.061300 0.076200 0.089900 0.078300 0.076500 0.030300 0.060100 0.078200 0.106100 0.029600 0.029500
MuntiacusM 0.044900 0.300000 0.044800 0.123000 0.045300 0.029700 0.029700 0.060300 0.044800 0.000000 0.059200 0.092200 0.045000 0.029800 0.060700 0.060800 0.029200 0.059100 0.014800 0.029900 0.014700 0.029700 0.028900 0.014400 0.044400 0.045300 0.045000 0.029900 0.045300 0.044800 0.013900 0.076900 0.075400 0.045000 0.045600 0.093900 0.044400 0.046200 0.046600 0.072700 0.043300 0.045300 0.029100 0.043200 0.062000 0.060200 0.014900 0.059500 0.061600 0.089600 0.044900 0.044800
goat 0.043900 0.337400 0.075200 0.171900 0.075100 0.028900 0.059200 0.044300 0.075200 0.059200 0.000000 0.123500 0.074500 0.059600 0.090900 0.044500 0.029000 0.058900 0.044100 0.060200 0.029300 0.028900 0.089500 0.074000 0.014200 0.060100 0.074500 0.060200 0.060100 0.075300 0.074200 0.107000 0.044100 0.074500 0.075500 0.125700 0.014200 0.076800 0.061800 0.072300 0.073300 0.060100 0.075000 0.104000 0.093300 0.090300 0.029600 0.089100 0.092000 0.088300 0.075500 0.075300
AfricanBuf 0.109500 0.304500 0.108800 0.175500 0.077600 0.092800 0.092900 0.126000 0.108800 0.092200 0.123500 0.000000 0.077100 0.093200 0.127000 0.127000 0.091700 0.124000 0.077200 0.093300 0.076700 0.092800 0.123500 0.107400 0.108100 0.110200 0.077100 0.093300 0.110200 0.108800 0.107800 0.110600 0.141700 0.077100 0.078300 0.062000 0.108100 0.112700 0.113800 0.170000 0.139200 0.110200 0.125300 0.106200 0.062300 0.125800 0.077700 0.124300 0.128900 0.156100 0.109000 0.108800
Topi 0.060400 0.284000 0.060900 0.157900 0.060900 0.044800 0.044800 0.076100 0.060900 0.045000 0.074500 0.077100 0.000000 0.045200 0.076700 0.076900 0.044700 0.075500 0.029800 0.045700 0.029700 0.044800 0.075400 0.059900 0.059600 0.061000 0.000000 0.045700 0.061000 0.061000 0.060200 0.092800 0.092200 0.000000 0.030200 0.078500 0.059600 0.062300 0.062900 0.121000 0.090700 0.061000 0.076500 0.059300 0.079000 0.076100 0.030100 0.075100 0.077800 0.106400 0.061100 0.061000
CommonDuik 0.045300 0.284000 0.045400 0.141200 0.045400 0.029900 0.029800 0.060600 0.045400 0.029800 0.059600 0.093200 0.045200 0.000000 0.061000 0.061100 0.029600 0.060000 0.014900 0.030300 0.014800 0.029900 0.060000 0.044700 0.044700 0.045500 0.045200 0.030300 0.045500 0.045500 0.044900 0.076800 0.076500 0.045200 0.045800 0.094900 0.044700 0.046400 0.046900 0.105400 0.075300 0.045500 0.060800 0.074700 0.062700 0.060600 0.015000 0.059700 0.061800 0.090800 0.045600 0.045500
Suni 0.076800 0.345000 0.077100 0.176300 0.077100 0.060700 0.060700 0.060900 0.077100 0.060700 0.090900 0.127000 0.076700 0.061000 0.000000 0.093600 0.060400 0.090500 0.045400 0.061800 0.045100 0.060700 0.091700 0.075800 0.075700 0.077200 0.076700 0.061800 0.077200 0.077200 0.076200 0.109800 0.109100 0.076700 0.077800 0.129300 0.075700 0.079000 0.079700 0.138000 0.107300 0.077200 0.093000 0.106600 0.096100 0.092700 0.045700 0.060000 0.094600 0.123200 0.077400 0.077200
Springbuck 0.045200 0.304800 0.061400 0.142000 0.077200 0.029800 0.060900 0.092000 0.061400 0.060800 0.044500 0.127000 0.076900 0.061100 0.093600 0.000000 0.060400 0.091900 0.045600 0.046200 0.045000 0.029800 0.091900 0.076000 0.044600 0.045100 0.076900 0.046200 0.045100 0.061600 0.076300 0.109400 0.060900 0.076900 0.077900 0.129200 0.044600 0.079200 0.079300 0.105100 0.075200 0.045100 0.077100 0.106800 0.096100 0.093200 0.045500 0.059800 0.094700 0.090500 0.061800 0.061600
Okapi 0.044700 0.297800 0.044600 0.122300 0.045000 0.029500 0.029500 0.029600 0.044600 0.029200 0.029000 0.091700 0.044700 0.029600 0.060400 0.060400 0.000000 0.028900 0.014700 0.029700 0.014600 0.029500 0.058400 0.043700 0.014500 0.045000 0.044700 0.029700 0.045000 0.044600 0.043900 0.076200 0.074900 0.044700 0.045400 0.093300 0.014500 0.045900 0.046300 0.072900 0.073100 0.045000 0.059400 0.072800 0.061600 0.059800 0.014800 0.059200 0.061200 0.089100 0.044700 0.044600
Giraffe 0.075500 0.337900 0.075300 0.155300 0.076000 0.059700 0.059800 0.060000 0.075300 0.059100 0.058900 0.124000 0.075500 0.060000 0.090500 0.091900 0.028900 0.000000 0.044700 0.060200 0.044400 0.059700 0.088800 0.073800 0.044100 0.075900 0.075500 0.060200 0.076000 0.075300 0.074100 0.108200 0.106300 0.075500 0.076600 0.126100 0.044100 0.077500 0.078200 0.103600 0.103800 0.075900 0.090300 0.103400 0.093600 0.091000 0.045000 0.090000 0.093100 0.120500 0.075500 0.075300
TibetanAnt 0.029800 0.284100 0.030100 0.124500 0.030100 0.014700 0.014200 0.045100 0.030100 0.014800 0.044100 0.077200 0.029800 0.014900 0.045400 0.045600 0.014700 0.044700 0.000000 0.015100 0.000100 0.014700 0.044700 0.029600 0.029400 0.030100 0.029800 0.015100 0.030100 0.030100 0.029700 0.061100 0.060700 0.029800 0.030200 0.078600 0.029400 0.030800 0.031000 0.089600 0.059700 0.030100 0.045300 0.059400 0.046800 0.045100 0.000000 0.044500 0.046100 0.075000 0.030200 0.030100
Sitatunga 0.045800 0.304600 0.014100 0.141700 0.046000 0.030200 0.030200 0.061300 0.014100 0.029900 0.060200 0.093300 0.045700 0.030300 0.061800 0.046200 0.029700 0.060200 0.015100 0.000000 0.015000 0.030200 0.060200 0.044800 0.045200 0.046000 0.045700 0.000000 0.046100 0.014800 0.045000 0.077800 0.076600 0.045700 0.046400 0.095400 0.045200 0.047000 0.047500 0.105200 0.075400 0.046000 0.061000 0.075000 0.062800 0.061300 0.015200 0.045100 0.062600 0.091000 0.014300 0.014200
Oribi 0.029800 0.300800 0.029900 0.123900 0.029900 0.014700 0.014700 0.044500 0.029900 0.014700 0.029300 0.076700 0.029700 0.014800 0.045100 0.045000 0.014600 0.044400 0.000100 0.015000 0.000000 0.014700 0.044400 0.029400 0.029400 0.029700 0.029700 0.015000 0.029700 0.029900 0.029500 0.060700 0.045100 0.029700 0.030100 0.078100 0.029400 0.030600 0.030600 0.089100 0.059400 0.029700 0.045100 0.059000 0.046400 0.044900 0.000100 0.044300 0.059900 0.074600 0.030000 0.029900
BarbaryShe 0.014600 0.302700 0.045200 0.140600 0.045200 0.000000 0.029500 0.060300 0.045200 0.029700 0.028900 0.092800 0.044800 0.029900 0.060700 0.029800 0.029500 0.059700 0.014700 0.030200 0.014700 0.000000 0.059700 0.044500 0.014500 0.045300 0.044800 0.030200 0.045300 0.045300 0.044600 0.076500 0.044700 0.044800 0.045400 0.094400 0.013900 0.046200 0.046700 0.073300 0.044000 0.045300 0.045100 0.074400 0.062400 0.060300 0.014900 0.059500 0.061500 0.058900 0.045400 0.045300
Daviddeer 0.075500 0.295300 0.075200 0.155100 0.075900 0.059700 0.059700 0.091100 0.075200 0.028900 0.089500 0.123500 0.075400 0.060000 0.091700 0.091900 0.058400 0.088800 0.044700 0.060200 0.044400 0.059700 0.000000 0.014200 0.074500 0.075900 0.075400 0.060200 0.075900 0.075200 0.014200 0.107900 0.106400 0.075400 0.076500 0.125800 0.074500 0.077500 0.078200 0.071800 0.014000 0.075900 0.028900 0.042500 0.093400 0.059500 0.045000 0.089900 0.092900 0.120200 0.044400 0.075200
Reindeer 0.059900 0.317000 0.059700 0.138500 0.060300 0.044500 0.044500 0.075400 0.059700 0.014400 0.074000 0.107400 0.059900 0.044700 0.075800 0.076000 0.043700 0.073800 0.029600 0.044800 0.029400 0.044500 0.014200 0.000000 0.059200 0.060300 0.059900 0.044800 0.060300 0.059800 0.000100 0.091900 0.090400 0.059900 0.060800 0.109400 0.059200 0.061600 0.062100 0.057100 0.028400 0.060300 0.014400 0.028300 0.077400 0.075300 0.029800 0.074400 0.076900 0.104500 0.059900 0.059800
Ibex 0.029200 0.319600 0.060200 0.156000 0.060100 0.014500 0.044200 0.044500 0.060100 0.044400 0.014200 0.108100 0.059600 0.044700 0.075700 0.044600 0.014500 0.044100 0.029400 0.045200 0.029400 0.014500 0.074500 0.059200 0.000000 0.060300 0.059600 0.045200 0.060300 0.060200 0.059400 0.091700 0.059500 0.059600 0.060400 0.110000 0.000000 0.061400 0.062000 0.057800 0.058600 0.060300 0.060000 0.089100 0.077800 0.075200 0.029700 0.074200 0.076700 0.073500 0.060400 0.060200
GyrantGaze 0.061100 0.246800 0.061300 0.124900 0.061300 0.045300 0.045200 0.075900 0.061300 0.045300 0.060100 0.110200 0.061000 0.045500 0.077200 0.045100 0.045000 0.075900 0.030100 0.046000 0.029700 0.045300 0.075900 0.060300 0.060300 0.000000 0.061000 0.046000 0.029800 0.061400 0.060600 0.093300 0.077200 0.061000 0.061800 0.112200 0.060300 0.062700 0.062800 0.121900 0.091500 0.000000 0.076900 0.090700 0.079400 0.076700 0.030000 0.075600 0.078300 0.107200 0.061500 0.061400
Hartebeest 0.060400 0.284000 0.060900 0.157900 0.060900 0.044800 0.044800 0.076100 0.060900 0.045000 0.074500 0.077100 0.000000 0.045200 0.076700 0.076900 0.044700 0.075500 0.029800 0.045700 0.029700 0.044800 0.075400 0.059900 0.059600 0.061000 0.000000 0.045700 0.061000 0.061000 0.060200 0.092800 0.092200 0.000000 0.030200 0.078500 0.059600 0.062300 0.062900 0.121000 0.090700 0.061000 0.076500 0.059300 0.079000 0.076100 0.030100 0.075100 0.077800 0.106400 0.061100 0.061000
Bongo 0.045800 0.304600 0.014200 0.141700 0.046000 0.030200 0.030200 0.061300 0.014800 0.029900 0.060200 0.093300 0.045700 0.030300 0.061800 0.046200 0.029700 0.060200 0.015100 0.000000 0.015000 0.030200 0.060200 0.044800 0.045200 0.046000 0.045700 0.000000 0.046100 0.014800 0.045000 0.077800 0.076600 0.045700 0.046400 0.095000 0.045200 0.047000 0.047500 0.105200 0.075400 0.046000 0.061000 0.075000 0.062800 0.061300 0.015200 0.045100 0.062600 0.091000 0.014100 0.014800
Gerenuk 0.061100 0.246800 0.030100 0.124900 0.061300 0.045300 0.045200 0.076000 0.061300 0.045300 0.060100 0.110200 0.061000 0.045500 0.077200 0.045100 0.045000 0.076000 0.030100 0.046100 0.029700 0.045300 0.075900 0.060300 0.060300 0.029800 0.061000 0.046100 0.000000 0.061400 0.060600 0.093300 0.077200 0.061000 0.061800 0.112200 0.060300 0.062700 0.062800 0.122000 0.091500 0.029800 0.076900 0.090800 0.079400 0.076800 0.030000 0.075700 0.046200 0.107300 0.061600 0.061400
CommonElan 0.061000 0.322200 0.029500 0.157600 0.061300 0.045300 0.045200 0.076700 0.029500 0.044800 0.075300 0.108800 0.061000 0.045500 0.077200 0.061600 0.044600 0.075300 0.030100 0.014800 0.029900 0.045300 0.075200 0.059800 0.060200 0.061400 0.061000 0.014800 0.061400 0.000000 0.060000 0.093300 0.092000 0.061000 0.061800 0.110700 0.060200 0.062700 0.063300 0.120300 0.090500 0.061400 0.076300 0.090000 0.078400 0.076700 0.030300 0.060100 0.078200 0.106100 0.029600 0.029600
MuntiacusR 0.060100 0.318500 0.060000 0.139000 0.060500 0.044600 0.044600 0.075600 0.059900 0.013900 0.074200 0.107800 0.060200 0.044900 0.076200 0.076300 0.043900 0.074100 0.029700 0.045000 0.029500 0.044600 0.014200 0.000100 0.059400 0.060600 0.060200 0.045000 0.060600 0.060000 0.000000 0.092500 0.090800 0.060200 0.061000 0.109800 0.059400 0.061800 0.062400 0.057300 0.028500 0.060600 0.014400 0.028400 0.077700 0.075500 0.029900 0.074600 0.077200 0.104800 0.060100 0.060000
HarveysDui 0.092900 0.267700 0.093400 0.159100 0.061400 0.076500 0.076500 0.108900 0.093300 0.076900 0.107000 0.110600 0.092800 0.076800 0.109800 0.109400 0.076200 0.108200 0.061100 0.077800 0.060700 0.076500 0.107900 0.091900 0.091700 0.093300 0.092800 0.077800 0.093300 0.093300 0.092500 0.000000 0.125700 0.092800 0.094300 0.112600 0.091700 0.095400 0.096300 0.155300 0.123700 0.093300 0.109500 0.123000 0.079700 0.108700 0.061400 0.107500 0.111500 0.140400 0.093500 0.093300
Pronghorn 0.060300 0.362100 0.091900 0.191200 0.092700 0.044700 0.076000 0.092400 0.091800 0.075400 0.044100 0.141700 0.092200 0.076500 0.109100 0.060900 0.074900 0.106300 0.060700 0.076600 0.045100 0.044700 0.106400 0.090400 0.059500 0.077200 0.092200 0.076600 0.077200 0.092000 0.090800 0.125700 0.000000 0.092200 0.093500 0.144200 0.059500 0.094800 0.079500 0.119300 0.089600 0.077200 0.091700 0.121000 0.111100 0.108600 0.045600 0.106900 0.110500 0.073100 0.092400 0.092000
BlueWildeb 0.060400 0.284000 0.060900 0.157900 0.060900 0.044800 0.044600 0.076100 0.060900 0.045000 0.074500 0.077100 0.000000 0.045200 0.076700 0.076900 0.044700 0.075500 0.029800 0.045700 0.029700 0.044800 0.075400 0.059900 0.059600 0.061000 0.000000 0.045700 0.061000 0.061000 0.060200 0.092800 0.092200 0.000000 0.030200 0.078500 0.059600 0.062300 0.062900 0.121000 0.090700 0.061000 0.076500 0.059300 0.079000 0.076100 0.030100 0.075100 0.077800 0.106400 0.061100 0.061000
Gemsbok 0.061200 0.289000 0.061800 0.160300 0.061800 0.045400 0.045400 0.077200 0.061800 0.045600 0.075500 0.078300 0.030200 0.045800 0.077800 0.077900 0.045400 0.076600 0.030200 0.046400 0.030100 0.045400 0.076500 0.060800 0.060400 0.061800 0.030200 0.046400 0.061800 0.061800 0.061000 0.094300 0.093500 0.030200 0.000000 0.079700 0.060400 0.063200 0.030900 0.122900 0.092000 0.061800 0.077600 0.060100 0.080200 0.077200 0.030500 0.076200 0.078900 0.108000 0.062000 0.061800
Yak 0.111500 0.266900 0.110700 0.141900 0.079000 0.094400 0.094500 0.128200 0.110700 0.093900 0.125700 0.062000 0.078500 0.094900 0.129300 0.129200 0.093300 0.126100 0.078600 0.095400 0.078100 0.094400 0.125800 0.109400 0.110000 0.112200 0.078500 0.095000 0.112200 0.110700 0.109800 0.112600 0.144200 0.078500 0.079700 0.000000 0.110000 0.114800 0.116000 0.173100 0.141800 0.112200 0.127700 0.108100 0.031200 0.128000 0.079000 0.126500 0.130900 0.158800 0.111000 0.110700
BlueSheep 0.029200 0.319600 0.060200 0.156000 0.060100 0.014500 0.044200 0.044500 0.060100 0.044400 0.014200 0.108100 0.059600 0.044700 0.075700 0.044600 0.014500 0.044100 0.029400 0.045200 0.029400 0.013900 0.074500 0.059200 0.000000 0.060300 0.059600 0.045200 0.060300 0.060200 0.059400 0.091700 0.059500 0.059600 0.060400 0.110000 0.000000 0.061400 0.062000 0.057800 0.058600 0.060300 0.060000 0.089100 0.077800 0.075200 0.029700 0.074200 0.076700 0.073500 0.060400 0.060200
BohorReedb 0.062300 0.331400 0.062600 0.162300 0.062600 0.046200 0.046300 0.078200 0.062600 0.046200 0.076800 0.112700 0.062300 0.046400 0.079000 0.079200 0.045900 0.077500 0.030800 0.047000 0.030600 0.046200 0.077500 0.061600 0.061400 0.062700 0.062300 0.047000 0.062700 0.062700 0.061800 0.095400 0.094800 0.062300 0.063200 0.114800 0.061400 0.000000 0.064800 0.124100 0.093200 0.062700 0.078600 0.092600 0.081400 0.078300 0.031000 0.077200 0.080000 0.109200 0.062900 0.062700
KirksDik 0.062900 0.336200 0.063200 0.164100 0.063200 0.046700 0.046600 0.078300 0.063200 0.046600 0.061800 0.113800 0.062900 0.046900 0.079700 0.079300 0.046300 0.078200 0.031000 0.047500 0.030600 0.046700 0.078200 0.062100 0.062000 0.062800 0.062900 0.047500 0.062800 0.063300 0.062400 0.096300 0.079500 0.062900 0.030900 0.116000 0.062000 0.064800 0.000000 0.125400 0.094100 0.062800 0.079300 0.093500 0.082100 0.079100 0.031000 0.077900 0.080800 0.110300 0.063500 0.063300
RoeDeer 0.089000 0.392100 0.120300 0.220100 0.121800 0.073300 0.104800 0.105200 0.088900 0.072700 0.072300 0.170000 0.121000 0.105400 0.138000 0.105100 0.072900 0.103600 0.089600 0.105200 0.089100 0.073300 0.071800 0.057100 0.057800 0.121900 0.121000 0.105200 0.122000 0.120300 0.057300 0.155300 0.119300 0.121000 0.122900 0.173100 0.057800 0.124100 0.125400 0.000000 0.056500 0.121900 0.057900 0.086000 0.139900 0.136900 0.090100 0.135500 0.139800 0.133100 0.120600 0.120300
WhiteLippe 0.059300 0.313700 0.090400 0.171200 0.091200 0.044000 0.074800 0.106500 0.090400 0.043300 0.073300 0.139200 0.090700 0.075300 0.107300 0.075200 0.073100 0.103800 0.059700 0.075400 0.059400 0.044000 0.014000 0.028400 0.058600 0.091500 0.090700 0.075400 0.091500 0.090500 0.028500 0.123700 0.089600 0.090700 0.092000 0.141800 0.058600 0.093200 0.094100 0.056500 0.000000 0.091500 0.028800 0.056800 0.109100 0.074600 0.060100 0.105200 0.108600 0.103200 0.059300 0.090500
ThomsonGaz 0.061100 0.246800 0.061300 0.124900 0.061300 0.045300 0.045200 0.075900 0.061300 0.045300 0.060100 0.110200 0.061000 0.045500 0.077200 0.045100 0.045000 0.075900 0.030100 0.046000 0.029700 0.045300 0.075900 0.060300 0.060300 0.000000 0.061000 0.046000 0.029800 0.061400 0.060600 0.093300 0.077200 0.061000 0.061800 0.112200 0.060300 0.062700 0.062800 0.121900 0.091500 0.000000 0.076900 0.090700 0.079400 0.076700 0.030000 0.075600 0.078300 0.107200 0.061500 0.061400
MuntiacusC 0.060800 0.341700 0.076200 0.157300 0.076900 0.045100 0.060500 0.092300 0.076200 0.029100 0.075000 0.125300 0.076500 0.060800 0.093000 0.077100 0.059400 0.090300 0.045300 0.061000 0.045100 0.045100 0.028900 0.014400 0.060000 0.076900 0.076500 0.061000 0.076900 0.076300 0.014400 0.109500 0.091700 0.076500 0.077600 0.127700 0.060000 0.078600 0.079300 0.057900 0.028800 0.076900 0.000000 0.043200 0.094800 0.092200 0.045600 0.091100 0.094200 0.105900 0.076400 0.076300
WhiteTaile 0.090300 0.276000 0.089900 0.137000 0.090700 0.074400 0.074400 0.105900 0.089900 0.043200 0.104000 0.106200 0.059300 0.074700 0.106600 0.106800 0.072800 0.103400 0.059400 0.075000 0.059000 0.074400 0.042500 0.028300 0.089100 0.090700 0.059300 0.075000 0.090800 0.090000 0.028400 0.123000 0.121000 0.059300 0.060100 0.108100 0.089100 0.092600 0.093500 0.086000 0.056800 0.090700 0.043200 0.000000 0.108600 0.105800 0.059700 0.104600 0.108100 0.134900 0.090200 0.090000
Cattle 0.078800 0.310600 0.078300 0.144500 0.047000 0.062400 0.062400 0.095200 0.078300 0.062000 0.093300 0.062300 0.079000 0.062700 0.096100 0.096100 0.061600 0.093600 0.046800 0.062800 0.046400 0.062400 0.093400 0.077400 0.077800 0.079400 0.079000 0.062800 0.079400 0.078400 0.077700 0.079700 0.111100 0.079000 0.080200 0.031200 0.077800 0.081400 0.082100 0.139900 0.109100 0.079400 0.094800 0.108600 0.000000 0.095100 0.047000 0.093900 0.097500 0.125600 0.078500 0.078400
RoyalAntel 0.076300 0.262000 0.076500 0.174900 0.076500 0.060300 0.060200 0.091900 0.076500 0.060200 0.090300 0.125800 0.076100 0.060600 0.092700 0.093200 0.059800 0.091000 0.045100 0.061300 0.044900 0.060300 0.059500 0.075300 0.075200 0.076700 0.076100 0.061300 0.076800 0.076700 0.075500 0.108700 0.108600 0.076100 0.077200 0.128000 0.075200 0.078300 0.079100 0.136900 0.074600 0.076700 0.092200 0.105800 0.095100 0.000000 0.045400 0.090600 0.093700 0.122200 0.045200 0.045400
Steenbok 0.030100 0.286200 0.030300 0.125400 0.030200 0.014900 0.014900 0.044800 0.030300 0.014900 0.029600 0.077700 0.030100 0.015000 0.045700 0.045500 0.014800 0.045000 0.000000 0.015200 0.000100 0.014900 0.045000 0.029800 0.029700 0.030000 0.030100 0.015200 0.030000 0.030300 0.029900 0.061400 0.045600 0.030100 0.030500 0.079000 0.029700 0.031000 0.031000 0.090100 0.060100 0.030000 0.045600 0.059700 0.047000 0.045400 0.000000 0.044800 0.046300 0.075500 0.030400 0.030300
Impala 0.075200 0.338000 0.060100 0.172700 0.075500 0.059500 0.059500 0.090700 0.060100 0.059500 0.089100 0.124300 0.075100 0.059700 0.060000 0.059800 0.059200 0.090000 0.044500 0.045100 0.044300 0.059500 0.089900 0.074400 0.074200 0.075600 0.075100 0.045100 0.075700 0.060100 0.074600 0.107500 0.106900 0.075100 0.076200 0.126500 0.074200 0.077200 0.077900 0.135500 0.105200 0.075600 0.091100 0.104600 0.093900 0.090600 0.044800 0.000000 0.092500 0.120800 0.060300 0.060100
Klipspring 0.077700 0.303800 0.046100 0.177900 0.078300 0.061500 0.061500 0.093800 0.078200 0.061600 0.092000 0.128900 0.077800 0.061800 0.094600 0.094700 0.061200 0.093100 0.046100 0.062600 0.059900 0.061500 0.092900 0.076900 0.076700 0.078300 0.077800 0.062600 0.046200 0.078200 0.077200 0.111500 0.110500 0.077800 0.078900 0.130900 0.076700 0.080000 0.080800 0.139800 0.108600 0.078300 0.094200 0.108100 0.097500 0.093700 0.046300 0.092500 0.000000 0.125000 0.078400 0.078200
ForestMusk 0.074400 0.376000 0.106100 0.188000 0.107100 0.058900 0.090200 0.122400 0.106100 0.089600 0.088300 0.156100 0.106400 0.090800 0.123200 0.090500 0.089100 0.120500 0.075000 0.091000 0.074600 0.058900 0.120200 0.104500 0.073500 0.107200 0.106400 0.091000 0.107300 0.106100 0.104800 0.140400 0.073100 0.106400 0.108000 0.158800 0.073500 0.109200 0.110300 0.133100 0.103200 0.107200 0.105900 0.134900 0.125600 0.122200 0.075500 0.120800 0.125000 0.000000 0.106400 0.106100
Bushbuck 0.061200 0.281800 0.029600 0.158000 0.061400 0.045400 0.045300 0.076900 0.029600 0.044900 0.075500 0.109000 0.061100 0.045600 0.077400 0.061800 0.044700 0.075500 0.030200 0.014300 0.030000 0.045400 0.044400 0.059900 0.060400 0.061500 0.061100 0.014100 0.061600 0.029600 0.060100 0.093500 0.092400 0.061100 0.062000 0.111000 0.060400 0.062900 0.063500 0.120600 0.059300 0.061500 0.076400 0.090200 0.078500 0.045200 0.030400 0.060300 0.078400 0.106400 0.000000 0.029600
GreaterKud 0.061000 0.322200 0.029500 0.157600 0.061300 0.045300 0.045200 0.076700 0.029500 0.044800 0.075300 0.108800 0.061000 0.045500 0.077200 0.061600 0.044600 0.075300 0.030100 0.014200 0.029900 0.045300 0.075200 0.059800 0.060200 0.061400 0.061000 0.014800 0.061400 0.029600 0.060000 0.093300 0.092000 0.061000 0.061800 0.110700 0.060200 0.062700 0.063300 0.120300 0.090500 0.061400 0.076300 0.090000 0.078400 0.045400 0.030300 0.060100 0.078200 0.106100 0.029600 0.000000
