1
52 1
Argali 0.000000 0.275200 0.067200 0.239100 0.050600 0.016500 0.085400 0.067000 0.084000 0.205900 0.016800 0.049500 0.033300 0.102500 0.215600 0.050400 0.033100 0.033200 0.049300 0.067300 0.085400 0.049900 0.181400 0.224900 0.033100 0.086800 0.016300 0.067200 0.066900 0.067200 0.182900 0.067100 0.033700 0.033100 0.016300 0.049500 0.016700 0.050600 0.066900 0.252200 0.181400 0.085100 0.182900 0.249700 0.066000 0.100900 0.068500 0.033100 0.033400 0.102900 0.083600 0.067200
LesserMous 0.275200 0.000000 0.254600 0.176200 0.258700 0.256500 0.217100 0.275900 0.253300 0.379200 0.256500 0.252800 0.259800 0.235500 0.324800 0.257900 0.235100 0.275300 0.252000 0.254600 0.300800 0.297200 0.324000 0.378000 0.238100 0.261500 0.256500 0.254600 0.275300 0.254600 0.351000 0.195300 0.235100 0.280300 0.256500 0.252800 0.256500 0.258700 0.275300 0.360600 0.324000 0.278600 0.351000 0.407800 0.251400 0.270000 0.282500 0.235100 0.235100 0.276500 0.271800 0.254600
LesserKudu 0.067200 0.254600 0.000000 0.218900 0.068700 0.067600 0.067900 0.084500 0.016300 0.146100 0.067600 0.033200 0.086700 0.084800 0.194900 0.067900 0.050100 0.067200 0.101300 0.000000 0.068000 0.067300 0.124000 0.164600 0.050800 0.105400 0.067600 0.000000 0.084500 0.000000 0.125000 0.050000 0.050100 0.086000 0.067600 0.032900 0.067600 0.068200 0.084500 0.189000 0.124000 0.103300 0.125000 0.187200 0.049300 0.083000 0.086600 0.050100 0.050100 0.085100 0.016000 0.000000
KillerWhal 0.239100 0.176200 0.218900 0.000000 0.222400 0.220400 0.221700 0.239700 0.196600 0.339800 0.220400 0.217100 0.223300 0.240300 0.285700 0.221800 0.199500 0.239500 0.257800 0.218900 0.264200 0.260600 0.312300 0.336900 0.202100 0.245700 0.220400 0.218900 0.239500 0.218900 0.312600 0.199200 0.199500 0.243700 0.220400 0.217100 0.220400 0.222400 0.239500 0.371200 0.312300 0.263000 0.312600 0.365300 0.235900 0.274700 0.246000 0.199500 0.199500 0.220200 0.236400 0.218900
DefassaWat 0.050600 0.258700 0.068700 0.222400 0.000000 0.033800 0.069000 0.051000 0.085500 0.189800 0.033800 0.033300 0.052400 0.086300 0.175600 0.034300 0.016700 0.050600 0.067700 0.068200 0.069000 0.068800 0.165100 0.167300 0.051700 0.070200 0.033800 0.068200 0.050600 0.068200 0.166700 0.051700 0.016700 0.051600 0.033800 0.033300 0.034200 0.000000 0.051100 0.192200 0.165100 0.068800 0.166700 0.190600 0.050000 0.084200 0.051900 0.016700 0.016700 0.086400 0.084800 0.068200
Sheep 0.016500 0.256500 0.067600 0.220400 0.033800 0.000000 0.068400 0.050300 0.084500 0.187700 0.000000 0.033000 0.016700 0.085500 0.196400 0.034000 0.016900 0.050200 0.032600 0.067600 0.068400 0.032900 0.163500 0.206700 0.016600 0.069500 0.000000 0.067600 0.050500 0.067600 0.164900 0.050400 0.016800 0.016900 0.000000 0.033000 0.000000 0.033800 0.050200 0.233300 0.163500 0.068100 0.164900 0.231200 0.049500 0.083400 0.051400 0.016800 0.016900 0.085600 0.084100 0.067600
MaxwellsDu 0.085400 0.217100 0.067900 0.221700 0.069000 0.068400 0.000000 0.085600 0.084800 0.147600 0.068400 0.067400 0.087600 0.050600 0.197500 0.068700 0.051600 0.085500 0.102400 0.067900 0.104900 0.103500 0.125200 0.166800 0.051400 0.106600 0.068400 0.067900 0.085500 0.067900 0.126300 0.017100 0.050700 0.051400 0.068400 0.067400 0.068400 0.069000 0.085500 0.191000 0.125200 0.104400 0.126300 0.189700 0.084300 0.083700 0.087700 0.051800 0.050700 0.122300 0.084500 0.067900
GazellaPrz 0.067000 0.275900 0.084500 0.239700 0.051000 0.050300 0.085600 0.000000 0.101600 0.206700 0.050300 0.049600 0.068800 0.102700 0.216200 0.016500 0.033700 0.067000 0.083400 0.084700 0.050300 0.085600 0.181900 0.225700 0.068300 0.051100 0.050300 0.084700 0.032900 0.084700 0.183500 0.067300 0.033100 0.068200 0.050300 0.050100 0.050300 0.050800 0.032900 0.253100 0.181900 0.050100 0.183500 0.250600 0.066200 0.100300 0.034000 0.033100 0.033700 0.102900 0.101100 0.084700
MountainNy 0.084000 0.253300 0.016300 0.196600 0.085500 0.084500 0.084800 0.101600 0.000000 0.164000 0.084500 0.049200 0.103900 0.101800 0.214100 0.084900 0.067200 0.083800 0.118200 0.016000 0.085000 0.084000 0.123200 0.182400 0.067600 0.122900 0.084500 0.016300 0.101400 0.016200 0.142600 0.066700 0.067200 0.103200 0.084500 0.049200 0.084500 0.085200 0.101400 0.207500 0.123200 0.120500 0.142600 0.205400 0.065800 0.099500 0.103900 0.066800 0.066800 0.102100 0.031900 0.016000
MuntiacusM 0.205900 0.379200 0.146100 0.339800 0.189800 0.187700 0.147600 0.206700 0.164000 0.000000 0.187700 0.145400 0.212400 0.206500 0.229100 0.188300 0.166600 0.205500 0.225000 0.146100 0.188600 0.186300 0.054100 0.093600 0.168900 0.235000 0.187700 0.146100 0.205500 0.146100 0.018000 0.165700 0.166600 0.169100 0.187700 0.145400 0.187700 0.189800 0.205500 0.115900 0.054100 0.229700 0.018300 0.115400 0.163500 0.162800 0.211600 0.166600 0.166600 0.207800 0.163200 0.146100
goat 0.016800 0.256500 0.067600 0.220400 0.033800 0.000000 0.068400 0.050300 0.084500 0.187700 0.000000 0.033000 0.017000 0.085500 0.196400 0.033600 0.016800 0.050200 0.033200 0.067600 0.068400 0.033500 0.163500 0.206700 0.017000 0.069500 0.000000 0.067600 0.050200 0.067600 0.164900 0.050400 0.016600 0.017000 0.000000 0.033000 0.000000 0.033800 0.050200 0.233300 0.163500 0.068100 0.164900 0.231200 0.049500 0.083400 0.051400 0.016900 0.016700 0.085600 0.084100 0.067600
AfricanBuf 0.049500 0.252800 0.033200 0.217100 0.033300 0.033000 0.067400 0.049600 0.049200 0.145400 0.033000 0.000000 0.051100 0.084300 0.151700 0.033200 0.016400 0.049500 0.065900 0.032900 0.033200 0.033100 0.123300 0.163700 0.050400 0.068500 0.033500 0.032800 0.049500 0.032900 0.124400 0.049700 0.016500 0.050400 0.033000 0.000000 0.033000 0.033300 0.049500 0.187900 0.123300 0.067400 0.124400 0.186400 0.016100 0.048700 0.050700 0.016500 0.016600 0.049900 0.049500 0.032900
Topi 0.033300 0.259800 0.086700 0.223300 0.052400 0.016700 0.087600 0.068800 0.103900 0.212400 0.017000 0.051100 0.000000 0.105200 0.199200 0.051700 0.034300 0.068600 0.049900 0.086700 0.087700 0.050900 0.186700 0.209500 0.034600 0.052000 0.016700 0.086700 0.068600 0.086700 0.188400 0.068900 0.034400 0.033900 0.016700 0.051000 0.016700 0.052000 0.068600 0.236600 0.186700 0.087300 0.188400 0.234400 0.067700 0.102600 0.070400 0.033900 0.033900 0.068300 0.103500 0.086300
CommonDuik 0.102500 0.235500 0.084800 0.240300 0.086300 0.085500 0.050600 0.102700 0.101800 0.206500 0.085500 0.084300 0.105200 0.000000 0.261700 0.085900 0.067600 0.102600 0.119500 0.084800 0.086300 0.120800 0.181900 0.226400 0.068500 0.124400 0.085500 0.084800 0.102600 0.084800 0.183600 0.033300 0.067600 0.104400 0.085500 0.084300 0.085500 0.086300 0.102600 0.253000 0.181900 0.122300 0.183600 0.251300 0.101200 0.136100 0.069100 0.067600 0.067600 0.139800 0.102200 0.084800
Suni 0.215600 0.324800 0.194900 0.285700 0.175600 0.196400 0.197500 0.216200 0.214100 0.229100 0.196400 0.151700 0.199200 0.261700 0.000000 0.197200 0.174300 0.215400 0.235400 0.194900 0.197600 0.194900 0.223300 0.202800 0.220900 0.222300 0.196400 0.194900 0.215400 0.194900 0.202700 0.216600 0.174300 0.177200 0.196400 0.151700 0.196400 0.175600 0.215400 0.231500 0.223300 0.240300 0.202700 0.229300 0.170700 0.169500 0.222300 0.174300 0.174300 0.194500 0.212900 0.194900
Springbuck 0.050400 0.257900 0.067900 0.221800 0.034300 0.034000 0.068700 0.016500 0.084900 0.188300 0.033600 0.033200 0.051700 0.085900 0.197200 0.000000 0.016900 0.050400 0.067100 0.067900 0.033900 0.067900 0.164100 0.207300 0.051400 0.034200 0.033900 0.067900 0.016700 0.067900 0.165500 0.050600 0.016800 0.051800 0.033600 0.033200 0.034000 0.034300 0.016700 0.234100 0.164100 0.033500 0.165500 0.231700 0.049700 0.083700 0.017200 0.016700 0.016800 0.085900 0.084500 0.067900
Okapi 0.033100 0.235100 0.050100 0.199500 0.016700 0.016900 0.051600 0.033700 0.067200 0.166600 0.016800 0.016400 0.034300 0.067600 0.174300 0.016900 0.000000 0.033100 0.049600 0.050100 0.050700 0.050100 0.143400 0.185300 0.033700 0.051500 0.016600 0.050100 0.033100 0.050100 0.144700 0.034000 0.000000 0.033500 0.016800 0.016300 0.016800 0.016700 0.033100 0.210800 0.143400 0.050500 0.144700 0.208900 0.032700 0.065900 0.034300 0.000000 0.000000 0.067600 0.066500 0.050100
Giraffe 0.033200 0.275300 0.067200 0.239500 0.050600 0.050200 0.085500 0.067000 0.083800 0.205500 0.050200 0.049500 0.068600 0.102600 0.215400 0.050400 0.033100 0.000000 0.083500 0.067200 0.085400 0.084400 0.181100 0.224400 0.068100 0.086800 0.050500 0.067600 0.066900 0.067200 0.182600 0.067200 0.033100 0.068100 0.050200 0.049500 0.050200 0.050600 0.066900 0.251700 0.181100 0.085100 0.182600 0.248900 0.066000 0.099900 0.068600 0.033000 0.033700 0.102600 0.083600 0.067200
TibetanAnt 0.049300 0.252000 0.101300 0.257800 0.067700 0.032600 0.102400 0.083400 0.118200 0.225000 0.033200 0.065900 0.049900 0.119500 0.235400 0.067100 0.049600 0.083500 0.000000 0.101300 0.102400 0.065600 0.199700 0.244000 0.050500 0.086100 0.032500 0.101300 0.083500 0.101300 0.201400 0.083800 0.049600 0.050500 0.033100 0.065900 0.032500 0.067400 0.083500 0.272100 0.199700 0.083600 0.201400 0.269400 0.082500 0.116700 0.085600 0.049600 0.050100 0.119700 0.117700 0.101300
Sitatunga 0.067300 0.254600 0.000000 0.218900 0.068200 0.067600 0.067900 0.084700 0.016000 0.146100 0.067600 0.032900 0.086700 0.084800 0.194900 0.067900 0.050100 0.067200 0.101300 0.000000 0.068000 0.067300 0.124000 0.164600 0.050800 0.105400 0.067600 0.000000 0.084500 0.000000 0.125000 0.050000 0.050500 0.086000 0.067600 0.032900 0.067600 0.068200 0.084500 0.189000 0.124000 0.103300 0.125000 0.187200 0.049300 0.083000 0.086600 0.050100 0.050100 0.085100 0.016200 0.000000
Oribi 0.085400 0.300800 0.068000 0.264200 0.069000 0.068400 0.104900 0.050300 0.085000 0.188600 0.068400 0.033200 0.087700 0.086300 0.197600 0.033900 0.050700 0.085400 0.102400 0.068000 0.000000 0.068000 0.164300 0.207600 0.087100 0.069600 0.068400 0.068000 0.050200 0.068000 0.165800 0.085800 0.050700 0.087000 0.068400 0.033200 0.068400 0.069000 0.050600 0.234500 0.164300 0.068200 0.165800 0.232100 0.049800 0.083800 0.016900 0.050700 0.051300 0.086100 0.084600 0.068000
BarbaryShe 0.049900 0.297200 0.067300 0.260600 0.068800 0.032900 0.103500 0.085600 0.084000 0.186300 0.033500 0.033100 0.050900 0.120800 0.194900 0.067900 0.050100 0.084400 0.065600 0.067300 0.068000 0.000000 0.162500 0.205300 0.050200 0.105300 0.032900 0.067300 0.085100 0.067300 0.163800 0.084700 0.050600 0.051300 0.032900 0.032800 0.032900 0.068200 0.084500 0.231600 0.162500 0.103200 0.163800 0.229500 0.049300 0.083000 0.086600 0.050100 0.050100 0.085200 0.083700 0.067300
Daviddeer 0.181400 0.324000 0.124000 0.312300 0.165100 0.163500 0.125200 0.181900 0.123200 0.054100 0.163500 0.123300 0.186700 0.181900 0.223300 0.164100 0.143400 0.181100 0.199700 0.124000 0.164300 0.162500 0.000000 0.072200 0.145300 0.208100 0.163500 0.124000 0.181200 0.124000 0.035300 0.142800 0.143400 0.145500 0.163500 0.123300 0.163500 0.165100 0.181200 0.093100 0.000000 0.203700 0.035800 0.092500 0.140900 0.140200 0.186100 0.143400 0.143400 0.182900 0.140800 0.124000
Reindeer 0.224900 0.378000 0.164600 0.336900 0.167300 0.206700 0.166800 0.225700 0.182400 0.093600 0.206700 0.163700 0.209500 0.226400 0.202800 0.207300 0.185300 0.224400 0.244000 0.164600 0.207600 0.205300 0.072200 0.000000 0.187900 0.231600 0.206700 0.164600 0.224400 0.164600 0.073000 0.184900 0.185300 0.188100 0.206700 0.163700 0.206700 0.167300 0.224400 0.055700 0.072200 0.249100 0.073000 0.018200 0.181800 0.181100 0.231000 0.185300 0.185300 0.205100 0.181500 0.164600
Ibex 0.033100 0.238100 0.050800 0.202100 0.051700 0.016600 0.051400 0.068300 0.067600 0.168900 0.017000 0.050400 0.034600 0.068500 0.220900 0.051400 0.033700 0.068100 0.050500 0.050800 0.087100 0.050200 0.145300 0.187900 0.000000 0.088600 0.017000 0.050800 0.068200 0.050800 0.146600 0.034600 0.033700 0.033700 0.016600 0.050400 0.016600 0.051700 0.068200 0.213800 0.145300 0.086700 0.146600 0.211900 0.067200 0.101900 0.069900 0.033700 0.033700 0.104600 0.067300 0.050800
GyrantGaze 0.086800 0.261500 0.105400 0.245700 0.070200 0.069500 0.106600 0.051100 0.122900 0.235000 0.069500 0.068500 0.052000 0.124400 0.222300 0.034200 0.051500 0.086800 0.086100 0.105400 0.069600 0.105300 0.208100 0.231600 0.088600 0.000000 0.069500 0.105400 0.051000 0.105400 0.210100 0.087200 0.051500 0.088500 0.069600 0.068700 0.070000 0.070000 0.051000 0.259900 0.208100 0.034000 0.210100 0.257400 0.085900 0.121200 0.052400 0.051500 0.051500 0.086700 0.122300 0.105400
Hartebeest 0.016300 0.256500 0.067600 0.220400 0.033800 0.000000 0.068400 0.050300 0.084500 0.187700 0.000000 0.033500 0.016700 0.085500 0.196400 0.033900 0.016600 0.050500 0.032500 0.067600 0.068400 0.032900 0.163500 0.206700 0.017000 0.069500 0.000000 0.067600 0.050200 0.067600 0.164900 0.051000 0.016800 0.017000 0.000000 0.033000 0.000000 0.033800 0.050200 0.233300 0.163500 0.068100 0.164900 0.231200 0.049500 0.083400 0.051400 0.016600 0.016800 0.085600 0.084100 0.067600
Bongo 0.067200 0.254600 0.000000 0.218900 0.068200 0.067600 0.067900 0.084700 0.016300 0.146100 0.067600 0.032800 0.086700 0.084800 0.194900 0.067900 0.050100 0.067600 0.101300 0.000000 0.068000 0.067300 0.124000 0.164600 0.050800 0.105400 0.067600 0.000000 0.084500 0.000000 0.125000 0.050000 0.050600 0.086000 0.067600 0.033200 0.067600 0.068200 0.084900 0.189000 0.124000 0.103300 0.125000 0.187200 0.049300 0.083000 0.086700 0.050600 0.050600 0.085100 0.016000 0.000000
Gerenuk 0.066900 0.275300 0.084500 0.239500 0.050600 0.050500 0.085500 0.032900 0.101400 0.205500 0.050200 0.049500 0.068600 0.102600 0.215400 0.016700 0.033100 0.066900 0.083500 0.084500 0.050200 0.085100 0.181200 0.224400 0.068200 0.051000 0.050200 0.084500 0.000000 0.084500 0.182700 0.067200 0.033500 0.068100 0.050200 0.050000 0.050200 0.051100 0.000000 0.251800 0.181200 0.050000 0.182700 0.249000 0.066000 0.099900 0.033600 0.033100 0.033600 0.104100 0.101000 0.084500
CommonElan 0.067200 0.254600 0.000000 0.218900 0.068200 0.067600 0.067900 0.084700 0.016200 0.146100 0.067600 0.032900 0.086700 0.084800 0.194900 0.067900 0.050100 0.067200 0.101300 0.000000 0.068000 0.067300 0.124000 0.164600 0.050800 0.105400 0.067600 0.000000 0.084500 0.000000 0.125000 0.050000 0.050100 0.086000 0.067600 0.032900 0.067600 0.068200 0.084500 0.189000 0.124000 0.103300 0.125000 0.187200 0.049300 0.083000 0.086600 0.050500 0.050100 0.085300 0.016300 0.000000
MuntiacusR 0.182900 0.351000 0.125000 0.312600 0.166700 0.164900 0.126300 0.183500 0.142600 0.018000 0.164900 0.124400 0.188400 0.183600 0.202700 0.165500 0.144700 0.182600 0.201400 0.125000 0.165800 0.163800 0.035300 0.073000 0.146600 0.210100 0.164900 0.125000 0.182700 0.125000 0.000000 0.144000 0.144700 0.146800 0.164900 0.124400 0.164900 0.166700 0.182700 0.094100 0.035900 0.205600 0.000000 0.093600 0.142100 0.141400 0.187900 0.144700 0.144700 0.184500 0.141900 0.125000
HarveysDui 0.067100 0.195300 0.050000 0.199200 0.051700 0.050400 0.017100 0.067300 0.066700 0.165700 0.050400 0.049700 0.068900 0.033300 0.216600 0.050600 0.034000 0.067200 0.083800 0.050000 0.085800 0.084700 0.142800 0.184900 0.034600 0.087200 0.051000 0.050000 0.067200 0.050000 0.144000 0.000000 0.033200 0.069300 0.051400 0.049700 0.050400 0.050800 0.068000 0.209600 0.142800 0.085400 0.144000 0.208300 0.066300 0.100300 0.068900 0.033200 0.033200 0.102900 0.066400 0.050000
Pronghorn 0.033700 0.235100 0.050100 0.199500 0.016700 0.016800 0.050700 0.033100 0.067200 0.166600 0.016600 0.016500 0.034400 0.067600 0.174300 0.016800 0.000000 0.033100 0.049600 0.050500 0.050700 0.050600 0.143400 0.185300 0.033700 0.051500 0.016800 0.050600 0.033500 0.050100 0.144700 0.033200 0.000000 0.033700 0.016600 0.016600 0.016800 0.017100 0.033100 0.210800 0.143400 0.050500 0.144700 0.208900 0.032700 0.065900 0.034300 0.000000 0.000000 0.067600 0.066500 0.050600
BlueWildeb 0.033100 0.280300 0.086000 0.243700 0.051600 0.016900 0.051400 0.068200 0.103200 0.169100 0.017000 0.050400 0.033900 0.104400 0.177200 0.051800 0.033500 0.068100 0.050500 0.086000 0.087000 0.051300 0.145500 0.188100 0.033700 0.088500 0.017000 0.086000 0.068100 0.086000 0.146800 0.069300 0.033700 0.000000 0.016600 0.050400 0.017000 0.051600 0.068100 0.214200 0.145500 0.086600 0.146800 0.212200 0.067200 0.066800 0.069900 0.033700 0.033700 0.104500 0.102700 0.086000
Gemsbok 0.016300 0.256500 0.067600 0.220400 0.033800 0.000000 0.068400 0.050300 0.084500 0.187700 0.000000 0.033000 0.016700 0.085500 0.196400 0.033600 0.016800 0.050200 0.033100 0.067600 0.068400 0.032900 0.163500 0.206700 0.016600 0.069600 0.000000 0.067600 0.050200 0.067600 0.164900 0.051400 0.016600 0.016600 0.000000 0.033000 0.000000 0.033800 0.050200 0.233300 0.163500 0.068100 0.164900 0.231200 0.049500 0.083400 0.051400 0.016600 0.016600 0.085600 0.084100 0.067600
Yak 0.049500 0.252800 0.032900 0.217100 0.033300 0.033000 0.067400 0.050100 0.049200 0.145400 0.033000 0.000000 0.051000 0.084300 0.151700 0.033200 0.016300 0.049500 0.065900 0.032900 0.033200 0.032800 0.123300 0.163700 0.050400 0.068700 0.033000 0.033200 0.050000 0.032900 0.124400 0.049700 0.016600 0.050400 0.033000 0.000000 0.033000 0.033300 0.049500 0.187900 0.123300 0.067100 0.124400 0.186400 0.016100 0.048700 0.051100 0.016300 0.016600 0.049900 0.049000 0.032900
BlueSheep 0.016700 0.256500 0.067600 0.220400 0.034200 0.000000 0.068400 0.050300 0.084500 0.187700 0.000000 0.033000 0.016700 0.085500 0.196400 0.034000 0.016800 0.050200 0.032500 0.067600 0.068400 0.032900 0.163500 0.206700 0.016600 0.070000 0.000000 0.067600 0.050200 0.067600 0.164900 0.050400 0.016800 0.017000 0.000000 0.033000 0.000000 0.034200 0.050200 0.233300 0.163500 0.068100 0.164900 0.231200 0.049500 0.083400 0.051400 0.016600 0.016600 0.085600 0.084100 0.067600
BohorReedb 0.050600 0.258700 0.068200 0.222400 0.000000 0.033800 0.069000 0.050800 0.085200 0.189800 0.033800 0.033300 0.052000 0.086300 0.175600 0.034300 0.016700 0.050600 0.067400 0.068200 0.069000 0.068200 0.165100 0.167300 0.051700 0.070000 0.033800 0.068200 0.051100 0.068200 0.166700 0.050800 0.017100 0.051600 0.033800 0.033300 0.034200 0.000000 0.050600 0.192200 0.165100 0.068800 0.166700 0.190600 0.050000 0.084200 0.051900 0.016700 0.017000 0.086400 0.084800 0.068200
KirksDik 0.066900 0.275300 0.084500 0.239500 0.051100 0.050200 0.085500 0.032900 0.101400 0.205500 0.050200 0.049500 0.068600 0.102600 0.215400 0.016700 0.033100 0.066900 0.083500 0.084500 0.050600 0.084500 0.181200 0.224400 0.068200 0.051000 0.050200 0.084900 0.000000 0.084500 0.182700 0.068000 0.033100 0.068100 0.050200 0.049500 0.050200 0.050600 0.000000 0.251800 0.181200 0.050400 0.182700 0.249000 0.066000 0.100900 0.034000 0.033500 0.033100 0.102600 0.101000 0.084500
RoeDeer 0.252200 0.360600 0.189000 0.371200 0.192200 0.233300 0.191000 0.253100 0.207500 0.115900 0.233300 0.187900 0.236600 0.253000 0.231500 0.234100 0.210800 0.251700 0.272100 0.189000 0.234500 0.231600 0.093100 0.055700 0.213800 0.259900 0.233300 0.189000 0.251800 0.189000 0.094100 0.209600 0.210800 0.214200 0.233300 0.187900 0.233300 0.192200 0.251800 0.000000 0.093100 0.277800 0.094100 0.076200 0.186500 0.205500 0.259500 0.210800 0.210800 0.231300 0.206400 0.189000
WhiteLippe 0.181400 0.324000 0.124000 0.312300 0.165100 0.163500 0.125200 0.181900 0.123200 0.054100 0.163500 0.123300 0.186700 0.181900 0.223300 0.164100 0.143400 0.181100 0.199700 0.124000 0.164300 0.162500 0.000000 0.072200 0.145300 0.208100 0.163500 0.124000 0.181200 0.124000 0.035900 0.142800 0.143400 0.145500 0.163500 0.123300 0.163500 0.165100 0.181200 0.093100 0.000000 0.203700 0.035700 0.092500 0.140900 0.140200 0.186100 0.143400 0.143400 0.182900 0.140800 0.124000
ThomsonGaz 0.085100 0.278600 0.103300 0.263000 0.068800 0.068100 0.104400 0.050100 0.120500 0.229700 0.068100 0.067400 0.087300 0.122300 0.240300 0.033500 0.050500 0.085100 0.083600 0.103300 0.068200 0.103200 0.203700 0.249100 0.086700 0.034000 0.068100 0.103300 0.050000 0.103300 0.205600 0.085400 0.050500 0.086600 0.068100 0.067100 0.068100 0.068800 0.050400 0.277800 0.203700 0.000000 0.205600 0.275100 0.084000 0.118900 0.051300 0.050500 0.050600 0.122700 0.119900 0.103300
MuntiacusC 0.182900 0.351000 0.125000 0.312600 0.166700 0.164900 0.126300 0.183500 0.142600 0.018300 0.164900 0.124400 0.188400 0.183600 0.202700 0.165500 0.144700 0.182600 0.201400 0.125000 0.165800 0.163800 0.035800 0.073000 0.146600 0.210100 0.164900 0.125000 0.182700 0.125000 0.000000 0.144000 0.144700 0.146800 0.164900 0.124400 0.164900 0.166700 0.182700 0.094100 0.035700 0.205600 0.000000 0.093600 0.142100 0.141400 0.187900 0.144700 0.144700 0.184500 0.141900 0.125000
WhiteTaile 0.249700 0.407800 0.187200 0.365300 0.190600 0.231200 0.189700 0.250600 0.205400 0.115400 0.231200 0.186400 0.234400 0.251300 0.229300 0.231700 0.208900 0.248900 0.269400 0.187200 0.232100 0.229500 0.092500 0.018200 0.211900 0.257400 0.231200 0.187200 0.249000 0.187200 0.093600 0.208300 0.208900 0.212200 0.231200 0.186400 0.231200 0.190600 0.249000 0.076200 0.092500 0.275100 0.093600 0.000000 0.204800 0.204000 0.256500 0.208900 0.208900 0.229200 0.204300 0.187200
Cattle 0.066000 0.251400 0.049300 0.235900 0.050000 0.049500 0.084300 0.066200 0.065800 0.163500 0.049500 0.016100 0.067700 0.101200 0.170700 0.049700 0.032700 0.066000 0.082500 0.049300 0.049800 0.049300 0.140900 0.181800 0.067200 0.085900 0.049500 0.049300 0.066000 0.049300 0.142100 0.066300 0.032700 0.067200 0.049500 0.016100 0.049500 0.050000 0.066000 0.186500 0.140900 0.084000 0.142100 0.204800 0.000000 0.064900 0.068000 0.032700 0.032700 0.066500 0.065400 0.049300
RoyalAntel 0.100900 0.270000 0.083000 0.274700 0.084200 0.083400 0.083700 0.100300 0.099500 0.162800 0.083400 0.048700 0.102600 0.136100 0.169500 0.083700 0.065900 0.099900 0.116700 0.083000 0.083800 0.083000 0.140200 0.181100 0.101900 0.121200 0.083400 0.083000 0.099900 0.083000 0.141400 0.100300 0.065900 0.066800 0.083400 0.048700 0.083400 0.084200 0.100900 0.205500 0.140200 0.118900 0.141400 0.204000 0.064900 0.000000 0.103600 0.065900 0.065900 0.100800 0.099100 0.083000
Steenbok 0.068500 0.282500 0.086600 0.246000 0.051900 0.051400 0.087700 0.034000 0.103900 0.211600 0.051400 0.050700 0.070400 0.069100 0.222300 0.017200 0.034300 0.068600 0.085600 0.086600 0.016900 0.086600 0.186100 0.231000 0.069900 0.052400 0.051400 0.086700 0.033600 0.086600 0.187900 0.068900 0.034300 0.069900 0.051400 0.051100 0.051400 0.051900 0.034000 0.259500 0.186100 0.051300 0.187900 0.256500 0.068000 0.103600 0.000000 0.034200 0.034300 0.105600 0.103500 0.086600
Impala 0.033100 0.235100 0.050100 0.199500 0.016700 0.016800 0.051800 0.033100 0.066800 0.166600 0.016900 0.016500 0.033900 0.067600 0.174300 0.016700 0.000000 0.033000 0.049600 0.050100 0.050700 0.050100 0.143400 0.185300 0.033700 0.051500 0.016600 0.050600 0.033100 0.050500 0.144700 0.033200 0.000000 0.033700 0.016600 0.016300 0.016600 0.016700 0.033500 0.210800 0.143400 0.050500 0.144700 0.208900 0.032700 0.065900 0.034200 0.000000 0.000000 0.067600 0.066500 0.050100
Klipspring 0.033400 0.235100 0.050100 0.199500 0.016700 0.016900 0.050700 0.033700 0.066800 0.166600 0.016700 0.016600 0.033900 0.067600 0.174300 0.016800 0.000000 0.033700 0.050100 0.050100 0.051300 0.050100 0.143400 0.185300 0.033700 0.051500 0.016800 0.050600 0.033600 0.050100 0.144700 0.033200 0.000000 0.033700 0.016600 0.016600 0.016600 0.017000 0.033100 0.210800 0.143400 0.050600 0.144700 0.208900 0.032700 0.065900 0.034300 0.000000 0.000000 0.067600 0.066500 0.050100
ForestMusk 0.102900 0.276500 0.085100 0.220200 0.086400 0.085600 0.122300 0.102900 0.102100 0.207800 0.085600 0.049900 0.068300 0.139800 0.194500 0.085900 0.067600 0.102600 0.119700 0.085100 0.086100 0.085200 0.182900 0.205100 0.104600 0.086700 0.085600 0.085100 0.104100 0.085300 0.184500 0.102900 0.067600 0.104500 0.085600 0.049900 0.085600 0.086400 0.102600 0.231300 0.182900 0.122700 0.184500 0.229200 0.066500 0.100800 0.105600 0.067600 0.067600 0.000000 0.101700 0.085100
Bushbuck 0.083600 0.271800 0.016000 0.236400 0.084800 0.084100 0.084500 0.101100 0.031900 0.163200 0.084100 0.049500 0.103500 0.102200 0.212900 0.084500 0.066500 0.083600 0.117700 0.016200 0.084600 0.083700 0.140800 0.181500 0.067300 0.122300 0.084100 0.016000 0.101000 0.016300 0.141900 0.066400 0.066500 0.102700 0.084100 0.049000 0.084100 0.084800 0.101000 0.206400 0.140800 0.119900 0.141900 0.204300 0.065400 0.099100 0.103500 0.066500 0.066500 0.101700 0.000000 0.016000
GreaterKud 0.067200 0.254600 0.000000 0.218900 0.068200 0.067600 0.067900 0.084700 0.016000 0.146100 0.067600 0.032900 0.086300 0.084800 0.194900 0.067900 0.050100 0.067200 0.101300 0.000000 0.068000 0.067300 0.124000 0.164600 0.050800 0.105400 0.067600 0.000000 0.084500 0.000000 0.125000 0.050000 0.050600 0.086000 0.067600 0.032900 0.067600 0.068200 0.084500 0.189000 0.124000 0.103300 0.125000 0.187200 0.049300 0.083000 0.086600 0.050100 0.050100 0.085100 0.016000 0.000000
