CODONML (in paml version 4.10.7, June 2023)  /home/rachel/ruminants_paml/6406-phy-tree/ENSBTAT00000047514.fasta.phy
Model: free dN/dS Ratios for branches,  kappa = 2.000 fixed

Codon frequency model: F3x4
ns =  54  ls =  36

Codon usage in sequences
--------------------------------------------------------------------------------------------------------------------------------------
Phe TTT   0   0   0   0   0   0 | Ser TCT   0   0   0   0   0   0 | Tyr TAT   3   3   3   3   3   3 | Cys TGT   1   2   1   1   1   1
    TTC   0   0   0   0   0   0 |     TCC   0   0   0   0   0   0 |     TAC   0   0   0   0   0   0 |     TGC   0   0   0   0   0   0
Leu TTA   0   0   0   0   0   0 |     TCA   1   2   1   1   1   1 | *** TAA   0   0   0   0   0   0 | *** TGA   0   0   0   0   0   0
    TTG   0   0   0   0   0   0 |     TCG   0   0   0   0   0   0 |     TAG   0   0   0   0   0   0 | Trp TGG   0   0   0   0   1   1
--------------------------------------------------------------------------------------------------------------------------------------
Leu CTT   1   1   1   1   1   1 | Pro CCT   1   1   1   1   1   1 | His CAT   0   1   0   1   1   0 | Arg CGT   2   0   2   1   1   1
    CTC   0   0   0   0   0   0 |     CCC   2   2   2   2   2   2 |     CAC   1   1   1   1   0   1 |     CGC   0   0   0   0   0   0
    CTA   2   0   2   1   0   0 |     CCA   0   0   0   0   1   1 | Gln CAA   0   0   0   0   0   0 |     CGA   1   1   1   1   1   1
    CTG   0   1   0   1   1   1 |     CCG   0   0   0   0   0   0 |     CAG   0   0   0   0   0   0 |     CGG   0   0   0   0   0   0
--------------------------------------------------------------------------------------------------------------------------------------
Ile ATT   0   0   0   0   0   0 | Thr ACT   1   2   1   0   0   1 | Asn AAT   1   1   1   1   1   1 | Ser AGT   1   1   1   1   1   0
    ATC   0   0   0   0   0   0 |     ACC   1   0   1   0   1   1 |     AAC   0   0   0   0   0   1 |     AGC   0   0   0   0   0   0
    ATA   1   1   1   1   1   1 |     ACA   1   1   1   2   1   1 | Lys AAA   3   3   3   2   2   3 | Arg AGA   1   1   1   1   2   1
Met ATG   0   0   0   0   0   0 |     ACG   0   0   0   0   0   0 |     AAG   0   0   0   1   0   0 |     AGG   0   0   0   0   0   0
--------------------------------------------------------------------------------------------------------------------------------------
Val GTT   0   0   0   0   0   1 | Ala GCT   0   0   0   1   1   0 | Asp GAT   2   2   2   2   2   2 | Gly GGT   1   1   1   1   1   1
    GTC   0   0   0   0   0   0 |     GCC   0   0   0   0   0   0 |     GAC   1   1   1   1   1   1 |     GGC   0   0   0   0   0   0
    GTA   0   0   0   0   1   0 |     GCA   0   0   0   0   0   0 | Glu GAA   4   5   4   4   3   4 |     GGA   1   1   1   1   1   1
    GTG   1   1   1   1   0   0 |     GCG   0   0   0   0   0   0 |     GAG   1   0   1   1   2   1 |     GGG   0   0   0   0   0   0
--------------------------------------------------------------------------------------------------------------------------------------

--------------------------------------------------------------------------------------------------------------------------------------
Phe TTT   0   0   0   0   0   0 | Ser TCT   0   0   0   0   0   0 | Tyr TAT   3   3   3   3   3   3 | Cys TGT   2   1   1   1   1   2
    TTC   0   0   0   0   0   0 |     TCC   0   0   0   0   0   0 |     TAC   0   0   0   0   0   0 |     TGC   0   0   0   0   0   0
Leu TTA   0   0   0   0   1   0 |     TCA   1   1   1   1   1   1 | *** TAA   0   0   0   0   0   0 | *** TGA   0   0   0   0   0   0
    TTG   0   0   0   0   0   0 |     TCG   0   0   0   0   0   0 |     TAG   0   0   0   0   0   0 | Trp TGG   0   0   0   0   0   0
--------------------------------------------------------------------------------------------------------------------------------------
Leu CTT   1   1   1   1   1   2 | Pro CCT   1   1   1   1   1   1 | His CAT   0   0   1   0   0   0 | Arg CGT   1   2   2   2   2   1
    CTC   0   0   0   0   0   0 |     CCC   2   2   2   2   2   2 |     CAC   1   1   0   1   1   1 |     CGC   0   0   0   0   0   0
    CTA   2   2   2   2   1   1 |     CCA   0   0   0   0   0   0 | Gln CAA   0   0   0   0   0   0 |     CGA   1   1   1   1   1   1
    CTG   0   0   0   0   0   0 |     CCG   0   0   0   0   0   0 |     CAG   0   0   0   0   0   0 |     CGG   0   0   0   0   0   0
--------------------------------------------------------------------------------------------------------------------------------------
Ile ATT   0   0   0   0   0   0 | Thr ACT   0   1   1   1   1   1 | Asn AAT   1   1   1   1   1   1 | Ser AGT   1   1   1   1   1   1
    ATC   0   0   0   0   0   0 |     ACC   1   1   1   1   1   1 |     AAC   0   0   0   0   0   0 |     AGC   0   0   0   0   0   0
    ATA   1   1   1   1   1   1 |     ACA   1   1   1   1   1   1 | Lys AAA   3   3   3   3   3   3 | Arg AGA   1   1   1   1   1   1
Met ATG   0   0   0   0   0   0 |     ACG   0   0   0   0   0   0 |     AAG   0   0   0   0   0   0 |     AGG   0   0   0   0   0   0
--------------------------------------------------------------------------------------------------------------------------------------
Val GTT   0   0   0   0   0   0 | Ala GCT   1   0   0   0   0   0 | Asp GAT   2   2   2   2   2   2 | Gly GGT   1   1   1   1   1   1
    GTC   0   0   0   0   0   0 |     GCC   0   0   0   0   0   0 |     GAC   1   1   1   1   1   1 |     GGC   0   0   0   0   0   0
    GTA   0   0   0   0   0   0 |     GCA   0   0   0   0   0   0 | Glu GAA   4   4   4   4   4   4 |     GGA   1   1   1   1   1   1
    GTG   1   1   1   1   1   1 |     GCG   0   0   0   0   0   0 |     GAG   1   1   1   1   1   1 |     GGG   0   0   0   0   0   0
--------------------------------------------------------------------------------------------------------------------------------------

--------------------------------------------------------------------------------------------------------------------------------------
Phe TTT   0   0   0   0   0   0 | Ser TCT   0   0   0   0   0   0 | Tyr TAT   3   3   3   3   3   3 | Cys TGT   1   1   1   1   1   1
    TTC   0   0   0   0   0   0 |     TCC   0   0   0   0   0   0 |     TAC   0   0   0   0   0   0 |     TGC   0   0   0   0   0   0
Leu TTA   0   0   0   0   0   0 |     TCA   1   1   1   1   1   1 | *** TAA   0   0   0   0   0   0 | *** TGA   0   0   0   0   0   0
    TTG   0   0   0   0   0   0 |     TCG   0   0   0   0   0   0 |     TAG   0   0   0   0   0   0 | Trp TGG   0   0   0   0   0   0
--------------------------------------------------------------------------------------------------------------------------------------
Leu CTT   1   1   1   1   1   1 | Pro CCT   1   1   1   1   1   1 | His CAT   0   0   0   0   1   0 | Arg CGT   2   2   2   2   1   2
    CTC   0   0   0   0   0   0 |     CCC   2   2   2   2   2   2 |     CAC   1   1   1   1   1   1 |     CGC   0   0   0   0   0   0
    CTA   2   1   2   2   2   2 |     CCA   0   1   0   0   0   0 | Gln CAA   0   0   0   0   0   0 |     CGA   1   1   1   1   1   1
    CTG   0   0   0   0   0   0 |     CCG   0   0   0   0   0   0 |     CAG   0   0   0   0   0   0 |     CGG   0   0   0   0   0   0
--------------------------------------------------------------------------------------------------------------------------------------
Ile ATT   0   0   0   0   0   0 | Thr ACT   1   1   1   1   1   1 | Asn AAT   1   1   1   1   1   1 | Ser AGT   1   1   1   1   1   1
    ATC   0   0   0   0   0   0 |     ACC   1   1   1   1   1   1 |     AAC   0   0   0   0   0   0 |     AGC   0   0   0   0   0   0
    ATA   1   1   1   1   1   1 |     ACA   1   1   1   1   1   1 | Lys AAA   3   3   3   3   3   3 | Arg AGA   1   1   1   1   1   1
Met ATG   0   0   0   0   0   0 |     ACG   0   0   0   0   0   0 |     AAG   0   0   0   0   0   0 |     AGG   0   0   0   0   0   0
--------------------------------------------------------------------------------------------------------------------------------------
Val GTT   0   0   0   0   0   0 | Ala GCT   0   0   0   0   0   0 | Asp GAT   2   2   2   2   2   2 | Gly GGT   1   1   1   1   0   1
    GTC   0   0   0   0   0   0 |     GCC   0   0   0   0   0   0 |     GAC   1   1   1   1   1   1 |     GGC   0   0   0   0   1   0
    GTA   0   0   0   0   0   0 |     GCA   0   0   0   0   0   0 | Glu GAA   4   4   4   4   4   4 |     GGA   1   1   1   1   1   1
    GTG   1   1   1   1   1   1 |     GCG   0   0   0   0   0   0 |     GAG   1   1   1   1   1   1 |     GGG   0   0   0   0   0   0
--------------------------------------------------------------------------------------------------------------------------------------

--------------------------------------------------------------------------------------------------------------------------------------
Phe TTT   0   0   0   0   0   0 | Ser TCT   0   0   0   0   0   0 | Tyr TAT   3   3   3   3   3   3 | Cys TGT   1   1   1   1   1   1
    TTC   0   0   0   0   0   0 |     TCC   0   0   0   0   0   0 |     TAC   0   0   0   0   0   0 |     TGC   0   0   0   0   0   0
Leu TTA   0   0   0   1   0   0 |     TCA   1   1   1   1   1   1 | *** TAA   0   0   0   0   0   0 | *** TGA   0   0   0   0   0   0
    TTG   0   0   0   0   0   0 |     TCG   0   0   0   0   0   0 |     TAG   0   0   0   0   0   0 | Trp TGG   0   0   0   0   0   0
--------------------------------------------------------------------------------------------------------------------------------------
Leu CTT   1   1   1   1   1   1 | Pro CCT   1   1   1   1   1   1 | His CAT   1   1   0   0   0   0 | Arg CGT   1   1   2   2   2   2
    CTC   0   0   0   0   0   0 |     CCC   2   2   2   2   2   2 |     CAC   1   1   1   1   1   1 |     CGC   0   0   0   0   0   0
    CTA   2   2   2   1   2   2 |     CCA   0   0   0   0   0   0 | Gln CAA   0   0   0   0   0   0 |     CGA   1   1   1   1   1   1
    CTG   0   0   0   0   0   0 |     CCG   0   0   0   0   0   0 |     CAG   0   0   0   0   0   0 |     CGG   0   0   0   0   0   0
--------------------------------------------------------------------------------------------------------------------------------------
Ile ATT   0   0   0   0   0   0 | Thr ACT   0   0   1   1   1   1 | Asn AAT   1   1   1   1   1   1 | Ser AGT   1   1   1   1   1   1
    ATC   0   0   0   0   0   0 |     ACC   1   1   1   1   1   1 |     AAC   0   0   0   0   0   0 |     AGC   0   0   0   0   0   0
    ATA   1   1   1   1   1   1 |     ACA   1   1   1   1   1   1 | Lys AAA   3   3   3   3   3   3 | Arg AGA   1   1   1   0   1   1
Met ATG   0   0   0   0   0   0 |     ACG   0   0   0   0   0   0 |     AAG   0   0   0   0   0   0 |     AGG   0   0   0   1   0   0
--------------------------------------------------------------------------------------------------------------------------------------
Val GTT   0   0   0   0   0   0 | Ala GCT   1   1   0   0   0   0 | Asp GAT   2   2   2   2   2   2 | Gly GGT   1   1   1   1   1   1
    GTC   0   0   0   0   0   0 |     GCC   0   0   0   0   0   0 |     GAC   1   1   1   1   1   1 |     GGC   0   0   0   0   0   0
    GTA   0   0   0   0   0   0 |     GCA   0   0   0   0   0   0 | Glu GAA   5   5   3   4   4   4 |     GGA   1   1   1   1   1   1
    GTG   1   1   1   1   1   1 |     GCG   0   0   0   0   0   0 |     GAG   0   0   2   1   1   1 |     GGG   0   0   0   0   0   0
--------------------------------------------------------------------------------------------------------------------------------------

--------------------------------------------------------------------------------------------------------------------------------------
Phe TTT   0   0   0   0   0   0 | Ser TCT   0   0   0   0   0   0 | Tyr TAT   3   3   3   3   3   3 | Cys TGT   1   1   1   1   1   1
    TTC   0   0   0   0   0   0 |     TCC   0   0   0   0   0   0 |     TAC   0   0   0   0   0   0 |     TGC   0   0   0   0   0   0
Leu TTA   0   0   0   0   0   1 |     TCA   1   1   1   1   1   1 | *** TAA   0   0   0   0   0   0 | *** TGA   0   0   0   0   0   0
    TTG   0   0   0   0   0   0 |     TCG   0   0   0   0   0   0 |     TAG   0   0   0   0   0   0 | Trp TGG   0   0   0   0   0   0
--------------------------------------------------------------------------------------------------------------------------------------
Leu CTT   1   1   1   1   1   1 | Pro CCT   1   1   1   1   1   1 | His CAT   0   1   0   0   0   0 | Arg CGT   2   1   2   2   2   2
    CTC   0   0   0   0   0   0 |     CCC   2   2   2   2   2   2 |     CAC   1   1   1   1   1   1 |     CGC   0   0   0   0   0   0
    CTA   2   2   2   2   2   1 |     CCA   0   0   0   0   0   0 | Gln CAA   0   0   0   0   0   0 |     CGA   1   1   1   1   1   1
    CTG   0   0   0   0   0   0 |     CCG   0   0   0   0   0   0 |     CAG   0   0   0   0   0   0 |     CGG   0   0   0   0   0   0
--------------------------------------------------------------------------------------------------------------------------------------
Ile ATT   0   0   0   0   0   0 | Thr ACT   1   1   1   1   1   1 | Asn AAT   1   1   1   1   1   1 | Ser AGT   1   1   1   1   1   1
    ATC   0   0   0   0   0   0 |     ACC   1   1   1   1   1   1 |     AAC   0   0   0   0   0   0 |     AGC   0   0   0   0   0   0
    ATA   1   1   1   1   1   1 |     ACA   1   1   1   1   1   1 | Lys AAA   3   3   3   3   3   3 | Arg AGA   1   1   1   1   1   1
Met ATG   0   0   0   0   0   0 |     ACG   0   0   0   0   0   0 |     AAG   0   0   0   0   0   0 |     AGG   0   0   0   0   0   0
--------------------------------------------------------------------------------------------------------------------------------------
Val GTT   0   0   0   0   0   0 | Ala GCT   0   0   0   0   0   0 | Asp GAT   2   3   2   2   2   2 | Gly GGT   1   1   1   1   1   1
    GTC   0   0   0   0   0   0 |     GCC   0   0   0   0   0   0 |     GAC   1   0   1   1   1   1 |     GGC   0   0   0   0   0   0
    GTA   0   0   0   0   0   0 |     GCA   0   0   0   0   0   0 | Glu GAA   4   4   4   4   4   4 |     GGA   1   1   1   1   1   1
    GTG   1   1   1   1   1   1 |     GCG   0   0   0   0   0   0 |     GAG   1   1   1   1   1   1 |     GGG   0   0   0   0   0   0
--------------------------------------------------------------------------------------------------------------------------------------

--------------------------------------------------------------------------------------------------------------------------------------
Phe TTT   0   0   0   0   0   0 | Ser TCT   0   0   0   0   1   0 | Tyr TAT   3   3   3   2   3   3 | Cys TGT   2   1   2   1   1   1
    TTC   0   0   0   0   0   0 |     TCC   0   0   0   0   0   0 |     TAC   0   0   0   1   0   0 |     TGC   0   0   0   0   0   0
Leu TTA   0   1   0   0   0   0 |     TCA   1   1   1   1   1   1 | *** TAA   0   0   0   0   0   0 | *** TGA   0   0   0   0   0   0
    TTG   0   0   0   0   0   0 |     TCG   0   0   0   0   0   0 |     TAG   0   0   0   0   0   0 | Trp TGG   0   0   0   0   0   0
--------------------------------------------------------------------------------------------------------------------------------------
Leu CTT   1   1   2   1   1   1 | Pro CCT   1   1   1   1   0   1 | His CAT   0   0   0   0   0   0 | Arg CGT   1   2   1   2   2   2
    CTC   0   0   0   0   0   0 |     CCC   2   2   2   2   2   2 |     CAC   1   1   1   1   1   1 |     CGC   0   0   0   0   0   0
    CTA   2   1   1   2   1   2 |     CCA   0   0   0   0   0   0 | Gln CAA   0   0   0   0   0   0 |     CGA   1   1   1   1   1   1
    CTG   0   0   0   0   1   0 |     CCG   0   0   0   0   0   0 |     CAG   0   0   0   0   0   0 |     CGG   0   0   0   0   0   0
--------------------------------------------------------------------------------------------------------------------------------------
Ile ATT   0   0   0   0   0   0 | Thr ACT   1   1   1   1   1   1 | Asn AAT   1   1   1   1   1   1 | Ser AGT   1   1   1   1   1   1
    ATC   0   0   0   0   0   0 |     ACC   1   1   1   1   1   1 |     AAC   0   0   0   0   0   0 |     AGC   0   0   0   0   0   0
    ATA   1   1   1   1   1   1 |     ACA   1   1   1   1   1   1 | Lys AAA   3   3   3   3   3   3 | Arg AGA   1   1   1   1   1   1
Met ATG   0   0   0   0   0   0 |     ACG   0   0   0   0   0   0 |     AAG   0   0   0   0   0   0 |     AGG   0   0   0   0   0   0
--------------------------------------------------------------------------------------------------------------------------------------
Val GTT   0   0   0   0   0   0 | Ala GCT   0   0   0   0   0   0 | Asp GAT   2   2   2   2   2   2 | Gly GGT   1   1   1   1   1   1
    GTC   0   0   0   0   0   0 |     GCC   0   0   0   0   0   0 |     GAC   1   1   1   1   1   1 |     GGC   0   0   0   0   0   0
    GTA   0   0   0   0   0   0 |     GCA   0   0   0   0   0   0 | Glu GAA   4   4   4   4   4   4 |     GGA   1   1   1   1   1   1
    GTG   1   1   1   1   1   1 |     GCG   0   0   0   0   0   0 |     GAG   1   1   1   1   1   1 |     GGG   0   0   0   0   0   0
--------------------------------------------------------------------------------------------------------------------------------------

--------------------------------------------------------------------------------------------------------------------------------------
Phe TTT   0   0   0   0   0   0 | Ser TCT   0   0   0   0   0   0 | Tyr TAT   3   3   3   3   3   3 | Cys TGT   1   1   1   1   1   1
    TTC   0   0   0   0   0   0 |     TCC   0   0   0   0   0   0 |     TAC   0   0   0   0   0   0 |     TGC   0   0   0   0   0   0
Leu TTA   0   0   0   0   0   0 |     TCA   1   1   1   1   1   1 | *** TAA   0   0   0   0   0   0 | *** TGA   0   0   0   0   0   0
    TTG   0   0   0   0   0   0 |     TCG   0   0   0   0   0   0 |     TAG   0   0   0   0   0   0 | Trp TGG   0   0   0   0   0   0
--------------------------------------------------------------------------------------------------------------------------------------
Leu CTT   1   1   1   1   1   1 | Pro CCT   1   2   1   1   1   1 | His CAT   0   0   0   0   0   0 | Arg CGT   2   2   2   2   2   2
    CTC   0   0   0   0   0   0 |     CCC   2   1   2   2   2   2 |     CAC   1   1   1   1   1   1 |     CGC   0   0   0   0   0   0
    CTA   2   1   2   2   2   2 |     CCA   0   1   0   0   0   0 | Gln CAA   0   0   0   0   0   0 |     CGA   1   1   1   1   1   1
    CTG   0   0   0   0   0   0 |     CCG   0   0   0   0   0   0 |     CAG   0   0   0   0   0   0 |     CGG   0   0   0   0   0   0
--------------------------------------------------------------------------------------------------------------------------------------
Ile ATT   0   0   0   0   0   0 | Thr ACT   1   1   1   0   1   1 | Asn AAT   1   1   1   1   1   1 | Ser AGT   1   1   1   1   1   1
    ATC   0   0   0   0   0   0 |     ACC   1   1   1   1   1   1 |     AAC   0   0   0   0   0   0 |     AGC   0   0   0   0   0   0
    ATA   1   1   1   1   1   1 |     ACA   1   1   1   1   1   1 | Lys AAA   3   3   3   3   3   3 | Arg AGA   1   1   1   1   1   1
Met ATG   0   0   0   0   0   0 |     ACG   0   0   0   0   0   0 |     AAG   0   0   0   0   0   0 |     AGG   0   0   0   0   0   0
--------------------------------------------------------------------------------------------------------------------------------------
Val GTT   0   0   0   0   0   0 | Ala GCT   0   0   0   1   0   0 | Asp GAT   2   2   2   2   1   2 | Gly GGT   1   1   1   1   1   0
    GTC   0   0   0   0   0   0 |     GCC   0   0   0   0   0   0 |     GAC   1   1   1   1   2   1 |     GGC   0   0   0   0   0   1
    GTA   0   0   0   0   0   0 |     GCA   0   0   0   0   0   0 | Glu GAA   4   4   4   4   4   4 |     GGA   1   1   1   1   1   1
    GTG   1   1   1   1   1   1 |     GCG   0   0   0   0   0   0 |     GAG   1   1   1   1   1   1 |     GGG   0   0   0   0   0   0
--------------------------------------------------------------------------------------------------------------------------------------

--------------------------------------------------------------------------------------------------------------------------------------
Phe TTT   0   0   0   0   0   0 | Ser TCT   0   0   0   0   0   0 | Tyr TAT   3   3   3   3   3   3 | Cys TGT   1   1   2   1   1   1
    TTC   0   0   0   0   0   0 |     TCC   0   0   0   0   0   0 |     TAC   0   0   0   0   0   0 |     TGC   0   0   0   0   0   0
Leu TTA   0   0   0   0   0   0 |     TCA   1   1   1   1   1   1 | *** TAA   0   0   0   0   0   0 | *** TGA   0   0   0   0   0   0
    TTG   0   0   0   0   0   0 |     TCG   0   0   0   0   0   0 |     TAG   0   0   0   0   0   0 | Trp TGG   0   0   0   0   0   0
--------------------------------------------------------------------------------------------------------------------------------------
Leu CTT   1   1   2   1   1   1 | Pro CCT   1   1   1   1   2   1 | His CAT   0   0   0   1   0   0 | Arg CGT   2   2   1   1   2   2
    CTC   0   0   0   0   0   0 |     CCC   2   2   2   2   1   2 |     CAC   1   1   1   1   1   1 |     CGC   0   0   0   0   0   0
    CTA   2   2   1   2   1   2 |     CCA   0   0   0   0   1   0 | Gln CAA   0   0   0   0   0   0 |     CGA   1   1   1   1   1   1
    CTG   0   0   0   0   0   0 |     CCG   0   0   0   0   0   0 |     CAG   0   0   0   0   0   0 |     CGG   0   0   0   0   0   0
--------------------------------------------------------------------------------------------------------------------------------------
Ile ATT   0   0   0   0   0   0 | Thr ACT   1   0   1   0   1   1 | Asn AAT   1   1   1   1   1   1 | Ser AGT   1   1   1   2   1   1
    ATC   0   0   0   0   0   0 |     ACC   1   1   1   1   1   1 |     AAC   0   0   0   0   0   0 |     AGC   0   0   0   0   0   0
    ATA   1   1   1   1   1   1 |     ACA   1   1   1   1   1   1 | Lys AAA   3   3   3   3   3   3 | Arg AGA   1   1   1   1   1   1
Met ATG   0   0   0   0   0   0 |     ACG   0   0   0   0   0   0 |     AAG   0   0   0   0   0   0 |     AGG   0   0   0   0   0   0
--------------------------------------------------------------------------------------------------------------------------------------
Val GTT   0   0   0   0   0   0 | Ala GCT   0   1   0   0   0   0 | Asp GAT   2   2   2   2   2   2 | Gly GGT   1   1   1   1   1   1
    GTC   0   0   0   0   0   0 |     GCC   0   0   0   0   0   0 |     GAC   1   1   1   1   1   1 |     GGC   0   0   0   0   0   0
    GTA   0   0   0   0   0   0 |     GCA   0   0   0   0   0   0 | Glu GAA   4   4   4   4   4   4 |     GGA   1   1   1   1   1   1
    GTG   1   1   1   1   1   1 |     GCG   0   0   0   0   0   1 |     GAG   1   1   1   1   1   0 |     GGG   0   0   0   0   0   0
--------------------------------------------------------------------------------------------------------------------------------------

--------------------------------------------------------------------------------------------------------------------------------------
Phe TTT   0   0   0   0   0   0 | Ser TCT   0   0   0   0   0   0 | Tyr TAT   3   3   3   3   3   3 | Cys TGT   1   2   1   1   1   1
    TTC   0   0   0   0   0   0 |     TCC   0   0   0   0   0   0 |     TAC   0   0   0   0   0   0 |     TGC   0   0   0   0   0   0
Leu TTA   0   0   0   0   1   0 |     TCA   1   1   1   1   1   1 | *** TAA   0   0   0   0   0   0 | *** TGA   0   0   0   0   0   0
    TTG   0   0   0   0   0   0 |     TCG   0   0   0   0   0   0 |     TAG   0   0   0   0   0   0 | Trp TGG   0   0   0   0   0   0
--------------------------------------------------------------------------------------------------------------------------------------
Leu CTT   1   1   1   1   1   1 | Pro CCT   1   1   1   1   1   1 | His CAT   0   0   0   1   0   1 | Arg CGT   2   1   2   1   2   1
    CTC   0   0   0   0   0   0 |     CCC   2   2   2   2   2   2 |     CAC   1   1   1   1   1   1 |     CGC   0   0   0   0   0   0
    CTA   2   2   2   1   1   2 |     CCA   0   0   0   0   0   0 | Gln CAA   0   0   0   0   0   0 |     CGA   1   1   1   1   1   1
    CTG   0   0   0   1   0   0 |     CCG   0   0   0   0   0   0 |     CAG   0   0   0   0   0   0 |     CGG   0   0   0   0   0   0
--------------------------------------------------------------------------------------------------------------------------------------
Ile ATT   0   0   0   0   0   0 | Thr ACT   1   1   1   0   1   1 | Asn AAT   1   1   1   1   1   1 | Ser AGT   1   1   1   1   1   1
    ATC   0   0   0   0   0   0 |     ACC   1   1   1   0   1   1 |     AAC   0   0   0   0   0   0 |     AGC   0   0   0   0   0   0
    ATA   1   1   1   1   1   1 |     ACA   1   1   1   2   1   1 | Lys AAA   3   3   3   2   3   3 | Arg AGA   1   1   1   1   1   1
Met ATG   0   0   0   0   0   0 |     ACG   0   0   0   0   0   0 |     AAG   0   0   0   1   0   0 |     AGG   0   0   0   0   0   0
--------------------------------------------------------------------------------------------------------------------------------------
Val GTT   0   0   0   0   0   0 | Ala GCT   0   0   0   1   0   0 | Asp GAT   2   2   3   2   2   2 | Gly GGT   1   1   0   1   1   1
    GTC   0   0   0   0   0   0 |     GCC   0   0   0   0   0   0 |     GAC   1   1   1   1   1   1 |     GGC   0   0   0   0   0   0
    GTA   0   1   0   0   0   0 |     GCA   0   0   0   0   0   0 | Glu GAA   3   4   4   4   4   4 |     GGA   2   1   1   1   1   1
    GTG   1   0   1   1   1   1 |     GCG   0   0   0   0   0   0 |     GAG   1   1   1   1   1   1 |     GGG   0   0   0   0   0   0
--------------------------------------------------------------------------------------------------------------------------------------

Codon position x base (3x4) table for each sequence.

#1: Argali         
position  1:    T:0.13889    C:0.27778    A:0.27778    G:0.30556
position  2:    T:0.13889    C:0.19444    A:0.44444    G:0.22222
position  3:    T:0.38889    C:0.13889    A:0.41667    G:0.05556
Average         T:0.22222    C:0.20370    A:0.37963    G:0.19444

#2: LesserMouseDeer
position  1:    T:0.19444    C:0.22222    A:0.27778    G:0.30556
position  2:    T:0.11111    C:0.22222    A:0.47222    G:0.19444
position  3:    T:0.41667    C:0.11111    A:0.41667    G:0.05556
Average         T:0.24074    C:0.18519    A:0.38889    G:0.18519

#3: LesserKudu     
position  1:    T:0.13889    C:0.27778    A:0.27778    G:0.30556
position  2:    T:0.13889    C:0.19444    A:0.44444    G:0.22222
position  3:    T:0.38889    C:0.13889    A:0.41667    G:0.05556
Average         T:0.22222    C:0.20370    A:0.37963    G:0.19444

#4: ForestMuskDeer2
position  1:    T:0.13889    C:0.27778    A:0.25000    G:0.33333
position  2:    T:0.13889    C:0.19444    A:0.47222    G:0.19444
position  3:    T:0.38889    C:0.11111    A:0.38889    G:0.11111
Average         T:0.22222    C:0.19444    A:0.37037    G:0.21296

#5: Camel          
position  1:    T:0.16667    C:0.25000    A:0.25000    G:0.33333
position  2:    T:0.11111    C:0.22222    A:0.41667    G:0.25000
position  3:    T:0.38889    C:0.11111    A:0.38889    G:0.11111
Average         T:0.22222    C:0.19444    A:0.35185    G:0.23148

#6: KillerWhale    
position  1:    T:0.16667    C:0.25000    A:0.27778    G:0.30556
position  2:    T:0.11111    C:0.22222    A:0.47222    G:0.19444
position  3:    T:0.36111    C:0.16667    A:0.38889    G:0.08333
Average         T:0.21296    C:0.21296    A:0.37963    G:0.19444

#7: DefassaWaterbuck
position  1:    T:0.16667    C:0.25000    A:0.25000    G:0.33333
position  2:    T:0.13889    C:0.19444    A:0.44444    G:0.22222
position  3:    T:0.38889    C:0.13889    A:0.41667    G:0.05556
Average         T:0.23148    C:0.19444    A:0.37037    G:0.20370

#8: Sheep          
position  1:    T:0.13889    C:0.27778    A:0.27778    G:0.30556
position  2:    T:0.13889    C:0.19444    A:0.44444    G:0.22222
position  3:    T:0.38889    C:0.13889    A:0.41667    G:0.05556
Average         T:0.22222    C:0.20370    A:0.37963    G:0.19444

#9: MaxwellsDuiker 
position  1:    T:0.13889    C:0.27778    A:0.27778    G:0.30556
position  2:    T:0.13889    C:0.19444    A:0.44444    G:0.22222
position  3:    T:0.41667    C:0.11111    A:0.41667    G:0.05556
Average         T:0.23148    C:0.19444    A:0.37963    G:0.19444

#10: GazellaPrzewalskyi
position  1:    T:0.13889    C:0.27778    A:0.27778    G:0.30556
position  2:    T:0.13889    C:0.19444    A:0.44444    G:0.22222
position  3:    T:0.38889    C:0.13889    A:0.41667    G:0.05556
Average         T:0.22222    C:0.20370    A:0.37963    G:0.19444

#11: MountainNyala  
position  1:    T:0.16667    C:0.25000    A:0.27778    G:0.30556
position  2:    T:0.13889    C:0.19444    A:0.44444    G:0.22222
position  3:    T:0.38889    C:0.13889    A:0.41667    G:0.05556
Average         T:0.23148    C:0.19444    A:0.37963    G:0.19444

#12: MuntiacusMuntjak
position  1:    T:0.16667    C:0.25000    A:0.27778    G:0.30556
position  2:    T:0.13889    C:0.19444    A:0.44444    G:0.22222
position  3:    T:0.41667    C:0.13889    A:0.38889    G:0.05556
Average         T:0.24074    C:0.19444    A:0.37037    G:0.19444

#13: goat           
position  1:    T:0.13889    C:0.27778    A:0.27778    G:0.30556
position  2:    T:0.13889    C:0.19444    A:0.44444    G:0.22222
position  3:    T:0.38889    C:0.13889    A:0.41667    G:0.05556
Average         T:0.22222    C:0.20370    A:0.37963    G:0.19444

#14: AfricanBuffalo 
position  1:    T:0.13889    C:0.27778    A:0.27778    G:0.30556
position  2:    T:0.11111    C:0.22222    A:0.44444    G:0.22222
position  3:    T:0.38889    C:0.13889    A:0.41667    G:0.05556
Average         T:0.21296    C:0.21296    A:0.37963    G:0.19444

#15: Topi           
position  1:    T:0.13889    C:0.27778    A:0.27778    G:0.30556
position  2:    T:0.13889    C:0.19444    A:0.44444    G:0.22222
position  3:    T:0.38889    C:0.13889    A:0.41667    G:0.05556
Average         T:0.22222    C:0.20370    A:0.37963    G:0.19444

#16: CommonDuiker   
position  1:    T:0.13889    C:0.27778    A:0.27778    G:0.30556
position  2:    T:0.13889    C:0.19444    A:0.44444    G:0.22222
position  3:    T:0.38889    C:0.13889    A:0.41667    G:0.05556
Average         T:0.22222    C:0.20370    A:0.37963    G:0.19444

#17: Suni           
position  1:    T:0.13889    C:0.27778    A:0.27778    G:0.30556
position  2:    T:0.13889    C:0.19444    A:0.47222    G:0.19444
position  3:    T:0.36111    C:0.16667    A:0.41667    G:0.05556
Average         T:0.21296    C:0.21296    A:0.38889    G:0.18519

#18: Springbuck     
position  1:    T:0.13889    C:0.27778    A:0.27778    G:0.30556
position  2:    T:0.13889    C:0.19444    A:0.44444    G:0.22222
position  3:    T:0.38889    C:0.13889    A:0.41667    G:0.05556
Average         T:0.22222    C:0.20370    A:0.37963    G:0.19444

#19: Okapi          
position  1:    T:0.13889    C:0.27778    A:0.25000    G:0.33333
position  2:    T:0.13889    C:0.19444    A:0.47222    G:0.19444
position  3:    T:0.38889    C:0.13889    A:0.44444    G:0.02778
Average         T:0.22222    C:0.20370    A:0.38889    G:0.18519

#20: Giraffe        
position  1:    T:0.13889    C:0.27778    A:0.25000    G:0.33333
position  2:    T:0.13889    C:0.19444    A:0.47222    G:0.19444
position  3:    T:0.38889    C:0.13889    A:0.44444    G:0.02778
Average         T:0.22222    C:0.20370    A:0.38889    G:0.18519

#21: TibetanAntelope
position  1:    T:0.13889    C:0.27778    A:0.27778    G:0.30556
position  2:    T:0.13889    C:0.19444    A:0.44444    G:0.22222
position  3:    T:0.38889    C:0.13889    A:0.38889    G:0.08333
Average         T:0.22222    C:0.20370    A:0.37037    G:0.20370

#22: Sitatunga      
position  1:    T:0.16667    C:0.25000    A:0.27778    G:0.30556
position  2:    T:0.13889    C:0.19444    A:0.44444    G:0.22222
position  3:    T:0.38889    C:0.13889    A:0.38889    G:0.08333
Average         T:0.23148    C:0.19444    A:0.37037    G:0.20370

#23: Oribi          
position  1:    T:0.13889    C:0.27778    A:0.27778    G:0.30556
position  2:    T:0.13889    C:0.19444    A:0.44444    G:0.22222
position  3:    T:0.38889    C:0.13889    A:0.41667    G:0.05556
Average         T:0.22222    C:0.20370    A:0.37963    G:0.19444

#24: BarbarySheep   
position  1:    T:0.13889    C:0.27778    A:0.27778    G:0.30556
position  2:    T:0.13889    C:0.19444    A:0.44444    G:0.22222
position  3:    T:0.38889    C:0.13889    A:0.41667    G:0.05556
Average         T:0.22222    C:0.20370    A:0.37963    G:0.19444

#25: Daviddeer      
position  1:    T:0.13889    C:0.27778    A:0.27778    G:0.30556
position  2:    T:0.13889    C:0.19444    A:0.44444    G:0.22222
position  3:    T:0.38889    C:0.13889    A:0.41667    G:0.05556
Average         T:0.22222    C:0.20370    A:0.37963    G:0.19444

#26: Reindeer       
position  1:    T:0.13889    C:0.27778    A:0.27778    G:0.30556
position  2:    T:0.13889    C:0.19444    A:0.47222    G:0.19444
position  3:    T:0.41667    C:0.11111    A:0.41667    G:0.05556
Average         T:0.23148    C:0.19444    A:0.38889    G:0.18519

#27: Ibex           
position  1:    T:0.13889    C:0.27778    A:0.27778    G:0.30556
position  2:    T:0.13889    C:0.19444    A:0.44444    G:0.22222
position  3:    T:0.38889    C:0.13889    A:0.41667    G:0.05556
Average         T:0.22222    C:0.20370    A:0.37963    G:0.19444

#28: GyrantGazelle  
position  1:    T:0.13889    C:0.27778    A:0.27778    G:0.30556
position  2:    T:0.13889    C:0.19444    A:0.44444    G:0.22222
position  3:    T:0.38889    C:0.13889    A:0.41667    G:0.05556
Average         T:0.22222    C:0.20370    A:0.37963    G:0.19444

#29: Hartebeest     
position  1:    T:0.13889    C:0.27778    A:0.27778    G:0.30556
position  2:    T:0.13889    C:0.19444    A:0.44444    G:0.22222
position  3:    T:0.38889    C:0.13889    A:0.41667    G:0.05556
Average         T:0.22222    C:0.20370    A:0.37963    G:0.19444

#30: Bongo          
position  1:    T:0.16667    C:0.25000    A:0.27778    G:0.30556
position  2:    T:0.13889    C:0.19444    A:0.44444    G:0.22222
position  3:    T:0.38889    C:0.13889    A:0.41667    G:0.05556
Average         T:0.23148    C:0.19444    A:0.37963    G:0.19444

#31: Gerenuk        
position  1:    T:0.16667    C:0.25000    A:0.27778    G:0.30556
position  2:    T:0.13889    C:0.19444    A:0.44444    G:0.22222
position  3:    T:0.38889    C:0.13889    A:0.41667    G:0.05556
Average         T:0.23148    C:0.19444    A:0.37963    G:0.19444

#32: CommonEland    
position  1:    T:0.16667    C:0.25000    A:0.27778    G:0.30556
position  2:    T:0.13889    C:0.19444    A:0.44444    G:0.22222
position  3:    T:0.38889    C:0.13889    A:0.41667    G:0.05556
Average         T:0.23148    C:0.19444    A:0.37963    G:0.19444

#33: MuntiacusReevesi
position  1:    T:0.16667    C:0.25000    A:0.27778    G:0.30556
position  2:    T:0.13889    C:0.19444    A:0.44444    G:0.22222
position  3:    T:0.41667    C:0.13889    A:0.38889    G:0.05556
Average         T:0.24074    C:0.19444    A:0.37037    G:0.19444

#34: HarveysDuiker  
position  1:    T:0.13889    C:0.27778    A:0.27778    G:0.30556
position  2:    T:0.13889    C:0.19444    A:0.44444    G:0.22222
position  3:    T:0.36111    C:0.16667    A:0.41667    G:0.05556
Average         T:0.21296    C:0.21296    A:0.37963    G:0.19444

#35: Pronghorn      
position  1:    T:0.16667    C:0.25000    A:0.27778    G:0.30556
position  2:    T:0.13889    C:0.19444    A:0.44444    G:0.22222
position  3:    T:0.38889    C:0.13889    A:0.38889    G:0.08333
Average         T:0.23148    C:0.19444    A:0.37037    G:0.20370

#36: BlueWildebeest 
position  1:    T:0.13889    C:0.27778    A:0.27778    G:0.30556
position  2:    T:0.13889    C:0.19444    A:0.44444    G:0.22222
position  3:    T:0.38889    C:0.13889    A:0.41667    G:0.05556
Average         T:0.22222    C:0.20370    A:0.37963    G:0.19444

#37: Gemsbok        
position  1:    T:0.13889    C:0.27778    A:0.27778    G:0.30556
position  2:    T:0.13889    C:0.19444    A:0.44444    G:0.22222
position  3:    T:0.38889    C:0.13889    A:0.41667    G:0.05556
Average         T:0.22222    C:0.20370    A:0.37963    G:0.19444

#38: Yak            
position  1:    T:0.13889    C:0.27778    A:0.27778    G:0.30556
position  2:    T:0.11111    C:0.22222    A:0.44444    G:0.22222
position  3:    T:0.41667    C:0.11111    A:0.41667    G:0.05556
Average         T:0.22222    C:0.20370    A:0.37963    G:0.19444

#39: BlueSheep      
position  1:    T:0.13889    C:0.27778    A:0.27778    G:0.30556
position  2:    T:0.13889    C:0.19444    A:0.44444    G:0.22222
position  3:    T:0.38889    C:0.13889    A:0.41667    G:0.05556
Average         T:0.22222    C:0.20370    A:0.37963    G:0.19444

#40: BohorReedbuck  
position  1:    T:0.13889    C:0.27778    A:0.25000    G:0.33333
position  2:    T:0.13889    C:0.19444    A:0.44444    G:0.22222
position  3:    T:0.38889    C:0.13889    A:0.41667    G:0.05556
Average         T:0.22222    C:0.20370    A:0.37037    G:0.20370

#41: KirksDik       
position  1:    T:0.13889    C:0.27778    A:0.27778    G:0.30556
position  2:    T:0.13889    C:0.19444    A:0.44444    G:0.22222
position  3:    T:0.36111    C:0.16667    A:0.41667    G:0.05556
Average         T:0.21296    C:0.21296    A:0.37963    G:0.19444

#42: RoeDeer        
position  1:    T:0.13889    C:0.27778    A:0.27778    G:0.30556
position  2:    T:0.13889    C:0.19444    A:0.44444    G:0.22222
position  3:    T:0.36111    C:0.16667    A:0.41667    G:0.05556
Average         T:0.21296    C:0.21296    A:0.37963    G:0.19444

#43: WhiteLippedDeer
position  1:    T:0.13889    C:0.27778    A:0.27778    G:0.30556
position  2:    T:0.13889    C:0.19444    A:0.44444    G:0.22222
position  3:    T:0.38889    C:0.13889    A:0.41667    G:0.05556
Average         T:0.22222    C:0.20370    A:0.37963    G:0.19444

#44: ThomsonGazelle 
position  1:    T:0.13889    C:0.27778    A:0.25000    G:0.33333
position  2:    T:0.13889    C:0.19444    A:0.44444    G:0.22222
position  3:    T:0.38889    C:0.13889    A:0.41667    G:0.05556
Average         T:0.22222    C:0.20370    A:0.37037    G:0.20370

#45: MuntiacusCrinifrons
position  1:    T:0.16667    C:0.25000    A:0.27778    G:0.30556
position  2:    T:0.13889    C:0.19444    A:0.44444    G:0.22222
position  3:    T:0.41667    C:0.13889    A:0.38889    G:0.05556
Average         T:0.24074    C:0.19444    A:0.37037    G:0.19444

#46: WhiteTailedDeer
position  1:    T:0.13889    C:0.27778    A:0.27778    G:0.30556
position  2:    T:0.13889    C:0.16667    A:0.47222    G:0.22222
position  3:    T:0.38889    C:0.13889    A:0.41667    G:0.05556
Average         T:0.22222    C:0.19444    A:0.38889    G:0.19444

#47: Cattle         
position  1:    T:0.13889    C:0.27778    A:0.27778    G:0.30556
position  2:    T:0.11111    C:0.22222    A:0.44444    G:0.22222
position  3:    T:0.41667    C:0.11111    A:0.41667    G:0.05556
Average         T:0.22222    C:0.20370    A:0.37963    G:0.19444

#48: RoyalAntelope  
position  1:    T:0.13889    C:0.27778    A:0.27778    G:0.30556
position  2:    T:0.13889    C:0.22222    A:0.41667    G:0.22222
position  3:    T:0.38889    C:0.13889    A:0.41667    G:0.05556
Average         T:0.22222    C:0.21296    A:0.37037    G:0.19444

#49: Steenbok       
position  1:    T:0.13889    C:0.27778    A:0.27778    G:0.30556
position  2:    T:0.13889    C:0.19444    A:0.41667    G:0.25000
position  3:    T:0.38889    C:0.13889    A:0.41667    G:0.05556
Average         T:0.22222    C:0.20370    A:0.37037    G:0.20370

#50: Impala         
position  1:    T:0.16667    C:0.25000    A:0.27778    G:0.30556
position  2:    T:0.13889    C:0.19444    A:0.44444    G:0.22222
position  3:    T:0.38889    C:0.13889    A:0.44444    G:0.02778
Average         T:0.23148    C:0.19444    A:0.38889    G:0.18519

#51: Klipspringer   
position  1:    T:0.13889    C:0.27778    A:0.27778    G:0.30556
position  2:    T:0.13889    C:0.19444    A:0.47222    G:0.19444
