1
52 1
Argali 0.000000 0.249000 0.111700 0.244800 0.075200 0.015200 0.071000 0.104100 0.129400 0.109200 0.043100 0.087500 0.075000 0.075100 0.087900 0.079200 0.099400 0.091600 0.054600 0.120100 0.079200 0.042800 0.092100 0.116400 0.043000 0.083300 0.071200 0.120000 0.071200 0.111700 0.108900 0.071200 0.134400 0.075300 0.058400 0.091700 0.039000 0.066800 0.083000 0.104400 0.104100 0.091900 0.108800 0.112200 0.087500 0.087100 0.079400 0.079500 0.075400 0.092100 0.124700 0.128000
LesserMous 0.249000 0.000000 0.240800 0.263700 0.243500 0.237100 0.254200 0.274100 0.273200 0.271500 0.231100 0.270000 0.259000 0.265000 0.259300 0.269300 0.246300 0.248300 0.237800 0.260900 0.248800 0.229100 0.249800 0.288300 0.230700 0.259100 0.255200 0.250400 0.260200 0.240600 0.270400 0.255200 0.296200 0.245100 0.257500 0.274900 0.225400 0.237200 0.263300 0.268200 0.262900 0.249800 0.269900 0.262000 0.280000 0.258100 0.265400 0.260400 0.250400 0.259000 0.256600 0.259100
LesserKudu 0.111700 0.240800 0.000000 0.227300 0.082400 0.106600 0.082300 0.115300 0.030200 0.103600 0.103900 0.086300 0.102800 0.103200 0.111900 0.107200 0.094100 0.086400 0.107100 0.022500 0.086500 0.103200 0.095100 0.119400 0.103700 0.107300 0.099100 0.022500 0.099200 0.014900 0.111800 0.082600 0.128700 0.103200 0.094100 0.082200 0.099500 0.082100 0.086200 0.111600 0.115300 0.107600 0.111600 0.115200 0.086200 0.115300 0.095000 0.116300 0.103500 0.103600 0.026300 0.029900
KillerWhal 0.244800 0.263700 0.227300 0.000000 0.224800 0.222900 0.224500 0.258400 0.268000 0.250200 0.221300 0.249200 0.259000 0.239500 0.233800 0.244000 0.212400 0.218800 0.243700 0.256300 0.219600 0.229600 0.229900 0.246900 0.221000 0.244200 0.255100 0.256100 0.235200 0.246500 0.249400 0.215400 0.218800 0.260100 0.227800 0.249400 0.216000 0.214100 0.228700 0.228000 0.232800 0.244900 0.249100 0.232400 0.234600 0.253200 0.234700 0.239900 0.210600 0.249100 0.252100 0.264800
DefassaWat 0.075200 0.243500 0.082400 0.224800 0.000000 0.070600 0.054600 0.091400 0.099400 0.109200 0.067500 0.091700 0.074700 0.066700 0.075300 0.062800 0.082700 0.083300 0.070600 0.090500 0.058800 0.067000 0.092100 0.125000 0.067400 0.062800 0.071000 0.090500 0.055000 0.082400 0.108900 0.046700 0.134500 0.075100 0.066300 0.095900 0.063300 0.030600 0.066600 0.104400 0.112500 0.071200 0.108700 0.120900 0.100000 0.070700 0.058900 0.079600 0.058900 0.092100 0.095000 0.098300
Sheep 0.015200 0.237100 0.106600 0.222900 0.070600 0.000000 0.062300 0.094800 0.124100 0.099800 0.034800 0.070300 0.066300 0.066400 0.078900 0.070400 0.082000 0.082600 0.046200 0.114900 0.062300 0.034600 0.083000 0.107000 0.034800 0.074400 0.062500 0.114800 0.062500 0.106600 0.099500 0.062500 0.116100 0.066600 0.050000 0.082700 0.030900 0.054200 0.074200 0.095100 0.094800 0.082800 0.099400 0.102900 0.078600 0.078300 0.070600 0.070700 0.058500 0.087200 0.119500 0.122700
MaxwellsDu 0.071000 0.254200 0.082300 0.224500 0.054600 0.062300 0.000000 0.066600 0.099300 0.092100 0.059200 0.075000 0.074600 0.026800 0.067000 0.050600 0.074400 0.075000 0.054300 0.090500 0.038700 0.050700 0.075300 0.107800 0.059100 0.050600 0.070900 0.090400 0.042800 0.082300 0.091800 0.015300 0.121200 0.074900 0.065500 0.079100 0.055000 0.046400 0.046400 0.087400 0.095400 0.058800 0.091700 0.112000 0.083200 0.062500 0.038800 0.062900 0.042700 0.071200 0.094900 0.098200
GazellaPrz 0.104100 0.274100 0.115300 0.258400 0.091400 0.094800 0.066600 0.000000 0.133000 0.104500 0.092000 0.099500 0.099500 0.078900 0.091400 0.070300 0.111500 0.112200 0.086800 0.123700 0.066400 0.074800 0.100200 0.124600 0.091900 0.078500 0.095700 0.123600 0.070600 0.115300 0.100000 0.066700 0.160200 0.099900 0.099000 0.103800 0.087700 0.074500 0.074300 0.116700 0.120600 0.078700 0.108400 0.128900 0.099700 0.099200 0.074900 0.095800 0.079100 0.112800 0.128300 0.131600
MountainNy 0.129400 0.273200 0.030200 0.268000 0.099400 0.124100 0.099300 0.133000 0.000000 0.121200 0.121500 0.086700 0.120200 0.116400 0.129600 0.116100 0.094500 0.095100 0.115900 0.026300 0.103600 0.112100 0.112500 0.137200 0.121400 0.107600 0.116500 0.014700 0.108100 0.022600 0.125200 0.099600 0.146500 0.120800 0.111300 0.086700 0.117000 0.099000 0.107300 0.129400 0.124400 0.116500 0.129400 0.132900 0.090800 0.133000 0.099500 0.134100 0.121100 0.129700 0.034100 0.037600
MuntiacusM 0.109200 0.271500 0.103600 0.250200 0.109200 0.099800 0.092100 0.104500 0.121200 0.000000 0.097100 0.087900 0.104600 0.104900 0.100700 0.113200 0.070600 0.062900 0.100200 0.112000 0.109000 0.096400 0.031100 0.062500 0.097000 0.113200 0.092300 0.111800 0.105100 0.103600 0.015400 0.092400 0.121400 0.105100 0.104100 0.083400 0.092700 0.100300 0.100100 0.054900 0.050700 0.122200 0.007600 0.066600 0.087600 0.117100 0.100800 0.100800 0.105300 0.113800 0.116100 0.111200
goat 0.043100 0.231100 0.103900 0.221300 0.067500 0.034800 0.059200 0.092000 0.121500 0.097100 0.000000 0.079700 0.063200 0.071500 0.075600 0.071100 0.087400 0.079700 0.042900 0.112300 0.067100 0.023300 0.080100 0.103900 0.000000 0.071200 0.059400 0.112200 0.063400 0.103900 0.096800 0.059400 0.130800 0.063500 0.046700 0.083900 0.003800 0.059000 0.075000 0.092000 0.100400 0.079600 0.096700 0.100100 0.088000 0.075300 0.067300 0.067400 0.063500 0.084300 0.116900 0.120100
AfricanBuf 0.087500 0.270000 0.086300 0.249200 0.091700 0.070300 0.075000 0.099500 0.086700 0.087900 0.079700 0.000000 0.104000 0.083300 0.104500 0.078700 0.070300 0.079000 0.083000 0.086300 0.083100 0.070900 0.087800 0.103500 0.079600 0.087300 0.100200 0.078000 0.070800 0.078200 0.091800 0.075200 0.121000 0.104500 0.082400 0.034600 0.075400 0.074700 0.078500 0.087400 0.099600 0.095900 0.095900 0.107700 0.038500 0.091100 0.075100 0.100300 0.079300 0.091900 0.090700 0.094000
Topi 0.075000 0.259000 0.102800 0.259000 0.074700 0.066300 0.074600 0.099500 0.120200 0.104600 0.063200 0.104000 0.000000 0.087000 0.083400 0.087100 0.103200 0.104000 0.066300 0.111100 0.083100 0.062700 0.087600 0.120300 0.063100 0.087200 0.011300 0.111000 0.079200 0.102800 0.104300 0.074800 0.156100 0.015100 0.045200 0.099700 0.059000 0.074400 0.091000 0.108300 0.107800 0.087400 0.104100 0.107600 0.112500 0.082700 0.083300 0.083400 0.078700 0.104400 0.107200 0.118900
CommonDuik 0.075100 0.265000 0.103200 0.239500 0.066700 0.066400 0.026800 0.078900 0.116400 0.104900 0.071500 0.083300 0.087000 0.000000 0.079400 0.058600 0.086800 0.087400 0.066400 0.103000 0.058700 0.062800 0.087800 0.120600 0.071400 0.062700 0.083200 0.111400 0.050800 0.103100 0.104500 0.026900 0.134300 0.087400 0.078400 0.079100 0.067300 0.058400 0.046400 0.100100 0.108100 0.071000 0.104400 0.125000 0.083200 0.074700 0.042800 0.075300 0.054700 0.087800 0.116000 0.119300
Suni 0.087900 0.259300 0.111900 0.233800 0.075300 0.078900 0.067000 0.091400 0.129600 0.100700 0.075600 0.104500 0.083400 0.079400 0.000000 0.074900 0.078500 0.087400 0.066800 0.120300 0.070900 0.059000 0.083700 0.116100 0.075800 0.074900 0.088000 0.120200 0.067200 0.111900 0.100400 0.059000 0.134400 0.092200 0.074800 0.100300 0.071400 0.066900 0.078700 0.099800 0.104000 0.083400 0.100300 0.103800 0.113100 0.083200 0.071000 0.079400 0.067300 0.105000 0.125000 0.128200
Springbuck 0.079200 0.269300 0.107200 0.244000 0.062800 0.070400 0.050600 0.070300 0.116100 0.113200 0.071100 0.078700 0.087100 0.058600 0.074900 0.000000 0.082500 0.091400 0.066500 0.115600 0.042200 0.054600 0.096100 0.128600 0.071300 0.030500 0.083400 0.107000 0.007600 0.107200 0.108600 0.046700 0.129700 0.087500 0.074500 0.091100 0.066900 0.054500 0.038100 0.108000 0.107900 0.038300 0.112700 0.124800 0.095300 0.074600 0.042400 0.074900 0.054800 0.096000 0.120100 0.123400
Okapi 0.099400 0.246300 0.094100 0.212400 0.082700 0.082000 0.074400 0.111500 0.094500 0.070600 0.087400 0.070300 0.103200 0.086800 0.078500 0.082500 0.000000 0.030600 0.082500 0.094000 0.078400 0.078600 0.062400 0.094200 0.087300 0.082500 0.091100 0.085700 0.074600 0.085900 0.066300 0.066500 0.086300 0.103700 0.086200 0.090900 0.083100 0.066100 0.078100 0.078400 0.073900 0.091000 0.070300 0.090200 0.095000 0.090500 0.062400 0.091200 0.078800 0.087100 0.098400 0.093600
Giraffe 0.091600 0.248300 0.086400 0.218800 0.083300 0.082600 0.075000 0.112200 0.095100 0.062900 0.079700 0.079000 0.104000 0.087400 0.087400 0.091400 0.030600 0.000000 0.074800 0.086300 0.079000 0.079100 0.054700 0.078300 0.079600 0.083100 0.091700 0.086300 0.083500 0.078200 0.062700 0.067000 0.086900 0.104400 0.078500 0.074900 0.075400 0.074700 0.086900 0.062600 0.074400 0.091600 0.062600 0.074300 0.079000 0.090900 0.071100 0.091800 0.087700 0.083600 0.090700 0.085900
TibetanAnt 0.054600 0.237800 0.107100 0.243700 0.070600 0.046200 0.054300 0.086800 0.115900 0.100200 0.042900 0.083000 0.066300 0.066400 0.066800 0.066500 0.082500 0.074800 0.000000 0.115400 0.062500 0.034700 0.083300 0.107400 0.042800 0.058400 0.061400 0.106800 0.058700 0.107000 0.099900 0.054500 0.129500 0.058600 0.050100 0.087100 0.038900 0.062000 0.070300 0.095500 0.103500 0.066800 0.099800 0.103300 0.091200 0.070500 0.054600 0.062800 0.058600 0.071100 0.120000 0.114800
Sitatunga 0.120100 0.260900 0.022500 0.256300 0.090500 0.114900 0.090500 0.123700 0.026300 0.112000 0.112300 0.086300 0.111100 0.103000 0.120300 0.115600 0.094000 0.086300 0.115400 0.000000 0.094700 0.111500 0.103400 0.127800 0.112100 0.115600 0.107400 0.021900 0.107500 0.014900 0.120200 0.090700 0.145700 0.111600 0.102300 0.074000 0.107900 0.090200 0.102500 0.120100 0.123800 0.115900 0.120100 0.123600 0.078000 0.123600 0.103200 0.124700 0.111900 0.120400 0.026300 0.029700
Oribi 0.079200 0.248800 0.086500 0.219600 0.058800 0.062300 0.038700 0.066400 0.103600 0.109000 0.067100 0.083100 0.083100 0.058700 0.070900 0.042200 0.078400 0.079000 0.062500 0.094700 0.000000 0.058700 0.091900 0.115900 0.067200 0.034400 0.079300 0.094600 0.034600 0.086400 0.108700 0.042800 0.121100 0.083400 0.070500 0.095700 0.062200 0.042600 0.054000 0.103900 0.112300 0.034300 0.108600 0.112100 0.099900 0.070600 0.046400 0.070900 0.042800 0.091900 0.099100 0.102400
BarbaryShe 0.042800 0.229100 0.103200 0.229600 0.067000 0.034600 0.050700 0.074800 0.112100 0.096400 0.023300 0.070900 0.062700 0.062800 0.059000 0.054600 0.078600 0.079100 0.034700 0.111500 0.058700 0.000000 0.079500 0.103600 0.023200 0.054600 0.059000 0.103000 0.046800 0.103200 0.091900 0.050800 0.117000 0.063000 0.046400 0.083300 0.019300 0.058600 0.058400 0.091700 0.091300 0.062900 0.096000 0.099400 0.087400 0.074800 0.050800 0.059000 0.054900 0.083700 0.116100 0.119300
Daviddeer 0.092100 0.249800 0.095100 0.229900 0.092100 0.083000 0.075300 0.100200 0.112500 0.031100 0.080100 0.087800 0.087600 0.087800 0.083700 0.096100 0.062400 0.054700 0.083300 0.103400 0.091900 0.079500 0.000000 0.054400 0.080000 0.096000 0.075500 0.103300 0.088000 0.095100 0.031000 0.075600 0.104200 0.088000 0.087200 0.083600 0.075800 0.083400 0.083200 0.046900 0.018800 0.104800 0.031000 0.058500 0.087800 0.091500 0.083800 0.083900 0.088200 0.096600 0.107900 0.111200
Reindeer 0.116400 0.288300 0.119400 0.246900 0.125000 0.107000 0.107800 0.124600 0.137200 0.062500 0.103900 0.103500 0.120300 0.120600 0.116100 0.128600 0.094200 0.078300 0.107400 0.127800 0.115900 0.103600 0.054400 0.000000 0.104100 0.128600 0.107900 0.127700 0.120900 0.119300 0.062300 0.108100 0.128400 0.120800 0.102800 0.107700 0.099500 0.116000 0.115400 0.022500 0.066000 0.129000 0.062300 0.026600 0.111900 0.124200 0.116100 0.107700 0.121000 0.116800 0.132400 0.127000
Ibex 0.043000 0.230700 0.103700 0.221000 0.067400 0.034800 0.059100 0.091900 0.121400 0.097000 0.000000 0.079600 0.063100 0.071400 0.075800 0.071300 0.087300 0.079600 0.042800 0.112100 0.067200 0.023200 0.080000 0.104100 0.000000 0.071300 0.059300 0.112000 0.063400 0.103700 0.096700 0.059300 0.130700 0.063400 0.046700 0.083700 0.003800 0.058900 0.075100 0.092200 0.100300 0.079800 0.096600 0.100000 0.087900 0.075200 0.067400 0.067500 0.063500 0.084100 0.116700 0.119900
GyrantGaze 0.083300 0.259100 0.107300 0.244200 0.062800 0.074400 0.050600 0.078500 0.107600 0.113200 0.071200 0.087300 0.087200 0.062700 0.074900 0.030500 0.082500 0.083100 0.058400 0.115600 0.034400 0.054600 0.096000 0.128600 0.071300 0.000000 0.083400 0.090300 0.022900 0.098800 0.108600 0.046700 0.129800 0.087500 0.074500 0.099800 0.066900 0.054500 0.050000 0.108000 0.107900 0.022800 0.112700 0.124800 0.104000 0.066500 0.041800 0.074900 0.054800 0.096000 0.120200 0.115000
Hartebeest 0.071200 0.255200 0.099100 0.255100 0.071000 0.062500 0.070900 0.095700 0.116500 0.092300 0.059400 0.100200 0.011300 0.083200 0.088000 0.083400 0.091100 0.091700 0.061400 0.107400 0.079300 0.059000 0.075500 0.107900 0.059300 0.083400 0.000000 0.107300 0.075400 0.099000 0.092000 0.071100 0.143300 0.011300 0.041600 0.104500 0.055200 0.070700 0.087200 0.096000 0.095600 0.083600 0.091900 0.103800 0.108700 0.087300 0.079500 0.071300 0.075300 0.100700 0.111900 0.115200
Bongo 0.120000 0.250400 0.022500 0.256100 0.090500 0.114800 0.090400 0.123600 0.014700 0.111800 0.112200 0.078000 0.111000 0.111400 0.120200 0.107000 0.085700 0.086300 0.106800 0.021900 0.094600 0.103000 0.103300 0.127700 0.112000 0.090300 0.107300 0.000000 0.099000 0.007400 0.115800 0.090700 0.136900 0.111500 0.102200 0.082000 0.107700 0.090100 0.102500 0.119900 0.115100 0.099000 0.119900 0.123500 0.086100 0.115100 0.094800 0.124600 0.111800 0.120300 0.026300 0.022100
Gerenuk 0.071200 0.260200 0.099200 0.235200 0.055000 0.062500 0.042800 0.070600 0.108100 0.105100 0.063400 0.070800 0.079200 0.050800 0.067200 0.007600 0.074600 0.083500 0.058700 0.107500 0.034600 0.046800 0.088000 0.120900 0.063400 0.022900 0.075400 0.099000 0.000000 0.099200 0.100500 0.038900 0.121600 0.079600 0.066600 0.083200 0.059300 0.046700 0.038400 0.100300 0.099900 0.030800 0.104700 0.116700 0.087300 0.066700 0.034800 0.067200 0.047000 0.088000 0.112100 0.115400
CommonElan 0.111700 0.240600 0.014900 0.246500 0.082400 0.106600 0.082300 0.115300 0.022600 0.103600 0.103900 0.078200 0.102800 0.103100 0.111900 0.107200 0.085900 0.078200 0.107000 0.014900 0.086400 0.103200 0.095100 0.119300 0.103700 0.098800 0.099000 0.007400 0.099200 0.000000 0.111800 0.082500 0.137100 0.103200 0.094100 0.074000 0.099500 0.082100 0.102600 0.111600 0.115300 0.099100 0.111600 0.115200 0.078100 0.106800 0.094900 0.116200 0.103500 0.111900 0.018700 0.014800
MuntiacusR 0.108900 0.270400 0.111800 0.249400 0.108900 0.099500 0.091800 0.100000 0.125200 0.015400 0.096800 0.091800 0.104300 0.104500 0.100400 0.108600 0.066300 0.062700 0.099900 0.120200 0.108700 0.091900 0.031000 0.062300 0.096700 0.108600 0.092000 0.115800 0.100500 0.111800 0.000000 0.092100 0.116800 0.104700 0.103800 0.091500 0.092400 0.100000 0.095600 0.054800 0.046600 0.117500 0.015300 0.066400 0.095700 0.116700 0.096300 0.100500 0.104900 0.113400 0.124400 0.119400
HarveysDui 0.071200 0.255200 0.082600 0.215400 0.046700 0.062500 0.015300 0.066700 0.099600 0.092400 0.059400 0.075200 0.074800 0.026900 0.059000 0.046700 0.066500 0.067000 0.054500 0.090700 0.042800 0.050800 0.075600 0.108100 0.059300 0.046700 0.071100 0.090700 0.038900 0.082500 0.092100 0.000000 0.113000 0.075200 0.058300 0.079300 0.055200 0.038600 0.042600 0.087700 0.095700 0.054900 0.092000 0.112400 0.083400 0.062700 0.035000 0.063100 0.043000 0.075500 0.095200 0.098500
Pronghorn 0.134400 0.296200 0.128700 0.218800 0.134500 0.116100 0.121200 0.160200 0.146500 0.121400 0.130800 0.121000 0.156100 0.134300 0.134400 0.129700 0.086300 0.086900 0.129500 0.145700 0.121100 0.117000 0.104200 0.128400 0.130700 0.129800 0.143300 0.136900 0.121600 0.137100 0.116800 0.113000 0.000000 0.156800 0.120300 0.134000 0.126200 0.116500 0.116500 0.112100 0.107500 0.138900 0.120900 0.124100 0.129600 0.142400 0.117200 0.121600 0.126000 0.139100 0.150600 0.153600
BlueWildeb 0.075300 0.245100 0.103200 0.260100 0.075100 0.066600 0.074900 0.099900 0.120800 0.105100 0.063500 0.104500 0.015100 0.087400 0.092200 0.087500 0.103700 0.104400 0.058600 0.111600 0.083400 0.063000 0.088000 0.120800 0.063400 0.087500 0.011300 0.111500 0.079600 0.103200 0.104700 0.075200 0.156800 0.000000 0.046400 0.108700 0.059300 0.074800 0.091300 0.108800 0.108300 0.079500 0.104600 0.116600 0.113000 0.091400 0.083600 0.083800 0.079400 0.096500 0.116100 0.119400
Gemsbok 0.058400 0.257500 0.094100 0.227800 0.066300 0.050000 0.065500 0.099000 0.111300 0.104100 0.046700 0.082400 0.045200 0.078400 0.074800 0.074500 0.086200 0.078500 0.050100 0.102300 0.070500 0.046400 0.087200 0.102800 0.046700 0.074500 0.041600 0.102200 0.066600 0.094100 0.103800 0.058300 0.120300 0.046400 0.000000 0.090900 0.042700 0.058000 0.078300 0.090900 0.098900 0.082900 0.103600 0.098700 0.095100 0.082400 0.070600 0.066600 0.070500 0.091400 0.106800 0.110100
Yak 0.091700 0.274900 0.082200 0.249400 0.095900 0.082700 0.079100 0.103800 0.086700 0.083400 0.083900 0.034600 0.099700 0.079100 0.100300 0.091100 0.090900 0.074900 0.087100 0.074000 0.095700 0.083300 0.083600 0.107700 0.083700 0.099800 0.104500 0.082000 0.083200 0.074000 0.091500 0.079300 0.134000 0.108700 0.090900 0.000000 0.079600 0.087100 0.082600 0.091600 0.103800 0.108600 0.091400 0.103500 0.018900 0.095200 0.087600 0.104600 0.091900 0.096100 0.086200 0.089800
BlueSheep 0.039000 0.225400 0.099500 0.216000 0.063300 0.030900 0.055000 0.087700 0.117000 0.092700 0.003800 0.075400 0.059000 0.067300 0.071400 0.066900 0.083100 0.075400 0.038900 0.107900 0.062200 0.019300 0.075800 0.099500 0.003800 0.066900 0.055200 0.107700 0.059300 0.099500 0.092400 0.055200 0.126200 0.059300 0.042700 0.079600 0.000000 0.054900 0.070700 0.087700 0.096000 0.075400 0.092300 0.095800 0.083700 0.071000 0.062500 0.063200 0.059300 0.079900 0.112400 0.115700
BohorReedb 0.066800 0.237200 0.082100 0.214100 0.030600 0.054200 0.046400 0.074500 0.099000 0.100300 0.059000 0.074700 0.074400 0.058400 0.066900 0.054500 0.066100 0.074700 0.062000 0.090200 0.042600 0.058600 0.083400 0.116000 0.058900 0.054500 0.070700 0.090100 0.046700 0.082100 0.100000 0.038600 0.116500 0.074800 0.058000 0.087100 0.054900 0.000000 0.058300 0.095600 0.103500 0.062700 0.091500 0.111800 0.091300 0.062300 0.050700 0.071000 0.042100 0.083400 0.094600 0.098000
KirksDik 0.083000 0.263300 0.086200 0.228700 0.066600 0.074200 0.046400 0.074300 0.107300 0.100100 0.075000 0.078500 0.091000 0.046400 0.078700 0.038100 0.078100 0.086900 0.070300 0.102500 0.054000 0.058400 0.083200 0.115400 0.075100 0.050000 0.087200 0.102500 0.038400 0.102600 0.095600 0.042600 0.116500 0.091300 0.078300 0.082600 0.070700 0.058300 0.000000 0.095100 0.095000 0.057400 0.099700 0.120100 0.086700 0.078400 0.038400 0.078700 0.058600 0.083200 0.115500 0.118800
RoeDeer 0.104400 0.268200 0.111600 0.228000 0.104400 0.095100 0.087400 0.116700 0.129400 0.054900 0.092000 0.087400 0.108300 0.100100 0.099800 0.108000 0.078400 0.062600 0.095500 0.120100 0.103900 0.091700 0.046900 0.022500 0.092200 0.108000 0.096000 0.119900 0.100300 0.111600 0.054800 0.087700 0.112100 0.108800 0.090900 0.091600 0.087700 0.095600 0.095100 0.000000 0.058400 0.116800 0.054700 0.026800 0.095800 0.103700 0.095700 0.095800 0.100400 0.100500 0.124600 0.119300
WhiteLippe 0.104100 0.262900 0.115300 0.232800 0.112500 0.094800 0.095400 0.120600 0.124400 0.050700 0.100400 0.099600 0.107800 0.108100 0.104000 0.107900 0.073900 0.074400 0.103500 0.123800 0.112300 0.091300 0.018800 0.066000 0.100300 0.107900 0.095600 0.115100 0.099900 0.115300 0.046600 0.095700 0.107500 0.108300 0.098900 0.103800 0.096000 0.103500 0.095000 0.058400 0.000000 0.116700 0.050500 0.070000 0.108100 0.111700 0.095600 0.095600 0.108500 0.117000 0.119800 0.131600
ThomsonGaz 0.091900 0.249800 0.107600 0.244900 0.071200 0.082800 0.058800 0.078700 0.116500 0.122200 0.079600 0.095900 0.087400 0.071000 0.083400 0.038300 0.091000 0.091600 0.066800 0.115900 0.034300 0.062900 0.104800 0.129000 0.079800 0.022800 0.083600 0.099000 0.030800 0.099100 0.117500 0.054900 0.138900 0.079500 0.082900 0.108600 0.075400 0.062700 0.057400 0.116800 0.116700 0.000000 0.121600 0.125200 0.112800 0.074900 0.050500 0.083400 0.063100 0.096400 0.120600 0.115300
MuntiacusC 0.108800 0.269900 0.111600 0.249100 0.108700 0.099400 0.091700 0.108400 0.129400 0.007600 0.096700 0.095900 0.104100 0.104400 0.100300 0.112700 0.070300 0.062600 0.099800 0.120100 0.108600 0.096000 0.031000 0.062300 0.096600 0.112700 0.091900 0.119900 0.104700 0.111600 0.015300 0.092000 0.120900 0.104600 0.103600 0.091400 0.092300 0.091500 0.099700 0.054700 0.050500 0.121600 0.000000 0.066300 0.095900 0.116600 0.100400 0.100400 0.104800 0.113300 0.124200 0.119300
WhiteTaile 0.112200 0.262000 0.115200 0.232400 0.120900 0.102900 0.112000 0.128900 0.132900 0.066600 0.100100 0.107700 0.107600 0.125000 0.103800 0.124800 0.090200 0.074300 0.103300 0.123600 0.112100 0.099400 0.058500 0.026600 0.100000 0.124800 0.103800 0.123500 0.116700 0.115200 0.066400 0.112400 0.124100 0.116600 0.098700 0.103500 0.095800 0.111800 0.120100 0.026800 0.070000 0.125200 0.066300 0.000000 0.116200 0.111500 0.120900 0.103900 0.116800 0.121200 0.128300 0.122900
Cattle 0.087500 0.280000 0.086200 0.234600 0.100000 0.078600 0.083200 0.099700 0.090800 0.087600 0.088000 0.038500 0.112500 0.083200 0.113100 0.095300 0.095000 0.079000 0.091200 0.078000 0.099900 0.087400 0.087800 0.111900 0.087900 0.104000 0.108700 0.086100 0.087300 0.078100 0.095700 0.083400 0.129600 0.113000 0.095100 0.018900 0.083700 0.091300 0.086700 0.095800 0.108100 0.112800 0.095900 0.116200 0.000000 0.107800 0.091700 0.108800 0.096100 0.100300 0.090200 0.093900
RoyalAntel 0.087100 0.258100 0.115300 0.253200 0.070700 0.078300 0.062500 0.099200 0.133000 0.117100 0.075300 0.091100 0.082700 0.074700 0.083200 0.074600 0.090500 0.090900 0.070500 0.123600 0.070600 0.074800 0.091500 0.124200 0.075200 0.066500 0.087300 0.115100 0.066700 0.106800 0.116700 0.062700 0.142400 0.091400 0.082400 0.095200 0.071000 0.062300 0.078400 0.103700 0.111700 0.074900 0.116600 0.111500 0.107800 0.000000 0.062700 0.087400 0.058600 0.091600 0.128300 0.114600
Steenbok 0.079400 0.265400 0.095000 0.234700 0.058900 0.070600 0.038800 0.074900 0.099500 0.100800 0.067300 0.075100 0.083300 0.042800 0.071000 0.042400 0.062400 0.071100 0.054600 0.103200 0.046400 0.050800 0.083800 0.116100 0.067400 0.041800 0.079500 0.094800 0.034800 0.094900 0.096300 0.035000 0.117200 0.083600 0.070600 0.087600 0.062500 0.050700 0.038400 0.095700 0.095600 0.050500 0.100400 0.120900 0.091700 0.062700 0.000000 0.071000 0.051000 0.075500 0.107700 0.102700
Impala 0.079500 0.260400 0.116300 0.239900 0.079600 0.070700 0.062900 0.095800 0.134100 0.100800 0.067400 0.100300 0.083400 0.075300 0.079400 0.074900 0.091200 0.091800 0.062800 0.124700 0.070900 0.059000 0.083900 0.107700 0.067500 0.074900 0.071300 0.124600 0.067200 0.116200 0.100500 0.063100 0.121600 0.083800 0.066600 0.104600 0.063200 0.071000 0.078700 0.095800 0.095600 0.083400 0.100400 0.103900 0.108800 0.087400 0.071000 0.000000 0.067300 0.100800 0.129400 0.132600
Klipspring 0.075400 0.250400 0.103500 0.210600 0.058900 0.058500 0.042700 0.079100 0.121100 0.105300 0.063500 0.079300 0.078700 0.054700 0.067300 0.054800 0.078800 0.087700 0.058600 0.111900 0.042800 0.054900 0.088200 0.121000 0.063500 0.054800 0.075300 0.111800 0.047000 0.103500 0.104900 0.043000 0.126000 0.079400 0.070500 0.091900 0.059300 0.042100 0.058600 0.100400 0.108500 0.063100 0.104800 0.116800 0.096100 0.058600 0.051000 0.067300 0.000000 0.088100 0.116400 0.119700
ForestMusk 0.092100 0.259000 0.103600 0.249100 0.092100 0.087200 0.071200 0.112800 0.129700 0.113800 0.084300 0.091900 0.104400 0.087800 0.105000 0.096000 0.087100 0.083600 0.071100 0.120400 0.091900 0.083700 0.096600 0.116800 0.084100 0.096000 0.100700 0.120300 0.088000 0.111900 0.113400 0.075500 0.139100 0.096500 0.091400 0.096100 0.079900 0.083400 0.083200 0.100500 0.117000 0.096400 0.113300 0.121200 0.100300 0.091600 0.075500 0.100800 0.088100 0.000000 0.125000 0.119800
Bushbuck 0.124700 0.256600 0.026300 0.252100 0.095000 0.119500 0.094900 0.128300 0.034100 0.116100 0.116900 0.090700 0.107200 0.116000 0.125000 0.120100 0.098400 0.090700 0.120000 0.026300 0.099100 0.116100 0.107900 0.132400 0.116700 0.120200 0.111900 0.026300 0.112100 0.018700 0.124400 0.095200 0.150600 0.116100 0.106800 0.086200 0.112400 0.094600 0.115500 0.124600 0.119800 0.120600 0.124200 0.128300 0.090200 0.128300 0.107700 0.129400 0.116400 0.125000 0.000000 0.033800
GreaterKud 0.128000 0.259100 0.029900 0.264800 0.098300 0.122700 0.098200 0.131600 0.037600 0.111200 0.120100 0.094000 0.118900 0.119300 0.128200 0.123400 0.093600 0.085900 0.114800 0.029700 0.102400 0.119300 0.111200 0.127000 0.119900 0.115000 0.115200 0.022100 0.115400 0.014800 0.119400 0.098500 0.153600 0.119400 0.110100 0.089800 0.115700 0.098000 0.118800 0.119300 0.131600 0.115300 0.119300 0.122900 0.093900 0.114600 0.102700 0.132600 0.119700 0.119800 0.033800 0.000000
