1
52 1
Argali 0.000000 0.442800 0.133600 0.415400 0.075100 0.005000 0.069900 0.104500 0.134600 0.159300 0.048800 0.113700 0.089900 0.082500 0.106700 0.088900 0.195200 0.186800 0.053900 0.134500 0.080800 0.046100 0.135100 0.135600 0.043100 0.093900 0.085000 0.131900 0.109500 0.128400 0.155200 0.090900 0.184800 0.082800 0.061300 0.103100 0.043800 0.069600 0.110100 0.149000 0.138400 0.099300 0.145600 0.145900 0.100300 0.069500 0.123100 0.105200 0.078200 0.155700 0.139700 0.129000
LesserMous 0.442800 0.000000 0.463100 0.552400 0.435300 0.451400 0.442200 0.454400 0.472100 0.452900 0.434100 0.427800 0.457000 0.458000 0.487800 0.447600 0.388000 0.384900 0.459800 0.462900 0.431000 0.435000 0.436900 0.424800 0.437300 0.444200 0.446400 0.469000 0.448100 0.470500 0.436400 0.455300 0.440500 0.440700 0.432200 0.431500 0.431000 0.451500 0.459300 0.409100 0.428500 0.452100 0.434500 0.428900 0.422600 0.448300 0.470800 0.455000 0.439600 0.436300 0.461000 0.458900
LesserKudu 0.133600 0.463100 0.000000 0.418100 0.130300 0.136300 0.136500 0.156900 0.041300 0.178300 0.134100 0.118600 0.142000 0.148600 0.153500 0.135800 0.207500 0.223900 0.134000 0.041400 0.121900 0.134100 0.157000 0.151600 0.133500 0.135200 0.134200 0.039000 0.150400 0.038800 0.174200 0.151800 0.221900 0.126600 0.127100 0.108300 0.129300 0.141600 0.145500 0.164900 0.148600 0.151700 0.164800 0.155900 0.105500 0.141400 0.169900 0.158200 0.128100 0.176900 0.046300 0.034000
KillerWhal 0.415400 0.552400 0.418100 0.000000 0.429200 0.415000 0.434300 0.431700 0.440100 0.418300 0.425000 0.416400 0.419500 0.452700 0.459600 0.435400 0.395800 0.398900 0.442800 0.436500 0.418100 0.428400 0.390400 0.395500 0.423100 0.437600 0.417000 0.437100 0.428700 0.438300 0.403700 0.449500 0.429800 0.411800 0.423300 0.429600 0.432300 0.436200 0.427900 0.378300 0.376200 0.440600 0.401800 0.384800 0.425700 0.419600 0.428100 0.446400 0.420200 0.415200 0.430700 0.433000
DefassaWat 0.075100 0.435300 0.130300 0.429200 0.000000 0.080400 0.056700 0.101600 0.120000 0.162000 0.078500 0.099600 0.071200 0.074500 0.098200 0.080600 0.182500 0.189500 0.064800 0.120000 0.069800 0.070300 0.129000 0.152900 0.072600 0.083000 0.066200 0.117500 0.095500 0.119600 0.160700 0.077300 0.174800 0.069300 0.058900 0.094700 0.070800 0.025100 0.090500 0.148700 0.132200 0.088100 0.151100 0.151400 0.091800 0.072400 0.108900 0.096600 0.070100 0.164100 0.125100 0.120200
Sheep 0.005000 0.451400 0.136300 0.415000 0.080400 0.000000 0.075300 0.109900 0.137300 0.165100 0.048600 0.116400 0.095300 0.087800 0.106500 0.094300 0.201200 0.192800 0.059200 0.137200 0.086100 0.051400 0.140800 0.141200 0.048300 0.099300 0.090300 0.134700 0.114900 0.131100 0.160900 0.096300 0.190800 0.088100 0.066500 0.105800 0.049000 0.069500 0.115600 0.154800 0.144000 0.104700 0.151300 0.151600 0.102900 0.069400 0.128600 0.110600 0.083600 0.161400 0.142400 0.131800
MaxwellsDu 0.069900 0.442200 0.136500 0.434300 0.056700 0.075300 0.000000 0.093800 0.131900 0.162300 0.078800 0.094500 0.076800 0.048200 0.098600 0.081000 0.174200 0.183900 0.065000 0.131800 0.075500 0.065200 0.132300 0.150400 0.072900 0.083300 0.066500 0.129300 0.095900 0.131500 0.158100 0.050900 0.187900 0.069600 0.059100 0.086800 0.065600 0.062000 0.088000 0.158100 0.135500 0.091300 0.142800 0.148900 0.086700 0.067300 0.109200 0.113700 0.081300 0.164800 0.137000 0.126400
GazellaPrz 0.104500 0.454400 0.156900 0.431700 0.101600 0.109900 0.093800 0.000000 0.141000 0.168800 0.107900 0.115000 0.102500 0.119900 0.133100 0.082100 0.189300 0.187100 0.110500 0.140900 0.071500 0.099600 0.138900 0.160000 0.104700 0.081700 0.092200 0.149900 0.096800 0.146300 0.167800 0.123000 0.219300 0.095500 0.103900 0.104600 0.097600 0.101600 0.083900 0.164600 0.142100 0.086800 0.164200 0.149600 0.096200 0.090500 0.096500 0.131600 0.113100 0.156300 0.151800 0.146900
MountainNy 0.134600 0.472100 0.041300 0.440100 0.120000 0.137300 0.131900 0.141000 0.000000 0.176900 0.129500 0.114000 0.137500 0.144100 0.160600 0.125500 0.209100 0.225800 0.135000 0.014500 0.128400 0.129500 0.158300 0.167700 0.128800 0.130600 0.129600 0.012100 0.145800 0.016900 0.178600 0.150200 0.233500 0.127700 0.130900 0.103600 0.130400 0.131300 0.146600 0.172200 0.149800 0.147100 0.166200 0.169000 0.100800 0.134100 0.171200 0.159500 0.123400 0.169700 0.019300 0.017000
MuntiacusM 0.159300 0.452900 0.178300 0.418300 0.162000 0.165100 0.162300 0.168800 0.176900 0.000000 0.157200 0.167500 0.164700 0.178100 0.191700 0.170900 0.196200 0.219200 0.165800 0.176800 0.162000 0.154300 0.063900 0.088500 0.162300 0.184700 0.153900 0.180300 0.182800 0.182300 0.029800 0.184300 0.216500 0.146200 0.158200 0.162400 0.149500 0.162000 0.168700 0.093200 0.061400 0.190100 0.022300 0.077100 0.159400 0.155600 0.167000 0.193900 0.162800 0.177600 0.182100 0.177200
goat 0.048800 0.434100 0.134100 0.425000 0.078500 0.048600 0.078800 0.107900 0.129500 0.157200 0.000000 0.123000 0.098800 0.096900 0.115700 0.097900 0.189800 0.196900 0.062700 0.129400 0.084000 0.043800 0.132900 0.145200 0.015200 0.102900 0.093800 0.126900 0.112800 0.129100 0.153000 0.099800 0.191700 0.091700 0.075500 0.106600 0.036100 0.078500 0.107800 0.141000 0.136100 0.102600 0.149400 0.143800 0.103700 0.073000 0.120900 0.114000 0.076100 0.162200 0.134700 0.124000
AfricanBuf 0.113700 0.427800 0.118600 0.416400 0.099600 0.116400 0.094500 0.115000 0.114000 0.167500 0.123000 0.000000 0.108800 0.112400 0.134300 0.122000 0.185100 0.192000 0.114200 0.108400 0.113600 0.114500 0.137200 0.134800 0.122400 0.115700 0.098300 0.111500 0.131200 0.108100 0.157300 0.115400 0.203000 0.101800 0.113200 0.053800 0.115300 0.105200 0.126200 0.145300 0.128800 0.126600 0.148000 0.136300 0.043300 0.099500 0.150800 0.147300 0.108500 0.169400 0.119100 0.108700
Topi 0.089900 0.457000 0.142000 0.419500 0.071200 0.095300 0.076800 0.102500 0.137500 0.164700 0.098800 0.108800 0.000000 0.091700 0.107500 0.084600 0.190800 0.200600 0.085000 0.137400 0.076700 0.085200 0.140800 0.153000 0.092900 0.089700 0.014500 0.135000 0.091100 0.137000 0.160600 0.089200 0.214300 0.022000 0.063100 0.103900 0.085800 0.076500 0.102500 0.166300 0.149800 0.092100 0.151200 0.145700 0.101100 0.081800 0.107100 0.117100 0.095800 0.175800 0.142500 0.132100
CommonDuik 0.082500 0.458000 0.148600 0.452700 0.074500 0.087800 0.048200 0.119900 0.144100 0.178100 0.096900 0.112400 0.091700 0.000000 0.102800 0.110000 0.193000 0.203100 0.083000 0.144000 0.104500 0.083200 0.150800 0.163000 0.090900 0.101200 0.081500 0.141600 0.113600 0.132300 0.182800 0.032400 0.210100 0.084700 0.076800 0.104800 0.078200 0.069100 0.111300 0.182800 0.154100 0.109200 0.170200 0.161600 0.104700 0.079700 0.127100 0.117800 0.096600 0.171300 0.149200 0.138600
Suni 0.106700 0.487800 0.153500 0.459600 0.098200 0.106500 0.098600 0.133100 0.160600 0.191700 0.115700 0.134300 0.107500 0.102800 0.000000 0.112100 0.200200 0.213300 0.101600 0.154700 0.103800 0.101800 0.161500 0.165000 0.115100 0.103400 0.102600 0.158100 0.126800 0.154300 0.187700 0.105700 0.221100 0.095000 0.100600 0.129300 0.108000 0.087300 0.116400 0.175300 0.164800 0.119500 0.177900 0.166300 0.126500 0.103700 0.129200 0.114000 0.107000 0.179000 0.159900 0.155100
Springbuck 0.088900 0.447600 0.135800 0.435400 0.080600 0.094300 0.081000 0.082100 0.125500 0.170900 0.097900 0.122000 0.084600 0.110000 0.112100 0.000000 0.188200 0.180000 0.094900 0.125500 0.061600 0.073100 0.137600 0.158800 0.094700 0.058600 0.082300 0.123000 0.060500 0.125100 0.169600 0.113000 0.212300 0.080100 0.088500 0.111300 0.087500 0.086100 0.082100 0.169300 0.140800 0.069000 0.163100 0.160200 0.108500 0.097000 0.094800 0.127200 0.092000 0.146500 0.130600 0.125700
Okapi 0.195200 0.388000 0.207500 0.395800 0.182500 0.201200 0.174200 0.189300 0.209100 0.196200 0.189800 0.185100 0.190800 0.193000 0.200200 0.188200 0.000000 0.065000 0.195700 0.206000 0.194700 0.183600 0.168200 0.196600 0.188800 0.190700 0.188800 0.212700 0.209600 0.214700 0.188900 0.190100 0.172100 0.193200 0.193500 0.164600 0.178600 0.191400 0.204800 0.173700 0.165600 0.205200 0.179000 0.173000 0.167500 0.191500 0.205500 0.209000 0.189500 0.189100 0.208300 0.215800
Giraffe 0.186800 0.384900 0.223900 0.398900 0.189500 0.192800 0.183900 0.187100 0.225800 0.219200 0.196900 0.192000 0.200600 0.203100 0.213300 0.180000 0.065000 0.000000 0.209100 0.206800 0.195600 0.184300 0.184400 0.213400 0.195800 0.191400 0.192800 0.223200 0.204400 0.225200 0.211800 0.203500 0.172800 0.194000 0.194300 0.180500 0.185600 0.198600 0.215100 0.190000 0.188000 0.206200 0.207800 0.192500 0.174400 0.195400 0.219000 0.212900 0.196600 0.177900 0.212500 0.226300
TibetanAnt 0.053900 0.459800 0.134000 0.442800 0.064800 0.059200 0.065000 0.110500 0.135000 0.165800 0.062700 0.114200 0.085000 0.083000 0.101600 0.094900 0.195700 0.209100 0.000000 0.134900 0.089400 0.051900 0.141400 0.153800 0.057000 0.097100 0.080000 0.132400 0.109900 0.134500 0.161600 0.085900 0.198000 0.077800 0.061900 0.103600 0.055000 0.070200 0.110400 0.161400 0.144700 0.099700 0.152000 0.152300 0.100700 0.070100 0.123500 0.111100 0.067800 0.167900 0.140100 0.129500
Sitatunga 0.134500 0.462900 0.041400 0.436500 0.120000 0.137200 0.131800 0.140900 0.014500 0.176800 0.129400 0.108400 0.137400 0.144000 0.154700 0.125500 0.206000 0.206800 0.134900 0.000000 0.128300 0.129500 0.158200 0.161600 0.128800 0.124900 0.129600 0.012100 0.145700 0.016900 0.178400 0.150100 0.233300 0.127600 0.133600 0.092700 0.130400 0.131300 0.146600 0.166100 0.149700 0.147100 0.166100 0.157100 0.089900 0.131100 0.171100 0.162100 0.123400 0.163900 0.019300 0.017000
Oribi 0.080800 0.431000 0.121900 0.418100 0.069800 0.086100 0.075500 0.071500 0.128400 0.162000 0.084000 0.113600 0.076700 0.104500 0.103800 0.061600 0.194700 0.195600 0.089400 0.128300 0.000000 0.078600 0.131800 0.144100 0.080900 0.063800 0.071700 0.125900 0.071000 0.128000 0.154900 0.107500 0.206100 0.069500 0.077700 0.103000 0.079200 0.080700 0.066100 0.145700 0.135000 0.068900 0.151400 0.142700 0.100100 0.088800 0.089500 0.102100 0.086500 0.167000 0.133500 0.123000
BarbaryShe 0.046100 0.435000 0.134100 0.428400 0.070300 0.051400 0.065200 0.099600 0.129500 0.154300 0.043800 0.114500 0.085200 0.083200 0.101800 0.073100 0.183600 0.184300 0.051900 0.129500 0.078600 0.000000 0.130100 0.142300 0.043800 0.080900 0.080200 0.127000 0.093500 0.129100 0.150100 0.086100 0.188700 0.078000 0.062000 0.098200 0.038800 0.070300 0.099500 0.149900 0.133300 0.086100 0.146500 0.140900 0.095300 0.070300 0.112500 0.108500 0.062600 0.150700 0.134700 0.124000
Daviddeer 0.135100 0.436900 0.157000 0.390400 0.129000 0.140800 0.132300 0.138900 0.158300 0.063900 0.132900 0.137200 0.140800 0.150800 0.161500 0.137600 0.168200 0.184400 0.141400 0.158200 0.131800 0.130100 0.000000 0.081400 0.138100 0.142700 0.135700 0.161700 0.146600 0.157800 0.054000 0.154000 0.200500 0.128000 0.128400 0.132200 0.125100 0.140600 0.135800 0.064500 0.012600 0.148000 0.050900 0.072600 0.129200 0.131600 0.137400 0.169300 0.126600 0.144400 0.163500 0.158600
Reindeer 0.135600 0.424800 0.151600 0.395500 0.152900 0.141200 0.150400 0.160000 0.167700 0.088500 0.145200 0.134800 0.153000 0.163000 0.165000 0.158800 0.196600 0.213400 0.153800 0.161600 0.144100 0.142300 0.081400 0.000000 0.150400 0.169800 0.142100 0.165100 0.167800 0.161200 0.081100 0.178500 0.207900 0.134300 0.146400 0.141600 0.143400 0.147000 0.153600 0.078300 0.073300 0.175200 0.080900 0.048800 0.138500 0.143800 0.173300 0.181800 0.150700 0.159400 0.172900 0.162000
Ibex 0.043100 0.437300 0.133500 0.423100 0.072600 0.048300 0.072900 0.104700 0.128800 0.162300 0.015200 0.122400 0.092900 0.090900 0.115100 0.094700 0.188800 0.195800 0.057000 0.128800 0.080900 0.043800 0.138100 0.150400 0.000000 0.099600 0.087900 0.126300 0.109600 0.128400 0.158200 0.093800 0.194000 0.085700 0.069700 0.106100 0.030900 0.078100 0.104600 0.146200 0.141300 0.104900 0.148600 0.148900 0.103200 0.072600 0.117600 0.113600 0.075700 0.164600 0.134000 0.123400
GyrantGaze 0.093900 0.444200 0.135200 0.437600 0.083000 0.099300 0.083300 0.081700 0.130600 0.184700 0.102900 0.115700 0.089700 0.101200 0.103400 0.058600 0.190700 0.191400 0.097100 0.124900 0.063800 0.080900 0.142700 0.169800 0.099600 0.000000 0.087400 0.128100 0.078600 0.130200 0.180700 0.104100 0.217600 0.085200 0.096300 0.110700 0.092500 0.093900 0.084400 0.168500 0.145900 0.035000 0.174000 0.165200 0.107900 0.091100 0.102400 0.123700 0.099800 0.145800 0.135700 0.125200
Hartebeest 0.085000 0.446400 0.134200 0.417000 0.066200 0.090300 0.066500 0.092200 0.129600 0.153900 0.093800 0.098300 0.014500 0.081500 0.102600 0.082300 0.188800 0.192800 0.080000 0.129600 0.071700 0.080200 0.135700 0.142100 0.087900 0.087400 0.000000 0.127200 0.086200 0.129300 0.149700 0.079000 0.202900 0.012200 0.058200 0.098900 0.080700 0.071500 0.097600 0.155400 0.139000 0.092500 0.140400 0.135000 0.090600 0.076800 0.102200 0.112100 0.090800 0.167800 0.134700 0.124300
Bongo 0.131900 0.469000 0.039000 0.437100 0.117500 0.134700 0.129300 0.149900 0.012100 0.180300 0.126900 0.111500 0.135000 0.141600 0.158100 0.123000 0.212700 0.223200 0.132400 0.012100 0.125900 0.127000 0.161700 0.165100 0.126300 0.128100 0.127200 0.000000 0.143300 0.014500 0.182000 0.147700 0.224500 0.125200 0.131100 0.101100 0.127800 0.128800 0.144100 0.169600 0.153100 0.144600 0.169600 0.166500 0.098300 0.134300 0.174500 0.165500 0.120900 0.173100 0.016900 0.014600
Gerenuk 0.109500 0.448100 0.150400 0.428700 0.095500 0.114900 0.095900 0.096800 0.145800 0.182800 0.112800 0.131200 0.091100 0.113600 0.126800 0.060500 0.209600 0.204400 0.109900 0.145700 0.071000 0.093500 0.146600 0.167800 0.109600 0.078600 0.086200 0.143300 0.000000 0.139700 0.190600 0.122200 0.221000 0.084100 0.092400 0.126200 0.102500 0.101000 0.091400 0.184300 0.155700 0.083700 0.181100 0.169100 0.123300 0.106400 0.088000 0.136300 0.106900 0.170100 0.150900 0.143300
CommonElan 0.128400 0.470500 0.038800 0.438300 0.119600 0.131100 0.131500 0.146300 0.016900 0.182300 0.129100 0.108100 0.137000 0.132300 0.154300 0.125100 0.214700 0.225200 0.134500 0.016900 0.128000 0.129100 0.157800 0.161200 0.128400 0.130200 0.129300 0.014500 0.139700 0.000000 0.184000 0.141000 0.222900 0.127300 0.133200 0.097800 0.130000 0.125300 0.146200 0.171700 0.149300 0.141000 0.171600 0.168500 0.095100 0.136400 0.170700 0.167500 0.123100 0.166200 0.021700 0.014500
MuntiacusR 0.155200 0.436400 0.174200 0.403700 0.160700 0.160900 0.158100 0.167800 0.178600 0.029800 0.153000 0.157300 0.160600 0.182800 0.187700 0.169600 0.188900 0.211800 0.161600 0.178400 0.154900 0.150100 0.054000 0.081100 0.158200 0.180700 0.149700 0.182000 0.190600 0.184000 0.000000 0.186200 0.215600 0.141900 0.154100 0.152300 0.145200 0.157800 0.167400 0.083200 0.051400 0.186100 0.017500 0.072500 0.149200 0.151500 0.168800 0.192800 0.158600 0.170400 0.180900 0.178900
HarveysDui 0.090900 0.455300 0.151800 0.449500 0.077300 0.096300 0.050900 0.123000 0.150200 0.184300 0.099800 0.115400 0.089200 0.032400 0.105700 0.113000 0.190100 0.203500 0.085900 0.150100 0.107500 0.086100 0.154000 0.178500 0.093800 0.104100 0.079000 0.147700 0.122200 0.141000 0.186200 0.000000 0.198000 0.087600 0.077000 0.107800 0.081100 0.077300 0.119900 0.180100 0.157300 0.112200 0.176400 0.164800 0.102100 0.082600 0.130100 0.120800 0.099500 0.174600 0.155300 0.141700
Pronghorn 0.184800 0.440500 0.221900 0.429800 0.174800 0.190800 0.187900 0.219300 0.233500 0.216500 0.191700 0.203000 0.214300 0.210100 0.221100 0.212300 0.172100 0.172800 0.198000 0.233300 0.206100 0.188700 0.200500 0.207900 0.194000 0.217600 0.202900 0.224500 0.221000 0.222900 0.215600 0.198000 0.000000 0.207500 0.195300 0.206600 0.180700 0.192800 0.229000 0.209500 0.197800 0.226600 0.205300 0.218400 0.200200 0.205800 0.229600 0.233300 0.201100 0.200200 0.219900 0.230500
BlueWildeb 0.082800 0.440700 0.126600 0.411800 0.069300 0.088100 0.069600 0.095500 0.127700 0.146200 0.091700 0.101800 0.022000 0.084700 0.095000 0.080100 0.193200 0.194000 0.077800 0.127600 0.069500 0.078000 0.128000 0.134300 0.085700 0.085200 0.012200 0.125200 0.084100 0.127300 0.141900 0.087600 0.207500 0.000000 0.055900 0.096800 0.078500 0.069300 0.090000 0.147600 0.131200 0.090400 0.132700 0.133000 0.094000 0.074600 0.100100 0.110000 0.088700 0.165900 0.132800 0.122300
Gemsbok 0.061300 0.432200 0.127100 0.423300 0.058900 0.066500 0.059100 0.103900 0.130900 0.158200 0.075500 0.113200 0.063100 0.076800 0.100600 0.088500 0.193500 0.194300 0.061900 0.133600 0.077700 0.062000 0.128400 0.146400 0.069700 0.096300 0.058200 0.131100 0.092400 0.133200 0.154100 0.077000 0.195300 0.055900 0.000000 0.097000 0.062500 0.058900 0.103900 0.159800 0.137400 0.101400 0.144700 0.144900 0.094200 0.064100 0.111300 0.093600 0.078000 0.166200 0.138800 0.128200
Yak 0.103100 0.431500 0.108300 0.429600 0.094700 0.105800 0.086800 0.104600 0.103600 0.162400 0.106600 0.053800 0.103900 0.104800 0.129300 0.111300 0.164600 0.180500 0.103600 0.092700 0.103000 0.098200 0.132200 0.141600 0.106100 0.110700 0.098900 0.101100 0.126200 0.097800 0.152300 0.107800 0.206600 0.096800 0.097000 0.000000 0.098900 0.100200 0.124200 0.146100 0.129500 0.110400 0.142900 0.143000 0.016900 0.094500 0.145800 0.130800 0.097900 0.147000 0.108700 0.098300
BlueSheep 0.043800 0.431000 0.129300 0.432300 0.070800 0.049000 0.065600 0.097600 0.130400 0.149500 0.036100 0.115300 0.085800 0.078200 0.108000 0.087500 0.178600 0.185600 0.055000 0.130400 0.079200 0.038800 0.125100 0.143400 0.030900 0.092500 0.080700 0.127800 0.102500 0.130000 0.145200 0.081100 0.180700 0.078500 0.062500 0.098900 0.000000 0.070800 0.103100 0.151000 0.128300 0.097800 0.135700 0.141900 0.096000 0.062600 0.110600 0.115100 0.074000 0.163600 0.135600 0.124900
BohorReedb 0.069600 0.451500 0.141600 0.436200 0.025100 0.069500 0.062000 0.101600 0.131300 0.162000 0.078500 0.105200 0.076500 0.069100 0.087300 0.086100 0.191400 0.198600 0.070200 0.131300 0.080700 0.070300 0.140600 0.147000 0.078100 0.093900 0.071500 0.128800 0.101000 0.125300 0.157800 0.077300 0.192800 0.069300 0.058900 0.100200 0.070800 0.000000 0.101500 0.166500 0.143900 0.104600 0.151100 0.145500 0.097400 0.067100 0.114400 0.102200 0.081000 0.170000 0.130800 0.131600
KirksDik 0.110100 0.459300 0.145500 0.427900 0.090500 0.115600 0.088000 0.083900 0.146600 0.168700 0.107800 0.126200 0.102500 0.111300 0.116400 0.082100 0.204800 0.215100 0.110400 0.146600 0.066100 0.099500 0.135800 0.153600 0.104600 0.084400 0.097600 0.144100 0.091400 0.146200 0.167400 0.119900 0.229000 0.090000 0.103900 0.124200 0.103100 0.101500 0.000000 0.155300 0.139000 0.092200 0.158100 0.149400 0.118400 0.106900 0.099100 0.137100 0.104600 0.179800 0.151800 0.141200
RoeDeer 0.149000 0.409100 0.164900 0.378300 0.148700 0.154800 0.158100 0.164600 0.172200 0.093200 0.141000 0.145300 0.166300 0.182800 0.175300 0.169300 0.173700 0.190000 0.161400 0.166100 0.145700 0.149900 0.064500 0.078300 0.146200 0.168500 0.155400 0.169600 0.184300 0.171700 0.083200 0.180100 0.209500 0.147600 0.159800 0.146100 0.151000 0.166500 0.155300 0.000000 0.056700 0.173900 0.080200 0.069600 0.143100 0.157200 0.180600 0.165500 0.146500 0.170100 0.171400 0.166600
WhiteLippe 0.138400 0.428500 0.148600 0.376200 0.132200 0.144000 0.135500 0.142100 0.149800 0.061400 0.136100 0.128800 0.149800 0.154100 0.164800 0.140800 0.165600 0.188000 0.144700 0.149700 0.135000 0.133300 0.012600 0.073300 0.141300 0.145900 0.139000 0.153100 0.155700 0.149300 0.051400 0.157300 0.197800 0.131200 0.137400 0.129500 0.128300 0.143900 0.139000 0.056700 0.000000 0.151300 0.048600 0.064700 0.126600 0.134800 0.140500 0.172700 0.135800 0.141800 0.155000 0.150100
ThomsonGaz 0.099300 0.452100 0.151700 0.440600 0.088100 0.104700 0.091300 0.086800 0.147100 0.190100 0.102600 0.126600 0.092100 0.109200 0.119500 0.069000 0.205200 0.206200 0.099700 0.147100 0.068900 0.086100 0.148000 0.175200 0.104900 0.035000 0.092500 0.144600 0.083700 0.141000 0.186100 0.112200 0.226600 0.090400 0.101400 0.110400 0.097800 0.104600 0.092200 0.173900 0.151300 0.000000 0.179500 0.170600 0.113100 0.101800 0.102100 0.134700 0.099500 0.159800 0.152300 0.141700
MuntiacusC 0.145600 0.434500 0.164800 0.401800 0.151100 0.151300 0.142800 0.164200 0.166200 0.022300 0.149400 0.148000 0.151200 0.170200 0.177900 0.163100 0.179000 0.207800 0.152000 0.166100 0.151400 0.146500 0.050900 0.080900 0.148600 0.174000 0.140400 0.169600 0.181100 0.171600 0.017500 0.176400 0.205300 0.132700 0.144700 0.142900 0.135700 0.151100 0.158100 0.080200 0.048600 0.179500 0.000000 0.069500 0.139900 0.142100 0.162400 0.189300 0.155000 0.163900 0.171400 0.166500
WhiteTaile 0.145900 0.428900 0.155900 0.384800 0.151400 0.151600 0.148900 0.149600 0.169000 0.077100 0.143800 0.136300 0.145700 0.161600 0.166300 0.160200 0.173000 0.192500 0.152300 0.157100 0.142700 0.140900 0.072600 0.048800 0.148900 0.165200 0.135000 0.166500 0.169100 0.168500 0.072500 0.164800 0.218400 0.133000 0.144900 0.143000 0.141900 0.145500 0.149400 0.069600 0.064700 0.170600 0.069500 0.000000 0.134200 0.142300 0.171500 0.180300 0.149200 0.149300 0.168300 0.163400
Cattle 0.100300 0.422600 0.105500 0.425700 0.091800 0.102900 0.086700 0.096200 0.100800 0.159400 0.103700 0.043300 0.101100 0.104700 0.126500 0.108500 0.167500 0.174400 0.100700 0.089900 0.100100 0.095300 0.129200 0.138500 0.103200 0.107900 0.090600 0.098300 0.123300 0.095100 0.149200 0.102100 0.200200 0.094000 0.094200 0.016900 0.096000 0.097400 0.118400 0.143100 0.126600 0.113100 0.139900 0.134200 0.000000 0.086200 0.142900 0.127800 0.095000 0.143900 0.105900 0.095500
RoyalAntel 0.069500 0.448300 0.141400 0.419600 0.072400 0.069400 0.067300 0.090500 0.134100 0.155600 0.073000 0.099500 0.081800 0.079700 0.103700 0.097000 0.191500 0.195400 0.070100 0.131100 0.088800 0.070300 0.131600 0.143800 0.072600 0.091100 0.076800 0.134300 0.106400 0.136400 0.151500 0.082600 0.205800 0.074600 0.064100 0.094500 0.062600 0.067100 0.106900 0.157200 0.134800 0.101800 0.142100 0.142300 0.086200 0.000000 0.125500 0.102000 0.081000 0.163900 0.142000 0.131400
Steenbok 0.123100 0.470800 0.169900 0.428100 0.108900 0.128600 0.109200 0.096500 0.171200 0.167000 0.120900 0.150800 0.107100 0.127100 0.129200 0.094800 0.205500 0.219000 0.123500 0.171100 0.089500 0.112500 0.137400 0.173300 0.117600 0.102400 0.102200 0.174500 0.088000 0.170700 0.168800 0.130100 0.229600 0.100100 0.111300 0.145800 0.110600 0.114400 0.099100 0.180600 0.140500 0.102100 0.162400 0.171500 0.142900 0.125500 0.000000 0.144500 0.131700 0.181100 0.176300 0.168700
Impala 0.105200 0.455000 0.158200 0.446400 0.096600 0.110600 0.113700 0.131600 0.159500 0.193900 0.114000 0.147300 0.117100 0.117800 0.114000 0.127200 0.209000 0.212900 0.111100 0.162100 0.102100 0.108500 0.169300 0.181800 0.113600 0.123700 0.112100 0.165500 0.136300 0.167500 0.192800 0.120800 0.233300 0.110000 0.093600 0.130800 0.115100 0.102200 0.137100 0.165500 0.172700 0.134700 0.189300 0.180300 0.127800 0.102000 0.144500 0.000000 0.108100 0.186700 0.167300 0.159600
Klipspring 0.078200 0.439600 0.128100 0.420200 0.070100 0.083600 0.081300 0.113100 0.123400 0.162800 0.076100 0.108500 0.095800 0.096600 0.107000 0.092000 0.189500 0.196600 0.067800 0.123400 0.086500 0.062600 0.126600 0.150700 0.075700 0.099800 0.090800 0.120900 0.106900 0.123100 0.158600 0.099500 0.201100 0.088700 0.078000 0.097900 0.074000 0.081000 0.104600 0.146500 0.135800 0.099500 0.155000 0.149200 0.095000 0.081000 0.131700 0.108100 0.000000 0.161900 0.128600 0.118000
ForestMusk 0.155700 0.436300 0.176900 0.415200 0.164100 0.161400 0.164800 0.156300 0.169700 0.177600 0.162200 0.169400 0.175800 0.171300 0.179000 0.146500 0.189100 0.177900 0.167900 0.163900 0.167000 0.150700 0.144400 0.159400 0.164600 0.145800 0.167800 0.173100 0.170100 0.166200 0.170400 0.174600 0.200200 0.165900 0.166200 0.147000 0.163600 0.170000 0.179800 0.170100 0.141800 0.159800 0.163900 0.149300 0.143900 0.163900 0.181100 0.186700 0.161900 0.000000 0.174900 0.166900
Bushbuck 0.139700 0.461000 0.046300 0.430700 0.125100 0.142400 0.137000 0.151800 0.019300 0.182100 0.134700 0.119100 0.142500 0.149200 0.159900 0.130600 0.208300 0.212500 0.140100 0.019300 0.133500 0.134700 0.163500 0.172900 0.134000 0.135700 0.134700 0.016900 0.150900 0.021700 0.180900 0.155300 0.219900 0.132800 0.138800 0.108700 0.135600 0.130800 0.151800 0.171400 0.155000 0.152300 0.171400 0.168300 0.105900 0.142000 0.176300 0.167300 0.128600 0.174900 0.000000 0.021800
GreaterKud 0.129000 0.458900 0.034000 0.433000 0.120200 0.131800 0.126400 0.146900 0.017000 0.177200 0.124000 0.108700 0.132100 0.138600 0.155100 0.125700 0.215800 0.226300 0.129500 0.017000 0.123000 0.124000 0.158600 0.162000 0.123400 0.125200 0.124300 0.014600 0.143300 0.014500 0.178900 0.141700 0.230500 0.122300 0.128200 0.098300 0.124900 0.131600 0.141200 0.166600 0.150100 0.141700 0.166500 0.163400 0.095500 0.131400 0.168700 0.159600 0.118000 0.166900 0.021800 0.000000
