CODONML (in paml version 4.10.7, June 2023)  /home/rachel/ruminants_paml/6406-phy-tree/ENSBTAT00000013500.fasta.phy
Model: free dN/dS Ratios for branches,  kappa = 2.000 fixed

Codon frequency model: F3x4
ns =  54  ls = 302

Codon usage in sequences
--------------------------------------------------------------------------------------------------------------------------------------
Phe TTT   6   7   7   5   7   6 | Ser TCT   6   5   7   8   8   7 | Tyr TAT   1   0   2   0   1   1 | Cys TGT   3   3   3   3   1   2
    TTC   3   2   2   4   2   3 |     TCC   6   6   5   4   5   4 |     TAC   3   4   2   4   3   3 |     TGC   2   2   2   2   4   3
Leu TTA   8   8   9   8   9   8 |     TCA   4   5   3   4   3   4 | *** TAA   0   0   0   0   0   0 | *** TGA   0   0   0   0   0   0
    TTG   2   3   2   2   3   3 |     TCG   0   0   1   0   0   1 |     TAG   0   0   0   0   0   0 | Trp TGG   1   1   1   1   1   1
--------------------------------------------------------------------------------------------------------------------------------------
Leu CTT   5   5   5   5   4   5 | Pro CCT   6   5   5   6   6   5 | His CAT   4   3   4   6   4   5 | Arg CGT   1   2   2   2   2   2
    CTC   2   2   2   2   4   2 |     CCC   1   2   2   2   2   2 |     CAC   4   5   4   2   4   3 |     CGC   3   1   3   2   1   1
    CTA   4   2   4   4   3   4 |     CCA   7   7   7   6   7   8 | Gln CAA   5   6   5   5   5   5 |     CGA   1   1   1   1   3   2
    CTG   4   5   3   4   2   3 |     CCG   1   1   1   1   0   0 |     CAG  12  11  12  12  12  12 |     CGG   1   2   0   1   0   0
--------------------------------------------------------------------------------------------------------------------------------------
Ile ATT   7   7   7   6   8   7 | Thr ACT   6   2   6   6   5   6 | Asn AAT   5   3   5   5   4   5 | Ser AGT   5   3   5   4   3   4
    ATC   7   7   7   8   6   6 |     ACC   1   4   1   2   1   0 |     AAC   1   3   1   1   2   1 |     AGC   2   4   2   3   4   3
    ATA   5   5   5   5   5   6 |     ACA   8   7   8   6   9   9 | Lys AAA  14  14  14  14  13  15 | Arg AGA   4   4   4   4   3   4
Met ATG   7   7   7   7   7   7 |     ACG   0   2   0   0   0   0 |     AAG   6   6   6   6   7   5 |     AGG   0   0   0   0   1   1
--------------------------------------------------------------------------------------------------------------------------------------
Val GTT   9   9   9   9  11  10 | Ala GCT   4   3   4   4   4   5 | Asp GAT  23  24  22  22  22  23 | Gly GGT   4   4   3   4   3   4
    GTC   7   7   7   7   4   5 |     GCC   4   5   4   5   4   4 |     GAC   7   6   8   7   8   7 |     GGC   1   1   1   1   2   1
    GTA   2   2   2   0   3   4 |     GCA   5   4   5   5   5   6 | Glu GAA  23  22  23  22  23  22 |     GGA   8   9   9   8   7   9
    GTG   7   7   7   9   7   6 |     GCG   3   4   3   3   3   0 |     GAG   8   9   8  10   8   9 |     GGG   3   2   3   3   4   3
--------------------------------------------------------------------------------------------------------------------------------------

--------------------------------------------------------------------------------------------------------------------------------------
Phe TTT   6   6   6   6   6   6 | Ser TCT   6   6   5   7   7   9 | Tyr TAT   1   1   1   1   2   1 | Cys TGT   3   3   3   3   3   3
    TTC   3   3   3   3   3   3 |     TCC   6   6   7   5   5   4 |     TAC   3   3   3   3   2   3 |     TGC   2   2   2   2   2   2
Leu TTA   9   8   9   9   9   9 |     TCA   4   4   4   4   3   2 | *** TAA   0   0   0   0   0   0 | *** TGA   0   0   0   0   0   0
    TTG   2   2   2   2   2   2 |     TCG   0   0   0   0   1   1 |     TAG   0   0   0   0   0   0 | Trp TGG   1   1   1   1   1   1
--------------------------------------------------------------------------------------------------------------------------------------
Leu CTT   5   5   5   4   5   4 | Pro CCT   5   6   5   5   5   5 | His CAT   5   4   5   5   5   5 | Arg CGT   2   1   2   2   2   1
    CTC   2   2   2   2   2   2 |     CCC   2   1   2   2   2   2 |     CAC   3   4   3   3   3   3 |     CGC   2   3   2   2   2   3
    CTA   3   4   3   3   4   3 |     CCA   7   7   7   8   8   8 | Gln CAA   5   5   5   4   5   5 |     CGA   1   1   1   1   1   1
    CTG   4   4   4   5   3   5 |     CCG   1   1   1   0   0   0 |     CAG  12  12  12  13  12  12 |     CGG   1   1   1   1   1   1
--------------------------------------------------------------------------------------------------------------------------------------
Ile ATT   6   7   7   7   7   7 | Thr ACT   6   6   6   6   6   4 | Asn AAT   4   5   5   5   5   5 | Ser AGT   5   4   5   5   5   5
    ATC   8   7   7   7   7   7 |     ACC   1   1   1   1   1   2 |     AAC   2   1   1   1   1   1 |     AGC   2   3   2   2   2   2
    ATA   5   5   5   5   5   5 |     ACA   8   8   8   8   8   8 | Lys AAA  13  14  14  14  14  14 | Arg AGA   4   4   3   3   4   4
Met ATG   7   7   7   7   7   7 |     ACG   0   0   0   0   0   1 |     AAG   7   6   6   6   6   6 |     AGG   0   0   1   1   0   0
--------------------------------------------------------------------------------------------------------------------------------------
Val GTT   8   9   9   9   9   9 | Ala GCT   4   4   4   3   4   4 | Asp GAT  22  23  23  21  22  23 | Gly GGT   4   4   4   4   4   4
    GTC   8   7   7   8   7   7 |     GCC   4   4   4   6   4   4 |     GAC   8   7   7   9   8   7 |     GGC   1   1   1   2   1   1
    GTA   3   2   2   2   2   2 |     GCA   6   5   6   5   6   6 | Glu GAA  23  23  22  22  22  23 |     GGA   8   8   8   7   8   8
    GTG   6   7   7   6   7   7 |     GCG   2   3   2   2   2   2 |     GAG   8   8   9   9   9   8 |     GGG   3   3   3   3   3   3
--------------------------------------------------------------------------------------------------------------------------------------

--------------------------------------------------------------------------------------------------------------------------------------
Phe TTT   6   6   6   7   5   6 | Ser TCT   7   7   6   5   6   6 | Tyr TAT   1   1   1   1   1   1 | Cys TGT   3   3   3   3   3   3
    TTC   3   3   3   2   4   3 |     TCC   5   5   6   7   6   6 |     TAC   3   3   3   3   3   3 |     TGC   2   2   2   2   2   2
Leu TTA   9   9   9   9   9   9 |     TCA   4   4   4   4   4   4 | *** TAA   0   0   0   0   0   0 | *** TGA   0   0   0   0   0   0
    TTG   2   2   2   2   1   2 |     TCG   0   0   0   0   0   0 |     TAG   0   0   0   0   0   0 | Trp TGG   1   1   1   1   1   1
--------------------------------------------------------------------------------------------------------------------------------------
Leu CTT   5   5   5   5   6   5 | Pro CCT   4   5   5   5   6   5 | His CAT   4   4   4   3   4   5 | Arg CGT   2   2   2   2   2   1
    CTC   2   2   2   2   2   2 |     CCC   2   2   2   2   1   2 |     CAC   4   4   4   5   4   3 |     CGC   2   2   2   2   2   3
    CTA   3   3   3   3   3   3 |     CCA   8   8   7   6   7   8 | Gln CAA   4   4   5   5   5   4 |     CGA   1   1   1   1   2   1
    CTG   4   4   4   4   4   4 |     CCG   1   0   1   2   1   0 |     CAG  13  13  12  12  12  13 |     CGG   1   0   1   1   1   1
--------------------------------------------------------------------------------------------------------------------------------------
Ile ATT   7   7   7   8   7   7 | Thr ACT   6   6   6   6   6   6 | Asn AAT   5   5   5   5   5   5 | Ser AGT   5   5   5   5   5   5
    ATC   7   7   7   6   7   7 |     ACC   1   1   1   1   1   1 |     AAC   1   1   1   1   1   1 |     AGC   2   2   2   2   2   2
    ATA   5   5   5   5   5   5 |     ACA   8   8   8   8   8   8 | Lys AAA  14  14  14  14  14  14 | Arg AGA   4   4   4   4   3   3
Met ATG   7   7   7   7   7   7 |     ACG   0   0   0   0   0   0 |     AAG   6   6   6   6   6   6 |     AGG   0   1   0   0   0   1
--------------------------------------------------------------------------------------------------------------------------------------
Val GTT   9   9   9   9   9   9 | Ala GCT   4   3   4   4   4   4 | Asp GAT  22  22  23  23  23  22 | Gly GGT   4   4   4   4   4   4
    GTC   7   7   7   7   7   8 |     GCC   4   5   4   4   5   4 |     GAC   8   8   7   7   7   8 |     GGC   1   2   1   1   2   1
    GTA   2   2   3   2   2   1 |     GCA   5   5   6   6   6   7 | Glu GAA  23  23  23  23  23  23 |     GGA   8   7   8   8   7   8
    GTG   7   7   6   7   7   7 |     GCG   3   3   2   2   1   1 |     GAG   8   8   8   8   8   8 |     GGG   3   3   3   3   3   3
--------------------------------------------------------------------------------------------------------------------------------------

--------------------------------------------------------------------------------------------------------------------------------------
Phe TTT   6   6   6   6   6   6 | Ser TCT   8   7   6   7   6   6 | Tyr TAT   1   1   1   2   1   1 | Cys TGT   3   3   3   3   2   3
    TTC   3   3   3   3   3   3 |     TCC   4   4   6   5   6   6 |     TAC   3   3   3   2   3   3 |     TGC   2   2   2   2   3   2
Leu TTA   9   9   9   9   9   9 |     TCA   4   4   4   3   4   4 | *** TAA   0   0   0   0   0   0 | *** TGA   0   0   0   0   0   0
    TTG   2   2   2   2   2   2 |     TCG   0   0   0   1   0   0 |     TAG   0   0   0   0   0   0 | Trp TGG   1   1   1   1   1   1
--------------------------------------------------------------------------------------------------------------------------------------
Leu CTT   5   6   5   5   4   5 | Pro CCT   4   5   5   5   5   5 | His CAT   5   5   4   5   5   4 | Arg CGT   2   2   2   2   2   2
    CTC   2   1   2   2   3   2 |     CCC   2   3   2   2   2   2 |     CAC   3   3   4   3   3   4 |     CGC   2   2   2   2   2   2
    CTA   3   3   3   4   3   3 |     CCA   8   7   7   8   8   7 | Gln CAA   5   5   5   5   5   5 |     CGA   1   1   1   1   1   1
    CTG   4   4   4   3   4   4 |     CCG   1   1   1   0   0   1 |     CAG  12  12  12  12  12  12 |     CGG   1   1   1   1   1   1
--------------------------------------------------------------------------------------------------------------------------------------
Ile ATT   7   8   7   7   7   7 | Thr ACT   6   6   6   6   5   6 | Asn AAT   4   5   5   5   5   5 | Ser AGT   4   4   5   5   5   4
    ATC   7   6   7   7   7   7 |     ACC   1   1   1   1   2   1 |     AAC   2   1   1   1   1   1 |     AGC   3   3   2   2   2   3
    ATA   5   5   5   5   5   5 |     ACA   8   8   8   8   7   7 | Lys AAA  13  12  14  14  14  14 | Arg AGA   4   4   4   4   3   4
Met ATG   7   7   7   7   7   7 |     ACG   0   0   0   0   1   1 |     AAG   7   8   6   6   6   6 |     AGG   0   0   0   0   1   0
--------------------------------------------------------------------------------------------------------------------------------------
Val GTT   9   9   9   9   9   9 | Ala GCT   4   4   4   4   4   4 | Asp GAT  23  22  22  23  22  22 | Gly GGT   4   4   4   4   4   4
    GTC   7   6   7   7   7   7 |     GCC   4   6   4   4   4   5 |     GAC   7   8   8   7   8   8 |     GGC   1   1   1   1   1   1
    GTA   2   2   2   2   2   1 |     GCA   6   4   6   5   6   5 | Glu GAA  23  23  23  23  23  23 |     GGA   9   9   8   8   8   8
    GTG   7   7   7   7   7   8 |     GCG   2   3   2   3   2   2 |     GAG   8   8   8   8   8   8 |     GGG   2   2   3   3   3   3
--------------------------------------------------------------------------------------------------------------------------------------

--------------------------------------------------------------------------------------------------------------------------------------
Phe TTT   6   5   6   6   6   6 | Ser TCT   8   8   6   6   6   7 | Tyr TAT   1   1   1   1   1   2 | Cys TGT   3   3   3   3   3   3
    TTC   3   4   3   3   3   3 |     TCC   5   5   6   6   6   5 |     TAC   3   3   3   3   3   2 |     TGC   2   2   2   2   2   2
Leu TTA   9   9   9   9   9   9 |     TCA   2   2   4   4   4   3 | *** TAA   0   0   0   0   0   0 | *** TGA   0   0   0   0   0   0
    TTG   2   2   2   2   2   2 |     TCG   1   1   0   0   0   1 |     TAG   0   0   0   0   0   0 | Trp TGG   1   1   1   1   1   1
--------------------------------------------------------------------------------------------------------------------------------------
Leu CTT   5   6   5   5   5   5 | Pro CCT   6   5   4   5   5   5 | His CAT   5   5   4   5   4   5 | Arg CGT   2   1   2   2   2   2
    CTC   2   1   2   2   2   2 |     CCC   1   2   2   2   2   2 |     CAC   3   3   4   3   4   3 |     CGC   2   3   2   2   2   2
    CTA   3   3   3   3   3   4 |     CCA   8   8   8   8   7   8 | Gln CAA   5   5   5   5   5   5 |     CGA   1   1   1   1   1   1
    CTG   4   4   4   4   4   3 |     CCG   0   0   1   0   1   0 |     CAG  12  12  12  12  12  12 |     CGG   1   1   1   1   1   1
--------------------------------------------------------------------------------------------------------------------------------------
Ile ATT   7   8   7   7   7   7 | Thr ACT   6   6   6   6   6   6 | Asn AAT   5   5   5   5   5   5 | Ser AGT   5   5   5   5   5   5
    ATC   7   6   7   7   7   7 |     ACC   1   1   1   1   1   1 |     AAC   1   1   1   1   1   1 |     AGC   2   2   2   2   2   2
    ATA   5   5   5   5   5   5 |     ACA   8   8   8   8   8   8 | Lys AAA  14  13  14  14  14  14 | Arg AGA   4   4   4   3   4   4
Met ATG   7   7   7   7   7   7 |     ACG   0   0   0   0   0   0 |     AAG   6   7   6   6   6   6 |     AGG   0   0   0   1   0   0
--------------------------------------------------------------------------------------------------------------------------------------
Val GTT  10   9   9   9   9   9 | Ala GCT   4   4   4   4   4   4 | Asp GAT  24  24  22  23  23  23 | Gly GGT   4   4   4   4   4   3
    GTC   6   7   7   8   7   7 |     GCC   4   4   4   4   4   4 |     GAC   6   6   8   7   7   7 |     GGC   1   1   1   1   1   2
    GTA   2   2   2   1   2   2 |     GCA   6   6   5   6   6   5 | Glu GAA  24  24  23  23  23  23 |     GGA   8   8   8   8   8   8
    GTG   7   7   7   7   7   8 |     GCG   2   2   3   2   2   2 |     GAG   7   7   8   8   8   8 |     GGG   3   3   3   3   3   3
--------------------------------------------------------------------------------------------------------------------------------------

--------------------------------------------------------------------------------------------------------------------------------------
Phe TTT   6   6   6   7   6   6 | Ser TCT   6   7   9   5   7   6 | Tyr TAT   1   2   1   1   0   1 | Cys TGT   2   3   3   3   3   3
    TTC   3   3   3   2   3   3 |     TCC   6   5   4   7   5   6 |     TAC   3   2   3   3   4   3 |     TGC   3   2   2   2   2   2
Leu TTA   9   9   9   9   9  10 |     TCA   4   4   2   4   4   4 | *** TAA   0   0   0   0   0   0 | *** TGA   0   0   0   0   0   0
    TTG   2   2   2   2   3   1 |     TCG   0   0   1   0   0   0 |     TAG   0   0   0   0   0   0 | Trp TGG   1   1   1   1   1   1
--------------------------------------------------------------------------------------------------------------------------------------
Leu CTT   5   5   4   4   5   5 | Pro CCT   5   5   5   5   4   6 | His CAT   5   4   5   4   5   4 | Arg CGT   1   2   2   2   2   2
    CTC   2   2   2   3   2   2 |     CCC   2   2   2   2   3   1 |     CAC   3   4   3   4   3   4 |     CGC   3   2   2   2   2   2
    CTA   3   4   4   3   2   3 |     CCA   8   8   8   6   7   7 | Gln CAA   5   5   5   5   5   5 |     CGA   1   1   1   1   1   1
    CTG   4   3   4   4   4   4 |     CCG   0   0   0   2   1   1 |     CAG  12  12  12  12  12  12 |     CGG   1   1   1   1   1   1
--------------------------------------------------------------------------------------------------------------------------------------
Ile ATT   7   7   7   7   7   7 | Thr ACT   6   6   5   6   4   6 | Asn AAT   5   5   5   5   5   5 | Ser AGT   5   5   4   5   5   5
    ATC   7   7   7   8   7   7 |     ACC   1   1   1   1   2   1 |     AAC   1   1   1   1   1   1 |     AGC   2   2   3   2   2   2
    ATA   5   5   5   4   5   5 |     ACA   8   8   8   7   7   8 | Lys AAA  13  14  14  14  14  14 | Arg AGA   3   4   4   4   4   4
Met ATG   7   7   7   7   7   7 |     ACG   0   0   1   0   2   0 |     AAG   7   6   6   6   6   6 |     AGG   1   0   0   0   0   0
--------------------------------------------------------------------------------------------------------------------------------------
Val GTT   9   9   9   9   9   9 | Ala GCT   4   4   4   4   4   4 | Asp GAT  22  24  23  23  22  23 | Gly GGT   3   4   4   4   4   4
    GTC   8   7   7   7   7   7 |     GCC   4   4   4   4   4   4 |     GAC   8   6   7   7   8   7 |     GGC   2   1   1   1   2   1
    GTA   1   2   2   2   2   2 |     GCA   6   5   6   6   6   6 | Glu GAA  23  23  23  22  21  23 |     GGA   8   8   8   8   8   8
    GTG   7   7   7   7   7   7 |     GCG   2   3   2   3   2   2 |     GAG   8   8   8   9  10   8 |     GGG   3   3   3   3   2   3
--------------------------------------------------------------------------------------------------------------------------------------

--------------------------------------------------------------------------------------------------------------------------------------
Phe TTT   6   6   6   6   6   6 | Ser TCT   6   8   6   6   5   8 | Tyr TAT   1   1   1   1   1   1 | Cys TGT   3   3   3   3   3   3
    TTC   3   3   3   3   3   3 |     TCC   6   4   6   6   7   5 |     TAC   3   3   3   3   3   3 |     TGC   2   2   2   2   2   2
Leu TTA   9   9   9   9   9   9 |     TCA   4   3   4   4   4   3 | *** TAA   0   0   0   0   0   0 | *** TGA   0   0   0   0   0   0
    TTG   2   1   2   2   2   2 |     TCG   0   1   0   0   0   0 |     TAG   0   0   0   0   0   0 | Trp TGG   1   1   1   1   1   1
--------------------------------------------------------------------------------------------------------------------------------------
Leu CTT   5   5   5   5   5   5 | Pro CCT   5   5   4   5   5   5 | His CAT   4   4   4   4   5   5 | Arg CGT   1   2   2   2   2   2
    CTC   2   2   2   2   2   2 |     CCC   2   2   2   2   2   2 |     CAC   4   4   4   4   3   3 |     CGC   2   2   2   2   2   2
    CTA   3   3   3   3   3   3 |     CCA   7   8   8   6   8   8 | Gln CAA   5   5   5   5   5   5 |     CGA   2   1   1   1   1   1
    CTG   4   5   4   4   4   4 |     CCG   1   0   1   2   0   0 |     CAG  12  12  12  12  12  12 |     CGG   1   1   1   1   1   1
--------------------------------------------------------------------------------------------------------------------------------------
Ile ATT   7   7   7   6   7   7 | Thr ACT   6   6   6   6   6   6 | Asn AAT   5   5   5   4   5   5 | Ser AGT   5   5   5   4   5   5
    ATC   7   7   7   8   7   7 |     ACC   1   1   1   1   1   1 |     AAC   1   1   1   2   1   1 |     AGC   2   2   2   3   2   2
    ATA   5   5   5   5   5   5 |     ACA   8   8   8   8   7   8 | Lys AAA  14  14  14  14  14  14 | Arg AGA   4   4   4   4   3   4
Met ATG   7   7   7   7   7   7 |     ACG   0   0   0   0   1   0 |     AAG   6   6   6   6   6   6 |     AGG   0   0   0   0   1   0
--------------------------------------------------------------------------------------------------------------------------------------
Val GTT   9   9   9   8   9  10 | Ala GCT   4   4   4   4   4   4 | Asp GAT  23  23  22  22  23  24 | Gly GGT   4   3   4   4   4   4
    GTC   7   7   7   8   7   6 |     GCC   4   4   4   4   4   4 |     GAC   7   7   8   8   7   6 |     GGC   1   3   1   1   1   1
    GTA   1   2   2   2   2   2 |     GCA   6   6   5   6   5   6 | Glu GAA  23  23  23  23  23  25 |     GGA   8   7   8   8   8   8
    GTG   8   7   7   7   7   7 |     GCG   2   2   3   2   3   2 |     GAG   8   8   8   8   8   6 |     GGG   3   3   3   3   3   3
--------------------------------------------------------------------------------------------------------------------------------------

--------------------------------------------------------------------------------------------------------------------------------------
Phe TTT   6   6   7   5   5   6 | Ser TCT   9   6   9   8   8   6 | Tyr TAT   1   1   1   1   1   1 | Cys TGT   3   3   3   3   3   3
    TTC   3   3   2   4   4   3 |     TCC   4   6   4   5   4   6 |     TAC   3   3   3   3   3   3 |     TGC   2   2   2   2   2   2
Leu TTA   9   9   9   9   9   9 |     TCA   2   4   2   2   3   4 | *** TAA   0   0   0   0   0   0 | *** TGA   0   0   0   0   0   0
    TTG   2   2   2   2   1   2 |     TCG   1   0   1   1   1   0 |     TAG   0   0   0   0   0   0 | Trp TGG   1   1   1   1   1   1
--------------------------------------------------------------------------------------------------------------------------------------
Leu CTT   5   5   4   6   5   5 | Pro CCT   6   5   5   5   5   5 | His CAT   5   5   5   5   4   5 | Arg CGT   2   2   2   2   2   2
    CTC   3   2   2   1   2   2 |     CCC   1   2   2   2   2   2 |     CAC   3   3   3   3   4   3 |     CGC   2   2   2   2   2   2
    CTA   3   3   3   3   3   2 |     CCA   8   8   8   6   8   7 | Gln CAA   5   5   6   5   5   5 |     CGA   1   1   1   1   1   1
    CTG   3   4   5   4   5   5 |     CCG   0   0   0   2   0   1 |     CAG  12  12  11  12  12  12 |     CGG   1   1   1   1   1   1
--------------------------------------------------------------------------------------------------------------------------------------
Ile ATT   7   7   7   8   6   7 | Thr ACT   6   6   4   6   6   6 | Asn AAT   4   5   5   5   5   5 | Ser AGT   5   5   5   5   5   5
    ATC   7   7   7   6   8   7 |     ACC   1   1   2   1   1   1 |     AAC   2   1   1   1   1   1 |     AGC   2   2   2   2   2   2
    ATA   5   5   5   5   5   5 |     ACA   8   8   8   7   8   8 | Lys AAA  14  14  14  13  14  15 | Arg AGA   4   3   4   4   4   4
Met ATG   7   7   7   7   7   7 |     ACG   0   0   1   1   0   0 |     AAG   6   6   6   7   6   5 |     AGG   0   1   0   0   0   0
--------------------------------------------------------------------------------------------------------------------------------------
Val GTT   9   9   9   9   9   9 | Ala GCT   4   4   4   4   4   5 | Asp GAT  23  22  23  24  22  24 | Gly GGT   4   4   4   3   3   4
    GTC   7   7   7   7   7   7 |     GCC   4   4   4   4   4   4 |     GAC   7   8   7   6   8   6 |     GGC   1   1   1   3   3   1
    GTA   2   2   2   2   2   2 |     GCA   6   6   7   7   6   6 | Glu GAA  24  23  23  23  23  23 |     GGA   8   8   8   7   7   8
    GTG   7   7   7   7   7   7 |     GCG   2   2   1   1   2   1 |     GAG   7   8   8   8   8   8 |     GGG   3   3   3   3   3   3
--------------------------------------------------------------------------------------------------------------------------------------

--------------------------------------------------------------------------------------------------------------------------------------
Phe TTT   6   6   6   5   6   6 | Ser TCT   6   7   6   8   7   7 | Tyr TAT   1   1   1   0   2   2 | Cys TGT   3   3   3   3   3   3
    TTC   3   3   3   4   3   3 |     TCC   6   5   7   4   5   5 |     TAC   3   3   3   4   2   2 |     TGC   2   2   2   2   2   2
Leu TTA   9   8   9   8   8   8 |     TCA   4   3   3   4   3   3 | *** TAA   0   0   0   0   0   0 | *** TGA   0   0   0   0   0   0
    TTG   2   3   2   2   3   3 |     TCG   0   1   0   0   1   1 |     TAG   0   0   0   0   0   0 | Trp TGG   1   1   1   1   1   1
--------------------------------------------------------------------------------------------------------------------------------------
Leu CTT   5   5   5   5   5   5 | Pro CCT   5   5   5   6   5   4 | His CAT   4   5   5   5   5   5 | Arg CGT   1   2   2   2   2   2
    CTC   2   2   2   2   2   2 |     CCC   2   2   2   2   2   2 |     CAC   4   3   3   3   3   3 |     CGC   2   2   2   2   2   2
    CTA   3   4   3   4   5   4 |     CCA   8   7   7   6   8   8 | Gln CAA   5   5   5   5   5   5 |     CGA   1   2   1   1   1   1
    CTG   4   3   4   4   2   3 |     CCG   0   1   1   1   0   1 |     CAG  12  12  12  12  12  12 |     CGG   2   1   1   1   1   1
--------------------------------------------------------------------------------------------------------------------------------------
Ile ATT   7   7   7   6   8   7 | Thr ACT   6   6   5   6   6   6 | Asn AAT   5   5   5   5   5   5 | Ser AGT   5   4   4   4   5   5
    ATC   7   7   6   8   6   7 |     ACC   2   1   3   2   1   1 |     AAC   1   1   1   1   1   1 |     AGC   2   3   3   3   2   2
    ATA   5   5   5   5   5   5 |     ACA   7   8   7   6   8   8 | Lys AAA  14  14  13  15  14  14 | Arg AGA   3   3   4   4   4   4
Met ATG   7   7   7   7   7   7 |     ACG   0   0   0   0   0   0 |     AAG   6   6   7   5   6   6 |     AGG   1   0   0   0   0   0
--------------------------------------------------------------------------------------------------------------------------------------
Val GTT  10   8   9   9   9   9 | Ala GCT   4   3   4   4   4   4 | Asp GAT  21  20  22  22  22  22 | Gly GGT   4   4   4   4   4   4
    GTC   6   8   8   7   7   7 |     GCC   4   5   4   5   4   4 |     GAC   9  10   8   7   8   8 |     GGC   1   1   1   1   1   1
    GTA   2   2   2   0   2   2 |     GCA   6   6   6   5   5   5 | Glu GAA  24  23  20  22  23  23 |     GGA   8   8   8   8   8   8
    GTG   7   7   7   9   7   7 |     GCG   2   2   2   3   3   3 |     GAG   7   8  11  10   8   8 |     GGG   3   3   3   3   3   3
--------------------------------------------------------------------------------------------------------------------------------------

Codon position x base (3x4) table for each sequence.

#1: Argali         
position  1:    T:0.14901    C:0.20199    A:0.25828    G:0.39073
position  2:    T:0.28146    C:0.20530    A:0.38411    G:0.12914
position  3:    T:0.31457    C:0.17881    A:0.32450    G:0.18212
Average         T:0.24834    C:0.19536    A:0.32230    G:0.23400

#2: LesserMouseDeer
position  1:    T:0.15232    C:0.19868    A:0.25828    G:0.39073
position  2:    T:0.28146    C:0.20530    A:0.38411    G:0.12914
position  3:    T:0.28146    C:0.20199    A:0.31788    G:0.19868
Average         T:0.23841    C:0.20199    A:0.32009    G:0.23951

#3: LesserKudu     
position  1:    T:0.15232    C:0.19868    A:0.25828    G:0.39073
position  2:    T:0.28146    C:0.20530    A:0.38411    G:0.12914
position  3:    T:0.31788    C:0.17550    A:0.32781    G:0.17881
Average         T:0.25055    C:0.19316    A:0.32340    G:0.23289

#4: ForestMuskDeer2
position  1:    T:0.14901    C:0.20199    A:0.25497    G:0.39404
position  2:    T:0.28146    C:0.20530    A:0.38411    G:0.12914
position  3:    T:0.31457    C:0.18543    A:0.30464    G:0.19536
Average         T:0.24834    C:0.19757    A:0.31457    G:0.23951

#5: Camel          
position  1:    T:0.15563    C:0.19536    A:0.25828    G:0.39073
position  2:    T:0.28146    C:0.20530    A:0.38411    G:0.12914
position  3:    T:0.30795    C:0.18543    A:0.32450    G:0.18212
Average         T:0.24834    C:0.19536    A:0.32230    G:0.23400

#6: KillerWhale    
position  1:    T:0.15232    C:0.19536    A:0.26159    G:0.39073
position  2:    T:0.28146    C:0.20199    A:0.38411    G:0.13245
position  3:    T:0.32119    C:0.15894    A:0.35099    G:0.16887
Average         T:0.25166    C:0.18543    A:0.33223    G:0.23068

#7: DefassaWaterbuck
position  1:    T:0.15232    C:0.19868    A:0.25828    G:0.39073
position  2:    T:0.28146    C:0.20530    A:0.38411    G:0.12914
position  3:    T:0.30464    C:0.18874    A:0.32781    G:0.17881
Average         T:0.24614    C:0.19757    A:0.32340    G:0.23289

#8: Sheep          
position  1:    T:0.14901    C:0.20199    A:0.25828    G:0.39073
position  2:    T:0.28146    C:0.20530    A:0.38411    G:0.12914
position  3:    T:0.31126    C:0.18212    A:0.32450    G:0.18212
Average         T:0.24724    C:0.19647    A:0.32230    G:0.23400

#9: MaxwellsDuiker 
position  1:    T:0.15232    C:0.19868    A:0.25828    G:0.39073
position  2:    T:0.28146    C:0.20530    A:0.38411    G:0.12914
position  3:    T:0.31457    C:0.17881    A:0.32119    G:0.18543
Average         T:0.24945    C:0.19426    A:0.32119    G:0.23510

#10: GazellaPrzewalskyi
position  1:    T:0.15232    C:0.19868    A:0.25828    G:0.39073
position  2:    T:0.28146    C:0.20530    A:0.38411    G:0.12914
position  3:    T:0.30795    C:0.19205    A:0.31457    G:0.18543
Average         T:0.24724    C:0.19868    A:0.31898    G:0.23510

#11: MountainNyala  
position  1:    T:0.15232    C:0.19868    A:0.25828    G:0.39073
position  2:    T:0.28146    C:0.20530    A:0.38411    G:0.12914
position  3:    T:0.32119    C:0.17219    A:0.32781    G:0.17881
Average         T:0.25166    C:0.19205    A:0.32340    G:0.23289

#12: MuntiacusMuntjak
position  1:    T:0.15232    C:0.19868    A:0.25828    G:0.39073
position  2:    T:0.28146    C:0.20530    A:0.38411    G:0.12914
position  3:    T:0.31457    C:0.17550    A:0.32450    G:0.18543
Average         T:0.24945    C:0.19316    A:0.32230    G:0.23510

#13: goat           
position  1:    T:0.15232    C:0.19868    A:0.25828    G:0.39073
position  2:    T:0.28146    C:0.20530    A:0.38411    G:0.12914
position  3:    T:0.31126    C:0.17881    A:0.32450    G:0.18543
Average         T:0.24834    C:0.19426    A:0.32230    G:0.23510

#14: AfricanBuffalo 
position  1:    T:0.15232    C:0.19536    A:0.26159    G:0.39073
position  2:    T:0.28146    C:0.20530    A:0.38411    G:0.12914
position  3:    T:0.31126    C:0.18543    A:0.32119    G:0.18212
Average         T:0.24834    C:0.19536    A:0.32230    G:0.23400

#15: Topi           
position  1:    T:0.15232    C:0.19868    A:0.25828    G:0.39073
position  2:    T:0.28146    C:0.20530    A:0.38411    G:0.12914
position  3:    T:0.31457    C:0.17881    A:0.33113    G:0.17550
Average         T:0.24945    C:0.19426    A:0.32450    G:0.23179

#16: CommonDuiker   
position  1:    T:0.15232    C:0.19868    A:0.25828    G:0.39073
position  2:    T:0.28146    C:0.20530    A:0.38411    G:0.12914
position  3:    T:0.31457    C:0.17881    A:0.32450    G:0.18212
Average         T:0.24945    C:0.19426    A:0.32230    G:0.23400

#17: Suni           
position  1:    T:0.14901    C:0.20530    A:0.25497    G:0.39073
position  2:    T:0.28146    C:0.20530    A:0.38411    G:0.12914
position  3:    T:0.31788    C:0.18543    A:0.32450    G:0.17219
Average         T:0.24945    C:0.19868    A:0.32119    G:0.23068

#18: Springbuck     
position  1:    T:0.15232    C:0.19868    A:0.25828    G:0.39073
position  2:    T:0.28146    C:0.20530    A:0.38411    G:0.12914
position  3:    T:0.31126    C:0.18543    A:0.32450    G:0.17881
Average         T:0.24834    C:0.19647    A:0.32230    G:0.23289

#19: Okapi          
position  1:    T:0.15232    C:0.19868    A:0.25828    G:0.39073
position  2:    T:0.28146    C:0.20530    A:0.38411    G:0.12914
position  3:    T:0.31457    C:0.17550    A:0.33113    G:0.17881
Average         T:0.24945    C:0.19316    A:0.32450    G:0.23289

#20: Giraffe        
position  1:    T:0.14901    C:0.20199    A:0.25828    G:0.39073
position  2:    T:0.27815    C:0.20861    A:0.38411    G:0.12914
position  3:    T:0.32119    C:0.17550    A:0.31788    G:0.18543
Average         T:0.24945    C:0.19536    A:0.32009    G:0.23510

#21: TibetanAntelope
position  1:    T:0.15232    C:0.19868    A:0.25828    G:0.39073
position  2:    T:0.28146    C:0.20530    A:0.38411    G:0.12914
position  3:    T:0.31126    C:0.18212    A:0.32781    G:0.17881
Average         T:0.24834    C:0.19536    A:0.32340    G:0.23289

#22: Sitatunga      
position  1:    T:0.15232    C:0.19868    A:0.25828    G:0.39073
position  2:    T:0.28146    C:0.20530    A:0.38411    G:0.12914
position  3:    T:0.32450    C:0.16887    A:0.32781    G:0.17881
Average         T:0.25276    C:0.19095    A:0.32340    G:0.23289

#23: Oribi          
position  1:    T:0.15232    C:0.19868    A:0.25828    G:0.39073
position  2:    T:0.28146    C:0.20530    A:0.38411    G:0.12914
position  3:    T:0.30464    C:0.18874    A:0.32450    G:0.18212
Average         T:0.24614    C:0.19757    A:0.32230    G:0.23400

#24: BarbarySheep   
position  1:    T:0.15232    C:0.19868    A:0.25828    G:0.39073
position  2:    T:0.28146    C:0.20530    A:0.38411    G:0.12914
position  3:    T:0.30795    C:0.18874    A:0.31788    G:0.18543
Average         T:0.24724    C:0.19757    A:0.32009    G:0.23510

#25: Daviddeer      
position  1:    T:0.15232    C:0.19868    A:0.25828    G:0.39073
position  2:    T:0.28146    C:0.20530    A:0.38411    G:0.12914
position  3:    T:0.33444    C:0.16225    A:0.32781    G:0.17550
Average         T:0.25607    C:0.18874    A:0.32340    G:0.23179

#26: Reindeer       
position  1:    T:0.15232    C:0.19868    A:0.25828    G:0.39073
position  2:    T:0.28146    C:0.20530    A:0.38411    G:0.12914
position  3:    T:0.32781    C:0.16887    A:0.32450    G:0.17881
Average         T:0.25386    C:0.19095    A:0.32230    G:0.23289

#27: Ibex           
position  1:    T:0.15232    C:0.19868    A:0.25828    G:0.39073
position  2:    T:0.28146    C:0.20530    A:0.38411    G:0.12914
position  3:    T:0.30795    C:0.18212    A:0.32781    G:0.18212
Average         T:0.24724    C:0.19536    A:0.32340    G:0.23400

#28: GyrantGazelle  
position  1:    T:0.15232    C:0.19868    A:0.25828    G:0.39073
position  2:    T:0.28146    C:0.20530    A:0.38411    G:0.12914
position  3:    T:0.31788    C:0.17881    A:0.32450    G:0.17881
Average         T:0.25055    C:0.19426    A:0.32230    G:0.23289

#29: Hartebeest     
position  1:    T:0.15232    C:0.19868    A:0.25828    G:0.39073
position  2:    T:0.28146    C:0.20530    A:0.38411    G:0.12914
position  3:    T:0.31457    C:0.17881    A:0.32781    G:0.17881
Average         T:0.24945    C:0.19426    A:0.32340    G:0.23289

#30: Bongo          
position  1:    T:0.15232    C:0.19868    A:0.25828    G:0.39073
position  2:    T:0.28477    C:0.20199    A:0.38411    G:0.12914
position  3:    T:0.32119    C:0.17219    A:0.32781    G:0.17881
Average         T:0.25276    C:0.19095    A:0.32340    G:0.23289

#31: Gerenuk        
position  1:    T:0.15232    C:0.19868    A:0.25828    G:0.39073
position  2:    T:0.28146    C:0.20530    A:0.38411    G:0.12914
position  3:    T:0.30464    C:0.19205    A:0.32119    G:0.18212
Average         T:0.24614    C:0.19868    A:0.32119    G:0.23400

#32: CommonEland    
position  1:    T:0.15232    C:0.19868    A:0.25828    G:0.39073
position  2:    T:0.28146    C:0.20530    A:0.38411    G:0.12914
position  3:    T:0.32450    C:0.16887    A:0.33113    G:0.17550
Average         T:0.25276    C:0.19095    A:0.32450    G:0.23179

#33: MuntiacusReevesi
position  1:    T:0.15232    C:0.19868    A:0.25828    G:0.39073
position  2:    T:0.28146    C:0.20530    A:0.38411    G:0.12914
position  3:    T:0.31788    C:0.17219    A:0.32781    G:0.18212
Average         T:0.25055    C:0.19205    A:0.32340    G:0.23400

#34: HarveysDuiker  
position  1:    T:0.15232    C:0.19868    A:0.25497    G:0.39404
position  2:    T:0.28146    C:0.20530    A:0.38411    G:0.12914
position  3:    T:0.31126    C:0.18543    A:0.31457    G:0.18874
Average         T:0.24834    C:0.19647    A:0.31788    G:0.23731

#35: Pronghorn      
position  1:    T:0.15563    C:0.19536    A:0.25828    G:0.39073
position  2:    T:0.28146    C:0.20530    A:0.38411    G:0.12914
position  3:    T:0.30464    C:0.18874    A:0.31457    G:0.19205
Average         T:0.24724    C:0.19647    A:0.31898    G:0.23731

#36: BlueWildebeest 
position  1:    T:0.15232    C:0.19868    A:0.25828    G:0.39073
position  2:    T:0.28146    C:0.20530    A:0.38411    G:0.12914
position  3:    T:0.31788    C:0.17550    A:0.33113    G:0.17550
Average         T:0.25055    C:0.19316    A:0.32450    G:0.23179

#37: Gemsbok        
position  1:    T:0.15232    C:0.19868    A:0.25828    G:0.39073
position  2:    T:0.28146    C:0.20530    A:0.38411    G:0.12914
position  3:    T:0.31126    C:0.17881    A:0.32781    G:0.18212
Average         T:0.24834    C:0.19426    A:0.32340    G:0.23400

#38: Yak            
position  1:    T:0.14901    C:0.20199    A:0.25828    G:0.39073
position  2:    T:0.28146    C:0.20530    A:0.38411    G:0.12914
position  3:    T:0.31788    C:0.17881    A:0.32450    G:0.17881
Average         T:0.24945    C:0.19536    A:0.32230    G:0.23289

#39: BlueSheep      
position  1:    T:0.15232    C:0.19868    A:0.25828    G:0.39073
position  2:    T:0.28146    C:0.20530    A:0.38411    G:0.12914
position  3:    T:0.30795    C:0.18212    A:0.32781    G:0.18212
Average         T:0.24724    C:0.19536    A:0.32340    G:0.23400

#40: BohorReedbuck  
position  1:    T:0.15232    C:0.19868    A:0.25828    G:0.39073
position  2:    T:0.28146    C:0.20530    A:0.38411    G:0.12914
position  3:    T:0.29801    C:0.19536    A:0.32450    G:0.18212
Average         T:0.24393    C:0.19978    A:0.32230    G:0.23400

#41: KirksDik       
position  1:    T:0.15232    C:0.19868    A:0.25828    G:0.39073
position  2:    T:0.28146    C:0.20530    A:0.38411    G:0.12914
position  3:    T:0.31457    C:0.17881    A:0.32119    G:0.18543
Average         T:0.24945    C:0.19426    A:0.32119    G:0.23510

#42: RoeDeer        
position  1:    T:0.15232    C:0.19868    A:0.25828    G:0.39073
position  2:    T:0.28146    C:0.20530    A:0.38411    G:0.12914
position  3:    T:0.33113    C:0.16556    A:0.33444    G:0.16887
Average         T:0.25497    C:0.18985    A:0.32561    G:0.22958

#43: WhiteLippedDeer
position  1:    T:0.15232    C:0.19868    A:0.25828    G:0.39073
position  2:    T:0.28146    C:0.20530    A:0.38411    G:0.12914
position  3:    T:0.32781    C:0.17219    A:0.32781    G:0.17219
Average         T:0.25386    C:0.19205    A:0.32340    G:0.23068

#44: ThomsonGazelle 
position  1:    T:0.15232    C:0.19868    A:0.25828    G:0.39073
position  2:    T:0.28146    C:0.20530    A:0.38411    G:0.12914
position  3:    T:0.31457    C:0.17881    A:0.32781    G:0.17881
Average         T:0.24945    C:0.19426    A:0.32340    G:0.23289

#45: MuntiacusCrinifrons
position  1:    T:0.15232    C:0.19868    A:0.25828    G:0.39073
position  2:    T:0.28146    C:0.20530    A:0.38411    G:0.12914
position  3:    T:0.32119    C:0.16887    A:0.33113    G:0.17881
Average         T:0.25166    C:0.19095    A:0.32450    G:0.23289

#46: WhiteTailedDeer
position  1:    T:0.15232    C:0.19868    A:0.25828    G:0.39073
position  2:    T:0.28146    C:0.20530    A:0.38411    G:0.12914
position  3:    T:0.32781    C:0.17219    A:0.31126    G:0.18874
Average         T:0.25386    C:0.19205    A:0.31788    G:0.23620

#47: Cattle         
position  1:    T:0.14901    C:0.20199    A:0.25828    G:0.39073
position  2:    T:0.28146    C:0.20530    A:0.38411    G:0.12914
position  3:    T:0.30795    C:0.18874    A:0.32450    G:0.17881
Average         T:0.24614    C:0.19868    A:0.32230    G:0.23289

#48: RoyalAntelope  
position  1:    T:0.15232    C:0.19868    A:0.25828    G:0.39073
position  2:    T:0.28146    C:0.20530    A:0.38411    G:0.12914
position  3:    T:0.32450    C:0.17219    A:0.32781    G:0.17550
Average         T:0.25276    C:0.19205    A:0.32340    G:0.23179

#49: Steenbok       
position  1:    T:0.15232    C:0.19868    A:0.25828    G:0.39073
position  2:    T:0.28146    C:0.20530    A:0.38411    G:0.12914
position  3:    T:0.30795    C:0.18543    A:0.32781    G:0.17881
Average         T:0.24724    C:0.19647    A:0.32340    G:0.23289

#50: Impala         
position  1:    T:0.15232    C:0.20199    A:0.25497    G:0.39073
position  2:    T:0.28146    C:0.20530    A:0.38411    G:0.12914
position  3:    T:0.30132    C:0.19205    A:0.32450    G:0.18212
Average         T:0.24503    C:0.19978    A:0.32119    G:0.23400

#51: Klipspringer   
position  1:    T:0.15232    C:0.19868    A:0.25497    G:0.39404
position  2:    T:0.28146    C:0.20530    A:0.38411    G:0.12914
