1
52 1
Argali 0.000000 0.267400 0.095900 0.245400 0.053200 0.012700 0.094200 0.110700 0.081600 0.216300 0.052600 0.088700 0.039300 0.093800 0.152100 0.109400 0.111700 0.126900 0.087300 0.081600 0.067300 0.066900 0.199700 0.170500 0.059500 0.088300 0.039300 0.081600 0.116100 0.096300 0.228200 0.086900 0.254400 0.046000 0.087400 0.067800 0.046400 0.052900 0.111700 0.188600 0.224400 0.111300 0.181900 0.177500 0.067500 0.052700 0.060100 0.115900 0.109400 0.146300 0.081600 0.103100
LesserMous 0.267400 0.000000 0.273700 0.181800 0.282100 0.247400 0.288400 0.282200 0.254800 0.413200 0.288000 0.283500 0.253100 0.305800 0.315600 0.319400 0.211400 0.211500 0.288900 0.254800 0.264000 0.252800 0.333200 0.319900 0.298800 0.273000 0.253100 0.254200 0.306200 0.254700 0.428500 0.297100 0.433600 0.242700 0.273000 0.257000 0.254000 0.272400 0.285000 0.387900 0.362000 0.287700 0.368200 0.327800 0.255700 0.272500 0.271600 0.300000 0.262200 0.307700 0.254800 0.273700
LesserKudu 0.095900 0.273700 0.000000 0.232000 0.089900 0.095600 0.103700 0.127500 0.013200 0.202200 0.111000 0.075200 0.068200 0.110200 0.124500 0.126500 0.114000 0.113900 0.118900 0.013100 0.097800 0.104500 0.203100 0.157700 0.118700 0.120000 0.068200 0.013100 0.125500 0.026600 0.215100 0.118200 0.257200 0.061000 0.119200 0.040400 0.068400 0.082500 0.113300 0.192700 0.226900 0.129000 0.168900 0.164700 0.040200 0.082400 0.104700 0.134100 0.127000 0.148500 0.013100 0.033000
KillerWhal 0.245400 0.181800 0.232000 0.000000 0.240300 0.226100 0.265500 0.289100 0.214400 0.367100 0.246800 0.241600 0.213200 0.282700 0.272600 0.305900 0.172900 0.190800 0.229500 0.214400 0.251900 0.231100 0.330800 0.277300 0.256700 0.279700 0.213200 0.214000 0.293000 0.214900 0.380800 0.274200 0.387900 0.203600 0.249200 0.216100 0.213900 0.231100 0.253400 0.342700 0.359500 0.294500 0.324200 0.284800 0.215000 0.212600 0.259300 0.256800 0.259000 0.264800 0.214400 0.232000
DefassaWat 0.053200 0.282100 0.089900 0.240300 0.000000 0.053100 0.074200 0.103700 0.075600 0.184900 0.053400 0.090200 0.019700 0.088100 0.131900 0.088900 0.106200 0.121600 0.081600 0.075600 0.047100 0.053900 0.185600 0.148400 0.060400 0.082300 0.019700 0.075500 0.095500 0.090300 0.205300 0.081100 0.266700 0.026400 0.067400 0.061700 0.026500 0.006500 0.090700 0.190300 0.209100 0.090400 0.159800 0.155300 0.061300 0.046700 0.047000 0.110500 0.088900 0.140700 0.075600 0.097200
Sheep 0.012700 0.247400 0.095600 0.226100 0.053100 0.000000 0.093800 0.110400 0.081400 0.215500 0.052500 0.088400 0.039200 0.093500 0.151600 0.109100 0.111400 0.126600 0.087100 0.081400 0.067100 0.066800 0.199100 0.170000 0.059400 0.088100 0.039200 0.081300 0.115700 0.096000 0.227500 0.086700 0.253600 0.045900 0.087200 0.067600 0.046100 0.052700 0.111300 0.188000 0.223600 0.111000 0.181300 0.176900 0.067300 0.066300 0.059900 0.115600 0.109100 0.145800 0.081400 0.102800
MaxwellsDu 0.094200 0.288400 0.103700 0.265500 0.074200 0.093800 0.000000 0.126300 0.096500 0.176400 0.094800 0.133700 0.053100 0.032100 0.115500 0.102500 0.119600 0.112200 0.101900 0.096500 0.067500 0.081200 0.176200 0.171100 0.102100 0.103200 0.053100 0.096400 0.087500 0.111500 0.204600 0.032200 0.273000 0.059900 0.087400 0.097100 0.060200 0.081000 0.097200 0.188900 0.184100 0.111700 0.159200 0.162400 0.096600 0.080700 0.067100 0.146600 0.095100 0.147000 0.096500 0.103500
GazellaPrz 0.110700 0.282200 0.127500 0.289100 0.103700 0.110400 0.126300 0.000000 0.112500 0.218000 0.111100 0.127400 0.097200 0.140800 0.180100 0.110600 0.129300 0.129300 0.134400 0.112500 0.082000 0.119400 0.177000 0.171900 0.118800 0.088800 0.097200 0.112400 0.132200 0.127900 0.205400 0.125800 0.284900 0.104500 0.150000 0.090700 0.097400 0.096300 0.096900 0.215800 0.200200 0.112400 0.175500 0.163200 0.097600 0.111900 0.088800 0.165600 0.119200 0.133400 0.112500 0.135100
MountainNy 0.081600 0.254800 0.013200 0.214400 0.075600 0.081400 0.096500 0.112500 0.000000 0.186500 0.096500 0.061100 0.054200 0.110700 0.125000 0.127000 0.099100 0.114300 0.104200 0.000000 0.083300 0.090000 0.187200 0.142400 0.104000 0.105100 0.054200 0.000000 0.126000 0.013200 0.199300 0.103600 0.258300 0.047200 0.104400 0.026800 0.054400 0.068300 0.098500 0.177200 0.210600 0.129300 0.153800 0.149300 0.026700 0.068200 0.090100 0.119100 0.112100 0.133400 0.000000 0.019800
MuntiacusM 0.216300 0.413200 0.202200 0.367100 0.184900 0.215500 0.176400 0.218000 0.186500 0.000000 0.200600 0.194400 0.170000 0.207600 0.232500 0.243600 0.196100 0.221000 0.209700 0.186500 0.195600 0.209600 0.086200 0.116400 0.209000 0.236200 0.170000 0.186300 0.242100 0.203300 0.099100 0.183800 0.285400 0.178000 0.208900 0.187400 0.170400 0.192700 0.212700 0.121700 0.107200 0.226700 0.032000 0.108600 0.178400 0.185400 0.186200 0.243400 0.217700 0.176400 0.186500 0.193600
goat 0.052600 0.288000 0.111000 0.246800 0.053400 0.052500 0.094800 0.111100 0.096500 0.200600 0.000000 0.089200 0.039600 0.080200 0.138000 0.095200 0.127800 0.143400 0.059800 0.096500 0.067500 0.053300 0.201300 0.188200 0.006400 0.103200 0.039600 0.096400 0.101700 0.096800 0.230000 0.087500 0.290800 0.046300 0.087900 0.082500 0.046600 0.067100 0.097300 0.206200 0.208400 0.111600 0.183300 0.195200 0.082000 0.066900 0.060200 0.131700 0.109800 0.147000 0.096500 0.118400
AfricanBuf 0.088700 0.283500 0.075200 0.241600 0.090200 0.088400 0.133700 0.127400 0.061100 0.194400 0.089200 0.000000 0.075400 0.148400 0.133000 0.142100 0.121700 0.137300 0.142000 0.061100 0.097900 0.082300 0.179100 0.165900 0.096600 0.120000 0.075400 0.061100 0.148700 0.061300 0.207100 0.125900 0.249200 0.082600 0.126700 0.047800 0.075700 0.089800 0.098400 0.185300 0.202500 0.144700 0.161400 0.172900 0.047000 0.089700 0.090000 0.141700 0.119400 0.140800 0.061100 0.082300
Topi 0.039300 0.253100 0.068200 0.213200 0.019700 0.039200 0.053100 0.097200 0.054200 0.170000 0.039600 0.075400 0.000000 0.066500 0.123700 0.067400 0.083500 0.098400 0.060200 0.054200 0.026600 0.040000 0.185900 0.141400 0.046400 0.060900 0.000000 0.054200 0.073900 0.068500 0.198000 0.059900 0.240100 0.006600 0.046400 0.040600 0.006500 0.026300 0.068900 0.190500 0.210200 0.068600 0.152900 0.148300 0.040400 0.026300 0.033200 0.088100 0.067500 0.117800 0.054200 0.075300
CommonDuik 0.093800 0.305800 0.110200 0.282700 0.088100 0.093500 0.032100 0.140800 0.110700 0.207600 0.080200 0.148400 0.066500 0.000000 0.136600 0.094500 0.134100 0.118700 0.101500 0.110700 0.081300 0.095100 0.207100 0.186200 0.087300 0.117400 0.066500 0.110600 0.079800 0.125900 0.236300 0.019100 0.263000 0.073500 0.101800 0.111400 0.073600 0.094900 0.126500 0.203800 0.198900 0.126100 0.189500 0.193200 0.110800 0.094500 0.080900 0.161200 0.109100 0.177300 0.110700 0.117700
Suni 0.152100 0.315600 0.124500 0.272600 0.131900 0.151600 0.115500 0.180100 0.125000 0.232500 0.138000 0.133000 0.123700 0.136600 0.000000 0.177200 0.181300 0.180900 0.160700 0.125000 0.148000 0.139200 0.231800 0.235600 0.145700 0.170800 0.124100 0.124800 0.160500 0.125200 0.244400 0.129800 0.306600 0.116100 0.176800 0.141500 0.131800 0.123700 0.165400 0.219600 0.240300 0.197000 0.197300 0.226000 0.140800 0.138500 0.154900 0.160000 0.154100 0.192900 0.125000 0.147500
Springbuck 0.109400 0.319400 0.126500 0.305900 0.088900 0.109100 0.102500 0.110600 0.127000 0.243600 0.095200 0.142100 0.067400 0.094500 0.177200 0.000000 0.144200 0.128300 0.132700 0.127000 0.053300 0.110800 0.244200 0.222600 0.102500 0.046300 0.067400 0.126900 0.032300 0.142700 0.239900 0.109500 0.247600 0.074400 0.117700 0.104900 0.074800 0.096100 0.096700 0.266000 0.251600 0.053600 0.225300 0.229900 0.111900 0.095700 0.059900 0.163400 0.117600 0.179200 0.127000 0.149900
Okapi 0.111700 0.211400 0.114000 0.172900 0.106200 0.111400 0.119600 0.129300 0.099100 0.196100 0.127800 0.121700 0.083500 0.134100 0.181300 0.144200 0.000000 0.027300 0.135300 0.099100 0.114500 0.098500 0.180300 0.127700 0.135700 0.106500 0.083500 0.099000 0.151000 0.114400 0.208200 0.126900 0.207700 0.090800 0.104900 0.084700 0.083800 0.098300 0.146400 0.201900 0.204500 0.115600 0.162300 0.134700 0.069400 0.098200 0.121500 0.135300 0.105900 0.127500 0.099100 0.106200
Giraffe 0.126900 0.211500 0.113900 0.190800 0.121600 0.126600 0.112200 0.129300 0.114300 0.221000 0.143400 0.137300 0.098400 0.118700 0.180900 0.128300 0.027300 0.000000 0.151000 0.114300 0.114500 0.113600 0.188300 0.143300 0.151500 0.106500 0.098400 0.114200 0.135000 0.130000 0.233200 0.126900 0.207300 0.105700 0.120600 0.099800 0.098700 0.113400 0.146400 0.218500 0.212700 0.115600 0.186000 0.150300 0.099300 0.113300 0.121500 0.151100 0.105900 0.143100 0.114300 0.121600
TibetanAnt 0.087300 0.288900 0.118900 0.229500 0.081600 0.087100 0.101900 0.134400 0.104200 0.209700 0.059800 0.142000 0.060200 0.101500 0.160700 0.132700 0.135300 0.151000 0.000000 0.104200 0.089300 0.103200 0.209300 0.180100 0.066800 0.126000 0.060300 0.104100 0.139400 0.119400 0.221900 0.094500 0.283200 0.053100 0.080500 0.104900 0.067400 0.088400 0.120300 0.213800 0.234400 0.134900 0.191300 0.187100 0.104300 0.088100 0.096100 0.147000 0.132600 0.171100 0.104200 0.111100
Sitatunga 0.081600 0.254800 0.013100 0.214400 0.075600 0.081400 0.096500 0.112500 0.000000 0.186500 0.096500 0.061100 0.054200 0.110700 0.125000 0.127000 0.099100 0.114300 0.104200 0.000000 0.083300 0.090000 0.187200 0.142400 0.104000 0.105100 0.054200 0.000000 0.126000 0.013200 0.199300 0.103600 0.258400 0.047200 0.104400 0.026800 0.054400 0.068300 0.098500 0.177200 0.210600 0.129300 0.153800 0.149300 0.026700 0.068200 0.090100 0.119100 0.112100 0.133400 0.000000 0.019700
Oribi 0.067300 0.264000 0.097800 0.251900 0.047100 0.067100 0.067500 0.082000 0.083300 0.195600 0.067500 0.097900 0.026600 0.081300 0.148000 0.053300 0.114500 0.114500 0.089300 0.083300 0.000000 0.068200 0.196000 0.174900 0.074700 0.046600 0.026600 0.083300 0.059800 0.098300 0.208400 0.067300 0.250600 0.033300 0.074900 0.062000 0.033500 0.054100 0.054300 0.217300 0.220000 0.054200 0.178200 0.182000 0.068900 0.053900 0.019600 0.118600 0.075000 0.149300 0.083300 0.105200
BarbaryShe 0.066900 0.252800 0.104500 0.231100 0.053900 0.066800 0.081200 0.119400 0.090000 0.209600 0.053300 0.082300 0.040000 0.095100 0.139200 0.110800 0.098500 0.113600 0.103200 0.090000 0.068200 0.000000 0.194300 0.165100 0.060300 0.089500 0.040000 0.089900 0.117400 0.090200 0.239400 0.088100 0.273800 0.046800 0.088900 0.075600 0.033300 0.067800 0.090600 0.207300 0.218000 0.097700 0.192200 0.172000 0.075300 0.067600 0.060800 0.133000 0.081600 0.140200 0.090000 0.111900
Daviddeer 0.199700 0.333200 0.203100 0.330800 0.185600 0.199100 0.176200 0.177000 0.187200 0.086200 0.201300 0.179100 0.185900 0.207100 0.231800 0.244200 0.180300 0.188300 0.209300 0.187200 0.196000 0.194300 0.000000 0.080000 0.209700 0.203000 0.185900 0.187000 0.242500 0.203900 0.105300 0.183500 0.305900 0.193900 0.225800 0.188300 0.186400 0.184000 0.196900 0.128000 0.019000 0.214000 0.051300 0.072700 0.179300 0.201700 0.170800 0.243200 0.201900 0.193000 0.187200 0.194400
Reindeer 0.170500 0.319900 0.157700 0.277300 0.148400 0.170000 0.171100 0.171900 0.142400 0.116400 0.188200 0.165900 0.141400 0.186200 0.235600 0.222600 0.127700 0.143300 0.180100 0.142400 0.174900 0.165100 0.080000 0.000000 0.196600 0.181900 0.141400 0.142300 0.220900 0.158400 0.135600 0.178600 0.256400 0.149100 0.179900 0.143300 0.141800 0.140000 0.192100 0.114600 0.101200 0.192600 0.079300 0.006500 0.142600 0.156700 0.181900 0.179600 0.189100 0.163900 0.142400 0.149600
Ibex 0.059500 0.298800 0.118700 0.256700 0.060400 0.059400 0.102100 0.118800 0.104000 0.209000 0.006400 0.096600 0.046400 0.087300 0.145700 0.102500 0.135700 0.151500 0.066800 0.104000 0.074700 0.060300 0.209700 0.196600 0.000000 0.110700 0.046400 0.103900 0.109100 0.104300 0.238600 0.094700 0.300200 0.053300 0.095200 0.089800 0.053500 0.074200 0.104800 0.214500 0.216900 0.119300 0.191500 0.203700 0.089400 0.074000 0.067300 0.139400 0.117300 0.154900 0.104000 0.126100
GyrantGaze 0.088300 0.273000 0.120000 0.279700 0.082300 0.088100 0.103200 0.088800 0.105100 0.236200 0.103200 0.120000 0.060900 0.117400 0.170800 0.046300 0.106500 0.106500 0.126000 0.105100 0.046600 0.089500 0.203000 0.181900 0.110700 0.000000 0.060900 0.105000 0.066500 0.120400 0.215500 0.103000 0.223700 0.067900 0.096400 0.083500 0.068200 0.075000 0.089800 0.241300 0.227100 0.019900 0.201300 0.189000 0.090400 0.089200 0.053300 0.141000 0.081900 0.156500 0.105100 0.127500
Hartebeest 0.039300 0.253100 0.068200 0.213200 0.019700 0.039200 0.053100 0.097200 0.054200 0.170000 0.039600 0.075400 0.000000 0.066500 0.124100 0.067400 0.083500 0.098400 0.060300 0.054200 0.026600 0.040000 0.185900 0.141400 0.046400 0.060900 0.000000 0.054200 0.073900 0.068500 0.198000 0.059800 0.240100 0.006600 0.046400 0.040600 0.006500 0.026300 0.068900 0.190500 0.210200 0.068600 0.152900 0.148300 0.040400 0.026300 0.033200 0.088100 0.067500 0.117800 0.054200 0.075300
Bongo 0.081600 0.254200 0.013100 0.214000 0.075500 0.081300 0.096400 0.112400 0.000000 0.186300 0.096400 0.061100 0.054200 0.110600 0.124800 0.126900 0.099000 0.114200 0.104100 0.000000 0.083300 0.089900 0.187000 0.142300 0.103900 0.105000 0.054200 0.000000 0.125900 0.013200 0.199000 0.103500 0.258000 0.047100 0.104300 0.026800 0.054400 0.068300 0.098500 0.177000 0.210400 0.129200 0.153700 0.149200 0.026600 0.068200 0.090100 0.118900 0.112000 0.133300 0.000000 0.019800
Gerenuk 0.116100 0.306200 0.125500 0.293000 0.095500 0.115700 0.087500 0.132200 0.126000 0.242100 0.101700 0.148700 0.073900 0.079800 0.160500 0.032300 0.151000 0.135000 0.139400 0.126000 0.059800 0.117400 0.242500 0.220900 0.109100 0.066500 0.073900 0.125900 0.000000 0.141600 0.255300 0.094400 0.254700 0.080900 0.124300 0.111600 0.081300 0.102700 0.103300 0.264400 0.232900 0.074100 0.223800 0.228200 0.118500 0.102300 0.066400 0.154300 0.124300 0.202200 0.126000 0.148700
CommonElan 0.096300 0.254700 0.026600 0.214900 0.090300 0.096000 0.111500 0.127900 0.013200 0.203300 0.096800 0.061300 0.068500 0.125900 0.125200 0.142700 0.114400 0.130000 0.119400 0.013200 0.098300 0.090200 0.203900 0.158400 0.104300 0.120400 0.068500 0.013200 0.141600 0.000000 0.216000 0.118700 0.259300 0.061300 0.119600 0.040600 0.068700 0.082900 0.098800 0.193600 0.227800 0.145300 0.169700 0.165400 0.040400 0.082800 0.105200 0.134500 0.127500 0.149000 0.013200 0.033300
MuntiacusR 0.228200 0.428500 0.215100 0.380800 0.205300 0.227500 0.204600 0.205400 0.199300 0.099100 0.230000 0.207100 0.198000 0.236300 0.244400 0.239900 0.208200 0.233200 0.221900 0.199300 0.208400 0.239400 0.105300 0.135600 0.238600 0.215500 0.198000 0.199000 0.255300 0.216000 0.000000 0.212000 0.266900 0.206100 0.213000 0.192000 0.198500 0.196100 0.225500 0.155400 0.126600 0.226500 0.063800 0.127700 0.191200 0.213700 0.199000 0.238100 0.230800 0.189100 0.199300 0.206400
HarveysDui 0.086900 0.297100 0.118200 0.274200 0.081100 0.086700 0.032200 0.125800 0.103600 0.183800 0.087500 0.125900 0.059900 0.019100 0.129800 0.109500 0.126900 0.126900 0.094500 0.103600 0.067300 0.088100 0.183500 0.178600 0.094700 0.103000 0.059800 0.103500 0.094400 0.118700 0.212000 0.000000 0.255300 0.066700 0.094600 0.104200 0.067300 0.087900 0.111700 0.180600 0.191400 0.111300 0.166500 0.185600 0.103700 0.087600 0.067000 0.153900 0.087700 0.169800 0.103600 0.110600
Pronghorn 0.254400 0.433600 0.257200 0.387900 0.266700 0.253600 0.273000 0.284900 0.258300 0.285400 0.290800 0.249200 0.240100 0.263000 0.306600 0.247600 0.207700 0.207300 0.283200 0.258400 0.250600 0.273800 0.305900 0.256400 0.300200 0.223700 0.240100 0.258000 0.254700 0.259300 0.266900 0.255300 0.000000 0.248600 0.264700 0.233400 0.240700 0.257400 0.286200 0.303400 0.332900 0.247600 0.269200 0.263700 0.240800 0.256800 0.257900 0.238600 0.247300 0.271700 0.258300 0.265800
BlueWildeb 0.046000 0.242700 0.061000 0.203600 0.026400 0.045900 0.059900 0.104500 0.047200 0.178000 0.046300 0.082600 0.006600 0.073500 0.116100 0.074400 0.090800 0.105700 0.053100 0.047200 0.033300 0.046800 0.193900 0.149100 0.053300 0.067900 0.006600 0.047100 0.080900 0.061300 0.206100 0.066700 0.248600 0.000000 0.053200 0.047500 0.013200 0.033000 0.076000 0.182400 0.218400 0.075700 0.160600 0.156000 0.047200 0.032900 0.040000 0.095300 0.074500 0.125200 0.047200 0.068000
Gemsbok 0.087400 0.273000 0.119200 0.249200 0.067400 0.087200 0.087400 0.150000 0.104400 0.208900 0.087900 0.126700 0.046400 0.101800 0.176800 0.117700 0.104900 0.120600 0.080500 0.104400 0.074900 0.088900 0.225800 0.179900 0.095200 0.096400 0.046400 0.104300 0.124300 0.119600 0.213000 0.094600 0.264700 0.053200 0.000000 0.090200 0.053500 0.074200 0.120200 0.229900 0.251300 0.104800 0.190800 0.186900 0.089700 0.074000 0.081700 0.124500 0.074300 0.140100 0.104400 0.111400
Yak 0.067800 0.257000 0.040400 0.216100 0.061700 0.067600 0.097100 0.090700 0.026800 0.187400 0.082500 0.047800 0.040600 0.111400 0.141500 0.104900 0.084700 0.099800 0.104900 0.026800 0.062000 0.075600 0.188300 0.143300 0.089800 0.083500 0.040600 0.026800 0.111600 0.040600 0.192000 0.104200 0.233400 0.047500 0.090200 0.000000 0.040700 0.054500 0.076800 0.194400 0.212000 0.106900 0.154600 0.150200 0.013300 0.054500 0.068800 0.104700 0.097800 0.118900 0.026800 0.047400
BlueSheep 0.046400 0.254000 0.068400 0.213900 0.026500 0.046100 0.060200 0.097400 0.054400 0.170400 0.046600 0.075700 0.006500 0.073600 0.131800 0.074800 0.083800 0.098700 0.067400 0.054400 0.033500 0.033300 0.186400 0.141800 0.053500 0.068200 0.006500 0.054400 0.081300 0.068700 0.198500 0.067300 0.240700 0.013200 0.053500 0.040700 0.000000 0.033200 0.069100 0.199400 0.210700 0.076100 0.153300 0.148700 0.040500 0.033100 0.040200 0.095800 0.074900 0.118200 0.054400 0.075500
BohorReedb 0.052900 0.272400 0.082500 0.231100 0.006500 0.052700 0.081000 0.096300 0.068300 0.192700 0.067100 0.089800 0.026300 0.094900 0.123700 0.096100 0.098300 0.113400 0.088400 0.068300 0.054100 0.067800 0.184000 0.140000 0.074200 0.075000 0.026300 0.068300 0.102700 0.082900 0.196100 0.087900 0.257400 0.033000 0.074200 0.054500 0.033200 0.000000 0.098200 0.188600 0.208000 0.097800 0.151300 0.146800 0.054300 0.053100 0.060800 0.102600 0.096200 0.132900 0.068300 0.089700
KirksDik 0.111700 0.285000 0.113300 0.253400 0.090700 0.111300 0.097200 0.096900 0.098500 0.212700 0.097300 0.098400 0.068900 0.126500 0.165400 0.096700 0.146400 0.146400 0.120300 0.098500 0.054300 0.090600 0.196900 0.192100 0.104800 0.089800 0.068900 0.098500 0.103300 0.098800 0.225500 0.111700 0.286200 0.076000 0.120200 0.076800 0.069100 0.098200 0.000000 0.236900 0.220900 0.098400 0.194900 0.182800 0.083800 0.097800 0.061000 0.166800 0.105200 0.165700 0.098500 0.120900
RoeDeer 0.188600 0.387900 0.192700 0.342700 0.190300 0.188000 0.188900 0.215800 0.177200 0.121700 0.206200 0.185300 0.190500 0.203800 0.219600 0.266000 0.201900 0.218500 0.213800 0.177200 0.217300 0.207300 0.128000 0.114600 0.214500 0.241300 0.190500 0.177000 0.264400 0.193600 0.155400 0.180600 0.303400 0.182400 0.229900 0.194400 0.199400 0.188600 0.236900 0.000000 0.150200 0.253000 0.084800 0.107000 0.193500 0.206100 0.208200 0.230000 0.222800 0.182800 0.177200 0.184300
WhiteLippe 0.224400 0.362000 0.226900 0.359500 0.209100 0.223600 0.184100 0.200200 0.210600 0.107200 0.208400 0.202500 0.210200 0.198900 0.240300 0.251600 0.204500 0.212700 0.234400 0.210600 0.220000 0.218000 0.019000 0.101200 0.216900 0.227100 0.210200 0.210400 0.232900 0.227800 0.126600 0.191400 0.332900 0.218400 0.251300 0.212000 0.210700 0.208000 0.220900 0.150200 0.000000 0.238600 0.071400 0.093600 0.202600 0.226500 0.194000 0.269600 0.225700 0.199300 0.210600 0.217900
ThomsonGaz 0.111300 0.287700 0.129000 0.294500 0.090400 0.111000 0.111700 0.112400 0.129300 0.226700 0.111600 0.144700 0.068600 0.126100 0.197000 0.053600 0.115600 0.115600 0.134900 0.129300 0.054200 0.097700 0.214000 0.192600 0.119300 0.019900 0.068600 0.129200 0.074100 0.145300 0.226500 0.111300 0.247600 0.075700 0.104800 0.106900 0.076100 0.097800 0.098400 0.253000 0.238600 0.000000 0.212000 0.199800 0.114000 0.097500 0.060900 0.166300 0.089900 0.166400 0.129300 0.152600
MuntiacusC 0.181900 0.368200 0.168900 0.324200 0.159800 0.181300 0.159200 0.175500 0.153800 0.032000 0.183300 0.161400 0.152900 0.189500 0.197300 0.225300 0.162300 0.186000 0.191300 0.153800 0.178200 0.192200 0.051300 0.079300 0.191500 0.201300 0.152900 0.153700 0.223800 0.169700 0.063800 0.166500 0.269200 0.160600 0.190800 0.154600 0.153300 0.151300 0.194900 0.084800 0.071400 0.212000 0.000000 0.072100 0.146100 0.167900 0.169200 0.207300 0.200100 0.144400 0.153800 0.160800
WhiteTaile 0.177500 0.327800 0.164700 0.284800 0.155300 0.176900 0.162400 0.163200 0.149300 0.108600 0.195200 0.172900 0.148300 0.193200 0.226000 0.229900 0.134700 0.150300 0.187100 0.149300 0.182000 0.172000 0.072700 0.006500 0.203700 0.189000 0.148300 0.149200 0.228200 0.165400 0.127700 0.185600 0.263700 0.156000 0.186900 0.150200 0.148700 0.146800 0.182800 0.107000 0.093600 0.199800 0.072100 0.000000 0.149500 0.163600 0.189000 0.186600 0.196100 0.155200 0.149300 0.156500
Cattle 0.067500 0.255700 0.040200 0.215000 0.061300 0.067300 0.096600 0.097600 0.026700 0.178400 0.082000 0.047000 0.040400 0.110800 0.140800 0.111900 0.069400 0.099300 0.104300 0.026700 0.068900 0.075300 0.179300 0.142600 0.089400 0.090400 0.040400 0.026600 0.118500 0.040400 0.191200 0.103700 0.240800 0.047200 0.089700 0.013300 0.040500 0.054300 0.083800 0.193500 0.202600 0.114000 0.146100 0.149500 0.000000 0.054200 0.075700 0.104100 0.097300 0.118300 0.026700 0.047100
RoyalAntel 0.052700 0.272500 0.082400 0.212600 0.046700 0.066300 0.080700 0.111900 0.068200 0.185400 0.066900 0.089700 0.026300 0.094500 0.138500 0.095700 0.098200 0.113300 0.088100 0.068200 0.053900 0.067600 0.201700 0.156700 0.074000 0.089200 0.026300 0.068200 0.102300 0.082800 0.213700 0.087600 0.256800 0.032900 0.074000 0.054500 0.033100 0.053100 0.097800 0.206100 0.226500 0.097500 0.167900 0.163600 0.054200 0.000000 0.060600 0.102500 0.081500 0.132700 0.068200 0.089600
Steenbok 0.060100 0.271600 0.104700 0.259300 0.047000 0.059900 0.067100 0.088800 0.090100 0.186200 0.060200 0.090000 0.033200 0.080900 0.154900 0.059900 0.121500 0.121500 0.096100 0.090100 0.019600 0.060800 0.170800 0.181900 0.067300 0.053300 0.033200 0.090100 0.066400 0.105200 0.199000 0.067000 0.257900 0.040000 0.081700 0.068800 0.040200 0.060800 0.061000 0.208200 0.194000 0.060900 0.169200 0.189000 0.075700 0.060600 0.000000 0.125500 0.081700 0.156200 0.090100 0.112100
Impala 0.115900 0.300000 0.134100 0.256800 0.110500 0.115600 0.146600 0.165600 0.119100 0.243400 0.131700 0.141700 0.088100 0.161200 0.160000 0.163400 0.135300 0.151100 0.147000 0.119100 0.118600 0.133000 0.243200 0.179600 0.139400 0.141000 0.088100 0.118900 0.154300 0.134500 0.238100 0.153900 0.238600 0.095300 0.124500 0.104700 0.095800 0.102600 0.166800 0.230000 0.269600 0.166300 0.207300 0.186600 0.104100 0.102500 0.125500 0.000000 0.148000 0.186800 0.119100 0.141700
Klipspring 0.109400 0.262200 0.127000 0.259000 0.088900 0.109100 0.095100 0.119200 0.112100 0.217700 0.109800 0.119400 0.067500 0.109100 0.154100 0.117600 0.105900 0.105900 0.132600 0.112100 0.075000 0.081600 0.201900 0.189100 0.117300 0.081900 0.067500 0.112000 0.124300 0.127500 0.230800 0.087700 0.247300 0.074500 0.074300 0.097800 0.074900 0.096200 0.105200 0.222800 0.225700 0.089900 0.200100 0.196100 0.097300 0.081500 0.081700 0.148000 0.000000 0.132600 0.112100 0.134600
ForestMusk 0.146300 0.307700 0.148500 0.264800 0.140700 0.145800 0.147000 0.133400 0.133400 0.176400 0.147000 0.140800 0.117800 0.177300 0.192900 0.179200 0.127500 0.143100 0.171100 0.133400 0.149300 0.140200 0.193000 0.163900 0.154900 0.156500 0.117800 0.133300 0.202200 0.149000 0.189100 0.169800 0.271700 0.125200 0.140100 0.118900 0.118200 0.132900 0.165700 0.182800 0.199300 0.166400 0.144400 0.155200 0.118300 0.132700 0.156200 0.186800 0.132600 0.000000 0.133400 0.156100
Bushbuck 0.081600 0.254800 0.013100 0.214400 0.075600 0.081400 0.096500 0.112500 0.000000 0.186500 0.096500 0.061100 0.054200 0.110700 0.125000 0.127000 0.099100 0.114300 0.104200 0.000000 0.083300 0.090000 0.187200 0.142400 0.104000 0.105100 0.054200 0.000000 0.126000 0.013200 0.199300 0.103600 0.258300 0.047200 0.104400 0.026800 0.054400 0.068300 0.098500 0.177200 0.210600 0.129300 0.153800 0.149300 0.026700 0.068200 0.090100 0.119100 0.112100 0.133400 0.000000 0.019700
GreaterKud 0.103100 0.273700 0.033000 0.232000 0.097200 0.102800 0.103500 0.135100 0.019800 0.193600 0.118400 0.082300 0.075300 0.117700 0.147500 0.149900 0.106200 0.121600 0.111100 0.019700 0.105200 0.111900 0.194400 0.149600 0.126100 0.127500 0.075300 0.019800 0.148700 0.033300 0.206400 0.110600 0.265800 0.068000 0.111400 0.047400 0.075500 0.089700 0.120900 0.184300 0.217900 0.152600 0.160800 0.156500 0.047100 0.089600 0.112100 0.141700 0.134600 0.156100 0.019700 0.000000
