1
52 1
Argali 0.000000 0.177000 0.052000 0.118600 0.054700 0.000000 0.039200 0.039300 0.051900 0.106900 0.012100 0.046800 0.019400 0.041500 0.036900 0.056900 0.067400 0.067600 0.019400 0.051800 0.059700 0.007200 0.137600 0.117700 0.014600 0.056800 0.019400 0.046800 0.059300 0.049400 0.106900 0.046700 0.161800 0.019400 0.019300 0.039300 0.007200 0.049500 0.067600 0.123500 0.132100 0.054200 0.106900 0.115100 0.039400 0.051700 0.074900 0.026800 0.049600 0.093900 0.049300 0.046900
LesserMous 0.177000 0.000000 0.193300 0.194100 0.218800 0.177000 0.174500 0.177600 0.193100 0.214000 0.186900 0.186600 0.177300 0.176600 0.196600 0.195100 0.193000 0.181700 0.177800 0.186800 0.195900 0.180300 0.252700 0.232900 0.190200 0.201100 0.180300 0.186900 0.207200 0.184100 0.208000 0.180100 0.283500 0.174200 0.179900 0.177900 0.180200 0.211900 0.196600 0.230400 0.250400 0.204100 0.214200 0.230100 0.178500 0.197900 0.204100 0.189800 0.205100 0.193500 0.189900 0.177800
LesserKudu 0.052000 0.193300 0.000000 0.144000 0.078400 0.052000 0.072600 0.062300 0.014500 0.104600 0.059900 0.036800 0.057100 0.074900 0.065100 0.090900 0.070100 0.059900 0.062500 0.014400 0.083500 0.054600 0.135400 0.115400 0.062600 0.096200 0.057100 0.014400 0.093500 0.012100 0.104600 0.075000 0.165400 0.052000 0.057100 0.036900 0.054600 0.072900 0.091700 0.121300 0.129800 0.093500 0.104600 0.115600 0.037000 0.080200 0.093600 0.064900 0.078300 0.102300 0.012100 0.017000
KillerWhal 0.118600 0.194100 0.144000 0.000000 0.150500 0.118600 0.113200 0.121600 0.138300 0.193000 0.121900 0.140900 0.116100 0.115300 0.130500 0.137800 0.149900 0.139100 0.124700 0.138000 0.132900 0.121500 0.233700 0.204900 0.124800 0.140500 0.121500 0.138000 0.146100 0.129800 0.187100 0.121000 0.237900 0.126900 0.126900 0.121500 0.121500 0.144300 0.150400 0.199500 0.227700 0.143300 0.193100 0.199200 0.121900 0.143100 0.154500 0.132800 0.144600 0.159100 0.135300 0.135300
DefassaWat 0.054700 0.218800 0.078400 0.150500 0.000000 0.054700 0.070300 0.070400 0.073100 0.107600 0.062800 0.067700 0.060000 0.072600 0.068000 0.080800 0.099800 0.094700 0.065300 0.078200 0.081200 0.057400 0.138700 0.118500 0.065500 0.086000 0.060000 0.073000 0.083300 0.075700 0.113200 0.078000 0.192700 0.059900 0.059900 0.065200 0.057400 0.029300 0.078600 0.124400 0.133100 0.083300 0.107700 0.118700 0.065400 0.077900 0.096700 0.062600 0.076000 0.110800 0.070400 0.075800
Sheep 0.000000 0.177000 0.052000 0.118600 0.054700 0.000000 0.039200 0.039300 0.051900 0.106900 0.012100 0.046800 0.019400 0.041500 0.036900 0.056900 0.067400 0.067600 0.019300 0.051800 0.059700 0.007200 0.137600 0.117700 0.014600 0.056800 0.019400 0.046800 0.059300 0.049400 0.106900 0.046700 0.161800 0.019400 0.019300 0.039300 0.007200 0.049500 0.067600 0.123500 0.132100 0.054200 0.106900 0.115100 0.039400 0.051700 0.074900 0.026800 0.049600 0.093900 0.049300 0.046900
MaxwellsDu 0.039200 0.174500 0.072600 0.113200 0.070300 0.039200 0.000000 0.044300 0.067400 0.120500 0.044400 0.062000 0.039300 0.016900 0.057200 0.064600 0.093700 0.088700 0.049500 0.072400 0.067500 0.041800 0.157500 0.131400 0.047000 0.064500 0.039300 0.067300 0.067100 0.070000 0.120500 0.026700 0.164700 0.039300 0.046800 0.059600 0.041800 0.064900 0.065000 0.140200 0.151900 0.061900 0.120600 0.126000 0.059700 0.066800 0.074800 0.051900 0.064900 0.104700 0.064700 0.067400
GazellaPrz 0.039300 0.177600 0.062300 0.121600 0.070400 0.039300 0.044300 0.000000 0.062300 0.117900 0.047000 0.057000 0.034300 0.044100 0.041900 0.056800 0.078000 0.072900 0.049600 0.057000 0.054600 0.041800 0.149200 0.123400 0.049700 0.061900 0.039300 0.062200 0.059300 0.059700 0.117900 0.046800 0.162200 0.039300 0.044300 0.049400 0.041800 0.065000 0.062400 0.132000 0.143600 0.059300 0.118000 0.126300 0.049600 0.067100 0.061900 0.049400 0.065100 0.094100 0.059600 0.059700
MountainNy 0.051900 0.193100 0.014500 0.138300 0.073100 0.051900 0.067400 0.062300 0.000000 0.104500 0.059900 0.036800 0.057100 0.069600 0.065100 0.085600 0.070100 0.059800 0.062400 0.009600 0.083400 0.054500 0.135300 0.115400 0.062500 0.090900 0.057100 0.004800 0.088200 0.012100 0.104500 0.075000 0.165400 0.052000 0.057000 0.036900 0.054500 0.067700 0.091600 0.121200 0.129800 0.088200 0.104600 0.115500 0.037000 0.080200 0.093500 0.064900 0.078300 0.102200 0.002400 0.012100
MuntiacusM 0.106900 0.214000 0.104600 0.193000 0.107600 0.106900 0.120500 0.117900 0.104500 0.000000 0.115500 0.099100 0.107100 0.120000 0.115700 0.123400 0.110100 0.110400 0.118300 0.104400 0.126600 0.109700 0.049200 0.036500 0.118400 0.131700 0.107100 0.104500 0.128800 0.096500 0.012000 0.120200 0.183700 0.104400 0.112300 0.096400 0.109700 0.115700 0.127200 0.044100 0.041700 0.126000 0.002400 0.044000 0.096600 0.123100 0.123600 0.115100 0.124300 0.110300 0.101700 0.096500
goat 0.012100 0.186900 0.059900 0.121900 0.062800 0.012100 0.044400 0.047000 0.059900 0.115500 0.000000 0.054600 0.026900 0.046800 0.044700 0.064800 0.075500 0.075800 0.026900 0.059800 0.062600 0.014600 0.146700 0.126500 0.002400 0.064800 0.026900 0.054700 0.067300 0.057300 0.115500 0.051900 0.171100 0.026800 0.026800 0.047100 0.009600 0.057400 0.075800 0.132500 0.141200 0.062200 0.115600 0.123900 0.047200 0.059600 0.083000 0.034400 0.057500 0.102400 0.057200 0.054800
AfricanBuf 0.046800 0.186600 0.036800 0.140900 0.067700 0.046800 0.062000 0.057000 0.036800 0.099100 0.054600 0.000000 0.051900 0.064300 0.059800 0.085500 0.062300 0.062500 0.057200 0.036800 0.078000 0.049300 0.129700 0.104400 0.057300 0.090700 0.051900 0.036800 0.088000 0.034300 0.099100 0.064500 0.148200 0.046800 0.049300 0.031800 0.049400 0.057200 0.080800 0.115600 0.124200 0.088000 0.099100 0.104500 0.031900 0.069600 0.077500 0.059600 0.062500 0.096700 0.034300 0.034400
Topi 0.019400 0.177300 0.057100 0.116100 0.060000 0.019400 0.039300 0.034300 0.057100 0.107100 0.026900 0.051900 0.000000 0.041600 0.037000 0.062100 0.067500 0.067700 0.029300 0.057000 0.065000 0.021800 0.143600 0.123400 0.029400 0.067200 0.009600 0.051900 0.064600 0.054600 0.107100 0.041700 0.151000 0.014500 0.024300 0.039300 0.021800 0.054700 0.067800 0.123600 0.138000 0.064600 0.107200 0.120800 0.039400 0.062000 0.075000 0.041900 0.054800 0.088800 0.054500 0.054600
CommonDuik 0.041500 0.176600 0.074900 0.115300 0.072600 0.041500 0.016900 0.044100 0.069600 0.120000 0.046800 0.064300 0.041600 0.000000 0.057000 0.066900 0.090600 0.085600 0.051800 0.074700 0.069800 0.044100 0.156800 0.130900 0.049300 0.066800 0.041600 0.069600 0.069400 0.072200 0.120000 0.019300 0.164000 0.046600 0.049100 0.061900 0.044100 0.067200 0.064700 0.139600 0.151200 0.064200 0.120100 0.125500 0.062000 0.069300 0.066800 0.054200 0.072500 0.101600 0.067000 0.069700
Suni 0.036900 0.196600 0.065100 0.130500 0.068000 0.036900 0.057200 0.041900 0.065100 0.115700 0.044700 0.059800 0.037000 0.057000 0.000000 0.070100 0.080900 0.075900 0.047200 0.065000 0.067900 0.039500 0.135600 0.121100 0.047300 0.070100 0.042000 0.059800 0.072600 0.062500 0.115700 0.059700 0.171400 0.041800 0.042000 0.052200 0.039500 0.062600 0.070600 0.132600 0.141300 0.067500 0.115700 0.118500 0.052400 0.064700 0.085700 0.039500 0.062800 0.097200 0.062400 0.062600
Springbuck 0.056900 0.195100 0.090900 0.137800 0.080800 0.056900 0.064600 0.056800 0.085600 0.123400 0.064800 0.085500 0.062100 0.066900 0.070100 0.000000 0.099000 0.099200 0.067400 0.090800 0.067000 0.059500 0.149300 0.123500 0.067500 0.019300 0.062000 0.085500 0.016900 0.088200 0.123500 0.072200 0.182400 0.062000 0.062000 0.072400 0.059500 0.080600 0.064800 0.126400 0.149300 0.016700 0.123500 0.118100 0.072600 0.085200 0.082500 0.072300 0.094000 0.123800 0.082900 0.088300
Okapi 0.067400 0.193000 0.070100 0.149900 0.099800 0.067400 0.093700 0.078000 0.070100 0.110100 0.075500 0.062300 0.067500 0.090600 0.080900 0.099000 0.000000 0.034200 0.072800 0.070000 0.105000 0.070000 0.144100 0.115600 0.078200 0.104300 0.072600 0.070000 0.101500 0.062300 0.104800 0.090800 0.151500 0.072600 0.072600 0.067600 0.070000 0.088800 0.108100 0.121400 0.130000 0.101500 0.110200 0.118500 0.067700 0.093500 0.099100 0.085900 0.094000 0.097100 0.067400 0.067600
Giraffe 0.067600 0.181700 0.059900 0.139100 0.094700 0.067600 0.088700 0.072900 0.059800 0.110400 0.075800 0.062500 0.067700 0.085600 0.075900 0.099200 0.034200 0.000000 0.078400 0.059800 0.097200 0.070300 0.141500 0.121400 0.078600 0.104500 0.072900 0.059800 0.107200 0.052200 0.105000 0.085800 0.168900 0.072900 0.072800 0.057400 0.070300 0.089100 0.108300 0.121700 0.130300 0.107200 0.110500 0.121600 0.057500 0.085700 0.099300 0.080900 0.088900 0.091900 0.057200 0.052200
TibetanAnt 0.019400 0.177800 0.062500 0.124700 0.065300 0.019300 0.049500 0.049600 0.062400 0.118300 0.026900 0.057200 0.029300 0.051800 0.047200 0.067400 0.072800 0.078400 0.000000 0.062300 0.070400 0.021900 0.149600 0.129300 0.029500 0.067300 0.029300 0.057200 0.069900 0.059800 0.118300 0.057000 0.168200 0.029300 0.029300 0.049600 0.021900 0.054800 0.075800 0.135200 0.144000 0.064700 0.118300 0.126700 0.049700 0.062100 0.080400 0.042000 0.060100 0.105100 0.059800 0.057300
Sitatunga 0.051800 0.186800 0.014400 0.138000 0.078200 0.051800 0.072400 0.057000 0.009600 0.104400 0.059800 0.036800 0.057000 0.074700 0.065000 0.090800 0.070000 0.059800 0.062300 0.000000 0.083300 0.054500 0.135200 0.115200 0.062400 0.096000 0.057000 0.009600 0.093300 0.012100 0.104400 0.072300 0.165200 0.051900 0.057000 0.036800 0.054500 0.072800 0.091500 0.121100 0.129600 0.093300 0.104500 0.115400 0.036900 0.080100 0.093400 0.064800 0.078200 0.102100 0.007200 0.012100
Oribi 0.059700 0.195900 0.083500 0.132900 0.081200 0.059700 0.067500 0.054600 0.083400 0.126600 0.062600 0.078000 0.065000 0.069800 0.067900 0.067000 0.105000 0.097200 0.070400 0.083300 0.000000 0.062400 0.152600 0.134900 0.065300 0.067200 0.065000 0.078100 0.064600 0.080800 0.132200 0.069900 0.177600 0.065000 0.064900 0.070300 0.062400 0.078300 0.065100 0.146500 0.152600 0.064400 0.126600 0.132200 0.070400 0.064700 0.080300 0.070100 0.086500 0.121700 0.080700 0.078200
BarbaryShe 0.007200 0.180300 0.054600 0.121500 0.057400 0.007200 0.041800 0.041800 0.054500 0.109700 0.014600 0.049300 0.021800 0.044100 0.039500 0.059500 0.070000 0.070300 0.021900 0.054500 0.062400 0.000000 0.140600 0.120600 0.017000 0.059400 0.016900 0.049400 0.062000 0.052000 0.109700 0.049300 0.164800 0.021800 0.016900 0.041800 0.009600 0.052100 0.070300 0.126400 0.135000 0.056800 0.109700 0.118000 0.041900 0.054300 0.077500 0.029300 0.052200 0.096700 0.051900 0.049500
Daviddeer 0.137600 0.252700 0.135400 0.233700 0.138700 0.137600 0.157500 0.149200 0.135300 0.049200 0.146700 0.129700 0.143600 0.156800 0.135600 0.149300 0.144100 0.141500 0.149600 0.135200 0.152600 0.140600 0.000000 0.062100 0.149800 0.157800 0.143600 0.135200 0.154900 0.132500 0.051900 0.151200 0.193700 0.135200 0.143300 0.126800 0.140600 0.147100 0.159100 0.075100 0.019300 0.152000 0.051800 0.064700 0.127100 0.154600 0.155300 0.146200 0.156000 0.141400 0.132400 0.127000
Reindeer 0.117700 0.232900 0.115400 0.204900 0.118500 0.117700 0.131400 0.123400 0.115400 0.036500 0.126500 0.104400 0.123400 0.130900 0.121100 0.123500 0.115600 0.121400 0.129300 0.115200 0.134900 0.120600 0.062100 0.000000 0.129500 0.131700 0.123400 0.115300 0.128900 0.107200 0.034100 0.131100 0.189500 0.115200 0.120500 0.107100 0.120600 0.126700 0.132600 0.036600 0.059500 0.126100 0.039000 0.016900 0.107400 0.134100 0.134600 0.126100 0.146700 0.121200 0.112500 0.112700
Ibex 0.014600 0.190200 0.062600 0.124800 0.065500 0.014600 0.047000 0.049700 0.062500 0.118400 0.002400 0.057300 0.029400 0.049300 0.047300 0.067500 0.078200 0.078600 0.029500 0.062400 0.065300 0.017000 0.149800 0.129500 0.000000 0.067400 0.029400 0.057300 0.070000 0.060000 0.118500 0.054600 0.174300 0.029400 0.029400 0.049700 0.012000 0.060100 0.078600 0.135500 0.144200 0.064800 0.118500 0.126900 0.049800 0.062200 0.085800 0.037000 0.060200 0.105300 0.059900 0.057400
GyrantGaze 0.056800 0.201100 0.096200 0.140500 0.086000 0.056800 0.064500 0.061900 0.090900 0.131700 0.064800 0.090700 0.067200 0.066800 0.070100 0.019300 0.104300 0.104500 0.067300 0.096000 0.067200 0.059400 0.157800 0.131700 0.067400 0.000000 0.067200 0.090700 0.021700 0.093500 0.131700 0.077300 0.182400 0.067200 0.067100 0.077600 0.059400 0.085800 0.069900 0.134700 0.157800 0.012000 0.131700 0.126300 0.077800 0.079900 0.082500 0.072200 0.093900 0.129200 0.088100 0.090900
Hartebeest 0.019400 0.180300 0.057100 0.121500 0.060000 0.019400 0.039300 0.039300 0.057100 0.107100 0.026900 0.051900 0.009600 0.041600 0.042000 0.062000 0.072600 0.072900 0.029300 0.057000 0.065000 0.016900 0.143600 0.123400 0.029400 0.067200 0.000000 0.051900 0.064500 0.054500 0.107100 0.041700 0.156500 0.014500 0.019400 0.044400 0.021800 0.054700 0.067800 0.129300 0.138000 0.064500 0.107100 0.120800 0.044500 0.061900 0.075000 0.041800 0.059900 0.094000 0.054500 0.054600
Bongo 0.046800 0.186900 0.014400 0.138000 0.073000 0.046800 0.067300 0.062200 0.004800 0.104500 0.054700 0.036800 0.051900 0.069600 0.059800 0.085500 0.070000 0.059800 0.057200 0.009600 0.078100 0.049400 0.135200 0.115300 0.057300 0.090700 0.051900 0.000000 0.088100 0.012100 0.104500 0.069700 0.165300 0.046800 0.051900 0.036800 0.049400 0.067600 0.086200 0.121100 0.129700 0.088000 0.104500 0.112700 0.036900 0.074900 0.088100 0.059700 0.072900 0.102100 0.007200 0.012100
Gerenuk 0.059300 0.207200 0.093500 0.146100 0.083300 0.059300 0.067100 0.059300 0.088200 0.128800 0.067300 0.088000 0.064600 0.069400 0.072600 0.016900 0.101500 0.107200 0.069900 0.093300 0.064600 0.062000 0.154900 0.128900 0.070000 0.021700 0.064500 0.088100 0.000000 0.090800 0.128800 0.074700 0.179300 0.064500 0.064500 0.080200 0.062000 0.083200 0.067300 0.137500 0.154900 0.019300 0.128900 0.123500 0.080400 0.087800 0.079800 0.074800 0.096500 0.126300 0.085400 0.090900
CommonElan 0.049400 0.184100 0.012100 0.129800 0.075700 0.049400 0.070000 0.059700 0.012100 0.096500 0.057300 0.034300 0.054600 0.072200 0.062500 0.088200 0.062300 0.052200 0.059800 0.012100 0.080800 0.052000 0.132500 0.107200 0.060000 0.093500 0.054500 0.012100 0.090800 0.000000 0.096500 0.072400 0.162400 0.049400 0.054500 0.029400 0.052000 0.070300 0.089000 0.110200 0.127000 0.090800 0.096500 0.107400 0.029400 0.077500 0.090900 0.062300 0.075700 0.088800 0.009700 0.014500
MuntiacusR 0.106900 0.208000 0.104600 0.187100 0.113200 0.106900 0.120500 0.117900 0.104500 0.012000 0.115500 0.099100 0.107100 0.120000 0.115700 0.123500 0.104800 0.105000 0.118300 0.104400 0.132200 0.109700 0.051900 0.034100 0.118500 0.131700 0.107100 0.104500 0.128800 0.096500 0.000000 0.120300 0.178100 0.104400 0.112300 0.096400 0.109700 0.118600 0.130100 0.041600 0.044300 0.126100 0.014400 0.039100 0.096600 0.128700 0.118200 0.115200 0.124400 0.107700 0.101700 0.096500
HarveysDui 0.046700 0.180100 0.075000 0.121000 0.078000 0.046700 0.026700 0.046800 0.075000 0.120200 0.051900 0.064500 0.041700 0.019300 0.059700 0.072200 0.090800 0.085800 0.057000 0.072300 0.069900 0.049300 0.151200 0.131100 0.054600 0.077300 0.041700 0.069700 0.074700 0.072400 0.120300 0.000000 0.164400 0.046700 0.049200 0.062000 0.049200 0.072500 0.064900 0.139900 0.148700 0.074700 0.120300 0.125800 0.062200 0.074600 0.072100 0.059500 0.077900 0.101800 0.072300 0.072500
Pronghorn 0.161800 0.283500 0.165400 0.237900 0.192700 0.161800 0.164700 0.162200 0.165400 0.183700 0.171100 0.148200 0.151000 0.164000 0.171400 0.182400 0.151500 0.168900 0.168200 0.165200 0.177600 0.164800 0.193700 0.189500 0.174300 0.182400 0.156500 0.165300 0.179300 0.162400 0.178100 0.164400 0.000000 0.153800 0.164700 0.156600 0.164900 0.186500 0.178300 0.204700 0.199600 0.179300 0.183800 0.186700 0.156900 0.182200 0.168700 0.182300 0.192900 0.177800 0.162300 0.162600
BlueWildeb 0.019400 0.174200 0.052000 0.126900 0.059900 0.019400 0.039300 0.039300 0.052000 0.104400 0.026800 0.046800 0.014500 0.046600 0.041800 0.062000 0.072600 0.072900 0.029300 0.051900 0.065000 0.021800 0.135200 0.115200 0.029400 0.067200 0.014500 0.046800 0.064500 0.049400 0.104400 0.046700 0.153800 0.000000 0.024300 0.039300 0.021800 0.054700 0.073000 0.121000 0.129700 0.064500 0.104500 0.112600 0.039400 0.061900 0.075000 0.041800 0.059900 0.099400 0.049400 0.049500
Gemsbok 0.019300 0.179900 0.057100 0.126900 0.059900 0.019300 0.046800 0.044300 0.057000 0.112300 0.026800 0.049300 0.024300 0.049100 0.042000 0.062000 0.072600 0.072800 0.029300 0.057000 0.064900 0.016900 0.143300 0.120500 0.029400 0.067100 0.019400 0.051900 0.064500 0.054500 0.112300 0.049200 0.164700 0.024300 0.000000 0.044300 0.021800 0.054600 0.065000 0.129100 0.137700 0.064500 0.112400 0.117900 0.044400 0.061900 0.077500 0.041800 0.059900 0.099300 0.054400 0.054500
Yak 0.039300 0.177900 0.036900 0.121500 0.065200 0.039300 0.059600 0.049400 0.036900 0.096400 0.047100 0.031800 0.039300 0.061900 0.052200 0.072400 0.067600 0.057400 0.049600 0.036800 0.070300 0.041800 0.126800 0.107100 0.049700 0.077600 0.044400 0.036800 0.080200 0.029400 0.096400 0.062000 0.156600 0.039300 0.044300 0.000000 0.041800 0.059900 0.078300 0.099100 0.121300 0.080200 0.096400 0.107200 0.004800 0.062000 0.085500 0.052000 0.065200 0.088700 0.034300 0.034400
BlueSheep 0.007200 0.180200 0.054600 0.121500 0.057400 0.007200 0.041800 0.041800 0.054500 0.109700 0.009600 0.049400 0.021800 0.044100 0.039500 0.059500 0.070000 0.070300 0.021900 0.054500 0.062400 0.009600 0.140600 0.120600 0.012000 0.059400 0.021800 0.049400 0.062000 0.052000 0.109700 0.049200 0.164900 0.021800 0.021800 0.041800 0.000000 0.052100 0.070300 0.126500 0.135100 0.056800 0.109800 0.118000 0.042000 0.054300 0.072400 0.029300 0.052200 0.096700 0.051900 0.049500
BohorReedb 0.049500 0.211900 0.072900 0.144300 0.029300 0.049500 0.064900 0.065000 0.067700 0.115700 0.057400 0.057200 0.054700 0.067200 0.062600 0.080600 0.088800 0.089100 0.054800 0.072800 0.078300 0.052100 0.147100 0.126700 0.060100 0.085800 0.054700 0.067600 0.083200 0.070300 0.118600 0.072500 0.186500 0.054700 0.054600 0.059900 0.052100 0.000000 0.078300 0.132600 0.141400 0.083200 0.115800 0.123800 0.060000 0.069900 0.091100 0.057200 0.065300 0.107600 0.065000 0.070300
KirksDik 0.067600 0.196600 0.091700 0.150400 0.078600 0.067600 0.065000 0.062400 0.091600 0.127200 0.075800 0.080800 0.067800 0.064700 0.070600 0.064800 0.108100 0.108300 0.075800 0.091500 0.065100 0.070300 0.159100 0.132600 0.078600 0.069900 0.067800 0.086200 0.067300 0.089000 0.130100 0.064900 0.178300 0.073000 0.065000 0.078300 0.070300 0.078300 0.000000 0.147100 0.159200 0.067300 0.127200 0.126900 0.078500 0.080500 0.077900 0.075400 0.094800 0.113400 0.088900 0.089000
RoeDeer 0.123500 0.230400 0.121300 0.199500 0.124400 0.123500 0.140200 0.132000 0.121200 0.044100 0.132500 0.115600 0.123600 0.139600 0.132600 0.126400 0.121400 0.121700 0.135200 0.121100 0.146500 0.126400 0.075100 0.036600 0.135500 0.134700 0.129300 0.121100 0.137500 0.110200 0.041600 0.139900 0.204700 0.121000 0.129100 0.099100 0.126500 0.132600 0.147100 0.000000 0.067300 0.134700 0.046600 0.039100 0.099300 0.134400 0.143400 0.132000 0.152800 0.124300 0.118300 0.118500
WhiteLippe 0.132100 0.250400 0.129800 0.227700 0.133100 0.132100 0.151900 0.143600 0.129800 0.041700 0.141200 0.124200 0.138000 0.151200 0.141300 0.149300 0.130000 0.130300 0.144000 0.129600 0.152600 0.135000 0.019300 0.059500 0.144200 0.157800 0.138000 0.129700 0.154900 0.127000 0.044300 0.148700 0.199600 0.129700 0.137700 0.121300 0.135100 0.141400 0.159200 0.067300 0.000000 0.152000 0.044200 0.067200 0.121700 0.148900 0.149600 0.140700 0.150300 0.130100 0.126900 0.121500
ThomsonGaz 0.054200 0.204100 0.093500 0.143300 0.083300 0.054200 0.061900 0.059300 0.088200 0.126000 0.062200 0.088000 0.064600 0.064200 0.067500 0.016700 0.101500 0.107200 0.064700 0.093300 0.064400 0.056800 0.152000 0.126100 0.064800 0.012000 0.064500 0.088000 0.019300 0.090800 0.126100 0.074700 0.179300 0.064500 0.064500 0.080200 0.056800 0.083200 0.067300 0.134700 0.152000 0.000000 0.126100 0.120700 0.080400 0.082500 0.079800 0.069600 0.091200 0.126400 0.085400 0.088200
MuntiacusC 0.106900 0.214200 0.104600 0.193100 0.107700 0.106900 0.120600 0.118000 0.104600 0.002400 0.115600 0.099100 0.107200 0.120100 0.115700 0.123500 0.110200 0.110500 0.118300 0.104500 0.126600 0.109700 0.051800 0.039000 0.118500 0.131700 0.107100 0.104500 0.128900 0.096500 0.014400 0.120300 0.183800 0.104500 0.112400 0.096400 0.109800 0.115800 0.127200 0.046600 0.044200 0.126100 0.000000 0.041600 0.096700 0.123100 0.123600 0.115200 0.124400 0.110400 0.101800 0.096500
WhiteTaile 0.115100 0.230100 0.115600 0.199200 0.118700 0.115100 0.126000 0.126300 0.115500 0.044000 0.123900 0.104500 0.120800 0.125500 0.118500 0.118100 0.118500 0.121600 0.126700 0.115400 0.132200 0.118000 0.064700 0.016900 0.126900 0.126300 0.120800 0.112700 0.123500 0.107400 0.039100 0.125800 0.186700 0.112600 0.117900 0.107200 0.118000 0.123800 0.126900 0.039100 0.067200 0.120700 0.041600 0.000000 0.107500 0.134300 0.129200 0.123500 0.144000 0.121100 0.112700 0.112900
Cattle 0.039400 0.178500 0.037000 0.121900 0.065400 0.039400 0.059700 0.049600 0.037000 0.096600 0.047200 0.031900 0.039400 0.062000 0.052400 0.072600 0.067700 0.057500 0.049700 0.036900 0.070400 0.041900 0.127100 0.107400 0.049800 0.077800 0.044500 0.036900 0.080400 0.029400 0.096600 0.062200 0.156900 0.039400 0.044400 0.004800 0.042000 0.060000 0.078500 0.099300 0.121700 0.080400 0.096700 0.107500 0.000000 0.062100 0.085700 0.052200 0.065300 0.089000 0.034400 0.034500
RoyalAntel 0.051700 0.197900 0.080200 0.143100 0.077900 0.051700 0.066800 0.067100 0.080200 0.123100 0.059600 0.069600 0.062000 0.069300 0.064700 0.085200 0.093500 0.085700 0.062100 0.080100 0.064700 0.054300 0.154600 0.134100 0.062200 0.079900 0.061900 0.074900 0.087800 0.077500 0.128700 0.074600 0.182200 0.061900 0.061900 0.062000 0.054300 0.069900 0.080500 0.134400 0.148900 0.082500 0.123100 0.134300 0.062100 0.000000 0.074800 0.059400 0.067400 0.118000 0.077500 0.075000
Steenbok 0.074900 0.204100 0.093600 0.154500 0.096700 0.074900 0.074800 0.061900 0.093500 0.123600 0.083000 0.077500 0.075000 0.066800 0.085700 0.082500 0.099100 0.099300 0.080400 0.093400 0.080300 0.077500 0.155300 0.134600 0.085800 0.082500 0.075000 0.088100 0.079800 0.090900 0.118200 0.072100 0.168700 0.075000 0.077500 0.085500 0.072400 0.091100 0.077900 0.143400 0.149600 0.079800 0.123600 0.129200 0.085700 0.074800 0.000000 0.085300 0.085900 0.126500 0.090800 0.090900
Impala 0.026800 0.189800 0.064900 0.132800 0.062600 0.026800 0.051900 0.049400 0.064900 0.115100 0.034400 0.059600 0.041900 0.054200 0.039500 0.072300 0.085900 0.080900 0.042000 0.064800 0.070100 0.029300 0.146200 0.126100 0.037000 0.072200 0.041800 0.059700 0.074800 0.062300 0.115200 0.059500 0.182300 0.041800 0.041800 0.052000 0.029300 0.057200 0.075400 0.132000 0.140700 0.069600 0.115200 0.123500 0.052200 0.059400 0.085300 0.000000 0.062500 0.102100 0.062200 0.059800
Klipspring 0.049600 0.205100 0.078300 0.144600 0.076000 0.049600 0.064900 0.065100 0.078300 0.124300 0.057500 0.062500 0.054800 0.072500 0.062800 0.094000 0.094000 0.088900 0.060100 0.078200 0.086500 0.052200 0.156000 0.146700 0.060200 0.093900 0.059900 0.072900 0.096500 0.075700 0.124400 0.077900 0.192900 0.059900 0.059900 0.065200 0.052200 0.065300 0.094800 0.152800 0.150300 0.091200 0.124400 0.144000 0.065300 0.067400 0.085900 0.062500 0.000000 0.119200 0.075600 0.073100
ForestMusk 0.093900 0.193500 0.102300 0.159100 0.110800 0.093900 0.104700 0.094100 0.102200 0.110300 0.102400 0.096700 0.088800 0.101600 0.097200 0.123800 0.097100 0.091900 0.105100 0.102100 0.121700 0.096700 0.141400 0.121200 0.105300 0.129200 0.094000 0.102100 0.126300 0.088800 0.107700 0.101800 0.177800 0.099400 0.099300 0.088700 0.096700 0.107600 0.113400 0.124300 0.130100 0.126400 0.110400 0.121100 0.089000 0.118000 0.126500 0.102100 0.119200 0.000000 0.099400 0.099600
Bushbuck 0.049300 0.189900 0.012100 0.135300 0.070400 0.049300 0.064700 0.059600 0.002400 0.101700 0.057200 0.034300 0.054500 0.067000 0.062400 0.082900 0.067400 0.057200 0.059800 0.007200 0.080700 0.051900 0.132400 0.112500 0.059900 0.088100 0.054500 0.007200 0.085400 0.009700 0.101700 0.072300 0.162300 0.049400 0.054400 0.034300 0.051900 0.065000 0.088900 0.118300 0.126900 0.085400 0.101800 0.112700 0.034400 0.077500 0.090800 0.062200 0.075600 0.099400 0.000000 0.009700
GreaterKud 0.046900 0.177800 0.017000 0.135300 0.075800 0.046900 0.067400 0.059700 0.012100 0.096500 0.054800 0.034400 0.054600 0.069700 0.062600 0.088300 0.067600 0.052200 0.057300 0.012100 0.078200 0.049500 0.127000 0.112700 0.057400 0.090900 0.054600 0.012100 0.090900 0.014500 0.096500 0.072500 0.162600 0.049500 0.054500 0.034400 0.049500 0.070300 0.089000 0.118500 0.121500 0.088200 0.096500 0.112900 0.034500 0.075000 0.090900 0.059800 0.073100 0.099600 0.009700 0.000000
