1
52 1
Argali 0.000000 0.330800 0.068400 0.186500 0.068100 0.000000 0.056500 0.044700 0.068800 0.080000 0.033400 0.092200 0.068600 0.033400 0.106500 0.056500 0.092100 0.092000 0.069000 0.068500 0.056300 0.033400 0.056300 0.068300 0.044800 0.056100 0.056400 0.068300 0.056100 0.080500 0.068700 0.022200 0.117400 0.044700 0.056600 0.079900 0.033400 0.068100 0.129800 0.056300 0.056300 0.055800 0.080000 0.068000 0.079900 0.056700 0.043600 0.092300 0.068900 0.117500 0.068500 0.068500
LesserMous 0.330800 0.000000 0.334200 0.251900 0.301800 0.330800 0.385100 0.296900 0.319600 0.348700 0.317900 0.268500 0.302600 0.317900 0.393800 0.282800 0.333300 0.299400 0.339700 0.318000 0.297800 0.317900 0.314900 0.366000 0.333700 0.281300 0.283600 0.333500 0.281300 0.335100 0.350500 0.298600 0.333600 0.299500 0.319000 0.349900 0.317900 0.301800 0.287400 0.314900 0.314900 0.281300 0.348700 0.366100 0.349900 0.285600 0.298200 0.300000 0.356800 0.335200 0.318000 0.318000
LesserKudu 0.068400 0.334200 0.000000 0.159900 0.022200 0.068400 0.080300 0.044900 0.022400 0.056700 0.033600 0.045100 0.045300 0.033600 0.034100 0.056800 0.068700 0.068600 0.069100 0.021800 0.056700 0.033600 0.033600 0.068600 0.045000 0.056500 0.033500 0.022200 0.056500 0.033500 0.057100 0.045100 0.093000 0.044900 0.033700 0.033500 0.033600 0.022200 0.131100 0.033600 0.033600 0.056500 0.056700 0.068500 0.033500 0.033600 0.045000 0.068600 0.057200 0.093200 0.022200 0.022200
KillerWhal 0.186500 0.251900 0.159900 0.000000 0.159900 0.186500 0.229900 0.158600 0.147000 0.173000 0.173400 0.160300 0.160800 0.173400 0.200500 0.146300 0.146500 0.146200 0.218100 0.146500 0.159200 0.173400 0.146000 0.186700 0.186900 0.145700 0.146000 0.159500 0.145700 0.146400 0.174200 0.159400 0.187800 0.159300 0.174000 0.159300 0.173400 0.159900 0.215500 0.146000 0.146000 0.145700 0.173000 0.186900 0.159300 0.146700 0.159300 0.216200 0.203300 0.174600 0.146500 0.146500
DefassaWat 0.068100 0.301800 0.022200 0.159900 0.000000 0.068100 0.080000 0.044800 0.022400 0.056500 0.033500 0.045000 0.045200 0.033500 0.057600 0.056700 0.068400 0.068300 0.069200 0.022300 0.056400 0.033500 0.033500 0.068600 0.044800 0.056300 0.033500 0.022200 0.056300 0.033600 0.057100 0.045000 0.068800 0.044900 0.033000 0.033000 0.033100 0.000000 0.130700 0.033500 0.033500 0.054900 0.056500 0.068300 0.033400 0.033600 0.043900 0.045100 0.057200 0.093300 0.022300 0.022300
Sheep 0.000000 0.330800 0.068400 0.186500 0.068100 0.000000 0.056500 0.044700 0.068800 0.080000 0.033400 0.092000 0.068600 0.033400 0.106500 0.056500 0.092100 0.092000 0.069000 0.068500 0.056300 0.032800 0.056300 0.068300 0.044800 0.056100 0.056400 0.068300 0.056100 0.080500 0.068700 0.022200 0.117400 0.044700 0.056600 0.079900 0.033000 0.068100 0.129800 0.056300 0.056300 0.056300 0.080200 0.068000 0.080000 0.056700 0.044700 0.092000 0.068900 0.117500 0.068500 0.068500
MaxwellsDu 0.056500 0.385100 0.080300 0.229900 0.080000 0.056500 0.000000 0.056400 0.080700 0.116800 0.044800 0.104500 0.080600 0.044800 0.119000 0.068500 0.129700 0.129500 0.057100 0.080400 0.068200 0.045100 0.092100 0.130000 0.056300 0.067600 0.068100 0.080200 0.068100 0.092600 0.118100 0.056600 0.130500 0.080100 0.068400 0.091900 0.044800 0.079900 0.143200 0.092100 0.092100 0.068100 0.116800 0.129500 0.091900 0.068500 0.056500 0.104500 0.080900 0.130700 0.080400 0.080400
GazellaPrz 0.044700 0.296900 0.044900 0.158600 0.044800 0.044700 0.056400 0.000000 0.045000 0.056300 0.033400 0.068200 0.045200 0.033400 0.081200 0.011000 0.068300 0.068100 0.045300 0.044900 0.011000 0.033400 0.033300 0.068100 0.044800 0.011000 0.033300 0.044700 0.011000 0.056400 0.056600 0.022100 0.068400 0.044700 0.033500 0.056200 0.033400 0.044800 0.080700 0.033300 0.033300 0.011000 0.056300 0.068000 0.056200 0.033500 0.000100 0.068300 0.057000 0.068600 0.044900 0.044900
MountainNy 0.068800 0.319600 0.022400 0.147000 0.022400 0.068800 0.080700 0.045000 0.000000 0.057000 0.033700 0.045400 0.045500 0.033700 0.057900 0.057000 0.069000 0.068900 0.069500 0.000000 0.033600 0.033700 0.033700 0.069000 0.045200 0.056800 0.033600 0.022300 0.056800 0.011100 0.057400 0.045300 0.093400 0.045100 0.033800 0.033700 0.033700 0.022400 0.131600 0.033700 0.033700 0.056800 0.057000 0.068900 0.033700 0.033800 0.045200 0.069000 0.057500 0.093700 0.000000 0.000000
MuntiacusM 0.080000 0.348700 0.056700 0.173000 0.056500 0.080000 0.116800 0.056300 0.057000 0.000000 0.068300 0.080300 0.080700 0.067800 0.094100 0.068400 0.080300 0.080100 0.105200 0.056800 0.068100 0.068600 0.022100 0.033600 0.080100 0.067900 0.068200 0.056600 0.067900 0.068600 0.022300 0.056600 0.105100 0.080200 0.068500 0.068200 0.068300 0.056500 0.143000 0.021700 0.022100 0.067200 0.000000 0.033400 0.068200 0.068600 0.056400 0.104700 0.093300 0.080600 0.056800 0.056800
goat 0.033400 0.317900 0.033600 0.173400 0.033500 0.033400 0.044800 0.033400 0.033700 0.068300 0.000000 0.056600 0.033700 0.000000 0.069500 0.045100 0.080400 0.080600 0.033900 0.033600 0.044900 0.000000 0.044900 0.080500 0.010700 0.044800 0.022200 0.033500 0.044800 0.045100 0.068900 0.011000 0.105300 0.033500 0.022200 0.044800 0.000000 0.033500 0.118000 0.044900 0.044900 0.044800 0.068300 0.080200 0.044800 0.022300 0.033500 0.056600 0.033900 0.105600 0.033600 0.033600
AfricanBuf 0.092200 0.268500 0.045100 0.160300 0.045000 0.092000 0.104500 0.068200 0.045400 0.080300 0.056600 0.000000 0.068800 0.056600 0.081800 0.080600 0.092600 0.092500 0.093700 0.045200 0.080200 0.056600 0.056600 0.092800 0.068300 0.080000 0.056600 0.045100 0.080000 0.056800 0.081100 0.068600 0.118000 0.068400 0.056800 0.056500 0.056600 0.045000 0.130800 0.056600 0.056600 0.080000 0.080300 0.092500 0.056500 0.056900 0.068300 0.068400 0.081300 0.118400 0.045200 0.045200
Topi 0.068600 0.302600 0.045300 0.160800 0.045200 0.068600 0.080600 0.045200 0.045500 0.080700 0.033700 0.068800 0.000000 0.033700 0.082200 0.057100 0.093200 0.092900 0.069600 0.045300 0.056900 0.033700 0.056800 0.093200 0.045100 0.056800 0.033700 0.045200 0.056800 0.057000 0.081400 0.045300 0.118600 0.045200 0.033500 0.056700 0.033700 0.045200 0.118700 0.056800 0.056900 0.056800 0.080700 0.092800 0.056700 0.033900 0.045200 0.068800 0.057700 0.119000 0.045300 0.045300
CommonDuik 0.033400 0.317900 0.033600 0.173400 0.033500 0.033400 0.044800 0.033400 0.033700 0.067800 0.000000 0.056600 0.033700 0.000000 0.069500 0.045100 0.080400 0.080200 0.033900 0.033600 0.044900 0.000000 0.044700 0.080500 0.010900 0.044800 0.022200 0.033500 0.044800 0.045100 0.068900 0.011000 0.105300 0.033500 0.021900 0.044800 0.000000 0.033500 0.118000 0.044900 0.044900 0.044800 0.068300 0.080100 0.044800 0.022300 0.033500 0.056600 0.033900 0.105600 0.033600 0.033600
Suni 0.106500 0.393800 0.034100 0.200500 0.057600 0.106500 0.119000 0.081200 0.057900 0.094100 0.069500 0.081800 0.082200 0.069500 0.000000 0.094000 0.106800 0.106600 0.107700 0.057700 0.093900 0.069500 0.069600 0.106800 0.081600 0.093600 0.069300 0.057500 0.093600 0.069700 0.094900 0.081700 0.132700 0.081400 0.069700 0.069500 0.069500 0.057600 0.173000 0.069600 0.069600 0.093600 0.094100 0.106700 0.069500 0.069600 0.081600 0.081700 0.094800 0.120000 0.057700 0.057700
Springbuck 0.056500 0.282800 0.056800 0.146300 0.056700 0.056500 0.068500 0.011000 0.057000 0.068400 0.045100 0.080600 0.057100 0.045100 0.094000 0.000000 0.080700 0.080400 0.057300 0.056800 0.022200 0.045100 0.045000 0.080400 0.056600 0.000000 0.022200 0.056600 0.000000 0.068600 0.068800 0.033600 0.080800 0.033500 0.045300 0.068300 0.045100 0.056700 0.069100 0.045000 0.045000 0.000000 0.068400 0.080300 0.068300 0.022300 0.011000 0.080600 0.069200 0.081000 0.056800 0.056800
Okapi 0.092100 0.333300 0.068700 0.146500 0.068400 0.092100 0.129700 0.068300 0.069000 0.080300 0.080400 0.092600 0.093200 0.080400 0.106800 0.080700 0.000000 0.022100 0.118800 0.068700 0.080200 0.079900 0.056500 0.092700 0.092300 0.080100 0.080400 0.068500 0.080100 0.056800 0.081000 0.068500 0.068700 0.092500 0.080700 0.056400 0.080400 0.068400 0.143700 0.056500 0.056500 0.080100 0.080300 0.092300 0.056400 0.080800 0.068400 0.117400 0.106200 0.093400 0.068700 0.068700
Giraffe 0.092000 0.299400 0.068600 0.146200 0.068300 0.092000 0.129500 0.068100 0.068900 0.080100 0.080600 0.092500 0.092900 0.080200 0.106600 0.080400 0.022100 0.000000 0.118600 0.068600 0.080000 0.080200 0.056400 0.092500 0.092300 0.079900 0.080200 0.068400 0.079900 0.056700 0.080900 0.068400 0.068500 0.092300 0.080500 0.056400 0.080200 0.068300 0.143300 0.056400 0.056400 0.079900 0.080100 0.092200 0.056400 0.080600 0.068200 0.117600 0.105900 0.093200 0.068600 0.068600
TibetanAnt 0.069000 0.339700 0.069100 0.218100 0.069200 0.069000 0.057100 0.045300 0.069500 0.105200 0.033900 0.093700 0.069600 0.033900 0.107700 0.057300 0.118800 0.118600 0.000000 0.069200 0.057200 0.033900 0.081200 0.118600 0.045400 0.057100 0.057100 0.069000 0.057100 0.081300 0.105600 0.045400 0.118800 0.068900 0.057400 0.081000 0.033900 0.069200 0.132600 0.081200 0.081200 0.057100 0.105200 0.118500 0.081000 0.057400 0.045500 0.093800 0.069900 0.118700 0.069200 0.069200
Sitatunga 0.068500 0.318000 0.021800 0.146500 0.022300 0.068500 0.080400 0.044900 0.000000 0.056800 0.033600 0.045200 0.045300 0.033600 0.057700 0.056800 0.068700 0.068600 0.069200 0.000000 0.033500 0.033600 0.033600 0.068700 0.045000 0.056500 0.033500 0.022200 0.056500 0.010900 0.057200 0.045100 0.093100 0.044900 0.033700 0.033600 0.033600 0.022300 0.131100 0.033600 0.033600 0.056500 0.056800 0.068600 0.033600 0.033700 0.045000 0.068700 0.057200 0.093300 0.000000 0.000000
Oribi 0.056300 0.297800 0.056700 0.159200 0.056400 0.056300 0.068200 0.011000 0.033600 0.068100 0.044900 0.080200 0.056900 0.044900 0.093900 0.022200 0.080200 0.080000 0.057200 0.033500 0.000000 0.044800 0.044800 0.080300 0.056400 0.022100 0.044900 0.056500 0.021900 0.044900 0.068800 0.033500 0.080600 0.056500 0.043900 0.068000 0.044100 0.056400 0.092800 0.044800 0.044800 0.022100 0.068100 0.080000 0.068000 0.045100 0.010800 0.079800 0.069100 0.080800 0.033500 0.033500
BarbaryShe 0.033400 0.317900 0.033600 0.173400 0.033500 0.032800 0.045100 0.033400 0.033700 0.068600 0.000000 0.056600 0.033700 0.000000 0.069500 0.045100 0.079900 0.080200 0.033900 0.033600 0.044800 0.000000 0.044900 0.080500 0.011000 0.044800 0.022200 0.033500 0.044800 0.045100 0.068900 0.011000 0.105300 0.033500 0.022200 0.044700 0.000000 0.033500 0.118000 0.044900 0.044900 0.044800 0.068300 0.080200 0.044800 0.022300 0.033500 0.056300 0.033900 0.105600 0.033600 0.033600
Daviddeer 0.056300 0.314900 0.033600 0.146000 0.033500 0.056300 0.092100 0.033300 0.033700 0.022100 0.044900 0.056600 0.056800 0.044700 0.069600 0.045000 0.056500 0.056400 0.081200 0.033600 0.044800 0.044900 0.000000 0.033500 0.056400 0.044700 0.044900 0.033500 0.044700 0.045100 0.022300 0.033500 0.080600 0.056500 0.045000 0.044800 0.044900 0.033100 0.117400 0.000000 0.000000 0.044700 0.022100 0.033100 0.044800 0.045100 0.033400 0.079900 0.069000 0.080800 0.033600 0.033600
Reindeer 0.068300 0.366000 0.068600 0.186700 0.068600 0.068300 0.130000 0.068100 0.069000 0.033600 0.080500 0.092800 0.093200 0.080500 0.106800 0.080400 0.092700 0.092500 0.118600 0.068700 0.080300 0.080500 0.033500 0.000000 0.092500 0.080100 0.080200 0.068500 0.080100 0.080700 0.045300 0.068400 0.117700 0.068200 0.080700 0.080500 0.080500 0.068600 0.156500 0.033500 0.033500 0.080100 0.033600 0.000100 0.080500 0.080600 0.068400 0.117600 0.105800 0.117900 0.068700 0.068700
Ibex 0.044800 0.333700 0.045000 0.186900 0.044800 0.044800 0.056300 0.044800 0.045200 0.080100 0.010700 0.068300 0.045100 0.010900 0.081600 0.056600 0.092300 0.092300 0.045400 0.045000 0.056400 0.011000 0.056400 0.092500 0.000000 0.055300 0.033400 0.044900 0.056200 0.056700 0.080900 0.022200 0.117600 0.044800 0.033500 0.056500 0.011000 0.044800 0.130300 0.056400 0.056400 0.056200 0.080100 0.092700 0.056300 0.033600 0.044800 0.068300 0.045400 0.117900 0.045000 0.045000
GyrantGaze 0.056100 0.281300 0.056500 0.145700 0.056300 0.056100 0.067600 0.011000 0.056800 0.067900 0.044800 0.080000 0.056800 0.044800 0.093600 0.000000 0.080100 0.079900 0.057100 0.056500 0.022100 0.044800 0.044700 0.080100 0.055300 0.000000 0.022100 0.056400 0.000000 0.068300 0.068500 0.033400 0.080400 0.033400 0.044900 0.067800 0.044500 0.056300 0.068600 0.043900 0.044700 0.000000 0.067900 0.079800 0.067800 0.022200 0.011000 0.079200 0.069000 0.080700 0.056500 0.056500
Hartebeest 0.056400 0.283600 0.033500 0.146000 0.033500 0.056400 0.068100 0.033300 0.033600 0.068200 0.022200 0.056600 0.033700 0.022200 0.069300 0.022200 0.080400 0.080200 0.057100 0.033500 0.044900 0.022200 0.044900 0.080200 0.033400 0.022100 0.000000 0.033400 0.022100 0.044900 0.068600 0.033500 0.104900 0.010800 0.022200 0.044800 0.022200 0.033500 0.093200 0.044900 0.044900 0.022100 0.068200 0.080100 0.044800 0.000100 0.033500 0.056600 0.045400 0.105300 0.033500 0.033500
Bongo 0.068300 0.333500 0.022200 0.159500 0.022200 0.068300 0.080200 0.044700 0.022300 0.056600 0.033500 0.045100 0.045200 0.033500 0.057500 0.056600 0.068500 0.068400 0.069000 0.022200 0.056500 0.033500 0.033500 0.068500 0.044900 0.056400 0.033400 0.000000 0.056400 0.033600 0.057100 0.045000 0.092900 0.044800 0.033600 0.033500 0.033500 0.022200 0.130700 0.033500 0.033500 0.056400 0.056600 0.068500 0.033500 0.033600 0.044900 0.068500 0.057100 0.093000 0.022200 0.022200
Gerenuk 0.056100 0.281300 0.056500 0.145700 0.056300 0.056100 0.068100 0.011000 0.056800 0.067900 0.044800 0.080000 0.056800 0.044800 0.093600 0.000000 0.080100 0.079900 0.057100 0.056500 0.021900 0.044800 0.044700 0.080100 0.056200 0.000000 0.022100 0.056400 0.000000 0.068300 0.068500 0.033400 0.080400 0.033400 0.044900 0.067800 0.043800 0.056400 0.068500 0.044700 0.044700 0.000000 0.067900 0.079800 0.067800 0.022200 0.011000 0.080100 0.069000 0.080700 0.056500 0.056500
CommonElan 0.080500 0.335100 0.033500 0.146400 0.033600 0.080500 0.092600 0.056400 0.011100 0.068600 0.045100 0.056800 0.057000 0.045100 0.069700 0.068600 0.056800 0.056700 0.081300 0.010900 0.044900 0.045100 0.045100 0.080700 0.056700 0.068300 0.044900 0.033600 0.068300 0.000000 0.069200 0.056700 0.105500 0.056600 0.045200 0.022200 0.045100 0.033600 0.131000 0.045100 0.045100 0.068300 0.068600 0.080700 0.022200 0.045200 0.056700 0.080700 0.069100 0.105600 0.011000 0.010900
MuntiacusR 0.068700 0.350500 0.057100 0.174200 0.057100 0.068700 0.118100 0.056600 0.057400 0.022300 0.068900 0.081100 0.081400 0.068900 0.094900 0.068800 0.081000 0.080900 0.105600 0.057200 0.068800 0.068900 0.022300 0.045300 0.080900 0.068500 0.068600 0.057100 0.068500 0.069200 0.000000 0.056900 0.105800 0.068600 0.069100 0.068900 0.068900 0.057100 0.144200 0.022300 0.022300 0.068500 0.022300 0.045200 0.068900 0.069000 0.056900 0.105700 0.093600 0.081100 0.057200 0.057200
HarveysDui 0.022200 0.298600 0.045100 0.159400 0.045000 0.022200 0.056600 0.022100 0.045300 0.056600 0.011000 0.068600 0.045300 0.011000 0.081700 0.033600 0.068500 0.068400 0.045400 0.045100 0.033500 0.011000 0.033500 0.068400 0.022200 0.033400 0.033500 0.045000 0.033400 0.056700 0.056900 0.000000 0.092700 0.044900 0.033700 0.056500 0.011000 0.045000 0.105500 0.033500 0.033500 0.033400 0.056600 0.068400 0.056500 0.033600 0.022200 0.068600 0.045500 0.092700 0.045100 0.045100
Pronghorn 0.117400 0.333600 0.093000 0.187800 0.068800 0.117400 0.130500 0.068400 0.093400 0.105100 0.105300 0.118000 0.118600 0.105300 0.132700 0.080800 0.068700 0.068500 0.118800 0.093100 0.080600 0.105300 0.080600 0.117700 0.117600 0.080400 0.104900 0.092900 0.080400 0.105500 0.105800 0.092700 0.000000 0.117400 0.105600 0.105000 0.105300 0.068800 0.157500 0.080600 0.080600 0.080400 0.105100 0.117700 0.105000 0.105500 0.068600 0.118100 0.131800 0.093500 0.093100 0.093100
BlueWildeb 0.044700 0.299500 0.044900 0.159300 0.044900 0.044700 0.080100 0.044700 0.045100 0.080200 0.033500 0.068400 0.045200 0.033500 0.081400 0.033500 0.092500 0.092300 0.068900 0.044900 0.056500 0.033500 0.056500 0.068200 0.044800 0.033400 0.010800 0.044800 0.033400 0.056600 0.068600 0.044900 0.117400 0.000000 0.033600 0.056300 0.033500 0.044900 0.105500 0.056500 0.056500 0.033400 0.080200 0.068100 0.056300 0.011000 0.044900 0.068400 0.057000 0.117700 0.044900 0.044900
Gemsbok 0.056600 0.319000 0.033700 0.174000 0.033000 0.056600 0.068400 0.033500 0.033800 0.068500 0.022200 0.056800 0.033500 0.021900 0.069700 0.045300 0.080700 0.080500 0.057400 0.033700 0.043900 0.022200 0.045000 0.080700 0.033500 0.044900 0.022200 0.033600 0.044900 0.045200 0.069100 0.033700 0.105600 0.033600 0.000000 0.044900 0.022200 0.033600 0.118500 0.045000 0.045000 0.044900 0.068500 0.080800 0.044900 0.022400 0.033600 0.056800 0.045700 0.106000 0.033700 0.033700
Yak 0.079900 0.349900 0.033500 0.159300 0.033000 0.079900 0.091900 0.056200 0.033700 0.068200 0.044800 0.056500 0.056700 0.044800 0.069500 0.068300 0.056400 0.056400 0.081000 0.033600 0.068000 0.044700 0.044800 0.080500 0.056500 0.067800 0.044800 0.033500 0.067800 0.022200 0.068900 0.056500 0.105000 0.056300 0.044900 0.000000 0.044800 0.033400 0.130000 0.044800 0.044800 0.067800 0.068200 0.080100 0.000000 0.045000 0.056300 0.080100 0.068800 0.105200 0.033600 0.033600
BlueSheep 0.033400 0.317900 0.033600 0.173400 0.033100 0.033000 0.044800 0.033400 0.033700 0.068300 0.000000 0.056600 0.033700 0.000000 0.069500 0.045100 0.080400 0.080200 0.033900 0.033600 0.044100 0.000000 0.044900 0.080500 0.011000 0.044500 0.022200 0.033500 0.043800 0.045100 0.068900 0.011000 0.105300 0.033500 0.022200 0.044800 0.000000 0.033500 0.118000 0.044900 0.044500 0.044800 0.068300 0.080200 0.044800 0.022300 0.033500 0.056600 0.033900 0.105600 0.033600 0.033600
BohorReedb 0.068100 0.301800 0.022200 0.159900 0.000000 0.068100 0.079900 0.044800 0.022400 0.056500 0.033500 0.045000 0.045200 0.033500 0.057600 0.056700 0.068400 0.068300 0.069200 0.022300 0.056400 0.033500 0.033100 0.068600 0.044800 0.056300 0.033500 0.022200 0.056400 0.033600 0.057100 0.045000 0.068800 0.044900 0.033600 0.033400 0.033500 0.000000 0.130700 0.032900 0.033500 0.056300 0.056500 0.068300 0.033400 0.033600 0.044900 0.045100 0.057200 0.093300 0.022300 0.022300
KirksDik 0.129800 0.287400 0.131100 0.215500 0.130700 0.129800 0.143200 0.080700 0.131600 0.143000 0.118000 0.130800 0.118700 0.118000 0.173000 0.069100 0.143700 0.143300 0.132600 0.131100 0.092800 0.118000 0.117400 0.156500 0.130300 0.068600 0.093200 0.130700 0.068500 0.131000 0.144200 0.105500 0.157500 0.105500 0.118500 0.130000 0.118000 0.130700 0.000000 0.117400 0.117400 0.068600 0.143000 0.155900 0.130000 0.093700 0.080700 0.157100 0.145900 0.131700 0.131100 0.131100
RoeDeer 0.056300 0.314900 0.033600 0.146000 0.033500 0.056300 0.092100 0.033300 0.033700 0.021700 0.044900 0.056600 0.056800 0.044900 0.069600 0.045000 0.056500 0.056400 0.081200 0.033600 0.044800 0.044900 0.000000 0.033500 0.056400 0.043900 0.044900 0.033500 0.044700 0.045100 0.022300 0.033500 0.080600 0.056500 0.045000 0.044800 0.044900 0.032900 0.117400 0.000000 0.000000 0.043900 0.021600 0.032200 0.044800 0.045100 0.033400 0.080300 0.069000 0.080800 0.033600 0.033600
WhiteLippe 0.056300 0.314900 0.033600 0.146000 0.033500 0.056300 0.092100 0.033300 0.033700 0.022100 0.044900 0.056600 0.056900 0.044900 0.069600 0.045000 0.056500 0.056400 0.081200 0.033600 0.044800 0.044900 0.000000 0.033500 0.056400 0.044700 0.044900 0.033500 0.044700 0.045100 0.022300 0.033500 0.080600 0.056500 0.045000 0.044800 0.044500 0.033500 0.117400 0.000000 0.000000 0.043800 0.021500 0.033400 0.044800 0.045100 0.032800 0.080300 0.069000 0.080800 0.033600 0.033600
ThomsonGaz 0.055800 0.281300 0.056500 0.145700 0.054900 0.056300 0.068100 0.011000 0.056800 0.067200 0.044800 0.080000 0.056800 0.044800 0.093600 0.000000 0.080100 0.079900 0.057100 0.056500 0.022100 0.044800 0.044700 0.080100 0.056200 0.000000 0.022100 0.056400 0.000000 0.068300 0.068500 0.033400 0.080400 0.033400 0.044900 0.067800 0.044800 0.056300 0.068600 0.043900 0.043800 0.000000 0.067100 0.079800 0.067800 0.022200 0.010800 0.080100 0.069000 0.080700 0.056500 0.056500
MuntiacusC 0.080000 0.348700 0.056700 0.173000 0.056500 0.080200 0.116800 0.056300 0.057000 0.000000 0.068300 0.080300 0.080700 0.068300 0.094100 0.068400 0.080300 0.080100 0.105200 0.056800 0.068100 0.068300 0.022100 0.033600 0.080100 0.067900 0.068200 0.056600 0.067900 0.068600 0.022300 0.056600 0.105100 0.080200 0.068500 0.068200 0.068300 0.056500 0.143000 0.021600 0.021500 0.067100 0.000000 0.033400 0.068200 0.068600 0.056400 0.104300 0.093300 0.080600 0.056800 0.056800
WhiteTaile 0.068000 0.366100 0.068500 0.186900 0.068300 0.068000 0.129500 0.068000 0.068900 0.033400 0.080200 0.092500 0.092800 0.080100 0.106700 0.080300 0.092300 0.092200 0.118500 0.068600 0.080000 0.080200 0.033100 0.000100 0.092700 0.079800 0.080100 0.068500 0.079800 0.080700 0.045200 0.068400 0.117700 0.068100 0.080800 0.080100 0.080200 0.068300 0.155900 0.032200 0.033400 0.079800 0.033400 0.000000 0.080100 0.080600 0.068100 0.117200 0.105700 0.117800 0.068600 0.068600
Cattle 0.079900 0.349900 0.033500 0.159300 0.033400 0.080000 0.091900 0.056200 0.033700 0.068200 0.044800 0.056500 0.056700 0.044800 0.069500 0.068300 0.056400 0.056400 0.081000 0.033600 0.068000 0.044800 0.044800 0.080500 0.056300 0.067800 0.044800 0.033500 0.067800 0.022200 0.068900 0.056500 0.105000 0.056300 0.044900 0.000000 0.044800 0.033400 0.130000 0.044800 0.044800 0.067800 0.068200 0.080100 0.000000 0.045000 0.056300 0.080100 0.068800 0.105200 0.033600 0.033600
RoyalAntel 0.056700 0.285600 0.033600 0.146700 0.033600 0.056700 0.068500 0.033500 0.033800 0.068600 0.022300 0.056900 0.033900 0.022300 0.069600 0.022300 0.080800 0.080600 0.057400 0.033700 0.045100 0.022300 0.045100 0.080600 0.033600 0.022200 0.000100 0.033600 0.022200 0.045200 0.069000 0.033600 0.105500 0.011000 0.022400 0.045000 0.022300 0.033600 0.093700 0.045100 0.045100 0.022200 0.068600 0.080600 0.045000 0.000000 0.033600 0.056900 0.045600 0.105800 0.033700 0.033700
Steenbok 0.043600 0.298200 0.045000 0.159300 0.043900 0.044700 0.056500 0.000100 0.045200 0.056400 0.033500 0.068300 0.045200 0.033500 0.081600 0.011000 0.068400 0.068200 0.045500 0.045000 0.010800 0.033500 0.033400 0.068400 0.044800 0.011000 0.033500 0.044900 0.011000 0.056700 0.056900 0.022200 0.068600 0.044900 0.033600 0.056300 0.033500 0.044900 0.080700 0.033400 0.032800 0.010800 0.056400 0.068100 0.056300 0.033600 0.000000 0.068300 0.057200 0.068800 0.045000 0.045000
Impala 0.092300 0.300000 0.068600 0.216200 0.045100 0.092000 0.104500 0.068300 0.069000 0.104700 0.056600 0.068400 0.068800 0.056600 0.081700 0.080600 0.117400 0.117600 0.093800 0.068700 0.079800 0.056300 0.079900 0.117600 0.068300 0.079200 0.056600 0.068500 0.080100 0.080700 0.105700 0.068600 0.118100 0.068400 0.056800 0.080100 0.056600 0.045100 0.157100 0.080300 0.080300 0.080100 0.104300 0.117200 0.080100 0.056900 0.068300 0.000000 0.081400 0.144100 0.068700 0.068700
Klipspring 0.068900 0.356800 0.057200 0.203300 0.057200 0.068900 0.080900 0.057000 0.057500 0.093300 0.033900 0.081300 0.057700 0.033900 0.094800 0.069200 0.106200 0.105900 0.069900 0.057200 0.069100 0.033900 0.069000 0.105800 0.045400 0.069000 0.045400 0.057100 0.069000 0.069100 0.093600 0.045500 0.131800 0.057000 0.045700 0.068800 0.033900 0.057200 0.145900 0.069000 0.069000 0.069000 0.093300 0.105700 0.068800 0.045600 0.057200 0.081400 0.000000 0.132300 0.057200 0.057200
ForestMusk 0.117500 0.335200 0.093200 0.174600 0.093300 0.117500 0.130700 0.068600 0.093700 0.080600 0.105600 0.118400 0.119000 0.105600 0.120000 0.081000 0.093400 0.093200 0.118700 0.093300 0.080800 0.105600 0.080800 0.117900 0.117900 0.080700 0.105300 0.093000 0.080700 0.105600 0.081100 0.092700 0.093500 0.117700 0.106000 0.105200 0.105600 0.093300 0.131700 0.080800 0.080800 0.080700 0.080600 0.117800 0.105200 0.105800 0.068800 0.144100 0.132300 0.000000 0.093300 0.093300
Bushbuck 0.068500 0.318000 0.022200 0.146500 0.022300 0.068500 0.080400 0.044900 0.000000 0.056800 0.033600 0.045200 0.045300 0.033600 0.057700 0.056800 0.068700 0.068600 0.069200 0.000000 0.033500 0.033600 0.033600 0.068700 0.045000 0.056500 0.033500 0.022200 0.056500 0.011000 0.057200 0.045100 0.093100 0.044900 0.033700 0.033600 0.033600 0.022300 0.131100 0.033600 0.033600 0.056500 0.056800 0.068600 0.033600 0.033700 0.045000 0.068700 0.057200 0.093300 0.000000 0.000000
GreaterKud 0.068500 0.318000 0.022200 0.146500 0.022300 0.068500 0.080400 0.044900 0.000000 0.056800 0.033600 0.045200 0.045300 0.033600 0.057700 0.056800 0.068700 0.068600 0.069200 0.000000 0.033500 0.033600 0.033600 0.068700 0.045000 0.056500 0.033500 0.022200 0.056500 0.010900 0.057200 0.045100 0.093100 0.044900 0.033700 0.033600 0.033600 0.022300 0.131100 0.033600 0.033600 0.056500 0.056800 0.068600 0.033600 0.033700 0.045000 0.068700 0.057200 0.093300 0.000000 0.000000
