CODONML (in paml version 4.10.7, June 2023)  /home/rachel/ruminants_paml/6406-phy-tree/ENSBTAT00000030549.fasta.phy
Model: free dN/dS Ratios for branches,  kappa = 2.000 fixed

Codon frequency model: F3x4
ns =  54  ls =  19

Codon usage in sequences
--------------------------------------------------------------------------------------------------------------------------------------
Phe TTT   0   0   0   0   0   0 | Ser TCT   0   0   0   0   0   0 | Tyr TAT   0   0   0   0   0   0 | Cys TGT   0   0   0   0   0   0
    TTC   0   0   0   0   0   0 |     TCC   0   0   0   0   0   0 |     TAC   0   0   0   0   0   0 |     TGC   0   0   0   0   0   0
Leu TTA   0   0   0   0   0   0 |     TCA   0   0   0   0   0   0 | *** TAA   0   0   0   0   0   0 | *** TGA   0   0   0   0   0   0
    TTG   0   0   0   0   1   0 |     TCG   0   0   0   0   0   0 |     TAG   0   0   0   0   0   0 | Trp TGG   0   0   0   0   0   0
--------------------------------------------------------------------------------------------------------------------------------------
Leu CTT   0   0   0   0   0   0 | Pro CCT   0   0   0   0   0   1 | His CAT   0   0   0   0   0   0 | Arg CGT   0   0   1   1   0   0
    CTC   0   0   0   0   0   0 |     CCC   0   0   0   0   0   0 |     CAC   1   1   1   1   1   1 |     CGC   1   1   0   0   1   0
    CTA   0   0   0   0   0   0 |     CCA   1   0   1   0   0   0 | Gln CAA   0   0   0   0   0   0 |     CGA   1   0   1   1   0   0
    CTG   2   3   2   2   2   4 |     CCG   1   1   1   2   1   0 |     CAG   0   1   0   0   0   0 |     CGG   1   1   1   1   2   2
--------------------------------------------------------------------------------------------------------------------------------------
Ile ATT   0   0   0   0   0   0 | Thr ACT   0   0   0   0   0   0 | Asn AAT   0   0   0   0   0   0 | Ser AGT   0   0   0   0   0   0
    ATC   0   0   0   0   0   0 |     ACC   0   0   0   0   0   0 |     AAC   0   0   0   0   0   0 |     AGC   0   0   0   0   0   0
    ATA   0   0   0   0   0   0 |     ACA   0   0   0   0   0   0 | Lys AAA   0   0   0   0   0   0 | Arg AGA   0   0   0   0   0   0
Met ATG   0   0   0   0   0   0 |     ACG   0   0   0   0   0   0 |     AAG   1   1   1   1   1   1 |     AGG   0   0   0   0   0   0
--------------------------------------------------------------------------------------------------------------------------------------
Val GTT   0   0   0   1   0   0 | Ala GCT   0   0   0   0   0   0 | Asp GAT   0   0   0   0   0   0 | Gly GGT   1   1   1   0   0   1
    GTC   0   0   0   0   0   0 |     GCC   1   1   1   1   1   1 |     GAC   0   0   0   0   0   0 |     GGC   1   1   1   1   1   1
    GTA   0   0   0   0   0   0 |     GCA   0   0   0   0   0   0 | Glu GAA   0   0   0   0   0   0 |     GGA   0   0   0   0   0   0
    GTG   2   2   2   2   2   2 |     GCG   1   0   1   1   0   1 |     GAG   3   4   3   3   4   3 |     GGG   1   1   1   1   2   1
--------------------------------------------------------------------------------------------------------------------------------------

--------------------------------------------------------------------------------------------------------------------------------------
Phe TTT   0   0   0   0   0   0 | Ser TCT   0   0   0   0   0   0 | Tyr TAT   0   0   0   0   0   0 | Cys TGT   0   0   0   0   0   0
    TTC   0   0   0   0   0   0 |     TCC   0   0   0   0   0   0 |     TAC   0   0   0   0   0   0 |     TGC   0   0   0   0   0   0
Leu TTA   0   0   0   0   0   0 |     TCA   0   0   0   0   0   0 | *** TAA   0   0   0   0   0   0 | *** TGA   0   0   0   0   0   0
    TTG   0   0   0   0   0   1 |     TCG   0   0   0   0   0   0 |     TAG   0   0   0   0   0   0 | Trp TGG   0   0   0   0   0   0
--------------------------------------------------------------------------------------------------------------------------------------
Leu CTT   0   0   0   0   0   0 | Pro CCT   0   0   0   0   0   0 | His CAT   0   0   0   0   0   0 | Arg CGT   0   0   0   0   0   0
    CTC   0   0   0   0   0   0 |     CCC   0   0   0   0   0   0 |     CAC   1   1   1   1   1   2 |     CGC   1   1   1   1   1   0
    CTA   0   0   0   0   0   0 |     CCA   1   1   0   0   1   0 | Gln CAA   0   0   0   0   0   0 |     CGA   1   1   1   1   1   1
    CTG   2   2   2   2   2   1 |     CCG   1   1   2   2   1   3 |     CAG   0   0   0   0   0   0 |     CGG   1   1   1   1   1   1
--------------------------------------------------------------------------------------------------------------------------------------
Ile ATT   0   0   0   0   0   0 | Thr ACT   0   0   0   0   0   0 | Asn AAT   0   0   0   0   0   0 | Ser AGT   0   0   0   0   0   0
    ATC   0   0   0   0   0   0 |     ACC   0   0   0   0   0   0 |     AAC   0   0   0   0   0   0 |     AGC   0   0   0   0   0   0
    ATA   0   0   0   0   0   0 |     ACA   0   0   0   0   0   0 | Lys AAA   0   0   0   0   0   0 | Arg AGA   0   0   0   0   0   0
Met ATG   0   0   0   0   0   0 |     ACG   0   0   0   0   0   0 |     AAG   1   1   1   1   1   1 |     AGG   0   0   0   0   0   0
--------------------------------------------------------------------------------------------------------------------------------------
Val GTT   0   0   0   0   0   0 | Ala GCT   0   0   0   0   0   0 | Asp GAT   0   0   0   0   0   0 | Gly GGT   2   1   1   1   1   1
    GTC   0   0   0   0   0   0 |     GCC   1   1   1   1   1   1 |     GAC   0   0   0   0   0   1 |     GGC   0   1   1   1   1   1
    GTA   0   0   0   0   0   0 |     GCA   0   0   0   0   0   0 | Glu GAA   1   0   0   0   0   0 |     GGA   0   0   0   0   0   0
    GTG   2   2   2   2   2   2 |     GCG   1   1   1   1   1   0 |     GAG   2   3   3   3   3   2 |     GGG   1   1   1   1   1   1
--------------------------------------------------------------------------------------------------------------------------------------

--------------------------------------------------------------------------------------------------------------------------------------
Phe TTT   0   0   0   0   0   0 | Ser TCT   0   0   0   0   0   0 | Tyr TAT   0   0   0   0   0   0 | Cys TGT   0   0   0   0   0   0
    TTC   0   0   0   0   0   0 |     TCC   0   0   0   0   0   0 |     TAC   0   0   0   0   0   0 |     TGC   0   0   0   0   0   0
Leu TTA   0   0   0   0   0   0 |     TCA   0   0   0   0   0   0 | *** TAA   0   0   0   0   0   0 | *** TGA   0   0   0   0   0   0
    TTG   0   0   0   0   0   0 |     TCG   0   0   0   0   0   0 |     TAG   0   0   0   0   0   0 | Trp TGG   0   0   0   0   0   0
--------------------------------------------------------------------------------------------------------------------------------------
Leu CTT   0   0   0   0   1   0 | Pro CCT   0   0   0   0   0   0 | His CAT   0   0   0   0   0   0 | Arg CGT   0   0   0   1   0   0
    CTC   0   0   0   0   0   0 |     CCC   0   0   0   0   0   0 |     CAC   1   1   1   1   1   1 |     CGC   1   1   1   0   1   1
    CTA   0   0   0   0   0   0 |     CCA   1   1   0   1   0   0 | Gln CAA   0   0   0   0   0   0 |     CGA   1   1   1   1   1   1
    CTG   2   2   2   2   1   2 |     CCG   1   1   2   1   2   2 |     CAG   0   0   0   0   0   0 |     CGG   1   1   1   1   1   1
--------------------------------------------------------------------------------------------------------------------------------------
Ile ATT   0   0   0   0   0   0 | Thr ACT   0   0   0   0   0   0 | Asn AAT   0   0   0   0   0   0 | Ser AGT   0   0   0   0   0   0
    ATC   0   0   0   0   0   0 |     ACC   0   0   0   0   0   0 |     AAC   0   0   0   0   0   0 |     AGC   0   0   0   0   0   0
    ATA   0   0   0   0   0   0 |     ACA   0   0   0   0   0   0 | Lys AAA   0   0   0   1   0   0 | Arg AGA   0   0   0   0   0   0
Met ATG   0   0   0   0   0   0 |     ACG   0   0   0   0   0   0 |     AAG   1   1   1   0   1   1 |     AGG   0   0   0   0   0   0
--------------------------------------------------------------------------------------------------------------------------------------
Val GTT   0   0   0   0   0   0 | Ala GCT   0   1   0   0   0   0 | Asp GAT   0   0   0   0   0   0 | Gly GGT   1   1   1   1   1   1
    GTC   0   0   0   0   0   0 |     GCC   1   1   1   1   1   1 |     GAC   0   0   0   0   0   0 |     GGC   1   1   1   1   1   1
    GTA   0   0   0   0   0   0 |     GCA   0   0   0   0   0   1 | Glu GAA   0   0   0   1   0   0 |     GGA   0   0   0   0   0   0
    GTG   2   2   2   2   2   2 |     GCG   1   0   1   1   1   0 |     GAG   3   3   3   2   3   3 |     GGG   1   1   1   1   1   1
--------------------------------------------------------------------------------------------------------------------------------------

--------------------------------------------------------------------------------------------------------------------------------------
Phe TTT   0   0   0   0   0   0 | Ser TCT   0   0   0   0   0   0 | Tyr TAT   0   0   0   0   0   0 | Cys TGT   0   0   0   0   0   0
    TTC   0   0   0   0   0   0 |     TCC   0   0   0   0   0   0 |     TAC   0   0   0   0   0   0 |     TGC   0   0   0   0   0   0
Leu TTA   0   0   0   0   0   0 |     TCA   0   0   0   0   0   0 | *** TAA   0   0   0   0   0   0 | *** TGA   0   0   0   0   0   0
    TTG   0   0   0   0   0   0 |     TCG   0   0   0   0   0   0 |     TAG   0   0   0   0   0   0 | Trp TGG   0   0   0   0   0   0
--------------------------------------------------------------------------------------------------------------------------------------
Leu CTT   0   0   0   0   0   0 | Pro CCT   0   0   0   0   0   0 | His CAT   0   0   0   0   0   0 | Arg CGT   0   0   0   0   0   0
    CTC   0   0   0   0   0   0 |     CCC   0   0   0   0   0   0 |     CAC   2   1   1   1   1   1 |     CGC   0   1   1   1   1   1
    CTA   0   0   0   0   0   0 |     CCA   1   1   0   1   1   1 | Gln CAA   0   0   0   0   0   0 |     CGA   0   0   1   1   1   1
    CTG   2   2   2   2   2   2 |     CCG   1   1   2   1   1   1 |     CAG   0   0   0   0   0   0 |     CGG   2   2   1   1   1   1
--------------------------------------------------------------------------------------------------------------------------------------
Ile ATT   0   0   0   0   0   0 | Thr ACT   0   0   0   0   0   0 | Asn AAT   0   0   0   0   0   0 | Ser AGT   0   0   0   0   0   0
    ATC   0   0   0   0   0   0 |     ACC   0   0   0   0   0   0 |     AAC   0   0   0   0   0   0 |     AGC   0   0   0   0   0   0
    ATA   0   0   0   0   0   0 |     ACA   0   0   0   0   0   0 | Lys AAA   0   0   0   0   0   0 | Arg AGA   0   0   0   0   0   0
Met ATG   0   0   0   0   0   0 |     ACG   0   0   0   0   0   0 |     AAG   1   1   1   1   1   1 |     AGG   0   0   0   0   0   0
--------------------------------------------------------------------------------------------------------------------------------------
Val GTT   0   0   0   0   0   0 | Ala GCT   0   0   0   0   0   0 | Asp GAT   0   0   0   0   0   0 | Gly GGT   1   1   1   1   1   1
    GTC   0   0   0   0   0   0 |     GCC   1   1   1   1   1   1 |     GAC   0   0   0   0   0   0 |     GGC   1   1   1   1   1   1
    GTA   0   0   0   0   0   0 |     GCA   1   1   0   1   0   0 | Glu GAA   0   0   0   0   0   0 |     GGA   0   0   0   0   1   0
    GTG   2   2   2   2   2   2 |     GCG   0   0   1   0   1   1 |     GAG   3   3   3   3   3   3 |     GGG   1   1   1   1   0   1
--------------------------------------------------------------------------------------------------------------------------------------

--------------------------------------------------------------------------------------------------------------------------------------
Phe TTT   0   0   0   0   0   0 | Ser TCT   0   0   0   0   0   0 | Tyr TAT   0   0   0   0   0   0 | Cys TGT   0   0   0   0   0   0
    TTC   0   0   0   0   0   0 |     TCC   0   0   0   0   0   0 |     TAC   0   0   0   0   0   0 |     TGC   0   0   0   0   0   0
Leu TTA   0   0   0   0   0   0 |     TCA   0   0   0   0   0   0 | *** TAA   0   0   0   0   0   0 | *** TGA   0   0   0   0   0   0
    TTG   0   0   0   0   0   0 |     TCG   0   0   0   0   0   0 |     TAG   0   0   0   0   0   0 | Trp TGG   0   0   0   0   0   0
--------------------------------------------------------------------------------------------------------------------------------------
Leu CTT   0   0   0   0   0   0 | Pro CCT   0   1   0   0   0   0 | His CAT   0   0   0   0   0   0 | Arg CGT   0   0   0   0   0   0
    CTC   0   0   0   0   0   0 |     CCC   0   0   0   0   0   0 |     CAC   1   1   1   2   1   1 |     CGC   1   1   1   0   1   1
    CTA   0   0   0   0   0   0 |     CCA   0   0   1   1   0   1 | Gln CAA   0   0   0   0   0   0 |     CGA   1   1   1   1   1   1
    CTG   3   3   2   2   2   2 |     CCG   1   0   1   1   2   1 |     CAG   0   0   0   0   0   0 |     CGG   1   1   1   1   1   1
--------------------------------------------------------------------------------------------------------------------------------------
Ile ATT   0   0   0   0   0   0 | Thr ACT   0   0   0   0   0   0 | Asn AAT   0   0   0   0   0   0 | Ser AGT   0   0   0   0   0   0
    ATC   0   0   0   0   0   0 |     ACC   0   0   0   0   0   0 |     AAC   0   0   0   0   0   0 |     AGC   0   0   0   0   0   0
    ATA   0   0   0   0   0   0 |     ACA   0   0   0   0   0   0 | Lys AAA   0   0   0   0   0   0 | Arg AGA   0   0   0   0   0   0
Met ATG   0   0   0   0   0   0 |     ACG   0   0   0   0   0   0 |     AAG   1   1   1   1   1   1 |     AGG   0   0   0   0   0   0
--------------------------------------------------------------------------------------------------------------------------------------
Val GTT   0   0   0   0   0   0 | Ala GCT   0   0   0   0   0   0 | Asp GAT   0   1   0   0   0   0 | Gly GGT   1   1   1   1   1   1
    GTC   0   0   0   0   0   0 |     GCC   1   1   1   1   1   1 |     GAC   1   0   0   0   0   0 |     GGC   1   1   1   1   1   1
    GTA   0   0   0   0   0   0 |     GCA   0   0   0   0   0   0 | Glu GAA   0   0   0   0   0   0 |     GGA   0   0   0   0   0   0
    GTG   2   2   2   2   2   2 |     GCG   1   1   1   1   1   1 |     GAG   2   2   3   3   3   3 |     GGG   1   1   1   1   1   1
--------------------------------------------------------------------------------------------------------------------------------------

--------------------------------------------------------------------------------------------------------------------------------------
Phe TTT   0   0   0   0   0   0 | Ser TCT   0   0   0   0   0   0 | Tyr TAT   0   0   0   0   0   0 | Cys TGT   0   0   0   0   0   0
    TTC   0   0   0   0   0   0 |     TCC   0   0   0   0   0   0 |     TAC   0   0   0   0   0   0 |     TGC   1   0   0   0   0   0
Leu TTA   0   0   0   0   0   0 |     TCA   0   0   0   0   0   0 | *** TAA   0   0   0   0   0   0 | *** TGA   0   0   0   0   0   0
    TTG   0   0   0   0   0   0 |     TCG   0   0   0   0   0   0 |     TAG   0   0   0   0   0   0 | Trp TGG   0   0   0   0   0   0
--------------------------------------------------------------------------------------------------------------------------------------
Leu CTT   0   0   0   0   0   0 | Pro CCT   0   0   0   0   0   0 | His CAT   0   0   0   0   0   0 | Arg CGT   0   0   0   0   0   0
    CTC   0   0   0   0   0   0 |     CCC   0   0   0   0   0   0 |     CAC   1   1   2   1   1   1 |     CGC   1   1   0   1   1   1
    CTA   0   0   0   0   0   0 |     CCA   0   2   0   0   2   0 | Gln CAA   0   0   0   0   0   0 |     CGA   1   1   1   1   0   1
    CTG   2   2   2   2   2   2 |     CCG   2   0   2   2   0   2 |     CAG   0   0   0   0   1   0 |     CGG   1   1   1   1   1   1
--------------------------------------------------------------------------------------------------------------------------------------
Ile ATT   0   0   0   0   0   0 | Thr ACT   0   0   0   0   0   0 | Asn AAT   0   0   0   0   0   0 | Ser AGT   0   0   0   0   0   0
    ATC   0   0   0   0   0   0 |     ACC   0   0   0   0   0   0 |     AAC   0   0   0   0   0   0 |     AGC   0   0   0   0   0   0
    ATA   0   0   0   0   0   0 |     ACA   0   0   0   0   0   0 | Lys AAA   0   0   0   1   0   0 | Arg AGA   0   0   0   0   0   0
Met ATG   0   0   0   0   0   0 |     ACG   0   0   0   0   0   0 |     AAG   1   1   1   0   1   1 |     AGG   0   0   0   0   0   0
--------------------------------------------------------------------------------------------------------------------------------------
Val GTT   0   0   0   0   0   0 | Ala GCT   0   0   0   0   0   0 | Asp GAT   0   0   0   0   0   0 | Gly GGT   1   1   1   1   1   1
    GTC   0   0   0   0   0   0 |     GCC   1   1   1   1   1   1 |     GAC   0   0   1   0   0   0 |     GGC   0   1   1   1   1   1
    GTA   0   0   0   0   0   0 |     GCA   0   0   0   0   1   0 | Glu GAA   0   0   0   0   0   0 |     GGA   0   0   0   0   0   0
    GTG   2   2   2   2   2   2 |     GCG   1   1   1   1   0   1 |     GAG   3   3   2   3   3   3 |     GGG   1   1   1   1   1   1
--------------------------------------------------------------------------------------------------------------------------------------

--------------------------------------------------------------------------------------------------------------------------------------
Phe TTT   0   0   0   0   0   0 | Ser TCT   0   0   0   0   0   0 | Tyr TAT   0   0   0   0   0   0 | Cys TGT   0   0   0   0   0   0
    TTC   0   0   0   0   0   0 |     TCC   0   0   0   0   0   0 |     TAC   0   0   0   0   0   0 |     TGC   0   0   0   0   0   0
Leu TTA   0   0   0   0   0   0 |     TCA   0   0   0   0   0   0 | *** TAA   0   0   0   0   0   0 | *** TGA   0   0   0   0   0   0
    TTG   0   0   0   0   0   0 |     TCG   0   0   0   0   0   0 |     TAG   0   0   0   0   0   0 | Trp TGG   0   0   0   0   0   0
--------------------------------------------------------------------------------------------------------------------------------------
Leu CTT   0   0   0   0   0   0 | Pro CCT   0   0   0   0   0   0 | His CAT   0   0   0   0   0   1 | Arg CGT   0   0   0   0   0   0
    CTC   0   0   0   0   0   0 |     CCC   0   0   0   0   0   0 |     CAC   1   1   1   1   1   1 |     CGC   1   1   1   1   1   0
    CTA   0   0   0   0   0   0 |     CCA   0   2   1   1   2   1 | Gln CAA   0   0   0   0   0   0 |     CGA   1   1   1   1   1   1
    CTG   2   2   2   2   2   2 |     CCG   2   0   1   1   0   1 |     CAG   0   0   0   0   0   0 |     CGG   1   1   1   1   1   1
--------------------------------------------------------------------------------------------------------------------------------------
Ile ATT   0   0   0   0   0   0 | Thr ACT   0   0   0   0   0   0 | Asn AAT   0   0   0   0   0   0 | Ser AGT   0   0   0   0   0   0
    ATC   0   0   0   0   0   0 |     ACC   0   0   0   0   0   0 |     AAC   0   0   0   0   0   0 |     AGC   0   0   0   0   0   0
    ATA   0   0   0   0   0   0 |     ACA   0   0   0   0   0   0 | Lys AAA   0   0   0   0   0   0 | Arg AGA   0   0   0   0   0   0
Met ATG   0   0   0   0   0   0 |     ACG   0   0   0   0   0   0 |     AAG   1   1   1   1   1   1 |     AGG   0   0   0   0   0   0
--------------------------------------------------------------------------------------------------------------------------------------
Val GTT   0   0   0   0   0   0 | Ala GCT   1   1   0   0   0   0 | Asp GAT   0   0   0   0   0   0 | Gly GGT   1   1   1   2   1   1
    GTC   0   0   0   0   0   0 |     GCC   0   1   1   1   1   1 |     GAC   0   0   0   0   0   1 |     GGC   1   1   1   0   1   1
    GTA   0   0   0   0   0   0 |     GCA   0   0   0   0   0   0 | Glu GAA   0   0   0   1   0   0 |     GGA   0   0   0   0   0   0
    GTG   2   2   2   2   2   2 |     GCG   1   0   1   1   1   1 |     GAG   3   3   3   2   3   2 |     GGG   1   1   1   1   1   1
--------------------------------------------------------------------------------------------------------------------------------------

--------------------------------------------------------------------------------------------------------------------------------------
Phe TTT   0   0   0   0   0   0 | Ser TCT   0   0   0   0   0   0 | Tyr TAT   0   0   0   0   0   0 | Cys TGT   0   0   0   0   0   0
    TTC   0   0   0   0   0   0 |     TCC   0   0   0   0   0   0 |     TAC   0   0   0   0   0   0 |     TGC   0   0   0   0   0   0
Leu TTA   0   0   0   0   0   0 |     TCA   0   0   0   0   0   0 | *** TAA   0   0   0   0   0   0 | *** TGA   0   0   0   0   0   0
    TTG   0   0   0   0   0   0 |     TCG   0   0   0   0   0   0 |     TAG   0   0   0   0   0   0 | Trp TGG   0   0   0   0   0   0
--------------------------------------------------------------------------------------------------------------------------------------
Leu CTT   0   0   0   0   0   0 | Pro CCT   0   0   0   1   0   0 | His CAT   0   0   0   0   0   0 | Arg CGT   0   0   0   0   0   0
    CTC   0   0   0   0   0   0 |     CCC   0   0   0   0   0   0 |     CAC   1   2   2   1   1   1 |     CGC   1   0   0   1   1   1
    CTA   0   0   0   0   0   0 |     CCA   0   0   0   0   1   0 | Gln CAA   0   0   0   0   0   0 |     CGA   1   1   1   1   1   1
    CTG   2   2   2   3   2   2 |     CCG   2   2   2   0   1   2 |     CAG   0   0   0   0   0   0 |     CGG   1   1   1   1   1   1
--------------------------------------------------------------------------------------------------------------------------------------
Ile ATT   0   0   0   0   0   0 | Thr ACT   0   0   0   0   0   0 | Asn AAT   0   0   0   0   0   0 | Ser AGT   0   0   0   0   0   0
    ATC   0   0   0   0   0   0 |     ACC   0   0   0   0   0   0 |     AAC   0   0   0   0   0   0 |     AGC   0   0   0   0   0   0
    ATA   0   0   0   0   0   0 |     ACA   0   0   0   0   0   0 | Lys AAA   0   0   0   0   0   0 | Arg AGA   0   0   0   0   0   0
Met ATG   0   0   0   0   0   0 |     ACG   0   0   0   0   0   0 |     AAG   1   1   1   1   1   1 |     AGG   0   0   0   0   0   0
--------------------------------------------------------------------------------------------------------------------------------------
Val GTT   0   0   0   0   0   0 | Ala GCT   0   0   0   0   1   0 | Asp GAT   0   0   0   1   0   0 | Gly GGT   1   1   1   1   1   1
    GTC   0   0   0   0   0   1 |     GCC   1   1   1   1   1   1 |     GAC   1   0   1   1   0   0 |     GGC   1   1   1   0   1   1
    GTA   0   0   0   0   0   0 |     GCA   0   0   0   0   0   0 | Glu GAA   0   0   0   0   0   0 |     GGA   0   0   0   0   0   0
    GTG   2   2   2   2   2   1 |     GCG   1   1   1   1   0   1 |     GAG   2   3   2   2   3   3 |     GGG   1   1   1   1   1   1
--------------------------------------------------------------------------------------------------------------------------------------

--------------------------------------------------------------------------------------------------------------------------------------
Phe TTT   0   0   0   0   0   0 | Ser TCT   0   0   0   0   0   0 | Tyr TAT   0   0   0   0   0   0 | Cys TGT   0   0   0   0   0   0
    TTC   0   0   0   0   0   0 |     TCC   0   0   0   0   0   0 |     TAC   0   0   0   0   0   0 |     TGC   0   0   0   0   0   0
Leu TTA   0   0   0   0   0   0 |     TCA   0   0   0   0   0   0 | *** TAA   0   0   0   0   0   0 | *** TGA   0   0   0   0   0   0
    TTG   0   0   0   0   0   0 |     TCG   0   0   0   0   0   0 |     TAG   0   0   0   0   0   0 | Trp TGG   0   0   0   0   0   0
--------------------------------------------------------------------------------------------------------------------------------------
Leu CTT   0   0   0   0   0   0 | Pro CCT   0   0   0   0   0   0 | His CAT   0   0   0   0   0   0 | Arg CGT   0   0   0   1   0   0
    CTC   0   0   0   0   0   0 |     CCC   0   0   0   0   0   0 |     CAC   1   1   1   1   1   1 |     CGC   1   1   1   0   1   1
    CTA   1   0   0   0   0   0 |     CCA   0   1   0   0   1   1 | Gln CAA   0   0   0   0   0   0 |     CGA   1   1   1   1   1   1
    CTG   2   2   2   2   2   2 |     CCG   1   0   2   2   1   1 |     CAG   0   0   0   0   0   0 |     CGG   1   2   1   1   1   1
--------------------------------------------------------------------------------------------------------------------------------------
Ile ATT   0   0   0   0   0   0 | Thr ACT   0   0   0   0   0   0 | Asn AAT   0   0   0   0   0   0 | Ser AGT   0   0   0   0   0   0
    ATC   0   0   0   0   0   0 |     ACC   0   0   0   0   0   0 |     AAC   0   0   0   0   0   0 |     AGC   0   0   0   0   0   0
    ATA   0   0   0   0   0   0 |     ACA   0   0   0   0   0   0 | Lys AAA   0   0   0   0   0   0 | Arg AGA   0   0   0   0   0   0
Met ATG   0   0   0   0   0   0 |     ACG   0   0   0   0   0   0 |     AAG   1   1   1   1   1   1 |     AGG   0   0   0   0   0   0
--------------------------------------------------------------------------------------------------------------------------------------
Val GTT   0   0   0   1   0   0 | Ala GCT   0   0   0   0   0   0 | Asp GAT   0   0   0   0   0   0 | Gly GGT   1   1   1   0   1   1
    GTC   0   0   0   0   0   0 |     GCC   1   1   1   1   1   1 |     GAC   0   0   0   0   0   0 |     GGC   1   1   1   1   1   1
    GTA   0   0   0   0   0   0 |     GCA   0   0   0   0   0   0 | Glu GAA   0   0   0   0   0   0 |     GGA   0   0   0   0   0   0
    GTG   2   2   2   2   2   2 |     GCG   1   1   1   1   1   1 |     GAG   3   3   3   3   3   3 |     GGG   1   1   1   1   1   1
--------------------------------------------------------------------------------------------------------------------------------------

Codon position x base (3x4) table for each sequence.

#1: Argali         
position  1:    T:0.00000    C:0.42105    A:0.05263    G:0.52632
position  2:    T:0.21053    C:0.21053    A:0.26316    G:0.31579
position  3:    T:0.05263    C:0.21053    A:0.10526    G:0.63158
Average         T:0.08772    C:0.28070    A:0.14035    G:0.49123

#2: LesserMouseDeer
position  1:    T:0.00000    C:0.42105    A:0.05263    G:0.52632
position  2:    T:0.26316    C:0.10526    A:0.36842    G:0.26316
position  3:    T:0.05263    C:0.21053    A:0.00000    G:0.73684
Average         T:0.10526    C:0.24561    A:0.14035    G:0.50877

#3: LesserKudu     
position  1:    T:0.00000    C:0.42105    A:0.05263    G:0.52632
position  2:    T:0.21053    C:0.21053    A:0.26316    G:0.31579
position  3:    T:0.10526    C:0.15789    A:0.10526    G:0.63158
Average         T:0.10526    C:0.26316    A:0.14035    G:0.49123

#4: ForestMuskDeer2
position  1:    T:0.00000    C:0.42105    A:0.05263    G:0.52632
position  2:    T:0.26316    C:0.21053    A:0.26316    G:0.26316
position  3:    T:0.10526    C:0.15789    A:0.05263    G:0.68421
Average         T:0.12281    C:0.26316    A:0.12281    G:0.49123

#5: Camel          
position  1:    T:0.05263    C:0.36842    A:0.05263    G:0.52632
position  2:    T:0.26316    C:0.10526    A:0.31579    G:0.31579
position  3:    T:0.00000    C:0.21053    A:0.00000    G:0.78947
Average         T:0.10526    C:0.22807    A:0.12281    G:0.54386

#6: KillerWhale    
position  1:    T:0.00000    C:0.42105    A:0.05263    G:0.52632
position  2:    T:0.31579    C:0.15789    A:0.26316    G:0.26316
position  3:    T:0.10526    C:0.15789    A:0.00000    G:0.73684
Average         T:0.14035    C:0.24561    A:0.10526    G:0.50877

#7: DefassaWaterbuck
position  1:    T:0.00000    C:0.42105    A:0.05263    G:0.52632
position  2:    T:0.21053    C:0.21053    A:0.26316    G:0.31579
position  3:    T:0.10526    C:0.15789    A:0.15789    G:0.57895
Average         T:0.10526    C:0.26316    A:0.15789    G:0.47368

#8: Sheep          
position  1:    T:0.00000    C:0.42105    A:0.05263    G:0.52632
position  2:    T:0.21053    C:0.21053    A:0.26316    G:0.31579
position  3:    T:0.05263    C:0.21053    A:0.10526    G:0.63158
Average         T:0.08772    C:0.28070    A:0.14035    G:0.49123

#9: MaxwellsDuiker 
position  1:    T:0.00000    C:0.42105    A:0.05263    G:0.52632
position  2:    T:0.21053    C:0.21053    A:0.26316    G:0.31579
position  3:    T:0.05263    C:0.21053    A:0.05263    G:0.68421
Average         T:0.08772    C:0.28070    A:0.12281    G:0.50877

#10: GazellaPrzewalskyi
position  1:    T:0.00000    C:0.42105    A:0.05263    G:0.52632
position  2:    T:0.21053    C:0.21053    A:0.26316    G:0.31579
position  3:    T:0.05263    C:0.21053    A:0.05263    G:0.68421
Average         T:0.08772    C:0.28070    A:0.12281    G:0.50877

#11: MountainNyala  
position  1:    T:0.00000    C:0.42105    A:0.05263    G:0.52632
position  2:    T:0.21053    C:0.21053    A:0.26316    G:0.31579
position  3:    T:0.05263    C:0.21053    A:0.10526    G:0.63158
Average         T:0.08772    C:0.28070    A:0.14035    G:0.49123

#12: MuntiacusMuntjak
position  1:    T:0.05263    C:0.42105    A:0.05263    G:0.47368
position  2:    T:0.21053    C:0.21053    A:0.31579    G:0.26316
position  3:    T:0.05263    C:0.26316    A:0.05263    G:0.63158
Average         T:0.10526    C:0.29825    A:0.14035    G:0.45614

#13: goat           
position  1:    T:0.00000    C:0.42105    A:0.05263    G:0.52632
position  2:    T:0.21053    C:0.21053    A:0.26316    G:0.31579
position  3:    T:0.05263    C:0.21053    A:0.10526    G:0.63158
Average         T:0.08772    C:0.28070    A:0.14035    G:0.49123

#14: AfricanBuffalo 
position  1:    T:0.00000    C:0.42105    A:0.05263    G:0.52632
position  2:    T:0.21053    C:0.21053    A:0.26316    G:0.31579
position  3:    T:0.10526    C:0.21053    A:0.10526    G:0.57895
Average         T:0.10526    C:0.28070    A:0.14035    G:0.47368

#15: Topi           
position  1:    T:0.00000    C:0.42105    A:0.05263    G:0.52632
position  2:    T:0.21053    C:0.21053    A:0.26316    G:0.31579
position  3:    T:0.05263    C:0.21053    A:0.05263    G:0.68421
Average         T:0.08772    C:0.28070    A:0.12281    G:0.50877

#16: CommonDuiker   
position  1:    T:0.00000    C:0.42105    A:0.05263    G:0.52632
position  2:    T:0.21053    C:0.21053    A:0.26316    G:0.31579
position  3:    T:0.10526    C:0.15789    A:0.21053    G:0.52632
Average         T:0.10526    C:0.26316    A:0.17544    G:0.45614

#17: Suni           
position  1:    T:0.00000    C:0.42105    A:0.05263    G:0.52632
position  2:    T:0.21053    C:0.21053    A:0.26316    G:0.31579
position  3:    T:0.10526    C:0.21053    A:0.05263    G:0.63158
Average         T:0.10526    C:0.28070    A:0.12281    G:0.49123

#18: Springbuck     
position  1:    T:0.00000    C:0.42105    A:0.05263    G:0.52632
position  2:    T:0.21053    C:0.21053    A:0.26316    G:0.31579
position  3:    T:0.05263    C:0.21053    A:0.10526    G:0.63158
Average         T:0.08772    C:0.28070    A:0.14035    G:0.49123

#19: Okapi          
position  1:    T:0.00000    C:0.42105    A:0.05263    G:0.52632
position  2:    T:0.21053    C:0.21053    A:0.31579    G:0.26316
position  3:    T:0.05263    C:0.21053    A:0.10526    G:0.63158
Average         T:0.08772    C:0.28070    A:0.15789    G:0.47368

#20: Giraffe        
position  1:    T:0.00000    C:0.42105    A:0.05263    G:0.52632
position  2:    T:0.21053    C:0.21053    A:0.26316    G:0.31579
position  3:    T:0.05263    C:0.21053    A:0.10526    G:0.63158
Average         T:0.08772    C:0.28070    A:0.14035    G:0.49123

#21: TibetanAntelope
position  1:    T:0.00000    C:0.42105    A:0.05263    G:0.52632
position  2:    T:0.21053    C:0.21053    A:0.26316    G:0.31579
position  3:    T:0.05263    C:0.21053    A:0.05263    G:0.68421
Average         T:0.08772    C:0.28070    A:0.12281    G:0.50877

#22: Sitatunga      
position  1:    T:0.00000    C:0.42105    A:0.05263    G:0.52632
position  2:    T:0.21053    C:0.21053    A:0.26316    G:0.31579
position  3:    T:0.05263    C:0.21053    A:0.15789    G:0.57895
Average         T:0.08772    C:0.28070    A:0.15789    G:0.47368

#23: Oribi          
position  1:    T:0.00000    C:0.42105    A:0.05263    G:0.52632
position  2:    T:0.21053    C:0.21053    A:0.26316    G:0.31579
position  3:    T:0.05263    C:0.21053    A:0.15789    G:0.57895
Average         T:0.08772    C:0.28070    A:0.15789    G:0.47368

#24: BarbarySheep   
position  1:    T:0.00000    C:0.42105    A:0.05263    G:0.52632
position  2:    T:0.21053    C:0.21053    A:0.26316    G:0.31579
position  3:    T:0.05263    C:0.21053    A:0.10526    G:0.63158
Average         T:0.08772    C:0.28070    A:0.14035    G:0.49123

#25: Daviddeer      
position  1:    T:0.00000    C:0.42105    A:0.05263    G:0.52632
position  2:    T:0.26316    C:0.15789    A:0.26316    G:0.31579
position  3:    T:0.05263    C:0.26316    A:0.05263    G:0.63158
Average         T:0.10526    C:0.28070    A:0.12281    G:0.49123

#26: Reindeer       
position  1:    T:0.00000    C:0.42105    A:0.05263    G:0.52632
position  2:    T:0.26316    C:0.15789    A:0.26316    G:0.31579
position  3:    T:0.15789    C:0.21053    A:0.05263    G:0.57895
Average         T:0.14035    C:0.26316    A:0.12281    G:0.47368

#27: Ibex           
position  1:    T:0.00000    C:0.42105    A:0.05263    G:0.52632
position  2:    T:0.21053    C:0.21053    A:0.26316    G:0.31579
position  3:    T:0.05263    C:0.21053    A:0.10526    G:0.63158
Average         T:0.08772    C:0.28070    A:0.14035    G:0.49123

#28: GyrantGazelle  
position  1:    T:0.00000    C:0.42105    A:0.05263    G:0.52632
position  2:    T:0.21053    C:0.21053    A:0.31579    G:0.26316
position  3:    T:0.05263    C:0.21053    A:0.10526    G:0.63158
Average         T:0.08772    C:0.28070    A:0.15789    G:0.47368

#29: Hartebeest     
position  1:    T:0.00000    C:0.42105    A:0.05263    G:0.52632
position  2:    T:0.21053    C:0.21053    A:0.26316    G:0.31579
position  3:    T:0.05263    C:0.21053    A:0.05263    G:0.68421
Average         T:0.08772    C:0.28070    A:0.12281    G:0.50877

#30: Bongo          
position  1:    T:0.00000    C:0.42105    A:0.05263    G:0.52632
position  2:    T:0.21053    C:0.21053    A:0.26316    G:0.31579
position  3:    T:0.05263    C:0.21053    A:0.10526    G:0.63158
Average         T:0.08772    C:0.28070    A:0.14035    G:0.49123

#31: Gerenuk        
position  1:    T:0.05263    C:0.42105    A:0.05263    G:0.47368
position  2:    T:0.21053    C:0.21053    A:0.26316    G:0.31579
position  3:    T:0.05263    C:0.21053    A:0.05263    G:0.68421
Average         T:0.10526    C:0.28070    A:0.12281    G:0.49123

#32: CommonEland    
position  1:    T:0.00000    C:0.42105    A:0.05263    G:0.52632
position  2:    T:0.21053    C:0.21053    A:0.26316    G:0.31579
position  3:    T:0.05263    C:0.21053    A:0.15789    G:0.57895
Average         T:0.08772    C:0.28070    A:0.15789    G:0.47368

#33: MuntiacusReevesi
position  1:    T:0.00000    C:0.42105    A:0.05263    G:0.52632
position  2:    T:0.21053    C:0.21053    A:0.31579    G:0.26316
position  3:    T:0.05263    C:0.26316    A:0.05263    G:0.63158
Average         T:0.08772    C:0.29825    A:0.14035    G:0.47368

#34: HarveysDuiker  
position  1:    T:0.00000    C:0.42105    A:0.05263    G:0.52632
position  2:    T:0.21053    C:0.21053    A:0.26316    G:0.31579
position  3:    T:0.05263    C:0.21053    A:0.10526    G:0.63158
Average         T:0.08772    C:0.28070    A:0.14035    G:0.49123

#35: Pronghorn      
position  1:    T:0.00000    C:0.42105    A:0.05263    G:0.52632
position  2:    T:0.21053    C:0.21053    A:0.31579    G:0.26316
position  3:    T:0.05263    C:0.21053    A:0.15789    G:0.57895
Average         T:0.08772    C:0.28070    A:0.17544    G:0.45614

#36: BlueWildebeest 
position  1:    T:0.00000    C:0.42105    A:0.05263    G:0.52632
position  2:    T:0.21053    C:0.21053    A:0.26316    G:0.31579
position  3:    T:0.05263    C:0.21053    A:0.05263    G:0.68421
Average         T:0.08772    C:0.28070    A:0.12281    G:0.50877

#37: Gemsbok        
position  1:    T:0.00000    C:0.42105    A:0.05263    G:0.52632
position  2:    T:0.21053    C:0.21053    A:0.26316    G:0.31579
position  3:    T:0.10526    C:0.15789    A:0.05263    G:0.68421
Average         T:0.10526    C:0.26316    A:0.12281    G:0.50877

#38: Yak            
position  1:    T:0.00000    C:0.42105    A:0.05263    G:0.52632
position  2:    T:0.21053    C:0.21053    A:0.26316    G:0.31579
position  3:    T:0.10526    C:0.21053    A:0.15789    G:0.52632
Average         T:0.10526    C:0.28070    A:0.15789    G:0.45614

#39: BlueSheep      
position  1:    T:0.00000    C:0.42105    A:0.05263    G:0.52632
position  2:    T:0.21053    C:0.21053    A:0.26316    G:0.31579
position  3:    T:0.05263    C:0.21053    A:0.10526    G:0.63158
Average         T:0.08772    C:0.28070    A:0.14035    G:0.49123

#40: BohorReedbuck  
position  1:    T:0.00000    C:0.42105    A:0.05263    G:0.52632
position  2:    T:0.21053    C:0.21053    A:0.26316    G:0.31579
position  3:    T:0.10526    C:0.15789    A:0.15789    G:0.57895
Average         T:0.10526    C:0.26316    A:0.15789    G:0.47368

#41: KirksDik       
position  1:    T:0.00000    C:0.42105    A:0.05263    G:0.52632
position  2:    T:0.21053    C:0.21053    A:0.26316    G:0.31579
position  3:    T:0.05263    C:0.21053    A:0.15789    G:0.57895
Average         T:0.08772    C:0.28070    A:0.15789    G:0.47368

#42: RoeDeer        
position  1:    T:0.00000    C:0.42105    A:0.05263    G:0.52632
position  2:    T:0.21053    C:0.21053    A:0.31579    G:0.26316
position  3:    T:0.10526    C:0.21053    A:0.10526    G:0.57895
Average         T:0.10526    C:0.28070    A:0.15789    G:0.45614

#43: WhiteLippedDeer
position  1:    T:0.00000    C:0.42105    A:0.05263    G:0.52632
position  2:    T:0.21053    C:0.21053    A:0.26316    G:0.31579
position  3:    T:0.05263    C:0.26316    A:0.05263    G:0.63158
Average         T:0.08772    C:0.29825    A:0.12281    G:0.49123

#44: ThomsonGazelle 
position  1:    T:0.00000    C:0.42105    A:0.05263    G:0.52632
position  2:    T:0.21053    C:0.21053    A:0.31579    G:0.26316
position  3:    T:0.05263    C:0.21053    A:0.05263    G:0.68421
Average         T:0.08772    C:0.28070    A:0.14035    G:0.49123

#45: MuntiacusCrinifrons
position  1:    T:0.00000    C:0.42105    A:0.05263    G:0.52632
position  2:    T:0.21053    C:0.21053    A:0.31579    G:0.26316
position  3:    T:0.05263    C:0.26316    A:0.05263    G:0.63158
Average         T:0.08772    C:0.29825    A:0.14035    G:0.47368

#46: WhiteTailedDeer
position  1:    T:0.00000    C:0.42105    A:0.05263    G:0.52632
position  2:    T:0.26316    C:0.15789    A:0.31579    G:0.26316
position  3:    T:0.15789    C:0.21053    A:0.05263    G:0.57895
Average         T:0.14035    C:0.26316    A:0.14035    G:0.45614

#47: Cattle         
position  1:    T:0.00000    C:0.42105    A:0.05263    G:0.52632
position  2:    T:0.21053    C:0.21053    A:0.26316    G:0.31579
position  3:    T:0.10526    C:0.21053    A:0.10526    G:0.57895
Average         T:0.10526    C:0.28070    A:0.14035    G:0.47368

#48: RoyalAntelope  
position  1:    T:0.00000    C:0.42105    A:0.05263    G:0.52632
position  2:    T:0.21053    C:0.21053    A:0.26316    G:0.31579
position  3:    T:0.05263    C:0.26316    A:0.05263    G:0.63158
Average         T:0.08772    C:0.29825    A:0.12281    G:0.49123

#49: Steenbok       
position  1:    T:0.00000    C:0.42105    A:0.05263    G:0.52632
position  2:    T:0.26316    C:0.15789    A:0.26316    G:0.31579
position  3:    T:0.05263    C:0.21053    A:0.10526    G:0.63158
Average         T:0.10526    C:0.26316    A:0.14035    G:0.49123

#50: Impala         
position  1:    T:0.00000    C:0.42105    A:0.05263    G:0.52632
position  2:    T:0.21053    C:0.15789    A:0.26316    G:0.36842
position  3:    T:0.05263    C:0.21053    A:0.10526    G:0.63158
Average         T:0.08772    C:0.26316    A:0.14035    G:0.50877

#51: Klipspringer   
position  1:    T:0.00000    C:0.42105    A:0.05263    G:0.52632
position  2:    T:0.21053    C:0.21053    A:0.26316    G:0.31579
