1
52 1
Argali 0.000000 0.193700 0.069500 0.182600 0.081900 0.000000 0.084700 0.101300 0.069500 0.136500 0.026700 0.101000 0.054700 0.055200 0.084300 0.097500 0.127100 0.127700 0.026900 0.069000 0.083900 0.026700 0.133700 0.146900 0.026700 0.084700 0.041000 0.069500 0.129900 0.069500 0.136500 0.040800 0.116800 0.041000 0.055700 0.055800 0.026800 0.094000 0.071900 0.163600 0.134000 0.071300 0.137500 0.147900 0.069500 0.112700 0.116200 0.112400 0.084900 0.084800 0.083200 0.069700
LesserMous 0.193700 0.000000 0.170700 0.233800 0.187800 0.194800 0.186400 0.139900 0.170700 0.190700 0.193000 0.217200 0.145400 0.158400 0.162200 0.173400 0.193600 0.195000 0.159800 0.169200 0.159300 0.193400 0.150500 0.163800 0.193400 0.190400 0.142900 0.170700 0.209500 0.170700 0.190700 0.175600 0.182300 0.142900 0.161700 0.162000 0.193500 0.197700 0.183000 0.176900 0.150600 0.179900 0.192200 0.165800 0.177200 0.226400 0.194900 0.209300 0.194600 0.175600 0.169800 0.171100
LesserKudu 0.069500 0.170700 0.000000 0.166600 0.068100 0.069700 0.070400 0.086300 0.000000 0.088900 0.069200 0.056600 0.040900 0.041300 0.070100 0.083200 0.083200 0.083600 0.069800 0.000000 0.069700 0.069400 0.087100 0.100600 0.069400 0.070300 0.027300 0.000000 0.114800 0.000000 0.088900 0.055200 0.071500 0.027300 0.041600 0.013700 0.069600 0.079800 0.057400 0.116100 0.087300 0.056800 0.089500 0.101200 0.027300 0.098100 0.101200 0.098100 0.070600 0.041700 0.013300 0.027300
KillerWhal 0.182600 0.233800 0.166600 0.000000 0.145800 0.183300 0.183900 0.152800 0.166600 0.249600 0.182000 0.205500 0.149000 0.150100 0.151200 0.178900 0.197900 0.182700 0.183600 0.165200 0.164900 0.182500 0.244000 0.257300 0.182500 0.164200 0.134100 0.166600 0.215800 0.166600 0.249600 0.161500 0.189000 0.134100 0.151700 0.152200 0.182900 0.159300 0.154600 0.276200 0.245000 0.152800 0.251500 0.259500 0.167000 0.215400 0.201900 0.165200 0.185900 0.151600 0.181200 0.167200
DefassaWat 0.081900 0.187800 0.068100 0.145800 0.000000 0.082200 0.054600 0.099000 0.068100 0.132900 0.081600 0.098800 0.053700 0.026800 0.082900 0.095900 0.095400 0.125200 0.082400 0.067500 0.054100 0.081900 0.130400 0.143800 0.081900 0.054500 0.040300 0.068100 0.127300 0.068100 0.132900 0.067900 0.114300 0.040300 0.054600 0.054700 0.082000 0.009900 0.070500 0.172000 0.130800 0.041200 0.133800 0.144700 0.040400 0.081500 0.114000 0.081800 0.083400 0.083500 0.081400 0.068300
Sheep 0.000000 0.194800 0.069700 0.183300 0.082200 0.000000 0.085100 0.101800 0.069700 0.137000 0.026800 0.101400 0.054900 0.055500 0.084700 0.097900 0.127700 0.128200 0.027000 0.069300 0.084200 0.026900 0.134200 0.147500 0.026900 0.085000 0.041200 0.069700 0.130400 0.069700 0.137000 0.040900 0.117300 0.041200 0.055900 0.056000 0.026900 0.094200 0.072100 0.164200 0.134500 0.071600 0.138000 0.148500 0.069800 0.113100 0.116600 0.112900 0.085300 0.085200 0.083500 0.070000
MaxwellsDu 0.084700 0.186400 0.070400 0.183900 0.054600 0.085100 0.000000 0.102500 0.070400 0.130300 0.084600 0.102500 0.055500 0.027500 0.085800 0.098900 0.129200 0.129900 0.085300 0.069900 0.085000 0.084800 0.127600 0.140900 0.084800 0.085700 0.041700 0.070400 0.131000 0.070400 0.130300 0.070300 0.118600 0.041700 0.056500 0.056600 0.085000 0.066000 0.072900 0.170300 0.127600 0.072000 0.130800 0.141800 0.041700 0.055100 0.117800 0.084400 0.086200 0.086400 0.084300 0.070700
GazellaPrz 0.101300 0.139900 0.086300 0.152800 0.099000 0.101800 0.102500 0.000000 0.086300 0.157400 0.100900 0.120100 0.071000 0.071600 0.072000 0.084400 0.147100 0.132200 0.071600 0.085700 0.070500 0.101200 0.121100 0.134900 0.101200 0.071200 0.056800 0.086300 0.116000 0.086300 0.157400 0.083300 0.120700 0.056800 0.072300 0.072500 0.101400 0.110300 0.058100 0.151200 0.121400 0.057600 0.158600 0.135900 0.086800 0.101100 0.071700 0.101000 0.102800 0.103200 0.100500 0.086700
MountainNy 0.069500 0.170700 0.000000 0.166600 0.068100 0.069700 0.070400 0.086300 0.000000 0.088900 0.069200 0.056600 0.040900 0.041300 0.070100 0.083200 0.083200 0.083600 0.069800 0.000000 0.069700 0.069400 0.087100 0.100600 0.069400 0.070300 0.027300 0.000000 0.114800 0.000000 0.088900 0.055200 0.071500 0.027300 0.041600 0.013700 0.069600 0.079800 0.057400 0.116100 0.087300 0.056800 0.089500 0.101200 0.027300 0.098100 0.101200 0.098100 0.070600 0.041700 0.013300 0.027300
MuntiacusM 0.136500 0.190700 0.088900 0.249600 0.132900 0.137000 0.130300 0.157400 0.088900 0.000000 0.136100 0.123800 0.103900 0.094200 0.137700 0.150700 0.119300 0.120200 0.137000 0.088200 0.136300 0.136400 0.029100 0.073100 0.136400 0.137600 0.089000 0.088900 0.177700 0.088900 0.000000 0.120200 0.140700 0.089000 0.105800 0.074600 0.136700 0.145500 0.125200 0.089000 0.029300 0.123400 0.000000 0.073600 0.089200 0.161600 0.139100 0.135100 0.138400 0.105900 0.073000 0.089200
goat 0.026700 0.193000 0.069200 0.182000 0.081600 0.026800 0.084600 0.100900 0.069200 0.136100 0.000000 0.100600 0.054500 0.055100 0.084000 0.097100 0.126700 0.127200 0.026800 0.068800 0.083500 0.000000 0.133200 0.146500 0.000000 0.084400 0.040900 0.069200 0.129500 0.069200 0.136100 0.069000 0.116400 0.040900 0.055500 0.055600 0.000100 0.093400 0.071500 0.163000 0.133600 0.071000 0.137100 0.147400 0.069300 0.112400 0.115600 0.112100 0.084600 0.084500 0.082900 0.069500
AfricanBuf 0.101000 0.217200 0.056600 0.205500 0.098800 0.101400 0.102500 0.120100 0.056600 0.123800 0.100600 0.000000 0.070800 0.071500 0.102000 0.115200 0.115200 0.115900 0.101400 0.056200 0.101200 0.100900 0.121000 0.134600 0.100900 0.102200 0.056600 0.056600 0.149300 0.056600 0.123800 0.085900 0.104200 0.056600 0.072000 0.042700 0.101100 0.111400 0.089500 0.151400 0.114100 0.088600 0.124700 0.135500 0.056700 0.100600 0.135100 0.131100 0.102700 0.072200 0.070600 0.056800
Topi 0.054700 0.145400 0.040900 0.149000 0.053700 0.054900 0.055500 0.071000 0.040900 0.103900 0.054500 0.070800 0.000000 0.027100 0.055200 0.068400 0.097100 0.097700 0.054800 0.040600 0.054900 0.054700 0.101800 0.115100 0.054700 0.055400 0.013400 0.040900 0.099100 0.040900 0.103900 0.040800 0.085900 0.013400 0.027000 0.027400 0.054800 0.065900 0.042400 0.130900 0.102100 0.042000 0.104700 0.115900 0.041000 0.083000 0.085500 0.082900 0.055600 0.055700 0.054400 0.041000
CommonDuik 0.055200 0.158400 0.041300 0.150100 0.026800 0.055500 0.027500 0.071600 0.041300 0.094200 0.055100 0.071500 0.027100 0.000000 0.055900 0.069000 0.098100 0.098600 0.055600 0.041000 0.055400 0.055200 0.092300 0.105800 0.055200 0.055800 0.013600 0.041300 0.099700 0.041300 0.094200 0.041200 0.086800 0.013600 0.027600 0.027700 0.055300 0.037200 0.042800 0.122100 0.092200 0.042300 0.094500 0.106500 0.013600 0.054800 0.086400 0.054900 0.056200 0.056300 0.054900 0.041500
Suni 0.084300 0.162200 0.070100 0.151200 0.082900 0.084700 0.085800 0.072000 0.070100 0.137700 0.084000 0.102000 0.055200 0.055900 0.000000 0.098700 0.128400 0.129100 0.055700 0.069600 0.084900 0.084300 0.103200 0.117000 0.084300 0.085600 0.041500 0.070100 0.131400 0.070100 0.137700 0.069800 0.082100 0.041500 0.056200 0.056300 0.084400 0.095200 0.069000 0.132700 0.103500 0.072200 0.138600 0.117800 0.070300 0.113900 0.086800 0.084100 0.086000 0.086000 0.083900 0.070400
Springbuck 0.097500 0.173400 0.083200 0.178900 0.095900 0.097900 0.098900 0.084400 0.083200 0.150700 0.097100 0.115200 0.068400 0.069000 0.098700 0.000000 0.141400 0.127100 0.098100 0.082600 0.040300 0.097300 0.147800 0.161700 0.097300 0.068600 0.054700 0.083200 0.112200 0.083200 0.150700 0.079600 0.130900 0.054700 0.069600 0.069700 0.097500 0.106700 0.055800 0.177300 0.148300 0.055500 0.151500 0.162400 0.083500 0.127000 0.069700 0.126700 0.099100 0.099100 0.096800 0.083500
Okapi 0.127100 0.193600 0.083200 0.197900 0.095400 0.127700 0.129200 0.147100 0.083200 0.119300 0.126700 0.115200 0.097100 0.098100 0.128400 0.141400 0.000000 0.083100 0.127800 0.082500 0.097700 0.127000 0.116800 0.130100 0.127000 0.098700 0.083200 0.083200 0.176000 0.083200 0.119300 0.112300 0.100600 0.083200 0.098800 0.069600 0.127300 0.107100 0.116800 0.146100 0.117200 0.085400 0.120200 0.130900 0.083300 0.157300 0.162000 0.126900 0.129300 0.099000 0.068300 0.083500
Giraffe 0.127700 0.195000 0.083600 0.182700 0.125200 0.128200 0.129900 0.132200 0.083600 0.120200 0.127200 0.115900 0.097700 0.098600 0.129100 0.127100 0.083100 0.000000 0.128200 0.082900 0.113300 0.127600 0.117700 0.130700 0.127600 0.114700 0.083600 0.083600 0.145800 0.083600 0.120200 0.113000 0.100300 0.083600 0.099400 0.070000 0.127700 0.137100 0.102100 0.147200 0.118000 0.101300 0.119800 0.100700 0.083800 0.158300 0.147100 0.127300 0.129900 0.099300 0.068700 0.083900
TibetanAnt 0.026900 0.159800 0.069800 0.183600 0.082400 0.027000 0.085300 0.071600 0.069800 0.137000 0.026800 0.101400 0.054800 0.055600 0.055700 0.098100 0.127800 0.128200 0.000000 0.069400 0.084400 0.026900 0.102600 0.116200 0.026900 0.085100 0.040400 0.069800 0.130500 0.069800 0.137000 0.069500 0.102200 0.041100 0.055700 0.056100 0.026900 0.095100 0.072200 0.132000 0.102900 0.071700 0.137900 0.116900 0.069900 0.113300 0.086200 0.113100 0.085500 0.085300 0.083500 0.070000
Sitatunga 0.069000 0.169200 0.000000 0.165200 0.067500 0.069300 0.069900 0.085700 0.000000 0.088200 0.068800 0.056200 0.040600 0.041000 0.069600 0.082600 0.082500 0.082900 0.069400 0.000000 0.069100 0.069000 0.086400 0.099800 0.069000 0.069700 0.027100 0.000000 0.113900 0.000000 0.088200 0.054800 0.070900 0.027100 0.041300 0.013600 0.069100 0.079000 0.056900 0.115200 0.086600 0.056400 0.088800 0.100400 0.027100 0.097300 0.100300 0.097300 0.070000 0.041400 0.013300 0.027100
Oribi 0.083900 0.159300 0.069700 0.164900 0.054100 0.084200 0.085000 0.070500 0.069700 0.136300 0.083500 0.101200 0.054900 0.055400 0.084900 0.040300 0.097700 0.113300 0.084400 0.069100 0.000000 0.083800 0.133600 0.147200 0.083800 0.027100 0.041200 0.069700 0.098300 0.069700 0.136300 0.066900 0.117000 0.041200 0.055900 0.056000 0.083900 0.065200 0.042100 0.163200 0.134000 0.013700 0.137300 0.148300 0.069800 0.113200 0.085100 0.113000 0.085300 0.085400 0.083300 0.069900
BarbaryShe 0.026700 0.193400 0.069400 0.182500 0.081900 0.026900 0.084800 0.101200 0.069400 0.136400 0.000000 0.100900 0.054700 0.055200 0.084300 0.097300 0.127000 0.127600 0.026900 0.069000 0.083800 0.000000 0.133600 0.146800 0.000000 0.084600 0.041000 0.069400 0.129700 0.069400 0.136400 0.069200 0.116800 0.041000 0.055600 0.055800 0.000000 0.093800 0.071700 0.163400 0.133900 0.071200 0.137400 0.147800 0.069500 0.112700 0.115900 0.112400 0.084900 0.084800 0.083100 0.069700
Daviddeer 0.133700 0.150500 0.087100 0.244000 0.130400 0.134200 0.127600 0.121100 0.087100 0.029100 0.133200 0.121000 0.101800 0.092300 0.103200 0.147800 0.116800 0.117700 0.102600 0.086400 0.133600 0.133600 0.000000 0.042300 0.133600 0.134800 0.087200 0.087100 0.174000 0.087100 0.028300 0.117700 0.121600 0.087200 0.103600 0.073000 0.133800 0.142800 0.122400 0.057100 0.000000 0.120900 0.029500 0.042600 0.087300 0.158300 0.104200 0.132400 0.135600 0.103700 0.071500 0.087400
Reindeer 0.146900 0.163800 0.100600 0.257300 0.143800 0.147500 0.140900 0.134900 0.100600 0.073100 0.146500 0.134600 0.115100 0.105800 0.117000 0.161700 0.130100 0.130700 0.116200 0.099800 0.147200 0.146800 0.042300 0.000000 0.146800 0.148300 0.100700 0.100600 0.187400 0.100600 0.073100 0.131000 0.135300 0.100700 0.117200 0.086600 0.147100 0.155900 0.136300 0.070500 0.042400 0.134800 0.073600 0.027700 0.100900 0.171200 0.118200 0.146000 0.149300 0.102200 0.084900 0.100900
Ibex 0.026700 0.193400 0.069400 0.182500 0.081900 0.026900 0.084800 0.101200 0.069400 0.136400 0.000000 0.100900 0.054700 0.055200 0.084300 0.097300 0.127000 0.127600 0.026900 0.069000 0.083800 0.000000 0.133600 0.146800 0.000000 0.084600 0.041000 0.069400 0.129700 0.069400 0.136400 0.069200 0.116800 0.041000 0.055600 0.055800 0.000000 0.093800 0.071700 0.163400 0.133900 0.071200 0.137400 0.147800 0.069500 0.112700 0.115900 0.112400 0.084900 0.084800 0.083100 0.069700
GyrantGaze 0.084700 0.190400 0.070300 0.164200 0.054500 0.085000 0.085700 0.071200 0.070300 0.137600 0.084400 0.102200 0.055400 0.055800 0.085600 0.068600 0.098700 0.114700 0.085100 0.069700 0.027100 0.084600 0.134800 0.148300 0.084600 0.000000 0.041600 0.070300 0.099100 0.070300 0.137600 0.066900 0.117900 0.041600 0.056400 0.056500 0.084700 0.065000 0.042400 0.132700 0.135200 0.013800 0.138300 0.149300 0.070500 0.114200 0.085600 0.113800 0.085900 0.086100 0.084100 0.070500
Hartebeest 0.041000 0.142900 0.027300 0.134100 0.040300 0.041200 0.041700 0.056800 0.027300 0.089000 0.040900 0.056600 0.013400 0.013600 0.041500 0.054700 0.083200 0.083600 0.040400 0.027100 0.041200 0.041000 0.087200 0.100700 0.041000 0.041600 0.000000 0.027300 0.084800 0.027300 0.089000 0.027200 0.071600 0.000000 0.013600 0.013700 0.041100 0.052400 0.028300 0.116300 0.087500 0.028000 0.089700 0.101400 0.027300 0.069100 0.071200 0.069100 0.041700 0.041800 0.040800 0.027400
Bongo 0.069500 0.170700 0.000000 0.166600 0.068100 0.069700 0.070400 0.086300 0.000000 0.088900 0.069200 0.056600 0.040900 0.041300 0.070100 0.083200 0.083200 0.083600 0.069800 0.000000 0.069700 0.069400 0.087100 0.100600 0.069400 0.070300 0.027300 0.000000 0.114800 0.000000 0.088900 0.055200 0.071500 0.027300 0.041600 0.013700 0.069600 0.079800 0.057400 0.116100 0.087300 0.056800 0.089500 0.101200 0.027300 0.098100 0.101200 0.098100 0.070600 0.041700 0.013300 0.027300
Gerenuk 0.129900 0.209500 0.114800 0.215800 0.127300 0.130400 0.131000 0.116000 0.114800 0.177700 0.129500 0.149300 0.099100 0.099700 0.131400 0.112200 0.176000 0.145800 0.130500 0.113900 0.098300 0.129700 0.174000 0.187400 0.129700 0.099100 0.084800 0.114800 0.000000 0.114800 0.177700 0.112200 0.165900 0.084800 0.100800 0.100900 0.130000 0.139200 0.086600 0.183000 0.174400 0.085500 0.178400 0.172000 0.115100 0.159900 0.131200 0.160200 0.131600 0.131900 0.128800 0.085100
CommonElan 0.069500 0.170700 0.000000 0.166600 0.068100 0.069700 0.070400 0.086300 0.000000 0.088900 0.069200 0.056600 0.040900 0.041300 0.070100 0.083200 0.083200 0.083600 0.069800 0.000000 0.069700 0.069400 0.087100 0.100600 0.069400 0.070300 0.027300 0.000000 0.114800 0.000000 0.088900 0.055200 0.071500 0.027300 0.041600 0.013700 0.069600 0.079800 0.057400 0.116100 0.087300 0.056800 0.089500 0.101200 0.027300 0.098100 0.101200 0.098100 0.070600 0.041700 0.013300 0.027300
MuntiacusR 0.136500 0.190700 0.088900 0.249600 0.132900 0.137000 0.130300 0.157400 0.088900 0.000000 0.136100 0.123800 0.103900 0.094200 0.137700 0.150700 0.119300 0.120200 0.137000 0.088200 0.136300 0.136400 0.028300 0.073100 0.136400 0.137600 0.089000 0.088900 0.177700 0.088900 0.000000 0.120200 0.140700 0.089000 0.105800 0.074600 0.136700 0.145500 0.125200 0.089000 0.029300 0.123400 0.000000 0.073600 0.089200 0.161600 0.139100 0.135100 0.138400 0.105900 0.073000 0.089200
HarveysDui 0.040800 0.175600 0.055200 0.161500 0.067900 0.040900 0.070300 0.083300 0.055200 0.120200 0.069000 0.085900 0.040800 0.041200 0.069800 0.079600 0.112300 0.113000 0.069500 0.054800 0.066900 0.069200 0.117700 0.131000 0.069200 0.066900 0.027200 0.055200 0.112200 0.055200 0.120200 0.000000 0.101400 0.027200 0.041500 0.041600 0.069300 0.079100 0.053400 0.147100 0.118000 0.052700 0.121100 0.131900 0.055300 0.097900 0.097800 0.097800 0.070200 0.070400 0.068800 0.055400
Pronghorn 0.116800 0.182300 0.071500 0.189000 0.114300 0.117300 0.118600 0.120700 0.071500 0.140700 0.116400 0.104200 0.085900 0.086800 0.082100 0.130900 0.100600 0.100300 0.102200 0.070900 0.117000 0.116800 0.121600 0.135300 0.116800 0.117900 0.071600 0.071500 0.165900 0.071500 0.140700 0.101400 0.000000 0.071600 0.087500 0.057500 0.117000 0.126800 0.105600 0.152100 0.122100 0.104300 0.141800 0.136300 0.071700 0.147500 0.136200 0.147500 0.118800 0.087700 0.085600 0.071800
BlueWildeb 0.041000 0.142900 0.027300 0.134100 0.040300 0.041200 0.041700 0.056800 0.027300 0.089000 0.040900 0.056600 0.013400 0.013600 0.041500 0.054700 0.083200 0.083600 0.041100 0.027100 0.041200 0.041000 0.087200 0.100700 0.041000 0.041600 0.000000 0.027300 0.084800 0.027300 0.089000 0.027200 0.071600 0.000000 0.013500 0.013700 0.041100 0.052400 0.028300 0.116300 0.087500 0.028000 0.089700 0.101400 0.027300 0.069100 0.071200 0.069100 0.041700 0.041800 0.040800 0.027400
Gemsbok 0.055700 0.161700 0.041600 0.151700 0.054600 0.055900 0.056500 0.072300 0.041600 0.105800 0.055500 0.072000 0.027000 0.027600 0.056200 0.069600 0.098800 0.099400 0.055700 0.041300 0.055900 0.055600 0.103600 0.117200 0.055600 0.056400 0.013600 0.041600 0.100800 0.041600 0.105800 0.041500 0.087500 0.013500 0.000000 0.027900 0.055700 0.067000 0.043200 0.133300 0.103900 0.042800 0.106600 0.117900 0.041700 0.084400 0.087000 0.084400 0.050500 0.056600 0.055400 0.041800
Yak 0.055800 0.162000 0.013700 0.152200 0.054700 0.056000 0.056600 0.072500 0.013700 0.074600 0.055600 0.042700 0.027400 0.027700 0.056300 0.069700 0.069600 0.070000 0.056100 0.013600 0.056000 0.055800 0.073000 0.086600 0.055800 0.056500 0.013700 0.013700 0.100900 0.013700 0.074600 0.041600 0.057500 0.013700 0.027900 0.000000 0.055900 0.066900 0.043300 0.102200 0.073200 0.042900 0.075100 0.087200 0.013600 0.084500 0.087100 0.084500 0.056700 0.028000 0.027300 0.013800
BlueSheep 0.026800 0.193500 0.069600 0.182900 0.082000 0.026900 0.085000 0.101400 0.069600 0.136700 0.000100 0.101100 0.054800 0.055300 0.084400 0.097500 0.127300 0.127700 0.026900 0.069100 0.083900 0.000000 0.133800 0.147100 0.000000 0.084700 0.041100 0.069600 0.130000 0.069600 0.136700 0.069300 0.117000 0.041100 0.055700 0.055900 0.000000 0.093800 0.071800 0.163700 0.134100 0.071300 0.137600 0.148000 0.069700 0.112900 0.116100 0.112500 0.085000 0.084800 0.083300 0.069800
BohorReedb 0.094000 0.197700 0.079800 0.159300 0.009900 0.094200 0.066000 0.110300 0.079800 0.145500 0.093400 0.111400 0.065900 0.037200 0.095200 0.106700 0.107100 0.137100 0.095100 0.079000 0.065200 0.093800 0.142800 0.155900 0.093800 0.065000 0.052400 0.079800 0.139200 0.079800 0.145500 0.079100 0.126800 0.052400 0.067000 0.066900 0.093800 0.000000 0.081700 0.183900 0.143000 0.051200 0.146400 0.156900 0.052300 0.092800 0.127600 0.093500 0.095200 0.095400 0.093200 0.080300
KirksDik 0.071900 0.183000 0.057400 0.154600 0.070500 0.072100 0.072900 0.058100 0.057400 0.125200 0.071500 0.089500 0.042400 0.042800 0.069000 0.055800 0.116800 0.102100 0.072200 0.056900 0.042100 0.071700 0.122400 0.136300 0.071700 0.042400 0.028300 0.057400 0.086600 0.057400 0.125200 0.053400 0.105600 0.028300 0.043200 0.043300 0.071800 0.081700 0.000000 0.153000 0.122800 0.028600 0.126100 0.137300 0.057500 0.101700 0.072700 0.101500 0.073000 0.073100 0.071500 0.057500
RoeDeer 0.163600 0.176900 0.116100 0.276200 0.172000 0.164200 0.170300 0.151200 0.116100 0.089000 0.163000 0.151400 0.130900 0.122100 0.132700 0.177300 0.146100 0.147200 0.132000 0.115200 0.163200 0.163400 0.057100 0.070500 0.163400 0.132700 0.116300 0.116100 0.183000 0.116100 0.089000 0.147100 0.152100 0.116300 0.133300 0.102200 0.163700 0.183900 0.153000 0.000000 0.057300 0.151000 0.089700 0.071000 0.116400 0.189200 0.143200 0.161800 0.165600 0.133400 0.100000 0.116500
WhiteLippe 0.134000 0.150600 0.087300 0.245000 0.130800 0.134500 0.127600 0.121400 0.087300 0.029300 0.133600 0.114100 0.102100 0.092200 0.103500 0.148300 0.117200 0.118000 0.102900 0.086600 0.134000 0.133900 0.000000 0.042400 0.133900 0.135200 0.087500 0.087300 0.174400 0.087300 0.029300 0.118000 0.122100 0.087500 0.103900 0.073200 0.134100 0.143000 0.122800 0.057300 0.000000 0.121300 0.029600 0.042700 0.087600 0.158500 0.104500 0.132900 0.135900 0.104100 0.071700 0.087600
ThomsonGaz 0.071300 0.179900 0.056800 0.152800 0.041200 0.071600 0.072000 0.057600 0.056800 0.123400 0.071000 0.088600 0.042000 0.042300 0.072200 0.055500 0.085400 0.101300 0.071700 0.056400 0.013700 0.071200 0.120900 0.134800 0.071200 0.013800 0.028000 0.056800 0.085500 0.056800 0.123400 0.052700 0.104300 0.028000 0.042800 0.042900 0.071300 0.051200 0.028600 0.151000 0.121300 0.000000 0.124100 0.135800 0.057000 0.100900 0.071900 0.100600 0.067800 0.072500 0.070800 0.057000
MuntiacusC 0.137500 0.192200 0.089500 0.251500 0.133800 0.138000 0.130800 0.158600 0.089500 0.000000 0.137100 0.124700 0.104700 0.094500 0.138600 0.151500 0.120200 0.119800 0.137900 0.088800 0.137300 0.137400 0.029500 0.073600 0.137400 0.138300 0.089700 0.089500 0.178400 0.089500 0.000000 0.121100 0.141800 0.089700 0.106600 0.075100 0.137600 0.146400 0.126100 0.089700 0.029600 0.124100 0.000000 0.074100 0.089800 0.162300 0.140000 0.136000 0.139400 0.106600 0.073400 0.089800
WhiteTaile 0.147900 0.165800 0.101200 0.259500 0.144700 0.148500 0.141800 0.135900 0.101200 0.073600 0.147400 0.135500 0.115900 0.106500 0.117800 0.162400 0.130900 0.100700 0.116900 0.100400 0.148300 0.147800 0.042600 0.027700 0.147800 0.149300 0.101400 0.101200 0.172000 0.101200 0.073600 0.131900 0.136300 0.101400 0.117900 0.087200 0.148000 0.156900 0.137300 0.071000 0.042700 0.135800 0.074100 0.000000 0.101500 0.172300 0.119100 0.146800 0.150400 0.103000 0.085400 0.101600
Cattle 0.069500 0.177200 0.027300 0.167000 0.040400 0.069800 0.041700 0.086800 0.027300 0.089200 0.069300 0.056700 0.041000 0.013600 0.070300 0.083500 0.083300 0.083800 0.069900 0.027100 0.069800 0.069500 0.087300 0.100900 0.069500 0.070500 0.027300 0.027300 0.115100 0.027300 0.089200 0.055300 0.071700 0.027300 0.041700 0.013600 0.069700 0.052300 0.057500 0.116400 0.087600 0.057000 0.089800 0.101500 0.000000 0.069200 0.101400 0.069200 0.070800 0.041800 0.040900 0.027400
RoyalAntel 0.112700 0.226400 0.098100 0.215400 0.081500 0.113100 0.055100 0.101100 0.098100 0.161600 0.112400 0.100600 0.083000 0.054800 0.113900 0.127000 0.157300 0.158300 0.113300 0.097300 0.113200 0.112700 0.158300 0.171200 0.112700 0.114200 0.069100 0.098100 0.159900 0.098100 0.161600 0.097900 0.147500 0.069100 0.084400 0.084500 0.112900 0.092800 0.101700 0.189200 0.158500 0.100900 0.162300 0.172300 0.069200 0.000000 0.146500 0.082900 0.114500 0.114400 0.111900 0.098500
Steenbok 0.116200 0.194900 0.101200 0.201900 0.114000 0.116600 0.117800 0.071700 0.101200 0.139100 0.115600 0.135100 0.085500 0.086400 0.086800 0.069700 0.162000 0.147100 0.086200 0.100300 0.085100 0.115900 0.104200 0.118200 0.115900 0.085600 0.071200 0.101200 0.131200 0.101200 0.139100 0.097800 0.136200 0.071200 0.087000 0.087100 0.116100 0.127600 0.072700 0.143200 0.104500 0.071900 0.140000 0.119100 0.101400 0.146500 0.000000 0.146800 0.118200 0.132000 0.115200 0.101500
Impala 0.112400 0.209300 0.098100 0.165200 0.081800 0.112900 0.084400 0.101000 0.098100 0.135100 0.112100 0.131100 0.082900 0.054900 0.084100 0.126700 0.126900 0.127300 0.113100 0.097300 0.113000 0.112400 0.132400 0.146000 0.112400 0.113800 0.069100 0.098100 0.160200 0.098100 0.135100 0.097800 0.147500 0.069100 0.084400 0.084500 0.112500 0.093500 0.101500 0.161800 0.132900 0.100600 0.136000 0.146800 0.069200 0.082900 0.146800 0.000000 0.114600 0.099700 0.082800 0.098400
Klipspring 0.084900 0.194600 0.070600 0.185900 0.083400 0.085300 0.086200 0.102800 0.070600 0.138400 0.084600 0.102700 0.055600 0.056200 0.086000 0.099100 0.129300 0.129900 0.085500 0.070000 0.085300 0.084900 0.135600 0.149300 0.084900 0.085900 0.041700 0.070600 0.131600 0.070600 0.138400 0.070200 0.118800 0.041700 0.050500 0.056700 0.085000 0.095200 0.073000 0.165600 0.135900 0.067800 0.139400 0.150400 0.070800 0.114500 0.118200 0.114600 0.000000 0.086600 0.084400 0.070800
ForestMusk 0.084800 0.175600 0.041700 0.151600 0.083500 0.085200 0.086400 0.103200 0.041700 0.105900 0.084500 0.072200 0.055700 0.056300 0.086000 0.099100 0.099000 0.099300 0.085300 0.041400 0.085400 0.084800 0.103700 0.102200 0.084800 0.086100 0.041800 0.041700 0.131900 0.041700 0.105900 0.070400 0.087700 0.041800 0.056600 0.028000 0.084800 0.095400 0.073100 0.133400 0.104100 0.072500 0.106600 0.103000 0.041800 0.114400 0.132000 0.099700 0.086600 0.000000 0.055500 0.041900
Bushbuck 0.083200 0.169800 0.013300 0.181200 0.081400 0.083500 0.084300 0.100500 0.013300 0.073000 0.082900 0.070600 0.054400 0.054900 0.083900 0.096800 0.068300 0.068700 0.083500 0.013300 0.083300 0.083100 0.071500 0.084900 0.083100 0.084100 0.040800 0.013300 0.128800 0.013300 0.073000 0.068800 0.085600 0.040800 0.055400 0.027300 0.083300 0.093200 0.071500 0.100000 0.071700 0.070800 0.073400 0.085400 0.040900 0.111900 0.115200 0.082800 0.084400 0.055500 0.000000 0.040900
GreaterKud 0.069700 0.171100 0.027300 0.167200 0.068300 0.070000 0.070700 0.086700 0.027300 0.089200 0.069500 0.056800 0.041000 0.041500 0.070400 0.083500 0.083500 0.083900 0.070000 0.027100 0.069900 0.069700 0.087400 0.100900 0.069700 0.070500 0.027400 0.027300 0.085100 0.027300 0.089200 0.055400 0.071800 0.027400 0.041800 0.013800 0.069800 0.080300 0.057500 0.116500 0.087600 0.057000 0.089800 0.101600 0.027400 0.098500 0.101500 0.098400 0.070800 0.041900 0.040900 0.000000
