1
52 1
Argali 0.000000 0.255100 0.059200 0.215500 0.046700 0.002800 0.062100 0.061600 0.065100 0.086900 0.020100 0.065500 0.032000 0.058900 0.074500 0.068800 0.096900 0.099900 0.030900 0.059100 0.068200 0.023000 0.093500 0.084000 0.023100 0.062500 0.029100 0.059000 0.074900 0.056000 0.087000 0.058700 0.122700 0.041000 0.029000 0.062400 0.017300 0.049900 0.103800 0.087400 0.083800 0.065400 0.083900 0.090700 0.062500 0.053000 0.065000 0.065500 0.052900 0.092800 0.062000 0.062000
LesserMous 0.255100 0.000000 0.212400 0.271200 0.234900 0.254400 0.226800 0.236500 0.226600 0.214000 0.247400 0.201200 0.251500 0.234100 0.255400 0.241100 0.230600 0.226500 0.231300 0.212500 0.242800 0.258300 0.218400 0.222500 0.260200 0.232700 0.239800 0.222900 0.256900 0.216000 0.214300 0.233800 0.234400 0.247700 0.251500 0.220000 0.251800 0.230500 0.265200 0.223200 0.202600 0.228000 0.210600 0.215900 0.220300 0.235600 0.242400 0.240900 0.246200 0.216000 0.219200 0.218900
LesserKudu 0.059200 0.212400 0.000000 0.215000 0.040800 0.059200 0.052900 0.055600 0.031800 0.061900 0.062200 0.029000 0.062200 0.049700 0.065100 0.056300 0.077600 0.074400 0.052000 0.023000 0.055900 0.071200 0.068300 0.065200 0.071600 0.050100 0.053100 0.028800 0.062400 0.025900 0.062000 0.049500 0.112000 0.065400 0.053000 0.031900 0.065300 0.046700 0.090600 0.062200 0.058900 0.053000 0.059000 0.065400 0.032000 0.040900 0.058900 0.053200 0.052800 0.074200 0.025900 0.025900
KillerWhal 0.215500 0.271200 0.215000 0.000000 0.211200 0.215400 0.222400 0.231300 0.210300 0.206100 0.219500 0.208000 0.212500 0.225200 0.225800 0.212200 0.210600 0.192100 0.207600 0.207200 0.218200 0.222500 0.195200 0.210300 0.223700 0.212100 0.216100 0.199300 0.227300 0.203300 0.206100 0.228500 0.236600 0.230800 0.223100 0.196200 0.216100 0.203100 0.246800 0.207100 0.194900 0.207700 0.202500 0.203700 0.189100 0.207300 0.220000 0.227700 0.198900 0.213000 0.210500 0.210200
DefassaWat 0.046700 0.234900 0.040800 0.211200 0.000000 0.046800 0.043600 0.046400 0.049500 0.070800 0.043700 0.046800 0.052900 0.040600 0.052600 0.046900 0.080400 0.083400 0.036600 0.040700 0.046600 0.052500 0.077200 0.068000 0.052800 0.040800 0.043800 0.040600 0.052900 0.043600 0.070900 0.046400 0.115400 0.056000 0.043800 0.049800 0.046700 0.017100 0.087100 0.071200 0.067800 0.043700 0.067900 0.074400 0.049900 0.031800 0.049500 0.049900 0.034700 0.083100 0.043600 0.043500
Sheep 0.002800 0.254400 0.059200 0.215400 0.046800 0.000000 0.062100 0.064700 0.065100 0.086900 0.019900 0.065500 0.032000 0.058900 0.074500 0.068800 0.096900 0.099900 0.031000 0.059100 0.068200 0.022600 0.093500 0.084000 0.023000 0.062500 0.029100 0.059000 0.075000 0.056000 0.087000 0.058700 0.122700 0.041000 0.029000 0.062400 0.017200 0.049900 0.103800 0.087400 0.083800 0.065400 0.083900 0.090700 0.062500 0.053000 0.065000 0.065600 0.052900 0.096100 0.062100 0.062000
MaxwellsDu 0.062100 0.226800 0.052900 0.222400 0.043600 0.062100 0.000000 0.052400 0.061700 0.080300 0.062000 0.052900 0.062100 0.020100 0.061900 0.050100 0.090000 0.093000 0.045700 0.052800 0.055700 0.071000 0.086800 0.077400 0.071500 0.050000 0.053000 0.052700 0.056100 0.055700 0.080300 0.031600 0.109000 0.065300 0.058900 0.062100 0.065200 0.049600 0.081000 0.080700 0.077200 0.052900 0.077300 0.083900 0.062100 0.040800 0.058700 0.056000 0.058800 0.083300 0.055700 0.055600
GazellaPrz 0.061600 0.236500 0.055600 0.231300 0.046400 0.064700 0.052400 0.000000 0.061500 0.076700 0.064700 0.061800 0.071000 0.049300 0.064600 0.040800 0.092700 0.095700 0.054600 0.055500 0.040500 0.073700 0.083200 0.080100 0.074100 0.034800 0.061800 0.055400 0.046700 0.058500 0.076800 0.049100 0.118100 0.074200 0.061700 0.064800 0.067900 0.052400 0.074300 0.077200 0.079900 0.037600 0.073800 0.077200 0.064900 0.034600 0.043400 0.061800 0.055400 0.088800 0.058400 0.058400
MountainNy 0.065100 0.226600 0.031800 0.210300 0.049500 0.065100 0.061700 0.061500 0.000000 0.064800 0.061900 0.031800 0.068100 0.058500 0.067900 0.065300 0.080500 0.077300 0.051800 0.014300 0.064800 0.064800 0.071200 0.068100 0.071300 0.059000 0.059000 0.020000 0.071400 0.022900 0.064900 0.064400 0.115400 0.071300 0.058900 0.028900 0.058900 0.055600 0.099900 0.064800 0.061800 0.061900 0.061800 0.068300 0.028900 0.049700 0.067800 0.062100 0.067800 0.077000 0.017100 0.017100
MuntiacusM 0.086900 0.214000 0.061900 0.206100 0.070800 0.086900 0.080300 0.076700 0.064800 0.000000 0.083600 0.062000 0.077400 0.076900 0.086500 0.077700 0.077100 0.070800 0.073500 0.055800 0.083300 0.092800 0.011300 0.031600 0.093200 0.065100 0.068200 0.061700 0.083900 0.058700 0.005600 0.076700 0.079600 0.080700 0.080500 0.059000 0.086800 0.070800 0.119400 0.034600 0.008400 0.068000 0.002800 0.025800 0.059000 0.058700 0.073900 0.074300 0.086400 0.061300 0.058700 0.058600
goat 0.020100 0.247400 0.062200 0.219500 0.043700 0.019900 0.062000 0.064700 0.061900 0.083600 0.000000 0.062300 0.035000 0.058800 0.071300 0.065600 0.093500 0.096500 0.027900 0.056000 0.065000 0.020000 0.090200 0.080700 0.008500 0.059300 0.032000 0.055900 0.071700 0.052900 0.083700 0.064700 0.122500 0.044000 0.031900 0.059200 0.014300 0.046800 0.106900 0.084100 0.080500 0.062200 0.080600 0.087400 0.059300 0.049900 0.068000 0.062300 0.055900 0.092900 0.058900 0.058800
AfricanBuf 0.065500 0.201200 0.029000 0.208000 0.046800 0.065500 0.052900 0.061800 0.031800 0.062000 0.062300 0.000000 0.068500 0.055800 0.059100 0.062500 0.077700 0.074500 0.045900 0.023100 0.062100 0.071300 0.068400 0.065300 0.071700 0.056300 0.059300 0.028900 0.068700 0.026000 0.062100 0.061700 0.106300 0.071800 0.059200 0.026100 0.065400 0.052800 0.097200 0.062300 0.059000 0.059200 0.059100 0.065500 0.026100 0.046900 0.065100 0.059400 0.065200 0.074300 0.025900 0.025900
Topi 0.032000 0.251500 0.062200 0.212500 0.052900 0.032000 0.062100 0.071000 0.068100 0.077400 0.035000 0.068500 0.000000 0.065000 0.077600 0.059500 0.100100 0.103100 0.033900 0.062200 0.071300 0.043800 0.084000 0.080900 0.044000 0.059400 0.008600 0.062100 0.065600 0.059000 0.077600 0.064800 0.116000 0.020200 0.032000 0.059300 0.038000 0.052900 0.100200 0.084200 0.074400 0.062300 0.074500 0.087600 0.059400 0.056100 0.062000 0.062400 0.055900 0.102600 0.065100 0.065000
CommonDuik 0.058900 0.234100 0.049700 0.225200 0.040600 0.058900 0.020100 0.049300 0.058500 0.076900 0.058800 0.055800 0.065000 0.000000 0.064700 0.052900 0.086600 0.089500 0.048500 0.049600 0.052500 0.067700 0.083300 0.074000 0.068100 0.046800 0.055900 0.049500 0.058900 0.052500 0.077000 0.028600 0.108700 0.068200 0.055800 0.058800 0.061900 0.046500 0.090100 0.077300 0.073800 0.049700 0.073900 0.080500 0.058900 0.031800 0.055500 0.055900 0.055500 0.079900 0.052500 0.052400
Suni 0.074500 0.255400 0.065100 0.225800 0.052600 0.074500 0.061900 0.064600 0.067900 0.086500 0.071300 0.059100 0.077600 0.064700 0.000000 0.062300 0.099600 0.102600 0.055400 0.058900 0.064900 0.080400 0.093100 0.083600 0.074500 0.059100 0.068300 0.058800 0.071500 0.061800 0.086600 0.070700 0.125400 0.080900 0.062100 0.068300 0.074500 0.058700 0.100100 0.087000 0.083500 0.062000 0.083500 0.090300 0.068300 0.046800 0.067900 0.062100 0.074100 0.102300 0.061800 0.061700
Springbuck 0.068800 0.241100 0.056300 0.212200 0.046900 0.068800 0.050100 0.040800 0.065300 0.077700 0.065600 0.062500 0.059500 0.052900 0.062300 0.000000 0.081100 0.084100 0.055400 0.056200 0.035000 0.074700 0.084300 0.068600 0.075100 0.023300 0.050300 0.056100 0.029200 0.059200 0.077800 0.058800 0.116400 0.056400 0.062500 0.059500 0.068800 0.053000 0.062700 0.078100 0.074600 0.026100 0.074700 0.081400 0.059500 0.041100 0.038000 0.059500 0.062200 0.096500 0.059100 0.059100
Okapi 0.096900 0.230600 0.077600 0.210600 0.080400 0.096900 0.090000 0.092700 0.080500 0.077100 0.093500 0.077700 0.100100 0.086600 0.099600 0.081100 0.000000 0.037700 0.083500 0.065100 0.080500 0.102800 0.074300 0.074200 0.103400 0.087300 0.090500 0.065000 0.087300 0.068100 0.077200 0.092600 0.115400 0.096900 0.090300 0.080900 0.096800 0.086700 0.123200 0.065000 0.074100 0.090300 0.074100 0.074500 0.081000 0.077500 0.096200 0.090400 0.096300 0.083100 0.068000 0.061800
Giraffe 0.099900 0.226500 0.074400 0.192100 0.083400 0.099900 0.093000 0.095700 0.077300 0.070800 0.096500 0.074500 0.103100 0.089500 0.102600 0.084100 0.037700 0.000000 0.086500 0.061900 0.086600 0.105900 0.061800 0.067800 0.106400 0.090400 0.093500 0.061800 0.090300 0.068000 0.070800 0.095600 0.108700 0.100000 0.093300 0.071400 0.099900 0.089700 0.119100 0.061900 0.067700 0.086900 0.067800 0.068100 0.071500 0.080500 0.099200 0.093500 0.099300 0.070500 0.064900 0.061700
TibetanAnt 0.030900 0.231300 0.052000 0.207600 0.036600 0.031000 0.045700 0.054600 0.051800 0.073500 0.027900 0.045900 0.033900 0.048500 0.055400 0.055400 0.083500 0.086500 0.000000 0.045700 0.055100 0.036900 0.080100 0.070500 0.037100 0.049000 0.024800 0.045700 0.061500 0.048900 0.073700 0.054600 0.105700 0.036800 0.024700 0.055000 0.031000 0.042900 0.090400 0.073900 0.070400 0.052200 0.070600 0.077200 0.055100 0.039700 0.058300 0.051800 0.051800 0.086000 0.048900 0.048800
Sitatunga 0.059100 0.212500 0.023000 0.207200 0.040700 0.059100 0.052800 0.055500 0.014300 0.055800 0.056000 0.023100 0.062200 0.049600 0.058900 0.056200 0.065100 0.061900 0.045700 0.000000 0.055800 0.065000 0.062100 0.059000 0.065300 0.050000 0.053000 0.005700 0.062300 0.014300 0.055800 0.055500 0.105300 0.065400 0.053000 0.026000 0.059100 0.046700 0.090600 0.050000 0.052800 0.052900 0.052800 0.059200 0.026000 0.040800 0.058800 0.053100 0.058800 0.061800 0.002800 0.002800
Oribi 0.068200 0.242800 0.055900 0.218200 0.046600 0.068200 0.055700 0.040500 0.064800 0.083300 0.065000 0.062100 0.071300 0.052500 0.064900 0.035000 0.080500 0.086600 0.055100 0.055800 0.000000 0.074100 0.089900 0.080500 0.074500 0.034900 0.062100 0.055700 0.047000 0.052700 0.083500 0.058400 0.122000 0.074500 0.062000 0.065100 0.068200 0.052600 0.074600 0.077500 0.080300 0.037800 0.080400 0.080700 0.065200 0.040700 0.037700 0.062100 0.058700 0.095800 0.058700 0.052500
BarbaryShe 0.023000 0.258300 0.071200 0.222500 0.052500 0.022600 0.071000 0.073700 0.064800 0.092800 0.020000 0.071300 0.043800 0.067700 0.080400 0.074700 0.102800 0.105900 0.036900 0.065000 0.074100 0.000000 0.099500 0.089900 0.022900 0.068300 0.040800 0.064800 0.080800 0.061800 0.092900 0.073700 0.132000 0.046800 0.040700 0.062100 0.011300 0.055700 0.116300 0.093300 0.089700 0.071200 0.089800 0.096700 0.062200 0.058800 0.077100 0.071400 0.064800 0.102100 0.067900 0.067800
Daviddeer 0.093500 0.218400 0.068300 0.195200 0.077200 0.093500 0.086800 0.083200 0.071200 0.011300 0.090200 0.068400 0.084000 0.083300 0.093100 0.084300 0.074300 0.061800 0.080100 0.062100 0.089900 0.099500 0.000000 0.031700 0.100000 0.071600 0.074600 0.061900 0.084100 0.065000 0.011300 0.083100 0.086100 0.087300 0.087000 0.065300 0.093500 0.077300 0.119800 0.040700 0.014200 0.074500 0.008500 0.031800 0.065400 0.065100 0.080400 0.080800 0.093000 0.067600 0.065000 0.064900
Reindeer 0.084000 0.222500 0.065200 0.210300 0.068000 0.084000 0.077400 0.080100 0.068100 0.031600 0.080700 0.065300 0.080900 0.074000 0.083600 0.068600 0.074200 0.067800 0.070500 0.059000 0.080500 0.089900 0.031700 0.000000 0.090400 0.062300 0.071500 0.065000 0.081000 0.061900 0.031600 0.080000 0.092400 0.077800 0.077600 0.062200 0.084000 0.068000 0.110000 0.037700 0.028700 0.065200 0.028700 0.028800 0.062300 0.065100 0.077300 0.077800 0.083600 0.067600 0.061900 0.061900
Ibex 0.023100 0.260200 0.071600 0.223700 0.052800 0.023000 0.071500 0.074100 0.071300 0.093200 0.008500 0.071700 0.044000 0.068100 0.074500 0.075100 0.103400 0.106400 0.037100 0.065300 0.074500 0.022900 0.100000 0.090400 0.000000 0.068700 0.041000 0.065200 0.081300 0.062200 0.093400 0.074100 0.132700 0.053200 0.040900 0.068700 0.017200 0.056000 0.117000 0.093800 0.090200 0.071600 0.090300 0.097200 0.068700 0.059200 0.077500 0.071800 0.065200 0.102700 0.068200 0.068200
GyrantGaze 0.062500 0.232700 0.050100 0.212100 0.040800 0.062500 0.050000 0.034800 0.059000 0.065100 0.059300 0.056300 0.059400 0.046800 0.059100 0.023300 0.087300 0.090400 0.049000 0.050000 0.034900 0.068300 0.071600 0.062300 0.068700 0.000000 0.050200 0.049900 0.029200 0.053000 0.065200 0.052700 0.109600 0.062500 0.056200 0.053200 0.062400 0.040900 0.065800 0.065500 0.062100 0.008600 0.062200 0.068700 0.053300 0.035000 0.032000 0.056300 0.056000 0.083700 0.052900 0.052900
Hartebeest 0.029100 0.239800 0.053100 0.216100 0.043800 0.029100 0.053000 0.061800 0.059000 0.068200 0.032000 0.059300 0.008600 0.055900 0.068300 0.050300 0.090500 0.093500 0.024800 0.053000 0.062100 0.040800 0.074600 0.071500 0.041000 0.050200 0.000000 0.052900 0.056400 0.056000 0.068300 0.055700 0.106300 0.011500 0.023100 0.056300 0.035000 0.049900 0.090500 0.074800 0.065100 0.053100 0.065200 0.078100 0.056400 0.047000 0.052900 0.053200 0.052900 0.093100 0.056000 0.055900
Bongo 0.059000 0.222900 0.028800 0.199300 0.040600 0.059000 0.052700 0.055400 0.020000 0.061700 0.055900 0.028900 0.062100 0.049500 0.058800 0.056100 0.065000 0.061800 0.045700 0.005700 0.055700 0.064800 0.061900 0.065000 0.065200 0.049900 0.052900 0.000000 0.062200 0.020000 0.061800 0.055300 0.105700 0.065200 0.052800 0.031800 0.059000 0.046600 0.084000 0.055900 0.058700 0.052800 0.058800 0.065200 0.031800 0.040700 0.058600 0.055600 0.058700 0.066800 0.008500 0.008500
Gerenuk 0.074900 0.256900 0.062400 0.227300 0.052900 0.075000 0.056100 0.046700 0.071400 0.083900 0.071700 0.068700 0.065600 0.058900 0.071500 0.029200 0.087300 0.090300 0.061500 0.062300 0.047000 0.080800 0.084100 0.081000 0.081300 0.029200 0.056400 0.062200 0.000000 0.065300 0.084000 0.064900 0.129500 0.068800 0.068600 0.065600 0.074900 0.059000 0.081500 0.081200 0.080800 0.032000 0.080900 0.087700 0.065700 0.047000 0.043900 0.068700 0.068300 0.102800 0.065200 0.065100
CommonElan 0.056000 0.216000 0.025900 0.203300 0.043600 0.056000 0.055700 0.058500 0.022900 0.058700 0.052900 0.026000 0.059000 0.052500 0.061800 0.059200 0.068100 0.068000 0.048900 0.014300 0.052700 0.061800 0.065000 0.061900 0.062200 0.053000 0.056000 0.020000 0.065300 0.000000 0.058800 0.058400 0.108400 0.068400 0.055900 0.023000 0.056000 0.043600 0.093600 0.052900 0.055700 0.055900 0.055800 0.062200 0.023100 0.043700 0.061700 0.056000 0.055700 0.070900 0.017100 0.011400
MuntiacusR 0.087000 0.214300 0.062000 0.206100 0.070900 0.087000 0.080300 0.076800 0.064900 0.005600 0.083700 0.062100 0.077600 0.077000 0.086600 0.077800 0.077200 0.070800 0.073700 0.055800 0.083500 0.092900 0.011300 0.031600 0.093400 0.065200 0.068300 0.061800 0.084000 0.058800 0.000000 0.076800 0.079700 0.080800 0.080600 0.059100 0.087000 0.070900 0.119700 0.034700 0.008500 0.068200 0.002800 0.025900 0.059100 0.058800 0.074000 0.074400 0.086600 0.061400 0.058700 0.058700
HarveysDui 0.058700 0.233800 0.049500 0.228500 0.046400 0.058700 0.031600 0.049100 0.064400 0.076700 0.064700 0.061700 0.064800 0.028600 0.070700 0.058800 0.092600 0.095600 0.054600 0.055500 0.058400 0.073700 0.083100 0.080000 0.074100 0.052700 0.055700 0.055300 0.064900 0.058400 0.076800 0.000000 0.114800 0.067900 0.055600 0.064700 0.067800 0.052300 0.089800 0.083300 0.079800 0.055500 0.073700 0.080300 0.064800 0.037600 0.061400 0.061800 0.055400 0.085900 0.058400 0.058300
Pronghorn 0.122700 0.234400 0.112000 0.236600 0.115400 0.122700 0.109000 0.118100 0.115400 0.079600 0.122500 0.106300 0.116000 0.108700 0.125400 0.116400 0.115400 0.108700 0.105700 0.105300 0.122000 0.132000 0.086100 0.092400 0.132700 0.109600 0.106300 0.105700 0.129500 0.108400 0.079700 0.114800 0.000000 0.119500 0.119200 0.109500 0.125900 0.108800 0.146500 0.092700 0.082800 0.106100 0.076700 0.080200 0.109700 0.099500 0.111900 0.112700 0.131900 0.105000 0.108900 0.108800
BlueWildeb 0.041000 0.247700 0.065400 0.230800 0.056000 0.041000 0.065300 0.074200 0.071300 0.080700 0.044000 0.071800 0.020200 0.068200 0.080900 0.056400 0.096900 0.100000 0.036800 0.065400 0.074500 0.046800 0.087300 0.077800 0.053200 0.062500 0.011500 0.065200 0.068800 0.068400 0.080800 0.067900 0.119500 0.000000 0.035000 0.068700 0.047000 0.062100 0.097000 0.087500 0.077600 0.065400 0.077700 0.090900 0.068800 0.059200 0.065100 0.065600 0.065200 0.106000 0.068300 0.068200
Gemsbok 0.029000 0.251500 0.053000 0.223100 0.043800 0.029000 0.058900 0.061700 0.058900 0.080500 0.031900 0.059200 0.032000 0.055800 0.062100 0.062500 0.090300 0.093300 0.024700 0.053000 0.062000 0.040700 0.087000 0.077600 0.040900 0.056200 0.023100 0.052800 0.068600 0.055900 0.080600 0.055600 0.119200 0.035000 0.000000 0.062300 0.034900 0.049800 0.097100 0.080900 0.077400 0.059100 0.077500 0.084200 0.062400 0.046900 0.065000 0.059300 0.052800 0.093000 0.055900 0.055800
Yak 0.062400 0.220000 0.031900 0.196200 0.049800 0.062400 0.062100 0.064800 0.028900 0.059000 0.059200 0.026100 0.059300 0.058800 0.068300 0.059500 0.080900 0.071400 0.055000 0.026000 0.065100 0.062100 0.065300 0.062200 0.068700 0.053200 0.056300 0.031800 0.065600 0.023000 0.059100 0.064700 0.109500 0.068700 0.062300 0.000000 0.056200 0.049800 0.100500 0.059300 0.056000 0.056100 0.056000 0.062500 0.005600 0.050000 0.062000 0.062400 0.062100 0.077400 0.028900 0.028800
BlueSheep 0.017300 0.251800 0.065300 0.216100 0.046700 0.017200 0.065200 0.067900 0.058900 0.086800 0.014300 0.065400 0.038000 0.061900 0.074500 0.068800 0.096800 0.099900 0.031000 0.059100 0.068200 0.011300 0.093500 0.084000 0.017200 0.062400 0.035000 0.059000 0.074900 0.056000 0.087000 0.067800 0.125900 0.047000 0.034900 0.056200 0.000000 0.049800 0.110300 0.087300 0.083800 0.065300 0.083900 0.090700 0.056300 0.053000 0.071200 0.065500 0.059000 0.096200 0.062000 0.061900
BohorReedb 0.049900 0.230500 0.046700 0.203100 0.017100 0.049900 0.049600 0.052400 0.055600 0.070800 0.046800 0.052800 0.052900 0.046500 0.058700 0.053000 0.086700 0.089700 0.042900 0.046700 0.052600 0.055700 0.077300 0.068000 0.056000 0.040900 0.049900 0.046600 0.059000 0.043600 0.070900 0.052300 0.108800 0.062100 0.049800 0.049800 0.049800 0.000000 0.093500 0.071200 0.067800 0.043700 0.067900 0.074500 0.049900 0.037700 0.055600 0.055900 0.037700 0.083100 0.049500 0.049500
KirksDik 0.103800 0.265200 0.090600 0.246800 0.087100 0.103800 0.081000 0.074300 0.099900 0.119400 0.106900 0.097200 0.100200 0.090100 0.100100 0.062700 0.123200 0.119100 0.090400 0.090600 0.074600 0.116300 0.119800 0.110000 0.117000 0.065800 0.090500 0.084000 0.081500 0.093600 0.119700 0.089800 0.146500 0.097000 0.097100 0.100500 0.110300 0.093500 0.000000 0.120100 0.116300 0.071800 0.116400 0.123700 0.100700 0.081100 0.077700 0.103800 0.093100 0.139100 0.093600 0.093400
RoeDeer 0.087400 0.223200 0.062200 0.207100 0.071200 0.087400 0.080700 0.077200 0.064800 0.034600 0.084100 0.062300 0.084200 0.077300 0.087000 0.078100 0.065000 0.061900 0.073900 0.050000 0.077500 0.093300 0.040700 0.037700 0.093800 0.065500 0.074800 0.055900 0.081200 0.052900 0.034700 0.083300 0.092700 0.087500 0.080900 0.059300 0.087300 0.071200 0.120100 0.000000 0.031700 0.068400 0.031700 0.037800 0.059400 0.068300 0.080600 0.081000 0.086900 0.058600 0.052900 0.046700
WhiteLippe 0.083800 0.202600 0.058900 0.194900 0.067800 0.083800 0.077200 0.079900 0.061800 0.008400 0.080500 0.059000 0.074400 0.073800 0.083500 0.074600 0.074100 0.067700 0.070400 0.052800 0.080300 0.089700 0.014200 0.028700 0.090200 0.062100 0.065100 0.058700 0.080800 0.055700 0.008500 0.079800 0.082800 0.077600 0.077400 0.056000 0.083800 0.067800 0.116300 0.031700 0.000000 0.065000 0.005600 0.028800 0.056000 0.061900 0.070900 0.071300 0.083400 0.058300 0.055700 0.055600
ThomsonGaz 0.065400 0.228000 0.053000 0.207700 0.043700 0.065400 0.052900 0.037600 0.061900 0.068000 0.062200 0.059200 0.062300 0.049700 0.062000 0.026100 0.090300 0.086900 0.052200 0.052900 0.037800 0.071200 0.074500 0.065200 0.071600 0.008600 0.053100 0.052800 0.032000 0.055900 0.068200 0.055500 0.106100 0.065400 0.059100 0.056100 0.065300 0.043700 0.071800 0.068400 0.065000 0.000000 0.065100 0.065400 0.056200 0.037900 0.034800 0.059200 0.058900 0.080300 0.055800 0.055800
MuntiacusC 0.083900 0.210600 0.059000 0.202500 0.067900 0.083900 0.077300 0.073800 0.061800 0.002800 0.080600 0.059100 0.074500 0.073900 0.083500 0.074700 0.074100 0.067800 0.070600 0.052800 0.080400 0.089800 0.008500 0.028700 0.090300 0.062200 0.065200 0.058800 0.080900 0.055800 0.002800 0.073700 0.076700 0.077700 0.077500 0.056000 0.083900 0.067900 0.116400 0.031700 0.005600 0.065100 0.000000 0.023000 0.056100 0.055800 0.070900 0.071400 0.083500 0.058400 0.055700 0.055700
WhiteTaile 0.090700 0.215900 0.065400 0.203700 0.074400 0.090700 0.083900 0.077200 0.068300 0.025800 0.087400 0.065500 0.087600 0.080500 0.090300 0.081400 0.074500 0.068100 0.077200 0.059200 0.080700 0.096700 0.031800 0.028800 0.097200 0.068700 0.078100 0.065200 0.087700 0.062200 0.025900 0.080300 0.080200 0.090900 0.084200 0.062500 0.090700 0.074500 0.123700 0.037800 0.028800 0.065400 0.023000 0.000000 0.062500 0.065300 0.083900 0.084400 0.090200 0.061700 0.062200 0.062100
Cattle 0.062500 0.220300 0.032000 0.189100 0.049900 0.062500 0.062100 0.064900 0.028900 0.059000 0.059300 0.026100 0.059400 0.058900 0.068300 0.059500 0.081000 0.071500 0.055100 0.026000 0.065200 0.062200 0.065400 0.062300 0.068700 0.053300 0.056400 0.031800 0.065700 0.023100 0.059100 0.064800 0.109700 0.068800 0.062400 0.005600 0.056300 0.049900 0.100700 0.059400 0.056000 0.056200 0.056100 0.062500 0.000000 0.050000 0.062100 0.062500 0.062100 0.077500 0.028900 0.028900
RoyalAntel 0.053000 0.235600 0.040900 0.207300 0.031800 0.053000 0.040800 0.034600 0.049700 0.058700 0.049900 0.046900 0.056100 0.031800 0.046800 0.041100 0.077500 0.080500 0.039700 0.040800 0.040700 0.058800 0.065100 0.065100 0.059200 0.035000 0.047000 0.040700 0.047000 0.043700 0.058800 0.037600 0.099500 0.059200 0.046900 0.050000 0.053000 0.037700 0.081100 0.068300 0.061900 0.037900 0.055800 0.065300 0.050000 0.000000 0.043700 0.047000 0.046700 0.080300 0.043700 0.043700
Steenbok 0.065000 0.242400 0.058900 0.220000 0.049500 0.065000 0.058700 0.043400 0.067800 0.073900 0.068000 0.065100 0.062000 0.055500 0.067900 0.038000 0.096200 0.099200 0.058300 0.058800 0.037700 0.077100 0.080400 0.077300 0.077500 0.032000 0.052900 0.058600 0.043900 0.061700 0.074000 0.061400 0.111900 0.065100 0.065000 0.062000 0.071200 0.055600 0.077700 0.080600 0.070900 0.034800 0.070900 0.083900 0.062100 0.043700 0.000000 0.055900 0.064700 0.098900 0.061700 0.061600
Impala 0.065500 0.240900 0.053200 0.227700 0.049900 0.065600 0.056000 0.061800 0.062100 0.074300 0.062300 0.059400 0.062400 0.055900 0.062100 0.059500 0.090400 0.093500 0.051800 0.053100 0.062100 0.071400 0.080800 0.077800 0.071800 0.056300 0.053200 0.055600 0.068700 0.056000 0.074400 0.061800 0.112700 0.065600 0.059300 0.062400 0.065500 0.055900 0.103800 0.081000 0.071300 0.059200 0.071400 0.084400 0.062500 0.047000 0.055900 0.000000 0.065200 0.083700 0.056000 0.055900
Klipspring 0.052900 0.246200 0.052800 0.198900 0.034700 0.052900 0.058800 0.055400 0.067800 0.086400 0.055900 0.065200 0.055900 0.055500 0.074100 0.062200 0.096300 0.099300 0.051800 0.058800 0.058700 0.064800 0.093000 0.083600 0.065200 0.056000 0.052900 0.058700 0.068300 0.055700 0.086600 0.055400 0.131900 0.065200 0.052800 0.062100 0.059000 0.037700 0.093100 0.086900 0.083400 0.058900 0.083500 0.090200 0.062100 0.046700 0.064700 0.065200 0.000000 0.099000 0.061800 0.061700
ForestMusk 0.092800 0.216000 0.074200 0.213000 0.083100 0.096100 0.083300 0.088800 0.077000 0.061300 0.092900 0.074300 0.102600 0.079900 0.102300 0.096500 0.083100 0.070500 0.086000 0.061800 0.095800 0.102100 0.067600 0.067600 0.102700 0.083700 0.093100 0.066800 0.102800 0.070900 0.061400 0.085900 0.105000 0.106000 0.093000 0.077400 0.096200 0.083100 0.139100 0.058600 0.058300 0.080300 0.058400 0.061700 0.077500 0.080300 0.098900 0.083700 0.099000 0.000000 0.064700 0.064600
Bushbuck 0.062000 0.219200 0.025900 0.210500 0.043600 0.062100 0.055700 0.058400 0.017100 0.058700 0.058900 0.025900 0.065100 0.052500 0.061800 0.059100 0.068000 0.064900 0.048900 0.002800 0.058700 0.067900 0.065000 0.061900 0.068200 0.052900 0.056000 0.008500 0.065200 0.017100 0.058700 0.058400 0.108900 0.068300 0.055900 0.028900 0.062000 0.049500 0.093600 0.052900 0.055700 0.055800 0.055700 0.062200 0.028900 0.043700 0.061700 0.056000 0.061800 0.064700 0.000000 0.005600
GreaterKud 0.062000 0.218900 0.025900 0.210200 0.043500 0.062000 0.055600 0.058400 0.017100 0.058600 0.058800 0.025900 0.065000 0.052400 0.061700 0.059100 0.061800 0.061700 0.048800 0.002800 0.052500 0.067800 0.064900 0.061900 0.068200 0.052900 0.055900 0.008500 0.065100 0.011400 0.058700 0.058300 0.108800 0.068200 0.055800 0.028800 0.061900 0.049500 0.093400 0.046700 0.055600 0.055800 0.055700 0.062100 0.028900 0.043700 0.061600 0.055900 0.061700 0.064600 0.005600 0.000000
