1
52 1
Argali 0.000000 0.390500 0.169900 0.375500 0.098100 0.014700 0.113400 0.163200 0.168100 0.265400 0.069300 0.188800 0.095900 0.120200 0.170800 0.209400 0.180100 0.168600 0.069600 0.136300 0.139200 0.078000 0.271200 0.281400 0.061600 0.146900 0.102800 0.161400 0.161600 0.188000 0.248300 0.094800 0.210400 0.110400 0.104400 0.155000 0.061200 0.088500 0.146400 0.272800 0.266800 0.146900 0.257100 0.235400 0.127300 0.110300 0.111400 0.138500 0.122100 0.187400 0.158700 0.158500
LesserMous 0.390500 0.000000 0.464800 0.247800 0.439800 0.403900 0.429200 0.497800 0.428900 0.554800 0.445600 0.422700 0.479000 0.420400 0.508900 0.530400 0.408600 0.418900 0.408300 0.444900 0.449400 0.422100 0.548200 0.526300 0.436000 0.481900 0.458700 0.480200 0.498800 0.445700 0.536400 0.452000 0.399600 0.465700 0.467700 0.458400 0.432500 0.446400 0.463600 0.521100 0.557900 0.468000 0.547500 0.502100 0.395000 0.456100 0.439400 0.458000 0.424700 0.512000 0.459700 0.443800
LesserKudu 0.169900 0.464800 0.000000 0.397100 0.125900 0.171100 0.132400 0.211500 0.068100 0.188700 0.129100 0.119700 0.140800 0.165600 0.191500 0.231800 0.220200 0.226200 0.129300 0.030200 0.195800 0.157000 0.214400 0.243000 0.138600 0.185000 0.165300 0.037800 0.200000 0.037700 0.191300 0.095800 0.259900 0.154900 0.140600 0.130100 0.137600 0.115500 0.203500 0.245000 0.229000 0.185100 0.199900 0.199100 0.120600 0.172100 0.201600 0.140200 0.177000 0.179600 0.060400 0.075400
KillerWhal 0.375500 0.247800 0.397100 0.000000 0.409300 0.365500 0.422700 0.438300 0.440700 0.507600 0.381200 0.396300 0.388400 0.438000 0.535400 0.497100 0.376800 0.336400 0.360100 0.425000 0.464400 0.371700 0.450700 0.500300 0.394700 0.461800 0.371500 0.435000 0.442500 0.407900 0.488100 0.426400 0.370300 0.426000 0.430700 0.403300 0.416000 0.416200 0.436800 0.487000 0.525800 0.474600 0.499200 0.510700 0.367600 0.416400 0.439900 0.417400 0.457200 0.469700 0.435900 0.426300
DefassaWat 0.098100 0.439800 0.125900 0.409300 0.000000 0.081600 0.067300 0.136800 0.124300 0.170800 0.057200 0.108600 0.033000 0.074900 0.087100 0.119300 0.173300 0.161300 0.057400 0.109000 0.084600 0.066300 0.177400 0.194300 0.049100 0.075200 0.040700 0.117100 0.108400 0.125700 0.153400 0.048800 0.184600 0.065400 0.049900 0.090200 0.065600 0.008200 0.110600 0.188000 0.171600 0.075300 0.162300 0.161500 0.080500 0.099400 0.110000 0.039300 0.103100 0.113500 0.132600 0.114800
Sheep 0.014700 0.403900 0.171100 0.365500 0.081600 0.000000 0.114200 0.146400 0.169300 0.256600 0.069700 0.171800 0.096600 0.121100 0.153200 0.192100 0.200000 0.169600 0.054000 0.137200 0.122500 0.062300 0.262400 0.272400 0.062000 0.130200 0.103500 0.162500 0.145000 0.189300 0.239500 0.095500 0.192900 0.111200 0.088200 0.137500 0.077700 0.072200 0.129800 0.264000 0.257900 0.130200 0.248300 0.226800 0.110200 0.111000 0.112100 0.121600 0.140800 0.179100 0.177500 0.159600
MaxwellsDu 0.113400 0.429200 0.132400 0.422700 0.067300 0.114200 0.000000 0.189700 0.130900 0.207000 0.107400 0.123800 0.083100 0.064400 0.121500 0.171600 0.169300 0.157700 0.107600 0.115800 0.118100 0.117400 0.204200 0.210700 0.099200 0.126100 0.107800 0.123800 0.159500 0.150400 0.189600 0.047900 0.163000 0.098200 0.100700 0.117800 0.098400 0.057800 0.143800 0.224300 0.187700 0.134900 0.198400 0.197600 0.091000 0.097200 0.152100 0.090700 0.108800 0.093400 0.138600 0.139000
GazellaPrz 0.163200 0.497800 0.211500 0.438300 0.136800 0.146400 0.189700 0.000000 0.190200 0.263400 0.139500 0.193100 0.133600 0.176900 0.214000 0.113600 0.252700 0.238200 0.122200 0.194600 0.080600 0.149700 0.239000 0.279200 0.131500 0.080200 0.140400 0.202400 0.086800 0.241000 0.245800 0.149500 0.296600 0.148100 0.151700 0.197100 0.148200 0.126100 0.122600 0.238800 0.264000 0.088600 0.255000 0.253100 0.186800 0.146200 0.104600 0.178800 0.208900 0.242400 0.237400 0.198400
MountainNy 0.168100 0.428900 0.068100 0.440700 0.124300 0.169300 0.130900 0.190200 0.000000 0.224600 0.144900 0.135200 0.121400 0.145800 0.170200 0.209700 0.227700 0.233200 0.145200 0.052900 0.174600 0.155200 0.211200 0.239300 0.137000 0.155700 0.145500 0.044900 0.197400 0.083900 0.227600 0.111500 0.297200 0.135700 0.139000 0.164000 0.136000 0.114000 0.220000 0.221600 0.245700 0.162800 0.236300 0.215500 0.118500 0.170200 0.199100 0.138100 0.156600 0.195900 0.051900 0.036600
MuntiacusM 0.265400 0.554800 0.188700 0.507600 0.170800 0.256600 0.207000 0.263400 0.224600 0.000000 0.230100 0.237200 0.206200 0.222400 0.253300 0.243900 0.230100 0.255700 0.211500 0.190600 0.226000 0.242600 0.073000 0.121100 0.221500 0.214100 0.212000 0.198800 0.229400 0.188400 0.016200 0.164100 0.250800 0.220300 0.205900 0.212000 0.230100 0.178700 0.255200 0.107700 0.074500 0.214200 0.024300 0.083300 0.221700 0.228600 0.231200 0.203900 0.257800 0.166100 0.214000 0.213500
goat 0.069300 0.445600 0.129100 0.381200 0.057200 0.069700 0.107400 0.139500 0.144900 0.230100 0.000000 0.147200 0.055900 0.114200 0.127800 0.176100 0.156300 0.145400 0.046800 0.130300 0.124000 0.053600 0.236100 0.245200 0.007600 0.114400 0.079600 0.138100 0.129300 0.164500 0.213000 0.071500 0.214700 0.087300 0.072500 0.130800 0.022600 0.048200 0.131700 0.247200 0.231200 0.114400 0.221800 0.211400 0.121200 0.138000 0.096500 0.097200 0.124800 0.153500 0.135600 0.153000
AfricanBuf 0.188800 0.422700 0.119700 0.396300 0.108600 0.171800 0.123800 0.193100 0.135200 0.237200 0.147200 0.000000 0.106000 0.166300 0.172900 0.213200 0.220700 0.207800 0.129800 0.120700 0.177600 0.157600 0.203800 0.239200 0.139200 0.158300 0.130300 0.111400 0.200800 0.145900 0.220200 0.130600 0.241400 0.120500 0.141200 0.114500 0.155900 0.098500 0.185300 0.234200 0.238200 0.167100 0.228900 0.208200 0.088500 0.155200 0.202000 0.140400 0.177800 0.152000 0.143100 0.143200
Topi 0.095900 0.479000 0.140800 0.388400 0.033000 0.096600 0.083100 0.133600 0.121400 0.206200 0.055900 0.106000 0.000000 0.098900 0.103000 0.134400 0.169200 0.157300 0.072700 0.124100 0.100000 0.081700 0.192600 0.209700 0.048000 0.082200 0.023600 0.114400 0.114800 0.158700 0.188900 0.064400 0.219100 0.047500 0.065600 0.105600 0.064100 0.024300 0.125800 0.203900 0.207700 0.090700 0.197700 0.196700 0.096000 0.097100 0.107400 0.072900 0.100700 0.129000 0.129300 0.129500
CommonDuik 0.120200 0.420400 0.165600 0.438000 0.074900 0.121100 0.064400 0.176900 0.145800 0.222400 0.114200 0.166300 0.098900 0.000000 0.137500 0.168200 0.204300 0.210700 0.097100 0.148900 0.115700 0.106500 0.219500 0.205800 0.106100 0.123600 0.123400 0.156800 0.147700 0.183900 0.205200 0.063200 0.227000 0.113700 0.116500 0.149500 0.105400 0.073800 0.150400 0.239600 0.203200 0.123600 0.214000 0.213100 0.121300 0.095100 0.122600 0.106300 0.124500 0.145600 0.153700 0.153900
Suni 0.170800 0.508900 0.191500 0.535400 0.087100 0.153200 0.121500 0.214000 0.170200 0.253300 0.127800 0.172900 0.103000 0.137500 0.000000 0.195100 0.244500 0.229500 0.128100 0.173900 0.158300 0.138300 0.249600 0.258200 0.119400 0.147600 0.128500 0.182100 0.182200 0.210900 0.235400 0.101300 0.277400 0.136400 0.121400 0.155900 0.136800 0.077000 0.186000 0.271600 0.243000 0.145700 0.244600 0.243400 0.145700 0.172200 0.155400 0.110800 0.168500 0.181100 0.197900 0.197500
Springbuck 0.209400 0.530400 0.231800 0.497100 0.119300 0.192100 0.171600 0.113600 0.209700 0.243900 0.176100 0.213200 0.134400 0.168200 0.195100 0.000000 0.234200 0.239700 0.140900 0.214300 0.064100 0.168700 0.240500 0.227500 0.167900 0.055600 0.159100 0.222400 0.054600 0.251500 0.226500 0.150200 0.319000 0.166800 0.134200 0.197800 0.185100 0.108900 0.123300 0.219900 0.224700 0.055700 0.235500 0.224300 0.187500 0.146900 0.105100 0.142400 0.152900 0.203300 0.238000 0.218000
Okapi 0.180100 0.408600 0.220200 0.376800 0.173300 0.200000 0.169300 0.252700 0.227700 0.230100 0.156300 0.220700 0.169200 0.204300 0.244500 0.234200 0.000000 0.069900 0.156800 0.202700 0.236400 0.167300 0.247600 0.245200 0.147900 0.224700 0.194300 0.210900 0.220500 0.230700 0.213000 0.158600 0.204300 0.202100 0.188000 0.224800 0.146900 0.161400 0.235500 0.269300 0.232500 0.221300 0.221700 0.241300 0.213900 0.202200 0.203900 0.196400 0.216800 0.200900 0.206900 0.245200
Giraffe 0.168600 0.418900 0.226200 0.336400 0.161300 0.169600 0.157700 0.238200 0.233200 0.255700 0.145400 0.207800 0.157300 0.210700 0.229500 0.239700 0.069900 0.000000 0.145900 0.209000 0.222500 0.155900 0.252400 0.271100 0.137300 0.211300 0.182200 0.217000 0.207500 0.236200 0.238700 0.165000 0.181600 0.189800 0.175800 0.211800 0.154100 0.150100 0.202100 0.272800 0.237100 0.208500 0.247600 0.246500 0.182000 0.208200 0.190900 0.183600 0.203500 0.197600 0.213400 0.250800
TibetanAnt 0.069600 0.408300 0.129300 0.360100 0.057400 0.054000 0.107600 0.122200 0.145200 0.211500 0.046800 0.129800 0.072700 0.097100 0.128100 0.140900 0.156800 0.145900 0.000000 0.130500 0.124300 0.023300 0.217600 0.226000 0.039000 0.114700 0.096600 0.138400 0.112700 0.156000 0.194400 0.071600 0.215200 0.104300 0.072700 0.131100 0.054800 0.048400 0.114400 0.228400 0.193000 0.114700 0.203100 0.202300 0.121500 0.120900 0.096700 0.080400 0.125400 0.154000 0.153500 0.135800
Sitatunga 0.136300 0.444900 0.030200 0.425000 0.109000 0.137200 0.115800 0.194600 0.052900 0.190600 0.130300 0.120700 0.124100 0.148900 0.173900 0.214300 0.202700 0.209000 0.130500 0.000000 0.160100 0.140400 0.196900 0.224700 0.122200 0.168000 0.131000 0.022700 0.201600 0.045800 0.193200 0.096700 0.242500 0.121200 0.124000 0.113400 0.121300 0.099000 0.205300 0.227100 0.211100 0.168000 0.201900 0.181500 0.086400 0.173600 0.184500 0.123300 0.160000 0.162300 0.045300 0.060300
Oribi 0.139200 0.449400 0.195800 0.464400 0.084600 0.122500 0.118100 0.080600 0.174600 0.226000 0.124000 0.177600 0.100000 0.115700 0.158300 0.064100 0.236400 0.222500 0.124300 0.160100 0.000000 0.134100 0.222900 0.229900 0.115900 0.039700 0.107100 0.186600 0.055000 0.214900 0.208600 0.115900 0.239300 0.114900 0.099900 0.142500 0.132700 0.074900 0.089700 0.202400 0.226900 0.039800 0.217500 0.206500 0.132700 0.113400 0.072200 0.125500 0.135900 0.185800 0.202200 0.182900
BarbaryShe 0.078000 0.422100 0.157000 0.371700 0.066300 0.062300 0.117400 0.149700 0.155200 0.242600 0.053600 0.157600 0.081700 0.106500 0.138300 0.168700 0.167300 0.155900 0.023300 0.140400 0.134100 0.000000 0.248500 0.258200 0.047200 0.124300 0.105900 0.148400 0.121900 0.156500 0.225200 0.080600 0.226500 0.113700 0.081600 0.141300 0.062800 0.057100 0.133000 0.259900 0.223800 0.124200 0.234100 0.223500 0.131500 0.130500 0.106000 0.089500 0.135300 0.164500 0.163700 0.145500
Daviddeer 0.271200 0.548200 0.214400 0.450700 0.177400 0.262400 0.204200 0.239000 0.211200 0.073000 0.236100 0.203800 0.192600 0.219500 0.249600 0.240500 0.247600 0.252400 0.217600 0.196900 0.222900 0.248500 0.000000 0.146700 0.227600 0.201700 0.198500 0.186000 0.246600 0.213900 0.074000 0.181000 0.277000 0.226000 0.212100 0.218400 0.236100 0.185200 0.251600 0.114500 0.098900 0.211300 0.082300 0.108000 0.207600 0.225800 0.228100 0.201000 0.254200 0.183000 0.220200 0.200500
Reindeer 0.281400 0.526300 0.243000 0.500300 0.194300 0.272400 0.210700 0.279200 0.239300 0.121100 0.245200 0.239200 0.209700 0.205800 0.258200 0.227500 0.245200 0.271100 0.226000 0.224700 0.229900 0.258200 0.146700 0.000000 0.236300 0.217700 0.236500 0.233100 0.254200 0.263700 0.104200 0.197100 0.310800 0.244400 0.220600 0.236800 0.245200 0.181900 0.259900 0.137800 0.112100 0.217800 0.113000 0.085400 0.204500 0.253400 0.242800 0.228100 0.240800 0.168200 0.228000 0.268800
Ibex 0.061600 0.436000 0.138600 0.394700 0.049100 0.062000 0.099200 0.131500 0.137000 0.221500 0.007600 0.139200 0.048000 0.106100 0.119400 0.167900 0.147900 0.137300 0.039000 0.122200 0.115900 0.047200 0.227600 0.236300 0.000000 0.106400 0.071700 0.130100 0.121400 0.156300 0.204400 0.063400 0.206400 0.079400 0.064500 0.122200 0.015300 0.040300 0.123700 0.238600 0.222600 0.106400 0.213200 0.202900 0.112700 0.130000 0.088600 0.088900 0.116700 0.145200 0.127500 0.145000
GyrantGaze 0.146900 0.481900 0.185000 0.461800 0.075200 0.130200 0.126100 0.080200 0.155700 0.214100 0.114400 0.158300 0.082200 0.123600 0.147600 0.055600 0.224700 0.211300 0.114700 0.168000 0.039700 0.124300 0.201700 0.217700 0.106400 0.000000 0.106400 0.167100 0.046700 0.203800 0.196900 0.106200 0.267500 0.114200 0.090500 0.150800 0.123000 0.065800 0.080700 0.181900 0.214900 0.015600 0.205700 0.194900 0.140900 0.095800 0.080200 0.115600 0.125900 0.174700 0.191300 0.163800
Hartebeest 0.102800 0.458700 0.165300 0.371500 0.040700 0.103500 0.107800 0.140400 0.145500 0.212000 0.079600 0.130300 0.023600 0.123400 0.128500 0.159100 0.194300 0.182200 0.096600 0.131000 0.107100 0.105900 0.198500 0.236500 0.071700 0.106400 0.000000 0.138700 0.139000 0.165100 0.195000 0.088700 0.205700 0.054800 0.089800 0.094900 0.087900 0.048500 0.150500 0.209100 0.213000 0.115000 0.203700 0.202800 0.103500 0.121100 0.131800 0.079900 0.125500 0.154400 0.153600 0.136100
Bongo 0.161400 0.480200 0.037800 0.435000 0.117100 0.162500 0.123800 0.202400 0.044900 0.198800 0.138100 0.111400 0.114400 0.156800 0.182100 0.222400 0.210900 0.217000 0.138400 0.022700 0.186600 0.148400 0.186000 0.233100 0.130100 0.167100 0.138700 0.000000 0.209600 0.053300 0.201500 0.104400 0.270600 0.128900 0.131900 0.139100 0.129100 0.107000 0.213400 0.215400 0.219300 0.176000 0.210200 0.189700 0.111600 0.163500 0.192500 0.131300 0.168000 0.170400 0.037400 0.052400
Gerenuk 0.161600 0.498800 0.200000 0.442500 0.108400 0.145000 0.159500 0.086800 0.197400 0.229400 0.129300 0.200800 0.114800 0.147700 0.182200 0.054600 0.220500 0.207500 0.112700 0.201600 0.055000 0.121900 0.246600 0.254200 0.121400 0.046700 0.139000 0.209600 0.000000 0.219000 0.212300 0.121200 0.269900 0.155300 0.123200 0.165800 0.137900 0.098400 0.095900 0.226000 0.230900 0.046700 0.221100 0.230400 0.174800 0.118900 0.078500 0.131900 0.141400 0.209600 0.224900 0.205600
CommonElan 0.188000 0.445700 0.037700 0.407900 0.125700 0.189300 0.150400 0.241000 0.083900 0.188400 0.164500 0.145900 0.158700 0.183900 0.210900 0.251500 0.230700 0.236200 0.156000 0.045800 0.214900 0.156500 0.213900 0.263700 0.156300 0.203800 0.165100 0.053300 0.219000 0.000000 0.190900 0.112700 0.259600 0.172800 0.158600 0.147800 0.155200 0.133200 0.223500 0.244600 0.228600 0.202500 0.199500 0.198800 0.138200 0.190300 0.220600 0.139900 0.195700 0.198600 0.076100 0.075600
MuntiacusR 0.248300 0.536400 0.191300 0.488100 0.153400 0.239500 0.189600 0.245800 0.227600 0.016200 0.213000 0.220200 0.188900 0.205200 0.235400 0.226500 0.213000 0.238700 0.194400 0.193200 0.208600 0.225200 0.074000 0.104200 0.204400 0.196900 0.195000 0.201500 0.212300 0.190900 0.000000 0.147300 0.232500 0.223000 0.188700 0.194700 0.213100 0.161400 0.237700 0.091500 0.058200 0.197000 0.008200 0.067000 0.204300 0.211600 0.214000 0.186800 0.240100 0.149000 0.217000 0.216300
HarveysDui 0.094800 0.452000 0.095800 0.426400 0.048800 0.095500 0.047900 0.149500 0.111500 0.164100 0.071500 0.130600 0.064400 0.063200 0.101300 0.150200 0.158600 0.165000 0.071600 0.096700 0.115900 0.080600 0.181000 0.197100 0.063400 0.106200 0.088700 0.104400 0.121200 0.112700 0.147300 0.000000 0.197600 0.079500 0.064400 0.094700 0.063000 0.039700 0.141600 0.200200 0.164800 0.103300 0.155700 0.174300 0.103100 0.078500 0.114100 0.071700 0.107100 0.109300 0.118400 0.119400
Pronghorn 0.210400 0.399600 0.259900 0.370300 0.184600 0.192900 0.163000 0.296600 0.297200 0.250800 0.214700 0.241400 0.219100 0.227000 0.277400 0.319000 0.204300 0.181600 0.215200 0.242500 0.239300 0.226500 0.277000 0.310800 0.206400 0.267500 0.205700 0.270600 0.269900 0.259600 0.232500 0.197600 0.000000 0.232900 0.239000 0.186300 0.224200 0.192300 0.267100 0.289300 0.272600 0.265500 0.242400 0.283300 0.195300 0.242300 0.284500 0.217100 0.270200 0.202600 0.286300 0.285100
BlueWildeb 0.110400 0.465700 0.154900 0.426000 0.065400 0.111200 0.098200 0.148100 0.135700 0.220300 0.087300 0.120500 0.047500 0.113700 0.136400 0.166800 0.202100 0.189800 0.104300 0.121200 0.114900 0.113700 0.226000 0.244400 0.079400 0.114200 0.054800 0.128900 0.155300 0.172800 0.223000 0.079500 0.232900 0.000000 0.097600 0.120800 0.095500 0.056300 0.158100 0.236800 0.221000 0.122700 0.231800 0.210700 0.093700 0.111600 0.139500 0.105300 0.115500 0.143700 0.143600 0.143700
Gemsbok 0.104400 0.467700 0.140600 0.430700 0.049900 0.088200 0.100700 0.151700 0.139000 0.205900 0.072500 0.141200 0.065600 0.116500 0.121400 0.134200 0.188000 0.175800 0.072700 0.124000 0.099900 0.081600 0.212100 0.220600 0.064500 0.090500 0.089800 0.131900 0.123200 0.158600 0.188700 0.064400 0.239000 0.097600 0.000000 0.124200 0.080800 0.040900 0.125700 0.202800 0.206800 0.090600 0.197500 0.187000 0.114400 0.114200 0.107300 0.090300 0.118400 0.147700 0.147400 0.147100
Yak 0.155000 0.458400 0.130100 0.403300 0.090200 0.137500 0.117800 0.197100 0.164000 0.212000 0.130800 0.114500 0.105600 0.149500 0.155900 0.197800 0.224800 0.211800 0.131100 0.113400 0.142500 0.141300 0.218400 0.236800 0.122200 0.150800 0.094900 0.139100 0.165800 0.147800 0.194700 0.094700 0.186300 0.120800 0.124200 0.000000 0.139800 0.079700 0.188700 0.250400 0.234300 0.153500 0.203600 0.223400 0.056700 0.156100 0.186700 0.122300 0.181200 0.153600 0.154100 0.172900
BlueSheep 0.061200 0.432500 0.137600 0.416000 0.065600 0.077700 0.098400 0.148200 0.136000 0.230100 0.022600 0.155900 0.064100 0.105400 0.136800 0.185100 0.146900 0.154100 0.054800 0.121300 0.132700 0.062800 0.236100 0.245200 0.015300 0.123000 0.087900 0.129100 0.137900 0.155200 0.213100 0.063000 0.224200 0.095500 0.080800 0.139800 0.000000 0.056500 0.140500 0.247200 0.231200 0.123100 0.221800 0.211400 0.130200 0.129100 0.104900 0.105700 0.115800 0.144600 0.126700 0.144000
BohorReedb 0.088500 0.446400 0.115500 0.416200 0.008200 0.072200 0.057800 0.126100 0.114000 0.178700 0.048200 0.098500 0.024300 0.073800 0.077000 0.108900 0.161400 0.150100 0.048400 0.099000 0.074900 0.057100 0.185200 0.181900 0.040300 0.065800 0.048500 0.107000 0.098400 0.133200 0.161400 0.039700 0.192300 0.056300 0.040900 0.079700 0.056500 0.000000 0.100400 0.195700 0.179400 0.065800 0.170100 0.169400 0.070300 0.089600 0.099800 0.047400 0.092900 0.103000 0.122000 0.122200
KirksDik 0.146400 0.463600 0.203500 0.436800 0.110600 0.129800 0.143800 0.122600 0.220000 0.255200 0.131700 0.185300 0.125800 0.150400 0.186000 0.123300 0.235500 0.202100 0.114400 0.205300 0.089700 0.133000 0.251600 0.259900 0.123700 0.080700 0.150500 0.213400 0.095900 0.223500 0.237700 0.141600 0.267100 0.158100 0.125700 0.188700 0.140500 0.100400 0.000000 0.251300 0.256000 0.079000 0.246800 0.235100 0.159100 0.138500 0.097000 0.151700 0.143800 0.213900 0.228800 0.209100
RoeDeer 0.272800 0.521100 0.245000 0.487000 0.188000 0.264000 0.224300 0.238800 0.221600 0.107700 0.247200 0.234200 0.203900 0.239600 0.271600 0.219900 0.269300 0.272800 0.228400 0.227100 0.202400 0.259900 0.114500 0.137800 0.238600 0.181900 0.209100 0.215400 0.226000 0.244600 0.091500 0.200200 0.289300 0.236800 0.202800 0.250400 0.247200 0.195700 0.251300 0.000000 0.099000 0.191300 0.099900 0.099400 0.239200 0.225600 0.208200 0.221100 0.253900 0.193700 0.250800 0.210700
WhiteLippe 0.266800 0.557900 0.229000 0.525800 0.171600 0.257900 0.187700 0.264000 0.245700 0.074500 0.231200 0.238200 0.207700 0.203200 0.243000 0.224700 0.232500 0.237100 0.193000 0.211100 0.226900 0.223800 0.098900 0.112100 0.222600 0.214900 0.213000 0.219300 0.230900 0.228600 0.058200 0.164800 0.272600 0.221000 0.206800 0.234300 0.231200 0.179400 0.256000 0.099000 0.000000 0.215000 0.066500 0.074800 0.223100 0.229700 0.232100 0.185200 0.238300 0.147500 0.235100 0.234100
ThomsonGaz 0.146900 0.468000 0.185100 0.474600 0.075300 0.130200 0.134900 0.088600 0.162800 0.214200 0.114400 0.167100 0.090700 0.123600 0.145700 0.055700 0.221300 0.208500 0.114700 0.168000 0.039800 0.124200 0.211300 0.217800 0.106400 0.015600 0.115000 0.176000 0.046700 0.202500 0.197000 0.103300 0.265500 0.122700 0.090600 0.153500 0.123100 0.065800 0.079000 0.191300 0.215000 0.000000 0.205800 0.195000 0.143900 0.102300 0.078300 0.115600 0.126000 0.174800 0.191300 0.172600
MuntiacusC 0.257100 0.547500 0.199900 0.499200 0.162300 0.248300 0.198400 0.255000 0.236300 0.024300 0.221800 0.228900 0.197700 0.214000 0.244600 0.235500 0.221700 0.247600 0.203100 0.201900 0.217500 0.234100 0.082300 0.113000 0.213200 0.205700 0.203700 0.210200 0.221100 0.199500 0.008200 0.155700 0.242400 0.231800 0.197500 0.203600 0.221800 0.170100 0.246800 0.099900 0.066500 0.205800 0.000000 0.075400 0.213200 0.220300 0.222900 0.195400 0.249200 0.157600 0.225700 0.225000
WhiteTaile 0.235400 0.502100 0.199100 0.510700 0.161500 0.226800 0.197600 0.253100 0.215500 0.083300 0.211400 0.208200 0.196700 0.213100 0.243400 0.224300 0.241300 0.246500 0.202300 0.181500 0.206500 0.223500 0.108000 0.085400 0.202900 0.194900 0.202800 0.189700 0.230400 0.198800 0.067000 0.174300 0.283300 0.210700 0.187000 0.223400 0.211400 0.169400 0.235100 0.099400 0.074800 0.195000 0.075400 0.000000 0.191900 0.230000 0.211900 0.194500 0.216900 0.176700 0.205000 0.204600
Cattle 0.127300 0.395000 0.120600 0.367600 0.080500 0.110200 0.091000 0.186800 0.118500 0.221700 0.121200 0.088500 0.096000 0.121300 0.145700 0.187500 0.213900 0.182000 0.121500 0.086400 0.132700 0.131500 0.207600 0.204500 0.112700 0.140900 0.103500 0.111600 0.174800 0.138200 0.204300 0.103100 0.195300 0.093700 0.114400 0.056700 0.130200 0.070300 0.159100 0.239200 0.223100 0.143900 0.213200 0.191900 0.000000 0.165100 0.176600 0.112500 0.114300 0.143800 0.108500 0.145000
RoyalAntel 0.110300 0.456100 0.172100 0.416400 0.099400 0.111000 0.097200 0.146200 0.170200 0.228600 0.138000 0.155200 0.097100 0.095100 0.172200 0.146900 0.202200 0.208200 0.120900 0.173600 0.113400 0.130500 0.225800 0.253400 0.130000 0.095800 0.121100 0.163500 0.118900 0.190300 0.211600 0.078500 0.242300 0.111600 0.114200 0.156100 0.129100 0.089600 0.138500 0.225600 0.229700 0.102300 0.220300 0.230000 0.165100 0.000000 0.120500 0.139400 0.149500 0.152600 0.196600 0.160500
Steenbok 0.111400 0.439400 0.201600 0.439900 0.110000 0.112100 0.152100 0.104600 0.199100 0.231200 0.096500 0.202000 0.107400 0.122600 0.155400 0.105100 0.203900 0.190900 0.096700 0.184500 0.072200 0.106000 0.228100 0.242800 0.088600 0.080200 0.131800 0.192500 0.078500 0.220600 0.214000 0.114100 0.284500 0.139500 0.107300 0.186700 0.104900 0.099800 0.097000 0.208200 0.232100 0.078300 0.222900 0.211900 0.176600 0.120500 0.000000 0.141300 0.142300 0.211300 0.189000 0.188900
Impala 0.138500 0.458000 0.140200 0.417400 0.039300 0.121600 0.090700 0.178800 0.138100 0.203900 0.097200 0.140400 0.072900 0.106300 0.110800 0.142400 0.196400 0.183600 0.080400 0.123300 0.125500 0.089500 0.201000 0.228100 0.088900 0.115600 0.079900 0.131300 0.131900 0.139900 0.186800 0.071700 0.217100 0.105300 0.090300 0.122300 0.105700 0.047400 0.151700 0.221100 0.185200 0.115600 0.195400 0.194500 0.112500 0.139400 0.141300 0.000000 0.117100 0.146400 0.146000 0.128800
Klipspring 0.122100 0.424700 0.177000 0.457200 0.103100 0.140800 0.108800 0.208900 0.156600 0.257800 0.124800 0.177800 0.100700 0.124500 0.168500 0.152900 0.216800 0.203500 0.125400 0.160000 0.135900 0.135300 0.254200 0.240800 0.116700 0.125900 0.125500 0.168000 0.141400 0.195700 0.240100 0.107100 0.270200 0.115500 0.118400 0.181200 0.115800 0.092900 0.143800 0.253900 0.238300 0.126000 0.249200 0.216900 0.114300 0.149500 0.142300 0.117100 0.000000 0.196100 0.146900 0.183100
ForestMusk 0.187400 0.512000 0.179600 0.469700 0.113500 0.179100 0.093400 0.242400 0.195900 0.166100 0.153500 0.152000 0.129000 0.145600 0.181100 0.203300 0.200900 0.197600 0.154000 0.162300 0.185800 0.164500 0.183000 0.168200 0.145200 0.174700 0.154400 0.170400 0.209600 0.198600 0.149000 0.109300 0.202600 0.143700 0.147700 0.153600 0.144600 0.103000 0.213900 0.193700 0.147500 0.174800 0.157600 0.176700 0.143800 0.152600 0.211300 0.146400 0.196100 0.000000 0.185700 0.204500
Bushbuck 0.158700 0.459700 0.060400 0.435900 0.132600 0.177500 0.138600 0.237400 0.051900 0.214000 0.135600 0.143100 0.129300 0.153700 0.197900 0.238000 0.206900 0.213400 0.153500 0.045300 0.202200 0.163700 0.220200 0.228000 0.127500 0.191300 0.153600 0.037400 0.224900 0.076100 0.217000 0.118400 0.286300 0.143600 0.147400 0.154100 0.126700 0.122000 0.228800 0.250800 0.235100 0.191300 0.225700 0.205000 0.108500 0.196600 0.189000 0.146000 0.146900 0.185700 0.000000 0.074800
GreaterKud 0.158500 0.443800 0.075400 0.426300 0.114800 0.159600 0.139000 0.198400 0.036600 0.213500 0.153000 0.143200 0.129500 0.153900 0.197500 0.218000 0.245200 0.250800 0.135800 0.060300 0.182900 0.145500 0.200500 0.268800 0.145000 0.163800 0.136100 0.052400 0.205600 0.075600 0.216300 0.119400 0.285100 0.143700 0.147100 0.172900 0.144000 0.122200 0.209100 0.210700 0.234100 0.172600 0.225000 0.204600 0.145000 0.160500 0.188900 0.128800 0.183100 0.204500 0.074800 0.000000
