1
52 1
Argali 0.000000 0.583200 0.075900 0.406900 0.074700 0.000000 0.096700 0.053000 0.084500 0.158200 0.030000 0.063600 0.073000 0.108700 0.076100 0.073900 0.137200 0.126700 0.062400 0.108400 0.053900 0.050700 0.133900 0.178700 0.031300 0.094700 0.072600 0.119600 0.063500 0.085400 0.147200 0.111400 0.185200 0.041200 0.062400 0.074100 0.041900 0.053200 0.074400 0.132900 0.133800 0.084400 0.190900 0.152400 0.072900 0.086600 0.063700 0.064800 0.074200 0.126000 0.097400 0.096500
LesserMous 0.583200 0.000000 0.541800 0.400500 0.621500 0.583200 0.620300 0.625500 0.538500 0.526500 0.664900 0.544000 0.647500 0.641700 0.566200 0.547000 0.579000 0.567500 0.653700 0.554000 0.642600 0.657100 0.565800 0.542700 0.617200 0.573300 0.643500 0.531700 0.595700 0.551800 0.554600 0.668000 0.641100 0.583100 0.631000 0.570100 0.647200 0.581000 0.568400 0.539100 0.610700 0.602600 0.573000 0.623200 0.602200 0.573300 0.601700 0.628500 0.528400 0.495700 0.534800 0.569300
LesserKudu 0.075900 0.541800 0.000000 0.371500 0.066000 0.075900 0.065700 0.066300 0.031800 0.126700 0.088000 0.077000 0.087000 0.077100 0.066900 0.064900 0.129100 0.118300 0.098600 0.032400 0.067000 0.087700 0.102400 0.147900 0.065700 0.108300 0.086500 0.043300 0.054300 0.032300 0.115500 0.079200 0.152600 0.075900 0.075900 0.065400 0.077300 0.043700 0.065300 0.125600 0.102200 0.097800 0.135200 0.145700 0.086600 0.077700 0.054700 0.078500 0.088300 0.068800 0.021600 0.021300
KillerWhal 0.406900 0.400500 0.371500 0.000000 0.432800 0.406900 0.432600 0.436000 0.342600 0.341700 0.429500 0.412700 0.456700 0.449200 0.357000 0.392400 0.298900 0.319400 0.476800 0.398400 0.443900 0.461800 0.357300 0.413000 0.430900 0.417200 0.454000 0.381000 0.380200 0.397300 0.361300 0.427800 0.357800 0.407000 0.442100 0.395600 0.416100 0.401700 0.362900 0.387200 0.389900 0.438600 0.413400 0.424300 0.421500 0.440600 0.417400 0.437700 0.363300 0.421100 0.351400 0.362500
DefassaWat 0.074700 0.621500 0.066000 0.432800 0.000000 0.074700 0.087100 0.062900 0.097400 0.148700 0.086600 0.098900 0.063400 0.099000 0.066100 0.064100 0.127400 0.141700 0.074400 0.075800 0.066100 0.086300 0.124300 0.145100 0.064900 0.107700 0.063100 0.087000 0.053600 0.098500 0.137600 0.101600 0.175900 0.051200 0.052700 0.064200 0.075900 0.021300 0.064600 0.147400 0.124100 0.097200 0.157000 0.143000 0.085100 0.076800 0.031900 0.077500 0.086800 0.116100 0.087700 0.086500
Sheep 0.000000 0.583200 0.075900 0.406900 0.074700 0.000000 0.096700 0.053000 0.084500 0.158200 0.031000 0.063600 0.073000 0.108700 0.076100 0.073900 0.137200 0.126700 0.062400 0.108400 0.053900 0.052100 0.133900 0.178700 0.031300 0.094700 0.072600 0.119600 0.063500 0.085400 0.147200 0.111400 0.185200 0.041200 0.062400 0.072800 0.041900 0.053200 0.074400 0.132900 0.133800 0.084400 0.190900 0.152400 0.072900 0.086600 0.063700 0.064800 0.074200 0.126000 0.097400 0.096100
MaxwellsDu 0.096700 0.620300 0.065700 0.432600 0.087100 0.096700 0.000000 0.064900 0.097100 0.148400 0.086200 0.098700 0.107800 0.053500 0.088800 0.063900 0.152100 0.141500 0.119500 0.098700 0.065900 0.085900 0.123900 0.144900 0.064600 0.107100 0.107200 0.109700 0.053400 0.098200 0.137300 0.054900 0.175600 0.096700 0.096700 0.086400 0.075600 0.065200 0.064300 0.147100 0.123800 0.096700 0.181300 0.142900 0.107300 0.099500 0.053600 0.100400 0.086400 0.115700 0.087400 0.063900
GazellaPrz 0.053000 0.625500 0.066300 0.436000 0.062900 0.053000 0.064900 0.000000 0.097900 0.149600 0.042500 0.099500 0.063700 0.076500 0.066500 0.042500 0.128200 0.142600 0.074900 0.099300 0.043800 0.040900 0.125000 0.170600 0.021200 0.085500 0.063400 0.110700 0.032000 0.076100 0.138500 0.078500 0.177000 0.053000 0.053000 0.087100 0.031100 0.043400 0.042800 0.148300 0.124900 0.075100 0.182800 0.168100 0.108200 0.077200 0.032100 0.055000 0.064700 0.116800 0.087900 0.087000
MountainNy 0.084500 0.538500 0.031800 0.342600 0.097400 0.084500 0.097100 0.097900 0.000000 0.158900 0.119300 0.085700 0.095100 0.108600 0.076100 0.095900 0.161900 0.151400 0.129700 0.063800 0.099000 0.118900 0.134500 0.179500 0.097000 0.139600 0.094700 0.074600 0.085500 0.063600 0.147900 0.111400 0.185200 0.084500 0.106900 0.096600 0.108700 0.075200 0.074400 0.133100 0.134300 0.129300 0.166700 0.177000 0.117500 0.098500 0.086200 0.110400 0.119600 0.101700 0.031500 0.052400
MuntiacusM 0.158200 0.526500 0.126700 0.341700 0.148700 0.158200 0.148400 0.149600 0.158900 0.000000 0.172200 0.161300 0.169900 0.161600 0.151900 0.122800 0.142000 0.157000 0.157900 0.161200 0.152100 0.171500 0.090100 0.159500 0.148900 0.194100 0.169000 0.173300 0.112300 0.160800 0.010900 0.166000 0.192100 0.158200 0.158200 0.147500 0.161100 0.125600 0.123900 0.137200 0.113700 0.183300 0.053600 0.133100 0.169400 0.162900 0.136700 0.164700 0.123300 0.156300 0.149400 0.123200
goat 0.030000 0.664900 0.088000 0.429500 0.086600 0.031000 0.086200 0.042500 0.119300 0.172200 0.000000 0.098000 0.084600 0.098100 0.088300 0.063500 0.151000 0.140400 0.073900 0.121000 0.043200 0.041800 0.147300 0.192900 0.020900 0.084400 0.084200 0.132400 0.053100 0.097500 0.161100 0.077400 0.200000 0.073900 0.073900 0.085900 0.010200 0.064800 0.064000 0.146200 0.147200 0.074100 0.205300 0.165700 0.084500 0.098900 0.051900 0.076700 0.063800 0.139700 0.109800 0.108400
AfricanBuf 0.063600 0.544000 0.077000 0.412700 0.098900 0.063600 0.098700 0.099500 0.085700 0.161300 0.098000 0.000000 0.119700 0.109600 0.100400 0.097300 0.164400 0.153900 0.131600 0.110400 0.100400 0.120700 0.136500 0.157100 0.098500 0.141600 0.119100 0.121900 0.086800 0.110200 0.150200 0.088700 0.175600 0.085700 0.108500 0.075500 0.110400 0.076400 0.098000 0.160000 0.136300 0.131100 0.194600 0.179600 0.096400 0.111100 0.087500 0.112100 0.121400 0.127900 0.099300 0.097900
Topi 0.073000 0.647500 0.087000 0.456700 0.063400 0.073000 0.107800 0.063700 0.095100 0.169900 0.084600 0.119700 0.000000 0.096900 0.087200 0.084600 0.149100 0.163600 0.072900 0.096600 0.087300 0.084400 0.145400 0.165800 0.063400 0.105400 0.020100 0.107600 0.074300 0.074100 0.158900 0.122900 0.197600 0.030600 0.030600 0.084700 0.074200 0.042200 0.085200 0.143900 0.121500 0.095200 0.177700 0.163500 0.105400 0.097700 0.052600 0.075700 0.107700 0.137800 0.107200 0.107000
CommonDuik 0.108700 0.641700 0.077100 0.449200 0.099000 0.108700 0.053500 0.076500 0.108600 0.161600 0.098100 0.109600 0.096900 0.000000 0.100500 0.075000 0.164600 0.154000 0.131800 0.110600 0.077300 0.097700 0.136800 0.182500 0.075800 0.096000 0.096500 0.122100 0.064500 0.087400 0.150400 0.043700 0.188200 0.086000 0.086000 0.098200 0.087400 0.076500 0.075500 0.160200 0.112500 0.085600 0.194900 0.179900 0.119400 0.111200 0.065000 0.112300 0.098300 0.128100 0.099500 0.075400
Suni 0.076100 0.566200 0.066900 0.357000 0.066100 0.076100 0.088800 0.066500 0.076100 0.151900 0.088300 0.100400 0.087200 0.100500 0.000000 0.065100 0.129500 0.144100 0.098900 0.100700 0.067200 0.088000 0.126900 0.173100 0.065800 0.098000 0.086800 0.112300 0.054400 0.100500 0.140600 0.103200 0.178600 0.076100 0.076100 0.088300 0.077500 0.043800 0.043300 0.150600 0.126700 0.087400 0.185600 0.170500 0.109800 0.066800 0.054900 0.078700 0.088500 0.118000 0.066400 0.088200
Springbuck 0.073900 0.547000 0.064900 0.392400 0.064100 0.073900 0.063900 0.042500 0.095900 0.122800 0.063500 0.097300 0.084600 0.075000 0.065100 0.000000 0.125400 0.139400 0.096000 0.097700 0.042900 0.063300 0.123000 0.143800 0.042100 0.062200 0.084200 0.108900 0.030100 0.097500 0.111900 0.076800 0.173100 0.073900 0.073900 0.085700 0.053100 0.042500 0.041900 0.145900 0.122900 0.073600 0.155200 0.165400 0.106600 0.075600 0.031600 0.076300 0.042000 0.114200 0.086700 0.085600
Okapi 0.137200 0.579000 0.129100 0.298900 0.127400 0.137200 0.152100 0.128200 0.161900 0.142000 0.151000 0.164400 0.149100 0.164600 0.129500 0.125400 0.000000 0.034400 0.162000 0.165100 0.129600 0.150400 0.142100 0.216100 0.126900 0.172300 0.148300 0.177600 0.090500 0.164800 0.130500 0.169300 0.068700 0.137200 0.137200 0.151100 0.139800 0.103600 0.126300 0.192700 0.141900 0.161400 0.202200 0.186700 0.173400 0.140600 0.115300 0.142100 0.126400 0.159400 0.153100 0.126200
Giraffe 0.126700 0.567500 0.118300 0.319400 0.141700 0.126700 0.141500 0.142600 0.151400 0.157000 0.140400 0.153900 0.163600 0.154000 0.144100 0.139400 0.034400 0.000000 0.151500 0.154500 0.118700 0.139800 0.157000 0.205700 0.116200 0.161900 0.162800 0.167000 0.128300 0.154100 0.145300 0.158500 0.081800 0.151500 0.151500 0.140500 0.129100 0.117300 0.140400 0.155800 0.156800 0.150900 0.191700 0.176400 0.138000 0.155400 0.129300 0.157100 0.115700 0.148300 0.142400 0.140300
TibetanAnt 0.062400 0.653700 0.098600 0.476800 0.074400 0.062400 0.119500 0.074900 0.129700 0.157900 0.073900 0.131600 0.072900 0.131800 0.098900 0.096000 0.162000 0.151500 0.000000 0.108200 0.076200 0.073600 0.158000 0.178500 0.052700 0.117000 0.072600 0.119400 0.085600 0.107900 0.147000 0.135200 0.211100 0.062400 0.062400 0.096100 0.063500 0.053200 0.096700 0.156800 0.157800 0.106700 0.165900 0.152200 0.094600 0.109500 0.063600 0.087300 0.096400 0.150700 0.120300 0.118700
Sitatunga 0.108400 0.554000 0.032400 0.398400 0.075800 0.108400 0.098700 0.099300 0.063800 0.161200 0.121000 0.110400 0.096600 0.110600 0.100700 0.097700 0.165100 0.154500 0.108200 0.000000 0.100800 0.120500 0.112200 0.133000 0.098800 0.142200 0.096100 0.031700 0.087100 0.042500 0.150000 0.113500 0.188700 0.085700 0.085700 0.075300 0.110200 0.054100 0.098400 0.135100 0.112100 0.131700 0.144600 0.154900 0.096300 0.111400 0.064800 0.112600 0.121300 0.103700 0.031900 0.053100
Oribi 0.053900 0.642600 0.067000 0.443900 0.066100 0.053900 0.065900 0.043800 0.099000 0.152100 0.043200 0.100400 0.087300 0.077300 0.067200 0.042900 0.129600 0.118700 0.076200 0.100800 0.000000 0.043100 0.127100 0.173400 0.021500 0.064100 0.086800 0.112400 0.032300 0.100700 0.140800 0.079300 0.178900 0.076200 0.076200 0.088400 0.032500 0.043800 0.043200 0.126100 0.126900 0.053600 0.186000 0.146300 0.087000 0.078000 0.032500 0.078800 0.043300 0.118100 0.089500 0.088300
BarbaryShe 0.050700 0.657100 0.087700 0.461800 0.086300 0.052100 0.085900 0.040900 0.118900 0.171500 0.041800 0.120700 0.084400 0.097700 0.088000 0.063300 0.150400 0.139800 0.073600 0.120500 0.043100 0.000000 0.146800 0.167200 0.020900 0.084100 0.084000 0.131900 0.052900 0.096800 0.160400 0.100200 0.199200 0.073700 0.073700 0.108100 0.031400 0.064600 0.063800 0.145700 0.146600 0.073900 0.204500 0.141200 0.105800 0.087400 0.053100 0.076400 0.063600 0.139100 0.109400 0.108000
Daviddeer 0.133900 0.565800 0.102400 0.357300 0.124300 0.133900 0.123900 0.125000 0.134500 0.090100 0.147300 0.136500 0.145400 0.136800 0.126900 0.123000 0.142100 0.157000 0.158000 0.112200 0.127100 0.146800 0.000000 0.134800 0.124500 0.169200 0.144700 0.123800 0.088800 0.112000 0.102800 0.140500 0.165700 0.134000 0.133900 0.123300 0.136300 0.101500 0.100200 0.112700 0.020700 0.158400 0.146900 0.133000 0.145000 0.137900 0.112500 0.139300 0.123500 0.130600 0.100900 0.099700
Reindeer 0.178700 0.542700 0.147900 0.413000 0.145100 0.178700 0.144900 0.170600 0.179500 0.159500 0.192900 0.157100 0.165800 0.182500 0.173100 0.143800 0.216100 0.205700 0.178500 0.133000 0.173400 0.167200 0.134800 0.000000 0.169800 0.189700 0.165000 0.144600 0.157200 0.156800 0.148500 0.187400 0.227400 0.154400 0.154400 0.143900 0.181900 0.122600 0.169000 0.133800 0.134600 0.203900 0.167500 0.084200 0.165300 0.172000 0.133300 0.185900 0.168600 0.178100 0.145700 0.168000
Ibex 0.031300 0.617200 0.065700 0.430900 0.064900 0.031300 0.064600 0.021200 0.097000 0.148900 0.020900 0.098500 0.063400 0.075800 0.065800 0.042100 0.126900 0.116200 0.052700 0.098800 0.021500 0.020900 0.124500 0.169800 0.000000 0.062900 0.063100 0.110200 0.031700 0.075800 0.137800 0.077400 0.175000 0.052700 0.052700 0.086700 0.010500 0.043000 0.042400 0.123500 0.124300 0.052600 0.182000 0.143300 0.085300 0.076500 0.031900 0.054400 0.042500 0.115600 0.087800 0.086600
GyrantGaze 0.094700 0.573300 0.108300 0.417200 0.107700 0.094700 0.107100 0.085500 0.139600 0.194100 0.084400 0.141600 0.105400 0.096000 0.098000 0.062200 0.172300 0.161900 0.117000 0.142200 0.064100 0.084100 0.169200 0.189700 0.062900 0.000000 0.104900 0.153700 0.073600 0.118800 0.183100 0.121600 0.221100 0.094700 0.094700 0.129500 0.074000 0.085500 0.084400 0.143600 0.144700 0.010000 0.227200 0.187000 0.127500 0.119700 0.074100 0.120800 0.062800 0.161100 0.131100 0.129400
Hartebeest 0.072600 0.643500 0.086500 0.454000 0.063100 0.072600 0.107200 0.063400 0.094700 0.169000 0.084200 0.119100 0.020100 0.096500 0.086800 0.084200 0.148300 0.162800 0.072600 0.096100 0.086800 0.084000 0.144700 0.165000 0.063100 0.104900 0.000000 0.107100 0.073900 0.073700 0.158100 0.122300 0.196500 0.030500 0.029700 0.084200 0.073900 0.042000 0.084800 0.143200 0.120900 0.094700 0.176800 0.162700 0.104800 0.097200 0.052400 0.075300 0.106900 0.137100 0.107900 0.106500
Bongo 0.119600 0.531700 0.043300 0.381000 0.087000 0.119600 0.109700 0.110700 0.074600 0.173300 0.132400 0.121900 0.107600 0.122100 0.112300 0.108900 0.177600 0.167000 0.119400 0.031700 0.112400 0.131900 0.123800 0.144600 0.110200 0.153700 0.107100 0.000000 0.098300 0.053300 0.162100 0.125300 0.201400 0.096700 0.096700 0.064000 0.121600 0.065100 0.109700 0.146900 0.123700 0.143200 0.156300 0.166600 0.084900 0.123000 0.075800 0.124300 0.132700 0.115600 0.042700 0.063900
Gerenuk 0.063500 0.595700 0.054300 0.380200 0.053600 0.063500 0.053400 0.032000 0.085500 0.112300 0.053100 0.086800 0.074300 0.064500 0.054400 0.030100 0.090500 0.128300 0.085600 0.087100 0.032300 0.052900 0.088800 0.157200 0.031700 0.073600 0.073900 0.098300 0.000000 0.087000 0.101400 0.066100 0.137300 0.063600 0.063500 0.075200 0.042600 0.032000 0.031600 0.135200 0.088700 0.063300 0.169200 0.131300 0.096200 0.065000 0.021100 0.065600 0.053200 0.103200 0.076200 0.053100
CommonElan 0.085400 0.551800 0.032300 0.397300 0.098500 0.085400 0.098200 0.076100 0.063600 0.160800 0.097500 0.110200 0.074100 0.087400 0.100500 0.097500 0.164800 0.154100 0.107900 0.042500 0.100700 0.096800 0.112000 0.156800 0.075800 0.118800 0.073700 0.053300 0.087000 0.000000 0.149700 0.113300 0.188300 0.063400 0.063400 0.097800 0.086900 0.076500 0.098200 0.134900 0.088500 0.108300 0.168700 0.179000 0.118900 0.111200 0.087200 0.088700 0.121000 0.103400 0.031900 0.053000
MuntiacusR 0.147200 0.554600 0.115500 0.361300 0.137600 0.147200 0.137300 0.138500 0.147900 0.010900 0.161100 0.150200 0.158900 0.150400 0.140600 0.111900 0.130500 0.145300 0.147000 0.150000 0.140800 0.160400 0.102800 0.148500 0.137800 0.183100 0.158100 0.162100 0.101400 0.149700 0.000000 0.154600 0.180500 0.147200 0.147200 0.136500 0.149900 0.114500 0.137100 0.126100 0.102600 0.172200 0.065200 0.122300 0.158400 0.151600 0.125600 0.153300 0.136500 0.144700 0.138300 0.112300
HarveysDui 0.111400 0.668000 0.079200 0.427800 0.101600 0.111400 0.054900 0.078500 0.111400 0.166000 0.077400 0.088700 0.122900 0.043700 0.103200 0.076800 0.169300 0.158500 0.135200 0.113500 0.079300 0.100200 0.140500 0.187400 0.077400 0.121600 0.122300 0.125300 0.066100 0.113300 0.154600 0.000000 0.193500 0.111500 0.111400 0.100800 0.066500 0.078500 0.077400 0.164600 0.140300 0.110900 0.200200 0.184600 0.122400 0.114100 0.066600 0.115300 0.100800 0.131700 0.102100 0.077300
Pronghorn 0.185200 0.641100 0.152600 0.357800 0.175900 0.185200 0.175600 0.177000 0.185200 0.192100 0.200000 0.175600 0.197600 0.188200 0.178600 0.173100 0.068700 0.081800 0.211100 0.188700 0.178900 0.199200 0.165700 0.227400 0.175000 0.221100 0.196500 0.201400 0.137300 0.188300 0.180500 0.193500 0.000000 0.185200 0.185200 0.174400 0.188700 0.151300 0.174200 0.217000 0.165500 0.210100 0.253800 0.184000 0.196600 0.163500 0.163400 0.191900 0.200600 0.183800 0.176600 0.149100
BlueWildeb 0.041200 0.583100 0.075900 0.407000 0.051200 0.041200 0.096700 0.053000 0.084500 0.158200 0.073900 0.085700 0.030600 0.086000 0.076100 0.073900 0.137200 0.151500 0.062400 0.085700 0.076200 0.073700 0.134000 0.154400 0.052700 0.094700 0.030500 0.096700 0.063600 0.063400 0.147200 0.111500 0.185200 0.000000 0.020400 0.074000 0.063500 0.031600 0.074400 0.156900 0.110200 0.084400 0.166200 0.152200 0.094700 0.086700 0.042000 0.064800 0.096500 0.126100 0.097400 0.096200
Gemsbok 0.062400 0.631000 0.075900 0.442100 0.052700 0.062400 0.096700 0.053000 0.106900 0.158200 0.073900 0.108500 0.030600 0.086000 0.076100 0.073900 0.137200 0.151500 0.062400 0.085700 0.076200 0.073700 0.133900 0.154400 0.052700 0.094700 0.029700 0.096700 0.063500 0.063400 0.147200 0.111400 0.185200 0.020400 0.000000 0.074000 0.063500 0.031600 0.074400 0.156900 0.110200 0.084400 0.166200 0.151200 0.094600 0.086600 0.042000 0.064700 0.096400 0.126000 0.097400 0.096100
Yak 0.074100 0.570100 0.065400 0.395600 0.064200 0.072800 0.086400 0.087100 0.096600 0.147500 0.085900 0.075500 0.084700 0.098200 0.088300 0.085700 0.151100 0.140500 0.096100 0.075300 0.088400 0.108100 0.123300 0.143900 0.086700 0.129500 0.084200 0.064000 0.075200 0.097800 0.136500 0.100800 0.174400 0.074000 0.074000 0.000000 0.096900 0.042700 0.086300 0.146300 0.123200 0.119100 0.155700 0.141900 0.020400 0.098900 0.053300 0.099900 0.108800 0.115100 0.087000 0.085500
BlueSheep 0.041900 0.647200 0.077300 0.416100 0.075900 0.041900 0.075600 0.031100 0.108700 0.161100 0.010200 0.110400 0.074200 0.087400 0.077500 0.053100 0.139800 0.129100 0.063500 0.110200 0.032500 0.031400 0.136300 0.181900 0.010500 0.074000 0.073900 0.121600 0.042600 0.086900 0.149900 0.066500 0.188700 0.063500 0.063500 0.096900 0.000000 0.054200 0.053400 0.135300 0.136100 0.063700 0.194200 0.155000 0.096300 0.088200 0.042700 0.065900 0.053300 0.128400 0.099100 0.097800
BohorReedb 0.053200 0.581000 0.043700 0.401700 0.021300 0.053200 0.065200 0.043400 0.075200 0.125600 0.064800 0.076400 0.042200 0.076500 0.043800 0.042500 0.103600 0.117300 0.053200 0.054100 0.043800 0.064600 0.101500 0.122600 0.043000 0.085500 0.042000 0.065100 0.032000 0.076500 0.114500 0.078500 0.151300 0.031600 0.031600 0.042700 0.054200 0.000000 0.042800 0.124500 0.101400 0.075100 0.134300 0.120800 0.063700 0.054500 0.010600 0.055000 0.065000 0.092200 0.065600 0.064800
KirksDik 0.074400 0.568400 0.065300 0.362900 0.064600 0.074400 0.064300 0.042800 0.074400 0.123900 0.064000 0.098000 0.085200 0.075500 0.043300 0.041900 0.126300 0.140400 0.096700 0.098400 0.043200 0.063800 0.100200 0.169000 0.042400 0.084400 0.084800 0.109700 0.031600 0.098200 0.137100 0.077400 0.174200 0.074400 0.074400 0.086300 0.053400 0.042800 0.000000 0.147000 0.123700 0.074100 0.156600 0.166600 0.107300 0.065300 0.031800 0.076900 0.042300 0.115100 0.064900 0.086200
RoeDeer 0.132900 0.539100 0.125600 0.387200 0.147400 0.132900 0.147100 0.148300 0.133100 0.137200 0.146200 0.160000 0.143900 0.160200 0.150600 0.145900 0.192700 0.155800 0.156800 0.135100 0.126100 0.145700 0.112700 0.133800 0.123500 0.143600 0.143200 0.146900 0.135200 0.134900 0.126100 0.164600 0.217000 0.156900 0.156900 0.146300 0.135300 0.124500 0.147000 0.000000 0.112600 0.132900 0.170300 0.131100 0.143900 0.161500 0.135500 0.163300 0.146600 0.129600 0.123700 0.146100
WhiteLippe 0.133800 0.610700 0.102200 0.389900 0.124100 0.133800 0.123800 0.124900 0.134300 0.113700 0.147200 0.136300 0.121500 0.112500 0.126700 0.122900 0.141900 0.156800 0.157800 0.112100 0.126900 0.146600 0.020700 0.134600 0.124300 0.144700 0.120900 0.123700 0.088700 0.088500 0.102600 0.140300 0.165500 0.110200 0.110200 0.123200 0.136100 0.101400 0.123700 0.112600 0.000000 0.134000 0.171400 0.132900 0.144800 0.137700 0.112300 0.139200 0.147600 0.130400 0.100800 0.099500
ThomsonGaz 0.084400 0.602600 0.097800 0.438600 0.097200 0.084400 0.096700 0.075100 0.129300 0.183300 0.074100 0.131100 0.095200 0.085600 0.087400 0.073600 0.161400 0.150900 0.106700 0.131700 0.053600 0.073900 0.158400 0.203900 0.052600 0.010000 0.094700 0.143200 0.063300 0.108300 0.172200 0.110900 0.210100 0.084400 0.084400 0.119100 0.063700 0.075100 0.074100 0.132900 0.134000 0.000000 0.216400 0.176500 0.117200 0.109100 0.063700 0.110200 0.074200 0.150100 0.120600 0.119000
MuntiacusC 0.190900 0.573000 0.135200 0.413400 0.157000 0.190900 0.181300 0.182800 0.166700 0.053600 0.205300 0.194600 0.177700 0.194900 0.185600 0.155200 0.202200 0.191700 0.165900 0.144600 0.186000 0.204500 0.146900 0.167500 0.182000 0.227200 0.176800 0.156300 0.169200 0.168700 0.065200 0.200200 0.253800 0.166200 0.166200 0.155700 0.194200 0.134300 0.156600 0.170300 0.171400 0.216400 0.000000 0.165100 0.177200 0.196500 0.145100 0.198700 0.155900 0.164600 0.157500 0.155400
WhiteTaile 0.152400 0.623200 0.145700 0.424300 0.143000 0.152400 0.142900 0.168100 0.177000 0.133100 0.165700 0.179600 0.163500 0.179900 0.170500 0.165400 0.186700 0.176400 0.152200 0.154900 0.146300 0.141200 0.133000 0.084200 0.143300 0.187000 0.162700 0.166600 0.131300 0.179000 0.122300 0.184600 0.184000 0.152200 0.151200 0.141900 0.155000 0.120800 0.166600 0.131100 0.132900 0.176500 0.165100 0.000000 0.139600 0.120900 0.131400 0.183200 0.166200 0.175400 0.167800 0.141900
Cattle 0.072900 0.602200 0.086600 0.421500 0.085100 0.072900 0.107300 0.108200 0.117500 0.169400 0.084500 0.096400 0.105400 0.119400 0.109800 0.106600 0.173400 0.138000 0.094600 0.096300 0.087000 0.105800 0.145000 0.165300 0.085300 0.127500 0.104800 0.084900 0.096200 0.118900 0.158400 0.122400 0.196600 0.094700 0.094600 0.020400 0.096300 0.063700 0.107300 0.143900 0.144800 0.117200 0.177200 0.139600 0.000000 0.120300 0.074200 0.121500 0.107000 0.137400 0.108100 0.106700
RoyalAntel 0.086600 0.573300 0.077700 0.440600 0.076800 0.086600 0.099500 0.077200 0.098500 0.162900 0.098900 0.111100 0.097700 0.111200 0.066800 0.075600 0.140600 0.155400 0.109500 0.111400 0.078000 0.087400 0.137900 0.172000 0.076500 0.119700 0.097200 0.123000 0.065000 0.111200 0.151600 0.114100 0.163500 0.086700 0.086600 0.098900 0.088200 0.054500 0.065300 0.161500 0.137700 0.109100 0.196500 0.120900 0.120300 0.000000 0.065500 0.089500 0.099200 0.129100 0.089100 0.098800
Steenbok 0.063700 0.601700 0.054700 0.417400 0.031900 0.063700 0.053600 0.032100 0.086200 0.136700 0.051900 0.087500 0.052600 0.065000 0.054900 0.031600 0.115300 0.129300 0.063600 0.064800 0.032500 0.053100 0.112500 0.133300 0.031900 0.074100 0.052400 0.075800 0.021100 0.087200 0.125600 0.066600 0.163400 0.042000 0.042000 0.053300 0.042700 0.010600 0.031800 0.135500 0.112300 0.063700 0.145100 0.131400 0.074200 0.065500 0.000000 0.066100 0.053400 0.104000 0.076400 0.075400
Impala 0.064800 0.628500 0.078500 0.437700 0.077500 0.064800 0.100400 0.055000 0.110400 0.164700 0.076700 0.112100 0.075700 0.112300 0.078700 0.076300 0.142100 0.157100 0.087300 0.112600 0.078800 0.076400 0.139300 0.185900 0.054400 0.120800 0.075300 0.124300 0.065600 0.088700 0.153300 0.115300 0.191900 0.064800 0.064700 0.099900 0.065900 0.055000 0.076900 0.163300 0.139200 0.110200 0.198700 0.183200 0.121500 0.089500 0.066100 0.000000 0.100100 0.130600 0.101200 0.099800
Klipspring 0.074200 0.528400 0.088300 0.363300 0.086800 0.074200 0.086400 0.064700 0.119600 0.123300 0.063800 0.121400 0.107700 0.098300 0.088500 0.042000 0.126400 0.115700 0.096400 0.121300 0.043300 0.063600 0.123500 0.168600 0.042500 0.062800 0.106900 0.132700 0.053200 0.121000 0.136500 0.100800 0.200600 0.096500 0.096400 0.108800 0.053300 0.065000 0.042300 0.146600 0.147600 0.074200 0.155900 0.166200 0.107000 0.099200 0.053400 0.100100 0.000000 0.140100 0.110100 0.108600
ForestMusk 0.126000 0.495700 0.068800 0.421100 0.116100 0.126000 0.115700 0.116800 0.101700 0.156300 0.139700 0.127900 0.137800 0.128100 0.118000 0.114200 0.159400 0.148300 0.150700 0.103700 0.118100 0.139100 0.130600 0.178100 0.115600 0.161100 0.137100 0.115600 0.103200 0.103400 0.144700 0.131700 0.183800 0.126100 0.126000 0.115100 0.128400 0.092200 0.115100 0.129600 0.130400 0.150100 0.164600 0.175400 0.137400 0.129100 0.104000 0.130600 0.140100 0.000000 0.092100 0.090700
Bushbuck 0.097400 0.534800 0.021600 0.351400 0.087700 0.097400 0.087400 0.087900 0.031500 0.149400 0.109800 0.099300 0.107200 0.099500 0.066400 0.086700 0.153100 0.142400 0.120300 0.031900 0.089500 0.109400 0.100900 0.145700 0.087800 0.131100 0.107900 0.042700 0.076200 0.031900 0.138300 0.102100 0.176600 0.097400 0.097400 0.087000 0.099100 0.065600 0.064900 0.123700 0.100800 0.120600 0.157500 0.167800 0.108100 0.089100 0.076400 0.101200 0.110100 0.092100 0.000000 0.042500
GreaterKud 0.096500 0.569300 0.021300 0.362500 0.086500 0.096100 0.063900 0.087000 0.052400 0.123200 0.108400 0.097900 0.107000 0.075400 0.088200 0.085600 0.126200 0.140300 0.118700 0.053100 0.088300 0.108000 0.099700 0.168000 0.086600 0.129400 0.106500 0.063900 0.053100 0.053000 0.112300 0.077300 0.149100 0.096200 0.096100 0.085500 0.097800 0.064800 0.086200 0.146100 0.099500 0.119000 0.155400 0.141900 0.106700 0.098800 0.075400 0.099800 0.108600 0.090700 0.042500 0.000000
