1
52 1
Argali 0.000000 0.108400 0.134500 0.261200 0.024700 0.000000 0.024800 0.050500 0.077000 0.078900 0.102600 0.131900 0.000000 0.050400 0.024200 0.077200 0.107600 0.079900 0.000000 0.077000 0.050500 0.000000 0.135300 0.135300 0.050000 0.076100 0.000000 0.077000 0.077200 0.105500 0.105500 0.050400 0.052300 0.000000 0.024600 0.131900 0.050000 0.000000 0.050500 0.106200 0.135300 0.076100 0.078900 0.105500 0.131900 0.050500 0.130200 0.105300 0.104800 0.108700 0.105500 0.105500
LesserMous 0.108400 0.000000 0.054100 0.235600 0.137000 0.108400 0.081300 0.054000 0.052700 0.026400 0.109300 0.052700 0.108400 0.053900 0.136000 0.026900 0.054500 0.027100 0.108400 0.052700 0.053800 0.108400 0.081500 0.081300 0.109400 0.081400 0.108400 0.052700 0.026900 0.081600 0.052800 0.053900 0.054400 0.108400 0.080800 0.052700 0.109400 0.108400 0.054000 0.053200 0.081500 0.081400 0.026400 0.052800 0.052700 0.054000 0.138800 0.055100 0.112400 0.000100 0.081600 0.081600
LesserKudu 0.134500 0.054100 0.000000 0.298200 0.163300 0.134500 0.107600 0.080400 0.051100 0.080700 0.135600 0.051200 0.134500 0.080200 0.162100 0.053300 0.109800 0.081700 0.134500 0.051100 0.080400 0.134500 0.138500 0.138300 0.135800 0.107700 0.134500 0.051100 0.053300 0.025900 0.107600 0.080500 0.109500 0.134500 0.106900 0.051200 0.135800 0.134500 0.080400 0.108300 0.138500 0.107700 0.080700 0.107500 0.051200 0.080400 0.165400 0.082000 0.139500 0.054200 0.025700 0.025900
KillerWhal 0.261200 0.235600 0.298200 0.000000 0.227400 0.261200 0.263600 0.231400 0.226300 0.197100 0.370500 0.292800 0.261200 0.298800 0.293000 0.266000 0.234100 0.201700 0.261200 0.226300 0.230700 0.261200 0.261100 0.262400 0.298100 0.262500 0.261200 0.226300 0.266000 0.262700 0.226100 0.298800 0.233500 0.261200 0.296000 0.292800 0.298100 0.261200 0.231400 0.228400 0.261100 0.262500 0.197100 0.226200 0.292800 0.231400 0.257300 0.303300 0.304500 0.235300 0.262700 0.262700
DefassaWat 0.024700 0.137000 0.163300 0.227400 0.000000 0.024600 0.050400 0.076400 0.103900 0.106500 0.130000 0.160300 0.024300 0.076400 0.048800 0.103800 0.136400 0.107800 0.024300 0.103900 0.076500 0.024300 0.164100 0.164500 0.076000 0.102400 0.024300 0.103900 0.103800 0.133500 0.133500 0.076400 0.079500 0.024600 0.049400 0.160300 0.076000 0.024700 0.076400 0.134600 0.164100 0.102400 0.106500 0.133500 0.160300 0.076400 0.158400 0.132700 0.132600 0.137300 0.133500 0.133500
Sheep 0.000000 0.108400 0.134500 0.261200 0.024600 0.000000 0.024800 0.050500 0.077000 0.078900 0.102600 0.131900 0.000000 0.050400 0.024200 0.077200 0.107600 0.079900 0.000000 0.077000 0.050500 0.000000 0.135300 0.135300 0.050000 0.076100 0.000000 0.077000 0.077200 0.105500 0.105500 0.050400 0.052300 0.000000 0.024500 0.131900 0.050000 0.000000 0.050500 0.106200 0.135300 0.076100 0.078900 0.105500 0.131900 0.050500 0.130200 0.105300 0.104800 0.108700 0.105500 0.105500
MaxwellsDu 0.024800 0.081300 0.107600 0.263600 0.050400 0.024800 0.000000 0.025300 0.051300 0.052600 0.076800 0.105300 0.024800 0.025200 0.049700 0.051400 0.080700 0.053200 0.024800 0.051300 0.025200 0.024800 0.107900 0.108100 0.025100 0.050700 0.025000 0.051300 0.051400 0.079200 0.079000 0.025300 0.026100 0.024800 0.050400 0.105300 0.025000 0.024800 0.025500 0.079600 0.107900 0.051300 0.052600 0.078900 0.105300 0.025200 0.104100 0.078900 0.078600 0.081500 0.079200 0.079400
GazellaPrz 0.050500 0.054000 0.080400 0.231400 0.076400 0.050500 0.025300 0.000000 0.025500 0.026200 0.104200 0.079200 0.050500 0.051400 0.076000 0.025600 0.053400 0.026500 0.050500 0.025500 0.000100 0.050500 0.080600 0.080500 0.050800 0.025200 0.050500 0.025500 0.025800 0.052500 0.052300 0.051400 0.053200 0.050500 0.077900 0.078500 0.050800 0.050500 0.000000 0.052600 0.080600 0.025200 0.026200 0.052300 0.078500 0.000000 0.077300 0.052500 0.052100 0.054100 0.052500 0.052500
MountainNy 0.077000 0.052700 0.051100 0.226300 0.103900 0.077000 0.051300 0.025500 0.000000 0.025600 0.132800 0.050100 0.077000 0.078400 0.103200 0.052000 0.052200 0.025900 0.077000 0.000000 0.025500 0.077000 0.078800 0.078700 0.077600 0.051200 0.077000 0.000000 0.052000 0.025300 0.051200 0.078400 0.052100 0.077000 0.104700 0.050100 0.077600 0.077000 0.025600 0.051500 0.078800 0.051200 0.025600 0.051100 0.051000 0.025500 0.105100 0.079900 0.079400 0.052800 0.025300 0.025100
MuntiacusM 0.078900 0.026400 0.080700 0.197100 0.106500 0.078900 0.052600 0.026200 0.025600 0.000000 0.136500 0.078800 0.078900 0.080500 0.105700 0.053400 0.026100 0.000100 0.078900 0.025600 0.026100 0.078900 0.051700 0.051600 0.079700 0.052600 0.078900 0.025600 0.053400 0.052600 0.025400 0.080500 0.026000 0.078900 0.107400 0.078800 0.079700 0.078900 0.026200 0.025400 0.052000 0.052600 0.000000 0.025200 0.078800 0.026200 0.107900 0.082100 0.081600 0.026400 0.052600 0.052600
goat 0.102600 0.109300 0.135600 0.370500 0.130000 0.102600 0.076800 0.104200 0.132800 0.136500 0.000000 0.132900 0.102600 0.050700 0.128800 0.077600 0.108700 0.138200 0.102600 0.132800 0.104300 0.102600 0.196200 0.197100 0.050500 0.131000 0.102600 0.132800 0.077600 0.164400 0.164100 0.050700 0.108700 0.102600 0.076200 0.132900 0.050500 0.102600 0.104200 0.165800 0.196200 0.131000 0.136500 0.164000 0.132900 0.104200 0.188900 0.105700 0.163000 0.109400 0.164400 0.164400
AfricanBuf 0.131900 0.052700 0.051200 0.292800 0.160300 0.131900 0.105300 0.079200 0.050100 0.078800 0.132900 0.000000 0.131900 0.078400 0.159200 0.052000 0.107300 0.079800 0.131900 0.050100 0.078500 0.131900 0.135100 0.135000 0.133000 0.105300 0.131900 0.050100 0.052100 0.077200 0.105200 0.078400 0.107100 0.131900 0.104700 0.000000 0.133000 0.131900 0.078500 0.105900 0.135100 0.105300 0.078800 0.105100 0.000000 0.078500 0.162300 0.079900 0.136200 0.052800 0.077200 0.077200
Topi 0.000000 0.108400 0.134500 0.261200 0.024300 0.000000 0.024800 0.050500 0.077000 0.078900 0.102600 0.131900 0.000000 0.050400 0.024200 0.077200 0.107600 0.079900 0.000000 0.077000 0.050500 0.000000 0.135300 0.135300 0.050000 0.076100 0.000000 0.077000 0.077800 0.105500 0.105500 0.050400 0.052300 0.000000 0.024900 0.131900 0.050000 0.000000 0.050500 0.106200 0.135300 0.076100 0.078900 0.105500 0.131900 0.050500 0.130200 0.105300 0.104800 0.108700 0.105500 0.105500
CommonDuik 0.050400 0.053900 0.080200 0.298800 0.076400 0.050400 0.025200 0.051400 0.078400 0.080500 0.050700 0.078400 0.050400 0.000000 0.076000 0.025600 0.109600 0.081500 0.050400 0.078400 0.051500 0.050400 0.138000 0.138000 0.050800 0.078300 0.050400 0.078400 0.025800 0.107600 0.107400 0.000000 0.053200 0.050400 0.025100 0.078700 0.050800 0.050400 0.051400 0.108100 0.138000 0.077500 0.080500 0.107400 0.078400 0.051400 0.132200 0.052400 0.106900 0.054000 0.107600 0.107600
Suni 0.024200 0.136000 0.162100 0.293000 0.048800 0.024200 0.049700 0.076000 0.103200 0.105700 0.128800 0.159200 0.024200 0.076000 0.000000 0.103400 0.135100 0.107000 0.024200 0.103200 0.076000 0.024200 0.163300 0.163200 0.075300 0.101800 0.024600 0.103200 0.103400 0.132400 0.132600 0.076000 0.078700 0.024200 0.049200 0.159200 0.075300 0.024200 0.076000 0.133300 0.163300 0.101800 0.105700 0.132500 0.159200 0.076000 0.157400 0.132300 0.131700 0.136400 0.132400 0.132400
Springbuck 0.077200 0.026900 0.053300 0.266000 0.103800 0.077200 0.051400 0.025600 0.052000 0.053400 0.077600 0.052000 0.077200 0.025600 0.103400 0.000000 0.081700 0.054100 0.077200 0.052000 0.025700 0.077200 0.110100 0.109800 0.077700 0.051500 0.077200 0.052000 0.000000 0.080400 0.080200 0.025900 0.081500 0.077200 0.051300 0.052100 0.077700 0.077200 0.025600 0.080600 0.110100 0.051500 0.053400 0.080200 0.052100 0.025600 0.105200 0.026200 0.079800 0.026900 0.080700 0.080400
Okapi 0.107600 0.054500 0.109800 0.234100 0.136400 0.107600 0.080700 0.053400 0.052200 0.026100 0.108700 0.107300 0.107600 0.109600 0.135100 0.081700 0.000000 0.026600 0.107600 0.052200 0.053300 0.107600 0.080200 0.080300 0.052900 0.080500 0.107600 0.052200 0.081700 0.080700 0.052200 0.109600 0.053800 0.107600 0.137100 0.107300 0.052900 0.107600 0.053400 0.052600 0.080200 0.080500 0.026100 0.052100 0.107300 0.053400 0.138000 0.111500 0.111200 0.054400 0.080700 0.080700
Giraffe 0.079900 0.027100 0.081700 0.201700 0.107800 0.079900 0.053200 0.026500 0.025900 0.000100 0.138200 0.079800 0.079900 0.081500 0.107000 0.054100 0.026600 0.000000 0.079900 0.025900 0.026400 0.079900 0.053100 0.053100 0.080700 0.053200 0.079900 0.025900 0.054100 0.053300 0.025900 0.081500 0.026600 0.079900 0.108700 0.079800 0.080700 0.079900 0.026500 0.026100 0.053100 0.053200 0.000100 0.025800 0.079800 0.026500 0.109100 0.083100 0.082600 0.027000 0.053300 0.053300
TibetanAnt 0.000000 0.108400 0.134500 0.261200 0.024300 0.000000 0.024800 0.050500 0.077000 0.078900 0.102600 0.131900 0.000000 0.050400 0.024200 0.077200 0.107600 0.079900 0.000000 0.077000 0.050500 0.000000 0.135300 0.135300 0.050000 0.076100 0.000000 0.077000 0.077200 0.105500 0.105500 0.050400 0.052300 0.000000 0.024500 0.131900 0.050000 0.000000 0.051000 0.106200 0.135300 0.076100 0.078900 0.105500 0.131900 0.050500 0.130200 0.105300 0.104800 0.108700 0.105500 0.105500
Sitatunga 0.077000 0.052700 0.051100 0.226300 0.103900 0.077000 0.051300 0.025500 0.000000 0.025600 0.132800 0.050100 0.077000 0.078400 0.103200 0.052000 0.052200 0.025900 0.077000 0.000000 0.025500 0.077200 0.078800 0.078700 0.077600 0.051700 0.077000 0.000000 0.052100 0.025100 0.051200 0.078400 0.052100 0.077000 0.104700 0.050100 0.077600 0.077000 0.025500 0.051500 0.078800 0.051200 0.025600 0.051100 0.050100 0.025500 0.105100 0.079900 0.079400 0.052800 0.025100 0.025100
Oribi 0.050500 0.053800 0.080400 0.230700 0.076500 0.050500 0.025200 0.000100 0.025500 0.026100 0.104300 0.078500 0.050500 0.051500 0.076000 0.025700 0.053300 0.026400 0.050500 0.025500 0.000000 0.050500 0.080500 0.080400 0.050900 0.025200 0.050500 0.025500 0.025700 0.052500 0.052200 0.051500 0.053200 0.050500 0.077200 0.078500 0.050900 0.050500 0.000100 0.052600 0.080500 0.025200 0.026100 0.052200 0.078500 0.000100 0.077300 0.052600 0.052100 0.054000 0.052500 0.052500
BarbaryShe 0.000000 0.108400 0.134500 0.261200 0.024300 0.000000 0.024800 0.050500 0.077000 0.078900 0.102600 0.131900 0.000000 0.050400 0.024200 0.077200 0.107600 0.079900 0.000000 0.077200 0.050500 0.000000 0.135300 0.135300 0.050000 0.076100 0.000000 0.077300 0.077200 0.105500 0.105500 0.050400 0.052300 0.000000 0.024500 0.131900 0.050000 0.000000 0.050500 0.106200 0.135300 0.076100 0.078900 0.105500 0.131900 0.050500 0.130200 0.105300 0.104800 0.108700 0.105500 0.105500
Daviddeer 0.135300 0.081500 0.138500 0.261100 0.164100 0.135300 0.107900 0.080600 0.078800 0.051700 0.196200 0.135100 0.135300 0.138000 0.163300 0.110100 0.080200 0.053100 0.135300 0.078800 0.080500 0.135300 0.000000 0.051700 0.136200 0.108200 0.135300 0.078800 0.110100 0.108100 0.077600 0.138000 0.080000 0.135300 0.166100 0.135100 0.136200 0.135300 0.080600 0.077600 0.000000 0.108200 0.051600 0.025200 0.135100 0.080600 0.166600 0.141500 0.140000 0.081500 0.108100 0.108100
Reindeer 0.135300 0.081300 0.138300 0.262400 0.164500 0.135300 0.108100 0.080500 0.078700 0.051600 0.197100 0.135000 0.135300 0.138000 0.163200 0.109800 0.080300 0.053100 0.135300 0.078700 0.080400 0.135300 0.051700 0.000000 0.136600 0.108100 0.135300 0.078700 0.109800 0.108200 0.077400 0.138000 0.080200 0.135300 0.165800 0.135000 0.136600 0.135300 0.080500 0.078000 0.051600 0.108100 0.051600 0.025400 0.135000 0.080500 0.166700 0.140900 0.140100 0.081300 0.108200 0.108200
Ibex 0.050000 0.109400 0.135800 0.298100 0.076000 0.050000 0.025100 0.050800 0.077600 0.079700 0.050500 0.133000 0.050000 0.050800 0.075300 0.077700 0.052900 0.080700 0.050000 0.077600 0.050900 0.050000 0.136200 0.136600 0.000000 0.076600 0.050000 0.077600 0.077700 0.106700 0.106400 0.050800 0.052900 0.050000 0.076300 0.133000 0.000000 0.050000 0.050800 0.107400 0.136200 0.076600 0.079700 0.106300 0.133000 0.050800 0.131200 0.105900 0.105700 0.109600 0.106600 0.106600
GyrantGaze 0.076100 0.081400 0.107700 0.262500 0.102400 0.076100 0.050700 0.025200 0.051200 0.052600 0.131000 0.105300 0.076100 0.078300 0.101800 0.051500 0.080500 0.053200 0.076100 0.051700 0.025200 0.076100 0.108200 0.108100 0.076600 0.000000 0.076100 0.051200 0.051500 0.078800 0.079000 0.077500 0.080300 0.076100 0.103500 0.105300 0.076600 0.076100 0.025200 0.079400 0.108200 0.000000 0.052600 0.078900 0.105300 0.025500 0.103700 0.079200 0.078500 0.081500 0.079100 0.079100
Hartebeest 0.000000 0.108400 0.134500 0.261200 0.024300 0.000000 0.025000 0.050500 0.077000 0.078900 0.102600 0.131900 0.000000 0.050400 0.024600 0.077200 0.107600 0.079900 0.000000 0.077000 0.050500 0.000000 0.135300 0.135300 0.050000 0.076100 0.000000 0.077000 0.077200 0.105500 0.105500 0.050400 0.052300 0.000000 0.024500 0.131900 0.050000 0.000000 0.050500 0.106200 0.135300 0.076100 0.078900 0.105500 0.131900 0.050500 0.130200 0.105300 0.104800 0.108700 0.105500 0.105500
Bongo 0.077000 0.052700 0.051100 0.226300 0.103900 0.077000 0.051300 0.025500 0.000000 0.025600 0.132800 0.050100 0.077000 0.078400 0.103200 0.052000 0.052200 0.025900 0.077000 0.000000 0.025500 0.077300 0.078800 0.078700 0.077600 0.051200 0.077000 0.000000 0.052000 0.025100 0.051200 0.078400 0.052100 0.077000 0.104700 0.050100 0.077600 0.077000 0.025500 0.051500 0.078800 0.051200 0.025600 0.051100 0.050100 0.025500 0.105100 0.080200 0.079400 0.052800 0.025100 0.025100
Gerenuk 0.077200 0.026900 0.053300 0.266000 0.103800 0.077200 0.051400 0.025800 0.052000 0.053400 0.077600 0.052100 0.077800 0.025800 0.103400 0.000000 0.081700 0.054100 0.077200 0.052100 0.025700 0.077200 0.110100 0.109800 0.077700 0.051500 0.077200 0.052000 0.000000 0.080400 0.080200 0.025600 0.081500 0.077200 0.051300 0.052100 0.077700 0.077200 0.025600 0.080600 0.110100 0.051500 0.053400 0.080200 0.052100 0.025800 0.105200 0.026200 0.079800 0.026900 0.079700 0.080400
CommonElan 0.105500 0.081600 0.025900 0.262700 0.133500 0.105500 0.079200 0.052500 0.025300 0.052600 0.164400 0.077200 0.105500 0.107600 0.132400 0.080400 0.080700 0.053300 0.105500 0.025100 0.052500 0.105500 0.108100 0.108200 0.106700 0.078800 0.105500 0.025100 0.080400 0.000000 0.079000 0.107600 0.080500 0.105500 0.134500 0.077200 0.106600 0.105500 0.052500 0.079600 0.108100 0.079100 0.052600 0.078900 0.077200 0.052500 0.135100 0.109800 0.109200 0.081700 0.000000 0.000000
MuntiacusR 0.105500 0.052800 0.107600 0.226100 0.133500 0.105500 0.079000 0.052300 0.051200 0.025400 0.164100 0.105200 0.105500 0.107400 0.132600 0.080200 0.052200 0.025900 0.105500 0.051200 0.052200 0.105500 0.077600 0.077400 0.106400 0.079000 0.105500 0.051200 0.080200 0.079000 0.000000 0.107400 0.052100 0.105500 0.134600 0.105200 0.106400 0.105500 0.052300 0.050700 0.077600 0.079000 0.025200 0.050400 0.105200 0.052300 0.135200 0.109600 0.109000 0.052800 0.079000 0.079000
HarveysDui 0.050400 0.053900 0.080500 0.298800 0.076400 0.050400 0.025300 0.051400 0.078400 0.080500 0.050700 0.078400 0.050400 0.000000 0.076000 0.025900 0.109600 0.081500 0.050400 0.078400 0.051500 0.050400 0.138000 0.138000 0.050800 0.077500 0.050400 0.078400 0.025600 0.107600 0.107400 0.000000 0.053200 0.050400 0.025100 0.079200 0.050800 0.050400 0.051400 0.108100 0.138000 0.077500 0.080500 0.107400 0.078400 0.051400 0.132200 0.052400 0.106900 0.054000 0.107600 0.107600
Pronghorn 0.052300 0.054400 0.109500 0.233500 0.079500 0.052300 0.026100 0.053200 0.052100 0.026000 0.108700 0.107100 0.052300 0.053200 0.078700 0.081500 0.053800 0.026600 0.052300 0.052100 0.053200 0.052300 0.080000 0.080200 0.052900 0.080300 0.052300 0.052100 0.081500 0.080500 0.052100 0.053200 0.000000 0.052300 0.079900 0.107100 0.052900 0.052300 0.053200 0.052600 0.080000 0.080300 0.026000 0.052000 0.107100 0.053200 0.137700 0.111100 0.111000 0.054200 0.080500 0.080500
BlueWildeb 0.000000 0.108400 0.134500 0.261200 0.024600 0.000000 0.024800 0.050500 0.077000 0.078900 0.102600 0.131900 0.000000 0.050400 0.024200 0.077200 0.107600 0.079900 0.000000 0.077000 0.050500 0.000000 0.135300 0.135300 0.050000 0.076100 0.000000 0.077000 0.077200 0.105500 0.105500 0.050400 0.052300 0.000000 0.024800 0.131900 0.050000 0.000000 0.050500 0.106200 0.135300 0.076100 0.078900 0.105500 0.131900 0.050500 0.130200 0.105300 0.104800 0.108700 0.105500 0.105500
Gemsbok 0.024600 0.080800 0.106900 0.296000 0.049400 0.024500 0.050400 0.077900 0.104700 0.107400 0.076200 0.104700 0.024900 0.025100 0.049200 0.051300 0.137100 0.108700 0.024500 0.104700 0.077200 0.024500 0.166100 0.165800 0.076300 0.103500 0.024500 0.104700 0.051300 0.134500 0.134600 0.025100 0.079900 0.024800 0.000000 0.104700 0.076300 0.024900 0.077200 0.135300 0.166100 0.103500 0.107400 0.134500 0.104700 0.077200 0.159300 0.078700 0.133800 0.081000 0.134500 0.134500
Yak 0.131900 0.052700 0.051200 0.292800 0.160300 0.131900 0.105300 0.078500 0.050100 0.078800 0.132900 0.000000 0.131900 0.078700 0.159200 0.052100 0.107300 0.079800 0.131900 0.050100 0.078500 0.131900 0.135100 0.135000 0.133000 0.105300 0.131900 0.050100 0.052100 0.077200 0.105200 0.079200 0.107100 0.131900 0.104700 0.000000 0.133000 0.131900 0.078500 0.105900 0.135100 0.105300 0.078800 0.105100 0.000000 0.078500 0.162300 0.079900 0.136200 0.052800 0.077200 0.077200
BlueSheep 0.050000 0.109400 0.135800 0.298100 0.076000 0.050000 0.025000 0.050800 0.077600 0.079700 0.050500 0.133000 0.050000 0.050800 0.075300 0.077700 0.052900 0.080700 0.050000 0.077600 0.050900 0.050000 0.136200 0.136600 0.000000 0.076600 0.050000 0.077600 0.077700 0.106600 0.106400 0.050800 0.052900 0.050000 0.076300 0.133000 0.000000 0.050000 0.050800 0.107400 0.136200 0.076600 0.079700 0.106300 0.133000 0.050800 0.131200 0.105900 0.105700 0.109600 0.106600 0.106600
BohorReedb 0.000000 0.108400 0.134500 0.261200 0.024700 0.000000 0.024800 0.050500 0.077000 0.078900 0.102600 0.131900 0.000000 0.050400 0.024200 0.077200 0.107600 0.079900 0.000000 0.077000 0.050500 0.000000 0.135300 0.135300 0.050000 0.076100 0.000000 0.077000 0.077200 0.105500 0.105500 0.050400 0.052300 0.000000 0.024900 0.131900 0.050000 0.000000 0.050500 0.106200 0.135300 0.076100 0.078900 0.105500 0.131900 0.050500 0.130200 0.105300 0.104800 0.108700 0.105500 0.105500
KirksDik 0.050500 0.054000 0.080400 0.231400 0.076400 0.050500 0.025500 0.000000 0.025600 0.026200 0.104200 0.078500 0.050500 0.051400 0.076000 0.025600 0.053400 0.026500 0.051000 0.025500 0.000100 0.050500 0.080600 0.080500 0.050800 0.025200 0.050500 0.025500 0.025600 0.052500 0.052300 0.051400 0.053200 0.050500 0.077200 0.078500 0.050800 0.050500 0.000000 0.052600 0.080600 0.025200 0.026200 0.052300 0.078500 0.000000 0.077300 0.052500 0.052100 0.054100 0.052400 0.052500
RoeDeer 0.106200 0.053200 0.108300 0.228400 0.134600 0.106200 0.079600 0.052600 0.051500 0.025400 0.165800 0.105900 0.106200 0.108100 0.133300 0.080600 0.052600 0.026100 0.106200 0.051500 0.052600 0.106200 0.077600 0.078000 0.107400 0.079400 0.106200 0.051500 0.080600 0.079600 0.050700 0.108100 0.052600 0.106200 0.135300 0.105900 0.107400 0.106200 0.052600 0.000000 0.077900 0.079400 0.025400 0.050700 0.105900 0.052600 0.136200 0.110000 0.109700 0.053100 0.079600 0.079600
WhiteLippe 0.135300 0.081500 0.138500 0.261100 0.164100 0.135300 0.107900 0.080600 0.078800 0.052000 0.196200 0.135100 0.135300 0.138000 0.163300 0.110100 0.080200 0.053100 0.135300 0.078800 0.080500 0.135300 0.000000 0.051600 0.136200 0.108200 0.135300 0.078800 0.110100 0.108100 0.077600 0.138000 0.080000 0.135300 0.166100 0.135100 0.136200 0.135300 0.080600 0.077900 0.000000 0.108200 0.051700 0.025300 0.135100 0.080600 0.166600 0.141500 0.140000 0.081500 0.108100 0.108100
ThomsonGaz 0.076100 0.081400 0.107700 0.262500 0.102400 0.076100 0.051300 0.025200 0.051200 0.052600 0.131000 0.105300 0.076100 0.077500 0.101800 0.051500 0.080500 0.053200 0.076100 0.051200 0.025200 0.076100 0.108200 0.108100 0.076600 0.000000 0.076100 0.051200 0.051500 0.079100 0.079000 0.077500 0.080300 0.076100 0.103500 0.105300 0.076600 0.076100 0.025200 0.079400 0.108200 0.000000 0.052600 0.078900 0.105300 0.025600 0.103700 0.079200 0.078500 0.081500 0.079100 0.079100
MuntiacusC 0.078900 0.026400 0.080700 0.197100 0.106500 0.078900 0.052600 0.026200 0.025600 0.000000 0.136500 0.078800 0.078900 0.080500 0.105700 0.053400 0.026100 0.000100 0.078900 0.025600 0.026100 0.078900 0.051600 0.051600 0.079700 0.052600 0.078900 0.025600 0.053400 0.052600 0.025200 0.080500 0.026000 0.078900 0.107400 0.078800 0.079700 0.078900 0.026200 0.025400 0.051700 0.052600 0.000000 0.025300 0.078800 0.026200 0.107900 0.082100 0.081600 0.026400 0.052600 0.052600
WhiteTaile 0.105500 0.052800 0.107500 0.226200 0.133500 0.105500 0.078900 0.052300 0.051100 0.025200 0.164000 0.105100 0.105500 0.107400 0.132500 0.080200 0.052100 0.025800 0.105500 0.051100 0.052200 0.105500 0.025200 0.025400 0.106300 0.078900 0.105500 0.051100 0.080200 0.078900 0.050400 0.107400 0.052000 0.105500 0.134500 0.105100 0.106300 0.105500 0.052300 0.050700 0.025300 0.078900 0.025300 0.000000 0.105100 0.052300 0.135200 0.109600 0.108900 0.052800 0.078900 0.078900
Cattle 0.131900 0.052700 0.051200 0.292800 0.160300 0.131900 0.105300 0.078500 0.051000 0.078800 0.132900 0.000000 0.131900 0.078400 0.159200 0.052100 0.107300 0.079800 0.131900 0.050100 0.078500 0.131900 0.135100 0.135000 0.133000 0.105300 0.131900 0.050100 0.052100 0.077200 0.105200 0.078400 0.107100 0.131900 0.104700 0.000000 0.133000 0.131900 0.078500 0.105900 0.135100 0.105300 0.078800 0.105100 0.000000 0.078500 0.162300 0.079900 0.136200 0.052800 0.077200 0.077200
RoyalAntel 0.050500 0.054000 0.080400 0.231400 0.076400 0.050500 0.025200 0.000000 0.025500 0.026200 0.104200 0.078500 0.050500 0.051400 0.076000 0.025600 0.053400 0.026500 0.050500 0.025500 0.000100 0.050500 0.080600 0.080500 0.050800 0.025500 0.050500 0.025500 0.025800 0.052500 0.052300 0.051400 0.053200 0.050500 0.077200 0.078500 0.050800 0.050500 0.000000 0.052600 0.080600 0.025600 0.026200 0.052300 0.078500 0.000000 0.077300 0.052500 0.052100 0.054100 0.052500 0.052500
Steenbok 0.130200 0.138800 0.165400 0.257300 0.158400 0.130200 0.104100 0.077300 0.105100 0.107900 0.188900 0.162300 0.130200 0.132200 0.157400 0.105200 0.138000 0.109100 0.130200 0.105100 0.077300 0.130200 0.166600 0.166700 0.131200 0.103700 0.130200 0.105100 0.105200 0.135100 0.135200 0.132200 0.137700 0.130200 0.159300 0.162300 0.131200 0.130200 0.077300 0.136200 0.166600 0.103700 0.107900 0.135200 0.162300 0.077300 0.000000 0.134600 0.134000 0.139200 0.135100 0.135100
Impala 0.105300 0.055100 0.082000 0.303300 0.132700 0.105300 0.078900 0.052500 0.079900 0.082100 0.105700 0.079900 0.105300 0.052400 0.132300 0.026200 0.111500 0.083100 0.105300 0.079900 0.052600 0.105300 0.141500 0.140900 0.105900 0.079200 0.105300 0.080200 0.026200 0.109800 0.109600 0.052400 0.111100 0.105300 0.078700 0.079900 0.105900 0.105300 0.052500 0.110000 0.141500 0.079200 0.082100 0.109600 0.079900 0.052500 0.134600 0.000000 0.109100 0.055200 0.109800 0.109800
Klipspring 0.104800 0.112400 0.139500 0.304500 0.132600 0.104800 0.078600 0.052100 0.079400 0.081600 0.163000 0.136200 0.104800 0.106900 0.131700 0.079800 0.111200 0.082600 0.104800 0.079400 0.052100 0.104800 0.140000 0.140100 0.105700 0.078500 0.104800 0.079400 0.079800 0.109200 0.109000 0.106900 0.111000 0.104800 0.133800 0.136200 0.105700 0.104800 0.052100 0.109700 0.140000 0.078500 0.081600 0.108900 0.136200 0.052100 0.134000 0.109100 0.000000 0.112600 0.109200 0.109200
ForestMusk 0.108700 0.000100 0.054200 0.235300 0.137300 0.108700 0.081500 0.054100 0.052800 0.026400 0.109400 0.052800 0.108700 0.054000 0.136400 0.026900 0.054400 0.027000 0.108700 0.052800 0.054000 0.108700 0.081500 0.081300 0.109600 0.081500 0.108700 0.052800 0.026900 0.081700 0.052800 0.054000 0.054200 0.108700 0.081000 0.052800 0.109600 0.108700 0.054100 0.053100 0.081500 0.081500 0.026400 0.052800 0.052800 0.054100 0.139200 0.055200 0.112600 0.000000 0.081700 0.081700
Bushbuck 0.105500 0.081600 0.025700 0.262700 0.133500 0.105500 0.079200 0.052500 0.025300 0.052600 0.164400 0.077200 0.105500 0.107600 0.132400 0.080700 0.080700 0.053300 0.105500 0.025100 0.052500 0.105500 0.108100 0.108200 0.106600 0.079100 0.105500 0.025100 0.079700 0.000000 0.079000 0.107600 0.080500 0.105500 0.134500 0.077200 0.106600 0.105500 0.052400 0.079600 0.108100 0.079100 0.052600 0.078900 0.077200 0.052500 0.135100 0.109800 0.109200 0.081700 0.000000 0.000000
GreaterKud 0.105500 0.081600 0.025900 0.262700 0.133500 0.105500 0.079400 0.052500 0.025100 0.052600 0.164400 0.077200 0.105500 0.107600 0.132400 0.080400 0.080700 0.053300 0.105500 0.025100 0.052500 0.105500 0.108100 0.108200 0.106600 0.079100 0.105500 0.025100 0.080400 0.000000 0.079000 0.107600 0.080500 0.105500 0.134500 0.077200 0.106600 0.105500 0.052500 0.079600 0.108100 0.079100 0.052600 0.078900 0.077200 0.052500 0.135100 0.109800 0.109200 0.081700 0.000000 0.000000
