1
52 1
Argali 0.000000 0.441600 0.175300 0.427900 0.117200 0.000000 0.085100 0.136400 0.175300 0.244200 0.040900 0.167300 0.149800 0.063900 0.155300 0.109100 0.196700 0.180800 0.082300 0.185800 0.072300 0.050500 0.294000 0.196400 0.030700 0.105300 0.128300 0.173700 0.083700 0.175300 0.261700 0.084600 0.233200 0.139300 0.093400 0.108200 0.040900 0.117200 0.085000 0.264600 0.243900 0.104000 0.200100 0.148000 0.120100 0.137700 0.116100 0.153400 0.118800 0.209800 0.174700 0.185500
LesserMous 0.441600 0.000000 0.406100 0.352600 0.396100 0.441600 0.443200 0.457600 0.406100 0.463100 0.399600 0.402000 0.429600 0.414800 0.385700 0.447100 0.367400 0.355500 0.412700 0.406400 0.447500 0.425200 0.517800 0.381100 0.419200 0.451100 0.401200 0.417200 0.434400 0.406100 0.422400 0.420500 0.386100 0.429800 0.398400 0.367200 0.433400 0.396100 0.386900 0.440100 0.454000 0.479700 0.459400 0.396500 0.385400 0.443300 0.502900 0.453400 0.375900 0.345500 0.420000 0.432900
LesserKudu 0.175300 0.406100 0.000000 0.404000 0.189000 0.175300 0.156100 0.184700 0.000000 0.241600 0.129700 0.118300 0.185700 0.133800 0.142800 0.195600 0.170300 0.178500 0.150500 0.030000 0.140300 0.188000 0.263400 0.147100 0.142200 0.176700 0.163700 0.029700 0.153400 0.000000 0.258900 0.155000 0.229000 0.175000 0.174600 0.062600 0.153200 0.189000 0.154900 0.261300 0.240700 0.198800 0.198000 0.170800 0.073600 0.116100 0.213200 0.155000 0.168000 0.157200 0.029700 0.038300
KillerWhal 0.427900 0.352600 0.404000 0.000000 0.408600 0.427900 0.407900 0.389700 0.404000 0.442600 0.416700 0.417500 0.409500 0.413600 0.431500 0.426700 0.438300 0.454900 0.412000 0.420100 0.413500 0.463900 0.460700 0.366200 0.418400 0.416500 0.382100 0.415300 0.400500 0.404000 0.342100 0.418500 0.366600 0.409600 0.379400 0.417200 0.432700 0.408600 0.355800 0.425000 0.432300 0.443900 0.438000 0.382800 0.436400 0.406900 0.482500 0.418200 0.409100 0.395700 0.418000 0.430200
DefassaWat 0.117200 0.396100 0.189000 0.408600 0.000000 0.117200 0.097500 0.126700 0.189000 0.285600 0.118400 0.168100 0.150400 0.076000 0.144500 0.109500 0.186200 0.170000 0.128100 0.198700 0.106400 0.152200 0.310500 0.210300 0.107600 0.118000 0.128900 0.187300 0.095900 0.189000 0.304800 0.096200 0.260700 0.139800 0.083500 0.120700 0.118400 0.000000 0.097000 0.336600 0.259400 0.139400 0.240200 0.211200 0.133000 0.127900 0.152500 0.165900 0.108800 0.224900 0.188400 0.199300
Sheep 0.000000 0.441600 0.175300 0.427900 0.117200 0.000000 0.085100 0.136400 0.175300 0.244200 0.040900 0.167300 0.149800 0.063900 0.155300 0.109100 0.196700 0.180800 0.082300 0.185800 0.072300 0.050500 0.294000 0.196400 0.030700 0.105300 0.128300 0.173700 0.083700 0.175300 0.261700 0.084600 0.233200 0.139300 0.093400 0.108200 0.040900 0.117200 0.085000 0.264600 0.243900 0.104000 0.200100 0.148000 0.120100 0.137700 0.116100 0.153400 0.118800 0.209800 0.174700 0.185500
MaxwellsDu 0.085100 0.443200 0.156100 0.407900 0.097500 0.085100 0.000000 0.094900 0.156100 0.251500 0.086100 0.147600 0.141900 0.021400 0.135500 0.077200 0.177800 0.186700 0.106900 0.166800 0.050800 0.119200 0.275200 0.177800 0.075300 0.063700 0.120100 0.154600 0.042200 0.156100 0.243100 0.064500 0.213500 0.131300 0.084700 0.088300 0.086000 0.097500 0.042900 0.300900 0.224500 0.084700 0.206300 0.178400 0.100200 0.118400 0.096700 0.133900 0.099000 0.164000 0.155500 0.166300
GazellaPrz 0.136400 0.457600 0.184700 0.389700 0.126700 0.136400 0.094900 0.000000 0.184700 0.253200 0.137900 0.152500 0.146800 0.096100 0.177800 0.130500 0.181900 0.190100 0.135400 0.195100 0.082100 0.171500 0.303700 0.230200 0.127100 0.115000 0.148700 0.183000 0.093400 0.184700 0.219900 0.139500 0.216600 0.159600 0.091700 0.117900 0.137800 0.126700 0.094700 0.328800 0.253800 0.135800 0.235100 0.231200 0.129800 0.147100 0.148500 0.187300 0.128300 0.245900 0.184100 0.194800
MountainNy 0.175300 0.406100 0.000000 0.404000 0.189000 0.175300 0.156100 0.184700 0.000000 0.241600 0.129700 0.118300 0.185700 0.133800 0.142800 0.195600 0.170300 0.178500 0.150500 0.030000 0.140300 0.188000 0.263400 0.147100 0.142200 0.176700 0.163700 0.029700 0.153400 0.000000 0.258900 0.155000 0.229000 0.175000 0.174600 0.062600 0.153200 0.189000 0.154900 0.261300 0.240700 0.198800 0.198000 0.170800 0.073600 0.116100 0.213200 0.155000 0.168000 0.157200 0.029700 0.039500
MuntiacusM 0.244200 0.463100 0.241600 0.442600 0.285600 0.244200 0.251500 0.253200 0.241600 0.000000 0.221700 0.234200 0.254600 0.228400 0.237400 0.295300 0.262100 0.248400 0.192900 0.254200 0.233000 0.245300 0.182200 0.143000 0.210200 0.272100 0.232000 0.251300 0.247200 0.241600 0.069400 0.250200 0.264400 0.256800 0.217200 0.222200 0.221600 0.285600 0.237900 0.179900 0.160900 0.295100 0.039500 0.121600 0.235700 0.255200 0.232500 0.262400 0.212200 0.226100 0.252800 0.263600
goat 0.040900 0.399600 0.129700 0.416700 0.118400 0.040900 0.086100 0.137900 0.129700 0.221700 0.000000 0.121100 0.139400 0.064600 0.133000 0.121800 0.174700 0.158300 0.061700 0.140200 0.073100 0.048300 0.270100 0.174300 0.010200 0.106500 0.118000 0.128600 0.084600 0.129700 0.238700 0.063400 0.210000 0.128900 0.105200 0.086500 0.020500 0.118400 0.086000 0.215300 0.246800 0.105100 0.177800 0.175100 0.098200 0.139100 0.117400 0.131500 0.097200 0.161000 0.129300 0.139800
AfricanBuf 0.167300 0.402000 0.118300 0.417500 0.168100 0.167300 0.147600 0.152500 0.118300 0.234200 0.121100 0.000000 0.153400 0.125000 0.184700 0.187800 0.186600 0.170300 0.142200 0.129800 0.155900 0.180200 0.284200 0.186600 0.133700 0.168600 0.131500 0.128400 0.145100 0.118300 0.251700 0.146600 0.250000 0.142700 0.142400 0.075400 0.144800 0.168100 0.146400 0.281500 0.260800 0.179200 0.215900 0.212200 0.086900 0.179100 0.205700 0.195800 0.135000 0.174100 0.129100 0.139700
Topi 0.149800 0.429600 0.185700 0.409500 0.150400 0.149800 0.141900 0.146800 0.185700 0.254600 0.139400 0.153400 0.000000 0.120100 0.178700 0.143400 0.231700 0.216900 0.114200 0.196300 0.150100 0.161900 0.320400 0.231400 0.128500 0.162200 0.019700 0.184000 0.139500 0.185700 0.272300 0.153200 0.231000 0.029700 0.092300 0.166000 0.139300 0.150400 0.141200 0.317500 0.310500 0.183800 0.262300 0.220500 0.178800 0.171600 0.197700 0.176700 0.129600 0.247900 0.185100 0.195800
CommonDuik 0.063900 0.414800 0.133800 0.413600 0.076000 0.063900 0.021400 0.096100 0.133800 0.228400 0.064600 0.125000 0.120100 0.000000 0.113000 0.078200 0.179900 0.163400 0.085600 0.144600 0.053300 0.097600 0.251000 0.155400 0.053800 0.064400 0.098300 0.132600 0.042700 0.133800 0.246100 0.043000 0.189700 0.109400 0.063600 0.066300 0.064600 0.076000 0.043400 0.276200 0.200900 0.085700 0.183400 0.156000 0.078000 0.097000 0.097900 0.111700 0.077100 0.140600 0.133300 0.144100
Suni 0.155300 0.385700 0.142800 0.431500 0.144500 0.155300 0.135500 0.177800 0.142800 0.237400 0.133000 0.184700 0.178700 0.113000 0.000000 0.174800 0.176900 0.172600 0.131400 0.166300 0.132400 0.167900 0.273000 0.225400 0.121800 0.156400 0.156400 0.152900 0.133100 0.142800 0.255300 0.159100 0.295100 0.167800 0.143100 0.134200 0.132900 0.144500 0.134700 0.326200 0.249700 0.178700 0.204700 0.226300 0.146800 0.179200 0.168300 0.133300 0.088400 0.229300 0.153800 0.164600
Springbuck 0.109100 0.447100 0.195600 0.426700 0.109500 0.109100 0.077200 0.130500 0.195600 0.295300 0.121800 0.187800 0.143400 0.078200 0.174800 0.000000 0.217900 0.228800 0.131700 0.206600 0.086500 0.144800 0.322600 0.217100 0.110700 0.098200 0.121400 0.193800 0.075900 0.195600 0.287300 0.098900 0.270600 0.132700 0.085700 0.124900 0.121700 0.109500 0.077100 0.348700 0.269300 0.119800 0.248800 0.205900 0.137700 0.155700 0.132900 0.172600 0.136100 0.233300 0.194900 0.206200
Okapi 0.196700 0.367400 0.170300 0.438300 0.186200 0.196700 0.177800 0.181900 0.170300 0.262100 0.174700 0.186600 0.231700 0.179900 0.176900 0.217900 0.000000 0.041000 0.171100 0.206300 0.138300 0.209700 0.285500 0.239800 0.163500 0.198200 0.209300 0.204000 0.174800 0.170300 0.229100 0.226600 0.226800 0.220800 0.195500 0.150800 0.174500 0.186200 0.177000 0.310500 0.262900 0.195900 0.244300 0.240700 0.163100 0.207800 0.235100 0.239100 0.164700 0.203600 0.205200 0.215800
Giraffe 0.180800 0.355500 0.178500 0.454900 0.170000 0.180800 0.186700 0.190100 0.178500 0.248400 0.158300 0.170300 0.216900 0.163400 0.172600 0.228800 0.041000 0.000000 0.179300 0.190700 0.169500 0.193900 0.271800 0.225700 0.146800 0.207800 0.193900 0.188600 0.183300 0.178500 0.240100 0.211400 0.211900 0.205700 0.179500 0.134000 0.158200 0.170000 0.185800 0.297700 0.243300 0.205100 0.229900 0.226400 0.146500 0.217700 0.246400 0.223800 0.147900 0.214700 0.189700 0.200500
TibetanAnt 0.082300 0.412700 0.150500 0.412000 0.128100 0.082300 0.106900 0.135400 0.150500 0.192900 0.061700 0.142200 0.114200 0.085600 0.131400 0.131700 0.171100 0.179300 0.000000 0.184900 0.093300 0.093400 0.264700 0.194800 0.051400 0.127100 0.093500 0.172800 0.105200 0.150500 0.208600 0.095300 0.206700 0.093200 0.059900 0.130600 0.061700 0.128100 0.095800 0.236500 0.242000 0.148100 0.174500 0.171800 0.142800 0.136800 0.138200 0.129800 0.095400 0.182500 0.173800 0.184600
Sitatunga 0.185800 0.406400 0.030000 0.420100 0.198700 0.185800 0.166800 0.195100 0.030000 0.254200 0.140200 0.129800 0.196300 0.144600 0.166300 0.206600 0.206300 0.190700 0.184900 0.000000 0.174700 0.186700 0.276600 0.158500 0.152700 0.187300 0.174200 0.039800 0.164000 0.030000 0.271900 0.165700 0.243300 0.185500 0.185200 0.073400 0.163700 0.198700 0.165700 0.274500 0.253700 0.209400 0.210200 0.182600 0.084600 0.149500 0.224000 0.176500 0.178800 0.182400 0.040000 0.049900
Oribi 0.072300 0.447500 0.140300 0.413500 0.106400 0.072300 0.050800 0.082100 0.140300 0.233000 0.073100 0.155900 0.150100 0.053300 0.132400 0.086500 0.138300 0.169500 0.093300 0.174700 0.000000 0.105300 0.281800 0.185500 0.062600 0.072900 0.128600 0.162700 0.051800 0.140300 0.224600 0.096200 0.221800 0.139600 0.093600 0.097400 0.073100 0.106400 0.052600 0.307200 0.231900 0.072000 0.188900 0.186200 0.109200 0.104300 0.105500 0.131000 0.107900 0.172200 0.163600 0.174300
BarbaryShe 0.050500 0.425200 0.188000 0.463900 0.152200 0.050500 0.119200 0.171500 0.188000 0.245300 0.048300 0.180200 0.161900 0.097600 0.167900 0.144800 0.209700 0.193900 0.093400 0.186700 0.105300 0.000000 0.295500 0.221700 0.041200 0.139600 0.140200 0.186300 0.117300 0.188000 0.262900 0.118600 0.247300 0.151300 0.127000 0.143500 0.051500 0.152200 0.119200 0.265800 0.272100 0.137900 0.201000 0.171700 0.156100 0.173000 0.150800 0.165900 0.130700 0.184300 0.187400 0.198300
Daviddeer 0.294000 0.517800 0.263400 0.460700 0.310500 0.294000 0.275200 0.303700 0.263400 0.182200 0.270100 0.284200 0.320400 0.251000 0.273000 0.322600 0.285500 0.271800 0.264700 0.276600 0.281800 0.295500 0.000000 0.160000 0.257800 0.296400 0.295800 0.273500 0.270300 0.263400 0.173600 0.301800 0.260900 0.295100 0.265000 0.243600 0.269800 0.310500 0.260700 0.124500 0.085300 0.320500 0.139700 0.160600 0.258100 0.278400 0.254500 0.286000 0.261300 0.277200 0.275200 0.286400
Reindeer 0.196400 0.381100 0.147100 0.366200 0.210300 0.196400 0.177800 0.230200 0.147100 0.143000 0.174300 0.186600 0.231400 0.155400 0.225400 0.217100 0.239800 0.225700 0.194800 0.158500 0.185500 0.221700 0.160000 0.000000 0.187300 0.173400 0.209000 0.156800 0.174700 0.147100 0.156600 0.176600 0.227100 0.208500 0.171300 0.128100 0.198600 0.210300 0.165100 0.135300 0.116100 0.195100 0.102300 0.037100 0.140000 0.159000 0.209100 0.200900 0.214200 0.177900 0.157600 0.167900
Ibex 0.030700 0.419200 0.142200 0.418400 0.107600 0.030700 0.075300 0.127100 0.142200 0.210200 0.010200 0.133700 0.128500 0.053800 0.121800 0.110700 0.163500 0.146800 0.051400 0.152700 0.062600 0.041200 0.257800 0.187300 0.000000 0.095700 0.107100 0.140900 0.074000 0.142200 0.226900 0.074800 0.197900 0.118000 0.094600 0.098500 0.010000 0.107600 0.075200 0.229300 0.234600 0.094500 0.166500 0.163900 0.110400 0.128300 0.106600 0.120400 0.086400 0.174600 0.141700 0.152300
GyrantGaze 0.105300 0.451100 0.176700 0.416500 0.118000 0.105300 0.063700 0.115000 0.176700 0.272100 0.106500 0.168600 0.162200 0.064400 0.156400 0.098200 0.198200 0.207800 0.127100 0.187300 0.072900 0.139600 0.296400 0.173400 0.095700 0.000000 0.140500 0.175100 0.062600 0.176700 0.263900 0.085100 0.262400 0.151600 0.104900 0.109100 0.106900 0.118000 0.063600 0.322000 0.245800 0.020000 0.227000 0.198700 0.121100 0.138600 0.117000 0.154700 0.119500 0.211600 0.176100 0.162600
Hartebeest 0.128300 0.401200 0.163700 0.382100 0.128900 0.128300 0.120100 0.148700 0.163700 0.232000 0.118000 0.131500 0.019700 0.098300 0.156400 0.121400 0.209300 0.193900 0.093500 0.174200 0.128600 0.140200 0.295800 0.209000 0.107100 0.140500 0.000000 0.162200 0.118100 0.163700 0.249100 0.131300 0.234300 0.030100 0.071800 0.143800 0.117900 0.128900 0.119500 0.293100 0.285800 0.162000 0.239100 0.198100 0.156400 0.150000 0.175500 0.154500 0.108100 0.224000 0.163100 0.173800
Bongo 0.173700 0.417200 0.029700 0.415300 0.187300 0.173700 0.154600 0.183000 0.029700 0.251300 0.128600 0.128400 0.184000 0.132600 0.152900 0.193800 0.204000 0.188600 0.172800 0.039800 0.162700 0.186300 0.273500 0.156800 0.140900 0.175100 0.162200 0.000000 0.152000 0.029700 0.269000 0.153600 0.240500 0.173400 0.173000 0.072300 0.151800 0.187300 0.153400 0.271300 0.238300 0.197000 0.207900 0.180600 0.083400 0.137900 0.211200 0.165200 0.166500 0.192600 0.000000 0.029300
Gerenuk 0.083700 0.434400 0.153400 0.400500 0.095900 0.083700 0.042200 0.093400 0.153400 0.247200 0.084600 0.145100 0.139500 0.042700 0.133100 0.075900 0.174800 0.183300 0.105200 0.164000 0.051800 0.117300 0.270300 0.174700 0.074000 0.062600 0.118100 0.152000 0.000000 0.153400 0.238900 0.085700 0.236600 0.129000 0.083300 0.086700 0.084600 0.095900 0.042100 0.295400 0.220600 0.083300 0.202700 0.175300 0.098400 0.116500 0.095100 0.131600 0.097300 0.186700 0.152900 0.139700
CommonElan 0.175300 0.406100 0.000000 0.404000 0.189000 0.175300 0.156100 0.184700 0.000000 0.241600 0.129700 0.118300 0.185700 0.133800 0.142800 0.195600 0.170300 0.178500 0.150500 0.030000 0.140300 0.188000 0.263400 0.147100 0.142200 0.176700 0.163700 0.029700 0.153400 0.000000 0.258900 0.155000 0.229000 0.175000 0.174600 0.062600 0.153200 0.189000 0.154900 0.261300 0.240700 0.198800 0.198000 0.170800 0.073600 0.116100 0.213200 0.155000 0.168000 0.157200 0.029700 0.039500
MuntiacusR 0.261700 0.422400 0.258900 0.342100 0.304800 0.261700 0.243100 0.219900 0.258900 0.069400 0.238700 0.251700 0.272300 0.246100 0.255300 0.287300 0.229100 0.240100 0.208600 0.271900 0.224600 0.262900 0.173600 0.156600 0.226900 0.263900 0.249100 0.269000 0.238900 0.258900 0.000000 0.268400 0.229800 0.274700 0.233700 0.239300 0.238500 0.304800 0.203800 0.171200 0.128700 0.287100 0.071300 0.134600 0.253400 0.273100 0.224100 0.280900 0.203600 0.243500 0.270600 0.281600
HarveysDui 0.084600 0.420500 0.155000 0.418500 0.096200 0.084600 0.064500 0.139500 0.155000 0.250200 0.063400 0.146600 0.153200 0.043000 0.159100 0.098900 0.226600 0.211400 0.095300 0.165700 0.096200 0.118600 0.301800 0.176600 0.074800 0.085100 0.131300 0.153600 0.085700 0.155000 0.268400 0.000000 0.198100 0.142500 0.095400 0.087600 0.085500 0.096200 0.087100 0.271100 0.250200 0.106200 0.205100 0.177400 0.099500 0.140800 0.118800 0.157200 0.121600 0.162700 0.154500 0.141300
Pronghorn 0.233200 0.386100 0.229000 0.366600 0.260700 0.233200 0.213500 0.216600 0.229000 0.264400 0.210000 0.250000 0.231000 0.189700 0.295100 0.270600 0.226800 0.211900 0.206700 0.243300 0.221800 0.247300 0.260900 0.227100 0.197900 0.262400 0.234300 0.240500 0.236600 0.229000 0.229800 0.198100 0.000000 0.231900 0.233000 0.210500 0.209800 0.260700 0.198600 0.273500 0.236900 0.286300 0.218800 0.202500 0.224500 0.244300 0.247800 0.251400 0.226700 0.215500 0.240600 0.251700
BlueWildeb 0.139300 0.429800 0.175000 0.409600 0.139800 0.139300 0.131300 0.159600 0.175000 0.256800 0.128900 0.142700 0.029700 0.109400 0.167800 0.132700 0.220800 0.205700 0.093200 0.185500 0.139600 0.151300 0.295100 0.208500 0.118000 0.151600 0.030100 0.173400 0.129000 0.175000 0.274700 0.142500 0.231900 0.000000 0.071600 0.155200 0.128800 0.139800 0.106500 0.320500 0.285100 0.173200 0.238500 0.197600 0.167900 0.161000 0.186900 0.153000 0.119100 0.236300 0.174400 0.185100
Gemsbok 0.093400 0.398400 0.174600 0.379400 0.083500 0.093400 0.084700 0.091700 0.174600 0.217200 0.105200 0.142400 0.092300 0.063600 0.143100 0.085700 0.195500 0.179500 0.059900 0.185200 0.093600 0.127000 0.265000 0.171300 0.094600 0.104900 0.071800 0.173000 0.083300 0.174600 0.233700 0.095400 0.233000 0.071600 0.000000 0.107700 0.105100 0.083500 0.073800 0.289300 0.216400 0.125700 0.198900 0.160700 0.119600 0.114600 0.138300 0.141300 0.095500 0.208700 0.174100 0.184800
Yak 0.108200 0.367200 0.062600 0.417200 0.120700 0.108200 0.088300 0.117900 0.062600 0.222200 0.086500 0.075400 0.166000 0.066300 0.134200 0.124900 0.150800 0.134000 0.130600 0.073400 0.097400 0.143500 0.243600 0.128100 0.098500 0.109100 0.143800 0.072300 0.086700 0.062600 0.239300 0.087600 0.210500 0.155200 0.107700 0.000000 0.109400 0.120700 0.087300 0.241600 0.194900 0.130700 0.178300 0.151800 0.010400 0.119200 0.143800 0.158300 0.123200 0.136900 0.073000 0.083200
BlueSheep 0.040900 0.433400 0.153200 0.432700 0.118400 0.040900 0.086000 0.137800 0.153200 0.221600 0.020500 0.144800 0.139300 0.064600 0.132900 0.121700 0.174500 0.158200 0.061700 0.163700 0.073100 0.051500 0.269800 0.198600 0.010000 0.106900 0.117900 0.151800 0.084600 0.153200 0.238500 0.085500 0.209800 0.128800 0.105100 0.109400 0.000000 0.118400 0.086000 0.241200 0.246600 0.105100 0.177700 0.175000 0.121500 0.139000 0.117300 0.119900 0.097200 0.186400 0.152700 0.163300
BohorReedb 0.117200 0.396100 0.189000 0.408600 0.000000 0.117200 0.097500 0.126700 0.189000 0.285600 0.118400 0.168100 0.150400 0.076000 0.144500 0.109500 0.186200 0.170000 0.128100 0.198700 0.106400 0.152200 0.310500 0.210300 0.107600 0.118000 0.128900 0.187300 0.095900 0.189000 0.304800 0.096200 0.260700 0.139800 0.083500 0.120700 0.118400 0.000000 0.097000 0.336600 0.259400 0.139400 0.240200 0.211200 0.133000 0.127900 0.152500 0.165900 0.108800 0.224900 0.188400 0.199300
KirksDik 0.085000 0.386900 0.154900 0.355800 0.097000 0.085000 0.042900 0.094700 0.154900 0.237900 0.086000 0.146400 0.141200 0.043400 0.134700 0.077100 0.177000 0.185800 0.095800 0.165700 0.052600 0.119200 0.260700 0.165100 0.075200 0.063600 0.119500 0.153400 0.042100 0.154900 0.203800 0.087100 0.198600 0.106500 0.073800 0.087300 0.086000 0.097000 0.000000 0.286000 0.184800 0.084700 0.193000 0.165700 0.099200 0.118400 0.096600 0.120700 0.076100 0.163500 0.154400 0.165200
RoeDeer 0.264600 0.440100 0.261300 0.425000 0.336600 0.264600 0.300900 0.328800 0.261300 0.179900 0.215300 0.281500 0.317500 0.276200 0.326200 0.348700 0.310500 0.297700 0.236500 0.274500 0.307200 0.265800 0.124500 0.135300 0.229300 0.322000 0.293100 0.271300 0.295400 0.261300 0.171200 0.271100 0.273500 0.320500 0.289300 0.241600 0.241200 0.336600 0.286000 0.000000 0.202100 0.346500 0.160800 0.135800 0.255900 0.302600 0.292700 0.312200 0.314100 0.273100 0.272900 0.284000
WhiteLippe 0.243900 0.454000 0.240700 0.432300 0.259400 0.243900 0.224500 0.253800 0.240700 0.160900 0.246800 0.260800 0.310500 0.200900 0.249700 0.269300 0.262900 0.243300 0.242000 0.253700 0.231900 0.272100 0.085300 0.116100 0.234600 0.245800 0.285800 0.238300 0.220600 0.240700 0.128700 0.250200 0.236900 0.285100 0.216400 0.194900 0.246600 0.259400 0.184800 0.202100 0.000000 0.269400 0.118400 0.116500 0.208600 0.229400 0.205800 0.262300 0.211300 0.226200 0.239800 0.263600
ThomsonGaz 0.104000 0.479700 0.198800 0.443900 0.139400 0.104000 0.084700 0.135800 0.198800 0.295100 0.105100 0.179200 0.183800 0.085700 0.178700 0.119800 0.195900 0.205100 0.148100 0.209400 0.072000 0.137900 0.320500 0.195100 0.094500 0.020000 0.162000 0.197000 0.083300 0.198800 0.287100 0.106200 0.286300 0.173200 0.125700 0.130700 0.105100 0.139400 0.084700 0.346500 0.269400 0.000000 0.249800 0.220900 0.143000 0.159900 0.138100 0.176700 0.141300 0.235000 0.198100 0.184300
MuntiacusC 0.200100 0.459400 0.198000 0.438000 0.240200 0.200100 0.206300 0.235100 0.198000 0.039500 0.177800 0.215900 0.262300 0.183400 0.204700 0.248800 0.244300 0.229900 0.174500 0.210200 0.188900 0.201000 0.139700 0.102300 0.166500 0.227000 0.239100 0.207900 0.202700 0.198000 0.071300 0.205100 0.218800 0.238500 0.198900 0.178300 0.177700 0.240200 0.193000 0.160800 0.118400 0.249800 0.000000 0.081300 0.191400 0.211300 0.188600 0.217000 0.193500 0.181500 0.209100 0.219900
WhiteTaile 0.148000 0.396500 0.170800 0.382800 0.211200 0.148000 0.178400 0.231200 0.170800 0.121600 0.175100 0.212200 0.220500 0.156000 0.226300 0.205900 0.240700 0.226400 0.171800 0.182600 0.186200 0.171700 0.160600 0.037100 0.163900 0.198700 0.198100 0.180600 0.175300 0.170800 0.134600 0.177400 0.202500 0.197600 0.160700 0.151800 0.175000 0.211200 0.165700 0.135800 0.116500 0.220900 0.081300 0.000000 0.164200 0.159700 0.185500 0.201600 0.215000 0.203500 0.181600 0.192000
Cattle 0.120100 0.385400 0.073600 0.436400 0.133000 0.120100 0.100200 0.129800 0.073600 0.235700 0.098200 0.086900 0.178800 0.078000 0.146800 0.137700 0.163100 0.146500 0.142800 0.084600 0.109200 0.156100 0.258100 0.140000 0.110400 0.121100 0.156400 0.083400 0.098400 0.073600 0.253400 0.099500 0.224500 0.167900 0.119600 0.010400 0.121500 0.133000 0.099200 0.255900 0.208600 0.143000 0.191400 0.164200 0.000000 0.131300 0.156400 0.171300 0.135700 0.149700 0.084100 0.094500
RoyalAntel 0.137700 0.443300 0.116100 0.406900 0.127900 0.137700 0.118400 0.147100 0.116100 0.255200 0.139100 0.179100 0.171600 0.097000 0.179200 0.155700 0.207800 0.217700 0.136800 0.149500 0.104300 0.173000 0.278400 0.159000 0.128300 0.138600 0.150000 0.137900 0.116500 0.116100 0.273100 0.140800 0.244300 0.161000 0.114600 0.119200 0.139000 0.127900 0.118400 0.302600 0.229400 0.159900 0.211300 0.159700 0.131300 0.000000 0.149600 0.165400 0.153400 0.195300 0.138700 0.149200
Steenbok 0.116100 0.502900 0.213200 0.482500 0.152500 0.116100 0.096700 0.148500 0.213200 0.232500 0.117400 0.205700 0.197700 0.097900 0.168300 0.132900 0.235100 0.246400 0.138200 0.224000 0.105500 0.150800 0.254500 0.209100 0.106600 0.117000 0.175500 0.211200 0.095100 0.213200 0.224100 0.118800 0.247800 0.186900 0.138300 0.143800 0.117300 0.152500 0.096600 0.292700 0.205800 0.138100 0.188600 0.185500 0.156400 0.149600 0.000000 0.190700 0.131100 0.251100 0.212500 0.223500
Impala 0.153400 0.453400 0.155000 0.418200 0.165900 0.153400 0.133900 0.187300 0.155000 0.262400 0.131500 0.195800 0.176700 0.111700 0.133300 0.172600 0.239100 0.223800 0.129800 0.176500 0.131000 0.165900 0.286000 0.200900 0.120400 0.154700 0.154500 0.165200 0.131600 0.155000 0.280900 0.157200 0.251400 0.153000 0.141300 0.158300 0.119900 0.165900 0.120700 0.312200 0.262300 0.176700 0.217000 0.201600 0.171300 0.165400 0.190700 0.000000 0.145700 0.228500 0.166100 0.177000
Klipspring 0.118800 0.375900 0.168000 0.409100 0.108800 0.118800 0.099000 0.128300 0.168000 0.212200 0.097200 0.135000 0.129600 0.077100 0.088400 0.136100 0.164700 0.147900 0.095400 0.178800 0.107900 0.130700 0.261300 0.214200 0.086400 0.119500 0.108100 0.166500 0.097300 0.168000 0.203600 0.121600 0.226700 0.119100 0.095500 0.123200 0.097200 0.108800 0.076100 0.314100 0.211300 0.141300 0.193500 0.215000 0.135700 0.153400 0.131100 0.145700 0.000000 0.176700 0.167400 0.178400
ForestMusk 0.209800 0.345500 0.157200 0.395700 0.224900 0.209800 0.164000 0.245900 0.157200 0.226100 0.161000 0.174100 0.247900 0.140600 0.229300 0.233300 0.203600 0.214700 0.182500 0.182400 0.172200 0.184300 0.277200 0.177900 0.174600 0.211600 0.224000 0.192600 0.186700 0.157200 0.243500 0.162700 0.215500 0.236300 0.208700 0.136900 0.186400 0.224900 0.163500 0.273100 0.226200 0.235000 0.181500 0.203500 0.149700 0.195300 0.251100 0.228500 0.176700 0.000000 0.193700 0.204700
Bushbuck 0.174700 0.420000 0.029700 0.418000 0.188400 0.174700 0.155500 0.184100 0.029700 0.252800 0.129300 0.129100 0.185100 0.133300 0.153800 0.194900 0.205200 0.189700 0.173800 0.040000 0.163600 0.187400 0.275200 0.157600 0.141700 0.176100 0.163100 0.000000 0.152900 0.029700 0.270600 0.154500 0.240600 0.174400 0.174100 0.073000 0.152700 0.188400 0.154400 0.272900 0.239800 0.198100 0.209100 0.181600 0.084100 0.138700 0.212500 0.166100 0.167400 0.193700 0.000000 0.028700
GreaterKud 0.185500 0.432900 0.038300 0.430200 0.199300 0.185500 0.166300 0.194800 0.039500 0.263600 0.139800 0.139700 0.195800 0.144100 0.164600 0.206200 0.215800 0.200500 0.184600 0.049900 0.174300 0.198300 0.286400 0.167900 0.152300 0.162600 0.173800 0.029300 0.139700 0.039500 0.281600 0.141300 0.251700 0.185100 0.184800 0.083200 0.163300 0.199300 0.165200 0.284000 0.263600 0.184300 0.219900 0.192000 0.094500 0.149200 0.223500 0.177000 0.178400 0.204700 0.028700 0.000000
