1
52 1
Argali 0.000000 0.591700 0.340800 0.541100 0.076000 0.000000 0.000000 0.090200 0.340800 0.525000 0.000000 0.380000 0.000000 0.090200 0.090200 0.169900 0.247800 0.090600 0.080000 0.250800 0.183500 0.000000 0.525000 0.419200 0.000000 0.262100 0.000000 0.250800 0.353900 0.324700 0.632400 0.090200 0.529200 0.000000 0.077300 0.174200 0.000000 0.076000 0.173500 0.627500 0.764000 0.262100 0.328700 0.625300 0.174200 0.319300 0.264900 0.090200 0.183500 0.297000 0.324700 0.250800
LesserMous 0.591700 0.000000 0.786200 0.296200 0.646200 0.591700 0.591700 0.502600 0.786200 0.806900 0.591700 0.577000 0.591700 0.502600 0.502600 0.344900 0.423600 0.505800 0.703800 0.664200 0.623100 0.591700 0.806900 1.038200 0.591700 0.563000 0.591700 0.664200 0.818800 0.740100 0.914300 0.502600 0.753300 0.591700 0.673900 0.588700 0.591700 0.646200 0.584900 0.905800 0.638300 0.563000 0.936700 0.904500 0.588700 0.535400 0.571900 0.502600 0.623100 0.497700 0.740100 0.664200
LesserKudu 0.340800 0.786200 0.000000 0.699000 0.403300 0.340800 0.340800 0.487300 0.000000 0.429800 0.340800 0.152000 0.340800 0.487300 0.487300 0.553700 0.220500 0.263400 0.430400 0.068800 0.350500 0.340800 0.429800 0.162100 0.340800 0.675000 0.340800 0.068800 0.512300 0.134300 0.273700 0.487300 0.349200 0.340800 0.224600 0.153800 0.340800 0.403300 0.335000 0.514800 0.604600 0.675000 0.278900 0.274600 0.153800 0.272800 0.429600 0.487300 0.350500 0.482900 0.134300 0.068800
KillerWhal 0.541100 0.296200 0.699000 0.000000 0.596300 0.541100 0.541100 0.458100 0.699000 0.685100 0.541100 0.797600 0.541100 0.458100 0.458100 0.523200 0.877100 0.732000 0.643300 0.896000 0.333100 0.541100 0.685100 0.872200 0.541100 0.518500 0.541100 0.896000 0.488500 0.976300 0.774900 0.458100 0.848200 0.541100 0.619700 0.817500 0.541100 0.596300 0.535900 0.769300 0.550400 0.518500 0.788600 0.767800 0.817500 0.474000 0.525800 0.458100 0.333100 0.450500 0.976300 0.896000
DefassaWat 0.076000 0.646200 0.403300 0.596300 0.000000 0.076000 0.076000 0.169400 0.403300 0.600100 0.076000 0.445800 0.076000 0.169400 0.169400 0.241000 0.313800 0.170000 0.152100 0.317600 0.257800 0.076000 0.600100 0.490100 0.076000 0.329200 0.076000 0.317600 0.417300 0.387100 0.698000 0.169400 0.590700 0.076000 0.147600 0.246700 0.076000 0.000000 0.245800 0.692700 0.828200 0.329200 0.407300 0.690800 0.246700 0.393300 0.332700 0.169400 0.257800 0.369500 0.387100 0.317600
Sheep 0.000000 0.591700 0.340800 0.541100 0.076000 0.000000 0.000000 0.090200 0.340800 0.525000 0.000000 0.380000 0.000000 0.090200 0.090200 0.169900 0.247800 0.090600 0.080000 0.250800 0.183500 0.000000 0.525000 0.419200 0.000000 0.262100 0.000000 0.250800 0.353900 0.324700 0.632400 0.090200 0.529200 0.000000 0.077300 0.174200 0.000000 0.076000 0.173500 0.627500 0.764000 0.262100 0.328700 0.625300 0.174200 0.319300 0.264900 0.090200 0.183500 0.297000 0.324700 0.250800
MaxwellsDu 0.000000 0.591700 0.340800 0.541100 0.076000 0.000000 0.000000 0.090200 0.340800 0.525000 0.000000 0.380000 0.000000 0.090200 0.090200 0.169900 0.247800 0.090600 0.080000 0.250800 0.183500 0.000000 0.525000 0.419200 0.000000 0.262100 0.000000 0.250800 0.353900 0.324700 0.632400 0.090200 0.529200 0.000000 0.077300 0.174200 0.000000 0.076000 0.173500 0.627500 0.764000 0.262100 0.328700 0.625300 0.174200 0.319300 0.264900 0.090200 0.183500 0.297000 0.324700 0.250800
GazellaPrz 0.090200 0.502600 0.487300 0.458100 0.169400 0.090200 0.090200 0.000000 0.487300 0.406600 0.090200 0.293300 0.090200 0.000000 0.000000 0.087800 0.374300 0.207900 0.180400 0.380000 0.095500 0.090200 0.406600 0.625300 0.090200 0.180500 0.090200 0.380000 0.272900 0.458900 0.517000 0.000000 0.434300 0.090200 0.173500 0.298400 0.090200 0.169400 0.089700 0.513300 0.624700 0.180500 0.525000 0.511100 0.298400 0.222100 0.182400 0.000000 0.095500 0.205400 0.458900 0.380000
MountainNy 0.340800 0.786200 0.000000 0.699000 0.403300 0.340800 0.340800 0.487300 0.000000 0.429800 0.340800 0.152000 0.340800 0.487300 0.487300 0.553700 0.220500 0.263400 0.430400 0.068800 0.350500 0.340800 0.429800 0.162100 0.340800 0.675000 0.340800 0.068800 0.512300 0.134300 0.273700 0.487300 0.349200 0.340800 0.224600 0.153800 0.340800 0.403300 0.335000 0.514800 0.604600 0.675000 0.278900 0.274600 0.153800 0.272800 0.429600 0.487300 0.350500 0.482900 0.134300 0.068800
MuntiacusM 0.525000 0.806900 0.429800 0.685100 0.600100 0.525000 0.525000 0.406600 0.429800 0.000000 0.525000 0.507800 0.525000 0.406600 0.406600 0.499900 0.606600 0.410000 0.669200 0.620500 0.237800 0.525000 0.000000 0.224300 0.525000 0.660600 0.525000 0.620500 0.450300 0.717400 0.118900 0.406600 0.544800 0.525000 0.632400 0.521400 0.525000 0.600100 0.517000 0.118300 0.142600 0.660600 0.120100 0.117600 0.521400 0.126300 0.676300 0.406600 0.237800 0.401400 0.717400 0.620500
goat 0.000000 0.591700 0.340800 0.541100 0.076000 0.000000 0.000000 0.090200 0.340800 0.525000 0.000000 0.380000 0.000000 0.090200 0.090200 0.169900 0.247800 0.090600 0.080000 0.250800 0.183500 0.000000 0.525000 0.419200 0.000000 0.262100 0.000000 0.250800 0.353900 0.324700 0.632400 0.090200 0.529200 0.000000 0.077300 0.174200 0.000000 0.076000 0.173500 0.627500 0.764000 0.262100 0.328700 0.625300 0.174200 0.319300 0.264900 0.090200 0.183500 0.297000 0.324700 0.250800
AfricanBuf 0.380000 0.577000 0.152000 0.797600 0.445800 0.380000 0.380000 0.293300 0.152000 0.507800 0.380000 0.000000 0.380000 0.293300 0.293300 0.368100 0.241700 0.294900 0.480400 0.075100 0.400100 0.380000 0.507800 0.410400 0.380000 0.475600 0.380000 0.075100 0.583500 0.146000 0.313900 0.293300 0.274000 0.380000 0.246800 0.169700 0.380000 0.445800 0.169000 0.606300 0.729300 0.475600 0.620500 0.315200 0.169700 0.312300 0.257500 0.293300 0.400100 0.291300 0.146000 0.075100
Topi 0.000000 0.591700 0.340800 0.541100 0.076000 0.000000 0.000000 0.090200 0.340800 0.525000 0.000000 0.380000 0.000000 0.090200 0.090200 0.169900 0.247800 0.090600 0.080000 0.250800 0.183500 0.000000 0.525000 0.419200 0.000000 0.262100 0.000000 0.250800 0.353900 0.324700 0.632400 0.090200 0.529200 0.000000 0.077300 0.174200 0.000000 0.076000 0.173500 0.627500 0.764000 0.262100 0.328700 0.625300 0.174200 0.319300 0.264900 0.090200 0.183500 0.297000 0.324700 0.250800
CommonDuik 0.090200 0.502600 0.487300 0.458100 0.169400 0.090200 0.090200 0.000000 0.487300 0.406600 0.090200 0.293300 0.090200 0.000000 0.000000 0.087800 0.374300 0.207900 0.180400 0.380000 0.095500 0.090200 0.406600 0.625300 0.090200 0.180500 0.090200 0.380000 0.272900 0.458900 0.517000 0.000000 0.434300 0.090200 0.173500 0.298400 0.090200 0.169400 0.089700 0.513300 0.624700 0.180500 0.525000 0.511100 0.298400 0.222100 0.182400 0.000000 0.095500 0.205400 0.458900 0.380000
Suni 0.090200 0.502600 0.487300 0.458100 0.169400 0.090200 0.090200 0.000000 0.487300 0.406600 0.090200 0.293300 0.090200 0.000000 0.000000 0.087800 0.374300 0.207900 0.180400 0.380000 0.095500 0.090200 0.406600 0.625300 0.090200 0.180500 0.090200 0.380000 0.272900 0.458900 0.517000 0.000000 0.434300 0.090200 0.173500 0.298400 0.090200 0.169400 0.089700 0.513300 0.624700 0.180500 0.525000 0.511100 0.298400 0.222100 0.182400 0.000000 0.095500 0.205400 0.458900 0.380000
Springbuck 0.169900 0.344900 0.553700 0.523200 0.241000 0.169900 0.169900 0.087800 0.553700 0.499900 0.169900 0.368100 0.169900 0.087800 0.087800 0.000000 0.242900 0.291100 0.255600 0.450200 0.178400 0.169900 0.499900 0.704800 0.169900 0.254900 0.169900 0.450200 0.343600 0.524900 0.601600 0.087800 0.509000 0.169900 0.246900 0.374300 0.169900 0.241000 0.169100 0.597300 0.717400 0.254900 0.611000 0.595200 0.374300 0.308000 0.257600 0.087800 0.178400 0.287600 0.524900 0.450200
Okapi 0.247800 0.423600 0.220500 0.877100 0.313800 0.247800 0.247800 0.374300 0.220500 0.606600 0.247800 0.241700 0.247800 0.374300 0.374300 0.242900 0.000000 0.170400 0.332600 0.145300 0.479100 0.247800 0.606600 0.494200 0.247800 0.550100 0.247800 0.145300 0.659500 0.212700 0.401400 0.374300 0.351500 0.247800 0.146300 0.075200 0.247800 0.313800 0.243900 0.701100 0.840000 0.550100 0.410300 0.699100 0.075200 0.395800 0.330600 0.374300 0.479100 0.371600 0.212700 0.145300
Giraffe 0.090600 0.505800 0.263400 0.732000 0.170000 0.090600 0.090600 0.207900 0.263400 0.410000 0.090600 0.294900 0.090600 0.207900 0.207900 0.291100 0.170400 0.000000 0.181200 0.172600 0.319300 0.090600 0.410000 0.324300 0.090600 0.401900 0.090600 0.172600 0.511800 0.249700 0.521400 0.207900 0.437200 0.090600 0.174200 0.090500 0.090600 0.170000 0.298400 0.517600 0.631600 0.401900 0.228100 0.515400 0.090500 0.223500 0.407700 0.207900 0.319300 0.206500 0.249700 0.172600
TibetanAnt 0.080000 0.703800 0.430400 0.643300 0.152100 0.080000 0.080000 0.180400 0.430400 0.669200 0.080000 0.480400 0.080000 0.180400 0.180400 0.255600 0.332600 0.181200 0.000000 0.337000 0.275800 0.080000 0.669200 0.532300 0.080000 0.351200 0.080000 0.337000 0.231700 0.410400 0.779400 0.180400 0.646100 0.080000 0.155100 0.262300 0.080000 0.152100 0.261200 0.772400 0.949800 0.351200 0.442900 0.770400 0.262300 0.427800 0.355400 0.180400 0.275800 0.398500 0.410400 0.337000
Sitatunga 0.250800 0.664200 0.068800 0.896000 0.317600 0.250800 0.250800 0.380000 0.068800 0.620500 0.250800 0.075100 0.250800 0.380000 0.380000 0.450200 0.145300 0.172600 0.337000 0.000000 0.487300 0.250800 0.620500 0.268000 0.250800 0.559400 0.250800 0.000000 0.671900 0.066500 0.408300 0.380000 0.356500 0.250800 0.147700 0.076000 0.250800 0.317600 0.246800 0.717400 0.864400 0.559400 0.417500 0.410400 0.076000 0.402500 0.335000 0.380000 0.487300 0.377300 0.066500 0.000000
Oribi 0.183500 0.623100 0.350500 0.333100 0.257800 0.183500 0.183500 0.095500 0.350500 0.237800 0.183500 0.400100 0.183500 0.095500 0.095500 0.178400 0.479100 0.319300 0.275800 0.487300 0.000000 0.183500 0.237800 0.431800 0.183500 0.276700 0.183500 0.487300 0.166700 0.565000 0.340100 0.095500 0.424800 0.183500 0.264900 0.407700 0.183500 0.257800 0.182400 0.336300 0.401000 0.276700 0.341800 0.334800 0.407700 0.100900 0.280000 0.095500 0.000000 0.314800 0.565000 0.487300
BarbaryShe 0.000000 0.591700 0.340800 0.541100 0.076000 0.000000 0.000000 0.090200 0.340800 0.525000 0.000000 0.380000 0.000000 0.090200 0.090200 0.169900 0.247800 0.090600 0.080000 0.250800 0.183500 0.000000 0.525000 0.419200 0.000000 0.262100 0.000000 0.250800 0.353900 0.324700 0.632400 0.090200 0.529200 0.000000 0.077300 0.174200 0.000000 0.076000 0.173500 0.627500 0.764000 0.262100 0.328700 0.625300 0.174200 0.319300 0.264900 0.090200 0.183500 0.297000 0.324700 0.250800
Daviddeer 0.525000 0.806900 0.429800 0.685100 0.600100 0.525000 0.525000 0.406600 0.429800 0.000000 0.525000 0.507800 0.525000 0.406600 0.406600 0.499900 0.606600 0.410000 0.669200 0.620500 0.237800 0.525000 0.000000 0.224300 0.525000 0.660600 0.525000 0.620500 0.450300 0.717400 0.118900 0.406600 0.544800 0.525000 0.632400 0.521400 0.525000 0.600100 0.517000 0.118300 0.142600 0.660600 0.120100 0.117600 0.521400 0.126300 0.676300 0.406600 0.237800 0.401400 0.717400 0.620500
Reindeer 0.419200 1.038200 0.162100 0.872200 0.490100 0.419200 0.419200 0.625300 0.162100 0.224300 0.419200 0.410400 0.419200 0.625300 0.625300 0.704800 0.494200 0.324300 0.532300 0.268000 0.431800 0.419200 0.224300 0.000000 0.419200 0.874200 0.419200 0.268000 0.630300 0.347900 0.320500 0.625300 0.766800 0.419200 0.510200 0.417500 0.419200 0.490100 0.729500 0.318900 0.377000 0.874200 0.096700 0.095100 0.417500 0.337000 0.898300 0.625300 0.431800 0.615900 0.347900 0.268000
Ibex 0.000000 0.591700 0.340800 0.541100 0.076000 0.000000 0.000000 0.090200 0.340800 0.525000 0.000000 0.380000 0.000000 0.090200 0.090200 0.169900 0.247800 0.090600 0.080000 0.250800 0.183500 0.000000 0.525000 0.419200 0.000000 0.262100 0.000000 0.250800 0.353900 0.324700 0.632400 0.090200 0.529200 0.000000 0.077300 0.174200 0.000000 0.076000 0.173500 0.627500 0.764000 0.262100 0.328700 0.625300 0.174200 0.319300 0.264900 0.090200 0.183500 0.297000 0.324700 0.250800
GyrantGaze 0.262100 0.563000 0.675000 0.518500 0.329200 0.262100 0.262100 0.180500 0.675000 0.660600 0.262100 0.475600 0.262100 0.180500 0.180500 0.254900 0.550100 0.401900 0.351200 0.559400 0.276700 0.262100 0.660600 0.874200 0.262100 0.000000 0.262100 0.559400 0.445000 0.633900 0.763600 0.180500 0.638300 0.262100 0.338500 0.484400 0.262100 0.329200 0.260400 0.757300 0.705300 0.000000 0.778900 0.755500 0.484400 0.428100 0.159400 0.180500 0.276700 0.396200 0.633900 0.559400
Hartebeest 0.000000 0.591700 0.340800 0.541100 0.076000 0.000000 0.000000 0.090200 0.340800 0.525000 0.000000 0.380000 0.000000 0.090200 0.090200 0.169900 0.247800 0.090600 0.080000 0.250800 0.183500 0.000000 0.525000 0.419200 0.000000 0.262100 0.000000 0.250800 0.353900 0.324700 0.632400 0.090200 0.529200 0.000000 0.077300 0.174200 0.000000 0.076000 0.173500 0.627500 0.764000 0.262100 0.328700 0.625300 0.174200 0.319300 0.264900 0.090200 0.183500 0.297000 0.324700 0.250800
Bongo 0.250800 0.664200 0.068800 0.896000 0.317600 0.250800 0.250800 0.380000 0.068800 0.620500 0.250800 0.075100 0.250800 0.380000 0.380000 0.450200 0.145300 0.172600 0.337000 0.000000 0.487300 0.250800 0.620500 0.268000 0.250800 0.559400 0.250800 0.000000 0.671900 0.066500 0.408300 0.380000 0.356500 0.250800 0.147700 0.076000 0.250800 0.317600 0.246800 0.717400 0.864400 0.559400 0.417500 0.410400 0.076000 0.402500 0.335000 0.380000 0.487300 0.377300 0.066500 0.000000
Gerenuk 0.353900 0.818800 0.512300 0.488500 0.417300 0.353900 0.353900 0.272900 0.512300 0.450300 0.353900 0.583500 0.353900 0.272900 0.272900 0.343600 0.659500 0.511800 0.231700 0.671900 0.166700 0.353900 0.450300 0.630300 0.353900 0.445000 0.353900 0.671900 0.000000 0.494700 0.540700 0.272900 0.618400 0.353900 0.430400 0.595300 0.353900 0.417300 0.351500 0.283500 0.635700 0.445000 0.547500 0.535600 0.595300 0.285100 0.451000 0.272900 0.166700 0.503600 0.494700 0.671900
CommonElan 0.324700 0.740100 0.134300 0.976300 0.387100 0.324700 0.324700 0.458900 0.134300 0.717400 0.324700 0.146000 0.324700 0.458900 0.458900 0.524900 0.212700 0.249700 0.410400 0.066500 0.565000 0.324700 0.717400 0.347900 0.324700 0.633900 0.324700 0.066500 0.494700 0.000000 0.494500 0.458900 0.432800 0.324700 0.216300 0.147400 0.324700 0.387100 0.319800 0.493500 0.972500 0.633900 0.505000 0.497600 0.147400 0.482900 0.407100 0.458900 0.565000 0.455300 0.000000 0.066500
MuntiacusR 0.632400 0.914300 0.273700 0.774900 0.698000 0.632400 0.632400 0.517000 0.273700 0.118900 0.632400 0.313900 0.632400 0.517000 0.517000 0.601600 0.401400 0.521400 0.779400 0.408300 0.340100 0.632400 0.118900 0.320500 0.632400 0.763600 0.632400 0.408300 0.540700 0.494500 0.000000 0.517000 0.333000 0.632400 0.413700 0.319900 0.632400 0.698000 0.318000 0.223200 0.265800 0.763600 0.226500 0.222100 0.319900 0.236900 0.436800 0.517000 0.338100 0.509900 0.494500 0.408300
HarveysDui 0.090200 0.502600 0.487300 0.458100 0.169400 0.090200 0.090200 0.000000 0.487300 0.406600 0.090200 0.293300 0.090200 0.000000 0.000000 0.087800 0.374300 0.207900 0.180400 0.380000 0.095500 0.090200 0.406600 0.625300 0.090200 0.180500 0.090200 0.380000 0.272900 0.458900 0.517000 0.000000 0.434300 0.090200 0.173500 0.298400 0.090200 0.169400 0.089700 0.513300 0.624700 0.180500 0.525000 0.511100 0.298400 0.222100 0.182400 0.000000 0.095500 0.205400 0.458900 0.380000
Pronghorn 0.529200 0.753300 0.349200 0.848200 0.590700 0.529200 0.529200 0.434300 0.349200 0.544800 0.529200 0.274000 0.529200 0.434300 0.434300 0.509000 0.351500 0.437200 0.646100 0.356500 0.424800 0.529200 0.544800 0.766800 0.529200 0.638300 0.529200 0.356500 0.618400 0.432800 0.333000 0.434300 0.000000 0.529200 0.360400 0.278400 0.529200 0.590700 0.277000 0.648900 0.791700 0.638300 0.666200 0.646800 0.278400 0.332000 0.378500 0.434300 0.424800 0.430000 0.432800 0.356500
BlueWildeb 0.000000 0.591700 0.340800 0.541100 0.076000 0.000000 0.000000 0.090200 0.340800 0.525000 0.000000 0.380000 0.000000 0.090200 0.090200 0.169900 0.247800 0.090600 0.080000 0.250800 0.183500 0.000000 0.525000 0.419200 0.000000 0.262100 0.000000 0.250800 0.353900 0.324700 0.632400 0.090200 0.529200 0.000000 0.077300 0.174200 0.000000 0.076000 0.173500 0.627500 0.764000 0.262100 0.328700 0.625300 0.174200 0.319300 0.264900 0.090200 0.183500 0.297000 0.324700 0.250800
Gemsbok 0.077300 0.673900 0.224600 0.619700 0.147600 0.077300 0.077300 0.173500 0.224600 0.632400 0.077300 0.246800 0.077300 0.173500 0.173500 0.246900 0.146300 0.174200 0.155100 0.147700 0.264900 0.077300 0.632400 0.510200 0.077300 0.338500 0.077300 0.147700 0.430400 0.216300 0.413700 0.173500 0.360400 0.077300 0.000000 0.076500 0.077300 0.147600 0.076200 0.731500 0.886900 0.338500 0.423300 0.729500 0.076500 0.407700 0.154400 0.173500 0.264900 0.381700 0.216300 0.147700
Yak 0.174200 0.588700 0.153800 0.817500 0.246700 0.174200 0.174200 0.298400 0.153800 0.521400 0.174200 0.169700 0.174200 0.298400 0.298400 0.374300 0.075200 0.090500 0.262300 0.076000 0.407700 0.174200 0.521400 0.417500 0.174200 0.484400 0.174200 0.076000 0.595300 0.147400 0.319900 0.298400 0.278400 0.174200 0.076500 0.000000 0.174200 0.246700 0.171200 0.622700 0.754900 0.484400 0.327600 0.620500 0.000000 0.318300 0.261200 0.298400 0.407700 0.296300 0.147400 0.076000
BlueSheep 0.000000 0.591700 0.340800 0.541100 0.076000 0.000000 0.000000 0.090200 0.340800 0.525000 0.000000 0.380000 0.000000 0.090200 0.090200 0.169900 0.247800 0.090600 0.080000 0.250800 0.183500 0.000000 0.525000 0.419200 0.000000 0.262100 0.000000 0.250800 0.353900 0.324700 0.632400 0.090200 0.529200 0.000000 0.077300 0.174200 0.000000 0.076000 0.173500 0.627500 0.764000 0.262100 0.328700 0.625300 0.174200 0.319300 0.264900 0.090200 0.183500 0.297000 0.324700 0.250800
BohorReedb 0.076000 0.646200 0.403300 0.596300 0.000000 0.076000 0.076000 0.169400 0.403300 0.600100 0.076000 0.445800 0.076000 0.169400 0.169400 0.241000 0.313800 0.170000 0.152100 0.317600 0.257800 0.076000 0.600100 0.490100 0.076000 0.329200 0.076000 0.317600 0.417300 0.387100 0.698000 0.169400 0.590700 0.076000 0.147600 0.246700 0.076000 0.000000 0.245800 0.692700 0.828200 0.329200 0.407300 0.690800 0.246700 0.393300 0.332700 0.169400 0.257800 0.369500 0.387100 0.317600
KirksDik 0.173500 0.584900 0.335000 0.535900 0.245800 0.173500 0.173500 0.089700 0.335000 0.517000 0.173500 0.169000 0.173500 0.089700 0.089700 0.169100 0.243900 0.298400 0.261200 0.246800 0.182400 0.173500 0.517000 0.729500 0.173500 0.260400 0.173500 0.246800 0.351500 0.319800 0.318000 0.089700 0.277000 0.173500 0.076200 0.171200 0.173500 0.245800 0.000000 0.617400 0.746500 0.260400 0.632400 0.615300 0.171200 0.316300 0.079500 0.089700 0.182400 0.294700 0.319800 0.246800
RoeDeer 0.627500 0.905800 0.514800 0.769300 0.692700 0.627500 0.627500 0.513300 0.514800 0.118300 0.627500 0.606300 0.627500 0.513300 0.513300 0.597300 0.701100 0.517600 0.772400 0.717400 0.336300 0.627500 0.118300 0.318900 0.627500 0.757300 0.627500 0.717400 0.283500 0.493500 0.223200 0.513300 0.648900 0.627500 0.731500 0.622700 0.627500 0.692700 0.617400 0.000000 0.264200 0.757300 0.225400 0.221100 0.622700 0.235600 0.775800 0.513300 0.336300 0.506400 0.493500 0.717400
WhiteLippe 0.764000 0.638300 0.604600 0.550400 0.828200 0.764000 0.764000 0.624700 0.604600 0.142600 0.764000 0.729300 0.764000 0.624700 0.624700 0.717400 0.840000 0.631600 0.949800 0.864400 0.401000 0.764000 0.142600 0.377000 0.764000 0.705300 0.764000 0.864400 0.635700 0.972500 0.265800 0.624700 0.791700 0.764000 0.886900 0.754900 0.764000 0.828200 0.746500 0.264200 0.000000 0.705300 0.269400 0.262900 0.754900 0.283500 0.723700 0.624700 0.401000 0.613000 0.972500 0.864400
ThomsonGaz 0.262100 0.563000 0.675000 0.518500 0.329200 0.262100 0.262100 0.180500 0.675000 0.660600 0.262100 0.475600 0.262100 0.180500 0.180500 0.254900 0.550100 0.401900 0.351200 0.559400 0.276700 0.262100 0.660600 0.874200 0.262100 0.000000 0.262100 0.559400 0.445000 0.633900 0.763600 0.180500 0.638300 0.262100 0.338500 0.484400 0.262100 0.329200 0.260400 0.757300 0.705300 0.000000 0.778900 0.755500 0.484400 0.428100 0.159400 0.180500 0.276700 0.396200 0.633900 0.559400
MuntiacusC 0.328700 0.936700 0.278900 0.788600 0.407300 0.328700 0.328700 0.525000 0.278900 0.120100 0.328700 0.620500 0.328700 0.525000 0.525000 0.611000 0.410300 0.228100 0.442900 0.417500 0.341800 0.328700 0.120100 0.096700 0.328700 0.778900 0.328700 0.417500 0.547500 0.505000 0.226500 0.525000 0.666200 0.328700 0.423300 0.327600 0.328700 0.407300 0.632400 0.225400 0.269400 0.778900 0.000000 0.224300 0.327600 0.239400 0.799200 0.525000 0.341800 0.517600 0.505000 0.417500
WhiteTaile 0.625300 0.904500 0.274600 0.767800 0.690800 0.625300 0.625300 0.511100 0.274600 0.117600 0.625300 0.315200 0.625300 0.511100 0.511100 0.595200 0.699100 0.515400 0.770400 0.410400 0.334800 0.625300 0.117600 0.095100 0.625300 0.755500 0.625300 0.410400 0.535600 0.497600 0.222100 0.511100 0.646800 0.625300 0.729500 0.620500 0.625300 0.690800 0.615300 0.221100 0.262900 0.755500 0.224300 0.000000 0.620500 0.234400 0.774000 0.511100 0.334800 0.504300 0.497600 0.410400
Cattle 0.174200 0.588700 0.153800 0.817500 0.246700 0.174200 0.174200 0.298400 0.153800 0.521400 0.174200 0.169700 0.174200 0.298400 0.298400 0.374300 0.075200 0.090500 0.262300 0.076000 0.407700 0.174200 0.521400 0.417500 0.174200 0.484400 0.174200 0.076000 0.595300 0.147400 0.319900 0.298400 0.278400 0.174200 0.076500 0.000000 0.174200 0.246700 0.171200 0.622700 0.754900 0.484400 0.327600 0.620500 0.000000 0.318300 0.261200 0.298400 0.407700 0.296300 0.147400 0.076000
RoyalAntel 0.319300 0.535400 0.272800 0.474000 0.393300 0.319300 0.319300 0.222100 0.272800 0.126300 0.319300 0.312300 0.319300 0.222100 0.222100 0.308000 0.395800 0.223500 0.427800 0.402500 0.100900 0.319300 0.126300 0.337000 0.319300 0.428100 0.319300 0.402500 0.285100 0.482900 0.236900 0.222100 0.332000 0.319300 0.407700 0.318300 0.319300 0.393300 0.316300 0.235600 0.283500 0.428100 0.239400 0.234400 0.318300 0.000000 0.435000 0.222100 0.100900 0.220400 0.482900 0.402500
Steenbok 0.264900 0.571900 0.429600 0.525800 0.332700 0.264900 0.264900 0.182400 0.429600 0.676300 0.264900 0.257500 0.264900 0.182400 0.182400 0.257600 0.330600 0.407700 0.355400 0.335000 0.280000 0.264900 0.676300 0.898300 0.264900 0.159400 0.264900 0.335000 0.451000 0.407100 0.436800 0.182400 0.378500 0.264900 0.154400 0.261200 0.264900 0.332700 0.079500 0.775800 0.723700 0.159400 0.799200 0.774000 0.261200 0.435000 0.000000 0.182400 0.280000 0.401800 0.407100 0.335000
Impala 0.090200 0.502600 0.487300 0.458100 0.169400 0.090200 0.090200 0.000000 0.487300 0.406600 0.090200 0.293300 0.090200 0.000000 0.000000 0.087800 0.374300 0.207900 0.180400 0.380000 0.095500 0.090200 0.406600 0.625300 0.090200 0.180500 0.090200 0.380000 0.272900 0.458900 0.517000 0.000000 0.434300 0.090200 0.173500 0.298400 0.090200 0.169400 0.089700 0.513300 0.624700 0.180500 0.525000 0.511100 0.298400 0.222100 0.182400 0.000000 0.095500 0.205400 0.458900 0.380000
Klipspring 0.183500 0.623100 0.350500 0.333100 0.257800 0.183500 0.183500 0.095500 0.350500 0.237800 0.183500 0.400100 0.183500 0.095500 0.095500 0.178400 0.479100 0.319300 0.275800 0.487300 0.000000 0.183500 0.237800 0.431800 0.183500 0.276700 0.183500 0.487300 0.166700 0.565000 0.338100 0.095500 0.424800 0.183500 0.264900 0.407700 0.183500 0.257800 0.182400 0.336300 0.401000 0.276700 0.341800 0.334800 0.407700 0.100900 0.280000 0.095500 0.000000 0.314800 0.565000 0.487300
ForestMusk 0.297000 0.497700 0.482900 0.450500 0.369500 0.297000 0.297000 0.205400 0.482900 0.401400 0.297000 0.291300 0.297000 0.205400 0.205400 0.287600 0.371600 0.206500 0.398500 0.377300 0.314800 0.297000 0.401400 0.615900 0.297000 0.396200 0.297000 0.377300 0.503600 0.455300 0.509900 0.205400 0.430000 0.297000 0.381700 0.296300 0.297000 0.369500 0.294700 0.506400 0.613000 0.396200 0.517600 0.504300 0.296300 0.220400 0.401800 0.205400 0.314800 0.000000 0.455300 0.377300
Bushbuck 0.324700 0.740100 0.134300 0.976300 0.387100 0.324700 0.324700 0.458900 0.134300 0.717400 0.324700 0.146000 0.324700 0.458900 0.458900 0.524900 0.212700 0.249700 0.410400 0.066500 0.565000 0.324700 0.717400 0.347900 0.324700 0.633900 0.324700 0.066500 0.494700 0.000000 0.494500 0.458900 0.432800 0.324700 0.216300 0.147400 0.324700 0.387100 0.319800 0.493500 0.972500 0.633900 0.505000 0.497600 0.147400 0.482900 0.407100 0.458900 0.565000 0.455300 0.000000 0.066500
GreaterKud 0.250800 0.664200 0.068800 0.896000 0.317600 0.250800 0.250800 0.380000 0.068800 0.620500 0.250800 0.075100 0.250800 0.380000 0.380000 0.450200 0.145300 0.172600 0.337000 0.000000 0.487300 0.250800 0.620500 0.268000 0.250800 0.559400 0.250800 0.000000 0.671900 0.066500 0.408300 0.380000 0.356500 0.250800 0.147700 0.076000 0.250800 0.317600 0.246800 0.717400 0.864400 0.559400 0.417500 0.410400 0.076000 0.402500 0.335000 0.380000 0.487300 0.377300 0.066500 0.000000
