1
52 1
Argali 0.000000 0.073100 0.037600 0.072300 0.021800 0.003200 0.025600 0.024000 0.036500 0.042000 0.012000 0.028500 0.022900 0.026700 0.034500 0.024000 0.027300 0.029500 0.014100 0.038700 0.020700 0.010900 0.043300 0.039700 0.012000 0.024300 0.022900 0.038700 0.027400 0.038700 0.044300 0.027900 0.035400 0.021800 0.022900 0.026200 0.009800 0.021800 0.026300 0.044500 0.039900 0.023100 0.042000 0.038400 0.024000 0.022000 0.030700 0.025100 0.027400 0.029500 0.037600 0.037600
LesserMous 0.073100 0.000000 0.089200 0.080300 0.073900 0.076700 0.081100 0.077900 0.089100 0.080900 0.073100 0.080400 0.076800 0.082300 0.086800 0.080300 0.063100 0.063100 0.076500 0.089000 0.074300 0.073300 0.080900 0.074600 0.073300 0.077000 0.079300 0.090200 0.084000 0.090200 0.085800 0.083600 0.071800 0.078200 0.080700 0.079800 0.072000 0.070300 0.076800 0.077300 0.080900 0.074300 0.080800 0.076100 0.076500 0.077000 0.081800 0.075100 0.084100 0.069100 0.086600 0.089000
LesserKudu 0.037600 0.089200 0.000000 0.090700 0.035200 0.041000 0.037700 0.035500 0.005400 0.059400 0.036500 0.026700 0.035200 0.038900 0.049100 0.036600 0.043100 0.045300 0.038700 0.005400 0.035600 0.035400 0.059400 0.053500 0.036500 0.036700 0.035300 0.005400 0.042300 0.005400 0.061800 0.040000 0.049400 0.034200 0.038600 0.025200 0.034300 0.035200 0.035600 0.057900 0.057100 0.036600 0.059400 0.052200 0.021900 0.035300 0.039000 0.036400 0.041000 0.046500 0.004300 0.004300
KillerWhal 0.072300 0.080300 0.090700 0.000000 0.072000 0.075900 0.078300 0.077900 0.089200 0.077600 0.074600 0.079500 0.076900 0.080500 0.089700 0.080200 0.061700 0.060200 0.078100 0.091800 0.074300 0.074700 0.084900 0.082800 0.076000 0.080200 0.077000 0.091700 0.081400 0.089300 0.083000 0.079500 0.068800 0.075800 0.076100 0.078100 0.073600 0.072000 0.080600 0.087300 0.085000 0.077800 0.077600 0.081600 0.075900 0.077300 0.082600 0.076100 0.083100 0.066100 0.090600 0.090600
DefassaWat 0.021800 0.073900 0.035200 0.072000 0.000000 0.022900 0.026300 0.023900 0.034100 0.045900 0.020700 0.026100 0.020600 0.027400 0.033000 0.023900 0.029400 0.031600 0.022800 0.036300 0.022800 0.019600 0.045100 0.041300 0.020700 0.023900 0.020600 0.036300 0.029500 0.036300 0.048300 0.028500 0.035300 0.017400 0.025000 0.023900 0.018500 0.008600 0.026200 0.044500 0.042800 0.022800 0.045900 0.040100 0.021700 0.021700 0.030600 0.022800 0.025100 0.033900 0.035200 0.035200
Sheep 0.003200 0.076700 0.041000 0.075900 0.022900 0.000000 0.029000 0.027300 0.039900 0.045500 0.013100 0.031800 0.026200 0.030100 0.037900 0.027400 0.030600 0.032800 0.017400 0.042100 0.024000 0.011900 0.046900 0.043100 0.013100 0.027600 0.026300 0.042100 0.028500 0.042100 0.047800 0.031300 0.038800 0.025200 0.026200 0.029600 0.008700 0.025100 0.029600 0.048000 0.043400 0.026500 0.045500 0.041900 0.027400 0.025300 0.034100 0.028500 0.026300 0.032900 0.041000 0.041000
MaxwellsDu 0.025600 0.081100 0.037700 0.078300 0.026300 0.029000 0.000000 0.026300 0.036600 0.045400 0.024200 0.028600 0.025200 0.009800 0.039100 0.026300 0.031800 0.033300 0.026600 0.038800 0.024100 0.024200 0.044500 0.040700 0.025300 0.026600 0.025200 0.038800 0.029700 0.038800 0.047700 0.015300 0.038200 0.024100 0.025200 0.026300 0.023100 0.026300 0.028600 0.046300 0.042200 0.026300 0.045400 0.039400 0.024100 0.023000 0.033100 0.025200 0.029800 0.035000 0.037700 0.037700
GazellaPrz 0.024000 0.077900 0.035500 0.077900 0.023900 0.027300 0.026300 0.000000 0.033200 0.048200 0.023200 0.026200 0.020600 0.027400 0.035800 0.013000 0.031600 0.033800 0.022900 0.034400 0.011900 0.019600 0.047300 0.040400 0.022900 0.013000 0.020700 0.034300 0.018500 0.034300 0.050600 0.028500 0.040000 0.019600 0.025100 0.024000 0.020700 0.023900 0.015200 0.045700 0.045000 0.013000 0.048200 0.041400 0.019500 0.018400 0.021800 0.025100 0.028700 0.029800 0.033200 0.033200
MountainNy 0.036500 0.089100 0.005400 0.089200 0.034100 0.039900 0.036600 0.033200 0.000000 0.058200 0.035400 0.027800 0.032700 0.037700 0.047900 0.033300 0.042000 0.044200 0.037500 0.004300 0.032100 0.032000 0.058300 0.050000 0.035400 0.033300 0.032500 0.004300 0.038900 0.004300 0.060700 0.038900 0.048100 0.030600 0.037500 0.025200 0.033100 0.034100 0.033300 0.058000 0.056000 0.033200 0.058300 0.051100 0.023000 0.031900 0.035600 0.035300 0.040500 0.046500 0.003200 0.003200
MuntiacusM 0.042000 0.080900 0.059400 0.077600 0.045900 0.045500 0.045400 0.048200 0.058200 0.000000 0.044900 0.044800 0.047100 0.045400 0.056900 0.048300 0.036400 0.036400 0.045300 0.060600 0.042500 0.043700 0.024300 0.022000 0.044900 0.048300 0.047200 0.059400 0.047100 0.060600 0.006600 0.048300 0.046200 0.046000 0.047100 0.044500 0.042600 0.043600 0.048300 0.025300 0.022000 0.048200 0.000000 0.023100 0.042900 0.044800 0.050600 0.044400 0.049500 0.041600 0.059500 0.059400
goat 0.012000 0.073100 0.036500 0.074600 0.020700 0.013100 0.024200 0.023200 0.035400 0.044900 0.000000 0.027400 0.019600 0.025300 0.035700 0.022900 0.028400 0.030600 0.015200 0.036500 0.017400 0.009800 0.044000 0.040300 0.004300 0.021000 0.021800 0.037600 0.024100 0.037600 0.047300 0.027500 0.036600 0.020800 0.024100 0.022900 0.006500 0.020700 0.025200 0.044700 0.040500 0.017600 0.044900 0.039000 0.022900 0.021100 0.029600 0.024000 0.024100 0.030700 0.034200 0.036500
AfricanBuf 0.028500 0.080400 0.026700 0.079500 0.026100 0.031800 0.028600 0.026200 0.027800 0.044800 0.027400 0.000000 0.027300 0.029700 0.039800 0.028400 0.030800 0.032900 0.026200 0.030000 0.027300 0.026300 0.047100 0.041400 0.027400 0.028400 0.027300 0.030000 0.031800 0.030000 0.047200 0.028600 0.036700 0.026200 0.029500 0.009700 0.025200 0.026200 0.030700 0.047000 0.044800 0.028400 0.044800 0.040100 0.007600 0.025300 0.035100 0.025100 0.031800 0.032800 0.028900 0.028900
Topi 0.022900 0.076800 0.035200 0.076900 0.020600 0.026200 0.025200 0.020600 0.032700 0.047100 0.019600 0.027300 0.000000 0.026300 0.035600 0.020600 0.031000 0.033200 0.024000 0.033200 0.019600 0.018500 0.046200 0.040200 0.019600 0.018500 0.006500 0.034300 0.026200 0.034700 0.049500 0.027400 0.038800 0.006500 0.017400 0.022900 0.019600 0.022800 0.022900 0.046900 0.043900 0.018400 0.047100 0.041200 0.022900 0.016300 0.027300 0.024000 0.026200 0.035000 0.030700 0.033200
CommonDuik 0.026700 0.082300 0.038900 0.080500 0.027400 0.030100 0.009800 0.027400 0.037700 0.045400 0.025300 0.029700 0.026300 0.000000 0.040300 0.027500 0.033000 0.034500 0.027800 0.040000 0.024100 0.025300 0.044500 0.040700 0.026400 0.027700 0.026400 0.040000 0.030800 0.040000 0.047800 0.014200 0.039300 0.025300 0.026300 0.027500 0.024200 0.027400 0.029700 0.046300 0.042200 0.027400 0.045400 0.039500 0.025200 0.024500 0.032000 0.025800 0.028700 0.034200 0.038900 0.038800
Suni 0.034500 0.086800 0.049100 0.089700 0.033000 0.037900 0.039100 0.035800 0.047900 0.056900 0.035700 0.039800 0.035600 0.040300 0.000000 0.035800 0.040800 0.043000 0.037800 0.050200 0.034700 0.033600 0.054600 0.051000 0.035700 0.035900 0.035600 0.050200 0.041500 0.050200 0.059300 0.041500 0.045800 0.034500 0.035600 0.035300 0.031100 0.033000 0.037100 0.056900 0.052300 0.034700 0.056900 0.047400 0.035200 0.032200 0.041700 0.029700 0.033400 0.043100 0.049100 0.049000
Springbuck 0.024000 0.080300 0.036600 0.080200 0.023900 0.027400 0.026300 0.013000 0.033300 0.048300 0.022900 0.028400 0.020600 0.027500 0.035800 0.000000 0.031700 0.033800 0.025100 0.035500 0.011900 0.019600 0.045100 0.040500 0.023000 0.013000 0.020700 0.035500 0.009700 0.035500 0.050700 0.028600 0.039900 0.019600 0.025100 0.026200 0.020700 0.023900 0.015200 0.048000 0.045100 0.013000 0.048300 0.041500 0.024000 0.018500 0.021800 0.022900 0.028700 0.036200 0.034400 0.034400
Okapi 0.027300 0.063100 0.043100 0.061700 0.029400 0.030600 0.031800 0.031600 0.042000 0.036400 0.028400 0.030800 0.031000 0.033000 0.040800 0.031700 0.000000 0.006400 0.030600 0.044200 0.026100 0.027300 0.038700 0.036400 0.028500 0.031700 0.031100 0.044200 0.035000 0.044200 0.041100 0.034100 0.027500 0.029100 0.032800 0.029400 0.024000 0.029400 0.034000 0.039600 0.038700 0.031600 0.036400 0.032900 0.027200 0.028400 0.038400 0.026100 0.035900 0.022700 0.043100 0.043000
Giraffe 0.029500 0.063100 0.045300 0.060200 0.031600 0.032800 0.033300 0.033800 0.044200 0.036400 0.030600 0.032900 0.033200 0.034500 0.043000 0.033800 0.006400 0.000000 0.032800 0.046400 0.028300 0.029500 0.036400 0.036300 0.030700 0.033800 0.033200 0.046400 0.035000 0.046400 0.041000 0.035600 0.025200 0.031300 0.035000 0.031600 0.026200 0.030500 0.036200 0.039500 0.036400 0.033800 0.036400 0.032900 0.029400 0.030500 0.040600 0.026100 0.038100 0.022700 0.045300 0.045300
TibetanAnt 0.014100 0.076500 0.038700 0.078100 0.022800 0.017400 0.026600 0.022900 0.037500 0.045300 0.015200 0.026200 0.024000 0.027800 0.037800 0.025100 0.030600 0.032800 0.000000 0.039800 0.021800 0.014100 0.044300 0.040700 0.015200 0.025300 0.024000 0.039800 0.028400 0.039700 0.047600 0.027800 0.039900 0.022900 0.026200 0.025100 0.013000 0.022900 0.027400 0.045100 0.040900 0.024200 0.045300 0.040500 0.022900 0.023100 0.031000 0.026200 0.027600 0.030600 0.038600 0.038600
Sitatunga 0.038700 0.089000 0.005400 0.091800 0.036300 0.042100 0.038800 0.034400 0.004300 0.060600 0.036500 0.030000 0.033200 0.040000 0.050200 0.035500 0.044200 0.046400 0.039800 0.000000 0.034400 0.034200 0.060700 0.052400 0.036500 0.034400 0.034200 0.004300 0.041200 0.004300 0.063100 0.041100 0.049400 0.033100 0.039800 0.027400 0.035400 0.036300 0.034400 0.059200 0.058300 0.034300 0.060600 0.053400 0.024100 0.034200 0.037800 0.037500 0.042200 0.047700 0.002200 0.003200
Oribi 0.020700 0.074300 0.035600 0.074300 0.022800 0.024000 0.024100 0.011900 0.032100 0.042500 0.017400 0.027300 0.019600 0.024100 0.034700 0.011900 0.026100 0.028300 0.021800 0.034400 0.000000 0.016300 0.040200 0.034700 0.019600 0.011900 0.019600 0.034400 0.015200 0.034400 0.044900 0.027400 0.036500 0.018500 0.024000 0.025100 0.017400 0.022800 0.014100 0.042300 0.039300 0.011900 0.042500 0.035800 0.022900 0.017400 0.018500 0.024000 0.027600 0.032800 0.033300 0.033300
BarbaryShe 0.010900 0.073300 0.035400 0.074700 0.019600 0.011900 0.024200 0.019600 0.032000 0.043700 0.009800 0.026300 0.018500 0.025300 0.033600 0.019600 0.027300 0.029500 0.014100 0.034200 0.016300 0.000000 0.042800 0.036800 0.009800 0.019800 0.018500 0.034200 0.023000 0.034200 0.046100 0.026400 0.035400 0.017400 0.022900 0.024000 0.005400 0.019600 0.021100 0.043500 0.039300 0.018700 0.043700 0.037900 0.021800 0.016600 0.025600 0.022900 0.023000 0.031800 0.033100 0.033100
Daviddeer 0.043300 0.080900 0.059400 0.084900 0.045100 0.046900 0.044500 0.047300 0.058300 0.024300 0.044000 0.047100 0.046200 0.044500 0.054600 0.045100 0.038700 0.036400 0.044300 0.060700 0.040200 0.042800 0.000000 0.022000 0.044000 0.047400 0.046300 0.059400 0.048500 0.060600 0.026500 0.047400 0.046300 0.044400 0.048600 0.044600 0.041700 0.042800 0.043900 0.027500 0.006500 0.047300 0.024300 0.023100 0.042900 0.044000 0.047700 0.039700 0.048700 0.039400 0.059500 0.059400
Reindeer 0.039700 0.074600 0.053500 0.082800 0.041300 0.043100 0.040700 0.040400 0.050000 0.022000 0.040300 0.041400 0.040200 0.040700 0.051000 0.040500 0.036400 0.036300 0.040700 0.052400 0.034700 0.036800 0.022000 0.000000 0.040300 0.040500 0.040200 0.051200 0.043900 0.052300 0.024400 0.043500 0.043900 0.039100 0.044800 0.039900 0.038000 0.039000 0.040500 0.016400 0.019800 0.040400 0.022000 0.009800 0.038300 0.038000 0.042800 0.039700 0.043800 0.039300 0.051200 0.051200
Ibex 0.012000 0.073300 0.036500 0.076000 0.020700 0.013100 0.025300 0.022900 0.035400 0.044900 0.004300 0.027400 0.019600 0.026400 0.035700 0.023000 0.028500 0.030700 0.015200 0.036500 0.019600 0.009800 0.044000 0.040300 0.000000 0.021000 0.021900 0.037600 0.024100 0.037600 0.047300 0.027600 0.036600 0.020800 0.024100 0.023000 0.006500 0.020700 0.025200 0.044700 0.040600 0.017600 0.044900 0.039100 0.023000 0.021100 0.029700 0.024100 0.024100 0.032900 0.034300 0.036500
GyrantGaze 0.024300 0.077000 0.036700 0.080200 0.023900 0.027600 0.026600 0.013000 0.033300 0.048300 0.021000 0.028400 0.018500 0.027700 0.035900 0.013000 0.031700 0.033800 0.025300 0.034400 0.011900 0.019800 0.047400 0.040500 0.021000 0.000000 0.020700 0.035500 0.018500 0.035500 0.050700 0.028800 0.039900 0.019600 0.025300 0.026200 0.021000 0.023900 0.017400 0.048000 0.045100 0.006600 0.048300 0.041500 0.024000 0.018500 0.021800 0.025300 0.028700 0.036200 0.032100 0.034400
Hartebeest 0.022900 0.079300 0.035300 0.077000 0.020600 0.026300 0.025200 0.020700 0.032500 0.047200 0.021800 0.027300 0.006500 0.026400 0.035600 0.020700 0.031100 0.033200 0.024000 0.034200 0.019600 0.018500 0.046300 0.040200 0.021900 0.020700 0.000000 0.034100 0.026200 0.034600 0.049600 0.027500 0.038800 0.006500 0.017400 0.022900 0.019600 0.022900 0.022900 0.046900 0.044000 0.020700 0.047200 0.041300 0.022900 0.016300 0.027300 0.024000 0.026300 0.035100 0.033000 0.033000
Bongo 0.038700 0.090200 0.005400 0.091700 0.036300 0.042100 0.038800 0.034300 0.004300 0.059400 0.037600 0.030000 0.034300 0.040000 0.050200 0.035500 0.044200 0.046400 0.039800 0.004300 0.034400 0.034200 0.059400 0.051200 0.037600 0.035500 0.034100 0.000000 0.041100 0.004300 0.061800 0.041100 0.050500 0.033000 0.039700 0.027400 0.035400 0.036300 0.034400 0.058000 0.057100 0.035400 0.059400 0.052200 0.024100 0.034100 0.037800 0.037500 0.042100 0.047600 0.003200 0.003200
Gerenuk 0.027400 0.084000 0.042300 0.081400 0.029500 0.028500 0.029700 0.018500 0.038900 0.047100 0.024100 0.031800 0.026200 0.030800 0.041500 0.009700 0.035000 0.035000 0.028400 0.041200 0.015200 0.023000 0.048500 0.043900 0.024100 0.018500 0.026200 0.041100 0.000000 0.041200 0.049500 0.031900 0.045600 0.025100 0.028400 0.031800 0.021900 0.029500 0.022900 0.051500 0.046200 0.018500 0.047100 0.044900 0.029500 0.024000 0.027300 0.028400 0.032100 0.039600 0.040100 0.040000
CommonElan 0.038700 0.090200 0.005400 0.089300 0.036300 0.042100 0.038800 0.034300 0.004300 0.060600 0.037600 0.030000 0.034700 0.040000 0.050200 0.035500 0.044200 0.046400 0.039700 0.004300 0.034400 0.034200 0.060600 0.052300 0.037600 0.035500 0.034600 0.004300 0.041200 0.000000 0.063000 0.041100 0.050800 0.033500 0.037900 0.027400 0.035400 0.036300 0.034400 0.059100 0.058300 0.035400 0.060600 0.053600 0.024100 0.034100 0.037800 0.038100 0.042100 0.047600 0.003200 0.001100
MuntiacusR 0.044300 0.085800 0.061800 0.083000 0.048300 0.047800 0.047700 0.050600 0.060700 0.006600 0.047300 0.047200 0.049500 0.047800 0.059300 0.050700 0.041100 0.041000 0.047600 0.063100 0.044900 0.046100 0.026500 0.024400 0.047300 0.050700 0.049600 0.061800 0.049500 0.063000 0.000000 0.050700 0.048600 0.048400 0.049500 0.046900 0.045000 0.046000 0.050700 0.027600 0.024300 0.050600 0.006600 0.025400 0.045300 0.047200 0.053400 0.046700 0.051900 0.043900 0.061900 0.061800
HarveysDui 0.027900 0.083600 0.040000 0.079500 0.028500 0.031300 0.015300 0.028500 0.038900 0.048300 0.027500 0.028600 0.027400 0.014200 0.041500 0.028600 0.034100 0.035600 0.027800 0.041100 0.027400 0.026400 0.047400 0.043500 0.027600 0.028800 0.027500 0.041100 0.031900 0.041100 0.050700 0.000000 0.039300 0.026400 0.027400 0.028600 0.025300 0.028500 0.030900 0.049100 0.045000 0.028600 0.048200 0.042300 0.026300 0.025200 0.035300 0.027500 0.029800 0.033800 0.040000 0.040000
Pronghorn 0.035400 0.071800 0.049400 0.068800 0.035300 0.038800 0.038200 0.040000 0.048100 0.046200 0.036600 0.036700 0.038800 0.039300 0.045800 0.039900 0.027500 0.025200 0.039900 0.049400 0.036500 0.035400 0.046300 0.043900 0.036600 0.039900 0.038800 0.050500 0.045600 0.050800 0.048600 0.039300 0.000000 0.037700 0.041100 0.037700 0.034300 0.034200 0.042500 0.049700 0.046300 0.039900 0.046200 0.042600 0.035500 0.036500 0.044500 0.034300 0.043400 0.032100 0.049400 0.049400
BlueWildeb 0.021800 0.078200 0.034200 0.075800 0.017400 0.025200 0.024100 0.019600 0.030600 0.046000 0.020800 0.026200 0.006500 0.025300 0.034500 0.019600 0.029100 0.031300 0.022900 0.033100 0.018500 0.017400 0.044400 0.039100 0.020800 0.019600 0.006500 0.033000 0.025100 0.033500 0.048400 0.026400 0.037700 0.000000 0.016300 0.021800 0.018600 0.019600 0.021800 0.045800 0.042100 0.018500 0.046000 0.040200 0.021800 0.015200 0.026200 0.022900 0.026300 0.034000 0.031900 0.031900
Gemsbok 0.022900 0.080700 0.038600 0.076100 0.025000 0.026200 0.025200 0.025100 0.037500 0.047100 0.024100 0.029500 0.017400 0.026300 0.035600 0.025100 0.032800 0.035000 0.026200 0.039800 0.024000 0.022900 0.048600 0.044800 0.024100 0.025300 0.017400 0.039700 0.028400 0.037900 0.049500 0.027400 0.041100 0.016300 0.000000 0.025100 0.021800 0.025000 0.025100 0.049200 0.046300 0.025100 0.047100 0.043600 0.025100 0.020800 0.031800 0.026200 0.028500 0.037300 0.038600 0.036400
Yak 0.026200 0.079800 0.025200 0.078100 0.023900 0.029600 0.026300 0.024000 0.025200 0.044500 0.022900 0.009700 0.022900 0.027500 0.035300 0.026200 0.029400 0.031600 0.025100 0.027400 0.025100 0.024000 0.044600 0.039900 0.023000 0.026200 0.022900 0.027400 0.031800 0.027400 0.046900 0.028600 0.037700 0.021800 0.025100 0.000000 0.023000 0.024000 0.028500 0.045500 0.042300 0.024000 0.044500 0.038600 0.004300 0.021000 0.032900 0.022900 0.029600 0.031700 0.026300 0.026300
BlueSheep 0.009800 0.072000 0.034300 0.073600 0.018500 0.008700 0.023100 0.020700 0.033100 0.042600 0.006500 0.025200 0.019600 0.024200 0.031100 0.020700 0.024000 0.026200 0.013000 0.035400 0.017400 0.005400 0.041700 0.038000 0.006500 0.021000 0.019600 0.035400 0.021900 0.035400 0.045000 0.025300 0.034300 0.018600 0.021800 0.023000 0.000000 0.018500 0.023000 0.042400 0.038200 0.019800 0.042600 0.034500 0.020700 0.018500 0.027400 0.019600 0.019700 0.028500 0.034300 0.034200
BohorReedb 0.021800 0.070300 0.035200 0.072000 0.008600 0.025100 0.026300 0.023900 0.034100 0.043600 0.020700 0.026200 0.022800 0.027400 0.033000 0.023900 0.029400 0.030500 0.022900 0.036300 0.022800 0.019600 0.042800 0.039000 0.020700 0.023900 0.022900 0.036300 0.029500 0.036300 0.046000 0.028500 0.034200 0.019600 0.025000 0.024000 0.018500 0.000000 0.024000 0.043400 0.040600 0.022800 0.043600 0.037800 0.021700 0.021700 0.028400 0.022800 0.025100 0.031600 0.035200 0.035200
KirksDik 0.026300 0.076800 0.035600 0.080600 0.026200 0.029600 0.028600 0.015200 0.033300 0.048300 0.025200 0.030700 0.022900 0.029700 0.037100 0.015200 0.034000 0.036200 0.027400 0.034400 0.014100 0.021100 0.043900 0.040500 0.025200 0.017400 0.022900 0.034400 0.022900 0.034400 0.050700 0.030900 0.042500 0.021800 0.025100 0.028500 0.023000 0.024000 0.000000 0.045800 0.045200 0.017400 0.048300 0.041500 0.024000 0.018500 0.015200 0.025100 0.031000 0.034000 0.033300 0.033300
RoeDeer 0.044500 0.077300 0.057900 0.087300 0.044500 0.048000 0.046300 0.045700 0.058000 0.025300 0.044700 0.047000 0.046900 0.046300 0.056900 0.048000 0.039600 0.039500 0.045100 0.059200 0.042300 0.043500 0.027500 0.016400 0.044700 0.048000 0.046900 0.058000 0.051500 0.059100 0.027600 0.049100 0.049700 0.045800 0.049200 0.045500 0.042400 0.043400 0.045800 0.000000 0.025300 0.048000 0.025300 0.017400 0.041500 0.043400 0.050400 0.045400 0.050500 0.041500 0.058000 0.058000
WhiteLippe 0.039900 0.080900 0.057100 0.085000 0.042800 0.043400 0.042200 0.045000 0.056000 0.022000 0.040500 0.044800 0.043900 0.042200 0.052300 0.045100 0.038700 0.036400 0.040900 0.058300 0.039300 0.039300 0.006500 0.019800 0.040600 0.045100 0.044000 0.057100 0.046200 0.058300 0.024300 0.045000 0.046300 0.042100 0.046300 0.042300 0.038200 0.040600 0.045200 0.025300 0.000000 0.045000 0.022000 0.020900 0.040600 0.041700 0.045100 0.039800 0.046400 0.039400 0.057100 0.057100
ThomsonGaz 0.023100 0.074300 0.036600 0.077800 0.022800 0.026500 0.026300 0.013000 0.033200 0.048200 0.017600 0.028400 0.018400 0.027400 0.034700 0.013000 0.031600 0.033800 0.024200 0.034300 0.011900 0.018700 0.047300 0.040400 0.017600 0.006600 0.020700 0.035400 0.018500 0.035400 0.050600 0.028600 0.039900 0.018500 0.025100 0.024000 0.019800 0.022800 0.017400 0.048000 0.045000 0.000000 0.048200 0.041400 0.024000 0.018800 0.021800 0.025100 0.027600 0.036100 0.032100 0.034300
MuntiacusC 0.042000 0.080800 0.059400 0.077600 0.045900 0.045500 0.045400 0.048200 0.058300 0.000000 0.044900 0.044800 0.047100 0.045400 0.056900 0.048300 0.036400 0.036400 0.045300 0.060600 0.042500 0.043700 0.024300 0.022000 0.044900 0.048300 0.047200 0.059400 0.047100 0.060600 0.006600 0.048200 0.046200 0.046000 0.047100 0.044500 0.042600 0.043600 0.048300 0.025300 0.022000 0.048200 0.000000 0.023100 0.042900 0.044800 0.050600 0.044400 0.049500 0.041600 0.059500 0.059400
WhiteTaile 0.038400 0.076100 0.052200 0.081600 0.040100 0.041900 0.039400 0.041400 0.051100 0.023100 0.039000 0.040100 0.041200 0.039500 0.047400 0.041500 0.032900 0.032900 0.040500 0.053400 0.035800 0.037900 0.023100 0.009800 0.039100 0.041500 0.041300 0.052200 0.044900 0.053600 0.025400 0.042300 0.042600 0.040200 0.043600 0.038600 0.034500 0.037800 0.041500 0.017400 0.020900 0.041400 0.023100 0.000000 0.037000 0.039000 0.043800 0.036100 0.042500 0.035800 0.052300 0.052200
Cattle 0.024000 0.076500 0.021900 0.075900 0.021700 0.027400 0.024100 0.019500 0.023000 0.042900 0.022900 0.007600 0.022900 0.025200 0.035200 0.024000 0.027200 0.029400 0.022900 0.024100 0.022900 0.021800 0.042900 0.038300 0.023000 0.024000 0.022900 0.024100 0.029500 0.024100 0.045300 0.026300 0.035500 0.021800 0.025100 0.004300 0.020700 0.021700 0.024000 0.041500 0.040600 0.024000 0.042900 0.037000 0.000000 0.020700 0.030600 0.020700 0.027400 0.027200 0.023000 0.023000
RoyalAntel 0.022000 0.077000 0.035300 0.077300 0.021700 0.025300 0.023000 0.018400 0.031900 0.044800 0.021100 0.025300 0.016300 0.024500 0.032200 0.018500 0.028400 0.030500 0.023100 0.034200 0.017400 0.016600 0.044000 0.038000 0.021100 0.018500 0.016300 0.034100 0.024000 0.034100 0.047200 0.025200 0.036500 0.015200 0.020800 0.021000 0.018500 0.021700 0.018500 0.043400 0.041700 0.018800 0.044800 0.039000 0.020700 0.000000 0.022900 0.019600 0.026300 0.032800 0.033000 0.033000
Steenbok 0.030700 0.081800 0.039000 0.082600 0.030600 0.034100 0.033100 0.021800 0.035600 0.050600 0.029600 0.035100 0.027300 0.032000 0.041700 0.021800 0.038400 0.040600 0.031000 0.037800 0.018500 0.025600 0.047700 0.042800 0.029700 0.021800 0.027300 0.037800 0.027300 0.037800 0.053400 0.035300 0.044500 0.026200 0.031800 0.032900 0.027400 0.028400 0.015200 0.050400 0.045100 0.021800 0.050600 0.043800 0.030600 0.022900 0.000000 0.030900 0.034400 0.040700 0.036700 0.036700
Impala 0.025100 0.075100 0.036400 0.076100 0.022800 0.028500 0.025200 0.025100 0.035300 0.044400 0.024000 0.025100 0.024000 0.025800 0.029700 0.022900 0.026100 0.026100 0.026200 0.037500 0.024000 0.022900 0.039700 0.039700 0.024100 0.025300 0.024000 0.037500 0.028400 0.038100 0.046700 0.027500 0.034300 0.022900 0.026200 0.022900 0.019600 0.022800 0.025100 0.045400 0.039800 0.025100 0.044400 0.036100 0.020700 0.019600 0.030900 0.000000 0.028500 0.028400 0.036400 0.036400
Klipspring 0.027400 0.084100 0.041000 0.083100 0.025100 0.026300 0.029800 0.028700 0.040500 0.049500 0.024100 0.031800 0.026200 0.028700 0.033400 0.028700 0.035900 0.038100 0.027600 0.042200 0.027600 0.023000 0.048700 0.043800 0.024100 0.028700 0.026300 0.042100 0.032100 0.042100 0.051900 0.029800 0.043400 0.026300 0.028500 0.029600 0.019700 0.025100 0.031000 0.050500 0.046400 0.027600 0.049500 0.042500 0.027400 0.026300 0.034400 0.028500 0.000000 0.039600 0.041000 0.041000
ForestMusk 0.029500 0.069100 0.046500 0.066100 0.033900 0.032900 0.035000 0.029800 0.046500 0.041600 0.030700 0.032800 0.035000 0.034200 0.043100 0.036200 0.022700 0.022700 0.030600 0.047700 0.032800 0.031800 0.039400 0.039300 0.032900 0.036200 0.035100 0.047600 0.039600 0.047600 0.043900 0.033800 0.032100 0.034000 0.037300 0.031700 0.028500 0.031600 0.034000 0.041500 0.039400 0.036100 0.041600 0.035800 0.027200 0.032800 0.040700 0.028400 0.039600 0.000000 0.046500 0.046500
Bushbuck 0.037600 0.086600 0.004300 0.090600 0.035200 0.041000 0.037700 0.033200 0.003200 0.059500 0.034200 0.028900 0.030700 0.038900 0.049100 0.034400 0.043100 0.045300 0.038600 0.002200 0.033300 0.033100 0.059500 0.051200 0.034300 0.032100 0.033000 0.003200 0.040100 0.003200 0.061900 0.040000 0.049400 0.031900 0.038600 0.026300 0.034300 0.035200 0.033300 0.058000 0.057100 0.032100 0.059500 0.052300 0.023000 0.033000 0.036700 0.036400 0.041000 0.046500 0.000000 0.002200
GreaterKud 0.037600 0.089000 0.004300 0.090600 0.035200 0.041000 0.037700 0.033200 0.003200 0.059400 0.036500 0.028900 0.033200 0.038800 0.049000 0.034400 0.043000 0.045300 0.038600 0.003200 0.033300 0.033100 0.059400 0.051200 0.036500 0.034400 0.033000 0.003200 0.040000 0.001100 0.061800 0.040000 0.049400 0.031900 0.036400 0.026300 0.034200 0.035200 0.033300 0.058000 0.057100 0.034300 0.059400 0.052200 0.023000 0.033000 0.036700 0.036400 0.041000 0.046500 0.002200 0.000000
