CODONML (in paml version 4.10.7, June 2023)  /home/rachel/ruminants_paml/6406-phy-tree/ENSBTAT00000012551.fasta.phy
Model: free dN/dS Ratios for branches,  kappa = 2.000 fixed

Codon frequency model: F3x4
ns =  54  ls = 131

Codon usage in sequences
--------------------------------------------------------------------------------------------------------------------------------------
Phe TTT   3   2   3   3   2   2 | Ser TCT   1   1   1   1   1   2 | Tyr TAT   2   2   2   2   2   1 | Cys TGT   1   1   1   1   1   1
    TTC   3   4   3   3   4   4 |     TCC   2   2   2   2   2   1 |     TAC   2   2   2   2   2   3 |     TGC   1   1   1   1   1   1
Leu TTA   1   0   1   0   0   1 |     TCA   2   1   2   1   1   1 | *** TAA   0   0   0   0   0   0 | *** TGA   0   0   0   0   0   0
    TTG   2   3   2   2   4   3 |     TCG   0   1   0   1   1   1 |     TAG   0   0   0   0   0   0 | Trp TGG   0   0   0   0   0   0
--------------------------------------------------------------------------------------------------------------------------------------
Leu CTT   2   2   2   2   3   2 | Pro CCT   2   3   3   2   1   3 | His CAT   0   0   0   0   0   0 | Arg CGT   0   0   0   0   0   0
    CTC   1   1   1   1   1   1 |     CCC   2   1   1   2   2   1 |     CAC   0   0   0   0   0   0 |     CGC   0   0   0   0   0   0
    CTA   1   2   1   2   1   1 |     CCA   2   2   2   2   2   2 | Gln CAA   3   3   3   3   3   3 |     CGA   1   1   1   1   1   1
    CTG   5   4   5   5   3   4 |     CCG   0   0   0   0   1   0 |     CAG   1   1   1   1   1   1 |     CGG   1   1   1   1   1   1
--------------------------------------------------------------------------------------------------------------------------------------
Ile ATT   7   7   7   7   7   7 | Thr ACT   0   0   0   0   0   0 | Asn AAT   5   5   5   5   5   5 | Ser AGT   0   0   0   0   0   0
    ATC   1   1   1   1   1   1 |     ACC   2   2   2   2   2   2 |     AAC   2   2   2   2   2   2 |     AGC   1   1   1   1   1   1
    ATA   2   2   2   2   2   2 |     ACA   1   1   1   1   1   1 | Lys AAA   3   3   3   3   3   4 | Arg AGA   1   0   1   1   1   0
Met ATG   4   4   4   4   4   4 |     ACG   0   0   0   0   0   0 |     AAG   5   6   5   5   5   5 |     AGG   1   1   1   1   1   1
--------------------------------------------------------------------------------------------------------------------------------------
Val GTT   2   2   2   2   1   2 | Ala GCT   6   5   6   5   6   6 | Asp GAT   6   6   5   5   6   2 | Gly GGT   4   5   3   4   3   4
    GTC   0   0   0   0   1   0 |     GCC   6   7   6   7   6   6 |     GAC   5   5   6   6   5   9 |     GGC   3   2   4   3   4   3
    GTA   2   2   2   1   1   1 |     GCA   2   1   2   1   2   1 | Glu GAA   9   9   8   8   8   9 |     GGA   1   1   1   1   1   1
    GTG   4   4   4   5   5   5 |     GCG   0   1   0   1   0   1 |     GAG   2   2   3   3   3   2 |     GGG   3   3   3   3   3   3
--------------------------------------------------------------------------------------------------------------------------------------

--------------------------------------------------------------------------------------------------------------------------------------
Phe TTT   3   3   3   3   3   2 | Ser TCT   1   1   1   1   1   1 | Tyr TAT   2   2   1   2   2   2 | Cys TGT   1   1   1   1   1   1
    TTC   3   3   3   3   3   4 |     TCC   2   2   2   2   2   2 |     TAC   2   2   3   2   2   2 |     TGC   1   1   1   1   1   1
Leu TTA   1   1   1   1   1   1 |     TCA   1   2   1   1   1   1 | *** TAA   0   0   0   0   0   0 | *** TGA   0   0   0   0   0   0
    TTG   2   2   2   2   2   2 |     TCG   1   0   1   1   1   1 |     TAG   0   0   0   0   0   0 | Trp TGG   0   0   0   0   0   0
--------------------------------------------------------------------------------------------------------------------------------------
Leu CTT   2   2   3   2   2   2 | Pro CCT   3   2   2   2   3   2 | His CAT   0   0   0   0   0   0 | Arg CGT   0   0   0   0   0   0
    CTC   1   1   1   1   1   1 |     CCC   1   2   2   2   1   2 |     CAC   0   0   0   0   0   0 |     CGC   0   0   0   0   0   0
    CTA   1   1   1   1   1   1 |     CCA   2   2   2   2   2   2 | Gln CAA   3   3   3   3   3   3 |     CGA   1   1   1   1   1   1
    CTG   5   5   4   5   5   5 |     CCG   0   0   0   0   0   0 |     CAG   1   1   1   1   1   1 |     CGG   1   1   1   1   1   1
--------------------------------------------------------------------------------------------------------------------------------------
Ile ATT   7   7   7   7   7   7 | Thr ACT   0   0   0   0   0   0 | Asn AAT   6   5   5   5   5   5 | Ser AGT   0   0   0   0   0   0
    ATC   1   1   1   1   1   1 |     ACC   2   2   2   2   2   2 |     AAC   1   2   2   2   2   2 |     AGC   1   1   1   1   1   1
    ATA   2   2   2   2   2   2 |     ACA   1   2   1   1   1   1 | Lys AAA   3   3   3   3   3   3 | Arg AGA   1   1   1   1   1   1
Met ATG   4   4   4   4   4   4 |     ACG   0   0   0   0   0   0 |     AAG   5   5   5   5   5   5 |     AGG   1   1   1   1   1   1
--------------------------------------------------------------------------------------------------------------------------------------
Val GTT   2   2   2   2   2   2 | Ala GCT   6   6   6   6   6   5 | Asp GAT   6   6   6   6   5   5 | Gly GGT   4   4   5   4   3   4
    GTC   0   0   0   0   0   0 |     GCC   6   6   6   6   6   7 |     GAC   5   5   5   5   6   6 |     GGC   3   3   2   3   4   3
    GTA   2   2   2   2   2   2 |     GCA   2   1   2   2   2   2 | Glu GAA   8   9   7   8   8   8 |     GGA   1   1   1   1   1   1
    GTG   4   4   4   4   4   4 |     GCG   0   0   0   0   0   0 |     GAG   3   2   4   3   3   3 |     GGG   3   3   3   3   3   3
--------------------------------------------------------------------------------------------------------------------------------------

--------------------------------------------------------------------------------------------------------------------------------------
Phe TTT   3   3   3   3   3   3 | Ser TCT   1   1   1   1   1   1 | Tyr TAT   2   2   2   1   2   2 | Cys TGT   1   1   1   1   1   1
    TTC   3   3   3   3   3   3 |     TCC   2   2   2   2   2   2 |     TAC   2   2   2   3   2   2 |     TGC   1   1   1   1   1   1
Leu TTA   1   1   1   1   1   1 |     TCA   1   1   1   1   1   1 | *** TAA   0   0   0   0   0   0 | *** TGA   0   0   0   0   0   0
    TTG   2   2   2   2   2   2 |     TCG   1   1   1   1   1   1 |     TAG   0   0   0   0   0   0 | Trp TGG   0   0   0   0   0   0
--------------------------------------------------------------------------------------------------------------------------------------
Leu CTT   2   2   2   3   2   3 | Pro CCT   2   3   2   3   2   2 | His CAT   0   0   0   0   0   0 | Arg CGT   0   0   0   0   0   0
    CTC   1   1   1   0   1   0 |     CCC   2   1   2   1   2   2 |     CAC   0   0   0   0   0   0 |     CGC   0   0   0   0   0   0
    CTA   1   1   1   1   0   1 |     CCA   2   2   2   2   2   2 | Gln CAA   3   3   3   3   3   3 |     CGA   1   1   1   1   1   1
    CTG   5   5   5   5   6   5 |     CCG   0   0   0   0   0   0 |     CAG   1   1   1   1   1   1 |     CGG   1   1   1   1   1   1
--------------------------------------------------------------------------------------------------------------------------------------
Ile ATT   7   7   7   7   7   7 | Thr ACT   0   0   0   0   0   0 | Asn AAT   5   5   5   5   5   5 | Ser AGT   0   0   0   0   0   0
    ATC   1   1   1   1   1   1 |     ACC   2   2   2   2   2   2 |     AAC   2   2   2   2   2   2 |     AGC   1   1   1   1   1   1
    ATA   2   2   2   2   2   2 |     ACA   1   1   1   1   1   1 | Lys AAA   3   3   3   3   3   3 | Arg AGA   1   1   1   1   1   1
Met ATG   4   4   4   4   4   4 |     ACG   0   0   0   0   0   0 |     AAG   5   5   5   5   5   5 |     AGG   1   1   1   1   1   1
--------------------------------------------------------------------------------------------------------------------------------------
Val GTT   3   2   2   2   2   2 | Ala GCT   5   6   6   6   6   6 | Asp GAT   6   5   6   6   5   5 | Gly GGT   4   4   4   5   4   4
    GTC   0   0   0   0   0   0 |     GCC   6   6   6   6   6   6 |     GAC   5   6   5   5   6   6 |     GGC   3   3   3   2   3   3
    GTA   2   2   2   2   2   2 |     GCA   2   2   2   2   2   2 | Glu GAA   8   8   8   8   8   8 |     GGA   1   1   1   1   2   1
    GTG   4   4   4   4   4   4 |     GCG   0   0   0   0   0   0 |     GAG   3   3   3   3   3   3 |     GGG   3   3   3   3   2   3
--------------------------------------------------------------------------------------------------------------------------------------

--------------------------------------------------------------------------------------------------------------------------------------
Phe TTT   2   2   3   3   3   3 | Ser TCT   1   1   1   1   1   1 | Tyr TAT   2   2   2   2   2   2 | Cys TGT   1   1   1   1   1   1
    TTC   4   4   3   3   3   3 |     TCC   2   2   2   2   2   2 |     TAC   2   2   2   2   2   2 |     TGC   1   1   1   1   1   1
Leu TTA   0   0   1   1   1   1 |     TCA   1   1   1   1   1   1 | *** TAA   0   0   0   0   0   0 | *** TGA   0   0   0   0   0   0
    TTG   2   2   2   2   2   2 |     TCG   1   1   1   1   1   1 |     TAG   0   0   0   0   0   0 | Trp TGG   0   0   0   0   0   0
--------------------------------------------------------------------------------------------------------------------------------------
Leu CTT   2   2   2   2   2   2 | Pro CCT   2   2   3   3   2   2 | His CAT   0   0   0   0   0   0 | Arg CGT   0   0   0   0   0   0
    CTC   1   1   1   1   1   1 |     CCC   2   2   1   1   2   2 |     CAC   0   0   0   0   0   0 |     CGC   0   0   0   0   0   0
    CTA   2   2   0   1   1   1 |     CCA   2   2   2   2   2   2 | Gln CAA   3   3   3   3   3   3 |     CGA   1   1   1   1   1   1
    CTG   5   5   6   5   5   5 |     CCG   0   0   0   0   0   0 |     CAG   1   1   1   1   1   1 |     CGG   1   1   1   1   1   1
--------------------------------------------------------------------------------------------------------------------------------------
Ile ATT   7   7   7   7   7   7 | Thr ACT   0   0   0   0   0   0 | Asn AAT   5   5   5   5   4   5 | Ser AGT   0   0   0   0   0   0
    ATC   1   1   1   1   1   1 |     ACC   2   2   2   2   2   2 |     AAC   2   2   2   2   3   2 |     AGC   1   1   1   1   1   1
    ATA   2   2   2   2   2   2 |     ACA   1   1   1   1   1   1 | Lys AAA   3   4   3   3   3   4 | Arg AGA   1   1   1   1   1   1
Met ATG   4   4   4   4   4   4 |     ACG   0   0   0   0   0   0 |     AAG   5   4   5   5   5   4 |     AGG   1   1   1   1   1   1
--------------------------------------------------------------------------------------------------------------------------------------
Val GTT   2   2   2   2   2   2 | Ala GCT   5   5   6   6   6   6 | Asp GAT   5   5   6   5   6   6 | Gly GGT   4   5   4   3   4   4
    GTC   0   0   0   0   0   0 |     GCC   7   7   5   6   6   6 |     GAC   6   6   5   6   5   5 |     GGC   4   3   3   4   3   3
    GTA   2   2   2   2   2   2 |     GCA   2   2   3   2   2   2 | Glu GAA  10  10   8   8   8   8 |     GGA   0   0   1   1   1   1
    GTG   4   4   4   4   4   4 |     GCG   0   0   0   0   0   0 |     GAG   1   1   3   3   3   3 |     GGG   3   3   3   3   3   3
--------------------------------------------------------------------------------------------------------------------------------------

--------------------------------------------------------------------------------------------------------------------------------------
Phe TTT   2   2   3   3   3   3 | Ser TCT   1   1   1   1   1   1 | Tyr TAT   2   3   2   2   2   2 | Cys TGT   1   1   1   1   1   1
    TTC   4   4   3   3   3   3 |     TCC   2   2   2   2   2   2 |     TAC   2   1   2   2   2   2 |     TGC   1   1   1   1   1   1
Leu TTA   1   1   1   1   1   1 |     TCA   1   1   1   1   1   1 | *** TAA   0   0   0   0   0   0 | *** TGA   0   0   0   0   0   0
    TTG   3   2   2   2   2   2 |     TCG   1   1   1   1   1   1 |     TAG   0   0   0   0   0   0 | Trp TGG   0   0   0   0   0   0
--------------------------------------------------------------------------------------------------------------------------------------
Leu CTT   2   2   2   3   2   2 | Pro CCT   2   2   2   2   2   3 | His CAT   0   0   0   0   0   0 | Arg CGT   0   0   0   0   0   0
    CTC   1   1   1   0   1   1 |     CCC   2   2   2   2   2   1 |     CAC   0   0   0   0   0   0 |     CGC   0   0   0   0   0   0
    CTA   1   1   1   1   1   1 |     CCA   2   2   2   2   2   2 | Gln CAA   3   3   3   3   3   3 |     CGA   1   1   1   1   1   1
    CTG   4   5   5   5   5   5 |     CCG   0   0   0   0   0   0 |     CAG   1   1   1   1   1   1 |     CGG   1   1   1   1   1   1
--------------------------------------------------------------------------------------------------------------------------------------
Ile ATT   7   7   7   7   7   7 | Thr ACT   0   0   0   0   0   0 | Asn AAT   5   5   5   5   5   5 | Ser AGT   0   0   0   0   0   0
    ATC   1   1   1   1   1   1 |     ACC   2   2   2   2   2   2 |     AAC   2   2   2   2   2   2 |     AGC   1   1   1   1   1   1
    ATA   2   2   2   2   2   2 |     ACA   1   1   1   1   1   1 | Lys AAA   3   3   3   3   3   3 | Arg AGA   1   1   1   1   1   1
Met ATG   4   4   4   4   4   4 |     ACG   0   0   0   0   0   0 |     AAG   5   5   5   5   5   5 |     AGG   1   1   1   1   1   1
--------------------------------------------------------------------------------------------------------------------------------------
Val GTT   2   2   2   2   2   2 | Ala GCT   5   5   6   6   6   6 | Asp GAT   5   5   6   6   6   5 | Gly GGT   4   4   4   4   4   3
    GTC   0   0   0   0   0   0 |     GCC   7   7   6   6   6   6 |     GAC   6   6   5   5   5   6 |     GGC   3   3   3   3   3   4
    GTA   2   2   2   2   2   2 |     GCA   2   2   2   2   2   2 | Glu GAA   8   8   8   8   8   8 |     GGA   1   1   1   1   1   1
    GTG   4   4   4   4   4   4 |     GCG   0   0   0   0   0   0 |     GAG   3   3   3   3   3   3 |     GGG   3   3   3   3   3   3
--------------------------------------------------------------------------------------------------------------------------------------

--------------------------------------------------------------------------------------------------------------------------------------
Phe TTT   3   3   2   3   2   3 | Ser TCT   1   1   1   1   1   1 | Tyr TAT   2   2   2   1   2   2 | Cys TGT   1   1   1   1   1   1
    TTC   3   3   4   3   4   3 |     TCC   2   2   2   2   2   2 |     TAC   2   2   2   3   2   2 |     TGC   1   1   1   1   1   1
Leu TTA   1   1   1   1   1   1 |     TCA   1   1   1   1   1   1 | *** TAA   0   0   0   0   0   0 | *** TGA   0   0   0   0   0   0
    TTG   2   2   2   2   2   2 |     TCG   1   1   1   1   1   1 |     TAG   0   0   0   0   0   0 | Trp TGG   0   0   0   0   0   0
--------------------------------------------------------------------------------------------------------------------------------------
Leu CTT   3   2   2   3   2   2 | Pro CCT   1   3   2   3   2   2 | His CAT   0   0   0   0   0   0 | Arg CGT   0   0   0   0   0   0
    CTC   0   1   1   0   1   1 |     CCC   3   1   2   1   2   2 |     CAC   0   0   0   0   0   0 |     CGC   0   0   0   0   0   0
    CTA   1   1   1   1   1   1 |     CCA   2   2   2   2   2   2 | Gln CAA   3   3   3   3   3   3 |     CGA   1   1   1   1   1   1
    CTG   5   6   5   5   5   5 |     CCG   0   0   0   0   0   0 |     CAG   1   1   1   1   1   1 |     CGG   1   1   1   1   1   1
--------------------------------------------------------------------------------------------------------------------------------------
Ile ATT   7   7   7   6   7   7 | Thr ACT   0   0   0   0   0   0 | Asn AAT   4   5   5   5   5   5 | Ser AGT   0   0   0   0   0   0
    ATC   1   1   1   1   1   1 |     ACC   2   2   2   2   2   2 |     AAC   3   2   2   2   2   2 |     AGC   1   1   1   1   1   1
    ATA   2   2   2   2   2   2 |     ACA   1   1   1   1   1   1 | Lys AAA   3   3   3   3   3   3 | Arg AGA   1   1   1   1   1   1
Met ATG   4   4   4   5   4   4 |     ACG   0   0   0   0   0   0 |     AAG   5   5   5   5   5   5 |     AGG   1   1   1   1   1   1
--------------------------------------------------------------------------------------------------------------------------------------
Val GTT   2   2   2   2   2   2 | Ala GCT   6   6   5   6   6   6 | Asp GAT   6   5   5   6   6   6 | Gly GGT   4   3   4   5   4   4
    GTC   0   0   0   0   0   0 |     GCC   6   6   7   6   6   6 |     GAC   5   6   6   5   5   5 |     GGC   3   4   3   2   3   3
    GTA   3   2   2   2   2   2 |     GCA   2   2   2   2   2   2 | Glu GAA   8   8   8   8   9   8 |     GGA   1   1   1   1   2   1
    GTG   3   3   4   4   4   4 |     GCG   0   0   0   0   0   0 |     GAG   3   3   3   3   2   3 |     GGG   3   3   3   3   2   3
--------------------------------------------------------------------------------------------------------------------------------------

--------------------------------------------------------------------------------------------------------------------------------------
Phe TTT   3   3   3   3   3   2 | Ser TCT   1   1   1   1   1   1 | Tyr TAT   2   2   2   2   2   3 | Cys TGT   1   1   1   1   1   1
    TTC   3   3   3   3   3   4 |     TCC   2   2   2   2   2   2 |     TAC   2   2   2   2   2   1 |     TGC   1   1   1   1   1   1
Leu TTA   1   1   1   1   1   1 |     TCA   1   1   1   1   1   1 | *** TAA   0   0   0   0   0   0 | *** TGA   0   0   0   0   0   0
    TTG   2   2   2   2   2   2 |     TCG   1   1   1   1   1   1 |     TAG   0   0   0   0   0   0 | Trp TGG   0   0   0   0   0   0
--------------------------------------------------------------------------------------------------------------------------------------
Leu CTT   2   2   2   2   2   2 | Pro CCT   2   3   2   3   2   2 | His CAT   0   0   0   0   0   0 | Arg CGT   0   0   0   0   0   0
    CTC   1   1   1   1   1   1 |     CCC   2   1   2   1   2   2 |     CAC   0   0   0   0   0   0 |     CGC   0   0   0   0   0   0
    CTA   1   1   1   1   1   1 |     CCA   2   2   2   2   2   2 | Gln CAA   3   3   3   3   3   3 |     CGA   1   1   1   1   1   1
    CTG   5   5   5   5   5   5 |     CCG   0   0   0   0   0   0 |     CAG   1   1   1   1   1   1 |     CGG   1   1   1   1   1   1
--------------------------------------------------------------------------------------------------------------------------------------
Ile ATT   7   7   7   7   7   7 | Thr ACT   1   0   0   0   0   0 | Asn AAT   5   5   5   6   6   5 | Ser AGT   0   0   0   0   0   0
    ATC   1   1   1   1   1   1 |     ACC   1   2   2   2   2   2 |     AAC   2   2   2   1   1   2 |     AGC   1   1   1   1   1   1
    ATA   2   2   2   2   2   2 |     ACA   1   1   1   1   1   1 | Lys AAA   3   3   3   3   3   3 | Arg AGA   1   1   1   2   1   1
Met ATG   4   4   4   4   4   4 |     ACG   0   0   0   0   0   0 |     AAG   5   5   5   5   5   5 |     AGG   1   1   1   0   1   1
--------------------------------------------------------------------------------------------------------------------------------------
Val GTT   2   2   2   2   2   2 | Ala GCT   6   6   6   6   6   5 | Asp GAT   6   6   6   6   6   5 | Gly GGT   3   4   4   4   4   4
    GTC   0   0   0   0   0   0 |     GCC   6   6   6   6   6   7 |     GAC   5   5   5   5   5   6 |     GGC   3   3   3   3   3   3
    GTA   2   2   2   2   2   2 |     GCA   2   2   2   2   2   2 | Glu GAA   8   8   8   8   8   8 |     GGA   2   1   1   1   1   1
    GTG   4   4   4   4   4   4 |     GCG   0   0   0   0   0   0 |     GAG   3   3   3   3   3   3 |     GGG   3   3   3   3   3   3
--------------------------------------------------------------------------------------------------------------------------------------

--------------------------------------------------------------------------------------------------------------------------------------
Phe TTT   2   3   2   2   3   3 | Ser TCT   1   1   1   1   1   1 | Tyr TAT   2   2   2   3   2   2 | Cys TGT   1   1   1   1   1   1
    TTC   4   3   4   4   3   3 |     TCC   2   2   2   2   2   2 |     TAC   2   2   2   1   2   2 |     TGC   1   1   1   1   1   1
Leu TTA   1   1   1   1   1   1 |     TCA   1   1   1   1   1   1 | *** TAA   0   0   0   0   0   0 | *** TGA   0   0   0   0   0   0
    TTG   2   2   2   2   2   2 |     TCG   1   1   1   1   1   1 |     TAG   0   0   0   0   0   0 | Trp TGG   0   0   0   0   0   0
--------------------------------------------------------------------------------------------------------------------------------------
Leu CTT   2   3   2   2   2   1 | Pro CCT   2   2   2   2   3   2 | His CAT   0   0   0   0   0   0 | Arg CGT   0   0   0   0   0   0
    CTC   1   0   1   1   1   2 |     CCC   2   2   2   2   1   2 |     CAC   0   0   0   0   0   0 |     CGC   0   0   0   0   0   0
    CTA   1   1   1   1   1   1 |     CCA   2   2   2   2   2   2 | Gln CAA   3   3   3   3   3   3 |     CGA   1   1   1   1   1   1
    CTG   5   5   5   5   5   5 |     CCG   0   0   0   0   0   0 |     CAG   1   1   1   1   1   1 |     CGG   1   1   1   1   1   2
--------------------------------------------------------------------------------------------------------------------------------------
Ile ATT   7   7   7   7   7   6 | Thr ACT   0   0   0   0   0   0 | Asn AAT   5   5   5   5   5   5 | Ser AGT   0   0   0   0   0   0
    ATC   1   1   1   1   1   2 |     ACC   2   2   2   2   2   2 |     AAC   2   2   2   2   2   2 |     AGC   1   1   1   1   1   1
    ATA   2   2   2   2   2   2 |     ACA   1   1   1   1   1   1 | Lys AAA   3   3   3   3   3   3 | Arg AGA   1   1   1   1   1   1
Met ATG   4   4   4   4   4   4 |     ACG   0   0   0   0   0   0 |     AAG   5   5   5   5   5   5 |     AGG   1   1   1   1   1   0
--------------------------------------------------------------------------------------------------------------------------------------
Val GTT   2   2   2   2   2   2 | Ala GCT   5   6   5   5   6   5 | Asp GAT   5   6   5   5   6   6 | Gly GGT   4   4   4   5   4   4
    GTC   0   0   0   0   0   0 |     GCC   7   6   7   7   6   7 |     GAC   6   5   6   6   5   5 |     GGC   3   3   3   2   3   3
    GTA   2   2   2   2   2   2 |     GCA   2   2   2   2   2   2 | Glu GAA   8   7   8   7   8   8 |     GGA   1   1   1   1   1   1
    GTG   4   4   4   4   4   4 |     GCG   0   0   0   0   0   0 |     GAG   3   4   3   4   3   3 |     GGG   3   3   3   3   3   3
--------------------------------------------------------------------------------------------------------------------------------------

--------------------------------------------------------------------------------------------------------------------------------------
Phe TTT   3   3   3   3   3   3 | Ser TCT   1   1   1   1   1   1 | Tyr TAT   2   2   2   2   2   2 | Cys TGT   1   1   1   1   1   1
    TTC   3   3   3   3   3   3 |     TCC   2   2   2   2   2   2 |     TAC   2   2   2   2   2   2 |     TGC   1   1   1   1   1   1
Leu TTA   1   2   1   0   1   1 |     TCA   1   1   1   1   1   1 | *** TAA   0   0   0   0   0   0 | *** TGA   0   0   0   0   0   0
    TTG   2   1   2   2   2   2 |     TCG   1   1   1   1   1   1 |     TAG   0   0   0   0   0   0 | Trp TGG   0   0   0   0   0   0
--------------------------------------------------------------------------------------------------------------------------------------
Leu CTT   2   2   2   2   2   2 | Pro CCT   2   2   2   2   3   3 | His CAT   0   0   0   0   0   0 | Arg CGT   0   0   0   0   0   0
    CTC   1   1   1   1   1   1 |     CCC   2   2   2   2   1   1 |     CAC   0   0   0   0   0   0 |     CGC   0   0   0   0   0   0
    CTA   1   1   1   2   1   1 |     CCA   2   2   2   2   2   2 | Gln CAA   3   3   3   3   3   3 |     CGA   1   1   1   1   1   1
    CTG   5   5   5   5   5   5 |     CCG   0   0   0   0   0   0 |     CAG   1   1   1   1   1   1 |     CGG   1   1   1   1   1   1
--------------------------------------------------------------------------------------------------------------------------------------
Ile ATT   7   7   7   7   7   7 | Thr ACT   0   0   0   0   0   0 | Asn AAT   5   4   5   5   5   5 | Ser AGT   0   1   0   0   0   0
    ATC   1   1   1   1   1   1 |     ACC   2   2   2   2   2   2 |     AAC   2   2   2   2   2   2 |     AGC   1   1   1   1   1   1
    ATA   2   2   2   2   2   2 |     ACA   1   1   1   1   1   1 | Lys AAA   3   3   3   3   3   3 | Arg AGA   1   1   1   1   1   1
Met ATG   4   4   4   4   4   4 |     ACG   0   0   0   0   0   0 |     AAG   5   5   5   5   5   5 |     AGG   1   1   1   1   1   1
--------------------------------------------------------------------------------------------------------------------------------------
Val GTT   2   2   2   2   2   2 | Ala GCT   6   6   6   5   6   6 | Asp GAT   6   6   6   5   5   5 | Gly GGT   4   4   4   4   4   3
    GTC   0   0   0   0   0   0 |     GCC   6   6   6   7   6   6 |     GAC   5   5   5   6   6   6 |     GGC   3   3   3   3   3   4
    GTA   2   2   2   1   2   2 |     GCA   2   2   2   1   2   2 | Glu GAA   8   8   8   8   8   8 |     GGA   1   1   1   1   1   1
    GTG   4   4   4   5   4   4 |     GCG   0   0   0   1   0   0 |     GAG   3   3   3   3   3   3 |     GGG   3   3   3   3   3   3
--------------------------------------------------------------------------------------------------------------------------------------

Codon position x base (3x4) table for each sequence.

#1: Argali         
position  1:    T:0.15267    C:0.16031    A:0.26718    G:0.41985
position  2:    T:0.30534    C:0.21374    A:0.34351    G:0.13740
position  3:    T:0.31298    C:0.23664    A:0.23664    G:0.21374
Average         T:0.25700    C:0.20356    A:0.28244    G:0.25700

#2: LesserMouseDeer
position  1:    T:0.15267    C:0.16031    A:0.26718    G:0.41985
position  2:    T:0.30534    C:0.21374    A:0.35115    G:0.12977
position  3:    T:0.31298    C:0.23664    A:0.21374    G:0.23664
Average         T:0.25700    C:0.20356    A:0.27735    G:0.26209

#3: LesserKudu     
position  1:    T:0.15267    C:0.16031    A:0.26718    G:0.41985
position  2:    T:0.30534    C:0.21374    A:0.34351    G:0.13740
position  3:    T:0.30534    C:0.24427    A:0.22901    G:0.22137
Average         T:0.25445    C:0.20611    A:0.27990    G:0.25954

#4: ForestMuskDeer2
position  1:    T:0.14504    C:0.16794    A:0.26718    G:0.41985
position  2:    T:0.30534    C:0.21374    A:0.34351    G:0.13740
position  3:    T:0.29771    C:0.25191    A:0.20611    G:0.24427
Average         T:0.24936    C:0.21120    A:0.27226    G:0.26718

#5: Camel          
position  1:    T:0.16031    C:0.15267    A:0.26718    G:0.41985
position  2:    T:0.30534    C:0.21374    A:0.34351    G:0.13740
position  3:    T:0.29008    C:0.25954    A:0.20611    G:0.24427
Average         T:0.25191    C:0.20865    A:0.27226    G:0.26718

#6: KillerWhale    
position  1:    T:0.16031    C:0.15267    A:0.26718    G:0.41985
position  2:    T:0.30534    C:0.21374    A:0.35115    G:0.12977
position  3:    T:0.28244    C:0.26718    A:0.21374    G:0.23664
Average         T:0.24936    C:0.21120    A:0.27735    G:0.26209

#7: DefassaWaterbuck
position  1:    T:0.15267    C:0.16031    A:0.26718    G:0.41985
position  2:    T:0.30534    C:0.21374    A:0.34351    G:0.13740
position  3:    T:0.32824    C:0.22137    A:0.22137    G:0.22901
Average         T:0.26209    C:0.19847    A:0.27735    G:0.26209

#8: Sheep          
position  1:    T:0.15267    C:0.16031    A:0.27481    G:0.41221
position  2:    T:0.30534    C:0.21374    A:0.34351    G:0.13740
position  3:    T:0.31298    C:0.23664    A:0.23664    G:0.21374
Average         T:0.25700    C:0.20356    A:0.28499    G:0.25445

#9: MaxwellsDuiker 
position  1:    T:0.15267    C:0.16031    A:0.26718    G:0.41985
position  2:    T:0.30534    C:0.21374    A:0.34351    G:0.13740
position  3:    T:0.32061    C:0.23664    A:0.21374    G:0.22901
Average         T:0.25954    C:0.20356    A:0.27481    G:0.26209

#10: GazellaPrzewalskyi
position  1:    T:0.15267    C:0.16031    A:0.26718    G:0.41985
position  2:    T:0.30534    C:0.21374    A:0.34351    G:0.13740
position  3:    T:0.31298    C:0.23664    A:0.22137    G:0.22901
Average         T:0.25700    C:0.20356    A:0.27735    G:0.26209

#11: MountainNyala  
position  1:    T:0.15267    C:0.16031    A:0.26718    G:0.41985
position  2:    T:0.30534    C:0.21374    A:0.34351    G:0.13740
position  3:    T:0.30534    C:0.24427    A:0.22137    G:0.22901
Average         T:0.25445    C:0.20611    A:0.27735    G:0.26209

#12: MuntiacusMuntjak
position  1:    T:0.15267    C:0.16031    A:0.26718    G:0.41985
position  2:    T:0.30534    C:0.21374    A:0.34351    G:0.13740
position  3:    T:0.29008    C:0.25954    A:0.22137    G:0.22901
Average         T:0.24936    C:0.21120    A:0.27735    G:0.26209

#13: goat           
position  1:    T:0.15267    C:0.16031    A:0.26718    G:0.41985
position  2:    T:0.31298    C:0.20611    A:0.34351    G:0.13740
position  3:    T:0.31298    C:0.23664    A:0.22137    G:0.22901
Average         T:0.25954    C:0.20102    A:0.27735    G:0.26209

#14: AfricanBuffalo 
position  1:    T:0.15267    C:0.16031    A:0.26718    G:0.41985
position  2:    T:0.30534    C:0.21374    A:0.34351    G:0.13740
position  3:    T:0.31298    C:0.23664    A:0.22137    G:0.22901
Average         T:0.25700    C:0.20356    A:0.27735    G:0.26209

#15: Topi           
position  1:    T:0.15267    C:0.16031    A:0.26718    G:0.41985
position  2:    T:0.30534    C:0.21374    A:0.34351    G:0.13740
position  3:    T:0.31298    C:0.23664    A:0.22137    G:0.22901
Average         T:0.25700    C:0.20356    A:0.27735    G:0.26209

#16: CommonDuiker   
position  1:    T:0.15267    C:0.16031    A:0.26718    G:0.41985
position  2:    T:0.30534    C:0.21374    A:0.34351    G:0.13740
position  3:    T:0.32824    C:0.22137    A:0.22137    G:0.22901
Average         T:0.26209    C:0.19847    A:0.27735    G:0.26209

#17: Suni           
position  1:    T:0.15267    C:0.16031    A:0.26718    G:0.41985
position  2:    T:0.30534    C:0.21374    A:0.34351    G:0.13740
position  3:    T:0.30534    C:0.24427    A:0.22137    G:0.22901
Average         T:0.25445    C:0.20611    A:0.27735    G:0.26209

#18: Springbuck     
position  1:    T:0.15267    C:0.16031    A:0.26718    G:0.41985
position  2:    T:0.30534    C:0.21374    A:0.34351    G:0.13740
position  3:    T:0.31298    C:0.23664    A:0.22137    G:0.22901
Average         T:0.25700    C:0.20356    A:0.27735    G:0.26209

#19: Okapi          
position  1:    T:0.14504    C:0.16794    A:0.26718    G:0.41985
position  2:    T:0.30534    C:0.21374    A:0.34351    G:0.13740
position  3:    T:0.29008    C:0.26718    A:0.22901    G:0.21374
Average         T:0.24682    C:0.21628    A:0.27990    G:0.25700

#20: Giraffe        
position  1:    T:0.14504    C:0.16794    A:0.26718    G:0.41985
position  2:    T:0.30534    C:0.21374    A:0.34351    G:0.13740
position  3:    T:0.29771    C:0.25954    A:0.23664    G:0.20611
Average         T:0.24936    C:0.21374    A:0.28244    G:0.25445

#21: TibetanAntelope
position  1:    T:0.15267    C:0.16031    A:0.26718    G:0.41985
position  2:    T:0.30534    C:0.21374    A:0.34351    G:0.13740
position  3:    T:0.32061    C:0.22137    A:0.22137    G:0.23664
Average         T:0.25954    C:0.19847    A:0.27735    G:0.26463

#22: Sitatunga      
position  1:    T:0.15267    C:0.16031    A:0.26718    G:0.41985
position  2:    T:0.30534    C:0.21374    A:0.34351    G:0.13740
position  3:    T:0.30534    C:0.24427    A:0.22137    G:0.22901
Average         T:0.25445    C:0.20611    A:0.27735    G:0.26209

#23: Oribi          
position  1:    T:0.15267    C:0.16031    A:0.26718    G:0.41985
position  2:    T:0.30534    C:0.21374    A:0.34351    G:0.13740
position  3:    T:0.30534    C:0.24427    A:0.22137    G:0.22901
Average         T:0.25445    C:0.20611    A:0.27735    G:0.26209

#24: BarbarySheep   
position  1:    T:0.15267    C:0.16031    A:0.26718    G:0.41985
position  2:    T:0.30534    C:0.21374    A:0.34351    G:0.13740
position  3:    T:0.31298    C:0.23664    A:0.22901    G:0.22137
Average         T:0.25700    C:0.20356    A:0.27990    G:0.25954

#25: Daviddeer      
position  1:    T:0.16031    C:0.15267    A:0.26718    G:0.41985
position  2:    T:0.30534    C:0.21374    A:0.34351    G:0.13740
position  3:    T:0.29008    C:0.25954    A:0.22137    G:0.22901
Average         T:0.25191    C:0.20865    A:0.27735    G:0.26209

#26: Reindeer       
position  1:    T:0.15267    C:0.16031    A:0.26718    G:0.41985
position  2:    T:0.30534    C:0.21374    A:0.34351    G:0.13740
position  3:    T:0.29771    C:0.25191    A:0.22137    G:0.22901
Average         T:0.25191    C:0.20865    A:0.27735    G:0.26209

#27: Ibex           
position  1:    T:0.15267    C:0.16031    A:0.26718    G:0.41985
position  2:    T:0.30534    C:0.21374    A:0.34351    G:0.13740
position  3:    T:0.31298    C:0.23664    A:0.22137    G:0.22901
Average         T:0.25700    C:0.20356    A:0.27735    G:0.26209

#28: GyrantGazelle  
position  1:    T:0.15267    C:0.16031    A:0.26718    G:0.41985
position  2:    T:0.30534    C:0.21374    A:0.34351    G:0.13740
position  3:    T:0.32061    C:0.22901    A:0.22137    G:0.22901
Average         T:0.25954    C:0.20102    A:0.27735    G:0.26209

#29: Hartebeest     
position  1:    T:0.15267    C:0.16031    A:0.26718    G:0.41985
position  2:    T:0.30534    C:0.21374    A:0.34351    G:0.13740
position  3:    T:0.31298    C:0.23664    A:0.22137    G:0.22901
Average         T:0.25700    C:0.20356    A:0.27735    G:0.26209

#30: Bongo          
position  1:    T:0.15267    C:0.16031    A:0.26718    G:0.41985
position  2:    T:0.30534    C:0.21374    A:0.34351    G:0.13740
position  3:    T:0.30534    C:0.24427    A:0.22137    G:0.22901
Average         T:0.25445    C:0.20611    A:0.27735    G:0.26209

#31: Gerenuk        
position  1:    T:0.15267    C:0.16031    A:0.26718    G:0.41985
position  2:    T:0.30534    C:0.21374    A:0.34351    G:0.13740
position  3:    T:0.30534    C:0.24427    A:0.22901    G:0.22137
Average         T:0.25445    C:0.20611    A:0.27990    G:0.25954

#32: CommonEland    
position  1:    T:0.15267    C:0.16794    A:0.26718    G:0.41221
position  2:    T:0.30534    C:0.21374    A:0.34351    G:0.13740
position  3:    T:0.30534    C:0.24427    A:0.22137    G:0.22901
Average         T:0.25445    C:0.20865    A:0.27735    G:0.25954

#33: MuntiacusReevesi
position  1:    T:0.15267    C:0.16031    A:0.26718    G:0.41985
position  2:    T:0.30534    C:0.21374    A:0.34351    G:0.13740
position  3:    T:0.29008    C:0.25954    A:0.22137    G:0.22901
Average         T:0.24936    C:0.21120    A:0.27735    G:0.26209

#34: HarveysDuiker  
position  1:    T:0.15267    C:0.16031    A:0.26718    G:0.41985
position  2:    T:0.30534    C:0.21374    A:0.34351    G:0.13740
position  3:    T:0.32061    C:0.22137    A:0.22137    G:0.23664
Average         T:0.25954    C:0.19847    A:0.27735    G:0.26463

#35: Pronghorn      
position  1:    T:0.15267    C:0.16031    A:0.26718    G:0.41985
position  2:    T:0.30534    C:0.21374    A:0.34351    G:0.13740
position  3:    T:0.30534    C:0.24427    A:0.23664    G:0.21374
Average         T:0.25445    C:0.20611    A:0.28244    G:0.25700

#36: BlueWildebeest 
position  1:    T:0.15267    C:0.16031    A:0.26718    G:0.41985
position  2:    T:0.30534    C:0.21374    A:0.34351    G:0.13740
position  3:    T:0.31298    C:0.23664    A:0.22137    G:0.22901
Average         T:0.25700    C:0.20356    A:0.27735    G:0.26209

#37: Gemsbok        
position  1:    T:0.15267    C:0.16031    A:0.26718    G:0.41985
position  2:    T:0.30534    C:0.21374    A:0.34351    G:0.13740
position  3:    T:0.31298    C:0.22901    A:0.22901    G:0.22901
Average         T:0.25700    C:0.20102    A:0.27990    G:0.26209

#38: Yak            
position  1:    T:0.15267    C:0.16031    A:0.26718    G:0.41985
position  2:    T:0.30534    C:0.21374    A:0.34351    G:0.13740
position  3:    T:0.32061    C:0.22901    A:0.22137    G:0.22901
Average         T:0.25954    C:0.20102    A:0.27735    G:0.26209

#39: BlueSheep      
position  1:    T:0.15267    C:0.16031    A:0.26718    G:0.41985
position  2:    T:0.30534    C:0.21374    A:0.34351    G:0.13740
position  3:    T:0.31298    C:0.23664    A:0.22137    G:0.22901
Average         T:0.25700    C:0.20356    A:0.27735    G:0.26209

#40: BohorReedbuck  
position  1:    T:0.15267    C:0.16031    A:0.26718    G:0.41985
position  2:    T:0.30534    C:0.21374    A:0.34351    G:0.13740
position  3:    T:0.32824    C:0.22137    A:0.22901    G:0.22137
Average         T:0.26209    C:0.19847    A:0.27990    G:0.25954

#41: KirksDik       
position  1:    T:0.15267    C:0.16031    A:0.26718    G:0.41985
position  2:    T:0.30534    C:0.21374    A:0.34351    G:0.13740
position  3:    T:0.32061    C:0.22901    A:0.22137    G:0.22901
Average         T:0.25954    C:0.20102    A:0.27735    G:0.26209

#42: RoeDeer        
position  1:    T:0.15267    C:0.16031    A:0.26718    G:0.41985
position  2:    T:0.30534    C:0.21374    A:0.34351    G:0.13740
position  3:    T:0.29771    C:0.25191    A:0.22137    G:0.22901
Average         T:0.25191    C:0.20865    A:0.27735    G:0.26209

#43: WhiteLippedDeer
position  1:    T:0.15267    C:0.16031    A:0.26718    G:0.41985
position  2:    T:0.30534    C:0.21374    A:0.34351    G:0.13740
position  3:    T:0.29008    C:0.25954    A:0.22137    G:0.22901
Average         T:0.24936    C:0.21120    A:0.27735    G:0.26209

#44: ThomsonGazelle 
position  1:    T:0.15267    C:0.16031    A:0.26718    G:0.41985
position  2:    T:0.30534    C:0.21374    A:0.34351    G:0.13740
position  3:    T:0.32061    C:0.22901    A:0.21374    G:0.23664
Average         T:0.25954    C:0.20102    A:0.27481    G:0.26463

#45: MuntiacusCrinifrons
position  1:    T:0.15267    C:0.16031    A:0.26718    G:0.41985
position  2:    T:0.30534    C:0.21374    A:0.34351    G:0.13740
position  3:    T:0.29008    C:0.25954    A:0.22137    G:0.22901
Average         T:0.24936    C:0.21120    A:0.27735    G:0.26209

#46: WhiteTailedDeer
position  1:    T:0.15267    C:0.16031    A:0.26718    G:0.41985
position  2:    T:0.30534    C:0.21374    A:0.34351    G:0.13740
position  3:    T:0.30534    C:0.24427    A:0.21374    G:0.23664
Average         T:0.25445    C:0.20611    A:0.27481    G:0.26463

#47: Cattle         
position  1:    T:0.15267    C:0.16031    A:0.26718    G:0.41985
position  2:    T:0.30534    C:0.21374    A:0.34351    G:0.13740
position  3:    T:0.32061    C:0.22901    A:0.22137    G:0.22901
Average         T:0.25954    C:0.20102    A:0.27735    G:0.26209

#48: RoyalAntelope  
position  1:    T:0.15267    C:0.16794    A:0.25954    G:0.41985
position  2:    T:0.30534    C:0.21374    A:0.34351    G:0.13740
position  3:    T:0.29008    C:0.25954    A:0.22137    G:0.22901
Average         T:0.24936    C:0.21374    A:0.27481    G:0.26209

#49: Steenbok       
position  1:    T:0.15267    C:0.16031    A:0.26718    G:0.41985
position  2:    T:0.30534    C:0.21374    A:0.34351    G:0.13740
position  3:    T:0.31298    C:0.23664    A:0.22137    G:0.22901
Average         T:0.25700    C:0.20356    A:0.27735    G:0.26209

#50: Impala         
position  1:    T:0.15267    C:0.16031    A:0.26718    G:0.41985
position  2:    T:0.30534    C:0.21374    A:0.33588    G:0.14504
position  3:    T:0.31298    C:0.23664    A:0.22901    G:0.22137
Average         T:0.25700    C:0.20356    A:0.27735    G:0.26209

#51: Klipspringer   
position  1:    T:0.15267    C:0.16031    A:0.26718    G:0.41985
position  2:    T:0.30534    C:0.21374    A:0.34351    G:0.13740
