1
52 1
Argali 0.000000 0.515500 0.200300 0.401500 0.126300 0.042900 0.135800 0.167600 0.212100 0.213500 0.092100 0.153900 0.109700 0.141300 0.182000 0.141200 0.260400 0.245900 0.104200 0.204500 0.152600 0.071100 0.210700 0.216400 0.076200 0.130400 0.091900 0.228500 0.124500 0.202900 0.219900 0.138000 0.317500 0.081900 0.092900 0.157500 0.060100 0.115400 0.156300 0.213300 0.187400 0.125400 0.200900 0.185700 0.139100 0.208800 0.161500 0.191000 0.158400 0.213400 0.188100 0.228500
LesserMous 0.515500 0.000000 0.530100 0.486200 0.509000 0.478800 0.551200 0.497300 0.546600 0.488000 0.540300 0.504400 0.531000 0.541800 0.554500 0.515200 0.512300 0.475100 0.550400 0.533900 0.528100 0.524200 0.464400 0.514400 0.540200 0.513800 0.510400 0.585000 0.526500 0.539000 0.496700 0.525000 0.560500 0.483900 0.488600 0.520300 0.511100 0.513800 0.547100 0.479000 0.459300 0.521900 0.488100 0.490000 0.509300 0.595000 0.559900 0.547800 0.536500 0.479200 0.539800 0.538600
LesserKudu 0.200300 0.530100 0.000000 0.399300 0.231500 0.165700 0.165400 0.192100 0.052300 0.264100 0.199700 0.147100 0.187500 0.195400 0.219000 0.182800 0.272700 0.277100 0.219800 0.046600 0.195800 0.184200 0.222400 0.228300 0.196100 0.184700 0.168000 0.078600 0.183900 0.067600 0.257600 0.162300 0.330200 0.152400 0.169900 0.174800 0.166400 0.225600 0.174500 0.206200 0.198900 0.166600 0.250900 0.209800 0.168100 0.262400 0.179800 0.223500 0.189700 0.232100 0.041800 0.078500
KillerWhal 0.401500 0.486200 0.399300 0.000000 0.400200 0.385200 0.406900 0.434200 0.407700 0.365500 0.451300 0.395400 0.408000 0.386200 0.394400 0.422300 0.397000 0.429200 0.408600 0.398700 0.421100 0.407000 0.385200 0.349100 0.450000 0.419400 0.384600 0.423900 0.403300 0.396500 0.358900 0.391700 0.368500 0.362000 0.396600 0.374100 0.424900 0.395800 0.380000 0.326800 0.360400 0.412000 0.365700 0.344200 0.366000 0.539700 0.420600 0.368800 0.412800 0.350500 0.395700 0.396900
DefassaWat 0.126300 0.509000 0.231500 0.400200 0.000000 0.116500 0.158400 0.191200 0.243500 0.277100 0.155900 0.165500 0.144100 0.164000 0.223000 0.188000 0.294300 0.292300 0.174700 0.235500 0.201000 0.152600 0.235800 0.247700 0.164200 0.177300 0.125700 0.259900 0.158600 0.259500 0.270600 0.161100 0.338200 0.104300 0.127000 0.168900 0.141500 0.031400 0.186300 0.225000 0.224900 0.171800 0.263800 0.222400 0.174300 0.254300 0.197300 0.184100 0.188600 0.237500 0.219000 0.234100
Sheep 0.042900 0.478800 0.165700 0.385200 0.116500 0.000000 0.126100 0.133800 0.177400 0.217100 0.070800 0.119400 0.076700 0.108600 0.172800 0.143300 0.238200 0.263200 0.082600 0.170000 0.130400 0.049400 0.201400 0.194100 0.054800 0.132500 0.059400 0.193800 0.126300 0.193500 0.210900 0.104700 0.281600 0.049100 0.060000 0.123600 0.038500 0.105500 0.110900 0.191500 0.177800 0.127200 0.204300 0.151600 0.117200 0.206200 0.127900 0.156900 0.112400 0.179600 0.153600 0.193800
MaxwellsDu 0.135800 0.551200 0.165400 0.406900 0.158400 0.126100 0.000000 0.145400 0.152900 0.203300 0.177200 0.109300 0.135500 0.087700 0.190500 0.110200 0.224600 0.273800 0.141800 0.134500 0.142900 0.143800 0.187900 0.181500 0.161500 0.100100 0.140700 0.156800 0.126700 0.156600 0.197300 0.073400 0.252000 0.119500 0.129700 0.124700 0.144800 0.159400 0.135500 0.190600 0.177400 0.083300 0.191100 0.163900 0.141700 0.192400 0.129200 0.186900 0.154800 0.203200 0.165600 0.192600
GazellaPrz 0.167600 0.497300 0.192100 0.434200 0.191200 0.133800 0.145400 0.000000 0.190800 0.249300 0.161300 0.140400 0.131400 0.150800 0.191800 0.105300 0.273100 0.284700 0.161700 0.183500 0.114600 0.127900 0.234100 0.246500 0.157500 0.129100 0.124900 0.219400 0.133300 0.206500 0.269200 0.125000 0.308400 0.115200 0.125600 0.168100 0.152900 0.174100 0.130500 0.223500 0.210500 0.122800 0.262400 0.221200 0.173500 0.226900 0.112800 0.158900 0.175300 0.211900 0.198400 0.213700
MountainNy 0.212100 0.546600 0.052300 0.407700 0.243500 0.177400 0.152900 0.190800 0.000000 0.237400 0.211400 0.146700 0.199200 0.194700 0.236300 0.170100 0.252600 0.283500 0.206100 0.015200 0.195000 0.189600 0.196600 0.227500 0.208000 0.184100 0.179400 0.034300 0.183200 0.025200 0.231200 0.167600 0.308300 0.170000 0.181500 0.185300 0.178100 0.237700 0.173800 0.199400 0.173600 0.166000 0.237000 0.209100 0.178600 0.254900 0.179200 0.241800 0.201600 0.218700 0.041500 0.078300
MuntiacusM 0.213500 0.488000 0.264100 0.365500 0.277100 0.217100 0.203300 0.249300 0.237400 0.000000 0.264200 0.198700 0.251600 0.208800 0.268100 0.202500 0.266600 0.277000 0.258500 0.242100 0.235000 0.229400 0.110000 0.142200 0.222300 0.198500 0.231000 0.253600 0.209900 0.240700 0.034700 0.206600 0.253200 0.222000 0.246300 0.238500 0.217900 0.245200 0.225700 0.102300 0.077900 0.205000 0.028600 0.120400 0.219000 0.289400 0.243900 0.255400 0.261900 0.207100 0.251500 0.279300
goat 0.092100 0.540300 0.199700 0.451300 0.155900 0.070800 0.177200 0.161300 0.211400 0.264200 0.000000 0.166000 0.115300 0.182900 0.223600 0.170400 0.280300 0.285200 0.121600 0.203800 0.182900 0.065100 0.235700 0.254300 0.048100 0.184300 0.097500 0.227800 0.165300 0.227400 0.271100 0.167800 0.359700 0.098900 0.121800 0.169200 0.054300 0.138900 0.180800 0.237700 0.211900 0.178700 0.264200 0.222700 0.162500 0.248400 0.167400 0.204100 0.189300 0.251300 0.187400 0.221000
AfricanBuf 0.153900 0.504400 0.147100 0.395400 0.165500 0.119400 0.109300 0.140400 0.146700 0.198700 0.166000 0.000000 0.129400 0.114800 0.185900 0.138000 0.233400 0.244700 0.160100 0.151700 0.136800 0.131400 0.157700 0.175800 0.149500 0.115000 0.122700 0.175400 0.144700 0.162800 0.192600 0.087600 0.281600 0.112700 0.112200 0.129500 0.132200 0.166200 0.140900 0.173400 0.147200 0.110200 0.198400 0.145700 0.123100 0.214000 0.134400 0.182700 0.149300 0.185500 0.135400 0.163000
Topi 0.109700 0.531000 0.187500 0.408000 0.144100 0.076700 0.135500 0.131400 0.199200 0.251600 0.115300 0.129400 0.000000 0.123800 0.175900 0.140800 0.268200 0.307300 0.115500 0.179200 0.128000 0.105400 0.236300 0.228600 0.111000 0.142200 0.015000 0.215400 0.147500 0.202400 0.258400 0.114400 0.324700 0.048000 0.059000 0.133100 0.094600 0.127200 0.143200 0.238300 0.212500 0.136700 0.232700 0.191700 0.138700 0.221500 0.119900 0.172500 0.128100 0.226000 0.175400 0.215300
CommonDuik 0.141300 0.541800 0.195400 0.386200 0.164000 0.108600 0.087700 0.150800 0.194700 0.208800 0.182900 0.114800 0.123800 0.000000 0.207300 0.137800 0.255400 0.306200 0.135800 0.175200 0.136800 0.137600 0.181500 0.199100 0.167000 0.116600 0.129000 0.185900 0.120900 0.197900 0.190600 0.067800 0.283900 0.113500 0.123700 0.130200 0.138500 0.165100 0.106600 0.172300 0.183000 0.110600 0.184400 0.157500 0.135600 0.198400 0.146000 0.156900 0.137100 0.196300 0.195600 0.210700
Suni 0.182000 0.554500 0.219000 0.394400 0.223000 0.172800 0.190500 0.191800 0.236300 0.268100 0.223600 0.185900 0.175900 0.207300 0.000000 0.189200 0.316700 0.327200 0.230500 0.228800 0.177300 0.196700 0.265900 0.246800 0.196200 0.190900 0.157800 0.264600 0.195800 0.239500 0.274800 0.152700 0.337700 0.148600 0.171100 0.212900 0.198200 0.206400 0.181500 0.249300 0.242600 0.185600 0.268200 0.240800 0.206200 0.298400 0.186700 0.202800 0.183600 0.267500 0.213000 0.252000
Springbuck 0.141200 0.515200 0.182800 0.422300 0.188000 0.143300 0.110200 0.105300 0.170100 0.202500 0.170400 0.138000 0.140800 0.137800 0.189200 0.000000 0.255300 0.253800 0.170900 0.163200 0.101600 0.161200 0.187500 0.217600 0.166600 0.071800 0.134300 0.198100 0.077200 0.173900 0.208900 0.134600 0.323400 0.136500 0.147500 0.153600 0.162300 0.171200 0.128500 0.190200 0.164900 0.067000 0.202600 0.187400 0.147200 0.191700 0.111100 0.180200 0.172400 0.208500 0.183100 0.210200
Okapi 0.260400 0.512300 0.272700 0.397000 0.294300 0.238200 0.224600 0.273100 0.252600 0.266600 0.280300 0.233400 0.268200 0.255400 0.316700 0.255300 0.000000 0.114300 0.295900 0.244200 0.298400 0.258900 0.224800 0.235800 0.270800 0.258400 0.260300 0.255800 0.263600 0.242300 0.260200 0.221900 0.275500 0.231700 0.256600 0.260800 0.267600 0.294800 0.266900 0.246300 0.214300 0.252300 0.266000 0.237200 0.266800 0.299300 0.266100 0.292100 0.277800 0.247900 0.267200 0.295300
Giraffe 0.245900 0.475100 0.277100 0.429200 0.292300 0.263200 0.273800 0.284700 0.283500 0.277000 0.285200 0.244700 0.307300 0.306200 0.327200 0.253800 0.114300 0.000000 0.321500 0.288200 0.296200 0.284400 0.248400 0.291700 0.296200 0.256800 0.285100 0.300000 0.268400 0.273000 0.270700 0.285100 0.292600 0.256300 0.281700 0.285900 0.293400 0.292800 0.306300 0.257000 0.225000 0.263600 0.276500 0.274200 0.265300 0.310800 0.318000 0.303700 0.317600 0.233300 0.285100 0.299700
TibetanAnt 0.104200 0.550400 0.219800 0.408600 0.174700 0.082600 0.141800 0.161700 0.206100 0.258500 0.121600 0.160100 0.115500 0.135800 0.230500 0.170900 0.295900 0.321500 0.000000 0.198600 0.158700 0.077000 0.243200 0.235900 0.105600 0.159800 0.109100 0.222500 0.165700 0.222100 0.265300 0.132100 0.297700 0.099100 0.110300 0.139700 0.077500 0.163500 0.150600 0.245100 0.219300 0.154900 0.245400 0.217300 0.133200 0.228700 0.155900 0.191500 0.171300 0.238100 0.194800 0.222700
Sitatunga 0.204500 0.533900 0.046600 0.398700 0.235500 0.170000 0.134500 0.183500 0.015200 0.242100 0.203800 0.151700 0.179200 0.175200 0.228800 0.163200 0.244200 0.288200 0.198600 0.000000 0.187600 0.182100 0.201400 0.219800 0.200300 0.176800 0.172300 0.030300 0.176000 0.020100 0.235900 0.148500 0.312900 0.162800 0.174200 0.166800 0.170800 0.229800 0.166700 0.204100 0.178400 0.159100 0.229300 0.201600 0.172500 0.246600 0.172000 0.233900 0.194000 0.223400 0.046700 0.083200
Oribi 0.152600 0.528100 0.195800 0.421100 0.201000 0.130400 0.142900 0.114600 0.195000 0.235000 0.182900 0.136800 0.128000 0.136800 0.177300 0.101600 0.298400 0.296200 0.158700 0.187600 0.000000 0.148600 0.219500 0.225000 0.166600 0.102200 0.121400 0.224400 0.107800 0.198700 0.241800 0.121500 0.313600 0.123500 0.134700 0.165000 0.149600 0.183500 0.115400 0.221800 0.195800 0.097200 0.235000 0.193900 0.146300 0.237900 0.120700 0.173900 0.147800 0.234700 0.196000 0.224100
BarbaryShe 0.071100 0.524200 0.184200 0.407000 0.152600 0.049400 0.143800 0.127900 0.189600 0.229400 0.065100 0.131400 0.105400 0.137600 0.196700 0.161200 0.258900 0.284400 0.077000 0.182100 0.148600 0.000000 0.213800 0.206300 0.038000 0.150600 0.087600 0.206000 0.144000 0.205700 0.236000 0.110400 0.294300 0.065900 0.088500 0.147400 0.021700 0.141300 0.140500 0.203500 0.190100 0.145000 0.216400 0.175700 0.140800 0.219000 0.133900 0.169900 0.161100 0.216500 0.178000 0.212000
Daviddeer 0.210700 0.464400 0.222400 0.385200 0.235800 0.201400 0.187900 0.234100 0.196600 0.110000 0.235700 0.157700 0.236300 0.181500 0.265900 0.187500 0.224800 0.248400 0.243200 0.201400 0.219500 0.213800 0.000000 0.133800 0.232500 0.195000 0.215700 0.212700 0.194800 0.187800 0.104600 0.166700 0.282800 0.193800 0.218000 0.197900 0.202300 0.236900 0.222500 0.077200 0.030900 0.177700 0.109800 0.105800 0.191000 0.227000 0.215400 0.234200 0.220000 0.204300 0.210200 0.225500
Reindeer 0.216400 0.514400 0.228300 0.349100 0.247700 0.194100 0.181500 0.246500 0.227500 0.142200 0.254300 0.175800 0.228600 0.199100 0.246800 0.217600 0.235800 0.291700 0.235900 0.219800 0.225000 0.206300 0.133800 0.000000 0.225200 0.200900 0.208300 0.243700 0.200100 0.230900 0.136900 0.172100 0.266800 0.186500 0.192100 0.203200 0.207700 0.241900 0.203100 0.125200 0.112000 0.195200 0.130900 0.054600 0.184200 0.279500 0.196100 0.252400 0.238200 0.246700 0.228600 0.243800
Ibex 0.076200 0.540200 0.196100 0.450000 0.164200 0.054800 0.161500 0.157500 0.208000 0.222300 0.048100 0.149500 0.111000 0.167000 0.196200 0.166600 0.270800 0.296200 0.105600 0.200300 0.166600 0.038000 0.232500 0.225200 0.000000 0.180700 0.093000 0.224500 0.173700 0.224100 0.242000 0.139800 0.329000 0.094500 0.105700 0.165400 0.027200 0.146900 0.158500 0.234600 0.208600 0.175000 0.222300 0.206500 0.158700 0.252000 0.151700 0.193900 0.172900 0.235200 0.183800 0.217700
GyrantGaze 0.130400 0.513800 0.184700 0.419400 0.177300 0.132500 0.100100 0.129100 0.184100 0.198500 0.184300 0.115000 0.142200 0.116600 0.190900 0.071800 0.258400 0.256800 0.159800 0.176800 0.102200 0.150600 0.195000 0.200900 0.180700 0.000000 0.135700 0.212800 0.067200 0.187800 0.192500 0.112800 0.313100 0.126000 0.137300 0.143000 0.151200 0.166000 0.118200 0.185900 0.172300 0.025500 0.186200 0.170700 0.125000 0.212100 0.123200 0.176000 0.161600 0.222300 0.185100 0.212400
Hartebeest 0.091900 0.510400 0.168000 0.384600 0.125700 0.059400 0.140700 0.124900 0.179400 0.231000 0.097500 0.122700 0.015000 0.129000 0.157800 0.134300 0.260300 0.285100 0.109100 0.172300 0.121400 0.087600 0.215700 0.208300 0.093000 0.135700 0.000000 0.208100 0.129300 0.195300 0.237600 0.119600 0.302200 0.030500 0.053200 0.126600 0.076800 0.109100 0.125000 0.218000 0.192400 0.130200 0.212500 0.172300 0.120300 0.201000 0.119300 0.165600 0.121500 0.206100 0.156100 0.195500
Bongo 0.228500 0.585000 0.078600 0.423900 0.259900 0.193800 0.156800 0.219400 0.034300 0.253600 0.227800 0.175400 0.215400 0.185900 0.264600 0.198100 0.255800 0.300000 0.222500 0.030300 0.224400 0.206000 0.212700 0.243700 0.224500 0.212800 0.208100 0.000000 0.211500 0.040100 0.234500 0.171400 0.324900 0.186300 0.197800 0.189000 0.194600 0.254200 0.189900 0.202900 0.189700 0.194200 0.253100 0.225200 0.194600 0.271700 0.207700 0.244900 0.231000 0.222000 0.067500 0.104600
Gerenuk 0.124500 0.526500 0.183900 0.403300 0.158600 0.126300 0.126700 0.133300 0.183200 0.209900 0.165300 0.144700 0.147500 0.120900 0.195800 0.077200 0.263600 0.268400 0.165700 0.176000 0.107800 0.144000 0.194800 0.200100 0.173700 0.067200 0.129300 0.211500 0.000000 0.186900 0.203900 0.129400 0.317900 0.119700 0.141500 0.160100 0.145000 0.159700 0.106500 0.185200 0.171900 0.061600 0.197600 0.170300 0.141900 0.211400 0.117300 0.181100 0.155300 0.215200 0.184100 0.211300
CommonElan 0.202900 0.539000 0.067600 0.396500 0.259500 0.193500 0.156600 0.206500 0.025200 0.240700 0.227400 0.162800 0.202400 0.197900 0.239500 0.173900 0.242300 0.273000 0.222100 0.020100 0.198700 0.205700 0.187800 0.230900 0.224100 0.187800 0.195300 0.040100 0.186900 0.000000 0.234500 0.171100 0.324300 0.186000 0.197500 0.188700 0.194300 0.253800 0.189700 0.202900 0.177400 0.169900 0.240300 0.212600 0.182300 0.257500 0.195000 0.257800 0.217700 0.234400 0.056700 0.093500
MuntiacusR 0.219900 0.496700 0.257600 0.358900 0.270600 0.210900 0.197300 0.269200 0.231200 0.034700 0.271100 0.192600 0.258400 0.190600 0.274800 0.208900 0.260200 0.270700 0.265300 0.235900 0.241800 0.236000 0.104600 0.136900 0.242000 0.192500 0.237600 0.234500 0.203900 0.234500 0.000000 0.200500 0.246900 0.215700 0.240000 0.232300 0.224500 0.258200 0.206800 0.086200 0.072600 0.199000 0.033500 0.114900 0.212800 0.289900 0.237700 0.249000 0.255400 0.201000 0.245200 0.272900
HarveysDui 0.138000 0.525000 0.162300 0.391700 0.161100 0.104700 0.073400 0.125000 0.167600 0.206600 0.167800 0.087600 0.114400 0.067800 0.152700 0.134600 0.221900 0.285100 0.132100 0.148500 0.121500 0.110400 0.166700 0.172100 0.139800 0.112800 0.119600 0.171400 0.129400 0.171100 0.200500 0.000000 0.268900 0.086900 0.097800 0.126600 0.123000 0.162100 0.114300 0.181500 0.168100 0.107500 0.194100 0.154500 0.132100 0.195600 0.108000 0.142000 0.133600 0.206000 0.168400 0.195800
Pronghorn 0.317500 0.560500 0.330200 0.368500 0.338200 0.281600 0.252000 0.308400 0.308300 0.253200 0.359700 0.281600 0.324700 0.283900 0.337700 0.323400 0.275500 0.292600 0.297700 0.312900 0.313600 0.294300 0.282800 0.266800 0.329000 0.313100 0.302200 0.324900 0.317900 0.324300 0.246900 0.268900 0.000000 0.266300 0.299000 0.257000 0.310800 0.332200 0.276500 0.258700 0.246100 0.292900 0.252500 0.268900 0.249300 0.352300 0.322300 0.341500 0.328200 0.275000 0.310000 0.292200
BlueWildeb 0.081900 0.483900 0.152400 0.362000 0.104300 0.049100 0.119500 0.115200 0.170000 0.222000 0.098900 0.112700 0.048000 0.113500 0.148600 0.136500 0.231700 0.256300 0.099100 0.162800 0.123500 0.065900 0.193800 0.186500 0.094500 0.126000 0.030500 0.186300 0.119700 0.186000 0.215700 0.086900 0.266300 0.000000 0.042900 0.105000 0.066500 0.093300 0.115300 0.183900 0.170500 0.120500 0.209200 0.156600 0.098900 0.198200 0.121100 0.144000 0.111700 0.184400 0.146500 0.186200
Gemsbok 0.092900 0.488600 0.169900 0.396600 0.127000 0.060000 0.129700 0.125600 0.181500 0.246300 0.121800 0.112200 0.059000 0.123700 0.171100 0.147500 0.256600 0.281700 0.110300 0.174200 0.134700 0.088500 0.218000 0.192100 0.105700 0.137300 0.053200 0.197800 0.141500 0.197500 0.240000 0.097800 0.299000 0.042900 0.000000 0.139900 0.077600 0.127800 0.138800 0.220200 0.194400 0.130800 0.233300 0.167800 0.133400 0.223100 0.120600 0.155200 0.122800 0.208200 0.157900 0.197700
Yak 0.157500 0.520300 0.174800 0.374100 0.168900 0.123600 0.124700 0.168100 0.185300 0.238500 0.169200 0.129500 0.133100 0.130200 0.212900 0.153600 0.260800 0.285900 0.139700 0.166800 0.165000 0.147400 0.197900 0.203200 0.165400 0.143000 0.126600 0.189000 0.160100 0.188700 0.232300 0.126600 0.257000 0.105000 0.139900 0.000000 0.136200 0.157300 0.144700 0.200500 0.174700 0.149300 0.225700 0.185100 0.036600 0.210000 0.162200 0.197800 0.177900 0.188600 0.162000 0.154300
BlueSheep 0.060100 0.511100 0.166400 0.424900 0.141500 0.038500 0.144800 0.152900 0.178100 0.217900 0.054300 0.132200 0.094600 0.138500 0.198200 0.162300 0.267600 0.293400 0.077500 0.170800 0.149600 0.021700 0.202300 0.207700 0.027200 0.151200 0.076800 0.194600 0.145000 0.194300 0.224500 0.123000 0.310800 0.066500 0.077600 0.136200 0.000000 0.130200 0.141500 0.204800 0.178700 0.146000 0.205000 0.176900 0.129700 0.220600 0.134800 0.183600 0.149800 0.205500 0.154300 0.188000
BohorReedb 0.115400 0.513800 0.225600 0.395800 0.031400 0.105500 0.159400 0.174100 0.237700 0.245200 0.138900 0.166200 0.127200 0.165100 0.206400 0.171200 0.294800 0.292800 0.163500 0.229800 0.183500 0.141300 0.236900 0.241900 0.146900 0.166000 0.109100 0.254200 0.159700 0.253800 0.258200 0.162100 0.332200 0.093300 0.127800 0.157300 0.130200 0.000000 0.175000 0.213300 0.212900 0.160800 0.251400 0.210500 0.162700 0.242700 0.186100 0.179300 0.177200 0.225800 0.213200 0.228400
KirksDik 0.156300 0.547100 0.174500 0.380000 0.186300 0.110900 0.135500 0.130500 0.173800 0.225700 0.180800 0.140900 0.143200 0.106600 0.181500 0.128500 0.266900 0.306300 0.150600 0.166700 0.115400 0.140500 0.222500 0.203100 0.158500 0.118200 0.125000 0.189900 0.106500 0.189700 0.206800 0.114300 0.276500 0.115300 0.138800 0.144700 0.141500 0.175000 0.000000 0.182000 0.199000 0.112800 0.213000 0.184800 0.138200 0.228200 0.113500 0.172000 0.151900 0.194200 0.162600 0.184100
RoeDeer 0.213300 0.479000 0.206200 0.326800 0.225000 0.191500 0.190600 0.223500 0.199400 0.102300 0.237700 0.173400 0.238300 0.172300 0.249300 0.190200 0.246300 0.257000 0.245100 0.204100 0.221800 0.203500 0.077200 0.125200 0.234600 0.185900 0.218000 0.202900 0.185200 0.202900 0.086200 0.181500 0.258700 0.183900 0.220200 0.200500 0.204800 0.213300 0.182000 0.000000 0.056400 0.180400 0.102100 0.098100 0.193700 0.261700 0.217800 0.210600 0.235100 0.194600 0.200300 0.203000
WhiteLippe 0.187400 0.459300 0.198900 0.360400 0.224900 0.177800 0.177400 0.210500 0.173600 0.077900 0.211900 0.147200 0.212500 0.183000 0.242600 0.164900 0.214300 0.225000 0.219300 0.178400 0.195800 0.190100 0.030900 0.112000 0.208600 0.172300 0.192400 0.189700 0.171900 0.177400 0.072600 0.168100 0.246100 0.170500 0.194400 0.174700 0.178700 0.212900 0.199000 0.056400 0.000000 0.166900 0.077800 0.084500 0.168000 0.229100 0.192100 0.223100 0.221800 0.181300 0.186800 0.202100
ThomsonGaz 0.125400 0.521900 0.166600 0.412000 0.171800 0.127200 0.083300 0.122800 0.166000 0.205000 0.178700 0.110200 0.136700 0.110600 0.185600 0.067000 0.252300 0.263600 0.154900 0.159100 0.097200 0.145000 0.177700 0.195200 0.175000 0.025500 0.130200 0.194200 0.061600 0.169900 0.199000 0.107500 0.292900 0.120500 0.130800 0.149300 0.146000 0.160800 0.112800 0.180400 0.166900 0.000000 0.192700 0.165300 0.131300 0.206600 0.118000 0.182100 0.144100 0.204800 0.166900 0.194200
MuntiacusC 0.200900 0.488100 0.250900 0.365700 0.263800 0.204300 0.191100 0.262400 0.237000 0.028600 0.264200 0.198400 0.232700 0.184400 0.268200 0.202600 0.266000 0.276500 0.245400 0.229300 0.235000 0.216400 0.109800 0.130900 0.222300 0.186200 0.212500 0.253100 0.197600 0.240300 0.033500 0.194100 0.252500 0.209200 0.233300 0.225700 0.205000 0.251400 0.213000 0.102100 0.077800 0.192700 0.000000 0.098500 0.206400 0.256100 0.218600 0.255400 0.248500 0.218900 0.251100 0.278800
WhiteTaile 0.185700 0.490000 0.209800 0.344200 0.222400 0.151600 0.163900 0.221200 0.209100 0.120400 0.222700 0.145700 0.191700 0.157500 0.240800 0.187400 0.237200 0.274200 0.217300 0.201600 0.193900 0.175700 0.105800 0.054600 0.206500 0.170700 0.172300 0.225200 0.170300 0.212600 0.114900 0.154500 0.268900 0.156600 0.167800 0.185100 0.176900 0.210500 0.184800 0.098100 0.084500 0.165300 0.098500 0.000000 0.166400 0.240100 0.178100 0.226900 0.194100 0.203900 0.210100 0.237700
Cattle 0.139100 0.509300 0.168100 0.366000 0.174300 0.117200 0.141700 0.173500 0.178600 0.219000 0.162500 0.123100 0.138700 0.135600 0.206200 0.147200 0.266800 0.265300 0.133200 0.172500 0.146300 0.140800 0.191000 0.184200 0.158700 0.125000 0.120300 0.194600 0.141900 0.182300 0.212800 0.132100 0.249300 0.098900 0.133400 0.036600 0.129700 0.162700 0.138200 0.193700 0.168000 0.131300 0.206400 0.166400 0.000000 0.222400 0.167600 0.191000 0.171100 0.193900 0.155400 0.171700
RoyalAntel 0.208800 0.595000 0.262400 0.539700 0.254300 0.206200 0.192400 0.226900 0.254900 0.289400 0.248400 0.214000 0.221500 0.198400 0.298400 0.191700 0.299300 0.310800 0.228700 0.246600 0.237900 0.219000 0.227000 0.279500 0.252000 0.212100 0.201000 0.271700 0.211400 0.257500 0.289900 0.195600 0.352300 0.198200 0.223100 0.210000 0.220600 0.242700 0.228200 0.261700 0.229100 0.206600 0.256100 0.240100 0.222400 0.000000 0.207900 0.232600 0.217800 0.261700 0.262800 0.284700
Steenbok 0.161500 0.559900 0.179800 0.420600 0.197300 0.127900 0.129200 0.112800 0.179200 0.243900 0.167400 0.134400 0.119900 0.146000 0.186700 0.111100 0.266100 0.318000 0.155900 0.172000 0.120700 0.133900 0.215400 0.196100 0.151700 0.123200 0.119300 0.207700 0.117300 0.195000 0.237700 0.108000 0.322300 0.121100 0.120600 0.162200 0.134800 0.186100 0.113500 0.217800 0.192100 0.118000 0.218600 0.178100 0.167600 0.207900 0.000000 0.177500 0.145100 0.230800 0.180100 0.207600
Impala 0.191000 0.547800 0.223500 0.368800 0.184100 0.156900 0.186900 0.158900 0.241800 0.255400 0.204100 0.182700 0.172500 0.156900 0.202800 0.180200 0.292100 0.303700 0.191500 0.233900 0.173900 0.169900 0.234200 0.252400 0.193900 0.176000 0.165600 0.244900 0.181100 0.257800 0.249000 0.142000 0.341500 0.144000 0.155200 0.197800 0.183600 0.179300 0.172000 0.210600 0.223100 0.182100 0.255400 0.226900 0.191000 0.232600 0.177500 0.000000 0.156500 0.254500 0.230100 0.257800
Klipspring 0.158400 0.536500 0.189700 0.412800 0.188600 0.112400 0.154800 0.175300 0.201600 0.261900 0.189300 0.149300 0.128100 0.137100 0.183600 0.172400 0.277800 0.317600 0.171300 0.194000 0.147800 0.161100 0.220000 0.238200 0.172900 0.161600 0.121500 0.231000 0.155300 0.217700 0.255400 0.133600 0.328200 0.111700 0.122800 0.177900 0.149800 0.177200 0.151900 0.235100 0.221800 0.144100 0.248500 0.194100 0.171100 0.217800 0.145100 0.156500 0.000000 0.235300 0.190000 0.218000
ForestMusk 0.213400 0.479200 0.232100 0.350500 0.237500 0.179600 0.203200 0.211900 0.218700 0.207100 0.251300 0.185500 0.226000 0.196300 0.267500 0.208500 0.247900 0.233300 0.238100 0.223400 0.234700 0.216500 0.204300 0.246700 0.235200 0.222300 0.206100 0.222000 0.215200 0.234400 0.201000 0.206000 0.275000 0.184400 0.208200 0.188600 0.205500 0.225800 0.194200 0.194600 0.181300 0.204800 0.218900 0.203900 0.193900 0.261700 0.230800 0.254500 0.235300 0.000000 0.220000 0.222500
Bushbuck 0.188100 0.539800 0.041800 0.395700 0.219000 0.153600 0.165600 0.198400 0.041500 0.251500 0.187400 0.135400 0.175400 0.195600 0.213000 0.183100 0.267200 0.285100 0.194800 0.046700 0.196000 0.178000 0.210200 0.228600 0.183800 0.185100 0.156100 0.067500 0.184100 0.056700 0.245200 0.168400 0.310000 0.146500 0.157900 0.162000 0.154300 0.213200 0.162600 0.200300 0.186800 0.166900 0.251100 0.210100 0.155400 0.262800 0.180100 0.230100 0.190000 0.220000 0.000000 0.057200
GreaterKud 0.228500 0.538600 0.078500 0.396900 0.234100 0.193800 0.192600 0.213700 0.078300 0.279300 0.221000 0.163000 0.215300 0.210700 0.252000 0.210200 0.295300 0.299700 0.222700 0.083200 0.224100 0.212000 0.225500 0.243800 0.217700 0.212400 0.195500 0.104600 0.211300 0.093500 0.272900 0.195800 0.292200 0.186200 0.197700 0.154300 0.188000 0.228400 0.184100 0.203000 0.202100 0.194200 0.278800 0.237700 0.171700 0.284700 0.207600 0.257800 0.218000 0.222500 0.057200 0.000000
