1
52 1
Argali 0.000000 0.326400 0.118700 0.330000 0.078800 0.009400 0.100200 0.131200 0.138300 0.151100 0.049200 0.107800 0.123100 0.099100 0.116700 0.124600 0.139300 0.155400 0.053300 0.127800 0.131700 0.063400 0.154700 0.170500 0.049400 0.132500 0.109600 0.123200 0.119700 0.124200 0.165700 0.111600 0.145800 0.110900 0.120100 0.129900 0.059600 0.114200 0.133800 0.135400 0.149700 0.133100 0.156600 0.218900 0.119400 0.167800 0.164400 0.103100 0.144200 0.147500 0.137600 0.128900
LesserMous 0.326400 0.000000 0.297100 0.272500 0.277400 0.322700 0.309500 0.328000 0.305200 0.315300 0.324200 0.271800 0.289100 0.312900 0.279900 0.305300 0.232400 0.250100 0.299700 0.312000 0.291300 0.320200 0.293400 0.315600 0.332500 0.323500 0.289000 0.294500 0.312700 0.309200 0.317600 0.286800 0.297800 0.304200 0.294000 0.282100 0.319900 0.299900 0.339400 0.291600 0.313100 0.300300 0.321500 0.398700 0.281100 0.332900 0.333200 0.331400 0.325000 0.321900 0.286400 0.272400
LesserKudu 0.118700 0.297100 0.000000 0.306600 0.098500 0.127700 0.099000 0.151000 0.051600 0.171700 0.120600 0.096500 0.121700 0.098000 0.115200 0.133600 0.132600 0.159000 0.102700 0.047100 0.130100 0.145200 0.153400 0.174200 0.131700 0.130900 0.098200 0.042000 0.139400 0.041900 0.186200 0.110300 0.149600 0.109600 0.098000 0.098700 0.142700 0.134200 0.132000 0.150300 0.148400 0.131600 0.177300 0.238800 0.108400 0.176300 0.162200 0.134300 0.131800 0.115100 0.036700 0.028100
KillerWhal 0.330000 0.272500 0.306600 0.000000 0.269700 0.338200 0.301000 0.343700 0.290700 0.313000 0.328300 0.281300 0.275600 0.310100 0.286400 0.308300 0.253500 0.282000 0.303700 0.303700 0.288500 0.323500 0.291300 0.294200 0.335800 0.320600 0.274800 0.304000 0.309300 0.306900 0.334900 0.278700 0.285000 0.277200 0.286300 0.301800 0.316600 0.286100 0.316000 0.277200 0.323700 0.309700 0.332100 0.381700 0.301100 0.318300 0.337400 0.317000 0.297300 0.320300 0.272700 0.306000
DefassaWat 0.078800 0.277400 0.098500 0.269700 0.000000 0.088000 0.079700 0.131800 0.097300 0.135200 0.090500 0.077700 0.082500 0.078900 0.085400 0.104100 0.118900 0.134700 0.073600 0.097400 0.100200 0.104700 0.133100 0.127100 0.090800 0.100900 0.079000 0.082600 0.109800 0.083300 0.149900 0.080300 0.135800 0.079800 0.078900 0.100100 0.101500 0.063100 0.112400 0.113900 0.139100 0.112000 0.140700 0.198700 0.089800 0.145800 0.132100 0.092800 0.101400 0.127200 0.096800 0.098200
Sheep 0.009400 0.322700 0.127700 0.338200 0.088000 0.000000 0.109300 0.140300 0.147100 0.160200 0.058600 0.116800 0.132000 0.108100 0.125900 0.133500 0.148100 0.153600 0.062600 0.136700 0.140700 0.072600 0.163800 0.179500 0.058800 0.141600 0.118700 0.132100 0.128700 0.133100 0.174700 0.120800 0.154700 0.120000 0.129100 0.138600 0.069000 0.123200 0.143000 0.144700 0.158900 0.142200 0.165800 0.227900 0.128000 0.176900 0.173300 0.112500 0.153400 0.156200 0.146400 0.137800
MaxwellsDu 0.100200 0.309500 0.099000 0.301000 0.079700 0.109300 0.000000 0.132600 0.108200 0.158400 0.101800 0.098500 0.113700 0.053900 0.085900 0.115200 0.119100 0.145500 0.074000 0.097900 0.085200 0.116000 0.140200 0.150000 0.102100 0.101600 0.100100 0.093200 0.121000 0.094000 0.173200 0.054900 0.158200 0.101200 0.110600 0.110700 0.102300 0.126300 0.102500 0.148100 0.146300 0.112800 0.164100 0.226000 0.130800 0.163500 0.122400 0.115100 0.112900 0.138300 0.107700 0.098700
GazellaPrz 0.131200 0.328000 0.151000 0.343700 0.131800 0.140300 0.132600 0.000000 0.170900 0.197300 0.133500 0.150200 0.144300 0.120500 0.149700 0.093500 0.183000 0.199700 0.125500 0.154800 0.089900 0.158400 0.189600 0.205500 0.144800 0.100800 0.131000 0.155400 0.099100 0.145700 0.200500 0.155700 0.184900 0.132400 0.141600 0.161400 0.133900 0.146800 0.123400 0.175100 0.196200 0.090700 0.203200 0.263300 0.171600 0.191100 0.121500 0.182000 0.167100 0.169200 0.170100 0.161400
MountainNy 0.138300 0.305200 0.051600 0.290700 0.097300 0.147100 0.108200 0.170900 0.000000 0.169700 0.119300 0.110700 0.130500 0.107100 0.124300 0.121800 0.147000 0.173600 0.111800 0.060500 0.139100 0.143700 0.162500 0.183300 0.130300 0.140100 0.127800 0.027300 0.137800 0.046800 0.195300 0.109000 0.153400 0.118600 0.096900 0.112400 0.141200 0.143100 0.162700 0.170700 0.157600 0.151400 0.186500 0.259700 0.112100 0.191100 0.182200 0.143700 0.151600 0.149700 0.050600 0.051600
MuntiacusM 0.151100 0.315300 0.171700 0.313000 0.135200 0.160200 0.158400 0.197300 0.169700 0.000000 0.136800 0.148600 0.153600 0.145300 0.136500 0.155700 0.153500 0.170100 0.123100 0.169700 0.169200 0.156800 0.076300 0.118400 0.142800 0.158900 0.140000 0.170500 0.167600 0.171900 0.034400 0.159700 0.183000 0.130400 0.128900 0.176400 0.154400 0.178100 0.183900 0.104800 0.071400 0.171200 0.024900 0.173700 0.186900 0.232800 0.204100 0.157200 0.194800 0.207300 0.185500 0.171200
goat 0.049200 0.324200 0.120600 0.328300 0.090500 0.058600 0.101800 0.133500 0.119300 0.136800 0.000000 0.109500 0.114500 0.090200 0.107900 0.105400 0.147000 0.163400 0.044100 0.119200 0.133800 0.044300 0.140500 0.167900 0.019800 0.123800 0.100800 0.114700 0.121700 0.126200 0.151600 0.113500 0.153700 0.102000 0.111300 0.131800 0.029900 0.105500 0.136200 0.143500 0.135600 0.124300 0.142400 0.208900 0.141900 0.170700 0.145100 0.116000 0.146600 0.160500 0.139800 0.120300
AfricanBuf 0.107800 0.271800 0.096500 0.281300 0.077700 0.116800 0.098500 0.150200 0.110700 0.148600 0.109500 0.000000 0.105900 0.097400 0.093900 0.101800 0.091200 0.116400 0.092100 0.090600 0.108500 0.113100 0.141700 0.162100 0.109800 0.119600 0.092500 0.090900 0.107400 0.091600 0.163100 0.109700 0.143500 0.088300 0.087300 0.088200 0.099500 0.122900 0.137100 0.138500 0.147700 0.130800 0.142900 0.224800 0.088000 0.164700 0.150600 0.112000 0.120300 0.104400 0.095100 0.096300
Topi 0.123100 0.289100 0.121700 0.275600 0.082500 0.132000 0.113700 0.144300 0.130500 0.153600 0.114500 0.105900 0.000000 0.102300 0.109200 0.137500 0.142000 0.152600 0.107100 0.130700 0.123500 0.133800 0.146600 0.167000 0.114800 0.134900 0.023400 0.115700 0.138100 0.127100 0.168000 0.114500 0.159200 0.052800 0.097200 0.112800 0.130900 0.107300 0.157600 0.143500 0.141800 0.135600 0.148100 0.242300 0.112400 0.192800 0.166400 0.138700 0.146700 0.140000 0.119800 0.121500
CommonDuik 0.099100 0.312900 0.098000 0.310100 0.078900 0.108100 0.053900 0.120500 0.107100 0.145300 0.090200 0.097400 0.102300 0.000000 0.105800 0.113900 0.128700 0.155200 0.083300 0.097000 0.099700 0.114700 0.138500 0.148300 0.100900 0.100400 0.088700 0.092300 0.119600 0.093000 0.159900 0.049200 0.145200 0.089700 0.099000 0.109600 0.101100 0.114400 0.122800 0.146300 0.144600 0.111500 0.150800 0.223300 0.129500 0.167500 0.132000 0.124800 0.122200 0.126600 0.106600 0.097800
Suni 0.116700 0.279900 0.115200 0.286400 0.085400 0.125900 0.085900 0.149700 0.124300 0.136500 0.107900 0.093900 0.109200 0.105800 0.000000 0.111300 0.130500 0.158300 0.089900 0.113900 0.106800 0.111500 0.119400 0.151500 0.097300 0.107500 0.095500 0.109200 0.116400 0.110100 0.151300 0.107900 0.158900 0.096500 0.105600 0.126600 0.108300 0.132400 0.120300 0.137200 0.125400 0.118900 0.142100 0.212800 0.136600 0.170300 0.128300 0.110100 0.113600 0.156200 0.113400 0.104200
Springbuck 0.124600 0.305300 0.133600 0.308300 0.104100 0.133500 0.115200 0.093500 0.121800 0.155700 0.105400 0.101800 0.137500 0.113900 0.111300 0.000000 0.148800 0.164800 0.108400 0.132100 0.083700 0.119400 0.159700 0.180500 0.105700 0.073900 0.124200 0.117300 0.052800 0.128500 0.181500 0.137500 0.160800 0.114900 0.113600 0.133900 0.116500 0.139900 0.106000 0.168000 0.165900 0.064000 0.172600 0.245500 0.143900 0.183100 0.104200 0.151700 0.148600 0.162200 0.141800 0.133200
Okapi 0.139300 0.232400 0.132600 0.253500 0.118900 0.148100 0.119100 0.183000 0.147000 0.153500 0.147000 0.091200 0.142000 0.128700 0.130500 0.148800 0.000000 0.051500 0.128300 0.126100 0.145400 0.155500 0.135800 0.156100 0.152800 0.162800 0.128700 0.131800 0.160100 0.132700 0.167800 0.131000 0.117100 0.119600 0.128700 0.118000 0.153100 0.154400 0.186500 0.143400 0.141800 0.174600 0.158900 0.230200 0.137700 0.198900 0.194800 0.156000 0.163800 0.166200 0.135700 0.132300
Giraffe 0.155400 0.250100 0.159000 0.282000 0.134700 0.153600 0.145500 0.199700 0.173600 0.170100 0.163400 0.116400 0.152600 0.155200 0.158300 0.164800 0.051500 0.000000 0.144100 0.157300 0.172300 0.182700 0.162800 0.172400 0.169400 0.179300 0.139400 0.158000 0.176400 0.148400 0.184400 0.158000 0.137900 0.130300 0.133900 0.143000 0.180800 0.159800 0.203500 0.160000 0.168900 0.191400 0.175600 0.259900 0.153000 0.216200 0.200300 0.161700 0.191600 0.171200 0.172300 0.158600
TibetanAnt 0.053300 0.299700 0.102700 0.303700 0.073600 0.062600 0.074000 0.125500 0.111800 0.123100 0.044100 0.092100 0.107100 0.083300 0.089900 0.108400 0.128300 0.144100 0.000000 0.101600 0.104700 0.068400 0.127400 0.158800 0.054300 0.105400 0.093600 0.107200 0.114100 0.108100 0.148700 0.095300 0.145400 0.094600 0.093500 0.104300 0.064600 0.119300 0.117100 0.124000 0.122500 0.116500 0.139600 0.210700 0.114000 0.150300 0.147400 0.108100 0.116600 0.141700 0.121500 0.102500
Sitatunga 0.127800 0.312000 0.047100 0.303700 0.097400 0.136700 0.097900 0.154800 0.060500 0.169700 0.119200 0.090600 0.130700 0.097000 0.113900 0.132100 0.126100 0.157300 0.101600 0.000000 0.128600 0.143600 0.151700 0.172300 0.130200 0.129500 0.117400 0.051100 0.132900 0.042000 0.184100 0.109100 0.132000 0.118700 0.097000 0.107500 0.141000 0.143200 0.151900 0.159600 0.146800 0.140700 0.175300 0.247800 0.117100 0.185300 0.160600 0.122000 0.151600 0.124100 0.055400 0.046700
Oribi 0.131700 0.291300 0.130100 0.288500 0.100200 0.140700 0.085200 0.089900 0.139100 0.169200 0.133800 0.108500 0.123500 0.099700 0.106800 0.083700 0.145400 0.172300 0.104700 0.128600 0.000000 0.137100 0.150600 0.171600 0.134200 0.080200 0.110000 0.124000 0.089200 0.124900 0.172400 0.123200 0.163100 0.111200 0.110000 0.141100 0.123600 0.147400 0.102200 0.158900 0.168200 0.080700 0.175000 0.224700 0.151100 0.169000 0.121900 0.148200 0.117800 0.159100 0.128100 0.129700
BarbaryShe 0.063400 0.320200 0.145200 0.323500 0.104700 0.072600 0.116000 0.158400 0.143700 0.156800 0.044300 0.113100 0.133800 0.114700 0.111500 0.119400 0.155500 0.182700 0.068400 0.143600 0.137100 0.000000 0.160400 0.187700 0.043800 0.138000 0.125400 0.128600 0.135800 0.140100 0.171400 0.127800 0.173100 0.126800 0.136100 0.145300 0.044300 0.130100 0.150600 0.163600 0.155500 0.127700 0.162300 0.230900 0.155400 0.151100 0.181300 0.119500 0.149800 0.174200 0.143000 0.144900
Daviddeer 0.154700 0.293400 0.153400 0.291300 0.133100 0.163800 0.140200 0.189600 0.162500 0.076300 0.140500 0.141700 0.146600 0.138500 0.119400 0.159700 0.135800 0.162800 0.127400 0.151700 0.150600 0.160400 0.000000 0.090700 0.146600 0.163000 0.133100 0.152400 0.171600 0.153600 0.091000 0.141300 0.164400 0.134600 0.122200 0.158600 0.158100 0.181500 0.164700 0.087600 0.034800 0.175300 0.081600 0.165600 0.179600 0.224200 0.184700 0.167300 0.180900 0.188500 0.167200 0.142000
Reindeer 0.170500 0.315600 0.174200 0.294200 0.127100 0.179500 0.150000 0.205500 0.183300 0.118400 0.167900 0.162100 0.167000 0.148300 0.151500 0.180500 0.156100 0.172400 0.158800 0.172300 0.171600 0.187700 0.090700 0.000000 0.174100 0.172900 0.153700 0.173000 0.181300 0.174400 0.122100 0.151200 0.184900 0.155400 0.142700 0.167900 0.174400 0.186100 0.174400 0.076200 0.096300 0.185300 0.123700 0.087400 0.178000 0.221700 0.194300 0.177200 0.173800 0.187000 0.187700 0.173700
Ibex 0.049400 0.332500 0.131700 0.335800 0.090800 0.058800 0.102100 0.144800 0.130300 0.142800 0.019800 0.109800 0.114800 0.100900 0.097300 0.105700 0.152800 0.169400 0.054300 0.130200 0.134200 0.043800 0.146600 0.174100 0.000000 0.124200 0.111700 0.115000 0.122100 0.126500 0.157700 0.113800 0.148600 0.113000 0.116800 0.132200 0.029700 0.116400 0.136700 0.149600 0.130500 0.124700 0.137200 0.217300 0.142300 0.171300 0.156600 0.116300 0.147100 0.150300 0.140200 0.131400
GyrantGaze 0.132500 0.323500 0.130900 0.320600 0.100900 0.141600 0.101600 0.100800 0.140100 0.158900 0.123800 0.119600 0.134900 0.100400 0.107500 0.073900 0.162800 0.179300 0.105400 0.129500 0.080200 0.138000 0.163000 0.172900 0.124200 0.000000 0.121400 0.124800 0.079000 0.125800 0.162100 0.124000 0.164400 0.122800 0.110800 0.141900 0.124400 0.148400 0.102900 0.159600 0.169400 0.049600 0.153000 0.238900 0.152100 0.169900 0.111800 0.149200 0.135100 0.160100 0.139400 0.130600
Hartebeest 0.109600 0.289000 0.098200 0.274800 0.079000 0.118700 0.100100 0.131000 0.127800 0.140000 0.100800 0.092500 0.023400 0.088700 0.095500 0.124200 0.128700 0.139400 0.093600 0.117400 0.110000 0.125400 0.133100 0.153700 0.111700 0.121400 0.000000 0.112800 0.124900 0.113700 0.154600 0.111500 0.156700 0.028900 0.094000 0.099700 0.117300 0.104200 0.133300 0.129800 0.139100 0.122100 0.145500 0.217300 0.109500 0.167700 0.153100 0.124900 0.122400 0.137300 0.106800 0.108100
Bongo 0.123200 0.294500 0.042000 0.304000 0.082600 0.132100 0.093200 0.155400 0.027300 0.170500 0.114700 0.090900 0.115700 0.092300 0.109200 0.117300 0.131800 0.158000 0.107200 0.051100 0.124000 0.128600 0.152400 0.173000 0.115000 0.124800 0.112800 0.000000 0.133300 0.027900 0.173900 0.093900 0.148700 0.114000 0.092300 0.093200 0.125800 0.117700 0.147200 0.160300 0.147400 0.136000 0.176100 0.248900 0.092900 0.180600 0.166700 0.128000 0.136200 0.129600 0.041100 0.042200
Gerenuk 0.119700 0.312700 0.139400 0.309300 0.109800 0.128700 0.121000 0.099100 0.137800 0.167600 0.121700 0.107400 0.138100 0.119600 0.116400 0.052800 0.160100 0.176400 0.114100 0.132900 0.089200 0.135800 0.171600 0.181300 0.122100 0.079000 0.124900 0.133300 0.000000 0.134300 0.182300 0.143600 0.156000 0.120800 0.130100 0.139800 0.122200 0.146000 0.111900 0.180100 0.166700 0.069100 0.184800 0.247000 0.149900 0.178100 0.120600 0.158000 0.154800 0.157800 0.147700 0.139100
CommonElan 0.124200 0.309200 0.041900 0.306900 0.083300 0.133100 0.094000 0.145700 0.046800 0.171900 0.126200 0.091600 0.127100 0.093000 0.110100 0.128500 0.132700 0.148400 0.108100 0.042000 0.124900 0.140100 0.153600 0.174400 0.126500 0.125800 0.113700 0.027900 0.134300 0.000000 0.186400 0.105200 0.139300 0.115000 0.103300 0.093800 0.137500 0.129100 0.148400 0.161600 0.148600 0.137100 0.177500 0.251000 0.103400 0.182100 0.157300 0.118200 0.137200 0.110100 0.041500 0.042500
MuntiacusR 0.165700 0.317600 0.186200 0.334900 0.149900 0.174700 0.173200 0.200500 0.195300 0.034400 0.151600 0.163100 0.168000 0.159900 0.151300 0.181500 0.167800 0.184400 0.148700 0.184100 0.172400 0.171400 0.091000 0.122100 0.157700 0.162100 0.154600 0.173900 0.182300 0.186400 0.000000 0.174600 0.191900 0.156300 0.143500 0.179700 0.169200 0.181500 0.198800 0.119700 0.075700 0.186100 0.029500 0.165300 0.190100 0.235600 0.218800 0.172300 0.209700 0.210400 0.199800 0.185700
HarveysDui 0.111600 0.286800 0.110300 0.278700 0.080300 0.120800 0.054900 0.155700 0.109000 0.159700 0.113500 0.109700 0.114500 0.049200 0.107900 0.137500 0.131000 0.158000 0.095300 0.109100 0.123200 0.127800 0.141300 0.151200 0.113800 0.124000 0.111500 0.093900 0.143600 0.105200 0.174600 0.000000 0.147900 0.112800 0.100700 0.111700 0.114000 0.127200 0.103500 0.149300 0.147500 0.135700 0.165400 0.228000 0.121500 0.176500 0.145700 0.127300 0.124800 0.150100 0.108400 0.110000
Pronghorn 0.145800 0.297800 0.149600 0.285000 0.135800 0.154700 0.158200 0.184900 0.153400 0.183000 0.153700 0.143500 0.159200 0.145200 0.158900 0.160800 0.117100 0.137900 0.145400 0.132000 0.163100 0.173100 0.164400 0.184900 0.148600 0.164400 0.156700 0.148700 0.156000 0.139300 0.191900 0.147900 0.000000 0.158400 0.151200 0.154900 0.171000 0.172700 0.193900 0.172700 0.159600 0.170400 0.177300 0.256500 0.165000 0.217700 0.191300 0.174500 0.193300 0.162500 0.152600 0.149300
BlueWildeb 0.110900 0.304200 0.109600 0.277200 0.079800 0.120000 0.101200 0.132400 0.118600 0.130400 0.102000 0.088300 0.052800 0.089700 0.096500 0.114900 0.119600 0.130300 0.094600 0.118700 0.111200 0.126800 0.134600 0.155400 0.113000 0.122800 0.028900 0.114000 0.120800 0.115000 0.156300 0.112800 0.158400 0.000000 0.095000 0.110700 0.124000 0.115800 0.134900 0.131300 0.140700 0.134300 0.147100 0.219800 0.120600 0.169700 0.154800 0.115300 0.123800 0.138700 0.118100 0.119700
Gemsbok 0.120100 0.294000 0.098000 0.286300 0.078900 0.129100 0.110600 0.141600 0.096900 0.128900 0.111300 0.087300 0.097200 0.099000 0.105600 0.113600 0.128700 0.133900 0.093500 0.097000 0.110000 0.136100 0.122200 0.142700 0.116800 0.110800 0.094000 0.092300 0.130100 0.103300 0.143500 0.100700 0.151200 0.095000 0.000000 0.129800 0.133400 0.124800 0.155200 0.118700 0.128100 0.132800 0.134300 0.216900 0.119400 0.190300 0.169200 0.130200 0.144000 0.137000 0.106600 0.097800
Yak 0.129900 0.282100 0.098700 0.301800 0.100100 0.138600 0.110700 0.161400 0.112400 0.176400 0.131800 0.088200 0.112800 0.109600 0.126600 0.133900 0.118000 0.143000 0.104300 0.107500 0.141100 0.145300 0.158600 0.167900 0.132200 0.141900 0.099700 0.093200 0.139800 0.093800 0.179700 0.111700 0.154900 0.110700 0.129800 0.000000 0.132200 0.124500 0.153700 0.160700 0.154000 0.142600 0.170600 0.229500 0.026300 0.197700 0.172600 0.145400 0.153200 0.125800 0.107000 0.098500
BlueSheep 0.059600 0.319900 0.142700 0.316600 0.101500 0.069000 0.102300 0.133900 0.141200 0.154400 0.029900 0.099500 0.130900 0.101100 0.108300 0.116500 0.153100 0.180800 0.064600 0.141000 0.123600 0.044300 0.158100 0.174400 0.029700 0.124400 0.117300 0.125800 0.122200 0.137500 0.169200 0.114000 0.171000 0.124000 0.133400 0.132200 0.000000 0.116400 0.136900 0.155300 0.153100 0.124900 0.160000 0.217700 0.142400 0.160100 0.156900 0.127700 0.136200 0.172100 0.140400 0.142300
BohorReedb 0.114200 0.299900 0.134200 0.286100 0.063100 0.123200 0.126300 0.146800 0.143100 0.178100 0.105500 0.122900 0.107300 0.114400 0.132400 0.139900 0.154400 0.159800 0.119300 0.143200 0.147400 0.130100 0.181500 0.186100 0.116400 0.148400 0.104200 0.117700 0.146000 0.129100 0.181500 0.127200 0.172700 0.115800 0.124800 0.124500 0.116400 0.000000 0.160700 0.156300 0.187900 0.138200 0.183800 0.243900 0.124100 0.184100 0.169400 0.130100 0.149100 0.163100 0.132000 0.133900
KirksDik 0.133800 0.339400 0.132000 0.316000 0.112400 0.143000 0.102500 0.123400 0.162700 0.183900 0.136200 0.137100 0.157600 0.122800 0.120300 0.106000 0.186500 0.203500 0.117100 0.151900 0.102200 0.150600 0.164700 0.174400 0.136700 0.102900 0.133300 0.147200 0.111900 0.148400 0.198800 0.103500 0.193900 0.134900 0.155200 0.153700 0.136900 0.160700 0.000000 0.150000 0.171200 0.103500 0.189800 0.228700 0.164000 0.165700 0.091600 0.162200 0.114300 0.172300 0.151200 0.153200
RoeDeer 0.135400 0.291600 0.150300 0.277200 0.113900 0.144700 0.148100 0.175100 0.170700 0.104800 0.143500 0.138500 0.143500 0.146300 0.137200 0.168000 0.143400 0.160000 0.124000 0.159600 0.158900 0.163600 0.087600 0.076200 0.149600 0.159600 0.129800 0.160300 0.180100 0.161600 0.119700 0.149300 0.172700 0.131300 0.118700 0.160700 0.155300 0.156300 0.150000 0.000000 0.093400 0.172000 0.110200 0.147200 0.171200 0.197800 0.181600 0.152700 0.160900 0.163700 0.175400 0.161000
WhiteLippe 0.149700 0.313100 0.148400 0.323700 0.139100 0.158900 0.146300 0.196200 0.157600 0.071400 0.135600 0.147700 0.141800 0.144600 0.125400 0.165900 0.141800 0.168900 0.122500 0.146800 0.168200 0.155500 0.034800 0.096300 0.130500 0.169400 0.139100 0.147400 0.166700 0.148600 0.075700 0.147500 0.159600 0.140700 0.128100 0.154000 0.153100 0.187900 0.171200 0.093400 0.000000 0.181800 0.066200 0.160500 0.175000 0.212800 0.191300 0.162200 0.193600 0.183800 0.162200 0.137000
ThomsonGaz 0.133100 0.300300 0.131600 0.309700 0.112000 0.142200 0.112800 0.090700 0.151400 0.171200 0.124300 0.130800 0.135600 0.111500 0.118900 0.064000 0.174600 0.191400 0.116500 0.140700 0.080700 0.127700 0.175300 0.185300 0.124700 0.049600 0.122100 0.136000 0.069100 0.137100 0.186100 0.135700 0.170400 0.134300 0.132800 0.142600 0.124900 0.138200 0.103500 0.172000 0.181800 0.000000 0.177000 0.252800 0.152800 0.170700 0.112400 0.149900 0.135800 0.161000 0.140100 0.131200
MuntiacusC 0.156600 0.321500 0.177300 0.332100 0.140700 0.165800 0.164100 0.203200 0.186500 0.024900 0.142400 0.142900 0.148100 0.150800 0.142100 0.172600 0.158900 0.175600 0.139600 0.175300 0.175000 0.162300 0.081600 0.123700 0.137200 0.153000 0.145500 0.176100 0.184800 0.177500 0.029500 0.165400 0.177300 0.147100 0.134300 0.170600 0.160000 0.183800 0.189800 0.110200 0.066200 0.177000 0.000000 0.167500 0.181100 0.238700 0.210000 0.162900 0.200700 0.190100 0.191100 0.176800
WhiteTaile 0.218900 0.398700 0.238800 0.381700 0.198700 0.227900 0.226000 0.263300 0.259700 0.173700 0.208900 0.224800 0.242300 0.223300 0.212800 0.245500 0.230200 0.259900 0.210700 0.247800 0.224700 0.230900 0.165600 0.087400 0.217300 0.238900 0.217300 0.248900 0.247000 0.251000 0.165300 0.228000 0.256500 0.219800 0.216900 0.229500 0.217700 0.243900 0.228700 0.147200 0.160500 0.252800 0.167500 0.000000 0.246300 0.268500 0.249500 0.239300 0.240500 0.250800 0.252500 0.250000
Cattle 0.119400 0.281100 0.108400 0.301100 0.089800 0.128000 0.130800 0.171600 0.112100 0.186900 0.141900 0.088000 0.112400 0.129500 0.136600 0.143900 0.137700 0.153000 0.114000 0.117100 0.151100 0.155400 0.179600 0.178000 0.142300 0.152100 0.109500 0.092900 0.149900 0.103400 0.190100 0.121500 0.165000 0.120600 0.119400 0.026300 0.142400 0.124100 0.164000 0.171200 0.175000 0.152800 0.181100 0.246300 0.000000 0.208400 0.182900 0.145200 0.163500 0.125600 0.106700 0.108100
RoyalAntel 0.167800 0.332900 0.176300 0.318300 0.145800 0.176900 0.163500 0.191100 0.191100 0.232800 0.170700 0.164700 0.192800 0.167500 0.170300 0.183100 0.198900 0.216200 0.150300 0.185300 0.169000 0.151100 0.224200 0.221700 0.171300 0.169900 0.167700 0.180600 0.178100 0.182100 0.235600 0.176500 0.217700 0.169700 0.190300 0.197700 0.160100 0.184100 0.165700 0.197800 0.212800 0.170700 0.238700 0.268500 0.208400 0.000000 0.185600 0.151000 0.159500 0.218000 0.168100 0.187000
Steenbok 0.164400 0.333200 0.162200 0.337400 0.132100 0.173300 0.122400 0.121500 0.182200 0.204100 0.145100 0.150600 0.166400 0.132000 0.128300 0.104200 0.194800 0.200300 0.147400 0.160600 0.121900 0.181300 0.184700 0.194300 0.156600 0.111800 0.153100 0.166700 0.120600 0.157300 0.218800 0.145700 0.191300 0.154800 0.169200 0.172600 0.156900 0.169400 0.091600 0.181600 0.191300 0.112400 0.210000 0.249500 0.182900 0.185600 0.000000 0.159500 0.167600 0.181100 0.170600 0.172800
Impala 0.103100 0.331400 0.134300 0.317000 0.092800 0.112500 0.115100 0.182000 0.143700 0.157200 0.116000 0.112000 0.138700 0.124800 0.110100 0.151700 0.156000 0.161700 0.108100 0.122000 0.148200 0.119500 0.167300 0.177200 0.116300 0.149200 0.124900 0.128000 0.158000 0.118200 0.172300 0.127300 0.174500 0.115300 0.130200 0.145400 0.127700 0.130100 0.162200 0.152700 0.162200 0.149900 0.162900 0.239300 0.145200 0.151000 0.159500 0.000000 0.161600 0.142700 0.132100 0.133900
Klipspring 0.144200 0.325000 0.131800 0.297300 0.101400 0.153400 0.112900 0.167100 0.151600 0.194800 0.146600 0.120300 0.146700 0.122200 0.113600 0.148600 0.163800 0.191600 0.116600 0.151600 0.117800 0.149800 0.180900 0.173800 0.147100 0.135100 0.122400 0.136200 0.154800 0.137200 0.209700 0.124800 0.193300 0.123800 0.144000 0.153200 0.136200 0.149100 0.114300 0.160900 0.193600 0.135800 0.200700 0.240500 0.163500 0.159500 0.167600 0.161600 0.000000 0.182800 0.129700 0.142100
ForestMusk 0.147500 0.321900 0.115100 0.320300 0.127200 0.156200 0.138300 0.169200 0.149700 0.207300 0.160500 0.104400 0.140000 0.126600 0.156200 0.162200 0.166200 0.171200 0.141700 0.124100 0.159100 0.174200 0.188500 0.187000 0.150300 0.160100 0.137300 0.129600 0.157800 0.110100 0.210400 0.150100 0.162500 0.138700 0.137000 0.125800 0.172100 0.163100 0.172300 0.163700 0.183800 0.161000 0.190100 0.250800 0.125600 0.218000 0.181100 0.142700 0.182800 0.000000 0.123500 0.125000
Bushbuck 0.137600 0.286400 0.036700 0.272700 0.096800 0.146400 0.107700 0.170100 0.050600 0.185500 0.139800 0.095100 0.119800 0.106600 0.113400 0.141800 0.135700 0.172300 0.121500 0.055400 0.128100 0.143000 0.167200 0.187700 0.140200 0.139400 0.106800 0.041100 0.147700 0.041500 0.199800 0.108400 0.152600 0.118100 0.106600 0.107000 0.140400 0.132000 0.151200 0.175400 0.162200 0.140100 0.191100 0.252500 0.106700 0.168100 0.170600 0.132100 0.129700 0.123500 0.000000 0.046600
GreaterKud 0.128900 0.272400 0.028100 0.306000 0.098200 0.137800 0.098700 0.161400 0.051600 0.171200 0.120300 0.096300 0.121500 0.097800 0.104200 0.133200 0.132300 0.158600 0.102500 0.046700 0.129700 0.144900 0.142000 0.173700 0.131400 0.130600 0.108100 0.042200 0.139100 0.042500 0.185700 0.110000 0.149300 0.119700 0.097800 0.098500 0.142300 0.133900 0.153200 0.161000 0.137000 0.131200 0.176800 0.250000 0.108100 0.187000 0.172800 0.133900 0.142100 0.125000 0.046600 0.000000
