CODONML (in paml version 4.10.7, June 2023)  /home/rachel/ruminants_paml/6406-phy-tree/ENSBTAT00000012576.fasta.phy
Model: free dN/dS Ratios for branches,  kappa = 2.000 fixed

Codon frequency model: F3x4
ns =  54  ls =  76

Codon usage in sequences
--------------------------------------------------------------------------------------------------------------------------------------
Phe TTT   1   1   1   1   1   1 | Ser TCT   1   0   2   1   1   1 | Tyr TAT   0   0   0   0   0   0 | Cys TGT   0   1   0   0   0   0
    TTC   2   2   2   2   3   2 |     TCC   0   1   0   0   0   0 |     TAC   1   1   1   1   1   1 |     TGC   1   0   1   1   1   1
Leu TTA   0   0   1   0   1   1 |     TCA   2   1   1   3   2   2 | *** TAA   0   0   0   0   0   0 | *** TGA   0   0   0   0   0   0
    TTG   4   3   3   4   3   4 |     TCG   1   2   1   0   1   1 |     TAG   0   0   0   0   0   0 | Trp TGG   1   1   1   1   1   1
--------------------------------------------------------------------------------------------------------------------------------------
Leu CTT   1   1   1   1   1   1 | Pro CCT   0   0   0   0   0   0 | His CAT   0   0   0   0   0   0 | Arg CGT   0   0   0   0   0   0
    CTC   1   1   1   1   1   1 |     CCC   3   2   2   2   2   2 |     CAC   0   0   0   0   0   0 |     CGC   0   0   0   0   0   0
    CTA   1   1   1   1   1   1 |     CCA   2   2   3   3   2   2 | Gln CAA   0   0   0   0   0   0 |     CGA   0   0   0   0   0   0
    CTG   1   2   1   1   1   1 |     CCG   0   1   0   0   1   1 |     CAG   3   3   3   3   3   2 |     CGG   0   0   0   0   0   0
--------------------------------------------------------------------------------------------------------------------------------------
Ile ATT   2   2   2   2   3   3 | Thr ACT   1   0   1   1   0   1 | Asn AAT   0   0   0   0   1   1 | Ser AGT   1   1   1   1   2   1
    ATC   3   4   3   3   1   2 |     ACC   1   1   0   0   0   0 |     AAC   2   2   2   2   1   1 |     AGC   2   2   2   2   1   2
    ATA   2   2   2   2   3   2 |     ACA   0   0   0   0   0   0 | Lys AAA   2   2   3   2   3   2 | Arg AGA   1   1   1   1   1   1
Met ATG   2   2   2   2   2   2 |     ACG   0   1   0   0   0   0 |     AAG   3   3   2   3   2   3 |     AGG   1   1   1   1   1   1
--------------------------------------------------------------------------------------------------------------------------------------
Val GTT   1   0   1   1   2   2 | Ala GCT   1   1   2   1   3   1 | Asp GAT   4   3   3   3   1   4 | Gly GGT   1   1   1   1   1   1
    GTC   2   3   2   2   1   0 |     GCC   2   3   2   3   2   4 |     GAC   3   4   4   4   6   3 |     GGC   0   0   0   0   1   0
    GTA   0   0   1   0   0   0 |     GCA   0   0   0   0   1   0 | Glu GAA   4   4   4   4   3   4 |     GGA   4   4   4   4   3   4
    GTG   3   2   2   3   2   3 |     GCG   1   0   1   1   0   0 |     GAG   0   0   0   0   1   1 |     GGG   1   1   1   1   1   1
--------------------------------------------------------------------------------------------------------------------------------------

--------------------------------------------------------------------------------------------------------------------------------------
Phe TTT   1   1   1   1   1   1 | Ser TCT   1   1   1   1   2   1 | Tyr TAT   0   0   0   0   0   0 | Cys TGT   0   1   0   0   0   1
    TTC   2   2   3   2   2   2 |     TCC   0   0   0   0   0   0 |     TAC   1   1   1   1   1   1 |     TGC   1   0   1   1   1   0
Leu TTA   0   0   0   0   1   0 |     TCA   2   2   2   3   1   2 | *** TAA   0   0   0   0   0   0 | *** TGA   0   0   0   0   0   0
    TTG   4   4   3   4   3   4 |     TCG   1   1   1   0   1   1 |     TAG   0   0   0   0   0   0 | Trp TGG   1   1   1   1   1   1
--------------------------------------------------------------------------------------------------------------------------------------
Leu CTT   1   1   1   1   1   1 | Pro CCT   0   0   1   0   0   0 | His CAT   0   0   0   0   0   0 | Arg CGT   0   0   0   0   0   0
    CTC   1   1   1   1   1   1 |     CCC   2   3   1   2   2   2 |     CAC   0   0   0   0   0   0 |     CGC   0   0   0   0   0   0
    CTA   1   1   1   1   1   1 |     CCA   2   2   3   3   3   3 | Gln CAA   0   0   0   0   0   0 |     CGA   0   0   0   0   0   0
    CTG   1   1   1   1   1   1 |     CCG   1   0   0   0   0   0 |     CAG   3   3   3   3   3   3 |     CGG   0   0   0   0   0   0
--------------------------------------------------------------------------------------------------------------------------------------
Ile ATT   3   2   2   2   2   2 | Thr ACT   1   1   1   1   1   1 | Asn AAT   0   0   0   0   0   0 | Ser AGT   1   1   1   1   1   1
    ATC   2   3   3   3   3   3 |     ACC   1   1   1   1   0   0 |     AAC   2   2   2   2   2   2 |     AGC   2   2   2   2   2   2
    ATA   2   2   2   2   2   2 |     ACA   0   0   0   0   0   0 | Lys AAA   2   2   2   2   3   2 | Arg AGA   1   1   2   1   1   1
Met ATG   2   2   2   2   2   2 |     ACG   0   0   0   0   0   0 |     AAG   3   3   3   3   2   3 |     AGG   1   1   0   1   1   1
--------------------------------------------------------------------------------------------------------------------------------------
Val GTT   1   1   1   1   1   1 | Ala GCT   1   1   1   1   2   1 | Asp GAT   3   4   3   3   3   3 | Gly GGT   1   1   1   1   1   1
    GTC   2   2   2   2   2   2 |     GCC   2   2   2   2   2   3 |     GAC   4   3   4   4   4   4 |     GGC   0   0   0   1   0   0
    GTA   0   0   0   0   1   0 |     GCA   0   0   1   1   0   0 | Glu GAA   4   4   3   4   4   4 |     GGA   4   4   5   4   4   4
    GTG   3   3   2   3   2   3 |     GCG   1   1   1   0   1   1 |     GAG   0   0   1   0   0   0 |     GGG   1   1   0   0   1   1
--------------------------------------------------------------------------------------------------------------------------------------

--------------------------------------------------------------------------------------------------------------------------------------
Phe TTT   1   1   1   1   1   1 | Ser TCT   1   1   1   1   1   1 | Tyr TAT   0   0   0   0   0   0 | Cys TGT   0   0   0   0   0   0
    TTC   2   2   2   3   2   2 |     TCC   0   0   0   0   0   0 |     TAC   1   1   1   1   1   1 |     TGC   1   1   1   1   1   1
Leu TTA   0   1   0   0   0   0 |     TCA   2   2   2   2   2   2 | *** TAA   0   0   0   0   0   0 | *** TGA   0   0   0   0   0   0
    TTG   4   3   4   3   4   4 |     TCG   1   1   1   1   1   1 |     TAG   0   0   0   0   0   0 | Trp TGG   1   1   1   1   1   1
--------------------------------------------------------------------------------------------------------------------------------------
Leu CTT   1   1   1   1   1   1 | Pro CCT   0   0   0   0   0   0 | His CAT   0   0   0   0   0   0 | Arg CGT   0   0   0   0   0   0
    CTC   1   1   1   1   1   1 |     CCC   3   2   3   2   1   2 |     CAC   0   0   0   0   0   0 |     CGC   0   0   0   0   0   0
    CTA   1   1   1   1   1   1 |     CCA   2   2   2   2   4   2 | Gln CAA   0   0   0   0   0   0 |     CGA   0   0   0   0   0   0
    CTG   1   1   1   1   1   1 |     CCG   0   1   0   1   0   1 |     CAG   3   3   3   3   3   3 |     CGG   0   0   0   0   0   0
--------------------------------------------------------------------------------------------------------------------------------------
Ile ATT   2   2   2   2   2   2 | Thr ACT   1   1   1   1   1   1 | Asn AAT   0   1   0   0   0   0 | Ser AGT   1   1   1   1   1   1
    ATC   3   3   3   3   3   3 |     ACC   1   0   1   1   1   1 |     AAC   2   1   2   2   2   2 |     AGC   2   2   2   2   2   2
    ATA   2   2   2   2   2   2 |     ACA   0   0   0   0   0   0 | Lys AAA   2   2   2   2   3   2 | Arg AGA   1   1   2   1   1   1
Met ATG   2   2   2   2   2   2 |     ACG   0   0   0   0   0   0 |     AAG   3   3   3   3   2   3 |     AGG   1   1   0   1   1   1
--------------------------------------------------------------------------------------------------------------------------------------
Val GTT   1   1   1   1   1   1 | Ala GCT   2   2   1   1   1   1 | Asp GAT   3   3   3   3   3   3 | Gly GGT   1   1   1   1   1   1
    GTC   2   2   2   2   2   2 |     GCC   1   2   2   2   2   2 |     GAC   4   4   4   4   4   4 |     GGC   0   0   0   0   0   1
    GTA   0   1   0   0   0   0 |     GCA   0   1   1   1   0   1 | Glu GAA   4   4   4   3   4   4 |     GGA   4   4   4   5   4   4
    GTG   3   2   3   3   3   3 |     GCG   1   0   0   0   1   0 |     GAG   0   0   0   1   0   0 |     GGG   1   1   1   0   1   0
--------------------------------------------------------------------------------------------------------------------------------------

--------------------------------------------------------------------------------------------------------------------------------------
Phe TTT   1   1   1   1   1   1 | Ser TCT   1   1   1   2   1   1 | Tyr TAT   0   0   0   0   0   0 | Cys TGT   1   0   0   0   0   0
    TTC   2   2   2   2   2   2 |     TCC   0   0   0   0   0   0 |     TAC   1   1   1   1   1   1 |     TGC   0   1   1   1   1   1
Leu TTA   0   0   0   1   0   0 |     TCA   3   3   2   1   2   2 | *** TAA   0   0   0   0   0   0 | *** TGA   0   0   0   0   0   0
    TTG   4   4   4   3   4   3 |     TCG   0   0   1   1   1   1 |     TAG   0   0   0   0   0   0 | Trp TGG   1   1   1   1   1   1
--------------------------------------------------------------------------------------------------------------------------------------
Leu CTT   1   1   1   1   1   1 | Pro CCT   0   1   0   0   0   0 | His CAT   0   0   0   0   0   0 | Arg CGT   0   0   0   0   0   0
    CTC   1   1   1   1   1   1 |     CCC   2   1   3   2   2   3 |     CAC   0   0   0   0   0   0 |     CGC   0   0   0   0   0   0
    CTA   1   1   1   1   1   1 |     CCA   2   2   2   3   2   2 | Gln CAA   0   0   0   0   0   0 |     CGA   0   0   0   0   0   0
    CTG   1   1   1   1   1   2 |     CCG   1   1   0   0   1   0 |     CAG   3   3   3   3   3   3 |     CGG   0   0   0   0   0   0
--------------------------------------------------------------------------------------------------------------------------------------
Ile ATT   3   2   3   2   2   2 | Thr ACT   1   1   1   1   1   1 | Asn AAT   1   0   0   0   1   0 | Ser AGT   1   1   1   1   1   1
    ATC   2   3   2   3   3   3 |     ACC   0   0   1   0   1   1 |     AAC   1   2   2   2   1   2 |     AGC   2   2   2   2   2   2
    ATA   2   2   2   2   2   2 |     ACA   0   0   0   0   0   0 | Lys AAA   2   2   2   3   2   2 | Arg AGA   1   1   1   1   1   1
Met ATG   2   2   2   2   2   2 |     ACG   0   0   0   0   0   0 |     AAG   3   3   3   2   3   3 |     AGG   1   1   1   1   1   1
--------------------------------------------------------------------------------------------------------------------------------------
Val GTT   2   1   1   1   1   1 | Ala GCT   1   1   1   2   1   1 | Asp GAT   3   3   3   3   3   3 | Gly GGT   1   1   1   1   1   1
    GTC   1   2   2   2   2   2 |     GCC   3   3   2   2   2   2 |     GAC   4   4   4   4   4   4 |     GGC   0   0   0   0   1   0
    GTA   0   0   0   1   0   0 |     GCA   0   0   0   0   1   0 | Glu GAA   4   4   4   4   4   4 |     GGA   4   4   4   4   4   4
    GTG   3   3   3   2   3   3 |     GCG   1   1   1   1   0   1 |     GAG   0   0   0   0   0   0 |     GGG   1   1   1   1   0   1
--------------------------------------------------------------------------------------------------------------------------------------

--------------------------------------------------------------------------------------------------------------------------------------
Phe TTT   1   1   1   1   1   1 | Ser TCT   1   1   1   1   1   2 | Tyr TAT   0   0   0   0   0   0 | Cys TGT   1   1   0   0   0   0
    TTC   2   2   2   2   2   2 |     TCC   0   0   0   0   0   0 |     TAC   1   1   1   1   1   1 |     TGC   0   0   1   1   1   1
Leu TTA   0   0   0   0   0   1 |     TCA   2   2   2   2   3   1 | *** TAA   0   0   0   0   0   0 | *** TGA   0   0   0   0   0   0
    TTG   4   4   4   4   4   3 |     TCG   1   1   1   1   0   1 |     TAG   0   0   0   0   0   0 | Trp TGG   1   1   1   1   1   1
--------------------------------------------------------------------------------------------------------------------------------------
Leu CTT   1   1   1   1   1   1 | Pro CCT   0   0   0   0   0   0 | His CAT   0   0   0   0   0   0 | Arg CGT   0   0   0   0   0   0
    CTC   1   1   1   1   1   1 |     CCC   2   3   3   2   3   2 |     CAC   0   0   0   0   0   0 |     CGC   0   0   0   0   0   0
    CTA   1   1   1   1   1   1 |     CCA   3   2   2   2   2   3 | Gln CAA   0   0   0   0   0   0 |     CGA   0   0   0   0   0   0
    CTG   1   1   1   1   1   1 |     CCG   0   0   0   1   0   0 |     CAG   3   3   3   3   3   3 |     CGG   0   0   0   0   0   0
--------------------------------------------------------------------------------------------------------------------------------------
Ile ATT   3   2   2   2   2   2 | Thr ACT   1   1   1   1   1   1 | Asn AAT   0   0   0   0   0   0 | Ser AGT   1   1   1   1   1   1
    ATC   2   3   3   3   3   3 |     ACC   0   0   1   1   1   0 |     AAC   2   2   2   2   2   2 |     AGC   2   2   2   2   2   2
    ATA   2   2   2   2   2   2 |     ACA   0   0   0   0   0   0 | Lys AAA   2   2   2   2   2   3 | Arg AGA   1   1   1   1   2   1
Met ATG   2   2   2   2   2   2 |     ACG   0   0   0   0   0   0 |     AAG   3   3   3   3   3   2 |     AGG   1   1   1   1   0   1
--------------------------------------------------------------------------------------------------------------------------------------
Val GTT   1   1   1   1   1   1 | Ala GCT   1   1   1   1   1   2 | Asp GAT   3   3   4   3   3   3 | Gly GGT   1   1   1   1   1   1
    GTC   2   2   2   2   2   2 |     GCC   3   3   2   2   2   2 |     GAC   4   4   3   4   4   4 |     GGC   0   0   0   1   0   0
    GTA   0   0   0   0   0   1 |     GCA   0   0   0   1   0   0 | Glu GAA   4   4   4   4   4   4 |     GGA   4   4   4   4   4   4
    GTG   3   3   3   3   3   2 |     GCG   1   1   1   0   1   1 |     GAG   0   0   0   0   0   0 |     GGG   1   1   1   0   1   1
--------------------------------------------------------------------------------------------------------------------------------------

--------------------------------------------------------------------------------------------------------------------------------------
Phe TTT   1   1   1   1   1   1 | Ser TCT   1   2   1   1   1   1 | Tyr TAT   0   0   0   0   0   0 | Cys TGT   1   0   1   0   0   0
    TTC   2   2   2   3   2   2 |     TCC   0   0   0   0   0   0 |     TAC   1   1   1   1   1   1 |     TGC   0   1   0   1   1   1
Leu TTA   0   1   0   0   0   0 |     TCA   2   1   2   2   2   2 | *** TAA   0   0   0   0   0   0 | *** TGA   0   0   0   0   0   0
    TTG   4   3   4   3   4   4 |     TCG   1   1   1   1   1   1 |     TAG   0   0   0   0   0   0 | Trp TGG   1   1   1   1   1   1
--------------------------------------------------------------------------------------------------------------------------------------
Leu CTT   1   1   1   1   1   1 | Pro CCT   0   0   0   0   0   0 | His CAT   0   0   0   0   0   0 | Arg CGT   0   0   0   0   0   0
    CTC   1   1   1   1   1   1 |     CCC   2   2   2   2   2   3 |     CAC   0   0   0   0   0   0 |     CGC   0   0   0   0   0   0
    CTA   1   1   1   1   2   1 |     CCA   2   2   3   2   3   2 | Gln CAA   0   0   0   0   0   0 |     CGA   0   0   0   0   0   0
    CTG   1   1   1   1   0   1 |     CCG   1   1   0   1   0   0 |     CAG   3   3   3   3   3   3 |     CGG   0   0   0   0   0   0
--------------------------------------------------------------------------------------------------------------------------------------
Ile ATT   2   2   2   2   3   2 | Thr ACT   1   1   1   1   1   1 | Asn AAT   1   0   0   0   1   0 | Ser AGT   1   1   1   1   1   1
    ATC   3   3   3   3   2   3 |     ACC   1   0   0   1   0   1 |     AAC   1   2   2   2   1   2 |     AGC   2   2   2   2   2   2
    ATA   2   2   2   2   2   2 |     ACA   0   0   0   0   0   0 | Lys AAA   2   3   2   2   2   2 | Arg AGA   1   1   1   1   1   2
Met ATG   2   2   2   2   2   2 |     ACG   0   0   0   0   0   0 |     AAG   3   2   3   3   3   3 |     AGG   1   1   1   1   1   0
--------------------------------------------------------------------------------------------------------------------------------------
Val GTT   1   1   1   1   2   1 | Ala GCT   1   2   1   1   1   1 | Asp GAT   3   3   3   3   2   3 | Gly GGT   1   1   1   1   1   1
    GTC   2   2   2   2   1   2 |     GCC   2   2   3   2   3   2 |     GAC   4   4   4   4   5   4 |     GGC   1   0   0   1   0   0
    GTA   0   1   0   0   0   0 |     GCA   1   1   0   1   0   1 | Glu GAA   4   4   4   3   4   4 |     GGA   4   4   4   4   4   4
    GTG   3   2   3   3   3   3 |     GCG   0   0   1   0   1   0 |     GAG   0   0   0   1   0   0 |     GGG   0   1   1   0   1   1
--------------------------------------------------------------------------------------------------------------------------------------

--------------------------------------------------------------------------------------------------------------------------------------
Phe TTT   1   1   1   1   1   1 | Ser TCT   1   1   1   1   1   1 | Tyr TAT   0   0   0   0   0   0 | Cys TGT   0   0   0   0   0   1
    TTC   2   2   2   2   2   2 |     TCC   0   0   0   0   0   0 |     TAC   1   1   1   1   1   1 |     TGC   1   1   1   1   1   0
Leu TTA   0   1   0   0   0   0 |     TCA   2   2   2   3   2   2 | *** TAA   0   0   0   0   0   0 | *** TGA   0   0   0   0   0   0
    TTG   4   3   4   3   4   4 |     TCG   1   1   1   0   1   1 |     TAG   0   0   0   0   0   0 | Trp TGG   1   1   1   1   1   1
--------------------------------------------------------------------------------------------------------------------------------------
Leu CTT   1   1   1   1   1   1 | Pro CCT   0   0   0   0   1   1 | His CAT   0   0   0   0   0   0 | Arg CGT   0   0   0   0   0   0
    CTC   1   1   1   1   1   1 |     CCC   3   2   3   2   0   2 |     CAC   0   0   0   0   0   0 |     CGC   0   0   0   0   0   0
    CTA   1   1   1   1   1   1 |     CCA   2   3   2   2   2   2 | Gln CAA   0   0   0   0   0   0 |     CGA   0   0   0   0   0   0
    CTG   1   1   1   2   1   1 |     CCG   0   0   0   1   2   0 |     CAG   3   3   3   3   3   3 |     CGG   0   0   0   0   0   0
--------------------------------------------------------------------------------------------------------------------------------------
Ile ATT   2   2   2   3   2   2 | Thr ACT   1   1   1   1   1   1 | Asn AAT   0   1   0   0   0   0 | Ser AGT   1   1   1   1   1   1
    ATC   3   3   3   2   3   3 |     ACC   1   0   1   1   1   0 |     AAC   2   1   2   2   2   2 |     AGC   2   2   2   2   1   2
    ATA   2   2   2   2   2   2 |     ACA   0   0   0   0   0   0 | Lys AAA   2   2   2   2   2   2 | Arg AGA   2   1   1   1   1   1
Met ATG   2   2   2   2   2   2 |     ACG   0   0   0   0   0   0 |     AAG   3   3   3   3   3   3 |     AGG   0   1   1   1   1   1
--------------------------------------------------------------------------------------------------------------------------------------
Val GTT   2   1   1   1   1   2 | Ala GCT   1   2   1   1   1   1 | Asp GAT   4   3   3   3   3   3 | Gly GGT   1   1   1   1   1   1
    GTC   1   2   2   2   2   1 |     GCC   2   2   2   2   2   3 |     GAC   3   4   4   4   4   4 |     GGC   0   0   0   0   2   0
    GTA   0   1   0   0   0   0 |     GCA   0   1   0   0   1   0 | Glu GAA   4   4   4   4   4   4 |     GGA   4   4   4   4   4   4
    GTG   3   2   3   3   3   3 |     GCG   1   0   1   1   0   1 |     GAG   0   0   0   0   0   0 |     GGG   1   1   1   1   0   1
--------------------------------------------------------------------------------------------------------------------------------------

--------------------------------------------------------------------------------------------------------------------------------------
Phe TTT   1   1   1   1   1   1 | Ser TCT   1   1   1   1   1   1 | Tyr TAT   0   0   0   0   0   0 | Cys TGT   1   0   1   1   0   0
    TTC   2   2   2   2   2   1 |     TCC   0   0   0   0   0   0 |     TAC   1   1   1   1   1   2 |     TGC   0   1   0   0   1   1
Leu TTA   0   0   0   0   1   0 |     TCA   2   2   2   2   2   2 | *** TAA   0   0   0   0   0   0 | *** TGA   0   0   0   0   0   0
    TTG   4   4   4   4   3   4 |     TCG   1   1   1   1   1   1 |     TAG   0   0   0   0   0   0 | Trp TGG   1   1   1   1   1   1
--------------------------------------------------------------------------------------------------------------------------------------
Leu CTT   1   1   1   1   1   1 | Pro CCT   0   0   0   1   0   0 | His CAT   0   0   0   0   0   0 | Arg CGT   0   0   0   0   0   0
    CTC   1   1   1   1   1   1 |     CCC   2   2   2   2   2   2 |     CAC   0   0   0   0   0   0 |     CGC   0   0   0   0   0   0
    CTA   1   1   1   1   1   1 |     CCA   3   2   3   2   3   2 | Gln CAA   0   0   0   0   0   0 |     CGA   0   0   0   0   0   0
    CTG   1   1   1   1   1   1 |     CCG   0   1   0   0   0   1 |     CAG   3   3   3   3   3   3 |     CGG   0   0   0   0   0   0
--------------------------------------------------------------------------------------------------------------------------------------
Ile ATT   3   2   2   2   2   2 | Thr ACT   1   1   1   1   1   1 | Asn AAT   0   0   0   0   1   0 | Ser AGT   1   1   1   1   1   1
    ATC   2   3   3   3   3   3 |     ACC   0   1   0   0   0   1 |     AAC   2   2   2   2   1   2 |     AGC   2   2   2   2   2   2
    ATA   2   2   2   2   2   2 |     ACA   0   0   0   0   0   0 | Lys AAA   2   2   2   2   2   2 | Arg AGA   1   1   1   1   1   1
Met ATG   2   2   2   2   2   2 |     ACG   0   0   0   0   0   0 |     AAG   3   3   3   3   3   3 |     AGG   1   1   1   1   1   1
--------------------------------------------------------------------------------------------------------------------------------------
Val GTT   1   1   1   1   1   1 | Ala GCT   1   1   1   1   2   1 | Asp GAT   3   3   3   3   3   2 | Gly GGT   1   1   1   1   1   0
    GTC   2   1   2   2   2   2 |     GCC   3   2   3   3   2   2 |     GAC   4   4   4   4   4   5 |     GGC   0   1   0   0   0   1
    GTA   0   0   0   0   1   0 |     GCA   1   1   0   0   1   1 | Glu GAA   4   4   4   4   4   4 |     GGA   4   4   4   4   4   4
    GTG   3   4   3   3   2   3 |     GCG   0   0   1   1   0   0 |     GAG   0   0   0   0   0   0 |     GGG   1   0   1   1   1   1
--------------------------------------------------------------------------------------------------------------------------------------

--------------------------------------------------------------------------------------------------------------------------------------
Phe TTT   1   1   1   1   1   1 | Ser TCT   1   0   1   1   2   2 | Tyr TAT   0   0   0   0   0   0 | Cys TGT   0   0   0   0   0   0
    TTC   2   2   2   2   2   2 |     TCC   0   0   0   0   0   0 |     TAC   1   1   1   1   1   1 |     TGC   1   1   1   1   1   1
Leu TTA   0   0   0   0   1   1 |     TCA   2   3   2   3   1   1 | *** TAA   0   0   0   0   0   0 | *** TGA   0   0   0   0   0   0
    TTG   4   4   4   4   3   3 |     TCG   1   1   1   0   1   1 |     TAG   0   0   0   0   0   0 | Trp TGG   1   1   1   1   1   1
--------------------------------------------------------------------------------------------------------------------------------------
Leu CTT   1   1   1   1   1   1 | Pro CCT   0   0   0   0   0   0 | His CAT   0   0   0   0   0   0 | Arg CGT   0   0   0   0   0   0
    CTC   1   1   1   1   1   1 |     CCC   2   2   2   2   2   2 |     CAC   0   0   0   0   0   0 |     CGC   0   0   0   0   0   0
    CTA   1   1   1   1   1   1 |     CCA   2   2   2   3   2   3 | Gln CAA   0   0   0   0   0   0 |     CGA   0   0   0   0   0   0
    CTG   1   1   1   1   1   1 |     CCG   1   1   1   0   1   0 |     CAG   3   3   3   3   3   3 |     CGG   0   0   0   0   0   0
--------------------------------------------------------------------------------------------------------------------------------------
Ile ATT   2   2   2   2   2   2 | Thr ACT   1   1   1   1   1   1 | Asn AAT   0   0   0   0   0   0 | Ser AGT   1   1   1   1   1   1
    ATC   3   3   3   3   3   3 |     ACC   1   1   1   0   0   0 |     AAC   2   2   2   2   2   2 |     AGC   2   2   2   2   2   2
    ATA   2   2   2   2   2   2 |     ACA   0   0   0   0   0   0 | Lys AAA   2   3   2   2   3   2 | Arg AGA   1   1   1   1   1   1
Met ATG   2   2   2   2   2   2 |     ACG   0   0   0   0   0   0 |     AAG   3   2   3   3   2   2 |     AGG   1   1   1   1   1   1
--------------------------------------------------------------------------------------------------------------------------------------
Val GTT   1   1   1   1   1   1 | Ala GCT   1   1   1   1   2   2 | Asp GAT   3   4   3   3   3   3 | Gly GGT   1   1   1   1   1   1
    GTC   2   2   2   2   2   2 |     GCC   2   2   2   3   2   2 |     GAC   4   3   4   4   4   4 |     GGC   1   0   1   0   0   0
    GTA   0   0   0   0   1   1 |     GCA   1   0   0   0   1   0 | Glu GAA   4   4   4   4   4   5 |     GGA   4   4   4   4   4   4
    GTG   3   3   3   3   2   2 |     GCG   0   1   1   1   0   1 |     GAG   0   0   0   0   0   0 |     GGG   0   1   0   1   1   1
--------------------------------------------------------------------------------------------------------------------------------------

Codon position x base (3x4) table for each sequence.

#1: Argali         
position  1:    T:0.18421    C:0.15789    A:0.30263    G:0.35526
position  2:    T:0.34211    C:0.19737    A:0.28947    G:0.17105
position  3:    T:0.18421    C:0.30263    A:0.23684    G:0.27632
Average         T:0.23684    C:0.21930    A:0.27632    G:0.26754

#2: LesserMouseDeer
position  1:    T:0.17105    C:0.17105    A:0.31579    G:0.34211
position  2:    T:0.34211    C:0.19737    A:0.28947    G:0.17105
position  3:    T:0.14474    C:0.34211    A:0.22368    G:0.28947
Average         T:0.21930    C:0.23684    A:0.27632    G:0.26754

#3: LesserKudu     
position  1:    T:0.18421    C:0.15789    A:0.28947    G:0.36842
position  2:    T:0.34211    C:0.19737    A:0.28947    G:0.17105
position  3:    T:0.19737    C:0.28947    A:0.27632    G:0.23684
Average         T:0.24123    C:0.21491    A:0.28509    G:0.25877

#4: ForestMuskDeer2
position  1:    T:0.18421    C:0.15789    A:0.28947    G:0.36842
position  2:    T:0.34211    C:0.19737    A:0.28947    G:0.17105
position  3:    T:0.17105    C:0.30263    A:0.26316    G:0.26316
Average         T:0.23246    C:0.21930    A:0.28070    G:0.26754

#5: Camel          
position  1:    T:0.19737    C:0.15789    A:0.27632    G:0.36842
position  2:    T:0.34211    C:0.19737    A:0.28947    G:0.17105
position  3:    T:0.21053    C:0.27632    A:0.26316    G:0.25000
Average         T:0.25000    C:0.21053    A:0.27632    G:0.26316

#6: KillerWhale    
position  1:    T:0.19737    C:0.14474    A:0.28947    G:0.36842
position  2:    T:0.34211    C:0.19737    A:0.28947    G:0.17105
position  3:    T:0.22368    C:0.25000    A:0.25000    G:0.27632
Average         T:0.25439    C:0.19737    A:0.27632    G:0.27193

#7: DefassaWaterbuck
position  1:    T:0.18421    C:0.15789    A:0.30263    G:0.35526
position  2:    T:0.34211    C:0.19737    A:0.28947    G:0.17105
position  3:    T:0.18421    C:0.28947    A:0.23684    G:0.28947
Average         T:0.23684    C:0.21491    A:0.27632    G:0.27193

#8: Sheep          
position  1:    T:0.18421    C:0.15789    A:0.30263    G:0.35526
position  2:    T:0.34211    C:0.19737    A:0.28947    G:0.17105
position  3:    T:0.19737    C:0.28947    A:0.23684    G:0.27632
Average         T:0.24123    C:0.21491    A:0.27632    G:0.26754

#9: MaxwellsDuiker 
position  1:    T:0.18421    C:0.15789    A:0.30263    G:0.35526
position  2:    T:0.32895    C:0.21053    A:0.28947    G:0.17105
position  3:    T:0.18421    C:0.30263    A:0.27632    G:0.23684
Average         T:0.23246    C:0.22368    A:0.28947    G:0.25439

#10: GazellaPrzewalskyi
position  1:    T:0.18421    C:0.15789    A:0.30263    G:0.35526
position  2:    T:0.34211    C:0.19737    A:0.28947    G:0.17105
position  3:    T:0.17105    C:0.31579    A:0.27632    G:0.23684
Average         T:0.23246    C:0.22368    A:0.28947    G:0.25439

#11: MountainNyala  
position  1:    T:0.18421    C:0.15789    A:0.28947    G:0.36842
position  2:    T:0.34211    C:0.19737    A:0.28947    G:0.17105
position  3:    T:0.19737    C:0.28947    A:0.27632    G:0.23684
Average         T:0.24123    C:0.21491    A:0.28509    G:0.25877

#12: MuntiacusMuntjak
position  1:    T:0.18421    C:0.15789    A:0.28947    G:0.36842
position  2:    T:0.34211    C:0.19737    A:0.28947    G:0.17105
position  3:    T:0.18421    C:0.28947    A:0.25000    G:0.27632
Average         T:0.23684    C:0.21491    A:0.27632    G:0.27193

#13: goat           
position  1:    T:0.18421    C:0.15789    A:0.30263    G:0.35526
position  2:    T:0.34211    C:0.19737    A:0.28947    G:0.17105
position  3:    T:0.18421    C:0.30263    A:0.23684    G:0.27632
Average         T:0.23684    C:0.21930    A:0.27632    G:0.26754

#14: AfricanBuffalo 
position  1:    T:0.18421    C:0.15789    A:0.28947    G:0.36842
position  2:    T:0.34211    C:0.19737    A:0.28947    G:0.17105
position  3:    T:0.19737    C:0.27632    A:0.27632    G:0.25000
Average         T:0.24123    C:0.21053    A:0.28509    G:0.26316

#15: Topi           
position  1:    T:0.18421    C:0.15789    A:0.30263    G:0.35526
position  2:    T:0.34211    C:0.19737    A:0.28947    G:0.17105
position  3:    T:0.17105    C:0.31579    A:0.26316    G:0.25000
Average         T:0.23246    C:0.22368    A:0.28509    G:0.25877

#16: CommonDuiker   
position  1:    T:0.18421    C:0.15789    A:0.30263    G:0.35526
position  2:    T:0.34211    C:0.19737    A:0.28947    G:0.17105
position  3:    T:0.17105    C:0.31579    A:0.25000    G:0.26316
Average         T:0.23246    C:0.22368    A:0.28070    G:0.26316

#17: Suni           
position  1:    T:0.18421    C:0.15789    A:0.30263    G:0.35526
position  2:    T:0.34211    C:0.19737    A:0.28947    G:0.17105
position  3:    T:0.17105    C:0.28947    A:0.27632    G:0.26316
Average         T:0.23246    C:0.21491    A:0.28947    G:0.26316

#18: Springbuck     
position  1:    T:0.18421    C:0.15789    A:0.30263    G:0.35526
position  2:    T:0.34211    C:0.19737    A:0.28947    G:0.17105
position  3:    T:0.17105    C:0.31579    A:0.25000    G:0.26316
Average         T:0.23246    C:0.22368    A:0.28070    G:0.26316

#19: Okapi          
position  1:    T:0.18421    C:0.15789    A:0.28947    G:0.36842
position  2:    T:0.34211    C:0.19737    A:0.28947    G:0.17105
position  3:    T:0.22368    C:0.25000    A:0.25000    G:0.27632
Average         T:0.25000    C:0.20175    A:0.27632    G:0.27193

#20: Giraffe        
position  1:    T:0.18421    C:0.15789    A:0.28947    G:0.36842
position  2:    T:0.34211    C:0.19737    A:0.28947    G:0.17105
position  3:    T:0.18421    C:0.28947    A:0.25000    G:0.27632
Average         T:0.23684    C:0.21491    A:0.27632    G:0.27193

#21: TibetanAntelope
position  1:    T:0.18421    C:0.15789    A:0.30263    G:0.35526
position  2:    T:0.34211    C:0.19737    A:0.28947    G:0.17105
position  3:    T:0.18421    C:0.30263    A:0.23684    G:0.27632
Average         T:0.23684    C:0.21930    A:0.27632    G:0.26754

#22: Sitatunga      
position  1:    T:0.18421    C:0.15789    A:0.28947    G:0.36842
position  2:    T:0.34211    C:0.19737    A:0.28947    G:0.17105
position  3:    T:0.19737    C:0.28947    A:0.27632    G:0.23684
Average         T:0.24123    C:0.21491    A:0.28509    G:0.25877

#23: Oribi          
position  1:    T:0.18421    C:0.15789    A:0.30263    G:0.35526
position  2:    T:0.34211    C:0.19737    A:0.28947    G:0.17105
position  3:    T:0.18421    C:0.30263    A:0.25000    G:0.26316
Average         T:0.23684    C:0.21930    A:0.28070    G:0.26316

#24: BarbarySheep   
position  1:    T:0.17105    C:0.17105    A:0.30263    G:0.35526
position  2:    T:0.34211    C:0.19737    A:0.28947    G:0.17105
position  3:    T:0.17105    C:0.31579    A:0.23684    G:0.27632
Average         T:0.22807    C:0.22807    A:0.27632    G:0.26754

#25: Daviddeer      
position  1:    T:0.18421    C:0.15789    A:0.28947    G:0.36842
position  2:    T:0.34211    C:0.19737    A:0.28947    G:0.17105
position  3:    T:0.19737    C:0.27632    A:0.25000    G:0.27632
Average         T:0.24123    C:0.21053    A:0.27632    G:0.27193

#26: Reindeer       
position  1:    T:0.18421    C:0.15789    A:0.28947    G:0.36842
position  2:    T:0.34211    C:0.19737    A:0.28947    G:0.17105
position  3:    T:0.18421    C:0.30263    A:0.23684    G:0.27632
Average         T:0.23684    C:0.21930    A:0.27193    G:0.27193

#27: Ibex           
position  1:    T:0.18421    C:0.15789    A:0.30263    G:0.35526
position  2:    T:0.34211    C:0.19737    A:0.28947    G:0.17105
position  3:    T:0.18421    C:0.30263    A:0.23684    G:0.27632
Average         T:0.23684    C:0.21930    A:0.27632    G:0.26754

#28: GyrantGazelle  
position  1:    T:0.18421    C:0.15789    A:0.30263    G:0.35526
position  2:    T:0.34211    C:0.19737    A:0.28947    G:0.17105
position  3:    T:0.17105    C:0.31579    A:0.25000    G:0.26316
Average         T:0.23246    C:0.22368    A:0.28070    G:0.26316

#29: Hartebeest     
position  1:    T:0.18421    C:0.15789    A:0.30263    G:0.35526
position  2:    T:0.34211    C:0.19737    A:0.28947    G:0.17105
position  3:    T:0.17105    C:0.31579    A:0.26316    G:0.25000
Average         T:0.23246    C:0.22368    A:0.28509    G:0.25877

#30: Bongo          
position  1:    T:0.18421    C:0.15789    A:0.28947    G:0.36842
position  2:    T:0.34211    C:0.19737    A:0.28947    G:0.17105
position  3:    T:0.19737    C:0.28947    A:0.27632    G:0.23684
Average         T:0.24123    C:0.21491    A:0.28509    G:0.25877

#31: Gerenuk        
position  1:    T:0.18421    C:0.15789    A:0.30263    G:0.35526
position  2:    T:0.34211    C:0.19737    A:0.28947    G:0.17105
position  3:    T:0.19737    C:0.28947    A:0.25000    G:0.26316
Average         T:0.24123    C:0.21491    A:0.28070    G:0.26316

#32: CommonEland    
position  1:    T:0.18421    C:0.15789    A:0.28947    G:0.36842
position  2:    T:0.34211    C:0.19737    A:0.28947    G:0.17105
position  3:    T:0.19737    C:0.28947    A:0.27632    G:0.23684
Average         T:0.24123    C:0.21491    A:0.28509    G:0.25877

#33: MuntiacusReevesi
position  1:    T:0.18421    C:0.15789    A:0.28947    G:0.36842
position  2:    T:0.34211    C:0.19737    A:0.28947    G:0.17105
position  3:    T:0.18421    C:0.28947    A:0.25000    G:0.27632
Average         T:0.23684    C:0.21491    A:0.27632    G:0.27193

#34: HarveysDuiker  
position  1:    T:0.18421    C:0.15789    A:0.30263    G:0.35526
position  2:    T:0.34211    C:0.19737    A:0.28947    G:0.17105
position  3:    T:0.17105    C:0.32895    A:0.23684    G:0.26316
Average         T:0.23246    C:0.22807    A:0.27632    G:0.26316

#35: Pronghorn      
position  1:    T:0.18421    C:0.15789    A:0.28947    G:0.36842
position  2:    T:0.34211    C:0.19737    A:0.28947    G:0.17105
position  3:    T:0.19737    C:0.27632    A:0.26316    G:0.26316
Average         T:0.24123    C:0.21053    A:0.28070    G:0.26754

#36: BlueWildebeest 
position  1:    T:0.18421    C:0.15789    A:0.30263    G:0.35526
position  2:    T:0.34211    C:0.19737    A:0.28947    G:0.17105
position  3:    T:0.17105    C:0.31579    A:0.26316    G:0.25000
Average         T:0.23246    C:0.22368    A:0.28509    G:0.25877

#37: Gemsbok        
position  1:    T:0.18421    C:0.15789    A:0.30263    G:0.35526
position  2:    T:0.34211    C:0.19737    A:0.28947    G:0.17105
position  3:    T:0.19737    C:0.28947    A:0.25000    G:0.26316
Average         T:0.24123    C:0.21491    A:0.28070    G:0.26316

#38: Yak            
position  1:    T:0.18421    C:0.15789    A:0.28947    G:0.36842
position  2:    T:0.34211    C:0.19737    A:0.28947    G:0.17105
position  3:    T:0.19737    C:0.27632    A:0.28947    G:0.23684
Average         T:0.24123    C:0.21053    A:0.28947    G:0.25877

#39: BlueSheep      
position  1:    T:0.18421    C:0.15789    A:0.30263    G:0.35526
position  2:    T:0.34211    C:0.19737    A:0.28947    G:0.17105
position  3:    T:0.17105    C:0.31579    A:0.23684    G:0.27632
Average         T:0.23246    C:0.22368    A:0.27632    G:0.26754

#40: BohorReedbuck  
position  1:    T:0.17105    C:0.17105    A:0.30263    G:0.35526
position  2:    T:0.34211    C:0.19737    A:0.28947    G:0.17105
position  3:    T:0.18421    C:0.28947    A:0.25000    G:0.27632
Average         T:0.23246    C:0.21930    A:0.28070    G:0.26754

#41: KirksDik       
position  1:    T:0.18421    C:0.15789    A:0.28947    G:0.36842
position  2:    T:0.34211    C:0.19737    A:0.28947    G:0.17105
position  3:    T:0.18421    C:0.28947    A:0.25000    G:0.27632
Average         T:0.23684    C:0.21491    A:0.27632    G:0.27193

#42: RoeDeer        
position  1:    T:0.18421    C:0.15789    A:0.28947    G:0.36842
position  2:    T:0.34211    C:0.19737    A:0.28947    G:0.17105
position  3:    T:0.21053    C:0.27632    A:0.23684    G:0.27632
Average         T:0.24561    C:0.21053    A:0.27193    G:0.27193

#43: WhiteLippedDeer
position  1:    T:0.18421    C:0.15789    A:0.28947    G:0.36842
position  2:    T:0.34211    C:0.19737    A:0.28947    G:0.17105
position  3:    T:0.19737    C:0.27632    A:0.26316    G:0.26316
Average         T:0.24123    C:0.21053    A:0.28070    G:0.26754

#44: ThomsonGazelle 
position  1:    T:0.18421    C:0.15789    A:0.30263    G:0.35526
position  2:    T:0.34211    C:0.19737    A:0.28947    G:0.17105
position  3:    T:0.17105    C:0.30263    A:0.25000    G:0.27632
Average         T:0.23246    C:0.21930    A:0.28070    G:0.26754

#45: MuntiacusCrinifrons
position  1:    T:0.18421    C:0.15789    A:0.28947    G:0.36842
position  2:    T:0.34211    C:0.19737    A:0.28947    G:0.17105
position  3:    T:0.18421    C:0.28947    A:0.25000    G:0.27632
Average         T:0.23684    C:0.21491    A:0.27632    G:0.27193

#46: WhiteTailedDeer
position  1:    T:0.18421    C:0.15789    A:0.28947    G:0.36842
position  2:    T:0.34211    C:0.19737    A:0.28947    G:0.17105
position  3:    T:0.19737    C:0.28947    A:0.23684    G:0.27632
Average         T:0.24123    C:0.21491    A:0.27193    G:0.27193

#47: Cattle         
position  1:    T:0.18421    C:0.15789    A:0.28947    G:0.36842
position  2:    T:0.34211    C:0.19737    A:0.28947    G:0.17105
position  3:    T:0.19737    C:0.27632    A:0.28947    G:0.23684
Average         T:0.24123    C:0.21053    A:0.28947    G:0.25877

#48: RoyalAntelope  
position  1:    T:0.18421    C:0.15789    A:0.30263    G:0.35526
position  2:    T:0.32895    C:0.19737    A:0.30263    G:0.17105
position  3:    T:0.14474    C:0.32895    A:0.25000    G:0.27632
Average         T:0.21930    C:0.22807    A:0.28509    G:0.26754

#49: Steenbok       
position  1:    T:0.18421    C:0.15789    A:0.30263    G:0.35526
position  2:    T:0.34211    C:0.19737    A:0.28947    G:0.17105
position  3:    T:0.17105    C:0.31579    A:0.25000    G:0.26316
Average         T:0.23246    C:0.22368    A:0.28070    G:0.26316

#50: Impala         
position  1:    T:0.18421    C:0.15789    A:0.30263    G:0.35526
position  2:    T:0.34211    C:0.19737    A:0.28947    G:0.17105
position  3:    T:0.17105    C:0.28947    A:0.26316    G:0.27632
Average         T:0.23246    C:0.21491    A:0.28509    G:0.26754

#51: Klipspringer   
position  1:    T:0.18421    C:0.15789    A:0.30263    G:0.35526
position  2:    T:0.34211    C:0.19737    A:0.28947    G:0.17105
