1
52 1
Argali 0.000000 0.171100 0.026200 0.153200 0.039500 0.000000 0.032800 0.032700 0.026400 0.081500 0.012800 0.026400 0.032900 0.026100 0.040200 0.039600 0.075100 0.046600 0.025700 0.026400 0.046600 0.000000 0.074200 0.163000 0.006400 0.053300 0.030600 0.040000 0.038200 0.026400 0.081500 0.026200 0.072400 0.019500 0.006400 0.026400 0.006400 0.039500 0.065400 0.110200 0.088100 0.046400 0.088300 0.168100 0.026400 0.039600 0.033000 0.053800 0.052800 0.053400 0.019600 0.026300
LesserMous 0.171100 0.000000 0.160800 0.196100 0.159900 0.171100 0.161600 0.157100 0.162800 0.185700 0.178400 0.137700 0.184600 0.153600 0.138100 0.166100 0.162300 0.145600 0.177500 0.162800 0.175800 0.169500 0.181400 0.240900 0.170100 0.183100 0.175600 0.146500 0.151900 0.162800 0.185700 0.148600 0.144700 0.168000 0.167600 0.137600 0.179700 0.159900 0.185500 0.217800 0.192100 0.174500 0.193200 0.262700 0.137600 0.168700 0.158100 0.145500 0.180400 0.145200 0.154000 0.170500
LesserKudu 0.026200 0.160800 0.000000 0.135700 0.025800 0.026200 0.019300 0.019300 0.012900 0.066500 0.012900 0.012900 0.046000 0.012800 0.026300 0.025900 0.060200 0.046200 0.039400 0.012900 0.032600 0.026200 0.059500 0.145500 0.019500 0.039200 0.039100 0.026200 0.024200 0.012900 0.066500 0.012800 0.051400 0.032500 0.019300 0.012900 0.033000 0.025800 0.050700 0.094400 0.073000 0.032500 0.073200 0.165800 0.012900 0.025900 0.019400 0.039600 0.038900 0.039300 0.006400 0.006400
KillerWhal 0.153200 0.196100 0.135700 0.000000 0.119500 0.153200 0.131900 0.116200 0.142400 0.135000 0.152500 0.120800 0.175400 0.124300 0.137400 0.124500 0.136400 0.143600 0.168400 0.142400 0.138900 0.153000 0.126900 0.223300 0.144600 0.124400 0.166800 0.158900 0.111800 0.142400 0.135000 0.119900 0.141500 0.159400 0.142400 0.120800 0.161500 0.119500 0.148600 0.166000 0.141800 0.116400 0.142200 0.245200 0.120800 0.140500 0.108100 0.152600 0.138800 0.143400 0.133800 0.149900
DefassaWat 0.039500 0.159900 0.025800 0.119500 0.000000 0.039500 0.019200 0.019200 0.026000 0.052500 0.039400 0.012900 0.059400 0.012800 0.026100 0.025800 0.059900 0.045900 0.052800 0.026000 0.032500 0.039400 0.045600 0.129800 0.032700 0.025800 0.052300 0.039400 0.023600 0.026000 0.052500 0.012800 0.050800 0.045700 0.032200 0.012900 0.046400 0.000000 0.049900 0.079700 0.058900 0.019200 0.059100 0.150000 0.012900 0.025800 0.019300 0.039400 0.038700 0.039100 0.019300 0.032600
Sheep 0.000000 0.171100 0.026200 0.153200 0.039500 0.000000 0.032800 0.032700 0.026400 0.081500 0.012400 0.026400 0.032900 0.026100 0.040200 0.039600 0.075100 0.046600 0.025700 0.026400 0.046600 0.000000 0.074200 0.163000 0.006200 0.053300 0.030600 0.040000 0.038200 0.026400 0.081500 0.026200 0.072400 0.019500 0.006400 0.026400 0.006400 0.039500 0.065400 0.110200 0.088100 0.046400 0.088300 0.168100 0.026400 0.039600 0.033000 0.053800 0.052800 0.053400 0.019600 0.026300
MaxwellsDu 0.032800 0.161600 0.019300 0.131900 0.019200 0.032800 0.000000 0.012700 0.019400 0.059300 0.032700 0.006400 0.052500 0.006400 0.019500 0.019300 0.053000 0.039200 0.046000 0.019400 0.025800 0.032700 0.052400 0.137400 0.026000 0.032400 0.045600 0.032700 0.019300 0.019400 0.059300 0.006400 0.043900 0.039000 0.025700 0.006400 0.039500 0.019200 0.046000 0.086800 0.065800 0.025800 0.066000 0.157700 0.006400 0.019200 0.012800 0.032600 0.032100 0.032400 0.012800 0.025900
GazellaPrz 0.032700 0.157100 0.019300 0.116200 0.019200 0.032700 0.012700 0.000000 0.019400 0.059300 0.032600 0.006400 0.052500 0.006300 0.019500 0.006400 0.052900 0.039100 0.045900 0.019400 0.012800 0.032700 0.052400 0.137300 0.026000 0.019200 0.045500 0.032600 0.006400 0.019400 0.059300 0.006300 0.043600 0.039000 0.025600 0.006400 0.039500 0.019200 0.032500 0.086700 0.065700 0.012800 0.065900 0.157400 0.006400 0.019200 0.000100 0.032600 0.032000 0.032400 0.012800 0.025900
MountainNy 0.026400 0.162800 0.012900 0.142400 0.026000 0.026400 0.019400 0.019400 0.000000 0.073300 0.026300 0.013000 0.046300 0.012900 0.026400 0.026000 0.066700 0.052100 0.039600 0.000000 0.032800 0.026300 0.065900 0.153500 0.019600 0.039400 0.039300 0.012600 0.024600 0.000000 0.073300 0.012900 0.052900 0.032700 0.019400 0.013000 0.033100 0.026000 0.050900 0.101000 0.079500 0.032700 0.080100 0.173400 0.013000 0.026000 0.019500 0.039800 0.039100 0.045100 0.006500 0.019600
MuntiacusM 0.081500 0.185700 0.066500 0.135000 0.052500 0.081500 0.059300 0.059300 0.073300 0.000000 0.081200 0.053000 0.102000 0.052500 0.067300 0.066400 0.088200 0.073600 0.095300 0.073300 0.079900 0.081400 0.006300 0.086100 0.074100 0.066300 0.094500 0.087800 0.065700 0.073300 0.000000 0.052700 0.073100 0.087700 0.073000 0.053000 0.088800 0.052500 0.093700 0.045400 0.019100 0.059300 0.006300 0.105800 0.053000 0.066400 0.052800 0.074000 0.065900 0.066400 0.065700 0.079900
goat 0.012800 0.178400 0.012900 0.152500 0.039400 0.012400 0.032700 0.032600 0.026300 0.081200 0.000000 0.026300 0.032700 0.026000 0.040000 0.039500 0.074800 0.046400 0.024400 0.026300 0.046400 0.012800 0.073900 0.162300 0.006300 0.053100 0.030400 0.039800 0.038000 0.026300 0.081200 0.026100 0.072100 0.019400 0.006400 0.026300 0.019300 0.039400 0.065200 0.109700 0.087700 0.046200 0.088000 0.167400 0.026300 0.039400 0.032800 0.053600 0.052600 0.053200 0.019600 0.012900
AfricanBuf 0.026400 0.137700 0.012900 0.120800 0.012900 0.026400 0.006400 0.006400 0.013000 0.053000 0.026300 0.000000 0.046200 0.000100 0.006500 0.012900 0.046600 0.032800 0.039600 0.013000 0.019500 0.026300 0.046100 0.131100 0.019600 0.026000 0.039200 0.026300 0.009700 0.013000 0.053000 0.000100 0.037700 0.032600 0.019300 0.000000 0.033100 0.012900 0.036800 0.080500 0.059500 0.019400 0.059600 0.151500 0.000000 0.012900 0.006400 0.026200 0.025800 0.026100 0.006400 0.019500
Topi 0.032900 0.184600 0.046000 0.175400 0.059400 0.032900 0.052500 0.052500 0.046300 0.102000 0.032700 0.046200 0.000000 0.045800 0.059200 0.059500 0.095700 0.052900 0.046100 0.046300 0.066600 0.032800 0.094600 0.153000 0.026100 0.073500 0.019300 0.060100 0.058400 0.046300 0.102000 0.045900 0.086100 0.012800 0.025700 0.046200 0.039700 0.059400 0.085700 0.131000 0.108600 0.066400 0.108900 0.189100 0.046200 0.059500 0.056100 0.060000 0.072700 0.073600 0.039300 0.053000
CommonDuik 0.026100 0.153600 0.012800 0.124300 0.012800 0.026100 0.006400 0.006300 0.012900 0.052500 0.026000 0.000100 0.045800 0.000000 0.013000 0.012800 0.046200 0.032500 0.039300 0.012900 0.019300 0.026100 0.045700 0.129900 0.019400 0.025800 0.038900 0.026000 0.012800 0.012900 0.052500 0.000000 0.037200 0.032300 0.019200 0.000100 0.032800 0.012800 0.039300 0.079800 0.059000 0.019300 0.059100 0.150000 0.000100 0.012800 0.006400 0.026000 0.025600 0.025800 0.006400 0.019400
Suni 0.040200 0.138100 0.026300 0.137400 0.026100 0.040200 0.019500 0.019500 0.026400 0.067300 0.040000 0.006500 0.059200 0.013000 0.000000 0.026200 0.060900 0.046700 0.053600 0.026400 0.033000 0.040100 0.060200 0.147300 0.033200 0.039700 0.051700 0.040000 0.024500 0.026400 0.067300 0.013000 0.052000 0.044600 0.032700 0.006500 0.047100 0.026100 0.051000 0.095500 0.073900 0.032900 0.074100 0.167800 0.006500 0.026200 0.019600 0.040000 0.039300 0.039700 0.019700 0.033100
Springbuck 0.039600 0.166100 0.025900 0.124500 0.025800 0.039600 0.019300 0.006400 0.026000 0.066400 0.039500 0.012900 0.059500 0.012800 0.026200 0.000000 0.060000 0.046000 0.052900 0.026000 0.019300 0.039500 0.059400 0.145300 0.032700 0.025800 0.052500 0.039500 0.012800 0.026000 0.066400 0.012800 0.050700 0.045800 0.032300 0.012900 0.046500 0.025800 0.039300 0.094200 0.072900 0.019300 0.073000 0.165600 0.012900 0.025800 0.006400 0.039400 0.038800 0.039200 0.019400 0.032600
Okapi 0.075100 0.162300 0.060200 0.136400 0.059900 0.075100 0.053000 0.052900 0.066700 0.088200 0.074800 0.046600 0.095700 0.046200 0.060900 0.060000 0.000000 0.067300 0.088900 0.066700 0.073400 0.075000 0.080900 0.154400 0.067700 0.074100 0.088100 0.081200 0.058900 0.066700 0.088200 0.046300 0.066700 0.081300 0.066700 0.046600 0.082300 0.059900 0.090900 0.117000 0.094800 0.066900 0.095100 0.175100 0.046600 0.060000 0.053300 0.074700 0.073500 0.074100 0.059100 0.073400
Giraffe 0.046600 0.145600 0.046200 0.143600 0.045900 0.046600 0.039200 0.039100 0.052100 0.073600 0.046400 0.032800 0.052900 0.032500 0.046700 0.046000 0.067300 0.000000 0.060100 0.052100 0.044800 0.046500 0.066500 0.153500 0.039600 0.059800 0.045900 0.066400 0.044600 0.052100 0.073600 0.032600 0.052600 0.039300 0.039100 0.032800 0.053600 0.045900 0.071700 0.101700 0.080100 0.052800 0.080300 0.158400 0.032800 0.046000 0.039400 0.046400 0.059200 0.059800 0.044600 0.058700
TibetanAnt 0.025700 0.177500 0.039400 0.168400 0.052800 0.025700 0.046000 0.045900 0.039600 0.095300 0.024400 0.039600 0.046100 0.039300 0.053600 0.052900 0.088900 0.060100 0.000000 0.039600 0.060000 0.025700 0.087900 0.177900 0.019100 0.066800 0.044200 0.053400 0.051800 0.039600 0.095300 0.039400 0.086300 0.032600 0.019300 0.039600 0.032400 0.052800 0.079400 0.124300 0.101900 0.059700 0.102200 0.183000 0.039600 0.052900 0.046300 0.067400 0.066200 0.066900 0.032800 0.039500
Sitatunga 0.026400 0.162800 0.012900 0.142400 0.026000 0.026400 0.019400 0.019400 0.000000 0.073300 0.026300 0.013000 0.046300 0.012900 0.026400 0.026000 0.066700 0.052100 0.039600 0.000000 0.032800 0.026300 0.065900 0.153500 0.019600 0.039400 0.039300 0.013000 0.024600 0.000000 0.073300 0.012900 0.052900 0.032700 0.019400 0.013000 0.033100 0.026000 0.050900 0.101000 0.079500 0.032700 0.080100 0.173400 0.013000 0.026000 0.019500 0.039800 0.039100 0.045100 0.006500 0.019600
Oribi 0.046600 0.175800 0.032600 0.138900 0.032500 0.046600 0.025800 0.012800 0.032800 0.079900 0.046400 0.019500 0.066600 0.019300 0.033000 0.019300 0.073400 0.044800 0.060000 0.032800 0.000000 0.046500 0.072500 0.160400 0.039600 0.032500 0.059400 0.046400 0.019400 0.032800 0.079900 0.019400 0.059500 0.052800 0.039000 0.019500 0.053500 0.032500 0.046200 0.107800 0.086200 0.025900 0.086700 0.180500 0.019500 0.032500 0.012900 0.046400 0.045600 0.051700 0.026000 0.039500
BarbaryShe 0.000000 0.169500 0.026200 0.153000 0.039400 0.000000 0.032700 0.032700 0.026300 0.081400 0.012800 0.026300 0.032800 0.026100 0.040100 0.039500 0.075000 0.046500 0.025700 0.026300 0.046500 0.000000 0.074100 0.162800 0.006400 0.053200 0.030200 0.039900 0.037800 0.026300 0.081400 0.026100 0.071700 0.019400 0.006400 0.026300 0.006400 0.039400 0.065100 0.110000 0.088000 0.046300 0.088200 0.167800 0.026300 0.039500 0.032900 0.053700 0.052700 0.053300 0.019600 0.026200
Daviddeer 0.074200 0.181400 0.059500 0.126900 0.045600 0.074200 0.052400 0.052400 0.065900 0.006300 0.073900 0.046100 0.094600 0.045700 0.060200 0.059400 0.080900 0.066500 0.087900 0.065900 0.072500 0.074100 0.000000 0.079000 0.066900 0.059300 0.087100 0.080300 0.058500 0.065900 0.006300 0.045800 0.066000 0.080400 0.066000 0.046100 0.081400 0.045600 0.085900 0.038700 0.012600 0.052400 0.012700 0.098400 0.046100 0.059300 0.045900 0.066800 0.058900 0.059400 0.058400 0.072500
Reindeer 0.163000 0.240900 0.145500 0.223300 0.129800 0.163000 0.137400 0.137300 0.153500 0.086100 0.162300 0.131100 0.153000 0.129900 0.147300 0.145300 0.154400 0.153500 0.177900 0.153500 0.160400 0.162800 0.079000 0.000000 0.154600 0.145100 0.160300 0.153400 0.144700 0.153500 0.086100 0.130300 0.152200 0.153300 0.152200 0.131300 0.171000 0.129800 0.175600 0.107400 0.078500 0.137300 0.092900 0.043700 0.131300 0.137200 0.130800 0.154300 0.144500 0.130000 0.145100 0.160600
Ibex 0.006400 0.170100 0.019500 0.144600 0.032700 0.006200 0.026000 0.026000 0.019600 0.074100 0.006300 0.019600 0.026100 0.019400 0.033200 0.032700 0.067700 0.039600 0.019100 0.019600 0.039600 0.006400 0.066900 0.154600 0.000000 0.046200 0.023500 0.033000 0.031100 0.019600 0.074100 0.019500 0.065000 0.012800 0.000100 0.019600 0.012800 0.032700 0.058000 0.102400 0.080600 0.039400 0.080900 0.159800 0.019600 0.032700 0.026200 0.046700 0.045800 0.046300 0.013000 0.019500
GyrantGaze 0.053300 0.183100 0.039200 0.124400 0.025800 0.053300 0.032400 0.019200 0.039400 0.066300 0.053100 0.026000 0.073500 0.025800 0.039700 0.025800 0.074100 0.059800 0.066800 0.039400 0.032500 0.053200 0.059300 0.145100 0.046200 0.000000 0.066200 0.053100 0.025900 0.039400 0.066300 0.025900 0.064800 0.059500 0.045600 0.026000 0.060300 0.025800 0.052900 0.094000 0.072800 0.019200 0.073000 0.165300 0.026000 0.039100 0.019400 0.053100 0.052200 0.052700 0.032600 0.046100
Hartebeest 0.030600 0.175600 0.039100 0.166800 0.052300 0.030600 0.045600 0.045500 0.039300 0.094500 0.030400 0.039200 0.019300 0.038900 0.051700 0.052500 0.088100 0.045900 0.044200 0.039300 0.059400 0.030200 0.087100 0.160300 0.023500 0.066200 0.000000 0.053000 0.051000 0.039300 0.094500 0.039000 0.078500 0.006400 0.019100 0.039300 0.037800 0.052300 0.078000 0.123200 0.101000 0.059200 0.101300 0.181000 0.039300 0.052400 0.048500 0.052900 0.065600 0.066300 0.032500 0.045900
Bongo 0.040000 0.146500 0.026200 0.158900 0.039400 0.040000 0.032700 0.032600 0.012600 0.087800 0.039800 0.026300 0.060100 0.026000 0.040000 0.039500 0.081200 0.066400 0.053400 0.013000 0.046400 0.039900 0.080300 0.153400 0.033000 0.053100 0.053000 0.000000 0.038500 0.013000 0.087800 0.026100 0.066900 0.046300 0.032600 0.026300 0.046900 0.039400 0.065300 0.116000 0.094100 0.046200 0.094600 0.173300 0.026300 0.039500 0.032900 0.039800 0.052700 0.045100 0.019600 0.032900
Gerenuk 0.038200 0.151900 0.024200 0.111800 0.023600 0.038200 0.019300 0.006400 0.024600 0.065700 0.038000 0.009700 0.058400 0.012800 0.024500 0.012800 0.058900 0.044600 0.051800 0.024600 0.019400 0.037800 0.058500 0.144700 0.031100 0.025900 0.051000 0.038500 0.000000 0.024600 0.065700 0.009700 0.049700 0.043900 0.030600 0.009700 0.045400 0.023600 0.032700 0.093000 0.072000 0.019300 0.072500 0.164500 0.009700 0.025900 0.006400 0.037900 0.038900 0.037600 0.017000 0.031000
CommonElan 0.026400 0.162800 0.012900 0.142400 0.026000 0.026400 0.019400 0.019400 0.000000 0.073300 0.026300 0.013000 0.046300 0.012900 0.026400 0.026000 0.066700 0.052100 0.039600 0.000000 0.032800 0.026300 0.065900 0.153500 0.019600 0.039400 0.039300 0.013000 0.024600 0.000000 0.073300 0.012900 0.052900 0.032700 0.019400 0.013000 0.033100 0.026000 0.050900 0.101000 0.079500 0.032700 0.080100 0.173400 0.013000 0.026000 0.019500 0.039800 0.039100 0.045100 0.006500 0.019600
MuntiacusR 0.081500 0.185700 0.066500 0.135000 0.052500 0.081500 0.059300 0.059300 0.073300 0.000000 0.081200 0.053000 0.102000 0.052500 0.067300 0.066400 0.088200 0.073600 0.095300 0.073300 0.079900 0.081400 0.006300 0.086100 0.074100 0.066300 0.094500 0.087800 0.065700 0.073300 0.000000 0.052700 0.073100 0.087700 0.073000 0.053000 0.088800 0.052500 0.093700 0.045400 0.019100 0.059300 0.006100 0.105800 0.053000 0.066400 0.052800 0.074000 0.065900 0.066400 0.065700 0.079900
HarveysDui 0.026200 0.148600 0.012800 0.119900 0.012800 0.026200 0.006400 0.006300 0.012900 0.052700 0.026100 0.000100 0.045900 0.000000 0.013000 0.012800 0.046300 0.032600 0.039400 0.012900 0.019400 0.026100 0.045800 0.130300 0.019500 0.025900 0.039000 0.026100 0.009700 0.012900 0.052700 0.000000 0.037500 0.032400 0.019200 0.000100 0.032900 0.012800 0.036300 0.080000 0.059100 0.019300 0.059300 0.150500 0.000100 0.012800 0.006400 0.026100 0.025600 0.025900 0.006400 0.019400
Pronghorn 0.072400 0.144700 0.051400 0.141500 0.050800 0.072400 0.043900 0.043600 0.052900 0.073100 0.072100 0.037700 0.086100 0.037200 0.052000 0.050700 0.066700 0.052600 0.086300 0.052900 0.059500 0.071700 0.066000 0.152200 0.065000 0.064800 0.078500 0.066900 0.049700 0.052900 0.073100 0.037500 0.000000 0.071200 0.057800 0.037800 0.079400 0.050800 0.076500 0.100900 0.079500 0.057700 0.079700 0.172600 0.037800 0.050700 0.044100 0.065500 0.063500 0.059400 0.046000 0.059700
BlueWildeb 0.019500 0.168000 0.032500 0.159400 0.045700 0.019500 0.039000 0.039000 0.032700 0.087700 0.019400 0.032600 0.012800 0.032300 0.044600 0.045800 0.081300 0.039300 0.032600 0.032700 0.052800 0.019400 0.080400 0.153300 0.012800 0.059500 0.006400 0.046300 0.043900 0.032700 0.087700 0.032400 0.071200 0.000000 0.012700 0.032600 0.026100 0.045700 0.070900 0.116300 0.094200 0.052600 0.094500 0.173900 0.032600 0.045800 0.041300 0.046200 0.058900 0.059600 0.025900 0.039300
Gemsbok 0.006400 0.167600 0.019300 0.142400 0.032200 0.006400 0.025700 0.025600 0.019400 0.073000 0.006400 0.019300 0.025700 0.019200 0.032700 0.032300 0.066700 0.039100 0.019300 0.019400 0.039000 0.006400 0.066000 0.152200 0.000100 0.045600 0.019100 0.032600 0.030600 0.019400 0.073000 0.019200 0.057800 0.012700 0.000000 0.019300 0.012900 0.032200 0.057200 0.100900 0.079500 0.038900 0.079700 0.157200 0.019300 0.032300 0.025800 0.046000 0.045200 0.045700 0.012800 0.025900
Yak 0.026400 0.137600 0.012900 0.120800 0.012900 0.026400 0.006400 0.006400 0.013000 0.053000 0.026300 0.000000 0.046200 0.000100 0.006500 0.012900 0.046600 0.032800 0.039600 0.013000 0.019500 0.026300 0.046100 0.131300 0.019600 0.026000 0.039300 0.026300 0.009700 0.013000 0.053000 0.000100 0.037800 0.032600 0.019300 0.000000 0.033100 0.012900 0.036500 0.080600 0.059500 0.019400 0.059700 0.151600 0.000000 0.012900 0.006400 0.026300 0.025800 0.026100 0.006400 0.019500
BlueSheep 0.006400 0.179700 0.033000 0.161500 0.046400 0.006400 0.039500 0.039500 0.033100 0.088800 0.019300 0.033100 0.039700 0.032800 0.047100 0.046500 0.082300 0.053600 0.032400 0.033100 0.053500 0.006400 0.081400 0.171000 0.012800 0.060300 0.037800 0.046900 0.045400 0.033100 0.088800 0.032900 0.079400 0.026100 0.012900 0.033100 0.000000 0.046400 0.072600 0.117700 0.095400 0.053300 0.095600 0.176000 0.033100 0.046500 0.039800 0.060800 0.059700 0.060400 0.026300 0.033000
BohorReedb 0.039500 0.159900 0.025800 0.119500 0.000000 0.039500 0.019200 0.019200 0.026000 0.052500 0.039400 0.012900 0.059400 0.012800 0.026100 0.025800 0.059900 0.045900 0.052800 0.026000 0.032500 0.039400 0.045600 0.129800 0.032700 0.025800 0.052300 0.039400 0.023600 0.026000 0.052500 0.012800 0.050800 0.045700 0.032200 0.012900 0.046400 0.000000 0.049900 0.079700 0.058900 0.019200 0.059100 0.150000 0.012900 0.025800 0.019300 0.039400 0.038700 0.039100 0.019300 0.032600
KirksDik 0.065400 0.185500 0.050700 0.148600 0.049900 0.065400 0.046000 0.032500 0.050900 0.093700 0.065200 0.036800 0.085700 0.039300 0.051000 0.039300 0.090900 0.071700 0.079400 0.050900 0.046200 0.065100 0.085900 0.175600 0.058000 0.052900 0.078000 0.065300 0.032700 0.050900 0.093700 0.036300 0.076500 0.070900 0.057200 0.036500 0.072600 0.049900 0.000000 0.121900 0.099800 0.032600 0.100600 0.195600 0.036500 0.053000 0.032800 0.064900 0.066200 0.064400 0.043400 0.057600
RoeDeer 0.110200 0.217800 0.094400 0.166000 0.079700 0.110200 0.086800 0.086700 0.101000 0.045400 0.109700 0.080500 0.131000 0.079800 0.095500 0.094200 0.117000 0.101700 0.124300 0.101000 0.107800 0.110000 0.038700 0.107400 0.102400 0.094000 0.123200 0.116000 0.093000 0.101000 0.045400 0.080000 0.100900 0.116300 0.100900 0.080600 0.117700 0.079700 0.121900 0.000000 0.051800 0.086800 0.052000 0.127400 0.080600 0.094200 0.080300 0.101800 0.093500 0.094300 0.093200 0.107900
WhiteLippe 0.088100 0.192100 0.073000 0.141800 0.058900 0.088100 0.065800 0.065700 0.079500 0.019100 0.087700 0.059500 0.108600 0.059000 0.073900 0.072900 0.094800 0.080100 0.101900 0.079500 0.086200 0.088000 0.012600 0.078500 0.080600 0.072800 0.101000 0.094100 0.072000 0.079500 0.019100 0.059100 0.079500 0.094200 0.079500 0.059500 0.095400 0.058900 0.099800 0.051800 0.000000 0.065800 0.025400 0.097900 0.059500 0.072900 0.059300 0.080500 0.072300 0.072900 0.071900 0.086200
ThomsonGaz 0.046400 0.174500 0.032500 0.116400 0.019200 0.046400 0.025800 0.012800 0.032700 0.059300 0.046200 0.019400 0.066400 0.019300 0.032900 0.019300 0.066900 0.052800 0.059700 0.032700 0.025900 0.046300 0.052400 0.137300 0.039400 0.019200 0.059200 0.046200 0.019300 0.032700 0.059300 0.019300 0.057700 0.052600 0.038900 0.019400 0.053300 0.019200 0.032600 0.086800 0.065800 0.000000 0.066000 0.157400 0.019400 0.032400 0.012800 0.046200 0.045400 0.045900 0.025900 0.039300
MuntiacusC 0.088300 0.193200 0.073200 0.142200 0.059100 0.088300 0.066000 0.065900 0.080100 0.006300 0.088000 0.059600 0.108900 0.059100 0.074100 0.073000 0.095100 0.080300 0.102200 0.080100 0.086700 0.088200 0.012700 0.092900 0.080900 0.073000 0.101300 0.094600 0.072500 0.080100 0.006100 0.059300 0.079700 0.094500 0.079700 0.059700 0.095600 0.059100 0.100600 0.052000 0.025400 0.066000 0.000000 0.098400 0.059700 0.073000 0.059500 0.080700 0.072500 0.073100 0.072500 0.086700
WhiteTaile 0.168100 0.262700 0.165800 0.245200 0.150000 0.168100 0.157700 0.157400 0.173400 0.105800 0.167400 0.151500 0.189100 0.150000 0.167800 0.165600 0.175100 0.158400 0.183000 0.173400 0.180500 0.167800 0.098400 0.043700 0.159800 0.165300 0.181000 0.173300 0.164500 0.173400 0.105800 0.150500 0.172600 0.173900 0.157200 0.151600 0.176000 0.150000 0.195600 0.127400 0.097900 0.157400 0.098400 0.000000 0.151600 0.157300 0.151100 0.174800 0.164900 0.150100 0.165000 0.180500
Cattle 0.026400 0.137600 0.012900 0.120800 0.012900 0.026400 0.006400 0.006400 0.013000 0.053000 0.026300 0.000000 0.046200 0.000100 0.006500 0.012900 0.046600 0.032800 0.039600 0.013000 0.019500 0.026300 0.046100 0.131300 0.019600 0.026000 0.039300 0.026300 0.009700 0.013000 0.053000 0.000100 0.037800 0.032600 0.019300 0.000000 0.033100 0.012900 0.036500 0.080600 0.059500 0.019400 0.059700 0.151600 0.000000 0.012900 0.006400 0.026300 0.025800 0.026100 0.006400 0.019500
RoyalAntel 0.039600 0.168700 0.025900 0.140500 0.025800 0.039600 0.019200 0.019200 0.026000 0.066400 0.039400 0.012900 0.059500 0.012800 0.026200 0.025800 0.060000 0.046000 0.052900 0.026000 0.032500 0.039500 0.059300 0.137200 0.032700 0.039100 0.052400 0.039500 0.025900 0.026000 0.066400 0.012800 0.050700 0.045800 0.032300 0.012900 0.046500 0.025800 0.053000 0.094200 0.072900 0.032400 0.073000 0.157300 0.012900 0.000000 0.019400 0.039400 0.038800 0.039200 0.019400 0.032600
Steenbok 0.033000 0.158100 0.019400 0.108100 0.019300 0.033000 0.012800 0.000100 0.019500 0.052800 0.032800 0.006400 0.056100 0.006400 0.019600 0.006400 0.053300 0.039400 0.046300 0.019500 0.012900 0.032900 0.045900 0.130800 0.026200 0.019400 0.048500 0.032900 0.006400 0.019500 0.052800 0.006400 0.044100 0.041300 0.025800 0.006400 0.039800 0.019300 0.032800 0.080300 0.059300 0.012800 0.059500 0.151100 0.006400 0.019400 0.000000 0.032800 0.025700 0.032600 0.012900 0.026100
Impala 0.053800 0.145500 0.039600 0.152600 0.039400 0.053800 0.032600 0.032600 0.039800 0.074000 0.053600 0.026200 0.060000 0.026000 0.040000 0.039400 0.074700 0.046400 0.067400 0.039800 0.046400 0.053700 0.066800 0.154300 0.046700 0.053100 0.052900 0.039800 0.037900 0.039800 0.074000 0.026100 0.065500 0.046200 0.046000 0.026300 0.060800 0.039400 0.064900 0.101800 0.080500 0.046200 0.080700 0.174800 0.026300 0.039400 0.032800 0.000000 0.052600 0.053200 0.032900 0.046500
Klipspring 0.052800 0.180400 0.038900 0.138800 0.038700 0.052800 0.032100 0.032000 0.039100 0.065900 0.052600 0.025800 0.072700 0.025600 0.039300 0.038800 0.073500 0.059200 0.066200 0.039100 0.045600 0.052700 0.058900 0.144500 0.045800 0.052200 0.065600 0.052700 0.038900 0.039100 0.065900 0.025600 0.063500 0.058900 0.045200 0.025800 0.059700 0.038700 0.066200 0.093500 0.072300 0.045400 0.072500 0.164900 0.025800 0.038800 0.025700 0.052600 0.000000 0.052200 0.032300 0.045700
ForestMusk 0.053400 0.145200 0.039300 0.143400 0.039100 0.053400 0.032400 0.032400 0.045100 0.066400 0.053200 0.026100 0.073600 0.025800 0.039700 0.039200 0.074100 0.059800 0.066900 0.045100 0.051700 0.053300 0.059400 0.130000 0.046300 0.052700 0.066300 0.045100 0.037600 0.045100 0.066400 0.025900 0.059400 0.059600 0.045700 0.026100 0.060400 0.039100 0.064400 0.094300 0.072900 0.045900 0.073100 0.150100 0.026100 0.039200 0.032600 0.053200 0.052200 0.000000 0.037500 0.051500
Bushbuck 0.019600 0.154000 0.006400 0.133800 0.019300 0.019600 0.012800 0.012800 0.006500 0.065700 0.019600 0.006400 0.039300 0.006400 0.019700 0.019400 0.059100 0.044600 0.032800 0.006500 0.026000 0.019600 0.058400 0.145100 0.013000 0.032600 0.032500 0.019600 0.017000 0.006500 0.065700 0.006400 0.046000 0.025900 0.012800 0.006400 0.026300 0.019300 0.043400 0.093200 0.071900 0.025900 0.072500 0.165000 0.006400 0.019400 0.012900 0.032900 0.032300 0.037500 0.000000 0.012900
GreaterKud 0.026300 0.170500 0.006400 0.149900 0.032600 0.026300 0.025900 0.025900 0.019600 0.079900 0.012900 0.019500 0.053000 0.019400 0.033100 0.032600 0.073400 0.058700 0.039500 0.019600 0.039500 0.026200 0.072500 0.160600 0.019500 0.046100 0.045900 0.032900 0.031000 0.019600 0.079900 0.019400 0.059700 0.039300 0.025900 0.019500 0.033000 0.032600 0.057600 0.107900 0.086200 0.039300 0.086700 0.180500 0.019500 0.032600 0.026100 0.046500 0.045700 0.051500 0.012900 0.000000
