1
52 1
Argali 0.000000 0.321400 0.086300 0.297300 0.098900 0.017100 0.124500 0.087800 0.088500 0.155900 0.026000 0.087800 0.057100 0.100700 0.097700 0.103000 0.139300 0.150400 0.052500 0.101700 0.110300 0.034600 0.121700 0.133600 0.038600 0.097900 0.061100 0.096000 0.095300 0.086100 0.148500 0.080300 0.145900 0.056900 0.053400 0.099400 0.043400 0.102100 0.082900 0.144700 0.126400 0.104500 0.153200 0.131900 0.099700 0.099800 0.090400 0.092600 0.090000 0.123200 0.093700 0.086800
LesserMous 0.321400 0.000000 0.323600 0.326800 0.328700 0.327500 0.355900 0.348000 0.325700 0.334700 0.311900 0.319500 0.325200 0.323400 0.345700 0.354200 0.327900 0.320300 0.341900 0.309600 0.364400 0.316900 0.316400 0.305900 0.328000 0.318800 0.340500 0.316700 0.346000 0.319300 0.332300 0.308600 0.323500 0.335800 0.320200 0.311300 0.325200 0.343200 0.346800 0.334100 0.325100 0.346500 0.337800 0.307900 0.319100 0.339700 0.345100 0.313500 0.329400 0.331600 0.304200 0.315900
LesserKudu 0.086300 0.323600 0.000000 0.292000 0.095600 0.095800 0.126500 0.108800 0.047100 0.129100 0.072700 0.060600 0.079200 0.087500 0.096900 0.107000 0.108400 0.134300 0.091100 0.045300 0.107100 0.096400 0.102800 0.117200 0.081400 0.099500 0.086100 0.049600 0.101800 0.035700 0.121800 0.069400 0.145200 0.081700 0.075600 0.072100 0.084000 0.103600 0.093900 0.128200 0.115100 0.096300 0.126500 0.120800 0.072300 0.101500 0.111500 0.089200 0.091500 0.104900 0.042700 0.036000
KillerWhal 0.297300 0.326800 0.292000 0.000000 0.323900 0.293900 0.315500 0.309300 0.288400 0.288800 0.281500 0.297700 0.307000 0.298800 0.320400 0.328000 0.299900 0.301900 0.307300 0.292100 0.318000 0.295700 0.281200 0.288900 0.281500 0.297800 0.315300 0.288900 0.333400 0.294500 0.299600 0.294300 0.316200 0.310800 0.295900 0.296700 0.294600 0.334000 0.302200 0.309500 0.292800 0.321600 0.305000 0.294300 0.304100 0.328400 0.306500 0.305800 0.320700 0.306200 0.299200 0.297500
DefassaWat 0.098900 0.328700 0.095600 0.323900 0.000000 0.103800 0.104200 0.101900 0.095500 0.162400 0.082800 0.092300 0.089200 0.095500 0.114700 0.107700 0.150300 0.161900 0.103800 0.096600 0.110200 0.089700 0.127300 0.142100 0.096400 0.082800 0.093800 0.100700 0.109800 0.085700 0.154800 0.069900 0.159500 0.089400 0.078600 0.094400 0.091800 0.038900 0.101800 0.159100 0.137400 0.099300 0.159600 0.150800 0.099600 0.094500 0.104700 0.092200 0.084700 0.131300 0.093400 0.086400
Sheep 0.017100 0.327500 0.095800 0.293900 0.103800 0.000000 0.129400 0.097300 0.098100 0.166300 0.034900 0.097300 0.066100 0.105500 0.112200 0.112700 0.149300 0.155400 0.061600 0.111500 0.115000 0.039200 0.131900 0.143800 0.039000 0.102600 0.070500 0.105700 0.104900 0.090800 0.158800 0.089900 0.156000 0.066200 0.062600 0.104200 0.052600 0.111800 0.092300 0.149900 0.136600 0.109200 0.163500 0.142000 0.109300 0.109400 0.099900 0.102100 0.094700 0.128100 0.103300 0.094000
MaxwellsDu 0.124500 0.355900 0.126500 0.315500 0.104200 0.129400 0.000000 0.122400 0.123700 0.187800 0.108000 0.120200 0.106800 0.105800 0.133100 0.123500 0.169600 0.192700 0.124400 0.122600 0.126200 0.115000 0.146500 0.164400 0.121800 0.113000 0.116400 0.131900 0.135900 0.116000 0.179900 0.087500 0.170900 0.112000 0.103700 0.117300 0.117100 0.115000 0.127300 0.179200 0.156800 0.130000 0.184900 0.173100 0.122800 0.130200 0.130600 0.117500 0.109800 0.153000 0.124300 0.117000
GazellaPrz 0.087800 0.348000 0.108800 0.309300 0.101900 0.097300 0.122400 0.000000 0.111100 0.173100 0.086200 0.105300 0.092600 0.113600 0.108200 0.077000 0.158300 0.172500 0.102200 0.119900 0.091300 0.097900 0.148800 0.158300 0.099700 0.072100 0.097100 0.113900 0.083900 0.103600 0.165500 0.088000 0.156800 0.092700 0.082000 0.107300 0.092800 0.109900 0.076300 0.169500 0.153500 0.076300 0.170300 0.158800 0.107600 0.105200 0.083800 0.095500 0.102600 0.129100 0.106600 0.094600
MountainNy 0.088500 0.325700 0.047100 0.288400 0.095500 0.098100 0.123700 0.111100 0.000000 0.134100 0.079800 0.062800 0.076700 0.084900 0.089400 0.109400 0.108300 0.134100 0.103100 0.033700 0.104400 0.093800 0.100000 0.109300 0.093300 0.091900 0.083500 0.033400 0.104100 0.044800 0.134400 0.066800 0.137200 0.079200 0.077900 0.074300 0.095900 0.101000 0.091300 0.130500 0.107300 0.103500 0.133900 0.107900 0.074500 0.101300 0.106400 0.091400 0.098500 0.109600 0.035700 0.047400
MuntiacusM 0.155900 0.334700 0.129100 0.288800 0.162400 0.166300 0.187800 0.173100 0.134100 0.000000 0.141700 0.130400 0.142900 0.155600 0.160200 0.171600 0.126900 0.122600 0.156100 0.135700 0.171600 0.146100 0.065600 0.077200 0.155800 0.147100 0.150100 0.139700 0.160200 0.128800 0.020200 0.131300 0.138700 0.145700 0.139900 0.142800 0.153400 0.166100 0.154000 0.100100 0.077600 0.170000 0.024500 0.081100 0.143200 0.167300 0.165300 0.138400 0.159100 0.158400 0.137300 0.135200
goat 0.026000 0.311900 0.072700 0.281500 0.082800 0.034900 0.108000 0.086200 0.079800 0.141700 0.000000 0.069700 0.044000 0.084600 0.091300 0.091700 0.125500 0.131300 0.044000 0.083100 0.099000 0.025400 0.107500 0.119400 0.012600 0.086600 0.052600 0.082400 0.093700 0.067900 0.134300 0.064200 0.147300 0.048300 0.035600 0.081300 0.021600 0.085600 0.081300 0.135700 0.112200 0.093300 0.139000 0.122900 0.081500 0.081500 0.084000 0.076700 0.078900 0.109500 0.075300 0.068400
AfricanBuf 0.087800 0.319500 0.060600 0.297700 0.092300 0.097300 0.120200 0.105300 0.062800 0.130400 0.069700 0.000000 0.080800 0.079500 0.103100 0.103500 0.129700 0.135700 0.097200 0.070600 0.098700 0.088300 0.111900 0.116200 0.083100 0.086400 0.087600 0.070100 0.098400 0.055900 0.128300 0.061600 0.156600 0.083200 0.070200 0.046000 0.085600 0.100100 0.095400 0.134800 0.116600 0.102700 0.132900 0.109600 0.046200 0.100500 0.108000 0.086000 0.093000 0.103700 0.058400 0.056300
Topi 0.057100 0.325200 0.079200 0.307000 0.089200 0.066100 0.106800 0.092600 0.076700 0.142900 0.044000 0.080800 0.000000 0.091000 0.092900 0.103000 0.114600 0.145500 0.061600 0.089700 0.110300 0.057300 0.114200 0.126000 0.057000 0.093000 0.017100 0.088900 0.095300 0.074400 0.135600 0.070700 0.148500 0.012900 0.039700 0.092400 0.061700 0.087200 0.087600 0.137000 0.123900 0.104400 0.140200 0.129400 0.092700 0.090200 0.104900 0.087900 0.080600 0.120900 0.081800 0.074900
CommonDuik 0.100700 0.323400 0.087500 0.298800 0.095500 0.105500 0.105800 0.113600 0.084900 0.155600 0.084600 0.079500 0.091000 0.000000 0.114000 0.114500 0.149100 0.150200 0.110500 0.093300 0.106900 0.101200 0.126200 0.127800 0.093300 0.094400 0.095600 0.092500 0.116500 0.077800 0.153400 0.038400 0.166100 0.091200 0.078100 0.091200 0.098400 0.093500 0.103500 0.143900 0.136100 0.115900 0.158200 0.131200 0.091500 0.086700 0.111400 0.094000 0.084000 0.117600 0.080500 0.083200
Suni 0.097700 0.345700 0.096900 0.320400 0.114700 0.112200 0.133100 0.108200 0.089400 0.160200 0.091300 0.103100 0.092900 0.114000 0.000000 0.116400 0.140900 0.162800 0.112300 0.102800 0.123900 0.103000 0.130700 0.142800 0.104900 0.106100 0.099900 0.097100 0.113500 0.096700 0.158100 0.088300 0.157900 0.097900 0.091900 0.098000 0.105100 0.117900 0.100500 0.154300 0.140700 0.112800 0.162900 0.141000 0.098300 0.110600 0.108400 0.090800 0.104600 0.126900 0.094700 0.092600
Springbuck 0.103000 0.354200 0.107000 0.328000 0.107700 0.112700 0.123500 0.077000 0.109400 0.171600 0.091700 0.103500 0.103000 0.114500 0.116400 0.000000 0.159200 0.165600 0.105500 0.118200 0.061100 0.103500 0.147200 0.159400 0.105300 0.042400 0.105100 0.112200 0.028700 0.101900 0.163900 0.088800 0.160700 0.103200 0.092400 0.100700 0.098200 0.110800 0.069900 0.176700 0.157300 0.051300 0.168700 0.157300 0.101000 0.106100 0.094100 0.101200 0.103400 0.135300 0.109800 0.092800
Okapi 0.139300 0.327900 0.108400 0.299900 0.150300 0.149300 0.169600 0.158300 0.108300 0.126900 0.125500 0.129700 0.114600 0.149100 0.140900 0.159200 0.000000 0.064500 0.149600 0.114500 0.170000 0.140000 0.113700 0.125400 0.134100 0.151200 0.126500 0.118500 0.148300 0.113200 0.129900 0.125500 0.115700 0.122100 0.128800 0.131700 0.131900 0.151400 0.147700 0.136400 0.123400 0.157900 0.129300 0.128900 0.132100 0.152800 0.156000 0.135000 0.147600 0.138900 0.116200 0.114200
Giraffe 0.150400 0.320300 0.134300 0.301900 0.161900 0.155400 0.192700 0.172500 0.134100 0.122600 0.131300 0.135700 0.145500 0.150200 0.162800 0.165600 0.064500 0.000000 0.166200 0.130600 0.182000 0.146100 0.119600 0.131500 0.135000 0.157500 0.152600 0.129400 0.159800 0.129100 0.125600 0.136800 0.126200 0.143100 0.140000 0.145500 0.137800 0.163300 0.159000 0.142600 0.129400 0.169600 0.125100 0.134900 0.145900 0.164400 0.162300 0.146200 0.159000 0.145100 0.132100 0.135400
TibetanAnt 0.052500 0.341900 0.091100 0.307300 0.103800 0.061600 0.124400 0.102200 0.103100 0.156100 0.044000 0.097200 0.061600 0.110500 0.112300 0.105500 0.149600 0.166200 0.000000 0.111700 0.122700 0.052800 0.132100 0.144100 0.048000 0.105200 0.063700 0.110700 0.112400 0.095800 0.148700 0.085200 0.161300 0.061700 0.058000 0.097100 0.048100 0.106900 0.102000 0.155400 0.142000 0.106900 0.153400 0.147400 0.097400 0.107100 0.114700 0.097400 0.092500 0.133400 0.103500 0.096500
Sitatunga 0.101700 0.309600 0.045300 0.292100 0.096600 0.111500 0.122600 0.119900 0.033700 0.135700 0.083100 0.070600 0.089700 0.093300 0.102800 0.118200 0.114500 0.130600 0.111700 0.000000 0.113200 0.097400 0.098700 0.113300 0.096800 0.100400 0.096600 0.036100 0.117900 0.045300 0.128300 0.075000 0.138700 0.092200 0.081200 0.082400 0.099500 0.102100 0.104700 0.129600 0.106000 0.107200 0.133000 0.116900 0.082600 0.104900 0.112700 0.090100 0.102200 0.108500 0.038400 0.045600
Oribi 0.110300 0.364400 0.107100 0.318000 0.110200 0.115000 0.126200 0.091300 0.104400 0.171600 0.099000 0.098700 0.110300 0.106900 0.123900 0.061100 0.170000 0.182000 0.122700 0.113200 0.000000 0.115800 0.147300 0.154000 0.112600 0.049300 0.114800 0.112300 0.063200 0.097100 0.169500 0.091200 0.171200 0.110500 0.099700 0.105700 0.110500 0.113500 0.079200 0.173900 0.157400 0.067500 0.174300 0.157300 0.106000 0.115900 0.091600 0.113500 0.115700 0.140600 0.099900 0.088000
BarbaryShe 0.034600 0.316900 0.096400 0.295700 0.089700 0.039200 0.115000 0.097900 0.093800 0.146100 0.025400 0.088300 0.057300 0.101200 0.103000 0.103500 0.140000 0.146100 0.052800 0.097400 0.115800 0.000000 0.117200 0.129100 0.039100 0.093500 0.061400 0.101400 0.105500 0.086600 0.144000 0.075900 0.151600 0.057100 0.049100 0.090400 0.037900 0.097600 0.097700 0.145500 0.116700 0.100100 0.148600 0.132500 0.095400 0.100300 0.100500 0.083500 0.090500 0.123900 0.094200 0.087300
Daviddeer 0.121700 0.316400 0.102800 0.281200 0.127300 0.131900 0.146500 0.148800 0.100000 0.065600 0.107500 0.111900 0.114200 0.126200 0.130700 0.147200 0.113700 0.119600 0.132100 0.098700 0.147300 0.117200 0.000000 0.049200 0.121700 0.128300 0.121300 0.108000 0.141400 0.102600 0.063400 0.102000 0.125500 0.116800 0.105700 0.114000 0.119300 0.130400 0.130100 0.066500 0.025500 0.143100 0.063200 0.058100 0.114400 0.132700 0.135800 0.104500 0.124800 0.123600 0.108400 0.103500
Reindeer 0.133600 0.305900 0.117200 0.288900 0.142100 0.143800 0.164400 0.158300 0.109300 0.077200 0.119400 0.116200 0.126000 0.127800 0.142800 0.159400 0.125400 0.131500 0.144100 0.113300 0.154000 0.129100 0.049200 0.000000 0.133500 0.129900 0.133200 0.122500 0.153500 0.117000 0.085000 0.108900 0.129600 0.128700 0.117600 0.120700 0.131100 0.142900 0.142100 0.078100 0.056300 0.157900 0.089700 0.031700 0.121100 0.139400 0.147900 0.124000 0.131500 0.135700 0.115000 0.118000
Ibex 0.038600 0.328000 0.081400 0.281500 0.096400 0.039000 0.121800 0.099700 0.093300 0.155800 0.012600 0.083100 0.057000 0.093300 0.104900 0.105300 0.134100 0.135000 0.048000 0.096800 0.112600 0.039100 0.121700 0.133500 0.000000 0.100200 0.065600 0.096000 0.107300 0.081300 0.148400 0.077800 0.161100 0.061400 0.048800 0.094700 0.030100 0.099500 0.094600 0.144700 0.126300 0.101900 0.153100 0.136900 0.094900 0.094900 0.097500 0.090100 0.087600 0.118300 0.088900 0.079600
GyrantGaze 0.097900 0.318800 0.099500 0.297800 0.082800 0.102600 0.113000 0.072100 0.091900 0.147100 0.086600 0.086400 0.093000 0.094400 0.106100 0.042400 0.151200 0.157500 0.105200 0.100400 0.049300 0.093500 0.128300 0.129900 0.100200 0.000000 0.095100 0.099600 0.040000 0.089500 0.144900 0.073900 0.147500 0.093200 0.082500 0.088500 0.093200 0.095400 0.069700 0.157200 0.138300 0.030700 0.149700 0.128200 0.093600 0.098400 0.084200 0.096000 0.093400 0.122300 0.087500 0.080500
Hartebeest 0.061100 0.340500 0.086100 0.315300 0.093800 0.070500 0.116400 0.097100 0.083500 0.150100 0.052600 0.087600 0.017100 0.095600 0.099900 0.105100 0.126500 0.152600 0.063700 0.096600 0.114800 0.061400 0.121300 0.133200 0.065600 0.095100 0.000000 0.095800 0.097500 0.081200 0.142800 0.075300 0.160700 0.017100 0.044200 0.094400 0.065800 0.091900 0.087400 0.144300 0.131100 0.106500 0.147400 0.136600 0.094700 0.094700 0.109400 0.092400 0.085000 0.127900 0.088700 0.081800
Bongo 0.096000 0.316700 0.049600 0.288900 0.100700 0.105700 0.131900 0.113900 0.033400 0.139700 0.082400 0.070100 0.088900 0.092500 0.097100 0.112200 0.118500 0.129400 0.110700 0.036100 0.112300 0.101400 0.108000 0.122500 0.096000 0.099600 0.095800 0.000000 0.111900 0.040300 0.127100 0.074400 0.130000 0.091400 0.080600 0.081700 0.098600 0.106400 0.098900 0.138900 0.120500 0.101400 0.126600 0.121000 0.081900 0.104100 0.104300 0.089300 0.101300 0.107500 0.033500 0.045300
Gerenuk 0.095300 0.346000 0.101800 0.333400 0.109800 0.104900 0.135900 0.083900 0.104100 0.160200 0.093700 0.098400 0.095300 0.116500 0.113500 0.028700 0.148300 0.159800 0.112400 0.117900 0.063200 0.105500 0.141400 0.153500 0.107300 0.040000 0.097500 0.111900 0.000000 0.101600 0.152700 0.090900 0.160100 0.095500 0.094500 0.110200 0.100300 0.113100 0.062600 0.165100 0.151500 0.048800 0.157500 0.151500 0.110600 0.108100 0.091300 0.108100 0.110300 0.129700 0.109500 0.092500
CommonElan 0.086100 0.319300 0.035700 0.294500 0.085700 0.090800 0.116000 0.103600 0.044800 0.128800 0.067900 0.055900 0.074400 0.077800 0.096700 0.101900 0.113200 0.129100 0.095800 0.045300 0.097100 0.086600 0.102600 0.117000 0.081300 0.089500 0.081200 0.040300 0.101600 0.000000 0.126700 0.064500 0.139800 0.076800 0.066000 0.067300 0.083900 0.093400 0.088900 0.133300 0.114900 0.096200 0.131400 0.120600 0.067500 0.089100 0.101500 0.084300 0.086500 0.099800 0.033500 0.026700
MuntiacusR 0.148500 0.332300 0.121800 0.299600 0.154800 0.158800 0.179900 0.165500 0.134400 0.020200 0.134300 0.128300 0.135600 0.153400 0.158100 0.163900 0.129900 0.125600 0.148700 0.128300 0.169500 0.144000 0.063400 0.085000 0.148400 0.144900 0.142800 0.127100 0.152700 0.126700 0.000000 0.129200 0.141800 0.138300 0.132500 0.140600 0.146000 0.158300 0.146600 0.098000 0.075500 0.162500 0.008900 0.088800 0.141100 0.159800 0.163200 0.131100 0.151700 0.150900 0.135100 0.127800
HarveysDui 0.080300 0.308600 0.069400 0.294300 0.069900 0.089900 0.087500 0.088000 0.066800 0.131300 0.064200 0.061600 0.070700 0.038400 0.088300 0.088800 0.125500 0.136800 0.085200 0.075000 0.091200 0.075900 0.102000 0.108900 0.077800 0.073900 0.075300 0.074400 0.090900 0.064500 0.129200 0.000000 0.142400 0.070900 0.055200 0.068500 0.073200 0.072600 0.083000 0.124800 0.111900 0.090400 0.133900 0.117700 0.068700 0.075900 0.090800 0.068800 0.068500 0.099100 0.067200 0.065000
Pronghorn 0.145900 0.323500 0.145200 0.316200 0.159500 0.156000 0.170900 0.156800 0.137200 0.138700 0.147300 0.156600 0.148500 0.166100 0.157900 0.160700 0.115700 0.126200 0.161300 0.138700 0.171200 0.151600 0.125500 0.129600 0.161100 0.147500 0.160700 0.130000 0.160100 0.139800 0.141800 0.142400 0.000000 0.151200 0.145600 0.148400 0.158700 0.168700 0.154100 0.158900 0.130100 0.164500 0.141200 0.135500 0.154000 0.161800 0.146900 0.141500 0.159300 0.158500 0.137800 0.141000
BlueWildeb 0.056900 0.335800 0.081700 0.310800 0.089400 0.066200 0.112000 0.092700 0.079200 0.145700 0.048300 0.083200 0.012900 0.091200 0.097900 0.103200 0.122100 0.143100 0.061700 0.092200 0.110500 0.057100 0.116800 0.128700 0.061400 0.093200 0.017100 0.091400 0.095500 0.076800 0.138300 0.070900 0.151200 0.000000 0.039800 0.094900 0.057000 0.087400 0.083100 0.139800 0.126600 0.099800 0.143000 0.132100 0.095100 0.095100 0.100200 0.083300 0.085400 0.123500 0.084300 0.077400
Gemsbok 0.053400 0.320200 0.075600 0.295900 0.078600 0.062600 0.103700 0.082000 0.077900 0.139900 0.035600 0.070200 0.039700 0.078100 0.091900 0.092400 0.128800 0.140000 0.058000 0.081200 0.099700 0.049100 0.105700 0.117600 0.048800 0.082500 0.044200 0.080600 0.094500 0.066000 0.132500 0.055200 0.145600 0.039800 0.000000 0.077100 0.048900 0.081300 0.081900 0.133900 0.115500 0.093900 0.137200 0.123800 0.077300 0.074900 0.094400 0.072600 0.074800 0.107700 0.073400 0.066500
Yak 0.099400 0.311300 0.072100 0.296700 0.094400 0.104200 0.117300 0.107300 0.074300 0.142800 0.081300 0.046000 0.092400 0.091200 0.098000 0.100700 0.131700 0.145500 0.097100 0.082400 0.105700 0.090400 0.114000 0.120700 0.094700 0.088500 0.094400 0.081700 0.110200 0.067300 0.140600 0.068500 0.148400 0.094900 0.077100 0.000000 0.092400 0.107200 0.102300 0.142100 0.123700 0.104700 0.145300 0.119100 0.008400 0.102600 0.110100 0.083300 0.090300 0.108300 0.069900 0.063100
BlueSheep 0.043400 0.325200 0.084000 0.294600 0.091800 0.052600 0.117100 0.092800 0.095900 0.153400 0.021600 0.085600 0.061700 0.098400 0.105100 0.098200 0.131900 0.137800 0.048100 0.099500 0.110500 0.037900 0.119300 0.131100 0.030100 0.093200 0.065800 0.098600 0.100300 0.083900 0.146000 0.073200 0.158700 0.057000 0.048900 0.092400 0.000000 0.094800 0.090100 0.147500 0.124000 0.085500 0.150700 0.134500 0.092700 0.095100 0.097700 0.085600 0.087800 0.111000 0.091500 0.084500
BohorReedb 0.102100 0.343200 0.103600 0.334000 0.038900 0.111800 0.115000 0.109900 0.101000 0.166100 0.085600 0.100100 0.087200 0.093500 0.117900 0.110800 0.151400 0.163300 0.106900 0.102100 0.113500 0.097600 0.130400 0.142900 0.099500 0.095400 0.091900 0.106400 0.113100 0.093400 0.158300 0.072600 0.168700 0.087400 0.081300 0.107200 0.094800 0.000000 0.104600 0.160100 0.140700 0.112300 0.163200 0.151700 0.107500 0.095300 0.107800 0.100000 0.087400 0.134600 0.101400 0.094200
KirksDik 0.082900 0.346800 0.093900 0.302200 0.101800 0.092300 0.127300 0.076300 0.091300 0.154000 0.081300 0.095400 0.087600 0.103500 0.100500 0.069900 0.147700 0.159000 0.102000 0.104700 0.079200 0.097700 0.130100 0.142100 0.094600 0.069700 0.087400 0.098900 0.062600 0.088900 0.146600 0.083000 0.154100 0.083100 0.081900 0.102300 0.090100 0.104600 0.000000 0.158800 0.140000 0.076200 0.151300 0.145400 0.102600 0.100200 0.074200 0.100200 0.097600 0.118900 0.091700 0.079900
RoeDeer 0.144700 0.334100 0.128200 0.309500 0.159100 0.149900 0.179200 0.169500 0.130500 0.100100 0.135700 0.134800 0.137000 0.143900 0.154300 0.176700 0.136400 0.142600 0.155400 0.129600 0.173900 0.145500 0.066500 0.078100 0.144700 0.157200 0.144300 0.138900 0.165100 0.133300 0.098000 0.124800 0.158900 0.139800 0.133900 0.142100 0.147500 0.160100 0.158800 0.000000 0.073700 0.175000 0.102600 0.086900 0.142500 0.161500 0.164800 0.135000 0.139700 0.147000 0.136500 0.134400
WhiteLippe 0.126400 0.325100 0.115100 0.292800 0.137400 0.136600 0.156800 0.153500 0.107300 0.077600 0.112200 0.116600 0.123900 0.136100 0.140700 0.157300 0.123400 0.129400 0.142000 0.106000 0.157400 0.116700 0.025500 0.056300 0.126300 0.138300 0.131100 0.120500 0.151500 0.114900 0.075500 0.111900 0.130100 0.126600 0.115500 0.123700 0.124000 0.140700 0.140000 0.073700 0.000000 0.155900 0.075200 0.065200 0.124100 0.142600 0.140500 0.109100 0.134600 0.133600 0.123200 0.115900
ThomsonGaz 0.104500 0.346500 0.096300 0.321600 0.099300 0.109200 0.130000 0.076300 0.103500 0.170000 0.093300 0.102700 0.104400 0.115900 0.112800 0.051300 0.157900 0.169600 0.106900 0.107200 0.067500 0.100100 0.143100 0.157900 0.101900 0.030700 0.106500 0.101400 0.048800 0.096200 0.162500 0.090400 0.164500 0.099800 0.093900 0.104700 0.085500 0.112300 0.076200 0.175000 0.155900 0.000000 0.167200 0.155900 0.109900 0.114800 0.100500 0.102600 0.109700 0.129000 0.099000 0.087200
MuntiacusC 0.153200 0.337800 0.126500 0.305000 0.159600 0.163500 0.184900 0.170300 0.133900 0.024500 0.139000 0.132900 0.140200 0.158200 0.162900 0.168700 0.129300 0.125100 0.153400 0.133000 0.174300 0.148600 0.063200 0.089700 0.153100 0.149700 0.147400 0.126600 0.157500 0.131400 0.008900 0.133900 0.141200 0.143000 0.137200 0.145300 0.150700 0.163200 0.151300 0.102600 0.075200 0.167200 0.000000 0.093400 0.145800 0.164500 0.165300 0.135700 0.156400 0.155600 0.134500 0.132500
WhiteTaile 0.131900 0.307900 0.120800 0.294300 0.150800 0.142000 0.173100 0.158800 0.107900 0.081100 0.122900 0.109600 0.129400 0.131200 0.141000 0.157300 0.128900 0.134900 0.147400 0.116900 0.157300 0.132500 0.058100 0.031700 0.136900 0.128200 0.136600 0.121000 0.151500 0.120600 0.088800 0.117700 0.135500 0.132100 0.123800 0.119100 0.134500 0.151700 0.145400 0.086900 0.065200 0.155900 0.093400 0.000000 0.119400 0.142800 0.151200 0.132600 0.140000 0.139100 0.118600 0.121600
Cattle 0.099700 0.319100 0.072300 0.304100 0.099600 0.109300 0.122800 0.107600 0.074500 0.143200 0.081500 0.046200 0.092700 0.091500 0.098300 0.101000 0.132100 0.145900 0.097400 0.082600 0.106000 0.095400 0.114400 0.121100 0.094900 0.093600 0.094700 0.081900 0.110600 0.067500 0.141100 0.068700 0.154000 0.095100 0.077300 0.008400 0.092700 0.107500 0.102600 0.142500 0.124100 0.109900 0.145800 0.119400 0.000000 0.102900 0.110400 0.083500 0.090600 0.108700 0.070200 0.063300
RoyalAntel 0.099800 0.339700 0.101500 0.328400 0.094500 0.109400 0.130200 0.105200 0.101300 0.167300 0.081500 0.100500 0.090200 0.086700 0.110600 0.106100 0.152800 0.164400 0.107100 0.104900 0.115900 0.100300 0.132700 0.139400 0.094900 0.098400 0.094700 0.104100 0.108100 0.089100 0.159800 0.075900 0.161800 0.095100 0.074900 0.102600 0.095100 0.095300 0.100200 0.161500 0.142600 0.114800 0.164500 0.142800 0.102900 0.000000 0.115300 0.102800 0.085700 0.129200 0.096800 0.094700
Steenbok 0.090400 0.345100 0.111500 0.306500 0.104700 0.099900 0.130600 0.083800 0.106400 0.165300 0.084000 0.108000 0.104900 0.111400 0.108400 0.094100 0.156000 0.162300 0.114700 0.112700 0.091600 0.100500 0.135800 0.147900 0.097500 0.084200 0.109400 0.104300 0.091300 0.101500 0.163200 0.090800 0.146900 0.100200 0.094400 0.110100 0.097700 0.107800 0.074200 0.164800 0.140500 0.100500 0.165300 0.151200 0.110400 0.115300 0.000000 0.088500 0.105400 0.127000 0.097100 0.097300
Impala 0.092600 0.313500 0.089200 0.305800 0.092200 0.102100 0.117500 0.095500 0.091400 0.138400 0.076700 0.086000 0.087900 0.094000 0.090800 0.101200 0.135000 0.146200 0.097400 0.090100 0.113500 0.083500 0.104500 0.124000 0.090100 0.096000 0.092400 0.089300 0.108100 0.084300 0.131100 0.068800 0.141500 0.083300 0.072600 0.083300 0.085600 0.100000 0.100200 0.135000 0.109100 0.102600 0.135700 0.132600 0.083500 0.102800 0.088500 0.000000 0.093000 0.111500 0.087100 0.080100
Klipspring 0.090000 0.329400 0.091500 0.320700 0.084700 0.094700 0.109800 0.102600 0.098500 0.159100 0.078900 0.093000 0.080600 0.084000 0.104600 0.103400 0.147600 0.159000 0.092500 0.102200 0.115700 0.090500 0.124800 0.131500 0.087600 0.093400 0.085000 0.101300 0.110300 0.086500 0.151700 0.068500 0.159300 0.085400 0.074800 0.090300 0.087800 0.087400 0.097600 0.139700 0.134600 0.109700 0.156400 0.140000 0.090600 0.085700 0.105400 0.093000 0.000000 0.121200 0.089300 0.087200
ForestMusk 0.123200 0.331600 0.104900 0.306200 0.131300 0.128100 0.153000 0.129100 0.109600 0.158400 0.109500 0.103700 0.120900 0.117600 0.126900 0.135300 0.138900 0.145100 0.133400 0.108500 0.140600 0.123900 0.123600 0.135700 0.118300 0.122300 0.127900 0.107500 0.129700 0.099800 0.150900 0.099100 0.158500 0.123500 0.107700 0.108300 0.111000 0.134600 0.118900 0.147000 0.133600 0.129000 0.155600 0.139100 0.108700 0.129200 0.127000 0.111500 0.121200 0.000000 0.105200 0.105500
Bushbuck 0.093700 0.304200 0.042700 0.299200 0.093400 0.103300 0.124300 0.106600 0.035700 0.137300 0.075300 0.058400 0.081800 0.080500 0.094700 0.109800 0.116200 0.132100 0.103500 0.038400 0.099900 0.094200 0.108400 0.115000 0.088900 0.087500 0.088700 0.033500 0.109500 0.033500 0.135100 0.067200 0.137800 0.084300 0.073400 0.069900 0.091500 0.101400 0.091700 0.136500 0.123200 0.099000 0.134500 0.118600 0.070200 0.096800 0.097100 0.087100 0.089300 0.105200 0.000000 0.033700
GreaterKud 0.086800 0.315900 0.036000 0.297500 0.086400 0.094000 0.117000 0.094600 0.047400 0.135200 0.068400 0.056300 0.074900 0.083200 0.092600 0.092800 0.114200 0.135400 0.096500 0.045600 0.088000 0.087300 0.103500 0.118000 0.079600 0.080500 0.081800 0.045300 0.092500 0.026700 0.127800 0.065000 0.141000 0.077400 0.066500 0.063100 0.084500 0.094200 0.079900 0.134400 0.115900 0.087200 0.132500 0.121600 0.063300 0.094700 0.097300 0.080100 0.087200 0.105500 0.033700 0.000000
