CODONML (in paml version 4.10.7, June 2023)  /home/rachel/ruminants_paml/6406-phy-tree/ENSBTAT00000010691.fasta.phy
Model: free dN/dS Ratios for branches,  kappa = 2.000 fixed

Codon frequency model: F3x4
ns =  54  ls =  13

Codon usage in sequences
--------------------------------------------------------------------------------------------------------------------------------------
Phe TTT   2   2   2   2   2   2 | Ser TCT   0   0   0   0   0   0 | Tyr TAT   0   0   0   0   0   0 | Cys TGT   0   0   0   0   0   0
    TTC   0   0   0   0   0   0 |     TCC   0   0   0   0   0   0 |     TAC   0   0   0   0   0   0 |     TGC   0   0   0   0   0   0
Leu TTA   1   1   1   1   1   1 |     TCA   1   1   1   1   1   1 | *** TAA   0   0   0   0   0   0 | *** TGA   0   0   0   0   0   0
    TTG   0   0   0   0   0   0 |     TCG   0   0   0   0   0   0 |     TAG   0   0   0   0   0   0 | Trp TGG   0   0   0   0   0   0
--------------------------------------------------------------------------------------------------------------------------------------
Leu CTT   0   0   0   0   0   0 | Pro CCT   0   0   0   0   0   0 | His CAT   0   0   0   0   1   1 | Arg CGT   0   0   0   0   0   0
    CTC   0   0   0   0   0   0 |     CCC   0   0   0   0   0   0 |     CAC   0   0   0   0   0   0 |     CGC   0   0   0   0   0   0
    CTA   0   0   0   0   0   0 |     CCA   0   0   0   0   0   0 | Gln CAA   0   0   0   0   0   0 |     CGA   0   0   0   0   0   0
    CTG   0   0   0   0   0   0 |     CCG   0   0   0   0   0   0 |     CAG   1   1   1   1   0   0 |     CGG   0   0   0   0   0   0
--------------------------------------------------------------------------------------------------------------------------------------
Ile ATT   0   0   0   0   0   0 | Thr ACT   0   0   0   0   0   0 | Asn AAT   0   0   0   0   0   0 | Ser AGT   0   0   0   0   0   0
    ATC   0   0   0   0   0   0 |     ACC   0   0   0   0   0   0 |     AAC   0   0   0   0   0   0 |     AGC   2   2   2   2   1   2
    ATA   0   0   0   0   0   0 |     ACA   2   2   2   2   2   2 | Lys AAA   0   0   0   0   0   0 | Arg AGA   0   0   0   0   0   0
Met ATG   0   0   0   0   0   0 |     ACG   0   0   0   0   0   0 |     AAG   0   0   0   0   0   0 |     AGG   0   0   0   0   0   0
--------------------------------------------------------------------------------------------------------------------------------------
Val GTT   0   0   0   0   0   0 | Ala GCT   0   0   0   0   0   0 | Asp GAT   0   0   0   0   0   0 | Gly GGT   2   2   2   2   3   2
    GTC   0   0   0   0   0   0 |     GCC   0   0   0   0   0   0 |     GAC   0   0   0   0   0   0 |     GGC   1   1   1   1   1   1
    GTA   0   0   0   0   0   0 |     GCA   0   0   0   0   0   0 | Glu GAA   0   0   0   0   0   0 |     GGA   0   0   0   0   0   0
    GTG   0   0   0   0   0   0 |     GCG   0   0   0   0   0   0 |     GAG   1   1   1   1   1   1 |     GGG   0   0   0   0   0   0
--------------------------------------------------------------------------------------------------------------------------------------

--------------------------------------------------------------------------------------------------------------------------------------
Phe TTT   2   2   2   2   2   2 | Ser TCT   0   0   0   0   0   0 | Tyr TAT   0   0   0   0   0   0 | Cys TGT   0   0   0   0   0   0
    TTC   0   0   0   0   0   0 |     TCC   0   0   0   0   0   0 |     TAC   0   0   0   0   0   0 |     TGC   0   0   0   0   0   0
Leu TTA   1   1   1   1   1   1 |     TCA   1   1   1   1   1   1 | *** TAA   0   0   0   0   0   0 | *** TGA   0   0   0   0   0   0
    TTG   0   0   0   0   0   0 |     TCG   0   0   0   0   0   0 |     TAG   0   0   0   0   0   0 | Trp TGG   0   0   0   0   0   0
--------------------------------------------------------------------------------------------------------------------------------------
Leu CTT   0   0   0   0   0   0 | Pro CCT   0   0   0   0   0   0 | His CAT   0   0   0   0   0   0 | Arg CGT   0   0   0   0   0   0
    CTC   0   0   0   0   0   0 |     CCC   0   0   0   0   0   0 |     CAC   0   0   0   0   0   0 |     CGC   0   0   0   0   0   0
    CTA   0   0   0   0   0   0 |     CCA   0   0   0   0   0   0 | Gln CAA   0   0   0   0   0   0 |     CGA   0   0   0   0   0   0
    CTG   0   0   0   0   0   0 |     CCG   0   0   0   0   0   0 |     CAG   1   1   1   1   1   1 |     CGG   0   0   0   0   0   0
--------------------------------------------------------------------------------------------------------------------------------------
Ile ATT   0   0   0   0   0   0 | Thr ACT   0   0   0   0   0   0 | Asn AAT   0   0   0   0   0   0 | Ser AGT   0   0   0   0   0   0
    ATC   0   0   0   0   0   0 |     ACC   1   0   1   1   0   0 |     AAC   0   0   0   0   0   0 |     AGC   2   2   2   2   2   2
    ATA   0   0   0   0   0   0 |     ACA   1   2   1   1   2   2 | Lys AAA   0   0   0   0   0   0 | Arg AGA   0   0   0   0   0   0
Met ATG   0   0   0   0   0   0 |     ACG   0   0   0   0   0   0 |     AAG   0   0   0   0   0   0 |     AGG   0   0   0   0   0   0
--------------------------------------------------------------------------------------------------------------------------------------
Val GTT   0   0   0   0   0   0 | Ala GCT   0   0   0   0   0   0 | Asp GAT   0   0   0   0   0   0 | Gly GGT   2   2   2   2   2   2
    GTC   0   0   0   0   0   0 |     GCC   0   0   0   0   0   0 |     GAC   0   0   0   0   0   0 |     GGC   1   1   1   1   1   1
    GTA   0   0   0   0   0   0 |     GCA   0   0   0   0   0   0 | Glu GAA   0   0   0   0   0   0 |     GGA   0   0   0   0   0   0
    GTG   0   0   0   0   0   0 |     GCG   0   0   0   0   0   0 |     GAG   1   1   1   1   1   1 |     GGG   0   0   0   0   0   0
--------------------------------------------------------------------------------------------------------------------------------------

--------------------------------------------------------------------------------------------------------------------------------------
Phe TTT   2   2   2   2   2   2 | Ser TCT   0   0   0   0   0   0 | Tyr TAT   0   0   0   0   0   0 | Cys TGT   0   0   0   0   0   0
    TTC   0   0   0   0   0   0 |     TCC   0   0   0   0   0   0 |     TAC   0   0   0   0   0   0 |     TGC   0   0   0   0   0   0
Leu TTA   1   1   1   1   1   1 |     TCA   1   1   1   1   1   1 | *** TAA   0   0   0   0   0   0 | *** TGA   0   0   0   0   0   0
    TTG   0   0   0   0   0   0 |     TCG   0   0   0   0   0   0 |     TAG   0   0   0   0   0   0 | Trp TGG   0   0   0   0   0   0
--------------------------------------------------------------------------------------------------------------------------------------
Leu CTT   0   0   0   0   0   0 | Pro CCT   0   0   0   0   0   0 | His CAT   0   0   0   0   0   0 | Arg CGT   0   0   0   0   0   0
    CTC   0   0   0   0   0   0 |     CCC   0   0   0   0   0   0 |     CAC   0   0   0   0   0   0 |     CGC   0   0   0   0   0   0
    CTA   0   0   0   0   0   0 |     CCA   0   0   0   0   0   0 | Gln CAA   0   0   0   0   0   0 |     CGA   0   0   0   0   0   0
    CTG   0   0   0   0   0   0 |     CCG   0   0   0   0   0   0 |     CAG   1   1   1   1   1   1 |     CGG   0   0   0   0   0   0
--------------------------------------------------------------------------------------------------------------------------------------
Ile ATT   0   0   0   0   0   0 | Thr ACT   0   0   0   0   0   0 | Asn AAT   0   0   0   0   0   0 | Ser AGT   0   0   0   0   0   0
    ATC   0   0   0   0   0   0 |     ACC   0   0   0   1   1   1 |     AAC   0   0   0   0   0   0 |     AGC   2   2   2   2   1   2
    ATA   0   0   0   0   0   0 |     ACA   2   2   2   1   1   1 | Lys AAA   0   0   0   0   0   0 | Arg AGA   0   0   0   0   0   0
Met ATG   0   0   0   0   0   0 |     ACG   0   0   0   0   0   0 |     AAG   0   0   0   0   0   0 |     AGG   0   0   0   0   0   0
--------------------------------------------------------------------------------------------------------------------------------------
Val GTT   0   0   0   0   0   0 | Ala GCT   0   0   0   0   0   0 | Asp GAT   0   0   0   0   0   0 | Gly GGT   2   2   2   2   2   2
    GTC   0   0   0   0   0   0 |     GCC   0   0   0   0   0   0 |     GAC   0   0   0   0   0   0 |     GGC   1   1   1   1   2   1
    GTA   0   0   0   0   0   0 |     GCA   0   0   0   0   0   0 | Glu GAA   0   0   0   0   0   0 |     GGA   0   0   0   0   0   0
    GTG   0   0   0   0   0   0 |     GCG   0   0   0   0   0   0 |     GAG   1   1   1   1   1   1 |     GGG   0   0   0   0   0   0
--------------------------------------------------------------------------------------------------------------------------------------

--------------------------------------------------------------------------------------------------------------------------------------
Phe TTT   2   2   2   2   2   2 | Ser TCT   0   0   0   0   0   0 | Tyr TAT   0   0   0   0   0   0 | Cys TGT   0   0   0   0   0   0
    TTC   0   0   0   0   0   0 |     TCC   0   0   0   0   0   0 |     TAC   0   0   0   0   0   0 |     TGC   0   0   0   0   0   0
Leu TTA   1   1   1   1   1   1 |     TCA   1   1   1   1   1   1 | *** TAA   0   0   0   0   0   0 | *** TGA   0   0   0   0   0   0
    TTG   0   0   0   0   0   0 |     TCG   0   0   0   0   0   0 |     TAG   0   0   0   0   0   0 | Trp TGG   0   0   0   0   0   0
--------------------------------------------------------------------------------------------------------------------------------------
Leu CTT   0   0   0   0   0   0 | Pro CCT   0   0   0   0   0   0 | His CAT   0   0   0   0   0   0 | Arg CGT   0   0   0   0   0   0
    CTC   0   0   0   0   0   0 |     CCC   0   0   0   0   0   0 |     CAC   0   0   0   0   0   0 |     CGC   0   0   0   0   0   0
    CTA   0   0   0   0   0   0 |     CCA   0   0   0   0   0   0 | Gln CAA   0   0   0   0   0   0 |     CGA   0   0   0   0   0   0
    CTG   0   0   0   0   0   0 |     CCG   0   0   0   0   0   0 |     CAG   1   1   1   1   1   1 |     CGG   0   0   0   0   0   0
--------------------------------------------------------------------------------------------------------------------------------------
Ile ATT   0   0   0   0   0   0 | Thr ACT   0   0   0   0   0   0 | Asn AAT   0   0   0   0   0   0 | Ser AGT   0   0   0   0   0   0
    ATC   0   0   0   0   0   0 |     ACC   0   0   0   0   1   0 |     AAC   0   0   0   0   0   0 |     AGC   2   2   2   2   2   2
    ATA   0   0   0   0   0   0 |     ACA   2   2   2   2   1   2 | Lys AAA   0   0   0   0   0   0 | Arg AGA   0   0   0   0   0   0
Met ATG   0   0   0   0   0   0 |     ACG   0   0   0   0   0   0 |     AAG   0   0   0   0   0   0 |     AGG   0   0   0   0   0   0
--------------------------------------------------------------------------------------------------------------------------------------
Val GTT   0   0   0   0   0   0 | Ala GCT   0   0   0   0   0   0 | Asp GAT   0   0   0   0   0   0 | Gly GGT   2   2   2   2   2   2
    GTC   0   0   0   0   0   0 |     GCC   0   0   0   0   0   0 |     GAC   0   0   0   0   0   0 |     GGC   1   1   1   1   1   1
    GTA   0   0   0   0   0   0 |     GCA   0   0   0   0   0   0 | Glu GAA   0   0   0   0   0   0 |     GGA   0   0   0   0   0   0
    GTG   0   0   0   0   0   0 |     GCG   0   0   0   0   0   0 |     GAG   1   1   1   1   1   1 |     GGG   0   0   0   0   0   0
--------------------------------------------------------------------------------------------------------------------------------------

--------------------------------------------------------------------------------------------------------------------------------------
Phe TTT   2   2   2   2   2   2 | Ser TCT   0   0   0   0   0   0 | Tyr TAT   0   0   0   0   0   0 | Cys TGT   0   0   0   0   0   0
    TTC   0   0   0   0   0   0 |     TCC   0   0   0   0   0   0 |     TAC   0   0   0   0   0   0 |     TGC   0   0   0   0   0   0
Leu TTA   1   1   1   1   1   1 |     TCA   1   1   1   1   1   1 | *** TAA   0   0   0   0   0   0 | *** TGA   0   0   0   0   0   0
    TTG   0   0   0   0   0   0 |     TCG   0   0   0   0   0   0 |     TAG   0   0   0   0   0   0 | Trp TGG   0   0   0   0   0   0
--------------------------------------------------------------------------------------------------------------------------------------
Leu CTT   0   0   0   0   0   0 | Pro CCT   0   0   0   0   0   0 | His CAT   0   0   0   0   0   0 | Arg CGT   0   0   0   0   0   0
    CTC   0   0   0   0   0   0 |     CCC   0   0   0   0   0   0 |     CAC   0   0   0   0   0   0 |     CGC   0   0   0   0   0   0
    CTA   0   0   0   0   0   0 |     CCA   0   0   0   0   0   0 | Gln CAA   0   0   0   0   0   0 |     CGA   0   0   0   0   0   0
    CTG   0   0   0   0   0   0 |     CCG   0   0   0   0   0   0 |     CAG   1   1   1   1   1   1 |     CGG   0   0   0   0   0   0
--------------------------------------------------------------------------------------------------------------------------------------
Ile ATT   0   0   0   0   0   0 | Thr ACT   0   0   0   0   0   0 | Asn AAT   0   0   0   0   0   0 | Ser AGT   0   0   0   0   0   0
    ATC   0   0   0   0   0   0 |     ACC   0   0   0   1   0   0 |     AAC   0   0   0   0   0   0 |     AGC   2   2   2   2   2   2
    ATA   0   0   0   0   0   0 |     ACA   2   2   2   1   2   2 | Lys AAA   0   0   0   0   0   0 | Arg AGA   0   0   0   0   0   0
Met ATG   0   0   0   0   0   0 |     ACG   0   0   0   0   0   0 |     AAG   0   0   0   0   0   0 |     AGG   0   0   0   0   0   0
--------------------------------------------------------------------------------------------------------------------------------------
Val GTT   0   0   0   0   0   0 | Ala GCT   0   0   0   0   0   0 | Asp GAT   0   0   0   0   0   0 | Gly GGT   2   2   2   2   2   2
    GTC   0   0   0   0   0   0 |     GCC   0   0   0   0   0   0 |     GAC   0   0   0   0   0   0 |     GGC   1   1   1   1   1   1
    GTA   0   0   0   0   0   0 |     GCA   0   0   0   0   0   0 | Glu GAA   0   0   0   0   0   0 |     GGA   0   0   0   0   0   0
    GTG   0   0   0   0   0   0 |     GCG   0   0   0   0   0   0 |     GAG   1   1   1   1   1   1 |     GGG   0   0   0   0   0   0
--------------------------------------------------------------------------------------------------------------------------------------

--------------------------------------------------------------------------------------------------------------------------------------
Phe TTT   2   2   2   2   2   2 | Ser TCT   0   0   0   0   0   0 | Tyr TAT   0   0   0   0   0   0 | Cys TGT   0   0   0   0   0   0
    TTC   0   0   0   0   0   0 |     TCC   0   0   0   0   0   0 |     TAC   0   0   0   0   0   0 |     TGC   0   0   0   0   0   0
Leu TTA   1   1   1   1   1   1 |     TCA   1   1   1   1   1   1 | *** TAA   0   0   0   0   0   0 | *** TGA   0   0   0   0   0   0
    TTG   0   0   0   0   0   0 |     TCG   0   0   0   0   0   0 |     TAG   0   0   0   0   0   0 | Trp TGG   0   0   0   0   0   0
--------------------------------------------------------------------------------------------------------------------------------------
Leu CTT   0   0   0   0   0   0 | Pro CCT   0   0   0   0   0   0 | His CAT   0   0   0   0   0   0 | Arg CGT   0   0   0   0   0   0
    CTC   0   0   0   0   0   0 |     CCC   0   0   0   0   0   0 |     CAC   0   0   0   0   0   0 |     CGC   0   0   0   0   0   0
    CTA   0   0   0   0   0   0 |     CCA   0   0   0   0   0   0 | Gln CAA   0   0   0   0   0   0 |     CGA   0   0   0   0   0   0
    CTG   0   0   0   0   0   0 |     CCG   0   0   0   0   0   0 |     CAG   1   1   1   1   1   1 |     CGG   0   0   0   0   0   0
--------------------------------------------------------------------------------------------------------------------------------------
Ile ATT   0   0   0   0   0   0 | Thr ACT   0   0   0   0   0   0 | Asn AAT   0   0   0   0   0   0 | Ser AGT   0   0   0   0   0   0
    ATC   0   0   0   0   0   0 |     ACC   1   0   0   1   0   0 |     AAC   0   0   0   0   0   0 |     AGC   2   2   2   2   2   2
    ATA   0   0   0   0   0   0 |     ACA   1   2   2   1   2   2 | Lys AAA   0   0   0   0   0   0 | Arg AGA   0   0   0   0   0   0
Met ATG   0   0   0   0   0   0 |     ACG   0   0   0   0   0   0 |     AAG   0   0   0   0   0   0 |     AGG   0   0   0   0   0   0
--------------------------------------------------------------------------------------------------------------------------------------
Val GTT   0   0   0   0   0   0 | Ala GCT   0   0   0   0   0   0 | Asp GAT   0   0   0   0   0   0 | Gly GGT   2   2   2   2   2   2
    GTC   0   0   0   0   0   0 |     GCC   0   0   0   0   0   0 |     GAC   0   0   0   0   0   0 |     GGC   1   1   1   1   1   1
    GTA   0   0   0   0   0   0 |     GCA   0   0   0   0   0   0 | Glu GAA   0   0   0   0   0   0 |     GGA   0   0   0   0   0   0
    GTG   0   0   0   0   0   0 |     GCG   0   0   0   0   0   0 |     GAG   1   1   1   1   1   1 |     GGG   0   0   0   0   0   0
--------------------------------------------------------------------------------------------------------------------------------------

--------------------------------------------------------------------------------------------------------------------------------------
Phe TTT   2   2   2   2   2   2 | Ser TCT   0   0   0   0   0   0 | Tyr TAT   0   0   0   0   0   0 | Cys TGT   0   0   0   0   0   0
    TTC   0   0   0   0   0   0 |     TCC   0   0   0   0   0   0 |     TAC   0   0   0   0   0   0 |     TGC   0   0   0   0   0   0
Leu TTA   1   1   1   1   1   1 |     TCA   1   1   1   1   1   1 | *** TAA   0   0   0   0   0   0 | *** TGA   0   0   0   0   0   0
    TTG   0   0   0   0   0   0 |     TCG   0   0   0   0   0   0 |     TAG   0   0   0   0   0   0 | Trp TGG   0   0   0   0   0   0
--------------------------------------------------------------------------------------------------------------------------------------
Leu CTT   0   0   0   0   0   0 | Pro CCT   0   0   0   0   0   0 | His CAT   0   0   0   0   0   0 | Arg CGT   0   0   0   0   0   0
    CTC   0   0   0   0   0   0 |     CCC   0   0   0   0   0   0 |     CAC   0   0   0   0   0   0 |     CGC   0   0   0   0   0   0
    CTA   0   0   0   0   0   0 |     CCA   0   0   0   0   0   0 | Gln CAA   0   0   0   0   0   0 |     CGA   0   0   0   0   0   0
    CTG   0   0   0   0   0   0 |     CCG   0   0   0   0   0   0 |     CAG   1   1   1   1   1   1 |     CGG   0   0   0   0   0   0
--------------------------------------------------------------------------------------------------------------------------------------
Ile ATT   0   0   0   0   0   0 | Thr ACT   0   0   0   0   0   0 | Asn AAT   0   0   0   0   0   0 | Ser AGT   0   0   0   0   0   0
    ATC   0   0   0   0   0   0 |     ACC   0   0   0   1   1   0 |     AAC   0   0   0   0   0   0 |     AGC   2   2   2   2   2   2
    ATA   0   0   0   0   0   0 |     ACA   2   2   2   1   1   2 | Lys AAA   0   0   0   0   0   0 | Arg AGA   0   0   0   0   0   0
Met ATG   0   0   0   0   0   0 |     ACG   0   0   0   0   0   0 |     AAG   0   0   0   0   1   0 |     AGG   0   0   0   0   0   0
--------------------------------------------------------------------------------------------------------------------------------------
Val GTT   0   0   0   0   0   0 | Ala GCT   0   0   0   0   0   0 | Asp GAT   0   0   0   0   0   0 | Gly GGT   2   2   2   2   2   2
    GTC   0   0   0   0   0   0 |     GCC   0   0   0   0   0   0 |     GAC   0   0   0   0   0   0 |     GGC   1   1   1   1   1   1
    GTA   0   0   0   0   0   0 |     GCA   0   0   0   0   0   0 | Glu GAA   0   0   0   0   0   0 |     GGA   0   0   0   0   0   0
    GTG   0   0   0   0   0   0 |     GCG   0   0   0   0   0   0 |     GAG   1   1   1   1   0   1 |     GGG   0   0   0   0   0   0
--------------------------------------------------------------------------------------------------------------------------------------

--------------------------------------------------------------------------------------------------------------------------------------
Phe TTT   2   2   2   2   2   2 | Ser TCT   0   0   0   0   0   0 | Tyr TAT   0   0   0   0   0   0 | Cys TGT   0   0   0   0   0   0
    TTC   0   0   0   0   0   0 |     TCC   0   0   0   0   0   0 |     TAC   0   0   0   0   0   0 |     TGC   0   0   0   0   0   0
Leu TTA   1   1   1   1   1   1 |     TCA   1   1   1   1   1   1 | *** TAA   0   0   0   0   0   0 | *** TGA   0   0   0   0   0   0
    TTG   0   0   0   0   0   0 |     TCG   0   0   0   0   0   0 |     TAG   0   0   0   0   0   0 | Trp TGG   0   0   0   0   0   0
--------------------------------------------------------------------------------------------------------------------------------------
Leu CTT   0   0   0   0   0   0 | Pro CCT   0   0   0   0   0   0 | His CAT   0   0   0   0   0   0 | Arg CGT   0   0   0   0   0   0
    CTC   0   0   0   0   0   0 |     CCC   0   0   0   0   0   0 |     CAC   0   0   0   0   0   0 |     CGC   0   0   0   0   0   0
    CTA   0   0   0   0   0   0 |     CCA   0   0   0   0   0   0 | Gln CAA   0   0   0   0   1   0 |     CGA   0   0   0   0   0   0
    CTG   0   0   0   0   0   0 |     CCG   0   0   0   0   0   0 |     CAG   1   1   1   1   0   1 |     CGG   0   0   0   0   0   0
--------------------------------------------------------------------------------------------------------------------------------------
Ile ATT   0   0   0   0   0   0 | Thr ACT   0   0   0   0   0   0 | Asn AAT   0   0   0   0   0   0 | Ser AGT   0   0   0   0   0   0
    ATC   0   0   0   0   0   0 |     ACC   0   1   0   0   0   1 |     AAC   0   0   0   0   0   0 |     AGC   2   2   2   2   2   2
    ATA   0   0   0   0   0   0 |     ACA   2   1   2   2   2   1 | Lys AAA   0   0   0   0   0   0 | Arg AGA   0   0   0   0   0   0
Met ATG   0   0   0   0   0   0 |     ACG   0   0   0   0   0   0 |     AAG   0   0   0   0   0   0 |     AGG   0   0   0   0   0   0
--------------------------------------------------------------------------------------------------------------------------------------
Val GTT   0   0   0   0   0   0 | Ala GCT   0   0   0   0   0   0 | Asp GAT   0   0   0   0   0   0 | Gly GGT   2   2   2   2   2   2
    GTC   0   0   0   0   0   0 |     GCC   0   0   0   0   0   0 |     GAC   0   0   0   0   0   0 |     GGC   1   1   1   1   1   1
    GTA   0   0   0   0   0   0 |     GCA   0   0   0   0   0   0 | Glu GAA   0   0   0   0   0   0 |     GGA   0   0   0   0   0   0
    GTG   0   0   0   0   0   0 |     GCG   0   0   0   0   0   0 |     GAG   1   1   1   1   1   1 |     GGG   0   0   0   0   0   0
--------------------------------------------------------------------------------------------------------------------------------------

--------------------------------------------------------------------------------------------------------------------------------------
Phe TTT   2   2   2   2   2   2 | Ser TCT   0   0   0   0   0   0 | Tyr TAT   0   0   0   0   0   0 | Cys TGT   0   0   0   0   0   0
    TTC   0   0   0   0   0   0 |     TCC   0   0   0   0   0   0 |     TAC   0   0   0   0   0   0 |     TGC   0   0   0   0   0   0
Leu TTA   1   1   1   1   1   1 |     TCA   1   1   1   1   1   1 | *** TAA   0   0   0   0   0   0 | *** TGA   0   0   0   0   0   0
    TTG   0   0   0   0   0   0 |     TCG   0   0   0   0   0   0 |     TAG   0   0   0   0   0   0 | Trp TGG   0   0   0   0   0   0
--------------------------------------------------------------------------------------------------------------------------------------
Leu CTT   0   0   0   0   0   0 | Pro CCT   0   0   0   0   0   0 | His CAT   0   0   0   0   0   0 | Arg CGT   0   0   0   0   0   0
    CTC   0   0   0   0   0   0 |     CCC   0   0   0   0   0   0 |     CAC   0   0   0   0   0   0 |     CGC   0   0   0   0   0   0
    CTA   0   0   0   0   0   0 |     CCA   0   0   0   0   0   0 | Gln CAA   0   0   1   0   0   0 |     CGA   0   0   0   0   0   0
    CTG   0   0   0   0   0   0 |     CCG   0   0   0   0   0   0 |     CAG   1   1   0   1   1   1 |     CGG   0   0   0   0   0   0
--------------------------------------------------------------------------------------------------------------------------------------
Ile ATT   0   0   0   0   0   0 | Thr ACT   0   0   0   0   0   0 | Asn AAT   0   0   0   0   0   0 | Ser AGT   0   0   0   0   0   0
    ATC   0   0   0   0   0   0 |     ACC   1   1   1   0   0   0 |     AAC   0   0   0   0   0   0 |     AGC   2   2   2   2   2   2
    ATA   0   0   0   0   0   0 |     ACA   1   1   1   2   2   2 | Lys AAA   0   0   0   0   0   0 | Arg AGA   0   0   0   0   0   0
Met ATG   0   0   0   0   0   0 |     ACG   0   0   0   0   0   0 |     AAG   0   0   0   0   0   0 |     AGG   0   0   0   0   0   0
--------------------------------------------------------------------------------------------------------------------------------------
Val GTT   0   0   0   0   0   0 | Ala GCT   0   0   0   0   0   0 | Asp GAT   0   0   0   0   0   0 | Gly GGT   2   2   2   2   2   2
    GTC   0   0   0   0   0   0 |     GCC   0   0   0   0   0   0 |     GAC   0   0   0   0   0   0 |     GGC   1   1   1   1   1   1
    GTA   0   0   0   0   0   0 |     GCA   0   0   0   0   0   0 | Glu GAA   0   0   0   0   0   0 |     GGA   0   0   0   0   0   0
    GTG   0   0   0   0   0   0 |     GCG   0   0   0   0   0   0 |     GAG   1   1   1   1   1   1 |     GGG   0   0   0   0   0   0
--------------------------------------------------------------------------------------------------------------------------------------

Codon position x base (3x4) table for each sequence.

#1: Argali         
position  1:    T:0.30769    C:0.07692    A:0.30769    G:0.30769
position  2:    T:0.23077    C:0.23077    A:0.15385    G:0.38462
position  3:    T:0.30769    C:0.23077    A:0.30769    G:0.15385
Average         T:0.28205    C:0.17949    A:0.25641    G:0.28205

#2: LesserMouseDeer
position  1:    T:0.30769    C:0.07692    A:0.30769    G:0.30769
position  2:    T:0.23077    C:0.23077    A:0.15385    G:0.38462
position  3:    T:0.30769    C:0.23077    A:0.30769    G:0.15385
Average         T:0.28205    C:0.17949    A:0.25641    G:0.28205

#3: LesserKudu     
position  1:    T:0.30769    C:0.07692    A:0.30769    G:0.30769
position  2:    T:0.23077    C:0.23077    A:0.15385    G:0.38462
position  3:    T:0.30769    C:0.23077    A:0.30769    G:0.15385
Average         T:0.28205    C:0.17949    A:0.25641    G:0.28205

#4: ForestMuskDeer2
position  1:    T:0.30769    C:0.07692    A:0.30769    G:0.30769
position  2:    T:0.23077    C:0.23077    A:0.15385    G:0.38462
position  3:    T:0.30769    C:0.23077    A:0.30769    G:0.15385
Average         T:0.28205    C:0.17949    A:0.25641    G:0.28205

#5: Camel          
position  1:    T:0.30769    C:0.07692    A:0.23077    G:0.38462
position  2:    T:0.23077    C:0.23077    A:0.15385    G:0.38462
position  3:    T:0.46154    C:0.15385    A:0.30769    G:0.07692
Average         T:0.33333    C:0.15385    A:0.23077    G:0.28205

#6: KillerWhale    
position  1:    T:0.30769    C:0.07692    A:0.30769    G:0.30769
position  2:    T:0.23077    C:0.23077    A:0.15385    G:0.38462
position  3:    T:0.38462    C:0.23077    A:0.30769    G:0.07692
Average         T:0.30769    C:0.17949    A:0.25641    G:0.25641

#7: DefassaWaterbuck
position  1:    T:0.30769    C:0.07692    A:0.30769    G:0.30769
position  2:    T:0.23077    C:0.23077    A:0.15385    G:0.38462
position  3:    T:0.30769    C:0.30769    A:0.23077    G:0.15385
Average         T:0.28205    C:0.20513    A:0.23077    G:0.28205

#8: Sheep          
position  1:    T:0.30769    C:0.07692    A:0.30769    G:0.30769
position  2:    T:0.23077    C:0.23077    A:0.15385    G:0.38462
position  3:    T:0.30769    C:0.23077    A:0.30769    G:0.15385
Average         T:0.28205    C:0.17949    A:0.25641    G:0.28205

#9: MaxwellsDuiker 
position  1:    T:0.30769    C:0.07692    A:0.30769    G:0.30769
position  2:    T:0.23077    C:0.23077    A:0.15385    G:0.38462
position  3:    T:0.30769    C:0.30769    A:0.23077    G:0.15385
Average         T:0.28205    C:0.20513    A:0.23077    G:0.28205

#10: GazellaPrzewalskyi
position  1:    T:0.30769    C:0.07692    A:0.30769    G:0.30769
position  2:    T:0.23077    C:0.23077    A:0.15385    G:0.38462
position  3:    T:0.30769    C:0.30769    A:0.23077    G:0.15385
Average         T:0.28205    C:0.20513    A:0.23077    G:0.28205

#11: MountainNyala  
position  1:    T:0.30769    C:0.07692    A:0.30769    G:0.30769
position  2:    T:0.23077    C:0.23077    A:0.15385    G:0.38462
position  3:    T:0.30769    C:0.23077    A:0.30769    G:0.15385
Average         T:0.28205    C:0.17949    A:0.25641    G:0.28205

#12: MuntiacusMuntjak
position  1:    T:0.30769    C:0.07692    A:0.30769    G:0.30769
position  2:    T:0.23077    C:0.23077    A:0.15385    G:0.38462
position  3:    T:0.30769    C:0.23077    A:0.30769    G:0.15385
Average         T:0.28205    C:0.17949    A:0.25641    G:0.28205

#13: goat           
position  1:    T:0.30769    C:0.07692    A:0.30769    G:0.30769
position  2:    T:0.23077    C:0.23077    A:0.15385    G:0.38462
position  3:    T:0.30769    C:0.23077    A:0.30769    G:0.15385
Average         T:0.28205    C:0.17949    A:0.25641    G:0.28205

#14: AfricanBuffalo 
position  1:    T:0.30769    C:0.07692    A:0.30769    G:0.30769
position  2:    T:0.23077    C:0.23077    A:0.15385    G:0.38462
position  3:    T:0.30769    C:0.23077    A:0.30769    G:0.15385
Average         T:0.28205    C:0.17949    A:0.25641    G:0.28205

#15: Topi           
position  1:    T:0.30769    C:0.07692    A:0.30769    G:0.30769
position  2:    T:0.23077    C:0.23077    A:0.15385    G:0.38462
position  3:    T:0.30769    C:0.23077    A:0.30769    G:0.15385
Average         T:0.28205    C:0.17949    A:0.25641    G:0.28205

#16: CommonDuiker   
position  1:    T:0.30769    C:0.07692    A:0.30769    G:0.30769
position  2:    T:0.23077    C:0.23077    A:0.15385    G:0.38462
position  3:    T:0.30769    C:0.30769    A:0.23077    G:0.15385
Average         T:0.28205    C:0.20513    A:0.23077    G:0.28205

#17: Suni           
position  1:    T:0.30769    C:0.07692    A:0.23077    G:0.38462
position  2:    T:0.23077    C:0.23077    A:0.15385    G:0.38462
position  3:    T:0.30769    C:0.30769    A:0.23077    G:0.15385
Average         T:0.28205    C:0.20513    A:0.20513    G:0.30769

#18: Springbuck     
position  1:    T:0.30769    C:0.07692    A:0.30769    G:0.30769
position  2:    T:0.23077    C:0.23077    A:0.15385    G:0.38462
position  3:    T:0.30769    C:0.30769    A:0.23077    G:0.15385
Average         T:0.28205    C:0.20513    A:0.23077    G:0.28205

#19: Okapi          
position  1:    T:0.30769    C:0.07692    A:0.30769    G:0.30769
position  2:    T:0.23077    C:0.23077    A:0.15385    G:0.38462
position  3:    T:0.30769    C:0.23077    A:0.30769    G:0.15385
Average         T:0.28205    C:0.17949    A:0.25641    G:0.28205

#20: Giraffe        
position  1:    T:0.30769    C:0.07692    A:0.30769    G:0.30769
position  2:    T:0.23077    C:0.23077    A:0.15385    G:0.38462
position  3:    T:0.30769    C:0.23077    A:0.30769    G:0.15385
Average         T:0.28205    C:0.17949    A:0.25641    G:0.28205

#21: TibetanAntelope
position  1:    T:0.30769    C:0.07692    A:0.30769    G:0.30769
position  2:    T:0.23077    C:0.23077    A:0.15385    G:0.38462
position  3:    T:0.30769    C:0.23077    A:0.30769    G:0.15385
Average         T:0.28205    C:0.17949    A:0.25641    G:0.28205

#22: Sitatunga      
position  1:    T:0.30769    C:0.07692    A:0.30769    G:0.30769
position  2:    T:0.23077    C:0.23077    A:0.15385    G:0.38462
position  3:    T:0.30769    C:0.23077    A:0.30769    G:0.15385
Average         T:0.28205    C:0.17949    A:0.25641    G:0.28205

#23: Oribi          
position  1:    T:0.30769    C:0.07692    A:0.30769    G:0.30769
position  2:    T:0.23077    C:0.23077    A:0.15385    G:0.38462
position  3:    T:0.30769    C:0.30769    A:0.23077    G:0.15385
Average         T:0.28205    C:0.20513    A:0.23077    G:0.28205

#24: BarbarySheep   
position  1:    T:0.30769    C:0.07692    A:0.30769    G:0.30769
position  2:    T:0.23077    C:0.23077    A:0.15385    G:0.38462
position  3:    T:0.30769    C:0.23077    A:0.30769    G:0.15385
Average         T:0.28205    C:0.17949    A:0.25641    G:0.28205

#25: Daviddeer      
position  1:    T:0.30769    C:0.07692    A:0.30769    G:0.30769
position  2:    T:0.23077    C:0.23077    A:0.15385    G:0.38462
position  3:    T:0.30769    C:0.23077    A:0.30769    G:0.15385
Average         T:0.28205    C:0.17949    A:0.25641    G:0.28205

#26: Reindeer       
position  1:    T:0.30769    C:0.07692    A:0.30769    G:0.30769
position  2:    T:0.23077    C:0.23077    A:0.15385    G:0.38462
position  3:    T:0.30769    C:0.23077    A:0.30769    G:0.15385
Average         T:0.28205    C:0.17949    A:0.25641    G:0.28205

#27: Ibex           
position  1:    T:0.30769    C:0.07692    A:0.30769    G:0.30769
position  2:    T:0.23077    C:0.23077    A:0.15385    G:0.38462
position  3:    T:0.30769    C:0.23077    A:0.30769    G:0.15385
Average         T:0.28205    C:0.17949    A:0.25641    G:0.28205

#28: GyrantGazelle  
position  1:    T:0.30769    C:0.07692    A:0.30769    G:0.30769
position  2:    T:0.23077    C:0.23077    A:0.15385    G:0.38462
position  3:    T:0.30769    C:0.30769    A:0.23077    G:0.15385
Average         T:0.28205    C:0.20513    A:0.23077    G:0.28205

#29: Hartebeest     
position  1:    T:0.30769    C:0.07692    A:0.30769    G:0.30769
position  2:    T:0.23077    C:0.23077    A:0.15385    G:0.38462
position  3:    T:0.30769    C:0.23077    A:0.30769    G:0.15385
Average         T:0.28205    C:0.17949    A:0.25641    G:0.28205

#30: Bongo          
position  1:    T:0.30769    C:0.07692    A:0.30769    G:0.30769
position  2:    T:0.23077    C:0.23077    A:0.15385    G:0.38462
position  3:    T:0.30769    C:0.23077    A:0.30769    G:0.15385
Average         T:0.28205    C:0.17949    A:0.25641    G:0.28205

#31: Gerenuk        
position  1:    T:0.30769    C:0.07692    A:0.30769    G:0.30769
position  2:    T:0.23077    C:0.23077    A:0.15385    G:0.38462
position  3:    T:0.30769    C:0.30769    A:0.23077    G:0.15385
Average         T:0.28205    C:0.20513    A:0.23077    G:0.28205

#32: CommonEland    
position  1:    T:0.30769    C:0.07692    A:0.30769    G:0.30769
position  2:    T:0.23077    C:0.23077    A:0.15385    G:0.38462
position  3:    T:0.30769    C:0.23077    A:0.30769    G:0.15385
Average         T:0.28205    C:0.17949    A:0.25641    G:0.28205

#33: MuntiacusReevesi
position  1:    T:0.30769    C:0.07692    A:0.30769    G:0.30769
position  2:    T:0.23077    C:0.23077    A:0.15385    G:0.38462
position  3:    T:0.30769    C:0.23077    A:0.30769    G:0.15385
Average         T:0.28205    C:0.17949    A:0.25641    G:0.28205

#34: HarveysDuiker  
position  1:    T:0.30769    C:0.07692    A:0.30769    G:0.30769
position  2:    T:0.23077    C:0.23077    A:0.15385    G:0.38462
position  3:    T:0.30769    C:0.30769    A:0.23077    G:0.15385
Average         T:0.28205    C:0.20513    A:0.23077    G:0.28205

#35: Pronghorn      
position  1:    T:0.30769    C:0.07692    A:0.30769    G:0.30769
position  2:    T:0.23077    C:0.23077    A:0.15385    G:0.38462
position  3:    T:0.30769    C:0.23077    A:0.30769    G:0.15385
Average         T:0.28205    C:0.17949    A:0.25641    G:0.28205

#36: BlueWildebeest 
position  1:    T:0.30769    C:0.07692    A:0.30769    G:0.30769
position  2:    T:0.23077    C:0.23077    A:0.15385    G:0.38462
position  3:    T:0.30769    C:0.23077    A:0.30769    G:0.15385
Average         T:0.28205    C:0.17949    A:0.25641    G:0.28205

#37: Gemsbok        
position  1:    T:0.30769    C:0.07692    A:0.30769    G:0.30769
position  2:    T:0.23077    C:0.23077    A:0.15385    G:0.38462
position  3:    T:0.30769    C:0.23077    A:0.30769    G:0.15385
Average         T:0.28205    C:0.17949    A:0.25641    G:0.28205

#38: Yak            
position  1:    T:0.30769    C:0.07692    A:0.30769    G:0.30769
position  2:    T:0.23077    C:0.23077    A:0.15385    G:0.38462
position  3:    T:0.30769    C:0.23077    A:0.30769    G:0.15385
Average         T:0.28205    C:0.17949    A:0.25641    G:0.28205

#39: BlueSheep      
position  1:    T:0.30769    C:0.07692    A:0.30769    G:0.30769
position  2:    T:0.23077    C:0.23077    A:0.15385    G:0.38462
position  3:    T:0.30769    C:0.23077    A:0.30769    G:0.15385
Average         T:0.28205    C:0.17949    A:0.25641    G:0.28205

#40: BohorReedbuck  
position  1:    T:0.30769    C:0.07692    A:0.30769    G:0.30769
position  2:    T:0.23077    C:0.23077    A:0.15385    G:0.38462
position  3:    T:0.30769    C:0.30769    A:0.23077    G:0.15385
Average         T:0.28205    C:0.20513    A:0.23077    G:0.28205

#41: KirksDik       
position  1:    T:0.30769    C:0.07692    A:0.38462    G:0.23077
position  2:    T:0.23077    C:0.23077    A:0.15385    G:0.38462
position  3:    T:0.30769    C:0.30769    A:0.23077    G:0.15385
Average         T:0.28205    C:0.20513    A:0.25641    G:0.25641

#42: RoeDeer        
position  1:    T:0.30769    C:0.07692    A:0.30769    G:0.30769
position  2:    T:0.23077    C:0.23077    A:0.15385    G:0.38462
position  3:    T:0.30769    C:0.23077    A:0.30769    G:0.15385
Average         T:0.28205    C:0.17949    A:0.25641    G:0.28205

#43: WhiteLippedDeer
position  1:    T:0.30769    C:0.07692    A:0.30769    G:0.30769
position  2:    T:0.23077    C:0.23077    A:0.15385    G:0.38462
position  3:    T:0.30769    C:0.23077    A:0.30769    G:0.15385
Average         T:0.28205    C:0.17949    A:0.25641    G:0.28205

#44: ThomsonGazelle 
position  1:    T:0.30769    C:0.07692    A:0.30769    G:0.30769
position  2:    T:0.23077    C:0.23077    A:0.15385    G:0.38462
position  3:    T:0.30769    C:0.30769    A:0.23077    G:0.15385
Average         T:0.28205    C:0.20513    A:0.23077    G:0.28205

#45: MuntiacusCrinifrons
position  1:    T:0.30769    C:0.07692    A:0.30769    G:0.30769
position  2:    T:0.23077    C:0.23077    A:0.15385    G:0.38462
position  3:    T:0.30769    C:0.23077    A:0.30769    G:0.15385
Average         T:0.28205    C:0.17949    A:0.25641    G:0.28205

#46: WhiteTailedDeer
position  1:    T:0.30769    C:0.07692    A:0.30769    G:0.30769
position  2:    T:0.23077    C:0.23077    A:0.15385    G:0.38462
position  3:    T:0.30769    C:0.23077    A:0.30769    G:0.15385
Average         T:0.28205    C:0.17949    A:0.25641    G:0.28205

#47: Cattle         
position  1:    T:0.30769    C:0.07692    A:0.30769    G:0.30769
position  2:    T:0.23077    C:0.23077    A:0.15385    G:0.38462
position  3:    T:0.30769    C:0.23077    A:0.38462    G:0.07692
Average         T:0.28205    C:0.17949    A:0.28205    G:0.25641

#48: RoyalAntelope  
position  1:    T:0.30769    C:0.07692    A:0.30769    G:0.30769
position  2:    T:0.23077    C:0.23077    A:0.15385    G:0.38462
position  3:    T:0.30769    C:0.30769    A:0.23077    G:0.15385
Average         T:0.28205    C:0.20513    A:0.23077    G:0.28205

#49: Steenbok       
position  1:    T:0.30769    C:0.07692    A:0.30769    G:0.30769
position  2:    T:0.23077    C:0.23077    A:0.15385    G:0.38462
position  3:    T:0.30769    C:0.30769    A:0.23077    G:0.15385
Average         T:0.28205    C:0.20513    A:0.23077    G:0.28205

#50: Impala         
position  1:    T:0.30769    C:0.07692    A:0.30769    G:0.30769
position  2:    T:0.23077    C:0.23077    A:0.15385    G:0.38462
position  3:    T:0.30769    C:0.30769    A:0.23077    G:0.15385
Average         T:0.28205    C:0.20513    A:0.23077    G:0.28205

#51: Klipspringer   
position  1:    T:0.30769    C:0.07692    A:0.30769    G:0.30769
position  2:    T:0.23077    C:0.23077    A:0.15385    G:0.38462
