1
52 1
Argali 0.000000 1.078900 0.151400 0.443700 0.115000 0.037000 0.252900 0.074400 0.115000 0.224100 0.077800 0.179800 0.154500 0.252900 0.115600 0.077800 0.167300 0.168300 0.115000 0.115000 0.209400 0.077800 0.224700 0.227200 0.077800 0.156200 0.154500 0.199800 0.079400 0.115000 0.188500 0.252900 0.207900 0.176800 0.115000 0.156500 0.076600 0.162400 0.314100 0.199500 0.224700 0.156500 0.188500 0.375800 0.156500 0.225500 0.144000 0.175400 0.271000 0.073300 0.115000 0.151400
LesserMous 1.078900 0.000000 0.957200 0.805900 0.988500 1.007700 0.842300 1.111300 0.988500 0.925100 0.938800 0.956700 1.062300 0.842300 1.000000 0.938800 0.980800 0.990000 0.988500 0.988500 0.995500 0.938800 0.926000 0.720500 0.938800 1.056700 1.062300 0.977000 0.953000 0.988500 0.870900 0.842300 1.356000 0.849600 0.772300 0.830500 1.023200 0.937500 1.042100 0.974700 0.926000 1.079800 0.870900 0.854100 0.830500 1.094700 1.170900 0.833600 0.801500 1.072600 0.988500 0.957200
LesserKudu 0.151400 0.957200 0.000000 0.321300 0.036600 0.114300 0.076400 0.153400 0.036600 0.142600 0.076900 0.178900 0.152500 0.076400 0.114200 0.076900 0.164900 0.165800 0.113700 0.036600 0.118200 0.076900 0.142800 0.144200 0.076900 0.074500 0.152500 0.114100 0.078400 0.036900 0.107900 0.076400 0.117900 0.174000 0.114100 0.154400 0.115000 0.077500 0.308300 0.113800 0.142800 0.074600 0.107900 0.275500 0.154400 0.180400 0.143300 0.172600 0.170200 0.151000 0.036600 0.000000
KillerWhal 0.443700 0.805900 0.321300 0.000000 0.280100 0.396500 0.348300 0.451100 0.280100 0.301200 0.349600 0.456400 0.444600 0.348300 0.395300 0.349600 0.494900 0.504600 0.392400 0.280100 0.550800 0.349600 0.302400 0.305700 0.349600 0.330500 0.444600 0.279100 0.354500 0.280100 0.261400 0.348300 0.412700 0.531400 0.281000 0.452100 0.399700 0.351500 0.635200 0.330100 0.302400 0.332000 0.261400 0.491200 0.452100 0.409300 0.409900 0.529700 0.256200 0.440400 0.280100 0.321300
DefassaWat 0.115000 0.988500 0.036600 0.280100 0.000000 0.077400 0.121800 0.116800 0.000000 0.107900 0.039100 0.144400 0.116100 0.121800 0.077500 0.039100 0.126000 0.126700 0.077300 0.000000 0.167700 0.039300 0.108000 0.109300 0.039100 0.037800 0.116100 0.077200 0.039900 0.000000 0.072700 0.121800 0.079800 0.133300 0.077200 0.117700 0.077900 0.039200 0.269700 0.077000 0.108000 0.037800 0.072700 0.239300 0.117700 0.228300 0.108400 0.132300 0.130100 0.114700 0.000000 0.036600
Sheep 0.037000 1.007700 0.114300 0.396500 0.077400 0.000000 0.212700 0.117500 0.077400 0.187300 0.039300 0.226100 0.116800 0.212700 0.077700 0.039300 0.126100 0.127700 0.077400 0.077200 0.168800 0.039300 0.187800 0.190200 0.039300 0.118200 0.116800 0.161200 0.040100 0.077400 0.151500 0.212700 0.167400 0.134400 0.077600 0.118400 0.078400 0.123000 0.271900 0.160800 0.187800 0.118400 0.151500 0.335300 0.118400 0.229800 0.188400 0.133300 0.228200 0.036900 0.077400 0.114300
MaxwellsDu 0.252900 0.842300 0.076400 0.348300 0.121800 0.212700 0.000000 0.257400 0.121800 0.234700 0.172100 0.275800 0.255300 0.000000 0.212300 0.172100 0.177000 0.178200 0.211200 0.121800 0.220500 0.172100 0.235500 0.238900 0.172100 0.165500 0.255300 0.121400 0.175600 0.121800 0.198300 0.000000 0.220200 0.188900 0.212100 0.259300 0.214400 0.082500 0.333400 0.211300 0.235500 0.165900 0.198300 0.396800 0.259300 0.278600 0.236200 0.186900 0.087700 0.251800 0.121800 0.076400
GazellaPrz 0.074400 1.111300 0.153400 0.451100 0.116800 0.117500 0.257400 0.000000 0.117200 0.226300 0.079900 0.181900 0.157100 0.257400 0.117300 0.079100 0.170300 0.171400 0.116800 0.116800 0.212700 0.079100 0.227000 0.230300 0.079100 0.158700 0.157100 0.202900 0.080700 0.116800 0.190700 0.257400 0.211400 0.180700 0.117200 0.159300 0.077100 0.165200 0.321600 0.202600 0.227000 0.076000 0.190700 0.382300 0.159300 0.228600 0.145300 0.179300 0.276100 0.154900 0.116800 0.152700
MountainNy 0.115000 0.988500 0.036600 0.280100 0.000000 0.077400 0.121800 0.117200 0.000000 0.107900 0.039400 0.144400 0.116100 0.121800 0.077300 0.039100 0.126000 0.126700 0.076900 0.000000 0.167700 0.039100 0.108000 0.109300 0.039400 0.037800 0.116100 0.077200 0.039900 0.000000 0.072700 0.121800 0.078900 0.133300 0.077200 0.117700 0.077900 0.039400 0.269700 0.077000 0.108000 0.037800 0.072700 0.239300 0.117700 0.228300 0.108400 0.132300 0.130100 0.114700 0.000000 0.036600
MuntiacusM 0.224100 0.925100 0.142600 0.301200 0.107900 0.187300 0.234700 0.226300 0.107900 0.000000 0.150600 0.249000 0.224900 0.234700 0.187100 0.150600 0.241800 0.243100 0.186200 0.107900 0.284300 0.150600 0.065800 0.066200 0.150600 0.146400 0.224900 0.186800 0.153500 0.107900 0.033100 0.234700 0.193400 0.253600 0.108000 0.227400 0.188100 0.151100 0.387900 0.107300 0.065800 0.146700 0.033100 0.178700 0.227400 0.294600 0.213600 0.251700 0.249500 0.223500 0.107900 0.142600
goat 0.077800 0.938800 0.076900 0.349600 0.039100 0.039300 0.172100 0.079900 0.039400 0.150600 0.000000 0.189300 0.078700 0.172100 0.039300 0.000000 0.085700 0.086200 0.039400 0.039500 0.127800 0.000000 0.150900 0.153100 0.000000 0.079600 0.078900 0.122100 0.000100 0.039100 0.114400 0.172100 0.126700 0.091100 0.039200 0.079800 0.039600 0.083000 0.229300 0.121800 0.150900 0.079800 0.114400 0.295200 0.079800 0.192700 0.151500 0.090300 0.184800 0.077600 0.039400 0.076900
AfricanBuf 0.179800 0.956700 0.178900 0.456400 0.144400 0.226100 0.275800 0.181900 0.144400 0.249000 0.189300 0.000000 0.264700 0.275800 0.225800 0.189300 0.283900 0.285300 0.144400 0.144400 0.328000 0.189300 0.249600 0.170500 0.189300 0.184000 0.264700 0.225400 0.192600 0.144400 0.214600 0.275800 0.234400 0.298200 0.225600 0.181000 0.186500 0.190000 0.334600 0.225100 0.249600 0.184400 0.214600 0.296400 0.181000 0.333300 0.171500 0.296300 0.293100 0.262300 0.144400 0.178900
Topi 0.154500 1.062300 0.152500 0.444600 0.116100 0.116800 0.255300 0.157100 0.116100 0.224900 0.078700 0.264700 0.000000 0.255300 0.116600 0.078700 0.169000 0.170100 0.116100 0.116100 0.211100 0.078800 0.225500 0.228900 0.078700 0.075000 0.000000 0.201600 0.080300 0.116100 0.189600 0.255300 0.209800 0.180300 0.116600 0.117700 0.117600 0.164200 0.318700 0.201200 0.225500 0.158200 0.189600 0.378700 0.117700 0.182000 0.144500 0.177900 0.273400 0.154000 0.116100 0.152500
CommonDuik 0.252900 0.842300 0.076400 0.348300 0.121800 0.212700 0.000000 0.257400 0.121800 0.234700 0.172100 0.275800 0.255300 0.000000 0.212300 0.172100 0.177000 0.178200 0.211200 0.121800 0.220500 0.172100 0.235500 0.238900 0.172100 0.165500 0.255300 0.121400 0.175600 0.121800 0.198300 0.000000 0.220200 0.188900 0.212100 0.259300 0.214400 0.082500 0.333400 0.211300 0.235500 0.165900 0.198300 0.396800 0.259300 0.278600 0.236200 0.186900 0.087700 0.251800 0.121800 0.076400
Suni 0.115600 1.000000 0.114200 0.395300 0.077500 0.077700 0.212300 0.117300 0.077300 0.187100 0.039300 0.225800 0.116600 0.212300 0.000000 0.039300 0.126700 0.127400 0.077300 0.077500 0.168500 0.039300 0.187500 0.189900 0.039300 0.118000 0.116700 0.160900 0.040100 0.077300 0.151300 0.212300 0.167500 0.134200 0.077500 0.118200 0.078300 0.122800 0.271200 0.160600 0.187500 0.118300 0.151300 0.334600 0.118200 0.229400 0.188100 0.133100 0.227600 0.115200 0.076900 0.114200
Springbuck 0.077800 0.938800 0.076900 0.349600 0.039100 0.039300 0.172100 0.079100 0.039100 0.150600 0.000000 0.189300 0.078700 0.172100 0.039300 0.000000 0.085400 0.086200 0.039400 0.039300 0.127800 0.000000 0.150900 0.153100 0.000000 0.079600 0.078500 0.122100 0.000100 0.039500 0.114400 0.172100 0.126700 0.091100 0.039200 0.079000 0.039600 0.083000 0.229300 0.121800 0.150900 0.079800 0.114400 0.295200 0.079800 0.192700 0.152700 0.090300 0.184800 0.077600 0.039300 0.076900
Okapi 0.167300 0.980800 0.164900 0.494900 0.126000 0.126100 0.177000 0.170300 0.126000 0.241800 0.085700 0.283900 0.169000 0.177000 0.126700 0.085400 0.000000 0.000100 0.126000 0.126000 0.229900 0.085700 0.242700 0.246200 0.085700 0.170900 0.169000 0.125500 0.087500 0.126000 0.204600 0.177000 0.227900 0.094200 0.126500 0.171700 0.128000 0.085400 0.235700 0.218600 0.242700 0.171400 0.204600 0.409800 0.171700 0.289000 0.243500 0.093100 0.190500 0.166700 0.126000 0.164900
Giraffe 0.168300 0.990000 0.165800 0.504600 0.126700 0.127700 0.178200 0.171400 0.126700 0.243100 0.086200 0.285300 0.170100 0.178200 0.127400 0.086200 0.000100 0.000000 0.126700 0.126700 0.230500 0.086200 0.243800 0.247600 0.086200 0.170900 0.170100 0.126300 0.087500 0.126700 0.205600 0.178200 0.229600 0.094100 0.127300 0.172900 0.128800 0.085900 0.237800 0.219900 0.243800 0.171400 0.205600 0.412900 0.172900 0.291400 0.244500 0.093900 0.191800 0.167600 0.126700 0.165800
TibetanAnt 0.115000 0.988500 0.113700 0.392400 0.077300 0.077400 0.211200 0.116800 0.076900 0.186200 0.039400 0.144400 0.116100 0.211200 0.077300 0.039400 0.126000 0.126700 0.000000 0.076900 0.167700 0.039100 0.186700 0.189000 0.039100 0.117400 0.116100 0.160100 0.039900 0.076900 0.150600 0.211200 0.166200 0.133300 0.077200 0.117700 0.077900 0.122200 0.172000 0.159800 0.186700 0.117600 0.150600 0.332800 0.117700 0.228300 0.187300 0.132300 0.226400 0.115200 0.076900 0.113700
Sitatunga 0.115000 0.988500 0.036600 0.280100 0.000000 0.077200 0.121800 0.116800 0.000000 0.107900 0.039500 0.144400 0.116100 0.121800 0.077500 0.039300 0.126000 0.126700 0.076900 0.000000 0.167700 0.039100 0.108000 0.109300 0.039100 0.037800 0.116100 0.077200 0.039900 0.000000 0.072700 0.121400 0.079800 0.133300 0.077200 0.117700 0.077900 0.039200 0.269700 0.077000 0.108000 0.037800 0.072700 0.239300 0.117700 0.228300 0.108400 0.132300 0.130100 0.114700 0.000000 0.036600
Oribi 0.209400 0.995500 0.118200 0.550800 0.167700 0.168800 0.220500 0.212700 0.167700 0.284300 0.127800 0.328000 0.211100 0.220500 0.168500 0.127800 0.229900 0.230500 0.167700 0.167700 0.000000 0.127800 0.285700 0.289100 0.127800 0.212300 0.211100 0.262700 0.129800 0.167700 0.246800 0.220500 0.274500 0.243800 0.168300 0.213800 0.169900 0.223100 0.398600 0.262900 0.285700 0.213000 0.246800 0.460400 0.213800 0.237200 0.287000 0.242600 0.352200 0.209000 0.167700 0.118200
BarbaryShe 0.077800 0.938800 0.076900 0.349600 0.039300 0.039300 0.172100 0.079100 0.039100 0.150600 0.000000 0.189300 0.078800 0.172100 0.039300 0.000000 0.085700 0.086200 0.039100 0.039100 0.127800 0.000000 0.150900 0.153100 0.000000 0.079600 0.078700 0.122100 0.000100 0.039300 0.114400 0.172100 0.126700 0.091100 0.039400 0.079800 0.039700 0.083000 0.229300 0.121800 0.150900 0.079800 0.114400 0.295200 0.079200 0.192700 0.151500 0.090300 0.184800 0.077600 0.039400 0.076900
Daviddeer 0.224700 0.926000 0.142800 0.302400 0.108000 0.187800 0.235500 0.227000 0.108000 0.065800 0.150900 0.249600 0.225500 0.235500 0.187500 0.150900 0.242700 0.243800 0.186700 0.108000 0.285700 0.150900 0.000000 0.066200 0.150900 0.146500 0.225500 0.187300 0.153800 0.108000 0.033100 0.235500 0.194000 0.254200 0.108200 0.228000 0.188600 0.151500 0.390300 0.107500 0.000000 0.146800 0.033400 0.179000 0.228000 0.295500 0.214000 0.252700 0.250500 0.224000 0.108000 0.142800
Reindeer 0.227200 0.720500 0.144200 0.305700 0.109300 0.190200 0.238900 0.230300 0.109300 0.066200 0.153100 0.170500 0.228900 0.238900 0.189900 0.153100 0.246200 0.247600 0.189000 0.109300 0.289100 0.153100 0.066200 0.000000 0.153100 0.148600 0.228900 0.189600 0.156100 0.109300 0.033500 0.238900 0.196900 0.259400 0.109500 0.146400 0.191200 0.153700 0.398400 0.108800 0.066200 0.148900 0.033500 0.103300 0.146400 0.298600 0.215400 0.257700 0.254100 0.226400 0.109300 0.144200
Ibex 0.077800 0.938800 0.076900 0.349600 0.039100 0.039300 0.172100 0.079100 0.039400 0.150600 0.000000 0.189300 0.078700 0.172100 0.039300 0.000000 0.085700 0.086200 0.039100 0.039100 0.127800 0.000000 0.150900 0.153100 0.000000 0.079600 0.078700 0.122100 0.000100 0.039100 0.114400 0.172100 0.126700 0.091100 0.039200 0.079300 0.039600 0.083000 0.229300 0.121800 0.150900 0.079800 0.114400 0.295200 0.079800 0.192700 0.151500 0.090300 0.184800 0.077600 0.039100 0.076900
GyrantGaze 0.156200 1.056700 0.074500 0.330500 0.037800 0.118200 0.165500 0.158700 0.037800 0.146400 0.079600 0.184000 0.075000 0.165500 0.118000 0.079600 0.170900 0.170900 0.117400 0.037800 0.212300 0.079600 0.146500 0.148600 0.079600 0.000000 0.075000 0.117800 0.080700 0.037800 0.110900 0.165500 0.122200 0.181000 0.117800 0.160100 0.118900 0.079900 0.321400 0.117600 0.146500 0.076400 0.110900 0.284700 0.160100 0.184100 0.147100 0.179800 0.176500 0.155700 0.037800 0.074500
Hartebeest 0.154500 1.062300 0.152500 0.444600 0.116100 0.116800 0.255300 0.157100 0.116100 0.224900 0.078900 0.264700 0.000000 0.255300 0.116700 0.078500 0.169000 0.170100 0.116100 0.116100 0.211100 0.078700 0.225500 0.228900 0.078700 0.075000 0.000000 0.201600 0.080300 0.116100 0.189600 0.255300 0.209800 0.180300 0.116600 0.117700 0.117600 0.164200 0.318700 0.201200 0.225500 0.158200 0.189600 0.378700 0.117700 0.182000 0.144500 0.177900 0.273400 0.154000 0.116100 0.152500
Bongo 0.199800 0.977000 0.114100 0.279100 0.077200 0.161200 0.121400 0.202900 0.077200 0.186800 0.122100 0.225400 0.201600 0.121400 0.160900 0.122100 0.125500 0.126300 0.160100 0.077200 0.262700 0.122100 0.187300 0.189600 0.122100 0.117800 0.201600 0.000000 0.124600 0.077200 0.151100 0.121400 0.166600 0.133100 0.160800 0.204400 0.162300 0.039300 0.268200 0.160300 0.187300 0.118100 0.151100 0.333400 0.204400 0.227500 0.187900 0.131800 0.129000 0.199100 0.077200 0.114100
Gerenuk 0.079400 0.953000 0.078400 0.354500 0.039900 0.040100 0.175600 0.080700 0.039900 0.153500 0.000100 0.192600 0.080300 0.175600 0.040100 0.000100 0.087500 0.087500 0.039900 0.039900 0.129800 0.000100 0.153800 0.156100 0.000100 0.080700 0.080300 0.124600 0.000000 0.039900 0.116600 0.175600 0.129200 0.092500 0.040000 0.081500 0.040500 0.084700 0.233700 0.124200 0.153800 0.080900 0.116600 0.300800 0.081500 0.196600 0.154400 0.092300 0.188700 0.079200 0.039900 0.078400
CommonElan 0.115000 0.988500 0.036900 0.280100 0.000000 0.077400 0.121800 0.116800 0.000000 0.107900 0.039100 0.144400 0.116100 0.121800 0.077300 0.039500 0.126000 0.126700 0.076900 0.000000 0.167700 0.039300 0.108000 0.109300 0.039100 0.037800 0.116100 0.077200 0.039900 0.000000 0.072900 0.121800 0.079800 0.133300 0.077200 0.117700 0.077900 0.039400 0.269700 0.077200 0.108000 0.037800 0.072700 0.239300 0.117700 0.228300 0.108400 0.132300 0.130100 0.114700 0.000000 0.036900
MuntiacusR 0.188500 0.870900 0.107900 0.261400 0.072700 0.151500 0.198300 0.190700 0.072700 0.033100 0.114400 0.214600 0.189600 0.198300 0.151300 0.114400 0.204600 0.205600 0.150600 0.072700 0.246800 0.114400 0.033100 0.033500 0.114400 0.110900 0.189600 0.151100 0.116600 0.072900 0.000000 0.198300 0.156500 0.215100 0.072800 0.191800 0.152300 0.114800 0.350600 0.072300 0.033100 0.111100 0.000000 0.144200 0.191800 0.259900 0.178900 0.213600 0.211200 0.188000 0.072700 0.107900
HarveysDui 0.252900 0.842300 0.076400 0.348300 0.121800 0.212700 0.000000 0.257400 0.121800 0.234700 0.172100 0.275800 0.255300 0.000000 0.212300 0.172100 0.177000 0.178200 0.211200 0.121400 0.220500 0.172100 0.235500 0.238900 0.172100 0.165500 0.255300 0.121400 0.175600 0.121800 0.198300 0.000000 0.220200 0.188900 0.212100 0.259300 0.214400 0.082500 0.333400 0.211300 0.235500 0.165900 0.198300 0.396800 0.259300 0.278600 0.236200 0.186900 0.087700 0.251800 0.121800 0.076400
Pronghorn 0.207900 1.356000 0.117900 0.412700 0.079800 0.167400 0.220200 0.211400 0.078900 0.193400 0.126700 0.234400 0.209800 0.220200 0.167500 0.126700 0.227900 0.229600 0.166200 0.079800 0.274500 0.126700 0.194000 0.196900 0.126700 0.122200 0.209800 0.166600 0.129200 0.079800 0.156500 0.220200 0.000000 0.243400 0.166900 0.212800 0.168400 0.127200 0.392700 0.166400 0.194000 0.122500 0.156500 0.348900 0.212800 0.329700 0.194800 0.241000 0.236600 0.207000 0.078500 0.117900
BlueWildeb 0.176800 0.849600 0.174000 0.531400 0.133300 0.134400 0.188900 0.180700 0.133300 0.253600 0.091100 0.298200 0.180300 0.188900 0.134200 0.091100 0.094200 0.094100 0.133300 0.133300 0.243800 0.091100 0.254200 0.259400 0.091100 0.181000 0.180300 0.133100 0.092500 0.133300 0.215100 0.188900 0.243400 0.000000 0.134200 0.182600 0.135900 0.090800 0.254700 0.231600 0.254200 0.180400 0.215100 0.436700 0.182600 0.307400 0.254600 0.000200 0.204200 0.175800 0.133300 0.174000
Gemsbok 0.115000 0.772300 0.114100 0.281000 0.077200 0.077600 0.212100 0.117200 0.077200 0.108000 0.039200 0.225600 0.116600 0.212100 0.077500 0.039200 0.126500 0.127300 0.077200 0.077200 0.168300 0.039400 0.108200 0.109500 0.039200 0.117800 0.116600 0.160800 0.040000 0.077200 0.072800 0.212100 0.166900 0.134200 0.000000 0.118100 0.078200 0.122700 0.271100 0.160400 0.108200 0.118000 0.072800 0.239700 0.118100 0.188900 0.188000 0.133000 0.227500 0.115100 0.077200 0.114100
Yak 0.156500 0.830500 0.154400 0.452100 0.117700 0.118400 0.259300 0.159300 0.117700 0.227400 0.079800 0.181000 0.117700 0.259300 0.118200 0.079000 0.171700 0.172900 0.117700 0.117700 0.213800 0.079800 0.228000 0.146400 0.079300 0.160100 0.117700 0.204400 0.081500 0.117700 0.191800 0.259300 0.212800 0.182600 0.118100 0.000000 0.119300 0.166600 0.324300 0.204000 0.228000 0.160300 0.191800 0.280500 0.000000 0.272100 0.188500 0.181100 0.277800 0.155900 0.117700 0.154400
BlueSheep 0.076600 1.023200 0.115000 0.399700 0.077900 0.078400 0.214400 0.077100 0.077900 0.188100 0.039600 0.186500 0.117600 0.214400 0.078300 0.039600 0.128000 0.128800 0.077900 0.077900 0.169900 0.039700 0.188600 0.191200 0.039600 0.118900 0.117600 0.162300 0.040500 0.077900 0.152300 0.214400 0.168400 0.135900 0.078200 0.119300 0.000000 0.124200 0.274500 0.161900 0.188600 0.119200 0.152300 0.337400 0.119300 0.186200 0.149200 0.134700 0.230100 0.116100 0.078300 0.115000
BohorReedb 0.162400 0.937500 0.077500 0.351500 0.039200 0.123000 0.082500 0.165200 0.039400 0.151100 0.083000 0.190000 0.164200 0.082500 0.122800 0.083000 0.085400 0.085900 0.122200 0.039200 0.223100 0.083000 0.151500 0.153700 0.083000 0.079900 0.164200 0.039300 0.084700 0.039400 0.114800 0.082500 0.127200 0.090800 0.122700 0.166600 0.124200 0.000000 0.228500 0.122300 0.151500 0.080100 0.114800 0.296500 0.166600 0.281300 0.152000 0.090000 0.088200 0.161800 0.039400 0.077200
KirksDik 0.314100 1.042100 0.308300 0.635200 0.269700 0.271900 0.333400 0.321600 0.269700 0.387900 0.229300 0.334600 0.318700 0.333400 0.271200 0.229300 0.235700 0.237800 0.172000 0.269700 0.398600 0.229300 0.390300 0.398400 0.229300 0.321400 0.318700 0.268200 0.233700 0.269700 0.350600 0.333400 0.392700 0.254700 0.271100 0.324300 0.274500 0.228500 0.000000 0.377200 0.390300 0.322500 0.350600 0.602400 0.324300 0.444800 0.391300 0.251200 0.360800 0.312500 0.269700 0.308300
RoeDeer 0.199500 0.974700 0.113800 0.330100 0.077000 0.160800 0.211300 0.202600 0.077000 0.107300 0.121800 0.225100 0.201200 0.211300 0.160600 0.121800 0.218600 0.219900 0.159800 0.077000 0.262900 0.121800 0.107500 0.108800 0.121800 0.117600 0.201200 0.160300 0.124200 0.077200 0.072300 0.211300 0.166400 0.231600 0.160400 0.204000 0.161900 0.122300 0.377200 0.000000 0.107500 0.117900 0.072300 0.237900 0.204000 0.316700 0.187600 0.230300 0.226400 0.198800 0.077100 0.114000
WhiteLippe 0.224700 0.926000 0.142800 0.302400 0.108000 0.187800 0.235500 0.227000 0.108000 0.065800 0.150900 0.249600 0.225500 0.235500 0.187500 0.150900 0.242700 0.243800 0.186700 0.108000 0.285700 0.150900 0.000000 0.066200 0.150900 0.146500 0.225500 0.187300 0.153800 0.108000 0.033100 0.235500 0.194000 0.254200 0.108200 0.228000 0.188600 0.151500 0.390300 0.107500 0.000000 0.146800 0.033100 0.179000 0.228000 0.295500 0.214000 0.252700 0.250500 0.224000 0.108000 0.142800
ThomsonGaz 0.156500 1.079800 0.074600 0.332000 0.037800 0.118400 0.165900 0.076000 0.037800 0.146700 0.079800 0.184400 0.158200 0.165900 0.118300 0.079800 0.171400 0.171400 0.117600 0.037800 0.213000 0.079800 0.146800 0.148900 0.079800 0.076400 0.158200 0.118100 0.080900 0.037800 0.111100 0.165900 0.122500 0.180400 0.118000 0.160300 0.119200 0.080100 0.322500 0.117900 0.146800 0.000000 0.111100 0.285500 0.160300 0.272300 0.147500 0.180300 0.177100 0.156100 0.037800 0.074600
MuntiacusC 0.188500 0.870900 0.107900 0.261400 0.072700 0.151500 0.198300 0.190700 0.072700 0.033100 0.114400 0.214600 0.189600 0.198300 0.151300 0.114400 0.204600 0.205600 0.150600 0.072700 0.246800 0.114400 0.033400 0.033500 0.114400 0.110900 0.189600 0.151100 0.116600 0.072700 0.000000 0.198300 0.156500 0.215100 0.072800 0.191800 0.152300 0.114800 0.350600 0.072300 0.033100 0.111100 0.000000 0.144200 0.191800 0.259900 0.178900 0.213600 0.211200 0.188000 0.072700 0.107900
WhiteTaile 0.375800 0.854100 0.275500 0.491200 0.239300 0.335300 0.396800 0.382300 0.239300 0.178700 0.295200 0.296400 0.378700 0.396800 0.334600 0.295200 0.409800 0.412900 0.332800 0.239300 0.460400 0.295200 0.179000 0.103300 0.295200 0.284700 0.378700 0.333400 0.300800 0.239300 0.144200 0.396800 0.348900 0.436700 0.239700 0.280500 0.337400 0.296500 0.602400 0.237900 0.179000 0.285500 0.144200 0.000000 0.280500 0.451400 0.353200 0.433100 0.426500 0.374000 0.239300 0.275500
Cattle 0.156500 0.830500 0.154400 0.452100 0.117700 0.118400 0.259300 0.159300 0.117700 0.227400 0.079800 0.181000 0.117700 0.259300 0.118200 0.079800 0.171700 0.172900 0.117700 0.117700 0.213800 0.079200 0.228000 0.146400 0.079800 0.160100 0.117700 0.204400 0.081500 0.117700 0.191800 0.259300 0.212800 0.182600 0.118100 0.000000 0.119300 0.166600 0.324300 0.204000 0.228000 0.160300 0.191800 0.280500 0.000000 0.272100 0.188500 0.181100 0.277800 0.155900 0.117700 0.154400
RoyalAntel 0.225500 1.094700 0.180400 0.409300 0.228300 0.229800 0.278600 0.228600 0.228300 0.294600 0.192700 0.333300 0.182000 0.278600 0.229400 0.192700 0.289000 0.291400 0.228300 0.228300 0.237200 0.192700 0.295500 0.298600 0.192700 0.184100 0.182000 0.227500 0.196600 0.228300 0.259900 0.278600 0.329700 0.307400 0.188900 0.272100 0.186200 0.281300 0.444800 0.316700 0.295500 0.272300 0.259900 0.451400 0.272100 0.000000 0.295800 0.302200 0.400400 0.266100 0.228300 0.180400
Steenbok 0.144000 1.170900 0.143300 0.409900 0.108400 0.188400 0.236200 0.145300 0.108400 0.213600 0.151500 0.171500 0.144500 0.236200 0.188100 0.152700 0.243500 0.244500 0.187300 0.108400 0.287000 0.151500 0.214000 0.215400 0.151500 0.147100 0.144500 0.187900 0.154400 0.108400 0.178900 0.236200 0.194800 0.254600 0.188000 0.188500 0.149200 0.152000 0.391300 0.187600 0.214000 0.147500 0.178900 0.353200 0.188500 0.295800 0.000000 0.253500 0.251400 0.143500 0.108400 0.143300
Impala 0.175400 0.833600 0.172600 0.529700 0.132300 0.133300 0.186900 0.179300 0.132300 0.251700 0.090300 0.296300 0.177900 0.186900 0.133100 0.090300 0.093100 0.093900 0.132300 0.132300 0.242600 0.090300 0.252700 0.257700 0.090300 0.179800 0.177900 0.131800 0.092300 0.132300 0.213600 0.186900 0.241000 0.000200 0.133000 0.181100 0.134700 0.090000 0.251200 0.230300 0.252700 0.180300 0.213600 0.433100 0.181100 0.302200 0.253500 0.000000 0.200500 0.174700 0.132300 0.172600
Klipspring 0.271000 0.801500 0.170200 0.256200 0.130100 0.228200 0.087700 0.276100 0.130100 0.249500 0.184800 0.293100 0.273400 0.087700 0.227600 0.184800 0.190500 0.191800 0.226400 0.130100 0.352200 0.184800 0.250500 0.254100 0.184800 0.176500 0.273400 0.129000 0.188700 0.130100 0.211200 0.087700 0.236600 0.204200 0.227500 0.277800 0.230100 0.088200 0.360800 0.226400 0.250500 0.177100 0.211200 0.426500 0.277800 0.400400 0.251400 0.200500 0.000000 0.269700 0.130100 0.170200
ForestMusk 0.073300 1.072600 0.151000 0.440400 0.114700 0.036900 0.251800 0.154900 0.114700 0.223500 0.077600 0.262300 0.154000 0.251800 0.115200 0.077600 0.166700 0.167600 0.115200 0.114700 0.209000 0.077600 0.224000 0.226400 0.077600 0.155700 0.154000 0.199100 0.079200 0.114700 0.188000 0.251800 0.207000 0.175800 0.115100 0.155900 0.116100 0.161800 0.312500 0.198800 0.224000 0.156100 0.188000 0.374000 0.155900 0.266100 0.143500 0.174700 0.269700 0.000000 0.114700 0.151000
Bushbuck 0.115000 0.988500 0.036600 0.280100 0.000000 0.077400 0.121800 0.116800 0.000000 0.107900 0.039400 0.144400 0.116100 0.121800 0.076900 0.039300 0.126000 0.126700 0.076900 0.000000 0.167700 0.039400 0.108000 0.109300 0.039100 0.037800 0.116100 0.077200 0.039900 0.000000 0.072700 0.121800 0.078500 0.133300 0.077200 0.117700 0.078300 0.039400 0.269700 0.077100 0.108000 0.037800 0.072700 0.239300 0.117700 0.228300 0.108400 0.132300 0.130100 0.114700 0.000000 0.036600
GreaterKud 0.151400 0.957200 0.000000 0.321300 0.036600 0.114300 0.076400 0.152700 0.036600 0.142600 0.076900 0.178900 0.152500 0.076400 0.114200 0.076900 0.164900 0.165800 0.113700 0.036600 0.118200 0.076900 0.142800 0.144200 0.076900 0.074500 0.152500 0.114100 0.078400 0.036900 0.107900 0.076400 0.117900 0.174000 0.114100 0.154400 0.115000 0.077200 0.308300 0.114000 0.142800 0.074600 0.107900 0.275500 0.154400 0.180400 0.143300 0.172600 0.170200 0.151000 0.036600 0.000000
