1
52 1
Argali 0.000000 0.189500 0.112600 0.205400 0.131500 0.021000 0.043200 0.065200 0.113700 0.065200 0.043200 0.065600 0.021000 0.064400 0.066100 0.064800 0.112700 0.111200 0.021100 0.113700 0.042800 0.042000 0.065200 0.065200 0.043100 0.042800 0.021000 0.113700 0.064600 0.137100 0.065300 0.086100 0.109700 0.021000 0.064100 0.065600 0.021000 0.109700 0.042800 0.065200 0.065200 0.042800 0.065200 0.064200 0.090100 0.063400 0.042800 0.042900 0.065400 0.140700 0.112600 0.160700
LesserMous 0.189500 0.000000 0.165900 0.186600 0.245700 0.166800 0.118500 0.169600 0.196000 0.114400 0.197400 0.114600 0.166800 0.166300 0.172000 0.141800 0.155400 0.164400 0.166900 0.196000 0.142500 0.190200 0.114400 0.114400 0.197400 0.142500 0.166800 0.196000 0.141800 0.192700 0.114400 0.192300 0.162000 0.166800 0.192000 0.114600 0.166800 0.220700 0.142100 0.114400 0.114400 0.142500 0.114400 0.114400 0.141700 0.166400 0.142100 0.142300 0.170200 0.168300 0.165900 0.217700
LesserKudu 0.112600 0.165900 0.000000 0.209300 0.162500 0.090800 0.068300 0.092200 0.021800 0.043700 0.117200 0.043800 0.090800 0.090400 0.093500 0.067600 0.066500 0.089400 0.090900 0.021800 0.067900 0.113000 0.043700 0.043700 0.117200 0.067900 0.090800 0.021800 0.067600 0.021300 0.043700 0.113900 0.065200 0.090800 0.114000 0.043800 0.090800 0.139500 0.067700 0.043700 0.043700 0.067900 0.043700 0.043700 0.067800 0.090300 0.067700 0.067900 0.092500 0.118100 0.000000 0.043000
KillerWhal 0.205400 0.186600 0.209300 0.000000 0.260600 0.183100 0.136600 0.186100 0.185200 0.157900 0.212500 0.157700 0.183100 0.183100 0.188000 0.159200 0.210200 0.208500 0.183000 0.185200 0.159800 0.206300 0.157900 0.157900 0.212500 0.159800 0.183100 0.185200 0.159200 0.236700 0.157900 0.208300 0.205600 0.183100 0.207600 0.157700 0.183100 0.235800 0.159300 0.157900 0.157900 0.159800 0.157900 0.157900 0.185100 0.183100 0.159300 0.159800 0.186700 0.244500 0.209300 0.261600
DefassaWat 0.131500 0.245700 0.162500 0.260600 0.000000 0.110200 0.088800 0.111700 0.164100 0.111800 0.136300 0.112500 0.110200 0.110300 0.113100 0.110800 0.162600 0.160600 0.110800 0.164100 0.087900 0.132500 0.111800 0.111800 0.136300 0.087900 0.110200 0.164100 0.110800 0.188900 0.111800 0.133000 0.158500 0.110200 0.157500 0.112500 0.110200 0.020700 0.088000 0.111800 0.111800 0.087200 0.111800 0.111800 0.139100 0.109800 0.088000 0.088100 0.112100 0.193800 0.162500 0.162300
Sheep 0.021000 0.166800 0.090800 0.183100 0.110200 0.000000 0.021700 0.043800 0.091800 0.043800 0.021800 0.044100 0.000000 0.043200 0.044000 0.043400 0.090800 0.089400 0.000100 0.091800 0.021600 0.021100 0.043900 0.043100 0.021600 0.021600 0.000000 0.091800 0.043400 0.115100 0.043400 0.065000 0.088300 0.000000 0.043000 0.044100 0.000000 0.088300 0.021600 0.043800 0.043800 0.021600 0.043800 0.043800 0.068200 0.042700 0.021600 0.021600 0.044000 0.118300 0.090800 0.138700
MaxwellsDu 0.043200 0.118500 0.068300 0.136600 0.088800 0.021700 0.000000 0.022100 0.069000 0.022000 0.044800 0.022100 0.021700 0.021700 0.022400 0.021800 0.068300 0.067600 0.021700 0.069000 0.000100 0.043300 0.022000 0.022000 0.044800 0.000100 0.021700 0.069000 0.021800 0.092300 0.022000 0.043600 0.086200 0.021700 0.066300 0.022100 0.021700 0.066700 0.000100 0.022000 0.022000 0.000100 0.022000 0.022000 0.045600 0.021700 0.000100 0.000100 0.022200 0.095400 0.068300 0.115800
GazellaPrz 0.065200 0.169600 0.092200 0.186100 0.111700 0.043800 0.022100 0.000000 0.093200 0.044400 0.067400 0.044700 0.043800 0.043900 0.045200 0.044000 0.092200 0.090900 0.044000 0.093200 0.021900 0.065700 0.043700 0.044400 0.067600 0.021800 0.043800 0.093200 0.044000 0.116800 0.043900 0.066000 0.089500 0.043800 0.088900 0.044700 0.043800 0.088800 0.021900 0.044400 0.044400 0.021900 0.044400 0.044400 0.069200 0.043200 0.021900 0.021900 0.044800 0.120300 0.092200 0.140500
MountainNy 0.113700 0.196000 0.021800 0.185200 0.164100 0.091800 0.069000 0.093200 0.000000 0.067600 0.118500 0.067800 0.091800 0.091400 0.094600 0.068300 0.091600 0.115300 0.091900 0.000000 0.068700 0.114200 0.067600 0.067600 0.118500 0.068700 0.091800 0.000000 0.068300 0.044200 0.067600 0.115100 0.089600 0.091800 0.115300 0.067800 0.091800 0.140900 0.068500 0.067600 0.067600 0.068700 0.067600 0.067600 0.093300 0.091200 0.068500 0.068600 0.093500 0.146800 0.021800 0.066100
MuntiacusM 0.065200 0.114400 0.043700 0.157900 0.111800 0.043800 0.022000 0.044400 0.067600 0.000000 0.067700 0.000100 0.043800 0.043800 0.045000 0.021700 0.043700 0.043200 0.044000 0.067600 0.021800 0.065700 0.000000 0.000000 0.067700 0.021500 0.043800 0.067600 0.021500 0.066500 0.000000 0.065900 0.042600 0.043800 0.064900 0.000100 0.043900 0.089600 0.021900 0.000000 0.000000 0.021800 0.000000 0.000000 0.021900 0.043500 0.021900 0.021900 0.044600 0.068200 0.043700 0.088900
goat 0.043200 0.197400 0.117200 0.212500 0.136300 0.021800 0.044800 0.067400 0.118500 0.067700 0.000000 0.068100 0.021800 0.066800 0.068800 0.067100 0.117300 0.115600 0.021900 0.118500 0.044400 0.043500 0.066600 0.067700 0.000000 0.044400 0.021600 0.118500 0.067100 0.142700 0.067700 0.089400 0.113700 0.021600 0.066600 0.068100 0.021800 0.113900 0.044400 0.067700 0.067700 0.044400 0.067700 0.067700 0.093900 0.066400 0.044400 0.044500 0.068000 0.147000 0.117200 0.167300
AfricanBuf 0.065600 0.114600 0.043800 0.157700 0.112500 0.044100 0.022100 0.044700 0.067800 0.000100 0.068100 0.000000 0.044100 0.043900 0.045300 0.021900 0.043800 0.043400 0.044100 0.067800 0.022000 0.065800 0.000100 0.000100 0.068100 0.022000 0.044100 0.067800 0.021900 0.066600 0.000100 0.066300 0.042700 0.044100 0.066400 0.000000 0.044100 0.090200 0.021900 0.000100 0.000100 0.022000 0.000100 0.000100 0.021900 0.043800 0.021900 0.021900 0.044900 0.068600 0.043800 0.089200
Topi 0.021000 0.166800 0.090800 0.183100 0.110200 0.000000 0.021700 0.043800 0.091800 0.043800 0.021800 0.044100 0.000000 0.043200 0.044400 0.043400 0.090800 0.089600 0.000100 0.091800 0.021600 0.021100 0.043800 0.043100 0.021800 0.021600 0.000000 0.091800 0.043200 0.115100 0.043300 0.065000 0.088300 0.000000 0.043000 0.044100 0.000000 0.088300 0.021600 0.043800 0.043800 0.021600 0.043700 0.043800 0.068200 0.043000 0.021600 0.021600 0.044000 0.118300 0.090800 0.138700
CommonDuik 0.064400 0.166300 0.090400 0.183100 0.110300 0.043200 0.021700 0.043900 0.091400 0.043800 0.066800 0.043900 0.043200 0.000000 0.044400 0.043400 0.090400 0.089500 0.043200 0.091400 0.021600 0.064600 0.043800 0.043800 0.066800 0.021600 0.043200 0.091400 0.043400 0.114600 0.043800 0.021200 0.088000 0.043200 0.087800 0.043900 0.043200 0.088300 0.021500 0.043800 0.043800 0.021600 0.043800 0.043800 0.067800 0.043000 0.021500 0.021500 0.044100 0.118300 0.090400 0.138000
Suni 0.066100 0.172000 0.093500 0.188000 0.113100 0.044000 0.022400 0.045200 0.094600 0.045000 0.068800 0.045300 0.044400 0.044400 0.000000 0.044700 0.093600 0.092200 0.044700 0.094600 0.022200 0.066600 0.045000 0.045000 0.068800 0.022000 0.044400 0.094600 0.044100 0.118500 0.045000 0.066800 0.090700 0.044400 0.090300 0.045300 0.044400 0.090800 0.022200 0.044600 0.045000 0.022200 0.045000 0.045000 0.070300 0.044800 0.022200 0.022200 0.045300 0.122300 0.093500 0.142700
Springbuck 0.064800 0.141800 0.067600 0.159200 0.110800 0.043400 0.021800 0.044000 0.068300 0.021700 0.067100 0.021900 0.043400 0.043400 0.044700 0.000000 0.067600 0.066600 0.043600 0.068300 0.021500 0.065100 0.021300 0.021500 0.067100 0.021500 0.043400 0.068300 0.000000 0.091300 0.021700 0.065300 0.065700 0.043500 0.042900 0.021900 0.043100 0.088800 0.021700 0.021400 0.021400 0.021700 0.021700 0.021700 0.045100 0.043200 0.021700 0.021700 0.044200 0.093900 0.067600 0.114600
Okapi 0.112700 0.155400 0.066500 0.210200 0.162600 0.090800 0.068300 0.092200 0.091600 0.043700 0.117300 0.043800 0.090800 0.090400 0.093600 0.067600 0.000000 0.043600 0.090900 0.091600 0.067900 0.113100 0.043700 0.043700 0.117300 0.067900 0.090800 0.091600 0.067600 0.089900 0.043700 0.114000 0.087900 0.090800 0.114100 0.043800 0.090800 0.139600 0.067700 0.043700 0.043700 0.067900 0.043700 0.043700 0.067800 0.090300 0.067700 0.056800 0.092600 0.118300 0.066500 0.112800
Giraffe 0.111200 0.164400 0.089400 0.208500 0.160600 0.089400 0.067600 0.090900 0.115300 0.043200 0.115600 0.043400 0.089600 0.089500 0.092200 0.066600 0.043600 0.000000 0.090000 0.115300 0.067000 0.112100 0.043200 0.043200 0.115600 0.067000 0.089900 0.115300 0.066600 0.113400 0.043200 0.112500 0.087100 0.089600 0.112700 0.043400 0.089600 0.137800 0.067000 0.042600 0.043200 0.067000 0.043200 0.043200 0.067100 0.089100 0.067000 0.067100 0.091200 0.116400 0.089400 0.136700
TibetanAnt 0.021100 0.166900 0.090900 0.183000 0.110800 0.000100 0.021700 0.044000 0.091900 0.044000 0.021900 0.044100 0.000100 0.043200 0.044700 0.043600 0.090900 0.090000 0.000000 0.091900 0.021700 0.021100 0.044000 0.044000 0.021900 0.021700 0.000100 0.091900 0.043600 0.115200 0.044000 0.065300 0.088400 0.000100 0.043200 0.044100 0.000100 0.088800 0.021600 0.044000 0.044000 0.021700 0.044000 0.044000 0.068200 0.043200 0.021600 0.021600 0.044200 0.118900 0.090900 0.138900
Sitatunga 0.113700 0.196000 0.021800 0.185200 0.164100 0.091800 0.069000 0.093200 0.000000 0.067600 0.118500 0.067800 0.091800 0.091400 0.094600 0.068300 0.091600 0.115300 0.091900 0.000000 0.068700 0.114200 0.067600 0.067600 0.118500 0.068700 0.091800 0.000000 0.068300 0.043800 0.067600 0.115100 0.089600 0.091800 0.115300 0.067800 0.091800 0.140900 0.068500 0.067600 0.067600 0.068700 0.067600 0.067600 0.093300 0.091200 0.068500 0.068600 0.093500 0.146800 0.021800 0.066200
Oribi 0.042800 0.142500 0.067900 0.159800 0.087900 0.021600 0.000100 0.021900 0.068700 0.021800 0.044400 0.022000 0.021600 0.021600 0.022200 0.021500 0.067900 0.067000 0.021700 0.068700 0.000000 0.043100 0.021800 0.021600 0.044400 0.000000 0.021600 0.068700 0.021700 0.091700 0.021500 0.043100 0.066000 0.021600 0.065700 0.022000 0.021600 0.066000 0.000100 0.021600 0.021500 0.000000 0.021800 0.021800 0.045300 0.021400 0.000100 0.000100 0.021800 0.094400 0.067900 0.115100
BarbaryShe 0.042000 0.190200 0.113000 0.206300 0.132500 0.021100 0.043300 0.065700 0.114200 0.065700 0.043500 0.065800 0.021100 0.064600 0.066600 0.065100 0.113100 0.112100 0.021100 0.114200 0.043100 0.000000 0.065700 0.065700 0.043500 0.043100 0.021100 0.114200 0.065100 0.137700 0.065700 0.086800 0.110200 0.021100 0.064600 0.065800 0.021100 0.110500 0.042900 0.065700 0.065700 0.043100 0.065700 0.065700 0.090400 0.064500 0.042900 0.043000 0.066000 0.141800 0.113000 0.161400
Daviddeer 0.065200 0.114400 0.043700 0.157900 0.111800 0.043900 0.022000 0.043700 0.067600 0.000000 0.066600 0.000100 0.043800 0.043800 0.045000 0.021300 0.043700 0.043200 0.044000 0.067600 0.021800 0.065700 0.000000 0.000000 0.067700 0.021800 0.043800 0.067600 0.021700 0.066500 0.000000 0.065800 0.042600 0.043800 0.066000 0.000100 0.043800 0.089600 0.021900 0.000000 0.000000 0.021800 0.000000 0.000000 0.021900 0.043600 0.021900 0.021900 0.044600 0.068200 0.043700 0.088900
Reindeer 0.065200 0.114400 0.043700 0.157900 0.111800 0.043100 0.022000 0.044400 0.067600 0.000000 0.067700 0.000100 0.043100 0.043800 0.045000 0.021500 0.043700 0.043200 0.044000 0.067600 0.021600 0.065700 0.000000 0.000000 0.067700 0.021800 0.043900 0.067600 0.021600 0.066500 0.000000 0.065900 0.042600 0.043100 0.066000 0.000100 0.043800 0.089600 0.021900 0.000000 0.000000 0.021500 0.000000 0.000000 0.021900 0.043600 0.021900 0.021900 0.044600 0.068200 0.043700 0.088900
Ibex 0.043100 0.197400 0.117200 0.212500 0.136300 0.021600 0.044800 0.067600 0.118500 0.067700 0.000000 0.068100 0.021800 0.066800 0.068800 0.067100 0.117300 0.115600 0.021900 0.118500 0.044400 0.043500 0.067700 0.067700 0.000000 0.043800 0.021800 0.118500 0.067100 0.142700 0.067700 0.089300 0.113700 0.021700 0.066600 0.068100 0.021800 0.114300 0.044400 0.067700 0.067700 0.044400 0.067600 0.067700 0.093900 0.066400 0.044400 0.044500 0.067400 0.147000 0.117200 0.167300
GyrantGaze 0.042800 0.142500 0.067900 0.159800 0.087900 0.021600 0.000100 0.021800 0.068700 0.021500 0.044400 0.022000 0.021600 0.021600 0.022000 0.021500 0.067900 0.067000 0.021700 0.068700 0.000000 0.043100 0.021800 0.021800 0.043800 0.000000 0.021600 0.068700 0.021700 0.091700 0.021800 0.043200 0.066000 0.021600 0.066200 0.022000 0.021600 0.066000 0.000100 0.021800 0.021800 0.000000 0.021800 0.021800 0.045300 0.021500 0.000100 0.000100 0.022000 0.094400 0.067900 0.115100
Hartebeest 0.021000 0.166800 0.090800 0.183100 0.110200 0.000000 0.021700 0.043800 0.091800 0.043800 0.021600 0.044100 0.000000 0.043200 0.044400 0.043400 0.090800 0.089900 0.000100 0.091800 0.021600 0.021100 0.043800 0.043900 0.021800 0.021600 0.000000 0.091800 0.043300 0.115100 0.043000 0.065000 0.088300 0.000000 0.043000 0.044100 0.000000 0.088300 0.021600 0.043800 0.043800 0.021600 0.043800 0.043800 0.068200 0.043400 0.021600 0.021600 0.044500 0.118300 0.090800 0.138700
Bongo 0.113700 0.196000 0.021800 0.185200 0.164100 0.091800 0.069000 0.093200 0.000000 0.067600 0.118500 0.067800 0.091800 0.091400 0.094600 0.068300 0.091600 0.115300 0.091900 0.000000 0.068700 0.114200 0.067600 0.067600 0.118500 0.068700 0.091800 0.000000 0.068300 0.044200 0.067600 0.115100 0.089600 0.091800 0.115300 0.067800 0.091800 0.140900 0.068500 0.067600 0.067600 0.068700 0.067600 0.067600 0.093300 0.091200 0.068500 0.068600 0.093500 0.146800 0.021800 0.066500
Gerenuk 0.064600 0.141800 0.067600 0.159200 0.110800 0.043400 0.021800 0.044000 0.068300 0.021500 0.067100 0.021900 0.043200 0.043400 0.044100 0.000000 0.067600 0.066600 0.043600 0.068300 0.021700 0.065100 0.021700 0.021600 0.067100 0.021700 0.043300 0.068300 0.000000 0.091300 0.021700 0.064800 0.065700 0.043400 0.043100 0.021900 0.043400 0.088800 0.021700 0.021500 0.021700 0.021600 0.021400 0.021500 0.045100 0.043200 0.021700 0.021700 0.044200 0.093900 0.067600 0.114600
CommonElan 0.137100 0.192700 0.021300 0.236700 0.188900 0.115100 0.092300 0.116800 0.044200 0.066500 0.142700 0.066600 0.115100 0.114600 0.118500 0.091300 0.089900 0.113400 0.115200 0.043800 0.091700 0.137700 0.066500 0.066500 0.142700 0.091700 0.115100 0.044200 0.091300 0.000000 0.066500 0.114000 0.088200 0.115100 0.139000 0.066600 0.115100 0.165400 0.091500 0.066500 0.066500 0.091700 0.066500 0.066500 0.091600 0.114500 0.091500 0.091700 0.117200 0.143700 0.021400 0.021000
MuntiacusR 0.065300 0.114400 0.043700 0.157900 0.111800 0.043400 0.022000 0.043900 0.067600 0.000000 0.067700 0.000100 0.043300 0.043800 0.045000 0.021700 0.043700 0.043200 0.044000 0.067600 0.021500 0.065700 0.000000 0.000000 0.067700 0.021800 0.043000 0.067600 0.021700 0.066500 0.000000 0.065900 0.042600 0.043400 0.066000 0.000100 0.043400 0.089600 0.021900 0.000000 0.000000 0.021800 0.000000 0.000000 0.021900 0.043600 0.021900 0.021900 0.043900 0.068200 0.043700 0.088900
HarveysDui 0.086100 0.192300 0.113900 0.208300 0.133000 0.065000 0.043600 0.066000 0.115100 0.065900 0.089400 0.066300 0.065000 0.021200 0.066800 0.065300 0.114000 0.112500 0.065300 0.115100 0.043100 0.086800 0.065800 0.065900 0.089300 0.043200 0.065000 0.115100 0.064800 0.114000 0.065900 0.000000 0.110900 0.065000 0.110300 0.066300 0.064800 0.110900 0.043300 0.065900 0.065900 0.043200 0.065900 0.065900 0.091200 0.064700 0.043300 0.043300 0.066200 0.142700 0.113900 0.137500
Pronghorn 0.109700 0.162000 0.065200 0.205600 0.158500 0.088300 0.086200 0.089500 0.089600 0.042600 0.113700 0.042700 0.088300 0.088000 0.090700 0.065700 0.087900 0.087100 0.088400 0.089600 0.066000 0.110200 0.042600 0.042600 0.113700 0.066000 0.088300 0.089600 0.065700 0.088200 0.042600 0.110900 0.000000 0.088300 0.111000 0.042700 0.088300 0.135800 0.065800 0.042600 0.042600 0.066000 0.042600 0.042600 0.065900 0.087900 0.065800 0.065900 0.089900 0.114700 0.065200 0.110700
BlueWildeb 0.021000 0.166800 0.090800 0.183100 0.110200 0.000000 0.021700 0.043800 0.091800 0.043800 0.021600 0.044100 0.000000 0.043200 0.044400 0.043500 0.090800 0.089600 0.000100 0.091800 0.021600 0.021100 0.043800 0.043100 0.021700 0.021600 0.000000 0.091800 0.043400 0.115100 0.043400 0.065000 0.088300 0.000000 0.042800 0.044100 0.000000 0.088300 0.021600 0.043800 0.043800 0.021600 0.043800 0.043800 0.068200 0.043000 0.021600 0.021600 0.044000 0.118300 0.090800 0.138700
Gemsbok 0.064100 0.192000 0.114000 0.207600 0.157500 0.043000 0.066300 0.088900 0.115300 0.064900 0.066600 0.066400 0.043000 0.087800 0.090300 0.042900 0.114100 0.112700 0.043200 0.115300 0.065700 0.064600 0.066000 0.066000 0.066600 0.066200 0.043000 0.115300 0.043100 0.139000 0.066000 0.110300 0.111000 0.042800 0.000000 0.066400 0.043000 0.135200 0.065700 0.066000 0.066000 0.065700 0.064700 0.066000 0.091300 0.087300 0.065700 0.065800 0.089200 0.142700 0.114000 0.163200
Yak 0.065600 0.114600 0.043800 0.157700 0.112500 0.044100 0.022100 0.044700 0.067800 0.000100 0.068100 0.000000 0.044100 0.043900 0.045300 0.021900 0.043800 0.043400 0.044100 0.067800 0.022000 0.065800 0.000100 0.000100 0.068100 0.022000 0.044100 0.067800 0.021900 0.066600 0.000100 0.066300 0.042700 0.044100 0.066400 0.000000 0.044100 0.090200 0.021900 0.000100 0.000100 0.022000 0.000100 0.000100 0.021700 0.043800 0.021900 0.021900 0.044900 0.068600 0.043800 0.089200
BlueSheep 0.021000 0.166800 0.090800 0.183100 0.110200 0.000000 0.021700 0.043800 0.091800 0.043900 0.021800 0.044100 0.000000 0.043200 0.044400 0.043100 0.090800 0.089600 0.000100 0.091800 0.021600 0.021100 0.043800 0.043800 0.021800 0.021600 0.000000 0.091800 0.043400 0.115100 0.043400 0.064800 0.088300 0.000000 0.043000 0.044100 0.000000 0.088300 0.021600 0.043800 0.043400 0.021600 0.043800 0.043800 0.068200 0.043000 0.021600 0.021600 0.043700 0.118300 0.090800 0.138700
BohorReedb 0.109700 0.220700 0.139500 0.235800 0.020700 0.088300 0.066700 0.088800 0.140900 0.089600 0.113900 0.090200 0.088300 0.088300 0.090800 0.088800 0.139600 0.137800 0.088800 0.140900 0.066000 0.110500 0.089600 0.089600 0.114300 0.066000 0.088300 0.140900 0.088800 0.165400 0.089600 0.110900 0.135800 0.088300 0.135200 0.090200 0.088300 0.000000 0.066100 0.089600 0.089600 0.066500 0.089600 0.089600 0.116200 0.087900 0.066100 0.066200 0.089900 0.169800 0.139500 0.139200
KirksDik 0.042800 0.142100 0.067700 0.159300 0.088000 0.021600 0.000100 0.021900 0.068500 0.021900 0.044400 0.021900 0.021600 0.021500 0.022200 0.021700 0.067700 0.067000 0.021600 0.068500 0.000100 0.042900 0.021900 0.021900 0.044400 0.000100 0.021600 0.068500 0.021700 0.091500 0.021900 0.043300 0.065800 0.021600 0.065700 0.021900 0.021600 0.066100 0.000000 0.021900 0.021900 0.000100 0.021900 0.021900 0.045200 0.021500 0.000000 0.000100 0.022000 0.094500 0.067700 0.114800
RoeDeer 0.065200 0.114400 0.043700 0.157900 0.111800 0.043800 0.022000 0.044400 0.067600 0.000000 0.067700 0.000100 0.043800 0.043800 0.044600 0.021400 0.043700 0.042600 0.044000 0.067600 0.021600 0.065700 0.000000 0.000000 0.067700 0.021800 0.043800 0.067600 0.021500 0.066500 0.000000 0.065900 0.042600 0.043800 0.066000 0.000100 0.043800 0.089600 0.021900 0.000000 0.000000 0.021500 0.000000 0.000000 0.021900 0.042600 0.021900 0.021900 0.044600 0.068200 0.043700 0.088900
WhiteLippe 0.065200 0.114400 0.043700 0.157900 0.111800 0.043800 0.022000 0.044400 0.067600 0.000000 0.067700 0.000100 0.043800 0.043800 0.045000 0.021400 0.043700 0.043200 0.044000 0.067600 0.021500 0.065700 0.000000 0.000000 0.067700 0.021800 0.043800 0.067600 0.021700 0.066500 0.000000 0.065900 0.042600 0.043800 0.066000 0.000100 0.043400 0.089600 0.021900 0.000000 0.000000 0.021500 0.000000 0.000000 0.021900 0.042800 0.021900 0.021900 0.044600 0.068200 0.043700 0.088900
ThomsonGaz 0.042800 0.142500 0.067900 0.159800 0.087200 0.021600 0.000100 0.021900 0.068700 0.021800 0.044400 0.022000 0.021600 0.021600 0.022200 0.021700 0.067900 0.067000 0.021700 0.068700 0.000000 0.043100 0.021800 0.021500 0.044400 0.000000 0.021600 0.068700 0.021600 0.091700 0.021800 0.043200 0.066000 0.021600 0.065700 0.022000 0.021600 0.066500 0.000100 0.021500 0.021500 0.000000 0.021500 0.021800 0.045300 0.021500 0.000100 0.000100 0.021800 0.094400 0.067900 0.115100
MuntiacusC 0.065200 0.114400 0.043700 0.157900 0.111800 0.043800 0.022000 0.044400 0.067600 0.000000 0.067700 0.000100 0.043700 0.043800 0.045000 0.021700 0.043700 0.043200 0.044000 0.067600 0.021800 0.065700 0.000000 0.000000 0.067600 0.021800 0.043800 0.067600 0.021400 0.066500 0.000000 0.065900 0.042600 0.043800 0.064700 0.000100 0.043800 0.089600 0.021900 0.000000 0.000000 0.021500 0.000000 0.000000 0.021900 0.043600 0.021900 0.021900 0.044600 0.068200 0.043700 0.088900
WhiteTaile 0.064200 0.114400 0.043700 0.157900 0.111800 0.043800 0.022000 0.044400 0.067600 0.000000 0.067700 0.000100 0.043800 0.043800 0.045000 0.021700 0.043700 0.043200 0.044000 0.067600 0.021800 0.065700 0.000000 0.000000 0.067700 0.021800 0.043800 0.067600 0.021500 0.066500 0.000000 0.065900 0.042600 0.043800 0.066000 0.000100 0.043800 0.089600 0.021900 0.000000 0.000000 0.021800 0.000000 0.000000 0.021900 0.043600 0.021900 0.021900 0.044000 0.067300 0.043700 0.088900
Cattle 0.090100 0.141700 0.067800 0.185100 0.139100 0.068200 0.045600 0.069200 0.093300 0.021900 0.093900 0.021900 0.068200 0.067800 0.070300 0.045100 0.067800 0.067100 0.068200 0.093300 0.045300 0.090400 0.021900 0.021900 0.093900 0.045300 0.068200 0.093300 0.045100 0.091600 0.021900 0.091200 0.065900 0.068200 0.091300 0.021700 0.068200 0.116200 0.045200 0.021900 0.021900 0.045300 0.021900 0.021900 0.000000 0.067800 0.045200 0.045300 0.069500 0.094600 0.067800 0.114900
RoyalAntel 0.063400 0.166400 0.090300 0.183100 0.109800 0.042700 0.021700 0.043200 0.091200 0.043500 0.066400 0.043800 0.043000 0.043000 0.044800 0.043200 0.090300 0.089100 0.043200 0.091200 0.021400 0.064500 0.043600 0.043600 0.066400 0.021500 0.043400 0.091200 0.043200 0.114500 0.043600 0.064700 0.087900 0.043000 0.087300 0.043800 0.043000 0.087900 0.021500 0.042600 0.042800 0.021500 0.043600 0.043600 0.067800 0.000000 0.021500 0.021500 0.043900 0.117700 0.090300 0.137800
Steenbok 0.042800 0.142100 0.067700 0.159300 0.088000 0.021600 0.000100 0.021900 0.068500 0.021900 0.044400 0.021900 0.021600 0.021500 0.022200 0.021700 0.067700 0.067000 0.021600 0.068500 0.000100 0.042900 0.021900 0.021900 0.044400 0.000100 0.021600 0.068500 0.021700 0.091500 0.021900 0.043300 0.065800 0.021600 0.065700 0.021900 0.021600 0.066100 0.000000 0.021900 0.021900 0.000100 0.021900 0.021900 0.045200 0.021500 0.000000 0.000100 0.022000 0.094500 0.067700 0.114800
Impala 0.042900 0.142300 0.067900 0.159800 0.088100 0.021600 0.000100 0.021900 0.068600 0.021900 0.044500 0.021900 0.021600 0.021500 0.022200 0.021700 0.056800 0.067100 0.021600 0.068600 0.000100 0.043000 0.021900 0.021900 0.044500 0.000100 0.021600 0.068600 0.021700 0.091700 0.021900 0.043300 0.065900 0.021600 0.065800 0.021900 0.021600 0.066200 0.000100 0.021900 0.021900 0.000100 0.021900 0.021900 0.045300 0.021500 0.000100 0.000000 0.022000 0.094600 0.067900 0.115000
Klipspring 0.065400 0.170200 0.092500 0.186700 0.112100 0.044000 0.022200 0.044800 0.093500 0.044600 0.068000 0.044900 0.044000 0.044100 0.045300 0.044200 0.092600 0.091200 0.044200 0.093500 0.021800 0.066000 0.044600 0.044600 0.067400 0.022000 0.044500 0.093500 0.044200 0.117200 0.043900 0.066200 0.089900 0.044000 0.089200 0.044900 0.043700 0.089900 0.022000 0.044600 0.044600 0.021800 0.044600 0.044000 0.069500 0.043900 0.022000 0.022000 0.000000 0.120200 0.092500 0.140800
ForestMusk 0.140700 0.168300 0.118100 0.244500 0.193800 0.118300 0.095400 0.120300 0.146800 0.068200 0.147000 0.068600 0.118300 0.118300 0.122300 0.093900 0.118300 0.116400 0.118900 0.146800 0.094400 0.141800 0.068200 0.068200 0.147000 0.094400 0.118300 0.146800 0.093900 0.143700 0.068200 0.142700 0.114700 0.118300 0.142700 0.068600 0.118300 0.169800 0.094500 0.068200 0.068200 0.094400 0.068200 0.067300 0.094600 0.117700 0.094500 0.094600 0.120200 0.000000 0.118100 0.168300
Bushbuck 0.112600 0.165900 0.000000 0.209300 0.162500 0.090800 0.068300 0.092200 0.021800 0.043700 0.117200 0.043800 0.090800 0.090400 0.093500 0.067600 0.066500 0.089400 0.090900 0.021800 0.067900 0.113000 0.043700 0.043700 0.117200 0.067900 0.090800 0.021800 0.067600 0.021400 0.043700 0.113900 0.065200 0.090800 0.114000 0.043800 0.090800 0.139500 0.067700 0.043700 0.043700 0.067900 0.043700 0.043700 0.067800 0.090300 0.067700 0.067900 0.092500 0.118100 0.000000 0.043000
GreaterKud 0.160700 0.217700 0.043000 0.261600 0.162300 0.138700 0.115800 0.140500 0.066100 0.088900 0.167300 0.089200 0.138700 0.138000 0.142700 0.114600 0.112800 0.136700 0.138900 0.066200 0.115100 0.161400 0.088900 0.088900 0.167300 0.115100 0.138700 0.066500 0.114600 0.021000 0.088900 0.137500 0.110700 0.138700 0.163200 0.089200 0.138700 0.139200 0.114800 0.088900 0.088900 0.115100 0.088900 0.088900 0.114900 0.137800 0.114800 0.115000 0.140800 0.168300 0.043000 0.000000
