1
52 1
Argali 0.000000 0.484300 0.074500 0.226400 0.052000 0.000100 0.051700 0.074400 0.044700 0.082400 0.029000 0.082900 0.029700 0.066500 0.059100 0.058900 0.075100 0.067900 0.044400 0.044300 0.091300 0.021800 0.082600 0.098200 0.029000 0.067400 0.029300 0.044700 0.059100 0.044800 0.074700 0.059500 0.116200 0.029600 0.044600 0.066700 0.051500 0.052000 0.075200 0.082800 0.090100 0.067400 0.090000 0.122400 0.074200 0.060000 0.067200 0.059400 0.075600 0.060300 0.052000 0.044300
LesserMous 0.484300 0.000000 0.502800 0.399700 0.496500 0.469000 0.491600 0.531000 0.458300 0.504200 0.475500 0.499400 0.462600 0.514400 0.490300 0.517900 0.497100 0.475500 0.480600 0.480600 0.577200 0.477700 0.520200 0.505100 0.475700 0.525300 0.473200 0.457600 0.521200 0.460100 0.505600 0.506700 0.503200 0.458800 0.457000 0.489000 0.503400 0.496500 0.545700 0.506400 0.516500 0.525300 0.530200 0.552600 0.500600 0.462100 0.523300 0.451100 0.541300 0.473800 0.468000 0.474900
LesserKudu 0.074500 0.502800 0.000000 0.247100 0.052500 0.074700 0.067700 0.090800 0.029700 0.107000 0.075100 0.067700 0.061000 0.082800 0.091100 0.090700 0.083600 0.076400 0.075900 0.044200 0.108400 0.067600 0.107300 0.107000 0.075200 0.083800 0.065200 0.029700 0.091000 0.029300 0.099100 0.075700 0.142200 0.045200 0.060600 0.051800 0.099100 0.052500 0.097800 0.091300 0.098800 0.083800 0.114900 0.131600 0.059300 0.076300 0.083500 0.075500 0.092400 0.068700 0.037100 0.051900
KillerWhal 0.226400 0.399700 0.247100 0.000000 0.231300 0.227000 0.228900 0.237700 0.211600 0.237400 0.208300 0.260100 0.194900 0.246700 0.228900 0.228200 0.208900 0.211800 0.220400 0.229600 0.263100 0.219500 0.237400 0.226600 0.208500 0.230800 0.200300 0.211400 0.229300 0.212200 0.228100 0.239400 0.272600 0.203000 0.202100 0.236900 0.228000 0.231300 0.250600 0.228200 0.235900 0.230800 0.246300 0.257000 0.246000 0.222100 0.210100 0.239400 0.242200 0.192200 0.219800 0.227300
DefassaWat 0.052000 0.496500 0.052500 0.231300 0.000000 0.052200 0.045000 0.067900 0.022500 0.092100 0.052500 0.060600 0.038000 0.060000 0.068100 0.067900 0.060700 0.053400 0.053000 0.037400 0.085000 0.045000 0.091500 0.092100 0.052500 0.060800 0.037600 0.022500 0.068100 0.022500 0.084200 0.052900 0.126900 0.022600 0.037800 0.044700 0.076000 0.000000 0.068700 0.076400 0.083400 0.060800 0.100000 0.116600 0.052200 0.053300 0.060600 0.052800 0.069200 0.053600 0.029900 0.044900
Sheep 0.000100 0.469000 0.074700 0.227000 0.052200 0.000000 0.051800 0.074600 0.044800 0.082600 0.029100 0.083100 0.029700 0.066700 0.059300 0.059100 0.075300 0.068100 0.044500 0.044400 0.091500 0.021800 0.082800 0.098500 0.029100 0.067500 0.029400 0.044800 0.059300 0.044900 0.074900 0.059600 0.116600 0.029700 0.044800 0.066800 0.051700 0.052200 0.075400 0.083000 0.090400 0.067500 0.090300 0.122800 0.074400 0.060200 0.067300 0.065900 0.075800 0.060500 0.052100 0.044400
MaxwellsDu 0.051700 0.491600 0.067700 0.228900 0.045000 0.051800 0.000000 0.067500 0.037500 0.075700 0.052100 0.060400 0.037800 0.014500 0.052300 0.067500 0.068200 0.060900 0.052600 0.052600 0.076500 0.044700 0.075800 0.075600 0.052100 0.060400 0.037400 0.037500 0.067700 0.037600 0.068000 0.007300 0.126100 0.022400 0.037500 0.044500 0.075600 0.045000 0.052700 0.060300 0.067700 0.060400 0.083400 0.099600 0.052000 0.053000 0.060200 0.037200 0.053000 0.053300 0.029700 0.060100
GazellaPrz 0.074400 0.531000 0.090800 0.237700 0.067900 0.074600 0.067500 0.000000 0.060400 0.115100 0.075000 0.099500 0.060800 0.082600 0.090900 0.029000 0.091500 0.084300 0.068000 0.075500 0.044600 0.067500 0.115500 0.115100 0.075000 0.021900 0.060100 0.060400 0.029200 0.060600 0.107200 0.075500 0.150800 0.045100 0.060500 0.082700 0.083000 0.067900 0.044400 0.099400 0.106800 0.021900 0.123000 0.140000 0.090400 0.076200 0.036700 0.075300 0.092200 0.060900 0.067800 0.083200
MountainNy 0.044700 0.458300 0.029700 0.211600 0.022500 0.044800 0.037500 0.060400 0.000000 0.076300 0.045000 0.037600 0.030500 0.052600 0.060600 0.060400 0.053100 0.045800 0.045500 0.014900 0.077300 0.037500 0.076500 0.076300 0.045000 0.053200 0.033300 0.000000 0.060600 0.000000 0.068600 0.045400 0.110400 0.015100 0.030300 0.022200 0.068500 0.022500 0.066100 0.060800 0.068300 0.053200 0.084200 0.100400 0.029600 0.045700 0.053100 0.045300 0.061600 0.038100 0.007300 0.022300
MuntiacusM 0.082400 0.504200 0.107000 0.237400 0.092100 0.082600 0.075700 0.115100 0.076300 0.000000 0.083000 0.099800 0.069000 0.090900 0.067600 0.098800 0.091400 0.092400 0.100100 0.091600 0.125400 0.067700 0.022000 0.051900 0.083100 0.108200 0.075000 0.068600 0.099100 0.076600 0.007300 0.083900 0.159400 0.068700 0.084500 0.083000 0.107300 0.092100 0.107700 0.036900 0.029300 0.108200 0.021600 0.074900 0.090700 0.100600 0.107800 0.083600 0.100800 0.084700 0.083800 0.091500
goat 0.029000 0.475500 0.075100 0.208300 0.052500 0.029100 0.052100 0.075000 0.045000 0.083000 0.000000 0.083600 0.029900 0.051300 0.059600 0.059400 0.060000 0.052800 0.044700 0.060000 0.092000 0.021900 0.083200 0.083000 0.000000 0.067900 0.029600 0.045000 0.059600 0.045100 0.075300 0.060000 0.125700 0.029800 0.045000 0.067200 0.021700 0.052500 0.075800 0.083400 0.090900 0.067900 0.090800 0.107000 0.074800 0.060500 0.067700 0.059900 0.076300 0.060900 0.052400 0.060000
AfricanBuf 0.082900 0.499400 0.067700 0.260100 0.060600 0.083100 0.060400 0.099500 0.037600 0.099800 0.083600 0.000000 0.069400 0.075500 0.083800 0.099400 0.092200 0.085000 0.084500 0.052600 0.109400 0.076000 0.100000 0.099800 0.083600 0.092500 0.073800 0.037600 0.099800 0.037700 0.091900 0.068400 0.151900 0.053300 0.069000 0.029500 0.108000 0.060600 0.090400 0.084000 0.091500 0.092500 0.107700 0.124300 0.036900 0.085000 0.092200 0.068300 0.085100 0.077200 0.044900 0.060100
Topi 0.029700 0.462600 0.061000 0.194900 0.038000 0.029700 0.037800 0.060800 0.030500 0.069000 0.029900 0.069400 0.000000 0.052900 0.045300 0.045200 0.061500 0.054100 0.045800 0.045700 0.077800 0.022500 0.069100 0.085000 0.029900 0.053600 0.000000 0.030500 0.045300 0.030600 0.061200 0.045600 0.119900 0.015200 0.030500 0.053000 0.053100 0.038000 0.061600 0.069200 0.076900 0.053600 0.076800 0.109600 0.060700 0.046100 0.053400 0.045500 0.046100 0.046300 0.038000 0.045600
CommonDuik 0.066500 0.514400 0.082800 0.246700 0.060000 0.066700 0.014500 0.082600 0.052600 0.090900 0.051300 0.075500 0.052900 0.000000 0.067300 0.082600 0.083400 0.076200 0.067700 0.067600 0.091900 0.059600 0.091100 0.090900 0.051300 0.075600 0.052300 0.052600 0.082800 0.052700 0.083100 0.021800 0.133800 0.037200 0.052200 0.059400 0.074400 0.060000 0.067800 0.075400 0.082800 0.075600 0.098700 0.115000 0.066900 0.068100 0.075300 0.052000 0.068200 0.068500 0.044600 0.075200
Suni 0.059100 0.490300 0.091100 0.228900 0.068100 0.059300 0.052300 0.090900 0.060600 0.067600 0.059600 0.083800 0.045300 0.067300 0.000000 0.075000 0.075900 0.084600 0.075900 0.075800 0.100500 0.052100 0.067800 0.083300 0.059600 0.083900 0.044800 0.060600 0.075300 0.060800 0.060000 0.060100 0.143000 0.045200 0.060600 0.067400 0.083200 0.068100 0.076000 0.067900 0.075300 0.083900 0.075300 0.107400 0.075000 0.076400 0.083600 0.044600 0.076500 0.076900 0.068000 0.075700
Springbuck 0.058900 0.517900 0.090700 0.228200 0.067900 0.059100 0.067500 0.029000 0.060400 0.098800 0.059400 0.099400 0.045200 0.082600 0.075000 0.000000 0.091500 0.084200 0.068000 0.075500 0.044500 0.052000 0.099100 0.115000 0.059400 0.021900 0.044600 0.060400 0.000000 0.060500 0.091000 0.075500 0.150700 0.045100 0.060400 0.082700 0.082900 0.067900 0.044400 0.099300 0.106700 0.021900 0.106600 0.139900 0.090400 0.076200 0.036700 0.075300 0.092200 0.060800 0.067800 0.075400
Okapi 0.075100 0.497100 0.083600 0.208900 0.060700 0.075300 0.068200 0.091500 0.053100 0.091400 0.060000 0.092200 0.061500 0.083400 0.075900 0.091500 0.000000 0.029700 0.076500 0.068300 0.109400 0.068200 0.091100 0.075400 0.060000 0.084500 0.066900 0.053100 0.091800 0.053300 0.083600 0.076300 0.142900 0.045600 0.061100 0.075500 0.083800 0.060700 0.099600 0.075800 0.082800 0.084500 0.099200 0.099200 0.083200 0.077000 0.084200 0.076100 0.093200 0.069000 0.060500 0.075900
Giraffe 0.067900 0.475500 0.076400 0.211800 0.053400 0.068100 0.060900 0.084300 0.045800 0.092400 0.052800 0.085000 0.054100 0.076200 0.084600 0.084200 0.029700 0.000000 0.069200 0.061000 0.102000 0.060900 0.092100 0.076300 0.052800 0.077100 0.060500 0.045800 0.084500 0.045900 0.084500 0.069000 0.127400 0.038200 0.053700 0.068300 0.076500 0.053400 0.092800 0.076700 0.083800 0.077100 0.100400 0.100400 0.076000 0.069600 0.076900 0.068900 0.085900 0.053800 0.053200 0.068700
TibetanAnt 0.044400 0.480600 0.075900 0.220400 0.053000 0.044500 0.052600 0.068000 0.045500 0.100100 0.044700 0.084500 0.045800 0.067700 0.075900 0.068000 0.076500 0.069200 0.000000 0.060600 0.085100 0.037300 0.099000 0.100100 0.044700 0.060800 0.045200 0.045500 0.068200 0.045600 0.092200 0.060600 0.135300 0.030100 0.045500 0.067900 0.060200 0.053000 0.076600 0.084300 0.091200 0.060800 0.108000 0.124700 0.075600 0.045400 0.068400 0.060400 0.069200 0.061500 0.052900 0.068300
Sitatunga 0.044300 0.480600 0.044200 0.229600 0.037400 0.044400 0.052600 0.075500 0.014900 0.091600 0.060000 0.052600 0.045700 0.067600 0.075800 0.075500 0.068300 0.061000 0.060600 0.000000 0.092800 0.052500 0.091800 0.091600 0.060100 0.068400 0.049500 0.014900 0.075700 0.014700 0.083800 0.060500 0.126300 0.030100 0.045400 0.036900 0.083800 0.037400 0.082000 0.076000 0.083500 0.068400 0.099500 0.115900 0.044400 0.061000 0.068200 0.060400 0.077000 0.053400 0.022200 0.007200
Oribi 0.091300 0.577200 0.108400 0.263100 0.085000 0.091500 0.076500 0.044600 0.077300 0.125400 0.092000 0.109400 0.077800 0.091900 0.100500 0.044500 0.109400 0.102000 0.085100 0.092800 0.000000 0.084400 0.125700 0.125400 0.092100 0.037400 0.076900 0.077300 0.044700 0.077500 0.117300 0.084800 0.174100 0.061500 0.077300 0.092100 0.116900 0.085000 0.052800 0.109200 0.116800 0.037400 0.133500 0.150900 0.100000 0.093600 0.052600 0.084600 0.102000 0.077900 0.084800 0.100600
BarbaryShe 0.021800 0.477700 0.067600 0.219500 0.045000 0.021800 0.044700 0.067500 0.037500 0.067700 0.021900 0.076000 0.022500 0.059600 0.052100 0.052000 0.068200 0.060900 0.037300 0.052500 0.084400 0.000000 0.067900 0.083500 0.022000 0.060400 0.022200 0.037500 0.052100 0.037600 0.060100 0.052500 0.126000 0.022400 0.037500 0.059800 0.044400 0.045000 0.068200 0.068100 0.075500 0.060400 0.075400 0.107600 0.067400 0.052900 0.060200 0.052400 0.068700 0.053300 0.044900 0.052500
Daviddeer 0.082600 0.520200 0.107300 0.237400 0.091500 0.082800 0.075800 0.115500 0.076500 0.022000 0.083200 0.100000 0.069100 0.091100 0.067800 0.099100 0.091100 0.092100 0.099000 0.091800 0.125700 0.067900 0.000000 0.044200 0.083300 0.108500 0.074900 0.068700 0.098700 0.076700 0.014600 0.084000 0.159800 0.068900 0.084700 0.083200 0.107600 0.091500 0.107900 0.029400 0.007200 0.108500 0.029300 0.067100 0.090900 0.100900 0.107400 0.082900 0.099700 0.084900 0.083900 0.091700
Reindeer 0.098200 0.505100 0.107000 0.226600 0.092100 0.098500 0.075600 0.115100 0.076300 0.051900 0.083000 0.099800 0.085000 0.090900 0.083300 0.115000 0.075400 0.076300 0.100100 0.091600 0.125400 0.083500 0.044200 0.000000 0.083100 0.108100 0.091000 0.068600 0.115400 0.076500 0.044400 0.083900 0.151200 0.068700 0.084400 0.083000 0.107300 0.092100 0.107400 0.029300 0.036600 0.108100 0.059400 0.021600 0.090700 0.100600 0.107800 0.083600 0.100800 0.084700 0.083700 0.099400
Ibex 0.029000 0.475700 0.075200 0.208500 0.052500 0.029100 0.052100 0.075000 0.045000 0.083100 0.000000 0.083600 0.029900 0.051300 0.059600 0.059400 0.060000 0.052800 0.044700 0.060100 0.092100 0.022000 0.083300 0.083100 0.000000 0.067900 0.029600 0.045000 0.059600 0.045200 0.075400 0.060000 0.125800 0.029900 0.045000 0.067300 0.021700 0.052500 0.075800 0.083500 0.090900 0.067900 0.090800 0.107000 0.074900 0.060500 0.067700 0.059900 0.076300 0.060900 0.052400 0.060000
GyrantGaze 0.067400 0.525300 0.083800 0.230800 0.060800 0.067500 0.060400 0.021900 0.053200 0.108200 0.067900 0.092500 0.053600 0.075600 0.083900 0.021900 0.084500 0.077100 0.060800 0.068400 0.037400 0.060400 0.108500 0.108100 0.067900 0.000000 0.052900 0.053200 0.022000 0.053400 0.100200 0.068400 0.143800 0.037800 0.053200 0.075700 0.091900 0.060800 0.037200 0.092300 0.099800 0.000000 0.116100 0.133000 0.083500 0.069000 0.029600 0.068200 0.085100 0.053600 0.060700 0.076100
Hartebeest 0.029300 0.473200 0.065200 0.200300 0.037600 0.029400 0.037400 0.060100 0.033300 0.075000 0.029600 0.073800 0.000000 0.052300 0.044800 0.044600 0.066900 0.060500 0.045200 0.049500 0.076900 0.022200 0.074900 0.091000 0.029600 0.052900 0.000000 0.033000 0.044800 0.033700 0.067000 0.045100 0.126000 0.015000 0.030100 0.057900 0.052500 0.037600 0.060900 0.075400 0.082900 0.052900 0.082800 0.115600 0.065700 0.045500 0.052800 0.045000 0.045600 0.052700 0.041100 0.049500
Bongo 0.044700 0.457600 0.029700 0.211400 0.022500 0.044800 0.037500 0.060400 0.000000 0.068600 0.045000 0.037600 0.030500 0.052600 0.060600 0.060400 0.053100 0.045800 0.045500 0.014900 0.077300 0.037500 0.068700 0.068600 0.045000 0.053200 0.033000 0.000000 0.060600 0.000000 0.060800 0.045400 0.110400 0.015100 0.030300 0.022200 0.068500 0.022500 0.066000 0.053100 0.060600 0.053200 0.076400 0.092500 0.029600 0.045700 0.053100 0.045300 0.061600 0.038100 0.007400 0.022300
Gerenuk 0.059100 0.521200 0.091000 0.229300 0.068100 0.059300 0.067700 0.029200 0.060600 0.099100 0.059600 0.099800 0.045300 0.082800 0.075300 0.000000 0.091800 0.084500 0.068200 0.075700 0.044700 0.052100 0.098700 0.115400 0.059600 0.022000 0.044800 0.060600 0.000000 0.060700 0.091300 0.075700 0.151200 0.045200 0.060600 0.083000 0.083200 0.068100 0.044500 0.099600 0.106500 0.022000 0.107000 0.140400 0.090700 0.076400 0.036800 0.075500 0.092500 0.061000 0.068000 0.075700
CommonElan 0.044800 0.460100 0.029300 0.212200 0.022500 0.044900 0.037600 0.060600 0.000000 0.076600 0.045100 0.037700 0.030600 0.052700 0.060800 0.060500 0.053300 0.045900 0.045600 0.014700 0.077500 0.037600 0.076700 0.076500 0.045200 0.053400 0.033700 0.000000 0.060700 0.000000 0.068700 0.045500 0.110800 0.015100 0.030400 0.022200 0.068700 0.022500 0.066500 0.061000 0.068500 0.053400 0.084400 0.100700 0.029700 0.045900 0.053200 0.045400 0.061700 0.038200 0.007400 0.022100
MuntiacusR 0.074700 0.505600 0.099100 0.228100 0.084200 0.074900 0.068000 0.107200 0.068600 0.007300 0.075300 0.091900 0.061200 0.083100 0.060000 0.091000 0.083600 0.084500 0.092200 0.083800 0.117300 0.060100 0.014600 0.044400 0.075400 0.100200 0.067000 0.060800 0.091300 0.068700 0.000000 0.076100 0.151100 0.061000 0.076600 0.075300 0.099400 0.084200 0.099600 0.029500 0.021900 0.100200 0.014600 0.067300 0.083000 0.092700 0.099900 0.075800 0.092900 0.076800 0.076000 0.083700
HarveysDui 0.059500 0.506700 0.075700 0.239400 0.052900 0.059600 0.007300 0.075500 0.045400 0.083900 0.060000 0.068400 0.045600 0.021800 0.060100 0.075500 0.076300 0.069000 0.060600 0.060500 0.084800 0.052500 0.084000 0.083900 0.060000 0.068400 0.045100 0.045400 0.075700 0.045500 0.076100 0.000000 0.134900 0.030100 0.045300 0.052300 0.083700 0.052900 0.060600 0.068300 0.075800 0.068400 0.091700 0.108000 0.059900 0.060900 0.068200 0.044900 0.061000 0.061300 0.037400 0.068100
Pronghorn 0.116200 0.503200 0.142200 0.272600 0.126900 0.116600 0.126100 0.150800 0.110400 0.159400 0.125700 0.151900 0.119900 0.133800 0.143000 0.150700 0.142900 0.127400 0.135300 0.126300 0.174100 0.126000 0.159800 0.151200 0.125800 0.143800 0.126000 0.110400 0.151200 0.110800 0.151100 0.134900 0.000000 0.102600 0.119100 0.133500 0.134800 0.126900 0.159400 0.142900 0.150500 0.143800 0.167800 0.185900 0.141600 0.126200 0.143400 0.134600 0.153600 0.119400 0.118000 0.134200
BlueWildeb 0.029600 0.458800 0.045200 0.203000 0.022600 0.029700 0.022400 0.045100 0.015100 0.068700 0.029800 0.053300 0.015200 0.037200 0.045200 0.045100 0.045600 0.038200 0.030100 0.030100 0.061500 0.022400 0.068900 0.068700 0.029900 0.037800 0.015000 0.015100 0.045200 0.015100 0.061000 0.030100 0.102600 0.000000 0.014900 0.037400 0.053000 0.022600 0.045600 0.053200 0.060700 0.037800 0.076600 0.092700 0.045000 0.030300 0.037700 0.030000 0.045900 0.030500 0.022500 0.037700
Gemsbok 0.044600 0.457000 0.060600 0.202100 0.037800 0.044800 0.037500 0.060500 0.030300 0.084500 0.045000 0.069000 0.030500 0.052200 0.060600 0.060400 0.061100 0.053700 0.045500 0.045400 0.077300 0.037500 0.084700 0.084400 0.045000 0.053200 0.030100 0.030300 0.060600 0.030400 0.076600 0.045300 0.119100 0.014900 0.000000 0.052700 0.068500 0.037800 0.061200 0.068800 0.076300 0.053200 0.092300 0.108800 0.060300 0.045800 0.053100 0.045300 0.061500 0.046000 0.037700 0.053000
Yak 0.066700 0.489000 0.051800 0.236900 0.044700 0.066800 0.044500 0.082700 0.022200 0.083000 0.067200 0.029500 0.053000 0.059400 0.067400 0.082700 0.075500 0.068300 0.067900 0.036900 0.092100 0.059800 0.083200 0.083000 0.067300 0.075700 0.057900 0.022200 0.083000 0.022200 0.075300 0.052300 0.133500 0.037400 0.052700 0.000000 0.091000 0.044700 0.073700 0.067600 0.075000 0.075700 0.090700 0.106800 0.007200 0.068300 0.075500 0.052200 0.068400 0.060700 0.029500 0.044300
BlueSheep 0.051500 0.503400 0.099100 0.228000 0.076000 0.051700 0.075600 0.083000 0.068500 0.107300 0.021700 0.108000 0.053100 0.074400 0.083200 0.082900 0.083800 0.076500 0.060200 0.083800 0.116900 0.044400 0.107600 0.107300 0.021700 0.091900 0.052500 0.068500 0.083200 0.068700 0.099400 0.083700 0.134800 0.053000 0.068500 0.091000 0.000000 0.076000 0.100100 0.107800 0.115300 0.091900 0.115200 0.131900 0.098700 0.076300 0.091700 0.083500 0.100700 0.084900 0.075900 0.083700
BohorReedb 0.052000 0.496500 0.052500 0.231300 0.000000 0.052200 0.045000 0.067900 0.022500 0.092100 0.052500 0.060600 0.038000 0.060000 0.068100 0.067900 0.060700 0.053400 0.053000 0.037400 0.085000 0.045000 0.091500 0.092100 0.052500 0.060800 0.037600 0.022500 0.068100 0.022500 0.084200 0.052900 0.126900 0.022600 0.037800 0.044700 0.076000 0.000000 0.068700 0.076400 0.083400 0.060800 0.100000 0.116600 0.052200 0.053300 0.060600 0.052800 0.069200 0.053600 0.029900 0.044900
KirksDik 0.075200 0.545700 0.097800 0.250600 0.068700 0.075400 0.052700 0.044400 0.066100 0.107700 0.075800 0.090400 0.061600 0.067800 0.076000 0.044400 0.099600 0.092800 0.076600 0.082000 0.052800 0.068200 0.107900 0.107400 0.075800 0.037200 0.060900 0.066000 0.044500 0.066500 0.099600 0.060600 0.159400 0.045600 0.061200 0.073700 0.100100 0.068700 0.000000 0.091600 0.099300 0.037200 0.115700 0.115700 0.081600 0.077100 0.037100 0.045100 0.077200 0.068800 0.073800 0.089900
RoeDeer 0.082800 0.506400 0.091300 0.228200 0.076400 0.083000 0.060300 0.099400 0.060800 0.036900 0.083400 0.084000 0.069200 0.075400 0.067900 0.099300 0.075800 0.076700 0.084300 0.076000 0.109200 0.068100 0.029400 0.029300 0.083500 0.092300 0.075400 0.053100 0.099600 0.061000 0.029500 0.068300 0.142900 0.053200 0.068800 0.067600 0.107800 0.076400 0.091600 0.000000 0.021800 0.092300 0.044400 0.051800 0.075200 0.084800 0.092000 0.068100 0.077000 0.069000 0.068200 0.083700
WhiteLippe 0.090100 0.516500 0.098800 0.235900 0.083400 0.090400 0.067700 0.106800 0.068300 0.029300 0.090900 0.091500 0.076900 0.082800 0.075300 0.106700 0.082800 0.083800 0.091200 0.083500 0.116800 0.075500 0.007200 0.036600 0.090900 0.099800 0.082900 0.060600 0.106500 0.068500 0.021900 0.075800 0.150500 0.060700 0.076300 0.075000 0.115300 0.083400 0.099300 0.021800 0.000000 0.099800 0.036700 0.059200 0.082600 0.092300 0.098800 0.074700 0.092500 0.076500 0.075700 0.091100
ThomsonGaz 0.067400 0.525300 0.083800 0.230800 0.060800 0.067500 0.060400 0.021900 0.053200 0.108200 0.067900 0.092500 0.053600 0.075600 0.083900 0.021900 0.084500 0.077100 0.060800 0.068400 0.037400 0.060400 0.108500 0.108100 0.067900 0.000000 0.052900 0.053200 0.022000 0.053400 0.100200 0.068400 0.143800 0.037800 0.053200 0.075700 0.091900 0.060800 0.037200 0.092300 0.099800 0.000000 0.116100 0.133000 0.083500 0.069000 0.029600 0.068200 0.085100 0.053600 0.060700 0.076100
MuntiacusC 0.090000 0.530200 0.114900 0.246300 0.100000 0.090300 0.083400 0.123000 0.084200 0.021600 0.090800 0.107700 0.076800 0.098700 0.075300 0.106600 0.099200 0.100400 0.108000 0.099500 0.133500 0.075400 0.029300 0.059400 0.090800 0.116100 0.082800 0.076400 0.107000 0.084400 0.014600 0.091700 0.167800 0.076600 0.092300 0.090700 0.115200 0.100000 0.115700 0.044400 0.036700 0.116100 0.000000 0.082600 0.098500 0.108600 0.115800 0.091400 0.108800 0.092600 0.091600 0.099400
WhiteTaile 0.122400 0.552600 0.131600 0.257000 0.116600 0.122800 0.099600 0.140000 0.100400 0.074900 0.107000 0.124300 0.109600 0.115000 0.107400 0.139900 0.099200 0.100400 0.124700 0.115900 0.150900 0.107600 0.067100 0.021600 0.107000 0.133000 0.115600 0.092500 0.140400 0.100700 0.067300 0.108000 0.185900 0.092700 0.108800 0.106800 0.131900 0.116600 0.115700 0.051800 0.059200 0.133000 0.082600 0.000000 0.114700 0.125500 0.132700 0.107700 0.125600 0.109100 0.107900 0.123700
Cattle 0.074200 0.500600 0.059300 0.246000 0.052200 0.074400 0.052000 0.090400 0.029600 0.090700 0.074800 0.036900 0.060700 0.066900 0.075000 0.090400 0.083200 0.076000 0.075600 0.044400 0.100000 0.067400 0.090900 0.090700 0.074900 0.083500 0.065700 0.029600 0.090700 0.029700 0.083000 0.059900 0.141600 0.045000 0.060300 0.007200 0.098700 0.052200 0.081600 0.075200 0.082600 0.083500 0.098500 0.114700 0.000000 0.076000 0.083200 0.059700 0.076200 0.068400 0.036900 0.051800
RoyalAntel 0.060000 0.462100 0.076300 0.222100 0.053300 0.060200 0.053000 0.076200 0.045700 0.100600 0.060500 0.085000 0.046100 0.068100 0.076400 0.076200 0.077000 0.069600 0.045400 0.061000 0.093600 0.052900 0.100900 0.100600 0.060500 0.069000 0.045500 0.045700 0.076400 0.045900 0.092700 0.060900 0.126200 0.030300 0.045800 0.068300 0.076300 0.053300 0.077100 0.084800 0.092300 0.069000 0.108600 0.125500 0.076000 0.000000 0.068800 0.060800 0.077600 0.061900 0.053200 0.068700
Steenbok 0.067200 0.523300 0.083500 0.210100 0.060600 0.067300 0.060200 0.036700 0.053100 0.107800 0.067700 0.092200 0.053400 0.075300 0.083600 0.036700 0.084200 0.076900 0.068400 0.068200 0.052600 0.060200 0.107400 0.107800 0.067700 0.029600 0.052800 0.053100 0.036800 0.053200 0.099900 0.068200 0.143400 0.037700 0.053100 0.075500 0.091700 0.060600 0.037100 0.092000 0.098800 0.029600 0.115800 0.132700 0.083200 0.068800 0.000000 0.068100 0.084900 0.053500 0.060500 0.075900
Impala 0.059400 0.451100 0.075500 0.239400 0.052800 0.065900 0.037200 0.075300 0.045300 0.083600 0.059900 0.068300 0.045500 0.052000 0.044600 0.075300 0.076100 0.068900 0.060400 0.060400 0.084600 0.052400 0.082900 0.083600 0.059900 0.068200 0.045000 0.045300 0.075500 0.045400 0.075800 0.044900 0.134600 0.030000 0.045300 0.052200 0.083500 0.052800 0.045100 0.068100 0.074700 0.068200 0.091400 0.107700 0.059700 0.060800 0.068100 0.000000 0.060900 0.061200 0.052700 0.068000
Klipspring 0.075600 0.541300 0.092400 0.242200 0.069200 0.075800 0.053000 0.092200 0.061600 0.100800 0.076300 0.085100 0.046100 0.068200 0.076500 0.092200 0.093200 0.085900 0.069200 0.077000 0.102000 0.068700 0.099700 0.100800 0.076300 0.085100 0.045600 0.061600 0.092500 0.061700 0.092900 0.061000 0.153600 0.045900 0.061500 0.068400 0.100700 0.069200 0.077200 0.077000 0.092500 0.085100 0.108800 0.125600 0.076200 0.077600 0.084900 0.060900 0.000000 0.077800 0.069100 0.084700
ForestMusk 0.060300 0.473800 0.068700 0.192200 0.053600 0.060500 0.053300 0.060900 0.038100 0.084700 0.060900 0.077200 0.046300 0.068500 0.076900 0.060800 0.069000 0.053800 0.061500 0.053400 0.077900 0.053300 0.084900 0.084700 0.060900 0.053600 0.052700 0.038100 0.061000 0.038200 0.076800 0.061300 0.119400 0.030500 0.046000 0.060700 0.084900 0.053600 0.068800 0.069000 0.076500 0.053600 0.092600 0.109100 0.068400 0.061900 0.053500 0.061200 0.077800 0.000000 0.045600 0.061000
Bushbuck 0.052000 0.468000 0.037100 0.219800 0.029900 0.052100 0.029700 0.067800 0.007300 0.083800 0.052400 0.044900 0.038000 0.044600 0.068000 0.067800 0.060500 0.053200 0.052900 0.022200 0.084800 0.044900 0.083900 0.083700 0.052400 0.060700 0.041100 0.007400 0.068000 0.007400 0.076000 0.037400 0.118000 0.022500 0.037700 0.029500 0.075900 0.029900 0.073800 0.068200 0.075700 0.060700 0.091600 0.107900 0.036900 0.053200 0.060500 0.052700 0.069100 0.045600 0.000000 0.029700
GreaterKud 0.044300 0.474900 0.051900 0.227300 0.044900 0.044400 0.060100 0.083200 0.022300 0.091500 0.060000 0.060100 0.045600 0.075200 0.075700 0.075400 0.075900 0.068700 0.068300 0.007200 0.100600 0.052500 0.091700 0.099400 0.060000 0.076100 0.049500 0.022300 0.075700 0.022100 0.083700 0.068100 0.134200 0.037700 0.053000 0.044300 0.083700 0.044900 0.089900 0.083700 0.091100 0.076100 0.099400 0.123700 0.051800 0.068700 0.075900 0.068000 0.084700 0.061000 0.029700 0.000000
