CODONML (in paml version 4.10.7, June 2023)  /home/rachel/ruminants_paml/6406-phy-tree/ENSBTAT00000035582.fasta.phy
Model: free dN/dS Ratios for branches,  kappa = 2.000 fixed

Codon frequency model: F3x4
ns =  54  ls =  14

Codon usage in sequences
--------------------------------------------------------------------------------------------------------------------------------------
Phe TTT   0   0   0   0   0   0 | Ser TCT   0   0   0   0   0   0 | Tyr TAT   0   1   1   1   1   1 | Cys TGT   0   0   0   0   0   0
    TTC   0   0   0   0   0   0 |     TCC   0   0   0   0   0   0 |     TAC   2   1   1   1   1   1 |     TGC   0   0   0   0   0   0
Leu TTA   0   0   0   0   0   0 |     TCA   0   0   0   0   0   0 | *** TAA   0   0   0   0   0   0 | *** TGA   0   0   0   0   0   0
    TTG   0   0   0   0   0   0 |     TCG   0   0   0   0   0   0 |     TAG   0   0   0   0   0   0 | Trp TGG   0   0   0   0   0   0
--------------------------------------------------------------------------------------------------------------------------------------
Leu CTT   0   0   0   0   0   0 | Pro CCT   0   0   0   0   0   0 | His CAT   0   0   0   0   0   0 | Arg CGT   0   0   0   0   0   0
    CTC   0   0   0   0   0   0 |     CCC   0   0   0   0   0   0 |     CAC   0   0   0   0   0   0 |     CGC   0   0   0   0   0   0
    CTA   0   0   0   0   0   0 |     CCA   0   0   0   0   0   0 | Gln CAA   0   0   0   0   0   0 |     CGA   0   0   0   0   0   0
    CTG   0   0   0   0   0   0 |     CCG   0   0   0   0   0   0 |     CAG   0   0   0   0   0   0 |     CGG   0   0   0   0   0   0
--------------------------------------------------------------------------------------------------------------------------------------
Ile ATT   0   0   0   0   0   0 | Thr ACT   0   0   0   0   0   0 | Asn AAT   1   1   1   1   1   1 | Ser AGT   0   0   0   0   0   0
    ATC   0   0   0   0   0   0 |     ACC   0   0   0   0   0   0 |     AAC   0   0   0   0   0   0 |     AGC   0   0   0   0   0   0
    ATA   0   0   0   0   0   0 |     ACA   1   2   2   2   2   2 | Lys AAA   0   0   0   0   1   0 | Arg AGA   1   1   1   1   1   1
Met ATG   2   2   2   2   2   2 |     ACG   1   0   0   0   0   0 |     AAG   1   1   1   1   0   1 |     AGG   0   0   0   0   0   0
--------------------------------------------------------------------------------------------------------------------------------------
Val GTT   0   0   0   0   0   0 | Ala GCT   2   2   2   2   1   2 | Asp GAT   1   1   1   1   1   1 | Gly GGT   0   0   0   0   0   0
    GTC   0   0   0   0   0   0 |     GCC   0   0   0   0   0   0 |     GAC   0   0   0   0   0   0 |     GGC   1   1   1   1   1   1
    GTA   1   1   1   1   1   1 |     GCA   0   0   0   0   0   0 | Glu GAA   0   0   0   0   0   0 |     GGA   0   0   0   0   0   0
    GTG   0   0   0   0   0   0 |     GCG   0   0   0   0   1   0 |     GAG   0   0   0   0   0   0 |     GGG   0   0   0   0   0   0
--------------------------------------------------------------------------------------------------------------------------------------

--------------------------------------------------------------------------------------------------------------------------------------
Phe TTT   0   0   0   0   0   0 | Ser TCT   0   0   0   0   0   0 | Tyr TAT   1   0   1   1   1   1 | Cys TGT   0   0   0   0   0   0
    TTC   0   0   0   0   0   0 |     TCC   0   0   0   0   0   0 |     TAC   1   2   1   1   1   1 |     TGC   0   0   0   0   0   0
Leu TTA   0   0   0   0   0   0 |     TCA   0   0   0   0   0   0 | *** TAA   0   0   0   0   0   0 | *** TGA   0   0   0   0   0   0
    TTG   0   0   0   0   0   0 |     TCG   0   0   0   0   0   0 |     TAG   0   0   0   0   0   0 | Trp TGG   0   0   0   0   0   0
--------------------------------------------------------------------------------------------------------------------------------------
Leu CTT   0   0   0   0   0   0 | Pro CCT   0   0   0   0   0   0 | His CAT   0   0   0   0   0   0 | Arg CGT   0   0   0   0   0   0
    CTC   0   0   0   0   0   0 |     CCC   0   0   0   0   0   0 |     CAC   0   0   0   0   0   0 |     CGC   0   0   0   0   0   0
    CTA   0   0   0   0   0   0 |     CCA   0   0   0   0   0   0 | Gln CAA   0   0   0   0   0   0 |     CGA   0   0   0   0   0   0
    CTG   0   0   0   0   0   0 |     CCG   0   0   0   0   0   0 |     CAG   0   0   0   0   0   0 |     CGG   0   0   0   0   0   0
--------------------------------------------------------------------------------------------------------------------------------------
Ile ATT   0   0   0   0   0   0 | Thr ACT   0   0   0   0   0   0 | Asn AAT   1   1   1   1   1   1 | Ser AGT   0   0   0   0   0   0
    ATC   0   0   0   0   0   0 |     ACC   0   0   0   0   0   0 |     AAC   0   0   0   0   0   0 |     AGC   0   0   0   0   0   0
    ATA   0   0   0   0   0   0 |     ACA   1   2   2   2   2   1 | Lys AAA   0   0   0   0   0   0 | Arg AGA   1   1   1   1   1   1
Met ATG   2   2   2   2   2   2 |     ACG   1   0   0   0   0   1 |     AAG   1   1   1   1   1   1 |     AGG   0   0   0   0   0   0
--------------------------------------------------------------------------------------------------------------------------------------
Val GTT   0   0   0   0   0   0 | Ala GCT   2   2   2   2   2   2 | Asp GAT   1   1   1   1   1   1 | Gly GGT   0   0   0   0   0   0
    GTC   0   0   0   1   0   0 |     GCC   0   0   0   0   0   0 |     GAC   0   0   0   0   0   0 |     GGC   1   1   1   1   1   1
    GTA   1   1   1   0   1   1 |     GCA   0   0   0   0   0   0 | Glu GAA   0   0   0   0   0   0 |     GGA   0   0   0   0   0   0
    GTG   0   0   0   0   0   0 |     GCG   0   0   0   0   0   0 |     GAG   0   0   0   0   0   0 |     GGG   0   0   0   0   0   0
--------------------------------------------------------------------------------------------------------------------------------------

--------------------------------------------------------------------------------------------------------------------------------------
Phe TTT   0   0   0   0   0   0 | Ser TCT   0   0   0   0   0   0 | Tyr TAT   0   1   1   1   1   1 | Cys TGT   0   0   0   0   0   0
    TTC   0   0   0   0   0   0 |     TCC   0   0   0   0   0   0 |     TAC   2   1   1   1   1   1 |     TGC   0   0   0   0   0   0
Leu TTA   0   0   0   0   0   0 |     TCA   0   0   0   0   0   0 | *** TAA   0   0   0   0   0   0 | *** TGA   0   0   0   0   0   0
    TTG   0   0   0   0   0   0 |     TCG   0   0   0   0   0   0 |     TAG   0   0   0   0   0   0 | Trp TGG   0   0   0   0   0   0
--------------------------------------------------------------------------------------------------------------------------------------
Leu CTT   0   0   0   0   0   0 | Pro CCT   0   0   0   0   0   0 | His CAT   0   0   0   0   0   0 | Arg CGT   0   0   0   0   0   0
    CTC   0   0   0   0   0   0 |     CCC   0   0   0   0   0   0 |     CAC   0   0   0   0   0   0 |     CGC   0   0   0   0   0   0
    CTA   0   0   0   0   0   0 |     CCA   0   0   0   0   0   0 | Gln CAA   0   0   0   0   0   0 |     CGA   0   0   0   0   0   0
    CTG   0   0   0   0   0   0 |     CCG   0   0   0   0   0   0 |     CAG   0   0   0   0   0   0 |     CGG   0   0   0   0   0   0
--------------------------------------------------------------------------------------------------------------------------------------
Ile ATT   0   0   0   0   0   0 | Thr ACT   0   0   0   0   0   0 | Asn AAT   1   1   1   1   1   1 | Ser AGT   0   0   0   0   0   0
    ATC   0   0   0   0   0   0 |     ACC   0   0   0   0   0   0 |     AAC   0   0   0   0   0   0 |     AGC   0   0   0   0   0   0
    ATA   0   0   0   0   0   0 |     ACA   1   1   2   1   1   1 | Lys AAA   0   0   0   0   0   0 | Arg AGA   1   1   1   1   1   1
Met ATG   2   2   2   2   2   2 |     ACG   1   1   0   1   1   1 |     AAG   1   1   1   1   1   1 |     AGG   0   0   0   0   0   0
--------------------------------------------------------------------------------------------------------------------------------------
Val GTT   0   0   0   0   0   0 | Ala GCT   2   2   2   2   2   2 | Asp GAT   1   1   1   1   1   1 | Gly GGT   0   0   0   0   0   0
    GTC   0   0   0   0   0   1 |     GCC   0   0   0   0   0   0 |     GAC   0   0   0   0   0   0 |     GGC   1   1   1   1   1   1
    GTA   1   1   1   1   1   0 |     GCA   0   0   0   0   0   0 | Glu GAA   0   0   0   0   0   0 |     GGA   0   0   0   0   0   0
    GTG   0   0   0   0   0   0 |     GCG   0   0   0   0   0   0 |     GAG   0   0   0   0   0   0 |     GGG   0   0   0   0   0   0
--------------------------------------------------------------------------------------------------------------------------------------

--------------------------------------------------------------------------------------------------------------------------------------
Phe TTT   0   0   0   0   0   0 | Ser TCT   0   0   0   0   0   0 | Tyr TAT   1   1   1   1   1   1 | Cys TGT   0   0   0   0   0   0
    TTC   0   0   0   0   0   0 |     TCC   0   0   0   0   0   0 |     TAC   1   1   1   1   1   1 |     TGC   0   0   0   0   0   0
Leu TTA   0   0   0   0   0   0 |     TCA   0   0   0   0   0   0 | *** TAA   0   0   0   0   0   0 | *** TGA   0   0   0   0   0   0
    TTG   0   0   0   0   0   0 |     TCG   0   0   0   0   0   0 |     TAG   0   0   0   0   0   0 | Trp TGG   0   0   0   0   0   0
--------------------------------------------------------------------------------------------------------------------------------------
Leu CTT   0   0   0   0   0   0 | Pro CCT   0   0   0   0   0   0 | His CAT   0   0   0   0   0   0 | Arg CGT   0   0   0   0   0   0
    CTC   0   0   0   0   0   0 |     CCC   0   0   0   0   0   0 |     CAC   0   0   0   0   0   0 |     CGC   0   0   0   0   0   0
    CTA   0   0   0   0   0   0 |     CCA   0   0   0   0   0   0 | Gln CAA   0   0   0   0   0   0 |     CGA   0   0   0   0   0   0
    CTG   0   0   0   0   0   0 |     CCG   0   0   0   0   0   0 |     CAG   0   0   0   0   0   0 |     CGG   0   0   0   0   0   0
--------------------------------------------------------------------------------------------------------------------------------------
Ile ATT   0   0   0   0   0   0 | Thr ACT   0   0   0   0   0   0 | Asn AAT   1   1   1   1   0   1 | Ser AGT   0   0   0   0   0   0
    ATC   0   0   0   0   0   0 |     ACC   0   0   0   0   0   0 |     AAC   0   0   0   0   1   0 |     AGC   0   0   0   0   0   0
    ATA   0   0   0   0   0   0 |     ACA   1   1   1   2   1   1 | Lys AAA   0   0   0   0   0   0 | Arg AGA   1   1   1   1   1   1
Met ATG   2   2   2   2   2   2 |     ACG   1   1   1   0   1   1 |     AAG   1   1   1   1   1   1 |     AGG   0   0   0   0   0   0
--------------------------------------------------------------------------------------------------------------------------------------
Val GTT   0   0   0   0   0   0 | Ala GCT   2   2   2   2   2   2 | Asp GAT   1   1   1   1   1   1 | Gly GGT   0   0   0   0   0   0
    GTC   0   0   0   0   1   0 |     GCC   0   0   0   0   0   0 |     GAC   0   0   0   0   0   0 |     GGC   1   1   1   1   1   1
    GTA   1   1   1   1   0   1 |     GCA   0   0   0   0   0   0 | Glu GAA   0   0   0   0   0   0 |     GGA   0   0   0   0   0   0
    GTG   0   0   0   0   0   0 |     GCG   0   0   0   0   0   0 |     GAG   0   0   0   0   0   0 |     GGG   0   0   0   0   0   0
--------------------------------------------------------------------------------------------------------------------------------------

--------------------------------------------------------------------------------------------------------------------------------------
Phe TTT   0   0   0   0   0   0 | Ser TCT   0   0   0   0   0   0 | Tyr TAT   1   1   0   1   1   1 | Cys TGT   0   0   0   0   0   0
    TTC   0   0   0   0   0   0 |     TCC   0   0   0   0   0   0 |     TAC   1   1   2   1   1   1 |     TGC   0   0   0   0   0   0
Leu TTA   0   0   0   0   0   0 |     TCA   0   0   0   0   0   0 | *** TAA   0   0   0   0   0   0 | *** TGA   0   0   0   0   0   0
    TTG   0   0   0   0   0   0 |     TCG   0   0   0   0   0   0 |     TAG   0   0   0   0   0   0 | Trp TGG   0   0   0   0   0   0
--------------------------------------------------------------------------------------------------------------------------------------
Leu CTT   0   0   0   0   0   0 | Pro CCT   0   0   0   0   0   0 | His CAT   0   0   0   0   0   0 | Arg CGT   0   0   0   0   0   0
    CTC   0   0   0   0   0   0 |     CCC   0   0   0   0   0   0 |     CAC   0   0   0   0   0   0 |     CGC   0   0   0   0   0   0
    CTA   0   0   0   0   0   0 |     CCA   0   0   0   0   0   0 | Gln CAA   0   0   0   0   0   0 |     CGA   0   0   0   0   0   0
    CTG   0   0   0   0   0   0 |     CCG   0   0   0   0   0   0 |     CAG   0   0   0   0   0   0 |     CGG   0   0   0   0   0   0
--------------------------------------------------------------------------------------------------------------------------------------
Ile ATT   0   0   0   0   0   0 | Thr ACT   0   0   0   0   0   0 | Asn AAT   1   1   1   1   1   1 | Ser AGT   0   0   0   0   0   0
    ATC   0   0   0   0   0   0 |     ACC   0   0   0   0   0   0 |     AAC   0   0   0   0   0   0 |     AGC   0   0   0   0   0   0
    ATA   0   0   0   0   0   0 |     ACA   1   1   1   1   1   2 | Lys AAA   0   0   0   0   0   0 | Arg AGA   1   1   1   1   1   1
Met ATG   2   2   2   2   2   2 |     ACG   1   1   1   1   1   0 |     AAG   1   1   1   1   1   1 |     AGG   0   0   0   0   0   0
--------------------------------------------------------------------------------------------------------------------------------------
Val GTT   0   0   0   0   0   0 | Ala GCT   2   2   2   2   2   2 | Asp GAT   1   1   1   1   1   1 | Gly GGT   0   0   0   0   0   0
    GTC   0   0   0   1   0   0 |     GCC   0   0   0   0   0   0 |     GAC   0   0   0   0   0   0 |     GGC   1   1   1   1   1   1
    GTA   1   1   1   0   1   1 |     GCA   0   0   0   0   0   0 | Glu GAA   0   0   0   0   0   0 |     GGA   0   0   0   0   0   0
    GTG   0   0   0   0   0   0 |     GCG   0   0   0   0   0   0 |     GAG   0   0   0   0   0   0 |     GGG   0   0   0   0   0   0
--------------------------------------------------------------------------------------------------------------------------------------

--------------------------------------------------------------------------------------------------------------------------------------
Phe TTT   0   0   0   0   0   0 | Ser TCT   0   0   0   0   0   0 | Tyr TAT   1   1   1   1   0   1 | Cys TGT   0   0   0   0   0   0
    TTC   0   0   0   0   0   0 |     TCC   0   0   0   0   0   0 |     TAC   1   1   1   1   2   1 |     TGC   0   0   0   0   0   0
Leu TTA   0   0   0   0   0   0 |     TCA   0   0   0   0   0   0 | *** TAA   0   0   0   0   0   0 | *** TGA   0   0   0   0   0   0
    TTG   0   0   0   0   0   0 |     TCG   0   0   0   0   0   0 |     TAG   0   0   0   0   0   0 | Trp TGG   0   0   0   0   0   0
--------------------------------------------------------------------------------------------------------------------------------------
Leu CTT   0   0   0   0   0   0 | Pro CCT   0   0   0   0   0   0 | His CAT   0   0   0   0   0   0 | Arg CGT   0   0   0   0   0   0
    CTC   0   0   0   0   0   0 |     CCC   0   0   0   0   0   0 |     CAC   0   0   0   0   0   0 |     CGC   0   0   0   0   0   0
    CTA   0   0   0   0   0   0 |     CCA   0   0   0   0   0   0 | Gln CAA   0   0   0   0   0   0 |     CGA   0   0   0   0   0   0
    CTG   0   0   0   0   0   0 |     CCG   0   0   0   0   0   0 |     CAG   0   0   0   0   0   0 |     CGG   0   0   0   0   0   0
--------------------------------------------------------------------------------------------------------------------------------------
Ile ATT   0   0   0   0   0   0 | Thr ACT   0   0   0   0   0   0 | Asn AAT   0   1   1   1   1   1 | Ser AGT   0   0   0   0   0   0
    ATC   0   0   0   0   0   0 |     ACC   0   0   0   0   0   0 |     AAC   1   0   0   0   0   0 |     AGC   0   0   0   0   0   0
    ATA   0   0   0   0   0   0 |     ACA   1   2   1   1   1   1 | Lys AAA   0   0   0   0   0   0 | Arg AGA   1   1   1   1   1   1
Met ATG   2   2   2   2   2   2 |     ACG   1   0   1   1   1   1 |     AAG   1   1   1   1   1   1 |     AGG   0   0   0   0   0   0
--------------------------------------------------------------------------------------------------------------------------------------
Val GTT   0   0   0   0   0   0 | Ala GCT   2   2   2   2   2   2 | Asp GAT   1   1   1   1   1   1 | Gly GGT   0   0   0   0   0   0
    GTC   1   0   0   0   0   0 |     GCC   0   0   0   0   0   0 |     GAC   0   0   0   0   0   0 |     GGC   1   1   1   1   1   1
    GTA   0   1   1   1   1   1 |     GCA   0   0   0   0   0   0 | Glu GAA   0   0   0   0   0   0 |     GGA   0   0   0   0   0   0
    GTG   0   0   0   0   0   0 |     GCG   0   0   0   0   0   0 |     GAG   0   0   0   0   0   0 |     GGG   0   0   0   0   0   0
--------------------------------------------------------------------------------------------------------------------------------------

--------------------------------------------------------------------------------------------------------------------------------------
Phe TTT   0   0   0   0   0   0 | Ser TCT   0   0   0   0   0   0 | Tyr TAT   1   1   0   1   1   1 | Cys TGT   0   0   0   0   0   0
    TTC   0   0   0   0   0   0 |     TCC   0   0   0   0   0   0 |     TAC   1   1   2   1   1   1 |     TGC   0   0   0   0   0   0
Leu TTA   0   0   0   0   0   0 |     TCA   0   0   0   0   0   0 | *** TAA   0   0   0   0   0   0 | *** TGA   0   0   0   0   0   0
    TTG   0   0   0   0   0   0 |     TCG   0   0   0   0   0   0 |     TAG   0   0   0   0   0   0 | Trp TGG   0   0   0   0   0   0
--------------------------------------------------------------------------------------------------------------------------------------
Leu CTT   0   0   0   0   0   0 | Pro CCT   0   0   0   0   0   0 | His CAT   0   0   0   0   0   0 | Arg CGT   0   0   0   0   0   0
    CTC   0   0   0   0   0   0 |     CCC   0   0   0   0   0   0 |     CAC   0   0   0   0   0   0 |     CGC   0   0   0   0   0   0
    CTA   0   0   0   0   0   0 |     CCA   0   0   0   0   0   0 | Gln CAA   0   0   0   0   0   0 |     CGA   0   0   0   0   0   0
    CTG   0   0   0   0   0   0 |     CCG   0   0   0   0   0   0 |     CAG   0   0   0   0   0   0 |     CGG   0   0   0   0   0   0
--------------------------------------------------------------------------------------------------------------------------------------
Ile ATT   0   0   0   0   0   0 | Thr ACT   0   0   0   0   0   0 | Asn AAT   1   1   1   1   1   1 | Ser AGT   0   0   0   0   0   0
    ATC   0   0   0   0   0   0 |     ACC   0   0   0   0   0   0 |     AAC   0   0   0   0   0   0 |     AGC   0   0   0   0   0   0
    ATA   0   0   0   0   0   0 |     ACA   1   1   1   1   1   1 | Lys AAA   0   0   0   0   0   0 | Arg AGA   1   1   1   1   1   1
Met ATG   2   2   2   2   2   2 |     ACG   1   1   1   1   1   1 |     AAG   1   1   1   1   1   1 |     AGG   0   0   0   0   0   0
--------------------------------------------------------------------------------------------------------------------------------------
Val GTT   0   0   0   0   0   0 | Ala GCT   2   2   2   2   2   2 | Asp GAT   1   1   1   1   1   1 | Gly GGT   0   0   0   0   0   0
    GTC   0   0   0   0   0   0 |     GCC   0   0   0   0   0   0 |     GAC   0   0   0   0   0   0 |     GGC   1   1   1   1   1   1
    GTA   1   1   1   1   1   1 |     GCA   0   0   0   0   0   0 | Glu GAA   0   0   0   0   0   0 |     GGA   0   0   0   0   0   0
    GTG   0   0   0   0   0   0 |     GCG   0   0   0   0   0   0 |     GAG   0   0   0   0   0   0 |     GGG   0   0   0   0   0   0
--------------------------------------------------------------------------------------------------------------------------------------

--------------------------------------------------------------------------------------------------------------------------------------
Phe TTT   0   0   0   0   0   0 | Ser TCT   0   0   0   0   0   0 | Tyr TAT   1   1   1   1   1   1 | Cys TGT   0   0   0   0   0   0
    TTC   0   0   0   0   0   0 |     TCC   0   0   0   0   0   0 |     TAC   1   1   1   1   1   1 |     TGC   0   0   0   0   0   0
Leu TTA   0   0   0   0   0   0 |     TCA   0   0   0   0   0   0 | *** TAA   0   0   0   0   0   0 | *** TGA   0   0   0   0   0   0
    TTG   0   0   0   0   0   0 |     TCG   0   0   0   0   0   0 |     TAG   0   0   0   0   0   0 | Trp TGG   0   0   0   0   0   0
--------------------------------------------------------------------------------------------------------------------------------------
Leu CTT   0   0   0   0   0   0 | Pro CCT   0   0   0   0   0   0 | His CAT   0   0   0   0   0   0 | Arg CGT   0   0   0   0   0   0
    CTC   0   0   0   0   0   0 |     CCC   0   0   0   0   0   0 |     CAC   0   0   0   0   0   0 |     CGC   0   0   0   0   0   0
    CTA   0   0   0   0   0   0 |     CCA   0   0   0   0   0   0 | Gln CAA   0   0   0   0   0   0 |     CGA   0   0   0   0   0   0
    CTG   0   0   0   0   0   0 |     CCG   0   0   0   0   0   0 |     CAG   0   0   0   0   0   0 |     CGG   0   0   0   0   0   0
--------------------------------------------------------------------------------------------------------------------------------------
Ile ATT   0   0   0   0   0   0 | Thr ACT   0   0   0   0   0   0 | Asn AAT   1   1   1   1   1   1 | Ser AGT   0   0   0   0   0   0
    ATC   0   0   0   0   0   0 |     ACC   0   0   0   0   0   0 |     AAC   0   0   0   0   0   0 |     AGC   0   0   0   0   0   0
    ATA   0   0   0   0   0   0 |     ACA   1   1   1   1   1   1 | Lys AAA   0   0   0   0   0   0 | Arg AGA   1   1   1   1   1   1
Met ATG   2   2   2   2   2   2 |     ACG   1   1   1   1   1   1 |     AAG   1   1   1   1   1   1 |     AGG   0   0   0   0   0   0
--------------------------------------------------------------------------------------------------------------------------------------
Val GTT   0   0   0   0   0   0 | Ala GCT   2   2   2   2   2   2 | Asp GAT   1   1   1   1   1   1 | Gly GGT   0   0   0   0   0   0
    GTC   0   1   0   0   0   0 |     GCC   0   0   0   0   0   0 |     GAC   0   0   0   0   0   0 |     GGC   1   1   1   1   1   1
    GTA   1   0   1   1   1   1 |     GCA   0   0   0   0   0   0 | Glu GAA   0   0   0   0   0   0 |     GGA   0   0   0   0   0   0
    GTG   0   0   0   0   0   0 |     GCG   0   0   0   0   0   0 |     GAG   0   0   0   0   0   0 |     GGG   0   0   0   0   0   0
--------------------------------------------------------------------------------------------------------------------------------------

--------------------------------------------------------------------------------------------------------------------------------------
Phe TTT   0   0   0   0   0   0 | Ser TCT   0   0   0   0   0   0 | Tyr TAT   1   1   1   1   1   1 | Cys TGT   0   0   0   0   0   0
    TTC   0   0   0   0   0   0 |     TCC   0   0   0   0   0   0 |     TAC   1   1   1   1   1   1 |     TGC   0   0   0   0   0   0
Leu TTA   0   0   0   0   0   0 |     TCA   0   0   0   0   0   0 | *** TAA   0   0   0   0   0   0 | *** TGA   0   0   0   0   0   0
    TTG   0   0   0   0   0   0 |     TCG   0   0   0   0   0   0 |     TAG   0   0   0   0   0   0 | Trp TGG   0   0   0   0   0   0
--------------------------------------------------------------------------------------------------------------------------------------
Leu CTT   0   0   0   0   0   0 | Pro CCT   0   0   0   0   0   0 | His CAT   0   0   0   0   0   0 | Arg CGT   0   0   0   0   0   0
    CTC   0   0   0   0   0   0 |     CCC   0   0   0   0   0   0 |     CAC   0   0   0   0   0   0 |     CGC   0   0   0   0   0   0
    CTA   0   0   0   0   0   0 |     CCA   0   0   0   0   0   0 | Gln CAA   0   0   0   0   0   0 |     CGA   0   0   0   0   0   0
    CTG   0   0   0   0   0   0 |     CCG   0   0   0   0   0   0 |     CAG   0   0   0   0   0   0 |     CGG   0   0   0   0   0   0
--------------------------------------------------------------------------------------------------------------------------------------
Ile ATT   0   0   0   0   0   0 | Thr ACT   0   0   0   0   0   0 | Asn AAT   1   1   1   1   1   1 | Ser AGT   0   0   0   0   0   0
    ATC   0   0   0   0   0   0 |     ACC   0   0   0   0   0   0 |     AAC   0   0   0   0   0   0 |     AGC   0   0   0   0   0   0
    ATA   0   0   0   0   0   0 |     ACA   1   1   1   2   2   2 | Lys AAA   0   0   0   0   0   0 | Arg AGA   1   1   1   1   1   1
Met ATG   2   2   2   2   2   2 |     ACG   1   1   1   0   0   0 |     AAG   1   1   1   1   1   1 |     AGG   0   0   0   0   0   0
--------------------------------------------------------------------------------------------------------------------------------------
Val GTT   0   0   0   0   0   0 | Ala GCT   2   2   2   2   2   2 | Asp GAT   1   1   1   1   1   1 | Gly GGT   0   0   0   0   0   0
    GTC   0   0   0   0   0   0 |     GCC   0   0   0   0   0   0 |     GAC   0   0   0   0   0   0 |     GGC   1   1   1   1   1   1
    GTA   1   1   0   1   1   1 |     GCA   0   0   0   0   0   0 | Glu GAA   0   0   0   0   0   0 |     GGA   0   0   0   0   0   0
    GTG   0   0   1   0   0   0 |     GCG   0   0   0   0   0   0 |     GAG   0   0   0   0   0   0 |     GGG   0   0   0   0   0   0
--------------------------------------------------------------------------------------------------------------------------------------

Codon position x base (3x4) table for each sequence.

#1: Argali         
position  1:    T:0.14286    C:0.00000    A:0.50000    G:0.35714
position  2:    T:0.21429    C:0.28571    A:0.35714    G:0.14286
position  3:    T:0.28571    C:0.21429    A:0.21429    G:0.28571
Average         T:0.21429    C:0.16667    A:0.35714    G:0.26190

#2: LesserMouseDeer
position  1:    T:0.14286    C:0.00000    A:0.50000    G:0.35714
position  2:    T:0.21429    C:0.28571    A:0.35714    G:0.14286
position  3:    T:0.35714    C:0.14286    A:0.28571    G:0.21429
Average         T:0.23810    C:0.14286    A:0.38095    G:0.23810

#3: LesserKudu     
position  1:    T:0.14286    C:0.00000    A:0.50000    G:0.35714
position  2:    T:0.21429    C:0.28571    A:0.35714    G:0.14286
position  3:    T:0.35714    C:0.14286    A:0.28571    G:0.21429
Average         T:0.23810    C:0.14286    A:0.38095    G:0.23810

#4: ForestMuskDeer2
position  1:    T:0.14286    C:0.00000    A:0.50000    G:0.35714
position  2:    T:0.21429    C:0.28571    A:0.35714    G:0.14286
position  3:    T:0.35714    C:0.14286    A:0.28571    G:0.21429
Average         T:0.23810    C:0.14286    A:0.38095    G:0.23810

#5: Camel          
position  1:    T:0.14286    C:0.00000    A:0.50000    G:0.35714
position  2:    T:0.21429    C:0.28571    A:0.35714    G:0.14286
position  3:    T:0.28571    C:0.14286    A:0.35714    G:0.21429
Average         T:0.21429    C:0.14286    A:0.40476    G:0.23810

#6: KillerWhale    
position  1:    T:0.14286    C:0.00000    A:0.50000    G:0.35714
position  2:    T:0.21429    C:0.28571    A:0.35714    G:0.14286
position  3:    T:0.35714    C:0.14286    A:0.28571    G:0.21429
Average         T:0.23810    C:0.14286    A:0.38095    G:0.23810

#7: DefassaWaterbuck
position  1:    T:0.14286    C:0.00000    A:0.50000    G:0.35714
position  2:    T:0.21429    C:0.28571    A:0.35714    G:0.14286
position  3:    T:0.35714    C:0.14286    A:0.21429    G:0.28571
Average         T:0.23810    C:0.14286    A:0.35714    G:0.26190

#8: Sheep          
position  1:    T:0.14286    C:0.00000    A:0.50000    G:0.35714
position  2:    T:0.21429    C:0.28571    A:0.35714    G:0.14286
position  3:    T:0.28571    C:0.21429    A:0.28571    G:0.21429
Average         T:0.21429    C:0.16667    A:0.38095    G:0.23810

#9: MaxwellsDuiker 
position  1:    T:0.14286    C:0.00000    A:0.50000    G:0.35714
position  2:    T:0.21429    C:0.28571    A:0.35714    G:0.14286
position  3:    T:0.35714    C:0.14286    A:0.28571    G:0.21429
Average         T:0.23810    C:0.14286    A:0.38095    G:0.23810

#10: GazellaPrzewalskyi
position  1:    T:0.14286    C:0.00000    A:0.50000    G:0.35714
position  2:    T:0.21429    C:0.28571    A:0.35714    G:0.14286
position  3:    T:0.35714    C:0.21429    A:0.21429    G:0.21429
Average         T:0.23810    C:0.16667    A:0.35714    G:0.23810

#11: MountainNyala  
position  1:    T:0.14286    C:0.00000    A:0.50000    G:0.35714
position  2:    T:0.21429    C:0.28571    A:0.35714    G:0.14286
position  3:    T:0.35714    C:0.14286    A:0.28571    G:0.21429
Average         T:0.23810    C:0.14286    A:0.38095    G:0.23810

#12: MuntiacusMuntjak
position  1:    T:0.14286    C:0.00000    A:0.50000    G:0.35714
position  2:    T:0.21429    C:0.28571    A:0.35714    G:0.14286
position  3:    T:0.35714    C:0.14286    A:0.21429    G:0.28571
Average         T:0.23810    C:0.14286    A:0.35714    G:0.26190

#13: goat           
position  1:    T:0.14286    C:0.00000    A:0.50000    G:0.35714
position  2:    T:0.21429    C:0.28571    A:0.35714    G:0.14286
position  3:    T:0.28571    C:0.21429    A:0.21429    G:0.28571
Average         T:0.21429    C:0.16667    A:0.35714    G:0.26190

#14: AfricanBuffalo 
position  1:    T:0.14286    C:0.00000    A:0.50000    G:0.35714
position  2:    T:0.21429    C:0.28571    A:0.35714    G:0.14286
position  3:    T:0.35714    C:0.14286    A:0.21429    G:0.28571
Average         T:0.23810    C:0.14286    A:0.35714    G:0.26190

#15: Topi           
position  1:    T:0.14286    C:0.00000    A:0.50000    G:0.35714
position  2:    T:0.21429    C:0.28571    A:0.35714    G:0.14286
position  3:    T:0.35714    C:0.14286    A:0.28571    G:0.21429
Average         T:0.23810    C:0.14286    A:0.38095    G:0.23810

#16: CommonDuiker   
position  1:    T:0.14286    C:0.00000    A:0.50000    G:0.35714
position  2:    T:0.21429    C:0.28571    A:0.35714    G:0.14286
position  3:    T:0.35714    C:0.14286    A:0.21429    G:0.28571
Average         T:0.23810    C:0.14286    A:0.35714    G:0.26190

#17: Suni           
position  1:    T:0.14286    C:0.00000    A:0.50000    G:0.35714
position  2:    T:0.21429    C:0.28571    A:0.35714    G:0.14286
position  3:    T:0.35714    C:0.14286    A:0.21429    G:0.28571
Average         T:0.23810    C:0.14286    A:0.35714    G:0.26190

#18: Springbuck     
position  1:    T:0.14286    C:0.00000    A:0.50000    G:0.35714
position  2:    T:0.21429    C:0.28571    A:0.35714    G:0.14286
position  3:    T:0.35714    C:0.21429    A:0.14286    G:0.28571
Average         T:0.23810    C:0.16667    A:0.33333    G:0.26190

#19: Okapi          
position  1:    T:0.14286    C:0.00000    A:0.50000    G:0.35714
position  2:    T:0.21429    C:0.28571    A:0.35714    G:0.14286
position  3:    T:0.35714    C:0.14286    A:0.21429    G:0.28571
Average         T:0.23810    C:0.14286    A:0.35714    G:0.26190

#20: Giraffe        
position  1:    T:0.14286    C:0.00000    A:0.50000    G:0.35714
position  2:    T:0.21429    C:0.28571    A:0.35714    G:0.14286
position  3:    T:0.35714    C:0.14286    A:0.21429    G:0.28571
Average         T:0.23810    C:0.14286    A:0.35714    G:0.26190

#21: TibetanAntelope
position  1:    T:0.14286    C:0.00000    A:0.50000    G:0.35714
position  2:    T:0.21429    C:0.28571    A:0.35714    G:0.14286
position  3:    T:0.35714    C:0.14286    A:0.21429    G:0.28571
Average         T:0.23810    C:0.14286    A:0.35714    G:0.26190

#22: Sitatunga      
position  1:    T:0.14286    C:0.00000    A:0.50000    G:0.35714
position  2:    T:0.21429    C:0.28571    A:0.35714    G:0.14286
position  3:    T:0.35714    C:0.14286    A:0.28571    G:0.21429
Average         T:0.23810    C:0.14286    A:0.38095    G:0.23810

#23: Oribi          
position  1:    T:0.14286    C:0.00000    A:0.50000    G:0.35714
position  2:    T:0.21429    C:0.28571    A:0.35714    G:0.14286
position  3:    T:0.28571    C:0.28571    A:0.14286    G:0.28571
Average         T:0.21429    C:0.19048    A:0.33333    G:0.26190

#24: BarbarySheep   
position  1:    T:0.14286    C:0.00000    A:0.50000    G:0.35714
position  2:    T:0.21429    C:0.28571    A:0.35714    G:0.14286
position  3:    T:0.35714    C:0.14286    A:0.21429    G:0.28571
Average         T:0.23810    C:0.14286    A:0.35714    G:0.26190

#25: Daviddeer      
position  1:    T:0.14286    C:0.00000    A:0.50000    G:0.35714
position  2:    T:0.21429    C:0.28571    A:0.35714    G:0.14286
position  3:    T:0.35714    C:0.14286    A:0.21429    G:0.28571
Average         T:0.23810    C:0.14286    A:0.35714    G:0.26190

#26: Reindeer       
position  1:    T:0.14286    C:0.00000    A:0.50000    G:0.35714
position  2:    T:0.21429    C:0.28571    A:0.35714    G:0.14286
position  3:    T:0.35714    C:0.14286    A:0.21429    G:0.28571
Average         T:0.23810    C:0.14286    A:0.35714    G:0.26190

#27: Ibex           
position  1:    T:0.14286    C:0.00000    A:0.50000    G:0.35714
position  2:    T:0.21429    C:0.28571    A:0.35714    G:0.14286
position  3:    T:0.28571    C:0.21429    A:0.21429    G:0.28571
Average         T:0.21429    C:0.16667    A:0.35714    G:0.26190

#28: GyrantGazelle  
position  1:    T:0.14286    C:0.00000    A:0.50000    G:0.35714
position  2:    T:0.21429    C:0.28571    A:0.35714    G:0.14286
position  3:    T:0.35714    C:0.21429    A:0.14286    G:0.28571
Average         T:0.23810    C:0.16667    A:0.33333    G:0.26190

#29: Hartebeest     
position  1:    T:0.14286    C:0.00000    A:0.50000    G:0.35714
position  2:    T:0.21429    C:0.28571    A:0.35714    G:0.14286
position  3:    T:0.35714    C:0.14286    A:0.21429    G:0.28571
Average         T:0.23810    C:0.14286    A:0.35714    G:0.26190

#30: Bongo          
position  1:    T:0.14286    C:0.00000    A:0.50000    G:0.35714
position  2:    T:0.21429    C:0.28571    A:0.35714    G:0.14286
position  3:    T:0.35714    C:0.14286    A:0.28571    G:0.21429
Average         T:0.23810    C:0.14286    A:0.38095    G:0.23810

#31: Gerenuk        
position  1:    T:0.14286    C:0.00000    A:0.50000    G:0.35714
position  2:    T:0.21429    C:0.28571    A:0.35714    G:0.14286
position  3:    T:0.28571    C:0.28571    A:0.14286    G:0.28571
Average         T:0.21429    C:0.19048    A:0.33333    G:0.26190

#32: CommonEland    
position  1:    T:0.14286    C:0.00000    A:0.50000    G:0.35714
position  2:    T:0.21429    C:0.28571    A:0.35714    G:0.14286
position  3:    T:0.35714    C:0.14286    A:0.28571    G:0.21429
Average         T:0.23810    C:0.14286    A:0.38095    G:0.23810

#33: MuntiacusReevesi
position  1:    T:0.14286    C:0.00000    A:0.50000    G:0.35714
position  2:    T:0.21429    C:0.28571    A:0.35714    G:0.14286
position  3:    T:0.35714    C:0.14286    A:0.21429    G:0.28571
Average         T:0.23810    C:0.14286    A:0.35714    G:0.26190

#34: HarveysDuiker  
position  1:    T:0.14286    C:0.00000    A:0.50000    G:0.35714
position  2:    T:0.21429    C:0.28571    A:0.35714    G:0.14286
position  3:    T:0.35714    C:0.14286    A:0.21429    G:0.28571
Average         T:0.23810    C:0.14286    A:0.35714    G:0.26190

#35: Pronghorn      
position  1:    T:0.14286    C:0.00000    A:0.50000    G:0.35714
position  2:    T:0.21429    C:0.28571    A:0.35714    G:0.14286
position  3:    T:0.28571    C:0.21429    A:0.21429    G:0.28571
Average         T:0.21429    C:0.16667    A:0.35714    G:0.26190

#36: BlueWildebeest 
position  1:    T:0.14286    C:0.00000    A:0.50000    G:0.35714
position  2:    T:0.21429    C:0.28571    A:0.35714    G:0.14286
position  3:    T:0.35714    C:0.14286    A:0.21429    G:0.28571
Average         T:0.23810    C:0.14286    A:0.35714    G:0.26190

#37: Gemsbok        
position  1:    T:0.14286    C:0.00000    A:0.50000    G:0.35714
position  2:    T:0.21429    C:0.28571    A:0.35714    G:0.14286
position  3:    T:0.35714    C:0.14286    A:0.21429    G:0.28571
Average         T:0.23810    C:0.14286    A:0.35714    G:0.26190

#38: Yak            
position  1:    T:0.14286    C:0.00000    A:0.50000    G:0.35714
position  2:    T:0.21429    C:0.28571    A:0.35714    G:0.14286
position  3:    T:0.35714    C:0.14286    A:0.21429    G:0.28571
Average         T:0.23810    C:0.14286    A:0.35714    G:0.26190

#39: BlueSheep      
position  1:    T:0.14286    C:0.00000    A:0.50000    G:0.35714
position  2:    T:0.21429    C:0.28571    A:0.35714    G:0.14286
position  3:    T:0.28571    C:0.21429    A:0.21429    G:0.28571
Average         T:0.21429    C:0.16667    A:0.35714    G:0.26190

#40: BohorReedbuck  
position  1:    T:0.14286    C:0.00000    A:0.50000    G:0.35714
position  2:    T:0.21429    C:0.28571    A:0.35714    G:0.14286
position  3:    T:0.35714    C:0.14286    A:0.21429    G:0.28571
Average         T:0.23810    C:0.14286    A:0.35714    G:0.26190

#41: KirksDik       
position  1:    T:0.14286    C:0.00000    A:0.50000    G:0.35714
position  2:    T:0.21429    C:0.28571    A:0.35714    G:0.14286
position  3:    T:0.35714    C:0.14286    A:0.21429    G:0.28571
Average         T:0.23810    C:0.14286    A:0.35714    G:0.26190

#42: RoeDeer        
position  1:    T:0.14286    C:0.00000    A:0.50000    G:0.35714
position  2:    T:0.21429    C:0.28571    A:0.35714    G:0.14286
position  3:    T:0.35714    C:0.14286    A:0.21429    G:0.28571
Average         T:0.23810    C:0.14286    A:0.35714    G:0.26190

#43: WhiteLippedDeer
position  1:    T:0.14286    C:0.00000    A:0.50000    G:0.35714
position  2:    T:0.21429    C:0.28571    A:0.35714    G:0.14286
position  3:    T:0.35714    C:0.14286    A:0.21429    G:0.28571
Average         T:0.23810    C:0.14286    A:0.35714    G:0.26190

#44: ThomsonGazelle 
position  1:    T:0.14286    C:0.00000    A:0.50000    G:0.35714
position  2:    T:0.21429    C:0.28571    A:0.35714    G:0.14286
position  3:    T:0.35714    C:0.21429    A:0.14286    G:0.28571
Average         T:0.23810    C:0.16667    A:0.33333    G:0.26190

#45: MuntiacusCrinifrons
position  1:    T:0.14286    C:0.00000    A:0.50000    G:0.35714
position  2:    T:0.21429    C:0.28571    A:0.35714    G:0.14286
position  3:    T:0.35714    C:0.14286    A:0.21429    G:0.28571
Average         T:0.23810    C:0.14286    A:0.35714    G:0.26190

#46: WhiteTailedDeer
position  1:    T:0.14286    C:0.00000    A:0.50000    G:0.35714
position  2:    T:0.21429    C:0.28571    A:0.35714    G:0.14286
position  3:    T:0.35714    C:0.14286    A:0.21429    G:0.28571
Average         T:0.23810    C:0.14286    A:0.35714    G:0.26190

#47: Cattle         
position  1:    T:0.14286    C:0.00000    A:0.50000    G:0.35714
position  2:    T:0.21429    C:0.28571    A:0.35714    G:0.14286
position  3:    T:0.35714    C:0.14286    A:0.21429    G:0.28571
Average         T:0.23810    C:0.14286    A:0.35714    G:0.26190

#48: RoyalAntelope  
position  1:    T:0.14286    C:0.00000    A:0.50000    G:0.35714
position  2:    T:0.21429    C:0.28571    A:0.35714    G:0.14286
position  3:    T:0.35714    C:0.14286    A:0.21429    G:0.28571
Average         T:0.23810    C:0.14286    A:0.35714    G:0.26190

#49: Steenbok       
position  1:    T:0.14286    C:0.00000    A:0.50000    G:0.35714
position  2:    T:0.21429    C:0.28571    A:0.35714    G:0.14286
position  3:    T:0.35714    C:0.14286    A:0.21429    G:0.28571
Average         T:0.23810    C:0.14286    A:0.35714    G:0.26190

#50: Impala         
position  1:    T:0.14286    C:0.00000    A:0.50000    G:0.35714
position  2:    T:0.21429    C:0.28571    A:0.35714    G:0.14286
position  3:    T:0.35714    C:0.14286    A:0.21429    G:0.28571
Average         T:0.23810    C:0.14286    A:0.35714    G:0.26190

#51: Klipspringer   
position  1:    T:0.14286    C:0.00000    A:0.50000    G:0.35714
position  2:    T:0.21429    C:0.28571    A:0.35714    G:0.14286
