CODONML (in paml version 4.10.7, June 2023)  /home/rachel/ruminants_paml/6406-phy-tree/ENSBTAT00000020353.fasta.phy
Model: free dN/dS Ratios for branches,  kappa = 2.000 fixed

Codon frequency model: F3x4
ns =  54  ls =  65

Codon usage in sequences
--------------------------------------------------------------------------------------------------------------------------------------
Phe TTT   0   1   1   1   1   1 | Ser TCT   2   2   2   2   2   2 | Tyr TAT   4   3   4   4   3   4 | Cys TGT   1   1   1   1   2   1
    TTC   1   0   0   0   0   0 |     TCC   1   0   1   0   0   0 |     TAC   2   2   2   2   2   2 |     TGC   0   0   0   0   0   0
Leu TTA   0   0   0   0   0   0 |     TCA   1   2   1   1   2   2 | *** TAA   0   0   0   0   0   0 | *** TGA   0   0   0   0   0   0
    TTG   0   0   0   0   0   0 |     TCG   0   0   0   1   0   0 |     TAG   0   0   0   0   0   0 | Trp TGG   0   0   0   0   0   0
--------------------------------------------------------------------------------------------------------------------------------------
Leu CTT   1   1   1   1   1   1 | Pro CCT   0   0   0   0   0   0 | His CAT   1   1   1   1   1   1 | Arg CGT   1   1   1   1   1   1
    CTC   0   0   0   0   0   0 |     CCC   0   0   0   0   0   0 |     CAC   0   0   0   0   0   0 |     CGC   0   0   0   0   0   0
    CTA   2   1   1   1   1   2 |     CCA   2   2   2   2   2   1 | Gln CAA   0   0   0   0   0   0 |     CGA   0   0   0   0   0   0
    CTG   3   4   4   4   4   4 |     CCG   0   0   0   0   0   0 |     CAG   1   1   1   1   1   1 |     CGG   0   0   0   0   0   0
--------------------------------------------------------------------------------------------------------------------------------------
Ile ATT   3   3   3   3   3   3 | Thr ACT   1   1   1   1   2   2 | Asn AAT   0   0   0   0   0   0 | Ser AGT   1   1   1   0   0   0
    ATC   0   0   0   0   0   0 |     ACC   1   1   1   1   1   1 |     AAC   1   1   1   1   1   1 |     AGC   0   0   0   1   0   0
    ATA   1   1   1   1   1   1 |     ACA   4   3   3   4   3   4 | Lys AAA   2   1   2   2   2   2 | Arg AGA   1   1   1   1   1   1
Met ATG   5   5   5   5   5   4 |     ACG   1   2   2   1   2   2 |     AAG   1   2   1   1   1   1 |     AGG   0   0   0   0   0   0
--------------------------------------------------------------------------------------------------------------------------------------
Val GTT   0   0   0   0   0   0 | Ala GCT   1   0   1   1   1   1 | Asp GAT   1   1   1   1   1   1 | Gly GGT   1   1   1   1   1   1
    GTC   1   1   1   1   1   1 |     GCC   3   4   3   3   3   2 |     GAC   0   1   0   0   0   1 |     GGC   0   1   0   0   0   0
    GTA   0   0   0   0   0   0 |     GCA   0   1   1   1   2   2 | Glu GAA   5   4   5   6   6   6 |     GGA   1   0   1   1   1   1
    GTG   3   3   4   4   3   3 |     GCG   2   1   0   0   0   0 |     GAG   2   3   2   1   1   1 |     GGG   0   0   0   0   0   0
--------------------------------------------------------------------------------------------------------------------------------------

--------------------------------------------------------------------------------------------------------------------------------------
Phe TTT   1   0   1   1   1   1 | Ser TCT   2   3   4   2   2   2 | Tyr TAT   4   3   2   4   4   4 | Cys TGT   1   1   2   1   1   1
    TTC   0   1   0   0   0   0 |     TCC   1   1   0   1   1   0 |     TAC   2   2   2   2   2   2 |     TGC   0   0   0   0   0   0
Leu TTA   0   0   0   0   0   0 |     TCA   1   1   1   1   1   2 | *** TAA   0   0   0   0   0   0 | *** TGA   0   0   0   0   0   0
    TTG   0   0   0   0   0   0 |     TCG   0   0   0   0   0   0 |     TAG   0   0   0   0   0   0 | Trp TGG   0   0   0   0   0   0
--------------------------------------------------------------------------------------------------------------------------------------
Leu CTT   1   1   1   1   1   1 | Pro CCT   0   0   0   0   0   0 | His CAT   1   1   2   1   1   1 | Arg CGT   1   1   0   1   1   1
    CTC   0   0   0   0   0   0 |     CCC   0   0   0   0   0   0 |     CAC   0   0   0   0   0   0 |     CGC   0   0   0   0   0   0
    CTA   2   2   1   3   1   1 |     CCA   2   2   2   2   2   2 | Gln CAA   0   0   0   0   0   0 |     CGA   0   0   0   0   0   0
    CTG   3   3   4   2   4   4 |     CCG   0   0   0   0   0   0 |     CAG   1   1   1   1   1   1 |     CGG   0   0   0   0   0   0
--------------------------------------------------------------------------------------------------------------------------------------
Ile ATT   3   3   3   3   3   3 | Thr ACT   1   1   1   1   1   1 | Asn AAT   0   0   0   0   0   0 | Ser AGT   1   1   1   1   1   1
    ATC   0   0   0   0   0   0 |     ACC   1   1   1   1   1   1 |     AAC   1   1   1   1   1   1 |     AGC   0   0   0   0   0   0
    ATA   1   1   1   1   1   1 |     ACA   5   4   4   5   3   5 | Lys AAA   2   2   2   2   2   2 | Arg AGA   1   1   1   1   1   0
Met ATG   5   5   6   5   5   5 |     ACG   0   1   1   0   2   0 |     AAG   1   1   1   1   1   1 |     AGG   0   0   0   0   0   1
--------------------------------------------------------------------------------------------------------------------------------------
Val GTT   0   0   0   0   0   0 | Ala GCT   1   1   1   1   1   1 | Asp GAT   1   2   1   1   1   1 | Gly GGT   1   0   1   1   1   1
    GTC   1   1   2   1   1   1 |     GCC   3   3   2   3   3   3 |     GAC   0   0   0   0   0   0 |     GGC   0   0   0   0   0   0
    GTA   0   0   0   0   0   0 |     GCA   0   0   0   1   1   1 | Glu GAA   5   5   6   5   5   5 |     GGA   1   1   1   1   1   1
    GTG   3   3   2   3   4   4 |     GCG   2   2   2   1   0   0 |     GAG   2   2   1   2   2   2 |     GGG   0   0   0   0   0   0
--------------------------------------------------------------------------------------------------------------------------------------

--------------------------------------------------------------------------------------------------------------------------------------
Phe TTT   1   1   1   1   1   1 | Ser TCT   2   2   2   2   2   2 | Tyr TAT   4   4   4   4   4   4 | Cys TGT   1   1   1   1   1   0
    TTC   0   0   0   0   0   0 |     TCC   1   1   1   1   1   1 |     TAC   2   2   2   2   2   2 |     TGC   0   0   0   0   0   1
Leu TTA   0   0   0   0   0   0 |     TCA   1   1   1   1   1   1 | *** TAA   0   0   0   0   0   0 | *** TGA   0   0   0   0   0   0
    TTG   0   0   0   0   0   0 |     TCG   0   0   0   0   0   0 |     TAG   0   0   0   0   0   0 | Trp TGG   0   0   0   0   0   0
--------------------------------------------------------------------------------------------------------------------------------------
Leu CTT   1   1   1   1   1   1 | Pro CCT   0   0   0   0   0   0 | His CAT   1   1   1   1   1   1 | Arg CGT   1   1   1   0   1   1
    CTC   0   0   0   0   1   0 |     CCC   0   0   0   0   0   0 |     CAC   0   0   0   0   0   0 |     CGC   0   0   0   1   0   0
    CTA   2   1   2   2   1   1 |     CCA   2   2   2   2   2   2 | Gln CAA   0   0   0   0   0   0 |     CGA   0   0   0   0   0   0
    CTG   3   4   3   3   3   4 |     CCG   0   0   0   0   0   0 |     CAG   1   1   1   1   1   1 |     CGG   0   0   0   0   0   0
--------------------------------------------------------------------------------------------------------------------------------------
Ile ATT   3   3   3   3   3   3 | Thr ACT   0   1   1   1   1   1 | Asn AAT   0   0   0   0   0   0 | Ser AGT   1   0   1   1   1   1
    ATC   0   0   0   0   0   0 |     ACC   1   1   1   1   1   1 |     AAC   1   1   1   1   1   1 |     AGC   0   1   0   0   0   0
    ATA   1   1   1   1   1   1 |     ACA   4   4   4   4   4   4 | Lys AAA   2   1   2   2   2   2 | Arg AGA   1   2   1   1   1   1
Met ATG   5   5   5   5   5   5 |     ACG   2   1   1   1   1   1 |     AAG   1   1   1   1   1   1 |     AGG   0   0   0   0   0   0
--------------------------------------------------------------------------------------------------------------------------------------
Val GTT   0   0   0   0   0   0 | Ala GCT   1   1   1   1   1   1 | Asp GAT   1   1   1   1   1   1 | Gly GGT   1   1   1   1   1   1
    GTC   1   1   1   1   1   1 |     GCC   3   3   3   3   3   3 |     GAC   0   0   0   0   0   0 |     GGC   0   0   0   0   0   0
    GTA   0   0   0   0   0   0 |     GCA   0   1   0   0   0   0 | Glu GAA   5   5   5   5   5   5 |     GGA   1   1   1   1   1   1
    GTG   3   4   3   3   3   3 |     GCG   2   0   2   2   2   2 |     GAG   2   2   2   2   2   2 |     GGG   0   0   0   0   0   0
--------------------------------------------------------------------------------------------------------------------------------------

--------------------------------------------------------------------------------------------------------------------------------------
Phe TTT   1   1   1   1   1   1 | Ser TCT   2   2   2   2   2   2 | Tyr TAT   3   2   3   4   4   4 | Cys TGT   1   1   2   1   1   1
    TTC   0   0   0   0   0   0 |     TCC   1   0   1   1   1   1 |     TAC   3   4   2   2   2   2 |     TGC   0   0   0   0   0   0
Leu TTA   0   0   0   0   0   0 |     TCA   1   2   1   1   1   1 | *** TAA   0   0   0   0   0   0 | *** TGA   0   0   0   0   0   0
    TTG   0   0   0   0   0   0 |     TCG   0   0   0   0   0   0 |     TAG   0   0   0   0   0   0 | Trp TGG   0   0   0   0   0   0
--------------------------------------------------------------------------------------------------------------------------------------
Leu CTT   1   1   1   1   1   1 | Pro CCT   0   0   0   0   0   0 | His CAT   1   1   1   1   1   1 | Arg CGT   1   1   1   1   1   1
    CTC   0   0   0   0   0   0 |     CCC   0   0   0   0   0   0 |     CAC   0   0   0   0   0   0 |     CGC   0   0   0   0   0   0
    CTA   1   1   2   1   2   2 |     CCA   2   2   1   2   2   2 | Gln CAA   2   0   0   0   0   0 |     CGA   0   0   0   0   0   0
    CTG   4   4   3   4   3   3 |     CCG   0   0   1   0   0   0 |     CAG   0   1   1   1   1   1 |     CGG   0   0   0   0   0   0
--------------------------------------------------------------------------------------------------------------------------------------
Ile ATT   2   2   3   3   3   3 | Thr ACT   1   1   1   1   1   1 | Asn AAT   0   0   0   0   0   0 | Ser AGT   1   1   1   1   1   1
    ATC   1   1   0   0   0   0 |     ACC   1   1   1   1   1   1 |     AAC   1   1   1   1   1   1 |     AGC   0   0   0   0   0   0
    ATA   1   1   1   1   1   1 |     ACA   3   3   4   3   3   4 | Lys AAA   2   2   2   2   2   2 | Arg AGA   1   1   1   1   1   1
Met ATG   5   5   5   5   5   5 |     ACG   2   2   1   2   2   1 |     AAG   1   1   1   1   1   1 |     AGG   0   0   0   0   0   0
--------------------------------------------------------------------------------------------------------------------------------------
Val GTT   0   2   0   0   0   0 | Ala GCT   1   1   1   1   1   1 | Asp GAT   1   1   1   1   1   1 | Gly GGT   1   1   1   1   1   1
    GTC   1   0   1   1   1   1 |     GCC   3   3   3   3   3   3 |     GAC   0   0   0   0   0   0 |     GGC   0   0   0   0   0   0
    GTA   0   0   0   0   0   0 |     GCA   1   1   0   1   0   0 | Glu GAA   4   5   5   5   5   5 |     GGA   1   1   1   1   1   1
    GTG   4   3   3   4   3   3 |     GCG   0   0   2   0   2   2 |     GAG   2   2   2   2   2   2 |     GGG   0   0   0   0   0   0
--------------------------------------------------------------------------------------------------------------------------------------

--------------------------------------------------------------------------------------------------------------------------------------
Phe TTT   1   1   1   1   1   1 | Ser TCT   2   2   2   2   3   2 | Tyr TAT   4   4   4   3   3   4 | Cys TGT   1   1   1   2   1   1
    TTC   0   0   0   0   0   0 |     TCC   0   0   1   1   1   1 |     TAC   2   2   2   2   2   2 |     TGC   0   0   0   0   0   0
Leu TTA   0   0   0   0   0   0 |     TCA   2   2   1   1   1   1 | *** TAA   0   0   0   0   0   0 | *** TGA   0   0   0   0   0   0
    TTG   0   0   0   0   0   0 |     TCG   0   0   0   0   0   0 |     TAG   0   0   0   0   0   0 | Trp TGG   0   0   0   0   0   0
--------------------------------------------------------------------------------------------------------------------------------------
Leu CTT   0   1   1   1   1   1 | Pro CCT   0   0   0   0   0   0 | His CAT   1   1   1   1   2   1 | Arg CGT   1   1   1   1   0   1
    CTC   1   0   0   0   0   0 |     CCC   0   0   0   0   0   0 |     CAC   0   0   0   0   0   0 |     CGC   0   0   0   0   0   0
    CTA   1   1   2   2   2   1 |     CCA   2   2   2   2   2   2 | Gln CAA   0   0   0   0   0   0 |     CGA   0   0   0   0   0   0
    CTG   4   4   3   3   3   4 |     CCG   0   0   0   0   0   0 |     CAG   1   1   1   1   1   1 |     CGG   0   0   0   0   0   0
--------------------------------------------------------------------------------------------------------------------------------------
Ile ATT   3   3   3   3   3   3 | Thr ACT   1   1   1   1   1   1 | Asn AAT   0   0   0   0   0   0 | Ser AGT   1   1   1   1   1   1
    ATC   0   0   0   0   0   0 |     ACC   1   1   1   1   1   1 |     AAC   1   1   1   1   1   1 |     AGC   0   0   0   0   0   0
    ATA   1   1   1   1   1   1 |     ACA   5   4   4   5   4   3 | Lys AAA   2   2   2   2   1   2 | Arg AGA   1   1   1   1   2   1
Met ATG   5   5   5   5   5   5 |     ACG   0   1   1   0   1   2 |     AAG   1   1   1   1   1   1 |     AGG   0   0   0   0   0   0
--------------------------------------------------------------------------------------------------------------------------------------
Val GTT   0   0   0   0   0   0 | Ala GCT   1   1   1   1   1   1 | Asp GAT   1   1   1   1   1   1 | Gly GGT   1   1   1   1   1   1
    GTC   1   1   1   1   1   1 |     GCC   3   3   3   3   3   3 |     GAC   0   0   0   0   0   0 |     GGC   0   0   0   0   0   0
    GTA   0   0   0   0   0   0 |     GCA   1   1   0   0   0   1 | Glu GAA   5   5   5   5   5   5 |     GGA   1   1   1   1   1   1
    GTG   4   4   3   3   3   4 |     GCG   0   0   2   2   2   0 |     GAG   2   2   2   2   2   2 |     GGG   0   0   0   0   0   0
--------------------------------------------------------------------------------------------------------------------------------------

--------------------------------------------------------------------------------------------------------------------------------------
Phe TTT   1   1   1   1   1   1 | Ser TCT   2   2   2   2   2   2 | Tyr TAT   4   4   4   4   3   4 | Cys TGT   1   1   1   1   1   1
    TTC   0   0   0   0   0   0 |     TCC   1   1   0   1   0   1 |     TAC   2   2   2   2   3   2 |     TGC   0   0   0   0   0   0
Leu TTA   0   0   0   0   0   0 |     TCA   1   1   2   1   2   1 | *** TAA   0   0   0   0   0   0 | *** TGA   0   0   0   0   0   0
    TTG   0   0   0   0   0   0 |     TCG   0   0   0   0   0   0 |     TAG   0   0   0   0   0   0 | Trp TGG   0   0   0   0   0   0
--------------------------------------------------------------------------------------------------------------------------------------
Leu CTT   1   1   1   1   1   1 | Pro CCT   0   0   0   0   0   0 | His CAT   1   1   1   1   1   1 | Arg CGT   1   1   1   0   1   1
    CTC   0   0   0   0   1   0 |     CCC   0   0   0   0   0   0 |     CAC   0   0   0   0   0   0 |     CGC   0   0   0   1   0   0
    CTA   1   1   1   2   1   1 |     CCA   2   2   2   2   2   2 | Gln CAA   0   0   0   0   0   0 |     CGA   0   0   0   0   0   0
    CTG   4   4   4   3   3   4 |     CCG   0   0   0   0   0   0 |     CAG   1   1   1   1   1   1 |     CGG   0   0   0   0   0   0
--------------------------------------------------------------------------------------------------------------------------------------
Ile ATT   3   3   3   3   3   2 | Thr ACT   1   1   1   1   0   1 | Asn AAT   0   0   0   0   0   0 | Ser AGT   1   1   1   1   0   1
    ATC   0   0   0   0   0   0 |     ACC   1   1   1   1   2   1 |     AAC   1   1   1   1   1   1 |     AGC   0   0   0   0   1   0
    ATA   1   1   1   1   1   1 |     ACA   4   3   5   4   4   4 | Lys AAA   2   2   2   2   2   2 | Arg AGA   1   1   1   1   1   1
Met ATG   5   5   5   5   5   5 |     ACG   1   2   0   1   1   1 |     AAG   1   1   1   1   1   1 |     AGG   0   0   0   0   0   0
--------------------------------------------------------------------------------------------------------------------------------------
Val GTT   0   0   0   0   0   1 | Ala GCT   1   1   1   1   1   1 | Asp GAT   1   1   1   1   1   1 | Gly GGT   1   1   1   1   1   1
    GTC   1   1   1   1   1   1 |     GCC   3   3   3   3   3   3 |     GAC   0   0   0   0   0   0 |     GGC   0   0   0   0   0   0
    GTA   0   0   0   0   0   0 |     GCA   0   1   1   0   1   0 | Glu GAA   5   5   5   5   5   5 |     GGA   1   1   1   1   1   1
    GTG   3   4   4   3   4   3 |     GCG   2   0   0   2   0   2 |     GAG   2   2   2   2   2   2 |     GGG   0   0   0   0   0   0
--------------------------------------------------------------------------------------------------------------------------------------

--------------------------------------------------------------------------------------------------------------------------------------
Phe TTT   1   1   1   1   1   1 | Ser TCT   2   2   2   2   2   2 | Tyr TAT   4   4   4   3   3   4 | Cys TGT   1   1   1   1   2   1
    TTC   0   0   0   0   0   0 |     TCC   1   1   1   1   1   0 |     TAC   2   2   2   3   2   2 |     TGC   0   0   0   0   0   0
Leu TTA   0   0   0   0   0   0 |     TCA   1   1   1   1   1   2 | *** TAA   0   0   0   0   0   0 | *** TGA   0   0   0   0   0   0
    TTG   0   0   0   0   0   0 |     TCG   0   0   0   0   0   0 |     TAG   0   0   0   0   0   0 | Trp TGG   0   0   0   0   0   0
--------------------------------------------------------------------------------------------------------------------------------------
Leu CTT   1   1   1   1   1   1 | Pro CCT   0   0   0   0   0   0 | His CAT   0   1   1   1   1   1 | Arg CGT   1   1   1   1   1   1
    CTC   0   0   0   0   0   0 |     CCC   0   0   0   0   0   0 |     CAC   1   0   0   0   0   0 |     CGC   0   0   0   0   0   0
    CTA   2   1   2   2   2   1 |     CCA   2   2   2   2   2   2 | Gln CAA   0   0   0   0   0   0 |     CGA   0   0   0   0   0   0
    CTG   3   4   3   3   3   5 |     CCG   0   0   0   0   0   0 |     CAG   1   1   1   1   1   1 |     CGG   0   0   0   0   0   0
--------------------------------------------------------------------------------------------------------------------------------------
Ile ATT   3   3   3   3   3   3 | Thr ACT   1   1   1   1   1   1 | Asn AAT   0   0   0   0   0   0 | Ser AGT   1   1   1   1   0   1
    ATC   0   0   0   0   0   0 |     ACC   1   1   1   1   1   1 |     AAC   1   1   1   1   1   1 |     AGC   0   0   0   0   1   0
    ATA   1   1   1   1   1   1 |     ACA   4   4   4   5   4   5 | Lys AAA   2   2   2   2   1   2 | Arg AGA   1   1   1   1   2   1
Met ATG   5   5   5   5   5   5 |     ACG   1   1   1   0   1   0 |     AAG   1   1   1   1   1   1 |     AGG   0   0   0   0   0   0
--------------------------------------------------------------------------------------------------------------------------------------
Val GTT   0   0   0   0   0   0 | Ala GCT   1   1   1   1   1   1 | Asp GAT   1   1   1   1   1   1 | Gly GGT   1   1   1   1   1   1
    GTC   1   1   1   1   1   1 |     GCC   3   3   3   3   3   3 |     GAC   0   0   0   0   0   0 |     GGC   0   0   0   0   0   0
    GTA   0   0   0   0   0   0 |     GCA   1   1   0   0   0   1 | Glu GAA   6   5   5   5   5   5 |     GGA   1   1   1   1   1   1
    GTG   3   4   3   3   3   3 |     GCG   1   0   2   2   2   0 |     GAG   1   2   2   2   2   2 |     GGG   0   0   0   0   0   0
--------------------------------------------------------------------------------------------------------------------------------------

--------------------------------------------------------------------------------------------------------------------------------------
Phe TTT   1   1   1   1   1   1 | Ser TCT   2   2   2   2   2   2 | Tyr TAT   4   3   4   4   4   4 | Cys TGT   1   2   1   1   1   1
    TTC   0   0   0   0   0   0 |     TCC   0   1   0   0   1   1 |     TAC   2   2   2   2   2   2 |     TGC   0   0   0   0   0   0
Leu TTA   0   0   0   0   0   0 |     TCA   2   1   2   2   1   1 | *** TAA   0   0   0   0   0   0 | *** TGA   0   0   0   0   0   0
    TTG   0   0   0   0   0   0 |     TCG   0   0   0   0   0   0 |     TAG   0   0   0   0   0   0 | Trp TGG   0   0   0   0   0   0
--------------------------------------------------------------------------------------------------------------------------------------
Leu CTT   1   1   1   1   1   1 | Pro CCT   0   0   0   0   0   0 | His CAT   1   1   1   1   1   1 | Arg CGT   1   1   1   1   1   1
    CTC   0   0   0   0   0   0 |     CCC   0   0   0   0   0   0 |     CAC   0   0   0   0   0   0 |     CGC   0   0   0   0   0   0
    CTA   1   2   1   1   1   1 |     CCA   2   2   2   2   2   2 | Gln CAA   0   0   0   0   0   0 |     CGA   0   0   0   0   0   0
    CTG   4   3   4   4   4   4 |     CCG   0   0   0   0   0   0 |     CAG   1   1   1   1   1   1 |     CGG   0   0   0   0   0   0
--------------------------------------------------------------------------------------------------------------------------------------
Ile ATT   3   3   3   3   3   3 | Thr ACT   1   2   1   1   1   1 | Asn AAT   0   0   0   0   0   0 | Ser AGT   1   1   1   1   1   1
    ATC   0   0   0   0   0   0 |     ACC   1   1   1   1   1   1 |     AAC   1   1   1   1   1   1 |     AGC   0   0   0   0   0   0
    ATA   1   1   1   1   1   1 |     ACA   5   2   5   5   4   4 | Lys AAA   2   2   2   3   2   2 | Arg AGA   1   1   0   1   1   1
Met ATG   5   5   5   5   5   5 |     ACG   0   2   0   0   1   1 |     AAG   1   1   1   0   1   1 |     AGG   0   0   1   0   0   0
--------------------------------------------------------------------------------------------------------------------------------------
Val GTT   0   0   0   0   0   0 | Ala GCT   1   1   1   1   1   1 | Asp GAT   1   1   1   1   1   1 | Gly GGT   1   1   1   1   1   1
    GTC   1   1   1   1   1   1 |     GCC   3   3   3   3   3   3 |     GAC   0   0   0   0   0   0 |     GGC   0   0   0   0   0   0
    GTA   0   0   0   0   0   0 |     GCA   1   0   1   1   1   0 | Glu GAA   5   5   5   5   5   5 |     GGA   1   1   1   1   1   1
    GTG   4   3   4   4   4   3 |     GCG   0   2   0   0   0   2 |     GAG   2   2   2   2   2   2 |     GGG   0   0   0   0   0   0
--------------------------------------------------------------------------------------------------------------------------------------

--------------------------------------------------------------------------------------------------------------------------------------
Phe TTT   1   1   1   1   1   1 | Ser TCT   2   2   3   3   2   2 | Tyr TAT   3   4   3   3   4   4 | Cys TGT   2   1   1   1   1   1
    TTC   0   0   0   0   0   0 |     TCC   1   1   0   0   1   1 |     TAC   2   2   3   2   2   2 |     TGC   0   0   0   0   0   0
Leu TTA   0   0   0   0   0   0 |     TCA   1   1   1   2   1   1 | *** TAA   0   0   0   0   0   0 | *** TGA   0   0   0   0   0   0
    TTG   0   1   0   1   0   0 |     TCG   0   0   0   0   0   0 |     TAG   0   0   0   0   0   0 | Trp TGG   0   0   0   0   0   0
--------------------------------------------------------------------------------------------------------------------------------------
Leu CTT   1   1   1   1   1   1 | Pro CCT   0   0   0   0   0   0 | His CAT   1   1   0   1   1   1 | Arg CGT   1   1   1   1   1   1
    CTC   0   0   1   0   0   0 |     CCC   0   0   0   0   0   0 |     CAC   0   0   1   0   0   0 |     CGC   0   0   0   0   0   0
    CTA   2   2   2   1   1   1 |     CCA   2   2   2   2   2   2 | Gln CAA   0   0   0   0   0   0 |     CGA   0   0   0   0   0   0
    CTG   3   2   2   4   4   4 |     CCG   0   0   0   0   0   0 |     CAG   1   1   1   1   1   1 |     CGG   0   0   0   0   0   0
--------------------------------------------------------------------------------------------------------------------------------------
Ile ATT   3   3   3   3   3   3 | Thr ACT   1   1   1   2   1   1 | Asn AAT   0   0   0   0   0   0 | Ser AGT   0   1   1   1   1   1
    ATC   0   0   0   0   0   0 |     ACC   1   1   1   1   1   1 |     AAC   1   1   1   1   1   1 |     AGC   1   0   0   0   0   0
    ATA   1   1   1   1   1   1 |     ACA   4   5   3   4   3   3 | Lys AAA   2   2   2   2   2   2 | Arg AGA   1   1   1   1   1   1
Met ATG   4   5   5   4   5   5 |     ACG   1   0   2   0   2   2 |     AAG   1   1   1   1   1   1 |     AGG   0   0   0   0   0   0
--------------------------------------------------------------------------------------------------------------------------------------
Val GTT   0   0   0   0   0   0 | Ala GCT   1   1   1   2   1   1 | Asp GAT   1   1   1   1   1   1 | Gly GGT   1   1   1   1   1   1
    GTC   1   1   1   1   1   1 |     GCC   3   3   3   2   3   3 |     GAC   0   1   0   0   0   0 |     GGC   0   0   0   0   0   0
    GTA   0   0   0   0   0   0 |     GCA   0   0   0   1   1   1 | Glu GAA   5   4   5   4   5   5 |     GGA   1   1   1   1   1   1
    GTG   4   3   3   4   4   4 |     GCG   2   2   2   0   0   0 |     GAG   2   2   2   3   2   2 |     GGG   0   0   0   0   0   0
--------------------------------------------------------------------------------------------------------------------------------------

Codon position x base (3x4) table for each sequence.

#1: Argali         
position  1:    T:0.18462    C:0.16923    A:0.33846    G:0.30769
position  2:    T:0.30769    C:0.29231    A:0.30769    G:0.09231
position  3:    T:0.27692    C:0.15385    A:0.29231    G:0.27692
Average         T:0.25641    C:0.20513    A:0.31282    G:0.22564

#2: LesserMouseDeer
position  1:    T:0.16923    C:0.16923    A:0.33846    G:0.32308
position  2:    T:0.30769    C:0.29231    A:0.30769    G:0.09231
position  3:    T:0.26154    C:0.16923    A:0.24615    G:0.32308
Average         T:0.24615    C:0.21026    A:0.29744    G:0.24615

#3: LesserKudu     
position  1:    T:0.18462    C:0.16923    A:0.33846    G:0.30769
position  2:    T:0.32308    C:0.27692    A:0.30769    G:0.09231
position  3:    T:0.29231    C:0.13846    A:0.27692    G:0.29231
Average         T:0.26667    C:0.19487    A:0.30769    G:0.23077

#4: ForestMuskDeer2
position  1:    T:0.18462    C:0.16923    A:0.33846    G:0.30769
position  2:    T:0.32308    C:0.27692    A:0.30769    G:0.09231
position  3:    T:0.27692    C:0.13846    A:0.30769    G:0.27692
Average         T:0.26154    C:0.19487    A:0.31795    G:0.22564

#5: Camel          
position  1:    T:0.18462    C:0.16923    A:0.33846    G:0.30769
position  2:    T:0.30769    C:0.30769    A:0.29231    G:0.09231
position  3:    T:0.29231    C:0.12308    A:0.32308    G:0.26154
Average         T:0.26154    C:0.20000    A:0.31795    G:0.22051

#6: KillerWhale    
position  1:    T:0.18462    C:0.16923    A:0.33846    G:0.30769
position  2:    T:0.30769    C:0.29231    A:0.32308    G:0.07692
position  3:    T:0.29231    C:0.12308    A:0.33846    G:0.24615
Average         T:0.26154    C:0.19487    A:0.33333    G:0.21026

#7: DefassaWaterbuck
position  1:    T:0.18462    C:0.16923    A:0.33846    G:0.30769
position  2:    T:0.30769    C:0.29231    A:0.30769    G:0.09231
position  3:    T:0.29231    C:0.13846    A:0.30769    G:0.26154
Average         T:0.26154    C:0.20000    A:0.31795    G:0.22051

#8: Sheep          
position  1:    T:0.18462    C:0.16923    A:0.33846    G:0.30769
position  2:    T:0.30769    C:0.30769    A:0.30769    G:0.07692
position  3:    T:0.27692    C:0.15385    A:0.29231    G:0.27692
Average         T:0.25641    C:0.21026    A:0.31282    G:0.22051

#9: MaxwellsDuiker 
position  1:    T:0.18462    C:0.16923    A:0.35385    G:0.29231
position  2:    T:0.32308    C:0.29231    A:0.29231    G:0.09231
position  3:    T:0.30769    C:0.12308    A:0.29231    G:0.27692
Average         T:0.27179    C:0.19487    A:0.31282    G:0.22051

#10: GazellaPrzewalskyi
position  1:    T:0.18462    C:0.16923    A:0.33846    G:0.30769
position  2:    T:0.30769    C:0.29231    A:0.30769    G:0.09231
position  3:    T:0.29231    C:0.13846    A:0.33846    G:0.23077
Average         T:0.26154    C:0.20000    A:0.32821    G:0.21026

#11: MountainNyala  
position  1:    T:0.18462    C:0.16923    A:0.33846    G:0.30769
position  2:    T:0.32308    C:0.27692    A:0.30769    G:0.09231
position  3:    T:0.29231    C:0.13846    A:0.27692    G:0.29231
Average         T:0.26667    C:0.19487    A:0.30769    G:0.23077

#12: MuntiacusMuntjak
position  1:    T:0.18462    C:0.16923    A:0.33846    G:0.30769
position  2:    T:0.32308    C:0.27692    A:0.30769    G:0.09231
position  3:    T:0.29231    C:0.12308    A:0.30769    G:0.27692
Average         T:0.26667    C:0.18974    A:0.31795    G:0.22564

#13: goat           
position  1:    T:0.18462    C:0.16923    A:0.33846    G:0.30769
position  2:    T:0.30769    C:0.29231    A:0.30769    G:0.09231
position  3:    T:0.27692    C:0.13846    A:0.29231    G:0.29231
Average         T:0.25641    C:0.20000    A:0.31282    G:0.23077

#14: AfricanBuffalo 
position  1:    T:0.18462    C:0.16923    A:0.33846    G:0.30769
position  2:    T:0.32308    C:0.27692    A:0.29231    G:0.10769
position  3:    T:0.27692    C:0.15385    A:0.29231    G:0.27692
Average         T:0.26154    C:0.20000    A:0.30769    G:0.23077

#15: Topi           
position  1:    T:0.18462    C:0.16923    A:0.33846    G:0.30769
position  2:    T:0.30769    C:0.29231    A:0.30769    G:0.09231
position  3:    T:0.29231    C:0.13846    A:0.29231    G:0.27692
Average         T:0.26154    C:0.20000    A:0.31282    G:0.22564

#16: CommonDuiker   
position  1:    T:0.18462    C:0.16923    A:0.33846    G:0.30769
position  2:    T:0.30769    C:0.29231    A:0.30769    G:0.09231
position  3:    T:0.27692    C:0.15385    A:0.29231    G:0.27692
Average         T:0.25641    C:0.20513    A:0.31282    G:0.22564

#17: Suni           
position  1:    T:0.18462    C:0.16923    A:0.33846    G:0.30769
position  2:    T:0.30769    C:0.29231    A:0.30769    G:0.09231
position  3:    T:0.29231    C:0.15385    A:0.27692    G:0.27692
Average         T:0.26154    C:0.20513    A:0.30769    G:0.22564

#18: Springbuck     
position  1:    T:0.18462    C:0.16923    A:0.33846    G:0.30769
position  2:    T:0.30769    C:0.29231    A:0.30769    G:0.09231
position  3:    T:0.27692    C:0.15385    A:0.27692    G:0.29231
Average         T:0.25641    C:0.20513    A:0.30769    G:0.23077

#19: Okapi          
position  1:    T:0.18462    C:0.18462    A:0.33846    G:0.29231
position  2:    T:0.32308    C:0.27692    A:0.30769    G:0.09231
position  3:    T:0.26154    C:0.16923    A:0.29231    G:0.27692
Average         T:0.25641    C:0.21026    A:0.31282    G:0.22051

#20: Giraffe        
position  1:    T:0.18462    C:0.16923    A:0.33846    G:0.30769
position  2:    T:0.32308    C:0.27692    A:0.30769    G:0.09231
position  3:    T:0.27692    C:0.15385    A:0.29231    G:0.27692
Average         T:0.26154    C:0.20000    A:0.31282    G:0.22564

#21: TibetanAntelope
position  1:    T:0.18462    C:0.16923    A:0.33846    G:0.30769
position  2:    T:0.30769    C:0.29231    A:0.29231    G:0.10769
position  3:    T:0.29231    C:0.13846    A:0.27692    G:0.29231
Average         T:0.26154    C:0.20000    A:0.30256    G:0.23590

#22: Sitatunga      
position  1:    T:0.18462    C:0.16923    A:0.33846    G:0.30769
position  2:    T:0.32308    C:0.27692    A:0.30769    G:0.09231
position  3:    T:0.29231    C:0.13846    A:0.27692    G:0.29231
Average         T:0.26667    C:0.19487    A:0.30769    G:0.23077

#23: Oribi          
position  1:    T:0.18462    C:0.16923    A:0.33846    G:0.30769
position  2:    T:0.30769    C:0.29231    A:0.30769    G:0.09231
position  3:    T:0.29231    C:0.13846    A:0.27692    G:0.29231
Average         T:0.26154    C:0.20000    A:0.30769    G:0.23077

#24: BarbarySheep   
position  1:    T:0.18462    C:0.16923    A:0.33846    G:0.30769
position  2:    T:0.30769    C:0.29231    A:0.30769    G:0.09231
position  3:    T:0.29231    C:0.13846    A:0.29231    G:0.27692
Average         T:0.26154    C:0.20000    A:0.31282    G:0.22564

#25: Daviddeer      
position  1:    T:0.18462    C:0.16923    A:0.33846    G:0.30769
position  2:    T:0.32308    C:0.27692    A:0.30769    G:0.09231
position  3:    T:0.27692    C:0.13846    A:0.32308    G:0.26154
Average         T:0.26154    C:0.19487    A:0.32308    G:0.22051

#26: Reindeer       
position  1:    T:0.18462    C:0.16923    A:0.33846    G:0.30769
position  2:    T:0.32308    C:0.27692    A:0.30769    G:0.09231
position  3:    T:0.29231    C:0.12308    A:0.30769    G:0.27692
Average         T:0.26667    C:0.18974    A:0.31795    G:0.22564

#27: Ibex           
position  1:    T:0.18462    C:0.16923    A:0.33846    G:0.30769
position  2:    T:0.30769    C:0.29231    A:0.30769    G:0.09231
position  3:    T:0.29231    C:0.13846    A:0.29231    G:0.27692
Average         T:0.26154    C:0.20000    A:0.31282    G:0.22564

#28: GyrantGazelle  
position  1:    T:0.18462    C:0.16923    A:0.33846    G:0.30769
position  2:    T:0.30769    C:0.29231    A:0.29231    G:0.10769
position  3:    T:0.29231    C:0.13846    A:0.30769    G:0.26154
Average         T:0.26154    C:0.20000    A:0.31282    G:0.22564

#29: Hartebeest     
position  1:    T:0.18462    C:0.16923    A:0.33846    G:0.30769
position  2:    T:0.30769    C:0.30769    A:0.29231    G:0.09231
position  3:    T:0.29231    C:0.13846    A:0.29231    G:0.27692
Average         T:0.26154    C:0.20513    A:0.30769    G:0.22564

#30: Bongo          
position  1:    T:0.18462    C:0.16923    A:0.33846    G:0.30769
position  2:    T:0.32308    C:0.27692    A:0.30769    G:0.09231
position  3:    T:0.29231    C:0.13846    A:0.27692    G:0.29231
Average         T:0.26667    C:0.19487    A:0.30769    G:0.23077

#31: Gerenuk        
position  1:    T:0.18462    C:0.16923    A:0.33846    G:0.30769
position  2:    T:0.30769    C:0.29231    A:0.30769    G:0.09231
position  3:    T:0.29231    C:0.13846    A:0.27692    G:0.29231
Average         T:0.26154    C:0.20000    A:0.30769    G:0.23077

#32: CommonEland    
position  1:    T:0.18462    C:0.16923    A:0.33846    G:0.30769
position  2:    T:0.32308    C:0.27692    A:0.30769    G:0.09231
position  3:    T:0.29231    C:0.13846    A:0.27692    G:0.29231
Average         T:0.26667    C:0.19487    A:0.30769    G:0.23077

#33: MuntiacusReevesi
position  1:    T:0.18462    C:0.16923    A:0.33846    G:0.30769
position  2:    T:0.32308    C:0.27692    A:0.30769    G:0.09231
position  3:    T:0.29231    C:0.12308    A:0.32308    G:0.26154
Average         T:0.26667    C:0.18974    A:0.32308    G:0.22051

#34: HarveysDuiker  
position  1:    T:0.18462    C:0.16923    A:0.33846    G:0.30769
position  2:    T:0.30769    C:0.29231    A:0.30769    G:0.09231
position  3:    T:0.27692    C:0.15385    A:0.29231    G:0.27692
Average         T:0.25641    C:0.20513    A:0.31282    G:0.22564

#35: Pronghorn      
position  1:    T:0.18462    C:0.16923    A:0.33846    G:0.30769
position  2:    T:0.32308    C:0.27692    A:0.30769    G:0.09231
position  3:    T:0.24615    C:0.18462    A:0.30769    G:0.26154
Average         T:0.25128    C:0.21026    A:0.31795    G:0.22051

#36: BlueWildebeest 
position  1:    T:0.18462    C:0.16923    A:0.32308    G:0.32308
position  2:    T:0.30769    C:0.29231    A:0.30769    G:0.09231
position  3:    T:0.29231    C:0.13846    A:0.27692    G:0.29231
Average         T:0.26154    C:0.20000    A:0.30256    G:0.23590

#37: Gemsbok        
position  1:    T:0.18462    C:0.16923    A:0.33846    G:0.30769
position  2:    T:0.30769    C:0.29231    A:0.30769    G:0.09231
position  3:    T:0.27692    C:0.15385    A:0.32308    G:0.24615
Average         T:0.25641    C:0.20513    A:0.32308    G:0.21538

#38: Yak            
position  1:    T:0.18462    C:0.16923    A:0.33846    G:0.30769
position  2:    T:0.32308    C:0.27692    A:0.30769    G:0.09231
position  3:    T:0.29231    C:0.13846    A:0.29231    G:0.27692
Average         T:0.26667    C:0.19487    A:0.31282    G:0.22564

#39: BlueSheep      
position  1:    T:0.18462    C:0.16923    A:0.33846    G:0.30769
position  2:    T:0.30769    C:0.29231    A:0.30769    G:0.09231
position  3:    T:0.29231    C:0.13846    A:0.29231    G:0.27692
Average         T:0.26154    C:0.20000    A:0.31282    G:0.22564

#40: BohorReedbuck  
position  1:    T:0.18462    C:0.16923    A:0.33846    G:0.30769
position  2:    T:0.30769    C:0.29231    A:0.30769    G:0.09231
position  3:    T:0.27692    C:0.15385    A:0.30769    G:0.26154
Average         T:0.25641    C:0.20513    A:0.31795    G:0.22051

#41: KirksDik       
position  1:    T:0.18462    C:0.16923    A:0.33846    G:0.30769
position  2:    T:0.30769    C:0.29231    A:0.27692    G:0.12308
position  3:    T:0.27692    C:0.15385    A:0.29231    G:0.27692
Average         T:0.25641    C:0.20513    A:0.30256    G:0.23590

#42: RoeDeer        
position  1:    T:0.18462    C:0.18462    A:0.33846    G:0.29231
position  2:    T:0.32308    C:0.27692    A:0.30769    G:0.09231
position  3:    T:0.29231    C:0.12308    A:0.32308    G:0.26154
Average         T:0.26667    C:0.19487    A:0.32308    G:0.21538

#43: WhiteLippedDeer
position  1:    T:0.18462    C:0.16923    A:0.33846    G:0.30769
position  2:    T:0.32308    C:0.27692    A:0.30769    G:0.09231
position  3:    T:0.29231    C:0.12308    A:0.32308    G:0.26154
Average         T:0.26667    C:0.18974    A:0.32308    G:0.22051

#44: ThomsonGazelle 
position  1:    T:0.18462    C:0.16923    A:0.33846    G:0.30769
position  2:    T:0.30769    C:0.29231    A:0.29231    G:0.10769
position  3:    T:0.30769    C:0.13846    A:0.26154    G:0.29231
Average         T:0.26667    C:0.20000    A:0.29744    G:0.23590

#45: MuntiacusCrinifrons
position  1:    T:0.18462    C:0.16923    A:0.33846    G:0.30769
position  2:    T:0.32308    C:0.27692    A:0.30769    G:0.09231
position  3:    T:0.29231    C:0.12308    A:0.30769    G:0.27692
Average         T:0.26667    C:0.18974    A:0.31795    G:0.22564

#46: WhiteTailedDeer
position  1:    T:0.18462    C:0.16923    A:0.33846    G:0.30769
position  2:    T:0.32308    C:0.27692    A:0.30769    G:0.09231
position  3:    T:0.29231    C:0.12308    A:0.33846    G:0.24615
Average         T:0.26667    C:0.18974    A:0.32821    G:0.21538

#47: Cattle         
position  1:    T:0.18462    C:0.16923    A:0.33846    G:0.30769
position  2:    T:0.32308    C:0.27692    A:0.30769    G:0.09231
position  3:    T:0.29231    C:0.13846    A:0.29231    G:0.27692
Average         T:0.26667    C:0.19487    A:0.31282    G:0.22564

#48: RoyalAntelope  
position  1:    T:0.18462    C:0.16923    A:0.33846    G:0.30769
position  2:    T:0.30769    C:0.29231    A:0.30769    G:0.09231
position  3:    T:0.29231    C:0.13846    A:0.27692    G:0.29231
Average         T:0.26154    C:0.20000    A:0.30769    G:0.23077

#49: Steenbok       
position  1:    T:0.18462    C:0.16923    A:0.32308    G:0.32308
position  2:    T:0.30769    C:0.29231    A:0.29231    G:0.10769
position  3:    T:0.27692    C:0.15385    A:0.29231    G:0.27692
Average         T:0.25641    C:0.20513    A:0.30256    G:0.23590

#50: Impala         
position  1:    T:0.20000    C:0.15385    A:0.33846    G:0.30769
position  2:    T:0.30769    C:0.29231    A:0.30769    G:0.09231
position  3:    T:0.29231    C:0.15385    A:0.29231    G:0.26154
Average         T:0.26667    C:0.20000    A:0.31282    G:0.22051

#51: Klipspringer   
position  1:    T:0.18462    C:0.16923    A:0.33846    G:0.30769
position  2:    T:0.30769    C:0.29231    A:0.30769    G:0.09231
