1
52 1
Argali 0.000000 0.500100 0.132500 0.408600 0.074200 0.024200 0.063000 0.063200 0.100400 0.191300 0.000000 0.141300 0.072700 0.049600 0.100700 0.085700 0.119300 0.191300 0.036700 0.075300 0.088800 0.024400 0.230300 0.233200 0.000000 0.061800 0.060000 0.088300 0.097600 0.062800 0.177200 0.037100 0.181800 0.073000 0.074000 0.103900 0.012000 0.098600 0.075300 0.162900 0.219600 0.073800 0.161300 0.209700 0.117100 0.075400 0.101500 0.062000 0.097700 0.168500 0.062800 0.119000
LesserMous 0.500100 0.000000 0.475900 0.493100 0.581000 0.494600 0.558800 0.436000 0.495100 0.496000 0.500100 0.451000 0.502500 0.507600 0.567500 0.510800 0.503700 0.426100 0.490700 0.457200 0.559200 0.525600 0.542500 0.480000 0.504400 0.524300 0.501300 0.456500 0.523400 0.439300 0.474900 0.486900 0.587300 0.504000 0.571100 0.445800 0.517700 0.616100 0.523500 0.453300 0.536100 0.491900 0.494200 0.520400 0.465100 0.553300 0.548600 0.496500 0.512300 0.619500 0.439300 0.454700
LesserKudu 0.132500 0.475900 0.000000 0.464400 0.189200 0.160300 0.179100 0.149900 0.103500 0.199000 0.132500 0.118300 0.185700 0.134100 0.220500 0.171600 0.184100 0.198800 0.146700 0.077600 0.178900 0.161300 0.207100 0.242700 0.133400 0.146400 0.141900 0.091000 0.183400 0.064800 0.184400 0.120400 0.248800 0.157200 0.221100 0.079800 0.145600 0.215300 0.161900 0.169400 0.228100 0.159500 0.198600 0.217500 0.093200 0.133200 0.162100 0.176100 0.196900 0.235400 0.064800 0.012500
KillerWhal 0.408600 0.493100 0.464400 0.000000 0.528400 0.445100 0.412900 0.481400 0.484400 0.488000 0.408600 0.366300 0.517200 0.415200 0.469300 0.419200 0.406100 0.510500 0.468700 0.450100 0.477000 0.407300 0.510000 0.498600 0.409100 0.468500 0.491900 0.427500 0.430400 0.434100 0.469400 0.397900 0.478500 0.518500 0.513200 0.507100 0.423800 0.559700 0.471700 0.449600 0.502800 0.483500 0.444100 0.517900 0.525300 0.452200 0.453500 0.469200 0.484300 0.465400 0.434100 0.445600
DefassaWat 0.074200 0.581000 0.189200 0.528400 0.000000 0.099800 0.143100 0.101900 0.153500 0.219300 0.074200 0.196700 0.097500 0.128400 0.125700 0.111300 0.175200 0.219500 0.036100 0.127700 0.114800 0.100400 0.228200 0.260900 0.074700 0.113300 0.110400 0.114000 0.122400 0.115100 0.205100 0.115300 0.239200 0.097900 0.126700 0.129900 0.086600 0.023400 0.074400 0.190500 0.217500 0.125900 0.188700 0.237600 0.115200 0.155600 0.127700 0.113200 0.156000 0.225300 0.115100 0.175200
Sheep 0.024200 0.494600 0.160300 0.445100 0.099800 0.000000 0.088800 0.089200 0.126400 0.220200 0.024200 0.168300 0.072600 0.075200 0.126700 0.111400 0.146900 0.220400 0.061600 0.101100 0.114700 0.049100 0.259400 0.263000 0.024400 0.087100 0.059900 0.114300 0.122900 0.088600 0.206000 0.062600 0.209500 0.072900 0.100700 0.130800 0.036300 0.124200 0.101200 0.191600 0.249000 0.099400 0.189600 0.239800 0.144000 0.101300 0.128400 0.087500 0.096700 0.196900 0.088600 0.146600
MaxwellsDu 0.063000 0.558800 0.179100 0.412900 0.143100 0.088800 0.000000 0.104900 0.115700 0.241600 0.063000 0.157500 0.140500 0.090400 0.115700 0.127600 0.135300 0.241800 0.102700 0.117000 0.132200 0.089400 0.282200 0.253600 0.063400 0.102600 0.126500 0.130900 0.139300 0.104200 0.226800 0.077300 0.200000 0.141200 0.144200 0.148100 0.049800 0.168400 0.117300 0.211800 0.271700 0.115400 0.209600 0.230000 0.161900 0.117300 0.145700 0.102900 0.145400 0.216600 0.104200 0.164800
GazellaPrz 0.063200 0.436000 0.149900 0.481400 0.101900 0.089200 0.104900 0.000000 0.116000 0.242600 0.063200 0.158500 0.074100 0.090700 0.129500 0.101100 0.165800 0.210900 0.062900 0.063400 0.090600 0.089700 0.283300 0.269100 0.063600 0.076200 0.074200 0.103600 0.112900 0.077400 0.227700 0.077500 0.230500 0.074500 0.102700 0.105500 0.075800 0.126800 0.076600 0.212700 0.272700 0.062600 0.210400 0.245500 0.118900 0.117600 0.103700 0.062900 0.129600 0.217400 0.077400 0.135900
MountainNy 0.100400 0.495100 0.103500 0.484400 0.153500 0.126400 0.115700 0.116000 0.000000 0.190300 0.100400 0.113500 0.150900 0.075000 0.168300 0.137800 0.146900 0.190200 0.113600 0.049100 0.143100 0.127300 0.229100 0.232200 0.101000 0.113500 0.136800 0.061400 0.149200 0.035600 0.176300 0.088600 0.239400 0.151400 0.182800 0.076500 0.112900 0.178500 0.127900 0.162000 0.218300 0.126000 0.189900 0.208500 0.089400 0.128100 0.155900 0.141000 0.188200 0.226300 0.036900 0.090300
MuntiacusM 0.191300 0.496000 0.199000 0.488000 0.219300 0.220200 0.241600 0.242600 0.190300 0.000000 0.191300 0.175800 0.245800 0.193300 0.251600 0.217300 0.122700 0.136100 0.205500 0.163100 0.241200 0.222000 0.063200 0.118400 0.192600 0.174800 0.229000 0.148000 0.228400 0.149700 0.012200 0.179200 0.202700 0.246600 0.253100 0.167300 0.204600 0.246000 0.222800 0.025800 0.051300 0.188000 0.025200 0.122100 0.150800 0.223600 0.288700 0.237800 0.265600 0.189500 0.149700 0.184300
goat 0.000000 0.500100 0.132500 0.408600 0.074200 0.024200 0.063000 0.063200 0.100400 0.191300 0.000000 0.141300 0.072700 0.049600 0.100700 0.085700 0.119300 0.191300 0.036700 0.075300 0.088800 0.024400 0.230300 0.233200 0.000000 0.061800 0.060000 0.088300 0.097600 0.062800 0.177200 0.036300 0.181800 0.073000 0.074600 0.103900 0.011800 0.098600 0.075300 0.162900 0.219600 0.073800 0.161300 0.209700 0.117100 0.075400 0.101500 0.062000 0.097700 0.168500 0.062800 0.119000
AfricanBuf 0.141300 0.451000 0.118300 0.366300 0.196700 0.168300 0.157500 0.158500 0.113500 0.175800 0.141300 0.000000 0.193100 0.142900 0.167700 0.151600 0.161500 0.175400 0.155100 0.088200 0.186600 0.141100 0.214800 0.187300 0.142200 0.154900 0.178200 0.074900 0.163100 0.075800 0.162000 0.129600 0.254600 0.193800 0.228100 0.090200 0.154100 0.222200 0.170400 0.147600 0.203900 0.167600 0.175500 0.224400 0.103200 0.170700 0.200100 0.183900 0.204400 0.241600 0.075800 0.104900
Topi 0.072700 0.502500 0.185700 0.517200 0.097500 0.072600 0.140500 0.074100 0.150900 0.245800 0.072700 0.193100 0.000000 0.125600 0.150700 0.134900 0.201900 0.246600 0.060100 0.125500 0.112300 0.098700 0.284800 0.288200 0.073400 0.085300 0.034600 0.138800 0.146800 0.113100 0.231600 0.112700 0.250600 0.023000 0.072300 0.127600 0.084800 0.121400 0.098800 0.248500 0.274500 0.071800 0.214900 0.265400 0.140600 0.152900 0.125100 0.111200 0.152800 0.236400 0.113100 0.172000
CommonDuik 0.049600 0.507600 0.134100 0.415200 0.128400 0.075200 0.090400 0.090700 0.075000 0.193300 0.049600 0.142900 0.125600 0.000000 0.115300 0.112900 0.120700 0.163700 0.088700 0.076100 0.117000 0.075800 0.232800 0.235800 0.050100 0.088700 0.111900 0.089300 0.125000 0.063500 0.179100 0.012100 0.155600 0.126100 0.128900 0.105000 0.062400 0.153400 0.103000 0.164700 0.222100 0.100800 0.163100 0.212300 0.118300 0.103000 0.130100 0.088900 0.114400 0.170400 0.063500 0.120400
Suni 0.100700 0.567500 0.220500 0.469300 0.125700 0.126700 0.115700 0.129500 0.168300 0.251600 0.100700 0.167700 0.150700 0.115300 0.000000 0.166000 0.146200 0.220300 0.086800 0.156000 0.142900 0.127600 0.291800 0.230700 0.101200 0.141000 0.164500 0.170100 0.149600 0.143200 0.236800 0.115700 0.270800 0.151400 0.154600 0.158700 0.113200 0.150300 0.128000 0.221900 0.281300 0.153800 0.219700 0.238700 0.143300 0.142700 0.156100 0.087200 0.156400 0.226300 0.143200 0.206100
Springbuck 0.085700 0.510800 0.171600 0.419200 0.111300 0.111400 0.127600 0.101100 0.137800 0.217300 0.085700 0.151600 0.134900 0.112900 0.166000 0.000000 0.173800 0.217800 0.098900 0.112400 0.126600 0.086000 0.225200 0.291400 0.086600 0.098900 0.120600 0.073400 0.034500 0.100100 0.203100 0.100000 0.207500 0.135500 0.137600 0.142300 0.097900 0.135500 0.061000 0.188800 0.214500 0.110700 0.187000 0.268700 0.155500 0.139900 0.086000 0.125400 0.169400 0.236600 0.100100 0.157900
Okapi 0.119300 0.503700 0.184100 0.406100 0.175200 0.146900 0.135300 0.165800 0.146900 0.122700 0.119300 0.161500 0.201900 0.120700 0.146200 0.173800 0.000000 0.093300 0.132900 0.120200 0.195500 0.148000 0.162100 0.164000 0.120100 0.161900 0.186100 0.134200 0.156400 0.107000 0.108900 0.107100 0.203500 0.202600 0.207700 0.152600 0.132400 0.201300 0.178300 0.094900 0.150700 0.175100 0.122400 0.139400 0.136500 0.178400 0.209300 0.162600 0.215800 0.160800 0.107000 0.169500
Giraffe 0.191300 0.426100 0.198800 0.510500 0.219500 0.220400 0.241800 0.210900 0.190200 0.136100 0.191300 0.175400 0.246600 0.163700 0.220300 0.217800 0.093300 0.000000 0.175700 0.162800 0.241600 0.222000 0.175400 0.148100 0.192600 0.206000 0.230000 0.177400 0.199000 0.149500 0.122300 0.149700 0.217300 0.247500 0.286100 0.166800 0.204800 0.245900 0.223400 0.108300 0.164200 0.219500 0.135800 0.183600 0.150400 0.255100 0.255900 0.176100 0.249700 0.203700 0.149500 0.184100
TibetanAnt 0.036700 0.490700 0.146700 0.468700 0.036100 0.061600 0.102700 0.062900 0.113600 0.205500 0.036700 0.155100 0.060100 0.088700 0.086800 0.098900 0.132900 0.175700 0.000000 0.088200 0.075600 0.062000 0.244600 0.216200 0.036900 0.074600 0.072600 0.101400 0.084500 0.075800 0.191300 0.075900 0.225600 0.060400 0.087500 0.089800 0.048900 0.060000 0.062000 0.176900 0.234100 0.086900 0.175200 0.192600 0.075800 0.115200 0.088200 0.074500 0.112000 0.183000 0.075800 0.133000
Sitatunga 0.075300 0.457200 0.077600 0.450100 0.127700 0.101100 0.117000 0.063400 0.049100 0.163100 0.075300 0.088200 0.125500 0.076100 0.156000 0.112400 0.120200 0.162800 0.088200 0.000000 0.117000 0.101800 0.201900 0.204700 0.075700 0.088100 0.111700 0.035400 0.124000 0.012300 0.149200 0.063300 0.212100 0.125900 0.156600 0.051100 0.087700 0.152700 0.102100 0.135000 0.190900 0.100600 0.162800 0.180500 0.063900 0.102400 0.129600 0.088300 0.159100 0.199400 0.012300 0.064600
Oribi 0.088800 0.559200 0.178900 0.477000 0.114800 0.114700 0.132200 0.090600 0.143100 0.241200 0.088800 0.186600 0.112300 0.117000 0.142900 0.126600 0.195500 0.241600 0.075600 0.117000 0.000000 0.116300 0.315200 0.251700 0.089800 0.075600 0.125500 0.130600 0.138900 0.104100 0.259400 0.103800 0.260200 0.112700 0.142900 0.119000 0.101400 0.126500 0.089400 0.243800 0.305100 0.087700 0.241300 0.261000 0.132400 0.145000 0.116300 0.102300 0.144600 0.245600 0.104100 0.164700
BarbaryShe 0.024400 0.525600 0.161300 0.407300 0.100400 0.049100 0.089400 0.089700 0.127300 0.222000 0.024400 0.141100 0.098700 0.075800 0.127600 0.086000 0.148000 0.222000 0.062000 0.101800 0.116300 0.000000 0.261500 0.264900 0.024500 0.087300 0.085500 0.088200 0.097600 0.089200 0.207600 0.063000 0.211000 0.099100 0.101300 0.131700 0.036500 0.125000 0.101800 0.192900 0.251100 0.100200 0.191000 0.241500 0.145100 0.101900 0.129300 0.088000 0.127500 0.198300 0.089200 0.147500
Daviddeer 0.230300 0.542500 0.207100 0.510000 0.228200 0.259400 0.282200 0.283300 0.229100 0.063200 0.230300 0.214800 0.284800 0.232800 0.291800 0.225200 0.162100 0.175400 0.244600 0.201900 0.315200 0.261500 0.000000 0.156500 0.231900 0.244400 0.236700 0.186600 0.236000 0.188600 0.050600 0.218600 0.211100 0.253900 0.259900 0.207100 0.243500 0.254300 0.230500 0.063800 0.037100 0.257700 0.063100 0.132100 0.190100 0.263600 0.262000 0.277500 0.308700 0.198700 0.188600 0.224300
Reindeer 0.233200 0.480000 0.242700 0.498600 0.260900 0.263000 0.253600 0.269100 0.232200 0.118400 0.233200 0.187300 0.288200 0.235800 0.230700 0.291400 0.164000 0.148100 0.216200 0.204700 0.251700 0.264900 0.156500 0.000000 0.234800 0.280100 0.303600 0.219400 0.270300 0.191200 0.105100 0.221400 0.259600 0.289100 0.296500 0.178500 0.216300 0.272400 0.265200 0.091100 0.145400 0.293800 0.118200 0.077900 0.162000 0.266900 0.298900 0.217400 0.277300 0.245500 0.191200 0.227800
Ibex 0.000000 0.504400 0.133400 0.409100 0.074700 0.024400 0.063400 0.063600 0.101000 0.192600 0.000000 0.142200 0.073400 0.050100 0.101200 0.086600 0.120100 0.192600 0.036900 0.075700 0.089800 0.024500 0.231900 0.234800 0.000000 0.062200 0.060600 0.088800 0.098200 0.063200 0.178500 0.037500 0.183000 0.073700 0.075400 0.104600 0.012100 0.099200 0.075800 0.164000 0.221200 0.074600 0.162400 0.211100 0.117800 0.075900 0.102600 0.062400 0.098400 0.170400 0.063200 0.119800
GyrantGaze 0.061800 0.524300 0.146400 0.468500 0.113300 0.087100 0.102600 0.076200 0.113500 0.174800 0.061800 0.154900 0.085300 0.088700 0.141000 0.098900 0.161900 0.206000 0.074600 0.088100 0.075600 0.087300 0.244400 0.280100 0.062200 0.000000 0.072400 0.101300 0.110500 0.075700 0.190900 0.075800 0.211400 0.085600 0.113900 0.117200 0.074200 0.138000 0.088400 0.207400 0.233800 0.036200 0.174900 0.257000 0.130400 0.115000 0.115300 0.100900 0.142300 0.198500 0.075700 0.132700
Hartebeest 0.060000 0.501300 0.141900 0.491900 0.110400 0.059900 0.126500 0.074200 0.136800 0.229000 0.060000 0.178200 0.034600 0.111900 0.164500 0.120600 0.186100 0.230000 0.072600 0.111700 0.125500 0.085500 0.236700 0.303600 0.060600 0.072400 0.000000 0.124900 0.133300 0.099400 0.214900 0.099200 0.205300 0.011200 0.084800 0.141000 0.072000 0.134500 0.112000 0.231400 0.257300 0.059400 0.198800 0.248400 0.154200 0.138700 0.111500 0.124400 0.167900 0.220700 0.099400 0.156800
Bongo 0.088300 0.456500 0.091000 0.427500 0.114000 0.114300 0.130900 0.103600 0.061400 0.148000 0.088300 0.074900 0.138800 0.089300 0.170100 0.073400 0.134200 0.177400 0.101400 0.035400 0.130600 0.088200 0.186600 0.219400 0.088800 0.101300 0.124900 0.000000 0.110600 0.024700 0.134300 0.076400 0.197300 0.139400 0.170500 0.064000 0.100800 0.138800 0.088700 0.120300 0.175500 0.113900 0.147700 0.195500 0.076900 0.115800 0.143500 0.128700 0.174700 0.213900 0.024000 0.077800
Gerenuk 0.097600 0.523400 0.183400 0.430400 0.122400 0.122900 0.139300 0.112900 0.149200 0.228400 0.097600 0.163100 0.146800 0.125000 0.149600 0.034500 0.156400 0.199000 0.084500 0.124000 0.138900 0.097600 0.236000 0.270300 0.098200 0.110500 0.133300 0.110600 0.000000 0.111800 0.214300 0.112200 0.248400 0.147400 0.149700 0.154000 0.109800 0.146300 0.098000 0.200100 0.225400 0.122700 0.198300 0.248300 0.139100 0.151400 0.098000 0.137000 0.181900 0.219100 0.111800 0.169700
CommonElan 0.062800 0.439300 0.064800 0.434100 0.115100 0.088600 0.104200 0.077400 0.035600 0.149700 0.062800 0.075800 0.113100 0.063500 0.143200 0.100100 0.107000 0.149500 0.075800 0.012300 0.104100 0.089200 0.188600 0.191200 0.063200 0.075700 0.099400 0.024700 0.111800 0.000000 0.135800 0.050700 0.199000 0.113500 0.143700 0.038400 0.075300 0.140100 0.089500 0.121700 0.177400 0.088100 0.149300 0.166800 0.051200 0.089700 0.116900 0.102600 0.145000 0.186300 0.000000 0.051700
MuntiacusR 0.177200 0.474900 0.184400 0.469400 0.205100 0.206000 0.226800 0.227700 0.176300 0.012200 0.177200 0.162000 0.231600 0.179100 0.236800 0.203100 0.108900 0.122300 0.191300 0.149200 0.259400 0.207600 0.050600 0.105100 0.178500 0.190900 0.214900 0.134300 0.214300 0.135800 0.000000 0.165000 0.188700 0.232200 0.238500 0.153200 0.190500 0.231700 0.208200 0.012900 0.038400 0.204300 0.012300 0.108400 0.136900 0.209200 0.273400 0.223300 0.249300 0.175600 0.135800 0.169800
HarveysDui 0.037100 0.486900 0.120400 0.397900 0.115300 0.062600 0.077300 0.077500 0.088600 0.179200 0.036300 0.129600 0.112700 0.012100 0.115700 0.100000 0.107100 0.149700 0.075900 0.063300 0.103800 0.063000 0.218600 0.221400 0.037500 0.075800 0.099200 0.076400 0.112200 0.050700 0.165000 0.000000 0.142200 0.113200 0.115700 0.091800 0.049500 0.140200 0.089900 0.150700 0.207800 0.087900 0.149200 0.197600 0.105000 0.089900 0.116800 0.076000 0.099900 0.156900 0.050700 0.106800
Pronghorn 0.181800 0.587300 0.248800 0.478500 0.239200 0.209500 0.200000 0.230500 0.239400 0.202700 0.181800 0.254600 0.250600 0.155600 0.270800 0.207500 0.203500 0.217300 0.225600 0.212100 0.260200 0.211000 0.211100 0.259600 0.183000 0.211400 0.205300 0.197300 0.248400 0.199000 0.188700 0.142200 0.000000 0.221300 0.257000 0.247500 0.166700 0.265200 0.212100 0.188500 0.231000 0.224700 0.172800 0.204700 0.261900 0.242500 0.242900 0.225800 0.235300 0.222200 0.199000 0.266500
BlueWildeb 0.073000 0.504000 0.157200 0.518500 0.097900 0.072900 0.141200 0.074500 0.151400 0.246600 0.073000 0.193800 0.023000 0.126100 0.151400 0.135500 0.202600 0.247500 0.060400 0.125900 0.112700 0.099100 0.253900 0.289100 0.073700 0.085600 0.011200 0.139400 0.147400 0.113500 0.232200 0.113200 0.221300 0.000000 0.072600 0.128000 0.085100 0.121900 0.099300 0.249300 0.275400 0.072200 0.215600 0.234000 0.141100 0.153500 0.098900 0.111600 0.153500 0.237300 0.113500 0.172600
Gemsbok 0.074000 0.571100 0.221100 0.513200 0.126700 0.100700 0.144200 0.102700 0.182800 0.253100 0.074600 0.228100 0.072300 0.128900 0.154600 0.137600 0.207700 0.286100 0.087500 0.156600 0.142900 0.101300 0.259900 0.296500 0.075400 0.113900 0.084800 0.170500 0.149700 0.143700 0.238500 0.115700 0.257000 0.072600 0.000000 0.159900 0.087000 0.151500 0.100900 0.255800 0.249400 0.099400 0.221200 0.273000 0.173400 0.156800 0.127600 0.114200 0.157400 0.242800 0.143700 0.206800
Yak 0.103900 0.445800 0.079800 0.507100 0.129900 0.130800 0.148100 0.105500 0.076500 0.167300 0.103900 0.090200 0.127600 0.105000 0.158700 0.142300 0.152600 0.166800 0.089800 0.051100 0.119000 0.131700 0.207100 0.178500 0.104600 0.117200 0.141000 0.064000 0.154000 0.038400 0.153200 0.091800 0.247500 0.128000 0.159900 0.000000 0.116700 0.155400 0.103900 0.138500 0.196000 0.130000 0.166900 0.184500 0.012600 0.132700 0.132200 0.117400 0.162500 0.234600 0.038400 0.066400
BlueSheep 0.012000 0.517700 0.145600 0.423800 0.086600 0.036300 0.049800 0.075800 0.112900 0.204600 0.011800 0.154100 0.084800 0.062400 0.113200 0.097900 0.132400 0.204800 0.048900 0.087700 0.101400 0.036500 0.243500 0.216300 0.012100 0.074200 0.072000 0.100800 0.109800 0.075300 0.190500 0.049500 0.166700 0.085100 0.087000 0.116700 0.000000 0.110900 0.087900 0.176200 0.233000 0.086100 0.174500 0.192900 0.129900 0.087900 0.114200 0.074400 0.111600 0.181300 0.075300 0.132000
BohorReedb 0.098600 0.616100 0.215300 0.559700 0.023400 0.124200 0.168400 0.126800 0.178500 0.246000 0.098600 0.222200 0.121400 0.153400 0.150300 0.135500 0.201300 0.245900 0.060000 0.152700 0.126500 0.125000 0.254300 0.272400 0.099200 0.138000 0.134500 0.138800 0.146300 0.140100 0.231700 0.140200 0.265200 0.121900 0.151500 0.155400 0.110900 0.000000 0.098700 0.216900 0.243800 0.150400 0.215000 0.264400 0.140300 0.180900 0.152600 0.137800 0.183300 0.250900 0.140100 0.201300
KirksDik 0.075300 0.523500 0.161900 0.471700 0.074400 0.101200 0.117300 0.076600 0.127900 0.222800 0.075300 0.170400 0.098800 0.103000 0.128000 0.061000 0.178300 0.223400 0.062000 0.102100 0.089400 0.101800 0.230500 0.265200 0.075800 0.088400 0.112000 0.088700 0.098000 0.089500 0.208200 0.089900 0.212100 0.099300 0.100900 0.103900 0.087900 0.098700 0.000000 0.193800 0.219800 0.100900 0.191700 0.241900 0.117100 0.129800 0.075600 0.088100 0.127900 0.229200 0.089500 0.148000
RoeDeer 0.162900 0.453300 0.169400 0.449600 0.190500 0.191600 0.211800 0.212700 0.162000 0.025800 0.162900 0.147600 0.248500 0.164700 0.221900 0.188800 0.094900 0.108300 0.176900 0.135000 0.243800 0.192900 0.063800 0.091100 0.164000 0.207400 0.231400 0.120300 0.200100 0.121700 0.012900 0.150700 0.188500 0.249300 0.255800 0.138500 0.176200 0.216900 0.193800 0.000000 0.051800 0.220900 0.025700 0.094500 0.122600 0.194400 0.257900 0.208400 0.233200 0.175400 0.121700 0.154900
WhiteLippe 0.219600 0.536100 0.228100 0.502800 0.217500 0.249000 0.271700 0.272700 0.218300 0.051300 0.219600 0.203900 0.274500 0.222100 0.281300 0.214500 0.150700 0.164200 0.234100 0.190900 0.305100 0.251100 0.037100 0.145400 0.221200 0.233800 0.257300 0.175500 0.225400 0.177400 0.038400 0.207800 0.231000 0.275400 0.249400 0.196000 0.233000 0.243800 0.219800 0.051800 0.000000 0.247200 0.051200 0.150000 0.178900 0.252900 0.284700 0.267100 0.298400 0.217500 0.177400 0.213300
ThomsonGaz 0.073800 0.491900 0.159500 0.483500 0.125900 0.099400 0.115400 0.062600 0.126000 0.188000 0.073800 0.167600 0.071800 0.100800 0.153800 0.110700 0.175100 0.219500 0.086900 0.100600 0.087700 0.100200 0.257700 0.293800 0.074600 0.036200 0.059400 0.113900 0.122700 0.088100 0.204300 0.087900 0.224700 0.072200 0.099400 0.130000 0.086100 0.150400 0.100900 0.220900 0.247200 0.000000 0.188100 0.270900 0.143300 0.127700 0.127500 0.113400 0.156200 0.210500 0.088100 0.145700
MuntiacusC 0.161300 0.494200 0.198600 0.444100 0.188700 0.189600 0.209600 0.210400 0.189900 0.025200 0.161300 0.175500 0.214900 0.163100 0.219700 0.187000 0.122400 0.135800 0.175200 0.162800 0.241300 0.191000 0.063100 0.118200 0.162400 0.174900 0.198800 0.147700 0.198300 0.149300 0.012300 0.149200 0.172800 0.215600 0.221200 0.166900 0.174500 0.215000 0.191700 0.025700 0.051200 0.188100 0.000000 0.121800 0.150400 0.192500 0.255200 0.206300 0.230000 0.159800 0.149300 0.183900
WhiteTaile 0.209700 0.520400 0.217500 0.517900 0.237600 0.239800 0.230000 0.245500 0.208500 0.122100 0.209700 0.224400 0.265400 0.212300 0.238700 0.268700 0.139400 0.183600 0.192600 0.180500 0.261000 0.241500 0.132100 0.077900 0.211100 0.257000 0.248400 0.195500 0.248300 0.166800 0.108400 0.197600 0.204700 0.234000 0.273000 0.184500 0.192900 0.264400 0.241900 0.094500 0.150000 0.270900 0.121800 0.000000 0.167400 0.243200 0.242100 0.224700 0.252100 0.222200 0.166800 0.235700
Cattle 0.117100 0.465100 0.093200 0.525300 0.115200 0.144000 0.161900 0.118900 0.089400 0.150800 0.117100 0.103200 0.140600 0.118300 0.143300 0.155500 0.136500 0.150400 0.075800 0.063900 0.132400 0.145100 0.190100 0.162000 0.117800 0.130400 0.154200 0.076900 0.139100 0.051200 0.136900 0.105000 0.261900 0.141100 0.173400 0.012600 0.129900 0.140300 0.117100 0.122600 0.178900 0.143300 0.150400 0.167400 0.000000 0.146200 0.145700 0.130600 0.177500 0.217200 0.051200 0.079800
RoyalAntel 0.075400 0.553300 0.133200 0.452200 0.155600 0.101300 0.117300 0.117600 0.128100 0.223600 0.075400 0.170700 0.152900 0.103000 0.142700 0.139900 0.178400 0.255100 0.115200 0.102400 0.145000 0.101900 0.263600 0.266900 0.075900 0.115000 0.138700 0.115800 0.151400 0.089700 0.209200 0.089900 0.242500 0.153500 0.156800 0.132700 0.087900 0.180900 0.129800 0.194400 0.252900 0.127700 0.192500 0.243200 0.146200 0.000000 0.158300 0.115400 0.159200 0.229400 0.089700 0.119600
Steenbok 0.101500 0.548600 0.162100 0.453500 0.127700 0.128400 0.145700 0.103700 0.155900 0.288700 0.101500 0.200100 0.125100 0.130100 0.156100 0.086000 0.209300 0.255900 0.088200 0.129600 0.116300 0.129300 0.262000 0.298900 0.102600 0.115300 0.111500 0.143500 0.098000 0.116900 0.273400 0.116800 0.242900 0.098900 0.127600 0.132200 0.114200 0.152600 0.075600 0.257900 0.284700 0.127500 0.255200 0.242100 0.145700 0.158300 0.000000 0.115100 0.159100 0.259600 0.116900 0.178000
Impala 0.062000 0.496500 0.176100 0.469200 0.113200 0.087500 0.102900 0.062900 0.141000 0.237800 0.062000 0.183900 0.111200 0.088900 0.087200 0.125400 0.162600 0.176100 0.074500 0.088300 0.102300 0.088000 0.277500 0.217400 0.062400 0.100900 0.124400 0.128700 0.137000 0.102600 0.223300 0.076000 0.225800 0.111600 0.114200 0.117400 0.074400 0.137800 0.088100 0.208400 0.267100 0.113400 0.206300 0.224700 0.130600 0.115400 0.115100 0.000000 0.112100 0.213100 0.102600 0.162200
Klipspring 0.097700 0.512300 0.196900 0.484300 0.156000 0.096700 0.145400 0.129600 0.188200 0.265600 0.097700 0.204400 0.152800 0.114400 0.156400 0.169400 0.215800 0.249700 0.112000 0.159100 0.144600 0.127500 0.308700 0.277300 0.098400 0.142300 0.167900 0.174700 0.181900 0.145000 0.249300 0.099900 0.235300 0.153500 0.157400 0.162500 0.111600 0.183300 0.127900 0.233200 0.298400 0.156200 0.230000 0.252100 0.177500 0.159200 0.159100 0.112100 0.000000 0.203600 0.145000 0.181300
ForestMusk 0.168500 0.619500 0.235400 0.465400 0.225300 0.196900 0.216600 0.217400 0.226300 0.189500 0.168500 0.241600 0.236400 0.170400 0.226300 0.236600 0.160800 0.203700 0.183000 0.199400 0.245600 0.198300 0.198700 0.245500 0.170400 0.198500 0.220700 0.213900 0.219100 0.186300 0.175600 0.156900 0.222200 0.237300 0.242800 0.234600 0.181300 0.250900 0.229200 0.175400 0.217500 0.210500 0.159800 0.222200 0.217200 0.229400 0.259600 0.213100 0.203600 0.000000 0.186300 0.220900
Bushbuck 0.062800 0.439300 0.064800 0.434100 0.115100 0.088600 0.104200 0.077400 0.036900 0.149700 0.062800 0.075800 0.113100 0.063500 0.143200 0.100100 0.107000 0.149500 0.075800 0.012300 0.104100 0.089200 0.188600 0.191200 0.063200 0.075700 0.099400 0.024000 0.111800 0.000000 0.135800 0.050700 0.199000 0.113500 0.143700 0.038400 0.075300 0.140100 0.089500 0.121700 0.177400 0.088100 0.149300 0.166800 0.051200 0.089700 0.116900 0.102600 0.145000 0.186300 0.000000 0.051700
GreaterKud 0.119000 0.454700 0.012500 0.445600 0.175200 0.146600 0.164800 0.135900 0.090300 0.184300 0.119000 0.104900 0.172000 0.120400 0.206100 0.157900 0.169500 0.184100 0.133000 0.064600 0.164700 0.147500 0.224300 0.227800 0.119800 0.132700 0.156800 0.077800 0.169700 0.051700 0.169800 0.106800 0.266500 0.172600 0.206800 0.066400 0.132000 0.201300 0.148000 0.154900 0.213300 0.145700 0.183900 0.235700 0.079800 0.119600 0.178000 0.162200 0.181300 0.220900 0.051700 0.000000
