1
52 1
Argali 0.000000 0.226700 0.065900 0.245600 0.052700 0.000000 0.033500 0.044600 0.057600 0.098500 0.023000 0.052300 0.038800 0.044500 0.049400 0.033700 0.091500 0.087900 0.046700 0.057600 0.044600 0.025600 0.087700 0.093000 0.023000 0.033700 0.025600 0.057600 0.044300 0.065700 0.093200 0.039100 0.134300 0.023000 0.039000 0.049700 0.028200 0.044400 0.060500 0.092500 0.084800 0.041800 0.096000 0.101200 0.055100 0.044200 0.046900 0.068800 0.033700 0.085000 0.060400 0.060200
LesserMous 0.226700 0.000000 0.208000 0.244400 0.229300 0.226400 0.219800 0.215900 0.203700 0.230000 0.229100 0.210600 0.216500 0.222200 0.219900 0.221700 0.214700 0.219900 0.233600 0.213900 0.222400 0.226000 0.222600 0.232200 0.229000 0.221600 0.216500 0.210300 0.234700 0.220300 0.229400 0.211800 0.258300 0.216700 0.230400 0.208100 0.232700 0.221600 0.231100 0.232600 0.232600 0.228500 0.229300 0.235200 0.214700 0.221100 0.207900 0.225400 0.215700 0.247000 0.214200 0.213800
LesserKudu 0.065900 0.208000 0.000000 0.250200 0.078100 0.065900 0.063300 0.061300 0.012800 0.107500 0.068500 0.044500 0.068900 0.077800 0.071600 0.066500 0.089100 0.085500 0.077100 0.015400 0.069600 0.071300 0.102200 0.107700 0.068500 0.066500 0.057800 0.012800 0.077500 0.015400 0.102200 0.075000 0.137600 0.057800 0.063800 0.036600 0.068500 0.069300 0.091500 0.107900 0.099300 0.072200 0.105000 0.124600 0.041900 0.074600 0.071800 0.091800 0.064300 0.107500 0.010300 0.015400
KillerWhal 0.245600 0.244400 0.250200 0.000000 0.251800 0.245300 0.241300 0.248200 0.238800 0.258800 0.248200 0.236000 0.245700 0.252000 0.259200 0.250600 0.219600 0.218200 0.270800 0.239000 0.251500 0.252000 0.245100 0.254800 0.248100 0.243500 0.238700 0.238700 0.257200 0.249100 0.254800 0.248100 0.267600 0.238900 0.256900 0.226700 0.251800 0.243400 0.257500 0.251700 0.248400 0.240900 0.258100 0.268000 0.233800 0.243600 0.235700 0.237200 0.236400 0.284300 0.242800 0.242100
DefassaWat 0.052700 0.229300 0.078100 0.251800 0.000000 0.052600 0.039300 0.050700 0.069400 0.102600 0.049900 0.064000 0.055600 0.056000 0.063700 0.045000 0.089900 0.092000 0.069200 0.072300 0.050600 0.052600 0.088800 0.097100 0.049800 0.045000 0.041900 0.069400 0.055800 0.077800 0.097300 0.050500 0.142100 0.039300 0.061400 0.061300 0.055300 0.012900 0.066800 0.096600 0.088800 0.050600 0.100100 0.105400 0.066900 0.047500 0.052900 0.081000 0.044800 0.100500 0.072400 0.077700
Sheep 0.000000 0.226400 0.065900 0.245300 0.052600 0.000000 0.033500 0.044600 0.057500 0.098400 0.023000 0.052200 0.038800 0.044400 0.049400 0.033700 0.091400 0.087900 0.046700 0.057600 0.044600 0.025600 0.087600 0.093000 0.023000 0.033700 0.025600 0.057500 0.044300 0.065700 0.093200 0.039100 0.134200 0.023000 0.039000 0.049600 0.028200 0.044300 0.060500 0.092400 0.084800 0.041800 0.095900 0.101100 0.055100 0.044200 0.046900 0.068800 0.033600 0.085000 0.060400 0.060200
MaxwellsDu 0.033500 0.219800 0.063300 0.241300 0.039300 0.033500 0.000000 0.028700 0.055000 0.087300 0.030800 0.044300 0.036300 0.035500 0.038900 0.020700 0.073800 0.070500 0.054900 0.057800 0.031300 0.033500 0.076700 0.076600 0.030800 0.025900 0.023100 0.049600 0.031100 0.063100 0.082200 0.031100 0.119900 0.020500 0.031100 0.045800 0.036100 0.031200 0.041700 0.081300 0.073900 0.031200 0.084900 0.084600 0.051300 0.035700 0.033700 0.058000 0.023200 0.092500 0.057800 0.057700
GazellaPrz 0.044600 0.215900 0.061300 0.248200 0.050700 0.044600 0.028700 0.000000 0.052900 0.096700 0.041800 0.044800 0.039400 0.047800 0.047400 0.020800 0.081300 0.077900 0.058300 0.058500 0.023500 0.041900 0.085900 0.091300 0.041800 0.020800 0.034000 0.052900 0.031300 0.063900 0.091500 0.039600 0.130100 0.031300 0.042300 0.047700 0.041900 0.036900 0.046800 0.090800 0.083000 0.026100 0.094200 0.099500 0.053200 0.042000 0.031300 0.067000 0.036800 0.103300 0.058500 0.061100
MountainNy 0.057600 0.203700 0.012800 0.238800 0.069400 0.057500 0.055000 0.052900 0.000000 0.095800 0.060100 0.041700 0.055000 0.069200 0.063100 0.060800 0.080300 0.079600 0.074100 0.007700 0.061100 0.057500 0.090500 0.095900 0.060100 0.060800 0.049500 0.005100 0.071700 0.012800 0.090500 0.060900 0.128300 0.049600 0.055400 0.028500 0.060200 0.060800 0.082800 0.096100 0.087700 0.066500 0.093300 0.112600 0.033800 0.066000 0.063300 0.083000 0.056700 0.102100 0.007700 0.012800
MuntiacusM 0.098500 0.230000 0.107500 0.258800 0.102600 0.098400 0.087300 0.096700 0.095800 0.000000 0.095400 0.090200 0.098900 0.099300 0.110000 0.093600 0.096400 0.098600 0.115600 0.101600 0.093700 0.095500 0.022900 0.032300 0.095400 0.093600 0.087300 0.098600 0.099100 0.107200 0.005000 0.090800 0.139600 0.084600 0.102000 0.095000 0.101200 0.093500 0.107700 0.041100 0.025400 0.099500 0.002500 0.042700 0.098900 0.099200 0.101700 0.131300 0.096100 0.112600 0.101700 0.107100
goat 0.023000 0.229100 0.068500 0.248200 0.049900 0.023000 0.030800 0.041800 0.060100 0.095400 0.000000 0.054800 0.036100 0.041700 0.046600 0.031000 0.088500 0.085000 0.054700 0.062900 0.041800 0.007600 0.084700 0.090100 0.000000 0.031000 0.023000 0.060100 0.041600 0.068300 0.090200 0.036400 0.134000 0.020400 0.041600 0.052200 0.005100 0.041600 0.057700 0.083900 0.081900 0.039100 0.093000 0.098200 0.057700 0.041500 0.044100 0.065900 0.038800 0.087600 0.063000 0.068300
AfricanBuf 0.052300 0.210600 0.044500 0.236000 0.064000 0.052200 0.044300 0.044800 0.041700 0.090200 0.054800 0.000000 0.055100 0.066500 0.059500 0.052700 0.077700 0.077000 0.064800 0.044400 0.052900 0.057600 0.079500 0.084900 0.054800 0.052700 0.046900 0.036300 0.058000 0.049700 0.085000 0.055500 0.127800 0.044300 0.044600 0.028400 0.054800 0.055400 0.071500 0.084500 0.076700 0.058300 0.087800 0.101400 0.033700 0.055100 0.057900 0.077500 0.047100 0.096500 0.044400 0.044300
Topi 0.038800 0.216500 0.068900 0.245700 0.055600 0.038800 0.036300 0.039400 0.055000 0.098900 0.036100 0.055100 0.000000 0.047300 0.052300 0.036500 0.094700 0.091100 0.060400 0.063300 0.044700 0.033500 0.088000 0.093400 0.036100 0.036500 0.018000 0.060500 0.047200 0.068700 0.093600 0.036600 0.131700 0.015400 0.036500 0.052500 0.036200 0.047200 0.063500 0.092800 0.085100 0.039200 0.096300 0.101600 0.058000 0.041600 0.049800 0.071800 0.044400 0.096500 0.063400 0.068600
CommonDuik 0.044500 0.222200 0.077800 0.252000 0.056000 0.044400 0.035500 0.047800 0.069200 0.099300 0.041700 0.066500 0.047300 0.000000 0.058100 0.036800 0.089600 0.086000 0.060900 0.072100 0.042300 0.044400 0.088600 0.088400 0.041700 0.036800 0.028500 0.069200 0.047500 0.077500 0.094200 0.015500 0.132800 0.031200 0.052000 0.063900 0.047100 0.047600 0.058400 0.093300 0.085700 0.045000 0.096900 0.090900 0.069500 0.047100 0.044700 0.072300 0.044700 0.103000 0.072100 0.077500
Suni 0.049400 0.219900 0.071600 0.259200 0.063700 0.049400 0.038900 0.047400 0.063100 0.110000 0.046600 0.059500 0.052300 0.058100 0.000000 0.047200 0.083300 0.079800 0.065500 0.066000 0.055500 0.049400 0.099100 0.104500 0.046600 0.047200 0.038800 0.057700 0.057900 0.071300 0.104700 0.052600 0.149000 0.036200 0.047200 0.055200 0.052000 0.055200 0.066100 0.104000 0.096200 0.052600 0.107500 0.112700 0.060700 0.057800 0.052400 0.055200 0.047000 0.110700 0.066000 0.065800
Springbuck 0.033700 0.221700 0.066500 0.250600 0.045000 0.033700 0.020700 0.020800 0.060800 0.093600 0.031000 0.052700 0.036500 0.036800 0.047200 0.000000 0.083700 0.080200 0.052500 0.063700 0.020800 0.033700 0.082800 0.077100 0.031000 0.010300 0.023200 0.060800 0.010300 0.063600 0.088400 0.031400 0.117800 0.020600 0.042100 0.052800 0.036300 0.031400 0.044000 0.087700 0.080000 0.018100 0.091100 0.085200 0.058300 0.036400 0.031100 0.061200 0.033900 0.091400 0.063700 0.069000
Okapi 0.091500 0.214700 0.089100 0.219600 0.089900 0.091400 0.073800 0.081300 0.080300 0.096400 0.088500 0.077700 0.094700 0.089600 0.083300 0.083700 0.000000 0.028500 0.106100 0.083200 0.086900 0.091400 0.088500 0.096800 0.088400 0.083700 0.077500 0.074700 0.095000 0.088700 0.096900 0.092400 0.106100 0.077500 0.094300 0.080700 0.094200 0.081000 0.094900 0.091200 0.085700 0.089600 0.099700 0.107800 0.086400 0.091900 0.086200 0.112600 0.082100 0.102900 0.083300 0.083100
Giraffe 0.087900 0.219900 0.085500 0.218200 0.092000 0.087900 0.070500 0.077900 0.079600 0.098600 0.085000 0.077000 0.091100 0.086000 0.079800 0.080200 0.028500 0.000000 0.102300 0.082500 0.083400 0.087800 0.085000 0.093200 0.084900 0.080200 0.074100 0.074100 0.085800 0.088000 0.093300 0.088800 0.096700 0.074100 0.085100 0.080000 0.090600 0.083100 0.091300 0.087700 0.082200 0.086100 0.096100 0.104100 0.085700 0.094000 0.082700 0.108800 0.078800 0.107700 0.082600 0.082300
TibetanAnt 0.046700 0.233600 0.077100 0.270800 0.069200 0.046700 0.054900 0.058300 0.074100 0.115600 0.054700 0.064800 0.060400 0.060900 0.065500 0.052500 0.106100 0.102300 0.000000 0.077000 0.063700 0.057400 0.104600 0.110100 0.054600 0.052500 0.046800 0.074100 0.063300 0.082400 0.110300 0.055300 0.158200 0.044100 0.055200 0.066100 0.060100 0.060700 0.077100 0.106600 0.101700 0.060800 0.113100 0.118400 0.071600 0.060400 0.057800 0.085700 0.049600 0.102200 0.077100 0.082400
Sitatunga 0.057600 0.213900 0.015400 0.239000 0.072300 0.057600 0.057800 0.058500 0.007700 0.101600 0.062900 0.044400 0.063300 0.072100 0.066000 0.063700 0.083200 0.082500 0.077000 0.000000 0.066700 0.065700 0.096300 0.101700 0.062900 0.063700 0.052300 0.007700 0.074600 0.015400 0.096300 0.069300 0.128200 0.052300 0.058200 0.031200 0.063000 0.063700 0.085700 0.102000 0.093500 0.069300 0.099100 0.118600 0.036500 0.068900 0.066100 0.086000 0.059500 0.105100 0.010300 0.012800
Oribi 0.044600 0.222400 0.069600 0.251500 0.050600 0.044600 0.031300 0.023500 0.061100 0.093700 0.041800 0.052900 0.044700 0.042300 0.055500 0.020800 0.086900 0.083400 0.063700 0.066700 0.000000 0.041800 0.083000 0.088400 0.041800 0.020800 0.028600 0.063800 0.031300 0.072100 0.088500 0.039600 0.133000 0.031300 0.053100 0.058500 0.047200 0.036900 0.049500 0.087800 0.080100 0.026100 0.091300 0.096600 0.064100 0.047200 0.036600 0.075300 0.039400 0.103200 0.066700 0.072100
BarbaryShe 0.025600 0.226000 0.071300 0.252000 0.052600 0.025600 0.033500 0.041900 0.057500 0.095500 0.007600 0.057600 0.033500 0.044400 0.049400 0.033700 0.091400 0.087800 0.057400 0.065700 0.041800 0.000000 0.084700 0.090100 0.007600 0.033700 0.025600 0.062900 0.044300 0.071100 0.090300 0.033700 0.137100 0.023000 0.044300 0.055000 0.012700 0.044300 0.060400 0.089500 0.081900 0.041800 0.093000 0.098200 0.060400 0.044200 0.046800 0.068700 0.041500 0.090500 0.065800 0.071000
Daviddeer 0.087700 0.222600 0.102200 0.245100 0.088800 0.087600 0.076700 0.085900 0.090500 0.022900 0.084700 0.079500 0.088000 0.088600 0.099100 0.082800 0.088500 0.085000 0.104600 0.096300 0.083000 0.084700 0.000000 0.022800 0.084600 0.082800 0.076600 0.093400 0.088300 0.101800 0.022900 0.080100 0.125300 0.073900 0.091200 0.082500 0.090300 0.082800 0.096700 0.030600 0.007600 0.088600 0.020300 0.038300 0.088200 0.088300 0.090800 0.114100 0.079700 0.098900 0.096400 0.101800
Reindeer 0.093000 0.232200 0.107700 0.254800 0.097100 0.093000 0.076600 0.091300 0.095900 0.032300 0.090100 0.084900 0.093400 0.088400 0.104500 0.077100 0.096800 0.093200 0.110100 0.101700 0.088400 0.090100 0.022800 0.000000 0.090000 0.088200 0.082000 0.098800 0.079800 0.101600 0.025400 0.085500 0.122200 0.079300 0.098400 0.087900 0.095700 0.088200 0.102200 0.035800 0.025400 0.094100 0.029700 0.020100 0.093600 0.093700 0.096300 0.119800 0.090700 0.107200 0.101800 0.107200
Ibex 0.023000 0.229000 0.068500 0.248100 0.049800 0.023000 0.030800 0.041800 0.060100 0.095400 0.000000 0.054800 0.036100 0.041700 0.046600 0.031000 0.088400 0.084900 0.054600 0.062900 0.041800 0.007600 0.084600 0.090000 0.000000 0.031000 0.023000 0.060100 0.041600 0.068200 0.090200 0.036300 0.134000 0.020400 0.041600 0.052200 0.005000 0.041600 0.057600 0.083800 0.081800 0.039000 0.092900 0.098100 0.057600 0.041500 0.044100 0.065900 0.038800 0.087600 0.063000 0.068200
GyrantGaze 0.033700 0.221600 0.066500 0.243500 0.045000 0.033700 0.025900 0.020800 0.060800 0.093600 0.031000 0.052700 0.036500 0.036800 0.047200 0.010300 0.083700 0.080200 0.052500 0.063700 0.020800 0.033700 0.082800 0.088200 0.031000 0.000000 0.023200 0.060800 0.020700 0.069100 0.088300 0.031400 0.129500 0.020600 0.042100 0.052800 0.036300 0.031400 0.043900 0.087700 0.080000 0.012900 0.091100 0.096300 0.058300 0.036400 0.031100 0.066700 0.033900 0.091400 0.063700 0.069100
Hartebeest 0.025600 0.216500 0.057800 0.238700 0.041900 0.025600 0.023100 0.034000 0.049500 0.087300 0.023000 0.046900 0.018000 0.028500 0.038800 0.023200 0.077500 0.074100 0.046800 0.052300 0.028600 0.025600 0.076600 0.082000 0.023000 0.023200 0.000000 0.049500 0.033700 0.057600 0.082100 0.028500 0.122600 0.002500 0.028500 0.044300 0.028200 0.033800 0.049700 0.081500 0.073800 0.031200 0.084800 0.090000 0.049700 0.033600 0.036300 0.057900 0.031000 0.085100 0.052300 0.057600
Bongo 0.057600 0.210300 0.012800 0.238700 0.069400 0.057500 0.049600 0.052900 0.005100 0.098600 0.060100 0.036300 0.060500 0.069200 0.057700 0.060800 0.074700 0.074100 0.074100 0.007700 0.063800 0.062900 0.093400 0.098800 0.060100 0.060800 0.049500 0.000000 0.071700 0.012800 0.093400 0.066400 0.128300 0.049600 0.055400 0.028500 0.060200 0.060800 0.077200 0.099000 0.090500 0.066500 0.096100 0.115500 0.033800 0.066000 0.063300 0.077400 0.051200 0.102100 0.007700 0.007600
Gerenuk 0.044300 0.234700 0.077500 0.257200 0.055800 0.044300 0.031100 0.031300 0.071700 0.099100 0.041600 0.058000 0.047200 0.047500 0.057900 0.010300 0.095000 0.085800 0.063300 0.074600 0.031300 0.044300 0.088300 0.079800 0.041600 0.020700 0.033700 0.071700 0.000000 0.074500 0.093800 0.036700 0.123500 0.031100 0.042000 0.063700 0.046900 0.042000 0.052100 0.093200 0.085400 0.028600 0.096600 0.087900 0.063800 0.047100 0.041700 0.072200 0.039200 0.097000 0.074700 0.080000
CommonElan 0.065700 0.220300 0.015400 0.249100 0.077800 0.065700 0.063100 0.063900 0.012800 0.107200 0.068300 0.049700 0.068700 0.077500 0.071300 0.063600 0.088700 0.088000 0.082400 0.015400 0.072100 0.071100 0.101800 0.101600 0.068200 0.069100 0.057600 0.012800 0.074500 0.000000 0.101800 0.074700 0.131200 0.057600 0.063500 0.036400 0.068300 0.069000 0.091200 0.107500 0.099000 0.074800 0.104600 0.118400 0.041800 0.074300 0.071500 0.085900 0.065000 0.110600 0.010200 0.015400
MuntiacusR 0.093200 0.229400 0.102200 0.254800 0.097300 0.093200 0.082200 0.091500 0.090500 0.005000 0.090200 0.085000 0.093600 0.094200 0.104700 0.088400 0.096900 0.093300 0.110300 0.096300 0.088500 0.090300 0.022900 0.025400 0.090200 0.088300 0.082100 0.093400 0.093800 0.101800 0.000000 0.085600 0.134100 0.079400 0.096700 0.088000 0.095900 0.088300 0.102400 0.035800 0.025400 0.094200 0.002500 0.035700 0.093700 0.093900 0.096400 0.125800 0.090900 0.107300 0.096400 0.101800
HarveysDui 0.039100 0.211800 0.075000 0.248100 0.050500 0.039100 0.031100 0.039600 0.060900 0.090800 0.036400 0.055500 0.036600 0.015500 0.052600 0.031400 0.092400 0.088800 0.055300 0.069300 0.039600 0.033700 0.080100 0.085500 0.036300 0.031400 0.028500 0.066400 0.036700 0.074700 0.085600 0.000000 0.135700 0.025900 0.042100 0.058400 0.041700 0.042100 0.052900 0.084800 0.077200 0.039500 0.088400 0.093600 0.063900 0.041700 0.039300 0.066700 0.039300 0.097200 0.069300 0.074700
Pronghorn 0.134300 0.258300 0.137600 0.267600 0.142100 0.134200 0.119900 0.130100 0.128300 0.139600 0.134000 0.127800 0.131700 0.132800 0.149000 0.117800 0.106100 0.096700 0.158200 0.128200 0.133000 0.137100 0.125300 0.122200 0.134000 0.129500 0.122600 0.128300 0.123500 0.131200 0.134100 0.135700 0.000000 0.122700 0.135400 0.126000 0.134100 0.132400 0.147100 0.131100 0.125200 0.132600 0.136900 0.133500 0.131900 0.138000 0.134900 0.159500 0.134100 0.143100 0.131600 0.134000
BlueWildeb 0.023000 0.216700 0.057800 0.238900 0.039300 0.023000 0.020500 0.031300 0.049600 0.084600 0.020400 0.044300 0.015400 0.031200 0.036200 0.020600 0.077500 0.074100 0.044100 0.052300 0.031300 0.023000 0.073900 0.079300 0.020400 0.020600 0.002500 0.049600 0.031100 0.057600 0.079400 0.025900 0.122700 0.000000 0.025900 0.041700 0.025600 0.031100 0.047100 0.078700 0.071100 0.028600 0.082100 0.087300 0.047100 0.031000 0.033700 0.055200 0.028400 0.082400 0.052400 0.057600
Gemsbok 0.039000 0.230400 0.063800 0.256900 0.061400 0.039000 0.031100 0.042300 0.055400 0.102000 0.041600 0.044600 0.036500 0.052000 0.047200 0.042100 0.094300 0.085100 0.055200 0.058200 0.053100 0.044300 0.091200 0.098400 0.041600 0.042100 0.028500 0.055400 0.042000 0.063500 0.096700 0.042100 0.135400 0.025900 0.000000 0.046300 0.041600 0.052900 0.069300 0.096000 0.088300 0.050300 0.099500 0.106700 0.051800 0.047100 0.050000 0.069400 0.044600 0.096300 0.058200 0.063500
Yak 0.049700 0.208100 0.036600 0.226700 0.061300 0.049600 0.045800 0.047700 0.028500 0.095000 0.052200 0.028400 0.052500 0.063900 0.055200 0.052800 0.080700 0.080000 0.066100 0.031200 0.058500 0.055000 0.082500 0.087900 0.052200 0.052800 0.044300 0.028500 0.063700 0.036400 0.088000 0.058400 0.126000 0.041700 0.046300 0.000000 0.052300 0.052800 0.068900 0.087400 0.079700 0.058400 0.090800 0.104500 0.010300 0.057700 0.055300 0.074900 0.049900 0.093900 0.031200 0.036400
BlueSheep 0.028200 0.232700 0.068500 0.251800 0.055300 0.028200 0.036100 0.041900 0.060200 0.101200 0.005100 0.054800 0.036200 0.047100 0.052000 0.036300 0.094200 0.090600 0.060100 0.063000 0.047200 0.012700 0.090300 0.095700 0.005000 0.036300 0.028200 0.060200 0.046900 0.068300 0.095900 0.041700 0.134100 0.025600 0.041600 0.052300 0.000000 0.047000 0.063100 0.089500 0.087500 0.044400 0.098600 0.103900 0.057700 0.041500 0.049500 0.071400 0.044200 0.093300 0.063000 0.068300
BohorReedb 0.044400 0.221600 0.069300 0.243400 0.012900 0.044300 0.031200 0.036900 0.060800 0.093500 0.041600 0.055400 0.047200 0.047600 0.055200 0.031400 0.081000 0.083100 0.060700 0.063700 0.036900 0.044300 0.082800 0.088200 0.041600 0.031400 0.033800 0.060800 0.042000 0.069000 0.088300 0.042100 0.132400 0.031100 0.052900 0.052800 0.047000 0.000000 0.055500 0.087500 0.079900 0.036800 0.091100 0.096300 0.058300 0.039000 0.041900 0.075000 0.039300 0.091400 0.063700 0.069000
KirksDik 0.060500 0.231100 0.091500 0.257500 0.066800 0.060500 0.041700 0.046800 0.082800 0.107700 0.057700 0.071500 0.063500 0.058400 0.066100 0.044000 0.094900 0.091300 0.077100 0.085700 0.049500 0.060400 0.096700 0.102200 0.057600 0.043900 0.049700 0.077200 0.052100 0.091200 0.102400 0.052900 0.147100 0.047100 0.069300 0.068900 0.063100 0.055500 0.000000 0.101700 0.093900 0.049300 0.105200 0.104800 0.071700 0.063500 0.040900 0.086000 0.047200 0.114200 0.085800 0.085500
RoeDeer 0.092500 0.232600 0.107900 0.251700 0.096600 0.092400 0.081300 0.090800 0.096100 0.041100 0.083900 0.084500 0.092800 0.093300 0.104000 0.087700 0.091200 0.087700 0.106600 0.102000 0.087800 0.089500 0.030600 0.035800 0.083800 0.087700 0.081500 0.099000 0.093200 0.107500 0.035800 0.084800 0.131100 0.078700 0.096000 0.087400 0.089500 0.087500 0.101700 0.000000 0.025400 0.093500 0.038400 0.046100 0.093100 0.093300 0.095700 0.125200 0.090100 0.113100 0.102000 0.101800
WhiteLippe 0.084800 0.232600 0.099300 0.248400 0.088800 0.084800 0.073900 0.083000 0.087700 0.025400 0.081900 0.076700 0.085100 0.085700 0.096200 0.080000 0.085700 0.082200 0.101700 0.093500 0.080100 0.081900 0.007600 0.025400 0.081800 0.080000 0.073800 0.090500 0.085400 0.099000 0.025400 0.077200 0.125200 0.071100 0.088300 0.079700 0.087500 0.079900 0.093900 0.025400 0.000000 0.085800 0.022800 0.040900 0.085300 0.085500 0.088000 0.117000 0.082500 0.101700 0.093500 0.098900
ThomsonGaz 0.041800 0.228500 0.072200 0.240900 0.050600 0.041800 0.031200 0.026100 0.066500 0.099500 0.039100 0.058300 0.039200 0.045000 0.052600 0.018100 0.089600 0.086100 0.060800 0.069300 0.026100 0.041800 0.088600 0.094100 0.039000 0.012900 0.031200 0.066500 0.028600 0.074800 0.094200 0.039500 0.132600 0.028600 0.050300 0.058400 0.044400 0.036800 0.049300 0.093500 0.085800 0.000000 0.097000 0.102300 0.064000 0.044400 0.036500 0.072300 0.039300 0.097100 0.069400 0.074800
MuntiacusC 0.096000 0.229300 0.105000 0.258100 0.100100 0.095900 0.084900 0.094200 0.093300 0.002500 0.093000 0.087800 0.096300 0.096900 0.107500 0.091100 0.099700 0.096100 0.113100 0.099100 0.091300 0.093000 0.020300 0.029700 0.092900 0.091100 0.084800 0.096100 0.096600 0.104600 0.002500 0.088400 0.136900 0.082100 0.099500 0.090800 0.098600 0.091100 0.105200 0.038400 0.022800 0.097000 0.000000 0.040100 0.096500 0.096700 0.099200 0.128600 0.093600 0.110100 0.099100 0.104600
WhiteTaile 0.101200 0.235200 0.124600 0.268000 0.105400 0.101100 0.084600 0.099500 0.112600 0.042700 0.098200 0.101400 0.101600 0.090900 0.112700 0.085200 0.107800 0.104100 0.118400 0.118600 0.096600 0.098200 0.038300 0.020100 0.098100 0.096300 0.090000 0.115500 0.087900 0.118400 0.035700 0.093600 0.133500 0.087300 0.106700 0.104500 0.103900 0.096300 0.104800 0.046100 0.040900 0.102300 0.040100 0.000000 0.110300 0.101900 0.098800 0.128200 0.098900 0.124100 0.118700 0.124100
Cattle 0.055100 0.214700 0.041900 0.233800 0.066900 0.055100 0.051300 0.053200 0.033800 0.098900 0.057700 0.033700 0.058000 0.069500 0.060700 0.058300 0.086400 0.085700 0.071600 0.036500 0.064100 0.060400 0.088200 0.093600 0.057600 0.058300 0.049700 0.033800 0.063800 0.041800 0.093700 0.063900 0.131900 0.047100 0.051800 0.010300 0.057700 0.058300 0.071700 0.093100 0.085300 0.064000 0.096500 0.110300 0.000000 0.063400 0.060800 0.080500 0.050000 0.099600 0.036500 0.041800
RoyalAntel 0.044200 0.221100 0.074600 0.243600 0.047500 0.044200 0.035700 0.042000 0.066000 0.099200 0.041500 0.055100 0.041600 0.047100 0.057800 0.036400 0.091900 0.094000 0.060400 0.068900 0.047200 0.044200 0.088300 0.093700 0.041500 0.036400 0.033600 0.066000 0.047100 0.074300 0.093900 0.041700 0.138000 0.031000 0.047100 0.057700 0.041500 0.039000 0.063500 0.093300 0.085500 0.044400 0.096700 0.101900 0.063400 0.000000 0.049700 0.077600 0.044200 0.090900 0.068900 0.074300
Steenbok 0.046900 0.207900 0.071800 0.235700 0.052900 0.046900 0.033700 0.031300 0.063300 0.101700 0.044100 0.057900 0.049800 0.044700 0.052400 0.031100 0.086200 0.082700 0.057800 0.066100 0.036600 0.046800 0.090800 0.096300 0.044100 0.031100 0.036300 0.063300 0.041700 0.071500 0.096400 0.039300 0.134900 0.033700 0.050000 0.055300 0.049500 0.041900 0.040900 0.095700 0.088000 0.036500 0.099200 0.098800 0.060800 0.049700 0.000000 0.069200 0.041800 0.105200 0.066200 0.071500
Impala 0.068800 0.225400 0.091800 0.237200 0.081000 0.068800 0.058000 0.067000 0.083000 0.131300 0.065900 0.077500 0.071800 0.072300 0.055200 0.061200 0.112600 0.108800 0.085700 0.086000 0.075300 0.068700 0.114100 0.119800 0.065900 0.066700 0.057900 0.077400 0.072200 0.085900 0.125800 0.066700 0.159500 0.055200 0.069400 0.074900 0.071400 0.075000 0.086000 0.125200 0.117000 0.072300 0.128600 0.128200 0.080500 0.077600 0.069200 0.000000 0.060900 0.132000 0.086000 0.085800
Klipspring 0.033700 0.215700 0.064300 0.236400 0.044800 0.033600 0.023200 0.036800 0.056700 0.096100 0.038800 0.047100 0.044400 0.044700 0.047000 0.033900 0.082100 0.078800 0.049600 0.059500 0.039400 0.041500 0.079700 0.090700 0.038800 0.033900 0.031000 0.051200 0.039200 0.065000 0.090900 0.039300 0.134100 0.028400 0.044600 0.049900 0.044200 0.039300 0.047200 0.090100 0.082500 0.039300 0.093600 0.098900 0.050000 0.044200 0.041800 0.060900 0.000000 0.094000 0.059500 0.059400
ForestMusk 0.085000 0.247000 0.107500 0.284300 0.100500 0.085000 0.092500 0.103300 0.102100 0.112600 0.087600 0.096500 0.096500 0.103000 0.110700 0.091400 0.102900 0.107700 0.102200 0.105100 0.103200 0.090500 0.098900 0.107200 0.087600 0.091400 0.085100 0.102100 0.097000 0.110600 0.107300 0.097200 0.143100 0.082400 0.096300 0.093900 0.093300 0.091400 0.114200 0.113100 0.101700 0.097100 0.110100 0.124100 0.099600 0.090900 0.105200 0.132000 0.094000 0.000000 0.105200 0.110600
Bushbuck 0.060400 0.214200 0.010300 0.242800 0.072400 0.060400 0.057800 0.058500 0.007700 0.101700 0.063000 0.044400 0.063400 0.072100 0.066000 0.063700 0.083300 0.082600 0.077100 0.010300 0.066700 0.065800 0.096400 0.101800 0.063000 0.063700 0.052300 0.007700 0.074700 0.010200 0.096400 0.069300 0.131600 0.052400 0.058200 0.031200 0.063000 0.063700 0.085800 0.102000 0.093500 0.069400 0.099100 0.118700 0.036500 0.068900 0.066200 0.086000 0.059500 0.105200 0.000000 0.010200
GreaterKud 0.060200 0.213800 0.015400 0.242100 0.077700 0.060200 0.057700 0.061100 0.012800 0.107100 0.068300 0.044300 0.068600 0.077500 0.065800 0.069000 0.083100 0.082300 0.082400 0.012800 0.072100 0.071000 0.101800 0.107200 0.068200 0.069100 0.057600 0.007600 0.080000 0.015400 0.101800 0.074700 0.134000 0.057600 0.063500 0.036400 0.068300 0.069000 0.085500 0.101800 0.098900 0.074800 0.104600 0.124100 0.041800 0.074300 0.071500 0.085800 0.059400 0.110600 0.010200 0.000000
