1
52 1
Argali 0.000000 0.301800 0.016200 0.226600 0.048000 0.000000 0.080400 0.083000 0.031400 0.067200 0.000000 0.048000 0.031200 0.063800 0.033000 0.097900 0.066400 0.050000 0.031400 0.032100 0.097700 0.000000 0.083300 0.066900 0.000000 0.083100 0.032300 0.048000 0.081800 0.015800 0.050400 0.047900 0.097000 0.048400 0.064600 0.064100 0.015700 0.064000 0.083300 0.084700 0.100000 0.099800 0.067100 0.067100 0.048100 0.098400 0.081700 0.063800 0.083500 0.097600 0.049700 0.015800
LesserMous 0.301800 0.000000 0.280900 0.304900 0.318700 0.301800 0.358500 0.255900 0.255100 0.306800 0.301800 0.318200 0.302200 0.292500 0.310800 0.248900 0.255500 0.283000 0.301900 0.299600 0.249400 0.301800 0.324300 0.305400 0.301800 0.279500 0.302200 0.321800 0.230300 0.281300 0.285400 0.317200 0.285700 0.275600 0.295500 0.339000 0.323400 0.339500 0.280400 0.333700 0.345500 0.299700 0.307000 0.307000 0.318400 0.294200 0.230100 0.336300 0.328200 0.356000 0.333100 0.281300
LesserKudu 0.016200 0.280900 0.000000 0.207300 0.032100 0.016200 0.064200 0.066700 0.016200 0.050400 0.016200 0.032100 0.016200 0.048000 0.016600 0.082000 0.049800 0.033300 0.016200 0.016100 0.082100 0.016200 0.066700 0.050200 0.016200 0.066800 0.016200 0.032400 0.065700 0.000000 0.033600 0.032000 0.080700 0.032400 0.048400 0.048200 0.032400 0.048200 0.067000 0.068100 0.083300 0.083500 0.050400 0.050400 0.032200 0.081900 0.065700 0.047900 0.067100 0.081300 0.033300 0.000000
KillerWhal 0.226600 0.304900 0.207300 0.000000 0.243300 0.226600 0.281400 0.249600 0.226200 0.231500 0.226600 0.243200 0.226900 0.261700 0.233500 0.263700 0.228100 0.209600 0.226700 0.224900 0.264500 0.226600 0.248500 0.230600 0.226600 0.249500 0.226900 0.245700 0.245200 0.207200 0.211400 0.242200 0.258800 0.246200 0.265300 0.262800 0.246600 0.262800 0.244100 0.254700 0.268500 0.269300 0.231400 0.231400 0.243300 0.263400 0.245000 0.260500 0.296800 0.280200 0.253900 0.207200
DefassaWat 0.048000 0.318700 0.032100 0.243300 0.000000 0.048000 0.062800 0.064800 0.047800 0.083200 0.048000 0.063500 0.048000 0.045900 0.049100 0.079900 0.082200 0.066000 0.047900 0.047700 0.079800 0.048000 0.099100 0.082900 0.048000 0.064900 0.048000 0.062800 0.063800 0.031900 0.066500 0.031200 0.095700 0.063900 0.047300 0.079400 0.064100 0.015200 0.065000 0.065900 0.081300 0.081100 0.083100 0.083100 0.063500 0.080000 0.063800 0.046300 0.099300 0.079600 0.065600 0.031900
Sheep 0.000000 0.301800 0.016200 0.226600 0.048000 0.000000 0.080400 0.083000 0.031500 0.067200 0.000000 0.048000 0.032300 0.063800 0.033000 0.097900 0.066400 0.050000 0.032200 0.032100 0.098100 0.000000 0.083300 0.066900 0.000000 0.083100 0.032300 0.048400 0.081800 0.015800 0.050400 0.047900 0.097000 0.048400 0.064600 0.064100 0.015900 0.064000 0.083700 0.084700 0.100000 0.099800 0.067100 0.067100 0.048100 0.098400 0.081700 0.063600 0.083500 0.097600 0.049700 0.015700
MaxwellsDu 0.080400 0.358500 0.064200 0.281400 0.062800 0.080400 0.000000 0.132500 0.080100 0.116500 0.080400 0.095700 0.080400 0.046200 0.082200 0.146800 0.115100 0.099000 0.080200 0.079900 0.147100 0.080400 0.132300 0.116100 0.080400 0.132700 0.080400 0.096400 0.130600 0.064200 0.099800 0.062700 0.110700 0.096400 0.112400 0.111900 0.096700 0.078500 0.132900 0.135000 0.113900 0.149400 0.116400 0.116400 0.095800 0.146800 0.130500 0.111100 0.133100 0.145800 0.099000 0.064200
GazellaPrz 0.083000 0.255900 0.066700 0.249600 0.064800 0.083000 0.132500 0.000000 0.082800 0.084900 0.083000 0.098800 0.083000 0.115100 0.085100 0.047900 0.083800 0.067200 0.083000 0.082500 0.048000 0.083000 0.101000 0.084500 0.083000 0.032500 0.083000 0.099600 0.031800 0.066300 0.067900 0.098500 0.097600 0.099700 0.081900 0.115400 0.099900 0.081000 0.031600 0.067300 0.082900 0.048700 0.084800 0.084800 0.098800 0.048000 0.032000 0.080600 0.101400 0.097700 0.102400 0.066300
MountainNy 0.031400 0.255100 0.016200 0.226200 0.047800 0.031500 0.080100 0.082800 0.000000 0.067000 0.031100 0.047900 0.031900 0.063700 0.032900 0.097800 0.066200 0.049800 0.032100 0.031100 0.098000 0.032200 0.083100 0.066800 0.031400 0.082900 0.032200 0.048200 0.081700 0.015800 0.050200 0.047700 0.096700 0.048200 0.064500 0.063900 0.048300 0.062200 0.083100 0.084500 0.099800 0.099600 0.066900 0.066900 0.047900 0.098200 0.048000 0.061900 0.083200 0.097400 0.049500 0.015800
MuntiacusM 0.067200 0.306800 0.050400 0.231500 0.083200 0.067200 0.116500 0.084900 0.067000 0.000000 0.067200 0.083200 0.067200 0.099600 0.068900 0.100200 0.067500 0.050800 0.067100 0.066800 0.100400 0.067200 0.049500 0.000100 0.067200 0.085000 0.067200 0.083900 0.083600 0.050300 0.016600 0.083000 0.098600 0.083900 0.100600 0.065400 0.084100 0.099900 0.085200 0.050600 0.066100 0.102000 0.000000 0.000000 0.083300 0.100100 0.083600 0.099300 0.121900 0.116600 0.084800 0.050300
goat 0.000000 0.301800 0.016200 0.226600 0.048000 0.000000 0.080400 0.083000 0.031100 0.067200 0.000000 0.047300 0.032300 0.063900 0.031900 0.097900 0.066400 0.050000 0.032200 0.032100 0.098100 0.000000 0.083300 0.066900 0.000000 0.083100 0.032300 0.048400 0.081800 0.016100 0.050400 0.047900 0.097000 0.048400 0.064600 0.064100 0.015900 0.064000 0.083300 0.084700 0.100000 0.099800 0.067100 0.067100 0.048100 0.098400 0.081700 0.063000 0.083500 0.097600 0.048400 0.016100
AfricanBuf 0.048000 0.318200 0.032100 0.243200 0.063500 0.048000 0.095700 0.098800 0.047900 0.083200 0.047300 0.000000 0.048000 0.079200 0.049100 0.113400 0.082200 0.066000 0.047900 0.046700 0.113700 0.047000 0.099200 0.082900 0.048000 0.098700 0.048000 0.064000 0.097400 0.032000 0.066600 0.063300 0.112300 0.064000 0.080200 0.046700 0.063400 0.079300 0.099100 0.100200 0.115700 0.115200 0.083200 0.083200 0.030800 0.113900 0.097300 0.078900 0.099300 0.079500 0.065700 0.032000
Topi 0.031200 0.302200 0.016200 0.226900 0.048000 0.032300 0.080400 0.083000 0.031900 0.067200 0.032300 0.048000 0.000000 0.063800 0.031800 0.097900 0.066400 0.050000 0.032200 0.031400 0.098100 0.032300 0.083400 0.066900 0.032300 0.066000 0.000000 0.047800 0.081800 0.015800 0.050400 0.047900 0.097000 0.015500 0.031700 0.064100 0.048500 0.064000 0.083300 0.084700 0.100000 0.082500 0.067100 0.067100 0.048100 0.098400 0.081700 0.063600 0.083500 0.097700 0.032900 0.015800
CommonDuik 0.063800 0.292500 0.048000 0.261700 0.045900 0.063800 0.046200 0.115100 0.063700 0.099600 0.063900 0.079200 0.063800 0.000000 0.065300 0.129500 0.098400 0.082200 0.063700 0.063400 0.129800 0.063700 0.115400 0.099300 0.063800 0.115200 0.063800 0.079800 0.113500 0.047800 0.083000 0.046700 0.062000 0.079800 0.063000 0.095800 0.079900 0.062400 0.115400 0.117200 0.097400 0.131800 0.099600 0.099600 0.079200 0.130000 0.113100 0.094500 0.115500 0.129100 0.081800 0.047100
Suni 0.033000 0.310800 0.016600 0.233500 0.049100 0.033000 0.082200 0.085100 0.032900 0.068900 0.031900 0.049100 0.031800 0.065300 0.000000 0.100300 0.068000 0.051200 0.033000 0.032800 0.100500 0.033000 0.085400 0.068600 0.033000 0.085200 0.033000 0.049500 0.083800 0.016200 0.051700 0.049000 0.099300 0.049500 0.066200 0.065500 0.049600 0.065500 0.085400 0.086800 0.102500 0.102200 0.068800 0.068800 0.049200 0.100700 0.083700 0.065100 0.085500 0.099900 0.050900 0.016500
Springbuck 0.097900 0.248900 0.082000 0.263700 0.079900 0.097900 0.146800 0.047900 0.097800 0.100200 0.097900 0.113400 0.097900 0.129500 0.100300 0.000000 0.098800 0.082500 0.097900 0.097500 0.030300 0.097900 0.115900 0.099800 0.097900 0.048000 0.098400 0.114300 0.015500 0.081500 0.083300 0.112900 0.112200 0.080100 0.096800 0.129700 0.114600 0.095800 0.047800 0.082800 0.098100 0.064000 0.100100 0.100100 0.113300 0.063100 0.047300 0.095300 0.116200 0.112200 0.117300 0.081500
Okapi 0.066400 0.255500 0.049800 0.228100 0.082200 0.066400 0.115100 0.083800 0.066200 0.067500 0.066400 0.082200 0.066400 0.098400 0.068000 0.098800 0.000000 0.016500 0.066300 0.066000 0.099000 0.066400 0.083700 0.067300 0.066400 0.083900 0.066400 0.082900 0.082500 0.049700 0.050600 0.082000 0.097400 0.082900 0.099300 0.098800 0.083100 0.098700 0.084100 0.085500 0.100500 0.100700 0.067500 0.067500 0.082300 0.099000 0.082500 0.098100 0.120300 0.115300 0.085200 0.049700
Giraffe 0.050000 0.283000 0.033300 0.209600 0.066000 0.050000 0.099000 0.067200 0.049800 0.050800 0.050000 0.066000 0.050000 0.082200 0.051200 0.082500 0.016500 0.000000 0.049900 0.049600 0.082700 0.050000 0.066900 0.050600 0.050000 0.067300 0.050000 0.066600 0.066200 0.033300 0.033900 0.065800 0.081300 0.066500 0.083000 0.082600 0.066700 0.082500 0.067500 0.068600 0.083600 0.084100 0.050500 0.050500 0.066100 0.082600 0.066200 0.082000 0.103500 0.099000 0.068400 0.033300
TibetanAnt 0.031400 0.301900 0.016200 0.226700 0.047900 0.032200 0.080200 0.083000 0.032100 0.067100 0.032200 0.047900 0.032200 0.063700 0.033000 0.097900 0.066300 0.049900 0.000000 0.032000 0.098100 0.032200 0.083200 0.066800 0.032200 0.083000 0.032200 0.048300 0.081700 0.015800 0.050300 0.047800 0.096900 0.048300 0.064600 0.063900 0.048400 0.030700 0.083200 0.084600 0.100000 0.099700 0.067000 0.067000 0.048000 0.098300 0.081600 0.063500 0.083300 0.097500 0.049600 0.016100
Sitatunga 0.032100 0.299600 0.016100 0.224900 0.047700 0.032100 0.079900 0.082500 0.031100 0.066800 0.032100 0.046700 0.031400 0.063400 0.032800 0.097500 0.066000 0.049600 0.032000 0.000000 0.097700 0.031800 0.082800 0.066500 0.032100 0.082600 0.031400 0.048100 0.081400 0.016000 0.050100 0.047100 0.096400 0.048100 0.064200 0.063200 0.048200 0.063600 0.082800 0.084200 0.099500 0.099200 0.066700 0.066700 0.047700 0.097800 0.081300 0.063200 0.082900 0.097000 0.049300 0.015800
Oribi 0.097700 0.249400 0.082100 0.264500 0.079800 0.098100 0.147100 0.048000 0.098000 0.100400 0.098100 0.113700 0.098100 0.129800 0.100500 0.030300 0.099000 0.082700 0.098100 0.097700 0.000000 0.098100 0.081300 0.100000 0.098100 0.048000 0.098100 0.114500 0.015400 0.081700 0.083500 0.113100 0.112400 0.080300 0.097000 0.130000 0.114800 0.095900 0.048200 0.082900 0.064200 0.064100 0.100200 0.100200 0.113500 0.063200 0.047400 0.095400 0.116400 0.112400 0.117600 0.081700
BarbaryShe 0.000000 0.301800 0.016200 0.226600 0.048000 0.000000 0.080400 0.083000 0.032200 0.067200 0.000000 0.047000 0.032300 0.063700 0.033000 0.097900 0.066400 0.050000 0.032200 0.031800 0.098100 0.000000 0.083300 0.066900 0.000000 0.083100 0.031800 0.048400 0.081900 0.016100 0.050400 0.047900 0.097000 0.047700 0.064600 0.064100 0.015600 0.064000 0.083300 0.085000 0.100000 0.099800 0.067100 0.067100 0.048100 0.098400 0.081700 0.063600 0.083500 0.097600 0.049700 0.015800
Daviddeer 0.083300 0.324300 0.066700 0.248500 0.099100 0.083300 0.132300 0.101000 0.083100 0.049500 0.083300 0.099200 0.083400 0.115400 0.085400 0.115900 0.083700 0.066900 0.083200 0.082800 0.081300 0.083300 0.000000 0.049300 0.083300 0.101100 0.083400 0.100000 0.099500 0.066600 0.033000 0.098900 0.114200 0.100000 0.116500 0.115800 0.100200 0.115700 0.101400 0.066900 0.048000 0.118000 0.048400 0.048600 0.099200 0.115900 0.099500 0.115000 0.138200 0.132300 0.103100 0.066600
Reindeer 0.066900 0.305400 0.050200 0.230600 0.082900 0.066900 0.116100 0.084500 0.066800 0.000100 0.066900 0.082900 0.066900 0.099300 0.068600 0.099800 0.067300 0.050600 0.066800 0.066500 0.100000 0.066900 0.049300 0.000000 0.066900 0.084600 0.066900 0.083600 0.083300 0.050100 0.016600 0.082700 0.098300 0.083600 0.100200 0.065200 0.083800 0.099500 0.084900 0.050400 0.065800 0.101600 0.000000 0.000000 0.083000 0.099700 0.083200 0.099000 0.121500 0.116300 0.084500 0.050100
Ibex 0.000000 0.301800 0.016200 0.226600 0.048000 0.000000 0.080400 0.083000 0.031400 0.067200 0.000000 0.048000 0.032300 0.063800 0.033000 0.097900 0.066400 0.050000 0.032200 0.032100 0.098100 0.000000 0.083300 0.066900 0.000000 0.083100 0.031200 0.048400 0.081800 0.015800 0.050400 0.047900 0.097000 0.048400 0.064600 0.064100 0.015900 0.064000 0.083300 0.084700 0.100000 0.099800 0.067100 0.067100 0.047000 0.098400 0.081700 0.063600 0.083500 0.097600 0.049700 0.016100
GyrantGaze 0.083100 0.279500 0.066800 0.249500 0.064900 0.083100 0.132700 0.032500 0.082900 0.085000 0.083100 0.098700 0.066000 0.115200 0.085200 0.048000 0.083900 0.067300 0.083000 0.082600 0.048000 0.083100 0.101100 0.084600 0.083100 0.000000 0.066000 0.099700 0.032000 0.066400 0.067900 0.098600 0.097700 0.082500 0.065100 0.115600 0.100000 0.081100 0.032000 0.067400 0.083000 0.015600 0.084900 0.084900 0.099000 0.048100 0.032000 0.080700 0.101500 0.097900 0.066700 0.066400
Hartebeest 0.032300 0.302200 0.016200 0.226900 0.048000 0.032300 0.080400 0.083000 0.032200 0.067200 0.032300 0.048000 0.000000 0.063800 0.033000 0.098400 0.066400 0.050000 0.032200 0.031400 0.098100 0.031800 0.083400 0.066900 0.031200 0.066000 0.000000 0.048400 0.081800 0.016100 0.050400 0.047500 0.097000 0.015700 0.031700 0.064100 0.048500 0.064000 0.083300 0.085300 0.100000 0.082500 0.067100 0.067100 0.048100 0.098400 0.081700 0.063600 0.083500 0.097700 0.032900 0.016100
Bongo 0.048000 0.321800 0.032400 0.245700 0.062800 0.048400 0.096400 0.099600 0.048200 0.083900 0.048400 0.064000 0.047800 0.079800 0.049500 0.114300 0.082900 0.066600 0.048300 0.048100 0.114500 0.048400 0.100000 0.083600 0.048400 0.099700 0.048400 0.000000 0.098100 0.032200 0.067100 0.063800 0.113200 0.064500 0.080800 0.080100 0.064600 0.079900 0.099900 0.101500 0.116700 0.116400 0.083800 0.083800 0.064000 0.114900 0.098100 0.079500 0.100100 0.113900 0.066200 0.031700
Gerenuk 0.081800 0.230300 0.065700 0.245200 0.063800 0.081800 0.130600 0.031800 0.081700 0.083600 0.081800 0.097400 0.081800 0.113500 0.083800 0.015500 0.082500 0.066200 0.081700 0.081400 0.015400 0.081900 0.099500 0.083300 0.081800 0.032000 0.081800 0.098100 0.000000 0.065300 0.066800 0.097000 0.096200 0.064200 0.080800 0.113700 0.098400 0.079900 0.032100 0.066300 0.081800 0.048100 0.083500 0.083500 0.097300 0.047400 0.031000 0.079500 0.099800 0.096300 0.100800 0.065300
CommonElan 0.015800 0.281300 0.000000 0.207200 0.031900 0.015800 0.064200 0.066300 0.015800 0.050300 0.016100 0.032000 0.015800 0.047800 0.016200 0.081500 0.049700 0.033300 0.015800 0.016000 0.081700 0.016100 0.066600 0.050100 0.015800 0.066400 0.016100 0.032200 0.065300 0.000000 0.033500 0.031900 0.080700 0.032200 0.048400 0.048000 0.031500 0.047900 0.066600 0.067600 0.083200 0.083000 0.050300 0.050300 0.031500 0.081900 0.065300 0.047600 0.066700 0.081200 0.033100 0.000000
MuntiacusR 0.050400 0.285400 0.033600 0.211400 0.066500 0.050400 0.099800 0.067900 0.050200 0.016600 0.050400 0.066600 0.050400 0.083000 0.051700 0.083300 0.050600 0.033900 0.050300 0.050100 0.083500 0.050400 0.033000 0.016600 0.050400 0.067900 0.050400 0.067100 0.066800 0.033500 0.000000 0.066400 0.082000 0.067100 0.083800 0.083300 0.067300 0.083200 0.068100 0.033700 0.049500 0.084900 0.016600 0.016600 0.066600 0.083300 0.066800 0.082700 0.104400 0.099800 0.065900 0.033500
HarveysDui 0.047900 0.317200 0.032000 0.242200 0.031200 0.047900 0.062700 0.098500 0.047700 0.083000 0.047900 0.063300 0.047900 0.046700 0.049000 0.112900 0.082000 0.065800 0.047800 0.047100 0.113100 0.047900 0.098900 0.082700 0.047900 0.098600 0.047500 0.063800 0.097000 0.031900 0.066400 0.000000 0.111900 0.063800 0.079900 0.079300 0.064000 0.046800 0.098800 0.100400 0.115300 0.115100 0.082900 0.082900 0.063500 0.113600 0.096900 0.046500 0.099100 0.112900 0.065500 0.031900
Pronghorn 0.097000 0.285700 0.080700 0.258800 0.095700 0.097000 0.110700 0.097600 0.096700 0.098600 0.097000 0.112300 0.097000 0.062000 0.099300 0.112200 0.097400 0.081300 0.096900 0.096400 0.112400 0.097000 0.114200 0.098300 0.097000 0.097700 0.097000 0.113200 0.096200 0.080700 0.082000 0.111900 0.000000 0.113300 0.079100 0.128600 0.113500 0.111900 0.090200 0.099300 0.080000 0.114100 0.098500 0.098500 0.112300 0.112100 0.096100 0.111300 0.150800 0.127900 0.116200 0.080700
BlueWildeb 0.048400 0.275600 0.032400 0.246200 0.063900 0.048400 0.096400 0.099700 0.048200 0.083900 0.048400 0.064000 0.015500 0.079800 0.049500 0.080100 0.082900 0.066500 0.048300 0.048100 0.080300 0.047700 0.100000 0.083600 0.048400 0.082500 0.015700 0.064500 0.064200 0.032200 0.067100 0.063800 0.113300 0.000000 0.047500 0.078900 0.064600 0.079900 0.100000 0.101600 0.116700 0.099100 0.083900 0.083900 0.063100 0.114900 0.098100 0.079500 0.100100 0.113900 0.049300 0.032200
Gemsbok 0.064600 0.295500 0.048400 0.265300 0.047300 0.064600 0.112400 0.081900 0.064500 0.100600 0.064600 0.080200 0.031700 0.063000 0.066200 0.096800 0.099300 0.083000 0.064600 0.064200 0.097000 0.064600 0.116500 0.100200 0.064600 0.065100 0.031700 0.080800 0.080800 0.048400 0.083800 0.079900 0.079100 0.047500 0.000000 0.096300 0.081000 0.063100 0.082200 0.083500 0.098300 0.081500 0.100500 0.100500 0.080200 0.096700 0.080700 0.062800 0.117100 0.096000 0.065900 0.048400
Yak 0.064100 0.339000 0.048200 0.262800 0.079400 0.064100 0.111900 0.115400 0.063900 0.065400 0.064100 0.046700 0.064100 0.095800 0.065500 0.129700 0.098800 0.082600 0.063900 0.063200 0.130000 0.064100 0.115800 0.065200 0.064100 0.115600 0.064100 0.080100 0.113700 0.048000 0.083300 0.079300 0.128600 0.078900 0.096300 0.000000 0.080200 0.094900 0.115700 0.118100 0.132400 0.132100 0.065400 0.065400 0.015300 0.130400 0.113600 0.094800 0.116000 0.095600 0.082200 0.048000
BlueSheep 0.015700 0.323400 0.032400 0.246600 0.064100 0.015900 0.096700 0.099900 0.048300 0.084100 0.015900 0.063400 0.048500 0.079900 0.049600 0.114600 0.083100 0.066700 0.048400 0.048200 0.114800 0.015600 0.100200 0.083800 0.015900 0.100000 0.048500 0.064600 0.098400 0.031500 0.067300 0.064000 0.113500 0.064600 0.081000 0.080200 0.000000 0.080100 0.100200 0.101800 0.117000 0.116700 0.084100 0.084100 0.064200 0.115100 0.098300 0.079700 0.100400 0.114200 0.066300 0.031200
BohorReedb 0.064000 0.339500 0.048200 0.262800 0.015200 0.064000 0.078500 0.081000 0.062200 0.099900 0.064000 0.079300 0.064000 0.062400 0.065500 0.095800 0.098700 0.082500 0.030700 0.063600 0.095900 0.064000 0.115700 0.099500 0.064000 0.081100 0.064000 0.079900 0.079900 0.047900 0.083200 0.046800 0.111900 0.079900 0.063100 0.094900 0.080100 0.000000 0.081300 0.082600 0.097700 0.097400 0.099800 0.099800 0.079400 0.096100 0.079900 0.062200 0.115900 0.095500 0.082000 0.047900
KirksDik 0.083300 0.280400 0.067000 0.244100 0.065000 0.083700 0.132900 0.031600 0.083100 0.085200 0.083300 0.099100 0.083300 0.115400 0.085400 0.047800 0.084100 0.067500 0.083200 0.082800 0.048200 0.083300 0.101400 0.084900 0.083300 0.032000 0.083300 0.099900 0.032100 0.066600 0.068100 0.098800 0.090200 0.100000 0.082200 0.115700 0.100200 0.081300 0.000000 0.067500 0.083200 0.048900 0.085100 0.085100 0.099100 0.048200 0.032100 0.080800 0.101700 0.098000 0.102700 0.066600
RoeDeer 0.084700 0.333700 0.068100 0.254700 0.065900 0.084700 0.135000 0.067300 0.084500 0.050600 0.084700 0.100200 0.084700 0.117200 0.086800 0.082800 0.085500 0.068600 0.084600 0.084200 0.082900 0.085000 0.066900 0.050400 0.084700 0.067400 0.085300 0.101500 0.066300 0.067600 0.033700 0.100400 0.099300 0.101600 0.083500 0.118100 0.101800 0.082600 0.067500 0.000000 0.049400 0.084300 0.050500 0.050500 0.100800 0.083100 0.066300 0.082100 0.140100 0.099600 0.105200 0.067600
WhiteLippe 0.100000 0.345500 0.083300 0.268500 0.081300 0.100000 0.113900 0.082900 0.099800 0.066100 0.100000 0.115700 0.100000 0.097400 0.102500 0.098100 0.100500 0.083600 0.100000 0.099500 0.064200 0.100000 0.048000 0.065800 0.100000 0.083000 0.100000 0.116700 0.081800 0.083200 0.049500 0.115300 0.080000 0.116700 0.098300 0.132400 0.117000 0.097700 0.083200 0.049400 0.000000 0.099700 0.065700 0.065700 0.115700 0.097900 0.081800 0.097100 0.155500 0.113900 0.120500 0.083200
ThomsonGaz 0.099800 0.299700 0.083500 0.269300 0.081100 0.099800 0.149400 0.048700 0.099600 0.102000 0.099800 0.115200 0.082500 0.131800 0.102200 0.064000 0.100700 0.084100 0.099700 0.099200 0.064100 0.099800 0.118000 0.101600 0.099800 0.015600 0.082500 0.116400 0.048100 0.083000 0.084900 0.115100 0.114100 0.099100 0.081500 0.132100 0.116700 0.097400 0.048900 0.084300 0.099700 0.000000 0.101900 0.101900 0.115500 0.064200 0.048000 0.096900 0.118400 0.114200 0.083400 0.083000
MuntiacusC 0.067100 0.307000 0.050400 0.231400 0.083100 0.067100 0.116400 0.084800 0.066900 0.000000 0.067100 0.083200 0.067100 0.099600 0.068800 0.100100 0.067500 0.050500 0.067000 0.066700 0.100200 0.067100 0.048400 0.000000 0.067100 0.084900 0.067100 0.083800 0.083500 0.050300 0.016600 0.082900 0.098500 0.083900 0.100500 0.065400 0.084100 0.099800 0.085100 0.050500 0.065700 0.101900 0.000000 0.000000 0.083200 0.100000 0.083500 0.099200 0.121800 0.116500 0.086400 0.050300
WhiteTaile 0.067100 0.307000 0.050400 0.231400 0.083100 0.067100 0.116400 0.084800 0.066900 0.000000 0.067100 0.083200 0.067100 0.099600 0.068800 0.100100 0.067500 0.050500 0.067000 0.066700 0.100200 0.067100 0.048600 0.000000 0.067100 0.084900 0.067100 0.083800 0.083500 0.050300 0.016600 0.082900 0.098500 0.083900 0.100500 0.065400 0.084100 0.099800 0.085100 0.050500 0.065700 0.101900 0.000000 0.000000 0.083200 0.100000 0.083500 0.099200 0.121800 0.116500 0.086400 0.050300
Cattle 0.048100 0.318400 0.032200 0.243300 0.063500 0.048100 0.095800 0.098800 0.047900 0.083300 0.048100 0.030800 0.048100 0.079200 0.049200 0.113300 0.082300 0.066100 0.048000 0.047700 0.113500 0.048100 0.099200 0.083000 0.047000 0.099000 0.048100 0.064000 0.097300 0.031500 0.066600 0.063500 0.112300 0.063100 0.080200 0.015300 0.064200 0.079400 0.099100 0.100800 0.115700 0.115500 0.083200 0.083200 0.000000 0.114000 0.097300 0.079000 0.099400 0.079600 0.065800 0.032000
RoyalAntel 0.098400 0.294200 0.081900 0.263400 0.080000 0.098400 0.146800 0.048000 0.098200 0.100100 0.098400 0.113900 0.098400 0.130000 0.100700 0.063100 0.099000 0.082600 0.098300 0.097800 0.063200 0.098400 0.115900 0.099700 0.098400 0.048100 0.098400 0.114900 0.047400 0.081900 0.083300 0.113600 0.112100 0.114900 0.096700 0.130400 0.115100 0.096100 0.048200 0.083100 0.097900 0.064200 0.100000 0.100000 0.114000 0.000000 0.047400 0.095600 0.116800 0.078900 0.118000 0.081900
Steenbok 0.081700 0.230100 0.065700 0.245000 0.063800 0.081700 0.130500 0.032000 0.048000 0.083600 0.081700 0.097300 0.081700 0.113100 0.083700 0.047300 0.082500 0.066200 0.081600 0.081300 0.047400 0.081700 0.099500 0.083200 0.081700 0.032000 0.081700 0.098100 0.031000 0.065300 0.066800 0.096900 0.096100 0.098100 0.080700 0.113600 0.098300 0.079900 0.032100 0.066300 0.081800 0.048000 0.083500 0.083500 0.097300 0.047400 0.000000 0.079500 0.099700 0.096300 0.100700 0.064600
Impala 0.063800 0.336300 0.047900 0.260500 0.046300 0.063600 0.111100 0.080600 0.061900 0.099300 0.063000 0.078900 0.063600 0.094500 0.065100 0.095300 0.098100 0.082000 0.063500 0.063200 0.095400 0.063600 0.115000 0.099000 0.063600 0.080700 0.063600 0.079500 0.079500 0.047600 0.082700 0.046500 0.111300 0.079500 0.062800 0.094800 0.079700 0.062200 0.080800 0.082100 0.097100 0.096900 0.099200 0.099200 0.079000 0.095600 0.079500 0.000000 0.115200 0.094900 0.081600 0.046900
Klipspring 0.083500 0.328200 0.067100 0.296800 0.099300 0.083500 0.133100 0.101400 0.083200 0.121900 0.083500 0.099300 0.083500 0.115500 0.085500 0.116200 0.120300 0.103500 0.083300 0.082900 0.116400 0.083500 0.138200 0.121500 0.083500 0.101500 0.083500 0.100100 0.099800 0.066700 0.104400 0.099100 0.150800 0.100100 0.117100 0.116000 0.100400 0.115900 0.101700 0.140100 0.155500 0.118400 0.121800 0.121800 0.099400 0.116800 0.099700 0.115200 0.000000 0.151600 0.102900 0.066700
ForestMusk 0.097600 0.356000 0.081300 0.280200 0.079600 0.097600 0.145800 0.097700 0.097400 0.116600 0.097600 0.079500 0.097700 0.129100 0.099900 0.112200 0.115300 0.099000 0.097500 0.097000 0.112400 0.097600 0.132300 0.116300 0.097600 0.097900 0.097700 0.113900 0.096300 0.081200 0.099800 0.112900 0.127900 0.113900 0.096000 0.095600 0.114200 0.095500 0.098000 0.099600 0.113900 0.114200 0.116500 0.116500 0.079600 0.078900 0.096300 0.094900 0.151600 0.000000 0.116900 0.081200
Bushbuck 0.049700 0.333100 0.033300 0.253900 0.065600 0.049700 0.099000 0.102400 0.049500 0.084800 0.048400 0.065700 0.032900 0.081800 0.050900 0.117300 0.085200 0.068400 0.049600 0.049300 0.117600 0.049700 0.103100 0.084500 0.049700 0.066700 0.032900 0.066200 0.100800 0.033100 0.065900 0.065500 0.116200 0.049300 0.065900 0.082200 0.066300 0.082000 0.102700 0.105200 0.120500 0.083400 0.086400 0.086400 0.065800 0.118000 0.100700 0.081600 0.102900 0.116900 0.000000 0.033100
GreaterKud 0.015800 0.281300 0.000000 0.207200 0.031900 0.015700 0.064200 0.066300 0.015800 0.050300 0.016100 0.032000 0.015800 0.047100 0.016500 0.081500 0.049700 0.033300 0.016100 0.015800 0.081700 0.015800 0.066600 0.050100 0.016100 0.066400 0.016100 0.031700 0.065300 0.000000 0.033500 0.031900 0.080700 0.032200 0.048400 0.048000 0.031200 0.047900 0.066600 0.067600 0.083200 0.083000 0.050300 0.050300 0.032000 0.081900 0.064600 0.046900 0.066700 0.081200 0.033100 0.000000
