1
52 1
Argali 0.000000 0.169900 0.126700 0.182400 0.047600 0.011700 0.060000 0.047600 0.072300 0.085300 0.011700 0.071600 0.047600 0.060700 0.023500 0.046900 0.059900 0.085400 0.035500 0.097700 0.035700 0.011700 0.085000 0.098200 0.000000 0.059500 0.023600 0.072300 0.035700 0.097800 0.047700 0.060300 0.098200 0.023500 0.035400 0.098700 0.011700 0.047600 0.047300 0.072100 0.085000 0.047100 0.072600 0.113100 0.060100 0.047800 0.047300 0.047600 0.023600 0.073000 0.084700 0.084600
LesserMous 0.169900 0.000000 0.248800 0.167700 0.198600 0.169900 0.168600 0.199100 0.169100 0.153500 0.169800 0.168700 0.213500 0.230800 0.169400 0.212700 0.112900 0.168100 0.155600 0.198300 0.199600 0.169900 0.140100 0.139600 0.169900 0.226500 0.184700 0.169100 0.183900 0.198400 0.140300 0.214800 0.154300 0.184700 0.184900 0.199600 0.169900 0.198600 0.168800 0.125500 0.140100 0.212700 0.139700 0.171400 0.184200 0.170000 0.168800 0.198000 0.169500 0.154800 0.183200 0.182900
LesserKudu 0.126700 0.248800 0.000000 0.297200 0.153400 0.140100 0.168100 0.153500 0.073600 0.140400 0.140500 0.152700 0.153600 0.169500 0.125900 0.153000 0.112800 0.113800 0.113000 0.073600 0.169000 0.140100 0.139500 0.154100 0.127100 0.166900 0.126500 0.073600 0.140700 0.073500 0.099900 0.168400 0.155000 0.126500 0.140100 0.183100 0.140100 0.153400 0.152700 0.125600 0.139500 0.153000 0.126800 0.171300 0.168300 0.153600 0.152700 0.153800 0.126400 0.114000 0.060700 0.086100
KillerWhal 0.182400 0.167700 0.297200 0.000000 0.211100 0.182200 0.181800 0.211800 0.211400 0.196700 0.182100 0.181200 0.196400 0.213400 0.181800 0.167100 0.152800 0.181600 0.167900 0.242100 0.212200 0.182200 0.152900 0.196500 0.182300 0.239400 0.168300 0.211400 0.212000 0.211800 0.181400 0.198100 0.196200 0.168300 0.197300 0.229300 0.182200 0.211100 0.181300 0.151800 0.152900 0.195700 0.182000 0.215000 0.197100 0.182600 0.181300 0.195600 0.181900 0.196800 0.226300 0.225800
DefassaWat 0.047600 0.198600 0.153400 0.211100 0.000000 0.035400 0.084700 0.047300 0.071800 0.124200 0.035500 0.071400 0.072000 0.085600 0.023300 0.071700 0.071900 0.097800 0.035300 0.097100 0.059900 0.035400 0.097300 0.110600 0.047700 0.084000 0.047500 0.071800 0.059900 0.097100 0.084900 0.059900 0.110800 0.047300 0.035400 0.098000 0.035200 0.000000 0.047200 0.084200 0.097300 0.071700 0.110900 0.125800 0.059700 0.047400 0.047100 0.047300 0.023400 0.085300 0.084100 0.084100
Sheep 0.011700 0.169900 0.140100 0.182200 0.035400 0.000000 0.072400 0.035400 0.059600 0.085300 0.000000 0.059400 0.059900 0.073300 0.011600 0.059600 0.059800 0.085300 0.023400 0.084600 0.023600 0.000000 0.084900 0.098100 0.011700 0.071800 0.035600 0.059600 0.047900 0.084700 0.047600 0.047800 0.098100 0.035600 0.023500 0.085600 0.000000 0.035400 0.035200 0.072000 0.084900 0.059600 0.072500 0.112900 0.047700 0.035500 0.035200 0.035400 0.011700 0.072900 0.071900 0.071800
MaxwellsDu 0.060000 0.168600 0.168100 0.181800 0.084700 0.072400 0.000000 0.084900 0.110400 0.111400 0.072100 0.084300 0.084600 0.047200 0.059600 0.084300 0.072200 0.124000 0.072200 0.137000 0.098100 0.072400 0.097600 0.098000 0.059000 0.096600 0.059900 0.110400 0.072300 0.137000 0.111100 0.047100 0.110900 0.059900 0.072400 0.111300 0.072400 0.084700 0.059500 0.084300 0.097600 0.084300 0.111400 0.112900 0.072300 0.072300 0.059500 0.084400 0.059700 0.110900 0.123400 0.123200
GazellaPrz 0.047600 0.199100 0.153500 0.211800 0.047300 0.035400 0.084900 0.000000 0.071900 0.124500 0.035500 0.071600 0.072000 0.085700 0.023400 0.047200 0.072100 0.098000 0.035000 0.097300 0.060000 0.035500 0.098000 0.110900 0.047700 0.059200 0.047600 0.071900 0.035500 0.097300 0.085100 0.060000 0.098000 0.047300 0.035100 0.098300 0.035400 0.047300 0.023200 0.084400 0.097400 0.047200 0.111200 0.126100 0.059900 0.047500 0.023200 0.047300 0.023400 0.085500 0.083800 0.084300
MountainNy 0.072300 0.169100 0.073600 0.211400 0.071800 0.059600 0.110400 0.071900 0.000000 0.097900 0.059800 0.071100 0.097200 0.111300 0.047200 0.096800 0.047300 0.047700 0.035200 0.023300 0.085000 0.059700 0.071800 0.084700 0.072400 0.109600 0.072100 0.000000 0.085000 0.023300 0.059900 0.084800 0.085000 0.072100 0.059600 0.097700 0.059600 0.071800 0.071400 0.059300 0.071800 0.096800 0.085000 0.099100 0.084700 0.071900 0.071400 0.071900 0.047400 0.060200 0.011500 0.011500
MuntiacusM 0.085300 0.153500 0.140400 0.196700 0.124200 0.085300 0.111400 0.124500 0.097900 0.000000 0.085500 0.097600 0.137500 0.139300 0.097900 0.137100 0.047400 0.097900 0.085300 0.097700 0.111400 0.085300 0.072000 0.059700 0.085500 0.150400 0.111400 0.097900 0.125000 0.097700 0.035300 0.125000 0.085100 0.111400 0.111500 0.125400 0.085300 0.124200 0.097600 0.059400 0.072000 0.137100 0.011500 0.073300 0.111700 0.098000 0.097600 0.124300 0.098300 0.085400 0.084700 0.110600
goat 0.011700 0.169800 0.140500 0.182100 0.035500 0.000000 0.072100 0.035500 0.059800 0.085500 0.000000 0.059500 0.060000 0.073200 0.011700 0.059700 0.059900 0.085200 0.023500 0.084800 0.023600 0.000000 0.085100 0.098300 0.011600 0.071800 0.035700 0.059800 0.047800 0.084900 0.047700 0.047900 0.098100 0.035700 0.023600 0.085500 0.000000 0.035500 0.035300 0.072000 0.085100 0.059700 0.072700 0.113200 0.047600 0.035600 0.035300 0.035300 0.011700 0.072600 0.072100 0.072000
AfricanBuf 0.071600 0.168700 0.152700 0.181200 0.071400 0.059400 0.084300 0.071600 0.071100 0.097600 0.059500 0.000000 0.096600 0.110800 0.047200 0.096200 0.047100 0.097400 0.035200 0.096600 0.084200 0.059400 0.071700 0.084500 0.072000 0.108900 0.071700 0.070800 0.084500 0.096600 0.084500 0.084400 0.084700 0.071700 0.059400 0.047500 0.059100 0.071400 0.046800 0.059200 0.071700 0.096200 0.084800 0.098800 0.011600 0.071800 0.046800 0.071400 0.047100 0.084900 0.083800 0.083700
Topi 0.047600 0.213500 0.153600 0.196400 0.072000 0.059900 0.084600 0.072000 0.097200 0.137500 0.060000 0.096600 0.000000 0.060400 0.047100 0.047100 0.084500 0.110700 0.059700 0.123300 0.085300 0.059900 0.084600 0.123700 0.047700 0.059300 0.023500 0.097200 0.060000 0.097300 0.097800 0.060000 0.097800 0.023500 0.059900 0.124300 0.059300 0.071300 0.071500 0.096900 0.084600 0.023300 0.124100 0.139400 0.084800 0.072200 0.071500 0.071900 0.047500 0.098200 0.109900 0.109700
CommonDuik 0.060700 0.230800 0.169500 0.213400 0.085600 0.073300 0.047200 0.085700 0.111300 0.139300 0.073200 0.110800 0.060400 0.000000 0.060300 0.060100 0.098400 0.125000 0.072900 0.138000 0.099300 0.073300 0.098500 0.125300 0.060700 0.097600 0.035900 0.111300 0.073100 0.111500 0.112100 0.023500 0.138400 0.035900 0.073300 0.139200 0.073300 0.085600 0.085100 0.110800 0.098500 0.060100 0.139300 0.141300 0.098500 0.073100 0.085100 0.085300 0.060300 0.112200 0.124300 0.124200
Suni 0.023500 0.169400 0.125900 0.181800 0.023300 0.011600 0.059600 0.023400 0.047200 0.097900 0.011700 0.047200 0.047100 0.060300 0.000000 0.046700 0.046900 0.072300 0.011600 0.071800 0.035100 0.011600 0.071900 0.084800 0.023500 0.059200 0.023400 0.047100 0.035500 0.071800 0.059800 0.035100 0.084900 0.023400 0.011600 0.072500 0.011600 0.023300 0.023200 0.059300 0.071900 0.047100 0.085000 0.099200 0.035400 0.023400 0.023200 0.023300 0.000000 0.060100 0.059300 0.059200
Springbuck 0.046900 0.212700 0.153000 0.167100 0.071700 0.059600 0.084300 0.047200 0.096800 0.137100 0.059700 0.096200 0.047100 0.060100 0.046700 0.000000 0.084200 0.110300 0.059400 0.122800 0.084900 0.059600 0.084200 0.124000 0.047500 0.058900 0.023400 0.096800 0.035300 0.097000 0.097400 0.059700 0.110300 0.023400 0.059600 0.123900 0.059600 0.071700 0.046900 0.096500 0.084200 0.023200 0.123700 0.138900 0.084500 0.071500 0.046900 0.071700 0.047300 0.097800 0.109500 0.109300
Okapi 0.059900 0.112900 0.112800 0.152800 0.071900 0.059800 0.072200 0.072100 0.047300 0.047400 0.059900 0.047100 0.084500 0.098400 0.046900 0.084200 0.000000 0.047300 0.035100 0.072000 0.085100 0.059800 0.023200 0.035200 0.060000 0.096700 0.059700 0.047300 0.072400 0.072000 0.034800 0.084800 0.035200 0.059700 0.059500 0.072600 0.059800 0.071900 0.047100 0.011500 0.023200 0.084200 0.035300 0.048000 0.059900 0.072000 0.047100 0.072000 0.047500 0.035400 0.059500 0.059300
Giraffe 0.085400 0.168100 0.113800 0.181600 0.097800 0.085300 0.124000 0.098000 0.047700 0.097900 0.085200 0.097400 0.110700 0.125000 0.072300 0.110300 0.047300 0.000000 0.060000 0.072600 0.111600 0.085300 0.071800 0.084700 0.085300 0.123000 0.085200 0.047700 0.098100 0.072500 0.059900 0.111400 0.085100 0.085200 0.085300 0.136600 0.085300 0.097800 0.097300 0.059000 0.071800 0.110300 0.085100 0.099100 0.122600 0.098000 0.097300 0.097600 0.072300 0.060000 0.060000 0.059800
TibetanAnt 0.035500 0.155600 0.113000 0.167900 0.035300 0.023400 0.072200 0.035000 0.035200 0.085300 0.023500 0.035200 0.059700 0.072900 0.011600 0.059400 0.035100 0.060000 0.000000 0.059600 0.047300 0.023500 0.059700 0.072400 0.035600 0.071600 0.035400 0.035300 0.047700 0.059600 0.047700 0.047600 0.072500 0.035300 0.023500 0.085200 0.023300 0.035300 0.035100 0.047300 0.059700 0.059400 0.072600 0.086400 0.047500 0.035400 0.035100 0.035300 0.011600 0.047900 0.047300 0.047200
Sitatunga 0.097700 0.198300 0.073600 0.242100 0.097100 0.084600 0.137000 0.097300 0.023300 0.097700 0.084800 0.096600 0.123300 0.138000 0.071800 0.122800 0.072000 0.072600 0.059600 0.000000 0.110800 0.084600 0.097100 0.110600 0.097900 0.136000 0.097500 0.023300 0.110900 0.023100 0.059800 0.110500 0.111200 0.097500 0.084600 0.123900 0.084600 0.097100 0.096600 0.084200 0.097100 0.122800 0.084900 0.125800 0.110500 0.097200 0.096600 0.097200 0.072000 0.085600 0.011600 0.035100
Oribi 0.035700 0.199600 0.169000 0.212200 0.059900 0.023600 0.098100 0.060000 0.085000 0.111400 0.023600 0.084200 0.085300 0.099300 0.035100 0.084900 0.085100 0.111600 0.047300 0.110800 0.000000 0.023500 0.111000 0.124700 0.035700 0.097400 0.060400 0.085000 0.073000 0.110900 0.072700 0.072900 0.124800 0.060300 0.047900 0.111700 0.023600 0.060200 0.059600 0.097600 0.111000 0.084800 0.098400 0.140500 0.072600 0.060100 0.059600 0.059900 0.035600 0.099000 0.098100 0.097400
BarbaryShe 0.011700 0.169900 0.140100 0.182200 0.035400 0.000000 0.072400 0.035500 0.059700 0.085300 0.000000 0.059400 0.059900 0.073300 0.011600 0.059600 0.059800 0.085300 0.023500 0.084600 0.023500 0.000000 0.084900 0.098100 0.011700 0.071800 0.035600 0.059600 0.047900 0.084700 0.047600 0.047700 0.098100 0.035500 0.023400 0.085600 0.000000 0.035400 0.035200 0.072000 0.084900 0.059600 0.072500 0.112900 0.047700 0.035900 0.035000 0.035400 0.011700 0.072900 0.071900 0.071800
Daviddeer 0.085000 0.140100 0.139500 0.152900 0.097300 0.084900 0.097600 0.098000 0.071800 0.072000 0.085100 0.071700 0.084600 0.098500 0.071900 0.084200 0.023200 0.071800 0.059700 0.097100 0.111000 0.084900 0.000000 0.059700 0.085200 0.122600 0.060200 0.071800 0.097900 0.071900 0.059400 0.085200 0.059400 0.059800 0.084900 0.098200 0.084900 0.097300 0.071700 0.034900 0.000000 0.084200 0.059600 0.072900 0.085000 0.097600 0.071100 0.097300 0.072200 0.059700 0.084200 0.084200
Reindeer 0.098200 0.139600 0.154100 0.196500 0.110600 0.098100 0.098000 0.110900 0.084700 0.059700 0.098300 0.084500 0.123700 0.125300 0.084800 0.124000 0.035200 0.084700 0.072400 0.110600 0.124700 0.098100 0.059700 0.000000 0.098400 0.136400 0.098000 0.084700 0.111400 0.110600 0.072100 0.111300 0.072200 0.098000 0.098100 0.111700 0.098100 0.110600 0.084600 0.047100 0.059400 0.123300 0.072300 0.035700 0.098200 0.084900 0.084600 0.110700 0.085100 0.072400 0.097400 0.097200
Ibex 0.000000 0.169900 0.127100 0.182300 0.047700 0.011700 0.059000 0.047700 0.072400 0.085500 0.011600 0.072000 0.047700 0.060700 0.023500 0.047500 0.060000 0.085300 0.035600 0.097900 0.035700 0.011700 0.085200 0.098400 0.000000 0.059500 0.023600 0.072400 0.035700 0.098000 0.047800 0.060400 0.098200 0.023600 0.035700 0.098600 0.011700 0.047700 0.047400 0.072000 0.085200 0.047500 0.072800 0.113300 0.060000 0.047900 0.047400 0.047500 0.023500 0.072700 0.084900 0.084800
GyrantGaze 0.059500 0.226500 0.166900 0.239400 0.084000 0.071800 0.096600 0.059200 0.109600 0.150400 0.071800 0.108900 0.059300 0.097600 0.059200 0.058900 0.096700 0.123000 0.071600 0.136000 0.097400 0.071800 0.122600 0.136400 0.059500 0.000000 0.059400 0.109600 0.047200 0.135900 0.110200 0.097300 0.097100 0.059400 0.071800 0.136600 0.071800 0.084000 0.058900 0.108900 0.122600 0.034900 0.136900 0.152400 0.096800 0.084200 0.058900 0.083800 0.059200 0.110400 0.122500 0.096500
Hartebeest 0.023600 0.184700 0.126500 0.168300 0.047500 0.035600 0.059900 0.047600 0.072100 0.111400 0.035700 0.071700 0.023500 0.035900 0.023400 0.023400 0.059700 0.085200 0.035400 0.097500 0.060400 0.035600 0.060200 0.098000 0.023600 0.059400 0.000000 0.071400 0.035600 0.072200 0.072600 0.035700 0.098100 0.000000 0.035600 0.098500 0.035300 0.047500 0.047200 0.072000 0.059800 0.023400 0.097700 0.112900 0.060000 0.047700 0.047200 0.047500 0.023500 0.072900 0.084600 0.084400
Bongo 0.072300 0.169100 0.073600 0.211400 0.071800 0.059600 0.110400 0.071900 0.000000 0.097900 0.059800 0.070800 0.097200 0.111300 0.047100 0.096800 0.047300 0.047700 0.035300 0.023300 0.085000 0.059600 0.071800 0.084700 0.072400 0.109600 0.071400 0.000000 0.085000 0.023300 0.059900 0.084800 0.085000 0.072100 0.059600 0.097700 0.059800 0.071800 0.071400 0.059300 0.071800 0.096800 0.085000 0.099100 0.084700 0.071900 0.071400 0.071900 0.047400 0.060200 0.011600 0.011500
Gerenuk 0.035700 0.183900 0.140700 0.212000 0.059900 0.047900 0.072300 0.035500 0.085000 0.125000 0.047800 0.084500 0.060000 0.073100 0.035500 0.035300 0.072400 0.098100 0.047700 0.110900 0.073000 0.047900 0.097900 0.111400 0.035700 0.047200 0.035600 0.085000 0.000000 0.110900 0.085500 0.072900 0.098100 0.035600 0.047900 0.111500 0.047900 0.059900 0.035300 0.084500 0.097900 0.035300 0.111700 0.126700 0.072500 0.060100 0.035300 0.059700 0.035500 0.085600 0.097700 0.097500
CommonElan 0.097800 0.198400 0.073500 0.211800 0.097100 0.084700 0.137000 0.097300 0.023300 0.097700 0.084900 0.096600 0.097300 0.111500 0.071800 0.097000 0.072000 0.072500 0.059600 0.023100 0.110900 0.084700 0.071900 0.110600 0.098000 0.135900 0.072200 0.023300 0.110900 0.000000 0.059700 0.084900 0.111000 0.072200 0.084700 0.124000 0.084700 0.097100 0.096700 0.084200 0.071900 0.097000 0.084900 0.125800 0.110500 0.097300 0.096700 0.097200 0.072100 0.085500 0.011500 0.034700
MuntiacusR 0.047700 0.140300 0.099900 0.181400 0.084900 0.047600 0.111100 0.085100 0.059900 0.035300 0.047700 0.084500 0.097800 0.112100 0.059800 0.097400 0.034800 0.059900 0.047700 0.059800 0.072700 0.047600 0.059400 0.072100 0.047800 0.110200 0.072600 0.059900 0.085500 0.059700 0.000000 0.098300 0.072300 0.072600 0.072600 0.111600 0.047600 0.084900 0.084500 0.047100 0.059400 0.097400 0.023400 0.085700 0.098200 0.085100 0.084500 0.085000 0.060000 0.047700 0.047400 0.072100
HarveysDui 0.060300 0.214800 0.168400 0.198100 0.059900 0.047800 0.047100 0.060000 0.084800 0.125000 0.047900 0.084400 0.060000 0.023500 0.035100 0.059700 0.084800 0.111400 0.047600 0.110500 0.072900 0.047700 0.085200 0.111300 0.060400 0.097300 0.035700 0.084800 0.072900 0.084900 0.098300 0.000000 0.124700 0.035700 0.047800 0.111900 0.047300 0.059900 0.059600 0.097600 0.085200 0.059700 0.125000 0.126700 0.072600 0.047700 0.059600 0.059800 0.035600 0.098700 0.097400 0.097300
Pronghorn 0.098200 0.154300 0.155000 0.196200 0.110800 0.098100 0.110900 0.098000 0.085000 0.085100 0.098100 0.084700 0.097800 0.138400 0.084900 0.110300 0.035200 0.085100 0.072500 0.111200 0.124800 0.098100 0.059400 0.072200 0.098200 0.097100 0.098100 0.085000 0.098100 0.111000 0.072300 0.124700 0.000000 0.098100 0.098100 0.122000 0.098100 0.110800 0.072000 0.047100 0.059400 0.084700 0.072400 0.086100 0.108200 0.111000 0.072000 0.110500 0.084900 0.072400 0.097900 0.097500
BlueWildeb 0.023500 0.184700 0.126500 0.168300 0.047300 0.035600 0.059900 0.047300 0.072100 0.111400 0.035700 0.071700 0.023500 0.035900 0.023400 0.023400 0.059700 0.085200 0.035300 0.097500 0.060300 0.035500 0.059800 0.098000 0.023600 0.059400 0.000000 0.072100 0.035600 0.072200 0.072600 0.035700 0.098100 0.000000 0.035600 0.098500 0.035400 0.047400 0.047200 0.072000 0.060200 0.023400 0.098300 0.112900 0.060000 0.047700 0.047200 0.047500 0.023500 0.072900 0.084600 0.084400
Gemsbok 0.035400 0.184900 0.140100 0.197300 0.035400 0.023500 0.072400 0.035100 0.059600 0.111500 0.023600 0.059400 0.059900 0.073300 0.011600 0.059600 0.059500 0.085300 0.023500 0.084600 0.047900 0.023400 0.084900 0.098100 0.035700 0.071800 0.035600 0.059600 0.047900 0.084700 0.072600 0.047800 0.098100 0.035600 0.000000 0.085600 0.023600 0.035400 0.035300 0.072000 0.084900 0.059600 0.098300 0.112900 0.047700 0.035200 0.034900 0.035400 0.011700 0.072900 0.071500 0.071800
Yak 0.098700 0.199600 0.183100 0.229300 0.098000 0.085600 0.111300 0.098300 0.097700 0.125400 0.085500 0.047500 0.124300 0.139200 0.072500 0.123900 0.072600 0.136600 0.085200 0.123900 0.111700 0.085600 0.098200 0.111700 0.098600 0.136600 0.098500 0.097700 0.111500 0.124000 0.111600 0.111900 0.122000 0.098500 0.085600 0.000000 0.085600 0.098000 0.072300 0.095500 0.098200 0.123900 0.112000 0.127100 0.034200 0.098400 0.072300 0.097700 0.072500 0.111700 0.110600 0.110400
BlueSheep 0.011700 0.169900 0.140100 0.182200 0.035200 0.000000 0.072400 0.035400 0.059600 0.085300 0.000000 0.059100 0.059300 0.073300 0.011600 0.059600 0.059800 0.085300 0.023300 0.084600 0.023600 0.000000 0.084900 0.098100 0.011700 0.071800 0.035300 0.059800 0.047900 0.084700 0.047600 0.047300 0.098100 0.035400 0.023600 0.085600 0.000000 0.035400 0.035200 0.072000 0.084900 0.058900 0.072500 0.112900 0.047700 0.035500 0.035200 0.035400 0.011700 0.072900 0.071900 0.071800
BohorReedb 0.047600 0.198600 0.153400 0.211100 0.000000 0.035400 0.084700 0.047300 0.071800 0.124200 0.035500 0.071400 0.071300 0.085600 0.023300 0.071700 0.071900 0.097800 0.035300 0.097100 0.060200 0.035400 0.097300 0.110600 0.047700 0.084000 0.047500 0.071800 0.059900 0.097100 0.084900 0.059900 0.110800 0.047400 0.035400 0.098000 0.035400 0.000000 0.047100 0.084200 0.097300 0.071700 0.110900 0.125800 0.059700 0.047100 0.047100 0.047300 0.023400 0.085300 0.084200 0.084100
KirksDik 0.047300 0.168800 0.152700 0.181300 0.047200 0.035200 0.059500 0.023200 0.071400 0.097600 0.035300 0.046800 0.071500 0.085100 0.023200 0.046900 0.047100 0.097300 0.035100 0.096600 0.059600 0.035200 0.071700 0.084600 0.047400 0.058900 0.047200 0.071400 0.035300 0.096700 0.084500 0.059600 0.072000 0.047200 0.035300 0.072300 0.035200 0.047100 0.000000 0.059200 0.071700 0.046900 0.084800 0.098900 0.035300 0.047200 0.000000 0.047000 0.023300 0.084900 0.083800 0.083700
RoeDeer 0.072100 0.125500 0.125600 0.151800 0.084200 0.072000 0.084300 0.084400 0.059300 0.059400 0.072000 0.059200 0.096900 0.110800 0.059300 0.096500 0.011500 0.059000 0.047300 0.084200 0.097600 0.072000 0.034900 0.047100 0.072000 0.108900 0.072000 0.059300 0.084500 0.084200 0.047100 0.097600 0.047100 0.072000 0.072000 0.095500 0.072000 0.084200 0.059200 0.000000 0.034900 0.096500 0.047200 0.060200 0.082100 0.084500 0.059200 0.084000 0.059400 0.047200 0.071600 0.071400
WhiteLippe 0.085000 0.140100 0.139500 0.152900 0.097300 0.084900 0.097600 0.097400 0.071800 0.072000 0.085100 0.071700 0.084600 0.098500 0.071900 0.084200 0.023200 0.071800 0.059700 0.097100 0.111000 0.084900 0.000000 0.059400 0.085200 0.122600 0.059800 0.071800 0.097900 0.071900 0.059400 0.085200 0.059400 0.060200 0.084900 0.098200 0.084900 0.097300 0.071700 0.034900 0.000000 0.084200 0.059600 0.072900 0.085000 0.097600 0.071700 0.097300 0.072200 0.059700 0.084200 0.084100
ThomsonGaz 0.047100 0.212700 0.153000 0.195700 0.071700 0.059600 0.084300 0.047200 0.096800 0.137100 0.059700 0.096200 0.023300 0.060100 0.047100 0.023200 0.084200 0.110300 0.059400 0.122800 0.084800 0.059600 0.084200 0.123300 0.047500 0.034900 0.023400 0.096800 0.035300 0.097000 0.097400 0.059700 0.084700 0.023400 0.059600 0.123900 0.058900 0.071700 0.046900 0.096500 0.084200 0.000000 0.123700 0.138900 0.084500 0.071900 0.046700 0.071700 0.047300 0.097800 0.109500 0.109300
MuntiacusC 0.072600 0.139700 0.126800 0.182000 0.110900 0.072500 0.111400 0.111200 0.085000 0.011500 0.072700 0.084800 0.124100 0.139300 0.085000 0.123700 0.035300 0.085100 0.072600 0.084900 0.098400 0.072500 0.059600 0.072300 0.072800 0.136900 0.097700 0.085000 0.111700 0.084900 0.023400 0.125000 0.072400 0.098300 0.098300 0.112000 0.072500 0.110900 0.084800 0.047200 0.059600 0.123700 0.000000 0.086300 0.098500 0.111300 0.084800 0.111000 0.085300 0.072700 0.072100 0.097600
WhiteTaile 0.113100 0.171400 0.171300 0.215000 0.125800 0.112900 0.112900 0.126100 0.099100 0.073300 0.113200 0.098800 0.139400 0.141300 0.099200 0.138900 0.048000 0.099100 0.086400 0.125800 0.140500 0.112900 0.072900 0.035700 0.113300 0.152400 0.112900 0.099100 0.126700 0.125800 0.085700 0.126700 0.086100 0.112900 0.112900 0.127100 0.112900 0.125800 0.098900 0.060200 0.072900 0.138900 0.086300 0.000000 0.113100 0.099300 0.098900 0.125900 0.099500 0.086500 0.112200 0.112000
Cattle 0.060100 0.184200 0.168300 0.197100 0.059700 0.047700 0.072300 0.059900 0.084700 0.111700 0.047600 0.011600 0.084800 0.098500 0.035400 0.084500 0.059900 0.122600 0.047500 0.110500 0.072600 0.047700 0.085000 0.098200 0.060000 0.096800 0.060000 0.084700 0.072500 0.110500 0.098200 0.072600 0.108200 0.060000 0.047700 0.034200 0.047700 0.059700 0.035300 0.082100 0.085000 0.084500 0.098500 0.113100 0.000000 0.059900 0.035300 0.059600 0.035400 0.098300 0.097400 0.097200
RoyalAntel 0.047800 0.170000 0.153600 0.182600 0.047400 0.035500 0.072300 0.047500 0.071900 0.098000 0.035600 0.071800 0.072200 0.073100 0.023400 0.071500 0.072000 0.098000 0.035400 0.097200 0.060100 0.035900 0.097600 0.084900 0.047900 0.084200 0.047700 0.071900 0.060100 0.097300 0.085100 0.047700 0.111000 0.047700 0.035200 0.098400 0.035500 0.047100 0.047200 0.084500 0.097600 0.071900 0.111300 0.099300 0.059900 0.000000 0.047200 0.047400 0.023500 0.085500 0.084500 0.084300
Steenbok 0.047300 0.168800 0.152700 0.181300 0.047100 0.035200 0.059500 0.023200 0.071400 0.097600 0.035300 0.046800 0.071500 0.085100 0.023200 0.046900 0.047100 0.097300 0.035100 0.096600 0.059600 0.035000 0.071100 0.084600 0.047400 0.058900 0.047200 0.071400 0.035300 0.096700 0.084500 0.059600 0.072000 0.047200 0.034900 0.072300 0.035200 0.047100 0.000000 0.059200 0.071700 0.046700 0.084800 0.098900 0.035300 0.047200 0.000000 0.047000 0.023300 0.084900 0.083800 0.083700
Impala 0.047600 0.198000 0.153800 0.195600 0.047300 0.035400 0.084400 0.047300 0.071900 0.124300 0.035300 0.071400 0.071900 0.085300 0.023300 0.071700 0.072000 0.097600 0.035300 0.097200 0.059900 0.035400 0.097300 0.110700 0.047500 0.083800 0.047500 0.071900 0.059700 0.097200 0.085000 0.059800 0.110500 0.047500 0.035400 0.097700 0.035400 0.047300 0.047000 0.084000 0.097300 0.071700 0.111000 0.125900 0.059600 0.047400 0.047000 0.000000 0.023300 0.085200 0.084300 0.084100
Klipspring 0.023600 0.169500 0.126400 0.181900 0.023400 0.011700 0.059700 0.023400 0.047400 0.098300 0.011700 0.047100 0.047500 0.060300 0.000000 0.047300 0.047500 0.072300 0.011600 0.072000 0.035600 0.011700 0.072200 0.085100 0.023500 0.059200 0.023500 0.047400 0.035500 0.072100 0.060000 0.035600 0.084900 0.023500 0.011700 0.072500 0.011700 0.023400 0.023300 0.059400 0.072200 0.047300 0.085300 0.099500 0.035400 0.023500 0.023300 0.023300 0.000000 0.060100 0.059500 0.059400
ForestMusk 0.073000 0.154800 0.114000 0.196800 0.085300 0.072900 0.110900 0.085500 0.060200 0.085400 0.072600 0.084900 0.098200 0.112200 0.060100 0.097800 0.035400 0.060000 0.047900 0.085600 0.099000 0.072900 0.059700 0.072400 0.072700 0.110400 0.072900 0.060200 0.085600 0.085500 0.047700 0.098700 0.072400 0.072900 0.072900 0.111700 0.072900 0.085300 0.084900 0.047200 0.059700 0.097800 0.072700 0.086500 0.098300 0.085500 0.084900 0.085200 0.060100 0.000000 0.072700 0.072400
Bushbuck 0.084700 0.183200 0.060700 0.226300 0.084100 0.071900 0.123400 0.083800 0.011500 0.084700 0.072100 0.083800 0.109900 0.124300 0.059300 0.109500 0.059500 0.060000 0.047300 0.011600 0.098100 0.071900 0.084200 0.097400 0.084900 0.122500 0.084600 0.011600 0.097700 0.011500 0.047400 0.097400 0.097900 0.084600 0.071500 0.110600 0.071900 0.084200 0.083800 0.071600 0.084200 0.109500 0.072100 0.112200 0.097400 0.084500 0.083800 0.084300 0.059500 0.072700 0.000000 0.023000
GreaterKud 0.084600 0.182900 0.086100 0.225800 0.084100 0.071800 0.123200 0.084300 0.011500 0.110600 0.072000 0.083700 0.109700 0.124200 0.059200 0.109300 0.059300 0.059800 0.047200 0.035100 0.097400 0.071800 0.084200 0.097200 0.084800 0.096500 0.084400 0.011500 0.097500 0.034700 0.072100 0.097300 0.097500 0.084400 0.071800 0.110400 0.071800 0.084100 0.083700 0.071400 0.084100 0.109300 0.097600 0.112000 0.097200 0.084300 0.083700 0.084100 0.059400 0.072400 0.023000 0.000000
