CODONML (in paml version 4.10.7, June 2023)  /home/rachel/ruminants_paml/6406-phy-tree/ENSBTAT00000006715.fasta.phy
Model: free dN/dS Ratios for branches,  kappa = 2.000 fixed

Codon frequency model: F3x4
ns =  54  ls =  22

Codon usage in sequences
--------------------------------------------------------------------------------------------------------------------------------------
Phe TTT   1   1   1   1   1   1 | Ser TCT   0   0   0   0   0   0 | Tyr TAT   1   0   1   1   1   0 | Cys TGT   0   0   0   0   0   0
    TTC   0   0   0   0   0   0 |     TCC   0   0   0   0   0   0 |     TAC   0   1   0   0   0   1 |     TGC   0   0   0   0   0   0
Leu TTA   0   0   0   0   0   0 |     TCA   0   0   0   0   0   0 | *** TAA   0   0   0   0   0   0 | *** TGA   0   0   0   0   0   0
    TTG   0   0   0   0   0   0 |     TCG   0   0   0   0   0   0 |     TAG   0   0   0   0   0   0 | Trp TGG   0   0   0   0   0   0
--------------------------------------------------------------------------------------------------------------------------------------
Leu CTT   1   1   1   1   0   1 | Pro CCT   0   0   0   0   0   0 | His CAT   0   0   0   0   0   0 | Arg CGT   0   0   0   0   0   0
    CTC   1   1   1   1   2   2 |     CCC   0   0   0   0   0   0 |     CAC   0   0   0   0   0   0 |     CGC   0   0   0   0   0   0
    CTA   0   0   0   0   0   0 |     CCA   0   0   0   0   0   0 | Gln CAA   0   0   0   0   0   0 |     CGA   0   0   0   0   0   0
    CTG   2   2   2   2   2   1 |     CCG   0   0   0   0   0   0 |     CAG   1   1   1   1   1   1 |     CGG   0   0   0   0   0   0
--------------------------------------------------------------------------------------------------------------------------------------
Ile ATT   1   0   1   1   0   1 | Thr ACT   0   0   0   0   0   0 | Asn AAT   0   0   0   0   0   0 | Ser AGT   0   0   0   0   0   0
    ATC   0   0   0   0   0   0 |     ACC   1   2   1   1   1   1 |     AAC   0   0   0   0   0   0 |     AGC   0   0   0   0   0   0
    ATA   1   0   1   1   0   1 |     ACA   1   0   1   0   1   1 | Lys AAA   0   0   0   0   0   0 | Arg AGA   1   0   1   1   1   1
Met ATG   1   1   1   1   2   1 |     ACG   0   0   0   1   0   0 |     AAG   1   1   1   1   1   1 |     AGG   0   1   0   0   0   0
--------------------------------------------------------------------------------------------------------------------------------------
Val GTT   1   2   1   1   2   1 | Ala GCT   1   1   1   1   1   1 | Asp GAT   1   1   1   1   1   1 | Gly GGT   2   1   2   2   2   2
    GTC   0   0   0   0   0   0 |     GCC   2   2   2   2   2   2 |     GAC   0   0   0   0   0   0 |     GGC   0   1   0   0   0   0
    GTA   0   1   0   0   0   0 |     GCA   0   0   0   0   0   0 | Glu GAA   0   0   0   0   0   0 |     GGA   0   0   0   0   0   0
    GTG   0   0   0   0   0   0 |     GCG   0   0   0   0   0   0 |     GAG   0   0   0   0   0   0 |     GGG   1   1   1   1   1   1
--------------------------------------------------------------------------------------------------------------------------------------

--------------------------------------------------------------------------------------------------------------------------------------
Phe TTT   1   1   1   1   1   1 | Ser TCT   0   0   0   0   0   0 | Tyr TAT   1   1   1   1   1   0 | Cys TGT   0   0   0   0   0   0
    TTC   0   0   0   0   0   0 |     TCC   0   0   0   0   0   0 |     TAC   0   0   0   0   0   1 |     TGC   0   0   0   0   0   0
Leu TTA   0   0   0   0   0   0 |     TCA   0   0   0   0   0   0 | *** TAA   0   0   0   0   0   0 | *** TGA   0   0   0   0   0   0
    TTG   0   0   0   0   0   0 |     TCG   0   0   0   0   0   0 |     TAG   0   0   0   0   0   0 | Trp TGG   0   0   0   0   0   0
--------------------------------------------------------------------------------------------------------------------------------------
Leu CTT   1   1   1   1   1   0 | Pro CCT   0   0   0   0   0   0 | His CAT   0   0   0   0   0   0 | Arg CGT   0   0   0   0   0   0
    CTC   1   1   1   1   1   2 |     CCC   0   0   0   0   0   0 |     CAC   0   0   0   0   0   0 |     CGC   0   0   0   0   0   0
    CTA   0   0   0   0   0   0 |     CCA   0   0   0   0   0   0 | Gln CAA   0   0   0   0   0   0 |     CGA   0   0   0   0   0   0
    CTG   2   2   2   2   2   2 |     CCG   0   0   0   0   0   0 |     CAG   1   1   1   1   1   1 |     CGG   0   0   0   0   0   0
--------------------------------------------------------------------------------------------------------------------------------------
Ile ATT   1   1   1   1   1   1 | Thr ACT   0   0   0   0   0   0 | Asn AAT   0   0   0   0   0   0 | Ser AGT   0   0   0   0   0   0
    ATC   0   0   0   0   0   0 |     ACC   1   1   1   1   1   1 |     AAC   0   0   0   0   0   0 |     AGC   0   0   0   0   0   0
    ATA   1   1   1   1   1   1 |     ACA   1   1   1   1   1   1 | Lys AAA   0   0   0   0   0   0 | Arg AGA   1   1   1   1   1   1
Met ATG   1   1   1   1   1   1 |     ACG   0   0   0   0   0   0 |     AAG   1   1   1   1   1   1 |     AGG   0   0   0   0   0   0
--------------------------------------------------------------------------------------------------------------------------------------
Val GTT   1   1   1   1   1   1 | Ala GCT   1   1   1   1   1   1 | Asp GAT   1   1   1   1   1   1 | Gly GGT   1   2   2   2   2   2
    GTC   0   0   0   0   0   0 |     GCC   2   2   2   2   2   2 |     GAC   0   0   0   0   0   0 |     GGC   1   0   0   0   0   1
    GTA   0   0   0   0   0   0 |     GCA   0   0   0   0   0   0 | Glu GAA   0   0   0   0   0   0 |     GGA   0   0   0   0   0   0
    GTG   0   0   0   0   0   0 |     GCG   0   0   0   0   0   0 |     GAG   0   0   0   0   0   0 |     GGG   1   1   1   1   1   0
--------------------------------------------------------------------------------------------------------------------------------------

--------------------------------------------------------------------------------------------------------------------------------------
Phe TTT   1   1   1   1   1   1 | Ser TCT   0   0   0   0   0   0 | Tyr TAT   1   1   1   1   1   1 | Cys TGT   0   0   0   0   0   0
    TTC   0   0   0   0   0   0 |     TCC   0   0   0   0   0   0 |     TAC   0   0   0   0   0   0 |     TGC   0   0   0   0   0   0
Leu TTA   0   0   0   0   0   0 |     TCA   0   0   0   0   0   0 | *** TAA   0   0   0   0   0   0 | *** TGA   0   0   0   0   0   0
    TTG   0   0   0   0   0   0 |     TCG   0   0   0   0   0   0 |     TAG   0   0   0   0   0   0 | Trp TGG   0   0   0   0   0   0
--------------------------------------------------------------------------------------------------------------------------------------
Leu CTT   1   1   1   1   1   1 | Pro CCT   0   0   0   0   0   0 | His CAT   0   0   0   0   0   0 | Arg CGT   0   0   0   0   0   0
    CTC   1   1   1   1   1   1 |     CCC   0   0   0   0   0   0 |     CAC   0   0   0   0   0   0 |     CGC   0   0   0   0   0   0
    CTA   0   0   0   0   0   0 |     CCA   0   0   0   0   0   0 | Gln CAA   0   0   0   0   0   0 |     CGA   0   0   0   0   0   0
    CTG   2   2   2   2   2   2 |     CCG   0   0   0   0   0   0 |     CAG   1   1   1   1   1   1 |     CGG   0   0   0   0   0   0
--------------------------------------------------------------------------------------------------------------------------------------
Ile ATT   1   1   1   1   1   1 | Thr ACT   0   0   0   0   0   0 | Asn AAT   0   0   0   0   0   0 | Ser AGT   0   0   0   0   0   0
    ATC   0   0   0   0   0   0 |     ACC   1   1   1   1   1   1 |     AAC   0   0   0   0   0   0 |     AGC   0   0   0   0   0   0
    ATA   1   1   1   1   1   1 |     ACA   1   1   1   1   1   1 | Lys AAA   0   0   0   0   0   0 | Arg AGA   1   1   1   1   1   1
Met ATG   1   1   1   1   1   1 |     ACG   0   0   0   0   0   0 |     AAG   1   1   1   1   1   1 |     AGG   0   0   0   0   0   0
--------------------------------------------------------------------------------------------------------------------------------------
Val GTT   1   1   1   1   1   1 | Ala GCT   1   1   1   1   1   1 | Asp GAT   1   1   1   1   1   1 | Gly GGT   2   2   2   1   1   2
    GTC   0   0   0   0   0   0 |     GCC   2   2   2   2   2   2 |     GAC   0   0   0   0   0   0 |     GGC   0   0   0   1   0   0
    GTA   0   0   0   0   0   0 |     GCA   0   0   0   0   0   0 | Glu GAA   0   0   0   0   0   0 |     GGA   0   0   0   0   1   0
    GTG   0   0   0   0   0   0 |     GCG   0   0   0   0   0   0 |     GAG   0   0   0   0   0   0 |     GGG   1   1   1   1   1   1
--------------------------------------------------------------------------------------------------------------------------------------

--------------------------------------------------------------------------------------------------------------------------------------
Phe TTT   1   1   1   1   1   1 | Ser TCT   0   0   0   0   0   0 | Tyr TAT   1   1   1   1   1   1 | Cys TGT   0   0   0   0   0   0
    TTC   0   0   0   0   0   0 |     TCC   0   0   0   0   0   0 |     TAC   0   0   0   0   0   0 |     TGC   0   0   0   0   0   0
Leu TTA   0   0   0   0   0   0 |     TCA   0   0   0   0   0   0 | *** TAA   0   0   0   0   0   0 | *** TGA   0   0   0   0   0   0
    TTG   0   0   0   0   0   0 |     TCG   0   0   0   0   0   0 |     TAG   0   0   0   0   0   0 | Trp TGG   0   0   0   0   0   0
--------------------------------------------------------------------------------------------------------------------------------------
Leu CTT   1   1   1   1   1   1 | Pro CCT   0   0   0   0   0   0 | His CAT   0   0   0   0   0   0 | Arg CGT   0   0   0   0   0   0
    CTC   1   1   1   1   1   1 |     CCC   0   0   0   0   0   0 |     CAC   0   0   0   0   0   0 |     CGC   0   0   0   0   0   0
    CTA   0   0   0   0   0   0 |     CCA   0   0   0   0   0   0 | Gln CAA   0   0   0   0   0   0 |     CGA   0   0   0   0   0   0
    CTG   2   2   2   2   2   2 |     CCG   0   0   0   0   0   0 |     CAG   1   1   1   1   1   1 |     CGG   0   0   0   0   0   0
--------------------------------------------------------------------------------------------------------------------------------------
Ile ATT   1   1   1   1   1   1 | Thr ACT   0   0   0   0   0   0 | Asn AAT   0   0   0   0   0   0 | Ser AGT   0   0   0   0   0   0
    ATC   0   0   0   0   0   0 |     ACC   2   1   1   1   1   1 |     AAC   0   0   0   0   0   0 |     AGC   0   0   0   0   0   0
    ATA   1   1   1   1   1   1 |     ACA   0   1   1   1   1   1 | Lys AAA   0   0   0   0   0   0 | Arg AGA   1   1   1   1   1   1
Met ATG   1   1   1   1   1   1 |     ACG   0   0   0   0   0   0 |     AAG   1   1   1   1   1   1 |     AGG   0   0   0   0   0   0
--------------------------------------------------------------------------------------------------------------------------------------
Val GTT   1   1   1   1   1   1 | Ala GCT   1   2   1   1   2   1 | Asp GAT   0   1   1   1   1   1 | Gly GGT   2   2   2   2   2   1
    GTC   0   0   0   0   0   0 |     GCC   2   1   2   2   1   2 |     GAC   1   0   0   0   0   0 |     GGC   0   0   0   0   0   1
    GTA   0   0   0   0   0   0 |     GCA   0   0   0   0   0   0 | Glu GAA   0   0   0   0   0   0 |     GGA   0   0   0   0   0   0
    GTG   0   0   0   0   0   0 |     GCG   0   0   0   0   0   0 |     GAG   0   0   0   0   0   0 |     GGG   1   1   1   1   1   1
--------------------------------------------------------------------------------------------------------------------------------------

--------------------------------------------------------------------------------------------------------------------------------------
Phe TTT   1   1   1   1   1   1 | Ser TCT   0   0   0   0   0   0 | Tyr TAT   0   0   1   1   1   1 | Cys TGT   0   0   0   0   0   0
    TTC   0   0   0   0   0   0 |     TCC   0   0   0   0   0   0 |     TAC   1   1   0   0   0   0 |     TGC   0   0   0   0   0   0
Leu TTA   0   0   0   0   0   0 |     TCA   0   0   0   0   0   0 | *** TAA   0   0   0   0   0   0 | *** TGA   0   0   0   0   0   0
    TTG   0   0   0   0   0   0 |     TCG   0   0   0   0   0   0 |     TAG   0   0   0   0   0   0 | Trp TGG   0   0   0   0   0   0
--------------------------------------------------------------------------------------------------------------------------------------
Leu CTT   0   0   1   1   1   1 | Pro CCT   0   0   0   0   0   0 | His CAT   0   0   0   0   0   0 | Arg CGT   0   0   0   0   0   0
    CTC   2   2   1   1   1   1 |     CCC   0   0   0   0   0   0 |     CAC   0   0   0   0   0   0 |     CGC   0   0   0   0   0   0
    CTA   0   0   0   0   0   0 |     CCA   0   0   0   0   0   0 | Gln CAA   0   0   0   0   0   0 |     CGA   0   0   0   0   0   0
    CTG   2   2   2   2   2   2 |     CCG   0   0   0   0   0   0 |     CAG   1   1   1   1   1   1 |     CGG   0   0   0   0   0   0
--------------------------------------------------------------------------------------------------------------------------------------
Ile ATT   1   1   1   1   1   1 | Thr ACT   0   0   0   0   0   0 | Asn AAT   0   0   0   0   0   0 | Ser AGT   0   0   0   0   0   0
    ATC   0   0   0   0   0   0 |     ACC   1   1   1   1   1   1 |     AAC   0   0   0   0   0   0 |     AGC   0   0   0   0   0   0
    ATA   1   1   1   1   1   1 |     ACA   1   1   1   1   1   1 | Lys AAA   0   0   0   0   0   0 | Arg AGA   1   1   1   1   1   1
Met ATG   1   1   1   1   1   1 |     ACG   0   0   0   0   0   0 |     AAG   1   1   1   1   1   1 |     AGG   0   0   0   0   0   0
--------------------------------------------------------------------------------------------------------------------------------------
Val GTT   1   1   1   1   1   1 | Ala GCT   1   1   1   1   1   1 | Asp GAT   1   1   1   1   1   1 | Gly GGT   2   2   2   2   2   2
    GTC   0   0   0   0   0   0 |     GCC   2   2   2   2   2   2 |     GAC   0   0   0   0   0   0 |     GGC   1   1   0   0   0   0
    GTA   0   0   0   0   0   0 |     GCA   0   0   0   0   0   0 | Glu GAA   0   0   0   0   0   0 |     GGA   0   0   0   0   0   0
    GTG   0   0   0   0   0   0 |     GCG   0   0   0   0   0   0 |     GAG   0   0   0   0   0   0 |     GGG   0   0   1   1   1   1
--------------------------------------------------------------------------------------------------------------------------------------

--------------------------------------------------------------------------------------------------------------------------------------
Phe TTT   1   1   1   1   1   1 | Ser TCT   0   0   0   0   0   0 | Tyr TAT   1   1   0   1   1   1 | Cys TGT   0   0   0   0   0   0
    TTC   0   0   0   0   0   0 |     TCC   0   0   0   0   0   0 |     TAC   0   0   1   0   0   0 |     TGC   0   0   0   0   0   0
Leu TTA   0   0   0   0   0   0 |     TCA   0   0   0   0   0   0 | *** TAA   0   0   0   0   0   0 | *** TGA   0   0   0   0   0   0
    TTG   0   0   0   0   0   0 |     TCG   0   0   0   0   0   0 |     TAG   0   0   0   0   0   0 | Trp TGG   0   0   0   0   0   0
--------------------------------------------------------------------------------------------------------------------------------------
Leu CTT   1   1   0   1   1   1 | Pro CCT   0   0   0   0   0   0 | His CAT   0   0   0   0   0   0 | Arg CGT   0   0   0   0   0   0
    CTC   1   1   2   1   1   1 |     CCC   0   0   0   0   0   0 |     CAC   0   0   0   0   0   0 |     CGC   0   0   0   0   0   0
    CTA   0   0   0   0   0   0 |     CCA   0   0   0   0   0   0 | Gln CAA   0   0   0   0   0   0 |     CGA   0   0   0   0   0   0
    CTG   2   2   2   2   2   2 |     CCG   0   0   0   0   0   0 |     CAG   1   1   1   1   1   1 |     CGG   0   0   0   0   0   0
--------------------------------------------------------------------------------------------------------------------------------------
Ile ATT   1   1   1   1   0   1 | Thr ACT   0   0   0   0   0   0 | Asn AAT   0   0   0   0   0   0 | Ser AGT   0   0   0   0   0   0
    ATC   0   0   0   0   0   0 |     ACC   1   1   1   1   1   1 |     AAC   0   0   0   0   0   0 |     AGC   0   0   0   0   0   0
    ATA   1   1   1   1   0   1 |     ACA   1   1   1   1   1   1 | Lys AAA   0   0   0   0   0   0 | Arg AGA   1   1   1   1   1   1
Met ATG   1   1   1   1   2   1 |     ACG   0   0   0   0   0   0 |     AAG   1   1   1   1   1   1 |     AGG   0   0   0   0   0   0
--------------------------------------------------------------------------------------------------------------------------------------
Val GTT   1   1   1   1   2   1 | Ala GCT   1   1   1   1   1   1 | Asp GAT   1   1   1   1   1   1 | Gly GGT   2   2   2   2   2   2
    GTC   0   0   0   0   0   0 |     GCC   2   2   2   2   2   2 |     GAC   0   0   0   0   0   0 |     GGC   0   0   1   0   0   0
    GTA   0   0   0   0   0   0 |     GCA   0   0   0   0   0   0 | Glu GAA   0   0   0   0   0   0 |     GGA   1   0   0   0   0   0
    GTG   0   0   0   0   0   0 |     GCG   0   0   0   0   0   0 |     GAG   0   0   0   0   0   0 |     GGG   0   1   0   1   1   1
--------------------------------------------------------------------------------------------------------------------------------------

--------------------------------------------------------------------------------------------------------------------------------------
Phe TTT   1   1   1   1   1   1 | Ser TCT   0   0   0   0   0   0 | Tyr TAT   1   1   1   1   0   1 | Cys TGT   0   0   0   0   0   0
    TTC   0   0   0   0   0   0 |     TCC   0   0   0   0   0   0 |     TAC   0   0   0   0   1   0 |     TGC   0   0   0   0   0   0
Leu TTA   0   0   0   0   0   0 |     TCA   0   0   0   0   0   0 | *** TAA   0   0   0   0   0   0 | *** TGA   0   0   0   0   0   0
    TTG   0   0   0   0   0   0 |     TCG   0   0   0   0   0   0 |     TAG   0   0   0   0   0   0 | Trp TGG   0   0   0   0   0   0
--------------------------------------------------------------------------------------------------------------------------------------
Leu CTT   1   1   1   1   0   0 | Pro CCT   0   0   0   0   0   0 | His CAT   0   0   0   0   0   0 | Arg CGT   0   0   0   0   0   0
    CTC   1   1   1   1   2   2 |     CCC   0   0   0   0   0   0 |     CAC   0   0   0   0   0   0 |     CGC   0   0   0   0   0   0
    CTA   0   0   0   0   0   0 |     CCA   0   0   0   0   0   0 | Gln CAA   0   0   0   0   0   0 |     CGA   0   0   0   0   0   0
    CTG   2   2   2   2   2   2 |     CCG   0   0   0   0   0   0 |     CAG   1   1   1   1   1   1 |     CGG   0   0   0   0   0   0
--------------------------------------------------------------------------------------------------------------------------------------
Ile ATT   1   1   1   1   1   1 | Thr ACT   0   0   0   0   0   0 | Asn AAT   0   0   0   0   0   0 | Ser AGT   0   0   0   0   0   0
    ATC   0   0   0   0   0   0 |     ACC   1   1   1   1   2   1 |     AAC   0   0   0   0   0   0 |     AGC   0   0   0   0   0   0
    ATA   1   1   1   1   1   1 |     ACA   1   1   1   1   0   1 | Lys AAA   0   0   0   0   0   0 | Arg AGA   1   1   1   1   1   1
Met ATG   1   1   1   1   1   1 |     ACG   0   0   0   0   0   0 |     AAG   1   1   1   1   1   1 |     AGG   0   0   0   0   0   0
--------------------------------------------------------------------------------------------------------------------------------------
Val GTT   1   1   1   1   1   1 | Ala GCT   1   1   1   1   0   1 | Asp GAT   1   1   1   1   1   1 | Gly GGT   2   2   2   1   2   2
    GTC   0   0   0   0   0   0 |     GCC   2   2   2   2   3   2 |     GAC   0   0   0   0   0   0 |     GGC   0   0   0   1   0   0
    GTA   0   0   0   0   0   0 |     GCA   0   0   0   0   0   0 | Glu GAA   0   0   0   0   0   0 |     GGA   0   0   0   0   0   0
    GTG   0   0   0   0   0   0 |     GCG   0   0   0   0   0   0 |     GAG   0   0   0   0   0   0 |     GGG   1   1   1   1   1   1
--------------------------------------------------------------------------------------------------------------------------------------

--------------------------------------------------------------------------------------------------------------------------------------
Phe TTT   1   1   1   1   1   1 | Ser TCT   0   0   0   0   0   0 | Tyr TAT   0   1   0   0   1   1 | Cys TGT   0   0   0   0   0   0
    TTC   0   0   0   0   0   0 |     TCC   0   0   0   0   0   0 |     TAC   1   0   1   1   0   0 |     TGC   0   0   0   0   0   0
Leu TTA   0   0   0   0   0   0 |     TCA   0   0   0   0   0   0 | *** TAA   0   0   0   0   0   0 | *** TGA   0   0   0   0   0   0
    TTG   0   0   0   0   0   0 |     TCG   0   0   0   0   0   0 |     TAG   0   0   0   0   0   0 | Trp TGG   0   0   0   0   0   0
--------------------------------------------------------------------------------------------------------------------------------------
Leu CTT   0   1   0   0   1   1 | Pro CCT   0   0   0   0   0   0 | His CAT   0   0   0   0   0   0 | Arg CGT   0   0   0   0   0   0
    CTC   2   1   2   2   1   1 |     CCC   0   0   0   0   0   0 |     CAC   0   0   0   0   0   0 |     CGC   0   0   0   0   0   0
    CTA   0   0   0   0   0   0 |     CCA   0   0   0   0   0   0 | Gln CAA   0   0   0   0   0   0 |     CGA   0   0   0   0   0   0
    CTG   2   2   2   2   2   2 |     CCG   0   0   0   0   0   0 |     CAG   1   1   1   1   1   1 |     CGG   0   0   0   0   0   0
--------------------------------------------------------------------------------------------------------------------------------------
Ile ATT   1   1   1   1   1   1 | Thr ACT   0   0   0   0   0   0 | Asn AAT   0   0   0   0   0   0 | Ser AGT   0   0   0   0   0   0
    ATC   0   0   0   0   0   0 |     ACC   1   1   1   1   1   1 |     AAC   0   0   0   0   0   0 |     AGC   0   0   0   0   0   0
    ATA   1   1   1   1   1   1 |     ACA   1   1   1   1   1   1 | Lys AAA   0   0   0   0   0   0 | Arg AGA   1   1   1   1   1   1
Met ATG   1   1   1   1   1   1 |     ACG   0   0   0   0   0   0 |     AAG   1   1   1   1   1   1 |     AGG   0   0   0   0   0   0
--------------------------------------------------------------------------------------------------------------------------------------
Val GTT   1   1   1   1   1   1 | Ala GCT   1   1   1   1   1   1 | Asp GAT   1   1   1   0   1   1 | Gly GGT   2   2   2   2   2   2
    GTC   0   0   0   0   0   0 |     GCC   2   2   2   2   2   2 |     GAC   0   0   0   1   0   0 |     GGC   1   0   1   1   0   0
    GTA   0   0   0   0   0   0 |     GCA   0   0   0   0   0   0 | Glu GAA   0   0   0   0   0   0 |     GGA   0   0   0   0   0   0
    GTG   0   0   0   0   0   0 |     GCG   0   0   0   0   0   0 |     GAG   0   0   0   0   0   0 |     GGG   0   1   0   0   1   1
--------------------------------------------------------------------------------------------------------------------------------------

--------------------------------------------------------------------------------------------------------------------------------------
Phe TTT   1   1   1   1   1   1 | Ser TCT   0   0   0   0   0   0 | Tyr TAT   1   1   1   1   1   1 | Cys TGT   0   0   0   0   0   0
    TTC   0   0   0   0   0   0 |     TCC   0   0   0   0   0   0 |     TAC   0   0   0   0   0   0 |     TGC   0   0   0   0   0   0
Leu TTA   0   0   0   0   0   0 |     TCA   0   0   0   0   0   0 | *** TAA   0   0   0   0   0   0 | *** TGA   0   0   0   0   0   0
    TTG   0   0   0   0   0   0 |     TCG   0   0   0   0   0   0 |     TAG   0   0   0   0   0   0 | Trp TGG   0   0   0   0   0   0
--------------------------------------------------------------------------------------------------------------------------------------
Leu CTT   1   1   1   1   1   1 | Pro CCT   0   0   0   0   0   0 | His CAT   0   0   0   0   0   0 | Arg CGT   0   0   0   0   0   0
    CTC   1   1   1   1   1   1 |     CCC   0   0   0   0   0   0 |     CAC   0   0   0   0   0   0 |     CGC   0   0   0   0   0   0
    CTA   0   0   0   0   0   0 |     CCA   0   0   0   0   0   0 | Gln CAA   0   0   0   0   0   0 |     CGA   0   0   0   0   0   0
    CTG   2   2   2   2   2   2 |     CCG   0   0   0   0   0   0 |     CAG   1   1   1   1   1   1 |     CGG   0   0   0   0   0   0
--------------------------------------------------------------------------------------------------------------------------------------
Ile ATT   1   1   1   1   1   1 | Thr ACT   0   0   0   0   0   0 | Asn AAT   0   0   0   0   0   0 | Ser AGT   0   0   0   0   0   0
    ATC   0   0   0   0   0   0 |     ACC   1   1   1   1   1   1 |     AAC   0   0   0   0   0   0 |     AGC   0   0   0   0   0   0
    ATA   1   1   1   1   1   1 |     ACA   1   1   1   0   1   1 | Lys AAA   0   0   0   0   0   0 | Arg AGA   1   1   1   1   1   1
Met ATG   1   1   1   1   1   1 |     ACG   0   0   0   1   0   0 |     AAG   1   1   1   1   1   1 |     AGG   0   0   0   0   0   0
--------------------------------------------------------------------------------------------------------------------------------------
Val GTT   1   1   1   1   1   1 | Ala GCT   1   1   1   1   1   1 | Asp GAT   1   1   1   1   1   1 | Gly GGT   2   2   2   2   2   2
    GTC   0   0   0   0   0   0 |     GCC   2   2   2   2   2   2 |     GAC   0   0   0   0   0   0 |     GGC   0   0   0   0   0   0
    GTA   0   0   0   0   0   0 |     GCA   0   0   0   0   0   0 | Glu GAA   0   0   0   0   0   0 |     GGA   0   0   0   0   0   0
    GTG   0   0   0   0   0   0 |     GCG   0   0   0   0   0   0 |     GAG   0   0   0   0   0   0 |     GGG   1   1   1   1   1   1
--------------------------------------------------------------------------------------------------------------------------------------

Codon position x base (3x4) table for each sequence.

#1: Argali         
position  1:    T:0.09091    C:0.22727    A:0.31818    G:0.36364
position  2:    T:0.40909    C:0.22727    A:0.18182    G:0.18182
position  3:    T:0.40909    C:0.18182    A:0.13636    G:0.27273
Average         T:0.30303    C:0.21212    A:0.21212    G:0.27273

#2: LesserMouseDeer
position  1:    T:0.09091    C:0.22727    A:0.22727    G:0.45455
position  2:    T:0.40909    C:0.22727    A:0.18182    G:0.18182
position  3:    T:0.31818    C:0.31818    A:0.04545    G:0.31818
Average         T:0.27273    C:0.25758    A:0.15152    G:0.31818

#3: LesserKudu     
position  1:    T:0.09091    C:0.22727    A:0.31818    G:0.36364
position  2:    T:0.40909    C:0.22727    A:0.18182    G:0.18182
position  3:    T:0.40909    C:0.18182    A:0.13636    G:0.27273
Average         T:0.30303    C:0.21212    A:0.21212    G:0.27273

#4: ForestMuskDeer2
position  1:    T:0.09091    C:0.22727    A:0.31818    G:0.36364
position  2:    T:0.40909    C:0.22727    A:0.18182    G:0.18182
position  3:    T:0.40909    C:0.18182    A:0.09091    G:0.31818
Average         T:0.30303    C:0.21212    A:0.19697    G:0.28788

#5: Camel          
position  1:    T:0.09091    C:0.22727    A:0.27273    G:0.40909
position  2:    T:0.40909    C:0.22727    A:0.18182    G:0.18182
position  3:    T:0.36364    C:0.22727    A:0.09091    G:0.31818
Average         T:0.28788    C:0.22727    A:0.18182    G:0.30303

#6: KillerWhale    
position  1:    T:0.09091    C:0.22727    A:0.31818    G:0.36364
position  2:    T:0.40909    C:0.22727    A:0.18182    G:0.18182
position  3:    T:0.36364    C:0.27273    A:0.13636    G:0.22727
Average         T:0.28788    C:0.24242    A:0.21212    G:0.25758

#7: DefassaWaterbuck
position  1:    T:0.09091    C:0.22727    A:0.31818    G:0.36364
position  2:    T:0.40909    C:0.22727    A:0.18182    G:0.18182
position  3:    T:0.36364    C:0.22727    A:0.13636    G:0.27273
Average         T:0.28788    C:0.22727    A:0.21212    G:0.27273

#8: Sheep          
position  1:    T:0.09091    C:0.22727    A:0.31818    G:0.36364
position  2:    T:0.40909    C:0.22727    A:0.18182    G:0.18182
position  3:    T:0.40909    C:0.18182    A:0.13636    G:0.27273
Average         T:0.30303    C:0.21212    A:0.21212    G:0.27273

#9: MaxwellsDuiker 
position  1:    T:0.09091    C:0.22727    A:0.31818    G:0.36364
position  2:    T:0.40909    C:0.22727    A:0.18182    G:0.18182
position  3:    T:0.40909    C:0.18182    A:0.13636    G:0.27273
Average         T:0.30303    C:0.21212    A:0.21212    G:0.27273

#10: GazellaPrzewalskyi
position  1:    T:0.09091    C:0.22727    A:0.31818    G:0.36364
position  2:    T:0.40909    C:0.22727    A:0.18182    G:0.18182
position  3:    T:0.40909    C:0.18182    A:0.13636    G:0.27273
Average         T:0.30303    C:0.21212    A:0.21212    G:0.27273

#11: MountainNyala  
position  1:    T:0.09091    C:0.22727    A:0.31818    G:0.36364
position  2:    T:0.40909    C:0.22727    A:0.18182    G:0.18182
position  3:    T:0.40909    C:0.18182    A:0.13636    G:0.27273
Average         T:0.30303    C:0.21212    A:0.21212    G:0.27273

#12: MuntiacusMuntjak
position  1:    T:0.09091    C:0.22727    A:0.31818    G:0.36364
position  2:    T:0.40909    C:0.22727    A:0.18182    G:0.18182
position  3:    T:0.31818    C:0.31818    A:0.13636    G:0.22727
Average         T:0.27273    C:0.25758    A:0.21212    G:0.25758

#13: goat           
position  1:    T:0.09091    C:0.22727    A:0.31818    G:0.36364
position  2:    T:0.40909    C:0.22727    A:0.18182    G:0.18182
position  3:    T:0.40909    C:0.18182    A:0.13636    G:0.27273
Average         T:0.30303    C:0.21212    A:0.21212    G:0.27273

#14: AfricanBuffalo 
position  1:    T:0.09091    C:0.22727    A:0.31818    G:0.36364
position  2:    T:0.40909    C:0.22727    A:0.18182    G:0.18182
position  3:    T:0.40909    C:0.18182    A:0.13636    G:0.27273
Average         T:0.30303    C:0.21212    A:0.21212    G:0.27273

#15: Topi           
position  1:    T:0.09091    C:0.22727    A:0.31818    G:0.36364
position  2:    T:0.40909    C:0.22727    A:0.18182    G:0.18182
position  3:    T:0.40909    C:0.18182    A:0.13636    G:0.27273
Average         T:0.30303    C:0.21212    A:0.21212    G:0.27273

#16: CommonDuiker   
position  1:    T:0.09091    C:0.22727    A:0.31818    G:0.36364
position  2:    T:0.40909    C:0.22727    A:0.18182    G:0.18182
position  3:    T:0.36364    C:0.22727    A:0.13636    G:0.27273
Average         T:0.28788    C:0.22727    A:0.21212    G:0.27273

#17: Suni           
position  1:    T:0.09091    C:0.22727    A:0.31818    G:0.36364
position  2:    T:0.40909    C:0.22727    A:0.18182    G:0.18182
position  3:    T:0.36364    C:0.18182    A:0.18182    G:0.27273
Average         T:0.28788    C:0.21212    A:0.22727    G:0.27273

#18: Springbuck     
position  1:    T:0.09091    C:0.22727    A:0.31818    G:0.36364
position  2:    T:0.40909    C:0.22727    A:0.18182    G:0.18182
position  3:    T:0.40909    C:0.18182    A:0.13636    G:0.27273
Average         T:0.30303    C:0.21212    A:0.21212    G:0.27273

#19: Okapi          
position  1:    T:0.09091    C:0.22727    A:0.31818    G:0.36364
position  2:    T:0.40909    C:0.22727    A:0.18182    G:0.18182
position  3:    T:0.36364    C:0.27273    A:0.09091    G:0.27273
Average         T:0.28788    C:0.24242    A:0.19697    G:0.27273

#20: Giraffe        
position  1:    T:0.09091    C:0.22727    A:0.31818    G:0.36364
position  2:    T:0.40909    C:0.22727    A:0.18182    G:0.18182
position  3:    T:0.45455    C:0.13636    A:0.13636    G:0.27273
Average         T:0.31818    C:0.19697    A:0.21212    G:0.27273

#21: TibetanAntelope
position  1:    T:0.09091    C:0.22727    A:0.31818    G:0.36364
position  2:    T:0.40909    C:0.22727    A:0.18182    G:0.18182
position  3:    T:0.40909    C:0.18182    A:0.13636    G:0.27273
Average         T:0.30303    C:0.21212    A:0.21212    G:0.27273

#22: Sitatunga      
position  1:    T:0.09091    C:0.22727    A:0.31818    G:0.36364
position  2:    T:0.40909    C:0.22727    A:0.18182    G:0.18182
position  3:    T:0.40909    C:0.18182    A:0.13636    G:0.27273
Average         T:0.30303    C:0.21212    A:0.21212    G:0.27273

#23: Oribi          
position  1:    T:0.09091    C:0.22727    A:0.31818    G:0.36364
position  2:    T:0.40909    C:0.22727    A:0.18182    G:0.18182
position  3:    T:0.45455    C:0.13636    A:0.13636    G:0.27273
Average         T:0.31818    C:0.19697    A:0.21212    G:0.27273

#24: BarbarySheep   
position  1:    T:0.09091    C:0.22727    A:0.31818    G:0.36364
position  2:    T:0.40909    C:0.22727    A:0.18182    G:0.18182
position  3:    T:0.36364    C:0.22727    A:0.13636    G:0.27273
Average         T:0.28788    C:0.22727    A:0.21212    G:0.27273

#25: Daviddeer      
position  1:    T:0.09091    C:0.22727    A:0.31818    G:0.36364
position  2:    T:0.40909    C:0.22727    A:0.18182    G:0.18182
position  3:    T:0.31818    C:0.31818    A:0.13636    G:0.22727
Average         T:0.27273    C:0.25758    A:0.21212    G:0.25758

#26: Reindeer       
position  1:    T:0.09091    C:0.22727    A:0.31818    G:0.36364
position  2:    T:0.40909    C:0.22727    A:0.18182    G:0.18182
position  3:    T:0.31818    C:0.31818    A:0.13636    G:0.22727
Average         T:0.27273    C:0.25758    A:0.21212    G:0.25758

#27: Ibex           
position  1:    T:0.09091    C:0.22727    A:0.31818    G:0.36364
position  2:    T:0.40909    C:0.22727    A:0.18182    G:0.18182
position  3:    T:0.40909    C:0.18182    A:0.13636    G:0.27273
Average         T:0.30303    C:0.21212    A:0.21212    G:0.27273

#28: GyrantGazelle  
position  1:    T:0.09091    C:0.22727    A:0.31818    G:0.36364
position  2:    T:0.40909    C:0.22727    A:0.18182    G:0.18182
position  3:    T:0.40909    C:0.18182    A:0.13636    G:0.27273
Average         T:0.30303    C:0.21212    A:0.21212    G:0.27273

#29: Hartebeest     
position  1:    T:0.09091    C:0.22727    A:0.31818    G:0.36364
position  2:    T:0.40909    C:0.22727    A:0.18182    G:0.18182
position  3:    T:0.40909    C:0.18182    A:0.13636    G:0.27273
Average         T:0.30303    C:0.21212    A:0.21212    G:0.27273

#30: Bongo          
position  1:    T:0.09091    C:0.22727    A:0.31818    G:0.36364
position  2:    T:0.40909    C:0.22727    A:0.18182    G:0.18182
position  3:    T:0.40909    C:0.18182    A:0.13636    G:0.27273
Average         T:0.30303    C:0.21212    A:0.21212    G:0.27273

#31: Gerenuk        
position  1:    T:0.09091    C:0.22727    A:0.31818    G:0.36364
position  2:    T:0.40909    C:0.22727    A:0.18182    G:0.18182
position  3:    T:0.40909    C:0.18182    A:0.18182    G:0.22727
Average         T:0.30303    C:0.21212    A:0.22727    G:0.25758

#32: CommonEland    
position  1:    T:0.09091    C:0.22727    A:0.31818    G:0.36364
position  2:    T:0.40909    C:0.22727    A:0.18182    G:0.18182
position  3:    T:0.40909    C:0.18182    A:0.13636    G:0.27273
Average         T:0.30303    C:0.21212    A:0.21212    G:0.27273

#33: MuntiacusReevesi
position  1:    T:0.09091    C:0.22727    A:0.31818    G:0.36364
position  2:    T:0.40909    C:0.22727    A:0.18182    G:0.18182
position  3:    T:0.31818    C:0.31818    A:0.13636    G:0.22727
Average         T:0.27273    C:0.25758    A:0.21212    G:0.25758

#34: HarveysDuiker  
position  1:    T:0.09091    C:0.22727    A:0.31818    G:0.36364
position  2:    T:0.40909    C:0.22727    A:0.18182    G:0.18182
position  3:    T:0.40909    C:0.18182    A:0.13636    G:0.27273
Average         T:0.30303    C:0.21212    A:0.21212    G:0.27273

#35: Pronghorn      
position  1:    T:0.09091    C:0.22727    A:0.27273    G:0.40909
position  2:    T:0.40909    C:0.22727    A:0.18182    G:0.18182
position  3:    T:0.40909    C:0.18182    A:0.09091    G:0.31818
Average         T:0.30303    C:0.21212    A:0.18182    G:0.30303

#36: BlueWildebeest 
position  1:    T:0.09091    C:0.22727    A:0.31818    G:0.36364
position  2:    T:0.40909    C:0.22727    A:0.18182    G:0.18182
position  3:    T:0.40909    C:0.18182    A:0.13636    G:0.27273
Average         T:0.30303    C:0.21212    A:0.21212    G:0.27273

#37: Gemsbok        
position  1:    T:0.09091    C:0.22727    A:0.31818    G:0.36364
position  2:    T:0.40909    C:0.22727    A:0.18182    G:0.18182
position  3:    T:0.40909    C:0.18182    A:0.13636    G:0.27273
Average         T:0.30303    C:0.21212    A:0.21212    G:0.27273

#38: Yak            
position  1:    T:0.09091    C:0.22727    A:0.31818    G:0.36364
position  2:    T:0.40909    C:0.22727    A:0.18182    G:0.18182
position  3:    T:0.40909    C:0.18182    A:0.13636    G:0.27273
Average         T:0.30303    C:0.21212    A:0.21212    G:0.27273

#39: BlueSheep      
position  1:    T:0.09091    C:0.22727    A:0.31818    G:0.36364
position  2:    T:0.40909    C:0.22727    A:0.18182    G:0.18182
position  3:    T:0.40909    C:0.18182    A:0.13636    G:0.27273
Average         T:0.30303    C:0.21212    A:0.21212    G:0.27273

#40: BohorReedbuck  
position  1:    T:0.09091    C:0.22727    A:0.31818    G:0.36364
position  2:    T:0.40909    C:0.22727    A:0.18182    G:0.18182
position  3:    T:0.36364    C:0.22727    A:0.13636    G:0.27273
Average         T:0.28788    C:0.22727    A:0.21212    G:0.27273

#41: KirksDik       
position  1:    T:0.09091    C:0.22727    A:0.31818    G:0.36364
position  2:    T:0.40909    C:0.22727    A:0.18182    G:0.18182
position  3:    T:0.27273    C:0.36364    A:0.09091    G:0.27273
Average         T:0.25758    C:0.27273    A:0.19697    G:0.27273

#42: RoeDeer        
position  1:    T:0.09091    C:0.22727    A:0.31818    G:0.36364
position  2:    T:0.40909    C:0.22727    A:0.18182    G:0.18182
position  3:    T:0.36364    C:0.22727    A:0.13636    G:0.27273
Average         T:0.28788    C:0.22727    A:0.21212    G:0.27273

#43: WhiteLippedDeer
position  1:    T:0.09091    C:0.22727    A:0.31818    G:0.36364
position  2:    T:0.40909    C:0.22727    A:0.18182    G:0.18182
position  3:    T:0.31818    C:0.31818    A:0.13636    G:0.22727
Average         T:0.27273    C:0.25758    A:0.21212    G:0.25758

#44: ThomsonGazelle 
position  1:    T:0.09091    C:0.22727    A:0.31818    G:0.36364
position  2:    T:0.40909    C:0.22727    A:0.18182    G:0.18182
position  3:    T:0.40909    C:0.18182    A:0.13636    G:0.27273
Average         T:0.30303    C:0.21212    A:0.21212    G:0.27273

#45: MuntiacusCrinifrons
position  1:    T:0.09091    C:0.22727    A:0.31818    G:0.36364
position  2:    T:0.40909    C:0.22727    A:0.18182    G:0.18182
position  3:    T:0.31818    C:0.31818    A:0.13636    G:0.22727
Average         T:0.27273    C:0.25758    A:0.21212    G:0.25758

#46: WhiteTailedDeer
position  1:    T:0.09091    C:0.22727    A:0.31818    G:0.36364
position  2:    T:0.40909    C:0.22727    A:0.18182    G:0.18182
position  3:    T:0.27273    C:0.36364    A:0.13636    G:0.22727
Average         T:0.25758    C:0.27273    A:0.21212    G:0.25758

#47: Cattle         
position  1:    T:0.09091    C:0.22727    A:0.31818    G:0.36364
position  2:    T:0.40909    C:0.22727    A:0.18182    G:0.18182
position  3:    T:0.40909    C:0.18182    A:0.13636    G:0.27273
Average         T:0.30303    C:0.21212    A:0.21212    G:0.27273

#48: RoyalAntelope  
position  1:    T:0.09091    C:0.22727    A:0.31818    G:0.36364
position  2:    T:0.40909    C:0.22727    A:0.18182    G:0.18182
position  3:    T:0.40909    C:0.18182    A:0.13636    G:0.27273
Average         T:0.30303    C:0.21212    A:0.21212    G:0.27273

#49: Steenbok       
position  1:    T:0.09091    C:0.22727    A:0.31818    G:0.36364
position  2:    T:0.40909    C:0.22727    A:0.18182    G:0.18182
position  3:    T:0.40909    C:0.18182    A:0.13636    G:0.27273
Average         T:0.30303    C:0.21212    A:0.21212    G:0.27273

#50: Impala         
position  1:    T:0.09091    C:0.22727    A:0.31818    G:0.36364
position  2:    T:0.40909    C:0.22727    A:0.18182    G:0.18182
position  3:    T:0.40909    C:0.18182    A:0.13636    G:0.27273
Average         T:0.30303    C:0.21212    A:0.21212    G:0.27273

#51: Klipspringer   
position  1:    T:0.09091    C:0.22727    A:0.31818    G:0.36364
position  2:    T:0.40909    C:0.22727    A:0.18182    G:0.18182
