1
52 1
Argali 0.000000 0.107800 0.000400 0.113700 0.039900 0.000000 0.050700 0.077700 0.039500 0.080400 0.000100 0.078900 0.000400 0.000200 0.000200 0.108300 0.142700 0.120100 0.000400 0.039500 0.077700 0.000100 0.076000 0.113500 0.000200 0.073800 0.000300 0.000300 0.077700 0.072100 0.080400 0.000200 0.073800 0.000300 0.050400 0.078900 0.000200 0.122000 0.000300 0.080400 0.076000 0.071500 0.080400 0.113500 0.078900 0.000300 0.000300 0.050000 0.000200 0.085700 0.040600 0.039500
LesserMous 0.107800 0.000000 0.086700 0.118900 0.119800 0.107800 0.122500 0.149000 0.117300 0.085000 0.087300 0.152300 0.060600 0.087100 0.087100 0.177900 0.148500 0.122000 0.087200 0.117300 0.149000 0.087300 0.084700 0.115800 0.087400 0.149400 0.059900 0.087200 0.149000 0.146500 0.085000 0.087100 0.085500 0.086700 0.121400 0.152300 0.087100 0.194600 0.087000 0.085000 0.084700 0.149600 0.085000 0.115800 0.152300 0.087800 0.087000 0.120700 0.087100 0.156800 0.119700 0.117300
LesserKudu 0.000400 0.086700 0.000000 0.089300 0.028700 0.000400 0.029400 0.056900 0.027200 0.056400 0.000300 0.056600 0.000500 0.000300 0.000300 0.085200 0.118100 0.091300 0.000500 0.027200 0.056900 0.000300 0.056400 0.086600 0.000400 0.056900 0.000400 0.000100 0.056900 0.054300 0.056400 0.000300 0.056800 0.000300 0.029000 0.056600 0.000400 0.092900 0.000300 0.056400 0.056400 0.057000 0.056400 0.086600 0.056600 0.000300 0.000300 0.028900 0.000300 0.059900 0.027800 0.027200
KillerWhal 0.113700 0.118900 0.089300 0.000000 0.123600 0.113700 0.126500 0.153700 0.121000 0.152200 0.089900 0.156600 0.062400 0.089800 0.089800 0.117100 0.153700 0.197600 0.090100 0.121000 0.153700 0.089900 0.151900 0.187300 0.090000 0.154100 0.061700 0.089800 0.153700 0.150500 0.152200 0.089800 0.153100 0.089200 0.125300 0.156600 0.089700 0.200900 0.089900 0.152200 0.151900 0.154400 0.152200 0.187300 0.156600 0.090400 0.089900 0.124400 0.089800 0.161600 0.123400 0.121000
DefassaWat 0.039900 0.119800 0.028700 0.123600 0.000000 0.039900 0.060900 0.088600 0.058100 0.087700 0.028900 0.090600 0.031300 0.028800 0.028800 0.117400 0.154100 0.126900 0.029000 0.058100 0.088600 0.028900 0.087400 0.119700 0.028900 0.088800 0.030900 0.028900 0.088600 0.086700 0.087700 0.028800 0.087400 0.028700 0.060400 0.090600 0.028900 0.061600 0.028900 0.087600 0.087400 0.089000 0.087700 0.119700 0.090600 0.029000 0.028900 0.059900 0.028800 0.093500 0.031300 0.058100
Sheep 0.000000 0.107800 0.000400 0.113700 0.039900 0.000000 0.050700 0.077700 0.039500 0.080400 0.000100 0.078900 0.000400 0.000200 0.000200 0.108300 0.142700 0.120100 0.000400 0.039500 0.077700 0.000100 0.076000 0.113500 0.000200 0.073800 0.000300 0.000300 0.077700 0.072100 0.080400 0.000200 0.073800 0.000300 0.050400 0.078900 0.000200 0.122000 0.000300 0.080400 0.076000 0.071500 0.080400 0.113500 0.078900 0.000300 0.000300 0.050000 0.000200 0.085700 0.040600 0.039500
MaxwellsDu 0.050700 0.122500 0.029400 0.126500 0.060900 0.050700 0.000000 0.090800 0.059500 0.089300 0.029500 0.092500 0.032100 0.029300 0.029300 0.120300 0.158300 0.129500 0.029500 0.059500 0.090800 0.029500 0.089200 0.122000 0.029500 0.091000 0.031800 0.029500 0.090800 0.088600 0.089300 0.029300 0.090600 0.029400 0.061500 0.092500 0.029500 0.131800 0.029500 0.089300 0.089200 0.091000 0.089300 0.122000 0.092500 0.029600 0.029500 0.060900 0.029300 0.095300 0.060600 0.059500
GazellaPrz 0.077700 0.149000 0.056900 0.153700 0.088600 0.077700 0.090800 0.000000 0.086800 0.116900 0.057500 0.120200 0.062100 0.057400 0.057400 0.026600 0.184300 0.157400 0.057600 0.086800 0.000000 0.057500 0.116700 0.149800 0.057500 0.000100 0.061500 0.057300 0.000000 0.115800 0.116900 0.057400 0.117300 0.057200 0.089900 0.120200 0.057400 0.160000 0.057300 0.116900 0.116700 0.000200 0.116900 0.149800 0.120200 0.057800 0.057300 0.089300 0.057400 0.123600 0.088600 0.086800
MountainNy 0.039500 0.117300 0.027200 0.121000 0.058100 0.039500 0.059500 0.086800 0.000000 0.085900 0.028100 0.086000 0.030100 0.028100 0.028100 0.115300 0.150600 0.123900 0.028000 0.000000 0.086800 0.028100 0.085800 0.117400 0.028100 0.086900 0.029900 0.027300 0.086800 0.026400 0.085900 0.028100 0.086500 0.028000 0.058900 0.086000 0.028000 0.125900 0.028100 0.085900 0.085800 0.087100 0.085900 0.117400 0.086000 0.028300 0.028100 0.058500 0.028100 0.091300 0.056100 0.000000
MuntiacusM 0.080400 0.085000 0.056400 0.152200 0.087700 0.080400 0.089300 0.116900 0.085900 0.000000 0.056700 0.118800 0.061300 0.056400 0.056400 0.145700 0.116700 0.088900 0.056800 0.085900 0.116900 0.056700 0.000100 0.027100 0.056700 0.117200 0.060700 0.056700 0.116900 0.114300 0.000000 0.056400 0.055700 0.056500 0.088500 0.118800 0.056700 0.157500 0.056800 0.000000 0.000100 0.117300 0.000000 0.027100 0.118800 0.057000 0.056800 0.087900 0.056400 0.121600 0.087600 0.085900
goat 0.000100 0.087300 0.000300 0.089900 0.028900 0.000100 0.029500 0.057500 0.028100 0.056700 0.000000 0.058500 0.000300 0.000100 0.000100 0.085900 0.119300 0.091900 0.000300 0.028100 0.057500 0.000000 0.056500 0.087000 0.000100 0.057500 0.000200 0.000300 0.057500 0.056200 0.056700 0.000100 0.057200 0.000200 0.029200 0.058500 0.000100 0.093500 0.000200 0.056700 0.056500 0.057500 0.056700 0.087000 0.058500 0.000200 0.000200 0.029000 0.000100 0.060200 0.028700 0.028100
AfricanBuf 0.078900 0.152300 0.056600 0.156600 0.090600 0.078900 0.092500 0.120200 0.086000 0.118800 0.058500 0.000000 0.063300 0.058400 0.058400 0.149600 0.119800 0.092200 0.058500 0.086000 0.120200 0.058500 0.118500 0.152300 0.058500 0.120500 0.062600 0.056800 0.120200 0.114300 0.118800 0.058400 0.120000 0.058200 0.029300 0.000000 0.058400 0.093900 0.058500 0.118800 0.118500 0.120600 0.118800 0.152300 0.000000 0.058700 0.058500 0.091200 0.058400 0.126600 0.087800 0.086000
Topi 0.000400 0.060600 0.000500 0.062400 0.031300 0.000400 0.032100 0.062100 0.030100 0.061300 0.000300 0.063300 0.000000 0.000200 0.000200 0.092600 0.128900 0.100200 0.000500 0.030100 0.062100 0.000300 0.061300 0.094300 0.000400 0.062000 0.000100 0.000400 0.062100 0.060200 0.061300 0.000200 0.061700 0.000200 0.031700 0.063300 0.000400 0.102200 0.000300 0.061300 0.061300 0.062200 0.061300 0.094300 0.063300 0.000300 0.000300 0.031500 0.000200 0.065500 0.031000 0.030100
CommonDuik 0.000200 0.087100 0.000300 0.089800 0.028800 0.000200 0.029300 0.057400 0.028100 0.056400 0.000100 0.058400 0.000200 0.000000 0.000000 0.085600 0.119300 0.091500 0.000300 0.028100 0.057400 0.000100 0.056400 0.086600 0.000200 0.057500 0.000200 0.000200 0.057400 0.056100 0.056400 0.000000 0.057200 0.000100 0.029100 0.058400 0.000200 0.093000 0.000100 0.056400 0.056400 0.057500 0.056400 0.086600 0.058400 0.000100 0.000100 0.028900 0.000000 0.059900 0.028700 0.028100
Suni 0.000200 0.087100 0.000300 0.089800 0.028800 0.000200 0.029300 0.057400 0.028100 0.056400 0.000100 0.058400 0.000200 0.000000 0.000000 0.085600 0.119300 0.091500 0.000300 0.028100 0.057400 0.000100 0.056400 0.086600 0.000200 0.057500 0.000200 0.000200 0.057400 0.056100 0.056400 0.000000 0.057200 0.000100 0.029100 0.058400 0.000200 0.093000 0.000100 0.056400 0.056400 0.057500 0.056400 0.086600 0.058400 0.000100 0.000100 0.028900 0.000000 0.059900 0.028700 0.028100
Springbuck 0.108300 0.177900 0.085200 0.117100 0.117400 0.108300 0.120300 0.026600 0.115300 0.145700 0.085900 0.149600 0.092600 0.085600 0.085600 0.000000 0.214000 0.187400 0.086000 0.115300 0.026600 0.085900 0.145400 0.179200 0.086000 0.026800 0.091600 0.085700 0.026600 0.144500 0.145700 0.085600 0.145900 0.085300 0.118900 0.149600 0.085800 0.190400 0.085500 0.145700 0.145400 0.026800 0.145700 0.179200 0.149600 0.086300 0.085500 0.118300 0.085600 0.153400 0.117700 0.115300
Okapi 0.142700 0.148500 0.118100 0.153700 0.154100 0.142700 0.158300 0.184300 0.150600 0.116700 0.119300 0.119800 0.128900 0.119300 0.119300 0.214000 0.000000 0.090300 0.120100 0.150600 0.184300 0.119300 0.116700 0.149800 0.119800 0.184900 0.127300 0.119100 0.184300 0.180200 0.116700 0.119300 0.116900 0.118500 0.089800 0.119800 0.119200 0.159600 0.119500 0.116700 0.116700 0.185600 0.116700 0.149800 0.119800 0.120300 0.119500 0.155300 0.119300 0.193800 0.153800 0.150600
Giraffe 0.120100 0.122000 0.091300 0.197600 0.126900 0.120100 0.129500 0.157400 0.123900 0.088900 0.091900 0.092200 0.100200 0.091500 0.091500 0.187400 0.090300 0.000000 0.092400 0.123900 0.157400 0.091900 0.088900 0.121400 0.092100 0.157800 0.099000 0.091900 0.157400 0.154000 0.088900 0.091500 0.090200 0.091400 0.061300 0.092200 0.091900 0.131300 0.092000 0.088900 0.088900 0.158200 0.088900 0.121400 0.092200 0.092500 0.092000 0.127200 0.091500 0.166100 0.126500 0.123900
TibetanAnt 0.000400 0.087200 0.000500 0.090100 0.029000 0.000400 0.029500 0.057600 0.028000 0.056800 0.000300 0.058500 0.000500 0.000300 0.000300 0.086000 0.120100 0.092400 0.000000 0.028000 0.057600 0.000300 0.056400 0.087200 0.000300 0.057700 0.000400 0.000400 0.057600 0.056300 0.056800 0.000300 0.057500 0.000300 0.029200 0.058500 0.000400 0.087000 0.000200 0.056800 0.056400 0.057600 0.056800 0.087200 0.058500 0.000300 0.000200 0.029100 0.000300 0.060500 0.028800 0.028000
Sitatunga 0.039500 0.117300 0.027200 0.121000 0.058100 0.039500 0.059500 0.086800 0.000000 0.085900 0.028100 0.086000 0.030100 0.028100 0.028100 0.115300 0.150600 0.123900 0.028000 0.000000 0.086800 0.028100 0.085800 0.117400 0.028100 0.086900 0.029900 0.027300 0.086800 0.026400 0.085900 0.028100 0.086500 0.028000 0.058900 0.086000 0.028000 0.125900 0.028100 0.085900 0.085800 0.087100 0.085900 0.117400 0.086000 0.028300 0.028100 0.058500 0.028100 0.091300 0.056100 0.000000
Oribi 0.077700 0.149000 0.056900 0.153700 0.088600 0.077700 0.090800 0.000000 0.086800 0.116900 0.057500 0.120200 0.062100 0.057400 0.057400 0.026600 0.184300 0.157400 0.057600 0.086800 0.000000 0.057500 0.116700 0.149800 0.057500 0.000100 0.061500 0.057300 0.000000 0.115800 0.116900 0.057400 0.117300 0.057200 0.089900 0.120200 0.057400 0.160000 0.057300 0.116900 0.116700 0.000200 0.116900 0.149800 0.120200 0.057800 0.057300 0.089300 0.057400 0.123600 0.088600 0.086800
BarbaryShe 0.000100 0.087300 0.000300 0.089900 0.028900 0.000100 0.029500 0.057500 0.028100 0.056700 0.000000 0.058500 0.000300 0.000100 0.000100 0.085900 0.119300 0.091900 0.000300 0.028100 0.057500 0.000000 0.056500 0.087000 0.000100 0.057500 0.000200 0.000300 0.057500 0.056200 0.056700 0.000100 0.057200 0.000200 0.029200 0.058500 0.000100 0.093500 0.000200 0.056700 0.056500 0.057500 0.056700 0.087000 0.058500 0.000200 0.000200 0.029000 0.000100 0.060200 0.028700 0.028100
Daviddeer 0.076000 0.084700 0.056400 0.151900 0.087400 0.076000 0.089200 0.116700 0.085800 0.000100 0.056500 0.118500 0.061300 0.056400 0.056400 0.145400 0.116700 0.088900 0.056400 0.085800 0.116700 0.056500 0.000000 0.027100 0.056400 0.116900 0.060600 0.056600 0.116700 0.114200 0.000100 0.056400 0.055600 0.056400 0.088500 0.118500 0.056400 0.158200 0.056500 0.000100 0.000000 0.116800 0.000100 0.027100 0.118500 0.056800 0.056500 0.088000 0.056400 0.121900 0.087400 0.085800
Reindeer 0.113500 0.115800 0.086600 0.187300 0.119700 0.113500 0.122000 0.149800 0.117400 0.027100 0.087000 0.152300 0.094300 0.086600 0.086600 0.179200 0.149800 0.121400 0.087200 0.117400 0.149800 0.087000 0.027100 0.000000 0.087000 0.150200 0.093300 0.087000 0.149800 0.146400 0.027100 0.086600 0.085400 0.086600 0.120800 0.152300 0.086900 0.194100 0.087100 0.027100 0.027100 0.150400 0.027100 0.000000 0.152300 0.087500 0.087100 0.120000 0.086600 0.155900 0.119700 0.117400
Ibex 0.000200 0.087400 0.000400 0.090000 0.028900 0.000200 0.029500 0.057500 0.028100 0.056700 0.000100 0.058500 0.000400 0.000200 0.000200 0.086000 0.119800 0.092100 0.000300 0.028100 0.057500 0.000100 0.056400 0.087000 0.000000 0.057500 0.000300 0.000300 0.057500 0.056200 0.056700 0.000200 0.057400 0.000300 0.029200 0.058500 0.000200 0.088800 0.000300 0.056700 0.056400 0.057300 0.056700 0.087000 0.058500 0.000300 0.000300 0.029000 0.000200 0.060400 0.028800 0.028100
GyrantGaze 0.073800 0.149400 0.056900 0.154100 0.088800 0.073800 0.091000 0.000100 0.086900 0.117200 0.057500 0.120500 0.062000 0.057500 0.057500 0.026800 0.184900 0.157800 0.057700 0.086900 0.000100 0.057500 0.116900 0.150200 0.057500 0.000000 0.061500 0.057300 0.000100 0.116000 0.117200 0.057500 0.117500 0.057200 0.090000 0.120500 0.057400 0.160400 0.057700 0.117200 0.116900 0.000100 0.117200 0.150200 0.120500 0.057800 0.057700 0.089500 0.057500 0.123900 0.062400 0.086900
Hartebeest 0.000300 0.059900 0.000400 0.061700 0.030900 0.000300 0.031800 0.061500 0.029900 0.060700 0.000200 0.062600 0.000100 0.000200 0.000200 0.091600 0.127300 0.099000 0.000400 0.029900 0.061500 0.000200 0.060600 0.093300 0.000300 0.061500 0.000000 0.000300 0.061500 0.059600 0.060700 0.000200 0.061000 0.000100 0.031400 0.062600 0.000300 0.100900 0.000200 0.060700 0.060600 0.061600 0.060700 0.093300 0.062600 0.000200 0.000200 0.031100 0.000200 0.064800 0.030700 0.029900
Bongo 0.000300 0.087200 0.000100 0.089800 0.028900 0.000300 0.029500 0.057300 0.027300 0.056700 0.000300 0.056800 0.000400 0.000200 0.000200 0.085700 0.119100 0.091900 0.000400 0.027300 0.057300 0.000300 0.056600 0.087000 0.000300 0.057300 0.000300 0.000000 0.057300 0.054400 0.056700 0.000200 0.057200 0.000300 0.029200 0.056800 0.000300 0.093500 0.000300 0.056700 0.056600 0.057400 0.056700 0.087000 0.056800 0.000300 0.000300 0.029000 0.000200 0.060200 0.027800 0.027300
Gerenuk 0.077700 0.149000 0.056900 0.153700 0.088600 0.077700 0.090800 0.000000 0.086800 0.116900 0.057500 0.120200 0.062100 0.057400 0.057400 0.026600 0.184300 0.157400 0.057600 0.086800 0.000000 0.057500 0.116700 0.149800 0.057500 0.000100 0.061500 0.057300 0.000000 0.115800 0.116900 0.057400 0.117300 0.057200 0.089900 0.120200 0.057400 0.160000 0.057300 0.116900 0.116700 0.000200 0.116900 0.149800 0.120200 0.057800 0.057300 0.089300 0.057400 0.123600 0.088600 0.086800
CommonElan 0.072100 0.146500 0.054300 0.150500 0.086700 0.072100 0.088600 0.115800 0.026400 0.114300 0.056200 0.114300 0.060200 0.056100 0.056100 0.144500 0.180200 0.154000 0.056300 0.026400 0.115800 0.056200 0.114200 0.146400 0.056200 0.116000 0.059600 0.054400 0.115800 0.000000 0.114300 0.056100 0.114900 0.055800 0.087800 0.114300 0.056000 0.156400 0.056200 0.114300 0.114200 0.116200 0.114300 0.146400 0.114300 0.056400 0.056200 0.087400 0.056100 0.121000 0.083900 0.026400
MuntiacusR 0.080400 0.085000 0.056400 0.152200 0.087700 0.080400 0.089300 0.116900 0.085900 0.000000 0.056700 0.118800 0.061300 0.056400 0.056400 0.145700 0.116700 0.088900 0.056800 0.085900 0.116900 0.056700 0.000100 0.027100 0.056700 0.117200 0.060700 0.056700 0.116900 0.114300 0.000000 0.056400 0.055700 0.056500 0.088500 0.118800 0.056700 0.157500 0.056800 0.000000 0.000100 0.117300 0.000000 0.027100 0.118800 0.057000 0.056800 0.087900 0.056400 0.121600 0.087600 0.085900
HarveysDui 0.000200 0.087100 0.000300 0.089800 0.028800 0.000200 0.029300 0.057400 0.028100 0.056400 0.000100 0.058400 0.000200 0.000000 0.000000 0.085600 0.119300 0.091500 0.000300 0.028100 0.057400 0.000100 0.056400 0.086600 0.000200 0.057500 0.000200 0.000200 0.057400 0.056100 0.056400 0.000000 0.057200 0.000100 0.029100 0.058400 0.000200 0.093000 0.000100 0.056400 0.056400 0.057500 0.056400 0.086600 0.058400 0.000100 0.000100 0.028900 0.000000 0.059900 0.028700 0.028100
Pronghorn 0.073800 0.085500 0.056800 0.153100 0.087400 0.073800 0.090600 0.117300 0.086500 0.055700 0.057200 0.120000 0.061700 0.057200 0.057200 0.145900 0.116900 0.090200 0.057500 0.086500 0.117300 0.057200 0.055600 0.085400 0.057400 0.117500 0.061000 0.057200 0.117300 0.114900 0.055700 0.057200 0.000000 0.056900 0.089800 0.120000 0.057200 0.159800 0.057300 0.055700 0.055600 0.117900 0.055700 0.085400 0.120000 0.057500 0.057300 0.089200 0.057200 0.123600 0.088200 0.086500
BlueWildeb 0.000300 0.086700 0.000300 0.089200 0.028700 0.000300 0.029400 0.057200 0.028000 0.056500 0.000200 0.058200 0.000200 0.000100 0.000100 0.085300 0.118500 0.091400 0.000300 0.028000 0.057200 0.000200 0.056400 0.086600 0.000300 0.057200 0.000100 0.000300 0.057200 0.055800 0.056500 0.000100 0.056900 0.000000 0.029100 0.058200 0.000300 0.092900 0.000200 0.056500 0.056400 0.057200 0.056500 0.086600 0.058200 0.000200 0.000200 0.028900 0.000100 0.059900 0.028600 0.028000
Gemsbok 0.050400 0.121400 0.029000 0.125300 0.060400 0.050400 0.061500 0.089900 0.058900 0.088500 0.029200 0.029300 0.031700 0.029100 0.029100 0.118900 0.089800 0.061300 0.029200 0.058900 0.089900 0.029200 0.088500 0.120800 0.029200 0.090000 0.031400 0.029200 0.089900 0.087800 0.088500 0.029100 0.089800 0.029100 0.000000 0.029300 0.029200 0.062400 0.029200 0.088500 0.088500 0.090200 0.088500 0.120800 0.029300 0.029400 0.029200 0.060500 0.029100 0.094500 0.060100 0.058900
Yak 0.078900 0.152300 0.056600 0.156600 0.090600 0.078900 0.092500 0.120200 0.086000 0.118800 0.058500 0.000000 0.063300 0.058400 0.058400 0.149600 0.119800 0.092200 0.058500 0.086000 0.120200 0.058500 0.118500 0.152300 0.058500 0.120500 0.062600 0.056800 0.120200 0.114300 0.118800 0.058400 0.120000 0.058200 0.029300 0.000000 0.058400 0.093900 0.058500 0.118800 0.118500 0.120600 0.118800 0.152300 0.000000 0.058700 0.058500 0.091200 0.058400 0.126600 0.087800 0.086000
BlueSheep 0.000200 0.087100 0.000400 0.089700 0.028900 0.000200 0.029500 0.057400 0.028000 0.056700 0.000100 0.058400 0.000400 0.000200 0.000200 0.085800 0.119200 0.091900 0.000400 0.028000 0.057400 0.000100 0.056400 0.086900 0.000200 0.057400 0.000300 0.000300 0.057400 0.056000 0.056700 0.000200 0.057200 0.000300 0.029200 0.058400 0.000000 0.093500 0.000300 0.056700 0.056400 0.057300 0.056700 0.086900 0.058400 0.000300 0.000300 0.029000 0.000200 0.060200 0.028700 0.028000
BohorReedb 0.122000 0.194600 0.092900 0.200900 0.061600 0.122000 0.131800 0.160000 0.125900 0.157500 0.093500 0.093900 0.102200 0.093000 0.093000 0.190400 0.159600 0.131300 0.087000 0.125900 0.160000 0.093500 0.158200 0.194100 0.088800 0.160400 0.100900 0.093500 0.160000 0.156400 0.157500 0.093000 0.159800 0.092900 0.062400 0.093900 0.093500 0.000000 0.093600 0.157500 0.158200 0.160900 0.157500 0.194100 0.093900 0.094300 0.093600 0.129300 0.093000 0.169000 0.128800 0.125900
KirksDik 0.000300 0.087000 0.000300 0.089900 0.028900 0.000300 0.029500 0.057300 0.028100 0.056800 0.000200 0.058500 0.000300 0.000100 0.000100 0.085500 0.119500 0.092000 0.000200 0.028100 0.057300 0.000200 0.056500 0.087100 0.000300 0.057700 0.000200 0.000300 0.057300 0.056200 0.056800 0.000100 0.057300 0.000200 0.029200 0.058500 0.000300 0.093600 0.000000 0.056800 0.056500 0.057700 0.056800 0.087100 0.058500 0.000200 0.000000 0.029000 0.000100 0.060300 0.028700 0.028100
RoeDeer 0.080400 0.085000 0.056400 0.152200 0.087600 0.080400 0.089300 0.116900 0.085900 0.000000 0.056700 0.118800 0.061300 0.056400 0.056400 0.145700 0.116700 0.088900 0.056800 0.085900 0.116900 0.056700 0.000100 0.027100 0.056700 0.117200 0.060700 0.056700 0.116900 0.114300 0.000000 0.056400 0.055700 0.056500 0.088500 0.118800 0.056700 0.157500 0.056800 0.000000 0.000100 0.117300 0.000000 0.027100 0.118800 0.057000 0.056800 0.087900 0.056400 0.121600 0.087600 0.085900
WhiteLippe 0.076000 0.084700 0.056400 0.151900 0.087400 0.076000 0.089200 0.116700 0.085800 0.000100 0.056500 0.118500 0.061300 0.056400 0.056400 0.145400 0.116700 0.088900 0.056400 0.085800 0.116700 0.056500 0.000000 0.027100 0.056400 0.116900 0.060600 0.056600 0.116700 0.114200 0.000100 0.056400 0.055600 0.056400 0.088500 0.118500 0.056400 0.158200 0.056500 0.000100 0.000000 0.116800 0.000100 0.027100 0.118500 0.056800 0.056500 0.088000 0.056400 0.121900 0.087400 0.085800
ThomsonGaz 0.071500 0.149600 0.057000 0.154400 0.089000 0.071500 0.091000 0.000200 0.087100 0.117300 0.057500 0.120600 0.062200 0.057500 0.057500 0.026800 0.185600 0.158200 0.057600 0.087100 0.000200 0.057500 0.116800 0.150400 0.057300 0.000100 0.061600 0.057400 0.000200 0.116200 0.117300 0.057500 0.117900 0.057200 0.090200 0.120600 0.057300 0.160900 0.057700 0.117300 0.116800 0.000000 0.117300 0.150400 0.120600 0.057800 0.057700 0.089600 0.057500 0.124200 0.061400 0.087100
MuntiacusC 0.080400 0.085000 0.056400 0.152200 0.087700 0.080400 0.089300 0.116900 0.085900 0.000000 0.056700 0.118800 0.061300 0.056400 0.056400 0.145700 0.116700 0.088900 0.056800 0.085900 0.116900 0.056700 0.000100 0.027100 0.056700 0.117200 0.060700 0.056700 0.116900 0.114300 0.000000 0.056400 0.055700 0.056500 0.088500 0.118800 0.056700 0.157500 0.056800 0.000000 0.000100 0.117300 0.000000 0.027100 0.118800 0.057000 0.056800 0.087900 0.056400 0.121600 0.087600 0.085900
WhiteTaile 0.113500 0.115800 0.086600 0.187300 0.119700 0.113500 0.122000 0.149800 0.117400 0.027100 0.087000 0.152300 0.094300 0.086600 0.086600 0.179200 0.149800 0.121400 0.087200 0.117400 0.149800 0.087000 0.027100 0.000000 0.087000 0.150200 0.093300 0.087000 0.149800 0.146400 0.027100 0.086600 0.085400 0.086600 0.120800 0.152300 0.086900 0.194100 0.087100 0.027100 0.027100 0.150400 0.027100 0.000000 0.152300 0.087500 0.087100 0.120000 0.086600 0.155900 0.119700 0.117400
Cattle 0.078900 0.152300 0.056600 0.156600 0.090600 0.078900 0.092500 0.120200 0.086000 0.118800 0.058500 0.000000 0.063300 0.058400 0.058400 0.149600 0.119800 0.092200 0.058500 0.086000 0.120200 0.058500 0.118500 0.152300 0.058500 0.120500 0.062600 0.056800 0.120200 0.114300 0.118800 0.058400 0.120000 0.058200 0.029300 0.000000 0.058400 0.093900 0.058500 0.118800 0.118500 0.120600 0.118800 0.152300 0.000000 0.058700 0.058500 0.091200 0.058400 0.126600 0.087800 0.086000
RoyalAntel 0.000300 0.087800 0.000300 0.090400 0.029000 0.000300 0.029600 0.057800 0.028300 0.057000 0.000200 0.058700 0.000300 0.000100 0.000100 0.086300 0.120300 0.092500 0.000300 0.028300 0.057800 0.000200 0.056800 0.087500 0.000300 0.057800 0.000200 0.000300 0.057800 0.056400 0.057000 0.000100 0.057500 0.000200 0.029400 0.058700 0.000300 0.094300 0.000200 0.057000 0.056800 0.057800 0.057000 0.087500 0.058700 0.000000 0.000200 0.029200 0.000100 0.060600 0.028800 0.028300
Steenbok 0.000300 0.087000 0.000300 0.089900 0.028900 0.000300 0.029500 0.057300 0.028100 0.056800 0.000200 0.058500 0.000300 0.000100 0.000100 0.085500 0.119500 0.092000 0.000200 0.028100 0.057300 0.000200 0.056500 0.087100 0.000300 0.057700 0.000200 0.000300 0.057300 0.056200 0.056800 0.000100 0.057300 0.000200 0.029200 0.058500 0.000300 0.093600 0.000000 0.056800 0.056500 0.057700 0.056800 0.087100 0.058500 0.000200 0.000000 0.029000 0.000100 0.060300 0.028700 0.028100
Impala 0.050000 0.120700 0.028900 0.124400 0.059900 0.050000 0.060900 0.089300 0.058500 0.087900 0.029000 0.091200 0.031500 0.028900 0.028900 0.118300 0.155300 0.127200 0.029100 0.058500 0.089300 0.029000 0.088000 0.120000 0.029000 0.089500 0.031100 0.029000 0.089300 0.087400 0.087900 0.028900 0.089200 0.028900 0.060500 0.091200 0.029000 0.129300 0.029000 0.087900 0.088000 0.089600 0.087900 0.120000 0.091200 0.029200 0.029000 0.000000 0.028900 0.093700 0.059700 0.058500
Klipspring 0.000200 0.087100 0.000300 0.089800 0.028800 0.000200 0.029300 0.057400 0.028100 0.056400 0.000100 0.058400 0.000200 0.000000 0.000000 0.085600 0.119300 0.091500 0.000300 0.028100 0.057400 0.000100 0.056400 0.086600 0.000200 0.057500 0.000200 0.000200 0.057400 0.056100 0.056400 0.000000 0.057200 0.000100 0.029100 0.058400 0.000200 0.093000 0.000100 0.056400 0.056400 0.057500 0.056400 0.086600 0.058400 0.000100 0.000100 0.028900 0.000000 0.059900 0.028700 0.028100
ForestMusk 0.085700 0.156800 0.059900 0.161600 0.093500 0.085700 0.095300 0.123600 0.091300 0.121600 0.060200 0.126600 0.065500 0.059900 0.059900 0.153400 0.193800 0.166100 0.060500 0.091300 0.123600 0.060200 0.121900 0.155900 0.060400 0.123900 0.064800 0.060200 0.123600 0.121000 0.121600 0.059900 0.123600 0.059900 0.094500 0.126600 0.060200 0.169000 0.060300 0.121600 0.121900 0.124200 0.121600 0.155900 0.126600 0.060600 0.060300 0.093700 0.059900 0.000000 0.093100 0.091300
Bushbuck 0.040600 0.119700 0.027800 0.123400 0.031300 0.040600 0.060600 0.088600 0.056100 0.087600 0.028700 0.087800 0.031000 0.028700 0.028700 0.117700 0.153800 0.126500 0.028800 0.056100 0.088600 0.028700 0.087400 0.119700 0.028800 0.062400 0.030700 0.027800 0.088600 0.083900 0.087600 0.028700 0.088200 0.028600 0.060100 0.087800 0.028700 0.128800 0.028700 0.087600 0.087400 0.061400 0.087600 0.119700 0.087800 0.028800 0.028700 0.059700 0.028700 0.093100 0.000000 0.056100
GreaterKud 0.039500 0.117300 0.027200 0.121000 0.058100 0.039500 0.059500 0.086800 0.000000 0.085900 0.028100 0.086000 0.030100 0.028100 0.028100 0.115300 0.150600 0.123900 0.028000 0.000000 0.086800 0.028100 0.085800 0.117400 0.028100 0.086900 0.029900 0.027300 0.086800 0.026400 0.085900 0.028100 0.086500 0.028000 0.058900 0.086000 0.028000 0.125900 0.028100 0.085900 0.085800 0.087100 0.085900 0.117400 0.086000 0.028300 0.028100 0.058500 0.028100 0.091300 0.056100 0.000000
