CODONML (in paml version 4.10.7, June 2023)  /home/rachel/ruminants_paml/6406-phy-tree/ENSBTAT00000053680.fasta.phy
Model: free dN/dS Ratios for branches,  kappa = 2.000 fixed

Codon frequency model: F3x4
ns =  54  ls =  16

Codon usage in sequences
--------------------------------------------------------------------------------------------------------------------------------------
Phe TTT   0   0   0   0   0   1 | Ser TCT   0   0   0   0   0   0 | Tyr TAT   1   0   1   0   1   1 | Cys TGT   0   0   0   0   0   0
    TTC   0   0   0   0   0   0 |     TCC   0   0   0   0   0   0 |     TAC   0   1   0   1   0   0 |     TGC   0   0   0   0   0   0
Leu TTA   0   0   0   0   0   0 |     TCA   0   0   0   0   0   0 | *** TAA   0   0   0   0   0   0 | *** TGA   0   0   0   0   0   0
    TTG   1   1   1   1   1   1 |     TCG   0   0   0   0   0   0 |     TAG   0   0   0   0   0   0 | Trp TGG   0   0   0   0   0   0
--------------------------------------------------------------------------------------------------------------------------------------
Leu CTT   0   1   0   0   0   0 | Pro CCT   1   1   1   1   1   1 | His CAT   0   0   0   0   1   0 | Arg CGT   0   0   0   0   0   0
    CTC   0   0   0   0   0   0 |     CCC   1   1   1   1   1   1 |     CAC   0   0   0   0   0   0 |     CGC   0   0   0   0   0   0
    CTA   0   0   0   0   0   0 |     CCA   0   0   0   0   0   0 | Gln CAA   0   0   0   0   0   0 |     CGA   0   0   0   0   0   0
    CTG   0   0   0   0   0   0 |     CCG   0   0   0   0   0   0 |     CAG   0   0   0   0   0   0 |     CGG   0   0   0   0   0   0
--------------------------------------------------------------------------------------------------------------------------------------
Ile ATT   1   1   1   1   0   0 | Thr ACT   0   0   0   0   0   0 | Asn AAT   1   1   1   1   0   1 | Ser AGT   0   0   0   0   0   0
    ATC   0   0   0   0   1   0 |     ACC   0   0   0   0   0   0 |     AAC   0   0   0   0   0   0 |     AGC   0   0   0   1   0   1
    ATA   0   0   0   0   0   0 |     ACA   0   0   0   0   0   0 | Lys AAA   1   2   1   0   1   1 | Arg AGA   1   1   1   1   2   1
Met ATG   1   1   1   1   1   1 |     ACG   0   0   0   0   0   0 |     AAG   3   2   3   3   3   2 |     AGG   1   1   1   1   0   1
--------------------------------------------------------------------------------------------------------------------------------------
Val GTT   1   0   1   1   1   1 | Ala GCT   0   0   0   0   0   0 | Asp GAT   0   0   0   0   0   0 | Gly GGT   0   0   0   0   0   0
    GTC   0   0   0   0   0   0 |     GCC   0   0   0   0   0   0 |     GAC   0   0   0   0   0   0 |     GGC   0   0   0   0   0   0
    GTA   0   0   0   0   0   0 |     GCA   1   1   1   1   1   1 | Glu GAA   1   1   1   0   1   1 |     GGA   0   0   0   0   0   0
    GTG   0   0   0   0   0   0 |     GCG   0   0   0   0   0   0 |     GAG   0   0   0   1   0   0 |     GGG   0   0   0   0   0   0
--------------------------------------------------------------------------------------------------------------------------------------

--------------------------------------------------------------------------------------------------------------------------------------
Phe TTT   0   0   0   0   0   0 | Ser TCT   0   0   0   0   0   0 | Tyr TAT   1   1   1   1   1   1 | Cys TGT   0   0   0   0   0   0
    TTC   0   0   0   0   0   0 |     TCC   0   0   0   0   0   0 |     TAC   0   0   0   0   0   0 |     TGC   0   0   0   0   0   0
Leu TTA   0   0   0   0   0   0 |     TCA   0   0   0   0   0   0 | *** TAA   0   0   0   0   0   0 | *** TGA   0   0   0   0   0   0
    TTG   1   1   1   0   1   1 |     TCG   0   0   0   0   0   0 |     TAG   0   0   0   0   0   0 | Trp TGG   0   0   0   0   0   0
--------------------------------------------------------------------------------------------------------------------------------------
Leu CTT   0   0   0   0   0   0 | Pro CCT   1   1   1   1   1   1 | His CAT   0   0   0   0   0   0 | Arg CGT   0   0   0   0   0   0
    CTC   0   0   0   0   0   0 |     CCC   1   1   1   1   1   1 |     CAC   0   0   0   0   0   0 |     CGC   0   0   0   0   0   0
    CTA   0   0   0   0   0   0 |     CCA   0   0   0   0   0   0 | Gln CAA   0   0   0   0   0   0 |     CGA   0   0   0   0   0   0
    CTG   0   0   0   1   0   0 |     CCG   0   0   0   0   0   0 |     CAG   0   0   0   0   0   0 |     CGG   0   0   0   0   0   0
--------------------------------------------------------------------------------------------------------------------------------------
Ile ATT   1   1   1   1   1   1 | Thr ACT   0   0   0   0   0   0 | Asn AAT   1   1   1   1   1   1 | Ser AGT   0   0   0   0   0   0
    ATC   0   0   0   0   0   0 |     ACC   0   0   0   0   0   0 |     AAC   0   0   0   0   0   0 |     AGC   0   0   0   0   0   0
    ATA   0   0   0   0   0   0 |     ACA   0   0   0   0   0   0 | Lys AAA   2   1   1   1   1   1 | Arg AGA   1   1   0   1   1   1
Met ATG   1   1   1   1   1   1 |     ACG   0   0   0   0   0   0 |     AAG   2   3   3   3   3   3 |     AGG   1   1   2   1   1   1
--------------------------------------------------------------------------------------------------------------------------------------
Val GTT   1   1   1   1   1   1 | Ala GCT   0   0   0   0   0   0 | Asp GAT   0   0   0   0   0   0 | Gly GGT   0   0   0   0   0   0
    GTC   0   0   0   0   0   0 |     GCC   0   0   0   0   0   0 |     GAC   0   0   0   0   0   0 |     GGC   0   0   0   0   0   0
    GTA   0   0   0   0   0   0 |     GCA   1   1   1   1   1   1 | Glu GAA   1   1   1   1   1   1 |     GGA   0   0   0   0   0   0
    GTG   0   0   0   0   0   0 |     GCG   0   0   0   0   0   0 |     GAG   0   0   0   0   0   0 |     GGG   0   0   0   0   0   0
--------------------------------------------------------------------------------------------------------------------------------------

--------------------------------------------------------------------------------------------------------------------------------------
Phe TTT   0   0   0   0   0   0 | Ser TCT   0   0   0   0   0   0 | Tyr TAT   1   1   1   1   1   1 | Cys TGT   0   0   0   0   0   0
    TTC   0   0   0   0   0   0 |     TCC   0   0   0   0   0   0 |     TAC   0   0   0   0   0   0 |     TGC   0   0   0   0   0   0
Leu TTA   0   0   0   0   0   0 |     TCA   0   0   0   0   0   0 | *** TAA   0   0   0   0   0   0 | *** TGA   0   0   0   0   0   0
    TTG   1   1   1   1   1   1 |     TCG   0   0   0   0   0   0 |     TAG   0   0   0   0   0   0 | Trp TGG   0   0   0   0   0   0
--------------------------------------------------------------------------------------------------------------------------------------
Leu CTT   0   0   0   0   0   0 | Pro CCT   1   1   1   1   1   1 | His CAT   0   0   0   0   0   0 | Arg CGT   0   0   0   0   0   0
    CTC   0   0   0   0   0   0 |     CCC   1   1   1   1   1   1 |     CAC   0   0   0   0   0   0 |     CGC   0   0   0   0   0   0
    CTA   0   0   0   0   0   0 |     CCA   0   0   0   0   0   0 | Gln CAA   0   0   0   0   0   0 |     CGA   0   0   0   0   0   0
    CTG   0   0   0   0   0   0 |     CCG   0   0   0   0   0   0 |     CAG   0   0   0   0   0   0 |     CGG   0   0   0   0   0   0
--------------------------------------------------------------------------------------------------------------------------------------
Ile ATT   1   0   1   1   1   1 | Thr ACT   0   0   0   0   0   0 | Asn AAT   1   1   1   1   1   1 | Ser AGT   0   0   0   0   0   0
    ATC   0   0   0   0   0   0 |     ACC   0   0   0   0   0   0 |     AAC   0   0   0   0   0   0 |     AGC   0   0   0   0   0   0
    ATA   0   0   0   0   0   0 |     ACA   0   0   0   0   0   0 | Lys AAA   1   0   1   1   1   1 | Arg AGA   1   1   1   0   1   1
Met ATG   1   2   1   1   1   1 |     ACG   0   0   0   0   0   0 |     AAG   3   4   3   3   3   3 |     AGG   1   1   1   2   1   1
--------------------------------------------------------------------------------------------------------------------------------------
Val GTT   1   1   1   1   1   1 | Ala GCT   0   0   0   0   0   0 | Asp GAT   0   0   0   0   0   0 | Gly GGT   0   0   0   0   0   0
    GTC   0   0   0   0   0   0 |     GCC   0   0   0   0   0   0 |     GAC   0   0   0   0   0   0 |     GGC   0   0   0   0   0   0
    GTA   0   0   0   0   0   0 |     GCA   1   1   1   1   1   1 | Glu GAA   1   1   1   1   1   1 |     GGA   0   0   0   0   0   0
    GTG   0   0   0   0   0   0 |     GCG   0   0   0   0   0   0 |     GAG   0   0   0   0   0   0 |     GGG   0   0   0   0   0   0
--------------------------------------------------------------------------------------------------------------------------------------

--------------------------------------------------------------------------------------------------------------------------------------
Phe TTT   0   0   0   0   0   0 | Ser TCT   0   0   0   0   0   0 | Tyr TAT   1   1   1   1   1   1 | Cys TGT   0   0   0   0   0   0
    TTC   0   0   0   0   0   0 |     TCC   0   0   0   0   0   0 |     TAC   0   0   0   0   0   0 |     TGC   0   0   0   0   0   0
Leu TTA   0   0   0   0   0   0 |     TCA   0   0   0   0   0   0 | *** TAA   0   0   0   0   0   0 | *** TGA   0   0   0   0   0   0
    TTG   1   1   1   1   1   1 |     TCG   0   0   0   0   0   0 |     TAG   0   0   0   0   0   0 | Trp TGG   0   0   0   0   0   0
--------------------------------------------------------------------------------------------------------------------------------------
Leu CTT   0   0   0   0   0   0 | Pro CCT   1   1   1   1   1   1 | His CAT   0   0   0   0   0   0 | Arg CGT   0   0   0   0   0   0
    CTC   0   0   0   0   0   0 |     CCC   1   1   1   1   1   1 |     CAC   0   0   0   0   0   0 |     CGC   0   0   0   0   0   0
    CTA   0   0   0   0   0   0 |     CCA   0   0   0   0   0   0 | Gln CAA   0   0   0   0   0   0 |     CGA   0   0   0   0   0   0
    CTG   0   0   0   0   0   0 |     CCG   0   0   0   0   0   0 |     CAG   0   0   0   0   0   0 |     CGG   0   0   0   0   0   0
--------------------------------------------------------------------------------------------------------------------------------------
Ile ATT   1   0   1   1   1   1 | Thr ACT   0   1   0   0   0   0 | Asn AAT   1   1   1   1   1   1 | Ser AGT   0   0   0   0   0   0
    ATC   0   0   0   0   0   0 |     ACC   0   0   0   0   0   0 |     AAC   0   0   0   0   0   0 |     AGC   0   0   0   0   0   0
    ATA   0   0   0   0   0   0 |     ACA   0   0   0   0   0   0 | Lys AAA   1   1   1   1   2   1 | Arg AGA   1   1   1   1   1   1
Met ATG   1   1   1   1   1   1 |     ACG   0   0   0   0   0   0 |     AAG   3   3   3   3   2   3 |     AGG   1   1   1   1   1   1
--------------------------------------------------------------------------------------------------------------------------------------
Val GTT   1   1   1   1   1   1 | Ala GCT   0   0   0   0   0   0 | Asp GAT   0   0   0   0   0   0 | Gly GGT   0   0   0   0   0   0
    GTC   0   0   0   0   0   0 |     GCC   0   0   0   0   0   0 |     GAC   0   0   0   0   0   0 |     GGC   0   0   0   0   0   0
    GTA   0   0   0   0   0   0 |     GCA   1   1   1   1   1   1 | Glu GAA   1   1   1   1   1   1 |     GGA   0   0   0   0   0   0
    GTG   0   0   0   0   0   0 |     GCG   0   0   0   0   0   0 |     GAG   0   0   0   0   0   0 |     GGG   0   0   0   0   0   0
--------------------------------------------------------------------------------------------------------------------------------------

--------------------------------------------------------------------------------------------------------------------------------------
Phe TTT   0   0   0   0   0   0 | Ser TCT   0   0   0   0   0   0 | Tyr TAT   1   0   1   1   1   1 | Cys TGT   0   0   0   0   0   0
    TTC   0   0   0   0   0   0 |     TCC   0   0   0   0   0   0 |     TAC   0   1   0   0   0   0 |     TGC   0   0   0   0   0   0
Leu TTA   0   0   0   0   0   0 |     TCA   0   0   0   0   0   0 | *** TAA   0   0   0   0   0   0 | *** TGA   0   0   0   0   0   0
    TTG   1   1   1   1   1   1 |     TCG   0   0   0   0   0   0 |     TAG   0   0   0   0   0   0 | Trp TGG   0   0   0   0   0   0
--------------------------------------------------------------------------------------------------------------------------------------
Leu CTT   0   0   0   0   0   0 | Pro CCT   1   1   1   1   1   1 | His CAT   0   0   0   0   0   0 | Arg CGT   0   0   0   0   0   0
    CTC   0   0   0   0   0   0 |     CCC   1   1   1   1   1   1 |     CAC   0   0   0   0   0   0 |     CGC   0   0   0   0   0   0
    CTA   0   0   0   0   0   0 |     CCA   0   0   0   0   0   0 | Gln CAA   0   0   0   0   0   0 |     CGA   0   0   0   0   0   0
    CTG   0   0   0   0   0   0 |     CCG   0   0   0   0   0   0 |     CAG   0   0   0   0   0   0 |     CGG   0   0   0   0   0   0
--------------------------------------------------------------------------------------------------------------------------------------
Ile ATT   1   1   1   1   1   0 | Thr ACT   0   0   0   0   0   0 | Asn AAT   1   1   1   1   1   1 | Ser AGT   0   0   0   0   0   0
    ATC   0   0   0   0   0   0 |     ACC   0   0   0   0   0   0 |     AAC   0   0   0   0   0   0 |     AGC   0   0   0   0   0   0
    ATA   0   0   0   0   0   0 |     ACA   0   0   0   0   0   0 | Lys AAA   1   1   1   1   1   1 | Arg AGA   1   1   1   2   1   1
Met ATG   1   1   1   1   1   1 |     ACG   0   0   0   0   0   0 |     AAG   3   3   3   3   3   3 |     AGG   1   0   1   0   1   1
--------------------------------------------------------------------------------------------------------------------------------------
Val GTT   1   1   1   1   1   2 | Ala GCT   0   0   0   0   0   0 | Asp GAT   0   0   0   0   0   0 | Gly GGT   0   0   0   0   0   0
    GTC   0   0   0   0   0   0 |     GCC   0   0   0   1   0   0 |     GAC   0   0   0   0   0   0 |     GGC   0   0   0   0   0   0
    GTA   0   0   0   0   0   0 |     GCA   1   1   1   0   1   1 | Glu GAA   1   1   1   1   1   1 |     GGA   0   0   0   0   0   0
    GTG   0   0   0   0   0   0 |     GCG   0   0   0   0   0   0 |     GAG   0   0   0   0   0   0 |     GGG   0   1   0   0   0   0
--------------------------------------------------------------------------------------------------------------------------------------

--------------------------------------------------------------------------------------------------------------------------------------
Phe TTT   0   0   0   0   0   0 | Ser TCT   0   0   0   0   0   0 | Tyr TAT   1   1   1   1   1   1 | Cys TGT   0   0   0   0   0   0
    TTC   0   0   0   0   0   0 |     TCC   0   0   0   0   0   0 |     TAC   0   0   0   0   0   0 |     TGC   0   0   0   0   0   0
Leu TTA   0   0   0   0   0   0 |     TCA   0   0   0   0   0   0 | *** TAA   0   0   0   0   0   0 | *** TGA   0   0   0   0   0   0
    TTG   1   1   1   1   1   1 |     TCG   0   0   0   0   0   0 |     TAG   0   0   0   0   0   0 | Trp TGG   0   0   0   0   0   0
--------------------------------------------------------------------------------------------------------------------------------------
Leu CTT   0   0   0   0   0   0 | Pro CCT   1   1   1   1   1   1 | His CAT   0   0   0   0   0   0 | Arg CGT   0   0   0   0   0   0
    CTC   0   0   0   0   0   0 |     CCC   1   1   1   1   1   1 |     CAC   0   0   0   0   0   0 |     CGC   0   0   0   0   0   0
    CTA   0   0   0   0   0   0 |     CCA   0   0   0   0   0   0 | Gln CAA   0   0   0   0   0   0 |     CGA   0   0   0   0   0   0
    CTG   0   0   0   0   0   0 |     CCG   0   0   0   0   0   0 |     CAG   0   0   0   0   0   0 |     CGG   0   0   0   0   0   0
--------------------------------------------------------------------------------------------------------------------------------------
Ile ATT   1   1   1   1   1   1 | Thr ACT   0   0   0   0   0   0 | Asn AAT   1   1   1   1   1   1 | Ser AGT   0   0   0   0   0   0
    ATC   0   0   0   0   0   0 |     ACC   0   0   0   0   0   0 |     AAC   0   0   0   0   0   0 |     AGC   0   0   0   0   0   0
    ATA   0   0   0   0   0   0 |     ACA   0   0   0   0   0   0 | Lys AAA   1   1   1   1   1   1 | Arg AGA   1   1   1   0   2   1
Met ATG   1   1   1   1   1   1 |     ACG   0   0   0   0   0   0 |     AAG   3   3   3   3   3   3 |     AGG   1   1   1   2   0   1
--------------------------------------------------------------------------------------------------------------------------------------
Val GTT   1   1   1   1   1   1 | Ala GCT   0   0   0   0   0   0 | Asp GAT   0   0   0   0   0   0 | Gly GGT   0   0   0   0   0   0
    GTC   0   0   0   0   0   0 |     GCC   0   0   0   0   0   0 |     GAC   0   0   0   0   0   0 |     GGC   0   0   0   0   0   0
    GTA   0   0   0   0   0   0 |     GCA   1   1   1   1   1   1 | Glu GAA   1   1   1   1   1   1 |     GGA   0   0   0   0   0   0
    GTG   0   0   0   0   0   0 |     GCG   0   0   0   0   0   0 |     GAG   0   0   0   0   0   0 |     GGG   0   0   0   0   0   0
--------------------------------------------------------------------------------------------------------------------------------------

--------------------------------------------------------------------------------------------------------------------------------------
Phe TTT   0   0   0   0   0   0 | Ser TCT   0   0   0   0   0   0 | Tyr TAT   1   1   1   1   1   1 | Cys TGT   0   0   0   0   0   0
    TTC   0   0   0   0   0   0 |     TCC   0   0   0   0   0   0 |     TAC   0   0   0   0   0   0 |     TGC   0   0   0   0   0   0
Leu TTA   0   0   0   0   0   0 |     TCA   0   0   0   0   0   0 | *** TAA   0   0   0   0   0   0 | *** TGA   0   0   0   0   0   0
    TTG   1   1   1   1   1   1 |     TCG   0   0   0   0   0   0 |     TAG   0   0   0   0   0   0 | Trp TGG   0   0   0   0   0   0
--------------------------------------------------------------------------------------------------------------------------------------
Leu CTT   0   0   0   0   0   0 | Pro CCT   1   1   1   1   1   1 | His CAT   0   0   0   0   0   0 | Arg CGT   0   0   0   0   0   0
    CTC   0   0   0   0   0   0 |     CCC   1   1   1   1   1   1 |     CAC   0   0   0   0   0   0 |     CGC   0   0   0   0   0   0
    CTA   0   0   0   0   0   0 |     CCA   0   0   0   0   0   0 | Gln CAA   0   0   0   0   0   0 |     CGA   0   0   0   0   0   0
    CTG   0   0   0   0   0   0 |     CCG   0   0   0   0   0   0 |     CAG   0   0   0   0   0   0 |     CGG   0   0   0   0   0   0
--------------------------------------------------------------------------------------------------------------------------------------
Ile ATT   1   1   1   1   1   1 | Thr ACT   0   0   0   0   0   0 | Asn AAT   1   1   1   1   1   1 | Ser AGT   0   0   0   0   0   0
    ATC   0   0   0   0   0   0 |     ACC   0   0   0   0   0   0 |     AAC   0   0   0   0   0   0 |     AGC   0   0   0   0   1   0
    ATA   0   0   0   0   0   0 |     ACA   0   0   0   0   0   0 | Lys AAA   1   0   1   2   1   1 | Arg AGA   1   1   1   1   0   1
Met ATG   1   1   1   1   1   1 |     ACG   0   0   0   0   0   0 |     AAG   3   4   3   2   2   3 |     AGG   1   1   1   1   1   1
--------------------------------------------------------------------------------------------------------------------------------------
Val GTT   1   1   1   1   1   1 | Ala GCT   0   0   0   0   0   0 | Asp GAT   0   0   0   0   0   0 | Gly GGT   0   0   0   0   0   0
    GTC   0   0   0   0   0   0 |     GCC   0   0   0   0   0   0 |     GAC   0   0   0   0   0   0 |     GGC   0   0   0   0   0   0
    GTA   0   0   0   0   0   0 |     GCA   1   1   1   1   1   1 | Glu GAA   1   1   1   1   1   1 |     GGA   0   0   0   0   0   0
    GTG   0   0   0   0   0   0 |     GCG   0   0   0   0   0   0 |     GAG   0   0   0   0   1   0 |     GGG   0   0   0   0   0   0
--------------------------------------------------------------------------------------------------------------------------------------

--------------------------------------------------------------------------------------------------------------------------------------
Phe TTT   0   0   0   0   0   0 | Ser TCT   0   0   0   0   0   0 | Tyr TAT   1   1   1   1   1   1 | Cys TGT   0   0   0   0   0   0
    TTC   0   0   0   0   0   0 |     TCC   0   0   0   0   0   0 |     TAC   0   0   0   0   0   0 |     TGC   0   0   0   0   0   0
Leu TTA   0   0   0   0   0   0 |     TCA   0   0   0   0   0   0 | *** TAA   0   0   0   0   0   0 | *** TGA   0   0   0   0   0   0
    TTG   1   1   1   1   1   1 |     TCG   0   0   0   0   0   0 |     TAG   0   0   0   0   0   0 | Trp TGG   0   0   0   0   0   0
--------------------------------------------------------------------------------------------------------------------------------------
Leu CTT   0   0   0   0   0   0 | Pro CCT   1   1   1   1   1   1 | His CAT   0   0   0   0   0   0 | Arg CGT   0   0   0   0   0   0
    CTC   0   0   0   0   0   0 |     CCC   1   1   1   1   1   1 |     CAC   0   0   0   0   0   0 |     CGC   0   0   0   0   0   0
    CTA   0   0   0   0   0   0 |     CCA   0   0   0   0   0   0 | Gln CAA   0   0   0   0   0   0 |     CGA   0   0   0   0   0   0
    CTG   0   0   0   0   0   0 |     CCG   0   0   0   0   0   0 |     CAG   0   0   0   0   0   0 |     CGG   0   0   0   0   0   0
--------------------------------------------------------------------------------------------------------------------------------------
Ile ATT   1   1   1   1   1   1 | Thr ACT   0   0   0   0   0   0 | Asn AAT   1   1   1   1   1   1 | Ser AGT   0   0   0   0   0   0
    ATC   0   0   0   0   0   0 |     ACC   0   0   0   0   0   0 |     AAC   0   0   0   0   0   0 |     AGC   0   0   0   0   0   0
    ATA   0   0   0   0   0   0 |     ACA   0   0   0   0   0   0 | Lys AAA   1   1   1   1   0   1 | Arg AGA   1   1   1   1   1   1
Met ATG   1   1   1   1   1   1 |     ACG   0   0   0   0   0   0 |     AAG   3   3   3   3   4   3 |     AGG   1   1   1   0   1   1
--------------------------------------------------------------------------------------------------------------------------------------
Val GTT   1   1   1   1   1   1 | Ala GCT   0   0   0   0   0   0 | Asp GAT   0   0   0   0   0   0 | Gly GGT   0   0   0   0   0   0
    GTC   0   0   0   0   0   0 |     GCC   0   1   0   0   0   0 |     GAC   0   0   0   0   0   0 |     GGC   0   0   0   0   0   0
    GTA   0   0   0   0   0   0 |     GCA   1   0   1   1   1   1 | Glu GAA   1   1   1   1   1   1 |     GGA   0   0   0   0   0   0
    GTG   0   0   0   0   0   0 |     GCG   0   0   0   0   0   0 |     GAG   0   0   0   0   0   0 |     GGG   0   0   0   1   0   0
--------------------------------------------------------------------------------------------------------------------------------------

--------------------------------------------------------------------------------------------------------------------------------------
Phe TTT   0   0   0   0   0   0 | Ser TCT   0   0   0   0   0   0 | Tyr TAT   1   1   1   0   1   1 | Cys TGT   0   0   0   0   0   0
    TTC   0   0   0   0   0   0 |     TCC   0   0   0   0   0   0 |     TAC   0   0   0   1   0   0 |     TGC   0   0   0   0   0   0
Leu TTA   0   0   0   0   0   0 |     TCA   0   0   0   0   0   0 | *** TAA   0   0   0   0   0   0 | *** TGA   0   0   0   0   0   0
    TTG   1   1   1   1   1   1 |     TCG   0   0   0   0   0   0 |     TAG   0   0   0   0   0   0 | Trp TGG   0   0   0   0   0   0
--------------------------------------------------------------------------------------------------------------------------------------
Leu CTT   0   0   0   0   0   0 | Pro CCT   1   1   1   1   1   1 | His CAT   0   0   0   0   0   0 | Arg CGT   0   0   0   0   0   0
    CTC   0   0   0   0   0   0 |     CCC   1   1   1   1   1   1 |     CAC   0   0   0   0   0   0 |     CGC   0   0   0   0   0   0
    CTA   0   0   0   0   0   0 |     CCA   0   0   0   0   0   0 | Gln CAA   0   0   0   0   0   0 |     CGA   0   0   0   0   0   0
    CTG   0   0   0   0   0   0 |     CCG   0   0   0   0   0   0 |     CAG   0   0   0   0   0   0 |     CGG   0   0   0   0   0   0
--------------------------------------------------------------------------------------------------------------------------------------
Ile ATT   1   1   1   1   1   1 | Thr ACT   0   0   0   0   0   0 | Asn AAT   1   1   1   1   1   1 | Ser AGT   0   0   0   0   0   0
    ATC   0   0   0   0   0   0 |     ACC   0   0   0   0   0   0 |     AAC   0   0   0   0   0   0 |     AGC   0   0   0   1   0   0
    ATA   0   0   0   0   0   0 |     ACA   0   0   0   0   0   0 | Lys AAA   1   1   1   0   1   1 | Arg AGA   1   1   1   1   1   1
Met ATG   1   1   1   1   1   1 |     ACG   0   0   0   0   0   0 |     AAG   3   3   3   3   3   3 |     AGG   1   1   1   1   1   1
--------------------------------------------------------------------------------------------------------------------------------------
Val GTT   1   1   1   1   1   1 | Ala GCT   0   0   0   0   0   0 | Asp GAT   0   0   0   0   0   0 | Gly GGT   0   0   0   0   0   0
    GTC   0   0   0   0   0   0 |     GCC   0   0   0   0   0   0 |     GAC   0   0   0   0   0   0 |     GGC   0   0   0   0   0   0
    GTA   0   0   0   0   0   0 |     GCA   1   1   1   1   1   1 | Glu GAA   1   1   1   0   1   1 |     GGA   0   0   0   0   0   0
    GTG   0   0   0   0   0   0 |     GCG   0   0   0   0   0   0 |     GAG   0   0   0   1   0   0 |     GGG   0   0   0   0   0   0
--------------------------------------------------------------------------------------------------------------------------------------

Codon position x base (3x4) table for each sequence.

#1: Argali         
position  1:    T:0.12500    C:0.12500    A:0.56250    G:0.18750
position  2:    T:0.25000    C:0.18750    A:0.43750    G:0.12500
position  3:    T:0.31250    C:0.06250    A:0.25000    G:0.37500
Average         T:0.22917    C:0.12500    A:0.41667    G:0.22917

#2: LesserMouseDeer
position  1:    T:0.12500    C:0.18750    A:0.56250    G:0.12500
position  2:    T:0.25000    C:0.18750    A:0.43750    G:0.12500
position  3:    T:0.25000    C:0.12500    A:0.31250    G:0.31250
Average         T:0.20833    C:0.16667    A:0.43750    G:0.18750

#3: LesserKudu     
position  1:    T:0.12500    C:0.12500    A:0.56250    G:0.18750
position  2:    T:0.25000    C:0.18750    A:0.43750    G:0.12500
position  3:    T:0.31250    C:0.06250    A:0.25000    G:0.37500
Average         T:0.22917    C:0.12500    A:0.41667    G:0.22917

#4: ForestMuskDeer2
position  1:    T:0.12500    C:0.12500    A:0.56250    G:0.18750
position  2:    T:0.25000    C:0.18750    A:0.37500    G:0.18750
position  3:    T:0.25000    C:0.18750    A:0.12500    G:0.43750
Average         T:0.20833    C:0.16667    A:0.35417    G:0.27083

#5: Camel          
position  1:    T:0.12500    C:0.18750    A:0.50000    G:0.18750
position  2:    T:0.25000    C:0.18750    A:0.43750    G:0.12500
position  3:    T:0.25000    C:0.12500    A:0.31250    G:0.31250
Average         T:0.20833    C:0.16667    A:0.41667    G:0.20833

#6: KillerWhale    
position  1:    T:0.18750    C:0.12500    A:0.50000    G:0.18750
position  2:    T:0.25000    C:0.18750    A:0.37500    G:0.18750
position  3:    T:0.31250    C:0.12500    A:0.25000    G:0.31250
Average         T:0.25000    C:0.14583    A:0.37500    G:0.22917

#7: DefassaWaterbuck
position  1:    T:0.12500    C:0.12500    A:0.56250    G:0.18750
position  2:    T:0.25000    C:0.18750    A:0.43750    G:0.12500
position  3:    T:0.31250    C:0.06250    A:0.31250    G:0.31250
Average         T:0.22917    C:0.12500    A:0.43750    G:0.20833

#8: Sheep          
position  1:    T:0.12500    C:0.12500    A:0.56250    G:0.18750
position  2:    T:0.25000    C:0.18750    A:0.43750    G:0.12500
position  3:    T:0.31250    C:0.06250    A:0.25000    G:0.37500
Average         T:0.22917    C:0.12500    A:0.41667    G:0.22917

#9: MaxwellsDuiker 
position  1:    T:0.12500    C:0.12500    A:0.56250    G:0.18750
position  2:    T:0.25000    C:0.18750    A:0.43750    G:0.12500
position  3:    T:0.31250    C:0.06250    A:0.18750    G:0.43750
Average         T:0.22917    C:0.12500    A:0.39583    G:0.25000

#10: GazellaPrzewalskyi
position  1:    T:0.06250    C:0.18750    A:0.56250    G:0.18750
position  2:    T:0.25000    C:0.18750    A:0.43750    G:0.12500
position  3:    T:0.31250    C:0.06250    A:0.25000    G:0.37500
Average         T:0.20833    C:0.14583    A:0.41667    G:0.22917

#11: MountainNyala  
position  1:    T:0.12500    C:0.12500    A:0.56250    G:0.18750
position  2:    T:0.25000    C:0.18750    A:0.43750    G:0.12500
position  3:    T:0.31250    C:0.06250    A:0.25000    G:0.37500
Average         T:0.22917    C:0.12500    A:0.41667    G:0.22917

#12: MuntiacusMuntjak
position  1:    T:0.12500    C:0.12500    A:0.56250    G:0.18750
position  2:    T:0.25000    C:0.18750    A:0.43750    G:0.12500
position  3:    T:0.31250    C:0.06250    A:0.25000    G:0.37500
Average         T:0.22917    C:0.12500    A:0.41667    G:0.22917

#13: goat           
position  1:    T:0.12500    C:0.12500    A:0.56250    G:0.18750
position  2:    T:0.25000    C:0.18750    A:0.43750    G:0.12500
position  3:    T:0.31250    C:0.06250    A:0.25000    G:0.37500
Average         T:0.22917    C:0.12500    A:0.41667    G:0.22917

#14: AfricanBuffalo 
position  1:    T:0.12500    C:0.12500    A:0.56250    G:0.18750
position  2:    T:0.25000    C:0.18750    A:0.43750    G:0.12500
position  3:    T:0.25000    C:0.06250    A:0.18750    G:0.50000
Average         T:0.20833    C:0.12500    A:0.39583    G:0.27083

#15: Topi           
position  1:    T:0.12500    C:0.12500    A:0.56250    G:0.18750
position  2:    T:0.25000    C:0.18750    A:0.43750    G:0.12500
position  3:    T:0.31250    C:0.06250    A:0.25000    G:0.37500
Average         T:0.22917    C:0.12500    A:0.41667    G:0.22917

#16: CommonDuiker   
position  1:    T:0.12500    C:0.12500    A:0.56250    G:0.18750
position  2:    T:0.25000    C:0.18750    A:0.43750    G:0.12500
position  3:    T:0.31250    C:0.06250    A:0.18750    G:0.43750
Average         T:0.22917    C:0.12500    A:0.39583    G:0.25000

#17: Suni           
position  1:    T:0.12500    C:0.12500    A:0.56250    G:0.18750
position  2:    T:0.25000    C:0.18750    A:0.43750    G:0.12500
position  3:    T:0.31250    C:0.06250    A:0.25000    G:0.37500
Average         T:0.22917    C:0.12500    A:0.41667    G:0.22917

#18: Springbuck     
position  1:    T:0.12500    C:0.12500    A:0.56250    G:0.18750
position  2:    T:0.25000    C:0.18750    A:0.43750    G:0.12500
position  3:    T:0.31250    C:0.06250    A:0.25000    G:0.37500
Average         T:0.22917    C:0.12500    A:0.41667    G:0.22917

#19: Okapi          
position  1:    T:0.12500    C:0.12500    A:0.56250    G:0.18750
position  2:    T:0.25000    C:0.18750    A:0.43750    G:0.12500
position  3:    T:0.31250    C:0.06250    A:0.25000    G:0.37500
Average         T:0.22917    C:0.12500    A:0.41667    G:0.22917

#20: Giraffe        
position  1:    T:0.12500    C:0.12500    A:0.56250    G:0.18750
position  2:    T:0.18750    C:0.25000    A:0.43750    G:0.12500
position  3:    T:0.31250    C:0.06250    A:0.25000    G:0.37500
Average         T:0.20833    C:0.14583    A:0.41667    G:0.22917

#21: TibetanAntelope
position  1:    T:0.12500    C:0.12500    A:0.56250    G:0.18750
position  2:    T:0.25000    C:0.18750    A:0.43750    G:0.12500
position  3:    T:0.31250    C:0.06250    A:0.25000    G:0.37500
Average         T:0.22917    C:0.12500    A:0.41667    G:0.22917

#22: Sitatunga      
position  1:    T:0.12500    C:0.12500    A:0.56250    G:0.18750
position  2:    T:0.25000    C:0.18750    A:0.43750    G:0.12500
position  3:    T:0.31250    C:0.06250    A:0.25000    G:0.37500
Average         T:0.22917    C:0.12500    A:0.41667    G:0.22917

#23: Oribi          
position  1:    T:0.12500    C:0.12500    A:0.56250    G:0.18750
position  2:    T:0.25000    C:0.18750    A:0.43750    G:0.12500
position  3:    T:0.31250    C:0.06250    A:0.31250    G:0.31250
Average         T:0.22917    C:0.12500    A:0.43750    G:0.20833

#24: BarbarySheep   
position  1:    T:0.12500    C:0.12500    A:0.56250    G:0.18750
position  2:    T:0.25000    C:0.18750    A:0.43750    G:0.12500
position  3:    T:0.31250    C:0.06250    A:0.25000    G:0.37500
Average         T:0.22917    C:0.12500    A:0.41667    G:0.22917

#25: Daviddeer      
position  1:    T:0.12500    C:0.12500    A:0.56250    G:0.18750
position  2:    T:0.25000    C:0.18750    A:0.43750    G:0.12500
position  3:    T:0.31250    C:0.06250    A:0.25000    G:0.37500
Average         T:0.22917    C:0.12500    A:0.41667    G:0.22917

#26: Reindeer       
position  1:    T:0.12500    C:0.12500    A:0.50000    G:0.25000
position  2:    T:0.25000    C:0.18750    A:0.43750    G:0.12500
position  3:    T:0.25000    C:0.12500    A:0.25000    G:0.37500
Average         T:0.20833    C:0.14583    A:0.39583    G:0.25000

#27: Ibex           
position  1:    T:0.12500    C:0.12500    A:0.56250    G:0.18750
position  2:    T:0.25000    C:0.18750    A:0.43750    G:0.12500
position  3:    T:0.31250    C:0.06250    A:0.25000    G:0.37500
Average         T:0.22917    C:0.12500    A:0.41667    G:0.22917

#28: GyrantGazelle  
position  1:    T:0.12500    C:0.12500    A:0.56250    G:0.18750
position  2:    T:0.25000    C:0.18750    A:0.43750    G:0.12500
position  3:    T:0.31250    C:0.12500    A:0.25000    G:0.31250
Average         T:0.22917    C:0.14583    A:0.41667    G:0.20833

#29: Hartebeest     
position  1:    T:0.12500    C:0.12500    A:0.56250    G:0.18750
position  2:    T:0.25000    C:0.18750    A:0.43750    G:0.12500
position  3:    T:0.31250    C:0.06250    A:0.25000    G:0.37500
Average         T:0.22917    C:0.12500    A:0.41667    G:0.22917

#30: Bongo          
position  1:    T:0.12500    C:0.12500    A:0.50000    G:0.25000
position  2:    T:0.25000    C:0.18750    A:0.43750    G:0.12500
position  3:    T:0.31250    C:0.06250    A:0.25000    G:0.37500
Average         T:0.22917    C:0.12500    A:0.39583    G:0.25000

#31: Gerenuk        
position  1:    T:0.12500    C:0.12500    A:0.56250    G:0.18750
position  2:    T:0.25000    C:0.18750    A:0.43750    G:0.12500
position  3:    T:0.31250    C:0.06250    A:0.25000    G:0.37500
Average         T:0.22917    C:0.12500    A:0.41667    G:0.22917

#32: CommonEland    
position  1:    T:0.12500    C:0.12500    A:0.56250    G:0.18750
position  2:    T:0.25000    C:0.18750    A:0.43750    G:0.12500
position  3:    T:0.31250    C:0.06250    A:0.25000    G:0.37500
Average         T:0.22917    C:0.12500    A:0.41667    G:0.22917

#33: MuntiacusReevesi
position  1:    T:0.12500    C:0.12500    A:0.56250    G:0.18750
position  2:    T:0.25000    C:0.18750    A:0.43750    G:0.12500
position  3:    T:0.31250    C:0.06250    A:0.25000    G:0.37500
Average         T:0.22917    C:0.12500    A:0.41667    G:0.22917

#34: HarveysDuiker  
position  1:    T:0.12500    C:0.12500    A:0.56250    G:0.18750
position  2:    T:0.25000    C:0.18750    A:0.43750    G:0.12500
position  3:    T:0.31250    C:0.06250    A:0.18750    G:0.43750
Average         T:0.22917    C:0.12500    A:0.39583    G:0.25000

#35: Pronghorn      
position  1:    T:0.12500    C:0.12500    A:0.56250    G:0.18750
position  2:    T:0.25000    C:0.18750    A:0.43750    G:0.12500
position  3:    T:0.31250    C:0.06250    A:0.31250    G:0.31250
Average         T:0.22917    C:0.12500    A:0.43750    G:0.20833

#36: BlueWildebeest 
position  1:    T:0.12500    C:0.12500    A:0.56250    G:0.18750
position  2:    T:0.25000    C:0.18750    A:0.43750    G:0.12500
position  3:    T:0.31250    C:0.06250    A:0.25000    G:0.37500
Average         T:0.22917    C:0.12500    A:0.41667    G:0.22917

#37: Gemsbok        
position  1:    T:0.12500    C:0.12500    A:0.56250    G:0.18750
position  2:    T:0.25000    C:0.18750    A:0.43750    G:0.12500
position  3:    T:0.31250    C:0.06250    A:0.25000    G:0.37500
Average         T:0.22917    C:0.12500    A:0.41667    G:0.22917

#38: Yak            
position  1:    T:0.12500    C:0.12500    A:0.56250    G:0.18750
position  2:    T:0.25000    C:0.18750    A:0.43750    G:0.12500
position  3:    T:0.31250    C:0.06250    A:0.18750    G:0.43750
Average         T:0.22917    C:0.12500    A:0.39583    G:0.25000

#39: BlueSheep      
position  1:    T:0.12500    C:0.12500    A:0.56250    G:0.18750
position  2:    T:0.25000    C:0.18750    A:0.43750    G:0.12500
position  3:    T:0.31250    C:0.06250    A:0.25000    G:0.37500
Average         T:0.22917    C:0.12500    A:0.41667    G:0.22917

#40: BohorReedbuck  
position  1:    T:0.12500    C:0.12500    A:0.56250    G:0.18750
position  2:    T:0.25000    C:0.18750    A:0.43750    G:0.12500
position  3:    T:0.31250    C:0.06250    A:0.31250    G:0.31250
Average         T:0.22917    C:0.12500    A:0.43750    G:0.20833

#41: KirksDik       
position  1:    T:0.12500    C:0.12500    A:0.50000    G:0.25000
position  2:    T:0.25000    C:0.18750    A:0.43750    G:0.12500
position  3:    T:0.31250    C:0.12500    A:0.18750    G:0.37500
Average         T:0.22917    C:0.14583    A:0.37500    G:0.25000

#42: RoeDeer        
position  1:    T:0.12500    C:0.12500    A:0.56250    G:0.18750
position  2:    T:0.25000    C:0.18750    A:0.43750    G:0.12500
position  3:    T:0.31250    C:0.06250    A:0.25000    G:0.37500
Average         T:0.22917    C:0.12500    A:0.41667    G:0.22917

#43: WhiteLippedDeer
position  1:    T:0.12500    C:0.12500    A:0.56250    G:0.18750
position  2:    T:0.25000    C:0.18750    A:0.43750    G:0.12500
position  3:    T:0.31250    C:0.06250    A:0.25000    G:0.37500
Average         T:0.22917    C:0.12500    A:0.41667    G:0.22917

#44: ThomsonGazelle 
position  1:    T:0.12500    C:0.12500    A:0.56250    G:0.18750
position  2:    T:0.25000    C:0.18750    A:0.43750    G:0.12500
position  3:    T:0.31250    C:0.12500    A:0.18750    G:0.37500
Average         T:0.22917    C:0.14583    A:0.39583    G:0.22917

#45: MuntiacusCrinifrons
position  1:    T:0.12500    C:0.12500    A:0.56250    G:0.18750
position  2:    T:0.25000    C:0.18750    A:0.43750    G:0.12500
position  3:    T:0.31250    C:0.06250    A:0.25000    G:0.37500
Average         T:0.22917    C:0.12500    A:0.41667    G:0.22917

#46: WhiteTailedDeer
position  1:    T:0.12500    C:0.12500    A:0.50000    G:0.25000
position  2:    T:0.25000    C:0.18750    A:0.43750    G:0.12500
position  3:    T:0.31250    C:0.06250    A:0.25000    G:0.37500
Average         T:0.22917    C:0.12500    A:0.39583    G:0.25000

#47: Cattle         
position  1:    T:0.12500    C:0.12500    A:0.56250    G:0.18750
position  2:    T:0.25000    C:0.18750    A:0.43750    G:0.12500
position  3:    T:0.31250    C:0.06250    A:0.18750    G:0.43750
Average         T:0.22917    C:0.12500    A:0.39583    G:0.25000

#48: RoyalAntelope  
position  1:    T:0.12500    C:0.12500    A:0.56250    G:0.18750
position  2:    T:0.25000    C:0.18750    A:0.43750    G:0.12500
position  3:    T:0.31250    C:0.06250    A:0.25000    G:0.37500
Average         T:0.22917    C:0.12500    A:0.41667    G:0.22917

#49: Steenbok       
position  1:    T:0.12500    C:0.12500    A:0.56250    G:0.18750
position  2:    T:0.25000    C:0.18750    A:0.43750    G:0.12500
position  3:    T:0.31250    C:0.06250    A:0.25000    G:0.37500
Average         T:0.22917    C:0.12500    A:0.41667    G:0.22917

#50: Impala         
position  1:    T:0.12500    C:0.12500    A:0.56250    G:0.18750
position  2:    T:0.25000    C:0.18750    A:0.43750    G:0.12500
position  3:    T:0.31250    C:0.06250    A:0.25000    G:0.37500
Average         T:0.22917    C:0.12500    A:0.41667    G:0.22917

#51: Klipspringer   
position  1:    T:0.12500    C:0.12500    A:0.56250    G:0.18750
position  2:    T:0.25000    C:0.18750    A:0.43750    G:0.12500
