1
52 1
Argali 0.000000 0.322400 0.110900 0.305100 0.075900 0.009900 0.098000 0.091800 0.110000 0.130300 0.014700 0.097500 0.070300 0.060900 0.077800 0.129300 0.163500 0.136400 0.050200 0.100100 0.091800 0.039800 0.130500 0.167200 0.029600 0.097700 0.059900 0.093700 0.103000 0.104800 0.109700 0.055800 0.165200 0.065100 0.066300 0.114000 0.019600 0.071000 0.102100 0.160500 0.141200 0.093100 0.130400 0.132400 0.114700 0.093400 0.113500 0.081700 0.107800 0.139100 0.110100 0.094300
LesserMous 0.322400 0.000000 0.353300 0.395100 0.306300 0.309700 0.331200 0.291600 0.328700 0.282400 0.328000 0.327500 0.317000 0.302400 0.329300 0.331600 0.331900 0.329500 0.315200 0.347700 0.319700 0.314500 0.269000 0.297000 0.313900 0.306700 0.316700 0.338000 0.321100 0.352300 0.281900 0.310300 0.330200 0.324500 0.282200 0.344900 0.318900 0.301300 0.302700 0.322700 0.280700 0.302900 0.282700 0.282200 0.315900 0.333000 0.311700 0.328000 0.333300 0.284900 0.358800 0.354200
LesserKudu 0.110900 0.353300 0.000000 0.332700 0.088300 0.111500 0.116200 0.121100 0.030500 0.138300 0.127300 0.088200 0.120500 0.077900 0.085000 0.104000 0.172300 0.127500 0.128200 0.010200 0.099000 0.110800 0.133100 0.157800 0.116100 0.116300 0.109400 0.025600 0.121600 0.025400 0.111800 0.073000 0.139500 0.115100 0.094600 0.094100 0.120600 0.094200 0.109700 0.151000 0.143700 0.111700 0.138400 0.134900 0.100200 0.100900 0.121300 0.088700 0.103900 0.101200 0.020300 0.025700
KillerWhal 0.305100 0.395100 0.332700 0.000000 0.288100 0.320900 0.304900 0.307700 0.315500 0.253700 0.297000 0.254700 0.279200 0.284600 0.303600 0.313300 0.247400 0.264000 0.328500 0.319300 0.308800 0.290300 0.280700 0.294100 0.283600 0.303000 0.279400 0.295800 0.323300 0.323700 0.265700 0.292100 0.312200 0.286600 0.299200 0.296800 0.288300 0.311000 0.314300 0.291800 0.292400 0.299000 0.241100 0.246600 0.284200 0.286400 0.307300 0.296300 0.307100 0.310700 0.315100 0.311100
DefassaWat 0.075900 0.306300 0.088300 0.288100 0.000000 0.087200 0.081300 0.086000 0.076900 0.129500 0.070600 0.091800 0.075100 0.045100 0.056200 0.080400 0.128900 0.097200 0.103200 0.088500 0.075500 0.070800 0.118700 0.137500 0.081000 0.081100 0.075200 0.082300 0.075900 0.093200 0.103600 0.050300 0.113800 0.080500 0.071200 0.086600 0.065100 0.039500 0.064900 0.142500 0.140300 0.076500 0.129600 0.114900 0.087000 0.076700 0.086100 0.075900 0.070200 0.121300 0.087700 0.082800
Sheep 0.009900 0.309700 0.111500 0.320900 0.087200 0.000000 0.098500 0.092300 0.110600 0.131000 0.024700 0.108900 0.081100 0.061200 0.078300 0.129900 0.176000 0.137100 0.050500 0.100600 0.092200 0.040000 0.131200 0.168200 0.029800 0.098300 0.070600 0.094600 0.103500 0.105400 0.110300 0.056100 0.166100 0.075900 0.066600 0.115100 0.029700 0.071600 0.102700 0.161400 0.141900 0.093600 0.131100 0.144500 0.115300 0.093900 0.114100 0.082100 0.108300 0.139900 0.110700 0.105900
MaxwellsDu 0.098000 0.331200 0.116200 0.304900 0.081300 0.098500 0.000000 0.075800 0.104200 0.130300 0.092200 0.102900 0.086000 0.045000 0.067300 0.112800 0.152000 0.119700 0.114700 0.105800 0.086500 0.081700 0.130500 0.150000 0.092200 0.081700 0.086100 0.110700 0.076200 0.110100 0.104400 0.050400 0.136600 0.091500 0.071400 0.109000 0.086100 0.087200 0.086200 0.154800 0.152400 0.077000 0.130500 0.138200 0.098300 0.066600 0.097200 0.076400 0.091300 0.133500 0.115400 0.111000
GazellaPrz 0.091800 0.291600 0.121100 0.307700 0.086000 0.092300 0.075800 0.000000 0.109200 0.134800 0.086200 0.107500 0.090600 0.050100 0.071800 0.074600 0.144900 0.124100 0.108400 0.110300 0.049400 0.075800 0.123800 0.165800 0.086200 0.044600 0.090700 0.115200 0.039400 0.115000 0.108800 0.055300 0.152500 0.096100 0.076300 0.113200 0.080500 0.081200 0.049200 0.159200 0.134400 0.039800 0.134900 0.142500 0.113200 0.081800 0.070100 0.070500 0.096200 0.137900 0.120300 0.115500
MountainNy 0.110000 0.328700 0.030500 0.315500 0.076900 0.110600 0.104200 0.109200 0.000000 0.126000 0.115100 0.087600 0.108600 0.066700 0.073400 0.092400 0.159400 0.115400 0.116000 0.020400 0.098300 0.098900 0.120800 0.145000 0.104200 0.104400 0.097700 0.025400 0.109600 0.015100 0.099800 0.071200 0.138400 0.103300 0.083100 0.082600 0.108600 0.072000 0.098000 0.138400 0.142800 0.099800 0.126100 0.122500 0.077700 0.078200 0.109300 0.077200 0.092400 0.089400 0.030100 0.025500
MuntiacusM 0.130300 0.282400 0.138300 0.253700 0.129500 0.131000 0.130300 0.134800 0.126000 0.000000 0.135400 0.096600 0.106800 0.092300 0.099200 0.139600 0.133600 0.102600 0.142300 0.127300 0.134900 0.124600 0.070000 0.092200 0.135400 0.118800 0.096100 0.132200 0.135400 0.132000 0.024600 0.097900 0.141300 0.101600 0.087100 0.113500 0.129200 0.124700 0.134400 0.092000 0.080000 0.114300 0.019400 0.065700 0.102900 0.103600 0.134700 0.102500 0.118100 0.087700 0.137300 0.132500
goat 0.014700 0.328000 0.127300 0.297000 0.070600 0.024700 0.092200 0.086200 0.115100 0.135400 0.000000 0.102200 0.064800 0.055400 0.077600 0.123200 0.157200 0.130200 0.055200 0.116400 0.086100 0.034600 0.135600 0.172500 0.024200 0.092000 0.064900 0.110200 0.097200 0.121100 0.114800 0.060700 0.158700 0.070100 0.071300 0.119600 0.014600 0.076300 0.096500 0.165800 0.146300 0.087300 0.135600 0.137500 0.119800 0.087600 0.107600 0.076100 0.102000 0.144300 0.126400 0.110400
AfricanBuf 0.097500 0.327500 0.088200 0.254700 0.091800 0.108900 0.102900 0.107500 0.087600 0.096600 0.102200 0.000000 0.085600 0.076400 0.083000 0.112400 0.117700 0.108000 0.114200 0.077600 0.091500 0.113800 0.118800 0.131500 0.113000 0.102600 0.075100 0.082600 0.108000 0.093300 0.081800 0.081900 0.147600 0.080500 0.071200 0.076000 0.096700 0.097600 0.118100 0.130800 0.118000 0.098100 0.107500 0.092800 0.076300 0.087500 0.107600 0.076000 0.091200 0.104500 0.087600 0.082800
Topi 0.070300 0.317000 0.120500 0.279200 0.075100 0.081100 0.086000 0.090600 0.108600 0.106800 0.064800 0.085600 0.000000 0.049800 0.071600 0.116800 0.144400 0.123400 0.096900 0.109700 0.080100 0.065000 0.117600 0.153100 0.064800 0.075200 0.009600 0.114600 0.091000 0.114400 0.097300 0.055000 0.140400 0.014400 0.044800 0.123900 0.059400 0.091300 0.074800 0.135400 0.139000 0.081200 0.106800 0.119300 0.102200 0.070800 0.080100 0.080600 0.095700 0.137200 0.119700 0.103900
CommonDuik 0.060900 0.302400 0.077900 0.284600 0.045100 0.061200 0.045000 0.050100 0.066700 0.092300 0.055400 0.076400 0.049800 0.000000 0.030600 0.075700 0.124400 0.081900 0.077000 0.067700 0.050100 0.045200 0.092400 0.121800 0.055400 0.045200 0.049900 0.072600 0.050300 0.072200 0.066700 0.014900 0.109200 0.055100 0.035200 0.082100 0.049800 0.050500 0.049900 0.115500 0.113700 0.040400 0.092400 0.099300 0.071700 0.040500 0.060400 0.040100 0.054900 0.094500 0.077400 0.072800
Suni 0.077800 0.329300 0.085000 0.303600 0.056200 0.078300 0.067300 0.071800 0.073400 0.099200 0.077600 0.083000 0.071600 0.030600 0.000000 0.098400 0.126400 0.083200 0.094400 0.074200 0.072000 0.067100 0.099300 0.118000 0.077600 0.067100 0.066200 0.079200 0.067000 0.079100 0.073200 0.035800 0.111100 0.071600 0.051600 0.077900 0.071900 0.067100 0.071700 0.123000 0.121000 0.062300 0.099300 0.106500 0.078100 0.051800 0.082700 0.051200 0.056100 0.096100 0.084400 0.079400
Springbuck 0.129300 0.331600 0.104000 0.313300 0.080400 0.129900 0.112800 0.074600 0.092400 0.139600 0.123200 0.112400 0.116800 0.075700 0.098400 0.000000 0.172600 0.140200 0.130000 0.104300 0.054200 0.107300 0.139800 0.170600 0.123300 0.059300 0.116800 0.109200 0.063500 0.109000 0.135900 0.081100 0.135000 0.122400 0.102600 0.118400 0.117300 0.096700 0.054000 0.175900 0.156100 0.054400 0.151000 0.158900 0.107800 0.108400 0.085400 0.091100 0.111800 0.142900 0.103300 0.109400
Okapi 0.163500 0.331900 0.172300 0.247400 0.128900 0.176000 0.152000 0.144900 0.159400 0.133600 0.157200 0.117700 0.144400 0.124400 0.126400 0.172600 0.000000 0.059600 0.181400 0.161000 0.150800 0.157600 0.134600 0.135900 0.168600 0.151500 0.144500 0.154100 0.140000 0.165700 0.107900 0.130200 0.163400 0.150300 0.152900 0.135100 0.150800 0.157700 0.155800 0.146900 0.145000 0.135600 0.133800 0.108100 0.146800 0.147700 0.156400 0.123400 0.139300 0.136700 0.159300 0.154700
Giraffe 0.136400 0.329500 0.127500 0.264000 0.097200 0.137100 0.119700 0.124100 0.115400 0.102600 0.130200 0.108000 0.123400 0.081900 0.083200 0.140200 0.059600 0.000000 0.142300 0.116600 0.118700 0.119300 0.091700 0.104400 0.130100 0.119400 0.123500 0.110300 0.119200 0.121300 0.077000 0.087400 0.119600 0.129200 0.109300 0.103300 0.124000 0.114200 0.123600 0.109200 0.112800 0.114800 0.102700 0.087900 0.114600 0.104000 0.124200 0.081300 0.096800 0.110300 0.115300 0.121800
TibetanAnt 0.050200 0.315200 0.128200 0.328500 0.103200 0.050500 0.114700 0.108400 0.116000 0.142300 0.055200 0.114200 0.096900 0.077000 0.094400 0.130000 0.181400 0.142300 0.000000 0.117200 0.097500 0.050200 0.136400 0.173400 0.050000 0.114600 0.086300 0.111000 0.119900 0.121900 0.126900 0.082400 0.171600 0.091700 0.082500 0.120300 0.049800 0.087500 0.119000 0.166800 0.147200 0.109900 0.142500 0.149800 0.120500 0.110200 0.130500 0.087300 0.124700 0.145300 0.127300 0.122400
Sitatunga 0.100100 0.347700 0.010200 0.319300 0.088500 0.100600 0.105800 0.110300 0.020400 0.127300 0.116400 0.077600 0.109700 0.067700 0.074200 0.104300 0.161000 0.116600 0.117200 0.000000 0.099300 0.100000 0.122100 0.146600 0.105300 0.105500 0.098700 0.015300 0.110800 0.015300 0.100900 0.062400 0.139800 0.104400 0.084200 0.083400 0.110200 0.083600 0.109900 0.139800 0.132700 0.100800 0.127500 0.123800 0.089400 0.090000 0.110500 0.077800 0.093600 0.090400 0.020400 0.015400
Oribi 0.091800 0.319700 0.099000 0.308800 0.075500 0.092200 0.086500 0.049400 0.098300 0.134900 0.086100 0.091500 0.080100 0.050100 0.072000 0.054200 0.150800 0.118700 0.097500 0.099300 0.000000 0.086400 0.123900 0.166000 0.086100 0.044600 0.080200 0.098800 0.049600 0.104000 0.108900 0.055300 0.130000 0.085500 0.065800 0.113500 0.080400 0.091800 0.034200 0.159400 0.145600 0.039800 0.135000 0.142600 0.102900 0.081900 0.070100 0.065300 0.091000 0.126700 0.093000 0.104400
BarbaryShe 0.039800 0.314500 0.110800 0.290300 0.070800 0.040000 0.081700 0.075800 0.098900 0.124600 0.034600 0.113800 0.065000 0.045200 0.067100 0.107300 0.157600 0.119300 0.050200 0.100000 0.086400 0.000000 0.124800 0.161200 0.019600 0.081500 0.065000 0.094000 0.086500 0.104700 0.104100 0.050500 0.136400 0.070300 0.071500 0.108900 0.029500 0.065900 0.080900 0.143000 0.135400 0.076800 0.113700 0.137800 0.109000 0.077100 0.097100 0.065800 0.091500 0.133200 0.110000 0.105200
Daviddeer 0.130500 0.269000 0.133100 0.280700 0.118700 0.131200 0.130500 0.123800 0.120800 0.070000 0.135600 0.118800 0.117600 0.092400 0.099300 0.139800 0.134600 0.091700 0.136400 0.122100 0.123900 0.124800 0.000000 0.087500 0.135500 0.108000 0.106800 0.127000 0.124400 0.126800 0.055600 0.098000 0.141600 0.112400 0.097900 0.125100 0.129300 0.113900 0.123400 0.081700 0.019200 0.114500 0.070100 0.066100 0.103200 0.103800 0.112900 0.102600 0.129300 0.104600 0.132100 0.127300
Reindeer 0.167200 0.297000 0.157800 0.294100 0.137500 0.168200 0.150000 0.165800 0.145000 0.092200 0.172500 0.131500 0.153100 0.121800 0.118000 0.170600 0.135900 0.104400 0.173400 0.146600 0.166000 0.161200 0.087500 0.000000 0.172400 0.149300 0.141800 0.151500 0.160900 0.151200 0.066700 0.127700 0.161500 0.147700 0.127600 0.126800 0.165700 0.144100 0.165400 0.082300 0.097800 0.144900 0.092400 0.045800 0.121500 0.133800 0.142300 0.132200 0.148500 0.116800 0.156700 0.151900
Ibex 0.029600 0.313900 0.116100 0.283600 0.081000 0.029800 0.092200 0.086200 0.104200 0.135400 0.024200 0.113000 0.064800 0.055400 0.077600 0.123300 0.168600 0.130100 0.050000 0.105300 0.086100 0.019600 0.135500 0.172400 0.000000 0.092000 0.064800 0.099200 0.097100 0.110000 0.114800 0.060700 0.147300 0.070100 0.071300 0.119500 0.029400 0.076300 0.091200 0.154100 0.146200 0.087300 0.124400 0.148900 0.119700 0.087600 0.107600 0.076100 0.102000 0.133000 0.115300 0.110400
GyrantGaze 0.097700 0.306700 0.116300 0.303000 0.081100 0.098300 0.081700 0.044600 0.104400 0.118800 0.092000 0.102600 0.075200 0.045200 0.067100 0.059300 0.151500 0.119400 0.114600 0.105500 0.044600 0.081500 0.108000 0.149300 0.092000 0.000000 0.075300 0.110500 0.034400 0.110300 0.093000 0.050500 0.147700 0.080600 0.060900 0.108600 0.086200 0.087000 0.044400 0.142800 0.124000 0.014700 0.119000 0.126300 0.087100 0.066300 0.054900 0.071000 0.091500 0.133200 0.115500 0.110700
Hartebeest 0.059900 0.316700 0.109400 0.279400 0.075200 0.070600 0.086100 0.090700 0.097700 0.096100 0.064900 0.075100 0.009600 0.049900 0.066200 0.116800 0.144500 0.123500 0.086300 0.098700 0.080200 0.065000 0.106800 0.141800 0.064800 0.075300 0.000000 0.103600 0.091000 0.103500 0.086600 0.055100 0.140400 0.004800 0.034700 0.113000 0.059400 0.080800 0.074800 0.124300 0.128000 0.081300 0.096100 0.108300 0.091500 0.070800 0.080100 0.080600 0.095800 0.126000 0.108700 0.093000
Bongo 0.093700 0.338000 0.025600 0.295800 0.082300 0.094600 0.110700 0.115200 0.025400 0.132200 0.110200 0.082600 0.114600 0.072600 0.079200 0.109200 0.154100 0.110300 0.111000 0.015300 0.098800 0.094000 0.127000 0.151500 0.099200 0.110500 0.103600 0.000000 0.115700 0.020300 0.105900 0.067400 0.144800 0.109300 0.089200 0.099000 0.104100 0.077400 0.114800 0.144800 0.149200 0.105800 0.132400 0.128800 0.094400 0.095000 0.115400 0.072200 0.098500 0.095400 0.015200 0.020400
Gerenuk 0.103000 0.321100 0.121600 0.323300 0.075900 0.103500 0.076200 0.039400 0.109600 0.135400 0.097200 0.108000 0.091000 0.050300 0.067000 0.063500 0.140000 0.119200 0.119900 0.110800 0.049600 0.086500 0.124400 0.160900 0.097100 0.034400 0.091000 0.115700 0.000000 0.115500 0.109300 0.055500 0.147500 0.096500 0.076700 0.119600 0.091400 0.086900 0.049400 0.159900 0.140600 0.029800 0.135500 0.143200 0.114200 0.082200 0.070400 0.076100 0.091400 0.138500 0.120800 0.115900
CommonElan 0.104800 0.352300 0.025400 0.323700 0.093200 0.105400 0.110100 0.115000 0.015100 0.132000 0.121100 0.093300 0.114400 0.072200 0.079100 0.109000 0.165700 0.121300 0.121900 0.015300 0.104000 0.104700 0.126800 0.151200 0.110000 0.110300 0.103500 0.020300 0.115500 0.000000 0.105700 0.067000 0.144500 0.109100 0.088700 0.099200 0.114500 0.088400 0.114700 0.144500 0.148900 0.105600 0.132100 0.128500 0.094200 0.083900 0.115200 0.082900 0.109000 0.095200 0.015000 0.020400
MuntiacusR 0.109700 0.281900 0.111800 0.265700 0.103600 0.110300 0.104400 0.108800 0.099800 0.024600 0.114800 0.081800 0.097300 0.066700 0.073200 0.135900 0.107900 0.077000 0.126900 0.100900 0.108900 0.104100 0.055600 0.066700 0.114800 0.093000 0.086600 0.105900 0.109300 0.105700 0.000000 0.072200 0.126400 0.092100 0.072200 0.087800 0.108800 0.098800 0.108500 0.066500 0.065700 0.088400 0.024700 0.040700 0.077200 0.077800 0.108800 0.076900 0.103300 0.072800 0.111000 0.106100
HarveysDui 0.055800 0.310300 0.073000 0.292100 0.050300 0.056100 0.050400 0.055300 0.071200 0.097900 0.060700 0.081900 0.055000 0.014900 0.035800 0.081100 0.130200 0.087400 0.082400 0.062400 0.055300 0.050500 0.098000 0.127700 0.060700 0.050500 0.055100 0.067400 0.055500 0.067000 0.072200 0.000000 0.114900 0.060300 0.040400 0.087600 0.055100 0.055800 0.055100 0.121300 0.119400 0.045700 0.098000 0.105000 0.077100 0.045800 0.065800 0.045300 0.060200 0.089300 0.072200 0.067600
Pronghorn 0.165200 0.330200 0.139500 0.312200 0.113800 0.166100 0.136600 0.152500 0.138400 0.141300 0.158700 0.147600 0.140400 0.109200 0.111100 0.135000 0.163400 0.119600 0.171600 0.139800 0.130000 0.136400 0.141600 0.161500 0.147300 0.147700 0.140400 0.144800 0.147500 0.144500 0.126400 0.114900 0.000000 0.146300 0.137500 0.142600 0.152300 0.142400 0.135300 0.154700 0.163700 0.143200 0.130200 0.149500 0.142900 0.132300 0.152700 0.108400 0.124300 0.121900 0.138500 0.145100
BlueWildeb 0.065100 0.324500 0.115100 0.286600 0.080500 0.075900 0.091500 0.096100 0.103300 0.101600 0.070100 0.080500 0.014400 0.055100 0.071600 0.122400 0.150300 0.129200 0.091700 0.104400 0.085500 0.070300 0.112400 0.147700 0.070100 0.080600 0.004800 0.109300 0.096500 0.109100 0.092100 0.060300 0.146300 0.000000 0.039800 0.118600 0.064600 0.086200 0.080100 0.130100 0.133700 0.086700 0.101600 0.114000 0.096900 0.076200 0.085500 0.086000 0.101200 0.131800 0.114400 0.098600
Gemsbok 0.066300 0.282200 0.094600 0.299200 0.071200 0.066600 0.071400 0.076300 0.083100 0.087100 0.071300 0.071200 0.044800 0.035200 0.051600 0.102600 0.152900 0.109300 0.082500 0.084200 0.065800 0.071500 0.097900 0.127600 0.071300 0.060900 0.034700 0.089200 0.076700 0.088700 0.072200 0.040400 0.137500 0.039800 0.000000 0.098500 0.065500 0.066300 0.076100 0.121200 0.119300 0.066800 0.098000 0.105000 0.077000 0.056300 0.076300 0.066200 0.081200 0.111600 0.093900 0.089400
Yak 0.114000 0.344900 0.094100 0.296800 0.086600 0.115100 0.109000 0.113200 0.082600 0.113500 0.119600 0.076000 0.123900 0.082100 0.077900 0.118400 0.135100 0.103300 0.120300 0.083400 0.113500 0.108900 0.125100 0.126800 0.119500 0.108600 0.113000 0.099000 0.119600 0.099200 0.087800 0.087600 0.142600 0.118600 0.098500 0.000000 0.113500 0.081700 0.113100 0.137300 0.113400 0.104000 0.113600 0.109800 0.030000 0.088000 0.124700 0.081800 0.086400 0.110500 0.104500 0.099600
BlueSheep 0.019600 0.318900 0.120600 0.288300 0.065100 0.029700 0.086100 0.080500 0.108600 0.129200 0.014600 0.096700 0.059400 0.049800 0.071900 0.117300 0.150800 0.124000 0.049800 0.110200 0.080400 0.029500 0.129300 0.165700 0.029400 0.086200 0.059400 0.104100 0.091400 0.114500 0.108800 0.055100 0.152300 0.064600 0.065500 0.113500 0.000000 0.070700 0.090700 0.159100 0.140000 0.081600 0.129300 0.131200 0.113700 0.081800 0.101700 0.070500 0.095800 0.126600 0.119700 0.104400
BohorReedb 0.071000 0.301300 0.094200 0.311000 0.039500 0.071600 0.087200 0.081200 0.072000 0.124700 0.076300 0.097600 0.091300 0.050500 0.067100 0.096700 0.157700 0.114200 0.087500 0.083600 0.091800 0.065900 0.113900 0.144100 0.076300 0.087000 0.080800 0.077400 0.086900 0.088400 0.098800 0.055800 0.142400 0.086200 0.066300 0.081700 0.070700 0.000000 0.080900 0.137600 0.124400 0.082300 0.124800 0.121100 0.082100 0.082600 0.091900 0.071100 0.086400 0.116400 0.093600 0.088700
KirksDik 0.102100 0.302700 0.109700 0.314300 0.064900 0.102700 0.086200 0.049200 0.098000 0.134400 0.096500 0.118100 0.074800 0.049900 0.071700 0.054000 0.155800 0.123600 0.119000 0.109900 0.034200 0.080900 0.123400 0.165400 0.091200 0.044400 0.074800 0.114800 0.049400 0.114700 0.108500 0.055100 0.135300 0.080100 0.076100 0.113100 0.090700 0.080900 0.000000 0.153200 0.144900 0.039700 0.129100 0.142100 0.102500 0.081600 0.059600 0.080700 0.085400 0.137500 0.109000 0.115100
RoeDeer 0.160500 0.322700 0.151000 0.291800 0.142500 0.161400 0.154800 0.159200 0.138400 0.092000 0.165800 0.130800 0.135400 0.115500 0.123000 0.175900 0.146900 0.109200 0.166800 0.139800 0.159400 0.143000 0.081700 0.082300 0.154100 0.142800 0.124300 0.144800 0.159900 0.144500 0.066500 0.121300 0.154700 0.130100 0.121200 0.137300 0.159100 0.137600 0.153200 0.000000 0.097300 0.144000 0.081400 0.056100 0.120800 0.127300 0.136400 0.125900 0.153400 0.116000 0.149900 0.145100
WhiteLippe 0.141200 0.280700 0.143700 0.292400 0.140300 0.141900 0.152400 0.134400 0.142800 0.080000 0.146300 0.118000 0.139000 0.113700 0.121000 0.156100 0.145000 0.112800 0.147200 0.132700 0.145600 0.135400 0.019200 0.097800 0.146200 0.124000 0.128000 0.149200 0.140600 0.148900 0.065700 0.119400 0.163700 0.133700 0.119300 0.113400 0.140000 0.124400 0.144900 0.097300 0.000000 0.119500 0.080100 0.076300 0.113500 0.125300 0.134300 0.102100 0.139600 0.115000 0.154300 0.149600
ThomsonGaz 0.093100 0.302900 0.111700 0.299000 0.076500 0.093600 0.077000 0.039800 0.099800 0.114300 0.087300 0.098100 0.081200 0.040400 0.062300 0.054400 0.135600 0.114800 0.109900 0.100800 0.039800 0.076800 0.114500 0.144900 0.087300 0.014700 0.081300 0.105800 0.029800 0.105600 0.088400 0.045700 0.143200 0.086700 0.066800 0.104000 0.081600 0.082300 0.039700 0.144000 0.119500 0.000000 0.114500 0.121800 0.093300 0.072300 0.060600 0.066300 0.086900 0.117100 0.110900 0.106000
MuntiacusC 0.130400 0.282700 0.138400 0.241100 0.129600 0.131100 0.130500 0.134900 0.126100 0.019400 0.135600 0.107500 0.106800 0.092400 0.099300 0.151000 0.133800 0.102700 0.142500 0.127500 0.135000 0.113700 0.070100 0.092400 0.124400 0.119000 0.096100 0.132400 0.135500 0.132100 0.024700 0.098000 0.130200 0.101600 0.098000 0.113600 0.129300 0.124800 0.129100 0.081400 0.080100 0.114500 0.000000 0.065700 0.103000 0.103800 0.134800 0.102600 0.118200 0.087800 0.137500 0.132700
WhiteTaile 0.132400 0.282200 0.134900 0.246600 0.114900 0.144500 0.138200 0.142500 0.122500 0.065700 0.137500 0.092800 0.119300 0.099300 0.106500 0.158900 0.108100 0.087900 0.149800 0.123800 0.142600 0.137800 0.066100 0.045800 0.148900 0.126300 0.108300 0.128800 0.143200 0.128500 0.040700 0.105000 0.149500 0.114000 0.105000 0.109800 0.131200 0.121100 0.142100 0.056100 0.076300 0.121800 0.065700 0.000000 0.099100 0.110900 0.131200 0.109600 0.136800 0.094800 0.133900 0.117700
Cattle 0.114700 0.315900 0.100200 0.284200 0.087000 0.115300 0.098300 0.113200 0.077700 0.102900 0.119800 0.076300 0.102200 0.071700 0.078100 0.107800 0.146800 0.114600 0.120500 0.089400 0.102900 0.109000 0.103200 0.121500 0.119700 0.087100 0.091500 0.094400 0.114200 0.094200 0.077200 0.077100 0.142900 0.096900 0.077000 0.030000 0.113700 0.082100 0.102500 0.120800 0.113500 0.093300 0.103000 0.099100 0.000000 0.066600 0.102800 0.081900 0.097400 0.105500 0.099500 0.094600
RoyalAntel 0.093400 0.333000 0.100900 0.286400 0.076700 0.093900 0.066600 0.081800 0.078200 0.103600 0.087600 0.087500 0.070800 0.040500 0.051800 0.108400 0.147700 0.104000 0.110200 0.090000 0.081900 0.077100 0.103800 0.133800 0.087600 0.066300 0.070800 0.095000 0.082200 0.083900 0.077800 0.045800 0.132300 0.076200 0.056300 0.088000 0.081800 0.082600 0.081600 0.127300 0.125300 0.072300 0.103800 0.110900 0.066600 0.000000 0.081800 0.061200 0.076500 0.117600 0.100100 0.095200
Steenbok 0.113500 0.311700 0.121300 0.307300 0.086100 0.114100 0.097200 0.070100 0.109300 0.134700 0.107600 0.107600 0.080100 0.060400 0.082700 0.085400 0.156400 0.124200 0.130500 0.110500 0.070100 0.097100 0.112900 0.142300 0.107600 0.054900 0.080100 0.115400 0.070400 0.115200 0.108800 0.065800 0.152700 0.085500 0.076300 0.124700 0.101700 0.091900 0.059600 0.136400 0.134300 0.060600 0.134800 0.131200 0.102800 0.081800 0.000000 0.091700 0.107000 0.138200 0.120500 0.115700
Impala 0.081700 0.328000 0.088700 0.296300 0.075900 0.082100 0.076400 0.070500 0.077200 0.102500 0.076100 0.076000 0.080600 0.040100 0.051200 0.091100 0.123400 0.081300 0.087300 0.077800 0.065300 0.065800 0.102600 0.132200 0.076100 0.071000 0.080600 0.072200 0.076100 0.082900 0.076900 0.045300 0.108400 0.086000 0.066200 0.081800 0.070500 0.071100 0.080700 0.125900 0.102100 0.066300 0.102600 0.109600 0.081900 0.061200 0.091700 0.000000 0.065200 0.093900 0.077200 0.083200
Klipspring 0.107800 0.333300 0.103900 0.307100 0.070200 0.108300 0.091300 0.096200 0.092400 0.118100 0.102000 0.091200 0.095700 0.054900 0.056100 0.111800 0.139300 0.096800 0.124700 0.093600 0.091000 0.091500 0.129300 0.148500 0.102000 0.091500 0.095800 0.098500 0.091400 0.109000 0.103300 0.060200 0.124300 0.101200 0.081200 0.086400 0.095800 0.086400 0.085400 0.153400 0.139600 0.086900 0.118200 0.136800 0.097400 0.076500 0.107000 0.065200 0.000000 0.120900 0.103000 0.109900
ForestMusk 0.139100 0.284900 0.101200 0.310700 0.121300 0.139900 0.133500 0.137900 0.089400 0.087700 0.144300 0.104500 0.137200 0.094500 0.096100 0.142900 0.136700 0.110300 0.145300 0.090400 0.126700 0.133200 0.104600 0.116800 0.133000 0.133200 0.126000 0.095400 0.138500 0.095200 0.072800 0.089300 0.121900 0.131800 0.111600 0.110500 0.126600 0.116400 0.137500 0.116000 0.115000 0.117100 0.087800 0.094800 0.105500 0.117600 0.138200 0.093900 0.120900 0.000000 0.100500 0.095600
Bushbuck 0.110100 0.358800 0.020300 0.315100 0.087700 0.110700 0.115400 0.120300 0.030100 0.137300 0.126400 0.087600 0.119700 0.077400 0.084400 0.103300 0.159300 0.115300 0.127300 0.020400 0.093000 0.110000 0.132100 0.156700 0.115300 0.115500 0.108700 0.015200 0.120800 0.015000 0.111000 0.072200 0.138500 0.114400 0.093900 0.104500 0.119700 0.093600 0.109000 0.149900 0.154300 0.110900 0.137500 0.133900 0.099500 0.100100 0.120500 0.077200 0.103000 0.100500 0.000000 0.025500
GreaterKud 0.094300 0.354200 0.025700 0.311100 0.082800 0.105900 0.111000 0.115500 0.025500 0.132500 0.110400 0.082800 0.103900 0.072800 0.079400 0.109400 0.154700 0.121800 0.122400 0.015400 0.104400 0.105200 0.127300 0.151900 0.110400 0.110700 0.093000 0.020400 0.115900 0.020400 0.106100 0.067600 0.145100 0.098600 0.089400 0.099600 0.104400 0.088700 0.115100 0.145100 0.149600 0.106000 0.132700 0.117700 0.094600 0.095200 0.115700 0.083200 0.109900 0.095600 0.025500 0.000000
