1
52 1
Argali 0.000000 0.377300 0.165600 0.352800 0.111100 0.015400 0.088400 0.122700 0.158700 0.129300 0.055200 0.153600 0.094000 0.114500 0.103200 0.097500 0.115800 0.126200 0.039600 0.149700 0.106500 0.046700 0.130400 0.178700 0.054900 0.131500 0.086300 0.133500 0.130200 0.159300 0.120500 0.072700 0.186500 0.086200 0.088000 0.133200 0.054700 0.118100 0.138700 0.128600 0.130400 0.123200 0.120900 0.125100 0.116800 0.088400 0.121200 0.133600 0.131600 0.121100 0.166600 0.167800
LesserMous 0.377300 0.000000 0.434700 0.444000 0.374200 0.359500 0.304100 0.361000 0.403300 0.365600 0.371500 0.371200 0.363400 0.339800 0.319100 0.339500 0.331200 0.324300 0.388300 0.416700 0.306900 0.346900 0.378100 0.362300 0.356200 0.326300 0.378000 0.399100 0.322700 0.404800 0.354700 0.309100 0.322200 0.364900 0.397100 0.397700 0.347700 0.396400 0.345000 0.364000 0.377700 0.316400 0.355600 0.351700 0.379600 0.328100 0.322300 0.381600 0.327900 0.330800 0.387900 0.417200
LesserKudu 0.165600 0.434700 0.000000 0.340600 0.178400 0.168000 0.155200 0.173900 0.052800 0.161700 0.176800 0.165200 0.177500 0.183200 0.187700 0.147200 0.165700 0.176900 0.179300 0.044400 0.175700 0.168100 0.201300 0.220100 0.176100 0.164200 0.169600 0.030300 0.162100 0.060800 0.153000 0.157400 0.199500 0.151900 0.173100 0.110900 0.158500 0.186300 0.207500 0.188700 0.201400 0.155800 0.153400 0.193300 0.095600 0.156100 0.189900 0.214700 0.183300 0.135100 0.060200 0.068600
KillerWhal 0.352800 0.444000 0.340600 0.000000 0.386400 0.358800 0.317000 0.363000 0.322800 0.297900 0.345400 0.335100 0.351700 0.352500 0.309900 0.331300 0.317700 0.310700 0.375900 0.345900 0.344200 0.359300 0.309100 0.317100 0.345100 0.329000 0.342800 0.328400 0.346500 0.359500 0.310300 0.299700 0.325000 0.330800 0.384800 0.329600 0.323000 0.384700 0.356200 0.331100 0.323000 0.341600 0.311100 0.330700 0.332700 0.317000 0.347400 0.347200 0.319000 0.308900 0.331400 0.369100
DefassaWat 0.111100 0.374200 0.178400 0.386400 0.000000 0.095700 0.085800 0.102200 0.171700 0.125100 0.103900 0.149100 0.140800 0.094300 0.100300 0.102700 0.129500 0.139800 0.105300 0.145100 0.103200 0.096300 0.144300 0.173100 0.103500 0.127500 0.133100 0.146900 0.126300 0.154400 0.116600 0.086900 0.189700 0.133000 0.101800 0.129100 0.087200 0.022000 0.117600 0.133200 0.144300 0.119500 0.116900 0.121200 0.113100 0.102900 0.117600 0.147000 0.145000 0.117500 0.179400 0.162600
Sheep 0.015400 0.359500 0.168000 0.358800 0.095700 0.000000 0.072700 0.106900 0.161100 0.112700 0.039600 0.138000 0.095300 0.098600 0.087700 0.090100 0.099800 0.110000 0.040200 0.152000 0.090600 0.031600 0.113700 0.162500 0.039200 0.115700 0.087500 0.135600 0.114500 0.161700 0.103900 0.056800 0.170300 0.086000 0.072300 0.117200 0.039600 0.120500 0.123000 0.112100 0.113600 0.107300 0.104200 0.108900 0.100700 0.089700 0.106300 0.117000 0.133500 0.122900 0.169100 0.170300
MaxwellsDu 0.088400 0.304100 0.155200 0.317000 0.085800 0.072700 0.000000 0.046600 0.130600 0.083300 0.080900 0.110100 0.101800 0.030800 0.061600 0.031000 0.106600 0.116700 0.082100 0.139500 0.031100 0.056000 0.101800 0.131700 0.063900 0.038700 0.110900 0.123500 0.054100 0.148900 0.074900 0.031000 0.130400 0.110800 0.095900 0.105800 0.064200 0.110000 0.061700 0.083000 0.101800 0.030900 0.075100 0.097700 0.090000 0.062700 0.030400 0.089300 0.054600 0.112000 0.138400 0.157200
GazellaPrz 0.122700 0.361000 0.173900 0.363000 0.102200 0.106900 0.046600 0.000000 0.148900 0.119400 0.115400 0.144100 0.153000 0.079600 0.078000 0.046200 0.124100 0.152800 0.117000 0.140100 0.047100 0.107000 0.139000 0.150200 0.097600 0.069800 0.145200 0.141900 0.070200 0.167700 0.110800 0.063600 0.185400 0.145000 0.112900 0.141500 0.098100 0.126800 0.078100 0.119000 0.139000 0.062900 0.111100 0.115700 0.125000 0.095800 0.061900 0.106500 0.104200 0.146700 0.156900 0.157800
MountainNy 0.158700 0.403300 0.052800 0.322800 0.171700 0.161100 0.130600 0.148900 0.000000 0.136100 0.169900 0.133200 0.162100 0.158000 0.162900 0.122600 0.158800 0.170000 0.172400 0.037900 0.150400 0.161200 0.174900 0.194400 0.169300 0.139500 0.154200 0.022900 0.137700 0.045800 0.127400 0.150500 0.183900 0.145100 0.184800 0.103900 0.151500 0.171000 0.182300 0.162800 0.174900 0.131100 0.127700 0.167800 0.088400 0.149200 0.156200 0.188700 0.176400 0.119900 0.022300 0.061500
MuntiacusM 0.129300 0.365600 0.161700 0.297900 0.125100 0.112700 0.083300 0.119400 0.136100 0.000000 0.121700 0.132000 0.161000 0.110300 0.116200 0.101900 0.111100 0.103300 0.123600 0.145400 0.102500 0.112800 0.068400 0.081600 0.121100 0.128600 0.152800 0.128800 0.127200 0.164700 0.008200 0.084600 0.135800 0.152600 0.137200 0.092400 0.103400 0.151400 0.135400 0.058300 0.068000 0.119900 0.008200 0.065200 0.093900 0.119600 0.117800 0.149800 0.128700 0.134600 0.162800 0.164000
goat 0.055200 0.371500 0.176800 0.345400 0.103900 0.039600 0.080900 0.115400 0.169900 0.121700 0.000000 0.128800 0.103500 0.107100 0.095900 0.098500 0.108200 0.118500 0.048300 0.160700 0.099000 0.039700 0.122700 0.152500 0.031400 0.124300 0.095700 0.144400 0.123000 0.170600 0.112900 0.065100 0.160500 0.095600 0.080600 0.125900 0.015600 0.128800 0.113800 0.121100 0.122700 0.115500 0.113200 0.117600 0.109300 0.098100 0.114000 0.126300 0.142200 0.131400 0.159300 0.179200
AfricanBuf 0.153600 0.371200 0.165200 0.335100 0.149100 0.138000 0.110100 0.144100 0.133200 0.132000 0.128800 0.000000 0.115000 0.136100 0.116300 0.126900 0.153400 0.164100 0.148600 0.133000 0.145500 0.120700 0.151100 0.170500 0.145900 0.134900 0.124000 0.134700 0.133400 0.150400 0.123600 0.128700 0.178400 0.140600 0.135100 0.084100 0.111700 0.156800 0.142300 0.149200 0.151100 0.126800 0.123900 0.145300 0.068900 0.161900 0.124700 0.155500 0.170800 0.158100 0.157800 0.141300
Topi 0.094000 0.363400 0.177500 0.351700 0.140800 0.095300 0.101800 0.153000 0.162100 0.161000 0.103500 0.115000 0.000000 0.127600 0.133000 0.127800 0.164400 0.175500 0.104900 0.161900 0.136900 0.078700 0.162200 0.209800 0.103100 0.144200 0.007300 0.146000 0.142600 0.153500 0.152300 0.103200 0.180100 0.036900 0.101400 0.145800 0.103500 0.131600 0.151400 0.160200 0.162300 0.136100 0.152700 0.155900 0.129700 0.118600 0.117100 0.120400 0.127200 0.133900 0.169800 0.144300
CommonDuik 0.114500 0.339800 0.183200 0.352500 0.094300 0.098600 0.030800 0.079600 0.158000 0.110300 0.107100 0.136100 0.127600 0.000000 0.086100 0.063400 0.133600 0.144300 0.108600 0.167200 0.063700 0.081400 0.129700 0.159300 0.089400 0.062900 0.137100 0.150900 0.087100 0.158500 0.101700 0.063500 0.157800 0.136900 0.122100 0.132500 0.089800 0.118800 0.078300 0.109900 0.129700 0.055000 0.102000 0.106800 0.116600 0.096500 0.062300 0.106000 0.087900 0.121000 0.166000 0.185600
Suni 0.103200 0.319100 0.187700 0.309900 0.100300 0.087700 0.061600 0.078000 0.162900 0.116200 0.095900 0.116300 0.133000 0.086100 0.000000 0.078300 0.139000 0.149500 0.097200 0.154100 0.062400 0.087700 0.117100 0.128900 0.078900 0.102800 0.125300 0.155900 0.085300 0.181600 0.107700 0.062400 0.172100 0.125200 0.077600 0.129400 0.079200 0.124400 0.109400 0.107100 0.117100 0.094800 0.108000 0.095600 0.113800 0.111200 0.093300 0.087400 0.119800 0.143800 0.170800 0.171800
Springbuck 0.097500 0.339500 0.147200 0.331300 0.102700 0.090100 0.031000 0.046200 0.122600 0.101900 0.098500 0.126900 0.127800 0.063400 0.078300 0.000000 0.124700 0.135200 0.099900 0.131500 0.031200 0.090100 0.121100 0.150800 0.080100 0.038700 0.120000 0.115400 0.038300 0.140800 0.093300 0.047500 0.167700 0.119900 0.113400 0.106300 0.081400 0.119100 0.062200 0.101500 0.121000 0.030600 0.093600 0.116100 0.090100 0.079500 0.046300 0.089700 0.079600 0.121400 0.130500 0.158100
Okapi 0.115800 0.331200 0.165700 0.317700 0.129500 0.099800 0.106600 0.124100 0.158800 0.111100 0.108200 0.153400 0.164400 0.133600 0.139000 0.124700 0.000000 0.056600 0.128200 0.149800 0.125400 0.117700 0.130600 0.141600 0.125700 0.151100 0.156400 0.133700 0.149500 0.168600 0.102400 0.090600 0.158300 0.156300 0.141300 0.133300 0.090800 0.155000 0.122400 0.119400 0.130500 0.142500 0.102700 0.125200 0.116900 0.124200 0.140200 0.172400 0.151200 0.138700 0.166700 0.167900
Giraffe 0.126200 0.324300 0.176900 0.310700 0.139800 0.110000 0.116700 0.152800 0.170000 0.103300 0.118500 0.164100 0.175500 0.144300 0.149500 0.135200 0.056600 0.000000 0.139100 0.160800 0.136000 0.128200 0.141700 0.152400 0.136400 0.162200 0.167400 0.144500 0.160400 0.180100 0.094600 0.100500 0.151000 0.167200 0.152100 0.126000 0.100700 0.165800 0.150700 0.130100 0.141600 0.153400 0.094900 0.135700 0.109400 0.134700 0.132200 0.184200 0.162300 0.131400 0.178000 0.169900
TibetanAnt 0.039600 0.388300 0.179300 0.375900 0.105300 0.040200 0.082100 0.117000 0.172400 0.123600 0.048300 0.148600 0.104900 0.108600 0.097200 0.099900 0.128200 0.139100 0.000000 0.163100 0.100400 0.040200 0.124700 0.174000 0.048100 0.126000 0.097000 0.146400 0.124700 0.173100 0.114600 0.066000 0.181900 0.096900 0.081700 0.127800 0.048300 0.130600 0.115600 0.122800 0.124600 0.117500 0.114900 0.119300 0.110900 0.082100 0.115500 0.128100 0.144300 0.133200 0.180500 0.181800
Sitatunga 0.149700 0.416700 0.044400 0.345900 0.145100 0.152000 0.139500 0.140100 0.037900 0.145400 0.160700 0.133000 0.161900 0.167200 0.154100 0.131500 0.149800 0.160800 0.163100 0.000000 0.159700 0.152100 0.184800 0.204000 0.160100 0.148500 0.154000 0.015200 0.146600 0.045800 0.136700 0.141500 0.183600 0.136500 0.157300 0.095500 0.142500 0.153000 0.191700 0.172400 0.184800 0.140100 0.137000 0.177200 0.080100 0.140300 0.174200 0.198500 0.185900 0.119700 0.045300 0.038000
Oribi 0.106500 0.306900 0.175700 0.344200 0.103200 0.090600 0.031100 0.047100 0.150400 0.102500 0.099000 0.145500 0.136900 0.063700 0.062400 0.031200 0.125400 0.136000 0.100400 0.159700 0.000000 0.090600 0.121800 0.133500 0.081400 0.055200 0.129100 0.143300 0.038200 0.169500 0.093800 0.047700 0.168600 0.128900 0.114000 0.125000 0.081800 0.128000 0.062500 0.102100 0.121700 0.047200 0.094100 0.099100 0.108500 0.079900 0.046500 0.090200 0.088200 0.130500 0.158400 0.178000
BarbaryShe 0.046700 0.346900 0.168100 0.359300 0.096300 0.031600 0.056000 0.107000 0.161200 0.112800 0.039700 0.120700 0.078700 0.081400 0.087700 0.090100 0.117700 0.128200 0.040200 0.152100 0.090600 0.000000 0.113800 0.162600 0.039700 0.098300 0.087500 0.135600 0.114500 0.161800 0.104000 0.056900 0.133700 0.087500 0.072400 0.117300 0.039500 0.120600 0.123000 0.094000 0.113700 0.090000 0.104300 0.109000 0.100700 0.089800 0.088500 0.117600 0.115800 0.122900 0.169200 0.170400
Daviddeer 0.130400 0.378100 0.201300 0.309100 0.144300 0.113700 0.101800 0.139000 0.174900 0.068400 0.122700 0.151100 0.162200 0.129700 0.117100 0.121100 0.130600 0.141700 0.124700 0.184800 0.121800 0.113800 0.000000 0.117800 0.122100 0.148500 0.153900 0.167800 0.146800 0.185000 0.059800 0.085300 0.184600 0.153800 0.138300 0.148100 0.104200 0.171200 0.155100 0.068000 0.016700 0.139600 0.060000 0.066100 0.131700 0.128800 0.137100 0.140400 0.148600 0.154100 0.202700 0.184200
Reindeer 0.178700 0.362300 0.220100 0.317100 0.173100 0.162500 0.131700 0.150200 0.194400 0.081600 0.152500 0.170500 0.209800 0.159300 0.128900 0.150800 0.141600 0.152400 0.174000 0.204000 0.133500 0.162600 0.117800 0.000000 0.170700 0.177800 0.201600 0.187600 0.157600 0.224000 0.090800 0.133600 0.184500 0.201400 0.186400 0.150100 0.134300 0.199700 0.165300 0.106800 0.117200 0.169100 0.090700 0.063000 0.152400 0.168600 0.166300 0.200100 0.178100 0.182900 0.221500 0.223200
Ibex 0.054900 0.356200 0.176100 0.345100 0.103500 0.039200 0.063900 0.097600 0.169300 0.121100 0.031400 0.145900 0.103100 0.089400 0.078900 0.080100 0.125700 0.136400 0.048100 0.160100 0.081400 0.039700 0.122100 0.170700 0.000000 0.106300 0.095300 0.143700 0.105200 0.169900 0.112300 0.048200 0.141700 0.095600 0.080200 0.125300 0.030900 0.128300 0.113500 0.111600 0.122100 0.098000 0.112700 0.117100 0.108800 0.097700 0.096400 0.107900 0.123800 0.130800 0.140700 0.178500
GyrantGaze 0.131500 0.326300 0.164200 0.329000 0.127500 0.115700 0.038700 0.069800 0.139500 0.128600 0.124300 0.134900 0.144200 0.062900 0.102800 0.038700 0.151100 0.162200 0.126000 0.148500 0.055200 0.098300 0.148500 0.177800 0.106300 0.000000 0.154000 0.132400 0.061800 0.158000 0.119900 0.071900 0.157800 0.136400 0.139000 0.132000 0.106800 0.152600 0.086300 0.128100 0.148400 0.007600 0.120200 0.142400 0.115700 0.087500 0.053200 0.106200 0.095800 0.138000 0.147300 0.175500
Hartebeest 0.086300 0.378000 0.169600 0.342800 0.133100 0.087500 0.110900 0.145200 0.154200 0.152800 0.095700 0.124000 0.007300 0.137100 0.125300 0.120000 0.156400 0.167400 0.097000 0.154000 0.129100 0.087500 0.153900 0.201600 0.095300 0.154000 0.000000 0.138100 0.134900 0.145600 0.144000 0.095400 0.190500 0.029600 0.093800 0.137900 0.095700 0.124000 0.143600 0.152000 0.154000 0.145700 0.144400 0.147900 0.121800 0.110900 0.126300 0.112600 0.136600 0.126200 0.161900 0.136500
Bongo 0.133500 0.399100 0.030300 0.328400 0.146900 0.135600 0.123500 0.141900 0.022900 0.128800 0.144400 0.134700 0.146000 0.150900 0.155900 0.115400 0.133700 0.144500 0.146400 0.015200 0.143300 0.135600 0.167800 0.187600 0.143700 0.132400 0.138100 0.000000 0.130700 0.030800 0.120000 0.125300 0.167300 0.120700 0.159300 0.079900 0.126300 0.154800 0.175600 0.155700 0.167700 0.124000 0.120400 0.160800 0.064300 0.124200 0.158000 0.181800 0.169400 0.104000 0.030400 0.038400
Gerenuk 0.130200 0.322700 0.162100 0.346500 0.126300 0.114500 0.054100 0.070200 0.137700 0.127200 0.123000 0.133400 0.142600 0.087100 0.085300 0.038300 0.149500 0.160400 0.124700 0.146600 0.038200 0.114500 0.146800 0.157600 0.105200 0.061800 0.134900 0.130700 0.000000 0.155900 0.118600 0.071200 0.192800 0.134800 0.137600 0.113100 0.105600 0.151100 0.085500 0.126800 0.146800 0.054100 0.118900 0.123100 0.097100 0.103200 0.068200 0.105400 0.111600 0.154100 0.145500 0.173200
CommonElan 0.159300 0.404800 0.060800 0.359500 0.154400 0.161700 0.148900 0.167700 0.045800 0.164700 0.170600 0.150400 0.153500 0.158500 0.181600 0.140800 0.168600 0.180100 0.173100 0.045800 0.169500 0.161800 0.185000 0.224000 0.169900 0.158000 0.145600 0.030800 0.155900 0.000000 0.155700 0.151000 0.184100 0.145600 0.185500 0.112700 0.152100 0.144700 0.183000 0.192200 0.185000 0.149500 0.156200 0.177700 0.097200 0.149700 0.165500 0.208900 0.196000 0.103000 0.053300 0.053700
MuntiacusR 0.120500 0.354700 0.153000 0.310300 0.116600 0.103900 0.074900 0.110800 0.127400 0.008200 0.112900 0.123600 0.152300 0.101700 0.107700 0.093300 0.102400 0.094600 0.114600 0.136700 0.093800 0.104000 0.059800 0.090800 0.112300 0.119900 0.144000 0.120000 0.118600 0.155700 0.000000 0.076100 0.145400 0.143900 0.128400 0.101600 0.094600 0.142700 0.126700 0.050200 0.059700 0.111200 0.000000 0.057300 0.085300 0.110900 0.109300 0.140800 0.119900 0.125900 0.153900 0.155000
HarveysDui 0.072700 0.309100 0.157400 0.299700 0.086900 0.056800 0.031000 0.063600 0.150500 0.084600 0.065100 0.128700 0.103200 0.063500 0.062400 0.047500 0.090600 0.100500 0.066000 0.141500 0.047700 0.056900 0.085300 0.133600 0.048200 0.071900 0.095400 0.125300 0.071200 0.151000 0.076100 0.000000 0.123500 0.095300 0.080300 0.107300 0.048400 0.111500 0.078900 0.075600 0.085300 0.063800 0.076300 0.081800 0.091400 0.063600 0.062800 0.090600 0.071900 0.113600 0.140400 0.159500
Pronghorn 0.186500 0.322200 0.199500 0.325000 0.189700 0.170300 0.130400 0.185400 0.183900 0.135800 0.160500 0.178400 0.180100 0.157800 0.172100 0.167700 0.158300 0.151000 0.181900 0.183600 0.168600 0.133700 0.184600 0.184500 0.141700 0.157800 0.190500 0.167300 0.192800 0.184100 0.145400 0.123500 0.000000 0.190400 0.194200 0.148600 0.142300 0.197700 0.201100 0.144100 0.184600 0.149300 0.145800 0.177100 0.150900 0.167000 0.146800 0.208200 0.176400 0.163100 0.155300 0.202200
BlueWildeb 0.086200 0.364900 0.151900 0.330800 0.133000 0.086000 0.110800 0.145000 0.145100 0.152600 0.095600 0.140600 0.036900 0.136900 0.125200 0.119900 0.156300 0.167200 0.096900 0.136500 0.128900 0.087500 0.153800 0.201400 0.095600 0.136400 0.029600 0.120700 0.134800 0.145600 0.143900 0.095300 0.190400 0.000000 0.093700 0.137800 0.095600 0.140600 0.126300 0.151800 0.153800 0.128200 0.144300 0.147800 0.121700 0.093400 0.143300 0.129700 0.136500 0.109400 0.152800 0.119200
Gemsbok 0.088000 0.397100 0.173100 0.384800 0.101800 0.072300 0.095900 0.112900 0.184800 0.137200 0.080600 0.135100 0.101400 0.122100 0.077600 0.113400 0.141300 0.152100 0.081700 0.157300 0.114000 0.072400 0.138300 0.186400 0.080200 0.139000 0.093800 0.159300 0.137600 0.185500 0.128400 0.080300 0.194200 0.093700 0.000000 0.132100 0.080600 0.126200 0.146200 0.136400 0.138300 0.130700 0.128800 0.132700 0.115800 0.112400 0.128600 0.106000 0.139300 0.146100 0.192700 0.157200
Yak 0.133200 0.397700 0.110900 0.329600 0.129100 0.117200 0.105800 0.141500 0.103900 0.092400 0.125900 0.084100 0.145800 0.132500 0.129400 0.106300 0.133300 0.126000 0.127800 0.095500 0.125000 0.117300 0.148100 0.150100 0.125300 0.132000 0.137900 0.079900 0.113100 0.112700 0.101600 0.107300 0.148600 0.137800 0.132100 0.000000 0.108200 0.154500 0.157100 0.136600 0.148100 0.123600 0.101900 0.142000 0.015600 0.123800 0.139700 0.153400 0.169100 0.138200 0.111500 0.120800
BlueSheep 0.054700 0.347700 0.158500 0.323000 0.087200 0.039600 0.064200 0.098100 0.151500 0.103400 0.015600 0.111700 0.103500 0.089800 0.079200 0.081400 0.090800 0.100700 0.048300 0.142500 0.081800 0.039500 0.104200 0.134300 0.030900 0.106800 0.095700 0.126300 0.105600 0.152100 0.094600 0.048400 0.142300 0.095600 0.080600 0.108200 0.000000 0.111800 0.096700 0.102800 0.104200 0.098400 0.094900 0.099900 0.091700 0.081100 0.096800 0.108400 0.124400 0.113900 0.141200 0.160600
BohorReedb 0.118100 0.396400 0.186300 0.384700 0.022000 0.120500 0.110000 0.126800 0.171000 0.151400 0.128800 0.156800 0.131600 0.118800 0.124400 0.119100 0.155000 0.165800 0.130600 0.153000 0.128000 0.120600 0.171200 0.199700 0.128300 0.152600 0.124000 0.154800 0.151100 0.144700 0.142700 0.111500 0.197700 0.140600 0.126200 0.154500 0.111800 0.000000 0.142300 0.159500 0.171200 0.144500 0.143100 0.146700 0.138300 0.126900 0.125300 0.172900 0.152800 0.107700 0.178700 0.170500
KirksDik 0.138700 0.345000 0.207500 0.356200 0.117600 0.123000 0.061700 0.078100 0.182300 0.135400 0.113800 0.142300 0.151400 0.078300 0.109400 0.062200 0.122400 0.150700 0.115600 0.191700 0.062500 0.123000 0.155100 0.165300 0.113500 0.086300 0.143600 0.175600 0.085500 0.183000 0.126700 0.078900 0.201100 0.126300 0.146200 0.157100 0.096700 0.142300 0.000000 0.134900 0.155100 0.078400 0.127100 0.131100 0.141300 0.111400 0.077200 0.122500 0.119900 0.127600 0.190300 0.191600
RoeDeer 0.128600 0.364000 0.188700 0.331100 0.133200 0.112100 0.083000 0.119000 0.162800 0.058300 0.121100 0.149200 0.160200 0.109900 0.107100 0.101500 0.119400 0.130100 0.122800 0.172400 0.102100 0.094000 0.068000 0.106800 0.111600 0.128100 0.152000 0.155700 0.126800 0.192200 0.050200 0.075600 0.144100 0.151800 0.136400 0.136600 0.102800 0.159500 0.134900 0.000000 0.067600 0.119500 0.050100 0.064900 0.120400 0.127900 0.117400 0.139900 0.128200 0.142700 0.181000 0.191400
WhiteLippe 0.130400 0.377700 0.201400 0.323000 0.144300 0.113600 0.101800 0.139000 0.174900 0.068000 0.122700 0.151100 0.162300 0.129700 0.117100 0.121000 0.130500 0.141600 0.124600 0.184800 0.121700 0.113700 0.016700 0.117200 0.122100 0.148400 0.154000 0.167700 0.146800 0.185000 0.059700 0.085300 0.184600 0.153800 0.138300 0.148100 0.104200 0.171200 0.155100 0.067600 0.000000 0.139600 0.059600 0.065800 0.131600 0.139100 0.137100 0.151000 0.138700 0.154200 0.202800 0.184200
ThomsonGaz 0.123200 0.316400 0.155800 0.341600 0.119500 0.107300 0.030900 0.062900 0.131100 0.119900 0.115500 0.126800 0.136100 0.055000 0.094800 0.030600 0.142500 0.153400 0.117500 0.140100 0.047200 0.090000 0.139600 0.169100 0.098000 0.007600 0.145700 0.124000 0.054100 0.149500 0.111200 0.063800 0.149300 0.128200 0.130700 0.123600 0.098400 0.144500 0.078400 0.119500 0.139600 0.000000 0.111500 0.133900 0.107300 0.079500 0.046400 0.097900 0.087400 0.129700 0.139000 0.166900
MuntiacusC 0.120900 0.355600 0.153400 0.311100 0.116900 0.104200 0.075100 0.111100 0.127700 0.008200 0.113200 0.123900 0.152700 0.102000 0.108000 0.093600 0.102700 0.094900 0.114900 0.137000 0.094100 0.104300 0.060000 0.090700 0.112700 0.120200 0.144400 0.120400 0.118900 0.156200 0.000000 0.076300 0.145800 0.144300 0.128800 0.101900 0.094900 0.143100 0.127100 0.050100 0.059600 0.111500 0.000000 0.055900 0.085500 0.111200 0.109600 0.141200 0.120200 0.126300 0.154400 0.155500
WhiteTaile 0.125100 0.351700 0.193300 0.330700 0.121200 0.108900 0.097700 0.115700 0.167800 0.065200 0.117600 0.145300 0.155900 0.106800 0.095600 0.116100 0.125200 0.135700 0.119300 0.177200 0.099100 0.109000 0.066100 0.063000 0.117100 0.142400 0.147900 0.160800 0.123100 0.177700 0.057300 0.081800 0.177100 0.147800 0.132700 0.142000 0.099900 0.146700 0.131100 0.064900 0.065800 0.133900 0.055900 0.000000 0.126100 0.133500 0.131700 0.144700 0.142500 0.130300 0.194500 0.195900
Cattle 0.116800 0.379600 0.095600 0.332700 0.113100 0.100700 0.090000 0.125000 0.088400 0.093900 0.109300 0.068900 0.129700 0.116600 0.113800 0.090100 0.116900 0.109400 0.110900 0.080100 0.108500 0.100700 0.131700 0.152400 0.108800 0.115700 0.121800 0.064300 0.097100 0.097200 0.085300 0.091400 0.150900 0.121700 0.115800 0.015600 0.091700 0.138300 0.141300 0.120400 0.131600 0.107300 0.085500 0.126100 0.000000 0.107500 0.123400 0.136600 0.152300 0.122100 0.096100 0.105300
RoyalAntel 0.088400 0.328100 0.156100 0.317000 0.102900 0.089700 0.062700 0.095800 0.149200 0.119600 0.098100 0.161900 0.118600 0.096500 0.111200 0.079500 0.124200 0.134700 0.082100 0.140300 0.079900 0.089800 0.128800 0.168600 0.097700 0.087500 0.110900 0.124200 0.103200 0.149700 0.110900 0.063600 0.167000 0.093400 0.112400 0.123800 0.081100 0.126900 0.111400 0.127900 0.139100 0.079500 0.111200 0.133500 0.107500 0.000000 0.094600 0.124200 0.121400 0.095000 0.157000 0.158100
Steenbok 0.121200 0.322300 0.189900 0.347400 0.117600 0.106300 0.030400 0.061900 0.156200 0.117800 0.114000 0.124700 0.117100 0.062300 0.093300 0.046300 0.140200 0.132200 0.115500 0.174200 0.046500 0.088500 0.137100 0.166300 0.096400 0.053200 0.126300 0.158000 0.068200 0.165500 0.109300 0.062800 0.146800 0.143300 0.128600 0.139700 0.096800 0.125300 0.077200 0.117400 0.137100 0.046400 0.109600 0.131700 0.123400 0.094600 0.000000 0.105200 0.086300 0.127600 0.164100 0.192400
Impala 0.133600 0.381600 0.214700 0.347200 0.147000 0.117000 0.089300 0.106500 0.188700 0.149800 0.126300 0.155500 0.120400 0.106000 0.087400 0.089700 0.172400 0.184200 0.128100 0.198500 0.090200 0.117600 0.140400 0.200100 0.107900 0.106200 0.112600 0.181800 0.105400 0.208900 0.140800 0.090600 0.208200 0.129700 0.106000 0.153400 0.108400 0.172900 0.122500 0.139900 0.151000 0.097900 0.141200 0.144700 0.136600 0.124200 0.105200 0.000000 0.133200 0.174800 0.196900 0.198300
Klipspring 0.131600 0.327900 0.183300 0.319000 0.145000 0.133500 0.054600 0.104200 0.176400 0.128700 0.142200 0.170800 0.127200 0.087900 0.119800 0.079600 0.151200 0.162300 0.144300 0.185900 0.088200 0.115800 0.148600 0.178100 0.123800 0.095800 0.136600 0.169400 0.111600 0.196000 0.119900 0.071900 0.176400 0.136500 0.139300 0.169100 0.124400 0.152800 0.119900 0.128200 0.138700 0.087400 0.120200 0.142500 0.152300 0.121400 0.086300 0.133200 0.000000 0.155800 0.184500 0.185800
ForestMusk 0.121100 0.330800 0.135100 0.308900 0.117500 0.122900 0.112000 0.146700 0.119900 0.134600 0.131400 0.158100 0.133900 0.121000 0.143800 0.121400 0.138700 0.131400 0.133200 0.119700 0.130500 0.122900 0.154100 0.182900 0.130800 0.138000 0.126200 0.104000 0.154100 0.103000 0.125900 0.113600 0.163100 0.109400 0.146100 0.138200 0.113900 0.107700 0.127600 0.142700 0.154200 0.129700 0.126300 0.130300 0.122100 0.095000 0.127600 0.174800 0.155800 0.000000 0.127500 0.136800
Bushbuck 0.166600 0.387900 0.060200 0.331400 0.179400 0.169100 0.138400 0.156900 0.022300 0.162800 0.159300 0.157800 0.169800 0.166000 0.170800 0.130500 0.166700 0.178000 0.180500 0.045300 0.158400 0.169200 0.202700 0.221500 0.140700 0.147300 0.161900 0.030400 0.145500 0.053300 0.153900 0.140400 0.155300 0.152800 0.192700 0.111500 0.141200 0.178700 0.190300 0.181000 0.202800 0.139000 0.154400 0.194500 0.096100 0.157000 0.164100 0.196900 0.184500 0.127500 0.000000 0.069000
GreaterKud 0.167800 0.417200 0.068600 0.369100 0.162600 0.170300 0.157200 0.157800 0.061500 0.164000 0.179200 0.141300 0.144300 0.185600 0.171800 0.158100 0.167900 0.169900 0.181800 0.038000 0.178000 0.170400 0.184200 0.223200 0.178500 0.175500 0.136500 0.038400 0.173200 0.053700 0.155000 0.159500 0.202200 0.119200 0.157200 0.120800 0.160600 0.170500 0.191600 0.191400 0.184200 0.166900 0.155500 0.195900 0.105300 0.158100 0.192400 0.198300 0.185800 0.136800 0.069000 0.000000
