1
52 1
Argali 0.000000 0.045200 0.019400 0.057300 0.006800 0.013800 0.017800 0.012200 0.019400 0.020600 0.001300 0.012400 0.005400 0.008100 0.012300 0.014900 0.017800 0.016400 0.001300 0.019400 0.012100 0.000000 0.023300 0.030500 0.002700 0.014900 0.005400 0.019400 0.012200 0.018000 0.021900 0.008100 0.022800 0.005400 0.002700 0.013800 0.005400 0.006800 0.014900 0.026300 0.023400 0.016300 0.021900 0.027600 0.012400 0.010900 0.015000 0.013700 0.008100 0.015100 0.018000 0.019300
LesserMous 0.045200 0.000000 0.053000 0.062000 0.042200 0.059800 0.049800 0.049600 0.053100 0.038100 0.046600 0.045700 0.045100 0.043800 0.049700 0.049100 0.043800 0.042300 0.046700 0.050200 0.049300 0.045100 0.039400 0.049900 0.048100 0.050800 0.045100 0.050200 0.048300 0.051600 0.039300 0.040800 0.046400 0.045200 0.042300 0.047100 0.049600 0.042100 0.050900 0.042700 0.039500 0.052500 0.038000 0.046900 0.045700 0.043800 0.050900 0.048500 0.043700 0.035500 0.051700 0.053300
LesserKudu 0.019400 0.053000 0.000000 0.059500 0.019400 0.033500 0.030800 0.025000 0.002800 0.029300 0.020800 0.009700 0.019600 0.020800 0.020800 0.027700 0.023600 0.022200 0.020800 0.002800 0.026200 0.019300 0.032100 0.039500 0.022200 0.027700 0.019700 0.002800 0.025000 0.001400 0.027800 0.020800 0.028900 0.019700 0.016600 0.009700 0.025000 0.019300 0.027700 0.035300 0.032200 0.029300 0.030700 0.036500 0.009700 0.026500 0.027800 0.025200 0.020700 0.023800 0.001400 0.002700
KillerWhal 0.057300 0.062000 0.059500 0.000000 0.054200 0.072500 0.065000 0.063200 0.061000 0.058900 0.055700 0.056400 0.057500 0.058800 0.061800 0.057000 0.055700 0.054300 0.058700 0.059600 0.061300 0.057100 0.060100 0.063100 0.057200 0.062900 0.057500 0.062500 0.060400 0.061000 0.057000 0.055700 0.058600 0.057600 0.054300 0.057900 0.060300 0.057000 0.063300 0.059200 0.060400 0.064700 0.060200 0.062200 0.056400 0.061800 0.061600 0.063800 0.055700 0.053300 0.061100 0.059400
DefassaWat 0.006800 0.042200 0.019400 0.054200 0.000000 0.020600 0.016300 0.010800 0.019400 0.017800 0.008200 0.012400 0.006800 0.006700 0.012300 0.013500 0.015000 0.013600 0.008200 0.019400 0.013500 0.006800 0.020500 0.027700 0.009600 0.013500 0.006800 0.019400 0.010800 0.018000 0.019100 0.006700 0.022800 0.006800 0.004100 0.013800 0.012300 0.002700 0.013500 0.023500 0.020600 0.014900 0.019200 0.024800 0.012400 0.012200 0.013500 0.013800 0.006700 0.015200 0.018000 0.019300
Sheep 0.013800 0.059800 0.033500 0.072500 0.020600 0.000000 0.031800 0.026000 0.033400 0.034500 0.015000 0.026300 0.019100 0.021900 0.026100 0.028700 0.031700 0.030200 0.015000 0.033500 0.025800 0.013600 0.037300 0.044800 0.016400 0.028700 0.019100 0.033400 0.026000 0.032000 0.035800 0.021800 0.037100 0.019100 0.015500 0.026900 0.019200 0.020500 0.028700 0.040600 0.037400 0.030200 0.035900 0.041800 0.026200 0.024700 0.028800 0.027600 0.021900 0.029100 0.032100 0.033400
MaxwellsDu 0.017800 0.049800 0.030800 0.065000 0.016300 0.031800 0.000000 0.022000 0.030800 0.026200 0.019100 0.023700 0.017700 0.012300 0.019200 0.024700 0.026200 0.024800 0.019200 0.030800 0.024600 0.017700 0.027500 0.034800 0.020600 0.024600 0.017700 0.030800 0.022000 0.029300 0.027500 0.012200 0.028600 0.017800 0.015000 0.025000 0.023300 0.016300 0.024700 0.030600 0.027600 0.026100 0.027600 0.031900 0.023700 0.020600 0.024600 0.019300 0.017700 0.023600 0.029400 0.030700
GazellaPrz 0.012200 0.049600 0.025000 0.063200 0.010800 0.026000 0.022000 0.000000 0.025000 0.026200 0.013600 0.018000 0.012200 0.012200 0.017800 0.008100 0.023400 0.022000 0.013600 0.025000 0.008100 0.012200 0.028900 0.033400 0.015000 0.008100 0.012200 0.025000 0.005400 0.023600 0.027500 0.012200 0.027000 0.012200 0.009500 0.019300 0.017700 0.010800 0.008100 0.032100 0.029000 0.009500 0.027600 0.033300 0.018000 0.015000 0.010800 0.019300 0.009500 0.017900 0.023600 0.025000
MountainNy 0.019400 0.053100 0.002800 0.061000 0.019400 0.033400 0.030800 0.025000 0.000000 0.029300 0.020700 0.009700 0.019600 0.020800 0.020800 0.027700 0.023600 0.022200 0.020700 0.002800 0.026200 0.019300 0.032000 0.039400 0.022200 0.027700 0.019600 0.002800 0.025000 0.001400 0.027700 0.020700 0.028900 0.019700 0.016600 0.009700 0.025000 0.019300 0.027700 0.035200 0.032200 0.029200 0.030700 0.036500 0.009700 0.026400 0.027800 0.025100 0.020700 0.023800 0.001400 0.002700
MuntiacusM 0.020600 0.038100 0.029300 0.058900 0.017800 0.034500 0.026200 0.026200 0.029300 0.000000 0.021900 0.022200 0.020500 0.019200 0.024800 0.028900 0.019200 0.017800 0.021900 0.026500 0.027400 0.020500 0.005400 0.020700 0.023300 0.028800 0.020500 0.029300 0.026300 0.027900 0.001300 0.016400 0.027100 0.020500 0.017800 0.023600 0.026100 0.020500 0.026100 0.016500 0.005400 0.030400 0.001400 0.017800 0.022200 0.022000 0.026200 0.023500 0.019100 0.011000 0.027900 0.029600
goat 0.001300 0.046600 0.020800 0.055700 0.008200 0.015000 0.019100 0.013600 0.020700 0.021900 0.000000 0.013800 0.006700 0.009500 0.013600 0.016200 0.019100 0.017700 0.002700 0.020800 0.013500 0.001300 0.024600 0.031800 0.001300 0.016200 0.006700 0.020700 0.013600 0.019300 0.023200 0.009500 0.024200 0.006800 0.004000 0.015100 0.004000 0.008100 0.016300 0.027700 0.024700 0.017700 0.023300 0.028900 0.013800 0.012200 0.016300 0.015100 0.009500 0.016500 0.019400 0.020700
AfricanBuf 0.012400 0.045700 0.009700 0.056400 0.012400 0.026300 0.023700 0.018000 0.009700 0.022200 0.013800 0.000000 0.012600 0.013800 0.016600 0.020700 0.016800 0.015200 0.013800 0.009700 0.019200 0.012400 0.025000 0.032300 0.015200 0.020700 0.012600 0.009700 0.018000 0.008300 0.020700 0.013800 0.021700 0.012600 0.009600 0.004100 0.018000 0.012400 0.020700 0.028000 0.025100 0.022200 0.023600 0.029400 0.002800 0.019400 0.020700 0.015300 0.013800 0.016700 0.008300 0.009700
Topi 0.005400 0.045100 0.019600 0.057500 0.006800 0.019100 0.017700 0.012200 0.019600 0.020500 0.006700 0.012600 0.000000 0.008100 0.012200 0.014800 0.018000 0.016600 0.006700 0.019600 0.012100 0.005400 0.023200 0.030300 0.008100 0.014800 0.000000 0.019600 0.012200 0.018200 0.022100 0.008100 0.023100 0.000000 0.002700 0.014000 0.010800 0.006800 0.012100 0.026200 0.023300 0.016300 0.021900 0.027500 0.012600 0.013600 0.014900 0.013700 0.008100 0.015100 0.018200 0.019600
CommonDuik 0.008100 0.043800 0.020800 0.058800 0.006700 0.021900 0.012300 0.012200 0.020800 0.019200 0.009500 0.013800 0.008100 0.000000 0.013600 0.014900 0.016400 0.015000 0.009500 0.020800 0.014900 0.008100 0.021900 0.029100 0.010900 0.014900 0.008100 0.020800 0.012300 0.019400 0.020500 0.002700 0.021400 0.008100 0.005400 0.015200 0.013600 0.006700 0.015000 0.024900 0.022000 0.016300 0.020500 0.026200 0.013800 0.013600 0.014900 0.012300 0.008100 0.013800 0.019400 0.020700
Suni 0.012300 0.049700 0.020800 0.061800 0.012300 0.026100 0.019200 0.017800 0.020800 0.024800 0.013600 0.016600 0.012200 0.013600 0.000000 0.020400 0.021900 0.020500 0.013600 0.020800 0.019000 0.012200 0.027500 0.034700 0.015000 0.017700 0.012200 0.020800 0.017800 0.019400 0.026000 0.013600 0.027200 0.012300 0.009500 0.017900 0.017800 0.012300 0.020500 0.030600 0.027600 0.019200 0.026100 0.031800 0.016600 0.019200 0.020500 0.016500 0.013600 0.019300 0.019400 0.020800
Springbuck 0.014900 0.049100 0.027700 0.057000 0.013500 0.028700 0.024700 0.008100 0.027700 0.028900 0.016200 0.020700 0.014800 0.014900 0.020400 0.000000 0.026100 0.024700 0.016300 0.027700 0.008000 0.014900 0.031600 0.038900 0.017600 0.005300 0.014900 0.027700 0.002700 0.026300 0.030100 0.014900 0.029800 0.014900 0.012200 0.019200 0.020400 0.013400 0.010700 0.033300 0.031700 0.006700 0.030200 0.036000 0.020700 0.017700 0.013500 0.021900 0.012100 0.023400 0.026300 0.027600
Okapi 0.017800 0.043800 0.023600 0.055700 0.015000 0.031700 0.026200 0.023400 0.023600 0.019200 0.019100 0.016800 0.018000 0.016400 0.021900 0.026100 0.000000 0.004100 0.019100 0.020800 0.024500 0.017700 0.022200 0.029000 0.020500 0.026000 0.018000 0.023600 0.023500 0.022300 0.017700 0.013600 0.018600 0.018100 0.015000 0.017900 0.023300 0.015000 0.020500 0.024900 0.022300 0.027500 0.020500 0.026200 0.016600 0.022100 0.020600 0.020600 0.016300 0.013800 0.022200 0.023500
Giraffe 0.016400 0.042300 0.022200 0.054300 0.013600 0.030200 0.024800 0.022000 0.022200 0.017800 0.017700 0.015200 0.016600 0.015000 0.020500 0.024700 0.004100 0.000000 0.017700 0.019400 0.023100 0.016300 0.020500 0.027600 0.019100 0.024600 0.016600 0.022200 0.022100 0.020800 0.016300 0.012200 0.017100 0.016600 0.013600 0.016500 0.021900 0.013600 0.019100 0.023500 0.020600 0.026100 0.019200 0.024800 0.015200 0.020700 0.019100 0.019200 0.015000 0.012400 0.020800 0.022100
TibetanAnt 0.001300 0.046700 0.020800 0.058700 0.008200 0.015000 0.019200 0.013600 0.020700 0.021900 0.002700 0.013800 0.006700 0.009500 0.013600 0.016300 0.019100 0.017700 0.000000 0.020800 0.013500 0.001300 0.024600 0.031800 0.004100 0.016200 0.006700 0.020800 0.013600 0.019300 0.023200 0.009500 0.024200 0.006800 0.004000 0.015100 0.004000 0.008100 0.016300 0.027700 0.024700 0.017700 0.023300 0.029000 0.013800 0.012200 0.016300 0.015100 0.009500 0.016500 0.019400 0.020700
Sitatunga 0.019400 0.050200 0.002800 0.059600 0.019400 0.033500 0.030800 0.025000 0.002800 0.026500 0.020800 0.009700 0.019600 0.020800 0.020800 0.027700 0.020800 0.019400 0.020800 0.000000 0.026200 0.019300 0.029200 0.036600 0.022200 0.027700 0.019600 0.002800 0.025000 0.001400 0.024900 0.020800 0.028900 0.019700 0.016600 0.009700 0.025000 0.019300 0.027800 0.032300 0.029300 0.029300 0.027900 0.033600 0.009700 0.026500 0.027800 0.025200 0.020700 0.021000 0.001400 0.002700
Oribi 0.012100 0.049300 0.026200 0.061300 0.013500 0.025800 0.024600 0.008100 0.026200 0.027400 0.013500 0.019200 0.012100 0.014900 0.019000 0.008000 0.024500 0.023100 0.013500 0.026200 0.000000 0.012100 0.030000 0.037300 0.014900 0.008000 0.012100 0.026200 0.005400 0.024800 0.028600 0.014800 0.028300 0.012100 0.009400 0.020600 0.017600 0.013500 0.010700 0.033200 0.030200 0.009400 0.028700 0.034400 0.019200 0.017600 0.013500 0.020500 0.012100 0.022000 0.024900 0.026200
BarbaryShe 0.000000 0.045100 0.019300 0.057100 0.006800 0.013600 0.017700 0.012200 0.019300 0.020500 0.001300 0.012400 0.005400 0.008100 0.012200 0.014900 0.017700 0.016300 0.001300 0.019300 0.012100 0.000000 0.023200 0.030400 0.002700 0.014800 0.005400 0.019300 0.012200 0.017900 0.021800 0.008100 0.022700 0.005400 0.002700 0.013700 0.005400 0.006800 0.014900 0.026200 0.023300 0.016300 0.021900 0.027500 0.012400 0.010800 0.014900 0.013700 0.008100 0.015100 0.017900 0.019300
Daviddeer 0.023300 0.039400 0.032100 0.060100 0.020500 0.037300 0.027500 0.028900 0.032000 0.005400 0.024600 0.025000 0.023200 0.021900 0.027500 0.031600 0.022200 0.020500 0.024600 0.029200 0.030000 0.023200 0.000000 0.020600 0.026000 0.031500 0.023200 0.032000 0.029000 0.030600 0.006700 0.019100 0.028500 0.023200 0.020500 0.026300 0.028800 0.023200 0.028800 0.016500 0.002700 0.033100 0.006800 0.017800 0.024900 0.024700 0.028900 0.026200 0.021800 0.013700 0.030700 0.032400
Reindeer 0.030500 0.049900 0.039500 0.063100 0.027700 0.044800 0.034800 0.033400 0.039400 0.020700 0.031800 0.032300 0.030300 0.029100 0.034700 0.038900 0.029000 0.027600 0.031800 0.036600 0.037300 0.030400 0.020600 0.000000 0.033400 0.038900 0.030400 0.039500 0.036400 0.038000 0.021900 0.026200 0.032800 0.030400 0.027800 0.033800 0.033300 0.030400 0.036500 0.012400 0.020700 0.040500 0.022000 0.005400 0.032400 0.031900 0.036200 0.033500 0.029000 0.023600 0.038100 0.039400
Ibex 0.002700 0.048100 0.022200 0.057200 0.009600 0.016400 0.020600 0.015000 0.022200 0.023300 0.001300 0.015200 0.008100 0.010900 0.015000 0.017600 0.020500 0.019100 0.004100 0.022200 0.014900 0.002700 0.026000 0.033400 0.000000 0.017600 0.008100 0.022200 0.015000 0.020800 0.024600 0.010900 0.025100 0.008100 0.005400 0.016500 0.005400 0.009500 0.017700 0.029200 0.026100 0.019100 0.024700 0.030500 0.015200 0.013600 0.017700 0.013700 0.010800 0.017900 0.020800 0.022100
GyrantGaze 0.014900 0.050800 0.027700 0.062900 0.013500 0.028700 0.024600 0.008100 0.027700 0.028800 0.016200 0.020700 0.014800 0.014900 0.017700 0.005300 0.026000 0.024600 0.016200 0.027700 0.008000 0.014800 0.031500 0.038900 0.017600 0.000000 0.014800 0.027700 0.002700 0.026200 0.030100 0.014900 0.026900 0.014900 0.012200 0.019200 0.020400 0.013400 0.010700 0.034700 0.031700 0.001300 0.030200 0.036000 0.020600 0.017600 0.013400 0.021900 0.012100 0.023400 0.026300 0.027600
Hartebeest 0.005400 0.045100 0.019700 0.057500 0.006800 0.019100 0.017700 0.012200 0.019600 0.020500 0.006700 0.012600 0.000000 0.008100 0.012200 0.014900 0.018000 0.016600 0.006700 0.019600 0.012100 0.005400 0.023200 0.030400 0.008100 0.014800 0.000000 0.019600 0.012200 0.018200 0.022100 0.008100 0.023100 0.000000 0.002700 0.014000 0.010800 0.006800 0.012200 0.026200 0.023300 0.016300 0.021900 0.027500 0.012600 0.013600 0.014900 0.013700 0.008100 0.015100 0.018200 0.019600
Bongo 0.019400 0.050200 0.002800 0.062500 0.019400 0.033400 0.030800 0.025000 0.002800 0.029300 0.020700 0.009700 0.019600 0.020800 0.020800 0.027700 0.023600 0.022200 0.020800 0.002800 0.026200 0.019300 0.032000 0.039500 0.022200 0.027700 0.019600 0.000000 0.025000 0.001400 0.027700 0.020800 0.028900 0.019700 0.016600 0.009700 0.025000 0.019300 0.027700 0.035200 0.032200 0.029200 0.030700 0.036500 0.009700 0.026400 0.027800 0.025100 0.020700 0.023800 0.001400 0.002700
Gerenuk 0.012200 0.048300 0.025000 0.060400 0.010800 0.026000 0.022000 0.005400 0.025000 0.026300 0.013600 0.018000 0.012200 0.012300 0.017800 0.002700 0.023500 0.022100 0.013600 0.025000 0.005400 0.012200 0.029000 0.036400 0.015000 0.002700 0.012200 0.025000 0.000000 0.023600 0.027600 0.012300 0.027100 0.012200 0.009500 0.016500 0.017700 0.010800 0.008100 0.032200 0.029100 0.004000 0.027700 0.033500 0.018000 0.015100 0.010900 0.019200 0.009500 0.020800 0.023600 0.025000
CommonElan 0.018000 0.051600 0.001400 0.061000 0.018000 0.032000 0.029300 0.023600 0.001400 0.027900 0.019300 0.008300 0.018200 0.019400 0.019400 0.026300 0.022300 0.020800 0.019300 0.001400 0.024800 0.017900 0.030600 0.038000 0.020800 0.026200 0.018200 0.001400 0.023600 0.000000 0.026300 0.019300 0.027400 0.018200 0.015200 0.008300 0.023600 0.017900 0.026300 0.033800 0.030700 0.027800 0.029200 0.035000 0.008300 0.025000 0.026300 0.023700 0.019300 0.022400 0.000000 0.001400
MuntiacusR 0.021900 0.039300 0.027800 0.057000 0.019100 0.035800 0.027500 0.027500 0.027700 0.001300 0.023200 0.020700 0.022100 0.020500 0.026000 0.030100 0.017700 0.016300 0.023200 0.024900 0.028600 0.021800 0.006700 0.021900 0.024600 0.030100 0.022100 0.027700 0.027600 0.026300 0.000000 0.017700 0.025600 0.022200 0.019100 0.022100 0.027400 0.021800 0.027400 0.017800 0.006800 0.031700 0.002700 0.019100 0.020700 0.023300 0.027500 0.024800 0.020400 0.012300 0.026400 0.028000
HarveysDui 0.008100 0.040800 0.020800 0.055700 0.006700 0.021800 0.012200 0.012200 0.020700 0.016400 0.009500 0.013800 0.008100 0.002700 0.013600 0.014900 0.013600 0.012200 0.009500 0.020800 0.014800 0.008100 0.019100 0.026200 0.010900 0.014900 0.008100 0.020800 0.012300 0.019300 0.017700 0.000000 0.018500 0.008100 0.005400 0.015100 0.013600 0.006700 0.012200 0.022100 0.019200 0.016300 0.017700 0.023300 0.013800 0.010900 0.012200 0.012300 0.005400 0.011000 0.019400 0.020700
Pronghorn 0.022800 0.046400 0.028900 0.058600 0.022800 0.037100 0.028600 0.027000 0.028900 0.027100 0.024200 0.021700 0.023100 0.021400 0.027200 0.029800 0.018600 0.017100 0.024200 0.028900 0.028300 0.022700 0.028500 0.032800 0.025100 0.026900 0.023100 0.028900 0.027100 0.027400 0.025600 0.018500 0.000000 0.022800 0.019900 0.023100 0.028600 0.019800 0.024000 0.029600 0.028600 0.025600 0.028500 0.029900 0.021700 0.024400 0.024200 0.025700 0.021300 0.021600 0.027400 0.028800
BlueWildeb 0.005400 0.045200 0.019700 0.057600 0.006800 0.019100 0.017800 0.012200 0.019700 0.020500 0.006800 0.012600 0.000000 0.008100 0.012300 0.014900 0.018100 0.016600 0.006800 0.019700 0.012100 0.005400 0.023200 0.030400 0.008100 0.014900 0.000000 0.019700 0.012200 0.018200 0.022200 0.008100 0.022800 0.000000 0.002700 0.014000 0.010800 0.006800 0.012200 0.026300 0.023300 0.016300 0.021900 0.027600 0.012600 0.013600 0.014900 0.013700 0.008100 0.015100 0.018300 0.019600
Gemsbok 0.002700 0.042300 0.016600 0.054300 0.004100 0.015500 0.015000 0.009500 0.016600 0.017800 0.004000 0.009600 0.002700 0.005400 0.009500 0.012200 0.015000 0.013600 0.004000 0.016600 0.009400 0.002700 0.020500 0.027800 0.005400 0.012200 0.002700 0.016600 0.009500 0.015200 0.019100 0.005400 0.019900 0.002700 0.000000 0.011000 0.008100 0.004100 0.012200 0.023600 0.020600 0.013600 0.019200 0.024900 0.009600 0.010900 0.012200 0.010900 0.005400 0.012400 0.015200 0.016500
Yak 0.013800 0.047100 0.009700 0.057900 0.013800 0.026900 0.025000 0.019300 0.009700 0.023600 0.015100 0.004100 0.014000 0.015200 0.017900 0.019200 0.017900 0.016500 0.015100 0.009700 0.020600 0.013700 0.026300 0.033800 0.016500 0.019200 0.014000 0.009700 0.016500 0.008300 0.022100 0.015100 0.023100 0.014000 0.011000 0.000000 0.019300 0.013700 0.022100 0.029400 0.026400 0.020700 0.025000 0.030700 0.004100 0.020700 0.022100 0.019400 0.015100 0.018100 0.008300 0.009700
BlueSheep 0.005400 0.049600 0.025000 0.060300 0.012300 0.019200 0.023300 0.017700 0.025000 0.026100 0.004000 0.018000 0.010800 0.013600 0.017800 0.020400 0.023300 0.021900 0.004000 0.025000 0.017600 0.005400 0.028800 0.033300 0.005400 0.020400 0.010800 0.025000 0.017700 0.023600 0.027400 0.013600 0.028600 0.010800 0.008100 0.019300 0.000000 0.012200 0.020400 0.029100 0.028900 0.021900 0.027500 0.030400 0.017900 0.015000 0.020500 0.019200 0.013600 0.020700 0.023600 0.024900
BohorReedb 0.006800 0.042100 0.019300 0.057000 0.002700 0.020500 0.016300 0.010800 0.019300 0.020500 0.008100 0.012400 0.006800 0.006700 0.012300 0.013400 0.015000 0.013600 0.008100 0.019300 0.013500 0.006800 0.023200 0.030400 0.009500 0.013400 0.006800 0.019300 0.010800 0.017900 0.021800 0.006700 0.019800 0.006800 0.004100 0.013700 0.012200 0.000000 0.013500 0.026200 0.023300 0.014800 0.021900 0.027500 0.012400 0.009400 0.013400 0.013700 0.006700 0.015100 0.017900 0.019300
KirksDik 0.014900 0.050900 0.027700 0.063300 0.013500 0.028700 0.024700 0.008100 0.027700 0.026100 0.016300 0.020700 0.012100 0.015000 0.020500 0.010700 0.020500 0.019100 0.016300 0.027800 0.010700 0.014900 0.028800 0.036500 0.017700 0.010700 0.012200 0.027700 0.008100 0.026300 0.027400 0.012200 0.024000 0.012200 0.012200 0.022100 0.020400 0.013500 0.000000 0.031900 0.028900 0.012100 0.027500 0.033200 0.020700 0.015200 0.008000 0.022000 0.009400 0.020700 0.026400 0.027700
RoeDeer 0.026300 0.042700 0.035300 0.059200 0.023500 0.040600 0.030600 0.032100 0.035200 0.016500 0.027700 0.028000 0.026200 0.024900 0.030600 0.033300 0.024900 0.023500 0.027700 0.032300 0.033200 0.026200 0.016500 0.012400 0.029200 0.034700 0.026200 0.035200 0.032200 0.033800 0.017800 0.022100 0.029600 0.026300 0.023600 0.029400 0.029100 0.026200 0.031900 0.000000 0.016500 0.036300 0.017900 0.009600 0.028000 0.027700 0.032000 0.029400 0.024800 0.022300 0.033800 0.035100
WhiteLippe 0.023400 0.039500 0.032200 0.060400 0.020600 0.037400 0.027600 0.029000 0.032200 0.005400 0.024700 0.025100 0.023300 0.022000 0.027600 0.031700 0.022300 0.020600 0.024700 0.029300 0.030200 0.023300 0.002700 0.020700 0.026100 0.031700 0.023300 0.032200 0.029100 0.030700 0.006800 0.019200 0.028600 0.023300 0.020600 0.026400 0.028900 0.023300 0.028900 0.016500 0.000000 0.033200 0.006800 0.017800 0.025000 0.022000 0.029000 0.026400 0.021900 0.013800 0.030800 0.032500
ThomsonGaz 0.016300 0.052500 0.029300 0.064700 0.014900 0.030200 0.026100 0.009500 0.029200 0.030400 0.017700 0.022200 0.016300 0.016300 0.019200 0.006700 0.027500 0.026100 0.017700 0.029300 0.009400 0.016300 0.033100 0.040500 0.019100 0.001300 0.016300 0.029200 0.004000 0.027800 0.031700 0.016300 0.025600 0.016300 0.013600 0.020700 0.021900 0.014800 0.012100 0.036300 0.033200 0.000000 0.031800 0.037600 0.022200 0.019100 0.014900 0.023400 0.013600 0.024900 0.027900 0.029200
MuntiacusC 0.021900 0.038000 0.030700 0.060200 0.019200 0.035900 0.027600 0.027600 0.030700 0.001400 0.023300 0.023600 0.021900 0.020500 0.026100 0.030200 0.020500 0.019200 0.023300 0.027900 0.028700 0.021900 0.006800 0.022000 0.024700 0.030200 0.021900 0.030700 0.027700 0.029200 0.002700 0.017700 0.028500 0.021900 0.019200 0.025000 0.027500 0.021900 0.027500 0.017900 0.006800 0.031800 0.000000 0.019200 0.023600 0.023400 0.027600 0.024900 0.020500 0.012400 0.029300 0.031000
WhiteTaile 0.027600 0.046900 0.036500 0.062200 0.024800 0.041800 0.031900 0.033300 0.036500 0.017800 0.028900 0.029400 0.027500 0.026200 0.031800 0.036000 0.026200 0.024800 0.029000 0.033600 0.034400 0.027500 0.017800 0.005400 0.030500 0.036000 0.027500 0.036500 0.033500 0.035000 0.019100 0.023300 0.029900 0.027600 0.024900 0.030700 0.030400 0.027500 0.033200 0.009600 0.017800 0.037600 0.019200 0.000000 0.029300 0.029000 0.033300 0.030600 0.026100 0.023600 0.035100 0.036400
Cattle 0.012400 0.045700 0.009700 0.056400 0.012400 0.026200 0.023700 0.018000 0.009700 0.022200 0.013800 0.002800 0.012600 0.013800 0.016600 0.020700 0.016600 0.015200 0.013800 0.009700 0.019200 0.012400 0.024900 0.032400 0.015200 0.020600 0.012600 0.009700 0.018000 0.008300 0.020700 0.013800 0.021700 0.012600 0.009600 0.004100 0.017900 0.012400 0.020700 0.028000 0.025000 0.022200 0.023600 0.029300 0.000000 0.019400 0.020700 0.018100 0.013700 0.016700 0.008300 0.009700
RoyalAntel 0.010900 0.043800 0.026500 0.061800 0.012200 0.024700 0.020600 0.015000 0.026400 0.022000 0.012200 0.019400 0.013600 0.013600 0.019200 0.017700 0.022100 0.020700 0.012200 0.026500 0.017600 0.010800 0.024700 0.031900 0.013600 0.017600 0.013600 0.026400 0.015100 0.025000 0.023300 0.010900 0.024400 0.013600 0.010900 0.020700 0.015000 0.009400 0.015200 0.027700 0.022000 0.019100 0.023400 0.029000 0.019400 0.000000 0.015000 0.020700 0.008100 0.019300 0.025100 0.026400
Steenbok 0.015000 0.050900 0.027800 0.061600 0.013500 0.028800 0.024600 0.010800 0.027800 0.026200 0.016300 0.020700 0.014900 0.014900 0.020500 0.013500 0.020600 0.019100 0.016300 0.027800 0.013500 0.014900 0.028900 0.036200 0.017700 0.013400 0.014900 0.027800 0.010900 0.026300 0.027500 0.012200 0.024200 0.014900 0.012200 0.022100 0.020500 0.013400 0.008000 0.032000 0.029000 0.014900 0.027600 0.033300 0.020700 0.015000 0.000000 0.022100 0.009400 0.020700 0.026400 0.027700
Impala 0.013700 0.048500 0.025200 0.063800 0.013800 0.027600 0.019300 0.019300 0.025100 0.023500 0.015100 0.015300 0.013700 0.012300 0.016500 0.021900 0.020600 0.019200 0.015100 0.025200 0.020500 0.013700 0.026200 0.033500 0.013700 0.021900 0.013700 0.025100 0.019200 0.023700 0.024800 0.012300 0.025700 0.013700 0.010900 0.019400 0.019200 0.013700 0.022000 0.029400 0.026400 0.023400 0.024900 0.030600 0.018100 0.020700 0.022100 0.000000 0.015000 0.018000 0.023800 0.025100
Klipspring 0.008100 0.043700 0.020700 0.055700 0.006700 0.021900 0.017700 0.009500 0.020700 0.019100 0.009500 0.013800 0.008100 0.008100 0.013600 0.012100 0.016300 0.015000 0.009500 0.020700 0.012100 0.008100 0.021800 0.029000 0.010800 0.012100 0.008100 0.020700 0.009500 0.019300 0.020400 0.005400 0.021300 0.008100 0.005400 0.015100 0.013600 0.006700 0.009400 0.024800 0.021900 0.013600 0.020500 0.026100 0.013700 0.008100 0.009400 0.015000 0.000000 0.013700 0.019400 0.020700
ForestMusk 0.015100 0.035500 0.023800 0.053300 0.015200 0.029100 0.023600 0.017900 0.023800 0.011000 0.016500 0.016700 0.015100 0.013800 0.019300 0.023400 0.013800 0.012400 0.016500 0.021000 0.022000 0.015100 0.013700 0.023600 0.017900 0.023400 0.015100 0.023800 0.020800 0.022400 0.012300 0.011000 0.021600 0.015100 0.012400 0.018100 0.020700 0.015100 0.020700 0.022300 0.013800 0.024900 0.012400 0.023600 0.016700 0.019300 0.020700 0.018000 0.013700 0.000000 0.022400 0.024100
Bushbuck 0.018000 0.051700 0.001400 0.061100 0.018000 0.032100 0.029400 0.023600 0.001400 0.027900 0.019400 0.008300 0.018200 0.019400 0.019400 0.026300 0.022200 0.020800 0.019400 0.001400 0.024900 0.017900 0.030700 0.038100 0.020800 0.026300 0.018200 0.001400 0.023600 0.000000 0.026400 0.019400 0.027400 0.018300 0.015200 0.008300 0.023600 0.017900 0.026400 0.033800 0.030800 0.027900 0.029300 0.035100 0.008300 0.025100 0.026400 0.023800 0.019400 0.022400 0.000000 0.001400
GreaterKud 0.019300 0.053300 0.002700 0.059400 0.019300 0.033400 0.030700 0.025000 0.002700 0.029600 0.020700 0.009700 0.019600 0.020700 0.020800 0.027600 0.023500 0.022100 0.020700 0.002700 0.026200 0.019300 0.032400 0.039400 0.022100 0.027600 0.019600 0.002700 0.025000 0.001400 0.028000 0.020700 0.028800 0.019600 0.016500 0.009700 0.024900 0.019300 0.027700 0.035100 0.032500 0.029200 0.031000 0.036400 0.009700 0.026400 0.027700 0.025100 0.020700 0.024100 0.001400 0.000000
