1
52 1
Argali 0.000000 0.207700 0.068200 0.170100 0.059400 0.004100 0.050500 0.055300 0.046300 0.099900 0.016500 0.046400 0.046300 0.059400 0.043800 0.064100 0.090900 0.077200 0.020300 0.059400 0.050900 0.008200 0.081800 0.095400 0.016500 0.068400 0.043900 0.050800 0.064000 0.050600 0.086500 0.068300 0.100000 0.050400 0.033400 0.041900 0.016200 0.050700 0.059600 0.090800 0.100100 0.081700 0.090800 0.086900 0.050500 0.068900 0.046700 0.055100 0.073200 0.063900 0.050800 0.050700
LesserMous 0.207700 0.000000 0.229700 0.260000 0.209100 0.213200 0.208600 0.209600 0.203600 0.215100 0.213900 0.203400 0.214200 0.218600 0.193000 0.204000 0.208800 0.193000 0.213600 0.209300 0.204900 0.202900 0.215900 0.221200 0.214300 0.204300 0.214200 0.209600 0.203900 0.208700 0.211100 0.231400 0.230000 0.198200 0.202700 0.203600 0.213600 0.209600 0.214600 0.215300 0.226600 0.219900 0.204900 0.205700 0.208900 0.232000 0.214900 0.214500 0.249200 0.199400 0.209600 0.208800
LesserKudu 0.068200 0.229700 0.000000 0.174900 0.059400 0.072600 0.050500 0.055200 0.020100 0.099900 0.068300 0.037700 0.063700 0.054800 0.046300 0.064200 0.086400 0.072800 0.059500 0.033200 0.046600 0.059300 0.090900 0.095500 0.068300 0.068500 0.063800 0.024500 0.064100 0.024500 0.086600 0.059400 0.104800 0.068200 0.050600 0.033400 0.068100 0.050700 0.068500 0.090900 0.100100 0.081800 0.090900 0.077700 0.033400 0.082500 0.064200 0.063800 0.082000 0.055200 0.024400 0.024800
KillerWhal 0.170100 0.260000 0.174900 0.000000 0.165300 0.175200 0.164800 0.165700 0.160000 0.212400 0.160000 0.149900 0.170100 0.169400 0.160100 0.171200 0.175400 0.165200 0.165400 0.175300 0.161100 0.159800 0.191700 0.207500 0.165300 0.181100 0.160000 0.160300 0.176200 0.164900 0.197600 0.186000 0.201000 0.175400 0.155100 0.160000 0.169900 0.155600 0.181100 0.202000 0.212800 0.196500 0.202100 0.198000 0.165000 0.182200 0.166100 0.150200 0.180500 0.171100 0.160300 0.165100
DefassaWat 0.059400 0.209100 0.059400 0.165300 0.000000 0.063800 0.032200 0.046600 0.037800 0.099900 0.059500 0.037800 0.055000 0.055100 0.045200 0.055300 0.077400 0.072800 0.050700 0.050700 0.042000 0.050600 0.090900 0.086400 0.059500 0.050900 0.055000 0.042200 0.055300 0.042000 0.086600 0.059500 0.091000 0.050700 0.040000 0.042000 0.059300 0.016200 0.059600 0.090900 0.100100 0.064000 0.090900 0.087000 0.041900 0.072400 0.055500 0.055100 0.073200 0.055200 0.042200 0.042100
Sheep 0.004100 0.213200 0.072600 0.175200 0.063800 0.000000 0.054900 0.059700 0.050700 0.104500 0.020700 0.050700 0.050600 0.063800 0.050600 0.069200 0.095500 0.081700 0.024900 0.063800 0.055300 0.012100 0.086300 0.100000 0.020700 0.072900 0.050700 0.055200 0.068500 0.055000 0.091100 0.072900 0.104800 0.055000 0.037500 0.046200 0.020200 0.055100 0.064000 0.095400 0.104700 0.086300 0.095400 0.091600 0.054900 0.073400 0.051100 0.059500 0.077700 0.068400 0.055200 0.055100
MaxwellsDu 0.050500 0.208600 0.050500 0.164800 0.032200 0.054900 0.000000 0.029300 0.029200 0.090600 0.050600 0.029200 0.041800 0.020700 0.037600 0.037800 0.077200 0.063800 0.039800 0.042000 0.024500 0.039900 0.081700 0.086100 0.050600 0.042100 0.041900 0.033500 0.037800 0.033400 0.077300 0.024900 0.094600 0.046200 0.033400 0.033300 0.050200 0.032600 0.042100 0.081600 0.090700 0.055000 0.081600 0.077700 0.033300 0.055400 0.038000 0.046300 0.046600 0.037800 0.033500 0.033400
GazellaPrz 0.055300 0.209600 0.055200 0.165700 0.046600 0.059700 0.029300 0.000000 0.033600 0.091200 0.055400 0.033600 0.050900 0.042200 0.042200 0.025100 0.077800 0.064200 0.046700 0.046500 0.012500 0.046500 0.082300 0.086800 0.055400 0.029300 0.050900 0.038000 0.025100 0.037800 0.077900 0.046700 0.096000 0.055300 0.037900 0.037900 0.055300 0.038000 0.029300 0.082200 0.091400 0.042100 0.082200 0.078100 0.037900 0.051200 0.025100 0.050900 0.060100 0.042400 0.038000 0.037900
MountainNy 0.046300 0.203600 0.020100 0.160000 0.037800 0.050700 0.029200 0.033600 0.000000 0.077400 0.046400 0.016600 0.042000 0.041900 0.033500 0.042300 0.064100 0.050800 0.037800 0.012300 0.025100 0.037700 0.068500 0.073000 0.046400 0.046600 0.042000 0.004000 0.042300 0.004000 0.064200 0.037800 0.082000 0.046400 0.029200 0.020800 0.046300 0.029300 0.046600 0.077400 0.077500 0.059600 0.068500 0.064400 0.020800 0.060100 0.042300 0.042100 0.059800 0.033600 0.004000 0.004000
MuntiacusM 0.099900 0.215100 0.099900 0.212400 0.099900 0.104500 0.090600 0.091200 0.077400 0.000000 0.095300 0.077400 0.095200 0.095300 0.095200 0.091200 0.090900 0.086300 0.100000 0.081900 0.086600 0.090600 0.033400 0.029100 0.095400 0.095600 0.095300 0.082000 0.091200 0.081800 0.020800 0.100000 0.128200 0.099900 0.090700 0.072700 0.099800 0.091000 0.095500 0.033300 0.042000 0.109400 0.008200 0.020900 0.072600 0.114800 0.100700 0.095600 0.124200 0.077500 0.082000 0.072800
goat 0.016500 0.213900 0.068300 0.160000 0.059500 0.020700 0.050600 0.055400 0.046400 0.095300 0.000000 0.037800 0.046000 0.059500 0.046300 0.064200 0.091000 0.077300 0.029300 0.059500 0.051000 0.008100 0.081900 0.095500 0.008200 0.068500 0.037700 0.050900 0.064100 0.050700 0.086600 0.068400 0.091000 0.050700 0.033500 0.042000 0.016500 0.050800 0.064100 0.090900 0.100200 0.081900 0.090900 0.087100 0.050600 0.069000 0.046800 0.046500 0.073300 0.064000 0.050900 0.050800
AfricanBuf 0.046400 0.203400 0.037700 0.149900 0.037800 0.050700 0.029200 0.033600 0.016600 0.077400 0.037800 0.000000 0.042000 0.042000 0.033500 0.042300 0.064100 0.050800 0.037800 0.029200 0.029400 0.037700 0.068500 0.073000 0.046500 0.046600 0.033500 0.020800 0.042300 0.020700 0.064200 0.046500 0.073000 0.046400 0.029200 0.020800 0.046300 0.029300 0.046600 0.077400 0.077500 0.059600 0.068500 0.064400 0.020800 0.060100 0.042300 0.033500 0.059800 0.033600 0.020800 0.020800
Topi 0.046300 0.214200 0.063700 0.170100 0.055000 0.050600 0.041800 0.050900 0.042000 0.095200 0.046000 0.042000 0.000000 0.055000 0.041900 0.050900 0.090800 0.077200 0.037700 0.037800 0.046500 0.037600 0.077300 0.090800 0.046400 0.055200 0.008100 0.046400 0.050800 0.046300 0.082000 0.059400 0.100000 0.012100 0.029200 0.046200 0.046200 0.046400 0.064000 0.086200 0.095400 0.068300 0.086200 0.082400 0.046200 0.068800 0.051000 0.050700 0.064200 0.059500 0.046400 0.046300
CommonDuik 0.059400 0.218600 0.054800 0.169400 0.055100 0.063800 0.020700 0.042200 0.041900 0.095300 0.059500 0.042000 0.055000 0.000000 0.042000 0.051000 0.077200 0.072700 0.055200 0.054800 0.038000 0.050600 0.095600 0.100200 0.059500 0.055300 0.055000 0.046300 0.051000 0.046100 0.091200 0.020800 0.104600 0.059400 0.046400 0.033400 0.059400 0.046500 0.055300 0.095500 0.104900 0.068500 0.086300 0.091400 0.037700 0.064500 0.051000 0.059400 0.050900 0.050900 0.046300 0.036600
Suni 0.043800 0.193000 0.046300 0.160100 0.045200 0.050600 0.037600 0.042200 0.033500 0.095200 0.046300 0.033500 0.041900 0.042000 0.000000 0.050900 0.081800 0.068300 0.037700 0.046400 0.037900 0.037600 0.077300 0.090800 0.046300 0.054700 0.042000 0.037800 0.051000 0.037700 0.082000 0.055000 0.090900 0.046300 0.028200 0.029100 0.043900 0.037800 0.055200 0.086200 0.095400 0.068300 0.086200 0.082400 0.028400 0.059900 0.042300 0.042100 0.059800 0.050800 0.037800 0.037800
Springbuck 0.064100 0.204000 0.064200 0.171200 0.055300 0.069200 0.037800 0.025100 0.042300 0.091200 0.064200 0.042300 0.050900 0.051000 0.050900 0.000000 0.086800 0.073100 0.055400 0.046700 0.020500 0.055200 0.082300 0.086800 0.064200 0.020900 0.050900 0.046700 0.008100 0.046600 0.077900 0.055400 0.100700 0.055300 0.046600 0.046500 0.064000 0.046700 0.037900 0.081600 0.091400 0.033600 0.082200 0.078300 0.046500 0.060000 0.033700 0.059900 0.064600 0.051100 0.046700 0.046700
Okapi 0.090900 0.208800 0.086400 0.175400 0.077400 0.095500 0.077200 0.077800 0.064100 0.090900 0.091000 0.064100 0.090800 0.077200 0.081800 0.086800 0.000000 0.046500 0.086600 0.077500 0.073200 0.081700 0.091200 0.095700 0.091100 0.082100 0.090900 0.068700 0.086800 0.068500 0.086800 0.086400 0.086500 0.086400 0.077400 0.063900 0.090900 0.077000 0.091200 0.100300 0.100400 0.095700 0.081900 0.087300 0.068300 0.101000 0.087100 0.082100 0.110300 0.064300 0.068700 0.059700
Giraffe 0.077200 0.193000 0.072800 0.165200 0.072800 0.081700 0.063800 0.064200 0.050800 0.086300 0.077300 0.050800 0.077200 0.072700 0.068300 0.073100 0.046500 0.000000 0.072900 0.064000 0.059800 0.068200 0.077300 0.082000 0.077300 0.077400 0.077200 0.055300 0.073000 0.055200 0.071700 0.081900 0.081700 0.082000 0.063900 0.050700 0.077100 0.064000 0.077500 0.086400 0.086500 0.090900 0.077400 0.073500 0.055000 0.091600 0.073300 0.059700 0.096200 0.050900 0.055300 0.055200
TibetanAnt 0.020300 0.213600 0.059500 0.165400 0.050700 0.024900 0.039800 0.046700 0.037800 0.100000 0.029300 0.037800 0.037700 0.055200 0.037700 0.055400 0.086600 0.072900 0.000000 0.050800 0.042300 0.020800 0.081900 0.095600 0.028800 0.059600 0.037800 0.042200 0.055300 0.042100 0.086600 0.059500 0.095700 0.042100 0.025000 0.042000 0.028500 0.037800 0.059700 0.090900 0.099600 0.072500 0.090800 0.087100 0.042000 0.055600 0.038100 0.046500 0.064400 0.055200 0.042200 0.042100
Sitatunga 0.059400 0.209300 0.033200 0.175300 0.050700 0.063800 0.042000 0.046500 0.012300 0.081900 0.059500 0.029200 0.037800 0.054800 0.046400 0.046700 0.077500 0.064000 0.050800 0.000000 0.038000 0.050600 0.073000 0.077500 0.059500 0.050900 0.046400 0.016500 0.046600 0.016500 0.068700 0.050700 0.095700 0.050700 0.042000 0.033500 0.059400 0.042200 0.059700 0.082000 0.082100 0.064000 0.073000 0.068900 0.033400 0.073500 0.055400 0.055100 0.073100 0.046600 0.016500 0.016200
Oribi 0.050900 0.204900 0.046600 0.161100 0.042000 0.055300 0.024500 0.012500 0.025100 0.086600 0.051000 0.029400 0.046500 0.038000 0.037900 0.020500 0.073200 0.059800 0.042300 0.038000 0.000000 0.042100 0.077700 0.082200 0.051000 0.025000 0.046500 0.029400 0.020800 0.029400 0.073700 0.042300 0.091400 0.050900 0.032800 0.033600 0.050900 0.033700 0.024600 0.077600 0.085800 0.037800 0.077700 0.073800 0.033600 0.046800 0.020900 0.046700 0.055800 0.038000 0.029400 0.029400
BarbaryShe 0.008200 0.202900 0.059300 0.159800 0.050600 0.012100 0.039900 0.046500 0.037700 0.090600 0.008100 0.037700 0.037600 0.050600 0.037600 0.055200 0.081700 0.068200 0.020800 0.050600 0.042100 0.000000 0.072700 0.086200 0.008100 0.059500 0.037700 0.042100 0.055100 0.041900 0.077300 0.059400 0.090800 0.042000 0.024200 0.033300 0.008000 0.042000 0.059100 0.081600 0.090800 0.072700 0.081600 0.077800 0.041800 0.059900 0.038000 0.046400 0.064200 0.055100 0.042100 0.042000
Daviddeer 0.081800 0.215900 0.090900 0.191700 0.090900 0.086300 0.081700 0.082300 0.068500 0.033400 0.081900 0.068500 0.077300 0.095600 0.077300 0.082300 0.091200 0.077300 0.081900 0.073000 0.077700 0.072700 0.000000 0.028800 0.082000 0.086600 0.077300 0.073200 0.082200 0.072900 0.020400 0.100300 0.109600 0.081900 0.072800 0.063900 0.081700 0.082000 0.095800 0.032100 0.016400 0.100200 0.025000 0.020900 0.063900 0.101000 0.082500 0.077600 0.105600 0.068700 0.073200 0.073000
Reindeer 0.095400 0.221200 0.095500 0.207500 0.086400 0.100000 0.086100 0.086800 0.073000 0.029100 0.095500 0.073000 0.090800 0.100200 0.090800 0.086800 0.095700 0.082000 0.095600 0.077500 0.082200 0.086200 0.028800 0.000000 0.095600 0.091100 0.090900 0.077600 0.086700 0.077400 0.016600 0.104800 0.123600 0.095500 0.086300 0.068300 0.095300 0.086500 0.100300 0.029100 0.037700 0.095500 0.020400 0.016700 0.068300 0.115000 0.096200 0.091200 0.119700 0.073100 0.077600 0.077500
Ibex 0.016500 0.214300 0.068300 0.165300 0.059500 0.020700 0.050600 0.055400 0.046400 0.095400 0.008200 0.046500 0.046400 0.059500 0.046300 0.064200 0.091100 0.077300 0.028800 0.059500 0.051000 0.008100 0.082000 0.095600 0.000000 0.068500 0.046400 0.050900 0.064200 0.050700 0.086700 0.068400 0.100300 0.050800 0.032500 0.042000 0.016500 0.050800 0.064100 0.091000 0.100200 0.081900 0.091000 0.087100 0.050500 0.069000 0.046800 0.055200 0.073300 0.064000 0.050900 0.050800
GyrantGaze 0.068400 0.204300 0.068500 0.181100 0.050900 0.072900 0.042100 0.029300 0.046600 0.095600 0.068500 0.046600 0.055200 0.055300 0.054700 0.020900 0.082100 0.077400 0.059600 0.050900 0.025000 0.059500 0.086600 0.091100 0.068500 0.000000 0.054800 0.051000 0.020400 0.050800 0.082300 0.059700 0.100500 0.050900 0.050800 0.050500 0.068300 0.050900 0.042100 0.086600 0.095800 0.012200 0.086600 0.082700 0.050700 0.064300 0.038000 0.064200 0.073500 0.055400 0.051000 0.050900
Hartebeest 0.043900 0.214200 0.063800 0.160000 0.055000 0.050700 0.041900 0.050900 0.042000 0.095300 0.037700 0.033500 0.008100 0.055000 0.042000 0.050900 0.090900 0.077200 0.037800 0.046400 0.046500 0.037700 0.077300 0.090900 0.046400 0.054800 0.000000 0.046500 0.050900 0.046300 0.082000 0.059400 0.090900 0.012200 0.029200 0.046500 0.046300 0.046400 0.064000 0.086300 0.095500 0.068500 0.086300 0.082400 0.046200 0.068900 0.051100 0.042100 0.064200 0.059500 0.046500 0.046400
Bongo 0.050800 0.209600 0.024500 0.160300 0.042200 0.055200 0.033500 0.038000 0.004000 0.082000 0.050900 0.020800 0.046400 0.046300 0.037800 0.046700 0.068700 0.055300 0.042200 0.016500 0.029400 0.042100 0.073200 0.077600 0.050900 0.051000 0.046500 0.000000 0.046700 0.008200 0.068800 0.042200 0.086700 0.050800 0.033500 0.025000 0.050700 0.033600 0.051000 0.082100 0.082200 0.064100 0.073100 0.069000 0.025000 0.064600 0.046700 0.046500 0.064300 0.038000 0.000000 0.008200
Gerenuk 0.064000 0.203900 0.064100 0.176200 0.055300 0.068500 0.037800 0.025100 0.042300 0.091200 0.064100 0.042300 0.050800 0.051000 0.051000 0.008100 0.086800 0.073000 0.055300 0.046600 0.020800 0.055100 0.082200 0.086700 0.064200 0.020400 0.050900 0.046700 0.000000 0.046600 0.077900 0.055400 0.100600 0.055300 0.046500 0.046500 0.064000 0.046600 0.037800 0.082100 0.091300 0.033500 0.082200 0.078300 0.046400 0.059900 0.033700 0.059900 0.069100 0.051100 0.046700 0.046600
CommonElan 0.050600 0.208700 0.024500 0.164900 0.042000 0.055000 0.033400 0.037800 0.004000 0.081800 0.050700 0.020700 0.046300 0.046100 0.037700 0.046600 0.068500 0.055200 0.042100 0.016500 0.029400 0.041900 0.072900 0.077400 0.050700 0.050800 0.046300 0.008200 0.046600 0.000000 0.068600 0.042000 0.086500 0.050700 0.033400 0.024900 0.050600 0.033500 0.050900 0.081800 0.081900 0.063900 0.072900 0.068800 0.024900 0.064400 0.046600 0.046300 0.064100 0.037900 0.008200 0.008100
MuntiacusR 0.086500 0.211100 0.086600 0.197600 0.086600 0.091100 0.077300 0.077900 0.064200 0.020800 0.086600 0.064200 0.082000 0.091200 0.082000 0.077900 0.086800 0.071700 0.086600 0.068700 0.073700 0.077300 0.020400 0.016600 0.086700 0.082300 0.082000 0.068800 0.077900 0.068600 0.000000 0.095900 0.114500 0.086600 0.077500 0.058800 0.086400 0.077700 0.091400 0.020200 0.029300 0.095900 0.012400 0.008300 0.059600 0.105900 0.087300 0.082300 0.110500 0.063900 0.068800 0.068700
HarveysDui 0.068300 0.231400 0.059400 0.186000 0.059500 0.072900 0.024900 0.046700 0.037800 0.100000 0.068400 0.046500 0.059400 0.020800 0.055000 0.055400 0.086400 0.081900 0.059500 0.050700 0.042300 0.059400 0.100300 0.104800 0.068400 0.059700 0.059400 0.042200 0.055400 0.042000 0.095900 0.000000 0.114200 0.063800 0.050700 0.050700 0.068200 0.050800 0.059700 0.100200 0.109600 0.072900 0.090900 0.096400 0.050600 0.069000 0.055600 0.055300 0.055500 0.055300 0.042200 0.033500
Pronghorn 0.100000 0.230000 0.104800 0.201000 0.091000 0.104800 0.094600 0.096000 0.082000 0.128200 0.091000 0.073000 0.100000 0.104600 0.090900 0.100700 0.086500 0.081700 0.095700 0.095700 0.091400 0.090800 0.109600 0.123600 0.100300 0.100500 0.090900 0.086700 0.100600 0.086500 0.114500 0.114200 0.000000 0.095600 0.086400 0.081800 0.100000 0.091100 0.109800 0.128300 0.128500 0.114400 0.118900 0.115100 0.077300 0.115200 0.096400 0.082100 0.119800 0.086600 0.086700 0.086600
BlueWildeb 0.050400 0.198200 0.068200 0.175400 0.050700 0.055000 0.046200 0.055300 0.046400 0.099900 0.050700 0.046400 0.012100 0.059400 0.046300 0.055300 0.086400 0.082000 0.042100 0.050700 0.050900 0.042000 0.081900 0.095500 0.050800 0.050900 0.012200 0.050800 0.055300 0.050700 0.086600 0.063800 0.095600 0.000000 0.033500 0.050600 0.050600 0.050800 0.068500 0.091000 0.100100 0.063800 0.091000 0.087000 0.050600 0.073400 0.055500 0.055200 0.068700 0.064000 0.050800 0.050700
Gemsbok 0.033400 0.202700 0.050600 0.155100 0.040000 0.037500 0.033400 0.037900 0.029200 0.090700 0.033500 0.029200 0.029200 0.046400 0.028200 0.046600 0.077400 0.063900 0.025000 0.042000 0.032800 0.024200 0.072800 0.086300 0.032500 0.050800 0.029200 0.033500 0.046500 0.033400 0.077500 0.050700 0.086400 0.033500 0.000000 0.033400 0.033400 0.033500 0.050800 0.081700 0.090900 0.063900 0.081700 0.077900 0.033400 0.055600 0.038000 0.037800 0.055400 0.046400 0.033500 0.033500
Yak 0.041900 0.203600 0.033400 0.160000 0.042000 0.046200 0.033300 0.037900 0.020800 0.072700 0.042000 0.020800 0.046200 0.033400 0.029100 0.046500 0.063900 0.050700 0.042000 0.033500 0.033600 0.033300 0.063900 0.068300 0.042000 0.050500 0.046500 0.025000 0.046500 0.024900 0.058800 0.050700 0.081800 0.050600 0.033400 0.000000 0.041900 0.033500 0.050800 0.072700 0.072800 0.063800 0.063900 0.059900 0.008200 0.064300 0.046700 0.046400 0.064200 0.037800 0.025000 0.025000
BlueSheep 0.016200 0.213600 0.068100 0.169900 0.059300 0.020200 0.050200 0.055300 0.046300 0.099800 0.016500 0.046300 0.046200 0.059400 0.043900 0.064000 0.090900 0.077100 0.028500 0.059400 0.050900 0.008000 0.081700 0.095300 0.016500 0.068300 0.046300 0.050700 0.064000 0.050600 0.086400 0.068200 0.100000 0.050600 0.033400 0.041900 0.000000 0.049000 0.068400 0.090700 0.100000 0.081700 0.090700 0.086900 0.050500 0.068800 0.046700 0.055100 0.073200 0.063900 0.050700 0.050700
BohorReedb 0.050700 0.209600 0.050700 0.155600 0.016200 0.055100 0.032600 0.038000 0.029300 0.091000 0.050800 0.029300 0.046400 0.046500 0.037800 0.046700 0.077000 0.064000 0.037800 0.042200 0.033700 0.042000 0.082000 0.086500 0.050800 0.050900 0.046400 0.033600 0.046600 0.033500 0.077700 0.050800 0.091100 0.050800 0.033500 0.033500 0.049000 0.000000 0.051000 0.081900 0.091100 0.064100 0.082000 0.078100 0.033500 0.064600 0.046800 0.046500 0.064400 0.046600 0.033600 0.033600
KirksDik 0.059600 0.214600 0.068500 0.181100 0.059600 0.064000 0.042100 0.029300 0.046600 0.095500 0.064100 0.046600 0.064000 0.055300 0.055200 0.037900 0.091200 0.077500 0.059700 0.059700 0.024600 0.059100 0.095800 0.100300 0.064100 0.042100 0.064000 0.051000 0.037800 0.050900 0.091400 0.059700 0.109800 0.068500 0.050800 0.050800 0.068400 0.051000 0.000000 0.095600 0.100400 0.055100 0.095100 0.091900 0.049400 0.064400 0.029400 0.064200 0.073500 0.055400 0.051000 0.051000
RoeDeer 0.090800 0.215300 0.090900 0.202000 0.090900 0.095400 0.081600 0.082200 0.077400 0.033300 0.090900 0.077400 0.086200 0.095500 0.086200 0.081600 0.100300 0.086400 0.090900 0.082000 0.077600 0.081600 0.032100 0.029100 0.091000 0.086600 0.086300 0.082100 0.082100 0.081800 0.020200 0.100200 0.128300 0.091000 0.081700 0.072700 0.090700 0.081900 0.095600 0.000000 0.041100 0.100200 0.024900 0.012500 0.072700 0.110300 0.091600 0.086600 0.114900 0.077500 0.082100 0.081900
WhiteLippe 0.100100 0.226600 0.100100 0.212800 0.100100 0.104700 0.090700 0.091400 0.077500 0.042000 0.100200 0.077500 0.095400 0.104900 0.095400 0.091400 0.100400 0.086500 0.099600 0.082100 0.085800 0.090800 0.016400 0.037700 0.100200 0.095800 0.095500 0.082200 0.091300 0.081900 0.029300 0.109600 0.128500 0.100100 0.090900 0.072800 0.100000 0.091100 0.100400 0.041100 0.000000 0.109600 0.033400 0.029400 0.072800 0.119900 0.100900 0.095800 0.124500 0.077700 0.082200 0.082000
ThomsonGaz 0.081700 0.219900 0.081800 0.196500 0.064000 0.086300 0.055000 0.042100 0.059600 0.109400 0.081900 0.059600 0.068300 0.068500 0.068300 0.033600 0.095700 0.090900 0.072500 0.064000 0.037800 0.072700 0.100200 0.095500 0.081900 0.012200 0.068500 0.064100 0.033500 0.063900 0.095900 0.072900 0.114400 0.063800 0.063900 0.063800 0.081700 0.064100 0.055100 0.100200 0.109600 0.000000 0.100200 0.096400 0.063800 0.077700 0.050900 0.077600 0.087000 0.068600 0.064100 0.064100
MuntiacusC 0.090800 0.204900 0.090900 0.202100 0.090900 0.095400 0.081600 0.082200 0.068500 0.008200 0.090900 0.068500 0.086200 0.086300 0.086200 0.082200 0.081900 0.077400 0.090800 0.073000 0.077700 0.081600 0.025000 0.020400 0.091000 0.086600 0.086300 0.073100 0.082200 0.072900 0.012400 0.090900 0.118900 0.091000 0.081700 0.063900 0.090700 0.082000 0.095100 0.024900 0.033400 0.100200 0.000000 0.012500 0.063800 0.105500 0.091600 0.086600 0.114900 0.068600 0.073100 0.064000
WhiteTaile 0.086900 0.205700 0.077700 0.198000 0.087000 0.091600 0.077700 0.078100 0.064400 0.020900 0.087100 0.064400 0.082400 0.091400 0.082400 0.078300 0.087300 0.073500 0.087100 0.068900 0.073800 0.077800 0.020900 0.016700 0.087100 0.082700 0.082400 0.069000 0.078300 0.068800 0.008300 0.096400 0.115100 0.087000 0.077900 0.059900 0.086900 0.078100 0.091900 0.012500 0.029400 0.096400 0.012500 0.000000 0.059900 0.106500 0.087000 0.082500 0.110800 0.064700 0.069000 0.068900
Cattle 0.050500 0.208900 0.033400 0.165000 0.041900 0.054900 0.033300 0.037900 0.020800 0.072600 0.050600 0.020800 0.046200 0.037700 0.028400 0.046500 0.068300 0.055000 0.042000 0.033400 0.033600 0.041800 0.063900 0.068300 0.050500 0.050700 0.046200 0.025000 0.046400 0.024900 0.059600 0.050600 0.077300 0.050600 0.033400 0.008200 0.050500 0.033500 0.049400 0.072700 0.072800 0.063800 0.063800 0.059900 0.000000 0.064300 0.046600 0.046400 0.064200 0.037800 0.025000 0.025000
RoyalAntel 0.068900 0.232000 0.082500 0.182200 0.072400 0.073400 0.055400 0.051200 0.060100 0.114800 0.069000 0.060100 0.068800 0.064500 0.059900 0.060000 0.101000 0.091600 0.055600 0.073500 0.046800 0.059900 0.101000 0.115000 0.069000 0.064300 0.068900 0.064600 0.059900 0.064400 0.105900 0.069000 0.115200 0.073400 0.055600 0.064300 0.068800 0.064600 0.064400 0.110300 0.119900 0.077700 0.105500 0.106500 0.064300 0.000000 0.051300 0.069100 0.069300 0.069100 0.064600 0.060100
Steenbok 0.046700 0.214900 0.064200 0.166100 0.055500 0.051100 0.038000 0.025100 0.042300 0.100700 0.046800 0.042300 0.051000 0.051000 0.042300 0.033700 0.087100 0.073300 0.038100 0.055400 0.020900 0.038000 0.082500 0.096200 0.046800 0.038000 0.051100 0.046700 0.033700 0.046600 0.087300 0.055600 0.096400 0.055500 0.038000 0.046700 0.046700 0.046800 0.029400 0.091600 0.100900 0.050900 0.091600 0.087000 0.046600 0.051300 0.000000 0.051100 0.060200 0.051300 0.046700 0.046700
Impala 0.055100 0.214500 0.063800 0.150200 0.055100 0.059500 0.046300 0.050900 0.042100 0.095600 0.046500 0.033500 0.050700 0.059400 0.042100 0.059900 0.082100 0.059700 0.046500 0.055100 0.046700 0.046400 0.077600 0.091200 0.055200 0.064200 0.042100 0.046500 0.059900 0.046300 0.082300 0.055300 0.082100 0.055200 0.037800 0.046400 0.055100 0.046500 0.064200 0.086600 0.095800 0.077600 0.086600 0.082500 0.046400 0.069100 0.051100 0.000000 0.068800 0.051000 0.046500 0.046400
Klipspring 0.073200 0.249200 0.082000 0.180500 0.073200 0.077700 0.046600 0.060100 0.059800 0.124200 0.073300 0.059800 0.064200 0.050900 0.059800 0.064600 0.110300 0.096200 0.064400 0.073100 0.055800 0.064200 0.105600 0.119700 0.073300 0.073500 0.064200 0.064300 0.069100 0.064100 0.110500 0.055500 0.119800 0.068700 0.055400 0.064200 0.073200 0.064400 0.073500 0.114900 0.124500 0.087000 0.114900 0.110800 0.064200 0.069300 0.060200 0.068800 0.000000 0.069000 0.064300 0.064200
ForestMusk 0.063900 0.199400 0.055200 0.171100 0.055200 0.068400 0.037800 0.042400 0.033600 0.077500 0.064000 0.033600 0.059500 0.050900 0.050800 0.051100 0.064300 0.050900 0.055200 0.046600 0.038000 0.055100 0.068700 0.073100 0.064000 0.055400 0.059500 0.038000 0.051100 0.037900 0.063900 0.055300 0.086600 0.064000 0.046400 0.037800 0.063900 0.046600 0.055400 0.077500 0.077700 0.068600 0.068600 0.064700 0.037800 0.069100 0.051300 0.051000 0.069000 0.000000 0.038000 0.037900
Bushbuck 0.050800 0.209600 0.024400 0.160300 0.042200 0.055200 0.033500 0.038000 0.004000 0.082000 0.050900 0.020800 0.046400 0.046300 0.037800 0.046700 0.068700 0.055300 0.042200 0.016500 0.029400 0.042100 0.073200 0.077600 0.050900 0.051000 0.046500 0.000000 0.046700 0.008200 0.068800 0.042200 0.086700 0.050800 0.033500 0.025000 0.050700 0.033600 0.051000 0.082100 0.082200 0.064100 0.073100 0.069000 0.025000 0.064600 0.046700 0.046500 0.064300 0.038000 0.000000 0.008100
GreaterKud 0.050700 0.208800 0.024800 0.165100 0.042100 0.055100 0.033400 0.037900 0.004000 0.072800 0.050800 0.020800 0.046300 0.036600 0.037800 0.046700 0.059700 0.055200 0.042100 0.016200 0.029400 0.042000 0.073000 0.077500 0.050800 0.050900 0.046400 0.008200 0.046600 0.008100 0.068700 0.033500 0.086600 0.050700 0.033500 0.025000 0.050700 0.033600 0.051000 0.081900 0.082000 0.064100 0.064000 0.068900 0.025000 0.060100 0.046700 0.046400 0.064200 0.037900 0.008100 0.000000
