1
52 1
Argali 0.000000 0.207500 0.085000 0.234000 0.052400 0.005300 0.070700 0.061900 0.091200 0.121500 0.024300 0.098800 0.069800 0.064200 0.070500 0.071200 0.118700 0.110500 0.049700 0.085100 0.069900 0.032800 0.118500 0.117300 0.027200 0.064500 0.064300 0.085200 0.070300 0.087800 0.124200 0.064200 0.126800 0.066900 0.061300 0.105700 0.032800 0.052400 0.064600 0.127100 0.119100 0.067800 0.121700 0.133300 0.106000 0.066900 0.083900 0.073000 0.064500 0.121100 0.100500 0.085200
LesserMous 0.207500 0.000000 0.187100 0.208400 0.183200 0.210900 0.191100 0.173800 0.194600 0.186900 0.198300 0.186900 0.200500 0.183700 0.201700 0.197900 0.180200 0.169500 0.203600 0.190700 0.194100 0.202500 0.174000 0.166200 0.202700 0.184400 0.194700 0.189300 0.184400 0.185900 0.189600 0.189100 0.181200 0.197200 0.187700 0.186400 0.204500 0.181800 0.178200 0.177100 0.178000 0.180900 0.187100 0.187100 0.186700 0.177400 0.201800 0.189100 0.183400 0.194900 0.209200 0.191000
LesserKudu 0.085000 0.187100 0.000000 0.193400 0.058700 0.085000 0.059800 0.064600 0.016500 0.082600 0.067300 0.042500 0.073300 0.059100 0.056000 0.075200 0.070000 0.058700 0.076700 0.011000 0.067900 0.070600 0.070900 0.075000 0.070600 0.068200 0.068000 0.011000 0.074100 0.008200 0.085300 0.059100 0.091500 0.070700 0.059200 0.049200 0.070700 0.058900 0.062500 0.085900 0.071200 0.071700 0.082700 0.090300 0.049400 0.064600 0.082000 0.056200 0.054400 0.092800 0.019300 0.011000
KillerWhal 0.234000 0.208400 0.193400 0.000000 0.200000 0.237600 0.210100 0.209600 0.197600 0.181900 0.208800 0.188600 0.210900 0.206900 0.214600 0.237400 0.175000 0.173100 0.217700 0.190000 0.218100 0.218700 0.192100 0.178500 0.217000 0.224900 0.206000 0.188600 0.221600 0.196100 0.184600 0.209600 0.179400 0.208500 0.216100 0.198000 0.211000 0.198700 0.213300 0.195900 0.189700 0.217400 0.182100 0.194800 0.198400 0.208500 0.240100 0.205600 0.215100 0.205100 0.209000 0.190400
DefassaWat 0.052400 0.183200 0.058700 0.200000 0.000000 0.058100 0.044700 0.036100 0.064700 0.103400 0.043900 0.074700 0.049600 0.038700 0.046900 0.049900 0.089900 0.082800 0.052800 0.058700 0.044200 0.046900 0.094400 0.096800 0.047000 0.044400 0.044400 0.058900 0.047300 0.061500 0.106100 0.038700 0.105500 0.047000 0.041400 0.078500 0.052700 0.000000 0.038800 0.106800 0.094400 0.041900 0.103500 0.112500 0.078600 0.030100 0.058000 0.047100 0.037500 0.103400 0.073700 0.058800
Sheep 0.005300 0.210900 0.085000 0.237600 0.058100 0.000000 0.076600 0.067800 0.097300 0.124600 0.029900 0.101800 0.075700 0.070100 0.076500 0.077200 0.121900 0.113700 0.055400 0.091100 0.075800 0.038400 0.121600 0.120400 0.032800 0.070300 0.070100 0.091300 0.076200 0.087800 0.127300 0.070100 0.130000 0.072800 0.067100 0.112000 0.032800 0.058200 0.070500 0.130200 0.122200 0.073800 0.124800 0.136500 0.112200 0.072800 0.083900 0.067200 0.070400 0.127500 0.106600 0.091200
MaxwellsDu 0.070700 0.191100 0.059800 0.210100 0.044700 0.076600 0.000000 0.042500 0.065900 0.104800 0.050300 0.076000 0.056200 0.020800 0.053600 0.057600 0.098800 0.084200 0.059400 0.059800 0.050700 0.053400 0.102200 0.097500 0.053400 0.050900 0.050800 0.059900 0.056700 0.062600 0.107600 0.021100 0.120100 0.053500 0.047800 0.081000 0.059300 0.044800 0.045200 0.108400 0.102700 0.048300 0.104900 0.113400 0.081200 0.043800 0.070500 0.053700 0.042200 0.105100 0.074900 0.059900
GazellaPrz 0.061900 0.173800 0.064600 0.209600 0.036100 0.067800 0.042500 0.000000 0.070700 0.093800 0.047400 0.075400 0.051900 0.042100 0.050500 0.031100 0.096700 0.081500 0.056500 0.064500 0.036100 0.050500 0.090500 0.086000 0.050500 0.019400 0.046600 0.064700 0.030600 0.067400 0.096400 0.042100 0.111800 0.049300 0.043500 0.079200 0.056400 0.036200 0.025000 0.096900 0.091100 0.016700 0.093800 0.101600 0.079400 0.039100 0.050000 0.050700 0.042200 0.097600 0.080000 0.064700
MountainNy 0.091200 0.194600 0.016500 0.197600 0.064700 0.097300 0.065900 0.070700 0.000000 0.091900 0.073400 0.051400 0.079600 0.065100 0.062100 0.081500 0.079300 0.068000 0.082900 0.005500 0.074000 0.076600 0.080100 0.084400 0.076700 0.074400 0.074200 0.005500 0.080300 0.013700 0.094700 0.065100 0.100800 0.076800 0.065200 0.055200 0.082800 0.064800 0.068500 0.095300 0.080500 0.077900 0.092000 0.099900 0.055300 0.069700 0.094100 0.068100 0.060500 0.099100 0.019400 0.005500
MuntiacusM 0.121500 0.186900 0.082600 0.181900 0.103400 0.124600 0.104800 0.093800 0.091900 0.000000 0.112300 0.077700 0.112900 0.103700 0.100300 0.118400 0.078900 0.067600 0.122600 0.085800 0.112000 0.115900 0.032800 0.036100 0.116000 0.113200 0.107300 0.084500 0.110400 0.085400 0.002700 0.100000 0.087300 0.109900 0.101000 0.083300 0.113000 0.102300 0.101600 0.049600 0.041300 0.106800 0.000000 0.050400 0.084600 0.110000 0.118100 0.102300 0.101200 0.091900 0.100300 0.085800
goat 0.024300 0.198300 0.067300 0.208800 0.043900 0.029900 0.050300 0.047400 0.073400 0.112300 0.000000 0.080500 0.049500 0.044100 0.049800 0.056500 0.100100 0.091900 0.030000 0.067300 0.049700 0.013500 0.103300 0.104900 0.008100 0.050000 0.044200 0.067500 0.055700 0.070100 0.115000 0.044100 0.108300 0.046800 0.041300 0.087400 0.013500 0.044000 0.044400 0.114600 0.103800 0.053200 0.112400 0.120700 0.087600 0.048300 0.069300 0.052700 0.044300 0.112300 0.082400 0.067400
AfricanBuf 0.098800 0.186900 0.042500 0.188600 0.074700 0.101800 0.076000 0.075400 0.051400 0.077700 0.080500 0.000000 0.088800 0.075100 0.072500 0.092000 0.079100 0.067500 0.084200 0.045400 0.084200 0.083900 0.084200 0.072900 0.083900 0.084600 0.083200 0.045500 0.090700 0.045300 0.080300 0.075200 0.096400 0.085900 0.073900 0.032700 0.087100 0.074800 0.078800 0.084000 0.081600 0.082100 0.077600 0.088400 0.032700 0.081100 0.104000 0.075200 0.072500 0.102500 0.060400 0.045500
Topi 0.069800 0.200500 0.073300 0.210900 0.049600 0.075700 0.056200 0.051900 0.079600 0.112900 0.049500 0.088800 0.000000 0.049700 0.056900 0.062500 0.100500 0.092200 0.058600 0.073400 0.049800 0.052500 0.103800 0.105500 0.052600 0.047200 0.002700 0.072200 0.055600 0.076200 0.115700 0.049800 0.112100 0.005400 0.030300 0.092700 0.058500 0.048400 0.050000 0.104100 0.101000 0.049000 0.113000 0.121400 0.092900 0.046800 0.075300 0.057200 0.048400 0.109900 0.088800 0.073500
CommonDuik 0.064200 0.183700 0.059100 0.206900 0.038700 0.070100 0.020800 0.042100 0.065100 0.103700 0.044100 0.075100 0.049700 0.000000 0.047100 0.051100 0.091400 0.083200 0.053100 0.059100 0.045900 0.047200 0.095000 0.096400 0.047200 0.044700 0.044600 0.059200 0.051600 0.061800 0.106400 0.005400 0.112400 0.047300 0.041700 0.078900 0.053000 0.038700 0.039000 0.107300 0.095400 0.047900 0.103800 0.112200 0.079100 0.040600 0.064100 0.047400 0.040200 0.100900 0.073600 0.059200
Suni 0.070500 0.201700 0.056000 0.214600 0.046900 0.076500 0.053600 0.050500 0.062100 0.100300 0.049800 0.072500 0.056900 0.047100 0.000000 0.060000 0.084300 0.081100 0.059100 0.056000 0.053000 0.052900 0.093300 0.091000 0.053000 0.053200 0.051700 0.056100 0.059000 0.058800 0.103000 0.047200 0.108900 0.054400 0.042400 0.076200 0.059000 0.046900 0.049400 0.099500 0.093200 0.056600 0.100300 0.106900 0.076400 0.050000 0.072900 0.044200 0.041300 0.094100 0.071400 0.056100
Springbuck 0.071200 0.197900 0.075200 0.237400 0.049900 0.077200 0.057600 0.031100 0.081500 0.118400 0.056500 0.092000 0.062500 0.051100 0.060000 0.000000 0.100100 0.091700 0.065800 0.075200 0.045000 0.059600 0.109100 0.110900 0.059700 0.022400 0.057100 0.075400 0.029500 0.078000 0.121200 0.051100 0.130800 0.059800 0.054000 0.095900 0.065700 0.050000 0.033800 0.121900 0.109600 0.022500 0.118500 0.127100 0.096100 0.053900 0.059000 0.059900 0.045500 0.112200 0.090800 0.075300
Okapi 0.118700 0.180200 0.070000 0.175000 0.089900 0.121900 0.098800 0.096700 0.079300 0.078900 0.100100 0.079100 0.100500 0.091400 0.084300 0.100100 0.000000 0.041200 0.110200 0.073000 0.100700 0.103600 0.073000 0.071100 0.103700 0.101200 0.094800 0.071600 0.101000 0.072800 0.081600 0.091500 0.086800 0.097500 0.088400 0.089400 0.102200 0.089800 0.095100 0.082100 0.072900 0.103700 0.079000 0.086500 0.089600 0.097500 0.115100 0.089900 0.087400 0.094800 0.085600 0.073200
Giraffe 0.110500 0.169500 0.058700 0.173100 0.082800 0.113700 0.084200 0.081500 0.068000 0.067600 0.091900 0.067500 0.092200 0.083200 0.081100 0.091700 0.041200 0.000000 0.102000 0.061700 0.092400 0.095300 0.061800 0.059700 0.089300 0.092900 0.086600 0.060300 0.092700 0.061600 0.070300 0.083200 0.081700 0.089300 0.080200 0.077900 0.098800 0.081500 0.080600 0.064700 0.062200 0.088900 0.067600 0.068900 0.078100 0.089200 0.110000 0.075400 0.079000 0.074300 0.077400 0.061900
TibetanAnt 0.049700 0.203600 0.076700 0.217700 0.052800 0.055400 0.059400 0.056500 0.082900 0.122600 0.030000 0.084200 0.058600 0.053100 0.059100 0.065800 0.110200 0.102000 0.000000 0.076800 0.058800 0.038600 0.113400 0.115200 0.033000 0.059100 0.053200 0.076900 0.064900 0.079500 0.125300 0.053100 0.118700 0.055800 0.050200 0.085100 0.038600 0.052900 0.053400 0.125000 0.110800 0.062400 0.122700 0.131300 0.091400 0.055800 0.078600 0.061800 0.053300 0.122600 0.092100 0.076200
Sitatunga 0.085100 0.190700 0.011000 0.190000 0.058700 0.091100 0.059800 0.064500 0.005500 0.085800 0.067300 0.045400 0.073400 0.059100 0.056000 0.075200 0.073000 0.061700 0.076800 0.000000 0.067900 0.070600 0.073900 0.078100 0.070600 0.068300 0.068100 0.000000 0.074200 0.008200 0.088500 0.059100 0.094700 0.070700 0.059200 0.049200 0.076700 0.058900 0.062500 0.089000 0.074300 0.071700 0.085800 0.093500 0.049300 0.063600 0.088000 0.062100 0.054300 0.092600 0.013800 0.000100
Oribi 0.069900 0.194100 0.067900 0.218100 0.044200 0.075800 0.050700 0.036100 0.074000 0.112000 0.049700 0.084200 0.049800 0.045900 0.053000 0.045000 0.100700 0.092400 0.058800 0.067900 0.000000 0.052800 0.102900 0.104400 0.052900 0.038600 0.044600 0.068000 0.042900 0.064800 0.114700 0.044500 0.122300 0.047300 0.044500 0.087900 0.058700 0.044300 0.030300 0.108700 0.103400 0.041700 0.112100 0.120300 0.088200 0.047200 0.058000 0.053100 0.044600 0.107100 0.077000 0.068000
BarbaryShe 0.032800 0.202500 0.070600 0.218700 0.046900 0.038400 0.053400 0.050500 0.076600 0.115900 0.013500 0.083900 0.052500 0.047200 0.052900 0.059600 0.103600 0.095300 0.038600 0.070600 0.052800 0.000000 0.106800 0.108500 0.016300 0.053100 0.047200 0.070700 0.058800 0.073300 0.118600 0.047200 0.111900 0.049900 0.044300 0.090800 0.021800 0.047000 0.047400 0.118300 0.106900 0.056300 0.116000 0.124400 0.090900 0.049900 0.072400 0.055700 0.047300 0.115900 0.085700 0.070700
Daviddeer 0.118500 0.174000 0.070900 0.192100 0.094400 0.121600 0.102200 0.090500 0.080100 0.032800 0.103300 0.084200 0.103800 0.095000 0.093300 0.109100 0.073000 0.061800 0.113400 0.073900 0.102900 0.106800 0.000000 0.036200 0.106900 0.104100 0.098200 0.072700 0.101300 0.073700 0.035400 0.091200 0.087500 0.100900 0.092000 0.089800 0.110100 0.093300 0.092600 0.049800 0.019100 0.103900 0.032800 0.050500 0.091300 0.100900 0.121300 0.093600 0.092100 0.095100 0.088300 0.074000
Reindeer 0.117300 0.166200 0.075000 0.178500 0.096800 0.120400 0.097500 0.086000 0.084400 0.036100 0.104900 0.072900 0.105500 0.096400 0.091000 0.110900 0.071100 0.059700 0.115200 0.078100 0.104400 0.108500 0.036200 0.000000 0.108600 0.105800 0.099800 0.076800 0.102900 0.077800 0.038800 0.092600 0.076500 0.102500 0.093500 0.084900 0.108600 0.097000 0.094000 0.030400 0.038700 0.099100 0.036100 0.013900 0.086300 0.103800 0.120000 0.095100 0.093700 0.090400 0.092700 0.078200
Ibex 0.027200 0.202700 0.070600 0.217000 0.047000 0.032800 0.053400 0.050500 0.076700 0.116000 0.008100 0.083900 0.052600 0.047200 0.053000 0.059700 0.103700 0.089300 0.033000 0.070600 0.052900 0.016300 0.106900 0.108600 0.000000 0.053100 0.047300 0.070800 0.058900 0.073400 0.118700 0.047200 0.112000 0.049900 0.044300 0.090900 0.016300 0.047000 0.047500 0.118400 0.107000 0.056400 0.116100 0.124500 0.091100 0.050000 0.072500 0.055800 0.047400 0.115900 0.085800 0.070700
GyrantGaze 0.064500 0.184400 0.068200 0.224900 0.044400 0.070300 0.050900 0.019400 0.074400 0.113200 0.050000 0.084600 0.047200 0.044700 0.053200 0.022400 0.101200 0.092900 0.059100 0.068300 0.038600 0.053100 0.104100 0.105800 0.053100 0.000000 0.042000 0.068400 0.016500 0.071000 0.116000 0.044700 0.122500 0.044600 0.044700 0.088400 0.059000 0.044500 0.022100 0.110000 0.104600 0.013800 0.113300 0.121700 0.090300 0.041700 0.052600 0.053300 0.046000 0.107600 0.083500 0.068400
Hartebeest 0.064300 0.194700 0.068000 0.206000 0.044400 0.070100 0.050800 0.046600 0.074200 0.107300 0.044200 0.083200 0.002700 0.044600 0.051700 0.057100 0.094800 0.086600 0.053200 0.068100 0.044600 0.047200 0.098200 0.099800 0.047300 0.042000 0.000000 0.066900 0.050500 0.070800 0.110000 0.044600 0.106300 0.002700 0.027500 0.087100 0.053100 0.043200 0.044800 0.098600 0.098700 0.043800 0.107400 0.115700 0.087300 0.041600 0.070000 0.051900 0.043300 0.104300 0.083300 0.068200
Bongo 0.085200 0.189300 0.011000 0.188600 0.058900 0.091300 0.059900 0.064700 0.005500 0.084500 0.067500 0.045500 0.072200 0.059200 0.056100 0.075400 0.071600 0.060300 0.076900 0.000000 0.068000 0.070700 0.072700 0.076800 0.070800 0.068400 0.066900 0.000000 0.074300 0.008200 0.087200 0.059200 0.093400 0.069500 0.057800 0.049300 0.076800 0.059000 0.062600 0.087700 0.073100 0.071900 0.084500 0.092200 0.049400 0.063700 0.088100 0.062200 0.054500 0.091600 0.013800 0.000100
Gerenuk 0.070300 0.184400 0.074100 0.221600 0.047300 0.076200 0.056700 0.030600 0.080300 0.110400 0.055700 0.090700 0.055600 0.051600 0.059000 0.029500 0.101000 0.092700 0.064900 0.074200 0.042900 0.058800 0.101300 0.102900 0.058900 0.016500 0.050500 0.074300 0.000000 0.076900 0.113200 0.050400 0.124100 0.053100 0.053300 0.094300 0.064800 0.047400 0.026800 0.113800 0.101300 0.022200 0.110500 0.118800 0.094500 0.053100 0.059700 0.059100 0.044800 0.113700 0.089500 0.074300
CommonElan 0.087800 0.185900 0.008200 0.196100 0.061500 0.087800 0.062600 0.067400 0.013700 0.085400 0.070100 0.045300 0.076200 0.061800 0.058800 0.078000 0.072800 0.061600 0.079500 0.008200 0.064800 0.073300 0.073700 0.077800 0.073400 0.071000 0.070800 0.008200 0.076900 0.000000 0.088100 0.061900 0.094400 0.073500 0.062000 0.052000 0.073500 0.061600 0.065300 0.088700 0.074100 0.074500 0.085500 0.093100 0.052100 0.066400 0.084700 0.059000 0.057200 0.095500 0.022000 0.008200
MuntiacusR 0.124200 0.189600 0.085300 0.184600 0.106100 0.127300 0.107600 0.096400 0.094700 0.002700 0.115000 0.080300 0.115700 0.106400 0.103000 0.121200 0.081600 0.070300 0.125300 0.088500 0.114700 0.118600 0.035400 0.038800 0.118700 0.116000 0.110000 0.087200 0.113200 0.088100 0.000000 0.102600 0.090100 0.112700 0.103700 0.085900 0.115700 0.105000 0.106800 0.052300 0.044000 0.109500 0.002700 0.054500 0.087200 0.112700 0.120800 0.105100 0.104000 0.094600 0.103000 0.088500
HarveysDui 0.064200 0.189100 0.059100 0.209600 0.038700 0.070100 0.021100 0.042100 0.065100 0.100000 0.044100 0.075200 0.049800 0.005400 0.047200 0.051100 0.091500 0.083200 0.053100 0.059100 0.044500 0.047200 0.091200 0.092600 0.047200 0.044700 0.044600 0.059200 0.050400 0.061900 0.102600 0.000000 0.112500 0.047300 0.041700 0.079000 0.053000 0.038700 0.039100 0.103500 0.091700 0.047900 0.100000 0.108200 0.079100 0.040700 0.064100 0.047400 0.039000 0.101000 0.074100 0.059200
Pronghorn 0.126800 0.181200 0.091500 0.179400 0.105500 0.130000 0.120100 0.111800 0.100800 0.087300 0.108300 0.096400 0.112100 0.112400 0.108900 0.130800 0.086800 0.081700 0.118700 0.094700 0.122300 0.111900 0.087500 0.076500 0.112000 0.122500 0.106300 0.093400 0.124100 0.094400 0.090100 0.112500 0.000000 0.109000 0.096800 0.106900 0.115300 0.104400 0.111000 0.093100 0.084900 0.118900 0.087400 0.092100 0.107100 0.112300 0.126900 0.110900 0.115000 0.115600 0.111000 0.094800
BlueWildeb 0.066900 0.197200 0.070700 0.208500 0.047000 0.072800 0.053500 0.049300 0.076800 0.109900 0.046800 0.085900 0.005400 0.047300 0.054400 0.059800 0.097500 0.089300 0.055800 0.070700 0.047300 0.049900 0.100900 0.102500 0.049900 0.044600 0.002700 0.069500 0.053100 0.073500 0.112700 0.047300 0.109000 0.000000 0.024600 0.089700 0.055700 0.045800 0.047500 0.101200 0.101400 0.046500 0.110000 0.118300 0.089900 0.045800 0.072600 0.054600 0.046000 0.106900 0.085900 0.070800
Gemsbok 0.061300 0.187700 0.059200 0.216100 0.041400 0.067100 0.047800 0.043500 0.065200 0.101000 0.041300 0.073900 0.030300 0.041700 0.042400 0.054000 0.088400 0.080200 0.050200 0.059200 0.044500 0.044300 0.092000 0.093500 0.044300 0.044700 0.027500 0.057800 0.053300 0.062000 0.103700 0.041700 0.096800 0.024600 0.000000 0.077700 0.050100 0.040100 0.041900 0.101400 0.092500 0.046500 0.101100 0.109200 0.077900 0.044400 0.061200 0.048800 0.034400 0.101000 0.074200 0.059300
Yak 0.105700 0.186400 0.049200 0.198000 0.078500 0.112000 0.081000 0.079200 0.055200 0.083300 0.087400 0.032700 0.092700 0.078900 0.076200 0.095900 0.089400 0.077900 0.085100 0.049200 0.087900 0.090800 0.089800 0.084900 0.090900 0.088400 0.087100 0.049300 0.094300 0.052000 0.085900 0.079000 0.106900 0.089700 0.077700 0.000000 0.097200 0.078700 0.082500 0.095800 0.087200 0.085900 0.083300 0.100400 0.005500 0.084800 0.110900 0.082000 0.076200 0.106400 0.064200 0.049300
BlueSheep 0.032800 0.204500 0.070700 0.211000 0.052700 0.032800 0.059300 0.056400 0.082800 0.113000 0.013500 0.087100 0.058500 0.053000 0.059000 0.065700 0.102200 0.098800 0.038600 0.076700 0.058700 0.021800 0.110100 0.108600 0.016300 0.059000 0.053100 0.076800 0.064800 0.073500 0.115700 0.053000 0.115300 0.055700 0.050100 0.097200 0.000000 0.052800 0.053300 0.121700 0.110600 0.062300 0.113100 0.123600 0.097500 0.055800 0.072600 0.055900 0.053200 0.122400 0.092000 0.076800
BohorReedb 0.052400 0.181800 0.058900 0.198700 0.000000 0.058200 0.044800 0.036200 0.064800 0.102300 0.044000 0.074800 0.048400 0.038700 0.046900 0.050000 0.089800 0.081500 0.052900 0.058900 0.044300 0.047000 0.093300 0.097000 0.047000 0.044500 0.043200 0.059000 0.047400 0.061600 0.105000 0.038700 0.104400 0.045800 0.040100 0.078700 0.052800 0.000000 0.038900 0.107000 0.093800 0.042000 0.102400 0.112700 0.078800 0.030200 0.058100 0.047200 0.039000 0.102400 0.073800 0.059000
KirksDik 0.064600 0.178200 0.062500 0.213300 0.038800 0.070500 0.045200 0.025000 0.068500 0.101600 0.044400 0.078800 0.050000 0.039000 0.049400 0.033800 0.095100 0.080600 0.053400 0.062500 0.030300 0.047400 0.092600 0.094000 0.047500 0.022100 0.044800 0.062600 0.026800 0.065300 0.106800 0.039100 0.111000 0.047500 0.041900 0.082500 0.053300 0.038900 0.000000 0.105000 0.093000 0.032900 0.101700 0.103500 0.082700 0.041800 0.046900 0.041900 0.039200 0.104300 0.077700 0.062600
RoeDeer 0.127100 0.177100 0.085900 0.195900 0.106800 0.130200 0.108400 0.096900 0.095300 0.049600 0.114600 0.084000 0.104100 0.107300 0.099500 0.121900 0.082100 0.064700 0.125000 0.089000 0.108700 0.118300 0.049800 0.030400 0.118400 0.110000 0.098600 0.087700 0.113800 0.088700 0.052300 0.103500 0.093100 0.101200 0.101400 0.095800 0.121700 0.107000 0.105000 0.000000 0.046700 0.103400 0.049700 0.044700 0.097200 0.108500 0.130600 0.105900 0.104700 0.097300 0.103700 0.089100
WhiteLippe 0.119100 0.178000 0.071200 0.189700 0.094400 0.122200 0.102700 0.091100 0.080500 0.041300 0.103800 0.081600 0.101000 0.095400 0.093200 0.109600 0.072900 0.062200 0.110800 0.074300 0.103400 0.106900 0.019100 0.038700 0.107000 0.104600 0.098700 0.073100 0.101300 0.074100 0.044000 0.091700 0.084900 0.101400 0.092500 0.087200 0.110600 0.093800 0.093000 0.046700 0.000000 0.104500 0.041400 0.053200 0.088700 0.101400 0.121900 0.094100 0.092100 0.095600 0.088700 0.074400
ThomsonGaz 0.067800 0.180900 0.071700 0.217400 0.041900 0.073800 0.048300 0.016700 0.077900 0.106800 0.053200 0.082100 0.049000 0.047900 0.056600 0.022500 0.103700 0.088900 0.062400 0.071700 0.041700 0.056300 0.103900 0.099100 0.056400 0.013800 0.043800 0.071900 0.022200 0.074500 0.109500 0.047900 0.118900 0.046500 0.046500 0.085900 0.062300 0.042000 0.032900 0.103400 0.104500 0.000000 0.106900 0.115100 0.086100 0.039100 0.055800 0.056600 0.048000 0.103900 0.087200 0.071800
MuntiacusC 0.121700 0.187100 0.082700 0.182100 0.103500 0.124800 0.104900 0.093800 0.092000 0.000000 0.112400 0.077600 0.113000 0.103800 0.100300 0.118500 0.079000 0.067600 0.122700 0.085800 0.112100 0.116000 0.032800 0.036100 0.116100 0.113300 0.107400 0.084500 0.110500 0.085500 0.002700 0.100000 0.087400 0.110000 0.101100 0.083300 0.113100 0.102400 0.101700 0.049700 0.041400 0.106900 0.000000 0.050500 0.084500 0.110100 0.118300 0.102400 0.101300 0.092000 0.100300 0.085900
WhiteTaile 0.133300 0.187100 0.090300 0.194800 0.112500 0.136500 0.113400 0.101600 0.099900 0.050400 0.120700 0.088400 0.121400 0.112200 0.106900 0.127100 0.086500 0.068900 0.131300 0.093500 0.120300 0.124400 0.050500 0.013900 0.124500 0.121700 0.115700 0.092200 0.118800 0.093100 0.054500 0.108200 0.092100 0.118300 0.109200 0.100400 0.123600 0.112700 0.103500 0.044700 0.053200 0.115100 0.050500 0.000000 0.101800 0.119700 0.129700 0.107800 0.103100 0.096300 0.108400 0.093600
Cattle 0.106000 0.186700 0.049400 0.198400 0.078600 0.112200 0.081200 0.079400 0.055300 0.084600 0.087600 0.032700 0.092900 0.079100 0.076400 0.096100 0.089600 0.078100 0.091400 0.049300 0.088200 0.090900 0.091300 0.086300 0.091100 0.090300 0.087300 0.049400 0.094500 0.052100 0.087200 0.079100 0.107100 0.089900 0.077900 0.005500 0.097500 0.078800 0.082700 0.097200 0.088700 0.086100 0.084500 0.101800 0.000000 0.085000 0.111100 0.082200 0.076400 0.106700 0.064400 0.049400
RoyalAntel 0.066900 0.177400 0.064600 0.208500 0.030100 0.072800 0.043800 0.039100 0.069700 0.110000 0.048300 0.081100 0.046800 0.040600 0.050000 0.053900 0.097500 0.089200 0.055800 0.063600 0.047200 0.049900 0.100900 0.103800 0.050000 0.041700 0.041600 0.063700 0.053100 0.066400 0.112700 0.040700 0.112300 0.045800 0.044400 0.084800 0.055800 0.030200 0.041800 0.108500 0.101400 0.039100 0.110100 0.119700 0.085000 0.000000 0.063900 0.044400 0.037200 0.110000 0.078900 0.063700
Steenbok 0.083900 0.201800 0.082000 0.240100 0.058000 0.083900 0.070500 0.050000 0.094100 0.118100 0.069300 0.104000 0.075300 0.064100 0.072900 0.059000 0.115100 0.110000 0.078600 0.088000 0.058000 0.072400 0.121300 0.120000 0.072500 0.052600 0.070000 0.088100 0.059700 0.084700 0.120800 0.064100 0.126900 0.072600 0.061200 0.110900 0.072600 0.058100 0.046900 0.130600 0.121900 0.055800 0.118300 0.129700 0.111100 0.063900 0.000000 0.066900 0.064300 0.133700 0.103400 0.088100
Impala 0.073000 0.189100 0.056200 0.205600 0.047100 0.067200 0.053700 0.050700 0.068100 0.102300 0.052700 0.075200 0.057200 0.047400 0.044200 0.059900 0.089900 0.075400 0.061800 0.062100 0.053100 0.055700 0.093600 0.095100 0.055800 0.053300 0.051900 0.062200 0.059100 0.059000 0.105100 0.047400 0.110900 0.054600 0.048800 0.082000 0.055900 0.047200 0.041900 0.105900 0.094100 0.056600 0.102400 0.107800 0.082200 0.044400 0.066900 0.000000 0.047600 0.102800 0.077100 0.062200
Klipspring 0.064500 0.183400 0.054400 0.215100 0.037500 0.070400 0.042200 0.042200 0.060500 0.101200 0.044300 0.072500 0.048400 0.040200 0.041300 0.045500 0.087400 0.079000 0.053300 0.054300 0.044600 0.047300 0.092100 0.093700 0.047400 0.046000 0.043300 0.054500 0.044800 0.057200 0.104000 0.039000 0.115000 0.046000 0.034400 0.076200 0.053200 0.039000 0.039200 0.104700 0.092100 0.048000 0.101300 0.103100 0.076400 0.037200 0.064300 0.047600 0.000000 0.100600 0.069700 0.054500
ForestMusk 0.121100 0.194900 0.092800 0.205100 0.103400 0.127500 0.105100 0.097600 0.099100 0.091900 0.112300 0.102500 0.109900 0.100900 0.094100 0.112200 0.094800 0.074300 0.122600 0.092600 0.107100 0.115900 0.095100 0.090400 0.115900 0.107600 0.104300 0.091600 0.113700 0.095500 0.094600 0.101000 0.115600 0.106900 0.101000 0.106400 0.122400 0.102400 0.104300 0.097300 0.095600 0.103900 0.092000 0.096300 0.106700 0.110000 0.133700 0.102800 0.100600 0.000000 0.108700 0.092800
Bushbuck 0.100500 0.209200 0.019300 0.209000 0.073700 0.106600 0.074900 0.080000 0.019400 0.100300 0.082400 0.060400 0.088800 0.073600 0.071400 0.090800 0.085600 0.077400 0.092100 0.013800 0.077000 0.085700 0.088300 0.092700 0.085800 0.083500 0.083300 0.013800 0.089500 0.022000 0.103000 0.074100 0.111000 0.085900 0.074200 0.064200 0.092000 0.073800 0.077700 0.103700 0.088700 0.087200 0.100300 0.108400 0.064400 0.078900 0.103400 0.077100 0.069700 0.108700 0.000000 0.013800
GreaterKud 0.085200 0.191000 0.011000 0.190400 0.058800 0.091200 0.059900 0.064700 0.005500 0.085800 0.067400 0.045500 0.073500 0.059200 0.056100 0.075300 0.073200 0.061900 0.076200 0.000100 0.068000 0.070700 0.074000 0.078200 0.070700 0.068400 0.068200 0.000100 0.074300 0.008200 0.088500 0.059200 0.094800 0.070800 0.059300 0.049300 0.076800 0.059000 0.062600 0.089100 0.074400 0.071800 0.085900 0.093600 0.049400 0.063700 0.088100 0.062200 0.054500 0.092800 0.013800 0.000000
