1
52 1
Argali 0.000000 0.349200 0.140500 0.403200 0.118300 0.007000 0.126100 0.141500 0.150800 0.176600 0.036900 0.142900 0.079700 0.140800 0.106700 0.126200 0.190100 0.202100 0.074800 0.151900 0.149900 0.047600 0.182700 0.147500 0.044300 0.126200 0.079500 0.148100 0.127000 0.144400 0.187100 0.130100 0.176400 0.079800 0.113600 0.119400 0.048200 0.102700 0.127600 0.194100 0.165000 0.122900 0.192100 0.176800 0.120000 0.123700 0.128100 0.106700 0.115500 0.154800 0.144800 0.147100
LesserMous 0.349200 0.000000 0.350200 0.368200 0.352400 0.349100 0.328500 0.316600 0.354100 0.354000 0.325000 0.340400 0.349400 0.349300 0.348700 0.314200 0.335100 0.376600 0.354700 0.356600 0.368900 0.337700 0.368100 0.347300 0.345100 0.325100 0.347800 0.364100 0.332100 0.354700 0.363000 0.349800 0.334600 0.327600 0.356800 0.307500 0.330000 0.350000 0.296500 0.352400 0.335400 0.322200 0.364400 0.364700 0.320000 0.382800 0.367100 0.322300 0.349800 0.348900 0.354900 0.361800
LesserKudu 0.140500 0.350200 0.000000 0.401700 0.138100 0.140500 0.146100 0.170000 0.024900 0.166200 0.114900 0.107900 0.119500 0.160700 0.134400 0.159000 0.157000 0.168600 0.147100 0.017900 0.192500 0.134500 0.158900 0.129400 0.131000 0.158800 0.119100 0.014300 0.159900 0.010700 0.150200 0.150100 0.179300 0.119600 0.145600 0.106000 0.135600 0.130700 0.155700 0.157100 0.133400 0.155600 0.163500 0.140100 0.098500 0.150900 0.157100 0.089900 0.138700 0.119600 0.014400 0.021400
KillerWhal 0.403200 0.368200 0.401700 0.000000 0.399600 0.402900 0.389700 0.385300 0.417700 0.407400 0.370100 0.392500 0.409600 0.394300 0.413600 0.391900 0.391300 0.382600 0.390800 0.395800 0.406700 0.383800 0.379000 0.356800 0.392200 0.403900 0.406900 0.404100 0.388300 0.406500 0.391600 0.382900 0.411500 0.397000 0.391100 0.348900 0.363300 0.403000 0.404600 0.367200 0.344100 0.400900 0.398700 0.357400 0.362900 0.406700 0.404300 0.387400 0.382800 0.388200 0.419400 0.415100
DefassaWat 0.118300 0.352400 0.138100 0.399600 0.000000 0.110100 0.112100 0.131200 0.140000 0.173600 0.093900 0.128100 0.082400 0.126500 0.109000 0.120300 0.182800 0.194300 0.100900 0.149400 0.147300 0.104900 0.166300 0.154100 0.101400 0.112200 0.074300 0.145700 0.112900 0.133700 0.175100 0.116000 0.165500 0.082500 0.096200 0.109500 0.105800 0.028600 0.129800 0.164700 0.140800 0.109000 0.179900 0.165300 0.110000 0.133800 0.113700 0.093100 0.113900 0.148100 0.142400 0.136500
Sheep 0.007000 0.349100 0.140500 0.402900 0.110100 0.000000 0.126100 0.141500 0.150800 0.176600 0.036900 0.142900 0.079700 0.140800 0.114800 0.126200 0.190000 0.202000 0.074800 0.151800 0.149800 0.047600 0.191700 0.147500 0.044300 0.126200 0.071500 0.148100 0.127000 0.144400 0.187000 0.130100 0.176400 0.079800 0.113600 0.119400 0.048200 0.094600 0.127600 0.194000 0.173900 0.122900 0.192000 0.176800 0.120000 0.123700 0.128000 0.106700 0.115500 0.154800 0.144700 0.147100
MaxwellsDu 0.126100 0.328500 0.146100 0.389700 0.112100 0.126100 0.000000 0.122700 0.143500 0.191000 0.093500 0.135800 0.105900 0.057000 0.116600 0.111900 0.204200 0.220900 0.108600 0.161500 0.130200 0.104500 0.188000 0.171000 0.109100 0.111900 0.105600 0.157800 0.112500 0.154100 0.192700 0.046600 0.203000 0.098000 0.131500 0.125100 0.113500 0.104800 0.121400 0.190400 0.170600 0.108600 0.197600 0.182600 0.125800 0.137600 0.105400 0.108700 0.125100 0.156100 0.154500 0.148400
GazellaPrz 0.141500 0.316600 0.170000 0.385300 0.131200 0.141500 0.122700 0.000000 0.171500 0.192600 0.108500 0.155700 0.109000 0.137000 0.135800 0.076100 0.198500 0.219000 0.135700 0.164100 0.092600 0.127600 0.198400 0.181400 0.124200 0.068600 0.116600 0.169000 0.076500 0.165400 0.194200 0.122700 0.205900 0.125300 0.146900 0.104000 0.128600 0.132100 0.093400 0.191800 0.172400 0.072800 0.199100 0.202200 0.112500 0.168600 0.100500 0.127700 0.128300 0.159000 0.165800 0.176300
MountainNy 0.150800 0.354100 0.024900 0.417700 0.140000 0.150800 0.143500 0.171500 0.000000 0.190100 0.125300 0.118400 0.129800 0.133700 0.136400 0.152300 0.167300 0.187600 0.140600 0.028300 0.193700 0.136400 0.178100 0.157100 0.141200 0.160400 0.129400 0.024800 0.161500 0.021300 0.173900 0.147500 0.180700 0.121700 0.155700 0.116400 0.145900 0.132700 0.149200 0.185000 0.152400 0.157300 0.187500 0.168400 0.109000 0.156900 0.158700 0.092400 0.148700 0.138400 0.028600 0.017500
MuntiacusM 0.176600 0.354000 0.166200 0.407400 0.173600 0.176600 0.191000 0.192600 0.190100 0.000000 0.149800 0.173500 0.159000 0.206000 0.169200 0.204500 0.176200 0.183400 0.178800 0.186600 0.231500 0.157200 0.099400 0.083800 0.157700 0.195500 0.158400 0.182900 0.205600 0.179100 0.025400 0.195300 0.163900 0.155000 0.194600 0.174800 0.153900 0.165900 0.191500 0.114700 0.083500 0.201500 0.018200 0.089000 0.167000 0.173400 0.198200 0.170000 0.187000 0.154800 0.174900 0.190600
goat 0.036900 0.325000 0.114900 0.370100 0.093900 0.036900 0.093500 0.108500 0.125300 0.149800 0.000000 0.108700 0.056000 0.108000 0.090400 0.101600 0.171800 0.183500 0.059100 0.126200 0.124000 0.018100 0.155500 0.121500 0.014500 0.101600 0.055900 0.122500 0.102200 0.118800 0.159800 0.097400 0.159200 0.056100 0.089400 0.086700 0.018200 0.078600 0.103400 0.158000 0.138500 0.098200 0.164500 0.149500 0.087100 0.099600 0.103100 0.082400 0.083900 0.128700 0.119100 0.121700
AfricanBuf 0.142900 0.340400 0.107900 0.392500 0.128100 0.142900 0.135800 0.155700 0.118400 0.173500 0.108700 0.000000 0.121800 0.142300 0.149700 0.144700 0.143000 0.172200 0.132700 0.119300 0.177900 0.128500 0.157200 0.140300 0.124900 0.161800 0.121300 0.115600 0.154000 0.111800 0.157100 0.127400 0.186900 0.121900 0.131500 0.052300 0.129600 0.128900 0.154100 0.168600 0.139900 0.158600 0.170800 0.142500 0.052600 0.145400 0.155200 0.116000 0.149800 0.113400 0.107900 0.106600
Topi 0.079700 0.349400 0.119500 0.409600 0.082400 0.079700 0.105900 0.109000 0.129800 0.159000 0.056000 0.121800 0.000000 0.120500 0.102800 0.106100 0.176800 0.188600 0.078800 0.130800 0.124400 0.067100 0.169300 0.139200 0.063500 0.106000 0.007300 0.127100 0.106700 0.115100 0.169100 0.109900 0.160000 0.014300 0.051300 0.111300 0.067600 0.082900 0.132000 0.167600 0.151900 0.102700 0.174000 0.159100 0.111800 0.103600 0.107600 0.086700 0.088100 0.133400 0.123700 0.126100
CommonDuik 0.140800 0.349300 0.160700 0.394300 0.126500 0.140800 0.057000 0.137000 0.133700 0.206000 0.108000 0.142300 0.120500 0.000000 0.123200 0.118400 0.210200 0.226800 0.115100 0.167700 0.153300 0.118900 0.203200 0.186100 0.123600 0.126300 0.120100 0.164100 0.127000 0.160400 0.207800 0.038800 0.200300 0.112500 0.129700 0.131500 0.128000 0.119300 0.127800 0.205500 0.185700 0.123100 0.212800 0.197900 0.132200 0.151800 0.120000 0.123200 0.131300 0.170900 0.169300 0.146500
Suni 0.106700 0.348700 0.134400 0.413600 0.109000 0.114800 0.116600 0.135800 0.136400 0.169200 0.090400 0.149700 0.102800 0.123200 0.000000 0.116800 0.170000 0.208400 0.113500 0.145700 0.139400 0.101400 0.162700 0.154500 0.097900 0.108700 0.102500 0.142100 0.117400 0.138400 0.183900 0.120600 0.166000 0.102900 0.136800 0.121900 0.102300 0.101700 0.102700 0.165300 0.154300 0.105400 0.184300 0.174700 0.114400 0.114400 0.110300 0.097500 0.114300 0.144300 0.138800 0.141100
Springbuck 0.126200 0.314200 0.159000 0.391900 0.120300 0.126200 0.111900 0.076100 0.152300 0.204500 0.101600 0.144700 0.106100 0.118400 0.116800 0.000000 0.187100 0.198800 0.116700 0.161800 0.066400 0.112600 0.192500 0.166700 0.109200 0.035700 0.105700 0.166700 0.035900 0.154500 0.197200 0.115900 0.207800 0.106200 0.127900 0.116700 0.113600 0.121100 0.075400 0.204000 0.175000 0.032300 0.211300 0.187300 0.117900 0.149800 0.081900 0.125000 0.141400 0.156400 0.163500 0.157200
Okapi 0.190100 0.335100 0.157000 0.391300 0.182800 0.190000 0.204200 0.198500 0.167300 0.176200 0.171800 0.143000 0.176800 0.210200 0.170000 0.187100 0.000000 0.062900 0.196400 0.168500 0.241500 0.183400 0.173600 0.156800 0.179800 0.195900 0.176200 0.164700 0.197100 0.156700 0.155300 0.195100 0.134600 0.177100 0.181600 0.136000 0.175900 0.188200 0.200500 0.176300 0.156100 0.192800 0.173600 0.163700 0.136900 0.182100 0.221300 0.157000 0.169900 0.146300 0.156900 0.163700
Giraffe 0.202100 0.376600 0.168600 0.382600 0.194300 0.202000 0.220900 0.219000 0.187600 0.183400 0.183500 0.172200 0.188600 0.226800 0.208400 0.198800 0.062900 0.000000 0.208300 0.180000 0.234400 0.195100 0.185300 0.159600 0.191600 0.207600 0.187900 0.176300 0.204600 0.177100 0.162500 0.225300 0.162000 0.188900 0.193100 0.164800 0.187600 0.199900 0.230100 0.187900 0.167700 0.204500 0.180800 0.162000 0.157000 0.211100 0.229000 0.195000 0.207400 0.153500 0.186200 0.184000
TibetanAnt 0.074800 0.354700 0.147100 0.390800 0.100900 0.074800 0.108600 0.135700 0.140600 0.178800 0.059100 0.132700 0.078800 0.115100 0.113500 0.116700 0.196400 0.208300 0.000000 0.141600 0.139600 0.070100 0.171300 0.154500 0.066600 0.108600 0.078600 0.146400 0.117300 0.142700 0.189200 0.112500 0.182900 0.078900 0.104400 0.122100 0.070600 0.085700 0.126200 0.191700 0.154100 0.113400 0.194100 0.174700 0.122700 0.130400 0.110200 0.105400 0.110400 0.153000 0.142900 0.137100
Sitatunga 0.151900 0.356600 0.017900 0.395800 0.149400 0.151800 0.161500 0.164100 0.028300 0.186600 0.126200 0.119300 0.130800 0.167700 0.145700 0.161800 0.168500 0.180000 0.141600 0.000000 0.186100 0.145700 0.170400 0.149500 0.142200 0.161600 0.130400 0.010600 0.162700 0.014200 0.170500 0.165600 0.190500 0.131000 0.156900 0.117200 0.146900 0.142000 0.158500 0.168600 0.144800 0.158400 0.184100 0.160600 0.109700 0.162000 0.159900 0.101000 0.149700 0.122700 0.025100 0.024800
Oribi 0.149900 0.368900 0.192500 0.406700 0.147300 0.149800 0.130200 0.092600 0.193700 0.231500 0.124000 0.177900 0.124400 0.153300 0.139400 0.066400 0.241500 0.234400 0.139600 0.186100 0.000000 0.135400 0.219100 0.201300 0.131900 0.066400 0.124100 0.191400 0.066800 0.187600 0.233600 0.142600 0.233900 0.124600 0.155200 0.148400 0.136500 0.148300 0.115500 0.221300 0.200800 0.063000 0.239000 0.219000 0.157900 0.177500 0.099300 0.148100 0.169000 0.180900 0.197200 0.199100
BarbaryShe 0.047600 0.337700 0.134500 0.383800 0.104900 0.047600 0.104500 0.127600 0.136400 0.157200 0.018100 0.128500 0.067100 0.118900 0.101400 0.112600 0.183400 0.195100 0.070100 0.145700 0.135400 0.000000 0.158500 0.133000 0.025300 0.112600 0.066900 0.142100 0.113300 0.138400 0.167200 0.108400 0.170200 0.059400 0.100400 0.105800 0.029000 0.089700 0.122200 0.178400 0.150000 0.109300 0.172000 0.161200 0.106400 0.106600 0.114200 0.101400 0.102400 0.140100 0.138700 0.141100
Daviddeer 0.182700 0.368100 0.158900 0.379000 0.166300 0.191700 0.188000 0.198400 0.178100 0.099400 0.155500 0.157200 0.169300 0.203200 0.162700 0.192500 0.173600 0.185300 0.171300 0.170400 0.219100 0.158500 0.000000 0.072400 0.163500 0.183500 0.168700 0.175600 0.193600 0.171800 0.084000 0.183400 0.182300 0.169500 0.205400 0.163000 0.159600 0.158700 0.184000 0.091000 0.029600 0.189400 0.088200 0.073500 0.155300 0.192400 0.186100 0.153900 0.206400 0.160500 0.167600 0.179200
Reindeer 0.147500 0.347300 0.129400 0.356800 0.154100 0.147500 0.171000 0.181400 0.157100 0.083800 0.121500 0.140300 0.139200 0.186100 0.154500 0.166700 0.156800 0.159600 0.154500 0.149500 0.201300 0.133000 0.072400 0.000000 0.129400 0.166600 0.138700 0.145700 0.176400 0.141900 0.060600 0.175300 0.170200 0.139400 0.166100 0.129100 0.125500 0.146500 0.167400 0.079600 0.056800 0.172300 0.072600 0.045800 0.129800 0.162800 0.168900 0.141800 0.171700 0.135000 0.137900 0.153400
Ibex 0.044300 0.345100 0.131000 0.392200 0.101400 0.044300 0.109100 0.124200 0.141200 0.157700 0.014500 0.124900 0.063500 0.123600 0.097900 0.109200 0.179800 0.191600 0.066600 0.142200 0.131900 0.025300 0.163500 0.129400 0.000000 0.109100 0.063300 0.138500 0.109800 0.134800 0.167700 0.113000 0.158400 0.063600 0.096900 0.102300 0.018100 0.086100 0.118800 0.165900 0.146300 0.105800 0.172500 0.157600 0.102900 0.107000 0.110800 0.097900 0.099000 0.136600 0.135200 0.137600
GyrantGaze 0.126200 0.325100 0.158800 0.403900 0.112200 0.126200 0.111900 0.068600 0.160400 0.195500 0.101600 0.161800 0.106000 0.126300 0.108700 0.035700 0.195900 0.207600 0.108600 0.161600 0.066400 0.112600 0.183500 0.166600 0.109100 0.000000 0.105700 0.166500 0.035900 0.154300 0.197200 0.115900 0.199200 0.106100 0.135900 0.125200 0.113500 0.112900 0.090400 0.186100 0.166200 0.010500 0.202200 0.187200 0.134200 0.149600 0.081800 0.116900 0.125400 0.164900 0.154700 0.165400
Hartebeest 0.079500 0.347800 0.119100 0.406900 0.074300 0.071500 0.105600 0.116600 0.129400 0.158400 0.055900 0.121300 0.007300 0.120100 0.102500 0.105700 0.176200 0.187900 0.078600 0.130400 0.124100 0.066900 0.168700 0.138700 0.063300 0.105700 0.000000 0.126700 0.106300 0.114800 0.168500 0.109500 0.159400 0.014600 0.051100 0.110900 0.067400 0.074700 0.131600 0.167000 0.151400 0.102300 0.173300 0.158500 0.111500 0.103600 0.107300 0.086500 0.087900 0.133000 0.123300 0.125800
Bongo 0.148100 0.364100 0.014300 0.404100 0.145700 0.148100 0.157800 0.169000 0.024800 0.182900 0.122500 0.115600 0.127100 0.164100 0.142100 0.166700 0.164700 0.176300 0.146400 0.010600 0.191400 0.142100 0.175600 0.145700 0.138500 0.166500 0.126700 0.000000 0.167600 0.010500 0.166800 0.161900 0.186900 0.127300 0.153200 0.113600 0.143200 0.138400 0.163300 0.164800 0.149800 0.163400 0.180300 0.156800 0.106100 0.158400 0.164800 0.097400 0.146200 0.118900 0.021500 0.021300
Gerenuk 0.127000 0.332100 0.159900 0.388300 0.112900 0.127000 0.112500 0.076500 0.161500 0.205600 0.102200 0.154000 0.106700 0.127000 0.117400 0.035900 0.197100 0.204600 0.117300 0.162700 0.066800 0.113300 0.193600 0.176400 0.109800 0.035900 0.106300 0.167600 0.000000 0.155300 0.207400 0.116500 0.209100 0.106800 0.128600 0.117900 0.114200 0.121700 0.091000 0.205200 0.167200 0.032500 0.212500 0.197500 0.126700 0.158800 0.074500 0.117600 0.142200 0.148700 0.164300 0.166500
CommonElan 0.144400 0.354700 0.010700 0.406500 0.133700 0.144400 0.154100 0.165400 0.021300 0.179100 0.118800 0.111800 0.115100 0.160400 0.138400 0.154500 0.156700 0.177100 0.142700 0.014200 0.187600 0.138400 0.171800 0.141900 0.134800 0.154300 0.114800 0.010500 0.155300 0.000000 0.162900 0.158200 0.179100 0.115300 0.145400 0.109900 0.139500 0.134600 0.159600 0.161100 0.146000 0.151100 0.176500 0.152900 0.102400 0.154800 0.161100 0.093700 0.134400 0.123500 0.018000 0.017800
MuntiacusR 0.187100 0.363000 0.150200 0.391600 0.175100 0.187000 0.192700 0.194200 0.173900 0.025400 0.159800 0.157100 0.169100 0.207800 0.183900 0.197200 0.155300 0.162500 0.189200 0.170500 0.233600 0.167200 0.084000 0.060600 0.167700 0.197200 0.168500 0.166800 0.207400 0.162900 0.000000 0.197000 0.173700 0.165100 0.196200 0.158700 0.163900 0.167400 0.188700 0.107400 0.068200 0.203300 0.014600 0.065400 0.150900 0.179000 0.199900 0.171400 0.197400 0.143000 0.158800 0.174500
HarveysDui 0.130100 0.349800 0.150100 0.382900 0.116000 0.130100 0.046600 0.122700 0.147500 0.195300 0.097400 0.127400 0.109900 0.038800 0.120600 0.115900 0.195100 0.225300 0.112500 0.165600 0.142600 0.108400 0.183400 0.175300 0.113000 0.115900 0.109500 0.161900 0.116500 0.158200 0.197000 0.000000 0.207100 0.101900 0.127400 0.116900 0.117400 0.108700 0.125400 0.185800 0.166000 0.112600 0.202000 0.187000 0.125700 0.133400 0.105500 0.100700 0.121000 0.160200 0.154500 0.152500
Pronghorn 0.176400 0.334600 0.179300 0.411500 0.165500 0.176400 0.203000 0.205900 0.180700 0.163900 0.159200 0.186900 0.160000 0.200300 0.166000 0.207800 0.134600 0.162000 0.182900 0.190500 0.233900 0.170200 0.182300 0.170200 0.158400 0.199200 0.159400 0.186900 0.209100 0.179100 0.173700 0.207100 0.000000 0.160200 0.181300 0.183500 0.154600 0.162100 0.186400 0.176300 0.165500 0.204800 0.178400 0.172700 0.175900 0.194400 0.197100 0.174400 0.146100 0.164200 0.183700 0.177200
BlueWildeb 0.079800 0.327600 0.119600 0.397000 0.082500 0.079800 0.098000 0.125300 0.121700 0.155000 0.056100 0.121900 0.014300 0.112500 0.102900 0.106200 0.177100 0.188900 0.078900 0.131000 0.124600 0.059400 0.169500 0.139400 0.063600 0.106100 0.014600 0.127300 0.106800 0.115300 0.165100 0.101900 0.160200 0.000000 0.051300 0.111400 0.067700 0.083000 0.132100 0.167800 0.152100 0.102800 0.169900 0.159400 0.112000 0.100200 0.107700 0.086800 0.088200 0.133600 0.123900 0.126400
Gemsbok 0.113600 0.356800 0.145600 0.391100 0.096200 0.113600 0.131500 0.146900 0.155700 0.194600 0.089400 0.131500 0.051300 0.129700 0.136800 0.127900 0.181600 0.193100 0.104400 0.156900 0.155200 0.100400 0.205400 0.166100 0.096900 0.135900 0.051100 0.153200 0.128600 0.145400 0.196200 0.127400 0.181300 0.051300 0.000000 0.112900 0.093300 0.100700 0.157600 0.208000 0.178900 0.132700 0.210200 0.186600 0.113500 0.121300 0.133600 0.120400 0.117200 0.151500 0.149900 0.143900
Yak 0.119400 0.307500 0.106000 0.348900 0.109500 0.119400 0.125100 0.104000 0.116400 0.174800 0.086700 0.052300 0.111300 0.131500 0.121900 0.116700 0.136000 0.164800 0.122100 0.117200 0.148400 0.105800 0.163000 0.129100 0.102300 0.125200 0.110900 0.113600 0.117900 0.109900 0.158700 0.116900 0.183500 0.111400 0.112900 0.000000 0.106700 0.110100 0.118800 0.165500 0.137300 0.122000 0.172200 0.148400 0.014400 0.134500 0.118800 0.105700 0.138800 0.111300 0.106000 0.104800
BlueSheep 0.048200 0.330000 0.135600 0.363300 0.105800 0.048200 0.113500 0.128600 0.145900 0.153900 0.018200 0.129600 0.067600 0.128000 0.102300 0.113600 0.175900 0.187600 0.070600 0.146900 0.136500 0.029000 0.159600 0.125500 0.018100 0.113500 0.067400 0.143200 0.114200 0.139500 0.163900 0.117400 0.154600 0.067700 0.093300 0.106700 0.000000 0.090400 0.115100 0.170900 0.142500 0.110200 0.168700 0.153600 0.107300 0.111300 0.107000 0.102300 0.087700 0.132700 0.139900 0.142300
BohorReedb 0.102700 0.350000 0.130700 0.403000 0.028600 0.094600 0.104800 0.132100 0.132700 0.165900 0.078600 0.128900 0.082900 0.119300 0.101700 0.121100 0.188200 0.199900 0.085700 0.142000 0.148300 0.089700 0.158700 0.146500 0.086100 0.112900 0.074700 0.138400 0.121700 0.134600 0.167400 0.108700 0.162100 0.083000 0.100700 0.110100 0.090400 0.000000 0.114500 0.165800 0.133200 0.109700 0.168000 0.157500 0.110700 0.126600 0.106400 0.085800 0.118500 0.149000 0.135000 0.129200
KirksDik 0.127600 0.296500 0.155700 0.404600 0.129800 0.127600 0.121400 0.093400 0.149200 0.191500 0.103400 0.154100 0.132000 0.127800 0.102700 0.075400 0.200500 0.230100 0.126200 0.158500 0.115500 0.122200 0.184000 0.167400 0.118800 0.090400 0.131600 0.163300 0.091000 0.159600 0.188700 0.125400 0.186400 0.132100 0.157600 0.118800 0.115100 0.114500 0.000000 0.195100 0.175500 0.087200 0.198000 0.187600 0.119400 0.143100 0.084000 0.118400 0.134600 0.157400 0.160100 0.154000
RoeDeer 0.194100 0.352400 0.157100 0.367200 0.164700 0.194000 0.190400 0.191800 0.185000 0.114700 0.158000 0.168600 0.167600 0.205500 0.165300 0.204000 0.176300 0.187900 0.191700 0.168600 0.221300 0.178400 0.091000 0.079600 0.165900 0.186100 0.167000 0.164800 0.205200 0.161100 0.107400 0.185800 0.176300 0.167800 0.208000 0.165500 0.170900 0.165800 0.195100 0.000000 0.083500 0.191900 0.111800 0.088800 0.175300 0.199200 0.206800 0.143900 0.173400 0.163200 0.165800 0.181300
WhiteLippe 0.165000 0.335400 0.133400 0.344100 0.140800 0.173900 0.170600 0.172400 0.152400 0.083500 0.138500 0.139900 0.151900 0.185700 0.154300 0.175000 0.156100 0.167700 0.154100 0.144800 0.200800 0.150000 0.029600 0.056800 0.146300 0.166200 0.151400 0.149800 0.167200 0.146000 0.068200 0.166000 0.165500 0.152100 0.178900 0.137300 0.142500 0.133200 0.175500 0.083500 0.000000 0.171900 0.072300 0.057600 0.138200 0.183900 0.168500 0.128700 0.188900 0.143300 0.141900 0.157400
ThomsonGaz 0.122900 0.322200 0.155600 0.400900 0.109000 0.122900 0.108600 0.072800 0.157300 0.201500 0.098200 0.158600 0.102700 0.123100 0.105400 0.032300 0.192800 0.204500 0.113400 0.158400 0.063000 0.109300 0.189400 0.172300 0.105800 0.010500 0.102300 0.163400 0.032500 0.151100 0.203300 0.112600 0.204800 0.102800 0.132700 0.122000 0.110200 0.109700 0.087200 0.191900 0.171900 0.000000 0.208400 0.193300 0.130900 0.146400 0.078500 0.113600 0.130200 0.161700 0.160100 0.162300
MuntiacusC 0.192100 0.364400 0.163500 0.398700 0.179900 0.192000 0.197600 0.199100 0.187500 0.018200 0.164500 0.170800 0.174000 0.212800 0.184300 0.211300 0.173600 0.180800 0.194100 0.184100 0.239000 0.172000 0.088200 0.072600 0.172500 0.202200 0.173300 0.180300 0.212500 0.176500 0.014600 0.202000 0.178400 0.169900 0.210200 0.172200 0.168700 0.168000 0.198000 0.111800 0.072300 0.208400 0.000000 0.077700 0.164300 0.188100 0.205000 0.176300 0.202300 0.152000 0.172300 0.188100
WhiteTaile 0.176800 0.364700 0.140100 0.357400 0.165300 0.176800 0.182600 0.202200 0.168400 0.089000 0.149500 0.142500 0.159100 0.197900 0.174700 0.187300 0.163700 0.162000 0.174700 0.160600 0.219000 0.161200 0.073500 0.045800 0.157600 0.187200 0.158500 0.156800 0.197500 0.152900 0.065400 0.187000 0.172700 0.159400 0.186600 0.148400 0.153600 0.157500 0.187600 0.088800 0.057600 0.193300 0.077700 0.000000 0.140600 0.187400 0.189700 0.161700 0.192100 0.137000 0.148800 0.164700
Cattle 0.120000 0.320000 0.098500 0.362900 0.110000 0.120000 0.125800 0.112500 0.109000 0.167000 0.087100 0.052600 0.111800 0.132200 0.114400 0.117900 0.136900 0.157000 0.122700 0.109700 0.157900 0.106400 0.155300 0.129800 0.102900 0.134200 0.111500 0.106100 0.126700 0.102400 0.150900 0.125700 0.175900 0.112000 0.113500 0.014400 0.107300 0.110700 0.119400 0.175300 0.138200 0.130900 0.164300 0.140600 0.000000 0.135300 0.127700 0.114400 0.139500 0.103700 0.098500 0.097400
RoyalAntel 0.123700 0.382800 0.150900 0.406700 0.133800 0.123700 0.137600 0.168600 0.156900 0.173400 0.099600 0.145400 0.103600 0.151800 0.114400 0.149800 0.182100 0.211100 0.130400 0.162000 0.177500 0.106600 0.192400 0.162800 0.107000 0.149600 0.103600 0.158400 0.158800 0.154800 0.179000 0.133400 0.194400 0.100200 0.121300 0.134500 0.111300 0.126600 0.143100 0.199200 0.183900 0.146400 0.188100 0.187400 0.135300 0.000000 0.160200 0.122300 0.122900 0.156900 0.155200 0.157300
Steenbok 0.128100 0.367100 0.157100 0.404300 0.113700 0.128000 0.105400 0.100500 0.158700 0.198200 0.103100 0.155200 0.107600 0.120000 0.110300 0.081900 0.221300 0.229000 0.110200 0.159900 0.099300 0.114200 0.186100 0.168900 0.110800 0.081800 0.107300 0.164800 0.074500 0.161100 0.199900 0.105500 0.197100 0.107700 0.133600 0.118800 0.107000 0.106400 0.084000 0.206800 0.168500 0.078500 0.205000 0.189700 0.127700 0.160200 0.000000 0.126800 0.143300 0.158500 0.161500 0.155200
Impala 0.106700 0.322300 0.089900 0.387400 0.093100 0.106700 0.108700 0.127700 0.092400 0.170000 0.082400 0.116000 0.086700 0.123200 0.097500 0.125000 0.157000 0.195000 0.105400 0.101000 0.148100 0.101400 0.153900 0.141800 0.097900 0.116900 0.086500 0.097400 0.117600 0.093700 0.171400 0.100700 0.174400 0.086800 0.120400 0.105700 0.102300 0.085800 0.118400 0.143900 0.128700 0.113600 0.176300 0.161700 0.114400 0.122300 0.126800 0.000000 0.106500 0.144500 0.086100 0.096700
Klipspring 0.115500 0.349800 0.138700 0.382800 0.113900 0.115500 0.125100 0.128300 0.148700 0.187000 0.083900 0.149800 0.088100 0.131300 0.114300 0.141400 0.169900 0.207400 0.110400 0.149700 0.169000 0.102400 0.206400 0.171700 0.099000 0.125400 0.087900 0.146200 0.142200 0.134400 0.197400 0.121000 0.146100 0.088200 0.117200 0.138800 0.087700 0.118500 0.134600 0.173400 0.188900 0.130200 0.202300 0.192100 0.139500 0.122900 0.143300 0.106500 0.000000 0.153000 0.143000 0.145200
ForestMusk 0.154800 0.348900 0.119600 0.388200 0.148100 0.154800 0.156100 0.159000 0.138400 0.154800 0.128700 0.113400 0.133400 0.170900 0.144300 0.156400 0.146300 0.153500 0.153000 0.122700 0.180900 0.140100 0.160500 0.135000 0.136600 0.164900 0.133000 0.118900 0.148700 0.123500 0.143000 0.160200 0.164200 0.133600 0.151500 0.111300 0.132700 0.149000 0.157400 0.163200 0.143300 0.161700 0.152000 0.137000 0.103700 0.156900 0.158500 0.144500 0.153000 0.000000 0.128000 0.134800
Bushbuck 0.144800 0.354900 0.014400 0.419400 0.142400 0.144700 0.154500 0.165800 0.028600 0.174900 0.119100 0.107900 0.123700 0.169300 0.138800 0.163500 0.156900 0.186200 0.142900 0.025100 0.197200 0.138700 0.167600 0.137900 0.135200 0.154700 0.123300 0.021500 0.164300 0.018000 0.158800 0.154500 0.183700 0.123900 0.149900 0.106000 0.139900 0.135000 0.160100 0.165800 0.141900 0.160100 0.172300 0.148800 0.098500 0.155200 0.161500 0.086100 0.143000 0.128000 0.000000 0.025100
GreaterKud 0.147100 0.361800 0.021400 0.415100 0.136500 0.147100 0.148400 0.176300 0.017500 0.190600 0.121700 0.106600 0.126100 0.146500 0.141100 0.157200 0.163700 0.184000 0.137100 0.024800 0.199100 0.141100 0.179200 0.153400 0.137600 0.165400 0.125800 0.021300 0.166500 0.017800 0.174500 0.152500 0.177200 0.126400 0.143900 0.104800 0.142300 0.129200 0.154000 0.181300 0.157400 0.162300 0.188100 0.164700 0.097400 0.157300 0.155200 0.096700 0.145200 0.134800 0.025100 0.000000
