CODONML (in paml version 4.10.7, June 2023)  /home/rachel/ruminants_paml/6406-phy-tree/ENSBTAT00000020790.fasta.phy
Model: free dN/dS Ratios for branches,  kappa = 2.000 fixed

Codon frequency model: F3x4
ns =  54  ls =  27

Codon usage in sequences
--------------------------------------------------------------------------------------------------------------------------------------
Phe TTT   0   0   0   0   0   0 | Ser TCT   0   0   0   0   0   0 | Tyr TAT   0   0   0   0   0   0 | Cys TGT   0   0   0   0   0   0
    TTC   0   0   0   0   0   0 |     TCC   0   0   0   0   0   0 |     TAC   0   0   0   0   0   0 |     TGC   0   0   0   0   0   0
Leu TTA   1   0   0   1   1   1 |     TCA   0   0   0   0   1   0 | *** TAA   0   0   0   0   0   0 | *** TGA   0   0   0   0   0   0
    TTG   0   0   1   0   0   0 |     TCG   0   0   0   0   0   0 |     TAG   0   0   0   0   0   0 | Trp TGG   0   0   0   0   0   0
--------------------------------------------------------------------------------------------------------------------------------------
Leu CTT   0   0   0   0   0   0 | Pro CCT   0   0   0   0   0   0 | His CAT   1   0   1   1   0   0 | Arg CGT   0   0   0   0   0   0
    CTC   1   0   1   1   1   1 |     CCC   1   1   1   1   1   1 |     CAC   0   0   0   0   0   0 |     CGC   0   0   0   0   0   0
    CTA   0   2   0   0   0   0 |     CCA   0   0   0   0   0   0 | Gln CAA   1   1   1   1   1   1 |     CGA   0   1   0   0   1   1
    CTG   0   0   0   0   0   0 |     CCG   0   0   0   0   0   0 |     CAG   1   1   1   1   1   1 |     CGG   0   0   0   0   0   0
--------------------------------------------------------------------------------------------------------------------------------------
Ile ATT   1   1   1   1   1   1 | Thr ACT   0   0   0   0   0   0 | Asn AAT   1   1   1   1   1   1 | Ser AGT   1   1   1   1   1   1
    ATC   1   0   1   1   1   1 |     ACC   0   0   0   0   0   0 |     AAC   0   1   0   0   1   0 |     AGC   0   0   0   0   0   0
    ATA   0   1   0   0   0   0 |     ACA   1   1   0   1   2   2 | Lys AAA   2   3   2   2   1   1 | Arg AGA   0   0   0   0   0   0
Met ATG   0   0   0   0   0   0 |     ACG   1   1   2   1   0   1 |     AAG   0   0   0   0   0   1 |     AGG   0   0   0   0   0   0
--------------------------------------------------------------------------------------------------------------------------------------
Val GTT   3   2   3   3   2   3 | Ala GCT   0   0   0   0   0   0 | Asp GAT   1   0   1   1   0   0 | Gly GGT   1   1   1   1   0   1
    GTC   0   0   0   0   0   0 |     GCC   0   0   0   0   0   0 |     GAC   0   1   0   0   0   0 |     GGC   0   0   0   0   0   0
    GTA   0   0   0   0   1   0 |     GCA   1   1   1   1   0   1 | Glu GAA   3   1   3   2   2   3 |     GGA   1   1   1   1   2   1
    GTG   3   4   3   3   3   3 |     GCG   0   0   0   0   1   0 |     GAG   0   0   0   1   1   0 |     GGG   0   0   0   0   0   0
--------------------------------------------------------------------------------------------------------------------------------------

--------------------------------------------------------------------------------------------------------------------------------------
Phe TTT   0   0   0   0   0   0 | Ser TCT   0   0   0   0   0   0 | Tyr TAT   0   0   0   0   0   0 | Cys TGT   0   0   0   0   0   0
    TTC   0   0   0   0   0   0 |     TCC   0   0   0   0   0   0 |     TAC   0   0   0   0   0   0 |     TGC   0   0   0   0   0   0
Leu TTA   1   1   1   1   0   0 |     TCA   0   0   0   0   0   0 | *** TAA   0   0   0   0   0   0 | *** TGA   0   0   0   0   0   0
    TTG   0   0   0   0   1   0 |     TCG   0   0   0   0   0   0 |     TAG   0   0   0   0   0   0 | Trp TGG   0   0   0   0   0   0
--------------------------------------------------------------------------------------------------------------------------------------
Leu CTT   0   0   0   0   0   0 | Pro CCT   0   0   0   0   0   0 | His CAT   1   1   1   0   1   1 | Arg CGT   0   0   0   0   0   0
    CTC   1   1   1   1   1   0 |     CCC   1   1   1   1   1   1 |     CAC   0   0   0   0   0   0 |     CGC   0   0   0   0   0   0
    CTA   0   0   0   0   0   1 |     CCA   0   0   0   0   0   0 | Gln CAA   1   1   1   1   1   1 |     CGA   0   0   0   0   0   0
    CTG   0   0   0   0   0   1 |     CCG   0   0   0   0   0   0 |     CAG   1   1   1   2   1   1 |     CGG   0   0   0   0   0   0
--------------------------------------------------------------------------------------------------------------------------------------
Ile ATT   1   1   1   1   1   1 | Thr ACT   0   0   0   0   0   0 | Asn AAT   1   1   1   1   1   0 | Ser AGT   1   1   1   1   1   1
    ATC   1   1   1   1   1   1 |     ACC   0   0   0   0   0   0 |     AAC   0   0   0   0   0   1 |     AGC   0   0   0   0   0   0
    ATA   0   0   0   0   0   0 |     ACA   1   2   1   1   0   2 | Lys AAA   2   2   2   2   2   2 | Arg AGA   0   0   0   0   0   0
Met ATG   0   0   0   0   0   0 |     ACG   1   0   1   1   2   0 |     AAG   0   0   0   0   0   0 |     AGG   0   0   0   0   0   0
--------------------------------------------------------------------------------------------------------------------------------------
Val GTT   3   3   3   3   3   2 | Ala GCT   0   0   0   0   0   0 | Asp GAT   1   1   1   1   1   1 | Gly GGT   1   1   1   1   1   1
    GTC   0   0   0   0   0   0 |     GCC   0   0   0   0   0   0 |     GAC   0   0   0   0   0   0 |     GGC   0   0   0   0   0   0
    GTA   0   0   0   0   0   1 |     GCA   1   1   1   1   1   1 | Glu GAA   3   3   3   3   3   2 |     GGA   1   1   1   1   1   1
    GTG   3   3   3   3   3   3 |     GCG   0   0   0   0   0   0 |     GAG   0   0   0   0   0   1 |     GGG   0   0   0   0   0   0
--------------------------------------------------------------------------------------------------------------------------------------

--------------------------------------------------------------------------------------------------------------------------------------
Phe TTT   0   0   0   0   0   0 | Ser TCT   0   0   0   0   0   0 | Tyr TAT   0   0   0   0   0   0 | Cys TGT   0   0   0   0   0   0
    TTC   0   0   0   0   0   0 |     TCC   0   0   0   0   0   0 |     TAC   0   0   0   0   0   0 |     TGC   0   0   0   0   0   0
Leu TTA   1   0   1   1   0   1 |     TCA   0   0   0   0   0   0 | *** TAA   0   0   0   0   0   0 | *** TGA   0   0   0   0   0   0
    TTG   0   1   0   0   1   0 |     TCG   0   0   0   0   0   0 |     TAG   0   0   0   0   0   0 | Trp TGG   0   0   0   0   0   0
--------------------------------------------------------------------------------------------------------------------------------------
Leu CTT   0   0   0   0   0   0 | Pro CCT   0   0   0   0   0   0 | His CAT   1   1   1   1   1   1 | Arg CGT   0   0   0   0   0   0
    CTC   1   1   1   1   1   1 |     CCC   1   1   1   1   1   1 |     CAC   0   0   0   0   0   0 |     CGC   0   0   0   0   0   0
    CTA   0   0   0   0   0   0 |     CCA   0   0   0   0   0   0 | Gln CAA   1   1   1   1   1   0 |     CGA   0   0   0   0   0   1
    CTG   0   0   0   0   0   0 |     CCG   0   0   0   0   0   0 |     CAG   1   1   1   1   1   1 |     CGG   0   0   0   0   0   0
--------------------------------------------------------------------------------------------------------------------------------------
Ile ATT   1   1   1   1   1   1 | Thr ACT   0   0   0   0   0   0 | Asn AAT   1   1   1   1   1   1 | Ser AGT   1   1   1   1   1   1
    ATC   1   1   1   1   1   1 |     ACC   0   1   0   0   0   0 |     AAC   0   0   0   0   0   0 |     AGC   0   0   0   0   0   0
    ATA   0   0   0   0   0   0 |     ACA   1   0   1   1   1   1 | Lys AAA   2   2   2   2   2   2 | Arg AGA   0   0   0   0   0   0
Met ATG   0   0   0   0   0   0 |     ACG   1   1   1   1   1   1 |     AAG   0   0   0   0   0   0 |     AGG   0   0   0   0   0   0
--------------------------------------------------------------------------------------------------------------------------------------
Val GTT   3   3   3   3   2   3 | Ala GCT   0   0   0   0   1   0 | Asp GAT   1   1   1   1   0   1 | Gly GGT   1   1   1   1   1   1
    GTC   0   0   0   0   0   0 |     GCC   0   0   0   0   0   0 |     GAC   1   0   0   0   1   0 |     GGC   0   0   0   0   0   0
    GTA   0   0   0   0   0   0 |     GCA   1   1   1   1   0   1 | Glu GAA   2   3   3   3   3   3 |     GGA   1   1   1   1   1   1
    GTG   3   3   3   3   3   3 |     GCG   0   0   0   0   1   0 |     GAG   0   0   0   0   0   0 |     GGG   0   0   0   0   0   0
--------------------------------------------------------------------------------------------------------------------------------------

--------------------------------------------------------------------------------------------------------------------------------------
Phe TTT   0   0   0   0   0   0 | Ser TCT   0   0   0   0   0   0 | Tyr TAT   0   0   0   0   0   0 | Cys TGT   0   0   0   0   0   0
    TTC   0   0   0   0   0   0 |     TCC   0   0   0   0   0   0 |     TAC   0   0   0   0   0   0 |     TGC   0   0   0   0   0   0
Leu TTA   1   1   1   0   1   1 |     TCA   0   0   0   0   0   0 | *** TAA   0   0   0   0   0   0 | *** TGA   0   0   0   0   0   0
    TTG   0   0   0   1   0   0 |     TCG   0   0   0   0   0   0 |     TAG   0   0   0   0   0   0 | Trp TGG   0   0   0   0   0   0
--------------------------------------------------------------------------------------------------------------------------------------
Leu CTT   0   0   0   0   0   0 | Pro CCT   0   0   0   0   0   0 | His CAT   1   1   1   1   0   1 | Arg CGT   0   0   0   0   0   0
    CTC   1   1   1   1   1   1 |     CCC   1   1   1   1   1   1 |     CAC   0   0   0   0   0   0 |     CGC   0   0   0   0   0   0
    CTA   0   0   0   0   0   0 |     CCA   0   0   0   0   0   0 | Gln CAA   1   1   1   1   1   1 |     CGA   0   0   0   0   0   0
    CTG   0   0   0   0   0   0 |     CCG   0   0   0   0   0   0 |     CAG   1   1   1   1   2   1 |     CGG   0   0   0   0   0   0
--------------------------------------------------------------------------------------------------------------------------------------
Ile ATT   1   1   1   1   1   1 | Thr ACT   0   0   0   0   0   0 | Asn AAT   0   1   1   1   1   1 | Ser AGT   1   1   1   1   1   1
    ATC   1   1   1   1   1   1 |     ACC   0   0   0   0   0   0 |     AAC   1   1   0   0   0   0 |     AGC   0   0   0   0   0   0
    ATA   0   0   0   0   0   0 |     ACA   1   1   1   0   1   1 | Lys AAA   2   2   2   2   2   2 | Arg AGA   0   0   0   0   0   0
Met ATG   0   0   0   0   0   0 |     ACG   1   1   1   2   1   1 |     AAG   0   0   0   0   0   0 |     AGG   0   0   0   0   0   0
--------------------------------------------------------------------------------------------------------------------------------------
Val GTT   3   3   3   3   3   3 | Ala GCT   0   0   0   0   0   0 | Asp GAT   1   0   1   1   1   1 | Gly GGT   1   1   1   1   1   1
    GTC   0   0   0   0   0   0 |     GCC   0   0   0   0   0   0 |     GAC   1   1   0   0   0   0 |     GGC   0   0   0   0   0   0
    GTA   0   0   0   0   0   0 |     GCA   1   1   1   1   0   1 | Glu GAA   2   2   3   3   3   3 |     GGA   1   1   1   1   1   1
    GTG   3   3   3   3   3   3 |     GCG   0   0   0   0   1   0 |     GAG   0   0   0   0   0   0 |     GGG   0   0   0   0   0   0
--------------------------------------------------------------------------------------------------------------------------------------

--------------------------------------------------------------------------------------------------------------------------------------
Phe TTT   0   0   0   0   0   0 | Ser TCT   0   0   0   0   0   0 | Tyr TAT   0   0   0   0   0   0 | Cys TGT   0   0   0   0   0   0
    TTC   0   0   0   0   0   0 |     TCC   0   0   0   0   0   0 |     TAC   0   0   0   0   0   0 |     TGC   0   0   0   0   0   0
Leu TTA   1   1   1   1   1   0 |     TCA   0   0   0   0   0   0 | *** TAA   0   0   0   0   0   0 | *** TGA   0   0   0   0   0   0
    TTG   0   0   0   0   0   1 |     TCG   0   0   0   0   0   0 |     TAG   0   0   0   0   0   0 | Trp TGG   0   0   0   0   0   0
--------------------------------------------------------------------------------------------------------------------------------------
Leu CTT   0   0   0   0   0   0 | Pro CCT   0   0   0   0   0   0 | His CAT   1   1   1   1   1   1 | Arg CGT   0   0   0   0   0   0
    CTC   0   0   1   1   1   1 |     CCC   1   1   1   1   1   1 |     CAC   0   0   0   0   0   0 |     CGC   0   0   0   0   0   0
    CTA   0   0   0   0   0   0 |     CCA   0   0   0   0   0   0 | Gln CAA   1   1   1   0   1   1 |     CGA   0   0   0   1   0   0
    CTG   1   1   0   0   0   0 |     CCG   0   0   0   0   0   0 |     CAG   1   1   1   1   1   1 |     CGG   0   0   0   0   0   0
--------------------------------------------------------------------------------------------------------------------------------------
Ile ATT   1   1   1   1   1   1 | Thr ACT   0   0   0   0   0   0 | Asn AAT   0   0   1   1   1   1 | Ser AGT   1   1   1   1   1   1
    ATC   1   1   1   1   1   1 |     ACC   0   0   0   0   0   0 |     AAC   1   1   0   0   0   0 |     AGC   0   0   0   0   0   0
    ATA   0   0   0   0   0   0 |     ACA   1   1   1   1   1   1 | Lys AAA   2   2   2   2   2   2 | Arg AGA   0   0   0   0   0   0
Met ATG   0   0   0   0   0   0 |     ACG   1   1   1   1   1   1 |     AAG   0   0   0   0   0   0 |     AGG   0   0   0   0   0   0
--------------------------------------------------------------------------------------------------------------------------------------
Val GTT   2   2   3   3   3   3 | Ala GCT   0   0   0   0   0   0 | Asp GAT   1   1   1   1   1   1 | Gly GGT   1   1   1   1   1   1
    GTC   0   0   0   0   0   0 |     GCC   0   0   0   0   0   0 |     GAC   0   0   1   0   0   0 |     GGC   0   0   0   0   0   0
    GTA   1   1   0   0   0   0 |     GCA   1   1   1   1   1   1 | Glu GAA   2   1   2   3   3   3 |     GGA   1   1   1   1   1   1
    GTG   3   3   3   3   3   3 |     GCG   0   0   0   0   0   0 |     GAG   1   2   0   0   0   0 |     GGG   0   0   0   0   0   0
--------------------------------------------------------------------------------------------------------------------------------------

--------------------------------------------------------------------------------------------------------------------------------------
Phe TTT   0   0   0   0   0   0 | Ser TCT   0   0   0   0   0   0 | Tyr TAT   0   0   0   0   1   0 | Cys TGT   0   0   0   0   0   0
    TTC   0   0   0   0   0   0 |     TCC   0   0   0   0   0   0 |     TAC   0   0   0   0   0   0 |     TGC   0   0   0   0   0   0
Leu TTA   1   0   1   1   0   1 |     TCA   0   0   0   0   0   0 | *** TAA   0   0   0   0   0   0 | *** TGA   0   0   0   0   0   0
    TTG   0   1   0   0   0   0 |     TCG   0   0   0   0   0   0 |     TAG   0   0   0   0   0   0 | Trp TGG   0   0   0   0   0   0
--------------------------------------------------------------------------------------------------------------------------------------
Leu CTT   0   0   0   0   0   0 | Pro CCT   0   0   0   0   0   0 | His CAT   1   1   1   1   0   1 | Arg CGT   0   0   0   0   0   0
    CTC   1   1   0   1   1   1 |     CCC   1   1   1   1   1   1 |     CAC   0   0   0   0   0   0 |     CGC   0   0   0   0   0   0
    CTA   0   0   0   0   1   0 |     CCA   0   0   0   0   0   0 | Gln CAA   0   1   1   1   1   1 |     CGA   1   0   0   0   0   0
    CTG   0   0   1   0   0   0 |     CCG   0   0   0   0   0   0 |     CAG   1   1   1   1   1   1 |     CGG   0   0   0   0   0   0
--------------------------------------------------------------------------------------------------------------------------------------
Ile ATT   1   1   1   1   1   1 | Thr ACT   0   0   0   0   0   0 | Asn AAT   1   1   0   1   0   1 | Ser AGT   1   1   1   1   1   1
    ATC   1   1   1   1   1   1 |     ACC   0   0   0   0   0   0 |     AAC   0   0   1   0   1   0 |     AGC   0   0   0   0   0   0
    ATA   0   0   0   0   0   0 |     ACA   1   0   1   1   1   1 | Lys AAA   2   2   1   2   1   2 | Arg AGA   0   0   0   0   1   0
Met ATG   0   0   0   0   0   0 |     ACG   1   2   1   1   1   1 |     AAG   0   0   1   0   0   0 |     AGG   0   0   0   0   0   0
--------------------------------------------------------------------------------------------------------------------------------------
Val GTT   3   3   2   3   3   3 | Ala GCT   0   0   0   0   0   0 | Asp GAT   1   1   1   1   1   1 | Gly GGT   1   1   1   1   0   1
    GTC   0   0   0   0   0   0 |     GCC   0   0   1   0   0   0 |     GAC   0   0   0   0   0   0 |     GGC   0   0   0   0   1   0
    GTA   0   0   1   0   0   0 |     GCA   1   1   0   1   1   1 | Glu GAA   3   3   2   3   3   3 |     GGA   1   1   1   1   1   1
    GTG   3   3   3   3   3   3 |     GCG   0   0   0   0   0   0 |     GAG   0   0   1   0   0   0 |     GGG   0   0   0   0   0   0
--------------------------------------------------------------------------------------------------------------------------------------

--------------------------------------------------------------------------------------------------------------------------------------
Phe TTT   0   0   0   0   0   0 | Ser TCT   0   0   0   0   0   0 | Tyr TAT   0   0   0   0   0   0 | Cys TGT   0   0   0   0   0   0
    TTC   0   0   0   0   0   0 |     TCC   0   0   0   0   0   0 |     TAC   0   0   0   0   0   0 |     TGC   0   0   0   0   0   0
Leu TTA   1   0   1   1   1   1 |     TCA   0   0   0   0   0   0 | *** TAA   0   0   0   0   0   0 | *** TGA   0   0   0   0   0   0
    TTG   0   1   0   0   0   0 |     TCG   0   0   0   0   0   0 |     TAG   0   0   0   0   0   0 | Trp TGG   0   0   0   0   0   0
--------------------------------------------------------------------------------------------------------------------------------------
Leu CTT   0   0   0   0   0   0 | Pro CCT   0   0   0   0   0   0 | His CAT   1   1   1   1   1   1 | Arg CGT   0   0   0   0   0   0
    CTC   1   1   1   1   1   0 |     CCC   1   1   1   1   1   1 |     CAC   0   0   0   0   0   0 |     CGC   0   0   0   0   0   0
    CTA   0   0   0   0   0   0 |     CCA   0   0   0   0   0   0 | Gln CAA   1   1   1   1   1   1 |     CGA   0   0   0   0   0   0
    CTG   0   0   0   0   0   1 |     CCG   0   0   0   0   0   0 |     CAG   1   1   1   1   1   1 |     CGG   0   0   0   0   0   0
--------------------------------------------------------------------------------------------------------------------------------------
Ile ATT   1   1   1   1   1   1 | Thr ACT   0   0   0   0   0   0 | Asn AAT   1   1   1   1   1   0 | Ser AGT   1   1   1   1   1   1
    ATC   1   1   1   1   1   1 |     ACC   0   0   0   0   0   0 |     AAC   0   0   0   0   0   1 |     AGC   0   0   0   0   0   0
    ATA   0   0   0   0   0   0 |     ACA   1   0   1   1   1   1 | Lys AAA   2   2   2   2   2   2 | Arg AGA   0   0   0   0   0   0
Met ATG   0   0   0   0   0   0 |     ACG   1   2   1   1   1   1 |     AAG   0   0   0   0   0   0 |     AGG   0   0   0   0   0   0
--------------------------------------------------------------------------------------------------------------------------------------
Val GTT   3   3   3   3   3   2 | Ala GCT   0   0   0   0   0   0 | Asp GAT   1   1   1   1   1   1 | Gly GGT   1   1   1   1   1   1
    GTC   0   0   0   0   0   0 |     GCC   0   0   0   0   0   0 |     GAC   0   0   1   0   0   0 |     GGC   0   0   0   0   0   0
    GTA   0   0   0   0   0   1 |     GCA   1   1   1   1   1   1 | Glu GAA   3   3   2   3   3   2 |     GGA   1   1   1   1   1   1
    GTG   3   3   3   3   3   3 |     GCG   0   0   0   0   0   0 |     GAG   0   0   0   0   0   1 |     GGG   0   0   0   0   0   0
--------------------------------------------------------------------------------------------------------------------------------------

--------------------------------------------------------------------------------------------------------------------------------------
Phe TTT   0   0   0   0   0   0 | Ser TCT   0   0   0   0   0   0 | Tyr TAT   0   0   0   0   0   0 | Cys TGT   0   0   0   0   0   0
    TTC   0   0   0   0   0   0 |     TCC   0   0   0   0   0   0 |     TAC   0   0   0   0   0   0 |     TGC   0   0   0   0   0   0
Leu TTA   1   1   1   1   0   1 |     TCA   0   0   0   0   0   0 | *** TAA   0   0   0   0   0   0 | *** TGA   0   0   0   0   0   0
    TTG   0   0   0   0   1   0 |     TCG   0   0   0   0   0   0 |     TAG   0   0   0   0   0   0 | Trp TGG   0   0   0   0   0   0
--------------------------------------------------------------------------------------------------------------------------------------
Leu CTT   0   0   0   0   0   0 | Pro CCT   0   0   0   0   0   0 | His CAT   1   1   1   1   1   1 | Arg CGT   0   0   0   0   0   0
    CTC   0   1   0   0   1   1 |     CCC   1   1   1   1   1   1 |     CAC   0   0   0   0   0   0 |     CGC   0   0   0   0   0   0
    CTA   0   0   0   0   0   0 |     CCA   0   0   0   0   0   0 | Gln CAA   1   0   1   1   1   1 |     CGA   0   1   0   0   0   0
    CTG   1   0   1   1   0   0 |     CCG   0   0   0   0   0   0 |     CAG   1   1   1   1   1   1 |     CGG   0   0   0   0   0   0
--------------------------------------------------------------------------------------------------------------------------------------
Ile ATT   1   1   1   1   1   1 | Thr ACT   0   0   0   0   0   0 | Asn AAT   0   1   0   0   1   1 | Ser AGT   1   1   1   1   1   1
    ATC   1   1   1   1   1   1 |     ACC   0   0   0   0   0   0 |     AAC   1   0   1   1   0   0 |     AGC   0   0   0   0   0   0
    ATA   0   0   0   0   0   0 |     ACA   1   1   1   1   0   1 | Lys AAA   2   2   2   2   2   2 | Arg AGA   0   0   0   0   0   0
Met ATG   0   0   0   0   0   0 |     ACG   1   1   1   1   2   1 |     AAG   0   0   0   0   0   0 |     AGG   0   0   0   0   0   0
--------------------------------------------------------------------------------------------------------------------------------------
Val GTT   2   3   2   2   3   3 | Ala GCT   0   0   0   0   0   0 | Asp GAT   1   1   1   1   1   1 | Gly GGT   1   1   1   1   1   1
    GTC   0   0   0   0   0   0 |     GCC   0   0   0   0   0   0 |     GAC   0   0   0   0   0   0 |     GGC   0   0   0   0   0   0
    GTA   1   0   1   1   0   0 |     GCA   1   1   1   1   1   1 | Glu GAA   2   3   2   2   3   3 |     GGA   1   1   1   1   1   1
    GTG   3   3   3   3   3   3 |     GCG   0   0   0   0   0   0 |     GAG   1   0   1   1   0   0 |     GGG   0   0   0   0   0   0
--------------------------------------------------------------------------------------------------------------------------------------

--------------------------------------------------------------------------------------------------------------------------------------
Phe TTT   0   0   0   0   0   0 | Ser TCT   0   0   0   0   0   0 | Tyr TAT   0   0   0   0   0   0 | Cys TGT   0   0   0   0   0   0
    TTC   0   0   0   0   0   0 |     TCC   0   0   0   0   0   0 |     TAC   0   0   0   0   0   0 |     TGC   0   0   0   0   0   0
Leu TTA   1   1   1   1   0   0 |     TCA   0   0   0   0   0   0 | *** TAA   0   0   0   0   0   0 | *** TGA   0   0   0   0   0   0
    TTG   0   0   0   0   1   1 |     TCG   0   0   0   0   0   0 |     TAG   0   0   0   0   0   0 | Trp TGG   0   0   0   0   0   0
--------------------------------------------------------------------------------------------------------------------------------------
Leu CTT   0   0   0   0   0   0 | Pro CCT   0   0   0   0   0   0 | His CAT   1   1   1   1   1   1 | Arg CGT   0   0   0   0   0   0
    CTC   1   1   1   1   1   1 |     CCC   1   1   1   1   1   1 |     CAC   0   0   0   0   0   0 |     CGC   0   0   0   0   0   0
    CTA   0   0   0   0   0   0 |     CCA   0   0   0   0   0   0 | Gln CAA   1   0   1   1   1   1 |     CGA   0   0   0   0   0   0
    CTG   0   0   0   0   0   0 |     CCG   0   0   0   0   0   0 |     CAG   1   1   1   1   1   1 |     CGG   0   0   0   0   0   0
--------------------------------------------------------------------------------------------------------------------------------------
Ile ATT   1   1   2   1   1   1 | Thr ACT   0   0   0   0   0   0 | Asn AAT   1   1   1   1   1   1 | Ser AGT   1   1   1   1   1   1
    ATC   1   1   1   1   1   1 |     ACC   0   0   0   0   0   0 |     AAC   0   0   0   0   0   0 |     AGC   0   0   0   0   0   0
    ATA   0   1   0   0   0   0 |     ACA   1   0   1   1   0   0 | Lys AAA   2   3   2   2   2   2 | Arg AGA   0   0   0   0   0   0
Met ATG   0   0   0   0   0   0 |     ACG   1   1   1   1   2   2 |     AAG   0   0   0   0   0   0 |     AGG   0   0   0   0   0   0
--------------------------------------------------------------------------------------------------------------------------------------
Val GTT   3   3   2   3   3   3 | Ala GCT   0   0   0   0   0   0 | Asp GAT   1   1   1   1   1   1 | Gly GGT   1   1   1   1   1   1
    GTC   0   0   0   0   0   0 |     GCC   0   0   0   0   0   0 |     GAC   0   0   1   1   0   0 |     GGC   0   0   0   0   0   0
    GTA   0   0   0   0   0   0 |     GCA   1   1   1   1   1   1 | Glu GAA   3   3   2   1   3   3 |     GGA   1   1   1   1   1   1
    GTG   3   3   3   3   3   3 |     GCG   0   0   0   0   0   0 |     GAG   0   0   0   1   0   0 |     GGG   0   0   0   0   0   0
--------------------------------------------------------------------------------------------------------------------------------------

Codon position x base (3x4) table for each sequence.

#1: Argali         
position  1:    T:0.03704    C:0.18519    A:0.29630    G:0.48148
position  2:    T:0.37037    C:0.14815    A:0.37037    G:0.11111
position  3:    T:0.33333    C:0.11111    A:0.37037    G:0.18519
Average         T:0.24691    C:0.14815    A:0.34568    G:0.25926

#2: LesserMouseDeer
position  1:    T:0.00000    C:0.22222    A:0.37037    G:0.40741
position  2:    T:0.37037    C:0.14815    A:0.33333    G:0.14815
position  3:    T:0.22222    C:0.11111    A:0.44444    G:0.22222
Average         T:0.19753    C:0.16049    A:0.38272    G:0.25926

#3: LesserKudu     
position  1:    T:0.03704    C:0.18519    A:0.29630    G:0.48148
position  2:    T:0.37037    C:0.14815    A:0.37037    G:0.11111
position  3:    T:0.33333    C:0.11111    A:0.29630    G:0.25926
Average         T:0.24691    C:0.14815    A:0.32099    G:0.28395

#4: ForestMuskDeer2
position  1:    T:0.03704    C:0.18519    A:0.29630    G:0.48148
position  2:    T:0.37037    C:0.14815    A:0.37037    G:0.11111
position  3:    T:0.33333    C:0.11111    A:0.33333    G:0.22222
Average         T:0.24691    C:0.14815    A:0.33333    G:0.27160

#5: Camel          
position  1:    T:0.07407    C:0.18519    A:0.29630    G:0.44444
position  2:    T:0.37037    C:0.18519    A:0.29630    G:0.14815
position  3:    T:0.18519    C:0.14815    A:0.44444    G:0.22222
Average         T:0.20988    C:0.17284    A:0.34568    G:0.27160

#6: KillerWhale    
position  1:    T:0.03704    C:0.18519    A:0.33333    G:0.44444
position  2:    T:0.37037    C:0.18519    A:0.29630    G:0.14815
position  3:    T:0.25926    C:0.11111    A:0.40741    G:0.22222
Average         T:0.22222    C:0.16049    A:0.34568    G:0.27160

#7: DefassaWaterbuck
position  1:    T:0.03704    C:0.18519    A:0.29630    G:0.48148
position  2:    T:0.37037    C:0.14815    A:0.37037    G:0.11111
position  3:    T:0.33333    C:0.11111    A:0.37037    G:0.18519
Average         T:0.24691    C:0.14815    A:0.34568    G:0.25926

#8: Sheep          
position  1:    T:0.03704    C:0.18519    A:0.29630    G:0.48148
position  2:    T:0.37037    C:0.14815    A:0.37037    G:0.11111
position  3:    T:0.33333    C:0.11111    A:0.40741    G:0.14815
Average         T:0.24691    C:0.14815    A:0.35802    G:0.24691

#9: MaxwellsDuiker 
position  1:    T:0.03704    C:0.18519    A:0.29630    G:0.48148
position  2:    T:0.37037    C:0.14815    A:0.37037    G:0.11111
position  3:    T:0.33333    C:0.11111    A:0.37037    G:0.18519
Average         T:0.24691    C:0.14815    A:0.34568    G:0.25926

#10: GazellaPrzewalskyi
position  1:    T:0.03704    C:0.18519    A:0.29630    G:0.48148
position  2:    T:0.37037    C:0.14815    A:0.37037    G:0.11111
position  3:    T:0.29630    C:0.11111    A:0.37037    G:0.22222
Average         T:0.23457    C:0.14815    A:0.34568    G:0.27160

#11: MountainNyala  
position  1:    T:0.03704    C:0.18519    A:0.29630    G:0.48148
position  2:    T:0.37037    C:0.14815    A:0.37037    G:0.11111
position  3:    T:0.33333    C:0.11111    A:0.29630    G:0.25926
Average         T:0.24691    C:0.14815    A:0.32099    G:0.28395

#12: MuntiacusMuntjak
position  1:    T:0.00000    C:0.22222    A:0.29630    G:0.48148
position  2:    T:0.37037    C:0.14815    A:0.37037    G:0.11111
position  3:    T:0.25926    C:0.11111    A:0.40741    G:0.22222
Average         T:0.20988    C:0.16049    A:0.35802    G:0.27160

#13: goat           
position  1:    T:0.03704    C:0.18519    A:0.29630    G:0.48148
position  2:    T:0.37037    C:0.14815    A:0.37037    G:0.11111
position  3:    T:0.33333    C:0.14815    A:0.33333    G:0.18519
Average         T:0.24691    C:0.16049    A:0.33333    G:0.25926

#14: AfricanBuffalo 
position  1:    T:0.03704    C:0.18519    A:0.29630    G:0.48148
position  2:    T:0.37037    C:0.14815    A:0.37037    G:0.11111
position  3:    T:0.33333    C:0.14815    A:0.29630    G:0.22222
Average         T:0.24691    C:0.16049    A:0.32099    G:0.27160

#15: Topi           
position  1:    T:0.03704    C:0.18519    A:0.29630    G:0.48148
position  2:    T:0.37037    C:0.14815    A:0.37037    G:0.11111
position  3:    T:0.33333    C:0.11111    A:0.37037    G:0.18519
Average         T:0.24691    C:0.14815    A:0.34568    G:0.25926

#16: CommonDuiker   
position  1:    T:0.03704    C:0.18519    A:0.29630    G:0.48148
position  2:    T:0.37037    C:0.14815    A:0.37037    G:0.11111
position  3:    T:0.33333    C:0.11111    A:0.37037    G:0.18519
Average         T:0.24691    C:0.14815    A:0.34568    G:0.25926

#17: Suni           
position  1:    T:0.03704    C:0.18519    A:0.29630    G:0.48148
position  2:    T:0.33333    C:0.18519    A:0.37037    G:0.11111
position  3:    T:0.29630    C:0.14815    A:0.29630    G:0.25926
Average         T:0.22222    C:0.17284    A:0.32099    G:0.28395

#18: Springbuck     
position  1:    T:0.03704    C:0.18519    A:0.29630    G:0.48148
position  2:    T:0.37037    C:0.14815    A:0.33333    G:0.14815
position  3:    T:0.33333    C:0.11111    A:0.37037    G:0.18519
Average         T:0.24691    C:0.14815    A:0.33333    G:0.27160

#19: Okapi          
position  1:    T:0.03704    C:0.18519    A:0.29630    G:0.48148
position  2:    T:0.37037    C:0.14815    A:0.37037    G:0.11111
position  3:    T:0.29630    C:0.18519    A:0.33333    G:0.18519
Average         T:0.23457    C:0.17284    A:0.33333    G:0.25926

#20: Giraffe        
position  1:    T:0.03704    C:0.18519    A:0.33333    G:0.44444
position  2:    T:0.37037    C:0.14815    A:0.37037    G:0.11111
position  3:    T:0.29630    C:0.18519    A:0.33333    G:0.18519
Average         T:0.23457    C:0.17284    A:0.34568    G:0.24691

#21: TibetanAntelope
position  1:    T:0.03704    C:0.18519    A:0.29630    G:0.48148
position  2:    T:0.37037    C:0.14815    A:0.37037    G:0.11111
position  3:    T:0.33333    C:0.11111    A:0.37037    G:0.18519
Average         T:0.24691    C:0.14815    A:0.34568    G:0.25926

#22: Sitatunga      
position  1:    T:0.03704    C:0.18519    A:0.29630    G:0.48148
position  2:    T:0.37037    C:0.14815    A:0.37037    G:0.11111
position  3:    T:0.33333    C:0.11111    A:0.29630    G:0.25926
Average         T:0.24691    C:0.14815    A:0.32099    G:0.28395

#23: Oribi          
position  1:    T:0.03704    C:0.18519    A:0.29630    G:0.48148
position  2:    T:0.37037    C:0.14815    A:0.37037    G:0.11111
position  3:    T:0.29630    C:0.11111    A:0.33333    G:0.25926
Average         T:0.23457    C:0.14815    A:0.33333    G:0.28395

#24: BarbarySheep   
position  1:    T:0.03704    C:0.18519    A:0.29630    G:0.48148
position  2:    T:0.37037    C:0.14815    A:0.37037    G:0.11111
position  3:    T:0.33333    C:0.11111    A:0.37037    G:0.18519
Average         T:0.24691    C:0.14815    A:0.34568    G:0.25926

#25: Daviddeer      
position  1:    T:0.03704    C:0.18519    A:0.29630    G:0.48148
position  2:    T:0.37037    C:0.14815    A:0.37037    G:0.11111
position  3:    T:0.25926    C:0.11111    A:0.37037    G:0.25926
Average         T:0.22222    C:0.14815    A:0.34568    G:0.28395

#26: Reindeer       
position  1:    T:0.03704    C:0.18519    A:0.29630    G:0.48148
position  2:    T:0.37037    C:0.14815    A:0.37037    G:0.11111
position  3:    T:0.25926    C:0.11111    A:0.33333    G:0.29630
Average         T:0.22222    C:0.14815    A:0.33333    G:0.29630

#27: Ibex           
position  1:    T:0.03704    C:0.18519    A:0.29630    G:0.48148
position  2:    T:0.37037    C:0.14815    A:0.37037    G:0.11111
position  3:    T:0.33333    C:0.14815    A:0.33333    G:0.18519
Average         T:0.24691    C:0.16049    A:0.33333    G:0.25926

#28: GyrantGazelle  
position  1:    T:0.03704    C:0.18519    A:0.29630    G:0.48148
position  2:    T:0.37037    C:0.14815    A:0.33333    G:0.14815
position  3:    T:0.33333    C:0.11111    A:0.37037    G:0.18519
Average         T:0.24691    C:0.14815    A:0.33333    G:0.27160

#29: Hartebeest     
position  1:    T:0.03704    C:0.18519    A:0.29630    G:0.48148
position  2:    T:0.37037    C:0.14815    A:0.37037    G:0.11111
position  3:    T:0.33333    C:0.11111    A:0.37037    G:0.18519
Average         T:0.24691    C:0.14815    A:0.34568    G:0.25926

#30: Bongo          
position  1:    T:0.03704    C:0.18519    A:0.29630    G:0.48148
position  2:    T:0.37037    C:0.14815    A:0.37037    G:0.11111
position  3:    T:0.33333    C:0.11111    A:0.33333    G:0.22222
Average         T:0.24691    C:0.14815    A:0.33333    G:0.27160

#31: Gerenuk        
position  1:    T:0.03704    C:0.18519    A:0.29630    G:0.48148
position  2:    T:0.37037    C:0.14815    A:0.33333    G:0.14815
position  3:    T:0.33333    C:0.11111    A:0.37037    G:0.18519
Average         T:0.24691    C:0.14815    A:0.33333    G:0.27160

#32: CommonEland    
position  1:    T:0.03704    C:0.18519    A:0.29630    G:0.48148
position  2:    T:0.37037    C:0.14815    A:0.37037    G:0.11111
position  3:    T:0.33333    C:0.11111    A:0.29630    G:0.25926
Average         T:0.24691    C:0.14815    A:0.32099    G:0.28395

#33: MuntiacusReevesi
position  1:    T:0.03704    C:0.18519    A:0.29630    G:0.48148
position  2:    T:0.37037    C:0.14815    A:0.37037    G:0.11111
position  3:    T:0.25926    C:0.14815    A:0.29630    G:0.29630
Average         T:0.22222    C:0.16049    A:0.32099    G:0.29630

#34: HarveysDuiker  
position  1:    T:0.03704    C:0.18519    A:0.29630    G:0.48148
position  2:    T:0.37037    C:0.14815    A:0.37037    G:0.11111
position  3:    T:0.33333    C:0.11111    A:0.37037    G:0.18519
Average         T:0.24691    C:0.14815    A:0.34568    G:0.25926

#35: Pronghorn      
position  1:    T:0.03704    C:0.18519    A:0.29630    G:0.48148
position  2:    T:0.37037    C:0.14815    A:0.33333    G:0.14815
position  3:    T:0.25926    C:0.18519    A:0.37037    G:0.18519
Average         T:0.22222    C:0.17284    A:0.33333    G:0.27160

#36: BlueWildebeest 
position  1:    T:0.03704    C:0.18519    A:0.29630    G:0.48148
position  2:    T:0.37037    C:0.14815    A:0.37037    G:0.11111
position  3:    T:0.33333    C:0.11111    A:0.37037    G:0.18519
Average         T:0.24691    C:0.14815    A:0.34568    G:0.25926

#37: Gemsbok        
position  1:    T:0.03704    C:0.18519    A:0.29630    G:0.48148
position  2:    T:0.37037    C:0.14815    A:0.37037    G:0.11111
position  3:    T:0.33333    C:0.11111    A:0.37037    G:0.18519
Average         T:0.24691    C:0.14815    A:0.34568    G:0.25926

#38: Yak            
position  1:    T:0.03704    C:0.18519    A:0.29630    G:0.48148
position  2:    T:0.37037    C:0.14815    A:0.37037    G:0.11111
position  3:    T:0.33333    C:0.11111    A:0.29630    G:0.25926
Average         T:0.24691    C:0.14815    A:0.32099    G:0.28395

#39: BlueSheep      
position  1:    T:0.03704    C:0.18519    A:0.29630    G:0.48148
position  2:    T:0.37037    C:0.14815    A:0.37037    G:0.11111
position  3:    T:0.33333    C:0.14815    A:0.33333    G:0.18519
Average         T:0.24691    C:0.16049    A:0.33333    G:0.25926

#40: BohorReedbuck  
position  1:    T:0.03704    C:0.18519    A:0.29630    G:0.48148
position  2:    T:0.37037    C:0.14815    A:0.37037    G:0.11111
position  3:    T:0.33333    C:0.11111    A:0.37037    G:0.18519
Average         T:0.24691    C:0.14815    A:0.34568    G:0.25926

#41: KirksDik       
position  1:    T:0.03704    C:0.18519    A:0.29630    G:0.48148
position  2:    T:0.37037    C:0.14815    A:0.37037    G:0.11111
position  3:    T:0.33333    C:0.11111    A:0.37037    G:0.18519
Average         T:0.24691    C:0.14815    A:0.34568    G:0.25926

#42: RoeDeer        
position  1:    T:0.03704    C:0.18519    A:0.29630    G:0.48148
position  2:    T:0.37037    C:0.14815    A:0.37037    G:0.11111
position  3:    T:0.25926    C:0.11111    A:0.37037    G:0.25926
Average         T:0.22222    C:0.14815    A:0.34568    G:0.28395

#43: WhiteLippedDeer
position  1:    T:0.03704    C:0.18519    A:0.29630    G:0.48148
position  2:    T:0.37037    C:0.14815    A:0.37037    G:0.11111
position  3:    T:0.25926    C:0.11111    A:0.37037    G:0.25926
Average         T:0.22222    C:0.14815    A:0.34568    G:0.28395

#44: ThomsonGazelle 
position  1:    T:0.03704    C:0.18519    A:0.29630    G:0.48148
position  2:    T:0.37037    C:0.14815    A:0.33333    G:0.14815
position  3:    T:0.33333    C:0.11111    A:0.37037    G:0.18519
Average         T:0.24691    C:0.14815    A:0.33333    G:0.27160

#45: MuntiacusCrinifrons
position  1:    T:0.03704    C:0.18519    A:0.29630    G:0.48148
position  2:    T:0.37037    C:0.14815    A:0.37037    G:0.11111
position  3:    T:0.25926    C:0.11111    A:0.37037    G:0.25926
Average         T:0.22222    C:0.14815    A:0.34568    G:0.28395

#46: WhiteTailedDeer
position  1:    T:0.03704    C:0.18519    A:0.29630    G:0.48148
position  2:    T:0.37037    C:0.14815    A:0.37037    G:0.11111
position  3:    T:0.25926    C:0.11111    A:0.37037    G:0.25926
Average         T:0.22222    C:0.14815    A:0.34568    G:0.28395

#47: Cattle         
position  1:    T:0.03704    C:0.18519    A:0.29630    G:0.48148
position  2:    T:0.37037    C:0.14815    A:0.37037    G:0.11111
position  3:    T:0.33333    C:0.11111    A:0.29630    G:0.25926
Average         T:0.24691    C:0.14815    A:0.32099    G:0.28395

#48: RoyalAntelope  
position  1:    T:0.03704    C:0.18519    A:0.29630    G:0.48148
position  2:    T:0.37037    C:0.14815    A:0.37037    G:0.11111
position  3:    T:0.33333    C:0.11111    A:0.37037    G:0.18519
Average         T:0.24691    C:0.14815    A:0.34568    G:0.25926

#49: Steenbok       
position  1:    T:0.03704    C:0.18519    A:0.29630    G:0.48148
position  2:    T:0.37037    C:0.14815    A:0.37037    G:0.11111
position  3:    T:0.33333    C:0.11111    A:0.37037    G:0.18519
Average         T:0.24691    C:0.14815    A:0.34568    G:0.25926

#50: Impala         
position  1:    T:0.03704    C:0.14815    A:0.33333    G:0.48148
position  2:    T:0.40741    C:0.11111    A:0.37037    G:0.11111
position  3:    T:0.33333    C:0.11111    A:0.37037    G:0.18519
Average         T:0.25926    C:0.12346    A:0.35802    G:0.25926

#51: Klipspringer   
position  1:    T:0.03704    C:0.18519    A:0.33333    G:0.44444
position  2:    T:0.37037    C:0.14815    A:0.37037    G:0.11111
