CODONML (in paml version 4.10.7, June 2023)  /home/rachel/ruminants_paml/6406-phy-tree/ENSBTAT00000013871.fasta.phy
Model: free dN/dS Ratios for branches,  kappa = 2.000 fixed

Codon frequency model: F3x4
ns =  54  ls =  77

Codon usage in sequences
--------------------------------------------------------------------------------------------------------------------------------------
Phe TTT   1   1   1   1   1   1 | Ser TCT   1   1   1   1   0   1 | Tyr TAT   5   5   5   5   4   5 | Cys TGT   3   3   3   3   3   3
    TTC   0   0   0   0   0   0 |     TCC   0   0   0   0   0   0 |     TAC   1   1   1   1   2   1 |     TGC   0   0   0   0   0   0
Leu TTA   0   0   0   0   0   0 |     TCA   0   0   0   0   1   0 | *** TAA   0   0   0   0   0   0 | *** TGA   0   0   0   0   0   0
    TTG   0   0   0   0   0   0 |     TCG   0   0   0   0   0   0 |     TAG   0   0   0   0   0   0 | Trp TGG   2   2   2   2   2   2
--------------------------------------------------------------------------------------------------------------------------------------
Leu CTT   1   1   1   1   1   1 | Pro CCT   2   1   2   2   1   1 | His CAT   1   1   1   1   1   1 | Arg CGT   1   1   1   1   1   1
    CTC   1   1   1   2   1   1 |     CCC   0   0   0   0   0   0 |     CAC   0   0   0   0   0   0 |     CGC   0   0   0   0   0   0
    CTA   1   1   1   0   1   1 |     CCA   1   2   1   1   2   2 | Gln CAA   0   0   0   0   0   0 |     CGA   1   1   1   1   1   1
    CTG   0   0   0   0   0   0 |     CCG   0   0   0   0   0   0 |     CAG   0   0   0   0   0   0 |     CGG   0   0   0   0   0   0
--------------------------------------------------------------------------------------------------------------------------------------
Ile ATT   0   0   0   0   0   0 | Thr ACT   1   1   1   1   1   1 | Asn AAT   5   4   5   5   4   4 | Ser AGT   1   1   1   1   1   1
    ATC   1   1   1   1   1   1 |     ACC   0   0   0   0   0   0 |     AAC   0   1   0   0   0   1 |     AGC   0   0   0   0   0   0
    ATA   2   2   2   2   2   2 |     ACA   3   2   3   3   1   2 | Lys AAA   6   6   6   6   6   6 | Arg AGA   2   2   2   2   2   2
Met ATG   1   1   1   1   1   1 |     ACG   0   1   0   0   2   1 |     AAG   1   1   1   1   1   1 |     AGG   1   1   1   1   1   1
--------------------------------------------------------------------------------------------------------------------------------------
Val GTT   1   4   3   3   3   3 | Ala GCT   2   2   2   2   2   2 | Asp GAT   6   6   6   6   6   6 | Gly GGT   3   3   3   3   3   3
    GTC   3   0   1   1   1   1 |     GCC   1   1   1   1   1   1 |     GAC   1   1   1   1   2   1 |     GGC   1   1   1   1   1   1
    GTA   1   2   2   2   2   2 |     GCA   2   3   2   2   2   3 | Glu GAA   2   2   2   2   1   2 |     GGA   3   3   3   3   3   3
    GTG   3   2   2   2   2   2 |     GCG   1   0   1   1   1   0 |     GAG   1   1   1   1   2   1 |     GGG   0   0   0   0   0   0
--------------------------------------------------------------------------------------------------------------------------------------

--------------------------------------------------------------------------------------------------------------------------------------
Phe TTT   1   1   1   1   1   1 | Ser TCT   1   1   1   1   1   1 | Tyr TAT   5   5   5   5   5   5 | Cys TGT   3   3   2   3   3   2
    TTC   0   0   0   0   0   0 |     TCC   0   0   0   0   0   0 |     TAC   1   1   1   1   1   1 |     TGC   0   0   1   0   0   1
Leu TTA   0   0   0   0   0   0 |     TCA   0   0   0   0   0   0 | *** TAA   0   0   0   0   0   0 | *** TGA   0   0   0   0   0   0
    TTG   0   0   0   0   0   0 |     TCG   0   0   0   0   0   0 |     TAG   0   0   0   0   0   0 | Trp TGG   2   2   2   2   2   2
--------------------------------------------------------------------------------------------------------------------------------------
Leu CTT   1   1   1   1   1   1 | Pro CCT   2   2   2   2   2   2 | His CAT   1   1   1   1   1   1 | Arg CGT   1   1   1   1   1   1
    CTC   1   1   1   1   1   1 |     CCC   0   0   0   0   0   0 |     CAC   0   0   0   0   0   0 |     CGC   0   0   0   0   0   0
    CTA   1   1   1   1   1   1 |     CCA   1   1   1   1   1   1 | Gln CAA   0   0   0   0   0   0 |     CGA   1   1   1   1   1   1
    CTG   0   0   0   0   0   0 |     CCG   0   0   0   0   0   0 |     CAG   0   0   0   0   0   0 |     CGG   0   0   0   0   0   0
--------------------------------------------------------------------------------------------------------------------------------------
Ile ATT   0   0   0   0   0   0 | Thr ACT   1   1   1   1   1   1 | Asn AAT   5   5   5   5   5   5 | Ser AGT   1   1   1   1   1   1
    ATC   1   1   1   1   1   1 |     ACC   0   0   0   0   0   0 |     AAC   0   0   0   0   0   0 |     AGC   0   0   0   0   0   0
    ATA   2   2   2   2   2   2 |     ACA   3   3   3   3   3   3 | Lys AAA   6   6   6   6   6   6 | Arg AGA   2   2   2   2   2   2
Met ATG   1   1   1   1   1   1 |     ACG   0   0   0   0   0   0 |     AAG   1   1   1   1   1   1 |     AGG   1   1   1   1   1   1
--------------------------------------------------------------------------------------------------------------------------------------
Val GTT   2   1   2   2   3   3 | Ala GCT   3   2   3   2   2   2 | Asp GAT   6   6   6   6   6   6 | Gly GGT   3   3   3   3   3   3
    GTC   2   3   2   2   1   1 |     GCC   1   1   1   1   1   1 |     GAC   1   1   1   1   1   1 |     GGC   1   1   1   1   1   1
    GTA   2   1   2   2   2   2 |     GCA   2   2   2   2   3   2 | Glu GAA   2   2   2   2   2   2 |     GGA   3   3   3   3   3   3
    GTG   2   3   2   2   2   2 |     GCG   0   1   0   1   0   1 |     GAG   1   1   1   1   1   1 |     GGG   0   0   0   0   0   0
--------------------------------------------------------------------------------------------------------------------------------------

--------------------------------------------------------------------------------------------------------------------------------------
Phe TTT   1   1   1   1   1   1 | Ser TCT   1   1   1   1   1   1 | Tyr TAT   5   4   5   5   5   4 | Cys TGT   3   3   3   3   3   3
    TTC   0   0   0   0   0   0 |     TCC   0   0   0   0   0   0 |     TAC   1   2   1   1   1   2 |     TGC   0   0   0   0   0   0
Leu TTA   0   0   0   0   0   0 |     TCA   0   0   0   0   0   0 | *** TAA   0   0   0   0   0   0 | *** TGA   0   0   0   0   0   0
    TTG   0   0   0   0   0   0 |     TCG   0   0   0   0   0   0 |     TAG   0   0   0   0   0   0 | Trp TGG   2   2   2   2   2   2
--------------------------------------------------------------------------------------------------------------------------------------
Leu CTT   1   1   1   1   1   1 | Pro CCT   2   2   2   2   2   2 | His CAT   1   1   1   1   1   1 | Arg CGT   1   1   1   1   1   1
    CTC   1   1   1   1   1   1 |     CCC   0   0   0   0   0   0 |     CAC   0   0   0   0   0   0 |     CGC   0   0   0   0   0   0
    CTA   1   1   1   1   1   0 |     CCA   1   1   1   1   1   1 | Gln CAA   0   0   0   0   0   0 |     CGA   1   1   1   1   1   0
    CTG   0   0   0   0   0   1 |     CCG   0   0   0   0   0   0 |     CAG   0   0   0   0   0   0 |     CGG   0   0   0   0   0   1
--------------------------------------------------------------------------------------------------------------------------------------
Ile ATT   0   0   0   0   0   0 | Thr ACT   1   1   0   1   0   1 | Asn AAT   5   5   5   5   5   5 | Ser AGT   1   1   1   1   1   1
    ATC   1   1   1   1   1   1 |     ACC   0   0   0   0   1   0 |     AAC   0   0   0   0   0   0 |     AGC   0   0   0   0   0   0
    ATA   2   2   2   2   2   2 |     ACA   3   3   3   3   3   3 | Lys AAA   5   6   6   6   6   6 | Arg AGA   2   2   2   2   2   2
Met ATG   1   1   1   1   1   1 |     ACG   0   0   1   0   0   0 |     AAG   2   1   1   1   1   1 |     AGG   1   1   1   1   1   1
--------------------------------------------------------------------------------------------------------------------------------------
Val GTT   3   3   2   2   2   2 | Ala GCT   2   2   2   3   3   2 | Asp GAT   6   6   6   6   6   6 | Gly GGT   3   3   3   3   3   3
    GTC   1   1   2   2   2   2 |     GCC   1   1   1   1   1   1 |     GAC   1   1   1   1   1   1 |     GGC   1   1   1   1   1   1
    GTA   1   2   2   2   2   1 |     GCA   2   2   2   2   2   0 | Glu GAA   2   2   2   2   2   2 |     GGA   3   3   3   3   3   3
    GTG   3   2   2   2   2   3 |     GCG   1   1   1   0   0   3 |     GAG   1   1   1   1   1   1 |     GGG   0   0   0   0   0   0
--------------------------------------------------------------------------------------------------------------------------------------

--------------------------------------------------------------------------------------------------------------------------------------
Phe TTT   1   1   1   1   1   0 | Ser TCT   1   1   1   1   1   1 | Tyr TAT   5   5   5   5   5   5 | Cys TGT   3   3   3   3   3   3
    TTC   0   0   0   0   0   1 |     TCC   0   0   0   0   0   0 |     TAC   1   1   1   1   1   1 |     TGC   0   0   0   0   0   0
Leu TTA   0   0   0   0   0   0 |     TCA   0   0   0   0   0   0 | *** TAA   0   0   0   0   0   0 | *** TGA   0   0   0   0   0   0
    TTG   0   0   0   0   0   0 |     TCG   0   0   0   0   0   0 |     TAG   0   0   0   0   0   0 | Trp TGG   2   2   2   2   2   2
--------------------------------------------------------------------------------------------------------------------------------------
Leu CTT   1   1   1   1   1   1 | Pro CCT   2   2   2   2   2   2 | His CAT   1   1   1   1   1   1 | Arg CGT   1   1   1   1   1   1
    CTC   1   1   1   1   1   1 |     CCC   0   0   0   0   0   0 |     CAC   0   0   0   0   0   0 |     CGC   0   0   0   0   0   0
    CTA   1   1   1   1   1   1 |     CCA   1   1   1   1   1   1 | Gln CAA   0   0   0   0   0   0 |     CGA   1   1   0   1   0   1
    CTG   0   0   0   0   0   0 |     CCG   0   0   0   0   0   0 |     CAG   0   0   0   0   0   0 |     CGG   0   0   1   0   0   0
--------------------------------------------------------------------------------------------------------------------------------------
Ile ATT   0   0   0   0   0   0 | Thr ACT   1   1   1   1   1   1 | Asn AAT   5   5   5   5   5   5 | Ser AGT   1   1   1   1   1   1
    ATC   1   1   1   1   1   1 |     ACC   0   0   0   0   0   0 |     AAC   0   0   0   0   0   0 |     AGC   0   0   0   0   0   0
    ATA   2   2   2   2   2   2 |     ACA   3   3   3   3   3   3 | Lys AAA   6   6   6   6   6   6 | Arg AGA   2   2   2   2   3   2
Met ATG   1   1   1   1   1   1 |     ACG   0   0   0   0   0   0 |     AAG   1   1   1   1   1   1 |     AGG   1   1   1   1   1   1
--------------------------------------------------------------------------------------------------------------------------------------
Val GTT   3   3   2   3   2   2 | Ala GCT   2   2   2   2   2   2 | Asp GAT   6   6   6   6   6   6 | Gly GGT   3   3   3   3   3   3
    GTC   1   1   2   1   2   2 |     GCC   1   1   1   1   1   1 |     GAC   1   1   1   1   1   1 |     GGC   1   1   1   1   1   1
    GTA   2   2   1   2   2   1 |     GCA   2   3   2   2   2   2 | Glu GAA   2   2   2   2   2   2 |     GGA   3   3   3   3   3   3
    GTG   2   2   3   2   2   3 |     GCG   1   0   1   1   1   1 |     GAG   1   1   1   1   1   1 |     GGG   0   0   0   0   0   0
--------------------------------------------------------------------------------------------------------------------------------------

--------------------------------------------------------------------------------------------------------------------------------------
Phe TTT   1   1   0   1   1   1 | Ser TCT   1   1   1   1   1   1 | Tyr TAT   5   5   5   5   5   5 | Cys TGT   2   2   3   3   3   3
    TTC   0   0   1   0   0   0 |     TCC   0   0   0   0   0   0 |     TAC   1   1   1   1   1   1 |     TGC   1   1   0   0   0   0
Leu TTA   0   0   0   0   0   0 |     TCA   0   0   0   0   0   0 | *** TAA   0   0   0   0   0   0 | *** TGA   0   0   0   0   0   0
    TTG   0   0   0   0   0   0 |     TCG   0   0   0   0   0   0 |     TAG   0   0   0   0   0   0 | Trp TGG   2   2   2   2   2   2
--------------------------------------------------------------------------------------------------------------------------------------
Leu CTT   1   1   1   1   1   1 | Pro CCT   2   2   2   2   2   2 | His CAT   1   1   1   1   1   1 | Arg CGT   1   1   1   1   1   1
    CTC   1   1   1   1   1   1 |     CCC   0   0   0   0   0   0 |     CAC   0   0   0   0   0   0 |     CGC   0   0   0   0   0   0
    CTA   1   1   1   1   1   1 |     CCA   1   1   1   1   1   1 | Gln CAA   0   0   0   0   0   0 |     CGA   1   1   1   1   1   1
    CTG   0   0   0   0   0   0 |     CCG   0   0   0   0   0   0 |     CAG   0   0   0   0   0   0 |     CGG   0   0   0   0   0   0
--------------------------------------------------------------------------------------------------------------------------------------
Ile ATT   0   0   0   0   0   0 | Thr ACT   1   1   1   1   0   1 | Asn AAT   5   5   5   5   5   5 | Ser AGT   1   1   1   1   1   1
    ATC   1   1   1   1   1   1 |     ACC   0   0   0   0   0   0 |     AAC   0   0   0   0   0   0 |     AGC   0   0   0   0   0   0
    ATA   2   2   2   2   2   2 |     ACA   3   3   3   3   3   3 | Lys AAA   6   6   5   6   6   6 | Arg AGA   2   2   2   2   2   2
Met ATG   1   1   1   1   1   1 |     ACG   0   0   0   0   1   0 |     AAG   1   1   2   1   1   1 |     AGG   1   1   1   1   1   1
--------------------------------------------------------------------------------------------------------------------------------------
Val GTT   3   3   1   2   2   3 | Ala GCT   2   2   2   2   2   2 | Asp GAT   6   5   5   6   6   6 | Gly GGT   3   3   3   3   3   3
    GTC   1   1   3   2   2   1 |     GCC   1   1   1   1   1   1 |     GAC   1   2   2   1   1   1 |     GGC   1   1   1   1   1   1
    GTA   2   2   1   2   2   2 |     GCA   2   2   2   2   2   2 | Glu GAA   2   2   2   2   2   2 |     GGA   3   3   3   3   3   3
    GTG   2   2   3   2   2   2 |     GCG   1   1   1   1   1   1 |     GAG   1   1   1   1   1   1 |     GGG   0   0   0   0   0   0
--------------------------------------------------------------------------------------------------------------------------------------

--------------------------------------------------------------------------------------------------------------------------------------
Phe TTT   1   1   1   1   1   1 | Ser TCT   1   1   1   1   1   1 | Tyr TAT   4   5   5   5   5   5 | Cys TGT   3   3   2   3   3   3
    TTC   0   0   0   0   0   0 |     TCC   0   0   0   0   0   0 |     TAC   2   1   1   1   1   1 |     TGC   0   0   1   0   0   0
Leu TTA   0   0   0   0   0   0 |     TCA   0   0   0   0   0   0 | *** TAA   0   0   0   0   0   0 | *** TGA   0   0   0   0   0   0
    TTG   0   0   0   0   0   0 |     TCG   0   0   0   0   0   0 |     TAG   0   0   0   0   0   0 | Trp TGG   2   2   2   2   2   2
--------------------------------------------------------------------------------------------------------------------------------------
Leu CTT   1   1   1   1   1   1 | Pro CCT   2   2   2   2   2   2 | His CAT   1   1   1   1   1   1 | Arg CGT   1   1   1   1   1   1
    CTC   1   1   1   1   1   1 |     CCC   0   0   0   0   0   0 |     CAC   0   0   0   0   0   0 |     CGC   0   0   0   0   0   0
    CTA   0   1   1   1   1   1 |     CCA   1   1   1   1   1   1 | Gln CAA   0   0   0   0   0   0 |     CGA   0   1   1   1   1   1
    CTG   1   0   0   0   0   0 |     CCG   0   0   0   0   0   0 |     CAG   0   0   0   0   0   0 |     CGG   1   0   0   0   0   0
--------------------------------------------------------------------------------------------------------------------------------------
Ile ATT   0   0   0   0   0   0 | Thr ACT   1   1   1   1   1   0 | Asn AAT   5   5   5   5   5   5 | Ser AGT   1   1   1   1   1   1
    ATC   1   1   1   1   1   1 |     ACC   0   0   0   0   0   0 |     AAC   0   0   0   0   0   0 |     AGC   0   0   0   0   0   0
    ATA   2   2   2   2   2   2 |     ACA   3   3   3   3   3   3 | Lys AAA   6   6   6   6   6   6 | Arg AGA   2   2   2   2   2   2
Met ATG   1   1   1   1   1   1 |     ACG   0   0   0   0   0   1 |     AAG   1   1   1   1   1   1 |     AGG   1   1   1   1   1   1
--------------------------------------------------------------------------------------------------------------------------------------
Val GTT   2   3   3   2   4   2 | Ala GCT   2   2   2   3   2   2 | Asp GAT   6   6   6   6   6   6 | Gly GGT   3   3   3   3   3   3
    GTC   2   1   1   2   0   2 |     GCC   1   1   1   1   1   1 |     GAC   1   1   1   1   1   1 |     GGC   1   1   1   1   1   1
    GTA   1   2   2   2   2   2 |     GCA   3   2   2   2   2   3 | Glu GAA   2   2   2   2   2   2 |     GGA   3   3   3   3   3   3
    GTG   3   2   2   2   2   2 |     GCG   0   1   1   0   1   0 |     GAG   1   1   1   1   1   1 |     GGG   0   0   0   0   0   0
--------------------------------------------------------------------------------------------------------------------------------------

--------------------------------------------------------------------------------------------------------------------------------------
Phe TTT   1   1   1   1   1   1 | Ser TCT   1   1   1   1   1   1 | Tyr TAT   5   4   5   5   5   5 | Cys TGT   3   3   3   3   3   2
    TTC   0   0   0   0   0   0 |     TCC   0   0   0   0   0   0 |     TAC   1   2   1   1   1   1 |     TGC   0   0   0   0   0   1
Leu TTA   0   0   0   0   0   0 |     TCA   0   0   0   0   0   0 | *** TAA   0   0   0   0   0   0 | *** TGA   0   0   0   0   0   0
    TTG   0   0   0   0   0   0 |     TCG   0   0   0   0   0   0 |     TAG   0   0   0   0   0   0 | Trp TGG   2   2   2   2   2   2
--------------------------------------------------------------------------------------------------------------------------------------
Leu CTT   1   1   1   1   1   1 | Pro CCT   2   2   2   2   2   2 | His CAT   1   1   1   1   1   1 | Arg CGT   1   1   1   1   1   1
    CTC   1   1   1   1   1   1 |     CCC   0   0   0   0   0   0 |     CAC   0   0   0   0   0   0 |     CGC   0   0   0   0   0   0
    CTA   1   1   1   1   1   1 |     CCA   1   1   1   1   1   1 | Gln CAA   0   0   0   0   0   0 |     CGA   1   1   1   1   1   1
    CTG   0   0   0   0   0   0 |     CCG   0   0   0   0   0   0 |     CAG   0   0   0   0   0   0 |     CGG   0   0   0   0   0   0
--------------------------------------------------------------------------------------------------------------------------------------
Ile ATT   0   0   0   0   0   0 | Thr ACT   0   1   1   1   1   1 | Asn AAT   5   5   5   5   5   5 | Ser AGT   1   1   1   1   1   1
    ATC   1   1   1   1   1   1 |     ACC   0   0   0   0   0   0 |     AAC   0   0   0   0   0   0 |     AGC   0   0   0   0   0   0
    ATA   2   2   2   2   2   2 |     ACA   3   3   2   3   3   3 | Lys AAA   6   6   6   6   6   6 | Arg AGA   2   2   2   2   2   2
Met ATG   1   1   1   1   1   1 |     ACG   1   0   1   0   0   0 |     AAG   1   1   1   1   1   1 |     AGG   1   1   1   1   1   1
--------------------------------------------------------------------------------------------------------------------------------------
Val GTT   2   3   2   2   3   3 | Ala GCT   2   2   2   3   2   2 | Asp GAT   5   6   6   6   6   6 | Gly GGT   3   3   3   3   3   3
    GTC   2   1   2   2   1   1 |     GCC   1   1   1   1   1   1 |     GAC   2   1   1   1   1   1 |     GGC   1   1   1   1   1   1
    GTA   2   2   1   2   2   2 |     GCA   2   3   2   2   2   3 | Glu GAA   2   2   2   2   2   2 |     GGA   3   3   3   3   3   3
    GTG   2   2   3   2   2   2 |     GCG   1   0   1   0   1   0 |     GAG   1   1   1   1   1   1 |     GGG   0   0   0   0   0   0
--------------------------------------------------------------------------------------------------------------------------------------

--------------------------------------------------------------------------------------------------------------------------------------
Phe TTT   1   1   1   1   1   1 | Ser TCT   1   1   1   1   1   1 | Tyr TAT   5   5   5   5   4   5 | Cys TGT   2   3   2   2   3   3
    TTC   0   0   0   0   0   0 |     TCC   0   0   0   0   0   0 |     TAC   1   1   1   1   2   1 |     TGC   1   0   1   1   0   0
Leu TTA   0   0   0   0   0   0 |     TCA   0   0   0   0   0   0 | *** TAA   0   0   0   0   0   0 | *** TGA   0   0   0   0   0   0
    TTG   0   0   0   0   0   0 |     TCG   0   0   0   0   0   0 |     TAG   0   0   0   0   0   0 | Trp TGG   2   2   2   2   2   2
--------------------------------------------------------------------------------------------------------------------------------------
Leu CTT   1   1   1   1   1   1 | Pro CCT   2   2   2   2   2   2 | His CAT   1   1   1   1   1   1 | Arg CGT   1   1   1   1   1   1
    CTC   1   1   1   1   1   1 |     CCC   0   0   0   0   0   0 |     CAC   0   0   0   0   0   0 |     CGC   0   0   0   0   0   0
    CTA   1   1   1   1   1   1 |     CCA   1   1   1   1   1   1 | Gln CAA   0   0   0   0   0   0 |     CGA   1   1   1   1   1   1
    CTG   0   0   0   0   0   0 |     CCG   0   0   0   0   0   0 |     CAG   0   0   0   0   0   0 |     CGG   0   0   0   0   0   0
--------------------------------------------------------------------------------------------------------------------------------------
Ile ATT   0   0   0   0   0   0 | Thr ACT   1   1   1   1   1   1 | Asn AAT   5   5   5   5   5   5 | Ser AGT   1   1   1   1   1   1
    ATC   0   1   1   1   1   1 |     ACC   0   0   0   0   0   0 |     AAC   0   0   0   0   0   0 |     AGC   0   0   0   0   0   0
    ATA   2   2   2   2   2   2 |     ACA   3   3   3   3   3   3 | Lys AAA   6   6   6   6   6   6 | Arg AGA   2   2   2   2   2   2
Met ATG   1   1   1   1   1   1 |     ACG   0   0   0   0   0   0 |     AAG   1   1   1   1   1   1 |     AGG   1   1   1   1   1   1
--------------------------------------------------------------------------------------------------------------------------------------
Val GTT   3   2   3   3   3   3 | Ala GCT   2   2   2   2   2   3 | Asp GAT   6   6   6   6   6   6 | Gly GGT   3   3   3   3   3   3
    GTC   2   2   1   1   1   1 |     GCC   1   1   1   1   1   1 |     GAC   1   1   1   1   1   1 |     GGC   1   1   1   1   1   1
    GTA   2   2   2   2   2   2 |     GCA   2   2   2   2   2   2 | Glu GAA   2   2   2   2   2   1 |     GGA   3   3   3   3   3   3
    GTG   2   2   2   2   2   2 |     GCG   1   1   1   1   1   0 |     GAG   1   1   1   1   1   2 |     GGG   0   0   0   0   0   0
--------------------------------------------------------------------------------------------------------------------------------------

--------------------------------------------------------------------------------------------------------------------------------------
Phe TTT   1   1   1   1   1   1 | Ser TCT   1   1   1   1   1   1 | Tyr TAT   5   5   5   5   5   5 | Cys TGT   3   3   3   3   3   3
    TTC   0   0   0   0   0   0 |     TCC   0   0   0   0   0   0 |     TAC   1   1   1   1   1   1 |     TGC   0   0   0   0   0   0
Leu TTA   0   0   0   0   0   0 |     TCA   0   0   0   0   0   0 | *** TAA   0   0   0   0   0   0 | *** TGA   0   0   0   0   0   0
    TTG   0   0   0   0   0   0 |     TCG   0   0   0   0   0   0 |     TAG   0   0   0   0   0   0 | Trp TGG   2   2   2   2   2   2
--------------------------------------------------------------------------------------------------------------------------------------
Leu CTT   1   1   1   1   1   1 | Pro CCT   2   2   2   2   2   2 | His CAT   1   1   1   1   1   1 | Arg CGT   1   1   1   1   1   1
    CTC   1   1   1   2   1   1 |     CCC   0   0   0   0   0   0 |     CAC   0   0   0   0   0   0 |     CGC   0   0   0   0   0   0
    CTA   1   1   1   0   1   1 |     CCA   1   1   1   1   1   1 | Gln CAA   0   0   0   0   0   0 |     CGA   1   1   1   1   1   1
    CTG   0   0   0   0   0   0 |     CCG   0   0   0   0   0   0 |     CAG   0   0   0   0   0   0 |     CGG   0   0   0   0   0   0
--------------------------------------------------------------------------------------------------------------------------------------
Ile ATT   0   0   0   0   0   0 | Thr ACT   1   0   1   1   1   1 | Asn AAT   5   5   5   5   5   5 | Ser AGT   1   1   1   1   1   1
    ATC   1   1   1   1   1   1 |     ACC   0   1   0   0   0   0 |     AAC   0   0   0   0   0   0 |     AGC   0   0   0   0   0   0
    ATA   2   2   2   2   2   2 |     ACA   3   3   3   3   3   3 | Lys AAA   6   6   6   6   6   6 | Arg AGA   2   2   2   2   2   2
Met ATG   1   1   1   1   1   1 |     ACG   0   0   0   0   0   0 |     AAG   1   1   1   1   1   1 |     AGG   1   1   1   1   1   1
--------------------------------------------------------------------------------------------------------------------------------------
Val GTT   3   3   2   3   3   3 | Ala GCT   2   2   3   2   2   2 | Asp GAT   6   6   6   6   6   6 | Gly GGT   3   3   3   3   3   3
    GTC   1   1   2   1   1   1 |     GCC   1   1   1   1   1   1 |     GAC   1   1   1   1   1   1 |     GGC   1   1   1   1   1   1
    GTA   1   1   2   2   2   2 |     GCA   2   2   2   2   2   2 | Glu GAA   2   2   2   2   2   2 |     GGA   3   3   3   3   3   3
    GTG   3   3   2   2   2   2 |     GCG   1   1   0   1   1   1 |     GAG   1   1   1   1   1   1 |     GGG   0   0   0   0   0   0
--------------------------------------------------------------------------------------------------------------------------------------

Codon position x base (3x4) table for each sequence.

#1: Argali         
position  1:    T:0.16883    C:0.11688    A:0.31169    G:0.40260
position  2:    T:0.20779    C:0.18182    A:0.37662    G:0.23377
position  3:    T:0.44156    C:0.11688    A:0.31169    G:0.12987
Average         T:0.27273    C:0.13853    A:0.33333    G:0.25541

#2: LesserMouseDeer
position  1:    T:0.16883    C:0.11688    A:0.31169    G:0.40260
position  2:    T:0.20779    C:0.18182    A:0.37662    G:0.23377
position  3:    T:0.45455    C:0.09091    A:0.33766    G:0.11688
Average         T:0.27706    C:0.12987    A:0.34199    G:0.25108

#3: LesserKudu     
position  1:    T:0.16883    C:0.11688    A:0.31169    G:0.40260
position  2:    T:0.20779    C:0.18182    A:0.37662    G:0.23377
position  3:    T:0.46753    C:0.09091    A:0.32468    G:0.11688
Average         T:0.28139    C:0.12987    A:0.33766    G:0.25108

#4: ForestMuskDeer2
position  1:    T:0.16883    C:0.11688    A:0.31169    G:0.40260
position  2:    T:0.20779    C:0.18182    A:0.37662    G:0.23377
position  3:    T:0.46753    C:0.10390    A:0.31169    G:0.11688
Average         T:0.28139    C:0.13420    A:0.33333    G:0.25108

#5: Camel          
position  1:    T:0.16883    C:0.11688    A:0.29870    G:0.41558
position  2:    T:0.20779    C:0.18182    A:0.37662    G:0.23377
position  3:    T:0.41558    C:0.11688    A:0.31169    G:0.15584
Average         T:0.26407    C:0.13853    A:0.32900    G:0.26840

#6: KillerWhale    
position  1:    T:0.16883    C:0.11688    A:0.31169    G:0.40260
position  2:    T:0.20779    C:0.18182    A:0.37662    G:0.23377
position  3:    T:0.44156    C:0.10390    A:0.33766    G:0.11688
Average         T:0.27273    C:0.13420    A:0.34199    G:0.25108

#7: DefassaWaterbuck
position  1:    T:0.16883    C:0.11688    A:0.31169    G:0.40260
position  2:    T:0.20779    C:0.18182    A:0.37662    G:0.23377
position  3:    T:0.46753    C:0.10390    A:0.32468    G:0.10390
Average         T:0.28139    C:0.13420    A:0.33766    G:0.24675

#8: Sheep          
position  1:    T:0.16883    C:0.11688    A:0.31169    G:0.40260
position  2:    T:0.20779    C:0.18182    A:0.37662    G:0.23377
position  3:    T:0.44156    C:0.11688    A:0.31169    G:0.12987
Average         T:0.27273    C:0.13853    A:0.33333    G:0.25541

#9: MaxwellsDuiker 
position  1:    T:0.16883    C:0.11688    A:0.31169    G:0.40260
position  2:    T:0.20779    C:0.18182    A:0.37662    G:0.23377
position  3:    T:0.45455    C:0.11688    A:0.32468    G:0.10390
Average         T:0.27706    C:0.13853    A:0.33766    G:0.24675

#10: GazellaPrzewalskyi
position  1:    T:0.16883    C:0.11688    A:0.31169    G:0.40260
position  2:    T:0.20779    C:0.18182    A:0.37662    G:0.23377
position  3:    T:0.45455    C:0.10390    A:0.32468    G:0.11688
Average         T:0.27706    C:0.13420    A:0.33766    G:0.25108

#11: MountainNyala  
position  1:    T:0.16883    C:0.11688    A:0.31169    G:0.40260
position  2:    T:0.20779    C:0.18182    A:0.37662    G:0.23377
position  3:    T:0.46753    C:0.09091    A:0.33766    G:0.10390
Average         T:0.28139    C:0.12987    A:0.34199    G:0.24675

#12: MuntiacusMuntjak
position  1:    T:0.16883    C:0.11688    A:0.31169    G:0.40260
position  2:    T:0.20779    C:0.18182    A:0.37662    G:0.23377
position  3:    T:0.45455    C:0.10390    A:0.32468    G:0.11688
Average         T:0.27706    C:0.13420    A:0.33766    G:0.25108

#13: goat           
position  1:    T:0.16883    C:0.11688    A:0.31169    G:0.40260
position  2:    T:0.20779    C:0.18182    A:0.37662    G:0.23377
position  3:    T:0.46753    C:0.09091    A:0.29870    G:0.14286
Average         T:0.28139    C:0.12987    A:0.32900    G:0.25974

#14: AfricanBuffalo 
position  1:    T:0.16883    C:0.11688    A:0.31169    G:0.40260
position  2:    T:0.20779    C:0.18182    A:0.37662    G:0.23377
position  3:    T:0.45455    C:0.10390    A:0.32468    G:0.11688
Average         T:0.27706    C:0.13420    A:0.33766    G:0.25108

#15: Topi           
position  1:    T:0.16883    C:0.11688    A:0.31169    G:0.40260
position  2:    T:0.20779    C:0.18182    A:0.37662    G:0.23377
position  3:    T:0.44156    C:0.10390    A:0.32468    G:0.12987
Average         T:0.27273    C:0.13420    A:0.33766    G:0.25541

#16: CommonDuiker   
position  1:    T:0.16883    C:0.11688    A:0.31169    G:0.40260
position  2:    T:0.20779    C:0.18182    A:0.37662    G:0.23377
position  3:    T:0.46753    C:0.10390    A:0.32468    G:0.10390
Average         T:0.28139    C:0.13420    A:0.33766    G:0.24675

#17: Suni           
position  1:    T:0.16883    C:0.11688    A:0.31169    G:0.40260
position  2:    T:0.20779    C:0.18182    A:0.37662    G:0.23377
position  3:    T:0.45455    C:0.11688    A:0.32468    G:0.10390
Average         T:0.27706    C:0.13853    A:0.33766    G:0.24675

#18: Springbuck     
position  1:    T:0.16883    C:0.11688    A:0.31169    G:0.40260
position  2:    T:0.20779    C:0.18182    A:0.37662    G:0.23377
position  3:    T:0.44156    C:0.11688    A:0.25974    G:0.18182
Average         T:0.27273    C:0.13853    A:0.31602    G:0.27273

#19: Okapi          
position  1:    T:0.16883    C:0.11688    A:0.31169    G:0.40260
position  2:    T:0.20779    C:0.18182    A:0.37662    G:0.23377
position  3:    T:0.46753    C:0.09091    A:0.32468    G:0.11688
Average         T:0.28139    C:0.12987    A:0.33766    G:0.25108

#20: Giraffe        
position  1:    T:0.16883    C:0.11688    A:0.31169    G:0.40260
position  2:    T:0.20779    C:0.18182    A:0.37662    G:0.23377
position  3:    T:0.46753    C:0.09091    A:0.33766    G:0.10390
Average         T:0.28139    C:0.12987    A:0.34199    G:0.24675

#21: TibetanAntelope
position  1:    T:0.16883    C:0.11688    A:0.31169    G:0.40260
position  2:    T:0.20779    C:0.18182    A:0.37662    G:0.23377
position  3:    T:0.45455    C:0.10390    A:0.29870    G:0.14286
Average         T:0.27706    C:0.13420    A:0.32900    G:0.25974

#22: Sitatunga      
position  1:    T:0.16883    C:0.11688    A:0.31169    G:0.40260
position  2:    T:0.20779    C:0.18182    A:0.37662    G:0.23377
position  3:    T:0.46753    C:0.09091    A:0.32468    G:0.11688
Average         T:0.28139    C:0.12987    A:0.33766    G:0.25108

#23: Oribi          
position  1:    T:0.16883    C:0.10390    A:0.32468    G:0.40260
position  2:    T:0.20779    C:0.18182    A:0.37662    G:0.23377
position  3:    T:0.45455    C:0.10390    A:0.32468    G:0.11688
Average         T:0.27706    C:0.12987    A:0.34199    G:0.25108

#24: BarbarySheep   
position  1:    T:0.16883    C:0.11688    A:0.31169    G:0.40260
position  2:    T:0.20779    C:0.18182    A:0.37662    G:0.23377
position  3:    T:0.44156    C:0.11688    A:0.31169    G:0.12987
Average         T:0.27273    C:0.13853    A:0.33333    G:0.25541

#25: Daviddeer      
position  1:    T:0.16883    C:0.11688    A:0.31169    G:0.40260
position  2:    T:0.20779    C:0.18182    A:0.37662    G:0.23377
position  3:    T:0.45455    C:0.10390    A:0.32468    G:0.11688
Average         T:0.27706    C:0.13420    A:0.33766    G:0.25108

#26: Reindeer       
position  1:    T:0.16883    C:0.11688    A:0.31169    G:0.40260
position  2:    T:0.20779    C:0.18182    A:0.37662    G:0.23377
position  3:    T:0.44156    C:0.11688    A:0.32468    G:0.11688
Average         T:0.27273    C:0.13853    A:0.33766    G:0.25108

#27: Ibex           
position  1:    T:0.16883    C:0.11688    A:0.31169    G:0.40260
position  2:    T:0.20779    C:0.18182    A:0.37662    G:0.23377
position  3:    T:0.41558    C:0.14286    A:0.29870    G:0.14286
Average         T:0.26407    C:0.14719    A:0.32900    G:0.25974

#28: GyrantGazelle  
position  1:    T:0.16883    C:0.11688    A:0.31169    G:0.40260
position  2:    T:0.20779    C:0.18182    A:0.37662    G:0.23377
position  3:    T:0.45455    C:0.10390    A:0.32468    G:0.11688
Average         T:0.27706    C:0.13420    A:0.33766    G:0.25108

#29: Hartebeest     
position  1:    T:0.16883    C:0.11688    A:0.31169    G:0.40260
position  2:    T:0.20779    C:0.18182    A:0.37662    G:0.23377
position  3:    T:0.44156    C:0.10390    A:0.32468    G:0.12987
Average         T:0.27273    C:0.13420    A:0.33766    G:0.25541

#30: Bongo          
position  1:    T:0.16883    C:0.11688    A:0.31169    G:0.40260
position  2:    T:0.20779    C:0.18182    A:0.37662    G:0.23377
position  3:    T:0.46753    C:0.09091    A:0.32468    G:0.11688
Average         T:0.28139    C:0.12987    A:0.33766    G:0.25108

#31: Gerenuk        
position  1:    T:0.16883    C:0.11688    A:0.31169    G:0.40260
position  2:    T:0.20779    C:0.18182    A:0.37662    G:0.23377
position  3:    T:0.44156    C:0.11688    A:0.29870    G:0.14286
Average         T:0.27273    C:0.13853    A:0.32900    G:0.25974

#32: CommonEland    
position  1:    T:0.16883    C:0.11688    A:0.31169    G:0.40260
position  2:    T:0.20779    C:0.18182    A:0.37662    G:0.23377
position  3:    T:0.46753    C:0.09091    A:0.32468    G:0.11688
Average         T:0.28139    C:0.12987    A:0.33766    G:0.25108

#33: MuntiacusReevesi
position  1:    T:0.16883    C:0.11688    A:0.31169    G:0.40260
position  2:    T:0.20779    C:0.18182    A:0.37662    G:0.23377
position  3:    T:0.45455    C:0.10390    A:0.32468    G:0.11688
Average         T:0.27706    C:0.13420    A:0.33766    G:0.25108

#34: HarveysDuiker  
position  1:    T:0.16883    C:0.11688    A:0.31169    G:0.40260
position  2:    T:0.20779    C:0.18182    A:0.37662    G:0.23377
position  3:    T:0.46753    C:0.10390    A:0.32468    G:0.10390
Average         T:0.28139    C:0.13420    A:0.33766    G:0.24675

#35: Pronghorn      
position  1:    T:0.16883    C:0.11688    A:0.31169    G:0.40260
position  2:    T:0.20779    C:0.18182    A:0.37662    G:0.23377
position  3:    T:0.48052    C:0.07792    A:0.32468    G:0.11688
Average         T:0.28571    C:0.12554    A:0.33766    G:0.25108

#36: BlueWildebeest 
position  1:    T:0.16883    C:0.11688    A:0.31169    G:0.40260
position  2:    T:0.20779    C:0.18182    A:0.37662    G:0.23377
position  3:    T:0.44156    C:0.10390    A:0.33766    G:0.11688
Average         T:0.27273    C:0.13420    A:0.34199    G:0.25108

#37: Gemsbok        
position  1:    T:0.16883    C:0.11688    A:0.31169    G:0.40260
position  2:    T:0.20779    C:0.18182    A:0.37662    G:0.23377
position  3:    T:0.42857    C:0.11688    A:0.32468    G:0.12987
Average         T:0.26840    C:0.13853    A:0.33766    G:0.25541

#38: Yak            
position  1:    T:0.16883    C:0.11688    A:0.31169    G:0.40260
position  2:    T:0.20779    C:0.18182    A:0.37662    G:0.23377
position  3:    T:0.45455    C:0.10390    A:0.33766    G:0.10390
Average         T:0.27706    C:0.13420    A:0.34199    G:0.24675

#39: BlueSheep      
position  1:    T:0.16883    C:0.11688    A:0.31169    G:0.40260
position  2:    T:0.20779    C:0.18182    A:0.37662    G:0.23377
position  3:    T:0.45455    C:0.10390    A:0.29870    G:0.14286
Average         T:0.27706    C:0.13420    A:0.32900    G:0.25974

#40: BohorReedbuck  
position  1:    T:0.16883    C:0.11688    A:0.31169    G:0.40260
position  2:    T:0.20779    C:0.18182    A:0.37662    G:0.23377
position  3:    T:0.46753    C:0.10390    A:0.32468    G:0.10390
Average         T:0.28139    C:0.13420    A:0.33766    G:0.24675

#41: KirksDik       
position  1:    T:0.16883    C:0.11688    A:0.31169    G:0.40260
position  2:    T:0.20779    C:0.18182    A:0.37662    G:0.23377
position  3:    T:0.46753    C:0.09091    A:0.32468    G:0.11688
Average         T:0.28139    C:0.12987    A:0.33766    G:0.25108

#42: RoeDeer        
position  1:    T:0.16883    C:0.11688    A:0.31169    G:0.40260
position  2:    T:0.20779    C:0.18182    A:0.37662    G:0.23377
position  3:    T:0.45455    C:0.10390    A:0.33766    G:0.10390
Average         T:0.27706    C:0.13420    A:0.34199    G:0.24675

#43: WhiteLippedDeer
position  1:    T:0.16883    C:0.11688    A:0.29870    G:0.41558
position  2:    T:0.20779    C:0.18182    A:0.37662    G:0.23377
position  3:    T:0.45455    C:0.10390    A:0.32468    G:0.11688
Average         T:0.27706    C:0.13420    A:0.33333    G:0.25541

#44: ThomsonGazelle 
position  1:    T:0.16883    C:0.11688    A:0.31169    G:0.40260
position  2:    T:0.20779    C:0.18182    A:0.37662    G:0.23377
position  3:    T:0.45455    C:0.10390    A:0.32468    G:0.11688
Average         T:0.27706    C:0.13420    A:0.33766    G:0.25108

#45: MuntiacusCrinifrons
position  1:    T:0.16883    C:0.11688    A:0.31169    G:0.40260
position  2:    T:0.20779    C:0.18182    A:0.37662    G:0.23377
position  3:    T:0.45455    C:0.10390    A:0.32468    G:0.11688
Average         T:0.27706    C:0.13420    A:0.33766    G:0.25108

#46: WhiteTailedDeer
position  1:    T:0.16883    C:0.11688    A:0.31169    G:0.40260
position  2:    T:0.20779    C:0.18182    A:0.37662    G:0.23377
position  3:    T:0.45455    C:0.10390    A:0.32468    G:0.11688
Average         T:0.27706    C:0.13420    A:0.33766    G:0.25108

#47: Cattle         
position  1:    T:0.16883    C:0.11688    A:0.31169    G:0.40260
position  2:    T:0.20779    C:0.18182    A:0.37662    G:0.23377
position  3:    T:0.45455    C:0.10390    A:0.32468    G:0.11688
Average         T:0.27706    C:0.13420    A:0.33766    G:0.25108

#48: RoyalAntelope  
position  1:    T:0.16883    C:0.11688    A:0.31169    G:0.40260
position  2:    T:0.20779    C:0.18182    A:0.37662    G:0.23377
position  3:    T:0.48052    C:0.09091    A:0.31169    G:0.11688
Average         T:0.28571    C:0.12987    A:0.33333    G:0.25108

#49: Steenbok       
position  1:    T:0.16883    C:0.11688    A:0.31169    G:0.40260
position  2:    T:0.20779    C:0.18182    A:0.37662    G:0.23377
position  3:    T:0.46753    C:0.09091    A:0.31169    G:0.12987
Average         T:0.28139    C:0.12987    A:0.33333    G:0.25541

#50: Impala         
position  1:    T:0.16883    C:0.11688    A:0.31169    G:0.40260
position  2:    T:0.20779    C:0.18182    A:0.37662    G:0.23377
position  3:    T:0.45455    C:0.10390    A:0.31169    G:0.12987
Average         T:0.27706    C:0.13420    A:0.33333    G:0.25541

#51: Klipspringer   
position  1:    T:0.16883    C:0.11688    A:0.31169    G:0.40260
position  2:    T:0.20779    C:0.18182    A:0.37662    G:0.23377
