CODONML (in paml version 4.10.7, June 2023)  /home/rachel/ruminants_paml/6406-phy-tree/ENSBTAT00000016718.fasta.phy
Model: free dN/dS Ratios for branches,  kappa = 2.000 fixed

Codon frequency model: F3x4
ns =  54  ls =  21

Codon usage in sequences
--------------------------------------------------------------------------------------------------------------------------------------
Phe TTT   0   0   0   0   0   0 | Ser TCT   0   0   0   0   0   0 | Tyr TAT   0   0   0   0   0   0 | Cys TGT   0   0   0   0   0   0
    TTC   1   1   1   1   1   1 |     TCC   0   0   0   0   0   0 |     TAC   1   1   1   1   1   1 |     TGC   0   0   0   0   0   0
Leu TTA   0   0   0   0   0   0 |     TCA   0   0   0   0   0   0 | *** TAA   0   0   0   0   0   0 | *** TGA   0   0   0   0   0   0
    TTG   1   1   1   1   0   1 |     TCG   0   0   0   0   0   0 |     TAG   0   0   0   0   0   0 | Trp TGG   0   0   0   0   0   0
--------------------------------------------------------------------------------------------------------------------------------------
Leu CTT   0   0   0   0   0   0 | Pro CCT   0   0   0   0   0   0 | His CAT   0   0   0   0   0   0 | Arg CGT   0   0   0   0   0   0
    CTC   0   0   0   0   0   0 |     CCC   0   0   0   0   0   0 |     CAC   0   0   0   0   0   0 |     CGC   0   0   0   0   0   0
    CTA   0   0   0   0   0   0 |     CCA   0   0   0   0   0   0 | Gln CAA   1   1   1   1   0   1 |     CGA   0   0   0   0   0   0
    CTG   1   1   1   1   1   1 |     CCG   0   0   0   0   0   0 |     CAG   0   0   0   0   0   0 |     CGG   0   0   0   0   0   0
--------------------------------------------------------------------------------------------------------------------------------------
Ile ATT   0   0   0   0   0   0 | Thr ACT   0   2   2   2   1   1 | Asn AAT   1   2   1   1   1   0 | Ser AGT   1   0   1   1   1   1
    ATC   0   1   0   0   1   1 |     ACC   0   0   0   0   0   0 |     AAC   0   0   0   0   0   1 |     AGC   0   0   0   0   0   0
    ATA   1   1   1   1   1   1 |     ACA   0   1   0   0   2   1 | Lys AAA   2   2   2   2   2   2 | Arg AGA   0   0   0   0   0   0
Met ATG   0   0   0   0   1   0 |     ACG   1   0   0   0   0   1 |     AAG   0   0   0   0   0   0 |     AGG   0   0   0   0   0   0
--------------------------------------------------------------------------------------------------------------------------------------
Val GTT   1   1   1   1   1   1 | Ala GCT   2   1   1   1   1   1 | Asp GAT   1   0   2   1   0   0 | Gly GGT   0   0   0   0   0   0
    GTC   2   1   2   2   1   1 |     GCC   0   0   0   0   0   0 |     GAC   2   3   1   2   3   3 |     GGC   0   0   0   0   0   0
    GTA   1   1   1   1   0   1 |     GCA   1   0   1   1   0   0 | Glu GAA   0   0   0   0   0   0 |     GGA   0   0   0   0   0   0
    GTG   0   0   0   0   1   0 |     GCG   0   0   0   0   0   0 |     GAG   0   0   0   0   1   0 |     GGG   0   0   0   0   0   0
--------------------------------------------------------------------------------------------------------------------------------------

--------------------------------------------------------------------------------------------------------------------------------------
Phe TTT   0   0   0   0   0   0 | Ser TCT   0   0   0   0   0   0 | Tyr TAT   0   0   0   0   0   1 | Cys TGT   0   0   0   0   0   0
    TTC   1   1   1   1   1   1 |     TCC   0   0   0   0   0   0 |     TAC   1   1   1   1   1   1 |     TGC   0   0   0   0   0   0
Leu TTA   0   0   0   0   0   0 |     TCA   0   0   0   0   0   0 | *** TAA   0   0   0   0   0   0 | *** TGA   0   0   0   0   0   0
    TTG   1   1   1   1   1   1 |     TCG   0   0   0   0   0   0 |     TAG   0   0   0   0   0   0 | Trp TGG   0   0   0   0   0   0
--------------------------------------------------------------------------------------------------------------------------------------
Leu CTT   0   0   0   0   0   0 | Pro CCT   0   0   0   0   0   0 | His CAT   0   0   0   0   0   0 | Arg CGT   0   0   0   0   0   0
    CTC   0   0   0   0   0   0 |     CCC   0   0   0   0   0   0 |     CAC   0   0   0   0   0   0 |     CGC   0   0   0   0   0   0
    CTA   0   0   0   0   0   0 |     CCA   0   0   0   0   0   0 | Gln CAA   1   1   1   1   1   1 |     CGA   0   0   0   0   0   0
    CTG   1   1   1   1   1   1 |     CCG   0   0   0   0   0   0 |     CAG   0   0   0   0   0   0 |     CGG   0   0   0   0   0   0
--------------------------------------------------------------------------------------------------------------------------------------
Ile ATT   0   0   0   0   0   0 | Thr ACT   1   0   2   2   2   2 | Asn AAT   1   1   1   1   1   1 | Ser AGT   1   1   1   0   1   1
    ATC   0   0   0   0   0   0 |     ACC   0   0   0   0   0   0 |     AAC   0   0   0   0   0   0 |     AGC   0   0   0   1   0   0
    ATA   1   1   1   1   1   1 |     ACA   0   0   0   0   0   0 | Lys AAA   2   2   2   2   2   2 | Arg AGA   0   0   0   0   0   0
Met ATG   0   0   0   0   0   0 |     ACG   0   1   0   0   0   0 |     AAG   0   0   0   0   0   0 |     AGG   0   0   0   0   0   0
--------------------------------------------------------------------------------------------------------------------------------------
Val GTT   1   1   1   1   1   1 | Ala GCT   2   2   1   1   1   1 | Asp GAT   1   1   1   1   2   0 | Gly GGT   0   0   0   0   0   0
    GTC   2   2   2   2   2   2 |     GCC   0   0   0   0   0   0 |     GAC   2   2   2   2   1   2 |     GGC   0   0   0   0   0   0
    GTA   1   1   1   1   1   1 |     GCA   1   1   1   1   1   1 | Glu GAA   0   0   0   0   0   0 |     GGA   0   0   0   0   0   0
    GTG   0   0   0   0   0   0 |     GCG   0   0   0   0   0   0 |     GAG   0   0   0   0   0   0 |     GGG   0   0   0   0   0   0
--------------------------------------------------------------------------------------------------------------------------------------

--------------------------------------------------------------------------------------------------------------------------------------
Phe TTT   0   0   0   0   0   0 | Ser TCT   0   0   0   0   0   0 | Tyr TAT   0   0   0   0   0   0 | Cys TGT   0   0   0   0   0   0
    TTC   1   1   1   1   1   1 |     TCC   0   0   0   0   0   0 |     TAC   1   1   1   1   1   1 |     TGC   0   0   0   0   0   0
Leu TTA   0   0   0   0   0   0 |     TCA   0   0   0   0   0   0 | *** TAA   0   0   0   0   0   0 | *** TGA   0   0   0   0   0   0
    TTG   1   1   1   1   1   1 |     TCG   0   0   0   0   0   0 |     TAG   0   0   0   0   0   0 | Trp TGG   0   0   0   0   0   0
--------------------------------------------------------------------------------------------------------------------------------------
Leu CTT   0   0   0   0   0   0 | Pro CCT   0   0   0   0   0   0 | His CAT   0   0   0   0   0   0 | Arg CGT   0   0   0   0   0   0
    CTC   0   0   0   0   0   0 |     CCC   0   0   0   0   0   0 |     CAC   0   0   0   0   0   0 |     CGC   0   0   0   0   0   0
    CTA   0   0   0   0   0   0 |     CCA   0   0   0   0   0   0 | Gln CAA   1   1   1   1   1   1 |     CGA   0   0   0   0   0   0
    CTG   1   1   1   1   1   1 |     CCG   0   0   0   0   0   0 |     CAG   0   0   0   0   0   0 |     CGG   0   0   0   0   0   0
--------------------------------------------------------------------------------------------------------------------------------------
Ile ATT   0   0   0   0   0   0 | Thr ACT   0   2   1   1   1   2 | Asn AAT   1   1   1   1   1   1 | Ser AGT   1   1   1   1   1   1
    ATC   0   0   0   0   0   0 |     ACC   0   0   0   0   0   0 |     AAC   0   0   0   0   0   0 |     AGC   0   0   0   0   0   0
    ATA   1   1   1   1   1   1 |     ACA   0   0   0   0   0   0 | Lys AAA   2   2   2   2   2   2 | Arg AGA   0   0   0   0   0   0
Met ATG   0   0   0   0   0   0 |     ACG   1   0   0   0   0   0 |     AAG   0   0   0   0   0   0 |     AGG   0   0   0   0   0   0
--------------------------------------------------------------------------------------------------------------------------------------
Val GTT   1   1   1   1   1   1 | Ala GCT   2   1   2   2   2   1 | Asp GAT   1   2   1   1   1   1 | Gly GGT   0   0   0   0   0   0
    GTC   2   2   2   2   2   2 |     GCC   0   0   0   0   0   0 |     GAC   2   1   2   2   2   2 |     GGC   0   0   0   0   0   0
    GTA   1   1   1   1   1   1 |     GCA   1   1   1   1   1   1 | Glu GAA   0   0   0   0   0   0 |     GGA   0   0   0   0   0   0
    GTG   0   0   0   0   0   0 |     GCG   0   0   0   0   0   0 |     GAG   0   0   0   0   0   0 |     GGG   0   0   0   0   0   0
--------------------------------------------------------------------------------------------------------------------------------------

--------------------------------------------------------------------------------------------------------------------------------------
Phe TTT   0   0   0   0   0   0 | Ser TCT   0   0   0   0   0   0 | Tyr TAT   0   0   0   0   0   0 | Cys TGT   0   0   0   0   0   0
    TTC   1   1   1   1   1   1 |     TCC   0   0   0   0   0   0 |     TAC   1   1   1   1   1   1 |     TGC   0   0   0   0   0   0
Leu TTA   0   0   0   0   0   0 |     TCA   0   0   0   0   0   0 | *** TAA   0   0   0   0   0   0 | *** TGA   0   0   0   0   0   0
    TTG   1   1   1   1   1   1 |     TCG   0   0   0   0   0   0 |     TAG   0   0   0   0   0   0 | Trp TGG   0   0   0   0   0   0
--------------------------------------------------------------------------------------------------------------------------------------
Leu CTT   0   0   0   0   0   0 | Pro CCT   0   0   0   0   0   0 | His CAT   0   0   0   0   0   0 | Arg CGT   0   0   0   0   0   0
    CTC   0   0   0   0   0   0 |     CCC   0   0   0   0   0   0 |     CAC   0   0   0   0   0   0 |     CGC   0   0   0   0   0   0
    CTA   0   0   0   0   0   0 |     CCA   0   0   0   0   0   0 | Gln CAA   1   1   1   1   1   1 |     CGA   0   0   0   0   0   0
    CTG   1   1   1   1   1   1 |     CCG   0   0   0   0   0   0 |     CAG   0   0   0   0   0   0 |     CGG   0   0   0   0   0   0
--------------------------------------------------------------------------------------------------------------------------------------
Ile ATT   0   0   0   0   0   0 | Thr ACT   2   2   0   2   2   0 | Asn AAT   1   2   1   1   1   1 | Ser AGT   1   0   1   1   1   1
    ATC   0   0   0   0   0   0 |     ACC   0   0   0   0   0   0 |     AAC   0   0   0   0   0   0 |     AGC   0   0   0   0   0   0
    ATA   1   1   1   1   1   1 |     ACA   1   1   0   0   0   0 | Lys AAA   2   2   2   2   2   2 | Arg AGA   0   0   0   0   0   0
Met ATG   0   0   0   0   0   0 |     ACG   0   0   1   0   0   1 |     AAG   0   0   0   0   0   0 |     AGG   0   0   0   0   0   0
--------------------------------------------------------------------------------------------------------------------------------------
Val GTT   1   1   1   1   1   1 | Ala GCT   1   1   2   1   1   2 | Asp GAT   1   1   1   2   1   1 | Gly GGT   0   0   0   0   0   0
    GTC   2   2   2   2   2   2 |     GCC   0   0   0   0   0   0 |     GAC   2   2   2   1   2   2 |     GGC   0   0   0   0   0   0
    GTA   1   1   1   1   1   1 |     GCA   0   0   1   1   1   1 | Glu GAA   0   0   0   0   0   0 |     GGA   0   0   0   0   0   0
    GTG   0   0   0   0   0   0 |     GCG   0   0   0   0   0   0 |     GAG   0   0   0   0   0   0 |     GGG   0   0   0   0   0   0
--------------------------------------------------------------------------------------------------------------------------------------

--------------------------------------------------------------------------------------------------------------------------------------
Phe TTT   0   0   0   0   0   0 | Ser TCT   0   0   0   0   0   0 | Tyr TAT   0   0   0   0   0   0 | Cys TGT   0   0   0   0   0   0
    TTC   1   1   1   1   1   1 |     TCC   0   0   0   0   0   0 |     TAC   1   1   1   1   1   1 |     TGC   0   0   0   0   0   0
Leu TTA   0   0   0   0   0   0 |     TCA   0   0   0   0   0   0 | *** TAA   0   0   0   0   0   0 | *** TGA   0   0   0   0   0   0
    TTG   1   1   1   0   1   1 |     TCG   0   0   0   0   0   0 |     TAG   0   0   0   0   0   0 | Trp TGG   0   0   0   0   0   0
--------------------------------------------------------------------------------------------------------------------------------------
Leu CTT   0   0   0   0   0   0 | Pro CCT   0   0   0   0   0   0 | His CAT   0   0   0   0   0   0 | Arg CGT   0   0   0   0   0   0
    CTC   0   0   0   0   0   0 |     CCC   0   0   0   0   0   0 |     CAC   0   0   0   0   0   0 |     CGC   0   0   0   0   0   0
    CTA   0   0   0   0   0   0 |     CCA   0   0   0   0   0   0 | Gln CAA   1   1   1   1   1   1 |     CGA   0   0   0   0   0   0
    CTG   1   1   1   2   1   1 |     CCG   0   0   0   0   0   0 |     CAG   0   0   0   0   0   0 |     CGG   0   0   0   0   0   0
--------------------------------------------------------------------------------------------------------------------------------------
Ile ATT   0   0   0   0   0   0 | Thr ACT   2   2   0   2   1   2 | Asn AAT   1   1   1   1   1   1 | Ser AGT   1   1   1   1   1   1
    ATC   0   0   0   0   0   0 |     ACC   0   0   0   0   0   0 |     AAC   0   0   0   0   0   0 |     AGC   0   0   0   0   0   0
    ATA   1   1   1   1   1   1 |     ACA   0   0   0   0   0   0 | Lys AAA   2   2   2   2   2   2 | Arg AGA   0   0   0   0   0   0
Met ATG   0   0   0   0   0   0 |     ACG   0   0   1   0   0   0 |     AAG   0   0   0   0   0   0 |     AGG   0   0   0   0   0   0
--------------------------------------------------------------------------------------------------------------------------------------
Val GTT   1   1   1   1   1   1 | Ala GCT   1   1   2   1   2   1 | Asp GAT   1   1   1   1   1   2 | Gly GGT   0   0   0   0   0   0
    GTC   2   2   2   2   2   2 |     GCC   0   0   0   0   0   0 |     GAC   2   2   2   2   2   1 |     GGC   0   0   0   0   0   0
    GTA   1   1   1   1   1   1 |     GCA   1   1   1   1   1   1 | Glu GAA   0   0   0   0   0   0 |     GGA   0   0   0   0   0   0
    GTG   0   0   0   0   0   0 |     GCG   0   0   0   0   0   0 |     GAG   0   0   0   0   0   0 |     GGG   0   0   0   0   0   0
--------------------------------------------------------------------------------------------------------------------------------------

--------------------------------------------------------------------------------------------------------------------------------------
Phe TTT   0   0   0   0   0   0 | Ser TCT   0   0   0   0   0   0 | Tyr TAT   0   0   0   0   0   0 | Cys TGT   0   0   0   0   0   0
    TTC   1   1   1   1   1   1 |     TCC   0   0   0   0   0   0 |     TAC   1   1   1   1   1   1 |     TGC   0   0   0   0   0   0
Leu TTA   0   0   0   0   0   0 |     TCA   0   0   0   0   0   0 | *** TAA   0   0   0   0   0   0 | *** TGA   0   0   0   0   0   0
    TTG   1   1   1   1   1   1 |     TCG   0   0   0   0   0   0 |     TAG   0   0   0   0   0   0 | Trp TGG   0   0   0   0   0   0
--------------------------------------------------------------------------------------------------------------------------------------
Leu CTT   0   0   0   0   0   0 | Pro CCT   0   0   0   0   1   0 | His CAT   0   0   0   0   0   0 | Arg CGT   0   0   0   0   0   0
    CTC   0   0   0   0   0   0 |     CCC   0   0   0   0   0   0 |     CAC   0   0   0   0   0   0 |     CGC   0   0   0   0   0   0
    CTA   0   0   0   0   0   0 |     CCA   0   0   0   0   0   0 | Gln CAA   1   1   1   1   1   1 |     CGA   0   0   0   0   0   0
    CTG   1   1   1   1   1   1 |     CCG   0   0   0   0   0   0 |     CAG   0   0   0   0   0   0 |     CGG   0   0   0   0   0   0
--------------------------------------------------------------------------------------------------------------------------------------
Ile ATT   0   0   0   0   0   0 | Thr ACT   2   2   2   1   2   1 | Asn AAT   1   1   1   1   1   1 | Ser AGT   1   1   1   1   0   1
    ATC   0   0   0   0   0   0 |     ACC   0   0   0   0   0   0 |     AAC   0   0   0   0   0   0 |     AGC   0   0   0   0   0   0
    ATA   1   1   1   1   1   1 |     ACA   0   0   0   0   0   0 | Lys AAA   2   2   2   2   2   2 | Arg AGA   0   0   0   0   0   0
Met ATG   0   0   0   0   0   0 |     ACG   0   0   0   0   0   0 |     AAG   0   0   0   0   0   0 |     AGG   0   0   0   0   0   0
--------------------------------------------------------------------------------------------------------------------------------------
Val GTT   1   1   1   1   1   1 | Ala GCT   1   1   1   2   1   2 | Asp GAT   1   2   1   1   1   1 | Gly GGT   0   0   0   0   0   0
    GTC   2   2   2   2   2   2 |     GCC   0   0   0   0   0   0 |     GAC   2   1   2   2   2   2 |     GGC   0   0   0   0   0   0
    GTA   1   1   1   1   1   1 |     GCA   1   1   1   1   1   1 | Glu GAA   0   0   0   0   0   0 |     GGA   0   0   0   0   0   0
    GTG   0   0   0   0   0   0 |     GCG   0   0   0   0   0   0 |     GAG   0   0   0   0   0   0 |     GGG   0   0   0   0   0   0
--------------------------------------------------------------------------------------------------------------------------------------

--------------------------------------------------------------------------------------------------------------------------------------
Phe TTT   0   0   0   0   0   0 | Ser TCT   0   0   0   0   0   0 | Tyr TAT   0   0   0   0   0   0 | Cys TGT   0   0   0   0   0   0
    TTC   1   1   1   1   1   1 |     TCC   0   0   0   0   0   0 |     TAC   1   1   1   1   1   1 |     TGC   0   0   0   0   0   0
Leu TTA   0   0   0   0   0   0 |     TCA   0   0   0   0   0   0 | *** TAA   0   0   0   0   0   0 | *** TGA   0   0   0   0   0   0
    TTG   1   1   1   1   1   1 |     TCG   0   0   0   0   0   0 |     TAG   0   0   0   0   0   0 | Trp TGG   0   0   0   0   0   0
--------------------------------------------------------------------------------------------------------------------------------------
Leu CTT   0   0   0   0   0   0 | Pro CCT   0   0   0   0   0   0 | His CAT   0   0   0   0   0   0 | Arg CGT   0   0   0   0   0   0
    CTC   0   0   0   0   0   0 |     CCC   0   0   0   0   0   0 |     CAC   0   0   0   0   0   0 |     CGC   0   0   0   0   0   0
    CTA   0   0   0   0   0   0 |     CCA   0   0   0   0   0   0 | Gln CAA   1   1   1   1   1   1 |     CGA   0   0   0   0   0   0
    CTG   1   1   1   1   1   1 |     CCG   0   0   0   0   0   0 |     CAG   0   0   0   0   0   0 |     CGG   0   0   0   0   0   0
--------------------------------------------------------------------------------------------------------------------------------------
Ile ATT   0   0   0   0   0   0 | Thr ACT   1   2   0   1   2   2 | Asn AAT   1   1   1   1   1   1 | Ser AGT   1   1   1   1   1   1
    ATC   1   1   0   0   0   0 |     ACC   0   0   0   0   0   0 |     AAC   0   0   0   0   0   0 |     AGC   0   0   0   0   0   0
    ATA   1   1   1   1   1   1 |     ACA   0   0   0   0   0   1 | Lys AAA   2   2   2   2   2   2 | Arg AGA   0   0   0   0   0   0
Met ATG   0   0   0   0   0   0 |     ACG   0   0   1   0   0   0 |     AAG   0   0   0   0   0   0 |     AGG   0   0   0   0   0   0
--------------------------------------------------------------------------------------------------------------------------------------
Val GTT   1   1   1   1   1   1 | Ala GCT   2   1   2   2   1   1 | Asp GAT   1   1   0   1   1   1 | Gly GGT   0   0   0   0   0   0
    GTC   1   1   2   2   2   2 |     GCC   0   0   0   0   0   0 |     GAC   2   2   3   2   2   2 |     GGC   0   0   0   0   0   0
    GTA   1   1   1   1   1   1 |     GCA   1   1   1   1   1   0 | Glu GAA   0   0   0   0   0   0 |     GGA   0   0   0   0   0   0
    GTG   0   0   0   0   0   0 |     GCG   0   0   0   0   0   0 |     GAG   0   0   0   0   0   0 |     GGG   0   0   0   0   0   0
--------------------------------------------------------------------------------------------------------------------------------------

--------------------------------------------------------------------------------------------------------------------------------------
Phe TTT   0   0   0   0   0   0 | Ser TCT   0   0   0   0   0   0 | Tyr TAT   0   0   0   0   0   0 | Cys TGT   0   0   0   0   0   0
    TTC   1   1   1   1   1   1 |     TCC   0   0   0   0   0   0 |     TAC   1   1   1   1   1   1 |     TGC   0   0   0   0   0   0
Leu TTA   0   0   0   0   0   0 |     TCA   0   0   0   0   0   0 | *** TAA   0   0   0   0   0   0 | *** TGA   0   0   0   0   0   0
    TTG   1   0   1   1   1   1 |     TCG   0   0   0   0   0   0 |     TAG   0   0   0   0   0   0 | Trp TGG   0   0   0   0   0   0
--------------------------------------------------------------------------------------------------------------------------------------
Leu CTT   0   0   0   0   0   0 | Pro CCT   0   0   0   0   0   0 | His CAT   0   0   0   0   0   0 | Arg CGT   0   0   0   0   0   0
    CTC   0   0   0   0   0   0 |     CCC   0   0   0   0   0   0 |     CAC   0   0   0   0   0   0 |     CGC   0   0   0   0   0   0
    CTA   0   0   0   0   0   0 |     CCA   0   0   0   0   0   0 | Gln CAA   1   1   1   1   1   1 |     CGA   0   0   0   0   0   0
    CTG   1   2   1   1   1   1 |     CCG   0   0   0   0   0   0 |     CAG   0   0   0   0   0   0 |     CGG   0   0   0   0   0   0
--------------------------------------------------------------------------------------------------------------------------------------
Ile ATT   0   0   0   0   0   0 | Thr ACT   2   2   2   2   2   2 | Asn AAT   1   1   1   1   1   1 | Ser AGT   1   1   1   1   1   1
    ATC   0   0   0   0   0   0 |     ACC   0   0   0   0   0   0 |     AAC   0   0   0   0   0   0 |     AGC   0   0   0   0   0   0
    ATA   1   1   1   1   1   1 |     ACA   0   0   0   0   0   0 | Lys AAA   2   2   2   2   2   2 | Arg AGA   0   0   0   0   0   0
Met ATG   0   0   0   0   0   0 |     ACG   0   0   0   0   0   0 |     AAG   0   0   0   0   0   0 |     AGG   0   0   0   0   0   0
--------------------------------------------------------------------------------------------------------------------------------------
Val GTT   1   1   1   1   1   2 | Ala GCT   1   1   1   1   1   1 | Asp GAT   1   1   1   1   2   1 | Gly GGT   0   0   0   0   0   0
    GTC   2   2   2   2   2   2 |     GCC   0   0   0   0   0   0 |     GAC   2   2   2   2   1   2 |     GGC   0   0   0   0   0   0
    GTA   1   1   1   1   1   0 |     GCA   1   1   1   1   1   1 | Glu GAA   0   0   0   0   0   0 |     GGA   0   0   0   0   0   0
    GTG   0   0   0   0   0   0 |     GCG   0   0   0   0   0   0 |     GAG   0   0   0   0   0   0 |     GGG   0   0   0   0   0   0
--------------------------------------------------------------------------------------------------------------------------------------

--------------------------------------------------------------------------------------------------------------------------------------
Phe TTT   0   0   0   0   0   0 | Ser TCT   0   0   0   0   0   0 | Tyr TAT   1   0   0   0   0   0 | Cys TGT   0   0   0   0   0   0
    TTC   1   1   1   1   1   1 |     TCC   0   0   0   0   0   0 |     TAC   0   1   1   1   1   1 |     TGC   0   0   0   0   0   0
Leu TTA   0   0   0   0   0   0 |     TCA   0   0   0   0   0   0 | *** TAA   0   0   0   0   0   0 | *** TGA   0   0   0   0   0   0
    TTG   1   1   1   1   1   1 |     TCG   0   0   0   0   0   0 |     TAG   0   0   0   0   0   0 | Trp TGG   0   0   0   0   0   0
--------------------------------------------------------------------------------------------------------------------------------------
Leu CTT   0   0   0   0   0   0 | Pro CCT   0   0   0   0   0   0 | His CAT   0   0   0   0   0   0 | Arg CGT   0   0   0   0   0   0
    CTC   0   0   0   0   0   0 |     CCC   0   0   0   0   0   0 |     CAC   0   0   0   0   0   0 |     CGC   0   0   0   0   0   0
    CTA   0   0   0   0   0   0 |     CCA   0   0   0   0   0   0 | Gln CAA   1   1   1   1   1   1 |     CGA   0   0   0   0   0   0
    CTG   1   1   1   1   1   1 |     CCG   0   0   0   0   0   0 |     CAG   0   0   0   0   0   0 |     CGG   0   0   0   0   0   0
--------------------------------------------------------------------------------------------------------------------------------------
Ile ATT   0   0   0   0   0   0 | Thr ACT   2   1   1   2   2   2 | Asn AAT   1   1   1   1   1   1 | Ser AGT   1   1   1   1   1   1
    ATC   0   0   0   0   0   0 |     ACC   0   0   0   0   0   0 |     AAC   0   0   0   0   0   0 |     AGC   0   0   0   0   0   0
    ATA   1   1   1   1   1   1 |     ACA   0   0   0   0   0   0 | Lys AAA   2   1   2   2   2   2 | Arg AGA   0   0   0   0   0   0
Met ATG   0   0   0   0   0   0 |     ACG   0   0   0   0   0   0 |     AAG   0   1   0   0   0   0 |     AGG   0   0   0   0   0   0
--------------------------------------------------------------------------------------------------------------------------------------
Val GTT   1   1   1   1   1   1 | Ala GCT   1   2   2   1   1   1 | Asp GAT   1   1   1   1   2   2 | Gly GGT   0   0   0   0   0   0
    GTC   2   2   2   2   2   2 |     GCC   0   0   0   0   0   0 |     GAC   2   2   2   2   1   1 |     GGC   0   0   0   0   0   0
    GTA   1   1   1   1   1   1 |     GCA   1   1   1   1   1   1 | Glu GAA   0   0   0   0   0   0 |     GGA   0   0   0   0   0   0
    GTG   0   0   0   0   0   0 |     GCG   0   0   0   0   0   0 |     GAG   0   0   0   0   0   0 |     GGG   0   0   0   0   0   0
--------------------------------------------------------------------------------------------------------------------------------------

Codon position x base (3x4) table for each sequence.

#1: Argali         
position  1:    T:0.14286    C:0.09524    A:0.28571    G:0.47619
position  2:    T:0.38095    C:0.19048    A:0.38095    G:0.04762
position  3:    T:0.28571    C:0.28571    A:0.28571    G:0.14286
Average         T:0.26984    C:0.19048    A:0.31746    G:0.22222

#2: LesserMouseDeer
position  1:    T:0.14286    C:0.09524    A:0.42857    G:0.33333
position  2:    T:0.38095    C:0.19048    A:0.42857    G:0.00000
position  3:    T:0.28571    C:0.33333    A:0.28571    G:0.09524
Average         T:0.26984    C:0.20635    A:0.38095    G:0.14286

#3: LesserKudu     
position  1:    T:0.14286    C:0.09524    A:0.33333    G:0.42857
position  2:    T:0.38095    C:0.19048    A:0.38095    G:0.04762
position  3:    T:0.38095    C:0.23810    A:0.28571    G:0.09524
Average         T:0.30159    C:0.17460    A:0.33333    G:0.19048

#4: ForestMuskDeer2
position  1:    T:0.14286    C:0.09524    A:0.33333    G:0.42857
position  2:    T:0.38095    C:0.19048    A:0.38095    G:0.04762
position  3:    T:0.33333    C:0.28571    A:0.28571    G:0.09524
Average         T:0.28571    C:0.19048    A:0.33333    G:0.19048

#5: Camel          
position  1:    T:0.09524    C:0.04762    A:0.47619    G:0.38095
position  2:    T:0.38095    C:0.19048    A:0.38095    G:0.04762
position  3:    T:0.23810    C:0.33333    A:0.23810    G:0.19048
Average         T:0.23810    C:0.19048    A:0.36508    G:0.20635

#6: KillerWhale    
position  1:    T:0.14286    C:0.09524    A:0.42857    G:0.33333
position  2:    T:0.38095    C:0.19048    A:0.38095    G:0.04762
position  3:    T:0.19048    C:0.38095    A:0.28571    G:0.14286
Average         T:0.23810    C:0.22222    A:0.36508    G:0.17460

#7: DefassaWaterbuck
position  1:    T:0.14286    C:0.09524    A:0.28571    G:0.47619
position  2:    T:0.38095    C:0.19048    A:0.38095    G:0.04762
position  3:    T:0.33333    C:0.28571    A:0.28571    G:0.09524
Average         T:0.28571    C:0.19048    A:0.31746    G:0.20635

#8: Sheep          
position  1:    T:0.14286    C:0.09524    A:0.28571    G:0.47619
position  2:    T:0.38095    C:0.19048    A:0.38095    G:0.04762
position  3:    T:0.28571    C:0.28571    A:0.28571    G:0.14286
Average         T:0.26984    C:0.19048    A:0.31746    G:0.22222

#9: MaxwellsDuiker 
position  1:    T:0.14286    C:0.09524    A:0.33333    G:0.42857
position  2:    T:0.38095    C:0.19048    A:0.38095    G:0.04762
position  3:    T:0.33333    C:0.28571    A:0.28571    G:0.09524
Average         T:0.28571    C:0.19048    A:0.33333    G:0.19048

#10: GazellaPrzewalskyi
position  1:    T:0.14286    C:0.09524    A:0.33333    G:0.42857
position  2:    T:0.38095    C:0.19048    A:0.38095    G:0.04762
position  3:    T:0.28571    C:0.33333    A:0.28571    G:0.09524
Average         T:0.26984    C:0.20635    A:0.33333    G:0.19048

#11: MountainNyala  
position  1:    T:0.14286    C:0.09524    A:0.33333    G:0.42857
position  2:    T:0.38095    C:0.19048    A:0.38095    G:0.04762
position  3:    T:0.38095    C:0.23810    A:0.28571    G:0.09524
Average         T:0.30159    C:0.17460    A:0.33333    G:0.19048

#12: MuntiacusMuntjak
position  1:    T:0.19048    C:0.09524    A:0.33333    G:0.38095
position  2:    T:0.38095    C:0.19048    A:0.38095    G:0.04762
position  3:    T:0.33333    C:0.28571    A:0.28571    G:0.09524
Average         T:0.30159    C:0.19048    A:0.33333    G:0.17460

#13: goat           
position  1:    T:0.14286    C:0.09524    A:0.28571    G:0.47619
position  2:    T:0.38095    C:0.19048    A:0.38095    G:0.04762
position  3:    T:0.28571    C:0.28571    A:0.28571    G:0.14286
Average         T:0.26984    C:0.19048    A:0.31746    G:0.22222

#14: AfricanBuffalo 
position  1:    T:0.14286    C:0.09524    A:0.33333    G:0.42857
position  2:    T:0.38095    C:0.19048    A:0.38095    G:0.04762
position  3:    T:0.38095    C:0.23810    A:0.28571    G:0.09524
Average         T:0.30159    C:0.17460    A:0.33333    G:0.19048

#15: Topi           
position  1:    T:0.14286    C:0.09524    A:0.28571    G:0.47619
position  2:    T:0.38095    C:0.19048    A:0.38095    G:0.04762
position  3:    T:0.33333    C:0.28571    A:0.28571    G:0.09524
Average         T:0.28571    C:0.19048    A:0.31746    G:0.20635

#16: CommonDuiker   
position  1:    T:0.14286    C:0.09524    A:0.28571    G:0.47619
position  2:    T:0.38095    C:0.19048    A:0.38095    G:0.04762
position  3:    T:0.33333    C:0.28571    A:0.28571    G:0.09524
Average         T:0.28571    C:0.19048    A:0.31746    G:0.20635

#17: Suni           
position  1:    T:0.14286    C:0.09524    A:0.28571    G:0.47619
position  2:    T:0.38095    C:0.19048    A:0.38095    G:0.04762
position  3:    T:0.33333    C:0.28571    A:0.28571    G:0.09524
Average         T:0.28571    C:0.19048    A:0.31746    G:0.20635

#18: Springbuck     
position  1:    T:0.14286    C:0.09524    A:0.33333    G:0.42857
position  2:    T:0.38095    C:0.19048    A:0.38095    G:0.04762
position  3:    T:0.33333    C:0.28571    A:0.28571    G:0.09524
Average         T:0.28571    C:0.19048    A:0.33333    G:0.19048

#19: Okapi          
position  1:    T:0.14286    C:0.09524    A:0.38095    G:0.38095
position  2:    T:0.38095    C:0.19048    A:0.38095    G:0.04762
position  3:    T:0.33333    C:0.28571    A:0.28571    G:0.09524
Average         T:0.28571    C:0.19048    A:0.34921    G:0.17460

#20: Giraffe        
position  1:    T:0.14286    C:0.09524    A:0.38095    G:0.38095
position  2:    T:0.38095    C:0.19048    A:0.42857    G:0.00000
position  3:    T:0.33333    C:0.28571    A:0.28571    G:0.09524
Average         T:0.28571    C:0.19048    A:0.36508    G:0.15873

#21: TibetanAntelope
position  1:    T:0.14286    C:0.09524    A:0.28571    G:0.47619
position  2:    T:0.38095    C:0.19048    A:0.38095    G:0.04762
position  3:    T:0.28571    C:0.28571    A:0.28571    G:0.14286
Average         T:0.26984    C:0.19048    A:0.31746    G:0.22222

#22: Sitatunga      
position  1:    T:0.14286    C:0.09524    A:0.33333    G:0.42857
position  2:    T:0.38095    C:0.19048    A:0.38095    G:0.04762
position  3:    T:0.38095    C:0.23810    A:0.28571    G:0.09524
Average         T:0.30159    C:0.17460    A:0.33333    G:0.19048

#23: Oribi          
position  1:    T:0.14286    C:0.09524    A:0.33333    G:0.42857
position  2:    T:0.38095    C:0.19048    A:0.38095    G:0.04762
position  3:    T:0.33333    C:0.28571    A:0.28571    G:0.09524
Average         T:0.28571    C:0.19048    A:0.33333    G:0.19048

#24: BarbarySheep   
position  1:    T:0.14286    C:0.09524    A:0.28571    G:0.47619
position  2:    T:0.38095    C:0.19048    A:0.38095    G:0.04762
position  3:    T:0.28571    C:0.28571    A:0.28571    G:0.14286
Average         T:0.26984    C:0.19048    A:0.31746    G:0.22222

#25: Daviddeer      
position  1:    T:0.14286    C:0.09524    A:0.33333    G:0.42857
position  2:    T:0.38095    C:0.19048    A:0.38095    G:0.04762
position  3:    T:0.33333    C:0.28571    A:0.28571    G:0.09524
Average         T:0.28571    C:0.19048    A:0.33333    G:0.19048

#26: Reindeer       
position  1:    T:0.14286    C:0.09524    A:0.33333    G:0.42857
position  2:    T:0.38095    C:0.19048    A:0.38095    G:0.04762
position  3:    T:0.33333    C:0.28571    A:0.28571    G:0.09524
Average         T:0.28571    C:0.19048    A:0.33333    G:0.19048

#27: Ibex           
position  1:    T:0.14286    C:0.09524    A:0.28571    G:0.47619
position  2:    T:0.38095    C:0.19048    A:0.38095    G:0.04762
position  3:    T:0.28571    C:0.28571    A:0.28571    G:0.14286
Average         T:0.26984    C:0.19048    A:0.31746    G:0.22222

#28: GyrantGazelle  
position  1:    T:0.09524    C:0.14286    A:0.33333    G:0.42857
position  2:    T:0.38095    C:0.19048    A:0.38095    G:0.04762
position  3:    T:0.33333    C:0.28571    A:0.28571    G:0.09524
Average         T:0.26984    C:0.20635    A:0.33333    G:0.19048

#29: Hartebeest     
position  1:    T:0.14286    C:0.09524    A:0.28571    G:0.47619
position  2:    T:0.38095    C:0.19048    A:0.38095    G:0.04762
position  3:    T:0.33333    C:0.28571    A:0.28571    G:0.09524
Average         T:0.28571    C:0.19048    A:0.31746    G:0.20635

#30: Bongo          
position  1:    T:0.14286    C:0.09524    A:0.33333    G:0.42857
position  2:    T:0.38095    C:0.19048    A:0.38095    G:0.04762
position  3:    T:0.38095    C:0.23810    A:0.28571    G:0.09524
Average         T:0.30159    C:0.17460    A:0.33333    G:0.19048

#31: Gerenuk        
position  1:    T:0.14286    C:0.09524    A:0.33333    G:0.42857
position  2:    T:0.38095    C:0.19048    A:0.38095    G:0.04762
position  3:    T:0.33333    C:0.28571    A:0.28571    G:0.09524
Average         T:0.28571    C:0.19048    A:0.33333    G:0.19048

#32: CommonEland    
position  1:    T:0.14286    C:0.09524    A:0.33333    G:0.42857
position  2:    T:0.38095    C:0.19048    A:0.38095    G:0.04762
position  3:    T:0.38095    C:0.23810    A:0.28571    G:0.09524
Average         T:0.30159    C:0.17460    A:0.33333    G:0.19048

#33: MuntiacusReevesi
position  1:    T:0.14286    C:0.09524    A:0.33333    G:0.42857
position  2:    T:0.38095    C:0.19048    A:0.38095    G:0.04762
position  3:    T:0.33333    C:0.28571    A:0.28571    G:0.09524
Average         T:0.28571    C:0.19048    A:0.33333    G:0.19048

#34: HarveysDuiker  
position  1:    T:0.14286    C:0.09524    A:0.28571    G:0.47619
position  2:    T:0.38095    C:0.19048    A:0.38095    G:0.04762
position  3:    T:0.33333    C:0.28571    A:0.28571    G:0.09524
Average         T:0.28571    C:0.19048    A:0.31746    G:0.20635

#35: Pronghorn      
position  1:    T:0.14286    C:0.14286    A:0.28571    G:0.42857
position  2:    T:0.38095    C:0.23810    A:0.38095    G:0.00000
position  3:    T:0.33333    C:0.28571    A:0.28571    G:0.09524
Average         T:0.28571    C:0.22222    A:0.31746    G:0.17460

#36: BlueWildebeest 
position  1:    T:0.14286    C:0.09524    A:0.28571    G:0.47619
position  2:    T:0.38095    C:0.19048    A:0.38095    G:0.04762
position  3:    T:0.33333    C:0.28571    A:0.28571    G:0.09524
Average         T:0.28571    C:0.19048    A:0.31746    G:0.20635

#37: Gemsbok        
position  1:    T:0.14286    C:0.09524    A:0.33333    G:0.42857
position  2:    T:0.38095    C:0.19048    A:0.38095    G:0.04762
position  3:    T:0.33333    C:0.28571    A:0.28571    G:0.09524
Average         T:0.28571    C:0.19048    A:0.33333    G:0.19048

#38: Yak            
position  1:    T:0.14286    C:0.09524    A:0.38095    G:0.38095
position  2:    T:0.38095    C:0.19048    A:0.38095    G:0.04762
position  3:    T:0.33333    C:0.28571    A:0.28571    G:0.09524
Average         T:0.28571    C:0.19048    A:0.34921    G:0.17460

#39: BlueSheep      
position  1:    T:0.14286    C:0.09524    A:0.28571    G:0.47619
position  2:    T:0.38095    C:0.19048    A:0.38095    G:0.04762
position  3:    T:0.23810    C:0.33333    A:0.28571    G:0.14286
Average         T:0.25397    C:0.20635    A:0.31746    G:0.22222

#40: BohorReedbuck  
position  1:    T:0.14286    C:0.09524    A:0.28571    G:0.47619
position  2:    T:0.38095    C:0.19048    A:0.38095    G:0.04762
position  3:    T:0.33333    C:0.28571    A:0.28571    G:0.09524
Average         T:0.28571    C:0.19048    A:0.31746    G:0.20635

#41: KirksDik       
position  1:    T:0.14286    C:0.09524    A:0.33333    G:0.42857
position  2:    T:0.38095    C:0.19048    A:0.38095    G:0.04762
position  3:    T:0.33333    C:0.28571    A:0.28571    G:0.09524
Average         T:0.28571    C:0.19048    A:0.33333    G:0.19048

#42: RoeDeer        
position  1:    T:0.14286    C:0.09524    A:0.38095    G:0.38095
position  2:    T:0.38095    C:0.19048    A:0.38095    G:0.04762
position  3:    T:0.33333    C:0.28571    A:0.28571    G:0.09524
Average         T:0.28571    C:0.19048    A:0.34921    G:0.17460

#43: WhiteLippedDeer
position  1:    T:0.14286    C:0.09524    A:0.33333    G:0.42857
position  2:    T:0.38095    C:0.19048    A:0.38095    G:0.04762
position  3:    T:0.33333    C:0.28571    A:0.28571    G:0.09524
Average         T:0.28571    C:0.19048    A:0.33333    G:0.19048

#44: ThomsonGazelle 
position  1:    T:0.09524    C:0.14286    A:0.33333    G:0.42857
position  2:    T:0.38095    C:0.19048    A:0.38095    G:0.04762
position  3:    T:0.33333    C:0.28571    A:0.28571    G:0.09524
Average         T:0.26984    C:0.20635    A:0.33333    G:0.19048

#45: MuntiacusCrinifrons
position  1:    T:0.14286    C:0.09524    A:0.33333    G:0.42857
position  2:    T:0.38095    C:0.19048    A:0.38095    G:0.04762
position  3:    T:0.33333    C:0.28571    A:0.28571    G:0.09524
Average         T:0.28571    C:0.19048    A:0.33333    G:0.19048

#46: WhiteTailedDeer
position  1:    T:0.14286    C:0.09524    A:0.33333    G:0.42857
position  2:    T:0.38095    C:0.19048    A:0.38095    G:0.04762
position  3:    T:0.33333    C:0.28571    A:0.28571    G:0.09524
Average         T:0.28571    C:0.19048    A:0.33333    G:0.19048

#47: Cattle         
position  1:    T:0.14286    C:0.09524    A:0.33333    G:0.42857
position  2:    T:0.38095    C:0.19048    A:0.38095    G:0.04762
position  3:    T:0.38095    C:0.23810    A:0.28571    G:0.09524
Average         T:0.30159    C:0.17460    A:0.33333    G:0.19048

#48: RoyalAntelope  
position  1:    T:0.14286    C:0.09524    A:0.33333    G:0.42857
position  2:    T:0.38095    C:0.19048    A:0.38095    G:0.04762
position  3:    T:0.38095    C:0.28571    A:0.23810    G:0.09524
Average         T:0.30159    C:0.19048    A:0.31746    G:0.19048

#49: Steenbok       
position  1:    T:0.14286    C:0.09524    A:0.33333    G:0.42857
position  2:    T:0.38095    C:0.19048    A:0.38095    G:0.04762
position  3:    T:0.38095    C:0.23810    A:0.28571    G:0.09524
Average         T:0.30159    C:0.17460    A:0.33333    G:0.19048

#50: Impala         
position  1:    T:0.14286    C:0.09524    A:0.28571    G:0.47619
position  2:    T:0.38095    C:0.19048    A:0.38095    G:0.04762
position  3:    T:0.33333    C:0.28571    A:0.23810    G:0.14286
Average         T:0.28571    C:0.19048    A:0.30159    G:0.22222

#51: Klipspringer   
position  1:    T:0.14286    C:0.09524    A:0.28571    G:0.47619
position  2:    T:0.38095    C:0.19048    A:0.38095    G:0.04762
