1
52 1
Argali 0.000000 0.311400 0.210500 0.356100 0.124300 0.000000 0.121300 0.165000 0.136100 0.195000 0.044100 0.125500 0.118900 0.154000 0.153200 0.089800 0.184700 0.188000 0.072800 0.165100 0.106900 0.043500 0.185300 0.188900 0.044300 0.139000 0.133000 0.150500 0.107000 0.183400 0.209400 0.184700 0.220700 0.147800 0.104600 0.142500 0.014300 0.124000 0.153400 0.221800 0.230300 0.109200 0.178300 0.275300 0.142100 0.121300 0.132900 0.141900 0.120900 0.293100 0.118800 0.133200
LesserMous 0.311400 0.000000 0.390100 0.263100 0.256900 0.311400 0.288600 0.295900 0.288300 0.221500 0.334700 0.260800 0.304500 0.327900 0.367200 0.312000 0.265800 0.290300 0.324400 0.337900 0.273500 0.326900 0.285800 0.215300 0.336300 0.272600 0.319300 0.322000 0.296300 0.362100 0.236300 0.322500 0.334600 0.297900 0.287800 0.262600 0.328900 0.238600 0.327200 0.287900 0.294100 0.280300 0.203600 0.307100 0.223600 0.212600 0.318500 0.278600 0.268800 0.306500 0.322300 0.338700
LesserKudu 0.210500 0.390100 0.000000 0.525500 0.149600 0.210500 0.210800 0.188600 0.099300 0.219100 0.195900 0.150800 0.175100 0.178200 0.243000 0.178800 0.313600 0.282800 0.224200 0.097600 0.164000 0.259500 0.242600 0.212600 0.230100 0.196900 0.157800 0.113100 0.182400 0.142400 0.233200 0.208300 0.280400 0.203400 0.226700 0.201000 0.225500 0.149300 0.177700 0.210400 0.288200 0.167600 0.202600 0.296500 0.200600 0.210800 0.188800 0.166600 0.245000 0.354200 0.098500 0.126200
KillerWhal 0.356100 0.263100 0.525500 0.000000 0.361400 0.356100 0.353600 0.380600 0.415800 0.324800 0.380700 0.407700 0.351200 0.394300 0.368100 0.380600 0.369500 0.338600 0.333200 0.469500 0.336300 0.395200 0.349000 0.355600 0.362500 0.421600 0.367000 0.452000 0.406000 0.447700 0.280700 0.431100 0.473600 0.344500 0.314200 0.410500 0.373200 0.384700 0.391800 0.372000 0.301600 0.388600 0.305600 0.396000 0.367200 0.314900 0.365400 0.385600 0.333200 0.458400 0.409900 0.427000
DefassaWat 0.124300 0.256900 0.149600 0.361400 0.000000 0.124300 0.091000 0.135600 0.106800 0.128600 0.109000 0.062300 0.121200 0.091100 0.121800 0.124100 0.188900 0.157900 0.154500 0.104700 0.076300 0.173300 0.154400 0.124000 0.142700 0.108300 0.104100 0.121400 0.109700 0.153900 0.109100 0.122000 0.150700 0.150500 0.106300 0.078600 0.139700 0.030200 0.091100 0.156300 0.199800 0.078100 0.112400 0.240300 0.078500 0.091400 0.136000 0.110800 0.123100 0.226400 0.121600 0.136200
Sheep 0.000000 0.311400 0.210500 0.356100 0.124300 0.000000 0.121300 0.165000 0.136100 0.195000 0.042900 0.125500 0.118900 0.154000 0.153200 0.089800 0.184700 0.188000 0.072800 0.165100 0.106900 0.043500 0.185300 0.188900 0.044300 0.139000 0.133000 0.150500 0.107000 0.183400 0.209400 0.184700 0.220700 0.147800 0.104600 0.142500 0.013900 0.124000 0.153400 0.221800 0.230300 0.109200 0.178300 0.275300 0.142100 0.121300 0.132900 0.141900 0.120900 0.293100 0.118800 0.133200
MaxwellsDu 0.121300 0.288600 0.210800 0.353600 0.091000 0.121300 0.000000 0.132600 0.136100 0.159200 0.138700 0.092500 0.086700 0.088900 0.151300 0.121200 0.218700 0.154100 0.167200 0.165300 0.074500 0.169300 0.183800 0.153600 0.139300 0.105700 0.101600 0.150500 0.107100 0.183200 0.172900 0.119000 0.182300 0.116100 0.073100 0.108900 0.136400 0.090800 0.120300 0.220200 0.195300 0.076200 0.143000 0.271900 0.108700 0.058700 0.101900 0.108100 0.088800 0.293100 0.118800 0.165200
GazellaPrz 0.165000 0.295900 0.188600 0.380600 0.135600 0.165000 0.132600 0.000000 0.147700 0.170900 0.183000 0.105200 0.130500 0.132600 0.131400 0.102100 0.227700 0.164900 0.146200 0.176400 0.087600 0.179400 0.195400 0.165800 0.150300 0.118500 0.144400 0.161700 0.086500 0.193800 0.151400 0.162300 0.229200 0.158800 0.116200 0.153900 0.180000 0.135400 0.143200 0.196600 0.142000 0.089500 0.154800 0.244600 0.153800 0.132600 0.113500 0.120500 0.101100 0.339700 0.129000 0.176100
MountainNy 0.136100 0.288300 0.099300 0.415800 0.106800 0.136100 0.136100 0.147700 0.000000 0.175600 0.153700 0.075100 0.102100 0.136400 0.201200 0.104800 0.234900 0.204500 0.149900 0.056700 0.090000 0.184100 0.201100 0.170300 0.154300 0.121700 0.116200 0.042500 0.122600 0.071800 0.190200 0.166700 0.199100 0.130600 0.119100 0.091000 0.151100 0.074800 0.135600 0.202000 0.246500 0.092000 0.159200 0.291500 0.090800 0.136200 0.116700 0.123700 0.168900 0.310200 0.042600 0.056600
MuntiacusM 0.195000 0.221500 0.219100 0.324800 0.128600 0.195000 0.159200 0.170900 0.175600 0.000000 0.215200 0.130200 0.191300 0.194200 0.157300 0.196100 0.192000 0.160800 0.209600 0.206400 0.110000 0.247700 0.091400 0.061200 0.216100 0.179300 0.206200 0.190800 0.164600 0.225900 0.046100 0.226700 0.190200 0.187400 0.175800 0.147800 0.211100 0.128400 0.158000 0.125000 0.136600 0.147900 0.015400 0.132400 0.113100 0.125500 0.205900 0.182300 0.194300 0.211400 0.174200 0.206200
goat 0.044100 0.334700 0.195900 0.380700 0.109000 0.042900 0.138700 0.183000 0.153700 0.215200 0.000000 0.143700 0.136000 0.138900 0.171300 0.106400 0.203400 0.207400 0.088700 0.150500 0.124200 0.058800 0.204300 0.208200 0.029600 0.157200 0.118500 0.168300 0.124400 0.201900 0.229700 0.169700 0.242000 0.165200 0.121500 0.161100 0.058800 0.108800 0.138300 0.206300 0.250000 0.127000 0.198100 0.258400 0.160700 0.138800 0.150100 0.160400 0.138200 0.277600 0.135800 0.150300
AfricanBuf 0.125500 0.260800 0.150800 0.407700 0.062300 0.125500 0.092500 0.105200 0.075100 0.130200 0.143700 0.000000 0.123000 0.092600 0.157800 0.093000 0.154800 0.124200 0.139800 0.105200 0.045900 0.175300 0.157200 0.126200 0.144300 0.077500 0.137700 0.090300 0.078100 0.122400 0.145400 0.123300 0.115300 0.152900 0.108100 0.079100 0.141100 0.062200 0.092100 0.193600 0.203400 0.046900 0.113700 0.245200 0.079400 0.092500 0.105500 0.079000 0.125300 0.266200 0.090200 0.105200
Topi 0.118900 0.304500 0.175100 0.351200 0.121200 0.118900 0.086700 0.130500 0.102100 0.191300 0.136000 0.123000 0.000000 0.118500 0.148800 0.119000 0.250300 0.151800 0.163900 0.162600 0.104200 0.165800 0.214700 0.184500 0.136500 0.136000 0.013700 0.147900 0.105400 0.179900 0.204700 0.148900 0.215100 0.027300 0.042000 0.106500 0.133700 0.088400 0.150500 0.215900 0.192600 0.106600 0.174800 0.267400 0.106100 0.088000 0.131200 0.106500 0.087400 0.326500 0.116700 0.162300
CommonDuik 0.154000 0.327900 0.178200 0.394300 0.091100 0.154000 0.088900 0.132600 0.136400 0.194200 0.138900 0.092600 0.118500 0.000000 0.184400 0.121200 0.254300 0.188500 0.166900 0.133500 0.074500 0.203100 0.183000 0.187200 0.172900 0.105800 0.101800 0.150500 0.107100 0.183200 0.207600 0.028500 0.182500 0.147200 0.103900 0.142200 0.169300 0.090000 0.089000 0.220500 0.228900 0.076200 0.177600 0.311000 0.142200 0.089500 0.071500 0.092300 0.120200 0.293500 0.118800 0.165200
Suni 0.153200 0.367200 0.243000 0.368100 0.121800 0.153200 0.151300 0.131400 0.201200 0.157300 0.171300 0.157800 0.148800 0.184400 0.000000 0.186000 0.251100 0.220200 0.182800 0.230700 0.104700 0.202400 0.181600 0.151800 0.172000 0.169700 0.162800 0.215700 0.122400 0.250500 0.137200 0.216400 0.255300 0.177600 0.134100 0.175200 0.168600 0.154700 0.151000 0.217900 0.192500 0.140100 0.141200 0.231100 0.175000 0.152100 0.196600 0.173900 0.151200 0.327200 0.166300 0.230900
Springbuck 0.089800 0.312000 0.178800 0.380600 0.124100 0.089800 0.121200 0.102100 0.104800 0.196100 0.106400 0.093000 0.119000 0.121200 0.186000 0.000000 0.219700 0.189300 0.072500 0.133900 0.075100 0.104300 0.219900 0.188900 0.075000 0.074700 0.133200 0.119200 0.059700 0.151100 0.174000 0.152400 0.221200 0.147900 0.136600 0.143200 0.104600 0.123900 0.121300 0.221200 0.230400 0.045200 0.179200 0.273800 0.142800 0.121800 0.071900 0.109000 0.120700 0.294500 0.088200 0.133700
Okapi 0.184700 0.265800 0.313600 0.369500 0.188900 0.184700 0.218700 0.227700 0.234900 0.192000 0.203400 0.154800 0.250300 0.254300 0.251100 0.219700 0.000000 0.132200 0.198400 0.265000 0.204300 0.234700 0.183100 0.186100 0.204200 0.239200 0.264700 0.249700 0.205000 0.266500 0.206500 0.286600 0.213100 0.210600 0.200200 0.209400 0.166100 0.188500 0.253300 0.218500 0.193600 0.208900 0.175300 0.310000 0.174200 0.184700 0.229000 0.243500 0.183000 0.289300 0.250000 0.229900
Giraffe 0.188000 0.290300 0.282800 0.338600 0.157900 0.188000 0.154100 0.164900 0.204500 0.160800 0.207400 0.124200 0.151800 0.188500 0.220200 0.189300 0.132200 0.000000 0.168800 0.235100 0.173400 0.202800 0.153200 0.155800 0.172900 0.208800 0.166400 0.219400 0.174800 0.235400 0.141000 0.220300 0.180200 0.148900 0.104900 0.177300 0.203500 0.157600 0.222300 0.223000 0.101700 0.177800 0.144100 0.236900 0.142700 0.121600 0.166100 0.211600 0.153700 0.296600 0.219500 0.199900
TibetanAnt 0.072800 0.324400 0.224200 0.333200 0.154500 0.072800 0.167200 0.146200 0.149900 0.209600 0.088700 0.139800 0.163900 0.166900 0.182800 0.072500 0.198400 0.168800 0.000000 0.179000 0.120300 0.087000 0.198500 0.202100 0.058400 0.152600 0.178000 0.164200 0.121300 0.196800 0.170800 0.198500 0.272300 0.160900 0.149800 0.191100 0.087300 0.170500 0.167100 0.234000 0.209300 0.123000 0.192800 0.249000 0.156500 0.135300 0.115200 0.155900 0.166200 0.307100 0.132500 0.146800
Sitatunga 0.165100 0.337900 0.097600 0.469500 0.104700 0.165100 0.165300 0.176400 0.056700 0.206400 0.150500 0.105200 0.162600 0.133500 0.230700 0.133900 0.265000 0.235100 0.179000 0.000000 0.119100 0.213100 0.163900 0.166800 0.183800 0.151400 0.145200 0.070500 0.152500 0.070400 0.220800 0.163300 0.230600 0.191200 0.181100 0.121500 0.180000 0.104500 0.133000 0.165000 0.208300 0.121900 0.189900 0.284700 0.153900 0.165400 0.144900 0.153600 0.198500 0.304900 0.070600 0.055500
Oribi 0.106900 0.273500 0.164000 0.336300 0.076300 0.106900 0.074500 0.087600 0.090000 0.110000 0.124200 0.045900 0.104200 0.074500 0.104700 0.075100 0.204300 0.173400 0.120300 0.119100 0.000000 0.154900 0.136000 0.106200 0.124700 0.059900 0.118500 0.104400 0.060600 0.136200 0.124100 0.104800 0.167000 0.133200 0.089500 0.094000 0.122100 0.076200 0.043900 0.169500 0.180400 0.029400 0.094100 0.217600 0.093800 0.074900 0.087800 0.061300 0.105800 0.240500 0.073600 0.119000
BarbaryShe 0.043500 0.326900 0.259500 0.395200 0.173300 0.043500 0.169300 0.179400 0.184100 0.247700 0.058800 0.175300 0.165800 0.203100 0.202400 0.104300 0.234700 0.202800 0.087000 0.213100 0.154900 0.000000 0.235300 0.239700 0.028100 0.188000 0.179800 0.198600 0.155100 0.232700 0.224500 0.234700 0.276200 0.194900 0.151500 0.193100 0.058000 0.173000 0.202500 0.273700 0.244800 0.158300 0.230500 0.252400 0.192700 0.135900 0.147200 0.192100 0.168800 0.307800 0.165700 0.180100
Daviddeer 0.185300 0.285800 0.242600 0.349000 0.154400 0.185300 0.183800 0.195400 0.201100 0.091400 0.204300 0.157200 0.214700 0.183000 0.181600 0.219900 0.183100 0.153200 0.198500 0.163900 0.136000 0.235300 0.000000 0.058100 0.205100 0.203500 0.229100 0.215400 0.189500 0.215000 0.105400 0.214700 0.216400 0.210800 0.166400 0.140600 0.200700 0.154200 0.183400 0.118600 0.070100 0.173500 0.076000 0.159400 0.140800 0.152100 0.195200 0.190900 0.218000 0.253200 0.199200 0.163600
Reindeer 0.188900 0.215300 0.212600 0.355600 0.124000 0.188900 0.153600 0.165800 0.170300 0.061200 0.208200 0.126200 0.184500 0.187200 0.151800 0.188900 0.186100 0.155800 0.202100 0.166800 0.106200 0.239700 0.058100 0.000000 0.209100 0.139200 0.199000 0.185000 0.158400 0.184700 0.075600 0.185400 0.183800 0.180900 0.169500 0.109700 0.204500 0.123800 0.153200 0.089300 0.101200 0.142500 0.045800 0.128100 0.109700 0.121800 0.199600 0.176500 0.187300 0.221900 0.168900 0.166500
Ibex 0.044300 0.336300 0.230100 0.362500 0.142700 0.044300 0.139300 0.150300 0.154300 0.216100 0.029600 0.144300 0.136500 0.172900 0.172000 0.075000 0.204200 0.172900 0.058400 0.183800 0.124700 0.028100 0.205100 0.209100 0.000000 0.157800 0.150700 0.169000 0.124900 0.202700 0.193800 0.204500 0.243100 0.165800 0.122000 0.161800 0.059000 0.142500 0.172200 0.242600 0.215500 0.127500 0.199000 0.220400 0.161400 0.139300 0.118400 0.161000 0.138800 0.316400 0.136300 0.150900
GyrantGaze 0.139000 0.272600 0.196900 0.421600 0.108300 0.139000 0.105700 0.118500 0.121700 0.179300 0.157200 0.077500 0.136000 0.105800 0.169700 0.074700 0.239200 0.208800 0.152600 0.151400 0.059900 0.188000 0.203500 0.139200 0.157800 0.000000 0.150500 0.136300 0.075900 0.168800 0.193100 0.104700 0.203200 0.165300 0.121200 0.127000 0.154300 0.108200 0.105800 0.240800 0.250000 0.029300 0.162500 0.296200 0.126900 0.106300 0.118800 0.093100 0.137900 0.316600 0.104500 0.151000
Hartebeest 0.133000 0.319300 0.157800 0.367000 0.104100 0.133000 0.101600 0.144400 0.116200 0.206200 0.118500 0.137700 0.013700 0.101800 0.162800 0.133200 0.264700 0.166400 0.178000 0.145200 0.118500 0.179800 0.229100 0.199000 0.150700 0.150500 0.000000 0.161900 0.119900 0.193900 0.219400 0.131600 0.230200 0.040800 0.056400 0.121100 0.147700 0.072900 0.132900 0.196800 0.206800 0.121200 0.189700 0.282500 0.120700 0.102200 0.145100 0.121000 0.101400 0.304300 0.130700 0.176200
Bongo 0.150500 0.322000 0.113100 0.452000 0.121400 0.150500 0.150500 0.161700 0.042500 0.190800 0.168300 0.090300 0.147900 0.150500 0.215700 0.119200 0.249700 0.219400 0.164200 0.070500 0.104400 0.198600 0.215400 0.185000 0.169000 0.136300 0.161900 0.000000 0.137300 0.085300 0.205200 0.180800 0.214600 0.176600 0.166000 0.139100 0.165500 0.121200 0.150000 0.216600 0.261200 0.106800 0.174300 0.307600 0.138700 0.150600 0.130500 0.138500 0.183500 0.288200 0.056500 0.070000
Gerenuk 0.107000 0.296300 0.182400 0.406000 0.109700 0.107000 0.107100 0.086500 0.122600 0.164600 0.124400 0.078100 0.105400 0.107100 0.122400 0.059700 0.205000 0.174800 0.121300 0.152500 0.060600 0.155100 0.189500 0.158400 0.124900 0.075900 0.119900 0.137300 0.000000 0.170300 0.178600 0.137700 0.205100 0.134700 0.090500 0.128100 0.122200 0.109500 0.106600 0.227200 0.201000 0.045900 0.146700 0.281800 0.128800 0.107100 0.088100 0.093900 0.074900 0.279900 0.104700 0.152200
CommonElan 0.183400 0.362100 0.142400 0.447700 0.153900 0.183400 0.183200 0.193800 0.071800 0.225900 0.201900 0.122400 0.179900 0.183200 0.250500 0.151100 0.266500 0.235400 0.196800 0.070400 0.136200 0.232700 0.215000 0.184700 0.202700 0.168800 0.193900 0.085300 0.170300 0.000000 0.240200 0.214000 0.233900 0.208800 0.198900 0.123000 0.198700 0.153700 0.182600 0.200100 0.260500 0.139200 0.209100 0.306700 0.155800 0.183300 0.161700 0.171800 0.217400 0.364000 0.085900 0.070000
MuntiacusR 0.209400 0.236300 0.233200 0.280700 0.109100 0.209400 0.172900 0.151400 0.190200 0.046100 0.229700 0.145400 0.204700 0.207600 0.137200 0.174000 0.206500 0.141000 0.170800 0.220800 0.124100 0.224500 0.105400 0.075600 0.193800 0.193100 0.219400 0.205200 0.178600 0.240200 0.000000 0.241200 0.205600 0.200600 0.189400 0.163000 0.225300 0.142600 0.172500 0.138900 0.118400 0.162200 0.030600 0.112200 0.128300 0.140300 0.185000 0.197300 0.207700 0.243600 0.188600 0.220500
HarveysDui 0.184700 0.322500 0.208300 0.431100 0.122000 0.184700 0.119000 0.162300 0.166700 0.226700 0.169700 0.123300 0.148900 0.028500 0.216400 0.152400 0.286600 0.220300 0.198500 0.163300 0.104800 0.234700 0.214700 0.185400 0.204500 0.104700 0.131600 0.180800 0.137700 0.214000 0.241200 0.000000 0.179100 0.177700 0.134200 0.173700 0.200100 0.121800 0.118700 0.253600 0.261500 0.107100 0.209800 0.348500 0.173700 0.119200 0.100200 0.122900 0.151000 0.326700 0.148600 0.195500
Pronghorn 0.220700 0.334600 0.280400 0.473600 0.150700 0.220700 0.182300 0.229200 0.199100 0.190200 0.242000 0.115300 0.215100 0.182500 0.255300 0.221200 0.213100 0.180200 0.272300 0.230600 0.167000 0.276200 0.216400 0.183800 0.243100 0.203200 0.230200 0.214600 0.205100 0.233900 0.205600 0.179100 0.000000 0.246600 0.198900 0.171400 0.237600 0.150400 0.218200 0.219200 0.264600 0.171200 0.172600 0.318200 0.171100 0.182300 0.230200 0.207500 0.219300 0.336000 0.214900 0.230700
BlueWildeb 0.147800 0.297900 0.203400 0.344500 0.150500 0.147800 0.116100 0.158800 0.130600 0.187400 0.165200 0.152900 0.027300 0.147200 0.177600 0.147900 0.210600 0.148900 0.160900 0.191200 0.133200 0.194900 0.210800 0.180900 0.165800 0.165300 0.040800 0.176600 0.134700 0.208800 0.200600 0.177700 0.246600 0.000000 0.070400 0.136200 0.130500 0.118100 0.179600 0.211900 0.189300 0.136200 0.171100 0.261600 0.103900 0.086300 0.159600 0.136000 0.115900 0.320200 0.145200 0.190900
Gemsbok 0.104600 0.287800 0.226700 0.314200 0.106300 0.104600 0.073100 0.116200 0.119100 0.175800 0.121500 0.108100 0.042000 0.103900 0.134100 0.136600 0.200200 0.104900 0.149800 0.181100 0.089500 0.151500 0.166400 0.169500 0.122000 0.121200 0.056400 0.166000 0.090500 0.198900 0.189400 0.134200 0.198900 0.070400 0.000000 0.091700 0.119400 0.074500 0.135600 0.236400 0.146200 0.091600 0.159300 0.289800 0.091600 0.073500 0.116800 0.123700 0.072500 0.310500 0.134000 0.148300
Yak 0.142500 0.262600 0.201000 0.410500 0.078600 0.142500 0.108900 0.153900 0.091000 0.147800 0.161100 0.079100 0.106500 0.142200 0.175200 0.143200 0.209400 0.177300 0.191100 0.121500 0.094000 0.193100 0.140600 0.109700 0.161800 0.127000 0.121100 0.139100 0.128100 0.123000 0.163000 0.173700 0.171400 0.136200 0.091700 0.000000 0.158400 0.046200 0.141600 0.140900 0.186500 0.096200 0.131200 0.225700 0.030700 0.108900 0.154400 0.129400 0.142200 0.285400 0.139200 0.121500
BlueSheep 0.014300 0.328900 0.225500 0.373200 0.139700 0.013900 0.136400 0.180000 0.151100 0.211100 0.058800 0.141100 0.133700 0.169300 0.168600 0.104600 0.166100 0.203500 0.087300 0.180000 0.122100 0.058000 0.200700 0.204500 0.059000 0.154300 0.147700 0.165500 0.122200 0.198700 0.225300 0.200100 0.237600 0.130500 0.119400 0.158400 0.000000 0.139400 0.168700 0.237700 0.245600 0.124700 0.194400 0.292300 0.157900 0.136400 0.147700 0.157600 0.136000 0.309500 0.133500 0.147900
BohorReedb 0.124000 0.238600 0.149300 0.384700 0.030200 0.124000 0.090800 0.135400 0.074800 0.128400 0.108800 0.062200 0.088400 0.090000 0.154700 0.123900 0.188500 0.157600 0.170500 0.104500 0.076200 0.173000 0.154200 0.123800 0.142500 0.108200 0.072900 0.121200 0.109500 0.153700 0.142600 0.121800 0.150400 0.118100 0.074500 0.046200 0.139400 0.000000 0.091000 0.156100 0.199500 0.078000 0.112200 0.239800 0.046100 0.091300 0.135800 0.110700 0.122900 0.225900 0.121400 0.136000
KirksDik 0.153400 0.327200 0.177700 0.391800 0.091100 0.153400 0.120300 0.143200 0.135600 0.158000 0.138300 0.092100 0.150500 0.089000 0.151000 0.121300 0.253300 0.222300 0.167100 0.133000 0.043900 0.202500 0.183400 0.153200 0.172200 0.105800 0.132900 0.150000 0.106600 0.182600 0.172500 0.118700 0.218200 0.179600 0.135600 0.141600 0.168700 0.091000 0.000000 0.185700 0.228400 0.076200 0.141800 0.271200 0.141400 0.120300 0.132500 0.107700 0.152700 0.254700 0.118300 0.164700
RoeDeer 0.221800 0.287900 0.210400 0.372000 0.156300 0.221800 0.220200 0.196600 0.202000 0.125000 0.206300 0.193600 0.215900 0.220500 0.217900 0.221200 0.218500 0.223000 0.234000 0.165000 0.169500 0.273700 0.118600 0.089300 0.242600 0.240800 0.196800 0.216600 0.227200 0.200100 0.138900 0.253600 0.219200 0.211900 0.236400 0.140900 0.237700 0.156100 0.185700 0.000000 0.130400 0.210500 0.109200 0.197500 0.140500 0.187100 0.267600 0.246800 0.219500 0.256200 0.200400 0.197700
WhiteLippe 0.230300 0.294100 0.288200 0.301600 0.199800 0.230300 0.195300 0.142000 0.246500 0.136600 0.250000 0.203400 0.192600 0.228900 0.192500 0.230400 0.193600 0.101700 0.209300 0.208300 0.180400 0.244800 0.070100 0.101200 0.215500 0.250000 0.206800 0.261200 0.201000 0.260500 0.118400 0.261500 0.264600 0.189300 0.146200 0.186500 0.245600 0.199500 0.228400 0.130400 0.000000 0.219800 0.120900 0.171200 0.186500 0.163900 0.207000 0.254700 0.161800 0.300400 0.244600 0.207800
ThomsonGaz 0.109200 0.280300 0.167600 0.388600 0.078100 0.109200 0.076200 0.089500 0.092000 0.147900 0.127000 0.046900 0.106600 0.076200 0.140100 0.045200 0.208900 0.177800 0.123000 0.121900 0.029400 0.158300 0.173500 0.142500 0.127500 0.029300 0.121200 0.106800 0.045900 0.139200 0.162200 0.107100 0.171200 0.136200 0.091600 0.096200 0.124700 0.078000 0.076200 0.210500 0.219800 0.000000 0.131200 0.263700 0.096100 0.076600 0.089700 0.062700 0.108200 0.285300 0.075200 0.121700
MuntiacusC 0.178300 0.203600 0.202600 0.305600 0.112400 0.178300 0.143000 0.154800 0.159200 0.015400 0.198100 0.113700 0.174800 0.177600 0.141200 0.179200 0.175300 0.144100 0.192800 0.189900 0.094100 0.230500 0.076000 0.045800 0.199000 0.162500 0.189700 0.174300 0.146700 0.209100 0.030600 0.209800 0.172600 0.171100 0.159300 0.131200 0.194400 0.112200 0.141800 0.109200 0.120900 0.131200 0.000000 0.115500 0.096700 0.109600 0.189300 0.165400 0.177600 0.211900 0.157800 0.189700
WhiteTaile 0.275300 0.307100 0.296500 0.396000 0.240300 0.275300 0.271900 0.244600 0.291500 0.132400 0.258400 0.245200 0.267400 0.311000 0.231100 0.273800 0.310000 0.236900 0.249000 0.284700 0.217600 0.252400 0.159400 0.128100 0.220400 0.296200 0.282500 0.307600 0.281800 0.306700 0.112200 0.348500 0.318200 0.261600 0.289800 0.225700 0.292300 0.239800 0.271200 0.197500 0.171200 0.263700 0.115500 0.000000 0.225700 0.235600 0.282900 0.224000 0.311600 0.311600 0.289000 0.284600
Cattle 0.142100 0.223600 0.200600 0.367200 0.078500 0.142100 0.108700 0.153800 0.090800 0.113100 0.160700 0.079400 0.106100 0.142200 0.175000 0.142800 0.174200 0.142700 0.156500 0.153900 0.093800 0.192700 0.140800 0.109700 0.161400 0.126900 0.120700 0.138700 0.128800 0.155800 0.128300 0.173700 0.171100 0.103900 0.091600 0.030700 0.157900 0.046100 0.141400 0.140500 0.186500 0.096100 0.096700 0.225700 0.000000 0.076600 0.154500 0.129200 0.142000 0.247600 0.138700 0.153900
RoyalAntel 0.121300 0.212600 0.210800 0.314900 0.091400 0.121300 0.058700 0.132600 0.136200 0.125500 0.138800 0.092500 0.088000 0.089500 0.152100 0.121800 0.184700 0.121600 0.135300 0.165400 0.074900 0.135900 0.152100 0.121800 0.139300 0.106300 0.102200 0.150600 0.107100 0.183300 0.140300 0.119200 0.182300 0.086300 0.073500 0.108900 0.136400 0.091300 0.120300 0.187100 0.163900 0.076600 0.109600 0.235600 0.076600 0.000000 0.102100 0.108100 0.089200 0.219900 0.118800 0.165300
Steenbok 0.132900 0.318500 0.188800 0.365400 0.136000 0.132900 0.101900 0.113500 0.116700 0.205900 0.150100 0.105500 0.131200 0.071500 0.196600 0.071900 0.229000 0.166100 0.115200 0.144900 0.087800 0.147200 0.195200 0.199600 0.118400 0.118800 0.145100 0.130500 0.088100 0.161700 0.185000 0.100200 0.230200 0.159600 0.116800 0.154400 0.147700 0.135800 0.132500 0.267600 0.207000 0.089700 0.189300 0.282900 0.154500 0.102100 0.000000 0.105200 0.101500 0.301800 0.100100 0.144700
Impala 0.141900 0.278600 0.166600 0.385600 0.110800 0.141900 0.108100 0.120500 0.123700 0.182300 0.160400 0.079000 0.106500 0.092300 0.173900 0.109000 0.243500 0.211600 0.155900 0.153600 0.061300 0.192100 0.190900 0.176500 0.161000 0.093100 0.121000 0.138500 0.093900 0.171800 0.197300 0.122900 0.207500 0.136000 0.123700 0.129400 0.157600 0.110700 0.107700 0.246800 0.254700 0.062700 0.165400 0.224000 0.129200 0.108100 0.105200 0.000000 0.141200 0.283300 0.106300 0.153500
Klipspring 0.120900 0.268800 0.245000 0.333200 0.123100 0.120900 0.088800 0.101100 0.168900 0.194300 0.138200 0.125300 0.087400 0.120200 0.151200 0.120700 0.183000 0.153700 0.166200 0.198500 0.105800 0.168800 0.218000 0.187300 0.138800 0.137900 0.101400 0.183500 0.074900 0.217400 0.207700 0.151000 0.219300 0.115900 0.072500 0.142200 0.136000 0.122900 0.152700 0.219500 0.161800 0.108200 0.177600 0.311600 0.142000 0.089200 0.101500 0.141200 0.000000 0.292000 0.150700 0.198500
ForestMusk 0.293100 0.306500 0.354200 0.458400 0.226400 0.293100 0.293100 0.339700 0.310200 0.211400 0.277600 0.266200 0.326500 0.293500 0.327200 0.294500 0.289300 0.296600 0.307100 0.304900 0.240500 0.307800 0.253200 0.221900 0.316400 0.316600 0.304300 0.288200 0.279900 0.364000 0.243600 0.326700 0.336000 0.320200 0.310500 0.285400 0.309500 0.225900 0.254700 0.256200 0.300400 0.285300 0.211900 0.311600 0.247600 0.219900 0.301800 0.283300 0.292000 0.000000 0.326100 0.341800
Bushbuck 0.118800 0.322300 0.098500 0.409900 0.121600 0.118800 0.118800 0.129000 0.042600 0.174200 0.135800 0.090200 0.116700 0.118800 0.166300 0.088200 0.250000 0.219500 0.132500 0.070600 0.073600 0.165700 0.199200 0.168900 0.136300 0.104500 0.130700 0.056500 0.104700 0.085900 0.188600 0.148600 0.214900 0.145200 0.134000 0.139200 0.133500 0.121400 0.118300 0.200400 0.244600 0.075200 0.157800 0.289000 0.138700 0.118800 0.100100 0.106300 0.150700 0.326100 0.000000 0.070400
GreaterKud 0.133200 0.338700 0.126200 0.427000 0.136200 0.133200 0.165200 0.176100 0.056600 0.206200 0.150300 0.105200 0.162300 0.165200 0.230900 0.133700 0.229900 0.199900 0.146800 0.055500 0.119000 0.180100 0.163600 0.166500 0.150900 0.151000 0.176200 0.070000 0.152200 0.070000 0.220500 0.195500 0.230700 0.190900 0.148300 0.121500 0.147900 0.136000 0.164700 0.197700 0.207800 0.121700 0.189700 0.284600 0.153900 0.165300 0.144700 0.153500 0.198500 0.341800 0.070400 0.000000
