1
52 1
Argali 0.000000 0.243600 0.117400 0.193900 0.094900 0.000000 0.094800 0.083800 0.117800 0.097300 0.061100 0.148900 0.062600 0.084700 0.094300 0.051700 0.073000 0.073000 0.051700 0.117400 0.072900 0.052500 0.130200 0.106800 0.060900 0.093400 0.062600 0.117800 0.050700 0.128100 0.085200 0.107600 0.123300 0.062600 0.085200 0.140300 0.030600 0.084500 0.084100 0.108300 0.129900 0.105300 0.098800 0.141300 0.150800 0.127600 0.073200 0.041100 0.072000 0.107400 0.117400 0.115800
LesserMous 0.243600 0.000000 0.202500 0.246600 0.178100 0.243600 0.130200 0.190100 0.203000 0.208200 0.185600 0.235300 0.192200 0.167500 0.226700 0.203700 0.177900 0.177400 0.203400 0.202500 0.202400 0.206300 0.191900 0.192100 0.185600 0.225000 0.192200 0.203000 0.198700 0.187500 0.193500 0.168300 0.181200 0.192200 0.192600 0.254200 0.202600 0.191900 0.190300 0.203800 0.191800 0.212000 0.212000 0.230400 0.265600 0.199900 0.203200 0.190400 0.175200 0.192300 0.202500 0.224800
LesserKudu 0.117400 0.202500 0.000000 0.205300 0.105100 0.117400 0.061500 0.093900 0.000000 0.107400 0.114400 0.070900 0.095000 0.094700 0.126800 0.083400 0.083000 0.104900 0.083200 0.000000 0.082900 0.084500 0.117500 0.094600 0.114500 0.102600 0.095000 0.000000 0.103400 0.010000 0.095300 0.084000 0.111600 0.095000 0.117900 0.082800 0.083200 0.117200 0.072500 0.095900 0.117200 0.114400 0.109100 0.128300 0.093000 0.115200 0.083200 0.072200 0.082100 0.117500 0.000000 0.019800
KillerWhal 0.193900 0.246600 0.205300 0.000000 0.155700 0.193900 0.155400 0.192500 0.206000 0.158200 0.214000 0.239200 0.144700 0.194400 0.203600 0.155700 0.179500 0.204400 0.180200 0.205300 0.204900 0.183100 0.156700 0.168500 0.214200 0.228700 0.144700 0.206000 0.201700 0.217200 0.169800 0.195500 0.208200 0.144700 0.170400 0.257800 0.179800 0.169000 0.192500 0.145600 0.156100 0.216500 0.161000 0.205900 0.269200 0.228400 0.205500 0.167800 0.153200 0.193900 0.205300 0.228200
DefassaWat 0.094900 0.178100 0.105100 0.155700 0.000000 0.094900 0.061400 0.072200 0.105400 0.107600 0.092400 0.113200 0.051600 0.072800 0.082500 0.061800 0.061300 0.105100 0.061700 0.105100 0.083000 0.062400 0.140500 0.117100 0.092500 0.103400 0.051600 0.105400 0.081700 0.115500 0.095500 0.095100 0.089800 0.051600 0.073200 0.150300 0.061700 0.029500 0.094300 0.118700 0.140200 0.115300 0.109400 0.151600 0.160800 0.115200 0.083300 0.051100 0.060700 0.095100 0.105100 0.126000
Sheep 0.000000 0.243600 0.117400 0.193900 0.094900 0.000000 0.094800 0.083800 0.117800 0.097300 0.061100 0.148900 0.062300 0.084700 0.094300 0.051700 0.073000 0.073000 0.051700 0.117400 0.072900 0.052500 0.130200 0.106800 0.060900 0.093400 0.062600 0.117800 0.050700 0.128100 0.085200 0.107600 0.123300 0.062600 0.085200 0.140300 0.030600 0.084500 0.084100 0.108300 0.129900 0.105300 0.098800 0.141300 0.150800 0.127600 0.073200 0.041100 0.072000 0.107400 0.117400 0.115800
MaxwellsDu 0.094800 0.130200 0.061500 0.155400 0.061400 0.094800 0.000000 0.050900 0.061800 0.084800 0.092400 0.091400 0.051500 0.029800 0.082500 0.071300 0.061200 0.082800 0.061700 0.061500 0.061400 0.072400 0.094800 0.072600 0.092500 0.083500 0.051500 0.061800 0.090900 0.071300 0.073200 0.030700 0.089700 0.051500 0.073400 0.104800 0.061600 0.072700 0.051100 0.073600 0.094600 0.094700 0.086200 0.105600 0.114900 0.092900 0.061600 0.051100 0.040100 0.072900 0.061500 0.082000
GazellaPrz 0.083800 0.190100 0.093900 0.192500 0.072200 0.083800 0.050900 0.000000 0.094200 0.073800 0.081600 0.124600 0.041000 0.040900 0.071700 0.051100 0.072200 0.072200 0.051100 0.093900 0.050800 0.051900 0.106000 0.083400 0.081700 0.069600 0.041000 0.094200 0.071000 0.104000 0.062400 0.062300 0.100600 0.041000 0.062500 0.116000 0.051000 0.062000 0.040500 0.084600 0.105700 0.081200 0.075000 0.105800 0.126200 0.082100 0.030200 0.040600 0.050400 0.062200 0.093900 0.114700
MountainNy 0.117800 0.203000 0.000000 0.206000 0.105400 0.117800 0.061800 0.094200 0.000000 0.107700 0.114800 0.071100 0.095300 0.095000 0.127200 0.083600 0.083200 0.105200 0.083500 0.000000 0.083100 0.084800 0.117800 0.094800 0.114800 0.102700 0.095300 0.000000 0.103700 0.010000 0.095500 0.084300 0.111800 0.095300 0.118300 0.083000 0.083500 0.117500 0.072700 0.096200 0.117500 0.114500 0.109400 0.128600 0.093200 0.115500 0.083400 0.072500 0.082300 0.117800 0.000000 0.019900
MuntiacusM 0.097300 0.208200 0.107400 0.158200 0.107600 0.097300 0.084800 0.073800 0.107700 0.000000 0.094600 0.138700 0.052800 0.074600 0.106900 0.063300 0.063000 0.067100 0.063300 0.107400 0.062900 0.064100 0.052800 0.052700 0.094600 0.081100 0.052800 0.107700 0.083700 0.117700 0.031500 0.097400 0.113800 0.052800 0.075100 0.130500 0.063100 0.097000 0.074100 0.031600 0.052600 0.093200 0.021400 0.085900 0.141000 0.118000 0.063200 0.052300 0.083800 0.074900 0.107400 0.128700
goat 0.061100 0.185600 0.114400 0.214000 0.092400 0.061100 0.092400 0.081600 0.114800 0.094600 0.000000 0.145000 0.061200 0.082500 0.091800 0.050400 0.071100 0.050100 0.050300 0.114400 0.071000 0.030300 0.104100 0.104000 0.000000 0.090500 0.061200 0.114800 0.029300 0.102100 0.082900 0.104800 0.098800 0.061200 0.061400 0.136600 0.029800 0.082300 0.082000 0.105400 0.103800 0.079800 0.096000 0.137600 0.147000 0.102100 0.071300 0.040000 0.070200 0.104500 0.114400 0.112900
AfricanBuf 0.148900 0.235300 0.070900 0.239200 0.113200 0.148900 0.091400 0.124600 0.071100 0.138700 0.145000 0.000000 0.126100 0.125400 0.157900 0.114000 0.090900 0.135500 0.113900 0.070900 0.113300 0.115100 0.148900 0.125200 0.145200 0.122600 0.126100 0.071100 0.133800 0.081400 0.126100 0.112500 0.140600 0.126100 0.149300 0.029700 0.113800 0.148600 0.102700 0.126800 0.148200 0.146200 0.140900 0.159600 0.039400 0.169000 0.113700 0.102500 0.112400 0.125800 0.070900 0.091100
Topi 0.062600 0.192200 0.095000 0.144700 0.051600 0.062300 0.051500 0.041000 0.095300 0.052800 0.061200 0.126100 0.000000 0.041400 0.051200 0.030700 0.073100 0.073100 0.030700 0.095000 0.051500 0.031100 0.084900 0.062700 0.061000 0.070800 0.000000 0.095300 0.050700 0.105300 0.041700 0.063100 0.101800 0.000000 0.020600 0.117400 0.030600 0.041300 0.062400 0.063500 0.084600 0.082600 0.053700 0.095700 0.127700 0.083100 0.051700 0.020300 0.030200 0.063000 0.095000 0.116000
CommonDuik 0.084700 0.167500 0.094700 0.194400 0.072800 0.084700 0.029800 0.040900 0.095000 0.074600 0.082500 0.125400 0.041400 0.000000 0.072500 0.061100 0.072600 0.072900 0.051700 0.094700 0.051400 0.062000 0.107100 0.084300 0.082600 0.073400 0.041400 0.095000 0.080800 0.105200 0.063100 0.020600 0.101200 0.041400 0.063200 0.117000 0.051600 0.062600 0.062300 0.085500 0.106800 0.084700 0.075900 0.118000 0.127300 0.061600 0.051600 0.041100 0.050800 0.062800 0.094700 0.115600
Suni 0.094300 0.226700 0.126800 0.203600 0.082500 0.094300 0.082500 0.071700 0.127200 0.106900 0.091800 0.157900 0.051200 0.072500 0.000000 0.061400 0.104500 0.104500 0.061300 0.126800 0.082400 0.062300 0.139700 0.116300 0.091900 0.103300 0.051200 0.127200 0.081200 0.137300 0.094800 0.094000 0.132600 0.051200 0.072900 0.149500 0.061200 0.072300 0.093600 0.117900 0.139300 0.115200 0.108600 0.150700 0.159800 0.114400 0.082700 0.050700 0.060400 0.094500 0.126800 0.147900
Springbuck 0.051700 0.203700 0.083400 0.155700 0.061800 0.051700 0.071300 0.051100 0.083600 0.063300 0.050400 0.114000 0.030700 0.061100 0.061400 0.000000 0.061900 0.061900 0.020200 0.083400 0.040700 0.020400 0.095400 0.073100 0.050500 0.051300 0.030700 0.083600 0.049800 0.093300 0.052100 0.083200 0.112000 0.030700 0.052000 0.105300 0.020200 0.051600 0.051400 0.074100 0.095200 0.062100 0.064300 0.106300 0.115600 0.093400 0.040800 0.010000 0.040200 0.073400 0.083400 0.104100
Okapi 0.073000 0.177900 0.083000 0.179500 0.061300 0.073000 0.061200 0.072200 0.083200 0.063000 0.071100 0.090900 0.073100 0.072600 0.104500 0.061900 0.000000 0.040600 0.061800 0.083000 0.061500 0.062400 0.094900 0.072700 0.071200 0.079400 0.073100 0.083200 0.060600 0.092700 0.051800 0.094900 0.048700 0.073100 0.095200 0.127400 0.040600 0.094700 0.072400 0.073700 0.094700 0.091200 0.064000 0.105700 0.137600 0.115300 0.061700 0.051100 0.081900 0.073000 0.083000 0.081900
Giraffe 0.073000 0.177400 0.104900 0.204400 0.105100 0.073000 0.082800 0.072200 0.105200 0.067100 0.050100 0.135500 0.073100 0.072900 0.104500 0.061900 0.040600 0.000000 0.061900 0.104900 0.061600 0.062800 0.073000 0.073000 0.050200 0.078800 0.073100 0.105200 0.039800 0.092100 0.055600 0.095200 0.069000 0.073100 0.073300 0.127400 0.040700 0.094800 0.072400 0.073900 0.095000 0.067700 0.068600 0.106100 0.137900 0.115300 0.061800 0.051200 0.082000 0.073200 0.104900 0.103400
TibetanAnt 0.051700 0.203400 0.083200 0.180200 0.061700 0.051700 0.061700 0.051100 0.083500 0.063300 0.050300 0.113900 0.030700 0.051700 0.061300 0.020200 0.061800 0.061900 0.000000 0.083200 0.040700 0.020500 0.095300 0.073000 0.050400 0.059600 0.030700 0.083500 0.040100 0.093300 0.052000 0.073400 0.111800 0.030700 0.052000 0.105200 0.020200 0.051500 0.051300 0.074000 0.095000 0.071300 0.064300 0.083700 0.115400 0.092900 0.040800 0.010000 0.040100 0.073300 0.083200 0.103900
Sitatunga 0.117400 0.202500 0.000000 0.205300 0.105100 0.117400 0.061500 0.093900 0.000000 0.107400 0.114400 0.070900 0.095000 0.094700 0.126800 0.083400 0.083000 0.104900 0.083200 0.000000 0.082900 0.084500 0.117500 0.094600 0.114500 0.102600 0.095000 0.000000 0.103400 0.010000 0.095300 0.084000 0.111600 0.095000 0.117900 0.082800 0.083200 0.117200 0.072500 0.095900 0.117200 0.114400 0.109100 0.128300 0.093000 0.115200 0.083200 0.072200 0.082100 0.117500 0.000000 0.019400
Oribi 0.072900 0.202400 0.082900 0.204900 0.083000 0.072900 0.061400 0.050800 0.083100 0.062900 0.071000 0.113300 0.051500 0.051400 0.082400 0.040700 0.061500 0.061600 0.040700 0.082900 0.000000 0.041300 0.094900 0.072700 0.071100 0.038000 0.051500 0.083100 0.040000 0.092800 0.051800 0.073100 0.111300 0.051500 0.073400 0.104700 0.040600 0.072700 0.051000 0.073600 0.094600 0.049700 0.064000 0.105700 0.114900 0.092900 0.040600 0.030300 0.040100 0.073000 0.082900 0.103500
BarbaryShe 0.052500 0.206300 0.084500 0.183100 0.062400 0.052500 0.072400 0.051900 0.084800 0.064100 0.030300 0.115100 0.031100 0.062000 0.062300 0.020400 0.062400 0.062800 0.020500 0.084500 0.041300 0.000000 0.096600 0.074000 0.030400 0.052100 0.031100 0.084800 0.050700 0.094700 0.052700 0.084500 0.113000 0.031100 0.052800 0.106700 0.020500 0.052200 0.052100 0.075000 0.096400 0.063100 0.065200 0.107600 0.117100 0.094800 0.041500 0.010200 0.040700 0.074300 0.084500 0.105500
Daviddeer 0.130200 0.191900 0.117500 0.156700 0.140500 0.130200 0.094800 0.106000 0.117800 0.052800 0.104100 0.148900 0.084900 0.107100 0.139700 0.095400 0.094900 0.073000 0.095300 0.117500 0.094900 0.096600 0.000000 0.062900 0.104100 0.115200 0.084900 0.117800 0.093300 0.104900 0.063400 0.107600 0.123000 0.084900 0.085000 0.140500 0.095100 0.130000 0.084200 0.041900 0.041300 0.103900 0.053700 0.096000 0.151100 0.150900 0.095300 0.084000 0.093800 0.107500 0.117500 0.138700
Reindeer 0.106800 0.192100 0.094600 0.168500 0.117100 0.106800 0.072600 0.083400 0.094800 0.052700 0.104000 0.125200 0.062700 0.084300 0.116300 0.073100 0.072700 0.073000 0.073000 0.094600 0.072700 0.074000 0.062900 0.000000 0.104100 0.091300 0.062700 0.094800 0.093200 0.104600 0.041700 0.084700 0.122900 0.062700 0.084900 0.117000 0.072800 0.106700 0.062100 0.049700 0.062700 0.103300 0.053700 0.030800 0.127300 0.127300 0.072900 0.062100 0.071800 0.084700 0.094600 0.115400
Ibex 0.060900 0.185600 0.114500 0.214200 0.092500 0.060900 0.092500 0.081700 0.114800 0.094600 0.000000 0.145200 0.061000 0.082600 0.091900 0.050500 0.071200 0.050200 0.050400 0.114500 0.071100 0.030400 0.104100 0.104100 0.000000 0.090900 0.061000 0.114800 0.029300 0.102300 0.083000 0.104900 0.098900 0.061000 0.061400 0.136700 0.029800 0.082300 0.082100 0.105400 0.103900 0.080200 0.096100 0.137700 0.147100 0.102200 0.071400 0.040000 0.070300 0.104600 0.114500 0.113000
GyrantGaze 0.093400 0.225000 0.102600 0.228700 0.103400 0.093400 0.083500 0.069600 0.102700 0.081100 0.090500 0.122600 0.070800 0.073400 0.103300 0.051300 0.079400 0.078800 0.059600 0.102600 0.038000 0.052100 0.115200 0.091300 0.090900 0.000000 0.070800 0.102700 0.081800 0.112400 0.069300 0.095900 0.130900 0.070800 0.093600 0.114300 0.058700 0.092800 0.069000 0.092300 0.114200 0.030700 0.082800 0.126100 0.124500 0.114200 0.058300 0.047200 0.057600 0.092500 0.102600 0.124000
Hartebeest 0.062600 0.192200 0.095000 0.144700 0.051600 0.062600 0.051500 0.041000 0.095300 0.052800 0.061200 0.126100 0.000000 0.041400 0.051200 0.030700 0.073100 0.073100 0.030700 0.095000 0.051500 0.031100 0.084900 0.062700 0.061000 0.070800 0.000000 0.095300 0.050700 0.105300 0.041700 0.063100 0.101800 0.000000 0.020600 0.117400 0.030600 0.041300 0.062400 0.063500 0.084600 0.082600 0.053700 0.095700 0.127700 0.083100 0.051700 0.020300 0.030200 0.063000 0.095000 0.116000
Bongo 0.117800 0.203000 0.000000 0.206000 0.105400 0.117800 0.061800 0.094200 0.000000 0.107700 0.114800 0.071100 0.095300 0.095000 0.127200 0.083600 0.083200 0.105200 0.083500 0.000000 0.083100 0.084800 0.117800 0.094800 0.114800 0.102700 0.095300 0.000000 0.103700 0.010000 0.095500 0.084300 0.111800 0.095300 0.118300 0.083000 0.083500 0.117500 0.072700 0.096200 0.117500 0.114500 0.109400 0.128600 0.093200 0.115500 0.083400 0.072500 0.082300 0.117800 0.000000 0.019900
Gerenuk 0.050700 0.198700 0.103400 0.201700 0.081700 0.050700 0.090900 0.071000 0.103700 0.083700 0.029300 0.133800 0.050700 0.080800 0.081200 0.049800 0.060600 0.039800 0.040100 0.103400 0.040000 0.050700 0.093300 0.093200 0.029300 0.081800 0.050700 0.103700 0.000000 0.091100 0.072300 0.103100 0.088600 0.050700 0.050900 0.125400 0.019800 0.071600 0.071300 0.094400 0.115400 0.071200 0.085000 0.126600 0.135700 0.113400 0.060800 0.029800 0.059800 0.093600 0.103400 0.102000
CommonElan 0.128100 0.187500 0.010000 0.217200 0.115500 0.128100 0.071300 0.104000 0.010000 0.117700 0.102100 0.081400 0.105300 0.105200 0.137300 0.093300 0.092700 0.092100 0.093300 0.010000 0.092800 0.094700 0.104900 0.104600 0.102300 0.112400 0.105300 0.010000 0.091100 0.000000 0.105400 0.091600 0.099200 0.105300 0.105500 0.093500 0.093100 0.127900 0.082300 0.106000 0.127500 0.100900 0.119700 0.138900 0.103800 0.125700 0.093300 0.081900 0.092200 0.128300 0.010000 0.029900
MuntiacusR 0.085200 0.193500 0.095300 0.169800 0.095500 0.085200 0.073200 0.062400 0.095500 0.031500 0.082900 0.126100 0.041700 0.063100 0.094800 0.052100 0.051800 0.055600 0.052000 0.095300 0.051800 0.052700 0.063400 0.041700 0.083000 0.069300 0.041700 0.095500 0.072300 0.105400 0.000000 0.085400 0.102100 0.041700 0.063500 0.117900 0.051900 0.085000 0.062600 0.042200 0.063200 0.081200 0.031900 0.074200 0.128200 0.105700 0.051900 0.041300 0.072300 0.063300 0.095300 0.116200
HarveysDui 0.107600 0.168300 0.084000 0.195500 0.095100 0.107600 0.030700 0.062300 0.084300 0.097400 0.104800 0.112500 0.063100 0.020600 0.094000 0.083200 0.094900 0.095200 0.073400 0.084000 0.073100 0.084500 0.107600 0.084700 0.104900 0.095900 0.063100 0.084300 0.103100 0.091600 0.085400 0.000000 0.123400 0.063100 0.085600 0.106100 0.073400 0.084800 0.062600 0.085900 0.107300 0.107500 0.099100 0.118600 0.116500 0.083400 0.073400 0.062500 0.051100 0.085100 0.084000 0.104900
Pronghorn 0.123300 0.181200 0.111600 0.208200 0.089800 0.123300 0.089700 0.100600 0.111800 0.113800 0.098800 0.140600 0.101800 0.101200 0.132600 0.112000 0.048700 0.069000 0.111800 0.111600 0.111300 0.113000 0.123000 0.122900 0.098900 0.130900 0.101800 0.111800 0.088600 0.099200 0.102100 0.123400 0.000000 0.101800 0.101500 0.178200 0.090100 0.123100 0.122600 0.124600 0.145400 0.119700 0.115600 0.156500 0.188700 0.143300 0.111800 0.100900 0.110000 0.101700 0.111600 0.110200
BlueWildeb 0.062600 0.192200 0.095000 0.144700 0.051600 0.062600 0.051500 0.041000 0.095300 0.052800 0.061200 0.126100 0.000000 0.041400 0.051200 0.030700 0.073100 0.073100 0.030700 0.095000 0.051500 0.031100 0.084900 0.062700 0.061000 0.070800 0.000000 0.095300 0.050700 0.105300 0.041700 0.063100 0.101800 0.000000 0.020600 0.117400 0.030600 0.041300 0.062400 0.063500 0.084600 0.082600 0.053700 0.095700 0.127700 0.083100 0.051700 0.020300 0.030200 0.063000 0.095000 0.116000
Gemsbok 0.085200 0.192600 0.117900 0.170400 0.073200 0.085200 0.073400 0.062500 0.118300 0.075100 0.061400 0.149300 0.020600 0.063200 0.072900 0.052000 0.095200 0.073300 0.052000 0.117900 0.073400 0.052800 0.085000 0.084900 0.061400 0.093600 0.020600 0.118300 0.050900 0.105500 0.063500 0.085600 0.101500 0.020600 0.000000 0.140900 0.051900 0.062900 0.084600 0.086100 0.107500 0.082500 0.076400 0.118900 0.151600 0.105800 0.073600 0.041300 0.051100 0.085300 0.117900 0.139100
Yak 0.140300 0.254200 0.082800 0.257800 0.150300 0.140300 0.104800 0.116000 0.083000 0.130500 0.136600 0.029700 0.117400 0.117000 0.149500 0.105300 0.127400 0.127400 0.105200 0.082800 0.104700 0.106700 0.140500 0.117000 0.136700 0.114300 0.117400 0.083000 0.125400 0.093500 0.117900 0.106100 0.178200 0.117400 0.140900 0.000000 0.105100 0.140100 0.094200 0.118600 0.140100 0.138000 0.132600 0.151500 0.009900 0.160500 0.105100 0.094000 0.103700 0.117300 0.082800 0.103500
BlueSheep 0.030600 0.202600 0.083200 0.179800 0.061700 0.030600 0.061600 0.051000 0.083500 0.063100 0.029800 0.113800 0.030600 0.051600 0.061200 0.020200 0.040600 0.040700 0.020200 0.083200 0.040600 0.020500 0.095100 0.072800 0.029800 0.058700 0.030600 0.083500 0.019800 0.093100 0.051900 0.073400 0.090100 0.030600 0.051900 0.105100 0.000000 0.051500 0.051300 0.073800 0.094800 0.070300 0.064100 0.105800 0.115400 0.093200 0.040800 0.010000 0.040100 0.073200 0.083200 0.082100
BohorReedb 0.084500 0.191900 0.117200 0.169000 0.029500 0.084500 0.072700 0.062000 0.117500 0.097000 0.082300 0.148600 0.041300 0.062600 0.072300 0.051600 0.094700 0.094800 0.051500 0.117200 0.072700 0.052200 0.130000 0.106700 0.082300 0.092800 0.041300 0.117500 0.071600 0.127900 0.085000 0.084800 0.123100 0.041300 0.062900 0.140100 0.051500 0.000000 0.084000 0.108100 0.129700 0.104700 0.098700 0.141100 0.150600 0.104900 0.073000 0.040900 0.050700 0.084700 0.117200 0.115700
KirksDik 0.084100 0.190300 0.072500 0.192500 0.094300 0.084100 0.051100 0.040500 0.072700 0.074100 0.082000 0.102700 0.062400 0.062300 0.093600 0.051400 0.072400 0.072400 0.051300 0.072500 0.051000 0.052100 0.084200 0.062100 0.082100 0.069000 0.062400 0.072700 0.071300 0.082300 0.062600 0.062600 0.122600 0.062400 0.084600 0.094200 0.051300 0.084000 0.000000 0.063000 0.083900 0.080700 0.075200 0.084100 0.104400 0.082400 0.030300 0.040700 0.050600 0.084200 0.072500 0.093200
RoeDeer 0.108300 0.203800 0.095900 0.145600 0.118700 0.108300 0.073600 0.084600 0.096200 0.031600 0.105400 0.126800 0.063500 0.085500 0.117900 0.074100 0.073700 0.073900 0.074000 0.095900 0.073600 0.075000 0.041900 0.049700 0.105400 0.092300 0.063500 0.096200 0.094400 0.106000 0.042200 0.085900 0.124600 0.063500 0.086100 0.118600 0.073800 0.108100 0.063000 0.000000 0.049300 0.104300 0.032200 0.084100 0.129000 0.129000 0.073900 0.062900 0.072800 0.085900 0.095900 0.117100
WhiteLippe 0.129900 0.191800 0.117200 0.156100 0.140200 0.129900 0.094600 0.105700 0.117500 0.052600 0.103800 0.148200 0.084600 0.106800 0.139300 0.095200 0.094700 0.095000 0.095000 0.117200 0.094600 0.096400 0.041300 0.062700 0.103900 0.114200 0.084600 0.117500 0.115400 0.127500 0.063200 0.107300 0.145400 0.084600 0.107500 0.140100 0.094800 0.129700 0.083900 0.049300 0.000000 0.126500 0.053500 0.095800 0.150500 0.127100 0.094900 0.083800 0.093500 0.107200 0.117200 0.138400
ThomsonGaz 0.105300 0.212000 0.114400 0.216500 0.115300 0.105300 0.094700 0.081200 0.114500 0.093200 0.079800 0.146200 0.082600 0.084700 0.115200 0.062100 0.091200 0.067700 0.071300 0.114400 0.049700 0.063100 0.103900 0.103300 0.080200 0.030700 0.082600 0.114500 0.071200 0.100900 0.081200 0.107500 0.119700 0.082600 0.082500 0.138000 0.070300 0.104700 0.080700 0.104300 0.126500 0.000000 0.095100 0.138600 0.148400 0.126200 0.070000 0.058900 0.069000 0.104500 0.114400 0.135700
MuntiacusC 0.098800 0.212000 0.109100 0.161000 0.109400 0.098800 0.086200 0.075000 0.109400 0.021400 0.096000 0.140900 0.053700 0.075900 0.108600 0.064300 0.064000 0.068600 0.064300 0.109100 0.064000 0.065200 0.053700 0.053700 0.096100 0.082800 0.053700 0.109400 0.085000 0.119700 0.031900 0.099100 0.115600 0.053700 0.076400 0.132600 0.064100 0.098700 0.075200 0.032200 0.053500 0.095100 0.000000 0.087400 0.143200 0.119900 0.064200 0.053200 0.085100 0.076200 0.109100 0.130600
WhiteTaile 0.141300 0.230400 0.128300 0.205900 0.151600 0.141300 0.105600 0.105800 0.128600 0.085900 0.137600 0.159600 0.095700 0.118000 0.150700 0.106300 0.105700 0.106100 0.083700 0.128300 0.105700 0.107600 0.096000 0.030800 0.137700 0.126100 0.095700 0.128600 0.126600 0.138900 0.074200 0.118600 0.156500 0.095700 0.118900 0.151500 0.105800 0.141100 0.084100 0.084100 0.095800 0.138600 0.087400 0.000000 0.161900 0.162100 0.095000 0.094800 0.104400 0.118500 0.128300 0.149500
Cattle 0.150800 0.265600 0.093000 0.269200 0.160800 0.150800 0.114900 0.126200 0.093200 0.141000 0.147000 0.039400 0.127700 0.127300 0.159800 0.115600 0.137600 0.137900 0.115400 0.093000 0.114900 0.117100 0.151100 0.127300 0.147100 0.124500 0.127700 0.093200 0.135700 0.103800 0.128200 0.116500 0.188700 0.127700 0.151600 0.009900 0.115400 0.150600 0.104400 0.129000 0.150500 0.148400 0.143200 0.161900 0.000000 0.170900 0.115400 0.104200 0.113900 0.127600 0.093000 0.113600
RoyalAntel 0.127600 0.199900 0.115200 0.228400 0.115200 0.127600 0.092900 0.082100 0.115500 0.118000 0.102100 0.169000 0.083100 0.061600 0.114400 0.093400 0.115300 0.115300 0.092900 0.115200 0.092900 0.094800 0.150900 0.127300 0.102200 0.114200 0.083100 0.115500 0.113400 0.125700 0.105700 0.083400 0.143300 0.083100 0.105800 0.160500 0.093200 0.104900 0.082400 0.129000 0.127100 0.126200 0.119900 0.162100 0.170900 0.000000 0.093200 0.082400 0.091900 0.105300 0.115200 0.136100
Steenbok 0.073200 0.203200 0.083200 0.205500 0.083300 0.073200 0.061600 0.030200 0.083400 0.063200 0.071300 0.113700 0.051700 0.051600 0.082700 0.040800 0.061700 0.061800 0.040800 0.083200 0.040600 0.041500 0.095300 0.072900 0.071400 0.058300 0.051700 0.083400 0.060800 0.093300 0.051900 0.073400 0.111800 0.051700 0.073600 0.105100 0.040800 0.073000 0.030300 0.073900 0.094900 0.070000 0.064200 0.095000 0.115400 0.093200 0.000000 0.030400 0.060900 0.073200 0.083200 0.103900
Impala 0.041100 0.190400 0.072200 0.167800 0.051100 0.041100 0.051100 0.040600 0.072500 0.052300 0.040000 0.102500 0.020300 0.041100 0.050700 0.010000 0.051100 0.051200 0.010000 0.072200 0.030300 0.010200 0.084000 0.062100 0.040000 0.047200 0.020300 0.072500 0.029800 0.081900 0.041300 0.062500 0.100900 0.020300 0.041300 0.094000 0.010000 0.040900 0.040700 0.062900 0.083800 0.058900 0.053200 0.094800 0.104200 0.082400 0.030400 0.000000 0.029900 0.062300 0.072200 0.092800
Klipspring 0.072000 0.175200 0.082100 0.153200 0.060700 0.072000 0.040100 0.050400 0.082300 0.083800 0.070200 0.112400 0.030200 0.050800 0.060400 0.040200 0.081900 0.082000 0.040100 0.082100 0.040100 0.040700 0.093800 0.071800 0.070300 0.057600 0.030200 0.082300 0.059800 0.092200 0.072300 0.051100 0.110000 0.030200 0.051100 0.103700 0.040100 0.050700 0.050600 0.072800 0.093500 0.069000 0.085100 0.104400 0.113900 0.091900 0.060900 0.029900 0.000000 0.072100 0.082100 0.102700
ForestMusk 0.107400 0.192300 0.117500 0.193900 0.095100 0.107400 0.072900 0.062200 0.117800 0.074900 0.104500 0.125800 0.063000 0.062800 0.094500 0.073400 0.073000 0.073200 0.073300 0.117500 0.073000 0.074300 0.107500 0.084700 0.104600 0.092500 0.063000 0.117800 0.093600 0.128300 0.063300 0.085100 0.101700 0.063000 0.085300 0.117300 0.073200 0.084700 0.084200 0.085900 0.107200 0.104500 0.076200 0.118500 0.127600 0.105300 0.073200 0.062300 0.072100 0.000000 0.117500 0.138800
Bushbuck 0.117400 0.202500 0.000000 0.205300 0.105100 0.117400 0.061500 0.093900 0.000000 0.107400 0.114400 0.070900 0.095000 0.094700 0.126800 0.083400 0.083000 0.104900 0.083200 0.000000 0.082900 0.084500 0.117500 0.094600 0.114500 0.102600 0.095000 0.000000 0.103400 0.010000 0.095300 0.084000 0.111600 0.095000 0.117900 0.082800 0.083200 0.117200 0.072500 0.095900 0.117200 0.114400 0.109100 0.128300 0.093000 0.115200 0.083200 0.072200 0.082100 0.117500 0.000000 0.019500
GreaterKud 0.115800 0.224800 0.019800 0.228200 0.126000 0.115800 0.082000 0.114700 0.019900 0.128700 0.112900 0.091100 0.116000 0.115600 0.147900 0.104100 0.081900 0.103400 0.103900 0.019400 0.103500 0.105500 0.138700 0.115400 0.113000 0.124000 0.116000 0.019900 0.102000 0.029900 0.116200 0.104900 0.110200 0.116000 0.139100 0.103500 0.082100 0.115700 0.093200 0.117100 0.138400 0.135700 0.130600 0.149500 0.113600 0.136100 0.103900 0.092800 0.102700 0.138800 0.019500 0.000000
