1
52 1
Argali 0.000000 0.232900 0.090200 0.219200 0.084000 0.012100 0.066700 0.070300 0.090800 0.112800 0.027200 0.073100 0.040800 0.061500 0.089700 0.068600 0.112500 0.115200 0.037600 0.092300 0.068500 0.025600 0.106900 0.109400 0.030200 0.071900 0.039400 0.083100 0.067300 0.089300 0.111100 0.053900 0.143300 0.042400 0.072200 0.085300 0.030100 0.076100 0.064400 0.106800 0.106700 0.072200 0.117600 0.111500 0.088600 0.071300 0.060900 0.090000 0.055500 0.105100 0.087800 0.082800
LesserMous 0.232900 0.000000 0.244600 0.227500 0.248100 0.243800 0.239600 0.245200 0.242100 0.213800 0.232400 0.225700 0.217500 0.238200 0.249800 0.240800 0.203500 0.205900 0.249100 0.247800 0.240700 0.233000 0.202200 0.211700 0.231900 0.247300 0.219700 0.235900 0.239700 0.242700 0.211800 0.233400 0.224400 0.219900 0.245000 0.222700 0.234800 0.243400 0.258700 0.213500 0.198200 0.244700 0.219200 0.212700 0.220900 0.249200 0.243600 0.240600 0.236200 0.218400 0.243200 0.235000
LesserKudu 0.090200 0.244600 0.000000 0.219400 0.089400 0.095400 0.085400 0.093500 0.029500 0.102700 0.082000 0.051200 0.082700 0.075100 0.093500 0.096600 0.104400 0.107000 0.095500 0.027900 0.088400 0.083200 0.105100 0.110900 0.088300 0.094900 0.081200 0.023700 0.092000 0.025000 0.105900 0.070800 0.146200 0.079600 0.098800 0.056900 0.088000 0.089800 0.090800 0.108300 0.104900 0.095400 0.109100 0.109700 0.060000 0.091500 0.092000 0.087000 0.085300 0.106700 0.023600 0.020600
KillerWhal 0.219200 0.227500 0.219400 0.000000 0.216100 0.229600 0.216900 0.219900 0.222700 0.190100 0.222500 0.213900 0.204600 0.224900 0.233600 0.215200 0.175200 0.177400 0.217900 0.216800 0.211900 0.219400 0.193200 0.193100 0.220200 0.218000 0.206700 0.212700 0.215900 0.217400 0.193700 0.216700 0.209400 0.206800 0.225200 0.224900 0.221000 0.217100 0.221400 0.204300 0.182100 0.215300 0.191700 0.205700 0.219300 0.227100 0.212600 0.236800 0.220400 0.178100 0.221700 0.217700
DefassaWat 0.084000 0.248100 0.089400 0.216100 0.000000 0.089100 0.077500 0.084000 0.094900 0.111500 0.077300 0.077100 0.068500 0.067400 0.097000 0.079100 0.098300 0.109200 0.086000 0.093100 0.082200 0.078500 0.109000 0.115000 0.080400 0.085500 0.067000 0.087200 0.074500 0.093300 0.116500 0.066200 0.141800 0.067100 0.089300 0.081200 0.083300 0.019400 0.086100 0.112400 0.105600 0.082700 0.119700 0.113700 0.081200 0.083500 0.068200 0.090700 0.070900 0.113900 0.091900 0.090200
Sheep 0.012100 0.243800 0.095400 0.229600 0.089100 0.000000 0.071700 0.076900 0.095900 0.121500 0.033500 0.081400 0.047200 0.066500 0.091500 0.078300 0.117800 0.120500 0.043900 0.097500 0.075000 0.031800 0.115600 0.119900 0.036500 0.078300 0.045700 0.088200 0.073700 0.094400 0.119700 0.058800 0.148800 0.048800 0.078900 0.090400 0.036400 0.081200 0.071000 0.115500 0.115400 0.078700 0.126400 0.120300 0.093700 0.078000 0.067400 0.095200 0.062100 0.113800 0.093000 0.084600
MaxwellsDu 0.066700 0.239600 0.085400 0.216900 0.077500 0.071700 0.000000 0.076800 0.085900 0.119500 0.065000 0.068300 0.053200 0.041000 0.083300 0.075000 0.109200 0.111900 0.067300 0.087400 0.075000 0.063000 0.110300 0.104300 0.068100 0.078300 0.051700 0.078200 0.067300 0.081100 0.121200 0.034900 0.145000 0.051700 0.085100 0.074000 0.067800 0.076200 0.075600 0.103500 0.110100 0.075500 0.124400 0.108300 0.080500 0.067900 0.061000 0.079900 0.058800 0.106700 0.081400 0.078000
GazellaPrz 0.070300 0.245200 0.093500 0.219900 0.084000 0.076900 0.076800 0.000000 0.090800 0.122200 0.067000 0.084600 0.055400 0.066800 0.097900 0.052000 0.100600 0.106400 0.071000 0.092300 0.045800 0.062000 0.109800 0.112300 0.066900 0.052000 0.054000 0.086400 0.047500 0.092600 0.120500 0.062400 0.135300 0.057100 0.077300 0.090200 0.066600 0.082700 0.049300 0.116400 0.113000 0.052200 0.127100 0.114400 0.090200 0.069900 0.044500 0.101400 0.063900 0.117900 0.091200 0.086200
MountainNy 0.090800 0.242100 0.029500 0.222700 0.094900 0.095900 0.085900 0.090800 0.000000 0.106600 0.085700 0.051500 0.076700 0.075600 0.094000 0.093800 0.101700 0.110900 0.092800 0.019100 0.085700 0.083700 0.102400 0.111500 0.088800 0.092200 0.078400 0.008800 0.092500 0.016200 0.109800 0.071200 0.147000 0.078400 0.096000 0.055600 0.088500 0.090300 0.088000 0.105600 0.105500 0.095900 0.113000 0.107000 0.055600 0.088700 0.089200 0.094200 0.082500 0.107200 0.014800 0.014700
MuntiacusM 0.112800 0.213800 0.102700 0.190100 0.111500 0.121500 0.119500 0.122200 0.106600 0.000000 0.112500 0.088900 0.096500 0.105300 0.123900 0.120300 0.074800 0.080700 0.119500 0.111400 0.116900 0.113600 0.029300 0.046200 0.115600 0.122000 0.098300 0.100700 0.119000 0.108400 0.007200 0.104300 0.120000 0.099900 0.119300 0.096100 0.115200 0.113600 0.131300 0.051900 0.029300 0.116000 0.010100 0.048700 0.097700 0.118700 0.112400 0.126300 0.110900 0.088100 0.107000 0.101900
goat 0.027200 0.232400 0.082000 0.222500 0.077300 0.033500 0.065000 0.067000 0.085700 0.112500 0.000000 0.071400 0.037700 0.055100 0.088000 0.068500 0.112300 0.114900 0.037500 0.087200 0.065200 0.011900 0.110000 0.109200 0.006000 0.068500 0.036200 0.078000 0.064000 0.084200 0.110800 0.050600 0.139500 0.039300 0.068900 0.080300 0.013400 0.072700 0.064200 0.106600 0.109800 0.068900 0.117400 0.111300 0.083500 0.064800 0.057700 0.084800 0.049100 0.108200 0.082800 0.077800
AfricanBuf 0.073100 0.225700 0.051200 0.213900 0.077100 0.081400 0.068300 0.084600 0.051500 0.088900 0.071400 0.000000 0.062600 0.064600 0.074900 0.082800 0.085700 0.094900 0.084900 0.049900 0.082700 0.072600 0.083100 0.085400 0.074500 0.082900 0.064300 0.042500 0.081500 0.050000 0.093800 0.060200 0.127000 0.064300 0.091500 0.028200 0.074200 0.075900 0.083400 0.086300 0.083000 0.084800 0.096900 0.084500 0.031300 0.080800 0.075000 0.082900 0.068100 0.089500 0.048600 0.043900
Topi 0.040800 0.217500 0.082700 0.204600 0.068500 0.047200 0.053200 0.055400 0.076700 0.096500 0.037700 0.062600 0.000000 0.046700 0.079100 0.056900 0.089900 0.092600 0.048000 0.084600 0.050600 0.032900 0.087500 0.096400 0.040700 0.053800 0.004400 0.075500 0.052400 0.081600 0.094900 0.045400 0.127800 0.010300 0.044800 0.068300 0.037400 0.064000 0.052600 0.090700 0.087400 0.057200 0.098000 0.095300 0.071500 0.056200 0.046300 0.075700 0.045500 0.098700 0.080200 0.075300
CommonDuik 0.061500 0.238200 0.075100 0.224900 0.067400 0.066500 0.041000 0.066800 0.075600 0.105300 0.055100 0.064600 0.046700 0.000000 0.084400 0.063500 0.095400 0.101300 0.062200 0.083500 0.065000 0.056400 0.099500 0.105300 0.061300 0.065100 0.045200 0.074400 0.060600 0.079000 0.107000 0.016500 0.130300 0.045200 0.071700 0.067100 0.061100 0.069200 0.062400 0.099500 0.096100 0.065400 0.110200 0.100800 0.073500 0.061300 0.057400 0.081100 0.048900 0.104100 0.079100 0.074200
Suni 0.089700 0.249800 0.093500 0.233600 0.097000 0.091500 0.083300 0.097900 0.094000 0.123900 0.088000 0.074900 0.079100 0.084400 0.000000 0.105800 0.113700 0.116400 0.093400 0.095500 0.099200 0.085900 0.118100 0.124000 0.091100 0.102700 0.080800 0.086400 0.098000 0.092500 0.125500 0.076800 0.137100 0.080800 0.106400 0.082100 0.090700 0.095800 0.103300 0.118000 0.121200 0.101500 0.128700 0.119400 0.082100 0.087800 0.088300 0.083200 0.084800 0.121100 0.091100 0.082900
Springbuck 0.068600 0.240800 0.096600 0.215200 0.079100 0.078300 0.075000 0.052000 0.093800 0.120300 0.068500 0.082800 0.056900 0.063500 0.105800 0.000000 0.108600 0.111100 0.074000 0.095300 0.047200 0.063500 0.104700 0.117100 0.071600 0.038300 0.055400 0.089500 0.018900 0.095600 0.118700 0.060700 0.138500 0.055400 0.081900 0.094800 0.068100 0.077800 0.053800 0.117900 0.104600 0.038500 0.125200 0.119200 0.094900 0.076200 0.045900 0.098000 0.065400 0.117800 0.092600 0.092500
Okapi 0.112500 0.203500 0.104400 0.175200 0.098300 0.117800 0.109200 0.100600 0.101700 0.074800 0.112300 0.085700 0.089900 0.095400 0.113700 0.108600 0.000000 0.028900 0.116000 0.099900 0.092300 0.106800 0.069100 0.077500 0.112100 0.105400 0.091600 0.095800 0.104000 0.100200 0.079500 0.097500 0.093600 0.094900 0.115900 0.089600 0.111700 0.100300 0.109400 0.084900 0.069000 0.102600 0.082600 0.076700 0.091300 0.111900 0.097500 0.124400 0.102400 0.081500 0.102100 0.097000
Giraffe 0.115200 0.205900 0.107000 0.177400 0.109200 0.120500 0.111900 0.106400 0.110900 0.080700 0.114900 0.094900 0.092600 0.101300 0.116400 0.111100 0.028900 0.000000 0.112000 0.105800 0.098100 0.109400 0.071800 0.080300 0.114700 0.106300 0.094300 0.104900 0.106500 0.106100 0.079100 0.100200 0.089900 0.096000 0.116900 0.098800 0.117600 0.104600 0.111900 0.090800 0.071700 0.103600 0.085300 0.073200 0.100400 0.117900 0.096900 0.130500 0.105100 0.084200 0.111300 0.106200
TibetanAnt 0.037600 0.249100 0.095500 0.217900 0.086000 0.043900 0.067300 0.071000 0.092800 0.119500 0.037500 0.084900 0.048000 0.062200 0.093400 0.074000 0.116000 0.112000 0.000000 0.097600 0.069200 0.035800 0.115400 0.112900 0.040500 0.075600 0.046500 0.088400 0.066400 0.091300 0.117800 0.057800 0.144700 0.049600 0.072800 0.085700 0.040400 0.081500 0.068200 0.113700 0.116900 0.069600 0.124300 0.111700 0.092200 0.070200 0.055400 0.095100 0.059500 0.110200 0.091400 0.088200
Sitatunga 0.092300 0.247800 0.027900 0.216800 0.093100 0.097500 0.087400 0.092300 0.019100 0.111400 0.087200 0.049900 0.084600 0.083500 0.095500 0.095300 0.099900 0.105800 0.097600 0.000000 0.087200 0.085200 0.107200 0.113000 0.090300 0.096900 0.083100 0.013300 0.094000 0.014600 0.114600 0.075900 0.145100 0.083100 0.097500 0.060200 0.090000 0.085200 0.089500 0.110400 0.110300 0.097400 0.117800 0.111800 0.063300 0.090200 0.090700 0.092400 0.087300 0.108700 0.013300 0.013200
Oribi 0.068500 0.240700 0.088400 0.211900 0.082200 0.075000 0.075000 0.045800 0.085700 0.116900 0.065200 0.082700 0.050600 0.065000 0.099200 0.047200 0.092300 0.098100 0.069200 0.087200 0.000000 0.060300 0.104600 0.113700 0.068300 0.044200 0.052300 0.084600 0.042800 0.090700 0.115200 0.060600 0.130000 0.055400 0.078600 0.091500 0.064900 0.080800 0.041500 0.111100 0.107700 0.044400 0.121700 0.112500 0.094700 0.074500 0.039800 0.096200 0.059000 0.115900 0.089300 0.084300
BarbaryShe 0.025600 0.233000 0.083200 0.219400 0.078500 0.031800 0.063000 0.062000 0.083700 0.113600 0.011900 0.072600 0.032900 0.056400 0.085900 0.063500 0.106800 0.109400 0.035800 0.085200 0.060300 0.000000 0.104500 0.106900 0.014900 0.063500 0.031400 0.076000 0.059000 0.082200 0.111900 0.048800 0.137100 0.034500 0.063800 0.081500 0.013300 0.070800 0.059200 0.104400 0.107600 0.063800 0.118500 0.109100 0.084700 0.066000 0.055800 0.086000 0.050400 0.102700 0.080700 0.075800
Daviddeer 0.106900 0.202200 0.105100 0.193200 0.109000 0.115600 0.110300 0.109800 0.102400 0.029300 0.110000 0.083100 0.087500 0.099500 0.118100 0.104700 0.069100 0.071800 0.115400 0.107200 0.104600 0.104500 0.000000 0.037300 0.109800 0.109600 0.089200 0.096400 0.106700 0.104200 0.030800 0.098400 0.114200 0.092500 0.116900 0.090300 0.109300 0.107800 0.118800 0.046200 0.008700 0.103600 0.033700 0.036900 0.092000 0.113000 0.103300 0.127200 0.101700 0.082300 0.102800 0.097700
Reindeer 0.109400 0.211700 0.110900 0.193100 0.115000 0.119900 0.104300 0.112300 0.111500 0.046200 0.109200 0.085400 0.096400 0.105300 0.124000 0.117100 0.077500 0.080300 0.112900 0.113000 0.113700 0.106900 0.037300 0.000000 0.109000 0.118800 0.098100 0.102100 0.115800 0.106700 0.047700 0.100900 0.121800 0.096500 0.126300 0.095900 0.111900 0.113700 0.114700 0.035800 0.037300 0.112700 0.050700 0.023500 0.097600 0.112100 0.099300 0.133400 0.102500 0.084500 0.108600 0.103400
Ibex 0.030200 0.231900 0.088300 0.220200 0.080400 0.036500 0.068100 0.066900 0.088800 0.115600 0.006000 0.074500 0.040700 0.061300 0.091100 0.071600 0.112100 0.114700 0.040500 0.090300 0.068300 0.014900 0.109800 0.109000 0.000000 0.071600 0.039200 0.081200 0.067000 0.087300 0.113900 0.053700 0.142700 0.042300 0.068800 0.083400 0.016400 0.072600 0.067300 0.106400 0.109600 0.072000 0.120500 0.111100 0.086700 0.067900 0.060700 0.091300 0.052200 0.104700 0.085900 0.080900
GyrantGaze 0.071900 0.247300 0.094900 0.218000 0.085500 0.078300 0.078300 0.052000 0.092200 0.122000 0.068500 0.082900 0.053800 0.065100 0.102700 0.038300 0.105400 0.106300 0.075600 0.096900 0.044200 0.063500 0.109600 0.118800 0.071600 0.000000 0.055500 0.091100 0.033900 0.097200 0.120300 0.060700 0.142100 0.058600 0.082000 0.091700 0.065000 0.081000 0.044600 0.116200 0.109500 0.014600 0.123500 0.120900 0.094900 0.077900 0.045900 0.098100 0.065400 0.117900 0.095800 0.090800
Hartebeest 0.039400 0.219700 0.081200 0.206700 0.067000 0.045700 0.051700 0.054000 0.078400 0.098300 0.036200 0.064300 0.004400 0.045200 0.080800 0.055400 0.091600 0.094300 0.046500 0.083100 0.052300 0.031400 0.089200 0.098100 0.039200 0.055500 0.000000 0.074000 0.051000 0.080100 0.096600 0.043900 0.129600 0.008800 0.043400 0.069900 0.036000 0.062500 0.054300 0.095700 0.089100 0.055700 0.099700 0.097100 0.073200 0.054700 0.044800 0.074200 0.044000 0.097200 0.078700 0.073800
Bongo 0.083100 0.235900 0.023700 0.212700 0.087200 0.088200 0.078200 0.086400 0.008800 0.100700 0.078000 0.042500 0.075500 0.074400 0.086400 0.089500 0.095800 0.104900 0.088400 0.013300 0.084600 0.076000 0.096400 0.102100 0.081200 0.091100 0.074000 0.000000 0.088200 0.010300 0.103900 0.066800 0.137600 0.074000 0.091700 0.052900 0.080800 0.082600 0.086900 0.099700 0.099600 0.091600 0.107100 0.101100 0.056000 0.084300 0.084900 0.086400 0.078100 0.097900 0.008900 0.008900
Gerenuk 0.067300 0.239700 0.092000 0.215900 0.074500 0.073700 0.067300 0.047500 0.092500 0.119000 0.064000 0.081500 0.052400 0.060600 0.098000 0.018900 0.104000 0.106500 0.066400 0.094000 0.042800 0.059000 0.106700 0.115800 0.067000 0.033900 0.051000 0.088200 0.000000 0.094300 0.117400 0.056200 0.140700 0.051000 0.077400 0.088700 0.063600 0.073200 0.049300 0.116600 0.106500 0.031000 0.123900 0.117900 0.092000 0.068500 0.038500 0.090100 0.060900 0.116400 0.091300 0.087900
CommonElan 0.089300 0.242700 0.025000 0.217400 0.093300 0.094400 0.081100 0.092600 0.016200 0.108400 0.084200 0.050000 0.081600 0.079000 0.092500 0.095600 0.100200 0.106100 0.091300 0.014600 0.090700 0.082200 0.104200 0.106700 0.087300 0.097200 0.080100 0.010300 0.094300 0.000000 0.111600 0.072900 0.149000 0.080100 0.097800 0.057300 0.087000 0.088800 0.093100 0.107500 0.107400 0.097700 0.114800 0.105500 0.060400 0.090500 0.087800 0.092600 0.084200 0.099100 0.010300 0.010300
MuntiacusR 0.111100 0.211800 0.105900 0.193700 0.116500 0.119700 0.121200 0.120500 0.109800 0.007200 0.110800 0.093800 0.094900 0.107000 0.125500 0.118700 0.079500 0.079100 0.117800 0.114600 0.115200 0.111900 0.030800 0.047700 0.113900 0.120300 0.096600 0.103900 0.117400 0.111600 0.000000 0.106000 0.121600 0.098300 0.117600 0.100900 0.113500 0.111900 0.129600 0.053500 0.030700 0.114300 0.011500 0.050200 0.102600 0.120400 0.110700 0.128000 0.107500 0.089700 0.110200 0.105200
HarveysDui 0.053900 0.233400 0.070800 0.216700 0.066200 0.058800 0.034900 0.062400 0.071200 0.104300 0.050600 0.060200 0.045400 0.016500 0.076800 0.060700 0.097500 0.100200 0.057800 0.075900 0.060600 0.048800 0.098400 0.100900 0.053700 0.060700 0.043900 0.066800 0.056200 0.072900 0.106000 0.000000 0.132800 0.043900 0.073700 0.069100 0.053500 0.061600 0.058000 0.091800 0.095000 0.061000 0.109200 0.099800 0.072300 0.056900 0.053000 0.073300 0.044400 0.096600 0.071500 0.066500
Pronghorn 0.143300 0.224400 0.146200 0.209400 0.141800 0.148800 0.145000 0.135300 0.147000 0.120000 0.139500 0.127000 0.127800 0.130300 0.137100 0.138500 0.093600 0.089900 0.144700 0.145100 0.130000 0.137100 0.114200 0.121800 0.142700 0.142100 0.129600 0.137600 0.140700 0.149000 0.121600 0.132800 0.000000 0.126300 0.160200 0.130800 0.142100 0.143900 0.144700 0.129200 0.117400 0.139400 0.124800 0.117200 0.125800 0.140700 0.135500 0.153800 0.136100 0.117400 0.147600 0.142300
BlueWildeb 0.042400 0.219900 0.079600 0.206800 0.067100 0.048800 0.051700 0.057100 0.078400 0.099900 0.039300 0.064300 0.010300 0.045200 0.080800 0.055400 0.094900 0.096000 0.049600 0.083100 0.055400 0.034500 0.092500 0.096500 0.042300 0.058600 0.008800 0.074000 0.051000 0.080100 0.098300 0.043900 0.126300 0.000000 0.044900 0.070000 0.039000 0.062500 0.054300 0.094100 0.089100 0.058900 0.101400 0.095500 0.073200 0.054700 0.047900 0.074200 0.044000 0.097200 0.078700 0.073800
Gemsbok 0.072200 0.245000 0.098800 0.225200 0.089300 0.078900 0.085100 0.077300 0.096000 0.119300 0.068900 0.091500 0.044800 0.071700 0.106400 0.081900 0.115900 0.116900 0.072800 0.097500 0.078600 0.063800 0.116900 0.126300 0.068800 0.082000 0.043400 0.091700 0.077400 0.097800 0.117600 0.073700 0.160200 0.044900 0.000000 0.092200 0.065300 0.084700 0.080800 0.127000 0.116700 0.082400 0.124100 0.124900 0.095500 0.084800 0.071100 0.105200 0.073800 0.128500 0.096400 0.091400
Yak 0.085300 0.222700 0.056900 0.224900 0.081200 0.090400 0.074000 0.090200 0.055600 0.096100 0.080300 0.028200 0.068300 0.067100 0.082100 0.094800 0.089600 0.098800 0.085700 0.060200 0.091500 0.081500 0.090300 0.095900 0.083400 0.091700 0.069900 0.052900 0.088700 0.057300 0.100900 0.069100 0.130800 0.070000 0.092200 0.000000 0.083000 0.083200 0.092300 0.096700 0.090200 0.093600 0.104000 0.091600 0.011700 0.088200 0.083800 0.090300 0.077000 0.099900 0.055800 0.051100
BlueSheep 0.030100 0.234800 0.088000 0.221000 0.083300 0.036400 0.067800 0.066600 0.088500 0.115200 0.013400 0.074200 0.037400 0.061100 0.090700 0.068100 0.111700 0.117600 0.040400 0.090000 0.064900 0.013300 0.109300 0.111900 0.016400 0.065000 0.036000 0.080800 0.063600 0.087000 0.113500 0.053500 0.142100 0.039000 0.065300 0.083000 0.000000 0.075500 0.060700 0.109300 0.109200 0.065400 0.120000 0.114000 0.086300 0.067600 0.057300 0.090900 0.053500 0.104300 0.085500 0.080600
BohorReedb 0.076100 0.243400 0.089800 0.217100 0.019400 0.081200 0.076200 0.082700 0.090300 0.113600 0.072700 0.075900 0.064000 0.069200 0.095800 0.077800 0.100300 0.104600 0.081500 0.085200 0.080800 0.070800 0.107800 0.113700 0.072600 0.081000 0.062500 0.082600 0.073200 0.088800 0.111900 0.061600 0.143900 0.062500 0.084700 0.083200 0.075500 0.000000 0.081500 0.111100 0.104300 0.081400 0.118500 0.115800 0.086500 0.085500 0.066800 0.089400 0.069500 0.109300 0.087400 0.085600
KirksDik 0.064400 0.258700 0.090800 0.221400 0.086100 0.071000 0.075600 0.049300 0.088000 0.131300 0.064200 0.083400 0.052600 0.062400 0.103300 0.053800 0.109400 0.111900 0.068200 0.089500 0.041500 0.059200 0.118800 0.114700 0.067300 0.044600 0.054300 0.086900 0.049300 0.093100 0.129600 0.058000 0.144700 0.054300 0.080800 0.092300 0.060700 0.081500 0.000000 0.112100 0.118600 0.047900 0.136200 0.120100 0.095600 0.073500 0.043200 0.100300 0.059500 0.120300 0.091600 0.086600
RoeDeer 0.106800 0.213500 0.108300 0.204300 0.112400 0.115500 0.103500 0.116400 0.105600 0.051900 0.106600 0.086300 0.090700 0.099500 0.118000 0.117900 0.084900 0.090800 0.113700 0.110400 0.111100 0.104400 0.046200 0.035800 0.106400 0.116200 0.095700 0.099700 0.116600 0.107500 0.053500 0.091800 0.129200 0.094100 0.127000 0.096700 0.109300 0.111100 0.112100 0.000000 0.046100 0.113500 0.056500 0.035400 0.098400 0.116300 0.106600 0.123800 0.103300 0.088700 0.106100 0.101000
WhiteLippe 0.106700 0.198200 0.104900 0.182100 0.105600 0.115400 0.110100 0.113000 0.105500 0.029300 0.109800 0.083000 0.087400 0.096100 0.121200 0.104600 0.069000 0.071700 0.116900 0.110300 0.107700 0.107600 0.008700 0.037300 0.109600 0.109500 0.089100 0.099600 0.106500 0.107400 0.030700 0.095000 0.117400 0.089100 0.116700 0.090200 0.109200 0.104300 0.118600 0.046100 0.000000 0.103400 0.033700 0.039900 0.091900 0.112800 0.103200 0.127000 0.101600 0.082200 0.106000 0.100900
ThomsonGaz 0.072200 0.244700 0.095400 0.215300 0.082700 0.078700 0.075500 0.052200 0.095900 0.116000 0.068900 0.084800 0.057200 0.065400 0.101500 0.038500 0.102600 0.103600 0.069600 0.097400 0.044400 0.063800 0.103600 0.112700 0.072000 0.014600 0.055700 0.091600 0.031000 0.097700 0.114300 0.061000 0.139400 0.058900 0.082400 0.093600 0.065400 0.081400 0.047900 0.113500 0.103400 0.000000 0.117500 0.114800 0.096900 0.075000 0.040000 0.100200 0.062600 0.115100 0.096300 0.091300
MuntiacusC 0.117600 0.219200 0.109100 0.191700 0.119700 0.126400 0.124400 0.127100 0.113000 0.010100 0.117400 0.096900 0.098000 0.110200 0.128700 0.125200 0.082600 0.085300 0.124300 0.117800 0.121700 0.118500 0.033700 0.050700 0.120500 0.123500 0.099700 0.107100 0.123900 0.114800 0.011500 0.109200 0.124800 0.101400 0.124100 0.104000 0.120000 0.118500 0.136200 0.056500 0.033700 0.117500 0.000000 0.053200 0.105700 0.123600 0.117200 0.131200 0.115800 0.092800 0.113400 0.108300
WhiteTaile 0.111500 0.212700 0.109700 0.205700 0.113700 0.120300 0.108300 0.114400 0.107000 0.048700 0.111300 0.084500 0.095300 0.100800 0.119400 0.119200 0.076700 0.073200 0.111700 0.111800 0.112500 0.109100 0.036900 0.023500 0.111100 0.120900 0.097100 0.101100 0.117900 0.105500 0.050200 0.099800 0.117200 0.095500 0.124900 0.091600 0.114000 0.115800 0.120100 0.035400 0.039900 0.114800 0.053200 0.000000 0.093300 0.114300 0.104700 0.128500 0.103100 0.087600 0.107400 0.102300
Cattle 0.088600 0.220900 0.060000 0.219300 0.081200 0.093700 0.080500 0.090200 0.055600 0.097700 0.083500 0.031300 0.071500 0.073500 0.082100 0.094900 0.091300 0.100400 0.092200 0.063300 0.094700 0.084700 0.092000 0.097600 0.086700 0.094900 0.073200 0.056000 0.092000 0.060400 0.102600 0.072300 0.125800 0.073200 0.095500 0.011700 0.086300 0.086500 0.095600 0.098400 0.091900 0.096900 0.105700 0.093300 0.000000 0.088200 0.087100 0.093600 0.080300 0.101600 0.059000 0.054200
RoyalAntel 0.071300 0.249200 0.091500 0.227100 0.083500 0.078000 0.067900 0.069900 0.088700 0.118700 0.064800 0.080800 0.056200 0.061300 0.087800 0.076200 0.111900 0.117900 0.070200 0.090200 0.074500 0.066000 0.113000 0.112100 0.067900 0.077900 0.054700 0.084300 0.068500 0.090500 0.120400 0.056900 0.140700 0.054700 0.084800 0.088200 0.067600 0.085500 0.073500 0.116300 0.112800 0.075000 0.123600 0.114300 0.088200 0.000000 0.063700 0.099400 0.056700 0.114400 0.085700 0.084000
Steenbok 0.060900 0.243600 0.092000 0.212600 0.068200 0.067400 0.061000 0.044500 0.089200 0.112400 0.057700 0.075000 0.046300 0.057400 0.088300 0.045900 0.097500 0.096900 0.055400 0.090700 0.039800 0.055800 0.103300 0.099300 0.060700 0.045900 0.044800 0.084900 0.038500 0.087800 0.110700 0.053000 0.135500 0.047900 0.071100 0.083800 0.057300 0.066800 0.043200 0.106600 0.103200 0.040000 0.117200 0.104700 0.087100 0.063700 0.000000 0.091700 0.051400 0.104800 0.089600 0.084600
Impala 0.090000 0.240600 0.087000 0.236800 0.090700 0.095200 0.079900 0.101400 0.094200 0.126300 0.084800 0.082900 0.075700 0.081100 0.083200 0.098000 0.124400 0.130500 0.095100 0.092400 0.096200 0.086000 0.127200 0.133400 0.091300 0.098100 0.074200 0.086400 0.090100 0.092600 0.128000 0.073300 0.153800 0.074200 0.105200 0.090300 0.090900 0.089400 0.100300 0.123800 0.127000 0.100200 0.131200 0.128500 0.093600 0.099400 0.091700 0.000000 0.081600 0.125200 0.089500 0.086100
Klipspring 0.055500 0.236200 0.085300 0.220400 0.070900 0.062100 0.058800 0.063900 0.082500 0.110900 0.049100 0.068100 0.045500 0.048900 0.084800 0.065400 0.102400 0.105100 0.059500 0.087300 0.059000 0.050400 0.101700 0.102500 0.052200 0.065400 0.044000 0.078100 0.060900 0.084200 0.107500 0.044400 0.136100 0.044000 0.073800 0.077000 0.053500 0.069500 0.059500 0.103300 0.101600 0.062600 0.115800 0.103100 0.080300 0.056700 0.051400 0.081600 0.000000 0.100000 0.082800 0.077800
ForestMusk 0.105100 0.218400 0.106700 0.178100 0.113900 0.113800 0.106700 0.117900 0.107200 0.088100 0.108200 0.089500 0.098700 0.104100 0.121100 0.117800 0.081500 0.084200 0.110200 0.108700 0.115900 0.102700 0.082300 0.084500 0.104700 0.117900 0.097200 0.097900 0.116400 0.099100 0.089700 0.096600 0.117400 0.097200 0.128500 0.099900 0.104300 0.109300 0.120300 0.088700 0.082200 0.115100 0.092800 0.087600 0.101600 0.114400 0.104800 0.125200 0.100000 0.000000 0.100900 0.099200
Bushbuck 0.087800 0.243200 0.023600 0.221700 0.091900 0.093000 0.081400 0.091200 0.014800 0.107000 0.082800 0.048600 0.080200 0.079100 0.091100 0.092600 0.102100 0.111300 0.091400 0.013300 0.089300 0.080700 0.102800 0.108600 0.085900 0.095800 0.078700 0.008900 0.091300 0.010300 0.110200 0.071500 0.147600 0.078700 0.096400 0.055800 0.085500 0.087400 0.091600 0.106100 0.106000 0.096300 0.113400 0.107400 0.059000 0.085700 0.089600 0.089500 0.082800 0.100900 0.000000 0.008800
GreaterKud 0.082800 0.235000 0.020600 0.217700 0.090200 0.084600 0.078000 0.086200 0.014700 0.101900 0.077800 0.043900 0.075300 0.074200 0.082900 0.092500 0.097000 0.106200 0.088200 0.013200 0.084300 0.075800 0.097700 0.103400 0.080900 0.090800 0.073800 0.008900 0.087900 0.010300 0.105200 0.066500 0.142300 0.073800 0.091400 0.051100 0.080600 0.085600 0.086600 0.101000 0.100900 0.091300 0.108300 0.102300 0.054200 0.084000 0.084600 0.086100 0.077800 0.099200 0.008800 0.000000
