1
52 1
Argali 0.000000 0.104100 0.036900 0.146900 0.017900 0.000000 0.075700 0.064400 0.045900 0.045900 0.008700 0.045800 0.000000 0.036500 0.018100 0.055300 0.045900 0.027100 0.008700 0.055200 0.026100 0.017900 0.055500 0.065600 0.008900 0.045700 0.009000 0.045900 0.055100 0.036400 0.045900 0.036500 0.095100 0.027200 0.018000 0.046100 0.008900 0.054800 0.036400 0.075200 0.042700 0.045700 0.043000 0.055900 0.036600 0.008700 0.055300 0.026400 0.017900 0.074600 0.046100 0.045900
LesserMous 0.104100 0.000000 0.095100 0.167200 0.103700 0.104100 0.124900 0.134100 0.104200 0.103500 0.114000 0.114100 0.104000 0.083500 0.114900 0.145800 0.114800 0.094300 0.114200 0.114200 0.114100 0.124200 0.113800 0.124700 0.114000 0.114000 0.114500 0.104400 0.145200 0.094200 0.103500 0.083500 0.155500 0.103800 0.103800 0.135400 0.114000 0.165600 0.114000 0.114400 0.103500 0.114000 0.103500 0.114500 0.124700 0.114400 0.114100 0.114300 0.124100 0.125100 0.104500 0.104400
LesserKudu 0.036900 0.095100 0.000000 0.138400 0.036700 0.036900 0.086500 0.085000 0.027500 0.037000 0.046300 0.046300 0.036800 0.046400 0.046600 0.075600 0.046600 0.027600 0.046300 0.036900 0.046300 0.055800 0.046600 0.056600 0.046200 0.065600 0.046400 0.027600 0.075300 0.018200 0.037000 0.046400 0.086000 0.027400 0.055700 0.065900 0.046300 0.094600 0.036800 0.066400 0.037000 0.065600 0.037000 0.046900 0.056100 0.046400 0.056000 0.046400 0.055800 0.075700 0.027600 0.027600
KillerWhal 0.146900 0.167200 0.138400 0.000000 0.146400 0.146900 0.204200 0.201200 0.126400 0.135300 0.136100 0.136600 0.147400 0.156400 0.147700 0.169300 0.158600 0.136500 0.157700 0.124500 0.157500 0.146600 0.146200 0.157800 0.136600 0.157800 0.158600 0.126300 0.168600 0.115600 0.135300 0.156400 0.178700 0.147100 0.168700 0.159100 0.136100 0.167600 0.157500 0.125900 0.135300 0.157700 0.135300 0.147200 0.147800 0.158000 0.179900 0.157800 0.168000 0.158000 0.126800 0.115700
DefassaWat 0.017900 0.103700 0.036700 0.146400 0.000000 0.017400 0.075400 0.064200 0.045700 0.045800 0.025600 0.045600 0.015500 0.036400 0.027100 0.055100 0.045700 0.026200 0.027000 0.055000 0.027000 0.036100 0.055300 0.065300 0.027000 0.045500 0.024400 0.045700 0.054900 0.036300 0.045800 0.036400 0.094700 0.025500 0.035000 0.045900 0.027000 0.054600 0.036200 0.074900 0.045700 0.045500 0.045800 0.055700 0.036400 0.027000 0.055100 0.027000 0.036100 0.074200 0.045900 0.045700
Sheep 0.000000 0.104100 0.036900 0.146900 0.017400 0.000000 0.075700 0.064400 0.045900 0.045900 0.008900 0.045800 0.000000 0.036500 0.017400 0.055300 0.045900 0.027100 0.008700 0.055200 0.027100 0.017900 0.055500 0.065600 0.008900 0.045700 0.009000 0.045900 0.055100 0.036400 0.045900 0.036500 0.095100 0.027200 0.018000 0.046100 0.008900 0.051200 0.036400 0.075200 0.043000 0.045700 0.045900 0.055900 0.036600 0.008900 0.055300 0.027100 0.017900 0.074600 0.046100 0.045900
MaxwellsDu 0.075700 0.124900 0.086500 0.204200 0.075400 0.075700 0.000000 0.126100 0.095700 0.095100 0.085500 0.105700 0.075600 0.055700 0.086100 0.116600 0.086100 0.085700 0.085600 0.105800 0.085500 0.095500 0.105400 0.116400 0.085400 0.105900 0.085800 0.096000 0.116100 0.085700 0.095100 0.055700 0.147300 0.075500 0.075500 0.106400 0.085500 0.136200 0.085500 0.126800 0.095000 0.105800 0.095100 0.106100 0.095900 0.085700 0.106100 0.065900 0.095300 0.116700 0.096000 0.095900
GazellaPrz 0.064400 0.134100 0.085000 0.201200 0.064200 0.064400 0.126100 0.000000 0.094000 0.094100 0.074000 0.093700 0.064600 0.084200 0.074400 0.084200 0.093800 0.074100 0.074000 0.103600 0.054900 0.083700 0.104300 0.115100 0.074200 0.054900 0.074500 0.093900 0.083600 0.083900 0.094100 0.084200 0.125500 0.074200 0.083800 0.094400 0.074000 0.123000 0.083800 0.125300 0.094100 0.054900 0.094100 0.104900 0.084300 0.074200 0.084100 0.074100 0.064300 0.124200 0.094300 0.093900
MountainNy 0.045900 0.104200 0.027500 0.126400 0.045700 0.045900 0.095700 0.094000 0.000000 0.046100 0.055300 0.036500 0.045900 0.055500 0.055700 0.084700 0.055700 0.036600 0.055400 0.027300 0.055300 0.064800 0.055700 0.065800 0.055300 0.074600 0.055500 0.000000 0.084400 0.009000 0.046100 0.055500 0.095100 0.036400 0.064700 0.055700 0.055300 0.083900 0.045800 0.075600 0.046100 0.074600 0.046100 0.056100 0.046000 0.055500 0.065100 0.055500 0.064800 0.065300 0.000100 0.018100
MuntiacusM 0.045900 0.103500 0.037000 0.135300 0.045800 0.045900 0.095100 0.094100 0.046100 0.000000 0.055300 0.055500 0.046000 0.055000 0.055700 0.083900 0.055700 0.036600 0.055400 0.055400 0.055400 0.064900 0.027100 0.036600 0.055500 0.074700 0.055700 0.046100 0.084500 0.036600 0.000000 0.055000 0.084500 0.045900 0.065000 0.075300 0.055300 0.103900 0.055300 0.045900 0.018000 0.074700 0.000000 0.027300 0.065400 0.055500 0.074800 0.055500 0.064900 0.084900 0.046200 0.046000
goat 0.008700 0.114000 0.046300 0.136100 0.025600 0.008900 0.085500 0.074000 0.055300 0.055300 0.000000 0.055100 0.008900 0.045800 0.025700 0.045800 0.055200 0.034400 0.017900 0.064600 0.034300 0.008700 0.065100 0.075200 0.000000 0.036300 0.018000 0.055300 0.045700 0.045700 0.055300 0.045800 0.105100 0.036400 0.027100 0.055500 0.000000 0.045400 0.045600 0.085000 0.055300 0.036300 0.055300 0.065400 0.045900 0.017400 0.064800 0.036300 0.026100 0.084200 0.055500 0.055200
AfricanBuf 0.045800 0.114100 0.046300 0.136600 0.045600 0.045800 0.105700 0.093700 0.036500 0.055500 0.055100 0.000000 0.045700 0.065000 0.055500 0.084500 0.055500 0.036500 0.055200 0.045800 0.055200 0.064600 0.065300 0.056000 0.055100 0.074400 0.055300 0.036600 0.084200 0.027200 0.055500 0.065000 0.105100 0.055200 0.064500 0.036600 0.055100 0.064500 0.045800 0.085300 0.036600 0.074400 0.055500 0.065700 0.027300 0.055300 0.084500 0.055200 0.064600 0.065000 0.036600 0.036600
Topi 0.000000 0.104000 0.036800 0.147400 0.015500 0.000000 0.075600 0.064600 0.045900 0.046000 0.008900 0.045700 0.000000 0.036600 0.018100 0.055400 0.046000 0.027200 0.008900 0.055300 0.027100 0.018000 0.055700 0.065700 0.008900 0.045800 0.009000 0.046000 0.055200 0.036500 0.046000 0.036600 0.095000 0.027100 0.017300 0.046000 0.008900 0.054100 0.036400 0.075400 0.046000 0.045800 0.046000 0.056000 0.036500 0.009000 0.055400 0.027200 0.018000 0.074700 0.046000 0.046000
CommonDuik 0.036500 0.083500 0.046400 0.156400 0.036400 0.036500 0.055700 0.084200 0.055500 0.055000 0.045800 0.065000 0.036600 0.000000 0.046100 0.075000 0.065100 0.045900 0.045900 0.064800 0.045800 0.055300 0.064700 0.074700 0.045900 0.064900 0.046100 0.051300 0.074700 0.045900 0.055000 0.000000 0.104400 0.036500 0.036500 0.065500 0.045800 0.093900 0.045800 0.084400 0.055000 0.064900 0.055000 0.065000 0.055700 0.045900 0.065000 0.045900 0.055200 0.074900 0.055700 0.055400
Suni 0.018100 0.114900 0.046600 0.147700 0.027100 0.017400 0.086100 0.074400 0.055700 0.055700 0.025700 0.055500 0.018100 0.046100 0.000000 0.065200 0.055600 0.036600 0.027200 0.045900 0.036500 0.036400 0.065500 0.075700 0.027300 0.055400 0.027400 0.055700 0.064900 0.046000 0.055700 0.046100 0.095600 0.036600 0.036500 0.055800 0.027200 0.074200 0.045900 0.085600 0.055700 0.054900 0.055700 0.065900 0.046200 0.027300 0.065200 0.036600 0.036400 0.065200 0.055900 0.036700
Springbuck 0.055300 0.145800 0.075600 0.169300 0.055100 0.055300 0.116600 0.084200 0.084700 0.083900 0.045800 0.084500 0.055400 0.075000 0.065200 0.000000 0.084600 0.064900 0.064900 0.094300 0.045800 0.055300 0.095100 0.105700 0.045900 0.036400 0.065300 0.084900 0.027100 0.074700 0.084800 0.075000 0.126300 0.065100 0.074600 0.085100 0.045800 0.094000 0.074600 0.115800 0.084800 0.027100 0.084800 0.095600 0.075000 0.045700 0.074900 0.064900 0.074400 0.114800 0.085000 0.084600
Okapi 0.045900 0.114800 0.046600 0.158600 0.045700 0.045900 0.086100 0.093800 0.055700 0.055700 0.055200 0.055500 0.046000 0.065100 0.055600 0.084600 0.000000 0.036600 0.055300 0.065100 0.055300 0.064700 0.065400 0.075700 0.055300 0.074500 0.055600 0.055700 0.084200 0.046000 0.055700 0.065100 0.105700 0.055500 0.064900 0.075200 0.055200 0.103400 0.065000 0.085600 0.051700 0.074500 0.055500 0.065900 0.065200 0.055400 0.084800 0.036500 0.064700 0.084700 0.055900 0.055600
Giraffe 0.027100 0.094300 0.027600 0.136500 0.026200 0.027100 0.085700 0.074100 0.036600 0.036600 0.034400 0.036500 0.027200 0.045900 0.036600 0.064900 0.036600 0.000000 0.034300 0.044500 0.036400 0.045100 0.046100 0.056000 0.036400 0.055100 0.036600 0.036600 0.064700 0.027200 0.036600 0.045900 0.085300 0.036500 0.045700 0.055600 0.036300 0.083600 0.045700 0.065600 0.036600 0.055100 0.036600 0.046400 0.046000 0.036400 0.065000 0.036400 0.045600 0.065000 0.036700 0.036600
TibetanAnt 0.008700 0.114200 0.046300 0.157700 0.027000 0.008700 0.085600 0.074000 0.055400 0.055400 0.017900 0.055200 0.008900 0.045900 0.027200 0.064900 0.055300 0.034300 0.000000 0.064700 0.036300 0.027000 0.065100 0.075300 0.018000 0.055100 0.018000 0.055300 0.064600 0.045800 0.055400 0.045900 0.105100 0.036400 0.027100 0.055500 0.017900 0.064200 0.045700 0.085100 0.055400 0.055100 0.054600 0.065500 0.045900 0.017900 0.064900 0.036400 0.026100 0.084300 0.055500 0.055300
Sitatunga 0.055200 0.114200 0.036900 0.124500 0.055000 0.055200 0.105800 0.103600 0.027300 0.055400 0.064600 0.045800 0.055300 0.064800 0.045900 0.094300 0.065100 0.044500 0.064700 0.000000 0.064700 0.074200 0.065100 0.075300 0.064800 0.084100 0.065100 0.027200 0.093900 0.018000 0.051600 0.064800 0.095000 0.045700 0.074400 0.065300 0.064600 0.093400 0.055000 0.085100 0.055400 0.084100 0.055400 0.065500 0.055500 0.064800 0.074500 0.064800 0.074200 0.055400 0.027300 0.009000
Oribi 0.026100 0.114100 0.046300 0.157500 0.027000 0.027100 0.085500 0.054900 0.055300 0.055400 0.034300 0.055200 0.027100 0.045800 0.036500 0.045800 0.055300 0.036400 0.036300 0.064700 0.000000 0.045600 0.065100 0.075200 0.036300 0.036300 0.036500 0.051600 0.045700 0.045700 0.055400 0.045800 0.105100 0.036400 0.045600 0.055500 0.036300 0.083500 0.045700 0.085000 0.055400 0.036300 0.055400 0.065500 0.045900 0.036400 0.045800 0.036300 0.045500 0.084200 0.055500 0.055300
BarbaryShe 0.017900 0.124200 0.055800 0.146600 0.036100 0.017900 0.095500 0.083700 0.064800 0.064900 0.008700 0.064600 0.018000 0.055300 0.036400 0.055300 0.064700 0.045100 0.027000 0.074200 0.045600 0.000000 0.074700 0.085000 0.008900 0.045600 0.027200 0.064800 0.055100 0.055100 0.064900 0.055300 0.094800 0.045700 0.036300 0.065100 0.008700 0.054800 0.055000 0.094900 0.064900 0.045600 0.064900 0.075200 0.055400 0.027100 0.074400 0.045600 0.036200 0.094000 0.065000 0.064700
Daviddeer 0.055500 0.113800 0.046600 0.146200 0.055300 0.055500 0.105400 0.104300 0.055700 0.027100 0.065100 0.065300 0.055700 0.064700 0.065500 0.095100 0.065400 0.046100 0.065100 0.065100 0.065100 0.074700 0.000000 0.046100 0.065200 0.084700 0.046200 0.055700 0.094600 0.046000 0.027100 0.064700 0.094600 0.055600 0.074900 0.085400 0.065100 0.114300 0.065000 0.055500 0.027100 0.084700 0.027100 0.036700 0.075300 0.065300 0.084800 0.065200 0.074700 0.095000 0.055900 0.055600
Reindeer 0.065600 0.124700 0.056600 0.157800 0.065300 0.065600 0.116400 0.115100 0.065800 0.036600 0.075200 0.056000 0.065700 0.074700 0.075700 0.105700 0.075700 0.056000 0.075300 0.075300 0.075200 0.085000 0.046100 0.000000 0.075400 0.095200 0.075700 0.065700 0.105200 0.055900 0.036600 0.074700 0.105300 0.065600 0.085200 0.076000 0.075200 0.104800 0.075200 0.027200 0.018100 0.095200 0.036600 0.009000 0.066000 0.075400 0.095400 0.075300 0.085000 0.105800 0.066000 0.065700
Ibex 0.008900 0.114000 0.046200 0.136600 0.027000 0.008900 0.085400 0.074200 0.055300 0.055500 0.000000 0.055100 0.008900 0.045900 0.027300 0.045900 0.055300 0.036400 0.018000 0.064800 0.036300 0.008900 0.065200 0.075400 0.000000 0.036400 0.018000 0.055400 0.045800 0.045800 0.055500 0.045900 0.105000 0.036400 0.027000 0.055500 0.000000 0.045500 0.045700 0.085200 0.055500 0.036400 0.055500 0.065600 0.045900 0.018000 0.064900 0.036400 0.027100 0.084400 0.055400 0.055400
GyrantGaze 0.045700 0.114000 0.065600 0.157800 0.045500 0.045700 0.105900 0.054900 0.074600 0.074700 0.036300 0.074400 0.045800 0.064900 0.055400 0.036400 0.074500 0.055100 0.055100 0.084100 0.036300 0.045600 0.084700 0.095200 0.036400 0.000000 0.055400 0.074600 0.027000 0.064800 0.074700 0.064900 0.115400 0.055200 0.064700 0.074900 0.036300 0.083700 0.064700 0.105200 0.074700 0.008700 0.074700 0.085200 0.065000 0.045500 0.064900 0.055100 0.064500 0.104200 0.074900 0.074500
Hartebeest 0.009000 0.114500 0.046400 0.158600 0.024400 0.009000 0.085800 0.074500 0.055500 0.055700 0.018000 0.055300 0.009000 0.046100 0.027400 0.065300 0.055600 0.036600 0.018000 0.065100 0.036500 0.027200 0.046200 0.075700 0.018000 0.055400 0.000000 0.055700 0.065000 0.046000 0.055700 0.046100 0.105500 0.036500 0.027100 0.055700 0.018000 0.063400 0.045900 0.085600 0.055700 0.055400 0.055700 0.065900 0.046000 0.018100 0.065200 0.036600 0.027200 0.084800 0.055700 0.055600
Bongo 0.045900 0.104400 0.027600 0.126300 0.045700 0.045900 0.096000 0.093900 0.000000 0.046100 0.055300 0.036600 0.046000 0.051300 0.055700 0.084900 0.055700 0.036600 0.055300 0.027200 0.051600 0.064800 0.055700 0.065700 0.055400 0.074600 0.055700 0.000000 0.084300 0.008700 0.046100 0.055400 0.095400 0.036500 0.064900 0.055800 0.055300 0.083800 0.045800 0.075500 0.046100 0.074600 0.046100 0.056100 0.046100 0.055400 0.065000 0.055400 0.064800 0.065200 0.000000 0.018100
Gerenuk 0.055100 0.145200 0.075300 0.168600 0.054900 0.055100 0.116100 0.083600 0.084400 0.084500 0.045700 0.084200 0.055200 0.074700 0.064900 0.027100 0.084200 0.064700 0.064600 0.093900 0.045700 0.055100 0.094600 0.105200 0.045800 0.027000 0.065000 0.084300 0.000000 0.074400 0.084500 0.074700 0.125700 0.064800 0.074300 0.084700 0.045700 0.093600 0.074300 0.115300 0.084500 0.036200 0.084500 0.095200 0.074800 0.054900 0.074600 0.064600 0.074100 0.114300 0.084600 0.084300
CommonElan 0.036400 0.094200 0.018200 0.115600 0.036300 0.036400 0.085700 0.083900 0.009000 0.036600 0.045700 0.027200 0.036500 0.045900 0.046000 0.074700 0.046000 0.027200 0.045800 0.018000 0.045700 0.055100 0.046000 0.055900 0.045800 0.064800 0.046000 0.008700 0.074400 0.000000 0.036600 0.045900 0.085100 0.027200 0.055200 0.046200 0.045700 0.074000 0.036300 0.065500 0.036600 0.064700 0.036600 0.046300 0.036600 0.045800 0.055300 0.045800 0.055100 0.055500 0.009000 0.009000
MuntiacusR 0.045900 0.103500 0.037000 0.135300 0.045800 0.045900 0.095100 0.094100 0.046100 0.000000 0.055300 0.055500 0.046000 0.055000 0.055700 0.084800 0.055700 0.036600 0.055400 0.051600 0.055400 0.064900 0.027100 0.036600 0.055500 0.074700 0.055700 0.046100 0.084500 0.036600 0.000000 0.055000 0.084500 0.045900 0.065000 0.075300 0.055300 0.103900 0.055300 0.045900 0.018000 0.074700 0.000000 0.027300 0.065400 0.055500 0.074000 0.055500 0.064900 0.084900 0.046200 0.046000
HarveysDui 0.036500 0.083500 0.046400 0.156400 0.036400 0.036500 0.055700 0.084200 0.055500 0.055000 0.045800 0.065000 0.036600 0.000000 0.046100 0.075000 0.065100 0.045900 0.045900 0.064800 0.045800 0.055300 0.064700 0.074700 0.045900 0.064900 0.046100 0.055400 0.074700 0.045900 0.055000 0.000000 0.104400 0.036500 0.036500 0.065500 0.045800 0.093900 0.045800 0.084400 0.055000 0.064900 0.055000 0.065000 0.055700 0.045900 0.065000 0.045900 0.055200 0.074900 0.055700 0.055400
Pronghorn 0.095100 0.155500 0.086000 0.178700 0.094700 0.095100 0.147300 0.125500 0.095100 0.084500 0.105100 0.105100 0.095000 0.104400 0.095600 0.126300 0.105700 0.085300 0.105100 0.095000 0.105100 0.094800 0.094600 0.105300 0.105000 0.115400 0.105500 0.095400 0.125700 0.085100 0.084500 0.104400 0.000000 0.094800 0.115000 0.126400 0.105100 0.135400 0.105000 0.115400 0.084500 0.115400 0.084500 0.095200 0.115700 0.095300 0.126000 0.085200 0.095000 0.105600 0.095400 0.085200
BlueWildeb 0.027200 0.103800 0.027400 0.147100 0.025500 0.027200 0.075500 0.074200 0.036400 0.045900 0.036400 0.055200 0.027100 0.036500 0.036600 0.065100 0.055500 0.036500 0.036400 0.045700 0.036400 0.045700 0.055600 0.065600 0.036400 0.055200 0.036500 0.036500 0.064800 0.027200 0.045900 0.036500 0.094800 0.000000 0.045500 0.055500 0.036400 0.083300 0.027100 0.075300 0.045900 0.055200 0.045900 0.055900 0.045900 0.036500 0.045800 0.036500 0.045700 0.084500 0.036500 0.036500
Gemsbok 0.018000 0.103800 0.055700 0.168700 0.035000 0.018000 0.075500 0.083800 0.064700 0.065000 0.027100 0.064500 0.017300 0.036500 0.036500 0.074600 0.064900 0.045700 0.027100 0.074400 0.045600 0.036300 0.074900 0.085200 0.027000 0.064700 0.027100 0.064900 0.074300 0.055200 0.065000 0.036500 0.115000 0.045500 0.000000 0.065000 0.027100 0.073300 0.055100 0.095100 0.065000 0.064700 0.065000 0.075300 0.055300 0.027100 0.074600 0.045700 0.036200 0.074600 0.064900 0.064900
Yak 0.046100 0.135400 0.065900 0.159100 0.045900 0.046100 0.106400 0.094400 0.055700 0.075300 0.055500 0.036600 0.046000 0.065500 0.055800 0.085100 0.075200 0.055600 0.055500 0.065300 0.055500 0.065100 0.085400 0.076000 0.055500 0.074900 0.055700 0.055800 0.084700 0.046200 0.075300 0.065500 0.126400 0.055500 0.065000 0.000000 0.055500 0.065000 0.065200 0.106100 0.055900 0.074900 0.075300 0.085900 0.009000 0.055700 0.085000 0.055600 0.065000 0.085100 0.055800 0.055800
BlueSheep 0.008900 0.114000 0.046300 0.136100 0.027000 0.008900 0.085500 0.074000 0.055300 0.055300 0.000000 0.055100 0.008900 0.045800 0.027200 0.045800 0.055200 0.036300 0.017900 0.064600 0.036300 0.008700 0.065100 0.075200 0.000000 0.036300 0.018000 0.055300 0.045700 0.045700 0.055300 0.045800 0.105100 0.036400 0.027100 0.055500 0.000000 0.045400 0.045600 0.085000 0.055300 0.036300 0.055300 0.065400 0.045900 0.018000 0.064800 0.034400 0.027000 0.084200 0.055500 0.055200
BohorReedb 0.054800 0.165600 0.094600 0.167600 0.054600 0.051200 0.136200 0.123000 0.083900 0.103900 0.045400 0.064500 0.054100 0.093900 0.074200 0.094000 0.103400 0.083600 0.064200 0.093400 0.083500 0.054800 0.114300 0.104800 0.045500 0.083700 0.063400 0.083800 0.093600 0.074000 0.103900 0.093900 0.135400 0.083300 0.073300 0.065000 0.045400 0.000000 0.093400 0.135300 0.084100 0.083700 0.103900 0.114900 0.055300 0.064400 0.113700 0.083600 0.073700 0.113800 0.084200 0.083800
KirksDik 0.036400 0.114000 0.036800 0.157500 0.036200 0.036400 0.085500 0.083800 0.045800 0.055300 0.045600 0.045800 0.036400 0.045800 0.045900 0.074600 0.065000 0.045700 0.045700 0.055000 0.045700 0.055000 0.065000 0.075200 0.045700 0.064700 0.045900 0.045800 0.074300 0.036300 0.055300 0.045800 0.105000 0.027100 0.055100 0.065200 0.045600 0.093400 0.000000 0.085000 0.055300 0.064700 0.055300 0.065400 0.055500 0.045800 0.055200 0.045700 0.055000 0.094200 0.046000 0.045700
RoeDeer 0.075200 0.114400 0.066400 0.125900 0.074900 0.075200 0.126800 0.125300 0.075600 0.045900 0.085000 0.085300 0.075400 0.084400 0.085600 0.115800 0.085600 0.065600 0.085100 0.085100 0.085000 0.094900 0.055500 0.027200 0.085200 0.105200 0.085600 0.075500 0.115300 0.065500 0.045900 0.084400 0.115400 0.075300 0.095100 0.106100 0.085000 0.135300 0.085000 0.000000 0.045900 0.105200 0.045900 0.017400 0.095600 0.085200 0.105400 0.085200 0.094900 0.116000 0.075800 0.075400
WhiteLippe 0.042700 0.103500 0.037000 0.135300 0.045700 0.043000 0.095000 0.094100 0.046100 0.018000 0.055300 0.036600 0.046000 0.055000 0.055700 0.084800 0.051700 0.036600 0.055400 0.055400 0.055400 0.064900 0.027100 0.018100 0.055500 0.074700 0.055700 0.046100 0.084500 0.036600 0.018000 0.055000 0.084500 0.045900 0.065000 0.055900 0.055300 0.084100 0.055300 0.045900 0.000000 0.074700 0.018000 0.027300 0.046200 0.055500 0.074800 0.055500 0.064900 0.084900 0.046200 0.046000
ThomsonGaz 0.045700 0.114000 0.065600 0.157700 0.045500 0.045700 0.105800 0.054900 0.074600 0.074700 0.036300 0.074400 0.045800 0.064900 0.054900 0.027100 0.074500 0.055100 0.055100 0.084100 0.036300 0.045600 0.084700 0.095200 0.036400 0.008700 0.055400 0.074600 0.036200 0.064700 0.074700 0.064900 0.115400 0.055200 0.064700 0.074900 0.036300 0.083700 0.064700 0.105200 0.074700 0.000000 0.074700 0.085200 0.065000 0.036200 0.064900 0.055100 0.064500 0.104200 0.074900 0.074500
MuntiacusC 0.043000 0.103500 0.037000 0.135300 0.045800 0.045900 0.095100 0.094100 0.046100 0.000000 0.055300 0.055500 0.046000 0.055000 0.055700 0.084800 0.055500 0.036600 0.054600 0.055400 0.055400 0.064900 0.027100 0.036600 0.055500 0.074700 0.055700 0.046100 0.084500 0.036600 0.000000 0.055000 0.084500 0.045900 0.065000 0.075300 0.055300 0.103900 0.055300 0.045900 0.018000 0.074700 0.000000 0.027300 0.065400 0.055500 0.074800 0.055500 0.064900 0.084900 0.046200 0.046000
WhiteTaile 0.055900 0.114500 0.046900 0.147200 0.055700 0.055900 0.106100 0.104900 0.056100 0.027300 0.065400 0.065700 0.056000 0.065000 0.065900 0.095600 0.065900 0.046400 0.065500 0.065500 0.065500 0.075200 0.036700 0.009000 0.065600 0.085200 0.065900 0.056100 0.095200 0.046300 0.027300 0.065000 0.095200 0.055900 0.075300 0.085900 0.065400 0.114900 0.065400 0.017400 0.027300 0.085200 0.027300 0.000000 0.075800 0.065000 0.085400 0.065600 0.075100 0.095600 0.056300 0.056000
Cattle 0.036600 0.124700 0.056100 0.147800 0.036400 0.036600 0.095900 0.084300 0.046000 0.065400 0.045900 0.027300 0.036500 0.055700 0.046200 0.075000 0.065200 0.046000 0.045900 0.055500 0.045900 0.055400 0.075300 0.066000 0.045900 0.065000 0.046000 0.046100 0.074800 0.036600 0.065400 0.055700 0.115700 0.045900 0.055300 0.009000 0.045900 0.055300 0.055500 0.095600 0.046200 0.065000 0.065400 0.075800 0.000000 0.046000 0.075000 0.046000 0.055300 0.075000 0.046200 0.046100
RoyalAntel 0.008700 0.114400 0.046400 0.158000 0.027000 0.008900 0.085700 0.074200 0.055500 0.055500 0.017400 0.055300 0.009000 0.045900 0.027300 0.045700 0.055400 0.036400 0.017900 0.064800 0.036400 0.027100 0.065300 0.075400 0.018000 0.045500 0.018100 0.055400 0.054900 0.045800 0.055500 0.045900 0.095300 0.036500 0.027100 0.055700 0.018000 0.064400 0.045800 0.085200 0.055500 0.036200 0.055500 0.065000 0.046000 0.000000 0.065000 0.036400 0.026100 0.084500 0.055600 0.055400
Steenbok 0.055300 0.114100 0.056000 0.179900 0.055100 0.055300 0.106100 0.084100 0.065100 0.074800 0.064800 0.084500 0.055400 0.065000 0.065200 0.074900 0.084800 0.065000 0.064900 0.074500 0.045800 0.074400 0.084800 0.095400 0.064900 0.064900 0.065200 0.065000 0.074600 0.055300 0.074000 0.065000 0.126000 0.045800 0.074600 0.085000 0.064800 0.113700 0.055200 0.105400 0.074800 0.064900 0.074800 0.085400 0.075000 0.065000 0.000000 0.064900 0.073900 0.114800 0.065300 0.065000
Impala 0.026400 0.114300 0.046400 0.157800 0.027000 0.027100 0.065900 0.074100 0.055500 0.055500 0.036300 0.055200 0.027200 0.045900 0.036600 0.064900 0.036500 0.036400 0.036400 0.064800 0.036300 0.045600 0.065200 0.075300 0.036400 0.055100 0.036600 0.055400 0.064600 0.045800 0.055500 0.045900 0.085200 0.036500 0.045700 0.055600 0.034400 0.083600 0.045700 0.085200 0.055500 0.055100 0.055500 0.065600 0.046000 0.036400 0.064900 0.000000 0.045600 0.064900 0.055600 0.055400
Klipspring 0.017900 0.124100 0.055800 0.168000 0.036100 0.017900 0.095300 0.064300 0.064800 0.064900 0.026100 0.064600 0.018000 0.055200 0.036400 0.074400 0.064700 0.045600 0.026100 0.074200 0.045500 0.036200 0.074700 0.085000 0.027100 0.064500 0.027200 0.064800 0.074100 0.055100 0.064900 0.055200 0.095000 0.045700 0.036200 0.065000 0.027000 0.073700 0.055000 0.094900 0.064900 0.064500 0.064900 0.075100 0.055300 0.026100 0.073900 0.045600 0.000000 0.094000 0.065000 0.064700
ForestMusk 0.074600 0.125100 0.075700 0.158000 0.074200 0.074600 0.116700 0.124200 0.065300 0.084900 0.084200 0.065000 0.074700 0.074900 0.065200 0.114800 0.084700 0.065000 0.084300 0.055400 0.084200 0.094000 0.095000 0.105800 0.084400 0.104200 0.084800 0.065200 0.114300 0.055500 0.084900 0.074900 0.105600 0.084500 0.074600 0.085100 0.084200 0.113800 0.094200 0.116000 0.084900 0.104200 0.084900 0.095600 0.075000 0.084500 0.114800 0.064900 0.094000 0.000000 0.065500 0.046000
Bushbuck 0.046100 0.104500 0.027600 0.126800 0.045900 0.046100 0.096000 0.094300 0.000100 0.046200 0.055500 0.036600 0.046000 0.055700 0.055900 0.085000 0.055900 0.036700 0.055500 0.027300 0.055500 0.065000 0.055900 0.066000 0.055400 0.074900 0.055700 0.000000 0.084600 0.009000 0.046200 0.055700 0.095400 0.036500 0.064900 0.055800 0.055500 0.084200 0.046000 0.075800 0.046200 0.074900 0.046200 0.056300 0.046200 0.055600 0.065300 0.055600 0.065000 0.065500 0.000000 0.018200
GreaterKud 0.045900 0.104400 0.027600 0.115700 0.045700 0.045900 0.095900 0.093900 0.018100 0.046000 0.055200 0.036600 0.046000 0.055400 0.036700 0.084600 0.055600 0.036600 0.055300 0.009000 0.055300 0.064700 0.055600 0.065700 0.055400 0.074500 0.055600 0.018100 0.084300 0.009000 0.046000 0.055400 0.085200 0.036500 0.064900 0.055800 0.055200 0.083800 0.045700 0.075400 0.046000 0.074500 0.046000 0.056000 0.046100 0.055400 0.065000 0.055400 0.064700 0.046000 0.018200 0.000000
