1
52 1
Argali 0.000000 0.493200 0.246900 0.555200 0.114800 0.026300 0.110200 0.232000 0.172100 0.225600 0.034600 0.131300 0.127400 0.118800 0.152000 0.160100 0.279800 0.226100 0.087100 0.172100 0.216400 0.034300 0.271200 0.337500 0.068800 0.193500 0.104800 0.172100 0.165600 0.181600 0.237500 0.137200 0.299200 0.112600 0.122500 0.140300 0.035200 0.123500 0.208200 0.248700 0.257100 0.171600 0.263100 0.288700 0.158200 0.123200 0.217100 0.143300 0.173000 0.261200 0.196500 0.172800
LesserMous 0.493200 0.000000 0.542900 0.704900 0.467300 0.462900 0.477400 0.490400 0.451100 0.523000 0.463600 0.454500 0.470000 0.503100 0.553500 0.519000 0.545800 0.484200 0.503800 0.451100 0.500400 0.460100 0.550500 0.609200 0.495200 0.559200 0.528600 0.451000 0.535200 0.438000 0.543400 0.503900 0.622800 0.534800 0.499200 0.463800 0.473200 0.477700 0.584100 0.531800 0.537200 0.524600 0.562200 0.548400 0.491000 0.496800 0.552800 0.499400 0.579100 0.513600 0.475700 0.436300
LesserKudu 0.246900 0.542900 0.000000 0.546000 0.223500 0.241800 0.216000 0.334200 0.104500 0.281400 0.226800 0.181700 0.209800 0.281400 0.238300 0.240200 0.296100 0.255800 0.249200 0.104500 0.275800 0.225200 0.275900 0.350000 0.212200 0.252900 0.223200 0.105100 0.244300 0.105500 0.293200 0.262400 0.336700 0.230300 0.239800 0.227900 0.230200 0.213400 0.297600 0.245400 0.243500 0.252700 0.297700 0.303600 0.227200 0.231200 0.265800 0.233400 0.288400 0.260100 0.103000 0.097300
KillerWhal 0.555200 0.704900 0.546000 0.000000 0.533500 0.578000 0.521900 0.598800 0.517100 0.508500 0.553900 0.488200 0.559700 0.553900 0.508700 0.558300 0.672300 0.603700 0.563800 0.517100 0.564000 0.525300 0.589300 0.531500 0.567600 0.544000 0.558600 0.517600 0.543300 0.530100 0.523300 0.507600 0.567300 0.563300 0.543600 0.514900 0.562400 0.551600 0.584600 0.537200 0.577300 0.551800 0.501900 0.530100 0.514600 0.543500 0.528100 0.571200 0.562900 0.555800 0.555200 0.565300
DefassaWat 0.114800 0.467300 0.223500 0.533500 0.000000 0.108000 0.125500 0.237400 0.158700 0.219300 0.096200 0.119400 0.174100 0.143200 0.148700 0.166400 0.220000 0.189000 0.120500 0.158700 0.221700 0.095500 0.274600 0.297200 0.121100 0.199100 0.149300 0.158700 0.153200 0.167900 0.230800 0.143500 0.271100 0.156900 0.167400 0.165400 0.097800 0.041500 0.213700 0.232800 0.260900 0.178000 0.255700 0.250700 0.183300 0.129900 0.211600 0.112300 0.197100 0.245400 0.191700 0.159200
Sheep 0.026300 0.462900 0.241800 0.578000 0.108000 0.000000 0.103500 0.226700 0.165900 0.220200 0.026400 0.124700 0.120600 0.130600 0.164500 0.153900 0.275100 0.220400 0.079900 0.165900 0.211000 0.026200 0.266600 0.333700 0.061300 0.187900 0.097800 0.165900 0.178900 0.175600 0.232300 0.130800 0.294700 0.105700 0.115800 0.172600 0.026900 0.116700 0.202600 0.243600 0.252200 0.165400 0.258200 0.284300 0.191200 0.116500 0.211600 0.136800 0.167200 0.256300 0.190700 0.166500
MaxwellsDu 0.110200 0.477400 0.216000 0.521900 0.125500 0.103500 0.000000 0.198600 0.180200 0.220300 0.092400 0.123500 0.129800 0.094700 0.134700 0.132800 0.241300 0.210900 0.143800 0.180200 0.166600 0.091700 0.263100 0.317000 0.116400 0.164200 0.090700 0.180200 0.156000 0.189200 0.231400 0.094900 0.270300 0.115500 0.142600 0.168000 0.093900 0.133800 0.177100 0.253300 0.249700 0.143100 0.255500 0.291200 0.185300 0.098500 0.175400 0.152800 0.162900 0.227200 0.175200 0.180900
GazellaPrz 0.232000 0.490400 0.334200 0.598800 0.237400 0.226700 0.198600 0.000000 0.236500 0.298200 0.211200 0.213500 0.254900 0.217500 0.280100 0.137500 0.293200 0.251100 0.258900 0.236500 0.200200 0.209600 0.314500 0.382500 0.236400 0.160900 0.268500 0.236600 0.170000 0.246300 0.332700 0.217900 0.359800 0.266300 0.245400 0.251400 0.215000 0.244800 0.174000 0.313300 0.332800 0.147100 0.335800 0.366200 0.270400 0.236000 0.201000 0.237900 0.275700 0.338200 0.270200 0.248800
MountainNy 0.172100 0.451100 0.104500 0.517100 0.158700 0.165900 0.180200 0.236500 0.000000 0.217200 0.152400 0.109500 0.193300 0.198800 0.194400 0.185000 0.229800 0.167500 0.196100 0.000000 0.201700 0.151100 0.232500 0.254900 0.139400 0.208300 0.207400 0.000000 0.208900 0.016200 0.228500 0.199000 0.269700 0.214900 0.147900 0.154800 0.154900 0.148400 0.222300 0.191400 0.199100 0.196800 0.253100 0.229300 0.172500 0.186400 0.201000 0.140300 0.244700 0.206100 0.056700 0.024800
MuntiacusM 0.225600 0.523000 0.281400 0.508500 0.219300 0.220200 0.220300 0.298200 0.217200 0.000000 0.205300 0.158900 0.278000 0.249700 0.233800 0.246100 0.251100 0.180800 0.239200 0.217200 0.303000 0.184300 0.085800 0.199100 0.220500 0.287700 0.281400 0.217300 0.258500 0.207800 0.022900 0.249900 0.240700 0.279200 0.268800 0.176000 0.208800 0.248700 0.274700 0.139700 0.096300 0.247900 0.045500 0.139400 0.193800 0.268300 0.250800 0.229500 0.306600 0.246000 0.201900 0.199600
goat 0.034600 0.463600 0.226800 0.553900 0.096200 0.026400 0.092400 0.211200 0.152400 0.205300 0.000000 0.094600 0.089500 0.118700 0.151800 0.122400 0.236200 0.204100 0.069000 0.152400 0.177000 0.017000 0.250400 0.315000 0.049800 0.155500 0.068700 0.152400 0.146900 0.161800 0.216900 0.118900 0.276600 0.076600 0.104000 0.159100 0.017400 0.104800 0.168900 0.207700 0.236100 0.133000 0.242300 0.267100 0.177200 0.086500 0.177400 0.124100 0.136000 0.240600 0.176800 0.153000
AfricanBuf 0.131300 0.454500 0.181700 0.488200 0.119400 0.124700 0.123500 0.213500 0.109500 0.158900 0.094600 0.000000 0.151600 0.141000 0.181900 0.127100 0.206400 0.145300 0.154800 0.109500 0.180100 0.111700 0.201000 0.250800 0.137200 0.159200 0.147000 0.109500 0.150800 0.109500 0.169100 0.141100 0.204200 0.154600 0.164200 0.073500 0.114500 0.127900 0.162500 0.152100 0.187000 0.137200 0.193100 0.206300 0.090100 0.127700 0.161000 0.110400 0.184500 0.183700 0.133000 0.101300
Topi 0.127400 0.470000 0.209800 0.559700 0.174100 0.120600 0.129800 0.254900 0.193300 0.278000 0.089500 0.151600 0.000000 0.195100 0.191200 0.161400 0.259900 0.250000 0.163700 0.193300 0.198000 0.107300 0.315400 0.361400 0.143500 0.175800 0.051900 0.193400 0.186100 0.203100 0.290600 0.195400 0.325500 0.077800 0.142500 0.220100 0.110000 0.183200 0.209900 0.260900 0.301000 0.173100 0.295200 0.311200 0.219000 0.143800 0.218500 0.184200 0.194500 0.284900 0.198300 0.194200
CommonDuik 0.118800 0.503100 0.281400 0.553900 0.143200 0.130600 0.094700 0.217500 0.198800 0.249700 0.118700 0.141000 0.195100 0.000000 0.168700 0.150500 0.281700 0.231100 0.152700 0.198800 0.166400 0.117800 0.293300 0.348300 0.124700 0.164200 0.170500 0.198800 0.138500 0.188700 0.261300 0.030700 0.280700 0.177600 0.169200 0.167700 0.120700 0.151400 0.159000 0.263100 0.280200 0.143100 0.285700 0.301600 0.185000 0.151200 0.194100 0.170900 0.216400 0.274900 0.231100 0.199600
Suni 0.152000 0.553500 0.238300 0.508700 0.148700 0.164500 0.134700 0.280100 0.194400 0.233800 0.151800 0.181900 0.191200 0.168700 0.000000 0.220500 0.285300 0.277200 0.185800 0.194400 0.244800 0.132900 0.267400 0.320300 0.139500 0.241700 0.167200 0.194400 0.233000 0.184500 0.244900 0.168900 0.336400 0.192200 0.174800 0.209100 0.154100 0.175300 0.276400 0.247700 0.254200 0.241100 0.268700 0.284400 0.226700 0.174700 0.274100 0.194500 0.221400 0.278900 0.198000 0.204500
Springbuck 0.160100 0.519000 0.240200 0.558300 0.166400 0.153900 0.132800 0.137500 0.185000 0.246100 0.122400 0.127100 0.161400 0.150500 0.220500 0.000000 0.227000 0.217100 0.186100 0.185000 0.116200 0.139800 0.271800 0.336200 0.165600 0.079700 0.175800 0.185000 0.055900 0.194300 0.267200 0.150700 0.302000 0.164100 0.193500 0.191600 0.143400 0.173400 0.090900 0.239800 0.267200 0.057900 0.271300 0.298400 0.209700 0.146800 0.125100 0.175800 0.176200 0.292800 0.209000 0.185700
Okapi 0.279800 0.545800 0.296100 0.672300 0.220000 0.275100 0.241300 0.293200 0.229800 0.251100 0.236200 0.206400 0.259900 0.281700 0.285300 0.227000 0.000000 0.108300 0.267700 0.229800 0.276800 0.255200 0.257300 0.310100 0.283200 0.260900 0.273600 0.229900 0.230900 0.239700 0.243000 0.282000 0.351500 0.301900 0.314600 0.265900 0.240500 0.250700 0.297100 0.225800 0.251300 0.242300 0.268200 0.262300 0.283400 0.250600 0.285300 0.261900 0.249800 0.321100 0.223700 0.229200
Giraffe 0.226100 0.484200 0.255800 0.603700 0.189000 0.220400 0.210900 0.251100 0.167500 0.180800 0.204100 0.145300 0.250000 0.231100 0.277200 0.217100 0.108300 0.000000 0.237500 0.167500 0.256300 0.202300 0.187800 0.270900 0.230800 0.251800 0.264200 0.167600 0.242600 0.177300 0.172400 0.231500 0.250600 0.271600 0.262100 0.184000 0.186600 0.208100 0.244600 0.193800 0.180000 0.211000 0.198100 0.222700 0.199000 0.240600 0.234200 0.188800 0.271100 0.259500 0.202400 0.173400
TibetanAnt 0.087100 0.503800 0.249200 0.563800 0.120500 0.079900 0.143800 0.258900 0.196100 0.239200 0.069000 0.154800 0.163700 0.152700 0.185800 0.186100 0.267700 0.237500 0.000000 0.196100 0.251500 0.068400 0.252600 0.337600 0.103000 0.218900 0.139600 0.196100 0.210300 0.205600 0.251200 0.153000 0.323300 0.146900 0.157400 0.202500 0.070200 0.128800 0.234300 0.230500 0.238700 0.196200 0.276500 0.290400 0.220900 0.139300 0.230600 0.167100 0.207200 0.284300 0.220000 0.197000
Sitatunga 0.172100 0.451100 0.104500 0.517100 0.158700 0.165900 0.180200 0.236500 0.000000 0.217200 0.152400 0.109500 0.193300 0.198800 0.194400 0.185000 0.229800 0.167500 0.196100 0.000000 0.201700 0.151100 0.232500 0.254900 0.139400 0.208300 0.207400 0.000000 0.208900 0.016200 0.228500 0.199000 0.269700 0.214900 0.147900 0.154800 0.154900 0.148400 0.222300 0.191400 0.199100 0.196800 0.253100 0.229300 0.172500 0.186400 0.201000 0.140300 0.244700 0.206100 0.056700 0.024800
Oribi 0.216400 0.500400 0.275800 0.564000 0.221700 0.211000 0.166600 0.200200 0.201700 0.303000 0.177000 0.180100 0.198000 0.166400 0.244800 0.116200 0.276800 0.256300 0.251500 0.201700 0.000000 0.194700 0.308200 0.364400 0.182000 0.130400 0.211900 0.201800 0.122300 0.191500 0.315800 0.166600 0.375300 0.218900 0.190500 0.247200 0.199700 0.228900 0.142400 0.276500 0.294800 0.117100 0.319100 0.348600 0.266000 0.182000 0.159100 0.231500 0.229400 0.341600 0.225300 0.202500
BarbaryShe 0.034300 0.460100 0.225200 0.525300 0.095500 0.026200 0.091700 0.209600 0.151100 0.184300 0.017000 0.111700 0.107300 0.117800 0.132900 0.139800 0.255200 0.202300 0.068400 0.151100 0.194700 0.000000 0.228800 0.291500 0.050700 0.172700 0.085800 0.151200 0.164300 0.160400 0.195400 0.118000 0.274200 0.093600 0.103300 0.157800 0.017300 0.104000 0.186700 0.205900 0.214300 0.150700 0.220500 0.244800 0.175700 0.103800 0.195100 0.123100 0.152900 0.238700 0.175400 0.151700
Daviddeer 0.271200 0.550500 0.275900 0.589300 0.274600 0.266600 0.263100 0.314500 0.232500 0.085800 0.250400 0.201000 0.315400 0.293300 0.267400 0.271800 0.257300 0.187800 0.252600 0.232500 0.308200 0.228800 0.000000 0.222500 0.245100 0.313100 0.327800 0.232600 0.294600 0.223100 0.094700 0.293700 0.295800 0.325100 0.294000 0.218900 0.234500 0.293800 0.300600 0.128400 0.038200 0.253900 0.117600 0.180400 0.236600 0.292500 0.276000 0.274500 0.330800 0.298400 0.216800 0.215400
Reindeer 0.337500 0.609200 0.350000 0.531500 0.297200 0.333700 0.317000 0.382500 0.254900 0.199100 0.315000 0.250800 0.361400 0.348300 0.320300 0.336200 0.310100 0.270900 0.337600 0.254900 0.364400 0.291500 0.222500 0.000000 0.320100 0.359200 0.373400 0.254900 0.337800 0.245300 0.173500 0.348700 0.362600 0.379900 0.329300 0.268900 0.298600 0.318900 0.345600 0.183600 0.219000 0.331700 0.215000 0.086800 0.285200 0.349300 0.352500 0.278500 0.342700 0.282100 0.278400 0.257300
Ibex 0.068800 0.495200 0.212200 0.567600 0.121100 0.061300 0.116400 0.236400 0.139400 0.220500 0.049800 0.137200 0.143500 0.124700 0.139500 0.165600 0.283200 0.230800 0.103000 0.139400 0.182000 0.050700 0.245100 0.320100 0.000000 0.198200 0.120500 0.139500 0.189700 0.129700 0.232100 0.124900 0.292100 0.128100 0.101700 0.183800 0.051900 0.111300 0.212900 0.222800 0.231000 0.177000 0.257200 0.272600 0.201900 0.129300 0.221400 0.149200 0.178000 0.255400 0.163400 0.140000
GyrantGaze 0.193500 0.559200 0.252900 0.544000 0.199100 0.187900 0.164200 0.160900 0.208300 0.287700 0.155500 0.159200 0.175800 0.164200 0.241700 0.079700 0.260900 0.251800 0.218900 0.208300 0.130400 0.172700 0.313100 0.359200 0.198200 0.000000 0.189800 0.208400 0.087100 0.217600 0.300000 0.164500 0.303100 0.196900 0.216700 0.223900 0.177000 0.206100 0.122900 0.263400 0.300000 0.081200 0.283700 0.331300 0.223000 0.179300 0.121800 0.189300 0.207700 0.325400 0.250200 0.218600
Hartebeest 0.104800 0.528600 0.223200 0.558600 0.149300 0.097800 0.090700 0.268500 0.207400 0.281400 0.068700 0.147000 0.051900 0.170500 0.167200 0.175800 0.273600 0.264200 0.139600 0.207400 0.211900 0.085800 0.327800 0.373400 0.120500 0.189800 0.000000 0.207500 0.200000 0.217100 0.293800 0.170700 0.314900 0.041200 0.119900 0.213400 0.087900 0.158100 0.223800 0.264200 0.313700 0.187700 0.298300 0.324200 0.212200 0.102600 0.232200 0.178600 0.169600 0.276300 0.212100 0.208400
Bongo 0.172100 0.451000 0.105100 0.517600 0.158700 0.165900 0.180200 0.236600 0.000000 0.217300 0.152400 0.109500 0.193400 0.198800 0.194400 0.185000 0.229900 0.167600 0.196100 0.000000 0.201800 0.151200 0.232600 0.254900 0.139500 0.208400 0.207500 0.000000 0.208900 0.016400 0.228600 0.199000 0.269700 0.214900 0.147900 0.154800 0.154900 0.148500 0.222400 0.191500 0.199200 0.196900 0.253300 0.229300 0.172600 0.186400 0.201100 0.140300 0.244800 0.206200 0.057000 0.024800
Gerenuk 0.165600 0.535200 0.244300 0.543300 0.153200 0.178900 0.156000 0.170000 0.208900 0.258500 0.146900 0.150800 0.186100 0.138500 0.233000 0.055900 0.230900 0.242600 0.210300 0.208900 0.122300 0.164300 0.294600 0.337800 0.189700 0.087100 0.200000 0.208900 0.000000 0.218200 0.270200 0.138500 0.336600 0.207000 0.217500 0.196300 0.168200 0.178600 0.114700 0.263700 0.281400 0.073100 0.274200 0.279800 0.214000 0.152200 0.131000 0.199900 0.199200 0.295300 0.241400 0.209800
CommonElan 0.181600 0.438000 0.105500 0.530100 0.167900 0.175600 0.189200 0.246300 0.016200 0.207800 0.161800 0.109500 0.203100 0.188700 0.184500 0.194300 0.239700 0.177300 0.205600 0.016200 0.191500 0.160400 0.223100 0.245300 0.129700 0.217600 0.217100 0.016400 0.218200 0.000000 0.219000 0.188900 0.269700 0.224500 0.138100 0.154700 0.164500 0.157600 0.231900 0.182100 0.189900 0.206300 0.243600 0.219700 0.172400 0.195800 0.210300 0.149400 0.254200 0.196900 0.056700 0.024800
MuntiacusR 0.237500 0.543400 0.293200 0.523300 0.230800 0.232300 0.231400 0.332700 0.228500 0.022900 0.216900 0.169100 0.290600 0.261300 0.244900 0.267200 0.243000 0.172400 0.251200 0.228500 0.315800 0.195400 0.094700 0.173500 0.232100 0.300000 0.293800 0.228600 0.270200 0.219000 0.000000 0.261600 0.273500 0.300600 0.281300 0.186400 0.200500 0.260800 0.276000 0.131900 0.088600 0.260200 0.037500 0.114400 0.204400 0.280700 0.262400 0.241300 0.298800 0.257300 0.212900 0.210600
HarveysDui 0.137200 0.503900 0.262400 0.507600 0.143500 0.130800 0.094900 0.217900 0.199000 0.249900 0.118900 0.141100 0.195400 0.030700 0.168900 0.150700 0.282000 0.231500 0.153000 0.199000 0.166600 0.118000 0.293700 0.348700 0.124900 0.164500 0.170700 0.199000 0.138500 0.188900 0.261600 0.000000 0.281000 0.159700 0.169500 0.186300 0.120900 0.151700 0.159300 0.263400 0.280500 0.143300 0.286000 0.280900 0.203800 0.133300 0.194300 0.171100 0.216700 0.255200 0.231200 0.199700
Pronghorn 0.299200 0.622800 0.336700 0.567300 0.271100 0.294700 0.270300 0.359800 0.269700 0.240700 0.276600 0.204200 0.325500 0.280700 0.336400 0.302000 0.351500 0.250600 0.323300 0.269700 0.375300 0.274200 0.295800 0.362600 0.292100 0.303100 0.314900 0.269700 0.336600 0.269700 0.273500 0.281000 0.000000 0.312400 0.280300 0.243400 0.281700 0.290300 0.331300 0.285000 0.302000 0.304400 0.268500 0.312700 0.221800 0.312000 0.318400 0.271100 0.318500 0.276700 0.283000 0.269600
BlueWildeb 0.112600 0.534800 0.230300 0.563300 0.156900 0.105700 0.115500 0.266300 0.214900 0.279200 0.076600 0.154600 0.077800 0.177600 0.192200 0.164100 0.301900 0.271600 0.146900 0.214900 0.218900 0.093600 0.325100 0.379900 0.128100 0.196900 0.041200 0.214900 0.207000 0.224500 0.300600 0.159700 0.312400 0.000000 0.127400 0.220700 0.095900 0.165500 0.211000 0.270900 0.320400 0.186200 0.305000 0.331100 0.219600 0.128200 0.239300 0.185800 0.195000 0.283200 0.230100 0.215900
Gemsbok 0.122500 0.499200 0.239800 0.543600 0.167400 0.115800 0.142600 0.245400 0.147900 0.268800 0.104000 0.164200 0.142500 0.169200 0.174800 0.193500 0.314600 0.262100 0.157400 0.147900 0.190500 0.103300 0.294000 0.329300 0.101700 0.216700 0.119900 0.147900 0.217500 0.138100 0.281300 0.169500 0.280300 0.127400 0.000000 0.211800 0.105700 0.176100 0.241800 0.251700 0.259600 0.205400 0.306600 0.302800 0.230200 0.156600 0.210800 0.148800 0.224400 0.244500 0.190700 0.167500
Yak 0.140300 0.463800 0.227900 0.514900 0.165400 0.172600 0.168000 0.251400 0.154800 0.176000 0.159100 0.073500 0.220100 0.167700 0.209100 0.191600 0.265900 0.184000 0.202500 0.154800 0.247200 0.157800 0.218900 0.268900 0.183800 0.223900 0.213400 0.154800 0.196300 0.154700 0.186400 0.186300 0.243400 0.220700 0.211800 0.000000 0.161600 0.174400 0.219300 0.188000 0.215200 0.203400 0.210400 0.224000 0.031500 0.192500 0.226800 0.156100 0.230500 0.220400 0.178300 0.137500
BlueSheep 0.035200 0.473200 0.230200 0.562400 0.097800 0.026900 0.093900 0.215000 0.154900 0.208800 0.017400 0.114500 0.110000 0.120700 0.154100 0.143400 0.240500 0.186600 0.070200 0.154900 0.199700 0.017300 0.234500 0.298600 0.051900 0.177000 0.087900 0.154900 0.168200 0.164500 0.200500 0.120900 0.281700 0.095900 0.105700 0.161600 0.000000 0.106600 0.191400 0.211100 0.219800 0.135400 0.226200 0.250600 0.180000 0.106300 0.200100 0.126200 0.138100 0.244300 0.179600 0.155500
BohorReedb 0.123500 0.477700 0.213400 0.551600 0.041500 0.116700 0.133800 0.244800 0.148400 0.248700 0.104800 0.127900 0.183200 0.151400 0.175300 0.173400 0.250700 0.208100 0.128800 0.148400 0.228900 0.104000 0.293800 0.318900 0.111300 0.206100 0.158100 0.148500 0.178600 0.157600 0.260800 0.151700 0.290300 0.165500 0.176100 0.174400 0.106600 0.000000 0.220500 0.242200 0.279700 0.186000 0.285800 0.271900 0.192400 0.138400 0.218700 0.120800 0.186700 0.254500 0.181500 0.149100
KirksDik 0.208200 0.584100 0.297600 0.584600 0.213700 0.202600 0.177100 0.174000 0.222300 0.274700 0.168900 0.162500 0.209900 0.159000 0.276400 0.090900 0.297100 0.244600 0.234300 0.222300 0.142400 0.186700 0.300600 0.345600 0.212900 0.122900 0.223800 0.222400 0.114700 0.231900 0.276000 0.159300 0.331300 0.211000 0.241800 0.219300 0.191400 0.220500 0.000000 0.268600 0.285100 0.100800 0.300000 0.307700 0.237800 0.193300 0.133600 0.223500 0.222100 0.331600 0.226900 0.211300
RoeDeer 0.248700 0.531800 0.245400 0.537200 0.232800 0.243600 0.253300 0.313300 0.191400 0.139700 0.207700 0.152100 0.260900 0.263100 0.247700 0.239800 0.225800 0.193800 0.230500 0.191400 0.276500 0.205900 0.128400 0.183600 0.222800 0.263400 0.264200 0.191500 0.263700 0.182100 0.131900 0.263400 0.285000 0.270900 0.251700 0.188000 0.211100 0.242200 0.268600 0.000000 0.122900 0.232600 0.155500 0.140900 0.205900 0.221600 0.246800 0.243100 0.271200 0.220500 0.215100 0.174000
WhiteLippe 0.257100 0.537200 0.243500 0.577300 0.260900 0.252200 0.249700 0.332800 0.199100 0.096300 0.236100 0.187000 0.301000 0.280200 0.254200 0.267200 0.251300 0.180000 0.238700 0.199100 0.294800 0.214300 0.038200 0.219000 0.231000 0.300000 0.313700 0.199200 0.281400 0.189900 0.088600 0.280500 0.302000 0.320400 0.259600 0.215200 0.219800 0.279700 0.285100 0.122900 0.000000 0.260200 0.112000 0.176000 0.233300 0.278800 0.242700 0.240400 0.318000 0.265500 0.203000 0.171900
ThomsonGaz 0.171600 0.524600 0.252700 0.551800 0.178000 0.165400 0.143100 0.147100 0.196800 0.247900 0.133000 0.137200 0.173100 0.143100 0.241100 0.057900 0.242300 0.211000 0.196200 0.196800 0.117100 0.150700 0.253900 0.331700 0.177000 0.081200 0.187700 0.196900 0.073100 0.206300 0.260200 0.143300 0.304400 0.186200 0.205400 0.203400 0.135400 0.186000 0.100800 0.232600 0.260200 0.000000 0.264400 0.292200 0.221900 0.157700 0.126300 0.187600 0.187700 0.305700 0.210500 0.197500
MuntiacusC 0.263100 0.562200 0.297700 0.501900 0.255700 0.258200 0.255500 0.335800 0.253100 0.045500 0.242300 0.193100 0.295200 0.285700 0.268700 0.271300 0.268200 0.198100 0.276500 0.253100 0.319100 0.220500 0.117600 0.215000 0.257200 0.283700 0.298300 0.253300 0.274200 0.243600 0.037500 0.286000 0.268500 0.305000 0.306600 0.210400 0.226200 0.285800 0.300000 0.155500 0.112000 0.264400 0.000000 0.155300 0.209900 0.305900 0.266600 0.266200 0.302300 0.281300 0.255900 0.235400
WhiteTaile 0.288700 0.548400 0.303600 0.530100 0.250700 0.284300 0.291200 0.366200 0.229300 0.139400 0.267100 0.206300 0.311200 0.301600 0.284400 0.298400 0.262300 0.222700 0.290400 0.229300 0.348600 0.244800 0.180400 0.086800 0.272600 0.331300 0.324200 0.229300 0.279800 0.219700 0.114400 0.280900 0.312700 0.331100 0.302800 0.224000 0.250600 0.271900 0.307700 0.140900 0.176000 0.292200 0.155300 0.000000 0.239400 0.279800 0.314300 0.261200 0.339400 0.256500 0.233200 0.211500
Cattle 0.158200 0.491000 0.227200 0.514600 0.183300 0.191200 0.185300 0.270400 0.172500 0.193800 0.177200 0.090100 0.219000 0.185000 0.226700 0.209700 0.283400 0.199000 0.220900 0.172500 0.266000 0.175700 0.236600 0.285200 0.201900 0.223000 0.212200 0.172600 0.214000 0.172400 0.204400 0.203800 0.221800 0.219600 0.230200 0.031500 0.180000 0.192400 0.237800 0.205900 0.233300 0.221900 0.209900 0.239400 0.000000 0.210600 0.245300 0.173900 0.247300 0.238300 0.196100 0.155300
RoyalAntel 0.123200 0.496800 0.231200 0.543500 0.129900 0.116500 0.098500 0.236000 0.186400 0.268300 0.086500 0.127700 0.143800 0.151200 0.174700 0.146800 0.250600 0.240600 0.139300 0.186400 0.182000 0.103800 0.292500 0.349300 0.129300 0.179300 0.102600 0.186400 0.152200 0.195800 0.280700 0.133300 0.312000 0.128200 0.156600 0.192500 0.106300 0.138400 0.193300 0.221600 0.278800 0.157700 0.305900 0.279800 0.210600 0.000000 0.210900 0.158200 0.168400 0.253300 0.200300 0.187400
Steenbok 0.217100 0.552800 0.265800 0.528100 0.211600 0.211600 0.175400 0.201000 0.201000 0.250800 0.177400 0.161000 0.218500 0.194100 0.274100 0.125100 0.285300 0.234200 0.230600 0.201000 0.159100 0.195100 0.276000 0.352500 0.221400 0.121800 0.232200 0.201100 0.131000 0.210300 0.262400 0.194300 0.318400 0.239300 0.210800 0.226800 0.200100 0.218700 0.133600 0.246800 0.242700 0.126300 0.266600 0.314300 0.245300 0.210900 0.000000 0.201900 0.201700 0.288500 0.214100 0.201800
Impala 0.143300 0.499400 0.233400 0.571200 0.112300 0.136800 0.152800 0.237900 0.140300 0.229500 0.124100 0.110400 0.184200 0.170900 0.194500 0.175800 0.261900 0.188800 0.167100 0.140300 0.231500 0.123100 0.274500 0.278500 0.149200 0.189300 0.178600 0.140300 0.199900 0.149400 0.241300 0.171100 0.271100 0.185800 0.148800 0.156100 0.126200 0.120800 0.223500 0.243100 0.240400 0.187600 0.266200 0.261200 0.173900 0.158200 0.201900 0.000000 0.226500 0.236100 0.182600 0.149800
Klipspring 0.173000 0.579100 0.288400 0.562900 0.197100 0.167200 0.162900 0.275700 0.244700 0.306600 0.136000 0.184500 0.194500 0.216400 0.221400 0.176200 0.249800 0.271100 0.207200 0.244700 0.229400 0.152900 0.330800 0.342700 0.178000 0.207700 0.169600 0.244800 0.199200 0.254200 0.298800 0.216700 0.318500 0.195000 0.224400 0.230500 0.138100 0.186700 0.222100 0.271200 0.318000 0.187700 0.302300 0.339400 0.247300 0.168400 0.201700 0.226500 0.000000 0.291600 0.257600 0.245700
ForestMusk 0.261200 0.513600 0.260100 0.555800 0.245400 0.256300 0.227200 0.338200 0.206100 0.246000 0.240600 0.183700 0.284900 0.274900 0.278900 0.292800 0.321100 0.259500 0.284300 0.206100 0.341600 0.238700 0.298400 0.282100 0.255400 0.325400 0.276300 0.206200 0.295300 0.196900 0.257300 0.255200 0.276700 0.283200 0.244500 0.220400 0.244300 0.254500 0.331600 0.220500 0.265500 0.305700 0.281300 0.256500 0.238300 0.253300 0.288500 0.236100 0.291600 0.000000 0.229200 0.197900
Bushbuck 0.196500 0.475700 0.103000 0.555200 0.191700 0.190700 0.175200 0.270200 0.056700 0.201900 0.176800 0.133000 0.198300 0.231100 0.198000 0.209000 0.223700 0.202400 0.220000 0.056700 0.225300 0.175400 0.216800 0.278400 0.163400 0.250200 0.212100 0.057000 0.241400 0.056700 0.212900 0.231200 0.283000 0.230100 0.190700 0.178300 0.179600 0.181500 0.226900 0.215100 0.203000 0.210500 0.255900 0.233200 0.196100 0.200300 0.214100 0.182600 0.257600 0.229200 0.000000 0.049000
GreaterKud 0.172800 0.436300 0.097300 0.565300 0.159200 0.166500 0.180900 0.248800 0.024800 0.199600 0.153000 0.101300 0.194200 0.199600 0.204500 0.185700 0.229200 0.173400 0.197000 0.024800 0.202500 0.151700 0.215400 0.257300 0.140000 0.218600 0.208400 0.024800 0.209800 0.024800 0.210600 0.199700 0.269600 0.215900 0.167500 0.137500 0.155500 0.149100 0.211300 0.174000 0.171900 0.197500 0.235400 0.211500 0.155300 0.187400 0.201800 0.149800 0.245700 0.197900 0.049000 0.000000
