CODONML (in paml version 4.10.7, June 2023)  /home/rachel/ruminants_paml/6406-phy-tree/ENSBTAT00000017010.fasta.phy
Model: free dN/dS Ratios for branches,  kappa = 2.000 fixed

Codon frequency model: F3x4
ns =  54  ls =  61

Codon usage in sequences
--------------------------------------------------------------------------------------------------------------------------------------
Phe TTT   3   2   2   2   2   2 | Ser TCT   0   0   0   0   0   0 | Tyr TAT   0   0   0   0   0   0 | Cys TGT   0   0   0   0   0   0
    TTC   2   3   3   3   3   3 |     TCC   1   1   1   1   1   1 |     TAC   0   0   0   0   0   0 |     TGC   0   0   0   0   0   0
Leu TTA   1   0   1   1   1   1 |     TCA   0   0   0   0   0   0 | *** TAA   0   0   0   0   0   0 | *** TGA   0   0   0   0   0   0
    TTG   3   3   3   3   4   3 |     TCG   0   0   0   0   0   0 |     TAG   0   0   0   0   0   0 | Trp TGG   1   1   1   1   1   1
--------------------------------------------------------------------------------------------------------------------------------------
Leu CTT   2   1   2   2   0   1 | Pro CCT   0   0   0   0   0   0 | His CAT   1   1   1   1   1   1 | Arg CGT   1   0   1   1   0   0
    CTC   1   2   1   1   1   2 |     CCC   0   0   0   0   0   0 |     CAC   1   1   1   1   1   1 |     CGC   0   0   0   0   0   0
    CTA   0   0   0   0   1   0 |     CCA   0   0   0   0   0   0 | Gln CAA   1   1   1   1   1   1 |     CGA   0   0   0   0   0   0
    CTG   6   7   5   6   5   6 |     CCG   0   0   1   0   1   0 |     CAG   2   2   2   2   2   2 |     CGG   0   1   0   0   1   1
--------------------------------------------------------------------------------------------------------------------------------------
Ile ATT   4   4   4   3   4   5 | Thr ACT   0   0   0   0   0   0 | Asn AAT   0   0   0   0   0   0 | Ser AGT   1   2   1   1   2   2
    ATC   4   4   4   5   4   3 |     ACC   0   0   0   0   0   0 |     AAC   0   0   0   0   0   0 |     AGC   1   0   1   1   0   0
    ATA   0   0   0   0   0   0 |     ACA   0   0   0   0   0   0 | Lys AAA   1   0   1   1   0   1 | Arg AGA   0   0   0   0   0   0
Met ATG   0   0   0   0   0   0 |     ACG   0   0   0   0   0   0 |     AAG   0   1   0   0   1   0 |     AGG   0   0   0   0   0   0
--------------------------------------------------------------------------------------------------------------------------------------
Val GTT   2   1   2   2   2   1 | Ala GCT   2   3   2   3   2   2 | Asp GAT   0   0   0   0   0   0 | Gly GGT   0   0   0   0   0   1
    GTC   2   2   2   2   1   2 |     GCC   1   1   1   0   1   1 |     GAC   0   0   0   0   1   0 |     GGC   4   4   4   4   4   3
    GTA   0   0   0   0   1   0 |     GCA   2   0   2   2   1   2 | Glu GAA   0   0   0   0   0   0 |     GGA   2   2   2   2   2   2
    GTG   5   6   5   5   5   6 |     GCG   1   2   1   1   2   1 |     GAG   1   1   1   1   0   1 |     GGG   2   2   2   2   2   2
--------------------------------------------------------------------------------------------------------------------------------------

--------------------------------------------------------------------------------------------------------------------------------------
Phe TTT   3   2   2   2   2   2 | Ser TCT   0   0   0   0   0   0 | Tyr TAT   0   0   0   0   0   0 | Cys TGT   0   0   0   0   0   0
    TTC   2   3   3   3   3   3 |     TCC   1   1   1   1   1   1 |     TAC   0   0   0   0   0   0 |     TGC   0   0   0   0   0   0
Leu TTA   0   1   1   1   1   1 |     TCA   0   0   0   0   0   0 | *** TAA   0   0   0   0   0   0 | *** TGA   0   0   0   0   0   0
    TTG   4   3   3   3   3   3 |     TCG   0   0   0   0   0   0 |     TAG   0   0   0   0   0   0 | Trp TGG   1   1   1   1   1   1
--------------------------------------------------------------------------------------------------------------------------------------
Leu CTT   2   2   2   2   2   3 | Pro CCT   0   0   0   0   0   0 | His CAT   1   1   1   1   1   1 | Arg CGT   1   1   1   0   1   1
    CTC   1   1   1   1   1   0 |     CCC   0   0   0   0   0   0 |     CAC   1   1   1   1   1   1 |     CGC   0   0   0   1   0   0
    CTA   0   0   0   0   0   0 |     CCA   0   0   0   0   0   0 | Gln CAA   1   1   1   1   1   1 |     CGA   0   0   0   0   0   0
    CTG   6   6   6   6   5   5 |     CCG   0   0   0   0   1   1 |     CAG   2   2   2   2   2   2 |     CGG   0   0   0   0   0   0
--------------------------------------------------------------------------------------------------------------------------------------
Ile ATT   5   4   4   4   4   5 | Thr ACT   0   0   0   0   0   0 | Asn AAT   0   0   0   0   0   0 | Ser AGT   1   1   1   1   1   1
    ATC   3   4   4   4   4   3 |     ACC   0   0   0   0   0   0 |     AAC   0   0   0   0   0   0 |     AGC   1   1   1   1   1   1
    ATA   0   0   0   0   0   0 |     ACA   0   0   0   0   0   0 | Lys AAA   1   1   1   1   1   1 | Arg AGA   0   0   0   0   0   0
Met ATG   0   0   0   0   0   0 |     ACG   0   0   0   0   0   0 |     AAG   0   0   0   0   0   0 |     AGG   0   0   0   0   0   0
--------------------------------------------------------------------------------------------------------------------------------------
Val GTT   3   3   2   2   2   2 | Ala GCT   2   2   2   2   2   3 | Asp GAT   0   0   0   0   0   0 | Gly GGT   0   0   0   0   0   0
    GTC   2   1   2   2   2   2 |     GCC   1   1   1   0   1   0 |     GAC   0   0   0   0   0   0 |     GGC   4   4   4   4   4   4
    GTA   1   0   0   0   0   0 |     GCA   2   2   2   2   2   2 | Glu GAA   0   0   0   0   0   0 |     GGA   2   2   2   2   2   2
    GTG   3   5   5   5   5   5 |     GCG   1   1   1   2   1   1 |     GAG   1   1   1   1   1   1 |     GGG   2   2   2   2   2   2
--------------------------------------------------------------------------------------------------------------------------------------

--------------------------------------------------------------------------------------------------------------------------------------
Phe TTT   2   2   2   2   3   2 | Ser TCT   0   0   0   0   0   0 | Tyr TAT   0   0   0   0   0   0 | Cys TGT   0   0   0   0   0   0
    TTC   3   3   3   3   2   3 |     TCC   1   1   1   1   1   1 |     TAC   0   0   0   0   0   0 |     TGC   0   0   0   0   0   0
Leu TTA   1   1   1   1   1   1 |     TCA   0   0   0   0   0   0 | *** TAA   0   0   0   0   0   0 | *** TGA   0   0   0   0   0   0
    TTG   3   3   3   3   3   3 |     TCG   0   0   0   0   0   0 |     TAG   0   0   0   0   0   0 | Trp TGG   1   1   1   1   1   1
--------------------------------------------------------------------------------------------------------------------------------------
Leu CTT   2   2   2   2   2   2 | Pro CCT   0   0   0   0   0   0 | His CAT   1   1   1   1   1   1 | Arg CGT   1   1   1   1   1   1
    CTC   1   1   1   1   1   1 |     CCC   0   0   0   0   0   0 |     CAC   1   1   1   1   1   1 |     CGC   0   0   0   0   0   0
    CTA   0   0   0   0   0   0 |     CCA   0   0   0   0   0   0 | Gln CAA   1   1   1   1   1   1 |     CGA   0   0   0   0   0   0
    CTG   6   6   6   6   6   6 |     CCG   0   0   0   0   0   0 |     CAG   2   2   2   2   2   2 |     CGG   0   0   0   0   0   0
--------------------------------------------------------------------------------------------------------------------------------------
Ile ATT   4   4   5   4   4   4 | Thr ACT   0   0   0   0   0   0 | Asn AAT   0   0   0   0   0   0 | Ser AGT   1   1   1   1   1   1
    ATC   4   4   3   4   4   4 |     ACC   0   0   0   0   0   0 |     AAC   0   0   0   0   0   0 |     AGC   1   1   1   1   1   1
    ATA   0   0   0   0   0   0 |     ACA   0   0   0   0   0   0 | Lys AAA   1   1   1   1   1   1 | Arg AGA   0   0   0   0   0   0
Met ATG   0   0   0   0   0   0 |     ACG   0   0   0   0   0   0 |     AAG   0   0   0   0   0   0 |     AGG   0   0   0   0   0   0
--------------------------------------------------------------------------------------------------------------------------------------
Val GTT   2   2   2   2   1   1 | Ala GCT   2   2   2   2   2   2 | Asp GAT   0   0   0   0   0   0 | Gly GGT   0   0   0   1   0   0
    GTC   2   2   2   2   2   3 |     GCC   1   1   1   1   1   0 |     GAC   0   0   0   0   0   0 |     GGC   4   4   4   3   4   4
    GTA   0   0   0   0   0   0 |     GCA   2   3   2   2   3   2 | Glu GAA   0   0   0   0   0   0 |     GGA   2   2   2   2   2   2
    GTG   5   5   5   5   6   5 |     GCG   1   0   1   1   0   2 |     GAG   1   1   1   1   1   1 |     GGG   2   2   2   2   2   2
--------------------------------------------------------------------------------------------------------------------------------------

--------------------------------------------------------------------------------------------------------------------------------------
Phe TTT   3   3   2   2   2   2 | Ser TCT   0   0   0   0   0   0 | Tyr TAT   0   0   0   0   0   0 | Cys TGT   0   0   0   0   0   0
    TTC   2   2   3   3   3   3 |     TCC   1   1   1   1   1   1 |     TAC   0   0   0   0   0   0 |     TGC   0   0   0   0   0   0
Leu TTA   1   1   1   1   0   1 |     TCA   0   0   0   0   0   0 | *** TAA   0   0   0   0   0   0 | *** TGA   0   0   0   0   0   0
    TTG   3   3   3   3   3   3 |     TCG   0   0   0   0   0   0 |     TAG   0   0   0   0   0   0 | Trp TGG   1   1   1   1   1   1
--------------------------------------------------------------------------------------------------------------------------------------
Leu CTT   2   2   1   2   2   2 | Pro CCT   0   0   0   0   0   0 | His CAT   1   1   1   1   1   1 | Arg CGT   1   1   1   1   1   1
    CTC   1   1   2   1   1   1 |     CCC   0   0   0   0   0   0 |     CAC   1   1   1   1   1   1 |     CGC   0   0   0   0   0   0
    CTA   0   0   0   0   1   0 |     CCA   0   0   0   0   0   0 | Gln CAA   1   1   1   1   1   1 |     CGA   0   0   0   0   0   0
    CTG   6   6   6   5   6   6 |     CCG   0   0   0   1   0   0 |     CAG   2   2   2   2   2   2 |     CGG   0   0   0   0   0   0
--------------------------------------------------------------------------------------------------------------------------------------
Ile ATT   4   4   4   5   4   4 | Thr ACT   0   0   0   0   0   0 | Asn AAT   0   0   0   0   0   0 | Ser AGT   1   1   1   1   1   1
    ATC   4   4   4   3   4   4 |     ACC   0   0   0   0   0   0 |     AAC   0   0   0   0   0   0 |     AGC   1   1   1   1   1   1
    ATA   0   0   0   0   0   0 |     ACA   0   0   0   0   0   0 | Lys AAA   1   1   1   1   1   1 | Arg AGA   0   0   0   0   0   0
Met ATG   0   0   0   0   0   0 |     ACG   0   0   0   0   0   0 |     AAG   0   0   0   0   0   0 |     AGG   0   0   0   0   0   0
--------------------------------------------------------------------------------------------------------------------------------------
Val GTT   3   3   2   2   2   2 | Ala GCT   2   2   2   2   2   2 | Asp GAT   0   0   0   0   0   0 | Gly GGT   0   0   0   0   0   0
    GTC   1   1   2   2   2   2 |     GCC   1   1   1   1   0   1 |     GAC   0   0   0   0   0   0 |     GGC   4   4   4   4   4   4
    GTA   0   0   0   0   0   0 |     GCA   2   1   2   2   2   2 | Glu GAA   0   1   0   0   0   0 |     GGA   2   2   2   2   2   2
    GTG   5   5   5   5   5   5 |     GCG   1   2   1   1   2   1 |     GAG   1   0   1   1   1   1 |     GGG   2   2   2   2   2   2
--------------------------------------------------------------------------------------------------------------------------------------

--------------------------------------------------------------------------------------------------------------------------------------
Phe TTT   2   2   2   2   2   2 | Ser TCT   0   0   0   0   0   0 | Tyr TAT   0   0   0   0   0   0 | Cys TGT   0   0   0   0   0   0
    TTC   3   3   3   3   3   3 |     TCC   1   1   1   1   1   1 |     TAC   0   0   0   0   0   0 |     TGC   0   0   0   0   0   0
Leu TTA   1   1   1   1   1   1 |     TCA   0   0   0   0   0   0 | *** TAA   0   0   0   0   0   0 | *** TGA   0   0   0   0   0   0
    TTG   3   3   3   3   3   3 |     TCG   0   0   0   0   0   0 |     TAG   0   0   0   0   0   0 | Trp TGG   1   1   1   1   1   1
--------------------------------------------------------------------------------------------------------------------------------------
Leu CTT   3   3   2   2   2   2 | Pro CCT   0   0   0   0   0   0 | His CAT   1   1   1   1   1   1 | Arg CGT   1   1   1   1   1   1
    CTC   0   0   1   1   1   1 |     CCC   0   0   0   0   0   0 |     CAC   1   1   1   1   1   1 |     CGC   0   0   0   0   0   0
    CTA   0   0   0   0   0   0 |     CCA   0   0   0   0   0   0 | Gln CAA   1   1   1   1   1   1 |     CGA   0   0   0   0   0   0
    CTG   5   5   6   6   6   5 |     CCG   1   1   0   0   0   1 |     CAG   2   2   2   2   2   2 |     CGG   0   0   0   0   0   0
--------------------------------------------------------------------------------------------------------------------------------------
Ile ATT   4   4   4   4   4   4 | Thr ACT   0   0   0   0   0   0 | Asn AAT   0   0   0   0   0   0 | Ser AGT   1   1   1   1   1   1
    ATC   4   4   4   4   4   4 |     ACC   0   0   0   0   0   0 |     AAC   0   0   0   0   0   0 |     AGC   1   1   1   1   1   1
    ATA   0   0   0   0   0   0 |     ACA   0   0   0   0   0   0 | Lys AAA   1   1   1   1   1   1 | Arg AGA   0   0   0   0   0   0
Met ATG   0   0   0   0   0   0 |     ACG   0   0   0   0   0   0 |     AAG   0   0   0   0   0   0 |     AGG   0   0   0   0   0   0
--------------------------------------------------------------------------------------------------------------------------------------
Val GTT   2   2   2   1   2   3 | Ala GCT   3   3   2   2   2   2 | Asp GAT   0   0   0   0   0   0 | Gly GGT   0   0   0   0   0   0
    GTC   2   2   2   3   2   1 |     GCC   0   0   1   0   1   1 |     GAC   0   0   0   0   0   0 |     GGC   4   4   4   4   4   4
    GTA   0   0   0   0   0   0 |     GCA   3   2   2   2   2   2 | Glu GAA   0   0   0   0   0   0 |     GGA   2   2   2   2   2   2
    GTG   5   5   5   5   5   5 |     GCG   0   1   1   2   1   1 |     GAG   1   1   1   1   1   1 |     GGG   2   2   2   2   2   2
--------------------------------------------------------------------------------------------------------------------------------------

--------------------------------------------------------------------------------------------------------------------------------------
Phe TTT   2   2   2   2   2   2 | Ser TCT   0   0   0   0   0   0 | Tyr TAT   0   0   0   0   0   0 | Cys TGT   0   0   0   0   0   0
    TTC   3   3   3   3   3   3 |     TCC   1   1   1   1   1   1 |     TAC   0   0   0   0   0   0 |     TGC   0   0   0   0   0   0
Leu TTA   1   1   1   1   1   1 |     TCA   0   0   0   0   0   0 | *** TAA   0   0   0   0   0   0 | *** TGA   0   0   0   0   0   0
    TTG   3   3   3   3   2   3 |     TCG   0   0   0   0   0   0 |     TAG   0   0   0   0   0   0 | Trp TGG   1   1   1   1   1   1
--------------------------------------------------------------------------------------------------------------------------------------
Leu CTT   2   2   3   2   3   2 | Pro CCT   0   0   0   0   0   0 | His CAT   1   1   1   1   1   1 | Arg CGT   1   1   1   1   1   1
    CTC   1   1   0   1   1   1 |     CCC   0   0   0   0   0   0 |     CAC   1   1   1   1   1   1 |     CGC   0   0   0   0   0   0
    CTA   0   0   0   0   0   0 |     CCA   0   0   0   0   0   0 | Gln CAA   1   1   1   1   1   1 |     CGA   0   0   0   0   0   0
    CTG   6   5   5   6   5   6 |     CCG   0   1   1   0   1   0 |     CAG   2   2   2   2   2   2 |     CGG   0   0   0   0   0   0
--------------------------------------------------------------------------------------------------------------------------------------
Ile ATT   5   4   4   4   2   4 | Thr ACT   0   0   0   0   0   0 | Asn AAT   0   0   0   0   0   0 | Ser AGT   1   1   1   1   1   1
    ATC   3   4   4   4   6   4 |     ACC   0   0   0   0   0   0 |     AAC   0   0   0   0   0   0 |     AGC   1   1   1   1   1   1
    ATA   0   0   0   0   0   0 |     ACA   0   0   0   0   0   0 | Lys AAA   1   1   1   1   0   1 | Arg AGA   0   0   0   0   0   0
Met ATG   0   0   0   0   0   0 |     ACG   0   0   0   0   0   0 |     AAG   0   0   0   0   1   0 |     AGG   0   0   0   0   0   0
--------------------------------------------------------------------------------------------------------------------------------------
Val GTT   1   2   2   2   0   2 | Ala GCT   2   2   3   2   1   2 | Asp GAT   0   0   0   0   0   0 | Gly GGT   0   0   0   1   0   0
    GTC   3   2   2   2   2   2 |     GCC   0   1   0   1   3   1 |     GAC   0   0   1   0   0   0 |     GGC   4   4   5   3   4   4
    GTA   0   0   0   0   0   0 |     GCA   4   2   2   2   1   2 | Glu GAA   0   0   0   0   0   0 |     GGA   2   2   2   2   2   2
    GTG   5   5   5   5   7   5 |     GCG   0   1   1   1   1   1 |     GAG   1   1   0   1   1   1 |     GGG   2   2   1   2   2   2
--------------------------------------------------------------------------------------------------------------------------------------

--------------------------------------------------------------------------------------------------------------------------------------
Phe TTT   2   2   2   2   2   2 | Ser TCT   0   0   0   0   0   0 | Tyr TAT   0   0   0   0   0   0 | Cys TGT   0   0   0   0   0   0
    TTC   3   3   3   3   3   3 |     TCC   1   1   1   1   1   1 |     TAC   0   0   0   0   0   0 |     TGC   0   0   0   0   0   0
Leu TTA   1   1   1   0   1   1 |     TCA   0   0   0   0   0   0 | *** TAA   0   0   0   0   0   0 | *** TGA   0   0   0   0   0   0
    TTG   3   4   3   4   3   3 |     TCG   0   0   0   0   0   0 |     TAG   0   0   0   0   0   0 | Trp TGG   1   1   1   1   1   1
--------------------------------------------------------------------------------------------------------------------------------------
Leu CTT   2   2   2   2   2   3 | Pro CCT   0   0   0   0   0   0 | His CAT   1   1   1   1   1   1 | Arg CGT   1   1   1   1   1   0
    CTC   1   1   1   1   1   0 |     CCC   0   0   0   0   0   0 |     CAC   1   1   1   1   1   1 |     CGC   0   0   0   0   0   0
    CTA   1   0   0   0   0   0 |     CCA   0   0   0   0   0   0 | Gln CAA   1   1   1   1   1   0 |     CGA   0   0   0   0   0   1
    CTG   5   5   6   6   6   5 |     CCG   0   0   0   0   0   1 |     CAG   2   2   2   2   2   3 |     CGG   0   0   0   0   0   0
--------------------------------------------------------------------------------------------------------------------------------------
Ile ATT   4   4   4   5   4   4 | Thr ACT   0   0   0   0   0   0 | Asn AAT   0   0   0   0   0   0 | Ser AGT   1   1   1   1   1   0
    ATC   4   4   4   3   4   4 |     ACC   0   0   0   0   0   0 |     AAC   0   0   0   0   0   0 |     AGC   1   1   1   1   1   2
    ATA   0   0   0   0   0   0 |     ACA   0   0   0   0   0   0 | Lys AAA   1   1   1   1   1   1 | Arg AGA   0   0   0   0   0   0
Met ATG   0   0   0   0   0   0 |     ACG   0   0   0   0   0   0 |     AAG   0   0   0   0   0   0 |     AGG   0   0   0   0   0   0
--------------------------------------------------------------------------------------------------------------------------------------
Val GTT   2   2   2   3   2   2 | Ala GCT   2   2   2   2   2   3 | Asp GAT   0   0   0   0   0   0 | Gly GGT   1   0   0   0   0   0
    GTC   2   2   2   2   2   2 |     GCC   1   0   1   1   1   0 |     GAC   0   0   0   0   0   0 |     GGC   3   4   4   4   4   4
    GTA   0   0   0   0   0   0 |     GCA   2   3   2   2   1   2 | Glu GAA   0   0   0   0   0   0 |     GGA   2   2   2   2   2   2
    GTG   5   5   5   4   5   5 |     GCG   1   1   1   1   2   1 |     GAG   1   1   1   1   1   1 |     GGG   2   2   2   2   2   2
--------------------------------------------------------------------------------------------------------------------------------------

--------------------------------------------------------------------------------------------------------------------------------------
Phe TTT   2   2   2   2   2   2 | Ser TCT   0   0   0   0   0   0 | Tyr TAT   0   0   0   0   0   0 | Cys TGT   0   0   0   0   0   0
    TTC   3   3   3   3   3   3 |     TCC   1   1   1   1   1   1 |     TAC   0   0   0   0   0   0 |     TGC   0   0   0   0   0   0
Leu TTA   1   1   1   1   1   1 |     TCA   0   0   0   0   0   0 | *** TAA   0   0   0   0   0   0 | *** TGA   0   0   0   0   0   0
    TTG   3   3   3   2   4   3 |     TCG   0   0   0   0   0   0 |     TAG   0   0   0   0   0   0 | Trp TGG   1   1   1   1   1   1
--------------------------------------------------------------------------------------------------------------------------------------
Leu CTT   3   2   3   3   2   2 | Pro CCT   0   0   0   0   0   0 | His CAT   1   1   1   1   1   1 | Arg CGT   1   1   1   1   1   1
    CTC   0   1   0   0   1   1 |     CCC   0   0   0   0   0   0 |     CAC   1   1   1   1   1   1 |     CGC   0   0   0   0   0   0
    CTA   0   0   0   0   0   0 |     CCA   0   0   0   0   0   0 | Gln CAA   1   1   1   1   1   1 |     CGA   0   0   0   0   0   0
    CTG   5   6   5   6   5   6 |     CCG   1   0   1   1   0   0 |     CAG   2   2   2   2   2   2 |     CGG   0   0   0   0   0   0
--------------------------------------------------------------------------------------------------------------------------------------
Ile ATT   4   4   5   3   5   4 | Thr ACT   0   0   0   0   0   0 | Asn AAT   0   0   0   0   0   0 | Ser AGT   1   1   1   1   1   1
    ATC   4   4   3   5   3   4 |     ACC   0   0   0   0   0   0 |     AAC   0   0   0   0   0   0 |     AGC   1   1   1   1   1   1
    ATA   0   0   0   0   0   0 |     ACA   0   0   0   0   0   0 | Lys AAA   1   1   1   1   1   1 | Arg AGA   0   0   0   0   0   0
Met ATG   0   0   0   0   0   0 |     ACG   0   0   0   0   0   0 |     AAG   0   0   0   0   0   0 |     AGG   0   0   0   0   0   0
--------------------------------------------------------------------------------------------------------------------------------------
Val GTT   2   2   2   2   2   2 | Ala GCT   3   2   3   2   2   2 | Asp GAT   0   0   0   0   0   0 | Gly GGT   0   0   0   0   0   1
    GTC   2   2   2   2   2   2 |     GCC   0   0   0   1   0   1 |     GAC   0   0   0   0   0   0 |     GGC   4   4   4   4   4   3
    GTA   0   0   0   0   0   0 |     GCA   3   2   2   2   4   2 | Glu GAA   0   0   0   0   0   0 |     GGA   2   2   2   2   2   2
    GTG   5   5   5   5   5   5 |     GCG   0   2   1   1   0   1 |     GAG   1   1   1   1   1   1 |     GGG   2   2   2   2   2   2
--------------------------------------------------------------------------------------------------------------------------------------

--------------------------------------------------------------------------------------------------------------------------------------
Phe TTT   2   2   2   2   2   2 | Ser TCT   0   0   0   0   0   0 | Tyr TAT   0   0   0   0   0   0 | Cys TGT   0   0   0   0   0   0
    TTC   3   3   3   3   3   3 |     TCC   1   1   1   1   1   1 |     TAC   0   0   0   0   0   0 |     TGC   0   0   0   0   0   0
Leu TTA   0   0   1   1   1   1 |     TCA   0   0   0   0   0   0 | *** TAA   0   0   0   0   0   0 | *** TGA   0   0   0   0   0   0
    TTG   4   3   3   3   3   3 |     TCG   0   0   0   0   0   0 |     TAG   0   0   0   0   0   0 | Trp TGG   1   1   1   1   1   1
--------------------------------------------------------------------------------------------------------------------------------------
Leu CTT   2   1   1   2   2   2 | Pro CCT   0   0   0   0   0   0 | His CAT   1   1   1   1   1   1 | Arg CGT   1   1   1   1   1   1
    CTC   1   2   1   1   1   1 |     CCC   0   0   0   0   0   0 |     CAC   1   1   1   1   1   1 |     CGC   0   0   0   0   0   0
    CTA   0   0   0   0   0   0 |     CCA   0   0   0   0   0   0 | Gln CAA   1   1   1   1   1   1 |     CGA   0   0   0   0   0   0
    CTG   6   7   7   6   5   5 |     CCG   0   0   0   0   1   1 |     CAG   2   2   2   2   2   2 |     CGG   0   0   0   0   0   0
--------------------------------------------------------------------------------------------------------------------------------------
Ile ATT   4   4   4   3   4   4 | Thr ACT   0   0   0   0   0   0 | Asn AAT   0   0   0   0   0   0 | Ser AGT   1   1   1   1   1   1
    ATC   4   4   4   5   4   4 |     ACC   0   0   0   0   0   0 |     AAC   0   0   0   0   0   0 |     AGC   1   1   1   1   1   1
    ATA   0   0   0   0   0   0 |     ACA   0   0   0   0   0   0 | Lys AAA   1   1   1   1   1   1 | Arg AGA   0   0   0   0   0   0
Met ATG   0   0   0   0   0   0 |     ACG   0   0   0   0   0   0 |     AAG   0   0   0   0   0   0 |     AGG   0   0   0   0   0   0
--------------------------------------------------------------------------------------------------------------------------------------
Val GTT   2   1   1   2   2   2 | Ala GCT   2   2   2   3   2   2 | Asp GAT   0   0   0   0   0   0 | Gly GGT   0   0   0   0   0   0
    GTC   2   2   2   2   2   2 |     GCC   0   1   1   0   1   1 |     GAC   0   0   0   0   0   0 |     GGC   4   4   4   4   4   4
    GTA   0   0   0   0   0   0 |     GCA   2   2   1   2   2   2 | Glu GAA   0   0   0   0   0   0 |     GGA   2   2   2   2   2   2
    GTG   5   6   6   5   5   5 |     GCG   2   1   2   1   1   1 |     GAG   1   1   1   1   1   1 |     GGG   2   2   2   2   2   2
--------------------------------------------------------------------------------------------------------------------------------------

Codon position x base (3x4) table for each sequence.

#1: Argali         
position  1:    T:0.18033    C:0.24590    A:0.18033    G:0.39344
position  2:    T:0.57377    C:0.11475    A:0.11475    G:0.19672
position  3:    T:0.26230    C:0.27869    A:0.11475    G:0.34426
Average         T:0.33880    C:0.21311    A:0.13661    G:0.31148

#2: LesserMouseDeer
position  1:    T:0.16393    C:0.26230    A:0.18033    G:0.39344
position  2:    T:0.57377    C:0.11475    A:0.11475    G:0.19672
position  3:    T:0.22951    C:0.29508    A:0.04918    G:0.42623
Average         T:0.32240    C:0.22404    A:0.11475    G:0.33880

#3: LesserKudu     
position  1:    T:0.18033    C:0.24590    A:0.18033    G:0.39344
position  2:    T:0.55738    C:0.13115    A:0.11475    G:0.19672
position  3:    T:0.24590    C:0.29508    A:0.11475    G:0.34426
Average         T:0.32787    C:0.22404    A:0.13661    G:0.31148

#4: ForestMuskDeer2
position  1:    T:0.18033    C:0.24590    A:0.18033    G:0.39344
position  2:    T:0.57377    C:0.11475    A:0.11475    G:0.19672
position  3:    T:0.24590    C:0.29508    A:0.11475    G:0.34426
Average         T:0.33333    C:0.21858    A:0.13661    G:0.31148

#5: Camel          
position  1:    T:0.19672    C:0.22951    A:0.18033    G:0.39344
position  2:    T:0.55738    C:0.13115    A:0.11475    G:0.19672
position  3:    T:0.21311    C:0.27869    A:0.11475    G:0.39344
Average         T:0.32240    C:0.21311    A:0.13661    G:0.32787

#6: KillerWhale    
position  1:    T:0.18033    C:0.24590    A:0.18033    G:0.39344
position  2:    T:0.57377    C:0.11475    A:0.11475    G:0.19672
position  3:    T:0.24590    C:0.26230    A:0.11475    G:0.37705
Average         T:0.33333    C:0.20765    A:0.13661    G:0.32240

#7: DefassaWaterbuck
position  1:    T:0.18033    C:0.24590    A:0.18033    G:0.39344
position  2:    T:0.57377    C:0.11475    A:0.11475    G:0.19672
position  3:    T:0.29508    C:0.26230    A:0.11475    G:0.32787
Average         T:0.34973    C:0.20765    A:0.13661    G:0.30601

#8: Sheep          
position  1:    T:0.18033    C:0.24590    A:0.18033    G:0.39344
position  2:    T:0.57377    C:0.11475    A:0.11475    G:0.19672
position  3:    T:0.26230    C:0.27869    A:0.11475    G:0.34426
Average         T:0.33880    C:0.21311    A:0.13661    G:0.31148

#9: MaxwellsDuiker 
position  1:    T:0.18033    C:0.24590    A:0.18033    G:0.39344
position  2:    T:0.57377    C:0.11475    A:0.11475    G:0.19672
position  3:    T:0.24590    C:0.29508    A:0.11475    G:0.34426
Average         T:0.33333    C:0.21858    A:0.13661    G:0.31148

#10: GazellaPrzewalskyi
position  1:    T:0.18033    C:0.24590    A:0.18033    G:0.39344
position  2:    T:0.57377    C:0.11475    A:0.11475    G:0.19672
position  3:    T:0.22951    C:0.29508    A:0.11475    G:0.36066
Average         T:0.32787    C:0.21858    A:0.13661    G:0.31694

#11: MountainNyala  
position  1:    T:0.18033    C:0.24590    A:0.18033    G:0.39344
position  2:    T:0.55738    C:0.13115    A:0.11475    G:0.19672
position  3:    T:0.24590    C:0.29508    A:0.11475    G:0.34426
Average         T:0.32787    C:0.22404    A:0.13661    G:0.31148

#12: MuntiacusMuntjak
position  1:    T:0.18033    C:0.24590    A:0.18033    G:0.39344
position  2:    T:0.55738    C:0.13115    A:0.11475    G:0.19672
position  3:    T:0.29508    C:0.24590    A:0.11475    G:0.34426
Average         T:0.34426    C:0.20765    A:0.13661    G:0.31148

#13: goat           
position  1:    T:0.18033    C:0.24590    A:0.18033    G:0.39344
position  2:    T:0.57377    C:0.11475    A:0.11475    G:0.19672
position  3:    T:0.24590    C:0.29508    A:0.11475    G:0.34426
Average         T:0.33333    C:0.21858    A:0.13661    G:0.31148

#14: AfricanBuffalo 
position  1:    T:0.18033    C:0.24590    A:0.18033    G:0.39344
position  2:    T:0.57377    C:0.11475    A:0.11475    G:0.19672
position  3:    T:0.24590    C:0.29508    A:0.13115    G:0.32787
Average         T:0.33333    C:0.21858    A:0.14208    G:0.30601

#15: Topi           
position  1:    T:0.18033    C:0.24590    A:0.18033    G:0.39344
position  2:    T:0.57377    C:0.11475    A:0.11475    G:0.19672
position  3:    T:0.26230    C:0.27869    A:0.11475    G:0.34426
Average         T:0.33880    C:0.21311    A:0.13661    G:0.31148

#16: CommonDuiker   
position  1:    T:0.18033    C:0.24590    A:0.18033    G:0.39344
position  2:    T:0.57377    C:0.11475    A:0.11475    G:0.19672
position  3:    T:0.26230    C:0.27869    A:0.11475    G:0.34426
Average         T:0.33880    C:0.21311    A:0.13661    G:0.31148

#17: Suni           
position  1:    T:0.18033    C:0.24590    A:0.18033    G:0.39344
position  2:    T:0.57377    C:0.11475    A:0.11475    G:0.19672
position  3:    T:0.24590    C:0.27869    A:0.13115    G:0.34426
Average         T:0.33333    C:0.21311    A:0.14208    G:0.31148

#18: Springbuck     
position  1:    T:0.18033    C:0.24590    A:0.18033    G:0.39344
position  2:    T:0.57377    C:0.11475    A:0.11475    G:0.19672
position  3:    T:0.22951    C:0.29508    A:0.11475    G:0.36066
Average         T:0.32787    C:0.21858    A:0.13661    G:0.31694

#19: Okapi          
position  1:    T:0.18033    C:0.24590    A:0.18033    G:0.39344
position  2:    T:0.57377    C:0.11475    A:0.11475    G:0.19672
position  3:    T:0.27869    C:0.26230    A:0.11475    G:0.34426
Average         T:0.34426    C:0.20765    A:0.13661    G:0.31148

#20: Giraffe        
position  1:    T:0.18033    C:0.24590    A:0.18033    G:0.39344
position  2:    T:0.57377    C:0.11475    A:0.11475    G:0.19672
position  3:    T:0.27869    C:0.26230    A:0.11475    G:0.34426
Average         T:0.34426    C:0.20765    A:0.13661    G:0.31148

#21: TibetanAntelope
position  1:    T:0.18033    C:0.24590    A:0.18033    G:0.39344
position  2:    T:0.57377    C:0.11475    A:0.11475    G:0.19672
position  3:    T:0.22951    C:0.31148    A:0.11475    G:0.34426
Average         T:0.32787    C:0.22404    A:0.13661    G:0.31148

#22: Sitatunga      
position  1:    T:0.18033    C:0.24590    A:0.18033    G:0.39344
position  2:    T:0.55738    C:0.13115    A:0.11475    G:0.19672
position  3:    T:0.26230    C:0.27869    A:0.11475    G:0.34426
Average         T:0.33333    C:0.21858    A:0.13661    G:0.31148

#23: Oribi          
position  1:    T:0.16393    C:0.26230    A:0.18033    G:0.39344
position  2:    T:0.57377    C:0.11475    A:0.11475    G:0.19672
position  3:    T:0.24590    C:0.27869    A:0.11475    G:0.36066
Average         T:0.32787    C:0.21858    A:0.13661    G:0.31694

#24: BarbarySheep   
position  1:    T:0.18033    C:0.24590    A:0.18033    G:0.39344
position  2:    T:0.57377    C:0.11475    A:0.11475    G:0.19672
position  3:    T:0.24590    C:0.29508    A:0.11475    G:0.34426
Average         T:0.33333    C:0.21858    A:0.13661    G:0.31148

#25: Daviddeer      
position  1:    T:0.18033    C:0.24590    A:0.18033    G:0.39344
position  2:    T:0.55738    C:0.13115    A:0.11475    G:0.19672
position  3:    T:0.27869    C:0.26230    A:0.13115    G:0.32787
Average         T:0.33880    C:0.21311    A:0.14208    G:0.30601

#26: Reindeer       
position  1:    T:0.18033    C:0.24590    A:0.18033    G:0.39344
position  2:    T:0.55738    C:0.13115    A:0.11475    G:0.19672
position  3:    T:0.27869    C:0.26230    A:0.11475    G:0.34426
Average         T:0.33880    C:0.21311    A:0.13661    G:0.31148

#27: Ibex           
position  1:    T:0.18033    C:0.24590    A:0.18033    G:0.39344
position  2:    T:0.57377    C:0.11475    A:0.11475    G:0.19672
position  3:    T:0.24590    C:0.29508    A:0.11475    G:0.34426
Average         T:0.33333    C:0.21858    A:0.13661    G:0.31148

#28: GyrantGazelle  
position  1:    T:0.18033    C:0.24590    A:0.18033    G:0.39344
position  2:    T:0.57377    C:0.11475    A:0.11475    G:0.19672
position  3:    T:0.22951    C:0.29508    A:0.11475    G:0.36066
Average         T:0.32787    C:0.21858    A:0.13661    G:0.31694

#29: Hartebeest     
position  1:    T:0.18033    C:0.24590    A:0.18033    G:0.39344
position  2:    T:0.57377    C:0.11475    A:0.11475    G:0.19672
position  3:    T:0.24590    C:0.29508    A:0.11475    G:0.34426
Average         T:0.33333    C:0.21858    A:0.13661    G:0.31148

#30: Bongo          
position  1:    T:0.18033    C:0.24590    A:0.18033    G:0.39344
position  2:    T:0.55738    C:0.13115    A:0.11475    G:0.19672
position  3:    T:0.26230    C:0.27869    A:0.11475    G:0.34426
Average         T:0.33333    C:0.21858    A:0.13661    G:0.31148

#31: Gerenuk        
position  1:    T:0.18033    C:0.24590    A:0.18033    G:0.39344
position  2:    T:0.57377    C:0.11475    A:0.11475    G:0.19672
position  3:    T:0.24590    C:0.27869    A:0.14754    G:0.32787
Average         T:0.33333    C:0.21311    A:0.14754    G:0.30601

#32: CommonEland    
position  1:    T:0.18033    C:0.24590    A:0.18033    G:0.39344
position  2:    T:0.55738    C:0.13115    A:0.11475    G:0.19672
position  3:    T:0.24590    C:0.29508    A:0.11475    G:0.34426
Average         T:0.32787    C:0.22404    A:0.13661    G:0.31148

#33: MuntiacusReevesi
position  1:    T:0.18033    C:0.24590    A:0.18033    G:0.39344
position  2:    T:0.55738    C:0.13115    A:0.11475    G:0.19672
position  3:    T:0.27869    C:0.29508    A:0.11475    G:0.31148
Average         T:0.33880    C:0.22404    A:0.13661    G:0.30055

#34: HarveysDuiker  
position  1:    T:0.18033    C:0.24590    A:0.18033    G:0.39344
position  2:    T:0.57377    C:0.11475    A:0.11475    G:0.19672
position  3:    T:0.26230    C:0.27869    A:0.11475    G:0.34426
Average         T:0.33880    C:0.21311    A:0.13661    G:0.31148

#35: Pronghorn      
position  1:    T:0.16393    C:0.26230    A:0.18033    G:0.39344
position  2:    T:0.55738    C:0.13115    A:0.11475    G:0.19672
position  3:    T:0.18033    C:0.36066    A:0.08197    G:0.37705
Average         T:0.30055    C:0.25137    A:0.12568    G:0.32240

#36: BlueWildebeest 
position  1:    T:0.18033    C:0.24590    A:0.18033    G:0.39344
position  2:    T:0.57377    C:0.11475    A:0.11475    G:0.19672
position  3:    T:0.24590    C:0.29508    A:0.11475    G:0.34426
Average         T:0.33333    C:0.21858    A:0.13661    G:0.31148

#37: Gemsbok        
position  1:    T:0.18033    C:0.24590    A:0.18033    G:0.39344
position  2:    T:0.57377    C:0.11475    A:0.11475    G:0.19672
position  3:    T:0.26230    C:0.27869    A:0.13115    G:0.32787
Average         T:0.33880    C:0.21311    A:0.14208    G:0.30601

#38: Yak            
position  1:    T:0.19672    C:0.22951    A:0.18033    G:0.39344
position  2:    T:0.57377    C:0.11475    A:0.11475    G:0.19672
position  3:    T:0.24590    C:0.27869    A:0.13115    G:0.34426
Average         T:0.33880    C:0.20765    A:0.14208    G:0.31148

#39: BlueSheep      
position  1:    T:0.18033    C:0.24590    A:0.18033    G:0.39344
position  2:    T:0.57377    C:0.11475    A:0.11475    G:0.19672
position  3:    T:0.24590    C:0.29508    A:0.11475    G:0.34426
Average         T:0.33333    C:0.21858    A:0.13661    G:0.31148

#40: BohorReedbuck  
position  1:    T:0.18033    C:0.24590    A:0.18033    G:0.39344
position  2:    T:0.57377    C:0.11475    A:0.11475    G:0.19672
position  3:    T:0.27869    C:0.27869    A:0.09836    G:0.34426
Average         T:0.34426    C:0.21311    A:0.13115    G:0.31148

#41: KirksDik       
position  1:    T:0.18033    C:0.24590    A:0.18033    G:0.39344
position  2:    T:0.57377    C:0.11475    A:0.11475    G:0.19672
position  3:    T:0.24590    C:0.29508    A:0.09836    G:0.36066
Average         T:0.33333    C:0.21858    A:0.13115    G:0.31694

#42: RoeDeer        
position  1:    T:0.18033    C:0.24590    A:0.18033    G:0.39344
position  2:    T:0.55738    C:0.13115    A:0.11475    G:0.19672
position  3:    T:0.24590    C:0.27869    A:0.11475    G:0.36066
Average         T:0.32787    C:0.21858    A:0.13661    G:0.31694

#43: WhiteLippedDeer
position  1:    T:0.18033    C:0.24590    A:0.18033    G:0.39344
position  2:    T:0.55738    C:0.13115    A:0.11475    G:0.19672
position  3:    T:0.27869    C:0.26230    A:0.13115    G:0.32787
Average         T:0.33880    C:0.21311    A:0.14208    G:0.30601

#44: ThomsonGazelle 
position  1:    T:0.18033    C:0.24590    A:0.18033    G:0.39344
position  2:    T:0.57377    C:0.11475    A:0.11475    G:0.19672
position  3:    T:0.24590    C:0.27869    A:0.11475    G:0.36066
Average         T:0.33333    C:0.21311    A:0.13661    G:0.31694

#45: MuntiacusCrinifrons
position  1:    T:0.18033    C:0.24590    A:0.18033    G:0.39344
position  2:    T:0.55738    C:0.13115    A:0.11475    G:0.19672
position  3:    T:0.29508    C:0.24590    A:0.11475    G:0.34426
Average         T:0.34426    C:0.20765    A:0.13661    G:0.31148

#46: WhiteTailedDeer
position  1:    T:0.16393    C:0.26230    A:0.18033    G:0.39344
position  2:    T:0.55738    C:0.13115    A:0.11475    G:0.19672
position  3:    T:0.24590    C:0.29508    A:0.11475    G:0.34426
Average         T:0.32240    C:0.22951    A:0.13661    G:0.31148

#47: Cattle         
position  1:    T:0.19672    C:0.22951    A:0.18033    G:0.39344
position  2:    T:0.57377    C:0.11475    A:0.11475    G:0.19672
position  3:    T:0.26230    C:0.26230    A:0.14754    G:0.32787
Average         T:0.34426    C:0.20219    A:0.14754    G:0.30601

#48: RoyalAntelope  
position  1:    T:0.18033    C:0.24590    A:0.18033    G:0.39344
position  2:    T:0.57377    C:0.11475    A:0.11475    G:0.19672
position  3:    T:0.26230    C:0.27869    A:0.11475    G:0.34426
Average         T:0.33880    C:0.21311    A:0.13661    G:0.31148

#49: Steenbok       
position  1:    T:0.18033    C:0.24590    A:0.18033    G:0.39344
position  2:    T:0.57377    C:0.11475    A:0.11475    G:0.19672
position  3:    T:0.24590    C:0.27869    A:0.09836    G:0.37705
Average         T:0.33333    C:0.21311    A:0.13115    G:0.32240

#50: Impala         
position  1:    T:0.16393    C:0.26230    A:0.18033    G:0.39344
position  2:    T:0.57377    C:0.11475    A:0.11475    G:0.19672
position  3:    T:0.21311    C:0.31148    A:0.09836    G:0.37705
Average         T:0.31694    C:0.22951    A:0.13115    G:0.32240

#51: Klipspringer   
position  1:    T:0.18033    C:0.24590    A:0.18033    G:0.39344
position  2:    T:0.57377    C:0.11475    A:0.11475    G:0.19672
