CODONML (in paml version 4.10.7, June 2023)  /home/rachel/ruminants_paml/6406-phy-tree/ENSBTAT00000023306.fasta.phy
Model: free dN/dS Ratios for branches,  kappa = 2.000 fixed

Codon frequency model: F3x4
ns =  54  ls =  26

Codon usage in sequences
--------------------------------------------------------------------------------------------------------------------------------------
Phe TTT   2   2   2   2   2   1 | Ser TCT   0   0   0   0   0   0 | Tyr TAT   2   1   2   2   1   1 | Cys TGT   0   0   0   0   0   0
    TTC   0   0   0   0   1   1 |     TCC   0   0   0   0   0   0 |     TAC   1   2   1   1   1   2 |     TGC   0   0   0   0   0   0
Leu TTA   1   1   1   1   1   1 |     TCA   0   0   0   0   0   0 | *** TAA   0   0   0   0   0   0 | *** TGA   0   0   0   0   0   0
    TTG   0   0   0   0   1   0 |     TCG   0   0   0   0   0   0 |     TAG   0   0   0   0   0   0 | Trp TGG   0   0   0   0   0   0
--------------------------------------------------------------------------------------------------------------------------------------
Leu CTT   2   1   2   2   2   2 | Pro CCT   1   1   1   1   1   1 | His CAT   0   0   0   0   0   0 | Arg CGT   0   0   0   0   0   0
    CTC   0   0   0   0   0   1 |     CCC   0   0   0   0   0   0 |     CAC   1   1   1   1   0   0 |     CGC   0   0   0   0   0   0
    CTA   0   0   0   0   1   0 |     CCA   0   0   0   0   0   0 | Gln CAA   0   0   0   0   1   1 |     CGA   0   0   0   0   0   0
    CTG   0   0   0   0   0   0 |     CCG   0   0   0   0   0   0 |     CAG   1   1   1   1   1   1 |     CGG   0   0   0   0   0   0
--------------------------------------------------------------------------------------------------------------------------------------
Ile ATT   0   0   0   0   1   0 | Thr ACT   0   1   0   0   0   0 | Asn AAT   0   0   0   0   0   0 | Ser AGT   0   0   0   0   0   0
    ATC   1   2   1   1   1   1 |     ACC   1   0   1   0   2   1 |     AAC   0   0   0   1   0   0 |     AGC   0   0   0   0   0   0
    ATA   1   1   1   1   0   1 |     ACA   0   0   0   0   0   0 | Lys AAA   1   1   1   1   1   1 | Arg AGA   1   1   1   1   1   1
Met ATG   3   2   3   3   1   2 |     ACG   0   0   0   0   0   0 |     AAG   0   0   0   0   0   0 |     AGG   0   0   0   0   0   0
--------------------------------------------------------------------------------------------------------------------------------------
Val GTT   1   1   1   1   1   1 | Ala GCT   0   0   0   0   0   0 | Asp GAT   0   0   0   0   0   0 | Gly GGT   0   0   0   0   0   0
    GTC   1   1   1   1   1   1 |     GCC   1   1   1   1   0   1 |     GAC   1   1   1   1   1   1 |     GGC   2   2   2   2   2   2
    GTA   0   0   0   0   0   0 |     GCA   0   0   0   0   0   0 | Glu GAA   0   0   0   0   0   0 |     GGA   1   1   1   1   1   0
    GTG   0   1   0   0   0   0 |     GCG   0   0   0   0   0   0 |     GAG   0   0   0   0   0   0 |     GGG   0   0   0   0   0   1
--------------------------------------------------------------------------------------------------------------------------------------

--------------------------------------------------------------------------------------------------------------------------------------
Phe TTT   2   2   2   2   2   2 | Ser TCT   0   0   0   0   0   0 | Tyr TAT   2   2   2   2   2   3 | Cys TGT   0   0   0   0   0   0
    TTC   0   0   0   0   0   0 |     TCC   0   0   0   0   0   0 |     TAC   1   1   1   1   1   0 |     TGC   0   0   0   0   0   0
Leu TTA   1   1   1   1   1   1 |     TCA   0   0   0   0   0   0 | *** TAA   0   0   0   0   0   0 | *** TGA   0   0   0   0   0   0
    TTG   0   0   0   0   0   0 |     TCG   0   0   0   0   0   0 |     TAG   0   0   0   0   0   0 | Trp TGG   0   0   0   0   0   0
--------------------------------------------------------------------------------------------------------------------------------------
Leu CTT   2   2   2   1   2   2 | Pro CCT   1   1   1   1   1   1 | His CAT   0   0   0   0   0   0 | Arg CGT   0   0   0   0   0   0
    CTC   0   0   0   0   0   0 |     CCC   0   0   0   0   0   0 |     CAC   1   1   1   1   1   1 |     CGC   0   0   0   0   0   0
    CTA   0   0   0   1   0   0 |     CCA   0   0   0   0   0   0 | Gln CAA   0   0   0   0   0   0 |     CGA   0   0   0   0   0   0
    CTG   0   0   0   0   0   0 |     CCG   0   0   0   0   0   0 |     CAG   1   1   1   1   1   1 |     CGG   0   0   0   0   0   0
--------------------------------------------------------------------------------------------------------------------------------------
Ile ATT   0   0   0   0   0   0 | Thr ACT   0   0   0   0   0   0 | Asn AAT   0   0   0   0   0   0 | Ser AGT   0   0   0   0   0   0
    ATC   1   1   1   1   1   1 |     ACC   1   1   1   1   1   1 |     AAC   0   0   0   0   0   0 |     AGC   0   0   0   0   0   0
    ATA   1   1   1   1   1   1 |     ACA   0   0   0   0   0   0 | Lys AAA   1   1   1   1   1   1 | Arg AGA   1   1   1   1   1   1
Met ATG   3   3   3   3   3   3 |     ACG   0   0   0   0   0   0 |     AAG   0   0   0   0   0   0 |     AGG   0   0   0   0   0   0
--------------------------------------------------------------------------------------------------------------------------------------
Val GTT   1   1   1   1   1   1 | Ala GCT   0   0   0   0   0   0 | Asp GAT   0   0   0   0   0   0 | Gly GGT   0   0   0   0   0   0
    GTC   1   1   1   1   1   1 |     GCC   1   1   1   1   1   1 |     GAC   1   1   1   1   1   1 |     GGC   2   2   2   2   2   2
    GTA   0   0   0   0   0   0 |     GCA   0   0   0   0   0   0 | Glu GAA   0   0   0   0   0   0 |     GGA   1   1   1   1   1   1
    GTG   0   0   0   0   0   0 |     GCG   0   0   0   0   0   0 |     GAG   0   0   0   0   0   0 |     GGG   0   0   0   0   0   0
--------------------------------------------------------------------------------------------------------------------------------------

--------------------------------------------------------------------------------------------------------------------------------------
Phe TTT   1   2   2   2   2   2 | Ser TCT   0   0   0   0   0   0 | Tyr TAT   2   2   2   2   2   2 | Cys TGT   0   0   0   0   0   0
    TTC   1   0   0   0   0   0 |     TCC   0   1   0   0   0   0 |     TAC   1   1   1   1   1   1 |     TGC   0   0   0   0   0   0
Leu TTA   1   0   1   1   1   1 |     TCA   0   0   0   0   0   0 | *** TAA   0   0   0   0   0   0 | *** TGA   0   0   0   0   0   0
    TTG   0   0   0   0   0   0 |     TCG   0   0   0   0   0   0 |     TAG   0   0   0   0   0   0 | Trp TGG   0   0   0   0   0   0
--------------------------------------------------------------------------------------------------------------------------------------
Leu CTT   2   2   2   2   2   1 | Pro CCT   1   1   1   1   1   1 | His CAT   0   0   0   0   0   0 | Arg CGT   0   0   0   0   0   0
    CTC   0   0   0   0   0   1 |     CCC   0   0   0   0   0   0 |     CAC   1   1   1   1   1   1 |     CGC   0   0   0   0   0   0
    CTA   0   1   0   0   0   0 |     CCA   0   0   0   0   0   0 | Gln CAA   0   0   0   0   0   0 |     CGA   0   0   0   0   0   0
    CTG   0   0   0   0   0   0 |     CCG   0   0   0   0   0   0 |     CAG   1   1   1   1   1   1 |     CGG   0   0   0   0   0   0
--------------------------------------------------------------------------------------------------------------------------------------
Ile ATT   0   0   0   0   0   0 | Thr ACT   0   0   0   0   0   0 | Asn AAT   0   0   0   0   0   0 | Ser AGT   0   0   0   0   0   0
    ATC   1   1   1   1   1   1 |     ACC   1   0   0   1   1   1 |     AAC   0   0   0   0   0   0 |     AGC   0   0   0   0   0   0
    ATA   1   1   1   1   1   1 |     ACA   0   0   0   0   0   0 | Lys AAA   1   1   1   1   1   1 | Arg AGA   1   1   1   1   1   1
Met ATG   3   3   3   3   3   3 |     ACG   0   0   1   0   0   0 |     AAG   0   0   0   0   0   0 |     AGG   0   0   0   0   0   0
--------------------------------------------------------------------------------------------------------------------------------------
Val GTT   1   1   1   1   1   1 | Ala GCT   0   0   0   0   0   0 | Asp GAT   0   0   0   0   0   0 | Gly GGT   0   0   0   0   0   0
    GTC   1   1   1   1   1   1 |     GCC   1   1   1   1   1   1 |     GAC   1   1   1   1   1   1 |     GGC   2   2   1   2   2   2
    GTA   0   0   0   0   0   0 |     GCA   0   0   0   0   0   0 | Glu GAA   0   0   0   0   0   0 |     GGA   1   1   1   1   1   1
    GTG   0   0   0   0   0   0 |     GCG   0   0   0   0   0   0 |     GAG   0   0   0   0   0   0 |     GGG   0   0   1   0   0   0
--------------------------------------------------------------------------------------------------------------------------------------

--------------------------------------------------------------------------------------------------------------------------------------
Phe TTT   2   2   2   2   3   2 | Ser TCT   0   0   0   0   0   0 | Tyr TAT   2   2   2   2   2   2 | Cys TGT   0   0   0   0   0   0
    TTC   0   0   0   0   0   0 |     TCC   0   0   0   0   0   0 |     TAC   1   1   1   1   1   1 |     TGC   0   0   0   0   0   0
Leu TTA   1   1   1   1   1   1 |     TCA   0   0   0   0   0   0 | *** TAA   0   0   0   0   0   0 | *** TGA   0   0   0   0   0   0
    TTG   0   0   0   0   0   0 |     TCG   0   0   0   0   0   0 |     TAG   0   0   0   0   0   0 | Trp TGG   0   0   0   0   0   0
--------------------------------------------------------------------------------------------------------------------------------------
Leu CTT   2   2   2   2   1   2 | Pro CCT   1   1   1   1   1   1 | His CAT   0   0   0   0   0   0 | Arg CGT   0   0   0   0   0   0
    CTC   0   0   0   0   0   0 |     CCC   0   0   0   0   0   0 |     CAC   1   1   1   1   1   1 |     CGC   0   0   0   0   0   0
    CTA   0   0   0   0   0   0 |     CCA   0   0   0   0   0   0 | Gln CAA   0   0   0   0   0   0 |     CGA   0   0   0   0   0   0
    CTG   0   0   0   0   0   0 |     CCG   0   0   0   0   0   0 |     CAG   1   1   1   1   1   1 |     CGG   0   0   0   0   0   0
--------------------------------------------------------------------------------------------------------------------------------------
Ile ATT   0   0   0   0   0   0 | Thr ACT   0   0   0   0   0   0 | Asn AAT   0   0   0   0   0   0 | Ser AGT   0   0   0   0   0   0
    ATC   1   1   1   1   1   1 |     ACC   1   1   1   1   1   1 |     AAC   0   0   0   0   0   0 |     AGC   0   0   0   0   0   0
    ATA   1   1   1   1   1   1 |     ACA   0   0   0   0   0   0 | Lys AAA   1   1   1   1   1   1 | Arg AGA   1   1   1   1   1   1
Met ATG   3   3   3   3   3   3 |     ACG   0   0   0   0   0   0 |     AAG   0   0   0   0   0   0 |     AGG   0   0   0   0   0   0
--------------------------------------------------------------------------------------------------------------------------------------
Val GTT   0   1   1   1   1   1 | Ala GCT   0   0   0   0   0   0 | Asp GAT   0   0   0   0   0   0 | Gly GGT   0   0   0   0   0   0
    GTC   2   1   1   1   1   1 |     GCC   1   1   1   1   1   1 |     GAC   1   1   1   1   1   1 |     GGC   2   2   2   2   2   2
    GTA   0   0   0   0   0   0 |     GCA   0   0   0   0   0   0 | Glu GAA   0   0   0   0   0   0 |     GGA   1   1   1   1   1   1
    GTG   0   0   0   0   0   0 |     GCG   0   0   0   0   0   0 |     GAG   0   0   0   0   0   0 |     GGG   0   0   0   0   0   0
--------------------------------------------------------------------------------------------------------------------------------------

--------------------------------------------------------------------------------------------------------------------------------------
Phe TTT   2   1   1   2   2   2 | Ser TCT   0   0   0   0   0   0 | Tyr TAT   3   3   2   2   2   2 | Cys TGT   0   0   0   0   0   0
    TTC   0   0   1   0   0   0 |     TCC   0   0   0   0   0   0 |     TAC   0   0   1   1   1   1 |     TGC   0   0   0   0   0   0
Leu TTA   1   1   1   1   1   1 |     TCA   0   0   0   0   0   0 | *** TAA   0   0   0   0   0   0 | *** TGA   0   0   0   0   0   0
    TTG   0   1   0   0   0   0 |     TCG   0   0   0   0   0   0 |     TAG   0   0   0   0   0   0 | Trp TGG   0   0   0   0   0   0
--------------------------------------------------------------------------------------------------------------------------------------
Leu CTT   2   2   2   2   2   2 | Pro CCT   1   1   1   1   1   1 | His CAT   0   0   0   0   0   0 | Arg CGT   0   0   0   0   0   0
    CTC   0   0   0   0   0   0 |     CCC   0   0   0   0   0   0 |     CAC   1   1   1   1   1   1 |     CGC   0   0   0   0   0   0
    CTA   0   0   0   0   0   0 |     CCA   0   0   0   0   0   0 | Gln CAA   0   0   0   0   0   0 |     CGA   0   0   0   0   0   0
    CTG   0   0   0   0   0   0 |     CCG   0   0   0   0   0   0 |     CAG   1   1   1   1   1   1 |     CGG   0   0   0   0   0   0
--------------------------------------------------------------------------------------------------------------------------------------
Ile ATT   0   0   0   0   0   0 | Thr ACT   0   0   0   0   0   0 | Asn AAT   0   0   0   0   0   0 | Ser AGT   0   0   0   0   0   0
    ATC   1   1   1   1   1   1 |     ACC   1   1   1   1   1   1 |     AAC   0   0   0   0   0   0 |     AGC   0   0   0   0   0   0
    ATA   1   1   1   1   1   1 |     ACA   0   0   0   0   0   0 | Lys AAA   1   1   1   1   1   1 | Arg AGA   1   1   1   1   1   1
Met ATG   3   3   3   3   3   3 |     ACG   0   0   0   0   0   0 |     AAG   0   0   0   0   0   0 |     AGG   0   0   0   0   0   0
--------------------------------------------------------------------------------------------------------------------------------------
Val GTT   1   1   1   1   1   1 | Ala GCT   0   0   0   0   0   0 | Asp GAT   0   0   0   0   0   0 | Gly GGT   0   0   0   0   0   0
    GTC   1   1   1   1   1   1 |     GCC   1   1   1   1   1   1 |     GAC   1   1   1   1   1   1 |     GGC   2   2   2   2   2   2
    GTA   0   0   0   0   0   0 |     GCA   0   0   0   0   0   0 | Glu GAA   0   0   0   0   0   0 |     GGA   1   1   1   1   1   1
    GTG   0   0   0   0   0   0 |     GCG   0   0   0   0   0   0 |     GAG   0   0   0   0   0   0 |     GGG   0   0   0   0   0   0
--------------------------------------------------------------------------------------------------------------------------------------

--------------------------------------------------------------------------------------------------------------------------------------
Phe TTT   2   2   2   2   1   2 | Ser TCT   0   0   0   0   1   0 | Tyr TAT   2   2   3   2   2   2 | Cys TGT   0   0   0   0   0   0
    TTC   0   0   0   0   0   0 |     TCC   0   0   0   0   0   0 |     TAC   1   1   0   1   1   1 |     TGC   0   0   0   0   0   0
Leu TTA   1   1   1   1   1   1 |     TCA   0   0   0   0   0   0 | *** TAA   0   0   0   0   0   0 | *** TGA   0   0   0   0   0   0
    TTG   0   0   0   0   0   0 |     TCG   0   0   0   0   0   0 |     TAG   0   0   0   0   0   0 | Trp TGG   0   0   0   0   0   0
--------------------------------------------------------------------------------------------------------------------------------------
Leu CTT   2   2   2   2   2   2 | Pro CCT   1   1   1   1   1   1 | His CAT   0   0   0   0   0   0 | Arg CGT   0   0   0   0   0   0
    CTC   0   0   0   0   0   0 |     CCC   0   0   0   0   0   0 |     CAC   1   1   1   1   1   1 |     CGC   0   0   0   0   0   0
    CTA   0   0   0   0   0   0 |     CCA   0   0   0   0   0   0 | Gln CAA   0   0   0   0   0   0 |     CGA   0   0   0   0   0   0
    CTG   0   0   0   0   0   0 |     CCG   0   0   0   0   0   0 |     CAG   1   1   1   1   1   1 |     CGG   0   0   0   0   0   0
--------------------------------------------------------------------------------------------------------------------------------------
Ile ATT   0   0   0   0   0   0 | Thr ACT   0   0   0   0   0   0 | Asn AAT   0   0   0   0   0   0 | Ser AGT   0   0   0   0   0   0
    ATC   1   1   1   1   1   1 |     ACC   1   1   1   1   1   1 |     AAC   0   0   0   0   0   0 |     AGC   0   0   0   0   0   0
    ATA   1   1   1   1   1   1 |     ACA   0   0   0   0   0   0 | Lys AAA   1   1   1   1   1   1 | Arg AGA   1   1   1   1   1   1
Met ATG   3   3   3   3   3   3 |     ACG   0   0   0   0   0   0 |     AAG   0   0   0   0   0   0 |     AGG   0   0   0   0   0   0
--------------------------------------------------------------------------------------------------------------------------------------
Val GTT   1   1   1   1   1   1 | Ala GCT   0   0   0   0   0   0 | Asp GAT   0   0   0   0   0   0 | Gly GGT   0   0   0   0   0   0
    GTC   1   1   1   1   1   1 |     GCC   1   1   1   1   1   1 |     GAC   1   1   1   1   1   1 |     GGC   2   2   2   2   2   2
    GTA   0   0   0   0   0   0 |     GCA   0   0   0   0   0   0 | Glu GAA   0   0   0   0   0   0 |     GGA   1   1   1   1   1   1
    GTG   0   0   0   0   0   0 |     GCG   0   0   0   0   0   0 |     GAG   0   0   0   0   0   0 |     GGG   0   0   0   0   0   0
--------------------------------------------------------------------------------------------------------------------------------------

--------------------------------------------------------------------------------------------------------------------------------------
Phe TTT   2   2   2   2   2   2 | Ser TCT   0   0   0   0   0   0 | Tyr TAT   2   2   2   2   2   3 | Cys TGT   0   0   0   0   0   0
    TTC   0   0   0   0   0   0 |     TCC   0   0   0   0   0   0 |     TAC   1   1   1   1   1   0 |     TGC   0   0   0   0   0   0
Leu TTA   1   0   1   1   1   1 |     TCA   0   0   0   0   0   0 | *** TAA   0   0   0   0   0   0 | *** TGA   0   0   0   0   0   0
    TTG   0   0   0   0   0   0 |     TCG   0   0   0   0   0   0 |     TAG   0   0   0   0   0   0 | Trp TGG   0   0   0   0   0   0
--------------------------------------------------------------------------------------------------------------------------------------
Leu CTT   2   2   2   2   2   2 | Pro CCT   1   1   1   1   1   1 | His CAT   0   0   0   0   0   0 | Arg CGT   0   0   0   0   0   0
    CTC   0   0   0   0   0   0 |     CCC   0   0   0   0   0   0 |     CAC   1   1   1   1   1   1 |     CGC   0   0   0   0   0   0
    CTA   0   1   0   0   0   0 |     CCA   0   0   0   0   0   0 | Gln CAA   0   0   0   0   0   0 |     CGA   0   0   0   0   0   0
    CTG   0   0   0   0   0   0 |     CCG   0   0   0   0   0   0 |     CAG   1   1   1   1   1   1 |     CGG   0   0   0   0   0   0
--------------------------------------------------------------------------------------------------------------------------------------
Ile ATT   0   0   0   0   0   0 | Thr ACT   0   0   0   0   0   0 | Asn AAT   0   0   0   0   0   0 | Ser AGT   0   0   0   0   0   0
    ATC   1   1   1   1   1   1 |     ACC   1   1   1   1   1   1 |     AAC   0   0   0   0   0   0 |     AGC   0   0   0   0   0   0
    ATA   1   1   1   1   1   1 |     ACA   0   0   0   0   0   0 | Lys AAA   1   1   1   1   1   1 | Arg AGA   1   1   1   1   1   1
Met ATG   3   3   3   3   3   3 |     ACG   0   0   0   0   0   0 |     AAG   0   0   0   0   0   0 |     AGG   0   0   0   0   0   0
--------------------------------------------------------------------------------------------------------------------------------------
Val GTT   1   1   1   1   1   1 | Ala GCT   0   0   0   0   0   0 | Asp GAT   0   0   0   0   0   0 | Gly GGT   0   0   0   0   0   0
    GTC   1   1   1   1   1   1 |     GCC   1   1   1   1   1   1 |     GAC   1   1   1   1   1   1 |     GGC   2   2   2   2   2   2
    GTA   0   0   0   0   0   0 |     GCA   0   0   0   0   0   0 | Glu GAA   0   0   0   0   0   0 |     GGA   1   1   1   1   1   1
    GTG   0   0   0   0   0   0 |     GCG   0   0   0   0   0   0 |     GAG   0   0   0   0   0   0 |     GGG   0   0   0   0   0   0
--------------------------------------------------------------------------------------------------------------------------------------

--------------------------------------------------------------------------------------------------------------------------------------
Phe TTT   2   2   2   1   2   2 | Ser TCT   0   0   0   0   0   0 | Tyr TAT   3   2   3   3   2   2 | Cys TGT   0   0   0   0   0   0
    TTC   0   0   0   0   0   0 |     TCC   0   0   0   0   0   0 |     TAC   0   1   0   0   1   1 |     TGC   0   0   0   0   0   0
Leu TTA   1   1   1   1   0   1 |     TCA   0   0   0   0   0   0 | *** TAA   0   0   0   0   0   0 | *** TGA   0   0   0   0   0   0
    TTG   0   0   0   1   0   0 |     TCG   0   0   0   0   0   0 |     TAG   0   0   0   0   0   0 | Trp TGG   0   0   0   0   0   0
--------------------------------------------------------------------------------------------------------------------------------------
Leu CTT   2   2   2   2   2   2 | Pro CCT   1   1   1   1   1   1 | His CAT   0   0   0   0   0   0 | Arg CGT   0   0   0   0   0   0
    CTC   0   0   0   0   0   0 |     CCC   0   0   0   0   0   0 |     CAC   1   1   1   1   1   1 |     CGC   0   0   0   0   0   0
    CTA   0   0   0   0   1   0 |     CCA   0   0   0   0   0   0 | Gln CAA   0   0   0   0   0   0 |     CGA   0   0   0   0   0   0
    CTG   0   0   0   0   0   0 |     CCG   0   0   0   0   0   0 |     CAG   1   1   1   1   1   1 |     CGG   0   0   0   0   0   0
--------------------------------------------------------------------------------------------------------------------------------------
Ile ATT   0   0   0   0   0   0 | Thr ACT   0   0   0   0   0   0 | Asn AAT   0   0   0   0   0   0 | Ser AGT   0   0   0   0   0   0
    ATC   1   1   1   1   1   1 |     ACC   1   1   1   1   1   1 |     AAC   0   0   0   0   0   0 |     AGC   0   0   0   0   0   0
    ATA   1   1   1   1   2   1 |     ACA   0   0   0   0   0   0 | Lys AAA   1   1   1   1   1   1 | Arg AGA   1   1   1   1   1   1
Met ATG   3   3   3   3   2   3 |     ACG   0   0   0   0   0   0 |     AAG   0   0   0   0   0   0 |     AGG   0   0   0   0   0   0
--------------------------------------------------------------------------------------------------------------------------------------
Val GTT   1   1   1   1   1   1 | Ala GCT   0   0   0   0   0   0 | Asp GAT   0   0   0   0   0   0 | Gly GGT   0   0   0   0   0   0
    GTC   1   1   1   1   1   1 |     GCC   1   1   1   1   1   1 |     GAC   1   1   1   1   1   1 |     GGC   2   2   2   2   2   2
    GTA   0   0   0   0   0   0 |     GCA   0   0   0   0   0   0 | Glu GAA   0   0   0   0   0   0 |     GGA   1   1   1   1   1   1
    GTG   0   0   0   0   0   0 |     GCG   0   0   0   0   0   0 |     GAG   0   0   0   0   0   0 |     GGG   0   0   0   0   0   0
--------------------------------------------------------------------------------------------------------------------------------------

--------------------------------------------------------------------------------------------------------------------------------------
Phe TTT   2   2   2   2   2   2 | Ser TCT   0   0   0   0   0   0 | Tyr TAT   2   2   2   2   2   2 | Cys TGT   0   0   0   0   0   0
    TTC   0   0   0   0   0   0 |     TCC   0   0   0   0   0   0 |     TAC   1   1   1   1   1   1 |     TGC   0   0   0   0   0   0
Leu TTA   1   1   1   1   1   1 |     TCA   0   0   0   0   0   0 | *** TAA   0   0   0   0   0   0 | *** TGA   0   0   0   0   0   0
    TTG   0   0   0   0   0   0 |     TCG   0   0   0   0   0   0 |     TAG   0   0   0   0   0   0 | Trp TGG   0   0   0   0   0   0
--------------------------------------------------------------------------------------------------------------------------------------
Leu CTT   2   2   2   2   2   2 | Pro CCT   1   1   1   1   1   1 | His CAT   0   0   0   0   0   0 | Arg CGT   0   0   0   0   0   0
    CTC   0   0   0   0   0   0 |     CCC   0   0   0   0   0   0 |     CAC   1   1   1   1   1   1 |     CGC   0   0   0   0   0   0
    CTA   0   0   0   0   0   0 |     CCA   0   0   0   0   0   0 | Gln CAA   0   0   0   0   0   0 |     CGA   0   0   0   0   0   0
    CTG   0   0   0   0   0   0 |     CCG   0   0   0   0   0   0 |     CAG   1   1   1   1   1   1 |     CGG   0   0   0   0   0   0
--------------------------------------------------------------------------------------------------------------------------------------
Ile ATT   0   0   0   0   0   0 | Thr ACT   0   0   0   0   0   0 | Asn AAT   0   0   0   0   0   0 | Ser AGT   0   0   0   0   0   0
    ATC   1   1   1   1   1   1 |     ACC   1   1   1   0   1   1 |     AAC   0   0   0   1   0   0 |     AGC   0   0   0   0   0   0
    ATA   1   1   1   1   1   1 |     ACA   0   0   0   0   0   0 | Lys AAA   1   1   1   1   1   1 | Arg AGA   1   1   1   1   1   1
Met ATG   2   3   3   3   3   3 |     ACG   0   0   0   0   0   0 |     AAG   0   0   0   0   0   0 |     AGG   0   0   0   0   0   0
--------------------------------------------------------------------------------------------------------------------------------------
Val GTT   1   1   1   1   1   1 | Ala GCT   0   0   0   0   0   0 | Asp GAT   0   0   0   0   0   0 | Gly GGT   0   0   0   0   0   0
    GTC   1   1   1   1   1   1 |     GCC   1   1   1   1   1   1 |     GAC   1   1   1   1   1   1 |     GGC   2   2   2   2   2   2
    GTA   0   0   0   0   0   0 |     GCA   0   0   0   0   0   0 | Glu GAA   0   0   0   0   0   0 |     GGA   1   1   1   1   1   1
    GTG   1   0   0   0   0   0 |     GCG   0   0   0   0   0   0 |     GAG   0   0   0   0   0   0 |     GGG   0   0   0   0   0   0
--------------------------------------------------------------------------------------------------------------------------------------

Codon position x base (3x4) table for each sequence.

#1: Argali         
position  1:    T:0.23077    C:0.19231    A:0.30769    G:0.26923
position  2:    T:0.46154    C:0.11538    A:0.26923    G:0.15385
position  3:    T:0.30769    C:0.34615    A:0.19231    G:0.15385
Average         T:0.33333    C:0.21795    A:0.25641    G:0.19231

#2: LesserMouseDeer
position  1:    T:0.23077    C:0.15385    A:0.30769    G:0.30769
position  2:    T:0.46154    C:0.11538    A:0.26923    G:0.15385
position  3:    T:0.26923    C:0.38462    A:0.19231    G:0.15385
Average         T:0.32051    C:0.21795    A:0.25641    G:0.20513

#3: LesserKudu     
position  1:    T:0.23077    C:0.19231    A:0.30769    G:0.26923
position  2:    T:0.46154    C:0.11538    A:0.26923    G:0.15385
position  3:    T:0.30769    C:0.34615    A:0.19231    G:0.15385
Average         T:0.33333    C:0.21795    A:0.25641    G:0.19231

#4: ForestMuskDeer2
position  1:    T:0.23077    C:0.19231    A:0.30769    G:0.26923
position  2:    T:0.46154    C:0.07692    A:0.30769    G:0.15385
position  3:    T:0.30769    C:0.34615    A:0.19231    G:0.15385
Average         T:0.33333    C:0.20513    A:0.26923    G:0.19231

#5: Camel          
position  1:    T:0.26923    C:0.23077    A:0.26923    G:0.23077
position  2:    T:0.50000    C:0.11538    A:0.23077    G:0.15385
position  3:    T:0.30769    C:0.34615    A:0.23077    G:0.11538
Average         T:0.35897    C:0.23077    A:0.24359    G:0.16667

#6: KillerWhale    
position  1:    T:0.23077    C:0.23077    A:0.26923    G:0.26923
position  2:    T:0.46154    C:0.11538    A:0.26923    G:0.15385
position  3:    T:0.23077    C:0.42308    A:0.19231    G:0.15385
Average         T:0.30769    C:0.25641    A:0.24359    G:0.19231

#7: DefassaWaterbuck
position  1:    T:0.23077    C:0.19231    A:0.30769    G:0.26923
position  2:    T:0.46154    C:0.11538    A:0.26923    G:0.15385
position  3:    T:0.30769    C:0.34615    A:0.19231    G:0.15385
Average         T:0.33333    C:0.21795    A:0.25641    G:0.19231

#8: Sheep          
position  1:    T:0.23077    C:0.19231    A:0.30769    G:0.26923
position  2:    T:0.46154    C:0.11538    A:0.26923    G:0.15385
position  3:    T:0.30769    C:0.34615    A:0.19231    G:0.15385
Average         T:0.33333    C:0.21795    A:0.25641    G:0.19231

#9: MaxwellsDuiker 
position  1:    T:0.23077    C:0.19231    A:0.30769    G:0.26923
position  2:    T:0.46154    C:0.11538    A:0.26923    G:0.15385
position  3:    T:0.30769    C:0.34615    A:0.19231    G:0.15385
Average         T:0.33333    C:0.21795    A:0.25641    G:0.19231

#10: GazellaPrzewalskyi
position  1:    T:0.23077    C:0.19231    A:0.30769    G:0.26923
position  2:    T:0.46154    C:0.11538    A:0.26923    G:0.15385
position  3:    T:0.26923    C:0.34615    A:0.23077    G:0.15385
Average         T:0.32051    C:0.21795    A:0.26923    G:0.19231

#11: MountainNyala  
position  1:    T:0.23077    C:0.19231    A:0.30769    G:0.26923
position  2:    T:0.46154    C:0.11538    A:0.26923    G:0.15385
position  3:    T:0.30769    C:0.34615    A:0.19231    G:0.15385
Average         T:0.33333    C:0.21795    A:0.25641    G:0.19231

#12: MuntiacusMuntjak
position  1:    T:0.23077    C:0.19231    A:0.30769    G:0.26923
position  2:    T:0.46154    C:0.11538    A:0.26923    G:0.15385
position  3:    T:0.34615    C:0.30769    A:0.19231    G:0.15385
Average         T:0.34615    C:0.20513    A:0.25641    G:0.19231

#13: goat           
position  1:    T:0.23077    C:0.19231    A:0.30769    G:0.26923
position  2:    T:0.46154    C:0.11538    A:0.26923    G:0.15385
position  3:    T:0.26923    C:0.38462    A:0.19231    G:0.15385
Average         T:0.32051    C:0.23077    A:0.25641    G:0.19231

#14: AfricanBuffalo 
position  1:    T:0.23077    C:0.23077    A:0.26923    G:0.26923
position  2:    T:0.46154    C:0.11538    A:0.26923    G:0.15385
position  3:    T:0.30769    C:0.34615    A:0.19231    G:0.15385
Average         T:0.33333    C:0.23077    A:0.24359    G:0.19231

#15: Topi           
position  1:    T:0.23077    C:0.19231    A:0.30769    G:0.26923
position  2:    T:0.46154    C:0.11538    A:0.26923    G:0.15385
position  3:    T:0.30769    C:0.26923    A:0.19231    G:0.23077
Average         T:0.33333    C:0.19231    A:0.25641    G:0.21795

#16: CommonDuiker   
position  1:    T:0.23077    C:0.19231    A:0.30769    G:0.26923
position  2:    T:0.46154    C:0.11538    A:0.26923    G:0.15385
position  3:    T:0.30769    C:0.34615    A:0.19231    G:0.15385
Average         T:0.33333    C:0.21795    A:0.25641    G:0.19231

#17: Suni           
position  1:    T:0.23077    C:0.19231    A:0.30769    G:0.26923
position  2:    T:0.46154    C:0.11538    A:0.26923    G:0.15385
position  3:    T:0.30769    C:0.34615    A:0.19231    G:0.15385
Average         T:0.33333    C:0.21795    A:0.25641    G:0.19231

#18: Springbuck     
position  1:    T:0.23077    C:0.19231    A:0.30769    G:0.26923
position  2:    T:0.46154    C:0.11538    A:0.26923    G:0.15385
position  3:    T:0.26923    C:0.38462    A:0.19231    G:0.15385
Average         T:0.32051    C:0.23077    A:0.25641    G:0.19231

#19: Okapi          
position  1:    T:0.23077    C:0.19231    A:0.30769    G:0.26923
position  2:    T:0.46154    C:0.11538    A:0.26923    G:0.15385
position  3:    T:0.26923    C:0.38462    A:0.19231    G:0.15385
Average         T:0.32051    C:0.23077    A:0.25641    G:0.19231

#20: Giraffe        
position  1:    T:0.23077    C:0.19231    A:0.30769    G:0.26923
position  2:    T:0.46154    C:0.11538    A:0.26923    G:0.15385
position  3:    T:0.30769    C:0.34615    A:0.19231    G:0.15385
Average         T:0.33333    C:0.21795    A:0.25641    G:0.19231

#21: TibetanAntelope
position  1:    T:0.23077    C:0.19231    A:0.30769    G:0.26923
position  2:    T:0.46154    C:0.11538    A:0.26923    G:0.15385
position  3:    T:0.30769    C:0.34615    A:0.19231    G:0.15385
Average         T:0.33333    C:0.21795    A:0.25641    G:0.19231

#22: Sitatunga      
position  1:    T:0.23077    C:0.19231    A:0.30769    G:0.26923
position  2:    T:0.46154    C:0.11538    A:0.26923    G:0.15385
position  3:    T:0.30769    C:0.34615    A:0.19231    G:0.15385
Average         T:0.33333    C:0.21795    A:0.25641    G:0.19231

#23: Oribi          
position  1:    T:0.26923    C:0.15385    A:0.30769    G:0.26923
position  2:    T:0.46154    C:0.11538    A:0.26923    G:0.15385
position  3:    T:0.30769    C:0.34615    A:0.19231    G:0.15385
Average         T:0.34615    C:0.20513    A:0.25641    G:0.19231

#24: BarbarySheep   
position  1:    T:0.23077    C:0.19231    A:0.30769    G:0.26923
position  2:    T:0.46154    C:0.11538    A:0.26923    G:0.15385
position  3:    T:0.30769    C:0.34615    A:0.19231    G:0.15385
Average         T:0.33333    C:0.21795    A:0.25641    G:0.19231

#25: Daviddeer      
position  1:    T:0.23077    C:0.19231    A:0.30769    G:0.26923
position  2:    T:0.46154    C:0.11538    A:0.26923    G:0.15385
position  3:    T:0.34615    C:0.30769    A:0.19231    G:0.15385
Average         T:0.34615    C:0.20513    A:0.25641    G:0.19231

#26: Reindeer       
position  1:    T:0.23077    C:0.19231    A:0.30769    G:0.26923
position  2:    T:0.46154    C:0.11538    A:0.26923    G:0.15385
position  3:    T:0.30769    C:0.30769    A:0.19231    G:0.19231
Average         T:0.33333    C:0.20513    A:0.25641    G:0.20513

#27: Ibex           
position  1:    T:0.23077    C:0.19231    A:0.30769    G:0.26923
position  2:    T:0.46154    C:0.11538    A:0.26923    G:0.15385
position  3:    T:0.26923    C:0.38462    A:0.19231    G:0.15385
Average         T:0.32051    C:0.23077    A:0.25641    G:0.19231

#28: GyrantGazelle  
position  1:    T:0.23077    C:0.19231    A:0.30769    G:0.26923
position  2:    T:0.46154    C:0.11538    A:0.26923    G:0.15385
position  3:    T:0.30769    C:0.34615    A:0.19231    G:0.15385
Average         T:0.33333    C:0.21795    A:0.25641    G:0.19231

#29: Hartebeest     
position  1:    T:0.23077    C:0.19231    A:0.30769    G:0.26923
position  2:    T:0.46154    C:0.11538    A:0.26923    G:0.15385
position  3:    T:0.30769    C:0.34615    A:0.19231    G:0.15385
Average         T:0.33333    C:0.21795    A:0.25641    G:0.19231

#30: Bongo          
position  1:    T:0.23077    C:0.19231    A:0.30769    G:0.26923
position  2:    T:0.46154    C:0.11538    A:0.26923    G:0.15385
position  3:    T:0.30769    C:0.34615    A:0.19231    G:0.15385
Average         T:0.33333    C:0.21795    A:0.25641    G:0.19231

#31: Gerenuk        
position  1:    T:0.23077    C:0.19231    A:0.30769    G:0.26923
position  2:    T:0.46154    C:0.11538    A:0.26923    G:0.15385
position  3:    T:0.30769    C:0.34615    A:0.19231    G:0.15385
Average         T:0.33333    C:0.21795    A:0.25641    G:0.19231

#32: CommonEland    
position  1:    T:0.23077    C:0.19231    A:0.30769    G:0.26923
position  2:    T:0.46154    C:0.11538    A:0.26923    G:0.15385
position  3:    T:0.30769    C:0.34615    A:0.19231    G:0.15385
Average         T:0.33333    C:0.21795    A:0.25641    G:0.19231

#33: MuntiacusReevesi
position  1:    T:0.23077    C:0.19231    A:0.30769    G:0.26923
position  2:    T:0.46154    C:0.11538    A:0.26923    G:0.15385
position  3:    T:0.34615    C:0.30769    A:0.19231    G:0.15385
Average         T:0.34615    C:0.20513    A:0.25641    G:0.19231

#34: HarveysDuiker  
position  1:    T:0.23077    C:0.19231    A:0.30769    G:0.26923
position  2:    T:0.46154    C:0.11538    A:0.26923    G:0.15385
position  3:    T:0.30769    C:0.34615    A:0.19231    G:0.15385
Average         T:0.33333    C:0.21795    A:0.25641    G:0.19231

#35: Pronghorn      
position  1:    T:0.23077    C:0.19231    A:0.30769    G:0.26923
position  2:    T:0.42308    C:0.15385    A:0.26923    G:0.15385
position  3:    T:0.30769    C:0.34615    A:0.19231    G:0.15385
Average         T:0.32051    C:0.23077    A:0.25641    G:0.19231

#36: BlueWildebeest 
position  1:    T:0.23077    C:0.19231    A:0.30769    G:0.26923
position  2:    T:0.46154    C:0.11538    A:0.26923    G:0.15385
position  3:    T:0.30769    C:0.34615    A:0.19231    G:0.15385
Average         T:0.33333    C:0.21795    A:0.25641    G:0.19231

#37: Gemsbok        
position  1:    T:0.23077    C:0.19231    A:0.30769    G:0.26923
position  2:    T:0.46154    C:0.11538    A:0.26923    G:0.15385
position  3:    T:0.30769    C:0.34615    A:0.19231    G:0.15385
Average         T:0.33333    C:0.21795    A:0.25641    G:0.19231

#38: Yak            
position  1:    T:0.19231    C:0.23077    A:0.30769    G:0.26923
position  2:    T:0.46154    C:0.11538    A:0.26923    G:0.15385
position  3:    T:0.30769    C:0.34615    A:0.19231    G:0.15385
Average         T:0.32051    C:0.23077    A:0.25641    G:0.19231

#39: BlueSheep      
position  1:    T:0.23077    C:0.19231    A:0.30769    G:0.26923
position  2:    T:0.46154    C:0.11538    A:0.26923    G:0.15385
position  3:    T:0.30769    C:0.34615    A:0.19231    G:0.15385
Average         T:0.33333    C:0.21795    A:0.25641    G:0.19231

#40: BohorReedbuck  
position  1:    T:0.23077    C:0.19231    A:0.30769    G:0.26923
position  2:    T:0.46154    C:0.11538    A:0.26923    G:0.15385
position  3:    T:0.30769    C:0.34615    A:0.19231    G:0.15385
Average         T:0.33333    C:0.21795    A:0.25641    G:0.19231

#41: KirksDik       
position  1:    T:0.23077    C:0.19231    A:0.30769    G:0.26923
position  2:    T:0.46154    C:0.11538    A:0.26923    G:0.15385
position  3:    T:0.30769    C:0.34615    A:0.19231    G:0.15385
Average         T:0.33333    C:0.21795    A:0.25641    G:0.19231

#42: RoeDeer        
position  1:    T:0.23077    C:0.19231    A:0.30769    G:0.26923
position  2:    T:0.46154    C:0.11538    A:0.26923    G:0.15385
position  3:    T:0.34615    C:0.30769    A:0.19231    G:0.15385
Average         T:0.34615    C:0.20513    A:0.25641    G:0.19231

#43: WhiteLippedDeer
position  1:    T:0.23077    C:0.19231    A:0.30769    G:0.26923
position  2:    T:0.46154    C:0.11538    A:0.26923    G:0.15385
position  3:    T:0.34615    C:0.30769    A:0.19231    G:0.15385
Average         T:0.34615    C:0.20513    A:0.25641    G:0.19231

#44: ThomsonGazelle 
position  1:    T:0.23077    C:0.19231    A:0.30769    G:0.26923
position  2:    T:0.46154    C:0.11538    A:0.26923    G:0.15385
position  3:    T:0.30769    C:0.34615    A:0.19231    G:0.15385
Average         T:0.33333    C:0.21795    A:0.25641    G:0.19231

#45: MuntiacusCrinifrons
position  1:    T:0.23077    C:0.19231    A:0.30769    G:0.26923
position  2:    T:0.46154    C:0.11538    A:0.26923    G:0.15385
position  3:    T:0.34615    C:0.30769    A:0.19231    G:0.15385
Average         T:0.34615    C:0.20513    A:0.25641    G:0.19231

#46: WhiteTailedDeer
position  1:    T:0.23077    C:0.19231    A:0.30769    G:0.26923
position  2:    T:0.46154    C:0.11538    A:0.26923    G:0.15385
position  3:    T:0.30769    C:0.30769    A:0.19231    G:0.19231
Average         T:0.33333    C:0.20513    A:0.25641    G:0.20513

#47: Cattle         
position  1:    T:0.19231    C:0.23077    A:0.30769    G:0.26923
position  2:    T:0.46154    C:0.11538    A:0.26923    G:0.15385
position  3:    T:0.30769    C:0.34615    A:0.23077    G:0.11538
Average         T:0.32051    C:0.23077    A:0.26923    G:0.17949

#48: RoyalAntelope  
position  1:    T:0.23077    C:0.19231    A:0.30769    G:0.26923
position  2:    T:0.46154    C:0.11538    A:0.26923    G:0.15385
position  3:    T:0.30769    C:0.34615    A:0.19231    G:0.15385
Average         T:0.33333    C:0.21795    A:0.25641    G:0.19231

#49: Steenbok       
position  1:    T:0.23077    C:0.19231    A:0.26923    G:0.30769
position  2:    T:0.46154    C:0.11538    A:0.26923    G:0.15385
position  3:    T:0.30769    C:0.34615    A:0.19231    G:0.15385
Average         T:0.33333    C:0.21795    A:0.24359    G:0.20513

#50: Impala         
position  1:    T:0.23077    C:0.19231    A:0.30769    G:0.26923
position  2:    T:0.46154    C:0.11538    A:0.26923    G:0.15385
position  3:    T:0.30769    C:0.34615    A:0.19231    G:0.15385
Average         T:0.33333    C:0.21795    A:0.25641    G:0.19231

#51: Klipspringer   
position  1:    T:0.23077    C:0.19231    A:0.30769    G:0.26923
position  2:    T:0.46154    C:0.11538    A:0.26923    G:0.15385
