1
52 1
Argali 0.000000 0.215000 0.066400 0.179800 0.010800 0.000000 0.054400 0.065300 0.056000 0.102300 0.022500 0.068600 0.032400 0.067900 0.021600 0.066700 0.069100 0.056600 0.010800 0.067800 0.090500 0.045000 0.091700 0.124400 0.033700 0.089900 0.021700 0.055600 0.090400 0.056100 0.100800 0.065300 0.057400 0.033000 0.091800 0.079000 0.045600 0.010800 0.033000 0.102600 0.116100 0.078800 0.124500 0.113500 0.079000 0.010800 0.202200 0.065400 0.021600 0.067700 0.079800 0.079200
LesserMous 0.215000 0.000000 0.185500 0.289000 0.198900 0.215000 0.250800 0.264900 0.201600 0.243700 0.235800 0.193200 0.224500 0.246100 0.211300 0.240800 0.192300 0.203700 0.226900 0.216500 0.271500 0.262500 0.231600 0.267800 0.219100 0.269900 0.212300 0.200900 0.228400 0.202200 0.225700 0.235100 0.179000 0.228600 0.277300 0.201100 0.266300 0.198900 0.227600 0.214700 0.231500 0.287700 0.268100 0.256000 0.201100 0.199200 0.410300 0.235500 0.184000 0.202800 0.231300 0.229500
LesserKudu 0.066400 0.185500 0.000000 0.205100 0.055000 0.065600 0.099400 0.087400 0.010800 0.089900 0.092600 0.068700 0.076800 0.115000 0.065700 0.113000 0.068600 0.056200 0.077600 0.021800 0.113500 0.116000 0.079200 0.110800 0.079900 0.089000 0.065900 0.010700 0.101700 0.010800 0.088600 0.087300 0.057000 0.078300 0.140200 0.078400 0.117500 0.055000 0.078100 0.090100 0.103300 0.126000 0.111900 0.101000 0.078400 0.054900 0.259700 0.110800 0.042900 0.054700 0.032900 0.032700
KillerWhal 0.179800 0.289000 0.205100 0.000000 0.165100 0.179800 0.213800 0.227000 0.193600 0.219700 0.213100 0.185100 0.189300 0.235600 0.177000 0.231500 0.211800 0.195500 0.191300 0.207800 0.232600 0.238700 0.208100 0.202600 0.197500 0.259900 0.177700 0.193000 0.233100 0.194100 0.216300 0.226200 0.199500 0.192400 0.266400 0.193000 0.241900 0.165100 0.191700 0.220100 0.207900 0.247500 0.203000 0.218300 0.193000 0.165400 0.358000 0.226300 0.177300 0.222600 0.222200 0.220300
DefassaWat 0.010800 0.198900 0.055000 0.165100 0.000000 0.010800 0.043000 0.053900 0.044100 0.089900 0.033800 0.056900 0.021400 0.055900 0.010700 0.054700 0.056700 0.044500 0.021600 0.055600 0.077900 0.056400 0.078900 0.111800 0.022200 0.077500 0.010700 0.044000 0.077900 0.044200 0.088600 0.053900 0.045400 0.021400 0.079400 0.066900 0.057100 0.000000 0.021600 0.090100 0.102800 0.066500 0.111900 0.101000 0.066900 0.000000 0.200400 0.053700 0.010700 0.067500 0.067300 0.066800
Sheep 0.000000 0.215000 0.065600 0.179800 0.010800 0.000000 0.054400 0.065900 0.056000 0.102300 0.022500 0.069100 0.032400 0.067900 0.021400 0.066700 0.069100 0.056600 0.010800 0.067800 0.090500 0.045000 0.091700 0.124400 0.033700 0.089900 0.021700 0.055600 0.090400 0.056100 0.100800 0.065300 0.057400 0.033000 0.091800 0.079000 0.045600 0.010800 0.033000 0.102600 0.116100 0.078800 0.124500 0.113500 0.079000 0.010800 0.202200 0.065400 0.021500 0.067700 0.079800 0.079200
MaxwellsDu 0.054400 0.250800 0.099400 0.213800 0.043000 0.054400 0.000000 0.074900 0.089000 0.135600 0.079200 0.102900 0.064100 0.077300 0.053600 0.099300 0.102800 0.089800 0.065100 0.101000 0.123600 0.101600 0.125300 0.157500 0.066900 0.122900 0.053800 0.088400 0.123500 0.089200 0.133700 0.074500 0.091100 0.065700 0.125300 0.112000 0.103200 0.043000 0.065500 0.135900 0.150000 0.111900 0.157600 0.146700 0.112000 0.043000 0.254000 0.097500 0.053700 0.089100 0.113300 0.112400
GazellaPrz 0.065300 0.264900 0.087400 0.227000 0.053900 0.065900 0.074900 0.000000 0.077000 0.147200 0.090600 0.114600 0.075400 0.112600 0.064300 0.087300 0.114500 0.101200 0.076000 0.077300 0.087600 0.113500 0.136900 0.169100 0.078200 0.064500 0.064600 0.076400 0.111000 0.076600 0.145100 0.108400 0.102700 0.076700 0.088900 0.123500 0.114900 0.053900 0.053900 0.147600 0.162000 0.076400 0.169300 0.158400 0.123500 0.053800 0.252000 0.097200 0.064500 0.124500 0.100700 0.088400
MountainNy 0.056000 0.201600 0.010800 0.193600 0.044100 0.056000 0.089000 0.077000 0.000000 0.091000 0.081700 0.057700 0.066300 0.104300 0.055200 0.102000 0.057400 0.045100 0.067000 0.010800 0.102400 0.105200 0.079900 0.113200 0.069000 0.101800 0.055400 0.000000 0.102500 0.000000 0.089700 0.100300 0.045900 0.067300 0.129400 0.067700 0.106500 0.044100 0.067200 0.091300 0.104200 0.114900 0.113300 0.102200 0.067700 0.044200 0.262100 0.100000 0.055300 0.068300 0.022000 0.021600
MuntiacusM 0.102300 0.243700 0.089900 0.219700 0.089900 0.102300 0.135600 0.147200 0.091000 0.000000 0.130400 0.105400 0.112200 0.153000 0.100800 0.150400 0.080700 0.068000 0.113400 0.103300 0.177000 0.154400 0.010900 0.043100 0.116900 0.163200 0.101200 0.090400 0.138200 0.091200 0.021400 0.123200 0.068900 0.114500 0.179600 0.114600 0.156400 0.089900 0.114100 0.021500 0.010900 0.164300 0.021200 0.032400 0.114900 0.089700 0.289700 0.147400 0.089400 0.103500 0.115800 0.115000
goat 0.022500 0.235800 0.092600 0.213100 0.033800 0.022500 0.079200 0.090600 0.081700 0.130400 0.000000 0.070000 0.056200 0.094200 0.044900 0.092600 0.096100 0.082500 0.033500 0.094200 0.117900 0.022600 0.119500 0.153300 0.011200 0.117200 0.045000 0.081100 0.117800 0.081800 0.128400 0.090600 0.071000 0.057300 0.094200 0.104500 0.022600 0.033800 0.057100 0.130700 0.145500 0.105600 0.153400 0.142000 0.105800 0.033700 0.190300 0.090700 0.044900 0.092900 0.107000 0.106100
AfricanBuf 0.068600 0.193200 0.068700 0.185100 0.056900 0.069100 0.102900 0.114600 0.057700 0.105400 0.070000 0.000000 0.079500 0.119300 0.068100 0.092400 0.071200 0.058200 0.080400 0.069800 0.117700 0.094700 0.094400 0.128000 0.058300 0.142500 0.068300 0.057200 0.117900 0.057800 0.103800 0.114500 0.057900 0.081200 0.119400 0.033900 0.096000 0.056900 0.080900 0.105700 0.094300 0.130800 0.128200 0.116900 0.033900 0.055800 0.236600 0.114800 0.068200 0.082000 0.082100 0.081600
Topi 0.032400 0.224500 0.076800 0.189300 0.021400 0.032400 0.064100 0.075400 0.066300 0.112200 0.056200 0.079500 0.000000 0.078100 0.031600 0.076800 0.056000 0.067000 0.043100 0.078100 0.100500 0.078800 0.101800 0.134000 0.044400 0.076600 0.010600 0.065900 0.100400 0.066500 0.110600 0.075300 0.067900 0.021500 0.101900 0.089000 0.079700 0.021400 0.043400 0.112500 0.126100 0.088900 0.134100 0.123300 0.089000 0.021300 0.212000 0.075300 0.032000 0.089800 0.090000 0.089300
CommonDuik 0.067900 0.246100 0.115000 0.235600 0.055900 0.067900 0.077300 0.112600 0.104300 0.153000 0.094200 0.119300 0.078100 0.000000 0.066900 0.115000 0.119100 0.105200 0.078900 0.116900 0.140500 0.117900 0.142300 0.175600 0.081300 0.139700 0.066700 0.103500 0.140500 0.104500 0.150700 0.088500 0.106800 0.079600 0.142700 0.128400 0.119500 0.055900 0.079400 0.153300 0.168400 0.128200 0.175800 0.138800 0.128400 0.054700 0.279200 0.101100 0.066600 0.129400 0.129800 0.128800
Suni 0.021600 0.211300 0.065700 0.177000 0.010700 0.021400 0.053600 0.064300 0.055200 0.100800 0.044900 0.068100 0.031600 0.066900 0.000000 0.065700 0.068000 0.055700 0.032000 0.066800 0.089100 0.067400 0.090300 0.122600 0.032800 0.088600 0.021300 0.054800 0.089000 0.055300 0.099400 0.064400 0.056500 0.032600 0.090400 0.077800 0.068200 0.010700 0.032500 0.101500 0.114400 0.077700 0.122700 0.111800 0.077900 0.010700 0.213500 0.064400 0.021300 0.078400 0.078600 0.078000
Springbuck 0.066700 0.240800 0.113000 0.231500 0.054700 0.066700 0.099300 0.087300 0.102000 0.150400 0.092600 0.092400 0.076800 0.115000 0.065700 0.000000 0.116500 0.102900 0.077500 0.114400 0.088900 0.115900 0.139200 0.172600 0.079900 0.088700 0.065900 0.101700 0.066100 0.102200 0.148100 0.110500 0.104900 0.077900 0.115100 0.101700 0.117400 0.054700 0.054800 0.150700 0.164800 0.077500 0.173100 0.161700 0.101700 0.054800 0.256500 0.110400 0.065800 0.127100 0.127000 0.126000
Okapi 0.069100 0.192300 0.068600 0.211800 0.056700 0.069100 0.102800 0.114500 0.057400 0.080700 0.096100 0.071200 0.056000 0.119100 0.068000 0.116500 0.000000 0.034300 0.080400 0.069500 0.142500 0.120200 0.069500 0.103200 0.082900 0.116300 0.068300 0.057200 0.117200 0.057500 0.103700 0.114400 0.035000 0.080800 0.145400 0.081200 0.121900 0.056700 0.080500 0.081000 0.093900 0.130000 0.103300 0.092100 0.081200 0.056800 0.284400 0.113600 0.068100 0.081900 0.081700 0.081100
Giraffe 0.056600 0.203700 0.056200 0.195500 0.044500 0.056600 0.089800 0.101200 0.045100 0.068000 0.082500 0.058200 0.067000 0.105200 0.055700 0.102900 0.034300 0.000000 0.067700 0.056800 0.128200 0.106200 0.056900 0.090100 0.069700 0.127400 0.055900 0.044900 0.103500 0.045200 0.090500 0.101200 0.022900 0.068000 0.130700 0.068400 0.107600 0.044500 0.067800 0.068200 0.080600 0.116000 0.090200 0.079200 0.068400 0.044600 0.264800 0.100900 0.055800 0.069000 0.068800 0.068300
TibetanAnt 0.010800 0.226900 0.077600 0.191300 0.021600 0.010800 0.065100 0.076000 0.067000 0.113400 0.033500 0.080400 0.043100 0.078900 0.032000 0.077500 0.080400 0.067700 0.000000 0.078900 0.101500 0.056100 0.102900 0.135400 0.044800 0.100900 0.032300 0.065600 0.101400 0.067200 0.111800 0.076000 0.068700 0.043900 0.102900 0.088900 0.056800 0.021600 0.043800 0.113700 0.127400 0.089900 0.135600 0.124500 0.090000 0.021500 0.214300 0.076100 0.032300 0.078800 0.091000 0.090300
Sitatunga 0.067800 0.216500 0.021800 0.207800 0.055600 0.067800 0.101000 0.077300 0.010800 0.103300 0.094200 0.069800 0.078100 0.116900 0.066800 0.114400 0.069500 0.056800 0.078900 0.000000 0.114900 0.117900 0.092200 0.125600 0.081300 0.102200 0.067000 0.010900 0.115000 0.000100 0.101800 0.112400 0.057900 0.079200 0.130000 0.079700 0.119500 0.055600 0.079100 0.103600 0.116800 0.115400 0.125800 0.114600 0.079700 0.055700 0.278400 0.088400 0.066900 0.080400 0.033300 0.010800
Oribi 0.090500 0.271500 0.113500 0.232600 0.077900 0.090500 0.123600 0.087600 0.102400 0.177000 0.117900 0.117700 0.100500 0.140500 0.089100 0.088900 0.142500 0.128200 0.101500 0.114900 0.000000 0.141800 0.165700 0.199600 0.104600 0.089100 0.089400 0.102100 0.113500 0.102700 0.174300 0.135000 0.130700 0.102000 0.140700 0.126600 0.143600 0.077900 0.055100 0.177400 0.165500 0.101400 0.200200 0.188500 0.126600 0.078100 0.257700 0.134800 0.089300 0.153200 0.127500 0.126500
BarbaryShe 0.045000 0.262500 0.116000 0.238700 0.056400 0.045000 0.101600 0.113500 0.105200 0.154400 0.022600 0.094700 0.078800 0.117900 0.067400 0.115900 0.120200 0.106200 0.056100 0.117900 0.141800 0.000000 0.143700 0.177300 0.033400 0.141000 0.067600 0.104400 0.141600 0.105400 0.152100 0.113400 0.094800 0.080300 0.117900 0.104400 0.045800 0.056400 0.080100 0.154800 0.170100 0.129300 0.177500 0.166000 0.104400 0.055500 0.216300 0.113600 0.067500 0.117700 0.131000 0.129900
Daviddeer 0.091700 0.231600 0.079200 0.208100 0.078900 0.091700 0.125300 0.136900 0.079900 0.010900 0.119500 0.094400 0.101800 0.142300 0.090300 0.139200 0.069500 0.056900 0.102900 0.092200 0.165700 0.143700 0.000000 0.054800 0.106000 0.152000 0.090600 0.079700 0.126900 0.080100 0.032600 0.112900 0.058000 0.103400 0.169000 0.103900 0.145600 0.078900 0.103100 0.033200 0.021700 0.153200 0.032500 0.044000 0.103900 0.079100 0.277300 0.136400 0.078700 0.092800 0.104600 0.103800
Reindeer 0.124400 0.267800 0.110800 0.202600 0.111800 0.124400 0.157500 0.169100 0.113200 0.043100 0.153300 0.128000 0.134000 0.175600 0.122600 0.172600 0.103200 0.090100 0.135400 0.125600 0.199600 0.177300 0.054800 0.000000 0.139500 0.185700 0.123000 0.112300 0.160400 0.113400 0.064500 0.145000 0.091400 0.136700 0.202500 0.136700 0.179500 0.111800 0.136300 0.043200 0.054900 0.186900 0.042400 0.031800 0.136800 0.111500 0.315000 0.169300 0.111000 0.125800 0.138200 0.137300
Ibex 0.033700 0.219100 0.079900 0.197500 0.022200 0.033700 0.066900 0.078200 0.069000 0.116900 0.011200 0.058300 0.044400 0.081300 0.032800 0.079900 0.082900 0.069700 0.044800 0.081300 0.104600 0.033400 0.106000 0.139500 0.000000 0.104000 0.033300 0.068500 0.104500 0.069200 0.115100 0.078200 0.058300 0.045200 0.081300 0.092700 0.033800 0.022200 0.045100 0.117200 0.131400 0.092600 0.139600 0.128300 0.092700 0.022200 0.189300 0.078300 0.033300 0.093500 0.093700 0.093000
GyrantGaze 0.089900 0.269900 0.089000 0.259900 0.077500 0.089900 0.122900 0.064500 0.101800 0.163200 0.117200 0.142500 0.076600 0.139700 0.088600 0.088700 0.116300 0.127400 0.100900 0.102200 0.089100 0.141000 0.152000 0.185700 0.104000 0.000000 0.088900 0.101500 0.101000 0.101200 0.160800 0.110400 0.129900 0.101400 0.115000 0.151100 0.142800 0.077500 0.077500 0.163600 0.178100 0.054900 0.186200 0.174700 0.151100 0.077700 0.242500 0.122200 0.065700 0.127000 0.126800 0.113800
Hartebeest 0.021700 0.212300 0.065900 0.177700 0.010700 0.021700 0.053800 0.064600 0.055400 0.101200 0.045000 0.068300 0.010600 0.066700 0.021300 0.065900 0.068300 0.055900 0.032300 0.067000 0.089400 0.067600 0.090600 0.123000 0.033300 0.088900 0.000000 0.055000 0.089400 0.055500 0.099700 0.064600 0.056700 0.010800 0.090700 0.078000 0.068500 0.010700 0.032600 0.101400 0.114800 0.077900 0.123100 0.112200 0.078000 0.010700 0.199600 0.064700 0.021400 0.078700 0.078900 0.078300
Bongo 0.055600 0.200900 0.010700 0.193000 0.044000 0.055600 0.088400 0.076400 0.000000 0.090400 0.081100 0.057200 0.065900 0.103500 0.054800 0.101700 0.057200 0.044900 0.065600 0.010900 0.102100 0.104400 0.079700 0.112300 0.068500 0.101500 0.055000 0.000000 0.102200 0.000100 0.089000 0.099500 0.045600 0.067100 0.128500 0.067200 0.105700 0.044000 0.067000 0.090600 0.103800 0.114600 0.112400 0.101500 0.067200 0.043900 0.261200 0.099700 0.054900 0.067300 0.022000 0.021800
Gerenuk 0.090400 0.228400 0.101700 0.233100 0.077900 0.090400 0.123500 0.111000 0.102500 0.138200 0.117800 0.117900 0.100400 0.140500 0.089000 0.066100 0.117200 0.103500 0.101400 0.115000 0.113500 0.141600 0.126900 0.160400 0.104500 0.101000 0.089400 0.102200 0.000000 0.102800 0.136100 0.123100 0.105500 0.101900 0.128700 0.126900 0.143500 0.077900 0.077900 0.138500 0.152300 0.090300 0.160800 0.149500 0.126900 0.078000 0.258100 0.123300 0.077700 0.115600 0.127700 0.126700
CommonElan 0.056100 0.202200 0.010800 0.194100 0.044200 0.056100 0.089200 0.076600 0.000000 0.091200 0.081800 0.057800 0.066500 0.104500 0.055300 0.102200 0.057500 0.045200 0.067200 0.000100 0.102700 0.105400 0.080100 0.113400 0.069200 0.101200 0.055500 0.000100 0.102800 0.000000 0.089900 0.100500 0.046000 0.067500 0.129400 0.067900 0.106800 0.044200 0.067300 0.091500 0.104400 0.114700 0.113500 0.102500 0.067900 0.044300 0.263000 0.098200 0.055400 0.068400 0.022100 0.018700
MuntiacusR 0.100800 0.225700 0.088600 0.216300 0.088600 0.100800 0.133700 0.145100 0.089700 0.021400 0.128400 0.103800 0.110600 0.150700 0.099400 0.148100 0.103700 0.090500 0.111800 0.101800 0.174300 0.152100 0.032600 0.064500 0.115100 0.160800 0.099700 0.089000 0.136100 0.089900 0.000000 0.121500 0.091800 0.112700 0.164200 0.112900 0.154000 0.088600 0.112500 0.043300 0.032700 0.161800 0.041900 0.054000 0.112900 0.088400 0.284700 0.145300 0.088000 0.102000 0.114100 0.113300
HarveysDui 0.065300 0.235100 0.087300 0.226200 0.053900 0.065300 0.074500 0.108400 0.100300 0.123200 0.090600 0.114500 0.075300 0.088500 0.064400 0.110500 0.114400 0.101200 0.076000 0.112400 0.135000 0.113400 0.112900 0.145000 0.078200 0.110400 0.064600 0.099500 0.123100 0.100500 0.121500 0.000000 0.102600 0.076700 0.137000 0.123400 0.114800 0.053900 0.076400 0.123500 0.137200 0.099600 0.145100 0.134200 0.123400 0.053700 0.253200 0.108500 0.042100 0.100500 0.124800 0.123800
Pronghorn 0.057400 0.179000 0.057000 0.199500 0.045400 0.057400 0.091100 0.102700 0.045900 0.068900 0.071000 0.057900 0.067900 0.106800 0.056500 0.104900 0.035000 0.022900 0.068700 0.057900 0.130700 0.094800 0.058000 0.091400 0.058300 0.129900 0.056700 0.045600 0.105500 0.046000 0.091800 0.102600 0.000000 0.069300 0.132700 0.069400 0.096000 0.045400 0.069100 0.069200 0.082200 0.118300 0.091500 0.080300 0.069400 0.045300 0.253600 0.102700 0.055900 0.070000 0.070100 0.069600
BlueWildeb 0.033000 0.228600 0.078300 0.192400 0.021400 0.033000 0.065700 0.076700 0.067300 0.114500 0.057300 0.081200 0.021500 0.079600 0.032600 0.077900 0.080800 0.068000 0.043900 0.079200 0.102000 0.080300 0.103400 0.136700 0.045200 0.101400 0.010800 0.067100 0.101900 0.067500 0.112700 0.076700 0.069300 0.000000 0.079600 0.090800 0.081300 0.021600 0.044000 0.114700 0.128100 0.090300 0.136800 0.125700 0.090800 0.021700 0.215500 0.076400 0.032600 0.091600 0.091400 0.090700
Gemsbok 0.091800 0.277300 0.140200 0.266400 0.079400 0.091800 0.125300 0.088900 0.129400 0.179600 0.094200 0.119400 0.101900 0.142700 0.090400 0.115100 0.145400 0.130700 0.102900 0.130000 0.140700 0.117900 0.169000 0.202500 0.081300 0.115000 0.090700 0.128500 0.128700 0.129400 0.164200 0.137000 0.132700 0.079600 0.000000 0.154300 0.119600 0.079400 0.079400 0.180100 0.196200 0.079500 0.202800 0.191300 0.154300 0.079200 0.216600 0.101200 0.090600 0.155400 0.156000 0.142000
Yak 0.079000 0.201100 0.078400 0.193000 0.066900 0.079000 0.112000 0.123500 0.067700 0.114600 0.104500 0.033900 0.089000 0.128400 0.077800 0.101700 0.081200 0.068400 0.088900 0.079700 0.126600 0.104400 0.103900 0.136700 0.092700 0.151100 0.078000 0.067200 0.126900 0.067900 0.112900 0.123400 0.069400 0.090800 0.154300 0.000000 0.131200 0.066900 0.090500 0.114900 0.103800 0.139600 0.136900 0.125900 0.000000 0.066800 0.261300 0.123700 0.077900 0.091700 0.091900 0.091300
BlueSheep 0.045600 0.266300 0.117500 0.241900 0.057100 0.045600 0.103200 0.114900 0.106500 0.156400 0.022600 0.096000 0.079700 0.119500 0.068200 0.117400 0.121900 0.107600 0.056800 0.119500 0.143600 0.045800 0.145600 0.179500 0.033800 0.142800 0.068500 0.105700 0.143500 0.106800 0.154000 0.114800 0.096000 0.081300 0.119600 0.131200 0.000000 0.057100 0.081100 0.156800 0.172400 0.131000 0.179700 0.168200 0.131200 0.057000 0.219300 0.115100 0.068300 0.119200 0.132700 0.131600
BohorReedb 0.010800 0.198900 0.055000 0.165100 0.000000 0.010800 0.043000 0.053900 0.044100 0.089900 0.033800 0.056900 0.021400 0.055900 0.010700 0.054700 0.056700 0.044500 0.021600 0.055600 0.077900 0.056400 0.078900 0.111800 0.022200 0.077500 0.010700 0.044000 0.077900 0.044200 0.088600 0.053900 0.045400 0.021600 0.079400 0.066900 0.057100 0.000000 0.021600 0.090100 0.102800 0.066500 0.111900 0.101000 0.066900 0.000000 0.200400 0.053700 0.010700 0.067500 0.067300 0.066800
KirksDik 0.033000 0.227600 0.078100 0.191700 0.021600 0.033000 0.065500 0.053900 0.067200 0.114100 0.057100 0.080900 0.043400 0.079400 0.032500 0.054800 0.080500 0.067800 0.043800 0.079100 0.055100 0.080100 0.103100 0.136300 0.045100 0.077500 0.032600 0.067000 0.077900 0.067300 0.112500 0.076400 0.069100 0.044000 0.079400 0.090500 0.081100 0.021600 0.000000 0.114400 0.127700 0.066600 0.136400 0.125300 0.090500 0.021700 0.214400 0.076200 0.032500 0.091300 0.091200 0.090500
RoeDeer 0.102600 0.214700 0.090100 0.220100 0.090100 0.102600 0.135900 0.147600 0.091300 0.021500 0.130700 0.105700 0.112500 0.153300 0.101500 0.150700 0.081000 0.068200 0.113700 0.103600 0.177400 0.154800 0.033200 0.043200 0.117200 0.163600 0.101400 0.090600 0.138500 0.091500 0.043300 0.123500 0.069200 0.114700 0.180100 0.114900 0.156800 0.090100 0.114400 0.000000 0.033200 0.164700 0.043200 0.032600 0.114900 0.090000 0.290000 0.147800 0.089500 0.103700 0.116100 0.115300
WhiteLippe 0.116100 0.231500 0.103300 0.207900 0.102800 0.116100 0.150000 0.162000 0.104200 0.010900 0.145500 0.094300 0.126100 0.168400 0.114400 0.164800 0.093900 0.080600 0.127400 0.116800 0.165500 0.170100 0.021700 0.054900 0.131400 0.178100 0.114800 0.103800 0.152300 0.104400 0.032700 0.137200 0.082200 0.128100 0.196200 0.103800 0.172400 0.102800 0.127700 0.033200 0.000000 0.179400 0.032600 0.044100 0.103800 0.103100 0.276900 0.161500 0.102500 0.117500 0.129600 0.128700
ThomsonGaz 0.078800 0.287700 0.126000 0.247500 0.066500 0.078800 0.111900 0.076400 0.114900 0.164300 0.105600 0.130800 0.088900 0.128200 0.077700 0.077500 0.130000 0.116000 0.089900 0.115400 0.101400 0.129300 0.153200 0.186900 0.092600 0.054900 0.077900 0.114600 0.090300 0.114700 0.161800 0.099600 0.118300 0.090300 0.079500 0.139600 0.131000 0.066500 0.066600 0.164700 0.179400 0.000000 0.187400 0.175800 0.139600 0.066700 0.214700 0.087800 0.077800 0.140700 0.140500 0.127100
MuntiacusC 0.124500 0.268100 0.111900 0.203000 0.111900 0.124500 0.157600 0.169300 0.113300 0.021200 0.153400 0.128200 0.134100 0.175800 0.122700 0.173100 0.103300 0.090200 0.135600 0.125800 0.200200 0.177500 0.032500 0.042400 0.139600 0.186200 0.123100 0.112400 0.160800 0.113500 0.041900 0.145100 0.091500 0.136800 0.202800 0.136900 0.179700 0.111900 0.136400 0.043200 0.032600 0.187400 0.000000 0.032000 0.136900 0.111700 0.315300 0.169400 0.111100 0.125900 0.138400 0.137400
WhiteTaile 0.113500 0.256000 0.101000 0.218300 0.101000 0.113500 0.146700 0.158400 0.102200 0.032400 0.142000 0.116900 0.123300 0.138800 0.111800 0.161700 0.092100 0.079200 0.124500 0.114600 0.188500 0.166000 0.044000 0.031800 0.128300 0.174700 0.112200 0.101500 0.149500 0.102500 0.054000 0.134200 0.080300 0.125700 0.191300 0.125900 0.168200 0.101000 0.125300 0.032600 0.044100 0.175800 0.032000 0.000000 0.125900 0.100800 0.302500 0.158600 0.100300 0.114800 0.127200 0.126300
Cattle 0.079000 0.201100 0.078400 0.193000 0.066900 0.079000 0.112000 0.123500 0.067700 0.114900 0.105800 0.033900 0.089000 0.128400 0.077900 0.101700 0.081200 0.068400 0.090000 0.079700 0.126600 0.104400 0.103900 0.136800 0.092700 0.151100 0.078000 0.067200 0.126900 0.067900 0.112900 0.123400 0.069400 0.090800 0.154300 0.000000 0.131200 0.066900 0.090500 0.114900 0.103800 0.139600 0.136900 0.125900 0.000000 0.066200 0.261300 0.123700 0.077900 0.091700 0.091900 0.091300
RoyalAntel 0.010800 0.199200 0.054900 0.165400 0.000000 0.010800 0.043000 0.053800 0.044200 0.089700 0.033700 0.055800 0.021300 0.054700 0.010700 0.054800 0.056800 0.044600 0.021500 0.055700 0.078100 0.055500 0.079100 0.111500 0.022200 0.077700 0.010700 0.043900 0.078000 0.044300 0.088400 0.053700 0.045300 0.021700 0.079200 0.066800 0.057000 0.000000 0.021700 0.090000 0.103100 0.066700 0.111700 0.100800 0.066200 0.000000 0.201000 0.053800 0.010700 0.067300 0.067500 0.067000
Steenbok 0.202200 0.410300 0.259700 0.358000 0.200400 0.202200 0.254000 0.252000 0.262100 0.289700 0.190300 0.236600 0.212000 0.279200 0.213500 0.256500 0.284400 0.264800 0.214300 0.278400 0.257700 0.216300 0.277300 0.315000 0.189300 0.242500 0.199600 0.261200 0.258100 0.263000 0.284700 0.253200 0.253600 0.215500 0.216600 0.261300 0.219300 0.200400 0.214400 0.290000 0.276900 0.214700 0.315300 0.302500 0.261300 0.201000 0.000000 0.237100 0.199900 0.262600 0.295200 0.292200
Impala 0.065400 0.235500 0.110800 0.226300 0.053700 0.065400 0.097500 0.097200 0.100000 0.147400 0.090700 0.114800 0.075300 0.101100 0.064400 0.110400 0.113600 0.100900 0.076100 0.088400 0.134800 0.113600 0.136400 0.169300 0.078300 0.122200 0.064700 0.099700 0.123300 0.098200 0.145300 0.108500 0.102700 0.076400 0.101200 0.123700 0.115100 0.053700 0.076200 0.147800 0.161500 0.087800 0.169400 0.158600 0.123700 0.053800 0.237100 0.000000 0.064600 0.124500 0.124500 0.099700
Klipspring 0.021600 0.184000 0.042900 0.177300 0.010700 0.021500 0.053700 0.064500 0.055300 0.089400 0.044900 0.068200 0.032000 0.066600 0.021300 0.065800 0.068100 0.055800 0.032300 0.066900 0.089300 0.067500 0.078700 0.111000 0.033300 0.065700 0.021400 0.054900 0.077700 0.055400 0.088000 0.042100 0.055900 0.032600 0.090600 0.077900 0.068300 0.010700 0.032500 0.089500 0.102500 0.077800 0.111100 0.100300 0.077900 0.010700 0.199900 0.064600 0.000000 0.055400 0.078700 0.078100
ForestMusk 0.067700 0.202800 0.054700 0.222600 0.067500 0.067700 0.089100 0.124500 0.068300 0.103500 0.092900 0.082000 0.089800 0.129400 0.078400 0.127100 0.081900 0.069000 0.078800 0.080400 0.153200 0.117700 0.092800 0.125800 0.093500 0.127000 0.078700 0.067300 0.115600 0.068400 0.102000 0.100500 0.070000 0.091600 0.155400 0.091700 0.119200 0.067500 0.091300 0.103700 0.117500 0.140700 0.125900 0.114800 0.091700 0.067300 0.262600 0.124500 0.055400 0.000000 0.092600 0.092000
Bushbuck 0.079800 0.231300 0.032900 0.222200 0.067300 0.079800 0.113300 0.100700 0.022000 0.115800 0.107000 0.082100 0.090000 0.129800 0.078600 0.127000 0.081700 0.068800 0.091000 0.033300 0.127500 0.131000 0.104600 0.138200 0.093700 0.126800 0.078900 0.022000 0.127700 0.022100 0.114100 0.124800 0.070100 0.091400 0.156000 0.091900 0.132700 0.067300 0.091200 0.116100 0.129600 0.140500 0.138400 0.127200 0.091900 0.067500 0.295200 0.124500 0.078700 0.092600 0.000000 0.044500
GreaterKud 0.079200 0.229500 0.032700 0.220300 0.066800 0.079200 0.112400 0.088400 0.021600 0.115000 0.106100 0.081600 0.089300 0.128800 0.078000 0.126000 0.081100 0.068300 0.090300 0.010800 0.126500 0.129900 0.103800 0.137300 0.093000 0.113800 0.078300 0.021800 0.126700 0.018700 0.113300 0.123800 0.069600 0.090700 0.142000 0.091300 0.131600 0.066800 0.090500 0.115300 0.128700 0.127100 0.137400 0.126300 0.091300 0.067000 0.292200 0.099700 0.078100 0.092000 0.044500 0.000000
