CODONML (in paml version 4.10.7, June 2023)  /home/rachel/ruminants_paml/6406-phy-tree/ENSBTAT00000027892.fasta.phy
Model: free dN/dS Ratios for branches,  kappa = 2.000 fixed

Codon frequency model: F3x4
ns =  54  ls =  52

Codon usage in sequences
--------------------------------------------------------------------------------------------------------------------------------------
Phe TTT   1   0   1   1   0   0 | Ser TCT   0   1   0   0   0   0 | Tyr TAT   0   0   0   1   0   0 | Cys TGT   1   0   1   1   0   1
    TTC   1   2   1   1   2   2 |     TCC   2   1   2   2   2   2 |     TAC   1   1   1   0   0   1 |     TGC   6   7   6   6   8   6
Leu TTA   0   0   0   0   0   0 |     TCA   0   0   0   0   1   0 | *** TAA   0   0   0   0   0   0 | *** TGA   0   0   0   0   0   0
    TTG   0   0   0   0   0   0 |     TCG   0   1   0   0   0   1 |     TAG   0   0   0   0   0   0 | Trp TGG   0   0   0   0   0   0
--------------------------------------------------------------------------------------------------------------------------------------
Leu CTT   0   0   1   0   0   1 | Pro CCT   1   2   0   0   1   0 | His CAT   0   0   0   0   0   0 | Arg CGT   0   0   0   0   0   0
    CTC   2   1   1   2   3   1 |     CCC   4   3   4   4   4   4 |     CAC   1   1   1   1   1   1 |     CGC   1   1   1   1   1   1
    CTA   0   0   0   1   0   0 |     CCA   0   1   1   0   0   2 | Gln CAA   0   0   0   0   0   0 |     CGA   1   1   1   1   0   0
    CTG   4   5   4   3   3   4 |     CCG   2   1   2   3   2   1 |     CAG   3   3   3   3   3   3 |     CGG   0   0   0   0   1   1
--------------------------------------------------------------------------------------------------------------------------------------
Ile ATT   0   0   0   0   0   0 | Thr ACT   0   0   0   0   0   0 | Asn AAT   0   0   0   0   0   0 | Ser AGT   1   1   1   1   1   1
    ATC   0   0   0   0   0   0 |     ACC   0   0   0   0   1   0 |     AAC   0   0   0   0   0   0 |     AGC   0   0   0   0   0   0
    ATA   0   0   0   0   0   0 |     ACA   0   0   0   0   0   0 | Lys AAA   0   0   0   0   0   1 | Arg AGA   0   0   0   0   0   0
Met ATG   0   0   0   0   0   0 |     ACG   0   0   0   0   0   0 |     AAG   7   7   7   7   7   6 |     AGG   0   0   0   0   0   0
--------------------------------------------------------------------------------------------------------------------------------------
Val GTT   0   0   0   0   0   0 | Ala GCT   1   1   1   1   0   0 | Asp GAT   0   0   0   0   0   0 | Gly GGT   0   0   0   0   0   0
    GTC   0   0   0   0   0   0 |     GCC   1   1   1   1   1   2 |     GAC   2   2   2   2   2   2 |     GGC   1   1   1   1   1   1
    GTA   0   0   0   1   0   0 |     GCA   1   0   0   0   0   1 | Glu GAA   0   0   0   0   0   0 |     GGA   0   0   0   0   0   0
    GTG   3   3   3   2   3   3 |     GCG   1   1   2   2   1   0 |     GAG   2   2   2   2   2   2 |     GGG   1   1   1   1   1   1
--------------------------------------------------------------------------------------------------------------------------------------

--------------------------------------------------------------------------------------------------------------------------------------
Phe TTT   1   1   1   1   1   0 | Ser TCT   0   0   0   0   0   0 | Tyr TAT   0   0   0   0   0   0 | Cys TGT   1   1   2   1   2   1
    TTC   1   1   1   1   1   2 |     TCC   2   2   2   2   2   2 |     TAC   1   1   1   1   1   1 |     TGC   6   6   5   6   5   6
Leu TTA   0   0   0   0   0   0 |     TCA   0   0   0   0   0   0 | *** TAA   0   0   0   0   0   0 | *** TGA   0   0   0   0   0   0
    TTG   0   0   0   0   0   0 |     TCG   0   0   0   0   0   0 |     TAG   0   0   0   0   0   0 | Trp TGG   0   0   0   0   0   0
--------------------------------------------------------------------------------------------------------------------------------------
Leu CTT   0   0   0   0   1   0 | Pro CCT   0   1   0   0   0   0 | His CAT   0   0   0   0   0   0 | Arg CGT   0   0   0   0   0   0
    CTC   2   2   2   2   1   2 |     CCC   3   4   4   4   4   4 |     CAC   1   1   1   1   1   1 |     CGC   1   1   1   1   1   1
    CTA   0   0   0   0   0   0 |     CCA   0   0   1   2   0   1 | Gln CAA   0   0   0   0   0   0 |     CGA   1   1   1   1   1   1
    CTG   4   4   4   4   4   4 |     CCG   4   2   2   1   3   2 |     CAG   3   3   3   3   3   3 |     CGG   0   0   0   0   0   0
--------------------------------------------------------------------------------------------------------------------------------------
Ile ATT   0   0   0   0   0   0 | Thr ACT   0   0   0   0   0   0 | Asn AAT   0   0   0   0   0   0 | Ser AGT   1   1   1   1   1   1
    ATC   0   0   0   0   0   0 |     ACC   0   0   0   0   0   0 |     AAC   0   0   0   0   0   0 |     AGC   0   0   0   0   0   0
    ATA   0   0   0   0   0   0 |     ACA   0   0   0   0   0   0 | Lys AAA   1   0   0   0   0   0 | Arg AGA   0   0   0   0   0   0
Met ATG   0   0   0   0   0   0 |     ACG   0   0   0   0   0   0 |     AAG   6   7   7   7   7   7 |     AGG   0   0   0   0   0   0
--------------------------------------------------------------------------------------------------------------------------------------
Val GTT   0   0   0   0   0   0 | Ala GCT   1   1   1   1   1   1 | Asp GAT   0   0   0   0   0   0 | Gly GGT   0   0   0   0   0   0
    GTC   0   0   0   0   0   0 |     GCC   1   1   1   1   1   1 |     GAC   2   2   2   2   2   2 |     GGC   1   1   1   1   0   1
    GTA   1   0   0   0   0   0 |     GCA   1   1   0   0   0   1 | Glu GAA   0   0   0   0   0   0 |     GGA   0   0   0   0   1   0
    GTG   2   3   3   3   3   3 |     GCG   1   1   2   2   2   1 |     GAG   2   2   2   2   2   2 |     GGG   1   1   1   1   1   1
--------------------------------------------------------------------------------------------------------------------------------------

--------------------------------------------------------------------------------------------------------------------------------------
Phe TTT   1   1   1   1   1   1 | Ser TCT   0   0   0   0   0   0 | Tyr TAT   0   0   0   0   0   0 | Cys TGT   1   1   1   2   1   1
    TTC   1   1   1   1   1   1 |     TCC   2   2   2   2   2   2 |     TAC   1   1   1   1   1   1 |     TGC   6   6   6   5   6   6
Leu TTA   0   0   0   0   0   0 |     TCA   0   0   0   0   0   0 | *** TAA   0   0   0   0   0   0 | *** TGA   0   0   0   0   0   0
    TTG   0   0   0   0   0   0 |     TCG   0   0   0   0   0   0 |     TAG   0   0   0   0   0   0 | Trp TGG   0   0   0   0   0   0
--------------------------------------------------------------------------------------------------------------------------------------
Leu CTT   0   0   0   0   0   0 | Pro CCT   1   0   0   0   0   0 | His CAT   0   0   0   1   0   0 | Arg CGT   0   0   0   0   0   0
    CTC   2   2   2   2   2   3 |     CCC   4   4   4   4   4   4 |     CAC   1   1   1   0   1   1 |     CGC   1   1   1   1   1   1
    CTA   0   0   0   0   0   0 |     CCA   0   0   0   0   0   2 | Gln CAA   0   0   0   0   0   0 |     CGA   1   1   1   1   1   1
    CTG   4   4   4   4   4   3 |     CCG   2   3   3   3   3   1 |     CAG   3   3   3   3   3   3 |     CGG   0   0   0   0   0   0
--------------------------------------------------------------------------------------------------------------------------------------
Ile ATT   0   0   0   0   0   0 | Thr ACT   0   0   0   0   0   0 | Asn AAT   0   0   0   0   0   0 | Ser AGT   1   1   1   1   1   1
    ATC   0   0   0   0   0   0 |     ACC   0   0   0   0   0   0 |     AAC   0   0   0   0   0   0 |     AGC   0   0   0   0   0   0
    ATA   0   0   0   0   0   0 |     ACA   0   0   0   0   0   0 | Lys AAA   0   0   0   0   0   0 | Arg AGA   0   0   0   0   0   0
Met ATG   0   0   0   0   0   0 |     ACG   0   0   0   0   0   0 |     AAG   7   7   7   7   7   7 |     AGG   0   0   0   0   0   0
--------------------------------------------------------------------------------------------------------------------------------------
Val GTT   0   0   0   0   0   0 | Ala GCT   1   1   1   1   1   1 | Asp GAT   0   0   0   0   0   0 | Gly GGT   0   0   0   0   0   0
    GTC   0   0   0   0   0   0 |     GCC   1   1   1   1   1   1 |     GAC   2   2   2   2   2   2 |     GGC   1   1   1   1   1   1
    GTA   0   0   0   0   0   0 |     GCA   1   0   1   0   1   0 | Glu GAA   0   0   0   0   0   0 |     GGA   0   0   0   0   0   0
    GTG   3   3   3   3   3   3 |     GCG   1   2   1   2   1   2 |     GAG   2   2   2   2   2   2 |     GGG   1   1   1   1   1   1
--------------------------------------------------------------------------------------------------------------------------------------

--------------------------------------------------------------------------------------------------------------------------------------
Phe TTT   0   1   1   1   1   1 | Ser TCT   0   0   0   0   0   0 | Tyr TAT   0   0   0   0   0   0 | Cys TGT   1   1   2   2   1   1
    TTC   2   1   1   1   1   1 |     TCC   2   2   2   2   2   2 |     TAC   1   1   1   1   1   1 |     TGC   6   6   5   5   6   6
Leu TTA   0   0   0   0   0   0 |     TCA   0   0   0   0   0   0 | *** TAA   0   0   0   0   0   0 | *** TGA   0   0   0   0   0   0
    TTG   0   0   0   0   0   0 |     TCG   0   0   0   0   0   0 |     TAG   0   0   0   0   0   0 | Trp TGG   0   0   0   0   0   0
--------------------------------------------------------------------------------------------------------------------------------------
Leu CTT   0   0   1   1   0   0 | Pro CCT   0   0   1   0   0   1 | His CAT   0   0   0   0   0   0 | Arg CGT   0   0   0   0   0   0
    CTC   2   2   1   1   2   2 |     CCC   4   4   4   4   4   4 |     CAC   1   1   1   1   1   1 |     CGC   1   1   1   1   1   1
    CTA   0   0   0   0   0   0 |     CCA   1   1   0   0   1   0 | Gln CAA   0   0   0   0   0   0 |     CGA   1   1   1   1   1   1
    CTG   4   4   4   4   4   4 |     CCG   2   2   2   3   2   2 |     CAG   3   3   3   3   3   3 |     CGG   0   0   0   0   0   0
--------------------------------------------------------------------------------------------------------------------------------------
Ile ATT   0   0   0   0   0   0 | Thr ACT   0   0   0   0   0   0 | Asn AAT   0   0   0   0   0   0 | Ser AGT   1   1   1   1   1   1
    ATC   0   0   0   0   0   0 |     ACC   0   0   0   0   0   0 |     AAC   0   0   0   0   0   0 |     AGC   0   0   0   0   0   0
    ATA   0   0   0   0   0   0 |     ACA   0   0   0   0   0   0 | Lys AAA   1   1   0   0   0   0 | Arg AGA   0   0   0   0   0   0
Met ATG   0   0   0   0   0   0 |     ACG   0   0   0   0   0   0 |     AAG   6   6   7   7   7   7 |     AGG   0   0   0   0   0   0
--------------------------------------------------------------------------------------------------------------------------------------
Val GTT   0   0   0   0   0   0 | Ala GCT   1   1   1   1   1   1 | Asp GAT   0   0   0   0   0   0 | Gly GGT   0   0   0   0   0   0
    GTC   0   0   0   0   0   0 |     GCC   1   1   1   1   1   1 |     GAC   2   2   2   2   2   2 |     GGC   1   1   1   0   0   1
    GTA   0   0   0   0   0   0 |     GCA   1   1   1   0   0   1 | Glu GAA   1   0   0   0   0   0 |     GGA   0   0   0   1   1   0
    GTG   3   3   3   3   3   3 |     GCG   1   1   1   2   2   1 |     GAG   1   2   2   2   2   2 |     GGG   1   1   1   1   1   1
--------------------------------------------------------------------------------------------------------------------------------------

--------------------------------------------------------------------------------------------------------------------------------------
Phe TTT   0   0   1   1   1   1 | Ser TCT   0   0   0   0   0   0 | Tyr TAT   0   0   0   0   0   0 | Cys TGT   1   2   1   1   1   2
    TTC   2   2   1   1   1   1 |     TCC   2   2   2   2   2   2 |     TAC   1   1   1   1   1   1 |     TGC   6   5   6   6   6   5
Leu TTA   0   0   0   0   0   0 |     TCA   0   0   0   0   0   0 | *** TAA   0   0   0   0   0   0 | *** TGA   0   0   0   0   0   0
    TTG   0   0   0   0   0   0 |     TCG   0   0   0   0   0   0 |     TAG   0   0   0   0   0   0 | Trp TGG   0   0   0   0   0   0
--------------------------------------------------------------------------------------------------------------------------------------
Leu CTT   0   0   0   0   0   1 | Pro CCT   1   0   1   0   0   0 | His CAT   0   0   0   0   0   1 | Arg CGT   0   0   0   0   0   0
    CTC   2   2   2   2   2   1 |     CCC   3   4   4   4   4   4 |     CAC   1   1   1   1   1   0 |     CGC   1   1   1   1   1   1
    CTA   0   0   0   0   0   0 |     CCA   1   2   0   1   0   0 | Gln CAA   0   0   0   0   0   0 |     CGA   1   1   1   1   1   1
    CTG   4   4   4   4   4   4 |     CCG   2   1   2   2   3   3 |     CAG   3   3   3   3   3   3 |     CGG   0   0   0   0   0   0
--------------------------------------------------------------------------------------------------------------------------------------
Ile ATT   0   0   0   0   0   0 | Thr ACT   0   0   0   0   0   0 | Asn AAT   0   0   0   0   0   0 | Ser AGT   1   1   1   1   1   1
    ATC   0   0   0   0   0   0 |     ACC   0   0   0   0   0   0 |     AAC   0   0   0   0   0   0 |     AGC   0   0   0   0   0   0
    ATA   0   0   0   0   0   0 |     ACA   0   0   0   0   0   0 | Lys AAA   0   0   0   0   0   0 | Arg AGA   0   0   0   0   0   0
Met ATG   0   0   0   0   0   0 |     ACG   0   0   0   0   0   0 |     AAG   7   7   7   7   7   7 |     AGG   0   0   0   0   0   0
--------------------------------------------------------------------------------------------------------------------------------------
Val GTT   0   0   0   0   0   0 | Ala GCT   1   1   1   1   1   1 | Asp GAT   0   0   0   0   0   0 | Gly GGT   0   0   0   0   0   0
    GTC   0   0   0   0   0   0 |     GCC   1   1   1   1   1   1 |     GAC   2   2   2   2   2   2 |     GGC   1   1   1   1   1   0
    GTA   0   0   0   0   0   0 |     GCA   1   1   1   0   1   0 | Glu GAA   0   0   0   0   0   0 |     GGA   0   0   0   0   0   1
    GTG   3   3   3   3   3   3 |     GCG   1   1   1   2   1   2 |     GAG   2   2   2   2   2   2 |     GGG   1   1   1   1   1   1
--------------------------------------------------------------------------------------------------------------------------------------

--------------------------------------------------------------------------------------------------------------------------------------
Phe TTT   1   1   0   1   0   1 | Ser TCT   0   0   0   0   0   0 | Tyr TAT   0   0   0   0   0   0 | Cys TGT   1   1   1   1   1   1
    TTC   1   1   2   1   2   1 |     TCC   2   2   2   2   2   2 |     TAC   1   1   1   1   1   1 |     TGC   6   6   6   6   6   6
Leu TTA   0   0   0   0   0   0 |     TCA   0   0   0   0   0   0 | *** TAA   0   0   0   0   0   0 | *** TGA   0   0   0   0   0   0
    TTG   0   0   0   0   0   0 |     TCG   0   0   0   0   0   0 |     TAG   0   0   0   0   0   0 | Trp TGG   0   0   0   0   0   0
--------------------------------------------------------------------------------------------------------------------------------------
Leu CTT   0   1   0   0   0   0 | Pro CCT   0   0   0   0   0   0 | His CAT   0   0   0   0   0   0 | Arg CGT   0   0   0   0   0   0
    CTC   2   1   2   2   2   2 |     CCC   4   4   4   4   4   4 |     CAC   1   1   1   0   1   1 |     CGC   1   1   1   1   1   1
    CTA   0   0   0   0   0   0 |     CCA   1   0   1   0   0   1 | Gln CAA   0   0   0   1   0   0 |     CGA   1   1   1   1   1   1
    CTG   4   4   4   4   4   4 |     CCG   2   3   2   3   3   2 |     CAG   3   3   3   3   3   3 |     CGG   0   0   0   0   0   0
--------------------------------------------------------------------------------------------------------------------------------------
Ile ATT   0   0   0   0   0   0 | Thr ACT   0   0   0   0   0   0 | Asn AAT   0   0   0   0   0   0 | Ser AGT   1   1   1   1   1   1
    ATC   0   0   0   0   0   0 |     ACC   0   0   0   0   0   0 |     AAC   0   0   0   0   0   0 |     AGC   0   0   0   0   0   0
    ATA   0   0   0   0   0   0 |     ACA   0   0   0   0   0   0 | Lys AAA   0   0   0   0   0   0 | Arg AGA   0   0   0   0   0   0
Met ATG   0   0   0   0   1   0 |     ACG   0   0   0   0   0   0 |     AAG   7   7   7   7   7   7 |     AGG   0   0   0   0   0   0
--------------------------------------------------------------------------------------------------------------------------------------
Val GTT   0   0   0   0   0   0 | Ala GCT   1   1   1   1   1   1 | Asp GAT   0   0   0   0   0   0 | Gly GGT   0   0   0   0   0   0
    GTC   0   0   0   0   0   0 |     GCC   1   1   1   1   1   1 |     GAC   2   2   2   2   2   2 |     GGC   1   1   1   1   1   1
    GTA   0   0   0   0   1   0 |     GCA   0   1   1   0   0   1 | Glu GAA   0   0   0   0   0   0 |     GGA   0   0   0   0   0   0
    GTG   3   3   3   3   1   3 |     GCG   2   1   1   2   2   1 |     GAG   2   2   2   2   2   2 |     GGG   1   1   1   1   1   1
--------------------------------------------------------------------------------------------------------------------------------------

--------------------------------------------------------------------------------------------------------------------------------------
Phe TTT   1   1   1   1   1   0 | Ser TCT   0   0   0   0   0   0 | Tyr TAT   0   0   0   0   0   0 | Cys TGT   1   1   1   1   1   1
    TTC   1   1   1   1   1   2 |     TCC   2   2   2   2   2   2 |     TAC   1   1   1   1   1   1 |     TGC   6   6   6   6   6   6
Leu TTA   0   0   0   0   0   0 |     TCA   0   0   0   0   0   0 | *** TAA   0   0   0   0   0   0 | *** TGA   0   0   0   0   0   0
    TTG   0   0   0   0   0   0 |     TCG   0   0   0   0   0   0 |     TAG   0   0   0   0   0   0 | Trp TGG   0   0   0   0   0   0
--------------------------------------------------------------------------------------------------------------------------------------
Leu CTT   0   0   0   0   0   0 | Pro CCT   0   0   1   0   0   0 | His CAT   1   0   0   0   0   0 | Arg CGT   0   0   0   0   0   0
    CTC   2   2   2   2   2   2 |     CCC   4   4   4   3   4   4 |     CAC   0   1   1   1   1   1 |     CGC   1   1   1   1   1   1
    CTA   0   0   0   0   0   0 |     CCA   0   0   0   0   1   3 | Gln CAA   0   0   0   0   0   0 |     CGA   1   1   1   1   1   1
    CTG   4   4   4   4   4   4 |     CCG   3   3   2   4   2   0 |     CAG   3   3   3   3   3   3 |     CGG   0   0   0   0   0   0
--------------------------------------------------------------------------------------------------------------------------------------
Ile ATT   0   0   0   0   0   0 | Thr ACT   0   0   0   0   0   0 | Asn AAT   0   0   0   0   0   0 | Ser AGT   1   1   1   1   1   1
    ATC   0   0   0   0   0   0 |     ACC   0   0   0   0   0   0 |     AAC   0   0   0   0   0   0 |     AGC   0   0   0   0   0   0
    ATA   0   0   0   0   0   0 |     ACA   0   0   0   0   0   0 | Lys AAA   1   0   0   1   0   0 | Arg AGA   0   0   0   0   0   0
Met ATG   0   0   0   0   0   0 |     ACG   0   0   0   0   0   0 |     AAG   6   7   7   6   7   7 |     AGG   0   0   0   0   0   0
--------------------------------------------------------------------------------------------------------------------------------------
Val GTT   0   0   0   0   0   0 | Ala GCT   1   1   1   1   1   1 | Asp GAT   0   0   0   0   0   0 | Gly GGT   0   0   0   0   0   0
    GTC   0   0   0   0   0   0 |     GCC   1   1   1   1   1   1 |     GAC   2   2   2   2   2   2 |     GGC   1   1   1   1   1   1
    GTA   0   0   0   1   0   0 |     GCA   1   0   1   1   1   1 | Glu GAA   0   0   0   0   0   0 |     GGA   1   0   0   0   0   0
    GTG   3   3   3   2   3   3 |     GCG   1   2   1   1   1   1 |     GAG   2   2   2   2   2   2 |     GGG   0   1   1   1   1   1
--------------------------------------------------------------------------------------------------------------------------------------

--------------------------------------------------------------------------------------------------------------------------------------
Phe TTT   0   1   0   0   1   1 | Ser TCT   0   0   0   0   0   0 | Tyr TAT   0   0   0   0   0   0 | Cys TGT   1   1   1   1   1   1
    TTC   2   1   2   2   1   1 |     TCC   2   2   2   2   2   2 |     TAC   1   1   1   1   1   1 |     TGC   6   6   6   6   6   6
Leu TTA   0   0   0   0   0   0 |     TCA   0   0   0   0   0   0 | *** TAA   0   0   0   0   0   0 | *** TGA   0   0   0   0   0   0
    TTG   0   0   0   0   0   0 |     TCG   0   0   0   0   0   0 |     TAG   0   0   0   0   0   0 | Trp TGG   0   0   0   0   0   0
--------------------------------------------------------------------------------------------------------------------------------------
Leu CTT   0   0   0   0   0   0 | Pro CCT   1   0   0   0   0   0 | His CAT   0   0   0   0   0   0 | Arg CGT   0   0   0   0   0   0
    CTC   2   2   2   2   2   2 |     CCC   3   4   4   4   4   4 |     CAC   1   1   1   1   1   1 |     CGC   1   1   1   1   1   1
    CTA   0   0   0   0   0   0 |     CCA   1   1   1   1   0   0 | Gln CAA   0   0   1   0   0   0 |     CGA   1   1   1   1   1   1
    CTG   4   4   4   4   4   4 |     CCG   2   2   2   2   3   3 |     CAG   3   3   2   3   3   3 |     CGG   0   0   0   0   0   0
--------------------------------------------------------------------------------------------------------------------------------------
Ile ATT   0   0   0   0   0   0 | Thr ACT   0   0   0   0   0   0 | Asn AAT   0   0   0   0   0   0 | Ser AGT   1   1   1   1   1   1
    ATC   0   0   0   0   0   0 |     ACC   0   0   0   0   0   0 |     AAC   0   0   0   0   0   0 |     AGC   0   0   0   0   0   0
    ATA   0   0   0   0   0   0 |     ACA   0   0   0   0   0   0 | Lys AAA   0   0   0   0   0   0 | Arg AGA   0   0   0   0   0   0
Met ATG   0   0   0   0   0   0 |     ACG   0   0   0   0   0   0 |     AAG   7   7   7   7   7   7 |     AGG   0   0   0   0   0   0
--------------------------------------------------------------------------------------------------------------------------------------
Val GTT   0   0   0   0   0   0 | Ala GCT   1   1   1   1   1   1 | Asp GAT   0   0   0   0   0   0 | Gly GGT   0   0   0   0   0   0
    GTC   0   0   0   0   0   0 |     GCC   1   1   1   1   1   1 |     GAC   2   2   2   2   2   2 |     GGC   1   1   1   1   1   1
    GTA   0   0   0   0   0   0 |     GCA   1   0   1   1   0   0 | Glu GAA   0   0   0   0   0   0 |     GGA   0   0   0   0   0   0
    GTG   3   3   3   3   3   3 |     GCG   1   2   1   1   2   2 |     GAG   2   2   2   2   2   2 |     GGG   1   1   1   1   1   1
--------------------------------------------------------------------------------------------------------------------------------------

--------------------------------------------------------------------------------------------------------------------------------------
Phe TTT   1   1   1   1   1   1 | Ser TCT   0   0   0   0   0   0 | Tyr TAT   0   0   0   1   0   0 | Cys TGT   1   1   1   1   2   2
    TTC   1   1   1   1   1   1 |     TCC   2   2   2   2   2   2 |     TAC   1   1   1   0   1   1 |     TGC   6   6   6   6   5   5
Leu TTA   0   0   0   0   0   0 |     TCA   0   0   0   0   0   0 | *** TAA   0   0   0   0   0   0 | *** TGA   0   0   0   0   0   0
    TTG   0   0   0   0   0   0 |     TCG   0   0   0   0   0   0 |     TAG   0   0   0   0   0   0 | Trp TGG   0   0   0   0   0   0
--------------------------------------------------------------------------------------------------------------------------------------
Leu CTT   1   0   1   0   1   1 | Pro CCT   0   0   0   0   0   0 | His CAT   0   0   0   0   0   0 | Arg CGT   0   0   0   0   0   0
    CTC   1   3   1   2   1   1 |     CCC   4   4   4   4   4   4 |     CAC   1   1   1   1   1   1 |     CGC   1   1   1   1   1   1
    CTA   0   0   0   1   0   0 |     CCA   2   1   0   0   0   1 | Gln CAA   0   0   0   0   0   0 |     CGA   1   1   1   1   1   1
    CTG   4   3   4   3   4   4 |     CCG   1   2   3   3   3   2 |     CAG   3   3   3   3   3   3 |     CGG   0   0   0   0   0   0
--------------------------------------------------------------------------------------------------------------------------------------
Ile ATT   0   0   0   0   0   0 | Thr ACT   0   0   0   0   0   0 | Asn AAT   0   0   0   0   0   0 | Ser AGT   1   1   1   1   1   1
    ATC   0   0   0   0   0   0 |     ACC   0   0   0   0   0   0 |     AAC   0   0   0   0   0   0 |     AGC   0   0   0   0   0   0
    ATA   0   0   0   0   0   0 |     ACA   0   0   0   0   0   0 | Lys AAA   0   0   0   0   0   0 | Arg AGA   0   0   0   0   0   0
Met ATG   0   0   0   0   0   0 |     ACG   0   0   0   0   0   0 |     AAG   7   7   7   7   7   7 |     AGG   0   0   0   0   0   0
--------------------------------------------------------------------------------------------------------------------------------------
Val GTT   0   0   0   0   0   0 | Ala GCT   2   1   1   1   1   1 | Asp GAT   0   0   0   0   0   0 | Gly GGT   0   0   0   0   0   0
    GTC   0   0   0   0   0   0 |     GCC   0   1   1   1   1   1 |     GAC   2   2   2   2   2   2 |     GGC   1   1   1   1   0   0
    GTA   0   0   0   1   0   0 |     GCA   1   0   0   0   0   0 | Glu GAA   0   0   0   0   0   0 |     GGA   0   0   0   0   1   1
    GTG   3   3   3   2   3   3 |     GCG   1   2   2   2   2   2 |     GAG   2   2   2   2   2   2 |     GGG   1   1   1   1   1   1
--------------------------------------------------------------------------------------------------------------------------------------

Codon position x base (3x4) table for each sequence.

#1: Argali         
position  1:    T:0.23077    C:0.36538    A:0.15385    G:0.25000
position  2:    T:0.21154    C:0.25000    A:0.30769    G:0.23077
position  3:    T:0.09615    C:0.42308    A:0.03846    G:0.44231
Average         T:0.17949    C:0.34615    A:0.16667    G:0.30769

#2: LesserMouseDeer
position  1:    T:0.25000    C:0.36538    A:0.15385    G:0.23077
position  2:    T:0.21154    C:0.25000    A:0.30769    G:0.23077
position  3:    T:0.09615    C:0.40385    A:0.03846    G:0.46154
Average         T:0.18590    C:0.33974    A:0.16667    G:0.30769

#3: LesserKudu     
position  1:    T:0.23077    C:0.36538    A:0.15385    G:0.25000
position  2:    T:0.21154    C:0.25000    A:0.30769    G:0.23077
position  3:    T:0.09615    C:0.40385    A:0.03846    G:0.46154
Average         T:0.17949    C:0.33974    A:0.16667    G:0.31410

#4: ForestMuskDeer2
position  1:    T:0.23077    C:0.36538    A:0.15385    G:0.25000
position  2:    T:0.21154    C:0.25000    A:0.30769    G:0.23077
position  3:    T:0.09615    C:0.40385    A:0.05769    G:0.44231
Average         T:0.17949    C:0.33974    A:0.17308    G:0.30769

#5: Camel          
position  1:    T:0.25000    C:0.36538    A:0.17308    G:0.21154
position  2:    T:0.21154    C:0.25000    A:0.28846    G:0.25000
position  3:    T:0.03846    C:0.50000    A:0.01923    G:0.44231
Average         T:0.16667    C:0.37179    A:0.16026    G:0.30128

#6: KillerWhale    
position  1:    T:0.25000    C:0.36538    A:0.15385    G:0.23077
position  2:    T:0.21154    C:0.25000    A:0.30769    G:0.23077
position  3:    T:0.05769    C:0.44231    A:0.07692    G:0.42308
Average         T:0.17308    C:0.35256    A:0.17949    G:0.29487

#7: DefassaWaterbuck
position  1:    T:0.23077    C:0.36538    A:0.15385    G:0.25000
position  2:    T:0.21154    C:0.25000    A:0.30769    G:0.23077
position  3:    T:0.07692    C:0.40385    A:0.07692    G:0.44231
Average         T:0.17308    C:0.33974    A:0.17949    G:0.30769

#8: Sheep          
position  1:    T:0.23077    C:0.36538    A:0.15385    G:0.25000
position  2:    T:0.21154    C:0.25000    A:0.30769    G:0.23077
position  3:    T:0.09615    C:0.42308    A:0.03846    G:0.44231
Average         T:0.17949    C:0.34615    A:0.16667    G:0.30769

#9: MaxwellsDuiker 
position  1:    T:0.23077    C:0.36538    A:0.15385    G:0.25000
position  2:    T:0.21154    C:0.25000    A:0.30769    G:0.23077
position  3:    T:0.09615    C:0.40385    A:0.03846    G:0.46154
Average         T:0.17949    C:0.33974    A:0.16667    G:0.31410

#10: GazellaPrzewalskyi
position  1:    T:0.23077    C:0.36538    A:0.15385    G:0.25000
position  2:    T:0.21154    C:0.25000    A:0.30769    G:0.23077
position  3:    T:0.07692    C:0.42308    A:0.05769    G:0.44231
Average         T:0.17308    C:0.34615    A:0.17308    G:0.30769

#11: MountainNyala  
position  1:    T:0.23077    C:0.36538    A:0.15385    G:0.25000
position  2:    T:0.21154    C:0.25000    A:0.30769    G:0.23077
position  3:    T:0.11538    C:0.36538    A:0.03846    G:0.48077
Average         T:0.18590    C:0.32692    A:0.16667    G:0.32051

#12: MuntiacusMuntjak
position  1:    T:0.23077    C:0.36538    A:0.15385    G:0.25000
position  2:    T:0.21154    C:0.25000    A:0.30769    G:0.23077
position  3:    T:0.05769    C:0.44231    A:0.05769    G:0.44231
Average         T:0.16667    C:0.35256    A:0.17308    G:0.30769

#13: goat           
position  1:    T:0.23077    C:0.36538    A:0.15385    G:0.25000
position  2:    T:0.21154    C:0.25000    A:0.30769    G:0.23077
position  3:    T:0.09615    C:0.42308    A:0.03846    G:0.44231
Average         T:0.17949    C:0.34615    A:0.16667    G:0.30769

#14: AfricanBuffalo 
position  1:    T:0.23077    C:0.36538    A:0.15385    G:0.25000
position  2:    T:0.21154    C:0.25000    A:0.30769    G:0.23077
position  3:    T:0.07692    C:0.42308    A:0.01923    G:0.48077
Average         T:0.17308    C:0.34615    A:0.16026    G:0.32051

#15: Topi           
position  1:    T:0.23077    C:0.36538    A:0.15385    G:0.25000
position  2:    T:0.21154    C:0.25000    A:0.30769    G:0.23077
position  3:    T:0.07692    C:0.42308    A:0.03846    G:0.46154
Average         T:0.17308    C:0.34615    A:0.16667    G:0.31410

#16: CommonDuiker   
position  1:    T:0.23077    C:0.36538    A:0.15385    G:0.25000
position  2:    T:0.21154    C:0.25000    A:0.30769    G:0.23077
position  3:    T:0.11538    C:0.38462    A:0.01923    G:0.48077
Average         T:0.18590    C:0.33333    A:0.16026    G:0.32051

#17: Suni           
position  1:    T:0.23077    C:0.36538    A:0.15385    G:0.25000
position  2:    T:0.21154    C:0.25000    A:0.30769    G:0.23077
position  3:    T:0.07692    C:0.42308    A:0.03846    G:0.46154
Average         T:0.17308    C:0.34615    A:0.16667    G:0.31410

#18: Springbuck     
position  1:    T:0.23077    C:0.36538    A:0.15385    G:0.25000
position  2:    T:0.21154    C:0.25000    A:0.30769    G:0.23077
position  3:    T:0.07692    C:0.44231    A:0.05769    G:0.42308
Average         T:0.17308    C:0.35256    A:0.17308    G:0.30128

#19: Okapi          
position  1:    T:0.23077    C:0.36538    A:0.15385    G:0.25000
position  2:    T:0.21154    C:0.25000    A:0.30769    G:0.23077
position  3:    T:0.05769    C:0.44231    A:0.09615    G:0.40385
Average         T:0.16667    C:0.35256    A:0.18590    G:0.29487

#20: Giraffe        
position  1:    T:0.23077    C:0.36538    A:0.15385    G:0.25000
position  2:    T:0.21154    C:0.25000    A:0.30769    G:0.23077
position  3:    T:0.07692    C:0.42308    A:0.07692    G:0.42308
Average         T:0.17308    C:0.34615    A:0.17949    G:0.30128

#21: TibetanAntelope
position  1:    T:0.23077    C:0.36538    A:0.15385    G:0.25000
position  2:    T:0.21154    C:0.25000    A:0.30769    G:0.23077
position  3:    T:0.13462    C:0.38462    A:0.03846    G:0.44231
Average         T:0.19231    C:0.33333    A:0.16667    G:0.30769

#22: Sitatunga      
position  1:    T:0.23077    C:0.36538    A:0.15385    G:0.25000
position  2:    T:0.21154    C:0.25000    A:0.30769    G:0.23077
position  3:    T:0.11538    C:0.36538    A:0.03846    G:0.48077
Average         T:0.18590    C:0.32692    A:0.16667    G:0.32051

#23: Oribi          
position  1:    T:0.23077    C:0.36538    A:0.15385    G:0.25000
position  2:    T:0.21154    C:0.25000    A:0.30769    G:0.23077
position  3:    T:0.07692    C:0.40385    A:0.05769    G:0.46154
Average         T:0.17308    C:0.33974    A:0.17308    G:0.31410

#24: BarbarySheep   
position  1:    T:0.23077    C:0.36538    A:0.15385    G:0.25000
position  2:    T:0.21154    C:0.25000    A:0.30769    G:0.23077
position  3:    T:0.09615    C:0.42308    A:0.03846    G:0.44231
Average         T:0.17949    C:0.34615    A:0.16667    G:0.30769

#25: Daviddeer      
position  1:    T:0.23077    C:0.36538    A:0.15385    G:0.25000
position  2:    T:0.21154    C:0.25000    A:0.30769    G:0.23077
position  3:    T:0.07692    C:0.42308    A:0.05769    G:0.44231
Average         T:0.17308    C:0.34615    A:0.17308    G:0.30769

#26: Reindeer       
position  1:    T:0.23077    C:0.36538    A:0.15385    G:0.25000
position  2:    T:0.21154    C:0.25000    A:0.30769    G:0.23077
position  3:    T:0.07692    C:0.42308    A:0.07692    G:0.42308
Average         T:0.17308    C:0.34615    A:0.17949    G:0.30128

#27: Ibex           
position  1:    T:0.23077    C:0.36538    A:0.15385    G:0.25000
position  2:    T:0.21154    C:0.25000    A:0.30769    G:0.23077
position  3:    T:0.09615    C:0.42308    A:0.03846    G:0.44231
Average         T:0.17949    C:0.34615    A:0.16667    G:0.30769

#28: GyrantGazelle  
position  1:    T:0.23077    C:0.36538    A:0.15385    G:0.25000
position  2:    T:0.21154    C:0.25000    A:0.30769    G:0.23077
position  3:    T:0.07692    C:0.42308    A:0.03846    G:0.46154
Average         T:0.17308    C:0.34615    A:0.16667    G:0.31410

#29: Hartebeest     
position  1:    T:0.23077    C:0.36538    A:0.15385    G:0.25000
position  2:    T:0.21154    C:0.25000    A:0.30769    G:0.23077
position  3:    T:0.07692    C:0.42308    A:0.03846    G:0.46154
Average         T:0.17308    C:0.34615    A:0.16667    G:0.31410

#30: Bongo          
position  1:    T:0.23077    C:0.36538    A:0.15385    G:0.25000
position  2:    T:0.21154    C:0.25000    A:0.30769    G:0.23077
position  3:    T:0.13462    C:0.34615    A:0.03846    G:0.48077
Average         T:0.19231    C:0.32051    A:0.16667    G:0.32051

#31: Gerenuk        
position  1:    T:0.23077    C:0.36538    A:0.15385    G:0.25000
position  2:    T:0.21154    C:0.25000    A:0.30769    G:0.23077
position  3:    T:0.07692    C:0.42308    A:0.03846    G:0.46154
Average         T:0.17308    C:0.34615    A:0.16667    G:0.31410

#32: CommonEland    
position  1:    T:0.23077    C:0.36538    A:0.15385    G:0.25000
position  2:    T:0.21154    C:0.25000    A:0.30769    G:0.23077
position  3:    T:0.09615    C:0.40385    A:0.03846    G:0.46154
Average         T:0.17949    C:0.33974    A:0.16667    G:0.31410

#33: MuntiacusReevesi
position  1:    T:0.23077    C:0.36538    A:0.15385    G:0.25000
position  2:    T:0.21154    C:0.25000    A:0.30769    G:0.23077
position  3:    T:0.05769    C:0.44231    A:0.05769    G:0.44231
Average         T:0.16667    C:0.35256    A:0.17308    G:0.30769

#34: HarveysDuiker  
position  1:    T:0.23077    C:0.36538    A:0.15385    G:0.25000
position  2:    T:0.21154    C:0.25000    A:0.30769    G:0.23077
position  3:    T:0.07692    C:0.40385    A:0.03846    G:0.48077
Average         T:0.17308    C:0.33974    A:0.16667    G:0.32051

#35: Pronghorn      
position  1:    T:0.23077    C:0.36538    A:0.17308    G:0.23077
position  2:    T:0.21154    C:0.25000    A:0.30769    G:0.23077
position  3:    T:0.05769    C:0.44231    A:0.03846    G:0.46154
Average         T:0.16667    C:0.35256    A:0.17308    G:0.30769

#36: BlueWildebeest 
position  1:    T:0.23077    C:0.36538    A:0.15385    G:0.25000
position  2:    T:0.21154    C:0.25000    A:0.30769    G:0.23077
position  3:    T:0.07692    C:0.42308    A:0.05769    G:0.44231
Average         T:0.17308    C:0.34615    A:0.17308    G:0.30769

#37: Gemsbok        
position  1:    T:0.23077    C:0.36538    A:0.15385    G:0.25000
position  2:    T:0.21154    C:0.25000    A:0.30769    G:0.23077
position  3:    T:0.09615    C:0.40385    A:0.07692    G:0.42308
Average         T:0.17949    C:0.33974    A:0.17949    G:0.30128

#38: Yak            
position  1:    T:0.23077    C:0.36538    A:0.15385    G:0.25000
position  2:    T:0.21154    C:0.25000    A:0.30769    G:0.23077
position  3:    T:0.07692    C:0.42308    A:0.01923    G:0.48077
Average         T:0.17308    C:0.34615    A:0.16026    G:0.32051

#39: BlueSheep      
position  1:    T:0.23077    C:0.36538    A:0.15385    G:0.25000
position  2:    T:0.21154    C:0.25000    A:0.30769    G:0.23077
position  3:    T:0.09615    C:0.42308    A:0.03846    G:0.44231
Average         T:0.17949    C:0.34615    A:0.16667    G:0.30769

#40: BohorReedbuck  
position  1:    T:0.23077    C:0.36538    A:0.15385    G:0.25000
position  2:    T:0.21154    C:0.25000    A:0.30769    G:0.23077
position  3:    T:0.07692    C:0.40385    A:0.07692    G:0.44231
Average         T:0.17308    C:0.33974    A:0.17949    G:0.30769

#41: KirksDik       
position  1:    T:0.23077    C:0.36538    A:0.15385    G:0.25000
position  2:    T:0.21154    C:0.25000    A:0.30769    G:0.23077
position  3:    T:0.07692    C:0.42308    A:0.05769    G:0.44231
Average         T:0.17308    C:0.34615    A:0.17308    G:0.30769

#42: RoeDeer        
position  1:    T:0.23077    C:0.36538    A:0.15385    G:0.25000
position  2:    T:0.21154    C:0.25000    A:0.30769    G:0.23077
position  3:    T:0.05769    C:0.44231    A:0.09615    G:0.40385
Average         T:0.16667    C:0.35256    A:0.18590    G:0.29487

#43: WhiteLippedDeer
position  1:    T:0.23077    C:0.36538    A:0.15385    G:0.25000
position  2:    T:0.21154    C:0.25000    A:0.30769    G:0.23077
position  3:    T:0.07692    C:0.42308    A:0.05769    G:0.44231
Average         T:0.17308    C:0.34615    A:0.17308    G:0.30769

#44: ThomsonGazelle 
position  1:    T:0.23077    C:0.36538    A:0.15385    G:0.25000
position  2:    T:0.21154    C:0.25000    A:0.30769    G:0.23077
position  3:    T:0.07692    C:0.42308    A:0.03846    G:0.46154
Average         T:0.17308    C:0.34615    A:0.16667    G:0.31410

#45: MuntiacusCrinifrons
position  1:    T:0.23077    C:0.36538    A:0.15385    G:0.25000
position  2:    T:0.21154    C:0.25000    A:0.30769    G:0.23077
position  3:    T:0.05769    C:0.44231    A:0.07692    G:0.42308
Average         T:0.16667    C:0.35256    A:0.17949    G:0.30128

#46: WhiteTailedDeer
position  1:    T:0.23077    C:0.36538    A:0.15385    G:0.25000
position  2:    T:0.21154    C:0.25000    A:0.30769    G:0.23077
position  3:    T:0.05769    C:0.44231    A:0.05769    G:0.44231
Average         T:0.16667    C:0.35256    A:0.17308    G:0.30769

#47: Cattle         
position  1:    T:0.23077    C:0.36538    A:0.15385    G:0.25000
position  2:    T:0.21154    C:0.25000    A:0.30769    G:0.23077
position  3:    T:0.07692    C:0.42308    A:0.01923    G:0.48077
Average         T:0.17308    C:0.34615    A:0.16026    G:0.32051

#48: RoyalAntelope  
position  1:    T:0.23077    C:0.36538    A:0.15385    G:0.25000
position  2:    T:0.21154    C:0.25000    A:0.30769    G:0.23077
position  3:    T:0.07692    C:0.42308    A:0.01923    G:0.48077
Average         T:0.17308    C:0.34615    A:0.16026    G:0.32051

#49: Steenbok       
position  1:    T:0.23077    C:0.36538    A:0.15385    G:0.25000
position  2:    T:0.21154    C:0.25000    A:0.30769    G:0.23077
position  3:    T:0.11538    C:0.38462    A:0.07692    G:0.42308
Average         T:0.18590    C:0.33333    A:0.17949    G:0.30128

#50: Impala         
position  1:    T:0.23077    C:0.36538    A:0.15385    G:0.25000
position  2:    T:0.21154    C:0.25000    A:0.30769    G:0.23077
position  3:    T:0.07692    C:0.44231    A:0.03846    G:0.44231
Average         T:0.17308    C:0.35256    A:0.16667    G:0.30769

#51: Klipspringer   
position  1:    T:0.23077    C:0.36538    A:0.15385    G:0.25000
position  2:    T:0.21154    C:0.25000    A:0.30769    G:0.23077
