1
52 1
Argali 0.000000 0.529900 0.835400 0.865200 0.611600 0.083100 0.728700 0.744400 0.896200 0.742700 0.188800 0.896200 0.411900 0.896200 0.896200 0.723400 0.896200 0.666800 0.292900 0.462100 0.538000 0.049500 0.554400 0.762100 0.210100 0.896200 0.554400 0.875800 0.896200 0.896200 0.696900 0.896500 0.815200 0.479200 0.587100 0.849900 0.016000 0.804800 0.575100 0.816000 0.551000 0.896200 0.595900 0.601800 0.577700 0.645700 0.839900 0.589600 0.744400 0.866900 0.804800 0.896200
LesserMous 0.529900 0.000000 0.968200 0.833200 0.846500 0.526900 0.747300 1.326000 0.884600 0.753000 0.636300 0.884600 0.672900 0.884600 0.884600 0.716100 0.884600 1.149500 0.649900 0.771100 0.998300 0.572800 1.052300 0.655000 0.692300 0.884600 0.882600 1.151400 0.884600 0.884600 0.498500 0.899100 0.784700 0.747500 0.731600 1.134700 0.504500 0.800600 0.955700 0.906800 0.680200 0.884600 0.330600 1.250100 1.132100 1.221300 0.988000 0.766800 1.326000 0.911800 0.800600 0.884600
LesserKudu 0.835400 0.968200 0.000000 1.205800 0.503800 0.776000 0.643200 0.968000 0.590300 0.983100 0.627500 0.590300 0.485000 0.590300 0.590300 0.647100 0.590300 0.942900 0.753900 0.555500 0.518300 0.795200 0.716800 1.050200 0.670800 0.590300 0.571500 0.748800 0.590300 0.590300 1.201200 0.638900 0.701000 0.537200 0.637800 0.781200 0.797700 0.432800 0.353100 0.848100 0.765800 0.590300 0.954500 0.733800 0.967800 0.701700 0.824900 0.476800 0.968000 0.630600 0.432800 0.590300
KillerWhal 0.865200 0.833200 1.205800 0.000000 1.277400 0.647100 1.184700 1.717100 1.301000 0.918800 1.150200 1.301000 0.827800 1.301000 1.301000 1.350400 1.301000 0.888400 0.983200 0.968000 0.748400 0.720700 0.740800 0.839500 1.307800 1.301000 1.092200 1.121500 1.301000 1.301000 1.255000 1.240900 1.338900 0.953700 1.134000 0.953000 0.814700 1.470500 0.860900 1.245700 0.894200 1.301000 1.564100 0.703400 0.905800 1.548500 1.796000 0.875000 1.717100 1.269600 1.470500 1.301000
DefassaWat 0.611600 0.846500 0.503800 1.277400 0.000000 0.571700 0.606900 0.860000 0.552700 0.745000 0.513700 0.552700 0.441300 0.552700 0.552700 0.607800 0.552700 1.042300 0.487400 0.765800 0.469600 0.522300 0.795600 0.961500 0.477600 0.552700 0.948500 0.740000 0.552700 0.552700 0.633200 0.551300 0.791400 0.458700 0.417400 1.179400 0.587400 0.400800 0.439700 0.994100 0.690200 0.552700 0.813300 0.880400 1.018400 0.645100 0.740400 0.579900 0.860000 0.640400 0.400800 0.552700
Sheep 0.083100 0.526900 0.776000 0.647100 0.571700 0.000000 0.731900 0.611200 0.964100 0.740000 0.211300 0.964100 0.331800 0.964100 0.964100 0.772000 0.964100 0.668500 0.269400 0.494000 0.503400 0.067400 0.482200 0.751900 0.233200 0.964100 0.588800 0.800900 0.964100 0.964100 0.608200 0.966900 0.754100 0.389900 0.482400 0.747700 0.067100 0.860900 0.537100 0.945700 0.550200 0.964100 0.678900 0.524200 0.573600 0.692200 0.786000 0.624800 0.611200 0.930300 0.860900 0.964100
MaxwellsDu 0.728700 0.747300 0.643200 1.184700 0.606900 0.731900 0.000000 0.849600 0.155800 0.911500 0.626000 0.155800 0.441900 0.155800 0.155800 0.119500 0.155800 1.209400 0.764400 0.637100 0.741300 0.623900 0.963200 0.809300 0.670900 0.155800 0.792400 0.645700 0.155800 0.155800 1.267800 0.281400 0.683600 0.515200 0.749900 0.951300 0.699700 0.120300 0.712900 0.910300 0.886500 0.155800 0.823500 0.963400 0.851800 0.664800 0.864800 0.678700 0.849600 0.247300 0.120300 0.155800
GazellaPrz 0.744400 1.326000 0.968000 1.717100 0.860000 0.611200 0.849600 0.000000 0.851700 2.351400 0.484400 0.851700 0.703200 0.851700 0.851700 1.134100 0.851700 0.969800 0.836500 0.935000 0.608400 0.635900 0.652000 1.437900 0.448000 0.851700 1.143400 1.030400 0.851700 0.851700 0.809000 0.746100 0.767500 0.813700 0.710200 1.042000 0.713900 0.833300 0.781400 1.388200 1.019400 0.851700 1.407100 0.996400 1.239700 0.890100 0.179700 0.871000 0.000000 0.688600 0.833300 0.851700
MountainNy 0.896200 0.884600 0.590300 1.301000 0.552700 0.964100 0.155800 0.851700 0.000000 0.971600 0.734200 0.000000 0.492400 0.000000 0.000000 0.144200 0.000000 1.730000 0.749200 0.550200 0.430300 0.773200 1.352800 1.052900 0.785000 0.000000 0.686100 0.553500 0.000000 0.000000 1.127100 0.103900 0.718700 0.544700 0.648800 0.853700 0.858000 0.085900 0.661600 0.948800 1.269200 0.000000 0.777000 1.298500 1.066100 0.567800 0.500500 0.411500 0.851700 0.070800 0.085900 0.000000
MuntiacusM 0.742700 0.753000 0.983100 0.918800 0.745000 0.740000 0.911500 2.351400 0.971600 0.000000 0.775500 0.971600 0.803800 0.971600 0.971600 0.869800 0.971600 1.242400 0.880400 0.993500 0.743600 0.703100 0.909500 0.844400 0.838400 0.971600 1.095200 0.663100 0.971600 0.971600 0.834800 0.975000 1.089800 0.858100 0.879900 1.048600 0.717100 0.933000 0.937600 1.000500 0.598500 0.971600 0.723000 0.782900 1.012000 0.900600 1.831400 0.992100 2.351400 1.194900 0.933000 0.971600
goat 0.188800 0.636300 0.627500 1.150200 0.513700 0.211300 0.626000 0.484400 0.734200 0.775500 0.000000 0.734200 0.451700 0.734200 0.734200 0.632000 0.734200 0.776500 0.376500 0.476900 0.552500 0.173300 0.775700 0.995800 0.018400 0.734200 0.570700 0.696300 0.734200 0.734200 0.716900 0.733100 0.738700 0.527000 0.464900 0.791100 0.171400 0.540900 0.479000 1.013200 0.724500 0.734200 0.824300 0.800800 0.582400 0.594200 0.690900 0.685400 0.484400 0.712200 0.540900 0.734200
AfricanBuf 0.896200 0.884600 0.590300 1.301000 0.552700 0.964100 0.155800 0.851700 0.000000 0.971600 0.734200 0.000000 0.492400 0.000000 0.000000 0.144200 0.000000 1.730000 0.749200 0.550200 0.430300 0.773200 1.352800 1.052900 0.785000 0.000000 0.686100 0.553500 0.000000 0.000000 1.127100 0.103900 0.718700 0.544700 0.648800 0.853700 0.858000 0.085900 0.661600 0.948800 1.269200 0.000000 0.777000 1.298500 1.066100 0.567800 0.500500 0.411500 0.851700 0.070800 0.085900 0.000000
Topi 0.411900 0.672900 0.485000 0.827800 0.441300 0.331800 0.441900 0.703200 0.492400 0.803800 0.451700 0.492400 0.000000 0.492400 0.492400 0.502600 0.492400 0.711900 0.365900 0.386300 0.311100 0.393900 0.474700 0.624200 0.483300 0.492400 0.496800 0.485700 0.492400 0.492400 0.760400 0.490600 0.618800 0.033200 0.270900 0.620400 0.390700 0.499800 0.478800 0.834500 0.681900 0.492400 0.664200 0.488100 0.559500 0.506900 0.633400 0.437600 0.703200 0.499200 0.499800 0.492400
CommonDuik 0.896200 0.884600 0.590300 1.301000 0.552700 0.964100 0.155800 0.851700 0.000000 0.971600 0.734200 0.000000 0.492400 0.000000 0.000000 0.144200 0.000000 1.730000 0.749200 0.550200 0.430300 0.773200 1.352800 1.052900 0.785000 0.000000 0.686100 0.553500 0.000000 0.000000 1.127100 0.103900 0.718700 0.544700 0.648800 0.853700 0.858000 0.087000 0.661600 0.948800 1.269200 0.000000 0.777000 1.298500 1.066100 0.567800 0.500500 0.411500 0.851700 0.070800 0.085900 0.000000
Suni 0.896200 0.884600 0.590300 1.301000 0.552700 0.964100 0.155800 0.851700 0.000000 0.971600 0.734200 0.000000 0.492400 0.000000 0.000000 0.144200 0.000000 1.730000 0.749200 0.550200 0.430300 0.773200 1.352800 1.052900 0.785000 0.000000 0.686100 0.553500 0.000000 0.000000 1.127100 0.103900 0.718700 0.544700 0.648800 0.853700 0.858000 0.085900 0.661600 0.948800 1.269200 0.000000 0.777000 1.298500 1.066100 0.567800 0.500500 0.411500 0.851700 0.070800 0.085900 0.000000
Springbuck 0.723400 0.716100 0.647100 1.350400 0.607800 0.772000 0.119500 1.134100 0.144200 0.869800 0.632000 0.144200 0.502600 0.144200 0.144200 0.000000 0.144200 1.567600 0.770300 0.570000 0.753100 0.622400 1.145200 0.976400 0.676100 0.144200 0.713200 0.573500 0.144200 0.144200 1.355300 0.273500 0.799600 0.584100 0.757600 1.033400 0.695600 0.107300 0.720600 0.974900 0.943100 0.144200 0.770200 1.098400 1.160400 0.588800 0.890900 0.687100 1.134100 0.238700 0.107300 0.144200
Okapi 0.896200 0.884600 0.590300 1.301000 0.552700 0.964100 0.155800 0.851700 0.000000 0.971600 0.734200 0.000000 0.492400 0.000000 0.000000 0.144200 0.000000 1.730000 0.749200 0.550200 0.430300 0.773200 1.352800 1.052900 0.785000 0.000000 0.686100 0.553500 0.000000 0.000000 1.127100 0.103900 0.718700 0.544700 0.648800 0.853700 0.858000 0.085900 0.661600 0.948800 1.269200 0.000000 0.777000 1.298500 1.066100 0.567800 0.500500 0.411500 0.851700 0.070800 0.085900 0.000000
Giraffe 0.666800 1.149500 0.942900 0.888400 1.042300 0.668500 1.209400 0.969800 1.730000 1.242400 0.776500 1.730000 0.711900 1.730000 1.730000 1.567600 1.730000 0.000000 0.946000 0.756700 0.866100 0.824000 0.524800 0.660500 0.720300 1.730000 0.853200 0.822500 1.730000 1.730000 0.915500 1.299400 1.032800 0.826700 0.715900 1.030200 0.735800 1.534300 0.835000 0.931900 0.600800 1.730000 1.137100 0.678100 0.691400 0.634000 1.055200 1.065700 0.969800 1.783100 1.534300 1.730000
TibetanAnt 0.292900 0.649900 0.753900 0.983200 0.487400 0.269400 0.764400 0.836500 0.749200 0.880400 0.376500 0.749200 0.365900 0.749200 0.749200 0.770300 0.749200 0.946000 0.000000 0.628900 0.549100 0.230600 0.945200 0.915300 0.404300 0.749200 0.738500 0.898900 0.749200 0.749200 0.762000 0.738100 1.018500 0.381100 0.406400 0.788300 0.275500 0.763000 0.660700 0.972700 0.712400 0.749200 0.644100 0.977600 0.684200 0.785100 0.750800 0.606000 0.836500 0.759800 0.763000 0.749200
Sitatunga 0.462100 0.771100 0.555500 0.968000 0.765800 0.494000 0.637100 0.935000 0.550200 0.993500 0.476900 0.550200 0.386300 0.550200 0.550200 0.570000 0.550200 0.756700 0.628900 0.000000 0.331300 0.511300 0.614400 0.924200 0.508300 0.550200 0.143900 0.401800 0.550200 0.550200 0.797300 0.633600 0.696600 0.453100 0.480200 0.729900 0.435400 0.593200 0.419200 0.754500 0.667800 0.550200 0.858300 0.546700 0.571200 0.338600 0.609400 0.157500 0.935000 0.468400 0.593200 0.550200
Oribi 0.538000 0.998300 0.518300 0.748400 0.469600 0.503400 0.741300 0.608400 0.430300 0.743600 0.552500 0.430300 0.311100 0.430300 0.430300 0.753100 0.430300 0.866100 0.549100 0.331300 0.000000 0.518300 0.413000 0.626300 0.514200 0.430300 0.433700 0.421100 0.430300 0.430300 0.587900 0.428800 0.536700 0.346300 0.426800 0.708200 0.515100 0.608900 0.338800 0.825600 0.537300 0.430300 0.722000 0.454800 0.875500 0.437400 0.340800 0.283900 0.608400 0.412400 0.608900 0.430300
BarbaryShe 0.049500 0.572800 0.795200 0.720700 0.522300 0.067400 0.623900 0.635900 0.773200 0.703100 0.173300 0.773200 0.393900 0.773200 0.773200 0.622400 0.773200 0.824000 0.230600 0.511300 0.518300 0.000000 0.598000 0.814400 0.194500 0.773200 0.609700 0.832600 0.773200 0.773200 0.750400 0.773000 0.826600 0.459000 0.567300 0.811200 0.033400 0.694500 0.550700 1.074800 0.598500 0.773200 0.641100 0.649000 0.628800 0.720000 0.729600 0.641900 0.635900 0.749500 0.694500 0.773200
Daviddeer 0.554400 1.052300 0.716800 0.740800 0.795600 0.482200 0.963200 0.652000 1.352800 0.909500 0.775700 1.352800 0.474700 1.352800 1.352800 1.145200 1.352800 0.524800 0.945200 0.614400 0.413000 0.598000 0.000000 0.496100 0.716800 1.352800 0.738500 0.801700 1.352800 1.352800 0.576800 1.075100 0.773400 0.564300 0.578900 1.027700 0.531400 1.286300 0.632000 0.522800 0.426600 1.352800 0.620300 0.099400 0.695900 0.653800 0.766300 0.690600 0.652000 1.251900 1.286300 1.352800
Reindeer 0.762100 0.655000 1.050200 0.839500 0.961500 0.751900 0.809300 1.437900 1.052900 0.844400 0.995800 1.052900 0.624200 1.052900 1.052900 0.976400 1.052900 0.660500 0.915300 0.924200 0.626300 0.814400 0.496100 0.000000 1.097200 1.052900 0.923400 1.037100 1.052900 1.052900 0.886000 0.990100 0.605500 0.727400 0.949600 0.776800 0.726700 1.020000 0.842600 0.739400 0.391200 1.052900 0.601900 0.433400 0.690200 1.157400 1.403100 0.950700 1.437900 1.084500 1.020000 1.052900
Ibex 0.210100 0.692300 0.670800 1.307800 0.477600 0.233200 0.670900 0.448000 0.785000 0.838400 0.018400 0.785000 0.483300 0.785000 0.785000 0.676100 0.785000 0.720300 0.404300 0.508300 0.514200 0.194500 0.716800 1.097200 0.000000 0.785000 0.610100 0.639800 0.785000 0.785000 0.667500 0.784400 0.796500 0.562200 0.430100 0.847600 0.192400 0.578200 0.512200 1.119300 0.671600 0.785000 0.761800 0.869300 0.624300 0.547000 0.640900 0.732400 0.448000 0.760700 0.578200 0.785000
GyrantGaze 0.896200 0.884600 0.590300 1.301000 0.552700 0.964100 0.155800 0.851700 0.000000 0.971600 0.734200 0.000000 0.492400 0.000000 0.000000 0.144200 0.000000 1.730000 0.749200 0.550200 0.430300 0.773200 1.352800 1.052900 0.785000 0.000000 0.686100 0.553500 0.000000 0.000000 1.127100 0.103900 0.718700 0.544700 0.648800 0.853700 0.858000 0.085900 0.661600 0.948800 1.269200 0.000000 0.777000 1.298500 1.066100 0.567800 0.500500 0.411500 0.851700 0.070800 0.085900 0.000000
Hartebeest 0.554400 0.882600 0.571500 1.092200 0.948500 0.588800 0.792400 1.143400 0.686100 1.095200 0.570700 0.686100 0.496800 0.686100 0.686100 0.713200 0.686100 0.853200 0.738500 0.143900 0.433700 0.609700 0.738500 0.923400 0.610100 0.686100 0.000000 0.689900 0.686100 0.686100 1.017400 0.866200 0.786300 0.576900 0.616900 0.756300 0.525000 0.734400 0.459200 1.019300 0.776100 0.686100 0.768100 0.647100 0.680100 0.524600 0.778000 0.275400 1.143400 0.591100 0.734400 0.686100
Bongo 0.875800 1.151400 0.748800 1.121500 0.740000 0.800900 0.645700 1.030400 0.553500 0.663100 0.696300 0.553500 0.485700 0.553500 0.553500 0.573500 0.553500 0.822500 0.898900 0.401800 0.421100 0.832600 0.801700 1.037100 0.639800 0.553500 0.689900 0.000000 0.553500 0.553500 0.900300 0.482500 0.932900 0.566600 0.523600 0.939100 0.828300 0.598100 0.695200 0.702300 0.970900 0.553500 1.079200 1.024300 0.853400 0.314800 0.687500 0.666300 1.030400 0.709700 0.598100 0.553500
Gerenuk 0.896200 0.884600 0.590300 1.301000 0.552700 0.964100 0.155800 0.851700 0.000000 0.971600 0.734200 0.000000 0.492400 0.000000 0.000000 0.144200 0.000000 1.730000 0.749200 0.550200 0.430300 0.773200 1.352800 1.052900 0.785000 0.000000 0.686100 0.553500 0.000000 0.000000 1.127100 0.103900 0.718700 0.544700 0.648800 0.853700 0.858000 0.085900 0.661600 0.948800 1.269200 0.000000 0.777000 1.298500 1.066100 0.567800 0.500500 0.411500 0.851700 0.070800 0.085900 0.000000
CommonElan 0.896200 0.884600 0.590300 1.301000 0.552700 0.964100 0.155800 0.851700 0.000000 0.971600 0.734200 0.000000 0.492400 0.000000 0.000000 0.144200 0.000000 1.730000 0.749200 0.550200 0.430300 0.773200 1.352800 1.052900 0.785000 0.000000 0.686100 0.553500 0.000000 0.000000 1.127100 0.103900 0.718700 0.544700 0.648800 0.853700 0.858000 0.085900 0.661600 0.948800 1.269200 0.000000 0.777000 1.298500 1.066100 0.567800 0.500500 0.411500 0.851700 0.070800 0.085900 0.000000
MuntiacusR 0.696900 0.498500 1.201200 1.255000 0.633200 0.608200 1.267800 0.809000 1.127100 0.834800 0.716900 1.127100 0.760400 1.127100 1.127100 1.355300 1.127100 0.915500 0.762000 0.797300 0.587900 0.750400 0.576800 0.886000 0.667500 1.127100 1.017400 0.900300 1.127100 1.127100 0.000000 0.969100 0.809800 0.802900 0.598400 1.316400 0.665700 1.171200 0.681800 0.711000 0.698000 1.127100 0.306400 0.730600 1.124000 0.909600 0.777300 0.815100 0.809000 1.090200 1.171200 1.127100
HarveysDui 0.896500 0.899100 0.638900 1.240900 0.551300 0.966900 0.281400 0.746100 0.103900 0.975000 0.733100 0.103900 0.490600 0.103900 0.103900 0.273500 0.103900 1.299400 0.738100 0.633600 0.428800 0.773000 1.075100 0.990100 0.784400 0.103900 0.866200 0.482500 0.103900 0.103900 0.969100 0.000000 0.711000 0.543200 0.570400 0.806900 0.857900 0.204000 0.624100 0.793300 1.006700 0.103900 0.752300 1.197500 1.007800 0.601400 0.432800 0.470900 0.746100 0.189900 0.204000 0.103900
Pronghorn 0.815200 0.784700 0.701000 1.338900 0.791400 0.754100 0.683600 0.767500 0.718700 1.089800 0.738700 0.718700 0.618800 0.718700 0.718700 0.799600 0.718700 1.032800 1.018500 0.696600 0.536700 0.826600 0.773400 0.605500 0.796500 0.718700 0.786300 0.932900 0.718700 0.718700 0.809800 0.711000 0.000000 0.714700 0.822500 0.608600 0.778500 0.778800 0.532300 0.897200 0.788800 0.718700 0.610500 0.679600 0.838600 0.857900 0.638100 0.704300 0.767500 0.783600 0.778800 0.718700
BlueWildeb 0.479200 0.747500 0.537200 0.953700 0.458700 0.389900 0.515200 0.813700 0.544700 0.858100 0.527000 0.544700 0.033200 0.544700 0.544700 0.584100 0.544700 0.826700 0.381100 0.453100 0.346300 0.459000 0.564300 0.727400 0.562200 0.544700 0.576900 0.566600 0.544700 0.544700 0.802900 0.543200 0.714700 0.000000 0.303300 0.708300 0.455100 0.553100 0.528800 0.975300 0.720200 0.544700 0.738100 0.577200 0.643600 0.560000 0.698300 0.482300 0.813700 0.551100 0.553100 0.544700
Gemsbok 0.587100 0.731600 0.637800 1.134000 0.417400 0.482400 0.749900 0.710200 0.648800 0.879900 0.464900 0.648800 0.270900 0.648800 0.648800 0.757600 0.648800 0.715900 0.406400 0.480200 0.426800 0.567300 0.578900 0.949600 0.430100 0.648800 0.616900 0.523600 0.648800 0.648800 0.598400 0.570400 0.822500 0.303300 0.000000 0.823600 0.562900 0.622100 0.622200 0.779500 0.704800 0.648800 0.674400 0.774100 0.606500 0.512900 0.642700 0.603800 0.710200 0.657300 0.622100 0.648800
Yak 0.849900 1.134700 0.781200 0.953000 1.179400 0.747700 0.951300 1.042000 0.853700 1.048600 0.791100 0.853700 0.620400 0.853700 0.853700 1.033400 0.853700 1.030200 0.788300 0.729900 0.708200 0.811200 1.027700 0.776800 0.847600 0.853700 0.756300 0.939100 0.853700 0.853700 1.316400 0.806900 0.608600 0.708300 0.823600 0.000000 0.810400 1.044100 0.877100 1.017300 0.868300 0.853700 0.935400 0.876900 0.407000 0.831000 0.790300 0.712200 1.042000 0.797200 1.044100 0.853700
BlueSheep 0.016000 0.504500 0.797700 0.814700 0.587400 0.067100 0.699700 0.713900 0.858000 0.717100 0.171400 0.858000 0.390700 0.858000 0.858000 0.695600 0.858000 0.735800 0.275500 0.435400 0.515100 0.033400 0.531400 0.726700 0.192400 0.858000 0.525000 0.828300 0.858000 0.858000 0.665700 0.857900 0.778500 0.455100 0.562900 0.810400 0.000000 0.772400 0.550900 0.920900 0.526600 0.858000 0.569200 0.574400 0.551700 0.617500 0.807200 0.560800 0.713900 0.830700 0.772400 0.858000
BohorReedb 0.804800 0.800600 0.432800 1.470500 0.400800 0.860900 0.120300 0.833300 0.085900 0.933000 0.540900 0.085900 0.499800 0.087000 0.085900 0.107300 0.085900 1.534300 0.763000 0.593200 0.608900 0.694500 1.286300 1.020000 0.578200 0.085900 0.734400 0.598100 0.085900 0.085900 1.171200 0.204000 0.778800 0.553100 0.622100 1.044100 0.772400 0.000000 0.493000 1.082300 1.061600 0.085900 0.881500 1.231500 1.135900 0.615200 0.710000 0.569200 0.833300 0.170100 0.000000 0.086800
KirksDik 0.575100 0.955700 0.353100 0.860900 0.439700 0.537100 0.712900 0.781400 0.661600 0.937600 0.479000 0.661600 0.478800 0.661600 0.661600 0.720600 0.661600 0.835000 0.660700 0.419200 0.338800 0.550700 0.632000 0.842600 0.512200 0.661600 0.459200 0.695200 0.661600 0.661600 0.681800 0.624100 0.532300 0.528800 0.622200 0.877100 0.550900 0.493000 0.000000 0.943500 0.577700 0.661600 0.773000 0.604400 0.787300 0.727700 0.669100 0.364900 0.781400 0.675900 0.493000 0.661600
RoeDeer 0.816000 0.906800 0.848100 1.245700 0.994100 0.945700 0.910300 1.388200 0.948800 1.000500 1.013200 0.948800 0.834500 0.948800 0.948800 0.974900 0.948800 0.931900 0.972700 0.754500 0.825600 1.074800 0.522800 0.739400 1.119300 0.948800 1.019300 0.702300 0.948800 0.948800 0.711000 0.793300 0.897200 0.975300 0.779500 1.017300 0.920900 1.082300 0.943500 0.000000 0.683200 0.948800 0.621200 0.560400 0.721900 0.979300 1.141000 0.648200 1.388200 1.064200 1.082300 0.948800
WhiteLippe 0.551000 0.680200 0.765800 0.894200 0.690200 0.550200 0.886500 1.019400 1.269200 0.598500 0.724500 1.269200 0.681900 1.269200 1.269200 0.943100 1.269200 0.600800 0.712400 0.667800 0.537300 0.598500 0.426600 0.391200 0.671600 1.269200 0.776100 0.970900 1.269200 1.269200 0.698000 1.006700 0.788800 0.720200 0.704800 0.868300 0.526600 1.061600 0.577700 0.683200 0.000000 1.269200 0.501300 0.491800 0.738000 0.620300 0.975000 0.676600 1.019400 1.308400 1.061600 1.269200
ThomsonGaz 0.896200 0.884600 0.590300 1.301000 0.552700 0.964100 0.155800 0.851700 0.000000 0.971600 0.734200 0.000000 0.492400 0.000000 0.000000 0.144200 0.000000 1.730000 0.749200 0.550200 0.430300 0.773200 1.352800 1.052900 0.785000 0.000000 0.686100 0.553500 0.000000 0.000000 1.127100 0.103900 0.718700 0.544700 0.648800 0.853700 0.858000 0.085900 0.661600 0.948800 1.269200 0.000000 0.777000 1.298500 1.066100 0.567800 0.500500 0.411500 0.851700 0.070800 0.085900 0.000000
MuntiacusC 0.595900 0.330600 0.954500 1.564100 0.813300 0.678900 0.823500 1.407100 0.777000 0.723000 0.824300 0.777000 0.664200 0.777000 0.777000 0.770200 0.777000 1.137100 0.644100 0.858300 0.722000 0.641100 0.620300 0.601900 0.761800 0.777000 0.768100 1.079200 0.777000 0.777000 0.306400 0.752300 0.610500 0.738100 0.674400 0.935400 0.569200 0.881500 0.773000 0.621200 0.501300 0.777000 0.000000 0.792400 1.049500 1.145100 0.957100 0.670600 1.407100 0.797400 0.881500 0.777000
WhiteTaile 0.601800 1.250100 0.733800 0.703400 0.880400 0.524200 0.963400 0.996400 1.298500 0.782900 0.800800 1.298500 0.488100 1.298500 1.298500 1.098400 1.298500 0.678100 0.977600 0.546700 0.454800 0.649000 0.099400 0.433400 0.869300 1.298500 0.647100 1.024300 1.298500 1.298500 0.730600 1.197500 0.679600 0.577200 0.774100 0.876900 0.574400 1.231500 0.604400 0.560400 0.491800 1.298500 0.792400 0.000000 0.622900 0.836300 1.130000 0.615200 0.996400 1.208800 1.231500 1.298500
Cattle 0.577700 1.132100 0.967800 0.905800 1.018400 0.573600 0.851800 1.239700 1.066100 1.012000 0.582400 1.066100 0.559500 1.066100 1.066100 1.160400 1.066100 0.691400 0.684200 0.571200 0.875500 0.628800 0.695900 0.690200 0.624300 1.066100 0.680100 0.853400 1.066100 1.066100 1.124000 1.007800 0.838600 0.643600 0.606500 0.407000 0.551700 1.135900 0.787300 0.721900 0.738000 1.066100 1.049500 0.622900 0.000000 0.704900 1.115900 0.712200 1.239700 1.040000 1.135900 1.066100
RoyalAntel 0.645700 1.221300 0.701700 1.548500 0.645100 0.692200 0.664800 0.890100 0.567800 0.900600 0.594200 0.567800 0.506900 0.567800 0.567800 0.588800 0.567800 0.634000 0.785100 0.338600 0.437400 0.720000 0.653800 1.157400 0.547000 0.567800 0.524600 0.314800 0.567800 0.567800 0.909600 0.601400 0.857900 0.560000 0.512900 0.831000 0.617500 0.615200 0.727700 0.979300 0.620300 0.567800 1.145100 0.836300 0.704900 0.000000 0.592100 0.596000 0.890100 0.577200 0.615200 0.567800
Steenbok 0.839900 0.988000 0.824900 1.796000 0.740400 0.786000 0.864800 0.179700 0.500500 1.831400 0.690900 0.500500 0.633400 0.500500 0.500500 0.890900 0.500500 1.055200 0.750800 0.609400 0.340800 0.729600 0.766300 1.403100 0.640900 0.500500 0.778000 0.687500 0.500500 0.500500 0.777300 0.432800 0.638100 0.698300 0.642700 0.790300 0.807200 0.710000 0.669100 1.141000 0.975000 0.500500 0.957100 1.130000 1.115900 0.592100 0.000000 0.513100 0.179700 0.385200 0.710000 0.500500
Impala 0.589600 0.766800 0.476800 0.875000 0.579900 0.624800 0.678700 0.871000 0.411500 0.992100 0.685400 0.411500 0.437600 0.411500 0.411500 0.687100 0.411500 1.065700 0.606000 0.157500 0.283900 0.641900 0.690600 0.950700 0.732400 0.411500 0.275400 0.666300 0.411500 0.411500 0.815100 0.470900 0.704300 0.482300 0.603800 0.712200 0.560800 0.569200 0.364900 0.648200 0.676600 0.411500 0.670600 0.615200 0.712200 0.596000 0.513100 0.000000 0.871000 0.344800 0.569200 0.411500
Klipspring 0.744400 1.326000 0.968000 1.717100 0.860000 0.611200 0.849600 0.000000 0.851700 2.351400 0.484400 0.851700 0.703200 0.851700 0.851700 1.134100 0.851700 0.969800 0.836500 0.935000 0.608400 0.635900 0.652000 1.437900 0.448000 0.851700 1.143400 1.030400 0.851700 0.851700 0.809000 0.746100 0.767500 0.813700 0.710200 1.042000 0.713900 0.833300 0.781400 1.388200 1.019400 0.851700 1.407100 0.996400 1.239700 0.890100 0.179700 0.871000 0.000000 0.688600 0.833300 0.851700
ForestMusk 0.866900 0.911800 0.630600 1.269600 0.640400 0.930300 0.247300 0.688600 0.070800 1.194900 0.712200 0.070800 0.499200 0.070800 0.070800 0.238700 0.070800 1.783100 0.759800 0.468400 0.412400 0.749500 1.251900 1.084500 0.760700 0.070800 0.591100 0.709700 0.070800 0.070800 1.090200 0.189900 0.783600 0.551100 0.657300 0.797200 0.830700 0.170100 0.675900 1.064200 1.308400 0.070800 0.797400 1.208800 1.040000 0.577200 0.385200 0.344800 0.688600 0.000000 0.170100 0.070800
Bushbuck 0.804800 0.800600 0.432800 1.470500 0.400800 0.860900 0.120300 0.833300 0.085900 0.933000 0.540900 0.085900 0.499800 0.085900 0.085900 0.107300 0.085900 1.534300 0.763000 0.593200 0.608900 0.694500 1.286300 1.020000 0.578200 0.085900 0.734400 0.598100 0.085900 0.085900 1.171200 0.204000 0.778800 0.553100 0.622100 1.044100 0.772400 0.000000 0.493000 1.082300 1.061600 0.085900 0.881500 1.231500 1.135900 0.615200 0.710000 0.569200 0.833300 0.170100 0.000000 0.085900
GreaterKud 0.896200 0.884600 0.590300 1.301000 0.552700 0.964100 0.155800 0.851700 0.000000 0.971600 0.734200 0.000000 0.492400 0.000000 0.000000 0.144200 0.000000 1.730000 0.749200 0.550200 0.430300 0.773200 1.352800 1.052900 0.785000 0.000000 0.686100 0.553500 0.000000 0.000000 1.127100 0.103900 0.718700 0.544700 0.648800 0.853700 0.858000 0.086800 0.661600 0.948800 1.269200 0.000000 0.777000 1.298500 1.066100 0.567800 0.500500 0.411500 0.851700 0.070800 0.085900 0.000000
