CODONML (in paml version 4.10.7, June 2023)  /home/rachel/ruminants_paml/6406-phy-tree/ENSBTAT00000013287.fasta.phy
Model: free dN/dS Ratios for branches,  kappa = 2.000 fixed

Codon frequency model: F3x4
ns =  54  ls =  78

Codon usage in sequences
--------------------------------------------------------------------------------------------------------------------------------------
Phe TTT   4   4   4   4   4   3 | Ser TCT   1   1   1   2   2   2 | Tyr TAT   6   4   6   6   5   5 | Cys TGT   3   3   3   3   3   3
    TTC   4   4   4   4   4   5 |     TCC   1   1   1   0   0   0 |     TAC   2   4   2   2   3   3 |     TGC   2   2   2   2   2   2
Leu TTA   0   0   0   0   0   0 |     TCA   2   2   2   2   1   2 | *** TAA   0   0   0   0   0   0 | *** TGA   0   0   0   0   0   0
    TTG   0   1   0   0   0   0 |     TCG   0   0   0   0   1   0 |     TAG   0   0   0   0   0   0 | Trp TGG   2   2   2   2   2   2
--------------------------------------------------------------------------------------------------------------------------------------
Leu CTT   1   2   1   1   2   2 | Pro CCT   1   0   0   0   1   0 | His CAT   4   2   4   4   3   3 | Arg CGT   0   0   0   0   1   0
    CTC   1   0   1   1   0   0 |     CCC   0   2   0   0   0   0 |     CAC   0   2   0   0   1   1 |     CGC   0   0   0   0   0   0
    CTA   1   1   1   1   1   1 |     CCA   2   1   2   2   1   2 | Gln CAA   0   0   0   0   0   0 |     CGA   1   1   1   1   1   1
    CTG   2   1   2   2   2   2 |     CCG   1   1   2   2   2   2 |     CAG   1   1   1   1   1   1 |     CGG   1   1   1   1   0   1
--------------------------------------------------------------------------------------------------------------------------------------
Ile ATT   0   0   0   0   0   0 | Thr ACT   0   0   1   0   0   0 | Asn AAT   0   0   0   0   0   0 | Ser AGT   3   4   3   3   4   3
    ATC   3   3   3   3   3   3 |     ACC   2   2   1   2   2   2 |     AAC   0   0   0   0   0   0 |     AGC   2   1   2   2   1   2
    ATA   1   1   1   1   1   1 |     ACA   5   4   5   5   5   5 | Lys AAA   3   3   3   3   3   3 | Arg AGA   3   3   3   3   3   3
Met ATG   2   2   2   2   2   2 |     ACG   0   1   0   0   0   0 |     AAG   1   1   1   1   1   1 |     AGG   0   0   0   0   0   0
--------------------------------------------------------------------------------------------------------------------------------------
Val GTT   0   1   0   0   0   0 | Ala GCT   0   0   0   0   0   0 | Asp GAT   1   1   1   1   1   1 | Gly GGT   0   0   0   0   0   0
    GTC   1   1   1   1   1   1 |     GCC   0   0   0   0   0   0 |     GAC   1   1   1   1   1   1 |     GGC   2   2   2   2   1   2
    GTA   1   0   1   1   1   1 |     GCA   1   1   1   1   1   1 | Glu GAA   2   2   2   2   2   2 |     GGA   1   0   1   1   2   1
    GTG   0   0   0   0   0   0 |     GCG   0   0   0   0   0   0 |     GAG   0   0   0   0   0   0 |     GGG   0   1   0   0   0   0
--------------------------------------------------------------------------------------------------------------------------------------

--------------------------------------------------------------------------------------------------------------------------------------
Phe TTT   4   4   4   4   4   4 | Ser TCT   1   1   1   1   1   1 | Tyr TAT   6   6   6   6   6   6 | Cys TGT   2   3   3   3   3   3
    TTC   4   4   4   4   4   4 |     TCC   1   1   1   1   1   1 |     TAC   2   2   2   2   2   2 |     TGC   3   2   2   2   2   2
Leu TTA   0   0   0   0   0   0 |     TCA   2   2   2   2   2   2 | *** TAA   0   0   0   0   0   0 | *** TGA   0   0   0   0   0   0
    TTG   0   0   0   0   0   0 |     TCG   0   0   0   0   0   0 |     TAG   0   0   0   0   0   0 | Trp TGG   2   2   2   2   2   2
--------------------------------------------------------------------------------------------------------------------------------------
Leu CTT   1   1   1   1   1   1 | Pro CCT   1   1   1   1   0   0 | His CAT   4   4   4   4   4   4 | Arg CGT   0   0   0   0   0   0
    CTC   1   1   1   2   1   2 |     CCC   0   0   0   0   0   0 |     CAC   0   0   0   0   0   0 |     CGC   0   0   0   0   0   0
    CTA   1   1   1   1   1   0 |     CCA   1   2   2   2   2   2 | Gln CAA   0   0   0   0   0   0 |     CGA   1   1   1   1   1   1
    CTG   2   2   2   1   2   2 |     CCG   2   1   1   1   2   2 |     CAG   1   1   1   1   1   1 |     CGG   1   1   1   1   1   1
--------------------------------------------------------------------------------------------------------------------------------------
Ile ATT   0   0   0   0   0   0 | Thr ACT   0   0   0   0   1   0 | Asn AAT   0   0   0   0   0   0 | Ser AGT   3   3   3   3   3   3
    ATC   3   3   3   3   3   3 |     ACC   2   2   2   2   1   2 |     AAC   0   0   0   0   0   0 |     AGC   2   2   2   2   2   2
    ATA   1   1   1   1   1   1 |     ACA   5   5   5   5   5   5 | Lys AAA   3   3   3   3   3   3 | Arg AGA   3   3   3   3   3   3
Met ATG   2   2   2   2   2   2 |     ACG   0   0   0   0   0   0 |     AAG   1   1   1   1   1   1 |     AGG   0   0   0   0   0   0
--------------------------------------------------------------------------------------------------------------------------------------
Val GTT   0   0   0   0   0   0 | Ala GCT   0   0   0   0   0   0 | Asp GAT   1   1   1   1   1   1 | Gly GGT   0   0   0   0   0   0
    GTC   1   1   1   1   1   1 |     GCC   0   0   0   0   0   0 |     GAC   1   1   1   1   1   0 |     GGC   2   2   2   2   2   2
    GTA   1   1   1   1   1   0 |     GCA   1   1   1   1   1   1 | Glu GAA   2   2   2   2   2   3 |     GGA   1   1   1   1   1   1
    GTG   0   0   0   0   0   1 |     GCG   0   0   0   0   0   0 |     GAG   0   0   0   0   0   0 |     GGG   0   0   0   0   0   0
--------------------------------------------------------------------------------------------------------------------------------------

--------------------------------------------------------------------------------------------------------------------------------------
Phe TTT   4   4   4   4   4   4 | Ser TCT   1   1   1   1   1   1 | Tyr TAT   6   6   6   5   6   6 | Cys TGT   3   3   3   3   3   3
    TTC   4   4   4   4   4   4 |     TCC   1   1   1   1   1   1 |     TAC   2   2   2   3   2   2 |     TGC   2   2   2   2   2   2
Leu TTA   0   0   0   0   0   0 |     TCA   2   2   2   2   2   2 | *** TAA   0   0   0   0   0   0 | *** TGA   0   0   0   0   0   0
    TTG   0   0   0   0   0   0 |     TCG   0   0   0   0   0   0 |     TAG   0   0   0   0   0   0 | Trp TGG   2   2   2   2   2   2
--------------------------------------------------------------------------------------------------------------------------------------
Leu CTT   1   1   1   1   1   1 | Pro CCT   1   0   1   1   0   1 | His CAT   4   4   4   4   3   4 | Arg CGT   0   0   0   0   0   0
    CTC   1   1   1   1   1   2 |     CCC   0   0   0   0   0   0 |     CAC   0   0   0   0   1   0 |     CGC   0   0   0   0   0   0
    CTA   1   1   1   1   1   1 |     CCA   2   2   2   2   2   2 | Gln CAA   0   0   0   0   0   0 |     CGA   1   1   1   1   1   1
    CTG   2   2   2   2   2   1 |     CCG   1   2   1   1   2   1 |     CAG   1   1   1   1   1   1 |     CGG   1   1   1   1   1   1
--------------------------------------------------------------------------------------------------------------------------------------
Ile ATT   0   0   0   0   0   0 | Thr ACT   0   1   0   0   0   0 | Asn AAT   0   0   0   0   0   0 | Ser AGT   3   3   3   3   3   3
    ATC   3   3   3   3   3   3 |     ACC   2   1   2   2   2   2 |     AAC   0   0   0   0   0   0 |     AGC   2   2   2   2   2   2
    ATA   1   1   1   1   1   1 |     ACA   5   5   5   5   5   5 | Lys AAA   3   3   3   3   3   3 | Arg AGA   3   3   3   3   3   3
Met ATG   2   2   2   2   2   2 |     ACG   0   0   0   0   0   0 |     AAG   1   1   1   1   1   1 |     AGG   0   0   0   0   0   0
--------------------------------------------------------------------------------------------------------------------------------------
Val GTT   0   0   0   0   0   0 | Ala GCT   0   0   0   0   0   0 | Asp GAT   1   1   1   1   1   1 | Gly GGT   0   0   0   0   0   0
    GTC   1   1   1   1   1   1 |     GCC   0   0   0   0   0   0 |     GAC   1   1   1   1   1   1 |     GGC   2   2   3   2   2   2
    GTA   1   1   1   1   1   1 |     GCA   1   1   1   1   1   1 | Glu GAA   2   2   2   2   2   2 |     GGA   1   1   0   1   1   1
    GTG   0   0   0   0   0   0 |     GCG   0   0   0   0   0   0 |     GAG   0   0   0   0   0   0 |     GGG   0   0   0   0   0   0
--------------------------------------------------------------------------------------------------------------------------------------

--------------------------------------------------------------------------------------------------------------------------------------
Phe TTT   4   3   4   4   4   4 | Ser TCT   1   1   1   1   1   1 | Tyr TAT   6   6   6   6   6   6 | Cys TGT   3   3   3   3   3   3
    TTC   4   5   4   4   4   4 |     TCC   1   1   1   1   1   1 |     TAC   2   2   2   2   2   2 |     TGC   2   2   2   2   2   2
Leu TTA   0   0   0   0   0   0 |     TCA   2   2   2   2   2   2 | *** TAA   0   0   0   0   0   0 | *** TGA   0   0   0   0   0   0
    TTG   0   0   0   0   0   0 |     TCG   0   0   0   0   0   0 |     TAG   0   0   0   0   0   0 | Trp TGG   2   2   2   2   2   2
--------------------------------------------------------------------------------------------------------------------------------------
Leu CTT   1   1   1   1   1   1 | Pro CCT   0   0   1   0   1   1 | His CAT   3   4   4   4   4   4 | Arg CGT   0   0   0   0   0   0
    CTC   1   1   1   1   2   1 |     CCC   0   0   0   0   0   0 |     CAC   1   0   0   0   0   0 |     CGC   0   0   0   0   0   0
    CTA   1   1   1   1   1   1 |     CCA   3   2   2   2   2   2 | Gln CAA   0   0   0   0   0   0 |     CGA   1   1   1   1   1   1
    CTG   2   2   2   2   1   2 |     CCG   1   2   1   2   1   1 |     CAG   1   1   1   1   1   1 |     CGG   1   1   1   1   1   1
--------------------------------------------------------------------------------------------------------------------------------------
Ile ATT   0   0   0   0   0   0 | Thr ACT   0   0   0   1   0   0 | Asn AAT   0   0   0   0   0   0 | Ser AGT   3   3   3   3   3   3
    ATC   3   3   3   3   3   3 |     ACC   2   2   2   1   2   2 |     AAC   0   0   0   0   0   0 |     AGC   2   2   2   2   2   2
    ATA   1   1   1   1   1   1 |     ACA   5   5   5   5   5   4 | Lys AAA   3   3   3   3   3   3 | Arg AGA   3   3   3   3   3   3
Met ATG   2   2   2   2   2   2 |     ACG   0   0   0   0   0   1 |     AAG   1   1   1   1   1   1 |     AGG   0   0   0   0   0   0
--------------------------------------------------------------------------------------------------------------------------------------
Val GTT   0   0   0   0   0   0 | Ala GCT   0   0   0   0   0   0 | Asp GAT   1   1   1   1   1   1 | Gly GGT   0   0   0   0   0   0
    GTC   1   1   1   1   1   1 |     GCC   0   0   0   0   0   0 |     GAC   1   1   1   1   1   1 |     GGC   2   2   2   2   2   2
    GTA   1   1   1   1   1   1 |     GCA   1   1   1   1   1   1 | Glu GAA   2   2   2   2   2   2 |     GGA   1   1   1   1   1   1
    GTG   0   0   0   0   0   0 |     GCG   0   0   0   0   0   0 |     GAG   0   0   0   0   0   0 |     GGG   0   0   0   0   0   0
--------------------------------------------------------------------------------------------------------------------------------------

--------------------------------------------------------------------------------------------------------------------------------------
Phe TTT   4   4   4   4   4   4 | Ser TCT   1   1   1   1   1   2 | Tyr TAT   6   6   6   6   6   6 | Cys TGT   3   3   3   3   3   3
    TTC   4   4   4   4   4   4 |     TCC   1   1   1   1   1   0 |     TAC   2   2   2   2   2   2 |     TGC   2   2   2   2   2   2
Leu TTA   0   0   0   0   0   0 |     TCA   2   2   2   2   2   2 | *** TAA   0   0   0   0   0   0 | *** TGA   0   0   0   0   0   0
    TTG   0   0   0   0   0   0 |     TCG   0   0   0   0   0   0 |     TAG   0   0   0   0   0   0 | Trp TGG   2   2   2   2   2   2
--------------------------------------------------------------------------------------------------------------------------------------
Leu CTT   1   1   1   1   1   1 | Pro CCT   0   0   1   1   1   0 | His CAT   4   4   4   4   4   4 | Arg CGT   0   0   0   0   0   0
    CTC   2   2   1   2   1   1 |     CCC   0   0   0   0   0   0 |     CAC   0   0   0   0   0   0 |     CGC   0   1   0   0   0   0
    CTA   0   0   1   1   1   1 |     CCA   2   2   2   2   2   2 | Gln CAA   0   0   0   0   0   0 |     CGA   1   1   1   1   1   1
    CTG   2   2   2   1   2   2 |     CCG   2   2   1   1   1   2 |     CAG   1   1   1   1   1   1 |     CGG   1   0   1   1   1   1
--------------------------------------------------------------------------------------------------------------------------------------
Ile ATT   0   0   0   0   0   0 | Thr ACT   0   0   0   0   0   1 | Asn AAT   0   0   0   0   0   0 | Ser AGT   3   3   3   3   3   3
    ATC   3   3   3   3   3   3 |     ACC   2   2   2   2   2   1 |     AAC   0   0   0   0   0   0 |     AGC   2   2   2   2   2   2
    ATA   1   1   1   1   1   1 |     ACA   5   5   5   5   5   5 | Lys AAA   3   3   3   3   3   3 | Arg AGA   3   3   3   3   3   3
Met ATG   2   2   2   2   2   2 |     ACG   0   0   0   0   0   0 |     AAG   1   1   1   1   1   1 |     AGG   0   0   0   0   0   0
--------------------------------------------------------------------------------------------------------------------------------------
Val GTT   0   0   0   0   0   0 | Ala GCT   0   0   0   0   0   0 | Asp GAT   1   1   1   1   1   1 | Gly GGT   0   0   0   0   0   0
    GTC   1   1   1   1   1   1 |     GCC   0   0   0   0   0   0 |     GAC   1   1   1   1   1   1 |     GGC   2   2   2   2   2   2
    GTA   0   0   1   1   1   1 |     GCA   1   1   1   1   1   1 | Glu GAA   2   2   2   2   2   2 |     GGA   1   1   1   1   1   1
    GTG   1   1   0   0   0   0 |     GCG   0   0   0   0   0   0 |     GAG   0   0   0   0   0   0 |     GGG   0   0   0   0   0   0
--------------------------------------------------------------------------------------------------------------------------------------

--------------------------------------------------------------------------------------------------------------------------------------
Phe TTT   4   4   4   4   4   4 | Ser TCT   1   1   1   1   2   1 | Tyr TAT   6   6   6   5   5   6 | Cys TGT   3   3   3   3   3   3
    TTC   4   4   4   4   4   4 |     TCC   1   1   1   1   0   1 |     TAC   2   2   2   3   3   2 |     TGC   2   2   2   2   2   2
Leu TTA   1   0   0   0   0   0 |     TCA   2   2   2   2   2   2 | *** TAA   0   0   0   0   0   0 | *** TGA   0   0   0   0   0   0
    TTG   0   0   0   0   0   0 |     TCG   0   0   0   0   0   0 |     TAG   0   0   0   0   0   0 | Trp TGG   2   2   2   2   2   2
--------------------------------------------------------------------------------------------------------------------------------------
Leu CTT   1   1   1   1   1   1 | Pro CCT   1   0   0   1   0   1 | His CAT   3   4   4   4   4   4 | Arg CGT   0   0   0   0   0   0
    CTC   2   1   2   1   1   1 |     CCC   0   0   0   0   0   0 |     CAC   1   0   0   0   0   0 |     CGC   0   0   0   0   0   0
    CTA   0   1   0   1   1   1 |     CCA   2   2   2   2   2   2 | Gln CAA   0   0   0   0   0   0 |     CGA   1   1   1   1   1   1
    CTG   1   2   2   2   2   2 |     CCG   1   2   2   1   2   1 |     CAG   1   1   1   1   1   1 |     CGG   1   1   1   1   1   1
--------------------------------------------------------------------------------------------------------------------------------------
Ile ATT   0   0   0   0   0   0 | Thr ACT   0   1   0   0   0   0 | Asn AAT   0   0   0   0   0   0 | Ser AGT   3   3   3   3   3   3
    ATC   3   3   3   3   3   3 |     ACC   2   1   2   2   2   2 |     AAC   0   0   0   0   0   0 |     AGC   2   2   2   2   2   2
    ATA   1   1   1   1   1   1 |     ACA   5   5   5   5   5   5 | Lys AAA   3   3   3   3   3   3 | Arg AGA   3   3   3   3   3   3
Met ATG   2   2   2   2   2   2 |     ACG   0   0   0   0   0   0 |     AAG   1   1   1   1   1   1 |     AGG   0   0   0   0   0   0
--------------------------------------------------------------------------------------------------------------------------------------
Val GTT   0   0   0   0   0   0 | Ala GCT   0   0   0   0   0   0 | Asp GAT   1   1   1   1   1   1 | Gly GGT   0   0   0   0   0   0
    GTC   1   1   1   1   1   1 |     GCC   0   0   0   0   0   0 |     GAC   1   1   0   1   1   1 |     GGC   2   2   2   2   2   2
    GTA   1   1   0   1   1   1 |     GCA   1   1   1   1   1   1 | Glu GAA   2   2   3   2   2   2 |     GGA   1   1   1   1   1   1
    GTG   0   0   1   0   0   0 |     GCG   0   0   0   0   0   0 |     GAG   0   0   0   0   0   0 |     GGG   0   0   0   0   0   0
--------------------------------------------------------------------------------------------------------------------------------------

--------------------------------------------------------------------------------------------------------------------------------------
Phe TTT   4   4   4   4   4   4 | Ser TCT   1   1   1   2   1   1 | Tyr TAT   6   6   6   6   5   6 | Cys TGT   3   3   3   2   2   3
    TTC   4   4   4   4   4   4 |     TCC   1   1   1   0   1   1 |     TAC   2   2   2   2   3   2 |     TGC   2   2   2   3   3   2
Leu TTA   0   0   0   0   0   0 |     TCA   2   2   2   2   2   2 | *** TAA   0   0   0   0   0   0 | *** TGA   0   0   0   0   0   0
    TTG   0   0   0   0   0   0 |     TCG   0   0   0   0   0   0 |     TAG   0   0   0   0   0   0 | Trp TGG   2   2   2   2   2   2
--------------------------------------------------------------------------------------------------------------------------------------
Leu CTT   1   1   1   1   1   1 | Pro CCT   0   0   1   1   1   0 | His CAT   4   4   4   4   4   4 | Arg CGT   0   0   0   0   0   0
    CTC   1   1   1   1   1   2 |     CCC   0   0   0   0   0   0 |     CAC   0   0   0   0   0   0 |     CGC   0   0   0   0   0   0
    CTA   1   1   1   1   1   0 |     CCA   3   2   2   2   2   2 | Gln CAA   0   0   0   0   0   0 |     CGA   1   1   1   1   1   1
    CTG   2   2   2   2   2   2 |     CCG   1   2   1   1   1   2 |     CAG   1   1   1   1   1   1 |     CGG   1   1   1   1   1   1
--------------------------------------------------------------------------------------------------------------------------------------
Ile ATT   0   0   0   0   0   0 | Thr ACT   0   1   0   0   0   1 | Asn AAT   0   0   0   0   0   0 | Ser AGT   3   3   3   3   3   3
    ATC   3   3   3   3   3   3 |     ACC   2   1   2   2   2   2 |     AAC   0   0   0   0   0   0 |     AGC   2   2   2   2   2   2
    ATA   1   1   1   1   1   1 |     ACA   5   5   5   5   5   4 | Lys AAA   3   3   3   3   3   3 | Arg AGA   3   3   3   3   3   3
Met ATG   2   2   2   2   2   2 |     ACG   0   0   0   0   0   0 |     AAG   1   1   1   1   1   1 |     AGG   0   0   0   0   0   0
--------------------------------------------------------------------------------------------------------------------------------------
Val GTT   0   0   0   0   0   0 | Ala GCT   0   0   0   0   0   0 | Asp GAT   1   1   1   1   1   1 | Gly GGT   0   0   0   0   0   0
    GTC   1   1   1   1   1   1 |     GCC   0   0   0   0   0   0 |     GAC   1   1   1   1   1   1 |     GGC   2   2   2   2   2   2
    GTA   1   1   1   1   0   0 |     GCA   1   1   1   1   1   1 | Glu GAA   2   2   2   2   2   2 |     GGA   1   1   1   1   1   1
    GTG   0   0   0   0   1   1 |     GCG   0   0   0   0   0   0 |     GAG   0   0   0   0   0   0 |     GGG   0   0   0   0   0   0
--------------------------------------------------------------------------------------------------------------------------------------

--------------------------------------------------------------------------------------------------------------------------------------
Phe TTT   4   4   4   4   4   4 | Ser TCT   1   1   1   1   1   1 | Tyr TAT   6   6   6   6   6   6 | Cys TGT   3   3   3   3   3   3
    TTC   4   4   4   4   4   4 |     TCC   1   1   1   1   1   1 |     TAC   2   2   2   2   2   2 |     TGC   2   2   2   2   2   2
Leu TTA   0   0   0   0   0   0 |     TCA   2   2   2   2   2   2 | *** TAA   0   0   0   0   0   0 | *** TGA   0   0   0   0   0   0
    TTG   0   0   0   0   0   0 |     TCG   0   0   0   0   0   0 |     TAG   0   0   0   0   0   0 | Trp TGG   2   2   2   2   2   2
--------------------------------------------------------------------------------------------------------------------------------------
Leu CTT   1   1   1   1   1   0 | Pro CCT   0   1   0   0   0   1 | His CAT   4   4   4   4   4   4 | Arg CGT   0   0   0   0   0   0
    CTC   2   2   2   2   1   1 |     CCC   0   0   0   0   0   0 |     CAC   0   0   0   0   0   0 |     CGC   0   0   0   0   0   0
    CTA   0   1   0   0   1   1 |     CCA   2   2   2   2   2   2 | Gln CAA   0   0   0   0   0   1 |     CGA   1   1   1   1   1   1
    CTG   2   1   2   2   2   3 |     CCG   2   1   2   2   2   1 |     CAG   1   1   1   1   1   0 |     CGG   1   1   1   1   1   1
--------------------------------------------------------------------------------------------------------------------------------------
Ile ATT   0   0   0   0   0   0 | Thr ACT   0   0   0   0   1   0 | Asn AAT   0   0   0   0   0   0 | Ser AGT   3   3   3   3   3   3
    ATC   3   3   3   3   3   3 |     ACC   2   2   2   2   1   2 |     AAC   0   0   0   0   0   0 |     AGC   2   2   2   2   2   2
    ATA   1   1   1   1   1   1 |     ACA   5   5   5   5   5   5 | Lys AAA   3   3   3   3   3   3 | Arg AGA   3   3   3   3   3   3
Met ATG   2   2   2   2   2   2 |     ACG   0   0   0   0   0   0 |     AAG   1   1   1   1   1   1 |     AGG   0   0   0   0   0   0
--------------------------------------------------------------------------------------------------------------------------------------
Val GTT   0   0   0   0   0   0 | Ala GCT   0   0   0   0   0   0 | Asp GAT   1   1   1   1   1   1 | Gly GGT   0   0   0   0   0   0
    GTC   1   1   1   1   1   1 |     GCC   0   0   0   0   0   0 |     GAC   1   1   0   1   1   1 |     GGC   2   2   2   2   2   2
    GTA   0   1   0   0   1   1 |     GCA   1   1   1   1   1   1 | Glu GAA   2   2   3   2   2   2 |     GGA   1   1   1   1   1   1
    GTG   1   0   1   1   0   0 |     GCG   0   0   0   0   0   0 |     GAG   0   0   0   0   0   0 |     GGG   0   0   0   0   0   0
--------------------------------------------------------------------------------------------------------------------------------------

--------------------------------------------------------------------------------------------------------------------------------------
Phe TTT   4   4   4   4   4   4 | Ser TCT   1   1   1   2   1   1 | Tyr TAT   6   6   6   6   6   6 | Cys TGT   3   3   2   3   3   3
    TTC   4   4   4   4   4   4 |     TCC   1   1   1   0   1   1 |     TAC   2   2   2   2   2   2 |     TGC   2   2   3   2   2   2
Leu TTA   0   0   0   0   0   0 |     TCA   2   2   2   2   2   2 | *** TAA   0   0   0   0   0   0 | *** TGA   0   0   0   0   0   0
    TTG   0   0   0   0   0   0 |     TCG   0   0   0   0   0   0 |     TAG   0   0   0   0   0   0 | Trp TGG   2   2   2   2   2   2
--------------------------------------------------------------------------------------------------------------------------------------
Leu CTT   1   1   1   1   1   1 | Pro CCT   1   0   1   0   0   0 | His CAT   4   4   4   4   4   4 | Arg CGT   0   0   0   0   0   0
    CTC   1   1   1   1   1   1 |     CCC   0   0   0   0   0   0 |     CAC   0   0   0   0   0   0 |     CGC   0   0   0   0   0   0
    CTA   1   1   1   1   1   1 |     CCA   2   2   2   2   2   2 | Gln CAA   0   0   0   0   0   1 |     CGA   1   1   1   1   1   1
    CTG   2   2   2   2   2   2 |     CCG   1   2   1   2   2   2 |     CAG   1   1   1   1   1   0 |     CGG   1   1   1   1   1   1
--------------------------------------------------------------------------------------------------------------------------------------
Ile ATT   0   0   0   0   0   0 | Thr ACT   0   0   0   0   1   1 | Asn AAT   0   0   0   0   0   0 | Ser AGT   3   3   3   3   3   3
    ATC   3   3   3   3   3   3 |     ACC   2   2   2   2   1   1 |     AAC   0   0   0   0   0   0 |     AGC   2   2   2   2   2   2
    ATA   1   1   1   1   1   1 |     ACA   5   5   5   5   5   5 | Lys AAA   3   3   3   3   3   3 | Arg AGA   3   3   3   3   3   3
Met ATG   2   2   2   2   2   2 |     ACG   0   0   0   0   0   0 |     AAG   1   1   1   1   1   1 |     AGG   0   0   0   0   0   0
--------------------------------------------------------------------------------------------------------------------------------------
Val GTT   0   0   0   0   0   0 | Ala GCT   0   0   0   0   0   0 | Asp GAT   1   1   1   1   1   1 | Gly GGT   0   0   0   0   0   0
    GTC   1   1   1   1   1   1 |     GCC   0   0   0   0   0   0 |     GAC   1   1   1   1   1   1 |     GGC   2   2   2   2   2   2
    GTA   1   1   1   1   1   1 |     GCA   1   1   1   1   1   1 | Glu GAA   2   2   2   2   2   2 |     GGA   1   1   1   1   1   1
    GTG   0   0   0   0   0   0 |     GCG   0   0   0   0   0   0 |     GAG   0   0   0   0   0   0 |     GGG   0   0   0   0   0   0
--------------------------------------------------------------------------------------------------------------------------------------

Codon position x base (3x4) table for each sequence.

#1: Argali         
position  1:    T:0.34615    C:0.20513    A:0.32051    G:0.12821
position  2:    T:0.26923    C:0.20513    A:0.26923    G:0.25641
position  3:    T:0.30769    C:0.26923    A:0.29487    G:0.12821
Average         T:0.30769    C:0.22650    A:0.29487    G:0.17094

#2: LesserMouseDeer
position  1:    T:0.35897    C:0.19231    A:0.32051    G:0.12821
position  2:    T:0.26923    C:0.20513    A:0.26923    G:0.25641
position  3:    T:0.28205    C:0.32051    A:0.24359    G:0.15385
Average         T:0.30342    C:0.23932    A:0.27778    G:0.17949

#3: LesserKudu     
position  1:    T:0.34615    C:0.20513    A:0.32051    G:0.12821
position  2:    T:0.26923    C:0.20513    A:0.26923    G:0.25641
position  3:    T:0.30769    C:0.25641    A:0.29487    G:0.14103
Average         T:0.30769    C:0.22222    A:0.29487    G:0.17521

#4: ForestMuskDeer2
position  1:    T:0.34615    C:0.20513    A:0.32051    G:0.12821
position  2:    T:0.26923    C:0.20513    A:0.26923    G:0.25641
position  3:    T:0.30769    C:0.25641    A:0.29487    G:0.14103
Average         T:0.30769    C:0.22222    A:0.29487    G:0.17521

#5: Camel          
position  1:    T:0.34615    C:0.20513    A:0.32051    G:0.12821
position  2:    T:0.26923    C:0.20513    A:0.26923    G:0.25641
position  3:    T:0.33333    C:0.24359    A:0.28205    G:0.14103
Average         T:0.31624    C:0.21795    A:0.29060    G:0.17521

#6: KillerWhale    
position  1:    T:0.34615    C:0.20513    A:0.32051    G:0.12821
position  2:    T:0.26923    C:0.20513    A:0.26923    G:0.25641
position  3:    T:0.28205    C:0.28205    A:0.29487    G:0.14103
Average         T:0.29915    C:0.23077    A:0.29487    G:0.17521

#7: DefassaWaterbuck
position  1:    T:0.34615    C:0.20513    A:0.32051    G:0.12821
position  2:    T:0.26923    C:0.20513    A:0.26923    G:0.25641
position  3:    T:0.29487    C:0.28205    A:0.28205    G:0.14103
Average         T:0.30342    C:0.23077    A:0.29060    G:0.17521

#8: Sheep          
position  1:    T:0.34615    C:0.20513    A:0.32051    G:0.12821
position  2:    T:0.26923    C:0.20513    A:0.26923    G:0.25641
position  3:    T:0.30769    C:0.26923    A:0.29487    G:0.12821
Average         T:0.30769    C:0.22650    A:0.29487    G:0.17094

#9: MaxwellsDuiker 
position  1:    T:0.34615    C:0.20513    A:0.32051    G:0.12821
position  2:    T:0.26923    C:0.20513    A:0.26923    G:0.25641
position  3:    T:0.30769    C:0.26923    A:0.29487    G:0.12821
Average         T:0.30769    C:0.22650    A:0.29487    G:0.17094

#10: GazellaPrzewalskyi
position  1:    T:0.34615    C:0.20513    A:0.32051    G:0.12821
position  2:    T:0.26923    C:0.20513    A:0.26923    G:0.25641
position  3:    T:0.30769    C:0.28205    A:0.29487    G:0.11538
Average         T:0.30769    C:0.23077    A:0.29487    G:0.16667

#11: MountainNyala  
position  1:    T:0.34615    C:0.20513    A:0.32051    G:0.12821
position  2:    T:0.26923    C:0.20513    A:0.26923    G:0.25641
position  3:    T:0.30769    C:0.25641    A:0.29487    G:0.14103
Average         T:0.30769    C:0.22222    A:0.29487    G:0.17521

#12: MuntiacusMuntjak
position  1:    T:0.34615    C:0.20513    A:0.32051    G:0.12821
position  2:    T:0.26923    C:0.20513    A:0.26923    G:0.25641
position  3:    T:0.29487    C:0.26923    A:0.28205    G:0.15385
Average         T:0.30342    C:0.22650    A:0.29060    G:0.17949

#13: goat           
position  1:    T:0.34615    C:0.20513    A:0.32051    G:0.12821
position  2:    T:0.26923    C:0.20513    A:0.26923    G:0.25641
position  3:    T:0.30769    C:0.26923    A:0.29487    G:0.12821
Average         T:0.30769    C:0.22650    A:0.29487    G:0.17094

#14: AfricanBuffalo 
position  1:    T:0.34615    C:0.20513    A:0.32051    G:0.12821
position  2:    T:0.26923    C:0.20513    A:0.26923    G:0.25641
position  3:    T:0.30769    C:0.25641    A:0.29487    G:0.14103
Average         T:0.30769    C:0.22222    A:0.29487    G:0.17521

#15: Topi           
position  1:    T:0.34615    C:0.20513    A:0.32051    G:0.12821
position  2:    T:0.26923    C:0.20513    A:0.26923    G:0.25641
position  3:    T:0.30769    C:0.28205    A:0.28205    G:0.12821
Average         T:0.30769    C:0.23077    A:0.29060    G:0.17094

#16: CommonDuiker   
position  1:    T:0.34615    C:0.20513    A:0.32051    G:0.12821
position  2:    T:0.26923    C:0.20513    A:0.26923    G:0.25641
position  3:    T:0.29487    C:0.28205    A:0.29487    G:0.12821
Average         T:0.30342    C:0.23077    A:0.29487    G:0.17094

#17: Suni           
position  1:    T:0.34615    C:0.20513    A:0.32051    G:0.12821
position  2:    T:0.26923    C:0.20513    A:0.26923    G:0.25641
position  3:    T:0.28205    C:0.28205    A:0.29487    G:0.14103
Average         T:0.29915    C:0.23077    A:0.29487    G:0.17521

#18: Springbuck     
position  1:    T:0.34615    C:0.20513    A:0.32051    G:0.12821
position  2:    T:0.26923    C:0.20513    A:0.26923    G:0.25641
position  3:    T:0.30769    C:0.28205    A:0.29487    G:0.11538
Average         T:0.30769    C:0.23077    A:0.29487    G:0.16667

#19: Okapi          
position  1:    T:0.34615    C:0.20513    A:0.32051    G:0.12821
position  2:    T:0.26923    C:0.20513    A:0.26923    G:0.25641
position  3:    T:0.28205    C:0.28205    A:0.30769    G:0.12821
Average         T:0.29915    C:0.23077    A:0.29915    G:0.17094

#20: Giraffe        
position  1:    T:0.34615    C:0.20513    A:0.32051    G:0.12821
position  2:    T:0.26923    C:0.20513    A:0.26923    G:0.25641
position  3:    T:0.28205    C:0.28205    A:0.29487    G:0.14103
Average         T:0.29915    C:0.23077    A:0.29487    G:0.17521

#21: TibetanAntelope
position  1:    T:0.34615    C:0.20513    A:0.32051    G:0.12821
position  2:    T:0.26923    C:0.20513    A:0.26923    G:0.25641
position  3:    T:0.30769    C:0.26923    A:0.29487    G:0.12821
Average         T:0.30769    C:0.22650    A:0.29487    G:0.17094

#22: Sitatunga      
position  1:    T:0.34615    C:0.20513    A:0.32051    G:0.12821
position  2:    T:0.26923    C:0.20513    A:0.26923    G:0.25641
position  3:    T:0.30769    C:0.25641    A:0.29487    G:0.14103
Average         T:0.30769    C:0.22222    A:0.29487    G:0.17521

#23: Oribi          
position  1:    T:0.34615    C:0.20513    A:0.32051    G:0.12821
position  2:    T:0.26923    C:0.20513    A:0.26923    G:0.25641
position  3:    T:0.30769    C:0.28205    A:0.29487    G:0.11538
Average         T:0.30769    C:0.23077    A:0.29487    G:0.16667

#24: BarbarySheep   
position  1:    T:0.34615    C:0.20513    A:0.32051    G:0.12821
position  2:    T:0.26923    C:0.20513    A:0.26923    G:0.25641
position  3:    T:0.30769    C:0.26923    A:0.28205    G:0.14103
Average         T:0.30769    C:0.22650    A:0.29060    G:0.17521

#25: Daviddeer      
position  1:    T:0.34615    C:0.20513    A:0.32051    G:0.12821
position  2:    T:0.26923    C:0.20513    A:0.26923    G:0.25641
position  3:    T:0.29487    C:0.28205    A:0.26923    G:0.15385
Average         T:0.30342    C:0.23077    A:0.28632    G:0.17949

#26: Reindeer       
position  1:    T:0.34615    C:0.20513    A:0.32051    G:0.12821
position  2:    T:0.26923    C:0.20513    A:0.26923    G:0.25641
position  3:    T:0.29487    C:0.29487    A:0.26923    G:0.14103
Average         T:0.30342    C:0.23504    A:0.28632    G:0.17521

#27: Ibex           
position  1:    T:0.34615    C:0.20513    A:0.32051    G:0.12821
position  2:    T:0.26923    C:0.20513    A:0.26923    G:0.25641
position  3:    T:0.30769    C:0.26923    A:0.29487    G:0.12821
Average         T:0.30769    C:0.22650    A:0.29487    G:0.17094

#28: GyrantGazelle  
position  1:    T:0.34615    C:0.20513    A:0.32051    G:0.12821
position  2:    T:0.26923    C:0.20513    A:0.26923    G:0.25641
position  3:    T:0.30769    C:0.28205    A:0.29487    G:0.11538
Average         T:0.30769    C:0.23077    A:0.29487    G:0.16667

#29: Hartebeest     
position  1:    T:0.34615    C:0.20513    A:0.32051    G:0.12821
position  2:    T:0.26923    C:0.20513    A:0.26923    G:0.25641
position  3:    T:0.30769    C:0.26923    A:0.29487    G:0.12821
Average         T:0.30769    C:0.22650    A:0.29487    G:0.17094

#30: Bongo          
position  1:    T:0.34615    C:0.20513    A:0.32051    G:0.12821
position  2:    T:0.26923    C:0.20513    A:0.26923    G:0.25641
position  3:    T:0.32051    C:0.24359    A:0.29487    G:0.14103
Average         T:0.31197    C:0.21795    A:0.29487    G:0.17521

#31: Gerenuk        
position  1:    T:0.35897    C:0.19231    A:0.32051    G:0.12821
position  2:    T:0.26923    C:0.20513    A:0.26923    G:0.25641
position  3:    T:0.29487    C:0.29487    A:0.29487    G:0.11538
Average         T:0.30769    C:0.23077    A:0.29487    G:0.16667

#32: CommonEland    
position  1:    T:0.34615    C:0.20513    A:0.32051    G:0.12821
position  2:    T:0.26923    C:0.20513    A:0.26923    G:0.25641
position  3:    T:0.30769    C:0.25641    A:0.29487    G:0.14103
Average         T:0.30769    C:0.22222    A:0.29487    G:0.17521

#33: MuntiacusReevesi
position  1:    T:0.34615    C:0.20513    A:0.32051    G:0.12821
position  2:    T:0.26923    C:0.20513    A:0.26923    G:0.25641
position  3:    T:0.29487    C:0.26923    A:0.28205    G:0.15385
Average         T:0.30342    C:0.22650    A:0.29060    G:0.17949

#34: HarveysDuiker  
position  1:    T:0.34615    C:0.20513    A:0.32051    G:0.12821
position  2:    T:0.26923    C:0.20513    A:0.26923    G:0.25641
position  3:    T:0.29487    C:0.28205    A:0.29487    G:0.12821
Average         T:0.30342    C:0.23077    A:0.29487    G:0.17094

#35: Pronghorn      
position  1:    T:0.34615    C:0.20513    A:0.32051    G:0.12821
position  2:    T:0.26923    C:0.20513    A:0.26923    G:0.25641
position  3:    T:0.29487    C:0.26923    A:0.29487    G:0.14103
Average         T:0.30342    C:0.22650    A:0.29487    G:0.17521

#36: BlueWildebeest 
position  1:    T:0.34615    C:0.20513    A:0.32051    G:0.12821
position  2:    T:0.26923    C:0.20513    A:0.26923    G:0.25641
position  3:    T:0.30769    C:0.26923    A:0.29487    G:0.12821
Average         T:0.30769    C:0.22650    A:0.29487    G:0.17094

#37: Gemsbok        
position  1:    T:0.34615    C:0.20513    A:0.32051    G:0.12821
position  2:    T:0.26923    C:0.20513    A:0.26923    G:0.25641
position  3:    T:0.29487    C:0.26923    A:0.30769    G:0.12821
Average         T:0.30342    C:0.22650    A:0.29915    G:0.17094

#38: Yak            
position  1:    T:0.34615    C:0.20513    A:0.32051    G:0.12821
position  2:    T:0.26923    C:0.20513    A:0.26923    G:0.25641
position  3:    T:0.30769    C:0.25641    A:0.29487    G:0.14103
Average         T:0.30769    C:0.22222    A:0.29487    G:0.17521

#39: BlueSheep      
position  1:    T:0.34615    C:0.20513    A:0.32051    G:0.12821
position  2:    T:0.26923    C:0.20513    A:0.26923    G:0.25641
position  3:    T:0.30769    C:0.26923    A:0.29487    G:0.12821
Average         T:0.30769    C:0.22650    A:0.29487    G:0.17094

#40: BohorReedbuck  
position  1:    T:0.34615    C:0.20513    A:0.32051    G:0.12821
position  2:    T:0.26923    C:0.20513    A:0.26923    G:0.25641
position  3:    T:0.30769    C:0.26923    A:0.29487    G:0.12821
Average         T:0.30769    C:0.22650    A:0.29487    G:0.17094

#41: KirksDik       
position  1:    T:0.34615    C:0.20513    A:0.32051    G:0.12821
position  2:    T:0.26923    C:0.20513    A:0.26923    G:0.25641
position  3:    T:0.28205    C:0.29487    A:0.28205    G:0.14103
Average         T:0.29915    C:0.23504    A:0.29060    G:0.17521

#42: RoeDeer        
position  1:    T:0.34615    C:0.20513    A:0.32051    G:0.12821
position  2:    T:0.26923    C:0.20513    A:0.26923    G:0.25641
position  3:    T:0.30769    C:0.28205    A:0.25641    G:0.15385
Average         T:0.30769    C:0.23077    A:0.28205    G:0.17949

#43: WhiteLippedDeer
position  1:    T:0.34615    C:0.20513    A:0.32051    G:0.12821
position  2:    T:0.26923    C:0.20513    A:0.26923    G:0.25641
position  3:    T:0.29487    C:0.28205    A:0.26923    G:0.15385
Average         T:0.30342    C:0.23077    A:0.28632    G:0.17949

#44: ThomsonGazelle 
position  1:    T:0.34615    C:0.20513    A:0.32051    G:0.12821
position  2:    T:0.26923    C:0.20513    A:0.26923    G:0.25641
position  3:    T:0.30769    C:0.28205    A:0.29487    G:0.11538
Average         T:0.30769    C:0.23077    A:0.29487    G:0.16667

#45: MuntiacusCrinifrons
position  1:    T:0.34615    C:0.20513    A:0.32051    G:0.12821
position  2:    T:0.26923    C:0.20513    A:0.26923    G:0.25641
position  3:    T:0.29487    C:0.26923    A:0.28205    G:0.15385
Average         T:0.30342    C:0.22650    A:0.29060    G:0.17949

#46: WhiteTailedDeer
position  1:    T:0.34615    C:0.20513    A:0.32051    G:0.12821
position  2:    T:0.26923    C:0.20513    A:0.26923    G:0.25641
position  3:    T:0.29487    C:0.28205    A:0.26923    G:0.15385
Average         T:0.30342    C:0.23077    A:0.28632    G:0.17949

#47: Cattle         
position  1:    T:0.34615    C:0.20513    A:0.32051    G:0.12821
position  2:    T:0.26923    C:0.20513    A:0.26923    G:0.25641
position  3:    T:0.30769    C:0.25641    A:0.29487    G:0.14103
Average         T:0.30769    C:0.22222    A:0.29487    G:0.17521

#48: RoyalAntelope  
position  1:    T:0.34615    C:0.20513    A:0.32051    G:0.12821
position  2:    T:0.26923    C:0.20513    A:0.26923    G:0.25641
position  3:    T:0.29487    C:0.26923    A:0.30769    G:0.12821
Average         T:0.30342    C:0.22650    A:0.29915    G:0.17094

#49: Steenbok       
position  1:    T:0.34615    C:0.20513    A:0.32051    G:0.12821
position  2:    T:0.26923    C:0.20513    A:0.26923    G:0.25641
position  3:    T:0.30769    C:0.26923    A:0.29487    G:0.12821
Average         T:0.30769    C:0.22650    A:0.29487    G:0.17094

#50: Impala         
position  1:    T:0.34615    C:0.20513    A:0.32051    G:0.12821
position  2:    T:0.26923    C:0.20513    A:0.26923    G:0.25641
position  3:    T:0.29487    C:0.26923    A:0.29487    G:0.14103
Average         T:0.30342    C:0.22650    A:0.29487    G:0.17521

#51: Klipspringer   
position  1:    T:0.34615    C:0.20513    A:0.32051    G:0.12821
position  2:    T:0.26923    C:0.20513    A:0.26923    G:0.25641
