1
52 1
Argali 0.000000 0.076900 0.026200 0.106400 0.024700 0.003200 0.018000 0.045000 0.026200 0.029600 0.008100 0.026200 0.026800 0.018000 0.024500 0.031700 0.026300 0.023000 0.013000 0.027900 0.034800 0.008100 0.027900 0.031300 0.013000 0.031700 0.019700 0.026200 0.035100 0.029500 0.031300 0.019600 0.038300 0.019700 0.009700 0.021300 0.006500 0.024700 0.038400 0.036600 0.029700 0.038600 0.032900 0.028000 0.021300 0.018000 0.031400 0.018000 0.019600 0.034100 0.024600 0.028100
LesserMous 0.076900 0.000000 0.081400 0.113800 0.078300 0.077000 0.081600 0.102000 0.077900 0.083300 0.075200 0.079800 0.087300 0.081700 0.081400 0.089100 0.085800 0.080300 0.080100 0.083300 0.096200 0.078300 0.081600 0.085800 0.080400 0.089100 0.083700 0.081500 0.092500 0.085000 0.085200 0.083500 0.089900 0.083600 0.072800 0.081700 0.077000 0.082000 0.097300 0.091200 0.087100 0.096100 0.079700 0.081800 0.081600 0.076400 0.092500 0.072800 0.079800 0.084500 0.079800 0.079900
LesserKudu 0.026200 0.081400 0.000000 0.106600 0.022900 0.022900 0.022900 0.036900 0.006400 0.026100 0.024600 0.011300 0.024600 0.021200 0.023100 0.033400 0.029600 0.024600 0.026200 0.008100 0.033500 0.024500 0.027800 0.027900 0.026200 0.033400 0.021300 0.006400 0.036800 0.006500 0.024500 0.024800 0.038200 0.021300 0.017900 0.014700 0.022900 0.023000 0.042200 0.030000 0.032900 0.040000 0.029500 0.024600 0.014600 0.017900 0.033400 0.021200 0.016300 0.030100 0.004800 0.008100
KillerWhal 0.106400 0.113800 0.106600 0.000000 0.109000 0.106500 0.111600 0.122600 0.108000 0.105900 0.108000 0.106000 0.114900 0.112000 0.111300 0.112500 0.108100 0.104400 0.104300 0.113600 0.120300 0.107800 0.108600 0.108600 0.109700 0.112600 0.108800 0.108100 0.116200 0.114100 0.107900 0.114100 0.118000 0.110500 0.102700 0.110000 0.106100 0.114600 0.119000 0.116600 0.113700 0.116800 0.105900 0.108000 0.109900 0.102200 0.115500 0.099200 0.098600 0.116100 0.110000 0.110400
DefassaWat 0.024700 0.078300 0.022900 0.109000 0.000000 0.021400 0.021300 0.041700 0.022900 0.031300 0.023000 0.024600 0.030700 0.019700 0.026200 0.029800 0.024700 0.019700 0.024700 0.024600 0.036600 0.021300 0.029700 0.033100 0.028000 0.029800 0.024000 0.022900 0.033100 0.026300 0.033100 0.023000 0.043500 0.023900 0.016800 0.026400 0.021400 0.009800 0.041900 0.036700 0.034800 0.036600 0.031300 0.029700 0.026300 0.018000 0.033200 0.023000 0.016400 0.035500 0.021300 0.024600
Sheep 0.003200 0.077000 0.022900 0.106500 0.021400 0.000000 0.014700 0.041700 0.022900 0.026300 0.004900 0.022900 0.023400 0.014700 0.021200 0.028400 0.023000 0.021300 0.009800 0.024600 0.031400 0.004900 0.028000 0.028000 0.009700 0.028300 0.016400 0.022900 0.031700 0.026200 0.028000 0.016300 0.034900 0.016400 0.006500 0.018000 0.003200 0.021400 0.035000 0.034900 0.033100 0.035100 0.029600 0.024700 0.018000 0.014700 0.028100 0.014700 0.016300 0.034200 0.021300 0.024800
MaxwellsDu 0.018000 0.081600 0.022900 0.111600 0.021300 0.014700 0.000000 0.045000 0.022900 0.026200 0.016300 0.026200 0.024700 0.011400 0.021200 0.031400 0.026300 0.024600 0.018000 0.024500 0.034700 0.016300 0.027900 0.028000 0.021300 0.031400 0.018000 0.022900 0.035000 0.026200 0.027900 0.011400 0.038300 0.018000 0.011400 0.021300 0.014700 0.021400 0.036700 0.031400 0.033000 0.037800 0.029500 0.024600 0.021300 0.018000 0.031400 0.018000 0.016300 0.038600 0.021200 0.024500
GazellaPrz 0.045000 0.102000 0.036900 0.122600 0.041700 0.041700 0.045000 0.000000 0.040200 0.047000 0.040000 0.039000 0.043400 0.043400 0.049200 0.023000 0.046900 0.040000 0.038700 0.042000 0.026300 0.041600 0.048800 0.045500 0.045000 0.023000 0.043400 0.040200 0.026300 0.043700 0.045300 0.047300 0.057500 0.043400 0.036500 0.042200 0.041700 0.041800 0.033300 0.052600 0.054200 0.031500 0.047000 0.043800 0.042200 0.036500 0.023400 0.043400 0.034800 0.057000 0.038500 0.042000
MountainNy 0.026200 0.077900 0.006400 0.108000 0.022900 0.022900 0.022900 0.040200 0.000000 0.026100 0.024600 0.014600 0.031300 0.021200 0.023100 0.033400 0.033000 0.027900 0.026200 0.004800 0.036800 0.024800 0.027800 0.027900 0.029500 0.033400 0.024600 0.003200 0.036700 0.006500 0.024500 0.024500 0.041600 0.024600 0.017900 0.017900 0.022900 0.023000 0.042200 0.030000 0.032900 0.039800 0.029500 0.024600 0.017900 0.017900 0.033400 0.021200 0.019800 0.036900 0.001600 0.004800
MuntiacusM 0.029600 0.083300 0.026100 0.105900 0.031300 0.026300 0.026200 0.047000 0.026100 0.000000 0.027900 0.026200 0.038100 0.027900 0.031100 0.033300 0.031300 0.028000 0.029600 0.027800 0.036600 0.027900 0.008100 0.011400 0.032900 0.033300 0.031300 0.026100 0.036600 0.029500 0.001600 0.031300 0.033200 0.031300 0.021200 0.024600 0.026300 0.031400 0.042100 0.018000 0.013000 0.040600 0.003200 0.008100 0.024600 0.024600 0.033300 0.018000 0.022900 0.038600 0.024500 0.027800
goat 0.008100 0.075200 0.024600 0.108000 0.023000 0.004900 0.016300 0.040000 0.024600 0.027900 0.000000 0.024800 0.021400 0.016400 0.022900 0.029800 0.024700 0.023000 0.011700 0.026200 0.033100 0.006500 0.029600 0.029700 0.004900 0.029700 0.018000 0.024600 0.033100 0.027900 0.029700 0.018000 0.036600 0.018000 0.008100 0.019700 0.001600 0.023100 0.036700 0.036600 0.034800 0.036400 0.027900 0.026400 0.019700 0.016300 0.030100 0.016400 0.018000 0.036200 0.022900 0.026200
AfricanBuf 0.026200 0.079800 0.011300 0.106000 0.024600 0.022900 0.026200 0.039000 0.014600 0.026200 0.024800 0.000000 0.024900 0.024600 0.026500 0.033500 0.029600 0.024600 0.026300 0.016300 0.037000 0.024500 0.027900 0.027900 0.029800 0.033500 0.021300 0.014600 0.036800 0.017900 0.024600 0.028200 0.034800 0.024600 0.017900 0.014700 0.022900 0.024700 0.042300 0.034800 0.033000 0.040000 0.029700 0.024600 0.014600 0.019600 0.033500 0.021300 0.019600 0.033600 0.013000 0.016300
Topi 0.026800 0.087300 0.024600 0.114900 0.030700 0.023400 0.024700 0.043400 0.031300 0.038100 0.021400 0.024900 0.000000 0.026400 0.032900 0.037200 0.035300 0.030200 0.027100 0.033000 0.036500 0.024600 0.039800 0.039900 0.023000 0.037100 0.009800 0.031300 0.040500 0.031300 0.039800 0.026700 0.043500 0.013000 0.016300 0.026400 0.023000 0.029800 0.041900 0.040000 0.045000 0.045200 0.038500 0.036500 0.026300 0.026300 0.036900 0.029700 0.021300 0.040900 0.029600 0.033000
CommonDuik 0.018000 0.081700 0.021200 0.112000 0.019700 0.014700 0.011400 0.043400 0.021200 0.027900 0.016400 0.024600 0.026400 0.000000 0.019600 0.029800 0.024700 0.023000 0.018000 0.022900 0.033100 0.016300 0.029600 0.029700 0.021300 0.029800 0.019700 0.021200 0.033100 0.024600 0.029700 0.006500 0.040100 0.019700 0.013000 0.019700 0.014700 0.019700 0.038400 0.033200 0.034800 0.036500 0.031300 0.026400 0.019700 0.016400 0.029800 0.016400 0.014700 0.038900 0.019600 0.022900
Suni 0.024500 0.081400 0.023100 0.111300 0.026200 0.021200 0.021200 0.049200 0.023100 0.031100 0.022900 0.026500 0.032900 0.019600 0.000000 0.036300 0.027900 0.029600 0.024600 0.024800 0.039700 0.022800 0.032800 0.033100 0.027800 0.036500 0.026200 0.023100 0.036300 0.026500 0.031600 0.022900 0.039900 0.026200 0.019500 0.023000 0.021200 0.023000 0.042300 0.036400 0.037900 0.039400 0.034500 0.029800 0.022900 0.023000 0.036300 0.019600 0.021200 0.039700 0.021400 0.024800
Springbuck 0.031700 0.089100 0.033400 0.112500 0.029800 0.028400 0.031400 0.023000 0.033400 0.033300 0.029800 0.033500 0.037200 0.029800 0.036300 0.000000 0.033200 0.026400 0.024700 0.035100 0.013000 0.029700 0.035000 0.035200 0.034700 0.003200 0.033800 0.033400 0.006500 0.036900 0.035000 0.029700 0.047000 0.030300 0.023400 0.028500 0.028100 0.033200 0.019800 0.038600 0.040300 0.011500 0.033300 0.031700 0.028500 0.026400 0.009800 0.029700 0.026400 0.042500 0.031700 0.035200
Okapi 0.026300 0.085800 0.029600 0.108100 0.024700 0.023000 0.026300 0.046900 0.033000 0.031300 0.024700 0.029600 0.035300 0.024700 0.027900 0.033200 0.000000 0.013100 0.026400 0.034700 0.039900 0.024700 0.036400 0.036500 0.029700 0.033200 0.028500 0.033000 0.033100 0.036400 0.033100 0.028300 0.040100 0.028500 0.021600 0.028100 0.023000 0.024800 0.041900 0.043500 0.041600 0.036100 0.031300 0.031400 0.028000 0.024700 0.036600 0.021400 0.019700 0.037100 0.031300 0.034700
Giraffe 0.023000 0.080300 0.024600 0.104400 0.019700 0.021300 0.024600 0.040000 0.027900 0.028000 0.023000 0.024600 0.030200 0.023000 0.029600 0.026400 0.013100 0.000000 0.024700 0.029600 0.033100 0.023000 0.029600 0.029700 0.028000 0.026400 0.023400 0.027900 0.029700 0.031300 0.029700 0.026600 0.036700 0.023400 0.016600 0.026400 0.021400 0.023100 0.038500 0.036600 0.033100 0.032600 0.027900 0.024700 0.026300 0.019700 0.029800 0.023000 0.018000 0.033700 0.026300 0.029600
TibetanAnt 0.013000 0.080100 0.026200 0.104300 0.024700 0.009800 0.018000 0.038700 0.026200 0.029600 0.011700 0.026300 0.027100 0.018000 0.024600 0.024700 0.026400 0.024700 0.000000 0.027900 0.031400 0.011400 0.031300 0.031400 0.016700 0.028000 0.019700 0.026200 0.031400 0.029600 0.031300 0.016400 0.041800 0.016400 0.009800 0.018000 0.009800 0.024700 0.035000 0.038300 0.036400 0.034900 0.033200 0.028000 0.018000 0.018000 0.028100 0.018000 0.019600 0.033700 0.024600 0.027900
Sitatunga 0.027900 0.083300 0.008100 0.113600 0.024600 0.024600 0.024500 0.042000 0.004800 0.027800 0.026200 0.016300 0.033000 0.022900 0.024800 0.035100 0.034700 0.029600 0.027900 0.000000 0.038500 0.026500 0.029500 0.029600 0.031200 0.035100 0.026300 0.004800 0.038400 0.008100 0.026200 0.026200 0.043300 0.026300 0.019500 0.019600 0.024600 0.024700 0.043900 0.031700 0.034600 0.041600 0.031100 0.026300 0.019600 0.019600 0.035100 0.022900 0.021500 0.038600 0.003200 0.006500
Oribi 0.034800 0.096200 0.033500 0.120300 0.036600 0.031400 0.034700 0.026300 0.036800 0.036600 0.033100 0.037000 0.036500 0.033100 0.039700 0.013000 0.039900 0.033100 0.031400 0.038500 0.000000 0.033100 0.038500 0.038600 0.034700 0.013000 0.036600 0.036800 0.016300 0.036900 0.038400 0.036500 0.050500 0.036500 0.026300 0.028500 0.031400 0.036700 0.023100 0.042100 0.043700 0.021400 0.040100 0.035200 0.028500 0.026400 0.009800 0.033100 0.029700 0.046000 0.035100 0.038500
BarbaryShe 0.008100 0.078300 0.024500 0.107800 0.021300 0.004900 0.016300 0.041600 0.024800 0.027900 0.006500 0.024500 0.024600 0.016300 0.022800 0.029700 0.024700 0.023000 0.011400 0.026500 0.033100 0.000000 0.029600 0.029700 0.011400 0.029700 0.018000 0.024800 0.033000 0.027900 0.029600 0.018000 0.036600 0.018000 0.008100 0.019700 0.004900 0.021400 0.036700 0.036500 0.034700 0.036200 0.031200 0.026300 0.019600 0.016300 0.029700 0.016300 0.014700 0.035600 0.023200 0.026200
Daviddeer 0.027900 0.081600 0.027800 0.108600 0.029700 0.028000 0.027900 0.048800 0.027800 0.008100 0.029600 0.027900 0.039800 0.029600 0.032800 0.035000 0.036400 0.029600 0.031300 0.029500 0.038500 0.029600 0.000000 0.013000 0.034600 0.035000 0.033000 0.027800 0.038400 0.031200 0.009700 0.033000 0.034900 0.033000 0.022900 0.026300 0.028000 0.029700 0.043900 0.018000 0.008100 0.042500 0.011300 0.009800 0.026300 0.026300 0.035000 0.023000 0.027900 0.033600 0.026200 0.029500
Reindeer 0.031300 0.085800 0.027900 0.108600 0.033100 0.028000 0.028000 0.045500 0.027900 0.011400 0.029700 0.027900 0.039900 0.029700 0.033100 0.035200 0.036500 0.029700 0.031400 0.029600 0.038600 0.029700 0.013000 0.000000 0.034700 0.035100 0.033100 0.027900 0.038500 0.031300 0.013000 0.033100 0.034900 0.033100 0.023000 0.026400 0.028000 0.033200 0.044000 0.019700 0.016300 0.042700 0.014600 0.008100 0.026300 0.026300 0.035200 0.023000 0.028000 0.040500 0.026300 0.029600
Ibex 0.013000 0.080400 0.026200 0.109700 0.028000 0.009700 0.021300 0.045000 0.029500 0.032900 0.004900 0.029800 0.023000 0.021300 0.027800 0.034700 0.029700 0.028000 0.016700 0.031200 0.034700 0.011400 0.034600 0.034700 0.000000 0.034700 0.023000 0.029500 0.038100 0.029500 0.034600 0.022900 0.041700 0.023000 0.013000 0.021300 0.006500 0.028000 0.041700 0.041600 0.039800 0.041600 0.032900 0.031300 0.021300 0.021300 0.035100 0.021300 0.022900 0.037900 0.027900 0.031200
GyrantGaze 0.031700 0.089100 0.033400 0.112600 0.029800 0.028300 0.031400 0.023000 0.033400 0.033300 0.029700 0.033500 0.037100 0.029800 0.036500 0.003200 0.033200 0.026400 0.028000 0.035100 0.013000 0.029700 0.035000 0.035100 0.034700 0.000000 0.033700 0.033400 0.003200 0.036800 0.035000 0.033100 0.047000 0.033600 0.023300 0.028400 0.028100 0.033200 0.019800 0.038600 0.040200 0.008200 0.033300 0.031700 0.028400 0.026400 0.009800 0.029700 0.026400 0.045800 0.031700 0.035100
Hartebeest 0.019700 0.083700 0.021300 0.108800 0.024000 0.016400 0.018000 0.043400 0.024600 0.031300 0.018000 0.021300 0.009800 0.019700 0.026200 0.033800 0.028500 0.023400 0.019700 0.026300 0.036600 0.018000 0.033000 0.033100 0.023000 0.033700 0.000000 0.024600 0.037100 0.028000 0.033100 0.020000 0.040100 0.003200 0.009800 0.023100 0.016400 0.023100 0.038500 0.033200 0.038200 0.040800 0.035100 0.029800 0.023000 0.019700 0.033200 0.023000 0.014700 0.037200 0.023000 0.026300
Bongo 0.026200 0.081500 0.006400 0.108100 0.022900 0.022900 0.022900 0.040200 0.003200 0.026100 0.024600 0.014600 0.031300 0.021200 0.023100 0.033400 0.033000 0.027900 0.026200 0.004800 0.036800 0.024800 0.027800 0.027900 0.029500 0.033400 0.024600 0.000000 0.036700 0.006500 0.024500 0.024500 0.041600 0.024600 0.017900 0.018000 0.022900 0.023000 0.042200 0.030000 0.032900 0.039800 0.029500 0.024600 0.017900 0.017900 0.033400 0.021300 0.019800 0.036900 0.001600 0.004800
Gerenuk 0.035100 0.092500 0.036800 0.116200 0.033100 0.031700 0.035000 0.026300 0.036700 0.036600 0.033100 0.036800 0.040500 0.033100 0.036300 0.006500 0.033100 0.029700 0.031400 0.038400 0.016300 0.033000 0.038400 0.038500 0.038100 0.003200 0.037100 0.036700 0.000000 0.040200 0.038400 0.036400 0.047000 0.037100 0.026700 0.031900 0.031400 0.033200 0.019700 0.042000 0.043600 0.008100 0.036600 0.035100 0.031800 0.029700 0.013000 0.033100 0.029700 0.049300 0.035000 0.038500
CommonElan 0.029500 0.085000 0.006500 0.114100 0.026300 0.026200 0.026200 0.043700 0.006500 0.029500 0.027900 0.017900 0.031300 0.024600 0.026500 0.036900 0.036400 0.031300 0.029600 0.008100 0.036900 0.027900 0.031200 0.031300 0.029500 0.036800 0.028000 0.006500 0.040200 0.000000 0.027900 0.027900 0.045000 0.027900 0.021200 0.018000 0.026300 0.026400 0.045700 0.033400 0.036300 0.043600 0.032800 0.027900 0.017900 0.021200 0.036900 0.024600 0.022900 0.037000 0.004800 0.008100
MuntiacusR 0.031300 0.085200 0.024500 0.107900 0.033100 0.028000 0.027900 0.045300 0.024500 0.001600 0.029700 0.024600 0.039800 0.029700 0.031600 0.035000 0.033100 0.029700 0.031300 0.026200 0.038400 0.029600 0.009700 0.013000 0.034600 0.035000 0.033100 0.024500 0.038400 0.027900 0.000000 0.033000 0.034900 0.033000 0.022900 0.026300 0.028000 0.033100 0.043900 0.019700 0.014700 0.042400 0.004800 0.009800 0.026300 0.026300 0.035000 0.019700 0.024600 0.040400 0.022900 0.026200
HarveysDui 0.019600 0.083500 0.024800 0.114100 0.023000 0.016300 0.011400 0.047300 0.024500 0.031300 0.018000 0.028200 0.026700 0.006500 0.022900 0.029700 0.028300 0.026600 0.016400 0.026200 0.036500 0.018000 0.033000 0.033100 0.022900 0.033100 0.020000 0.024500 0.036400 0.027900 0.033000 0.000000 0.043700 0.016600 0.013000 0.023000 0.016400 0.023100 0.038400 0.036600 0.038400 0.039800 0.034600 0.029700 0.022900 0.019600 0.033100 0.019600 0.018200 0.037400 0.022900 0.026200
Pronghorn 0.038300 0.089900 0.038200 0.118000 0.043500 0.034900 0.038300 0.057500 0.041600 0.033200 0.036600 0.034800 0.043500 0.040100 0.039900 0.047000 0.040100 0.036700 0.041800 0.043300 0.050500 0.036600 0.034900 0.034900 0.041700 0.047000 0.040100 0.041600 0.047000 0.045000 0.034900 0.043700 0.000000 0.040100 0.033200 0.040100 0.034900 0.040200 0.052600 0.041900 0.040000 0.050200 0.036500 0.031600 0.040000 0.036600 0.047100 0.033300 0.034900 0.051600 0.039900 0.043300
BlueWildeb 0.019700 0.083600 0.021300 0.110500 0.023900 0.016400 0.018000 0.043400 0.024600 0.031300 0.018000 0.024600 0.013000 0.019700 0.026200 0.030300 0.028500 0.023400 0.016400 0.026300 0.036500 0.018000 0.033000 0.033100 0.023000 0.033600 0.003200 0.024600 0.037100 0.027900 0.033000 0.016600 0.040100 0.000000 0.009800 0.026400 0.016400 0.023100 0.038500 0.033200 0.038200 0.040700 0.035100 0.029700 0.026300 0.019700 0.033200 0.023000 0.014700 0.033700 0.023000 0.026300
Gemsbok 0.009700 0.072800 0.017900 0.102700 0.016800 0.006500 0.011400 0.036500 0.017900 0.021200 0.008100 0.017900 0.016300 0.013000 0.019500 0.023400 0.021600 0.016600 0.009800 0.019500 0.026300 0.008100 0.022900 0.023000 0.013000 0.023300 0.009800 0.017900 0.026700 0.021200 0.022900 0.013000 0.033200 0.009800 0.000000 0.016300 0.006500 0.016400 0.028200 0.029800 0.028000 0.029900 0.024800 0.019600 0.016300 0.009800 0.023000 0.013000 0.011400 0.030100 0.016300 0.019600
Yak 0.021300 0.081700 0.014700 0.110000 0.026400 0.018000 0.021300 0.042200 0.017900 0.024600 0.019700 0.014700 0.026400 0.019700 0.023000 0.028500 0.028100 0.026400 0.018000 0.019600 0.028500 0.019700 0.026300 0.026400 0.021300 0.028400 0.023100 0.018000 0.031900 0.018000 0.026300 0.023000 0.040100 0.026400 0.016300 0.000000 0.018000 0.026400 0.037200 0.033200 0.031400 0.034900 0.028000 0.023000 0.000000 0.019700 0.028500 0.016400 0.021300 0.031900 0.016300 0.019600
BlueSheep 0.006500 0.077000 0.022900 0.106100 0.021400 0.003200 0.014700 0.041700 0.022900 0.026300 0.001600 0.022900 0.023000 0.014700 0.021200 0.028100 0.023000 0.021400 0.009800 0.024600 0.031400 0.004900 0.028000 0.028000 0.006500 0.028100 0.016400 0.022900 0.031400 0.026300 0.028000 0.016400 0.034900 0.016400 0.006500 0.018000 0.000000 0.021400 0.035000 0.034900 0.033100 0.034700 0.029600 0.024700 0.018000 0.014700 0.028100 0.014700 0.016300 0.034000 0.021300 0.024600
BohorReedb 0.024700 0.082000 0.023000 0.114600 0.009800 0.021400 0.021400 0.041800 0.023000 0.031400 0.023100 0.024700 0.029800 0.019700 0.023000 0.033200 0.024800 0.023100 0.024700 0.024700 0.036700 0.021400 0.029700 0.033200 0.028000 0.033200 0.023100 0.023000 0.033200 0.026400 0.033100 0.023100 0.040200 0.023100 0.016400 0.026400 0.021400 0.000000 0.038600 0.036700 0.034900 0.036500 0.034800 0.029800 0.026400 0.018100 0.033300 0.023100 0.016400 0.035500 0.021400 0.024700
KirksDik 0.038400 0.097300 0.042200 0.119000 0.041900 0.035000 0.036700 0.033300 0.042200 0.042100 0.036700 0.042300 0.041900 0.038400 0.042300 0.019800 0.041900 0.038500 0.035000 0.043900 0.023100 0.036700 0.043900 0.044000 0.041700 0.019800 0.038500 0.042200 0.019700 0.045700 0.043900 0.038400 0.052600 0.038500 0.028200 0.037200 0.035000 0.038600 0.000000 0.047600 0.049200 0.024900 0.045500 0.040500 0.037200 0.035000 0.019800 0.038400 0.035000 0.053200 0.040500 0.043900
RoeDeer 0.036600 0.091200 0.030000 0.116600 0.036700 0.034900 0.031400 0.052600 0.030000 0.018000 0.036600 0.034800 0.040000 0.033200 0.036400 0.038600 0.043500 0.036600 0.038300 0.031700 0.042100 0.036500 0.018000 0.019700 0.041600 0.038600 0.033200 0.030000 0.042000 0.033400 0.019700 0.036600 0.041900 0.033200 0.029800 0.033200 0.034900 0.036700 0.047600 0.000000 0.023100 0.046100 0.021300 0.016400 0.033200 0.033200 0.038700 0.029800 0.029800 0.045700 0.028300 0.031700
WhiteLippe 0.029700 0.087100 0.032900 0.113700 0.034800 0.033100 0.033000 0.054200 0.032900 0.013000 0.034800 0.033000 0.045000 0.034800 0.037900 0.040300 0.041600 0.033100 0.036400 0.034600 0.043700 0.034700 0.008100 0.016300 0.039800 0.040200 0.038200 0.032900 0.043600 0.036300 0.014700 0.038400 0.040000 0.038200 0.028000 0.031400 0.033100 0.034900 0.049200 0.023100 0.000000 0.047800 0.016300 0.014700 0.031300 0.031400 0.040600 0.028000 0.033000 0.038800 0.031300 0.034600
ThomsonGaz 0.038600 0.096100 0.040000 0.116800 0.036600 0.035100 0.037800 0.031500 0.039800 0.040600 0.036400 0.040000 0.045200 0.036500 0.039400 0.011500 0.036100 0.032600 0.034900 0.041600 0.021400 0.036200 0.042500 0.042700 0.041600 0.008200 0.040800 0.039800 0.008100 0.043600 0.042400 0.039800 0.050200 0.040700 0.029900 0.034900 0.034700 0.036500 0.024900 0.046100 0.047800 0.000000 0.040600 0.039200 0.034900 0.032700 0.018100 0.036200 0.032700 0.051800 0.038100 0.041600
MuntiacusC 0.032900 0.079700 0.029500 0.105900 0.031300 0.029600 0.029500 0.047000 0.029500 0.003200 0.027900 0.029700 0.038500 0.031300 0.034500 0.033300 0.031300 0.027900 0.033200 0.031100 0.040100 0.031200 0.011300 0.014600 0.032900 0.033300 0.035100 0.029500 0.036600 0.032800 0.004800 0.034600 0.036500 0.035100 0.024800 0.028000 0.029600 0.034800 0.045500 0.021300 0.016300 0.040600 0.000000 0.011400 0.027900 0.027900 0.036900 0.021300 0.026200 0.042400 0.027800 0.031200
WhiteTaile 0.028000 0.081800 0.024600 0.108000 0.029700 0.024700 0.024600 0.043800 0.024600 0.008100 0.026400 0.024600 0.036500 0.026400 0.029800 0.031700 0.031400 0.024700 0.028000 0.026300 0.035200 0.026300 0.009800 0.008100 0.031300 0.031700 0.029800 0.024600 0.035100 0.027900 0.009800 0.029700 0.031600 0.029700 0.019600 0.023000 0.024700 0.029800 0.040500 0.016400 0.014700 0.039200 0.011400 0.000000 0.023000 0.023000 0.031700 0.019700 0.024700 0.037100 0.023000 0.026300
Cattle 0.021300 0.081600 0.014600 0.109900 0.026300 0.018000 0.021300 0.042200 0.017900 0.024600 0.019700 0.014600 0.026300 0.019700 0.022900 0.028500 0.028000 0.026300 0.018000 0.019600 0.028500 0.019600 0.026300 0.026300 0.021300 0.028400 0.023000 0.017900 0.031800 0.017900 0.026300 0.022900 0.040000 0.026300 0.016300 0.000000 0.018000 0.026400 0.037200 0.033200 0.031300 0.034900 0.027900 0.023000 0.000000 0.019600 0.028500 0.016300 0.021300 0.031900 0.016300 0.019600
RoyalAntel 0.018000 0.076400 0.017900 0.102200 0.018000 0.014700 0.018000 0.036500 0.017900 0.024600 0.016300 0.019600 0.026300 0.016400 0.023000 0.026400 0.024700 0.019700 0.018000 0.019600 0.026400 0.016300 0.026300 0.026300 0.021300 0.026400 0.019700 0.017900 0.029700 0.021200 0.026300 0.019600 0.036600 0.019700 0.009800 0.019700 0.014700 0.018100 0.035000 0.033200 0.031400 0.032700 0.027900 0.023000 0.019600 0.000000 0.026400 0.016400 0.014700 0.035300 0.016300 0.019600
Steenbok 0.031400 0.092500 0.033400 0.115500 0.033200 0.028100 0.031400 0.023400 0.033400 0.033300 0.030100 0.033500 0.036900 0.029800 0.036300 0.009800 0.036600 0.029800 0.028100 0.035100 0.009800 0.029700 0.035000 0.035200 0.035100 0.009800 0.033200 0.033400 0.013000 0.036900 0.035000 0.033100 0.047100 0.033200 0.023000 0.028500 0.028100 0.033300 0.019800 0.038700 0.040600 0.018100 0.036900 0.031700 0.028500 0.026400 0.000000 0.029800 0.026400 0.046100 0.031700 0.035200
Impala 0.018000 0.072800 0.021200 0.099200 0.023000 0.014700 0.018000 0.043400 0.021200 0.018000 0.016400 0.021300 0.029700 0.016400 0.019600 0.029700 0.021400 0.023000 0.018000 0.022900 0.033100 0.016300 0.023000 0.023000 0.021300 0.029700 0.023000 0.021300 0.033100 0.024600 0.019700 0.019600 0.033300 0.023000 0.013000 0.016400 0.014700 0.023100 0.038400 0.029800 0.028000 0.036200 0.021300 0.019700 0.016300 0.016400 0.029800 0.000000 0.014700 0.035300 0.019600 0.022900
Klipspring 0.019600 0.079800 0.016300 0.098600 0.016400 0.016300 0.016300 0.034800 0.019800 0.022900 0.018000 0.019600 0.021300 0.014700 0.021200 0.026400 0.019700 0.018000 0.019600 0.021500 0.029700 0.014700 0.027900 0.028000 0.022900 0.026400 0.014700 0.019800 0.029700 0.022900 0.024600 0.018200 0.034900 0.014700 0.011400 0.021300 0.016300 0.016400 0.035000 0.029800 0.033000 0.032700 0.026200 0.024700 0.021300 0.014700 0.026400 0.014700 0.000000 0.033500 0.018200 0.021200
ForestMusk 0.034100 0.084500 0.030100 0.116100 0.035500 0.034200 0.038600 0.057000 0.036900 0.038600 0.036200 0.033600 0.040900 0.038900 0.039700 0.042500 0.037100 0.033700 0.033700 0.038600 0.046000 0.035600 0.033600 0.040500 0.037900 0.045800 0.037200 0.036900 0.049300 0.037000 0.040400 0.037400 0.051600 0.033700 0.030100 0.031900 0.034000 0.035500 0.053200 0.045700 0.038800 0.051800 0.042400 0.037100 0.031900 0.035300 0.046100 0.035300 0.033500 0.000000 0.035200 0.038600
Bushbuck 0.024600 0.079800 0.004800 0.110000 0.021300 0.021300 0.021200 0.038500 0.001600 0.024500 0.022900 0.013000 0.029600 0.019600 0.021400 0.031700 0.031300 0.026300 0.024600 0.003200 0.035100 0.023200 0.026200 0.026300 0.027900 0.031700 0.023000 0.001600 0.035000 0.004800 0.022900 0.022900 0.039900 0.023000 0.016300 0.016300 0.021300 0.021400 0.040500 0.028300 0.031300 0.038100 0.027800 0.023000 0.016300 0.016300 0.031700 0.019600 0.018200 0.035200 0.000000 0.003200
GreaterKud 0.028100 0.079900 0.008100 0.110400 0.024600 0.024800 0.024500 0.042000 0.004800 0.027800 0.026200 0.016300 0.033000 0.022900 0.024800 0.035200 0.034700 0.029600 0.027900 0.006500 0.038500 0.026200 0.029500 0.029600 0.031200 0.035100 0.026300 0.004800 0.038500 0.008100 0.026200 0.026200 0.043300 0.026300 0.019600 0.019600 0.024600 0.024700 0.043900 0.031700 0.034600 0.041600 0.031200 0.026300 0.019600 0.019600 0.035200 0.022900 0.021200 0.038600 0.003200 0.000000
