1
52 1
Argali 0.000000 0.145300 0.060600 0.229600 0.051100 0.019700 0.096700 0.073000 0.081900 0.095700 0.040600 0.084700 0.072300 0.097500 0.130100 0.085500 0.052100 0.050700 0.030100 0.083100 0.073200 0.020200 0.083500 0.094800 0.040100 0.129400 0.073300 0.071500 0.106200 0.082400 0.073000 0.073300 0.030800 0.073100 0.060600 0.041000 0.029900 0.040900 0.121600 0.062900 0.084800 0.149400 0.062600 0.106000 0.050600 0.041000 0.095600 0.040200 0.051500 0.039500 0.072600 0.091400
LesserMous 0.145300 0.000000 0.179900 0.213400 0.144200 0.158000 0.211400 0.198400 0.179900 0.199000 0.159600 0.185800 0.170100 0.196600 0.211000 0.187700 0.147600 0.157100 0.146800 0.182000 0.172400 0.134400 0.182600 0.196500 0.157700 0.207900 0.172400 0.182100 0.211000 0.181600 0.171200 0.171100 0.134100 0.172200 0.154400 0.133600 0.146300 0.132900 0.203300 0.159500 0.177400 0.190100 0.172800 0.209500 0.168500 0.159500 0.172700 0.159400 0.185000 0.153200 0.171200 0.203900
LesserKudu 0.060600 0.179900 0.000000 0.211700 0.071000 0.071100 0.117200 0.071500 0.019400 0.105100 0.093700 0.105000 0.092200 0.095200 0.150600 0.083600 0.072300 0.070400 0.082500 0.029800 0.071600 0.072400 0.081800 0.115000 0.092700 0.104100 0.093500 0.029500 0.060700 0.019300 0.093300 0.071600 0.072100 0.093300 0.080200 0.060900 0.082200 0.060800 0.118800 0.083200 0.083000 0.123800 0.105000 0.126200 0.070400 0.040200 0.093500 0.059900 0.071700 0.079800 0.029800 0.048700
KillerWhal 0.229600 0.213400 0.211700 0.000000 0.202500 0.242800 0.288900 0.285700 0.212100 0.233900 0.245600 0.259300 0.227600 0.258500 0.284500 0.276600 0.228800 0.210100 0.227100 0.228600 0.257600 0.220000 0.203900 0.244700 0.215700 0.271200 0.254600 0.210000 0.243300 0.213600 0.201300 0.229200 0.218600 0.250900 0.211300 0.204500 0.217800 0.212900 0.234200 0.207900 0.207200 0.293500 0.211800 0.257500 0.252700 0.217500 0.254600 0.212800 0.243800 0.222700 0.199000 0.209800
DefassaWat 0.051100 0.144200 0.071000 0.202500 0.000000 0.061600 0.085400 0.084000 0.050100 0.084700 0.041100 0.073500 0.061400 0.082300 0.141800 0.074200 0.041300 0.061200 0.051600 0.050900 0.062300 0.041400 0.051400 0.062200 0.040600 0.117400 0.062200 0.082400 0.094800 0.071700 0.062300 0.062500 0.041200 0.062200 0.050200 0.020300 0.051400 0.010000 0.109700 0.030900 0.052200 0.114600 0.052000 0.073000 0.061100 0.051500 0.084300 0.029900 0.084000 0.070400 0.061800 0.102500
Sheep 0.019700 0.158000 0.071100 0.242800 0.061600 0.000000 0.108000 0.083800 0.092600 0.106900 0.040600 0.095900 0.083200 0.108900 0.141800 0.096700 0.062900 0.061200 0.030200 0.094000 0.084100 0.020200 0.094400 0.105800 0.040200 0.141100 0.084300 0.082200 0.117500 0.093200 0.083800 0.084200 0.041200 0.084100 0.071100 0.051500 0.030000 0.051300 0.133400 0.073700 0.095900 0.161200 0.073400 0.117200 0.061000 0.051500 0.106900 0.050400 0.062100 0.049600 0.083500 0.102100
MaxwellsDu 0.096700 0.211400 0.117200 0.288900 0.085400 0.108000 0.000000 0.097400 0.117500 0.158200 0.109700 0.121800 0.107600 0.064900 0.170700 0.099500 0.087000 0.107100 0.097700 0.119500 0.074800 0.087200 0.120200 0.132500 0.108400 0.144600 0.109000 0.129900 0.120700 0.118400 0.132900 0.041800 0.086600 0.109000 0.094700 0.074800 0.097300 0.074600 0.124400 0.098600 0.122200 0.165200 0.098400 0.131600 0.106900 0.085800 0.097600 0.095700 0.086100 0.105500 0.108400 0.150500
GazellaPrz 0.073000 0.198400 0.071500 0.285700 0.084000 0.083800 0.097400 0.000000 0.093400 0.144100 0.108000 0.119900 0.106000 0.110500 0.119800 0.053100 0.085600 0.105500 0.096200 0.094900 0.020500 0.085900 0.118300 0.107600 0.106700 0.096000 0.107500 0.105000 0.073700 0.094000 0.130800 0.085400 0.085400 0.107300 0.093300 0.073700 0.095900 0.073500 0.087700 0.097200 0.120300 0.116000 0.119900 0.118200 0.083000 0.051800 0.041600 0.072200 0.084800 0.092400 0.084200 0.125100
MountainNy 0.081900 0.179900 0.019400 0.212100 0.050100 0.092600 0.117500 0.093400 0.000000 0.105400 0.072100 0.105200 0.092300 0.095500 0.174900 0.083800 0.072400 0.070600 0.082600 0.009800 0.071800 0.072600 0.082100 0.115400 0.071200 0.104200 0.093600 0.029500 0.060800 0.019600 0.093500 0.071900 0.072300 0.093400 0.080400 0.061100 0.082400 0.040100 0.119200 0.083500 0.083300 0.101900 0.105300 0.126600 0.091700 0.061200 0.093800 0.060000 0.093400 0.101100 0.029800 0.048900
MuntiacusM 0.095700 0.199000 0.105100 0.233900 0.084700 0.106900 0.158200 0.144100 0.105400 0.000000 0.108400 0.144200 0.129800 0.159100 0.207100 0.133200 0.109000 0.106100 0.096500 0.107100 0.120000 0.086100 0.073500 0.084800 0.107100 0.154700 0.131600 0.094700 0.130600 0.106100 0.020500 0.131800 0.085600 0.131400 0.105400 0.085500 0.096200 0.096100 0.160500 0.052700 0.074700 0.175100 0.052400 0.095800 0.128900 0.096600 0.144200 0.106300 0.107900 0.115200 0.096200 0.104100
goat 0.040600 0.159600 0.093700 0.245600 0.041100 0.040600 0.109700 0.108000 0.072100 0.108400 0.000000 0.097200 0.084100 0.110600 0.156500 0.085900 0.063900 0.062000 0.030600 0.073200 0.096200 0.020500 0.095800 0.107400 0.020000 0.131300 0.085200 0.083400 0.107800 0.094600 0.085000 0.085500 0.041700 0.085000 0.072000 0.052200 0.030500 0.030800 0.135500 0.074800 0.097300 0.139400 0.074400 0.118900 0.072900 0.074100 0.097100 0.051100 0.085200 0.071300 0.084700 0.103600
AfricanBuf 0.084700 0.185800 0.105000 0.259300 0.073500 0.095900 0.121800 0.119900 0.105200 0.144200 0.097200 0.000000 0.095600 0.122700 0.181200 0.109900 0.074900 0.095100 0.085400 0.106700 0.097000 0.075200 0.107400 0.096500 0.096100 0.155200 0.096900 0.117300 0.131000 0.106000 0.119600 0.097000 0.074800 0.096700 0.083100 0.063200 0.085200 0.063000 0.148100 0.086100 0.109100 0.175400 0.108700 0.130700 0.094900 0.085500 0.120200 0.073100 0.119900 0.104000 0.096100 0.137700
Topi 0.072300 0.170100 0.092200 0.227600 0.061400 0.083200 0.107600 0.106000 0.092300 0.129800 0.084100 0.095600 0.000000 0.105700 0.165400 0.096400 0.062900 0.082500 0.073000 0.093800 0.094400 0.062800 0.094100 0.105400 0.061500 0.140700 0.020300 0.104000 0.117100 0.093000 0.106000 0.083800 0.062400 0.020200 0.071000 0.030400 0.072700 0.051200 0.132900 0.073500 0.095500 0.160600 0.095400 0.116800 0.061000 0.072900 0.106500 0.071300 0.106400 0.070300 0.083300 0.124100
CommonDuik 0.097500 0.196600 0.095200 0.258500 0.082300 0.108900 0.064900 0.110500 0.095500 0.159100 0.110600 0.122700 0.105700 0.000000 0.172100 0.088100 0.087700 0.085100 0.098400 0.109100 0.087300 0.087900 0.097400 0.133300 0.109200 0.133000 0.107200 0.107500 0.086100 0.096200 0.133600 0.020800 0.087400 0.107400 0.095500 0.075500 0.098100 0.072100 0.139300 0.099300 0.094100 0.153600 0.099100 0.145000 0.107800 0.095000 0.107500 0.096400 0.086800 0.106300 0.086100 0.128000
Suni 0.130100 0.211000 0.150600 0.284500 0.141800 0.141800 0.170700 0.119800 0.174900 0.207100 0.156500 0.181200 0.165400 0.172100 0.000000 0.122200 0.144600 0.164500 0.155600 0.177800 0.120200 0.145200 0.153500 0.179400 0.166400 0.130900 0.167900 0.163100 0.130900 0.151300 0.180200 0.143700 0.144200 0.167400 0.127300 0.131100 0.155100 0.130900 0.148100 0.145000 0.169500 0.175300 0.168900 0.191600 0.116800 0.131100 0.096900 0.105400 0.143300 0.149400 0.166400 0.159500
Springbuck 0.085500 0.187700 0.083600 0.276600 0.074200 0.096700 0.099500 0.053100 0.083800 0.133200 0.085900 0.109900 0.096400 0.088100 0.122200 0.000000 0.075700 0.095900 0.086300 0.085200 0.031500 0.075900 0.108000 0.119900 0.097000 0.052200 0.097800 0.095500 0.030900 0.084400 0.120300 0.075300 0.075400 0.097600 0.083800 0.063800 0.086000 0.063600 0.101000 0.086700 0.109800 0.082900 0.109400 0.131400 0.084700 0.086300 0.042500 0.084500 0.097800 0.105300 0.074400 0.115800
Okapi 0.052100 0.147600 0.072300 0.228800 0.041300 0.062900 0.087000 0.085600 0.072400 0.109000 0.063900 0.074900 0.062900 0.087700 0.144600 0.075700 0.000000 0.020200 0.052600 0.073600 0.063400 0.042200 0.073800 0.085000 0.063200 0.120000 0.063700 0.083900 0.096600 0.072900 0.085500 0.063600 0.042200 0.063600 0.051000 0.031100 0.052400 0.031000 0.111400 0.052900 0.074800 0.140200 0.074900 0.096400 0.062300 0.052500 0.086000 0.051700 0.074600 0.071900 0.063000 0.104100
Giraffe 0.050700 0.157100 0.070400 0.210100 0.061200 0.061200 0.107100 0.105500 0.070600 0.106100 0.062000 0.095100 0.082500 0.085100 0.164500 0.095900 0.020200 0.000000 0.051200 0.082700 0.083400 0.041100 0.072000 0.105100 0.061300 0.139900 0.083600 0.060400 0.093900 0.071000 0.083300 0.061700 0.040900 0.083400 0.070500 0.051100 0.051000 0.051000 0.132200 0.073300 0.073000 0.159800 0.072900 0.116400 0.081800 0.072600 0.106200 0.071200 0.072600 0.070100 0.061300 0.080100
TibetanAnt 0.030100 0.146800 0.082500 0.227100 0.051600 0.030200 0.097700 0.096200 0.082600 0.096500 0.030600 0.085400 0.073000 0.098400 0.155600 0.086300 0.052600 0.051200 0.000000 0.083900 0.073900 0.010100 0.084200 0.095600 0.030200 0.130700 0.074000 0.072200 0.107200 0.083200 0.073600 0.074000 0.031100 0.073800 0.061100 0.041400 0.020100 0.041300 0.122800 0.063400 0.085500 0.150800 0.063100 0.084300 0.072400 0.062900 0.096600 0.061700 0.073800 0.060600 0.073400 0.092200
Sitatunga 0.083100 0.182000 0.029800 0.228600 0.050900 0.094000 0.119500 0.094900 0.009800 0.107100 0.073200 0.106700 0.093800 0.109100 0.177800 0.085200 0.073600 0.082700 0.083900 0.000000 0.072900 0.073700 0.094700 0.117300 0.072300 0.105900 0.095100 0.040300 0.072900 0.030100 0.095000 0.084400 0.073400 0.094900 0.081700 0.062000 0.083600 0.040700 0.121200 0.084700 0.096300 0.103500 0.107000 0.128700 0.093100 0.062000 0.095300 0.060900 0.094900 0.102400 0.040800 0.060200
Oribi 0.073200 0.172400 0.071600 0.257600 0.062300 0.084100 0.074800 0.020500 0.071800 0.120000 0.096200 0.097000 0.094400 0.087300 0.120200 0.031500 0.063400 0.083400 0.073900 0.072900 0.000000 0.063600 0.095600 0.107400 0.095000 0.073700 0.095800 0.083000 0.052000 0.072300 0.107500 0.063300 0.073900 0.095600 0.071700 0.052000 0.073600 0.051900 0.065000 0.074600 0.097100 0.093700 0.096900 0.095500 0.083200 0.052000 0.020600 0.090400 0.085000 0.092600 0.062400 0.103000
BarbaryShe 0.020200 0.134400 0.072400 0.220000 0.041400 0.020200 0.087200 0.085900 0.072600 0.086100 0.020500 0.075200 0.062800 0.087900 0.145200 0.075900 0.042200 0.041100 0.010100 0.073700 0.063600 0.000000 0.074000 0.085400 0.020200 0.120200 0.063600 0.062100 0.096800 0.073100 0.063300 0.063800 0.020800 0.063500 0.051100 0.031200 0.010100 0.031100 0.112200 0.053100 0.075100 0.140400 0.052800 0.096600 0.062400 0.052600 0.086200 0.051600 0.063500 0.050500 0.063100 0.082200
Daviddeer 0.083500 0.182600 0.081800 0.203900 0.051400 0.094400 0.120200 0.118300 0.082100 0.073500 0.095800 0.107400 0.094100 0.097400 0.153500 0.108000 0.073800 0.072000 0.084200 0.094700 0.095600 0.074000 0.000000 0.051600 0.094800 0.152200 0.095300 0.082100 0.105700 0.071400 0.051600 0.073400 0.073600 0.095300 0.071500 0.051800 0.084000 0.062100 0.146000 0.020500 0.020400 0.172600 0.041300 0.062100 0.093600 0.084300 0.118600 0.072200 0.118000 0.103000 0.072800 0.091400
Reindeer 0.094800 0.196500 0.115000 0.244700 0.062200 0.105800 0.132500 0.107600 0.115400 0.084800 0.107400 0.096500 0.105400 0.133300 0.179400 0.119900 0.085000 0.105100 0.095600 0.117300 0.107400 0.085400 0.051600 0.000000 0.106200 0.164500 0.106800 0.127500 0.140700 0.116300 0.062500 0.107600 0.084700 0.106800 0.082300 0.062800 0.095300 0.073100 0.158900 0.031000 0.052400 0.184800 0.052200 0.073100 0.105000 0.095600 0.130600 0.072600 0.129700 0.114200 0.106400 0.136700
Ibex 0.040100 0.157700 0.092700 0.215700 0.040600 0.040200 0.108400 0.106700 0.071200 0.107100 0.020000 0.096100 0.061500 0.109200 0.166400 0.097000 0.063200 0.061300 0.030200 0.072300 0.095000 0.020200 0.094800 0.106200 0.000000 0.141300 0.084300 0.082500 0.117700 0.093500 0.084100 0.084500 0.041300 0.084100 0.071200 0.051600 0.030100 0.030500 0.133700 0.074000 0.096300 0.137800 0.073600 0.117600 0.082700 0.073300 0.107100 0.050500 0.084200 0.049600 0.083700 0.102500
GyrantGaze 0.129400 0.207900 0.104100 0.271200 0.117400 0.141100 0.144600 0.096000 0.104200 0.154700 0.131300 0.155200 0.140700 0.133000 0.130900 0.052200 0.120000 0.139900 0.130700 0.105900 0.073700 0.120200 0.152200 0.164500 0.141300 0.000000 0.142800 0.116300 0.040600 0.105000 0.141500 0.118900 0.119600 0.142300 0.126700 0.107000 0.130200 0.106700 0.098800 0.131000 0.154700 0.059800 0.154400 0.176800 0.116300 0.107300 0.052100 0.127600 0.119200 0.148700 0.095200 0.136500
Hartebeest 0.073300 0.172400 0.093500 0.254600 0.062200 0.084300 0.109000 0.107500 0.093600 0.131600 0.085200 0.096900 0.020300 0.107200 0.167900 0.097800 0.063700 0.083600 0.074000 0.095100 0.095800 0.063600 0.095300 0.106800 0.084300 0.142800 0.000000 0.105500 0.118800 0.094300 0.107400 0.084900 0.063100 0.020500 0.071900 0.030700 0.073700 0.051900 0.134900 0.074400 0.096700 0.162900 0.096700 0.118400 0.061800 0.073900 0.108100 0.072300 0.107900 0.092900 0.084400 0.125800
Bongo 0.071500 0.182100 0.029500 0.210000 0.082400 0.082200 0.129900 0.105000 0.029500 0.094700 0.083400 0.117300 0.104000 0.107500 0.163100 0.095500 0.083900 0.060400 0.072200 0.040300 0.083000 0.062100 0.082100 0.127500 0.082500 0.116300 0.105500 0.000000 0.071900 0.009700 0.083100 0.083100 0.061900 0.105200 0.091600 0.072100 0.072000 0.072000 0.131700 0.095100 0.095000 0.136300 0.094700 0.139000 0.103100 0.072300 0.105600 0.092400 0.083000 0.090900 0.040300 0.019200
Gerenuk 0.106200 0.211000 0.060700 0.243300 0.094800 0.117500 0.120700 0.073700 0.060800 0.130600 0.107800 0.131000 0.117100 0.086100 0.130900 0.030900 0.096600 0.093900 0.107200 0.072900 0.052000 0.096800 0.105700 0.140700 0.117700 0.040600 0.118800 0.071900 0.000000 0.061200 0.118000 0.073600 0.096400 0.118500 0.104000 0.084400 0.106800 0.084200 0.098900 0.107700 0.107400 0.081400 0.130400 0.152400 0.093700 0.084700 0.052200 0.104900 0.096000 0.125600 0.051400 0.091800
CommonElan 0.082400 0.181600 0.019300 0.213600 0.071700 0.093200 0.118400 0.094000 0.019600 0.106100 0.094600 0.106000 0.093000 0.096200 0.151300 0.084400 0.072900 0.071000 0.083200 0.030100 0.072300 0.073100 0.071400 0.116300 0.093500 0.105000 0.094300 0.009700 0.061200 0.000000 0.094200 0.072300 0.072700 0.094100 0.080900 0.061500 0.082900 0.061400 0.120100 0.084100 0.083900 0.124900 0.106000 0.127500 0.092300 0.061600 0.094400 0.081600 0.094100 0.101800 0.030000 0.029000
MuntiacusR 0.073000 0.171200 0.093300 0.201300 0.062300 0.083800 0.132900 0.130800 0.093500 0.020500 0.085000 0.119600 0.106000 0.133600 0.180200 0.120300 0.085500 0.083300 0.073600 0.095000 0.107500 0.063300 0.051600 0.062500 0.084100 0.141500 0.107400 0.083100 0.118000 0.094200 0.000000 0.107700 0.062900 0.107300 0.082700 0.062900 0.073400 0.073300 0.134700 0.031100 0.052400 0.161700 0.030900 0.073200 0.105200 0.073700 0.131100 0.083400 0.084600 0.092400 0.084400 0.092500
HarveysDui 0.073300 0.171100 0.071600 0.229200 0.062500 0.084200 0.041800 0.085400 0.071900 0.131800 0.085500 0.097000 0.083800 0.020800 0.143700 0.075300 0.063600 0.061700 0.074000 0.084400 0.063300 0.063800 0.073400 0.107600 0.084500 0.118900 0.084900 0.083100 0.073600 0.072300 0.107700 0.000000 0.063400 0.085000 0.071800 0.052100 0.073800 0.052000 0.111900 0.074800 0.080100 0.139500 0.074600 0.118800 0.083300 0.074000 0.085600 0.072600 0.062900 0.082300 0.062500 0.103100
Pronghorn 0.030800 0.134100 0.072100 0.218600 0.041200 0.041200 0.086600 0.085400 0.072300 0.085600 0.041700 0.074800 0.062400 0.087400 0.144200 0.075400 0.042200 0.040900 0.031100 0.073400 0.073900 0.020800 0.073600 0.084700 0.041300 0.119600 0.063100 0.061900 0.096400 0.072700 0.062900 0.063400 0.000000 0.063000 0.050900 0.031000 0.030900 0.031000 0.112200 0.052700 0.074500 0.139700 0.052400 0.096100 0.062100 0.052500 0.086000 0.051300 0.063200 0.050400 0.062900 0.081900
BlueWildeb 0.073100 0.172200 0.093300 0.250900 0.062200 0.084100 0.109000 0.107300 0.093400 0.131400 0.085000 0.096700 0.020200 0.107400 0.167400 0.097600 0.063600 0.083400 0.073800 0.094900 0.095600 0.063500 0.095300 0.106800 0.084100 0.142300 0.020500 0.105200 0.118500 0.094100 0.107300 0.085000 0.063000 0.000000 0.071700 0.030700 0.073500 0.051800 0.134700 0.074400 0.096800 0.162500 0.096600 0.118300 0.061600 0.073800 0.107800 0.072100 0.107600 0.092800 0.084300 0.125500
Gemsbok 0.060600 0.154400 0.080200 0.211300 0.050200 0.071100 0.094700 0.093300 0.080400 0.105400 0.072000 0.083100 0.071000 0.095500 0.127300 0.083800 0.051000 0.070500 0.061100 0.081700 0.071700 0.051100 0.071500 0.082300 0.071200 0.126700 0.071900 0.091600 0.104000 0.080900 0.082700 0.071800 0.050900 0.071700 0.000000 0.040200 0.060900 0.040200 0.119000 0.051200 0.072500 0.146500 0.072400 0.093200 0.070500 0.061100 0.093700 0.039400 0.093500 0.079900 0.071300 0.069200
Yak 0.041000 0.133600 0.060900 0.204500 0.020300 0.051500 0.074800 0.073700 0.061100 0.085500 0.052200 0.063200 0.030400 0.075500 0.131100 0.063800 0.031100 0.051100 0.041400 0.062000 0.052000 0.031200 0.051800 0.062800 0.051600 0.107000 0.030700 0.072100 0.084400 0.061500 0.062900 0.052100 0.031000 0.030700 0.040200 0.000000 0.041200 0.020300 0.099000 0.031200 0.052600 0.127100 0.052500 0.073600 0.030200 0.041300 0.074000 0.040500 0.073700 0.060500 0.051600 0.092100
BlueSheep 0.029900 0.146300 0.082200 0.217800 0.051400 0.030000 0.097300 0.095900 0.082400 0.096200 0.030500 0.085200 0.072700 0.098100 0.155100 0.086000 0.052400 0.051000 0.020100 0.083600 0.073600 0.010100 0.084000 0.095300 0.030100 0.130200 0.073700 0.072000 0.106800 0.082900 0.073400 0.073800 0.030900 0.073500 0.060900 0.041200 0.000000 0.041100 0.122400 0.063200 0.085300 0.150300 0.062900 0.106600 0.072200 0.062700 0.096200 0.061400 0.073500 0.060400 0.073100 0.091900
BohorReedb 0.040900 0.132900 0.060800 0.212900 0.010000 0.051300 0.074600 0.073500 0.040100 0.096100 0.030800 0.063000 0.051200 0.072100 0.130900 0.063600 0.031000 0.051000 0.041300 0.040700 0.051900 0.031100 0.062100 0.073100 0.030500 0.106700 0.051900 0.072000 0.084200 0.061400 0.073300 0.052000 0.031000 0.051800 0.040200 0.020300 0.041100 0.000000 0.098600 0.041500 0.063000 0.104100 0.062900 0.084000 0.050900 0.041200 0.073800 0.020000 0.073500 0.060500 0.051500 0.092100
KirksDik 0.121600 0.203300 0.118800 0.234200 0.109700 0.133400 0.124400 0.087700 0.119200 0.160500 0.135500 0.148100 0.132900 0.139300 0.148100 0.101000 0.111400 0.132200 0.122800 0.121200 0.065000 0.112200 0.146000 0.158900 0.133700 0.098800 0.134900 0.131700 0.098900 0.120100 0.134700 0.111900 0.112200 0.134700 0.119000 0.099000 0.122400 0.098600 0.000000 0.123900 0.148500 0.119400 0.148000 0.145800 0.131900 0.075900 0.065000 0.120100 0.110900 0.141000 0.110000 0.152400
RoeDeer 0.062900 0.159500 0.083200 0.207900 0.030900 0.073700 0.098600 0.097200 0.083500 0.052700 0.074800 0.086100 0.073500 0.099300 0.145000 0.086700 0.052900 0.073300 0.063400 0.084700 0.074600 0.053100 0.020500 0.031000 0.074000 0.131000 0.074400 0.095100 0.107700 0.084100 0.031100 0.074800 0.052700 0.074400 0.051200 0.031200 0.063200 0.041500 0.123900 0.000000 0.020800 0.151400 0.020700 0.041500 0.073100 0.063400 0.097400 0.051700 0.096900 0.082500 0.074100 0.104600
WhiteLippe 0.084800 0.177400 0.083000 0.207200 0.052200 0.095900 0.122200 0.120300 0.083300 0.074700 0.097300 0.109100 0.095500 0.094100 0.169500 0.109800 0.074800 0.073000 0.085500 0.096300 0.097100 0.075100 0.020400 0.052400 0.096300 0.154700 0.096700 0.095000 0.107400 0.083900 0.052400 0.080100 0.074500 0.096800 0.072500 0.052600 0.085300 0.063000 0.148500 0.020800 0.000000 0.164000 0.042000 0.063100 0.095000 0.085600 0.120600 0.073400 0.119800 0.104600 0.069300 0.104500
ThomsonGaz 0.149400 0.190100 0.123800 0.293500 0.114600 0.161200 0.165200 0.116000 0.101900 0.175100 0.139400 0.175400 0.160600 0.153600 0.175300 0.082900 0.140200 0.159800 0.150800 0.103500 0.093700 0.140400 0.172600 0.184800 0.137800 0.059800 0.162900 0.136300 0.081400 0.124900 0.161700 0.139500 0.139700 0.162500 0.146500 0.127100 0.150300 0.104100 0.119400 0.151400 0.164000 0.000000 0.174800 0.197000 0.159400 0.127400 0.094100 0.124700 0.139300 0.168800 0.115300 0.156400
MuntiacusC 0.062600 0.172800 0.105000 0.211800 0.052000 0.073400 0.098400 0.119900 0.105300 0.052400 0.074400 0.108700 0.095400 0.099100 0.168900 0.109400 0.074900 0.072900 0.063100 0.107000 0.096900 0.052800 0.041300 0.052200 0.073600 0.154400 0.096700 0.094700 0.130400 0.106000 0.030900 0.074600 0.052400 0.096600 0.072400 0.052500 0.062900 0.062900 0.148000 0.020700 0.042000 0.174800 0.000000 0.062800 0.094700 0.085400 0.120300 0.073100 0.096400 0.082200 0.096100 0.104000
WhiteTaile 0.106000 0.209500 0.126200 0.257500 0.073000 0.117200 0.131600 0.118200 0.126600 0.095800 0.118900 0.130700 0.116800 0.145000 0.191600 0.131400 0.096400 0.116400 0.084300 0.128700 0.095500 0.096600 0.062100 0.073100 0.117600 0.176800 0.118400 0.139000 0.152400 0.127500 0.073200 0.118800 0.096100 0.118300 0.093200 0.073600 0.106600 0.084000 0.145800 0.041500 0.063100 0.197000 0.062800 0.000000 0.116100 0.084200 0.118500 0.094200 0.141600 0.125300 0.117700 0.148100
Cattle 0.050600 0.168500 0.070400 0.252700 0.061100 0.061000 0.106900 0.083000 0.091700 0.128900 0.072900 0.094900 0.061000 0.107800 0.116800 0.084700 0.062300 0.081800 0.072400 0.093100 0.083200 0.062400 0.093600 0.105000 0.082700 0.116300 0.061800 0.103100 0.093700 0.092300 0.105200 0.083300 0.062100 0.061600 0.070500 0.030200 0.072200 0.050900 0.131900 0.073100 0.095000 0.159400 0.094700 0.116100 0.000000 0.051000 0.083300 0.050000 0.083200 0.069900 0.082600 0.123100
RoyalAntel 0.041000 0.159500 0.040200 0.217500 0.051500 0.051500 0.085800 0.051800 0.061200 0.096600 0.074100 0.085500 0.072900 0.095000 0.131100 0.086300 0.052500 0.072600 0.062900 0.062000 0.052000 0.052600 0.084300 0.095600 0.073300 0.107300 0.073900 0.072300 0.084700 0.061600 0.073700 0.074000 0.052500 0.073800 0.061100 0.041300 0.062700 0.041200 0.075900 0.063400 0.085600 0.127400 0.085400 0.084200 0.051000 0.000000 0.073900 0.040500 0.052000 0.060500 0.051700 0.092300
Steenbok 0.095600 0.172700 0.093500 0.254600 0.084300 0.106900 0.097600 0.041600 0.093800 0.144200 0.097100 0.120200 0.106500 0.107500 0.096900 0.042500 0.086000 0.106200 0.096600 0.095300 0.020600 0.086200 0.118600 0.130600 0.107100 0.052100 0.108100 0.105600 0.052200 0.094400 0.131100 0.085600 0.086000 0.107800 0.093700 0.074000 0.096200 0.073800 0.065000 0.097400 0.120600 0.094100 0.120300 0.118500 0.083300 0.073900 0.000000 0.094500 0.108100 0.115100 0.084600 0.125800
Impala 0.040200 0.159400 0.059900 0.212800 0.029900 0.050400 0.095700 0.072200 0.060000 0.106300 0.051100 0.073100 0.071300 0.096400 0.105400 0.084500 0.051700 0.071200 0.061700 0.060900 0.090400 0.051600 0.072200 0.072600 0.050500 0.127600 0.072300 0.092400 0.104900 0.081600 0.083400 0.072600 0.051300 0.072100 0.039400 0.040500 0.061400 0.020000 0.120100 0.051700 0.073400 0.124700 0.073100 0.094200 0.050000 0.040500 0.094500 0.000000 0.072200 0.059400 0.071900 0.090500
Klipspring 0.051500 0.185000 0.071700 0.243800 0.084000 0.062100 0.086100 0.084800 0.093400 0.107900 0.085200 0.119900 0.106400 0.086800 0.143300 0.097800 0.074600 0.072600 0.073800 0.094900 0.085000 0.063500 0.118000 0.129700 0.084200 0.119200 0.107900 0.083000 0.096000 0.094100 0.084600 0.062900 0.063200 0.107600 0.093500 0.073700 0.073500 0.073500 0.110900 0.096900 0.119800 0.139300 0.096400 0.141600 0.083200 0.052000 0.108100 0.072200 0.000000 0.070800 0.084300 0.103100
ForestMusk 0.039500 0.153200 0.079800 0.222700 0.070400 0.049600 0.105500 0.092400 0.101100 0.115200 0.071300 0.104000 0.070300 0.106300 0.149400 0.105300 0.071900 0.070100 0.060600 0.102400 0.092600 0.050500 0.103000 0.114200 0.049600 0.148700 0.092900 0.090900 0.125600 0.101800 0.092400 0.082300 0.050400 0.092800 0.079900 0.060500 0.060400 0.060500 0.141000 0.082500 0.104600 0.168800 0.082200 0.125300 0.069900 0.060500 0.115100 0.059400 0.070800 0.000000 0.092200 0.110700
Bushbuck 0.072600 0.171200 0.029800 0.199000 0.061800 0.083500 0.108400 0.084200 0.029800 0.096200 0.084700 0.096100 0.083300 0.086100 0.166400 0.074400 0.063000 0.061300 0.073400 0.040800 0.062400 0.063100 0.072800 0.106400 0.083700 0.095200 0.084400 0.040300 0.051400 0.030000 0.084400 0.062500 0.062900 0.084300 0.071300 0.051600 0.073100 0.051500 0.110000 0.074100 0.069300 0.115300 0.096100 0.117700 0.082600 0.051700 0.084600 0.071900 0.084300 0.092200 0.000000 0.060100
GreaterKud 0.091400 0.203900 0.048700 0.209800 0.102500 0.102100 0.150500 0.125100 0.048900 0.104100 0.103600 0.137700 0.124100 0.128000 0.159500 0.115800 0.104100 0.080100 0.092200 0.060200 0.103000 0.082200 0.091400 0.136700 0.102500 0.136500 0.125800 0.019200 0.091800 0.029000 0.092500 0.103100 0.081900 0.125500 0.069200 0.092100 0.091900 0.092100 0.152400 0.104600 0.104500 0.156400 0.104000 0.148100 0.123100 0.092300 0.125800 0.090500 0.103100 0.110700 0.060100 0.000000
