1
52 1
Argali 0.000000 0.274000 0.074800 0.241700 0.067200 0.023500 0.061100 0.058400 0.070800 0.101000 0.022600 0.061200 0.064900 0.077300 0.067300 0.067800 0.107200 0.086800 0.033900 0.090900 0.064000 0.027200 0.073700 0.124700 0.033800 0.064000 0.061700 0.077500 0.073500 0.084000 0.108000 0.064500 0.121600 0.051200 0.044000 0.067500 0.037200 0.070300 0.064100 0.131100 0.076700 0.070800 0.104600 0.094800 0.057600 0.079300 0.084400 0.057800 0.067600 0.081400 0.084400 0.080900
LesserMous 0.274000 0.000000 0.252600 0.251200 0.251500 0.261300 0.258400 0.287000 0.234200 0.273500 0.256500 0.250000 0.281300 0.246100 0.255800 0.270200 0.252500 0.264400 0.260400 0.247600 0.273100 0.253300 0.268900 0.292700 0.269700 0.267700 0.278600 0.233200 0.281400 0.240000 0.272400 0.262700 0.282000 0.283000 0.262900 0.243000 0.273400 0.253900 0.282300 0.286100 0.253600 0.262400 0.259900 0.292200 0.249300 0.289000 0.290600 0.251600 0.263800 0.258100 0.249300 0.253500
LesserKudu 0.074800 0.252600 0.000000 0.245600 0.073300 0.064300 0.081200 0.085400 0.025900 0.114000 0.057300 0.046500 0.088700 0.097200 0.059700 0.094900 0.127000 0.103100 0.060600 0.028800 0.083900 0.054000 0.101300 0.137400 0.067800 0.083500 0.085600 0.012300 0.107200 0.022400 0.113500 0.084600 0.134200 0.085600 0.070700 0.059300 0.071200 0.079800 0.091100 0.136100 0.111500 0.090300 0.117600 0.107400 0.049500 0.099100 0.089800 0.057100 0.076900 0.097500 0.019400 0.019300
KillerWhal 0.241700 0.251200 0.245600 0.000000 0.244800 0.225500 0.239700 0.245600 0.239900 0.253100 0.213000 0.223300 0.257300 0.239900 0.237000 0.238300 0.253900 0.253700 0.224900 0.253200 0.225300 0.226000 0.249500 0.272100 0.225500 0.248200 0.254500 0.247000 0.233700 0.237700 0.251800 0.243600 0.250000 0.254500 0.235500 0.236600 0.228900 0.259800 0.246100 0.282900 0.247000 0.239600 0.257000 0.250800 0.226400 0.252400 0.246300 0.228400 0.241100 0.235600 0.246600 0.250900
DefassaWat 0.067200 0.251500 0.073300 0.244800 0.000000 0.063800 0.073600 0.078100 0.069400 0.113600 0.050000 0.066900 0.076900 0.082600 0.072800 0.087100 0.119300 0.099100 0.053600 0.089100 0.076300 0.047000 0.101000 0.136900 0.060300 0.076300 0.074300 0.076000 0.099400 0.082400 0.120600 0.070000 0.133700 0.070800 0.056700 0.059300 0.063700 0.038800 0.083400 0.135600 0.103700 0.076200 0.117200 0.107200 0.056400 0.084600 0.089500 0.056600 0.073100 0.093600 0.082800 0.072500
Sheep 0.023500 0.261300 0.064300 0.225500 0.063800 0.000000 0.057600 0.054900 0.053500 0.089700 0.019300 0.050800 0.061400 0.073900 0.057000 0.064300 0.103600 0.083200 0.030400 0.080400 0.060500 0.023700 0.070100 0.106000 0.029100 0.067400 0.058200 0.067100 0.070000 0.073600 0.096800 0.061000 0.118100 0.054700 0.040600 0.057100 0.033700 0.073800 0.067600 0.112500 0.073100 0.067300 0.093400 0.083900 0.047200 0.075700 0.080900 0.047400 0.057200 0.077900 0.073900 0.070500
MaxwellsDu 0.061100 0.258400 0.081200 0.239700 0.073600 0.057600 0.000000 0.064900 0.077100 0.092500 0.036900 0.067700 0.078400 0.056100 0.073700 0.081200 0.113500 0.078700 0.047300 0.090100 0.063500 0.040600 0.087600 0.123500 0.047200 0.070300 0.075200 0.083800 0.093600 0.083300 0.099500 0.050200 0.127900 0.071700 0.050500 0.073900 0.050600 0.087000 0.070500 0.122400 0.090400 0.070200 0.103600 0.086700 0.064000 0.064400 0.090700 0.064300 0.067000 0.087700 0.090700 0.087200
GazellaPrz 0.058400 0.287000 0.085400 0.245600 0.078100 0.054900 0.064900 0.000000 0.081300 0.100800 0.040800 0.064600 0.075900 0.088300 0.078200 0.057600 0.118100 0.097700 0.044300 0.094400 0.053900 0.037500 0.088300 0.124800 0.051400 0.053600 0.072700 0.088100 0.070400 0.094600 0.115500 0.075400 0.132900 0.069200 0.047500 0.078100 0.047800 0.091800 0.064500 0.131200 0.102400 0.053500 0.112100 0.105900 0.068100 0.090100 0.080900 0.068700 0.078200 0.092000 0.087900 0.091500
MountainNy 0.070800 0.234200 0.025900 0.239900 0.069400 0.053500 0.077100 0.081300 0.000000 0.109500 0.053500 0.049600 0.081000 0.093100 0.055900 0.090800 0.115400 0.098800 0.056800 0.044900 0.079900 0.050200 0.097000 0.125300 0.063900 0.079500 0.077900 0.019200 0.103000 0.032000 0.109000 0.080500 0.122500 0.081400 0.066800 0.062300 0.067200 0.075800 0.087000 0.120700 0.107100 0.086200 0.113000 0.103100 0.052600 0.094900 0.085800 0.053300 0.076300 0.082900 0.025700 0.035400
MuntiacusM 0.101000 0.273500 0.114000 0.253100 0.113600 0.089700 0.092500 0.100800 0.109500 0.000000 0.082100 0.085000 0.119600 0.124300 0.106300 0.122200 0.106600 0.081900 0.085700 0.122900 0.110200 0.078700 0.056900 0.093600 0.093500 0.101900 0.116400 0.116500 0.131100 0.115700 0.016600 0.111200 0.156200 0.105000 0.081500 0.106100 0.097000 0.127900 0.118000 0.103700 0.063600 0.109400 0.010500 0.074900 0.095800 0.126900 0.131300 0.089300 0.098800 0.109600 0.123800 0.120100
goat 0.022600 0.256500 0.057300 0.213000 0.050000 0.019300 0.036900 0.040800 0.053500 0.082100 0.000000 0.043800 0.047400 0.049300 0.050000 0.050400 0.096200 0.075900 0.016800 0.073400 0.039900 0.010100 0.062800 0.105800 0.009700 0.053500 0.044200 0.060100 0.056200 0.066600 0.089100 0.040200 0.110600 0.040700 0.026800 0.050200 0.012800 0.063300 0.053700 0.112200 0.065900 0.053400 0.085700 0.069300 0.040300 0.061400 0.066900 0.037800 0.050300 0.070800 0.066900 0.063500
AfricanBuf 0.061200 0.250000 0.046500 0.223300 0.066900 0.050800 0.067700 0.064600 0.049600 0.085000 0.043800 0.000000 0.078600 0.083900 0.060100 0.081400 0.099000 0.085900 0.047200 0.062500 0.070500 0.040500 0.072900 0.108500 0.054300 0.077100 0.075400 0.049400 0.093900 0.055900 0.091900 0.071100 0.113300 0.071900 0.057300 0.046400 0.057600 0.080300 0.074200 0.114800 0.083100 0.077000 0.088500 0.079200 0.036500 0.085500 0.083500 0.050600 0.063500 0.080600 0.056100 0.052700
Topi 0.064900 0.281300 0.088700 0.257300 0.076900 0.061400 0.078400 0.075900 0.081000 0.119600 0.047400 0.078600 0.000000 0.094600 0.067100 0.081100 0.125100 0.111900 0.051000 0.108200 0.081200 0.044300 0.099100 0.135600 0.057900 0.084700 0.010000 0.087700 0.093900 0.101300 0.126700 0.081800 0.147300 0.025600 0.040400 0.084800 0.061300 0.090900 0.088400 0.134300 0.109400 0.084600 0.123300 0.109300 0.074800 0.079100 0.094600 0.071700 0.081400 0.098800 0.094600 0.098200
CommonDuik 0.077300 0.246100 0.097200 0.239900 0.082600 0.073900 0.056100 0.088300 0.093100 0.124300 0.049300 0.083900 0.094600 0.000000 0.082700 0.097200 0.115100 0.088000 0.056800 0.112900 0.072600 0.057000 0.111500 0.132500 0.063500 0.086300 0.091500 0.099700 0.109400 0.099200 0.123700 0.032700 0.136800 0.088000 0.073600 0.082900 0.066800 0.089000 0.093500 0.153700 0.114200 0.079200 0.128000 0.110400 0.080100 0.080800 0.106600 0.073500 0.083200 0.096700 0.106700 0.103100
Suni 0.067300 0.255800 0.059700 0.237000 0.072800 0.057000 0.073700 0.078200 0.055900 0.106300 0.050000 0.060100 0.067100 0.082700 0.000000 0.073300 0.112300 0.099300 0.053600 0.075500 0.076500 0.040200 0.093900 0.122200 0.053500 0.069500 0.064000 0.062400 0.085700 0.068800 0.102200 0.077100 0.133900 0.063900 0.049900 0.066300 0.063700 0.072400 0.083500 0.135900 0.104000 0.069400 0.109900 0.085700 0.056500 0.077700 0.069000 0.039700 0.073200 0.093800 0.069100 0.065800
Springbuck 0.067800 0.270200 0.094900 0.238300 0.087100 0.064300 0.081200 0.057600 0.090800 0.122200 0.050400 0.081400 0.081100 0.097200 0.073300 0.000000 0.127500 0.114600 0.054000 0.103700 0.056300 0.047400 0.101800 0.142000 0.056300 0.049500 0.078500 0.090400 0.045500 0.103900 0.125500 0.084600 0.134700 0.078500 0.064100 0.087500 0.064200 0.100600 0.073600 0.148100 0.112100 0.049400 0.125800 0.100700 0.077600 0.092400 0.076300 0.067500 0.080600 0.108600 0.104400 0.100900
Okapi 0.107200 0.252500 0.127000 0.253900 0.119300 0.103600 0.113500 0.118100 0.115400 0.106600 0.096200 0.099000 0.125100 0.115100 0.112300 0.127500 0.000000 0.060800 0.099700 0.128300 0.116100 0.093000 0.101300 0.141300 0.107200 0.122700 0.122100 0.114900 0.147100 0.121300 0.113500 0.109800 0.138100 0.118400 0.095600 0.112000 0.110600 0.118600 0.123600 0.166800 0.107900 0.115200 0.110200 0.118600 0.109300 0.132200 0.129100 0.103100 0.105000 0.090100 0.129200 0.132800
Giraffe 0.086800 0.264400 0.103100 0.253700 0.099100 0.083200 0.078700 0.097700 0.098800 0.081900 0.075900 0.085900 0.111900 0.088000 0.099300 0.114600 0.060800 0.000000 0.079300 0.111900 0.095900 0.072600 0.091800 0.128000 0.086800 0.095400 0.108800 0.105600 0.126900 0.104900 0.096400 0.082300 0.139900 0.105200 0.075300 0.092000 0.090200 0.098600 0.103300 0.141900 0.094600 0.088000 0.093000 0.105300 0.089100 0.119000 0.109000 0.082800 0.085000 0.091700 0.112700 0.109100
TibetanAnt 0.033900 0.260400 0.060600 0.224900 0.053600 0.030400 0.047300 0.044300 0.056800 0.085700 0.016800 0.047200 0.051000 0.056800 0.053600 0.054000 0.099700 0.079300 0.000000 0.076700 0.050300 0.013500 0.066300 0.109400 0.027000 0.056900 0.047800 0.063500 0.059900 0.069900 0.092800 0.043800 0.106800 0.044300 0.030200 0.053500 0.030400 0.067000 0.057300 0.115800 0.076600 0.050000 0.089300 0.080000 0.043600 0.057900 0.070200 0.044000 0.053600 0.074200 0.070300 0.066800
Sitatunga 0.090900 0.247600 0.028800 0.253200 0.089100 0.080400 0.090100 0.094400 0.044900 0.122900 0.073400 0.062500 0.108200 0.112900 0.075500 0.103700 0.128300 0.111900 0.076700 0.000000 0.099700 0.070100 0.117600 0.153400 0.083900 0.092300 0.105200 0.025300 0.122800 0.038000 0.129800 0.100500 0.142700 0.101600 0.079700 0.075000 0.087200 0.095500 0.106900 0.144600 0.127600 0.099000 0.134000 0.123500 0.065400 0.107900 0.105500 0.073100 0.085700 0.116700 0.031900 0.022100
Oribi 0.064000 0.273100 0.083900 0.225300 0.076300 0.060500 0.063500 0.053900 0.079900 0.110200 0.039900 0.070500 0.081200 0.072600 0.076500 0.056300 0.116100 0.095900 0.050300 0.099700 0.000000 0.043700 0.097700 0.129900 0.050200 0.059400 0.078000 0.086500 0.068800 0.092900 0.117200 0.060000 0.123100 0.074600 0.060300 0.076700 0.053500 0.089700 0.063000 0.136100 0.107800 0.059300 0.113800 0.089400 0.066900 0.088400 0.072600 0.067100 0.076800 0.097400 0.093400 0.089900
BarbaryShe 0.027200 0.253300 0.054000 0.226000 0.047000 0.023700 0.040600 0.037500 0.050200 0.078700 0.010100 0.040500 0.044300 0.057000 0.040200 0.047400 0.093000 0.072600 0.013500 0.070100 0.043700 0.000000 0.059400 0.102500 0.013500 0.050300 0.041000 0.056900 0.060200 0.063400 0.085800 0.044000 0.107300 0.037600 0.023500 0.046900 0.023700 0.060400 0.050700 0.109000 0.069700 0.050200 0.082300 0.073200 0.037000 0.058200 0.063700 0.037300 0.047000 0.067500 0.063700 0.060300
Daviddeer 0.073700 0.268900 0.101300 0.249500 0.101000 0.070100 0.087600 0.088300 0.097000 0.056900 0.062800 0.072900 0.099100 0.111500 0.093900 0.101800 0.101300 0.091800 0.066300 0.117600 0.097700 0.059400 0.000000 0.088600 0.073800 0.097200 0.095900 0.103900 0.114500 0.099700 0.067600 0.098500 0.142500 0.092200 0.069500 0.093700 0.077200 0.107700 0.097900 0.113800 0.031000 0.104200 0.060500 0.062900 0.083500 0.106200 0.118300 0.084300 0.086600 0.089800 0.111000 0.107400
Reindeer 0.124700 0.292700 0.137400 0.272100 0.136900 0.106000 0.123500 0.124800 0.125300 0.093600 0.105800 0.108500 0.135600 0.132500 0.122200 0.142000 0.141300 0.128000 0.109400 0.153400 0.129900 0.102500 0.088600 0.000000 0.117200 0.129200 0.132500 0.139600 0.154300 0.138700 0.096800 0.134700 0.164100 0.128800 0.112500 0.121900 0.120700 0.136100 0.137700 0.116300 0.091500 0.121600 0.097300 0.072900 0.119200 0.135300 0.143300 0.120400 0.114800 0.121700 0.139400 0.143200
Ibex 0.033800 0.269700 0.067800 0.225500 0.060300 0.029100 0.047200 0.051400 0.063900 0.093500 0.009700 0.054300 0.057900 0.063500 0.053500 0.056300 0.107200 0.086800 0.027000 0.083900 0.050200 0.013500 0.073800 0.117200 0.000000 0.064000 0.054700 0.070600 0.065400 0.077100 0.100500 0.050600 0.121800 0.051200 0.037100 0.060600 0.022300 0.073800 0.064100 0.123600 0.076800 0.063800 0.097100 0.080300 0.050600 0.072100 0.077400 0.050900 0.060700 0.081400 0.077400 0.074000
GyrantGaze 0.064000 0.267700 0.083500 0.248200 0.076300 0.067400 0.070300 0.053600 0.079500 0.101900 0.053500 0.077100 0.084700 0.086300 0.069500 0.049500 0.122700 0.095400 0.056900 0.092300 0.059400 0.050300 0.097200 0.129200 0.064000 0.000000 0.081600 0.086100 0.058600 0.092500 0.112600 0.080700 0.129800 0.081600 0.060000 0.083200 0.067300 0.075900 0.066400 0.127700 0.107200 0.032200 0.112900 0.103300 0.073400 0.087900 0.079100 0.063700 0.083300 0.097000 0.092900 0.089500
Hartebeest 0.061700 0.278600 0.085600 0.254500 0.074300 0.058200 0.075200 0.072700 0.077900 0.116400 0.044200 0.075400 0.010000 0.091500 0.064000 0.078500 0.122100 0.108800 0.047800 0.105200 0.078000 0.041000 0.095900 0.132500 0.054700 0.081600 0.000000 0.084600 0.091100 0.098200 0.123500 0.078700 0.144300 0.023600 0.037200 0.081700 0.058100 0.087800 0.085300 0.131200 0.106200 0.081500 0.120100 0.106100 0.071700 0.075900 0.091500 0.068500 0.078300 0.095700 0.091600 0.095200
Bongo 0.077500 0.233200 0.012300 0.247000 0.076000 0.067100 0.083800 0.088100 0.019200 0.116500 0.060100 0.049400 0.087700 0.099700 0.062400 0.090400 0.114900 0.105600 0.063500 0.025300 0.086500 0.056900 0.103900 0.139600 0.070600 0.086100 0.084600 0.000000 0.109700 0.019000 0.116000 0.087200 0.129200 0.088200 0.073500 0.062100 0.073900 0.082400 0.093700 0.134900 0.113900 0.092800 0.120100 0.109900 0.052400 0.101600 0.092400 0.059900 0.072600 0.089500 0.012700 0.022300
Gerenuk 0.073500 0.281400 0.107200 0.233700 0.099400 0.070000 0.093600 0.070400 0.103000 0.131100 0.056200 0.093900 0.093900 0.109400 0.085700 0.045500 0.147100 0.126900 0.059900 0.122800 0.068800 0.060200 0.114500 0.154300 0.065400 0.058600 0.091100 0.109700 0.000000 0.116000 0.134400 0.097000 0.146800 0.091800 0.076700 0.092900 0.069900 0.112800 0.086000 0.156700 0.109900 0.055200 0.127200 0.113200 0.090100 0.097800 0.088600 0.080000 0.100000 0.120800 0.116600 0.113100
CommonElan 0.084000 0.240000 0.022400 0.237700 0.082400 0.073600 0.083300 0.094600 0.032000 0.115700 0.066600 0.055900 0.101300 0.099200 0.068800 0.103900 0.121300 0.104900 0.069900 0.038000 0.092900 0.063400 0.099700 0.138700 0.077100 0.092500 0.098200 0.019000 0.116000 0.000000 0.115200 0.093700 0.128400 0.094700 0.079900 0.068400 0.080400 0.088800 0.100100 0.134000 0.113200 0.099200 0.119200 0.109200 0.058800 0.108100 0.098700 0.066400 0.079000 0.095900 0.025500 0.028600
MuntiacusR 0.108000 0.272400 0.113500 0.251800 0.120600 0.096800 0.099500 0.115500 0.109000 0.016600 0.089100 0.091900 0.126700 0.123700 0.102200 0.125500 0.113500 0.096400 0.092800 0.129800 0.117200 0.085800 0.067600 0.096800 0.100500 0.112600 0.123500 0.116000 0.134400 0.115200 0.000000 0.118200 0.163300 0.112100 0.095900 0.113100 0.104100 0.127400 0.125000 0.122000 0.074200 0.120100 0.021000 0.085500 0.102800 0.126300 0.127000 0.088800 0.105800 0.116500 0.123300 0.119600
HarveysDui 0.064500 0.262700 0.084600 0.243600 0.070000 0.061000 0.050200 0.075400 0.080500 0.111200 0.040200 0.071100 0.081800 0.032700 0.077100 0.084600 0.109800 0.082300 0.043800 0.100500 0.060000 0.044000 0.098500 0.134700 0.050600 0.080700 0.078700 0.087200 0.097000 0.093700 0.118200 0.000000 0.124200 0.075200 0.060800 0.077300 0.054000 0.083400 0.080800 0.141000 0.101300 0.073500 0.114900 0.097500 0.067400 0.075000 0.094100 0.060700 0.070500 0.084100 0.094100 0.090600
Pronghorn 0.121600 0.282000 0.134200 0.250000 0.133700 0.118100 0.127900 0.132900 0.122500 0.156200 0.110600 0.113300 0.147300 0.136800 0.133900 0.134700 0.138100 0.139900 0.106800 0.142700 0.123100 0.107300 0.142500 0.164100 0.121800 0.129800 0.144300 0.129200 0.146800 0.128400 0.163300 0.124200 0.000000 0.133000 0.117100 0.119200 0.117900 0.147600 0.134400 0.159000 0.152700 0.129600 0.159900 0.133200 0.116500 0.154400 0.128900 0.124800 0.126500 0.126100 0.136300 0.139900
BlueWildeb 0.051200 0.283000 0.085600 0.254500 0.070800 0.054700 0.071700 0.069200 0.081400 0.105000 0.040700 0.071900 0.025600 0.088000 0.063900 0.078500 0.118400 0.105200 0.044300 0.101600 0.074600 0.037600 0.092200 0.128800 0.051200 0.081600 0.023600 0.088200 0.091800 0.094700 0.112100 0.075200 0.133000 0.000000 0.033700 0.078200 0.054600 0.084300 0.081800 0.127500 0.102600 0.081400 0.108700 0.106100 0.068200 0.075900 0.088000 0.061500 0.074800 0.099300 0.095200 0.091600
Gemsbok 0.044000 0.262900 0.070700 0.235500 0.056700 0.040600 0.050500 0.047500 0.066800 0.081500 0.026800 0.057300 0.040400 0.073600 0.049900 0.064100 0.095600 0.075300 0.030200 0.079700 0.060300 0.023500 0.069500 0.112500 0.037100 0.060000 0.037200 0.073500 0.076700 0.079900 0.095900 0.060800 0.117100 0.033700 0.000000 0.063600 0.040500 0.070100 0.067400 0.104000 0.079700 0.059900 0.092500 0.083100 0.053700 0.068100 0.073300 0.054200 0.056800 0.077200 0.080300 0.076800
Yak 0.067500 0.243000 0.059300 0.236600 0.059300 0.057100 0.073900 0.078100 0.062300 0.106100 0.050200 0.046400 0.084800 0.082900 0.066300 0.087500 0.112000 0.092000 0.053500 0.075000 0.076700 0.046900 0.093700 0.121900 0.060600 0.083200 0.081700 0.062100 0.092900 0.068400 0.113100 0.077300 0.119200 0.078200 0.063600 0.000000 0.063900 0.083000 0.080400 0.135600 0.096500 0.076100 0.102200 0.099800 0.009700 0.091600 0.089500 0.056900 0.069700 0.093600 0.069100 0.065400
BlueSheep 0.037200 0.273400 0.071200 0.228900 0.063700 0.033700 0.050600 0.047800 0.067200 0.097000 0.012800 0.057600 0.061300 0.066800 0.063700 0.064200 0.110600 0.090200 0.030400 0.087200 0.053500 0.023700 0.077200 0.120700 0.022300 0.067300 0.058100 0.073900 0.069900 0.080400 0.104100 0.054000 0.117900 0.054600 0.040500 0.063900 0.000000 0.077100 0.067500 0.127100 0.080200 0.067200 0.100600 0.083700 0.054000 0.075600 0.080700 0.054200 0.064000 0.084800 0.080800 0.077300
BohorReedb 0.070300 0.253900 0.079800 0.259800 0.038800 0.073800 0.087000 0.091800 0.075800 0.127900 0.063300 0.080300 0.090900 0.089000 0.072400 0.100600 0.118600 0.098600 0.067000 0.095500 0.089700 0.060400 0.107700 0.136100 0.073800 0.075900 0.087800 0.082400 0.112800 0.088800 0.127400 0.083400 0.147600 0.084300 0.070100 0.083000 0.077100 0.000000 0.083000 0.149700 0.110400 0.089500 0.124000 0.113800 0.073200 0.105400 0.103000 0.070000 0.093400 0.100100 0.089200 0.085800
KirksDik 0.064100 0.282300 0.091100 0.246100 0.083400 0.067600 0.070500 0.064500 0.087000 0.118000 0.053700 0.074200 0.088400 0.093500 0.083500 0.073600 0.123600 0.103300 0.057300 0.106900 0.063000 0.050700 0.097900 0.137700 0.064100 0.066400 0.085300 0.093700 0.086000 0.100100 0.125000 0.080800 0.134400 0.081800 0.067400 0.080400 0.067500 0.083000 0.000000 0.143900 0.100700 0.073100 0.121700 0.107900 0.070500 0.088600 0.083100 0.074200 0.083900 0.097600 0.100600 0.093600
RoeDeer 0.131100 0.286100 0.136100 0.282900 0.135600 0.112500 0.122400 0.131200 0.120700 0.103700 0.112200 0.114800 0.134300 0.153700 0.135900 0.148100 0.166800 0.141900 0.115800 0.144600 0.136100 0.109000 0.113800 0.116300 0.123600 0.127700 0.131200 0.134900 0.156700 0.134000 0.122000 0.141000 0.159000 0.127500 0.104000 0.135600 0.127100 0.149700 0.143900 0.000000 0.116500 0.127800 0.114900 0.097600 0.125500 0.149200 0.149400 0.126700 0.128400 0.128200 0.142100 0.141900
WhiteLippe 0.076700 0.253600 0.111500 0.247000 0.103700 0.073100 0.090400 0.102400 0.107100 0.063600 0.065900 0.083100 0.109400 0.114200 0.104000 0.112100 0.107900 0.094600 0.076600 0.127600 0.107800 0.069700 0.031000 0.091500 0.076800 0.107200 0.106200 0.113900 0.109900 0.113200 0.074200 0.101300 0.152700 0.102600 0.079700 0.096500 0.080200 0.110400 0.100700 0.116500 0.000000 0.107000 0.059900 0.073200 0.093600 0.116400 0.128400 0.087200 0.096600 0.092700 0.121100 0.117400
ThomsonGaz 0.070800 0.262400 0.090300 0.239600 0.076200 0.067300 0.070200 0.053500 0.086200 0.109400 0.053400 0.077000 0.084600 0.079200 0.069400 0.049400 0.115200 0.088000 0.050000 0.099000 0.059300 0.050200 0.104200 0.121600 0.063800 0.032200 0.081500 0.092800 0.055200 0.099200 0.120100 0.073500 0.129600 0.081400 0.059900 0.076100 0.067200 0.089500 0.073100 0.127800 0.107000 0.000000 0.120500 0.096000 0.073300 0.080800 0.072100 0.056600 0.083200 0.096700 0.099700 0.096200
MuntiacusC 0.104600 0.259900 0.117600 0.257000 0.117200 0.093400 0.103600 0.112100 0.113000 0.010500 0.085700 0.088500 0.123300 0.128000 0.109900 0.125800 0.110200 0.093000 0.089300 0.134000 0.113800 0.082300 0.060500 0.097300 0.097100 0.112900 0.120100 0.120100 0.127200 0.119200 0.021000 0.114900 0.159900 0.108700 0.092500 0.102200 0.100600 0.124000 0.121700 0.114900 0.059900 0.120500 0.000000 0.078500 0.099400 0.130600 0.134900 0.092900 0.102400 0.113200 0.127400 0.123700
WhiteTaile 0.094800 0.292200 0.107400 0.250800 0.107200 0.083900 0.086700 0.105900 0.103100 0.074900 0.069300 0.079200 0.109300 0.110400 0.085700 0.100700 0.118600 0.105300 0.080000 0.123500 0.089400 0.073200 0.062900 0.072900 0.080300 0.103300 0.106100 0.109900 0.113200 0.109200 0.085500 0.097500 0.133200 0.106100 0.083100 0.099800 0.083700 0.113800 0.107900 0.097600 0.073200 0.096000 0.078500 0.000000 0.089700 0.112300 0.109700 0.083400 0.092900 0.099600 0.117000 0.113400
Cattle 0.057600 0.249300 0.049500 0.226400 0.056400 0.047200 0.064000 0.068100 0.052600 0.095800 0.040300 0.036500 0.074800 0.080100 0.056500 0.077600 0.109300 0.089100 0.043600 0.065400 0.066900 0.037000 0.083500 0.119200 0.050600 0.073400 0.071700 0.052400 0.090100 0.058800 0.102800 0.067400 0.116500 0.068200 0.053700 0.009700 0.054000 0.073200 0.070500 0.125500 0.093600 0.073300 0.099400 0.089700 0.000000 0.081700 0.079700 0.047000 0.059900 0.083800 0.059300 0.055700
RoyalAntel 0.079300 0.289000 0.099100 0.252400 0.084600 0.075700 0.064400 0.090100 0.094900 0.126900 0.061400 0.085500 0.079100 0.080800 0.077700 0.092400 0.132200 0.119000 0.057900 0.107900 0.088400 0.058200 0.106200 0.135300 0.072100 0.087900 0.075900 0.101600 0.097800 0.108100 0.126300 0.075000 0.154400 0.075900 0.068100 0.091600 0.075600 0.105400 0.088600 0.149200 0.116400 0.080800 0.130600 0.112300 0.081700 0.000000 0.108600 0.075300 0.077700 0.105700 0.101500 0.097900
Steenbok 0.084400 0.290600 0.089800 0.246300 0.089500 0.080900 0.090700 0.080900 0.085800 0.131300 0.066900 0.083500 0.094600 0.106600 0.069000 0.076300 0.129100 0.109000 0.070200 0.105500 0.072600 0.063700 0.118300 0.143300 0.077400 0.079100 0.091500 0.092400 0.088600 0.098700 0.127000 0.094100 0.128900 0.088000 0.073300 0.089500 0.080700 0.103000 0.083100 0.149400 0.128400 0.072100 0.134900 0.109700 0.079700 0.108600 0.000000 0.077000 0.096600 0.110300 0.099200 0.095700
Impala 0.057800 0.251600 0.057100 0.228400 0.056600 0.047400 0.064300 0.068700 0.053300 0.089300 0.037800 0.050600 0.071700 0.073500 0.039700 0.067500 0.103100 0.082800 0.044000 0.073100 0.067100 0.037300 0.084300 0.120400 0.050900 0.063700 0.068500 0.059900 0.080000 0.066400 0.088800 0.060700 0.124800 0.061500 0.054200 0.056900 0.054200 0.070000 0.074200 0.126700 0.087200 0.056600 0.092900 0.083400 0.047000 0.075300 0.077000 0.000000 0.063900 0.077500 0.066700 0.063300
Klipspring 0.067600 0.263800 0.076900 0.241100 0.073100 0.057200 0.067000 0.078200 0.076300 0.098800 0.050300 0.063500 0.081400 0.083200 0.073200 0.080600 0.105000 0.085000 0.053600 0.085700 0.076800 0.047000 0.086600 0.114800 0.060700 0.083300 0.078300 0.072600 0.100000 0.079000 0.105800 0.070500 0.126500 0.074800 0.056800 0.069700 0.064000 0.093400 0.083900 0.128400 0.096600 0.083200 0.102400 0.092900 0.059900 0.077700 0.096600 0.063900 0.000000 0.079800 0.086300 0.082900
ForestMusk 0.081400 0.258100 0.097500 0.235600 0.093600 0.077900 0.087700 0.092000 0.082900 0.109600 0.070800 0.080600 0.098800 0.096700 0.093800 0.108600 0.090100 0.091700 0.074200 0.116700 0.097400 0.067500 0.089800 0.121700 0.081400 0.097000 0.095700 0.089500 0.120800 0.095900 0.116500 0.084100 0.126100 0.099300 0.077200 0.093600 0.084800 0.100100 0.097600 0.128200 0.092700 0.096700 0.113200 0.099600 0.083800 0.105700 0.110300 0.077500 0.079800 0.000000 0.089400 0.106900
Bushbuck 0.084400 0.249300 0.019400 0.246600 0.082800 0.073900 0.090700 0.087900 0.025700 0.123800 0.066900 0.056100 0.094600 0.106700 0.069100 0.104400 0.129200 0.112700 0.070300 0.031900 0.093400 0.063700 0.111000 0.139400 0.077400 0.092900 0.091600 0.012700 0.116600 0.025500 0.123300 0.094100 0.136300 0.095200 0.080300 0.069100 0.080800 0.089200 0.100600 0.142100 0.121100 0.099700 0.127400 0.117000 0.059300 0.101500 0.099200 0.066700 0.086300 0.089400 0.000000 0.022400
GreaterKud 0.080900 0.253500 0.019300 0.250900 0.072500 0.070500 0.087200 0.091500 0.035400 0.120100 0.063500 0.052700 0.098200 0.103100 0.065800 0.100900 0.132800 0.109100 0.066800 0.022100 0.089900 0.060300 0.107400 0.143200 0.074000 0.089500 0.095200 0.022300 0.113100 0.028600 0.119600 0.090600 0.139900 0.091600 0.076800 0.065400 0.077300 0.085800 0.093600 0.141900 0.117400 0.096200 0.123700 0.113400 0.055700 0.097900 0.095700 0.063300 0.082900 0.106900 0.022400 0.000000
