CODONML (in paml version 4.10.7, June 2023)  /home/rachel/ruminants_paml/6406-phy-tree/ENSBTAT00000027968.fasta.phy
Model: free dN/dS Ratios for branches,  kappa = 2.000 fixed

Codon frequency model: F3x4
ns =  54  ls =  91

Codon usage in sequences
--------------------------------------------------------------------------------------------------------------------------------------
Phe TTT   1   2   1   1   2   2 | Ser TCT   0   0   0   0   0   0 | Tyr TAT   1   1   1   1   1   1 | Cys TGT   0   1   0   0   1   1
    TTC   6   5   6   6   5   5 |     TCC   0   0   0   0   0   0 |     TAC   1   0   1   1   1   1 |     TGC   1   0   1   1   0   0
Leu TTA   0   0   0   0   0   0 |     TCA   0   0   0   0   0   0 | *** TAA   0   0   0   0   0   0 | *** TGA   0   0   0   0   0   0
    TTG   1   1   1   1   1   1 |     TCG   1   1   1   1   1   1 |     TAG   0   0   0   0   0   0 | Trp TGG   1   1   1   1   1   1
--------------------------------------------------------------------------------------------------------------------------------------
Leu CTT   0   0   0   0   0   0 | Pro CCT   1   1   0   1   1   0 | His CAT   0   0   1   0   0   0 | Arg CGT   1   2   1   1   2   2
    CTC   1   3   1   1   2   1 |     CCC   5   4   6   5   3   3 |     CAC   1   2   0   1   1   1 |     CGC   2   1   2   2   1   1
    CTA   0   0   0   2   0   1 |     CCA   1   1   2   0   2   2 | Gln CAA   2   1   2   2   3   2 |     CGA   0   0   0   0   0   0
    CTG   9   8   9   7   8   8 |     CCG   1   2   0   2   1   2 |     CAG   8   8   8   8   7   8 |     CGG   3   4   4   4   4   4
--------------------------------------------------------------------------------------------------------------------------------------
Ile ATT   1   1   0   0   1   1 | Thr ACT   0   0   0   0   0   0 | Asn AAT   3   0   3   2   3   2 | Ser AGT   1   1   1   1   2   1
    ATC   1   1   1   1   1   1 |     ACC   2   2   2   2   2   2 |     AAC   1   4   1   2   1   2 |     AGC   2   2   2   2   2   2
    ATA   0   0   0   0   0   0 |     ACA   1   1   1   1   3   3 | Lys AAA   0   0   0   0   0   0 | Arg AGA   0   0   0   0   0   0
Met ATG   2   2   2   2   2   2 |     ACG   2   2   2   2   0   0 |     AAG   4   4   4   4   3   3 |     AGG   2   1   1   1   1   1
--------------------------------------------------------------------------------------------------------------------------------------
Val GTT   0   0   1   1   0   0 | Ala GCT   0   1   0   1   0   1 | Asp GAT   0   1   1   1   1   1 | Gly GGT   0   0   0   0   0   0
    GTC   0   0   0   0   1   1 |     GCC   3   2   3   2   3   2 |     GAC   2   2   2   2   2   2 |     GGC   1   1   1   1   1   1
    GTA   0   0   0   0   0   0 |     GCA   2   2   2   2   2   2 | Glu GAA   1   1   1   1   2   1 |     GGA   0   0   0   0   0   0
    GTG   1   1   1   1   1   1 |     GCG   0   0   0   0   0   0 |     GAG   7   6   6   6   6   7 |     GGG   4   4   4   4   3   4
--------------------------------------------------------------------------------------------------------------------------------------

--------------------------------------------------------------------------------------------------------------------------------------
Phe TTT   1   1   1   1   1   1 | Ser TCT   0   0   0   0   0   0 | Tyr TAT   1   1   1   1   1   1 | Cys TGT   0   0   0   0   0   0
    TTC   6   6   6   6   6   6 |     TCC   0   0   0   0   0   0 |     TAC   1   1   1   1   1   1 |     TGC   1   1   1   1   1   1
Leu TTA   0   0   0   0   0   0 |     TCA   0   0   0   0   0   0 | *** TAA   0   0   0   0   0   0 | *** TGA   0   0   0   0   0   0
    TTG   1   1   1   1   1   1 |     TCG   1   1   1   1   1   1 |     TAG   0   0   0   0   0   0 | Trp TGG   1   1   1   1   1   1
--------------------------------------------------------------------------------------------------------------------------------------
Leu CTT   0   0   0   0   0   0 | Pro CCT   1   1   1   1   0   1 | His CAT   0   0   0   0   0   0 | Arg CGT   1   1   1   1   1   1
    CTC   1   1   1   1   1   1 |     CCC   5   5   5   6   6   5 |     CAC   1   1   1   1   1   1 |     CGC   2   2   2   2   2   2
    CTA   0   0   0   0   0   0 |     CCA   1   1   0   1   1   0 | Gln CAA   2   2   2   2   2   2 |     CGA   0   0   0   0   0   0
    CTG   9   9   9   9   9   9 |     CCG   1   1   2   0   1   3 |     CAG   7   8   8   8   8   8 |     CGG   4   4   4   4   4   3
--------------------------------------------------------------------------------------------------------------------------------------
Ile ATT   0   1   0   0   0   0 | Thr ACT   0   0   0   0   0   0 | Asn AAT   3   3   3   3   3   2 | Ser AGT   1   1   1   1   1   1
    ATC   1   1   1   1   1   1 |     ACC   2   2   2   2   2   2 |     AAC   1   1   1   1   1   2 |     AGC   2   2   2   2   2   2
    ATA   0   0   0   0   0   0 |     ACA   1   1   1   1   1   3 | Lys AAA   0   0   0   0   0   0 | Arg AGA   0   0   0   0   0   0
Met ATG   2   2   2   2   2   2 |     ACG   2   2   2   2   2   0 |     AAG   5   4   4   4   4   4 |     AGG   1   1   1   1   1   1
--------------------------------------------------------------------------------------------------------------------------------------
Val GTT   1   0   1   1   1   1 | Ala GCT   0   0   0   0   0   0 | Asp GAT   0   0   0   0   1   1 | Gly GGT   0   0   0   0   0   1
    GTC   0   0   0   0   0   0 |     GCC   3   3   3   3   3   3 |     GAC   2   2   2   2   2   2 |     GGC   1   1   1   1   1   0
    GTA   0   0   0   0   0   0 |     GCA   2   2   2   2   2   2 | Glu GAA   1   1   1   1   1   1 |     GGA   0   0   0   0   0   0
    GTG   1   1   1   1   1   1 |     GCG   0   0   0   0   0   0 |     GAG   7   7   7   7   6   6 |     GGG   4   4   4   4   4   4
--------------------------------------------------------------------------------------------------------------------------------------

--------------------------------------------------------------------------------------------------------------------------------------
Phe TTT   1   1   1   1   1   1 | Ser TCT   0   0   1   0   0   0 | Tyr TAT   1   1   1   1   1   1 | Cys TGT   0   0   0   0   0   0
    TTC   6   6   6   6   6   6 |     TCC   0   0   0   0   0   0 |     TAC   1   1   1   1   1   1 |     TGC   1   1   1   1   1   1
Leu TTA   0   0   0   0   0   0 |     TCA   0   0   0   0   0   0 | *** TAA   0   0   0   0   0   0 | *** TGA   0   0   0   0   0   0
    TTG   1   1   1   1   1   1 |     TCG   1   1   0   1   1   1 |     TAG   0   0   0   0   0   0 | Trp TGG   1   1   1   1   1   1
--------------------------------------------------------------------------------------------------------------------------------------
Leu CTT   0   0   0   0   0   0 | Pro CCT   0   1   0   0   0   0 | His CAT   0   0   0   0   0   0 | Arg CGT   1   1   1   1   1   1
    CTC   1   1   1   1   1   2 |     CCC   6   5   5   6   6   6 |     CAC   1   1   1   1   1   1 |     CGC   2   2   2   2   2   2
    CTA   0   1   0   0   0   0 |     CCA   1   2   1   0   2   1 | Gln CAA   2   2   3   2   3   2 |     CGA   0   0   0   0   0   0
    CTG   9   8   9   9   8   8 |     CCG   1   0   2   2   0   1 |     CAG   8   8   8   8   7   8 |     CGG   4   4   3   4   4   4
--------------------------------------------------------------------------------------------------------------------------------------
Ile ATT   0   0   0   0   0   0 | Thr ACT   0   0   0   0   0   0 | Asn AAT   3   3   3   3   3   3 | Ser AGT   1   1   1   1   1   1
    ATC   1   1   1   1   1   1 |     ACC   2   2   2   2   2   2 |     AAC   1   1   1   1   1   1 |     AGC   2   2   2   2   2   2
    ATA   0   0   0   0   0   0 |     ACA   1   0   2   1   1   1 | Lys AAA   0   0   0   0   0   0 | Arg AGA   0   0   0   0   0   0
Met ATG   2   2   2   2   3   2 |     ACG   2   3   1   2   2   2 |     AAG   4   4   4   4   4   4 |     AGG   1   1   1   1   1   1
--------------------------------------------------------------------------------------------------------------------------------------
Val GTT   1   1   1   1   1   1 | Ala GCT   0   0   0   0   0   0 | Asp GAT   0   1   0   0   0   0 | Gly GGT   0   0   0   0   0   0
    GTC   0   0   0   0   0   0 |     GCC   3   3   3   3   3   3 |     GAC   2   2   2   2   2   2 |     GGC   1   1   1   2   1   1
    GTA   0   0   0   0   0   0 |     GCA   2   2   2   2   2   2 | Glu GAA   1   1   1   1   1   1 |     GGA   0   0   0   0   0   0
    GTG   1   1   1   1   1   1 |     GCG   0   0   0   0   0   0 |     GAG   7   6   7   7   7   7 |     GGG   4   4   4   3   4   4
--------------------------------------------------------------------------------------------------------------------------------------

--------------------------------------------------------------------------------------------------------------------------------------
Phe TTT   1   1   1   1   1   1 | Ser TCT   0   0   0   0   0   0 | Tyr TAT   1   1   1   1   1   1 | Cys TGT   0   0   0   0   0   0
    TTC   6   6   6   6   6   6 |     TCC   0   0   0   0   0   0 |     TAC   1   1   1   1   1   1 |     TGC   1   1   1   1   1   1
Leu TTA   0   0   0   0   0   0 |     TCA   0   0   0   0   0   0 | *** TAA   0   0   0   0   0   0 | *** TGA   0   0   0   0   0   0
    TTG   1   1   1   1   1   1 |     TCG   1   1   1   1   1   1 |     TAG   0   0   0   0   0   0 | Trp TGG   1   1   1   1   1   1
--------------------------------------------------------------------------------------------------------------------------------------
Leu CTT   1   1   0   0   0   0 | Pro CCT   0   0   0   0   1   0 | His CAT   0   0   1   0   0   0 | Arg CGT   1   1   1   1   1   1
    CTC   1   1   1   1   1   1 |     CCC   5   5   6   6   5   6 |     CAC   1   1   1   1   1   1 |     CGC   2   2   1   2   2   2
    CTA   0   0   1   0   0   0 |     CCA   1   1   1   1   1   1 | Gln CAA   2   2   2   2   2   2 |     CGA   0   0   0   0   0   0
    CTG   9   9   8   9   9   9 |     CCG   1   1   1   1   1   1 |     CAG   8   8   8   8   8   8 |     CGG   4   4   4   4   4   4
--------------------------------------------------------------------------------------------------------------------------------------
Ile ATT   0   0   0   0   0   0 | Thr ACT   0   0   0   0   0   0 | Asn AAT   2   2   3   4   3   3 | Ser AGT   1   1   1   1   1   1
    ATC   1   1   1   1   1   1 |     ACC   2   2   2   2   2   2 |     AAC   2   2   1   0   1   1 |     AGC   2   2   2   2   2   2
    ATA   0   0   0   0   0   0 |     ACA   1   1   1   1   1   1 | Lys AAA   0   0   0   0   0   0 | Arg AGA   0   0   0   0   0   0
Met ATG   2   2   2   2   2   2 |     ACG   2   2   2   2   2   2 |     AAG   4   4   4   4   4   4 |     AGG   1   1   1   1   1   1
--------------------------------------------------------------------------------------------------------------------------------------
Val GTT   1   1   1   1   1   1 | Ala GCT   0   0   0   0   0   0 | Asp GAT   0   1   0   1   0   0 | Gly GGT   0   0   0   0   0   0
    GTC   0   0   0   0   0   0 |     GCC   3   3   3   3   3   3 |     GAC   2   2   2   2   2   2 |     GGC   1   1   1   1   1   1
    GTA   0   0   0   0   0   0 |     GCA   2   2   2   1   2   2 | Glu GAA   1   1   1   1   1   1 |     GGA   0   0   0   0   0   0
    GTG   1   1   1   1   1   1 |     GCG   1   0   0   1   0   0 |     GAG   6   6   7   6   7   7 |     GGG   4   4   4   4   4   4
--------------------------------------------------------------------------------------------------------------------------------------

--------------------------------------------------------------------------------------------------------------------------------------
Phe TTT   1   1   1   1   1   1 | Ser TCT   0   0   0   0   0   0 | Tyr TAT   1   1   1   1   1   1 | Cys TGT   0   0   0   0   0   0
    TTC   6   6   6   6   6   6 |     TCC   0   0   0   0   0   0 |     TAC   1   1   1   1   1   1 |     TGC   1   1   1   1   1   1
Leu TTA   0   0   0   0   0   0 |     TCA   0   0   0   0   0   0 | *** TAA   0   0   0   0   0   0 | *** TGA   0   0   0   0   0   0
    TTG   1   1   1   1   1   1 |     TCG   1   1   1   1   1   1 |     TAG   0   0   0   0   0   0 | Trp TGG   1   1   1   1   1   1
--------------------------------------------------------------------------------------------------------------------------------------
Leu CTT   0   0   0   0   0   0 | Pro CCT   1   0   0   0   0   0 | His CAT   0   1   0   0   0   1 | Arg CGT   1   0   1   1   1   1
    CTC   1   1   1   1   1   1 |     CCC   4   5   6   6   6   6 |     CAC   1   1   1   1   1   0 |     CGC   2   2   2   2   2   2
    CTA   0   1   0   0   1   0 |     CCA   0   0   1   1   1   1 | Gln CAA   2   2   2   2   3   2 |     CGA   0   0   0   0   0   0
    CTG   9   8   9   9   8   9 |     CCG   4   3   1   1   1   1 |     CAG   7   8   8   8   7   8 |     CGG   4   4   4   4   4   4
--------------------------------------------------------------------------------------------------------------------------------------
Ile ATT   0   0   0   0   0   0 | Thr ACT   0   0   0   0   0   0 | Asn AAT   2   2   3   3   3   3 | Ser AGT   1   1   1   1   1   1
    ATC   1   1   1   1   1   1 |     ACC   2   2   2   2   2   2 |     AAC   2   1   1   1   1   1 |     AGC   2   2   2   2   2   2
    ATA   0   0   0   0   0   0 |     ACA   3   3   1   0   1   1 | Lys AAA   0   1   0   1   0   0 | Arg AGA   0   0   0   0   0   0
Met ATG   2   2   2   2   2   2 |     ACG   0   0   2   2   2   2 |     AAG   4   4   4   3   4   4 |     AGG   1   1   1   1   1   1
--------------------------------------------------------------------------------------------------------------------------------------
Val GTT   1   1   1   1   1   1 | Ala GCT   0   0   0   1   1   0 | Asp GAT   1   1   0   0   0   1 | Gly GGT   0   0   0   0   0   0
    GTC   0   0   0   0   0   0 |     GCC   3   3   3   2   2   3 |     GAC   2   2   2   2   2   2 |     GGC   1   1   1   1   1   1
    GTA   0   0   0   0   0   0 |     GCA   2   2   2   3   2   1 | Glu GAA   1   1   1   1   1   1 |     GGA   0   0   0   0   0   0
    GTG   1   1   1   1   1   1 |     GCG   0   0   0   0   0   1 |     GAG   6   6   7   7   7   6 |     GGG   4   4   4   4   4   4
--------------------------------------------------------------------------------------------------------------------------------------

--------------------------------------------------------------------------------------------------------------------------------------
Phe TTT   1   1   1   1   2   1 | Ser TCT   0   0   0   0   0   0 | Tyr TAT   1   1   1   1   1   1 | Cys TGT   0   0   0   0   0   0
    TTC   6   6   6   6   5   6 |     TCC   0   0   0   0   0   0 |     TAC   1   1   1   1   1   1 |     TGC   1   1   1   1   1   1
Leu TTA   0   0   0   0   0   0 |     TCA   0   0   0   0   0   0 | *** TAA   0   0   0   0   0   0 | *** TGA   0   0   0   0   0   0
    TTG   1   1   1   1   1   1 |     TCG   1   1   1   1   1   1 |     TAG   0   0   0   0   0   0 | Trp TGG   1   1   1   1   1   1
--------------------------------------------------------------------------------------------------------------------------------------
Leu CTT   0   0   0   0   2   0 | Pro CCT   1   0   1   1   1   0 | His CAT   0   0   0   0   0   1 | Arg CGT   1   1   1   1   1   1
    CTC   1   1   1   1   1   1 |     CCC   5   6   5   4   5   6 |     CAC   1   1   1   1   1   0 |     CGC   2   2   2   2   2   2
    CTA   0   0   0   0   2   0 |     CCA   1   1   1   0   0   1 | Gln CAA   2   2   2   2   2   3 |     CGA   0   0   0   0   0   0
    CTG   9   9   9   9   6   9 |     CCG   1   1   2   3   1   1 |     CAG   8   8   7   8   8   7 |     CGG   4   4   4   4   4   4
--------------------------------------------------------------------------------------------------------------------------------------
Ile ATT   0   0   0   0   0   0 | Thr ACT   0   0   0   0   0   0 | Asn AAT   3   3   2   3   2   3 | Ser AGT   1   1   1   1   1   1
    ATC   1   1   1   1   1   1 |     ACC   2   2   2   2   2   2 |     AAC   1   1   2   1   2   1 |     AGC   2   2   2   2   2   2
    ATA   0   0   0   0   0   0 |     ACA   2   1   3   1   2   1 | Lys AAA   0   0   0   0   0   0 | Arg AGA   0   0   0   0   0   0
Met ATG   2   2   2   2   2   2 |     ACG   1   2   0   2   1   2 |     AAG   4   4   4   4   4   4 |     AGG   1   1   1   1   1   1
--------------------------------------------------------------------------------------------------------------------------------------
Val GTT   1   1   1   1   1   1 | Ala GCT   0   0   0   0   0   0 | Asp GAT   0   1   1   0   1   0 | Gly GGT   0   0   1   0   0   0
    GTC   0   0   0   0   0   0 |     GCC   3   3   3   3   3   3 |     GAC   2   2   2   2   2   2 |     GGC   1   1   0   2   1   1
    GTA   0   0   0   0   0   0 |     GCA   2   2   2   2   2   2 | Glu GAA   1   1   1   1   1   1 |     GGA   0   0   0   0   0   0
    GTG   1   1   1   1   1   1 |     GCG   0   0   0   0   1   0 |     GAG   7   6   6   7   5   7 |     GGG   4   4   4   3   4   4
--------------------------------------------------------------------------------------------------------------------------------------

--------------------------------------------------------------------------------------------------------------------------------------
Phe TTT   2   1   1   1   1   2 | Ser TCT   0   0   0   0   0   0 | Tyr TAT   1   1   1   1   1   1 | Cys TGT   0   0   0   0   0   0
    TTC   5   6   6   6   6   5 |     TCC   0   0   0   0   0   0 |     TAC   1   1   1   1   1   1 |     TGC   1   1   1   1   1   1
Leu TTA   0   0   0   0   0   0 |     TCA   0   0   0   0   0   0 | *** TAA   0   0   0   0   0   0 | *** TGA   0   0   0   0   0   0
    TTG   1   1   1   1   1   1 |     TCG   1   1   1   1   1   1 |     TAG   0   0   0   0   0   0 | Trp TGG   1   1   1   1   1   1
--------------------------------------------------------------------------------------------------------------------------------------
Leu CTT   0   0   0   0   0   1 | Pro CCT   0   0   0   1   0   0 | His CAT   0   1   0   0   1   0 | Arg CGT   1   1   1   1   1   1
    CTC   1   1   1   1   1   1 |     CCC   6   6   6   5   6   5 |     CAC   1   0   1   1   0   1 |     CGC   2   2   2   2   2   2
    CTA   0   0   0   0   0   0 |     CCA   2   1   1   1   1   0 | Gln CAA   2   2   2   2   1   3 |     CGA   0   0   0   0   0   0
    CTG   9   9   9   9   9   8 |     CCG   0   1   1   1   1   3 |     CAG   8   8   8   8   9   7 |     CGG   4   4   4   4   4   4
--------------------------------------------------------------------------------------------------------------------------------------
Ile ATT   0   0   0   0   0   0 | Thr ACT   0   0   0   0   0   0 | Asn AAT   3   3   3   3   3   2 | Ser AGT   1   1   1   1   1   1
    ATC   1   1   1   1   1   1 |     ACC   2   2   2   2   2   2 |     AAC   1   1   1   1   1   2 |     AGC   2   2   2   2   2   2
    ATA   0   0   0   0   0   0 |     ACA   1   1   1   1   1   3 | Lys AAA   0   0   0   0   0   0 | Arg AGA   0   0   0   0   0   0
Met ATG   2   2   2   2   2   2 |     ACG   2   2   2   2   2   0 |     AAG   4   4   4   4   4   4 |     AGG   1   1   1   1   1   1
--------------------------------------------------------------------------------------------------------------------------------------
Val GTT   1   1   1   1   1   1 | Ala GCT   1   0   0   0   0   0 | Asp GAT   1   1   0   0   0   1 | Gly GGT   0   0   0   0   0   0
    GTC   0   0   0   0   0   0 |     GCC   2   3   3   3   3   3 |     GAC   1   2   2   2   2   2 |     GGC   1   1   1   1   2   1
    GTA   0   0   0   0   0   0 |     GCA   1   2   2   2   2   2 | Glu GAA   1   1   1   1   1   1 |     GGA   0   0   0   0   0   0
    GTG   1   1   1   1   1   1 |     GCG   1   0   0   0   0   0 |     GAG   7   6   7   7   7   6 |     GGG   4   4   4   4   3   4
--------------------------------------------------------------------------------------------------------------------------------------

--------------------------------------------------------------------------------------------------------------------------------------
Phe TTT   1   1   1   1   1   1 | Ser TCT   0   0   0   0   0   0 | Tyr TAT   1   1   1   1   1   1 | Cys TGT   0   0   0   0   0   0
    TTC   6   6   6   6   6   6 |     TCC   0   0   0   0   0   0 |     TAC   1   1   1   1   1   1 |     TGC   1   1   1   1   1   1
Leu TTA   0   0   0   0   0   0 |     TCA   0   1   0   0   0   0 | *** TAA   0   0   0   0   0   0 | *** TGA   0   0   0   0   0   0
    TTG   1   1   1   1   1   1 |     TCG   1   0   1   1   1   1 |     TAG   0   0   0   0   0   0 | Trp TGG   1   1   1   1   1   1
--------------------------------------------------------------------------------------------------------------------------------------
Leu CTT   0   0   0   0   0   0 | Pro CCT   1   1   1   0   0   0 | His CAT   0   1   0   0   0   0 | Arg CGT   1   1   1   1   1   1
    CTC   1   1   1   1   1   1 |     CCC   4   5   5   5   6   6 |     CAC   1   0   1   1   1   1 |     CGC   2   2   2   1   2   2
    CTA   0   0   0   1   0   0 |     CCA   0   0   0   0   1   0 | Gln CAA   2   2   2   2   2   2 |     CGA   0   0   0   1   0   0
    CTG   9   9   9   8   9   9 |     CCG   4   2   3   3   1   2 |     CAG   7   8   7   8   8   8 |     CGG   4   4   4   4   4   4
--------------------------------------------------------------------------------------------------------------------------------------
Ile ATT   0   0   0   0   0   0 | Thr ACT   0   0   0   0   0   0 | Asn AAT   2   3   2   2   3   3 | Ser AGT   1   1   1   1   1   1
    ATC   1   1   1   1   1   1 |     ACC   2   2   2   2   2   2 |     AAC   2   1   2   2   1   1 |     AGC   2   2   2   2   2   2
    ATA   0   0   0   0   0   0 |     ACA   3   1   3   3   1   1 | Lys AAA   0   1   0   0   0   0 | Arg AGA   0   0   0   0   0   0
Met ATG   2   2   2   2   3   2 |     ACG   0   2   0   0   1   2 |     AAG   5   3   4   4   4   4 |     AGG   1   1   1   1   1   1
--------------------------------------------------------------------------------------------------------------------------------------
Val GTT   1   1   1   1   1   1 | Ala GCT   0   0   0   0   0   0 | Asp GAT   1   0   1   1   1   0 | Gly GGT   0   0   1   0   0   0
    GTC   0   0   0   0   0   0 |     GCC   3   3   3   3   3   3 |     GAC   2   2   2   2   2   2 |     GGC   1   2   0   1   1   1
    GTA   0   0   0   0   0   0 |     GCA   2   2   2   2   2   2 | Glu GAA   1   1   1   1   1   1 |     GGA   0   0   0   0   0   0
    GTG   1   1   1   1   1   1 |     GCG   0   0   0   0   0   0 |     GAG   5   7   6   6   6   7 |     GGG   4   3   4   4   4   4
--------------------------------------------------------------------------------------------------------------------------------------

--------------------------------------------------------------------------------------------------------------------------------------
Phe TTT   1   1   1   1   1   1 | Ser TCT   0   0   0   0   0   0 | Tyr TAT   1   1   1   1   1   1 | Cys TGT   0   0   0   0   0   0
    TTC   6   6   6   6   6   6 |     TCC   0   0   0   0   0   0 |     TAC   1   1   1   1   1   1 |     TGC   1   1   1   1   1   1
Leu TTA   0   0   0   0   0   0 |     TCA   0   0   0   0   0   0 | *** TAA   0   0   0   0   0   0 | *** TGA   0   0   0   0   0   0
    TTG   1   1   2   1   1   1 |     TCG   1   1   1   1   1   1 |     TAG   0   0   0   0   0   0 | Trp TGG   1   1   1   1   1   1
--------------------------------------------------------------------------------------------------------------------------------------
Leu CTT   0   0   0   0   0   0 | Pro CCT   0   1   0   1   0   0 | His CAT   0   0   0   0   0   0 | Arg CGT   1   1   0   1   1   1
    CTC   1   1   1   1   1   1 |     CCC   6   5   6   5   6   6 |     CAC   1   1   1   1   1   1 |     CGC   2   1   3   2   2   2
    CTA   0   0   0   2   0   0 |     CCA   1   1   1   0   1   1 | Gln CAA   2   2   2   2   2   2 |     CGA   0   1   0   0   0   0
    CTG   9   9   8   7   9   9 |     CCG   1   1   1   2   1   1 |     CAG   8   8   8   8   9   8 |     CGG   3   4   4   4   3   4
--------------------------------------------------------------------------------------------------------------------------------------
Ile ATT   0   0   0   0   0   0 | Thr ACT   0   0   0   0   0   0 | Asn AAT   3   2   3   2   3   4 | Ser AGT   1   1   1   1   1   1
    ATC   1   1   1   1   1   1 |     ACC   2   2   2   2   2   2 |     AAC   1   2   1   2   1   0 |     AGC   2   2   2   2   2   2
    ATA   0   0   0   0   0   0 |     ACA   1   1   1   1   1   1 | Lys AAA   0   0   0   0   0   0 | Arg AGA   0   0   0   0   0   0
Met ATG   2   2   2   2   2   2 |     ACG   2   2   2   2   2   2 |     AAG   4   4   4   4   4   4 |     AGG   2   1   1   1   1   1
--------------------------------------------------------------------------------------------------------------------------------------
Val GTT   1   1   1   1   1   1 | Ala GCT   0   0   0   1   0   0 | Asp GAT   0   0   0   1   1   1 | Gly GGT   0   0   0   0   0   0
    GTC   0   0   0   0   0   0 |     GCC   3   3   3   2   3   3 |     GAC   2   2   2   2   2   2 |     GGC   1   1   1   1   1   1
    GTA   0   0   0   0   0   0 |     GCA   2   2   2   2   1   1 | Glu GAA   1   1   1   1   1   1 |     GGA   0   0   0   0   0   0
    GTG   1   1   1   1   1   1 |     GCG   0   0   0   0   1   1 |     GAG   7   7   7   6   6   6 |     GGG   4   4   4   4   4   4
--------------------------------------------------------------------------------------------------------------------------------------

Codon position x base (3x4) table for each sequence.

#1: Argali         
position  1:    T:0.14286    C:0.38462    A:0.24176    G:0.23077
position  2:    T:0.25275    C:0.20879    A:0.34066    G:0.19780
position  3:    T:0.09890    C:0.31868    A:0.07692    G:0.50549
Average         T:0.16484    C:0.30403    A:0.21978    G:0.31136

#2: LesserMouseDeer
position  1:    T:0.13187    C:0.40659    A:0.23077    G:0.23077
position  2:    T:0.26374    C:0.20879    A:0.32967    G:0.19780
position  3:    T:0.12088    C:0.31868    A:0.06593    G:0.49451
Average         T:0.17216    C:0.31136    A:0.20879    G:0.30769

#3: LesserKudu     
position  1:    T:0.14286    C:0.39560    A:0.21978    G:0.24176
position  2:    T:0.25275    C:0.20879    A:0.34066    G:0.19780
position  3:    T:0.10989    C:0.31868    A:0.08791    G:0.48352
Average         T:0.16850    C:0.30769    A:0.21612    G:0.30769

#4: ForestMuskDeer2
position  1:    T:0.14286    C:0.39560    A:0.21978    G:0.24176
position  2:    T:0.25275    C:0.20879    A:0.34066    G:0.19780
position  3:    T:0.10989    C:0.31868    A:0.08791    G:0.48352
Average         T:0.16850    C:0.30769    A:0.21612    G:0.30769

#5: Camel          
position  1:    T:0.14286    C:0.38462    A:0.23077    G:0.24176
position  2:    T:0.26374    C:0.19780    A:0.34066    G:0.19780
position  3:    T:0.15385    C:0.28571    A:0.13187    G:0.42857
Average         T:0.18681    C:0.28938    A:0.23443    G:0.28938

#6: KillerWhale    
position  1:    T:0.14286    C:0.38462    A:0.21978    G:0.25275
position  2:    T:0.26374    C:0.19780    A:0.34066    G:0.19780
position  3:    T:0.13187    C:0.27473    A:0.12088    G:0.47253
Average         T:0.17949    C:0.28571    A:0.22711    G:0.30769

#7: DefassaWaterbuck
position  1:    T:0.14286    C:0.38462    A:0.23077    G:0.24176
position  2:    T:0.25275    C:0.20879    A:0.34066    G:0.19780
position  3:    T:0.09890    C:0.31868    A:0.07692    G:0.50549
Average         T:0.16484    C:0.30403    A:0.21612    G:0.31502

#8: Sheep          
position  1:    T:0.14286    C:0.39560    A:0.23077    G:0.23077
position  2:    T:0.25275    C:0.20879    A:0.34066    G:0.19780
position  3:    T:0.09890    C:0.31868    A:0.07692    G:0.50549
Average         T:0.16484    C:0.30769    A:0.21612    G:0.31136

#9: MaxwellsDuiker 
position  1:    T:0.14286    C:0.39560    A:0.21978    G:0.24176
position  2:    T:0.25275    C:0.20879    A:0.34066    G:0.19780
position  3:    T:0.09890    C:0.31868    A:0.06593    G:0.51648
Average         T:0.16484    C:0.30769    A:0.20879    G:0.31868

#10: GazellaPrzewalskyi
position  1:    T:0.14286    C:0.39560    A:0.21978    G:0.24176
position  2:    T:0.25275    C:0.20879    A:0.34066    G:0.19780
position  3:    T:0.09890    C:0.32967    A:0.07692    G:0.49451
Average         T:0.16484    C:0.31136    A:0.21245    G:0.31136

#11: MountainNyala  
position  1:    T:0.14286    C:0.39560    A:0.21978    G:0.24176
position  2:    T:0.25275    C:0.20879    A:0.34066    G:0.19780
position  3:    T:0.09890    C:0.32967    A:0.07692    G:0.49451
Average         T:0.16484    C:0.31136    A:0.21245    G:0.31136

#12: MuntiacusMuntjak
position  1:    T:0.14286    C:0.39560    A:0.21978    G:0.24176
position  2:    T:0.25275    C:0.21978    A:0.34066    G:0.18681
position  3:    T:0.10989    C:0.31868    A:0.08791    G:0.48352
Average         T:0.16850    C:0.31136    A:0.21612    G:0.30403

#13: goat           
position  1:    T:0.14286    C:0.39560    A:0.21978    G:0.24176
position  2:    T:0.25275    C:0.20879    A:0.34066    G:0.19780
position  3:    T:0.08791    C:0.32967    A:0.07692    G:0.50549
Average         T:0.16117    C:0.31136    A:0.21245    G:0.31502

#14: AfricanBuffalo 
position  1:    T:0.14286    C:0.39560    A:0.21978    G:0.24176
position  2:    T:0.25275    C:0.20879    A:0.34066    G:0.19780
position  3:    T:0.10989    C:0.31868    A:0.08791    G:0.48352
Average         T:0.16850    C:0.30769    A:0.21612    G:0.30769

#15: Topi           
position  1:    T:0.14286    C:0.39560    A:0.21978    G:0.24176
position  2:    T:0.25275    C:0.20879    A:0.35165    G:0.18681
position  3:    T:0.09890    C:0.31868    A:0.09890    G:0.48352
Average         T:0.16484    C:0.30769    A:0.22344    G:0.30403

#16: CommonDuiker   
position  1:    T:0.14286    C:0.39560    A:0.21978    G:0.24176
position  2:    T:0.25275    C:0.20879    A:0.34066    G:0.19780
position  3:    T:0.08791    C:0.34066    A:0.06593    G:0.50549
Average         T:0.16117    C:0.31502    A:0.20879    G:0.31502

#17: Suni           
position  1:    T:0.14286    C:0.38462    A:0.23077    G:0.24176
position  2:    T:0.25275    C:0.20879    A:0.34066    G:0.19780
position  3:    T:0.08791    C:0.32967    A:0.09890    G:0.48352
Average         T:0.16117    C:0.30769    A:0.22344    G:0.30769

#18: Springbuck     
position  1:    T:0.14286    C:0.39560    A:0.21978    G:0.24176
position  2:    T:0.25275    C:0.20879    A:0.34066    G:0.19780
position  3:    T:0.08791    C:0.34066    A:0.07692    G:0.49451
Average         T:0.16117    C:0.31502    A:0.21245    G:0.31136

#19: Okapi          
position  1:    T:0.14286    C:0.39560    A:0.21978    G:0.24176
position  2:    T:0.26374    C:0.20879    A:0.32967    G:0.19780
position  3:    T:0.08791    C:0.32967    A:0.07692    G:0.50549
Average         T:0.16484    C:0.31136    A:0.20879    G:0.31502

#20: Giraffe        
position  1:    T:0.14286    C:0.39560    A:0.21978    G:0.24176
position  2:    T:0.26374    C:0.19780    A:0.34066    G:0.19780
position  3:    T:0.09890    C:0.32967    A:0.07692    G:0.49451
Average         T:0.16850    C:0.30769    A:0.21245    G:0.31136

#21: TibetanAntelope
position  1:    T:0.14286    C:0.39560    A:0.21978    G:0.24176
position  2:    T:0.25275    C:0.20879    A:0.35165    G:0.18681
position  3:    T:0.09890    C:0.31868    A:0.08791    G:0.49451
Average         T:0.16484    C:0.30769    A:0.21978    G:0.30769

#22: Sitatunga      
position  1:    T:0.14286    C:0.39560    A:0.21978    G:0.24176
position  2:    T:0.25275    C:0.20879    A:0.34066    G:0.19780
position  3:    T:0.10989    C:0.31868    A:0.06593    G:0.50549
Average         T:0.16850    C:0.30769    A:0.20879    G:0.31502

#23: Oribi          
position  1:    T:0.14286    C:0.39560    A:0.21978    G:0.24176
position  2:    T:0.25275    C:0.20879    A:0.34066    G:0.19780
position  3:    T:0.09890    C:0.31868    A:0.07692    G:0.50549
Average         T:0.16484    C:0.30769    A:0.21245    G:0.31502

#24: BarbarySheep   
position  1:    T:0.14286    C:0.39560    A:0.21978    G:0.24176
position  2:    T:0.25275    C:0.20879    A:0.34066    G:0.19780
position  3:    T:0.08791    C:0.32967    A:0.07692    G:0.50549
Average         T:0.16117    C:0.31136    A:0.21245    G:0.31502

#25: Daviddeer      
position  1:    T:0.14286    C:0.39560    A:0.21978    G:0.24176
position  2:    T:0.25275    C:0.21978    A:0.32967    G:0.19780
position  3:    T:0.09890    C:0.31868    A:0.08791    G:0.49451
Average         T:0.16484    C:0.31136    A:0.21245    G:0.31136

#26: Reindeer       
position  1:    T:0.14286    C:0.39560    A:0.21978    G:0.24176
position  2:    T:0.25275    C:0.20879    A:0.35165    G:0.18681
position  3:    T:0.08791    C:0.31868    A:0.10989    G:0.48352
Average         T:0.16117    C:0.30769    A:0.22711    G:0.30403

#27: Ibex           
position  1:    T:0.14286    C:0.39560    A:0.21978    G:0.24176
position  2:    T:0.25275    C:0.20879    A:0.34066    G:0.19780
position  3:    T:0.08791    C:0.32967    A:0.07692    G:0.50549
Average         T:0.16117    C:0.31136    A:0.21245    G:0.31502

#28: GyrantGazelle  
position  1:    T:0.14286    C:0.39560    A:0.20879    G:0.25275
position  2:    T:0.25275    C:0.20879    A:0.34066    G:0.19780
position  3:    T:0.09890    C:0.31868    A:0.08791    G:0.49451
Average         T:0.16484    C:0.30769    A:0.21245    G:0.31502

#29: Hartebeest     
position  1:    T:0.14286    C:0.39560    A:0.21978    G:0.24176
position  2:    T:0.25275    C:0.20879    A:0.34066    G:0.19780
position  3:    T:0.09890    C:0.31868    A:0.09890    G:0.48352
Average         T:0.16484    C:0.30769    A:0.21978    G:0.30769

#30: Bongo          
position  1:    T:0.14286    C:0.39560    A:0.21978    G:0.24176
position  2:    T:0.25275    C:0.20879    A:0.34066    G:0.19780
position  3:    T:0.10989    C:0.31868    A:0.06593    G:0.50549
Average         T:0.16850    C:0.30769    A:0.20879    G:0.31502

#31: Gerenuk        
position  1:    T:0.14286    C:0.39560    A:0.21978    G:0.24176
position  2:    T:0.25275    C:0.20879    A:0.34066    G:0.19780
position  3:    T:0.09890    C:0.31868    A:0.08791    G:0.49451
Average         T:0.16484    C:0.30769    A:0.21612    G:0.31136

#32: CommonEland    
position  1:    T:0.14286    C:0.39560    A:0.21978    G:0.24176
position  2:    T:0.25275    C:0.20879    A:0.34066    G:0.19780
position  3:    T:0.09890    C:0.32967    A:0.07692    G:0.49451
Average         T:0.16484    C:0.31136    A:0.21245    G:0.31136

#33: MuntiacusReevesi
position  1:    T:0.14286    C:0.39560    A:0.21978    G:0.24176
position  2:    T:0.25275    C:0.21978    A:0.32967    G:0.19780
position  3:    T:0.10989    C:0.31868    A:0.09890    G:0.47253
Average         T:0.16850    C:0.31136    A:0.21612    G:0.30403

#34: HarveysDuiker  
position  1:    T:0.14286    C:0.39560    A:0.21978    G:0.24176
position  2:    T:0.25275    C:0.20879    A:0.34066    G:0.19780
position  3:    T:0.09890    C:0.31868    A:0.06593    G:0.51648
Average         T:0.16484    C:0.30769    A:0.20879    G:0.31868

#35: Pronghorn      
position  1:    T:0.14286    C:0.39560    A:0.21978    G:0.24176
position  2:    T:0.26374    C:0.20879    A:0.32967    G:0.19780
position  3:    T:0.13187    C:0.31868    A:0.09890    G:0.45055
Average         T:0.17949    C:0.30769    A:0.21612    G:0.29670

#36: BlueWildebeest 
position  1:    T:0.14286    C:0.39560    A:0.21978    G:0.24176
position  2:    T:0.25275    C:0.20879    A:0.34066    G:0.19780
position  3:    T:0.09890    C:0.31868    A:0.08791    G:0.49451
Average         T:0.16484    C:0.30769    A:0.21612    G:0.31136

#37: Gemsbok        
position  1:    T:0.14286    C:0.39560    A:0.21978    G:0.24176
position  2:    T:0.25275    C:0.20879    A:0.34066    G:0.19780
position  3:    T:0.12088    C:0.29670    A:0.07692    G:0.50549
Average         T:0.17216    C:0.30037    A:0.21245    G:0.31502

#38: Yak            
position  1:    T:0.14286    C:0.39560    A:0.21978    G:0.24176
position  2:    T:0.25275    C:0.20879    A:0.34066    G:0.19780
position  3:    T:0.10989    C:0.31868    A:0.07692    G:0.49451
Average         T:0.16850    C:0.30769    A:0.21245    G:0.31136

#39: BlueSheep      
position  1:    T:0.14286    C:0.39560    A:0.21978    G:0.24176
position  2:    T:0.25275    C:0.20879    A:0.34066    G:0.19780
position  3:    T:0.08791    C:0.32967    A:0.07692    G:0.50549
Average         T:0.16117    C:0.31136    A:0.21245    G:0.31502

#40: BohorReedbuck  
position  1:    T:0.14286    C:0.39560    A:0.21978    G:0.24176
position  2:    T:0.25275    C:0.20879    A:0.34066    G:0.19780
position  3:    T:0.09890    C:0.31868    A:0.07692    G:0.50549
Average         T:0.16484    C:0.30769    A:0.21245    G:0.31502

#41: KirksDik       
position  1:    T:0.14286    C:0.39560    A:0.21978    G:0.24176
position  2:    T:0.25275    C:0.20879    A:0.34066    G:0.19780
position  3:    T:0.09890    C:0.32967    A:0.06593    G:0.50549
Average         T:0.16484    C:0.31136    A:0.20879    G:0.31502

#42: RoeDeer        
position  1:    T:0.14286    C:0.39560    A:0.21978    G:0.24176
position  2:    T:0.25275    C:0.20879    A:0.34066    G:0.19780
position  3:    T:0.10989    C:0.31868    A:0.09890    G:0.47253
Average         T:0.16850    C:0.30769    A:0.21978    G:0.30403

#43: WhiteLippedDeer
position  1:    T:0.14286    C:0.39560    A:0.23077    G:0.23077
position  2:    T:0.25275    C:0.21978    A:0.32967    G:0.19780
position  3:    T:0.09890    C:0.31868    A:0.08791    G:0.49451
Average         T:0.16484    C:0.31136    A:0.21612    G:0.30769

#44: ThomsonGazelle 
position  1:    T:0.14286    C:0.39560    A:0.21978    G:0.24176
position  2:    T:0.25275    C:0.20879    A:0.34066    G:0.19780
position  3:    T:0.10989    C:0.31868    A:0.08791    G:0.48352
Average         T:0.16850    C:0.30769    A:0.21612    G:0.30769

#45: MuntiacusCrinifrons
position  1:    T:0.14286    C:0.39560    A:0.21978    G:0.24176
position  2:    T:0.25275    C:0.21978    A:0.32967    G:0.19780
position  3:    T:0.10989    C:0.31868    A:0.08791    G:0.48352
Average         T:0.16850    C:0.31136    A:0.21245    G:0.30769

#46: WhiteTailedDeer
position  1:    T:0.14286    C:0.39560    A:0.21978    G:0.24176
position  2:    T:0.25275    C:0.20879    A:0.34066    G:0.19780
position  3:    T:0.08791    C:0.31868    A:0.10989    G:0.48352
Average         T:0.16117    C:0.30769    A:0.22344    G:0.30769

#47: Cattle         
position  1:    T:0.14286    C:0.39560    A:0.21978    G:0.24176
position  2:    T:0.26374    C:0.19780    A:0.34066    G:0.19780
position  3:    T:0.09890    C:0.32967    A:0.07692    G:0.49451
Average         T:0.16850    C:0.30769    A:0.21245    G:0.31136

#48: RoyalAntelope  
position  1:    T:0.14286    C:0.39560    A:0.21978    G:0.24176
position  2:    T:0.25275    C:0.20879    A:0.34066    G:0.19780
position  3:    T:0.08791    C:0.32967    A:0.06593    G:0.51648
Average         T:0.16117    C:0.31136    A:0.20879    G:0.31868

#49: Steenbok       
position  1:    T:0.14286    C:0.38462    A:0.23077    G:0.24176
position  2:    T:0.25275    C:0.20879    A:0.34066    G:0.19780
position  3:    T:0.08791    C:0.32967    A:0.07692    G:0.50549
Average         T:0.16117    C:0.30769    A:0.21612    G:0.31502

#50: Impala         
position  1:    T:0.14286    C:0.39560    A:0.21978    G:0.24176
position  2:    T:0.25275    C:0.20879    A:0.34066    G:0.19780
position  3:    T:0.08791    C:0.31868    A:0.08791    G:0.50549
Average         T:0.16117    C:0.30769    A:0.21612    G:0.31502

#51: Klipspringer   
position  1:    T:0.15385    C:0.38462    A:0.21978    G:0.24176
position  2:    T:0.25275    C:0.20879    A:0.34066    G:0.19780
