CODONML (in paml version 4.10.7, June 2023)  /home/rachel/ruminants_paml/6406-phy-tree/ENSBTAT00000061540.fasta.phy
Model: free dN/dS Ratios for branches,  kappa = 2.000 fixed

Codon frequency model: F3x4
ns =  54  ls =  71

Codon usage in sequences
--------------------------------------------------------------------------------------------------------------------------------------
Phe TTT   0   0   0   0   0   0 | Ser TCT   1   1   1   1   1   1 | Tyr TAT   0   0   0   0   0   0 | Cys TGT   0   0   0   0   0   0
    TTC   3   3   3   3   2   2 |     TCC   0   0   0   0   0   0 |     TAC   1   1   1   1   1   1 |     TGC   0   0   0   0   0   0
Leu TTA   0   0   0   0   0   0 |     TCA   0   1   0   0   1   1 | *** TAA   0   0   0   0   0   0 | *** TGA   0   0   0   0   0   0
    TTG   1   0   1   1   1   2 |     TCG   1   0   1   1   1   0 |     TAG   0   0   0   0   0   0 | Trp TGG   1   1   1   1   1   1
--------------------------------------------------------------------------------------------------------------------------------------
Leu CTT   0   0   0   0   0   0 | Pro CCT   1   1   1   1   1   1 | His CAT   0   0   0   0   0   0 | Arg CGT   0   1   0   0   0   0
    CTC   4   3   3   3   5   4 |     CCC   0   0   0   0   0   0 |     CAC   1   0   1   1   1   1 |     CGC   2   2   2   2   2   2
    CTA   0   0   0   0   0   0 |     CCA   0   0   0   0   0   0 | Gln CAA   2   0   1   1   2   2 |     CGA   0   0   0   0   0   0
    CTG   3   5   4   4   3   3 |     CCG   1   1   1   1   1   1 |     CAG   3   3   3   3   2   2 |     CGG   2   3   2   2   2   2
--------------------------------------------------------------------------------------------------------------------------------------
Ile ATT   0   0   0   0   0   0 | Thr ACT   1   1   1   1   1   1 | Asn AAT   0   0   0   0   1   1 | Ser AGT   0   0   1   1   1   1
    ATC   4   2   4   4   4   4 |     ACC   3   2   3   3   3   3 |     AAC   5   4   5   5   4   4 |     AGC   2   2   1   1   0   1
    ATA   1   0   1   1   1   1 |     ACA   2   2   2   2   2   1 | Lys AAA   1   0   2   2   2   2 | Arg AGA   0   0   0   0   2   1
Met ATG   2   3   2   2   2   2 |     ACG   0   0   0   0   0   1 |     AAG   2   3   2   2   2   2 |     AGG   1   2   1   1   0   0
--------------------------------------------------------------------------------------------------------------------------------------
Val GTT   0   0   0   0   0   0 | Ala GCT   3   2   2   2   3   3 | Asp GAT   2   2   3   3   3   2 | Gly GGT   0   0   0   0   0   0
    GTC   0   2   0   0   0   0 |     GCC   1   3   2   2   1   1 |     GAC   4   5   3   3   3   4 |     GGC   0   0   0   0   0   0
    GTA   0   0   0   0   0   0 |     GCA   2   1   2   3   1   2 | Glu GAA   0   0   0   0   0   0 |     GGA   0   0   0   0   0   0
    GTG   3   3   3   3   3   3 |     GCG   1   2   1   0   1   1 |     GAG   3   3   3   3   3   3 |     GGG   1   1   1   1   1   1
--------------------------------------------------------------------------------------------------------------------------------------

--------------------------------------------------------------------------------------------------------------------------------------
Phe TTT   0   0   0   0   0   0 | Ser TCT   1   1   1   1   1   1 | Tyr TAT   0   0   0   0   0   0 | Cys TGT   0   0   0   0   0   0
    TTC   3   3   3   3   3   3 |     TCC   0   0   0   0   0   0 |     TAC   1   1   1   0   1   1 |     TGC   0   0   0   1   0   0
Leu TTA   0   0   0   0   0   0 |     TCA   0   0   1   0   0   0 | *** TAA   0   0   0   0   0   0 | *** TGA   0   0   0   0   0   0
    TTG   1   1   1   1   1   1 |     TCG   1   1   0   1   1   1 |     TAG   0   0   0   0   0   0 | Trp TGG   1   1   1   1   1   1
--------------------------------------------------------------------------------------------------------------------------------------
Leu CTT   0   0   0   1   0   0 | Pro CCT   1   1   1   1   1   1 | His CAT   0   0   0   0   0   0 | Arg CGT   1   0   0   0   0   0
    CTC   3   4   3   3   3   3 |     CCC   0   0   0   0   0   0 |     CAC   1   1   1   1   1   1 |     CGC   1   2   2   2   2   2
    CTA   0   0   0   0   0   0 |     CCA   0   0   0   0   0   0 | Gln CAA   1   2   1   0   1   2 |     CGA   0   0   0   1   0   0
    CTG   4   3   4   3   4   4 |     CCG   1   1   1   1   1   1 |     CAG   3   3   3   2   3   2 |     CGG   2   2   2   3   2   2
--------------------------------------------------------------------------------------------------------------------------------------
Ile ATT   0   0   0   0   0   0 | Thr ACT   1   1   1   1   1   2 | Asn AAT   0   0   0   0   0   0 | Ser AGT   0   0   0   0   0   0
    ATC   4   4   4   3   4   4 |     ACC   3   3   3   3   3   2 |     AAC   5   5   5   5   5   5 |     AGC   2   2   2   2   2   2
    ATA   1   1   1   1   1   1 |     ACA   2   2   2   2   2   2 | Lys AAA   2   1   2   2   2   2 | Arg AGA   0   0   0   0   0   0
Met ATG   2   2   2   2   2   2 |     ACG   0   0   0   0   0   0 |     AAG   2   2   2   2   2   2 |     AGG   1   1   1   1   1   1
--------------------------------------------------------------------------------------------------------------------------------------
Val GTT   0   0   0   0   0   0 | Ala GCT   2   3   2   2   2   2 | Asp GAT   3   2   2   2   3   3 | Gly GGT   0   0   0   0   0   0
    GTC   0   0   0   1   0   0 |     GCC   2   1   2   1   2   2 |     GAC   3   4   4   4   3   3 |     GGC   0   0   0   0   0   0
    GTA   0   0   0   0   0   1 |     GCA   2   2   2   2   2   2 | Glu GAA   0   0   0   0   0   0 |     GGA   0   0   0   0   0   0
    GTG   3   3   3   3   3   2 |     GCG   1   1   1   2   1   1 |     GAG   3   3   3   3   3   3 |     GGG   1   1   1   1   1   1
--------------------------------------------------------------------------------------------------------------------------------------

--------------------------------------------------------------------------------------------------------------------------------------
Phe TTT   0   0   0   0   1   0 | Ser TCT   1   1   1   1   1   1 | Tyr TAT   0   0   0   0   0   0 | Cys TGT   0   0   0   0   0   0
    TTC   3   3   3   3   2   3 |     TCC   0   0   0   0   0   0 |     TAC   1   1   1   1   1   1 |     TGC   0   0   0   0   0   0
Leu TTA   0   0   0   0   0   0 |     TCA   0   0   1   1   0   0 | *** TAA   0   0   0   0   0   0 | *** TGA   0   0   0   0   0   0
    TTG   1   1   1   1   1   1 |     TCG   1   1   0   0   1   1 |     TAG   0   0   0   0   0   0 | Trp TGG   1   1   1   1   1   1
--------------------------------------------------------------------------------------------------------------------------------------
Leu CTT   0   0   0   0   0   1 | Pro CCT   1   1   1   1   1   1 | His CAT   0   0   0   0   0   0 | Arg CGT   0   0   0   0   0   0
    CTC   3   3   3   3   3   3 |     CCC   0   0   0   0   0   0 |     CAC   1   1   1   1   1   1 |     CGC   2   2   2   2   2   2
    CTA   0   0   0   1   0   0 |     CCA   0   0   0   0   0   0 | Gln CAA   1   1   1   1   1   1 |     CGA   0   0   0   0   0   0
    CTG   4   4   4   3   4   3 |     CCG   1   1   1   1   1   1 |     CAG   3   3   3   3   3   2 |     CGG   2   2   2   2   2   3
--------------------------------------------------------------------------------------------------------------------------------------
Ile ATT   0   0   0   0   0   0 | Thr ACT   1   1   1   1   1   1 | Asn AAT   0   0   0   0   0   0 | Ser AGT   0   0   0   0   0   0
    ATC   4   4   4   4   4   4 |     ACC   3   3   3   3   3   3 |     AAC   5   5   5   5   5   5 |     AGC   2   2   2   2   2   2
    ATA   1   1   1   1   0   1 |     ACA   2   2   2   2   3   2 | Lys AAA   2   2   2   1   1   2 | Arg AGA   0   0   0   0   0   0
Met ATG   2   2   2   2   2   2 |     ACG   0   0   0   0   0   0 |     AAG   2   2   2   3   3   2 |     AGG   1   1   1   1   1   1
--------------------------------------------------------------------------------------------------------------------------------------
Val GTT   0   0   0   0   0   0 | Ala GCT   3   2   3   3   2   3 | Asp GAT   1   2   2   2   1   2 | Gly GGT   0   0   0   0   0   0
    GTC   0   0   0   0   0   0 |     GCC   1   2   1   1   2   1 |     GAC   5   4   4   4   4   4 |     GGC   0   0   0   0   0   0
    GTA   0   0   0   0   0   1 |     GCA   2   2   3   2   3   2 | Glu GAA   0   0   0   0   0   0 |     GGA   0   0   0   0   0   0
    GTG   3   3   3   3   2   2 |     GCG   1   1   0   1   2   1 |     GAG   3   3   3   3   3   3 |     GGG   1   1   1   1   1   1
--------------------------------------------------------------------------------------------------------------------------------------

--------------------------------------------------------------------------------------------------------------------------------------
Phe TTT   0   0   0   0   0   1 | Ser TCT   1   1   1   1   1   1 | Tyr TAT   0   0   0   0   0   0 | Cys TGT   0   0   0   0   0   0
    TTC   3   3   3   3   3   2 |     TCC   0   0   0   0   0   0 |     TAC   1   1   1   1   1   1 |     TGC   0   0   0   0   0   0
Leu TTA   0   0   0   0   0   0 |     TCA   0   1   0   0   1   0 | *** TAA   0   0   0   0   0   0 | *** TGA   0   0   0   0   0   0
    TTG   1   1   1   1   1   1 |     TCG   1   0   1   1   0   1 |     TAG   0   0   0   0   0   0 | Trp TGG   1   1   1   1   1   1
--------------------------------------------------------------------------------------------------------------------------------------
Leu CTT   0   0   0   0   1   0 | Pro CCT   1   1   1   1   1   1 | His CAT   0   0   0   0   0   0 | Arg CGT   0   0   0   0   0   0
    CTC   3   3   3   3   3   3 |     CCC   0   0   0   0   0   0 |     CAC   1   1   1   1   1   1 |     CGC   2   2   2   2   2   2
    CTA   0   0   0   0   0   0 |     CCA   0   1   0   0   0   0 | Gln CAA   1   1   1   1   1   1 |     CGA   0   0   0   0   0   0
    CTG   4   4   4   4   3   4 |     CCG   1   0   1   1   1   1 |     CAG   2   3   3   3   3   3 |     CGG   2   2   2   2   2   2
--------------------------------------------------------------------------------------------------------------------------------------
Ile ATT   0   0   0   0   0   0 | Thr ACT   1   1   1   1   1   1 | Asn AAT   0   0   0   0   0   0 | Ser AGT   0   0   0   0   0   0
    ATC   4   4   4   4   3   4 |     ACC   3   3   3   3   3   3 |     AAC   5   5   5   5   5   5 |     AGC   2   2   2   2   2   2
    ATA   1   1   1   1   1   1 |     ACA   2   2   2   2   2   2 | Lys AAA   3   2   2   2   2   2 | Arg AGA   0   0   0   0   0   0
Met ATG   2   2   2   2   3   2 |     ACG   0   0   0   0   0   0 |     AAG   2   2   2   2   3   2 |     AGG   1   1   1   1   0   1
--------------------------------------------------------------------------------------------------------------------------------------
Val GTT   0   0   0   0   0   0 | Ala GCT   2   2   3   2   2   3 | Asp GAT   3   2   1   3   2   2 | Gly GGT   0   0   0   0   0   0
    GTC   0   0   0   0   0   0 |     GCC   2   2   1   2   1   1 |     GAC   3   4   5   3   4   4 |     GGC   0   0   0   0   0   0
    GTA   0   0   0   0   0   0 |     GCA   2   2   2   2   2   2 | Glu GAA   0   0   0   0   0   0 |     GGA   0   0   0   0   0   0
    GTG   3   3   3   3   3   3 |     GCG   1   1   1   1   2   1 |     GAG   3   3   3   3   3   3 |     GGG   1   1   1   1   1   1
--------------------------------------------------------------------------------------------------------------------------------------

--------------------------------------------------------------------------------------------------------------------------------------
Phe TTT   1   0   0   0   0   0 | Ser TCT   1   1   1   1   1   1 | Tyr TAT   0   1   0   0   0   0 | Cys TGT   0   0   0   0   0   0
    TTC   2   3   3   3   3   3 |     TCC   0   0   0   0   0   0 |     TAC   1   0   1   1   1   1 |     TGC   0   0   0   0   0   0
Leu TTA   0   0   0   0   0   0 |     TCA   0   0   0   0   1   0 | *** TAA   0   0   0   0   0   0 | *** TGA   0   0   0   0   0   0
    TTG   1   1   1   1   1   1 |     TCG   1   1   1   1   0   1 |     TAG   0   0   0   0   0   0 | Trp TGG   1   1   1   1   1   1
--------------------------------------------------------------------------------------------------------------------------------------
Leu CTT   0   0   0   1   0   0 | Pro CCT   1   1   1   1   1   1 | His CAT   0   0   0   0   0   0 | Arg CGT   0   0   0   0   0   0
    CTC   3   3   3   3   3   3 |     CCC   0   0   0   0   0   0 |     CAC   1   1   1   1   1   1 |     CGC   2   2   2   2   2   2
    CTA   0   0   0   0   1   0 |     CCA   0   0   0   0   0   0 | Gln CAA   2   1   1   1   1   1 |     CGA   0   0   0   1   0   0
    CTG   4   4   4   3   3   4 |     CCG   1   1   1   1   1   1 |     CAG   2   3   3   2   3   3 |     CGG   2   2   2   2   2   2
--------------------------------------------------------------------------------------------------------------------------------------
Ile ATT   0   0   0   0   0   0 | Thr ACT   1   1   1   1   1   1 | Asn AAT   0   0   0   0   0   0 | Ser AGT   0   1   0   0   0   0
    ATC   4   4   4   4   4   4 |     ACC   3   3   3   3   3   3 |     AAC   5   5   5   5   5   5 |     AGC   2   1   2   2   2   2
    ATA   1   1   1   1   1   1 |     ACA   2   2   2   2   2   2 | Lys AAA   2   2   2   2   2   2 | Arg AGA   0   0   0   0   0   0
Met ATG   2   2   2   2   2   2 |     ACG   0   0   0   0   0   0 |     AAG   2   2   2   2   2   2 |     AGG   1   1   1   1   1   1
--------------------------------------------------------------------------------------------------------------------------------------
Val GTT   0   0   0   0   0   0 | Ala GCT   2   3   3   3   3   2 | Asp GAT   2   1   2   2   2   3 | Gly GGT   0   0   0   0   0   0
    GTC   0   0   0   0   0   0 |     GCC   2   2   1   1   1   2 |     GAC   4   5   4   4   4   3 |     GGC   0   0   0   0   0   0
    GTA   0   0   0   0   0   0 |     GCA   2   2   2   2   3   2 | Glu GAA   0   0   0   0   0   0 |     GGA   0   0   0   0   0   0
    GTG   3   3   3   3   3   3 |     GCG   1   0   1   1   0   1 |     GAG   3   3   3   3   3   3 |     GGG   1   1   1   1   1   1
--------------------------------------------------------------------------------------------------------------------------------------

--------------------------------------------------------------------------------------------------------------------------------------
Phe TTT   0   0   0   0   1   0 | Ser TCT   1   1   1   1   1   1 | Tyr TAT   0   0   0   0   0   0 | Cys TGT   0   0   0   0   0   0
    TTC   3   3   3   3   2   3 |     TCC   0   0   0   0   0   0 |     TAC   1   1   1   1   1   1 |     TGC   0   0   0   0   0   0
Leu TTA   0   0   0   0   0   0 |     TCA   0   0   0   0   0   1 | *** TAA   0   0   0   0   0   0 | *** TGA   0   0   0   0   0   0
    TTG   1   1   1   1   1   1 |     TCG   1   1   1   1   1   0 |     TAG   0   0   0   0   0   0 | Trp TGG   1   1   1   1   1   1
--------------------------------------------------------------------------------------------------------------------------------------
Leu CTT   1   0   0   0   0   0 | Pro CCT   1   1   1   1   1   1 | His CAT   0   0   0   0   0   0 | Arg CGT   0   0   0   0   0   0
    CTC   3   3   3   3   4   3 |     CCC   0   0   0   0   0   0 |     CAC   1   1   1   1   1   1 |     CGC   2   2   2   2   2   2
    CTA   0   0   0   0   0   0 |     CCA   0   0   0   0   0   0 | Gln CAA   1   1   2   1   1   1 |     CGA   0   0   0   0   0   0
    CTG   3   4   4   4   3   4 |     CCG   1   1   1   1   1   1 |     CAG   2   3   2   3   3   3 |     CGG   3   2   2   2   2   2
--------------------------------------------------------------------------------------------------------------------------------------
Ile ATT   0   0   1   0   0   0 | Thr ACT   1   1   1   1   1   1 | Asn AAT   0   0   0   0   0   0 | Ser AGT   0   0   0   0   1   0
    ATC   4   4   3   4   4   4 |     ACC   3   3   3   3   3   3 |     AAC   5   5   5   5   5   5 |     AGC   2   2   2   2   1   2
    ATA   1   1   1   1   1   1 |     ACA   2   2   2   2   2   2 | Lys AAA   3   2   2   2   2   2 | Arg AGA   0   0   0   0   0   0
Met ATG   2   2   2   2   2   2 |     ACG   0   0   0   0   0   0 |     AAG   1   2   2   2   2   2 |     AGG   1   1   1   1   1   1
--------------------------------------------------------------------------------------------------------------------------------------
Val GTT   0   0   0   0   0   0 | Ala GCT   3   2   2   3   2   3 | Asp GAT   2   3   3   2   2   2 | Gly GGT   0   0   0   0   0   0
    GTC   0   0   0   0   0   0 |     GCC   1   2   2   1   2   1 |     GAC   4   3   3   4   4   4 |     GGC   0   0   0   0   0   0
    GTA   0   0   1   0   0   0 |     GCA   3   3   2   2   2   2 | Glu GAA   0   0   1   0   0   0 |     GGA   0   0   0   0   0   0
    GTG   3   3   2   3   3   3 |     GCG   0   0   1   1   1   1 |     GAG   3   3   2   3   3   3 |     GGG   1   1   1   1   1   1
--------------------------------------------------------------------------------------------------------------------------------------

--------------------------------------------------------------------------------------------------------------------------------------
Phe TTT   0   0   0   0   1   0 | Ser TCT   1   1   1   1   1   1 | Tyr TAT   0   0   0   0   0   0 | Cys TGT   0   0   0   0   0   0
    TTC   3   3   3   3   2   3 |     TCC   0   0   0   0   0   0 |     TAC   1   1   1   1   1   1 |     TGC   0   0   0   0   0   0
Leu TTA   0   0   0   0   0   0 |     TCA   0   0   0   0   0   0 | *** TAA   0   0   0   0   0   0 | *** TGA   0   0   0   0   0   0
    TTG   1   1   1   1   1   1 |     TCG   1   1   1   1   1   1 |     TAG   0   0   0   0   0   0 | Trp TGG   1   1   1   1   1   1
--------------------------------------------------------------------------------------------------------------------------------------
Leu CTT   0   0   0   0   1   0 | Pro CCT   1   1   1   1   1   1 | His CAT   0   0   0   0   0   0 | Arg CGT   1   0   0   0   0   0
    CTC   3   3   3   3   3   3 |     CCC   0   0   0   0   0   0 |     CAC   1   1   1   1   1   1 |     CGC   1   2   2   2   2   2
    CTA   0   0   0   0   0   0 |     CCA   0   1   0   0   0   0 | Gln CAA   1   1   1   1   1   2 |     CGA   0   0   0   0   0   0
    CTG   4   4   4   4   3   4 |     CCG   1   0   1   1   1   1 |     CAG   3   3   3   3   3   2 |     CGG   2   2   2   2   2   2
--------------------------------------------------------------------------------------------------------------------------------------
Ile ATT   0   0   0   0   0   0 | Thr ACT   1   1   1   1   1   1 | Asn AAT   0   0   0   0   0   0 | Ser AGT   0   0   0   0   0   1
    ATC   4   4   4   4   4   4 |     ACC   3   3   3   3   3   3 |     AAC   5   5   5   5   5   5 |     AGC   2   2   2   2   2   1
    ATA   1   1   1   1   1   1 |     ACA   2   2   2   2   2   2 | Lys AAA   2   2   2   2   2   2 | Arg AGA   0   0   0   0   0   0
Met ATG   2   2   2   2   2   2 |     ACG   0   0   0   0   0   0 |     AAG   2   2   2   2   2   2 |     AGG   1   1   1   1   1   1
--------------------------------------------------------------------------------------------------------------------------------------
Val GTT   0   0   0   0   0   0 | Ala GCT   3   3   3   2   3   2 | Asp GAT   2   2   1   2   2   2 | Gly GGT   0   0   0   0   0   0
    GTC   0   0   0   0   0   0 |     GCC   1   1   1   2   1   2 |     GAC   4   4   5   4   4   4 |     GGC   0   0   0   0   0   0
    GTA   0   0   0   0   0   0 |     GCA   2   2   2   2   2   2 | Glu GAA   0   0   0   0   0   0 |     GGA   0   0   0   0   0   0
    GTG   3   3   3   3   3   3 |     GCG   1   1   1   1   1   1 |     GAG   3   3   3   3   3   3 |     GGG   1   1   1   1   1   1
--------------------------------------------------------------------------------------------------------------------------------------

--------------------------------------------------------------------------------------------------------------------------------------
Phe TTT   0   0   0   0   0   0 | Ser TCT   1   1   1   1   1   1 | Tyr TAT   0   0   0   0   0   0 | Cys TGT   0   0   0   0   0   0
    TTC   3   3   3   3   3   3 |     TCC   0   0   0   0   0   0 |     TAC   1   1   1   1   1   1 |     TGC   0   0   0   0   0   0
Leu TTA   0   0   0   0   0   0 |     TCA   0   0   0   0   0   0 | *** TAA   0   0   0   0   0   0 | *** TGA   0   0   0   0   0   0
    TTG   1   1   1   1   1   1 |     TCG   1   1   1   1   1   1 |     TAG   0   0   0   0   0   0 | Trp TGG   1   1   1   1   1   1
--------------------------------------------------------------------------------------------------------------------------------------
Leu CTT   0   1   0   0   0   0 | Pro CCT   1   1   1   1   1   1 | His CAT   0   0   0   0   0   0 | Arg CGT   0   0   0   0   0   0
    CTC   3   3   3   3   3   3 |     CCC   0   0   0   0   0   0 |     CAC   1   1   1   1   1   1 |     CGC   2   2   2   2   2   2
    CTA   0   0   0   0   0   0 |     CCA   0   0   0   0   0   0 | Gln CAA   2   1   2   1   1   1 |     CGA   0   1   0   0   0   0
    CTG   4   3   4   4   4   4 |     CCG   1   1   1   1   1   1 |     CAG   2   2   2   3   3   3 |     CGG   2   2   2   2   2   2
--------------------------------------------------------------------------------------------------------------------------------------
Ile ATT   0   0   0   0   0   0 | Thr ACT   1   1   1   1   1   1 | Asn AAT   0   0   0   0   0   0 | Ser AGT   0   0   0   1   0   0
    ATC   4   4   4   4   4   4 |     ACC   2   3   3   3   3   3 |     AAC   5   5   5   5   5   5 |     AGC   2   2   2   1   2   2
    ATA   1   1   1   1   1   1 |     ACA   3   2   2   2   2   2 | Lys AAA   2   2   2   2   2   2 | Arg AGA   0   0   0   0   0   0
Met ATG   2   2   2   2   2   2 |     ACG   0   0   0   0   0   0 |     AAG   2   2   2   2   2   2 |     AGG   1   1   1   1   1   1
--------------------------------------------------------------------------------------------------------------------------------------
Val GTT   0   0   0   0   0   0 | Ala GCT   2   3   2   2   3   2 | Asp GAT   2   2   3   2   2   2 | Gly GGT   0   0   0   0   0   0
    GTC   0   0   0   0   0   0 |     GCC   2   1   2   2   1   2 |     GAC   4   4   3   4   4   4 |     GGC   0   0   0   0   0   0
    GTA   0   0   1   0   0   0 |     GCA   2   2   2   2   2   2 | Glu GAA   0   0   0   0   0   1 |     GGA   0   0   0   0   0   0
    GTG   3   3   2   3   3   3 |     GCG   1   1   1   1   1   1 |     GAG   3   3   3   3   3   2 |     GGG   1   1   1   1   1   1
--------------------------------------------------------------------------------------------------------------------------------------

--------------------------------------------------------------------------------------------------------------------------------------
Phe TTT   0   0   0   0   0   0 | Ser TCT   1   1   1   1   1   1 | Tyr TAT   0   0   0   0   0   0 | Cys TGT   0   0   0   0   0   0
    TTC   3   3   3   3   3   3 |     TCC   0   0   0   0   0   0 |     TAC   1   1   1   1   1   1 |     TGC   0   0   0   0   0   0
Leu TTA   0   0   0   0   0   0 |     TCA   1   0   0   0   0   0 | *** TAA   0   0   0   0   0   0 | *** TGA   0   0   0   0   0   0
    TTG   1   0   1   1   1   1 |     TCG   0   1   1   1   1   1 |     TAG   0   0   0   0   0   0 | Trp TGG   1   1   1   1   1   1
--------------------------------------------------------------------------------------------------------------------------------------
Leu CTT   1   0   0   0   0   0 | Pro CCT   1   1   1   1   1   1 | His CAT   0   0   0   0   0   0 | Arg CGT   0   0   0   0   0   0
    CTC   2   3   3   3   3   3 |     CCC   0   0   0   0   0   0 |     CAC   1   1   1   1   1   1 |     CGC   2   2   2   2   2   2
    CTA   0   0   0   0   0   0 |     CCA   0   0   0   0   0   0 | Gln CAA   1   1   1   1   1   1 |     CGA   0   0   0   0   0   0
    CTG   4   5   4   4   4   4 |     CCG   1   1   1   1   1   1 |     CAG   3   3   3   3   3   3 |     CGG   2   2   2   2   2   2
--------------------------------------------------------------------------------------------------------------------------------------
Ile ATT   0   0   0   0   0   0 | Thr ACT   0   1   1   1   1   1 | Asn AAT   0   1   0   0   0   0 | Ser AGT   0   0   0   1   0   0
    ATC   4   4   4   4   4   4 |     ACC   4   3   3   3   3   3 |     AAC   5   4   5   5   5   5 |     AGC   2   2   2   1   2   2
    ATA   1   1   1   1   1   1 |     ACA   2   2   2   2   2   2 | Lys AAA   2   2   2   2   2   2 | Arg AGA   0   0   0   0   0   0
Met ATG   2   2   2   2   2   2 |     ACG   0   0   0   0   0   0 |     AAG   2   2   2   2   2   2 |     AGG   1   1   1   1   1   1
--------------------------------------------------------------------------------------------------------------------------------------
Val GTT   0   0   0   0   0   0 | Ala GCT   3   3   3   2   2   2 | Asp GAT   2   2   2   3   3   3 | Gly GGT   0   0   0   0   0   0
    GTC   0   0   0   0   0   0 |     GCC   1   1   1   2   2   2 |     GAC   4   4   4   3   3   3 |     GGC   0   0   0   0   0   0
    GTA   0   0   0   0   0   0 |     GCA   2   2   2   3   2   2 | Glu GAA   0   0   0   0   0   0 |     GGA   0   0   0   0   0   0
    GTG   3   3   3   3   3   3 |     GCG   1   1   1   0   1   1 |     GAG   3   3   3   3   3   3 |     GGG   1   1   1   1   1   1
--------------------------------------------------------------------------------------------------------------------------------------

Codon position x base (3x4) table for each sequence.

#1: Argali         
position  1:    T:0.11268    C:0.26761    A:0.33803    G:0.28169
position  2:    T:0.29577    C:0.23944    A:0.33803    G:0.12676
position  3:    T:0.11268    C:0.42254    A:0.11268    G:0.35211
Average         T:0.17371    C:0.30986    A:0.26291    G:0.25352

#2: LesserMouseDeer
position  1:    T:0.09859    C:0.26761    A:0.29577    G:0.33803
position  2:    T:0.29577    C:0.23944    A:0.29577    G:0.16901
position  3:    T:0.11268    C:0.40845    A:0.05634    G:0.42254
Average         T:0.16901    C:0.30516    A:0.21596    G:0.30986

#3: LesserKudu     
position  1:    T:0.11268    C:0.25352    A:0.35211    G:0.28169
position  2:    T:0.29577    C:0.23944    A:0.33803    G:0.12676
position  3:    T:0.12676    C:0.39437    A:0.11268    G:0.36620
Average         T:0.17840    C:0.29577    A:0.26761    G:0.25822

#4: ForestMuskDeer2
position  1:    T:0.11268    C:0.25352    A:0.35211    G:0.28169
position  2:    T:0.29577    C:0.23944    A:0.33803    G:0.12676
position  3:    T:0.12676    C:0.39437    A:0.12676    G:0.35211
Average         T:0.17840    C:0.29577    A:0.27230    G:0.25352

#5: Camel          
position  1:    T:0.11268    C:0.26761    A:0.35211    G:0.26761
position  2:    T:0.29577    C:0.23944    A:0.33803    G:0.12676
position  3:    T:0.15493    C:0.36620    A:0.15493    G:0.32394
Average         T:0.18779    C:0.29108    A:0.28169    G:0.23944

#6: KillerWhale    
position  1:    T:0.11268    C:0.25352    A:0.35211    G:0.28169
position  2:    T:0.29577    C:0.23944    A:0.33803    G:0.12676
position  3:    T:0.14085    C:0.38028    A:0.14085    G:0.33803
Average         T:0.18310    C:0.29108    A:0.27700    G:0.24883

#7: DefassaWaterbuck
position  1:    T:0.11268    C:0.25352    A:0.35211    G:0.28169
position  2:    T:0.29577    C:0.23944    A:0.33803    G:0.12676
position  3:    T:0.12676    C:0.39437    A:0.11268    G:0.36620
Average         T:0.17840    C:0.29577    A:0.26761    G:0.25822

#8: Sheep          
position  1:    T:0.11268    C:0.26761    A:0.33803    G:0.28169
position  2:    T:0.29577    C:0.23944    A:0.33803    G:0.12676
position  3:    T:0.11268    C:0.42254    A:0.11268    G:0.35211
Average         T:0.17371    C:0.30986    A:0.26291    G:0.25352

#9: MaxwellsDuiker 
position  1:    T:0.11268    C:0.25352    A:0.35211    G:0.28169
position  2:    T:0.29577    C:0.23944    A:0.33803    G:0.12676
position  3:    T:0.09859    C:0.42254    A:0.12676    G:0.35211
Average         T:0.16901    C:0.30516    A:0.27230    G:0.25352

#10: GazellaPrzewalskyi
position  1:    T:0.11268    C:0.25352    A:0.33803    G:0.29577
position  2:    T:0.29577    C:0.23944    A:0.29577    G:0.16901
position  3:    T:0.11268    C:0.40845    A:0.11268    G:0.36620
Average         T:0.17371    C:0.30047    A:0.24883    G:0.27700

#11: MountainNyala  
position  1:    T:0.11268    C:0.25352    A:0.35211    G:0.28169
position  2:    T:0.29577    C:0.23944    A:0.33803    G:0.12676
position  3:    T:0.11268    C:0.40845    A:0.11268    G:0.36620
Average         T:0.17371    C:0.30047    A:0.26761    G:0.25822

#12: MuntiacusMuntjak
position  1:    T:0.11268    C:0.25352    A:0.35211    G:0.28169
position  2:    T:0.29577    C:0.23944    A:0.33803    G:0.12676
position  3:    T:0.12676    C:0.39437    A:0.14085    G:0.33803
Average         T:0.17840    C:0.29577    A:0.27700    G:0.24883

#13: goat           
position  1:    T:0.11268    C:0.25352    A:0.35211    G:0.28169
position  2:    T:0.29577    C:0.23944    A:0.33803    G:0.12676
position  3:    T:0.09859    C:0.42254    A:0.11268    G:0.36620
Average         T:0.16901    C:0.30516    A:0.26761    G:0.25822

#14: AfricanBuffalo 
position  1:    T:0.11268    C:0.25352    A:0.35211    G:0.28169
position  2:    T:0.29577    C:0.23944    A:0.33803    G:0.12676
position  3:    T:0.09859    C:0.42254    A:0.11268    G:0.36620
Average         T:0.16901    C:0.30516    A:0.26761    G:0.25822

#15: Topi           
position  1:    T:0.11268    C:0.25352    A:0.35211    G:0.28169
position  2:    T:0.29577    C:0.23944    A:0.33803    G:0.12676
position  3:    T:0.11268    C:0.40845    A:0.14085    G:0.33803
Average         T:0.17371    C:0.30047    A:0.27700    G:0.24883

#16: CommonDuiker   
position  1:    T:0.11268    C:0.25352    A:0.35211    G:0.28169
position  2:    T:0.29577    C:0.23944    A:0.33803    G:0.12676
position  3:    T:0.11268    C:0.40845    A:0.12676    G:0.35211
Average         T:0.17371    C:0.30047    A:0.27230    G:0.25352

#17: Suni           
position  1:    T:0.11268    C:0.25352    A:0.35211    G:0.28169
position  2:    T:0.26761    C:0.28169    A:0.32394    G:0.12676
position  3:    T:0.09859    C:0.40845    A:0.11268    G:0.38028
Average         T:0.15962    C:0.31455    A:0.26291    G:0.26291

#18: Springbuck     
position  1:    T:0.11268    C:0.25352    A:0.35211    G:0.28169
position  2:    T:0.29577    C:0.23944    A:0.32394    G:0.14085
position  3:    T:0.12676    C:0.40845    A:0.12676    G:0.33803
Average         T:0.17840    C:0.30047    A:0.26761    G:0.25352

#19: Okapi          
position  1:    T:0.11268    C:0.23944    A:0.36620    G:0.28169
position  2:    T:0.29577    C:0.23944    A:0.33803    G:0.12676
position  3:    T:0.11268    C:0.40845    A:0.12676    G:0.35211
Average         T:0.17371    C:0.29577    A:0.27700    G:0.25352

#20: Giraffe        
position  1:    T:0.11268    C:0.25352    A:0.35211    G:0.28169
position  2:    T:0.29577    C:0.23944    A:0.33803    G:0.12676
position  3:    T:0.09859    C:0.42254    A:0.14085    G:0.33803
Average         T:0.16901    C:0.30516    A:0.27700    G:0.24883

#21: TibetanAntelope
position  1:    T:0.11268    C:0.25352    A:0.35211    G:0.28169
position  2:    T:0.29577    C:0.23944    A:0.33803    G:0.12676
position  3:    T:0.09859    C:0.42254    A:0.11268    G:0.36620
Average         T:0.16901    C:0.30516    A:0.26761    G:0.25822

#22: Sitatunga      
position  1:    T:0.11268    C:0.25352    A:0.35211    G:0.28169
position  2:    T:0.29577    C:0.23944    A:0.33803    G:0.12676
position  3:    T:0.11268    C:0.40845    A:0.11268    G:0.36620
Average         T:0.17371    C:0.30047    A:0.26761    G:0.25822

#23: Oribi          
position  1:    T:0.11268    C:0.25352    A:0.35211    G:0.28169
position  2:    T:0.29577    C:0.23944    A:0.35211    G:0.11268
position  3:    T:0.11268    C:0.39437    A:0.12676    G:0.36620
Average         T:0.17371    C:0.29577    A:0.27700    G:0.25352

#24: BarbarySheep   
position  1:    T:0.11268    C:0.25352    A:0.35211    G:0.28169
position  2:    T:0.29577    C:0.23944    A:0.33803    G:0.12676
position  3:    T:0.12676    C:0.39437    A:0.11268    G:0.36620
Average         T:0.17840    C:0.29577    A:0.26761    G:0.25822

#25: Daviddeer      
position  1:    T:0.11268    C:0.25352    A:0.35211    G:0.28169
position  2:    T:0.29577    C:0.23944    A:0.33803    G:0.12676
position  3:    T:0.11268    C:0.40845    A:0.12676    G:0.35211
Average         T:0.17371    C:0.30047    A:0.27230    G:0.25352

#26: Reindeer       
position  1:    T:0.11268    C:0.25352    A:0.35211    G:0.28169
position  2:    T:0.29577    C:0.23944    A:0.33803    G:0.12676
position  3:    T:0.12676    C:0.40845    A:0.11268    G:0.35211
Average         T:0.17840    C:0.30047    A:0.26761    G:0.25352

#27: Ibex           
position  1:    T:0.11268    C:0.25352    A:0.35211    G:0.28169
position  2:    T:0.29577    C:0.23944    A:0.33803    G:0.12676
position  3:    T:0.11268    C:0.40845    A:0.11268    G:0.36620
Average         T:0.17371    C:0.30047    A:0.26761    G:0.25822

#28: GyrantGazelle  
position  1:    T:0.11268    C:0.25352    A:0.35211    G:0.28169
position  2:    T:0.29577    C:0.23944    A:0.32394    G:0.14085
position  3:    T:0.12676    C:0.40845    A:0.12676    G:0.33803
Average         T:0.17840    C:0.30047    A:0.26761    G:0.25352

#29: Hartebeest     
position  1:    T:0.11268    C:0.25352    A:0.35211    G:0.28169
position  2:    T:0.29577    C:0.23944    A:0.33803    G:0.12676
position  3:    T:0.11268    C:0.40845    A:0.15493    G:0.32394
Average         T:0.17371    C:0.30047    A:0.28169    G:0.24413

#30: Bongo          
position  1:    T:0.11268    C:0.25352    A:0.35211    G:0.28169
position  2:    T:0.29577    C:0.23944    A:0.33803    G:0.12676
position  3:    T:0.11268    C:0.40845    A:0.11268    G:0.36620
Average         T:0.17371    C:0.30047    A:0.26761    G:0.25822

#31: Gerenuk        
position  1:    T:0.11268    C:0.25352    A:0.35211    G:0.28169
position  2:    T:0.29577    C:0.23944    A:0.32394    G:0.14085
position  3:    T:0.12676    C:0.40845    A:0.14085    G:0.32394
Average         T:0.17840    C:0.30047    A:0.27230    G:0.24883

#32: CommonEland    
position  1:    T:0.11268    C:0.25352    A:0.35211    G:0.28169
position  2:    T:0.29577    C:0.23944    A:0.33803    G:0.12676
position  3:    T:0.11268    C:0.40845    A:0.12676    G:0.35211
Average         T:0.17371    C:0.30047    A:0.27230    G:0.25352

#33: MuntiacusReevesi
position  1:    T:0.11268    C:0.25352    A:0.35211    G:0.28169
position  2:    T:0.29577    C:0.23944    A:0.33803    G:0.12676
position  3:    T:0.12676    C:0.39437    A:0.15493    G:0.32394
Average         T:0.17840    C:0.29577    A:0.28169    G:0.24413

#34: HarveysDuiker  
position  1:    T:0.11268    C:0.25352    A:0.35211    G:0.28169
position  2:    T:0.29577    C:0.23944    A:0.33803    G:0.12676
position  3:    T:0.11268    C:0.40845    A:0.11268    G:0.36620
Average         T:0.17371    C:0.30047    A:0.26761    G:0.25822

#35: Pronghorn      
position  1:    T:0.11268    C:0.25352    A:0.35211    G:0.28169
position  2:    T:0.29577    C:0.23944    A:0.33803    G:0.12676
position  3:    T:0.12676    C:0.40845    A:0.11268    G:0.35211
Average         T:0.17840    C:0.30047    A:0.26761    G:0.25352

#36: BlueWildebeest 
position  1:    T:0.11268    C:0.25352    A:0.35211    G:0.28169
position  2:    T:0.29577    C:0.23944    A:0.33803    G:0.12676
position  3:    T:0.11268    C:0.40845    A:0.12676    G:0.35211
Average         T:0.17371    C:0.30047    A:0.27230    G:0.25352

#37: Gemsbok        
position  1:    T:0.11268    C:0.25352    A:0.35211    G:0.28169
position  2:    T:0.29577    C:0.23944    A:0.33803    G:0.12676
position  3:    T:0.12676    C:0.39437    A:0.11268    G:0.36620
Average         T:0.17840    C:0.29577    A:0.26761    G:0.25822

#38: Yak            
position  1:    T:0.11268    C:0.25352    A:0.35211    G:0.28169
position  2:    T:0.29577    C:0.23944    A:0.33803    G:0.12676
position  3:    T:0.11268    C:0.40845    A:0.12676    G:0.35211
Average         T:0.17371    C:0.30047    A:0.27230    G:0.25352

#39: BlueSheep      
position  1:    T:0.11268    C:0.25352    A:0.35211    G:0.28169
position  2:    T:0.29577    C:0.23944    A:0.33803    G:0.12676
position  3:    T:0.09859    C:0.42254    A:0.11268    G:0.36620
Average         T:0.16901    C:0.30516    A:0.26761    G:0.25822

#40: BohorReedbuck  
position  1:    T:0.11268    C:0.25352    A:0.35211    G:0.28169
position  2:    T:0.29577    C:0.23944    A:0.33803    G:0.12676
position  3:    T:0.09859    C:0.42254    A:0.11268    G:0.36620
Average         T:0.16901    C:0.30516    A:0.26761    G:0.25822

#41: KirksDik       
position  1:    T:0.11268    C:0.25352    A:0.35211    G:0.28169
position  2:    T:0.29577    C:0.23944    A:0.33803    G:0.12676
position  3:    T:0.14085    C:0.39437    A:0.11268    G:0.35211
Average         T:0.18310    C:0.29577    A:0.26761    G:0.25352

#42: RoeDeer        
position  1:    T:0.11268    C:0.25352    A:0.35211    G:0.28169
position  2:    T:0.29577    C:0.23944    A:0.33803    G:0.12676
position  3:    T:0.11268    C:0.40845    A:0.12676    G:0.35211
Average         T:0.17371    C:0.30047    A:0.27230    G:0.25352

#43: WhiteLippedDeer
position  1:    T:0.11268    C:0.25352    A:0.35211    G:0.28169
position  2:    T:0.29577    C:0.23944    A:0.33803    G:0.12676
position  3:    T:0.09859    C:0.40845    A:0.14085    G:0.35211
Average         T:0.16901    C:0.30047    A:0.27700    G:0.25352

#44: ThomsonGazelle 
position  1:    T:0.11268    C:0.25352    A:0.35211    G:0.28169
position  2:    T:0.29577    C:0.23944    A:0.32394    G:0.14085
position  3:    T:0.12676    C:0.40845    A:0.12676    G:0.33803
Average         T:0.17840    C:0.30047    A:0.26761    G:0.25352

#45: MuntiacusCrinifrons
position  1:    T:0.11268    C:0.25352    A:0.35211    G:0.28169
position  2:    T:0.29577    C:0.23944    A:0.33803    G:0.12676
position  3:    T:0.11268    C:0.40845    A:0.14085    G:0.33803
Average         T:0.17371    C:0.30047    A:0.27700    G:0.24883

#46: WhiteTailedDeer
position  1:    T:0.11268    C:0.25352    A:0.35211    G:0.28169
position  2:    T:0.29577    C:0.23944    A:0.33803    G:0.12676
position  3:    T:0.11268    C:0.40845    A:0.11268    G:0.36620
Average         T:0.17371    C:0.30047    A:0.26761    G:0.25822

#47: Cattle         
position  1:    T:0.11268    C:0.25352    A:0.35211    G:0.28169
position  2:    T:0.29577    C:0.23944    A:0.33803    G:0.12676
position  3:    T:0.11268    C:0.40845    A:0.11268    G:0.36620
Average         T:0.17371    C:0.30047    A:0.26761    G:0.25822

#48: RoyalAntelope  
position  1:    T:0.11268    C:0.25352    A:0.35211    G:0.28169
position  2:    T:0.29577    C:0.23944    A:0.33803    G:0.12676
position  3:    T:0.09859    C:0.42254    A:0.12676    G:0.35211
Average         T:0.16901    C:0.30516    A:0.27230    G:0.25352

#49: Steenbok       
position  1:    T:0.11268    C:0.25352    A:0.35211    G:0.28169
position  2:    T:0.29577    C:0.23944    A:0.33803    G:0.12676
position  3:    T:0.11268    C:0.40845    A:0.12676    G:0.35211
Average         T:0.17371    C:0.30047    A:0.27230    G:0.25352

#50: Impala         
position  1:    T:0.09859    C:0.26761    A:0.35211    G:0.28169
position  2:    T:0.29577    C:0.23944    A:0.33803    G:0.12676
position  3:    T:0.12676    C:0.39437    A:0.11268    G:0.36620
Average         T:0.17371    C:0.30047    A:0.26761    G:0.25822

#51: Klipspringer   
position  1:    T:0.11268    C:0.25352    A:0.35211    G:0.28169
position  2:    T:0.29577    C:0.23944    A:0.33803    G:0.12676
