CODONML (in paml version 4.10.7, June 2023)  /home/rachel/ruminants_paml/6406-phy-tree/ENSBTAT00000005785.fasta.phy
Model: free dN/dS Ratios for branches,  kappa = 2.000 fixed

Codon frequency model: F3x4
ns =  54  ls =  18

Codon usage in sequences
--------------------------------------------------------------------------------------------------------------------------------------
Phe TTT   0   0   0   0   0   0 | Ser TCT   1   0   1   1   0   0 | Tyr TAT   1   1   1   1   1   1 | Cys TGT   0   0   0   0   0   0
    TTC   0   0   0   0   0   0 |     TCC   1   1   1   1   0   0 |     TAC   1   1   1   1   1   1 |     TGC   0   0   0   0   0   0
Leu TTA   0   0   0   0   0   0 |     TCA   0   0   0   0   1   1 | *** TAA   0   0   0   0   0   0 | *** TGA   0   0   0   0   0   0
    TTG   0   0   0   0   0   0 |     TCG   0   0   0   0   0   0 |     TAG   0   0   0   0   0   0 | Trp TGG   1   1   1   1   1   1
--------------------------------------------------------------------------------------------------------------------------------------
Leu CTT   0   0   0   0   0   0 | Pro CCT   0   0   0   0   0   0 | His CAT   0   0   0   0   0   0 | Arg CGT   0   0   0   0   0   0
    CTC   0   0   0   0   0   0 |     CCC   0   0   0   0   0   0 |     CAC   0   0   0   0   0   0 |     CGC   0   0   0   0   0   0
    CTA   0   0   0   0   0   0 |     CCA   0   0   0   0   0   0 | Gln CAA   0   0   0   0   0   0 |     CGA   1   1   1   1   1   1
    CTG   0   0   0   0   0   0 |     CCG   0   1   0   0   0   0 |     CAG   1   1   1   1   1   1 |     CGG   0   0   0   0   0   0
--------------------------------------------------------------------------------------------------------------------------------------
Ile ATT   1   1   1   1   0   1 | Thr ACT   1   1   1   1   2   1 | Asn AAT   0   0   0   0   0   0 | Ser AGT   0   0   0   0   0   1
    ATC   1   1   1   1   2   1 |     ACC   0   0   0   0   0   0 |     AAC   0   0   0   0   0   0 |     AGC   0   0   0   0   0   0
    ATA   0   0   0   0   0   0 |     ACA   1   1   1   1   1   1 | Lys AAA   0   0   0   0   0   0 | Arg AGA   1   1   1   1   1   1
Met ATG   0   0   0   0   0   0 |     ACG   0   0   0   0   0   0 |     AAG   1   1   1   1   1   1 |     AGG   0   0   0   0   0   0
--------------------------------------------------------------------------------------------------------------------------------------
Val GTT   0   0   0   0   0   0 | Ala GCT   0   2   0   0   0   0 | Asp GAT   0   0   0   0   0   0 | Gly GGT   1   1   1   1   1   1
    GTC   1   1   1   1   1   1 |     GCC   1   0   1   1   1   1 |     GAC   1   0   1   1   1   0 |     GGC   0   0   0   0   0   1
    GTA   0   0   0   0   0   0 |     GCA   0   0   0   0   0   0 | Glu GAA   0   0   0   0   0   0 |     GGA   0   0   0   0   0   0
    GTG   1   1   1   1   1   1 |     GCG   0   0   0   0   0   0 |     GAG   0   0   0   0   0   0 |     GGG   0   0   0   0   0   0
--------------------------------------------------------------------------------------------------------------------------------------

--------------------------------------------------------------------------------------------------------------------------------------
Phe TTT   0   0   0   0   0   0 | Ser TCT   1   1   1   1   1   1 | Tyr TAT   1   1   1   1   1   1 | Cys TGT   0   0   0   0   0   0
    TTC   0   0   0   0   0   0 |     TCC   1   1   1   1   1   1 |     TAC   1   1   1   1   1   1 |     TGC   0   0   0   0   0   0
Leu TTA   0   0   0   0   0   0 |     TCA   0   0   0   0   0   0 | *** TAA   0   0   0   0   0   0 | *** TGA   0   0   0   0   0   0
    TTG   0   0   0   0   0   0 |     TCG   0   0   0   0   0   0 |     TAG   0   0   0   0   0   0 | Trp TGG   1   1   1   1   1   1
--------------------------------------------------------------------------------------------------------------------------------------
Leu CTT   0   0   0   0   0   0 | Pro CCT   0   0   0   0   0   0 | His CAT   0   0   0   0   0   0 | Arg CGT   0   0   0   0   0   0
    CTC   0   0   0   0   0   0 |     CCC   0   0   0   0   0   0 |     CAC   0   0   0   0   0   0 |     CGC   0   0   0   0   0   0
    CTA   0   0   0   0   0   0 |     CCA   0   0   0   0   0   0 | Gln CAA   0   0   0   0   1   0 |     CGA   1   1   1   1   1   1
    CTG   0   0   0   0   0   0 |     CCG   0   0   0   0   0   0 |     CAG   1   1   1   1   0   1 |     CGG   0   0   0   0   0   0
--------------------------------------------------------------------------------------------------------------------------------------
Ile ATT   1   1   1   1   1   1 | Thr ACT   1   1   1   1   1   1 | Asn AAT   0   0   0   0   0   0 | Ser AGT   0   0   0   0   0   0
    ATC   1   1   1   1   1   1 |     ACC   0   0   0   0   0   0 |     AAC   0   0   1   0   0   0 |     AGC   0   0   0   0   0   0
    ATA   0   0   0   0   0   0 |     ACA   1   1   1   1   1   1 | Lys AAA   0   0   0   1   0   0 | Arg AGA   1   1   1   1   1   1
Met ATG   0   0   0   0   0   0 |     ACG   0   0   0   0   0   0 |     AAG   1   1   1   0   1   1 |     AGG   0   0   0   0   0   0
--------------------------------------------------------------------------------------------------------------------------------------
Val GTT   0   0   0   0   0   0 | Ala GCT   0   0   0   0   0   0 | Asp GAT   0   0   0   0   0   0 | Gly GGT   1   1   1   1   1   1
    GTC   1   1   1   1   1   1 |     GCC   1   1   1   1   1   1 |     GAC   1   1   0   0   1   1 |     GGC   0   0   0   0   0   0
    GTA   0   0   0   0   0   0 |     GCA   0   0   0   0   0   0 | Glu GAA   0   0   0   1   0   0 |     GGA   0   0   0   0   0   0
    GTG   1   1   1   1   1   1 |     GCG   0   0   0   0   0   0 |     GAG   0   0   0   0   0   0 |     GGG   0   0   0   0   0   0
--------------------------------------------------------------------------------------------------------------------------------------

--------------------------------------------------------------------------------------------------------------------------------------
Phe TTT   0   0   0   0   0   0 | Ser TCT   1   1   1   1   1   1 | Tyr TAT   1   1   1   1   1   1 | Cys TGT   0   0   0   0   0   0
    TTC   0   0   0   0   0   0 |     TCC   1   1   1   1   1   1 |     TAC   1   1   1   1   1   1 |     TGC   0   0   0   0   0   0
Leu TTA   0   0   0   0   0   0 |     TCA   0   0   0   0   0   0 | *** TAA   0   0   0   0   0   0 | *** TGA   0   0   0   0   0   0
    TTG   0   0   0   0   0   0 |     TCG   0   0   0   0   0   0 |     TAG   0   0   0   0   0   0 | Trp TGG   1   1   1   1   1   1
--------------------------------------------------------------------------------------------------------------------------------------
Leu CTT   0   0   0   0   0   0 | Pro CCT   0   0   0   0   0   0 | His CAT   0   0   0   0   0   0 | Arg CGT   0   0   0   0   0   0
    CTC   0   0   0   0   0   0 |     CCC   0   0   0   0   0   0 |     CAC   0   0   0   0   0   0 |     CGC   0   0   0   0   0   0
    CTA   0   0   0   0   0   0 |     CCA   0   0   0   0   0   0 | Gln CAA   0   0   0   0   0   0 |     CGA   1   1   1   1   1   1
    CTG   0   0   0   0   0   0 |     CCG   0   0   0   0   0   0 |     CAG   1   1   1   1   1   1 |     CGG   0   0   0   0   0   0
--------------------------------------------------------------------------------------------------------------------------------------
Ile ATT   1   1   1   1   1   1 | Thr ACT   1   1   1   1   1   1 | Asn AAT   0   0   0   0   0   0 | Ser AGT   0   0   0   0   0   0
    ATC   1   1   1   1   1   1 |     ACC   0   0   1   0   0   0 |     AAC   0   0   0   0   0   1 |     AGC   0   0   0   0   0   0
    ATA   0   0   0   0   0   0 |     ACA   1   1   1   1   1   1 | Lys AAA   0   0   0   0   0   0 | Arg AGA   1   1   1   1   1   1
Met ATG   0   0   0   0   0   0 |     ACG   0   0   0   0   0   0 |     AAG   1   1   1   1   1   1 |     AGG   0   0   0   0   0   0
--------------------------------------------------------------------------------------------------------------------------------------
Val GTT   0   0   0   0   0   0 | Ala GCT   0   0   0   0   0   0 | Asp GAT   0   0   0   0   0   0 | Gly GGT   1   1   1   1   1   1
    GTC   1   1   1   1   1   1 |     GCC   1   1   0   1   1   1 |     GAC   1   1   1   1   1   0 |     GGC   0   0   0   0   0   0
    GTA   0   0   0   0   0   0 |     GCA   0   0   0   0   0   0 | Glu GAA   0   0   0   0   0   0 |     GGA   0   0   0   0   0   0
    GTG   1   1   1   1   1   1 |     GCG   0   0   0   0   0   0 |     GAG   0   0   0   0   0   0 |     GGG   0   0   0   0   0   0
--------------------------------------------------------------------------------------------------------------------------------------

--------------------------------------------------------------------------------------------------------------------------------------
Phe TTT   0   0   0   0   0   0 | Ser TCT   1   1   1   1   1   1 | Tyr TAT   1   1   1   1   1   1 | Cys TGT   0   0   0   0   0   0
    TTC   0   0   0   0   0   0 |     TCC   1   1   1   1   1   1 |     TAC   1   1   1   1   1   1 |     TGC   0   0   0   0   0   0
Leu TTA   0   0   0   0   0   0 |     TCA   0   0   0   0   0   0 | *** TAA   0   0   0   0   0   0 | *** TGA   0   0   0   0   0   0
    TTG   0   0   0   0   0   0 |     TCG   0   0   0   0   0   0 |     TAG   0   0   0   0   0   0 | Trp TGG   1   1   1   1   1   1
--------------------------------------------------------------------------------------------------------------------------------------
Leu CTT   0   0   0   0   0   0 | Pro CCT   0   0   0   0   0   0 | His CAT   0   0   0   0   0   0 | Arg CGT   0   0   0   0   0   0
    CTC   0   0   0   0   0   0 |     CCC   0   0   0   0   0   0 |     CAC   0   0   0   0   0   0 |     CGC   0   0   0   0   0   0
    CTA   0   0   0   0   0   0 |     CCA   0   0   0   0   0   0 | Gln CAA   0   0   0   0   0   0 |     CGA   1   1   0   1   1   1
    CTG   0   0   0   0   0   0 |     CCG   0   0   0   0   0   0 |     CAG   1   1   1   1   1   1 |     CGG   0   0   0   0   0   0
--------------------------------------------------------------------------------------------------------------------------------------
Ile ATT   1   1   1   1   1   1 | Thr ACT   1   1   1   1   1   1 | Asn AAT   0   0   0   0   0   0 | Ser AGT   0   0   0   0   0   0
    ATC   1   1   1   1   1   1 |     ACC   0   1   0   0   0   0 |     AAC   0   0   0   0   0   0 |     AGC   0   0   0   0   0   0
    ATA   0   0   0   0   0   0 |     ACA   1   1   1   1   1   1 | Lys AAA   0   0   0   0   0   0 | Arg AGA   1   1   2   1   1   1
Met ATG   0   0   0   0   0   0 |     ACG   0   0   0   0   0   0 |     AAG   1   1   1   1   1   1 |     AGG   0   0   0   0   0   0
--------------------------------------------------------------------------------------------------------------------------------------
Val GTT   0   0   0   0   0   0 | Ala GCT   0   0   0   0   0   0 | Asp GAT   0   0   0   0   0   0 | Gly GGT   1   1   1   1   1   1
    GTC   1   1   1   1   1   1 |     GCC   1   0   1   1   1   1 |     GAC   0   0   1   1   1   1 |     GGC   1   1   0   0   0   0
    GTA   0   0   0   0   0   0 |     GCA   0   0   0   0   0   0 | Glu GAA   0   0   0   0   0   0 |     GGA   0   0   0   0   0   0
    GTG   1   1   1   1   1   1 |     GCG   0   0   0   0   0   0 |     GAG   0   0   0   0   0   0 |     GGG   0   0   0   0   0   0
--------------------------------------------------------------------------------------------------------------------------------------

--------------------------------------------------------------------------------------------------------------------------------------
Phe TTT   0   0   0   0   0   0 | Ser TCT   1   1   1   1   1   1 | Tyr TAT   1   1   1   1   1   1 | Cys TGT   0   0   0   0   0   0
    TTC   0   0   0   0   0   0 |     TCC   1   1   1   1   1   1 |     TAC   1   1   1   1   1   1 |     TGC   0   0   0   0   0   0
Leu TTA   0   0   0   0   0   0 |     TCA   0   0   0   0   0   0 | *** TAA   0   0   0   0   0   0 | *** TGA   0   0   0   0   0   0
    TTG   0   0   0   0   0   0 |     TCG   0   0   0   0   0   0 |     TAG   0   0   0   0   0   0 | Trp TGG   1   1   1   1   1   1
--------------------------------------------------------------------------------------------------------------------------------------
Leu CTT   0   0   0   0   0   0 | Pro CCT   0   0   0   0   0   0 | His CAT   0   0   0   0   0   0 | Arg CGT   0   0   0   0   0   0
    CTC   0   0   0   0   0   0 |     CCC   0   0   0   0   0   0 |     CAC   0   0   0   0   0   0 |     CGC   0   0   0   0   0   0
    CTA   0   0   0   0   0   0 |     CCA   0   0   0   0   0   0 | Gln CAA   0   0   0   0   0   0 |     CGA   1   1   1   1   1   1
    CTG   0   0   0   0   0   0 |     CCG   0   0   0   0   0   0 |     CAG   0   1   1   1   1   1 |     CGG   1   0   0   0   0   0
--------------------------------------------------------------------------------------------------------------------------------------
Ile ATT   1   1   1   1   1   1 | Thr ACT   1   1   1   1   1   1 | Asn AAT   0   0   0   0   0   0 | Ser AGT   0   0   0   0   0   0
    ATC   1   1   1   1   1   1 |     ACC   0   0   0   0   0   0 |     AAC   0   0   0   1   0   0 |     AGC   0   0   0   0   0   0
    ATA   0   0   0   0   0   0 |     ACA   1   1   1   1   1   1 | Lys AAA   0   0   0   0   0   0 | Arg AGA   1   1   1   1   1   1
Met ATG   0   0   0   0   0   0 |     ACG   0   0   0   0   0   0 |     AAG   1   1   1   1   1   1 |     AGG   0   0   0   0   0   0
--------------------------------------------------------------------------------------------------------------------------------------
Val GTT   0   0   0   0   0   0 | Ala GCT   0   0   0   0   0   0 | Asp GAT   0   0   0   0   0   0 | Gly GGT   1   1   1   1   1   1
    GTC   1   1   1   1   1   1 |     GCC   1   1   1   1   1   1 |     GAC   1   1   1   0   1   1 |     GGC   0   0   0   0   0   0
    GTA   0   0   0   0   0   0 |     GCA   0   0   0   0   0   0 | Glu GAA   0   0   0   0   0   0 |     GGA   0   0   0   0   0   0
    GTG   1   1   1   1   1   1 |     GCG   0   0   0   0   0   0 |     GAG   0   0   0   0   0   0 |     GGG   0   0   0   0   0   0
--------------------------------------------------------------------------------------------------------------------------------------

--------------------------------------------------------------------------------------------------------------------------------------
Phe TTT   0   0   0   0   0   0 | Ser TCT   1   1   1   1   1   1 | Tyr TAT   1   1   1   1   1   1 | Cys TGT   0   0   0   0   0   0
    TTC   0   0   0   0   0   0 |     TCC   1   1   1   1   1   1 |     TAC   1   1   1   1   1   1 |     TGC   0   0   0   0   0   0
Leu TTA   0   0   0   0   0   0 |     TCA   0   0   0   0   0   0 | *** TAA   0   0   0   0   0   0 | *** TGA   0   0   0   0   0   0
    TTG   0   0   0   0   0   0 |     TCG   0   0   0   0   0   0 |     TAG   0   0   0   0   0   0 | Trp TGG   1   1   1   1   1   1
--------------------------------------------------------------------------------------------------------------------------------------
Leu CTT   0   0   0   0   0   0 | Pro CCT   0   0   0   0   0   0 | His CAT   0   0   0   0   0   0 | Arg CGT   0   0   0   0   0   0
    CTC   0   0   0   0   0   0 |     CCC   0   0   0   0   0   0 |     CAC   0   0   0   0   0   0 |     CGC   0   0   0   0   0   0
    CTA   0   0   0   0   0   0 |     CCA   0   0   0   0   0   0 | Gln CAA   0   0   0   0   0   0 |     CGA   1   1   1   1   1   1
    CTG   0   0   0   0   0   0 |     CCG   0   0   0   0   0   0 |     CAG   1   1   1   1   1   1 |     CGG   0   0   0   0   0   0
--------------------------------------------------------------------------------------------------------------------------------------
Ile ATT   1   2   1   1   1   1 | Thr ACT   1   1   1   1   1   1 | Asn AAT   0   0   0   0   0   0 | Ser AGT   0   0   0   0   0   0
    ATC   1   0   1   1   1   1 |     ACC   0   0   0   0   0   0 |     AAC   1   0   0   0   0   0 |     AGC   0   0   0   0   0   0
    ATA   0   0   0   0   0   0 |     ACA   1   1   1   1   0   1 | Lys AAA   0   0   0   0   0   0 | Arg AGA   1   1   1   1   1   1
Met ATG   0   0   0   0   0   0 |     ACG   0   0   0   0   1   0 |     AAG   1   1   1   1   1   1 |     AGG   0   0   0   0   0   0
--------------------------------------------------------------------------------------------------------------------------------------
Val GTT   0   0   0   0   0   0 | Ala GCT   0   0   0   0   0   0 | Asp GAT   0   0   0   0   0   0 | Gly GGT   1   1   1   0   1   1
    GTC   1   1   1   1   1   1 |     GCC   1   1   1   1   1   1 |     GAC   0   1   1   1   1   1 |     GGC   0   0   0   1   0   0
    GTA   0   0   0   0   0   0 |     GCA   0   0   0   0   0   0 | Glu GAA   0   0   0   0   0   0 |     GGA   0   0   0   0   0   0
    GTG   1   1   1   1   1   1 |     GCG   0   0   0   0   0   0 |     GAG   0   0   0   0   0   0 |     GGG   0   0   0   0   0   0
--------------------------------------------------------------------------------------------------------------------------------------

--------------------------------------------------------------------------------------------------------------------------------------
Phe TTT   0   0   0   0   0   0 | Ser TCT   1   1   1   1   1   1 | Tyr TAT   1   1   1   1   1   1 | Cys TGT   0   0   0   0   0   0
    TTC   0   0   0   0   0   0 |     TCC   1   1   1   1   1   1 |     TAC   1   1   1   1   1   1 |     TGC   0   0   0   0   0   0
Leu TTA   0   0   0   0   0   0 |     TCA   0   0   0   0   0   0 | *** TAA   0   0   0   0   0   0 | *** TGA   0   0   0   0   0   0
    TTG   0   0   0   0   0   0 |     TCG   0   0   0   0   0   0 |     TAG   0   0   0   0   0   0 | Trp TGG   1   1   1   1   1   1
--------------------------------------------------------------------------------------------------------------------------------------
Leu CTT   0   0   0   0   0   0 | Pro CCT   0   0   0   0   0   0 | His CAT   0   0   0   0   0   0 | Arg CGT   0   0   0   0   0   0
    CTC   0   0   0   0   0   0 |     CCC   0   0   0   0   0   0 |     CAC   0   0   0   0   0   0 |     CGC   0   0   0   0   0   0
    CTA   0   0   0   0   0   0 |     CCA   0   0   0   0   0   0 | Gln CAA   0   0   0   0   0   0 |     CGA   1   1   1   1   1   1
    CTG   0   0   0   0   0   0 |     CCG   0   0   0   0   0   0 |     CAG   1   1   1   1   1   1 |     CGG   0   0   0   0   0   0
--------------------------------------------------------------------------------------------------------------------------------------
Ile ATT   1   1   1   1   1   1 | Thr ACT   1   1   1   1   1   1 | Asn AAT   0   0   0   0   0   0 | Ser AGT   0   0   0   0   0   0
    ATC   1   1   1   1   1   1 |     ACC   0   0   0   0   1   0 |     AAC   0   1   0   0   0   0 |     AGC   0   0   0   0   0   0
    ATA   0   0   0   0   0   0 |     ACA   1   1   1   1   1   1 | Lys AAA   0   0   0   0   0   0 | Arg AGA   1   1   1   1   1   1
Met ATG   0   0   0   0   0   0 |     ACG   0   0   0   0   0   0 |     AAG   1   1   1   1   1   1 |     AGG   0   0   0   0   0   0
--------------------------------------------------------------------------------------------------------------------------------------
Val GTT   0   0   0   0   0   0 | Ala GCT   0   0   0   0   0   0 | Asp GAT   0   0   0   0   0   0 | Gly GGT   1   1   1   1   1   1
    GTC   1   1   1   1   1   1 |     GCC   1   1   1   1   0   1 |     GAC   1   0   1   1   1   1 |     GGC   0   0   0   0   0   0
    GTA   0   0   0   0   0   0 |     GCA   0   0   0   0   0   0 | Glu GAA   0   0   0   0   0   0 |     GGA   0   0   0   0   0   0
    GTG   1   1   1   1   1   1 |     GCG   0   0   0   0   0   0 |     GAG   0   0   0   0   0   0 |     GGG   0   0   0   0   0   0
--------------------------------------------------------------------------------------------------------------------------------------

--------------------------------------------------------------------------------------------------------------------------------------
Phe TTT   0   0   0   0   0   0 | Ser TCT   1   1   1   1   1   1 | Tyr TAT   1   1   1   1   1   1 | Cys TGT   0   0   0   0   0   0
    TTC   0   0   0   0   0   0 |     TCC   1   1   1   1   1   1 |     TAC   1   1   1   1   1   1 |     TGC   0   0   0   0   0   0
Leu TTA   0   0   0   0   0   0 |     TCA   0   0   0   0   0   0 | *** TAA   0   0   0   0   0   0 | *** TGA   0   0   0   0   0   0
    TTG   0   0   0   0   0   0 |     TCG   0   0   0   0   0   0 |     TAG   0   0   0   0   0   0 | Trp TGG   1   1   1   1   1   1
--------------------------------------------------------------------------------------------------------------------------------------
Leu CTT   0   0   0   0   0   0 | Pro CCT   0   0   0   0   0   0 | His CAT   0   0   0   0   0   0 | Arg CGT   0   0   0   0   0   0
    CTC   0   0   0   0   0   0 |     CCC   0   0   0   0   0   0 |     CAC   0   0   0   0   0   0 |     CGC   0   0   0   0   0   0
    CTA   0   0   0   0   0   0 |     CCA   0   0   0   0   0   0 | Gln CAA   0   0   0   0   0   0 |     CGA   1   1   1   1   1   1
    CTG   0   0   0   0   0   0 |     CCG   0   0   0   0   0   0 |     CAG   1   1   1   1   1   1 |     CGG   0   0   0   0   0   0
--------------------------------------------------------------------------------------------------------------------------------------
Ile ATT   1   1   1   1   1   1 | Thr ACT   1   1   1   1   1   1 | Asn AAT   0   0   0   0   0   0 | Ser AGT   0   0   0   0   0   0
    ATC   1   1   1   1   1   1 |     ACC   0   0   0   0   0   0 |     AAC   0   1   0   0   1   0 |     AGC   0   0   0   0   0   0
    ATA   0   0   0   0   0   0 |     ACA   1   1   1   1   1   1 | Lys AAA   0   0   0   0   0   0 | Arg AGA   1   1   1   1   1   1
Met ATG   0   0   0   0   0   0 |     ACG   0   0   0   0   0   0 |     AAG   1   1   1   1   1   1 |     AGG   0   0   0   0   0   0
--------------------------------------------------------------------------------------------------------------------------------------
Val GTT   0   0   0   0   0   0 | Ala GCT   0   0   0   0   0   0 | Asp GAT   0   0   0   0   0   0 | Gly GGT   1   1   1   1   1   1
    GTC   1   1   1   1   1   1 |     GCC   1   1   1   1   1   1 |     GAC   1   0   1   1   0   1 |     GGC   0   0   0   0   0   0
    GTA   0   0   0   0   0   0 |     GCA   0   0   0   0   0   0 | Glu GAA   0   0   0   0   0   0 |     GGA   0   0   0   0   0   0
    GTG   1   1   1   1   1   1 |     GCG   0   0   0   0   0   0 |     GAG   0   0   0   0   0   0 |     GGG   0   0   0   0   0   0
--------------------------------------------------------------------------------------------------------------------------------------

--------------------------------------------------------------------------------------------------------------------------------------
Phe TTT   0   0   1   0   0   0 | Ser TCT   0   1   1   1   1   1 | Tyr TAT   1   1   0   1   1   1 | Cys TGT   0   0   0   0   0   0
    TTC   0   0   0   0   0   0 |     TCC   1   1   1   1   1   1 |     TAC   1   1   1   1   1   1 |     TGC   0   0   0   0   0   0
Leu TTA   0   0   0   0   0   0 |     TCA   1   0   0   0   0   0 | *** TAA   0   0   0   0   0   0 | *** TGA   0   0   0   0   0   0
    TTG   0   0   0   0   0   0 |     TCG   0   0   0   0   0   0 |     TAG   0   0   0   0   0   0 | Trp TGG   1   1   1   1   1   1
--------------------------------------------------------------------------------------------------------------------------------------
Leu CTT   0   0   0   0   0   0 | Pro CCT   0   0   0   0   0   0 | His CAT   0   0   0   0   0   0 | Arg CGT   0   0   0   0   0   0
    CTC   0   0   0   0   0   0 |     CCC   0   0   0   0   0   0 |     CAC   0   0   0   0   0   0 |     CGC   0   0   0   0   0   0
    CTA   0   0   0   0   0   0 |     CCA   0   0   0   0   0   0 | Gln CAA   0   0   0   0   0   0 |     CGA   1   1   1   1   1   1
    CTG   0   0   0   0   0   0 |     CCG   0   0   0   0   0   0 |     CAG   1   1   1   1   1   1 |     CGG   0   0   0   0   0   0
--------------------------------------------------------------------------------------------------------------------------------------
Ile ATT   1   1   1   1   1   1 | Thr ACT   1   1   1   1   1   1 | Asn AAT   0   0   0   0   0   0 | Ser AGT   0   0   0   0   0   0
    ATC   1   1   1   1   1   1 |     ACC   0   0   1   0   0   0 |     AAC   0   0   0   0   0   0 |     AGC   0   0   0   0   0   0
    ATA   0   0   0   0   0   0 |     ACA   1   1   1   1   1   1 | Lys AAA   0   0   0   0   0   0 | Arg AGA   1   1   1   1   1   1
Met ATG   0   0   0   0   0   0 |     ACG   0   0   0   0   0   0 |     AAG   1   1   1   1   1   1 |     AGG   0   0   0   0   0   0
--------------------------------------------------------------------------------------------------------------------------------------
Val GTT   0   0   0   0   0   0 | Ala GCT   0   0   0   0   0   0 | Asp GAT   0   0   0   0   0   0 | Gly GGT   1   1   1   1   1   1
    GTC   1   1   1   1   1   1 |     GCC   1   1   0   1   1   1 |     GAC   1   1   1   1   1   1 |     GGC   0   0   0   0   0   0
    GTA   0   0   1   0   0   0 |     GCA   0   0   0   0   0   0 | Glu GAA   0   0   0   0   0   0 |     GGA   0   0   0   0   0   0
    GTG   1   1   0   1   1   1 |     GCG   0   0   0   0   0   0 |     GAG   0   0   0   0   0   0 |     GGG   0   0   0   0   0   0
--------------------------------------------------------------------------------------------------------------------------------------

Codon position x base (3x4) table for each sequence.

#1: Argali         
position  1:    T:0.27778    C:0.11111    A:0.33333    G:0.27778
position  2:    T:0.22222    C:0.27778    A:0.27778    G:0.22222
position  3:    T:0.27778    C:0.33333    A:0.16667    G:0.22222
Average         T:0.25926    C:0.24074    A:0.25926    G:0.24074

#2: LesserMouseDeer
position  1:    T:0.22222    C:0.16667    A:0.33333    G:0.27778
position  2:    T:0.22222    C:0.33333    A:0.22222    G:0.22222
position  3:    T:0.33333    C:0.22222    A:0.16667    G:0.27778
Average         T:0.25926    C:0.24074    A:0.24074    G:0.25926

#3: LesserKudu     
position  1:    T:0.27778    C:0.11111    A:0.33333    G:0.27778
position  2:    T:0.22222    C:0.27778    A:0.27778    G:0.22222
position  3:    T:0.27778    C:0.33333    A:0.16667    G:0.22222
Average         T:0.25926    C:0.24074    A:0.25926    G:0.24074

#4: ForestMuskDeer2
position  1:    T:0.27778    C:0.11111    A:0.33333    G:0.27778
position  2:    T:0.22222    C:0.27778    A:0.27778    G:0.22222
position  3:    T:0.27778    C:0.33333    A:0.16667    G:0.22222
Average         T:0.25926    C:0.24074    A:0.25926    G:0.24074

#5: Camel          
position  1:    T:0.22222    C:0.11111    A:0.38889    G:0.27778
position  2:    T:0.22222    C:0.27778    A:0.27778    G:0.22222
position  3:    T:0.22222    C:0.33333    A:0.22222    G:0.22222
Average         T:0.22222    C:0.24074    A:0.29630    G:0.24074

#6: KillerWhale    
position  1:    T:0.22222    C:0.11111    A:0.38889    G:0.27778
position  2:    T:0.22222    C:0.22222    A:0.22222    G:0.33333
position  3:    T:0.27778    C:0.27778    A:0.22222    G:0.22222
Average         T:0.24074    C:0.20370    A:0.27778    G:0.27778

#7: DefassaWaterbuck
position  1:    T:0.27778    C:0.11111    A:0.33333    G:0.27778
position  2:    T:0.22222    C:0.27778    A:0.27778    G:0.22222
position  3:    T:0.27778    C:0.33333    A:0.16667    G:0.22222
Average         T:0.25926    C:0.24074    A:0.25926    G:0.24074

#8: Sheep          
position  1:    T:0.27778    C:0.11111    A:0.33333    G:0.27778
position  2:    T:0.22222    C:0.27778    A:0.27778    G:0.22222
position  3:    T:0.27778    C:0.33333    A:0.16667    G:0.22222
Average         T:0.25926    C:0.24074    A:0.25926    G:0.24074

#9: MaxwellsDuiker 
position  1:    T:0.27778    C:0.11111    A:0.38889    G:0.22222
position  2:    T:0.22222    C:0.27778    A:0.27778    G:0.22222
position  3:    T:0.27778    C:0.33333    A:0.16667    G:0.22222
Average         T:0.25926    C:0.24074    A:0.27778    G:0.22222

#10: GazellaPrzewalskyi
position  1:    T:0.27778    C:0.11111    A:0.33333    G:0.27778
position  2:    T:0.22222    C:0.27778    A:0.27778    G:0.22222
position  3:    T:0.27778    C:0.27778    A:0.27778    G:0.16667
Average         T:0.25926    C:0.22222    A:0.29630    G:0.22222

#11: MountainNyala  
position  1:    T:0.27778    C:0.11111    A:0.33333    G:0.27778
position  2:    T:0.22222    C:0.27778    A:0.27778    G:0.22222
position  3:    T:0.27778    C:0.33333    A:0.22222    G:0.16667
Average         T:0.25926    C:0.24074    A:0.27778    G:0.22222

#12: MuntiacusMuntjak
position  1:    T:0.27778    C:0.11111    A:0.33333    G:0.27778
position  2:    T:0.22222    C:0.27778    A:0.27778    G:0.22222
position  3:    T:0.27778    C:0.33333    A:0.16667    G:0.22222
Average         T:0.25926    C:0.24074    A:0.25926    G:0.24074

#13: goat           
position  1:    T:0.27778    C:0.11111    A:0.33333    G:0.27778
position  2:    T:0.22222    C:0.27778    A:0.27778    G:0.22222
position  3:    T:0.27778    C:0.33333    A:0.16667    G:0.22222
Average         T:0.25926    C:0.24074    A:0.25926    G:0.24074

#14: AfricanBuffalo 
position  1:    T:0.27778    C:0.11111    A:0.33333    G:0.27778
position  2:    T:0.22222    C:0.27778    A:0.27778    G:0.22222
position  3:    T:0.27778    C:0.33333    A:0.16667    G:0.22222
Average         T:0.25926    C:0.24074    A:0.25926    G:0.24074

#15: Topi           
position  1:    T:0.27778    C:0.11111    A:0.38889    G:0.22222
position  2:    T:0.22222    C:0.27778    A:0.27778    G:0.22222
position  3:    T:0.27778    C:0.33333    A:0.16667    G:0.22222
Average         T:0.25926    C:0.24074    A:0.27778    G:0.22222

#16: CommonDuiker   
position  1:    T:0.27778    C:0.11111    A:0.33333    G:0.27778
position  2:    T:0.22222    C:0.27778    A:0.27778    G:0.22222
position  3:    T:0.27778    C:0.33333    A:0.16667    G:0.22222
Average         T:0.25926    C:0.24074    A:0.25926    G:0.24074

#17: Suni           
position  1:    T:0.27778    C:0.11111    A:0.33333    G:0.27778
position  2:    T:0.22222    C:0.27778    A:0.27778    G:0.22222
position  3:    T:0.27778    C:0.33333    A:0.16667    G:0.22222
Average         T:0.25926    C:0.24074    A:0.25926    G:0.24074

#18: Springbuck     
position  1:    T:0.27778    C:0.11111    A:0.38889    G:0.22222
position  2:    T:0.22222    C:0.27778    A:0.27778    G:0.22222
position  3:    T:0.27778    C:0.33333    A:0.16667    G:0.22222
Average         T:0.25926    C:0.24074    A:0.27778    G:0.22222

#19: Okapi          
position  1:    T:0.27778    C:0.11111    A:0.33333    G:0.27778
position  2:    T:0.22222    C:0.27778    A:0.22222    G:0.27778
position  3:    T:0.27778    C:0.33333    A:0.16667    G:0.22222
Average         T:0.25926    C:0.24074    A:0.24074    G:0.25926

#20: Giraffe        
position  1:    T:0.27778    C:0.11111    A:0.38889    G:0.22222
position  2:    T:0.22222    C:0.27778    A:0.22222    G:0.27778
position  3:    T:0.27778    C:0.33333    A:0.16667    G:0.22222
Average         T:0.25926    C:0.24074    A:0.25926    G:0.24074

#21: TibetanAntelope
position  1:    T:0.27778    C:0.05556    A:0.38889    G:0.27778
position  2:    T:0.22222    C:0.27778    A:0.27778    G:0.22222
position  3:    T:0.27778    C:0.33333    A:0.16667    G:0.22222
Average         T:0.25926    C:0.22222    A:0.27778    G:0.24074

#22: Sitatunga      
position  1:    T:0.27778    C:0.11111    A:0.33333    G:0.27778
position  2:    T:0.22222    C:0.27778    A:0.27778    G:0.22222
position  3:    T:0.27778    C:0.33333    A:0.16667    G:0.22222
Average         T:0.25926    C:0.24074    A:0.25926    G:0.24074

#23: Oribi          
position  1:    T:0.27778    C:0.11111    A:0.33333    G:0.27778
position  2:    T:0.22222    C:0.27778    A:0.27778    G:0.22222
position  3:    T:0.27778    C:0.33333    A:0.16667    G:0.22222
Average         T:0.25926    C:0.24074    A:0.25926    G:0.24074

#24: BarbarySheep   
position  1:    T:0.27778    C:0.11111    A:0.33333    G:0.27778
position  2:    T:0.22222    C:0.27778    A:0.27778    G:0.22222
position  3:    T:0.27778    C:0.33333    A:0.16667    G:0.22222
Average         T:0.25926    C:0.24074    A:0.25926    G:0.24074

#25: Daviddeer      
position  1:    T:0.27778    C:0.11111    A:0.33333    G:0.27778
position  2:    T:0.22222    C:0.27778    A:0.22222    G:0.27778
position  3:    T:0.27778    C:0.33333    A:0.16667    G:0.22222
Average         T:0.25926    C:0.24074    A:0.24074    G:0.25926

#26: Reindeer       
position  1:    T:0.27778    C:0.11111    A:0.33333    G:0.27778
position  2:    T:0.22222    C:0.27778    A:0.27778    G:0.22222
position  3:    T:0.27778    C:0.33333    A:0.16667    G:0.22222
Average         T:0.25926    C:0.24074    A:0.25926    G:0.24074

#27: Ibex           
position  1:    T:0.27778    C:0.11111    A:0.33333    G:0.27778
position  2:    T:0.22222    C:0.27778    A:0.27778    G:0.22222
position  3:    T:0.27778    C:0.33333    A:0.16667    G:0.22222
Average         T:0.25926    C:0.24074    A:0.25926    G:0.24074

#28: GyrantGazelle  
position  1:    T:0.27778    C:0.11111    A:0.38889    G:0.22222
position  2:    T:0.22222    C:0.27778    A:0.27778    G:0.22222
position  3:    T:0.27778    C:0.33333    A:0.16667    G:0.22222
Average         T:0.25926    C:0.24074    A:0.27778    G:0.22222

#29: Hartebeest     
position  1:    T:0.27778    C:0.11111    A:0.33333    G:0.27778
position  2:    T:0.22222    C:0.27778    A:0.27778    G:0.22222
position  3:    T:0.27778    C:0.33333    A:0.16667    G:0.22222
Average         T:0.25926    C:0.24074    A:0.25926    G:0.24074

#30: Bongo          
position  1:    T:0.27778    C:0.11111    A:0.33333    G:0.27778
position  2:    T:0.22222    C:0.27778    A:0.27778    G:0.22222
position  3:    T:0.27778    C:0.33333    A:0.16667    G:0.22222
Average         T:0.25926    C:0.24074    A:0.25926    G:0.24074

#31: Gerenuk        
position  1:    T:0.27778    C:0.11111    A:0.38889    G:0.22222
position  2:    T:0.22222    C:0.27778    A:0.27778    G:0.22222
position  3:    T:0.27778    C:0.33333    A:0.16667    G:0.22222
Average         T:0.25926    C:0.24074    A:0.27778    G:0.22222

#32: CommonEland    
position  1:    T:0.27778    C:0.11111    A:0.33333    G:0.27778
position  2:    T:0.22222    C:0.27778    A:0.27778    G:0.22222
position  3:    T:0.33333    C:0.27778    A:0.16667    G:0.22222
Average         T:0.27778    C:0.22222    A:0.25926    G:0.24074

#33: MuntiacusReevesi
position  1:    T:0.27778    C:0.11111    A:0.33333    G:0.27778
position  2:    T:0.22222    C:0.27778    A:0.27778    G:0.22222
position  3:    T:0.27778    C:0.33333    A:0.16667    G:0.22222
Average         T:0.25926    C:0.24074    A:0.25926    G:0.24074

#34: HarveysDuiker  
position  1:    T:0.27778    C:0.11111    A:0.33333    G:0.27778
position  2:    T:0.22222    C:0.27778    A:0.27778    G:0.22222
position  3:    T:0.22222    C:0.38889    A:0.16667    G:0.22222
Average         T:0.24074    C:0.25926    A:0.25926    G:0.24074

#35: Pronghorn      
position  1:    T:0.27778    C:0.11111    A:0.33333    G:0.27778
position  2:    T:0.22222    C:0.27778    A:0.27778    G:0.22222
position  3:    T:0.27778    C:0.33333    A:0.11111    G:0.27778
Average         T:0.25926    C:0.24074    A:0.24074    G:0.25926

#36: BlueWildebeest 
position  1:    T:0.27778    C:0.11111    A:0.33333    G:0.27778
position  2:    T:0.22222    C:0.27778    A:0.27778    G:0.22222
position  3:    T:0.27778    C:0.33333    A:0.16667    G:0.22222
Average         T:0.25926    C:0.24074    A:0.25926    G:0.24074

#37: Gemsbok        
position  1:    T:0.27778    C:0.11111    A:0.33333    G:0.27778
position  2:    T:0.22222    C:0.27778    A:0.27778    G:0.22222
position  3:    T:0.27778    C:0.33333    A:0.16667    G:0.22222
Average         T:0.25926    C:0.24074    A:0.25926    G:0.24074

#38: Yak            
position  1:    T:0.27778    C:0.11111    A:0.38889    G:0.22222
position  2:    T:0.22222    C:0.27778    A:0.27778    G:0.22222
position  3:    T:0.27778    C:0.33333    A:0.16667    G:0.22222
Average         T:0.25926    C:0.24074    A:0.27778    G:0.22222

#39: BlueSheep      
position  1:    T:0.27778    C:0.11111    A:0.33333    G:0.27778
position  2:    T:0.22222    C:0.27778    A:0.27778    G:0.22222
position  3:    T:0.27778    C:0.33333    A:0.16667    G:0.22222
Average         T:0.25926    C:0.24074    A:0.25926    G:0.24074

#40: BohorReedbuck  
position  1:    T:0.27778    C:0.11111    A:0.33333    G:0.27778
position  2:    T:0.22222    C:0.27778    A:0.27778    G:0.22222
position  3:    T:0.27778    C:0.33333    A:0.16667    G:0.22222
Average         T:0.25926    C:0.24074    A:0.25926    G:0.24074

#41: KirksDik       
position  1:    T:0.27778    C:0.11111    A:0.38889    G:0.22222
position  2:    T:0.22222    C:0.27778    A:0.27778    G:0.22222
position  3:    T:0.27778    C:0.33333    A:0.16667    G:0.22222
Average         T:0.25926    C:0.24074    A:0.27778    G:0.22222

#42: RoeDeer        
position  1:    T:0.27778    C:0.11111    A:0.33333    G:0.27778
position  2:    T:0.22222    C:0.27778    A:0.27778    G:0.22222
position  3:    T:0.27778    C:0.33333    A:0.16667    G:0.22222
Average         T:0.25926    C:0.24074    A:0.25926    G:0.24074

#43: WhiteLippedDeer
position  1:    T:0.27778    C:0.11111    A:0.33333    G:0.27778
position  2:    T:0.22222    C:0.27778    A:0.27778    G:0.22222
position  3:    T:0.27778    C:0.33333    A:0.16667    G:0.22222
Average         T:0.25926    C:0.24074    A:0.25926    G:0.24074

#44: ThomsonGazelle 
position  1:    T:0.27778    C:0.11111    A:0.38889    G:0.22222
position  2:    T:0.22222    C:0.27778    A:0.27778    G:0.22222
position  3:    T:0.27778    C:0.33333    A:0.16667    G:0.22222
Average         T:0.25926    C:0.24074    A:0.27778    G:0.22222

#45: MuntiacusCrinifrons
position  1:    T:0.27778    C:0.11111    A:0.33333    G:0.27778
position  2:    T:0.22222    C:0.27778    A:0.27778    G:0.22222
position  3:    T:0.27778    C:0.33333    A:0.16667    G:0.22222
Average         T:0.25926    C:0.24074    A:0.25926    G:0.24074

#46: WhiteTailedDeer
position  1:    T:0.27778    C:0.11111    A:0.33333    G:0.27778
position  2:    T:0.22222    C:0.27778    A:0.27778    G:0.22222
position  3:    T:0.27778    C:0.33333    A:0.16667    G:0.22222
Average         T:0.25926    C:0.24074    A:0.25926    G:0.24074

#47: Cattle         
position  1:    T:0.27778    C:0.11111    A:0.38889    G:0.22222
position  2:    T:0.22222    C:0.27778    A:0.27778    G:0.22222
position  3:    T:0.27778    C:0.33333    A:0.16667    G:0.22222
Average         T:0.25926    C:0.24074    A:0.27778    G:0.22222

#48: RoyalAntelope  
position  1:    T:0.27778    C:0.11111    A:0.33333    G:0.27778
position  2:    T:0.22222    C:0.27778    A:0.27778    G:0.22222
position  3:    T:0.27778    C:0.33333    A:0.16667    G:0.22222
Average         T:0.25926    C:0.24074    A:0.25926    G:0.24074

#49: Steenbok       
position  1:    T:0.27778    C:0.11111    A:0.33333    G:0.27778
position  2:    T:0.22222    C:0.27778    A:0.27778    G:0.22222
position  3:    T:0.22222    C:0.33333    A:0.22222    G:0.22222
Average         T:0.24074    C:0.24074    A:0.27778    G:0.24074

#50: Impala         
position  1:    T:0.27778    C:0.11111    A:0.33333    G:0.27778
position  2:    T:0.22222    C:0.27778    A:0.27778    G:0.22222
position  3:    T:0.27778    C:0.33333    A:0.16667    G:0.22222
Average         T:0.25926    C:0.24074    A:0.25926    G:0.24074

#51: Klipspringer   
position  1:    T:0.27778    C:0.11111    A:0.38889    G:0.22222
position  2:    T:0.27778    C:0.27778    A:0.22222    G:0.22222
