1
52 1
Argali 0.000000 0.626400 0.196100 0.909700 0.228400 0.015300 0.287800 0.246300 0.173200 0.262200 0.057100 0.243200 0.197300 0.183800 0.200700 0.178500 0.364800 0.332500 0.150300 0.186000 0.198200 0.037700 0.232500 0.322900 0.027600 0.199400 0.173900 0.182400 0.209400 0.186700 0.292300 0.194000 0.645800 0.249500 0.176200 0.186400 0.046500 0.179500 0.280000 0.480200 0.256400 0.216800 0.300000 0.329400 0.198500 0.188500 0.219600 0.167400 0.168300 0.173000 0.186200 0.196700
LesserMous 0.626400 0.000000 0.595300 0.379100 0.613500 0.653600 0.799200 0.782700 0.561200 0.635300 0.635100 0.589300 0.627100 0.603800 0.661100 0.706300 0.666700 0.567600 0.590900 0.570200 0.663300 0.592600 0.541500 0.767000 0.582800 0.802500 0.602500 0.544300 0.768400 0.570700 0.612700 0.616900 1.247600 0.752000 0.581600 0.571400 0.611700 0.687100 0.807500 0.963700 0.627600 0.805800 0.641400 0.783100 0.558200 0.616000 0.742100 0.633000 0.646900 0.538000 0.568800 0.597100
LesserKudu 0.196100 0.595300 0.000000 0.790700 0.269500 0.204600 0.306400 0.288500 0.034700 0.200000 0.177900 0.204500 0.238500 0.201600 0.185800 0.219400 0.333000 0.258100 0.191600 0.044200 0.193900 0.187500 0.163400 0.241700 0.163600 0.295000 0.214300 0.042000 0.263200 0.044400 0.185000 0.211700 0.626200 0.278300 0.215000 0.183000 0.184600 0.280700 0.315300 0.404400 0.227400 0.312700 0.189300 0.246300 0.195000 0.273700 0.252200 0.217400 0.229700 0.163600 0.044200 0.053300
KillerWhal 0.909700 0.379100 0.790700 0.000000 0.840900 0.950400 0.951900 1.043200 0.783900 0.879100 0.888400 0.760300 0.855900 0.797500 1.019100 0.906900 0.720900 0.645700 0.847400 0.810800 0.888200 0.871500 0.769500 0.859100 0.861500 1.081200 0.863900 0.761900 0.968900 0.811900 0.832600 0.813900 1.493100 0.999500 0.843700 0.795500 0.897500 1.004600 0.938400 1.276400 0.880700 1.090700 0.889000 0.875300 0.817800 0.892800 1.009400 0.948500 0.887000 0.728600 0.791300 0.829100
DefassaWat 0.228400 0.613500 0.269500 0.840900 0.000000 0.248400 0.349200 0.347500 0.267000 0.319700 0.232200 0.296900 0.300600 0.210600 0.278900 0.230300 0.427900 0.391100 0.270600 0.269100 0.264300 0.219500 0.336700 0.415200 0.215500 0.322700 0.273600 0.276700 0.287700 0.258800 0.338800 0.221100 0.710800 0.333100 0.281700 0.259000 0.238700 0.159900 0.303700 0.526600 0.368500 0.340100 0.360500 0.423900 0.272900 0.249300 0.303400 0.298500 0.227500 0.258400 0.269700 0.294500
Sheep 0.015300 0.653600 0.204600 0.950400 0.248400 0.000000 0.309500 0.268400 0.181400 0.282900 0.072700 0.263300 0.217000 0.203500 0.208300 0.198400 0.386300 0.341300 0.169300 0.194200 0.219000 0.053500 0.252300 0.345700 0.043100 0.223500 0.193400 0.190700 0.229100 0.194800 0.313300 0.213900 0.677200 0.270500 0.184500 0.205100 0.062900 0.199600 0.302100 0.507100 0.277600 0.218400 0.321500 0.352400 0.217700 0.207300 0.240900 0.186000 0.186800 0.191500 0.194800 0.205100
MaxwellsDu 0.287800 0.799200 0.306400 0.951900 0.349200 0.309500 0.000000 0.307400 0.303800 0.361700 0.269300 0.312400 0.316300 0.148800 0.337300 0.267400 0.474400 0.463900 0.257500 0.321000 0.277200 0.278900 0.297700 0.288800 0.273500 0.269600 0.288000 0.314000 0.274000 0.321900 0.353100 0.159600 0.564800 0.365200 0.320500 0.297700 0.299000 0.338600 0.316500 0.462200 0.329700 0.316400 0.377100 0.279900 0.313200 0.272900 0.304800 0.312600 0.275100 0.293000 0.306900 0.333700
GazellaPrz 0.246300 0.782700 0.288500 1.043200 0.347500 0.268400 0.307400 0.000000 0.285700 0.333200 0.225900 0.321000 0.219400 0.191400 0.290200 0.136600 0.473600 0.448600 0.228700 0.277500 0.170200 0.261800 0.307300 0.388000 0.256700 0.144700 0.193200 0.296000 0.194900 0.278400 0.365200 0.202500 0.689600 0.320300 0.330100 0.305000 0.257000 0.306200 0.215800 0.450000 0.285200 0.189700 0.348500 0.378900 0.321100 0.349300 0.179600 0.270000 0.272300 0.275700 0.288800 0.290000
MountainNy 0.173200 0.561200 0.034700 0.783900 0.267000 0.181400 0.303800 0.285700 0.000000 0.220600 0.155200 0.181700 0.213400 0.199800 0.184100 0.217200 0.331200 0.256700 0.168100 0.026100 0.191900 0.164600 0.162300 0.274700 0.141700 0.292100 0.190200 0.008300 0.271700 0.026200 0.205100 0.209800 0.660400 0.300800 0.191800 0.140600 0.162100 0.278000 0.324100 0.444900 0.225800 0.309500 0.209800 0.279900 0.151700 0.271300 0.249800 0.215600 0.205800 0.141700 0.026100 0.034900
MuntiacusM 0.262200 0.635300 0.200000 0.879100 0.319700 0.282900 0.361700 0.333200 0.220600 0.000000 0.243600 0.191800 0.262400 0.246700 0.242500 0.266900 0.356000 0.300900 0.247500 0.212500 0.264400 0.253800 0.075800 0.122800 0.226300 0.353700 0.236700 0.230200 0.273700 0.213400 0.065700 0.257500 0.678100 0.347200 0.283200 0.179800 0.226600 0.295000 0.346100 0.275300 0.069300 0.371500 0.028400 0.125300 0.192000 0.298500 0.278300 0.238700 0.239000 0.204000 0.235000 0.223600
goat 0.057100 0.635100 0.177900 0.888400 0.232200 0.072700 0.269300 0.225900 0.155200 0.243600 0.000000 0.202300 0.178200 0.164600 0.180300 0.158700 0.346300 0.314400 0.142700 0.167800 0.156700 0.058000 0.214200 0.304000 0.028000 0.177300 0.154800 0.164500 0.190000 0.168400 0.274000 0.174800 0.613500 0.230000 0.179000 0.146800 0.047200 0.183100 0.263200 0.409700 0.213700 0.220200 0.281300 0.310100 0.158500 0.191600 0.188800 0.170300 0.149600 0.175800 0.168000 0.178500
AfricanBuf 0.243200 0.589300 0.204500 0.760300 0.296900 0.263300 0.312400 0.321000 0.181700 0.191800 0.202300 0.000000 0.195600 0.160700 0.236000 0.270300 0.314100 0.251600 0.205700 0.194700 0.232100 0.235100 0.187200 0.268700 0.208700 0.300000 0.172500 0.191000 0.302600 0.185500 0.187900 0.170600 0.681000 0.309000 0.240400 0.083800 0.231000 0.336500 0.332600 0.425600 0.185500 0.331600 0.203600 0.249100 0.113200 0.254300 0.309100 0.243200 0.233400 0.199400 0.194800 0.205300
Topi 0.197300 0.627100 0.238500 0.855900 0.300600 0.217000 0.316300 0.219400 0.213400 0.262400 0.178200 0.195600 0.000000 0.157500 0.197400 0.180000 0.339700 0.357900 0.145900 0.228000 0.195600 0.188400 0.207800 0.352600 0.184900 0.227100 0.019900 0.223100 0.230500 0.228600 0.243800 0.167900 0.766100 0.128500 0.217000 0.205600 0.207700 0.261700 0.323500 0.485800 0.231300 0.245100 0.275800 0.331500 0.218600 0.290900 0.244100 0.219800 0.209000 0.214300 0.227900 0.239300
CommonDuik 0.183800 0.603800 0.201600 0.797500 0.210600 0.203500 0.148800 0.191400 0.199800 0.246700 0.164600 0.160700 0.157500 0.000000 0.173100 0.160200 0.375900 0.317800 0.155200 0.213600 0.147100 0.174900 0.216600 0.280000 0.171700 0.181200 0.134600 0.209400 0.215000 0.214400 0.241400 0.009600 0.616800 0.244800 0.214300 0.170500 0.193900 0.245400 0.225300 0.412400 0.216300 0.223900 0.259700 0.285800 0.182700 0.171500 0.202300 0.183500 0.173400 0.200800 0.201700 0.224900
Suni 0.200700 0.661100 0.185800 1.019100 0.278900 0.208300 0.337300 0.290200 0.184100 0.242500 0.180300 0.236000 0.197400 0.173100 0.000000 0.202500 0.446600 0.354600 0.160000 0.185700 0.164400 0.191500 0.249200 0.331900 0.165200 0.269400 0.172500 0.193900 0.287300 0.186500 0.262100 0.183800 0.527500 0.201900 0.185600 0.198900 0.175800 0.268500 0.317800 0.397900 0.261700 0.287500 0.255700 0.339700 0.187300 0.201500 0.224100 0.167400 0.180200 0.232000 0.198100 0.196900
Springbuck 0.178500 0.706300 0.219400 0.906900 0.230300 0.198400 0.267400 0.136600 0.217200 0.266900 0.158700 0.270300 0.180000 0.160200 0.202500 0.000000 0.427800 0.364500 0.171600 0.232000 0.106600 0.168800 0.259300 0.304700 0.165900 0.113100 0.155800 0.227000 0.077200 0.232700 0.272900 0.170800 0.615800 0.252900 0.208700 0.232200 0.188600 0.215600 0.183600 0.465500 0.287000 0.131300 0.280600 0.295600 0.246200 0.238700 0.099900 0.200500 0.206800 0.218700 0.219500 0.243600
Okapi 0.364800 0.666700 0.333000 0.720900 0.427900 0.386300 0.474400 0.473600 0.331200 0.356000 0.346300 0.314100 0.339700 0.375900 0.446600 0.427800 0.000000 0.131000 0.405500 0.347700 0.410700 0.332400 0.299400 0.366200 0.326800 0.477000 0.338800 0.341000 0.462000 0.338300 0.374000 0.386800 0.720600 0.440200 0.348600 0.349400 0.351200 0.429300 0.501600 0.586900 0.337300 0.494200 0.369700 0.374400 0.364100 0.429200 0.460700 0.416100 0.354000 0.317000 0.348300 0.359900
Giraffe 0.332500 0.567600 0.258100 0.645700 0.391100 0.341300 0.463900 0.448600 0.256700 0.300900 0.314400 0.251600 0.357900 0.317800 0.354600 0.364500 0.131000 0.000000 0.344400 0.270800 0.349100 0.301100 0.248900 0.333100 0.296400 0.436100 0.331300 0.266000 0.423900 0.261900 0.295200 0.328200 0.706600 0.488100 0.318200 0.261700 0.319600 0.407600 0.430900 0.578800 0.295200 0.423900 0.313700 0.366300 0.274100 0.393600 0.408500 0.331900 0.346200 0.264300 0.271300 0.281900
TibetanAnt 0.150300 0.590900 0.191600 0.847400 0.270600 0.169300 0.257500 0.228700 0.168100 0.247500 0.142700 0.205700 0.145900 0.155200 0.160000 0.171600 0.405500 0.344400 0.000000 0.181300 0.181800 0.141400 0.206400 0.349900 0.129000 0.218400 0.123200 0.177700 0.227200 0.181900 0.278100 0.165500 0.720700 0.244700 0.203900 0.170600 0.150400 0.270600 0.314400 0.487500 0.241500 0.236100 0.285900 0.341300 0.182800 0.240700 0.238600 0.161800 0.173800 0.200700 0.181300 0.192100
Sitatunga 0.186000 0.570200 0.044200 0.810800 0.269100 0.194200 0.321000 0.277500 0.026100 0.212500 0.167800 0.194700 0.228000 0.213600 0.185700 0.232000 0.347700 0.270800 0.181300 0.000000 0.205900 0.177400 0.174900 0.266700 0.153700 0.309700 0.204000 0.034700 0.287700 0.008700 0.218700 0.223800 0.668200 0.318200 0.205000 0.173200 0.153900 0.294400 0.316000 0.436700 0.217600 0.327100 0.201700 0.272000 0.185000 0.275600 0.241400 0.229400 0.219500 0.133000 0.035300 0.026400
Oribi 0.198200 0.663300 0.193900 0.888200 0.264300 0.219000 0.277200 0.170200 0.191900 0.264400 0.156700 0.232100 0.195600 0.147100 0.164400 0.106600 0.410700 0.349100 0.181800 0.205900 0.000000 0.189400 0.232600 0.314500 0.163800 0.148700 0.171200 0.201500 0.160800 0.206600 0.221700 0.157500 0.608900 0.261900 0.229200 0.229700 0.186200 0.263200 0.220200 0.473100 0.257700 0.167100 0.252400 0.305500 0.243400 0.244300 0.158200 0.153500 0.187600 0.240100 0.193900 0.217100
BarbaryShe 0.037700 0.592600 0.187500 0.871500 0.219500 0.053500 0.278900 0.261800 0.164600 0.253800 0.058000 0.235100 0.188400 0.174900 0.191500 0.168800 0.332400 0.301100 0.141400 0.177400 0.189400 0.000000 0.224200 0.314300 0.028000 0.214900 0.165000 0.173900 0.200000 0.178000 0.284000 0.185100 0.635400 0.240800 0.167500 0.177900 0.047100 0.170100 0.259000 0.472000 0.247800 0.232600 0.291600 0.320600 0.190000 0.179900 0.223400 0.147700 0.159500 0.164900 0.177500 0.188100
Daviddeer 0.232500 0.541500 0.163400 0.769500 0.336700 0.252300 0.297700 0.307300 0.162300 0.075800 0.214200 0.187200 0.207800 0.216600 0.249200 0.259300 0.299400 0.248900 0.206400 0.174900 0.232600 0.224200 0.000000 0.140500 0.198500 0.314200 0.184200 0.171500 0.290400 0.175600 0.103500 0.227000 0.636200 0.322600 0.252700 0.175300 0.220600 0.298700 0.346300 0.277900 0.067400 0.331900 0.085900 0.143300 0.187000 0.290500 0.295800 0.232500 0.222600 0.145700 0.174900 0.185400
Reindeer 0.322900 0.767000 0.241700 0.859100 0.415200 0.345700 0.288800 0.388000 0.274700 0.122800 0.304000 0.268700 0.352600 0.280000 0.331900 0.304700 0.366200 0.333100 0.349900 0.266700 0.314500 0.314300 0.140500 0.000000 0.283700 0.397800 0.323400 0.284700 0.284000 0.267500 0.163600 0.291300 0.561900 0.390800 0.330600 0.280100 0.284100 0.376300 0.314000 0.187200 0.159500 0.416600 0.134200 0.020400 0.295000 0.283400 0.302500 0.347800 0.337500 0.265200 0.277600 0.278600
Ibex 0.027600 0.582800 0.163600 0.861500 0.215500 0.043100 0.273500 0.256700 0.141700 0.226300 0.028000 0.208700 0.184900 0.171700 0.165200 0.165900 0.326800 0.296400 0.129000 0.153700 0.163800 0.028000 0.198500 0.283700 0.000000 0.211200 0.162000 0.150800 0.196600 0.154300 0.256100 0.181700 0.606800 0.236100 0.143900 0.153900 0.018200 0.167000 0.268800 0.430600 0.219900 0.228900 0.262500 0.289300 0.165500 0.155700 0.195500 0.135300 0.135900 0.162600 0.153800 0.164100
GyrantGaze 0.199400 0.802500 0.295000 1.081200 0.322700 0.223500 0.269600 0.144700 0.292100 0.353700 0.177300 0.300000 0.227100 0.181200 0.269400 0.113100 0.477000 0.436100 0.218400 0.309700 0.148700 0.214900 0.314200 0.397800 0.211200 0.000000 0.199900 0.302600 0.151300 0.310700 0.358300 0.192900 0.731200 0.311000 0.309700 0.284000 0.236400 0.254400 0.273800 0.518300 0.320000 0.044800 0.369800 0.389100 0.300200 0.318800 0.222900 0.249800 0.243300 0.295100 0.295500 0.322900
Hartebeest 0.173900 0.602500 0.214300 0.863900 0.273600 0.193400 0.288000 0.193200 0.190200 0.236700 0.154800 0.172500 0.019900 0.134600 0.172500 0.155800 0.338800 0.331300 0.123200 0.204000 0.171200 0.165000 0.184200 0.323400 0.162000 0.199900 0.000000 0.199800 0.205300 0.204600 0.242800 0.144800 0.705300 0.105500 0.193400 0.182400 0.184200 0.235000 0.294100 0.449500 0.206000 0.218000 0.249600 0.302600 0.194800 0.265100 0.217300 0.195900 0.185400 0.190700 0.204000 0.215100
Bongo 0.182400 0.544300 0.042000 0.761900 0.276700 0.190700 0.314000 0.296000 0.008300 0.230200 0.164500 0.191000 0.223100 0.209400 0.193900 0.227000 0.341000 0.266000 0.177700 0.034700 0.201500 0.173900 0.171500 0.284700 0.150800 0.302600 0.199800 0.000000 0.281500 0.034900 0.214400 0.219400 0.673600 0.310900 0.201100 0.149700 0.171300 0.288000 0.334400 0.456200 0.235600 0.319900 0.219400 0.290100 0.160900 0.280900 0.260100 0.225000 0.215200 0.150900 0.034700 0.043500
Gerenuk 0.209400 0.768400 0.263200 0.968900 0.287700 0.229100 0.274000 0.194900 0.271700 0.273700 0.190000 0.302600 0.230500 0.215000 0.287300 0.077200 0.462000 0.423900 0.227200 0.287700 0.160800 0.200000 0.290400 0.284000 0.196600 0.151300 0.205300 0.281500 0.000000 0.299100 0.279600 0.225700 0.656800 0.274900 0.287200 0.263600 0.219600 0.248800 0.191800 0.436100 0.293700 0.168900 0.287300 0.275100 0.278100 0.277700 0.180400 0.255100 0.254500 0.265100 0.274600 0.299700
CommonElan 0.186700 0.570700 0.044400 0.811900 0.258800 0.194800 0.321900 0.278400 0.026200 0.213400 0.168400 0.185500 0.228600 0.214400 0.186500 0.232700 0.338300 0.261900 0.181900 0.008700 0.206600 0.178000 0.175600 0.267500 0.154300 0.310700 0.204600 0.034900 0.299100 0.000000 0.219600 0.224600 0.668200 0.318800 0.205700 0.173900 0.154400 0.295400 0.316900 0.438300 0.218300 0.328700 0.202500 0.272600 0.185800 0.276400 0.242100 0.230100 0.220300 0.133100 0.035500 0.026500
MuntiacusR 0.292300 0.612700 0.185000 0.832600 0.338800 0.313300 0.353100 0.365200 0.205100 0.065700 0.274000 0.187900 0.243800 0.241400 0.262100 0.272900 0.374000 0.295200 0.278100 0.218700 0.221700 0.284000 0.103500 0.163600 0.256100 0.358300 0.242800 0.214400 0.279600 0.219600 0.000000 0.252000 0.668000 0.337200 0.313400 0.208500 0.279500 0.312800 0.394600 0.337200 0.118700 0.376200 0.056200 0.166800 0.198800 0.317200 0.310000 0.268400 0.268600 0.245800 0.218800 0.229600
HarveysDui 0.194000 0.616900 0.211700 0.813900 0.221100 0.213900 0.159600 0.202500 0.209800 0.257500 0.174800 0.170600 0.167900 0.009600 0.183800 0.170800 0.386800 0.328200 0.165500 0.223800 0.157500 0.185100 0.227000 0.291300 0.181700 0.192900 0.144800 0.219400 0.225700 0.224600 0.252000 0.000000 0.633000 0.255800 0.224400 0.180400 0.204000 0.256500 0.236500 0.425500 0.227100 0.235700 0.270600 0.297200 0.192800 0.181500 0.213400 0.193600 0.183500 0.211200 0.211800 0.235100
Pronghorn 0.645800 1.247600 0.626200 1.493100 0.710800 0.677200 0.564800 0.689600 0.660400 0.678100 0.613500 0.681000 0.766100 0.616800 0.527500 0.615800 0.720600 0.706600 0.720700 0.668200 0.608900 0.635400 0.636200 0.561900 0.606800 0.731200 0.705300 0.673600 0.656800 0.668200 0.668000 0.633000 0.000000 0.602400 0.614100 0.615100 0.622300 0.691600 0.627200 0.605200 0.598600 0.793900 0.660500 0.548500 0.619300 0.587100 0.648500 0.721600 0.648700 0.654300 0.669800 0.645100
BlueWildeb 0.249500 0.752000 0.278300 0.999500 0.333100 0.270500 0.365200 0.320300 0.300800 0.347200 0.230000 0.309000 0.128500 0.244800 0.201900 0.252900 0.440200 0.488100 0.244700 0.318200 0.261900 0.240800 0.322600 0.390800 0.236100 0.311000 0.105500 0.310900 0.274900 0.318800 0.337200 0.255800 0.602400 0.000000 0.244300 0.307500 0.260600 0.253100 0.377600 0.430500 0.355300 0.328800 0.347000 0.369100 0.322800 0.287600 0.319100 0.298400 0.249600 0.279100 0.318100 0.304100
Gemsbok 0.176200 0.581600 0.215000 0.843700 0.281700 0.184500 0.320500 0.330100 0.191800 0.283200 0.179000 0.240400 0.217000 0.214300 0.185600 0.208700 0.348600 0.318200 0.203900 0.205000 0.229200 0.167500 0.252700 0.330600 0.143900 0.309700 0.193400 0.201100 0.287200 0.205700 0.313400 0.224400 0.614100 0.244300 0.000000 0.205800 0.164700 0.295800 0.357100 0.452900 0.277500 0.327000 0.321500 0.310700 0.206400 0.218300 0.216900 0.197400 0.175600 0.237500 0.182200 0.205300
Yak 0.186400 0.571400 0.183000 0.795500 0.259000 0.205100 0.297700 0.305000 0.140600 0.179800 0.146800 0.083800 0.205600 0.170500 0.198900 0.232200 0.349400 0.261700 0.170600 0.173200 0.229700 0.177900 0.175300 0.280100 0.153900 0.284000 0.182400 0.149700 0.263600 0.173900 0.208500 0.180400 0.615100 0.307500 0.205800 0.000000 0.174900 0.283300 0.317000 0.423200 0.172900 0.315000 0.213900 0.285700 0.027100 0.218900 0.267500 0.207900 0.198100 0.175700 0.173200 0.183600
BlueSheep 0.046500 0.611700 0.184600 0.897500 0.238700 0.062900 0.299000 0.257000 0.162100 0.226600 0.047200 0.231000 0.207700 0.193900 0.175800 0.188600 0.351200 0.319600 0.150400 0.153900 0.186200 0.047100 0.220600 0.284100 0.018200 0.236400 0.184200 0.171300 0.219600 0.154400 0.279500 0.204000 0.622300 0.260600 0.164700 0.174900 0.000000 0.189900 0.269200 0.431500 0.220200 0.254200 0.262800 0.289600 0.186800 0.176900 0.195800 0.156200 0.156900 0.172600 0.174800 0.164200
BohorReedb 0.179500 0.687100 0.280700 1.004600 0.159900 0.199600 0.338600 0.306200 0.278000 0.295000 0.183100 0.336500 0.261700 0.245400 0.268500 0.215600 0.429300 0.407600 0.270600 0.294400 0.263200 0.170100 0.298700 0.376300 0.167000 0.254400 0.235000 0.288000 0.248800 0.295400 0.312800 0.256500 0.691600 0.253100 0.295800 0.283300 0.189900 0.000000 0.362400 0.517600 0.301300 0.273000 0.321400 0.384300 0.298400 0.286600 0.262400 0.274000 0.250000 0.231400 0.294700 0.281100
KirksDik 0.280000 0.807500 0.315300 0.938400 0.303700 0.302100 0.316500 0.215800 0.324100 0.346100 0.263200 0.332600 0.323500 0.225300 0.317800 0.183600 0.501600 0.430900 0.314400 0.316000 0.220200 0.259000 0.346300 0.314000 0.268800 0.273800 0.294100 0.334400 0.191800 0.316900 0.394600 0.236500 0.627200 0.377600 0.357100 0.317000 0.269200 0.362400 0.000000 0.464500 0.353900 0.292400 0.361700 0.304700 0.333600 0.268200 0.229500 0.322900 0.310900 0.272400 0.327600 0.328500
RoeDeer 0.480200 0.963700 0.404400 1.276400 0.526600 0.507100 0.462200 0.450000 0.444900 0.275300 0.409700 0.425600 0.485800 0.412400 0.397900 0.465500 0.586900 0.578800 0.487500 0.436700 0.473100 0.472000 0.277900 0.187200 0.430600 0.518300 0.449500 0.456200 0.436100 0.438300 0.337200 0.425500 0.605200 0.430500 0.452900 0.423200 0.431500 0.517600 0.464500 0.000000 0.267200 0.574500 0.303700 0.191400 0.425400 0.427900 0.446000 0.509100 0.433900 0.420100 0.450400 0.452200
WhiteLippe 0.256400 0.627600 0.227400 0.880700 0.368500 0.277600 0.329700 0.285200 0.225800 0.069300 0.213700 0.185500 0.231300 0.216300 0.261700 0.287000 0.337300 0.295200 0.241500 0.217600 0.257700 0.247800 0.067400 0.159500 0.219900 0.320000 0.206000 0.235600 0.293700 0.218300 0.118700 0.227100 0.598600 0.355300 0.277500 0.172900 0.220200 0.301300 0.353900 0.267200 0.000000 0.367100 0.079800 0.162800 0.185200 0.318300 0.272300 0.256200 0.246000 0.203700 0.240700 0.229000
ThomsonGaz 0.216800 0.805800 0.312700 1.090700 0.340100 0.218400 0.316400 0.189700 0.309500 0.371500 0.220200 0.331600 0.245100 0.223900 0.287500 0.131300 0.494200 0.423900 0.236100 0.327100 0.167100 0.232600 0.331900 0.416600 0.228900 0.044800 0.218000 0.319900 0.168900 0.328700 0.376200 0.235700 0.793900 0.328800 0.327000 0.315000 0.254200 0.273000 0.292400 0.574500 0.367100 0.000000 0.387700 0.407900 0.331900 0.336200 0.241800 0.267200 0.261000 0.313300 0.313300 0.340400
MuntiacusC 0.300000 0.641400 0.189300 0.889000 0.360500 0.321500 0.377100 0.348500 0.209800 0.028400 0.281300 0.203600 0.275800 0.259700 0.255700 0.280600 0.369700 0.313700 0.285900 0.201700 0.252400 0.291600 0.085900 0.134200 0.262500 0.369800 0.249600 0.219400 0.287300 0.202500 0.056200 0.270600 0.660500 0.347000 0.321500 0.213900 0.262800 0.321400 0.361700 0.303700 0.079800 0.387700 0.000000 0.136900 0.226800 0.337800 0.292700 0.275400 0.275800 0.216000 0.223900 0.212700
WhiteTaile 0.329400 0.783100 0.246300 0.875300 0.423900 0.352400 0.279900 0.378900 0.279900 0.125300 0.310100 0.249100 0.331500 0.285800 0.339700 0.295600 0.374400 0.366300 0.341300 0.272000 0.305500 0.320600 0.143300 0.020400 0.289300 0.389100 0.302600 0.290100 0.275100 0.272600 0.166800 0.297200 0.548500 0.369100 0.310700 0.285700 0.289600 0.384300 0.304700 0.191400 0.162800 0.407900 0.136900 0.000000 0.300900 0.289100 0.293100 0.340100 0.344400 0.270400 0.282900 0.283900
Cattle 0.198500 0.558200 0.195000 0.817800 0.272900 0.217700 0.313200 0.321100 0.151700 0.192000 0.158500 0.113200 0.218600 0.182700 0.187300 0.246200 0.364100 0.274100 0.182800 0.185000 0.243400 0.190000 0.187000 0.295000 0.165500 0.300200 0.194800 0.160900 0.278100 0.185800 0.198800 0.192800 0.619300 0.322800 0.206400 0.027100 0.186800 0.298400 0.333600 0.425400 0.185200 0.331900 0.226800 0.300900 0.000000 0.231600 0.268400 0.220400 0.210500 0.187600 0.185000 0.195600
RoyalAntel 0.188500 0.616000 0.273700 0.892800 0.249300 0.207300 0.272900 0.349300 0.271300 0.298500 0.191600 0.254300 0.290900 0.171500 0.201500 0.238700 0.429200 0.393600 0.240700 0.275600 0.244300 0.179900 0.290500 0.283400 0.155700 0.318800 0.265100 0.280900 0.277700 0.276400 0.317200 0.181500 0.587100 0.287600 0.218300 0.218900 0.176900 0.286600 0.268200 0.427900 0.318300 0.336200 0.337800 0.289100 0.231600 0.000000 0.270400 0.232400 0.232900 0.250400 0.262900 0.298400
Steenbok 0.219600 0.742100 0.252200 1.009400 0.303400 0.240900 0.304800 0.179600 0.249800 0.278300 0.188800 0.309100 0.244100 0.202300 0.224100 0.099900 0.460700 0.408500 0.238600 0.241400 0.158200 0.223400 0.295800 0.302500 0.195500 0.222900 0.217300 0.260100 0.180400 0.242100 0.310000 0.213400 0.648500 0.319100 0.216900 0.267500 0.195800 0.262400 0.229500 0.446000 0.272300 0.241800 0.292700 0.293100 0.268400 0.270400 0.000000 0.221300 0.233300 0.249800 0.252500 0.253300
Impala 0.167400 0.633000 0.217400 0.948500 0.298500 0.186000 0.312600 0.270000 0.215600 0.238700 0.170300 0.243200 0.219800 0.183500 0.167400 0.200500 0.416100 0.331900 0.161800 0.229400 0.153500 0.147700 0.232500 0.347800 0.135300 0.249800 0.195900 0.225000 0.255100 0.230100 0.268400 0.193600 0.721600 0.298400 0.197400 0.207900 0.156200 0.274000 0.322900 0.509100 0.256200 0.267200 0.275400 0.340100 0.220400 0.232400 0.221300 0.000000 0.189500 0.239500 0.229500 0.240400
Klipspring 0.168300 0.646900 0.229700 0.887000 0.227500 0.186800 0.275100 0.272300 0.205800 0.239000 0.149600 0.233400 0.209000 0.173400 0.180200 0.206800 0.354000 0.346200 0.173800 0.219500 0.187600 0.159500 0.222600 0.337500 0.135900 0.243300 0.185400 0.215200 0.254500 0.220300 0.268600 0.183500 0.648700 0.249600 0.175600 0.198100 0.156900 0.250000 0.310900 0.433900 0.246000 0.261000 0.275800 0.344400 0.210500 0.232900 0.233300 0.189500 0.000000 0.206700 0.207800 0.230600
ForestMusk 0.173000 0.538000 0.163600 0.728600 0.258400 0.191500 0.293000 0.275700 0.141700 0.204000 0.175800 0.199400 0.214300 0.200800 0.232000 0.218700 0.317000 0.264300 0.200700 0.133000 0.240100 0.164900 0.145700 0.265200 0.162600 0.295100 0.190700 0.150900 0.265100 0.133100 0.245800 0.211200 0.654300 0.279100 0.237500 0.175700 0.172600 0.231400 0.272400 0.420100 0.203700 0.313300 0.216000 0.270400 0.187600 0.250400 0.249800 0.239500 0.206700 0.000000 0.159800 0.132300
Bushbuck 0.186200 0.568800 0.044200 0.791300 0.269700 0.194800 0.306900 0.288800 0.026100 0.235000 0.168000 0.194800 0.227900 0.201700 0.198100 0.219500 0.348300 0.271300 0.181300 0.035300 0.193900 0.177500 0.174900 0.277600 0.153800 0.295500 0.204000 0.034700 0.274600 0.035500 0.218800 0.211800 0.669800 0.318100 0.182200 0.173200 0.174800 0.294700 0.327600 0.450400 0.240700 0.313300 0.223900 0.282900 0.185000 0.262900 0.252500 0.229500 0.207800 0.159800 0.000000 0.044300
GreaterKud 0.196700 0.597100 0.053300 0.829100 0.294500 0.205100 0.333700 0.290000 0.034900 0.223600 0.178500 0.205300 0.239300 0.224900 0.196900 0.243600 0.359900 0.281900 0.192100 0.026400 0.217100 0.188100 0.185400 0.278600 0.164100 0.322900 0.215100 0.043500 0.299700 0.026500 0.229600 0.235100 0.645100 0.304100 0.205300 0.183600 0.164200 0.281100 0.328500 0.452200 0.229000 0.340400 0.212700 0.283900 0.195600 0.298400 0.253300 0.240400 0.230600 0.132300 0.044300 0.000000
