CODONML (in paml version 4.10.7, June 2023)  /home/rachel/ruminants_paml/6406-phy-tree/ENSBTAT00000034677.fasta.phy
Model: free dN/dS Ratios for branches,  kappa = 2.000 fixed

Codon frequency model: F3x4
ns =  54  ls =  59

Codon usage in sequences
--------------------------------------------------------------------------------------------------------------------------------------
Phe TTT   0   0   0   0   1   0 | Ser TCT   0   0   0   0   0   0 | Tyr TAT   0   0   0   0   0   0 | Cys TGT   0   0   0   0   0   0
    TTC   2   2   2   2   1   3 |     TCC   1   1   1   1   1   1 |     TAC   2   2   2   2   2   2 |     TGC   0   0   0   0   0   0
Leu TTA   0   0   0   0   0   0 |     TCA   0   0   0   0   0   0 | *** TAA   0   0   0   0   0   0 | *** TGA   0   0   0   0   0   0
    TTG   1   1   1   1   1   0 |     TCG   0   0   0   0   0   0 |     TAG   0   0   0   0   0   0 | Trp TGG   2   2   2   2   2   2
--------------------------------------------------------------------------------------------------------------------------------------
Leu CTT   0   0   0   0   0   0 | Pro CCT   0   0   0   0   0   0 | His CAT   1   0   1   1   0   0 | Arg CGT   0   0   0   0   0   0
    CTC   2   2   2   2   2   2 |     CCC   1   1   1   1   2   1 |     CAC   3   4   3   3   4   3 |     CGC   0   0   0   0   0   1
    CTA   0   0   0   0   0   0 |     CCA   0   0   1   0   1   1 | Gln CAA   0   0   0   0   0   0 |     CGA   0   0   0   0   0   0
    CTG   3   3   3   3   3   4 |     CCG   3   3   2   3   1   2 |     CAG   2   2   2   2   2   2 |     CGG   0   0   0   0   0   0
--------------------------------------------------------------------------------------------------------------------------------------
Ile ATT   0   0   0   0   0   0 | Thr ACT   0   0   0   0   0   0 | Asn AAT   0   0   0   0   1   1 | Ser AGT   0   0   0   0   0   0
    ATC   3   3   3   3   3   4 |     ACC   1   1   1   1   1   1 |     AAC   4   4   4   4   3   3 |     AGC   2   2   2   2   2   3
    ATA   0   0   0   0   0   0 |     ACA   0   0   0   0   0   0 | Lys AAA   0   1   0   0   0   1 | Arg AGA   0   0   0   0   0   0
Met ATG   3   3   3   3   3   1 |     ACG   1   1   1   1   1   1 |     AAG   2   1   2   2   2   1 |     AGG   0   0   0   0   0   0
--------------------------------------------------------------------------------------------------------------------------------------
Val GTT   0   0   0   0   0   0 | Ala GCT   0   0   0   0   1   0 | Asp GAT   0   1   0   0   1   0 | Gly GGT   0   1   0   0   1   0
    GTC   0   1   0   0   0   1 |     GCC   2   2   2   2   0   1 |     GAC   4   3   4   4   3   6 |     GGC   3   2   3   3   2   3
    GTA   1   0   1   1   1   0 |     GCA   0   0   0   0   0   0 | Glu GAA   0   0   0   0   0   0 |     GGA   0   0   0   0   0   0
    GTG   3   3   3   3   3   3 |     GCG   1   1   1   1   2   1 |     GAG   5   5   5   5   5   4 |     GGG   1   1   1   1   1   0
--------------------------------------------------------------------------------------------------------------------------------------

--------------------------------------------------------------------------------------------------------------------------------------
Phe TTT   0   0   0   0   0   0 | Ser TCT   0   0   0   0   0   0 | Tyr TAT   0   0   0   0   0   0 | Cys TGT   0   0   0   0   0   0
    TTC   2   2   2   2   2   2 |     TCC   1   1   1   1   1   1 |     TAC   2   2   2   2   2   2 |     TGC   0   0   0   0   0   0
Leu TTA   0   0   0   0   0   0 |     TCA   0   0   0   0   0   0 | *** TAA   0   0   0   0   0   0 | *** TGA   0   0   0   0   0   0
    TTG   1   1   1   1   1   1 |     TCG   0   0   0   0   0   0 |     TAG   0   0   0   0   0   0 | Trp TGG   2   2   2   2   2   2
--------------------------------------------------------------------------------------------------------------------------------------
Leu CTT   0   0   0   0   0   0 | Pro CCT   0   0   0   0   0   0 | His CAT   1   1   1   2   1   1 | Arg CGT   0   0   0   0   0   0
    CTC   2   2   2   2   2   2 |     CCC   1   2   1   1   1   1 |     CAC   3   3   3   2   3   3 |     CGC   0   0   0   0   0   0
    CTA   0   0   0   0   0   0 |     CCA   0   0   0   1   0   0 | Gln CAA   0   0   0   0   0   0 |     CGA   0   0   0   0   0   0
    CTG   3   3   3   3   3   3 |     CCG   3   2   3   2   3   3 |     CAG   2   2   2   2   2   2 |     CGG   0   1   0   0   0   0
--------------------------------------------------------------------------------------------------------------------------------------
Ile ATT   0   0   0   0   0   0 | Thr ACT   0   0   0   0   0   0 | Asn AAT   0   0   0   1   0   0 | Ser AGT   0   0   0   0   0   0
    ATC   3   3   3   3   3   3 |     ACC   1   1   1   1   1   1 |     AAC   4   4   4   3   4   4 |     AGC   2   2   2   2   2   2
    ATA   0   0   0   0   0   0 |     ACA   0   0   0   0   0   0 | Lys AAA   0   0   0   0   0   0 | Arg AGA   0   0   0   0   0   0
Met ATG   3   3   3   3   3   3 |     ACG   1   1   1   1   1   1 |     AAG   2   2   2   2   2   2 |     AGG   0   0   0   0   0   0
--------------------------------------------------------------------------------------------------------------------------------------
Val GTT   0   0   0   0   0   0 | Ala GCT   0   0   0   0   0   0 | Asp GAT   0   0   0   0   0   0 | Gly GGT   0   0   0   0   0   1
    GTC   0   0   0   0   0   0 |     GCC   2   2   2   2   2   2 |     GAC   4   4   4   4   4   4 |     GGC   3   3   3   3   3   2
    GTA   1   1   1   1   1   1 |     GCA   0   0   0   0   0   0 | Glu GAA   0   0   0   0   0   0 |     GGA   0   0   0   0   0   0
    GTG   3   3   3   3   3   3 |     GCG   1   1   1   1   1   1 |     GAG   5   5   5   5   5   5 |     GGG   1   0   1   1   1   1
--------------------------------------------------------------------------------------------------------------------------------------

--------------------------------------------------------------------------------------------------------------------------------------
Phe TTT   0   0   0   0   1   0 | Ser TCT   0   0   0   0   0   0 | Tyr TAT   0   0   1   0   0   0 | Cys TGT   0   0   0   0   0   0
    TTC   2   2   2   2   1   2 |     TCC   1   1   1   1   1   1 |     TAC   2   2   1   2   2   2 |     TGC   0   0   0   0   0   0
Leu TTA   0   0   0   0   0   0 |     TCA   0   0   0   0   0   0 | *** TAA   0   0   0   0   0   0 | *** TGA   0   0   0   0   0   0
    TTG   1   1   1   1   1   1 |     TCG   0   0   0   0   0   0 |     TAG   0   0   0   0   0   0 | Trp TGG   2   2   2   2   2   2
--------------------------------------------------------------------------------------------------------------------------------------
Leu CTT   0   0   0   0   0   0 | Pro CCT   0   0   0   0   0   0 | His CAT   1   1   1   1   1   1 | Arg CGT   0   0   0   0   0   0
    CTC   2   2   2   2   2   2 |     CCC   1   1   1   1   1   1 |     CAC   3   3   3   3   3   3 |     CGC   0   0   0   0   0   0
    CTA   0   0   0   0   0   0 |     CCA   1   0   0   1   1   0 | Gln CAA   0   0   0   0   0   0 |     CGA   0   0   0   0   0   0
    CTG   3   3   3   3   3   3 |     CCG   2   3   3   2   2   3 |     CAG   2   2   2   2   2   2 |     CGG   0   0   0   0   0   0
--------------------------------------------------------------------------------------------------------------------------------------
Ile ATT   0   0   0   0   0   0 | Thr ACT   0   0   0   0   0   0 | Asn AAT   0   1   0   1   1   1 | Ser AGT   0   0   0   0   0   0
    ATC   3   3   3   3   3   3 |     ACC   1   1   1   1   1   1 |     AAC   4   3   4   3   3   3 |     AGC   2   2   2   2   2   2
    ATA   0   0   0   0   0   0 |     ACA   0   0   0   0   0   0 | Lys AAA   0   0   0   0   0   0 | Arg AGA   0   0   0   0   0   0
Met ATG   3   3   3   3   3   3 |     ACG   1   1   1   1   1   1 |     AAG   2   2   2   2   2   2 |     AGG   0   0   0   0   0   0
--------------------------------------------------------------------------------------------------------------------------------------
Val GTT   0   0   0   0   0   0 | Ala GCT   0   0   0   0   0   0 | Asp GAT   1   1   0   0   0   0 | Gly GGT   0   0   0   0   1   0
    GTC   0   0   0   0   0   0 |     GCC   2   2   2   2   2   2 |     GAC   3   3   4   4   4   4 |     GGC   3   3   3   3   2   3
    GTA   2   1   1   1   1   1 |     GCA   0   0   0   0   0   0 | Glu GAA   0   0   0   0   0   0 |     GGA   0   0   0   0   0   0
    GTG   2   3   3   3   3   3 |     GCG   1   1   1   1   1   1 |     GAG   5   5   5   5   5   5 |     GGG   1   1   1   1   1   1
--------------------------------------------------------------------------------------------------------------------------------------

--------------------------------------------------------------------------------------------------------------------------------------
Phe TTT   0   0   0   0   0   0 | Ser TCT   0   0   0   0   0   0 | Tyr TAT   0   0   0   0   0   0 | Cys TGT   0   0   0   0   0   0
    TTC   2   2   2   2   2   2 |     TCC   1   1   1   1   1   1 |     TAC   2   2   2   2   2   2 |     TGC   0   0   0   0   0   0
Leu TTA   0   0   0   0   0   0 |     TCA   0   0   0   0   0   0 | *** TAA   0   0   0   0   0   0 | *** TGA   0   0   0   0   0   0
    TTG   1   1   1   1   1   1 |     TCG   0   0   0   0   0   0 |     TAG   0   0   0   0   0   0 | Trp TGG   2   2   2   2   2   2
--------------------------------------------------------------------------------------------------------------------------------------
Leu CTT   0   0   0   0   0   0 | Pro CCT   1   1   0   0   0   0 | His CAT   1   1   1   1   1   1 | Arg CGT   0   0   0   0   0   0
    CTC   2   2   2   2   2   2 |     CCC   1   1   1   1   1   1 |     CAC   3   3   3   3   3   3 |     CGC   0   0   0   0   0   0
    CTA   0   0   0   0   0   0 |     CCA   0   0   0   0   0   0 | Gln CAA   0   0   0   0   0   0 |     CGA   0   0   0   0   0   0
    CTG   3   3   3   3   3   3 |     CCG   2   2   3   3   3   3 |     CAG   2   2   2   2   2   2 |     CGG   0   0   0   0   0   0
--------------------------------------------------------------------------------------------------------------------------------------
Ile ATT   0   0   0   0   0   0 | Thr ACT   0   0   0   0   0   0 | Asn AAT   0   0   0   0   1   0 | Ser AGT   0   0   0   0   0   0
    ATC   3   3   3   3   3   3 |     ACC   1   1   1   1   1   1 |     AAC   4   4   4   4   3   4 |     AGC   2   2   2   2   2   2
    ATA   0   0   0   0   0   0 |     ACA   0   0   0   0   0   0 | Lys AAA   0   0   0   0   0   0 | Arg AGA   0   0   0   0   0   0
Met ATG   3   3   3   3   3   3 |     ACG   1   1   1   1   1   1 |     AAG   2   2   2   2   2   2 |     AGG   0   0   0   0   0   0
--------------------------------------------------------------------------------------------------------------------------------------
Val GTT   0   0   0   0   0   0 | Ala GCT   0   0   0   0   0   0 | Asp GAT   0   0   0   0   0   0 | Gly GGT   0   0   0   0   0   0
    GTC   0   0   0   0   0   0 |     GCC   2   2   2   2   2   2 |     GAC   4   4   4   4   4   4 |     GGC   3   3   3   3   3   3
    GTA   1   1   1   1   1   2 |     GCA   0   0   0   0   0   0 | Glu GAA   0   0   0   0   0   0 |     GGA   0   0   0   0   0   0
    GTG   3   3   3   3   3   2 |     GCG   1   1   1   1   1   1 |     GAG   5   5   5   5   5   5 |     GGG   1   1   1   1   1   1
--------------------------------------------------------------------------------------------------------------------------------------

--------------------------------------------------------------------------------------------------------------------------------------
Phe TTT   0   0   0   0   0   0 | Ser TCT   0   0   0   0   0   0 | Tyr TAT   0   0   0   0   1   0 | Cys TGT   0   0   0   0   0   0
    TTC   2   2   2   2   2   2 |     TCC   1   1   1   1   1   1 |     TAC   2   2   2   2   1   2 |     TGC   0   0   0   0   0   0
Leu TTA   0   0   0   0   0   0 |     TCA   0   0   0   0   0   0 | *** TAA   0   0   0   0   0   0 | *** TGA   0   0   0   0   0   0
    TTG   1   1   1   1   1   1 |     TCG   0   0   0   0   0   0 |     TAG   0   0   0   0   0   0 | Trp TGG   2   2   2   2   2   2
--------------------------------------------------------------------------------------------------------------------------------------
Leu CTT   0   0   0   0   0   0 | Pro CCT   0   0   0   0   0   0 | His CAT   1   1   1   1   1   1 | Arg CGT   0   0   0   0   0   0
    CTC   2   2   2   2   2   2 |     CCC   1   1   1   1   1   1 |     CAC   3   3   3   3   3   3 |     CGC   0   0   0   0   0   0
    CTA   0   0   0   0   0   0 |     CCA   1   0   0   0   0   0 | Gln CAA   0   0   0   0   0   0 |     CGA   0   0   0   0   0   0
    CTG   3   3   3   3   3   3 |     CCG   2   3   3   3   3   3 |     CAG   2   2   2   2   2   2 |     CGG   0   0   0   0   0   0
--------------------------------------------------------------------------------------------------------------------------------------
Ile ATT   0   0   0   0   0   0 | Thr ACT   0   0   0   0   0   0 | Asn AAT   0   0   0   1   0   0 | Ser AGT   0   0   0   0   0   0
    ATC   3   3   3   3   3   3 |     ACC   1   1   1   1   1   1 |     AAC   4   4   4   3   4   4 |     AGC   2   2   2   2   2   2
    ATA   0   0   0   0   0   0 |     ACA   0   0   0   0   0   0 | Lys AAA   0   0   0   0   0   0 | Arg AGA   0   0   0   0   0   0
Met ATG   3   3   3   3   3   3 |     ACG   1   1   1   1   1   1 |     AAG   2   2   2   2   2   2 |     AGG   0   0   0   0   0   0
--------------------------------------------------------------------------------------------------------------------------------------
Val GTT   0   0   0   0   0   0 | Ala GCT   0   0   0   0   0   0 | Asp GAT   0   0   0   0   0   0 | Gly GGT   1   1   0   0   0   0
    GTC   0   0   0   0   0   0 |     GCC   2   2   2   2   2   2 |     GAC   4   4   4   4   4   4 |     GGC   2   2   3   3   3   3
    GTA   1   1   2   1   1   1 |     GCA   0   0   0   0   0   0 | Glu GAA   0   0   0   0   0   0 |     GGA   0   0   0   0   0   0
    GTG   3   3   2   3   3   3 |     GCG   1   1   1   1   1   1 |     GAG   5   5   5   5   5   5 |     GGG   1   1   1   1   1   1
--------------------------------------------------------------------------------------------------------------------------------------

--------------------------------------------------------------------------------------------------------------------------------------
Phe TTT   0   0   0   0   0   0 | Ser TCT   0   0   0   0   0   0 | Tyr TAT   0   0   0   0   0   1 | Cys TGT   0   0   0   0   0   0
    TTC   2   2   2   2   2   2 |     TCC   1   1   1   1   1   1 |     TAC   2   2   2   2   2   1 |     TGC   0   0   0   0   0   0
Leu TTA   0   0   0   0   0   0 |     TCA   0   0   0   0   0   0 | *** TAA   0   0   0   0   0   0 | *** TGA   0   0   0   0   0   0
    TTG   1   1   1   1   1   1 |     TCG   0   0   0   0   0   0 |     TAG   0   0   0   0   0   0 | Trp TGG   2   2   2   2   2   2
--------------------------------------------------------------------------------------------------------------------------------------
Leu CTT   0   0   0   0   0   0 | Pro CCT   0   0   0   0   0   0 | His CAT   1   1   1   1   1   1 | Arg CGT   0   0   0   0   0   0
    CTC   2   2   2   2   2   2 |     CCC   1   1   1   1   1   1 |     CAC   3   3   3   3   3   3 |     CGC   0   0   0   0   0   0
    CTA   0   0   0   0   0   0 |     CCA   0   0   0   1   2   0 | Gln CAA   0   0   0   0   0   0 |     CGA   0   0   0   0   0   0
    CTG   3   3   3   3   3   3 |     CCG   3   3   3   2   1   3 |     CAG   2   2   2   2   2   2 |     CGG   0   0   0   0   0   0
--------------------------------------------------------------------------------------------------------------------------------------
Ile ATT   0   0   0   0   0   0 | Thr ACT   0   0   0   1   0   0 | Asn AAT   1   0   0   1   0   0 | Ser AGT   0   0   0   0   0   0
    ATC   3   3   3   3   3   3 |     ACC   1   1   1   1   1   1 |     AAC   3   4   4   3   4   4 |     AGC   2   2   2   2   2   2
    ATA   0   0   0   0   0   0 |     ACA   0   0   0   0   0   0 | Lys AAA   0   0   0   0   0   0 | Arg AGA   0   0   0   0   0   0
Met ATG   3   3   3   3   3   3 |     ACG   1   1   1   0   1   1 |     AAG   2   2   2   2   2   2 |     AGG   0   0   0   0   0   0
--------------------------------------------------------------------------------------------------------------------------------------
Val GTT   0   0   0   0   0   0 | Ala GCT   0   0   0   0   0   0 | Asp GAT   0   0   0   0   0   0 | Gly GGT   0   0   1   0   0   0
    GTC   0   0   0   0   0   0 |     GCC   2   2   2   2   2   2 |     GAC   4   4   4   4   4   4 |     GGC   3   3   2   3   3   3
    GTA   1   1   1   1   1   1 |     GCA   0   0   0   0   0   0 | Glu GAA   0   0   0   0   0   0 |     GGA   0   0   0   0   0   0
    GTG   3   3   3   3   3   3 |     GCG   1   1   1   1   1   1 |     GAG   5   5   5   5   5   5 |     GGG   1   1   1   1   1   1
--------------------------------------------------------------------------------------------------------------------------------------

--------------------------------------------------------------------------------------------------------------------------------------
Phe TTT   0   0   0   0   0   0 | Ser TCT   0   0   0   0   0   0 | Tyr TAT   1   0   0   0   0   0 | Cys TGT   0   0   0   0   0   0
    TTC   2   2   2   2   2   2 |     TCC   1   1   1   1   1   1 |     TAC   1   2   2   2   2   2 |     TGC   0   0   0   0   0   0
Leu TTA   0   0   0   0   0   0 |     TCA   0   0   0   0   0   0 | *** TAA   0   0   0   0   0   0 | *** TGA   0   0   0   0   0   0
    TTG   1   1   1   1   1   1 |     TCG   0   0   0   0   0   0 |     TAG   0   0   0   0   0   0 | Trp TGG   2   2   2   2   2   2
--------------------------------------------------------------------------------------------------------------------------------------
Leu CTT   0   0   0   0   0   0 | Pro CCT   0   0   0   0   0   0 | His CAT   1   1   1   1   1   1 | Arg CGT   0   0   0   0   0   0
    CTC   2   2   2   2   2   2 |     CCC   1   1   1   1   2   1 |     CAC   3   3   3   3   3   3 |     CGC   0   0   0   0   0   0
    CTA   1   0   0   0   0   1 |     CCA   0   1   0   0   1   0 | Gln CAA   0   0   0   0   0   0 |     CGA   0   0   0   0   0   0
    CTG   2   3   3   3   3   2 |     CCG   3   2   3   3   1   3 |     CAG   2   2   2   2   2   2 |     CGG   0   0   0   0   0   0
--------------------------------------------------------------------------------------------------------------------------------------
Ile ATT   0   0   0   0   0   0 | Thr ACT   0   0   0   0   0   0 | Asn AAT   0   0   0   0   1   0 | Ser AGT   0   0   0   0   0   0
    ATC   3   3   3   3   3   3 |     ACC   1   1   1   1   1   1 |     AAC   4   4   4   4   3   4 |     AGC   2   2   2   2   2   2
    ATA   0   0   0   0   0   0 |     ACA   0   0   0   0   0   0 | Lys AAA   0   0   0   0   0   0 | Arg AGA   0   0   0   0   0   0
Met ATG   3   3   3   3   3   3 |     ACG   1   1   1   1   1   1 |     AAG   2   2   2   2   2   2 |     AGG   0   0   0   0   0   0
--------------------------------------------------------------------------------------------------------------------------------------
Val GTT   0   0   0   0   0   0 | Ala GCT   0   0   0   0   0   0 | Asp GAT   0   0   0   0   0   0 | Gly GGT   0   0   0   0   0   1
    GTC   0   0   0   0   0   0 |     GCC   2   2   2   2   2   2 |     GAC   4   4   4   4   4   4 |     GGC   3   3   3   3   3   2
    GTA   1   1   2   1   1   1 |     GCA   0   0   0   0   0   0 | Glu GAA   0   0   0   0   0   0 |     GGA   0   0   0   0   0   0
    GTG   3   3   2   3   3   3 |     GCG   1   1   1   1   1   1 |     GAG   5   5   5   5   5   5 |     GGG   1   1   1   1   1   1
--------------------------------------------------------------------------------------------------------------------------------------

--------------------------------------------------------------------------------------------------------------------------------------
Phe TTT   0   0   0   0   0   0 | Ser TCT   0   0   0   0   0   0 | Tyr TAT   0   0   0   0   0   0 | Cys TGT   0   0   0   0   0   0
    TTC   2   2   2   2   2   2 |     TCC   1   1   1   1   1   1 |     TAC   2   2   2   2   2   2 |     TGC   0   0   0   0   0   0
Leu TTA   0   0   0   0   0   0 |     TCA   0   0   0   0   0   0 | *** TAA   0   0   0   0   0   0 | *** TGA   0   0   0   0   0   0
    TTG   1   1   1   1   1   1 |     TCG   0   0   0   0   0   0 |     TAG   0   0   0   0   0   0 | Trp TGG   2   2   2   2   2   2
--------------------------------------------------------------------------------------------------------------------------------------
Leu CTT   0   0   0   0   0   0 | Pro CCT   0   0   0   0   0   0 | His CAT   1   1   1   1   1   1 | Arg CGT   0   0   0   0   0   0
    CTC   2   2   2   2   2   2 |     CCC   1   1   1   1   1   1 |     CAC   3   3   3   3   3   3 |     CGC   0   0   0   0   0   0
    CTA   0   0   0   0   0   0 |     CCA   1   0   0   0   0   1 | Gln CAA   0   0   0   0   0   0 |     CGA   0   0   0   0   0   0
    CTG   3   3   3   3   3   3 |     CCG   2   3   3   3   3   2 |     CAG   2   2   2   2   2   2 |     CGG   0   0   0   0   0   0
--------------------------------------------------------------------------------------------------------------------------------------
Ile ATT   0   0   0   0   0   0 | Thr ACT   0   0   0   0   0   0 | Asn AAT   0   1   0   0   0   1 | Ser AGT   0   0   0   0   0   0
    ATC   3   3   3   3   3   3 |     ACC   1   1   1   1   1   1 |     AAC   4   3   4   4   4   3 |     AGC   2   2   2   2   2   2
    ATA   0   0   0   0   0   0 |     ACA   0   0   0   0   0   0 | Lys AAA   0   0   0   0   0   0 | Arg AGA   0   0   0   0   0   0
Met ATG   3   3   3   3   3   3 |     ACG   1   1   1   1   1   1 |     AAG   2   2   2   2   2   2 |     AGG   0   0   0   0   0   0
--------------------------------------------------------------------------------------------------------------------------------------
Val GTT   0   0   0   0   0   0 | Ala GCT   0   0   0   0   0   0 | Asp GAT   0   0   0   0   0   0 | Gly GGT   1   0   1   1   0   0
    GTC   0   0   0   0   0   0 |     GCC   2   2   2   2   2   2 |     GAC   4   4   4   4   4   4 |     GGC   2   3   2   2   3   3
    GTA   1   1   1   1   1   1 |     GCA   0   0   0   0   0   0 | Glu GAA   0   0   0   0   0   0 |     GGA   0   0   0   0   0   0
    GTG   3   3   3   3   3   3 |     GCG   1   1   1   1   1   1 |     GAG   5   5   5   5   5   5 |     GGG   1   1   1   1   1   1
--------------------------------------------------------------------------------------------------------------------------------------

--------------------------------------------------------------------------------------------------------------------------------------
Phe TTT   0   0   0   0   0   0 | Ser TCT   0   0   0   0   0   0 | Tyr TAT   0   0   0   0   0   0 | Cys TGT   0   0   0   0   0   0
    TTC   2   2   2   2   2   2 |     TCC   1   1   1   1   1   1 |     TAC   2   2   2   2   2   2 |     TGC   0   0   0   0   0   0
Leu TTA   0   0   0   0   0   0 |     TCA   0   0   0   0   0   0 | *** TAA   0   0   0   0   0   0 | *** TGA   0   0   0   0   0   0
    TTG   1   1   1   1   1   1 |     TCG   0   0   0   0   0   0 |     TAG   0   0   0   0   0   0 | Trp TGG   2   2   2   2   2   2
--------------------------------------------------------------------------------------------------------------------------------------
Leu CTT   0   0   0   0   0   0 | Pro CCT   0   0   0   0   0   0 | His CAT   1   0   1   1   1   1 | Arg CGT   0   0   0   0   0   0
    CTC   2   2   2   2   2   2 |     CCC   1   1   1   1   1   1 |     CAC   3   4   3   3   3   3 |     CGC   0   0   0   0   0   0
    CTA   0   0   0   0   0   0 |     CCA   1   1   0   0   0   0 | Gln CAA   0   0   0   0   0   0 |     CGA   0   0   0   0   0   0
    CTG   3   3   3   3   3   3 |     CCG   2   2   3   3   3   3 |     CAG   2   2   2   2   2   2 |     CGG   0   0   0   0   0   0
--------------------------------------------------------------------------------------------------------------------------------------
Ile ATT   0   0   0   0   0   0 | Thr ACT   0   0   0   0   0   0 | Asn AAT   1   0   1   0   0   0 | Ser AGT   0   0   0   0   0   0
    ATC   3   3   3   3   3   3 |     ACC   1   1   1   1   1   1 |     AAC   3   4   3   4   4   4 |     AGC   2   2   2   2   2   2
    ATA   0   0   0   0   0   0 |     ACA   0   0   0   0   0   0 | Lys AAA   0   0   0   0   0   0 | Arg AGA   0   0   0   0   0   0
Met ATG   3   3   3   3   3   3 |     ACG   1   1   1   1   1   1 |     AAG   2   2   2   2   2   2 |     AGG   0   0   0   0   0   0
--------------------------------------------------------------------------------------------------------------------------------------
Val GTT   0   0   0   0   0   0 | Ala GCT   0   0   0   0   0   0 | Asp GAT   1   0   0   0   0   0 | Gly GGT   0   0   0   0   0   0
    GTC   0   0   0   0   0   0 |     GCC   2   2   2   2   2   2 |     GAC   3   4   4   4   4   4 |     GGC   3   3   3   3   3   3
    GTA   1   1   1   1   1   1 |     GCA   0   0   0   0   0   0 | Glu GAA   0   0   0   0   0   0 |     GGA   0   0   0   0   0   0
    GTG   3   3   3   3   3   3 |     GCG   1   1   1   1   1   1 |     GAG   5   5   5   5   5   5 |     GGG   1   1   1   1   1   1
--------------------------------------------------------------------------------------------------------------------------------------

Codon position x base (3x4) table for each sequence.

#1: Argali         
position  1:    T:0.13559    C:0.25424    A:0.27119    G:0.33898
position  2:    T:0.30508    C:0.16949    A:0.38983    G:0.13559
position  3:    T:0.01695    C:0.50847    A:0.01695    G:0.45763
Average         T:0.15254    C:0.31073    A:0.22599    G:0.31073

#2: LesserMouseDeer
position  1:    T:0.13559    C:0.25424    A:0.27119    G:0.33898
position  2:    T:0.30508    C:0.16949    A:0.38983    G:0.13559
position  3:    T:0.03390    C:0.50847    A:0.01695    G:0.44068
Average         T:0.15819    C:0.31073    A:0.22599    G:0.30508

#3: LesserKudu     
position  1:    T:0.13559    C:0.25424    A:0.27119    G:0.33898
position  2:    T:0.30508    C:0.16949    A:0.38983    G:0.13559
position  3:    T:0.01695    C:0.50847    A:0.03390    G:0.44068
Average         T:0.15254    C:0.31073    A:0.23164    G:0.30508

#4: ForestMuskDeer2
position  1:    T:0.13559    C:0.25424    A:0.27119    G:0.33898
position  2:    T:0.30508    C:0.16949    A:0.38983    G:0.13559
position  3:    T:0.01695    C:0.50847    A:0.01695    G:0.45763
Average         T:0.15254    C:0.31073    A:0.22599    G:0.31073

#5: Camel          
position  1:    T:0.13559    C:0.25424    A:0.27119    G:0.33898
position  2:    T:0.30508    C:0.16949    A:0.38983    G:0.13559
position  3:    T:0.08475    C:0.44068    A:0.03390    G:0.44068
Average         T:0.17514    C:0.28814    A:0.23164    G:0.30508

#6: KillerWhale    
position  1:    T:0.13559    C:0.27119    A:0.27119    G:0.32203
position  2:    T:0.30508    C:0.15254    A:0.38983    G:0.15254
position  3:    T:0.01695    C:0.59322    A:0.03390    G:0.35593
Average         T:0.15254    C:0.33898    A:0.23164    G:0.27684

#7: DefassaWaterbuck
position  1:    T:0.13559    C:0.25424    A:0.27119    G:0.33898
position  2:    T:0.30508    C:0.16949    A:0.38983    G:0.13559
position  3:    T:0.01695    C:0.50847    A:0.01695    G:0.45763
Average         T:0.15254    C:0.31073    A:0.22599    G:0.31073

#8: Sheep          
position  1:    T:0.13559    C:0.27119    A:0.27119    G:0.32203
position  2:    T:0.30508    C:0.16949    A:0.38983    G:0.13559
position  3:    T:0.01695    C:0.52542    A:0.01695    G:0.44068
Average         T:0.15254    C:0.32203    A:0.22599    G:0.29944

#9: MaxwellsDuiker 
position  1:    T:0.13559    C:0.25424    A:0.27119    G:0.33898
position  2:    T:0.30508    C:0.16949    A:0.38983    G:0.13559
position  3:    T:0.01695    C:0.50847    A:0.01695    G:0.45763
Average         T:0.15254    C:0.31073    A:0.22599    G:0.31073

#10: GazellaPrzewalskyi
position  1:    T:0.13559    C:0.25424    A:0.27119    G:0.33898
position  2:    T:0.30508    C:0.16949    A:0.38983    G:0.13559
position  3:    T:0.05085    C:0.47458    A:0.03390    G:0.44068
Average         T:0.16384    C:0.29944    A:0.23164    G:0.30508

#11: MountainNyala  
position  1:    T:0.13559    C:0.25424    A:0.27119    G:0.33898
position  2:    T:0.30508    C:0.16949    A:0.38983    G:0.13559
position  3:    T:0.01695    C:0.50847    A:0.01695    G:0.45763
Average         T:0.15254    C:0.31073    A:0.22599    G:0.31073

#12: MuntiacusMuntjak
position  1:    T:0.13559    C:0.25424    A:0.27119    G:0.33898
position  2:    T:0.30508    C:0.16949    A:0.38983    G:0.13559
position  3:    T:0.03390    C:0.49153    A:0.01695    G:0.45763
Average         T:0.15819    C:0.30508    A:0.22599    G:0.31073

#13: goat           
position  1:    T:0.13559    C:0.25424    A:0.27119    G:0.33898
position  2:    T:0.30508    C:0.16949    A:0.38983    G:0.13559
position  3:    T:0.03390    C:0.49153    A:0.05085    G:0.42373
Average         T:0.15819    C:0.30508    A:0.23729    G:0.29944

#14: AfricanBuffalo 
position  1:    T:0.13559    C:0.25424    A:0.27119    G:0.33898
position  2:    T:0.30508    C:0.16949    A:0.38983    G:0.13559
position  3:    T:0.05085    C:0.47458    A:0.01695    G:0.45763
Average         T:0.16384    C:0.29944    A:0.22599    G:0.31073

#15: Topi           
position  1:    T:0.13559    C:0.25424    A:0.27119    G:0.33898
position  2:    T:0.30508    C:0.16949    A:0.38983    G:0.13559
position  3:    T:0.03390    C:0.49153    A:0.01695    G:0.45763
Average         T:0.15819    C:0.30508    A:0.22599    G:0.31073

#16: CommonDuiker   
position  1:    T:0.13559    C:0.25424    A:0.27119    G:0.33898
position  2:    T:0.30508    C:0.16949    A:0.38983    G:0.13559
position  3:    T:0.03390    C:0.49153    A:0.03390    G:0.44068
Average         T:0.15819    C:0.30508    A:0.23164    G:0.30508

#17: Suni           
position  1:    T:0.13559    C:0.25424    A:0.27119    G:0.33898
position  2:    T:0.30508    C:0.16949    A:0.38983    G:0.13559
position  3:    T:0.06780    C:0.45763    A:0.03390    G:0.44068
Average         T:0.16949    C:0.29379    A:0.23164    G:0.30508

#18: Springbuck     
position  1:    T:0.13559    C:0.25424    A:0.27119    G:0.33898
position  2:    T:0.30508    C:0.16949    A:0.38983    G:0.13559
position  3:    T:0.03390    C:0.49153    A:0.01695    G:0.45763
Average         T:0.15819    C:0.30508    A:0.22599    G:0.31073

#19: Okapi          
position  1:    T:0.13559    C:0.25424    A:0.27119    G:0.33898
position  2:    T:0.30508    C:0.16949    A:0.38983    G:0.13559
position  3:    T:0.03390    C:0.50847    A:0.01695    G:0.44068
Average         T:0.15819    C:0.31073    A:0.22599    G:0.30508

#20: Giraffe        
position  1:    T:0.13559    C:0.25424    A:0.27119    G:0.33898
position  2:    T:0.30508    C:0.16949    A:0.38983    G:0.13559
position  3:    T:0.03390    C:0.50847    A:0.01695    G:0.44068
Average         T:0.15819    C:0.31073    A:0.22599    G:0.30508

#21: TibetanAntelope
position  1:    T:0.13559    C:0.25424    A:0.27119    G:0.33898
position  2:    T:0.30508    C:0.16949    A:0.38983    G:0.13559
position  3:    T:0.01695    C:0.50847    A:0.01695    G:0.45763
Average         T:0.15254    C:0.31073    A:0.22599    G:0.31073

#22: Sitatunga      
position  1:    T:0.13559    C:0.25424    A:0.27119    G:0.33898
position  2:    T:0.30508    C:0.16949    A:0.38983    G:0.13559
position  3:    T:0.01695    C:0.50847    A:0.01695    G:0.45763
Average         T:0.15254    C:0.31073    A:0.22599    G:0.31073

#23: Oribi          
position  1:    T:0.13559    C:0.25424    A:0.27119    G:0.33898
position  2:    T:0.30508    C:0.16949    A:0.38983    G:0.13559
position  3:    T:0.03390    C:0.49153    A:0.01695    G:0.45763
Average         T:0.15819    C:0.30508    A:0.22599    G:0.31073

#24: BarbarySheep   
position  1:    T:0.13559    C:0.25424    A:0.27119    G:0.33898
position  2:    T:0.30508    C:0.16949    A:0.38983    G:0.13559
position  3:    T:0.01695    C:0.50847    A:0.03390    G:0.44068
Average         T:0.15254    C:0.31073    A:0.23164    G:0.30508

#25: Daviddeer      
position  1:    T:0.13559    C:0.25424    A:0.27119    G:0.33898
position  2:    T:0.30508    C:0.16949    A:0.38983    G:0.13559
position  3:    T:0.03390    C:0.49153    A:0.03390    G:0.44068
Average         T:0.15819    C:0.30508    A:0.23164    G:0.30508

#26: Reindeer       
position  1:    T:0.13559    C:0.25424    A:0.27119    G:0.33898
position  2:    T:0.30508    C:0.16949    A:0.38983    G:0.13559
position  3:    T:0.03390    C:0.49153    A:0.01695    G:0.45763
Average         T:0.15819    C:0.30508    A:0.22599    G:0.31073

#27: Ibex           
position  1:    T:0.13559    C:0.25424    A:0.27119    G:0.33898
position  2:    T:0.30508    C:0.16949    A:0.38983    G:0.13559
position  3:    T:0.01695    C:0.50847    A:0.03390    G:0.44068
Average         T:0.15254    C:0.31073    A:0.23164    G:0.30508

#28: GyrantGazelle  
position  1:    T:0.13559    C:0.25424    A:0.27119    G:0.33898
position  2:    T:0.30508    C:0.16949    A:0.38983    G:0.13559
position  3:    T:0.03390    C:0.49153    A:0.01695    G:0.45763
Average         T:0.15819    C:0.30508    A:0.22599    G:0.31073

#29: Hartebeest     
position  1:    T:0.13559    C:0.25424    A:0.27119    G:0.33898
position  2:    T:0.30508    C:0.16949    A:0.38983    G:0.13559
position  3:    T:0.03390    C:0.49153    A:0.01695    G:0.45763
Average         T:0.15819    C:0.30508    A:0.22599    G:0.31073

#30: Bongo          
position  1:    T:0.13559    C:0.25424    A:0.27119    G:0.33898
position  2:    T:0.30508    C:0.16949    A:0.38983    G:0.13559
position  3:    T:0.01695    C:0.50847    A:0.01695    G:0.45763
Average         T:0.15254    C:0.31073    A:0.22599    G:0.31073

#31: Gerenuk        
position  1:    T:0.13559    C:0.25424    A:0.27119    G:0.33898
position  2:    T:0.30508    C:0.16949    A:0.38983    G:0.13559
position  3:    T:0.03390    C:0.49153    A:0.01695    G:0.45763
Average         T:0.15819    C:0.30508    A:0.22599    G:0.31073

#32: CommonEland    
position  1:    T:0.13559    C:0.25424    A:0.27119    G:0.33898
position  2:    T:0.30508    C:0.16949    A:0.38983    G:0.13559
position  3:    T:0.01695    C:0.50847    A:0.01695    G:0.45763
Average         T:0.15254    C:0.31073    A:0.22599    G:0.31073

#33: MuntiacusReevesi
position  1:    T:0.13559    C:0.25424    A:0.27119    G:0.33898
position  2:    T:0.30508    C:0.16949    A:0.38983    G:0.13559
position  3:    T:0.03390    C:0.49153    A:0.01695    G:0.45763
Average         T:0.15819    C:0.30508    A:0.22599    G:0.31073

#34: HarveysDuiker  
position  1:    T:0.13559    C:0.25424    A:0.27119    G:0.33898
position  2:    T:0.30508    C:0.16949    A:0.38983    G:0.13559
position  3:    T:0.05085    C:0.49153    A:0.03390    G:0.42373
Average         T:0.16384    C:0.30508    A:0.23164    G:0.29944

#35: Pronghorn      
position  1:    T:0.13559    C:0.25424    A:0.27119    G:0.33898
position  2:    T:0.30508    C:0.16949    A:0.38983    G:0.13559
position  3:    T:0.01695    C:0.50847    A:0.05085    G:0.42373
Average         T:0.15254    C:0.31073    A:0.23729    G:0.29944

#36: BlueWildebeest 
position  1:    T:0.13559    C:0.25424    A:0.27119    G:0.33898
position  2:    T:0.30508    C:0.16949    A:0.38983    G:0.13559
position  3:    T:0.03390    C:0.49153    A:0.01695    G:0.45763
Average         T:0.15819    C:0.30508    A:0.22599    G:0.31073

#37: Gemsbok        
position  1:    T:0.13559    C:0.25424    A:0.27119    G:0.33898
position  2:    T:0.30508    C:0.16949    A:0.38983    G:0.13559
position  3:    T:0.03390    C:0.49153    A:0.03390    G:0.44068
Average         T:0.15819    C:0.30508    A:0.23164    G:0.30508

#38: Yak            
position  1:    T:0.13559    C:0.25424    A:0.27119    G:0.33898
position  2:    T:0.30508    C:0.16949    A:0.38983    G:0.13559
position  3:    T:0.01695    C:0.50847    A:0.03390    G:0.44068
Average         T:0.15254    C:0.31073    A:0.23164    G:0.30508

#39: BlueSheep      
position  1:    T:0.13559    C:0.25424    A:0.27119    G:0.33898
position  2:    T:0.30508    C:0.16949    A:0.38983    G:0.13559
position  3:    T:0.01695    C:0.50847    A:0.03390    G:0.44068
Average         T:0.15254    C:0.31073    A:0.23164    G:0.30508

#40: BohorReedbuck  
position  1:    T:0.13559    C:0.25424    A:0.27119    G:0.33898
position  2:    T:0.30508    C:0.16949    A:0.38983    G:0.13559
position  3:    T:0.01695    C:0.50847    A:0.01695    G:0.45763
Average         T:0.15254    C:0.31073    A:0.22599    G:0.31073

#41: KirksDik       
position  1:    T:0.13559    C:0.25424    A:0.27119    G:0.33898
position  2:    T:0.30508    C:0.16949    A:0.38983    G:0.13559
position  3:    T:0.03390    C:0.50847    A:0.03390    G:0.42373
Average         T:0.15819    C:0.31073    A:0.23164    G:0.29944

#42: RoeDeer        
position  1:    T:0.13559    C:0.25424    A:0.27119    G:0.33898
position  2:    T:0.30508    C:0.16949    A:0.38983    G:0.13559
position  3:    T:0.03390    C:0.49153    A:0.03390    G:0.44068
Average         T:0.15819    C:0.30508    A:0.23164    G:0.30508

#43: WhiteLippedDeer
position  1:    T:0.13559    C:0.25424    A:0.27119    G:0.33898
position  2:    T:0.30508    C:0.16949    A:0.38983    G:0.13559
position  3:    T:0.03390    C:0.49153    A:0.03390    G:0.44068
Average         T:0.15819    C:0.30508    A:0.23164    G:0.30508

#44: ThomsonGazelle 
position  1:    T:0.13559    C:0.25424    A:0.27119    G:0.33898
position  2:    T:0.30508    C:0.16949    A:0.38983    G:0.13559
position  3:    T:0.03390    C:0.49153    A:0.01695    G:0.45763
Average         T:0.15819    C:0.30508    A:0.22599    G:0.31073

#45: MuntiacusCrinifrons
position  1:    T:0.13559    C:0.25424    A:0.27119    G:0.33898
position  2:    T:0.30508    C:0.16949    A:0.38983    G:0.13559
position  3:    T:0.03390    C:0.49153    A:0.01695    G:0.45763
Average         T:0.15819    C:0.30508    A:0.22599    G:0.31073

#46: WhiteTailedDeer
position  1:    T:0.13559    C:0.25424    A:0.27119    G:0.33898
position  2:    T:0.30508    C:0.16949    A:0.38983    G:0.13559
position  3:    T:0.03390    C:0.49153    A:0.01695    G:0.45763
Average         T:0.15819    C:0.30508    A:0.22599    G:0.31073

#47: Cattle         
position  1:    T:0.13559    C:0.25424    A:0.27119    G:0.33898
position  2:    T:0.30508    C:0.16949    A:0.38983    G:0.13559
position  3:    T:0.01695    C:0.50847    A:0.01695    G:0.45763
Average         T:0.15254    C:0.31073    A:0.22599    G:0.31073

#48: RoyalAntelope  
position  1:    T:0.13559    C:0.25424    A:0.27119    G:0.33898
position  2:    T:0.30508    C:0.16949    A:0.38983    G:0.13559
position  3:    T:0.03390    C:0.49153    A:0.03390    G:0.44068
Average         T:0.15819    C:0.30508    A:0.23164    G:0.30508

#49: Steenbok       
position  1:    T:0.13559    C:0.25424    A:0.27119    G:0.33898
position  2:    T:0.30508    C:0.16949    A:0.38983    G:0.13559
position  3:    T:0.05085    C:0.47458    A:0.03390    G:0.44068
Average         T:0.16384    C:0.29944    A:0.23164    G:0.30508

#50: Impala         
position  1:    T:0.13559    C:0.25424    A:0.27119    G:0.33898
position  2:    T:0.30508    C:0.16949    A:0.38983    G:0.13559
position  3:    T:0.00000    C:0.52542    A:0.03390    G:0.44068
Average         T:0.14689    C:0.31638    A:0.23164    G:0.30508

#51: Klipspringer   
position  1:    T:0.13559    C:0.25424    A:0.27119    G:0.33898
position  2:    T:0.30508    C:0.16949    A:0.38983    G:0.13559
