1
52 1
Argali 0.000000 0.142800 0.088300 0.226500 0.067600 0.000000 0.044300 0.089100 0.065600 0.088400 0.021800 0.043600 0.069100 0.032600 0.043400 0.032400 0.043300 0.088400 0.054700 0.088600 0.043900 0.010900 0.066200 0.088300 0.021700 0.066900 0.057500 0.077500 0.032600 0.065600 0.099100 0.043400 0.055500 0.057500 0.043700 0.088300 0.021800 0.044700 0.055100 0.066300 0.066500 0.055800 0.088200 0.100500 0.088300 0.055000 0.065800 0.054800 0.021600 0.093900 0.065600 0.077000
LesserMous 0.142800 0.000000 0.204300 0.189300 0.197600 0.142800 0.196500 0.191500 0.191700 0.217600 0.155300 0.192600 0.188000 0.180200 0.153100 0.154600 0.165200 0.217400 0.166000 0.192400 0.167800 0.143600 0.192800 0.190500 0.155300 0.195600 0.203000 0.206600 0.153900 0.191700 0.228800 0.192100 0.155900 0.203000 0.193000 0.217600 0.154700 0.171700 0.154200 0.193300 0.193600 0.183500 0.217100 0.205300 0.217600 0.192600 0.191900 0.179300 0.168500 0.206000 0.191700 0.204300
LesserKudu 0.088300 0.204300 0.000000 0.249200 0.136800 0.088600 0.112400 0.146200 0.041700 0.145400 0.111800 0.087200 0.139600 0.099200 0.087200 0.099300 0.109700 0.157100 0.146100 0.063300 0.111100 0.100700 0.122400 0.145100 0.111800 0.135800 0.127700 0.052600 0.099200 0.041700 0.156200 0.110200 0.136000 0.127700 0.110900 0.132900 0.111700 0.112900 0.122800 0.122700 0.122900 0.124500 0.145000 0.134000 0.132900 0.098900 0.133300 0.146700 0.088100 0.180400 0.041700 0.052400
KillerWhal 0.226500 0.189300 0.249200 0.000000 0.227500 0.226500 0.227000 0.250600 0.249700 0.262900 0.212300 0.237800 0.246200 0.210500 0.209900 0.198800 0.221900 0.262100 0.196600 0.277700 0.212200 0.227600 0.250500 0.235100 0.212300 0.240700 0.261800 0.265300 0.198000 0.249700 0.274300 0.222400 0.226600 0.261800 0.238100 0.263000 0.211600 0.229400 0.185400 0.251000 0.251400 0.228400 0.262200 0.250200 0.263000 0.237300 0.223000 0.264800 0.225900 0.295800 0.249700 0.249100
DefassaWat 0.067600 0.197600 0.136800 0.227500 0.000000 0.067600 0.067600 0.137800 0.112900 0.136700 0.067600 0.089700 0.070000 0.055300 0.089500 0.078700 0.089100 0.136600 0.101700 0.137300 0.090600 0.080100 0.113600 0.136400 0.067600 0.115300 0.058200 0.125800 0.078400 0.112900 0.147500 0.066200 0.115100 0.058200 0.090000 0.136800 0.067300 0.022300 0.101900 0.113900 0.114100 0.103900 0.136300 0.149600 0.136800 0.101900 0.113200 0.125900 0.067400 0.159200 0.112900 0.124500
Sheep 0.000000 0.142800 0.088600 0.226500 0.067600 0.000000 0.044300 0.089100 0.065800 0.088400 0.021900 0.043600 0.069300 0.032600 0.043400 0.032800 0.043300 0.088300 0.054800 0.088900 0.044000 0.010900 0.066200 0.088300 0.021900 0.067100 0.057600 0.077800 0.032600 0.065800 0.099100 0.043400 0.055500 0.057600 0.043700 0.088600 0.021800 0.044800 0.055100 0.066300 0.066500 0.056000 0.088200 0.100500 0.088600 0.055000 0.066000 0.054800 0.021800 0.093700 0.065800 0.076900
MaxwellsDu 0.044300 0.196500 0.112400 0.227000 0.067600 0.044300 0.000000 0.113000 0.089000 0.112100 0.044300 0.066300 0.093700 0.010700 0.066100 0.055300 0.065800 0.112000 0.077800 0.112800 0.066900 0.056200 0.089400 0.111900 0.044300 0.090800 0.081800 0.101500 0.054900 0.089000 0.122900 0.021400 0.090600 0.081800 0.066500 0.112300 0.044100 0.068100 0.078200 0.089600 0.089800 0.079500 0.111800 0.124600 0.112300 0.078000 0.089100 0.101300 0.044200 0.131900 0.089000 0.100400
GazellaPrz 0.089100 0.191500 0.146200 0.250600 0.137800 0.089100 0.113000 0.000000 0.122700 0.133700 0.112800 0.087900 0.116100 0.099700 0.099200 0.054200 0.087100 0.133500 0.123100 0.122900 0.065500 0.101700 0.111000 0.133500 0.112800 0.088900 0.129100 0.135600 0.053900 0.122700 0.144500 0.110800 0.112400 0.129100 0.065200 0.133900 0.112300 0.114100 0.076600 0.111200 0.111500 0.077800 0.133400 0.146400 0.133900 0.123300 0.087300 0.123400 0.065900 0.155000 0.122700 0.134100
MountainNy 0.065600 0.191700 0.041700 0.249700 0.112900 0.065800 0.089000 0.122700 0.000000 0.121700 0.088600 0.064800 0.115200 0.076400 0.064800 0.076500 0.086900 0.133400 0.122400 0.020400 0.088000 0.077600 0.099200 0.121500 0.088600 0.112100 0.104000 0.010200 0.076400 0.000000 0.132500 0.087300 0.112200 0.103500 0.087800 0.109600 0.088500 0.089500 0.099500 0.099400 0.099600 0.100900 0.121400 0.110500 0.109600 0.076200 0.110100 0.122800 0.065400 0.154500 0.000000 0.010300
MuntiacusM 0.088400 0.217600 0.145400 0.262900 0.136700 0.088400 0.112100 0.133700 0.121700 0.000000 0.112000 0.110400 0.115100 0.099000 0.075600 0.076400 0.086600 0.132900 0.122500 0.145800 0.087900 0.100900 0.020600 0.041400 0.112000 0.100300 0.127900 0.134600 0.076000 0.121700 0.010000 0.110000 0.111700 0.127900 0.110500 0.133400 0.111500 0.113100 0.099200 0.020700 0.020700 0.089100 0.010000 0.052300 0.133400 0.122400 0.110100 0.146600 0.088100 0.154600 0.121700 0.133300
goat 0.021800 0.155300 0.111800 0.212300 0.067600 0.021900 0.044300 0.112800 0.088600 0.112000 0.000000 0.066200 0.069100 0.032600 0.066000 0.055100 0.065700 0.111900 0.032200 0.112200 0.066600 0.010900 0.089400 0.111800 0.000000 0.090400 0.057000 0.101000 0.055000 0.088600 0.122800 0.043400 0.078800 0.057400 0.066300 0.111800 0.000000 0.067800 0.078100 0.089600 0.089800 0.079200 0.111700 0.124500 0.111800 0.054900 0.088800 0.077700 0.043800 0.119300 0.088600 0.100200
AfricanBuf 0.043600 0.192600 0.087200 0.237800 0.089700 0.043600 0.066300 0.087900 0.064800 0.110400 0.066200 0.000000 0.091900 0.054200 0.065000 0.054400 0.064700 0.110200 0.099700 0.064900 0.065700 0.055200 0.088000 0.110200 0.066200 0.089200 0.080300 0.076500 0.054200 0.064800 0.121000 0.065000 0.089100 0.080300 0.043100 0.087200 0.065900 0.066900 0.076900 0.088200 0.088400 0.078100 0.110100 0.122600 0.087200 0.032100 0.087700 0.076700 0.021500 0.128300 0.064800 0.075800
Topi 0.069100 0.188000 0.139600 0.246200 0.070000 0.069300 0.093700 0.116100 0.115200 0.115100 0.069100 0.091900 0.000000 0.080300 0.079700 0.056700 0.067600 0.115100 0.079900 0.140200 0.068500 0.057700 0.091900 0.114900 0.068000 0.093000 0.011600 0.128400 0.056700 0.115200 0.126000 0.091700 0.093200 0.011600 0.092100 0.139600 0.069000 0.070100 0.080500 0.092200 0.092400 0.080700 0.114800 0.127900 0.139600 0.080200 0.091300 0.129000 0.068800 0.136600 0.115200 0.127500
CommonDuik 0.032600 0.180200 0.099200 0.210500 0.055300 0.032600 0.010700 0.099700 0.076400 0.099000 0.032600 0.054200 0.080300 0.000000 0.054000 0.043400 0.053800 0.098900 0.065500 0.099500 0.054700 0.044100 0.076800 0.098800 0.032600 0.077900 0.068700 0.088500 0.043100 0.076400 0.109600 0.010400 0.077800 0.068700 0.054300 0.099200 0.032500 0.055700 0.065800 0.076900 0.077100 0.066800 0.098700 0.111100 0.099200 0.065600 0.076500 0.088400 0.032500 0.117500 0.076400 0.087500
Suni 0.043400 0.153100 0.087200 0.209900 0.089500 0.043400 0.066100 0.099200 0.064800 0.075600 0.066000 0.065000 0.079700 0.054000 0.000000 0.043200 0.053500 0.098300 0.087800 0.087500 0.054300 0.055100 0.076300 0.098300 0.066000 0.077400 0.080000 0.076600 0.043000 0.064800 0.086100 0.064800 0.077300 0.080000 0.065200 0.110200 0.065700 0.066700 0.065300 0.076500 0.076600 0.066400 0.075400 0.087400 0.110200 0.076400 0.076000 0.099400 0.043300 0.116600 0.064800 0.075800
Springbuck 0.032400 0.154600 0.099300 0.198800 0.078700 0.032800 0.055300 0.054200 0.076500 0.076400 0.055100 0.054400 0.056700 0.043400 0.043200 0.000000 0.032000 0.076300 0.065600 0.099600 0.010600 0.044100 0.054400 0.076200 0.055100 0.031700 0.068800 0.088500 0.000000 0.076500 0.087000 0.054200 0.055100 0.068800 0.032300 0.076200 0.055100 0.055400 0.021500 0.054500 0.054700 0.021700 0.076200 0.088100 0.075800 0.065800 0.031600 0.088800 0.032400 0.093000 0.076500 0.087900
Okapi 0.043300 0.165200 0.109700 0.221900 0.089100 0.043300 0.065800 0.087100 0.086900 0.086600 0.065700 0.064700 0.067600 0.053800 0.053500 0.032000 0.000000 0.042200 0.076100 0.110100 0.043000 0.054800 0.064700 0.086400 0.065700 0.065700 0.079700 0.099100 0.031900 0.086900 0.097100 0.064500 0.065500 0.079700 0.064800 0.109600 0.065400 0.066400 0.053900 0.064900 0.065000 0.054800 0.086400 0.098400 0.109600 0.076100 0.064500 0.099000 0.043100 0.092700 0.086900 0.098000
Giraffe 0.088400 0.217400 0.157100 0.262100 0.136600 0.088300 0.112000 0.133500 0.133400 0.132900 0.111900 0.110200 0.115100 0.098900 0.098300 0.076300 0.042200 0.000000 0.122400 0.157700 0.065200 0.100800 0.110400 0.132700 0.111900 0.111900 0.127900 0.146500 0.075900 0.133400 0.143600 0.109800 0.111700 0.127900 0.110300 0.156800 0.111400 0.113100 0.076000 0.110600 0.110900 0.100800 0.132600 0.145600 0.156800 0.122200 0.086800 0.146300 0.088100 0.142100 0.133400 0.120900
TibetanAnt 0.054700 0.166000 0.146100 0.196600 0.101700 0.054800 0.077800 0.123100 0.122400 0.122500 0.032200 0.099700 0.079900 0.065500 0.087800 0.065600 0.076100 0.122400 0.000000 0.146700 0.077100 0.043600 0.099900 0.122300 0.032400 0.101000 0.092200 0.135400 0.065500 0.122400 0.133200 0.076300 0.089400 0.092200 0.099900 0.145900 0.032400 0.102200 0.088700 0.100200 0.100400 0.089900 0.122300 0.135100 0.145900 0.088300 0.099300 0.111500 0.076600 0.130200 0.122400 0.134400
Sitatunga 0.088600 0.192400 0.063300 0.277700 0.137300 0.088900 0.112800 0.122900 0.020400 0.145800 0.112200 0.064900 0.140200 0.099500 0.087500 0.099600 0.110100 0.157700 0.146700 0.000000 0.111500 0.101100 0.122900 0.145600 0.112200 0.136300 0.128200 0.031000 0.099500 0.020700 0.156600 0.110500 0.136500 0.128200 0.088000 0.133200 0.112200 0.113400 0.123300 0.123100 0.123400 0.125000 0.145400 0.134400 0.133200 0.099200 0.133900 0.123100 0.065600 0.155100 0.020700 0.031200
Oribi 0.043900 0.167800 0.111100 0.212200 0.090600 0.044000 0.066900 0.065500 0.088000 0.087900 0.066600 0.065700 0.068500 0.054700 0.054300 0.010600 0.043000 0.065200 0.077100 0.111500 0.000000 0.055600 0.065700 0.087800 0.066600 0.043800 0.080800 0.100300 0.010700 0.088000 0.098600 0.065500 0.066600 0.080800 0.043400 0.087600 0.066500 0.066400 0.032400 0.065900 0.066000 0.033000 0.087700 0.099900 0.087500 0.077400 0.043000 0.100600 0.043700 0.105600 0.088000 0.099600
BarbaryShe 0.010900 0.143600 0.100700 0.227600 0.080100 0.010900 0.056200 0.101700 0.077600 0.100900 0.010900 0.055200 0.057700 0.044100 0.055100 0.044100 0.054800 0.100800 0.043600 0.101100 0.055600 0.000000 0.078300 0.100700 0.010900 0.079200 0.046100 0.089800 0.044100 0.077600 0.111700 0.055100 0.067600 0.046100 0.055400 0.100700 0.010900 0.056000 0.067100 0.078500 0.078700 0.068000 0.100600 0.113300 0.101000 0.044000 0.077800 0.066700 0.033100 0.107500 0.077500 0.089200
Daviddeer 0.066200 0.192800 0.122400 0.250500 0.113600 0.066200 0.089400 0.111000 0.099200 0.020600 0.089400 0.088000 0.091900 0.076800 0.076300 0.054400 0.064700 0.110400 0.099900 0.122900 0.065700 0.078300 0.000000 0.020600 0.089400 0.077700 0.104500 0.111700 0.054200 0.099200 0.030900 0.087700 0.088800 0.104500 0.088100 0.110600 0.089000 0.090300 0.076900 0.000000 0.000000 0.066700 0.031100 0.031200 0.110600 0.099800 0.087800 0.123500 0.065900 0.130500 0.099200 0.110500
Reindeer 0.088300 0.190500 0.145100 0.235100 0.136400 0.088300 0.111900 0.133500 0.121500 0.041400 0.111800 0.110200 0.114900 0.098800 0.098300 0.076200 0.086400 0.132700 0.122300 0.145600 0.087800 0.100700 0.020600 0.000000 0.111800 0.100100 0.127700 0.134400 0.075900 0.121500 0.051600 0.109800 0.087900 0.127700 0.110300 0.109600 0.111400 0.112900 0.099000 0.020700 0.020700 0.089000 0.051900 0.030700 0.109600 0.122200 0.110000 0.122300 0.088000 0.140700 0.121500 0.133000
Ibex 0.021700 0.155300 0.111800 0.212300 0.067600 0.021900 0.044300 0.112800 0.088600 0.112000 0.000000 0.066200 0.068000 0.032600 0.066000 0.055100 0.065700 0.111900 0.032400 0.112200 0.066600 0.010900 0.089400 0.111800 0.000000 0.090400 0.057400 0.101000 0.055000 0.088600 0.122800 0.043400 0.078800 0.057400 0.066300 0.111800 0.000000 0.067800 0.078100 0.089600 0.089800 0.079200 0.111700 0.124500 0.111800 0.054900 0.088800 0.077700 0.044000 0.119300 0.088600 0.100200
GyrantGaze 0.066900 0.195600 0.135800 0.240700 0.115300 0.067100 0.090800 0.088900 0.112100 0.100300 0.090400 0.089200 0.093000 0.077900 0.077400 0.031700 0.065700 0.111900 0.101000 0.136300 0.043800 0.079200 0.077700 0.100100 0.090400 0.000000 0.105700 0.125000 0.032500 0.112100 0.111000 0.089000 0.090500 0.105700 0.066200 0.112400 0.090300 0.091400 0.055000 0.077900 0.078100 0.010700 0.100000 0.112600 0.111500 0.101300 0.065700 0.113200 0.066700 0.131700 0.112100 0.124100
Hartebeest 0.057500 0.203000 0.127700 0.261800 0.058200 0.057600 0.081800 0.129100 0.104000 0.127900 0.057000 0.080300 0.011600 0.068700 0.080000 0.068800 0.079700 0.127900 0.092200 0.128200 0.080800 0.046100 0.104500 0.127700 0.057400 0.105700 0.000000 0.115700 0.068700 0.103500 0.138900 0.080000 0.106000 0.000000 0.080500 0.127700 0.057400 0.058300 0.092900 0.104700 0.105000 0.094100 0.127500 0.141000 0.127700 0.068600 0.103800 0.117000 0.057300 0.150800 0.103500 0.115600
Bongo 0.077500 0.206600 0.052600 0.265300 0.125800 0.077800 0.101500 0.135600 0.010200 0.134600 0.101000 0.076500 0.128400 0.088500 0.076600 0.088500 0.099100 0.146500 0.135400 0.031000 0.100300 0.089800 0.111700 0.134400 0.101000 0.125000 0.115700 0.000000 0.088400 0.010300 0.145500 0.099500 0.111800 0.116500 0.100000 0.121900 0.100900 0.102000 0.112100 0.112000 0.112200 0.113600 0.134300 0.123300 0.122000 0.088200 0.122800 0.135800 0.077300 0.168800 0.010200 0.020800
Gerenuk 0.032600 0.153900 0.099200 0.198000 0.078400 0.032600 0.054900 0.053900 0.076400 0.076000 0.055000 0.054200 0.056700 0.043100 0.043000 0.000000 0.031900 0.075900 0.065500 0.099500 0.010700 0.044100 0.054200 0.075900 0.055000 0.032500 0.068700 0.088400 0.000000 0.076400 0.086600 0.053800 0.054800 0.068700 0.032200 0.076100 0.054800 0.055600 0.021400 0.054300 0.054400 0.021700 0.075800 0.087700 0.076100 0.065600 0.032000 0.088400 0.032500 0.092400 0.076400 0.087500
CommonElan 0.065600 0.191700 0.041700 0.249700 0.112900 0.065800 0.089000 0.122700 0.000000 0.121700 0.088600 0.064800 0.115200 0.076400 0.064800 0.076500 0.086900 0.133400 0.122400 0.020700 0.088000 0.077600 0.099200 0.121500 0.088600 0.112100 0.103500 0.010300 0.076400 0.000000 0.132500 0.087300 0.112200 0.103500 0.087800 0.109600 0.088500 0.089500 0.099500 0.099400 0.099600 0.100900 0.121400 0.110500 0.109600 0.076200 0.110100 0.122800 0.065500 0.154500 0.000000 0.010300
MuntiacusR 0.099100 0.228800 0.156200 0.274300 0.147500 0.099100 0.122900 0.144500 0.132500 0.010000 0.122800 0.121000 0.126000 0.109600 0.086100 0.087000 0.097100 0.143600 0.133200 0.156600 0.098600 0.111700 0.030900 0.051600 0.122800 0.111000 0.138900 0.145500 0.086600 0.132500 0.000000 0.120600 0.122500 0.138900 0.121200 0.144100 0.122300 0.124000 0.109800 0.030900 0.031000 0.099900 0.020000 0.062600 0.144100 0.133100 0.120800 0.133500 0.098800 0.165800 0.132500 0.144000
HarveysDui 0.043400 0.192100 0.110200 0.222400 0.066200 0.043400 0.021400 0.110800 0.087300 0.110000 0.043400 0.065000 0.091700 0.010400 0.064800 0.054200 0.064500 0.109800 0.076300 0.110500 0.065500 0.055100 0.087700 0.109800 0.043400 0.089000 0.080000 0.099500 0.053800 0.087300 0.120600 0.000000 0.088800 0.080000 0.065100 0.110200 0.043200 0.066700 0.076600 0.087900 0.088100 0.077900 0.109700 0.122200 0.110200 0.076400 0.087400 0.099400 0.043300 0.129200 0.087300 0.098400
Pronghorn 0.055500 0.155900 0.136000 0.226600 0.115100 0.055500 0.090600 0.112400 0.112200 0.111700 0.078800 0.089100 0.093200 0.077800 0.077300 0.055100 0.065500 0.111700 0.089400 0.136500 0.066600 0.067600 0.088800 0.087900 0.078800 0.090500 0.106000 0.111800 0.054800 0.112200 0.122500 0.088800 0.000000 0.106000 0.089200 0.111900 0.078400 0.091500 0.077900 0.089300 0.089500 0.079200 0.111500 0.123800 0.111900 0.101300 0.088900 0.089400 0.066800 0.106200 0.112200 0.123800
BlueWildeb 0.057500 0.203000 0.127700 0.261800 0.058200 0.057600 0.081800 0.129100 0.103500 0.127900 0.057400 0.080300 0.011600 0.068700 0.080000 0.068800 0.079700 0.127900 0.092200 0.128200 0.080800 0.046100 0.104500 0.127700 0.057400 0.105700 0.000000 0.116500 0.068700 0.103500 0.138900 0.080000 0.106000 0.000000 0.080500 0.127700 0.057400 0.058300 0.092900 0.104700 0.105000 0.094100 0.127500 0.141000 0.127700 0.068600 0.103800 0.117000 0.057300 0.150800 0.103500 0.115600
Gemsbok 0.043700 0.193000 0.110900 0.238100 0.090000 0.043700 0.066500 0.065200 0.087800 0.110500 0.066300 0.043100 0.092100 0.054300 0.065200 0.032300 0.064800 0.110300 0.099900 0.088000 0.043400 0.055400 0.088100 0.110300 0.066300 0.066200 0.080500 0.100000 0.032200 0.087800 0.121200 0.065100 0.089200 0.080500 0.000000 0.087500 0.066300 0.067100 0.054300 0.088200 0.088500 0.055200 0.110200 0.122700 0.087500 0.076900 0.065000 0.076900 0.021600 0.129900 0.087800 0.099000
Yak 0.088300 0.217600 0.132900 0.263000 0.136800 0.088600 0.112300 0.133900 0.109600 0.133400 0.111800 0.087200 0.139600 0.099200 0.110200 0.076200 0.109600 0.156800 0.145900 0.133200 0.087600 0.100700 0.110600 0.109600 0.111800 0.112400 0.127700 0.121900 0.076100 0.109600 0.144100 0.110200 0.111900 0.127700 0.087500 0.000000 0.111700 0.112900 0.099100 0.110800 0.111100 0.100400 0.133000 0.145900 0.000000 0.098900 0.109500 0.122600 0.089000 0.180300 0.109600 0.121200
BlueSheep 0.021800 0.154700 0.111700 0.211600 0.067300 0.021800 0.044100 0.112300 0.088500 0.111500 0.000000 0.065900 0.069000 0.032500 0.065700 0.055100 0.065400 0.111400 0.032400 0.112200 0.066500 0.010900 0.089000 0.111400 0.000000 0.090300 0.057400 0.100900 0.054800 0.088500 0.122300 0.043200 0.078400 0.057400 0.066300 0.111700 0.000000 0.067800 0.077800 0.089200 0.089400 0.079100 0.111200 0.124000 0.111700 0.054700 0.088700 0.077400 0.044000 0.118700 0.088500 0.099800
BohorReedb 0.044700 0.171700 0.112900 0.229400 0.022300 0.044800 0.068100 0.114100 0.089500 0.113100 0.067800 0.066900 0.070100 0.055700 0.066700 0.055400 0.066400 0.113100 0.102200 0.113400 0.066400 0.056000 0.090300 0.112900 0.067800 0.091400 0.058300 0.102000 0.055600 0.089500 0.124000 0.066700 0.091500 0.058300 0.067100 0.112900 0.067800 0.000000 0.079000 0.090500 0.090700 0.080000 0.112800 0.125700 0.112900 0.078800 0.089000 0.102400 0.044200 0.133800 0.089500 0.101200
KirksDik 0.055100 0.154200 0.122800 0.185400 0.101900 0.055100 0.078200 0.076600 0.099500 0.099200 0.078100 0.076900 0.080500 0.065800 0.065300 0.021500 0.053900 0.076000 0.088700 0.123300 0.032400 0.067100 0.076900 0.099000 0.078100 0.055000 0.092900 0.112100 0.021400 0.099500 0.109800 0.076600 0.077900 0.092900 0.054300 0.099100 0.077800 0.079000 0.000000 0.077100 0.077300 0.044100 0.098900 0.111300 0.099100 0.088600 0.032000 0.112100 0.054900 0.117600 0.099500 0.087500
RoeDeer 0.066300 0.193300 0.122700 0.251000 0.113900 0.066300 0.089600 0.111200 0.099400 0.020700 0.089600 0.088200 0.092200 0.076900 0.076500 0.054500 0.064900 0.110600 0.100200 0.123100 0.065900 0.078500 0.000000 0.020700 0.089600 0.077900 0.104700 0.112000 0.054300 0.099400 0.030900 0.087900 0.089300 0.104700 0.088200 0.110800 0.089200 0.090500 0.077100 0.000000 0.000100 0.066900 0.031100 0.031300 0.110800 0.100000 0.088100 0.123800 0.066100 0.130800 0.099400 0.110800
WhiteLippe 0.066500 0.193600 0.122900 0.251400 0.114100 0.066500 0.089800 0.111500 0.099600 0.020700 0.089800 0.088400 0.092400 0.077100 0.076600 0.054700 0.065000 0.110900 0.100400 0.123400 0.066000 0.078700 0.000000 0.020700 0.089800 0.078100 0.105000 0.112200 0.054400 0.099600 0.031000 0.088100 0.089500 0.105000 0.088500 0.111100 0.089400 0.090700 0.077300 0.000100 0.000000 0.067000 0.031200 0.031400 0.111100 0.100300 0.088200 0.124000 0.066200 0.131000 0.099600 0.111000
ThomsonGaz 0.055800 0.183500 0.124500 0.228400 0.103900 0.056000 0.079500 0.077800 0.100900 0.089100 0.079200 0.078100 0.080700 0.066800 0.066400 0.021700 0.054800 0.100800 0.089900 0.125000 0.033000 0.068000 0.066700 0.089000 0.079200 0.010700 0.094100 0.113600 0.021700 0.100900 0.099900 0.077900 0.079200 0.094100 0.055200 0.100400 0.079100 0.080000 0.044100 0.066900 0.067000 0.000000 0.088900 0.101300 0.100400 0.090100 0.054800 0.101900 0.055600 0.119800 0.100900 0.112800
MuntiacusC 0.088200 0.217100 0.145000 0.262200 0.136300 0.088200 0.111800 0.133400 0.121400 0.010000 0.111700 0.110100 0.114800 0.098700 0.075400 0.076200 0.086400 0.132600 0.122300 0.145400 0.087700 0.100600 0.031100 0.051900 0.111700 0.100000 0.127500 0.134300 0.075800 0.121400 0.020000 0.109700 0.111500 0.127500 0.110200 0.133000 0.111200 0.112800 0.098900 0.031100 0.031200 0.088900 0.000000 0.063000 0.133000 0.122100 0.109900 0.146200 0.087900 0.154200 0.121400 0.132900
WhiteTaile 0.100500 0.205300 0.134000 0.250200 0.149600 0.100500 0.124600 0.146400 0.110500 0.052300 0.124500 0.122600 0.127900 0.111100 0.087400 0.088100 0.098400 0.145600 0.135100 0.134400 0.099900 0.113300 0.031200 0.030700 0.124500 0.112600 0.141000 0.123300 0.087700 0.110500 0.062600 0.122200 0.123800 0.141000 0.122700 0.145900 0.124000 0.125700 0.111300 0.031300 0.031400 0.101300 0.063000 0.000000 0.145900 0.134900 0.110600 0.159500 0.100100 0.154400 0.110500 0.122000
Cattle 0.088300 0.217600 0.132900 0.263000 0.136800 0.088600 0.112300 0.133900 0.109600 0.133400 0.111800 0.087200 0.139600 0.099200 0.110200 0.075800 0.109600 0.156800 0.145900 0.133200 0.087500 0.101000 0.110600 0.109600 0.111800 0.111500 0.127700 0.122000 0.076100 0.109600 0.144100 0.110200 0.111900 0.127700 0.087500 0.000000 0.111700 0.112900 0.099100 0.110800 0.111100 0.100400 0.133000 0.145900 0.000000 0.098900 0.109500 0.122600 0.088100 0.180300 0.109100 0.121200
RoyalAntel 0.055000 0.192600 0.098900 0.237300 0.101900 0.055000 0.078000 0.123300 0.076200 0.122400 0.054900 0.032100 0.080200 0.065600 0.076400 0.065800 0.076100 0.122200 0.088300 0.099200 0.077400 0.044000 0.099800 0.122200 0.054900 0.101300 0.068600 0.088200 0.065600 0.076200 0.133100 0.076400 0.101300 0.068600 0.076900 0.098900 0.054700 0.078800 0.088600 0.100000 0.100300 0.090100 0.122100 0.134900 0.098900 0.000000 0.099500 0.111800 0.054800 0.142800 0.076200 0.087300
Steenbok 0.065800 0.191900 0.133300 0.223000 0.113200 0.066000 0.089100 0.087300 0.110100 0.110100 0.088800 0.087700 0.091300 0.076500 0.076000 0.031600 0.064500 0.086800 0.099300 0.133900 0.043000 0.077800 0.087800 0.110000 0.088800 0.065700 0.103800 0.122800 0.032000 0.110100 0.120800 0.087400 0.088900 0.103800 0.065000 0.109500 0.088700 0.089000 0.032000 0.088100 0.088200 0.054800 0.109900 0.110600 0.109500 0.099500 0.000000 0.123000 0.065000 0.129200 0.110100 0.098300
Impala 0.054800 0.179300 0.146700 0.264800 0.125900 0.054800 0.101300 0.123400 0.122800 0.146600 0.077700 0.076700 0.129000 0.088400 0.099400 0.088800 0.099000 0.146300 0.111500 0.123100 0.100600 0.066700 0.123500 0.122300 0.077700 0.113200 0.117000 0.135800 0.088400 0.122800 0.133500 0.099400 0.089400 0.117000 0.076900 0.122600 0.077400 0.102400 0.112100 0.123800 0.124000 0.101900 0.146200 0.159500 0.122600 0.111800 0.123000 0.000000 0.054800 0.155900 0.122800 0.134400
Klipspring 0.021600 0.168500 0.088100 0.225900 0.067400 0.021800 0.044200 0.065900 0.065400 0.088100 0.043800 0.021500 0.068800 0.032500 0.043300 0.032400 0.043100 0.088100 0.076600 0.065600 0.043700 0.033100 0.065900 0.088000 0.044000 0.066700 0.057300 0.077300 0.032500 0.065500 0.098800 0.043300 0.066800 0.057300 0.021600 0.089000 0.044000 0.044200 0.054900 0.066100 0.066200 0.055600 0.087900 0.100100 0.088100 0.054800 0.065000 0.054800 0.000000 0.106000 0.065400 0.076700
ForestMusk 0.093900 0.206000 0.180400 0.295800 0.159200 0.093700 0.131900 0.155000 0.154500 0.154600 0.119300 0.128300 0.136600 0.117500 0.116600 0.093000 0.092700 0.142100 0.130200 0.155100 0.105600 0.107500 0.130500 0.140700 0.119300 0.131700 0.150800 0.168800 0.092400 0.154500 0.165800 0.129200 0.106200 0.150800 0.129900 0.180300 0.118700 0.133800 0.117600 0.130800 0.131000 0.119800 0.154200 0.154400 0.180300 0.142800 0.129200 0.155900 0.106000 0.000000 0.154500 0.166800
Bushbuck 0.065600 0.191700 0.041700 0.249700 0.112900 0.065800 0.089000 0.122700 0.000000 0.121700 0.088600 0.064800 0.115200 0.076400 0.064800 0.076500 0.086900 0.133400 0.122400 0.020700 0.088000 0.077500 0.099200 0.121500 0.088600 0.112100 0.103500 0.010200 0.076400 0.000000 0.132500 0.087300 0.112200 0.103500 0.087800 0.109600 0.088500 0.089500 0.099500 0.099400 0.099600 0.100900 0.121400 0.110500 0.109100 0.076200 0.110100 0.122800 0.065400 0.154500 0.000000 0.010300
GreaterKud 0.077000 0.204300 0.052400 0.249100 0.124500 0.076900 0.100400 0.134100 0.010300 0.133300 0.100200 0.075800 0.127500 0.087500 0.075800 0.087900 0.098000 0.120900 0.134400 0.031200 0.099600 0.089200 0.110500 0.133000 0.100200 0.124100 0.115600 0.020800 0.087500 0.010300 0.144000 0.098400 0.123800 0.115600 0.099000 0.121200 0.099800 0.101200 0.087500 0.110800 0.111000 0.112800 0.132900 0.122000 0.121200 0.087300 0.098300 0.134400 0.076700 0.166800 0.010300 0.000000
