1
52 1
Argali 0.000000 0.541800 0.137800 0.520400 0.096300 0.010600 0.090000 0.122200 0.131000 0.203700 0.035100 0.140000 0.063800 0.067800 0.116300 0.118900 0.177400 0.148400 0.056800 0.148900 0.103700 0.031600 0.201400 0.174100 0.042400 0.124700 0.049300 0.138700 0.133000 0.127000 0.196600 0.088900 0.175900 0.070200 0.078800 0.115900 0.028200 0.099900 0.134500 0.201900 0.208300 0.135800 0.203700 0.154800 0.119500 0.093600 0.175500 0.162800 0.107800 0.135300 0.130900 0.146200
LesserMous 0.541800 0.000000 0.540900 0.645000 0.551300 0.531900 0.563800 0.623100 0.537600 0.610400 0.521700 0.546200 0.545100 0.552800 0.597400 0.603000 0.582400 0.569900 0.520600 0.556500 0.556600 0.561900 0.591600 0.617300 0.548400 0.612500 0.546800 0.558300 0.592000 0.552500 0.615400 0.584500 0.587600 0.543500 0.543900 0.525000 0.513100 0.573300 0.601800 0.652700 0.593900 0.608300 0.623500 0.568700 0.536400 0.555700 0.650900 0.620200 0.584600 0.532300 0.558700 0.571300
LesserKudu 0.137800 0.540900 0.000000 0.565300 0.154100 0.135200 0.140400 0.172900 0.047100 0.186400 0.137000 0.147800 0.148200 0.117800 0.181800 0.169700 0.164600 0.152200 0.152600 0.056900 0.142300 0.141400 0.192200 0.169900 0.137600 0.175000 0.144300 0.054300 0.164900 0.050800 0.187400 0.131000 0.215600 0.149900 0.168500 0.135700 0.130200 0.157700 0.161200 0.204800 0.190800 0.170600 0.198300 0.154700 0.139000 0.179800 0.214400 0.194100 0.158100 0.162800 0.039700 0.053900
KillerWhal 0.520400 0.645000 0.565300 0.000000 0.529800 0.512600 0.547200 0.590200 0.569800 0.596700 0.511000 0.555100 0.565000 0.549300 0.563500 0.529800 0.573900 0.563700 0.528200 0.587200 0.543600 0.533500 0.574200 0.545000 0.520700 0.568600 0.558600 0.576000 0.574500 0.544400 0.568500 0.550800 0.572400 0.561300 0.581500 0.523400 0.515200 0.548700 0.571500 0.571900 0.599400 0.550900 0.602300 0.550300 0.546500 0.541000 0.604300 0.580500 0.596100 0.539800 0.575700 0.560800
DefassaWat 0.096300 0.551300 0.154100 0.529800 0.000000 0.093500 0.114200 0.138800 0.147400 0.195300 0.103200 0.133000 0.106500 0.092100 0.125200 0.143100 0.189600 0.157200 0.118400 0.165200 0.127800 0.099900 0.209600 0.182600 0.111300 0.148700 0.099100 0.139600 0.141600 0.151300 0.196400 0.105500 0.164600 0.112600 0.122200 0.132500 0.096400 0.044200 0.143100 0.189800 0.216300 0.159800 0.207300 0.171400 0.139700 0.114000 0.179900 0.178800 0.116900 0.163500 0.147300 0.147100
Sheep 0.010600 0.531900 0.135200 0.512600 0.093500 0.000000 0.087100 0.119600 0.128300 0.201500 0.031800 0.137400 0.060700 0.064800 0.113600 0.116200 0.175000 0.145800 0.053700 0.146400 0.100900 0.028300 0.199200 0.171700 0.039200 0.122100 0.053400 0.136100 0.130400 0.124300 0.194400 0.086000 0.173600 0.067200 0.075900 0.113200 0.024800 0.097100 0.132000 0.199700 0.206100 0.133300 0.201600 0.160400 0.116700 0.090700 0.173200 0.160400 0.105000 0.132700 0.128300 0.143700
MaxwellsDu 0.090000 0.563800 0.140400 0.547200 0.114200 0.087100 0.000000 0.128700 0.125900 0.210100 0.082000 0.158500 0.100200 0.034700 0.126700 0.129100 0.171700 0.159000 0.104500 0.151500 0.106400 0.101200 0.208200 0.180800 0.097400 0.134900 0.100400 0.141400 0.135400 0.122100 0.203100 0.055200 0.195000 0.114000 0.116000 0.126400 0.082600 0.117800 0.129400 0.208400 0.215100 0.138300 0.214100 0.177600 0.133700 0.123400 0.177400 0.157100 0.110500 0.145800 0.133600 0.148900
GazellaPrz 0.122200 0.623100 0.172900 0.590200 0.138800 0.119600 0.128700 0.000000 0.170000 0.248300 0.136900 0.171700 0.147100 0.098900 0.154700 0.096600 0.192300 0.168600 0.151800 0.196200 0.078300 0.141300 0.229500 0.231000 0.145300 0.110100 0.139600 0.186000 0.106700 0.173900 0.241300 0.119100 0.210800 0.150000 0.155500 0.155000 0.130100 0.142300 0.107500 0.234300 0.232200 0.119800 0.252500 0.215500 0.162200 0.168100 0.136000 0.217000 0.130500 0.195300 0.178000 0.193700
MountainNy 0.131000 0.537600 0.047100 0.569800 0.147400 0.128300 0.125900 0.170000 0.000000 0.195600 0.130200 0.140900 0.145200 0.103400 0.175100 0.170500 0.173800 0.161400 0.153600 0.043000 0.146900 0.134600 0.201700 0.174700 0.138600 0.175800 0.137500 0.033800 0.173500 0.044200 0.196800 0.116700 0.221000 0.143200 0.153700 0.136600 0.131100 0.158700 0.169500 0.198200 0.192200 0.163400 0.207700 0.155700 0.140000 0.164900 0.207300 0.187300 0.159200 0.148100 0.020100 0.047300
MuntiacusM 0.203700 0.610400 0.186400 0.596700 0.195300 0.201500 0.210100 0.248300 0.195600 0.000000 0.210600 0.209700 0.218100 0.186300 0.214700 0.228100 0.177100 0.165200 0.194400 0.193500 0.224000 0.207300 0.116500 0.103100 0.207000 0.216500 0.214000 0.199500 0.226000 0.195600 0.019400 0.199300 0.241500 0.219100 0.223300 0.184400 0.203800 0.207200 0.246300 0.120500 0.112100 0.244700 0.016000 0.092700 0.191700 0.218300 0.286300 0.239500 0.220400 0.191400 0.191500 0.191200
goat 0.035100 0.521700 0.137000 0.511000 0.103200 0.031800 0.082000 0.136900 0.130200 0.210600 0.000000 0.139000 0.070700 0.074800 0.130700 0.125800 0.176300 0.155500 0.063700 0.148100 0.110600 0.038400 0.188300 0.173100 0.020900 0.139200 0.063500 0.137900 0.132300 0.134100 0.203600 0.095800 0.174900 0.077100 0.085800 0.123000 0.013900 0.099300 0.141300 0.192400 0.207300 0.142700 0.210700 0.161900 0.126500 0.100600 0.190300 0.154200 0.114700 0.150300 0.130200 0.145400
AfricanBuf 0.140000 0.546200 0.147800 0.555100 0.133000 0.137400 0.158500 0.171700 0.140900 0.209700 0.139000 0.000000 0.150300 0.119700 0.180600 0.192600 0.195400 0.170800 0.147100 0.158800 0.168300 0.151600 0.203800 0.180400 0.155700 0.181800 0.142500 0.140900 0.182500 0.144900 0.202700 0.140900 0.218900 0.148400 0.158900 0.084400 0.140200 0.144400 0.171600 0.220400 0.222800 0.193200 0.213700 0.169200 0.098900 0.162200 0.225600 0.204800 0.176700 0.161300 0.141000 0.148300
Topi 0.063800 0.545100 0.148200 0.565000 0.106500 0.060700 0.100200 0.147100 0.145200 0.218100 0.070700 0.150300 0.000000 0.078100 0.126300 0.144600 0.190800 0.162900 0.084500 0.163100 0.128400 0.074700 0.220100 0.192600 0.074700 0.149400 0.013600 0.145000 0.150900 0.149100 0.211000 0.098600 0.189900 0.034100 0.070200 0.141800 0.063800 0.117600 0.143600 0.216600 0.227000 0.152900 0.222100 0.181300 0.145300 0.119200 0.177500 0.175600 0.125000 0.149700 0.145100 0.160400
CommonDuik 0.067800 0.552800 0.117800 0.549300 0.092100 0.064800 0.034700 0.098900 0.103400 0.186300 0.074800 0.119700 0.078100 0.000000 0.112100 0.106800 0.164300 0.135700 0.089800 0.128800 0.091800 0.078800 0.192300 0.165300 0.082600 0.112700 0.078300 0.118600 0.113100 0.107200 0.179400 0.020400 0.171500 0.091900 0.093500 0.103900 0.067900 0.095600 0.114900 0.180500 0.199200 0.123600 0.190300 0.154200 0.111000 0.100800 0.154900 0.157700 0.088400 0.122900 0.111000 0.126000
Suni 0.116300 0.597400 0.181800 0.563500 0.125200 0.113600 0.126700 0.154700 0.175100 0.214700 0.130700 0.180600 0.126300 0.112100 0.000000 0.178500 0.201400 0.197000 0.130700 0.177200 0.162900 0.119900 0.212800 0.186200 0.139000 0.183700 0.126600 0.183000 0.184700 0.163500 0.207900 0.125200 0.200100 0.139800 0.157600 0.152300 0.124000 0.128800 0.177600 0.229300 0.219500 0.187200 0.218700 0.183100 0.159500 0.137400 0.187400 0.214300 0.159500 0.175400 0.175100 0.174700
Springbuck 0.118900 0.603000 0.169700 0.529800 0.143100 0.116200 0.129100 0.096600 0.170500 0.228100 0.125800 0.192600 0.144600 0.106800 0.178500 0.000000 0.201700 0.172900 0.149300 0.196800 0.057600 0.137900 0.213400 0.202600 0.134200 0.060100 0.137000 0.178600 0.053500 0.174400 0.221100 0.120100 0.216100 0.142700 0.153000 0.167500 0.126700 0.146700 0.097900 0.222300 0.211700 0.070200 0.232200 0.183200 0.174800 0.160700 0.133000 0.227200 0.120300 0.191700 0.178600 0.194400
Okapi 0.177400 0.582400 0.164600 0.573900 0.189600 0.175000 0.171700 0.192300 0.173800 0.177100 0.176300 0.195400 0.190800 0.164300 0.201400 0.201700 0.000000 0.083400 0.191600 0.179800 0.176600 0.181000 0.199200 0.180700 0.172800 0.205600 0.186500 0.185600 0.199600 0.165800 0.170300 0.184600 0.211400 0.193100 0.203900 0.186400 0.177600 0.193300 0.223400 0.215600 0.197800 0.209100 0.180900 0.169600 0.193800 0.220900 0.247500 0.211700 0.188800 0.177600 0.177600 0.177200
Giraffe 0.148400 0.569900 0.152200 0.563700 0.157200 0.145800 0.159000 0.168600 0.161400 0.165200 0.155500 0.170800 0.162900 0.135700 0.197000 0.172900 0.083400 0.000000 0.171700 0.183500 0.157000 0.152100 0.170600 0.152200 0.148000 0.178200 0.159000 0.173200 0.171100 0.161100 0.158300 0.149200 0.199100 0.172700 0.167600 0.154000 0.148600 0.160900 0.188000 0.155300 0.177400 0.189800 0.169000 0.141200 0.153400 0.183300 0.222500 0.209400 0.145300 0.165100 0.165200 0.172800
TibetanAnt 0.056800 0.520600 0.152600 0.528200 0.118400 0.053700 0.104500 0.151800 0.153600 0.194400 0.063700 0.147100 0.084500 0.089800 0.130700 0.149300 0.191600 0.171700 0.000000 0.155800 0.117600 0.067700 0.217100 0.173200 0.071400 0.146300 0.077800 0.153600 0.155600 0.141900 0.187400 0.110300 0.194800 0.084400 0.092800 0.123000 0.056800 0.114400 0.148300 0.209000 0.232300 0.157600 0.190100 0.170000 0.126400 0.115900 0.198400 0.164900 0.121000 0.158200 0.145700 0.161200
Sitatunga 0.148900 0.556500 0.056900 0.587200 0.165200 0.146400 0.151500 0.196200 0.043000 0.193500 0.148100 0.158800 0.163100 0.128800 0.177200 0.196800 0.179800 0.183500 0.155800 0.000000 0.157200 0.152400 0.207500 0.180700 0.156700 0.201900 0.155400 0.030000 0.183700 0.047100 0.194600 0.134300 0.210400 0.160900 0.163900 0.138800 0.149100 0.168800 0.203100 0.212000 0.205900 0.197300 0.205400 0.161700 0.142200 0.166900 0.241800 0.205300 0.185300 0.161800 0.029600 0.056800
Oribi 0.103700 0.556600 0.142300 0.543600 0.127800 0.100900 0.106400 0.078300 0.146900 0.224000 0.110600 0.168300 0.128400 0.091800 0.162900 0.057600 0.176600 0.157000 0.117600 0.157200 0.000000 0.122400 0.205300 0.202900 0.118800 0.077400 0.121000 0.139400 0.064100 0.143100 0.217100 0.097300 0.199800 0.127400 0.136600 0.143900 0.111400 0.139000 0.101700 0.222300 0.220100 0.080700 0.228200 0.175300 0.151100 0.144900 0.136700 0.201500 0.104800 0.175400 0.147100 0.162400
BarbaryShe 0.031600 0.561900 0.141400 0.533500 0.099900 0.028300 0.101200 0.141300 0.134600 0.207300 0.038400 0.151600 0.074700 0.078800 0.119900 0.137900 0.181000 0.152100 0.067700 0.152400 0.122400 0.000000 0.204900 0.177800 0.045900 0.143600 0.067400 0.142300 0.152100 0.130500 0.200300 0.099900 0.171600 0.081000 0.089900 0.127300 0.031700 0.103400 0.145500 0.214000 0.211800 0.154900 0.207400 0.166500 0.130900 0.097200 0.186900 0.174400 0.119000 0.138900 0.134500 0.134100
Daviddeer 0.201400 0.591600 0.192200 0.574200 0.209600 0.199200 0.208200 0.229500 0.201700 0.116500 0.188300 0.203800 0.220100 0.192300 0.212800 0.213400 0.199200 0.170600 0.217100 0.207500 0.205300 0.204900 0.000000 0.107700 0.201300 0.226300 0.212000 0.197400 0.195100 0.193300 0.117200 0.205500 0.227500 0.225700 0.241700 0.182300 0.193600 0.213600 0.219500 0.129400 0.036100 0.238200 0.120200 0.089800 0.189700 0.224600 0.263000 0.271600 0.209900 0.189200 0.197500 0.213400
Reindeer 0.174100 0.617300 0.169900 0.545000 0.182600 0.171700 0.180800 0.231000 0.174700 0.103100 0.173100 0.180400 0.192600 0.165300 0.186200 0.202600 0.180700 0.152200 0.173200 0.180700 0.202900 0.177800 0.107700 0.000000 0.173900 0.199400 0.184600 0.178600 0.200800 0.166800 0.103700 0.178500 0.224400 0.198200 0.201900 0.163500 0.174300 0.178300 0.225200 0.107800 0.121600 0.219200 0.106700 0.030200 0.170800 0.188800 0.256500 0.235200 0.191000 0.186800 0.170700 0.178300
Ibex 0.042400 0.548400 0.137600 0.520700 0.111300 0.039200 0.097400 0.145300 0.138600 0.207000 0.020900 0.155700 0.074700 0.082600 0.139000 0.134200 0.172800 0.148000 0.071400 0.156700 0.118800 0.045900 0.201300 0.173900 0.000000 0.147700 0.071100 0.146400 0.140700 0.142500 0.191700 0.103800 0.183900 0.084800 0.093800 0.139200 0.028100 0.107300 0.157400 0.193000 0.216400 0.151200 0.207100 0.162600 0.142700 0.108800 0.199200 0.154800 0.115200 0.150900 0.138600 0.154000
GyrantGaze 0.124700 0.612500 0.175000 0.568600 0.148700 0.122100 0.134900 0.110100 0.175800 0.216500 0.139200 0.181800 0.149400 0.112700 0.183700 0.060100 0.205600 0.178200 0.146300 0.201900 0.077400 0.143600 0.226300 0.199400 0.147700 0.000000 0.141900 0.183900 0.080200 0.179700 0.209700 0.132700 0.229200 0.140700 0.150000 0.165100 0.132500 0.159900 0.103200 0.226900 0.232900 0.041800 0.220600 0.180300 0.172300 0.158400 0.153100 0.222600 0.132900 0.188800 0.183900 0.199500
Hartebeest 0.049300 0.546800 0.144300 0.558600 0.099100 0.053400 0.100400 0.139600 0.137500 0.214000 0.063500 0.142500 0.013600 0.078300 0.126600 0.137000 0.186500 0.159000 0.077800 0.155400 0.121000 0.067400 0.212000 0.184600 0.071100 0.141900 0.000000 0.137400 0.143300 0.141400 0.207000 0.098700 0.185900 0.027200 0.062900 0.134100 0.056600 0.110100 0.143900 0.212500 0.218900 0.145400 0.218100 0.165300 0.137600 0.111700 0.177800 0.168000 0.117600 0.145800 0.137500 0.152700
Bongo 0.138700 0.558300 0.054300 0.576000 0.139600 0.136100 0.141400 0.186000 0.033800 0.199500 0.137900 0.140900 0.145000 0.118600 0.183000 0.178600 0.185600 0.173200 0.153600 0.030000 0.139400 0.142300 0.197400 0.178600 0.146400 0.183900 0.137400 0.000000 0.157900 0.037200 0.200700 0.124300 0.208400 0.143100 0.161600 0.136500 0.138900 0.166600 0.185200 0.210200 0.195900 0.179400 0.211600 0.159500 0.139900 0.164900 0.223500 0.195300 0.175200 0.159700 0.026900 0.040600
Gerenuk 0.133000 0.592000 0.164900 0.574500 0.141600 0.130400 0.135400 0.106700 0.173500 0.226000 0.132300 0.182500 0.150900 0.113100 0.184700 0.053500 0.199600 0.171100 0.155600 0.183700 0.064100 0.152100 0.195100 0.200800 0.140700 0.080200 0.143300 0.157900 0.000000 0.169600 0.219100 0.126400 0.206400 0.148900 0.167300 0.165900 0.133200 0.160700 0.104100 0.228400 0.217800 0.090500 0.230100 0.181500 0.164700 0.167000 0.135700 0.200000 0.126700 0.181600 0.173700 0.189300
CommonElan 0.127000 0.552500 0.050800 0.544400 0.151300 0.124300 0.122100 0.173900 0.044200 0.195600 0.134100 0.144900 0.149100 0.107200 0.163500 0.174400 0.165800 0.161100 0.141900 0.047100 0.143100 0.130500 0.193300 0.166800 0.142500 0.179700 0.141400 0.037200 0.169600 0.000000 0.196800 0.120500 0.220800 0.147100 0.157700 0.117300 0.135000 0.162800 0.181200 0.214500 0.191900 0.175200 0.207700 0.155600 0.120700 0.157000 0.219400 0.183400 0.163200 0.155800 0.037300 0.044000
MuntiacusR 0.196600 0.615400 0.187400 0.568500 0.196400 0.194400 0.203100 0.241300 0.196800 0.019400 0.203600 0.202700 0.211000 0.179400 0.207900 0.221100 0.170300 0.158300 0.187400 0.194600 0.217100 0.200300 0.117200 0.103700 0.191700 0.209700 0.207000 0.200700 0.219100 0.196800 0.000000 0.192400 0.242900 0.220500 0.224600 0.185500 0.196800 0.208400 0.239400 0.121200 0.120000 0.237800 0.022600 0.093200 0.192800 0.211300 0.279300 0.240700 0.221700 0.184600 0.192600 0.200400
HarveysDui 0.088900 0.584500 0.131000 0.550800 0.105500 0.086000 0.055200 0.119100 0.116700 0.199300 0.095800 0.140900 0.098600 0.020400 0.125200 0.120100 0.184600 0.149200 0.110300 0.134300 0.097300 0.099900 0.205500 0.178500 0.103800 0.132700 0.098700 0.124300 0.126400 0.120500 0.192400 0.000000 0.176800 0.112700 0.114100 0.117300 0.089000 0.101600 0.119900 0.185700 0.212200 0.134900 0.203300 0.167400 0.124400 0.114300 0.175500 0.169900 0.101300 0.144000 0.124300 0.139200
Pronghorn 0.175900 0.587600 0.215600 0.572400 0.164600 0.173600 0.195000 0.210800 0.221000 0.241500 0.174900 0.218900 0.189900 0.171500 0.200100 0.216100 0.211400 0.199100 0.194800 0.210400 0.199800 0.171600 0.227500 0.224400 0.183900 0.229200 0.185900 0.208400 0.206400 0.220800 0.242900 0.176800 0.000000 0.199400 0.203100 0.185200 0.168100 0.176000 0.218400 0.248500 0.242500 0.241100 0.245500 0.213100 0.185000 0.198600 0.227900 0.228600 0.201000 0.197200 0.216700 0.216200
BlueWildeb 0.070200 0.543500 0.149900 0.561300 0.112600 0.067200 0.114000 0.150000 0.143200 0.219100 0.077100 0.148400 0.034100 0.091900 0.139800 0.142700 0.193100 0.172700 0.084400 0.160900 0.127400 0.081000 0.225700 0.198200 0.084800 0.140700 0.027200 0.143100 0.148900 0.147100 0.220500 0.112700 0.199400 0.000000 0.076800 0.140000 0.070300 0.123600 0.150300 0.226100 0.223900 0.144200 0.223100 0.178800 0.143500 0.125400 0.187200 0.182200 0.131700 0.143600 0.143200 0.158300
Gemsbok 0.078800 0.543900 0.168500 0.581500 0.122200 0.075900 0.116000 0.155500 0.153700 0.223300 0.085800 0.158900 0.070200 0.093500 0.157600 0.153000 0.203900 0.167600 0.092800 0.163900 0.136600 0.089900 0.241700 0.201900 0.093800 0.150000 0.062900 0.161600 0.167300 0.157700 0.224600 0.114100 0.203100 0.076800 0.000000 0.142300 0.078900 0.125700 0.167400 0.221500 0.248600 0.168700 0.235800 0.190400 0.145800 0.119800 0.210200 0.168500 0.125500 0.178500 0.153700 0.161200
Yak 0.115900 0.525000 0.135700 0.523400 0.132500 0.113200 0.126400 0.155000 0.136600 0.184400 0.123000 0.084400 0.141800 0.103900 0.152300 0.167500 0.186400 0.154000 0.123000 0.138800 0.143900 0.127300 0.182300 0.163500 0.139200 0.165100 0.134100 0.136500 0.165900 0.117300 0.185500 0.117300 0.185200 0.140000 0.142300 0.000000 0.116200 0.128500 0.166900 0.199100 0.197100 0.176500 0.196400 0.152500 0.013300 0.141700 0.216300 0.191600 0.144300 0.144800 0.128900 0.128500
BlueSheep 0.028200 0.513100 0.130200 0.515200 0.096400 0.024800 0.082600 0.130100 0.131100 0.203800 0.013900 0.140200 0.063800 0.067900 0.124000 0.126700 0.177600 0.148600 0.056800 0.149100 0.111400 0.031700 0.193600 0.174300 0.028100 0.132500 0.056600 0.138900 0.133200 0.135000 0.196800 0.089000 0.168100 0.070300 0.078900 0.116200 0.000000 0.099900 0.127100 0.202100 0.208700 0.143700 0.203900 0.163100 0.119700 0.093800 0.183600 0.155200 0.107900 0.143400 0.131100 0.138600
BohorReedb 0.099900 0.573300 0.157700 0.548700 0.044200 0.097100 0.117800 0.142300 0.158700 0.207200 0.099300 0.144400 0.117600 0.095600 0.128800 0.146700 0.193300 0.160900 0.114400 0.168800 0.139000 0.103400 0.213600 0.178300 0.107300 0.159900 0.110100 0.166600 0.160700 0.162800 0.208400 0.101600 0.176000 0.123600 0.125700 0.128500 0.099900 0.000000 0.154200 0.201700 0.220400 0.171200 0.219400 0.167200 0.135600 0.125200 0.195100 0.182500 0.120400 0.175200 0.150900 0.158400
KirksDik 0.134500 0.601800 0.161200 0.571500 0.143100 0.132000 0.129400 0.107500 0.169500 0.246300 0.141300 0.171600 0.143600 0.114900 0.177600 0.097900 0.223400 0.188000 0.148300 0.203100 0.101700 0.145500 0.219500 0.225200 0.157400 0.103200 0.143900 0.185200 0.104100 0.181200 0.239400 0.119900 0.218400 0.150300 0.167400 0.166900 0.127100 0.154200 0.000000 0.236300 0.226100 0.099300 0.250400 0.222300 0.174100 0.175900 0.122400 0.223400 0.127500 0.190100 0.185300 0.192800
RoeDeer 0.201900 0.652700 0.204800 0.571900 0.189800 0.199700 0.208400 0.234300 0.198200 0.120500 0.192400 0.220400 0.216600 0.180500 0.229300 0.222300 0.215600 0.155300 0.209000 0.212000 0.222300 0.214000 0.129400 0.107800 0.193000 0.226900 0.212500 0.210200 0.228400 0.214500 0.121200 0.185700 0.248500 0.226100 0.221500 0.199100 0.202100 0.201700 0.236300 0.000000 0.139600 0.238700 0.124200 0.097200 0.206600 0.216600 0.284900 0.271800 0.202100 0.206200 0.202000 0.226300
WhiteLippe 0.208300 0.593900 0.190800 0.599400 0.216300 0.206100 0.215100 0.232200 0.192200 0.112100 0.207300 0.222800 0.227000 0.199200 0.219500 0.211700 0.197800 0.177400 0.232300 0.205900 0.220100 0.211800 0.036100 0.121600 0.216400 0.232900 0.218900 0.195900 0.217800 0.191900 0.120000 0.212200 0.242500 0.223900 0.248600 0.197100 0.208700 0.220400 0.226100 0.139600 0.000000 0.244700 0.123000 0.103700 0.204500 0.239800 0.265600 0.278300 0.216600 0.187800 0.196000 0.211800
ThomsonGaz 0.135800 0.608300 0.170600 0.550900 0.159800 0.133300 0.138300 0.119800 0.163400 0.244700 0.142700 0.193200 0.152900 0.123600 0.187200 0.070200 0.209100 0.189800 0.157600 0.197300 0.080700 0.154900 0.238200 0.219200 0.151200 0.041800 0.145400 0.179400 0.090500 0.175200 0.237800 0.134900 0.241100 0.144200 0.168700 0.176500 0.143700 0.171200 0.099300 0.238700 0.244700 0.000000 0.248800 0.199800 0.183700 0.177700 0.141700 0.226000 0.143800 0.200200 0.179300 0.194900
MuntiacusC 0.203700 0.623500 0.198300 0.602300 0.207300 0.201600 0.214100 0.252500 0.207700 0.016000 0.210700 0.213700 0.222100 0.190300 0.218700 0.232200 0.180900 0.169000 0.190100 0.205400 0.228200 0.207400 0.120200 0.106700 0.207100 0.220600 0.218100 0.211600 0.230100 0.207700 0.022600 0.203300 0.245500 0.223100 0.235800 0.196400 0.203900 0.219400 0.250400 0.124200 0.123000 0.248800 0.000000 0.096300 0.203700 0.222500 0.290600 0.251800 0.232800 0.195400 0.203500 0.211300
WhiteTaile 0.154800 0.568700 0.154700 0.550300 0.171400 0.160400 0.177600 0.215500 0.155700 0.092700 0.161900 0.169200 0.181300 0.154200 0.183100 0.183200 0.169600 0.141200 0.170000 0.161700 0.175300 0.166500 0.089800 0.030200 0.162600 0.180300 0.165300 0.159500 0.181500 0.155600 0.093200 0.167400 0.213100 0.178800 0.190400 0.152500 0.163100 0.167200 0.222300 0.097200 0.103700 0.199800 0.096300 0.000000 0.159700 0.177500 0.253600 0.232200 0.171700 0.167600 0.151700 0.159200
Cattle 0.119500 0.536400 0.139000 0.546500 0.139700 0.116700 0.133700 0.162200 0.140000 0.191700 0.126500 0.098900 0.145300 0.111000 0.159500 0.174800 0.193800 0.153400 0.126400 0.142200 0.151100 0.130900 0.189700 0.170800 0.142700 0.172300 0.137600 0.139900 0.164700 0.120700 0.192800 0.124400 0.185000 0.143500 0.145800 0.013300 0.119700 0.135600 0.174100 0.206600 0.204500 0.183700 0.203700 0.159700 0.000000 0.148900 0.220100 0.190200 0.151500 0.144300 0.132200 0.139600
RoyalAntel 0.093600 0.555700 0.179800 0.541000 0.114000 0.090700 0.123400 0.168100 0.164900 0.218300 0.100600 0.162200 0.119200 0.100800 0.137400 0.160700 0.220900 0.183300 0.115900 0.166900 0.144900 0.097200 0.224600 0.188800 0.108800 0.158400 0.111700 0.164900 0.167000 0.157000 0.211300 0.114300 0.198600 0.125400 0.119800 0.141700 0.093800 0.125200 0.175900 0.216600 0.239800 0.177700 0.222500 0.177500 0.148900 0.000000 0.218100 0.201100 0.141400 0.177300 0.164800 0.172600
Steenbok 0.175500 0.650900 0.214400 0.604300 0.179900 0.173200 0.177400 0.136000 0.207300 0.286300 0.190300 0.225600 0.177500 0.154900 0.187400 0.133000 0.247500 0.222500 0.198400 0.241800 0.136700 0.186900 0.263000 0.256500 0.199200 0.153100 0.177800 0.223500 0.135700 0.219400 0.279300 0.175500 0.227900 0.187200 0.210200 0.216300 0.183600 0.195100 0.122400 0.284900 0.265600 0.141700 0.290600 0.253600 0.220100 0.218100 0.000000 0.264100 0.172300 0.228800 0.223600 0.231300
Impala 0.162800 0.620200 0.194100 0.580500 0.178800 0.160400 0.157100 0.217000 0.187300 0.239500 0.154200 0.204800 0.175600 0.157700 0.214300 0.227200 0.211700 0.209400 0.164900 0.205300 0.201500 0.174400 0.271600 0.235200 0.154800 0.222600 0.168000 0.195300 0.200000 0.183400 0.240700 0.169900 0.228600 0.182200 0.168500 0.191600 0.155200 0.182500 0.223400 0.271800 0.278300 0.226000 0.251800 0.232200 0.190200 0.201100 0.264100 0.000000 0.182000 0.207500 0.179200 0.186900
Klipspring 0.107800 0.584600 0.158100 0.596100 0.116900 0.105000 0.110500 0.130500 0.159200 0.220400 0.114700 0.176700 0.125000 0.088400 0.159500 0.120300 0.188800 0.145300 0.121000 0.185300 0.104800 0.119000 0.209900 0.191000 0.115200 0.132900 0.117600 0.175200 0.126700 0.163200 0.221700 0.101300 0.201000 0.131700 0.125500 0.144300 0.107900 0.120400 0.127500 0.202100 0.216600 0.143800 0.232800 0.171700 0.151500 0.141400 0.172300 0.182000 0.000000 0.172100 0.167200 0.174800
ForestMusk 0.135300 0.532300 0.162800 0.539800 0.163500 0.132700 0.145800 0.195300 0.148100 0.191400 0.150300 0.161300 0.149700 0.122900 0.175400 0.191700 0.177600 0.165100 0.158200 0.161800 0.175400 0.138900 0.189200 0.186800 0.150900 0.188800 0.145800 0.159700 0.181600 0.155800 0.184600 0.144000 0.197200 0.143600 0.178500 0.144800 0.143400 0.175200 0.190100 0.206200 0.187800 0.200200 0.195400 0.167600 0.144300 0.177300 0.228800 0.207500 0.172100 0.000000 0.159800 0.175200
Bushbuck 0.130900 0.558700 0.039700 0.575700 0.147300 0.128300 0.133600 0.178000 0.020100 0.191500 0.130200 0.141000 0.145100 0.111000 0.175100 0.178600 0.177600 0.165200 0.145700 0.029600 0.147100 0.134500 0.197500 0.170700 0.138600 0.183900 0.137500 0.026900 0.173700 0.037300 0.192600 0.124300 0.216700 0.143200 0.153700 0.128900 0.131100 0.150900 0.185300 0.202000 0.196000 0.179300 0.203500 0.151700 0.132200 0.164800 0.223600 0.179200 0.167200 0.159800 0.000000 0.040300
GreaterKud 0.146200 0.571300 0.053900 0.560800 0.147100 0.143700 0.148900 0.193700 0.047300 0.191200 0.145400 0.148300 0.160400 0.126000 0.174700 0.194400 0.177200 0.172800 0.161200 0.056800 0.162400 0.134100 0.213400 0.178300 0.154000 0.199500 0.152700 0.040600 0.189300 0.044000 0.200400 0.139200 0.216200 0.158300 0.161200 0.128500 0.138600 0.158400 0.192800 0.226300 0.211800 0.194900 0.211300 0.159200 0.139600 0.172600 0.231300 0.186900 0.174800 0.175200 0.040300 0.000000
