CODONML (in paml version 4.10.7, June 2023)  /home/rachel/ruminants_paml/6406-phy-tree/ENSBTAT00000009992.fasta.phy
Model: free dN/dS Ratios for branches,  kappa = 2.000 fixed

Codon frequency model: F3x4
ns =  54  ls =  63

Codon usage in sequences
--------------------------------------------------------------------------------------------------------------------------------------
Phe TTT   1   1   1   1   1   1 | Ser TCT   0   1   2   0   1   1 | Tyr TAT   0   0   1   1   0   0 | Cys TGT   0   0   1   0   1   0
    TTC   0   0   0   0   0   0 |     TCC   7   6   5   7   6   6 |     TAC   2   2   1   1   2   2 |     TGC   2   2   1   2   1   2
Leu TTA   0   0   0   0   0   0 |     TCA   1   1   0   1   2   1 | *** TAA   0   0   0   0   0   0 | *** TGA   0   0   0   0   0   0
    TTG   0   0   0   0   0   0 |     TCG   0   1   1   0   0   1 |     TAG   0   0   0   0   0   0 | Trp TGG   1   1   1   1   1   1
--------------------------------------------------------------------------------------------------------------------------------------
Leu CTT   1   0   1   1   0   0 | Pro CCT   0   1   2   1   1   0 | His CAT   1   0   1   1   1   1 | Arg CGT   0   1   0   0   1   0
    CTC   1   2   1   1   1   1 |     CCC   3   0   1   2   0   1 |     CAC   0   2   0   0   1   1 |     CGC   1   0   1   1   1   1
    CTA   0   0   0   0   0   0 |     CCA   0   0   0   0   0   0 | Gln CAA   0   0   0   0   0   0 |     CGA   0   0   0   0   0   0
    CTG   1   1   1   1   2   2 |     CCG   0   0   0   0   0   0 |     CAG   1   1   1   1   1   1 |     CGG   2   2   2   2   1   2
--------------------------------------------------------------------------------------------------------------------------------------
Ile ATT   0   0   0   0   0   0 | Thr ACT   1   1   1   1   1   1 | Asn AAT   0   0   0   0   0   0 | Ser AGT   0   0   0   0   0   1
    ATC   3   3   3   3   2   2 |     ACC   2   1   1   1   1   1 |     AAC   2   2   2   2   2   1 |     AGC   3   3   3   3   3   3
    ATA   0   0   0   0   1   1 |     ACA   0   0   0   1   1   0 | Lys AAA   0   0   0   0   0   0 | Arg AGA   0   0   0   0   0   0
Met ATG   2   2   2   2   2   3 |     ACG   1   1   1   0   0   1 |     AAG   1   1   1   1   1   1 |     AGG   0   0   0   0   0   0
--------------------------------------------------------------------------------------------------------------------------------------
Val GTT   1   1   1   1   1   1 | Ala GCT   0   0   1   0   1   1 | Asp GAT   0   0   0   0   0   0 | Gly GGT   1   1   1   1   0   1
    GTC   2   1   2   2   1   1 |     GCC   2   1   2   3   2   2 |     GAC   5   5   5   5   5   5 |     GGC   1   1   1   1   2   1
    GTA   0   0   0   0   0   0 |     GCA   0   0   0   0   0   1 | Glu GAA   1   1   1   1   1   1 |     GGA   1   1   1   1   1   1
    GTG   2   3   2   2   3   2 |     GCG   1   3   1   1   1   0 |     GAG   3   3   3   3   3   3 |     GGG   3   3   3   3   3   3
--------------------------------------------------------------------------------------------------------------------------------------

--------------------------------------------------------------------------------------------------------------------------------------
Phe TTT   1   1   1   1   1   1 | Ser TCT   1   0   1   0   2   1 | Tyr TAT   0   0   0   0   1   0 | Cys TGT   0   0   0   0   0   0
    TTC   0   0   0   0   0   0 |     TCC   6   7   6   7   5   6 |     TAC   2   2   2   2   1   2 |     TGC   2   2   2   2   2   2
Leu TTA   0   0   0   0   0   0 |     TCA   1   1   1   1   1   1 | *** TAA   0   0   0   0   0   0 | *** TGA   0   0   0   0   0   0
    TTG   0   0   0   0   0   0 |     TCG   0   0   1   0   0   0 |     TAG   0   0   0   0   0   0 | Trp TGG   1   1   1   1   1   1
--------------------------------------------------------------------------------------------------------------------------------------
Leu CTT   1   1   1   1   1   1 | Pro CCT   1   0   0   1   1   1 | His CAT   1   1   1   1   1   1 | Arg CGT   0   0   0   0   0   0
    CTC   1   1   1   1   1   1 |     CCC   2   3   2   2   2   2 |     CAC   0   0   0   0   0   0 |     CGC   1   1   1   1   1   1
    CTA   0   0   0   0   0   0 |     CCA   0   0   0   0   0   0 | Gln CAA   0   0   0   0   0   0 |     CGA   0   0   0   0   0   0
    CTG   1   1   1   1   1   1 |     CCG   0   0   0   0   0   0 |     CAG   1   1   1   1   1   1 |     CGG   2   2   2   2   2   2
--------------------------------------------------------------------------------------------------------------------------------------
Ile ATT   0   0   0   0   0   0 | Thr ACT   1   1   1   1   1   1 | Asn AAT   0   0   0   0   0   0 | Ser AGT   0   0   0   0   0   0
    ATC   3   3   3   3   3   3 |     ACC   1   2   1   0   1   1 |     AAC   2   2   2   2   2   2 |     AGC   3   3   3   3   3   3
    ATA   0   0   0   0   0   0 |     ACA   0   0   0   0   0   0 | Lys AAA   0   0   0   0   0   0 | Arg AGA   0   0   0   0   0   0
Met ATG   2   2   2   2   2   2 |     ACG   1   1   1   1   1   1 |     AAG   1   1   1   1   1   1 |     AGG   0   0   0   0   0   0
--------------------------------------------------------------------------------------------------------------------------------------
Val GTT   1   1   1   1   1   1 | Ala GCT   1   0   0   0   1   1 | Asp GAT   0   0   0   0   0   0 | Gly GGT   1   1   1   1   1   1
    GTC   2   2   2   2   2   2 |     GCC   2   2   3   4   2   2 |     GAC   5   5   5   5   5   5 |     GGC   1   1   1   1   1   1
    GTA   0   0   0   0   0   0 |     GCA   0   0   0   0   0   0 | Glu GAA   1   1   1   1   1   1 |     GGA   1   1   1   2   1   1
    GTG   2   2   2   2   2   2 |     GCG   1   1   1   1   1   1 |     GAG   3   3   3   3   3   3 |     GGG   3   3   3   2   3   3
--------------------------------------------------------------------------------------------------------------------------------------

--------------------------------------------------------------------------------------------------------------------------------------
Phe TTT   1   1   1   1   1   1 | Ser TCT   1   2   1   0   0   0 | Tyr TAT   0   1   0   0   0   0 | Cys TGT   0   0   1   0   0   0
    TTC   0   0   0   0   0   0 |     TCC   6   5   6   7   7   7 |     TAC   2   1   2   2   2   2 |     TGC   2   2   1   2   2   2
Leu TTA   0   0   0   0   0   0 |     TCA   1   1   1   1   1   1 | *** TAA   0   0   0   0   0   0 | *** TGA   0   0   0   0   0   0
    TTG   0   0   0   0   0   0 |     TCG   0   0   0   0   0   0 |     TAG   0   0   0   0   0   0 | Trp TGG   1   1   1   1   1   1
--------------------------------------------------------------------------------------------------------------------------------------
Leu CTT   1   1   1   1   1   1 | Pro CCT   0   1   1   1   1   1 | His CAT   1   1   1   1   1   1 | Arg CGT   0   0   0   0   0   0
    CTC   1   1   1   1   1   1 |     CCC   3   1   2   2   2   2 |     CAC   0   0   0   0   0   0 |     CGC   1   1   1   1   1   1
    CTA   0   0   0   0   0   0 |     CCA   0   0   0   0   0   0 | Gln CAA   0   0   0   0   0   0 |     CGA   0   0   0   0   0   0
    CTG   1   1   1   1   1   1 |     CCG   0   1   0   0   0   0 |     CAG   1   1   1   1   1   1 |     CGG   2   2   2   2   2   2
--------------------------------------------------------------------------------------------------------------------------------------
Ile ATT   0   0   0   0   0   0 | Thr ACT   1   1   1   1   1   1 | Asn AAT   0   0   0   0   0   0 | Ser AGT   0   0   0   0   0   0
    ATC   3   3   3   3   3   3 |     ACC   1   1   1   1   1   0 |     AAC   2   2   2   2   2   2 |     AGC   3   3   3   3   3   3
    ATA   0   0   0   0   0   0 |     ACA   0   0   0   0   1   0 | Lys AAA   0   0   0   0   0   0 | Arg AGA   0   0   0   0   0   0
Met ATG   2   2   2   2   2   2 |     ACG   1   1   1   1   0   1 |     AAG   1   1   1   1   1   1 |     AGG   0   0   0   0   0   0
--------------------------------------------------------------------------------------------------------------------------------------
Val GTT   0   1   1   1   1   1 | Ala GCT   1   0   0   0   1   0 | Asp GAT   0   0   0   0   1   0 | Gly GGT   1   1   1   1   1   1
    GTC   3   2   2   2   2   2 |     GCC   2   3   3   3   2   4 |     GAC   5   5   5   5   4   5 |     GGC   1   1   1   1   1   1
    GTA   0   0   0   0   0   0 |     GCA   0   0   0   0   0   0 | Glu GAA   1   1   1   1   1   1 |     GGA   1   2   1   1   1   1
    GTG   2   2   2   2   2   2 |     GCG   1   1   1   1   1   1 |     GAG   3   3   3   3   3   3 |     GGG   3   2   3   3   3   3
--------------------------------------------------------------------------------------------------------------------------------------

--------------------------------------------------------------------------------------------------------------------------------------
Phe TTT   1   1   1   1   1   1 | Ser TCT   0   0   0   2   0   0 | Tyr TAT   0   0   0   1   0   0 | Cys TGT   0   0   0   0   0   0
    TTC   0   0   0   0   0   0 |     TCC   7   7   7   5   7   7 |     TAC   2   2   2   1   2   2 |     TGC   2   2   2   2   2   2
Leu TTA   0   0   0   0   0   0 |     TCA   1   1   1   1   1   1 | *** TAA   0   0   0   0   0   0 | *** TGA   0   0   0   0   0   0
    TTG   0   0   0   0   0   0 |     TCG   0   0   0   0   0   0 |     TAG   0   0   0   0   0   0 | Trp TGG   1   1   1   1   1   1
--------------------------------------------------------------------------------------------------------------------------------------
Leu CTT   1   1   1   1   1   1 | Pro CCT   1   1   0   1   2   0 | His CAT   1   1   1   1   1   1 | Arg CGT   0   0   0   0   0   0
    CTC   1   1   1   1   1   1 |     CCC   2   2   3   2   1   3 |     CAC   0   0   0   0   0   0 |     CGC   2   2   1   1   1   1
    CTA   0   0   0   0   0   0 |     CCA   0   0   0   0   0   0 | Gln CAA   0   0   0   0   0   0 |     CGA   0   0   0   0   0   0
    CTG   1   1   1   1   1   1 |     CCG   0   0   0   0   0   0 |     CAG   1   1   1   1   1   1 |     CGG   1   1   2   2   2   2
--------------------------------------------------------------------------------------------------------------------------------------
Ile ATT   1   1   0   0   0   0 | Thr ACT   0   0   1   1   1   1 | Asn AAT   0   0   0   0   0   0 | Ser AGT   0   0   0   0   0   0
    ATC   1   2   3   3   3   3 |     ACC   1   1   1   1   0   1 |     AAC   2   2   1   2   2   2 |     AGC   3   3   4   3   3   3
    ATA   1   0   0   0   0   0 |     ACA   0   0   0   0   0   0 | Lys AAA   0   0   0   0   0   0 | Arg AGA   0   0   0   0   0   0
Met ATG   2   2   2   2   2   2 |     ACG   2   2   1   1   1   1 |     AAG   1   1   1   1   1   1 |     AGG   0   0   0   0   0   0
--------------------------------------------------------------------------------------------------------------------------------------
Val GTT   1   1   1   1   1   1 | Ala GCT   1   0   0   1   0   0 | Asp GAT   0   0   0   0   0   0 | Gly GGT   1   1   1   1   1   1
    GTC   2   2   2   2   2   2 |     GCC   2   3   3   2   4   3 |     GAC   5   5   5   5   5   5 |     GGC   1   1   1   1   1   1
    GTA   0   0   0   0   0   0 |     GCA   0   0   0   0   0   0 | Glu GAA   1   1   1   1   1   1 |     GGA   1   1   1   1   1   1
    GTG   2   2   2   2   2   2 |     GCG   1   1   1   1   1   1 |     GAG   3   3   3   3   3   3 |     GGG   3   3   3   3   3   3
--------------------------------------------------------------------------------------------------------------------------------------

--------------------------------------------------------------------------------------------------------------------------------------
Phe TTT   1   1   1   1   1   1 | Ser TCT   1   0   0   0   1   2 | Tyr TAT   0   0   0   0   0   1 | Cys TGT   0   0   0   0   1   0
    TTC   0   0   0   1   0   0 |     TCC   6   7   7   7   6   5 |     TAC   2   2   2   1   2   1 |     TGC   2   2   2   2   1   2
Leu TTA   0   0   0   0   0   0 |     TCA   1   1   1   1   1   1 | *** TAA   0   0   0   0   0   0 | *** TGA   0   0   0   0   0   0
    TTG   0   0   0   0   0   0 |     TCG   0   0   0   0   0   0 |     TAG   0   0   0   0   0   0 | Trp TGG   1   1   1   1   1   1
--------------------------------------------------------------------------------------------------------------------------------------
Leu CTT   1   1   1   1   1   1 | Pro CCT   1   1   0   1   1   1 | His CAT   1   1   1   1   1   1 | Arg CGT   0   0   0   0   0   0
    CTC   1   1   1   1   1   1 |     CCC   2   2   3   2   2   2 |     CAC   0   0   0   0   0   0 |     CGC   1   1   1   1   1   1
    CTA   0   0   0   0   0   0 |     CCA   0   0   0   0   0   0 | Gln CAA   0   0   0   0   0   0 |     CGA   0   0   0   0   0   0
    CTG   1   1   1   1   1   1 |     CCG   0   0   0   0   0   0 |     CAG   1   1   1   1   1   1 |     CGG   2   2   2   2   2   2
--------------------------------------------------------------------------------------------------------------------------------------
Ile ATT   0   0   0   0   0   0 | Thr ACT   1   1   1   1   1   1 | Asn AAT   0   0   0   0   0   0 | Ser AGT   0   0   0   0   0   0
    ATC   3   3   3   3   3   3 |     ACC   1   1   1   0   1   1 |     AAC   2   2   2   2   2   2 |     AGC   3   3   3   3   3   3
    ATA   0   0   0   0   0   0 |     ACA   0   0   0   0   0   0 | Lys AAA   0   0   0   0   0   0 | Arg AGA   0   0   0   0   0   0
Met ATG   2   2   2   2   2   2 |     ACG   1   1   1   1   1   1 |     AAG   1   1   1   1   1   1 |     AGG   0   0   0   0   0   0
--------------------------------------------------------------------------------------------------------------------------------------
Val GTT   1   1   0   1   1   1 | Ala GCT   0   0   1   0   0   1 | Asp GAT   0   0   0   0   0   0 | Gly GGT   1   1   1   1   1   1
    GTC   2   2   3   2   2   2 |     GCC   3   3   2   4   3   2 |     GAC   5   5   5   5   5   5 |     GGC   1   1   1   1   1   1
    GTA   0   0   0   0   0   0 |     GCA   0   0   0   0   0   0 | Glu GAA   1   1   1   1   1   1 |     GGA   1   1   1   1   1   1
    GTG   2   2   2   2   2   2 |     GCG   1   1   1   1   1   1 |     GAG   3   3   3   3   3   3 |     GGG   3   3   3   3   3   3
--------------------------------------------------------------------------------------------------------------------------------------

--------------------------------------------------------------------------------------------------------------------------------------
Phe TTT   1   1   1   1   1   1 | Ser TCT   0   2   0   0   2   1 | Tyr TAT   0   1   0   0   0   0 | Cys TGT   0   0   0   0   0   1
    TTC   0   0   0   0   0   0 |     TCC   7   5   7   7   6   6 |     TAC   2   1   2   2   2   2 |     TGC   2   2   2   2   2   1
Leu TTA   0   0   0   0   0   0 |     TCA   1   1   1   1   1   1 | *** TAA   0   0   0   0   0   0 | *** TGA   0   0   0   0   0   0
    TTG   0   0   0   0   0   0 |     TCG   0   0   0   0   0   0 |     TAG   0   0   0   0   0   0 | Trp TGG   1   1   1   1   1   1
--------------------------------------------------------------------------------------------------------------------------------------
Leu CTT   1   1   1   1   0   1 | Pro CCT   1   1   1   1   0   1 | His CAT   1   1   1   1   1   1 | Arg CGT   0   0   0   0   0   0
    CTC   1   1   1   1   2   1 |     CCC   2   2   2   2   2   2 |     CAC   0   0   0   0   0   0 |     CGC   1   1   1   1   1   1
    CTA   0   0   0   0   0   0 |     CCA   0   0   0   0   0   0 | Gln CAA   0   0   0   0   0   0 |     CGA   0   0   0   0   0   0
    CTG   1   1   1   1   1   1 |     CCG   0   0   0   0   0   0 |     CAG   1   1   1   1   1   1 |     CGG   2   2   2   2   2   2
--------------------------------------------------------------------------------------------------------------------------------------
Ile ATT   0   0   0   0   0   0 | Thr ACT   1   1   1   1   1   1 | Asn AAT   0   0   0   0   0   0 | Ser AGT   0   0   0   0   1   0
    ATC   3   3   3   3   3   3 |     ACC   0   1   1   1   1   1 |     AAC   2   2   2   2   2   2 |     AGC   3   3   3   3   2   3
    ATA   0   0   0   0   0   0 |     ACA   0   0   0   0   0   0 | Lys AAA   0   0   0   0   0   0 | Arg AGA   0   0   0   0   0   0
Met ATG   2   2   2   2   2   2 |     ACG   1   1   1   1   1   1 |     AAG   1   1   1   1   1   1 |     AGG   0   0   0   0   0   0
--------------------------------------------------------------------------------------------------------------------------------------
Val GTT   1   1   1   1   1   1 | Ala GCT   0   1   0   0   1   0 | Asp GAT   0   0   0   0   0   0 | Gly GGT   1   1   1   1   1   1
    GTC   2   2   2   2   2   2 |     GCC   4   2   3   3   2   3 |     GAC   5   5   5   5   5   5 |     GGC   1   1   1   1   1   1
    GTA   0   0   0   0   0   0 |     GCA   0   0   0   0   0   0 | Glu GAA   1   1   1   1   1   1 |     GGA   1   1   1   1   1   1
    GTG   2   2   2   2   2   2 |     GCG   1   1   1   1   1   1 |     GAG   3   3   3   3   3   3 |     GGG   3   3   3   3   3   3
--------------------------------------------------------------------------------------------------------------------------------------

--------------------------------------------------------------------------------------------------------------------------------------
Phe TTT   1   1   1   1   1   1 | Ser TCT   0   2   0   1   0   1 | Tyr TAT   0   1   0   0   0   0 | Cys TGT   0   0   0   0   0   0
    TTC   0   0   0   0   0   0 |     TCC   7   5   7   6   7   6 |     TAC   2   1   2   2   2   2 |     TGC   2   2   2   2   2   2
Leu TTA   0   0   0   0   0   0 |     TCA   1   1   1   1   1   1 | *** TAA   0   0   0   0   0   0 | *** TGA   0   0   0   0   0   0
    TTG   0   0   0   0   0   0 |     TCG   0   0   0   0   0   0 |     TAG   0   0   0   0   0   0 | Trp TGG   1   1   1   1   1   1
--------------------------------------------------------------------------------------------------------------------------------------
Leu CTT   1   1   1   2   1   1 | Pro CCT   1   1   0   1   1   1 | His CAT   1   1   1   1   1   1 | Arg CGT   0   0   0   0   0   0
    CTC   1   1   1   0   1   1 |     CCC   2   2   3   2   2   2 |     CAC   0   0   0   0   0   0 |     CGC   1   1   1   1   1   1
    CTA   0   0   0   0   0   0 |     CCA   0   0   0   0   0   0 | Gln CAA   0   0   0   0   0   0 |     CGA   0   0   0   0   0   0
    CTG   1   1   1   1   1   1 |     CCG   0   0   0   0   0   0 |     CAG   1   1   1   1   1   1 |     CGG   2   2   2   2   2   2
--------------------------------------------------------------------------------------------------------------------------------------
Ile ATT   0   0   0   0   0   0 | Thr ACT   1   1   1   1   1   1 | Asn AAT   0   0   0   0   0   0 | Ser AGT   0   0   0   0   0   0
    ATC   3   3   3   3   3   3 |     ACC   1   1   1   1   0   1 |     AAC   2   2   2   2   2   2 |     AGC   3   3   3   3   3   3
    ATA   0   0   0   0   0   0 |     ACA   0   0   0   0   0   0 | Lys AAA   0   0   0   0   0   0 | Arg AGA   0   0   0   0   0   0
Met ATG   2   2   2   2   2   2 |     ACG   1   1   1   1   1   1 |     AAG   1   1   1   1   1   1 |     AGG   0   0   0   0   0   0
--------------------------------------------------------------------------------------------------------------------------------------
Val GTT   1   1   1   1   1   1 | Ala GCT   0   0   1   1   1   0 | Asp GAT   0   0   0   0   0   0 | Gly GGT   1   1   1   1   1   1
    GTC   2   2   2   2   2   2 |     GCC   3   3   2   2   4   3 |     GAC   5   5   5   5   5   5 |     GGC   1   1   1   1   1   1
    GTA   0   0   0   0   0   0 |     GCA   0   0   0   0   0   0 | Glu GAA   1   1   1   1   1   1 |     GGA   1   2   1   1   1   1
    GTG   2   2   2   2   2   2 |     GCG   1   1   1   1   0   1 |     GAG   3   3   3   3   3   3 |     GGG   3   2   3   3   3   3
--------------------------------------------------------------------------------------------------------------------------------------

--------------------------------------------------------------------------------------------------------------------------------------
Phe TTT   1   1   1   1   1   1 | Ser TCT   0   0   0   0   2   1 | Tyr TAT   0   0   0   0   1   0 | Cys TGT   0   0   0   2   0   0
    TTC   0   1   0   0   0   0 |     TCC   7   7   7   7   5   6 |     TAC   2   1   2   2   1   2 |     TGC   2   2   2   0   2   2
Leu TTA   0   0   0   0   0   0 |     TCA   1   1   1   1   1   1 | *** TAA   0   0   0   0   0   0 | *** TGA   0   0   0   0   0   0
    TTG   0   0   0   0   0   0 |     TCG   0   0   0   0   0   0 |     TAG   0   0   0   0   0   0 | Trp TGG   1   1   1   1   1   1
--------------------------------------------------------------------------------------------------------------------------------------
Leu CTT   1   1   1   1   1   1 | Pro CCT   1   1   1   1   1   1 | His CAT   1   1   1   1   1   0 | Arg CGT   0   0   0   0   0   0
    CTC   1   1   1   1   1   1 |     CCC   2   2   2   2   2   2 |     CAC   0   0   0   0   0   2 |     CGC   1   1   1   1   1   1
    CTA   0   0   0   0   0   0 |     CCA   0   0   0   0   0   0 | Gln CAA   0   0   0   0   0   0 |     CGA   0   0   0   0   0   0
    CTG   1   1   1   1   1   1 |     CCG   0   0   0   0   0   0 |     CAG   1   1   1   1   1   1 |     CGG   2   2   2   2   2   2
--------------------------------------------------------------------------------------------------------------------------------------
Ile ATT   0   0   0   0   0   0 | Thr ACT   1   1   1   1   1   1 | Asn AAT   0   0   0   0   0   0 | Ser AGT   0   0   1   0   0   0
    ATC   3   3   3   3   3   3 |     ACC   1   0   1   1   1   1 |     AAC   2   0   2   2   2   1 |     AGC   3   5   2   3   3   3
    ATA   0   0   0   0   0   0 |     ACA   0   0   0   0   0   0 | Lys AAA   0   0   0   0   0   0 | Arg AGA   0   0   0   0   0   0
Met ATG   2   1   2   2   2   2 |     ACG   1   1   1   1   1   1 |     AAG   1   1   1   1   1   1 |     AGG   0   0   0   0   0   0
--------------------------------------------------------------------------------------------------------------------------------------
Val GTT   1   2   1   1   1   1 | Ala GCT   0   0   0   0   0   1 | Asp GAT   0   0   0   0   0   0 | Gly GGT   1   1   1   1   1   0
    GTC   2   1   2   2   2   2 |     GCC   3   4   3   3   3   2 |     GAC   5   5   5   5   5   5 |     GGC   1   2   1   1   1   1
    GTA   0   0   0   0   0   0 |     GCA   0   0   0   0   0   0 | Glu GAA   1   1   1   1   1   1 |     GGA   1   1   1   1   2   3
    GTG   2   2   2   2   2   2 |     GCG   1   1   1   1   1   1 |     GAG   3   3   3   3   3   3 |     GGG   3   3   3   3   2   2
--------------------------------------------------------------------------------------------------------------------------------------

--------------------------------------------------------------------------------------------------------------------------------------
Phe TTT   1   1   1   1   1   1 | Ser TCT   1   0   0   0   2   2 | Tyr TAT   0   0   0   1   1   1 | Cys TGT   0   0   0   0   0   0
    TTC   0   0   0   0   0   0 |     TCC   6   7   7   7   5   5 |     TAC   2   2   1   1   1   1 |     TGC   2   2   3   2   2   2
Leu TTA   0   0   0   0   0   0 |     TCA   1   1   1   1   1   1 | *** TAA   0   0   0   0   0   0 | *** TGA   0   0   0   0   0   0
    TTG   0   0   0   0   0   0 |     TCG   0   0   0   0   0   0 |     TAG   0   0   0   0   0   0 | Trp TGG   1   1   1   1   1   1
--------------------------------------------------------------------------------------------------------------------------------------
Leu CTT   1   1   1   1   1   1 | Pro CCT   1   1   1   1   1   1 | His CAT   1   1   1   1   1   1 | Arg CGT   0   0   0   0   0   0
    CTC   1   1   1   1   1   1 |     CCC   2   2   2   2   2   2 |     CAC   0   0   0   0   0   0 |     CGC   1   1   1   1   1   1
    CTA   0   0   0   0   0   0 |     CCA   0   0   0   0   0   0 | Gln CAA   0   0   0   0   0   0 |     CGA   0   0   0   0   0   0
    CTG   1   1   1   1   1   1 |     CCG   0   0   0   0   0   0 |     CAG   1   1   1   1   1   1 |     CGG   1   2   2   2   2   2
--------------------------------------------------------------------------------------------------------------------------------------
Ile ATT   0   0   0   0   0   0 | Thr ACT   1   1   1   1   1   1 | Asn AAT   0   1   0   0   0   0 | Ser AGT   0   0   0   0   0   0
    ATC   3   3   2   3   3   3 |     ACC   0   1   1   1   1   1 |     AAC   2   1   0   2   2   2 |     AGC   3   3   5   3   3   3
    ATA   0   0   0   0   0   0 |     ACA   0   0   0   1   0   0 | Lys AAA   0   0   0   0   0   0 | Arg AGA   0   0   0   0   0   0
Met ATG   2   2   2   2   2   2 |     ACG   1   1   1   0   1   1 |     AAG   1   1   1   1   1   1 |     AGG   1   0   0   0   0   0
--------------------------------------------------------------------------------------------------------------------------------------
Val GTT   1   1   0   1   1   1 | Ala GCT   0   1   1   0   1   1 | Asp GAT   0   0   0   0   0   0 | Gly GGT   1   1   1   1   1   1
    GTC   2   2   4   2   2   2 |     GCC   4   2   2   3   2   2 |     GAC   5   5   4   5   5   5 |     GGC   1   1   2   1   1   1
    GTA   0   0   0   0   0   0 |     GCA   0   0   0   0   0   0 | Glu GAA   1   1   1   1   1   1 |     GGA   1   1   1   1   1   1
    GTG   2   2   2   2   2   2 |     GCG   1   1   1   1   1   1 |     GAG   3   3   3   3   3   3 |     GGG   3   3   3   3   3   3
--------------------------------------------------------------------------------------------------------------------------------------

Codon position x base (3x4) table for each sequence.

#1: Argali         
position  1:    T:0.22222    C:0.17460    A:0.23810    G:0.36508
position  2:    T:0.22222    C:0.28571    A:0.25397    G:0.23810
position  3:    T:0.09524    C:0.57143    A:0.04762    G:0.28571
Average         T:0.17989    C:0.34392    A:0.17989    G:0.29630

#2: LesserMouseDeer
position  1:    T:0.23810    C:0.15873    A:0.22222    G:0.38095
position  2:    T:0.22222    C:0.26984    A:0.26984    G:0.23810
position  3:    T:0.11111    C:0.49206    A:0.04762    G:0.34921
Average         T:0.19048    C:0.30688    A:0.17989    G:0.32275

#3: LesserKudu     
position  1:    T:0.22222    C:0.17460    A:0.22222    G:0.38095
position  2:    T:0.22222    C:0.28571    A:0.25397    G:0.23810
position  3:    T:0.20635    C:0.46032    A:0.03175    G:0.30159
Average         T:0.21693    C:0.30688    A:0.16931    G:0.30688

#4: ForestMuskDeer2
position  1:    T:0.22222    C:0.17460    A:0.22222    G:0.38095
position  2:    T:0.22222    C:0.28571    A:0.25397    G:0.23810
position  3:    T:0.12698    C:0.53968    A:0.06349    G:0.26984
Average         T:0.19048    C:0.33333    A:0.17989    G:0.29630

#5: Camel          
position  1:    T:0.23810    C:0.15873    A:0.22222    G:0.38095
position  2:    T:0.22222    C:0.26984    A:0.26984    G:0.23810
position  3:    T:0.14286    C:0.47619    A:0.09524    G:0.28571
Average         T:0.20106    C:0.30159    A:0.19577    G:0.30159

#6: KillerWhale    
position  1:    T:0.23810    C:0.15873    A:0.23810    G:0.36508
position  2:    T:0.22222    C:0.26984    A:0.25397    G:0.25397
position  3:    T:0.12698    C:0.47619    A:0.07937    G:0.31746
Average         T:0.19577    C:0.30159    A:0.19048    G:0.31217

#7: DefassaWaterbuck
position  1:    T:0.22222    C:0.17460    A:0.22222    G:0.38095
position  2:    T:0.22222    C:0.28571    A:0.25397    G:0.23810
position  3:    T:0.14286    C:0.52381    A:0.04762    G:0.28571
Average         T:0.19577    C:0.32804    A:0.17460    G:0.30159

#8: Sheep          
position  1:    T:0.22222    C:0.17460    A:0.23810    G:0.36508
position  2:    T:0.22222    C:0.28571    A:0.25397    G:0.23810
position  3:    T:0.09524    C:0.57143    A:0.04762    G:0.28571
Average         T:0.17989    C:0.34392    A:0.17989    G:0.29630

#9: MaxwellsDuiker 
position  1:    T:0.23810    C:0.15873    A:0.22222    G:0.38095
position  2:    T:0.22222    C:0.28571    A:0.25397    G:0.23810
position  3:    T:0.11111    C:0.53968    A:0.04762    G:0.30159
Average         T:0.19048    C:0.32804    A:0.17460    G:0.30688

#10: GazellaPrzewalskyi
position  1:    T:0.22222    C:0.17460    A:0.20635    G:0.39683
position  2:    T:0.22222    C:0.28571    A:0.25397    G:0.23810
position  3:    T:0.11111    C:0.55556    A:0.06349    G:0.26984
Average         T:0.18519    C:0.33862    A:0.17460    G:0.30159

#11: MountainNyala  
position  1:    T:0.22222    C:0.17460    A:0.22222    G:0.38095
position  2:    T:0.22222    C:0.28571    A:0.25397    G:0.23810
position  3:    T:0.17460    C:0.49206    A:0.04762    G:0.28571
Average         T:0.20635    C:0.31746    A:0.17460    G:0.30159

#12: MuntiacusMuntjak
position  1:    T:0.22222    C:0.17460    A:0.22222    G:0.38095
position  2:    T:0.22222    C:0.28571    A:0.25397    G:0.23810
position  3:    T:0.14286    C:0.52381    A:0.04762    G:0.28571
Average         T:0.19577    C:0.32804    A:0.17460    G:0.30159

#13: goat           
position  1:    T:0.22222    C:0.17460    A:0.22222    G:0.38095
position  2:    T:0.22222    C:0.28571    A:0.25397    G:0.23810
position  3:    T:0.11111    C:0.55556    A:0.04762    G:0.28571
Average         T:0.18519    C:0.33862    A:0.17460    G:0.30159

#14: AfricanBuffalo 
position  1:    T:0.22222    C:0.17460    A:0.22222    G:0.38095
position  2:    T:0.22222    C:0.28571    A:0.25397    G:0.23810
position  3:    T:0.15873    C:0.49206    A:0.06349    G:0.28571
Average         T:0.20106    C:0.31746    A:0.17989    G:0.30159

#15: Topi           
position  1:    T:0.22222    C:0.17460    A:0.22222    G:0.38095
position  2:    T:0.22222    C:0.28571    A:0.25397    G:0.23810
position  3:    T:0.14286    C:0.52381    A:0.04762    G:0.28571
Average         T:0.19577    C:0.32804    A:0.17460    G:0.30159

#16: CommonDuiker   
position  1:    T:0.22222    C:0.17460    A:0.22222    G:0.38095
position  2:    T:0.22222    C:0.28571    A:0.25397    G:0.23810
position  3:    T:0.11111    C:0.55556    A:0.04762    G:0.28571
Average         T:0.18519    C:0.33862    A:0.17460    G:0.30159

#17: Suni           
position  1:    T:0.22222    C:0.17460    A:0.22222    G:0.38095
position  2:    T:0.22222    C:0.28571    A:0.25397    G:0.23810
position  3:    T:0.14286    C:0.52381    A:0.06349    G:0.26984
Average         T:0.19577    C:0.32804    A:0.17989    G:0.29630

#18: Springbuck     
position  1:    T:0.22222    C:0.17460    A:0.20635    G:0.39683
position  2:    T:0.22222    C:0.28571    A:0.25397    G:0.23810
position  3:    T:0.11111    C:0.55556    A:0.04762    G:0.28571
Average         T:0.18519    C:0.33862    A:0.16931    G:0.30688

#19: Okapi          
position  1:    T:0.22222    C:0.17460    A:0.22222    G:0.38095
position  2:    T:0.22222    C:0.28571    A:0.25397    G:0.23810
position  3:    T:0.12698    C:0.52381    A:0.06349    G:0.28571
Average         T:0.19048    C:0.32804    A:0.17989    G:0.30159

#20: Giraffe        
position  1:    T:0.22222    C:0.17460    A:0.22222    G:0.38095
position  2:    T:0.22222    C:0.28571    A:0.25397    G:0.23810
position  3:    T:0.11111    C:0.55556    A:0.04762    G:0.28571
Average         T:0.18519    C:0.33862    A:0.17460    G:0.30159

#21: TibetanAntelope
position  1:    T:0.22222    C:0.17460    A:0.22222    G:0.38095
position  2:    T:0.22222    C:0.28571    A:0.23810    G:0.25397
position  3:    T:0.09524    C:0.57143    A:0.04762    G:0.28571
Average         T:0.17989    C:0.34392    A:0.16931    G:0.30688

#22: Sitatunga      
position  1:    T:0.22222    C:0.17460    A:0.22222    G:0.38095
position  2:    T:0.22222    C:0.28571    A:0.25397    G:0.23810
position  3:    T:0.17460    C:0.49206    A:0.04762    G:0.28571
Average         T:0.20635    C:0.31746    A:0.17460    G:0.30159

#23: Oribi          
position  1:    T:0.22222    C:0.17460    A:0.20635    G:0.39683
position  2:    T:0.22222    C:0.28571    A:0.25397    G:0.23810
position  3:    T:0.12698    C:0.53968    A:0.04762    G:0.28571
Average         T:0.19048    C:0.33333    A:0.16931    G:0.30688

#24: BarbarySheep   
position  1:    T:0.22222    C:0.17460    A:0.22222    G:0.38095
position  2:    T:0.22222    C:0.28571    A:0.25397    G:0.23810
position  3:    T:0.09524    C:0.57143    A:0.04762    G:0.28571
Average         T:0.17989    C:0.34392    A:0.17460    G:0.30159

#25: Daviddeer      
position  1:    T:0.22222    C:0.17460    A:0.22222    G:0.38095
position  2:    T:0.22222    C:0.28571    A:0.25397    G:0.23810
position  3:    T:0.12698    C:0.53968    A:0.04762    G:0.28571
Average         T:0.19048    C:0.33333    A:0.17460    G:0.30159

#26: Reindeer       
position  1:    T:0.22222    C:0.17460    A:0.22222    G:0.38095
position  2:    T:0.22222    C:0.28571    A:0.25397    G:0.23810
position  3:    T:0.11111    C:0.55556    A:0.04762    G:0.28571
Average         T:0.18519    C:0.33862    A:0.17460    G:0.30159

#27: Ibex           
position  1:    T:0.22222    C:0.17460    A:0.22222    G:0.38095
position  2:    T:0.22222    C:0.28571    A:0.25397    G:0.23810
position  3:    T:0.09524    C:0.57143    A:0.04762    G:0.28571
Average         T:0.17989    C:0.34392    A:0.17460    G:0.30159

#28: GyrantGazelle  
position  1:    T:0.22222    C:0.17460    A:0.20635    G:0.39683
position  2:    T:0.23810    C:0.28571    A:0.23810    G:0.23810
position  3:    T:0.11111    C:0.55556    A:0.04762    G:0.28571
Average         T:0.19048    C:0.33862    A:0.16402    G:0.30688

#29: Hartebeest     
position  1:    T:0.22222    C:0.17460    A:0.22222    G:0.38095
position  2:    T:0.22222    C:0.28571    A:0.25397    G:0.23810
position  3:    T:0.14286    C:0.52381    A:0.04762    G:0.28571
Average         T:0.19577    C:0.32804    A:0.17460    G:0.30159

#30: Bongo          
position  1:    T:0.22222    C:0.17460    A:0.22222    G:0.38095
position  2:    T:0.22222    C:0.28571    A:0.25397    G:0.23810
position  3:    T:0.17460    C:0.49206    A:0.04762    G:0.28571
Average         T:0.20635    C:0.31746    A:0.17460    G:0.30159

#31: Gerenuk        
position  1:    T:0.22222    C:0.17460    A:0.20635    G:0.39683
position  2:    T:0.22222    C:0.28571    A:0.25397    G:0.23810
position  3:    T:0.11111    C:0.55556    A:0.04762    G:0.28571
Average         T:0.18519    C:0.33862    A:0.16931    G:0.30688

#32: CommonEland    
position  1:    T:0.22222    C:0.17460    A:0.22222    G:0.38095
position  2:    T:0.22222    C:0.28571    A:0.25397    G:0.23810
position  3:    T:0.17460    C:0.49206    A:0.04762    G:0.28571
Average         T:0.20635    C:0.31746    A:0.17460    G:0.30159

#33: MuntiacusReevesi
position  1:    T:0.22222    C:0.17460    A:0.22222    G:0.38095
position  2:    T:0.22222    C:0.28571    A:0.25397    G:0.23810
position  3:    T:0.11111    C:0.55556    A:0.04762    G:0.28571
Average         T:0.18519    C:0.33862    A:0.17460    G:0.30159

#34: HarveysDuiker  
position  1:    T:0.22222    C:0.17460    A:0.22222    G:0.38095
position  2:    T:0.22222    C:0.28571    A:0.25397    G:0.23810
position  3:    T:0.11111    C:0.55556    A:0.04762    G:0.28571
Average         T:0.18519    C:0.33862    A:0.17460    G:0.30159

#35: Pronghorn      
position  1:    T:0.23810    C:0.15873    A:0.22222    G:0.38095
position  2:    T:0.22222    C:0.28571    A:0.25397    G:0.23810
position  3:    T:0.14286    C:0.52381    A:0.04762    G:0.28571
Average         T:0.20106    C:0.32275    A:0.17460    G:0.30159

#36: BlueWildebeest 
position  1:    T:0.22222    C:0.17460    A:0.22222    G:0.38095
position  2:    T:0.22222    C:0.28571    A:0.25397    G:0.23810
position  3:    T:0.14286    C:0.52381    A:0.04762    G:0.28571
Average         T:0.19577    C:0.32804    A:0.17460    G:0.30159

#37: Gemsbok        
position  1:    T:0.22222    C:0.17460    A:0.22222    G:0.38095
position  2:    T:0.22222    C:0.28571    A:0.25397    G:0.23810
position  3:    T:0.11111    C:0.55556    A:0.04762    G:0.28571
Average         T:0.18519    C:0.33862    A:0.17460    G:0.30159

#38: Yak            
position  1:    T:0.22222    C:0.17460    A:0.22222    G:0.38095
position  2:    T:0.22222    C:0.28571    A:0.25397    G:0.23810
position  3:    T:0.15873    C:0.50794    A:0.06349    G:0.26984
Average         T:0.20106    C:0.32275    A:0.17989    G:0.29630

#39: BlueSheep      
position  1:    T:0.22222    C:0.17460    A:0.22222    G:0.38095
position  2:    T:0.22222    C:0.28571    A:0.25397    G:0.23810
position  3:    T:0.11111    C:0.55556    A:0.04762    G:0.28571
Average         T:0.18519    C:0.33862    A:0.17460    G:0.30159

#40: BohorReedbuck  
position  1:    T:0.22222    C:0.17460    A:0.22222    G:0.38095
position  2:    T:0.22222    C:0.28571    A:0.25397    G:0.23810
position  3:    T:0.15873    C:0.50794    A:0.04762    G:0.28571
Average         T:0.20106    C:0.32275    A:0.17460    G:0.30159

#41: KirksDik       
position  1:    T:0.22222    C:0.17460    A:0.20635    G:0.39683
position  2:    T:0.22222    C:0.28571    A:0.25397    G:0.23810
position  3:    T:0.12698    C:0.55556    A:0.04762    G:0.26984
Average         T:0.19048    C:0.33862    A:0.16931    G:0.30159

#42: RoeDeer        
position  1:    T:0.22222    C:0.17460    A:0.22222    G:0.38095
position  2:    T:0.22222    C:0.28571    A:0.25397    G:0.23810
position  3:    T:0.12698    C:0.53968    A:0.04762    G:0.28571
Average         T:0.19048    C:0.33333    A:0.17460    G:0.30159

#43: WhiteLippedDeer
position  1:    T:0.22222    C:0.17460    A:0.22222    G:0.38095
position  2:    T:0.22222    C:0.28571    A:0.25397    G:0.23810
position  3:    T:0.11111    C:0.55556    A:0.04762    G:0.28571
Average         T:0.18519    C:0.33862    A:0.17460    G:0.30159

#44: ThomsonGazelle 
position  1:    T:0.22222    C:0.17460    A:0.19048    G:0.41270
position  2:    T:0.22222    C:0.28571    A:0.20635    G:0.28571
position  3:    T:0.12698    C:0.55556    A:0.04762    G:0.26984
Average         T:0.19048    C:0.33862    A:0.14815    G:0.32275

#45: MuntiacusCrinifrons
position  1:    T:0.22222    C:0.17460    A:0.22222    G:0.38095
position  2:    T:0.22222    C:0.28571    A:0.25397    G:0.23810
position  3:    T:0.12698    C:0.53968    A:0.04762    G:0.28571
Average         T:0.19048    C:0.33333    A:0.17460    G:0.30159

#46: WhiteTailedDeer
position  1:    T:0.22222    C:0.17460    A:0.22222    G:0.38095
position  2:    T:0.22222    C:0.28571    A:0.25397    G:0.23810
position  3:    T:0.14286    C:0.52381    A:0.04762    G:0.28571
Average         T:0.19577    C:0.32804    A:0.17460    G:0.30159

#47: Cattle         
position  1:    T:0.22222    C:0.17460    A:0.22222    G:0.38095
position  2:    T:0.22222    C:0.28571    A:0.25397    G:0.23810
position  3:    T:0.15873    C:0.50794    A:0.06349    G:0.26984
Average         T:0.20106    C:0.32275    A:0.17989    G:0.29630

#48: RoyalAntelope  
position  1:    T:0.22222    C:0.19048    A:0.20635    G:0.38095
position  2:    T:0.22222    C:0.28571    A:0.25397    G:0.23810
position  3:    T:0.11111    C:0.53968    A:0.07937    G:0.26984
Average         T:0.18519    C:0.33862    A:0.17989    G:0.29630

#49: Steenbok       
position  1:    T:0.22222    C:0.15873    A:0.22222    G:0.39683
position  2:    T:0.22222    C:0.28571    A:0.25397    G:0.23810
position  3:    T:0.12698    C:0.53968    A:0.04762    G:0.28571
Average         T:0.19048    C:0.32804    A:0.17460    G:0.30688

#50: Impala         
position  1:    T:0.22222    C:0.17460    A:0.22222    G:0.38095
position  2:    T:0.22222    C:0.28571    A:0.25397    G:0.23810
position  3:    T:0.14286    C:0.52381    A:0.04762    G:0.28571
Average         T:0.19577    C:0.32804    A:0.17460    G:0.30159

#51: Klipspringer   
position  1:    T:0.22222    C:0.17460    A:0.20635    G:0.39683
position  2:    T:0.22222    C:0.28571    A:0.19048    G:0.30159
