1
52 1
Argali 0.000000 0.354700 0.098800 0.361800 0.053400 0.053600 0.067200 0.133100 0.083500 0.178200 0.039900 0.138000 0.105700 0.093600 0.068400 0.093400 0.100200 0.128700 0.053500 0.097100 0.067200 0.026800 0.160800 0.181500 0.040100 0.106100 0.118500 0.097500 0.067100 0.070100 0.173700 0.068400 0.185700 0.105700 0.131700 0.056700 0.039600 0.081400 0.080400 0.182200 0.160000 0.095200 0.178200 0.182900 0.083800 0.125200 0.080600 0.135700 0.067200 0.129400 0.070100 0.083800
LesserMous 0.354700 0.000000 0.370000 0.353700 0.365600 0.349100 0.367100 0.351800 0.348700 0.296000 0.332300 0.354900 0.333900 0.326400 0.336700 0.358300 0.301500 0.332100 0.349200 0.311200 0.331500 0.319500 0.331500 0.362000 0.297200 0.320400 0.347700 0.312700 0.329300 0.336100 0.323700 0.371500 0.287000 0.333900 0.346700 0.324200 0.332500 0.330000 0.365000 0.310100 0.295000 0.328600 0.296000 0.384900 0.314200 0.314800 0.345100 0.395300 0.330100 0.333500 0.336100 0.350400
LesserKudu 0.098800 0.370000 0.000000 0.382500 0.126700 0.126900 0.111900 0.180300 0.039900 0.177600 0.112500 0.121200 0.151300 0.110800 0.084200 0.138900 0.115800 0.144700 0.097600 0.053000 0.112100 0.099400 0.177500 0.197700 0.112400 0.152100 0.164500 0.053200 0.111700 0.026800 0.190400 0.114200 0.202300 0.151300 0.178300 0.041500 0.112400 0.127300 0.125800 0.213500 0.176600 0.141800 0.177600 0.199200 0.068000 0.157700 0.125900 0.153100 0.112000 0.145500 0.026800 0.038600
KillerWhal 0.361800 0.353700 0.382500 0.000000 0.374300 0.392400 0.290300 0.414400 0.361800 0.279100 0.375300 0.402500 0.413200 0.336800 0.346600 0.266600 0.249300 0.277500 0.325100 0.359600 0.376200 0.364000 0.312000 0.294600 0.375000 0.363400 0.390200 0.361400 0.304500 0.349600 0.241000 0.346700 0.254600 0.413200 0.425500 0.338300 0.359200 0.376100 0.373800 0.278700 0.310400 0.357900 0.279100 0.265300 0.362900 0.437700 0.389600 0.350700 0.376100 0.261700 0.349600 0.327300
DefassaWat 0.053400 0.365600 0.126700 0.374300 0.000000 0.107900 0.093500 0.130300 0.111000 0.190400 0.094200 0.165000 0.103500 0.119700 0.095200 0.119400 0.112900 0.141100 0.079800 0.124500 0.093600 0.081500 0.173000 0.178200 0.094100 0.132000 0.116100 0.125000 0.093400 0.097900 0.185700 0.095100 0.197600 0.103500 0.129100 0.084800 0.094300 0.025700 0.106500 0.210100 0.172300 0.121800 0.190400 0.179600 0.111400 0.152100 0.106700 0.132900 0.093500 0.141900 0.097900 0.111400
Sheep 0.053600 0.349100 0.126900 0.392400 0.107900 0.000000 0.093900 0.159600 0.111100 0.207900 0.066700 0.165600 0.131900 0.120300 0.095600 0.119900 0.128600 0.157200 0.080100 0.124600 0.066200 0.053900 0.190000 0.209600 0.066700 0.132600 0.144700 0.125100 0.093700 0.098000 0.202700 0.095600 0.214300 0.131900 0.158000 0.084900 0.066700 0.108400 0.107100 0.210400 0.189000 0.122200 0.207900 0.211200 0.111500 0.152900 0.107400 0.162700 0.093900 0.158100 0.098000 0.111500
MaxwellsDu 0.067200 0.367100 0.111900 0.290300 0.093500 0.093900 0.000000 0.115800 0.096500 0.175900 0.080300 0.150500 0.117600 0.077600 0.080600 0.051200 0.113400 0.141700 0.063600 0.110000 0.079700 0.067500 0.173900 0.194000 0.080200 0.118100 0.102600 0.110400 0.052200 0.083400 0.140600 0.052900 0.183600 0.117600 0.143400 0.070200 0.052700 0.093900 0.092100 0.164200 0.173100 0.107600 0.175900 0.195600 0.096900 0.136500 0.092900 0.146600 0.079700 0.127800 0.083400 0.068100
GazellaPrz 0.133100 0.351800 0.180300 0.414400 0.130300 0.159600 0.115800 0.000000 0.164100 0.231800 0.117800 0.217400 0.126000 0.141100 0.146300 0.141900 0.168300 0.196400 0.130100 0.119200 0.116900 0.133700 0.244400 0.215600 0.117700 0.126500 0.138200 0.148600 0.116700 0.151500 0.226100 0.146300 0.191200 0.126000 0.150900 0.139200 0.090300 0.130800 0.101300 0.248000 0.211500 0.116500 0.231800 0.217200 0.135300 0.173200 0.102300 0.153700 0.144700 0.182300 0.151500 0.164700
MountainNy 0.083500 0.348700 0.039900 0.361800 0.111000 0.111100 0.096500 0.164100 0.000000 0.160300 0.097000 0.106200 0.135600 0.109600 0.069200 0.123200 0.099800 0.128300 0.054300 0.037900 0.096600 0.083900 0.160200 0.180800 0.096900 0.136300 0.148600 0.039400 0.096300 0.012800 0.173000 0.098400 0.185000 0.135600 0.162300 0.027300 0.097000 0.111500 0.110200 0.196200 0.159400 0.125800 0.160300 0.182100 0.053700 0.141200 0.110300 0.137200 0.096600 0.129000 0.012800 0.026300
MuntiacusM 0.178200 0.296000 0.177600 0.279100 0.190400 0.207900 0.175900 0.231800 0.160300 0.000000 0.192200 0.202100 0.199100 0.157600 0.162400 0.186600 0.071600 0.100200 0.175900 0.159200 0.191600 0.146900 0.070100 0.093700 0.192100 0.154100 0.212600 0.159800 0.158700 0.146900 0.026900 0.195400 0.096800 0.199100 0.212200 0.133700 0.176700 0.191500 0.190600 0.108600 0.069700 0.175300 0.000000 0.108900 0.160800 0.176900 0.205900 0.203700 0.191600 0.070800 0.146900 0.160900
goat 0.039900 0.332300 0.112500 0.375300 0.094200 0.066700 0.080300 0.117800 0.097000 0.192200 0.000000 0.151200 0.091100 0.106600 0.081800 0.106200 0.114000 0.142400 0.066600 0.110500 0.080300 0.038300 0.143100 0.194700 0.026300 0.091100 0.103700 0.110900 0.080100 0.083800 0.187400 0.067900 0.168400 0.091100 0.116800 0.070600 0.025200 0.094600 0.065700 0.195500 0.142800 0.108400 0.192200 0.196200 0.097300 0.109100 0.066000 0.148700 0.052700 0.112700 0.083800 0.097300
AfricanBuf 0.138000 0.354900 0.121200 0.402500 0.165000 0.165600 0.150500 0.217400 0.106200 0.202100 0.151200 0.000000 0.159400 0.163400 0.123500 0.176700 0.141100 0.169300 0.136400 0.119000 0.150800 0.138700 0.201900 0.220600 0.122000 0.189800 0.172100 0.119400 0.150200 0.093500 0.214400 0.153600 0.225700 0.159400 0.184900 0.080500 0.151100 0.166000 0.164400 0.236200 0.200700 0.180500 0.202100 0.222100 0.105600 0.196700 0.164300 0.160800 0.150600 0.169000 0.093500 0.106400
Topi 0.105700 0.333900 0.151300 0.413200 0.103500 0.131900 0.117600 0.126000 0.135600 0.199100 0.091100 0.159400 0.000000 0.115400 0.119600 0.142800 0.153200 0.181000 0.104000 0.148700 0.117600 0.078500 0.182300 0.171600 0.090900 0.127400 0.011500 0.149400 0.117400 0.122900 0.194400 0.119700 0.176000 0.000000 0.072700 0.110400 0.091000 0.103900 0.130400 0.202200 0.151300 0.145500 0.199100 0.188100 0.136000 0.146600 0.103100 0.156000 0.117700 0.182300 0.122900 0.136100
CommonDuik 0.093600 0.326400 0.110800 0.336800 0.119700 0.120300 0.077600 0.141100 0.109600 0.157600 0.106600 0.163400 0.115400 0.000000 0.093300 0.103500 0.112300 0.140400 0.091600 0.094000 0.105900 0.066300 0.155900 0.162000 0.106500 0.088900 0.127900 0.123300 0.105600 0.096600 0.123800 0.079000 0.151400 0.115400 0.140700 0.083700 0.106600 0.120200 0.090500 0.133300 0.155000 0.105500 0.157600 0.178700 0.109900 0.105600 0.119000 0.130300 0.105800 0.141200 0.096600 0.109900
Suni 0.068400 0.336700 0.084200 0.346600 0.095200 0.095600 0.080600 0.146300 0.069200 0.162400 0.081800 0.123500 0.119600 0.093300 0.000000 0.107400 0.085400 0.113800 0.066900 0.082700 0.081200 0.068800 0.145300 0.166700 0.081700 0.120200 0.132500 0.083000 0.081000 0.055700 0.158300 0.082100 0.170500 0.119600 0.145800 0.042300 0.081800 0.081700 0.093800 0.182000 0.144600 0.109500 0.162400 0.167900 0.069400 0.124700 0.094600 0.120200 0.067400 0.114400 0.055700 0.069400
Springbuck 0.093400 0.358300 0.138900 0.266600 0.119400 0.119900 0.051200 0.141900 0.123200 0.186600 0.106200 0.176700 0.142800 0.103500 0.107400 0.000000 0.140700 0.168800 0.091900 0.136800 0.077500 0.093800 0.169600 0.189500 0.106200 0.088500 0.127400 0.123200 0.025000 0.110300 0.151500 0.079300 0.179200 0.142800 0.168300 0.097600 0.106300 0.119900 0.090700 0.160300 0.168800 0.077700 0.186600 0.161100 0.123900 0.163900 0.090900 0.144500 0.105500 0.169800 0.110300 0.094600
Okapi 0.100200 0.301500 0.115800 0.249300 0.112900 0.128600 0.113400 0.168300 0.099800 0.071600 0.114000 0.141100 0.153200 0.112300 0.085400 0.140700 0.000000 0.026900 0.098900 0.099300 0.113600 0.100700 0.086000 0.109400 0.113900 0.139700 0.166500 0.114300 0.113200 0.086200 0.069900 0.115800 0.082700 0.153200 0.166000 0.072700 0.114000 0.113500 0.113000 0.123900 0.085600 0.128900 0.071600 0.110100 0.100300 0.161600 0.127600 0.126000 0.113500 0.027800 0.086200 0.100100
Giraffe 0.128700 0.332100 0.144700 0.277500 0.141100 0.157200 0.141700 0.196400 0.128300 0.100200 0.142400 0.169300 0.181000 0.140400 0.113800 0.168800 0.026900 0.000000 0.127100 0.127600 0.142000 0.129400 0.114600 0.136700 0.142300 0.167600 0.194200 0.142800 0.141400 0.114900 0.097700 0.144600 0.110200 0.181000 0.193700 0.101700 0.142300 0.141800 0.141200 0.151400 0.114000 0.157500 0.100200 0.137600 0.128800 0.191000 0.155800 0.154000 0.141800 0.055500 0.114900 0.128600
TibetanAnt 0.053500 0.349200 0.097600 0.325100 0.079800 0.080100 0.063600 0.130100 0.054300 0.175900 0.066600 0.136400 0.104000 0.091600 0.066900 0.091900 0.098900 0.127100 0.000000 0.095900 0.066200 0.053800 0.158700 0.179300 0.066600 0.104600 0.116600 0.096200 0.066000 0.069200 0.171500 0.066900 0.183400 0.104000 0.129700 0.056000 0.066600 0.080100 0.078700 0.180000 0.157900 0.093700 0.175900 0.180600 0.082700 0.122400 0.079300 0.132600 0.066100 0.127800 0.069200 0.082700
Sitatunga 0.097100 0.311200 0.053000 0.359600 0.124500 0.124600 0.110000 0.119200 0.037900 0.159200 0.110500 0.119000 0.148700 0.094000 0.082700 0.136800 0.099300 0.127600 0.095900 0.000000 0.110300 0.097600 0.174200 0.179600 0.110400 0.120600 0.161800 0.025900 0.110000 0.025400 0.171800 0.112100 0.184200 0.148700 0.175400 0.040700 0.110500 0.125100 0.094600 0.195000 0.173400 0.109900 0.159200 0.181000 0.039600 0.124600 0.123700 0.121200 0.110000 0.128100 0.026400 0.037500
Oribi 0.067200 0.331500 0.112100 0.376200 0.093600 0.066200 0.079700 0.116900 0.096600 0.191600 0.080300 0.150800 0.117600 0.105900 0.081200 0.077500 0.113600 0.142000 0.066200 0.110300 0.000000 0.067600 0.174100 0.194200 0.080300 0.090500 0.130300 0.110800 0.052000 0.083500 0.186900 0.081200 0.198700 0.117600 0.143400 0.070300 0.080400 0.094000 0.065300 0.195000 0.173200 0.079500 0.191600 0.195700 0.097200 0.137600 0.065400 0.147700 0.079700 0.142800 0.083500 0.097000
BarbaryShe 0.026800 0.319500 0.099400 0.364000 0.081500 0.053900 0.067500 0.133700 0.083900 0.146900 0.038300 0.138700 0.078500 0.066300 0.068800 0.093800 0.100700 0.129400 0.053800 0.097600 0.067600 0.000000 0.130200 0.152000 0.040300 0.078900 0.091300 0.098000 0.067400 0.070500 0.143200 0.068800 0.155500 0.078500 0.104400 0.057000 0.040100 0.081900 0.080800 0.152600 0.129600 0.095700 0.146900 0.168800 0.084200 0.096400 0.081000 0.136400 0.067500 0.130200 0.070500 0.084200
Daviddeer 0.160800 0.331500 0.177500 0.312000 0.173000 0.190000 0.173900 0.244400 0.160200 0.070100 0.143100 0.201900 0.182300 0.155900 0.145300 0.169600 0.086000 0.114600 0.158700 0.174200 0.174100 0.130200 0.000000 0.107200 0.174600 0.122600 0.195700 0.159700 0.142100 0.146700 0.068400 0.162100 0.110800 0.182300 0.195400 0.133600 0.174700 0.174000 0.156600 0.122300 0.026800 0.173200 0.070100 0.122700 0.160600 0.175000 0.188300 0.201400 0.142500 0.085000 0.146700 0.160800
Reindeer 0.181500 0.362000 0.197700 0.294600 0.178200 0.209600 0.194000 0.215600 0.180800 0.093700 0.194700 0.220600 0.171600 0.162000 0.166700 0.189500 0.109400 0.136700 0.179300 0.179600 0.194200 0.152000 0.107200 0.000000 0.194600 0.158700 0.184300 0.180400 0.163100 0.168100 0.091600 0.197800 0.104600 0.171600 0.184000 0.155800 0.194700 0.179100 0.193100 0.115400 0.106700 0.178800 0.093700 0.037000 0.181400 0.211900 0.207700 0.175200 0.194200 0.137500 0.168100 0.181500
Ibex 0.040100 0.297200 0.112400 0.375000 0.094100 0.066700 0.080200 0.117700 0.096900 0.192100 0.026300 0.122000 0.090900 0.106500 0.081700 0.106200 0.113900 0.142300 0.066600 0.110400 0.080300 0.040300 0.174600 0.194600 0.000000 0.118900 0.103500 0.110800 0.080100 0.083700 0.187300 0.081700 0.168300 0.090900 0.116500 0.070500 0.026300 0.094500 0.093400 0.195400 0.142700 0.108300 0.192100 0.196100 0.097200 0.138500 0.066000 0.148600 0.080200 0.143100 0.083700 0.097300
GyrantGaze 0.106100 0.320400 0.152100 0.363400 0.132000 0.132600 0.118100 0.126500 0.136300 0.154100 0.091100 0.189800 0.127400 0.088900 0.120200 0.088500 0.139700 0.167600 0.104600 0.120600 0.090500 0.078900 0.122600 0.158700 0.118900 0.000000 0.139800 0.136200 0.063500 0.123500 0.150500 0.106500 0.162200 0.127400 0.152600 0.111000 0.119000 0.132600 0.050100 0.159100 0.151600 0.063100 0.154100 0.174800 0.137000 0.090900 0.103300 0.156800 0.090500 0.138200 0.123500 0.136800
Hartebeest 0.118500 0.347700 0.164500 0.390200 0.116100 0.144700 0.102600 0.138200 0.148600 0.212600 0.103700 0.172100 0.011500 0.127900 0.132500 0.127400 0.166500 0.194200 0.116600 0.161800 0.130300 0.091300 0.195700 0.184300 0.103500 0.139800 0.000000 0.162500 0.102400 0.136100 0.207600 0.132500 0.188900 0.011800 0.084600 0.123800 0.103700 0.116500 0.143000 0.215100 0.164600 0.158200 0.212600 0.201000 0.149200 0.159500 0.115600 0.168500 0.130400 0.195700 0.136100 0.120100
Bongo 0.097500 0.312700 0.053200 0.361400 0.125000 0.125100 0.110400 0.148600 0.039400 0.159800 0.110900 0.119400 0.149400 0.123300 0.083000 0.123200 0.114300 0.142800 0.096200 0.025900 0.110800 0.098000 0.159700 0.180400 0.110800 0.136200 0.162500 0.000000 0.096300 0.026400 0.172500 0.112500 0.185000 0.149400 0.176100 0.040900 0.110900 0.125600 0.124000 0.195800 0.158900 0.125700 0.159800 0.181700 0.039800 0.155500 0.124100 0.151100 0.110400 0.143300 0.026400 0.039500
Gerenuk 0.067100 0.329300 0.111700 0.304500 0.093400 0.093700 0.052200 0.116700 0.096300 0.158700 0.080100 0.150200 0.117400 0.105600 0.081000 0.025000 0.113200 0.141400 0.066000 0.110000 0.052000 0.067400 0.142100 0.163100 0.080100 0.063500 0.102400 0.096300 0.000000 0.083200 0.154800 0.081000 0.166800 0.117400 0.143100 0.070100 0.080200 0.093800 0.065100 0.163700 0.141400 0.052100 0.158700 0.164300 0.096900 0.137200 0.065300 0.147300 0.079600 0.142200 0.083200 0.068000
CommonElan 0.070100 0.336100 0.026800 0.349600 0.097900 0.098000 0.083400 0.151500 0.012800 0.146900 0.083800 0.093500 0.122900 0.096600 0.055700 0.110300 0.086200 0.114900 0.069200 0.025400 0.083500 0.070500 0.146700 0.168100 0.083700 0.123500 0.136100 0.026400 0.083200 0.000000 0.159800 0.085000 0.172100 0.122900 0.149800 0.013700 0.083800 0.098300 0.097100 0.183500 0.146000 0.112600 0.146900 0.169400 0.040600 0.128000 0.097200 0.124400 0.083400 0.115500 0.000000 0.012800
MuntiacusR 0.173700 0.323700 0.190400 0.241000 0.185700 0.202700 0.140600 0.226100 0.173000 0.026900 0.187400 0.214400 0.194400 0.123800 0.158300 0.151500 0.069900 0.097700 0.171500 0.171800 0.186900 0.143200 0.068400 0.091600 0.187300 0.150500 0.207600 0.172500 0.154800 0.159800 0.000000 0.158400 0.080800 0.194400 0.207200 0.146900 0.172300 0.186800 0.185900 0.078300 0.068100 0.171000 0.026100 0.106400 0.173500 0.205100 0.200800 0.198700 0.186800 0.069100 0.159800 0.173600
HarveysDui 0.068400 0.371500 0.114200 0.346700 0.095100 0.095600 0.052900 0.146300 0.098400 0.195400 0.067900 0.153600 0.119700 0.079000 0.082100 0.079300 0.115800 0.144600 0.066900 0.112100 0.081200 0.068800 0.162100 0.197800 0.081700 0.106500 0.132500 0.112500 0.081000 0.085000 0.158400 0.000000 0.187300 0.119700 0.145900 0.071600 0.081800 0.095600 0.080200 0.167300 0.176500 0.109500 0.195400 0.199300 0.098700 0.124800 0.094600 0.149200 0.066000 0.130500 0.085000 0.098700
Pronghorn 0.185700 0.287000 0.202300 0.254600 0.197600 0.214300 0.183600 0.191200 0.185000 0.096800 0.168400 0.225700 0.176000 0.151400 0.170500 0.179200 0.082700 0.110200 0.183400 0.184200 0.198700 0.155500 0.110800 0.104600 0.168300 0.162200 0.188900 0.185000 0.166800 0.172100 0.080800 0.187300 0.000000 0.176000 0.188400 0.159600 0.168400 0.198600 0.197600 0.132800 0.081600 0.182900 0.096800 0.119500 0.186000 0.216800 0.181600 0.210100 0.198600 0.110800 0.172100 0.185700
BlueWildeb 0.105700 0.333900 0.151300 0.413200 0.103500 0.131900 0.117600 0.126000 0.135600 0.199100 0.091100 0.159400 0.000000 0.115400 0.119600 0.142800 0.153200 0.181000 0.104000 0.148700 0.117600 0.078500 0.182300 0.171600 0.090900 0.127400 0.011800 0.149400 0.117400 0.122900 0.194400 0.119700 0.176000 0.000000 0.072700 0.110400 0.091000 0.103900 0.130400 0.202200 0.151300 0.145500 0.199100 0.188100 0.136000 0.146600 0.103100 0.156000 0.117700 0.182300 0.122900 0.136100
Gemsbok 0.131700 0.346700 0.178300 0.425500 0.129100 0.158000 0.143400 0.150900 0.162300 0.212200 0.116800 0.184900 0.072700 0.140700 0.145800 0.168300 0.166000 0.193700 0.129700 0.175400 0.143400 0.104400 0.195400 0.184000 0.116500 0.152600 0.084600 0.176100 0.143100 0.149800 0.207200 0.145900 0.188400 0.072700 0.000000 0.137600 0.116700 0.129600 0.156200 0.214700 0.164300 0.143300 0.212200 0.200600 0.133900 0.172900 0.128600 0.099800 0.143500 0.195100 0.149800 0.162900
Yak 0.056700 0.324200 0.041500 0.338300 0.084800 0.084900 0.070200 0.139200 0.027300 0.133700 0.070600 0.080500 0.110400 0.083700 0.042300 0.097600 0.072700 0.101700 0.056000 0.040700 0.070300 0.057000 0.133600 0.155800 0.070500 0.111000 0.123800 0.040900 0.070100 0.013700 0.146900 0.071600 0.159600 0.110400 0.137600 0.000000 0.070600 0.085200 0.084200 0.171300 0.132900 0.099700 0.133700 0.156900 0.027200 0.115100 0.084200 0.111800 0.070300 0.101500 0.013700 0.027400
BlueSheep 0.039600 0.332500 0.112400 0.359200 0.094300 0.066700 0.052700 0.090300 0.097000 0.176700 0.025200 0.151100 0.091000 0.106600 0.081800 0.106300 0.114000 0.142300 0.066600 0.110500 0.080400 0.040100 0.174700 0.194700 0.026300 0.119000 0.103700 0.110900 0.080200 0.083800 0.172300 0.081800 0.168400 0.091000 0.116700 0.070600 0.000000 0.094600 0.093400 0.195500 0.142900 0.108400 0.176700 0.196200 0.097300 0.138600 0.066100 0.148700 0.080300 0.128400 0.083800 0.097400
BohorReedb 0.081400 0.330000 0.127300 0.376100 0.025700 0.108400 0.093900 0.130800 0.111500 0.191500 0.094600 0.166000 0.103900 0.120200 0.081700 0.119900 0.113500 0.141800 0.080100 0.125100 0.094000 0.081900 0.174000 0.179100 0.094500 0.132600 0.116500 0.125600 0.093800 0.098300 0.186800 0.095600 0.198600 0.103900 0.129600 0.085200 0.094600 0.000000 0.107000 0.211200 0.173100 0.122300 0.191500 0.180500 0.111900 0.123000 0.107200 0.133400 0.066000 0.142700 0.098300 0.112000
KirksDik 0.080400 0.365000 0.125800 0.373800 0.106500 0.107100 0.092100 0.101300 0.110200 0.190600 0.065700 0.164400 0.130400 0.090500 0.093800 0.090700 0.113000 0.141200 0.078700 0.094600 0.065300 0.080800 0.156600 0.193100 0.093400 0.050100 0.143000 0.124000 0.065100 0.097100 0.185900 0.080200 0.197600 0.130400 0.156200 0.084200 0.093400 0.107000 0.000000 0.193900 0.187300 0.065100 0.190600 0.194500 0.110500 0.092500 0.078300 0.131000 0.065300 0.111700 0.097100 0.110600
RoeDeer 0.182200 0.310100 0.213500 0.278700 0.210100 0.210400 0.164200 0.248000 0.196200 0.108600 0.195500 0.236200 0.202200 0.133300 0.182000 0.160300 0.123900 0.151400 0.180000 0.195000 0.195000 0.152600 0.122300 0.115400 0.195400 0.159100 0.215100 0.195800 0.163700 0.183500 0.078300 0.167300 0.132800 0.202200 0.214700 0.171300 0.195500 0.211200 0.193900 0.000000 0.121800 0.179400 0.108600 0.130300 0.196900 0.212700 0.208500 0.221300 0.195000 0.152300 0.183500 0.197000
WhiteLippe 0.160000 0.295000 0.176600 0.310400 0.172300 0.189000 0.173100 0.211500 0.159400 0.069700 0.142800 0.200700 0.151300 0.155000 0.144600 0.168800 0.085600 0.114000 0.157900 0.173400 0.173200 0.129600 0.026800 0.106700 0.142700 0.151600 0.164600 0.158900 0.141400 0.146000 0.068100 0.176500 0.081600 0.151300 0.164300 0.132900 0.142900 0.173100 0.187300 0.121800 0.000000 0.172400 0.069700 0.122100 0.159900 0.206700 0.156200 0.200400 0.173200 0.114600 0.146000 0.160000
ThomsonGaz 0.095200 0.328600 0.141800 0.357900 0.121800 0.122200 0.107600 0.116500 0.125800 0.175300 0.108400 0.180500 0.145500 0.105500 0.109500 0.077700 0.128900 0.157500 0.093700 0.109900 0.079500 0.095700 0.173200 0.178800 0.108300 0.063100 0.158200 0.125700 0.052100 0.112600 0.171000 0.109500 0.182900 0.145500 0.143300 0.099700 0.108400 0.122300 0.065100 0.179400 0.172400 0.000000 0.175300 0.180100 0.097000 0.137100 0.092600 0.118900 0.107600 0.158400 0.112600 0.126200
MuntiacusC 0.178200 0.296000 0.177600 0.279100 0.190400 0.207900 0.175900 0.231800 0.160300 0.000000 0.192200 0.202100 0.199100 0.157600 0.162400 0.186600 0.071600 0.100200 0.175900 0.159200 0.191600 0.146900 0.070100 0.093700 0.192100 0.154100 0.212600 0.159800 0.158700 0.146900 0.026100 0.195400 0.096800 0.199100 0.212200 0.133700 0.176700 0.191500 0.190600 0.108600 0.069700 0.175300 0.000000 0.108900 0.160800 0.176900 0.205900 0.203700 0.191600 0.070800 0.146900 0.160900
WhiteTaile 0.182900 0.384900 0.199200 0.265300 0.179600 0.211200 0.195600 0.217200 0.182100 0.108900 0.196200 0.222100 0.188100 0.178700 0.167900 0.161100 0.110100 0.137600 0.180600 0.181000 0.195700 0.168800 0.122700 0.037000 0.196100 0.174800 0.201000 0.181700 0.164300 0.169400 0.106400 0.199300 0.119500 0.188100 0.200600 0.156900 0.196200 0.180500 0.194500 0.130300 0.122100 0.180100 0.108900 0.000000 0.182800 0.230300 0.209300 0.147000 0.195700 0.138400 0.169400 0.182900
Cattle 0.083800 0.314200 0.068000 0.362900 0.111400 0.111500 0.096900 0.135300 0.053700 0.160800 0.097300 0.105600 0.136000 0.109900 0.069400 0.123900 0.100300 0.128800 0.082700 0.039600 0.097200 0.084200 0.160600 0.181400 0.097200 0.137000 0.149200 0.039800 0.096900 0.040600 0.173500 0.098700 0.186000 0.136000 0.133900 0.027200 0.097300 0.111900 0.110500 0.196900 0.159900 0.097000 0.160800 0.182800 0.000000 0.141600 0.110600 0.108700 0.096900 0.128300 0.040600 0.053900
RoyalAntel 0.125200 0.314800 0.157700 0.437700 0.152100 0.152900 0.136500 0.173200 0.141200 0.176900 0.109100 0.196700 0.146600 0.105600 0.124700 0.163900 0.161600 0.191000 0.122400 0.124600 0.137600 0.096400 0.175000 0.211900 0.138500 0.090900 0.159500 0.155500 0.137200 0.128000 0.205100 0.124800 0.216800 0.146600 0.172900 0.115100 0.138600 0.123000 0.092500 0.212700 0.206700 0.137100 0.176900 0.230300 0.141600 0.000000 0.151200 0.176600 0.079900 0.159800 0.128000 0.141700
Steenbok 0.080600 0.345100 0.125900 0.389600 0.106700 0.107400 0.092900 0.102300 0.110300 0.205900 0.066000 0.164300 0.103100 0.119000 0.094600 0.090900 0.127600 0.155800 0.079300 0.123700 0.065400 0.081000 0.188300 0.207700 0.066000 0.103300 0.115600 0.124100 0.065300 0.097200 0.200800 0.094600 0.181600 0.103100 0.128600 0.084200 0.066100 0.107200 0.078300 0.208500 0.156200 0.092600 0.205900 0.209300 0.110600 0.151200 0.000000 0.160900 0.092900 0.156800 0.097200 0.110700
Impala 0.135700 0.395300 0.153100 0.350700 0.132900 0.162700 0.146600 0.153700 0.137200 0.203700 0.148700 0.160800 0.156000 0.130300 0.120200 0.144500 0.126000 0.154000 0.132600 0.121200 0.147700 0.136400 0.201400 0.175200 0.148600 0.156800 0.168500 0.151100 0.147300 0.124400 0.198700 0.149200 0.210100 0.156000 0.099800 0.111800 0.148700 0.133400 0.131000 0.221300 0.200400 0.118900 0.203700 0.147000 0.108700 0.176600 0.160900 0.000000 0.147600 0.154900 0.124400 0.137700
Klipspring 0.067200 0.330100 0.112000 0.376100 0.093500 0.093900 0.079700 0.144700 0.096600 0.191600 0.052700 0.150600 0.117700 0.105800 0.067400 0.105500 0.113500 0.141800 0.066100 0.110000 0.079700 0.067500 0.142500 0.194200 0.080200 0.090500 0.130400 0.110400 0.079600 0.083400 0.186800 0.066000 0.198600 0.117700 0.143500 0.070300 0.080300 0.066000 0.065300 0.195000 0.173200 0.107600 0.191600 0.195700 0.096900 0.079900 0.092900 0.147600 0.000000 0.112200 0.083400 0.096900
ForestMusk 0.129400 0.333500 0.145500 0.261700 0.141900 0.158100 0.127800 0.182300 0.129000 0.070800 0.112700 0.169000 0.182300 0.141200 0.114400 0.169800 0.027800 0.055500 0.127800 0.128100 0.142800 0.130200 0.085000 0.137500 0.143100 0.138200 0.195700 0.143300 0.142200 0.115500 0.069100 0.130500 0.110800 0.182300 0.195100 0.101500 0.128400 0.142700 0.111700 0.152300 0.114600 0.158400 0.070800 0.138400 0.128300 0.159800 0.156800 0.154900 0.112200 0.000000 0.115500 0.129400
Bushbuck 0.070100 0.336100 0.026800 0.349600 0.097900 0.098000 0.083400 0.151500 0.012800 0.146900 0.083800 0.093500 0.122900 0.096600 0.055700 0.110300 0.086200 0.114900 0.069200 0.026400 0.083500 0.070500 0.146700 0.168100 0.083700 0.123500 0.136100 0.026400 0.083200 0.000000 0.159800 0.085000 0.172100 0.122900 0.149800 0.013700 0.083800 0.098300 0.097100 0.183500 0.146000 0.112600 0.146900 0.169400 0.040600 0.128000 0.097200 0.124400 0.083400 0.115500 0.000000 0.012800
GreaterKud 0.083800 0.350400 0.038600 0.327300 0.111400 0.111500 0.068100 0.164700 0.026300 0.160900 0.097300 0.106400 0.136100 0.109900 0.069400 0.094600 0.100100 0.128600 0.082700 0.037500 0.097000 0.084200 0.160800 0.181500 0.097300 0.136800 0.120100 0.039500 0.068000 0.012800 0.173600 0.098700 0.185700 0.136100 0.162900 0.027400 0.097400 0.112000 0.110600 0.197000 0.160000 0.126200 0.160900 0.182900 0.053900 0.141700 0.110700 0.137700 0.096900 0.129400 0.012800 0.000000
