1
52 1
Argali 0.000000 0.670100 0.319400 0.335400 0.251100 0.000000 0.212200 0.293300 0.328900 0.411000 0.000000 0.204700 0.203800 0.249500 0.158500 0.291100 0.241000 0.244000 0.159700 0.367000 0.291100 0.082100 0.286900 0.248500 0.000000 0.323700 0.166000 0.328900 0.263700 0.311800 0.291200 0.243800 0.206700 0.203800 0.122500 0.203400 0.000000 0.303500 0.332900 0.321900 0.320600 0.287000 0.362100 0.211100 0.245200 0.256100 0.215800 0.257300 0.122500 0.282700 0.348600 0.311800
LesserMous 0.670100 0.000000 0.399700 0.695300 0.426600 0.670100 0.547200 0.450700 0.524800 0.695900 0.670100 0.484900 0.702600 0.531700 0.532300 0.449500 0.423200 0.525000 0.642000 0.560400 0.360600 0.698000 0.640300 0.535600 0.670100 0.520100 0.665200 0.524800 0.491400 0.489400 0.571500 0.369200 0.488500 0.702600 0.609000 0.484900 0.670100 0.640000 0.309900 0.499300 0.560200 0.397200 0.640000 0.611300 0.420400 0.635000 0.588800 0.802200 0.609000 0.564500 0.524900 0.400900
LesserKudu 0.319400 0.399700 0.000000 0.357100 0.131200 0.319400 0.214700 0.237000 0.061900 0.261400 0.319400 0.098300 0.242100 0.209600 0.202700 0.235800 0.129200 0.130200 0.203800 0.092200 0.163400 0.299900 0.237400 0.132000 0.319400 0.263800 0.210100 0.061900 0.255000 0.059400 0.164000 0.165700 0.098600 0.242100 0.172500 0.098000 0.319400 0.328200 0.196100 0.267500 0.194000 0.161500 0.224300 0.171600 0.062800 0.287500 0.252900 0.288300 0.172500 0.161900 0.088600 0.059400
KillerWhal 0.335400 0.695300 0.357100 0.000000 0.382400 0.335400 0.403200 0.419800 0.369800 0.356100 0.335400 0.254000 0.333000 0.437300 0.290800 0.417600 0.286700 0.289800 0.292300 0.403700 0.417600 0.313900 0.246100 0.293800 0.335400 0.444800 0.300300 0.369800 0.398600 0.350700 0.332300 0.426700 0.256300 0.333000 0.260400 0.254000 0.335400 0.433000 0.456000 0.359600 0.275900 0.412500 0.395700 0.261000 0.289900 0.388100 0.351400 0.389700 0.260400 0.324200 0.383200 0.350700
DefassaWat 0.251100 0.426600 0.131200 0.382400 0.000000 0.251100 0.148700 0.175700 0.211800 0.278100 0.251100 0.180300 0.179500 0.144700 0.140100 0.174700 0.137500 0.138900 0.141000 0.245300 0.174700 0.234900 0.253500 0.218800 0.251100 0.204800 0.145700 0.211800 0.189600 0.201500 0.175000 0.102900 0.105500 0.179500 0.105500 0.180300 0.251100 0.182900 0.207800 0.285300 0.284700 0.172600 0.238600 0.185100 0.138000 0.224300 0.188100 0.225600 0.107600 0.172600 0.233700 0.201500
Sheep 0.000000 0.670100 0.319400 0.335400 0.251100 0.000000 0.212200 0.293300 0.328900 0.411000 0.000000 0.204700 0.203800 0.249500 0.158500 0.291100 0.241000 0.244000 0.158000 0.367000 0.291100 0.083600 0.286900 0.248500 0.000000 0.323700 0.166000 0.328900 0.263700 0.311800 0.291200 0.243800 0.206700 0.203800 0.122500 0.204700 0.000000 0.303500 0.332900 0.321900 0.320600 0.287000 0.362100 0.211100 0.245200 0.256100 0.215800 0.257300 0.122500 0.282700 0.348600 0.311800
MaxwellsDu 0.212200 0.547200 0.214700 0.403200 0.148700 0.212200 0.000000 0.269900 0.227400 0.383300 0.212200 0.188900 0.188700 0.107800 0.146700 0.269000 0.143800 0.145300 0.147600 0.261300 0.269000 0.247100 0.266400 0.229700 0.212200 0.299400 0.153000 0.227400 0.242100 0.210900 0.269100 0.105600 0.110300 0.188700 0.112700 0.188900 0.212200 0.279800 0.307600 0.299300 0.299200 0.265300 0.337800 0.194200 0.226300 0.235900 0.197500 0.237000 0.112700 0.180600 0.244400 0.210900
GazellaPrz 0.293300 0.450700 0.237000 0.419800 0.175700 0.293300 0.269900 0.000000 0.329000 0.312500 0.293300 0.216300 0.215400 0.262600 0.102000 0.063600 0.172100 0.251200 0.176200 0.363600 0.063600 0.274400 0.289200 0.255000 0.293300 0.062600 0.182200 0.329000 0.068500 0.311700 0.210200 0.137500 0.218100 0.215400 0.143600 0.216300 0.293300 0.255500 0.095400 0.241900 0.319300 0.095400 0.272400 0.222100 0.172700 0.210800 0.140400 0.263400 0.143600 0.285600 0.345100 0.235400
MountainNy 0.328900 0.524800 0.061900 0.369800 0.211800 0.328900 0.227400 0.329000 0.000000 0.352700 0.328900 0.100800 0.250200 0.261100 0.209100 0.327700 0.132800 0.134000 0.210200 0.030600 0.246100 0.310600 0.245200 0.136000 0.328900 0.355700 0.217200 0.000000 0.305100 0.061000 0.247300 0.254100 0.100600 0.250200 0.177900 0.100800 0.328900 0.339800 0.281400 0.275800 0.199900 0.242900 0.310800 0.178000 0.134200 0.297300 0.261100 0.298100 0.177900 0.166600 0.090900 0.061000
MuntiacusM 0.411000 0.695900 0.261400 0.356100 0.278100 0.411000 0.383300 0.312500 0.352700 0.000000 0.411000 0.242000 0.240700 0.374300 0.277500 0.234500 0.273700 0.276500 0.279000 0.385700 0.311000 0.385400 0.234700 0.201900 0.411000 0.338400 0.288000 0.352700 0.337100 0.336100 0.094100 0.316800 0.244000 0.240700 0.247900 0.242000 0.411000 0.325900 0.346000 0.264100 0.263700 0.307500 0.029000 0.170600 0.198600 0.369700 0.334000 0.371200 0.247900 0.309800 0.367900 0.336100
goat 0.000000 0.670100 0.319400 0.335400 0.251100 0.000000 0.212200 0.293300 0.328900 0.411000 0.000000 0.204700 0.203800 0.249500 0.158500 0.291100 0.241000 0.244000 0.159700 0.367000 0.291100 0.082500 0.286900 0.248500 0.000000 0.323700 0.166000 0.328900 0.264900 0.311800 0.291200 0.243800 0.206700 0.203800 0.122500 0.204700 0.000000 0.303500 0.332900 0.321900 0.320600 0.287000 0.362100 0.211100 0.245200 0.256100 0.215800 0.257300 0.122500 0.282700 0.348600 0.311800
AfricanBuf 0.204700 0.484900 0.098300 0.254000 0.180300 0.204700 0.188900 0.216300 0.100800 0.242000 0.204700 0.000000 0.141000 0.223300 0.103400 0.215300 0.101700 0.102600 0.104000 0.133400 0.138900 0.191900 0.137900 0.033700 0.204700 0.245000 0.107400 0.100800 0.188100 0.096400 0.139400 0.218500 0.069300 0.141000 0.070600 0.000000 0.204700 0.222800 0.173500 0.169700 0.098500 0.137200 0.203400 0.070300 0.033300 0.183200 0.147700 0.183400 0.070600 0.136000 0.126200 0.096400
Topi 0.203800 0.702600 0.242100 0.333000 0.179500 0.203800 0.188700 0.215400 0.250200 0.240700 0.203800 0.141000 0.000000 0.222900 0.102800 0.138300 0.173600 0.175500 0.103500 0.283700 0.214500 0.190900 0.212500 0.178300 0.203800 0.244100 0.033900 0.250200 0.187400 0.237800 0.214600 0.217700 0.142000 0.000000 0.070200 0.141000 0.203800 0.143300 0.250200 0.243800 0.243800 0.211700 0.202500 0.144700 0.175800 0.182900 0.147000 0.143300 0.070200 0.209500 0.270000 0.237800
CommonDuik 0.249500 0.531700 0.209600 0.437300 0.144700 0.249500 0.107800 0.262600 0.261100 0.374300 0.249500 0.223300 0.222900 0.000000 0.180600 0.261700 0.177200 0.179000 0.105000 0.294600 0.261700 0.194800 0.300300 0.264100 0.249500 0.291700 0.188000 0.261100 0.228600 0.243200 0.262000 0.102900 0.144800 0.222900 0.147800 0.223300 0.249500 0.227300 0.299500 0.332800 0.249600 0.258100 0.329700 0.229300 0.220400 0.186400 0.233100 0.272500 0.147800 0.137900 0.200700 0.243200
Suni 0.158500 0.532300 0.202700 0.290800 0.140100 0.158500 0.146700 0.102000 0.209100 0.277500 0.158500 0.103400 0.102800 0.180600 0.000000 0.101500 0.065900 0.137400 0.067200 0.242100 0.101500 0.148900 0.172800 0.139300 0.158500 0.132100 0.069600 0.209100 0.069700 0.199100 0.174600 0.103300 0.104200 0.102800 0.034300 0.103400 0.158500 0.180400 0.135200 0.132200 0.203700 0.100200 0.238100 0.106100 0.137600 0.142400 0.107600 0.143200 0.034300 0.170400 0.230800 0.129100
Springbuck 0.291100 0.449500 0.235800 0.417600 0.174700 0.291100 0.269000 0.063600 0.327700 0.234500 0.291100 0.215300 0.138300 0.261700 0.101500 0.000000 0.171400 0.250000 0.175300 0.361800 0.063400 0.272300 0.288200 0.253900 0.291100 0.125100 0.181200 0.327700 0.068200 0.311000 0.208900 0.136900 0.216800 0.138300 0.142700 0.215100 0.291100 0.176000 0.094900 0.240900 0.318600 0.094800 0.197300 0.220800 0.171400 0.209900 0.139400 0.262000 0.142700 0.284400 0.343900 0.234900
Okapi 0.241000 0.423200 0.129200 0.286700 0.137500 0.241000 0.143800 0.172100 0.132800 0.273700 0.241000 0.101700 0.173600 0.177200 0.065900 0.171400 0.000000 0.065500 0.136600 0.164700 0.171400 0.226300 0.170200 0.137000 0.241000 0.201000 0.140800 0.132800 0.143800 0.127000 0.171800 0.101100 0.033100 0.173600 0.104200 0.101700 0.241000 0.256100 0.205600 0.130200 0.200800 0.169300 0.234600 0.104200 0.135300 0.216500 0.181500 0.216800 0.104200 0.097600 0.157600 0.061800
Giraffe 0.244000 0.525000 0.130200 0.289800 0.138900 0.244000 0.145300 0.251200 0.134000 0.276500 0.244000 0.102600 0.175500 0.179000 0.137400 0.250000 0.065500 0.000000 0.137900 0.166300 0.250000 0.228900 0.171900 0.138300 0.244000 0.279000 0.142300 0.134000 0.224600 0.128100 0.173600 0.175300 0.033400 0.175500 0.105200 0.102600 0.244000 0.259000 0.285800 0.203100 0.202700 0.246900 0.236900 0.102900 0.136600 0.218900 0.183500 0.219200 0.105400 0.098500 0.159000 0.128100
TibetanAnt 0.159700 0.642000 0.203800 0.292300 0.141000 0.158000 0.147600 0.176200 0.210200 0.279000 0.159700 0.104000 0.103500 0.105000 0.067200 0.175300 0.136600 0.137900 0.000000 0.243400 0.175300 0.072600 0.173800 0.140000 0.159700 0.205300 0.070000 0.210200 0.147000 0.200200 0.175600 0.177900 0.104700 0.103500 0.034500 0.102600 0.159200 0.105500 0.210300 0.205200 0.132500 0.173100 0.239500 0.106600 0.138300 0.069400 0.108300 0.144100 0.034500 0.099700 0.160900 0.200200
Sitatunga 0.367000 0.560400 0.092200 0.403700 0.245300 0.367000 0.261300 0.363600 0.030600 0.385700 0.367000 0.133400 0.283700 0.294600 0.242100 0.361800 0.164700 0.166300 0.243400 0.000000 0.279400 0.346800 0.278100 0.168600 0.367000 0.389600 0.251400 0.030100 0.341000 0.090800 0.280800 0.287100 0.134300 0.283700 0.211900 0.133400 0.367000 0.374700 0.314900 0.308300 0.231400 0.276000 0.343300 0.212000 0.166800 0.332000 0.296500 0.333200 0.211900 0.198500 0.120400 0.090800
Oribi 0.291100 0.360600 0.163400 0.417600 0.174700 0.291100 0.269000 0.063600 0.246100 0.311000 0.291100 0.138900 0.214500 0.261700 0.101500 0.063400 0.171400 0.250000 0.175300 0.279400 0.000000 0.272300 0.288200 0.175400 0.291100 0.125100 0.181200 0.246100 0.067600 0.233600 0.208900 0.136900 0.216800 0.214500 0.142700 0.139400 0.291100 0.254700 0.030700 0.240900 0.239700 0.031300 0.271400 0.220800 0.099900 0.209900 0.139400 0.262000 0.142700 0.284400 0.266200 0.162600
BarbaryShe 0.082100 0.698000 0.299900 0.313900 0.234900 0.083600 0.247100 0.274400 0.310600 0.385400 0.082500 0.191900 0.190900 0.194800 0.148900 0.272300 0.226300 0.228900 0.072600 0.346800 0.272300 0.000000 0.268900 0.232800 0.082400 0.303400 0.155300 0.310600 0.246000 0.293100 0.272700 0.276400 0.193700 0.190900 0.114500 0.191900 0.083600 0.194900 0.311400 0.302100 0.218300 0.268800 0.339700 0.197500 0.230000 0.153900 0.201500 0.240400 0.114800 0.183100 0.246800 0.293100
Daviddeer 0.286900 0.640300 0.237400 0.246100 0.253500 0.286900 0.266400 0.289200 0.245200 0.234700 0.286900 0.137900 0.212500 0.300300 0.172800 0.288200 0.170200 0.171900 0.173800 0.278100 0.288200 0.268900 0.000000 0.100900 0.286900 0.316500 0.179500 0.245200 0.264100 0.233600 0.134800 0.293300 0.139000 0.212500 0.141300 0.137900 0.286900 0.298700 0.324300 0.164500 0.095200 0.284600 0.197200 0.068200 0.172100 0.257700 0.221800 0.258000 0.141300 0.205300 0.265200 0.233600
Reindeer 0.248500 0.535600 0.132000 0.293800 0.218800 0.248500 0.229700 0.255000 0.136000 0.201900 0.248500 0.033700 0.178300 0.264100 0.139300 0.253900 0.137000 0.138300 0.140000 0.168600 0.175400 0.232800 0.100900 0.000000 0.248500 0.283100 0.144700 0.136000 0.228200 0.129900 0.101800 0.258100 0.104900 0.178300 0.106700 0.033700 0.248500 0.263100 0.210400 0.132300 0.064100 0.173200 0.165100 0.034500 0.067200 0.222500 0.186600 0.222700 0.106900 0.171900 0.161200 0.129900
Ibex 0.000000 0.670100 0.319400 0.335400 0.251100 0.000000 0.212200 0.293300 0.328900 0.411000 0.000000 0.204700 0.203800 0.249500 0.158500 0.291100 0.241000 0.244000 0.159700 0.367000 0.291100 0.082400 0.286900 0.248500 0.000000 0.323700 0.166000 0.328900 0.263700 0.311800 0.291200 0.243800 0.206700 0.203800 0.122500 0.204700 0.000000 0.303500 0.332900 0.321900 0.320600 0.287000 0.362100 0.211100 0.245200 0.256100 0.215800 0.257300 0.122500 0.282700 0.348600 0.311800
GyrantGaze 0.323700 0.520100 0.263800 0.444800 0.204800 0.323700 0.299400 0.062600 0.355700 0.338400 0.323700 0.245000 0.244100 0.291700 0.132100 0.125100 0.201000 0.279000 0.205300 0.389600 0.125100 0.303400 0.316500 0.283100 0.323700 0.000000 0.212100 0.355700 0.134400 0.337600 0.238400 0.167200 0.247000 0.244100 0.174100 0.245000 0.323700 0.283600 0.156500 0.269300 0.345600 0.091600 0.298700 0.251300 0.201300 0.198500 0.206500 0.292300 0.174100 0.312600 0.370400 0.262500
Hartebeest 0.166000 0.665200 0.210100 0.300300 0.145700 0.166000 0.153000 0.182200 0.217200 0.288000 0.166000 0.107400 0.033900 0.188000 0.069600 0.181200 0.140800 0.142300 0.070000 0.251400 0.181200 0.155300 0.179500 0.144700 0.166000 0.212100 0.000000 0.217200 0.152200 0.206100 0.181400 0.183800 0.108200 0.033900 0.035700 0.107400 0.166000 0.188000 0.217400 0.211700 0.211400 0.178800 0.247100 0.110300 0.142800 0.148400 0.112100 0.109100 0.035700 0.176900 0.238900 0.206100
Bongo 0.328900 0.524800 0.061900 0.369800 0.211800 0.328900 0.227400 0.329000 0.000000 0.352700 0.328900 0.100800 0.250200 0.261100 0.209100 0.327700 0.132800 0.134000 0.210200 0.030100 0.246100 0.310600 0.245200 0.136000 0.328900 0.355700 0.217200 0.000000 0.305100 0.061400 0.247300 0.254100 0.101500 0.250200 0.177900 0.100100 0.328900 0.339800 0.281400 0.275800 0.199900 0.242900 0.310800 0.178000 0.134200 0.297300 0.261100 0.298100 0.177900 0.166600 0.090900 0.061000
Gerenuk 0.263700 0.491400 0.255000 0.398600 0.189600 0.263700 0.242100 0.068500 0.305100 0.337100 0.264900 0.188100 0.187400 0.228600 0.069700 0.068200 0.143800 0.224600 0.147000 0.341000 0.067600 0.246000 0.264100 0.228200 0.263700 0.134400 0.152200 0.305100 0.000000 0.288700 0.226600 0.148000 0.189700 0.187400 0.112400 0.188100 0.263700 0.228800 0.102100 0.215800 0.296000 0.102000 0.293700 0.193300 0.185700 0.183200 0.109800 0.235700 0.112400 0.260500 0.323100 0.210100
CommonElan 0.311800 0.489400 0.059400 0.350700 0.201500 0.311800 0.210900 0.311700 0.061000 0.336100 0.311800 0.096400 0.237800 0.243200 0.199100 0.311000 0.127000 0.128100 0.200200 0.090800 0.233600 0.293100 0.233600 0.129900 0.311800 0.337600 0.206100 0.061400 0.288700 0.000000 0.235300 0.237900 0.097000 0.237800 0.168700 0.096400 0.311800 0.321900 0.267600 0.262900 0.191300 0.231400 0.296500 0.169500 0.127000 0.282000 0.247300 0.282600 0.169200 0.159400 0.087700 0.058000
MuntiacusR 0.291200 0.571500 0.164000 0.332300 0.175000 0.291200 0.269100 0.210200 0.247300 0.094100 0.291200 0.139400 0.214600 0.262000 0.174600 0.208900 0.171800 0.173600 0.175600 0.280800 0.208900 0.272700 0.134800 0.101800 0.291200 0.238400 0.181400 0.247300 0.226600 0.235300 0.000000 0.212100 0.140500 0.214600 0.143000 0.140400 0.291200 0.301800 0.243800 0.165900 0.165400 0.206500 0.061600 0.068900 0.100200 0.260500 0.225100 0.261000 0.143000 0.207200 0.267500 0.235300
HarveysDui 0.243800 0.369200 0.165700 0.426700 0.102900 0.243800 0.105600 0.137500 0.254100 0.316800 0.243800 0.218500 0.217700 0.102900 0.103300 0.136900 0.101100 0.175300 0.177900 0.287100 0.136900 0.276400 0.293300 0.258100 0.243800 0.167200 0.183800 0.254100 0.148000 0.237900 0.212100 0.000000 0.141900 0.217700 0.144700 0.218500 0.243800 0.307000 0.171100 0.244900 0.324600 0.135200 0.276000 0.224300 0.173900 0.264400 0.227900 0.266000 0.144700 0.209300 0.270500 0.165000
Pronghorn 0.206700 0.488500 0.098600 0.256300 0.105500 0.206700 0.110300 0.218100 0.100600 0.244000 0.206700 0.069300 0.142000 0.144800 0.104200 0.216800 0.033100 0.033400 0.104700 0.134300 0.216800 0.193700 0.139000 0.104900 0.206700 0.247000 0.108200 0.101500 0.189700 0.097000 0.140500 0.141900 0.000000 0.142000 0.071100 0.069300 0.206700 0.224700 0.253000 0.171000 0.170500 0.214100 0.204900 0.071100 0.104100 0.184700 0.149000 0.184900 0.071100 0.066400 0.128400 0.097000
BlueWildeb 0.203800 0.702600 0.242100 0.333000 0.179500 0.203800 0.188700 0.215400 0.250200 0.240700 0.203800 0.141000 0.000000 0.222900 0.102800 0.138300 0.173600 0.175500 0.103500 0.283700 0.214500 0.190900 0.212500 0.178300 0.203800 0.244100 0.033900 0.250200 0.187400 0.237800 0.214600 0.217700 0.142000 0.000000 0.070200 0.141000 0.203800 0.143300 0.250200 0.243800 0.243800 0.211700 0.202500 0.144700 0.175800 0.182900 0.147000 0.143300 0.070200 0.209500 0.270000 0.237800
Gemsbok 0.122500 0.609000 0.172500 0.260400 0.105500 0.122500 0.112700 0.143600 0.177900 0.247900 0.122500 0.070600 0.070200 0.147800 0.034300 0.142700 0.104200 0.105200 0.034500 0.211900 0.142700 0.114500 0.141300 0.106700 0.122500 0.174100 0.035700 0.177900 0.112400 0.168700 0.143000 0.144700 0.071100 0.070200 0.000000 0.070600 0.122500 0.146700 0.178300 0.173000 0.173300 0.140900 0.208300 0.073000 0.104200 0.109500 0.073700 0.110100 0.000000 0.139600 0.201800 0.169200
Yak 0.203400 0.484900 0.098000 0.254000 0.180300 0.204700 0.188900 0.216300 0.100800 0.242000 0.204700 0.000000 0.141000 0.223300 0.103400 0.215100 0.101700 0.102600 0.102600 0.133400 0.139400 0.191900 0.137900 0.033700 0.204700 0.245000 0.107400 0.100100 0.188100 0.096400 0.140400 0.218500 0.069300 0.141000 0.070600 0.000000 0.204700 0.222800 0.173500 0.169700 0.098500 0.137200 0.203400 0.070500 0.033300 0.183200 0.147700 0.183400 0.070600 0.136000 0.127600 0.096400
BlueSheep 0.000000 0.670100 0.319400 0.335400 0.251100 0.000000 0.212200 0.293300 0.328900 0.411000 0.000000 0.204700 0.203800 0.249500 0.158500 0.291100 0.241000 0.244000 0.159200 0.367000 0.291100 0.083600 0.286900 0.248500 0.000000 0.323700 0.166000 0.328900 0.263700 0.311800 0.291200 0.243800 0.206700 0.203800 0.122500 0.204700 0.000000 0.303500 0.332900 0.321900 0.320600 0.287000 0.362100 0.211100 0.245200 0.256100 0.215800 0.257300 0.122500 0.282700 0.348600 0.311800
BohorReedb 0.303500 0.640000 0.328200 0.433000 0.182900 0.303500 0.279800 0.255500 0.339800 0.325900 0.303500 0.222800 0.143300 0.227300 0.180400 0.176000 0.256100 0.259000 0.105500 0.374700 0.254700 0.194900 0.298700 0.263100 0.303500 0.283600 0.188000 0.339800 0.228800 0.321900 0.301800 0.307000 0.224700 0.143300 0.146700 0.222800 0.303500 0.000000 0.290900 0.330400 0.248300 0.251300 0.284100 0.228900 0.259400 0.144000 0.187000 0.271500 0.147900 0.213500 0.275200 0.321900
KirksDik 0.332900 0.309900 0.196100 0.456000 0.207800 0.332900 0.307600 0.095400 0.281400 0.346000 0.332900 0.173500 0.250200 0.299500 0.135200 0.094900 0.205600 0.285800 0.210300 0.314900 0.030700 0.311400 0.324300 0.210400 0.332900 0.156500 0.217400 0.281400 0.102100 0.267600 0.243800 0.171100 0.253000 0.250200 0.178300 0.173500 0.332900 0.290900 0.000000 0.198000 0.273900 0.061500 0.305500 0.257500 0.133100 0.244700 0.174100 0.299700 0.178300 0.320200 0.299900 0.195100
RoeDeer 0.321900 0.499300 0.267500 0.359600 0.285300 0.321900 0.299300 0.241900 0.275800 0.264100 0.321900 0.169700 0.243800 0.332800 0.132200 0.240900 0.130200 0.203100 0.205200 0.308300 0.240900 0.302100 0.164500 0.132300 0.321900 0.269300 0.211700 0.275800 0.215800 0.262900 0.165900 0.244900 0.171000 0.243800 0.173000 0.169700 0.321900 0.330400 0.198000 0.000000 0.194000 0.238000 0.226700 0.100600 0.203400 0.289600 0.254700 0.290200 0.173800 0.235800 0.294200 0.191700
WhiteLippe 0.320600 0.560200 0.194000 0.275900 0.284700 0.320600 0.299200 0.319300 0.199900 0.263700 0.320600 0.098500 0.243800 0.249600 0.203700 0.318600 0.200800 0.202700 0.132500 0.231400 0.239700 0.218300 0.095200 0.064100 0.320600 0.345600 0.211400 0.199900 0.296000 0.191300 0.165400 0.324600 0.170500 0.243800 0.173300 0.098500 0.320600 0.248300 0.273900 0.194000 0.000000 0.236800 0.226500 0.100200 0.131000 0.209900 0.253600 0.289600 0.173700 0.163100 0.153700 0.191300
ThomsonGaz 0.287000 0.397200 0.161500 0.412500 0.172600 0.287000 0.265300 0.095400 0.242900 0.307500 0.287000 0.137200 0.211700 0.258100 0.100200 0.094800 0.169300 0.246900 0.173100 0.276000 0.031300 0.268800 0.284600 0.173200 0.287000 0.091600 0.178800 0.242900 0.102000 0.231400 0.206500 0.135200 0.214100 0.211700 0.140900 0.137200 0.287000 0.251300 0.061500 0.238000 0.236800 0.000000 0.268300 0.218000 0.098700 0.167400 0.174000 0.258700 0.140900 0.280900 0.263200 0.160600
MuntiacusC 0.362100 0.640000 0.224300 0.395700 0.238600 0.362100 0.337800 0.272400 0.310800 0.029000 0.362100 0.203400 0.202500 0.329700 0.238100 0.197300 0.234600 0.236900 0.239500 0.343300 0.271400 0.339700 0.197200 0.165100 0.362100 0.298700 0.247100 0.310800 0.293700 0.296500 0.061600 0.276000 0.204900 0.202500 0.208300 0.203400 0.362100 0.284100 0.305500 0.226700 0.226500 0.268300 0.000000 0.133900 0.162400 0.326300 0.291000 0.327200 0.208300 0.269800 0.327800 0.296500
WhiteTaile 0.211100 0.611300 0.171600 0.261000 0.185100 0.211100 0.194200 0.222100 0.178000 0.170600 0.211100 0.070300 0.144700 0.229300 0.106100 0.220800 0.104200 0.102900 0.106600 0.212000 0.220800 0.197500 0.068200 0.034500 0.211100 0.251300 0.110300 0.178000 0.193300 0.169500 0.068900 0.224300 0.071100 0.144700 0.073000 0.070500 0.211100 0.228900 0.257500 0.100600 0.100200 0.218000 0.133900 0.000000 0.105600 0.188200 0.151900 0.188400 0.072500 0.139400 0.202000 0.169500
Cattle 0.245200 0.420400 0.062800 0.289900 0.138000 0.245200 0.226300 0.172700 0.134200 0.198600 0.245200 0.033300 0.175800 0.220400 0.137600 0.171400 0.135300 0.136600 0.138300 0.166800 0.099900 0.230000 0.172100 0.067200 0.245200 0.201300 0.142800 0.134200 0.185700 0.127000 0.100200 0.173900 0.104100 0.175800 0.104200 0.033300 0.245200 0.259400 0.133100 0.203400 0.131000 0.098700 0.162400 0.105600 0.000000 0.219400 0.184500 0.219800 0.105700 0.169700 0.159500 0.128300
RoyalAntel 0.256100 0.635000 0.287500 0.388100 0.224300 0.256100 0.235900 0.210800 0.297300 0.369700 0.256100 0.183200 0.182900 0.186400 0.142400 0.209900 0.216500 0.218900 0.069400 0.332000 0.209900 0.153900 0.257700 0.222500 0.256100 0.198500 0.148400 0.297300 0.183200 0.282000 0.260500 0.264400 0.184700 0.182900 0.109500 0.183200 0.256100 0.144000 0.244700 0.289600 0.209900 0.167400 0.326300 0.188200 0.219400 0.000000 0.144000 0.229600 0.109500 0.175600 0.237500 0.282000
Steenbok 0.215800 0.588800 0.252900 0.351400 0.188100 0.215800 0.197500 0.140400 0.261100 0.334000 0.215800 0.147700 0.147000 0.233100 0.107600 0.139400 0.181500 0.183500 0.108300 0.296500 0.139400 0.201500 0.221800 0.186600 0.215800 0.206500 0.112100 0.261100 0.109800 0.247300 0.225100 0.227900 0.149000 0.147000 0.073700 0.147700 0.215800 0.187000 0.174100 0.254700 0.253600 0.174000 0.291000 0.151900 0.184500 0.144000 0.000000 0.192800 0.073700 0.218900 0.204100 0.247300
Impala 0.257300 0.802200 0.288300 0.389700 0.225600 0.257300 0.237000 0.263400 0.298100 0.371200 0.257300 0.183400 0.143300 0.272500 0.143200 0.262000 0.216800 0.219200 0.144100 0.333200 0.262000 0.240400 0.258000 0.222700 0.257300 0.292300 0.109100 0.298100 0.235700 0.282600 0.261000 0.266000 0.184900 0.143300 0.110100 0.183400 0.257300 0.271500 0.299700 0.290200 0.289600 0.258700 0.327200 0.188400 0.219800 0.229600 0.192800 0.000000 0.109600 0.254400 0.316300 0.282600
Klipspring 0.122500 0.609000 0.172500 0.260400 0.107600 0.122500 0.112700 0.143600 0.177900 0.247900 0.122500 0.070600 0.070200 0.147800 0.034300 0.142700 0.104200 0.105400 0.034500 0.211900 0.142700 0.114800 0.141300 0.106900 0.122500 0.174100 0.035700 0.177900 0.112400 0.169200 0.143000 0.144700 0.071100 0.070200 0.000000 0.070600 0.122500 0.147900 0.178300 0.173800 0.173700 0.140900 0.208300 0.072500 0.105700 0.109500 0.073700 0.109600 0.000000 0.139300 0.201800 0.169200
ForestMusk 0.282700 0.564500 0.161900 0.324200 0.172600 0.282700 0.180600 0.285600 0.166600 0.309800 0.282700 0.136000 0.209500 0.137900 0.170400 0.284400 0.097600 0.098500 0.099700 0.198500 0.284400 0.183100 0.205300 0.171900 0.282700 0.312600 0.176900 0.166600 0.260500 0.159400 0.207200 0.209300 0.066400 0.209500 0.139600 0.136000 0.282700 0.213500 0.320200 0.235800 0.163100 0.280900 0.269800 0.139400 0.169700 0.175600 0.218900 0.254400 0.139300 0.000000 0.123100 0.159400
Bushbuck 0.348600 0.524900 0.088600 0.383200 0.233700 0.348600 0.244400 0.345100 0.090900 0.367900 0.348600 0.126200 0.270000 0.200700 0.230800 0.343900 0.157600 0.159000 0.160900 0.120400 0.266200 0.246800 0.265200 0.161200 0.348600 0.370400 0.238900 0.090900 0.323100 0.087700 0.267500 0.270500 0.128400 0.270000 0.201800 0.127600 0.348600 0.275200 0.299900 0.294200 0.153700 0.263200 0.327800 0.202000 0.159500 0.237500 0.204100 0.316300 0.201800 0.123100 0.000000 0.087400
GreaterKud 0.311800 0.400900 0.059400 0.350700 0.201500 0.311800 0.210900 0.235400 0.061000 0.336100 0.311800 0.096400 0.237800 0.243200 0.129100 0.234900 0.061800 0.128100 0.200200 0.090800 0.162600 0.293100 0.233600 0.129900 0.311800 0.262500 0.206100 0.061000 0.210100 0.058000 0.235300 0.165000 0.097000 0.237800 0.169200 0.096400 0.311800 0.321900 0.195100 0.191700 0.191300 0.160600 0.296500 0.169500 0.128300 0.282000 0.247300 0.282600 0.169200 0.159400 0.087400 0.000000
