CODONML (in paml version 4.10.7, June 2023)  /home/rachel/ruminants_paml/6406-phy-tree/ENSBTAT00000030764.fasta.phy
Model: free dN/dS Ratios for branches,  kappa = 2.000 fixed

Codon frequency model: F3x4
ns =  54  ls =  15

Codon usage in sequences
--------------------------------------------------------------------------------------------------------------------------------------
Phe TTT   0   0   0   0   0   0 | Ser TCT   0   0   0   0   0   0 | Tyr TAT   0   0   0   0   0   0 | Cys TGT   0   0   0   0   0   0
    TTC   1   1   1   1   1   1 |     TCC   0   0   0   0   0   0 |     TAC   0   0   0   0   0   0 |     TGC   0   0   0   0   0   0
Leu TTA   0   0   0   0   0   0 |     TCA   0   0   0   0   0   0 | *** TAA   0   0   0   0   0   0 | *** TGA   0   0   0   0   0   0
    TTG   0   0   0   0   0   0 |     TCG   0   0   0   0   0   0 |     TAG   0   0   0   0   0   0 | Trp TGG   0   0   0   0   0   0
--------------------------------------------------------------------------------------------------------------------------------------
Leu CTT   0   0   0   0   0   0 | Pro CCT   0   0   0   0   0   0 | His CAT   0   0   1   1   1   1 | Arg CGT   0   1   0   0   0   0
    CTC   0   0   0   0   0   0 |     CCC   0   0   0   0   0   0 |     CAC   1   0   0   0   0   0 |     CGC   0   0   0   0   0   0
    CTA   0   0   0   0   0   0 |     CCA   1   1   1   0   1   1 | Gln CAA   1   0   0   0   0   1 |     CGA   0   0   0   0   0   0
    CTG   0   1   0   1   1   1 |     CCG   1   0   1   0   0   0 |     CAG   1   3   2   2   1   1 |     CGG   0   0   0   0   0   0
--------------------------------------------------------------------------------------------------------------------------------------
Ile ATT   0   0   0   0   0   0 | Thr ACT   0   0   0   0   0   0 | Asn AAT   0   0   0   0   0   0 | Ser AGT   0   0   0   0   0   0
    ATC   0   0   0   0   0   0 |     ACC   0   0   0   0   0   0 |     AAC   0   0   0   0   0   0 |     AGC   0   0   0   0   0   0
    ATA   0   0   0   0   0   0 |     ACA   0   0   0   0   0   0 | Lys AAA   1   1   1   1   1   1 | Arg AGA   3   3   3   3   2   2
Met ATG   1   0   1   1   1   0 |     ACG   0   0   0   0   0   0 |     AAG   2   1   2   2   1   1 |     AGG   0   1   0   0   1   2
--------------------------------------------------------------------------------------------------------------------------------------
Val GTT   0   0   0   0   0   0 | Ala GCT   0   0   0   0   0   0 | Asp GAT   0   0   0   0   0   0 | Gly GGT   0   0   0   0   0   0
    GTC   0   0   0   0   0   0 |     GCC   0   0   0   0   0   0 |     GAC   0   0   0   0   1   0 |     GGC   0   0   0   0   0   0
    GTA   0   0   0   0   0   0 |     GCA   0   0   0   1   1   0 | Glu GAA   1   1   1   1   0   1 |     GGA   1   0   1   1   0   1
    GTG   0   0   0   0   0   0 |     GCG   0   0   0   0   0   0 |     GAG   0   1   0   0   1   1 |     GGG   0   0   0   0   1   0
--------------------------------------------------------------------------------------------------------------------------------------

--------------------------------------------------------------------------------------------------------------------------------------
Phe TTT   0   0   0   0   0   0 | Ser TCT   0   0   0   0   0   0 | Tyr TAT   0   0   0   0   0   0 | Cys TGT   0   0   0   0   0   0
    TTC   1   1   1   1   1   1 |     TCC   0   0   0   0   0   0 |     TAC   0   0   0   0   0   0 |     TGC   0   0   0   0   0   0
Leu TTA   0   0   0   0   0   0 |     TCA   0   0   0   0   0   0 | *** TAA   0   0   0   0   0   0 | *** TGA   0   0   0   0   0   0
    TTG   0   0   0   0   0   0 |     TCG   0   0   0   0   0   0 |     TAG   0   0   0   0   0   0 | Trp TGG   0   0   0   0   0   0
--------------------------------------------------------------------------------------------------------------------------------------
Leu CTT   0   0   0   0   0   0 | Pro CCT   0   0   0   0   0   0 | His CAT   1   1   1   1   1   1 | Arg CGT   0   0   0   0   0   0
    CTC   0   0   0   0   0   0 |     CCC   0   0   0   0   0   0 |     CAC   0   0   0   0   0   0 |     CGC   0   0   0   0   0   0
    CTA   0   0   0   0   0   0 |     CCA   1   1   1   1   1   2 | Gln CAA   0   1   0   0   0   0 |     CGA   0   0   0   0   0   0
    CTG   0   0   0   0   0   0 |     CCG   1   1   1   1   1   0 |     CAG   2   1   2   2   2   2 |     CGG   0   0   0   0   0   0
--------------------------------------------------------------------------------------------------------------------------------------
Ile ATT   0   0   0   0   0   0 | Thr ACT   0   0   0   0   0   0 | Asn AAT   0   0   0   0   0   0 | Ser AGT   0   0   0   0   0   0
    ATC   0   0   0   0   0   0 |     ACC   0   0   0   0   0   0 |     AAC   0   0   0   0   0   0 |     AGC   0   0   0   0   0   0
    ATA   0   0   0   0   0   0 |     ACA   0   0   0   0   0   0 | Lys AAA   1   1   1   1   1   1 | Arg AGA   3   3   3   3   3   1
Met ATG   1   1   1   1   1   1 |     ACG   0   0   0   0   0   0 |     AAG   2   2   2   1   2   2 |     AGG   0   0   0   1   0   0
--------------------------------------------------------------------------------------------------------------------------------------
Val GTT   0   0   0   0   0   0 | Ala GCT   0   0   0   0   0   0 | Asp GAT   0   0   0   0   0   0 | Gly GGT   0   0   0   0   0   0
    GTC   0   0   0   0   0   0 |     GCC   0   0   0   0   0   0 |     GAC   0   0   0   0   0   0 |     GGC   0   0   0   0   0   0
    GTA   0   0   0   0   0   0 |     GCA   0   0   0   0   0   0 | Glu GAA   1   1   1   1   1   1 |     GGA   1   1   1   1   1   3
    GTG   0   0   0   0   0   0 |     GCG   0   0   0   0   0   0 |     GAG   0   0   0   0   0   0 |     GGG   0   0   0   0   0   0
--------------------------------------------------------------------------------------------------------------------------------------

--------------------------------------------------------------------------------------------------------------------------------------
Phe TTT   0   0   0   0   0   0 | Ser TCT   0   0   0   0   0   0 | Tyr TAT   0   0   0   0   0   0 | Cys TGT   0   0   0   0   0   0
    TTC   1   1   1   1   1   1 |     TCC   0   0   0   0   0   0 |     TAC   0   0   0   0   0   0 |     TGC   0   0   0   0   0   0
Leu TTA   0   0   0   0   0   0 |     TCA   0   0   0   0   0   0 | *** TAA   0   0   0   0   0   0 | *** TGA   0   0   0   0   0   0
    TTG   0   0   0   0   0   0 |     TCG   0   0   0   0   0   0 |     TAG   0   0   0   0   0   0 | Trp TGG   0   0   0   0   0   0
--------------------------------------------------------------------------------------------------------------------------------------
Leu CTT   0   0   0   0   0   0 | Pro CCT   0   0   0   0   0   0 | His CAT   1   1   1   1   1   1 | Arg CGT   0   0   0   0   0   0
    CTC   0   0   0   0   0   0 |     CCC   0   0   0   0   0   0 |     CAC   0   0   0   0   0   0 |     CGC   0   0   0   0   0   0
    CTA   0   0   0   0   0   0 |     CCA   1   1   1   1   1   1 | Gln CAA   1   0   0   0   0   0 |     CGA   0   0   0   0   0   0
    CTG   0   0   0   0   0   0 |     CCG   1   1   1   1   1   1 |     CAG   1   2   2   2   1   2 |     CGG   0   0   0   0   0   0
--------------------------------------------------------------------------------------------------------------------------------------
Ile ATT   0   0   0   0   0   0 | Thr ACT   0   0   0   0   0   0 | Asn AAT   0   0   0   0   0   0 | Ser AGT   0   0   0   0   0   0
    ATC   0   0   0   0   0   0 |     ACC   0   0   0   0   0   0 |     AAC   0   0   0   0   0   0 |     AGC   0   0   0   0   0   0
    ATA   0   0   0   0   0   0 |     ACA   0   0   0   0   0   0 | Lys AAA   1   1   1   1   1   0 | Arg AGA   3   3   3   3   3   4
Met ATG   1   1   1   1   1   1 |     ACG   0   0   0   0   0   0 |     AAG   2   2   2   2   3   2 |     AGG   0   0   0   0   0   0
--------------------------------------------------------------------------------------------------------------------------------------
Val GTT   0   0   0   0   0   0 | Ala GCT   0   0   0   0   0   0 | Asp GAT   0   0   0   0   0   0 | Gly GGT   0   0   0   0   0   0
    GTC   0   0   0   0   0   0 |     GCC   0   0   0   0   0   0 |     GAC   0   0   0   0   0   0 |     GGC   0   0   0   0   0   0
    GTA   0   0   0   0   0   0 |     GCA   0   0   0   0   0   0 | Glu GAA   1   1   1   1   1   2 |     GGA   1   1   1   1   1   0
    GTG   0   0   0   0   0   0 |     GCG   0   0   0   0   0   0 |     GAG   0   0   0   0   0   0 |     GGG   0   0   0   0   0   0
--------------------------------------------------------------------------------------------------------------------------------------

--------------------------------------------------------------------------------------------------------------------------------------
Phe TTT   0   0   0   0   0   0 | Ser TCT   0   0   0   0   0   0 | Tyr TAT   0   0   0   0   0   0 | Cys TGT   0   0   0   0   0   0
    TTC   1   1   1   1   1   1 |     TCC   0   0   0   0   0   0 |     TAC   0   0   0   0   0   0 |     TGC   0   0   0   0   0   0
Leu TTA   0   0   0   0   0   0 |     TCA   0   0   0   0   0   0 | *** TAA   0   0   0   0   0   0 | *** TGA   0   0   0   0   0   0
    TTG   1   0   0   0   0   0 |     TCG   0   0   0   0   0   0 |     TAG   0   0   0   0   0   0 | Trp TGG   0   0   0   0   0   0
--------------------------------------------------------------------------------------------------------------------------------------
Leu CTT   0   0   0   0   0   0 | Pro CCT   0   0   0   0   0   0 | His CAT   0   0   1   1   1   1 | Arg CGT   1   1   0   0   0   0
    CTC   0   0   0   0   0   0 |     CCC   0   0   0   0   0   0 |     CAC   0   0   0   0   0   0 |     CGC   0   0   0   0   0   0
    CTA   0   0   0   0   0   0 |     CCA   1   1   1   1   1   1 | Gln CAA   0   0   1   0   0   1 |     CGA   0   0   0   0   0   0
    CTG   1   1   0   0   0   0 |     CCG   0   0   1   1   1   1 |     CAG   2   2   1   2   2   1 |     CGG   0   0   0   0   0   0
--------------------------------------------------------------------------------------------------------------------------------------
Ile ATT   0   0   0   0   0   0 | Thr ACT   0   0   0   0   0   0 | Asn AAT   0   0   0   0   0   0 | Ser AGT   0   0   0   0   0   0
    ATC   0   0   0   0   0   0 |     ACC   0   0   0   0   0   0 |     AAC   0   0   0   0   0   0 |     AGC   0   0   0   0   0   0
    ATA   0   0   0   0   0   0 |     ACA   0   0   0   0   0   0 | Lys AAA   1   1   1   1   1   1 | Arg AGA   3   3   3   3   3   3
Met ATG   0   1   1   1   1   1 |     ACG   0   0   0   0   0   0 |     AAG   2   2   2   2   2   2 |     AGG   0   0   0   0   0   0
--------------------------------------------------------------------------------------------------------------------------------------
Val GTT   0   0   0   0   0   0 | Ala GCT   0   0   0   0   0   0 | Asp GAT   0   0   0   0   0   0 | Gly GGT   0   0   0   0   0   0
    GTC   0   0   0   0   0   0 |     GCC   0   0   0   0   0   0 |     GAC   0   0   0   0   0   0 |     GGC   0   0   0   0   0   0
    GTA   0   0   0   0   0   0 |     GCA   0   0   0   0   0   0 | Glu GAA   1   1   1   1   0   1 |     GGA   1   1   1   1   1   1
    GTG   0   0   0   0   0   0 |     GCG   0   0   0   0   0   0 |     GAG   0   0   0   0   1   0 |     GGG   0   0   0   0   0   0
--------------------------------------------------------------------------------------------------------------------------------------

--------------------------------------------------------------------------------------------------------------------------------------
Phe TTT   0   0   0   0   0   0 | Ser TCT   0   0   0   0   0   0 | Tyr TAT   0   0   0   0   0   0 | Cys TGT   0   0   0   0   0   0
    TTC   1   0   1   1   1   1 |     TCC   0   0   0   0   0   0 |     TAC   0   0   0   0   0   0 |     TGC   0   0   0   0   0   0
Leu TTA   0   0   0   0   0   0 |     TCA   0   0   0   0   0   0 | *** TAA   0   0   0   0   0   0 | *** TGA   0   0   0   0   0   0
    TTG   0   1   0   0   0   0 |     TCG   0   0   0   0   0   0 |     TAG   0   0   0   0   0   0 | Trp TGG   0   0   0   0   0   0
--------------------------------------------------------------------------------------------------------------------------------------
Leu CTT   0   0   0   0   0   0 | Pro CCT   0   0   0   0   0   0 | His CAT   1   1   1   1   1   1 | Arg CGT   0   0   0   0   0   0
    CTC   0   0   0   0   0   0 |     CCC   0   0   0   0   0   0 |     CAC   0   0   0   0   0   0 |     CGC   0   0   0   0   0   0
    CTA   0   0   0   0   0   0 |     CCA   1   1   1   1   1   1 | Gln CAA   0   0   0   0   0   0 |     CGA   0   0   0   0   0   0
    CTG   0   0   0   0   0   0 |     CCG   1   0   1   1   1   1 |     CAG   2   2   2   2   2   2 |     CGG   0   1   0   0   0   0
--------------------------------------------------------------------------------------------------------------------------------------
Ile ATT   0   0   0   0   0   0 | Thr ACT   0   0   0   0   0   0 | Asn AAT   0   0   0   0   0   0 | Ser AGT   0   0   0   0   0   0
    ATC   0   0   0   0   0   0 |     ACC   0   0   0   0   0   0 |     AAC   0   0   0   0   0   0 |     AGC   0   0   0   0   0   0
    ATA   0   0   0   0   0   1 |     ACA   0   0   0   0   0   0 | Lys AAA   1   1   1   1   1   1 | Arg AGA   2   1   3   3   3   3
Met ATG   0   0   1   1   1   0 |     ACG   1   1   0   0   0   0 |     AAG   2   2   2   2   2   2 |     AGG   0   1   0   0   0   0
--------------------------------------------------------------------------------------------------------------------------------------
Val GTT   0   0   0   0   0   0 | Ala GCT   0   0   0   0   0   0 | Asp GAT   0   0   0   0   0   0 | Gly GGT   0   0   0   0   0   0
    GTC   0   0   0   0   0   0 |     GCC   0   0   0   0   0   0 |     GAC   0   0   0   0   0   0 |     GGC   0   0   0   0   0   0
    GTA   0   0   0   0   0   0 |     GCA   0   0   0   0   0   0 | Glu GAA   1   1   1   1   1   1 |     GGA   2   2   1   1   1   1
    GTG   0   0   0   0   0   0 |     GCG   0   0   0   0   0   0 |     GAG   0   0   0   0   0   0 |     GGG   0   0   0   0   0   0
--------------------------------------------------------------------------------------------------------------------------------------

--------------------------------------------------------------------------------------------------------------------------------------
Phe TTT   0   0   0   0   0   0 | Ser TCT   0   0   0   0   0   0 | Tyr TAT   0   0   0   0   0   0 | Cys TGT   0   0   0   0   0   0
    TTC   1   0   1   1   1   1 |     TCC   0   0   0   0   0   0 |     TAC   0   0   0   0   0   0 |     TGC   0   0   0   0   0   0
Leu TTA   0   0   0   0   0   0 |     TCA   0   0   0   0   0   0 | *** TAA   0   0   0   0   0   0 | *** TGA   0   0   0   0   0   0
    TTG   0   0   0   0   0   0 |     TCG   0   0   0   0   0   0 |     TAG   0   0   0   0   0   0 | Trp TGG   0   0   0   0   0   0
--------------------------------------------------------------------------------------------------------------------------------------
Leu CTT   0   0   0   0   0   0 | Pro CCT   0   0   0   0   0   0 | His CAT   1   1   1   1   1   1 | Arg CGT   0   0   0   0   0   0
    CTC   0   0   0   0   0   0 |     CCC   0   0   0   0   0   0 |     CAC   0   0   0   0   0   0 |     CGC   0   0   0   0   0   0
    CTA   0   0   0   0   0   0 |     CCA   2   2   2   1   1   1 | Gln CAA   0   0   0   0   0   0 |     CGA   0   0   0   0   0   0
    CTG   0   0   0   0   1   0 |     CCG   0   0   0   1   0   1 |     CAG   2   2   2   2   2   2 |     CGG   0   0   0   0   0   0
--------------------------------------------------------------------------------------------------------------------------------------
Ile ATT   0   0   0   0   0   0 | Thr ACT   0   0   0   0   0   0 | Asn AAT   0   0   0   0   0   0 | Ser AGT   0   0   0   0   0   0
    ATC   0   0   0   0   0   0 |     ACC   0   0   0   0   0   0 |     AAC   0   0   0   0   0   0 |     AGC   0   0   0   0   0   0
    ATA   0   0   0   0   0   0 |     ACA   0   0   0   0   0   0 | Lys AAA   0   1   1   1   1   1 | Arg AGA   3   3   1   3   2   3
Met ATG   1   1   1   1   1   1 |     ACG   0   0   0   0   0   0 |     AAG   2   2   2   2   2   2 |     AGG   0   0   0   0   1   0
--------------------------------------------------------------------------------------------------------------------------------------
Val GTT   0   0   0   0   0   0 | Ala GCT   0   0   0   0   0   0 | Asp GAT   0   0   0   0   0   0 | Gly GGT   0   0   0   0   0   0
    GTC   0   1   0   0   0   0 |     GCC   0   0   0   0   0   0 |     GAC   0   0   0   0   0   0 |     GGC   0   0   0   0   0   0
    GTA   0   0   0   0   0   0 |     GCA   0   0   0   0   0   0 | Glu GAA   2   1   1   1   1   1 |     GGA   1   1   3   1   1   1
    GTG   0   0   0   0   0   0 |     GCG   0   0   0   0   0   0 |     GAG   0   0   0   0   0   0 |     GGG   0   0   0   0   0   0
--------------------------------------------------------------------------------------------------------------------------------------

--------------------------------------------------------------------------------------------------------------------------------------
Phe TTT   0   0   0   0   0   0 | Ser TCT   0   0   0   0   0   0 | Tyr TAT   0   0   0   0   0   0 | Cys TGT   0   0   0   0   0   0
    TTC   1   1   1   1   1   1 |     TCC   0   0   0   0   0   0 |     TAC   0   0   0   0   0   0 |     TGC   0   0   0   0   0   0
Leu TTA   0   0   0   0   0   0 |     TCA   0   0   0   0   0   0 | *** TAA   0   0   0   0   0   0 | *** TGA   0   0   0   0   0   0
    TTG   0   0   0   0   0   0 |     TCG   0   0   0   0   0   0 |     TAG   0   0   0   0   0   0 | Trp TGG   0   0   0   0   0   0
--------------------------------------------------------------------------------------------------------------------------------------
Leu CTT   0   0   0   0   0   0 | Pro CCT   0   0   0   0   0   0 | His CAT   1   1   1   1   1   1 | Arg CGT   0   0   0   0   0   0
    CTC   0   0   0   0   0   0 |     CCC   0   0   0   0   0   0 |     CAC   0   0   0   0   0   0 |     CGC   0   0   0   0   0   0
    CTA   0   0   0   0   0   0 |     CCA   1   1   1   1   1   1 | Gln CAA   1   0   1   0   0   0 |     CGA   0   0   0   0   0   0
    CTG   0   0   0   1   0   0 |     CCG   1   1   1   0   1   1 |     CAG   0   2   1   2   2   2 |     CGG   0   0   0   0   0   0
--------------------------------------------------------------------------------------------------------------------------------------
Ile ATT   0   0   0   0   0   0 | Thr ACT   0   0   0   0   0   0 | Asn AAT   0   0   0   0   0   0 | Ser AGT   0   0   0   0   0   0
    ATC   0   0   0   0   0   0 |     ACC   0   0   0   0   0   0 |     AAC   0   0   0   0   0   0 |     AGC   0   0   0   0   0   0
    ATA   0   0   0   0   0   0 |     ACA   0   0   0   0   0   0 | Lys AAA   1   1   1   1   0   1 | Arg AGA   3   3   3   3   3   2
Met ATG   1   1   1   1   1   0 |     ACG   0   0   0   0   0   1 |     AAG   2   2   2   2   3   2 |     AGG   0   0   0   0   0   0
--------------------------------------------------------------------------------------------------------------------------------------
Val GTT   0   0   0   0   0   0 | Ala GCT   0   0   0   0   0   0 | Asp GAT   0   0   0   0   0   0 | Gly GGT   0   0   0   0   0   0
    GTC   0   0   0   0   0   0 |     GCC   0   0   0   0   0   0 |     GAC   0   0   0   0   0   0 |     GGC   0   0   0   0   0   0
    GTA   0   0   0   0   0   0 |     GCA   0   0   0   0   0   0 | Glu GAA   1   1   1   1   1   1 |     GGA   1   1   1   1   1   2
    GTG   0   0   0   0   0   0 |     GCG   0   0   0   0   0   0 |     GAG   1   0   0   0   0   0 |     GGG   0   0   0   0   0   0
--------------------------------------------------------------------------------------------------------------------------------------

--------------------------------------------------------------------------------------------------------------------------------------
Phe TTT   0   0   0   0   0   0 | Ser TCT   0   0   0   0   0   0 | Tyr TAT   0   0   0   0   0   0 | Cys TGT   0   0   0   0   0   0
    TTC   1   1   1   0   1   1 |     TCC   0   0   0   0   0   0 |     TAC   0   0   0   0   0   0 |     TGC   0   0   0   0   0   0
Leu TTA   0   0   0   0   0   0 |     TCA   0   0   0   0   0   0 | *** TAA   0   0   0   0   0   0 | *** TGA   0   0   0   0   0   0
    TTG   0   0   0   1   0   0 |     TCG   0   0   0   0   0   0 |     TAG   0   0   0   0   0   0 | Trp TGG   0   0   0   0   0   0
--------------------------------------------------------------------------------------------------------------------------------------
Leu CTT   0   0   0   0   0   0 | Pro CCT   0   0   0   0   0   0 | His CAT   1   1   1   1   1   0 | Arg CGT   0   0   0   0   0   0
    CTC   0   0   0   0   0   0 |     CCC   0   0   0   0   0   0 |     CAC   0   0   0   0   0   0 |     CGC   0   0   0   0   0   0
    CTA   0   0   0   0   0   0 |     CCA   1   1   2   1   1   2 | Gln CAA   0   0   0   0   0   1 |     CGA   0   0   0   0   0   0
    CTG   0   0   0   0   0   0 |     CCG   1   1   0   0   1   0 |     CAG   2   2   2   2   2   2 |     CGG   0   0   0   1   0   0
--------------------------------------------------------------------------------------------------------------------------------------
Ile ATT   0   0   0   0   0   0 | Thr ACT   0   0   0   0   0   0 | Asn AAT   0   0   0   0   0   0 | Ser AGT   0   0   0   0   0   0
    ATC   0   0   0   0   0   0 |     ACC   0   0   0   0   0   0 |     AAC   0   0   0   0   0   0 |     AGC   0   0   0   0   0   0
    ATA   0   0   0   0   0   0 |     ACA   0   0   0   0   0   0 | Lys AAA   1   2   1   1   2   2 | Arg AGA   2   3   1   2   3   3
Met ATG   0   1   1   0   1   1 |     ACG   1   0   0   1   0   0 |     AAG   2   1   2   2   1   1 |     AGG   0   0   0   0   0   0
--------------------------------------------------------------------------------------------------------------------------------------
Val GTT   0   0   0   0   0   0 | Ala GCT   0   0   0   0   0   0 | Asp GAT   0   0   0   0   0   0 | Gly GGT   0   0   0   0   0   0
    GTC   0   0   0   0   0   0 |     GCC   0   0   0   0   0   0 |     GAC   0   0   0   0   0   0 |     GGC   0   0   0   0   0   0
    GTA   0   0   0   0   0   0 |     GCA   0   0   0   0   0   0 | Glu GAA   1   1   1   1   1   1 |     GGA   2   1   3   2   1   1
    GTG   0   0   0   0   0   0 |     GCG   0   0   0   0   0   0 |     GAG   0   0   0   0   0   0 |     GGG   0   0   0   0   0   0
--------------------------------------------------------------------------------------------------------------------------------------

--------------------------------------------------------------------------------------------------------------------------------------
Phe TTT   0   0   0   0   0   0 | Ser TCT   0   0   0   0   0   0 | Tyr TAT   0   0   0   0   0   0 | Cys TGT   0   0   0   0   0   0
    TTC   1   1   1   1   0   1 |     TCC   0   0   0   0   0   0 |     TAC   0   0   0   0   0   0 |     TGC   0   0   0   0   0   0
Leu TTA   0   0   0   0   0   0 |     TCA   0   0   0   0   0   0 | *** TAA   0   0   0   0   0   0 | *** TGA   0   0   0   0   0   0
    TTG   0   0   0   0   0   0 |     TCG   0   0   0   0   0   0 |     TAG   0   0   0   0   0   0 | Trp TGG   0   0   0   0   0   0
--------------------------------------------------------------------------------------------------------------------------------------
Leu CTT   0   0   0   0   0   0 | Pro CCT   0   0   0   0   0   0 | His CAT   1   1   1   1   1   1 | Arg CGT   0   0   0   0   0   0
    CTC   0   0   0   0   0   0 |     CCC   0   0   0   0   0   0 |     CAC   0   0   0   0   0   0 |     CGC   0   0   0   0   0   0
    CTA   0   0   0   0   0   0 |     CCA   1   1   1   0   2   1 | Gln CAA   0   0   0   0   0   0 |     CGA   0   0   0   0   0   0
    CTG   0   0   0   1   0   0 |     CCG   1   1   1   0   0   1 |     CAG   2   2   2   2   2   2 |     CGG   0   0   0   0   0   0
--------------------------------------------------------------------------------------------------------------------------------------
Ile ATT   0   0   0   0   0   0 | Thr ACT   0   0   0   0   0   0 | Asn AAT   0   0   0   0   0   0 | Ser AGT   0   0   0   0   0   0
    ATC   0   0   0   0   0   0 |     ACC   0   0   0   0   0   0 |     AAC   0   0   0   0   0   0 |     AGC   0   0   0   0   0   0
    ATA   0   0   0   0   0   0 |     ACA   0   0   0   0   0   0 | Lys AAA   1   1   1   1   1   1 | Arg AGA   3   3   3   3   3   3
Met ATG   1   1   0   1   1   1 |     ACG   0   0   0   0   0   0 |     AAG   1   2   2   2   2   2 |     AGG   1   0   0   0   0   0
--------------------------------------------------------------------------------------------------------------------------------------
Val GTT   0   0   0   0   0   0 | Ala GCT   0   0   0   0   0   0 | Asp GAT   0   0   0   0   0   0 | Gly GGT   0   0   0   0   0   0
    GTC   0   0   0   0   1   0 |     GCC   0   0   0   0   0   0 |     GAC   0   0   0   0   0   0 |     GGC   0   0   0   0   0   0
    GTA   0   0   0   0   0   0 |     GCA   0   0   0   1   0   0 | Glu GAA   1   1   1   1   1   1 |     GGA   1   1   1   1   1   1
    GTG   0   0   1   0   0   0 |     GCG   0   0   0   0   0   0 |     GAG   0   0   0   0   0   0 |     GGG   0   0   0   0   0   0
--------------------------------------------------------------------------------------------------------------------------------------

Codon position x base (3x4) table for each sequence.

#1: Argali         
position  1:    T:0.06667    C:0.33333    A:0.46667    G:0.13333
position  2:    T:0.13333    C:0.13333    A:0.46667    G:0.26667
position  3:    T:0.00000    C:0.13333    A:0.53333    G:0.33333
Average         T:0.06667    C:0.20000    A:0.48889    G:0.24444

#2: LesserMouseDeer
position  1:    T:0.06667    C:0.40000    A:0.40000    G:0.13333
position  2:    T:0.13333    C:0.06667    A:0.46667    G:0.33333
position  3:    T:0.06667    C:0.06667    A:0.40000    G:0.46667
Average         T:0.08889    C:0.17778    A:0.42222    G:0.31111

#3: LesserKudu     
position  1:    T:0.06667    C:0.33333    A:0.46667    G:0.13333
position  2:    T:0.13333    C:0.13333    A:0.46667    G:0.26667
position  3:    T:0.06667    C:0.06667    A:0.46667    G:0.40000
Average         T:0.08889    C:0.17778    A:0.46667    G:0.26667

#4: ForestMuskDeer2
position  1:    T:0.06667    C:0.26667    A:0.46667    G:0.20000
position  2:    T:0.20000    C:0.06667    A:0.46667    G:0.26667
position  3:    T:0.06667    C:0.06667    A:0.46667    G:0.40000
Average         T:0.11111    C:0.13333    A:0.46667    G:0.28889

#5: Camel          
position  1:    T:0.06667    C:0.26667    A:0.40000    G:0.26667
position  2:    T:0.20000    C:0.13333    A:0.40000    G:0.26667
position  3:    T:0.06667    C:0.13333    A:0.33333    G:0.46667
Average         T:0.11111    C:0.17778    A:0.37778    G:0.33333

#6: KillerWhale    
position  1:    T:0.06667    C:0.33333    A:0.40000    G:0.20000
position  2:    T:0.13333    C:0.06667    A:0.46667    G:0.33333
position  3:    T:0.06667    C:0.06667    A:0.46667    G:0.40000
Average         T:0.08889    C:0.15556    A:0.44444    G:0.31111

#7: DefassaWaterbuck
position  1:    T:0.06667    C:0.33333    A:0.46667    G:0.13333
position  2:    T:0.13333    C:0.13333    A:0.46667    G:0.26667
position  3:    T:0.06667    C:0.06667    A:0.46667    G:0.40000
Average         T:0.08889    C:0.17778    A:0.46667    G:0.26667

#8: Sheep          
position  1:    T:0.06667    C:0.33333    A:0.46667    G:0.13333
position  2:    T:0.13333    C:0.13333    A:0.46667    G:0.26667
position  3:    T:0.06667    C:0.06667    A:0.53333    G:0.33333
Average         T:0.08889    C:0.17778    A:0.48889    G:0.24444

#9: MaxwellsDuiker 
position  1:    T:0.06667    C:0.33333    A:0.46667    G:0.13333
position  2:    T:0.13333    C:0.13333    A:0.46667    G:0.26667
position  3:    T:0.06667    C:0.06667    A:0.46667    G:0.40000
Average         T:0.08889    C:0.17778    A:0.46667    G:0.26667

#10: GazellaPrzewalskyi
position  1:    T:0.06667    C:0.33333    A:0.46667    G:0.13333
position  2:    T:0.13333    C:0.13333    A:0.40000    G:0.33333
position  3:    T:0.06667    C:0.06667    A:0.46667    G:0.40000
Average         T:0.08889    C:0.17778    A:0.44444    G:0.28889

#11: MountainNyala  
position  1:    T:0.06667    C:0.33333    A:0.46667    G:0.13333
position  2:    T:0.13333    C:0.13333    A:0.46667    G:0.26667
position  3:    T:0.06667    C:0.06667    A:0.46667    G:0.40000
Average         T:0.08889    C:0.17778    A:0.46667    G:0.26667

#12: MuntiacusMuntjak
position  1:    T:0.06667    C:0.33333    A:0.33333    G:0.26667
position  2:    T:0.13333    C:0.13333    A:0.46667    G:0.26667
position  3:    T:0.06667    C:0.06667    A:0.53333    G:0.33333
Average         T:0.08889    C:0.17778    A:0.44444    G:0.28889

#13: goat           
position  1:    T:0.06667    C:0.33333    A:0.46667    G:0.13333
position  2:    T:0.13333    C:0.13333    A:0.46667    G:0.26667
position  3:    T:0.06667    C:0.06667    A:0.53333    G:0.33333
Average         T:0.08889    C:0.17778    A:0.48889    G:0.24444

#14: AfricanBuffalo 
position  1:    T:0.06667    C:0.33333    A:0.46667    G:0.13333
position  2:    T:0.13333    C:0.13333    A:0.46667    G:0.26667
position  3:    T:0.06667    C:0.06667    A:0.46667    G:0.40000
Average         T:0.08889    C:0.17778    A:0.46667    G:0.26667

#15: Topi           
position  1:    T:0.06667    C:0.33333    A:0.46667    G:0.13333
position  2:    T:0.13333    C:0.13333    A:0.46667    G:0.26667
position  3:    T:0.06667    C:0.06667    A:0.46667    G:0.40000
Average         T:0.08889    C:0.17778    A:0.46667    G:0.26667

#16: CommonDuiker   
position  1:    T:0.06667    C:0.33333    A:0.46667    G:0.13333
position  2:    T:0.13333    C:0.13333    A:0.46667    G:0.26667
position  3:    T:0.06667    C:0.06667    A:0.46667    G:0.40000
Average         T:0.08889    C:0.17778    A:0.46667    G:0.26667

#17: Suni           
position  1:    T:0.06667    C:0.26667    A:0.53333    G:0.13333
position  2:    T:0.13333    C:0.13333    A:0.46667    G:0.26667
position  3:    T:0.06667    C:0.06667    A:0.46667    G:0.40000
Average         T:0.08889    C:0.15556    A:0.48889    G:0.26667

#18: Springbuck     
position  1:    T:0.06667    C:0.33333    A:0.46667    G:0.13333
position  2:    T:0.13333    C:0.13333    A:0.46667    G:0.26667
position  3:    T:0.06667    C:0.06667    A:0.46667    G:0.40000
Average         T:0.08889    C:0.17778    A:0.46667    G:0.26667

#19: Okapi          
position  1:    T:0.13333    C:0.33333    A:0.40000    G:0.13333
position  2:    T:0.20000    C:0.06667    A:0.40000    G:0.33333
position  3:    T:0.06667    C:0.06667    A:0.46667    G:0.40000
Average         T:0.13333    C:0.15556    A:0.42222    G:0.28889

#20: Giraffe        
position  1:    T:0.06667    C:0.33333    A:0.46667    G:0.13333
position  2:    T:0.20000    C:0.06667    A:0.40000    G:0.33333
position  3:    T:0.06667    C:0.06667    A:0.46667    G:0.40000
Average         T:0.11111    C:0.15556    A:0.44444    G:0.28889

#21: TibetanAntelope
position  1:    T:0.06667    C:0.33333    A:0.46667    G:0.13333
position  2:    T:0.13333    C:0.13333    A:0.46667    G:0.26667
position  3:    T:0.06667    C:0.06667    A:0.53333    G:0.33333
Average         T:0.08889    C:0.17778    A:0.48889    G:0.24444

#22: Sitatunga      
position  1:    T:0.06667    C:0.33333    A:0.46667    G:0.13333
position  2:    T:0.13333    C:0.13333    A:0.46667    G:0.26667
position  3:    T:0.06667    C:0.06667    A:0.46667    G:0.40000
Average         T:0.08889    C:0.17778    A:0.46667    G:0.26667

#23: Oribi          
position  1:    T:0.06667    C:0.33333    A:0.46667    G:0.13333
position  2:    T:0.13333    C:0.13333    A:0.46667    G:0.26667
position  3:    T:0.06667    C:0.06667    A:0.40000    G:0.46667
Average         T:0.08889    C:0.17778    A:0.44444    G:0.28889

#24: BarbarySheep   
position  1:    T:0.06667    C:0.33333    A:0.46667    G:0.13333
position  2:    T:0.13333    C:0.13333    A:0.46667    G:0.26667
position  3:    T:0.06667    C:0.06667    A:0.53333    G:0.33333
Average         T:0.08889    C:0.17778    A:0.48889    G:0.24444

#25: Daviddeer      
position  1:    T:0.06667    C:0.33333    A:0.40000    G:0.20000
position  2:    T:0.06667    C:0.20000    A:0.46667    G:0.26667
position  3:    T:0.06667    C:0.06667    A:0.46667    G:0.40000
Average         T:0.06667    C:0.20000    A:0.44444    G:0.28889

#26: Reindeer       
position  1:    T:0.06667    C:0.33333    A:0.40000    G:0.20000
position  2:    T:0.06667    C:0.13333    A:0.46667    G:0.33333
position  3:    T:0.06667    C:0.00000    A:0.40000    G:0.53333
Average         T:0.06667    C:0.15556    A:0.42222    G:0.35556

#27: Ibex           
position  1:    T:0.06667    C:0.33333    A:0.46667    G:0.13333
position  2:    T:0.13333    C:0.13333    A:0.46667    G:0.26667
position  3:    T:0.06667    C:0.06667    A:0.46667    G:0.40000
Average         T:0.08889    C:0.17778    A:0.46667    G:0.26667

#28: GyrantGazelle  
position  1:    T:0.06667    C:0.33333    A:0.46667    G:0.13333
position  2:    T:0.13333    C:0.13333    A:0.46667    G:0.26667
position  3:    T:0.06667    C:0.06667    A:0.46667    G:0.40000
Average         T:0.08889    C:0.17778    A:0.46667    G:0.26667

#29: Hartebeest     
position  1:    T:0.06667    C:0.33333    A:0.46667    G:0.13333
position  2:    T:0.13333    C:0.13333    A:0.46667    G:0.26667
position  3:    T:0.06667    C:0.06667    A:0.46667    G:0.40000
Average         T:0.08889    C:0.17778    A:0.46667    G:0.26667

#30: Bongo          
position  1:    T:0.06667    C:0.33333    A:0.46667    G:0.13333
position  2:    T:0.13333    C:0.13333    A:0.46667    G:0.26667
position  3:    T:0.06667    C:0.06667    A:0.53333    G:0.33333
Average         T:0.08889    C:0.17778    A:0.48889    G:0.24444

#31: Gerenuk        
position  1:    T:0.06667    C:0.33333    A:0.40000    G:0.20000
position  2:    T:0.13333    C:0.13333    A:0.46667    G:0.26667
position  3:    T:0.06667    C:0.06667    A:0.53333    G:0.33333
Average         T:0.08889    C:0.17778    A:0.46667    G:0.26667

#32: CommonEland    
position  1:    T:0.00000    C:0.33333    A:0.46667    G:0.20000
position  2:    T:0.13333    C:0.13333    A:0.46667    G:0.26667
position  3:    T:0.06667    C:0.06667    A:0.53333    G:0.33333
Average         T:0.06667    C:0.17778    A:0.48889    G:0.26667

#33: MuntiacusReevesi
position  1:    T:0.06667    C:0.33333    A:0.33333    G:0.26667
position  2:    T:0.13333    C:0.13333    A:0.46667    G:0.26667
position  3:    T:0.06667    C:0.06667    A:0.53333    G:0.33333
Average         T:0.08889    C:0.17778    A:0.44444    G:0.28889

#34: HarveysDuiker  
position  1:    T:0.06667    C:0.33333    A:0.46667    G:0.13333
position  2:    T:0.13333    C:0.13333    A:0.46667    G:0.26667
position  3:    T:0.06667    C:0.06667    A:0.46667    G:0.40000
Average         T:0.08889    C:0.17778    A:0.46667    G:0.26667

#35: Pronghorn      
position  1:    T:0.06667    C:0.33333    A:0.46667    G:0.13333
position  2:    T:0.20000    C:0.06667    A:0.46667    G:0.26667
position  3:    T:0.06667    C:0.06667    A:0.40000    G:0.46667
Average         T:0.11111    C:0.15556    A:0.44444    G:0.28889

#36: BlueWildebeest 
position  1:    T:0.06667    C:0.33333    A:0.46667    G:0.13333
position  2:    T:0.13333    C:0.13333    A:0.46667    G:0.26667
position  3:    T:0.06667    C:0.06667    A:0.46667    G:0.40000
Average         T:0.08889    C:0.17778    A:0.46667    G:0.26667

#37: Gemsbok        
position  1:    T:0.06667    C:0.26667    A:0.46667    G:0.20000
position  2:    T:0.13333    C:0.13333    A:0.46667    G:0.26667
position  3:    T:0.06667    C:0.06667    A:0.53333    G:0.33333
Average         T:0.08889    C:0.15556    A:0.48889    G:0.26667

#38: Yak            
position  1:    T:0.06667    C:0.33333    A:0.46667    G:0.13333
position  2:    T:0.13333    C:0.13333    A:0.46667    G:0.26667
position  3:    T:0.06667    C:0.06667    A:0.46667    G:0.40000
Average         T:0.08889    C:0.17778    A:0.46667    G:0.26667

#39: BlueSheep      
position  1:    T:0.06667    C:0.33333    A:0.46667    G:0.13333
position  2:    T:0.13333    C:0.13333    A:0.46667    G:0.26667
position  3:    T:0.06667    C:0.06667    A:0.53333    G:0.33333
Average         T:0.08889    C:0.17778    A:0.48889    G:0.24444

#40: BohorReedbuck  
position  1:    T:0.06667    C:0.33333    A:0.46667    G:0.13333
position  2:    T:0.20000    C:0.06667    A:0.46667    G:0.26667
position  3:    T:0.06667    C:0.06667    A:0.46667    G:0.40000
Average         T:0.11111    C:0.15556    A:0.46667    G:0.26667

#41: KirksDik       
position  1:    T:0.06667    C:0.33333    A:0.46667    G:0.13333
position  2:    T:0.13333    C:0.13333    A:0.46667    G:0.26667
position  3:    T:0.06667    C:0.06667    A:0.40000    G:0.46667
Average         T:0.08889    C:0.17778    A:0.44444    G:0.28889

#42: RoeDeer        
position  1:    T:0.06667    C:0.33333    A:0.40000    G:0.20000
position  2:    T:0.06667    C:0.20000    A:0.46667    G:0.26667
position  3:    T:0.06667    C:0.06667    A:0.46667    G:0.40000
Average         T:0.06667    C:0.20000    A:0.44444    G:0.28889

#43: WhiteLippedDeer
position  1:    T:0.06667    C:0.33333    A:0.40000    G:0.20000
position  2:    T:0.06667    C:0.20000    A:0.46667    G:0.26667
position  3:    T:0.06667    C:0.06667    A:0.46667    G:0.40000
Average         T:0.06667    C:0.20000    A:0.44444    G:0.28889

#44: ThomsonGazelle 
position  1:    T:0.06667    C:0.33333    A:0.46667    G:0.13333
position  2:    T:0.13333    C:0.13333    A:0.46667    G:0.26667
position  3:    T:0.06667    C:0.06667    A:0.53333    G:0.33333
Average         T:0.08889    C:0.17778    A:0.48889    G:0.24444

#45: MuntiacusCrinifrons
position  1:    T:0.06667    C:0.33333    A:0.33333    G:0.26667
position  2:    T:0.13333    C:0.13333    A:0.46667    G:0.26667
position  3:    T:0.06667    C:0.06667    A:0.53333    G:0.33333
Average         T:0.08889    C:0.17778    A:0.44444    G:0.28889

#46: WhiteTailedDeer
position  1:    T:0.06667    C:0.33333    A:0.40000    G:0.20000
position  2:    T:0.06667    C:0.13333    A:0.46667    G:0.33333
position  3:    T:0.06667    C:0.00000    A:0.46667    G:0.46667
Average         T:0.06667    C:0.15556    A:0.44444    G:0.33333

#47: Cattle         
position  1:    T:0.06667    C:0.33333    A:0.46667    G:0.13333
position  2:    T:0.13333    C:0.13333    A:0.46667    G:0.26667
position  3:    T:0.06667    C:0.06667    A:0.53333    G:0.33333
Average         T:0.08889    C:0.17778    A:0.48889    G:0.24444

#48: RoyalAntelope  
position  1:    T:0.06667    C:0.33333    A:0.46667    G:0.13333
position  2:    T:0.13333    C:0.13333    A:0.46667    G:0.26667
position  3:    T:0.00000    C:0.06667    A:0.66667    G:0.26667
Average         T:0.06667    C:0.17778    A:0.53333    G:0.22222

#49: Steenbok       
position  1:    T:0.06667    C:0.33333    A:0.46667    G:0.13333
position  2:    T:0.13333    C:0.13333    A:0.40000    G:0.33333
position  3:    T:0.06667    C:0.06667    A:0.46667    G:0.40000
Average         T:0.08889    C:0.17778    A:0.44444    G:0.28889

#50: Impala         
position  1:    T:0.06667    C:0.33333    A:0.46667    G:0.13333
position  2:    T:0.13333    C:0.13333    A:0.46667    G:0.26667
position  3:    T:0.06667    C:0.06667    A:0.46667    G:0.40000
Average         T:0.08889    C:0.17778    A:0.46667    G:0.26667

#51: Klipspringer   
position  1:    T:0.06667    C:0.33333    A:0.40000    G:0.20000
position  2:    T:0.13333    C:0.13333    A:0.46667    G:0.26667
