1
52 1
Argali 0.000000 0.241800 0.030200 0.128100 0.030200 0.000000 0.020200 0.051000 0.029900 0.117100 0.000000 0.051100 0.061600 0.062400 0.051200 0.082500 0.105500 0.094300 0.010000 0.029900 0.041100 0.009800 0.105800 0.094200 0.020200 0.082500 0.072200 0.029900 0.071600 0.019900 0.105800 0.030600 0.115900 0.072200 0.050400 0.051700 0.030500 0.020000 0.061300 0.116300 0.105800 0.082800 0.105800 0.094200 0.040700 0.030300 0.030700 0.051100 0.051000 0.094200 0.040100 0.030100
LesserMous 0.241800 0.000000 0.278000 0.164800 0.276600 0.241800 0.268000 0.225700 0.274500 0.309800 0.241800 0.279300 0.302300 0.324900 0.306800 0.263500 0.239800 0.226700 0.252000 0.274500 0.243300 0.255600 0.308500 0.305500 0.267000 0.290500 0.302100 0.274500 0.249800 0.259600 0.322600 0.282600 0.264200 0.289400 0.273900 0.296300 0.280100 0.264000 0.264000 0.318500 0.308400 0.264800 0.322600 0.305500 0.265300 0.252200 0.230400 0.306000 0.278300 0.238700 0.287900 0.276300
LesserKudu 0.030200 0.278000 0.000000 0.137400 0.039900 0.030200 0.030100 0.082000 0.039400 0.104300 0.030200 0.060700 0.071200 0.072100 0.060800 0.092000 0.115000 0.103700 0.019800 0.039400 0.072300 0.040600 0.093400 0.082000 0.050800 0.092000 0.081800 0.039400 0.081200 0.029700 0.093300 0.040500 0.136400 0.081700 0.059800 0.061500 0.061200 0.029800 0.070900 0.103500 0.093400 0.092400 0.093300 0.082000 0.050400 0.040100 0.058400 0.060800 0.060700 0.103700 0.049200 0.039700
KillerWhal 0.128100 0.164800 0.137400 0.000000 0.137100 0.128100 0.127600 0.184600 0.135900 0.185800 0.128100 0.160900 0.172600 0.173600 0.161400 0.171200 0.127200 0.115700 0.115300 0.135900 0.175100 0.140000 0.174000 0.161300 0.150700 0.195000 0.184500 0.135900 0.182600 0.125500 0.173800 0.137400 0.149700 0.184200 0.136100 0.163400 0.162700 0.125900 0.171500 0.184900 0.173900 0.171700 0.173800 0.161300 0.149600 0.137900 0.172200 0.161000 0.137500 0.138100 0.147200 0.136700
DefassaWat 0.030200 0.276600 0.039900 0.137100 0.000000 0.030200 0.030100 0.081800 0.039500 0.126500 0.030200 0.060700 0.050400 0.072100 0.040200 0.091900 0.115000 0.103400 0.019800 0.039500 0.072000 0.040600 0.115400 0.103700 0.050700 0.070800 0.060800 0.039500 0.081100 0.029600 0.115200 0.040400 0.136900 0.060700 0.039600 0.061400 0.061200 0.009700 0.070700 0.125700 0.115400 0.092200 0.115200 0.103700 0.050300 0.040000 0.061500 0.040100 0.060400 0.103300 0.049700 0.039700
Sheep 0.000000 0.241800 0.030200 0.128100 0.030200 0.000000 0.020200 0.051000 0.029900 0.117100 0.000000 0.051100 0.061600 0.062400 0.051200 0.082500 0.105500 0.094300 0.010000 0.029900 0.041100 0.010100 0.105800 0.094200 0.020200 0.082500 0.072200 0.029900 0.071600 0.019900 0.105800 0.030600 0.115900 0.072200 0.050400 0.051700 0.030500 0.020000 0.061300 0.116300 0.105800 0.082800 0.105800 0.094200 0.040700 0.030300 0.030700 0.051100 0.051000 0.094200 0.040100 0.030100
MaxwellsDu 0.020200 0.268000 0.030100 0.127600 0.030100 0.020200 0.000000 0.072100 0.029800 0.116700 0.020200 0.050900 0.061400 0.040600 0.051000 0.082300 0.104700 0.093900 0.010000 0.029800 0.062300 0.030600 0.105500 0.093800 0.040800 0.082300 0.072000 0.029800 0.071400 0.019900 0.105400 0.010000 0.126900 0.071900 0.050200 0.051500 0.051300 0.020000 0.061100 0.115800 0.105500 0.082600 0.105400 0.093800 0.040600 0.030200 0.051700 0.050900 0.050800 0.093800 0.040000 0.030000
GazellaPrz 0.051000 0.225700 0.082000 0.184600 0.081800 0.051000 0.072100 0.000000 0.081100 0.150200 0.051000 0.061100 0.114800 0.116400 0.104100 0.071000 0.161000 0.149200 0.061000 0.081100 0.051200 0.061800 0.161600 0.149000 0.072000 0.092400 0.125900 0.081100 0.081500 0.071000 0.161500 0.083100 0.171500 0.103900 0.102400 0.072500 0.061500 0.071200 0.050400 0.148700 0.161600 0.092800 0.161500 0.149000 0.050700 0.060800 0.040800 0.103900 0.103800 0.137500 0.091700 0.081600
MountainNy 0.029900 0.274500 0.039400 0.135900 0.039500 0.029900 0.029800 0.081100 0.000000 0.125600 0.029900 0.060200 0.070600 0.071400 0.060300 0.091200 0.114000 0.102800 0.019600 0.000000 0.071500 0.040200 0.114500 0.102800 0.050200 0.091200 0.081100 0.000000 0.080400 0.009700 0.114400 0.040100 0.135600 0.081000 0.059400 0.060900 0.060600 0.029500 0.070200 0.124700 0.114500 0.091500 0.114400 0.102800 0.049900 0.039700 0.069100 0.060300 0.060100 0.102800 0.009600 0.019500
MuntiacusM 0.117100 0.309800 0.104300 0.185800 0.126500 0.117100 0.116700 0.150200 0.125600 0.000000 0.117100 0.127200 0.161700 0.163500 0.150500 0.161200 0.115000 0.126100 0.104700 0.125600 0.140800 0.128800 0.029500 0.040200 0.116600 0.161500 0.173700 0.125600 0.149500 0.115000 0.009700 0.128500 0.185400 0.150200 0.147800 0.151600 0.150900 0.115500 0.137800 0.060800 0.029900 0.162000 0.009800 0.040200 0.138600 0.127100 0.117600 0.127300 0.127100 0.126100 0.136900 0.126400
goat 0.000000 0.241800 0.030200 0.128100 0.030200 0.000000 0.020200 0.051000 0.029900 0.117100 0.000000 0.051100 0.061600 0.062400 0.051200 0.082500 0.105500 0.094300 0.010000 0.029900 0.041100 0.010100 0.105800 0.094200 0.020200 0.082500 0.072200 0.029900 0.071600 0.019900 0.105800 0.030600 0.115900 0.072200 0.050400 0.051700 0.030500 0.020000 0.061300 0.116300 0.105800 0.082800 0.105800 0.094200 0.040700 0.030300 0.030700 0.051100 0.051000 0.094200 0.040100 0.030100
AfricanBuf 0.051100 0.279300 0.060700 0.160900 0.060700 0.051100 0.050900 0.061100 0.060200 0.127200 0.051100 0.000000 0.092600 0.072500 0.082300 0.071200 0.138000 0.126400 0.040200 0.060200 0.072600 0.061800 0.138500 0.126300 0.072100 0.092500 0.103500 0.060200 0.081600 0.050100 0.138300 0.061600 0.148600 0.082200 0.081000 0.061800 0.061600 0.050300 0.050400 0.148800 0.138400 0.092800 0.138300 0.126300 0.050500 0.061000 0.061900 0.082200 0.082000 0.126300 0.070600 0.060500
Topi 0.061600 0.302300 0.071200 0.172600 0.050400 0.061600 0.061400 0.114800 0.070600 0.161700 0.061600 0.092600 0.000000 0.083200 0.050700 0.103300 0.149800 0.137900 0.050500 0.070600 0.105100 0.072500 0.150200 0.137800 0.082800 0.103300 0.009700 0.070600 0.113900 0.060500 0.150000 0.072200 0.149000 0.009800 0.029700 0.094100 0.093800 0.040100 0.103100 0.160900 0.150200 0.125600 0.150000 0.137800 0.082000 0.071400 0.094100 0.071700 0.092800 0.137800 0.081100 0.071000
CommonDuik 0.062400 0.324900 0.072100 0.173600 0.072100 0.062400 0.040600 0.116400 0.071400 0.163500 0.062400 0.072500 0.083200 0.000000 0.072600 0.126800 0.151600 0.139600 0.051200 0.071400 0.106600 0.073500 0.151800 0.139500 0.083900 0.126700 0.094100 0.071400 0.115200 0.061300 0.151700 0.030200 0.150900 0.093900 0.071500 0.095500 0.095200 0.061500 0.104600 0.162800 0.151800 0.127200 0.151700 0.139500 0.083400 0.072400 0.095500 0.094200 0.094000 0.139600 0.082100 0.071800
Suni 0.051200 0.306800 0.060800 0.161400 0.040200 0.051200 0.051000 0.104100 0.060300 0.150500 0.051200 0.082300 0.050700 0.072600 0.000000 0.114400 0.138600 0.126900 0.040300 0.060300 0.094300 0.062000 0.139100 0.126900 0.072200 0.092600 0.061200 0.060300 0.103300 0.050200 0.138900 0.061800 0.137900 0.061100 0.039800 0.083400 0.061700 0.030000 0.092500 0.126900 0.139100 0.114700 0.138900 0.126900 0.071800 0.061100 0.091700 0.061300 0.082200 0.126800 0.070800 0.040000
Springbuck 0.082500 0.263500 0.092000 0.171200 0.091900 0.082500 0.082300 0.071000 0.091200 0.161200 0.082500 0.071200 0.103300 0.126800 0.114400 0.000000 0.148400 0.136700 0.071100 0.091200 0.082800 0.093600 0.172600 0.159600 0.104000 0.081300 0.114300 0.091200 0.070600 0.081000 0.172500 0.093400 0.194500 0.092500 0.091100 0.082700 0.093200 0.081400 0.060300 0.182900 0.172500 0.060500 0.172500 0.159600 0.060700 0.070800 0.072200 0.114400 0.092200 0.114100 0.101900 0.091700
Okapi 0.105500 0.239800 0.115000 0.127200 0.115000 0.105500 0.104700 0.161000 0.114000 0.115000 0.105500 0.138000 0.149800 0.151600 0.138600 0.148400 0.000000 0.009800 0.093400 0.114000 0.151400 0.117100 0.104000 0.092500 0.127800 0.171900 0.161500 0.114000 0.159800 0.103600 0.103900 0.116700 0.125700 0.161100 0.136400 0.139700 0.139400 0.104000 0.148500 0.114300 0.104000 0.148900 0.103900 0.092500 0.126800 0.115400 0.140100 0.138500 0.115200 0.092600 0.125100 0.114700
Giraffe 0.094300 0.226700 0.103700 0.115700 0.103400 0.094300 0.093900 0.149200 0.102800 0.126100 0.094300 0.126400 0.137900 0.139600 0.126900 0.136700 0.009800 0.000000 0.082400 0.102800 0.139500 0.105700 0.115000 0.103300 0.116200 0.159800 0.149400 0.102800 0.147900 0.092500 0.114900 0.105300 0.114200 0.149100 0.124900 0.128100 0.127700 0.092600 0.136800 0.125400 0.115000 0.137100 0.114900 0.103300 0.115400 0.104100 0.128300 0.126800 0.103600 0.081400 0.113800 0.103400
TibetanAnt 0.010000 0.252000 0.019800 0.115300 0.019800 0.010000 0.010000 0.061000 0.019600 0.104700 0.010000 0.040200 0.050500 0.051200 0.040300 0.071100 0.093400 0.082400 0.000000 0.019600 0.051200 0.020200 0.093700 0.082300 0.030200 0.071000 0.060900 0.019600 0.060400 0.009800 0.093600 0.020100 0.114700 0.060900 0.039700 0.040700 0.040500 0.009900 0.050200 0.104000 0.093700 0.071300 0.093600 0.082300 0.030000 0.019900 0.040800 0.040200 0.040100 0.082300 0.029600 0.019700
Sitatunga 0.029900 0.274500 0.039400 0.135900 0.039500 0.029900 0.029800 0.081100 0.000000 0.125600 0.029900 0.060200 0.070600 0.071400 0.060300 0.091200 0.114000 0.102800 0.019600 0.000000 0.071500 0.040200 0.114500 0.102800 0.050200 0.091200 0.081100 0.000000 0.080400 0.009700 0.114400 0.040100 0.135600 0.081000 0.059400 0.060900 0.060600 0.029500 0.070200 0.124700 0.114500 0.091500 0.114400 0.102800 0.049900 0.039700 0.069100 0.060300 0.060100 0.102800 0.009600 0.019500
Oribi 0.041100 0.243300 0.072300 0.175100 0.072000 0.041100 0.062300 0.051200 0.071500 0.140800 0.041100 0.072600 0.105100 0.106600 0.094300 0.082800 0.151400 0.139500 0.051200 0.071500 0.000000 0.051800 0.152100 0.139300 0.062100 0.082800 0.116200 0.071500 0.071900 0.061300 0.152000 0.073300 0.161600 0.094100 0.092700 0.073200 0.072900 0.061500 0.060800 0.162300 0.152100 0.083200 0.152000 0.139300 0.061800 0.051200 0.030900 0.094100 0.094200 0.139400 0.082100 0.071900
BarbaryShe 0.009800 0.255600 0.040600 0.140000 0.040600 0.010100 0.030600 0.061800 0.040200 0.128800 0.010100 0.061800 0.072500 0.073500 0.062000 0.093600 0.117100 0.105700 0.020200 0.040200 0.051800 0.000000 0.117500 0.105600 0.030600 0.093600 0.083300 0.040200 0.082600 0.030200 0.117400 0.041200 0.127700 0.083200 0.061000 0.062600 0.041100 0.030300 0.072100 0.128000 0.117500 0.093900 0.117400 0.105600 0.051300 0.040800 0.041300 0.061800 0.061700 0.105600 0.050500 0.040400
Daviddeer 0.105800 0.308500 0.093400 0.174000 0.115400 0.105800 0.105500 0.161600 0.114500 0.029500 0.105800 0.138500 0.150200 0.151800 0.139100 0.172600 0.104000 0.115000 0.093700 0.114500 0.152100 0.117500 0.000000 0.030000 0.105400 0.172900 0.138600 0.114500 0.160800 0.104000 0.019700 0.117100 0.150000 0.161700 0.136600 0.140000 0.139500 0.104400 0.149000 0.029900 0.000000 0.173400 0.019600 0.030000 0.127200 0.115800 0.128800 0.116100 0.138500 0.115000 0.125800 0.115300
Reindeer 0.094200 0.305500 0.082000 0.161300 0.103700 0.094200 0.093800 0.149000 0.102800 0.040200 0.094200 0.126300 0.137800 0.139500 0.126900 0.159600 0.092500 0.103300 0.082300 0.102800 0.139300 0.105600 0.030000 0.000000 0.093800 0.159700 0.149400 0.102800 0.147800 0.092500 0.030000 0.105200 0.161200 0.149000 0.124800 0.127900 0.127500 0.092800 0.136600 0.039200 0.030000 0.160100 0.030000 0.000000 0.115300 0.104000 0.116400 0.104300 0.126100 0.103300 0.113800 0.103500
Ibex 0.020200 0.267000 0.050800 0.150700 0.050700 0.020200 0.040800 0.072000 0.050200 0.116600 0.020200 0.072100 0.082800 0.083900 0.072200 0.104000 0.127800 0.116200 0.030200 0.050200 0.062100 0.030600 0.105400 0.093800 0.000000 0.103900 0.093700 0.050200 0.092800 0.040200 0.105300 0.051500 0.138400 0.093600 0.071100 0.073000 0.030500 0.040400 0.082300 0.115900 0.105400 0.104300 0.105300 0.093800 0.061500 0.050900 0.058700 0.050900 0.072000 0.116200 0.060600 0.050500
GyrantGaze 0.082500 0.290500 0.092000 0.195000 0.070800 0.082500 0.082300 0.092400 0.091200 0.161500 0.082500 0.092500 0.103300 0.126700 0.092600 0.081300 0.171900 0.159800 0.071000 0.091200 0.082800 0.093600 0.172900 0.159700 0.103900 0.000000 0.114400 0.091200 0.070700 0.081000 0.172800 0.093400 0.170900 0.092500 0.091100 0.104300 0.114900 0.060500 0.081200 0.182900 0.172900 0.019400 0.172800 0.159700 0.081600 0.071000 0.072300 0.092700 0.114100 0.159700 0.101900 0.091700
Hartebeest 0.072200 0.302100 0.081800 0.184500 0.060800 0.072200 0.072000 0.125900 0.081100 0.173700 0.072200 0.103500 0.009700 0.094100 0.061200 0.114300 0.161500 0.149400 0.060900 0.081100 0.116200 0.083300 0.138600 0.149400 0.093700 0.114400 0.000000 0.081100 0.125000 0.071000 0.161900 0.083000 0.137500 0.019700 0.039800 0.105100 0.104800 0.050400 0.114100 0.149100 0.138500 0.136900 0.161900 0.149400 0.092700 0.082100 0.105200 0.082500 0.103700 0.149400 0.091800 0.081600
Bongo 0.029900 0.274500 0.039400 0.135900 0.039500 0.029900 0.029800 0.081100 0.000000 0.125600 0.029900 0.060200 0.070600 0.071400 0.060300 0.091200 0.114000 0.102800 0.019600 0.000000 0.071500 0.040200 0.114500 0.102800 0.050200 0.091200 0.081100 0.000000 0.080400 0.009700 0.114400 0.040100 0.135600 0.081000 0.059400 0.060900 0.060600 0.029500 0.070200 0.124700 0.114500 0.091500 0.114400 0.102800 0.049900 0.039700 0.069100 0.060300 0.060100 0.102800 0.009600 0.019300
Gerenuk 0.071600 0.249800 0.081200 0.182600 0.081100 0.071600 0.071400 0.081500 0.080400 0.149500 0.071600 0.081600 0.113900 0.115200 0.103300 0.070600 0.159800 0.147900 0.060400 0.080400 0.071900 0.082600 0.160800 0.147800 0.092800 0.070700 0.125000 0.080400 0.000000 0.070300 0.160600 0.082300 0.182100 0.103100 0.101500 0.093100 0.103600 0.070700 0.070500 0.170800 0.160700 0.070900 0.160600 0.147800 0.070900 0.060400 0.061500 0.103200 0.103000 0.147900 0.091000 0.080900
CommonElan 0.019900 0.259600 0.029700 0.125500 0.029600 0.019900 0.019900 0.071000 0.009700 0.115000 0.019900 0.050100 0.060500 0.061300 0.050200 0.081000 0.103600 0.092500 0.009800 0.009700 0.061300 0.030200 0.104000 0.092500 0.040200 0.081000 0.071000 0.009700 0.070300 0.000000 0.103900 0.030100 0.125100 0.070900 0.049500 0.050700 0.050500 0.019700 0.060100 0.114200 0.104000 0.081200 0.103900 0.092500 0.039900 0.029700 0.058000 0.050200 0.050100 0.092500 0.019500 0.029600
MuntiacusR 0.105800 0.322600 0.093300 0.173800 0.115200 0.105800 0.105400 0.161500 0.114400 0.009700 0.105800 0.138300 0.150000 0.151700 0.138900 0.172500 0.103900 0.114900 0.093600 0.114400 0.152000 0.117400 0.019700 0.030000 0.105300 0.172800 0.161900 0.114400 0.160600 0.103900 0.000000 0.117000 0.173600 0.161500 0.136500 0.139900 0.139400 0.104300 0.148900 0.050400 0.019800 0.173300 0.000000 0.030000 0.127100 0.115700 0.128700 0.116000 0.115800 0.114900 0.125600 0.115100
HarveysDui 0.030600 0.282600 0.040500 0.137400 0.040400 0.030600 0.010000 0.083100 0.040100 0.128500 0.030600 0.061600 0.072200 0.030200 0.061800 0.093400 0.116700 0.105300 0.020100 0.040100 0.073300 0.041200 0.117100 0.105200 0.051500 0.093400 0.083000 0.040100 0.082300 0.030100 0.117000 0.000000 0.138900 0.082900 0.060800 0.062400 0.062100 0.030200 0.071900 0.127600 0.117100 0.093700 0.117000 0.105200 0.051100 0.040600 0.062600 0.061700 0.061500 0.105200 0.050400 0.040300
Pronghorn 0.115900 0.264200 0.136400 0.149700 0.136900 0.115900 0.126900 0.171500 0.135600 0.185400 0.115900 0.148600 0.149000 0.150900 0.137900 0.194500 0.125700 0.114200 0.114700 0.135600 0.161600 0.127700 0.150000 0.161200 0.138400 0.170900 0.137500 0.135600 0.182100 0.125100 0.173600 0.138900 0.000000 0.160200 0.113400 0.162300 0.150300 0.125600 0.170000 0.161100 0.150000 0.171200 0.173600 0.161200 0.148800 0.137000 0.150300 0.161000 0.160000 0.161200 0.147000 0.136400
BlueWildeb 0.072200 0.289400 0.081700 0.184200 0.060700 0.072200 0.071900 0.103900 0.081000 0.150200 0.072200 0.082200 0.009800 0.093900 0.061100 0.092500 0.161100 0.149100 0.060900 0.081000 0.094100 0.083200 0.161700 0.149000 0.093600 0.092500 0.019700 0.081000 0.103100 0.070900 0.161500 0.082900 0.160200 0.000000 0.039700 0.105000 0.104600 0.050400 0.092400 0.172200 0.161700 0.114600 0.161500 0.149000 0.092900 0.082000 0.083400 0.082400 0.103600 0.149100 0.091700 0.081500
Gemsbok 0.050400 0.273900 0.059800 0.136100 0.039600 0.050400 0.050200 0.102400 0.059400 0.147800 0.050400 0.081000 0.029700 0.071500 0.039800 0.091100 0.136400 0.124900 0.039700 0.059400 0.092700 0.061000 0.136600 0.124800 0.071100 0.091100 0.039800 0.059400 0.101500 0.049500 0.136500 0.060800 0.113400 0.039700 0.000000 0.082100 0.081900 0.029500 0.090800 0.147300 0.136600 0.112700 0.136500 0.124800 0.070600 0.060100 0.082100 0.060400 0.080900 0.124800 0.069700 0.059700
Yak 0.051700 0.296300 0.061500 0.163400 0.061400 0.051700 0.051500 0.072500 0.060900 0.151600 0.051700 0.061800 0.094100 0.095500 0.083400 0.082700 0.139700 0.128100 0.040700 0.060900 0.073200 0.062600 0.140000 0.127900 0.073000 0.104300 0.105100 0.060900 0.093100 0.050700 0.139900 0.062400 0.162300 0.105000 0.082100 0.000000 0.062400 0.050900 0.061300 0.150700 0.140000 0.104700 0.139900 0.127900 0.020200 0.051100 0.073300 0.083200 0.061700 0.128000 0.071400 0.061200
BlueSheep 0.030500 0.280100 0.061200 0.162700 0.061200 0.030500 0.051300 0.061500 0.060600 0.150900 0.030500 0.061600 0.093800 0.095200 0.061700 0.093200 0.139400 0.127700 0.040500 0.060600 0.072900 0.041100 0.139500 0.127500 0.030500 0.114900 0.104800 0.060600 0.103600 0.050500 0.139400 0.062100 0.150300 0.104600 0.081900 0.062400 0.000000 0.050700 0.071800 0.127500 0.139400 0.115200 0.139400 0.127500 0.051100 0.061500 0.062100 0.083000 0.082700 0.127600 0.071100 0.061000
BohorReedb 0.020000 0.264000 0.029800 0.125900 0.009700 0.020000 0.020000 0.071200 0.029500 0.115500 0.020000 0.050300 0.040100 0.061500 0.030000 0.081400 0.104000 0.092600 0.009900 0.029500 0.061500 0.030300 0.104400 0.092800 0.040400 0.060500 0.050400 0.029500 0.070700 0.019700 0.104300 0.030200 0.125600 0.050400 0.029500 0.050900 0.050700 0.000000 0.060400 0.114700 0.104400 0.081600 0.104300 0.092800 0.040100 0.029900 0.051100 0.030000 0.050100 0.092500 0.039600 0.029700
KirksDik 0.061300 0.264000 0.070900 0.171500 0.070700 0.061300 0.061100 0.050400 0.070200 0.137800 0.061300 0.050400 0.103100 0.104600 0.092500 0.060300 0.148500 0.136800 0.050200 0.070200 0.060800 0.072100 0.149000 0.136600 0.082300 0.081200 0.114100 0.070200 0.070500 0.060100 0.148900 0.071900 0.170000 0.092400 0.090800 0.061300 0.071800 0.060400 0.000000 0.159300 0.149000 0.081500 0.148900 0.136600 0.040100 0.050200 0.051000 0.092400 0.092300 0.136800 0.080600 0.070500
RoeDeer 0.116300 0.318500 0.103500 0.184900 0.125700 0.116300 0.115800 0.148700 0.124700 0.060800 0.116300 0.148800 0.160900 0.162800 0.126900 0.182900 0.114300 0.125400 0.104000 0.124700 0.162300 0.128000 0.029900 0.039200 0.115900 0.182900 0.149100 0.124700 0.170800 0.114200 0.050400 0.127600 0.161100 0.172200 0.147300 0.150700 0.127500 0.114700 0.159300 0.000000 0.029900 0.183300 0.050400 0.039800 0.137600 0.126000 0.138900 0.126500 0.148700 0.125300 0.136000 0.125500
WhiteLippe 0.105800 0.308400 0.093400 0.173900 0.115400 0.105800 0.105500 0.161600 0.114500 0.029900 0.105800 0.138400 0.150200 0.151800 0.139100 0.172500 0.104000 0.115000 0.093700 0.114500 0.152100 0.117500 0.000000 0.030000 0.105400 0.172900 0.138500 0.114500 0.160700 0.104000 0.019800 0.117100 0.150000 0.161700 0.136600 0.140000 0.139400 0.104400 0.149000 0.029900 0.000000 0.173400 0.019800 0.030000 0.127200 0.115800 0.128800 0.116100 0.138400 0.115000 0.125700 0.115200
ThomsonGaz 0.082800 0.264800 0.092400 0.171700 0.092200 0.082800 0.082600 0.092800 0.091500 0.162000 0.082800 0.092800 0.125600 0.127200 0.114700 0.060500 0.148900 0.137100 0.071300 0.091500 0.083200 0.093900 0.173400 0.160100 0.104300 0.019400 0.136900 0.091500 0.070900 0.081200 0.173300 0.093700 0.171200 0.114600 0.112700 0.104700 0.115200 0.081600 0.081500 0.183300 0.173400 0.000000 0.173300 0.160100 0.081900 0.071300 0.072600 0.114700 0.092600 0.137000 0.102200 0.092000
MuntiacusC 0.105800 0.322600 0.093300 0.173800 0.115200 0.105800 0.105400 0.161500 0.114400 0.009800 0.105800 0.138300 0.150000 0.151700 0.138900 0.172500 0.103900 0.114900 0.093600 0.114400 0.152000 0.117400 0.019600 0.030000 0.105300 0.172800 0.161900 0.114400 0.160600 0.103900 0.000000 0.117000 0.173600 0.161500 0.136500 0.139900 0.139400 0.104300 0.148900 0.050400 0.019800 0.173300 0.000000 0.030000 0.127100 0.115700 0.128700 0.116000 0.115800 0.114900 0.125600 0.115100
WhiteTaile 0.094200 0.305500 0.082000 0.161300 0.103700 0.094200 0.093800 0.149000 0.102800 0.040200 0.094200 0.126300 0.137800 0.139500 0.126900 0.159600 0.092500 0.103300 0.082300 0.102800 0.139300 0.105600 0.030000 0.000000 0.093800 0.159700 0.149400 0.102800 0.147800 0.092500 0.030000 0.105200 0.161200 0.149000 0.124800 0.127900 0.127500 0.092800 0.136600 0.039800 0.030000 0.160100 0.030000 0.000000 0.115300 0.104000 0.116400 0.104300 0.126100 0.103300 0.113800 0.103500
Cattle 0.040700 0.265300 0.050400 0.149600 0.050300 0.040700 0.040600 0.050700 0.049900 0.138600 0.040700 0.050500 0.082000 0.083400 0.071800 0.060700 0.126800 0.115400 0.030000 0.049900 0.061800 0.051300 0.127200 0.115300 0.061500 0.081600 0.092700 0.049900 0.070900 0.039900 0.127100 0.051100 0.148800 0.092900 0.070600 0.020200 0.051100 0.040100 0.040100 0.137600 0.127200 0.081900 0.127100 0.115300 0.000000 0.030000 0.051300 0.071600 0.050600 0.115300 0.060200 0.050200
RoyalAntel 0.030300 0.252200 0.040100 0.137900 0.040000 0.030300 0.030200 0.060800 0.039700 0.127100 0.030300 0.061000 0.071400 0.072400 0.061100 0.070800 0.115400 0.104100 0.019900 0.039700 0.051200 0.040800 0.115800 0.104000 0.050900 0.071000 0.082100 0.039700 0.060400 0.029700 0.115700 0.040600 0.137000 0.082000 0.060100 0.051100 0.061500 0.029900 0.050200 0.126000 0.115800 0.071300 0.115700 0.104000 0.030000 0.000000 0.040800 0.061000 0.060900 0.104100 0.049900 0.039900
Steenbok 0.030700 0.230400 0.058400 0.172200 0.061500 0.030700 0.051700 0.040800 0.069100 0.117600 0.030700 0.061900 0.094100 0.095500 0.091700 0.072200 0.140100 0.128300 0.040800 0.069100 0.030900 0.041300 0.128800 0.116400 0.058700 0.072300 0.105200 0.069100 0.061500 0.058000 0.128700 0.062600 0.150300 0.083400 0.082100 0.073300 0.062100 0.051100 0.051000 0.138900 0.128800 0.072600 0.128700 0.116400 0.051300 0.040800 0.000000 0.083400 0.083400 0.128200 0.080000 0.069500
Impala 0.051100 0.306000 0.060800 0.161000 0.040100 0.051100 0.050900 0.103900 0.060300 0.127300 0.051100 0.082200 0.071700 0.094200 0.061300 0.114400 0.138500 0.126800 0.040200 0.060300 0.094100 0.061800 0.116100 0.104300 0.050900 0.092700 0.082500 0.060300 0.103200 0.050200 0.116000 0.061700 0.161000 0.082400 0.060400 0.083200 0.083000 0.030000 0.092400 0.126500 0.116100 0.114700 0.116000 0.104300 0.071600 0.061000 0.083400 0.000000 0.060900 0.126700 0.070800 0.060700
Klipspring 0.051000 0.278300 0.060700 0.137500 0.060400 0.051000 0.050800 0.103800 0.060100 0.127100 0.051000 0.082000 0.092800 0.094000 0.082200 0.092200 0.115200 0.103600 0.040100 0.060100 0.094200 0.061700 0.138500 0.126100 0.072000 0.114100 0.103700 0.060100 0.103000 0.050100 0.115800 0.061500 0.160000 0.103600 0.080900 0.061700 0.082700 0.050100 0.092300 0.148700 0.138400 0.092600 0.115800 0.126100 0.050600 0.060900 0.083400 0.060900 0.000000 0.103500 0.070500 0.060400
ForestMusk 0.094200 0.238700 0.103700 0.138100 0.103300 0.094200 0.093800 0.137500 0.102800 0.126100 0.094200 0.126300 0.137800 0.139600 0.126800 0.114100 0.092600 0.081400 0.082300 0.102800 0.139400 0.105600 0.115000 0.103300 0.116200 0.159700 0.149400 0.102800 0.147900 0.092500 0.114900 0.105200 0.161200 0.149100 0.124800 0.128000 0.127600 0.092500 0.136800 0.125300 0.115000 0.137000 0.114900 0.103300 0.115300 0.104100 0.128200 0.126700 0.103500 0.000000 0.113700 0.103400
Bushbuck 0.040100 0.287900 0.049200 0.147200 0.049700 0.040100 0.040000 0.091700 0.009600 0.136900 0.040100 0.070600 0.081100 0.082100 0.070800 0.101900 0.125100 0.113800 0.029600 0.009600 0.082100 0.050500 0.125800 0.113800 0.060600 0.101900 0.091800 0.009600 0.091000 0.019500 0.125600 0.050400 0.147000 0.091700 0.069700 0.071400 0.071100 0.039600 0.080600 0.136000 0.125700 0.102200 0.125600 0.113800 0.060200 0.049900 0.080000 0.070800 0.070500 0.113700 0.000000 0.029400
GreaterKud 0.030100 0.276300 0.039700 0.136700 0.039700 0.030100 0.030000 0.081600 0.019500 0.126400 0.030100 0.060500 0.071000 0.071800 0.040000 0.091700 0.114700 0.103400 0.019700 0.019500 0.071900 0.040400 0.115300 0.103500 0.050500 0.091700 0.081600 0.019300 0.080900 0.029600 0.115100 0.040300 0.136400 0.081500 0.059700 0.061200 0.061000 0.029700 0.070500 0.125500 0.115200 0.092000 0.115100 0.103500 0.050200 0.039900 0.069500 0.060700 0.060400 0.103400 0.029400 0.000000
