1
52 1
Argali 0.000000 0.261200 0.072300 0.219400 0.106900 0.013800 0.098700 0.077400 0.071400 0.065400 0.013700 0.094800 0.055700 0.115900 0.100900 0.071800 0.076700 0.085900 0.042900 0.071600 0.093300 0.057000 0.063100 0.078900 0.013700 0.063600 0.082500 0.086500 0.078400 0.071600 0.081400 0.112700 0.212500 0.055600 0.050000 0.101700 0.027300 0.090400 0.061900 0.092200 0.063100 0.047900 0.065400 0.122700 0.101700 0.056100 0.078100 0.056800 0.068200 0.056500 0.071600 0.086200
LesserMous 0.261200 0.000000 0.208000 0.256400 0.275400 0.281000 0.275600 0.241800 0.211800 0.230600 0.243800 0.203000 0.224800 0.289100 0.283500 0.248200 0.287900 0.265600 0.235000 0.206200 0.258800 0.274000 0.209200 0.227900 0.243800 0.225100 0.224000 0.187100 0.242100 0.211200 0.250600 0.285000 0.361100 0.224700 0.209500 0.222800 0.223000 0.257800 0.224900 0.241100 0.208600 0.229100 0.230600 0.276300 0.222800 0.225700 0.249400 0.230400 0.204400 0.195500 0.206200 0.223000
LesserKudu 0.072300 0.208000 0.000000 0.175400 0.082300 0.087900 0.074600 0.056900 0.028300 0.050800 0.057400 0.043300 0.042500 0.091100 0.088300 0.045300 0.087500 0.073000 0.044100 0.028600 0.072000 0.073500 0.016600 0.033400 0.057400 0.042600 0.067800 0.043200 0.057200 0.028600 0.067500 0.089300 0.159200 0.042300 0.028200 0.058400 0.071200 0.066800 0.042400 0.048200 0.016600 0.043200 0.050800 0.079300 0.058400 0.042700 0.057500 0.043000 0.020100 0.013800 0.028600 0.042800
KillerWhal 0.219400 0.256400 0.175400 0.000000 0.233800 0.237300 0.236800 0.167600 0.138200 0.211300 0.202700 0.171800 0.184500 0.210200 0.169600 0.171800 0.249100 0.221500 0.191800 0.173800 0.184000 0.234300 0.179900 0.191000 0.202700 0.151800 0.182400 0.190900 0.167900 0.183300 0.230400 0.241900 0.255300 0.184000 0.169300 0.189100 0.183100 0.217500 0.151700 0.204700 0.178900 0.154100 0.211300 0.204800 0.189100 0.185500 0.178500 0.172200 0.151200 0.154500 0.173800 0.189700
DefassaWat 0.106900 0.275400 0.082300 0.233800 0.000000 0.113000 0.084500 0.084000 0.085500 0.083200 0.082400 0.097500 0.068000 0.100600 0.114900 0.085900 0.097800 0.097500 0.068900 0.081600 0.098500 0.098200 0.054000 0.068300 0.082400 0.069700 0.069400 0.096900 0.084600 0.081000 0.098500 0.098600 0.208100 0.068100 0.052700 0.082300 0.095600 0.026700 0.069600 0.081100 0.054000 0.070800 0.083200 0.110400 0.082300 0.067700 0.084600 0.067700 0.079000 0.066700 0.081600 0.096400
Sheep 0.013800 0.281000 0.087900 0.237300 0.113000 0.000000 0.103500 0.085000 0.086600 0.081300 0.027600 0.101700 0.070400 0.120200 0.116700 0.087100 0.085700 0.101300 0.057900 0.087000 0.099800 0.071900 0.078900 0.094900 0.027600 0.070600 0.098400 0.102200 0.085300 0.087100 0.097500 0.118100 0.230800 0.070300 0.056400 0.117400 0.041300 0.097900 0.070500 0.108100 0.078900 0.056800 0.081300 0.139000 0.117400 0.070800 0.085700 0.071900 0.083800 0.071500 0.087000 0.101800
MaxwellsDu 0.098700 0.275600 0.074600 0.236800 0.084500 0.103500 0.000000 0.072500 0.073600 0.099700 0.072700 0.089100 0.057400 0.014400 0.104300 0.074200 0.103500 0.088400 0.059800 0.073800 0.087400 0.089300 0.066400 0.082300 0.072700 0.057700 0.085400 0.089200 0.072800 0.073800 0.116600 0.028500 0.218700 0.057300 0.043300 0.104900 0.086400 0.054600 0.057600 0.095600 0.066700 0.058700 0.099700 0.127200 0.104900 0.057700 0.073000 0.058600 0.070600 0.058200 0.073800 0.088800
GazellaPrz 0.077400 0.241800 0.056900 0.167600 0.084000 0.085000 0.072500 0.000000 0.027800 0.083800 0.055700 0.071000 0.041300 0.088400 0.085400 0.028000 0.085100 0.070600 0.042800 0.056500 0.041300 0.071200 0.058600 0.068300 0.055700 0.013600 0.068300 0.071100 0.027500 0.056500 0.099400 0.086900 0.167700 0.041300 0.027600 0.086000 0.069100 0.069800 0.013600 0.081400 0.058700 0.013800 0.083800 0.081500 0.086000 0.041500 0.027600 0.041900 0.052000 0.041800 0.056500 0.070800
MountainNy 0.071400 0.211800 0.028300 0.138200 0.085500 0.086600 0.073600 0.027800 0.000000 0.056100 0.056700 0.042700 0.042100 0.089800 0.087100 0.028500 0.086700 0.072000 0.043600 0.028100 0.042000 0.072500 0.029400 0.041000 0.056700 0.013900 0.070100 0.042500 0.027900 0.028200 0.071400 0.088100 0.137100 0.042000 0.028000 0.057600 0.070300 0.071000 0.013800 0.054500 0.029500 0.014100 0.056100 0.054500 0.057600 0.042200 0.028000 0.042700 0.022100 0.013900 0.028100 0.042200
MuntiacusM 0.065400 0.230600 0.050800 0.211300 0.083200 0.081300 0.099700 0.083800 0.056100 0.000000 0.080900 0.066500 0.066900 0.116400 0.115500 0.086100 0.113400 0.098000 0.052000 0.050500 0.098800 0.097800 0.026500 0.040500 0.080900 0.069800 0.069500 0.065900 0.084400 0.050100 0.013500 0.113600 0.143400 0.067000 0.050800 0.082700 0.094300 0.068900 0.069800 0.053500 0.026500 0.056100 0.000000 0.081600 0.082700 0.065900 0.084700 0.066800 0.044300 0.036800 0.050500 0.065400
goat 0.013700 0.243800 0.057400 0.202700 0.082400 0.027600 0.072700 0.055700 0.056700 0.080900 0.000000 0.071300 0.041500 0.088600 0.085900 0.057000 0.056200 0.071100 0.043100 0.056900 0.070100 0.042400 0.048400 0.064200 0.000000 0.041700 0.067900 0.071600 0.055900 0.056800 0.097000 0.087000 0.196200 0.041500 0.027700 0.086600 0.013600 0.067400 0.041600 0.077700 0.048500 0.042300 0.080900 0.107800 0.086600 0.041800 0.056200 0.042400 0.054000 0.042100 0.056900 0.071300
AfricanBuf 0.094800 0.203000 0.043300 0.171800 0.097500 0.101700 0.089100 0.071000 0.042700 0.066500 0.071300 0.000000 0.056400 0.105700 0.102400 0.072700 0.101800 0.086900 0.058600 0.043000 0.085900 0.087600 0.033900 0.049700 0.071300 0.056600 0.083200 0.057700 0.071200 0.043100 0.082800 0.103600 0.139400 0.056300 0.042500 0.042800 0.084900 0.082400 0.056500 0.063400 0.033900 0.057600 0.066500 0.093800 0.042800 0.056700 0.071700 0.057400 0.037400 0.028200 0.043000 0.057300
Topi 0.055700 0.224800 0.042500 0.184500 0.068000 0.070400 0.057400 0.041300 0.042100 0.066900 0.041500 0.056400 0.000000 0.072900 0.071100 0.042400 0.041600 0.027700 0.028300 0.042300 0.055500 0.056600 0.035300 0.050800 0.041500 0.027500 0.027400 0.056700 0.041500 0.042300 0.082700 0.071600 0.184000 0.000000 0.013600 0.071200 0.054900 0.053400 0.027400 0.064300 0.035300 0.027900 0.066900 0.094000 0.071200 0.027500 0.041600 0.027700 0.037700 0.027700 0.042300 0.056400
CommonDuik 0.115900 0.289100 0.091100 0.210200 0.100600 0.120200 0.014400 0.088400 0.089800 0.116400 0.088600 0.105700 0.072900 0.000000 0.089300 0.090500 0.120200 0.104800 0.076000 0.090100 0.103600 0.105900 0.082400 0.098600 0.088600 0.073300 0.102500 0.105800 0.088800 0.090200 0.133900 0.043400 0.219600 0.072800 0.058700 0.121900 0.102400 0.070400 0.073200 0.111800 0.082400 0.074600 0.116400 0.144200 0.121900 0.073300 0.089100 0.074400 0.086600 0.074000 0.090100 0.105200
Suni 0.100900 0.283500 0.088300 0.169600 0.114900 0.116700 0.104300 0.085400 0.087100 0.115500 0.085900 0.102400 0.071100 0.089300 0.000000 0.078800 0.106500 0.092000 0.073600 0.087600 0.100400 0.102500 0.083400 0.099000 0.085900 0.071000 0.100000 0.102900 0.085800 0.087700 0.132100 0.118800 0.205200 0.070900 0.056700 0.118000 0.099400 0.100200 0.070900 0.112000 0.083500 0.072300 0.115500 0.142800 0.118000 0.071000 0.086200 0.057400 0.083100 0.071900 0.087600 0.102100
Springbuck 0.071800 0.248200 0.045300 0.171800 0.085900 0.087100 0.074200 0.028000 0.028500 0.086100 0.057000 0.072700 0.042400 0.090500 0.078800 0.000000 0.076900 0.072400 0.043900 0.058000 0.042300 0.072900 0.060300 0.070300 0.057000 0.014000 0.070500 0.072900 0.028100 0.044700 0.102100 0.088600 0.173200 0.042300 0.028200 0.088100 0.070700 0.071400 0.013900 0.083600 0.060400 0.014200 0.086100 0.083800 0.088100 0.042500 0.028300 0.043100 0.054400 0.042900 0.058000 0.060100
Okapi 0.076700 0.287900 0.087500 0.249100 0.097800 0.085700 0.103500 0.085100 0.086700 0.113400 0.056200 0.101800 0.041600 0.120200 0.106500 0.076900 0.000000 0.041700 0.072900 0.086800 0.100000 0.057000 0.080800 0.096700 0.056200 0.070700 0.070600 0.102000 0.085500 0.086800 0.129900 0.117900 0.236700 0.041500 0.056200 0.117300 0.069600 0.082800 0.070600 0.110000 0.080700 0.071800 0.113400 0.140900 0.117300 0.070600 0.085900 0.071600 0.081400 0.071300 0.086800 0.101400
Giraffe 0.085900 0.265600 0.073000 0.221500 0.097500 0.101300 0.088400 0.070600 0.072000 0.098000 0.071100 0.086900 0.027700 0.104800 0.092000 0.072400 0.041700 0.000000 0.058300 0.072300 0.085300 0.072100 0.050500 0.081200 0.071100 0.056300 0.052500 0.087400 0.070900 0.072400 0.114300 0.102900 0.209700 0.027700 0.042200 0.102300 0.084700 0.082500 0.056300 0.094400 0.050500 0.057200 0.098000 0.125000 0.102300 0.056400 0.071200 0.057300 0.068500 0.057100 0.072300 0.087000
TibetanAnt 0.042900 0.235000 0.044100 0.191800 0.068900 0.057900 0.059800 0.042800 0.043600 0.052000 0.043100 0.058600 0.028300 0.076000 0.073600 0.043900 0.072900 0.058300 0.000000 0.043800 0.057600 0.058800 0.034300 0.018500 0.043100 0.028400 0.053800 0.058800 0.043000 0.043700 0.068500 0.074500 0.175400 0.028300 0.014100 0.074000 0.057000 0.053400 0.028300 0.064700 0.034300 0.028500 0.052000 0.065000 0.074000 0.028500 0.043200 0.028800 0.039300 0.028700 0.043800 0.058500
Sitatunga 0.071600 0.206200 0.028600 0.173800 0.081600 0.087000 0.073800 0.056500 0.028100 0.050500 0.056900 0.043000 0.042300 0.090100 0.087600 0.058000 0.086800 0.072300 0.043800 0.000000 0.071300 0.072800 0.017800 0.033600 0.056900 0.042300 0.067800 0.014000 0.056700 0.000100 0.066900 0.088500 0.157300 0.042100 0.028100 0.057900 0.070600 0.066300 0.042200 0.048000 0.017800 0.042900 0.050500 0.078600 0.057900 0.042300 0.057000 0.042700 0.020400 0.014100 0.000000 0.013900
Oribi 0.093300 0.258800 0.072000 0.184000 0.098500 0.099800 0.087400 0.041300 0.042000 0.098800 0.070100 0.085900 0.055500 0.103600 0.100400 0.042300 0.100000 0.085300 0.057600 0.071300 0.000000 0.086000 0.074200 0.083000 0.070100 0.027500 0.083400 0.086100 0.041500 0.071400 0.114700 0.101600 0.187000 0.055500 0.041800 0.101000 0.083400 0.084200 0.027400 0.096000 0.074300 0.027900 0.098800 0.096200 0.101000 0.055700 0.041600 0.056500 0.067400 0.056200 0.071300 0.085700
BarbaryShe 0.057000 0.274000 0.073500 0.234300 0.098200 0.071900 0.089300 0.071200 0.072500 0.097800 0.042400 0.087600 0.056600 0.105900 0.102500 0.072900 0.057000 0.072100 0.058800 0.072800 0.086000 0.000000 0.064700 0.080700 0.042400 0.056800 0.083500 0.087900 0.071500 0.072900 0.114400 0.103800 0.216500 0.056500 0.042500 0.103300 0.056100 0.083000 0.056700 0.094100 0.064400 0.057700 0.097800 0.125000 0.103300 0.056900 0.071800 0.057700 0.068900 0.057400 0.072800 0.087500
Daviddeer 0.063100 0.209200 0.016600 0.179900 0.054000 0.078900 0.066400 0.058600 0.029400 0.026500 0.048400 0.033900 0.035300 0.082400 0.083400 0.060300 0.080800 0.050500 0.034300 0.017800 0.074200 0.064700 0.000000 0.013000 0.048400 0.044200 0.040200 0.033600 0.058900 0.017500 0.040400 0.080600 0.140500 0.035500 0.017700 0.050100 0.062200 0.040100 0.044900 0.025900 0.000000 0.044700 0.026500 0.052600 0.050100 0.033800 0.059100 0.033500 0.017800 0.000600 0.017800 0.032800
Reindeer 0.078900 0.227900 0.033400 0.191000 0.068300 0.094900 0.082300 0.068300 0.041000 0.040500 0.064200 0.049700 0.050800 0.098600 0.099000 0.070300 0.096700 0.081200 0.018500 0.033600 0.083000 0.080700 0.013000 0.000000 0.064200 0.054500 0.054400 0.049200 0.069000 0.033200 0.054800 0.096200 0.157200 0.050900 0.033900 0.065900 0.077800 0.054200 0.054600 0.039600 0.012900 0.055300 0.040500 0.039400 0.065900 0.049700 0.069100 0.049700 0.024200 0.019200 0.033600 0.048600
Ibex 0.013700 0.243800 0.057400 0.202700 0.082400 0.027600 0.072700 0.055700 0.056700 0.080900 0.000000 0.071300 0.041500 0.088600 0.085900 0.057000 0.056200 0.071100 0.043100 0.056900 0.070100 0.042400 0.048400 0.064200 0.000000 0.041700 0.067900 0.071600 0.055900 0.056800 0.097000 0.087000 0.196200 0.041500 0.027700 0.086600 0.013600 0.067400 0.041600 0.077700 0.048500 0.042300 0.080900 0.107800 0.086600 0.041800 0.056200 0.042400 0.054000 0.042100 0.056900 0.071300
GyrantGaze 0.063600 0.225100 0.042600 0.151800 0.069700 0.070600 0.057700 0.013600 0.013900 0.069800 0.041700 0.056600 0.027500 0.073300 0.071000 0.014000 0.070700 0.056300 0.028400 0.042300 0.027500 0.056800 0.044200 0.054500 0.041700 0.000000 0.054300 0.056700 0.013700 0.042300 0.085100 0.071900 0.152700 0.027400 0.013800 0.071500 0.055100 0.055600 0.000100 0.067700 0.044300 0.000000 0.069800 0.067800 0.071500 0.027600 0.013800 0.027900 0.038300 0.027800 0.042300 0.056400
Hartebeest 0.082500 0.224000 0.067800 0.182400 0.069400 0.098400 0.085400 0.068300 0.070100 0.069500 0.067900 0.083200 0.027400 0.102500 0.100000 0.070500 0.070600 0.052500 0.053800 0.067800 0.083400 0.083500 0.040200 0.054400 0.067900 0.054300 0.000000 0.083000 0.068900 0.067100 0.084800 0.100200 0.192100 0.027400 0.037700 0.098900 0.081300 0.055300 0.053700 0.067600 0.040200 0.055000 0.069500 0.096400 0.098900 0.053000 0.068900 0.052900 0.064300 0.051900 0.067800 0.082000
Bongo 0.086500 0.187100 0.043200 0.190900 0.096900 0.102200 0.089200 0.071100 0.042500 0.065900 0.071600 0.057700 0.056700 0.105800 0.102900 0.072900 0.102000 0.087400 0.058800 0.014000 0.086100 0.087900 0.033600 0.049200 0.071600 0.056700 0.083000 0.000000 0.071400 0.014000 0.082300 0.103900 0.173900 0.056600 0.042500 0.072800 0.085300 0.081600 0.056700 0.063100 0.033600 0.057700 0.065900 0.093800 0.072800 0.056900 0.071700 0.057600 0.036400 0.028400 0.014000 0.028100
Gerenuk 0.078400 0.242100 0.057200 0.167900 0.084600 0.085300 0.072800 0.027500 0.027900 0.084400 0.055900 0.071200 0.041500 0.088800 0.085800 0.028100 0.085500 0.070900 0.043000 0.056700 0.041500 0.071500 0.058900 0.069000 0.055900 0.013700 0.068900 0.071400 0.000000 0.056800 0.100100 0.087000 0.168900 0.041400 0.027700 0.086400 0.069300 0.070200 0.013700 0.082000 0.059100 0.013900 0.084400 0.082300 0.086400 0.041700 0.027700 0.042200 0.052800 0.042000 0.056700 0.071000
CommonElan 0.071600 0.211200 0.028600 0.183300 0.081000 0.087100 0.073800 0.056500 0.028200 0.050100 0.056800 0.043100 0.042300 0.090200 0.087700 0.044700 0.086800 0.072400 0.043700 0.000100 0.071400 0.072900 0.017500 0.033200 0.056800 0.042300 0.067100 0.014000 0.056800 0.000000 0.066600 0.088600 0.157000 0.042100 0.028100 0.058000 0.070600 0.065600 0.042200 0.047700 0.017500 0.042900 0.050100 0.078400 0.058000 0.042300 0.057100 0.042500 0.019500 0.014200 0.000100 0.013900
MuntiacusR 0.081400 0.250600 0.067500 0.230400 0.098500 0.097500 0.116600 0.099400 0.071400 0.013500 0.097000 0.082800 0.082700 0.133900 0.132100 0.102100 0.129900 0.114300 0.068500 0.066900 0.114700 0.114400 0.040400 0.054800 0.097000 0.085100 0.084800 0.082300 0.100100 0.066600 0.000000 0.130700 0.160000 0.082700 0.066800 0.099100 0.110400 0.084000 0.085100 0.067800 0.040400 0.071300 0.013500 0.096600 0.099100 0.081800 0.100400 0.083000 0.061400 0.052800 0.066900 0.081800
HarveysDui 0.112700 0.285000 0.089300 0.241900 0.098600 0.118100 0.028500 0.086900 0.088100 0.113600 0.087000 0.103600 0.071600 0.043400 0.118800 0.088600 0.117900 0.102900 0.074500 0.088500 0.101600 0.103800 0.080600 0.096200 0.087000 0.071900 0.100200 0.103900 0.087000 0.088600 0.130700 0.000000 0.232900 0.071500 0.057500 0.119500 0.100600 0.068700 0.071700 0.109300 0.080600 0.073100 0.113600 0.141000 0.119500 0.072000 0.087200 0.073000 0.084600 0.072700 0.088500 0.103300
Pronghorn 0.212500 0.361100 0.159200 0.255300 0.208100 0.230800 0.218700 0.167700 0.137100 0.143400 0.196200 0.139400 0.184000 0.219600 0.205200 0.173200 0.236700 0.209700 0.175400 0.157300 0.187000 0.216500 0.140500 0.157200 0.196200 0.152700 0.192100 0.173900 0.168900 0.157000 0.160000 0.232900 0.000000 0.184400 0.161500 0.190700 0.208900 0.190800 0.153000 0.139800 0.140500 0.154400 0.143400 0.170500 0.190700 0.178300 0.171600 0.181000 0.161200 0.139500 0.157300 0.173300
BlueWildeb 0.055600 0.224700 0.042300 0.184000 0.068100 0.070300 0.057300 0.041300 0.042000 0.067000 0.041500 0.056300 0.000000 0.072800 0.070900 0.042300 0.041500 0.027700 0.028300 0.042100 0.055500 0.056500 0.035500 0.050900 0.041500 0.027400 0.027400 0.056600 0.041400 0.042100 0.082700 0.071500 0.184400 0.000000 0.013600 0.071100 0.054900 0.053500 0.027400 0.064400 0.035500 0.027900 0.067000 0.094000 0.071100 0.027400 0.041600 0.027700 0.038200 0.027600 0.042100 0.056200
Gemsbok 0.050000 0.209500 0.028200 0.169300 0.052700 0.056400 0.043300 0.027600 0.028000 0.050800 0.027700 0.042500 0.013600 0.058700 0.056700 0.028200 0.056200 0.042200 0.014100 0.028100 0.041800 0.042500 0.017700 0.033900 0.027700 0.013800 0.037700 0.042500 0.027700 0.028100 0.066800 0.057500 0.161500 0.013600 0.000000 0.057000 0.041300 0.037400 0.013700 0.048000 0.017700 0.014000 0.050800 0.077900 0.057000 0.013700 0.027900 0.013800 0.023800 0.013800 0.028100 0.042200
Yak 0.101700 0.222800 0.058400 0.189100 0.082300 0.117400 0.104900 0.086000 0.057600 0.082700 0.086600 0.042800 0.071200 0.121900 0.118000 0.088100 0.117300 0.102300 0.074000 0.057900 0.101000 0.103300 0.050100 0.065900 0.086600 0.071500 0.098900 0.072800 0.086400 0.058000 0.099100 0.119500 0.190700 0.071100 0.057000 0.000000 0.100100 0.098400 0.071400 0.079400 0.050100 0.072600 0.082700 0.109900 0.000000 0.071600 0.086900 0.072600 0.053800 0.042700 0.057900 0.072500
BlueSheep 0.027300 0.223000 0.071200 0.183100 0.095600 0.041300 0.086400 0.069100 0.070300 0.094300 0.013600 0.084900 0.054900 0.102400 0.099400 0.070700 0.069600 0.084700 0.057000 0.070600 0.083400 0.056100 0.062200 0.077800 0.013600 0.055100 0.081300 0.085300 0.069300 0.070600 0.110400 0.100600 0.208900 0.054900 0.041300 0.100100 0.000000 0.080900 0.055000 0.090900 0.062200 0.055900 0.094300 0.121200 0.100100 0.055300 0.069600 0.056000 0.067300 0.055700 0.070600 0.084900
BohorReedb 0.090400 0.257800 0.066800 0.217500 0.026700 0.097900 0.054600 0.069800 0.071000 0.068900 0.067400 0.082400 0.053400 0.070400 0.100200 0.071400 0.082800 0.082500 0.053400 0.066300 0.084200 0.083000 0.040100 0.054200 0.067400 0.055600 0.055300 0.081600 0.070200 0.065600 0.084000 0.068700 0.190800 0.053500 0.037400 0.098400 0.080900 0.000000 0.055500 0.067000 0.040200 0.056500 0.068900 0.096100 0.098400 0.052600 0.070300 0.052400 0.063500 0.051500 0.066300 0.081100
KirksDik 0.061900 0.224900 0.042400 0.151700 0.069600 0.070500 0.057600 0.013600 0.013800 0.069800 0.041600 0.056500 0.027400 0.073200 0.070900 0.013900 0.070600 0.056300 0.028300 0.042200 0.027400 0.056700 0.044900 0.054600 0.041600 0.000100 0.053700 0.056700 0.013700 0.042200 0.085100 0.071700 0.153000 0.027400 0.013700 0.071400 0.055000 0.055500 0.000000 0.067800 0.045000 0.000100 0.069800 0.067800 0.071400 0.027500 0.013700 0.027700 0.037400 0.027700 0.042200 0.056300
RoeDeer 0.092200 0.241100 0.048200 0.204700 0.081100 0.108100 0.095600 0.081400 0.054500 0.053500 0.077700 0.063400 0.064300 0.111800 0.112000 0.083600 0.110000 0.094400 0.064700 0.048000 0.096000 0.094100 0.025900 0.039600 0.077700 0.067700 0.067600 0.063100 0.082000 0.047700 0.067800 0.109300 0.139800 0.064400 0.048000 0.079400 0.090900 0.067000 0.067800 0.000000 0.025900 0.068700 0.053500 0.052300 0.079400 0.062900 0.082300 0.063600 0.040100 0.034300 0.048000 0.062600
WhiteLippe 0.063100 0.208600 0.016600 0.178900 0.054000 0.078900 0.066700 0.058700 0.029500 0.026500 0.048500 0.033900 0.035300 0.082400 0.083500 0.060400 0.080700 0.050500 0.034300 0.017800 0.074300 0.064400 0.000000 0.012900 0.048500 0.044300 0.040200 0.033600 0.059100 0.017500 0.040400 0.080600 0.140500 0.035500 0.017700 0.050100 0.062200 0.040200 0.045000 0.025900 0.000000 0.044800 0.026500 0.052600 0.050100 0.033800 0.059000 0.033500 0.017800 0.000600 0.017800 0.032800
ThomsonGaz 0.047900 0.229100 0.043200 0.154100 0.070800 0.056800 0.058700 0.013800 0.014100 0.056100 0.042300 0.057600 0.027900 0.074600 0.072300 0.014200 0.071800 0.057200 0.028500 0.042900 0.027900 0.057700 0.044700 0.055300 0.042300 0.000000 0.055000 0.057700 0.013900 0.042900 0.071300 0.073100 0.154400 0.027900 0.014000 0.072600 0.055900 0.056500 0.000100 0.068700 0.044800 0.000000 0.056100 0.068800 0.072600 0.028000 0.014000 0.028300 0.038600 0.028200 0.042900 0.057300
MuntiacusC 0.065400 0.230600 0.050800 0.211300 0.083200 0.081300 0.099700 0.083800 0.056100 0.000000 0.080900 0.066500 0.066900 0.116400 0.115500 0.086100 0.113400 0.098000 0.052000 0.050500 0.098800 0.097800 0.026500 0.040500 0.080900 0.069800 0.069500 0.065900 0.084400 0.050100 0.013500 0.113600 0.143400 0.067000 0.050800 0.082700 0.094300 0.068900 0.069800 0.053500 0.026500 0.056100 0.000000 0.081600 0.082700 0.065900 0.084700 0.066800 0.044300 0.036800 0.050500 0.065400
WhiteTaile 0.122700 0.276300 0.079300 0.204800 0.110400 0.139000 0.127200 0.081500 0.054500 0.081600 0.107800 0.093800 0.094000 0.144200 0.142800 0.083800 0.140900 0.125000 0.065000 0.078600 0.096200 0.125000 0.052600 0.039400 0.107800 0.067800 0.096400 0.093800 0.082300 0.078400 0.096600 0.141000 0.170500 0.094000 0.077900 0.109900 0.121200 0.096100 0.067800 0.052300 0.052600 0.068800 0.081600 0.000000 0.109900 0.092800 0.082500 0.094000 0.071700 0.064400 0.078600 0.093200
Cattle 0.101700 0.222800 0.058400 0.189100 0.082300 0.117400 0.104900 0.086000 0.057600 0.082700 0.086600 0.042800 0.071200 0.121900 0.118000 0.088100 0.117300 0.102300 0.074000 0.057900 0.101000 0.103300 0.050100 0.065900 0.086600 0.071500 0.098900 0.072800 0.086400 0.058000 0.099100 0.119500 0.190700 0.071100 0.057000 0.000000 0.100100 0.098400 0.071400 0.079400 0.050100 0.072600 0.082700 0.109900 0.000000 0.071600 0.086900 0.072600 0.053800 0.042700 0.057900 0.072500
RoyalAntel 0.056100 0.225700 0.042700 0.185500 0.067700 0.070800 0.057700 0.041500 0.042200 0.065900 0.041800 0.056700 0.027500 0.073300 0.071000 0.042500 0.070600 0.056400 0.028500 0.042300 0.055700 0.056900 0.033800 0.049700 0.041800 0.027600 0.053000 0.056900 0.041700 0.042300 0.081800 0.072000 0.178300 0.027400 0.013700 0.071600 0.055300 0.052600 0.027500 0.062900 0.033800 0.028000 0.065900 0.092800 0.071600 0.000000 0.041800 0.028000 0.039400 0.027800 0.042300 0.056600
Steenbok 0.078100 0.249400 0.057500 0.178500 0.084600 0.085700 0.073000 0.027600 0.028000 0.084700 0.056200 0.071700 0.041600 0.089100 0.086200 0.028300 0.085900 0.071200 0.043200 0.057000 0.041600 0.071800 0.059100 0.069100 0.056200 0.013800 0.068900 0.071700 0.027700 0.057100 0.100400 0.087200 0.171600 0.041600 0.027900 0.086900 0.069600 0.070300 0.013700 0.082300 0.059000 0.014000 0.084700 0.082500 0.086900 0.041800 0.000000 0.042300 0.052400 0.042200 0.057000 0.071400
Impala 0.056800 0.230400 0.043000 0.172200 0.067700 0.071900 0.058600 0.041900 0.042700 0.066800 0.042400 0.057400 0.027700 0.074400 0.057400 0.043100 0.071600 0.057300 0.028800 0.042700 0.056500 0.057700 0.033500 0.049700 0.042400 0.027900 0.052900 0.057600 0.042200 0.042500 0.083000 0.073000 0.181000 0.027700 0.013800 0.072600 0.056000 0.052400 0.027700 0.063600 0.033500 0.028300 0.066800 0.094000 0.072600 0.028000 0.042300 0.000000 0.038700 0.028200 0.042700 0.057200
Klipspring 0.068200 0.204400 0.020100 0.151200 0.079000 0.083800 0.070600 0.052000 0.022100 0.044300 0.054000 0.037400 0.037700 0.086600 0.083100 0.054400 0.081400 0.068500 0.039300 0.020400 0.067400 0.068900 0.017800 0.024200 0.054000 0.038300 0.064300 0.036400 0.052800 0.019500 0.061400 0.084600 0.161200 0.038200 0.023800 0.053800 0.067300 0.063500 0.037400 0.040100 0.017800 0.038600 0.044300 0.071700 0.053800 0.039400 0.052400 0.038700 0.000000 0.000300 0.020400 0.036000
ForestMusk 0.056500 0.195500 0.013800 0.154500 0.066700 0.071500 0.058200 0.041800 0.013900 0.036800 0.042100 0.028200 0.027700 0.074000 0.071900 0.042900 0.071300 0.057100 0.028700 0.014100 0.056200 0.057400 0.000600 0.019200 0.042100 0.027800 0.051900 0.028400 0.042000 0.014200 0.052800 0.072700 0.139500 0.027600 0.013800 0.042700 0.055700 0.051500 0.027700 0.034300 0.000600 0.028200 0.036800 0.064400 0.042700 0.027800 0.042200 0.028200 0.000300 0.000000 0.014100 0.028100
Bushbuck 0.071600 0.206200 0.028600 0.173800 0.081600 0.087000 0.073800 0.056500 0.028100 0.050500 0.056900 0.043000 0.042300 0.090100 0.087600 0.058000 0.086800 0.072300 0.043800 0.000000 0.071300 0.072800 0.017800 0.033600 0.056900 0.042300 0.067800 0.014000 0.056700 0.000100 0.066900 0.088500 0.157300 0.042100 0.028100 0.057900 0.070600 0.066300 0.042200 0.048000 0.017800 0.042900 0.050500 0.078600 0.057900 0.042300 0.057000 0.042700 0.020400 0.014100 0.000000 0.013900
GreaterKud 0.086200 0.223000 0.042800 0.189700 0.096400 0.101800 0.088800 0.070800 0.042200 0.065400 0.071300 0.057300 0.056400 0.105200 0.102100 0.060100 0.101400 0.087000 0.058500 0.013900 0.085700 0.087500 0.032800 0.048600 0.071300 0.056400 0.082000 0.028100 0.071000 0.013900 0.081800 0.103300 0.173300 0.056200 0.042200 0.072500 0.084900 0.081100 0.056300 0.062600 0.032800 0.057300 0.065400 0.093200 0.072500 0.056600 0.071400 0.057200 0.036000 0.028100 0.013900 0.000000
