CODONML (in paml version 4.10.7, June 2023)  /home/rachel/ruminants_paml/6406-phy-tree/ENSBTAT00000043362.fasta.phy
Model: free dN/dS Ratios for branches,  kappa = 2.000 fixed

Codon frequency model: F3x4
ns =  54  ls =  42

Codon usage in sequences
--------------------------------------------------------------------------------------------------------------------------------------
Phe TTT   0   1   0   0   0   0 | Ser TCT   1   1   1   1   1   1 | Tyr TAT   0   1   0   0   0   0 | Cys TGT   2   2   2   2   2   2
    TTC   1   0   1   1   1   1 |     TCC   0   0   0   0   0   0 |     TAC   1   0   1   1   1   1 |     TGC   1   1   1   1   1   1
Leu TTA   1   1   1   1   1   1 |     TCA   0   0   0   0   0   0 | *** TAA   0   0   0   0   0   0 | *** TGA   0   0   0   0   0   0
    TTG   0   0   0   0   0   0 |     TCG   0   0   0   0   0   0 |     TAG   0   0   0   0   0   0 | Trp TGG   0   0   0   0   0   0
--------------------------------------------------------------------------------------------------------------------------------------
Leu CTT   0   0   0   0   1   0 | Pro CCT   0   0   0   0   0   0 | His CAT   3   2   3   3   2   2 | Arg CGT   0   0   0   0   0   0
    CTC   2   0   2   2   1   1 |     CCC   1   1   1   1   1   1 |     CAC   2   3   2   2   3   3 |     CGC   0   0   0   0   0   0
    CTA   2   2   1   2   2   1 |     CCA   1   1   1   1   0   1 | Gln CAA   1   1   1   1   1   1 |     CGA   0   0   0   0   0   1
    CTG   1   2   1   1   0   1 |     CCG   0   0   0   0   1   0 |     CAG   0   0   0   0   0   0 |     CGG   1   1   1   1   1   1
--------------------------------------------------------------------------------------------------------------------------------------
Ile ATT   0   0   0   0   0   0 | Thr ACT   0   0   0   0   0   0 | Asn AAT   0   1   0   0   1   1 | Ser AGT   1   1   1   1   1   1
    ATC   0   0   0   0   0   0 |     ACC   0   0   0   0   0   0 |     AAC   1   0   1   1   0   0 |     AGC   1   1   1   1   1   1
    ATA   0   0   1   0   0   0 |     ACA   0   0   0   0   0   0 | Lys AAA   4   4   4   4   4   4 | Arg AGA   1   1   1   1   1   1
Met ATG   1   1   1   1   1   1 |     ACG   0   0   0   0   0   0 |     AAG   3   2   2   2   2   2 |     AGG   1   2   2   2   2   2
--------------------------------------------------------------------------------------------------------------------------------------
Val GTT   0   0   0   0   0   0 | Ala GCT   0   0   0   0   0   1 | Asp GAT   2   2   2   2   3   2 | Gly GGT   1   1   1   1   1   0
    GTC   0   1   0   0   1   1 |     GCC   1   1   1   1   1   0 |     GAC   1   1   1   1   0   1 |     GGC   1   1   1   1   1   2
    GTA   0   0   0   0   0   0 |     GCA   0   0   0   0   0   0 | Glu GAA   2   2   2   2   2   2 |     GGA   0   0   0   0   0   0
    GTG   0   0   0   0   0   0 |     GCG   0   0   0   0   0   0 |     GAG   0   0   0   0   0   0 |     GGG   0   0   0   0   0   0
--------------------------------------------------------------------------------------------------------------------------------------

--------------------------------------------------------------------------------------------------------------------------------------
Phe TTT   0   0   1   1   0   0 | Ser TCT   1   1   1   1   1   1 | Tyr TAT   0   0   0   0   0   1 | Cys TGT   2   2   1   3   2   2
    TTC   1   1   1   0   1   1 |     TCC   0   0   0   0   0   0 |     TAC   1   1   0   1   1   0 |     TGC   1   1   2   0   1   1
Leu TTA   1   1   1   1   1   2 |     TCA   0   0   0   0   0   0 | *** TAA   0   0   0   0   0   0 | *** TGA   0   0   0   0   0   0
    TTG   0   0   0   0   0   0 |     TCG   0   0   0   0   0   0 |     TAG   0   0   0   0   0   0 | Trp TGG   0   0   0   0   0   0
--------------------------------------------------------------------------------------------------------------------------------------
Leu CTT   0   0   0   0   0   0 | Pro CCT   0   0   0   0   0   0 | His CAT   3   3   3   3   3   4 | Arg CGT   0   0   0   0   0   0
    CTC   2   2   2   2   2   2 |     CCC   1   1   1   1   1   1 |     CAC   2   2   3   2   2   2 |     CGC   0   0   0   0   0   0
    CTA   2   2   2   2   1   1 |     CCA   1   1   1   1   1   1 | Gln CAA   1   1   1   1   1   0 |     CGA   0   0   0   0   0   0
    CTG   1   1   1   1   1   1 |     CCG   0   0   0   0   0   0 |     CAG   0   0   0   0   0   0 |     CGG   1   1   2   1   1   1
--------------------------------------------------------------------------------------------------------------------------------------
Ile ATT   0   0   0   0   0   0 | Thr ACT   0   0   0   0   0   0 | Asn AAT   0   0   0   0   0   0 | Ser AGT   1   1   1   1   1   1
    ATC   0   0   0   0   0   0 |     ACC   0   0   0   0   0   0 |     AAC   2   1   0   1   1   1 |     AGC   0   1   1   1   1   1
    ATA   0   0   0   0   1   0 |     ACA   0   0   0   0   0   0 | Lys AAA   4   4   4   4   4   4 | Arg AGA   1   1   1   1   1   1
Met ATG   1   1   1   1   1   1 |     ACG   0   0   0   0   0   0 |     AAG   2   3   2   2   2   2 |     AGG   2   1   1   2   2   2
--------------------------------------------------------------------------------------------------------------------------------------
Val GTT   0   0   0   0   0   0 | Ala GCT   0   0   0   0   0   0 | Asp GAT   2   2   2   2   2   2 | Gly GGT   1   1   1   1   1   1
    GTC   0   0   0   0   0   0 |     GCC   1   1   1   1   1   1 |     GAC   1   1   1   1   1   1 |     GGC   1   1   1   1   1   1
    GTA   0   0   0   0   0   0 |     GCA   0   0   0   0   0   0 | Glu GAA   2   2   2   2   2   2 |     GGA   0   0   0   0   0   0
    GTG   0   0   0   0   0   0 |     GCG   0   0   0   0   0   0 |     GAG   0   0   0   0   0   0 |     GGG   0   0   0   0   0   0
--------------------------------------------------------------------------------------------------------------------------------------

--------------------------------------------------------------------------------------------------------------------------------------
Phe TTT   0   0   0   0   0   0 | Ser TCT   1   1   1   1   1   1 | Tyr TAT   0   0   0   0   0   0 | Cys TGT   2   2   2   2   2   2
    TTC   1   1   1   1   1   1 |     TCC   0   0   0   0   0   0 |     TAC   1   1   1   1   1   1 |     TGC   1   1   1   1   1   1
Leu TTA   1   1   1   1   1   1 |     TCA   0   0   0   0   0   0 | *** TAA   0   0   0   0   0   0 | *** TGA   0   0   0   0   0   0
    TTG   0   0   0   0   0   0 |     TCG   0   0   0   0   0   0 |     TAG   0   0   0   0   0   0 | Trp TGG   0   0   0   0   0   0
--------------------------------------------------------------------------------------------------------------------------------------
Leu CTT   0   0   0   0   0   0 | Pro CCT   0   0   0   0   0   0 | His CAT   3   3   3   3   3   3 | Arg CGT   0   0   0   0   0   0
    CTC   2   2   2   2   2   2 |     CCC   1   1   1   1   1   1 |     CAC   2   2   2   2   2   2 |     CGC   0   0   0   0   0   0
    CTA   2   2   2   2   2   2 |     CCA   1   1   1   1   1   1 | Gln CAA   1   1   1   1   1   1 |     CGA   0   0   0   0   0   0
    CTG   1   1   1   1   1   1 |     CCG   0   0   0   0   0   0 |     CAG   0   0   0   0   0   0 |     CGG   1   1   1   1   1   1
--------------------------------------------------------------------------------------------------------------------------------------
Ile ATT   0   0   0   0   0   0 | Thr ACT   0   0   0   0   0   0 | Asn AAT   0   0   0   0   0   0 | Ser AGT   1   1   1   1   1   1
    ATC   0   0   0   0   0   0 |     ACC   0   0   0   0   0   0 |     AAC   1   1   1   1   1   1 |     AGC   1   1   1   1   1   1
    ATA   0   0   0   0   0   0 |     ACA   0   0   0   0   0   0 | Lys AAA   4   4   4   4   4   4 | Arg AGA   1   1   1   1   1   1
Met ATG   1   1   1   1   1   1 |     ACG   0   0   0   0   0   0 |     AAG   3   2   2   2   2   2 |     AGG   1   2   2   2   2   2
--------------------------------------------------------------------------------------------------------------------------------------
Val GTT   0   0   0   0   0   0 | Ala GCT   0   0   0   0   0   0 | Asp GAT   2   2   2   2   2   2 | Gly GGT   1   1   1   1   1   1
    GTC   0   0   0   0   0   0 |     GCC   1   1   1   1   1   1 |     GAC   1   1   1   1   1   1 |     GGC   1   1   1   1   1   1
    GTA   0   0   0   0   0   0 |     GCA   0   0   0   0   0   0 | Glu GAA   2   2   2   2   2   2 |     GGA   0   0   0   0   0   0
    GTG   0   0   0   0   0   0 |     GCG   0   0   0   0   0   0 |     GAG   0   0   0   0   0   0 |     GGG   0   0   0   0   0   0
--------------------------------------------------------------------------------------------------------------------------------------

--------------------------------------------------------------------------------------------------------------------------------------
Phe TTT   0   0   0   0   0   0 | Ser TCT   1   1   1   1   1   1 | Tyr TAT   0   0   0   0   0   0 | Cys TGT   2   2   2   2   2   2
    TTC   1   1   1   1   1   1 |     TCC   0   0   0   0   0   0 |     TAC   1   1   1   1   1   1 |     TGC   1   1   1   1   1   1
Leu TTA   1   1   1   1   1   1 |     TCA   0   0   0   0   0   0 | *** TAA   0   0   0   0   0   0 | *** TGA   0   0   0   0   0   0
    TTG   0   0   0   0   0   0 |     TCG   0   0   0   0   0   0 |     TAG   0   0   0   0   0   0 | Trp TGG   0   0   0   0   0   0
--------------------------------------------------------------------------------------------------------------------------------------
Leu CTT   0   0   0   0   0   0 | Pro CCT   0   0   0   0   0   0 | His CAT   3   3   3   3   3   3 | Arg CGT   0   0   0   0   0   0
    CTC   2   2   2   2   2   2 |     CCC   1   1   1   1   1   1 |     CAC   2   2   2   2   2   2 |     CGC   0   0   0   0   0   0
    CTA   1   2   2   1   2   2 |     CCA   1   1   1   1   1   1 | Gln CAA   1   1   1   1   1   1 |     CGA   0   0   0   0   0   0
    CTG   2   1   1   1   1   1 |     CCG   0   0   0   0   0   0 |     CAG   0   0   0   0   0   0 |     CGG   1   1   1   1   1   1
--------------------------------------------------------------------------------------------------------------------------------------
Ile ATT   0   0   0   0   0   0 | Thr ACT   0   0   0   0   0   0 | Asn AAT   0   0   0   0   0   0 | Ser AGT   1   1   1   1   1   1
    ATC   0   0   0   0   0   0 |     ACC   0   0   0   0   0   0 |     AAC   1   1   1   1   1   1 |     AGC   1   1   1   1   1   1
    ATA   0   0   0   1   0   0 |     ACA   0   0   0   0   0   0 | Lys AAA   4   4   4   4   4   4 | Arg AGA   1   1   1   1   1   1
Met ATG   1   1   1   1   1   1 |     ACG   0   0   0   0   0   0 |     AAG   2   2   3   2   2   3 |     AGG   2   2   1   2   2   1
--------------------------------------------------------------------------------------------------------------------------------------
Val GTT   0   0   0   0   0   0 | Ala GCT   0   0   0   0   0   0 | Asp GAT   2   2   2   2   2   2 | Gly GGT   1   1   1   1   1   1
    GTC   0   0   0   0   0   0 |     GCC   1   1   1   1   1   1 |     GAC   1   1   1   1   1   1 |     GGC   1   1   1   1   1   1
    GTA   0   0   0   0   0   0 |     GCA   0   0   0   0   0   0 | Glu GAA   2   2   2   2   2   2 |     GGA   0   0   0   0   0   0
    GTG   0   0   0   0   0   0 |     GCG   0   0   0   0   0   0 |     GAG   0   0   0   0   0   0 |     GGG   0   0   0   0   0   0
--------------------------------------------------------------------------------------------------------------------------------------

--------------------------------------------------------------------------------------------------------------------------------------
Phe TTT   0   0   0   0   0   0 | Ser TCT   1   1   1   1   1   1 | Tyr TAT   1   1   0   0   1   0 | Cys TGT   2   2   2   2   2   2
    TTC   1   1   1   1   1   1 |     TCC   0   0   0   0   0   0 |     TAC   0   0   1   1   1   1 |     TGC   1   1   1   1   1   1
Leu TTA   1   1   1   1   1   1 |     TCA   0   0   0   0   0   0 | *** TAA   0   0   0   0   0   0 | *** TGA   0   0   0   0   0   0
    TTG   0   0   0   0   0   0 |     TCG   0   0   0   0   0   0 |     TAG   0   0   0   0   0   0 | Trp TGG   0   0   0   0   0   0
--------------------------------------------------------------------------------------------------------------------------------------
Leu CTT   0   0   0   0   1   0 | Pro CCT   0   1   0   0   0   0 | His CAT   3   3   3   3   3   3 | Arg CGT   0   0   0   0   0   0
    CTC   2   2   2   2   2   2 |     CCC   1   0   1   1   1   1 |     CAC   2   2   2   2   2   2 |     CGC   0   0   0   0   0   0
    CTA   2   2   2   2   1   1 |     CCA   1   1   1   1   1   1 | Gln CAA   1   1   1   1   1   1 |     CGA   0   0   0   0   0   0
    CTG   1   1   1   1   1   1 |     CCG   0   0   0   0   0   0 |     CAG   0   0   0   0   1   0 |     CGG   1   1   1   1   0   1
--------------------------------------------------------------------------------------------------------------------------------------
Ile ATT   0   0   0   0   0   0 | Thr ACT   0   0   0   0   0   0 | Asn AAT   0   0   0   0   0   0 | Ser AGT   1   1   1   1   1   1
    ATC   0   0   0   0   0   0 |     ACC   0   0   0   0   0   0 |     AAC   1   1   1   1   1   1 |     AGC   1   1   1   1   1   1
    ATA   0   0   0   0   0   1 |     ACA   0   0   0   0   0   0 | Lys AAA   4   4   4   4   4   4 | Arg AGA   1   1   1   1   1   1
Met ATG   1   1   1   1   1   1 |     ACG   0   0   0   0   0   0 |     AAG   2   2   3   2   2   2 |     AGG   2   2   1   2   2   2
--------------------------------------------------------------------------------------------------------------------------------------
Val GTT   0   0   0   0   0   0 | Ala GCT   0   0   0   0   0   0 | Asp GAT   2   2   2   2   1   2 | Gly GGT   1   1   1   1   1   1
    GTC   0   0   0   0   0   0 |     GCC   1   1   1   1   1   1 |     GAC   1   1   1   1   1   1 |     GGC   1   1   1   1   1   1
    GTA   0   0   0   0   0   0 |     GCA   0   0   0   0   0   0 | Glu GAA   2   2   2   2   2   2 |     GGA   0   0   0   0   0   0
    GTG   0   0   0   0   0   0 |     GCG   0   0   0   0   0   0 |     GAG   0   0   0   0   0   0 |     GGG   0   0   0   0   0   0
--------------------------------------------------------------------------------------------------------------------------------------

--------------------------------------------------------------------------------------------------------------------------------------
Phe TTT   0   0   0   0   0   0 | Ser TCT   1   1   1   1   1   1 | Tyr TAT   0   0   1   0   0   0 | Cys TGT   2   2   2   2   2   2
    TTC   1   1   1   1   1   1 |     TCC   0   0   0   0   0   0 |     TAC   1   1   0   1   1   1 |     TGC   1   1   1   1   1   1
Leu TTA   1   1   2   1   1   1 |     TCA   0   0   0   0   0   0 | *** TAA   0   0   0   0   0   0 | *** TGA   0   0   0   0   0   0
    TTG   0   0   0   0   0   0 |     TCG   0   0   0   0   0   0 |     TAG   0   0   0   0   0   0 | Trp TGG   0   0   0   0   0   0
--------------------------------------------------------------------------------------------------------------------------------------
Leu CTT   0   0   0   0   0   0 | Pro CCT   0   0   0   0   0   0 | His CAT   3   3   3   3   3   3 | Arg CGT   0   0   0   0   0   0
    CTC   2   2   2   2   2   2 |     CCC   1   1   1   1   1   1 |     CAC   2   2   2   2   2   2 |     CGC   0   0   0   0   0   0
    CTA   2   1   1   2   2   2 |     CCA   1   1   1   1   1   1 | Gln CAA   1   1   1   1   1   1 |     CGA   0   0   0   0   0   0
    CTG   1   1   1   1   1   1 |     CCG   0   0   0   0   0   0 |     CAG   0   0   0   0   0   0 |     CGG   1   1   1   1   1   1
--------------------------------------------------------------------------------------------------------------------------------------
Ile ATT   0   0   0   0   0   0 | Thr ACT   0   0   0   0   0   0 | Asn AAT   0   0   0   0   0   0 | Ser AGT   0   1   1   1   1   1
    ATC   0   0   0   0   0   0 |     ACC   0   0   0   0   0   0 |     AAC   1   1   1   1   1   1 |     AGC   1   1   1   1   1   1
    ATA   0   1   0   0   0   0 |     ACA   0   0   0   0   0   0 | Lys AAA   4   4   4   4   3   3 | Arg AGA   1   1   1   1   1   1
Met ATG   1   1   1   1   1   1 |     ACG   0   0   0   0   0   0 |     AAG   2   2   2   2   3   3 |     AGG   2   2   2   2   2   2
--------------------------------------------------------------------------------------------------------------------------------------
Val GTT   0   0   0   0   0   0 | Ala GCT   0   0   0   0   0   0 | Asp GAT   2   2   2   2   2   2 | Gly GGT   2   1   1   1   1   1
    GTC   0   0   0   0   0   0 |     GCC   1   1   1   1   1   1 |     GAC   1   1   1   1   1   1 |     GGC   1   1   1   1   1   1
    GTA   0   0   0   0   0   0 |     GCA   0   0   0   0   0   0 | Glu GAA   2   2   2   2   2   2 |     GGA   0   0   0   0   0   0
    GTG   0   0   0   0   0   0 |     GCG   0   0   0   0   0   0 |     GAG   0   0   0   0   0   0 |     GGG   0   0   0   0   0   0
--------------------------------------------------------------------------------------------------------------------------------------

--------------------------------------------------------------------------------------------------------------------------------------
Phe TTT   0   0   0   0   0   0 | Ser TCT   1   1   1   1   1   1 | Tyr TAT   0   0   0   0   0   1 | Cys TGT   2   2   2   2   2   2
    TTC   1   1   1   1   1   1 |     TCC   0   0   0   0   0   0 |     TAC   1   1   1   1   1   0 |     TGC   1   1   1   1   1   1
Leu TTA   1   1   1   1   1   1 |     TCA   0   0   0   0   0   0 | *** TAA   0   0   0   0   0   0 | *** TGA   0   0   0   0   0   0
    TTG   0   0   0   0   0   0 |     TCG   0   0   0   0   0   0 |     TAG   0   0   0   0   0   0 | Trp TGG   0   0   0   0   0   0
--------------------------------------------------------------------------------------------------------------------------------------
Leu CTT   0   0   0   0   0   0 | Pro CCT   0   0   0   0   0   0 | His CAT   3   3   3   3   3   3 | Arg CGT   0   0   0   0   0   0
    CTC   2   2   2   2   2   2 |     CCC   1   1   1   1   1   1 |     CAC   2   2   2   2   2   2 |     CGC   0   0   0   0   0   0
    CTA   2   1   2   2   2   2 |     CCA   1   1   1   1   1   1 | Gln CAA   1   1   1   1   1   1 |     CGA   0   0   0   0   0   0
    CTG   1   2   1   1   1   1 |     CCG   0   0   0   0   0   0 |     CAG   0   0   0   0   0   0 |     CGG   1   1   1   0   1   1
--------------------------------------------------------------------------------------------------------------------------------------
Ile ATT   0   0   0   0   0   0 | Thr ACT   0   0   0   0   0   0 | Asn AAT   0   0   0   0   0   0 | Ser AGT   1   1   1   1   1   1
    ATC   0   0   0   0   0   0 |     ACC   0   0   0   0   0   0 |     AAC   1   1   1   2   1   1 |     AGC   1   1   1   0   1   1
    ATA   0   0   0   0   0   0 |     ACA   0   0   0   0   0   0 | Lys AAA   4   4   4   4   4   4 | Arg AGA   1   1   1   1   1   1
Met ATG   1   1   1   1   1   1 |     ACG   0   0   0   0   0   0 |     AAG   2   2   3   2   2   2 |     AGG   2   2   1   3   2   2
--------------------------------------------------------------------------------------------------------------------------------------
Val GTT   0   0   0   0   0   0 | Ala GCT   0   0   0   0   0   0 | Asp GAT   2   2   2   2   2   2 | Gly GGT   1   1   1   1   1   1
    GTC   0   0   0   0   0   0 |     GCC   1   1   1   1   1   1 |     GAC   1   1   1   1   1   1 |     GGC   1   1   1   1   1   1
    GTA   0   0   0   0   0   0 |     GCA   0   0   0   0   0   0 | Glu GAA   2   2   2   2   2   2 |     GGA   0   0   0   0   0   0
    GTG   0   0   0   0   0   0 |     GCG   0   0   0   0   0   0 |     GAG   0   0   0   0   0   0 |     GGG   0   0   0   0   0   0
--------------------------------------------------------------------------------------------------------------------------------------

--------------------------------------------------------------------------------------------------------------------------------------
Phe TTT   0   0   0   0   0   0 | Ser TCT   1   1   1   1   1   1 | Tyr TAT   1   0   1   1   0   0 | Cys TGT   2   2   2   2   2   2
    TTC   1   1   1   1   1   1 |     TCC   0   0   0   0   0   0 |     TAC   0   1   0   0   1   1 |     TGC   1   1   1   1   1   1
Leu TTA   1   1   2   1   1   1 |     TCA   0   0   0   0   0   0 | *** TAA   0   0   0   0   0   0 | *** TGA   0   0   0   0   0   0
    TTG   0   0   0   0   0   0 |     TCG   0   0   0   0   0   0 |     TAG   0   0   0   0   0   0 | Trp TGG   0   0   0   0   0   0
--------------------------------------------------------------------------------------------------------------------------------------
Leu CTT   0   0   0   0   0   0 | Pro CCT   0   0   0   1   0   0 | His CAT   3   3   3   3   3   3 | Arg CGT   0   0   0   0   0   0
    CTC   2   2   2   2   2   2 |     CCC   1   1   1   0   1   1 |     CAC   2   2   2   2   2   2 |     CGC   0   0   0   0   0   0
    CTA   2   2   1   2   2   3 |     CCA   1   1   1   1   1   1 | Gln CAA   1   1   1   1   1   1 |     CGA   0   0   0   0   0   0
    CTG   1   1   1   1   1   0 |     CCG   0   0   0   0   0   0 |     CAG   0   0   0   0   0   0 |     CGG   1   1   1   1   1   1
--------------------------------------------------------------------------------------------------------------------------------------
Ile ATT   0   0   0   0   0   0 | Thr ACT   0   0   0   0   0   0 | Asn AAT   0   0   0   0   0   0 | Ser AGT   1   1   1   1   1   1
    ATC   0   0   0   0   0   0 |     ACC   0   0   0   0   0   0 |     AAC   1   1   1   1   1   1 |     AGC   1   1   1   1   1   1
    ATA   0   0   0   0   0   0 |     ACA   0   0   0   0   0   0 | Lys AAA   4   5   4   4   4   4 | Arg AGA   1   1   1   1   1   1
Met ATG   1   1   1   1   1   1 |     ACG   0   0   0   0   0   0 |     AAG   2   1   2   2   2   3 |     AGG   2   2   2   2   2   1
--------------------------------------------------------------------------------------------------------------------------------------
Val GTT   0   0   0   0   0   0 | Ala GCT   0   0   0   0   0   0 | Asp GAT   2   2   2   2   2   2 | Gly GGT   1   1   1   1   1   1
    GTC   0   0   0   0   0   0 |     GCC   1   1   1   1   1   1 |     GAC   1   1   1   1   1   1 |     GGC   1   1   1   1   1   1
    GTA   0   0   0   0   0   0 |     GCA   0   0   0   0   0   0 | Glu GAA   2   2   2   2   2   2 |     GGA   0   0   0   0   0   0
    GTG   0   0   0   0   0   0 |     GCG   0   0   0   0   0   0 |     GAG   0   0   0   0   0   0 |     GGG   0   0   0   0   0   0
--------------------------------------------------------------------------------------------------------------------------------------

--------------------------------------------------------------------------------------------------------------------------------------
Phe TTT   0   0   0   0   0   0 | Ser TCT   1   1   1   1   1   1 | Tyr TAT   0   0   0   0   0   0 | Cys TGT   2   2   1   2   2   2
    TTC   1   1   1   1   1   1 |     TCC   0   0   0   0   0   0 |     TAC   1   1   0   1   1   1 |     TGC   1   1   2   1   1   1
Leu TTA   1   1   1   1   1   1 |     TCA   0   0   0   0   0   0 | *** TAA   0   0   0   0   0   0 | *** TGA   0   0   0   0   0   0
    TTG   0   0   0   0   0   0 |     TCG   0   0   0   0   0   0 |     TAG   0   0   0   0   0   0 | Trp TGG   0   0   0   0   0   0
--------------------------------------------------------------------------------------------------------------------------------------
Leu CTT   0   0   0   0   0   0 | Pro CCT   0   0   0   0   0   0 | His CAT   3   3   3   3   3   3 | Arg CGT   0   0   0   0   0   0
    CTC   2   2   2   2   2   2 |     CCC   1   1   1   1   1   1 |     CAC   2   2   3   2   2   2 |     CGC   0   0   0   0   0   0
    CTA   2   2   2   2   1   1 |     CCA   1   1   1   1   1   1 | Gln CAA   1   1   1   1   1   1 |     CGA   0   0   0   0   0   0
    CTG   1   1   1   1   1   1 |     CCG   0   0   0   0   0   0 |     CAG   0   0   0   0   0   0 |     CGG   1   1   1   1   1   1
--------------------------------------------------------------------------------------------------------------------------------------
Ile ATT   0   0   0   0   0   0 | Thr ACT   0   0   0   0   0   0 | Asn AAT   0   0   0   0   0   0 | Ser AGT   1   1   1   1   1   1
    ATC   0   0   0   0   0   0 |     ACC   0   0   0   0   0   0 |     AAC   1   0   1   1   1   1 |     AGC   1   2   1   1   1   1
    ATA   0   0   0   0   1   1 |     ACA   0   0   0   0   0   0 | Lys AAA   4   4   4   4   4   4 | Arg AGA   1   2   1   1   1   1
Met ATG   1   1   1   1   1   1 |     ACG   0   0   0   0   0   0 |     AAG   2   2   3   2   2   2 |     AGG   2   1   1   2   2   2
--------------------------------------------------------------------------------------------------------------------------------------
Val GTT   0   0   0   0   0   0 | Ala GCT   0   0   0   0   0   0 | Asp GAT   2   2   2   2   2   2 | Gly GGT   1   1   1   1   1   1
    GTC   0   0   0   0   0   0 |     GCC   1   1   1   1   1   1 |     GAC   1   1   1   1   1   1 |     GGC   1   1   1   1   1   1
    GTA   0   0   0   0   0   0 |     GCA   0   0   0   0   0   0 | Glu GAA   2   2   2   2   2   2 |     GGA   0   0   0   0   0   0
    GTG   0   0   0   0   0   0 |     GCG   0   0   0   0   0   0 |     GAG   0   0   0   0   0   0 |     GGG   0   0   0   0   0   0
--------------------------------------------------------------------------------------------------------------------------------------

Codon position x base (3x4) table for each sequence.

#1: Argali         
position  1:    T:0.16667    C:0.33333    A:0.30952    G:0.19048
position  2:    T:0.19048    C:0.09524    A:0.47619    G:0.23810
position  3:    T:0.23810    C:0.30952    A:0.28571    G:0.16667
Average         T:0.19841    C:0.24603    A:0.35714    G:0.19841

#2: LesserMouseDeer
position  1:    T:0.16667    C:0.30952    A:0.30952    G:0.21429
position  2:    T:0.19048    C:0.09524    A:0.45238    G:0.26190
position  3:    T:0.28571    C:0.23810    A:0.28571    G:0.19048
Average         T:0.21429    C:0.21429    A:0.34921    G:0.22222

#3: LesserKudu     
position  1:    T:0.16667    C:0.30952    A:0.33333    G:0.19048
position  2:    T:0.19048    C:0.09524    A:0.45238    G:0.26190
position  3:    T:0.23810    C:0.30952    A:0.28571    G:0.16667
Average         T:0.19841    C:0.23810    A:0.35714    G:0.20635

#4: ForestMuskDeer2
position  1:    T:0.16667    C:0.33333    A:0.30952    G:0.19048
position  2:    T:0.19048    C:0.09524    A:0.45238    G:0.26190
position  3:    T:0.23810    C:0.30952    A:0.28571    G:0.16667
Average         T:0.19841    C:0.24603    A:0.34921    G:0.20635

#5: Camel          
position  1:    T:0.16667    C:0.30952    A:0.30952    G:0.21429
position  2:    T:0.19048    C:0.09524    A:0.45238    G:0.26190
position  3:    T:0.28571    C:0.28571    A:0.26190    G:0.16667
Average         T:0.21429    C:0.23016    A:0.34127    G:0.21429

#6: KillerWhale    
position  1:    T:0.16667    C:0.30952    A:0.30952    G:0.21429
position  2:    T:0.16667    C:0.09524    A:0.45238    G:0.28571
position  3:    T:0.23810    C:0.30952    A:0.28571    G:0.16667
Average         T:0.19048    C:0.23810    A:0.34921    G:0.22222

#7: DefassaWaterbuck
position  1:    T:0.16667    C:0.33333    A:0.30952    G:0.19048
position  2:    T:0.19048    C:0.09524    A:0.47619    G:0.23810
position  3:    T:0.23810    C:0.30952    A:0.28571    G:0.16667
Average         T:0.19841    C:0.24603    A:0.35714    G:0.19841

#8: Sheep          
position  1:    T:0.16667    C:0.33333    A:0.30952    G:0.19048
position  2:    T:0.19048    C:0.09524    A:0.47619    G:0.23810
position  3:    T:0.23810    C:0.30952    A:0.28571    G:0.16667
Average         T:0.19841    C:0.24603    A:0.35714    G:0.19841

#9: MaxwellsDuiker 
position  1:    T:0.16667    C:0.38095    A:0.26190    G:0.19048
position  2:    T:0.21429    C:0.09524    A:0.42857    G:0.26190
position  3:    T:0.23810    C:0.30952    A:0.28571    G:0.16667
Average         T:0.20635    C:0.26190    A:0.32540    G:0.20635

#10: GazellaPrzewalskyi
position  1:    T:0.16667    C:0.33333    A:0.30952    G:0.19048
position  2:    T:0.19048    C:0.09524    A:0.45238    G:0.26190
position  3:    T:0.28571    C:0.26190    A:0.28571    G:0.16667
Average         T:0.21429    C:0.23016    A:0.34921    G:0.20635

#11: MountainNyala  
position  1:    T:0.16667    C:0.30952    A:0.33333    G:0.19048
position  2:    T:0.19048    C:0.09524    A:0.45238    G:0.26190
position  3:    T:0.23810    C:0.30952    A:0.28571    G:0.16667
Average         T:0.19841    C:0.23810    A:0.35714    G:0.20635

#12: MuntiacusMuntjak
position  1:    T:0.19048    C:0.30952    A:0.30952    G:0.19048
position  2:    T:0.19048    C:0.09524    A:0.45238    G:0.26190
position  3:    T:0.28571    C:0.28571    A:0.26190    G:0.16667
Average         T:0.22222    C:0.23016    A:0.34127    G:0.20635

#13: goat           
position  1:    T:0.16667    C:0.33333    A:0.30952    G:0.19048
position  2:    T:0.19048    C:0.09524    A:0.47619    G:0.23810
position  3:    T:0.23810    C:0.30952    A:0.28571    G:0.16667
Average         T:0.19841    C:0.24603    A:0.35714    G:0.19841

#14: AfricanBuffalo 
position  1:    T:0.16667    C:0.33333    A:0.30952    G:0.19048
position  2:    T:0.19048    C:0.09524    A:0.45238    G:0.26190
position  3:    T:0.23810    C:0.30952    A:0.28571    G:0.16667
Average         T:0.19841    C:0.24603    A:0.34921    G:0.20635

#15: Topi           
position  1:    T:0.16667    C:0.33333    A:0.30952    G:0.19048
position  2:    T:0.19048    C:0.09524    A:0.45238    G:0.26190
position  3:    T:0.23810    C:0.30952    A:0.28571    G:0.16667
Average         T:0.19841    C:0.24603    A:0.34921    G:0.20635

#16: CommonDuiker   
position  1:    T:0.16667    C:0.33333    A:0.30952    G:0.19048
position  2:    T:0.19048    C:0.09524    A:0.45238    G:0.26190
position  3:    T:0.23810    C:0.30952    A:0.28571    G:0.16667
Average         T:0.19841    C:0.24603    A:0.34921    G:0.20635

#17: Suni           
position  1:    T:0.16667    C:0.33333    A:0.30952    G:0.19048
position  2:    T:0.19048    C:0.09524    A:0.45238    G:0.26190
position  3:    T:0.23810    C:0.30952    A:0.28571    G:0.16667
Average         T:0.19841    C:0.24603    A:0.34921    G:0.20635

#18: Springbuck     
position  1:    T:0.16667    C:0.33333    A:0.30952    G:0.19048
position  2:    T:0.19048    C:0.09524    A:0.45238    G:0.26190
position  3:    T:0.23810    C:0.30952    A:0.28571    G:0.16667
Average         T:0.19841    C:0.24603    A:0.34921    G:0.20635

#19: Okapi          
position  1:    T:0.16667    C:0.33333    A:0.30952    G:0.19048
position  2:    T:0.19048    C:0.09524    A:0.45238    G:0.26190
position  3:    T:0.23810    C:0.30952    A:0.26190    G:0.19048
Average         T:0.19841    C:0.24603    A:0.34127    G:0.21429

#20: Giraffe        
position  1:    T:0.16667    C:0.33333    A:0.30952    G:0.19048
position  2:    T:0.19048    C:0.09524    A:0.45238    G:0.26190
position  3:    T:0.23810    C:0.30952    A:0.28571    G:0.16667
Average         T:0.19841    C:0.24603    A:0.34921    G:0.20635

#21: TibetanAntelope
position  1:    T:0.16667    C:0.33333    A:0.30952    G:0.19048
position  2:    T:0.19048    C:0.09524    A:0.47619    G:0.23810
position  3:    T:0.23810    C:0.30952    A:0.28571    G:0.16667
Average         T:0.19841    C:0.24603    A:0.35714    G:0.19841

#22: Sitatunga      
position  1:    T:0.16667    C:0.30952    A:0.33333    G:0.19048
position  2:    T:0.19048    C:0.09524    A:0.45238    G:0.26190
position  3:    T:0.23810    C:0.30952    A:0.28571    G:0.16667
Average         T:0.19841    C:0.23810    A:0.35714    G:0.20635

#23: Oribi          
position  1:    T:0.16667    C:0.33333    A:0.30952    G:0.19048
position  2:    T:0.19048    C:0.09524    A:0.45238    G:0.26190
position  3:    T:0.23810    C:0.30952    A:0.28571    G:0.16667
Average         T:0.19841    C:0.24603    A:0.34921    G:0.20635

#24: BarbarySheep   
position  1:    T:0.16667    C:0.33333    A:0.30952    G:0.19048
position  2:    T:0.19048    C:0.09524    A:0.47619    G:0.23810
position  3:    T:0.23810    C:0.30952    A:0.28571    G:0.16667
Average         T:0.19841    C:0.24603    A:0.35714    G:0.19841

#25: Daviddeer      
position  1:    T:0.16667    C:0.33333    A:0.30952    G:0.19048
position  2:    T:0.19048    C:0.09524    A:0.45238    G:0.26190
position  3:    T:0.26190    C:0.28571    A:0.28571    G:0.16667
Average         T:0.20635    C:0.23810    A:0.34921    G:0.20635

#26: Reindeer       
position  1:    T:0.16667    C:0.33333    A:0.30952    G:0.19048
position  2:    T:0.19048    C:0.09524    A:0.45238    G:0.26190
position  3:    T:0.28571    C:0.26190    A:0.28571    G:0.16667
Average         T:0.21429    C:0.23016    A:0.34921    G:0.20635

#27: Ibex           
position  1:    T:0.16667    C:0.33333    A:0.30952    G:0.19048
position  2:    T:0.19048    C:0.09524    A:0.47619    G:0.23810
position  3:    T:0.23810    C:0.30952    A:0.28571    G:0.16667
Average         T:0.19841    C:0.24603    A:0.35714    G:0.19841

#28: GyrantGazelle  
position  1:    T:0.16667    C:0.33333    A:0.30952    G:0.19048
position  2:    T:0.19048    C:0.09524    A:0.45238    G:0.26190
position  3:    T:0.23810    C:0.30952    A:0.28571    G:0.16667
Average         T:0.19841    C:0.24603    A:0.34921    G:0.20635

#29: Hartebeest     
position  1:    T:0.19048    C:0.33333    A:0.30952    G:0.16667
position  2:    T:0.19048    C:0.09524    A:0.47619    G:0.23810
position  3:    T:0.26190    C:0.30952    A:0.26190    G:0.16667
Average         T:0.21429    C:0.24603    A:0.34921    G:0.19048

#30: Bongo          
position  1:    T:0.16667    C:0.30952    A:0.33333    G:0.19048
position  2:    T:0.19048    C:0.09524    A:0.45238    G:0.26190
position  3:    T:0.23810    C:0.30952    A:0.28571    G:0.16667
Average         T:0.19841    C:0.23810    A:0.35714    G:0.20635

#31: Gerenuk        
position  1:    T:0.16667    C:0.33333    A:0.28571    G:0.21429
position  2:    T:0.19048    C:0.09524    A:0.45238    G:0.26190
position  3:    T:0.23810    C:0.30952    A:0.28571    G:0.16667
Average         T:0.19841    C:0.24603    A:0.34127    G:0.21429

#32: CommonEland    
position  1:    T:0.16667    C:0.30952    A:0.33333    G:0.19048
position  2:    T:0.19048    C:0.09524    A:0.45238    G:0.26190
position  3:    T:0.23810    C:0.30952    A:0.28571    G:0.16667
Average         T:0.19841    C:0.23810    A:0.35714    G:0.20635

#33: MuntiacusReevesi
position  1:    T:0.19048    C:0.30952    A:0.30952    G:0.19048
position  2:    T:0.19048    C:0.09524    A:0.45238    G:0.26190
position  3:    T:0.26190    C:0.28571    A:0.28571    G:0.16667
Average         T:0.21429    C:0.23016    A:0.34921    G:0.20635

#34: HarveysDuiker  
position  1:    T:0.16667    C:0.33333    A:0.30952    G:0.19048
position  2:    T:0.19048    C:0.09524    A:0.45238    G:0.26190
position  3:    T:0.23810    C:0.30952    A:0.28571    G:0.16667
Average         T:0.19841    C:0.24603    A:0.34921    G:0.20635

#35: Pronghorn      
position  1:    T:0.16667    C:0.33333    A:0.30952    G:0.19048
position  2:    T:0.19048    C:0.09524    A:0.45238    G:0.26190
position  3:    T:0.23810    C:0.30952    A:0.26190    G:0.19048
Average         T:0.19841    C:0.24603    A:0.34127    G:0.21429

#36: BlueWildebeest 
position  1:    T:0.16667    C:0.33333    A:0.30952    G:0.19048
position  2:    T:0.19048    C:0.09524    A:0.45238    G:0.26190
position  3:    T:0.23810    C:0.30952    A:0.26190    G:0.19048
Average         T:0.19841    C:0.24603    A:0.34127    G:0.21429

#37: Gemsbok        
position  1:    T:0.16667    C:0.33333    A:0.30952    G:0.19048
position  2:    T:0.19048    C:0.09524    A:0.45238    G:0.26190
position  3:    T:0.23810    C:0.30952    A:0.28571    G:0.16667
Average         T:0.19841    C:0.24603    A:0.34921    G:0.20635

#38: Yak            
position  1:    T:0.16667    C:0.33333    A:0.30952    G:0.19048
position  2:    T:0.19048    C:0.09524    A:0.45238    G:0.26190
position  3:    T:0.23810    C:0.30952    A:0.26190    G:0.19048
Average         T:0.19841    C:0.24603    A:0.34127    G:0.21429

#39: BlueSheep      
position  1:    T:0.16667    C:0.33333    A:0.30952    G:0.19048
position  2:    T:0.19048    C:0.09524    A:0.47619    G:0.23810
position  3:    T:0.23810    C:0.30952    A:0.28571    G:0.16667
Average         T:0.19841    C:0.24603    A:0.35714    G:0.19841

#40: BohorReedbuck  
position  1:    T:0.16667    C:0.30952    A:0.33333    G:0.19048
position  2:    T:0.19048    C:0.09524    A:0.47619    G:0.23810
position  3:    T:0.23810    C:0.30952    A:0.28571    G:0.16667
Average         T:0.19841    C:0.23810    A:0.36508    G:0.19841

#41: KirksDik       
position  1:    T:0.16667    C:0.33333    A:0.30952    G:0.19048
position  2:    T:0.19048    C:0.09524    A:0.45238    G:0.26190
position  3:    T:0.23810    C:0.30952    A:0.28571    G:0.16667
Average         T:0.19841    C:0.24603    A:0.34921    G:0.20635

#42: RoeDeer        
position  1:    T:0.16667    C:0.33333    A:0.30952    G:0.19048
position  2:    T:0.19048    C:0.09524    A:0.45238    G:0.26190
position  3:    T:0.26190    C:0.28571    A:0.28571    G:0.16667
Average         T:0.20635    C:0.23810    A:0.34921    G:0.20635

#43: WhiteLippedDeer
position  1:    T:0.16667    C:0.33333    A:0.30952    G:0.19048
position  2:    T:0.19048    C:0.09524    A:0.45238    G:0.26190
position  3:    T:0.26190    C:0.28571    A:0.28571    G:0.16667
Average         T:0.20635    C:0.23810    A:0.34921    G:0.20635

#44: ThomsonGazelle 
position  1:    T:0.16667    C:0.33333    A:0.30952    G:0.19048
position  2:    T:0.19048    C:0.09524    A:0.45238    G:0.26190
position  3:    T:0.23810    C:0.30952    A:0.30952    G:0.14286
Average         T:0.19841    C:0.24603    A:0.35714    G:0.19841

#45: MuntiacusCrinifrons
position  1:    T:0.19048    C:0.30952    A:0.30952    G:0.19048
position  2:    T:0.19048    C:0.09524    A:0.45238    G:0.26190
position  3:    T:0.26190    C:0.28571    A:0.28571    G:0.16667
Average         T:0.21429    C:0.23016    A:0.34921    G:0.20635

#46: WhiteTailedDeer
position  1:    T:0.16667    C:0.33333    A:0.30952    G:0.19048
position  2:    T:0.19048    C:0.09524    A:0.45238    G:0.26190
position  3:    T:0.28571    C:0.26190    A:0.28571    G:0.16667
Average         T:0.21429    C:0.23016    A:0.34921    G:0.20635

#47: Cattle         
position  1:    T:0.16667    C:0.33333    A:0.30952    G:0.19048
position  2:    T:0.19048    C:0.09524    A:0.45238    G:0.26190
position  3:    T:0.23810    C:0.30952    A:0.28571    G:0.16667
Average         T:0.19841    C:0.24603    A:0.34921    G:0.20635

#48: RoyalAntelope  
position  1:    T:0.16667    C:0.33333    A:0.30952    G:0.19048
position  2:    T:0.19048    C:0.09524    A:0.47619    G:0.23810
position  3:    T:0.23810    C:0.30952    A:0.30952    G:0.14286
Average         T:0.19841    C:0.24603    A:0.36508    G:0.19048

#49: Steenbok       
position  1:    T:0.16667    C:0.33333    A:0.30952    G:0.19048
position  2:    T:0.19048    C:0.09524    A:0.45238    G:0.26190
position  3:    T:0.23810    C:0.30952    A:0.28571    G:0.16667
Average         T:0.19841    C:0.24603    A:0.34921    G:0.20635

#50: Impala         
position  1:    T:0.16667    C:0.33333    A:0.30952    G:0.19048
position  2:    T:0.19048    C:0.09524    A:0.42857    G:0.28571
position  3:    T:0.23810    C:0.30952    A:0.30952    G:0.14286
Average         T:0.19841    C:0.24603    A:0.34921    G:0.20635

#51: Klipspringer   
position  1:    T:0.14286    C:0.35714    A:0.30952    G:0.19048
position  2:    T:0.19048    C:0.09524    A:0.47619    G:0.23810
