1
52 1
Argali 0.000000 0.313000 0.245900 0.377000 0.200800 0.012500 0.182500 0.197400 0.239600 0.177300 0.064900 0.183500 0.183300 0.225700 0.193600 0.176600 0.181300 0.156100 0.162700 0.240200 0.177700 0.065100 0.205200 0.213400 0.071100 0.169500 0.159200 0.247900 0.163700 0.251100 0.207400 0.175300 0.216200 0.166100 0.142700 0.190800 0.058300 0.177600 0.205400 0.231900 0.198200 0.157500 0.196300 0.183200 0.184000 0.207500 0.192600 0.145200 0.209500 0.218500 0.241400 0.239000
LesserMous 0.313000 0.000000 0.463600 0.416000 0.393800 0.314400 0.357300 0.373300 0.456300 0.416500 0.319300 0.369700 0.377800 0.393200 0.405800 0.378000 0.340400 0.330100 0.365900 0.457600 0.381800 0.312200 0.403800 0.393600 0.325500 0.361300 0.353000 0.457300 0.355500 0.468300 0.417200 0.332800 0.380100 0.352900 0.371100 0.395800 0.337500 0.382200 0.422600 0.402200 0.414100 0.349100 0.389100 0.395500 0.396300 0.325100 0.380900 0.363200 0.361200 0.354000 0.460200 0.455200
LesserKudu 0.245900 0.463600 0.000000 0.355800 0.200000 0.262900 0.210400 0.184800 0.048600 0.199000 0.216700 0.139400 0.177200 0.222800 0.193500 0.179600 0.208000 0.172100 0.261000 0.026200 0.179800 0.217200 0.197000 0.210400 0.222300 0.154100 0.155400 0.054300 0.161500 0.035800 0.206000 0.190300 0.194000 0.161600 0.165800 0.145800 0.223700 0.166200 0.198300 0.251200 0.190700 0.162700 0.202100 0.177200 0.139800 0.233600 0.173600 0.144500 0.203000 0.202500 0.060000 0.025700
KillerWhal 0.377000 0.416000 0.355800 0.000000 0.315800 0.388200 0.305100 0.345000 0.312900 0.339700 0.350400 0.324600 0.309700 0.343300 0.311300 0.350000 0.336900 0.311200 0.362500 0.335100 0.349400 0.343800 0.337500 0.338100 0.356100 0.334800 0.287100 0.313500 0.329600 0.345100 0.372100 0.314400 0.327500 0.287000 0.310100 0.316100 0.367700 0.290800 0.354600 0.379800 0.346300 0.323600 0.346800 0.330600 0.309200 0.347800 0.349300 0.304500 0.303600 0.308300 0.329400 0.333500
DefassaWat 0.200800 0.393800 0.200000 0.315800 0.000000 0.217600 0.131700 0.167600 0.155000 0.153700 0.171100 0.121600 0.154100 0.137600 0.106400 0.161500 0.145300 0.108900 0.178400 0.181200 0.135300 0.171600 0.152100 0.180800 0.177000 0.135300 0.131100 0.162000 0.142800 0.191800 0.167400 0.112000 0.171100 0.137500 0.135100 0.102600 0.164000 0.041200 0.180800 0.191000 0.145700 0.143900 0.156700 0.132200 0.109200 0.175100 0.155300 0.086000 0.138900 0.145500 0.168900 0.180400
Sheep 0.012500 0.314400 0.262900 0.388200 0.217600 0.000000 0.199200 0.199300 0.256500 0.194000 0.065500 0.199600 0.199500 0.235800 0.209700 0.178200 0.190300 0.171700 0.179100 0.257100 0.179300 0.079300 0.222500 0.230800 0.071800 0.171000 0.175200 0.265100 0.165200 0.268100 0.224800 0.191800 0.233000 0.175100 0.158100 0.207200 0.072300 0.193800 0.207300 0.250100 0.215300 0.159000 0.213900 0.199900 0.200300 0.225000 0.194400 0.160900 0.226600 0.236000 0.258500 0.255900
MaxwellsDu 0.182500 0.357300 0.210400 0.305100 0.131700 0.199200 0.000000 0.177900 0.190700 0.135800 0.145500 0.150300 0.137000 0.126700 0.140000 0.137800 0.168000 0.143700 0.174000 0.191100 0.164300 0.145900 0.134400 0.177100 0.151600 0.144400 0.113500 0.191000 0.138700 0.201800 0.149600 0.081300 0.187800 0.119900 0.130900 0.157000 0.152600 0.098300 0.177200 0.179200 0.127200 0.139700 0.138500 0.141500 0.150500 0.185700 0.157700 0.081000 0.148400 0.175800 0.192100 0.190200
GazellaPrz 0.197400 0.373300 0.184800 0.345000 0.167600 0.199300 0.177900 0.000000 0.178800 0.187500 0.167200 0.157900 0.131200 0.184000 0.175200 0.085800 0.183600 0.138700 0.189600 0.179100 0.073800 0.182100 0.200100 0.199800 0.173200 0.060700 0.107600 0.186200 0.067400 0.190000 0.202100 0.156900 0.217300 0.107500 0.145500 0.164900 0.189000 0.132500 0.092500 0.240900 0.193200 0.067900 0.191300 0.164300 0.158400 0.158500 0.080300 0.114400 0.127300 0.176600 0.180100 0.178300
MountainNy 0.239600 0.456300 0.048600 0.312900 0.155000 0.256500 0.190700 0.178800 0.000000 0.186300 0.224400 0.133700 0.171500 0.202900 0.162500 0.173700 0.202300 0.166300 0.254700 0.031600 0.160900 0.225000 0.184500 0.197800 0.230000 0.148300 0.149500 0.005200 0.155600 0.030800 0.193300 0.170900 0.188100 0.155800 0.160000 0.127700 0.231600 0.122700 0.192500 0.238000 0.178200 0.156800 0.189800 0.164800 0.121700 0.213500 0.167700 0.125700 0.183500 0.183100 0.021500 0.031200
MuntiacusM 0.177300 0.416500 0.199000 0.339700 0.153700 0.194000 0.135800 0.187500 0.186300 0.000000 0.176600 0.139000 0.172600 0.162600 0.141900 0.159800 0.156000 0.118500 0.199500 0.186700 0.166700 0.177200 0.050000 0.089500 0.182700 0.139500 0.148900 0.193900 0.147200 0.191200 0.036500 0.115500 0.175900 0.155600 0.125300 0.145600 0.184100 0.119100 0.179600 0.111600 0.043700 0.148400 0.025300 0.043700 0.139100 0.210300 0.160100 0.081900 0.164100 0.177600 0.187700 0.185900
goat 0.064900 0.319300 0.216700 0.350400 0.171100 0.065500 0.145500 0.167200 0.224400 0.176600 0.000000 0.168700 0.154600 0.202700 0.165100 0.134300 0.159900 0.141600 0.119100 0.224900 0.135100 0.012300 0.189500 0.197400 0.006100 0.127500 0.130500 0.232600 0.121700 0.235900 0.191400 0.160200 0.201100 0.130400 0.128300 0.175900 0.018300 0.148900 0.161900 0.222600 0.182600 0.115500 0.180300 0.167800 0.169200 0.176700 0.149300 0.116800 0.179400 0.217600 0.226100 0.223900
AfricanBuf 0.183500 0.369700 0.139400 0.324600 0.121600 0.199600 0.150300 0.157900 0.133700 0.139000 0.168700 0.000000 0.139000 0.162700 0.136400 0.153300 0.137400 0.101500 0.183600 0.134000 0.153500 0.169100 0.137600 0.150900 0.174500 0.127500 0.122400 0.140400 0.134900 0.132300 0.145900 0.130500 0.149400 0.128700 0.120600 0.076200 0.175700 0.108200 0.172400 0.175400 0.131300 0.135900 0.128100 0.118000 0.082500 0.179200 0.147200 0.091600 0.143200 0.142700 0.134600 0.133400
Topi 0.183300 0.377800 0.177200 0.309700 0.154100 0.199500 0.137000 0.131200 0.171500 0.172600 0.154600 0.139000 0.000000 0.162600 0.149000 0.133900 0.176400 0.139700 0.155700 0.171800 0.153400 0.155000 0.170800 0.198400 0.160400 0.127400 0.035100 0.178600 0.121900 0.182300 0.186400 0.130400 0.188500 0.040200 0.082800 0.151700 0.161500 0.120800 0.172100 0.240000 0.164300 0.135700 0.175900 0.164300 0.145500 0.165400 0.147000 0.104200 0.130100 0.156300 0.172600 0.171100
CommonDuik 0.225700 0.393200 0.222800 0.343300 0.137600 0.235800 0.126700 0.184000 0.202900 0.162600 0.202700 0.162700 0.162600 0.000000 0.165300 0.170500 0.180000 0.156000 0.202700 0.203400 0.177400 0.210500 0.159500 0.204700 0.208600 0.150300 0.139300 0.210500 0.158100 0.214000 0.176600 0.068100 0.199500 0.132400 0.143300 0.162900 0.210200 0.117100 0.196900 0.200900 0.154300 0.159300 0.165800 0.168100 0.170000 0.192000 0.170800 0.106500 0.161400 0.174600 0.190900 0.202400
Suni 0.193600 0.405800 0.193500 0.311300 0.106400 0.209700 0.140000 0.175200 0.162500 0.141900 0.165100 0.136400 0.149000 0.165300 0.000000 0.156000 0.153200 0.111700 0.193500 0.162700 0.130800 0.165500 0.140600 0.168000 0.170800 0.130800 0.139400 0.169400 0.137900 0.185600 0.155200 0.120900 0.172300 0.145600 0.130600 0.105300 0.172000 0.087300 0.161100 0.191700 0.133500 0.139000 0.144600 0.121400 0.099300 0.196300 0.150100 0.083100 0.147100 0.173200 0.176200 0.168400
Springbuck 0.176600 0.378000 0.179600 0.350000 0.161500 0.178200 0.137800 0.085800 0.173700 0.159800 0.134300 0.153300 0.133900 0.170500 0.156000 0.000000 0.138300 0.133700 0.175700 0.174100 0.071200 0.148300 0.158400 0.193700 0.140200 0.034800 0.110900 0.180900 0.029100 0.184700 0.173600 0.144500 0.190100 0.110800 0.128000 0.160200 0.154900 0.127700 0.089200 0.217200 0.165400 0.041200 0.162900 0.144700 0.153800 0.167300 0.065200 0.091200 0.163100 0.184900 0.174900 0.173300
Okapi 0.181300 0.340400 0.208000 0.336900 0.145300 0.190300 0.168000 0.183600 0.202300 0.156000 0.159900 0.137400 0.176400 0.180000 0.153200 0.138300 0.000000 0.069600 0.180300 0.202700 0.151300 0.167100 0.148400 0.176100 0.165700 0.138300 0.153900 0.209700 0.132900 0.213000 0.169500 0.154400 0.147800 0.147000 0.150600 0.143900 0.173600 0.138000 0.182800 0.178700 0.168700 0.146800 0.158900 0.128800 0.150700 0.204700 0.157900 0.109100 0.175400 0.167600 0.204500 0.201800
Giraffe 0.156100 0.330100 0.172100 0.311200 0.108900 0.171700 0.143700 0.138700 0.166300 0.118500 0.141600 0.101500 0.139700 0.156000 0.111700 0.133700 0.069600 0.000000 0.148700 0.160400 0.121200 0.142000 0.124200 0.138200 0.147500 0.108400 0.116800 0.173400 0.115500 0.177200 0.131700 0.124000 0.137200 0.123200 0.114400 0.107900 0.148500 0.101900 0.152500 0.147400 0.131100 0.116300 0.120700 0.091900 0.114500 0.173400 0.127700 0.072700 0.124500 0.137200 0.167500 0.153200
TibetanAnt 0.162700 0.365900 0.261000 0.362500 0.178400 0.179100 0.174000 0.189600 0.254700 0.199500 0.119100 0.183600 0.155700 0.202700 0.193500 0.175700 0.180300 0.148700 0.000000 0.255400 0.177300 0.119500 0.212500 0.229500 0.125300 0.168700 0.131400 0.248200 0.162900 0.266300 0.214700 0.153300 0.215900 0.138200 0.149400 0.205200 0.126200 0.170200 0.204200 0.200000 0.205400 0.178400 0.203700 0.190300 0.213200 0.199700 0.177100 0.137900 0.159000 0.225800 0.256700 0.254200
Sitatunga 0.240200 0.457600 0.026200 0.335100 0.181200 0.257100 0.191100 0.179100 0.031600 0.186700 0.224900 0.134000 0.171800 0.203400 0.162700 0.174100 0.202700 0.160400 0.255400 0.000000 0.174300 0.225500 0.184900 0.198300 0.230600 0.148600 0.149800 0.037900 0.155900 0.021200 0.193700 0.171300 0.188700 0.156100 0.160400 0.127900 0.232100 0.147900 0.192800 0.238600 0.178600 0.157100 0.190200 0.165200 0.122000 0.213900 0.168100 0.125900 0.183900 0.183500 0.043500 0.005200
Oribi 0.177700 0.381800 0.179800 0.349400 0.135300 0.179300 0.164300 0.073800 0.160900 0.166700 0.135100 0.153500 0.153400 0.177400 0.130800 0.071200 0.151300 0.121200 0.177300 0.174300 0.000000 0.149300 0.178900 0.186600 0.141000 0.047000 0.130400 0.168000 0.053400 0.184900 0.180600 0.151200 0.183800 0.130400 0.134500 0.147300 0.155800 0.115000 0.070800 0.211500 0.172300 0.047600 0.170000 0.144900 0.141000 0.160300 0.065300 0.098300 0.164500 0.185100 0.162100 0.173500
BarbaryShe 0.065100 0.312200 0.217200 0.343800 0.171600 0.079300 0.145900 0.182100 0.225000 0.177200 0.012300 0.169100 0.155000 0.210500 0.165500 0.148300 0.167100 0.142000 0.119500 0.225500 0.149300 0.000000 0.175200 0.198100 0.018900 0.141400 0.130800 0.233200 0.135600 0.236500 0.192000 0.160600 0.201600 0.137500 0.128600 0.176300 0.019000 0.149200 0.176300 0.223300 0.168300 0.129500 0.180800 0.168300 0.169600 0.177200 0.163700 0.117200 0.179900 0.203100 0.226700 0.224500
Daviddeer 0.205200 0.403800 0.197000 0.337500 0.152100 0.222500 0.134400 0.200100 0.184500 0.050000 0.189500 0.137600 0.170800 0.159500 0.140600 0.158400 0.148400 0.124200 0.212500 0.184900 0.178900 0.175200 0.000000 0.088600 0.195500 0.151600 0.147300 0.192000 0.159400 0.189400 0.062800 0.114400 0.167800 0.154000 0.137900 0.144100 0.196900 0.117900 0.191700 0.110500 0.030000 0.160700 0.050900 0.043300 0.137700 0.223000 0.172300 0.087800 0.169700 0.155100 0.185800 0.184100
Reindeer 0.213400 0.393600 0.210400 0.338100 0.180800 0.230800 0.177100 0.199800 0.197800 0.089500 0.197400 0.150900 0.198400 0.204700 0.168000 0.193700 0.176100 0.138200 0.229500 0.198300 0.186600 0.198100 0.088600 0.000000 0.203500 0.166200 0.175000 0.205500 0.174300 0.202600 0.102800 0.156400 0.175200 0.181700 0.172300 0.157400 0.204900 0.145300 0.192800 0.097600 0.095400 0.161700 0.091200 0.056200 0.151000 0.185700 0.187200 0.128400 0.162500 0.183300 0.199200 0.197400
Ibex 0.071100 0.325500 0.222300 0.356100 0.177000 0.071800 0.151600 0.173200 0.230000 0.182700 0.006100 0.174500 0.160400 0.208600 0.170800 0.140200 0.165700 0.147500 0.125300 0.230600 0.141000 0.018900 0.195500 0.203500 0.000000 0.133400 0.122800 0.238200 0.127600 0.241400 0.197500 0.166200 0.206800 0.136400 0.134200 0.181700 0.025200 0.141100 0.167700 0.228700 0.188600 0.121500 0.186500 0.173900 0.175000 0.182800 0.155200 0.122900 0.185400 0.223600 0.231700 0.229500
GyrantGaze 0.169500 0.361300 0.154100 0.334800 0.135300 0.171000 0.144400 0.060700 0.148300 0.139500 0.127500 0.127500 0.127400 0.150300 0.130800 0.034800 0.138300 0.108400 0.168700 0.148600 0.047000 0.141400 0.151600 0.166200 0.133400 0.000000 0.104400 0.155300 0.017400 0.159300 0.153000 0.124600 0.177000 0.104400 0.108800 0.134200 0.148000 0.102400 0.064800 0.188900 0.145100 0.016900 0.142100 0.118400 0.127900 0.140100 0.041100 0.072400 0.136600 0.157800 0.149300 0.148000
Hartebeest 0.159200 0.353000 0.155400 0.287100 0.131100 0.175200 0.113500 0.107600 0.149500 0.148900 0.130500 0.122400 0.035100 0.139300 0.139400 0.110900 0.153900 0.116800 0.131400 0.149800 0.130400 0.130800 0.147300 0.175000 0.122800 0.104400 0.000000 0.156500 0.098700 0.160600 0.162700 0.106900 0.166100 0.017900 0.059900 0.129000 0.137400 0.085200 0.149400 0.216000 0.140800 0.112500 0.151800 0.140800 0.122700 0.141800 0.124100 0.080700 0.106600 0.146300 0.150600 0.149200
Bongo 0.247900 0.457300 0.054300 0.313500 0.162000 0.265100 0.191000 0.186200 0.005200 0.193900 0.232600 0.140400 0.178600 0.210500 0.169400 0.180900 0.209700 0.173400 0.248200 0.037900 0.168000 0.233200 0.192000 0.205500 0.238200 0.155300 0.156500 0.000000 0.162700 0.037500 0.200900 0.178200 0.195200 0.162800 0.167100 0.134300 0.239800 0.128900 0.199800 0.231600 0.185600 0.163900 0.197500 0.172100 0.128300 0.221300 0.161800 0.132500 0.191000 0.190500 0.026100 0.037800
Gerenuk 0.163700 0.355500 0.161500 0.329600 0.142800 0.165200 0.138700 0.067400 0.155600 0.147200 0.121700 0.134900 0.121900 0.158100 0.137900 0.029100 0.132900 0.115500 0.162900 0.155900 0.053400 0.135600 0.159400 0.174300 0.127600 0.017400 0.098700 0.162700 0.000000 0.166600 0.160900 0.132100 0.171600 0.098700 0.115900 0.141600 0.142200 0.109400 0.071300 0.183200 0.152900 0.023600 0.150100 0.125800 0.135300 0.147900 0.047400 0.079100 0.144200 0.165700 0.156700 0.155300
CommonElan 0.251100 0.468300 0.035800 0.345100 0.191800 0.268100 0.201800 0.190000 0.030800 0.191200 0.235900 0.132300 0.182300 0.214000 0.185600 0.184700 0.213000 0.177200 0.266300 0.021200 0.184900 0.236500 0.189400 0.202600 0.241400 0.159300 0.160600 0.037500 0.166600 0.000000 0.198200 0.182000 0.199000 0.166700 0.170900 0.138500 0.243000 0.158500 0.203300 0.242800 0.183100 0.167900 0.194800 0.169800 0.132500 0.224700 0.178700 0.136900 0.194600 0.194200 0.043000 0.021100
MuntiacusR 0.207400 0.417200 0.206000 0.372100 0.167400 0.224800 0.149600 0.202100 0.193300 0.036500 0.191400 0.145900 0.186400 0.176600 0.155200 0.173600 0.169500 0.131700 0.214700 0.193700 0.180600 0.192000 0.062800 0.102800 0.197500 0.153000 0.162700 0.200900 0.160900 0.198200 0.000000 0.129100 0.182800 0.169500 0.138600 0.152400 0.198900 0.132400 0.193500 0.125500 0.056500 0.162300 0.024700 0.054600 0.145900 0.225300 0.173900 0.095000 0.178300 0.191900 0.194700 0.192800
HarveysDui 0.175300 0.332800 0.190300 0.314400 0.112000 0.191800 0.081300 0.156900 0.170900 0.115500 0.160200 0.130500 0.130400 0.068100 0.120900 0.144500 0.154400 0.124000 0.153300 0.171300 0.151200 0.160600 0.114400 0.156400 0.166200 0.124600 0.106900 0.178200 0.132100 0.182000 0.129100 0.000000 0.167700 0.113300 0.111400 0.137100 0.167400 0.079300 0.170500 0.152000 0.107900 0.133100 0.117800 0.121300 0.130700 0.150200 0.144700 0.061900 0.114700 0.127600 0.172100 0.170500
Pronghorn 0.216200 0.380100 0.194000 0.327500 0.171100 0.233000 0.187800 0.217300 0.188100 0.175900 0.201100 0.149400 0.188500 0.199500 0.172300 0.190100 0.147800 0.137200 0.215900 0.188700 0.183800 0.201600 0.167800 0.175200 0.206800 0.177000 0.166100 0.195200 0.171600 0.199000 0.182800 0.167700 0.000000 0.172500 0.156700 0.156200 0.201300 0.137700 0.216100 0.207000 0.174900 0.186200 0.179200 0.148100 0.150000 0.232800 0.197200 0.128000 0.187900 0.187200 0.189400 0.187900
BlueWildeb 0.166100 0.352900 0.161600 0.287000 0.137500 0.175100 0.119900 0.107500 0.155800 0.155600 0.130400 0.128700 0.040200 0.132400 0.145600 0.110800 0.147000 0.123200 0.138200 0.156100 0.130400 0.137500 0.154000 0.181700 0.136400 0.104400 0.017900 0.162800 0.098700 0.166700 0.169500 0.113300 0.172500 0.000000 0.063700 0.135400 0.144200 0.104100 0.149400 0.223100 0.147400 0.112400 0.158600 0.147400 0.129100 0.148400 0.124000 0.087000 0.113100 0.152900 0.156800 0.154100
Gemsbok 0.142700 0.371100 0.165800 0.310100 0.135100 0.158100 0.130900 0.145500 0.160000 0.125300 0.128300 0.120600 0.082800 0.143300 0.130600 0.128000 0.150600 0.114400 0.149400 0.160400 0.134500 0.128600 0.137900 0.172300 0.134200 0.108800 0.059900 0.167100 0.115900 0.170900 0.138600 0.111400 0.156700 0.063700 0.000000 0.140000 0.121600 0.102300 0.153200 0.204600 0.131600 0.116800 0.127700 0.131500 0.133700 0.166700 0.128200 0.066500 0.131100 0.163700 0.161100 0.159700
Yak 0.190800 0.395800 0.145800 0.316100 0.102600 0.207200 0.157000 0.164900 0.127700 0.145600 0.175900 0.076200 0.151700 0.162900 0.105300 0.160200 0.143900 0.107900 0.205200 0.127900 0.147300 0.176300 0.144100 0.157400 0.181700 0.134200 0.129000 0.134300 0.141600 0.138500 0.152400 0.137100 0.156200 0.135400 0.140000 0.000000 0.168800 0.101800 0.166000 0.182100 0.137700 0.142700 0.148400 0.124400 0.016700 0.172200 0.141000 0.097900 0.149800 0.136200 0.128500 0.127400
BlueSheep 0.058300 0.337500 0.223700 0.367700 0.164000 0.072300 0.152600 0.189000 0.231600 0.184100 0.018300 0.175700 0.161500 0.210200 0.172000 0.154900 0.173600 0.148500 0.126200 0.232100 0.155800 0.019000 0.196900 0.204900 0.025200 0.148000 0.137400 0.239800 0.142200 0.243000 0.198900 0.167400 0.201300 0.144200 0.121600 0.168800 0.000000 0.141900 0.183000 0.230300 0.190000 0.136000 0.187900 0.175100 0.162100 0.169300 0.170300 0.123700 0.186700 0.225100 0.233300 0.231000
BohorReedb 0.177600 0.382200 0.166200 0.290800 0.041200 0.193800 0.098300 0.132500 0.122700 0.119100 0.148900 0.108200 0.120800 0.117100 0.087300 0.127700 0.138000 0.101900 0.170200 0.147900 0.115000 0.149200 0.117900 0.145300 0.141100 0.102400 0.085200 0.128900 0.109400 0.158500 0.132400 0.079300 0.137700 0.104100 0.102300 0.101800 0.141900 0.000000 0.146500 0.168700 0.111600 0.110200 0.121400 0.098600 0.095700 0.139600 0.121700 0.054200 0.105100 0.131000 0.135900 0.147300
KirksDik 0.205400 0.422600 0.198300 0.354600 0.180800 0.207300 0.177200 0.092500 0.192500 0.179600 0.161900 0.172400 0.172100 0.196900 0.161100 0.089200 0.182800 0.152500 0.204200 0.192800 0.070800 0.176300 0.191700 0.192800 0.167700 0.064800 0.149400 0.199800 0.071300 0.203300 0.193500 0.170500 0.216100 0.149400 0.153200 0.166000 0.183000 0.146500 0.000000 0.217800 0.185100 0.059600 0.183000 0.157500 0.159600 0.173300 0.083300 0.117000 0.183900 0.204700 0.193800 0.192000
RoeDeer 0.231900 0.402200 0.251200 0.379800 0.191000 0.250100 0.179200 0.240900 0.238000 0.111600 0.222600 0.175400 0.240000 0.200900 0.191700 0.217200 0.178700 0.147400 0.200000 0.238600 0.211500 0.223300 0.110500 0.097600 0.228700 0.188900 0.216000 0.231600 0.183200 0.242800 0.125500 0.152000 0.207000 0.223100 0.204600 0.182100 0.230300 0.168700 0.217800 0.000000 0.117600 0.184500 0.113800 0.077000 0.189800 0.221000 0.197600 0.150500 0.200200 0.195300 0.239800 0.237500
WhiteLippe 0.198200 0.414100 0.190700 0.346300 0.145700 0.215300 0.127200 0.193200 0.178200 0.043700 0.182600 0.131300 0.164300 0.154300 0.133500 0.165400 0.168700 0.131100 0.205400 0.178600 0.172300 0.168300 0.030000 0.095400 0.188600 0.145100 0.140800 0.185600 0.152900 0.183100 0.056500 0.107900 0.174900 0.147400 0.131600 0.137700 0.190000 0.111600 0.185100 0.117600 0.000000 0.154100 0.043200 0.047900 0.131300 0.216000 0.165700 0.081400 0.163100 0.162400 0.179500 0.177800
ThomsonGaz 0.157500 0.349100 0.162700 0.323600 0.143900 0.159000 0.139700 0.067900 0.156800 0.148400 0.115500 0.135900 0.135700 0.159300 0.139000 0.041200 0.146800 0.116300 0.178400 0.157100 0.047600 0.129500 0.160700 0.161700 0.121500 0.016900 0.112500 0.163900 0.023600 0.167900 0.162300 0.133100 0.186200 0.112400 0.116800 0.142700 0.136000 0.110200 0.059600 0.184500 0.154100 0.000000 0.151300 0.126800 0.136300 0.135300 0.047800 0.079800 0.145300 0.167000 0.157900 0.156400
MuntiacusC 0.196300 0.389100 0.202100 0.346800 0.156700 0.213900 0.138500 0.191300 0.189800 0.025300 0.180300 0.128100 0.175900 0.165800 0.144600 0.162900 0.158900 0.120700 0.203700 0.190200 0.170000 0.180800 0.050900 0.091200 0.186500 0.142100 0.151800 0.197500 0.150100 0.194800 0.024700 0.117800 0.179200 0.158600 0.127700 0.148400 0.187900 0.121400 0.183000 0.113800 0.043200 0.151300 0.000000 0.044500 0.141800 0.199600 0.163200 0.083500 0.167400 0.181100 0.191200 0.189300
WhiteTaile 0.183200 0.395500 0.177200 0.330600 0.132200 0.199900 0.141500 0.164300 0.164800 0.043700 0.167800 0.118000 0.164300 0.168100 0.121400 0.144700 0.128800 0.091900 0.190300 0.165200 0.144900 0.168300 0.043300 0.056200 0.173900 0.118400 0.140800 0.172100 0.125800 0.169800 0.054600 0.121300 0.148100 0.147400 0.131500 0.124400 0.175100 0.098600 0.157500 0.077000 0.047900 0.126800 0.044500 0.000000 0.118100 0.186500 0.138500 0.081400 0.141900 0.148600 0.166000 0.164500
Cattle 0.184000 0.396300 0.139800 0.309200 0.109200 0.200300 0.150500 0.158400 0.121700 0.139100 0.169200 0.082500 0.145500 0.170000 0.099300 0.153800 0.150700 0.114500 0.213200 0.122000 0.141000 0.169600 0.137700 0.151000 0.175000 0.127900 0.122700 0.128300 0.135300 0.132500 0.145900 0.130700 0.150000 0.129100 0.133700 0.016700 0.162100 0.095700 0.159600 0.189800 0.131300 0.136300 0.141800 0.118100 0.000000 0.165600 0.147400 0.091700 0.143400 0.129800 0.122500 0.121400
RoyalAntel 0.207500 0.325100 0.233600 0.347800 0.175100 0.225000 0.185700 0.158500 0.213500 0.210300 0.176700 0.179200 0.165400 0.192000 0.196300 0.167300 0.204700 0.173400 0.199700 0.213900 0.160300 0.177200 0.223000 0.185700 0.182800 0.140100 0.141800 0.221300 0.147900 0.224700 0.225300 0.150200 0.232800 0.148400 0.166700 0.172200 0.169300 0.139600 0.173300 0.221000 0.216000 0.135300 0.199600 0.186500 0.165600 0.000000 0.160800 0.136000 0.142800 0.169900 0.215000 0.212900
Steenbok 0.192600 0.380900 0.173600 0.349300 0.155300 0.194400 0.157700 0.080300 0.167700 0.160100 0.149300 0.147200 0.147000 0.170800 0.150100 0.065200 0.157900 0.127700 0.177100 0.168100 0.065300 0.163700 0.172300 0.187200 0.155200 0.041100 0.124100 0.161800 0.047400 0.178700 0.173900 0.144700 0.197200 0.124000 0.128200 0.141000 0.170300 0.121700 0.083300 0.197600 0.165700 0.047800 0.163200 0.138500 0.147400 0.160800 0.000000 0.092100 0.158000 0.178500 0.168900 0.167300
Impala 0.145200 0.363200 0.144500 0.304500 0.086000 0.160900 0.081000 0.114400 0.125700 0.081900 0.116800 0.091600 0.104200 0.106500 0.083100 0.091200 0.109100 0.072700 0.137900 0.125900 0.098300 0.117200 0.087800 0.128400 0.122900 0.072400 0.080700 0.132500 0.079100 0.136900 0.095000 0.061900 0.128000 0.087000 0.066500 0.097900 0.123700 0.054200 0.117000 0.150500 0.081400 0.079800 0.083500 0.081400 0.091700 0.136000 0.092100 0.000000 0.100200 0.114000 0.126600 0.125400
Klipspring 0.209500 0.361200 0.203000 0.303600 0.138900 0.226600 0.148400 0.127300 0.183500 0.164100 0.179400 0.143200 0.130100 0.161400 0.147100 0.163100 0.175400 0.124500 0.159000 0.183900 0.164500 0.179900 0.169700 0.162500 0.185400 0.136600 0.106600 0.191000 0.144200 0.194600 0.178300 0.114700 0.187900 0.113100 0.131100 0.149800 0.186700 0.105100 0.183900 0.200200 0.163100 0.145300 0.167400 0.141900 0.143400 0.142800 0.158000 0.100200 0.000000 0.153700 0.184800 0.183100
ForestMusk 0.218500 0.354000 0.202500 0.308300 0.145500 0.236000 0.175800 0.176600 0.183100 0.177600 0.217600 0.142700 0.156300 0.174600 0.173200 0.184900 0.167600 0.137200 0.225800 0.183500 0.185100 0.203100 0.155100 0.183300 0.223600 0.157800 0.146300 0.190500 0.165700 0.194200 0.191900 0.127600 0.187200 0.152900 0.163700 0.136200 0.225100 0.131000 0.204700 0.195300 0.162400 0.167000 0.181100 0.148600 0.129800 0.169900 0.178500 0.114000 0.153700 0.000000 0.184400 0.182700
Bushbuck 0.241400 0.460200 0.060000 0.329400 0.168900 0.258500 0.192100 0.180100 0.021500 0.187700 0.226100 0.134600 0.172600 0.190900 0.176200 0.174900 0.204500 0.167500 0.256700 0.043500 0.162100 0.226700 0.185800 0.199200 0.231700 0.149300 0.150600 0.026100 0.156700 0.043000 0.194700 0.172100 0.189400 0.156800 0.161100 0.128500 0.233300 0.135900 0.193800 0.239800 0.179500 0.157900 0.191200 0.166000 0.122500 0.215000 0.168900 0.126600 0.184800 0.184400 0.000000 0.043400
GreaterKud 0.239000 0.455200 0.025700 0.333500 0.180400 0.255900 0.190200 0.178300 0.031200 0.185900 0.223900 0.133400 0.171100 0.202400 0.168400 0.173300 0.201800 0.153200 0.254200 0.005200 0.173500 0.224500 0.184100 0.197400 0.229500 0.148000 0.149200 0.037800 0.155300 0.021100 0.192800 0.170500 0.187900 0.154100 0.159700 0.127400 0.231000 0.147300 0.192000 0.237500 0.177800 0.156400 0.189300 0.164500 0.121400 0.212900 0.167300 0.125400 0.183100 0.182700 0.043400 0.000000
