1
52 1
Argali 0.000000 0.055400 0.014500 0.058400 0.012300 0.010900 0.015300 0.015300 0.016300 0.027000 0.005700 0.019300 0.010500 0.013400 0.016300 0.013400 0.037200 0.037100 0.007600 0.013500 0.010800 0.004700 0.026000 0.026200 0.005700 0.017300 0.009500 0.014400 0.015400 0.014400 0.027100 0.014400 0.041400 0.008500 0.009600 0.015300 0.005700 0.017200 0.012400 0.026100 0.026100 0.014400 0.026100 0.027400 0.016300 0.015300 0.012500 0.020200 0.015300 0.027900 0.015400 0.014400
LesserMous 0.055400 0.000000 0.048500 0.068200 0.053000 0.066100 0.049300 0.059400 0.048300 0.047100 0.058700 0.049200 0.057700 0.050200 0.053200 0.057300 0.052400 0.054600 0.056200 0.047400 0.055300 0.057300 0.047100 0.050500 0.058500 0.061500 0.056200 0.048300 0.060600 0.048400 0.048200 0.054300 0.059900 0.057400 0.058600 0.048200 0.058300 0.057300 0.056200 0.047200 0.047200 0.058500 0.047100 0.052800 0.047200 0.056300 0.058700 0.059400 0.057200 0.050900 0.049500 0.048300
LesserKudu 0.014500 0.048500 0.000000 0.048300 0.013400 0.025500 0.016300 0.019300 0.003800 0.019300 0.015500 0.009600 0.013400 0.015400 0.014400 0.015400 0.030400 0.030300 0.013400 0.001000 0.014700 0.014500 0.018300 0.019400 0.015500 0.021300 0.012500 0.001900 0.019400 0.000000 0.019400 0.017400 0.033500 0.013400 0.014500 0.005700 0.017300 0.016300 0.016300 0.018400 0.018400 0.018400 0.018300 0.020500 0.006700 0.015400 0.017500 0.022200 0.016300 0.020200 0.001000 0.000000
KillerWhal 0.058400 0.068200 0.048300 0.000000 0.051900 0.066400 0.050500 0.060300 0.050200 0.044200 0.059600 0.045200 0.052100 0.052200 0.054300 0.057400 0.050600 0.049500 0.055100 0.047300 0.056600 0.057300 0.047200 0.049700 0.059500 0.060500 0.053100 0.048300 0.059800 0.048300 0.045300 0.056300 0.056800 0.054300 0.057500 0.046200 0.059400 0.052300 0.056400 0.047300 0.047300 0.059600 0.045200 0.050900 0.045200 0.054300 0.057700 0.059400 0.054000 0.052100 0.048400 0.048300
DefassaWat 0.012300 0.053000 0.013400 0.051900 0.000000 0.023200 0.010400 0.014200 0.015200 0.021000 0.012400 0.015200 0.011300 0.012300 0.013300 0.012300 0.030900 0.030900 0.012300 0.012400 0.009900 0.011400 0.021900 0.023100 0.012300 0.016200 0.010400 0.013300 0.014300 0.013300 0.021100 0.014200 0.035100 0.011300 0.012300 0.011400 0.014200 0.010400 0.011300 0.022000 0.022000 0.013300 0.020000 0.024200 0.012300 0.011400 0.013400 0.015200 0.012300 0.023800 0.014300 0.013300
Sheep 0.010900 0.066100 0.025500 0.066400 0.023200 0.000000 0.026300 0.024600 0.027300 0.038200 0.016600 0.030400 0.021400 0.024300 0.027300 0.024300 0.047600 0.047500 0.018500 0.024400 0.021800 0.015600 0.037200 0.037500 0.016600 0.028300 0.020400 0.025400 0.026300 0.025400 0.038300 0.025300 0.051900 0.019300 0.020500 0.026300 0.016500 0.026600 0.023200 0.037300 0.037300 0.025300 0.037300 0.038600 0.027300 0.026300 0.023500 0.031300 0.026200 0.039100 0.026500 0.025400
MaxwellsDu 0.015300 0.049300 0.016300 0.050500 0.010400 0.026300 0.000000 0.017200 0.018200 0.020100 0.015300 0.016300 0.012300 0.003800 0.013600 0.015300 0.030100 0.030000 0.013300 0.015400 0.012900 0.014300 0.021100 0.021500 0.015300 0.019100 0.011400 0.016300 0.017200 0.016300 0.020200 0.009100 0.037200 0.012300 0.012700 0.012400 0.017200 0.015200 0.014300 0.021100 0.021100 0.016300 0.019200 0.023300 0.013300 0.012400 0.016300 0.017500 0.012800 0.022400 0.016700 0.016300
GazellaPrz 0.015300 0.059400 0.019300 0.060300 0.014200 0.024600 0.017200 0.000000 0.021100 0.028900 0.013400 0.020200 0.014300 0.017200 0.016200 0.010500 0.040100 0.040000 0.015200 0.018300 0.009500 0.014300 0.028900 0.030100 0.013400 0.012400 0.013300 0.019200 0.012400 0.019200 0.030000 0.019100 0.044300 0.014200 0.016700 0.018200 0.015300 0.017200 0.010400 0.029000 0.029000 0.009500 0.029000 0.031200 0.019200 0.018200 0.012400 0.021100 0.015200 0.030800 0.020200 0.019200
MountainNy 0.016300 0.048300 0.003800 0.050200 0.015200 0.027300 0.018200 0.021100 0.000000 0.021200 0.017400 0.013400 0.015300 0.017300 0.016300 0.017300 0.030200 0.030200 0.015300 0.002900 0.016600 0.016400 0.020200 0.021300 0.017400 0.023100 0.014300 0.003800 0.021200 0.003800 0.021300 0.019200 0.033300 0.015300 0.016400 0.009600 0.019200 0.018200 0.018200 0.020200 0.020200 0.020200 0.020200 0.022400 0.010500 0.017300 0.019300 0.024100 0.018200 0.022000 0.004800 0.003800
MuntiacusM 0.027000 0.047100 0.019300 0.044200 0.021000 0.038200 0.020100 0.028900 0.021200 0.000000 0.028100 0.018300 0.025000 0.021100 0.026000 0.026000 0.025100 0.023300 0.026000 0.018300 0.025500 0.027000 0.004700 0.009600 0.028000 0.031000 0.024000 0.019300 0.030000 0.019300 0.001900 0.025000 0.033200 0.024900 0.026100 0.015300 0.030000 0.024000 0.025900 0.006600 0.004700 0.028000 0.000900 0.011500 0.016300 0.023100 0.028100 0.029900 0.024900 0.020000 0.020300 0.019300
goat 0.005700 0.058700 0.015500 0.059600 0.012400 0.016600 0.015300 0.013400 0.017400 0.028100 0.000000 0.020300 0.008600 0.015400 0.014400 0.012500 0.038300 0.038300 0.007600 0.014500 0.010800 0.002900 0.027100 0.027300 0.000000 0.016300 0.007600 0.015500 0.014400 0.015500 0.028200 0.016400 0.042500 0.006700 0.007700 0.016400 0.003800 0.017300 0.012400 0.027200 0.027200 0.013400 0.027200 0.028500 0.017300 0.015400 0.014500 0.019200 0.015300 0.029000 0.016500 0.015500
AfricanBuf 0.019300 0.049200 0.009600 0.045200 0.015200 0.030400 0.016300 0.020200 0.013400 0.018300 0.020300 0.000000 0.017300 0.015300 0.018300 0.018300 0.029200 0.029200 0.018200 0.010600 0.017700 0.019200 0.018200 0.019400 0.020200 0.022200 0.016300 0.011500 0.022200 0.009600 0.019300 0.017300 0.035400 0.017200 0.018300 0.003800 0.020200 0.018200 0.019200 0.018300 0.018300 0.019300 0.018300 0.020400 0.002900 0.017300 0.020300 0.023100 0.016300 0.018200 0.010600 0.009600
Topi 0.010500 0.057700 0.013400 0.052100 0.011300 0.021400 0.012300 0.014300 0.015300 0.025000 0.008600 0.017300 0.000000 0.012400 0.011400 0.013300 0.033100 0.033000 0.008500 0.012500 0.011900 0.009500 0.024200 0.024200 0.008600 0.017200 0.000900 0.013400 0.013400 0.013400 0.024100 0.014300 0.037200 0.001900 0.008600 0.013500 0.010500 0.014300 0.013300 0.024100 0.024200 0.014300 0.024000 0.025300 0.014500 0.013300 0.015300 0.018100 0.012300 0.025100 0.014400 0.013400
CommonDuik 0.013400 0.050200 0.015400 0.052200 0.012300 0.024300 0.003800 0.017200 0.017300 0.021100 0.015400 0.015300 0.012400 0.000000 0.013400 0.015300 0.031100 0.031100 0.013300 0.014400 0.012800 0.014300 0.020100 0.021200 0.015300 0.019100 0.011400 0.015300 0.017300 0.015400 0.021200 0.005600 0.038300 0.012300 0.013400 0.011400 0.017200 0.017200 0.014300 0.020200 0.020200 0.016300 0.020200 0.022300 0.012400 0.014300 0.014400 0.019200 0.013300 0.021100 0.016300 0.015300
Suni 0.016300 0.053200 0.014400 0.054300 0.013300 0.027300 0.013600 0.016200 0.016300 0.026000 0.014400 0.018300 0.011400 0.013400 0.000000 0.012400 0.034200 0.034100 0.013300 0.013400 0.011800 0.013400 0.025000 0.026200 0.014400 0.017200 0.010400 0.014400 0.015300 0.014400 0.026100 0.014500 0.038300 0.011400 0.014400 0.014400 0.016300 0.017200 0.015200 0.025100 0.025100 0.014400 0.025100 0.027300 0.015300 0.013500 0.017300 0.016300 0.014300 0.025900 0.015400 0.014400
Springbuck 0.013400 0.057300 0.015400 0.057400 0.012300 0.024300 0.015300 0.010500 0.017300 0.026000 0.012500 0.018300 0.013300 0.015300 0.012400 0.000000 0.036100 0.036100 0.013300 0.014400 0.005700 0.012400 0.025000 0.025200 0.012400 0.007600 0.012400 0.015400 0.003800 0.015400 0.026100 0.017200 0.039300 0.013300 0.015300 0.014300 0.014300 0.015300 0.008500 0.025100 0.025100 0.004800 0.025100 0.027300 0.015300 0.014300 0.010500 0.018200 0.015200 0.026900 0.016400 0.015400
Okapi 0.037200 0.052400 0.030400 0.050600 0.030900 0.047600 0.030100 0.040100 0.030200 0.025100 0.038300 0.029200 0.033100 0.031100 0.034200 0.036100 0.000000 0.007700 0.032000 0.029300 0.033600 0.036100 0.024100 0.029300 0.038200 0.040200 0.032000 0.030300 0.038200 0.030300 0.025200 0.035100 0.028400 0.033000 0.036200 0.027200 0.038100 0.034000 0.036000 0.025300 0.024200 0.037200 0.024200 0.029500 0.026200 0.033100 0.038300 0.039500 0.035100 0.028000 0.031400 0.030300
Giraffe 0.037100 0.054600 0.030300 0.049500 0.030900 0.047500 0.030000 0.040000 0.030200 0.023300 0.038300 0.029200 0.033000 0.031100 0.034100 0.036100 0.007700 0.000000 0.034000 0.029300 0.035500 0.036100 0.022300 0.027500 0.038100 0.042100 0.032000 0.030300 0.040200 0.030300 0.023400 0.035100 0.026400 0.033000 0.036200 0.027100 0.038100 0.034000 0.036000 0.023500 0.022400 0.039200 0.022300 0.027600 0.026100 0.033100 0.038300 0.037500 0.035200 0.028000 0.031300 0.030300
TibetanAnt 0.007600 0.056200 0.013400 0.055100 0.012300 0.018500 0.013300 0.015200 0.015300 0.026000 0.007600 0.018200 0.008500 0.013300 0.013300 0.013300 0.032000 0.034000 0.000000 0.012500 0.008900 0.005700 0.025000 0.025200 0.007600 0.015300 0.007600 0.013400 0.013400 0.013400 0.026100 0.014300 0.040200 0.006600 0.007600 0.014300 0.009500 0.017200 0.012300 0.025000 0.025000 0.012400 0.025000 0.026300 0.015300 0.013300 0.014400 0.020100 0.013300 0.026800 0.014400 0.013400
Sitatunga 0.013500 0.047400 0.001000 0.047300 0.012400 0.024400 0.015400 0.018300 0.002900 0.018300 0.014500 0.010600 0.012500 0.014400 0.013400 0.014400 0.029300 0.029300 0.012500 0.000000 0.013800 0.013500 0.017300 0.018400 0.014500 0.020300 0.011500 0.001000 0.018400 0.001000 0.018400 0.016400 0.032400 0.012400 0.013500 0.006700 0.016400 0.015400 0.015300 0.017400 0.017400 0.017400 0.017400 0.019500 0.007700 0.014400 0.016500 0.021200 0.015300 0.019200 0.001900 0.001000
Oribi 0.010800 0.055300 0.014700 0.056600 0.009900 0.021800 0.012900 0.009500 0.016600 0.025500 0.010800 0.017700 0.011900 0.012800 0.011800 0.005700 0.033600 0.035500 0.008900 0.013800 0.000000 0.009800 0.024500 0.025600 0.010800 0.007600 0.010900 0.014700 0.005700 0.014800 0.025500 0.014900 0.039700 0.011800 0.012900 0.013800 0.012800 0.014800 0.006600 0.024500 0.024500 0.004700 0.024500 0.026800 0.014800 0.013700 0.008600 0.017700 0.012800 0.026400 0.015700 0.014700
BarbaryShe 0.004700 0.057300 0.014500 0.057300 0.011400 0.015600 0.014300 0.014300 0.016400 0.027000 0.002900 0.019200 0.009500 0.014300 0.013400 0.012400 0.036100 0.036100 0.005700 0.013500 0.009800 0.000000 0.026000 0.026200 0.002800 0.016200 0.008500 0.014400 0.014400 0.014400 0.027100 0.015300 0.041300 0.007600 0.008600 0.015300 0.006600 0.016200 0.011400 0.026100 0.026100 0.013400 0.026000 0.027300 0.016300 0.014300 0.013400 0.019100 0.014300 0.027800 0.015400 0.014400
Daviddeer 0.026000 0.047100 0.018300 0.047200 0.021900 0.037200 0.021100 0.028900 0.020200 0.004700 0.027100 0.018200 0.024200 0.020100 0.025000 0.025000 0.024100 0.022300 0.025000 0.017300 0.024500 0.026000 0.000000 0.006700 0.027000 0.030900 0.023000 0.018300 0.029000 0.018300 0.004700 0.024100 0.032200 0.023900 0.025100 0.014400 0.029000 0.025000 0.025000 0.003800 0.000000 0.028000 0.003800 0.008600 0.015300 0.024000 0.027100 0.030900 0.024900 0.017100 0.019300 0.018300
Reindeer 0.026200 0.050500 0.019400 0.049700 0.023100 0.037500 0.021500 0.030100 0.021300 0.009600 0.027300 0.019400 0.024200 0.021200 0.026200 0.025200 0.029300 0.027500 0.025200 0.018400 0.025600 0.026200 0.006700 0.000000 0.027200 0.032100 0.023200 0.019400 0.029300 0.019400 0.009600 0.025200 0.035500 0.024100 0.024300 0.015400 0.029200 0.026100 0.027100 0.006700 0.006700 0.029200 0.008600 0.005800 0.016400 0.025200 0.028300 0.032100 0.025200 0.022100 0.020400 0.019400
Ibex 0.005700 0.058500 0.015500 0.059500 0.012300 0.016600 0.015300 0.013400 0.017400 0.028000 0.000000 0.020200 0.008600 0.015300 0.014400 0.012400 0.038200 0.038100 0.007600 0.014500 0.010800 0.002800 0.027000 0.027200 0.000000 0.016300 0.007600 0.015400 0.014400 0.015400 0.028100 0.016300 0.042400 0.006600 0.007600 0.016300 0.003800 0.017200 0.012400 0.027100 0.027100 0.013400 0.027100 0.028400 0.017300 0.015300 0.014400 0.019200 0.015300 0.028900 0.016400 0.015400
GyrantGaze 0.017300 0.061500 0.021300 0.060500 0.016200 0.028300 0.019100 0.012400 0.023100 0.031000 0.016300 0.022200 0.017200 0.019100 0.017200 0.007600 0.040200 0.042100 0.015300 0.020300 0.007600 0.016200 0.030900 0.032100 0.016300 0.000000 0.016200 0.021200 0.007600 0.021200 0.032000 0.021100 0.046400 0.017200 0.019200 0.020200 0.018200 0.021100 0.012400 0.031000 0.031000 0.002800 0.031000 0.033300 0.021100 0.020100 0.014400 0.023000 0.017200 0.032800 0.022200 0.021200
Hartebeest 0.009500 0.056200 0.012500 0.053100 0.010400 0.020400 0.011400 0.013300 0.014300 0.024000 0.007600 0.016300 0.000900 0.011400 0.010400 0.012400 0.032000 0.032000 0.007600 0.011500 0.010900 0.008500 0.023000 0.023200 0.007600 0.016200 0.000000 0.012400 0.012400 0.012400 0.024100 0.013300 0.036200 0.000900 0.007600 0.012500 0.009500 0.013300 0.012300 0.023100 0.023100 0.013400 0.023000 0.024300 0.013500 0.012400 0.014400 0.017200 0.011400 0.025100 0.013400 0.012400
Bongo 0.014400 0.048300 0.001900 0.048300 0.013300 0.025400 0.016300 0.019200 0.003800 0.019300 0.015500 0.011500 0.013400 0.015300 0.014400 0.015400 0.030300 0.030300 0.013400 0.001000 0.014700 0.014400 0.018300 0.019400 0.015400 0.021200 0.012400 0.000000 0.019300 0.001900 0.019300 0.017300 0.033400 0.013400 0.014400 0.007600 0.017300 0.016300 0.016300 0.018300 0.018300 0.018300 0.018300 0.020500 0.008600 0.015400 0.017400 0.022200 0.016300 0.020100 0.002900 0.001900
Gerenuk 0.015400 0.060600 0.019400 0.059800 0.014300 0.026300 0.017200 0.012400 0.021200 0.030000 0.014400 0.022200 0.013400 0.017300 0.015300 0.003800 0.038200 0.040200 0.013400 0.018400 0.005700 0.014400 0.029000 0.029300 0.014400 0.007600 0.012400 0.019300 0.000000 0.019300 0.030200 0.019200 0.043500 0.013300 0.017300 0.018400 0.016300 0.017200 0.010500 0.029100 0.029100 0.004800 0.029100 0.031400 0.019400 0.018300 0.012500 0.021100 0.017200 0.031200 0.020300 0.019300
CommonElan 0.014400 0.048400 0.000000 0.048300 0.013300 0.025400 0.016300 0.019200 0.003800 0.019300 0.015500 0.009600 0.013400 0.015400 0.014400 0.015400 0.030300 0.030300 0.013400 0.001000 0.014800 0.014400 0.018300 0.019400 0.015400 0.021200 0.012400 0.001900 0.019300 0.000000 0.019300 0.017300 0.033400 0.013400 0.014400 0.005700 0.017300 0.016300 0.016300 0.018300 0.018300 0.018300 0.018300 0.020500 0.006700 0.015400 0.017400 0.022200 0.016300 0.020100 0.001000 0.000000
MuntiacusR 0.027100 0.048200 0.019400 0.045300 0.021100 0.038300 0.020200 0.030000 0.021300 0.001900 0.028200 0.019300 0.024100 0.021200 0.026100 0.026100 0.025200 0.023400 0.026100 0.018400 0.025500 0.027100 0.004700 0.009600 0.028100 0.032000 0.024100 0.019300 0.030200 0.019300 0.000000 0.025100 0.033400 0.025000 0.026200 0.015400 0.030100 0.024100 0.026000 0.006700 0.004800 0.029100 0.000900 0.011600 0.016300 0.023200 0.028200 0.030000 0.026000 0.018200 0.020300 0.019300
HarveysDui 0.014400 0.054300 0.017400 0.056300 0.014200 0.025300 0.009100 0.019100 0.019200 0.025000 0.016400 0.017300 0.014300 0.005600 0.014500 0.017200 0.035100 0.035100 0.014300 0.016400 0.014900 0.015300 0.024100 0.025200 0.016300 0.021100 0.013300 0.017300 0.019200 0.017300 0.025100 0.000000 0.040300 0.013300 0.014400 0.013400 0.018200 0.019100 0.016200 0.024100 0.024100 0.018200 0.024100 0.026300 0.014300 0.014300 0.016400 0.021100 0.015200 0.022000 0.018300 0.017300
Pronghorn 0.041400 0.059900 0.033500 0.056800 0.035100 0.051900 0.037200 0.044300 0.033300 0.033200 0.042500 0.035400 0.037200 0.038300 0.038300 0.039300 0.028400 0.026400 0.040200 0.032400 0.039700 0.041300 0.032200 0.035500 0.042400 0.046400 0.036200 0.033400 0.043500 0.033400 0.033400 0.040300 0.000000 0.037100 0.040400 0.033300 0.042400 0.037200 0.040200 0.034300 0.032300 0.043400 0.032200 0.037700 0.032300 0.035300 0.042600 0.044400 0.038300 0.033100 0.034500 0.033400
BlueWildeb 0.008500 0.057400 0.013400 0.054300 0.011300 0.019300 0.012300 0.014200 0.015300 0.024900 0.006700 0.017200 0.001900 0.012300 0.011400 0.013300 0.033000 0.033000 0.006600 0.012400 0.011800 0.007600 0.023900 0.024100 0.006600 0.017200 0.000900 0.013400 0.013300 0.013400 0.025000 0.013300 0.037100 0.000000 0.006600 0.013500 0.008500 0.014200 0.013300 0.024000 0.024000 0.014300 0.024000 0.025200 0.014400 0.012300 0.015300 0.018100 0.012300 0.026100 0.014400 0.013400
Gemsbok 0.009600 0.058600 0.014500 0.057500 0.012300 0.020500 0.012700 0.016700 0.016400 0.026100 0.007700 0.018300 0.008600 0.013400 0.014400 0.015300 0.036200 0.036200 0.007600 0.013500 0.012900 0.008600 0.025100 0.024300 0.007600 0.019200 0.007600 0.014400 0.017300 0.014400 0.026200 0.014400 0.040400 0.006600 0.000000 0.014400 0.009500 0.017200 0.014300 0.025100 0.025100 0.016300 0.025100 0.026400 0.015300 0.013400 0.016400 0.020200 0.013300 0.026900 0.015400 0.014400
Yak 0.015300 0.048200 0.005700 0.046200 0.011400 0.026300 0.012400 0.018200 0.009600 0.015300 0.016400 0.003800 0.013500 0.011400 0.014400 0.014300 0.027200 0.027100 0.014300 0.006700 0.013800 0.015300 0.014400 0.015400 0.016300 0.020200 0.012500 0.007600 0.018400 0.005700 0.015400 0.013400 0.033300 0.013500 0.014400 0.000000 0.018200 0.014400 0.015300 0.014400 0.014400 0.017300 0.014400 0.016500 0.000900 0.013400 0.016400 0.019200 0.014300 0.016200 0.006700 0.005700
BlueSheep 0.005700 0.058300 0.017300 0.059400 0.014200 0.016500 0.017200 0.015300 0.019200 0.030000 0.003800 0.020200 0.010500 0.017200 0.016300 0.014300 0.038100 0.038100 0.009500 0.016400 0.012800 0.006600 0.029000 0.029200 0.003800 0.018200 0.009500 0.017300 0.016300 0.017300 0.030100 0.018200 0.042400 0.008500 0.009500 0.018200 0.000000 0.019100 0.014300 0.029000 0.029000 0.015300 0.029000 0.030300 0.017200 0.017200 0.016400 0.021100 0.017200 0.028800 0.018300 0.017300
BohorReedb 0.017200 0.057300 0.016300 0.052300 0.010400 0.026600 0.015200 0.017200 0.018200 0.024000 0.017300 0.018200 0.014300 0.017200 0.017200 0.015300 0.034000 0.034000 0.017200 0.015400 0.014800 0.016200 0.025000 0.026100 0.017200 0.021100 0.013300 0.016300 0.017200 0.016300 0.024100 0.019100 0.037200 0.014200 0.017200 0.014400 0.019100 0.000000 0.016200 0.025000 0.025000 0.018200 0.023100 0.027300 0.015400 0.014300 0.018300 0.019100 0.017100 0.027100 0.017300 0.016300
KirksDik 0.012400 0.056200 0.016300 0.056400 0.011300 0.023200 0.014300 0.010400 0.018200 0.025900 0.012400 0.019200 0.013300 0.014300 0.015200 0.008500 0.036000 0.036000 0.012300 0.015300 0.006600 0.011400 0.025000 0.027100 0.012400 0.012400 0.012300 0.016300 0.010500 0.016300 0.026000 0.016200 0.040200 0.013300 0.014300 0.015300 0.014300 0.016200 0.000000 0.026000 0.025000 0.009500 0.025000 0.028200 0.016200 0.015200 0.007600 0.019100 0.014200 0.026800 0.017300 0.016300
RoeDeer 0.026100 0.047200 0.018400 0.047300 0.022000 0.037300 0.021100 0.029000 0.020200 0.006600 0.027200 0.018300 0.024100 0.020200 0.025100 0.025100 0.025300 0.023500 0.025000 0.017400 0.024500 0.026100 0.003800 0.006700 0.027100 0.031000 0.023100 0.018300 0.029100 0.018300 0.006700 0.024100 0.034300 0.024000 0.025100 0.014400 0.029000 0.025000 0.026000 0.000000 0.003800 0.028100 0.005700 0.008700 0.015400 0.024100 0.027200 0.029000 0.023000 0.017200 0.019300 0.018300
WhiteLippe 0.026100 0.047200 0.018400 0.047300 0.022000 0.037300 0.021100 0.029000 0.020200 0.004700 0.027200 0.018300 0.024200 0.020200 0.025100 0.025100 0.024200 0.022400 0.025000 0.017400 0.024500 0.026100 0.000000 0.006700 0.027100 0.031000 0.023100 0.018300 0.029100 0.018300 0.004800 0.024100 0.032300 0.024000 0.025100 0.014400 0.029000 0.025000 0.025000 0.003800 0.000000 0.028100 0.003800 0.008700 0.015400 0.024100 0.027200 0.031000 0.025000 0.017200 0.019300 0.018300
ThomsonGaz 0.014400 0.058500 0.018400 0.059600 0.013300 0.025300 0.016300 0.009500 0.020200 0.028000 0.013400 0.019300 0.014300 0.016300 0.014400 0.004800 0.037200 0.039200 0.012400 0.017400 0.004700 0.013400 0.028000 0.029200 0.013400 0.002800 0.013400 0.018300 0.004800 0.018300 0.029100 0.018200 0.043400 0.014300 0.016300 0.017300 0.015300 0.018200 0.009500 0.028100 0.028100 0.000000 0.028100 0.030400 0.018200 0.017300 0.011500 0.020100 0.014300 0.029900 0.019300 0.018300
MuntiacusC 0.026100 0.047100 0.018300 0.045200 0.020000 0.037300 0.019200 0.029000 0.020200 0.000900 0.027200 0.018300 0.024000 0.020200 0.025100 0.025100 0.024200 0.022300 0.025000 0.017400 0.024500 0.026000 0.003800 0.008600 0.027100 0.031000 0.023000 0.018300 0.029100 0.018300 0.000900 0.024100 0.032200 0.024000 0.025100 0.014400 0.029000 0.023100 0.025000 0.005700 0.003800 0.028100 0.000000 0.010600 0.015300 0.022100 0.027200 0.029000 0.025000 0.019100 0.019300 0.018300
WhiteTaile 0.027400 0.052800 0.020500 0.050900 0.024200 0.038600 0.023300 0.031200 0.022400 0.011500 0.028500 0.020400 0.025300 0.022300 0.027300 0.027300 0.029500 0.027600 0.026300 0.019500 0.026800 0.027300 0.008600 0.005800 0.028400 0.033300 0.024300 0.020500 0.031400 0.020500 0.011600 0.026300 0.037700 0.025200 0.026400 0.016500 0.030300 0.027300 0.028200 0.008700 0.008700 0.030400 0.010600 0.000000 0.017500 0.026300 0.029500 0.033300 0.027200 0.023200 0.021500 0.020500
Cattle 0.016300 0.047200 0.006700 0.045200 0.012300 0.027300 0.013300 0.019200 0.010500 0.016300 0.017300 0.002900 0.014500 0.012400 0.015300 0.015300 0.026200 0.026100 0.015300 0.007700 0.014800 0.016300 0.015300 0.016400 0.017300 0.021100 0.013500 0.008600 0.019400 0.006700 0.016300 0.014300 0.032300 0.014400 0.015300 0.000900 0.017200 0.015400 0.016200 0.015400 0.015400 0.018200 0.015300 0.017500 0.000000 0.014300 0.017300 0.020100 0.015200 0.015200 0.007700 0.006700
RoyalAntel 0.015300 0.056300 0.015400 0.054300 0.011400 0.026300 0.012400 0.018200 0.017300 0.023100 0.015400 0.017300 0.013300 0.014300 0.013500 0.014300 0.033100 0.033100 0.013300 0.014400 0.013700 0.014300 0.024000 0.025200 0.015300 0.020100 0.012400 0.015400 0.018300 0.015400 0.023200 0.014300 0.035300 0.012300 0.013400 0.013400 0.017200 0.014300 0.015200 0.024100 0.024100 0.017300 0.022100 0.026300 0.014300 0.000000 0.017300 0.018200 0.014300 0.023900 0.016400 0.015400
Steenbok 0.012500 0.058700 0.017500 0.057700 0.013400 0.023500 0.016300 0.012400 0.019300 0.028100 0.014500 0.020300 0.015300 0.014400 0.017300 0.010500 0.038300 0.038300 0.014400 0.016500 0.008600 0.013400 0.027100 0.028300 0.014400 0.014400 0.014400 0.017400 0.012500 0.017400 0.028200 0.016400 0.042600 0.015300 0.016400 0.016400 0.016400 0.018300 0.007600 0.027200 0.027200 0.011500 0.027200 0.029500 0.017300 0.017300 0.000000 0.021200 0.016300 0.029000 0.018400 0.017400
Impala 0.020200 0.059400 0.022200 0.059400 0.015200 0.031300 0.017500 0.021100 0.024100 0.029900 0.019200 0.023100 0.018100 0.019200 0.016300 0.018200 0.039500 0.037500 0.020100 0.021200 0.017700 0.019100 0.030900 0.032100 0.019200 0.023000 0.017200 0.022200 0.021100 0.022200 0.030000 0.021100 0.044400 0.018100 0.020200 0.019200 0.021100 0.019100 0.019100 0.029000 0.031000 0.020100 0.029000 0.033300 0.020100 0.018200 0.021200 0.000000 0.020000 0.027800 0.023200 0.022200
Klipspring 0.015300 0.057200 0.016300 0.054000 0.012300 0.026200 0.012800 0.015200 0.018200 0.024900 0.015300 0.016300 0.012300 0.013300 0.014300 0.015200 0.035100 0.035200 0.013300 0.015300 0.012800 0.014300 0.024900 0.025200 0.015300 0.017200 0.011400 0.016300 0.017200 0.016300 0.026000 0.015200 0.038300 0.012300 0.013300 0.014300 0.017200 0.017100 0.014200 0.023000 0.025000 0.014300 0.025000 0.027200 0.015200 0.014300 0.016300 0.020000 0.000000 0.026800 0.016300 0.016300
ForestMusk 0.027900 0.050900 0.020200 0.052100 0.023800 0.039100 0.022400 0.030800 0.022000 0.020000 0.029000 0.018200 0.025100 0.021100 0.025900 0.026900 0.028000 0.028000 0.026800 0.019200 0.026400 0.027800 0.017100 0.022100 0.028900 0.032800 0.025100 0.020100 0.031200 0.020100 0.018200 0.022000 0.033100 0.026100 0.026900 0.016200 0.028800 0.027100 0.026800 0.017200 0.017200 0.029900 0.019100 0.023200 0.015200 0.023900 0.029000 0.027800 0.026800 0.000000 0.021200 0.020100
Bushbuck 0.015400 0.049500 0.001000 0.048400 0.014300 0.026500 0.016700 0.020200 0.004800 0.020300 0.016500 0.010600 0.014400 0.016300 0.015400 0.016400 0.031400 0.031300 0.014400 0.001900 0.015700 0.015400 0.019300 0.020400 0.016400 0.022200 0.013400 0.002900 0.020300 0.001000 0.020300 0.018300 0.034500 0.014400 0.015400 0.006700 0.018300 0.017300 0.017300 0.019300 0.019300 0.019300 0.019300 0.021500 0.007700 0.016400 0.018400 0.023200 0.016300 0.021200 0.000000 0.001000
GreaterKud 0.014400 0.048300 0.000000 0.048300 0.013300 0.025400 0.016300 0.019200 0.003800 0.019300 0.015500 0.009600 0.013400 0.015300 0.014400 0.015400 0.030300 0.030300 0.013400 0.001000 0.014700 0.014400 0.018300 0.019400 0.015400 0.021200 0.012400 0.001900 0.019300 0.000000 0.019300 0.017300 0.033400 0.013400 0.014400 0.005700 0.017300 0.016300 0.016300 0.018300 0.018300 0.018300 0.018300 0.020500 0.006700 0.015400 0.017400 0.022200 0.016300 0.020100 0.001000 0.000000
