CODONML (in paml version 4.10.7, June 2023)  /home/rachel/ruminants_paml/6406-phy-tree/ENSBTAT00000046618.fasta.phy
Model: free dN/dS Ratios for branches,  kappa = 2.000 fixed

Codon frequency model: F3x4
ns =  54  ls =  31

Codon usage in sequences
--------------------------------------------------------------------------------------------------------------------------------------
Phe TTT   0   0   0   0   0   0 | Ser TCT   0   0   0   0   0   0 | Tyr TAT   0   0   0   0   0   0 | Cys TGT   1   1   1   1   1   1
    TTC   1   1   1   1   1   1 |     TCC   0   0   0   0   0   0 |     TAC   1   1   1   1   1   1 |     TGC   0   0   0   0   0   0
Leu TTA   0   0   0   0   0   0 |     TCA   0   0   0   0   0   0 | *** TAA   0   0   0   0   0   0 | *** TGA   0   0   0   0   0   0
    TTG   0   0   0   0   0   0 |     TCG   0   0   0   0   0   0 |     TAG   0   0   0   0   0   0 | Trp TGG   3   3   3   3   3   3
--------------------------------------------------------------------------------------------------------------------------------------
Leu CTT   0   0   0   0   0   0 | Pro CCT   0   0   0   0   0   0 | His CAT   0   0   0   0   0   0 | Arg CGT   0   0   0   0   0   0
    CTC   0   0   0   0   0   0 |     CCC   1   1   1   1   1   1 |     CAC   2   2   2   2   1   2 |     CGC   0   0   0   0   0   0
    CTA   0   0   0   0   0   0 |     CCA   0   0   0   0   0   0 | Gln CAA   0   0   0   0   1   1 |     CGA   1   1   1   1   0   0
    CTG   2   2   2   2   2   2 |     CCG   0   0   0   0   0   0 |     CAG   0   0   0   0   0   0 |     CGG   0   0   0   0   1   0
--------------------------------------------------------------------------------------------------------------------------------------
Ile ATT   0   0   0   0   0   0 | Thr ACT   0   0   0   0   0   0 | Asn AAT   0   0   0   0   0   0 | Ser AGT   0   0   0   0   0   0
    ATC   1   1   1   1   1   1 |     ACC   1   1   1   1   1   1 |     AAC   1   0   1   0   1   0 |     AGC   1   1   1   2   1   2
    ATA   0   0   0   0   0   0 |     ACA   1   1   1   1   1   1 | Lys AAA   0   0   0   0   0   0 | Arg AGA   0   0   0   0   0   0
Met ATG   1   1   1   1   1   1 |     ACG   1   1   1   1   0   1 |     AAG   1   1   1   1   2   1 |     AGG   1   1   1   1   0   1
--------------------------------------------------------------------------------------------------------------------------------------
Val GTT   0   0   0   0   0   0 | Ala GCT   0   0   0   0   1   1 | Asp GAT   0   0   0   0   0   0 | Gly GGT   0   0   0   0   0   0
    GTC   0   0   0   0   0   0 |     GCC   0   0   0   0   0   0 |     GAC   0   1   0   1   1   1 |     GGC   1   1   1   0   2   1
    GTA   0   0   0   0   0   0 |     GCA   1   1   1   1   0   0 | Glu GAA   0   1   0   0   1   0 |     GGA   0   1   0   0   0   0
    GTG   1   1   1   1   1   1 |     GCG   0   0   0   0   1   0 |     GAG   6   4   6   6   3   6 |     GGG   1   1   1   1   1   0
--------------------------------------------------------------------------------------------------------------------------------------

--------------------------------------------------------------------------------------------------------------------------------------
Phe TTT   0   0   0   0   0   0 | Ser TCT   0   0   0   0   0   0 | Tyr TAT   0   0   1   0   0   0 | Cys TGT   1   1   1   1   1   1
    TTC   1   1   1   1   1   1 |     TCC   0   0   0   0   0   0 |     TAC   1   1   0   1   1   1 |     TGC   0   0   0   0   0   0
Leu TTA   0   0   0   0   0   0 |     TCA   0   0   0   0   0   0 | *** TAA   0   0   0   0   0   0 | *** TGA   0   0   0   0   0   0
    TTG   0   0   0   0   0   0 |     TCG   0   0   0   0   0   0 |     TAG   0   0   0   0   0   0 | Trp TGG   3   3   3   3   3   3
--------------------------------------------------------------------------------------------------------------------------------------
Leu CTT   0   0   0   0   0   0 | Pro CCT   0   0   0   0   0   0 | His CAT   0   0   0   0   0   0 | Arg CGT   0   0   0   0   0   0
    CTC   0   0   0   0   0   0 |     CCC   1   1   1   1   1   1 |     CAC   2   2   2   2   2   2 |     CGC   0   0   0   0   0   0
    CTA   0   0   0   0   0   0 |     CCA   0   0   0   0   0   0 | Gln CAA   0   0   0   0   0   0 |     CGA   1   1   1   1   1   1
    CTG   2   2   2   2   2   2 |     CCG   0   0   0   0   0   0 |     CAG   0   0   0   0   0   0 |     CGG   0   0   0   0   0   0
--------------------------------------------------------------------------------------------------------------------------------------
Ile ATT   0   1   0   0   0   0 | Thr ACT   0   0   0   0   0   0 | Asn AAT   0   0   0   0   0   0 | Ser AGT   0   0   0   0   0   0
    ATC   1   0   1   1   1   1 |     ACC   1   1   1   1   1   1 |     AAC   1   1   1   1   1   0 |     AGC   1   1   1   1   1   1
    ATA   0   0   0   0   0   0 |     ACA   1   1   1   1   1   1 | Lys AAA   0   0   0   0   0   0 | Arg AGA   0   0   0   0   0   0
Met ATG   1   1   1   1   1   1 |     ACG   1   1   1   1   1   1 |     AAG   1   1   1   1   1   1 |     AGG   1   1   1   1   1   1
--------------------------------------------------------------------------------------------------------------------------------------
Val GTT   0   0   0   0   0   0 | Ala GCT   0   0   0   0   0   0 | Asp GAT   0   0   0   0   0   0 | Gly GGT   0   0   0   0   0   0
    GTC   0   0   0   0   0   0 |     GCC   0   0   0   0   0   0 |     GAC   0   0   0   0   0   1 |     GGC   1   1   1   1   1   1
    GTA   0   0   0   0   0   0 |     GCA   1   1   1   1   1   1 | Glu GAA   0   0   0   0   0   0 |     GGA   0   0   0   0   0   0
    GTG   1   1   1   1   1   1 |     GCG   0   0   0   0   0   0 |     GAG   6   6   6   6   6   5 |     GGG   1   1   1   1   1   2
--------------------------------------------------------------------------------------------------------------------------------------

--------------------------------------------------------------------------------------------------------------------------------------
Phe TTT   0   0   0   0   0   0 | Ser TCT   0   0   0   0   0   0 | Tyr TAT   0   0   0   0   0   0 | Cys TGT   1   1   1   1   1   1
    TTC   1   1   1   1   1   1 |     TCC   0   0   0   0   0   0 |     TAC   1   1   1   1   1   1 |     TGC   0   0   0   0   0   0
Leu TTA   0   0   0   0   0   0 |     TCA   0   0   0   0   0   0 | *** TAA   0   0   0   0   0   0 | *** TGA   0   0   0   0   0   0
    TTG   0   0   0   0   0   0 |     TCG   0   0   0   0   0   0 |     TAG   0   0   0   0   0   0 | Trp TGG   3   3   3   3   3   3
--------------------------------------------------------------------------------------------------------------------------------------
Leu CTT   0   0   0   0   0   0 | Pro CCT   0   0   0   0   0   0 | His CAT   0   0   0   0   0   0 | Arg CGT   0   0   0   0   0   0
    CTC   0   0   0   0   0   0 |     CCC   1   1   1   1   1   1 |     CAC   2   2   2   2   2   2 |     CGC   0   0   0   0   0   0
    CTA   0   0   0   0   0   0 |     CCA   0   0   0   0   0   0 | Gln CAA   0   1   0   0   0   0 |     CGA   1   0   1   1   1   1
    CTG   2   2   2   2   2   2 |     CCG   0   0   0   0   0   0 |     CAG   0   0   0   0   0   0 |     CGG   0   0   0   0   0   0
--------------------------------------------------------------------------------------------------------------------------------------
Ile ATT   0   0   0   0   0   0 | Thr ACT   0   0   0   0   0   0 | Asn AAT   0   0   1   0   0   0 | Ser AGT   0   0   0   0   0   0
    ATC   1   1   1   1   1   1 |     ACC   1   1   1   1   1   1 |     AAC   1   0   0   1   1   1 |     AGC   1   1   1   1   1   1
    ATA   0   0   0   0   0   0 |     ACA   1   1   1   1   1   1 | Lys AAA   0   0   0   0   0   0 | Arg AGA   0   0   0   0   0   0
Met ATG   1   1   1   1   1   1 |     ACG   1   1   1   1   1   1 |     AAG   1   1   1   1   1   1 |     AGG   1   1   1   1   1   1
--------------------------------------------------------------------------------------------------------------------------------------
Val GTT   0   0   0   0   0   0 | Ala GCT   0   0   0   0   0   0 | Asp GAT   0   0   0   0   0   0 | Gly GGT   0   0   0   0   0   0
    GTC   0   0   0   0   0   0 |     GCC   0   1   0   0   0   0 |     GAC   0   1   0   0   0   0 |     GGC   1   1   1   1   1   1
    GTA   0   0   0   0   0   0 |     GCA   1   0   1   1   1   1 | Glu GAA   0   0   0   0   1   0 |     GGA   0   0   0   0   0   0
    GTG   1   1   1   1   1   1 |     GCG   0   0   0   0   0   0 |     GAG   6   6   6   6   5   6 |     GGG   1   1   1   1   1   1
--------------------------------------------------------------------------------------------------------------------------------------

--------------------------------------------------------------------------------------------------------------------------------------
Phe TTT   0   0   0   0   0   0 | Ser TCT   0   0   0   0   0   0 | Tyr TAT   0   0   0   0   1   0 | Cys TGT   1   1   1   1   1   1
    TTC   1   1   1   1   1   1 |     TCC   0   0   0   0   0   0 |     TAC   1   1   1   1   0   1 |     TGC   0   0   0   0   0   0
Leu TTA   0   0   0   0   0   0 |     TCA   0   0   0   0   0   0 | *** TAA   0   0   0   0   0   0 | *** TGA   0   0   0   0   0   0
    TTG   0   0   0   0   0   0 |     TCG   0   0   0   0   0   0 |     TAG   0   0   0   0   0   0 | Trp TGG   3   3   3   3   3   3
--------------------------------------------------------------------------------------------------------------------------------------
Leu CTT   0   0   0   0   0   0 | Pro CCT   0   0   0   0   0   0 | His CAT   0   0   0   0   0   0 | Arg CGT   0   0   0   0   0   0
    CTC   0   0   1   0   0   0 |     CCC   1   1   1   1   1   1 |     CAC   2   2   2   2   2   2 |     CGC   0   0   0   0   0   0
    CTA   0   0   0   0   0   0 |     CCA   0   0   0   0   0   0 | Gln CAA   0   0   0   0   0   0 |     CGA   1   1   1   1   1   1
    CTG   2   2   1   2   2   2 |     CCG   0   0   0   0   0   0 |     CAG   0   0   0   0   0   0 |     CGG   0   0   0   0   0   0
--------------------------------------------------------------------------------------------------------------------------------------
Ile ATT   0   0   0   0   0   0 | Thr ACT   0   0   0   0   0   0 | Asn AAT   0   0   0   0   0   0 | Ser AGT   0   0   0   0   0   0
    ATC   1   1   1   1   1   1 |     ACC   1   2   1   1   1   1 |     AAC   1   1   1   1   1   1 |     AGC   1   0   1   1   1   1
    ATA   0   0   0   0   0   0 |     ACA   1   0   1   1   1   1 | Lys AAA   0   0   0   0   0   0 | Arg AGA   0   0   0   0   1   0
Met ATG   1   1   1   1   1   1 |     ACG   1   2   1   1   1   1 |     AAG   1   1   1   1   1   1 |     AGG   1   1   1   1   0   1
--------------------------------------------------------------------------------------------------------------------------------------
Val GTT   0   0   0   0   0   0 | Ala GCT   0   0   0   0   0   0 | Asp GAT   0   0   0   0   0   0 | Gly GGT   0   0   0   0   0   0
    GTC   0   0   0   0   0   0 |     GCC   0   0   0   0   0   0 |     GAC   0   0   0   0   0   0 |     GGC   1   1   1   1   1   1
    GTA   0   0   0   0   0   0 |     GCA   1   1   1   1   1   1 | Glu GAA   0   0   0   0   0   0 |     GGA   0   0   0   0   0   0
    GTG   1   1   1   1   1   1 |     GCG   0   0   0   0   0   0 |     GAG   6   6   6   6   6   6 |     GGG   1   1   1   1   1   1
--------------------------------------------------------------------------------------------------------------------------------------

--------------------------------------------------------------------------------------------------------------------------------------
Phe TTT   0   0   0   0   0   0 | Ser TCT   0   0   0   0   0   0 | Tyr TAT   0   0   0   0   0   0 | Cys TGT   1   1   1   1   1   1
    TTC   1   1   1   1   1   1 |     TCC   0   0   0   0   0   0 |     TAC   1   1   1   1   1   1 |     TGC   0   0   0   0   0   0
Leu TTA   0   0   0   0   0   0 |     TCA   0   0   0   0   0   0 | *** TAA   0   0   0   0   0   0 | *** TGA   0   0   0   0   0   0
    TTG   0   0   0   0   0   0 |     TCG   0   0   0   0   0   0 |     TAG   0   0   0   0   0   0 | Trp TGG   3   3   3   3   3   3
--------------------------------------------------------------------------------------------------------------------------------------
Leu CTT   0   0   0   0   0   0 | Pro CCT   0   0   0   0   0   0 | His CAT   0   0   0   0   0   0 | Arg CGT   0   0   0   0   0   0
    CTC   0   0   0   0   0   0 |     CCC   1   1   1   1   1   1 |     CAC   2   2   2   2   2   2 |     CGC   0   0   0   0   0   0
    CTA   0   0   0   0   0   0 |     CCA   0   0   0   0   0   0 | Gln CAA   0   0   0   0   0   0 |     CGA   1   1   1   1   1   1
    CTG   2   2   2   2   2   2 |     CCG   0   0   0   0   0   0 |     CAG   0   0   0   0   0   0 |     CGG   0   0   0   0   0   0
--------------------------------------------------------------------------------------------------------------------------------------
Ile ATT   0   0   0   0   0   0 | Thr ACT   0   0   0   0   0   0 | Asn AAT   0   0   0   0   0   0 | Ser AGT   0   0   0   0   0   0
    ATC   1   1   1   1   1   1 |     ACC   1   1   1   1   1   1 |     AAC   0   0   1   1   1   1 |     AGC   1   1   1   1   1   1
    ATA   0   0   0   0   0   0 |     ACA   1   1   1   1   1   1 | Lys AAA   0   0   0   0   0   0 | Arg AGA   0   0   0   0   0   0
Met ATG   1   1   1   1   1   1 |     ACG   1   1   1   1   1   1 |     AAG   1   2   1   2   1   1 |     AGG   1   1   1   1   1   1
--------------------------------------------------------------------------------------------------------------------------------------
Val GTT   0   0   0   0   0   0 | Ala GCT   0   0   0   0   0   0 | Asp GAT   0   0   0   0   0   0 | Gly GGT   0   0   0   0   0   0
    GTC   0   0   0   0   0   0 |     GCC   0   0   0   0   0   0 |     GAC   1   1   0   0   0   0 |     GGC   1   1   1   1   1   1
    GTA   0   0   0   0   0   0 |     GCA   1   1   1   1   1   1 | Glu GAA   0   0   0   0   0   0 |     GGA   0   0   0   0   0   0
    GTG   1   1   1   1   1   1 |     GCG   0   0   0   0   0   0 |     GAG   5   4   6   5   6   6 |     GGG   2   2   1   1   1   1
--------------------------------------------------------------------------------------------------------------------------------------

--------------------------------------------------------------------------------------------------------------------------------------
Phe TTT   0   0   0   0   0   0 | Ser TCT   0   0   0   0   0   0 | Tyr TAT   0   0   0   0   0   0 | Cys TGT   1   1   1   1   1   1
    TTC   1   1   1   1   1   1 |     TCC   0   0   0   0   0   0 |     TAC   1   1   1   1   1   1 |     TGC   0   0   0   0   0   0
Leu TTA   0   0   0   0   0   0 |     TCA   0   0   0   0   0   0 | *** TAA   0   0   0   0   0   0 | *** TGA   0   0   0   0   0   0
    TTG   0   0   0   0   0   0 |     TCG   0   0   0   0   0   0 |     TAG   0   0   0   0   0   0 | Trp TGG   3   3   3   3   3   3
--------------------------------------------------------------------------------------------------------------------------------------
Leu CTT   0   0   0   0   0   0 | Pro CCT   0   0   0   0   0   0 | His CAT   0   0   0   0   0   0 | Arg CGT   0   0   0   0   0   0
    CTC   0   0   0   0   0   0 |     CCC   1   1   1   1   1   1 |     CAC   2   2   2   2   2   2 |     CGC   0   0   0   0   0   0
    CTA   0   0   0   0   0   0 |     CCA   0   0   0   0   0   0 | Gln CAA   0   0   0   0   0   0 |     CGA   1   1   1   1   1   1
    CTG   2   2   2   2   2   2 |     CCG   0   0   0   0   0   0 |     CAG   0   0   0   0   0   0 |     CGG   0   0   0   0   0   0
--------------------------------------------------------------------------------------------------------------------------------------
Ile ATT   0   0   0   0   0   0 | Thr ACT   0   0   0   0   0   0 | Asn AAT   0   0   0   0   0   0 | Ser AGT   0   0   0   0   0   0
    ATC   1   1   1   1   1   1 |     ACC   1   1   1   1   1   1 |     AAC   1   1   0   1   0   1 |     AGC   1   1   1   1   1   1
    ATA   0   0   0   0   0   0 |     ACA   1   1   1   1   0   1 | Lys AAA   0   0   0   0   0   0 | Arg AGA   0   0   0   0   0   0
Met ATG   1   1   1   1   1   1 |     ACG   1   1   1   1   2   1 |     AAG   2   2   1   1   1   1 |     AGG   1   1   1   1   1   1
--------------------------------------------------------------------------------------------------------------------------------------
Val GTT   0   0   0   0   0   0 | Ala GCT   0   0   0   0   0   0 | Asp GAT   0   0   0   0   0   0 | Gly GGT   0   0   0   0   0   0
    GTC   0   0   0   0   0   0 |     GCC   0   0   0   0   0   0 |     GAC   0   0   1   0   1   0 |     GGC   1   1   1   1   1   1
    GTA   0   0   0   0   0   0 |     GCA   1   1   1   1   0   1 | Glu GAA   0   0   0   0   0   0 |     GGA   0   0   0   0   0   0
    GTG   1   1   1   1   1   1 |     GCG   0   0   0   0   1   0 |     GAG   5   5   5   6   6   6 |     GGG   1   1   2   1   1   1
--------------------------------------------------------------------------------------------------------------------------------------

--------------------------------------------------------------------------------------------------------------------------------------
Phe TTT   0   0   0   0   0   0 | Ser TCT   0   0   0   0   0   0 | Tyr TAT   0   0   0   0   0   0 | Cys TGT   1   1   1   1   1   1
    TTC   1   1   1   1   1   1 |     TCC   0   0   0   0   0   0 |     TAC   1   1   1   1   1   1 |     TGC   0   0   0   0   0   0
Leu TTA   0   0   0   0   0   0 |     TCA   0   0   0   0   0   0 | *** TAA   0   0   0   0   0   0 | *** TGA   0   0   0   0   0   0
    TTG   0   0   0   0   0   0 |     TCG   0   0   0   0   0   0 |     TAG   0   0   0   0   0   0 | Trp TGG   3   3   3   3   3   3
--------------------------------------------------------------------------------------------------------------------------------------
Leu CTT   0   0   0   0   0   0 | Pro CCT   0   0   0   0   0   0 | His CAT   0   0   0   0   0   0 | Arg CGT   0   0   0   0   0   0
    CTC   0   0   0   0   0   0 |     CCC   1   1   1   1   1   1 |     CAC   2   2   2   2   2   2 |     CGC   0   0   0   0   0   0
    CTA   0   0   0   0   0   0 |     CCA   0   0   0   0   0   0 | Gln CAA   0   0   0   0   0   0 |     CGA   1   1   1   1   1   1
    CTG   2   2   2   2   2   2 |     CCG   0   0   0   0   0   0 |     CAG   0   0   0   0   0   0 |     CGG   0   0   0   0   0   0
--------------------------------------------------------------------------------------------------------------------------------------
Ile ATT   0   0   0   0   0   0 | Thr ACT   0   0   0   0   0   0 | Asn AAT   0   0   0   1   0   0 | Ser AGT   0   0   0   0   0   0
    ATC   1   1   1   1   1   1 |     ACC   1   1   1   1   1   1 |     AAC   1   0   1   0   1   0 |     AGC   1   1   1   2   1   1
    ATA   0   0   0   0   0   0 |     ACA   1   1   1   1   1   1 | Lys AAA   0   0   0   0   0   0 | Arg AGA   0   0   0   0   0   0
Met ATG   1   2   1   1   1   1 |     ACG   1   0   1   1   1   1 |     AAG   1   1   1   1   1   1 |     AGG   1   1   1   1   1   1
--------------------------------------------------------------------------------------------------------------------------------------
Val GTT   0   0   0   0   0   0 | Ala GCT   0   0   0   0   0   0 | Asp GAT   0   0   0   0   0   0 | Gly GGT   0   0   0   0   0   0
    GTC   0   0   0   0   0   0 |     GCC   0   1   0   0   0   0 |     GAC   0   1   0   0   0   1 |     GGC   1   1   1   0   1   1
    GTA   0   0   0   0   0   0 |     GCA   1   0   1   1   1   1 | Glu GAA   0   0   0   0   0   0 |     GGA   0   0   0   0   0   0
    GTG   1   1   1   1   1   1 |     GCG   0   0   0   0   0   0 |     GAG   6   6   6   6   6   5 |     GGG   1   1   1   1   1   2
--------------------------------------------------------------------------------------------------------------------------------------

--------------------------------------------------------------------------------------------------------------------------------------
Phe TTT   0   0   0   0   0   0 | Ser TCT   0   0   0   0   0   0 | Tyr TAT   0   0   0   0   0   0 | Cys TGT   1   1   1   1   1   1
    TTC   1   1   1   1   1   1 |     TCC   0   0   0   0   0   0 |     TAC   1   1   1   1   1   1 |     TGC   0   0   0   0   0   0
Leu TTA   0   0   0   0   0   0 |     TCA   0   0   0   0   0   0 | *** TAA   0   0   0   0   0   0 | *** TGA   0   0   0   0   0   0
    TTG   0   0   0   0   0   0 |     TCG   0   0   0   0   0   0 |     TAG   0   0   0   0   0   0 | Trp TGG   3   3   3   3   3   3
--------------------------------------------------------------------------------------------------------------------------------------
Leu CTT   0   0   0   0   0   0 | Pro CCT   0   0   0   0   0   0 | His CAT   0   0   0   0   0   0 | Arg CGT   0   0   0   0   0   0
    CTC   0   0   0   0   0   0 |     CCC   1   1   1   1   1   1 |     CAC   2   2   2   2   2   2 |     CGC   0   0   0   0   0   0
    CTA   0   0   0   0   0   0 |     CCA   0   0   0   0   0   0 | Gln CAA   0   0   0   0   0   0 |     CGA   1   1   1   1   1   1
    CTG   2   2   2   2   2   2 |     CCG   0   0   0   0   0   0 |     CAG   0   0   0   0   0   0 |     CGG   0   0   0   0   0   0
--------------------------------------------------------------------------------------------------------------------------------------
Ile ATT   0   0   0   0   0   0 | Thr ACT   0   0   0   0   0   0 | Asn AAT   0   0   0   0   0   0 | Ser AGT   0   0   0   0   0   0
    ATC   1   1   1   2   1   1 |     ACC   1   1   1   0   1   1 |     AAC   0   1   0   0   0   1 |     AGC   1   1   1   1   1   1
    ATA   0   0   0   0   0   0 |     ACA   1   1   1   1   1   2 | Lys AAA   0   0   0   0   0   0 | Arg AGA   0   0   0   0   0   0
Met ATG   1   1   1   1   2   1 |     ACG   1   1   1   1   0   0 |     AAG   1   1   1   2   1   1 |     AGG   1   1   1   1   1   1
--------------------------------------------------------------------------------------------------------------------------------------
Val GTT   0   0   0   0   0   0 | Ala GCT   0   0   0   0   0   0 | Asp GAT   0   0   0   0   0   0 | Gly GGT   0   0   0   0   0   0
    GTC   0   0   0   0   0   0 |     GCC   0   0   0   0   1   0 |     GAC   1   0   1   1   1   0 |     GGC   1   1   1   1   1   1
    GTA   0   0   0   0   0   0 |     GCA   1   1   1   1   0   1 | Glu GAA   0   0   0   0   0   0 |     GGA   0   0   0   0   0   0
    GTG   1   1   1   1   1   1 |     GCG   0   0   0   0   0   0 |     GAG   5   6   5   4   6   6 |     GGG   2   1   2   2   1   1
--------------------------------------------------------------------------------------------------------------------------------------

--------------------------------------------------------------------------------------------------------------------------------------
Phe TTT   0   0   0   0   0   0 | Ser TCT   0   0   0   0   0   0 | Tyr TAT   0   0   0   0   0   0 | Cys TGT   1   1   1   1   1   1
    TTC   1   1   1   1   1   1 |     TCC   0   0   0   0   0   0 |     TAC   1   1   1   1   1   1 |     TGC   0   0   0   0   0   0
Leu TTA   0   0   0   0   0   0 |     TCA   0   0   0   0   0   0 | *** TAA   0   0   0   0   0   0 | *** TGA   0   0   0   0   0   0
    TTG   0   0   0   0   0   0 |     TCG   0   0   0   0   0   0 |     TAG   0   0   0   0   0   0 | Trp TGG   3   3   3   3   3   3
--------------------------------------------------------------------------------------------------------------------------------------
Leu CTT   0   0   0   0   0   0 | Pro CCT   0   0   0   0   0   0 | His CAT   0   1   0   0   0   0 | Arg CGT   0   0   0   0   0   0
    CTC   0   0   0   0   0   0 |     CCC   1   1   1   1   1   1 |     CAC   2   1   2   2   2   2 |     CGC   0   0   0   0   0   0
    CTA   0   0   0   0   0   0 |     CCA   0   0   0   0   0   0 | Gln CAA   0   0   0   0   0   0 |     CGA   1   1   1   1   1   1
    CTG   2   2   2   2   2   2 |     CCG   0   0   0   0   0   0 |     CAG   0   0   0   0   0   0 |     CGG   0   0   0   0   0   0
--------------------------------------------------------------------------------------------------------------------------------------
Ile ATT   0   0   0   0   0   0 | Thr ACT   0   0   0   0   0   0 | Asn AAT   0   1   0   0   0   0 | Ser AGT   0   0   0   0   0   0
    ATC   1   1   1   1   1   1 |     ACC   1   1   1   1   1   1 |     AAC   1   0   1   0   1   1 |     AGC   1   1   1   2   1   1
    ATA   0   0   0   0   0   0 |     ACA   1   1   1   1   1   1 | Lys AAA   0   0   0   0   0   0 | Arg AGA   0   0   1   0   0   0
Met ATG   1   1   2   1   1   1 |     ACG   1   1   0   1   1   1 |     AAG   1   1   1   1   1   1 |     AGG   1   1   0   1   1   1
--------------------------------------------------------------------------------------------------------------------------------------
Val GTT   0   0   0   0   0   0 | Ala GCT   0   0   0   0   0   0 | Asp GAT   0   0   0   0   0   0 | Gly GGT   0   0   0   0   0   0
    GTC   0   0   0   0   0   0 |     GCC   0   0   0   0   0   0 |     GAC   0   0   0   1   0   0 |     GGC   1   1   1   0   1   1
    GTA   0   0   0   0   0   0 |     GCA   1   1   1   1   1   1 | Glu GAA   0   0   0   0   0   0 |     GGA   0   0   0   0   0   0
    GTG   1   1   1   1   1   1 |     GCG   0   0   0   0   0   0 |     GAG   6   6   6   6   6   6 |     GGG   1   1   1   1   1   1
--------------------------------------------------------------------------------------------------------------------------------------

Codon position x base (3x4) table for each sequence.

#1: Argali         
position  1:    T:0.19355    C:0.19355    A:0.29032    G:0.32258
position  2:    T:0.19355    C:0.16129    A:0.35484    G:0.29032
position  3:    T:0.03226    C:0.32258    A:0.09677    G:0.54839
Average         T:0.13978    C:0.22581    A:0.24731    G:0.38710

#2: LesserMouseDeer
position  1:    T:0.19355    C:0.19355    A:0.25806    G:0.35484
position  2:    T:0.19355    C:0.16129    A:0.32258    G:0.32258
position  3:    T:0.03226    C:0.32258    A:0.16129    G:0.48387
Average         T:0.13978    C:0.22581    A:0.24731    G:0.38710

#3: LesserKudu     
position  1:    T:0.19355    C:0.19355    A:0.29032    G:0.32258
position  2:    T:0.19355    C:0.16129    A:0.35484    G:0.29032
position  3:    T:0.03226    C:0.32258    A:0.09677    G:0.54839
Average         T:0.13978    C:0.22581    A:0.24731    G:0.38710

#4: ForestMuskDeer2
position  1:    T:0.19355    C:0.19355    A:0.29032    G:0.32258
position  2:    T:0.19355    C:0.16129    A:0.35484    G:0.29032
position  3:    T:0.03226    C:0.32258    A:0.09677    G:0.54839
Average         T:0.13978    C:0.22581    A:0.24731    G:0.38710

#5: Camel          
position  1:    T:0.19355    C:0.19355    A:0.25806    G:0.35484
position  2:    T:0.19355    C:0.16129    A:0.35484    G:0.29032
position  3:    T:0.06452    C:0.35484    A:0.09677    G:0.48387
Average         T:0.15054    C:0.23656    A:0.23656    G:0.37634

#6: KillerWhale    
position  1:    T:0.19355    C:0.19355    A:0.29032    G:0.32258
position  2:    T:0.19355    C:0.16129    A:0.38710    G:0.25806
position  3:    T:0.06452    C:0.35484    A:0.06452    G:0.51613
Average         T:0.15054    C:0.23656    A:0.24731    G:0.36559

#7: DefassaWaterbuck
position  1:    T:0.19355    C:0.19355    A:0.29032    G:0.32258
position  2:    T:0.19355    C:0.16129    A:0.35484    G:0.29032
position  3:    T:0.03226    C:0.32258    A:0.09677    G:0.54839
Average         T:0.13978    C:0.22581    A:0.24731    G:0.38710

#8: Sheep          
position  1:    T:0.19355    C:0.19355    A:0.29032    G:0.32258
position  2:    T:0.19355    C:0.16129    A:0.35484    G:0.29032
position  3:    T:0.06452    C:0.29032    A:0.09677    G:0.54839
Average         T:0.15054    C:0.21505    A:0.24731    G:0.38710

#9: MaxwellsDuiker 
position  1:    T:0.19355    C:0.19355    A:0.29032    G:0.32258
position  2:    T:0.19355    C:0.16129    A:0.35484    G:0.29032
position  3:    T:0.06452    C:0.29032    A:0.09677    G:0.54839
Average         T:0.15054    C:0.21505    A:0.24731    G:0.38710

#10: GazellaPrzewalskyi
position  1:    T:0.19355    C:0.19355    A:0.29032    G:0.32258
position  2:    T:0.19355    C:0.16129    A:0.35484    G:0.29032
position  3:    T:0.03226    C:0.32258    A:0.09677    G:0.54839
Average         T:0.13978    C:0.22581    A:0.24731    G:0.38710

#11: MountainNyala  
position  1:    T:0.19355    C:0.19355    A:0.29032    G:0.32258
position  2:    T:0.19355    C:0.16129    A:0.35484    G:0.29032
position  3:    T:0.03226    C:0.32258    A:0.09677    G:0.54839
Average         T:0.13978    C:0.22581    A:0.24731    G:0.38710

#12: MuntiacusMuntjak
position  1:    T:0.19355    C:0.19355    A:0.25806    G:0.35484
position  2:    T:0.19355    C:0.16129    A:0.32258    G:0.32258
position  3:    T:0.03226    C:0.32258    A:0.09677    G:0.54839
Average         T:0.13978    C:0.22581    A:0.22581    G:0.40860

#13: goat           
position  1:    T:0.19355    C:0.19355    A:0.29032    G:0.32258
position  2:    T:0.19355    C:0.16129    A:0.35484    G:0.29032
position  3:    T:0.03226    C:0.32258    A:0.09677    G:0.54839
Average         T:0.13978    C:0.22581    A:0.24731    G:0.38710

#14: AfricanBuffalo 
position  1:    T:0.19355    C:0.19355    A:0.25806    G:0.35484
position  2:    T:0.19355    C:0.16129    A:0.38710    G:0.25806
position  3:    T:0.03226    C:0.35484    A:0.06452    G:0.54839
Average         T:0.13978    C:0.23656    A:0.23656    G:0.38710

#15: Topi           
position  1:    T:0.19355    C:0.19355    A:0.29032    G:0.32258
position  2:    T:0.19355    C:0.16129    A:0.35484    G:0.29032
position  3:    T:0.06452    C:0.29032    A:0.09677    G:0.54839
Average         T:0.15054    C:0.21505    A:0.24731    G:0.38710

#16: CommonDuiker   
position  1:    T:0.19355    C:0.19355    A:0.29032    G:0.32258
position  2:    T:0.19355    C:0.16129    A:0.35484    G:0.29032
position  3:    T:0.03226    C:0.32258    A:0.09677    G:0.54839
Average         T:0.13978    C:0.22581    A:0.24731    G:0.38710

#17: Suni           
position  1:    T:0.19355    C:0.19355    A:0.29032    G:0.32258
position  2:    T:0.19355    C:0.16129    A:0.35484    G:0.29032
position  3:    T:0.03226    C:0.32258    A:0.12903    G:0.51613
Average         T:0.13978    C:0.22581    A:0.25806    G:0.37634

#18: Springbuck     
position  1:    T:0.19355    C:0.19355    A:0.29032    G:0.32258
position  2:    T:0.19355    C:0.16129    A:0.35484    G:0.29032
position  3:    T:0.03226    C:0.32258    A:0.09677    G:0.54839
Average         T:0.13978    C:0.22581    A:0.24731    G:0.38710

#19: Okapi          
position  1:    T:0.19355    C:0.19355    A:0.29032    G:0.32258
position  2:    T:0.19355    C:0.16129    A:0.35484    G:0.29032
position  3:    T:0.03226    C:0.32258    A:0.09677    G:0.54839
Average         T:0.13978    C:0.22581    A:0.24731    G:0.38710

#20: Giraffe        
position  1:    T:0.19355    C:0.19355    A:0.29032    G:0.32258
position  2:    T:0.19355    C:0.19355    A:0.35484    G:0.25806
position  3:    T:0.03226    C:0.32258    A:0.06452    G:0.58065
Average         T:0.13978    C:0.23656    A:0.23656    G:0.38710

#21: TibetanAntelope
position  1:    T:0.19355    C:0.19355    A:0.29032    G:0.32258
position  2:    T:0.19355    C:0.16129    A:0.35484    G:0.29032
position  3:    T:0.03226    C:0.35484    A:0.09677    G:0.51613
Average         T:0.13978    C:0.23656    A:0.24731    G:0.37634

#22: Sitatunga      
position  1:    T:0.19355    C:0.19355    A:0.29032    G:0.32258
position  2:    T:0.19355    C:0.16129    A:0.35484    G:0.29032
position  3:    T:0.03226    C:0.32258    A:0.09677    G:0.54839
Average         T:0.13978    C:0.22581    A:0.24731    G:0.38710

#23: Oribi          
position  1:    T:0.19355    C:0.19355    A:0.29032    G:0.32258
position  2:    T:0.19355    C:0.16129    A:0.35484    G:0.29032
position  3:    T:0.06452    C:0.29032    A:0.12903    G:0.51613
Average         T:0.15054    C:0.21505    A:0.25806    G:0.37634

#24: BarbarySheep   
position  1:    T:0.19355    C:0.19355    A:0.29032    G:0.32258
position  2:    T:0.19355    C:0.16129    A:0.35484    G:0.29032
position  3:    T:0.03226    C:0.32258    A:0.09677    G:0.54839
Average         T:0.13978    C:0.22581    A:0.24731    G:0.38710

#25: Daviddeer      
position  1:    T:0.19355    C:0.19355    A:0.25806    G:0.35484
position  2:    T:0.19355    C:0.16129    A:0.32258    G:0.32258
position  3:    T:0.03226    C:0.32258    A:0.09677    G:0.54839
Average         T:0.13978    C:0.22581    A:0.22581    G:0.40860

#26: Reindeer       
position  1:    T:0.19355    C:0.19355    A:0.29032    G:0.32258
position  2:    T:0.19355    C:0.16129    A:0.32258    G:0.32258
position  3:    T:0.03226    C:0.32258    A:0.09677    G:0.54839
Average         T:0.13978    C:0.22581    A:0.23656    G:0.39785

#27: Ibex           
position  1:    T:0.19355    C:0.19355    A:0.29032    G:0.32258
position  2:    T:0.19355    C:0.16129    A:0.35484    G:0.29032
position  3:    T:0.03226    C:0.32258    A:0.09677    G:0.54839
Average         T:0.13978    C:0.22581    A:0.24731    G:0.38710

#28: GyrantGazelle  
position  1:    T:0.19355    C:0.19355    A:0.32258    G:0.29032
position  2:    T:0.19355    C:0.16129    A:0.35484    G:0.29032
position  3:    T:0.03226    C:0.32258    A:0.09677    G:0.54839
Average         T:0.13978    C:0.22581    A:0.25806    G:0.37634

#29: Hartebeest     
position  1:    T:0.19355    C:0.19355    A:0.29032    G:0.32258
position  2:    T:0.19355    C:0.16129    A:0.35484    G:0.29032
position  3:    T:0.03226    C:0.32258    A:0.09677    G:0.54839
Average         T:0.13978    C:0.22581    A:0.24731    G:0.38710

#30: Bongo          
position  1:    T:0.19355    C:0.19355    A:0.29032    G:0.32258
position  2:    T:0.19355    C:0.16129    A:0.35484    G:0.29032
position  3:    T:0.03226    C:0.32258    A:0.09677    G:0.54839
Average         T:0.13978    C:0.22581    A:0.24731    G:0.38710

#31: Gerenuk        
position  1:    T:0.19355    C:0.19355    A:0.32258    G:0.29032
position  2:    T:0.19355    C:0.16129    A:0.35484    G:0.29032
position  3:    T:0.03226    C:0.32258    A:0.09677    G:0.54839
Average         T:0.13978    C:0.22581    A:0.25806    G:0.37634

#32: CommonEland    
position  1:    T:0.19355    C:0.19355    A:0.32258    G:0.29032
position  2:    T:0.19355    C:0.16129    A:0.35484    G:0.29032
position  3:    T:0.03226    C:0.32258    A:0.09677    G:0.54839
Average         T:0.13978    C:0.22581    A:0.25806    G:0.37634

#33: MuntiacusReevesi
position  1:    T:0.19355    C:0.19355    A:0.25806    G:0.35484
position  2:    T:0.19355    C:0.16129    A:0.32258    G:0.32258
position  3:    T:0.03226    C:0.32258    A:0.09677    G:0.54839
Average         T:0.13978    C:0.22581    A:0.22581    G:0.40860

#34: HarveysDuiker  
position  1:    T:0.19355    C:0.19355    A:0.29032    G:0.32258
position  2:    T:0.19355    C:0.16129    A:0.35484    G:0.29032
position  3:    T:0.03226    C:0.32258    A:0.09677    G:0.54839
Average         T:0.13978    C:0.22581    A:0.24731    G:0.38710

#35: Pronghorn      
position  1:    T:0.19355    C:0.19355    A:0.25806    G:0.35484
position  2:    T:0.19355    C:0.16129    A:0.35484    G:0.29032
position  3:    T:0.03226    C:0.32258    A:0.03226    G:0.61290
Average         T:0.13978    C:0.22581    A:0.21505    G:0.41935

#36: BlueWildebeest 
position  1:    T:0.19355    C:0.19355    A:0.29032    G:0.32258
position  2:    T:0.19355    C:0.16129    A:0.35484    G:0.29032
position  3:    T:0.03226    C:0.32258    A:0.09677    G:0.54839
Average         T:0.13978    C:0.22581    A:0.24731    G:0.38710

#37: Gemsbok        
position  1:    T:0.19355    C:0.19355    A:0.29032    G:0.32258
position  2:    T:0.19355    C:0.16129    A:0.35484    G:0.29032
position  3:    T:0.03226    C:0.32258    A:0.09677    G:0.54839
Average         T:0.13978    C:0.22581    A:0.24731    G:0.38710

#38: Yak            
position  1:    T:0.19355    C:0.19355    A:0.25806    G:0.35484
position  2:    T:0.22581    C:0.12903    A:0.35484    G:0.29032
position  3:    T:0.03226    C:0.35484    A:0.06452    G:0.54839
Average         T:0.15054    C:0.22581    A:0.22581    G:0.39785

#39: BlueSheep      
position  1:    T:0.19355    C:0.19355    A:0.29032    G:0.32258
position  2:    T:0.19355    C:0.16129    A:0.35484    G:0.29032
position  3:    T:0.03226    C:0.32258    A:0.09677    G:0.54839
Average         T:0.13978    C:0.22581    A:0.24731    G:0.38710

#40: BohorReedbuck  
position  1:    T:0.19355    C:0.19355    A:0.32258    G:0.29032
position  2:    T:0.19355    C:0.16129    A:0.35484    G:0.29032
position  3:    T:0.06452    C:0.29032    A:0.09677    G:0.54839
Average         T:0.15054    C:0.21505    A:0.25806    G:0.37634

#41: KirksDik       
position  1:    T:0.19355    C:0.19355    A:0.29032    G:0.32258
position  2:    T:0.19355    C:0.16129    A:0.35484    G:0.29032
position  3:    T:0.03226    C:0.32258    A:0.09677    G:0.54839
Average         T:0.13978    C:0.22581    A:0.24731    G:0.38710

#42: RoeDeer        
position  1:    T:0.19355    C:0.19355    A:0.25806    G:0.35484
position  2:    T:0.19355    C:0.16129    A:0.32258    G:0.32258
position  3:    T:0.03226    C:0.32258    A:0.09677    G:0.54839
Average         T:0.13978    C:0.22581    A:0.22581    G:0.40860

#43: WhiteLippedDeer
position  1:    T:0.19355    C:0.19355    A:0.25806    G:0.35484
position  2:    T:0.19355    C:0.16129    A:0.32258    G:0.32258
position  3:    T:0.03226    C:0.32258    A:0.09677    G:0.54839
Average         T:0.13978    C:0.22581    A:0.22581    G:0.40860

#44: ThomsonGazelle 
position  1:    T:0.19355    C:0.19355    A:0.29032    G:0.32258
position  2:    T:0.19355    C:0.16129    A:0.35484    G:0.29032
position  3:    T:0.03226    C:0.32258    A:0.09677    G:0.54839
Average         T:0.13978    C:0.22581    A:0.24731    G:0.38710

#45: MuntiacusCrinifrons
position  1:    T:0.19355    C:0.19355    A:0.25806    G:0.35484
position  2:    T:0.19355    C:0.16129    A:0.32258    G:0.32258
position  3:    T:0.03226    C:0.32258    A:0.09677    G:0.54839
Average         T:0.13978    C:0.22581    A:0.22581    G:0.40860

#46: WhiteTailedDeer
position  1:    T:0.19355    C:0.19355    A:0.29032    G:0.32258
position  2:    T:0.22581    C:0.12903    A:0.32258    G:0.32258
position  3:    T:0.03226    C:0.32258    A:0.09677    G:0.54839
Average         T:0.15054    C:0.21505    A:0.23656    G:0.39785

#47: Cattle         
position  1:    T:0.19355    C:0.19355    A:0.25806    G:0.35484
position  2:    T:0.22581    C:0.12903    A:0.35484    G:0.29032
position  3:    T:0.03226    C:0.35484    A:0.06452    G:0.54839
Average         T:0.15054    C:0.22581    A:0.22581    G:0.39785

#48: RoyalAntelope  
position  1:    T:0.19355    C:0.19355    A:0.29032    G:0.32258
position  2:    T:0.19355    C:0.16129    A:0.35484    G:0.29032
position  3:    T:0.03226    C:0.32258    A:0.12903    G:0.51613
Average         T:0.13978    C:0.22581    A:0.25806    G:0.37634

#49: Steenbok       
position  1:    T:0.19355    C:0.19355    A:0.29032    G:0.32258
position  2:    T:0.19355    C:0.16129    A:0.35484    G:0.29032
position  3:    T:0.03226    C:0.32258    A:0.09677    G:0.54839
Average         T:0.13978    C:0.22581    A:0.24731    G:0.38710

#50: Impala         
position  1:    T:0.19355    C:0.19355    A:0.29032    G:0.32258
position  2:    T:0.19355    C:0.16129    A:0.35484    G:0.29032
position  3:    T:0.09677    C:0.25806    A:0.09677    G:0.54839
Average         T:0.16129    C:0.20430    A:0.24731    G:0.38710

#51: Klipspringer   
position  1:    T:0.19355    C:0.19355    A:0.29032    G:0.32258
position  2:    T:0.22581    C:0.12903    A:0.35484    G:0.29032
