1
52 1
Argali 0.000000 0.215400 0.083100 0.156800 0.055300 0.000000 0.027500 0.036400 0.081900 0.046700 0.054600 0.073400 0.009200 0.009200 0.095400 0.036600 0.103800 0.110500 0.028300 0.081700 0.072500 0.018400 0.074700 0.045300 0.054800 0.045700 0.009200 0.073000 0.054600 0.073300 0.046800 0.036900 0.075500 0.009200 0.027900 0.066400 0.000000 0.046300 0.054900 0.066000 0.083900 0.040000 0.055900 0.049100 0.055900 0.065600 0.046100 0.082800 0.037300 0.120800 0.073000 0.082300
LesserMous 0.215400 0.000000 0.229000 0.199500 0.259100 0.215400 0.223600 0.243200 0.233400 0.210600 0.265600 0.244100 0.215800 0.214600 0.298900 0.244200 0.197700 0.190300 0.227300 0.233300 0.258000 0.224700 0.241300 0.208300 0.255100 0.259100 0.215700 0.224100 0.274800 0.224900 0.205200 0.198200 0.224400 0.215300 0.240500 0.229100 0.216200 0.249700 0.254700 0.208100 0.227800 0.250600 0.220300 0.198300 0.225700 0.261800 0.207200 0.273700 0.237700 0.326000 0.224100 0.235300
LesserKudu 0.083100 0.229000 0.000000 0.171100 0.110700 0.083100 0.091800 0.100500 0.016600 0.072600 0.099000 0.098000 0.074000 0.073900 0.163400 0.100900 0.128600 0.134400 0.114800 0.016500 0.116500 0.082900 0.099900 0.073400 0.119100 0.110300 0.074000 0.008300 0.118900 0.008300 0.072900 0.082100 0.121600 0.074000 0.093200 0.091800 0.083400 0.122400 0.109700 0.091900 0.109000 0.106300 0.081600 0.072800 0.090600 0.131700 0.071900 0.127500 0.102900 0.158200 0.008300 0.016600
KillerWhal 0.156800 0.199500 0.171100 0.000000 0.223400 0.156800 0.165400 0.163000 0.190000 0.155400 0.206000 0.204900 0.156800 0.157000 0.236600 0.186000 0.205300 0.221300 0.182200 0.197300 0.232700 0.166100 0.186000 0.152300 0.195500 0.196000 0.156900 0.180700 0.216000 0.181200 0.156000 0.142000 0.183700 0.156600 0.179500 0.212600 0.157300 0.213800 0.211500 0.153800 0.173100 0.190800 0.170100 0.144200 0.198400 0.211900 0.178400 0.239900 0.190000 0.227500 0.180700 0.191400
DefassaWat 0.055300 0.259100 0.110700 0.223400 0.000000 0.055300 0.084000 0.092800 0.109300 0.104900 0.111500 0.121200 0.065800 0.065800 0.156200 0.093300 0.153500 0.159200 0.086300 0.109200 0.119700 0.074900 0.133200 0.105300 0.111800 0.102700 0.065700 0.100500 0.091700 0.100900 0.105100 0.094100 0.131600 0.065700 0.085200 0.115700 0.055500 0.008800 0.101300 0.125100 0.142800 0.099000 0.114100 0.104700 0.104100 0.124200 0.093800 0.131000 0.094900 0.185600 0.100500 0.109900
Sheep 0.000000 0.215400 0.083100 0.156800 0.055300 0.000000 0.027500 0.036400 0.081900 0.046700 0.054600 0.073400 0.009200 0.009200 0.095400 0.036600 0.103800 0.110500 0.028300 0.081700 0.072500 0.018400 0.074700 0.045300 0.054800 0.045700 0.009200 0.073000 0.054600 0.073300 0.046800 0.036900 0.075500 0.009200 0.027900 0.066400 0.000000 0.046300 0.054900 0.066000 0.083900 0.040000 0.055900 0.049100 0.055900 0.065600 0.046100 0.082800 0.037300 0.120800 0.073000 0.082300
MaxwellsDu 0.027500 0.223600 0.091800 0.165400 0.084000 0.027500 0.000000 0.045300 0.090600 0.055800 0.063400 0.063100 0.018300 0.018400 0.074600 0.045500 0.092500 0.119000 0.037500 0.090500 0.081100 0.027400 0.083600 0.056200 0.044900 0.054700 0.018300 0.081800 0.054100 0.082100 0.055900 0.045900 0.064900 0.018300 0.037000 0.075400 0.027600 0.075000 0.063700 0.075100 0.092800 0.049300 0.064900 0.036700 0.064900 0.064800 0.055000 0.081900 0.055000 0.130400 0.081800 0.091100
GazellaPrz 0.036400 0.243200 0.100500 0.163000 0.092800 0.036400 0.045300 0.000000 0.099200 0.064600 0.072100 0.090800 0.027300 0.027400 0.113400 0.035800 0.121200 0.127700 0.046500 0.099000 0.070900 0.036300 0.092100 0.065100 0.072200 0.044800 0.027300 0.090400 0.053400 0.090800 0.064700 0.054700 0.093300 0.027300 0.045900 0.084400 0.036500 0.083800 0.053600 0.083900 0.101400 0.039300 0.054400 0.064500 0.073700 0.073600 0.045100 0.080600 0.055200 0.139500 0.090400 0.099700
MountainNy 0.081900 0.233400 0.016600 0.190000 0.109300 0.081900 0.090600 0.099200 0.000000 0.071700 0.097600 0.096800 0.073100 0.073000 0.161200 0.099700 0.127100 0.113500 0.113000 0.016300 0.115200 0.081700 0.098700 0.072500 0.117400 0.109000 0.073000 0.008300 0.117500 0.008200 0.072000 0.081100 0.120000 0.073000 0.092000 0.081200 0.082200 0.120800 0.108400 0.090800 0.107800 0.105400 0.080700 0.071900 0.080200 0.129900 0.071100 0.125800 0.101600 0.167700 0.008100 0.016600
MuntiacusM 0.046700 0.210600 0.072600 0.155400 0.104900 0.046700 0.055800 0.064600 0.071700 0.000000 0.083100 0.082500 0.037400 0.037400 0.126300 0.064800 0.112800 0.118900 0.054200 0.071500 0.101000 0.046500 0.026800 0.018300 0.083300 0.074200 0.037400 0.062900 0.083000 0.063200 0.000100 0.046100 0.084800 0.037400 0.056600 0.075600 0.046900 0.095700 0.083500 0.036700 0.035800 0.068100 0.008900 0.018100 0.064900 0.095000 0.055200 0.100200 0.066000 0.131200 0.062900 0.072100
goat 0.054600 0.265600 0.099000 0.206000 0.111500 0.054600 0.063400 0.072100 0.097600 0.083100 0.000000 0.109000 0.045600 0.045600 0.132500 0.072400 0.140200 0.146100 0.065200 0.097400 0.088500 0.035900 0.110700 0.086900 0.017100 0.081500 0.045600 0.088900 0.090100 0.089300 0.083200 0.073100 0.092000 0.045600 0.055000 0.103200 0.054800 0.102600 0.090500 0.102600 0.120000 0.077400 0.092100 0.086200 0.092200 0.101900 0.082100 0.098900 0.073700 0.159800 0.088900 0.098100
AfricanBuf 0.073400 0.244100 0.098000 0.204900 0.121200 0.073400 0.063100 0.090800 0.096800 0.082500 0.109000 0.000000 0.064400 0.064300 0.138800 0.091200 0.118800 0.125000 0.095000 0.096700 0.106900 0.073200 0.109900 0.083100 0.109300 0.100500 0.064300 0.088200 0.109000 0.088500 0.082600 0.072600 0.111600 0.064300 0.083400 0.035500 0.073700 0.112100 0.100100 0.101800 0.119100 0.096500 0.091500 0.082400 0.035100 0.111300 0.062400 0.108000 0.093200 0.158900 0.088200 0.097300
Topi 0.009200 0.215800 0.074000 0.156800 0.065800 0.009200 0.018300 0.027300 0.073100 0.037400 0.045600 0.064400 0.000000 0.000200 0.086000 0.027500 0.094400 0.101500 0.018900 0.072900 0.063600 0.009200 0.065500 0.032500 0.045700 0.036600 0.000000 0.064100 0.045600 0.064300 0.037500 0.027700 0.066100 0.000100 0.018700 0.057000 0.009300 0.056600 0.045800 0.056600 0.074700 0.029600 0.046600 0.037200 0.046700 0.051600 0.037000 0.073700 0.028100 0.111300 0.064100 0.073400
CommonDuik 0.009200 0.214600 0.073900 0.157000 0.065800 0.009200 0.018400 0.027400 0.073000 0.037400 0.045600 0.064300 0.000200 0.000000 0.086100 0.027500 0.094300 0.101300 0.018900 0.072800 0.063500 0.009200 0.065400 0.037700 0.045700 0.036700 0.000200 0.064000 0.045600 0.064200 0.037500 0.027700 0.066100 0.000200 0.018600 0.057000 0.009300 0.056600 0.045800 0.056600 0.074600 0.030800 0.046600 0.037300 0.046600 0.056200 0.036900 0.073700 0.028000 0.111000 0.064000 0.073300
Suni 0.095400 0.298900 0.163400 0.236600 0.156200 0.095400 0.074600 0.113400 0.161200 0.126300 0.132500 0.138800 0.086000 0.086100 0.000000 0.114000 0.164100 0.191700 0.107500 0.161000 0.150700 0.095200 0.145200 0.123900 0.112300 0.113800 0.086000 0.152100 0.122600 0.152700 0.126400 0.094400 0.136000 0.085900 0.106000 0.148000 0.095700 0.146900 0.133000 0.147200 0.155000 0.110500 0.135800 0.105200 0.135500 0.103700 0.124500 0.130900 0.116000 0.210900 0.152100 0.162100
Springbuck 0.036600 0.244200 0.100900 0.186000 0.093300 0.036600 0.045500 0.035800 0.099700 0.064800 0.072400 0.091200 0.027500 0.027500 0.114000 0.000000 0.121500 0.127800 0.046800 0.099500 0.071200 0.036500 0.092600 0.065300 0.072600 0.045000 0.027500 0.090800 0.035300 0.091200 0.065000 0.055000 0.093900 0.027400 0.046100 0.084800 0.036700 0.084200 0.054000 0.084200 0.101900 0.036100 0.073900 0.064700 0.074100 0.083700 0.045300 0.100600 0.055500 0.140200 0.090800 0.100100
Okapi 0.103800 0.197700 0.128600 0.205300 0.153500 0.103800 0.092500 0.121200 0.127100 0.112800 0.140200 0.118800 0.094400 0.094300 0.164100 0.121500 0.000000 0.042400 0.116000 0.126900 0.117600 0.103400 0.141000 0.113600 0.120100 0.130300 0.094300 0.118300 0.130000 0.118800 0.113100 0.082700 0.082300 0.094200 0.114400 0.113200 0.104200 0.144300 0.130900 0.132900 0.150500 0.121500 0.121900 0.092500 0.101900 0.131600 0.091700 0.148300 0.103100 0.148300 0.118300 0.127700
Giraffe 0.110500 0.190300 0.134400 0.221300 0.159200 0.110500 0.119000 0.127700 0.113500 0.118900 0.146100 0.125000 0.101500 0.101300 0.191700 0.127800 0.042400 0.000000 0.120600 0.132700 0.124000 0.110300 0.146500 0.120000 0.146300 0.136500 0.101400 0.124400 0.145900 0.124900 0.119400 0.089900 0.108700 0.101300 0.120800 0.119700 0.110900 0.150300 0.137100 0.139200 0.155800 0.127900 0.128000 0.118900 0.108500 0.138300 0.098700 0.154100 0.109800 0.154300 0.124400 0.133600
TibetanAnt 0.028300 0.227300 0.114800 0.182200 0.086300 0.028300 0.037500 0.046500 0.113000 0.054200 0.065200 0.095000 0.018900 0.018900 0.107500 0.046800 0.116000 0.120600 0.000000 0.112600 0.083400 0.028200 0.085900 0.054100 0.065300 0.056200 0.018900 0.103800 0.065200 0.103900 0.057500 0.047300 0.087100 0.018900 0.038100 0.062300 0.028400 0.077000 0.065400 0.077300 0.095500 0.050200 0.066800 0.057400 0.072700 0.076700 0.056600 0.094100 0.047700 0.134600 0.103800 0.113600
Sitatunga 0.081700 0.233300 0.016500 0.197300 0.109200 0.081700 0.090500 0.099000 0.016300 0.071500 0.097400 0.096700 0.072900 0.072800 0.161000 0.099500 0.126900 0.132700 0.112600 0.000000 0.115000 0.081500 0.098600 0.072300 0.117200 0.108800 0.072800 0.008100 0.117200 0.008200 0.071800 0.080900 0.119800 0.072900 0.091800 0.081000 0.082000 0.120600 0.108200 0.090600 0.107600 0.104700 0.080400 0.071700 0.080000 0.129700 0.070900 0.125500 0.101400 0.167500 0.008100 0.016300
Oribi 0.072500 0.258000 0.116500 0.232700 0.119700 0.072500 0.081100 0.070900 0.115200 0.101000 0.088500 0.106900 0.063600 0.063500 0.150700 0.071200 0.117600 0.124000 0.083400 0.115000 0.000000 0.072300 0.128700 0.101900 0.088600 0.080300 0.063500 0.106600 0.088700 0.107000 0.101200 0.090900 0.100300 0.063500 0.082300 0.101200 0.072800 0.110800 0.061200 0.120600 0.138000 0.076900 0.110000 0.101000 0.090400 0.119800 0.062000 0.116300 0.091600 0.178600 0.106600 0.115700
BarbaryShe 0.018400 0.224700 0.082900 0.166100 0.074900 0.018400 0.027400 0.036300 0.081700 0.046500 0.035900 0.073200 0.009200 0.009200 0.095200 0.036500 0.103400 0.110300 0.028200 0.081500 0.072300 0.000000 0.074400 0.049000 0.035900 0.045600 0.009200 0.072800 0.054500 0.073100 0.046600 0.036800 0.075100 0.009200 0.027800 0.066200 0.018400 0.065800 0.054700 0.065800 0.083700 0.039900 0.055600 0.048600 0.055700 0.062000 0.046000 0.063300 0.037200 0.120600 0.072800 0.082100
Daviddeer 0.074700 0.241300 0.099900 0.186000 0.133200 0.074700 0.083600 0.092100 0.098700 0.026800 0.110700 0.109900 0.065500 0.065400 0.145200 0.092600 0.141000 0.146500 0.085900 0.098600 0.128700 0.074400 0.000000 0.045800 0.111000 0.102000 0.065400 0.090000 0.110600 0.090400 0.026900 0.073700 0.113100 0.065400 0.064900 0.104000 0.074900 0.124200 0.111200 0.064100 0.025800 0.097000 0.035700 0.045400 0.092800 0.123500 0.082700 0.128100 0.094200 0.161200 0.090000 0.099200
Reindeer 0.045300 0.208300 0.073400 0.152300 0.105300 0.045300 0.056200 0.065100 0.072500 0.018300 0.086900 0.083100 0.032500 0.037700 0.123900 0.065300 0.113600 0.120000 0.054100 0.072300 0.101900 0.049000 0.045800 0.000000 0.087100 0.074200 0.032700 0.063600 0.083700 0.063800 0.018400 0.046400 0.085500 0.032500 0.053200 0.079300 0.045200 0.096100 0.084300 0.037000 0.054800 0.068200 0.027400 0.016100 0.065500 0.095700 0.055600 0.117000 0.066700 0.121600 0.063600 0.072800
Ibex 0.054800 0.255100 0.119100 0.195500 0.111800 0.054800 0.044900 0.072200 0.117400 0.083300 0.017100 0.109300 0.045700 0.045700 0.112300 0.072600 0.120100 0.146300 0.065300 0.117200 0.088600 0.035900 0.111000 0.087100 0.000000 0.081600 0.045700 0.108700 0.081000 0.109100 0.083400 0.073200 0.072700 0.045700 0.055200 0.103400 0.054900 0.102800 0.090700 0.102800 0.120300 0.077500 0.092300 0.066500 0.092400 0.102200 0.082200 0.099100 0.073900 0.160200 0.108700 0.118000
GyrantGaze 0.045700 0.259100 0.110300 0.196000 0.102700 0.045700 0.054700 0.044800 0.109000 0.074200 0.081500 0.100500 0.036600 0.036700 0.113800 0.045000 0.130300 0.136500 0.056200 0.108800 0.080300 0.045600 0.102000 0.074200 0.081600 0.000000 0.036600 0.100100 0.062700 0.100500 0.074300 0.064300 0.103400 0.036600 0.055400 0.094200 0.045800 0.093700 0.063100 0.093700 0.111300 0.008700 0.083300 0.074000 0.083400 0.093200 0.054400 0.100400 0.064800 0.150500 0.100100 0.109500
Hartebeest 0.009200 0.215700 0.074000 0.156900 0.065700 0.009200 0.018300 0.027300 0.073000 0.037400 0.045600 0.064300 0.000000 0.000200 0.086000 0.027500 0.094300 0.101400 0.018900 0.072800 0.063500 0.009200 0.065400 0.032700 0.045700 0.036600 0.000000 0.064000 0.045600 0.064300 0.037500 0.027700 0.066100 0.000000 0.018700 0.057000 0.009300 0.056600 0.045800 0.056600 0.074700 0.029700 0.046600 0.037200 0.046600 0.051900 0.036900 0.073600 0.028000 0.111200 0.064000 0.073300
Bongo 0.073000 0.224100 0.008300 0.180700 0.100500 0.073000 0.081800 0.090400 0.008300 0.062900 0.088900 0.088200 0.064100 0.064000 0.152100 0.090800 0.118300 0.124400 0.103800 0.008100 0.106600 0.072800 0.090000 0.063600 0.108700 0.100100 0.064000 0.000000 0.108700 0.000100 0.063100 0.072200 0.111000 0.064100 0.083000 0.072400 0.073200 0.111800 0.099500 0.081900 0.099000 0.096300 0.071900 0.063000 0.071500 0.121000 0.062300 0.117000 0.092600 0.158200 0.000000 0.008200
Gerenuk 0.054600 0.274800 0.118900 0.216000 0.091700 0.054600 0.054100 0.053400 0.117500 0.083000 0.090100 0.109000 0.045600 0.045600 0.122600 0.035300 0.130000 0.145900 0.065200 0.117200 0.088700 0.054500 0.110600 0.083700 0.081000 0.062700 0.045600 0.108700 0.000000 0.109100 0.083100 0.073100 0.102400 0.045500 0.064300 0.103200 0.054800 0.082800 0.071600 0.082700 0.120000 0.053900 0.092000 0.073400 0.092200 0.101900 0.063100 0.118600 0.073600 0.159600 0.108700 0.118000
CommonElan 0.073300 0.224900 0.008300 0.181200 0.100900 0.073300 0.082100 0.090800 0.008200 0.063200 0.089300 0.088500 0.064300 0.064200 0.152700 0.091200 0.118800 0.124900 0.103900 0.008200 0.107000 0.073100 0.090400 0.063800 0.109100 0.100500 0.064300 0.000100 0.109100 0.000000 0.063400 0.072500 0.111400 0.064300 0.083300 0.072600 0.073500 0.112200 0.099900 0.082200 0.099400 0.096400 0.072100 0.063200 0.071700 0.121500 0.062500 0.117500 0.093000 0.158900 0.000100 0.008200
MuntiacusR 0.046800 0.205200 0.072900 0.156000 0.105100 0.046800 0.055900 0.064700 0.072000 0.000100 0.083200 0.082600 0.037500 0.037500 0.126400 0.065000 0.113100 0.119400 0.057500 0.071800 0.101200 0.046600 0.026900 0.018400 0.083400 0.074300 0.037500 0.063100 0.083100 0.063400 0.000000 0.046200 0.085000 0.037400 0.056700 0.075800 0.046900 0.095900 0.083600 0.036700 0.035800 0.068200 0.008900 0.018200 0.065200 0.095200 0.055300 0.100400 0.066200 0.131400 0.063100 0.072300
HarveysDui 0.036900 0.198200 0.082100 0.142000 0.094100 0.036900 0.045900 0.054700 0.081100 0.046100 0.073100 0.072600 0.027700 0.027700 0.094400 0.055000 0.082700 0.089900 0.047300 0.080900 0.090900 0.036800 0.073700 0.046400 0.073200 0.064300 0.027700 0.072200 0.073100 0.072500 0.046200 0.000000 0.055200 0.027700 0.046600 0.065500 0.037100 0.085000 0.073400 0.065200 0.082900 0.059500 0.055200 0.046000 0.055200 0.084000 0.045500 0.101500 0.056000 0.119500 0.072200 0.081400
Pronghorn 0.075500 0.224400 0.121600 0.183700 0.131600 0.075500 0.064900 0.093300 0.120000 0.084800 0.092000 0.111600 0.066100 0.066100 0.136000 0.093900 0.082300 0.108700 0.087100 0.119800 0.100300 0.075100 0.113100 0.085500 0.072700 0.103400 0.066100 0.111000 0.102400 0.111400 0.085000 0.055200 0.000000 0.066000 0.086000 0.105400 0.075800 0.122200 0.111500 0.104800 0.122600 0.097600 0.093900 0.065100 0.094200 0.103300 0.083800 0.141800 0.075200 0.129100 0.111000 0.120600
BlueWildeb 0.009200 0.215300 0.074000 0.156600 0.065700 0.009200 0.018300 0.027300 0.073000 0.037400 0.045600 0.064300 0.000100 0.000200 0.085900 0.027400 0.094200 0.101300 0.018900 0.072900 0.063500 0.009200 0.065400 0.032500 0.045700 0.036600 0.000000 0.064100 0.045500 0.064300 0.037400 0.027700 0.066000 0.000000 0.018600 0.057000 0.009300 0.056600 0.045800 0.056500 0.074600 0.029500 0.046500 0.037200 0.046600 0.051600 0.036900 0.073600 0.028000 0.111100 0.064100 0.073400
Gemsbok 0.027900 0.240500 0.093200 0.179500 0.085200 0.027900 0.037000 0.045900 0.092000 0.056600 0.055000 0.083400 0.018700 0.018600 0.106000 0.046100 0.114400 0.120800 0.038100 0.091800 0.082300 0.027800 0.064900 0.053200 0.055200 0.055400 0.018700 0.083000 0.064300 0.083300 0.056700 0.046600 0.086000 0.018600 0.000000 0.076600 0.028000 0.076100 0.064600 0.076300 0.094300 0.049000 0.065900 0.056600 0.065800 0.075700 0.055800 0.092900 0.047000 0.132400 0.083000 0.092500
Yak 0.066400 0.229100 0.091800 0.212600 0.115700 0.066400 0.075400 0.084400 0.081200 0.075600 0.103200 0.035500 0.057000 0.057000 0.148000 0.084800 0.113200 0.119700 0.062300 0.081000 0.101200 0.066200 0.104000 0.079300 0.103400 0.094200 0.057000 0.072400 0.103200 0.072600 0.075800 0.065500 0.105400 0.057000 0.076600 0.000000 0.066600 0.106400 0.094000 0.095600 0.113500 0.089500 0.084900 0.078600 0.000100 0.116000 0.055300 0.112100 0.087400 0.154100 0.072400 0.081600
BlueSheep 0.000000 0.216200 0.083400 0.157300 0.055500 0.000000 0.027600 0.036500 0.082200 0.046900 0.054800 0.073700 0.009300 0.009300 0.095700 0.036700 0.104200 0.110900 0.028400 0.082000 0.072800 0.018400 0.074900 0.045200 0.054900 0.045800 0.009300 0.073200 0.054800 0.073500 0.046900 0.037100 0.075800 0.009300 0.028000 0.066600 0.000000 0.046400 0.055100 0.066200 0.084200 0.039900 0.056100 0.049100 0.056100 0.065800 0.046300 0.083100 0.037400 0.121300 0.073200 0.082600
BohorReedb 0.046300 0.249700 0.122400 0.213800 0.008800 0.046300 0.075000 0.083800 0.120800 0.095700 0.102600 0.112100 0.056600 0.056600 0.146900 0.084200 0.144300 0.150300 0.077000 0.120600 0.110800 0.065800 0.124200 0.096100 0.102800 0.093700 0.056600 0.111800 0.082800 0.112200 0.095900 0.085000 0.122200 0.056600 0.076100 0.106400 0.046400 0.000000 0.092400 0.116000 0.133800 0.089600 0.105100 0.095600 0.095000 0.115100 0.084600 0.122100 0.085700 0.175800 0.111800 0.121400
KirksDik 0.054900 0.254700 0.109700 0.211500 0.101300 0.054900 0.063700 0.053600 0.108400 0.083500 0.090500 0.100100 0.045800 0.045800 0.133000 0.054000 0.130900 0.137100 0.065400 0.108200 0.061200 0.054700 0.111200 0.084300 0.090700 0.063100 0.045800 0.099500 0.071600 0.099900 0.083600 0.073400 0.111500 0.045800 0.064600 0.094000 0.055100 0.092400 0.000000 0.103200 0.120500 0.058600 0.092500 0.083600 0.083100 0.102200 0.054100 0.109400 0.054700 0.160400 0.099500 0.108900
RoeDeer 0.066000 0.208100 0.091900 0.153800 0.125100 0.066000 0.075100 0.083900 0.090800 0.036700 0.102600 0.101800 0.056600 0.056600 0.147200 0.084200 0.132900 0.139200 0.077300 0.090600 0.120600 0.065800 0.064100 0.037000 0.102800 0.093700 0.056600 0.081900 0.082700 0.082200 0.036700 0.065200 0.104800 0.056500 0.076300 0.095600 0.066200 0.116000 0.103200 0.000000 0.073200 0.088200 0.045700 0.036700 0.084500 0.115100 0.074300 0.132000 0.085800 0.152900 0.081900 0.091200
WhiteLippe 0.083900 0.227800 0.109000 0.173100 0.142800 0.083900 0.092800 0.101400 0.107800 0.035800 0.120000 0.119100 0.074700 0.074600 0.155000 0.101900 0.150500 0.155800 0.095500 0.107600 0.138000 0.083700 0.025800 0.054800 0.120300 0.111300 0.074700 0.099000 0.120000 0.099400 0.035800 0.082900 0.122600 0.074600 0.094300 0.113500 0.084200 0.133800 0.120500 0.073200 0.000000 0.106500 0.044600 0.054400 0.102100 0.112200 0.092000 0.137500 0.103600 0.171400 0.099000 0.108300
ThomsonGaz 0.040000 0.250600 0.106300 0.190800 0.099000 0.040000 0.049300 0.039300 0.105400 0.068100 0.077400 0.096500 0.029600 0.030800 0.110500 0.036100 0.121500 0.127900 0.050200 0.104700 0.076900 0.039900 0.097000 0.068200 0.077500 0.008700 0.029700 0.096300 0.053900 0.096400 0.068200 0.059500 0.097600 0.029500 0.049000 0.089500 0.039900 0.089600 0.058600 0.088200 0.106500 0.000000 0.077200 0.067500 0.078200 0.089200 0.049700 0.096500 0.060500 0.146400 0.096300 0.105900
MuntiacusC 0.055900 0.220300 0.081600 0.170100 0.114100 0.055900 0.064900 0.054400 0.080700 0.008900 0.092100 0.091500 0.046600 0.046600 0.135800 0.073900 0.121900 0.128000 0.066800 0.080400 0.110000 0.055600 0.035700 0.027400 0.092300 0.083300 0.046600 0.071900 0.092000 0.072100 0.008900 0.055200 0.093900 0.046500 0.065900 0.084900 0.056100 0.105100 0.092500 0.045700 0.044600 0.077200 0.000000 0.027200 0.074100 0.094300 0.064200 0.089100 0.075300 0.141000 0.071900 0.081000
WhiteTaile 0.049100 0.198300 0.072800 0.144200 0.104700 0.049100 0.036700 0.064500 0.071900 0.018100 0.086200 0.082400 0.037200 0.037300 0.105200 0.064700 0.092500 0.118900 0.057400 0.071700 0.101000 0.048600 0.045400 0.016100 0.066500 0.074000 0.037200 0.063000 0.073400 0.063200 0.018200 0.046000 0.065100 0.037200 0.056600 0.078600 0.049100 0.095600 0.083600 0.036700 0.054400 0.067500 0.027200 0.000000 0.064800 0.094900 0.055100 0.116000 0.066100 0.131000 0.063000 0.072200
Cattle 0.055900 0.225700 0.090600 0.198400 0.104100 0.055900 0.064900 0.073700 0.080200 0.064900 0.092200 0.035100 0.046700 0.046600 0.135500 0.074100 0.101900 0.108500 0.072700 0.080000 0.090400 0.055700 0.092800 0.065500 0.092400 0.083400 0.046600 0.071500 0.092200 0.071700 0.065200 0.055200 0.094200 0.046600 0.065800 0.000100 0.056100 0.095000 0.083100 0.084500 0.102100 0.078200 0.074100 0.064800 0.000000 0.104300 0.045200 0.100900 0.084900 0.141400 0.071500 0.080600
RoyalAntel 0.065600 0.261800 0.131700 0.211900 0.124200 0.065600 0.064800 0.073600 0.129900 0.095000 0.101900 0.111300 0.051600 0.056200 0.103700 0.083700 0.131600 0.138300 0.076700 0.129700 0.119800 0.062000 0.123500 0.095700 0.102200 0.093200 0.051900 0.121000 0.101900 0.121500 0.095200 0.084000 0.103300 0.051600 0.075700 0.116000 0.065800 0.115100 0.102200 0.115100 0.112200 0.089200 0.094300 0.094900 0.104300 0.000000 0.093700 0.111000 0.065100 0.151000 0.121000 0.130700
Steenbok 0.046100 0.207200 0.071900 0.178400 0.093800 0.046100 0.055000 0.045100 0.071100 0.055200 0.082100 0.062400 0.037000 0.036900 0.124500 0.045300 0.091700 0.098700 0.056600 0.070900 0.062000 0.046000 0.082700 0.055600 0.082200 0.054400 0.036900 0.062300 0.063100 0.062500 0.055300 0.045500 0.083800 0.036900 0.055800 0.055300 0.046300 0.084600 0.054100 0.074300 0.092000 0.049700 0.064200 0.055100 0.045200 0.093700 0.000000 0.090900 0.065200 0.129400 0.062300 0.071400
Impala 0.082800 0.273700 0.127500 0.239900 0.131000 0.082800 0.081900 0.080600 0.125800 0.100200 0.098900 0.108000 0.073700 0.073700 0.130900 0.100600 0.148300 0.154100 0.094100 0.125500 0.116300 0.063300 0.128100 0.117000 0.099100 0.100400 0.073600 0.117000 0.118600 0.117500 0.100400 0.101500 0.141800 0.073600 0.092900 0.112100 0.083100 0.122100 0.109400 0.132000 0.137500 0.096500 0.089100 0.116000 0.100900 0.111000 0.090900 0.000000 0.102200 0.191700 0.117000 0.126400
Klipspring 0.037300 0.237700 0.102900 0.190000 0.094900 0.037300 0.055000 0.055200 0.101600 0.066000 0.073700 0.093200 0.028100 0.028000 0.116000 0.055500 0.103100 0.109800 0.047700 0.101400 0.091600 0.037200 0.094200 0.066700 0.073900 0.064800 0.028000 0.092600 0.073600 0.093000 0.066200 0.056000 0.075200 0.028000 0.047000 0.087400 0.037400 0.085700 0.054700 0.085800 0.103600 0.060500 0.075300 0.066100 0.084900 0.065100 0.065200 0.102200 0.000000 0.128100 0.092600 0.102100
ForestMusk 0.120800 0.326000 0.158200 0.227500 0.185600 0.120800 0.130400 0.139500 0.167700 0.131200 0.159800 0.158900 0.111300 0.111000 0.210900 0.140200 0.148300 0.154300 0.134600 0.167500 0.178600 0.120600 0.161200 0.121600 0.160200 0.150500 0.111200 0.158200 0.159600 0.158900 0.131400 0.119500 0.129100 0.111100 0.132400 0.154100 0.121300 0.175800 0.160400 0.152900 0.171400 0.146400 0.141000 0.131000 0.141400 0.151000 0.129400 0.191700 0.128100 0.000000 0.158200 0.168700
Bushbuck 0.073000 0.224100 0.008300 0.180700 0.100500 0.073000 0.081800 0.090400 0.008100 0.062900 0.088900 0.088200 0.064100 0.064000 0.152100 0.090800 0.118300 0.124400 0.103800 0.008100 0.106600 0.072800 0.090000 0.063600 0.108700 0.100100 0.064000 0.000000 0.108700 0.000100 0.063100 0.072200 0.111000 0.064100 0.083000 0.072400 0.073200 0.111800 0.099500 0.081900 0.099000 0.096300 0.071900 0.063000 0.071500 0.121000 0.062300 0.117000 0.092600 0.158200 0.000000 0.008200
GreaterKud 0.082300 0.235300 0.016600 0.191400 0.109900 0.082300 0.091100 0.099700 0.016600 0.072100 0.098100 0.097300 0.073400 0.073300 0.162100 0.100100 0.127700 0.133600 0.113600 0.016300 0.115700 0.082100 0.099200 0.072800 0.118000 0.109500 0.073300 0.008200 0.118000 0.008200 0.072300 0.081400 0.120600 0.073400 0.092500 0.081600 0.082600 0.121400 0.108900 0.091200 0.108300 0.105900 0.081000 0.072200 0.080600 0.130700 0.071400 0.126400 0.102100 0.168700 0.008200 0.000000
