1
52 1
Argali 0.000000 0.376300 0.104100 0.361400 0.078200 0.014700 0.086800 0.104000 0.103600 0.109800 0.022400 0.086700 0.061100 0.094500 0.087800 0.070700 0.102500 0.087200 0.061100 0.078700 0.102100 0.030200 0.119800 0.127900 0.029800 0.086300 0.061600 0.078700 0.078300 0.087000 0.110300 0.087000 0.157100 0.061600 0.094900 0.078100 0.022300 0.086100 0.121600 0.085900 0.119800 0.070500 0.109800 0.118100 0.078100 0.113500 0.127200 0.119600 0.087100 0.113500 0.078500 0.087700
LesserMous 0.376300 0.000000 0.340800 0.459100 0.326500 0.395100 0.327000 0.362800 0.361000 0.384600 0.359000 0.339100 0.374100 0.337700 0.332300 0.327100 0.314500 0.286100 0.337100 0.327600 0.377100 0.379000 0.354400 0.383700 0.368000 0.347000 0.378800 0.327100 0.346800 0.351800 0.386800 0.306500 0.355800 0.378800 0.397700 0.335800 0.362200 0.336200 0.415600 0.374300 0.354700 0.326000 0.384700 0.366600 0.335800 0.407900 0.400400 0.394100 0.392900 0.391100 0.337800 0.307500
LesserKudu 0.104100 0.340800 0.000000 0.354600 0.087000 0.120000 0.079300 0.096200 0.062500 0.102100 0.094800 0.062400 0.103700 0.070600 0.080200 0.063000 0.111800 0.096300 0.138100 0.038600 0.102300 0.122300 0.112300 0.119900 0.102600 0.078700 0.104600 0.038600 0.078700 0.054600 0.102600 0.079400 0.140800 0.104600 0.120900 0.054100 0.112200 0.095000 0.096400 0.095400 0.112300 0.062800 0.102200 0.110100 0.054100 0.114000 0.119300 0.120200 0.088100 0.114200 0.046400 0.046900
KillerWhal 0.361400 0.459100 0.354600 0.000000 0.326500 0.356900 0.326200 0.365600 0.401100 0.364200 0.358000 0.351300 0.350100 0.332200 0.319400 0.341300 0.335900 0.348500 0.349000 0.376800 0.366700 0.364300 0.380300 0.368000 0.344300 0.360500 0.377300 0.376300 0.360600 0.400800 0.356900 0.324600 0.391900 0.377300 0.371700 0.315400 0.348500 0.313100 0.353500 0.357400 0.380200 0.340300 0.363900 0.363300 0.315400 0.417700 0.343000 0.347400 0.414700 0.365100 0.386800 0.392600
DefassaWat 0.078200 0.326500 0.087000 0.326500 0.000000 0.077500 0.070100 0.086900 0.086600 0.076700 0.069500 0.070100 0.045900 0.061700 0.072000 0.054300 0.069400 0.070400 0.110900 0.062300 0.077100 0.078900 0.085900 0.093800 0.061200 0.069800 0.062200 0.062200 0.069800 0.078400 0.077000 0.054200 0.138700 0.062200 0.077900 0.045900 0.086100 0.007400 0.087200 0.069800 0.085900 0.054200 0.076700 0.084700 0.045900 0.079300 0.093300 0.093900 0.078700 0.087400 0.070000 0.070900
Sheep 0.014700 0.395100 0.120000 0.356900 0.077500 0.000000 0.102500 0.103200 0.119600 0.108800 0.037300 0.102400 0.060600 0.110200 0.103700 0.070100 0.118200 0.103000 0.076400 0.094500 0.084900 0.045400 0.118700 0.126700 0.029600 0.085700 0.077000 0.094400 0.077700 0.102800 0.109300 0.102800 0.173600 0.077000 0.110800 0.077400 0.037200 0.085300 0.103600 0.085100 0.118700 0.069900 0.108800 0.117100 0.077400 0.121100 0.109500 0.118500 0.102900 0.112400 0.094200 0.103600
MaxwellsDu 0.086800 0.327000 0.079300 0.326200 0.070100 0.102500 0.000000 0.079100 0.095500 0.069100 0.077900 0.062400 0.086600 0.054100 0.047000 0.046600 0.061800 0.046600 0.086300 0.070700 0.085700 0.104400 0.078300 0.069900 0.085600 0.062200 0.087300 0.070700 0.062200 0.087200 0.069500 0.030800 0.113500 0.087300 0.103500 0.054100 0.094800 0.061800 0.096000 0.062100 0.078300 0.046500 0.069100 0.061200 0.054100 0.096600 0.085400 0.102800 0.087600 0.096600 0.078600 0.063100
GazellaPrz 0.104000 0.362800 0.096200 0.365600 0.086900 0.103200 0.079100 0.000000 0.095700 0.102000 0.094700 0.080400 0.103700 0.086800 0.080000 0.031000 0.103300 0.095500 0.137900 0.087500 0.069900 0.122200 0.111900 0.120000 0.102500 0.030600 0.104600 0.087400 0.046500 0.104300 0.102400 0.079300 0.139600 0.104600 0.112500 0.070400 0.112200 0.094900 0.079800 0.095200 0.111900 0.030900 0.102000 0.093600 0.070400 0.114200 0.077900 0.103100 0.104900 0.088400 0.095500 0.097900
MountainNy 0.103600 0.361000 0.062500 0.401100 0.086600 0.119600 0.095500 0.095700 0.000000 0.118500 0.094400 0.078400 0.103300 0.103200 0.096600 0.062700 0.111200 0.095800 0.137500 0.022900 0.101900 0.121800 0.128900 0.136600 0.102300 0.078300 0.104200 0.022900 0.078400 0.022900 0.119000 0.095700 0.158000 0.104200 0.112000 0.069900 0.111800 0.094600 0.096000 0.111900 0.128900 0.062500 0.118500 0.109600 0.069900 0.130800 0.118900 0.119700 0.087900 0.113700 0.030500 0.046700
MuntiacusM 0.109800 0.384600 0.102100 0.364200 0.076700 0.108800 0.069100 0.102000 0.118500 0.000000 0.100700 0.085100 0.093000 0.076600 0.069800 0.069300 0.100700 0.085600 0.126000 0.093600 0.092000 0.127800 0.037400 0.044800 0.092100 0.084700 0.110300 0.093500 0.084900 0.110200 0.000100 0.069300 0.136500 0.110300 0.126400 0.060800 0.117800 0.068400 0.085700 0.022200 0.037400 0.069200 0.000000 0.036900 0.060800 0.111400 0.083900 0.108900 0.110700 0.102900 0.101500 0.102700
goat 0.022400 0.359000 0.094800 0.358000 0.069500 0.037300 0.077900 0.094700 0.094400 0.100700 0.000000 0.077800 0.052800 0.085500 0.078800 0.062000 0.093400 0.078200 0.052800 0.070000 0.093000 0.037900 0.110400 0.118300 0.007300 0.077500 0.053300 0.069900 0.069500 0.078100 0.101100 0.078100 0.146700 0.053300 0.085900 0.069400 0.029700 0.077200 0.112000 0.077100 0.110400 0.061900 0.100700 0.108900 0.069400 0.104000 0.117700 0.110200 0.078100 0.104000 0.069700 0.078700
AfricanBuf 0.086700 0.339100 0.062400 0.351300 0.070100 0.102400 0.062400 0.080400 0.078400 0.085100 0.077800 0.000000 0.086400 0.070000 0.063200 0.047700 0.094300 0.079000 0.119900 0.054200 0.085500 0.104300 0.094700 0.101800 0.085500 0.063700 0.087100 0.054200 0.063200 0.070300 0.085500 0.062600 0.122400 0.087100 0.106900 0.022700 0.094700 0.077900 0.097600 0.078300 0.094700 0.047400 0.085200 0.092300 0.022700 0.096400 0.104100 0.102600 0.087500 0.079600 0.062000 0.062700
Topi 0.061100 0.374100 0.103700 0.350100 0.045900 0.060600 0.086600 0.103700 0.103300 0.093000 0.052800 0.086400 0.000000 0.094300 0.087600 0.070500 0.102300 0.087000 0.092900 0.078500 0.085300 0.077800 0.102600 0.110500 0.044900 0.086100 0.015000 0.078400 0.078000 0.086800 0.093400 0.086800 0.156700 0.015000 0.061900 0.061700 0.068900 0.053600 0.103900 0.069400 0.102600 0.070300 0.093000 0.101200 0.061700 0.087700 0.109900 0.102300 0.070300 0.096000 0.078200 0.087400
CommonDuik 0.094500 0.337700 0.070600 0.332200 0.061700 0.110200 0.054100 0.086800 0.103200 0.076600 0.085500 0.070000 0.094300 0.000000 0.054700 0.054300 0.069400 0.070400 0.110700 0.078400 0.093300 0.095300 0.085800 0.093700 0.093200 0.069700 0.095000 0.078300 0.069800 0.094900 0.076900 0.022800 0.120200 0.095000 0.111100 0.061600 0.102500 0.053500 0.103800 0.069700 0.082900 0.054100 0.076600 0.084600 0.061600 0.104400 0.093000 0.110400 0.095400 0.104300 0.086300 0.087400
Suni 0.087800 0.332300 0.080200 0.319400 0.072000 0.103700 0.047000 0.080000 0.096600 0.069800 0.078800 0.063200 0.087600 0.054700 0.000000 0.047100 0.078900 0.063400 0.104200 0.071600 0.086700 0.105700 0.079100 0.087100 0.086600 0.062800 0.088300 0.071500 0.062900 0.088300 0.070200 0.047100 0.114800 0.088300 0.104600 0.054800 0.095900 0.063200 0.097200 0.062800 0.079100 0.047000 0.069800 0.077900 0.054800 0.097800 0.086300 0.103400 0.088700 0.089200 0.079600 0.080600
Springbuck 0.070700 0.327100 0.063000 0.341300 0.054300 0.070100 0.046600 0.031000 0.062700 0.069300 0.062000 0.047700 0.070500 0.054300 0.047100 0.000000 0.078200 0.062900 0.103500 0.054700 0.038200 0.087900 0.078500 0.086400 0.069700 0.015200 0.071100 0.054600 0.015200 0.070900 0.069600 0.046700 0.113800 0.071100 0.078900 0.038400 0.078600 0.062100 0.047000 0.062300 0.078500 0.000100 0.069300 0.061300 0.038400 0.080100 0.053700 0.070100 0.071300 0.063400 0.062500 0.064200
Okapi 0.102500 0.314500 0.111800 0.335900 0.069400 0.118200 0.061800 0.103300 0.111200 0.100700 0.093400 0.094300 0.102300 0.069400 0.078900 0.078200 0.000000 0.022800 0.102000 0.086300 0.117800 0.103300 0.110400 0.101800 0.101100 0.077600 0.103000 0.086200 0.093900 0.103000 0.101100 0.046000 0.129900 0.103000 0.119300 0.085600 0.110400 0.061100 0.129000 0.093900 0.110500 0.078000 0.100700 0.108800 0.085600 0.130000 0.117300 0.135500 0.120400 0.129900 0.094300 0.078700
Giraffe 0.087200 0.286100 0.096300 0.348500 0.070400 0.103000 0.046600 0.095500 0.095800 0.085600 0.078200 0.079000 0.087000 0.070400 0.063400 0.062900 0.022800 0.000000 0.086700 0.071000 0.102500 0.104800 0.086900 0.086600 0.086000 0.062400 0.087600 0.070900 0.078700 0.087600 0.086000 0.046600 0.114100 0.087600 0.103900 0.070400 0.095100 0.062000 0.113500 0.078700 0.087000 0.062700 0.085600 0.085700 0.070400 0.114200 0.102100 0.120100 0.104900 0.114200 0.079000 0.063300
TibetanAnt 0.061100 0.337100 0.138100 0.349000 0.110900 0.076400 0.086300 0.137900 0.137500 0.126000 0.052800 0.119900 0.092900 0.110700 0.104200 0.103500 0.102000 0.086700 0.000000 0.111800 0.135300 0.077200 0.136400 0.135500 0.060400 0.119400 0.093600 0.111700 0.111100 0.120300 0.126600 0.086500 0.156500 0.093600 0.128400 0.110900 0.053100 0.102000 0.156200 0.101900 0.136400 0.103200 0.126100 0.134400 0.110900 0.148000 0.143600 0.153700 0.120400 0.148100 0.111400 0.104100
Sitatunga 0.078700 0.327600 0.038600 0.376800 0.062300 0.094500 0.070700 0.087500 0.022900 0.093600 0.070000 0.054200 0.078500 0.078400 0.071600 0.054700 0.086300 0.071000 0.111800 0.000000 0.093700 0.096200 0.103400 0.111000 0.077700 0.070300 0.079200 0.000000 0.070300 0.015200 0.094000 0.070900 0.131400 0.079200 0.095100 0.046100 0.086700 0.070100 0.087700 0.086800 0.103400 0.054500 0.093600 0.101400 0.046100 0.104900 0.110600 0.111400 0.079500 0.105200 0.007500 0.023100
Oribi 0.102100 0.377100 0.102300 0.366700 0.077100 0.084900 0.085700 0.069900 0.101900 0.092000 0.093000 0.085500 0.085300 0.093300 0.086700 0.038200 0.117800 0.102500 0.135300 0.093700 0.000000 0.119900 0.101500 0.109400 0.084500 0.053400 0.102500 0.093600 0.037800 0.093600 0.092400 0.085900 0.154900 0.102500 0.118800 0.060700 0.110000 0.084800 0.070000 0.077100 0.101500 0.038100 0.092000 0.083900 0.060700 0.095300 0.076400 0.076700 0.102800 0.070200 0.085100 0.103100
BarbaryShe 0.030200 0.379000 0.122300 0.364300 0.078900 0.045400 0.104400 0.122200 0.121800 0.127800 0.037900 0.104300 0.077800 0.095300 0.105700 0.087900 0.103300 0.104800 0.077200 0.096200 0.119900 0.000000 0.138300 0.146500 0.045500 0.103900 0.078400 0.096100 0.095600 0.104700 0.128400 0.087700 0.176800 0.078400 0.112800 0.095500 0.037800 0.086800 0.140400 0.103300 0.138300 0.087700 0.127800 0.136300 0.095500 0.132100 0.145800 0.138100 0.104800 0.132000 0.095900 0.105500
Daviddeer 0.119800 0.354400 0.112300 0.380300 0.085900 0.118700 0.078300 0.111900 0.128900 0.037400 0.110400 0.094700 0.102600 0.085800 0.079100 0.078500 0.110400 0.086900 0.136400 0.103400 0.101500 0.138300 0.000000 0.053300 0.101500 0.094200 0.120400 0.103300 0.094300 0.120400 0.037700 0.078400 0.138800 0.120400 0.136900 0.069700 0.128000 0.077400 0.095400 0.030200 0.000000 0.078300 0.037400 0.029800 0.069700 0.121700 0.093100 0.102000 0.120900 0.112900 0.111500 0.112800
Reindeer 0.127900 0.383700 0.119900 0.368000 0.093800 0.126700 0.069900 0.120000 0.136600 0.044800 0.118300 0.101800 0.110500 0.093700 0.087100 0.086400 0.101800 0.086600 0.135500 0.111000 0.109400 0.146500 0.053300 0.000000 0.109400 0.085700 0.128500 0.110900 0.102200 0.128100 0.045200 0.086200 0.155700 0.128500 0.145000 0.077000 0.136100 0.085200 0.103300 0.037800 0.053300 0.086200 0.044900 0.037300 0.077000 0.130000 0.101000 0.126900 0.129000 0.121000 0.119000 0.119800
Ibex 0.029800 0.368000 0.102600 0.344300 0.061200 0.029600 0.085600 0.102500 0.102300 0.092100 0.007300 0.085500 0.044900 0.093200 0.086600 0.069700 0.101100 0.086000 0.060400 0.077700 0.084500 0.045500 0.101500 0.109400 0.000000 0.085200 0.060800 0.077600 0.077300 0.085800 0.092500 0.085800 0.154800 0.060800 0.093700 0.061100 0.036800 0.068900 0.103000 0.068700 0.101500 0.069500 0.092100 0.100200 0.061100 0.103600 0.108800 0.101300 0.085900 0.095000 0.077500 0.086500
GyrantGaze 0.086300 0.347000 0.078700 0.360500 0.069800 0.085700 0.062200 0.030600 0.078300 0.084700 0.077500 0.063700 0.086100 0.069700 0.062800 0.015200 0.077600 0.062400 0.119400 0.070300 0.053400 0.103900 0.094200 0.085700 0.085200 0.000000 0.086800 0.070200 0.030400 0.086600 0.085100 0.062300 0.120800 0.086800 0.094600 0.053700 0.094300 0.077600 0.062600 0.077900 0.094200 0.015200 0.084800 0.076700 0.053700 0.096000 0.061200 0.085700 0.087100 0.071000 0.078100 0.080300
Hartebeest 0.061600 0.378800 0.104600 0.377300 0.062200 0.077000 0.087300 0.104600 0.104200 0.110300 0.053300 0.087100 0.015000 0.095000 0.088300 0.071100 0.103000 0.087600 0.093600 0.079200 0.102500 0.078400 0.120400 0.128500 0.060800 0.086800 0.000000 0.079100 0.078700 0.087500 0.110800 0.087500 0.158000 0.000000 0.062400 0.078500 0.069400 0.070100 0.122200 0.086300 0.120400 0.070900 0.110300 0.118700 0.078500 0.096800 0.127800 0.120100 0.070800 0.114000 0.078900 0.088100
Bongo 0.078700 0.327100 0.038600 0.376300 0.062200 0.094400 0.070700 0.087400 0.022900 0.093500 0.069900 0.054200 0.078400 0.078300 0.071500 0.054600 0.086200 0.070900 0.111700 0.000000 0.093600 0.096100 0.103300 0.110900 0.077600 0.070200 0.079100 0.000000 0.070200 0.015200 0.093900 0.070800 0.131200 0.079100 0.095000 0.046100 0.086600 0.070000 0.087600 0.086700 0.103300 0.054500 0.093500 0.101400 0.046100 0.104800 0.110500 0.111300 0.079500 0.105100 0.007500 0.023000
Gerenuk 0.078300 0.346800 0.078700 0.360600 0.069800 0.077700 0.062200 0.046500 0.078400 0.084900 0.069500 0.063200 0.078000 0.069800 0.062900 0.015200 0.093900 0.078700 0.111100 0.070300 0.037800 0.095600 0.094300 0.102200 0.077300 0.030400 0.078700 0.070200 0.000000 0.070200 0.085300 0.062300 0.130100 0.078700 0.094700 0.053800 0.086200 0.077700 0.062600 0.069900 0.094300 0.015200 0.084900 0.076800 0.053800 0.079300 0.069100 0.069500 0.078900 0.062800 0.061900 0.080100
CommonElan 0.087000 0.351800 0.054600 0.400800 0.078400 0.102800 0.087200 0.104300 0.022900 0.110200 0.078100 0.070300 0.086800 0.094900 0.088300 0.070900 0.103000 0.087600 0.120300 0.015200 0.093600 0.104700 0.120400 0.128100 0.085800 0.086600 0.087500 0.015200 0.070200 0.000000 0.110700 0.087400 0.149200 0.087500 0.111900 0.062000 0.095000 0.086400 0.104500 0.095200 0.120400 0.070700 0.110200 0.118100 0.062000 0.104800 0.127400 0.111200 0.071400 0.105100 0.007500 0.038800
MuntiacusR 0.110300 0.386800 0.102600 0.356900 0.077000 0.109300 0.069500 0.102400 0.119000 0.000100 0.101100 0.085500 0.093400 0.076900 0.070200 0.069600 0.101100 0.086000 0.126600 0.094000 0.092400 0.128400 0.037700 0.045200 0.092500 0.085100 0.110800 0.093900 0.085300 0.110700 0.000000 0.069600 0.137100 0.110800 0.127000 0.061000 0.118400 0.068700 0.086100 0.022400 0.037700 0.069500 0.000100 0.037200 0.061000 0.112000 0.092200 0.109400 0.111200 0.103400 0.101900 0.103200
HarveysDui 0.087000 0.306500 0.079400 0.324600 0.054200 0.102800 0.030800 0.079300 0.095700 0.069300 0.078100 0.062600 0.086800 0.022800 0.047100 0.046700 0.046000 0.046600 0.086500 0.070900 0.085900 0.087700 0.078400 0.086200 0.085800 0.062300 0.087500 0.070800 0.062300 0.087400 0.069600 0.000000 0.112300 0.087500 0.103700 0.054200 0.095000 0.046000 0.096300 0.062200 0.075200 0.046600 0.069200 0.077200 0.054200 0.096800 0.085600 0.103000 0.087800 0.096800 0.078800 0.063200
Pronghorn 0.157100 0.355800 0.140800 0.391900 0.138700 0.173600 0.113500 0.139600 0.158000 0.136500 0.146700 0.122400 0.156700 0.120200 0.114800 0.113800 0.129900 0.114100 0.156500 0.131400 0.154900 0.176800 0.138800 0.155700 0.154800 0.120800 0.158000 0.131200 0.130100 0.149200 0.137100 0.112300 0.000000 0.158000 0.175100 0.112900 0.165500 0.129300 0.167800 0.129900 0.135000 0.113500 0.136500 0.145100 0.112900 0.150700 0.145700 0.165000 0.157500 0.159700 0.139700 0.141800
BlueWildeb 0.061600 0.378800 0.104600 0.377300 0.062200 0.077000 0.087300 0.104600 0.104200 0.110300 0.053300 0.087100 0.015000 0.095000 0.088300 0.071100 0.103000 0.087600 0.093600 0.079200 0.102500 0.078400 0.120400 0.128500 0.060800 0.086800 0.000000 0.079100 0.078700 0.087500 0.110800 0.087500 0.158000 0.000000 0.062400 0.078500 0.069400 0.070100 0.122200 0.086300 0.120400 0.070900 0.110300 0.118700 0.078500 0.096800 0.127800 0.120100 0.070800 0.114000 0.078900 0.088100
Gemsbok 0.094900 0.397700 0.120900 0.371700 0.077900 0.110800 0.103500 0.112500 0.112000 0.126400 0.085900 0.106900 0.061900 0.111100 0.104600 0.078900 0.119300 0.103900 0.128400 0.095100 0.118800 0.112800 0.136900 0.145000 0.093700 0.094600 0.062400 0.095000 0.094700 0.111900 0.127000 0.103700 0.175100 0.062400 0.000000 0.094300 0.103000 0.085800 0.130200 0.119900 0.136900 0.078700 0.126500 0.126500 0.094300 0.121900 0.135600 0.136600 0.078900 0.130800 0.103100 0.106300
Yak 0.078100 0.335800 0.054100 0.315400 0.045900 0.077400 0.054100 0.070400 0.069900 0.060800 0.069400 0.022700 0.061700 0.061600 0.054800 0.038400 0.085600 0.070400 0.110900 0.046100 0.060700 0.095500 0.069700 0.077000 0.061100 0.053700 0.078500 0.046100 0.053800 0.062000 0.061000 0.054200 0.112900 0.078500 0.094300 0.000000 0.086100 0.053600 0.070500 0.053800 0.069700 0.038300 0.060800 0.068200 0.000000 0.079000 0.076900 0.077400 0.078900 0.054600 0.053800 0.054400
BlueSheep 0.022300 0.362200 0.112200 0.348500 0.086100 0.037200 0.094800 0.112200 0.111800 0.117800 0.029700 0.094700 0.068900 0.102500 0.095900 0.078600 0.110400 0.095100 0.053100 0.086700 0.110000 0.037800 0.128000 0.136100 0.036800 0.094300 0.069400 0.086600 0.086200 0.095000 0.118400 0.095000 0.165500 0.069400 0.103000 0.086100 0.000000 0.094000 0.129900 0.093800 0.128000 0.078400 0.117800 0.126200 0.086100 0.121700 0.135400 0.127800 0.095100 0.121700 0.086400 0.095700
BohorReedb 0.086100 0.336200 0.095000 0.313100 0.007400 0.085300 0.061800 0.094900 0.094600 0.068400 0.077200 0.077900 0.053600 0.053500 0.063200 0.062100 0.061100 0.062000 0.102000 0.070100 0.084800 0.086800 0.077400 0.085200 0.068900 0.077600 0.070100 0.070000 0.077700 0.086400 0.068700 0.046000 0.129300 0.070100 0.085800 0.053600 0.094000 0.000000 0.095200 0.061500 0.077400 0.061900 0.068400 0.076300 0.053600 0.087300 0.084700 0.101800 0.086700 0.095500 0.077900 0.078800
KirksDik 0.121600 0.415600 0.096400 0.353500 0.087200 0.103600 0.096000 0.079800 0.096000 0.085700 0.112000 0.097600 0.103900 0.103800 0.097200 0.047000 0.129000 0.113500 0.156200 0.087700 0.070000 0.140400 0.095400 0.103300 0.103000 0.062600 0.122200 0.087600 0.062600 0.104500 0.086100 0.096300 0.167800 0.122200 0.130200 0.070500 0.129900 0.095200 0.000000 0.078800 0.095300 0.046800 0.085800 0.077600 0.070500 0.123500 0.069500 0.103500 0.105300 0.097000 0.095700 0.098100
RoeDeer 0.085900 0.374300 0.095400 0.357400 0.069800 0.085100 0.062100 0.095200 0.111900 0.022200 0.077100 0.078300 0.069400 0.069700 0.062800 0.062300 0.093900 0.078700 0.101900 0.086800 0.077100 0.103300 0.030200 0.037800 0.068700 0.077900 0.086300 0.086700 0.069900 0.095200 0.022400 0.062200 0.129900 0.086300 0.119900 0.053800 0.093800 0.061500 0.078800 0.000000 0.030200 0.062200 0.022300 0.029800 0.053800 0.096200 0.077100 0.094000 0.095100 0.087700 0.086500 0.095900
WhiteLippe 0.119800 0.354700 0.112300 0.380200 0.085900 0.118700 0.078300 0.111900 0.128900 0.037400 0.110400 0.094700 0.102600 0.082900 0.079100 0.078500 0.110500 0.087000 0.136400 0.103400 0.101500 0.138300 0.000000 0.053300 0.101500 0.094200 0.120400 0.103300 0.094300 0.120400 0.037700 0.075200 0.135000 0.120400 0.136900 0.069700 0.128000 0.077400 0.095300 0.030200 0.000000 0.078300 0.037400 0.029800 0.069700 0.121800 0.093100 0.102000 0.120900 0.112900 0.111500 0.112800
ThomsonGaz 0.070500 0.326000 0.062800 0.340300 0.054200 0.069900 0.046500 0.030900 0.062500 0.069200 0.061900 0.047400 0.070300 0.054100 0.047000 0.000100 0.078000 0.062700 0.103200 0.054500 0.038100 0.087700 0.078300 0.086200 0.069500 0.015200 0.070900 0.054500 0.015200 0.070700 0.069500 0.046600 0.113500 0.070900 0.078700 0.038300 0.078400 0.061900 0.046800 0.062200 0.078300 0.000000 0.069200 0.061200 0.038300 0.079900 0.053600 0.069900 0.071100 0.063200 0.062300 0.064000
MuntiacusC 0.109800 0.384700 0.102200 0.363900 0.076700 0.108800 0.069100 0.102000 0.118500 0.000000 0.100700 0.085200 0.093000 0.076600 0.069800 0.069300 0.100700 0.085600 0.126100 0.093600 0.092000 0.127800 0.037400 0.044900 0.092100 0.084800 0.110300 0.093500 0.084900 0.110200 0.000100 0.069200 0.136500 0.110300 0.126500 0.060800 0.117800 0.068400 0.085800 0.022300 0.037400 0.069200 0.000000 0.036900 0.060800 0.111500 0.083900 0.108900 0.110700 0.102900 0.101500 0.102700
WhiteTaile 0.118100 0.366600 0.110100 0.363300 0.084700 0.117100 0.061200 0.093600 0.109600 0.036900 0.108900 0.092300 0.101200 0.084600 0.077900 0.061300 0.108800 0.085700 0.134400 0.101400 0.083900 0.136300 0.029800 0.037300 0.100200 0.076700 0.118700 0.101400 0.076800 0.118100 0.037200 0.077200 0.145100 0.118700 0.126500 0.068200 0.126200 0.076300 0.077600 0.029800 0.029800 0.061200 0.036900 0.000000 0.068100 0.120000 0.075900 0.100700 0.119100 0.094500 0.109400 0.109800
Cattle 0.078100 0.335800 0.054100 0.315400 0.045900 0.077400 0.054100 0.070400 0.069900 0.060800 0.069400 0.022700 0.061700 0.061600 0.054800 0.038400 0.085600 0.070400 0.110900 0.046100 0.060700 0.095500 0.069700 0.077000 0.061100 0.053700 0.078500 0.046100 0.053800 0.062000 0.061000 0.054200 0.112900 0.078500 0.094300 0.000000 0.086100 0.053600 0.070500 0.053800 0.069700 0.038300 0.060800 0.068100 0.000000 0.079000 0.076900 0.077400 0.078900 0.054600 0.053800 0.054400
RoyalAntel 0.113500 0.407900 0.114000 0.417700 0.079300 0.121100 0.096600 0.114200 0.130800 0.111400 0.104000 0.096400 0.087700 0.104400 0.097800 0.080100 0.130000 0.114200 0.148000 0.104900 0.095300 0.132100 0.121700 0.130000 0.103600 0.096000 0.096800 0.104800 0.079300 0.104800 0.112000 0.096800 0.150700 0.096800 0.121900 0.079000 0.121700 0.087300 0.123500 0.096200 0.121800 0.079900 0.111500 0.120000 0.079000 0.000000 0.129100 0.112600 0.097100 0.105800 0.095900 0.114800
Steenbok 0.127200 0.400400 0.119300 0.343000 0.093300 0.109500 0.085400 0.077900 0.118900 0.083900 0.117700 0.104100 0.109900 0.093000 0.086300 0.053700 0.117300 0.102100 0.143600 0.110600 0.076400 0.145800 0.093100 0.101000 0.108800 0.061200 0.127800 0.110500 0.069100 0.127400 0.092200 0.085600 0.145700 0.127800 0.135600 0.076900 0.135400 0.084700 0.069500 0.077100 0.093100 0.053600 0.083900 0.075900 0.076900 0.129100 0.000000 0.109400 0.128200 0.086500 0.118500 0.121600
Impala 0.119600 0.394100 0.120200 0.347400 0.093900 0.118500 0.102800 0.103100 0.119700 0.108900 0.110200 0.102600 0.102300 0.110400 0.103400 0.070100 0.135500 0.120100 0.153700 0.111400 0.076700 0.138100 0.102000 0.126900 0.101300 0.085700 0.120100 0.111300 0.069500 0.111200 0.109400 0.103000 0.165000 0.120100 0.136600 0.077400 0.127800 0.101800 0.103500 0.094000 0.102000 0.069900 0.108900 0.100700 0.077400 0.112600 0.109400 0.000000 0.120500 0.085600 0.102400 0.120800
Klipspring 0.087100 0.392900 0.088100 0.414700 0.078700 0.102900 0.087600 0.104900 0.087900 0.110700 0.078100 0.087500 0.070300 0.095400 0.088700 0.071300 0.120400 0.104900 0.120400 0.079500 0.102800 0.104800 0.120900 0.129000 0.085900 0.087100 0.070800 0.079500 0.078900 0.071400 0.111200 0.087800 0.157500 0.070800 0.078900 0.078900 0.095100 0.086700 0.105300 0.095100 0.120900 0.071100 0.110700 0.119100 0.078900 0.097100 0.128200 0.120500 0.000000 0.114400 0.079300 0.088500
ForestMusk 0.113500 0.391100 0.114200 0.365100 0.087400 0.112400 0.096600 0.088400 0.113700 0.102900 0.104000 0.079600 0.096000 0.104300 0.089200 0.063400 0.129900 0.114200 0.148100 0.105200 0.070200 0.132000 0.112900 0.121000 0.095000 0.071000 0.114000 0.105100 0.062800 0.105100 0.103400 0.096800 0.159700 0.114000 0.130800 0.054600 0.121700 0.095500 0.097000 0.087700 0.112900 0.063200 0.102900 0.094500 0.054600 0.105800 0.086500 0.085600 0.114400 0.000000 0.096200 0.122600
Bushbuck 0.078500 0.337800 0.046400 0.386800 0.070000 0.094200 0.078600 0.095500 0.030500 0.101500 0.069700 0.062000 0.078200 0.086300 0.079600 0.062500 0.094300 0.079000 0.111400 0.007500 0.085100 0.095900 0.111500 0.119000 0.077500 0.078100 0.078900 0.007500 0.061900 0.007500 0.101900 0.078800 0.139700 0.078900 0.103100 0.053800 0.086400 0.077900 0.095700 0.086500 0.111500 0.062300 0.101500 0.109400 0.053800 0.095900 0.118500 0.102400 0.079300 0.096200 0.000000 0.030800
GreaterKud 0.087700 0.307500 0.046900 0.392600 0.070900 0.103600 0.063100 0.097900 0.046700 0.102700 0.078700 0.062700 0.087400 0.087400 0.080600 0.064200 0.078700 0.063300 0.104100 0.023100 0.103100 0.105500 0.112800 0.119800 0.086500 0.080300 0.088100 0.023000 0.080100 0.038800 0.103200 0.063200 0.141800 0.088100 0.106300 0.054400 0.095700 0.078800 0.098100 0.095900 0.112800 0.064000 0.102700 0.109800 0.054400 0.114800 0.121600 0.120800 0.088500 0.122600 0.030800 0.000000
