CODONML (in paml version 4.10.7, June 2023)  /home/rachel/ruminants_paml/6406-phy-tree/ENSBTAT00000005280.fasta.phy
Model: free dN/dS Ratios for branches,  kappa = 2.000 fixed

Codon frequency model: F3x4
ns =  54  ls =  48

Codon usage in sequences
--------------------------------------------------------------------------------------------------------------------------------------
Phe TTT   1   0   0   0   0   0 | Ser TCT   0   0   0   0   0   0 | Tyr TAT   0   0   0   0   0   0 | Cys TGT   0   0   0   0   0   0
    TTC   1   1   2   2   2   1 |     TCC   1   1   1   1   1   1 |     TAC   1   2   1   1   2   2 |     TGC   0   0   0   0   0   0
Leu TTA   0   0   0   0   0   0 |     TCA   0   0   0   0   0   0 | *** TAA   0   0   0   0   0   0 | *** TGA   0   0   0   0   0   0
    TTG   1   1   1   1   1   1 |     TCG   0   0   0   0   0   0 |     TAG   0   0   0   0   0   0 | Trp TGG   1   1   1   1   1   1
--------------------------------------------------------------------------------------------------------------------------------------
Leu CTT   0   0   0   0   0   0 | Pro CCT   2   2   2   2   2   2 | His CAT   0   0   0   0   0   0 | Arg CGT   0   0   0   0   0   0
    CTC   4   3   4   4   2   3 |     CCC   1   1   1   1   1   1 |     CAC   0   0   0   0   0   0 |     CGC   0   0   0   0   0   0
    CTA   0   1   0   0   0   0 |     CCA   0   0   0   0   1   0 | Gln CAA   0   0   0   0   0   0 |     CGA   1   1   1   1   0   0
    CTG   6   6   6   6   7   7 |     CCG   1   1   1   1   0   1 |     CAG   2   2   2   2   2   2 |     CGG   2   2   2   2   3   3
--------------------------------------------------------------------------------------------------------------------------------------
Ile ATT   0   0   1   0   1   0 | Thr ACT   0   0   1   0   0   0 | Asn AAT   0   0   0   0   0   0 | Ser AGT   0   0   0   0   0   0
    ATC   3   4   2   3   3   4 |     ACC   0   0   0   0   0   0 |     AAC   3   3   3   3   3   3 |     AGC   0   0   0   0   0   0
    ATA   0   0   0   0   0   0 |     ACA   0   0   0   0   0   0 | Lys AAA   0   0   0   0   0   0 | Arg AGA   0   0   0   0   0   0
Met ATG   1   1   1   1   1   1 |     ACG   2   2   1   2   1   2 |     AAG   3   3   3   3   3   3 |     AGG   0   0   0   0   0   0
--------------------------------------------------------------------------------------------------------------------------------------
Val GTT   0   0   0   0   0   0 | Ala GCT   0   0   0   0   0   1 | Asp GAT   0   0   0   0   0   0 | Gly GGT   0   0   0   0   0   0
    GTC   2   1   2   2   1   1 |     GCC   2   2   2   2   2   1 |     GAC   3   3   3   3   3   3 |     GGC   0   0   0   0   1   0
    GTA   0   0   0   0   0   0 |     GCA   0   0   0   0   0   0 | Glu GAA   0   0   0   0   0   0 |     GGA   2   1   2   2   0   1
    GTG   0   0   0   0   1   0 |     GCG   0   0   0   0   0   0 |     GAG   2   2   2   2   2   2 |     GGG   0   1   0   0   1   1
--------------------------------------------------------------------------------------------------------------------------------------

--------------------------------------------------------------------------------------------------------------------------------------
Phe TTT   0   1   0   0   0   0 | Ser TCT   0   0   0   0   0   0 | Tyr TAT   0   0   0   0   0   0 | Cys TGT   0   0   0   0   0   0
    TTC   2   1   2   2   2   2 |     TCC   1   1   1   1   1   1 |     TAC   1   1   1   1   1   1 |     TGC   0   0   0   0   0   0
Leu TTA   0   0   0   0   0   0 |     TCA   0   0   0   0   0   0 | *** TAA   0   0   0   0   0   0 | *** TGA   0   0   0   0   0   0
    TTG   1   1   1   1   1   1 |     TCG   0   0   0   0   0   0 |     TAG   0   0   0   0   0   0 | Trp TGG   1   1   1   1   1   1
--------------------------------------------------------------------------------------------------------------------------------------
Leu CTT   1   0   0   0   0   0 | Pro CCT   2   2   2   2   2   2 | His CAT   0   0   0   0   0   0 | Arg CGT   0   0   0   0   0   0
    CTC   3   4   4   4   4   4 |     CCC   1   1   1   1   1   1 |     CAC   0   0   0   0   0   0 |     CGC   0   0   0   0   0   0
    CTA   0   0   0   0   0   1 |     CCA   0   0   0   0   0   0 | Gln CAA   0   0   0   0   0   0 |     CGA   1   1   1   1   1   1
    CTG   6   6   6   6   6   5 |     CCG   1   1   1   1   1   1 |     CAG   2   2   2   2   2   2 |     CGG   2   2   2   2   2   2
--------------------------------------------------------------------------------------------------------------------------------------
Ile ATT   0   0   0   0   1   0 | Thr ACT   0   0   0   0   0   0 | Asn AAT   0   0   0   0   0   0 | Ser AGT   0   0   0   0   0   0
    ATC   3   3   3   3   2   3 |     ACC   0   0   0   0   1   0 |     AAC   3   3   3   3   3   3 |     AGC   0   0   0   0   0   0
    ATA   0   0   0   0   0   0 |     ACA   0   0   1   0   0   1 | Lys AAA   0   0   0   0   0   1 | Arg AGA   0   0   0   0   0   0
Met ATG   1   1   1   1   1   1 |     ACG   2   2   1   2   1   1 |     AAG   3   3   3   3   3   2 |     AGG   0   0   0   0   0   0
--------------------------------------------------------------------------------------------------------------------------------------
Val GTT   1   0   0   0   0   0 | Ala GCT   0   0   0   0   0   0 | Asp GAT   0   0   0   0   0   0 | Gly GGT   0   0   0   0   0   0
    GTC   1   2   2   2   2   2 |     GCC   2   2   2   2   2   2 |     GAC   3   3   3   3   3   3 |     GGC   0   0   0   0   0   0
    GTA   0   0   0   0   0   0 |     GCA   0   0   0   0   0   0 | Glu GAA   0   0   0   0   0   0 |     GGA   2   2   2   2   2   1
    GTG   0   0   0   0   0   0 |     GCG   0   0   0   0   0   0 |     GAG   2   2   2   2   2   2 |     GGG   0   0   0   0   0   1
--------------------------------------------------------------------------------------------------------------------------------------

--------------------------------------------------------------------------------------------------------------------------------------
Phe TTT   0   0   0   0   0   0 | Ser TCT   0   0   0   0   0   0 | Tyr TAT   0   0   0   0   0   0 | Cys TGT   0   0   0   0   0   0
    TTC   2   2   2   2   2   2 |     TCC   1   1   1   1   1   1 |     TAC   1   1   1   1   1   1 |     TGC   0   0   0   0   0   0
Leu TTA   0   0   0   0   0   0 |     TCA   0   0   0   0   0   0 | *** TAA   0   0   0   0   0   0 | *** TGA   0   0   0   0   0   0
    TTG   1   1   1   1   1   1 |     TCG   0   0   0   0   0   0 |     TAG   0   0   0   0   0   0 | Trp TGG   1   1   1   1   1   1
--------------------------------------------------------------------------------------------------------------------------------------
Leu CTT   0   0   1   1   0   0 | Pro CCT   2   2   2   2   2   2 | His CAT   0   0   0   0   0   0 | Arg CGT   0   0   0   0   0   0
    CTC   4   4   3   4   4   4 |     CCC   1   1   1   1   1   1 |     CAC   0   0   0   0   0   0 |     CGC   0   0   0   1   0   0
    CTA   0   0   0   0   0   0 |     CCA   1   0   0   0   0   0 | Gln CAA   0   0   0   0   0   0 |     CGA   1   1   1   1   0   1
    CTG   6   6   6   5   6   6 |     CCG   0   1   1   1   1   1 |     CAG   2   2   2   2   2   2 |     CGG   2   2   2   1   2   2
--------------------------------------------------------------------------------------------------------------------------------------
Ile ATT   0   0   0   0   1   0 | Thr ACT   0   0   0   0   0   0 | Asn AAT   0   0   0   0   0   0 | Ser AGT   0   0   0   0   0   0
    ATC   3   3   3   3   3   3 |     ACC   0   0   0   0   0   0 |     AAC   3   3   2   3   3   3 |     AGC   0   0   1   0   0   0
    ATA   0   0   0   0   0   0 |     ACA   0   0   0   1   0   0 | Lys AAA   0   0   0   0   0   0 | Arg AGA   0   0   0   0   1   0
Met ATG   1   1   1   1   1   1 |     ACG   2   2   2   1   2   2 |     AAG   3   3   3   3   3   3 |     AGG   0   0   0   0   0   0
--------------------------------------------------------------------------------------------------------------------------------------
Val GTT   0   0   0   0   0   0 | Ala GCT   0   1   0   0   0   0 | Asp GAT   0   0   0   0   0   0 | Gly GGT   0   0   0   0   0   0
    GTC   2   2   2   2   1   2 |     GCC   2   1   2   2   2   2 |     GAC   3   3   3   3   3   3 |     GGC   0   0   0   0   0   0
    GTA   0   0   0   0   0   0 |     GCA   0   0   0   0   0   0 | Glu GAA   0   0   1   0   0   0 |     GGA   2   2   2   2   2   2
    GTG   0   0   0   0   0   0 |     GCG   0   0   0   0   0   0 |     GAG   2   2   1   2   2   2 |     GGG   0   0   0   0   0   0
--------------------------------------------------------------------------------------------------------------------------------------

--------------------------------------------------------------------------------------------------------------------------------------
Phe TTT   0   0   0   1   0   0 | Ser TCT   0   0   0   0   0   0 | Tyr TAT   0   0   0   0   0   0 | Cys TGT   0   0   0   0   0   0
    TTC   2   2   2   1   2   2 |     TCC   1   1   1   1   1   1 |     TAC   1   1   1   1   1   1 |     TGC   0   0   0   0   0   0
Leu TTA   0   0   0   0   0   0 |     TCA   0   0   0   0   0   0 | *** TAA   0   0   0   0   0   0 | *** TGA   0   0   0   0   0   0
    TTG   1   1   1   1   1   1 |     TCG   0   0   0   0   0   0 |     TAG   0   0   0   0   0   0 | Trp TGG   1   1   1   1   1   1
--------------------------------------------------------------------------------------------------------------------------------------
Leu CTT   0   0   0   0   0   0 | Pro CCT   2   2   2   2   2   2 | His CAT   0   0   0   0   0   0 | Arg CGT   0   0   0   0   0   0
    CTC   4   4   4   4   4   4 |     CCC   1   1   1   1   1   1 |     CAC   0   0   0   0   0   0 |     CGC   0   0   0   0   0   0
    CTA   0   0   0   1   1   0 |     CCA   1   1   0   0   0   1 | Gln CAA   0   0   0   0   0   1 |     CGA   1   1   1   1   1   1
    CTG   6   6   6   5   5   6 |     CCG   0   0   1   1   1   0 |     CAG   2   2   2   2   2   1 |     CGG   1   1   2   2   2   2
--------------------------------------------------------------------------------------------------------------------------------------
Ile ATT   0   0   0   1   0   0 | Thr ACT   0   0   0   0   0   0 | Asn AAT   0   0   0   0   0   0 | Ser AGT   0   0   0   0   0   0
    ATC   3   3   3   2   3   3 |     ACC   0   0   0   1   0   0 |     AAC   3   3   3   3   3   3 |     AGC   0   0   0   0   0   0
    ATA   0   0   0   0   0   0 |     ACA   0   0   0   0   0   0 | Lys AAA   0   0   0   0   0   0 | Arg AGA   0   0   0   0   0   0
Met ATG   2   1   1   1   1   1 |     ACG   1   2   2   1   2   2 |     AAG   3   3   3   3   3   3 |     AGG   1   1   0   0   0   0
--------------------------------------------------------------------------------------------------------------------------------------
Val GTT   0   0   0   0   1   0 | Ala GCT   0   1   0   0   0   0 | Asp GAT   0   0   0   0   0   0 | Gly GGT   0   0   0   0   0   0
    GTC   2   2   2   2   1   2 |     GCC   2   1   2   2   2   2 |     GAC   3   3   3   3   3   3 |     GGC   0   0   0   0   0   0
    GTA   0   0   0   0   0   0 |     GCA   0   0   0   0   0   0 | Glu GAA   0   0   0   0   0   0 |     GGA   2   2   2   2   2   2
    GTG   0   0   0   0   0   0 |     GCG   0   0   0   0   0   0 |     GAG   2   2   2   2   2   2 |     GGG   0   0   0   0   0   0
--------------------------------------------------------------------------------------------------------------------------------------

--------------------------------------------------------------------------------------------------------------------------------------
Phe TTT   0   0   0   0   0   0 | Ser TCT   0   0   0   0   0   0 | Tyr TAT   0   0   0   0   0   0 | Cys TGT   0   0   0   0   0   0
    TTC   2   2   2   2   2   2 |     TCC   1   1   1   1   1   1 |     TAC   1   1   1   1   1   1 |     TGC   0   0   0   0   0   0
Leu TTA   0   0   0   0   0   0 |     TCA   0   0   0   0   0   0 | *** TAA   0   0   0   0   0   0 | *** TGA   0   0   0   0   0   0
    TTG   1   1   1   1   1   1 |     TCG   0   0   0   0   0   0 |     TAG   0   0   0   0   0   0 | Trp TGG   1   1   1   1   1   1
--------------------------------------------------------------------------------------------------------------------------------------
Leu CTT   1   0   0   0   1   0 | Pro CCT   2   2   2   2   2   2 | His CAT   0   0   0   0   0   0 | Arg CGT   0   0   0   0   0   0
    CTC   3   4   4   4   3   4 |     CCC   1   1   1   1   1   1 |     CAC   0   0   0   0   0   0 |     CGC   0   0   0   0   0   0
    CTA   0   0   0   0   0   0 |     CCA   0   0   1   0   0   0 | Gln CAA   0   0   0   0   0   0 |     CGA   1   1   1   1   1   1
    CTG   6   6   6   6   6   6 |     CCG   1   1   0   1   1   1 |     CAG   2   2   2   2   2   2 |     CGG   2   2   2   2   2   2
--------------------------------------------------------------------------------------------------------------------------------------
Ile ATT   0   0   0   0   0   1 | Thr ACT   0   0   0   0   0   0 | Asn AAT   0   0   0   0   0   0 | Ser AGT   0   0   0   0   0   0
    ATC   3   3   3   3   3   2 |     ACC   0   0   0   0   0   1 |     AAC   3   3   3   3   3   3 |     AGC   0   0   0   0   0   0
    ATA   0   0   0   0   0   0 |     ACA   1   0   0   0   0   0 | Lys AAA   0   0   0   0   0   0 | Arg AGA   0   0   0   0   0   0
Met ATG   1   1   1   1   1   1 |     ACG   1   2   2   2   2   1 |     AAG   3   3   3   3   3   3 |     AGG   0   0   0   0   0   0
--------------------------------------------------------------------------------------------------------------------------------------
Val GTT   0   0   0   0   0   0 | Ala GCT   0   0   0   0   0   0 | Asp GAT   0   0   0   0   0   0 | Gly GGT   0   0   0   0   0   0
    GTC   2   2   2   2   2   2 |     GCC   2   2   2   2   2   2 |     GAC   3   3   3   3   3   3 |     GGC   0   0   0   0   0   0
    GTA   0   0   0   0   0   0 |     GCA   0   0   0   0   0   0 | Glu GAA   0   0   0   0   1   0 |     GGA   1   1   2   2   2   2
    GTG   0   0   0   0   0   0 |     GCG   0   0   0   0   0   0 |     GAG   2   2   2   2   1   2 |     GGG   1   1   0   0   0   0
--------------------------------------------------------------------------------------------------------------------------------------

--------------------------------------------------------------------------------------------------------------------------------------
Phe TTT   0   0   0   0   0   0 | Ser TCT   0   0   0   0   0   0 | Tyr TAT   0   0   0   0   0   0 | Cys TGT   0   0   0   0   0   0
    TTC   2   2   2   2   2   2 |     TCC   1   1   1   1   1   1 |     TAC   1   1   1   1   1   1 |     TGC   0   0   0   0   0   0
Leu TTA   0   0   0   0   0   0 |     TCA   0   0   0   0   0   0 | *** TAA   0   0   0   0   0   0 | *** TGA   0   0   0   0   0   0
    TTG   1   1   1   1   1   1 |     TCG   0   0   0   0   0   0 |     TAG   0   0   0   0   0   0 | Trp TGG   1   1   1   1   1   1
--------------------------------------------------------------------------------------------------------------------------------------
Leu CTT   0   0   0   0   0   1 | Pro CCT   3   2   2   2   2   2 | His CAT   0   0   0   0   0   0 | Arg CGT   0   0   0   0   0   0
    CTC   4   4   4   4   4   3 |     CCC   0   1   1   1   1   1 |     CAC   0   0   0   0   0   0 |     CGC   0   0   0   0   0   0
    CTA   0   0   1   0   0   0 |     CCA   1   1   0   0   0   0 | Gln CAA   0   0   0   0   0   0 |     CGA   1   1   1   1   1   1
    CTG   6   6   5   6   5   6 |     CCG   0   0   1   1   1   1 |     CAG   2   2   2   2   2   2 |     CGG   2   2   2   2   2   2
--------------------------------------------------------------------------------------------------------------------------------------
Ile ATT   0   1   0   0   0   0 | Thr ACT   0   0   0   0   0   0 | Asn AAT   0   0   0   0   0   0 | Ser AGT   0   0   0   0   0   0
    ATC   3   2   3   3   4   3 |     ACC   0   1   0   0   0   0 |     AAC   3   3   3   3   3   3 |     AGC   0   0   0   0   0   0
    ATA   0   0   0   0   0   0 |     ACA   0   1   1   0   0   0 | Lys AAA   0   0   1   0   0   0 | Arg AGA   0   0   0   0   0   0
Met ATG   1   1   1   1   2   1 |     ACG   2   0   1   2   2   2 |     AAG   3   3   2   3   3   3 |     AGG   0   0   0   0   0   0
--------------------------------------------------------------------------------------------------------------------------------------
Val GTT   0   0   0   0   0   0 | Ala GCT   0   0   0   0   1   0 | Asp GAT   0   0   0   0   0   0 | Gly GGT   0   0   0   0   0   0
    GTC   2   2   2   2   1   2 |     GCC   2   2   2   2   1   2 |     GAC   3   3   3   3   3   3 |     GGC   0   0   0   0   0   0
    GTA   0   0   0   0   0   0 |     GCA   0   0   0   0   0   0 | Glu GAA   0   0   0   0   0   1 |     GGA   2   2   1   2   1   2
    GTG   0   0   0   0   0   0 |     GCG   0   0   0   0   0   0 |     GAG   2   2   2   2   2   1 |     GGG   0   0   1   0   1   0
--------------------------------------------------------------------------------------------------------------------------------------

--------------------------------------------------------------------------------------------------------------------------------------
Phe TTT   0   0   0   0   1   0 | Ser TCT   0   0   0   0   0   0 | Tyr TAT   0   0   0   0   0   0 | Cys TGT   0   0   0   0   0   0
    TTC   2   2   2   2   1   2 |     TCC   1   1   1   1   1   1 |     TAC   1   1   1   1   1   1 |     TGC   0   0   0   0   0   0
Leu TTA   0   0   0   0   0   0 |     TCA   0   0   0   0   0   0 | *** TAA   0   0   0   0   0   0 | *** TGA   0   0   0   0   0   0
    TTG   1   1   1   1   1   1 |     TCG   0   0   0   0   0   0 |     TAG   0   0   0   0   0   0 | Trp TGG   1   1   1   1   1   1
--------------------------------------------------------------------------------------------------------------------------------------
Leu CTT   0   1   0   1   0   1 | Pro CCT   2   2   2   2   2   2 | His CAT   0   0   0   0   0   0 | Arg CGT   0   0   0   0   0   0
    CTC   4   3   4   3   4   3 |     CCC   1   1   1   1   1   1 |     CAC   0   0   0   0   0   0 |     CGC   0   0   0   0   0   0
    CTA   0   0   0   0   0   0 |     CCA   0   1   0   0   0   0 | Gln CAA   0   0   0   0   0   0 |     CGA   1   1   1   1   1   1
    CTG   6   6   6   6   6   6 |     CCG   1   0   1   1   1   1 |     CAG   2   2   2   2   2   2 |     CGG   2   2   2   2   2   2
--------------------------------------------------------------------------------------------------------------------------------------
Ile ATT   0   0   0   0   0   0 | Thr ACT   0   0   0   0   0   0 | Asn AAT   0   1   0   0   0   0 | Ser AGT   0   0   0   0   0   0
    ATC   3   3   3   3   3   3 |     ACC   0   0   0   0   0   0 |     AAC   3   2   3   3   3   3 |     AGC   0   0   0   0   0   0
    ATA   0   0   0   0   0   0 |     ACA   0   1   0   0   0   0 | Lys AAA   0   0   0   0   0   0 | Arg AGA   0   0   0   0   0   0
Met ATG   1   1   1   1   1   1 |     ACG   2   1   2   2   2   2 |     AAG   3   3   3   3   3   3 |     AGG   0   0   0   0   0   0
--------------------------------------------------------------------------------------------------------------------------------------
Val GTT   0   0   0   1   0   0 | Ala GCT   0   0   0   0   0   0 | Asp GAT   0   0   0   0   0   0 | Gly GGT   0   0   0   0   0   0
    GTC   2   2   2   1   2   2 |     GCC   2   2   2   2   2   2 |     GAC   3   3   3   3   3   3 |     GGC   0   0   0   0   0   0
    GTA   0   0   0   0   0   0 |     GCA   0   0   0   0   0   0 | Glu GAA   0   0   0   0   0   0 |     GGA   2   2   2   2   2   1
    GTG   0   0   0   0   0   0 |     GCG   0   0   0   0   0   0 |     GAG   2   2   2   2   2   2 |     GGG   0   0   0   0   0   1
--------------------------------------------------------------------------------------------------------------------------------------

--------------------------------------------------------------------------------------------------------------------------------------
Phe TTT   1   0   0   0   0   0 | Ser TCT   0   0   0   0   0   0 | Tyr TAT   0   0   0   0   0   0 | Cys TGT   0   0   0   0   0   0
    TTC   1   2   2   2   2   2 |     TCC   1   1   1   1   1   1 |     TAC   1   1   1   1   1   1 |     TGC   0   0   0   0   0   0
Leu TTA   0   0   0   0   0   0 |     TCA   0   0   0   0   0   0 | *** TAA   0   0   0   0   0   0 | *** TGA   0   0   0   0   0   0
    TTG   1   1   1   1   1   1 |     TCG   0   0   0   0   0   0 |     TAG   0   0   0   0   0   0 | Trp TGG   1   1   1   1   1   1
--------------------------------------------------------------------------------------------------------------------------------------
Leu CTT   0   0   0   1   1   1 | Pro CCT   2   2   2   2   2   2 | His CAT   0   0   0   0   0   0 | Arg CGT   0   0   0   0   0   0
    CTC   4   4   4   3   3   3 |     CCC   1   1   1   1   1   1 |     CAC   0   0   0   0   0   0 |     CGC   0   0   0   0   0   0
    CTA   0   0   0   0   0   0 |     CCA   0   0   0   0   1   1 | Gln CAA   0   0   0   0   0   0 |     CGA   1   1   1   1   1   1
    CTG   6   6   6   6   6   6 |     CCG   1   1   1   1   0   0 |     CAG   2   2   2   2   3   2 |     CGG   2   2   2   2   1   2
--------------------------------------------------------------------------------------------------------------------------------------
Ile ATT   0   0   0   0   0   0 | Thr ACT   0   0   0   0   0   0 | Asn AAT   0   1   0   0   1   0 | Ser AGT   0   0   0   0   0   0
    ATC   3   3   3   3   3   3 |     ACC   0   0   0   0   0   0 |     AAC   3   2   3   3   2   3 |     AGC   0   0   0   0   0   0
    ATA   0   0   0   0   0   0 |     ACA   0   0   1   0   1   1 | Lys AAA   0   0   1   0   0   0 | Arg AGA   0   0   0   0   0   0
Met ATG   1   1   1   1   1   1 |     ACG   2   2   1   2   1   1 |     AAG   3   3   2   3   3   3 |     AGG   0   0   0   0   0   0
--------------------------------------------------------------------------------------------------------------------------------------
Val GTT   0   0   0   0   0   0 | Ala GCT   0   0   0   0   0   0 | Asp GAT   0   0   0   0   0   0 | Gly GGT   0   0   0   0   0   0
    GTC   2   2   2   2   2   2 |     GCC   2   2   2   2   2   2 |     GAC   3   3   3   3   3   3 |     GGC   0   0   0   0   0   0
    GTA   0   0   0   0   0   0 |     GCA   0   0   0   0   0   0 | Glu GAA   0   0   0   0   0   0 |     GGA   1   2   1   0   2   2
    GTG   0   0   0   0   0   0 |     GCG   0   0   0   0   0   0 |     GAG   2   2   2   2   2   2 |     GGG   1   0   1   2   0   0
--------------------------------------------------------------------------------------------------------------------------------------

--------------------------------------------------------------------------------------------------------------------------------------
Phe TTT   0   0   0   0   0   0 | Ser TCT   0   0   0   0   0   0 | Tyr TAT   0   0   0   0   0   0 | Cys TGT   0   0   0   0   0   0
    TTC   2   2   2   2   2   2 |     TCC   1   1   1   1   1   1 |     TAC   1   1   1   1   1   1 |     TGC   0   0   0   0   0   0
Leu TTA   0   0   0   0   0   0 |     TCA   0   0   0   0   0   0 | *** TAA   0   0   0   0   0   0 | *** TGA   0   0   0   0   0   0
    TTG   1   1   1   1   1   1 |     TCG   0   0   0   0   0   0 |     TAG   0   0   0   0   0   0 | Trp TGG   1   1   1   1   1   1
--------------------------------------------------------------------------------------------------------------------------------------
Leu CTT   0   0   0   0   0   1 | Pro CCT   2   2   2   2   2   2 | His CAT   0   0   0   0   0   0 | Arg CGT   0   0   0   0   0   0
    CTC   4   4   4   4   4   3 |     CCC   1   1   1   1   1   1 |     CAC   0   0   0   0   0   0 |     CGC   0   0   0   0   0   0
    CTA   0   0   0   0   0   0 |     CCA   0   0   0   0   0   0 | Gln CAA   0   0   0   0   1   0 |     CGA   1   1   1   1   0   1
    CTG   6   6   6   6   6   6 |     CCG   1   1   1   1   1   1 |     CAG   2   2   2   2   2   2 |     CGG   2   2   2   2   2   2
--------------------------------------------------------------------------------------------------------------------------------------
Ile ATT   0   0   0   0   1   1 | Thr ACT   0   0   0   0   0   0 | Asn AAT   0   1   1   0   0   0 | Ser AGT   0   0   0   0   0   0
    ATC   3   3   3   3   2   2 |     ACC   0   0   0   0   1   1 |     AAC   3   2   2   3   3   3 |     AGC   0   0   0   0   0   0
    ATA   0   0   0   0   0   0 |     ACA   0   0   0   0   0   0 | Lys AAA   0   0   0   0   0   0 | Arg AGA   0   0   0   0   0   0
Met ATG   1   1   1   1   1   1 |     ACG   2   2   2   2   1   1 |     AAG   3   3   3   3   3   3 |     AGG   0   0   0   0   0   0
--------------------------------------------------------------------------------------------------------------------------------------
Val GTT   0   0   0   0   0   0 | Ala GCT   1   0   0   0   0   0 | Asp GAT   0   0   0   0   0   0 | Gly GGT   0   0   0   0   0   0
    GTC   2   2   2   2   2   2 |     GCC   1   2   2   2   2   2 |     GAC   3   3   3   3   3   3 |     GGC   0   0   0   0   0   0
    GTA   0   0   0   0   0   0 |     GCA   0   0   0   0   0   0 | Glu GAA   0   0   0   0   0   0 |     GGA   2   2   2   2   2   2
    GTG   0   0   0   0   0   0 |     GCG   0   0   0   0   0   0 |     GAG   2   2   2   2   2   2 |     GGG   0   0   0   0   0   0
--------------------------------------------------------------------------------------------------------------------------------------

Codon position x base (3x4) table for each sequence.

#1: Argali         
position  1:    T:0.12500    C:0.39583    A:0.25000    G:0.22917
position  2:    T:0.39583    C:0.18750    A:0.29167    G:0.12500
position  3:    T:0.06250    C:0.43750    A:0.06250    G:0.43750
Average         T:0.19444    C:0.34028    A:0.20139    G:0.26389

#2: LesserMouseDeer
position  1:    T:0.12500    C:0.39583    A:0.27083    G:0.20833
position  2:    T:0.37500    C:0.18750    A:0.31250    G:0.12500
position  3:    T:0.04167    C:0.43750    A:0.06250    G:0.45833
Average         T:0.18056    C:0.34028    A:0.21528    G:0.26389

#3: LesserKudu     
position  1:    T:0.12500    C:0.39583    A:0.25000    G:0.22917
position  2:    T:0.39583    C:0.18750    A:0.29167    G:0.12500
position  3:    T:0.08333    C:0.43750    A:0.06250    G:0.41667
Average         T:0.20139    C:0.34028    A:0.20139    G:0.25694

#4: ForestMuskDeer2
position  1:    T:0.12500    C:0.39583    A:0.25000    G:0.22917
position  2:    T:0.39583    C:0.18750    A:0.29167    G:0.12500
position  3:    T:0.04167    C:0.45833    A:0.06250    G:0.43750
Average         T:0.18750    C:0.34722    A:0.20139    G:0.26389

#5: Camel          
position  1:    T:0.14583    C:0.37500    A:0.25000    G:0.22917
position  2:    T:0.39583    C:0.16667    A:0.31250    G:0.12500
position  3:    T:0.06250    C:0.43750    A:0.02083    G:0.47917
Average         T:0.20139    C:0.32639    A:0.19444    G:0.27778

#6: KillerWhale    
position  1:    T:0.12500    C:0.39583    A:0.27083    G:0.20833
position  2:    T:0.37500    C:0.18750    A:0.31250    G:0.12500
position  3:    T:0.06250    C:0.41667    A:0.02083    G:0.50000
Average         T:0.18750    C:0.33333    A:0.20139    G:0.27778

#7: DefassaWaterbuck
position  1:    T:0.12500    C:0.39583    A:0.25000    G:0.22917
position  2:    T:0.39583    C:0.18750    A:0.29167    G:0.12500
position  3:    T:0.08333    C:0.41667    A:0.06250    G:0.43750
Average         T:0.20139    C:0.33333    A:0.20139    G:0.26389

#8: Sheep          
position  1:    T:0.12500    C:0.39583    A:0.25000    G:0.22917
position  2:    T:0.39583    C:0.18750    A:0.29167    G:0.12500
position  3:    T:0.06250    C:0.43750    A:0.06250    G:0.43750
Average         T:0.19444    C:0.34028    A:0.20139    G:0.26389

#9: MaxwellsDuiker 
position  1:    T:0.12500    C:0.39583    A:0.25000    G:0.22917
position  2:    T:0.39583    C:0.18750    A:0.29167    G:0.12500
position  3:    T:0.04167    C:0.45833    A:0.08333    G:0.41667
Average         T:0.18750    C:0.34722    A:0.20833    G:0.25694

#10: GazellaPrzewalskyi
position  1:    T:0.12500    C:0.39583    A:0.25000    G:0.22917
position  2:    T:0.39583    C:0.18750    A:0.29167    G:0.12500
position  3:    T:0.04167    C:0.45833    A:0.06250    G:0.43750
Average         T:0.18750    C:0.34722    A:0.20139    G:0.26389

#11: MountainNyala  
position  1:    T:0.12500    C:0.39583    A:0.25000    G:0.22917
position  2:    T:0.39583    C:0.18750    A:0.29167    G:0.12500
position  3:    T:0.06250    C:0.45833    A:0.06250    G:0.41667
Average         T:0.19444    C:0.34722    A:0.20139    G:0.25694

#12: MuntiacusMuntjak
position  1:    T:0.12500    C:0.39583    A:0.25000    G:0.22917
position  2:    T:0.39583    C:0.18750    A:0.29167    G:0.12500
position  3:    T:0.04167    C:0.45833    A:0.10417    G:0.39583
Average         T:0.18750    C:0.34722    A:0.21528    G:0.25000

#13: goat           
position  1:    T:0.12500    C:0.39583    A:0.25000    G:0.22917
position  2:    T:0.39583    C:0.18750    A:0.29167    G:0.12500
position  3:    T:0.04167    C:0.45833    A:0.08333    G:0.41667
Average         T:0.18750    C:0.34722    A:0.20833    G:0.25694

#14: AfricanBuffalo 
position  1:    T:0.12500    C:0.39583    A:0.25000    G:0.22917
position  2:    T:0.39583    C:0.18750    A:0.29167    G:0.12500
position  3:    T:0.06250    C:0.43750    A:0.06250    G:0.43750
Average         T:0.19444    C:0.34028    A:0.20139    G:0.26389

#15: Topi           
position  1:    T:0.12500    C:0.39583    A:0.25000    G:0.22917
position  2:    T:0.39583    C:0.18750    A:0.27083    G:0.14583
position  3:    T:0.06250    C:0.43750    A:0.08333    G:0.41667
Average         T:0.19444    C:0.34028    A:0.20139    G:0.26389

#16: CommonDuiker   
position  1:    T:0.12500    C:0.39583    A:0.25000    G:0.22917
position  2:    T:0.39583    C:0.18750    A:0.29167    G:0.12500
position  3:    T:0.06250    C:0.47917    A:0.08333    G:0.37500
Average         T:0.19444    C:0.35417    A:0.20833    G:0.24306

#17: Suni           
position  1:    T:0.12500    C:0.37500    A:0.29167    G:0.20833
position  2:    T:0.39583    C:0.18750    A:0.29167    G:0.12500
position  3:    T:0.06250    C:0.43750    A:0.06250    G:0.43750
Average         T:0.19444    C:0.33333    A:0.21528    G:0.25694

#18: Springbuck     
position  1:    T:0.12500    C:0.39583    A:0.25000    G:0.22917
position  2:    T:0.39583    C:0.18750    A:0.29167    G:0.12500
position  3:    T:0.04167    C:0.45833    A:0.06250    G:0.43750
Average         T:0.18750    C:0.34722    A:0.20139    G:0.26389

#19: Okapi          
position  1:    T:0.12500    C:0.37500    A:0.27083    G:0.22917
position  2:    T:0.41667    C:0.16667    A:0.29167    G:0.12500
position  3:    T:0.04167    C:0.45833    A:0.08333    G:0.41667
Average         T:0.19444    C:0.33333    A:0.21528    G:0.25694

#20: Giraffe        
position  1:    T:0.12500    C:0.37500    A:0.27083    G:0.22917
position  2:    T:0.39583    C:0.18750    A:0.29167    G:0.12500
position  3:    T:0.06250    C:0.43750    A:0.08333    G:0.41667
Average         T:0.19444    C:0.33333    A:0.21528    G:0.25694

#21: TibetanAntelope
position  1:    T:0.12500    C:0.39583    A:0.25000    G:0.22917
position  2:    T:0.39583    C:0.18750    A:0.29167    G:0.12500
position  3:    T:0.04167    C:0.45833    A:0.06250    G:0.43750
Average         T:0.18750    C:0.34722    A:0.20139    G:0.26389

#22: Sitatunga      
position  1:    T:0.12500    C:0.39583    A:0.25000    G:0.22917
position  2:    T:0.39583    C:0.18750    A:0.29167    G:0.12500
position  3:    T:0.08333    C:0.43750    A:0.08333    G:0.39583
Average         T:0.20139    C:0.34028    A:0.20833    G:0.25000

#23: Oribi          
position  1:    T:0.12500    C:0.39583    A:0.25000    G:0.22917
position  2:    T:0.39583    C:0.18750    A:0.29167    G:0.12500
position  3:    T:0.06250    C:0.43750    A:0.08333    G:0.41667
Average         T:0.19444    C:0.34028    A:0.20833    G:0.25694

#24: BarbarySheep   
position  1:    T:0.12500    C:0.39583    A:0.25000    G:0.22917
position  2:    T:0.39583    C:0.18750    A:0.29167    G:0.12500
position  3:    T:0.04167    C:0.45833    A:0.10417    G:0.39583
Average         T:0.18750    C:0.34722    A:0.21528    G:0.25000

#25: Daviddeer      
position  1:    T:0.12500    C:0.39583    A:0.25000    G:0.22917
position  2:    T:0.39583    C:0.18750    A:0.29167    G:0.12500
position  3:    T:0.06250    C:0.43750    A:0.06250    G:0.43750
Average         T:0.19444    C:0.34028    A:0.20139    G:0.26389

#26: Reindeer       
position  1:    T:0.12500    C:0.39583    A:0.25000    G:0.22917
position  2:    T:0.39583    C:0.18750    A:0.29167    G:0.12500
position  3:    T:0.04167    C:0.45833    A:0.04167    G:0.45833
Average         T:0.18750    C:0.34722    A:0.19444    G:0.27083

#27: Ibex           
position  1:    T:0.12500    C:0.39583    A:0.25000    G:0.22917
position  2:    T:0.39583    C:0.18750    A:0.29167    G:0.12500
position  3:    T:0.04167    C:0.45833    A:0.08333    G:0.41667
Average         T:0.18750    C:0.34722    A:0.20833    G:0.25694

#28: GyrantGazelle  
position  1:    T:0.12500    C:0.39583    A:0.25000    G:0.22917
position  2:    T:0.39583    C:0.18750    A:0.29167    G:0.12500
position  3:    T:0.04167    C:0.45833    A:0.06250    G:0.43750
Average         T:0.18750    C:0.34722    A:0.20139    G:0.26389

#29: Hartebeest     
position  1:    T:0.12500    C:0.39583    A:0.25000    G:0.22917
position  2:    T:0.39583    C:0.18750    A:0.29167    G:0.12500
position  3:    T:0.06250    C:0.43750    A:0.08333    G:0.41667
Average         T:0.19444    C:0.34028    A:0.20833    G:0.25694

#30: Bongo          
position  1:    T:0.12500    C:0.39583    A:0.25000    G:0.22917
position  2:    T:0.39583    C:0.18750    A:0.29167    G:0.12500
position  3:    T:0.06250    C:0.45833    A:0.06250    G:0.41667
Average         T:0.19444    C:0.34722    A:0.20139    G:0.25694

#31: Gerenuk        
position  1:    T:0.12500    C:0.39583    A:0.25000    G:0.22917
position  2:    T:0.39583    C:0.18750    A:0.29167    G:0.12500
position  3:    T:0.06250    C:0.43750    A:0.08333    G:0.41667
Average         T:0.19444    C:0.34028    A:0.20833    G:0.25694

#32: CommonEland    
position  1:    T:0.12500    C:0.39583    A:0.25000    G:0.22917
position  2:    T:0.39583    C:0.18750    A:0.29167    G:0.12500
position  3:    T:0.06250    C:0.45833    A:0.10417    G:0.37500
Average         T:0.19444    C:0.34722    A:0.21528    G:0.24306

#33: MuntiacusReevesi
position  1:    T:0.12500    C:0.39583    A:0.25000    G:0.22917
position  2:    T:0.39583    C:0.18750    A:0.29167    G:0.12500
position  3:    T:0.04167    C:0.45833    A:0.10417    G:0.39583
Average         T:0.18750    C:0.34722    A:0.21528    G:0.25000

#34: HarveysDuiker  
position  1:    T:0.12500    C:0.39583    A:0.25000    G:0.22917
position  2:    T:0.39583    C:0.18750    A:0.29167    G:0.12500
position  3:    T:0.04167    C:0.45833    A:0.06250    G:0.43750
Average         T:0.18750    C:0.34722    A:0.20139    G:0.26389

#35: Pronghorn      
position  1:    T:0.12500    C:0.37500    A:0.29167    G:0.20833
position  2:    T:0.39583    C:0.18750    A:0.29167    G:0.12500
position  3:    T:0.06250    C:0.43750    A:0.04167    G:0.45833
Average         T:0.19444    C:0.33333    A:0.20833    G:0.26389

#36: BlueWildebeest 
position  1:    T:0.12500    C:0.39583    A:0.25000    G:0.22917
position  2:    T:0.39583    C:0.18750    A:0.29167    G:0.12500
position  3:    T:0.06250    C:0.43750    A:0.08333    G:0.41667
Average         T:0.19444    C:0.34028    A:0.20833    G:0.25694

#37: Gemsbok        
position  1:    T:0.12500    C:0.39583    A:0.25000    G:0.22917
position  2:    T:0.39583    C:0.18750    A:0.29167    G:0.12500
position  3:    T:0.04167    C:0.45833    A:0.06250    G:0.43750
Average         T:0.18750    C:0.34722    A:0.20139    G:0.26389

#38: Yak            
position  1:    T:0.12500    C:0.39583    A:0.25000    G:0.22917
position  2:    T:0.39583    C:0.18750    A:0.29167    G:0.12500
position  3:    T:0.08333    C:0.41667    A:0.10417    G:0.39583
Average         T:0.20139    C:0.33333    A:0.21528    G:0.25000

#39: BlueSheep      
position  1:    T:0.12500    C:0.39583    A:0.25000    G:0.22917
position  2:    T:0.39583    C:0.18750    A:0.29167    G:0.12500
position  3:    T:0.04167    C:0.45833    A:0.06250    G:0.43750
Average         T:0.18750    C:0.34722    A:0.20139    G:0.26389

#40: BohorReedbuck  
position  1:    T:0.12500    C:0.39583    A:0.25000    G:0.22917
position  2:    T:0.39583    C:0.18750    A:0.29167    G:0.12500
position  3:    T:0.08333    C:0.41667    A:0.06250    G:0.43750
Average         T:0.20139    C:0.33333    A:0.20139    G:0.26389

#41: KirksDik       
position  1:    T:0.12500    C:0.39583    A:0.25000    G:0.22917
position  2:    T:0.39583    C:0.18750    A:0.29167    G:0.12500
position  3:    T:0.06250    C:0.43750    A:0.06250    G:0.43750
Average         T:0.19444    C:0.34028    A:0.20139    G:0.26389

#42: RoeDeer        
position  1:    T:0.12500    C:0.39583    A:0.25000    G:0.22917
position  2:    T:0.39583    C:0.18750    A:0.29167    G:0.12500
position  3:    T:0.06250    C:0.43750    A:0.04167    G:0.45833
Average         T:0.19444    C:0.34028    A:0.19444    G:0.27083

#43: WhiteLippedDeer
position  1:    T:0.12500    C:0.39583    A:0.25000    G:0.22917
position  2:    T:0.39583    C:0.18750    A:0.29167    G:0.12500
position  3:    T:0.06250    C:0.43750    A:0.04167    G:0.45833
Average         T:0.19444    C:0.34028    A:0.19444    G:0.27083

#44: ThomsonGazelle 
position  1:    T:0.12500    C:0.39583    A:0.25000    G:0.22917
position  2:    T:0.39583    C:0.18750    A:0.29167    G:0.12500
position  3:    T:0.06250    C:0.43750    A:0.06250    G:0.43750
Average         T:0.19444    C:0.34028    A:0.20139    G:0.26389

#45: MuntiacusCrinifrons
position  1:    T:0.12500    C:0.39583    A:0.25000    G:0.22917
position  2:    T:0.39583    C:0.18750    A:0.29167    G:0.12500
position  3:    T:0.04167    C:0.45833    A:0.08333    G:0.41667
Average         T:0.18750    C:0.34722    A:0.20833    G:0.25694

#46: WhiteTailedDeer
position  1:    T:0.12500    C:0.39583    A:0.25000    G:0.22917
position  2:    T:0.39583    C:0.18750    A:0.29167    G:0.12500
position  3:    T:0.06250    C:0.43750    A:0.02083    G:0.47917
Average         T:0.19444    C:0.34028    A:0.18750    G:0.27778

#47: Cattle         
position  1:    T:0.12500    C:0.39583    A:0.25000    G:0.22917
position  2:    T:0.39583    C:0.18750    A:0.31250    G:0.10417
position  3:    T:0.08333    C:0.41667    A:0.10417    G:0.39583
Average         T:0.20139    C:0.33333    A:0.22222    G:0.24306

#48: RoyalAntelope  
position  1:    T:0.12500    C:0.39583    A:0.25000    G:0.22917
position  2:    T:0.39583    C:0.18750    A:0.29167    G:0.12500
position  3:    T:0.06250    C:0.43750    A:0.10417    G:0.39583
Average         T:0.19444    C:0.34028    A:0.21528    G:0.25000

#49: Steenbok       
position  1:    T:0.12500    C:0.39583    A:0.25000    G:0.22917
position  2:    T:0.39583    C:0.18750    A:0.29167    G:0.12500
position  3:    T:0.06250    C:0.43750    A:0.06250    G:0.43750
Average         T:0.19444    C:0.34028    A:0.20139    G:0.26389

#50: Impala         
position  1:    T:0.12500    C:0.39583    A:0.25000    G:0.22917
position  2:    T:0.39583    C:0.18750    A:0.29167    G:0.12500
position  3:    T:0.06250    C:0.43750    A:0.06250    G:0.43750
Average         T:0.19444    C:0.34028    A:0.20139    G:0.26389

#51: Klipspringer   
position  1:    T:0.12500    C:0.39583    A:0.25000    G:0.22917
position  2:    T:0.39583    C:0.18750    A:0.29167    G:0.12500
