1
52 1
Argali 0.000000 0.262400 0.134700 0.234600 0.061600 0.006700 0.041200 0.074200 0.134900 0.099400 0.033200 0.130100 0.068100 0.068300 0.133400 0.074500 0.143800 0.111300 0.059600 0.111500 0.127000 0.039100 0.106500 0.113000 0.033200 0.121800 0.067900 0.133800 0.108600 0.149000 0.114600 0.048000 0.096200 0.067900 0.074900 0.111600 0.019800 0.083300 0.109300 0.135400 0.128800 0.122900 0.091100 0.112900 0.104700 0.054200 0.102200 0.085200 0.103800 0.148600 0.128500 0.135700
LesserMous 0.262400 0.000000 0.338400 0.255900 0.256900 0.275100 0.251900 0.285400 0.338400 0.261800 0.287600 0.315100 0.288800 0.273300 0.369400 0.305500 0.298800 0.262300 0.253500 0.344100 0.300600 0.294400 0.259700 0.258200 0.269600 0.288100 0.271400 0.335200 0.326800 0.374000 0.261800 0.259500 0.297300 0.288200 0.260100 0.308100 0.273100 0.249500 0.337700 0.293100 0.277600 0.308300 0.241800 0.258000 0.300500 0.246300 0.320600 0.271300 0.317000 0.296400 0.351700 0.360500
LesserKudu 0.134700 0.338400 0.000000 0.269800 0.128500 0.145200 0.107300 0.155800 0.053800 0.153800 0.126500 0.130000 0.157700 0.135400 0.170800 0.156600 0.184100 0.149500 0.142200 0.060500 0.195600 0.148200 0.161100 0.151400 0.126400 0.159500 0.142300 0.053400 0.159000 0.074200 0.153700 0.114300 0.164100 0.141800 0.134000 0.104100 0.127800 0.136300 0.185500 0.174700 0.168500 0.191900 0.160400 0.151300 0.112200 0.135200 0.170600 0.139700 0.189100 0.187600 0.033600 0.040300
KillerWhal 0.234600 0.255900 0.269800 0.000000 0.228900 0.246600 0.223700 0.257200 0.244700 0.258900 0.258700 0.284500 0.259900 0.244700 0.269400 0.258800 0.260500 0.225200 0.234900 0.241800 0.280700 0.265600 0.273700 0.264000 0.241500 0.243000 0.243200 0.250800 0.279500 0.233600 0.267500 0.231100 0.241600 0.259400 0.249500 0.260400 0.244600 0.237800 0.254100 0.289100 0.274200 0.262000 0.247700 0.246700 0.253500 0.235600 0.273200 0.224500 0.234800 0.249800 0.246400 0.272100
DefassaWat 0.061600 0.256900 0.128500 0.228900 0.000000 0.070100 0.034500 0.082000 0.113200 0.108100 0.068300 0.108200 0.083000 0.061900 0.141800 0.075400 0.154300 0.120100 0.068600 0.120300 0.135600 0.074900 0.115300 0.089900 0.068200 0.108600 0.068700 0.112300 0.095300 0.127300 0.108100 0.040400 0.133900 0.068400 0.075500 0.090400 0.054800 0.033300 0.095500 0.113600 0.122500 0.109500 0.114900 0.106500 0.083600 0.061900 0.081500 0.093800 0.097300 0.111900 0.122100 0.129400
Sheep 0.006700 0.275100 0.145200 0.246600 0.070100 0.000000 0.049200 0.082900 0.145500 0.109100 0.040700 0.139900 0.076700 0.076900 0.143300 0.083200 0.155500 0.121100 0.069200 0.120600 0.136800 0.047400 0.115700 0.123000 0.040700 0.131600 0.076700 0.144200 0.118100 0.159900 0.124800 0.049000 0.105500 0.076400 0.083600 0.121400 0.027300 0.092400 0.118800 0.146000 0.139300 0.132800 0.100400 0.122900 0.114400 0.062400 0.111500 0.094000 0.113300 0.159500 0.138900 0.146300
MaxwellsDu 0.041200 0.251900 0.107300 0.223700 0.034500 0.049200 0.000000 0.061600 0.107400 0.086700 0.047900 0.102100 0.062400 0.041300 0.136400 0.062000 0.133500 0.099100 0.047300 0.099300 0.115400 0.054600 0.093900 0.085400 0.047900 0.095300 0.048200 0.106500 0.082000 0.121600 0.086700 0.020400 0.113600 0.046800 0.055000 0.099300 0.033700 0.056100 0.089600 0.107700 0.101100 0.096200 0.093500 0.085400 0.092300 0.041300 0.072900 0.072400 0.091300 0.121300 0.100800 0.108100
GazellaPrz 0.074200 0.285400 0.155800 0.257200 0.082000 0.082900 0.061600 0.000000 0.140600 0.135800 0.066700 0.135800 0.067100 0.087600 0.146500 0.039400 0.181200 0.147200 0.080100 0.117400 0.090900 0.087300 0.143000 0.133900 0.066700 0.071600 0.067100 0.139400 0.058800 0.139400 0.135900 0.068400 0.116800 0.065700 0.073800 0.147600 0.052300 0.104000 0.059100 0.156500 0.150100 0.072200 0.142500 0.133900 0.125600 0.088700 0.039000 0.106500 0.109700 0.154100 0.149700 0.141400
MountainNy 0.134900 0.338400 0.053800 0.244700 0.113200 0.145500 0.107400 0.140600 0.000000 0.153900 0.126400 0.130000 0.142200 0.135500 0.186700 0.156900 0.184200 0.149600 0.127100 0.046700 0.211500 0.148400 0.161200 0.151600 0.110900 0.167600 0.127100 0.013000 0.161800 0.060100 0.153900 0.114400 0.148900 0.126600 0.149600 0.119100 0.112700 0.120900 0.162300 0.151100 0.168600 0.184600 0.160600 0.151500 0.127400 0.135400 0.139500 0.139900 0.173100 0.172100 0.040500 0.039800
MuntiacusM 0.099400 0.261800 0.153800 0.258900 0.108100 0.109100 0.086700 0.135800 0.153900 0.000000 0.121300 0.156000 0.122000 0.115000 0.214100 0.121100 0.164200 0.129400 0.091700 0.161000 0.176200 0.128200 0.020500 0.055600 0.105700 0.155500 0.106800 0.152600 0.157100 0.192600 0.027600 0.093800 0.159900 0.121600 0.129300 0.145000 0.107500 0.116100 0.158100 0.077100 0.027000 0.172500 0.041400 0.055500 0.137900 0.115000 0.151000 0.135100 0.168900 0.168000 0.163500 0.171000
goat 0.033200 0.287600 0.126500 0.258700 0.068300 0.040700 0.047900 0.066700 0.126400 0.121300 0.000000 0.121400 0.060600 0.075000 0.132900 0.095300 0.166900 0.132900 0.067400 0.103400 0.148000 0.046200 0.128400 0.119600 0.013000 0.128200 0.060600 0.125100 0.115000 0.140300 0.121300 0.054700 0.117500 0.060400 0.081400 0.133300 0.013200 0.090000 0.108600 0.142000 0.135600 0.129200 0.112700 0.119500 0.126400 0.074900 0.094300 0.107200 0.110300 0.155200 0.135300 0.127200
AfricanBuf 0.130100 0.315100 0.130000 0.284500 0.108200 0.139900 0.102100 0.135800 0.130000 0.156000 0.121400 0.000000 0.137500 0.130600 0.206200 0.152300 0.220300 0.184700 0.137600 0.136400 0.207800 0.143700 0.162400 0.137900 0.121300 0.171000 0.122100 0.128900 0.157300 0.136500 0.139800 0.109200 0.184200 0.121600 0.129200 0.076800 0.107500 0.131900 0.174000 0.161200 0.170800 0.164900 0.162700 0.137900 0.069900 0.130600 0.150600 0.167000 0.185300 0.192400 0.123600 0.115400
Topi 0.068100 0.288800 0.157700 0.259900 0.083000 0.076700 0.062400 0.067100 0.142200 0.122000 0.060600 0.137500 0.000000 0.089700 0.162800 0.095900 0.183200 0.149000 0.089300 0.126400 0.148900 0.081100 0.129100 0.120400 0.060600 0.129000 0.013000 0.141100 0.101300 0.156300 0.106800 0.069300 0.141000 0.026000 0.074300 0.134000 0.046300 0.105200 0.101400 0.158400 0.136300 0.101200 0.121200 0.135500 0.127100 0.089700 0.094800 0.123100 0.125000 0.171700 0.151500 0.143100
CommonDuik 0.068300 0.273300 0.135400 0.244700 0.061900 0.076900 0.041300 0.087600 0.135500 0.115000 0.075000 0.130600 0.089700 0.000000 0.163200 0.089100 0.145800 0.111800 0.075300 0.127100 0.127500 0.081600 0.122200 0.113400 0.074900 0.122100 0.075400 0.134400 0.108900 0.134200 0.115000 0.034200 0.126200 0.075300 0.082200 0.127100 0.061600 0.083700 0.116800 0.135900 0.129400 0.123200 0.106500 0.113300 0.120200 0.068600 0.102600 0.100800 0.118900 0.147600 0.129100 0.136400
Suni 0.133400 0.369400 0.170800 0.269400 0.141800 0.143300 0.136400 0.146500 0.186700 0.214100 0.132900 0.206200 0.162800 0.163200 0.000000 0.147300 0.226200 0.192700 0.154900 0.170400 0.205900 0.160900 0.221400 0.195200 0.132800 0.164800 0.162800 0.192700 0.181100 0.192600 0.198000 0.143100 0.207800 0.162100 0.147100 0.192700 0.134200 0.149100 0.181000 0.218400 0.228300 0.173600 0.204400 0.211100 0.186300 0.148300 0.174900 0.137600 0.177500 0.214800 0.180000 0.195100
Springbuck 0.074500 0.305500 0.156600 0.258800 0.075400 0.083200 0.062000 0.039400 0.156900 0.121100 0.095300 0.152300 0.095900 0.089100 0.147300 0.000000 0.182200 0.148000 0.095800 0.133100 0.091400 0.101900 0.128300 0.127300 0.091500 0.058100 0.081700 0.155600 0.045300 0.155500 0.136600 0.068500 0.147500 0.081500 0.088400 0.125700 0.082000 0.097300 0.066200 0.157500 0.150900 0.058600 0.143300 0.134600 0.104100 0.089100 0.052300 0.107000 0.124900 0.163200 0.150500 0.157700
Okapi 0.143800 0.298800 0.184100 0.260500 0.154300 0.155500 0.133500 0.181200 0.184200 0.164200 0.166900 0.220300 0.183200 0.145800 0.226200 0.182200 0.000000 0.045200 0.152500 0.175300 0.189300 0.173500 0.171400 0.161900 0.151700 0.184800 0.167900 0.182700 0.186300 0.222100 0.164200 0.140400 0.143600 0.167300 0.174900 0.206700 0.153500 0.162300 0.210900 0.184800 0.178500 0.217300 0.139700 0.161800 0.199700 0.145600 0.188200 0.150400 0.214600 0.197500 0.193800 0.201200
Giraffe 0.111300 0.262300 0.149500 0.225200 0.120100 0.121100 0.099100 0.147200 0.149600 0.129400 0.132900 0.184700 0.149000 0.111800 0.192700 0.148000 0.045200 0.000000 0.118600 0.156500 0.156200 0.139600 0.136600 0.127600 0.117900 0.151400 0.133800 0.148400 0.168100 0.187200 0.129400 0.106000 0.110100 0.133200 0.140800 0.172100 0.119400 0.127900 0.176700 0.134700 0.143700 0.183300 0.105600 0.127500 0.165100 0.111700 0.161700 0.115500 0.179800 0.163300 0.158900 0.166100
TibetanAnt 0.059600 0.253500 0.142200 0.234900 0.068600 0.069200 0.047300 0.080100 0.127100 0.091700 0.067400 0.137600 0.089300 0.075300 0.154900 0.095800 0.152500 0.118600 0.000000 0.118700 0.148700 0.074000 0.113900 0.105300 0.053500 0.128800 0.075000 0.126100 0.115800 0.156500 0.106800 0.055000 0.103200 0.074800 0.067600 0.134000 0.054100 0.089100 0.094800 0.127500 0.105800 0.129900 0.098400 0.105200 0.126900 0.075300 0.109200 0.107700 0.125600 0.110800 0.136000 0.143200
Sitatunga 0.111500 0.344100 0.060500 0.241800 0.120300 0.120600 0.099300 0.117400 0.046700 0.161000 0.103400 0.136400 0.126400 0.127100 0.170400 0.133100 0.175300 0.156500 0.118700 0.000000 0.187000 0.124800 0.167300 0.158500 0.103300 0.151400 0.111600 0.046300 0.123300 0.053100 0.160900 0.106200 0.140200 0.111200 0.133700 0.126000 0.089900 0.128000 0.146600 0.181900 0.175700 0.168000 0.151600 0.158400 0.119300 0.127100 0.124400 0.115100 0.164600 0.179000 0.054100 0.047000
Oribi 0.127000 0.300600 0.195600 0.280700 0.135600 0.136800 0.115400 0.090900 0.211500 0.176200 0.148000 0.207800 0.148900 0.127500 0.205900 0.091400 0.189300 0.156200 0.148700 0.187000 0.000000 0.140000 0.183400 0.173800 0.147900 0.089200 0.134400 0.209800 0.110300 0.209700 0.176200 0.122100 0.170500 0.133900 0.141100 0.202500 0.134900 0.158100 0.117900 0.196400 0.174800 0.110200 0.151800 0.173700 0.180200 0.113200 0.104200 0.146300 0.178300 0.192500 0.205400 0.212600
BarbaryShe 0.039100 0.294400 0.148200 0.265600 0.074900 0.047400 0.054600 0.087300 0.148400 0.128200 0.046200 0.143700 0.081100 0.081600 0.160900 0.101900 0.173500 0.139600 0.074000 0.124800 0.140000 0.000000 0.135300 0.126400 0.046200 0.134600 0.081300 0.148100 0.121500 0.162400 0.128200 0.061400 0.124200 0.081000 0.088000 0.140000 0.033200 0.096700 0.122300 0.148800 0.142400 0.135800 0.119500 0.126300 0.133100 0.081600 0.115300 0.114000 0.102400 0.161900 0.142100 0.149300
Daviddeer 0.106500 0.259700 0.161100 0.273700 0.115300 0.115700 0.093900 0.143000 0.161200 0.020500 0.128400 0.162400 0.129100 0.122200 0.221400 0.128300 0.171400 0.136600 0.113900 0.167300 0.183400 0.135300 0.000000 0.062500 0.113200 0.162600 0.114000 0.159900 0.164300 0.200200 0.034500 0.101000 0.167200 0.128800 0.136400 0.152300 0.114600 0.123400 0.173100 0.084100 0.034300 0.179800 0.048300 0.062500 0.145200 0.122200 0.157800 0.141700 0.176200 0.175300 0.170900 0.178400
Reindeer 0.113000 0.258200 0.151400 0.264000 0.089900 0.123000 0.085400 0.133900 0.151600 0.055600 0.119600 0.137900 0.120400 0.113400 0.195200 0.127300 0.161900 0.127600 0.105300 0.158500 0.173800 0.126400 0.062500 0.000000 0.104600 0.131300 0.105500 0.150300 0.147100 0.189600 0.055600 0.092500 0.157700 0.105000 0.127400 0.112600 0.106000 0.084400 0.163500 0.076000 0.069400 0.132400 0.069400 0.027000 0.103700 0.113400 0.148400 0.133000 0.166400 0.134600 0.160900 0.168300
Ibex 0.033200 0.269600 0.126400 0.241500 0.068200 0.040700 0.047900 0.066700 0.110900 0.105700 0.013000 0.121300 0.060600 0.074900 0.132800 0.091500 0.151700 0.117900 0.053500 0.103300 0.147900 0.046200 0.113200 0.104600 0.000000 0.128000 0.060600 0.110500 0.114900 0.140200 0.106100 0.054700 0.102800 0.060300 0.081400 0.133200 0.013100 0.089900 0.108000 0.126700 0.120300 0.129100 0.097800 0.103700 0.126300 0.074900 0.094200 0.107100 0.110300 0.139900 0.135200 0.127000
GyrantGaze 0.121800 0.288100 0.159500 0.243000 0.108600 0.131600 0.095300 0.071600 0.167600 0.155500 0.128200 0.171000 0.129000 0.122100 0.164800 0.058100 0.184800 0.151400 0.128800 0.151400 0.089200 0.134600 0.162600 0.131300 0.128000 0.000000 0.115400 0.173700 0.063700 0.173600 0.155600 0.102100 0.165800 0.114100 0.107000 0.159400 0.115000 0.116100 0.098500 0.160500 0.169500 0.037700 0.162100 0.138500 0.137600 0.093700 0.084900 0.126100 0.150800 0.166200 0.153400 0.175900
Hartebeest 0.067900 0.271400 0.142300 0.243200 0.068700 0.076700 0.048200 0.067100 0.127100 0.106800 0.060600 0.122100 0.013000 0.075400 0.162800 0.081700 0.167900 0.133800 0.075000 0.111600 0.134400 0.081300 0.114000 0.105500 0.060600 0.115400 0.000000 0.126100 0.087200 0.141100 0.091100 0.055000 0.141000 0.012900 0.060400 0.119100 0.046000 0.090500 0.086300 0.143000 0.121000 0.087100 0.106200 0.120400 0.112200 0.075400 0.080700 0.107800 0.125800 0.156300 0.136100 0.127800
Bongo 0.133800 0.335200 0.053400 0.250800 0.112300 0.144200 0.106500 0.139400 0.013000 0.152600 0.125100 0.128900 0.141100 0.134400 0.192700 0.155600 0.182700 0.148400 0.126100 0.046300 0.209800 0.148100 0.159900 0.150300 0.110500 0.173700 0.126100 0.000000 0.160500 0.059700 0.152600 0.113500 0.147700 0.125600 0.148400 0.118100 0.111800 0.119900 0.161000 0.157500 0.167200 0.190800 0.159300 0.150200 0.126400 0.134300 0.138600 0.138700 0.187800 0.170700 0.047000 0.039600
Gerenuk 0.108600 0.326800 0.159000 0.279500 0.095300 0.118100 0.082000 0.058800 0.161800 0.157100 0.115000 0.157300 0.101300 0.108900 0.181100 0.045300 0.186300 0.168100 0.115800 0.123300 0.110300 0.121500 0.164300 0.147100 0.114900 0.063700 0.087200 0.160500 0.000000 0.160400 0.142200 0.088800 0.137500 0.086900 0.093900 0.146000 0.101800 0.117400 0.085600 0.177700 0.171300 0.051000 0.163700 0.154800 0.124200 0.094600 0.065300 0.127500 0.144800 0.183200 0.155500 0.162700
CommonElan 0.149000 0.374000 0.074200 0.233600 0.127300 0.159900 0.121600 0.139400 0.060100 0.192600 0.140300 0.136500 0.156300 0.134200 0.192600 0.155500 0.222100 0.187200 0.156500 0.053100 0.209700 0.162400 0.200200 0.189600 0.140200 0.173600 0.141100 0.059700 0.160400 0.000000 0.192600 0.128600 0.186300 0.140500 0.163700 0.140600 0.126700 0.135000 0.145800 0.195800 0.207500 0.190700 0.199300 0.173600 0.133900 0.149600 0.138500 0.138600 0.171900 0.193700 0.067900 0.060600
MuntiacusR 0.114600 0.261800 0.153700 0.267500 0.108100 0.124800 0.086700 0.135900 0.153900 0.027600 0.121300 0.139800 0.106800 0.115000 0.198000 0.136600 0.164200 0.129400 0.106800 0.160900 0.176200 0.128200 0.034500 0.055600 0.106100 0.155600 0.091100 0.152600 0.142200 0.192600 0.000000 0.093800 0.160000 0.106500 0.113900 0.161000 0.107500 0.116100 0.165800 0.077100 0.040400 0.149300 0.041400 0.055600 0.153900 0.115000 0.150600 0.135100 0.168900 0.168000 0.163400 0.170900
HarveysDui 0.048000 0.259500 0.114300 0.231100 0.040400 0.049000 0.020400 0.068400 0.114400 0.093800 0.054700 0.109200 0.069300 0.034200 0.143100 0.068500 0.140400 0.106000 0.055000 0.106200 0.122100 0.061400 0.101000 0.092500 0.054700 0.102100 0.055000 0.113500 0.088800 0.128600 0.093800 0.000000 0.120600 0.054800 0.061800 0.106300 0.041200 0.063000 0.096500 0.115000 0.108200 0.103200 0.100600 0.092400 0.099300 0.048200 0.082300 0.079500 0.098200 0.128300 0.107900 0.115100
Pronghorn 0.096200 0.297300 0.164100 0.241600 0.133900 0.105500 0.113600 0.116800 0.148900 0.159900 0.117500 0.184200 0.141000 0.126200 0.207800 0.147500 0.143600 0.110100 0.103200 0.140200 0.170500 0.124200 0.167200 0.157700 0.102800 0.165800 0.141000 0.147700 0.137500 0.186300 0.160000 0.120600 0.000000 0.140400 0.117800 0.171600 0.104000 0.158200 0.168600 0.180900 0.174400 0.167300 0.119800 0.157600 0.164500 0.111300 0.161100 0.161800 0.178500 0.162500 0.155800 0.165300
BlueWildeb 0.067900 0.288200 0.141800 0.259400 0.068400 0.076400 0.046800 0.065700 0.126600 0.121600 0.060400 0.121600 0.026000 0.075300 0.162100 0.081500 0.167300 0.133200 0.074800 0.111200 0.133900 0.081000 0.128800 0.105000 0.060300 0.114100 0.012900 0.125600 0.086900 0.140500 0.106500 0.054800 0.140400 0.000000 0.060200 0.118600 0.047100 0.090200 0.086900 0.142400 0.135900 0.086700 0.120800 0.119800 0.111700 0.075100 0.080400 0.107400 0.125300 0.155600 0.135600 0.127400
Gemsbok 0.074900 0.260100 0.134000 0.249500 0.075500 0.083600 0.055000 0.073800 0.149600 0.129300 0.081400 0.129200 0.074300 0.082200 0.147100 0.088400 0.174900 0.140800 0.067600 0.133700 0.141100 0.088000 0.136400 0.127400 0.081400 0.107000 0.060400 0.148400 0.093900 0.163700 0.113900 0.061800 0.117800 0.060200 0.000000 0.140800 0.068100 0.097400 0.100900 0.150100 0.143600 0.100900 0.128400 0.127400 0.134200 0.068000 0.101700 0.115000 0.132900 0.147700 0.143200 0.150500
Yak 0.111600 0.308100 0.104100 0.260400 0.090400 0.121400 0.099300 0.147600 0.119100 0.145000 0.133300 0.076800 0.134000 0.127100 0.192700 0.125700 0.206700 0.172100 0.134000 0.126000 0.202500 0.140000 0.152300 0.112600 0.133200 0.159400 0.119100 0.118100 0.146000 0.140600 0.161000 0.106300 0.171600 0.118600 0.140800 0.000000 0.119700 0.097900 0.177100 0.182000 0.175600 0.145700 0.167700 0.143100 0.019700 0.127100 0.162100 0.146900 0.180300 0.147900 0.097800 0.104900
BlueSheep 0.019800 0.273100 0.127800 0.244600 0.054800 0.027300 0.033700 0.052300 0.112700 0.107500 0.013200 0.107500 0.046300 0.061600 0.134200 0.082000 0.153500 0.119400 0.054100 0.089900 0.134900 0.033200 0.114600 0.106000 0.013100 0.115000 0.046000 0.111800 0.101800 0.126700 0.107500 0.041200 0.104000 0.047100 0.068100 0.119700 0.000000 0.076500 0.095300 0.128300 0.121800 0.116000 0.099000 0.105900 0.112700 0.061500 0.081100 0.093300 0.096900 0.141600 0.121500 0.113400
BohorReedb 0.083300 0.249500 0.136300 0.237800 0.033300 0.092400 0.056100 0.104000 0.120900 0.116100 0.090000 0.131900 0.105200 0.083700 0.149100 0.097300 0.162300 0.127900 0.089100 0.128000 0.158100 0.096700 0.123400 0.084400 0.089900 0.116100 0.090500 0.119900 0.117400 0.135000 0.116100 0.063000 0.158200 0.090200 0.097400 0.097900 0.076500 0.000000 0.117600 0.121600 0.130600 0.117200 0.122900 0.099400 0.106000 0.083700 0.103300 0.071500 0.119800 0.104700 0.130000 0.137300
KirksDik 0.109300 0.337700 0.185500 0.254100 0.095500 0.118800 0.089600 0.059100 0.162300 0.158100 0.108600 0.174000 0.101400 0.116800 0.181000 0.066200 0.210900 0.176700 0.094800 0.146600 0.117900 0.122300 0.173100 0.163500 0.108000 0.098500 0.086300 0.161000 0.085600 0.145800 0.165800 0.096500 0.168600 0.086900 0.100900 0.177100 0.095300 0.117600 0.000000 0.170600 0.172400 0.099400 0.164800 0.148100 0.154700 0.116800 0.058800 0.135800 0.138100 0.184100 0.179600 0.179200
RoeDeer 0.135400 0.293100 0.174700 0.289100 0.113600 0.146000 0.107700 0.156500 0.151100 0.077100 0.142000 0.161200 0.158400 0.135900 0.218400 0.157500 0.184800 0.134700 0.127500 0.181900 0.196400 0.148800 0.084100 0.076000 0.126700 0.160500 0.143000 0.157500 0.177700 0.195800 0.077100 0.115000 0.180900 0.142400 0.150100 0.182000 0.128300 0.121600 0.170600 0.000000 0.091000 0.177300 0.091000 0.076000 0.174900 0.135900 0.155100 0.156700 0.182100 0.189000 0.168300 0.192200
WhiteLippe 0.128800 0.277600 0.168500 0.274200 0.122500 0.139300 0.101100 0.150100 0.168600 0.027000 0.135600 0.170800 0.136300 0.129400 0.228300 0.150900 0.178500 0.143700 0.105800 0.175700 0.174800 0.142400 0.034300 0.069400 0.120300 0.169500 0.121000 0.167200 0.171300 0.207500 0.040400 0.108200 0.174400 0.135900 0.143600 0.175600 0.121800 0.130600 0.172400 0.091000 0.000000 0.186700 0.055100 0.069400 0.168400 0.129400 0.164900 0.150100 0.183500 0.182500 0.178400 0.178000
ThomsonGaz 0.122900 0.308300 0.191900 0.262000 0.109500 0.132800 0.096200 0.072200 0.184600 0.172500 0.129200 0.164900 0.101200 0.123200 0.173600 0.058600 0.217300 0.183300 0.129900 0.168000 0.110200 0.135800 0.179800 0.132400 0.129100 0.037700 0.087100 0.190800 0.051000 0.190700 0.149300 0.103200 0.167300 0.086700 0.100900 0.145700 0.116000 0.117200 0.099400 0.177300 0.186700 0.000000 0.179200 0.154800 0.124000 0.094500 0.085600 0.142500 0.152200 0.167700 0.170200 0.193300
MuntiacusC 0.091100 0.241800 0.160400 0.247700 0.114900 0.100400 0.093500 0.142500 0.160600 0.041400 0.112700 0.162700 0.121200 0.106500 0.204400 0.143300 0.139700 0.105600 0.098400 0.151600 0.151800 0.119500 0.048300 0.069400 0.097800 0.162100 0.106200 0.159300 0.163700 0.199300 0.041400 0.100600 0.119800 0.120800 0.128400 0.167700 0.099000 0.122900 0.164800 0.091000 0.055100 0.179200 0.000000 0.069400 0.160600 0.106400 0.157200 0.125800 0.175600 0.174700 0.170200 0.177700
WhiteTaile 0.112900 0.258000 0.151300 0.246700 0.106500 0.122900 0.085400 0.133900 0.151500 0.055500 0.119500 0.137900 0.135500 0.113300 0.211100 0.134600 0.161800 0.127500 0.105200 0.158400 0.173700 0.126300 0.062500 0.027000 0.103700 0.138500 0.120400 0.150200 0.154800 0.173600 0.055600 0.092400 0.157600 0.119800 0.127400 0.143100 0.105900 0.099400 0.148100 0.076000 0.069400 0.154800 0.069400 0.000000 0.136100 0.113400 0.148300 0.133000 0.150700 0.150100 0.160900 0.168200
Cattle 0.104700 0.300500 0.112200 0.253500 0.083600 0.114400 0.092300 0.125600 0.127400 0.137900 0.126400 0.069900 0.127100 0.120200 0.186300 0.104100 0.199700 0.165100 0.126900 0.119300 0.180200 0.133100 0.145200 0.103700 0.126300 0.137600 0.112200 0.126400 0.124200 0.133900 0.153900 0.099300 0.164500 0.111700 0.134200 0.019700 0.112700 0.106000 0.154700 0.174900 0.168400 0.124000 0.160600 0.136100 0.000000 0.120200 0.139900 0.140000 0.157500 0.156600 0.105900 0.113000
RoyalAntel 0.054200 0.246300 0.135200 0.235600 0.061900 0.062400 0.041300 0.088700 0.135400 0.115000 0.074900 0.130600 0.089700 0.068600 0.148300 0.089100 0.145600 0.111700 0.075300 0.127100 0.113200 0.081600 0.122200 0.113400 0.074900 0.093700 0.075400 0.134300 0.094600 0.149600 0.115000 0.048200 0.111300 0.075100 0.068000 0.127100 0.061500 0.083700 0.116800 0.135900 0.129400 0.094500 0.106400 0.113400 0.120200 0.000000 0.102600 0.085500 0.118900 0.134000 0.129000 0.136200
Steenbok 0.102200 0.320600 0.170600 0.273200 0.081500 0.111500 0.072900 0.039000 0.139500 0.151000 0.094300 0.150600 0.094800 0.102600 0.174900 0.052300 0.188200 0.161700 0.109200 0.124400 0.104200 0.115300 0.157800 0.148400 0.094200 0.084900 0.080700 0.138600 0.065300 0.138500 0.150600 0.082300 0.161100 0.080400 0.101700 0.162100 0.081100 0.103300 0.058800 0.155100 0.164900 0.085600 0.157200 0.148300 0.139900 0.102600 0.000000 0.121000 0.138500 0.184400 0.164600 0.156100
Impala 0.085200 0.271300 0.139700 0.224500 0.093800 0.094000 0.072400 0.106500 0.139900 0.135100 0.107200 0.167000 0.123100 0.100800 0.137600 0.107000 0.150400 0.115500 0.107700 0.115100 0.146300 0.114000 0.141700 0.133000 0.107100 0.126100 0.107800 0.138700 0.127500 0.138600 0.135100 0.079500 0.161800 0.107400 0.115000 0.146900 0.093300 0.071500 0.135800 0.156700 0.150100 0.142500 0.125800 0.133000 0.140000 0.085500 0.121000 0.000000 0.138400 0.170000 0.133300 0.140800
Klipspring 0.103800 0.317000 0.189100 0.234800 0.097300 0.113300 0.091300 0.109700 0.173100 0.168900 0.110300 0.185300 0.125000 0.118900 0.177500 0.124900 0.214600 0.179800 0.125600 0.164600 0.178300 0.102400 0.176200 0.166400 0.110300 0.150800 0.125800 0.187800 0.144800 0.171900 0.168900 0.098200 0.178500 0.125300 0.132900 0.180300 0.096900 0.119800 0.138100 0.182100 0.183500 0.152200 0.175600 0.150700 0.157500 0.118900 0.138500 0.138400 0.000000 0.187000 0.175200 0.190600
ForestMusk 0.148600 0.296400 0.187600 0.249800 0.111900 0.159500 0.121300 0.154100 0.172100 0.168000 0.155200 0.192400 0.171700 0.147600 0.214800 0.163200 0.197500 0.163300 0.110800 0.179000 0.192500 0.161900 0.175300 0.134600 0.139900 0.166200 0.156300 0.170700 0.183200 0.193700 0.168000 0.128300 0.162500 0.155600 0.147700 0.147900 0.141600 0.104700 0.184100 0.189000 0.182500 0.167700 0.174700 0.150100 0.156600 0.134000 0.184400 0.170000 0.187000 0.000000 0.181700 0.189000
Bushbuck 0.128500 0.351700 0.033600 0.246400 0.122100 0.138900 0.100800 0.149700 0.040500 0.163500 0.135300 0.123600 0.151500 0.129100 0.180000 0.150500 0.193800 0.158900 0.136000 0.054100 0.205400 0.142100 0.170900 0.160900 0.135200 0.153400 0.136100 0.047000 0.155500 0.067900 0.163400 0.107900 0.155800 0.135600 0.143200 0.097800 0.121500 0.130000 0.179600 0.168300 0.178400 0.170200 0.170200 0.160900 0.105900 0.129000 0.164600 0.133300 0.175200 0.181700 0.000000 0.020100
GreaterKud 0.135700 0.360500 0.040300 0.272100 0.129400 0.146300 0.108100 0.141400 0.039800 0.171000 0.127200 0.115400 0.143100 0.136400 0.195100 0.157700 0.201200 0.166100 0.143200 0.047000 0.212600 0.149300 0.178400 0.168300 0.127000 0.175900 0.127800 0.039600 0.162700 0.060600 0.170900 0.115100 0.165300 0.127400 0.150500 0.104900 0.113400 0.137300 0.179200 0.192200 0.178000 0.193300 0.177700 0.168200 0.113000 0.136200 0.156100 0.140800 0.190600 0.189000 0.020100 0.000000
