1
52 1
Argali 0.000000 0.359400 0.157400 0.337400 0.166900 0.021000 0.152800 0.102700 0.175500 0.200000 0.072700 0.163700 0.103600 0.160000 0.155900 0.113600 0.150500 0.125800 0.118700 0.166100 0.124400 0.065200 0.178500 0.162700 0.065800 0.119700 0.112100 0.191200 0.126400 0.189400 0.204200 0.144800 0.168600 0.112100 0.162300 0.133700 0.043100 0.166800 0.137900 0.183900 0.183000 0.135600 0.189500 0.202400 0.149300 0.153400 0.118100 0.136800 0.118200 0.116100 0.203900 0.190900
LesserMous 0.359400 0.000000 0.301900 0.370000 0.294200 0.346600 0.331400 0.304300 0.304700 0.314500 0.339600 0.327600 0.286600 0.317000 0.294800 0.292500 0.290900 0.322400 0.339600 0.312600 0.298500 0.352100 0.298300 0.300300 0.343900 0.276600 0.277800 0.302300 0.303800 0.299000 0.317400 0.299200 0.336100 0.277800 0.334500 0.303000 0.342800 0.303600 0.300200 0.296300 0.322000 0.296700 0.301100 0.309000 0.322500 0.288600 0.291800 0.290400 0.283100 0.276500 0.335900 0.322300
LesserKudu 0.157400 0.301900 0.000000 0.309800 0.124100 0.149200 0.126200 0.093700 0.056200 0.197200 0.142000 0.137600 0.086800 0.133300 0.136800 0.104100 0.132100 0.123500 0.117700 0.063100 0.114900 0.150700 0.184200 0.168600 0.135400 0.094600 0.079600 0.055900 0.116700 0.069700 0.201500 0.118500 0.174200 0.079600 0.128600 0.124300 0.143000 0.140000 0.120000 0.181500 0.188500 0.109900 0.204500 0.189900 0.123700 0.126700 0.093400 0.110800 0.093500 0.122500 0.069200 0.055700
KillerWhal 0.337400 0.370000 0.309800 0.000000 0.282800 0.335100 0.298300 0.284000 0.235900 0.355500 0.328100 0.287600 0.275900 0.266200 0.245300 0.301200 0.281200 0.262700 0.296800 0.243300 0.268800 0.340100 0.316900 0.279800 0.331800 0.247500 0.267400 0.235100 0.282800 0.242200 0.357500 0.268800 0.273600 0.267400 0.334300 0.303100 0.310500 0.283000 0.300600 0.316900 0.329700 0.266200 0.363400 0.267500 0.301600 0.268700 0.272000 0.289500 0.264400 0.257400 0.258100 0.252100
DefassaWat 0.166900 0.294200 0.124100 0.282800 0.000000 0.141700 0.119200 0.086800 0.109700 0.163700 0.151600 0.130700 0.087400 0.110300 0.129700 0.112800 0.149400 0.125200 0.118500 0.116700 0.093100 0.143700 0.151600 0.144500 0.144600 0.087600 0.080100 0.124600 0.094500 0.123700 0.168400 0.095700 0.151100 0.080100 0.144800 0.117300 0.136000 0.042300 0.112600 0.164900 0.156500 0.103000 0.170900 0.148000 0.116700 0.103800 0.101700 0.088400 0.086600 0.106800 0.153400 0.124300
Sheep 0.021000 0.346600 0.149200 0.335100 0.141700 0.000000 0.143900 0.079500 0.166400 0.190300 0.064900 0.154900 0.095500 0.151000 0.155100 0.105200 0.141800 0.117400 0.110400 0.157200 0.131800 0.057500 0.169200 0.153600 0.058000 0.111300 0.103700 0.181900 0.118100 0.180200 0.194600 0.136000 0.143200 0.103700 0.153600 0.125300 0.034800 0.141700 0.129200 0.174300 0.173900 0.127000 0.179900 0.192500 0.140700 0.144500 0.109800 0.128100 0.109900 0.123700 0.194600 0.181600
MaxwellsDu 0.152800 0.331400 0.126200 0.298300 0.119200 0.143900 0.000000 0.088100 0.127400 0.174900 0.137500 0.148700 0.088900 0.049600 0.115400 0.098600 0.135600 0.127100 0.120400 0.134500 0.109700 0.129600 0.163100 0.147300 0.130400 0.073600 0.081500 0.142600 0.095900 0.141300 0.179500 0.036100 0.152600 0.081500 0.147300 0.119200 0.121800 0.119200 0.114700 0.168100 0.167800 0.088900 0.182200 0.168200 0.118600 0.105600 0.087800 0.089700 0.057700 0.100700 0.172200 0.142400
GazellaPrz 0.102700 0.304300 0.093700 0.284000 0.086800 0.079500 0.088100 0.000000 0.109900 0.163800 0.103500 0.115400 0.057500 0.095100 0.097700 0.081500 0.117700 0.108800 0.102900 0.116900 0.063200 0.095100 0.144000 0.128700 0.096700 0.057600 0.065200 0.124700 0.049600 0.123600 0.168500 0.080500 0.118900 0.065200 0.129600 0.101900 0.088400 0.086700 0.081500 0.131300 0.148900 0.072500 0.171000 0.148400 0.094000 0.088400 0.056900 0.073100 0.056900 0.083200 0.137700 0.124500
MountainNy 0.175500 0.304700 0.056200 0.235900 0.109700 0.166400 0.127400 0.109900 0.000000 0.181400 0.143300 0.123200 0.087600 0.118400 0.121600 0.105000 0.132900 0.109200 0.103100 0.006700 0.115900 0.152100 0.168700 0.153200 0.144600 0.095400 0.080300 0.027800 0.117700 0.055800 0.185900 0.119300 0.150600 0.080300 0.145200 0.109700 0.144300 0.125400 0.137200 0.165700 0.156800 0.110900 0.188700 0.156900 0.109200 0.111800 0.109500 0.111800 0.094300 0.123700 0.055300 0.013700
MuntiacusM 0.200000 0.314500 0.197200 0.355500 0.163700 0.190300 0.174900 0.163800 0.181400 0.000000 0.202000 0.211700 0.139800 0.181900 0.178600 0.159400 0.163100 0.154900 0.182800 0.188900 0.169000 0.193400 0.059600 0.083700 0.185500 0.148000 0.132000 0.197600 0.171600 0.195600 0.021700 0.166100 0.190600 0.132000 0.191700 0.146300 0.185100 0.171700 0.184900 0.101100 0.081200 0.164800 0.007300 0.135900 0.162800 0.166200 0.162500 0.150000 0.146700 0.144000 0.228500 0.188700
goat 0.072700 0.339600 0.142000 0.328100 0.151600 0.064900 0.137500 0.103500 0.143300 0.202000 0.000000 0.181500 0.081300 0.144700 0.148600 0.114800 0.143400 0.118600 0.080800 0.134300 0.141300 0.036000 0.180400 0.164400 0.051200 0.104800 0.089500 0.158700 0.111400 0.157200 0.206200 0.129500 0.161300 0.089500 0.139600 0.135000 0.043500 0.151500 0.139100 0.167900 0.184800 0.120600 0.209300 0.186100 0.134400 0.138100 0.119100 0.121600 0.103500 0.117100 0.171600 0.158400
AfricanBuf 0.163700 0.327600 0.137600 0.287600 0.130700 0.154900 0.148700 0.115400 0.123200 0.211700 0.181500 0.000000 0.116400 0.155700 0.127000 0.110600 0.162500 0.138300 0.131900 0.130200 0.106200 0.173600 0.190200 0.174700 0.149900 0.116500 0.109100 0.122500 0.138700 0.136700 0.215700 0.140900 0.148000 0.109100 0.174000 0.099800 0.165800 0.146500 0.142600 0.195900 0.194500 0.132000 0.201200 0.179000 0.114600 0.117300 0.099800 0.133100 0.115100 0.145600 0.150900 0.137700
Topi 0.103600 0.286600 0.086800 0.275900 0.087400 0.095500 0.088900 0.057500 0.087600 0.139800 0.081300 0.116400 0.000000 0.096000 0.098700 0.066500 0.095200 0.087600 0.073100 0.094600 0.093400 0.081300 0.128500 0.113300 0.097600 0.057900 0.006900 0.102400 0.079800 0.101400 0.144900 0.081300 0.111700 0.006900 0.070000 0.102900 0.073900 0.102900 0.097600 0.107800 0.133700 0.072900 0.147000 0.132400 0.102400 0.088900 0.072000 0.073800 0.057400 0.083700 0.115500 0.102200
CommonDuik 0.160000 0.317000 0.133300 0.266200 0.110300 0.151000 0.049600 0.095100 0.118400 0.181900 0.144700 0.155700 0.096000 0.000000 0.122600 0.105800 0.142700 0.134200 0.127500 0.125500 0.116700 0.136800 0.161200 0.137600 0.137600 0.080700 0.088600 0.133500 0.102900 0.148300 0.186300 0.028100 0.160900 0.088600 0.154200 0.110400 0.129000 0.110300 0.105600 0.166100 0.149400 0.080500 0.189100 0.157900 0.109900 0.112700 0.094800 0.096900 0.064700 0.099600 0.162700 0.133300
Suni 0.155900 0.294800 0.136800 0.245300 0.129700 0.155100 0.115400 0.097700 0.121600 0.178600 0.148600 0.127000 0.098700 0.122600 0.000000 0.108800 0.113700 0.113700 0.131000 0.128900 0.096200 0.140500 0.157700 0.141700 0.116200 0.082900 0.091100 0.137000 0.097900 0.135700 0.183300 0.107300 0.165100 0.091100 0.158200 0.113400 0.132600 0.129600 0.117200 0.162500 0.162500 0.098600 0.186000 0.162700 0.112800 0.083600 0.081700 0.099500 0.081800 0.111200 0.157900 0.136800
Springbuck 0.113600 0.292500 0.104100 0.301200 0.112800 0.105200 0.098600 0.081500 0.105000 0.159400 0.114800 0.110600 0.066500 0.105800 0.108800 0.000000 0.112600 0.104800 0.082300 0.112200 0.102800 0.106900 0.139200 0.123700 0.107600 0.036300 0.059100 0.120200 0.073400 0.135000 0.164200 0.090700 0.121900 0.059100 0.124700 0.081300 0.099100 0.112700 0.107500 0.143600 0.144300 0.051200 0.149400 0.143700 0.096500 0.098600 0.080900 0.067400 0.066000 0.093600 0.149700 0.120000
Okapi 0.150500 0.290900 0.132100 0.281200 0.149400 0.141800 0.135600 0.117700 0.132900 0.163100 0.143400 0.162500 0.095200 0.142700 0.113700 0.112600 0.000000 0.078700 0.127000 0.140000 0.138700 0.144100 0.127200 0.128200 0.136600 0.102900 0.087900 0.132200 0.125200 0.115400 0.167800 0.127600 0.150000 0.087900 0.137100 0.133300 0.136400 0.149300 0.145100 0.164800 0.148400 0.118500 0.170200 0.164900 0.132700 0.119400 0.117000 0.119900 0.102000 0.131400 0.161200 0.147700
Giraffe 0.125800 0.322400 0.123500 0.262700 0.125200 0.117400 0.127100 0.108800 0.109200 0.154900 0.118600 0.138300 0.087600 0.134200 0.113700 0.104800 0.078700 0.000000 0.103000 0.116200 0.115700 0.119300 0.135500 0.120300 0.111900 0.095200 0.080300 0.124000 0.117500 0.122900 0.159700 0.119300 0.118300 0.080300 0.145100 0.109200 0.111700 0.125100 0.137000 0.156500 0.140500 0.110700 0.162100 0.139800 0.108700 0.111600 0.109300 0.111600 0.094100 0.106800 0.145300 0.108200
TibetanAnt 0.118700 0.339600 0.117700 0.296800 0.118500 0.110400 0.120400 0.102900 0.103100 0.182800 0.080800 0.131900 0.073100 0.127500 0.131000 0.082300 0.127000 0.103000 0.000000 0.110200 0.109100 0.080900 0.162200 0.146500 0.081400 0.088500 0.065700 0.117400 0.110800 0.132600 0.187300 0.112500 0.144700 0.065700 0.130500 0.119000 0.088800 0.118400 0.130300 0.167000 0.166800 0.104000 0.190100 0.150000 0.117900 0.120900 0.102700 0.104800 0.072300 0.116500 0.131400 0.117900
Sitatunga 0.166100 0.312600 0.063100 0.243300 0.116700 0.157200 0.134500 0.116900 0.006700 0.188900 0.134300 0.130200 0.094600 0.125500 0.128900 0.112200 0.140000 0.116200 0.110200 0.000000 0.122900 0.142400 0.176000 0.160400 0.135600 0.102500 0.087400 0.034600 0.124800 0.062700 0.193200 0.126700 0.157700 0.087400 0.136600 0.116700 0.135300 0.132500 0.144500 0.173100 0.163900 0.118000 0.196100 0.164400 0.116200 0.119000 0.116500 0.119000 0.101300 0.131100 0.062100 0.020100
Oribi 0.124400 0.298500 0.114900 0.268800 0.093100 0.131800 0.109700 0.063200 0.115900 0.169000 0.141300 0.106200 0.093400 0.116700 0.096200 0.102800 0.138700 0.115700 0.109100 0.122900 0.000000 0.133600 0.149200 0.150100 0.118600 0.078200 0.086200 0.130700 0.070200 0.129500 0.157000 0.102100 0.156200 0.086200 0.150100 0.123400 0.126000 0.093000 0.102400 0.170200 0.154100 0.093000 0.176100 0.153700 0.122800 0.109700 0.062900 0.079500 0.078000 0.105100 0.159300 0.130500
BarbaryShe 0.065200 0.352100 0.150700 0.340100 0.143700 0.057500 0.129600 0.095100 0.152100 0.193400 0.036000 0.173600 0.081300 0.136800 0.140500 0.106900 0.144100 0.119300 0.080900 0.142400 0.133600 0.000000 0.172100 0.156200 0.043800 0.097100 0.089500 0.167600 0.119700 0.149600 0.197700 0.121600 0.162200 0.089500 0.123900 0.127200 0.036200 0.143600 0.131100 0.159500 0.176600 0.112800 0.200700 0.177500 0.126600 0.130100 0.103700 0.113800 0.095900 0.109000 0.181300 0.167400
Daviddeer 0.178500 0.298300 0.184200 0.316900 0.151600 0.169200 0.163100 0.144000 0.168700 0.059600 0.180400 0.190200 0.128500 0.161200 0.157700 0.139200 0.127200 0.135500 0.162200 0.176000 0.149200 0.172100 0.000000 0.051500 0.164300 0.128600 0.120900 0.184400 0.151600 0.165800 0.065800 0.145800 0.178600 0.120900 0.187800 0.160200 0.164000 0.151600 0.164000 0.099300 0.035300 0.144900 0.066700 0.100100 0.159400 0.146000 0.142900 0.130300 0.127500 0.124300 0.214600 0.175800
Reindeer 0.162700 0.300300 0.168600 0.279800 0.144500 0.153600 0.147300 0.128700 0.153200 0.083700 0.164400 0.174700 0.113300 0.137600 0.141700 0.123700 0.128200 0.120300 0.146500 0.160400 0.150100 0.156200 0.051500 0.000000 0.148500 0.113300 0.105700 0.168800 0.136300 0.167200 0.089700 0.122300 0.162800 0.105700 0.172500 0.144700 0.140000 0.144500 0.139900 0.084600 0.072800 0.129400 0.091000 0.044900 0.144000 0.121600 0.127700 0.131100 0.112400 0.117400 0.198900 0.160300
Ibex 0.065800 0.343900 0.135400 0.331800 0.144600 0.058000 0.130400 0.096700 0.144600 0.185500 0.051200 0.149900 0.097600 0.137600 0.116200 0.107600 0.136600 0.111900 0.081400 0.135600 0.118600 0.043800 0.164300 0.148500 0.000000 0.097700 0.090100 0.160200 0.120500 0.158700 0.190000 0.122400 0.171700 0.090100 0.140600 0.119800 0.051400 0.144600 0.115500 0.169400 0.169100 0.113400 0.192900 0.169600 0.119300 0.122600 0.096400 0.114500 0.096500 0.109700 0.190100 0.159900
GyrantGaze 0.119700 0.276600 0.094600 0.247500 0.087600 0.111300 0.073600 0.057600 0.095400 0.148000 0.104800 0.116500 0.057900 0.080700 0.082900 0.036300 0.102900 0.095200 0.088500 0.102500 0.078200 0.097100 0.128600 0.113300 0.097700 0.000000 0.050600 0.110300 0.049900 0.109300 0.152900 0.066000 0.111800 0.050600 0.114900 0.087600 0.089500 0.087600 0.082100 0.132400 0.133800 0.013800 0.155200 0.132500 0.087200 0.073600 0.057200 0.058600 0.042800 0.068100 0.139300 0.110100
Hartebeest 0.112100 0.277800 0.079600 0.267400 0.080100 0.103700 0.081500 0.065200 0.080300 0.132000 0.089500 0.109100 0.006900 0.088600 0.091100 0.059100 0.087900 0.080300 0.065700 0.087400 0.086200 0.089500 0.120900 0.105700 0.090100 0.050600 0.000000 0.095000 0.072500 0.094200 0.137200 0.073900 0.120200 0.000000 0.063000 0.095500 0.082000 0.095500 0.090100 0.116600 0.126200 0.065600 0.139200 0.124600 0.095100 0.081400 0.064800 0.066400 0.050200 0.076100 0.123900 0.094900
Bongo 0.191200 0.302300 0.055900 0.235100 0.124600 0.181900 0.142600 0.124700 0.027800 0.197600 0.158700 0.122500 0.102400 0.133500 0.137000 0.120200 0.132200 0.124000 0.117400 0.034600 0.130700 0.167600 0.184400 0.168800 0.160200 0.110300 0.095000 0.000000 0.132700 0.027400 0.201800 0.134800 0.149400 0.095000 0.144500 0.124500 0.159800 0.140500 0.152800 0.181800 0.172100 0.125900 0.204900 0.173000 0.124000 0.127000 0.124300 0.127000 0.109000 0.139400 0.026400 0.041600
Gerenuk 0.126400 0.303800 0.116700 0.282800 0.094500 0.118100 0.095900 0.049600 0.117700 0.171600 0.111400 0.138700 0.079800 0.102900 0.097900 0.073400 0.125200 0.117500 0.110800 0.124800 0.070200 0.119700 0.151600 0.136300 0.120500 0.049900 0.072500 0.132700 0.000000 0.131500 0.176300 0.088300 0.142600 0.072500 0.136800 0.109700 0.112100 0.094400 0.104600 0.156100 0.156400 0.064600 0.178800 0.156300 0.109300 0.095900 0.078800 0.080800 0.064300 0.090900 0.161800 0.132500
CommonElan 0.189400 0.299000 0.069700 0.242200 0.123700 0.180200 0.141300 0.123600 0.055800 0.195600 0.157200 0.136700 0.101400 0.148300 0.135700 0.135000 0.115400 0.122900 0.132600 0.062700 0.129500 0.149600 0.165800 0.167200 0.158700 0.109300 0.094200 0.027400 0.131500 0.000000 0.199800 0.133500 0.148000 0.094200 0.127700 0.139000 0.158700 0.139200 0.151300 0.180000 0.187100 0.124700 0.202800 0.171200 0.138400 0.125800 0.123200 0.125800 0.108000 0.138000 0.054700 0.069800
MuntiacusR 0.204200 0.317400 0.201500 0.357500 0.168400 0.194600 0.179500 0.168500 0.185900 0.021700 0.206200 0.215700 0.144900 0.186300 0.183300 0.164200 0.167800 0.159700 0.187300 0.193200 0.157000 0.197700 0.065800 0.089700 0.190000 0.152900 0.137200 0.201800 0.176300 0.199800 0.000000 0.170800 0.195000 0.137200 0.204800 0.151200 0.189600 0.176300 0.189400 0.106800 0.087000 0.169500 0.028800 0.141200 0.167500 0.171000 0.167200 0.154900 0.151600 0.149200 0.232300 0.193000
HarveysDui 0.144800 0.299200 0.118500 0.268800 0.095700 0.136000 0.036100 0.080500 0.119300 0.166100 0.129500 0.140900 0.081300 0.028100 0.107300 0.090700 0.127600 0.119300 0.112500 0.126700 0.102100 0.121600 0.145800 0.122300 0.122400 0.066000 0.073900 0.134800 0.088300 0.133500 0.170800 0.000000 0.162100 0.073900 0.139500 0.095800 0.113900 0.095600 0.090500 0.150300 0.150800 0.081300 0.173400 0.142200 0.095400 0.097700 0.080300 0.082000 0.050400 0.084300 0.164200 0.134500
Pronghorn 0.168600 0.336100 0.174200 0.273600 0.151100 0.143200 0.152600 0.118900 0.150600 0.190600 0.161300 0.148000 0.111700 0.160900 0.165100 0.121900 0.150000 0.118300 0.144700 0.157700 0.156200 0.162200 0.178600 0.162800 0.171700 0.111800 0.120200 0.149400 0.142600 0.148000 0.195000 0.162100 0.000000 0.120200 0.186800 0.150700 0.154300 0.151000 0.180600 0.166200 0.200200 0.127700 0.180200 0.166600 0.166700 0.153500 0.150100 0.154000 0.134700 0.149800 0.162300 0.157700
BlueWildeb 0.112100 0.277800 0.079600 0.267400 0.080100 0.103700 0.081500 0.065200 0.080300 0.132000 0.089500 0.109100 0.006900 0.088600 0.091100 0.059100 0.087900 0.080300 0.065700 0.087400 0.086200 0.089500 0.120900 0.105700 0.090100 0.050600 0.000000 0.095000 0.072500 0.094200 0.137200 0.073900 0.120200 0.000000 0.063000 0.095500 0.082000 0.095500 0.090100 0.116600 0.126200 0.065600 0.139200 0.124600 0.095100 0.081400 0.064800 0.066400 0.050200 0.076100 0.123900 0.094900
Gemsbok 0.162300 0.334500 0.128600 0.334300 0.144800 0.153600 0.147300 0.129600 0.145200 0.191700 0.139600 0.174000 0.070000 0.154200 0.158200 0.124700 0.137100 0.145100 0.130500 0.136600 0.150100 0.123900 0.187800 0.172500 0.140600 0.114900 0.063000 0.144500 0.136800 0.127700 0.204800 0.139500 0.186800 0.063000 0.000000 0.160800 0.132200 0.160800 0.156500 0.185200 0.192000 0.130200 0.198800 0.193600 0.160100 0.147100 0.128600 0.131800 0.114100 0.143400 0.173000 0.159800
Yak 0.133700 0.303000 0.124300 0.303100 0.117300 0.125300 0.119200 0.101900 0.109700 0.146300 0.135000 0.099800 0.102900 0.110400 0.113400 0.081300 0.133300 0.109200 0.119000 0.116700 0.123400 0.127200 0.160200 0.144700 0.119800 0.087600 0.095500 0.124500 0.109700 0.139000 0.151200 0.095800 0.150700 0.095500 0.160800 0.000000 0.119600 0.133000 0.128800 0.165000 0.164800 0.087400 0.136800 0.165100 0.027200 0.088200 0.101600 0.103800 0.086500 0.098900 0.153400 0.124300
BlueSheep 0.043100 0.342800 0.143000 0.310500 0.136000 0.034800 0.121800 0.088400 0.144300 0.185100 0.043500 0.165800 0.073900 0.129000 0.132600 0.099100 0.136400 0.111700 0.088800 0.135300 0.126000 0.036200 0.164000 0.140000 0.051400 0.089500 0.082000 0.159800 0.112100 0.158700 0.189600 0.113900 0.154300 0.082000 0.132200 0.119600 0.000000 0.135900 0.123200 0.151400 0.168700 0.105200 0.192500 0.160800 0.119000 0.114800 0.103800 0.106100 0.088400 0.101100 0.172800 0.159500
BohorReedb 0.166800 0.303600 0.140000 0.283000 0.042300 0.141700 0.119200 0.086700 0.125400 0.171700 0.151500 0.146500 0.102900 0.110300 0.129600 0.112700 0.149300 0.125100 0.118400 0.132500 0.093000 0.143600 0.151600 0.144500 0.144600 0.087600 0.095500 0.140500 0.094400 0.139200 0.176300 0.095600 0.151000 0.095500 0.160800 0.133000 0.135900 0.000000 0.112500 0.173000 0.156400 0.102900 0.179000 0.148000 0.132400 0.103700 0.101600 0.088300 0.086600 0.106700 0.169600 0.140200
KirksDik 0.137900 0.300200 0.120000 0.300600 0.112600 0.129200 0.114700 0.081500 0.137200 0.184900 0.139100 0.142600 0.097600 0.105600 0.117200 0.107500 0.145100 0.137000 0.130300 0.144500 0.102400 0.131100 0.164000 0.139900 0.115500 0.082100 0.090100 0.152800 0.104600 0.151300 0.189400 0.090500 0.180600 0.090100 0.156500 0.128800 0.123200 0.112500 0.000000 0.169000 0.168600 0.097200 0.192300 0.160600 0.128200 0.114700 0.081000 0.098900 0.081400 0.101400 0.182800 0.152500
RoeDeer 0.183900 0.296300 0.181500 0.316900 0.164900 0.174300 0.168100 0.131300 0.165700 0.101100 0.167900 0.195900 0.107800 0.166100 0.162500 0.143600 0.164800 0.156500 0.167000 0.173100 0.170200 0.159500 0.099300 0.084600 0.169400 0.132400 0.116600 0.181800 0.156100 0.180000 0.106800 0.150300 0.166200 0.116600 0.185200 0.165000 0.151400 0.173000 0.169000 0.000000 0.121100 0.149100 0.108400 0.086600 0.164200 0.150500 0.147100 0.151200 0.131300 0.136400 0.194900 0.173000
WhiteLippe 0.183000 0.322000 0.188500 0.329700 0.156500 0.173900 0.167800 0.148900 0.156800 0.081200 0.184800 0.194500 0.133700 0.149400 0.162500 0.144300 0.148400 0.140500 0.166800 0.163900 0.154100 0.176600 0.035300 0.072800 0.169100 0.133800 0.126200 0.172100 0.156400 0.187100 0.087000 0.150800 0.200200 0.126200 0.192000 0.164800 0.168700 0.156400 0.168600 0.121100 0.000000 0.149800 0.087100 0.122100 0.164100 0.150900 0.147800 0.135500 0.132700 0.146200 0.201500 0.163800
ThomsonGaz 0.135600 0.296700 0.109900 0.266200 0.103000 0.127000 0.088900 0.072500 0.110900 0.164800 0.120600 0.132000 0.072900 0.080500 0.098600 0.051200 0.118500 0.110700 0.104000 0.118000 0.093000 0.112800 0.144900 0.129400 0.113400 0.013800 0.065600 0.125900 0.064600 0.124700 0.169500 0.081300 0.127700 0.065600 0.130200 0.087400 0.105200 0.102900 0.097200 0.149100 0.149800 0.000000 0.172000 0.149300 0.087000 0.089000 0.072000 0.073800 0.057400 0.083800 0.155100 0.125700
MuntiacusC 0.189500 0.301100 0.204500 0.363400 0.170900 0.179900 0.182200 0.171000 0.188700 0.007300 0.209300 0.201200 0.147000 0.189100 0.186000 0.149400 0.170200 0.162100 0.190100 0.196100 0.176100 0.200700 0.066700 0.091000 0.192900 0.155200 0.139200 0.204900 0.178800 0.202800 0.028800 0.173400 0.180200 0.139200 0.198800 0.136800 0.192500 0.179000 0.192300 0.108400 0.087100 0.172000 0.000000 0.143300 0.169900 0.173500 0.169600 0.157300 0.153900 0.151500 0.235800 0.196000
WhiteTaile 0.202400 0.309000 0.189900 0.267500 0.148000 0.192500 0.168200 0.148400 0.156900 0.135900 0.186100 0.179000 0.132400 0.157900 0.162700 0.143700 0.164900 0.139800 0.150000 0.164400 0.153700 0.177500 0.100100 0.044900 0.169600 0.132500 0.124600 0.173000 0.156300 0.171200 0.141200 0.142200 0.166600 0.124600 0.193600 0.165100 0.160800 0.148000 0.160600 0.086600 0.122100 0.149300 0.143300 0.000000 0.164300 0.141300 0.147300 0.151400 0.131500 0.137500 0.203700 0.164200
Cattle 0.149300 0.322500 0.123700 0.301600 0.116700 0.140700 0.118600 0.094000 0.109200 0.162800 0.134400 0.114600 0.102400 0.109900 0.112800 0.096500 0.132700 0.108700 0.117900 0.116200 0.122800 0.126600 0.159400 0.144000 0.119300 0.087200 0.095100 0.124000 0.109300 0.138400 0.167500 0.095400 0.166700 0.095100 0.160100 0.027200 0.119000 0.132400 0.128200 0.164200 0.164100 0.087000 0.169900 0.164300 0.000000 0.087800 0.101200 0.103300 0.086200 0.098400 0.152700 0.123800
RoyalAntel 0.153400 0.288600 0.126700 0.268700 0.103800 0.144500 0.105600 0.088400 0.111800 0.166200 0.138100 0.117300 0.088900 0.112700 0.083600 0.098600 0.119400 0.111600 0.120900 0.119000 0.109700 0.130100 0.146000 0.121600 0.122600 0.073600 0.081400 0.127000 0.095900 0.125800 0.171000 0.097700 0.153500 0.081400 0.147100 0.088200 0.114800 0.103700 0.114700 0.150500 0.150900 0.089000 0.173500 0.141300 0.087800 0.000000 0.087900 0.090100 0.073000 0.100700 0.156300 0.126700
Steenbok 0.118100 0.291800 0.093400 0.272000 0.101700 0.109800 0.087800 0.056900 0.109500 0.162500 0.119100 0.099800 0.072000 0.094800 0.081700 0.080900 0.117000 0.109300 0.102700 0.116500 0.062900 0.103700 0.142900 0.127700 0.096400 0.057200 0.064800 0.124300 0.078800 0.123200 0.167200 0.080300 0.150100 0.064800 0.128600 0.101600 0.103800 0.101600 0.081000 0.147100 0.147800 0.072000 0.169600 0.147300 0.101200 0.087900 0.000000 0.072800 0.056700 0.082700 0.153100 0.124100
Impala 0.136800 0.290400 0.110800 0.289500 0.088400 0.128100 0.089700 0.073100 0.111800 0.150000 0.121600 0.133100 0.073800 0.096900 0.099500 0.067400 0.119900 0.111600 0.104800 0.119000 0.079500 0.113800 0.130300 0.131100 0.114500 0.058600 0.066400 0.127000 0.080800 0.125800 0.154900 0.082000 0.154000 0.066400 0.131800 0.103800 0.106100 0.088300 0.098900 0.151200 0.135500 0.073800 0.157300 0.151400 0.103300 0.090100 0.072800 0.000000 0.057900 0.084900 0.156300 0.126700
Klipspring 0.118200 0.283100 0.093500 0.264400 0.086600 0.109900 0.057700 0.056900 0.094300 0.146700 0.103500 0.115100 0.057400 0.064700 0.081800 0.066000 0.102000 0.094100 0.072300 0.101300 0.078000 0.095900 0.127500 0.112400 0.096500 0.042800 0.050200 0.109000 0.064300 0.108000 0.151600 0.050400 0.134700 0.050200 0.114100 0.086500 0.088400 0.086600 0.081400 0.131300 0.132700 0.057400 0.153900 0.131500 0.086200 0.073000 0.056700 0.057900 0.000000 0.067400 0.122300 0.108800
ForestMusk 0.116100 0.276500 0.122500 0.257400 0.106800 0.123700 0.100700 0.083200 0.123700 0.144000 0.117100 0.145600 0.083700 0.099600 0.111200 0.093600 0.131400 0.106800 0.116500 0.131100 0.105100 0.109000 0.124300 0.117400 0.109700 0.068100 0.076100 0.139400 0.090900 0.138000 0.149200 0.084300 0.149800 0.076100 0.143400 0.098900 0.101100 0.106700 0.101400 0.136400 0.146200 0.083800 0.151500 0.137500 0.098400 0.100700 0.082700 0.084900 0.067400 0.000000 0.169800 0.139100
Bushbuck 0.203900 0.335900 0.069200 0.258100 0.153400 0.194600 0.172200 0.137700 0.055300 0.228500 0.171600 0.150900 0.115500 0.162700 0.157900 0.149700 0.161200 0.145300 0.131400 0.062100 0.159300 0.181300 0.214600 0.198900 0.190100 0.139300 0.123900 0.026400 0.161800 0.054700 0.232300 0.164200 0.162300 0.123900 0.173000 0.153400 0.172800 0.169600 0.182800 0.194900 0.201500 0.155100 0.235800 0.203700 0.152700 0.156300 0.153100 0.156300 0.122300 0.169800 0.000000 0.069100
GreaterKud 0.190900 0.322300 0.055700 0.252100 0.124300 0.181600 0.142400 0.124500 0.013700 0.188700 0.158400 0.137700 0.102200 0.133300 0.136800 0.120000 0.147700 0.108200 0.117900 0.020100 0.130500 0.167400 0.175800 0.160300 0.159900 0.110100 0.094900 0.041600 0.132500 0.069800 0.193000 0.134500 0.157700 0.094900 0.159800 0.124300 0.159500 0.140200 0.152500 0.173000 0.163800 0.125700 0.196000 0.164200 0.123800 0.126700 0.124100 0.126700 0.108800 0.139100 0.069100 0.000000
