1
52 1
Argali 0.000000 0.649100 0.243200 0.480600 0.242000 0.026900 0.170800 0.165900 0.243700 0.282800 0.053900 0.144500 0.137500 0.112200 0.256100 0.190000 0.198100 0.173900 0.129000 0.284600 0.135700 0.026900 0.225000 0.212200 0.026900 0.204700 0.136700 0.150400 0.164100 0.282000 0.276800 0.114000 0.308100 0.110000 0.163600 0.197000 0.053300 0.207600 0.137900 0.239000 0.251100 0.206100 0.314300 0.261400 0.189900 0.201100 0.315700 0.214300 0.194300 0.232200 0.238100 0.238300
LesserMous 0.649100 0.000000 0.659300 0.704200 0.714500 0.601700 0.783300 0.732000 0.603900 0.808000 0.649500 0.608600 0.554100 0.650500 0.714500 0.775200 0.731000 0.583400 0.752300 0.681500 0.632300 0.601700 0.652100 0.542400 0.601700 0.699400 0.551400 0.517100 0.734300 0.666500 0.633100 0.657700 0.674100 0.513100 0.739200 0.679900 0.519200 0.655800 0.689600 0.717900 0.679400 0.705800 0.869900 0.798400 0.638000 0.703400 0.645200 0.812300 0.848900 0.674000 0.471800 0.582900
LesserKudu 0.243200 0.659300 0.000000 0.483000 0.403500 0.212700 0.313500 0.303300 0.115400 0.409500 0.243600 0.179000 0.271900 0.246400 0.410500 0.327200 0.341600 0.244000 0.322400 0.148700 0.267000 0.212700 0.349700 0.328200 0.212700 0.354600 0.271000 0.088800 0.299200 0.147400 0.400800 0.249800 0.386000 0.241500 0.298600 0.201300 0.241300 0.362400 0.272000 0.441900 0.376000 0.356900 0.445300 0.392100 0.194400 0.272300 0.477700 0.351300 0.335300 0.269900 0.175200 0.175400
KillerWhal 0.480600 0.704200 0.483000 0.000000 0.477900 0.442800 0.521300 0.448300 0.485000 0.717300 0.481600 0.498200 0.415200 0.435300 0.539700 0.575700 0.602100 0.476700 0.472200 0.443000 0.499000 0.442800 0.585300 0.592500 0.442800 0.626900 0.411100 0.461200 0.542300 0.538900 0.698100 0.441700 0.539200 0.467800 0.363200 0.608000 0.475500 0.433800 0.511200 0.775800 0.611100 0.631100 0.771100 0.573400 0.584700 0.418600 0.695500 0.504000 0.489300 0.501800 0.472600 0.471000
DefassaWat 0.242000 0.714500 0.403500 0.477900 0.000000 0.211200 0.310200 0.298500 0.321500 0.281400 0.174300 0.246400 0.266800 0.241400 0.228800 0.325900 0.264300 0.240500 0.320700 0.368500 0.265200 0.211200 0.188100 0.210800 0.211200 0.349700 0.265300 0.296900 0.298100 0.365000 0.309300 0.176400 0.460400 0.236500 0.297100 0.339600 0.239500 0.081600 0.270200 0.312200 0.214400 0.352300 0.312900 0.259900 0.405100 0.272300 0.378400 0.351100 0.258600 0.380900 0.313800 0.313700
Sheep 0.026900 0.601700 0.212700 0.442800 0.211200 0.000000 0.142400 0.138100 0.213100 0.250900 0.027000 0.115500 0.110000 0.084200 0.227200 0.162700 0.169600 0.144800 0.103200 0.252500 0.108600 0.000000 0.192600 0.181900 0.000000 0.175200 0.109400 0.120400 0.136700 0.250200 0.245500 0.085500 0.279300 0.082500 0.136200 0.168800 0.026700 0.177500 0.110300 0.208600 0.219400 0.176400 0.282100 0.228600 0.162600 0.172200 0.286000 0.187200 0.166300 0.202900 0.208200 0.208400
MaxwellsDu 0.170800 0.783300 0.313500 0.521300 0.310200 0.142400 0.000000 0.226500 0.314600 0.280100 0.171100 0.240700 0.197400 0.111300 0.285600 0.188400 0.332000 0.237400 0.216700 0.358400 0.194500 0.142400 0.223000 0.210800 0.142400 0.202500 0.166500 0.216500 0.162700 0.354800 0.274400 0.112900 0.305200 0.169200 0.133700 0.260900 0.169500 0.273900 0.197800 0.309100 0.249200 0.203900 0.311300 0.259600 0.319800 0.199100 0.312400 0.212200 0.255700 0.299800 0.307300 0.307200
GazellaPrz 0.165900 0.732000 0.303300 0.448300 0.298500 0.138100 0.226500 0.000000 0.304100 0.267500 0.166100 0.233400 0.130800 0.165700 0.245300 0.073700 0.320500 0.229000 0.241000 0.271400 0.076200 0.138100 0.285700 0.269600 0.138100 0.078200 0.130100 0.209500 0.049600 0.344400 0.262000 0.168300 0.292400 0.104700 0.101100 0.189000 0.164400 0.263300 0.025000 0.371900 0.310500 0.078700 0.297000 0.322700 0.310100 0.133200 0.178700 0.149200 0.185300 0.287100 0.297100 0.297200
MountainNy 0.243700 0.603900 0.115400 0.485000 0.321500 0.213100 0.314600 0.304100 0.000000 0.412000 0.244100 0.115200 0.272600 0.247100 0.332900 0.257100 0.268600 0.176400 0.323600 0.086200 0.267700 0.213100 0.309400 0.329600 0.213100 0.355900 0.271700 0.088800 0.300100 0.085500 0.403200 0.250500 0.468700 0.242000 0.299500 0.201700 0.241900 0.283500 0.272700 0.444900 0.336100 0.358400 0.448400 0.394500 0.259800 0.273000 0.480400 0.352600 0.336400 0.270600 0.054500 0.054600
MuntiacusM 0.282800 0.808000 0.409500 0.717300 0.281400 0.250900 0.280100 0.267500 0.412000 0.000000 0.283300 0.326300 0.236600 0.283200 0.342400 0.294900 0.422800 0.245100 0.364300 0.465100 0.306700 0.250900 0.121900 0.115400 0.250900 0.315700 0.235600 0.301600 0.267100 0.370700 0.081600 0.287200 0.514200 0.206800 0.266200 0.269600 0.280300 0.320600 0.239500 0.237300 0.149000 0.317900 0.026600 0.153500 0.410300 0.394900 0.346700 0.252000 0.300300 0.387000 0.401800 0.401000
goat 0.053900 0.649500 0.243600 0.481600 0.174300 0.027000 0.171100 0.166100 0.244100 0.283300 0.000000 0.144700 0.137700 0.112400 0.191600 0.190300 0.136600 0.174100 0.129200 0.285100 0.135900 0.027000 0.225400 0.212500 0.027000 0.205000 0.136900 0.150600 0.164400 0.282500 0.277200 0.055100 0.308700 0.110100 0.163900 0.197300 0.053400 0.207900 0.138100 0.239400 0.251600 0.206400 0.314800 0.261800 0.190200 0.201500 0.316200 0.214700 0.194600 0.232600 0.238600 0.238700
AfricanBuf 0.144500 0.608600 0.179000 0.498200 0.246400 0.115500 0.240700 0.233400 0.115200 0.326300 0.144700 0.000000 0.203100 0.177500 0.260700 0.257800 0.170200 0.113400 0.222500 0.148900 0.200000 0.115500 0.228900 0.251200 0.115500 0.278900 0.202100 0.088600 0.230700 0.147700 0.319200 0.180200 0.387600 0.173900 0.230000 0.138200 0.143200 0.211200 0.203500 0.319400 0.255600 0.280800 0.359600 0.305700 0.163900 0.273900 0.397500 0.282500 0.264000 0.236400 0.112600 0.112800
Topi 0.137500 0.554100 0.271900 0.415200 0.266800 0.110000 0.197400 0.130800 0.272600 0.236600 0.137700 0.203100 0.000000 0.137600 0.217000 0.155600 0.288700 0.198600 0.211900 0.314100 0.161000 0.110000 0.252400 0.238500 0.110000 0.165400 0.049800 0.178700 0.130600 0.311200 0.167000 0.139700 0.264200 0.024000 0.130300 0.161500 0.079000 0.232500 0.105400 0.338400 0.277800 0.166500 0.266100 0.289300 0.215300 0.227500 0.208400 0.179100 0.157900 0.192700 0.198400 0.266400
CommonDuik 0.112200 0.650500 0.246400 0.435300 0.241400 0.084200 0.111300 0.165700 0.247100 0.283200 0.112400 0.177500 0.137600 0.000000 0.224600 0.191600 0.264500 0.173600 0.103300 0.287800 0.136900 0.084200 0.225500 0.213000 0.084200 0.204200 0.108400 0.152200 0.165400 0.285200 0.277400 0.055200 0.307700 0.110200 0.135900 0.137500 0.111300 0.142500 0.139200 0.312600 0.252000 0.205500 0.241200 0.262500 0.192500 0.202800 0.314900 0.215800 0.133900 0.168300 0.241300 0.241500
Suni 0.256100 0.714500 0.410500 0.539700 0.228800 0.227200 0.285600 0.245300 0.332900 0.342400 0.191600 0.260700 0.217000 0.224600 0.000000 0.268000 0.279100 0.257300 0.235600 0.377100 0.277800 0.227200 0.327000 0.345200 0.227200 0.222100 0.186700 0.309900 0.242700 0.373400 0.335100 0.164400 0.390100 0.189700 0.212600 0.278700 0.253900 0.293700 0.217500 0.493500 0.351900 0.223500 0.374200 0.408800 0.410800 0.355400 0.369100 0.291200 0.342700 0.392600 0.325200 0.325000
Springbuck 0.190000 0.775200 0.327200 0.575700 0.325900 0.162700 0.188400 0.073700 0.257100 0.294900 0.190300 0.257800 0.155600 0.191600 0.268000 0.000000 0.345700 0.254600 0.261900 0.371800 0.099800 0.162700 0.314800 0.297200 0.162700 0.050200 0.154800 0.234700 0.023700 0.368300 0.289000 0.194500 0.318600 0.129600 0.124900 0.212300 0.188400 0.290400 0.049100 0.400300 0.338900 0.050500 0.324400 0.352200 0.332700 0.157700 0.147600 0.172100 0.209900 0.313400 0.251600 0.251700
Okapi 0.198100 0.731000 0.341600 0.602100 0.264300 0.169600 0.332000 0.320500 0.268600 0.422800 0.136600 0.170200 0.288700 0.264500 0.279100 0.345700 0.000000 0.136700 0.272300 0.311100 0.286800 0.169600 0.325600 0.344400 0.169600 0.370600 0.287100 0.245100 0.319000 0.307400 0.413400 0.200600 0.400000 0.259300 0.319100 0.286900 0.196200 0.301000 0.292100 0.370900 0.349800 0.373000 0.456400 0.404800 0.276500 0.368800 0.487500 0.302800 0.350800 0.323000 0.262600 0.262800
Giraffe 0.173900 0.583400 0.244000 0.476700 0.240500 0.144800 0.237400 0.229000 0.176400 0.245100 0.174100 0.113400 0.198600 0.173600 0.257300 0.254600 0.136700 0.000000 0.250800 0.213900 0.197700 0.144800 0.224000 0.246900 0.144800 0.272300 0.197500 0.150900 0.228000 0.146000 0.239800 0.176300 0.307500 0.170100 0.227800 0.197600 0.172200 0.206400 0.201100 0.349800 0.250200 0.274100 0.275400 0.298500 0.254900 0.271200 0.386900 0.216600 0.194000 0.230700 0.172300 0.172600
TibetanAnt 0.129000 0.752300 0.322400 0.472200 0.320700 0.103200 0.216700 0.241000 0.323600 0.364300 0.129200 0.222500 0.211900 0.103300 0.235600 0.261900 0.272300 0.250800 0.000000 0.366000 0.209000 0.103200 0.309700 0.292500 0.103200 0.281000 0.152800 0.231200 0.237100 0.362600 0.357000 0.162500 0.379800 0.185300 0.177600 0.209800 0.128000 0.219800 0.212400 0.317200 0.333600 0.282800 0.320000 0.346500 0.202500 0.276600 0.388600 0.284600 0.206500 0.242900 0.316500 0.316400
Sitatunga 0.284600 0.681500 0.148700 0.443000 0.368500 0.252500 0.358400 0.271400 0.086200 0.465100 0.285100 0.148900 0.314100 0.287800 0.377100 0.371800 0.311100 0.213900 0.366000 0.000000 0.308100 0.252500 0.357600 0.375800 0.252500 0.404700 0.312700 0.122300 0.342700 0.056900 0.454500 0.292100 0.432700 0.282000 0.267200 0.238000 0.282100 0.328200 0.314300 0.501400 0.384200 0.406800 0.503600 0.447200 0.298700 0.241000 0.534900 0.320600 0.382000 0.311300 0.145500 0.145700
Oribi 0.135700 0.632300 0.267000 0.499000 0.265200 0.108600 0.194500 0.076200 0.267700 0.306700 0.135900 0.200000 0.161000 0.136900 0.277800 0.099800 0.286800 0.197700 0.209000 0.308100 0.000000 0.108600 0.250800 0.237100 0.108600 0.106800 0.160300 0.175900 0.075500 0.305300 0.300500 0.139000 0.263600 0.134200 0.186200 0.220100 0.134600 0.231200 0.050700 0.335800 0.275900 0.107500 0.337600 0.287100 0.276000 0.162600 0.209300 0.235300 0.158500 0.255300 0.261700 0.261800
BarbaryShe 0.026900 0.601700 0.212700 0.442800 0.211200 0.000000 0.142400 0.138100 0.213100 0.250900 0.027000 0.115500 0.110000 0.084200 0.227200 0.162700 0.169600 0.144800 0.103200 0.252500 0.108600 0.000000 0.192600 0.181900 0.000000 0.175200 0.109400 0.120400 0.136700 0.250200 0.245500 0.085500 0.279300 0.082500 0.136200 0.168800 0.026700 0.177500 0.110300 0.208600 0.219400 0.176400 0.282100 0.228600 0.162600 0.172200 0.286000 0.187200 0.166300 0.202900 0.208200 0.208400
Daviddeer 0.225000 0.652100 0.349700 0.585300 0.188100 0.192600 0.223000 0.285700 0.309400 0.121900 0.225400 0.228900 0.252400 0.225500 0.327000 0.314800 0.325600 0.224000 0.309700 0.357600 0.250800 0.192600 0.000000 0.059100 0.192600 0.339000 0.251500 0.240400 0.285000 0.353800 0.150500 0.228800 0.458700 0.220600 0.284100 0.288400 0.223000 0.224600 0.255700 0.255000 0.028000 0.341600 0.152000 0.095500 0.354500 0.336400 0.370100 0.340600 0.319500 0.329200 0.301500 0.301400
Reindeer 0.212200 0.542400 0.328200 0.592500 0.210800 0.181900 0.210800 0.269600 0.329600 0.115400 0.212500 0.251200 0.238500 0.213000 0.345200 0.297200 0.344400 0.246900 0.292500 0.375800 0.237100 0.181900 0.059100 0.000000 0.181900 0.318100 0.237700 0.226300 0.269000 0.372200 0.142500 0.215900 0.431900 0.208600 0.268100 0.272400 0.210600 0.246400 0.241500 0.239900 0.086700 0.320500 0.143800 0.090300 0.333600 0.315800 0.350200 0.321200 0.301100 0.310300 0.321600 0.321400
Ibex 0.026900 0.601700 0.212700 0.442800 0.211200 0.000000 0.142400 0.138100 0.213100 0.250900 0.027000 0.115500 0.110000 0.084200 0.227200 0.162700 0.169600 0.144800 0.103200 0.252500 0.108600 0.000000 0.192600 0.181900 0.000000 0.175200 0.109400 0.120400 0.136700 0.250200 0.245500 0.085500 0.279300 0.082500 0.136200 0.168800 0.025800 0.177500 0.110300 0.208600 0.219400 0.176400 0.282100 0.228600 0.162600 0.172200 0.286000 0.187200 0.166300 0.202900 0.208200 0.208400
GyrantGaze 0.204700 0.699400 0.354600 0.626900 0.349700 0.175200 0.202500 0.078200 0.355900 0.315700 0.205000 0.278900 0.165400 0.204200 0.222100 0.050200 0.370600 0.272300 0.281000 0.404700 0.106800 0.175200 0.339000 0.318100 0.175200 0.000000 0.164400 0.254200 0.025300 0.400600 0.308700 0.207400 0.272000 0.137800 0.133600 0.227800 0.202600 0.311300 0.052500 0.430600 0.364100 0.000000 0.347200 0.378800 0.358400 0.169600 0.156400 0.184000 0.223400 0.334900 0.347300 0.347200
Hartebeest 0.136700 0.551400 0.271000 0.411100 0.265300 0.109400 0.166500 0.130100 0.271700 0.235600 0.136900 0.202100 0.049800 0.108400 0.186700 0.154800 0.287100 0.197500 0.152800 0.312700 0.160300 0.109400 0.251500 0.237700 0.109400 0.164400 0.000000 0.178000 0.129900 0.309800 0.166400 0.109900 0.262900 0.024000 0.075300 0.161000 0.078600 0.231200 0.104900 0.336700 0.276900 0.165400 0.265000 0.288400 0.214500 0.226200 0.207200 0.178200 0.216400 0.256400 0.197700 0.265500
Bongo 0.150400 0.517100 0.088800 0.461200 0.296900 0.120400 0.216500 0.209500 0.088800 0.301600 0.150600 0.088600 0.178700 0.152200 0.309900 0.234700 0.245100 0.150900 0.231200 0.122300 0.175900 0.120400 0.240400 0.226300 0.120400 0.254200 0.178000 0.000000 0.206800 0.121200 0.295100 0.154400 0.365400 0.149000 0.206200 0.113800 0.149200 0.258600 0.179100 0.333100 0.268300 0.256000 0.335500 0.280300 0.170500 0.179500 0.374600 0.259800 0.240300 0.177300 0.086800 0.087000
Gerenuk 0.164100 0.734300 0.299200 0.542300 0.298100 0.136700 0.162700 0.049600 0.300100 0.267100 0.164400 0.230700 0.130600 0.165400 0.242700 0.023700 0.319000 0.228000 0.237100 0.342700 0.075500 0.136700 0.285000 0.269000 0.136700 0.025300 0.129900 0.206800 0.000000 0.339500 0.261600 0.168000 0.293600 0.104500 0.100700 0.187000 0.162700 0.263000 0.024800 0.371200 0.309700 0.025500 0.296500 0.321900 0.306500 0.132500 0.124000 0.148600 0.185000 0.286200 0.293400 0.293400
CommonElan 0.282000 0.666500 0.147400 0.538900 0.365000 0.250200 0.354800 0.344400 0.085500 0.370700 0.282500 0.147700 0.311200 0.285200 0.373400 0.368300 0.307400 0.146000 0.362600 0.056900 0.305300 0.250200 0.353800 0.372200 0.250200 0.400600 0.309800 0.121200 0.339500 0.000000 0.362600 0.289400 0.515800 0.279400 0.338700 0.235800 0.279500 0.325100 0.311400 0.495800 0.380000 0.402600 0.405300 0.442100 0.295900 0.312100 0.529200 0.320000 0.302600 0.308300 0.144300 0.144500
MuntiacusR 0.276800 0.633100 0.400800 0.698100 0.309300 0.245500 0.274400 0.262000 0.403200 0.081600 0.277200 0.319200 0.167000 0.277400 0.335100 0.289000 0.413400 0.239800 0.357000 0.454500 0.300500 0.245500 0.150500 0.142500 0.245500 0.308700 0.166400 0.295100 0.261600 0.362600 0.000000 0.281200 0.417000 0.139200 0.260800 0.264300 0.204500 0.313500 0.234600 0.302200 0.176800 0.310800 0.108400 0.181900 0.323700 0.386200 0.236400 0.247100 0.294000 0.379000 0.311200 0.392600
HarveysDui 0.114000 0.657700 0.249800 0.441700 0.176400 0.085500 0.112900 0.168300 0.250500 0.287200 0.055100 0.180200 0.139700 0.055200 0.164400 0.194500 0.200600 0.176300 0.162500 0.292100 0.139000 0.085500 0.228800 0.215900 0.085500 0.207400 0.109900 0.154400 0.168000 0.289400 0.281200 0.000000 0.312100 0.111800 0.138000 0.202200 0.113000 0.210500 0.141300 0.317300 0.255600 0.208700 0.319200 0.266100 0.260600 0.206000 0.319600 0.219100 0.197000 0.236200 0.244600 0.244800
Pronghorn 0.308100 0.674100 0.386000 0.539200 0.460400 0.279300 0.305200 0.292400 0.468700 0.514200 0.308700 0.387600 0.264200 0.307700 0.390100 0.318600 0.400000 0.307500 0.379800 0.432700 0.263600 0.279300 0.458700 0.431900 0.279300 0.272000 0.262900 0.365400 0.293600 0.515800 0.417000 0.312100 0.000000 0.237400 0.230700 0.401200 0.240000 0.420700 0.333800 0.547800 0.481200 0.273600 0.549300 0.499100 0.318500 0.269700 0.375200 0.278200 0.394100 0.365900 0.377100 0.456600
BlueWildeb 0.110000 0.513100 0.241500 0.467800 0.236500 0.082500 0.169200 0.104700 0.242000 0.206800 0.110100 0.173900 0.024000 0.110200 0.189700 0.129600 0.259300 0.170100 0.185300 0.282000 0.134200 0.082500 0.220600 0.208600 0.082500 0.137800 0.024000 0.149000 0.104500 0.279400 0.139200 0.111800 0.237400 0.000000 0.104200 0.134600 0.052700 0.203000 0.079100 0.306400 0.246600 0.138700 0.236100 0.256900 0.188300 0.198700 0.182100 0.153400 0.190100 0.228300 0.170100 0.236600
Gemsbok 0.163600 0.739200 0.298600 0.363200 0.297100 0.136200 0.133700 0.101100 0.299500 0.266200 0.163900 0.230000 0.130300 0.135900 0.212600 0.124900 0.319100 0.227800 0.177600 0.267200 0.186200 0.136200 0.284100 0.268100 0.136200 0.133600 0.075300 0.206200 0.100700 0.338700 0.260800 0.138000 0.230700 0.104200 0.000000 0.186500 0.162200 0.262100 0.130600 0.370100 0.308900 0.134500 0.295700 0.321000 0.305900 0.131400 0.236200 0.095600 0.245100 0.285700 0.292800 0.292800
Yak 0.197000 0.679900 0.201300 0.608000 0.339600 0.168800 0.260900 0.189000 0.201700 0.269600 0.197300 0.138200 0.161500 0.137500 0.278700 0.212300 0.286900 0.197600 0.209800 0.238000 0.220100 0.168800 0.288400 0.272400 0.168800 0.227800 0.161000 0.113800 0.187000 0.235800 0.264300 0.202200 0.401200 0.134600 0.186500 0.000000 0.195600 0.231800 0.161800 0.374400 0.313700 0.229300 0.230100 0.326700 0.100200 0.292200 0.336600 0.177200 0.217000 0.192000 0.197200 0.197400
BlueSheep 0.053300 0.519200 0.241300 0.475500 0.239500 0.026700 0.169500 0.164400 0.241900 0.280300 0.053400 0.143200 0.079000 0.111300 0.253900 0.188400 0.196200 0.172200 0.128000 0.282100 0.134600 0.026700 0.223000 0.210600 0.025800 0.202600 0.078600 0.149200 0.162700 0.279500 0.204500 0.113000 0.240000 0.052700 0.162200 0.195600 0.000000 0.205500 0.136700 0.236700 0.249200 0.203900 0.311600 0.259400 0.129800 0.199300 0.245500 0.212400 0.192400 0.230500 0.170200 0.236500
BohorReedb 0.207600 0.655800 0.362400 0.433800 0.081600 0.177500 0.273900 0.263300 0.283500 0.320600 0.207900 0.211200 0.232500 0.142500 0.293700 0.290400 0.301000 0.206400 0.219800 0.328200 0.231200 0.177500 0.224600 0.246400 0.177500 0.311300 0.231200 0.258600 0.263000 0.325100 0.313500 0.210500 0.420700 0.203000 0.262100 0.231800 0.205500 0.000000 0.235400 0.275300 0.250900 0.313500 0.275700 0.299700 0.291500 0.237300 0.382900 0.315600 0.163000 0.267000 0.276800 0.276800
KirksDik 0.137900 0.689600 0.272000 0.511200 0.270200 0.110300 0.197800 0.025000 0.272700 0.239500 0.138100 0.203500 0.105400 0.139200 0.217500 0.049100 0.292100 0.201100 0.212400 0.314300 0.050700 0.110300 0.255700 0.241500 0.110300 0.052500 0.104900 0.179100 0.024800 0.311400 0.234600 0.141300 0.333800 0.079100 0.130600 0.161800 0.136700 0.235400 0.000000 0.342600 0.281300 0.052800 0.269200 0.292900 0.280800 0.165300 0.154000 0.179600 0.159800 0.259900 0.266500 0.266600
RoeDeer 0.239000 0.717900 0.441900 0.775800 0.312200 0.208600 0.309100 0.371900 0.444900 0.237300 0.239400 0.319400 0.338400 0.312600 0.493500 0.400300 0.370900 0.349800 0.317200 0.501400 0.335800 0.208600 0.255000 0.239900 0.208600 0.430600 0.336700 0.333100 0.371200 0.495800 0.302200 0.317300 0.547800 0.306400 0.370100 0.374400 0.236700 0.275300 0.342600 0.000000 0.280700 0.433700 0.266700 0.288000 0.358400 0.345100 0.500400 0.425500 0.406800 0.418100 0.434000 0.432900
WhiteLippe 0.251100 0.679400 0.376000 0.611100 0.214400 0.219400 0.249200 0.310500 0.336100 0.149000 0.251600 0.255600 0.277800 0.252000 0.351900 0.338900 0.349800 0.250200 0.333600 0.384200 0.275900 0.219400 0.028000 0.086700 0.219400 0.364100 0.276900 0.268300 0.309700 0.380000 0.176800 0.255600 0.481200 0.246600 0.308900 0.313700 0.249200 0.250900 0.281300 0.280700 0.000000 0.366900 0.178500 0.124400 0.378700 0.361600 0.392600 0.363700 0.343800 0.354500 0.327800 0.327500
ThomsonGaz 0.206100 0.705800 0.356900 0.631100 0.352300 0.176400 0.203900 0.078700 0.358400 0.317900 0.206400 0.280800 0.166500 0.205500 0.223500 0.050500 0.373000 0.274100 0.282800 0.406800 0.107500 0.176400 0.341600 0.320500 0.176400 0.000000 0.165400 0.256000 0.025500 0.402600 0.310800 0.208700 0.273600 0.138700 0.134500 0.229300 0.203900 0.313500 0.052800 0.433700 0.366900 0.000000 0.349600 0.381700 0.360800 0.170700 0.157300 0.185200 0.224900 0.337100 0.349700 0.349500
MuntiacusC 0.314300 0.869900 0.445300 0.771100 0.312900 0.282100 0.311300 0.297000 0.448400 0.026600 0.314800 0.359600 0.266100 0.241200 0.374200 0.324400 0.456400 0.275400 0.320000 0.503600 0.337600 0.282100 0.152000 0.143800 0.282100 0.347200 0.265000 0.335500 0.296500 0.405300 0.108400 0.319200 0.549300 0.236100 0.295700 0.230100 0.311600 0.275700 0.269200 0.266700 0.178500 0.349600 0.000000 0.183800 0.362000 0.429000 0.375800 0.279700 0.259200 0.338900 0.437200 0.436100
WhiteTaile 0.261400 0.798400 0.392100 0.573400 0.259900 0.228600 0.259600 0.322700 0.394500 0.153500 0.261800 0.305700 0.289300 0.262500 0.408800 0.352200 0.404800 0.298500 0.346500 0.447200 0.287100 0.228600 0.095500 0.090300 0.228600 0.378800 0.288400 0.280300 0.321900 0.442100 0.181900 0.266100 0.499100 0.256900 0.321000 0.326700 0.259400 0.299700 0.292900 0.288000 0.124400 0.381700 0.183800 0.000000 0.393500 0.376200 0.406400 0.377100 0.357100 0.369800 0.384300 0.383700
Cattle 0.189900 0.638000 0.194400 0.584700 0.405100 0.162600 0.319800 0.310100 0.259800 0.410300 0.190200 0.163900 0.215300 0.192500 0.410800 0.332700 0.276500 0.254900 0.202500 0.298700 0.276000 0.162600 0.354500 0.333600 0.162600 0.358400 0.214500 0.170500 0.306500 0.295900 0.323700 0.260600 0.318500 0.188300 0.305900 0.100200 0.129800 0.291500 0.280800 0.358400 0.378700 0.360800 0.362000 0.393500 0.000000 0.352800 0.394900 0.289800 0.272400 0.247500 0.189800 0.254100
RoyalAntel 0.201100 0.703400 0.272300 0.418600 0.272300 0.172200 0.199100 0.133200 0.273000 0.394900 0.201500 0.273900 0.227500 0.202800 0.355400 0.157700 0.368800 0.271200 0.276600 0.241000 0.162600 0.172200 0.336400 0.315800 0.172200 0.169600 0.226200 0.179500 0.132500 0.312100 0.386200 0.206000 0.269700 0.198700 0.131400 0.292200 0.199300 0.237300 0.165300 0.345100 0.361600 0.170700 0.429000 0.376200 0.352800 0.000000 0.277600 0.180900 0.222100 0.293900 0.266900 0.266900
Steenbok 0.315700 0.645200 0.477700 0.695500 0.378400 0.286000 0.312400 0.178700 0.480400 0.346700 0.316200 0.397500 0.208400 0.314900 0.369100 0.147600 0.487500 0.386900 0.388600 0.534900 0.209300 0.286000 0.370100 0.350200 0.286000 0.156400 0.207200 0.374600 0.124000 0.529200 0.236400 0.319600 0.375200 0.182100 0.236200 0.336600 0.245500 0.382900 0.154000 0.500400 0.392600 0.157300 0.375800 0.406400 0.394900 0.277600 0.000000 0.284800 0.329900 0.452700 0.385900 0.468100
Impala 0.214300 0.812300 0.351300 0.504000 0.351100 0.187200 0.212200 0.149200 0.352600 0.252000 0.214700 0.282500 0.179100 0.215800 0.291200 0.172100 0.302800 0.216600 0.284600 0.320600 0.235300 0.187200 0.340600 0.321200 0.187200 0.184000 0.178200 0.259800 0.148600 0.320000 0.247100 0.219100 0.278200 0.153400 0.095600 0.177200 0.212400 0.315600 0.179600 0.425500 0.363700 0.185200 0.279700 0.377100 0.289800 0.180900 0.284800 0.000000 0.233600 0.337100 0.345000 0.344800
Klipspring 0.194300 0.848900 0.335300 0.489300 0.258600 0.166300 0.255700 0.185300 0.336400 0.300300 0.194600 0.264000 0.157900 0.133900 0.342700 0.209900 0.350800 0.194000 0.206500 0.382000 0.158500 0.166300 0.319500 0.301100 0.166300 0.223400 0.216400 0.240300 0.185000 0.302600 0.294000 0.197000 0.394100 0.190100 0.245100 0.217000 0.192400 0.163000 0.159800 0.406800 0.343800 0.224900 0.259200 0.357100 0.272400 0.222100 0.329900 0.233600 0.000000 0.187300 0.328700 0.328600
ForestMusk 0.232200 0.674000 0.269900 0.501800 0.380900 0.202900 0.299800 0.287100 0.270600 0.387000 0.232600 0.236400 0.192700 0.168300 0.392600 0.313400 0.323000 0.230700 0.242900 0.311300 0.255300 0.202900 0.329200 0.310300 0.202900 0.334900 0.256400 0.177300 0.286200 0.308300 0.379000 0.236200 0.365900 0.228300 0.285700 0.192000 0.230500 0.267000 0.259900 0.418100 0.354500 0.337100 0.338900 0.369800 0.247500 0.293900 0.452700 0.337100 0.187300 0.000000 0.264400 0.264500
Bushbuck 0.238100 0.471800 0.175200 0.472600 0.313800 0.208200 0.307300 0.297100 0.054500 0.401800 0.238600 0.112600 0.198400 0.241300 0.325200 0.251600 0.262600 0.172300 0.316500 0.145500 0.261700 0.208200 0.301500 0.321600 0.208200 0.347300 0.197700 0.086800 0.293400 0.144300 0.311200 0.244600 0.377100 0.170100 0.292800 0.197200 0.170200 0.276800 0.266500 0.434000 0.327800 0.349700 0.437200 0.384300 0.189800 0.266900 0.385900 0.345000 0.328700 0.264400 0.000000 0.053400
GreaterKud 0.238300 0.582900 0.175400 0.471000 0.313700 0.208400 0.307200 0.297200 0.054600 0.401000 0.238700 0.112800 0.266400 0.241500 0.325000 0.251700 0.262800 0.172600 0.316400 0.145700 0.261800 0.208400 0.301400 0.321400 0.208400 0.347200 0.265500 0.087000 0.293400 0.144500 0.392600 0.244800 0.456600 0.236600 0.292800 0.197400 0.236500 0.276800 0.266600 0.432900 0.327500 0.349500 0.436100 0.383700 0.254100 0.266900 0.468100 0.344800 0.328600 0.264500 0.053400 0.000000
