CODONML (in paml version 4.10.7, June 2023)  /home/rachel/ruminants_paml/6406-phy-tree/ENSBTAT00000022805.fasta.phy
Model: free dN/dS Ratios for branches,  kappa = 2.000 fixed

Codon frequency model: F3x4
ns =  54  ls =  56

Codon usage in sequences
--------------------------------------------------------------------------------------------------------------------------------------
Phe TTT   4   3   4   4   5   4 | Ser TCT   2   2   2   1   2   3 | Tyr TAT   0   0   0   0   0   0 | Cys TGT   2   1   2   2   2   2
    TTC   2   2   2   2   1   1 |     TCC   0   0   0   0   0   0 |     TAC   0   0   0   0   0   0 |     TGC   1   1   1   1   1   1
Leu TTA   0   0   0   0   0   0 |     TCA   1   1   1   1   1   1 | *** TAA   0   0   0   0   0   0 | *** TGA   0   0   0   0   0   0
    TTG   0   0   0   0   0   0 |     TCG   0   0   0   0   0   0 |     TAG   0   0   0   0   0   0 | Trp TGG   1   1   1   1   1   1
--------------------------------------------------------------------------------------------------------------------------------------
Leu CTT   3   3   3   3   3   3 | Pro CCT   2   1   2   3   0   1 | His CAT   1   1   1   1   1   1 | Arg CGT   0   1   0   0   0   0
    CTC   1   0   1   1   1   1 |     CCC   0   1   0   0   2   1 |     CAC   0   0   0   0   0   0 |     CGC   0   1   0   0   0   0
    CTA   1   1   1   1   1   1 |     CCA   1   1   1   1   2   2 | Gln CAA   0   0   0   0   0   0 |     CGA   1   1   1   1   1   1
    CTG   1   1   1   1   1   1 |     CCG   0   0   0   0   0   0 |     CAG   2   2   2   2   1   1 |     CGG   0   0   0   0   0   0
--------------------------------------------------------------------------------------------------------------------------------------
Ile ATT   4   3   3   3   3   4 | Thr ACT   1   3   2   2   1   2 | Asn AAT   1   3   2   1   2   2 | Ser AGT   0   0   0   0   0   0
    ATC   0   0   0   0   0   0 |     ACC   0   0   0   0   1   0 |     AAC   2   1   1   2   1   1 |     AGC   1   1   1   1   1   1
    ATA   2   2   2   2   2   2 |     ACA   1   1   1   1   1   1 | Lys AAA   0   0   0   0   1   0 | Arg AGA   0   0   0   0   0   0
Met ATG   1   1   1   1   1   1 |     ACG   0   0   0   0   0   0 |     AAG   2   2   2   2   1   2 |     AGG   0   0   0   0   0   0
--------------------------------------------------------------------------------------------------------------------------------------
Val GTT   2   2   1   2   2   1 | Ala GCT   0   0   0   0   0   0 | Asp GAT   2   1   2   2   2   2 | Gly GGT   2   2   2   2   2   2
    GTC   0   0   1   0   0   0 |     GCC   0   0   0   0   0   0 |     GAC   0   0   0   0   0   0 |     GGC   1   1   1   1   1   1
    GTA   0   0   0   0   0   0 |     GCA   2   2   2   2   3   2 | Glu GAA   2   1   2   2   2   2 |     GGA   2   3   2   2   2   2
    GTG   1   1   1   1   1   1 |     GCG   1   1   1   1   0   1 |     GAG   0   0   0   0   0   0 |     GGG   0   0   0   0   0   0
--------------------------------------------------------------------------------------------------------------------------------------

--------------------------------------------------------------------------------------------------------------------------------------
Phe TTT   4   4   4   3   4   4 | Ser TCT   2   2   2   2   2   2 | Tyr TAT   0   0   0   0   0   0 | Cys TGT   2   2   2   2   2   2
    TTC   3   2   2   2   2   2 |     TCC   0   0   0   0   0   0 |     TAC   0   0   0   0   0   0 |     TGC   1   1   1   1   1   1
Leu TTA   0   0   0   0   0   0 |     TCA   1   1   1   1   1   1 | *** TAA   0   0   0   0   0   0 | *** TGA   0   0   0   0   0   0
    TTG   0   0   0   0   0   0 |     TCG   0   0   0   0   0   0 |     TAG   0   0   0   0   0   0 | Trp TGG   1   1   1   1   1   1
--------------------------------------------------------------------------------------------------------------------------------------
Leu CTT   3   3   3   4   3   3 | Pro CCT   2   2   2   2   2   2 | His CAT   1   1   1   1   1   1 | Arg CGT   0   0   0   0   0   0
    CTC   0   1   1   1   1   1 |     CCC   0   0   0   0   0   0 |     CAC   0   0   0   0   0   0 |     CGC   0   0   0   0   0   0
    CTA   1   1   1   1   1   1 |     CCA   1   1   1   1   1   1 | Gln CAA   0   0   0   0   0   0 |     CGA   1   1   1   1   1   1
    CTG   1   1   1   1   1   1 |     CCG   0   0   0   0   0   0 |     CAG   2   2   2   2   2   2 |     CGG   0   0   0   0   0   0
--------------------------------------------------------------------------------------------------------------------------------------
Ile ATT   4   4   4   4   3   3 | Thr ACT   1   1   1   1   2   2 | Asn AAT   1   1   1   1   2   1 | Ser AGT   0   0   0   0   0   0
    ATC   0   0   0   0   0   0 |     ACC   0   0   0   0   0   0 |     AAC   2   2   2   2   1   2 |     AGC   1   1   1   1   1   1
    ATA   1   2   2   2   2   2 |     ACA   1   1   1   1   1   1 | Lys AAA   0   0   0   0   0   0 | Arg AGA   0   0   0   0   0   0
Met ATG   1   1   1   1   1   1 |     ACG   0   0   0   0   0   0 |     AAG   2   2   2   2   2   2 |     AGG   0   0   0   0   0   0
--------------------------------------------------------------------------------------------------------------------------------------
Val GTT   2   2   2   2   1   2 | Ala GCT   0   0   0   0   0   0 | Asp GAT   2   2   2   2   2   2 | Gly GGT   2   2   2   2   2   2
    GTC   0   0   0   0   1   0 |     GCC   0   0   0   0   0   0 |     GAC   0   0   0   0   0   0 |     GGC   1   1   1   1   1   1
    GTA   1   0   0   0   0   0 |     GCA   2   2   2   2   2   3 | Glu GAA   2   2   2   2   2   2 |     GGA   2   2   2   2   2   2
    GTG   1   1   1   1   1   1 |     GCG   1   1   1   1   1   0 |     GAG   0   0   0   0   0   0 |     GGG   0   0   0   0   0   0
--------------------------------------------------------------------------------------------------------------------------------------

--------------------------------------------------------------------------------------------------------------------------------------
Phe TTT   4   4   3   4   4   3 | Ser TCT   2   2   2   2   2   2 | Tyr TAT   0   0   0   0   0   0 | Cys TGT   2   2   2   2   2   2
    TTC   3   2   3   2   2   2 |     TCC   0   0   0   0   0   0 |     TAC   0   0   0   0   0   0 |     TGC   1   1   1   1   1   1
Leu TTA   0   0   0   0   0   0 |     TCA   1   1   1   1   1   1 | *** TAA   0   0   0   0   0   0 | *** TGA   0   0   0   0   0   0
    TTG   0   0   0   0   0   0 |     TCG   0   0   0   0   0   0 |     TAG   0   0   0   0   0   0 | Trp TGG   1   1   1   1   1   1
--------------------------------------------------------------------------------------------------------------------------------------
Leu CTT   3   3   3   3   3   4 | Pro CCT   2   2   1   2   2   2 | His CAT   1   1   1   1   1   1 | Arg CGT   0   0   1   0   0   0
    CTC   0   1   0   1   1   1 |     CCC   0   0   0   0   0   0 |     CAC   0   0   0   0   0   0 |     CGC   0   0   0   0   0   0
    CTA   1   1   1   1   1   1 |     CCA   1   1   1   1   1   1 | Gln CAA   0   0   0   0   0   0 |     CGA   1   1   1   1   1   1
    CTG   1   1   2   1   1   1 |     CCG   0   0   0   0   0   0 |     CAG   2   2   2   2   2   2 |     CGG   0   0   0   0   0   0
--------------------------------------------------------------------------------------------------------------------------------------
Ile ATT   4   3   4   4   4   4 | Thr ACT   1   2   1   1   1   1 | Asn AAT   1   1   1   2   1   1 | Ser AGT   0   0   0   0   0   0
    ATC   0   0   0   0   0   0 |     ACC   0   0   0   0   0   0 |     AAC   2   2   2   1   2   2 |     AGC   1   1   1   1   1   1
    ATA   2   2   2   2   2   2 |     ACA   1   1   1   1   1   1 | Lys AAA   0   0   0   0   0   0 | Arg AGA   0   0   0   0   0   0
Met ATG   1   1   1   1   1   1 |     ACG   0   0   0   0   0   0 |     AAG   2   2   2   2   2   2 |     AGG   0   0   0   0   0   0
--------------------------------------------------------------------------------------------------------------------------------------
Val GTT   2   2   2   2   2   2 | Ala GCT   0   0   0   0   0   0 | Asp GAT   2   2   2   2   2   2 | Gly GGT   2   2   2   2   2   2
    GTC   0   0   0   0   0   0 |     GCC   0   0   0   0   0   0 |     GAC   0   0   0   0   0   0 |     GGC   1   1   1   1   1   1
    GTA   0   0   0   0   0   0 |     GCA   2   2   2   2   2   2 | Glu GAA   2   2   2   2   2   2 |     GGA   2   2   2   2   2   2
    GTG   1   1   1   1   1   1 |     GCG   1   1   1   1   1   1 |     GAG   0   0   0   0   0   0 |     GGG   0   0   0   0   0   0
--------------------------------------------------------------------------------------------------------------------------------------

--------------------------------------------------------------------------------------------------------------------------------------
Phe TTT   4   4   4   4   3   4 | Ser TCT   2   2   2   2   2   2 | Tyr TAT   0   0   0   0   0   0 | Cys TGT   2   2   2   2   2   2
    TTC   2   2   2   2   2   3 |     TCC   0   0   0   0   0   0 |     TAC   0   0   0   0   0   0 |     TGC   1   1   1   1   1   1
Leu TTA   0   0   0   0   0   0 |     TCA   1   1   1   1   1   1 | *** TAA   0   0   0   0   0   0 | *** TGA   0   0   0   0   0   0
    TTG   0   0   0   0   0   0 |     TCG   0   0   0   0   0   0 |     TAG   0   0   0   0   0   0 | Trp TGG   1   1   1   1   1   1
--------------------------------------------------------------------------------------------------------------------------------------
Leu CTT   3   3   3   3   4   3 | Pro CCT   2   2   2   2   2   2 | His CAT   1   1   1   1   1   1 | Arg CGT   0   0   0   0   0   0
    CTC   1   1   1   1   1   0 |     CCC   0   0   0   0   0   0 |     CAC   0   0   0   0   0   0 |     CGC   0   0   0   0   0   0
    CTA   1   1   1   1   1   1 |     CCA   1   1   1   1   1   1 | Gln CAA   0   0   0   0   0   0 |     CGA   1   1   1   1   1   1
    CTG   1   1   1   1   1   1 |     CCG   0   0   0   0   0   0 |     CAG   2   2   2   2   2   2 |     CGG   0   0   0   0   0   0
--------------------------------------------------------------------------------------------------------------------------------------
Ile ATT   3   3   4   3   4   4 | Thr ACT   2   2   1   2   1   1 | Asn AAT   2   2   1   2   1   1 | Ser AGT   0   0   0   0   0   0
    ATC   0   0   0   0   0   0 |     ACC   0   0   0   0   0   0 |     AAC   1   1   2   1   2   2 |     AGC   1   1   1   1   1   1
    ATA   2   2   2   2   2   2 |     ACA   1   1   1   1   1   1 | Lys AAA   0   0   0   0   0   0 | Arg AGA   0   0   0   0   0   0
Met ATG   1   1   1   1   1   1 |     ACG   0   0   0   0   0   0 |     AAG   2   2   2   2   2   2 |     AGG   0   0   0   0   0   0
--------------------------------------------------------------------------------------------------------------------------------------
Val GTT   2   2   2   1   2   2 | Ala GCT   0   0   0   0   0   0 | Asp GAT   2   2   2   2   2   2 | Gly GGT   2   2   2   2   2   2
    GTC   0   0   0   1   0   0 |     GCC   0   0   0   0   0   0 |     GAC   0   0   0   0   0   0 |     GGC   1   1   1   1   1   1
    GTA   0   0   0   0   0   0 |     GCA   2   2   2   2   2   2 | Glu GAA   2   2   2   2   2   2 |     GGA   2   2   2   2   2   2
    GTG   1   1   1   1   1   1 |     GCG   1   1   1   1   1   1 |     GAG   0   0   0   0   0   0 |     GGG   0   0   0   0   0   0
--------------------------------------------------------------------------------------------------------------------------------------

--------------------------------------------------------------------------------------------------------------------------------------
Phe TTT   4   4   4   3   4   4 | Ser TCT   2   1   2   2   2   2 | Tyr TAT   0   0   0   0   0   0 | Cys TGT   2   2   2   2   2   2
    TTC   2   2   3   2   2   2 |     TCC   0   1   0   0   0   0 |     TAC   0   0   0   0   0   0 |     TGC   1   1   1   1   1   1
Leu TTA   0   0   0   0   0   0 |     TCA   1   1   1   1   1   1 | *** TAA   0   0   0   0   0   0 | *** TGA   0   0   0   0   0   0
    TTG   0   0   0   0   0   0 |     TCG   0   0   0   0   0   0 |     TAG   0   0   0   0   0   0 | Trp TGG   1   1   1   1   1   1
--------------------------------------------------------------------------------------------------------------------------------------
Leu CTT   3   3   3   4   3   3 | Pro CCT   2   2   2   2   1   2 | His CAT   1   1   1   1   1   1 | Arg CGT   0   0   0   0   1   0
    CTC   1   1   0   1   0   1 |     CCC   0   0   0   0   0   0 |     CAC   0   0   0   0   0   0 |     CGC   0   0   0   0   0   0
    CTA   1   1   1   1   1   1 |     CCA   1   1   1   1   1   1 | Gln CAA   0   0   0   0   0   0 |     CGA   1   1   1   1   1   1
    CTG   1   1   1   1   2   1 |     CCG   0   0   0   0   0   0 |     CAG   2   2   2   2   2   2 |     CGG   0   0   0   0   0   0
--------------------------------------------------------------------------------------------------------------------------------------
Ile ATT   3   3   4   4   4   3 | Thr ACT   2   2   1   1   1   2 | Asn AAT   1   2   1   1   1   2 | Ser AGT   0   0   0   0   0   0
    ATC   0   0   0   0   0   0 |     ACC   0   0   0   0   0   0 |     AAC   2   1   2   2   2   1 |     AGC   1   1   1   1   1   1
    ATA   2   2   2   2   2   2 |     ACA   1   1   1   1   1   1 | Lys AAA   0   0   0   0   0   0 | Arg AGA   0   0   0   0   0   0
Met ATG   1   1   1   1   1   1 |     ACG   0   0   0   0   0   0 |     AAG   2   2   2   2   2   2 |     AGG   0   0   0   0   0   0
--------------------------------------------------------------------------------------------------------------------------------------
Val GTT   2   2   2   2   2   1 | Ala GCT   0   0   0   0   0   0 | Asp GAT   2   2   2   2   2   2 | Gly GGT   2   2   2   2   2   2
    GTC   0   0   0   0   0   1 |     GCC   0   0   0   0   0   0 |     GAC   0   0   0   0   0   0 |     GGC   1   1   1   1   1   1
    GTA   0   0   0   0   0   0 |     GCA   3   3   2   2   2   2 | Glu GAA   2   2   2   2   2   2 |     GGA   2   2   2   2   2   2
    GTG   1   1   1   1   1   1 |     GCG   0   0   1   1   1   1 |     GAG   0   0   0   0   0   0 |     GGG   0   0   0   0   0   0
--------------------------------------------------------------------------------------------------------------------------------------

--------------------------------------------------------------------------------------------------------------------------------------
Phe TTT   3   4   4   4   3   4 | Ser TCT   2   2   2   2   2   2 | Tyr TAT   0   0   0   0   1   0 | Cys TGT   2   2   2   2   2   2
    TTC   2   2   2   2   2   2 |     TCC   0   0   0   0   0   0 |     TAC   0   0   0   0   0   0 |     TGC   1   1   1   1   1   1
Leu TTA   0   0   0   0   0   0 |     TCA   1   1   1   1   1   1 | *** TAA   0   0   0   0   0   0 | *** TGA   0   0   0   0   0   0
    TTG   0   0   0   0   0   0 |     TCG   0   0   0   0   0   0 |     TAG   0   0   0   0   0   0 | Trp TGG   1   1   1   1   1   1
--------------------------------------------------------------------------------------------------------------------------------------
Leu CTT   4   3   3   3   3   3 | Pro CCT   2   2   2   2   2   1 | His CAT   1   1   1   1   1   1 | Arg CGT   0   0   0   0   0   1
    CTC   1   1   1   1   1   0 |     CCC   0   0   0   0   0   0 |     CAC   0   0   0   0   0   0 |     CGC   0   0   0   0   0   0
    CTA   1   1   1   1   1   1 |     CCA   1   1   1   1   1   1 | Gln CAA   0   0   0   0   0   0 |     CGA   1   1   1   1   1   1
    CTG   1   1   1   1   1   2 |     CCG   0   0   0   0   0   0 |     CAG   2   2   2   2   2   2 |     CGG   0   0   0   0   0   0
--------------------------------------------------------------------------------------------------------------------------------------
Ile ATT   4   3   3   4   3   4 | Thr ACT   1   2   2   1   2   1 | Asn AAT   1   2   1   2   1   1 | Ser AGT   0   0   0   0   0   0
    ATC   0   0   0   0   0   0 |     ACC   0   0   0   0   0   0 |     AAC   2   1   2   1   2   2 |     AGC   1   1   1   1   1   1
    ATA   2   2   2   2   2   1 |     ACA   1   1   1   1   1   1 | Lys AAA   0   0   0   0   0   0 | Arg AGA   0   0   0   0   0   0
Met ATG   1   1   1   1   1   1 |     ACG   0   0   0   0   0   0 |     AAG   2   2   2   2   2   2 |     AGG   0   0   0   0   0   0
--------------------------------------------------------------------------------------------------------------------------------------
Val GTT   2   1   2   2   2   2 | Ala GCT   0   0   0   0   0   0 | Asp GAT   2   2   2   2   2   2 | Gly GGT   2   2   2   2   2   2
    GTC   0   1   0   0   0   0 |     GCC   0   0   0   0   0   0 |     GAC   0   0   0   0   0   0 |     GGC   1   1   1   1   1   1
    GTA   0   0   0   0   0   1 |     GCA   2   2   3   2   2   2 | Glu GAA   2   2   2   2   2   2 |     GGA   2   2   2   2   2   2
    GTG   1   1   1   1   1   1 |     GCG   1   1   0   1   1   1 |     GAG   0   0   0   0   0   0 |     GGG   0   0   0   0   0   0
--------------------------------------------------------------------------------------------------------------------------------------

--------------------------------------------------------------------------------------------------------------------------------------
Phe TTT   4   4   4   4   3   4 | Ser TCT   2   2   2   2   2   1 | Tyr TAT   0   0   0   0   0   0 | Cys TGT   2   2   2   2   2   2
    TTC   2   2   3   3   2   2 |     TCC   0   0   0   0   0   1 |     TAC   0   0   0   0   0   0 |     TGC   1   1   1   1   1   1
Leu TTA   0   0   0   0   0   0 |     TCA   1   1   1   1   1   1 | *** TAA   0   0   0   0   0   0 | *** TGA   0   0   0   0   0   0
    TTG   0   0   0   0   0   0 |     TCG   0   0   0   0   0   0 |     TAG   0   0   0   0   0   0 | Trp TGG   1   1   1   1   1   1
--------------------------------------------------------------------------------------------------------------------------------------
Leu CTT   3   3   3   3   4   3 | Pro CCT   2   2   2   2   2   2 | His CAT   1   1   1   1   1   1 | Arg CGT   0   0   0   0   0   0
    CTC   0   1   0   0   1   1 |     CCC   0   0   0   0   0   0 |     CAC   0   0   0   0   0   0 |     CGC   0   0   0   0   0   0
    CTA   1   1   1   1   1   1 |     CCA   1   1   1   1   1   1 | Gln CAA   0   0   0   0   0   0 |     CGA   1   1   1   1   1   1
    CTG   2   1   1   1   1   1 |     CCG   0   0   0   0   0   0 |     CAG   2   2   2   2   2   2 |     CGG   0   0   0   0   0   0
--------------------------------------------------------------------------------------------------------------------------------------
Ile ATT   4   3   4   4   4   3 | Thr ACT   1   2   2   1   1   2 | Asn AAT   1   1   1   1   2   1 | Ser AGT   0   0   0   0   0   0
    ATC   0   0   0   0   0   0 |     ACC   0   0   0   0   0   0 |     AAC   2   2   2   2   1   2 |     AGC   1   1   1   1   1   1
    ATA   2   1   2   2   1   2 |     ACA   1   1   0   1   1   1 | Lys AAA   0   0   0   0   0   0 | Arg AGA   0   0   0   0   0   0
Met ATG   1   1   1   1   1   1 |     ACG   0   0   0   0   0   0 |     AAG   2   2   2   2   2   2 |     AGG   0   0   0   0   0   0
--------------------------------------------------------------------------------------------------------------------------------------
Val GTT   2   2   2   2   2   2 | Ala GCT   0   0   0   0   0   0 | Asp GAT   2   2   2   2   2   2 | Gly GGT   2   2   2   2   2   2
    GTC   0   0   0   0   0   0 |     GCC   0   0   0   0   0   0 |     GAC   0   0   0   0   0   0 |     GGC   1   1   1   1   1   1
    GTA   0   1   0   0   1   0 |     GCA   2   2   2   2   2   3 | Glu GAA   2   2   2   2   2   2 |     GGA   2   2   2   2   2   2
    GTG   1   1   1   1   1   1 |     GCG   1   1   1   1   1   0 |     GAG   0   0   0   0   0   0 |     GGG   0   0   0   0   0   0
--------------------------------------------------------------------------------------------------------------------------------------

--------------------------------------------------------------------------------------------------------------------------------------
Phe TTT   4   3   4   4   4   4 | Ser TCT   2   2   2   1   2   1 | Tyr TAT   0   0   0   0   0   0 | Cys TGT   2   2   2   2   2   2
    TTC   2   2   2   2   2   2 |     TCC   0   0   0   1   0   0 |     TAC   0   0   0   0   0   0 |     TGC   1   1   1   1   1   1
Leu TTA   0   0   0   0   0   0 |     TCA   1   1   1   1   1   1 | *** TAA   0   0   0   0   0   0 | *** TGA   0   0   0   0   0   0
    TTG   0   0   0   0   0   0 |     TCG   0   0   0   0   0   1 |     TAG   0   0   0   0   0   0 | Trp TGG   1   1   1   1   1   1
--------------------------------------------------------------------------------------------------------------------------------------
Leu CTT   4   4   3   3   3   3 | Pro CCT   2   2   2   1   2   2 | His CAT   1   1   1   1   1   1 | Arg CGT   0   0   0   0   0   0
    CTC   1   1   1   1   1   0 |     CCC   0   0   0   1   0   0 |     CAC   0   0   0   0   0   0 |     CGC   0   0   0   0   0   0
    CTA   1   1   1   1   1   1 |     CCA   1   1   1   1   1   1 | Gln CAA   0   0   0   0   0   0 |     CGA   1   1   1   1   1   1
    CTG   0   1   1   1   1   2 |     CCG   0   0   0   0   0   0 |     CAG   2   2   2   2   2   2 |     CGG   0   0   0   0   0   0
--------------------------------------------------------------------------------------------------------------------------------------
Ile ATT   3   4   3   3   3   4 | Thr ACT   2   1   2   2   2   1 | Asn AAT   1   1   1   2   1   2 | Ser AGT   0   0   0   0   0   0
    ATC   0   0   0   0   0   0 |     ACC   0   0   0   0   0   0 |     AAC   2   2   2   1   2   1 |     AGC   1   1   1   1   1   1
    ATA   2   2   2   2   2   2 |     ACA   1   1   1   1   1   1 | Lys AAA   0   0   0   0   0   0 | Arg AGA   0   0   0   0   0   0
Met ATG   1   1   1   1   1   1 |     ACG   0   0   0   0   0   0 |     AAG   2   2   2   2   2   2 |     AGG   0   0   0   0   0   0
--------------------------------------------------------------------------------------------------------------------------------------
Val GTT   2   2   2   2   2   2 | Ala GCT   0   0   0   0   0   0 | Asp GAT   2   2   2   2   2   2 | Gly GGT   2   2   2   2   2   2
    GTC   0   0   0   0   0   0 |     GCC   0   0   0   0   0   0 |     GAC   0   0   0   0   0   0 |     GGC   1   1   1   1   1   1
    GTA   0   0   0   0   0   0 |     GCA   2   2   3   3   2   3 | Glu GAA   2   2   2   2   2   2 |     GGA   2   2   2   2   2   2
    GTG   1   1   1   1   1   1 |     GCG   1   1   0   0   1   0 |     GAG   0   0   0   0   0   0 |     GGG   0   0   0   0   0   0
--------------------------------------------------------------------------------------------------------------------------------------

--------------------------------------------------------------------------------------------------------------------------------------
Phe TTT   3   4   4   4   4   4 | Ser TCT   2   2   2   1   2   2 | Tyr TAT   0   0   0   0   0   0 | Cys TGT   2   2   2   2   2   2
    TTC   2   2   3   2   2   2 |     TCC   0   0   0   0   0   0 |     TAC   0   0   0   0   0   0 |     TGC   1   1   1   1   1   1
Leu TTA   0   0   0   0   0   0 |     TCA   1   1   1   1   1   1 | *** TAA   0   0   0   0   0   0 | *** TGA   0   0   0   0   0   0
    TTG   0   0   0   0   0   0 |     TCG   0   0   0   0   0   0 |     TAG   0   0   0   0   0   0 | Trp TGG   1   1   1   1   1   1
--------------------------------------------------------------------------------------------------------------------------------------
Leu CTT   4   2   3   3   3   3 | Pro CCT   2   2   2   3   2   2 | His CAT   1   1   1   1   1   1 | Arg CGT   0   0   0   0   0   0
    CTC   1   0   0   1   1   1 |     CCC   0   0   0   0   0   0 |     CAC   0   0   0   0   0   0 |     CGC   0   0   0   0   0   0
    CTA   1   1   1   1   1   1 |     CCA   1   1   1   1   1   1 | Gln CAA   0   0   0   0   0   0 |     CGA   1   1   1   1   1   1
    CTG   1   3   1   1   1   1 |     CCG   0   0   0   0   0   0 |     CAG   2   2   2   2   2   2 |     CGG   0   0   0   0   0   0
--------------------------------------------------------------------------------------------------------------------------------------
Ile ATT   4   4   4   3   3   3 | Thr ACT   1   1   1   2   2   2 | Asn AAT   1   1   1   1   2   2 | Ser AGT   0   0   0   0   0   0
    ATC   0   0   0   0   0   0 |     ACC   0   0   0   0   0   0 |     AAC   2   2   2   2   1   1 |     AGC   1   1   1   1   1   1
    ATA   2   2   1   2   2   2 |     ACA   1   1   1   1   1   1 | Lys AAA   0   0   0   0   0   0 | Arg AGA   0   0   0   0   0   0
Met ATG   1   1   1   1   1   1 |     ACG   0   0   0   0   0   0 |     AAG   2   2   2   2   2   2 |     AGG   0   0   0   0   0   0
--------------------------------------------------------------------------------------------------------------------------------------
Val GTT   2   2   2   2   1   1 | Ala GCT   0   0   0   0   0   0 | Asp GAT   2   2   2   2   2   2 | Gly GGT   1   2   2   2   2   2
    GTC   0   0   0   0   1   1 |     GCC   0   0   0   0   0   0 |     GAC   0   0   0   0   0   0 |     GGC   1   1   1   1   1   1
    GTA   0   0   1   0   0   0 |     GCA   2   2   2   2   2   2 | Glu GAA   2   2   2   2   2   2 |     GGA   2   2   2   2   2   2
    GTG   1   1   1   1   1   1 |     GCG   1   1   1   1   1   1 |     GAG   0   0   0   0   0   0 |     GGG   1   0   0   0   0   0
--------------------------------------------------------------------------------------------------------------------------------------

Codon position x base (3x4) table for each sequence.

#1: Argali         
position  1:    T:0.23214    C:0.23214    A:0.26786    G:0.26786
position  2:    T:0.39286    C:0.19643    A:0.21429    G:0.19643
position  3:    T:0.46429    C:0.14286    A:0.23214    G:0.16071
Average         T:0.36310    C:0.19048    A:0.23810    G:0.20833

#2: LesserMouseDeer
position  1:    T:0.19643    C:0.25000    A:0.30357    G:0.25000
position  2:    T:0.33929    C:0.23214    A:0.19643    G:0.23214
position  3:    T:0.46429    C:0.14286    A:0.23214    G:0.16071
Average         T:0.33333    C:0.20833    A:0.24405    G:0.21429

#3: LesserKudu     
position  1:    T:0.23214    C:0.23214    A:0.26786    G:0.26786
position  2:    T:0.37500    C:0.21429    A:0.21429    G:0.19643
position  3:    T:0.46429    C:0.14286    A:0.23214    G:0.16071
Average         T:0.35714    C:0.19643    A:0.23810    G:0.20833

#4: ForestMuskDeer2
position  1:    T:0.21429    C:0.25000    A:0.26786    G:0.26786
position  2:    T:0.37500    C:0.21429    A:0.21429    G:0.19643
position  3:    T:0.46429    C:0.14286    A:0.23214    G:0.16071
Average         T:0.35119    C:0.20238    A:0.23810    G:0.20833

#5: Camel          
position  1:    T:0.23214    C:0.23214    A:0.26786    G:0.26786
position  2:    T:0.37500    C:0.23214    A:0.19643    G:0.19643
position  3:    T:0.44643    C:0.16071    A:0.28571    G:0.10714
Average         T:0.35119    C:0.20833    A:0.25000    G:0.19048

#6: KillerWhale    
position  1:    T:0.23214    C:0.23214    A:0.28571    G:0.25000
position  2:    T:0.35714    C:0.25000    A:0.19643    G:0.19643
position  3:    T:0.48214    C:0.12500    A:0.25000    G:0.14286
Average         T:0.35714    C:0.20238    A:0.24405    G:0.19643

#7: DefassaWaterbuck
position  1:    T:0.25000    C:0.21429    A:0.25000    G:0.28571
position  2:    T:0.39286    C:0.19643    A:0.21429    G:0.19643
position  3:    T:0.46429    C:0.14286    A:0.23214    G:0.16071
Average         T:0.36905    C:0.18452    A:0.23214    G:0.21429

#8: Sheep          
position  1:    T:0.23214    C:0.23214    A:0.26786    G:0.26786
position  2:    T:0.39286    C:0.19643    A:0.21429    G:0.19643
position  3:    T:0.46429    C:0.14286    A:0.23214    G:0.16071
Average         T:0.36310    C:0.19048    A:0.23810    G:0.20833

#9: MaxwellsDuiker 
position  1:    T:0.23214    C:0.23214    A:0.26786    G:0.26786
position  2:    T:0.39286    C:0.19643    A:0.21429    G:0.19643
position  3:    T:0.46429    C:0.14286    A:0.23214    G:0.16071
Average         T:0.36310    C:0.19048    A:0.23810    G:0.20833

#10: GazellaPrzewalskyi
position  1:    T:0.21429    C:0.25000    A:0.26786    G:0.26786
position  2:    T:0.39286    C:0.19643    A:0.21429    G:0.19643
position  3:    T:0.46429    C:0.14286    A:0.23214    G:0.16071
Average         T:0.35714    C:0.19643    A:0.23810    G:0.20833

#11: MountainNyala  
position  1:    T:0.23214    C:0.23214    A:0.26786    G:0.26786
position  2:    T:0.37500    C:0.21429    A:0.21429    G:0.19643
position  3:    T:0.46429    C:0.14286    A:0.23214    G:0.16071
Average         T:0.35714    C:0.19643    A:0.23810    G:0.20833

#12: MuntiacusMuntjak
position  1:    T:0.23214    C:0.23214    A:0.26786    G:0.26786
position  2:    T:0.37500    C:0.21429    A:0.21429    G:0.19643
position  3:    T:0.46429    C:0.14286    A:0.25000    G:0.14286
Average         T:0.35714    C:0.19643    A:0.24405    G:0.20238

#13: goat           
position  1:    T:0.25000    C:0.21429    A:0.26786    G:0.26786
position  2:    T:0.39286    C:0.19643    A:0.21429    G:0.19643
position  3:    T:0.46429    C:0.14286    A:0.23214    G:0.16071
Average         T:0.36905    C:0.18452    A:0.23810    G:0.20833

#14: AfricanBuffalo 
position  1:    T:0.23214    C:0.23214    A:0.26786    G:0.26786
position  2:    T:0.37500    C:0.21429    A:0.21429    G:0.19643
position  3:    T:0.46429    C:0.14286    A:0.23214    G:0.16071
Average         T:0.35714    C:0.19643    A:0.23810    G:0.20833

#15: Topi           
position  1:    T:0.23214    C:0.23214    A:0.26786    G:0.26786
position  2:    T:0.39286    C:0.17857    A:0.21429    G:0.21429
position  3:    T:0.44643    C:0.14286    A:0.23214    G:0.17857
Average         T:0.35714    C:0.18452    A:0.23810    G:0.22024

#16: CommonDuiker   
position  1:    T:0.23214    C:0.23214    A:0.26786    G:0.26786
position  2:    T:0.39286    C:0.19643    A:0.21429    G:0.19643
position  3:    T:0.48214    C:0.12500    A:0.23214    G:0.16071
Average         T:0.36905    C:0.18452    A:0.23810    G:0.20833

#17: Suni           
position  1:    T:0.23214    C:0.23214    A:0.26786    G:0.26786
position  2:    T:0.39286    C:0.19643    A:0.21429    G:0.19643
position  3:    T:0.46429    C:0.14286    A:0.23214    G:0.16071
Average         T:0.36310    C:0.19048    A:0.23810    G:0.20833

#18: Springbuck     
position  1:    T:0.21429    C:0.25000    A:0.26786    G:0.26786
position  2:    T:0.39286    C:0.19643    A:0.21429    G:0.19643
position  3:    T:0.46429    C:0.14286    A:0.23214    G:0.16071
Average         T:0.35714    C:0.19643    A:0.23810    G:0.20833

#19: Okapi          
position  1:    T:0.23214    C:0.23214    A:0.26786    G:0.26786
position  2:    T:0.37500    C:0.21429    A:0.21429    G:0.19643
position  3:    T:0.48214    C:0.12500    A:0.23214    G:0.16071
Average         T:0.36310    C:0.19048    A:0.23810    G:0.20833

#20: Giraffe        
position  1:    T:0.23214    C:0.23214    A:0.26786    G:0.26786
position  2:    T:0.37500    C:0.21429    A:0.21429    G:0.19643
position  3:    T:0.48214    C:0.12500    A:0.23214    G:0.16071
Average         T:0.36310    C:0.19048    A:0.23810    G:0.20833

#21: TibetanAntelope
position  1:    T:0.23214    C:0.23214    A:0.26786    G:0.26786
position  2:    T:0.39286    C:0.19643    A:0.21429    G:0.19643
position  3:    T:0.46429    C:0.14286    A:0.23214    G:0.16071
Average         T:0.36310    C:0.19048    A:0.23810    G:0.20833

#22: Sitatunga      
position  1:    T:0.23214    C:0.23214    A:0.26786    G:0.26786
position  2:    T:0.37500    C:0.21429    A:0.21429    G:0.19643
position  3:    T:0.46429    C:0.14286    A:0.23214    G:0.16071
Average         T:0.35714    C:0.19643    A:0.23810    G:0.20833

#23: Oribi          
position  1:    T:0.21429    C:0.25000    A:0.26786    G:0.26786
position  2:    T:0.39286    C:0.19643    A:0.21429    G:0.19643
position  3:    T:0.46429    C:0.14286    A:0.23214    G:0.16071
Average         T:0.35714    C:0.19643    A:0.23810    G:0.20833

#24: BarbarySheep   
position  1:    T:0.25000    C:0.21429    A:0.26786    G:0.26786
position  2:    T:0.39286    C:0.19643    A:0.21429    G:0.19643
position  3:    T:0.46429    C:0.14286    A:0.23214    G:0.16071
Average         T:0.36905    C:0.18452    A:0.23810    G:0.20833

#25: Daviddeer      
position  1:    T:0.23214    C:0.23214    A:0.26786    G:0.26786
position  2:    T:0.37500    C:0.21429    A:0.21429    G:0.19643
position  3:    T:0.46429    C:0.14286    A:0.25000    G:0.14286
Average         T:0.35714    C:0.19643    A:0.24405    G:0.20238

#26: Reindeer       
position  1:    T:0.23214    C:0.23214    A:0.26786    G:0.26786
position  2:    T:0.37500    C:0.21429    A:0.21429    G:0.19643
position  3:    T:0.46429    C:0.14286    A:0.25000    G:0.14286
Average         T:0.35714    C:0.19643    A:0.24405    G:0.20238

#27: Ibex           
position  1:    T:0.25000    C:0.21429    A:0.26786    G:0.26786
position  2:    T:0.39286    C:0.19643    A:0.21429    G:0.19643
position  3:    T:0.46429    C:0.14286    A:0.23214    G:0.16071
Average         T:0.36905    C:0.18452    A:0.23810    G:0.20833

#28: GyrantGazelle  
position  1:    T:0.21429    C:0.25000    A:0.26786    G:0.26786
position  2:    T:0.39286    C:0.19643    A:0.21429    G:0.19643
position  3:    T:0.46429    C:0.14286    A:0.23214    G:0.16071
Average         T:0.35714    C:0.19643    A:0.23810    G:0.20833

#29: Hartebeest     
position  1:    T:0.23214    C:0.23214    A:0.26786    G:0.26786
position  2:    T:0.39286    C:0.17857    A:0.21429    G:0.21429
position  3:    T:0.46429    C:0.12500    A:0.23214    G:0.17857
Average         T:0.36310    C:0.17857    A:0.23810    G:0.22024

#30: Bongo          
position  1:    T:0.23214    C:0.23214    A:0.26786    G:0.26786
position  2:    T:0.37500    C:0.21429    A:0.21429    G:0.19643
position  3:    T:0.46429    C:0.14286    A:0.23214    G:0.16071
Average         T:0.35714    C:0.19643    A:0.23810    G:0.20833

#31: Gerenuk        
position  1:    T:0.21429    C:0.25000    A:0.26786    G:0.26786
position  2:    T:0.39286    C:0.19643    A:0.21429    G:0.19643
position  3:    T:0.46429    C:0.14286    A:0.23214    G:0.16071
Average         T:0.35714    C:0.19643    A:0.23810    G:0.20833

#32: CommonEland    
position  1:    T:0.23214    C:0.23214    A:0.26786    G:0.26786
position  2:    T:0.37500    C:0.21429    A:0.21429    G:0.19643
position  3:    T:0.46429    C:0.14286    A:0.23214    G:0.16071
Average         T:0.35714    C:0.19643    A:0.23810    G:0.20833

#33: MuntiacusReevesi
position  1:    T:0.23214    C:0.23214    A:0.26786    G:0.26786
position  2:    T:0.37500    C:0.21429    A:0.21429    G:0.19643
position  3:    T:0.46429    C:0.14286    A:0.25000    G:0.14286
Average         T:0.35714    C:0.19643    A:0.24405    G:0.20238

#34: HarveysDuiker  
position  1:    T:0.23214    C:0.23214    A:0.26786    G:0.26786
position  2:    T:0.39286    C:0.19643    A:0.21429    G:0.19643
position  3:    T:0.48214    C:0.12500    A:0.23214    G:0.16071
Average         T:0.36905    C:0.18452    A:0.23810    G:0.20833

#35: Pronghorn      
position  1:    T:0.23214    C:0.23214    A:0.26786    G:0.26786
position  2:    T:0.35714    C:0.21429    A:0.23214    G:0.19643
position  3:    T:0.46429    C:0.14286    A:0.23214    G:0.16071
Average         T:0.35119    C:0.19643    A:0.24405    G:0.20833

#36: BlueWildebeest 
position  1:    T:0.23214    C:0.23214    A:0.25000    G:0.28571
position  2:    T:0.39286    C:0.17857    A:0.21429    G:0.21429
position  3:    T:0.46429    C:0.12500    A:0.23214    G:0.17857
Average         T:0.36310    C:0.17857    A:0.23214    G:0.22619

#37: Gemsbok        
position  1:    T:0.23214    C:0.23214    A:0.26786    G:0.26786
position  2:    T:0.39286    C:0.19643    A:0.21429    G:0.19643
position  3:    T:0.46429    C:0.12500    A:0.23214    G:0.17857
Average         T:0.36310    C:0.18452    A:0.23810    G:0.21429

#38: Yak            
position  1:    T:0.23214    C:0.23214    A:0.25000    G:0.28571
position  2:    T:0.37500    C:0.21429    A:0.21429    G:0.19643
position  3:    T:0.46429    C:0.14286    A:0.23214    G:0.16071
Average         T:0.35714    C:0.19643    A:0.23214    G:0.21429

#39: BlueSheep      
position  1:    T:0.25000    C:0.21429    A:0.26786    G:0.26786
position  2:    T:0.39286    C:0.19643    A:0.21429    G:0.19643
position  3:    T:0.48214    C:0.14286    A:0.21429    G:0.16071
Average         T:0.37500    C:0.18452    A:0.23214    G:0.20833

#40: BohorReedbuck  
position  1:    T:0.25000    C:0.21429    A:0.26786    G:0.26786
position  2:    T:0.39286    C:0.19643    A:0.21429    G:0.19643
position  3:    T:0.46429    C:0.14286    A:0.23214    G:0.16071
Average         T:0.36905    C:0.18452    A:0.23810    G:0.20833

#41: KirksDik       
position  1:    T:0.21429    C:0.25000    A:0.25000    G:0.28571
position  2:    T:0.39286    C:0.19643    A:0.21429    G:0.19643
position  3:    T:0.48214    C:0.12500    A:0.23214    G:0.16071
Average         T:0.36310    C:0.19048    A:0.23214    G:0.21429

#42: RoeDeer        
position  1:    T:0.23214    C:0.23214    A:0.26786    G:0.26786
position  2:    T:0.37500    C:0.21429    A:0.21429    G:0.19643
position  3:    T:0.44643    C:0.16071    A:0.25000    G:0.14286
Average         T:0.35119    C:0.20238    A:0.24405    G:0.20238

#43: WhiteLippedDeer
position  1:    T:0.23214    C:0.23214    A:0.26786    G:0.26786
position  2:    T:0.37500    C:0.21429    A:0.21429    G:0.19643
position  3:    T:0.48214    C:0.14286    A:0.23214    G:0.14286
Average         T:0.36310    C:0.19643    A:0.23810    G:0.20238

#44: ThomsonGazelle 
position  1:    T:0.21429    C:0.25000    A:0.26786    G:0.26786
position  2:    T:0.39286    C:0.19643    A:0.21429    G:0.19643
position  3:    T:0.46429    C:0.14286    A:0.23214    G:0.16071
Average         T:0.35714    C:0.19643    A:0.23810    G:0.20833

#45: MuntiacusCrinifrons
position  1:    T:0.23214    C:0.23214    A:0.26786    G:0.26786
position  2:    T:0.37500    C:0.21429    A:0.21429    G:0.19643
position  3:    T:0.46429    C:0.14286    A:0.25000    G:0.14286
Average         T:0.35714    C:0.19643    A:0.24405    G:0.20238

#46: WhiteTailedDeer
position  1:    T:0.23214    C:0.23214    A:0.26786    G:0.26786
position  2:    T:0.37500    C:0.21429    A:0.21429    G:0.19643
position  3:    T:0.44643    C:0.16071    A:0.25000    G:0.14286
Average         T:0.35119    C:0.20238    A:0.24405    G:0.20238

#47: Cattle         
position  1:    T:0.23214    C:0.23214    A:0.26786    G:0.26786
position  2:    T:0.37500    C:0.21429    A:0.21429    G:0.19643
position  3:    T:0.46429    C:0.14286    A:0.23214    G:0.16071
Average         T:0.35714    C:0.19643    A:0.23810    G:0.20833

#48: RoyalAntelope  
position  1:    T:0.23214    C:0.23214    A:0.26786    G:0.26786
position  2:    T:0.39286    C:0.19643    A:0.21429    G:0.19643
position  3:    T:0.46429    C:0.10714    A:0.25000    G:0.17857
Average         T:0.36310    C:0.17857    A:0.24405    G:0.21429

#49: Steenbok       
position  1:    T:0.21429    C:0.25000    A:0.26786    G:0.26786
position  2:    T:0.39286    C:0.19643    A:0.21429    G:0.19643
position  3:    T:0.44643    C:0.14286    A:0.23214    G:0.17857
Average         T:0.35119    C:0.19643    A:0.23810    G:0.21429

#50: Impala         
position  1:    T:0.23214    C:0.23214    A:0.26786    G:0.26786
position  2:    T:0.39286    C:0.19643    A:0.21429    G:0.19643
position  3:    T:0.44643    C:0.12500    A:0.23214    G:0.19643
Average         T:0.35714    C:0.18452    A:0.23810    G:0.22024

#51: Klipspringer   
position  1:    T:0.25000    C:0.21429    A:0.25000    G:0.28571
position  2:    T:0.39286    C:0.19643    A:0.21429    G:0.19643
