1
52 1
Argali 0.000000 0.128600 0.031600 0.268900 0.000000 0.000000 0.032200 0.030500 0.031900 0.031000 0.031000 0.032000 0.000000 0.033000 0.065100 0.062300 0.000800 0.033500 0.000100 0.064200 0.064400 0.032200 0.062700 0.065100 0.031000 0.030300 0.031300 0.031600 0.030600 0.031400 0.030400 0.033000 0.098600 0.000000 0.031300 0.062000 0.000000 0.000100 0.030700 0.064100 0.058800 0.031500 0.063700 0.065300 0.061300 0.000400 0.000400 0.031000 0.034000 0.000500 0.032100 0.032300
LesserMous 0.128600 0.000000 0.141600 0.447600 0.128600 0.128600 0.173600 0.164200 0.139800 0.084200 0.085000 0.144600 0.128600 0.178300 0.217200 0.186600 0.129100 0.182000 0.135200 0.185000 0.222700 0.071400 0.124600 0.127400 0.085000 0.163100 0.169700 0.141600 0.164900 0.139800 0.082400 0.178300 0.266700 0.128600 0.137200 0.205000 0.128600 0.129700 0.165200 0.126500 0.116700 0.175700 0.126000 0.129100 0.203100 0.124000 0.091500 0.165000 0.186000 0.126900 0.144600 0.138200
LesserKudu 0.031600 0.141600 0.000000 0.226700 0.031600 0.031600 0.064800 0.061400 0.000200 0.062600 0.062600 0.063200 0.031600 0.066800 0.030900 0.080200 0.031000 0.066800 0.031900 0.030400 0.097600 0.065500 0.030000 0.030800 0.062600 0.060900 0.000800 0.000000 0.061700 0.000100 0.061600 0.066800 0.063100 0.031600 0.049900 0.029500 0.031600 0.031600 0.061800 0.030300 0.088900 0.064100 0.096500 0.031300 0.029200 0.031200 0.032300 0.061600 0.068700 0.030400 0.000200 0.000500
KillerWhal 0.268900 0.447600 0.226700 0.000000 0.268900 0.268900 0.327900 0.308300 0.227800 0.308000 0.305000 0.227900 0.268900 0.330200 0.267300 0.343400 0.267900 0.341600 0.269100 0.180100 0.327300 0.316300 0.257700 0.239200 0.305000 0.310300 0.219300 0.226700 0.313900 0.224200 0.304800 0.330200 0.309000 0.268900 0.307800 0.172500 0.268900 0.267400 0.311600 0.237000 0.246700 0.330600 0.360100 0.242900 0.171000 0.270500 0.281400 0.301800 0.335100 0.268800 0.228900 0.231300
DefassaWat 0.000000 0.128600 0.031600 0.268900 0.000000 0.000000 0.032200 0.030500 0.031900 0.031000 0.030800 0.032000 0.000000 0.033000 0.065100 0.062300 0.000800 0.033500 0.000100 0.064200 0.064400 0.032200 0.062700 0.065100 0.031000 0.030300 0.031300 0.031600 0.030600 0.031400 0.030400 0.033000 0.098600 0.000000 0.031300 0.062000 0.000000 0.000100 0.030700 0.064100 0.058800 0.031500 0.063700 0.065300 0.061300 0.000400 0.000400 0.031000 0.034000 0.000500 0.032100 0.032300
Sheep 0.000000 0.128600 0.031600 0.268900 0.000000 0.000000 0.032200 0.030500 0.031900 0.031000 0.030900 0.032000 0.000000 0.033000 0.065100 0.062300 0.000800 0.033500 0.000100 0.064200 0.064400 0.032200 0.062700 0.065100 0.031000 0.030300 0.031200 0.031600 0.030600 0.031400 0.030400 0.033000 0.098600 0.000000 0.031300 0.062000 0.000000 0.000100 0.030700 0.064100 0.058800 0.031500 0.063700 0.065300 0.061300 0.000400 0.000400 0.031000 0.034000 0.000500 0.032100 0.032300
MaxwellsDu 0.032200 0.173600 0.064800 0.327900 0.032200 0.032200 0.000000 0.062600 0.065500 0.063800 0.063800 0.065800 0.032200 0.000100 0.100600 0.095700 0.032200 0.001200 0.032400 0.098700 0.099200 0.066200 0.096300 0.100400 0.063800 0.062200 0.064500 0.064800 0.062900 0.064500 0.062800 0.000100 0.135700 0.032200 0.064400 0.095100 0.032200 0.032200 0.063100 0.098600 0.090300 0.065100 0.098000 0.100900 0.094000 0.031800 0.032800 0.063900 0.070800 0.031700 0.065900 0.066300
GazellaPrz 0.030500 0.164200 0.061400 0.308300 0.030500 0.030500 0.062600 0.000000 0.062100 0.060800 0.060800 0.062400 0.030500 0.064300 0.095000 0.029400 0.030200 0.065500 0.030700 0.093900 0.030300 0.063200 0.092100 0.096000 0.060800 0.000300 0.061300 0.061400 0.000400 0.061100 0.059800 0.064300 0.128600 0.030500 0.061100 0.090600 0.030500 0.030500 0.000300 0.094200 0.086500 0.000600 0.093600 0.096400 0.089500 0.030100 0.031100 0.060800 0.066500 0.029900 0.062400 0.062700
MountainNy 0.031900 0.139800 0.000200 0.227800 0.031900 0.031900 0.065500 0.062100 0.000000 0.063300 0.063300 0.063800 0.031900 0.067500 0.031100 0.081100 0.031300 0.067300 0.032300 0.030500 0.098400 0.066200 0.030300 0.031100 0.063300 0.061500 0.000800 0.000200 0.062300 0.000100 0.062300 0.067500 0.063600 0.031900 0.050500 0.029700 0.031900 0.032000 0.062400 0.030600 0.089900 0.064500 0.097500 0.030900 0.029400 0.031500 0.032600 0.062200 0.069500 0.030700 0.000200 0.000200
MuntiacusM 0.031000 0.084200 0.062600 0.308000 0.031000 0.031000 0.063800 0.060800 0.063300 0.000000 0.000500 0.063400 0.031000 0.065500 0.096800 0.079200 0.030400 0.066100 0.031000 0.096000 0.096300 0.000500 0.030600 0.031900 0.000500 0.060200 0.062700 0.062600 0.060900 0.062400 0.000100 0.065500 0.131100 0.031000 0.061100 0.093000 0.031000 0.030800 0.061100 0.031500 0.029000 0.062800 0.031100 0.032100 0.091900 0.029900 0.000600 0.061800 0.066700 0.030500 0.063400 0.063800
goat 0.031000 0.085000 0.062600 0.305000 0.030800 0.030900 0.063800 0.060800 0.063300 0.000500 0.000000 0.063500 0.031000 0.065400 0.097000 0.093500 0.030200 0.065900 0.031300 0.096100 0.096300 0.000200 0.030300 0.031500 0.000000 0.060500 0.062300 0.062600 0.061000 0.062500 0.000700 0.065400 0.130700 0.031000 0.062300 0.093100 0.031000 0.031100 0.061300 0.031100 0.028600 0.062800 0.030800 0.031700 0.092000 0.030600 0.000400 0.062200 0.067300 0.030400 0.063500 0.063800
AfricanBuf 0.032000 0.144600 0.063200 0.227900 0.032000 0.032000 0.065800 0.062400 0.063800 0.063400 0.063500 0.000000 0.032000 0.067700 0.097800 0.081000 0.031400 0.067700 0.032400 0.030800 0.099200 0.066200 0.096100 0.100200 0.063500 0.061900 0.064400 0.063200 0.062600 0.062900 0.062400 0.067700 0.132900 0.032000 0.050200 0.029900 0.032000 0.032100 0.062700 0.098600 0.028500 0.065000 0.097600 0.100700 0.029600 0.031700 0.032900 0.062500 0.069700 0.030900 0.064000 0.064600
Topi 0.000000 0.128600 0.031600 0.268900 0.000000 0.000000 0.032200 0.030500 0.031900 0.031000 0.031000 0.032000 0.000000 0.033000 0.065100 0.062300 0.000800 0.033500 0.000100 0.064200 0.064400 0.032200 0.062700 0.065100 0.030900 0.030300 0.031200 0.031600 0.030600 0.031400 0.030400 0.033000 0.098600 0.000000 0.031300 0.062000 0.000000 0.000100 0.030700 0.064100 0.058800 0.031500 0.063700 0.065300 0.061300 0.000400 0.000400 0.031000 0.034000 0.000500 0.032100 0.032300
CommonDuik 0.033000 0.178300 0.066800 0.330200 0.033000 0.033000 0.000100 0.064300 0.067500 0.065500 0.065400 0.067700 0.033000 0.000000 0.103400 0.098500 0.032800 0.001000 0.033200 0.101700 0.102200 0.067600 0.098900 0.102800 0.065400 0.064000 0.066100 0.066800 0.064600 0.066500 0.064600 0.000000 0.139000 0.033000 0.066200 0.098100 0.033000 0.033000 0.064900 0.101400 0.092900 0.066800 0.100500 0.103300 0.097000 0.032600 0.033800 0.065800 0.072300 0.032600 0.067800 0.068400
Suni 0.065100 0.217200 0.030900 0.267300 0.065100 0.065100 0.100600 0.095000 0.031100 0.096800 0.097000 0.097800 0.065100 0.103400 0.000000 0.129800 0.063500 0.102800 0.065700 0.062600 0.134600 0.101000 0.062400 0.064900 0.097000 0.094500 0.031400 0.030900 0.095600 0.030700 0.095500 0.103400 0.097200 0.065100 0.091200 0.060500 0.065100 0.065100 0.095900 0.063800 0.122200 0.099100 0.132300 0.065300 0.059800 0.064200 0.066400 0.095600 0.105900 0.062700 0.031300 0.031500
Springbuck 0.062300 0.186600 0.080200 0.343400 0.062300 0.062300 0.095700 0.029400 0.081100 0.079200 0.093500 0.081000 0.062300 0.098500 0.129800 0.000000 0.040700 0.082000 0.062900 0.116700 0.062000 0.085000 0.114300 0.116000 0.093500 0.029200 0.094300 0.080200 0.000400 0.081300 0.076600 0.098500 0.153600 0.062300 0.093500 0.124000 0.062300 0.062400 0.029600 0.114800 0.107400 0.000600 0.116600 0.115600 0.109800 0.061600 0.050300 0.093600 0.102200 0.046700 0.081100 0.079500
Okapi 0.000800 0.129100 0.031000 0.267900 0.000800 0.000800 0.032200 0.030200 0.031300 0.030400 0.030200 0.031400 0.000800 0.032800 0.063500 0.040700 0.000000 0.032600 0.000900 0.063000 0.064400 0.031200 0.061900 0.064100 0.030200 0.030200 0.031100 0.031000 0.030300 0.030900 0.029800 0.032800 0.096100 0.000800 0.001300 0.061000 0.000800 0.000900 0.030300 0.063200 0.058600 0.031400 0.062900 0.064200 0.060400 0.001200 0.000900 0.029800 0.033600 0.000500 0.031500 0.031800
Giraffe 0.033500 0.182000 0.066800 0.341600 0.033500 0.033500 0.001200 0.065500 0.067300 0.066100 0.065900 0.067700 0.033500 0.001000 0.102800 0.082000 0.032600 0.000000 0.033800 0.101600 0.104600 0.068400 0.099800 0.103800 0.065900 0.065300 0.067100 0.066800 0.065800 0.066400 0.065100 0.001000 0.138800 0.033500 0.051200 0.098000 0.033500 0.033500 0.066100 0.102300 0.094500 0.068400 0.101500 0.104600 0.097000 0.033300 0.034500 0.065100 0.073200 0.032600 0.067700 0.068200
TibetanAnt 0.000100 0.135200 0.031900 0.269100 0.000100 0.000100 0.032400 0.030700 0.032300 0.031000 0.031300 0.032400 0.000100 0.033200 0.065700 0.062900 0.000900 0.033800 0.000000 0.064900 0.065000 0.032100 0.063100 0.065400 0.031300 0.030600 0.031600 0.031900 0.030800 0.031800 0.030400 0.033200 0.099300 0.000100 0.031600 0.062600 0.000100 0.000200 0.031000 0.064500 0.059300 0.031700 0.064100 0.065600 0.061900 0.000500 0.000500 0.031100 0.034200 0.000600 0.032400 0.032700
Sitatunga 0.064200 0.185000 0.030400 0.180100 0.064200 0.064200 0.098700 0.093900 0.030500 0.096000 0.096100 0.030800 0.064200 0.101700 0.062600 0.116700 0.063000 0.101600 0.064900 0.000000 0.132800 0.100500 0.061900 0.064400 0.096100 0.093200 0.031000 0.030400 0.094500 0.030200 0.094600 0.101700 0.096000 0.064200 0.086700 0.000800 0.064200 0.064300 0.094400 0.063300 0.057900 0.097900 0.131600 0.064600 0.000700 0.063400 0.065800 0.094500 0.104700 0.061700 0.030900 0.031000
Oribi 0.064400 0.222700 0.097600 0.327300 0.064400 0.064400 0.099200 0.030300 0.098400 0.096300 0.096300 0.099200 0.064400 0.102200 0.134600 0.062000 0.064400 0.104600 0.065000 0.132800 0.000000 0.100200 0.130100 0.135600 0.096300 0.030100 0.097300 0.097600 0.030500 0.097000 0.094700 0.102200 0.171500 0.064400 0.096500 0.128200 0.064400 0.064500 0.030600 0.133200 0.121900 0.031600 0.131900 0.136800 0.126600 0.063600 0.065900 0.096200 0.106200 0.063200 0.099200 0.099500
BarbaryShe 0.032200 0.071400 0.065500 0.316300 0.032200 0.032200 0.066200 0.063200 0.066200 0.000500 0.000200 0.066200 0.032200 0.067600 0.101000 0.085000 0.031200 0.068400 0.032100 0.100500 0.100200 0.000000 0.031500 0.032600 0.000200 0.062900 0.064800 0.065500 0.063400 0.065300 0.000600 0.067600 0.135700 0.032200 0.064600 0.097400 0.032200 0.032100 0.063700 0.032300 0.029900 0.065100 0.031900 0.032700 0.096500 0.031500 0.000400 0.064400 0.070000 0.031700 0.066200 0.066800
Daviddeer 0.062700 0.124600 0.030000 0.257700 0.062700 0.062700 0.096300 0.092100 0.030300 0.030600 0.030300 0.096100 0.062700 0.098900 0.062400 0.114300 0.061900 0.099800 0.063100 0.061900 0.130100 0.031500 0.000000 0.000200 0.030300 0.091600 0.030200 0.030000 0.092600 0.030000 0.030300 0.098900 0.095300 0.062700 0.093500 0.060000 0.062700 0.062600 0.092900 0.000200 0.058500 0.095700 0.062800 0.000400 0.059400 0.061800 0.031900 0.093900 0.100800 0.061500 0.030400 0.030100
Reindeer 0.065100 0.127400 0.030800 0.239200 0.065100 0.065100 0.100400 0.096000 0.031100 0.031900 0.031500 0.100200 0.065100 0.102800 0.064900 0.116000 0.064100 0.103800 0.065400 0.064400 0.135600 0.032600 0.000200 0.000000 0.031500 0.095500 0.031000 0.030800 0.096400 0.030900 0.031500 0.102800 0.098800 0.065100 0.097000 0.062600 0.065100 0.064900 0.096800 0.000200 0.061000 0.099400 0.065400 0.000100 0.062000 0.064400 0.033400 0.097700 0.103500 0.064100 0.031100 0.030700
Ibex 0.031000 0.085000 0.062600 0.305000 0.031000 0.031000 0.063800 0.060800 0.063300 0.000500 0.000000 0.063500 0.030900 0.065400 0.097000 0.093500 0.030200 0.065900 0.031300 0.096100 0.096300 0.000200 0.030300 0.031500 0.000000 0.060500 0.062300 0.062600 0.061000 0.062500 0.000700 0.065400 0.130700 0.031100 0.062300 0.093100 0.031000 0.031100 0.061300 0.031100 0.028600 0.062800 0.030800 0.031700 0.092000 0.030600 0.000400 0.062200 0.067300 0.030400 0.063500 0.063800
GyrantGaze 0.030300 0.163100 0.060900 0.310300 0.030300 0.030300 0.062200 0.000300 0.061500 0.060200 0.060500 0.061900 0.030300 0.064000 0.094500 0.029200 0.030200 0.065300 0.030600 0.093200 0.030100 0.062900 0.091600 0.095500 0.060500 0.000000 0.061000 0.060900 0.000400 0.060700 0.059100 0.064000 0.128400 0.030300 0.060700 0.090100 0.030300 0.030300 0.000500 0.093600 0.085900 0.000600 0.093000 0.095900 0.089000 0.029900 0.030900 0.060100 0.066300 0.029700 0.061900 0.062200
Hartebeest 0.031300 0.169700 0.000800 0.219300 0.031300 0.031200 0.064500 0.061300 0.000800 0.062700 0.062300 0.064400 0.031200 0.066100 0.031400 0.094300 0.031100 0.067100 0.031600 0.031000 0.097300 0.064800 0.030200 0.031000 0.062300 0.061000 0.000000 0.000800 0.061600 0.000600 0.061800 0.066100 0.063600 0.031300 0.062900 0.030000 0.030900 0.031300 0.061800 0.030500 0.089300 0.063700 0.096300 0.030900 0.029700 0.031000 0.032100 0.062800 0.068200 0.030900 0.000800 0.001000
Bongo 0.031600 0.141600 0.000000 0.226700 0.031600 0.031600 0.064800 0.061400 0.000200 0.062600 0.062600 0.063200 0.031600 0.066800 0.030900 0.080200 0.031000 0.066800 0.031900 0.030400 0.097600 0.065500 0.030000 0.030800 0.062600 0.060900 0.000800 0.000000 0.061700 0.000100 0.061600 0.066800 0.063100 0.031600 0.049900 0.029500 0.031600 0.031600 0.061800 0.030300 0.088900 0.064100 0.096500 0.031300 0.029200 0.031200 0.032300 0.061600 0.068700 0.030400 0.000200 0.000500
Gerenuk 0.030600 0.164900 0.061700 0.313900 0.030600 0.030600 0.062900 0.000400 0.062300 0.060900 0.061000 0.062600 0.030600 0.064600 0.095600 0.000400 0.030300 0.065800 0.030800 0.094500 0.030500 0.063400 0.092600 0.096400 0.061000 0.000400 0.061600 0.061700 0.000000 0.061500 0.059900 0.064600 0.129700 0.030600 0.061400 0.091100 0.030600 0.030600 0.000700 0.094700 0.087000 0.000500 0.094000 0.096800 0.090200 0.030200 0.031300 0.060600 0.067000 0.030100 0.062700 0.063000
CommonElan 0.031400 0.139800 0.000100 0.224200 0.031400 0.031400 0.064500 0.061100 0.000100 0.062400 0.062500 0.062900 0.031400 0.066500 0.030700 0.081300 0.030900 0.066400 0.031800 0.030200 0.097000 0.065300 0.030000 0.030900 0.062500 0.060700 0.000600 0.000100 0.061500 0.000000 0.061400 0.066500 0.062700 0.031400 0.051100 0.029300 0.031400 0.031500 0.061600 0.030300 0.088500 0.063700 0.096000 0.030800 0.029000 0.031100 0.032200 0.061400 0.068400 0.030200 0.000100 0.000400
MuntiacusR 0.030400 0.082400 0.061600 0.304800 0.030400 0.030400 0.062800 0.059800 0.062300 0.000100 0.000700 0.062400 0.030400 0.064600 0.095500 0.076600 0.029800 0.065100 0.030400 0.094600 0.094700 0.000600 0.030300 0.031500 0.000700 0.059100 0.061800 0.061600 0.059900 0.061400 0.000000 0.064600 0.129000 0.030400 0.059700 0.091800 0.030400 0.030100 0.060000 0.031000 0.028600 0.061600 0.030800 0.031700 0.090800 0.029100 0.000800 0.060700 0.065600 0.029900 0.062400 0.062600
HarveysDui 0.033000 0.178300 0.066800 0.330200 0.033000 0.033000 0.000100 0.064300 0.067500 0.065500 0.065400 0.067700 0.033000 0.000000 0.103400 0.098500 0.032800 0.001000 0.033200 0.101700 0.102200 0.067600 0.098900 0.102800 0.065400 0.064000 0.066100 0.066800 0.064600 0.066500 0.064600 0.000000 0.139000 0.033000 0.066200 0.098100 0.033000 0.033000 0.064900 0.101400 0.092900 0.066800 0.100500 0.103300 0.097000 0.032600 0.033800 0.065800 0.072300 0.032600 0.067800 0.068400
Pronghorn 0.098600 0.266700 0.063100 0.309000 0.098600 0.098600 0.135700 0.128600 0.063600 0.131100 0.130700 0.132900 0.098600 0.139000 0.097200 0.153600 0.096100 0.138800 0.099300 0.096000 0.171500 0.135700 0.095300 0.098800 0.130700 0.128400 0.063600 0.063100 0.129700 0.062700 0.129000 0.139000 0.000000 0.098600 0.124400 0.092900 0.098600 0.098500 0.129900 0.097600 0.155900 0.134300 0.167800 0.099600 0.091900 0.097700 0.101200 0.129300 0.102900 0.095700 0.063800 0.064400
BlueWildeb 0.000000 0.128600 0.031600 0.268900 0.000000 0.000000 0.032200 0.030500 0.031900 0.031000 0.031000 0.032000 0.000000 0.033000 0.065100 0.062300 0.000800 0.033500 0.000100 0.064200 0.064400 0.032200 0.062700 0.065100 0.031100 0.030300 0.031300 0.031600 0.030600 0.031400 0.030400 0.033000 0.098600 0.000000 0.031300 0.062000 0.000000 0.000100 0.030700 0.064100 0.058800 0.031500 0.063700 0.065300 0.061300 0.000400 0.000400 0.031000 0.034000 0.000500 0.032100 0.032300
Gemsbok 0.031300 0.137200 0.049900 0.307800 0.031300 0.031300 0.064400 0.061100 0.050500 0.061100 0.062300 0.050200 0.031300 0.066200 0.091200 0.093500 0.001300 0.051200 0.031600 0.086700 0.096500 0.064600 0.093500 0.097000 0.062300 0.060700 0.062900 0.049900 0.061400 0.051100 0.059700 0.066200 0.124400 0.031300 0.000000 0.084500 0.031300 0.031300 0.061600 0.095300 0.087700 0.063400 0.085100 0.097100 0.082600 0.030900 0.031900 0.048800 0.047300 0.005400 0.050300 0.048300
Yak 0.062000 0.205000 0.029500 0.172500 0.062000 0.062000 0.095100 0.090600 0.029700 0.093000 0.093100 0.029900 0.062000 0.098100 0.060500 0.124000 0.061000 0.098000 0.062600 0.000800 0.128200 0.097400 0.060000 0.062600 0.093100 0.090100 0.030000 0.029500 0.091100 0.029300 0.091800 0.098100 0.092900 0.062000 0.084500 0.000000 0.062000 0.062000 0.091100 0.061300 0.056200 0.094800 0.127400 0.063000 0.000400 0.061100 0.071600 0.091400 0.100400 0.059700 0.029900 0.030100
BlueSheep 0.000000 0.128600 0.031600 0.268900 0.000000 0.000000 0.032200 0.030500 0.031900 0.031000 0.031000 0.032000 0.000000 0.033000 0.065100 0.062300 0.000800 0.033500 0.000100 0.064200 0.064400 0.032200 0.062700 0.065100 0.031000 0.030300 0.030900 0.031600 0.030600 0.031400 0.030400 0.033000 0.098600 0.000000 0.031300 0.062000 0.000000 0.000100 0.030700 0.064100 0.058800 0.031500 0.063700 0.065300 0.061300 0.000400 0.000400 0.031000 0.034000 0.000500 0.032100 0.032300
BohorReedb 0.000100 0.129700 0.031600 0.267400 0.000100 0.000100 0.032200 0.030500 0.032000 0.030800 0.031100 0.032100 0.000100 0.033000 0.065100 0.062400 0.000900 0.033500 0.000200 0.064300 0.064500 0.032100 0.062600 0.064900 0.031100 0.030300 0.031300 0.031600 0.030600 0.031500 0.030100 0.033000 0.098500 0.000100 0.031300 0.062000 0.000100 0.000000 0.030700 0.063900 0.058700 0.031500 0.063600 0.065100 0.061500 0.000500 0.000500 0.030800 0.033900 0.000600 0.032100 0.032400
KirksDik 0.030700 0.165200 0.061800 0.311600 0.030700 0.030700 0.063100 0.000300 0.062400 0.061100 0.061300 0.062700 0.030700 0.064900 0.095900 0.029600 0.030300 0.066100 0.031000 0.094400 0.030600 0.063700 0.092900 0.096800 0.061300 0.000500 0.061800 0.061800 0.000700 0.061600 0.060000 0.064900 0.129900 0.030700 0.061600 0.091100 0.030700 0.030700 0.000000 0.095000 0.087000 0.000800 0.094400 0.097300 0.090000 0.030300 0.031400 0.061000 0.067300 0.030100 0.062800 0.063100
RoeDeer 0.064100 0.126500 0.030300 0.237000 0.064100 0.064100 0.098600 0.094200 0.030600 0.031500 0.031100 0.098600 0.064100 0.101400 0.063800 0.114800 0.063200 0.102300 0.064500 0.063300 0.133200 0.032300 0.000200 0.000200 0.031100 0.093600 0.030500 0.030300 0.094700 0.030300 0.031000 0.101400 0.097600 0.064100 0.095300 0.061300 0.064100 0.063900 0.095000 0.000000 0.059900 0.098000 0.064600 0.000400 0.060700 0.063000 0.032700 0.096000 0.101500 0.062900 0.030600 0.030200
WhiteLippe 0.058800 0.116700 0.088900 0.246700 0.058800 0.058800 0.090300 0.086500 0.089900 0.029000 0.028600 0.028500 0.058800 0.092900 0.122200 0.107400 0.058600 0.094500 0.059300 0.057900 0.121900 0.029900 0.058500 0.061000 0.028600 0.085900 0.089300 0.088900 0.087000 0.088500 0.028600 0.092900 0.155900 0.058800 0.087700 0.056200 0.058800 0.058700 0.087000 0.059900 0.000000 0.090000 0.059400 0.061400 0.055600 0.058000 0.029800 0.087900 0.095300 0.057800 0.090200 0.090800
ThomsonGaz 0.031500 0.175700 0.064100 0.330600 0.031500 0.031500 0.065100 0.000600 0.064500 0.062800 0.062800 0.065000 0.031500 0.066800 0.099100 0.000600 0.031400 0.068400 0.031700 0.097900 0.031600 0.065100 0.095700 0.099400 0.062800 0.000600 0.063700 0.064100 0.000500 0.063700 0.061600 0.066800 0.134300 0.031500 0.063400 0.094800 0.031500 0.031500 0.000800 0.098000 0.090000 0.000000 0.097100 0.100300 0.093800 0.031100 0.032500 0.062300 0.069400 0.031100 0.065000 0.065200
MuntiacusC 0.063700 0.126000 0.096500 0.360100 0.063700 0.063700 0.098000 0.093600 0.097500 0.031100 0.030800 0.097600 0.063700 0.100500 0.132300 0.116600 0.062900 0.101500 0.064100 0.131600 0.131900 0.031900 0.062800 0.065400 0.030800 0.093000 0.096300 0.096500 0.094000 0.096000 0.030800 0.100500 0.167800 0.063700 0.085100 0.127400 0.063700 0.063600 0.094400 0.064600 0.059400 0.097100 0.000000 0.065800 0.126000 0.062700 0.032300 0.095300 0.102700 0.062500 0.097600 0.098600
WhiteTaile 0.065300 0.129100 0.031300 0.242900 0.065300 0.065300 0.100900 0.096400 0.030900 0.032100 0.031700 0.100700 0.065300 0.103300 0.065300 0.115600 0.064200 0.104600 0.065600 0.064600 0.136800 0.032700 0.000400 0.000100 0.031700 0.095900 0.030900 0.031300 0.096800 0.030800 0.031700 0.103300 0.099600 0.065300 0.097100 0.063000 0.065300 0.065100 0.097300 0.000400 0.061400 0.100300 0.065800 0.000000 0.062400 0.064500 0.033500 0.098000 0.104000 0.064300 0.031000 0.030400
Cattle 0.061300 0.203100 0.029200 0.171000 0.061300 0.061300 0.094000 0.089500 0.029400 0.091900 0.092000 0.029600 0.061300 0.097000 0.059800 0.109800 0.060400 0.097000 0.061900 0.000700 0.126600 0.096500 0.059400 0.062000 0.092000 0.089000 0.029700 0.029200 0.090200 0.029000 0.090800 0.097000 0.091900 0.061300 0.082600 0.000400 0.061300 0.061500 0.090000 0.060700 0.055600 0.093800 0.126000 0.062400 0.000000 0.060500 0.071900 0.090300 0.099100 0.059000 0.029600 0.029800
RoyalAntel 0.000400 0.124000 0.031200 0.270500 0.000400 0.000400 0.031800 0.030100 0.031500 0.029900 0.030600 0.031700 0.000400 0.032600 0.064200 0.061600 0.001200 0.033300 0.000500 0.063400 0.063600 0.031500 0.061800 0.064400 0.030600 0.029900 0.031000 0.031200 0.030200 0.031100 0.029100 0.032600 0.097700 0.000400 0.030900 0.061100 0.000400 0.000500 0.030300 0.063000 0.058000 0.031100 0.062700 0.064500 0.060500 0.000000 0.000500 0.029900 0.033700 0.000600 0.031700 0.032000
Steenbok 0.000400 0.091500 0.032300 0.281400 0.000400 0.000400 0.032800 0.031100 0.032600 0.000600 0.000400 0.032900 0.000400 0.033800 0.066400 0.050300 0.000900 0.034500 0.000500 0.065800 0.065900 0.000400 0.031900 0.033400 0.000400 0.030900 0.032100 0.032300 0.031300 0.032200 0.000800 0.033800 0.101200 0.000400 0.031900 0.071600 0.000400 0.000500 0.031400 0.032700 0.029800 0.032500 0.032300 0.033500 0.071900 0.000500 0.000000 0.030900 0.034900 0.000400 0.032900 0.033100
Impala 0.031000 0.165000 0.061600 0.301800 0.031000 0.031000 0.063900 0.060800 0.062200 0.061800 0.062200 0.062500 0.031000 0.065800 0.095600 0.093600 0.029800 0.065100 0.031100 0.094500 0.096200 0.064400 0.093900 0.097700 0.062200 0.060100 0.062800 0.061600 0.060600 0.061400 0.060700 0.065800 0.129300 0.031000 0.048800 0.091400 0.031000 0.030800 0.061000 0.096000 0.087900 0.062300 0.095300 0.098000 0.090300 0.029900 0.030900 0.000000 0.066900 0.029900 0.062600 0.062700
Klipspring 0.034000 0.186000 0.068700 0.335100 0.034000 0.034000 0.070800 0.066500 0.069500 0.066700 0.067300 0.069700 0.034000 0.072300 0.105900 0.102200 0.033600 0.073200 0.034200 0.104700 0.106200 0.070000 0.100800 0.103500 0.067300 0.066300 0.068200 0.068700 0.067000 0.068400 0.065600 0.072300 0.102900 0.034000 0.047300 0.100400 0.034000 0.033900 0.067300 0.101500 0.095300 0.069400 0.102700 0.104000 0.099100 0.033700 0.034900 0.066900 0.000000 0.033500 0.069700 0.070600
ForestMusk 0.000500 0.126900 0.030400 0.268800 0.000500 0.000500 0.031700 0.029900 0.030700 0.030500 0.030400 0.030900 0.000500 0.032600 0.062700 0.046700 0.000500 0.032600 0.000600 0.061700 0.063200 0.031700 0.061500 0.064100 0.030400 0.029700 0.030900 0.030400 0.030100 0.030200 0.029900 0.032600 0.095700 0.000500 0.005400 0.059700 0.000500 0.000600 0.030100 0.062900 0.057800 0.031100 0.062500 0.064300 0.059000 0.000600 0.000400 0.029900 0.033500 0.000000 0.030900 0.031100
Bushbuck 0.032100 0.144600 0.000200 0.228900 0.032100 0.032100 0.065900 0.062400 0.000200 0.063400 0.063500 0.064000 0.032100 0.067800 0.031300 0.081100 0.031500 0.067700 0.032400 0.030900 0.099200 0.066200 0.030400 0.031100 0.063500 0.061900 0.000800 0.000200 0.062700 0.000100 0.062400 0.067800 0.063800 0.032100 0.050300 0.029900 0.032100 0.032100 0.062800 0.030600 0.090200 0.065000 0.097600 0.031000 0.029600 0.031700 0.032900 0.062600 0.069700 0.030900 0.000000 0.000500
GreaterKud 0.032300 0.138200 0.000500 0.231300 0.032300 0.032300 0.066300 0.062700 0.000200 0.063800 0.063800 0.064600 0.032300 0.068400 0.031500 0.079500 0.031800 0.068200 0.032700 0.031000 0.099500 0.066800 0.030100 0.030700 0.063800 0.062200 0.001000 0.000500 0.063000 0.000400 0.062600 0.068400 0.064400 0.032300 0.048300 0.030100 0.032300 0.032400 0.063100 0.030200 0.090800 0.065200 0.098600 0.030400 0.029800 0.032000 0.033100 0.062700 0.070600 0.031100 0.000500 0.000000
