1
52 1
Argali 0.000000 0.230200 0.044100 0.167600 0.038600 0.005200 0.038500 0.061700 0.055200 0.072600 0.049700 0.078500 0.032900 0.050400 0.038100 0.055400 0.067200 0.078700 0.020900 0.044100 0.032800 0.010800 0.084000 0.102300 0.038400 0.049500 0.033100 0.049800 0.061400 0.055100 0.084400 0.038900 0.084600 0.021900 0.027600 0.072300 0.015600 0.055700 0.078900 0.121300 0.066800 0.049600 0.072600 0.083900 0.072300 0.038700 0.060900 0.037900 0.026000 0.072600 0.049900 0.055200
LesserMous 0.230200 0.000000 0.189600 0.195900 0.210900 0.222500 0.196600 0.222000 0.202000 0.216600 0.251600 0.230300 0.217600 0.226800 0.211100 0.202000 0.202900 0.230100 0.217600 0.189900 0.202800 0.216900 0.215500 0.244200 0.237000 0.208800 0.218600 0.182700 0.224000 0.201500 0.222400 0.212700 0.227100 0.204400 0.198100 0.222300 0.222900 0.231800 0.216700 0.231500 0.209700 0.209000 0.216600 0.229600 0.222300 0.209600 0.208400 0.210800 0.225800 0.195300 0.197000 0.201900
LesserKudu 0.044100 0.189600 0.000000 0.149300 0.027300 0.038300 0.027300 0.050000 0.010700 0.038200 0.072800 0.032600 0.032900 0.038800 0.027400 0.055200 0.032800 0.044000 0.032900 0.000000 0.032700 0.032800 0.049200 0.066600 0.061200 0.038200 0.033000 0.005400 0.061200 0.010700 0.049500 0.027500 0.049500 0.021800 0.027500 0.027000 0.038400 0.038500 0.067000 0.084600 0.032600 0.038200 0.038200 0.049200 0.027000 0.038600 0.049300 0.027300 0.038700 0.038200 0.005400 0.010700
KillerWhal 0.167600 0.195900 0.149300 0.000000 0.145100 0.160600 0.155800 0.156600 0.161100 0.162200 0.173700 0.188200 0.162800 0.170700 0.156600 0.161200 0.156800 0.169400 0.162700 0.149500 0.149000 0.162100 0.174400 0.195200 0.173800 0.154900 0.163200 0.149300 0.155700 0.161000 0.162100 0.157200 0.163700 0.150400 0.157000 0.180900 0.160800 0.163000 0.162500 0.180500 0.155400 0.155100 0.162200 0.168100 0.180900 0.154300 0.154600 0.156300 0.169700 0.162900 0.156300 0.161300
DefassaWat 0.038600 0.210900 0.027300 0.145100 0.000000 0.032900 0.021800 0.044500 0.038300 0.055400 0.067300 0.061200 0.027400 0.033300 0.021900 0.049700 0.050000 0.061300 0.027400 0.027400 0.027300 0.027300 0.066600 0.084500 0.055700 0.032800 0.016400 0.032900 0.044300 0.038200 0.066900 0.022100 0.067100 0.016400 0.022000 0.055200 0.032900 0.016300 0.061500 0.091000 0.049600 0.032800 0.055400 0.066600 0.055200 0.033100 0.043900 0.021900 0.033200 0.055400 0.033000 0.038300
Sheep 0.005200 0.222500 0.038300 0.160600 0.032900 0.000000 0.032800 0.055700 0.049300 0.066600 0.043900 0.072500 0.027200 0.044500 0.032300 0.049600 0.061300 0.072600 0.016200 0.038400 0.027200 0.005200 0.077900 0.096000 0.032700 0.043800 0.027400 0.044000 0.055500 0.049300 0.078300 0.033100 0.078500 0.016300 0.021900 0.066400 0.010400 0.049800 0.072800 0.114800 0.060800 0.043800 0.066600 0.077900 0.066400 0.033000 0.055000 0.032000 0.020000 0.066600 0.044100 0.049400
MaxwellsDu 0.038500 0.196600 0.027300 0.155800 0.021800 0.032800 0.000000 0.044400 0.038200 0.055300 0.067200 0.061100 0.027400 0.033300 0.021900 0.049700 0.049900 0.061200 0.027400 0.027300 0.027300 0.027300 0.066500 0.084300 0.055600 0.032700 0.027500 0.032900 0.055600 0.038200 0.066800 0.022000 0.066900 0.016400 0.022000 0.055100 0.032900 0.038600 0.061400 0.102900 0.060000 0.032700 0.055300 0.066400 0.055100 0.033100 0.043800 0.021800 0.033200 0.055300 0.032900 0.038200
GazellaPrz 0.061700 0.222000 0.050000 0.156600 0.044500 0.055700 0.044400 0.000000 0.061200 0.078900 0.079300 0.084800 0.050200 0.056500 0.033100 0.049900 0.073500 0.085100 0.050200 0.050000 0.027400 0.050000 0.090300 0.108900 0.067500 0.032900 0.050400 0.055800 0.055900 0.061100 0.090800 0.044800 0.091000 0.038900 0.044700 0.078600 0.055800 0.050100 0.050200 0.115700 0.072900 0.032900 0.078900 0.090300 0.078600 0.056100 0.032800 0.021900 0.056300 0.078900 0.055900 0.061200
MountainNy 0.055200 0.202000 0.010700 0.161100 0.038300 0.049300 0.038200 0.061200 0.000000 0.049200 0.084100 0.043500 0.043900 0.050000 0.038300 0.066300 0.043800 0.055000 0.043900 0.010700 0.043700 0.043700 0.060200 0.077800 0.072400 0.049200 0.044100 0.016100 0.072400 0.010600 0.060500 0.038600 0.060600 0.032800 0.038500 0.037800 0.049400 0.049600 0.078300 0.096000 0.043500 0.049200 0.049200 0.060200 0.037800 0.049700 0.060400 0.038300 0.049800 0.049200 0.016200 0.010700
MuntiacusM 0.072600 0.216600 0.038200 0.162200 0.055400 0.066600 0.055300 0.078900 0.049200 0.000000 0.072500 0.066500 0.055400 0.067500 0.055500 0.084000 0.044000 0.055200 0.061100 0.038300 0.060800 0.060900 0.021400 0.037900 0.072600 0.066400 0.061400 0.043900 0.090300 0.049100 0.010700 0.055800 0.060900 0.049800 0.055700 0.060500 0.066700 0.072700 0.096300 0.055000 0.005300 0.066400 0.000000 0.032300 0.060500 0.067100 0.077800 0.055400 0.067300 0.049400 0.044000 0.049200
goat 0.049700 0.251600 0.072800 0.173700 0.067300 0.043900 0.067200 0.079300 0.084100 0.072500 0.000000 0.084300 0.055700 0.079700 0.067000 0.072700 0.084800 0.096500 0.050000 0.072900 0.061100 0.049800 0.095800 0.114300 0.010700 0.066700 0.061700 0.078800 0.078900 0.084000 0.084300 0.067800 0.102500 0.050100 0.056000 0.078100 0.032800 0.084900 0.096800 0.121200 0.078400 0.055200 0.072500 0.095700 0.078100 0.067500 0.078300 0.066800 0.055100 0.090200 0.079000 0.084200
AfricanBuf 0.078500 0.230300 0.032600 0.188200 0.061200 0.072500 0.061100 0.084800 0.043500 0.066500 0.084300 0.000000 0.066900 0.061700 0.061200 0.089900 0.066800 0.078300 0.066900 0.032700 0.066600 0.066700 0.077700 0.095800 0.072500 0.072200 0.067200 0.038200 0.096300 0.043500 0.078100 0.061700 0.072400 0.055600 0.061500 0.016000 0.060900 0.072800 0.102400 0.114500 0.060700 0.060700 0.066500 0.077700 0.016000 0.073000 0.083700 0.061100 0.073200 0.072200 0.038300 0.043600
Topi 0.032900 0.217600 0.032900 0.162800 0.027400 0.027200 0.027400 0.050200 0.043900 0.055400 0.055700 0.066900 0.000000 0.039000 0.027500 0.055400 0.055700 0.067100 0.020800 0.032900 0.032900 0.021700 0.072400 0.090400 0.044300 0.038300 0.010900 0.038500 0.061500 0.043800 0.067000 0.027600 0.072900 0.010900 0.016400 0.060900 0.027300 0.044300 0.067300 0.109200 0.055300 0.038400 0.055400 0.072400 0.060900 0.027500 0.049600 0.027400 0.027600 0.061100 0.038600 0.043900
CommonDuik 0.050400 0.226800 0.038800 0.170700 0.033300 0.044500 0.033300 0.056500 0.050000 0.067500 0.079700 0.061700 0.039000 0.000000 0.033400 0.061700 0.062000 0.073600 0.039000 0.038900 0.038800 0.038900 0.078800 0.097200 0.067900 0.044300 0.039200 0.044500 0.067900 0.049900 0.079300 0.011100 0.079500 0.027800 0.033500 0.067200 0.044600 0.050400 0.073800 0.116300 0.061600 0.044400 0.067500 0.078800 0.067200 0.044900 0.055700 0.033300 0.033500 0.067500 0.033300 0.050000
Suni 0.038100 0.211100 0.027400 0.156600 0.021900 0.032300 0.021900 0.033100 0.038300 0.055500 0.067000 0.061200 0.027500 0.033400 0.000000 0.038500 0.050100 0.061400 0.027500 0.027400 0.027300 0.027400 0.066700 0.084600 0.055300 0.021700 0.027600 0.033000 0.044400 0.038300 0.067000 0.022100 0.055600 0.016400 0.022000 0.043900 0.032300 0.027400 0.050100 0.103200 0.049700 0.021800 0.055500 0.066600 0.043900 0.033200 0.032800 0.010900 0.033300 0.055400 0.033000 0.038400
Springbuck 0.055400 0.202000 0.055200 0.161200 0.049700 0.049600 0.049700 0.049900 0.066300 0.084000 0.072700 0.089900 0.055400 0.061700 0.038500 0.000000 0.078600 0.090200 0.044100 0.055300 0.032700 0.043900 0.095400 0.113900 0.061100 0.027100 0.055700 0.061000 0.027300 0.066200 0.095900 0.050100 0.084200 0.044200 0.050000 0.072100 0.049600 0.066900 0.042900 0.120700 0.078100 0.027100 0.084000 0.095300 0.072100 0.061400 0.038100 0.038400 0.050100 0.084000 0.061100 0.066400
Okapi 0.067200 0.202900 0.032800 0.156800 0.050000 0.061300 0.049900 0.073500 0.043800 0.044000 0.084800 0.066800 0.055700 0.062000 0.050100 0.078600 0.000000 0.021500 0.055700 0.032900 0.055500 0.055500 0.053200 0.072700 0.084900 0.061000 0.056000 0.038500 0.084900 0.043800 0.055400 0.050400 0.061000 0.044400 0.038800 0.060800 0.061300 0.067300 0.090900 0.077400 0.035800 0.061100 0.044000 0.055100 0.060800 0.050200 0.060900 0.050000 0.061800 0.049500 0.038600 0.043900
Giraffe 0.078700 0.230100 0.044000 0.169400 0.061300 0.072600 0.061200 0.085100 0.055000 0.055200 0.096500 0.078300 0.067100 0.073600 0.061400 0.090200 0.021500 0.000000 0.067100 0.044000 0.066800 0.066900 0.064800 0.084300 0.096500 0.072400 0.067400 0.049700 0.096500 0.054900 0.066800 0.061800 0.072300 0.055700 0.061600 0.072200 0.072700 0.078800 0.102700 0.101500 0.047400 0.072400 0.055200 0.066400 0.072200 0.073200 0.083900 0.061300 0.073300 0.060800 0.049800 0.055000
TibetanAnt 0.020900 0.217600 0.032900 0.162700 0.027400 0.016200 0.027400 0.050200 0.043900 0.061100 0.050000 0.066900 0.020800 0.039000 0.027500 0.044100 0.055700 0.067100 0.000000 0.032900 0.032800 0.010800 0.072300 0.090400 0.038600 0.038300 0.022000 0.038500 0.050000 0.043800 0.072700 0.027600 0.072900 0.010900 0.016400 0.060900 0.016300 0.044300 0.067300 0.109100 0.055300 0.038400 0.061100 0.072300 0.060900 0.027500 0.049500 0.027400 0.016500 0.061100 0.038600 0.043900
Sitatunga 0.044100 0.189900 0.000000 0.149500 0.027400 0.038400 0.027300 0.050000 0.010700 0.038300 0.072900 0.032700 0.032900 0.038900 0.027400 0.055300 0.032900 0.044000 0.032900 0.000000 0.032800 0.032800 0.049300 0.066700 0.061200 0.038200 0.033100 0.005400 0.061300 0.010700 0.049500 0.027600 0.049600 0.021900 0.027500 0.027000 0.038400 0.038600 0.067100 0.084700 0.032600 0.038300 0.038300 0.049300 0.027000 0.038600 0.049400 0.027300 0.038700 0.038300 0.005400 0.010700
Oribi 0.032800 0.202800 0.032700 0.149000 0.027300 0.027200 0.027300 0.027400 0.043700 0.060800 0.061100 0.066600 0.032900 0.038800 0.027300 0.032700 0.055500 0.066800 0.032800 0.032800 0.000000 0.021700 0.072000 0.090000 0.049700 0.016100 0.033000 0.038400 0.038400 0.043600 0.072400 0.027500 0.072600 0.021800 0.027400 0.060600 0.038400 0.044100 0.044100 0.096500 0.055100 0.016200 0.060800 0.072000 0.060600 0.038600 0.027100 0.016300 0.038700 0.060800 0.038500 0.043700
BarbaryShe 0.010800 0.216900 0.032800 0.162100 0.027300 0.005200 0.027300 0.050000 0.043700 0.060900 0.049800 0.066700 0.021700 0.038900 0.027400 0.043900 0.055500 0.066900 0.010800 0.032800 0.021700 0.000000 0.072100 0.090100 0.038500 0.038200 0.021900 0.038400 0.049800 0.043700 0.072500 0.027600 0.072700 0.010900 0.016400 0.060700 0.015500 0.044100 0.067100 0.108700 0.055100 0.038300 0.060900 0.072100 0.060700 0.027400 0.049400 0.027300 0.016400 0.060900 0.038500 0.043800
Daviddeer 0.084000 0.215500 0.049200 0.174400 0.066600 0.077900 0.066500 0.090300 0.060200 0.021400 0.095800 0.077700 0.072400 0.078800 0.066700 0.095400 0.053200 0.064800 0.072300 0.049300 0.072000 0.072100 0.000000 0.048900 0.095800 0.077600 0.072700 0.054900 0.101800 0.060200 0.032300 0.067100 0.072100 0.061000 0.066900 0.071600 0.078000 0.084000 0.107900 0.066200 0.016000 0.077700 0.021400 0.043100 0.071600 0.078400 0.089100 0.066600 0.078600 0.049100 0.055000 0.060300
Reindeer 0.102300 0.244200 0.066600 0.195200 0.084500 0.096000 0.084300 0.108900 0.077800 0.037900 0.114300 0.095800 0.090400 0.097200 0.084600 0.113900 0.072700 0.084300 0.090400 0.066700 0.090000 0.090100 0.048900 0.000000 0.114400 0.095600 0.090800 0.072500 0.120500 0.077700 0.037900 0.085200 0.090100 0.078800 0.084900 0.089400 0.096100 0.102400 0.126800 0.072300 0.032400 0.095700 0.037900 0.026800 0.089400 0.096700 0.107400 0.084400 0.096900 0.078100 0.072700 0.077800
Ibex 0.038400 0.237000 0.061200 0.173800 0.055700 0.032700 0.055600 0.067500 0.072400 0.072600 0.010700 0.072500 0.044300 0.067900 0.055300 0.061100 0.084900 0.096500 0.038600 0.061200 0.049700 0.038500 0.095800 0.114400 0.000000 0.055200 0.050100 0.067000 0.067200 0.072300 0.084300 0.056100 0.102500 0.038700 0.044500 0.066400 0.021700 0.073100 0.084800 0.121300 0.078400 0.043900 0.072600 0.095800 0.066400 0.055900 0.066600 0.055000 0.043400 0.090200 0.067200 0.072400
GyrantGaze 0.049500 0.208800 0.038200 0.154900 0.032800 0.043800 0.032700 0.032900 0.049200 0.066400 0.066700 0.072200 0.038300 0.044300 0.021700 0.027100 0.061000 0.072400 0.038300 0.038200 0.016100 0.038200 0.077600 0.095600 0.055200 0.000000 0.038500 0.043800 0.032700 0.049100 0.072200 0.033000 0.066600 0.027300 0.032900 0.054800 0.043800 0.049600 0.038300 0.102100 0.060600 0.010700 0.066400 0.077600 0.054800 0.044100 0.021500 0.021700 0.044200 0.066400 0.043900 0.049200
Hartebeest 0.033100 0.218600 0.033000 0.163200 0.016400 0.027400 0.027500 0.050400 0.044100 0.061400 0.061700 0.067200 0.010900 0.039200 0.027600 0.055700 0.056000 0.067400 0.022000 0.033100 0.033000 0.021900 0.072700 0.090800 0.050100 0.038500 0.000000 0.038700 0.061700 0.044000 0.073100 0.027800 0.073200 0.011000 0.016500 0.061100 0.027500 0.033100 0.067600 0.109600 0.055600 0.038500 0.061400 0.072700 0.061100 0.027600 0.049800 0.027500 0.027700 0.061400 0.038800 0.044100
Bongo 0.049800 0.182700 0.005400 0.149300 0.032900 0.044000 0.032900 0.055800 0.016100 0.043900 0.078800 0.038200 0.038500 0.044500 0.033000 0.061000 0.038500 0.049700 0.038500 0.005400 0.038400 0.038400 0.054900 0.072500 0.067000 0.043800 0.038700 0.000000 0.067000 0.016100 0.055200 0.033200 0.055300 0.027400 0.033100 0.032500 0.044000 0.044200 0.072900 0.090600 0.038200 0.043900 0.043900 0.054900 0.032500 0.044300 0.055000 0.032900 0.044400 0.043900 0.010800 0.016100
Gerenuk 0.061400 0.224000 0.061200 0.155700 0.044300 0.055500 0.055600 0.055900 0.072400 0.090300 0.078900 0.096300 0.061500 0.067900 0.044400 0.027300 0.084900 0.096500 0.050000 0.061300 0.038400 0.049800 0.101800 0.120500 0.067200 0.032700 0.061700 0.067000 0.000000 0.072300 0.102300 0.056100 0.090600 0.050100 0.056000 0.078200 0.055600 0.061500 0.061400 0.115100 0.084300 0.032800 0.090300 0.101700 0.078200 0.067500 0.043900 0.044300 0.056100 0.090200 0.067200 0.072500
CommonElan 0.055100 0.201500 0.010700 0.161000 0.038200 0.049300 0.038200 0.061100 0.010600 0.049100 0.084000 0.043500 0.043800 0.049900 0.038300 0.066200 0.043800 0.054900 0.043800 0.010700 0.043600 0.043700 0.060200 0.077700 0.072300 0.049100 0.044000 0.016100 0.072300 0.000000 0.060500 0.038500 0.060500 0.032800 0.038400 0.037800 0.049400 0.049500 0.078200 0.095800 0.043500 0.049100 0.049100 0.060100 0.037800 0.049600 0.060300 0.038200 0.049700 0.049100 0.016100 0.000000
MuntiacusR 0.084400 0.222400 0.049500 0.162100 0.066900 0.078300 0.066800 0.090800 0.060500 0.010700 0.084300 0.078100 0.067000 0.079300 0.067000 0.095900 0.055400 0.066800 0.072700 0.049500 0.072400 0.072500 0.032300 0.037900 0.084300 0.072200 0.073100 0.055200 0.102300 0.060500 0.000000 0.067500 0.078100 0.061300 0.067300 0.072000 0.078400 0.084500 0.108400 0.066500 0.016100 0.078100 0.010700 0.043300 0.072000 0.078900 0.089600 0.066900 0.079000 0.060800 0.055300 0.060600
HarveysDui 0.038900 0.212700 0.027500 0.157200 0.022100 0.033100 0.022000 0.044800 0.038600 0.055800 0.067800 0.061700 0.027600 0.011100 0.022100 0.050100 0.050400 0.061800 0.027600 0.027600 0.027500 0.027600 0.067100 0.085200 0.056100 0.033000 0.027800 0.033200 0.056100 0.038500 0.067500 0.000000 0.067600 0.016500 0.022200 0.055600 0.033200 0.039000 0.062000 0.103900 0.050000 0.033000 0.055800 0.067100 0.055600 0.033400 0.044300 0.022000 0.022200 0.055800 0.022000 0.038600
Pronghorn 0.084600 0.227100 0.049500 0.163700 0.067100 0.078500 0.066900 0.091000 0.060600 0.060900 0.102500 0.072400 0.072900 0.079500 0.055600 0.084200 0.061000 0.072300 0.072900 0.049600 0.072600 0.072700 0.072100 0.090100 0.102500 0.066600 0.073200 0.055300 0.090600 0.060500 0.078100 0.067600 0.000000 0.061500 0.067400 0.066400 0.078600 0.084700 0.096600 0.108800 0.055100 0.066700 0.060900 0.072200 0.066400 0.077400 0.078100 0.067100 0.079200 0.066500 0.055400 0.060700
BlueWildeb 0.021900 0.204400 0.021800 0.150400 0.016400 0.016300 0.016400 0.038900 0.032800 0.049800 0.050100 0.055600 0.010900 0.027800 0.016400 0.044200 0.044400 0.055700 0.010900 0.021900 0.021800 0.010900 0.061000 0.078800 0.038700 0.027300 0.011000 0.027400 0.050100 0.032800 0.061300 0.016500 0.061500 0.000000 0.005500 0.049600 0.016400 0.033100 0.055900 0.097300 0.044100 0.027300 0.049800 0.061000 0.049600 0.016500 0.038400 0.016400 0.016500 0.049800 0.027500 0.032800
Gemsbok 0.027600 0.198100 0.027500 0.157000 0.022000 0.021900 0.022000 0.044700 0.038500 0.055700 0.056000 0.061500 0.016400 0.033500 0.022000 0.050000 0.038800 0.061600 0.016400 0.027500 0.027400 0.016400 0.066900 0.084900 0.044500 0.032900 0.016500 0.033100 0.056000 0.038400 0.067300 0.022200 0.067400 0.005500 0.000000 0.055400 0.021900 0.038900 0.061800 0.091500 0.049900 0.033000 0.055700 0.066900 0.055400 0.011000 0.032900 0.022000 0.022100 0.055700 0.033200 0.038500
Yak 0.072300 0.222300 0.027000 0.180900 0.055200 0.066400 0.055100 0.078600 0.037800 0.060500 0.078100 0.016000 0.060900 0.067200 0.043900 0.072100 0.060800 0.072200 0.060900 0.027000 0.060600 0.060700 0.071600 0.089400 0.066400 0.054800 0.061100 0.032500 0.078200 0.037800 0.072000 0.055600 0.066400 0.049600 0.055400 0.000000 0.055000 0.066700 0.084100 0.107900 0.054700 0.043500 0.060500 0.071600 0.000000 0.066800 0.066100 0.055100 0.067000 0.066200 0.032600 0.037800
BlueSheep 0.015600 0.222900 0.038400 0.160800 0.032900 0.010400 0.032900 0.055800 0.049400 0.066700 0.032800 0.060900 0.027300 0.044600 0.032300 0.049600 0.061300 0.072700 0.016300 0.038400 0.038400 0.015500 0.078000 0.096100 0.021700 0.043800 0.027500 0.044000 0.055600 0.049400 0.078400 0.033200 0.078600 0.016400 0.021900 0.055000 0.000000 0.049900 0.073000 0.115000 0.060900 0.032700 0.066700 0.078000 0.055000 0.033000 0.055100 0.032100 0.020000 0.066700 0.044200 0.049400
BohorReedb 0.055700 0.231800 0.038500 0.163000 0.016300 0.049800 0.038600 0.050100 0.049600 0.072700 0.084900 0.072800 0.044300 0.050400 0.027400 0.066900 0.067300 0.078800 0.044300 0.038600 0.044100 0.044100 0.084000 0.102400 0.073100 0.049600 0.033100 0.044200 0.061500 0.049500 0.084500 0.039000 0.084700 0.033100 0.038900 0.066700 0.049900 0.000000 0.079000 0.109100 0.066800 0.049600 0.072700 0.084000 0.066700 0.050100 0.060900 0.027400 0.050300 0.072700 0.044300 0.049600
KirksDik 0.078900 0.216700 0.067000 0.162500 0.061500 0.072800 0.061400 0.050200 0.078300 0.096300 0.096800 0.102400 0.067300 0.073800 0.050100 0.042900 0.090900 0.102700 0.067300 0.067100 0.044100 0.067100 0.107900 0.126800 0.084800 0.038300 0.067600 0.072900 0.061400 0.078200 0.108400 0.062000 0.096600 0.055900 0.061800 0.084100 0.073000 0.079000 0.000000 0.121400 0.090300 0.038400 0.096300 0.107800 0.084100 0.073400 0.038300 0.050000 0.073600 0.096300 0.073100 0.078300
RoeDeer 0.121300 0.231500 0.084600 0.180500 0.091000 0.114800 0.102900 0.115700 0.096000 0.055000 0.121200 0.114500 0.109200 0.116300 0.103200 0.120700 0.077400 0.101500 0.109100 0.084700 0.096500 0.108700 0.066200 0.072300 0.121300 0.102100 0.109600 0.090600 0.115100 0.095800 0.066500 0.103900 0.108800 0.097300 0.091500 0.107900 0.115000 0.109100 0.121400 0.000000 0.049300 0.102200 0.055000 0.066200 0.107900 0.103400 0.102000 0.103000 0.115900 0.096400 0.090800 0.096000
WhiteLippe 0.066800 0.209700 0.032600 0.155400 0.049600 0.060800 0.060000 0.072900 0.043500 0.005300 0.078400 0.060700 0.055300 0.061600 0.049700 0.078100 0.035800 0.047400 0.055300 0.032600 0.055100 0.055100 0.016000 0.032400 0.078400 0.060600 0.055600 0.038200 0.084300 0.043500 0.016100 0.050000 0.055100 0.044100 0.049900 0.054700 0.060900 0.066800 0.090300 0.049300 0.000000 0.060600 0.005300 0.026800 0.054700 0.061200 0.072000 0.052800 0.061400 0.043700 0.038300 0.043500
ThomsonGaz 0.049600 0.209000 0.038200 0.155100 0.032800 0.043800 0.032700 0.032900 0.049200 0.066400 0.055200 0.060700 0.038400 0.044400 0.021800 0.027100 0.061100 0.072400 0.038400 0.038300 0.016200 0.038300 0.077700 0.095700 0.043900 0.010700 0.038500 0.043900 0.032800 0.049100 0.078100 0.033000 0.066700 0.027300 0.033000 0.043500 0.032700 0.049600 0.038400 0.102200 0.060600 0.000000 0.066400 0.077600 0.043500 0.044100 0.021500 0.021700 0.044300 0.066400 0.044000 0.049200
MuntiacusC 0.072600 0.216600 0.038200 0.162200 0.055400 0.066600 0.055300 0.078900 0.049200 0.000000 0.072500 0.066500 0.055400 0.067500 0.055500 0.084000 0.044000 0.055200 0.061100 0.038300 0.060800 0.060900 0.021400 0.037900 0.072600 0.066400 0.061400 0.043900 0.090300 0.049100 0.010700 0.055800 0.060900 0.049800 0.055700 0.060500 0.066700 0.072700 0.096300 0.055000 0.005300 0.066400 0.000000 0.032300 0.060500 0.067100 0.077800 0.055400 0.067300 0.049400 0.044000 0.049200
WhiteTaile 0.083900 0.229600 0.049200 0.168100 0.066600 0.077900 0.066400 0.090300 0.060200 0.032300 0.095700 0.077700 0.072400 0.078800 0.066600 0.095300 0.055100 0.066400 0.072300 0.049300 0.072000 0.072100 0.043100 0.026800 0.095800 0.077600 0.072700 0.054900 0.101700 0.060100 0.043300 0.067100 0.072200 0.061000 0.066900 0.071600 0.078000 0.084000 0.107800 0.066200 0.026800 0.077600 0.032300 0.000000 0.071600 0.078400 0.089100 0.066500 0.078600 0.060500 0.055100 0.060300
Cattle 0.072300 0.222300 0.027000 0.180900 0.055200 0.066400 0.055100 0.078600 0.037800 0.060500 0.078100 0.016000 0.060900 0.067200 0.043900 0.072100 0.060800 0.072200 0.060900 0.027000 0.060600 0.060700 0.071600 0.089400 0.066400 0.054800 0.061100 0.032500 0.078200 0.037800 0.072000 0.055600 0.066400 0.049600 0.055400 0.000000 0.055000 0.066700 0.084100 0.107900 0.054700 0.043500 0.060500 0.071600 0.000000 0.066800 0.066100 0.055100 0.067000 0.066200 0.032600 0.037800
RoyalAntel 0.038700 0.209600 0.038600 0.154300 0.033100 0.033000 0.033100 0.056100 0.049700 0.067100 0.067500 0.073000 0.027500 0.044900 0.033200 0.061400 0.050200 0.073200 0.027500 0.038600 0.038600 0.027400 0.078400 0.096700 0.055900 0.044100 0.027600 0.044300 0.067500 0.049600 0.078900 0.033400 0.077400 0.016500 0.011000 0.066800 0.033000 0.050100 0.073400 0.103400 0.061200 0.044100 0.067100 0.078400 0.066800 0.000000 0.044100 0.033100 0.033300 0.067100 0.044400 0.049700
Steenbok 0.060900 0.208400 0.049300 0.154600 0.043900 0.055000 0.043800 0.032800 0.060400 0.077800 0.078300 0.083700 0.049600 0.055700 0.032800 0.038100 0.060900 0.083900 0.049500 0.049400 0.027100 0.049400 0.089100 0.107400 0.066600 0.021500 0.049800 0.055000 0.043900 0.060300 0.089600 0.044300 0.078100 0.038400 0.032900 0.066100 0.055100 0.060900 0.038300 0.102000 0.072000 0.021500 0.077800 0.089100 0.066100 0.044100 0.000000 0.032700 0.055600 0.077800 0.055200 0.060400
Impala 0.037900 0.210800 0.027300 0.156300 0.021900 0.032000 0.021800 0.021900 0.038300 0.055400 0.066800 0.061100 0.027400 0.033300 0.010900 0.038400 0.050000 0.061300 0.027400 0.027300 0.016300 0.027300 0.066600 0.084400 0.055000 0.021700 0.027500 0.032900 0.044300 0.038200 0.066900 0.022000 0.067100 0.016400 0.022000 0.055100 0.032100 0.027400 0.050000 0.103000 0.052800 0.021700 0.055400 0.066500 0.055100 0.033100 0.032700 0.000000 0.033200 0.055400 0.033000 0.038300
Klipspring 0.026000 0.225800 0.038700 0.169700 0.033200 0.020000 0.033200 0.056300 0.049800 0.067300 0.055100 0.073200 0.027600 0.033500 0.033300 0.050100 0.061800 0.073300 0.016500 0.038700 0.038700 0.016400 0.078600 0.096900 0.043400 0.044200 0.027700 0.044400 0.056100 0.049700 0.079000 0.022200 0.079200 0.016500 0.022100 0.067000 0.020000 0.050300 0.073600 0.115900 0.061400 0.044300 0.067300 0.078600 0.067000 0.033300 0.055600 0.033200 0.000000 0.067300 0.033200 0.049800
ForestMusk 0.072600 0.195300 0.038200 0.162900 0.055400 0.066600 0.055300 0.078900 0.049200 0.049400 0.090200 0.072200 0.061100 0.067500 0.055400 0.084000 0.049500 0.060800 0.061100 0.038300 0.060800 0.060900 0.049100 0.078100 0.090200 0.066400 0.061400 0.043900 0.090200 0.049100 0.060800 0.055800 0.066500 0.049800 0.055700 0.066200 0.066700 0.072700 0.096300 0.096400 0.043700 0.066400 0.049400 0.060500 0.066200 0.067100 0.077800 0.055400 0.067300 0.000000 0.044000 0.049200
Bushbuck 0.049900 0.197000 0.005400 0.156300 0.033000 0.044100 0.032900 0.055900 0.016200 0.044000 0.079000 0.038300 0.038600 0.033300 0.033000 0.061100 0.038600 0.049800 0.038600 0.005400 0.038500 0.038500 0.055000 0.072700 0.067200 0.043900 0.038800 0.010800 0.067200 0.016100 0.055300 0.022000 0.055400 0.027500 0.033200 0.032600 0.044200 0.044300 0.073100 0.090800 0.038300 0.044000 0.044000 0.055100 0.032600 0.044400 0.055200 0.033000 0.033200 0.044000 0.000000 0.016200
GreaterKud 0.055200 0.201900 0.010700 0.161300 0.038300 0.049400 0.038200 0.061200 0.010700 0.049200 0.084200 0.043600 0.043900 0.050000 0.038400 0.066400 0.043900 0.055000 0.043900 0.010700 0.043700 0.043800 0.060300 0.077800 0.072400 0.049200 0.044100 0.016100 0.072500 0.000000 0.060600 0.038600 0.060700 0.032800 0.038500 0.037800 0.049400 0.049600 0.078300 0.096000 0.043500 0.049200 0.049200 0.060300 0.037800 0.049700 0.060400 0.038300 0.049800 0.049200 0.016200 0.000000
