CODONML (in paml version 4.10.7, June 2023)  /home/rachel/ruminants_paml/6406-phy-tree/ENSBTAT00000027191.fasta.phy
Model: free dN/dS Ratios for branches,  kappa = 2.000 fixed

Codon frequency model: F3x4
ns =  54  ls = 140

Codon usage in sequences
--------------------------------------------------------------------------------------------------------------------------------------
Phe TTT   2   3   3   3   3   3 | Ser TCT   1   1   1   1   2   1 | Tyr TAT   3   2   2   3   3   2 | Cys TGT   1   2   1   1   2   3
    TTC   3   2   2   2   2   2 |     TCC   1   2   1   1   1   2 |     TAC   5   5   6   5   5   6 |     TGC   2   1   2   2   1   1
Leu TTA   1   0   1   1   1   1 |     TCA   0   0   0   1   0   0 | *** TAA   0   0   0   0   0   0 | *** TGA   0   0   0   0   0   0
    TTG   4   3   4   4   3   3 |     TCG   1   0   1   0   0   0 |     TAG   0   0   0   0   0   0 | Trp TGG   7   7   7   7   7   7
--------------------------------------------------------------------------------------------------------------------------------------
Leu CTT   0   0   0   0   0   1 | Pro CCT   5   3   5   5   4   5 | His CAT   5   3   4   5   4   4 | Arg CGT   0   0   0   0   1   0
    CTC   0   0   0   0   0   0 |     CCC   6   7   6   6   6   6 |     CAC   0   2   1   0   1   1 |     CGC   0   2   0   0   0   0
    CTA   0   0   0   0   0   0 |     CCA   1   1   2   2   4   3 | Gln CAA   1   0   1   1   0   0 |     CGA   2   2   2   2   4   2
    CTG   5   7   5   5   5   5 |     CCG   3   4   2   2   1   1 |     CAG   6   8   6   6   6   7 |     CGG   6   5   6   6   3   4
--------------------------------------------------------------------------------------------------------------------------------------
Ile ATT   0   1   0   0   0   0 | Thr ACT   1   0   1   1   1   1 | Asn AAT   1   1   1   1   1   0 | Ser AGT   0   1   0   0   1   0
    ATC   2   1   2   2   1   1 |     ACC   4   6   4   4   3   4 |     AAC   0   0   0   0   0   1 |     AGC   1   1   1   1   1   1
    ATA   0   0   0   0   0   0 |     ACA   0   0   0   0   0   0 | Lys AAA   3   1   3   2   2   1 | Arg AGA   4   3   4   3   5   4
Met ATG   2   2   2   2   4   3 |     ACG   0   0   0   0   0   0 |     AAG   7   7   6   6   7   8 |     AGG   3   4   3   4   3   4
--------------------------------------------------------------------------------------------------------------------------------------
Val GTT   2   2   1   2   2   3 | Ala GCT   3   3   4   3   2   3 | Asp GAT   3   2   3   4   5   5 | Gly GGT   4   3   4   4   2   4
    GTC   0   0   0   0   0   0 |     GCC   3   3   3   3   5   3 |     GAC   3   3   3   2   2   1 |     GGC   1   1   1   1   2   0
    GTA   0   0   0   0   0   0 |     GCA   1   1   1   0   1   1 | Glu GAA   5   5   5   6   8   7 |     GGA   0   0   0   0   0   0
    GTG   2   2   2   2   1   1 |     GCG   0   0   0   1   0   0 |     GAG  13  14  14  14  11  13 |     GGG   1   1   1   1   1   1
--------------------------------------------------------------------------------------------------------------------------------------

--------------------------------------------------------------------------------------------------------------------------------------
Phe TTT   3   2   3   3   3   3 | Ser TCT   1   1   1   1   1   1 | Tyr TAT   3   3   3   4   2   2 | Cys TGT   1   1   1   1   1   1
    TTC   2   3   2   2   2   2 |     TCC   1   1   1   1   1   1 |     TAC   5   5   5   4   6   6 |     TGC   2   2   2   2   2   2
Leu TTA   1   1   1   1   1   1 |     TCA   1   0   0   0   0   1 | *** TAA   0   0   0   0   0   0 | *** TGA   0   0   0   0   0   0
    TTG   4   4   4   4   4   4 |     TCG   0   1   1   1   1   0 |     TAG   0   0   0   0   0   0 | Trp TGG   7   7   7   7   7   7
--------------------------------------------------------------------------------------------------------------------------------------
Leu CTT   0   0   0   0   0   0 | Pro CCT   5   5   5   6   5   5 | His CAT   5   5   5   4   4   5 | Arg CGT   0   0   0   0   0   0
    CTC   0   0   0   0   0   0 |     CCC   6   6   7   5   6   6 |     CAC   0   0   0   1   1   0 |     CGC   0   0   0   0   0   0
    CTA   0   0   0   0   0   0 |     CCA   2   1   2   2   2   1 | Gln CAA   1   1   2   2   1   1 |     CGA   2   2   2   1   2   2
    CTG   5   5   5   5   5   5 |     CCG   2   3   1   2   2   3 |     CAG   5   6   5   6   6   6 |     CGG   7   6   6   6   6   6
--------------------------------------------------------------------------------------------------------------------------------------
Ile ATT   0   0   0   1   0   0 | Thr ACT   1   1   1   1   1   1 | Asn AAT   1   1   1   1   1   1 | Ser AGT   0   0   0   0   0   0
    ATC   2   2   2   1   2   2 |     ACC   4   4   3   4   4   4 |     AAC   0   0   0   0   0   0 |     AGC   1   1   1   1   1   1
    ATA   0   0   0   0   0   0 |     ACA   0   0   0   0   0   0 | Lys AAA   2   3   3   1   2   2 | Arg AGA   4   4   4   5   4   4
Met ATG   2   2   1   2   2   2 |     ACG   0   0   2   0   0   0 |     AAG   7   7   6   7   7   7 |     AGG   3   3   3   3   3   3
--------------------------------------------------------------------------------------------------------------------------------------
Val GTT   2   2   2   2   1   2 | Ala GCT   3   3   2   3   4   3 | Asp GAT   3   3   3   3   3   3 | Gly GGT   5   4   4   4   4   4
    GTC   0   0   0   0   0   0 |     GCC   3   3   4   3   3   3 |     GAC   3   3   3   3   3   3 |     GGC   0   1   1   1   1   1
    GTA   0   0   0   0   0   0 |     GCA   1   1   1   1   1   1 | Glu GAA   6   5   8   6   6   7 |     GGA   0   0   0   0   0   0
    GTG   2   2   2   2   2   2 |     GCG   0   0   0   0   0   0 |     GAG  13  13  11  13  13  12 |     GGG   1   1   1   1   1   1
--------------------------------------------------------------------------------------------------------------------------------------

--------------------------------------------------------------------------------------------------------------------------------------
Phe TTT   3   3   3   3   3   3 | Ser TCT   1   1   1   1   1   1 | Tyr TAT   3   2   4   3   4   4 | Cys TGT   1   1   1   1   1   1
    TTC   2   2   2   2   2   2 |     TCC   1   1   1   1   1   1 |     TAC   5   6   4   5   4   4 |     TGC   2   2   2   2   2   2
Leu TTA   1   1   1   1   1   1 |     TCA   0   0   0   0   0   1 | *** TAA   0   0   0   0   0   0 | *** TGA   0   0   0   0   0   0
    TTG   4   4   4   4   4   4 |     TCG   1   1   1   1   1   0 |     TAG   0   0   0   0   0   0 | Trp TGG   7   7   7   7   7   7
--------------------------------------------------------------------------------------------------------------------------------------
Leu CTT   0   0   0   0   0   0 | Pro CCT   5   4   5   5   5   6 | His CAT   5   5   5   5   5   5 | Arg CGT   0   0   0   0   0   0
    CTC   1   0   0   0   0   0 |     CCC   6   7   6   7   6   5 |     CAC   0   0   0   0   0   0 |     CGC   0   0   0   0   0   0
    CTA   0   0   0   0   0   0 |     CCA   2   3   2   1   2   2 | Gln CAA   1   1   1   2   1   1 |     CGA   2   2   2   2   3   2
    CTG   4   5   5   5   5   5 |     CCG   2   1   2   2   2   2 |     CAG   6   6   6   5   7   6 |     CGG   6   6   6   6   4   6
--------------------------------------------------------------------------------------------------------------------------------------
Ile ATT   0   0   0   0   1   0 | Thr ACT   1   1   1   1   1   1 | Asn AAT   1   1   1   1   1   1 | Ser AGT   0   0   0   0   0   0
    ATC   2   1   2   2   1   2 |     ACC   4   4   4   3   4   4 |     AAC   0   0   0   0   0   0 |     AGC   1   1   1   1   1   1
    ATA   0   0   0   0   0   0 |     ACA   0   0   0   0   0   0 | Lys AAA   2   2   2   2   2   2 | Arg AGA   4   4   4   4   4   4
Met ATG   2   2   2   1   2   2 |     ACG   0   0   0   1   0   0 |     AAG   7   7   7   7   7   7 |     AGG   3   3   3   3   3   3
--------------------------------------------------------------------------------------------------------------------------------------
Val GTT   2   2   2   2   2   2 | Ala GCT   3   2   3   2   3   3 | Asp GAT   3   4   3   4   3   3 | Gly GGT   4   4   4   4   4   4
    GTC   0   1   0   0   0   0 |     GCC   3   4   3   4   3   3 |     GAC   3   2   3   2   3   3 |     GGC   1   1   1   1   1   1
    GTA   0   0   0   0   0   0 |     GCA   1   1   1   1   1   1 | Glu GAA   6   6   7   6   6   8 |     GGA   0   0   0   0   0   0
    GTG   2   2   2   3   2   2 |     GCG   0   0   0   0   0   0 |     GAG  13  13  12  13  13  11 |     GGG   1   1   1   1   1   1
--------------------------------------------------------------------------------------------------------------------------------------

--------------------------------------------------------------------------------------------------------------------------------------
Phe TTT   3   3   3   3   3   3 | Ser TCT   1   1   1   1   1   1 | Tyr TAT   2   2   3   2   3   3 | Cys TGT   1   1   1   1   1   1
    TTC   2   2   2   2   2   2 |     TCC   1   1   0   1   1   1 |     TAC   6   6   5   6   5   5 |     TGC   3   3   3   2   2   2
Leu TTA   1   1   1   1   1   1 |     TCA   0   0   1   0   0   0 | *** TAA   0   0   0   0   0   0 | *** TGA   0   0   0   0   0   0
    TTG   4   4   4   4   4   4 |     TCG   1   1   1   1   1   1 |     TAG   0   0   0   0   0   0 | Trp TGG   6   6   7   7   7   7
--------------------------------------------------------------------------------------------------------------------------------------
Leu CTT   0   0   0   0   0   0 | Pro CCT   5   6   6   5   5   5 | His CAT   5   4   5   4   5   4 | Arg CGT   0   0   0   0   0   1
    CTC   0   0   0   0   0   0 |     CCC   7   5   5   6   6   6 |     CAC   0   1   0   1   0   0 |     CGC   0   0   0   0   0   0
    CTA   0   0   0   0   0   0 |     CCA   2   1   2   2   2   1 | Gln CAA   0   1   1   1   1   1 |     CGA   2   2   2   2   2   2
    CTG   5   5   5   5   5   5 |     CCG   1   3   1   2   2   3 |     CAG   6   5   6   6   6   6 |     CGG   6   6   6   6   6   6
--------------------------------------------------------------------------------------------------------------------------------------
Ile ATT   0   0   0   0   0   0 | Thr ACT   1   1   1   1   1   1 | Asn AAT   1   1   1   1   1   1 | Ser AGT   0   0   0   0   0   0
    ATC   2   2   2   2   2   2 |     ACC   4   4   4   4   4   4 |     AAC   0   0   0   0   0   0 |     AGC   1   1   1   1   1   1
    ATA   0   0   0   0   0   0 |     ACA   0   0   0   0   0   0 | Lys AAA   1   2   2   2   1   2 | Arg AGA   4   4   4   4   4   4
Met ATG   2   2   2   2   2   2 |     ACG   0   0   0   0   0   0 |     AAG   8   7   7   7   8   7 |     AGG   3   3   3   3   3   3
--------------------------------------------------------------------------------------------------------------------------------------
Val GTT   2   2   1   1   2   2 | Ala GCT   3   3   4   4   3   2 | Asp GAT   3   3   3   3   3   3 | Gly GGT   4   4   4   4   4   4
    GTC   0   0   0   0   0   0 |     GCC   3   3   3   3   3   4 |     GAC   3   3   3   3   3   3 |     GGC   1   1   1   1   1   1
    GTA   0   0   0   0   0   0 |     GCA   1   1   1   1   1   1 | Glu GAA   5   5   6   6   7   6 |     GGA   0   0   0   0   0   0
    GTG   2   2   2   2   2   2 |     GCG   0   0   0   0   0   0 |     GAG  15  15  13  13  12  13 |     GGG   1   1   1   1   1   1
--------------------------------------------------------------------------------------------------------------------------------------

--------------------------------------------------------------------------------------------------------------------------------------
Phe TTT   3   3   3   3   3   3 | Ser TCT   1   1   1   1   1   1 | Tyr TAT   3   2   3   3   3   2 | Cys TGT   1   1   1   1   1   1
    TTC   2   2   2   2   2   2 |     TCC   1   1   1   1   1   1 |     TAC   5   6   5   5   5   6 |     TGC   2   2   2   2   2   2
Leu TTA   1   1   1   1   1   1 |     TCA   0   0   0   1   0   0 | *** TAA   0   0   0   0   0   0 | *** TGA   0   0   0   0   0   0
    TTG   4   4   4   4   4   4 |     TCG   1   1   1   0   1   1 |     TAG   0   0   0   0   0   0 | Trp TGG   7   7   7   7   7   7
--------------------------------------------------------------------------------------------------------------------------------------
Leu CTT   0   0   0   0   0   0 | Pro CCT   5   5   5   6   5   5 | His CAT   5   5   5   5   5   4 | Arg CGT   0   0   0   0   0   0
    CTC   0   1   1   0   0   0 |     CCC   6   6   6   5   6   6 |     CAC   0   0   0   0   0   1 |     CGC   0   0   0   0   0   0
    CTA   0   0   0   0   0   0 |     CCA   1   1   1   2   2   2 | Gln CAA   1   1   1   1   1   2 |     CGA   2   2   2   2   2   1
    CTG   5   4   4   5   5   5 |     CCG   3   3   3   2   2   2 |     CAG   6   6   6   6   7   6 |     CGG   6   6   6   6   5   6
--------------------------------------------------------------------------------------------------------------------------------------
Ile ATT   0   0   0   0   0   0 | Thr ACT   1   1   1   1   1   1 | Asn AAT   1   1   1   1   1   1 | Ser AGT   0   0   0   0   0   0
    ATC   1   2   2   2   2   2 |     ACC   5   4   4   4   4   4 |     AAC   0   0   0   0   0   0 |     AGC   1   1   1   1   1   1
    ATA   0   0   0   0   0   0 |     ACA   0   0   0   0   0   0 | Lys AAA   2   2   2   2   2   2 | Arg AGA   4   4   4   4   4   4
Met ATG   2   2   2   2   2   2 |     ACG   0   0   0   0   0   0 |     AAG   8   7   7   7   7   7 |     AGG   3   3   3   3   3   3
--------------------------------------------------------------------------------------------------------------------------------------
Val GTT   2   2   2   2   2   1 | Ala GCT   3   3   3   3   3   4 | Asp GAT   3   3   3   3   3   3 | Gly GGT   4   4   4   4   4   4
    GTC   0   0   0   0   0   0 |     GCC   3   3   3   3   3   3 |     GAC   3   3   3   3   3   3 |     GGC   1   1   1   1   1   1
    GTA   0   0   0   0   0   0 |     GCA   1   1   1   1   1   1 | Glu GAA   6   6   6   7   7   6 |     GGA   0   0   0   0   0   0
    GTG   2   2   2   2   2   2 |     GCG   0   0   0   0   0   0 |     GAG  12  13  13  12  12  13 |     GGG   1   1   1   1   1   1
--------------------------------------------------------------------------------------------------------------------------------------

--------------------------------------------------------------------------------------------------------------------------------------
Phe TTT   3   3   3   3   3   3 | Ser TCT   1   1   1   1   1   1 | Tyr TAT   4   3   2   3   2   3 | Cys TGT   1   1   1   1   1   1
    TTC   2   2   2   2   2   2 |     TCC   1   1   1   1   1   1 |     TAC   4   5   6   5   6   5 |     TGC   2   2   2   2   2   2
Leu TTA   1   1   1   1   1   1 |     TCA   1   0   0   0   0   0 | *** TAA   0   0   0   0   0   0 | *** TGA   0   0   0   0   0   0
    TTG   4   4   4   4   3   4 |     TCG   0   1   1   1   1   1 |     TAG   0   0   0   0   0   0 | Trp TGG   7   7   7   7   7   7
--------------------------------------------------------------------------------------------------------------------------------------
Leu CTT   0   0   0   0   0   0 | Pro CCT   6   5   5   4   5   5 | His CAT   5   4   5   5   5   5 | Arg CGT   0   0   0   0   0   0
    CTC   0   0   0   0   0   0 |     CCC   5   6   6   8   6   6 |     CAC   0   1   0   0   0   0 |     CGC   0   0   0   0   0   0
    CTA   0   0   0   0   1   0 |     CCA   3   2   1   1   3   2 | Gln CAA   1   1   1   1   1   1 |     CGA   3   2   2   2   1   2
    CTG   5   5   5   5   5   5 |     CCG   1   2   3   2   1   2 |     CAG   6   6   6   6   6   6 |     CGG   5   6   7   6   6   6
--------------------------------------------------------------------------------------------------------------------------------------
Ile ATT   0   0   0   0   0   0 | Thr ACT   1   1   1   1   1   1 | Asn AAT   1   1   1   1   1   1 | Ser AGT   0   0   0   0   0   0
    ATC   2   2   2   2   2   2 |     ACC   4   4   4   3   4   4 |     AAC   0   0   0   0   0   0 |     AGC   1   1   1   1   1   1
    ATA   0   0   0   0   0   0 |     ACA   0   0   0   0   0   0 | Lys AAA   2   2   2   2   2   2 | Arg AGA   4   4   4   4   4   4
Met ATG   2   2   2   2   2   2 |     ACG   0   0   0   1   0   0 |     AAG   7   7   7   7   7   7 |     AGG   3   3   2   3   3   3
--------------------------------------------------------------------------------------------------------------------------------------
Val GTT   2   1   2   2   1   2 | Ala GCT   3   4   3   2   4   3 | Asp GAT   3   3   3   3   3   3 | Gly GGT   4   4   4   4   4   4
    GTC   0   0   0   0   0   0 |     GCC   3   3   3   4   3   3 |     GAC   3   3   3   3   3   3 |     GGC   1   1   1   1   1   1
    GTA   0   0   0   0   0   0 |     GCA   1   1   1   1   1   1 | Glu GAA   8   6   7   6   6   7 |     GGA   0   0   0   0   0   0
    GTG   2   2   2   2   2   2 |     GCG   0   0   0   0   0   0 |     GAG  11  13  12  13  14  12 |     GGG   1   1   1   1   1   1
--------------------------------------------------------------------------------------------------------------------------------------

--------------------------------------------------------------------------------------------------------------------------------------
Phe TTT   3   3   3   3   3   3 | Ser TCT   1   1   1   1   0   1 | Tyr TAT   3   2   3   3   3   2 | Cys TGT   1   1   1   1   1   1
    TTC   2   2   2   2   2   2 |     TCC   1   1   1   1   1   1 |     TAC   5   6   5   5   5   6 |     TGC   2   2   2   2   2   2
Leu TTA   1   1   1   1   1   1 |     TCA   0   0   0   0   0   0 | *** TAA   0   0   0   0   0   0 | *** TGA   0   0   0   0   0   0
    TTG   4   4   4   4   4   4 |     TCG   1   1   1   1   2   1 |     TAG   0   0   0   0   0   0 | Trp TGG   7   7   7   7   7   7
--------------------------------------------------------------------------------------------------------------------------------------
Leu CTT   0   0   0   0   0   0 | Pro CCT   5   4   5   5   5   6 | His CAT   5   4   5   5   5   4 | Arg CGT   0   0   0   0   0   0
    CTC   0   0   0   0   0   0 |     CCC   6   7   6   6   6   5 |     CAC   0   1   0   0   0   1 |     CGC   0   0   0   0   0   0
    CTA   0   0   0   0   0   0 |     CCA   2   3   1   2   2   2 | Gln CAA   1   2   1   2   1   1 |     CGA   2   2   2   1   2   2
    CTG   5   5   5   5   5   5 |     CCG   2   1   3   2   2   2 |     CAG   6   5   6   5   6   6 |     CGG   6   6   6   7   6   6
--------------------------------------------------------------------------------------------------------------------------------------
Ile ATT   0   0   0   0   0   0 | Thr ACT   1   1   1   1   1   0 | Asn AAT   1   1   1   1   1   1 | Ser AGT   0   0   0   0   0   0
    ATC   2   2   2   2   2   2 |     ACC   4   4   4   4   4   4 |     AAC   0   0   0   0   0   0 |     AGC   1   1   1   1   1   1
    ATA   0   0   0   0   0   0 |     ACA   0   0   0   0   0   1 | Lys AAA   1   2   2   2   2   2 | Arg AGA   4   4   4   4   4   4
Met ATG   2   2   2   2   2   2 |     ACG   0   0   0   0   0   0 |     AAG   8   7   7   7   7   7 |     AGG   3   3   3   3   3   3
--------------------------------------------------------------------------------------------------------------------------------------
Val GTT   2   2   2   2   2   2 | Ala GCT   3   3   3   3   3   3 | Asp GAT   3   3   3   3   3   3 | Gly GGT   4   4   4   4   4   4
    GTC   0   0   0   0   0   0 |     GCC   3   3   3   3   3   3 |     GAC   3   3   3   3   3   3 |     GGC   1   1   1   1   1   1
    GTA   0   0   0   0   0   0 |     GCA   1   1   1   1   1   1 | Glu GAA   6   6   6   6   6   7 |     GGA   0   0   0   0   0   0
    GTG   2   2   2   2   2   2 |     GCG   0   0   0   0   0   0 |     GAG  13  13  13  13  13  12 |     GGG   1   1   1   1   1   1
--------------------------------------------------------------------------------------------------------------------------------------

--------------------------------------------------------------------------------------------------------------------------------------
Phe TTT   3   3   3   3   3   3 | Ser TCT   1   1   1   1   1   1 | Tyr TAT   2   3   2   3   3   3 | Cys TGT   1   1   1   1   1   1
    TTC   2   2   2   2   2   2 |     TCC   1   1   1   0   1   1 |     TAC   6   5   6   6   5   5 |     TGC   2   2   2   3   2   2
Leu TTA   1   1   1   1   1   1 |     TCA   0   1   1   0   0   0 | *** TAA   0   0   0   0   0   0 | *** TGA   0   0   0   0   0   0
    TTG   4   4   4   4   4   4 |     TCG   1   0   0   1   1   1 |     TAG   0   0   0   0   0   0 | Trp TGG   7   7   7   7   7   7
--------------------------------------------------------------------------------------------------------------------------------------
Leu CTT   0   0   0   0   0   0 | Pro CCT   5   6   4   5   4   5 | His CAT   5   5   5   4   4   5 | Arg CGT   0   0   0   0   0   0
    CTC   0   0   0   1   0   0 |     CCC   6   5   6   6   7   6 |     CAC   0   0   0   0   1   0 |     CGC   0   0   0   0   0   0
    CTA   0   0   0   0   0   0 |     CCA   1   2   1   1   3   2 | Gln CAA   1   1   1   1   2   1 |     CGA   2   2   2   2   2   3
    CTG   5   5   5   4   5   5 |     CCG   3   2   4   3   1   2 |     CAG   6   6   6   6   5   6 |     CGG   6   6   6   6   6   5
--------------------------------------------------------------------------------------------------------------------------------------
Ile ATT   0   0   0   0   0   0 | Thr ACT   1   1   1   1   1   1 | Asn AAT   1   1   1   1   1   1 | Ser AGT   0   0   0   0   0   0
    ATC   1   2   2   2   2   2 |     ACC   5   4   4   4   4   4 |     AAC   0   0   0   0   0   0 |     AGC   1   1   1   1   1   1
    ATA   0   0   0   0   0   0 |     ACA   0   0   0   0   0   0 | Lys AAA   2   2   2   2   2   2 | Arg AGA   4   4   4   4   4   4
Met ATG   2   2   2   2   2   2 |     ACG   0   0   0   0   0   0 |     AAG   7   7   7   7   7   7 |     AGG   3   3   3   4   3   3
--------------------------------------------------------------------------------------------------------------------------------------
Val GTT   2   2   2   2   2   2 | Ala GCT   3   3   3   3   3   3 | Asp GAT   3   3   3   2   3   3 | Gly GGT   4   4   4   4   4   4
    GTC   0   0   0   0   0   0 |     GCC   3   3   3   3   3   3 |     GAC   3   3   3   4   3   3 |     GGC   1   1   1   1   1   1
    GTA   0   1   0   0   0   0 |     GCA   1   1   1   1   1   1 | Glu GAA   6   7   7   7   6   6 |     GGA   0   0   0   0   0   0
    GTG   2   1   2   2   2   2 |     GCG   0   0   0   0   0   0 |     GAG  13  12  12  11  13  13 |     GGG   1   1   1   1   1   1
--------------------------------------------------------------------------------------------------------------------------------------

--------------------------------------------------------------------------------------------------------------------------------------
Phe TTT   3   3   3   3   3   3 | Ser TCT   1   1   1   1   1   1 | Tyr TAT   3   3   3   3   2   2 | Cys TGT   1   1   1   1   1   1
    TTC   2   2   2   2   2   2 |     TCC   1   1   1   1   1   1 |     TAC   5   5   5   5   6   6 |     TGC   2   2   2   2   2   2
Leu TTA   1   1   1   1   1   1 |     TCA   1   0   0   1   0   0 | *** TAA   0   0   0   0   0   0 | *** TGA   0   0   0   0   0   0
    TTG   4   4   3   4   4   4 |     TCG   0   1   1   0   1   1 |     TAG   0   0   0   0   0   0 | Trp TGG   7   7   7   7   7   7
--------------------------------------------------------------------------------------------------------------------------------------
Leu CTT   0   0   0   0   0   0 | Pro CCT   5   4   6   5   5   5 | His CAT   5   5   5   5   4   4 | Arg CGT   0   0   0   0   0   0
    CTC   0   0   0   0   0   0 |     CCC   7   7   5   6   6   6 |     CAC   0   0   0   0   1   1 |     CGC   0   0   0   0   0   0
    CTA   0   0   0   0   0   0 |     CCA   1   2   2   2   2   2 | Gln CAA   1   1   2   1   1   1 |     CGA   2   2   2   2   2   2
    CTG   5   5   6   5   5   5 |     CCG   2   2   2   2   2   2 |     CAG   7   6   5   6   6   6 |     CGG   5   6   6   6   6   6
--------------------------------------------------------------------------------------------------------------------------------------
Ile ATT   1   0   0   0   0   0 | Thr ACT   1   1   1   1   1   1 | Asn AAT   1   1   1   1   1   1 | Ser AGT   0   0   0   0   0   0
    ATC   1   2   2   2   2   2 |     ACC   4   4   4   4   4   4 |     AAC   0   0   0   0   0   0 |     AGC   1   1   1   1   1   1
    ATA   0   0   0   0   0   0 |     ACA   0   0   0   0   0   0 | Lys AAA   2   3   2   2   2   3 | Arg AGA   4   4   4   3   4   4
Met ATG   2   2   2   2   2   2 |     ACG   0   0   0   0   0   0 |     AAG   7   6   7   7   7   6 |     AGG   3   3   3   4   3   3
--------------------------------------------------------------------------------------------------------------------------------------
Val GTT   2   2   1   2   1   1 | Ala GCT   3   3   3   3   4   4 | Asp GAT   3   3   3   4   3   3 | Gly GGT   4   4   4   4   4   4
    GTC   0   0   1   0   0   0 |     GCC   3   3   3   3   3   3 |     GAC   3   3   3   2   3   3 |     GGC   1   1   1   1   1   1
    GTA   0   0   0   0   0   0 |     GCA   1   1   1   0   1   1 | Glu GAA   7   6   6   6   6   5 |     GGA   0   0   0   1   0   0
    GTG   2   2   2   2   2   2 |     GCG   0   0   0   1   0   0 |     GAG  12  13  13  13  13  14 |     GGG   1   1   1   0   1   1
--------------------------------------------------------------------------------------------------------------------------------------

Codon position x base (3x4) table for each sequence.

#1: Argali         
position  1:    T:0.22143    C:0.28571    A:0.20000    G:0.29286
position  2:    T:0.16429    C:0.21429    A:0.39286    G:0.22857
position  3:    T:0.22143    C:0.22143    A:0.12857    G:0.42857
Average         T:0.20238    C:0.24048    A:0.24048    G:0.31667

#2: LesserMouseDeer
position  1:    T:0.20000    C:0.31429    A:0.20000    G:0.28571
position  2:    T:0.16429    C:0.22143    A:0.37857    G:0.23571
position  3:    T:0.19286    C:0.25714    A:0.09286    G:0.45714
Average         T:0.18571    C:0.26429    A:0.22381    G:0.32619

#3: LesserKudu     
position  1:    T:0.22143    C:0.28571    A:0.19286    G:0.30000
position  2:    T:0.15714    C:0.22143    A:0.39286    G:0.22857
position  3:    T:0.21429    C:0.22857    A:0.13571    G:0.42143
Average         T:0.19762    C:0.24524    A:0.24048    G:0.31667

#4: ForestMuskDeer2
position  1:    T:0.22143    C:0.28571    A:0.18571    G:0.30714
position  2:    T:0.16429    C:0.21429    A:0.39286    G:0.22857
position  3:    T:0.23571    C:0.20714    A:0.12857    G:0.42857
Average         T:0.20714    C:0.23571    A:0.23571    G:0.32143

#5: Camel          
position  1:    T:0.21429    C:0.27857    A:0.20714    G:0.30000
position  2:    T:0.15714    C:0.21429    A:0.39286    G:0.23571
position  3:    T:0.23571    C:0.21429    A:0.17857    G:0.37143
Average         T:0.20238    C:0.23571    A:0.25952    G:0.30238

#6: KillerWhale    
position  1:    T:0.22143    C:0.27857    A:0.20000    G:0.30000
position  2:    T:0.16429    C:0.21429    A:0.40000    G:0.22143
position  3:    T:0.25000    C:0.20714    A:0.13571    G:0.40714
Average         T:0.21190    C:0.23333    A:0.24524    G:0.30952

#7: DefassaWaterbuck
position  1:    T:0.22143    C:0.28571    A:0.19286    G:0.30000
position  2:    T:0.16429    C:0.21429    A:0.38571    G:0.23571
position  3:    T:0.23571    C:0.20714    A:0.14286    G:0.41429
Average         T:0.20714    C:0.23571    A:0.24048    G:0.31667

#8: Sheep          
position  1:    T:0.22143    C:0.28571    A:0.20000    G:0.29286
position  2:    T:0.16429    C:0.21429    A:0.39286    G:0.22857
position  3:    T:0.22143    C:0.22143    A:0.12857    G:0.42857
Average         T:0.20238    C:0.24048    A:0.24048    G:0.31667

#9: MaxwellsDuiker 
position  1:    T:0.22143    C:0.28571    A:0.19286    G:0.30000
position  2:    T:0.15714    C:0.22143    A:0.39286    G:0.22857
position  3:    T:0.22143    C:0.22143    A:0.16429    G:0.39286
Average         T:0.20000    C:0.24286    A:0.25000    G:0.30714

#10: GazellaPrzewalskyi
position  1:    T:0.22143    C:0.28571    A:0.19286    G:0.30000
position  2:    T:0.16429    C:0.21429    A:0.39286    G:0.22857
position  3:    T:0.24286    C:0.20000    A:0.13571    G:0.42143
Average         T:0.20952    C:0.23333    A:0.24048    G:0.31667

#11: MountainNyala  
position  1:    T:0.22143    C:0.28571    A:0.19286    G:0.30000
position  2:    T:0.15714    C:0.22143    A:0.39286    G:0.22857
position  3:    T:0.21429    C:0.22857    A:0.13571    G:0.42143
Average         T:0.19762    C:0.24524    A:0.24048    G:0.31667

#12: MuntiacusMuntjak
position  1:    T:0.22143    C:0.28571    A:0.19286    G:0.30000
position  2:    T:0.16429    C:0.21429    A:0.39286    G:0.22857
position  3:    T:0.22143    C:0.22143    A:0.14286    G:0.41429
Average         T:0.20238    C:0.24048    A:0.24286    G:0.31429

#13: goat           
position  1:    T:0.22143    C:0.28571    A:0.19286    G:0.30000
position  2:    T:0.16429    C:0.21429    A:0.39286    G:0.22857
position  3:    T:0.22857    C:0.22143    A:0.13571    G:0.41429
Average         T:0.20476    C:0.24048    A:0.24048    G:0.31429

#14: AfricanBuffalo 
position  1:    T:0.22143    C:0.28571    A:0.18571    G:0.30714
position  2:    T:0.16429    C:0.21429    A:0.39286    G:0.22857
position  3:    T:0.21429    C:0.22857    A:0.14286    G:0.41429
Average         T:0.20000    C:0.24286    A:0.24048    G:0.31667

#15: Topi           
position  1:    T:0.22143    C:0.28571    A:0.19286    G:0.30000
position  2:    T:0.16429    C:0.21429    A:0.39286    G:0.22857
position  3:    T:0.23571    C:0.20714    A:0.14286    G:0.41429
Average         T:0.20714    C:0.23571    A:0.24286    G:0.31429

#16: CommonDuiker   
position  1:    T:0.22143    C:0.28571    A:0.18571    G:0.30714
position  2:    T:0.16429    C:0.21429    A:0.39286    G:0.22857
position  3:    T:0.22857    C:0.21429    A:0.13571    G:0.42143
Average         T:0.20476    C:0.23810    A:0.23810    G:0.31905

#17: Suni           
position  1:    T:0.22143    C:0.28571    A:0.19286    G:0.30000
position  2:    T:0.16429    C:0.21429    A:0.40000    G:0.22143
position  3:    T:0.24286    C:0.20000    A:0.14286    G:0.41429
Average         T:0.20952    C:0.23333    A:0.24524    G:0.31190

#18: Springbuck     
position  1:    T:0.22143    C:0.28571    A:0.19286    G:0.30000
position  2:    T:0.16429    C:0.21429    A:0.39286    G:0.22857
position  3:    T:0.24286    C:0.20000    A:0.15714    G:0.40000
Average         T:0.20952    C:0.23333    A:0.24762    G:0.30952

#19: Okapi          
position  1:    T:0.22143    C:0.27857    A:0.19286    G:0.30714
position  2:    T:0.16429    C:0.21429    A:0.39286    G:0.22857
position  3:    T:0.22143    C:0.23571    A:0.11429    G:0.42857
Average         T:0.20238    C:0.24286    A:0.23333    G:0.32143

#20: Giraffe        
position  1:    T:0.22143    C:0.27857    A:0.19286    G:0.30714
position  2:    T:0.16429    C:0.21429    A:0.39286    G:0.22857
position  3:    T:0.22143    C:0.22857    A:0.12143    G:0.42857
Average         T:0.20238    C:0.24048    A:0.23571    G:0.32143

#21: TibetanAntelope
position  1:    T:0.22857    C:0.27857    A:0.19286    G:0.30000
position  2:    T:0.15714    C:0.21429    A:0.39286    G:0.23571
position  3:    T:0.23571    C:0.20714    A:0.14286    G:0.41429
Average         T:0.20714    C:0.23333    A:0.24286    G:0.31667

#22: Sitatunga      
position  1:    T:0.22143    C:0.28571    A:0.19286    G:0.30000
position  2:    T:0.15714    C:0.22143    A:0.39286    G:0.22857
position  3:    T:0.21429    C:0.22857    A:0.13571    G:0.42143
Average         T:0.19762    C:0.24524    A:0.24048    G:0.31667

#23: Oribi          
position  1:    T:0.22143    C:0.28571    A:0.19286    G:0.30000
position  2:    T:0.16429    C:0.21429    A:0.39286    G:0.22857
position  3:    T:0.22857    C:0.21429    A:0.13571    G:0.42143
Average         T:0.20476    C:0.23810    A:0.24048    G:0.31667

#24: BarbarySheep   
position  1:    T:0.22143    C:0.28571    A:0.19286    G:0.30000
position  2:    T:0.16429    C:0.21429    A:0.38571    G:0.23571
position  3:    T:0.22143    C:0.22143    A:0.12857    G:0.42857
Average         T:0.20238    C:0.24048    A:0.23571    G:0.32143

#25: Daviddeer      
position  1:    T:0.22143    C:0.28571    A:0.20000    G:0.29286
position  2:    T:0.15714    C:0.22143    A:0.39286    G:0.22857
position  3:    T:0.22857    C:0.21429    A:0.12857    G:0.42857
Average         T:0.20238    C:0.24048    A:0.24048    G:0.31667

#26: Reindeer       
position  1:    T:0.22143    C:0.28571    A:0.19286    G:0.30000
position  2:    T:0.16429    C:0.21429    A:0.39286    G:0.22857
position  3:    T:0.22143    C:0.22857    A:0.12857    G:0.42143
Average         T:0.20238    C:0.24286    A:0.23810    G:0.31667

#27: Ibex           
position  1:    T:0.22143    C:0.28571    A:0.19286    G:0.30000
position  2:    T:0.16429    C:0.21429    A:0.39286    G:0.22857
position  3:    T:0.22857    C:0.22143    A:0.12857    G:0.42143
Average         T:0.20476    C:0.24048    A:0.23810    G:0.31667

#28: GyrantGazelle  
position  1:    T:0.22143    C:0.28571    A:0.19286    G:0.30000
position  2:    T:0.16429    C:0.21429    A:0.39286    G:0.22857
position  3:    T:0.23571    C:0.20714    A:0.15000    G:0.40714
Average         T:0.20714    C:0.23571    A:0.24524    G:0.31190

#29: Hartebeest     
position  1:    T:0.22143    C:0.28571    A:0.19286    G:0.30000
position  2:    T:0.16429    C:0.21429    A:0.40000    G:0.22143
position  3:    T:0.22857    C:0.21429    A:0.14286    G:0.41429
Average         T:0.20476    C:0.23810    A:0.24524    G:0.31190

#30: Bongo          
position  1:    T:0.22143    C:0.28571    A:0.19286    G:0.30000
position  2:    T:0.15714    C:0.22143    A:0.40000    G:0.22143
position  3:    T:0.21429    C:0.22857    A:0.13571    G:0.42143
Average         T:0.19762    C:0.24524    A:0.24286    G:0.31429

#31: Gerenuk        
position  1:    T:0.22143    C:0.28571    A:0.19286    G:0.30000
position  2:    T:0.16429    C:0.21429    A:0.39286    G:0.22857
position  3:    T:0.24286    C:0.20000    A:0.17143    G:0.38571
Average         T:0.20952    C:0.23333    A:0.25238    G:0.30476

#32: CommonEland    
position  1:    T:0.22143    C:0.28571    A:0.19286    G:0.30000
position  2:    T:0.15714    C:0.22143    A:0.39286    G:0.22857
position  3:    T:0.22143    C:0.22143    A:0.13571    G:0.42143
Average         T:0.20000    C:0.24286    A:0.24048    G:0.31667

#33: MuntiacusReevesi
position  1:    T:0.22143    C:0.29286    A:0.18571    G:0.30000
position  2:    T:0.16429    C:0.21429    A:0.39286    G:0.22857
position  3:    T:0.22143    C:0.22143    A:0.13571    G:0.42143
Average         T:0.20238    C:0.24286    A:0.23810    G:0.31667

#34: HarveysDuiker  
position  1:    T:0.22143    C:0.28571    A:0.19286    G:0.30000
position  2:    T:0.16429    C:0.21429    A:0.39286    G:0.22857
position  3:    T:0.21429    C:0.22857    A:0.12857    G:0.42857
Average         T:0.20000    C:0.24286    A:0.23810    G:0.31905

#35: Pronghorn      
position  1:    T:0.21429    C:0.28571    A:0.19286    G:0.30714
position  2:    T:0.15714    C:0.22143    A:0.40000    G:0.22143
position  3:    T:0.22143    C:0.22143    A:0.14286    G:0.41429
Average         T:0.19762    C:0.24286    A:0.24524    G:0.31429

#36: BlueWildebeest 
position  1:    T:0.22143    C:0.28571    A:0.19286    G:0.30000
position  2:    T:0.16429    C:0.21429    A:0.39286    G:0.22857
position  3:    T:0.22857    C:0.21429    A:0.14286    G:0.41429
Average         T:0.20476    C:0.23810    A:0.24286    G:0.31429

#37: Gemsbok        
position  1:    T:0.22143    C:0.28571    A:0.19286    G:0.30000
position  2:    T:0.16429    C:0.21429    A:0.39286    G:0.22857
position  3:    T:0.22857    C:0.21429    A:0.12857    G:0.42857
Average         T:0.20476    C:0.23810    A:0.23810    G:0.31905

#38: Yak            
position  1:    T:0.22143    C:0.28571    A:0.19286    G:0.30000
position  2:    T:0.16429    C:0.21429    A:0.39286    G:0.22857
position  3:    T:0.20714    C:0.23571    A:0.15000    G:0.40714
Average         T:0.19762    C:0.24524    A:0.24524    G:0.31190

#39: BlueSheep      
position  1:    T:0.22143    C:0.28571    A:0.19286    G:0.30000
position  2:    T:0.16429    C:0.21429    A:0.39286    G:0.22857
position  3:    T:0.22857    C:0.21429    A:0.12857    G:0.42857
Average         T:0.20476    C:0.23810    A:0.23810    G:0.31905

#40: BohorReedbuck  
position  1:    T:0.22143    C:0.28571    A:0.19286    G:0.30000
position  2:    T:0.16429    C:0.21429    A:0.39286    G:0.22857
position  3:    T:0.22857    C:0.21429    A:0.13571    G:0.42143
Average         T:0.20476    C:0.23810    A:0.24048    G:0.31667

#41: KirksDik       
position  1:    T:0.22143    C:0.28571    A:0.19286    G:0.30000
position  2:    T:0.16429    C:0.21429    A:0.39286    G:0.22857
position  3:    T:0.22143    C:0.21429    A:0.13571    G:0.42857
Average         T:0.20238    C:0.23810    A:0.24048    G:0.31905

#42: RoeDeer        
position  1:    T:0.22143    C:0.28571    A:0.19286    G:0.30000
position  2:    T:0.16429    C:0.21429    A:0.39286    G:0.22857
position  3:    T:0.21429    C:0.22143    A:0.15000    G:0.41429
Average         T:0.20000    C:0.24048    A:0.24524    G:0.31429

#43: WhiteLippedDeer
position  1:    T:0.22143    C:0.28571    A:0.19286    G:0.30000
position  2:    T:0.15714    C:0.22143    A:0.39286    G:0.22857
position  3:    T:0.22143    C:0.22143    A:0.12857    G:0.42857
Average         T:0.20000    C:0.24286    A:0.23810    G:0.31905

#44: ThomsonGazelle 
position  1:    T:0.22143    C:0.28571    A:0.19286    G:0.30000
position  2:    T:0.16429    C:0.21429    A:0.39286    G:0.22857
position  3:    T:0.23571    C:0.20714    A:0.15714    G:0.40000
Average         T:0.20714    C:0.23571    A:0.24762    G:0.30952

#45: MuntiacusCrinifrons
position  1:    T:0.22143    C:0.28571    A:0.19286    G:0.30000
position  2:    T:0.16429    C:0.21429    A:0.39286    G:0.22857
position  3:    T:0.21429    C:0.22143    A:0.14286    G:0.42143
Average         T:0.20000    C:0.24048    A:0.24286    G:0.31667

#46: WhiteTailedDeer
position  1:    T:0.22857    C:0.27857    A:0.20000    G:0.29286
position  2:    T:0.16429    C:0.20714    A:0.38571    G:0.24286
position  3:    T:0.21429    C:0.23571    A:0.13571    G:0.41429
Average         T:0.20238    C:0.24048    A:0.24048    G:0.31667

#47: Cattle         
position  1:    T:0.22143    C:0.28571    A:0.19286    G:0.30000
position  2:    T:0.16429    C:0.21429    A:0.39286    G:0.22857
position  3:    T:0.21429    C:0.22857    A:0.15000    G:0.40714
Average         T:0.20000    C:0.24286    A:0.24524    G:0.31190

#48: RoyalAntelope  
position  1:    T:0.22143    C:0.28571    A:0.19286    G:0.30000
position  2:    T:0.16429    C:0.21429    A:0.39286    G:0.22857
position  3:    T:0.22857    C:0.21429    A:0.14286    G:0.41429
Average         T:0.20476    C:0.23810    A:0.24286    G:0.31429

#49: Steenbok       
position  1:    T:0.22143    C:0.28571    A:0.19286    G:0.30000
position  2:    T:0.16429    C:0.21429    A:0.40000    G:0.22143
position  3:    T:0.23571    C:0.21429    A:0.14286    G:0.40714
Average         T:0.20714    C:0.23810    A:0.24524    G:0.30952

#50: Impala         
position  1:    T:0.22143    C:0.28571    A:0.19286    G:0.30000
position  2:    T:0.16429    C:0.21429    A:0.39286    G:0.22857
position  3:    T:0.22143    C:0.22143    A:0.14286    G:0.41429
Average         T:0.20238    C:0.24048    A:0.24286    G:0.31429

#51: Klipspringer   
position  1:    T:0.21429    C:0.29286    A:0.19286    G:0.30000
position  2:    T:0.16429    C:0.21429    A:0.39286    G:0.22857
