1
52 1
Argali 0.000000 0.273600 0.037800 0.226000 0.013500 0.000000 0.040900 0.027700 0.054800 0.061700 0.043000 0.041400 0.042100 0.055600 0.026900 0.042200 0.086000 0.100600 0.027000 0.041400 0.027700 0.027500 0.079100 0.078900 0.013600 0.073400 0.057100 0.054500 0.042200 0.071600 0.061700 0.040700 0.117400 0.042100 0.041300 0.056400 0.013600 0.000000 0.056300 0.111500 0.112800 0.057400 0.061500 0.080400 0.070700 0.027100 0.057500 0.068300 0.027700 0.066000 0.051000 0.069600
LesserMous 0.273600 0.000000 0.222300 0.324300 0.289500 0.273700 0.289300 0.277900 0.235700 0.256900 0.283400 0.222300 0.261300 0.311400 0.270100 0.298400 0.240800 0.257900 0.272300 0.222300 0.277900 0.241800 0.274800 0.293400 0.256500 0.268300 0.246400 0.232800 0.298400 0.226500 0.256900 0.287200 0.339900 0.261300 0.255600 0.242900 0.256500 0.273600 0.315600 0.275700 0.278900 0.283300 0.257400 0.277900 0.258800 0.271900 0.283500 0.298000 0.276900 0.265600 0.235700 0.254400
LesserKudu 0.037800 0.222300 0.000000 0.210100 0.055600 0.041600 0.055300 0.042100 0.013500 0.027700 0.058200 0.000000 0.057000 0.070500 0.040900 0.057000 0.042200 0.056400 0.055300 0.000000 0.042100 0.041800 0.041800 0.056300 0.027500 0.089500 0.072400 0.013400 0.057000 0.028100 0.027700 0.055000 0.110600 0.057000 0.055800 0.013900 0.027500 0.041400 0.071400 0.071500 0.072200 0.072800 0.027700 0.072100 0.027800 0.041200 0.072900 0.057100 0.042100 0.026200 0.013500 0.027300
KillerWhal 0.226000 0.324300 0.210100 0.000000 0.241800 0.226200 0.241600 0.229600 0.223700 0.244800 0.217200 0.210100 0.249200 0.242900 0.223100 0.249100 0.228800 0.246300 0.242000 0.210100 0.229600 0.194700 0.263000 0.262300 0.209400 0.295100 0.233900 0.237200 0.249100 0.250000 0.244800 0.240000 0.291000 0.249200 0.243700 0.230600 0.209400 0.226000 0.266000 0.285100 0.306200 0.271300 0.245200 0.266900 0.246800 0.224700 0.271500 0.213000 0.228600 0.252800 0.223800 0.242400
DefassaWat 0.013500 0.289500 0.055600 0.241800 0.000000 0.013500 0.054900 0.041800 0.069000 0.076100 0.057400 0.055600 0.056500 0.069900 0.040700 0.056500 0.100600 0.115800 0.040800 0.055600 0.041800 0.041500 0.093100 0.092900 0.027300 0.088600 0.071800 0.068200 0.056500 0.086500 0.076100 0.054600 0.131800 0.056500 0.055400 0.071000 0.027300 0.013500 0.070800 0.125800 0.127200 0.072200 0.075900 0.094600 0.085300 0.040900 0.072300 0.081400 0.041600 0.079900 0.063700 0.084100
Sheep 0.000000 0.273700 0.041600 0.226200 0.013500 0.000000 0.041100 0.027800 0.055100 0.061200 0.043000 0.041600 0.042300 0.055900 0.027100 0.042300 0.086100 0.101200 0.027200 0.041600 0.027800 0.027700 0.078100 0.078000 0.013600 0.073800 0.057300 0.054500 0.042300 0.072000 0.061200 0.040900 0.116400 0.042300 0.041500 0.056700 0.013600 0.000000 0.056600 0.110600 0.111800 0.057700 0.061000 0.079400 0.071000 0.027200 0.057700 0.066300 0.027700 0.064100 0.048900 0.069900
MaxwellsDu 0.040900 0.289300 0.055300 0.241600 0.054900 0.041100 0.000000 0.041600 0.068700 0.084800 0.057400 0.055300 0.056200 0.041100 0.040500 0.056300 0.100700 0.115200 0.054700 0.055300 0.041600 0.041300 0.099700 0.099600 0.027100 0.088200 0.071400 0.068200 0.056300 0.086100 0.084800 0.026700 0.140600 0.056200 0.055100 0.070700 0.027100 0.040900 0.056100 0.131700 0.133000 0.071800 0.085000 0.101300 0.055700 0.040700 0.071900 0.086000 0.041600 0.086800 0.069000 0.083600
GazellaPrz 0.027700 0.277900 0.042100 0.229600 0.041800 0.027800 0.041600 0.000000 0.055700 0.071700 0.043700 0.042100 0.042900 0.056500 0.027400 0.014100 0.087500 0.102400 0.041600 0.042100 0.000000 0.028000 0.086700 0.086600 0.013800 0.044200 0.058100 0.055300 0.013200 0.072900 0.071700 0.041300 0.127700 0.042900 0.041900 0.057400 0.013800 0.027700 0.028200 0.118800 0.120000 0.028800 0.071800 0.088200 0.071900 0.027500 0.028800 0.072700 0.028100 0.073200 0.056000 0.070700
MountainNy 0.054800 0.235700 0.013500 0.223700 0.069000 0.055100 0.068700 0.055700 0.000000 0.041200 0.072200 0.013500 0.070700 0.084000 0.054200 0.070700 0.055900 0.070000 0.068700 0.013500 0.055700 0.055400 0.055400 0.069900 0.040900 0.103500 0.086200 0.000000 0.070700 0.041900 0.041200 0.068300 0.124300 0.070700 0.069200 0.027500 0.040900 0.054800 0.085100 0.085200 0.086000 0.086700 0.041300 0.085900 0.041300 0.054600 0.086800 0.070900 0.055700 0.041000 0.000000 0.013400
MuntiacusM 0.061700 0.256900 0.027700 0.244800 0.076100 0.061200 0.084800 0.071700 0.041200 0.000000 0.089500 0.027700 0.087400 0.100900 0.069700 0.087400 0.071600 0.086500 0.079600 0.027700 0.071700 0.071200 0.013700 0.027800 0.056100 0.122200 0.103700 0.040700 0.087400 0.057500 0.000000 0.084400 0.111700 0.087400 0.085500 0.042400 0.056100 0.061700 0.102300 0.042200 0.042700 0.104400 0.000000 0.042600 0.056700 0.070200 0.104400 0.087200 0.071300 0.055400 0.041200 0.055700
goat 0.043000 0.283400 0.058200 0.217200 0.057400 0.043000 0.057400 0.043700 0.072200 0.089500 0.000000 0.058200 0.043800 0.073300 0.042400 0.059200 0.105600 0.121600 0.057400 0.058200 0.043700 0.043400 0.105200 0.105000 0.028500 0.076500 0.059300 0.071400 0.059200 0.074500 0.089500 0.057100 0.129800 0.043800 0.042800 0.074500 0.028500 0.043000 0.074300 0.119400 0.122200 0.059700 0.089600 0.089700 0.089600 0.042800 0.075800 0.090200 0.043500 0.090800 0.072200 0.087900
AfricanBuf 0.041400 0.222300 0.000000 0.210100 0.055600 0.041600 0.055300 0.042100 0.013500 0.027700 0.058200 0.000000 0.057000 0.070500 0.040900 0.057000 0.042200 0.056400 0.055300 0.000000 0.042100 0.041800 0.041800 0.056300 0.027500 0.089500 0.072400 0.013400 0.057000 0.028100 0.027700 0.055000 0.110600 0.057000 0.055800 0.013900 0.027500 0.041400 0.071400 0.071500 0.072200 0.072800 0.027700 0.072100 0.027800 0.041200 0.072900 0.057100 0.042100 0.026200 0.013500 0.027300
Topi 0.042100 0.261300 0.057000 0.249200 0.056500 0.042300 0.056200 0.042900 0.070700 0.087400 0.043800 0.057000 0.000000 0.071700 0.041700 0.058100 0.103700 0.118800 0.056300 0.051500 0.042900 0.042600 0.102800 0.102600 0.028000 0.059600 0.014300 0.070200 0.058100 0.058100 0.087400 0.055900 0.112200 0.000000 0.027900 0.072900 0.028000 0.042100 0.072700 0.118500 0.104400 0.043700 0.087600 0.073100 0.087600 0.041900 0.074300 0.088700 0.042900 0.089600 0.071100 0.086200
CommonDuik 0.055600 0.311400 0.070500 0.242900 0.069900 0.055900 0.041100 0.056500 0.084000 0.100900 0.073300 0.070500 0.071700 0.000000 0.055000 0.071700 0.117400 0.132400 0.069600 0.070500 0.056500 0.056200 0.116300 0.116100 0.041500 0.105100 0.087400 0.083500 0.071700 0.102500 0.100900 0.012700 0.158600 0.071700 0.070200 0.076900 0.041500 0.055600 0.071500 0.149400 0.150900 0.088000 0.101100 0.118100 0.071000 0.055400 0.088100 0.086500 0.056500 0.103600 0.084400 0.099500
Suni 0.026900 0.270100 0.040900 0.223100 0.040700 0.027100 0.040500 0.027400 0.054200 0.069700 0.042400 0.040900 0.041700 0.055000 0.000000 0.041700 0.085000 0.099400 0.040500 0.040900 0.027400 0.027200 0.084300 0.084100 0.013400 0.072500 0.056400 0.053900 0.041700 0.063700 0.069700 0.040200 0.123900 0.041700 0.040800 0.055800 0.013400 0.026900 0.055700 0.115300 0.116400 0.056700 0.069800 0.085500 0.069800 0.026800 0.056800 0.070700 0.027400 0.071000 0.054500 0.068800
Springbuck 0.042200 0.298400 0.057000 0.249100 0.056500 0.042300 0.056300 0.014100 0.070700 0.087400 0.059200 0.057000 0.058100 0.071700 0.041700 0.000000 0.103700 0.118800 0.056300 0.057000 0.014100 0.042600 0.102800 0.102600 0.028000 0.059900 0.073800 0.070200 0.000000 0.088900 0.087400 0.055900 0.144900 0.058100 0.056800 0.072900 0.028000 0.042200 0.043000 0.135700 0.137300 0.043900 0.087600 0.104500 0.087600 0.041900 0.014400 0.088700 0.042900 0.089700 0.071100 0.086200
Okapi 0.086000 0.240800 0.042200 0.228800 0.100600 0.086100 0.100700 0.087500 0.055900 0.071600 0.105600 0.042200 0.103700 0.117400 0.085000 0.103700 0.000000 0.013900 0.100700 0.042200 0.087500 0.086900 0.086700 0.102100 0.071400 0.139900 0.120400 0.055300 0.103700 0.073100 0.071600 0.100100 0.159500 0.103700 0.101500 0.057600 0.071400 0.086000 0.119000 0.103300 0.119800 0.121300 0.071800 0.119600 0.072200 0.085700 0.121400 0.103600 0.087100 0.072200 0.055900 0.070900
Giraffe 0.100600 0.257900 0.056400 0.246300 0.115800 0.101200 0.115200 0.102400 0.070000 0.086500 0.121600 0.056400 0.118800 0.132400 0.099400 0.118800 0.013900 0.000000 0.115400 0.056400 0.102400 0.101700 0.101800 0.117500 0.085800 0.155900 0.135900 0.069500 0.118800 0.087900 0.086500 0.114600 0.176700 0.118800 0.116300 0.072200 0.085800 0.100600 0.134200 0.118900 0.135800 0.136800 0.086700 0.135500 0.086800 0.100200 0.137000 0.119300 0.102300 0.088600 0.070400 0.085300
TibetanAnt 0.027000 0.272300 0.055300 0.242000 0.040800 0.027200 0.054700 0.041600 0.068700 0.079600 0.057400 0.055300 0.056300 0.069600 0.040500 0.056300 0.100700 0.115400 0.000000 0.055300 0.041600 0.041400 0.096600 0.096400 0.027200 0.088300 0.071500 0.068200 0.056300 0.086100 0.079600 0.054400 0.136100 0.056300 0.055100 0.070700 0.027200 0.027000 0.070600 0.129000 0.130500 0.071900 0.079300 0.098100 0.085000 0.040700 0.071900 0.084700 0.041600 0.084200 0.067400 0.083700
Sitatunga 0.041400 0.222300 0.000000 0.210100 0.055600 0.041600 0.055300 0.042100 0.013500 0.027700 0.058200 0.000000 0.051500 0.070500 0.040900 0.057000 0.042200 0.056400 0.055300 0.000000 0.042100 0.041800 0.041800 0.056300 0.027500 0.089500 0.072400 0.013400 0.057000 0.028100 0.027700 0.055000 0.110600 0.057000 0.055800 0.013900 0.027500 0.041400 0.071400 0.071500 0.072200 0.072800 0.027700 0.072100 0.027800 0.041200 0.072900 0.057100 0.042100 0.026200 0.013500 0.027300
Oribi 0.027700 0.277900 0.042100 0.229600 0.041800 0.027800 0.041600 0.000000 0.055700 0.071700 0.043700 0.042100 0.042900 0.056500 0.027400 0.014100 0.087500 0.102400 0.041600 0.042100 0.000000 0.028000 0.086700 0.086600 0.013800 0.044200 0.058100 0.055300 0.014100 0.072900 0.071700 0.041300 0.127700 0.042900 0.041900 0.057400 0.013800 0.027700 0.028200 0.118800 0.120000 0.028800 0.071800 0.088200 0.071900 0.027500 0.028800 0.072700 0.028100 0.073200 0.056000 0.070700
BarbaryShe 0.027500 0.241800 0.041800 0.194700 0.041500 0.027700 0.041300 0.028000 0.055400 0.071200 0.043400 0.041800 0.042600 0.056200 0.027200 0.042600 0.086900 0.101700 0.041400 0.041800 0.028000 0.000000 0.086200 0.086000 0.013700 0.074300 0.028500 0.055000 0.042600 0.064900 0.071200 0.041100 0.126800 0.042600 0.041700 0.057000 0.013700 0.027500 0.056900 0.117900 0.119200 0.058100 0.071400 0.087500 0.071400 0.027400 0.058100 0.072300 0.028000 0.072800 0.055700 0.070400
Daviddeer 0.079100 0.274800 0.041800 0.263000 0.093100 0.078100 0.099700 0.086700 0.055400 0.013700 0.105200 0.041800 0.102800 0.116300 0.084300 0.102800 0.086700 0.101800 0.096600 0.041800 0.086700 0.086200 0.000000 0.041800 0.070700 0.138700 0.119400 0.054800 0.102800 0.072400 0.013700 0.099200 0.111800 0.102800 0.100600 0.057000 0.070700 0.079100 0.117900 0.056500 0.027800 0.120300 0.013800 0.057000 0.071500 0.084900 0.120300 0.102600 0.086300 0.071800 0.055400 0.070200
Reindeer 0.078900 0.293400 0.056300 0.262300 0.092900 0.078000 0.099600 0.086600 0.069900 0.027800 0.105000 0.056300 0.102600 0.116100 0.084100 0.102600 0.102100 0.117500 0.096400 0.056300 0.086600 0.086000 0.041800 0.000000 0.070600 0.138400 0.119200 0.069100 0.102600 0.087800 0.027800 0.099000 0.127200 0.102600 0.100400 0.072000 0.070600 0.078900 0.117600 0.042200 0.072000 0.120000 0.027800 0.028000 0.086600 0.084700 0.120000 0.102400 0.086100 0.087600 0.069900 0.085100
Ibex 0.013600 0.256500 0.027500 0.209400 0.027300 0.013600 0.027100 0.013800 0.040900 0.056100 0.028500 0.027500 0.028000 0.041500 0.013400 0.028000 0.071400 0.085800 0.027200 0.027500 0.013800 0.013700 0.070700 0.070600 0.000000 0.058500 0.042600 0.040700 0.028000 0.057000 0.056100 0.027000 0.110100 0.028000 0.027400 0.042100 0.000000 0.013600 0.042000 0.101600 0.102600 0.042900 0.056200 0.071800 0.056300 0.013500 0.042900 0.056900 0.013800 0.056800 0.041100 0.055400
GyrantGaze 0.073400 0.268300 0.089500 0.295100 0.088600 0.073800 0.088200 0.044200 0.103500 0.122200 0.076500 0.089500 0.059600 0.105100 0.072500 0.059900 0.139900 0.155900 0.088300 0.089500 0.044200 0.074300 0.138700 0.138400 0.058500 0.000000 0.075800 0.102800 0.059900 0.091400 0.122200 0.087700 0.149000 0.059600 0.058300 0.107000 0.058500 0.073400 0.075000 0.155400 0.141000 0.014800 0.122400 0.107300 0.122500 0.073100 0.045200 0.124100 0.074800 0.126100 0.104100 0.120300
Hartebeest 0.057100 0.246400 0.072400 0.233900 0.071800 0.057300 0.071400 0.058100 0.086200 0.103700 0.059300 0.072400 0.014300 0.087400 0.056400 0.073800 0.120400 0.135900 0.071500 0.072400 0.058100 0.028500 0.119400 0.119200 0.042600 0.075800 0.000000 0.085600 0.073800 0.073900 0.103700 0.071000 0.129200 0.014300 0.042500 0.088900 0.042600 0.057100 0.088600 0.135400 0.121400 0.059200 0.103900 0.089100 0.103800 0.056800 0.090700 0.105200 0.058100 0.106700 0.086600 0.102200
Bongo 0.054500 0.232800 0.013400 0.237200 0.068200 0.054500 0.068200 0.055300 0.000000 0.040700 0.071400 0.013400 0.070200 0.083500 0.053900 0.070200 0.055300 0.069500 0.068200 0.013400 0.055300 0.055000 0.054800 0.069100 0.040700 0.102800 0.085600 0.000000 0.070200 0.041600 0.040700 0.067800 0.137500 0.070200 0.068800 0.027300 0.040700 0.054500 0.084500 0.084200 0.085000 0.086100 0.040800 0.084900 0.041100 0.054200 0.086200 0.070100 0.055100 0.039800 0.000100 0.013300
Gerenuk 0.042200 0.298400 0.057000 0.249100 0.056500 0.042300 0.056300 0.013200 0.070700 0.087400 0.059200 0.057000 0.058100 0.071700 0.041700 0.000000 0.103700 0.118800 0.056300 0.057000 0.014100 0.042600 0.102800 0.102600 0.028000 0.059900 0.073800 0.070200 0.000000 0.088900 0.087400 0.055900 0.144900 0.058100 0.056800 0.072900 0.028000 0.042200 0.043000 0.135700 0.137300 0.043900 0.087600 0.104500 0.087600 0.041900 0.014400 0.088700 0.042900 0.089700 0.071100 0.086200
CommonElan 0.071600 0.226500 0.028100 0.250000 0.086500 0.072000 0.086100 0.072900 0.041900 0.057500 0.074500 0.028100 0.058100 0.102500 0.063700 0.088900 0.073100 0.087900 0.086100 0.028100 0.072900 0.064900 0.072400 0.087800 0.057000 0.091400 0.073900 0.041600 0.088900 0.000000 0.057500 0.085600 0.112700 0.058100 0.056800 0.043100 0.057000 0.071600 0.103900 0.087600 0.073600 0.074300 0.057600 0.073400 0.057600 0.071300 0.106200 0.089100 0.072900 0.058300 0.042100 0.056700
MuntiacusR 0.061700 0.256900 0.027700 0.244800 0.076100 0.061200 0.084800 0.071700 0.041200 0.000000 0.089500 0.027700 0.087400 0.100900 0.069700 0.087400 0.071600 0.086500 0.079600 0.027700 0.071700 0.071200 0.013700 0.027800 0.056100 0.122200 0.103700 0.040700 0.087400 0.057500 0.000000 0.084400 0.111700 0.087400 0.085500 0.042400 0.056100 0.061700 0.102300 0.042200 0.042700 0.104400 0.000000 0.042600 0.056700 0.070200 0.104400 0.087200 0.071300 0.055400 0.041200 0.055700
HarveysDui 0.040700 0.287200 0.055000 0.240000 0.054600 0.040900 0.026700 0.041300 0.068300 0.084400 0.057100 0.055000 0.055900 0.012700 0.040200 0.055900 0.100100 0.114600 0.054400 0.055000 0.041300 0.041100 0.099200 0.099000 0.027000 0.087700 0.071000 0.067800 0.055900 0.085600 0.084400 0.000000 0.139800 0.055900 0.054800 0.070300 0.027000 0.040700 0.055800 0.130900 0.132200 0.071400 0.084500 0.100700 0.055400 0.040500 0.071500 0.085500 0.041300 0.086200 0.068600 0.083100
Pronghorn 0.117400 0.339900 0.110600 0.291000 0.131800 0.116400 0.140600 0.127700 0.124300 0.111700 0.129800 0.110600 0.112200 0.158600 0.123900 0.144900 0.159500 0.176700 0.136100 0.110600 0.127700 0.126800 0.111800 0.127200 0.110100 0.149000 0.129200 0.137500 0.144900 0.112700 0.111700 0.139800 0.000000 0.112200 0.079100 0.128300 0.110100 0.117400 0.160700 0.143600 0.113400 0.130100 0.111500 0.097100 0.143700 0.124900 0.164000 0.145200 0.126400 0.146000 0.124900 0.141000
BlueWildeb 0.042100 0.261300 0.057000 0.249200 0.056500 0.042300 0.056200 0.042900 0.070700 0.087400 0.043800 0.057000 0.000000 0.071700 0.041700 0.058100 0.103700 0.118800 0.056300 0.057000 0.042900 0.042600 0.102800 0.102600 0.028000 0.059600 0.014300 0.070200 0.058100 0.058100 0.087400 0.055900 0.112200 0.000000 0.027900 0.072900 0.028000 0.042100 0.072700 0.118500 0.104400 0.043700 0.087600 0.073100 0.087600 0.041900 0.074300 0.088700 0.042900 0.089600 0.071100 0.086200
Gemsbok 0.041300 0.255600 0.055800 0.243700 0.055400 0.041500 0.055100 0.041900 0.069200 0.085500 0.042800 0.055800 0.027900 0.070200 0.040800 0.056800 0.101500 0.116300 0.055100 0.055800 0.041900 0.041700 0.100600 0.100400 0.027400 0.058300 0.042500 0.068800 0.056800 0.056800 0.085500 0.054800 0.079100 0.027900 0.000000 0.071300 0.027400 0.041300 0.071100 0.115900 0.102100 0.042700 0.085700 0.071500 0.085700 0.041100 0.072600 0.086700 0.041900 0.087600 0.069600 0.084400
Yak 0.056400 0.242900 0.013900 0.230600 0.071000 0.056700 0.070700 0.057400 0.027500 0.042400 0.074500 0.013900 0.072900 0.076900 0.055800 0.072900 0.057600 0.072200 0.070700 0.013900 0.057400 0.057000 0.057000 0.072000 0.042100 0.107000 0.088900 0.027300 0.072900 0.043100 0.042400 0.070300 0.128300 0.072900 0.071300 0.000000 0.042100 0.056400 0.087700 0.087800 0.088700 0.089500 0.042500 0.088600 0.013400 0.056200 0.089600 0.073100 0.057400 0.042300 0.027600 0.041900
BlueSheep 0.013600 0.256500 0.027500 0.209400 0.027300 0.013600 0.027100 0.013800 0.040900 0.056100 0.028500 0.027500 0.028000 0.041500 0.013400 0.028000 0.071400 0.085800 0.027200 0.027500 0.013800 0.013700 0.070700 0.070600 0.000000 0.058500 0.042600 0.040700 0.028000 0.057000 0.056100 0.027000 0.110100 0.028000 0.027400 0.042100 0.000000 0.013600 0.042000 0.101600 0.102600 0.042900 0.056200 0.071800 0.056300 0.013500 0.042900 0.056900 0.013800 0.056800 0.041100 0.055400
BohorReedb 0.000000 0.273600 0.041400 0.226000 0.013500 0.000000 0.040900 0.027700 0.054800 0.061700 0.043000 0.041400 0.042100 0.055600 0.026900 0.042200 0.086000 0.100600 0.027000 0.041400 0.027700 0.027500 0.079100 0.078900 0.013600 0.073400 0.057100 0.054500 0.042200 0.071600 0.061700 0.040700 0.117400 0.042100 0.041300 0.056400 0.013600 0.000000 0.056300 0.111500 0.112800 0.057400 0.061500 0.080400 0.070700 0.027100 0.057500 0.068300 0.027700 0.066000 0.051000 0.069600
KirksDik 0.056300 0.315600 0.071400 0.266000 0.070800 0.056600 0.056100 0.028200 0.085100 0.102300 0.074300 0.071400 0.072700 0.071500 0.055700 0.043000 0.119000 0.134200 0.070600 0.071400 0.028200 0.056900 0.117900 0.117600 0.042000 0.075000 0.088600 0.084500 0.043000 0.103900 0.102300 0.055800 0.160700 0.072700 0.071100 0.087700 0.042000 0.056300 0.000000 0.151400 0.153000 0.058600 0.102500 0.119800 0.087400 0.056100 0.058700 0.103800 0.057300 0.105100 0.085500 0.100800
RoeDeer 0.111500 0.275700 0.071500 0.285100 0.125800 0.110600 0.131700 0.118800 0.085200 0.042200 0.119400 0.071500 0.118500 0.149400 0.115300 0.135700 0.103300 0.118900 0.129000 0.071500 0.118800 0.117900 0.056500 0.042200 0.101600 0.155400 0.135400 0.084200 0.135700 0.087600 0.042200 0.130900 0.143600 0.118500 0.115900 0.087800 0.101600 0.111500 0.151400 0.000000 0.072000 0.136400 0.042300 0.042600 0.102800 0.116200 0.154600 0.135500 0.118100 0.104300 0.085200 0.100900
WhiteLippe 0.112800 0.278900 0.072200 0.306200 0.127200 0.111800 0.133000 0.120000 0.086000 0.042700 0.122200 0.072200 0.104400 0.150900 0.116400 0.137300 0.119800 0.135800 0.130500 0.072200 0.120000 0.119200 0.027800 0.072000 0.102600 0.141000 0.121400 0.085000 0.137300 0.073600 0.042700 0.132200 0.113400 0.104400 0.102100 0.088700 0.102600 0.112800 0.153000 0.072000 0.000000 0.122200 0.042800 0.057900 0.103800 0.117300 0.156400 0.137000 0.119400 0.074700 0.086100 0.101900
ThomsonGaz 0.057400 0.283300 0.072800 0.271300 0.072200 0.057700 0.071800 0.028800 0.086700 0.104400 0.059700 0.072800 0.043700 0.088000 0.056700 0.043900 0.121300 0.136800 0.071900 0.072800 0.028800 0.058100 0.120300 0.120000 0.042900 0.014800 0.059200 0.086100 0.043900 0.074300 0.104400 0.071400 0.130100 0.043700 0.042700 0.089500 0.042900 0.057400 0.058600 0.136400 0.122200 0.000000 0.104500 0.089700 0.104600 0.057100 0.059900 0.105900 0.058400 0.107300 0.087200 0.102800
MuntiacusC 0.061500 0.257400 0.027700 0.245200 0.075900 0.061000 0.085000 0.071800 0.041300 0.000000 0.089600 0.027700 0.087600 0.101100 0.069800 0.087600 0.071800 0.086700 0.079300 0.027700 0.071800 0.071400 0.013800 0.027800 0.056200 0.122400 0.103900 0.040800 0.087600 0.057600 0.000000 0.084500 0.111500 0.087600 0.085700 0.042500 0.056200 0.061500 0.102500 0.042300 0.042800 0.104500 0.000000 0.042700 0.056800 0.070300 0.104600 0.087400 0.071500 0.055100 0.041300 0.055800
WhiteTaile 0.080400 0.277900 0.072100 0.266900 0.094600 0.079400 0.101300 0.088200 0.085900 0.042600 0.089700 0.072100 0.073100 0.118100 0.085500 0.104500 0.119600 0.135500 0.098100 0.072100 0.088200 0.087500 0.057000 0.028000 0.071800 0.107300 0.089100 0.084900 0.104500 0.073400 0.042600 0.100700 0.097100 0.073100 0.071500 0.088600 0.071800 0.080400 0.119800 0.042600 0.057900 0.089700 0.042700 0.000000 0.103600 0.086200 0.122400 0.104300 0.087700 0.105200 0.085900 0.101700
Cattle 0.070700 0.258800 0.027800 0.246800 0.085300 0.071000 0.055700 0.071900 0.041300 0.056700 0.089600 0.027800 0.087600 0.071000 0.069800 0.087600 0.072200 0.086800 0.085000 0.027800 0.071900 0.071400 0.071500 0.086600 0.056300 0.122500 0.103800 0.041100 0.087600 0.057600 0.056700 0.055400 0.143700 0.087600 0.085700 0.013400 0.056300 0.070700 0.087400 0.102800 0.103800 0.104600 0.056800 0.103600 0.000000 0.070400 0.104700 0.087900 0.071800 0.057400 0.041500 0.055900
RoyalAntel 0.027100 0.271900 0.041200 0.224700 0.040900 0.027200 0.040700 0.027500 0.054600 0.070200 0.042800 0.041200 0.041900 0.055400 0.026800 0.041900 0.085700 0.100200 0.040700 0.041200 0.027500 0.027400 0.084900 0.084700 0.013500 0.073100 0.056800 0.054200 0.041900 0.071300 0.070200 0.040500 0.124900 0.041900 0.041100 0.056200 0.013500 0.027100 0.056100 0.116200 0.117300 0.057100 0.070300 0.086200 0.070400 0.000000 0.057200 0.071200 0.027500 0.071500 0.054900 0.069300
Steenbok 0.057500 0.283500 0.072900 0.271500 0.072300 0.057700 0.071900 0.028800 0.086800 0.104400 0.075800 0.072900 0.074300 0.088100 0.056800 0.014400 0.121400 0.137000 0.071900 0.072900 0.028800 0.058100 0.120300 0.120000 0.042900 0.045200 0.090700 0.086200 0.014400 0.106200 0.104400 0.071500 0.164000 0.074300 0.072600 0.089600 0.042900 0.057500 0.058700 0.154600 0.156400 0.059900 0.104600 0.122400 0.104700 0.057200 0.000000 0.106000 0.058500 0.107500 0.087200 0.102900
Impala 0.068300 0.298000 0.057100 0.213000 0.081400 0.066300 0.086000 0.072700 0.070900 0.087200 0.090200 0.057100 0.088700 0.086500 0.070700 0.088700 0.103600 0.119300 0.084700 0.057100 0.072700 0.072300 0.102600 0.102400 0.056900 0.124100 0.105200 0.070100 0.088700 0.089100 0.087200 0.085500 0.145200 0.088700 0.086700 0.073100 0.056900 0.068300 0.103800 0.135500 0.137000 0.105900 0.087400 0.104300 0.087900 0.071200 0.106000 0.000000 0.072400 0.089800 0.070600 0.086400
Klipspring 0.027700 0.276900 0.042100 0.228600 0.041600 0.027700 0.041600 0.028100 0.055700 0.071300 0.043500 0.042100 0.042900 0.056500 0.027400 0.042900 0.087100 0.102300 0.041600 0.042100 0.028100 0.028000 0.086300 0.086100 0.013800 0.074800 0.058100 0.055100 0.042900 0.072900 0.071300 0.041300 0.126400 0.042900 0.041900 0.057400 0.013800 0.027700 0.057300 0.118100 0.119400 0.058400 0.071500 0.087700 0.071800 0.027500 0.058500 0.072400 0.000000 0.072400 0.055800 0.070800
ForestMusk 0.066000 0.265600 0.026200 0.252800 0.079900 0.064100 0.086800 0.073200 0.041000 0.055400 0.090800 0.026200 0.089600 0.103600 0.071000 0.089700 0.072200 0.088600 0.084200 0.026200 0.073200 0.072800 0.071800 0.087600 0.056800 0.126100 0.106700 0.039800 0.089700 0.058300 0.055400 0.086200 0.146000 0.089600 0.087600 0.042300 0.056800 0.066000 0.105100 0.104300 0.074700 0.107300 0.055100 0.105200 0.057400 0.071500 0.107500 0.089800 0.072400 0.000000 0.041700 0.056500
Bushbuck 0.051000 0.235700 0.013500 0.223800 0.063700 0.048900 0.069000 0.056000 0.000000 0.041200 0.072200 0.013500 0.071100 0.084400 0.054500 0.071100 0.055900 0.070400 0.067400 0.013500 0.056000 0.055700 0.055400 0.069900 0.041100 0.104100 0.086600 0.000100 0.071100 0.042100 0.041200 0.068600 0.124900 0.071100 0.069600 0.027600 0.041100 0.051000 0.085500 0.085200 0.086100 0.087200 0.041300 0.085900 0.041500 0.054900 0.087200 0.070600 0.055800 0.041700 0.000000 0.013400
GreaterKud 0.069600 0.254400 0.027300 0.242400 0.084100 0.069900 0.083600 0.070700 0.013400 0.055700 0.087900 0.027300 0.086200 0.099500 0.068800 0.086200 0.070900 0.085300 0.083700 0.027300 0.070700 0.070400 0.070200 0.085100 0.055400 0.120300 0.102200 0.013300 0.086200 0.056700 0.055700 0.083100 0.141000 0.086200 0.084400 0.041900 0.055400 0.069600 0.100800 0.100900 0.101900 0.102800 0.055800 0.101700 0.055900 0.069300 0.102900 0.086400 0.070800 0.056500 0.013400 0.000000
