1
52 1
Argali 0.000000 0.241100 0.122400 0.251000 0.109900 0.016500 0.067300 0.109000 0.135600 0.133500 0.038800 0.134700 0.091000 0.079100 0.122000 0.109200 0.140300 0.133700 0.067200 0.128800 0.096900 0.022000 0.140700 0.102400 0.050200 0.102800 0.072900 0.122400 0.102900 0.135000 0.133400 0.085200 0.165800 0.079000 0.067800 0.147400 0.044600 0.109700 0.084900 0.115300 0.140200 0.097100 0.121000 0.108700 0.134700 0.096300 0.109500 0.114900 0.096600 0.139600 0.116200 0.128300
LesserMous 0.241100 0.000000 0.246900 0.273800 0.247000 0.248100 0.202300 0.237400 0.270700 0.223200 0.247000 0.284700 0.210100 0.216500 0.253500 0.252000 0.238300 0.252300 0.216500 0.269500 0.237900 0.232600 0.238200 0.201500 0.261600 0.244000 0.202100 0.254300 0.244800 0.268900 0.237000 0.223900 0.272900 0.202700 0.189900 0.276400 0.247300 0.246700 0.237200 0.209900 0.223200 0.237700 0.222800 0.195000 0.268300 0.242900 0.238400 0.258500 0.236600 0.229700 0.254700 0.268300
LesserKudu 0.122400 0.246900 0.000000 0.250100 0.122100 0.128400 0.084500 0.108500 0.021300 0.120500 0.115800 0.097200 0.108800 0.072700 0.097100 0.127300 0.120900 0.120700 0.133400 0.015900 0.108700 0.109500 0.127400 0.101800 0.128200 0.114600 0.102300 0.010600 0.114700 0.021800 0.120400 0.090800 0.185000 0.108700 0.109700 0.085200 0.122200 0.121800 0.096500 0.114700 0.114700 0.109000 0.108300 0.108100 0.085300 0.108000 0.109100 0.102400 0.102200 0.120400 0.015900 0.015800
KillerWhal 0.251000 0.273800 0.250100 0.000000 0.270500 0.243800 0.213200 0.219000 0.266100 0.219700 0.249700 0.293600 0.243000 0.227200 0.248700 0.255000 0.235100 0.221200 0.227300 0.229200 0.233100 0.235800 0.234500 0.212100 0.264100 0.239900 0.227200 0.250100 0.240900 0.264600 0.219700 0.234800 0.240200 0.235000 0.230100 0.257300 0.257500 0.270700 0.233400 0.227200 0.212900 0.233500 0.219600 0.232800 0.250000 0.254300 0.220500 0.240800 0.247600 0.268200 0.242900 0.242300
DefassaWat 0.109900 0.247000 0.122100 0.270500 0.000000 0.122000 0.066900 0.096400 0.135200 0.132700 0.109500 0.140900 0.114900 0.067100 0.085300 0.102500 0.145700 0.132800 0.102600 0.128400 0.108600 0.103300 0.139900 0.113800 0.121900 0.102300 0.096200 0.122100 0.102300 0.134600 0.132600 0.073000 0.178200 0.102500 0.091300 0.140700 0.116000 0.021300 0.096400 0.126800 0.139500 0.096800 0.120300 0.108000 0.128200 0.089900 0.096800 0.102200 0.084200 0.114500 0.115800 0.128000
Sheep 0.016500 0.248100 0.128400 0.243800 0.122000 0.000000 0.073100 0.114900 0.141700 0.139600 0.044300 0.140700 0.097000 0.084900 0.127900 0.121400 0.146500 0.139900 0.061400 0.134800 0.102800 0.027500 0.146800 0.108300 0.055700 0.108700 0.078700 0.128400 0.108900 0.141000 0.139500 0.091000 0.172100 0.084800 0.073700 0.153500 0.050100 0.115600 0.090700 0.121400 0.146400 0.103000 0.127100 0.114600 0.140700 0.102200 0.115500 0.121000 0.090600 0.145600 0.109900 0.121900
MaxwellsDu 0.067300 0.202300 0.084500 0.213200 0.066900 0.073100 0.000000 0.049400 0.096800 0.072300 0.072800 0.096400 0.055500 0.010800 0.061100 0.066800 0.084300 0.072500 0.055300 0.090500 0.060800 0.055500 0.078500 0.043600 0.084600 0.055100 0.038300 0.084500 0.043900 0.096400 0.072300 0.016200 0.126400 0.044000 0.033000 0.096500 0.078800 0.066800 0.038300 0.055200 0.078300 0.049700 0.060800 0.060600 0.084600 0.032600 0.049700 0.043800 0.027100 0.089500 0.078700 0.090200
GazellaPrz 0.109000 0.237400 0.108500 0.219000 0.096400 0.114900 0.049400 0.000000 0.108500 0.066400 0.102500 0.114700 0.090400 0.049500 0.090200 0.049300 0.102000 0.090000 0.096000 0.102600 0.054600 0.096500 0.078300 0.060500 0.114600 0.038000 0.078100 0.108500 0.038000 0.108000 0.066400 0.055300 0.157900 0.084200 0.073100 0.114600 0.108800 0.096300 0.032400 0.072400 0.084000 0.032600 0.055000 0.066300 0.102600 0.072000 0.032600 0.072200 0.066400 0.107500 0.102500 0.114300
MountainNy 0.135600 0.270700 0.021300 0.266100 0.135200 0.141700 0.096800 0.108500 0.000000 0.133400 0.128800 0.109800 0.134200 0.084800 0.109700 0.120900 0.146700 0.133700 0.146600 0.027400 0.108700 0.122400 0.134100 0.114400 0.141500 0.102300 0.114900 0.010600 0.114600 0.010800 0.133400 0.103200 0.199200 0.121500 0.122600 0.097500 0.135400 0.134900 0.096500 0.127500 0.127500 0.108900 0.121000 0.120800 0.097600 0.120700 0.109000 0.115100 0.114800 0.146100 0.027300 0.027300
MuntiacusM 0.133500 0.223200 0.120500 0.219700 0.132700 0.139600 0.072300 0.066400 0.133400 0.000000 0.126800 0.126700 0.114500 0.072400 0.113100 0.107900 0.090100 0.078300 0.120100 0.126700 0.101600 0.120600 0.066200 0.038000 0.139200 0.095700 0.101800 0.120500 0.095900 0.132900 0.021400 0.078300 0.145100 0.108100 0.096800 0.126700 0.133300 0.132600 0.078100 0.049500 0.066000 0.090100 0.010500 0.043700 0.114500 0.095400 0.090200 0.095600 0.089700 0.119400 0.114400 0.120300
goat 0.038800 0.247000 0.115800 0.249700 0.109500 0.044300 0.072800 0.102500 0.128800 0.126800 0.000000 0.127900 0.084700 0.072900 0.115300 0.121200 0.133500 0.127000 0.072700 0.122000 0.102600 0.016400 0.121500 0.108000 0.010700 0.108500 0.066700 0.115800 0.108600 0.128200 0.126700 0.078900 0.158700 0.072800 0.061700 0.140500 0.005400 0.103200 0.078700 0.121000 0.108800 0.102900 0.114500 0.102200 0.128000 0.090100 0.090900 0.108400 0.090300 0.132800 0.109600 0.121600
AfricanBuf 0.134700 0.284700 0.097200 0.293600 0.140900 0.140700 0.096400 0.114700 0.109800 0.126700 0.127900 0.000000 0.146400 0.096600 0.127900 0.133600 0.139700 0.126900 0.133400 0.103300 0.102700 0.121600 0.133800 0.107900 0.128000 0.120800 0.126900 0.097200 0.120900 0.109400 0.126700 0.102800 0.172100 0.133500 0.122100 0.061400 0.134500 0.140600 0.090500 0.120900 0.133400 0.115200 0.114400 0.114200 0.049900 0.120200 0.115200 0.120600 0.114400 0.139300 0.091200 0.103000
Topi 0.091000 0.210100 0.108800 0.243000 0.114900 0.097000 0.055500 0.090400 0.134200 0.114500 0.084700 0.146400 0.000000 0.066800 0.108800 0.102800 0.121100 0.121100 0.066700 0.127400 0.108400 0.067200 0.121200 0.090100 0.096600 0.090500 0.016200 0.121200 0.078800 0.133700 0.114500 0.073000 0.165300 0.021700 0.044300 0.133200 0.090800 0.108700 0.084600 0.102600 0.096500 0.084900 0.102400 0.096100 0.134000 0.072500 0.084600 0.101900 0.072700 0.126200 0.115100 0.127100
CommonDuik 0.079100 0.216500 0.072700 0.227200 0.067100 0.084900 0.010800 0.049500 0.084800 0.072400 0.072900 0.096600 0.066800 0.000000 0.061200 0.066800 0.084400 0.072600 0.066600 0.078600 0.060900 0.067100 0.078600 0.054900 0.084700 0.055200 0.049400 0.072700 0.055300 0.084400 0.072400 0.016300 0.126600 0.055400 0.044200 0.096300 0.079000 0.067000 0.038300 0.066700 0.078400 0.049700 0.060900 0.060700 0.084800 0.032600 0.049600 0.042900 0.027100 0.089700 0.066900 0.078300
Suni 0.122000 0.253500 0.097100 0.248700 0.085300 0.127900 0.061100 0.090200 0.109700 0.113100 0.115300 0.127900 0.108800 0.061200 0.000000 0.108400 0.126800 0.114300 0.096500 0.103200 0.090400 0.109100 0.126000 0.095600 0.127700 0.096100 0.090200 0.097100 0.096200 0.109200 0.113000 0.067100 0.171300 0.096500 0.085300 0.115500 0.121800 0.097000 0.078500 0.108300 0.125600 0.090600 0.101100 0.089900 0.103200 0.084000 0.090600 0.072600 0.078300 0.132700 0.103000 0.096900
Springbuck 0.109200 0.252000 0.127300 0.255000 0.102500 0.121400 0.066800 0.049300 0.120900 0.107900 0.121200 0.133600 0.102800 0.066800 0.108400 0.000000 0.120700 0.108300 0.102300 0.133500 0.060600 0.115000 0.096300 0.089700 0.133600 0.027000 0.084300 0.127300 0.032500 0.126600 0.107900 0.072800 0.178000 0.090500 0.091200 0.133500 0.115100 0.114600 0.049300 0.102200 0.114300 0.027200 0.096000 0.095700 0.121100 0.078100 0.049500 0.090000 0.072500 0.113700 0.121100 0.133200
Okapi 0.140300 0.238300 0.120900 0.235100 0.145700 0.146500 0.084300 0.102000 0.146700 0.090100 0.133500 0.139700 0.121100 0.084400 0.126800 0.120700 0.000000 0.032700 0.133100 0.139700 0.114100 0.127300 0.096500 0.072200 0.133400 0.108100 0.114400 0.133400 0.108400 0.146000 0.090100 0.090500 0.108100 0.120900 0.109500 0.139800 0.140100 0.145700 0.090300 0.084400 0.096300 0.102500 0.078400 0.078100 0.127300 0.107800 0.090700 0.108000 0.102000 0.107700 0.127300 0.139400
Giraffe 0.133700 0.252300 0.120700 0.221200 0.132800 0.139900 0.072500 0.090000 0.133700 0.078300 0.127000 0.126900 0.121100 0.072600 0.114300 0.108300 0.032700 0.000000 0.120400 0.126900 0.101900 0.120800 0.084500 0.060700 0.126900 0.096000 0.102100 0.120700 0.084400 0.133200 0.078300 0.078600 0.095900 0.108400 0.097100 0.127000 0.133500 0.132800 0.078400 0.072600 0.084300 0.090400 0.066700 0.066400 0.114700 0.095700 0.078700 0.095900 0.090000 0.119600 0.114700 0.126700
TibetanAnt 0.067200 0.216500 0.133400 0.227300 0.102600 0.061400 0.055300 0.096000 0.146600 0.120100 0.072700 0.133400 0.066700 0.066600 0.096500 0.102300 0.133100 0.120400 0.000000 0.139600 0.084100 0.055500 0.126900 0.089700 0.084400 0.090100 0.049300 0.133400 0.090200 0.146000 0.120100 0.072700 0.164600 0.055100 0.044100 0.145600 0.078700 0.108400 0.084300 0.102200 0.114200 0.078700 0.108000 0.095700 0.133500 0.083800 0.084300 0.101600 0.084000 0.125800 0.114900 0.126900
Sitatunga 0.128800 0.269500 0.015900 0.229200 0.128400 0.134800 0.090500 0.102600 0.027400 0.126700 0.122000 0.103300 0.127400 0.078600 0.103200 0.133500 0.139700 0.126900 0.139600 0.000000 0.114900 0.115700 0.133700 0.107900 0.134600 0.120700 0.108300 0.016000 0.120900 0.027300 0.126600 0.096800 0.191600 0.114800 0.115900 0.091100 0.128600 0.128100 0.102500 0.120800 0.120800 0.115100 0.114400 0.114200 0.091300 0.114000 0.115200 0.108500 0.108300 0.139200 0.021700 0.021700
Oribi 0.096900 0.237900 0.108700 0.233100 0.108600 0.102800 0.060800 0.054600 0.108700 0.101600 0.102600 0.102700 0.108400 0.060900 0.090400 0.060600 0.114100 0.101900 0.084100 0.114900 0.000000 0.096500 0.102100 0.083500 0.114700 0.049100 0.089900 0.108700 0.060500 0.108200 0.101600 0.066800 0.170800 0.096100 0.085000 0.114800 0.108900 0.108500 0.043500 0.095900 0.107900 0.043700 0.089800 0.089600 0.102700 0.083700 0.055100 0.083900 0.078000 0.084000 0.102700 0.114500
BarbaryShe 0.022000 0.232600 0.109500 0.235800 0.103300 0.027500 0.055500 0.096500 0.122400 0.120600 0.016400 0.121600 0.067200 0.067100 0.109100 0.115000 0.127300 0.120800 0.055500 0.115700 0.096500 0.000000 0.127500 0.090100 0.027400 0.102500 0.049600 0.109500 0.090500 0.121900 0.120600 0.073100 0.152300 0.055500 0.044500 0.134100 0.021900 0.097100 0.072800 0.102700 0.114800 0.096900 0.108400 0.096200 0.121600 0.084200 0.085000 0.102400 0.084400 0.139000 0.103500 0.115400
Daviddeer 0.140700 0.238200 0.127400 0.234500 0.139900 0.146800 0.078500 0.078300 0.134100 0.066200 0.121500 0.133800 0.121200 0.078600 0.126000 0.096300 0.096500 0.084500 0.126900 0.133700 0.102100 0.127500 0.000000 0.055100 0.133900 0.096100 0.108300 0.127400 0.096300 0.133600 0.066100 0.084600 0.152200 0.114700 0.103400 0.133700 0.115400 0.139700 0.078500 0.055400 0.032400 0.090500 0.054800 0.060900 0.121300 0.101800 0.090600 0.102100 0.096100 0.126200 0.121300 0.127200
Reindeer 0.102400 0.201500 0.101800 0.212100 0.113800 0.108300 0.043600 0.060500 0.114400 0.038000 0.108000 0.107900 0.090100 0.054900 0.095600 0.089700 0.072200 0.060700 0.089700 0.107900 0.083500 0.090100 0.055100 0.000000 0.120100 0.077700 0.072100 0.101800 0.066400 0.113900 0.038000 0.060700 0.125900 0.078100 0.067000 0.107900 0.114300 0.113700 0.060600 0.021600 0.055000 0.072200 0.027000 0.015800 0.095900 0.077500 0.072300 0.077600 0.071900 0.100900 0.095900 0.107600
Ibex 0.050200 0.261600 0.128200 0.264100 0.121900 0.055700 0.084600 0.114600 0.141500 0.139200 0.010700 0.128000 0.096600 0.084700 0.127700 0.133600 0.133400 0.126900 0.084400 0.134600 0.114700 0.027400 0.133900 0.120100 0.000000 0.120700 0.078400 0.128200 0.120800 0.140800 0.139200 0.090800 0.145900 0.084500 0.073400 0.153300 0.016400 0.115500 0.090500 0.133400 0.121000 0.115100 0.126700 0.114300 0.140500 0.102000 0.103000 0.120600 0.102300 0.145300 0.122000 0.134100
GyrantGaze 0.102800 0.244000 0.114600 0.239900 0.102300 0.108700 0.055100 0.038000 0.102300 0.095700 0.108500 0.120800 0.090500 0.055200 0.096100 0.027000 0.108100 0.096000 0.090100 0.120700 0.049100 0.102500 0.096100 0.077700 0.120700 0.000000 0.072400 0.114600 0.032500 0.114100 0.095700 0.061000 0.164500 0.078500 0.079000 0.120800 0.114900 0.102200 0.038000 0.090000 0.101900 0.005400 0.083900 0.083700 0.108600 0.066400 0.038200 0.078000 0.060800 0.101400 0.108500 0.120400
Hartebeest 0.072900 0.202100 0.102300 0.227200 0.096200 0.078700 0.038300 0.078100 0.114900 0.101800 0.066700 0.126900 0.016200 0.049400 0.090200 0.084300 0.114400 0.102100 0.049300 0.108300 0.089900 0.049600 0.108300 0.072100 0.078400 0.072400 0.000000 0.102300 0.060900 0.114400 0.101800 0.055300 0.145200 0.005300 0.026900 0.114200 0.072700 0.090200 0.066700 0.084200 0.084100 0.066900 0.089900 0.077900 0.114700 0.055000 0.066700 0.083700 0.055100 0.119500 0.096300 0.108100
Bongo 0.122400 0.254300 0.010600 0.250100 0.122100 0.128400 0.084500 0.108500 0.010600 0.120500 0.115800 0.097200 0.121200 0.072700 0.097100 0.127300 0.133400 0.120700 0.133400 0.016000 0.108700 0.109500 0.127400 0.101800 0.128200 0.114600 0.102300 0.000000 0.114700 0.010800 0.120400 0.090800 0.185000 0.108700 0.109700 0.085200 0.122200 0.121800 0.096500 0.114700 0.114700 0.109000 0.108300 0.108100 0.085300 0.108000 0.109100 0.102400 0.102200 0.132900 0.016200 0.015800
Gerenuk 0.102900 0.244800 0.114700 0.240900 0.102300 0.108900 0.043900 0.038000 0.114600 0.095900 0.108600 0.120900 0.078800 0.055300 0.096200 0.032500 0.108400 0.084400 0.090200 0.120900 0.060500 0.090500 0.096300 0.066400 0.120800 0.032500 0.060900 0.114700 0.000000 0.114200 0.095900 0.061100 0.164700 0.066900 0.067400 0.120900 0.114900 0.102200 0.038100 0.078400 0.102100 0.027200 0.084100 0.083800 0.108700 0.066500 0.038300 0.078200 0.060900 0.113600 0.108700 0.120600
CommonElan 0.135000 0.268900 0.021800 0.264600 0.134600 0.141000 0.096400 0.108000 0.010800 0.132900 0.128200 0.109400 0.133700 0.084400 0.109200 0.126600 0.146000 0.133200 0.146000 0.027300 0.108200 0.121900 0.133600 0.113900 0.140800 0.114100 0.114400 0.010800 0.114200 0.000000 0.132800 0.102800 0.198400 0.121000 0.122100 0.097200 0.134800 0.134300 0.096100 0.127000 0.127000 0.108500 0.120500 0.120200 0.097300 0.120200 0.108600 0.114600 0.114300 0.145500 0.027300 0.027300
MuntiacusR 0.133400 0.237000 0.120400 0.219700 0.132600 0.139500 0.072300 0.066400 0.133400 0.021400 0.126700 0.126700 0.114500 0.072400 0.113000 0.107900 0.090100 0.078300 0.120100 0.126600 0.101600 0.120600 0.066100 0.038000 0.139200 0.095700 0.101800 0.120400 0.095900 0.132800 0.000000 0.078300 0.145100 0.108100 0.096800 0.126700 0.133200 0.132500 0.078100 0.049500 0.066000 0.090100 0.010500 0.043700 0.114500 0.095400 0.090200 0.095600 0.089700 0.119300 0.114400 0.120300
HarveysDui 0.085200 0.223900 0.090800 0.234800 0.073000 0.091000 0.016200 0.055300 0.103200 0.078300 0.078900 0.102800 0.073000 0.016300 0.067100 0.072800 0.090500 0.078600 0.072700 0.096800 0.066800 0.073100 0.084600 0.060700 0.090800 0.061000 0.055300 0.090800 0.061100 0.102800 0.078300 0.000000 0.133100 0.061200 0.050200 0.102900 0.085000 0.072900 0.044000 0.072700 0.084400 0.055500 0.066700 0.066500 0.090900 0.038200 0.055600 0.049600 0.032700 0.095800 0.084800 0.096500
Pronghorn 0.165800 0.272900 0.185000 0.240200 0.178200 0.172100 0.126400 0.157900 0.199200 0.145100 0.158700 0.172100 0.165300 0.126600 0.171300 0.178000 0.108100 0.095900 0.164600 0.191600 0.170800 0.152300 0.152200 0.125900 0.145900 0.164500 0.145200 0.185000 0.164700 0.198400 0.145100 0.133100 0.000000 0.152000 0.140400 0.185200 0.165500 0.178000 0.132800 0.139100 0.139200 0.158700 0.132700 0.132200 0.172000 0.151000 0.133400 0.164200 0.144900 0.163700 0.178400 0.191200
BlueWildeb 0.079000 0.202700 0.108700 0.235000 0.102500 0.084800 0.044000 0.084200 0.121500 0.108100 0.072800 0.133500 0.021700 0.055400 0.096500 0.090500 0.120900 0.108400 0.055100 0.114800 0.096100 0.055500 0.114700 0.078100 0.084500 0.078500 0.005300 0.108700 0.066900 0.121000 0.108100 0.061200 0.152000 0.000000 0.026400 0.120700 0.078800 0.096400 0.072700 0.090400 0.090300 0.072900 0.096100 0.084000 0.121200 0.060800 0.072700 0.089900 0.061000 0.126000 0.102700 0.114500
Gemsbok 0.067800 0.189900 0.109700 0.230100 0.091300 0.073700 0.033000 0.073100 0.122600 0.096800 0.061700 0.122100 0.044300 0.044200 0.085300 0.091200 0.109500 0.097100 0.044100 0.115900 0.085000 0.044500 0.103400 0.067000 0.073400 0.079000 0.026900 0.109700 0.067400 0.122100 0.096800 0.050200 0.140400 0.026400 0.000000 0.121700 0.067700 0.085200 0.061600 0.079200 0.091000 0.073400 0.084900 0.072900 0.109800 0.061300 0.061600 0.078700 0.061400 0.114700 0.103600 0.115600
Yak 0.147400 0.276400 0.085200 0.257300 0.140700 0.153500 0.096500 0.114600 0.097500 0.126700 0.140500 0.061400 0.133200 0.096300 0.115500 0.133500 0.139800 0.127000 0.145600 0.091100 0.114800 0.134100 0.133700 0.107900 0.153300 0.120800 0.114200 0.085200 0.120900 0.097200 0.126700 0.102900 0.185200 0.120700 0.121700 0.000000 0.147200 0.140500 0.090500 0.120800 0.120900 0.115200 0.114500 0.114100 0.021900 0.120300 0.114800 0.108100 0.114500 0.139300 0.091000 0.090900
BlueSheep 0.044600 0.247300 0.122200 0.257500 0.116000 0.050100 0.078800 0.108800 0.135400 0.133300 0.005400 0.134500 0.090800 0.079000 0.121800 0.115100 0.140100 0.133500 0.078700 0.128600 0.108900 0.021900 0.115400 0.114300 0.016400 0.114900 0.072700 0.122200 0.114900 0.134800 0.133200 0.085000 0.165500 0.078800 0.067700 0.147200 0.000000 0.109600 0.084700 0.127400 0.115100 0.109200 0.120800 0.108500 0.134500 0.096200 0.097100 0.114800 0.096500 0.139300 0.116000 0.128100
BohorReedb 0.109700 0.246700 0.121800 0.270700 0.021300 0.115600 0.066800 0.096300 0.134900 0.132600 0.103200 0.140600 0.108700 0.067000 0.097000 0.114600 0.145700 0.132800 0.108400 0.128100 0.108500 0.097100 0.139700 0.113700 0.115500 0.102200 0.090200 0.121800 0.102200 0.134300 0.132500 0.072900 0.178000 0.096400 0.085200 0.140500 0.109600 0.000000 0.096300 0.126700 0.139300 0.096600 0.120200 0.107900 0.127900 0.078100 0.096700 0.102100 0.084200 0.114200 0.115600 0.127700
KirksDik 0.084900 0.237200 0.096500 0.233400 0.096400 0.090700 0.038300 0.032400 0.096500 0.078100 0.078700 0.090500 0.084600 0.038300 0.078500 0.049300 0.090300 0.078400 0.084300 0.102500 0.043500 0.072800 0.078500 0.060600 0.090500 0.038000 0.066700 0.096500 0.038100 0.096100 0.078100 0.044000 0.132800 0.072700 0.061600 0.090500 0.084700 0.096300 0.000000 0.072500 0.084200 0.032700 0.066600 0.066300 0.078800 0.060700 0.032700 0.060800 0.055100 0.107500 0.090600 0.102300
RoeDeer 0.115300 0.209900 0.114700 0.227200 0.126800 0.121400 0.055200 0.072400 0.127500 0.049500 0.121000 0.120900 0.102600 0.066700 0.108300 0.102200 0.084400 0.072600 0.102200 0.120800 0.095900 0.102700 0.055400 0.021600 0.133400 0.090000 0.084200 0.114700 0.078400 0.127000 0.049500 0.072700 0.139100 0.090400 0.079200 0.120800 0.127400 0.126700 0.072500 0.000000 0.055300 0.084400 0.038300 0.038200 0.108600 0.089700 0.084500 0.089900 0.084000 0.113600 0.108600 0.120500
WhiteLippe 0.140200 0.223200 0.114700 0.212900 0.139500 0.146400 0.078300 0.084000 0.127500 0.066000 0.108800 0.133400 0.096500 0.078400 0.125600 0.114300 0.096300 0.084300 0.114200 0.120800 0.107900 0.114800 0.032400 0.055000 0.121000 0.101900 0.084100 0.114700 0.102100 0.127000 0.066000 0.084400 0.139200 0.090300 0.091000 0.120900 0.115100 0.139300 0.084200 0.055300 0.000000 0.096400 0.054700 0.060700 0.121000 0.101600 0.084500 0.101800 0.095800 0.125900 0.108600 0.114500
ThomsonGaz 0.097100 0.237700 0.109000 0.233500 0.096800 0.103000 0.049700 0.032600 0.108900 0.090100 0.102900 0.115200 0.084900 0.049700 0.090600 0.027200 0.102500 0.090400 0.078700 0.115100 0.043700 0.096900 0.090500 0.072200 0.115100 0.005400 0.066900 0.109000 0.027200 0.108500 0.090100 0.055500 0.158700 0.072900 0.073400 0.115200 0.109200 0.096600 0.032700 0.084400 0.096400 0.000000 0.078400 0.078100 0.103100 0.060900 0.032800 0.072500 0.055300 0.095900 0.102900 0.114800
MuntiacusC 0.121000 0.222800 0.108300 0.219600 0.120300 0.127100 0.060800 0.055000 0.121000 0.010500 0.114500 0.114400 0.102400 0.060900 0.101100 0.096000 0.078400 0.066700 0.108000 0.114400 0.089800 0.108400 0.054800 0.027000 0.126700 0.083900 0.089900 0.108300 0.084100 0.120500 0.010500 0.066700 0.132700 0.096100 0.084900 0.114500 0.120800 0.120200 0.066600 0.038300 0.054700 0.078400 0.000000 0.032600 0.102400 0.083700 0.078500 0.083800 0.078000 0.107300 0.102300 0.108200
WhiteTaile 0.108700 0.195000 0.108100 0.232800 0.108000 0.114600 0.060600 0.066300 0.120800 0.043700 0.102200 0.114200 0.096100 0.060700 0.089900 0.095700 0.078100 0.066400 0.095700 0.114200 0.089600 0.096200 0.060900 0.015800 0.114300 0.083700 0.077900 0.108100 0.083800 0.120200 0.043700 0.066500 0.132200 0.084000 0.072900 0.114100 0.108500 0.107900 0.066300 0.038200 0.060700 0.078100 0.032600 0.000000 0.102100 0.083400 0.078200 0.083600 0.077700 0.107100 0.102100 0.113900
Cattle 0.134700 0.268300 0.085300 0.250000 0.128200 0.140700 0.084600 0.102600 0.097600 0.114500 0.128000 0.049900 0.134000 0.084800 0.103200 0.121100 0.127300 0.114700 0.133500 0.091300 0.102700 0.121600 0.121300 0.095900 0.140500 0.108600 0.114700 0.085300 0.108700 0.097300 0.114500 0.090900 0.172000 0.121200 0.109800 0.021900 0.134500 0.127900 0.078800 0.108600 0.121000 0.103100 0.102400 0.102100 0.000000 0.108200 0.103100 0.096500 0.102400 0.126800 0.091100 0.091000
RoyalAntel 0.096300 0.242900 0.108000 0.254300 0.089900 0.102200 0.032600 0.072000 0.120700 0.095400 0.090100 0.120200 0.072500 0.032600 0.084000 0.078100 0.107800 0.095700 0.083800 0.114000 0.083700 0.084200 0.101800 0.077500 0.102000 0.066400 0.055000 0.108000 0.066500 0.120200 0.095400 0.038200 0.151000 0.060800 0.061300 0.120300 0.096200 0.078100 0.060700 0.089700 0.101600 0.060900 0.083700 0.083400 0.108200 0.000000 0.072400 0.054900 0.038100 0.112900 0.102000 0.113800
Steenbok 0.109500 0.238400 0.109100 0.220500 0.096800 0.115500 0.049700 0.032600 0.109000 0.090200 0.090900 0.115200 0.084600 0.049600 0.090600 0.049500 0.090700 0.078700 0.084300 0.115200 0.055100 0.085000 0.090600 0.072300 0.103000 0.038200 0.066700 0.109100 0.038300 0.108600 0.090200 0.055600 0.133400 0.072700 0.061600 0.114800 0.097100 0.096700 0.032700 0.084500 0.084500 0.032800 0.078500 0.078200 0.103100 0.072400 0.000000 0.070200 0.066800 0.108000 0.103000 0.114900
Impala 0.114900 0.258500 0.102400 0.240800 0.102200 0.121000 0.043800 0.072200 0.115100 0.095600 0.108400 0.120600 0.101900 0.042900 0.072600 0.090000 0.108000 0.095900 0.101600 0.108500 0.083900 0.102400 0.102100 0.077600 0.120600 0.078000 0.083700 0.102400 0.078200 0.114600 0.095600 0.049600 0.164200 0.089900 0.078700 0.108100 0.114800 0.102100 0.060800 0.089900 0.101800 0.072500 0.083800 0.083600 0.096500 0.054900 0.070200 0.000000 0.060700 0.125500 0.108400 0.108200
Klipspring 0.096600 0.236600 0.102200 0.247600 0.084200 0.090600 0.027100 0.066400 0.114800 0.089700 0.090300 0.114400 0.072700 0.027100 0.078300 0.072500 0.102000 0.090000 0.084000 0.108300 0.078000 0.084400 0.096100 0.071900 0.102300 0.060800 0.055100 0.102200 0.060900 0.114300 0.089700 0.032700 0.144900 0.061000 0.061400 0.114500 0.096500 0.084200 0.055100 0.084000 0.095800 0.055300 0.078000 0.077700 0.102400 0.038100 0.066800 0.060700 0.000000 0.107200 0.096300 0.108000
ForestMusk 0.139600 0.229700 0.120400 0.268200 0.114500 0.145600 0.089500 0.107500 0.146100 0.119400 0.132800 0.139300 0.126200 0.089700 0.132700 0.113700 0.107700 0.119600 0.125800 0.139200 0.084000 0.139000 0.126200 0.100900 0.145300 0.101400 0.119500 0.132900 0.113600 0.145500 0.119300 0.095800 0.163700 0.126000 0.114700 0.139300 0.139300 0.114200 0.107500 0.113600 0.125900 0.095900 0.107300 0.107100 0.126800 0.112900 0.108000 0.125500 0.107200 0.000000 0.126700 0.138800
Bushbuck 0.116200 0.254700 0.015900 0.242900 0.115800 0.109900 0.078700 0.102500 0.027300 0.114400 0.109600 0.091200 0.115100 0.066900 0.103000 0.121100 0.127300 0.114700 0.114900 0.021700 0.102700 0.103500 0.121300 0.095900 0.122000 0.108500 0.096300 0.016200 0.108700 0.027300 0.114400 0.084800 0.178400 0.102700 0.103600 0.091000 0.116000 0.115600 0.090600 0.108600 0.108600 0.102900 0.102300 0.102100 0.091100 0.102000 0.103000 0.108400 0.096300 0.126700 0.000000 0.010800
GreaterKud 0.128300 0.268300 0.015800 0.242300 0.128000 0.121900 0.090200 0.114300 0.027300 0.120300 0.121600 0.103000 0.127100 0.078300 0.096900 0.133200 0.139400 0.126700 0.126900 0.021700 0.114500 0.115400 0.127200 0.107600 0.134100 0.120400 0.108100 0.015800 0.120600 0.027300 0.120300 0.096500 0.191200 0.114500 0.115600 0.090900 0.128100 0.127700 0.102300 0.120500 0.114500 0.114800 0.108200 0.113900 0.091000 0.113800 0.114900 0.108200 0.108000 0.138800 0.010800 0.000000
