1
52 1
Argali 0.000000 0.251800 0.071600 0.249700 0.047800 0.000000 0.072800 0.063400 0.047100 0.152000 0.000000 0.047200 0.046200 0.072800 0.098200 0.073700 0.048200 0.072800 0.046900 0.047200 0.047200 0.022900 0.098800 0.125000 0.000200 0.047000 0.046200 0.047600 0.071700 0.047100 0.152000 0.153300 0.154700 0.070600 0.022900 0.074000 0.000000 0.073900 0.071500 0.092300 0.098800 0.047000 0.152000 0.095000 0.047200 0.072700 0.071500 0.073200 0.098900 0.126000 0.047100 0.047100
LesserMous 0.251800 0.000000 0.314700 0.134500 0.269400 0.251800 0.238100 0.309300 0.281100 0.205000 0.251800 0.282200 0.309300 0.238100 0.272000 0.306100 0.206700 0.237400 0.252700 0.281000 0.265900 0.285900 0.273500 0.283600 0.250600 0.265400 0.309300 0.265500 0.301600 0.281100 0.205000 0.300600 0.277800 0.350900 0.282100 0.289900 0.251800 0.297400 0.279800 0.277000 0.273500 0.264000 0.205000 0.279200 0.282200 0.304100 0.286100 0.305400 0.340600 0.301600 0.281100 0.281100
LesserKudu 0.071600 0.314700 0.000000 0.207400 0.023100 0.071600 0.046800 0.047700 0.022700 0.121700 0.071600 0.022900 0.058400 0.046800 0.071300 0.047500 0.071400 0.046900 0.072000 0.022800 0.022900 0.047100 0.071600 0.100100 0.070700 0.022800 0.058400 0.023000 0.046300 0.023200 0.121700 0.115900 0.113700 0.086500 0.046900 0.047400 0.071600 0.047600 0.055600 0.072400 0.071600 0.022800 0.121700 0.072900 0.022900 0.047000 0.027700 0.047300 0.092200 0.098000 0.023400 0.022700
KillerWhal 0.249700 0.134500 0.207400 0.000000 0.167200 0.249700 0.139000 0.199100 0.178700 0.165600 0.249700 0.178900 0.193500 0.139000 0.166800 0.197600 0.168500 0.138400 0.173700 0.178800 0.164400 0.217500 0.169200 0.174400 0.243600 0.162400 0.193500 0.163900 0.192400 0.178700 0.165600 0.230400 0.137700 0.224000 0.213400 0.183700 0.249700 0.189500 0.177300 0.170800 0.169200 0.162600 0.165600 0.172000 0.178900 0.197600 0.162300 0.198600 0.228700 0.263000 0.178700 0.178700
DefassaWat 0.047800 0.269400 0.023100 0.167200 0.000000 0.047800 0.023200 0.024000 0.000300 0.097500 0.047800 0.000300 0.038700 0.023400 0.047600 0.023800 0.047600 0.023500 0.048000 0.000400 0.000100 0.023500 0.047800 0.075200 0.047200 0.000200 0.038700 0.000300 0.023100 0.000300 0.097500 0.098800 0.099700 0.066900 0.023500 0.023800 0.047800 0.023800 0.023100 0.048400 0.047800 0.000200 0.097500 0.048700 0.000300 0.023200 0.000300 0.023700 0.048000 0.073300 0.000300 0.000300
Sheep 0.000000 0.251800 0.071600 0.249700 0.047800 0.000000 0.072800 0.063400 0.047100 0.152000 0.000000 0.047200 0.046200 0.072800 0.098200 0.073700 0.048200 0.072800 0.046900 0.047200 0.047200 0.022900 0.098800 0.125000 0.000200 0.047000 0.046200 0.047600 0.071700 0.047100 0.152000 0.153300 0.154700 0.070600 0.022900 0.074000 0.000000 0.073900 0.071500 0.092300 0.098800 0.047000 0.152000 0.095000 0.047200 0.072700 0.071500 0.073200 0.098900 0.126000 0.047100 0.047100
MaxwellsDu 0.072800 0.238100 0.046800 0.139000 0.023200 0.072800 0.000000 0.048700 0.023000 0.072700 0.072800 0.023200 0.066300 0.000000 0.072600 0.048300 0.023700 0.000200 0.023900 0.023000 0.023300 0.047800 0.023800 0.049800 0.072000 0.023100 0.066300 0.023400 0.047000 0.023000 0.072700 0.073500 0.074300 0.093700 0.047600 0.048300 0.072800 0.048200 0.046800 0.024000 0.023800 0.023100 0.072700 0.024200 0.023200 0.047600 0.034100 0.048100 0.072900 0.099000 0.023000 0.023000
GazellaPrz 0.063400 0.309300 0.047700 0.199100 0.024000 0.063400 0.048700 0.000000 0.023600 0.126900 0.063400 0.023700 0.050100 0.048700 0.074200 0.049400 0.074400 0.048800 0.062100 0.023600 0.023800 0.034100 0.074500 0.103800 0.059800 0.023600 0.050100 0.023900 0.048100 0.023600 0.126900 0.128300 0.129600 0.082700 0.037900 0.049100 0.063400 0.049300 0.047800 0.075100 0.074500 0.023700 0.126900 0.075600 0.023700 0.048800 0.030800 0.049000 0.074400 0.101300 0.023600 0.023600
MountainNy 0.047100 0.281100 0.022700 0.178700 0.000300 0.047100 0.023000 0.023600 0.000000 0.096100 0.047100 0.000300 0.030600 0.023000 0.047000 0.023500 0.047100 0.022900 0.047300 0.000100 0.000400 0.023300 0.047100 0.074000 0.046400 0.000500 0.030600 0.000100 0.022900 0.000000 0.096100 0.088100 0.086000 0.059200 0.023200 0.023400 0.047100 0.023500 0.028500 0.047500 0.047100 0.000500 0.096100 0.047900 0.000300 0.023200 0.000600 0.023300 0.065000 0.072300 0.000000 0.000000
MuntiacusM 0.152000 0.205000 0.121700 0.165600 0.097500 0.152000 0.072700 0.126900 0.096100 0.000000 0.152000 0.096400 0.147700 0.072700 0.123300 0.125300 0.098600 0.072700 0.099300 0.096200 0.096500 0.124600 0.047100 0.048600 0.150600 0.095800 0.147700 0.097200 0.122000 0.096100 0.000000 0.152900 0.154500 0.177300 0.124300 0.098700 0.152000 0.126100 0.121600 0.047600 0.047100 0.095900 0.000000 0.047900 0.096400 0.097400 0.116700 0.098100 0.124100 0.180100 0.096100 0.096100
goat 0.000000 0.251800 0.071600 0.249700 0.047800 0.000000 0.072800 0.063400 0.047100 0.152000 0.000000 0.047200 0.046200 0.072800 0.098200 0.073700 0.048200 0.072800 0.046900 0.047200 0.047200 0.022900 0.098800 0.125000 0.000200 0.047000 0.046200 0.047600 0.071700 0.047100 0.152000 0.153300 0.154700 0.070600 0.022900 0.074000 0.000000 0.073900 0.071500 0.092300 0.098800 0.047000 0.152000 0.095000 0.047200 0.072700 0.071500 0.073200 0.098900 0.126000 0.047100 0.047100
AfricanBuf 0.047200 0.282200 0.022900 0.178900 0.000300 0.047200 0.023200 0.023700 0.000300 0.096400 0.047200 0.000000 0.032300 0.023200 0.047100 0.023600 0.047200 0.023100 0.047400 0.000300 0.000300 0.023300 0.047300 0.074300 0.046500 0.000400 0.032300 0.000300 0.022900 0.000300 0.096400 0.097600 0.087500 0.061000 0.023200 0.023500 0.047200 0.023600 0.029700 0.047800 0.047300 0.000400 0.096400 0.048100 0.000000 0.023300 0.000500 0.023400 0.047400 0.072400 0.000300 0.000300
Topi 0.046200 0.309300 0.058400 0.193500 0.038700 0.046200 0.066300 0.050100 0.030600 0.147700 0.046200 0.032300 0.000000 0.066300 0.090600 0.064500 0.093200 0.062800 0.046400 0.029700 0.041800 0.022800 0.091600 0.115400 0.045900 0.037900 0.000000 0.032100 0.065100 0.030600 0.147700 0.146000 0.147200 0.022500 0.022800 0.058800 0.046200 0.067700 0.065400 0.078800 0.091600 0.038300 0.147700 0.083200 0.032300 0.065900 0.022900 0.064000 0.090100 0.120200 0.030600 0.030600
CommonDuik 0.072800 0.238100 0.046800 0.139000 0.023400 0.072800 0.000000 0.048700 0.023000 0.072700 0.072800 0.023200 0.066300 0.000000 0.072600 0.048300 0.023700 0.000200 0.023900 0.023000 0.023300 0.047800 0.023800 0.049800 0.072000 0.023100 0.066300 0.023400 0.047000 0.023000 0.072700 0.073500 0.074300 0.093700 0.047600 0.048300 0.072800 0.048200 0.046800 0.024000 0.023800 0.023100 0.072700 0.024200 0.023200 0.047600 0.034100 0.048100 0.072900 0.099000 0.023000 0.023000
Suni 0.098200 0.272000 0.071300 0.166800 0.047600 0.098200 0.072600 0.074200 0.047000 0.123300 0.098200 0.047100 0.090600 0.072600 0.000000 0.073400 0.098500 0.072700 0.098700 0.047000 0.047000 0.072400 0.072700 0.101700 0.097100 0.046700 0.090600 0.047500 0.071400 0.047000 0.123300 0.152700 0.100100 0.118600 0.072200 0.073600 0.098200 0.073400 0.070900 0.073600 0.072700 0.046800 0.123300 0.074100 0.047100 0.023500 0.059200 0.023600 0.047700 0.125400 0.047000 0.047000
Springbuck 0.073700 0.306100 0.047500 0.197600 0.023800 0.073700 0.048300 0.049400 0.023500 0.125300 0.073700 0.023600 0.064500 0.048300 0.073400 0.000000 0.073800 0.048400 0.074100 0.023500 0.023500 0.048400 0.073700 0.103200 0.072900 0.023400 0.064500 0.023800 0.047600 0.023500 0.125300 0.126800 0.128600 0.092800 0.048200 0.048900 0.073700 0.048900 0.047400 0.074600 0.073700 0.023400 0.125300 0.075200 0.023600 0.048300 0.032200 0.048700 0.073800 0.100300 0.023500 0.023500
Okapi 0.048200 0.206700 0.071400 0.168500 0.047600 0.048200 0.023700 0.074400 0.047100 0.098600 0.048200 0.047200 0.093200 0.023700 0.098500 0.073800 0.000000 0.023800 0.048500 0.047000 0.047200 0.072800 0.048300 0.076000 0.047600 0.046900 0.093200 0.047600 0.071800 0.047100 0.098600 0.099700 0.101000 0.121000 0.072600 0.073700 0.048200 0.073500 0.071200 0.048900 0.048300 0.047000 0.098600 0.049200 0.047200 0.072000 0.062500 0.073300 0.098500 0.125500 0.047100 0.047100
Giraffe 0.072800 0.237400 0.046900 0.138400 0.023500 0.072800 0.000200 0.048800 0.022900 0.072700 0.072800 0.023100 0.062800 0.000200 0.072700 0.048400 0.023800 0.000000 0.023900 0.022800 0.023200 0.047800 0.023800 0.049900 0.071900 0.023000 0.062800 0.023300 0.047100 0.022900 0.072700 0.073600 0.074400 0.091000 0.047700 0.048300 0.072800 0.048400 0.046700 0.024100 0.023800 0.023000 0.072700 0.024200 0.023100 0.047800 0.030200 0.048100 0.073000 0.099100 0.022900 0.022900
TibetanAnt 0.046900 0.252700 0.072000 0.173700 0.048000 0.046900 0.023900 0.062100 0.047300 0.099300 0.046900 0.047400 0.046400 0.023900 0.098700 0.074100 0.048500 0.023900 0.000000 0.047300 0.047500 0.023100 0.048500 0.066100 0.046500 0.047200 0.046400 0.047800 0.072100 0.047300 0.099300 0.100200 0.092800 0.070900 0.023000 0.074300 0.046900 0.074300 0.071800 0.033900 0.048500 0.047200 0.099300 0.036100 0.047400 0.073100 0.071900 0.073600 0.099400 0.126700 0.047300 0.047300
Sitatunga 0.047200 0.281000 0.022800 0.178800 0.000400 0.047200 0.023000 0.023600 0.000100 0.096200 0.047200 0.000300 0.029700 0.023000 0.047000 0.023500 0.047000 0.022800 0.047300 0.000000 0.000500 0.023300 0.047100 0.074100 0.046500 0.000600 0.029700 0.000200 0.022900 0.000100 0.096200 0.087400 0.084900 0.058200 0.023200 0.023400 0.047200 0.023500 0.027800 0.047500 0.047100 0.000600 0.096200 0.047900 0.000300 0.023300 0.000700 0.023400 0.064100 0.072400 0.000100 0.000100
Oribi 0.047200 0.265900 0.022900 0.164400 0.000100 0.047200 0.023300 0.023800 0.000400 0.096500 0.047200 0.000300 0.041800 0.023300 0.047000 0.023500 0.047200 0.023200 0.047500 0.000500 0.000000 0.023300 0.047300 0.074500 0.046700 0.000100 0.041800 0.000300 0.022900 0.000400 0.096500 0.097700 0.098600 0.068500 0.023200 0.023600 0.047200 0.023600 0.022800 0.047900 0.047300 0.000100 0.096500 0.048200 0.000300 0.023300 0.000200 0.023400 0.047500 0.072500 0.000400 0.000400
BarbaryShe 0.022900 0.285900 0.047100 0.217500 0.023500 0.022900 0.047800 0.034100 0.023300 0.124600 0.022900 0.023300 0.022800 0.047800 0.072400 0.048400 0.072800 0.047800 0.023100 0.023300 0.023300 0.000000 0.072900 0.096100 0.022800 0.023200 0.022800 0.023500 0.047100 0.023300 0.124600 0.125700 0.126600 0.046400 0.000200 0.048600 0.022900 0.048600 0.047100 0.064000 0.072900 0.023200 0.124600 0.066800 0.023300 0.047800 0.047000 0.048100 0.073200 0.099600 0.023300 0.023300
Daviddeer 0.098800 0.273500 0.071600 0.169200 0.047800 0.098800 0.023800 0.074500 0.047100 0.047100 0.098800 0.047300 0.091600 0.023800 0.072700 0.073700 0.048300 0.023800 0.048500 0.047100 0.047300 0.072900 0.000000 0.024200 0.097800 0.047000 0.091600 0.047600 0.071800 0.047100 0.047100 0.099800 0.100900 0.119800 0.072700 0.073800 0.098800 0.073800 0.071400 0.000100 0.000000 0.047000 0.047100 0.000200 0.047300 0.047900 0.060100 0.048200 0.073100 0.126300 0.047100 0.047100
Reindeer 0.125000 0.283600 0.100100 0.174400 0.075200 0.125000 0.049800 0.103800 0.074000 0.048600 0.125000 0.074300 0.115400 0.049800 0.101700 0.103200 0.076000 0.049900 0.066100 0.074100 0.074500 0.096100 0.024200 0.000000 0.121600 0.074000 0.115400 0.074900 0.100500 0.074000 0.048600 0.131300 0.132300 0.146700 0.091500 0.074400 0.125000 0.103600 0.100100 0.024400 0.024200 0.074100 0.048600 0.024500 0.074300 0.075200 0.090900 0.075700 0.102300 0.159700 0.074000 0.074000
Ibex 0.000200 0.250600 0.070700 0.243600 0.047200 0.000200 0.072000 0.059800 0.046400 0.150600 0.000200 0.046500 0.045900 0.072000 0.097100 0.072900 0.047600 0.071900 0.046500 0.046500 0.046700 0.022800 0.097800 0.121600 0.000000 0.046400 0.045900 0.047000 0.071000 0.046400 0.150600 0.151600 0.153100 0.070000 0.022800 0.073000 0.000200 0.073100 0.070700 0.090100 0.097800 0.046500 0.150600 0.092100 0.046500 0.071900 0.070800 0.072500 0.097800 0.124600 0.046400 0.046400
GyrantGaze 0.047000 0.265400 0.022800 0.162400 0.000200 0.047000 0.023100 0.023600 0.000500 0.095800 0.047000 0.000400 0.037900 0.023100 0.046700 0.023400 0.046900 0.023000 0.047200 0.000600 0.000100 0.023200 0.047000 0.074000 0.046400 0.000000 0.037900 0.000400 0.022700 0.000500 0.095800 0.097100 0.097900 0.065600 0.023100 0.023500 0.047000 0.023400 0.022700 0.047600 0.047000 0.000200 0.095800 0.047900 0.000400 0.023100 0.000300 0.023300 0.047200 0.072000 0.000500 0.000500
Hartebeest 0.046200 0.309300 0.058400 0.193500 0.038700 0.046200 0.066300 0.050100 0.030600 0.147700 0.046200 0.032300 0.000000 0.066300 0.090600 0.064500 0.093200 0.062800 0.046400 0.029700 0.041800 0.022800 0.091600 0.115400 0.045900 0.037900 0.000000 0.032100 0.065100 0.030600 0.147700 0.146000 0.147200 0.022500 0.022800 0.058800 0.046200 0.067700 0.065400 0.078800 0.091600 0.038300 0.147700 0.083200 0.032300 0.065900 0.022900 0.064000 0.090100 0.120200 0.030600 0.030600
Bongo 0.047600 0.265500 0.023000 0.163900 0.000300 0.047600 0.023400 0.023900 0.000100 0.097200 0.047600 0.000300 0.032100 0.023400 0.047500 0.023800 0.047600 0.023300 0.047800 0.000200 0.000300 0.023500 0.047600 0.074900 0.047000 0.000400 0.032100 0.000000 0.023100 0.000100 0.097200 0.090700 0.087800 0.061200 0.023400 0.023600 0.047600 0.023700 0.023000 0.048100 0.047600 0.000400 0.097200 0.048500 0.000300 0.023500 0.000500 0.023600 0.067100 0.073100 0.000100 0.000100
Gerenuk 0.071700 0.301600 0.046300 0.192400 0.023100 0.071700 0.047000 0.048100 0.022900 0.122000 0.071700 0.022900 0.065100 0.047000 0.071400 0.047600 0.071800 0.047100 0.072100 0.022900 0.022900 0.047100 0.071800 0.100500 0.071000 0.022700 0.065100 0.023100 0.000000 0.022900 0.122000 0.123500 0.124900 0.092200 0.046900 0.047800 0.071700 0.047600 0.046000 0.072700 0.071800 0.022800 0.122000 0.073200 0.022900 0.047000 0.033400 0.047400 0.071800 0.097400 0.022900 0.022900
CommonElan 0.047100 0.281100 0.023200 0.178700 0.000300 0.047100 0.023000 0.023600 0.000000 0.096100 0.047100 0.000300 0.030600 0.023000 0.047000 0.023500 0.047100 0.022900 0.047300 0.000100 0.000400 0.023300 0.047100 0.074000 0.046400 0.000500 0.030600 0.000100 0.022900 0.000000 0.096100 0.088100 0.086000 0.059200 0.023200 0.023400 0.047100 0.023500 0.028500 0.047500 0.047100 0.000500 0.096100 0.047900 0.000300 0.023200 0.000600 0.023300 0.065000 0.072300 0.000000 0.000000
MuntiacusR 0.152000 0.205000 0.121700 0.165600 0.097500 0.152000 0.072700 0.126900 0.096100 0.000000 0.152000 0.096400 0.147700 0.072700 0.123300 0.125300 0.098600 0.072700 0.099300 0.096200 0.096500 0.124600 0.047100 0.048600 0.150600 0.095800 0.147700 0.097200 0.122000 0.096100 0.000000 0.152900 0.154500 0.177300 0.124300 0.098700 0.152000 0.126100 0.121600 0.047600 0.047100 0.095900 0.000000 0.047900 0.096400 0.097400 0.116700 0.098100 0.124100 0.180100 0.096100 0.096100
HarveysDui 0.153300 0.300600 0.115900 0.230400 0.098800 0.153300 0.073500 0.128300 0.088100 0.152900 0.153300 0.097600 0.146000 0.073500 0.152700 0.126800 0.099700 0.073600 0.100200 0.087400 0.097700 0.125700 0.099800 0.131300 0.151600 0.097100 0.146000 0.090700 0.123500 0.088100 0.152900 0.000000 0.156700 0.175900 0.125400 0.127100 0.153300 0.127300 0.123200 0.101100 0.099800 0.097200 0.152900 0.101900 0.097600 0.125700 0.114000 0.126700 0.178900 0.183600 0.088100 0.088100
Pronghorn 0.154700 0.277800 0.113700 0.137700 0.099700 0.154700 0.074300 0.129600 0.086000 0.154500 0.154700 0.087500 0.147200 0.074300 0.100100 0.128600 0.101000 0.074400 0.092800 0.084900 0.098600 0.126600 0.100900 0.132300 0.153100 0.097900 0.147200 0.087800 0.124900 0.086000 0.154500 0.156700 0.000000 0.177200 0.126300 0.116200 0.154700 0.128200 0.123900 0.102100 0.100900 0.098000 0.154500 0.102800 0.087500 0.126800 0.114400 0.127700 0.155100 0.183100 0.086000 0.086000
BlueWildeb 0.070600 0.350900 0.086500 0.224000 0.066900 0.070600 0.093700 0.082700 0.059200 0.177300 0.070600 0.061000 0.022500 0.093700 0.118600 0.092800 0.121000 0.091000 0.070900 0.058200 0.068500 0.046400 0.119800 0.146700 0.070000 0.065600 0.022500 0.061200 0.092200 0.059200 0.177300 0.175900 0.177200 0.000000 0.046300 0.087900 0.070600 0.068200 0.092500 0.109900 0.119800 0.065900 0.177300 0.114000 0.061000 0.093400 0.046500 0.092200 0.118600 0.149100 0.059200 0.059200
Gemsbok 0.022900 0.282100 0.046900 0.213400 0.023500 0.022900 0.047600 0.037900 0.023200 0.124300 0.022900 0.023200 0.022800 0.047600 0.072200 0.048200 0.072600 0.047700 0.023000 0.023200 0.023200 0.000200 0.072700 0.091500 0.022800 0.023100 0.022800 0.023400 0.046900 0.023200 0.124300 0.125400 0.126300 0.046300 0.000000 0.048400 0.022900 0.048500 0.046900 0.059900 0.072700 0.023100 0.124300 0.061900 0.023200 0.047700 0.046900 0.048000 0.073000 0.099300 0.023200 0.023200
Yak 0.074000 0.289900 0.047400 0.183700 0.023800 0.074000 0.048300 0.049100 0.023400 0.098700 0.074000 0.023500 0.058800 0.048300 0.073600 0.048900 0.073700 0.048300 0.074300 0.023400 0.023600 0.048600 0.073800 0.074400 0.073000 0.023500 0.058800 0.023600 0.047800 0.023400 0.098700 0.127100 0.116200 0.087900 0.048400 0.000000 0.074000 0.049000 0.055900 0.074500 0.073800 0.023500 0.098700 0.075100 0.023500 0.048400 0.027700 0.048600 0.073900 0.100600 0.023400 0.023400
BlueSheep 0.000000 0.251800 0.071600 0.249700 0.047800 0.000000 0.072800 0.063400 0.047100 0.152000 0.000000 0.047200 0.046200 0.072800 0.098200 0.073700 0.048200 0.072800 0.046900 0.047200 0.047200 0.022900 0.098800 0.125000 0.000200 0.047000 0.046200 0.047600 0.071700 0.047100 0.152000 0.153300 0.154700 0.070600 0.022900 0.074000 0.000000 0.073900 0.071500 0.092300 0.098800 0.047000 0.152000 0.095000 0.047200 0.072700 0.071500 0.073200 0.098900 0.126000 0.047100 0.047100
BohorReedb 0.073900 0.297400 0.047600 0.189500 0.023800 0.073900 0.048200 0.049300 0.023500 0.126100 0.073900 0.023600 0.067700 0.048200 0.073400 0.048900 0.073500 0.048400 0.074300 0.023500 0.023600 0.048600 0.073800 0.103600 0.073100 0.023400 0.067700 0.023700 0.047600 0.023500 0.126100 0.127300 0.128200 0.068200 0.048500 0.049000 0.073900 0.000000 0.047600 0.074800 0.073800 0.023500 0.126100 0.075200 0.023600 0.048200 0.035100 0.048700 0.074100 0.100900 0.023500 0.023500
KirksDik 0.071500 0.279800 0.055600 0.177300 0.023100 0.071500 0.046800 0.047800 0.028500 0.121600 0.071500 0.029700 0.065400 0.046800 0.070900 0.047400 0.071200 0.046700 0.071800 0.027800 0.022800 0.047100 0.071400 0.100100 0.070700 0.022700 0.065400 0.023000 0.046000 0.028500 0.121600 0.123200 0.123900 0.092500 0.046900 0.055900 0.071500 0.047600 0.000000 0.072300 0.071400 0.022700 0.121600 0.072800 0.029700 0.046800 0.034000 0.047200 0.071900 0.097700 0.028500 0.028500
RoeDeer 0.092300 0.277000 0.072400 0.170800 0.048400 0.092300 0.024000 0.075100 0.047500 0.047600 0.092300 0.047800 0.078800 0.024000 0.073600 0.074600 0.048900 0.024100 0.033900 0.047500 0.047900 0.064000 0.000100 0.024400 0.090100 0.047600 0.078800 0.048100 0.072700 0.047500 0.047600 0.101100 0.102100 0.109900 0.059900 0.074500 0.092300 0.074800 0.072300 0.000000 0.000100 0.047600 0.047600 0.000100 0.047800 0.048400 0.059000 0.048700 0.073900 0.127900 0.047500 0.047500
WhiteLippe 0.098800 0.273500 0.071600 0.169200 0.047800 0.098800 0.023800 0.074500 0.047100 0.047100 0.098800 0.047300 0.091600 0.023800 0.072700 0.073700 0.048300 0.023800 0.048500 0.047100 0.047300 0.072900 0.000000 0.024200 0.097800 0.047000 0.091600 0.047600 0.071800 0.047100 0.047100 0.099800 0.100900 0.119800 0.072700 0.073800 0.098800 0.073800 0.071400 0.000100 0.000000 0.047000 0.047100 0.000200 0.047300 0.047900 0.060100 0.048200 0.073100 0.126300 0.047100 0.047100
ThomsonGaz 0.047000 0.264000 0.022800 0.162600 0.000200 0.047000 0.023100 0.023700 0.000500 0.095900 0.047000 0.000400 0.038300 0.023100 0.046800 0.023400 0.047000 0.023000 0.047200 0.000600 0.000100 0.023200 0.047000 0.074100 0.046500 0.000200 0.038300 0.000400 0.022800 0.000500 0.095900 0.097200 0.098000 0.065900 0.023100 0.023500 0.047000 0.023500 0.022700 0.047600 0.047000 0.000000 0.095900 0.047900 0.000400 0.023100 0.000300 0.023300 0.047200 0.072100 0.000500 0.000500
MuntiacusC 0.152000 0.205000 0.121700 0.165600 0.097500 0.152000 0.072700 0.126900 0.096100 0.000000 0.152000 0.096400 0.147700 0.072700 0.123300 0.125300 0.098600 0.072700 0.099300 0.096200 0.096500 0.124600 0.047100 0.048600 0.150600 0.095800 0.147700 0.097200 0.122000 0.096100 0.000000 0.152900 0.154500 0.177300 0.124300 0.098700 0.152000 0.126100 0.121600 0.047600 0.047100 0.095900 0.000000 0.047900 0.096400 0.097400 0.116700 0.098100 0.124100 0.180100 0.096100 0.096100
WhiteTaile 0.095000 0.279200 0.072900 0.172000 0.048700 0.095000 0.024200 0.075600 0.047900 0.047900 0.095000 0.048100 0.083200 0.024200 0.074100 0.075200 0.049200 0.024200 0.036100 0.047900 0.048200 0.066800 0.000200 0.024500 0.092100 0.047900 0.083200 0.048500 0.073200 0.047900 0.047900 0.101900 0.102800 0.114000 0.061900 0.075100 0.095000 0.075200 0.072800 0.000100 0.000200 0.047900 0.047900 0.000000 0.048100 0.048800 0.061000 0.049100 0.074500 0.128800 0.047900 0.047900
Cattle 0.047200 0.282200 0.022900 0.178900 0.000300 0.047200 0.023200 0.023700 0.000300 0.096400 0.047200 0.000000 0.032300 0.023200 0.047100 0.023600 0.047200 0.023100 0.047400 0.000300 0.000300 0.023300 0.047300 0.074300 0.046500 0.000400 0.032300 0.000300 0.022900 0.000300 0.096400 0.097600 0.087500 0.061000 0.023200 0.023500 0.047200 0.023600 0.029700 0.047800 0.047300 0.000400 0.096400 0.048100 0.000000 0.023300 0.000500 0.023400 0.047400 0.072400 0.000300 0.000300
RoyalAntel 0.072700 0.304100 0.047000 0.197600 0.023200 0.072700 0.047600 0.048800 0.023200 0.097400 0.072700 0.023300 0.065900 0.047600 0.023500 0.048300 0.072000 0.047800 0.073100 0.023300 0.023300 0.047800 0.047900 0.075200 0.071900 0.023100 0.065900 0.023500 0.047000 0.023200 0.097400 0.125700 0.126800 0.093400 0.047700 0.048400 0.072700 0.048200 0.046800 0.048400 0.047900 0.023100 0.097400 0.048800 0.023300 0.000000 0.033600 0.000100 0.023700 0.099500 0.023200 0.023200
Steenbok 0.071500 0.286100 0.027700 0.162300 0.000300 0.071500 0.034100 0.030800 0.000600 0.116700 0.071500 0.000500 0.022900 0.034100 0.059200 0.032200 0.062500 0.030200 0.071900 0.000700 0.000200 0.047000 0.060100 0.090900 0.070800 0.000300 0.022900 0.000500 0.033400 0.000600 0.116700 0.114000 0.114400 0.046500 0.046900 0.027700 0.071500 0.035100 0.034000 0.059000 0.060100 0.000300 0.116700 0.061000 0.000500 0.033600 0.000000 0.031400 0.058200 0.088000 0.000600 0.000600
Impala 0.073200 0.305400 0.047300 0.198600 0.023700 0.073200 0.048100 0.049000 0.023300 0.098100 0.073200 0.023400 0.064000 0.048100 0.023600 0.048700 0.073300 0.048100 0.073600 0.023400 0.023400 0.048100 0.048200 0.075700 0.072500 0.023300 0.064000 0.023600 0.047400 0.023300 0.098100 0.126700 0.127700 0.092200 0.048000 0.048600 0.073200 0.048700 0.047200 0.048700 0.048200 0.023300 0.098100 0.049100 0.023400 0.000100 0.031400 0.000000 0.023800 0.100300 0.023300 0.023300
Klipspring 0.098900 0.340600 0.092200 0.228700 0.048000 0.098900 0.072900 0.074400 0.065000 0.124100 0.098900 0.047400 0.090100 0.072900 0.047700 0.073800 0.098500 0.073000 0.099400 0.064100 0.047500 0.073200 0.073100 0.102300 0.097800 0.047200 0.090100 0.067100 0.071800 0.065000 0.124100 0.178900 0.155100 0.118600 0.073000 0.073900 0.098900 0.074100 0.071900 0.073900 0.073100 0.047200 0.124100 0.074500 0.047400 0.023700 0.058200 0.023800 0.000000 0.127700 0.065000 0.065000
ForestMusk 0.126000 0.301600 0.098000 0.263000 0.073300 0.126000 0.099000 0.101300 0.072300 0.180100 0.126000 0.072400 0.120200 0.099000 0.125400 0.100300 0.125500 0.099100 0.126700 0.072400 0.072500 0.099600 0.126300 0.159700 0.124600 0.072000 0.120200 0.073100 0.097400 0.072300 0.180100 0.183600 0.183100 0.149100 0.099300 0.100600 0.126000 0.100900 0.097700 0.127900 0.126300 0.072100 0.180100 0.128800 0.072400 0.099500 0.088000 0.100300 0.127700 0.000000 0.072300 0.072300
Bushbuck 0.047100 0.281100 0.023400 0.178700 0.000300 0.047100 0.023000 0.023600 0.000000 0.096100 0.047100 0.000300 0.030600 0.023000 0.047000 0.023500 0.047100 0.022900 0.047300 0.000100 0.000400 0.023300 0.047100 0.074000 0.046400 0.000500 0.030600 0.000100 0.022900 0.000000 0.096100 0.088100 0.086000 0.059200 0.023200 0.023400 0.047100 0.023500 0.028500 0.047500 0.047100 0.000500 0.096100 0.047900 0.000300 0.023200 0.000600 0.023300 0.065000 0.072300 0.000000 0.000000
GreaterKud 0.047100 0.281100 0.022700 0.178700 0.000300 0.047100 0.023000 0.023600 0.000000 0.096100 0.047100 0.000300 0.030600 0.023000 0.047000 0.023500 0.047100 0.022900 0.047300 0.000100 0.000400 0.023300 0.047100 0.074000 0.046400 0.000500 0.030600 0.000100 0.022900 0.000000 0.096100 0.088100 0.086000 0.059200 0.023200 0.023400 0.047100 0.023500 0.028500 0.047500 0.047100 0.000500 0.096100 0.047900 0.000300 0.023200 0.000600 0.023300 0.065000 0.072300 0.000000 0.000000
