CODONML (in paml version 4.10.7, June 2023)  /home/rachel/ruminants_paml/6406-phy-tree/ENSBTAT00000057319.fasta.phy
Model: free dN/dS Ratios for branches,  kappa = 2.000 fixed

Codon frequency model: F3x4
ns =  54  ls =  22

Codon usage in sequences
--------------------------------------------------------------------------------------------------------------------------------------
Phe TTT   0   0   0   0   0   0 | Ser TCT   0   0   0   0   0   0 | Tyr TAT   0   0   1   0   0   0 | Cys TGT   0   0   0   0   0   0
    TTC   1   1   1   1   1   1 |     TCC   0   0   0   0   0   0 |     TAC   1   1   0   1   1   1 |     TGC   0   0   0   0   0   0
Leu TTA   0   0   0   0   0   0 |     TCA   0   0   0   0   0   0 | *** TAA   0   0   0   0   0   0 | *** TGA   0   0   0   0   0   0
    TTG   0   0   0   0   0   0 |     TCG   0   0   0   0   0   0 |     TAG   0   0   0   0   0   0 | Trp TGG   0   0   0   0   0   0
--------------------------------------------------------------------------------------------------------------------------------------
Leu CTT   0   1   0   0   1   0 | Pro CCT   0   0   0   0   0   0 | His CAT   0   0   0   0   0   0 | Arg CGT   0   0   0   0   0   0
    CTC   1   0   1   1   0   1 |     CCC   0   0   0   0   0   0 |     CAC   0   0   0   0   0   0 |     CGC   0   0   0   0   0   0
    CTA   0   0   0   0   0   0 |     CCA   0   0   0   0   0   0 | Gln CAA   1   1   1   1   1   0 |     CGA   0   0   0   0   0   0
    CTG   0   0   0   0   0   0 |     CCG   0   0   0   0   0   0 |     CAG   0   0   0   0   0   1 |     CGG   0   0   0   0   0   0
--------------------------------------------------------------------------------------------------------------------------------------
Ile ATT   0   0   0   0   1   0 | Thr ACT   0   0   0   0   0   0 | Asn AAT   1   1   1   1   1   1 | Ser AGT   0   0   0   0   0   0
    ATC   1   1   1   1   0   1 |     ACC   1   1   1   1   1   1 |     AAC   1   0   1   1   1   1 |     AGC   1   2   1   1   1   1
    ATA   0   0   0   0   0   0 |     ACA   0   0   0   0   0   0 | Lys AAA   0   0   0   0   0   0 | Arg AGA   0   0   0   0   0   0
Met ATG   2   2   2   2   2   2 |     ACG   0   0   0   0   0   0 |     AAG   4   4   4   4   4   4 |     AGG   1   1   1   1   1   1
--------------------------------------------------------------------------------------------------------------------------------------
Val GTT   0   0   0   0   0   0 | Ala GCT   0   0   0   0   0   0 | Asp GAT   0   0   0   0   0   0 | Gly GGT   0   0   0   0   0   0
    GTC   1   1   1   1   1   1 |     GCC   0   0   0   0   0   0 |     GAC   1   1   1   1   1   1 |     GGC   1   1   1   1   1   1
    GTA   0   0   0   0   0   0 |     GCA   0   0   0   0   0   0 | Glu GAA   0   0   0   0   0   0 |     GGA   0   0   0   0   0   0
    GTG   1   1   1   1   1   1 |     GCG   1   1   1   1   1   1 |     GAG   0   0   0   0   0   0 |     GGG   1   1   1   1   1   1
--------------------------------------------------------------------------------------------------------------------------------------

--------------------------------------------------------------------------------------------------------------------------------------
Phe TTT   0   0   0   0   0   0 | Ser TCT   0   0   0   0   0   0 | Tyr TAT   0   0   0   0   1   1 | Cys TGT   0   0   0   0   0   0
    TTC   1   1   1   1   1   1 |     TCC   0   0   0   0   0   0 |     TAC   1   1   1   1   0   0 |     TGC   0   0   0   0   0   0
Leu TTA   0   0   0   0   0   0 |     TCA   0   0   0   0   0   0 | *** TAA   0   0   0   0   0   0 | *** TGA   0   0   0   0   0   0
    TTG   0   0   0   0   0   0 |     TCG   0   0   0   0   0   0 |     TAG   0   0   0   0   0   0 | Trp TGG   0   0   0   0   0   0
--------------------------------------------------------------------------------------------------------------------------------------
Leu CTT   0   0   0   0   0   0 | Pro CCT   0   0   0   0   0   0 | His CAT   0   0   0   0   0   0 | Arg CGT   0   0   0   0   0   0
    CTC   1   1   1   1   1   1 |     CCC   0   0   0   0   0   0 |     CAC   0   0   0   0   0   0 |     CGC   0   0   0   0   0   0
    CTA   0   0   0   0   0   0 |     CCA   0   0   0   0   0   0 | Gln CAA   1   1   1   1   1   1 |     CGA   0   0   0   0   0   0
    CTG   0   0   0   0   0   0 |     CCG   0   0   0   0   0   0 |     CAG   0   0   0   0   0   0 |     CGG   0   0   0   0   0   0
--------------------------------------------------------------------------------------------------------------------------------------
Ile ATT   0   0   0   0   0   0 | Thr ACT   0   0   0   0   0   0 | Asn AAT   1   1   1   1   1   1 | Ser AGT   0   0   0   0   0   0
    ATC   1   1   1   1   1   1 |     ACC   1   1   1   1   1   1 |     AAC   1   1   1   1   1   1 |     AGC   1   1   1   1   1   1
    ATA   0   0   0   0   0   0 |     ACA   0   0   0   0   0   0 | Lys AAA   0   0   0   0   0   0 | Arg AGA   0   0   0   0   0   0
Met ATG   2   2   2   2   2   2 |     ACG   0   0   0   0   0   0 |     AAG   4   4   4   4   4   4 |     AGG   1   1   1   1   1   1
--------------------------------------------------------------------------------------------------------------------------------------
Val GTT   0   0   0   0   0   0 | Ala GCT   0   0   0   0   0   0 | Asp GAT   0   0   0   0   0   0 | Gly GGT   0   0   0   0   0   0
    GTC   1   1   1   1   1   1 |     GCC   0   0   0   0   0   0 |     GAC   1   1   1   1   1   1 |     GGC   1   1   1   1   1   1
    GTA   0   0   0   0   0   0 |     GCA   0   0   0   0   0   0 | Glu GAA   0   0   0   0   0   0 |     GGA   0   0   0   0   0   0
    GTG   1   1   1   1   1   1 |     GCG   1   1   1   1   1   1 |     GAG   0   0   0   0   0   0 |     GGG   1   1   1   1   1   1
--------------------------------------------------------------------------------------------------------------------------------------

--------------------------------------------------------------------------------------------------------------------------------------
Phe TTT   0   0   0   0   0   0 | Ser TCT   0   0   0   0   0   0 | Tyr TAT   0   0   0   0   1   0 | Cys TGT   0   0   0   0   0   0
    TTC   1   1   1   1   1   1 |     TCC   0   0   0   0   0   0 |     TAC   1   1   1   1   0   1 |     TGC   0   0   0   0   0   0
Leu TTA   0   0   0   0   0   0 |     TCA   0   0   0   0   0   0 | *** TAA   0   0   0   0   0   0 | *** TGA   0   0   0   0   0   0
    TTG   0   0   0   0   0   0 |     TCG   0   0   0   0   0   0 |     TAG   0   0   0   0   0   0 | Trp TGG   0   0   0   0   0   0
--------------------------------------------------------------------------------------------------------------------------------------
Leu CTT   0   0   0   0   1   0 | Pro CCT   0   0   0   0   0   0 | His CAT   0   0   0   0   0   0 | Arg CGT   0   0   0   0   0   0
    CTC   1   1   1   1   0   1 |     CCC   0   0   0   0   0   0 |     CAC   0   0   0   0   0   0 |     CGC   0   0   0   0   0   0
    CTA   0   0   0   0   0   0 |     CCA   0   0   0   0   0   0 | Gln CAA   1   1   1   1   1   1 |     CGA   0   0   0   0   0   0
    CTG   0   0   0   0   0   0 |     CCG   0   0   0   0   0   0 |     CAG   0   0   0   0   0   0 |     CGG   0   0   0   0   0   0
--------------------------------------------------------------------------------------------------------------------------------------
Ile ATT   0   0   0   0   0   0 | Thr ACT   0   0   0   0   0   0 | Asn AAT   1   1   1   1   1   1 | Ser AGT   0   0   0   0   0   0
    ATC   1   1   1   1   1   1 |     ACC   1   1   1   1   1   1 |     AAC   1   1   1   1   1   1 |     AGC   1   1   1   1   1   1
    ATA   0   0   0   0   0   0 |     ACA   0   0   0   0   0   0 | Lys AAA   0   0   0   0   0   0 | Arg AGA   0   0   0   0   0   0
Met ATG   2   2   2   2   2   2 |     ACG   0   0   0   0   0   0 |     AAG   4   4   4   4   4   4 |     AGG   1   1   1   1   1   1
--------------------------------------------------------------------------------------------------------------------------------------
Val GTT   0   0   0   0   1   0 | Ala GCT   0   0   0   0   0   0 | Asp GAT   0   0   0   0   0   0 | Gly GGT   0   0   0   0   0   0
    GTC   1   1   1   1   0   1 |     GCC   0   0   0   0   0   0 |     GAC   1   1   1   1   1   1 |     GGC   1   1   1   1   1   1
    GTA   0   0   0   0   0   0 |     GCA   0   0   0   0   0   0 | Glu GAA   0   0   0   0   0   0 |     GGA   0   0   0   0   0   0
    GTG   1   1   1   1   1   1 |     GCG   1   1   1   1   1   1 |     GAG   0   0   0   0   0   0 |     GGG   1   1   1   1   1   1
--------------------------------------------------------------------------------------------------------------------------------------

--------------------------------------------------------------------------------------------------------------------------------------
Phe TTT   0   0   0   0   0   0 | Ser TCT   0   0   0   0   0   0 | Tyr TAT   0   1   0   1   0   0 | Cys TGT   0   0   0   0   0   0
    TTC   1   1   1   1   1   1 |     TCC   0   0   0   0   0   0 |     TAC   1   0   1   0   1   1 |     TGC   0   0   0   0   0   0
Leu TTA   0   0   0   0   0   0 |     TCA   0   0   0   0   0   0 | *** TAA   0   0   0   0   0   0 | *** TGA   0   0   0   0   0   0
    TTG   0   0   0   0   0   0 |     TCG   0   0   0   0   0   0 |     TAG   0   0   0   0   0   0 | Trp TGG   0   0   0   0   0   0
--------------------------------------------------------------------------------------------------------------------------------------
Leu CTT   0   0   0   0   0   0 | Pro CCT   0   0   0   0   0   0 | His CAT   0   0   0   0   0   0 | Arg CGT   0   0   0   0   0   0
    CTC   1   1   1   1   1   1 |     CCC   0   0   0   0   0   0 |     CAC   0   0   0   0   0   0 |     CGC   0   0   0   0   0   0
    CTA   0   0   0   0   0   0 |     CCA   0   0   0   0   0   0 | Gln CAA   1   1   1   1   1   1 |     CGA   0   0   0   0   0   0
    CTG   0   0   0   0   0   0 |     CCG   0   0   0   0   0   0 |     CAG   0   0   0   0   0   0 |     CGG   0   0   0   0   0   0
--------------------------------------------------------------------------------------------------------------------------------------
Ile ATT   0   1   0   0   0   0 | Thr ACT   0   0   0   0   0   0 | Asn AAT   1   1   1   1   1   1 | Ser AGT   0   0   0   0   0   0
    ATC   1   0   1   1   1   1 |     ACC   1   1   1   1   1   1 |     AAC   1   1   1   1   1   1 |     AGC   1   1   1   1   1   1
    ATA   0   0   0   0   0   0 |     ACA   0   0   0   0   0   0 | Lys AAA   0   0   0   0   0   0 | Arg AGA   0   0   0   0   0   0
Met ATG   2   2   2   2   2   2 |     ACG   0   0   0   0   0   0 |     AAG   4   4   4   4   4   4 |     AGG   1   1   1   1   1   1
--------------------------------------------------------------------------------------------------------------------------------------
Val GTT   0   0   0   0   0   0 | Ala GCT   0   0   0   0   0   0 | Asp GAT   0   0   0   0   0   0 | Gly GGT   0   0   0   0   0   0
    GTC   1   1   1   1   1   1 |     GCC   0   0   0   0   0   0 |     GAC   1   1   1   1   1   1 |     GGC   1   1   1   1   1   1
    GTA   0   0   0   0   0   0 |     GCA   0   0   0   0   0   0 | Glu GAA   0   0   0   0   0   0 |     GGA   0   0   0   0   0   0
    GTG   1   1   1   1   1   1 |     GCG   1   1   1   1   1   1 |     GAG   0   0   0   0   0   0 |     GGG   1   1   1   1   1   1
--------------------------------------------------------------------------------------------------------------------------------------

--------------------------------------------------------------------------------------------------------------------------------------
Phe TTT   0   0   0   0   0   0 | Ser TCT   0   0   0   0   0   0 | Tyr TAT   0   1   0   1   0   1 | Cys TGT   0   0   0   0   0   0
    TTC   1   1   1   1   1   1 |     TCC   0   0   0   0   0   0 |     TAC   1   0   1   0   1   0 |     TGC   0   0   0   0   0   0
Leu TTA   0   0   0   0   0   0 |     TCA   0   0   0   0   0   0 | *** TAA   0   0   0   0   0   0 | *** TGA   0   0   0   0   0   0
    TTG   0   0   0   0   0   0 |     TCG   0   0   0   0   0   0 |     TAG   0   0   0   0   0   0 | Trp TGG   0   0   0   0   0   0
--------------------------------------------------------------------------------------------------------------------------------------
Leu CTT   0   0   0   0   0   0 | Pro CCT   0   0   0   0   0   0 | His CAT   0   0   0   0   0   0 | Arg CGT   0   0   0   0   0   0
    CTC   1   1   1   1   1   1 |     CCC   0   0   0   0   0   0 |     CAC   0   0   0   0   0   0 |     CGC   0   0   0   0   0   0
    CTA   0   0   0   0   0   0 |     CCA   0   0   0   0   0   0 | Gln CAA   1   1   1   1   1   1 |     CGA   0   0   0   0   0   0
    CTG   0   0   0   0   0   0 |     CCG   0   0   0   0   0   0 |     CAG   0   0   0   0   0   0 |     CGG   0   0   0   0   0   0
--------------------------------------------------------------------------------------------------------------------------------------
Ile ATT   0   1   0   0   0   0 | Thr ACT   0   0   0   0   0   0 | Asn AAT   1   1   1   1   1   1 | Ser AGT   0   0   0   0   0   0
    ATC   1   0   1   1   1   1 |     ACC   1   1   1   1   1   1 |     AAC   1   1   1   1   1   1 |     AGC   1   1   1   1   1   1
    ATA   0   0   0   0   0   0 |     ACA   0   0   0   0   0   0 | Lys AAA   0   1   0   0   0   0 | Arg AGA   0   0   0   0   0   0
Met ATG   2   2   2   2   2   2 |     ACG   0   0   0   0   0   0 |     AAG   4   3   4   4   4   4 |     AGG   1   1   1   1   1   1
--------------------------------------------------------------------------------------------------------------------------------------
Val GTT   0   0   0   0   0   0 | Ala GCT   0   0   0   0   0   0 | Asp GAT   0   0   0   0   0   0 | Gly GGT   0   0   0   0   0   0
    GTC   1   1   1   1   1   1 |     GCC   0   0   0   0   0   0 |     GAC   1   1   1   1   1   1 |     GGC   1   1   1   1   1   1
    GTA   0   0   0   0   0   0 |     GCA   0   0   0   0   0   0 | Glu GAA   0   0   0   0   0   0 |     GGA   0   0   0   0   0   0
    GTG   1   1   1   1   1   1 |     GCG   1   1   1   1   1   1 |     GAG   0   0   0   0   0   0 |     GGG   1   1   1   1   1   1
--------------------------------------------------------------------------------------------------------------------------------------

--------------------------------------------------------------------------------------------------------------------------------------
Phe TTT   0   0   0   0   0   0 | Ser TCT   0   0   0   0   0   0 | Tyr TAT   0   1   0   0   0   0 | Cys TGT   0   0   0   0   0   0
    TTC   1   1   1   1   1   1 |     TCC   0   0   0   0   0   0 |     TAC   1   0   1   1   1   1 |     TGC   0   0   0   0   0   0
Leu TTA   0   0   0   0   0   0 |     TCA   0   0   0   0   0   0 | *** TAA   0   0   0   0   0   0 | *** TGA   0   0   0   0   0   0
    TTG   0   0   0   0   0   0 |     TCG   0   0   0   0   0   0 |     TAG   0   0   0   0   0   0 | Trp TGG   0   0   0   0   0   0
--------------------------------------------------------------------------------------------------------------------------------------
Leu CTT   0   0   0   0   1   0 | Pro CCT   0   0   0   0   0   0 | His CAT   0   0   0   0   0   0 | Arg CGT   0   0   0   0   0   0
    CTC   1   1   1   1   0   1 |     CCC   0   0   0   0   0   0 |     CAC   0   0   0   0   0   0 |     CGC   0   0   0   0   0   0
    CTA   0   0   0   0   0   0 |     CCA   0   0   0   0   0   0 | Gln CAA   1   1   1   1   1   1 |     CGA   0   0   0   0   0   0
    CTG   0   0   0   0   0   0 |     CCG   0   0   0   0   0   0 |     CAG   0   0   0   0   0   0 |     CGG   0   0   0   0   0   0
--------------------------------------------------------------------------------------------------------------------------------------
Ile ATT   0   0   0   0   0   0 | Thr ACT   0   0   0   0   0   0 | Asn AAT   1   1   1   1   1   1 | Ser AGT   0   0   0   0   0   0
    ATC   1   1   1   1   1   1 |     ACC   1   1   1   1   1   1 |     AAC   1   1   1   1   1   1 |     AGC   1   1   1   1   1   1
    ATA   0   0   0   0   0   0 |     ACA   0   0   0   0   0   0 | Lys AAA   0   0   0   0   0   0 | Arg AGA   0   0   0   0   0   0
Met ATG   2   2   2   2   2   2 |     ACG   0   0   0   0   0   0 |     AAG   4   4   4   4   4   4 |     AGG   1   1   1   1   1   1
--------------------------------------------------------------------------------------------------------------------------------------
Val GTT   0   0   0   0   0   1 | Ala GCT   0   0   0   0   0   0 | Asp GAT   0   0   0   0   0   0 | Gly GGT   0   0   0   0   0   0
    GTC   1   1   1   1   1   1 |     GCC   0   0   0   0   0   0 |     GAC   1   1   1   1   1   1 |     GGC   1   1   1   1   1   1
    GTA   0   0   0   0   0   0 |     GCA   0   0   0   0   0   0 | Glu GAA   0   0   0   0   0   0 |     GGA   0   0   0   0   0   0
    GTG   1   1   1   1   1   0 |     GCG   1   1   1   1   1   1 |     GAG   0   0   0   0   0   0 |     GGG   1   1   1   1   1   1
--------------------------------------------------------------------------------------------------------------------------------------

--------------------------------------------------------------------------------------------------------------------------------------
Phe TTT   0   0   0   0   0   0 | Ser TCT   0   0   0   0   0   0 | Tyr TAT   1   0   0   0   0   0 | Cys TGT   0   0   0   0   0   0
    TTC   1   1   1   1   1   1 |     TCC   0   0   0   0   0   0 |     TAC   0   1   1   1   1   1 |     TGC   0   0   0   0   0   0
Leu TTA   0   0   0   0   0   0 |     TCA   0   0   0   0   0   0 | *** TAA   0   0   0   0   0   0 | *** TGA   0   0   0   0   0   0
    TTG   0   0   0   0   0   0 |     TCG   0   0   0   0   0   0 |     TAG   0   0   0   0   0   0 | Trp TGG   0   0   0   0   0   0
--------------------------------------------------------------------------------------------------------------------------------------
Leu CTT   0   0   0   0   0   0 | Pro CCT   0   0   0   0   0   0 | His CAT   0   0   0   0   0   0 | Arg CGT   0   0   0   0   0   0
    CTC   1   1   1   1   1   1 |     CCC   0   0   0   0   0   0 |     CAC   0   0   0   0   0   0 |     CGC   0   0   0   0   0   0
    CTA   0   0   0   0   0   0 |     CCA   0   0   0   0   0   0 | Gln CAA   1   1   1   1   1   1 |     CGA   0   0   0   0   0   0
    CTG   0   0   0   0   0   0 |     CCG   0   0   0   0   0   0 |     CAG   0   0   0   0   0   0 |     CGG   0   0   0   0   0   0
--------------------------------------------------------------------------------------------------------------------------------------
Ile ATT   0   0   0   0   0   1 | Thr ACT   0   0   0   0   0   0 | Asn AAT   1   1   1   1   1   1 | Ser AGT   0   0   0   0   0   0
    ATC   1   1   1   1   1   0 |     ACC   1   1   1   1   1   1 |     AAC   1   1   1   1   1   1 |     AGC   1   1   1   1   1   1
    ATA   0   0   0   0   0   0 |     ACA   0   0   0   0   0   0 | Lys AAA   0   0   0   0   0   0 | Arg AGA   0   0   0   0   0   0
Met ATG   2   2   2   2   2   2 |     ACG   0   0   0   0   0   0 |     AAG   4   4   4   4   4   4 |     AGG   1   1   1   1   1   1
--------------------------------------------------------------------------------------------------------------------------------------
Val GTT   0   0   0   0   0   0 | Ala GCT   0   0   0   0   0   0 | Asp GAT   0   0   0   0   0   0 | Gly GGT   0   0   0   0   0   0
    GTC   1   1   1   1   1   1 |     GCC   0   0   0   0   0   0 |     GAC   1   1   1   1   1   1 |     GGC   1   1   1   1   1   1
    GTA   0   0   0   0   0   0 |     GCA   0   0   0   0   0   0 | Glu GAA   0   0   0   0   0   0 |     GGA   0   0   0   0   0   0
    GTG   1   1   1   1   1   1 |     GCG   1   1   1   1   1   1 |     GAG   0   0   0   0   0   0 |     GGG   1   1   1   1   1   1
--------------------------------------------------------------------------------------------------------------------------------------

--------------------------------------------------------------------------------------------------------------------------------------
Phe TTT   0   0   0   0   0   0 | Ser TCT   0   0   0   0   0   0 | Tyr TAT   0   1   0   1   0   0 | Cys TGT   0   0   0   0   0   0
    TTC   1   1   1   1   1   1 |     TCC   0   0   0   0   0   0 |     TAC   1   0   1   0   1   1 |     TGC   0   0   0   0   0   0
Leu TTA   0   0   0   0   0   0 |     TCA   0   0   0   0   0   0 | *** TAA   0   0   0   0   0   0 | *** TGA   0   0   0   0   0   0
    TTG   0   0   0   0   0   0 |     TCG   0   0   0   0   0   0 |     TAG   0   0   0   0   0   0 | Trp TGG   0   0   0   0   0   0
--------------------------------------------------------------------------------------------------------------------------------------
Leu CTT   0   0   0   0   0   0 | Pro CCT   0   0   0   0   0   0 | His CAT   0   0   0   0   0   0 | Arg CGT   0   0   0   0   0   0
    CTC   1   1   1   1   1   1 |     CCC   0   0   0   0   0   0 |     CAC   0   0   0   0   0   0 |     CGC   0   0   0   0   0   0
    CTA   0   0   0   0   0   0 |     CCA   0   0   0   0   0   0 | Gln CAA   1   1   1   1   1   1 |     CGA   0   0   0   0   0   0
    CTG   0   0   0   0   0   0 |     CCG   0   0   0   0   0   0 |     CAG   0   0   0   0   0   0 |     CGG   0   0   0   0   0   0
--------------------------------------------------------------------------------------------------------------------------------------
Ile ATT   0   0   0   1   0   0 | Thr ACT   0   0   0   0   0   0 | Asn AAT   1   1   1   1   1   1 | Ser AGT   0   0   0   0   0   0
    ATC   1   1   1   0   1   1 |     ACC   1   1   1   1   1   1 |     AAC   1   1   1   1   1   1 |     AGC   1   1   1   1   1   1
    ATA   0   0   0   0   0   0 |     ACA   0   0   0   0   0   0 | Lys AAA   0   0   0   0   0   0 | Arg AGA   0   0   0   0   0   0
Met ATG   2   2   2   2   2   2 |     ACG   0   0   0   0   0   0 |     AAG   4   4   4   4   4   4 |     AGG   1   1   1   1   1   1
--------------------------------------------------------------------------------------------------------------------------------------
Val GTT   0   0   0   0   0   0 | Ala GCT   0   0   0   0   0   0 | Asp GAT   0   0   0   0   0   0 | Gly GGT   0   0   0   0   0   0
    GTC   1   1   1   1   1   1 |     GCC   0   0   0   0   0   0 |     GAC   1   1   1   1   1   1 |     GGC   1   1   1   1   1   1
    GTA   0   0   0   0   0   0 |     GCA   0   0   0   0   0   0 | Glu GAA   0   0   0   0   0   0 |     GGA   0   0   0   0   0   0
    GTG   1   1   1   1   1   1 |     GCG   1   1   1   1   1   1 |     GAG   0   0   0   0   0   0 |     GGG   1   1   1   1   1   1
--------------------------------------------------------------------------------------------------------------------------------------

--------------------------------------------------------------------------------------------------------------------------------------
Phe TTT   0   0   0   0   0   0 | Ser TCT   0   0   0   0   0   0 | Tyr TAT   0   0   1   0   1   1 | Cys TGT   0   0   0   0   0   0
    TTC   1   1   1   1   1   1 |     TCC   0   0   0   0   0   0 |     TAC   1   1   0   1   0   0 |     TGC   0   0   0   0   0   0
Leu TTA   0   0   0   0   0   0 |     TCA   0   0   0   0   0   0 | *** TAA   0   0   0   0   0   0 | *** TGA   0   0   0   0   0   0
    TTG   0   0   0   0   0   0 |     TCG   0   0   0   0   0   0 |     TAG   0   0   0   0   0   0 | Trp TGG   0   0   0   0   0   0
--------------------------------------------------------------------------------------------------------------------------------------
Leu CTT   0   0   0   0   0   0 | Pro CCT   0   0   0   0   0   0 | His CAT   0   0   0   0   0   0 | Arg CGT   0   0   0   0   0   0
    CTC   1   1   1   1   1   1 |     CCC   0   0   0   0   0   0 |     CAC   0   0   0   0   0   0 |     CGC   0   0   0   0   0   0
    CTA   0   0   0   0   0   0 |     CCA   0   0   0   0   0   0 | Gln CAA   1   1   1   1   1   1 |     CGA   0   0   0   0   0   0
    CTG   0   0   0   0   0   0 |     CCG   0   0   0   0   0   0 |     CAG   0   0   0   0   0   0 |     CGG   0   0   0   0   0   0
--------------------------------------------------------------------------------------------------------------------------------------
Ile ATT   0   0   0   0   0   0 | Thr ACT   0   0   0   0   0   0 | Asn AAT   1   1   0   1   1   1 | Ser AGT   0   0   1   0   0   0
    ATC   0   1   1   1   1   1 |     ACC   1   1   1   1   1   1 |     AAC   1   1   1   1   1   1 |     AGC   1   1   1   1   1   1
    ATA   1   0   0   0   0   0 |     ACA   0   0   0   0   0   0 | Lys AAA   0   0   0   0   0   0 | Arg AGA   0   0   0   0   0   0
Met ATG   2   2   2   2   2   2 |     ACG   0   0   0   0   0   0 |     AAG   4   4   4   4   4   4 |     AGG   1   1   1   1   1   1
--------------------------------------------------------------------------------------------------------------------------------------
Val GTT   0   0   0   0   0   0 | Ala GCT   0   0   0   0   0   0 | Asp GAT   0   0   0   0   0   0 | Gly GGT   0   0   0   0   0   0
    GTC   1   1   1   1   1   1 |     GCC   0   0   0   0   0   0 |     GAC   1   1   1   1   1   1 |     GGC   1   1   1   1   1   1
    GTA   0   0   0   0   0   0 |     GCA   0   0   0   0   0   0 | Glu GAA   0   0   0   0   0   0 |     GGA   0   0   0   0   0   0
    GTG   1   1   1   1   1   1 |     GCG   1   1   1   1   1   1 |     GAG   0   0   0   0   0   0 |     GGG   1   1   1   1   1   1
--------------------------------------------------------------------------------------------------------------------------------------

Codon position x base (3x4) table for each sequence.

#1: Argali         
position  1:    T:0.09091    C:0.09091    A:0.54545    G:0.27273
position  2:    T:0.31818    C:0.09091    A:0.40909    G:0.18182
position  3:    T:0.04545    C:0.45455    A:0.04545    G:0.45455
Average         T:0.15152    C:0.21212    A:0.33333    G:0.30303

#2: LesserMouseDeer
position  1:    T:0.09091    C:0.09091    A:0.54545    G:0.27273
position  2:    T:0.31818    C:0.09091    A:0.36364    G:0.22727
position  3:    T:0.09091    C:0.40909    A:0.04545    G:0.45455
Average         T:0.16667    C:0.19697    A:0.31818    G:0.31818

#3: LesserKudu     
position  1:    T:0.09091    C:0.09091    A:0.54545    G:0.27273
position  2:    T:0.31818    C:0.09091    A:0.40909    G:0.18182
position  3:    T:0.09091    C:0.40909    A:0.04545    G:0.45455
Average         T:0.16667    C:0.19697    A:0.33333    G:0.30303

#4: ForestMuskDeer2
position  1:    T:0.09091    C:0.09091    A:0.54545    G:0.27273
position  2:    T:0.31818    C:0.09091    A:0.40909    G:0.18182
position  3:    T:0.04545    C:0.45455    A:0.04545    G:0.45455
Average         T:0.15152    C:0.21212    A:0.33333    G:0.30303

#5: Camel          
position  1:    T:0.09091    C:0.09091    A:0.54545    G:0.27273
position  2:    T:0.31818    C:0.09091    A:0.40909    G:0.18182
position  3:    T:0.13636    C:0.36364    A:0.04545    G:0.45455
Average         T:0.18182    C:0.18182    A:0.33333    G:0.30303

#6: KillerWhale    
position  1:    T:0.09091    C:0.09091    A:0.54545    G:0.27273
position  2:    T:0.31818    C:0.09091    A:0.40909    G:0.18182
position  3:    T:0.04545    C:0.45455    A:0.00000    G:0.50000
Average         T:0.15152    C:0.21212    A:0.31818    G:0.31818

#7: DefassaWaterbuck
position  1:    T:0.09091    C:0.09091    A:0.54545    G:0.27273
position  2:    T:0.31818    C:0.09091    A:0.40909    G:0.18182
position  3:    T:0.04545    C:0.45455    A:0.04545    G:0.45455
Average         T:0.15152    C:0.21212    A:0.33333    G:0.30303

#8: Sheep          
position  1:    T:0.09091    C:0.09091    A:0.54545    G:0.27273
position  2:    T:0.31818    C:0.09091    A:0.40909    G:0.18182
position  3:    T:0.04545    C:0.45455    A:0.04545    G:0.45455
Average         T:0.15152    C:0.21212    A:0.33333    G:0.30303

#9: MaxwellsDuiker 
position  1:    T:0.09091    C:0.09091    A:0.54545    G:0.27273
position  2:    T:0.31818    C:0.09091    A:0.40909    G:0.18182
position  3:    T:0.04545    C:0.45455    A:0.04545    G:0.45455
Average         T:0.15152    C:0.21212    A:0.33333    G:0.30303

#10: GazellaPrzewalskyi
position  1:    T:0.09091    C:0.09091    A:0.54545    G:0.27273
position  2:    T:0.31818    C:0.09091    A:0.40909    G:0.18182
position  3:    T:0.04545    C:0.45455    A:0.04545    G:0.45455
Average         T:0.15152    C:0.21212    A:0.33333    G:0.30303

#11: MountainNyala  
position  1:    T:0.09091    C:0.09091    A:0.54545    G:0.27273
position  2:    T:0.31818    C:0.09091    A:0.40909    G:0.18182
position  3:    T:0.09091    C:0.40909    A:0.04545    G:0.45455
Average         T:0.16667    C:0.19697    A:0.33333    G:0.30303

#12: MuntiacusMuntjak
position  1:    T:0.09091    C:0.09091    A:0.54545    G:0.27273
position  2:    T:0.31818    C:0.09091    A:0.40909    G:0.18182
position  3:    T:0.09091    C:0.40909    A:0.04545    G:0.45455
Average         T:0.16667    C:0.19697    A:0.33333    G:0.30303

#13: goat           
position  1:    T:0.09091    C:0.09091    A:0.54545    G:0.27273
position  2:    T:0.31818    C:0.09091    A:0.40909    G:0.18182
position  3:    T:0.04545    C:0.45455    A:0.04545    G:0.45455
Average         T:0.15152    C:0.21212    A:0.33333    G:0.30303

#14: AfricanBuffalo 
position  1:    T:0.09091    C:0.09091    A:0.54545    G:0.27273
position  2:    T:0.31818    C:0.09091    A:0.40909    G:0.18182
position  3:    T:0.04545    C:0.45455    A:0.04545    G:0.45455
Average         T:0.15152    C:0.21212    A:0.33333    G:0.30303

#15: Topi           
position  1:    T:0.09091    C:0.09091    A:0.54545    G:0.27273
position  2:    T:0.31818    C:0.09091    A:0.40909    G:0.18182
position  3:    T:0.04545    C:0.45455    A:0.04545    G:0.45455
Average         T:0.15152    C:0.21212    A:0.33333    G:0.30303

#16: CommonDuiker   
position  1:    T:0.09091    C:0.09091    A:0.54545    G:0.27273
position  2:    T:0.31818    C:0.09091    A:0.40909    G:0.18182
position  3:    T:0.04545    C:0.45455    A:0.04545    G:0.45455
Average         T:0.15152    C:0.21212    A:0.33333    G:0.30303

#17: Suni           
position  1:    T:0.09091    C:0.09091    A:0.54545    G:0.27273
position  2:    T:0.31818    C:0.09091    A:0.40909    G:0.18182
position  3:    T:0.18182    C:0.31818    A:0.04545    G:0.45455
Average         T:0.19697    C:0.16667    A:0.33333    G:0.30303

#18: Springbuck     
position  1:    T:0.09091    C:0.09091    A:0.54545    G:0.27273
position  2:    T:0.31818    C:0.09091    A:0.40909    G:0.18182
position  3:    T:0.04545    C:0.45455    A:0.04545    G:0.45455
Average         T:0.15152    C:0.21212    A:0.33333    G:0.30303

#19: Okapi          
position  1:    T:0.09091    C:0.09091    A:0.54545    G:0.27273
position  2:    T:0.31818    C:0.09091    A:0.40909    G:0.18182
position  3:    T:0.04545    C:0.45455    A:0.04545    G:0.45455
Average         T:0.15152    C:0.21212    A:0.33333    G:0.30303

#20: Giraffe        
position  1:    T:0.09091    C:0.09091    A:0.54545    G:0.27273
position  2:    T:0.31818    C:0.09091    A:0.40909    G:0.18182
position  3:    T:0.13636    C:0.36364    A:0.04545    G:0.45455
Average         T:0.18182    C:0.18182    A:0.33333    G:0.30303

#21: TibetanAntelope
position  1:    T:0.09091    C:0.09091    A:0.54545    G:0.27273
position  2:    T:0.31818    C:0.09091    A:0.40909    G:0.18182
position  3:    T:0.04545    C:0.45455    A:0.04545    G:0.45455
Average         T:0.15152    C:0.21212    A:0.33333    G:0.30303

#22: Sitatunga      
position  1:    T:0.09091    C:0.09091    A:0.54545    G:0.27273
position  2:    T:0.31818    C:0.09091    A:0.40909    G:0.18182
position  3:    T:0.09091    C:0.40909    A:0.04545    G:0.45455
Average         T:0.16667    C:0.19697    A:0.33333    G:0.30303

#23: Oribi          
position  1:    T:0.09091    C:0.09091    A:0.54545    G:0.27273
position  2:    T:0.31818    C:0.09091    A:0.40909    G:0.18182
position  3:    T:0.04545    C:0.45455    A:0.04545    G:0.45455
Average         T:0.15152    C:0.21212    A:0.33333    G:0.30303

#24: BarbarySheep   
position  1:    T:0.09091    C:0.09091    A:0.54545    G:0.27273
position  2:    T:0.31818    C:0.09091    A:0.40909    G:0.18182
position  3:    T:0.04545    C:0.45455    A:0.04545    G:0.45455
Average         T:0.15152    C:0.21212    A:0.33333    G:0.30303

#25: Daviddeer      
position  1:    T:0.09091    C:0.09091    A:0.54545    G:0.27273
position  2:    T:0.31818    C:0.09091    A:0.40909    G:0.18182
position  3:    T:0.04545    C:0.45455    A:0.04545    G:0.45455
Average         T:0.15152    C:0.21212    A:0.33333    G:0.30303

#26: Reindeer       
position  1:    T:0.09091    C:0.09091    A:0.54545    G:0.27273
position  2:    T:0.31818    C:0.09091    A:0.40909    G:0.18182
position  3:    T:0.13636    C:0.36364    A:0.09091    G:0.40909
Average         T:0.18182    C:0.18182    A:0.34848    G:0.28788

#27: Ibex           
position  1:    T:0.09091    C:0.09091    A:0.54545    G:0.27273
position  2:    T:0.31818    C:0.09091    A:0.40909    G:0.18182
position  3:    T:0.04545    C:0.45455    A:0.04545    G:0.45455
Average         T:0.15152    C:0.21212    A:0.33333    G:0.30303

#28: GyrantGazelle  
position  1:    T:0.09091    C:0.09091    A:0.54545    G:0.27273
position  2:    T:0.31818    C:0.09091    A:0.40909    G:0.18182
position  3:    T:0.09091    C:0.40909    A:0.04545    G:0.45455
Average         T:0.16667    C:0.19697    A:0.33333    G:0.30303

#29: Hartebeest     
position  1:    T:0.09091    C:0.09091    A:0.54545    G:0.27273
position  2:    T:0.31818    C:0.09091    A:0.40909    G:0.18182
position  3:    T:0.04545    C:0.45455    A:0.04545    G:0.45455
Average         T:0.15152    C:0.21212    A:0.33333    G:0.30303

#30: Bongo          
position  1:    T:0.09091    C:0.09091    A:0.54545    G:0.27273
position  2:    T:0.31818    C:0.09091    A:0.40909    G:0.18182
position  3:    T:0.09091    C:0.40909    A:0.04545    G:0.45455
Average         T:0.16667    C:0.19697    A:0.33333    G:0.30303

#31: Gerenuk        
position  1:    T:0.09091    C:0.09091    A:0.54545    G:0.27273
position  2:    T:0.31818    C:0.09091    A:0.40909    G:0.18182
position  3:    T:0.04545    C:0.45455    A:0.04545    G:0.45455
Average         T:0.15152    C:0.21212    A:0.33333    G:0.30303

#32: CommonEland    
position  1:    T:0.09091    C:0.09091    A:0.54545    G:0.27273
position  2:    T:0.31818    C:0.09091    A:0.40909    G:0.18182
position  3:    T:0.09091    C:0.40909    A:0.04545    G:0.45455
Average         T:0.16667    C:0.19697    A:0.33333    G:0.30303

#33: MuntiacusReevesi
position  1:    T:0.09091    C:0.09091    A:0.54545    G:0.27273
position  2:    T:0.31818    C:0.09091    A:0.40909    G:0.18182
position  3:    T:0.04545    C:0.45455    A:0.04545    G:0.45455
Average         T:0.15152    C:0.21212    A:0.33333    G:0.30303

#34: HarveysDuiker  
position  1:    T:0.09091    C:0.09091    A:0.54545    G:0.27273
position  2:    T:0.31818    C:0.09091    A:0.40909    G:0.18182
position  3:    T:0.04545    C:0.45455    A:0.04545    G:0.45455
Average         T:0.15152    C:0.21212    A:0.33333    G:0.30303

#35: Pronghorn      
position  1:    T:0.09091    C:0.09091    A:0.54545    G:0.27273
position  2:    T:0.31818    C:0.09091    A:0.40909    G:0.18182
position  3:    T:0.09091    C:0.40909    A:0.04545    G:0.45455
Average         T:0.16667    C:0.19697    A:0.33333    G:0.30303

#36: BlueWildebeest 
position  1:    T:0.09091    C:0.09091    A:0.54545    G:0.27273
position  2:    T:0.31818    C:0.09091    A:0.40909    G:0.18182
position  3:    T:0.09091    C:0.45455    A:0.04545    G:0.40909
Average         T:0.16667    C:0.21212    A:0.33333    G:0.28788

#37: Gemsbok        
position  1:    T:0.09091    C:0.09091    A:0.54545    G:0.27273
position  2:    T:0.31818    C:0.09091    A:0.40909    G:0.18182
position  3:    T:0.09091    C:0.40909    A:0.04545    G:0.45455
Average         T:0.16667    C:0.19697    A:0.33333    G:0.30303

#38: Yak            
position  1:    T:0.09091    C:0.09091    A:0.54545    G:0.27273
position  2:    T:0.31818    C:0.09091    A:0.40909    G:0.18182
position  3:    T:0.04545    C:0.45455    A:0.04545    G:0.45455
Average         T:0.15152    C:0.21212    A:0.33333    G:0.30303

#39: BlueSheep      
position  1:    T:0.09091    C:0.09091    A:0.54545    G:0.27273
position  2:    T:0.31818    C:0.09091    A:0.40909    G:0.18182
position  3:    T:0.04545    C:0.45455    A:0.04545    G:0.45455
Average         T:0.15152    C:0.21212    A:0.33333    G:0.30303

#40: BohorReedbuck  
position  1:    T:0.09091    C:0.09091    A:0.54545    G:0.27273
position  2:    T:0.31818    C:0.09091    A:0.40909    G:0.18182
position  3:    T:0.04545    C:0.45455    A:0.04545    G:0.45455
Average         T:0.15152    C:0.21212    A:0.33333    G:0.30303

#41: KirksDik       
position  1:    T:0.09091    C:0.09091    A:0.54545    G:0.27273
position  2:    T:0.31818    C:0.09091    A:0.40909    G:0.18182
position  3:    T:0.04545    C:0.45455    A:0.04545    G:0.45455
Average         T:0.15152    C:0.21212    A:0.33333    G:0.30303

#42: RoeDeer        
position  1:    T:0.09091    C:0.09091    A:0.54545    G:0.27273
position  2:    T:0.31818    C:0.09091    A:0.40909    G:0.18182
position  3:    T:0.09091    C:0.40909    A:0.04545    G:0.45455
Average         T:0.16667    C:0.19697    A:0.33333    G:0.30303

#43: WhiteLippedDeer
position  1:    T:0.09091    C:0.09091    A:0.54545    G:0.27273
position  2:    T:0.31818    C:0.09091    A:0.40909    G:0.18182
position  3:    T:0.04545    C:0.45455    A:0.04545    G:0.45455
Average         T:0.15152    C:0.21212    A:0.33333    G:0.30303

#44: ThomsonGazelle 
position  1:    T:0.09091    C:0.09091    A:0.54545    G:0.27273
position  2:    T:0.31818    C:0.09091    A:0.40909    G:0.18182
position  3:    T:0.09091    C:0.40909    A:0.04545    G:0.45455
Average         T:0.16667    C:0.19697    A:0.33333    G:0.30303

#45: MuntiacusCrinifrons
position  1:    T:0.09091    C:0.09091    A:0.54545    G:0.27273
position  2:    T:0.31818    C:0.09091    A:0.40909    G:0.18182
position  3:    T:0.04545    C:0.45455    A:0.04545    G:0.45455
Average         T:0.15152    C:0.21212    A:0.33333    G:0.30303

#46: WhiteTailedDeer
position  1:    T:0.09091    C:0.09091    A:0.54545    G:0.27273
position  2:    T:0.31818    C:0.09091    A:0.40909    G:0.18182
position  3:    T:0.13636    C:0.36364    A:0.04545    G:0.45455
Average         T:0.18182    C:0.18182    A:0.33333    G:0.30303

#47: Cattle         
position  1:    T:0.09091    C:0.09091    A:0.54545    G:0.27273
position  2:    T:0.31818    C:0.09091    A:0.40909    G:0.18182
position  3:    T:0.04545    C:0.45455    A:0.04545    G:0.45455
Average         T:0.15152    C:0.21212    A:0.33333    G:0.30303

#48: RoyalAntelope  
position  1:    T:0.09091    C:0.09091    A:0.54545    G:0.27273
position  2:    T:0.31818    C:0.09091    A:0.40909    G:0.18182
position  3:    T:0.04545    C:0.45455    A:0.04545    G:0.45455
Average         T:0.15152    C:0.21212    A:0.33333    G:0.30303

#49: Steenbok       
position  1:    T:0.09091    C:0.09091    A:0.54545    G:0.27273
position  2:    T:0.31818    C:0.09091    A:0.40909    G:0.18182
position  3:    T:0.04545    C:0.40909    A:0.09091    G:0.45455
Average         T:0.15152    C:0.19697    A:0.34848    G:0.30303

#50: Impala         
position  1:    T:0.09091    C:0.09091    A:0.54545    G:0.27273
position  2:    T:0.31818    C:0.09091    A:0.40909    G:0.18182
position  3:    T:0.04545    C:0.45455    A:0.04545    G:0.45455
Average         T:0.15152    C:0.21212    A:0.33333    G:0.30303

#51: Klipspringer   
position  1:    T:0.09091    C:0.09091    A:0.54545    G:0.27273
position  2:    T:0.31818    C:0.09091    A:0.36364    G:0.22727
