CODONML (in paml version 4.10.7, June 2023)  /home/rachel/ruminants_paml/6406-phy-tree/ENSBTAT00000028949.fasta.phy
Model: free dN/dS Ratios for branches,  kappa = 2.000 fixed

Codon frequency model: F3x4
ns =  54  ls =  19

Codon usage in sequences
--------------------------------------------------------------------------------------------------------------------------------------
Phe TTT   1   0   0   0   0   0 | Ser TCT   0   0   0   1   1   1 | Tyr TAT   0   0   0   0   0   0 | Cys TGT   0   0   0   0   0   0
    TTC   1   2   2   2   2   1 |     TCC   1   1   1   0   0   1 |     TAC   0   0   0   0   0   0 |     TGC   0   0   0   0   0   0
Leu TTA   0   0   0   0   0   0 |     TCA   0   0   0   0   0   0 | *** TAA   0   0   0   0   0   0 | *** TGA   0   0   0   0   0   0
    TTG   0   0   0   0   0   0 |     TCG   0   0   0   0   0   0 |     TAG   0   0   0   0   0   0 | Trp TGG   1   1   1   1   1   1
--------------------------------------------------------------------------------------------------------------------------------------
Leu CTT   0   0   0   0   0   0 | Pro CCT   0   0   1   0   0   0 | His CAT   1   1   1   1   1   1 | Arg CGT   0   0   0   0   0   0
    CTC   0   0   0   0   0   0 |     CCC   1   2   0   1   1   1 |     CAC   0   0   0   0   0   0 |     CGC   0   0   0   0   0   0
    CTA   0   0   0   0   0   0 |     CCA   1   0   2   2   1   0 | Gln CAA   0   0   0   0   0   1 |     CGA   0   0   0   0   0   0
    CTG   0   0   0   0   2   0 |     CCG   0   1   0   0   0   0 |     CAG   0   0   0   0   0   0 |     CGG   0   0   0   0   0   0
--------------------------------------------------------------------------------------------------------------------------------------
Ile ATT   1   1   0   1   0   0 | Thr ACT   1   1   1   1   1   1 | Asn AAT   0   0   0   0   0   0 | Ser AGT   0   0   0   0   0   0
    ATC   1   0   1   0   0   1 |     ACC   1   1   2   2   1   1 |     AAC   0   0   0   0   0   0 |     AGC   0   0   0   0   0   0
    ATA   0   0   0   0   0   0 |     ACA   0   0   0   0   0   0 | Lys AAA   0   0   0   0   0   0 | Arg AGA   1   0   1   1   1   1
Met ATG   2   2   1   2   2   1 |     ACG   0   0   0   0   0   0 |     AAG   1   0   1   1   1   1 |     AGG   0   2   0   0   0   0
--------------------------------------------------------------------------------------------------------------------------------------
Val GTT   0   0   0   0   1   1 | Ala GCT   0   1   0   0   0   0 | Asp GAT   0   0   0   0   0   0 | Gly GGT   0   0   0   0   0   0
    GTC   0   0   0   0   0   0 |     GCC   0   0   0   0   1   1 |     GAC   1   1   1   1   1   1 |     GGC   0   0   0   0   0   0
    GTA   0   0   0   1   0   0 |     GCA   1   0   0   0   0   0 | Glu GAA   0   0   0   0   0   0 |     GGA   0   0   0   0   0   0
    GTG   1   1   2   0   0   2 |     GCG   0   0   0   0   0   0 |     GAG   1   1   1   1   1   1 |     GGG   0   0   0   0   0   0
--------------------------------------------------------------------------------------------------------------------------------------

--------------------------------------------------------------------------------------------------------------------------------------
Phe TTT   0   1   0   0   0   0 | Ser TCT   0   0   0   0   0   1 | Tyr TAT   0   0   0   0   0   0 | Cys TGT   0   0   0   0   0   0
    TTC   2   1   2   2   2   2 |     TCC   1   1   1   0   1   0 |     TAC   0   0   0   0   0   0 |     TGC   0   0   0   0   0   0
Leu TTA   0   0   0   0   0   0 |     TCA   0   0   0   0   0   0 | *** TAA   0   0   0   0   0   0 | *** TGA   0   0   0   0   0   0
    TTG   0   0   0   0   0   0 |     TCG   0   0   0   0   0   0 |     TAG   0   0   0   0   0   0 | Trp TGG   1   1   1   1   1   1
--------------------------------------------------------------------------------------------------------------------------------------
Leu CTT   0   0   0   0   0   0 | Pro CCT   0   0   0   0   1   0 | His CAT   0   1   1   1   1   1 | Arg CGT   0   0   0   0   0   0
    CTC   0   0   0   0   0   0 |     CCC   1   1   1   2   0   1 |     CAC   0   0   0   0   0   0 |     CGC   0   0   0   0   0   0
    CTA   0   0   0   0   0   0 |     CCA   2   1   2   2   2   2 | Gln CAA   0   0   0   0   0   0 |     CGA   0   0   0   0   0   0
    CTG   0   0   0   0   0   0 |     CCG   0   0   0   0   0   0 |     CAG   0   0   0   0   0   0 |     CGG   0   0   0   0   0   0
--------------------------------------------------------------------------------------------------------------------------------------
Ile ATT   1   1   1   1   0   1 | Thr ACT   1   1   1   1   1   1 | Asn AAT   1   0   0   0   0   0 | Ser AGT   0   0   0   0   0   0
    ATC   0   1   0   0   1   0 |     ACC   2   1   2   2   2   1 |     AAC   0   0   0   0   0   0 |     AGC   0   0   0   0   0   0
    ATA   0   0   0   0   0   0 |     ACA   0   0   0   0   0   0 | Lys AAA   0   0   0   0   0   0 | Arg AGA   1   1   1   1   1   1
Met ATG   1   2   2   1   1   2 |     ACG   0   0   0   0   0   1 |     AAG   1   1   1   1   1   1 |     AGG   0   0   0   0   0   0
--------------------------------------------------------------------------------------------------------------------------------------
Val GTT   0   0   0   0   0   0 | Ala GCT   0   0   0   0   0   0 | Asp GAT   0   0   0   0   0   0 | Gly GGT   0   0   0   0   0   0
    GTC   0   0   0   0   0   0 |     GCC   0   0   0   0   0   0 |     GAC   1   1   1   1   1   1 |     GGC   0   0   0   0   0   0
    GTA   0   0   0   0   0   0 |     GCA   0   1   0   0   0   0 | Glu GAA   0   0   0   0   0   0 |     GGA   0   0   0   0   0   0
    GTG   2   1   1   2   2   1 |     GCG   0   0   0   0   0   0 |     GAG   1   1   1   1   1   1 |     GGG   0   0   0   0   0   0
--------------------------------------------------------------------------------------------------------------------------------------

--------------------------------------------------------------------------------------------------------------------------------------
Phe TTT   0   0   0   0   0   0 | Ser TCT   0   0   0   0   0   0 | Tyr TAT   0   0   0   0   0   0 | Cys TGT   0   0   0   0   0   0
    TTC   2   2   2   2   2   2 |     TCC   1   1   1   1   1   1 |     TAC   0   0   0   0   0   0 |     TGC   0   0   0   0   0   0
Leu TTA   0   0   0   0   0   0 |     TCA   0   0   0   0   0   0 | *** TAA   0   0   0   0   0   0 | *** TGA   0   0   0   0   0   0
    TTG   0   0   0   0   0   0 |     TCG   0   0   0   0   0   0 |     TAG   0   0   0   0   0   0 | Trp TGG   1   1   1   1   1   1
--------------------------------------------------------------------------------------------------------------------------------------
Leu CTT   0   0   0   0   0   0 | Pro CCT   0   1   0   0   0   0 | His CAT   1   1   1   1   1   1 | Arg CGT   0   0   0   0   0   0
    CTC   0   0   0   0   0   0 |     CCC   1   0   1   1   1   1 |     CAC   0   0   0   0   0   0 |     CGC   0   0   0   0   0   0
    CTA   0   0   0   0   0   0 |     CCA   2   1   2   2   2   2 | Gln CAA   0   0   0   0   0   0 |     CGA   0   0   0   0   0   0
    CTG   0   0   0   0   0   0 |     CCG   0   1   0   0   0   0 |     CAG   0   0   0   0   0   0 |     CGG   0   0   0   0   0   0
--------------------------------------------------------------------------------------------------------------------------------------
Ile ATT   1   0   1   1   1   1 | Thr ACT   1   1   1   1   1   1 | Asn AAT   0   0   0   0   0   0 | Ser AGT   0   0   0   0   0   0
    ATC   0   1   0   0   0   0 |     ACC   2   2   2   2   0   2 |     AAC   0   0   0   0   0   0 |     AGC   0   0   0   0   1   0
    ATA   0   0   0   0   0   0 |     ACA   0   0   0   0   0   0 | Lys AAA   0   0   0   0   0   0 | Arg AGA   1   1   1   1   1   1
Met ATG   2   2   2   2   1   1 |     ACG   0   0   0   0   0   1 |     AAG   1   0   1   1   1   1 |     AGG   0   1   0   0   0   0
--------------------------------------------------------------------------------------------------------------------------------------
Val GTT   0   0   0   0   0   0 | Ala GCT   0   0   0   0   0   0 | Asp GAT   0   0   0   0   0   0 | Gly GGT   0   0   0   0   0   0
    GTC   0   0   0   0   0   0 |     GCC   0   0   0   0   1   0 |     GAC   1   1   1   1   1   1 |     GGC   0   0   0   0   0   0
    GTA   0   0   0   0   0   0 |     GCA   0   0   0   0   0   0 | Glu GAA   0   0   0   0   0   0 |     GGA   0   0   0   0   0   0
    GTG   1   1   1   1   2   1 |     GCG   0   0   0   0   0   0 |     GAG   1   1   1   1   1   1 |     GGG   0   0   0   0   0   0
--------------------------------------------------------------------------------------------------------------------------------------

--------------------------------------------------------------------------------------------------------------------------------------
Phe TTT   0   0   0   0   0   0 | Ser TCT   1   1   0   0   0   0 | Tyr TAT   0   0   0   0   0   0 | Cys TGT   0   0   0   0   0   0
    TTC   2   2   2   2   2   2 |     TCC   0   0   1   1   1   1 |     TAC   0   0   0   0   0   0 |     TGC   0   0   0   0   0   0
Leu TTA   0   0   0   0   0   0 |     TCA   0   0   0   0   0   0 | *** TAA   0   0   0   0   0   0 | *** TGA   0   0   0   0   0   0
    TTG   0   0   0   0   0   0 |     TCG   0   0   0   0   0   0 |     TAG   0   0   0   0   0   0 | Trp TGG   1   1   1   1   1   1
--------------------------------------------------------------------------------------------------------------------------------------
Leu CTT   0   0   0   0   0   0 | Pro CCT   0   0   0   1   0   0 | His CAT   1   1   1   1   1   1 | Arg CGT   0   0   0   0   0   0
    CTC   0   0   0   0   0   0 |     CCC   1   1   1   0   1   1 |     CAC   0   0   0   0   0   0 |     CGC   0   0   0   0   0   0
    CTA   0   0   0   0   0   0 |     CCA   2   2   1   2   2   2 | Gln CAA   0   0   0   0   0   0 |     CGA   0   0   0   0   0   0
    CTG   0   0   0   0   0   0 |     CCG   0   0   0   0   0   0 |     CAG   0   0   0   0   0   0 |     CGG   0   0   0   0   0   0
--------------------------------------------------------------------------------------------------------------------------------------
Ile ATT   1   1   1   0   1   1 | Thr ACT   1   1   1   1   1   1 | Asn AAT   0   0   0   0   0   0 | Ser AGT   0   0   0   0   0   0
    ATC   0   0   0   1   0   0 |     ACC   2   1   2   2   2   2 |     AAC   0   0   0   0   0   0 |     AGC   0   0   0   0   0   0
    ATA   0   0   0   0   0   0 |     ACA   0   0   1   0   0   0 | Lys AAA   0   0   0   0   0   0 | Arg AGA   1   1   1   1   1   1
Met ATG   2   2   2   1   3   2 |     ACG   0   0   0   0   0   0 |     AAG   1   1   1   1   1   1 |     AGG   0   0   0   0   0   0
--------------------------------------------------------------------------------------------------------------------------------------
Val GTT   0   0   0   0   0   0 | Ala GCT   0   0   0   0   0   0 | Asp GAT   0   0   0   0   0   0 | Gly GGT   0   0   0   0   0   0
    GTC   0   0   0   0   0   0 |     GCC   0   1   0   0   0   0 |     GAC   1   1   1   1   1   1 |     GGC   0   0   0   0   0   0
    GTA   0   0   0   0   0   0 |     GCA   0   0   0   0   0   0 | Glu GAA   0   0   0   0   0   0 |     GGA   0   0   0   0   0   0
    GTG   1   1   1   2   0   1 |     GCG   0   0   0   0   0   0 |     GAG   1   1   1   1   1   1 |     GGG   0   0   0   0   0   0
--------------------------------------------------------------------------------------------------------------------------------------

--------------------------------------------------------------------------------------------------------------------------------------
Phe TTT   0   0   0   0   0   0 | Ser TCT   1   1   0   0   0   0 | Tyr TAT   0   0   0   0   0   0 | Cys TGT   0   0   0   0   0   0
    TTC   2   2   2   2   2   2 |     TCC   0   0   1   1   1   1 |     TAC   0   0   0   0   0   0 |     TGC   0   0   0   0   0   0
Leu TTA   0   0   0   0   0   0 |     TCA   0   0   0   0   0   0 | *** TAA   0   0   0   0   0   0 | *** TGA   0   0   0   0   0   0
    TTG   0   0   0   0   0   0 |     TCG   0   0   0   0   0   0 |     TAG   0   0   0   0   0   0 | Trp TGG   1   1   1   1   1   1
--------------------------------------------------------------------------------------------------------------------------------------
Leu CTT   0   0   0   0   0   0 | Pro CCT   0   0   0   0   0   1 | His CAT   1   1   1   1   1   1 | Arg CGT   0   0   0   0   0   0
    CTC   0   0   0   0   0   0 |     CCC   1   1   1   1   1   0 |     CAC   0   0   0   0   0   0 |     CGC   0   0   0   0   0   0
    CTA   0   0   0   0   0   0 |     CCA   2   2   2   2   2   2 | Gln CAA   0   0   0   0   0   0 |     CGA   0   0   0   0   0   0
    CTG   0   0   0   0   0   0 |     CCG   0   0   0   0   0   0 |     CAG   0   0   0   0   0   0 |     CGG   0   0   0   0   0   0
--------------------------------------------------------------------------------------------------------------------------------------
Ile ATT   1   1   1   1   1   0 | Thr ACT   1   1   1   1   1   1 | Asn AAT   0   0   0   0   0   0 | Ser AGT   0   0   0   0   0   0
    ATC   0   0   0   0   0   1 |     ACC   1   1   2   2   2   2 |     AAC   0   0   0   0   0   0 |     AGC   0   0   0   0   0   0
    ATA   0   0   0   0   0   0 |     ACA   0   0   0   0   0   0 | Lys AAA   0   0   0   0   0   0 | Arg AGA   1   1   1   1   1   1
Met ATG   2   2   1   1   2   1 |     ACG   1   1   0   0   0   0 |     AAG   1   1   1   1   1   1 |     AGG   0   0   0   0   0   0
--------------------------------------------------------------------------------------------------------------------------------------
Val GTT   0   0   0   0   0   0 | Ala GCT   0   0   0   0   0   0 | Asp GAT   0   0   0   0   0   0 | Gly GGT   0   0   0   0   0   0
    GTC   0   0   0   0   0   0 |     GCC   0   0   0   0   0   0 |     GAC   1   1   1   1   1   1 |     GGC   0   0   0   0   0   0
    GTA   0   0   0   0   0   0 |     GCA   0   0   0   0   0   0 | Glu GAA   0   0   0   0   0   0 |     GGA   0   0   0   0   0   0
    GTG   1   1   2   2   1   2 |     GCG   0   0   0   0   0   0 |     GAG   1   1   1   1   1   1 |     GGG   0   0   0   0   0   0
--------------------------------------------------------------------------------------------------------------------------------------

--------------------------------------------------------------------------------------------------------------------------------------
Phe TTT   0   0   0   0   0   0 | Ser TCT   0   0   2   0   1   0 | Tyr TAT   0   0   0   0   0   0 | Cys TGT   0   0   0   0   0   0
    TTC   2   2   2   2   2   2 |     TCC   1   1   0   0   0   1 |     TAC   0   0   0   0   0   0 |     TGC   0   0   0   0   0   0
Leu TTA   0   0   0   0   0   0 |     TCA   0   0   0   0   0   0 | *** TAA   0   0   0   0   0   0 | *** TGA   0   0   0   0   0   0
    TTG   0   0   0   0   0   0 |     TCG   0   0   1   1   0   0 |     TAG   0   0   0   0   0   0 | Trp TGG   1   1   1   1   1   1
--------------------------------------------------------------------------------------------------------------------------------------
Leu CTT   0   0   0   0   0   0 | Pro CCT   0   1   0   0   0   0 | His CAT   1   1   1   1   1   1 | Arg CGT   0   0   0   0   0   0
    CTC   0   0   0   0   0   0 |     CCC   1   0   1   1   1   1 |     CAC   0   0   0   0   0   0 |     CGC   0   0   0   0   0   0
    CTA   0   0   0   0   1   0 |     CCA   2   2   2   2   1   2 | Gln CAA   0   0   0   0   0   0 |     CGA   0   0   0   0   0   0
    CTG   0   0   0   0   0   0 |     CCG   0   0   0   0   0   0 |     CAG   0   0   0   0   0   0 |     CGG   0   0   0   0   0   0
--------------------------------------------------------------------------------------------------------------------------------------
Ile ATT   1   0   1   1   1   1 | Thr ACT   1   1   0   1   0   1 | Asn AAT   0   0   0   0   0   0 | Ser AGT   0   0   0   0   0   0
    ATC   0   1   0   0   0   0 |     ACC   2   2   1   2   1   2 |     AAC   0   0   0   0   0   0 |     AGC   0   0   0   0   0   0
    ATA   0   0   0   0   0   0 |     ACA   0   0   0   0   0   0 | Lys AAA   0   0   0   0   0   0 | Arg AGA   1   1   1   1   1   1
Met ATG   3   1   2   2   2   1 |     ACG   0   0   0   0   0   0 |     AAG   1   1   1   1   1   1 |     AGG   0   0   0   0   0   0
--------------------------------------------------------------------------------------------------------------------------------------
Val GTT   0   0   0   0   0   0 | Ala GCT   0   0   0   0   1   0 | Asp GAT   0   0   0   0   0   0 | Gly GGT   0   0   0   0   0   0
    GTC   0   0   0   0   0   0 |     GCC   0   0   0   0   1   0 |     GAC   1   1   1   1   1   1 |     GGC   0   0   0   0   0   0
    GTA   0   0   0   0   0   0 |     GCA   0   0   0   0   0   0 | Glu GAA   0   0   0   0   0   0 |     GGA   0   0   0   0   0   0
    GTG   0   2   1   1   1   2 |     GCG   0   0   0   0   0   0 |     GAG   1   1   1   1   1   1 |     GGG   0   0   0   0   0   0
--------------------------------------------------------------------------------------------------------------------------------------

--------------------------------------------------------------------------------------------------------------------------------------
Phe TTT   0   0   0   0   0   0 | Ser TCT   0   0   0   0   0   1 | Tyr TAT   0   0   0   0   0   0 | Cys TGT   0   0   0   0   0   0
    TTC   2   2   2   2   2   2 |     TCC   1   1   1   1   1   0 |     TAC   0   0   0   0   0   0 |     TGC   0   0   0   0   0   0
Leu TTA   0   0   0   0   0   0 |     TCA   0   0   0   0   0   0 | *** TAA   0   0   0   0   0   0 | *** TGA   0   0   0   0   0   0
    TTG   0   0   0   0   0   0 |     TCG   0   0   0   0   0   0 |     TAG   0   0   0   0   0   0 | Trp TGG   1   1   1   1   1   1
--------------------------------------------------------------------------------------------------------------------------------------
Leu CTT   0   0   0   0   0   0 | Pro CCT   0   1   0   0   0   0 | His CAT   1   1   1   1   1   1 | Arg CGT   0   0   0   0   0   0
    CTC   0   0   0   0   0   0 |     CCC   1   0   1   1   1   1 |     CAC   0   0   0   0   0   0 |     CGC   0   0   0   0   0   0
    CTA   0   0   0   0   0   0 |     CCA   2   2   2   2   2   2 | Gln CAA   0   0   0   0   0   0 |     CGA   0   0   0   0   0   0
    CTG   0   0   0   0   0   0 |     CCG   0   0   0   0   0   0 |     CAG   0   0   0   0   0   0 |     CGG   0   0   0   0   0   0
--------------------------------------------------------------------------------------------------------------------------------------
Ile ATT   1   0   1   1   1   1 | Thr ACT   0   2   1   1   1   1 | Asn AAT   0   0   0   0   0   0 | Ser AGT   0   0   0   0   0   0
    ATC   0   1   0   0   0   0 |     ACC   1   1   2   2   2   1 |     AAC   0   0   0   0   0   0 |     AGC   0   0   0   0   0   0
    ATA   0   0   0   0   0   0 |     ACA   0   0   0   0   0   0 | Lys AAA   0   0   0   0   0   0 | Arg AGA   1   1   1   1   1   1
Met ATG   2   2   1   1   1   2 |     ACG   1   0   0   0   0   1 |     AAG   1   0   1   1   1   1 |     AGG   0   1   0   0   0   0
--------------------------------------------------------------------------------------------------------------------------------------
Val GTT   0   0   0   0   0   0 | Ala GCT   1   0   0   0   0   0 | Asp GAT   0   0   0   0   0   0 | Gly GGT   0   0   0   0   0   0
    GTC   0   0   0   0   1   0 |     GCC   0   0   0   0   0   0 |     GAC   1   1   1   1   1   1 |     GGC   0   0   0   0   0   0
    GTA   0   0   0   0   0   0 |     GCA   0   0   0   0   0   0 | Glu GAA   0   0   0   0   0   0 |     GGA   0   0   0   0   0   0
    GTG   1   1   2   2   1   1 |     GCG   0   0   0   0   0   0 |     GAG   1   1   1   1   1   1 |     GGG   0   0   0   0   0   0
--------------------------------------------------------------------------------------------------------------------------------------

--------------------------------------------------------------------------------------------------------------------------------------
Phe TTT   0   0   0   0   0   2 | Ser TCT   1   0   1   1   0   0 | Tyr TAT   0   0   0   0   0   0 | Cys TGT   0   0   0   0   0   0
    TTC   2   2   2   2   2   0 |     TCC   0   1   0   0   1   0 |     TAC   0   0   0   0   0   0 |     TGC   0   0   0   0   0   0
Leu TTA   0   0   0   0   0   0 |     TCA   0   0   0   0   0   0 | *** TAA   0   0   0   0   0   0 | *** TGA   0   0   0   0   0   0
    TTG   0   0   0   0   0   0 |     TCG   0   0   0   0   0   0 |     TAG   0   0   0   0   0   0 | Trp TGG   1   1   1   1   1   1
--------------------------------------------------------------------------------------------------------------------------------------
Leu CTT   0   0   0   0   0   0 | Pro CCT   0   0   0   0   1   0 | His CAT   1   1   1   1   1   1 | Arg CGT   0   0   0   0   0   0
    CTC   0   0   0   0   0   0 |     CCC   1   1   1   1   0   1 |     CAC   0   0   0   0   0   0 |     CGC   0   0   0   0   0   0
    CTA   0   0   0   0   1   0 |     CCA   2   2   2   2   1   2 | Gln CAA   0   0   0   0   0   0 |     CGA   0   0   0   0   0   0
    CTG   0   0   0   0   0   0 |     CCG   0   0   0   0   0   0 |     CAG   0   0   0   0   0   0 |     CGG   0   0   0   0   0   0
--------------------------------------------------------------------------------------------------------------------------------------
Ile ATT   1   1   1   1   0   1 | Thr ACT   1   1   1   1   1   2 | Asn AAT   0   0   0   0   0   0 | Ser AGT   0   0   0   0   0   0
    ATC   0   0   0   0   1   0 |     ACC   1   2   1   1   2   1 |     AAC   0   0   0   0   0   0 |     AGC   0   0   0   0   0   1
    ATA   0   0   0   0   0   0 |     ACA   0   0   0   0   0   0 | Lys AAA   0   0   0   0   0   0 | Arg AGA   1   1   1   1   1   1
Met ATG   2   2   2   2   2   2 |     ACG   1   0   1   1   0   0 |     AAG   1   1   1   1   0   1 |     AGG   0   0   0   0   1   0
--------------------------------------------------------------------------------------------------------------------------------------
Val GTT   0   0   0   0   0   0 | Ala GCT   0   0   0   0   0   0 | Asp GAT   0   0   0   0   0   0 | Gly GGT   0   0   0   0   0   0
    GTC   0   0   0   0   0   0 |     GCC   0   0   0   0   0   0 |     GAC   1   1   1   1   1   1 |     GGC   0   0   0   0   0   0
    GTA   0   0   0   0   0   0 |     GCA   0   0   0   0   0   0 | Glu GAA   0   0   0   0   0   0 |     GGA   0   0   0   0   0   0
    GTG   1   1   1   1   1   1 |     GCG   0   0   0   0   0   0 |     GAG   1   1   1   1   1   1 |     GGG   0   0   0   0   0   0
--------------------------------------------------------------------------------------------------------------------------------------

--------------------------------------------------------------------------------------------------------------------------------------
Phe TTT   0   0   0   0   0   0 | Ser TCT   0   0   0   1   1   0 | Tyr TAT   0   0   0   0   0   0 | Cys TGT   0   0   0   0   0   0
    TTC   2   2   2   2   2   2 |     TCC   1   1   1   0   1   1 |     TAC   0   0   0   0   0   0 |     TGC   0   0   0   0   0   0
Leu TTA   0   0   0   0   0   0 |     TCA   0   0   0   0   0   0 | *** TAA   0   0   0   0   0   0 | *** TGA   0   0   0   0   0   0
    TTG   0   0   0   0   0   0 |     TCG   0   0   0   0   0   0 |     TAG   0   0   0   0   0   0 | Trp TGG   1   1   1   1   1   1
--------------------------------------------------------------------------------------------------------------------------------------
Leu CTT   0   0   0   0   0   0 | Pro CCT   0   0   0   0   0   1 | His CAT   1   1   1   1   1   1 | Arg CGT   0   0   0   0   0   0
    CTC   0   0   0   0   0   0 |     CCC   1   1   1   1   0   0 |     CAC   0   0   0   0   0   0 |     CGC   0   0   0   0   0   0
    CTA   0   0   0   0   0   0 |     CCA   2   2   2   2   2   2 | Gln CAA   0   0   0   0   0   0 |     CGA   0   0   0   0   0   0
    CTG   0   0   0   0   0   0 |     CCG   0   0   0   0   0   0 |     CAG   0   0   0   0   0   0 |     CGG   0   0   0   0   0   0
--------------------------------------------------------------------------------------------------------------------------------------
Ile ATT   1   1   1   1   0   0 | Thr ACT   1   1   1   1   1   1 | Asn AAT   0   0   0   0   0   0 | Ser AGT   0   0   0   0   0   0
    ATC   0   0   0   0   1   1 |     ACC   2   1   2   2   2   2 |     AAC   0   0   0   0   0   0 |     AGC   0   0   0   0   0   0
    ATA   0   0   0   1   0   0 |     ACA   0   0   0   0   0   0 | Lys AAA   0   0   0   0   0   0 | Arg AGA   1   1   1   1   1   1
Met ATG   2   1   1   2   2   1 |     ACG   0   0   0   0   0   0 |     AAG   1   1   1   1   1   1 |     AGG   0   0   0   0   0   0
--------------------------------------------------------------------------------------------------------------------------------------
Val GTT   0   0   0   0   0   0 | Ala GCT   0   0   0   0   0   0 | Asp GAT   0   0   0   0   0   0 | Gly GGT   0   0   0   0   0   0
    GTC   0   0   0   0   0   0 |     GCC   0   1   0   0   0   0 |     GAC   1   1   1   1   1   1 |     GGC   0   0   0   0   0   0
    GTA   0   0   0   0   0   0 |     GCA   0   0   0   0   0   0 | Glu GAA   0   0   0   0   0   0 |     GGA   0   0   0   0   0   0
    GTG   1   2   2   0   1   2 |     GCG   0   0   0   0   0   0 |     GAG   1   1   1   1   1   1 |     GGG   0   0   0   0   0   0
--------------------------------------------------------------------------------------------------------------------------------------

Codon position x base (3x4) table for each sequence.

#1: Argali         
position  1:    T:0.21053    C:0.15789    A:0.42105    G:0.21053
position  2:    T:0.36842    C:0.31579    A:0.21053    G:0.10526
position  3:    T:0.21053    C:0.31579    A:0.15789    G:0.31579
Average         T:0.26316    C:0.26316    A:0.26316    G:0.21053

#2: LesserMouseDeer
position  1:    T:0.21053    C:0.21053    A:0.36842    G:0.21053
position  2:    T:0.31579    C:0.36842    A:0.15789    G:0.15789
position  3:    T:0.21053    C:0.36842    A:0.00000    G:0.42105
Average         T:0.24561    C:0.31579    A:0.17544    G:0.26316

#3: LesserKudu     
position  1:    T:0.21053    C:0.21053    A:0.36842    G:0.21053
position  2:    T:0.31579    C:0.36842    A:0.21053    G:0.10526
position  3:    T:0.15789    C:0.36842    A:0.15789    G:0.31579
Average         T:0.22807    C:0.31579    A:0.24561    G:0.21053

#4: ForestMuskDeer2
position  1:    T:0.21053    C:0.21053    A:0.42105    G:0.15789
position  2:    T:0.31579    C:0.36842    A:0.21053    G:0.10526
position  3:    T:0.21053    C:0.31579    A:0.21053    G:0.26316
Average         T:0.24561    C:0.29825    A:0.28070    G:0.17544

#5: Camel          
position  1:    T:0.21053    C:0.26316    A:0.31579    G:0.21053
position  2:    T:0.36842    C:0.31579    A:0.21053    G:0.10526
position  3:    T:0.21053    C:0.31579    A:0.10526    G:0.36842
Average         T:0.26316    C:0.29825    A:0.21053    G:0.22807

#6: KillerWhale    
position  1:    T:0.21053    C:0.15789    A:0.31579    G:0.31579
position  2:    T:0.31579    C:0.31579    A:0.26316    G:0.10526
position  3:    T:0.21053    C:0.36842    A:0.10526    G:0.31579
Average         T:0.24561    C:0.28070    A:0.22807    G:0.24561

#7: DefassaWaterbuck
position  1:    T:0.21053    C:0.15789    A:0.42105    G:0.21053
position  2:    T:0.31579    C:0.36842    A:0.21053    G:0.10526
position  3:    T:0.15789    C:0.36842    A:0.15789    G:0.31579
Average         T:0.22807    C:0.29825    A:0.26316    G:0.21053

#8: Sheep          
position  1:    T:0.21053    C:0.15789    A:0.42105    G:0.21053
position  2:    T:0.36842    C:0.31579    A:0.21053    G:0.10526
position  3:    T:0.21053    C:0.31579    A:0.15789    G:0.31579
Average         T:0.26316    C:0.26316    A:0.26316    G:0.21053

#9: MaxwellsDuiker 
position  1:    T:0.21053    C:0.21053    A:0.42105    G:0.15789
position  2:    T:0.31579    C:0.36842    A:0.21053    G:0.10526
position  3:    T:0.15789    C:0.36842    A:0.15789    G:0.31579
Average         T:0.22807    C:0.31579    A:0.26316    G:0.19298

#10: GazellaPrzewalskyi
position  1:    T:0.15789    C:0.26316    A:0.36842    G:0.21053
position  2:    T:0.31579    C:0.36842    A:0.21053    G:0.10526
position  3:    T:0.15789    C:0.36842    A:0.15789    G:0.31579
Average         T:0.21053    C:0.33333    A:0.24561    G:0.21053

#11: MountainNyala  
position  1:    T:0.21053    C:0.21053    A:0.36842    G:0.21053
position  2:    T:0.31579    C:0.36842    A:0.21053    G:0.10526
position  3:    T:0.15789    C:0.36842    A:0.15789    G:0.31579
Average         T:0.22807    C:0.31579    A:0.24561    G:0.21053

#12: MuntiacusMuntjak
position  1:    T:0.21053    C:0.21053    A:0.42105    G:0.15789
position  2:    T:0.31579    C:0.36842    A:0.21053    G:0.10526
position  3:    T:0.21053    C:0.26316    A:0.15789    G:0.36842
Average         T:0.24561    C:0.28070    A:0.26316    G:0.21053

#13: goat           
position  1:    T:0.21053    C:0.21053    A:0.42105    G:0.15789
position  2:    T:0.31579    C:0.36842    A:0.21053    G:0.10526
position  3:    T:0.15789    C:0.36842    A:0.15789    G:0.31579
Average         T:0.22807    C:0.31579    A:0.26316    G:0.19298

#14: AfricanBuffalo 
position  1:    T:0.21053    C:0.21053    A:0.42105    G:0.15789
position  2:    T:0.31579    C:0.36842    A:0.15789    G:0.15789
position  3:    T:0.15789    C:0.36842    A:0.10526    G:0.36842
Average         T:0.22807    C:0.31579    A:0.22807    G:0.22807

#15: Topi           
position  1:    T:0.21053    C:0.21053    A:0.42105    G:0.15789
position  2:    T:0.31579    C:0.36842    A:0.21053    G:0.10526
position  3:    T:0.15789    C:0.36842    A:0.15789    G:0.31579
Average         T:0.22807    C:0.31579    A:0.26316    G:0.19298

#16: CommonDuiker   
position  1:    T:0.21053    C:0.21053    A:0.42105    G:0.15789
position  2:    T:0.31579    C:0.36842    A:0.21053    G:0.10526
position  3:    T:0.15789    C:0.36842    A:0.15789    G:0.31579
Average         T:0.22807    C:0.31579    A:0.26316    G:0.19298

#17: Suni           
position  1:    T:0.21053    C:0.21053    A:0.31579    G:0.26316
position  2:    T:0.31579    C:0.31579    A:0.21053    G:0.15789
position  3:    T:0.15789    C:0.36842    A:0.15789    G:0.31579
Average         T:0.22807    C:0.29825    A:0.22807    G:0.24561

#18: Springbuck     
position  1:    T:0.21053    C:0.21053    A:0.42105    G:0.15789
position  2:    T:0.26316    C:0.42105    A:0.21053    G:0.10526
position  3:    T:0.15789    C:0.36842    A:0.15789    G:0.31579
Average         T:0.21053    C:0.33333    A:0.26316    G:0.19298

#19: Okapi          
position  1:    T:0.21053    C:0.21053    A:0.42105    G:0.15789
position  2:    T:0.31579    C:0.36842    A:0.21053    G:0.10526
position  3:    T:0.21053    C:0.31579    A:0.15789    G:0.31579
Average         T:0.24561    C:0.29825    A:0.26316    G:0.19298

#20: Giraffe        
position  1:    T:0.21053    C:0.21053    A:0.36842    G:0.21053
position  2:    T:0.31579    C:0.36842    A:0.21053    G:0.10526
position  3:    T:0.21053    C:0.31579    A:0.15789    G:0.31579
Average         T:0.24561    C:0.29825    A:0.24561    G:0.21053

#21: TibetanAntelope
position  1:    T:0.21053    C:0.15789    A:0.47368    G:0.15789
position  2:    T:0.31579    C:0.36842    A:0.21053    G:0.10526
position  3:    T:0.15789    C:0.36842    A:0.15789    G:0.31579
Average         T:0.22807    C:0.29825    A:0.28070    G:0.19298

#22: Sitatunga      
position  1:    T:0.21053    C:0.21053    A:0.36842    G:0.21053
position  2:    T:0.31579    C:0.36842    A:0.21053    G:0.10526
position  3:    T:0.15789    C:0.36842    A:0.15789    G:0.31579
Average         T:0.22807    C:0.31579    A:0.24561    G:0.21053

#23: Oribi          
position  1:    T:0.21053    C:0.21053    A:0.47368    G:0.10526
position  2:    T:0.31579    C:0.36842    A:0.21053    G:0.10526
position  3:    T:0.15789    C:0.36842    A:0.15789    G:0.31579
Average         T:0.22807    C:0.31579    A:0.28070    G:0.17544

#24: BarbarySheep   
position  1:    T:0.21053    C:0.21053    A:0.42105    G:0.15789
position  2:    T:0.31579    C:0.36842    A:0.21053    G:0.10526
position  3:    T:0.15789    C:0.36842    A:0.15789    G:0.31579
Average         T:0.22807    C:0.31579    A:0.26316    G:0.19298

#25: Daviddeer      
position  1:    T:0.21053    C:0.21053    A:0.42105    G:0.15789
position  2:    T:0.31579    C:0.36842    A:0.21053    G:0.10526
position  3:    T:0.21053    C:0.26316    A:0.15789    G:0.36842
Average         T:0.24561    C:0.28070    A:0.26316    G:0.21053

#26: Reindeer       
position  1:    T:0.21053    C:0.21053    A:0.42105    G:0.15789
position  2:    T:0.31579    C:0.36842    A:0.21053    G:0.10526
position  3:    T:0.21053    C:0.26316    A:0.15789    G:0.36842
Average         T:0.24561    C:0.28070    A:0.26316    G:0.21053

#27: Ibex           
position  1:    T:0.21053    C:0.21053    A:0.36842    G:0.21053
position  2:    T:0.31579    C:0.36842    A:0.21053    G:0.10526
position  3:    T:0.15789    C:0.36842    A:0.15789    G:0.31579
Average         T:0.22807    C:0.31579    A:0.24561    G:0.21053

#28: GyrantGazelle  
position  1:    T:0.21053    C:0.21053    A:0.36842    G:0.21053
position  2:    T:0.31579    C:0.36842    A:0.21053    G:0.10526
position  3:    T:0.15789    C:0.36842    A:0.15789    G:0.31579
Average         T:0.22807    C:0.31579    A:0.24561    G:0.21053

#29: Hartebeest     
position  1:    T:0.21053    C:0.21053    A:0.42105    G:0.15789
position  2:    T:0.31579    C:0.36842    A:0.21053    G:0.10526
position  3:    T:0.15789    C:0.36842    A:0.15789    G:0.31579
Average         T:0.22807    C:0.31579    A:0.26316    G:0.19298

#30: Bongo          
position  1:    T:0.21053    C:0.21053    A:0.36842    G:0.21053
position  2:    T:0.31579    C:0.36842    A:0.21053    G:0.10526
position  3:    T:0.15789    C:0.36842    A:0.15789    G:0.31579
Average         T:0.22807    C:0.31579    A:0.24561    G:0.21053

#31: Gerenuk        
position  1:    T:0.21053    C:0.21053    A:0.47368    G:0.10526
position  2:    T:0.31579    C:0.36842    A:0.21053    G:0.10526
position  3:    T:0.15789    C:0.36842    A:0.15789    G:0.31579
Average         T:0.22807    C:0.31579    A:0.28070    G:0.17544

#32: CommonEland    
position  1:    T:0.21053    C:0.21053    A:0.36842    G:0.21053
position  2:    T:0.31579    C:0.36842    A:0.21053    G:0.10526
position  3:    T:0.15789    C:0.36842    A:0.15789    G:0.31579
Average         T:0.22807    C:0.31579    A:0.24561    G:0.21053

#33: MuntiacusReevesi
position  1:    T:0.31579    C:0.21053    A:0.31579    G:0.15789
position  2:    T:0.31579    C:0.36842    A:0.21053    G:0.10526
position  3:    T:0.21053    C:0.26316    A:0.15789    G:0.36842
Average         T:0.28070    C:0.28070    A:0.22807    G:0.21053

#34: HarveysDuiker  
position  1:    T:0.21053    C:0.21053    A:0.42105    G:0.15789
position  2:    T:0.31579    C:0.36842    A:0.21053    G:0.10526
position  3:    T:0.15789    C:0.31579    A:0.15789    G:0.36842
Average         T:0.22807    C:0.29825    A:0.26316    G:0.21053

#35: Pronghorn      
position  1:    T:0.21053    C:0.21053    A:0.31579    G:0.26316
position  2:    T:0.36842    C:0.31579    A:0.21053    G:0.10526
position  3:    T:0.21053    C:0.31579    A:0.15789    G:0.31579
Average         T:0.26316    C:0.28070    A:0.22807    G:0.22807

#36: BlueWildebeest 
position  1:    T:0.21053    C:0.21053    A:0.36842    G:0.21053
position  2:    T:0.31579    C:0.36842    A:0.21053    G:0.10526
position  3:    T:0.15789    C:0.36842    A:0.15789    G:0.31579
Average         T:0.22807    C:0.31579    A:0.24561    G:0.21053

#37: Gemsbok        
position  1:    T:0.21053    C:0.21053    A:0.36842    G:0.21053
position  2:    T:0.31579    C:0.36842    A:0.21053    G:0.10526
position  3:    T:0.15789    C:0.31579    A:0.15789    G:0.36842
Average         T:0.22807    C:0.29825    A:0.24561    G:0.22807

#38: Yak            
position  1:    T:0.21053    C:0.21053    A:0.42105    G:0.15789
position  2:    T:0.31579    C:0.36842    A:0.15789    G:0.15789
position  3:    T:0.21053    C:0.31579    A:0.15789    G:0.31579
Average         T:0.24561    C:0.29825    A:0.24561    G:0.21053

#39: BlueSheep      
position  1:    T:0.21053    C:0.21053    A:0.36842    G:0.21053
position  2:    T:0.31579    C:0.36842    A:0.21053    G:0.10526
position  3:    T:0.15789    C:0.36842    A:0.15789    G:0.31579
Average         T:0.22807    C:0.31579    A:0.24561    G:0.21053

#40: BohorReedbuck  
position  1:    T:0.21053    C:0.21053    A:0.36842    G:0.21053
position  2:    T:0.31579    C:0.36842    A:0.21053    G:0.10526
position  3:    T:0.15789    C:0.36842    A:0.15789    G:0.31579
Average         T:0.22807    C:0.31579    A:0.24561    G:0.21053

#41: KirksDik       
position  1:    T:0.21053    C:0.21053    A:0.36842    G:0.21053
position  2:    T:0.31579    C:0.36842    A:0.21053    G:0.10526
position  3:    T:0.15789    C:0.42105    A:0.15789    G:0.26316
Average         T:0.22807    C:0.33333    A:0.24561    G:0.19298

#42: RoeDeer        
position  1:    T:0.21053    C:0.21053    A:0.42105    G:0.15789
position  2:    T:0.31579    C:0.36842    A:0.21053    G:0.10526
position  3:    T:0.21053    C:0.26316    A:0.15789    G:0.36842
Average         T:0.24561    C:0.28070    A:0.26316    G:0.21053

#43: WhiteLippedDeer
position  1:    T:0.21053    C:0.21053    A:0.42105    G:0.15789
position  2:    T:0.31579    C:0.36842    A:0.21053    G:0.10526
position  3:    T:0.21053    C:0.26316    A:0.15789    G:0.36842
Average         T:0.24561    C:0.28070    A:0.26316    G:0.21053

#44: ThomsonGazelle 
position  1:    T:0.21053    C:0.21053    A:0.42105    G:0.15789
position  2:    T:0.31579    C:0.36842    A:0.21053    G:0.10526
position  3:    T:0.15789    C:0.36842    A:0.15789    G:0.31579
Average         T:0.22807    C:0.31579    A:0.26316    G:0.19298

#45: MuntiacusCrinifrons
position  1:    T:0.21053    C:0.21053    A:0.42105    G:0.15789
position  2:    T:0.31579    C:0.36842    A:0.21053    G:0.10526
position  3:    T:0.21053    C:0.26316    A:0.15789    G:0.36842
Average         T:0.24561    C:0.28070    A:0.26316    G:0.21053

#46: WhiteTailedDeer
position  1:    T:0.21053    C:0.21053    A:0.42105    G:0.15789
position  2:    T:0.31579    C:0.36842    A:0.21053    G:0.10526
position  3:    T:0.21053    C:0.26316    A:0.15789    G:0.36842
Average         T:0.24561    C:0.28070    A:0.26316    G:0.21053

#47: Cattle         
position  1:    T:0.21053    C:0.21053    A:0.42105    G:0.15789
position  2:    T:0.36842    C:0.31579    A:0.15789    G:0.15789
position  3:    T:0.15789    C:0.36842    A:0.15789    G:0.31579
Average         T:0.24561    C:0.29825    A:0.24561    G:0.21053

#48: RoyalAntelope  
position  1:    T:0.15789    C:0.21053    A:0.47368    G:0.15789
position  2:    T:0.31579    C:0.31579    A:0.21053    G:0.15789
position  3:    T:0.31579    C:0.21053    A:0.15789    G:0.31579
Average         T:0.26316    C:0.24561    A:0.28070    G:0.21053

#49: Steenbok       
position  1:    T:0.21053    C:0.21053    A:0.42105    G:0.15789
position  2:    T:0.31579    C:0.36842    A:0.21053    G:0.10526
position  3:    T:0.15789    C:0.36842    A:0.15789    G:0.31579
Average         T:0.22807    C:0.31579    A:0.26316    G:0.19298

#50: Impala         
position  1:    T:0.21053    C:0.21053    A:0.31579    G:0.26316
position  2:    T:0.31579    C:0.36842    A:0.21053    G:0.10526
position  3:    T:0.15789    C:0.36842    A:0.15789    G:0.31579
Average         T:0.22807    C:0.31579    A:0.22807    G:0.22807

#51: Klipspringer   
position  1:    T:0.21053    C:0.21053    A:0.36842    G:0.21053
position  2:    T:0.31579    C:0.36842    A:0.21053    G:0.10526
