CODONML (in paml version 4.10.7, June 2023)  /home/rachel/ruminants_paml/6406-phy-tree/ENSBTAT00000010787.fasta.phy
Model: free dN/dS Ratios for branches,  kappa = 2.000 fixed

Codon frequency model: F3x4
ns =  54  ls = 167

Codon usage in sequences
--------------------------------------------------------------------------------------------------------------------------------------
Phe TTT   1   1   1   1   1   1 | Ser TCT   1   0   1   1   1   2 | Tyr TAT   0   0   1   0   0   0 | Cys TGT   3   3   3   3   2   3
    TTC   5   6   5   5   5   5 |     TCC   3   6   3   4   3   4 |     TAC   4   4   3   4   4   4 |     TGC   3   3   3   3   4   3
Leu TTA   1   0   1   1   0   1 |     TCA   4   2   4   3   2   2 | *** TAA   0   0   0   0   0   0 | *** TGA   0   0   0   0   0   0
    TTG   0   1   0   1   0   0 |     TCG   0   0   0   0   1   0 |     TAG   0   0   0   0   0   0 | Trp TGG   2   2   2   2   2   2
--------------------------------------------------------------------------------------------------------------------------------------
Leu CTT   0   0   0   0   1   0 | Pro CCT   1   1   1   1   2   2 | His CAT   1   1   1   1   1   1 | Arg CGT   0   1   0   0   2   1
    CTC   1   2   1   1   1   1 |     CCC   3   4   3   4   3   3 |     CAC   3   3   3   3   3   3 |     CGC   3   2   3   3   1   2
    CTA   0   0   0   0   1   2 |     CCA   1   2   1   2   1   1 | Gln CAA   0   0   0   0   1   0 |     CGA   1   1   1   1   1   3
    CTG   8   6   8   7   7   7 |     CCG   1   0   1   0   1   1 |     CAG   8   8   8   8   8   8 |     CGG   4   4   4   4   3   1
--------------------------------------------------------------------------------------------------------------------------------------
Ile ATT   1   1   1   1   1   1 | Thr ACT   1   1   1   1   3   3 | Asn AAT   1   0   2   1   1   1 | Ser AGT   1   2   1   1   2   2
    ATC   3   3   3   3   3   2 |     ACC   4   6   4   4   4   5 |     AAC   4   5   3   4   4   4 |     AGC   2   1   2   2   1   1
    ATA   0   0   0   0   0   0 |     ACA   3   0   4   3   1   2 | Lys AAA   2   0   1   1   1   2 | Arg AGA   1   3   2   2   2   2
Met ATG   2   2   2   2   2   2 |     ACG   1   3   0   1   1   0 |     AAG  10   9   9  10  10   8 |     AGG   0   1   1   0   0   1
--------------------------------------------------------------------------------------------------------------------------------------
Val GTT   0   0   0   0   1   1 | Ala GCT   2   1   2   2   2   0 | Asp GAT   7   6   9   8   9   7 | Gly GGT   0   0   1   0   1   0
    GTC   5   4   5   5   5   6 |     GCC   6   6   6   6   8   7 |     GAC   9  11   7   8   7   9 |     GGC   9   9   9   8   6   7
    GTA   0   0   0   0   0   0 |     GCA   3   2   4   3   0   1 | Glu GAA   3   3   4   3   4   3 |     GGA   1   1   1   1   2   1
    GTG   4   6   4   4   3   3 |     GCG   2   1   1   1   3   3 |     GAG  15  14  14  15  14  15 |     GGG   3   3   2   4   4   5
--------------------------------------------------------------------------------------------------------------------------------------

--------------------------------------------------------------------------------------------------------------------------------------
Phe TTT   1   1   1   1   1   1 | Ser TCT   1   1   1   1   1   1 | Tyr TAT   0   0   0   0   1   0 | Cys TGT   3   3   3   3   3   3
    TTC   5   5   5   5   5   5 |     TCC   3   3   3   4   2   3 |     TAC   4   4   4   4   3   4 |     TGC   3   3   3   3   3   3
Leu TTA   1   1   1   1   1   1 |     TCA   3   4   4   3   5   4 | *** TAA   0   0   0   0   0   0 | *** TGA   0   0   0   0   0   0
    TTG   0   0   0   0   0   0 |     TCG   0   0   0   0   0   0 |     TAG   0   0   0   0   0   0 | Trp TGG   2   2   2   2   2   2
--------------------------------------------------------------------------------------------------------------------------------------
Leu CTT   0   0   0   0   0   0 | Pro CCT   1   1   0   1   1   1 | His CAT   1   1   1   1   1   1 | Arg CGT   1   0   0   1   0   1
    CTC   1   1   1   1   1   1 |     CCC   3   3   3   3   3   4 |     CAC   3   3   3   3   3   3 |     CGC   2   3   3   2   3   3
    CTA   0   0   0   0   0   0 |     CCA   1   1   2   1   1   1 | Gln CAA   0   0   0   0   0   0 |     CGA   1   1   2   1   1   2
    CTG   8   7   8   8   8   8 |     CCG   1   1   1   1   1   1 |     CAG   8   8   8   8   8   8 |     CGG   4   5   3   4   4   2
--------------------------------------------------------------------------------------------------------------------------------------
Ile ATT   1   1   2   1   1   1 | Thr ACT   1   1   1   2   1   1 | Asn AAT   1   1   2   1   2   2 | Ser AGT   1   1   1   1   1   1
    ATC   3   3   2   3   3   3 |     ACC   4   4   4   4   4   4 |     AAC   4   4   3   4   3   4 |     AGC   2   2   2   2   2   1
    ATA   0   0   0   0   0   0 |     ACA   4   3   3   2   4   3 | Lys AAA   1   2   2   1   1   2 | Arg AGA   2   1   1   2   2   2
Met ATG   2   2   2   3   2   2 |     ACG   2   1   1   1   0   1 |     AAG  10  10  10  10   9   9 |     AGG   0   0   0   0   1   0
--------------------------------------------------------------------------------------------------------------------------------------
Val GTT   0   0   0   0   0   0 | Ala GCT   2   2   2   2   2   2 | Asp GAT   9   7   7   8   9   7 | Gly GGT   0   0   0   0   0   0
    GTC   5   5   5   5   5   5 |     GCC   7   6   7   7   6   7 |     GAC   7   9   9   8   7   9 |     GGC   9   9   9   9  10   8
    GTA   0   0   0   0   0   0 |     GCA   3   3   3   3   4   2 | Glu GAA   3   4   3   4   4   2 |     GGA   1   1   1   1   1   1
    GTG   4   4   4   4   4   5 |     GCG   0   2   1   0   1   0 |     GAG  15  14  15  14  14  16 |     GGG   3   3   3   3   2   4
--------------------------------------------------------------------------------------------------------------------------------------

--------------------------------------------------------------------------------------------------------------------------------------
Phe TTT   1   1   1   1   1   1 | Ser TCT   1   1   1   1   1   1 | Tyr TAT   0   0   0   0   0   0 | Cys TGT   3   3   3   3   3   3
    TTC   5   5   5   5   5   5 |     TCC   3   3   3   3   3   4 |     TAC   4   4   4   4   4   4 |     TGC   3   3   3   3   3   3
Leu TTA   1   1   1   1   1   1 |     TCA   4   4   4   4   4   3 | *** TAA   0   0   0   0   0   0 | *** TGA   0   0   0   0   0   0
    TTG   0   0   0   0   0   0 |     TCG   0   0   0   0   0   0 |     TAG   0   0   0   0   0   0 | Trp TGG   2   2   2   2   2   2
--------------------------------------------------------------------------------------------------------------------------------------
Leu CTT   0   0   0   0   0   0 | Pro CCT   1   1   1   0   1   1 | His CAT   1   1   1   2   1   1 | Arg CGT   0   0   0   0   0   1
    CTC   1   1   1   1   1   1 |     CCC   3   3   3   3   3   3 |     CAC   3   3   3   2   3   3 |     CGC   3   3   3   3   3   2
    CTA   0   0   0   0   0   0 |     CCA   1   1   1   2   1   2 | Gln CAA   0   0   0   0   1   0 |     CGA   1   1   1   1   1   1
    CTG   8   8   8   8   8   8 |     CCG   1   1   1   1   1   0 |     CAG   8   8   8   8   7   8 |     CGG   4   4   4   4   4   4
--------------------------------------------------------------------------------------------------------------------------------------
Ile ATT   1   1   1   2   1   1 | Thr ACT   1   1   1   1   1   1 | Asn AAT   1   1   1   1   1   0 | Ser AGT   1   1   1   1   1   1
    ATC   3   3   3   2   3   3 |     ACC   4   4   4   4   4   4 |     AAC   4   4   4   4   5   5 |     AGC   2   2   2   2   2   2
    ATA   0   0   0   0   0   0 |     ACA   3   3   3   3   3   3 | Lys AAA   1   1   2   1   1   1 | Arg AGA   2   2   2   2   2   2
Met ATG   2   2   2   2   2   2 |     ACG   2   1   1   1   1   1 |     AAG  10   9   9  10  10  10 |     AGG   0   1   0   0   0   0
--------------------------------------------------------------------------------------------------------------------------------------
Val GTT   0   0   0   0   0   0 | Ala GCT   2   2   2   2   2   2 | Asp GAT   8   9   7   7   8   7 | Gly GGT   0   0   0   0   0   0
    GTC   5   5   5   5   5   5 |     GCC   7   7   7   7   7   7 |     GAC   8   7   9   9   7   9 |     GGC   9   9   9   9   9   9
    GTA   0   0   0   0   0   0 |     GCA   3   3   3   3   3   3 | Glu GAA   3   3   3   5   4   4 |     GGA   1   1   1   1   1   1
    GTG   4   4   5   4   5   4 |     GCG   0   1   0   1   0   1 |     GAG  15  15  15  13  14  14 |     GGG   3   3   3   3   3   3
--------------------------------------------------------------------------------------------------------------------------------------

--------------------------------------------------------------------------------------------------------------------------------------
Phe TTT   1   1   1   1   1   1 | Ser TCT   1   1   1   1   2   1 | Tyr TAT   0   0   0   1   0   0 | Cys TGT   3   3   3   3   3   3
    TTC   5   5   5   5   5   5 |     TCC   3   3   3   2   3   3 |     TAC   4   4   4   3   4   4 |     TGC   3   3   3   3   3   3
Leu TTA   1   1   1   1   1   1 |     TCA   3   3   4   5   3   4 | *** TAA   0   0   0   0   0   0 | *** TGA   0   0   0   0   0   0
    TTG   0   0   0   0   0   0 |     TCG   1   1   0   0   0   0 |     TAG   0   0   0   0   0   0 | Trp TGG   2   2   2   2   2   2
--------------------------------------------------------------------------------------------------------------------------------------
Leu CTT   0   0   0   0   0   0 | Pro CCT   1   1   1   1   1   1 | His CAT   1   1   1   1   1   1 | Arg CGT   1   0   0   0   1   0
    CTC   1   1   1   1   1   1 |     CCC   4   4   3   3   3   3 |     CAC   3   3   3   3   3   3 |     CGC   2   3   3   3   2   3
    CTA   1   0   0   0   0   0 |     CCA   1   1   1   1   2   1 | Gln CAA   0   0   0   0   0   0 |     CGA   2   1   1   1   1   1
    CTG   7   8   8   8   8   8 |     CCG   1   1   1   1   0   1 |     CAG   8   8   8   8   8   8 |     CGG   3   4   4   4   4   4
--------------------------------------------------------------------------------------------------------------------------------------
Ile ATT   1   1   1   1   1   1 | Thr ACT   1   1   1   1   1   1 | Asn AAT   2   1   1   2   1   1 | Ser AGT   1   1   1   1   1   1
    ATC   3   3   4   3   3   3 |     ACC   4   4   4   4   3   4 |     AAC   3   4   4   3   5   4 |     AGC   2   2   2   2   3   2
    ATA   0   0   0   0   0   0 |     ACA   2   2   3   4   3   3 | Lys AAA   1   1   1   1   1   1 | Arg AGA   2   2   2   2   2   2
Met ATG   2   2   2   2   2   2 |     ACG   2   2   1   0   1   1 |     AAG  10  10   9   9  10  10 |     AGG   0   0   1   1   0   0
--------------------------------------------------------------------------------------------------------------------------------------
Val GTT   0   0   0   0   0   0 | Ala GCT   2   2   2   2   2   2 | Asp GAT   8   8   9  10   7   7 | Gly GGT   0   0   0   0   0   0
    GTC   5   5   4   5   5   5 |     GCC   6   6   7   6   6   7 |     GAC   8   8   7   6   9   9 |     GGC   8   7   9  10   9   9
    GTA   0   0   0   0   0   0 |     GCA   3   3   3   4   3   3 | Glu GAA   3   3   3   4   4   3 |     GGA   1   1   1   1   1   1
    GTG   4   4   4   4   4   4 |     GCG   1   1   1   1   1   1 |     GAG  15  15  15  14  14  15 |     GGG   4   5   3   2   3   3
--------------------------------------------------------------------------------------------------------------------------------------

--------------------------------------------------------------------------------------------------------------------------------------
Phe TTT   1   1   1   1   1   1 | Ser TCT   2   1   1   1   1   1 | Tyr TAT   0   1   0   0   0   1 | Cys TGT   3   3   3   3   3   3
    TTC   5   5   5   5   5   5 |     TCC   3   3   3   4   3   2 |     TAC   4   3   4   4   4   3 |     TGC   3   3   3   3   3   3
Leu TTA   1   1   1   1   1   1 |     TCA   3   3   4   3   4   5 | *** TAA   0   0   0   0   0   0 | *** TGA   0   0   0   0   0   0
    TTG   0   0   0   0   0   0 |     TCG   0   1   0   0   0   0 |     TAG   0   0   0   0   0   0 | Trp TGG   2   2   2   2   2   2
--------------------------------------------------------------------------------------------------------------------------------------
Leu CTT   0   0   0   0   0   0 | Pro CCT   1   1   1   1   1   1 | His CAT   1   1   1   1   1   1 | Arg CGT   1   0   0   1   0   0
    CTC   2   1   1   1   1   1 |     CCC   4   4   3   3   3   3 |     CAC   3   3   3   3   3   3 |     CGC   3   4   3   2   3   3
    CTA   0   0   0   0   0   0 |     CCA   1   2   1   1   1   1 | Gln CAA   0   1   0   0   0   0 |     CGA   1   1   1   1   1   1
    CTG   7   8   8   8   8   8 |     CCG   1   0   1   1   1   1 |     CAG   8   7   8   8   8   8 |     CGG   3   3   4   4   4   4
--------------------------------------------------------------------------------------------------------------------------------------
Ile ATT   1   1   1   1   1   1 | Thr ACT   1   1   1   1   1   1 | Asn AAT   2   2   1   2   1   2 | Ser AGT   1   1   1   1   1   1
    ATC   3   3   3   3   3   3 |     ACC   4   4   4   4   4   4 |     AAC   3   3   4   3   4   3 |     AGC   2   2   2   2   2   2
    ATA   0   0   0   0   0   0 |     ACA   3   3   3   3   3   4 | Lys AAA   1   2   1   1   1   1 | Arg AGA   2   2   2   2   2   2
Met ATG   2   3   2   2   2   2 |     ACG   1   0   2   1   1   0 |     AAG  10   9  10  10  10   9 |     AGG   0   0   0   0   0   1
--------------------------------------------------------------------------------------------------------------------------------------
Val GTT   0   0   0   0   0   0 | Ala GCT   2   2   2   2   2   2 | Asp GAT   8   7   8   7   7   9 | Gly GGT   0   0   0   0   0   0
    GTC   5   5   5   5   5   5 |     GCC   6   6   7   7   7   6 |     GAC   8   9   8   9   9   7 |     GGC   8   8   9   9   9  10
    GTA   0   0   0   0   0   0 |     GCA   3   3   3   3   3   4 | Glu GAA   3   3   3   4   3   4 |     GGA   1   1   1   1   1   1
    GTG   4   4   4   4   4   4 |     GCG   1   1   0   1   1   1 |     GAG  15  15  15  14  15  14 |     GGG   4   4   3   3   3   2
--------------------------------------------------------------------------------------------------------------------------------------

--------------------------------------------------------------------------------------------------------------------------------------
Phe TTT   1   1   1   1   0   1 | Ser TCT   1   1   1   1   0   1 | Tyr TAT   0   1   0   0   0   0 | Cys TGT   3   3   3   3   3   3
    TTC   5   5   5   5   6   5 |     TCC   4   2   3   3   4   3 |     TAC   4   3   4   4   4   4 |     TGC   3   3   3   3   3   3
Leu TTA   1   1   1   1   1   1 |     TCA   3   6   4   4   3   4 | *** TAA   0   0   0   0   0   0 | *** TGA   0   0   0   0   0   0
    TTG   0   0   0   0   0   0 |     TCG   0   1   0   0   1   0 |     TAG   0   0   0   0   0   0 | Trp TGG   2   2   2   2   2   2
--------------------------------------------------------------------------------------------------------------------------------------
Leu CTT   0   0   0   0   0   1 | Pro CCT   1   1   1   0   1   1 | His CAT   1   1   1   1   1   1 | Arg CGT   1   0   1   0   0   1
    CTC   1   1   1   1   1   1 |     CCC   3   3   4   3   3   3 |     CAC   3   3   3   3   3   3 |     CGC   2   3   3   3   3   2
    CTA   0   1   0   0   0   0 |     CCA   2   1   1   3   0   1 | Gln CAA   1   0   0   0   0   0 |     CGA   1   1   1   1   1   1
    CTG   8   7   8   8   8   7 |     CCG   0   0   1   0   3   1 |     CAG   7   8   8   8   8   8 |     CGG   4   4   3   4   4   4
--------------------------------------------------------------------------------------------------------------------------------------
Ile ATT   1   1   1   2   1   1 | Thr ACT   1   1   1   1   1   1 | Asn AAT   1   2   2   1   3   1 | Ser AGT   1   1   1   1   1   1
    ATC   3   3   3   2   3   3 |     ACC   4   4   4   4   4   4 |     AAC   4   3   4   4   3   4 |     AGC   2   2   1   2   1   2
    ATA   0   0   0   0   0   0 |     ACA   3   4   3   3   3   3 | Lys AAA   1   1   2   1   1   1 | Arg AGA   2   2   2   2   2   2
Met ATG   2   2   2   2   2   2 |     ACG   2   0   1   1   1   1 |     AAG  10   9   9  10  10  10 |     AGG   0   1   0   0   0   0
--------------------------------------------------------------------------------------------------------------------------------------
Val GTT   0   0   0   0   1   0 | Ala GCT   2   2   2   2   2   2 | Asp GAT   7   9   7   7   8   7 | Gly GGT   0   0   0   0   0   0
    GTC   5   5   5   5   4   5 |     GCC   7   6   7   7   6   7 |     GAC   9   7   9   9   8   9 |     GGC   9  10   8   9   8   9
    GTA   0   0   0   0   0   0 |     GCA   3   4   2   3   3   3 | Glu GAA   4   4   2   3   3   3 |     GGA   1   1   1   1   2   1
    GTG   4   4   4   4   5   4 |     GCG   0   0   1   1   0   1 |     GAG  14  14  16  15  15  15 |     GGG   3   2   4   3   3   3
--------------------------------------------------------------------------------------------------------------------------------------

--------------------------------------------------------------------------------------------------------------------------------------
Phe TTT   1   1   1   1   1   1 | Ser TCT   1   1   1   1   1   1 | Tyr TAT   0   0   0   0   0   0 | Cys TGT   3   3   3   3   3   3
    TTC   5   5   5   5   5   5 |     TCC   3   3   3   3   4   3 |     TAC   4   4   4   4   4   4 |     TGC   3   3   3   3   3   3
Leu TTA   1   1   1   1   1   1 |     TCA   4   4   4   4   3   4 | *** TAA   0   0   0   0   0   0 | *** TGA   0   0   0   0   0   0
    TTG   0   0   0   0   1   0 |     TCG   1   0   0   0   0   0 |     TAG   0   0   0   0   0   0 | Trp TGG   2   2   2   2   2   2
--------------------------------------------------------------------------------------------------------------------------------------
Leu CTT   0   0   0   0   0   0 | Pro CCT   1   1   1   1   1   1 | His CAT   1   1   1   1   1   1 | Arg CGT   0   0   0   0   1   0
    CTC   1   1   1   1   1   1 |     CCC   3   3   3   3   3   4 |     CAC   3   3   3   3   3   3 |     CGC   3   3   3   3   2   4
    CTA   0   0   0   0   0   0 |     CCA   1   1   1   1   1   1 | Gln CAA   0   0   0   0   0   0 |     CGA   1   1   1   1   1   1
    CTG   8   8   8   8   7   8 |     CCG   1   1   1   1   1   1 |     CAG   8   8   8   8   8   8 |     CGG   4   4   4   4   4   3
--------------------------------------------------------------------------------------------------------------------------------------
Ile ATT   1   1   1   1   1   1 | Thr ACT   1   1   1   1   1   2 | Asn AAT   1   1   1   1   1   2 | Ser AGT   1   1   1   1   1   1
    ATC   3   3   3   3   3   3 |     ACC   4   4   4   4   4   4 |     AAC   4   4   4   4   4   3 |     AGC   2   2   2   2   2   2
    ATA   0   0   0   0   0   0 |     ACA   3   3   3   3   3   3 | Lys AAA   1   1   1   1   1   1 | Arg AGA   2   2   2   2   2   2
Met ATG   2   2   2   2   2   2 |     ACG   1   1   1   2   1   1 |     AAG  10   9  10  10  10  10 |     AGG   0   1   0   0   0   0
--------------------------------------------------------------------------------------------------------------------------------------
Val GTT   0   0   0   0   0   0 | Ala GCT   2   2   2   2   2   2 | Asp GAT   7   9   8   9   8   8 | Gly GGT   1   0   0   0   0   0
    GTC   5   5   5   5   5   5 |     GCC   7   7   7   7   7   5 |     GAC   9   7   8   7   8   8 |     GGC   8   9   9   9   9   8
    GTA   0   0   0   0   0   0 |     GCA   3   3   3   3   3   3 | Glu GAA   3   4   3   3   4   3 |     GGA   1   1   1   1   1   1
    GTG   4   4   4   4   5   4 |     GCG   0   1   1   0   0   1 |     GAG  15  14  15  15  14  15 |     GGG   3   3   3   3   3   4
--------------------------------------------------------------------------------------------------------------------------------------

--------------------------------------------------------------------------------------------------------------------------------------
Phe TTT   1   1   1   1   1   1 | Ser TCT   2   1   1   1   1   1 | Tyr TAT   0   0   0   1   0   0 | Cys TGT   3   3   3   3   3   3
    TTC   5   5   5   5   5   5 |     TCC   3   4   3   3   3   3 |     TAC   4   4   4   3   4   4 |     TGC   3   3   3   3   3   3
Leu TTA   1   1   1   1   1   1 |     TCA   3   3   4   3   4   4 | *** TAA   0   0   0   0   0   0 | *** TGA   0   0   0   0   0   0
    TTG   0   0   0   1   0   0 |     TCG   1   0   0   1   0   0 |     TAG   0   0   0   0   0   0 | Trp TGG   2   2   2   2   2   2
--------------------------------------------------------------------------------------------------------------------------------------
Leu CTT   0   0   0   0   0   0 | Pro CCT   1   1   1   1   1   0 | His CAT   1   1   1   1   1   1 | Arg CGT   1   1   1   1   0   0
    CTC   1   1   1   1   1   1 |     CCC   4   3   4   4   3   3 |     CAC   3   3   3   3   3   3 |     CGC   3   2   3   3   3   3
    CTA   0   0   0   0   0   0 |     CCA   1   1   1   2   2   2 | Gln CAA   0   0   0   0   0   0 |     CGA   1   1   2   1   1   1
    CTG   8   8   8   7   8   8 |     CCG   0   1   1   0   0   1 |     CAG   8   8   8   8   8   7 |     CGG   3   4   2   3   4   4
--------------------------------------------------------------------------------------------------------------------------------------
Ile ATT   1   1   1   1   1   1 | Thr ACT   1   1   1   1   1   2 | Asn AAT   2   1   2   2   1   1 | Ser AGT   1   1   1   1   1   1
    ATC   3   3   3   3   3   3 |     ACC   4   4   4   4   4   4 |     AAC   3   4   4   3   4   4 |     AGC   2   2   1   2   2   2
    ATA   0   0   0   0   0   0 |     ACA   3   3   3   3   3   3 | Lys AAA   1   1   2   1   1   1 | Arg AGA   2   2   2   2   2   2
Met ATG   2   2   2   2   2   2 |     ACG   1   1   1   1   1   0 |     AAG  10  10   9  10   9  10 |     AGG   0   0   0   0   1   0
--------------------------------------------------------------------------------------------------------------------------------------
Val GTT   0   0   0   0   0   0 | Ala GCT   2   2   2   2   2   2 | Asp GAT   8   7   7   7   9   6 | Gly GGT   0   0   0   0   0   0
    GTC   5   5   5   5   5   5 |     GCC   6   7   7   6   7   7 |     GAC   8   9   9   9   7  10 |     GGC   8   9   8   8   9   9
    GTA   0   0   0   0   0   0 |     GCA   3   3   2   3   3   3 | Glu GAA   3   4   2   3   4   3 |     GGA   1   1   1   1   1   1
    GTG   4   4   5   5   4   4 |     GCG   1   1   0   0   1   1 |     GAG  15  14  16  15  14  16 |     GGG   4   3   4   4   3   3
--------------------------------------------------------------------------------------------------------------------------------------

--------------------------------------------------------------------------------------------------------------------------------------
Phe TTT   1   1   1   1   1   1 | Ser TCT   1   1   1   1   1   1 | Tyr TAT   0   0   0   0   1   1 | Cys TGT   3   3   3   3   3   3
    TTC   5   5   5   5   5   5 |     TCC   4   3   3   4   2   2 |     TAC   4   4   4   4   3   3 |     TGC   3   3   3   3   3   3
Leu TTA   0   1   1   1   1   1 |     TCA   3   4   4   3   5   5 | *** TAA   0   0   0   0   0   0 | *** TGA   0   0   0   0   0   0
    TTG   1   0   0   1   0   0 |     TCG   0   0   0   0   0   0 |     TAG   0   0   0   0   0   0 | Trp TGG   2   2   2   2   2   2
--------------------------------------------------------------------------------------------------------------------------------------
Leu CTT   0   0   0   0   0   0 | Pro CCT   1   1   1   1   1   1 | His CAT   1   1   1   1   1   2 | Arg CGT   1   0   1   0   0   0
    CTC   1   1   1   1   1   1 |     CCC   3   3   3   4   3   3 |     CAC   3   3   3   3   3   2 |     CGC   2   3   2   3   3   3
    CTA   0   0   0   0   0   1 |     CCA   1   1   1   2   1   1 | Gln CAA   1   0   0   0   0   0 |     CGA   1   1   1   1   1   1
    CTG   8   8   8   7   8   7 |     CCG   1   1   1   0   1   1 |     CAG   7  10   8   8   8   8 |     CGG   4   3   4   4   4   4
--------------------------------------------------------------------------------------------------------------------------------------
Ile ATT   1   1   1   1   1   1 | Thr ACT   1   1   1   1   1   1 | Asn AAT   1   2   2   1   2   2 | Ser AGT   2   1   1   1   1   1
    ATC   3   3   3   3   3   3 |     ACC   4   4   4   4   4   4 |     AAC   4   3   4   4   3   3 |     AGC   1   2   2   2   2   2
    ATA   0   0   0   0   0   0 |     ACA   4   3   3   3   4   4 | Lys AAA   1   1   1   1   1   1 | Arg AGA   2   2   2   2   2   2
Met ATG   2   2   2   2   2   2 |     ACG   2   1   1   1   0   0 |     AAG  10  10  10  10   9   9 |     AGG   0   0   0   0   1   1
--------------------------------------------------------------------------------------------------------------------------------------
Val GTT   0   0   0   0   0   0 | Ala GCT   2   2   2   2   2   2 | Asp GAT   9   8   7   8   9   9 | Gly GGT   0   0   0   0   0   0
    GTC   5   5   5   5   5   5 |     GCC   7   7   7   6   6   6 |     GAC   7   8   8   8   7   7 |     GGC   9   9   9   8  10  10
    GTA   0   0   0   0   0   0 |     GCA   2   3   3   3   4   4 | Glu GAA   4   4   3   3   4   4 |     GGA   1   1   1   1   1   1
    GTG   4   4   4   4   4   4 |     GCG   0   1   1   1   1   1 |     GAG  14  13  15  15  14  14 |     GGG   3   3   3   4   2   2
--------------------------------------------------------------------------------------------------------------------------------------

Codon position x base (3x4) table for each sequence.

#1: Argali         
position  1:    T:0.16168    C:0.20958    A:0.21557    G:0.41317
position  2:    T:0.18563    C:0.21557    A:0.40120    G:0.19760
position  3:    T:0.11976    C:0.40120    A:0.11976    G:0.35928
Average         T:0.15569    C:0.27545    A:0.24551    G:0.32335

#2: LesserMouseDeer
position  1:    T:0.16766    C:0.20958    A:0.22156    G:0.40120
position  2:    T:0.19162    C:0.20958    A:0.38323    G:0.21557
position  3:    T:0.10778    C:0.44910    A:0.08383    G:0.35928
Average         T:0.15569    C:0.28942    A:0.22954    G:0.32535

#3: LesserKudu     
position  1:    T:0.16168    C:0.20958    A:0.21557    G:0.41317
position  2:    T:0.18563    C:0.21557    A:0.38922    G:0.20958
position  3:    T:0.14970    C:0.37725    A:0.13772    G:0.33533
Average         T:0.16567    C:0.26747    A:0.24750    G:0.31936

#4: ForestMuskDeer2
position  1:    T:0.16766    C:0.20958    A:0.21557    G:0.40719
position  2:    T:0.18563    C:0.21557    A:0.39521    G:0.20359
position  3:    T:0.12575    C:0.40120    A:0.11976    G:0.35329
Average         T:0.15968    C:0.27545    A:0.24351    G:0.32136

#5: Camel          
position  1:    T:0.14970    C:0.22156    A:0.21557    G:0.41317
position  2:    T:0.18563    C:0.21557    A:0.40120    G:0.19760
position  3:    T:0.17964    C:0.37126    A:0.09581    G:0.35329
Average         T:0.17166    C:0.26946    A:0.23752    G:0.32136

#6: KillerWhale    
position  1:    T:0.16168    C:0.21557    A:0.21557    G:0.40719
position  2:    T:0.19162    C:0.21557    A:0.38922    G:0.20359
position  3:    T:0.14970    C:0.39521    A:0.11976    G:0.33533
Average         T:0.16766    C:0.27545    A:0.24152    G:0.31537

#7: DefassaWaterbuck
position  1:    T:0.15569    C:0.20958    A:0.22754    G:0.40719
position  2:    T:0.18563    C:0.21557    A:0.39521    G:0.20359
position  3:    T:0.13772    C:0.38922    A:0.11976    G:0.35329
Average         T:0.15968    C:0.27146    A:0.24750    G:0.32136

#8: Sheep          
position  1:    T:0.16168    C:0.20958    A:0.21557    G:0.41317
position  2:    T:0.17964    C:0.21557    A:0.40120    G:0.20359
position  3:    T:0.11976    C:0.40120    A:0.12575    G:0.35329
Average         T:0.15369    C:0.27545    A:0.24750    G:0.32335

#9: MaxwellsDuiker 
position  1:    T:0.16168    C:0.20958    A:0.21557    G:0.41317
position  2:    T:0.18563    C:0.21557    A:0.40120    G:0.19760
position  3:    T:0.12575    C:0.39521    A:0.13174    G:0.34731
Average         T:0.15768    C:0.27345    A:0.24950    G:0.31936

#10: GazellaPrzewalskyi
position  1:    T:0.16168    C:0.20958    A:0.22156    G:0.40719
position  2:    T:0.19162    C:0.20958    A:0.39521    G:0.20359
position  3:    T:0.13772    C:0.40120    A:0.11377    G:0.34731
Average         T:0.16367    C:0.27345    A:0.24351    G:0.31936

#11: MountainNyala  
position  1:    T:0.16168    C:0.20958    A:0.21557    G:0.41317
position  2:    T:0.18563    C:0.21557    A:0.38922    G:0.20958
position  3:    T:0.14371    C:0.37725    A:0.14371    G:0.33533
Average         T:0.16367    C:0.26747    A:0.24950    G:0.31936

#12: MuntiacusMuntjak
position  1:    T:0.16168    C:0.21557    A:0.21557    G:0.40719
position  2:    T:0.19162    C:0.20958    A:0.40120    G:0.19760
position  3:    T:0.13174    C:0.40120    A:0.11976    G:0.34731
Average         T:0.16168    C:0.27545    A:0.24551    G:0.31737

#13: goat           
position  1:    T:0.16168    C:0.20958    A:0.22156    G:0.40719
position  2:    T:0.18563    C:0.21557    A:0.39521    G:0.20359
position  3:    T:0.12575    C:0.40120    A:0.11976    G:0.35329
Average         T:0.15768    C:0.27545    A:0.24551    G:0.32136

#14: AfricanBuffalo 
position  1:    T:0.16168    C:0.20958    A:0.21557    G:0.41317
position  2:    T:0.18563    C:0.21557    A:0.38922    G:0.20958
position  3:    T:0.13174    C:0.39521    A:0.11976    G:0.35329
Average         T:0.15968    C:0.27345    A:0.24152    G:0.32535

#15: Topi           
position  1:    T:0.16168    C:0.20958    A:0.21557    G:0.41317
position  2:    T:0.19162    C:0.20958    A:0.39521    G:0.20359
position  3:    T:0.11976    C:0.40719    A:0.12575    G:0.34731
Average         T:0.15768    C:0.27545    A:0.24551    G:0.32136

#16: CommonDuiker   
position  1:    T:0.16168    C:0.20958    A:0.21557    G:0.41317
position  2:    T:0.18563    C:0.21557    A:0.39521    G:0.20359
position  3:    T:0.12575    C:0.39521    A:0.13772    G:0.34132
Average         T:0.15768    C:0.27345    A:0.24950    G:0.31936

#17: Suni           
position  1:    T:0.16168    C:0.20958    A:0.22156    G:0.40719
position  2:    T:0.19162    C:0.20958    A:0.39521    G:0.20359
position  3:    T:0.12575    C:0.40120    A:0.13174    G:0.34132
Average         T:0.15968    C:0.27345    A:0.24950    G:0.31737

#18: Springbuck     
position  1:    T:0.16168    C:0.20958    A:0.21557    G:0.41317
position  2:    T:0.18563    C:0.21557    A:0.39521    G:0.20359
position  3:    T:0.11976    C:0.41317    A:0.12575    G:0.34132
Average         T:0.15569    C:0.27944    A:0.24551    G:0.31936

#19: Okapi          
position  1:    T:0.16168    C:0.21557    A:0.21557    G:0.40719
position  2:    T:0.18563    C:0.21557    A:0.39521    G:0.20359
position  3:    T:0.13772    C:0.38323    A:0.11976    G:0.35928
Average         T:0.16168    C:0.27146    A:0.24351    G:0.32335

#20: Giraffe        
position  1:    T:0.16168    C:0.21557    A:0.21557    G:0.40719
position  2:    T:0.18563    C:0.21557    A:0.39521    G:0.20359
position  3:    T:0.12575    C:0.38922    A:0.10778    G:0.37725
Average         T:0.15768    C:0.27345    A:0.23952    G:0.32934

#21: TibetanAntelope
position  1:    T:0.16168    C:0.20958    A:0.22156    G:0.40719
position  2:    T:0.18563    C:0.21557    A:0.38922    G:0.20958
position  3:    T:0.13174    C:0.39521    A:0.11976    G:0.35329
Average         T:0.15968    C:0.27345    A:0.24351    G:0.32335

#22: Sitatunga      
position  1:    T:0.16168    C:0.20958    A:0.21557    G:0.41317
position  2:    T:0.18563    C:0.21557    A:0.38922    G:0.20958
position  3:    T:0.14970    C:0.37126    A:0.14371    G:0.33533
Average         T:0.16567    C:0.26547    A:0.24950    G:0.31936

#23: Oribi          
position  1:    T:0.16168    C:0.20958    A:0.22156    G:0.40719
position  2:    T:0.18563    C:0.20359    A:0.40120    G:0.20958
position  3:    T:0.13174    C:0.40120    A:0.12575    G:0.34132
Average         T:0.15968    C:0.27146    A:0.24950    G:0.31936

#24: BarbarySheep   
position  1:    T:0.16168    C:0.20958    A:0.21557    G:0.41317
position  2:    T:0.18563    C:0.21557    A:0.39521    G:0.20359
position  3:    T:0.11976    C:0.40719    A:0.11976    G:0.35329
Average         T:0.15569    C:0.27745    A:0.24351    G:0.32335

#25: Daviddeer      
position  1:    T:0.16168    C:0.21557    A:0.21557    G:0.40719
position  2:    T:0.18563    C:0.21557    A:0.39521    G:0.20359
position  3:    T:0.14371    C:0.39521    A:0.11377    G:0.34731
Average         T:0.16367    C:0.27545    A:0.24152    G:0.31936

#26: Reindeer       
position  1:    T:0.16168    C:0.21557    A:0.21557    G:0.40719
position  2:    T:0.19162    C:0.20958    A:0.39521    G:0.20359
position  3:    T:0.13174    C:0.39521    A:0.13174    G:0.34132
Average         T:0.16168    C:0.27345    A:0.24750    G:0.31737

#27: Ibex           
position  1:    T:0.16168    C:0.20958    A:0.22156    G:0.40719
position  2:    T:0.18563    C:0.21557    A:0.39521    G:0.20359
position  3:    T:0.12575    C:0.40120    A:0.11976    G:0.35329
Average         T:0.15768    C:0.27545    A:0.24551    G:0.32136

#28: GyrantGazelle  
position  1:    T:0.16168    C:0.20958    A:0.21557    G:0.41317
position  2:    T:0.18563    C:0.21557    A:0.39521    G:0.20359
position  3:    T:0.13174    C:0.40120    A:0.11976    G:0.34731
Average         T:0.15968    C:0.27545    A:0.24351    G:0.32136

#29: Hartebeest     
position  1:    T:0.16168    C:0.20958    A:0.21557    G:0.41317
position  2:    T:0.18563    C:0.21557    A:0.39521    G:0.20359
position  3:    T:0.11976    C:0.40719    A:0.11976    G:0.35329
Average         T:0.15569    C:0.27745    A:0.24351    G:0.32335

#30: Bongo          
position  1:    T:0.16168    C:0.20958    A:0.21557    G:0.41317
position  2:    T:0.18563    C:0.21557    A:0.38922    G:0.20958
position  3:    T:0.14371    C:0.37725    A:0.14371    G:0.33533
Average         T:0.16367    C:0.26747    A:0.24950    G:0.31936

#31: Gerenuk        
position  1:    T:0.16168    C:0.20958    A:0.22156    G:0.40719
position  2:    T:0.18563    C:0.21557    A:0.39521    G:0.20359
position  3:    T:0.12575    C:0.40719    A:0.13174    G:0.33533
Average         T:0.15768    C:0.27745    A:0.24950    G:0.31537

#32: CommonEland    
position  1:    T:0.17365    C:0.20359    A:0.21557    G:0.40719
position  2:    T:0.18563    C:0.21557    A:0.38922    G:0.20958
position  3:    T:0.14371    C:0.37725    A:0.15569    G:0.32335
Average         T:0.16766    C:0.26547    A:0.25349    G:0.31337

#33: MuntiacusReevesi
position  1:    T:0.16168    C:0.21557    A:0.21557    G:0.40719
position  2:    T:0.18563    C:0.21557    A:0.40120    G:0.19760
position  3:    T:0.13174    C:0.40120    A:0.11377    G:0.35329
Average         T:0.15968    C:0.27745    A:0.24351    G:0.31936

#34: HarveysDuiker  
position  1:    T:0.16168    C:0.20958    A:0.21557    G:0.41317
position  2:    T:0.18563    C:0.21557    A:0.39521    G:0.20359
position  3:    T:0.11976    C:0.40120    A:0.13174    G:0.34731
Average         T:0.15569    C:0.27545    A:0.24750    G:0.32136

#35: Pronghorn      
position  1:    T:0.16168    C:0.21557    A:0.21557    G:0.40719
position  2:    T:0.19162    C:0.20958    A:0.40120    G:0.19760
position  3:    T:0.13174    C:0.38323    A:0.11377    G:0.37126
Average         T:0.16168    C:0.26946    A:0.24351    G:0.32535

#36: BlueWildebeest 
position  1:    T:0.16168    C:0.20958    A:0.21557    G:0.41317
position  2:    T:0.18563    C:0.21557    A:0.39521    G:0.20359
position  3:    T:0.13174    C:0.40120    A:0.11976    G:0.34731
Average         T:0.15968    C:0.27545    A:0.24351    G:0.32136

#37: Gemsbok        
position  1:    T:0.16766    C:0.20958    A:0.21557    G:0.40719
position  2:    T:0.18563    C:0.21557    A:0.39521    G:0.20359
position  3:    T:0.12575    C:0.40120    A:0.11976    G:0.35329
Average         T:0.15968    C:0.27545    A:0.24351    G:0.32136

#38: Yak            
position  1:    T:0.16168    C:0.20958    A:0.21557    G:0.41317
position  2:    T:0.18563    C:0.21557    A:0.38922    G:0.20958
position  3:    T:0.13174    C:0.39521    A:0.12575    G:0.34731
Average         T:0.15968    C:0.27345    A:0.24351    G:0.32335

#39: BlueSheep      
position  1:    T:0.16168    C:0.20958    A:0.21557    G:0.41317
position  2:    T:0.18563    C:0.21557    A:0.39521    G:0.20359
position  3:    T:0.12575    C:0.40120    A:0.11976    G:0.35329
Average         T:0.15768    C:0.27545    A:0.24351    G:0.32335

#40: BohorReedbuck  
position  1:    T:0.16168    C:0.20958    A:0.22156    G:0.40719
position  2:    T:0.18563    C:0.21557    A:0.39521    G:0.20359
position  3:    T:0.13174    C:0.39521    A:0.11976    G:0.35329
Average         T:0.15968    C:0.27345    A:0.24551    G:0.32136

#41: KirksDik       
position  1:    T:0.16766    C:0.20359    A:0.21557    G:0.41317
position  2:    T:0.19162    C:0.20958    A:0.39521    G:0.20359
position  3:    T:0.13174    C:0.40120    A:0.11976    G:0.34731
Average         T:0.16367    C:0.27146    A:0.24351    G:0.32136

#42: RoeDeer        
position  1:    T:0.16168    C:0.21557    A:0.22156    G:0.40120
position  2:    T:0.18563    C:0.21557    A:0.39521    G:0.20359
position  3:    T:0.13772    C:0.38922    A:0.11976    G:0.35329
Average         T:0.16168    C:0.27345    A:0.24551    G:0.31936

#43: WhiteLippedDeer
position  1:    T:0.16766    C:0.20958    A:0.21557    G:0.40719
position  2:    T:0.18563    C:0.21557    A:0.39521    G:0.20359
position  3:    T:0.14371    C:0.38922    A:0.11377    G:0.35329
Average         T:0.16567    C:0.27146    A:0.24152    G:0.32136

#44: ThomsonGazelle 
position  1:    T:0.16168    C:0.20958    A:0.21557    G:0.41317
position  2:    T:0.18563    C:0.21557    A:0.39521    G:0.20359
position  3:    T:0.12575    C:0.40719    A:0.11976    G:0.34731
Average         T:0.15768    C:0.27745    A:0.24351    G:0.32136

#45: MuntiacusCrinifrons
position  1:    T:0.16168    C:0.21557    A:0.21557    G:0.40719
position  2:    T:0.19162    C:0.20958    A:0.40120    G:0.19760
position  3:    T:0.13174    C:0.40120    A:0.11976    G:0.34731
Average         T:0.16168    C:0.27545    A:0.24551    G:0.31737

#46: WhiteTailedDeer
position  1:    T:0.16766    C:0.20958    A:0.21557    G:0.40719
position  2:    T:0.19162    C:0.20958    A:0.39521    G:0.20359
position  3:    T:0.13772    C:0.38922    A:0.11976    G:0.35329
Average         T:0.16567    C:0.26946    A:0.24351    G:0.32136

#47: Cattle         
position  1:    T:0.16168    C:0.20958    A:0.21557    G:0.41317
position  2:    T:0.18563    C:0.21557    A:0.38922    G:0.20958
position  3:    T:0.13174    C:0.39521    A:0.13174    G:0.34132
Average         T:0.15968    C:0.27345    A:0.24551    G:0.32136

#48: RoyalAntelope  
position  1:    T:0.16168    C:0.20359    A:0.21557    G:0.41916
position  2:    T:0.18563    C:0.21557    A:0.39521    G:0.20359
position  3:    T:0.11377    C:0.41317    A:0.12575    G:0.34731
Average         T:0.15369    C:0.27745    A:0.24551    G:0.32335

#49: Steenbok       
position  1:    T:0.16168    C:0.20958    A:0.22754    G:0.40120
position  2:    T:0.18563    C:0.21557    A:0.39521    G:0.20359
position  3:    T:0.14371    C:0.38922    A:0.11976    G:0.34731
Average         T:0.16367    C:0.27146    A:0.24750    G:0.31737

#50: Impala         
position  1:    T:0.16168    C:0.21557    A:0.21557    G:0.40719
position  2:    T:0.18563    C:0.21557    A:0.40120    G:0.19760
position  3:    T:0.13174    C:0.39521    A:0.12575    G:0.34731
Average         T:0.15968    C:0.27545    A:0.24750    G:0.31737

#51: Klipspringer   
position  1:    T:0.16168    C:0.20958    A:0.22156    G:0.40719
position  2:    T:0.18563    C:0.21557    A:0.39521    G:0.20359
