CODONML (in paml version 4.10.7, June 2023)  /home/rachel/ruminants_paml/6406-phy-tree/ENSBTAT00000015583.fasta.phy
Model: free dN/dS Ratios for branches,  kappa = 2.000 fixed

Codon frequency model: F3x4
ns =  54  ls =  54

Codon usage in sequences
--------------------------------------------------------------------------------------------------------------------------------------
Phe TTT   2   3   2   2   3   3 | Ser TCT   0   0   0   0   0   0 | Tyr TAT   0   0   0   0   0   0 | Cys TGT   1   1   1   1   1   1
    TTC   1   0   1   1   0   0 |     TCC   0   0   0   0   1   0 |     TAC   0   0   0   0   0   0 |     TGC   0   0   0   0   0   0
Leu TTA   2   2   2   2   2   3 |     TCA   1   1   1   0   1   1 | *** TAA   0   0   0   0   0   0 | *** TGA   0   0   0   0   0   0
    TTG   1   1   1   1   0   1 |     TCG   0   0   0   1   0   0 |     TAG   0   0   0   0   0   0 | Trp TGG   1   1   1   1   1   1
--------------------------------------------------------------------------------------------------------------------------------------
Leu CTT   0   0   0   0   0   1 | Pro CCT   1   1   0   1   0   1 | His CAT   0   0   0   0   0   0 | Arg CGT   1   0   1   1   0   1
    CTC   1   1   1   1   1   1 |     CCC   0   0   1   0   1   0 |     CAC   2   2   2   2   3   2 |     CGC   0   1   0   0   0   0
    CTA   1   1   1   1   0   0 |     CCA   0   0   0   0   0   0 | Gln CAA   0   0   0   0   0   0 |     CGA   0   0   0   0   0   0
    CTG   0   0   0   0   1   0 |     CCG   0   0   0   0   0   0 |     CAG   0   0   0   0   0   0 |     CGG   0   0   0   0   0   0
--------------------------------------------------------------------------------------------------------------------------------------
Ile ATT   3   4   3   4   4   3 | Thr ACT   0   0   0   0   0   0 | Asn AAT   0   0   0   0   0   0 | Ser AGT   0   0   0   0   0   0
    ATC   1   0   1   0   0   1 |     ACC   1   1   1   1   1   1 |     AAC   0   0   0   0   0   0 |     AGC   1   1   1   1   1   1
    ATA   2   1   1   2   2   2 |     ACA   2   2   2   2   1   1 | Lys AAA   4   4   4   4   4   4 | Arg AGA   1   1   1   1   1   1
Met ATG   0   0   0   0   1   0 |     ACG   0   0   0   0   0   0 |     AAG   5   5   5   5   6   6 |     AGG   0   0   0   0   0   0
--------------------------------------------------------------------------------------------------------------------------------------
Val GTT   3   2   3   2   2   2 | Ala GCT   2   2   1   1   0   1 | Asp GAT   4   3   4   4   3   3 | Gly GGT   0   0   0   0   0   0
    GTC   0   1   0   1   2   0 |     GCC   1   1   2   2   1   2 |     GAC   0   1   1   0   1   1 |     GGC   1   1   0   1   1   1
    GTA   0   1   1   0   0   0 |     GCA   0   0   0   0   0   0 | Glu GAA   3   4   4   4   4   4 |     GGA   0   0   0   0   0   0
    GTG   1   1   1   1   0   1 |     GCG   0   0   0   0   1   0 |     GAG   2   1   1   1   1   1 |     GGG   2   2   2   2   2   2
--------------------------------------------------------------------------------------------------------------------------------------

--------------------------------------------------------------------------------------------------------------------------------------
Phe TTT   2   2   2   2   2   2 | Ser TCT   0   0   0   0   0   0 | Tyr TAT   0   0   0   0   0   0 | Cys TGT   1   1   1   1   1   1
    TTC   1   1   1   1   1   1 |     TCC   0   0   0   0   0   0 |     TAC   0   0   0   0   0   0 |     TGC   0   0   0   0   0   0
Leu TTA   2   2   1   2   2   2 |     TCA   1   1   1   1   1   1 | *** TAA   0   0   0   0   0   0 | *** TGA   0   0   0   0   0   0
    TTG   1   1   1   1   1   1 |     TCG   0   0   0   0   0   0 |     TAG   0   0   0   0   0   0 | Trp TGG   1   1   1   1   1   1
--------------------------------------------------------------------------------------------------------------------------------------
Leu CTT   0   0   0   0   0   0 | Pro CCT   1   1   1   1   1   0 | His CAT   0   0   0   0   0   0 | Arg CGT   1   1   1   1   1   1
    CTC   1   1   1   1   1   1 |     CCC   0   0   0   0   0   1 |     CAC   2   2   2   2   2   2 |     CGC   0   0   0   0   0   0
    CTA   1   1   2   1   1   1 |     CCA   0   0   0   0   0   0 | Gln CAA   0   0   0   0   0   0 |     CGA   0   0   0   0   0   0
    CTG   0   0   0   0   0   0 |     CCG   0   0   0   0   0   0 |     CAG   0   0   0   0   0   0 |     CGG   0   0   0   0   0   0
--------------------------------------------------------------------------------------------------------------------------------------
Ile ATT   3   3   3   3   3   3 | Thr ACT   0   0   0   0   0   0 | Asn AAT   0   0   0   0   0   0 | Ser AGT   0   0   0   0   0   0
    ATC   0   1   0   1   1   1 |     ACC   1   1   1   1   1   1 |     AAC   0   0   0   0   0   0 |     AGC   1   1   1   1   1   1
    ATA   2   2   1   3   1   2 |     ACA   2   2   2   1   2   2 | Lys AAA   4   4   4   4   4   4 | Arg AGA   1   1   1   1   1   1
Met ATG   0   0   0   0   0   0 |     ACG   0   0   0   0   0   0 |     AAG   5   5   5   5   5   5 |     AGG   0   0   0   0   0   0
--------------------------------------------------------------------------------------------------------------------------------------
Val GTT   3   3   3   2   3   3 | Ala GCT   2   2   2   2   1   1 | Asp GAT   4   4   4   4   4   3 | Gly GGT   0   0   0   0   0   1
    GTC   1   0   1   0   0   0 |     GCC   1   1   1   1   2   2 |     GAC   0   0   0   0   1   1 |     GGC   1   1   1   1   0   0
    GTA   0   0   1   0   1   0 |     GCA   0   0   0   0   0   0 | Glu GAA   4   3   4   4   4   4 |     GGA   0   0   0   0   0   0
    GTG   1   1   1   2   1   1 |     GCG   0   0   0   0   0   0 |     GAG   1   2   1   1   1   1 |     GGG   2   2   2   2   2   2
--------------------------------------------------------------------------------------------------------------------------------------

--------------------------------------------------------------------------------------------------------------------------------------
Phe TTT   2   2   2   2   3   1 | Ser TCT   0   0   0   0   0   0 | Tyr TAT   0   0   0   0   0   0 | Cys TGT   1   1   1   1   1   1
    TTC   1   1   1   1   0   1 |     TCC   0   0   0   0   0   0 |     TAC   0   0   0   0   0   0 |     TGC   0   0   0   0   0   0
Leu TTA   2   2   2   2   2   2 |     TCA   1   1   1   1   1   1 | *** TAA   0   0   0   0   0   0 | *** TGA   0   0   0   0   0   0
    TTG   1   1   1   1   1   1 |     TCG   0   0   0   0   0   0 |     TAG   0   0   0   0   0   0 | Trp TGG   1   1   1   1   1   1
--------------------------------------------------------------------------------------------------------------------------------------
Leu CTT   0   0   0   0   0   0 | Pro CCT   1   1   1   1   1   1 | His CAT   0   0   0   0   0   0 | Arg CGT   1   1   1   1   1   1
    CTC   1   1   1   1   1   1 |     CCC   0   0   0   0   0   0 |     CAC   2   2   2   2   2   2 |     CGC   0   0   0   0   0   0
    CTA   1   1   1   1   1   0 |     CCA   0   0   0   0   0   0 | Gln CAA   0   0   0   0   0   0 |     CGA   0   0   0   0   0   0
    CTG   0   0   0   0   0   1 |     CCG   0   0   0   0   0   0 |     CAG   0   0   0   0   0   0 |     CGG   0   0   0   0   0   0
--------------------------------------------------------------------------------------------------------------------------------------
Ile ATT   3   3   3   3   4   5 | Thr ACT   0   0   0   0   0   0 | Asn AAT   0   0   0   0   0   0 | Ser AGT   0   0   0   0   0   0
    ATC   1   1   1   0   1   1 |     ACC   1   1   1   1   1   1 |     AAC   0   0   0   0   0   0 |     AGC   1   1   1   1   1   1
    ATA   2   2   2   2   2   2 |     ACA   2   2   2   2   2   2 | Lys AAA   4   4   4   4   3   4 | Arg AGA   1   1   1   1   1   1
Met ATG   0   0   0   0   0   0 |     ACG   0   0   0   0   0   0 |     AAG   5   5   5   5   6   5 |     AGG   0   0   0   0   0   0
--------------------------------------------------------------------------------------------------------------------------------------
Val GTT   3   3   3   3   2   2 | Ala GCT   2   2   2   2   2   2 | Asp GAT   4   4   4   4   4   4 | Gly GGT   0   0   0   0   0   0
    GTC   0   0   0   1   0   0 |     GCC   1   1   1   1   1   1 |     GAC   0   1   0   0   0   0 |     GGC   1   0   1   1   1   1
    GTA   0   0   0   0   0   0 |     GCA   0   0   0   0   0   0 | Glu GAA   4   4   4   4   4   4 |     GGA   0   0   0   0   0   0
    GTG   1   1   1   1   1   1 |     GCG   0   0   0   0   0   0 |     GAG   1   1   1   1   1   1 |     GGG   2   2   2   2   2   2
--------------------------------------------------------------------------------------------------------------------------------------

--------------------------------------------------------------------------------------------------------------------------------------
Phe TTT   3   3   3   2   2   2 | Ser TCT   0   0   0   0   0   0 | Tyr TAT   0   0   0   0   0   0 | Cys TGT   1   1   1   1   1   1
    TTC   0   0   0   1   1   1 |     TCC   0   0   0   0   0   0 |     TAC   0   0   0   0   0   0 |     TGC   0   0   0   0   0   0
Leu TTA   2   2   2   2   2   2 |     TCA   1   1   1   1   1   1 | *** TAA   0   0   0   0   0   0 | *** TGA   0   0   0   0   0   0
    TTG   1   1   1   1   1   1 |     TCG   0   0   0   0   0   0 |     TAG   0   0   0   0   0   0 | Trp TGG   1   1   1   1   1   1
--------------------------------------------------------------------------------------------------------------------------------------
Leu CTT   0   0   0   0   0   0 | Pro CCT   1   1   1   1   1   1 | His CAT   0   0   0   0   0   0 | Arg CGT   1   1   1   1   1   1
    CTC   1   1   1   1   1   1 |     CCC   0   0   0   0   0   0 |     CAC   2   2   2   2   2   2 |     CGC   0   0   0   0   0   0
    CTA   1   1   1   1   1   0 |     CCA   0   0   0   0   0   0 | Gln CAA   0   0   0   0   0   0 |     CGA   0   0   0   0   0   0
    CTG   0   0   0   0   0   1 |     CCG   0   0   0   0   0   0 |     CAG   0   0   0   0   0   0 |     CGG   0   0   0   0   0   0
--------------------------------------------------------------------------------------------------------------------------------------
Ile ATT   4   3   3   3   3   3 | Thr ACT   0   0   0   0   0   0 | Asn AAT   0   0   0   0   0   0 | Ser AGT   0   0   0   0   0   0
    ATC   1   0   1   1   1   1 |     ACC   2   1   1   1   1   1 |     AAC   0   0   0   0   0   0 |     AGC   1   1   1   1   1   1
    ATA   2   2   2   1   2   2 |     ACA   1   2   2   2   2   2 | Lys AAA   4   4   4   4   4   5 | Arg AGA   1   1   1   1   1   0
Met ATG   0   0   0   0   0   0 |     ACG   0   0   0   0   0   0 |     AAG   5   5   5   5   5   5 |     AGG   0   0   0   0   0   0
--------------------------------------------------------------------------------------------------------------------------------------
Val GTT   2   3   3   3   3   3 | Ala GCT   1   1   2   1   2   2 | Asp GAT   4   4   4   4   4   4 | Gly GGT   0   0   0   0   0   0
    GTC   0   1   0   0   0   0 |     GCC   2   2   1   2   1   1 |     GAC   0   0   0   1   0   0 |     GGC   1   1   1   0   1   1
    GTA   0   0   0   1   0   0 |     GCA   0   0   0   0   0   0 | Glu GAA   4   4   4   4   4   4 |     GGA   0   0   0   0   0   0
    GTG   1   1   1   1   1   1 |     GCG   0   0   0   0   0   0 |     GAG   1   1   1   1   1   1 |     GGG   2   2   2   2   2   2
--------------------------------------------------------------------------------------------------------------------------------------

--------------------------------------------------------------------------------------------------------------------------------------
Phe TTT   2   2   2   2   2   2 | Ser TCT   0   0   0   0   0   0 | Tyr TAT   0   0   0   0   0   0 | Cys TGT   1   1   1   1   1   1
    TTC   1   1   1   1   1   1 |     TCC   0   0   0   0   0   0 |     TAC   0   0   0   0   0   0 |     TGC   0   0   0   0   0   0
Leu TTA   2   2   2   2   2   2 |     TCA   1   1   1   1   1   1 | *** TAA   0   0   0   0   0   0 | *** TGA   0   0   0   0   0   0
    TTG   1   1   1   1   1   1 |     TCG   0   0   0   0   0   0 |     TAG   0   0   0   0   0   0 | Trp TGG   1   1   1   1   1   1
--------------------------------------------------------------------------------------------------------------------------------------
Leu CTT   0   0   0   0   0   0 | Pro CCT   0   1   1   1   1   1 | His CAT   0   0   0   0   0   0 | Arg CGT   1   1   1   1   1   1
    CTC   1   1   1   1   1   1 |     CCC   1   0   0   0   0   0 |     CAC   2   2   2   2   2   2 |     CGC   0   0   0   0   0   0
    CTA   0   1   1   0   1   1 |     CCA   0   0   0   0   0   0 | Gln CAA   0   0   0   0   0   0 |     CGA   0   0   0   0   0   0
    CTG   1   0   0   1   0   0 |     CCG   0   0   0   0   0   0 |     CAG   0   0   0   0   0   0 |     CGG   0   0   0   0   0   0
--------------------------------------------------------------------------------------------------------------------------------------
Ile ATT   4   3   3   4   3   3 | Thr ACT   0   0   0   0   0   0 | Asn AAT   0   0   0   0   0   0 | Ser AGT   0   0   0   0   0   0
    ATC   1   1   1   1   1   1 |     ACC   1   1   1   1   1   1 |     AAC   0   0   0   0   0   0 |     AGC   1   1   1   1   1   1
    ATA   2   2   2   2   2   1 |     ACA   2   2   2   2   2   2 | Lys AAA   4   4   4   4   4   4 | Arg AGA   1   1   1   1   1   1
Met ATG   0   0   0   0   0   0 |     ACG   0   0   0   0   0   0 |     AAG   5   5   5   5   5   5 |     AGG   0   0   0   0   0   0
--------------------------------------------------------------------------------------------------------------------------------------
Val GTT   2   3   3   2   3   3 | Ala GCT   1   1   2   2   2   1 | Asp GAT   4   3   4   4   4   4 | Gly GGT   1   1   0   0   0   0
    GTC   0   0   0   0   0   0 |     GCC   2   2   1   1   1   2 |     GAC   0   1   0   0   0   1 |     GGC   0   0   1   1   1   0
    GTA   0   0   0   0   0   1 |     GCA   0   0   0   0   0   0 | Glu GAA   4   4   4   4   4   4 |     GGA   0   0   0   0   0   0
    GTG   1   1   1   1   1   1 |     GCG   0   0   0   0   0   0 |     GAG   1   1   1   1   1   1 |     GGG   2   2   2   2   2   2
--------------------------------------------------------------------------------------------------------------------------------------

--------------------------------------------------------------------------------------------------------------------------------------
Phe TTT   2   2   2   2   2   2 | Ser TCT   0   0   0   0   0   0 | Tyr TAT   0   0   0   0   0   0 | Cys TGT   1   1   1   1   1   1
    TTC   1   1   1   1   1   1 |     TCC   0   0   0   0   0   0 |     TAC   0   0   0   0   0   0 |     TGC   0   0   0   0   0   0
Leu TTA   2   2   2   2   2   2 |     TCA   1   1   1   1   1   1 | *** TAA   0   0   0   0   0   0 | *** TGA   0   0   0   0   0   0
    TTG   1   1   1   1   1   1 |     TCG   0   0   0   0   0   0 |     TAG   0   0   0   0   0   0 | Trp TGG   1   1   1   1   1   1
--------------------------------------------------------------------------------------------------------------------------------------
Leu CTT   0   0   0   0   0   0 | Pro CCT   1   1   0   1   1   1 | His CAT   0   0   0   0   0   0 | Arg CGT   1   1   1   1   1   1
    CTC   1   1   1   1   1   1 |     CCC   0   0   1   0   0   0 |     CAC   2   2   2   2   2   2 |     CGC   0   0   0   0   0   0
    CTA   0   1   1   1   1   1 |     CCA   0   0   0   0   0   0 | Gln CAA   0   0   0   0   0   0 |     CGA   0   0   0   0   0   0
    CTG   1   0   0   0   0   0 |     CCG   0   0   0   0   0   0 |     CAG   0   0   0   0   0   0 |     CGG   0   0   0   0   0   0
--------------------------------------------------------------------------------------------------------------------------------------
Ile ATT   4   3   3   3   3   3 | Thr ACT   0   0   0   0   1   0 | Asn AAT   0   0   0   0   0   0 | Ser AGT   0   0   0   0   0   0
    ATC   1   1   1   0   1   1 |     ACC   1   1   1   1   1   1 |     AAC   0   0   0   0   0   0 |     AGC   1   1   1   1   1   1
    ATA   2   1   2   2   1   2 |     ACA   2   2   2   2   2   2 | Lys AAA   5   4   4   4   4   4 | Arg AGA   1   1   1   1   1   1
Met ATG   0   0   0   0   0   0 |     ACG   0   0   0   0   0   0 |     AAG   4   5   5   5   5   5 |     AGG   0   0   0   0   0   0
--------------------------------------------------------------------------------------------------------------------------------------
Val GTT   2   3   3   3   2   3 | Ala GCT   2   1   1   2   1   2 | Asp GAT   4   4   3   4   4   4 | Gly GGT   0   0   1   0   0   0
    GTC   0   0   0   1   0   0 |     GCC   1   2   2   1   2   1 |     GAC   0   1   1   0   0   0 |     GGC   1   0   0   1   1   1
    GTA   0   1   0   0   1   0 |     GCA   0   0   0   0   0   0 | Glu GAA   4   4   4   4   4   4 |     GGA   0   0   0   1   0   0
    GTG   1   1   1   1   1   1 |     GCG   0   0   0   0   0   0 |     GAG   1   1   1   1   1   1 |     GGG   2   2   2   1   2   2
--------------------------------------------------------------------------------------------------------------------------------------

--------------------------------------------------------------------------------------------------------------------------------------
Phe TTT   2   2   2   2   2   2 | Ser TCT   0   0   0   0   0   0 | Tyr TAT   0   0   0   0   0   0 | Cys TGT   1   1   1   1   1   1
    TTC   1   1   1   1   1   1 |     TCC   0   0   0   0   0   0 |     TAC   0   0   0   0   0   0 |     TGC   0   0   0   0   0   0
Leu TTA   2   2   2   2   2   2 |     TCA   1   1   1   1   1   1 | *** TAA   0   0   0   0   0   0 | *** TGA   0   0   0   0   0   0
    TTG   1   1   1   1   1   1 |     TCG   0   0   0   0   0   0 |     TAG   0   0   0   0   0   0 | Trp TGG   1   1   1   1   1   1
--------------------------------------------------------------------------------------------------------------------------------------
Leu CTT   0   0   0   0   0   0 | Pro CCT   1   1   1   1   1   1 | His CAT   0   0   0   0   0   0 | Arg CGT   1   1   1   1   1   1
    CTC   1   1   1   1   1   1 |     CCC   0   0   0   0   0   0 |     CAC   2   2   2   2   2   2 |     CGC   0   0   0   0   0   0
    CTA   0   1   1   1   1   1 |     CCA   0   0   0   0   0   0 | Gln CAA   0   0   0   0   0   0 |     CGA   0   0   0   0   0   0
    CTG   1   0   0   0   0   0 |     CCG   0   0   0   0   0   0 |     CAG   0   0   0   0   0   0 |     CGG   0   0   0   0   0   0
--------------------------------------------------------------------------------------------------------------------------------------
Ile ATT   3   3   3   3   4   3 | Thr ACT   0   0   0   0   0   0 | Asn AAT   0   0   0   0   0   0 | Ser AGT   0   0   0   0   0   0
    ATC   1   1   1   0   1   1 |     ACC   0   1   1   1   1   1 |     AAC   0   0   0   0   0   0 |     AGC   1   1   1   1   1   1
    ATA   2   2   2   2   2   2 |     ACA   2   2   2   2   2   2 | Lys AAA   3   4   4   4   4   4 | Arg AGA   2   1   1   1   1   1
Met ATG   0   0   0   0   0   0 |     ACG   1   0   0   0   0   0 |     AAG   5   5   5   5   5   5 |     AGG   0   0   0   0   0   0
--------------------------------------------------------------------------------------------------------------------------------------
Val GTT   3   3   3   3   2   3 | Ala GCT   2   1   2   2   2   1 | Asp GAT   3   4   4   4   3   3 | Gly GGT   0   0   0   0   0   1
    GTC   0   0   0   1   0   0 |     GCC   1   2   1   1   1   2 |     GAC   1   1   0   0   0   1 |     GGC   1   0   1   1   1   0
    GTA   0   0   0   0   0   0 |     GCA   0   0   0   0   0   0 | Glu GAA   4   4   4   4   5   4 |     GGA   0   0   0   0   0   0
    GTG   1   1   1   1   1   1 |     GCG   0   0   0   0   0   0 |     GAG   1   1   1   1   1   1 |     GGG   2   2   2   2   2   2
--------------------------------------------------------------------------------------------------------------------------------------

--------------------------------------------------------------------------------------------------------------------------------------
Phe TTT   2   2   2   2   2   2 | Ser TCT   0   0   0   0   0   0 | Tyr TAT   0   0   0   0   0   0 | Cys TGT   1   1   1   1   1   1
    TTC   1   1   1   1   1   1 |     TCC   0   0   0   0   0   0 |     TAC   0   0   0   0   0   0 |     TGC   0   0   0   0   0   0
Leu TTA   2   2   2   2   2   2 |     TCA   1   1   1   1   1   1 | *** TAA   0   0   0   0   0   0 | *** TGA   0   0   0   0   0   0
    TTG   1   1   1   1   1   1 |     TCG   0   0   0   0   0   0 |     TAG   0   0   0   0   0   0 | Trp TGG   1   1   1   1   1   1
--------------------------------------------------------------------------------------------------------------------------------------
Leu CTT   0   0   0   0   0   0 | Pro CCT   0   1   0   1   1   1 | His CAT   0   0   0   0   0   0 | Arg CGT   1   1   1   1   1   1
    CTC   1   1   1   1   1   1 |     CCC   1   0   1   0   0   0 |     CAC   2   2   2   2   2   2 |     CGC   0   0   0   0   0   0
    CTA   0   0   1   1   1   1 |     CCA   0   0   0   0   0   0 | Gln CAA   0   0   0   0   0   0 |     CGA   0   0   0   0   0   0
    CTG   1   1   0   0   0   0 |     CCG   0   0   0   0   0   0 |     CAG   0   0   0   0   0   0 |     CGG   0   0   0   0   0   0
--------------------------------------------------------------------------------------------------------------------------------------
Ile ATT   3   4   3   3   3   3 | Thr ACT   1   0   0   0   0   0 | Asn AAT   0   0   0   0   0   0 | Ser AGT   0   0   0   0   0   0
    ATC   1   1   1   1   1   1 |     ACC   0   1   1   1   1   1 |     AAC   0   0   0   0   0   0 |     AGC   1   1   1   1   1   1
    ATA   2   2   2   2   2   1 |     ACA   2   2   2   2   2   2 | Lys AAA   4   4   4   4   4   4 | Arg AGA   1   1   1   1   1   1
Met ATG   0   0   0   0   0   0 |     ACG   0   0   0   0   0   0 |     AAG   5   5   5   5   5   5 |     AGG   0   0   0   0   0   0
--------------------------------------------------------------------------------------------------------------------------------------
Val GTT   3   2   3   3   3   3 | Ala GCT   1   2   1   1   1   2 | Asp GAT   3   4   3   3   4   4 | Gly GGT   1   0   1   1   0   0
    GTC   0   0   0   0   0   0 |     GCC   2   1   2   2   2   1 |     GAC   1   0   1   1   1   0 |     GGC   0   1   0   0   0   1
    GTA   0   0   0   0   0   1 |     GCA   0   0   0   0   0   0 | Glu GAA   4   4   4   4   4   4 |     GGA   0   0   0   0   0   0
    GTG   1   1   1   1   1   1 |     GCG   0   0   0   0   0   0 |     GAG   1   1   1   1   1   1 |     GGG   2   2   2   2   2   2
--------------------------------------------------------------------------------------------------------------------------------------

--------------------------------------------------------------------------------------------------------------------------------------
Phe TTT   2   2   2   2   2   2 | Ser TCT   0   0   0   0   0   0 | Tyr TAT   0   0   0   0   0   0 | Cys TGT   1   1   1   1   1   1
    TTC   1   1   1   1   1   1 |     TCC   0   0   0   0   0   0 |     TAC   0   0   0   0   0   0 |     TGC   0   0   0   0   0   0
Leu TTA   2   2   2   2   2   2 |     TCA   1   1   1   0   1   1 | *** TAA   0   0   0   0   0   0 | *** TGA   0   0   0   0   0   0
    TTG   1   1   1   1   1   1 |     TCG   0   0   0   1   0   0 |     TAG   0   0   0   0   0   0 | Trp TGG   1   1   1   1   1   1
--------------------------------------------------------------------------------------------------------------------------------------
Leu CTT   0   0   0   0   0   0 | Pro CCT   1   1   1   1   1   1 | His CAT   0   0   0   0   0   0 | Arg CGT   1   1   1   1   1   1
    CTC   1   1   1   1   1   1 |     CCC   0   0   0   0   0   0 |     CAC   2   2   2   2   2   2 |     CGC   0   0   0   0   0   0
    CTA   1   1   0   1   1   1 |     CCA   0   0   0   0   0   0 | Gln CAA   0   0   0   0   0   0 |     CGA   0   0   0   0   0   0
    CTG   0   0   1   0   0   0 |     CCG   0   0   0   0   0   0 |     CAG   0   0   0   0   0   0 |     CGG   0   0   0   0   0   0
--------------------------------------------------------------------------------------------------------------------------------------
Ile ATT   3   4   3   4   3   3 | Thr ACT   0   0   1   0   0   0 | Asn AAT   0   0   0   0   0   0 | Ser AGT   0   0   0   0   0   0
    ATC   1   1   1   0   1   1 |     ACC   1   1   0   1   1   1 |     AAC   0   0   0   0   0   0 |     AGC   1   1   1   1   1   1
    ATA   2   2   2   2   1   2 |     ACA   2   2   2   2   2   2 | Lys AAA   4   4   4   4   4   4 | Arg AGA   1   1   1   1   1   1
Met ATG   0   0   0   0   0   0 |     ACG   0   0   0   0   0   0 |     AAG   5   5   5   5   5   5 |     AGG   0   0   0   0   0   0
--------------------------------------------------------------------------------------------------------------------------------------
Val GTT   3   2   3   2   3   3 | Ala GCT   2   2   2   1   1   1 | Asp GAT   4   4   4   4   4   4 | Gly GGT   0   0   0   0   0   0
    GTC   0   0   0   1   0   0 |     GCC   1   1   1   2   2   2 |     GAC   0   0   0   0   1   1 |     GGC   1   1   1   1   0   0
    GTA   0   0   0   0   1   0 |     GCA   0   0   0   0   0   0 | Glu GAA   4   4   4   4   4   4 |     GGA   0   0   0   0   0   0
    GTG   1   1   1   1   1   1 |     GCG   0   0   0   0   0   0 |     GAG   1   1   1   1   1   1 |     GGG   2   2   2   2   2   2
--------------------------------------------------------------------------------------------------------------------------------------

Codon position x base (3x4) table for each sequence.

#1: Argali         
position  1:    T:0.16667    C:0.11111    A:0.37037    G:0.35185
position  2:    T:0.33333    C:0.14815    A:0.37037    G:0.14815
position  3:    T:0.31481    C:0.16667    A:0.29630    G:0.22222
Average         T:0.27160    C:0.14198    A:0.34568    G:0.24074

#2: LesserMouseDeer
position  1:    T:0.16667    C:0.11111    A:0.35185    G:0.37037
position  2:    T:0.33333    C:0.14815    A:0.37037    G:0.14815
position  3:    T:0.29630    C:0.18519    A:0.31481    G:0.20370
Average         T:0.26543    C:0.14815    A:0.34568    G:0.24074

#3: LesserKudu     
position  1:    T:0.16667    C:0.11111    A:0.35185    G:0.37037
position  2:    T:0.33333    C:0.14815    A:0.38889    G:0.12963
position  3:    T:0.27778    C:0.20370    A:0.31481    G:0.20370
Average         T:0.25926    C:0.15432    A:0.35185    G:0.23457

#4: ForestMuskDeer2
position  1:    T:0.16667    C:0.11111    A:0.37037    G:0.35185
position  2:    T:0.33333    C:0.14815    A:0.37037    G:0.14815
position  3:    T:0.29630    C:0.18519    A:0.29630    G:0.22222
Average         T:0.26543    C:0.14815    A:0.34568    G:0.24074

#5: Camel          
position  1:    T:0.16667    C:0.11111    A:0.38889    G:0.33333
position  2:    T:0.33333    C:0.12963    A:0.40741    G:0.12963
position  3:    T:0.24074    C:0.24074    A:0.27778    G:0.24074
Average         T:0.24691    C:0.16049    A:0.35802    G:0.23457

#6: KillerWhale    
position  1:    T:0.18519    C:0.11111    A:0.37037    G:0.33333
position  2:    T:0.33333    C:0.12963    A:0.38889    G:0.14815
position  3:    T:0.29630    C:0.18519    A:0.29630    G:0.22222
Average         T:0.27160    C:0.14198    A:0.35185    G:0.23457

#7: DefassaWaterbuck
position  1:    T:0.16667    C:0.11111    A:0.35185    G:0.37037
position  2:    T:0.33333    C:0.14815    A:0.37037    G:0.14815
position  3:    T:0.31481    C:0.16667    A:0.31481    G:0.20370
Average         T:0.27160    C:0.14198    A:0.34568    G:0.24074

#8: Sheep          
position  1:    T:0.16667    C:0.11111    A:0.37037    G:0.35185
position  2:    T:0.33333    C:0.14815    A:0.37037    G:0.14815
position  3:    T:0.31481    C:0.16667    A:0.29630    G:0.22222
Average         T:0.27160    C:0.14198    A:0.34568    G:0.24074

#9: MaxwellsDuiker 
position  1:    T:0.14815    C:0.12963    A:0.33333    G:0.38889
position  2:    T:0.33333    C:0.14815    A:0.37037    G:0.14815
position  3:    T:0.31481    C:0.16667    A:0.31481    G:0.20370
Average         T:0.26543    C:0.14815    A:0.33951    G:0.24691

#10: GazellaPrzewalskyi
position  1:    T:0.16667    C:0.11111    A:0.37037    G:0.35185
position  2:    T:0.35185    C:0.12963    A:0.37037    G:0.14815
position  3:    T:0.29630    C:0.16667    A:0.31481    G:0.22222
Average         T:0.27160    C:0.13580    A:0.35185    G:0.24074

#11: MountainNyala  
position  1:    T:0.16667    C:0.11111    A:0.35185    G:0.37037
position  2:    T:0.33333    C:0.14815    A:0.38889    G:0.12963
position  3:    T:0.29630    C:0.18519    A:0.31481    G:0.20370
Average         T:0.26543    C:0.14815    A:0.35185    G:0.23457

#12: MuntiacusMuntjak
position  1:    T:0.16667    C:0.11111    A:0.37037    G:0.35185
position  2:    T:0.33333    C:0.14815    A:0.37037    G:0.14815
position  3:    T:0.27778    C:0.20370    A:0.31481    G:0.20370
Average         T:0.25926    C:0.15432    A:0.35185    G:0.23457

#13: goat           
position  1:    T:0.16667    C:0.11111    A:0.37037    G:0.35185
position  2:    T:0.33333    C:0.14815    A:0.37037    G:0.14815
position  3:    T:0.31481    C:0.16667    A:0.31481    G:0.20370
Average         T:0.27160    C:0.14198    A:0.35185    G:0.23457

#14: AfricanBuffalo 
position  1:    T:0.16667    C:0.11111    A:0.37037    G:0.35185
position  2:    T:0.33333    C:0.14815    A:0.38889    G:0.12963
position  3:    T:0.31481    C:0.16667    A:0.31481    G:0.20370
Average         T:0.27160    C:0.14198    A:0.35802    G:0.22840

#15: Topi           
position  1:    T:0.16667    C:0.11111    A:0.37037    G:0.35185
position  2:    T:0.33333    C:0.14815    A:0.37037    G:0.14815
position  3:    T:0.31481    C:0.16667    A:0.31481    G:0.20370
Average         T:0.27160    C:0.14198    A:0.35185    G:0.23457

#16: CommonDuiker   
position  1:    T:0.16667    C:0.11111    A:0.35185    G:0.37037
position  2:    T:0.33333    C:0.14815    A:0.37037    G:0.14815
position  3:    T:0.31481    C:0.16667    A:0.31481    G:0.20370
Average         T:0.27160    C:0.14198    A:0.34568    G:0.24074

#17: Suni           
position  1:    T:0.16667    C:0.11111    A:0.38889    G:0.33333
position  2:    T:0.33333    C:0.14815    A:0.37037    G:0.14815
position  3:    T:0.33333    C:0.14815    A:0.29630    G:0.22222
Average         T:0.27778    C:0.13580    A:0.35185    G:0.23457

#18: Springbuck     
position  1:    T:0.14815    C:0.11111    A:0.40741    G:0.33333
position  2:    T:0.33333    C:0.14815    A:0.37037    G:0.14815
position  3:    T:0.31481    C:0.16667    A:0.29630    G:0.22222
Average         T:0.26543    C:0.14198    A:0.35802    G:0.23457

#19: Okapi          
position  1:    T:0.16667    C:0.11111    A:0.38889    G:0.33333
position  2:    T:0.33333    C:0.14815    A:0.37037    G:0.14815
position  3:    T:0.31481    C:0.18519    A:0.29630    G:0.20370
Average         T:0.27160    C:0.14815    A:0.35185    G:0.22840

#20: Giraffe        
position  1:    T:0.16667    C:0.11111    A:0.35185    G:0.37037
position  2:    T:0.33333    C:0.14815    A:0.37037    G:0.14815
position  3:    T:0.31481    C:0.16667    A:0.31481    G:0.20370
Average         T:0.27160    C:0.14198    A:0.34568    G:0.24074

#21: TibetanAntelope
position  1:    T:0.16667    C:0.11111    A:0.37037    G:0.35185
position  2:    T:0.33333    C:0.14815    A:0.37037    G:0.14815
position  3:    T:0.33333    C:0.14815    A:0.31481    G:0.20370
Average         T:0.27778    C:0.13580    A:0.35185    G:0.23457

#22: Sitatunga      
position  1:    T:0.16667    C:0.11111    A:0.35185    G:0.37037
position  2:    T:0.33333    C:0.14815    A:0.38889    G:0.12963
position  3:    T:0.29630    C:0.18519    A:0.31481    G:0.20370
Average         T:0.26543    C:0.14815    A:0.35185    G:0.23457

#23: Oribi          
position  1:    T:0.16667    C:0.11111    A:0.37037    G:0.35185
position  2:    T:0.33333    C:0.14815    A:0.37037    G:0.14815
position  3:    T:0.31481    C:0.16667    A:0.31481    G:0.20370
Average         T:0.27160    C:0.14198    A:0.35185    G:0.23457

#24: BarbarySheep   
position  1:    T:0.16667    C:0.11111    A:0.37037    G:0.35185
position  2:    T:0.33333    C:0.14815    A:0.38889    G:0.12963
position  3:    T:0.31481    C:0.16667    A:0.29630    G:0.22222
Average         T:0.27160    C:0.14198    A:0.35185    G:0.23457

#25: Daviddeer      
position  1:    T:0.16667    C:0.11111    A:0.38889    G:0.33333
position  2:    T:0.33333    C:0.14815    A:0.37037    G:0.14815
position  3:    T:0.29630    C:0.18519    A:0.29630    G:0.22222
Average         T:0.26543    C:0.14815    A:0.35185    G:0.23457

#26: Reindeer       
position  1:    T:0.16667    C:0.11111    A:0.37037    G:0.35185
position  2:    T:0.33333    C:0.14815    A:0.37037    G:0.14815
position  3:    T:0.29630    C:0.18519    A:0.31481    G:0.20370
Average         T:0.26543    C:0.14815    A:0.35185    G:0.23457

#27: Ibex           
position  1:    T:0.16667    C:0.11111    A:0.37037    G:0.35185
position  2:    T:0.33333    C:0.14815    A:0.37037    G:0.14815
position  3:    T:0.31481    C:0.16667    A:0.31481    G:0.20370
Average         T:0.27160    C:0.14198    A:0.35185    G:0.23457

#28: GyrantGazelle  
position  1:    T:0.16667    C:0.11111    A:0.38889    G:0.33333
position  2:    T:0.33333    C:0.14815    A:0.37037    G:0.14815
position  3:    T:0.31481    C:0.16667    A:0.29630    G:0.22222
Average         T:0.27160    C:0.14198    A:0.35185    G:0.23457

#29: Hartebeest     
position  1:    T:0.16667    C:0.11111    A:0.37037    G:0.35185
position  2:    T:0.33333    C:0.14815    A:0.37037    G:0.14815
position  3:    T:0.31481    C:0.16667    A:0.31481    G:0.20370
Average         T:0.27160    C:0.14198    A:0.35185    G:0.23457

#30: Bongo          
position  1:    T:0.16667    C:0.11111    A:0.35185    G:0.37037
position  2:    T:0.33333    C:0.14815    A:0.38889    G:0.12963
position  3:    T:0.29630    C:0.18519    A:0.31481    G:0.20370
Average         T:0.26543    C:0.14815    A:0.35185    G:0.23457

#31: Gerenuk        
position  1:    T:0.16667    C:0.11111    A:0.38889    G:0.33333
position  2:    T:0.33333    C:0.14815    A:0.37037    G:0.14815
position  3:    T:0.31481    C:0.16667    A:0.31481    G:0.20370
Average         T:0.27160    C:0.14198    A:0.35802    G:0.22840

#32: CommonEland    
position  1:    T:0.16667    C:0.11111    A:0.35185    G:0.37037
position  2:    T:0.33333    C:0.14815    A:0.38889    G:0.12963
position  3:    T:0.29630    C:0.18519    A:0.31481    G:0.20370
Average         T:0.26543    C:0.14815    A:0.35185    G:0.23457

#33: MuntiacusReevesi
position  1:    T:0.16667    C:0.11111    A:0.37037    G:0.35185
position  2:    T:0.33333    C:0.14815    A:0.37037    G:0.14815
position  3:    T:0.27778    C:0.20370    A:0.31481    G:0.20370
Average         T:0.25926    C:0.15432    A:0.35185    G:0.23457

#34: HarveysDuiker  
position  1:    T:0.16667    C:0.11111    A:0.35185    G:0.37037
position  2:    T:0.33333    C:0.14815    A:0.37037    G:0.14815
position  3:    T:0.31481    C:0.16667    A:0.33333    G:0.18519
Average         T:0.27160    C:0.14198    A:0.35185    G:0.23457

#35: Pronghorn      
position  1:    T:0.16667    C:0.11111    A:0.37037    G:0.35185
position  2:    T:0.31481    C:0.16667    A:0.37037    G:0.14815
position  3:    T:0.29630    C:0.18519    A:0.31481    G:0.20370
Average         T:0.25926    C:0.15432    A:0.35185    G:0.23457

#36: BlueWildebeest 
position  1:    T:0.16667    C:0.11111    A:0.37037    G:0.35185
position  2:    T:0.33333    C:0.14815    A:0.37037    G:0.14815
position  3:    T:0.31481    C:0.16667    A:0.31481    G:0.20370
Average         T:0.27160    C:0.14198    A:0.35185    G:0.23457

#37: Gemsbok        
position  1:    T:0.16667    C:0.11111    A:0.37037    G:0.35185
position  2:    T:0.33333    C:0.14815    A:0.35185    G:0.16667
position  3:    T:0.29630    C:0.16667    A:0.29630    G:0.24074
Average         T:0.26543    C:0.14198    A:0.33951    G:0.25309

#38: Yak            
position  1:    T:0.16667    C:0.11111    A:0.37037    G:0.35185
position  2:    T:0.33333    C:0.14815    A:0.38889    G:0.12963
position  3:    T:0.29630    C:0.18519    A:0.31481    G:0.20370
Average         T:0.26543    C:0.14815    A:0.35802    G:0.22840

#39: BlueSheep      
position  1:    T:0.16667    C:0.11111    A:0.37037    G:0.35185
position  2:    T:0.33333    C:0.14815    A:0.37037    G:0.14815
position  3:    T:0.31481    C:0.16667    A:0.31481    G:0.20370
Average         T:0.27160    C:0.14198    A:0.35185    G:0.23457

#40: BohorReedbuck  
position  1:    T:0.16667    C:0.11111    A:0.35185    G:0.37037
position  2:    T:0.33333    C:0.14815    A:0.37037    G:0.14815
position  3:    T:0.31481    C:0.16667    A:0.31481    G:0.20370
Average         T:0.27160    C:0.14198    A:0.34568    G:0.24074

#41: KirksDik       
position  1:    T:0.16667    C:0.11111    A:0.38889    G:0.33333
position  2:    T:0.33333    C:0.14815    A:0.37037    G:0.14815
position  3:    T:0.29630    C:0.16667    A:0.33333    G:0.20370
Average         T:0.26543    C:0.14198    A:0.36420    G:0.22840

#42: RoeDeer        
position  1:    T:0.16667    C:0.11111    A:0.37037    G:0.35185
position  2:    T:0.33333    C:0.14815    A:0.37037    G:0.14815
position  3:    T:0.29630    C:0.18519    A:0.31481    G:0.20370
Average         T:0.26543    C:0.14815    A:0.35185    G:0.23457

#43: WhiteLippedDeer
position  1:    T:0.16667    C:0.11111    A:0.37037    G:0.35185
position  2:    T:0.33333    C:0.14815    A:0.37037    G:0.14815
position  3:    T:0.29630    C:0.18519    A:0.29630    G:0.22222
Average         T:0.26543    C:0.14815    A:0.34568    G:0.24074

#44: ThomsonGazelle 
position  1:    T:0.16667    C:0.11111    A:0.38889    G:0.33333
position  2:    T:0.33333    C:0.14815    A:0.37037    G:0.14815
position  3:    T:0.31481    C:0.16667    A:0.29630    G:0.22222
Average         T:0.27160    C:0.14198    A:0.35185    G:0.23457

#45: MuntiacusCrinifrons
position  1:    T:0.16667    C:0.11111    A:0.37037    G:0.35185
position  2:    T:0.33333    C:0.14815    A:0.37037    G:0.14815
position  3:    T:0.27778    C:0.20370    A:0.31481    G:0.20370
Average         T:0.25926    C:0.15432    A:0.35185    G:0.23457

#46: WhiteTailedDeer
position  1:    T:0.16667    C:0.11111    A:0.37037    G:0.35185
position  2:    T:0.33333    C:0.14815    A:0.37037    G:0.14815
position  3:    T:0.29630    C:0.18519    A:0.31481    G:0.20370
Average         T:0.26543    C:0.14815    A:0.35185    G:0.23457

#47: Cattle         
position  1:    T:0.16667    C:0.11111    A:0.37037    G:0.35185
position  2:    T:0.33333    C:0.14815    A:0.38889    G:0.12963
position  3:    T:0.29630    C:0.18519    A:0.31481    G:0.20370
Average         T:0.26543    C:0.14815    A:0.35802    G:0.22840

#48: RoyalAntelope  
position  1:    T:0.16667    C:0.11111    A:0.35185    G:0.37037
position  2:    T:0.33333    C:0.14815    A:0.37037    G:0.14815
position  3:    T:0.31481    C:0.16667    A:0.31481    G:0.20370
Average         T:0.27160    C:0.14198    A:0.34568    G:0.24074

#49: Steenbok       
position  1:    T:0.16667    C:0.11111    A:0.37037    G:0.35185
position  2:    T:0.33333    C:0.14815    A:0.37037    G:0.14815
position  3:    T:0.31481    C:0.16667    A:0.31481    G:0.20370
Average         T:0.27160    C:0.14198    A:0.35185    G:0.23457

#50: Impala         
position  1:    T:0.16667    C:0.11111    A:0.38889    G:0.33333
position  2:    T:0.33333    C:0.14815    A:0.37037    G:0.14815
position  3:    T:0.31481    C:0.16667    A:0.31481    G:0.20370
Average         T:0.27160    C:0.14198    A:0.35802    G:0.22840

#51: Klipspringer   
position  1:    T:0.16667    C:0.11111    A:0.37037    G:0.35185
position  2:    T:0.33333    C:0.14815    A:0.37037    G:0.14815
