CODONML (in paml version 4.10.7, June 2023)  /home/rachel/ruminants_paml/6406-phy-tree/ENSBTAT00000000814.fasta.phy
Model: free dN/dS Ratios for branches,  kappa = 2.000 fixed

Codon frequency model: F3x4
ns =  54  ls =  68

Codon usage in sequences
--------------------------------------------------------------------------------------------------------------------------------------
Phe TTT   0   0   0   0   0   1 | Ser TCT   0   0   0   0   0   0 | Tyr TAT   0   0   0   0   0   1 | Cys TGT   0   0   0   0   0   0
    TTC   1   1   1   1   1   0 |     TCC   1   1   1   1   1   1 |     TAC   2   2   2   2   2   1 |     TGC   1   2   1   1   1   1
Leu TTA   0   0   0   0   0   0 |     TCA   0   0   0   0   0   0 | *** TAA   0   0   0   0   0   0 | *** TGA   0   0   0   0   0   0
    TTG   0   0   0   0   0   0 |     TCG   0   0   0   0   0   0 |     TAG   0   0   0   0   0   0 | Trp TGG   0   0   0   0   0   0
--------------------------------------------------------------------------------------------------------------------------------------
Leu CTT   1   0   1   0   0   0 | Pro CCT   1   0   0   0   0   0 | His CAT   1   1   1   1   1   1 | Arg CGT   0   0   0   0   0   0
    CTC   0   1   0   1   2   1 |     CCC   1   1   1   1   1   1 |     CAC   1   2   1   1   1   1 |     CGC   4   3   4   4   5   5
    CTA   0   0   0   0   0   0 |     CCA   0   0   0   0   1   1 | Gln CAA   1   0   1   0   0   0 |     CGA   0   0   0   0   0   0
    CTG   3   3   3   3   2   3 |     CCG   0   1   1   1   0   0 |     CAG   1   2   1   2   2   2 |     CGG   3   2   3   3   2   2
--------------------------------------------------------------------------------------------------------------------------------------
Ile ATT   3   2   3   3   3   3 | Thr ACT   0   1   0   0   0   0 | Asn AAT   1   0   1   1   0   0 | Ser AGT   0   0   0   0   0   0
    ATC   4   6   4   4   3   4 |     ACC   3   2   3   3   3   3 |     AAC   1   2   1   1   2   2 |     AGC   1   1   1   1   1   1
    ATA   0   0   0   0   1   0 |     ACA   1   0   1   1   2   1 | Lys AAA   2   2   3   2   1   1 | Arg AGA   2   1   2   2   2   2
Met ATG   1   2   1   1   1   1 |     ACG   1   2   1   1   0   1 |     AAG   8   9   7   8   9   9 |     AGG   0   1   0   0   0   0
--------------------------------------------------------------------------------------------------------------------------------------
Val GTT   1   1   1   1   1   1 | Ala GCT   0   0   0   0   0   0 | Asp GAT   0   0   0   0   0   0 | Gly GGT   1   0   2   1   0   1
    GTC   2   1   2   2   2   2 |     GCC   1   1   1   1   1   1 |     GAC   1   1   1   1   1   1 |     GGC   2   3   1   2   3   2
    GTA   1   0   1   1   0   0 |     GCA   1   1   1   1   1   1 | Glu GAA   0   0   0   0   0   0 |     GGA   0   0   0   0   0   0
    GTG   2   3   2   2   3   3 |     GCG   1   0   1   1   1   1 |     GAG   5   4   5   5   5   5 |     GGG   0   0   0   0   0   0
--------------------------------------------------------------------------------------------------------------------------------------

--------------------------------------------------------------------------------------------------------------------------------------
Phe TTT   0   0   0   0   0   0 | Ser TCT   0   0   0   0   0   0 | Tyr TAT   0   0   0   0   0   1 | Cys TGT   0   0   0   0   0   0
    TTC   1   1   1   1   1   1 |     TCC   1   1   1   1   1   1 |     TAC   2   2   2   2   2   1 |     TGC   1   1   1   1   1   1
Leu TTA   0   0   0   0   0   0 |     TCA   0   0   0   0   0   0 | *** TAA   0   0   0   0   0   0 | *** TGA   0   0   0   0   0   0
    TTG   0   0   0   0   0   0 |     TCG   0   0   0   0   0   0 |     TAG   0   0   0   0   0   0 | Trp TGG   0   0   0   0   0   0
--------------------------------------------------------------------------------------------------------------------------------------
Leu CTT   1   1   1   1   1   0 | Pro CCT   1   1   1   1   0   0 | His CAT   1   1   1   1   1   1 | Arg CGT   0   0   0   0   1   0
    CTC   0   0   0   0   0   1 |     CCC   1   1   1   1   1   1 |     CAC   1   1   1   1   1   1 |     CGC   4   4   4   4   3   4
    CTA   0   0   0   0   0   0 |     CCA   0   0   0   0   0   0 | Gln CAA   1   1   1   1   1   0 |     CGA   0   0   0   0   0   0
    CTG   3   3   3   3   3   3 |     CCG   0   0   0   0   1   1 |     CAG   1   1   1   1   1   2 |     CGG   3   3   3   3   3   3
--------------------------------------------------------------------------------------------------------------------------------------
Ile ATT   3   3   3   3   3   3 | Thr ACT   0   0   0   0   0   0 | Asn AAT   1   1   1   1   1   1 | Ser AGT   0   0   1   0   0   0
    ATC   4   4   4   4   4   4 |     ACC   2   3   3   3   3   3 |     AAC   1   1   1   1   1   1 |     AGC   1   1   0   1   1   1
    ATA   0   0   0   0   0   0 |     ACA   1   1   1   1   1   1 | Lys AAA   2   2   2   2   3   2 | Arg AGA   2   2   2   2   2   2
Met ATG   1   1   1   1   1   1 |     ACG   2   1   1   1   1   1 |     AAG   8   8   8   8   7   8 |     AGG   0   0   0   0   0   0
--------------------------------------------------------------------------------------------------------------------------------------
Val GTT   1   1   1   1   1   1 | Ala GCT   0   0   0   0   0   0 | Asp GAT   0   0   0   0   0   0 | Gly GGT   1   1   1   1   2   1
    GTC   2   2   2   2   2   2 |     GCC   1   1   1   1   1   1 |     GAC   1   1   1   1   1   1 |     GGC   2   2   1   2   1   2
    GTA   1   1   1   1   1   1 |     GCA   1   1   1   1   1   1 | Glu GAA   0   0   0   0   0   0 |     GGA   0   0   0   0   0   0
    GTG   2   2   2   2   2   2 |     GCG   1   1   1   1   1   1 |     GAG   5   5   5   5   5   5 |     GGG   0   0   1   0   0   0
--------------------------------------------------------------------------------------------------------------------------------------

--------------------------------------------------------------------------------------------------------------------------------------
Phe TTT   0   0   0   0   0   0 | Ser TCT   0   0   0   0   0   0 | Tyr TAT   0   0   0   0   0   0 | Cys TGT   0   0   0   0   0   1
    TTC   1   1   1   1   1   1 |     TCC   1   1   1   1   1   1 |     TAC   2   2   2   2   2   2 |     TGC   1   1   1   1   1   0
Leu TTA   0   0   0   0   0   0 |     TCA   0   0   0   0   0   0 | *** TAA   0   0   0   0   0   0 | *** TGA   0   0   0   0   0   0
    TTG   0   0   0   0   0   0 |     TCG   0   0   0   0   0   0 |     TAG   0   0   0   0   0   0 | Trp TGG   0   0   0   0   0   0
--------------------------------------------------------------------------------------------------------------------------------------
Leu CTT   1   1   1   1   1   1 | Pro CCT   1   0   1   1   1   1 | His CAT   1   1   1   1   1   1 | Arg CGT   0   1   0   1   0   0
    CTC   0   1   0   0   0   0 |     CCC   1   1   1   1   1   1 |     CAC   1   1   1   1   1   1 |     CGC   4   4   4   3   4   4
    CTA   0   0   0   0   0   0 |     CCA   0   0   0   0   0   0 | Gln CAA   1   1   1   1   1   1 |     CGA   0   0   0   0   0   0
    CTG   3   2   3   3   3   3 |     CCG   0   1   0   0   0   0 |     CAG   1   1   1   1   1   1 |     CGG   3   2   3   3   3   3
--------------------------------------------------------------------------------------------------------------------------------------
Ile ATT   3   3   3   3   3   3 | Thr ACT   0   0   0   0   0   0 | Asn AAT   1   1   1   1   1   1 | Ser AGT   0   0   0   1   0   0
    ATC   4   4   4   4   4   4 |     ACC   3   3   3   3   3   3 |     AAC   1   1   1   1   1   1 |     AGC   1   1   1   0   1   1
    ATA   0   0   0   0   0   0 |     ACA   1   1   1   1   1   1 | Lys AAA   2   2   2   2   2   2 | Arg AGA   2   2   2   2   2   2
Met ATG   1   1   1   1   1   1 |     ACG   1   1   1   1   1   1 |     AAG   8   8   8   8   8   8 |     AGG   0   0   0   0   0   0
--------------------------------------------------------------------------------------------------------------------------------------
Val GTT   1   1   1   1   1   1 | Ala GCT   0   0   0   0   0   0 | Asp GAT   0   0   0   0   0   0 | Gly GGT   1   1   1   0   1   1
    GTC   2   2   2   2   2   2 |     GCC   1   1   1   1   1   1 |     GAC   1   1   1   1   1   1 |     GGC   2   2   2   3   2   2
    GTA   1   1   1   1   1   1 |     GCA   1   1   1   1   1   1 | Glu GAA   0   0   0   0   0   0 |     GGA   0   0   0   0   0   0
    GTG   2   2   2   2   2   2 |     GCG   1   1   1   1   1   1 |     GAG   5   5   5   5   5   5 |     GGG   0   0   0   0   0   0
--------------------------------------------------------------------------------------------------------------------------------------

--------------------------------------------------------------------------------------------------------------------------------------
Phe TTT   0   0   0   0   0   0 | Ser TCT   0   0   0   0   0   0 | Tyr TAT   0   0   0   0   0   0 | Cys TGT   1   1   0   0   0   0
    TTC   1   1   1   1   1   1 |     TCC   1   1   1   1   1   1 |     TAC   2   2   2   2   2   2 |     TGC   0   0   1   1   1   1
Leu TTA   0   0   0   0   0   0 |     TCA   0   0   0   0   0   0 | *** TAA   0   0   0   0   0   0 | *** TGA   0   0   0   0   0   0
    TTG   0   0   0   0   0   0 |     TCG   0   0   0   0   0   0 |     TAG   0   0   0   0   0   0 | Trp TGG   0   0   0   0   0   0
--------------------------------------------------------------------------------------------------------------------------------------
Leu CTT   0   0   1   1   1   1 | Pro CCT   0   0   1   0   1   1 | His CAT   2   1   1   1   1   1 | Arg CGT   0   0   0   0   0   0
    CTC   1   1   0   0   0   0 |     CCC   1   1   1   1   1   1 |     CAC   0   1   1   1   1   1 |     CGC   4   4   4   4   4   4
    CTA   0   0   0   0   0   0 |     CCA   0   0   0   0   0   0 | Gln CAA   0   0   1   1   1   1 |     CGA   1   1   0   0   0   0
    CTG   3   3   3   3   3   3 |     CCG   1   1   0   1   0   0 |     CAG   2   2   1   1   1   1 |     CGG   2   2   3   3   3   3
--------------------------------------------------------------------------------------------------------------------------------------
Ile ATT   3   3   3   3   3   3 | Thr ACT   0   0   0   0   0   0 | Asn AAT   1   1   1   1   1   1 | Ser AGT   0   0   0   0   0   0
    ATC   4   4   4   4   4   4 |     ACC   3   3   3   3   3   3 |     AAC   1   1   1   1   1   1 |     AGC   1   1   1   1   1   1
    ATA   0   0   0   0   0   0 |     ACA   1   1   1   1   0   1 | Lys AAA   2   2   2   3   2   2 | Arg AGA   2   2   2   2   2   2
Met ATG   1   1   1   1   1   1 |     ACG   1   1   1   1   2   1 |     AAG   8   8   8   7   8   8 |     AGG   0   0   0   0   0   0
--------------------------------------------------------------------------------------------------------------------------------------
Val GTT   1   1   1   1   1   1 | Ala GCT   0   0   0   0   0   0 | Asp GAT   0   0   0   1   0   0 | Gly GGT   1   1   1   2   1   1
    GTC   2   2   2   2   2   2 |     GCC   1   1   1   2   1   1 |     GAC   1   1   1   0   1   1 |     GGC   2   2   2   1   2   2
    GTA   1   1   1   1   1   1 |     GCA   1   1   1   0   1   1 | Glu GAA   0   0   0   0   0   0 |     GGA   0   0   0   0   0   0
    GTG   2   2   2   2   2   2 |     GCG   1   1   1   1   1   1 |     GAG   5   5   5   5   5   5 |     GGG   0   0   0   0   0   0
--------------------------------------------------------------------------------------------------------------------------------------

--------------------------------------------------------------------------------------------------------------------------------------
Phe TTT   0   0   0   0   0   0 | Ser TCT   0   0   0   0   0   0 | Tyr TAT   0   0   0   0   0   0 | Cys TGT   0   0   0   0   0   0
    TTC   1   1   1   1   1   1 |     TCC   1   1   1   1   1   1 |     TAC   2   2   2   2   2   2 |     TGC   1   1   1   1   1   1
Leu TTA   0   0   0   0   0   0 |     TCA   0   0   0   0   0   0 | *** TAA   0   0   0   0   0   0 | *** TGA   0   0   0   0   0   0
    TTG   0   0   0   0   0   0 |     TCG   0   0   0   0   0   0 |     TAG   0   0   0   0   0   0 | Trp TGG   0   0   0   0   0   0
--------------------------------------------------------------------------------------------------------------------------------------
Leu CTT   1   0   1   1   1   1 | Pro CCT   0   0   1   1   1   0 | His CAT   1   1   1   1   1   1 | Arg CGT   0   0   0   0   0   0
    CTC   0   1   0   0   0   0 |     CCC   1   1   1   1   1   1 |     CAC   1   1   1   1   1   1 |     CGC   4   4   4   4   4   4
    CTA   0   0   0   0   0   0 |     CCA   0   0   0   0   0   0 | Gln CAA   0   0   1   1   1   1 |     CGA   0   0   0   0   0   0
    CTG   3   3   3   3   3   3 |     CCG   1   1   0   0   0   1 |     CAG   2   2   1   1   1   1 |     CGG   3   3   3   3   3   3
--------------------------------------------------------------------------------------------------------------------------------------
Ile ATT   3   3   3   3   3   3 | Thr ACT   0   0   0   0   0   0 | Asn AAT   1   1   1   1   1   1 | Ser AGT   0   0   0   0   0   0
    ATC   4   4   4   4   4   4 |     ACC   3   3   3   3   3   3 |     AAC   1   1   1   1   1   1 |     AGC   1   1   1   1   1   1
    ATA   0   0   0   0   0   0 |     ACA   1   1   1   1   1   1 | Lys AAA   1   1   2   2   2   3 | Arg AGA   2   2   2   2   2   2
Met ATG   1   1   1   1   1   1 |     ACG   1   1   1   1   1   1 |     AAG   9   9   8   8   8   7 |     AGG   0   0   0   0   0   0
--------------------------------------------------------------------------------------------------------------------------------------
Val GTT   1   1   1   1   1   1 | Ala GCT   0   0   0   0   0   0 | Asp GAT   0   0   0   0   0   0 | Gly GGT   1   1   1   1   1   2
    GTC   2   2   2   2   2   2 |     GCC   1   1   1   1   1   1 |     GAC   1   1   1   1   1   1 |     GGC   2   2   2   2   2   1
    GTA   2   1   1   1   1   1 |     GCA   1   1   1   1   1   1 | Glu GAA   1   0   0   0   0   0 |     GGA   0   0   0   0   0   0
    GTG   1   2   2   2   2   2 |     GCG   1   1   1   1   1   1 |     GAG   4   5   5   5   5   5 |     GGG   0   0   0   0   0   0
--------------------------------------------------------------------------------------------------------------------------------------

--------------------------------------------------------------------------------------------------------------------------------------
Phe TTT   0   0   0   0   0   0 | Ser TCT   0   0   0   0   0   0 | Tyr TAT   0   0   1   0   0   0 | Cys TGT   1   0   0   0   0   0
    TTC   1   1   1   1   1   1 |     TCC   1   1   1   1   1   1 |     TAC   2   2   1   2   2   2 |     TGC   0   1   1   1   1   1
Leu TTA   0   0   0   0   0   0 |     TCA   0   0   0   0   0   0 | *** TAA   0   0   0   0   0   0 | *** TGA   0   0   0   0   0   0
    TTG   0   0   0   1   0   0 |     TCG   0   0   0   0   0   0 |     TAG   0   0   0   0   0   0 | Trp TGG   0   0   0   0   0   0
--------------------------------------------------------------------------------------------------------------------------------------
Leu CTT   1   1   0   1   0   1 | Pro CCT   1   0   0   1   0   1 | His CAT   1   1   1   1   1   1 | Arg CGT   0   0   0   0   0   0
    CTC   0   0   1   0   1   0 |     CCC   1   1   1   1   1   1 |     CAC   1   1   1   1   1   1 |     CGC   4   4   4   4   4   4
    CTA   0   0   0   0   0   0 |     CCA   0   0   0   0   0   0 | Gln CAA   1   1   0   1   0   1 |     CGA   0   0   0   0   0   0
    CTG   3   3   3   2   3   3 |     CCG   0   1   1   0   1   0 |     CAG   1   1   2   1   2   1 |     CGG   3   3   3   3   3   3
--------------------------------------------------------------------------------------------------------------------------------------
Ile ATT   3   3   3   3   3   3 | Thr ACT   0   0   0   0   0   0 | Asn AAT   1   1   1   1   1   1 | Ser AGT   0   0   0   1   0   0
    ATC   4   4   4   4   4   4 |     ACC   3   3   3   3   3   3 |     AAC   1   1   1   1   1   1 |     AGC   1   1   1   0   1   1
    ATA   0   0   0   0   0   0 |     ACA   1   1   1   1   1   1 | Lys AAA   2   3   2   2   0   2 | Arg AGA   2   2   2   2   2   2
Met ATG   1   1   1   1   1   1 |     ACG   1   1   1   1   1   1 |     AAG   8   7   8   8  10   8 |     AGG   0   0   0   0   0   0
--------------------------------------------------------------------------------------------------------------------------------------
Val GTT   1   1   1   1   1   1 | Ala GCT   0   0   0   0   0   0 | Asp GAT   0   0   0   0   0   0 | Gly GGT   1   2   1   0   2   1
    GTC   2   2   2   2   2   2 |     GCC   1   1   1   1   1   1 |     GAC   1   1   1   1   1   1 |     GGC   2   1   2   3   1   2
    GTA   1   1   1   1   1   1 |     GCA   1   1   1   1   1   1 | Glu GAA   0   0   0   0   0   0 |     GGA   0   0   0   0   0   0
    GTG   2   2   2   2   2   2 |     GCG   1   1   1   1   1   1 |     GAG   5   5   5   5   5   5 |     GGG   0   0   0   0   0   0
--------------------------------------------------------------------------------------------------------------------------------------

--------------------------------------------------------------------------------------------------------------------------------------
Phe TTT   0   0   0   0   0   0 | Ser TCT   0   0   0   0   0   0 | Tyr TAT   0   0   0   0   0   0 | Cys TGT   0   0   0   0   0   0
    TTC   1   1   1   1   1   1 |     TCC   1   1   1   1   1   1 |     TAC   2   2   2   2   2   2 |     TGC   1   1   1   1   1   1
Leu TTA   0   0   0   0   0   0 |     TCA   0   0   0   0   0   0 | *** TAA   0   0   0   0   0   0 | *** TGA   0   0   0   0   0   0
    TTG   0   0   0   0   0   0 |     TCG   0   0   0   0   0   0 |     TAG   0   0   0   0   0   0 | Trp TGG   0   0   0   0   0   0
--------------------------------------------------------------------------------------------------------------------------------------
Leu CTT   1   1   1   1   1   0 | Pro CCT   1   0   1   1   1   0 | His CAT   1   1   1   1   1   1 | Arg CGT   1   1   0   0   1   0
    CTC   0   0   0   0   0   1 |     CCC   1   1   1   1   1   1 |     CAC   1   1   1   1   1   1 |     CGC   3   4   3   4   3   4
    CTA   0   0   0   0   0   0 |     CCA   0   0   0   0   0   0 | Gln CAA   1   1   1   1   1   0 |     CGA   0   0   0   0   0   0
    CTG   3   3   3   3   3   3 |     CCG   0   1   0   0   0   1 |     CAG   1   1   1   1   1   2 |     CGG   3   2   3   3   3   3
--------------------------------------------------------------------------------------------------------------------------------------
Ile ATT   3   3   3   3   3   3 | Thr ACT   0   0   0   0   0   0 | Asn AAT   1   1   1   1   1   1 | Ser AGT   0   0   0   0   0   0
    ATC   4   4   4   4   4   4 |     ACC   3   2   3   2   3   3 |     AAC   1   1   1   1   1   1 |     AGC   1   1   1   1   1   1
    ATA   0   0   0   0   0   0 |     ACA   1   1   1   1   1   1 | Lys AAA   2   2   2   2   2   1 | Arg AGA   2   2   2   2   2   2
Met ATG   1   1   1   1   1   1 |     ACG   1   2   1   2   1   1 |     AAG   8   8   8   8   8   9 |     AGG   0   0   0   0   0   0
--------------------------------------------------------------------------------------------------------------------------------------
Val GTT   1   1   1   1   1   1 | Ala GCT   0   0   0   0   0   0 | Asp GAT   1   0   0   0   0   0 | Gly GGT   1   1   1   1   1   1
    GTC   2   2   2   2   2   2 |     GCC   1   1   1   1   1   1 |     GAC   0   1   1   1   1   1 |     GGC   2   2   3   2   2   2
    GTA   1   1   1   1   1   1 |     GCA   1   1   1   1   1   1 | Glu GAA   0   0   0   0   0   0 |     GGA   0   0   0   0   0   0
    GTG   2   2   2   2   2   2 |     GCG   1   1   1   1   1   1 |     GAG   5   5   5   5   5   5 |     GGG   0   0   0   0   0   0
--------------------------------------------------------------------------------------------------------------------------------------

--------------------------------------------------------------------------------------------------------------------------------------
Phe TTT   0   0   0   0   0   0 | Ser TCT   0   0   0   0   0   0 | Tyr TAT   0   0   1   0   0   0 | Cys TGT   0   0   0   0   0   0
    TTC   1   1   1   1   1   1 |     TCC   1   1   1   1   1   1 |     TAC   2   2   1   2   2   2 |     TGC   1   1   1   1   1   1
Leu TTA   0   0   0   0   0   0 |     TCA   0   0   0   0   0   0 | *** TAA   0   0   0   0   0   0 | *** TGA   0   0   0   0   0   0
    TTG   0   0   0   0   0   0 |     TCG   0   0   0   0   0   0 |     TAG   0   0   0   0   0   0 | Trp TGG   0   0   0   0   0   0
--------------------------------------------------------------------------------------------------------------------------------------
Leu CTT   1   1   0   0   1   1 | Pro CCT   0   1   0   0   0   1 | His CAT   1   1   1   1   1   1 | Arg CGT   0   0   0   0   1   1
    CTC   0   0   1   1   0   0 |     CCC   1   1   1   1   1   1 |     CAC   1   1   1   1   1   1 |     CGC   4   4   4   4   4   3
    CTA   0   0   0   0   0   0 |     CCA   0   0   0   0   0   0 | Gln CAA   0   1   0   0   1   1 |     CGA   0   0   0   0   0   0
    CTG   3   3   3   3   3   3 |     CCG   1   0   1   1   1   0 |     CAG   2   1   2   2   1   1 |     CGG   3   3   3   3   2   3
--------------------------------------------------------------------------------------------------------------------------------------
Ile ATT   3   3   3   3   3   2 | Thr ACT   0   0   0   0   0   0 | Asn AAT   1   1   1   1   1   1 | Ser AGT   0   0   0   0   0   0
    ATC   4   4   4   4   4   5 |     ACC   3   3   3   3   2   3 |     AAC   1   1   1   1   1   1 |     AGC   1   1   1   1   1   1
    ATA   0   0   0   0   0   0 |     ACA   1   1   1   1   1   1 | Lys AAA   1   2   2   1   2   3 | Arg AGA   2   2   2   2   2   2
Met ATG   1   1   1   1   1   1 |     ACG   1   1   1   1   2   1 |     AAG   9   8   8   9   8   7 |     AGG   0   0   0   0   0   0
--------------------------------------------------------------------------------------------------------------------------------------
Val GTT   1   1   1   1   1   1 | Ala GCT   0   0   0   0   0   0 | Asp GAT   0   0   0   0   0   0 | Gly GGT   1   1   1   1   1   1
    GTC   2   2   2   2   2   2 |     GCC   1   1   1   1   1   1 |     GAC   1   1   1   1   1   1 |     GGC   2   2   2   2   2   2
    GTA   2   1   1   1   1   1 |     GCA   1   1   1   1   1   1 | Glu GAA   0   0   0   0   0   1 |     GGA   0   0   0   0   0   0
    GTG   1   2   2   2   2   2 |     GCG   1   1   1   1   1   1 |     GAG   5   5   5   5   5   4 |     GGG   0   0   0   0   0   0
--------------------------------------------------------------------------------------------------------------------------------------

--------------------------------------------------------------------------------------------------------------------------------------
Phe TTT   0   0   0   0   0   0 | Ser TCT   0   0   0   0   0   0 | Tyr TAT   0   0   1   0   0   0 | Cys TGT   0   0   0   0   0   0
    TTC   1   1   1   1   1   1 |     TCC   1   1   1   1   1   1 |     TAC   2   2   1   2   2   2 |     TGC   2   1   1   1   1   1
Leu TTA   0   0   0   0   0   0 |     TCA   0   0   0   0   0   0 | *** TAA   0   0   0   0   0   0 | *** TGA   0   0   0   0   0   0
    TTG   0   0   0   0   0   0 |     TCG   0   0   0   0   0   0 |     TAG   0   0   0   0   0   0 | Trp TGG   2   0   0   0   0   0
--------------------------------------------------------------------------------------------------------------------------------------
Leu CTT   0   1   1   0   1   1 | Pro CCT   0   1   1   0   0   0 | His CAT   2   1   1   1   1   1 | Arg CGT   0   0   0   0   0   0
    CTC   0   0   0   1   0   0 |     CCC   1   1   1   1   1   1 |     CAC   1   1   1   1   1   1 |     CGC   3   4   4   4   4   4
    CTA   0   0   0   0   0   0 |     CCA   1   0   0   0   0   0 | Gln CAA   1   1   1   0   1   1 |     CGA   0   0   0   0   0   0
    CTG   3   3   3   3   3   3 |     CCG   0   0   0   1   1   1 |     CAG   2   1   1   2   1   1 |     CGG   0   3   3   3   3   3
--------------------------------------------------------------------------------------------------------------------------------------
Ile ATT   3   3   3   3   3   3 | Thr ACT   0   0   0   0   0   0 | Asn AAT   1   1   1   1   1   1 | Ser AGT   0   0   0   0   0   0
    ATC   4   4   4   4   4   4 |     ACC   3   3   3   3   3   3 |     AAC   1   1   1   1   1   1 |     AGC   1   1   1   1   1   1
    ATA   0   0   0   0   0   0 |     ACA   2   1   1   1   1   1 | Lys AAA   3   2   2   2   3   3 | Arg AGA   2   2   2   2   2   2
Met ATG   1   1   1   1   1   1 |     ACG   1   1   1   1   1   1 |     AAG   7   8   8   8   7   7 |     AGG   0   0   0   0   0   0
--------------------------------------------------------------------------------------------------------------------------------------
Val GTT   1   1   1   1   1   1 | Ala GCT   0   0   0   0   0   0 | Asp GAT   0   0   0   0   0   0 | Gly GGT   1   1   1   1   2   2
    GTC   2   2   2   2   2   2 |     GCC   1   1   1   1   1   1 |     GAC   1   1   1   1   1   1 |     GGC   2   2   2   2   1   1
    GTA   1   1   1   1   1   1 |     GCA   0   1   1   1   1   1 | Glu GAA   0   0   0   0   0   0 |     GGA   0   0   0   0   0   0
    GTG   3   2   2   2   2   2 |     GCG   0   1   1   1   1   1 |     GAG   5   5   5   5   5   5 |     GGG   0   0   0   0   0   0
--------------------------------------------------------------------------------------------------------------------------------------

Codon position x base (3x4) table for each sequence.

#1: Argali         
position  1:    T:0.07353    C:0.25000    A:0.41176    G:0.26471
position  2:    T:0.27941    C:0.16176    A:0.35294    G:0.20588
position  3:    T:0.13235    C:0.38235    A:0.11765    G:0.36765
Average         T:0.16176    C:0.26471    A:0.29412    G:0.27941

#2: LesserMouseDeer
position  1:    T:0.08824    C:0.23529    A:0.45588    G:0.22059
position  2:    T:0.29412    C:0.14706    A:0.36765    G:0.19118
position  3:    T:0.07353    C:0.44118    A:0.05882    G:0.42647
Average         T:0.15196    C:0.27451    A:0.29412    G:0.27941

#3: LesserKudu     
position  1:    T:0.07353    C:0.25000    A:0.41176    G:0.26471
position  2:    T:0.27941    C:0.16176    A:0.35294    G:0.20588
position  3:    T:0.13235    C:0.36765    A:0.13235    G:0.36765
Average         T:0.16176    C:0.25980    A:0.29902    G:0.27941

#4: ForestMuskDeer2
position  1:    T:0.07353    C:0.25000    A:0.41176    G:0.26471
position  2:    T:0.27941    C:0.16176    A:0.35294    G:0.20588
position  3:    T:0.10294    C:0.39706    A:0.10294    G:0.39706
Average         T:0.15196    C:0.26961    A:0.28922    G:0.28922

#5: Camel          
position  1:    T:0.07353    C:0.25000    A:0.41176    G:0.26471
position  2:    T:0.27941    C:0.16176    A:0.35294    G:0.20588
position  3:    T:0.07353    C:0.44118    A:0.11765    G:0.36765
Average         T:0.14216    C:0.28431    A:0.29412    G:0.27941

#6: KillerWhale    
position  1:    T:0.07353    C:0.25000    A:0.41176    G:0.26471
position  2:    T:0.27941    C:0.16176    A:0.35294    G:0.20588
position  3:    T:0.11765    C:0.39706    A:0.08824    G:0.39706
Average         T:0.15686    C:0.26961    A:0.28431    G:0.28922

#7: DefassaWaterbuck
position  1:    T:0.07353    C:0.25000    A:0.41176    G:0.26471
position  2:    T:0.27941    C:0.16176    A:0.35294    G:0.20588
position  3:    T:0.13235    C:0.36765    A:0.11765    G:0.38235
Average         T:0.16176    C:0.25980    A:0.29412    G:0.28431

#8: Sheep          
position  1:    T:0.07353    C:0.25000    A:0.41176    G:0.26471
position  2:    T:0.27941    C:0.16176    A:0.35294    G:0.20588
position  3:    T:0.13235    C:0.38235    A:0.11765    G:0.36765
Average         T:0.16176    C:0.26471    A:0.29412    G:0.27941

#9: MaxwellsDuiker 
position  1:    T:0.07353    C:0.25000    A:0.41176    G:0.26471
position  2:    T:0.27941    C:0.16176    A:0.35294    G:0.20588
position  3:    T:0.14706    C:0.35294    A:0.11765    G:0.38235
Average         T:0.16667    C:0.25490    A:0.29412    G:0.28431

#10: GazellaPrzewalskyi
position  1:    T:0.07353    C:0.25000    A:0.41176    G:0.26471
position  2:    T:0.27941    C:0.16176    A:0.35294    G:0.20588
position  3:    T:0.13235    C:0.38235    A:0.11765    G:0.36765
Average         T:0.16176    C:0.26471    A:0.29412    G:0.27941

#11: MountainNyala  
position  1:    T:0.07353    C:0.25000    A:0.41176    G:0.26471
position  2:    T:0.27941    C:0.16176    A:0.35294    G:0.20588
position  3:    T:0.14706    C:0.35294    A:0.13235    G:0.36765
Average         T:0.16667    C:0.25490    A:0.29902    G:0.27941

#12: MuntiacusMuntjak
position  1:    T:0.07353    C:0.25000    A:0.41176    G:0.26471
position  2:    T:0.27941    C:0.16176    A:0.35294    G:0.20588
position  3:    T:0.11765    C:0.38235    A:0.10294    G:0.39706
Average         T:0.15686    C:0.26471    A:0.28922    G:0.28922

#13: goat           
position  1:    T:0.07353    C:0.25000    A:0.41176    G:0.26471
position  2:    T:0.27941    C:0.16176    A:0.35294    G:0.20588
position  3:    T:0.13235    C:0.38235    A:0.11765    G:0.36765
Average         T:0.16176    C:0.26471    A:0.29412    G:0.27941

#14: AfricanBuffalo 
position  1:    T:0.07353    C:0.25000    A:0.41176    G:0.26471
position  2:    T:0.27941    C:0.16176    A:0.35294    G:0.20588
position  3:    T:0.13235    C:0.39706    A:0.11765    G:0.35294
Average         T:0.16176    C:0.26961    A:0.29412    G:0.27451

#15: Topi           
position  1:    T:0.07353    C:0.25000    A:0.41176    G:0.26471
position  2:    T:0.27941    C:0.16176    A:0.35294    G:0.20588
position  3:    T:0.13235    C:0.38235    A:0.11765    G:0.36765
Average         T:0.16176    C:0.26471    A:0.29412    G:0.27941

#16: CommonDuiker   
position  1:    T:0.07353    C:0.25000    A:0.41176    G:0.26471
position  2:    T:0.27941    C:0.16176    A:0.35294    G:0.20588
position  3:    T:0.14706    C:0.36765    A:0.11765    G:0.36765
Average         T:0.16667    C:0.25980    A:0.29412    G:0.27941

#17: Suni           
position  1:    T:0.07353    C:0.25000    A:0.41176    G:0.26471
position  2:    T:0.27941    C:0.16176    A:0.35294    G:0.20588
position  3:    T:0.13235    C:0.38235    A:0.11765    G:0.36765
Average         T:0.16176    C:0.26471    A:0.29412    G:0.27941

#18: Springbuck     
position  1:    T:0.07353    C:0.25000    A:0.41176    G:0.26471
position  2:    T:0.27941    C:0.16176    A:0.35294    G:0.20588
position  3:    T:0.14706    C:0.36765    A:0.11765    G:0.36765
Average         T:0.16667    C:0.25980    A:0.29412    G:0.27941

#19: Okapi          
position  1:    T:0.07353    C:0.25000    A:0.41176    G:0.26471
position  2:    T:0.27941    C:0.16176    A:0.35294    G:0.20588
position  3:    T:0.13235    C:0.36765    A:0.11765    G:0.38235
Average         T:0.16176    C:0.25980    A:0.29412    G:0.28431

#20: Giraffe        
position  1:    T:0.07353    C:0.25000    A:0.41176    G:0.26471
position  2:    T:0.27941    C:0.16176    A:0.35294    G:0.20588
position  3:    T:0.11765    C:0.38235    A:0.11765    G:0.38235
Average         T:0.15686    C:0.26471    A:0.29412    G:0.28431

#21: TibetanAntelope
position  1:    T:0.07353    C:0.25000    A:0.41176    G:0.26471
position  2:    T:0.27941    C:0.16176    A:0.35294    G:0.20588
position  3:    T:0.13235    C:0.38235    A:0.11765    G:0.36765
Average         T:0.16176    C:0.26471    A:0.29412    G:0.27941

#22: Sitatunga      
position  1:    T:0.07353    C:0.25000    A:0.41176    G:0.26471
position  2:    T:0.27941    C:0.16176    A:0.35294    G:0.20588
position  3:    T:0.14706    C:0.36765    A:0.11765    G:0.36765
Average         T:0.16667    C:0.25980    A:0.29412    G:0.27941

#23: Oribi          
position  1:    T:0.07353    C:0.25000    A:0.41176    G:0.26471
position  2:    T:0.27941    C:0.16176    A:0.35294    G:0.20588
position  3:    T:0.13235    C:0.38235    A:0.10294    G:0.38235
Average         T:0.16176    C:0.26471    A:0.28922    G:0.28431

#24: BarbarySheep   
position  1:    T:0.07353    C:0.25000    A:0.41176    G:0.26471
position  2:    T:0.27941    C:0.16176    A:0.35294    G:0.20588
position  3:    T:0.13235    C:0.38235    A:0.11765    G:0.36765
Average         T:0.16176    C:0.26471    A:0.29412    G:0.27941

#25: Daviddeer      
position  1:    T:0.07353    C:0.25000    A:0.41176    G:0.26471
position  2:    T:0.27941    C:0.16176    A:0.35294    G:0.20588
position  3:    T:0.11765    C:0.38235    A:0.11765    G:0.38235
Average         T:0.15686    C:0.26471    A:0.29412    G:0.28431

#26: Reindeer       
position  1:    T:0.07353    C:0.25000    A:0.41176    G:0.26471
position  2:    T:0.27941    C:0.16176    A:0.35294    G:0.20588
position  3:    T:0.10294    C:0.39706    A:0.08824    G:0.41176
Average         T:0.15196    C:0.26961    A:0.28431    G:0.29412

#27: Ibex           
position  1:    T:0.07353    C:0.25000    A:0.41176    G:0.26471
position  2:    T:0.27941    C:0.16176    A:0.35294    G:0.20588
position  3:    T:0.13235    C:0.38235    A:0.11765    G:0.36765
Average         T:0.16176    C:0.26471    A:0.29412    G:0.27941

#28: GyrantGazelle  
position  1:    T:0.07353    C:0.25000    A:0.41176    G:0.26471
position  2:    T:0.27941    C:0.16176    A:0.35294    G:0.20588
position  3:    T:0.13235    C:0.38235    A:0.11765    G:0.36765
Average         T:0.16176    C:0.26471    A:0.29412    G:0.27941

#29: Hartebeest     
position  1:    T:0.07353    C:0.25000    A:0.41176    G:0.26471
position  2:    T:0.27941    C:0.16176    A:0.35294    G:0.20588
position  3:    T:0.13235    C:0.38235    A:0.11765    G:0.36765
Average         T:0.16176    C:0.26471    A:0.29412    G:0.27941

#30: Bongo          
position  1:    T:0.07353    C:0.25000    A:0.41176    G:0.26471
position  2:    T:0.27941    C:0.16176    A:0.35294    G:0.20588
position  3:    T:0.13235    C:0.36765    A:0.13235    G:0.36765
Average         T:0.16176    C:0.25980    A:0.29902    G:0.27941

#31: Gerenuk        
position  1:    T:0.07353    C:0.25000    A:0.41176    G:0.26471
position  2:    T:0.27941    C:0.16176    A:0.35294    G:0.20588
position  3:    T:0.14706    C:0.36765    A:0.11765    G:0.36765
Average         T:0.16667    C:0.25980    A:0.29412    G:0.27941

#32: CommonEland    
position  1:    T:0.07353    C:0.25000    A:0.41176    G:0.26471
position  2:    T:0.27941    C:0.16176    A:0.35294    G:0.20588
position  3:    T:0.13235    C:0.36765    A:0.13235    G:0.36765
Average         T:0.16176    C:0.25980    A:0.29902    G:0.27941

#33: MuntiacusReevesi
position  1:    T:0.07353    C:0.25000    A:0.41176    G:0.26471
position  2:    T:0.27941    C:0.16176    A:0.35294    G:0.20588
position  3:    T:0.11765    C:0.38235    A:0.10294    G:0.39706
Average         T:0.15686    C:0.26471    A:0.28922    G:0.28922

#34: HarveysDuiker  
position  1:    T:0.08824    C:0.23529    A:0.41176    G:0.26471
position  2:    T:0.27941    C:0.16176    A:0.35294    G:0.20588
position  3:    T:0.13235    C:0.38235    A:0.11765    G:0.36765
Average         T:0.16667    C:0.25980    A:0.29412    G:0.27941

#35: Pronghorn      
position  1:    T:0.07353    C:0.25000    A:0.41176    G:0.26471
position  2:    T:0.27941    C:0.16176    A:0.35294    G:0.20588
position  3:    T:0.11765    C:0.38235    A:0.07353    G:0.42647
Average         T:0.15686    C:0.26471    A:0.27941    G:0.29902

#36: BlueWildebeest 
position  1:    T:0.07353    C:0.25000    A:0.41176    G:0.26471
position  2:    T:0.27941    C:0.16176    A:0.35294    G:0.20588
position  3:    T:0.13235    C:0.38235    A:0.11765    G:0.36765
Average         T:0.16176    C:0.26471    A:0.29412    G:0.27941

#37: Gemsbok        
position  1:    T:0.07353    C:0.25000    A:0.41176    G:0.26471
position  2:    T:0.27941    C:0.16176    A:0.35294    G:0.20588
position  3:    T:0.16176    C:0.35294    A:0.11765    G:0.36765
Average         T:0.17157    C:0.25490    A:0.29412    G:0.27941

#38: Yak            
position  1:    T:0.07353    C:0.25000    A:0.41176    G:0.26471
position  2:    T:0.27941    C:0.16176    A:0.35294    G:0.20588
position  3:    T:0.13235    C:0.36765    A:0.11765    G:0.38235
Average         T:0.16176    C:0.25980    A:0.29412    G:0.28431

#39: BlueSheep      
position  1:    T:0.07353    C:0.23529    A:0.41176    G:0.27941
position  2:    T:0.27941    C:0.16176    A:0.35294    G:0.20588
position  3:    T:0.13235    C:0.38235    A:0.11765    G:0.36765
Average         T:0.16176    C:0.25980    A:0.29412    G:0.28431

#40: BohorReedbuck  
position  1:    T:0.07353    C:0.25000    A:0.41176    G:0.26471
position  2:    T:0.27941    C:0.16176    A:0.35294    G:0.20588
position  3:    T:0.13235    C:0.36765    A:0.11765    G:0.38235
Average         T:0.16176    C:0.25980    A:0.29412    G:0.28431

#41: KirksDik       
position  1:    T:0.07353    C:0.25000    A:0.41176    G:0.26471
position  2:    T:0.27941    C:0.16176    A:0.35294    G:0.20588
position  3:    T:0.14706    C:0.36765    A:0.11765    G:0.36765
Average         T:0.16667    C:0.25980    A:0.29412    G:0.27941

#42: RoeDeer        
position  1:    T:0.07353    C:0.25000    A:0.41176    G:0.26471
position  2:    T:0.27941    C:0.16176    A:0.35294    G:0.20588
position  3:    T:0.10294    C:0.39706    A:0.08824    G:0.41176
Average         T:0.15196    C:0.26961    A:0.28431    G:0.29412

#43: WhiteLippedDeer
position  1:    T:0.07353    C:0.25000    A:0.41176    G:0.26471
position  2:    T:0.27941    C:0.16176    A:0.35294    G:0.20588
position  3:    T:0.11765    C:0.38235    A:0.10294    G:0.39706
Average         T:0.15686    C:0.26471    A:0.28922    G:0.28922

#44: ThomsonGazelle 
position  1:    T:0.07353    C:0.25000    A:0.41176    G:0.26471
position  2:    T:0.27941    C:0.16176    A:0.35294    G:0.20588
position  3:    T:0.13235    C:0.38235    A:0.11765    G:0.36765
Average         T:0.16176    C:0.26471    A:0.29412    G:0.27941

#45: MuntiacusCrinifrons
position  1:    T:0.07353    C:0.25000    A:0.41176    G:0.26471
position  2:    T:0.27941    C:0.16176    A:0.35294    G:0.20588
position  3:    T:0.11765    C:0.38235    A:0.10294    G:0.39706
Average         T:0.15686    C:0.26471    A:0.28922    G:0.28922

#46: WhiteTailedDeer
position  1:    T:0.07353    C:0.25000    A:0.41176    G:0.26471
position  2:    T:0.27941    C:0.16176    A:0.35294    G:0.20588
position  3:    T:0.10294    C:0.39706    A:0.08824    G:0.41176
Average         T:0.15196    C:0.26961    A:0.28431    G:0.29412

#47: Cattle         
position  1:    T:0.07353    C:0.25000    A:0.41176    G:0.26471
position  2:    T:0.27941    C:0.16176    A:0.35294    G:0.20588
position  3:    T:0.13235    C:0.36765    A:0.11765    G:0.38235
Average         T:0.16176    C:0.25980    A:0.29412    G:0.28431

#48: RoyalAntelope  
position  1:    T:0.07353    C:0.25000    A:0.41176    G:0.26471
position  2:    T:0.27941    C:0.16176    A:0.35294    G:0.20588
position  3:    T:0.13235    C:0.38235    A:0.14706    G:0.33824
Average         T:0.16176    C:0.26471    A:0.30392    G:0.26961

#49: Steenbok       
position  1:    T:0.11765    C:0.20588    A:0.42647    G:0.25000
position  2:    T:0.27941    C:0.14706    A:0.38235    G:0.19118
position  3:    T:0.11765    C:0.38235    A:0.14706    G:0.35294
Average         T:0.17157    C:0.24510    A:0.31863    G:0.26471

#50: Impala         
position  1:    T:0.07353    C:0.25000    A:0.41176    G:0.26471
position  2:    T:0.27941    C:0.16176    A:0.35294    G:0.20588
position  3:    T:0.13235    C:0.38235    A:0.11765    G:0.36765
Average         T:0.16176    C:0.26471    A:0.29412    G:0.27941

#51: Klipspringer   
position  1:    T:0.07353    C:0.25000    A:0.41176    G:0.26471
position  2:    T:0.27941    C:0.16176    A:0.35294    G:0.20588
