1
52 1
Argali 0.000000 0.397200 0.131400 0.296100 0.091500 0.000000 0.073900 0.109600 0.095500 0.132600 0.072500 0.111600 0.092100 0.017700 0.073100 0.109700 0.207200 0.132600 0.071600 0.073800 0.075300 0.036300 0.134400 0.177800 0.072800 0.073200 0.074100 0.094300 0.125000 0.055700 0.133000 0.053700 0.201400 0.074600 0.109900 0.161200 0.017400 0.091500 0.088800 0.113700 0.176300 0.053900 0.131500 0.151000 0.180200 0.073400 0.091500 0.093800 0.054600 0.149200 0.133600 0.095400
LesserMous 0.397200 0.000000 0.291000 0.316100 0.312100 0.397200 0.373100 0.366500 0.358000 0.351300 0.400100 0.319400 0.261500 0.368900 0.344900 0.334900 0.301300 0.293400 0.390500 0.348400 0.298700 0.348300 0.357200 0.357200 0.400800 0.370300 0.292700 0.353800 0.377600 0.326900 0.352000 0.365900 0.429700 0.292700 0.422500 0.429500 0.419900 0.312100 0.333500 0.352700 0.382700 0.370500 0.347400 0.315700 0.427200 0.344500 0.312100 0.297000 0.327600 0.449900 0.352400 0.358100
LesserKudu 0.131400 0.291000 0.000000 0.274400 0.111500 0.131400 0.175300 0.170900 0.095800 0.154800 0.131800 0.093200 0.112400 0.111700 0.132900 0.129800 0.147500 0.114100 0.129600 0.093500 0.136500 0.093700 0.156900 0.157400 0.131900 0.132900 0.134700 0.094700 0.144900 0.075300 0.155200 0.151200 0.224500 0.134700 0.171400 0.143400 0.149600 0.111500 0.108600 0.135500 0.200400 0.111900 0.153600 0.131800 0.162100 0.132500 0.111500 0.155500 0.114500 0.170600 0.134000 0.095700
KillerWhal 0.296100 0.316100 0.274400 0.000000 0.271000 0.296100 0.246900 0.291700 0.284400 0.276300 0.298000 0.204100 0.225400 0.271700 0.249700 0.245300 0.217600 0.204800 0.291900 0.206700 0.208100 0.252600 0.280100 0.333900 0.298400 0.249900 0.253200 0.232900 0.307300 0.233200 0.276800 0.269600 0.302400 0.253200 0.318900 0.303500 0.316800 0.271000 0.264100 0.254900 0.331300 0.273000 0.273600 0.296100 0.302100 0.250300 0.271000 0.250900 0.231900 0.293600 0.302900 0.284400
DefassaWat 0.091500 0.312100 0.111500 0.271000 0.000000 0.091500 0.093400 0.090500 0.095800 0.112500 0.091700 0.092100 0.073000 0.072800 0.054700 0.053100 0.145600 0.112600 0.090600 0.093400 0.055900 0.054800 0.114000 0.114400 0.092200 0.092600 0.055100 0.094700 0.106100 0.075200 0.112800 0.072300 0.181200 0.055100 0.109800 0.181500 0.109400 0.000000 0.107900 0.093800 0.155200 0.072800 0.111600 0.091300 0.200700 0.054600 0.035500 0.074300 0.037000 0.170000 0.133900 0.095700
Sheep 0.000000 0.397200 0.131400 0.296100 0.091500 0.000000 0.073900 0.109600 0.095500 0.132600 0.072500 0.111600 0.092100 0.017700 0.073100 0.109700 0.207200 0.132600 0.071600 0.073800 0.075300 0.036100 0.134400 0.177800 0.072800 0.073200 0.074100 0.094300 0.125000 0.055700 0.133000 0.053700 0.201400 0.074600 0.109900 0.161200 0.017300 0.091500 0.088800 0.113700 0.176300 0.053900 0.131500 0.151000 0.180200 0.073400 0.091500 0.093800 0.054600 0.149200 0.133600 0.095400
MaxwellsDu 0.073900 0.373100 0.175300 0.246900 0.093400 0.073900 0.000000 0.073300 0.138200 0.135600 0.074300 0.114000 0.093900 0.054900 0.074600 0.111800 0.211500 0.135700 0.073200 0.114700 0.076500 0.075300 0.137500 0.181400 0.074300 0.074900 0.075700 0.136700 0.167600 0.096200 0.135800 0.054500 0.165200 0.075700 0.092500 0.165400 0.054300 0.093400 0.091000 0.116200 0.180900 0.055300 0.134500 0.154200 0.184600 0.074500 0.093400 0.075200 0.056900 0.194000 0.177600 0.138200
GazellaPrz 0.109600 0.366500 0.170900 0.291700 0.090500 0.109600 0.073300 0.000000 0.094100 0.091600 0.071700 0.110300 0.072600 0.090800 0.072300 0.108400 0.204900 0.131100 0.071200 0.111800 0.074300 0.072900 0.092800 0.093000 0.072300 0.073200 0.054700 0.133300 0.123900 0.093700 0.091800 0.090200 0.122100 0.054700 0.052700 0.160600 0.089500 0.090500 0.052000 0.112300 0.132600 0.053600 0.090900 0.109500 0.179300 0.072600 0.090500 0.054400 0.055300 0.147400 0.092100 0.134800
MountainNy 0.095500 0.358000 0.095800 0.284400 0.095800 0.095500 0.138200 0.094100 0.000000 0.117900 0.095700 0.096500 0.116000 0.075700 0.096400 0.114600 0.173600 0.117700 0.093900 0.057100 0.099200 0.057200 0.119500 0.099300 0.095800 0.096600 0.097700 0.037900 0.130400 0.038400 0.118400 0.115200 0.188800 0.097700 0.094300 0.147700 0.114000 0.095800 0.112000 0.098300 0.162100 0.075800 0.116800 0.116400 0.167200 0.096100 0.095800 0.118500 0.076500 0.094100 0.037500 0.039100
MuntiacusM 0.132600 0.351300 0.154800 0.276300 0.112500 0.132600 0.135600 0.091600 0.117900 0.000000 0.132700 0.093800 0.094100 0.113000 0.093700 0.111500 0.189500 0.094900 0.131200 0.095100 0.096500 0.095200 0.037300 0.076400 0.133300 0.134100 0.075700 0.116600 0.146500 0.076600 0.037300 0.112200 0.144200 0.075700 0.151500 0.184500 0.150900 0.112500 0.109200 0.056300 0.076000 0.112900 0.037000 0.054900 0.204000 0.094100 0.112500 0.075300 0.076600 0.152500 0.115200 0.117900
goat 0.072500 0.400100 0.131800 0.298000 0.091700 0.072500 0.074300 0.071700 0.095700 0.132700 0.000000 0.112500 0.092400 0.054100 0.073300 0.109900 0.208000 0.132900 0.035300 0.074000 0.075400 0.036200 0.134400 0.177800 0.000100 0.036100 0.074400 0.094500 0.125400 0.055800 0.133000 0.091400 0.162400 0.074200 0.072200 0.123600 0.053600 0.091700 0.052800 0.113700 0.176500 0.017800 0.131600 0.151100 0.142000 0.073600 0.091700 0.094000 0.054700 0.149600 0.133900 0.095600
AfricanBuf 0.111600 0.319400 0.093200 0.204100 0.092100 0.111600 0.114000 0.110300 0.096500 0.093800 0.112500 0.000000 0.092900 0.092500 0.073700 0.110400 0.167600 0.093900 0.110600 0.036800 0.075800 0.074300 0.095100 0.136500 0.112500 0.112900 0.074700 0.056300 0.165400 0.056400 0.094000 0.091800 0.163000 0.074700 0.130100 0.124400 0.129700 0.092100 0.127900 0.075100 0.136000 0.092400 0.093100 0.112000 0.142800 0.074000 0.092100 0.094500 0.056400 0.150900 0.134900 0.096500
Topi 0.092100 0.261500 0.112400 0.225400 0.073000 0.092100 0.093900 0.072600 0.116000 0.094100 0.092400 0.092900 0.000000 0.073100 0.054800 0.091200 0.147600 0.074400 0.090900 0.093700 0.056100 0.055200 0.095400 0.136900 0.092500 0.093200 0.018000 0.114800 0.126800 0.075400 0.094200 0.072600 0.163600 0.018000 0.110500 0.183100 0.110100 0.073000 0.053200 0.094500 0.136500 0.073300 0.093300 0.112300 0.202300 0.054800 0.073000 0.055700 0.037100 0.170300 0.134600 0.116000
CommonDuik 0.017700 0.368900 0.111700 0.271700 0.072800 0.017700 0.054900 0.090800 0.075700 0.113000 0.054100 0.092500 0.073100 0.000000 0.054600 0.090900 0.187300 0.113100 0.053200 0.054900 0.056000 0.018000 0.114500 0.157000 0.054100 0.054600 0.055300 0.074800 0.106600 0.036800 0.113300 0.035500 0.182000 0.055300 0.091000 0.142500 0.035100 0.072800 0.070700 0.094200 0.155900 0.035700 0.112100 0.131300 0.161100 0.054600 0.072800 0.074100 0.033500 0.129300 0.113400 0.075600
Suni 0.073100 0.344900 0.132900 0.249700 0.054700 0.073100 0.074600 0.072300 0.096400 0.093700 0.073300 0.073700 0.054800 0.054600 0.000000 0.072900 0.128000 0.093800 0.072400 0.074700 0.037300 0.036500 0.095000 0.136400 0.073600 0.073900 0.036700 0.095300 0.126300 0.056400 0.093900 0.054100 0.124500 0.036700 0.053900 0.163100 0.091000 0.054300 0.089800 0.037300 0.135900 0.054500 0.093000 0.111900 0.182000 0.036400 0.054300 0.055700 0.018500 0.150700 0.134700 0.096400
Springbuck 0.109700 0.334900 0.129800 0.245300 0.053100 0.109700 0.111800 0.108400 0.114600 0.111500 0.109900 0.110400 0.091200 0.090900 0.072900 0.000000 0.125200 0.091900 0.108600 0.111900 0.074400 0.072900 0.132800 0.133100 0.110400 0.110900 0.073300 0.113300 0.086900 0.093800 0.131300 0.090200 0.160500 0.073300 0.127900 0.160700 0.127500 0.053100 0.125800 0.112300 0.174400 0.090800 0.130100 0.109400 0.179500 0.072600 0.053600 0.092700 0.055300 0.109200 0.152700 0.114500
Okapi 0.207200 0.301300 0.147500 0.217600 0.145600 0.207200 0.211500 0.204900 0.173600 0.189500 0.208000 0.167600 0.147600 0.187300 0.128000 0.125200 0.000000 0.109200 0.165100 0.169700 0.172200 0.168800 0.192000 0.192200 0.209000 0.188700 0.169600 0.171900 0.141000 0.151500 0.189800 0.185900 0.140100 0.169600 0.185300 0.178500 0.225600 0.145600 0.182100 0.130200 0.235800 0.187000 0.148000 0.126900 0.158000 0.168100 0.107400 0.190800 0.151700 0.206700 0.170000 0.173500
Giraffe 0.132600 0.293400 0.114100 0.204800 0.112600 0.132600 0.135700 0.131100 0.117700 0.094900 0.132900 0.093900 0.074400 0.113100 0.093800 0.091900 0.109200 0.000000 0.131300 0.095100 0.096500 0.094600 0.116300 0.158900 0.133600 0.134100 0.095100 0.116500 0.187100 0.076600 0.114800 0.112200 0.184500 0.095100 0.151500 0.184800 0.150900 0.112600 0.109700 0.095600 0.158700 0.112900 0.113800 0.133100 0.204200 0.094200 0.112600 0.115500 0.076600 0.131700 0.156700 0.117700
TibetanAnt 0.071600 0.390500 0.129600 0.291900 0.090600 0.071600 0.073200 0.071200 0.093900 0.131200 0.035300 0.110600 0.090900 0.053200 0.072400 0.108600 0.165100 0.131300 0.000000 0.072800 0.074200 0.035700 0.133000 0.175600 0.035300 0.035600 0.073400 0.092900 0.087100 0.054900 0.131500 0.090000 0.122900 0.073400 0.071300 0.086000 0.052600 0.090600 0.052000 0.112400 0.174700 0.017500 0.091500 0.110200 0.103600 0.072400 0.053500 0.092500 0.052800 0.147100 0.131500 0.093900
Sitatunga 0.073800 0.348400 0.093500 0.206700 0.093400 0.073800 0.114700 0.111800 0.057100 0.095100 0.074000 0.036800 0.093700 0.054900 0.074700 0.111900 0.169700 0.095100 0.072800 0.000000 0.076700 0.036900 0.096400 0.138700 0.074000 0.074700 0.075700 0.018800 0.127400 0.018600 0.095300 0.092800 0.164800 0.075700 0.112100 0.125400 0.091800 0.093400 0.090500 0.076100 0.137600 0.055000 0.094300 0.113600 0.144000 0.074400 0.093400 0.095500 0.054600 0.111700 0.095000 0.057100
Oribi 0.075300 0.298700 0.136500 0.208100 0.055900 0.075300 0.076500 0.074300 0.099200 0.096500 0.075400 0.075800 0.056100 0.056000 0.037300 0.074400 0.172200 0.096500 0.074200 0.076700 0.000000 0.037600 0.097900 0.140800 0.075500 0.076200 0.037800 0.098000 0.129900 0.057900 0.096800 0.055500 0.167200 0.037800 0.093900 0.167400 0.093600 0.055900 0.092300 0.077300 0.140000 0.056100 0.095700 0.115300 0.187000 0.037300 0.055900 0.057200 0.019000 0.154900 0.138600 0.099200
BarbaryShe 0.036300 0.348300 0.093700 0.252600 0.054800 0.036100 0.075300 0.072900 0.057200 0.095200 0.036200 0.074300 0.055200 0.018000 0.036500 0.072900 0.168800 0.094600 0.035700 0.036900 0.037600 0.000000 0.095800 0.137900 0.036300 0.036800 0.037300 0.056500 0.089100 0.018600 0.094800 0.054600 0.163900 0.037000 0.073100 0.124800 0.053900 0.054800 0.053700 0.075700 0.136900 0.018000 0.093800 0.113000 0.143300 0.036700 0.054800 0.056200 0.014500 0.111600 0.095200 0.057200
Daviddeer 0.134400 0.357200 0.156900 0.280100 0.114000 0.134400 0.137500 0.092800 0.119500 0.037300 0.134400 0.095100 0.095400 0.114500 0.095000 0.132800 0.192000 0.116300 0.133000 0.096400 0.097900 0.095800 0.000000 0.077400 0.135000 0.135900 0.076800 0.118100 0.148200 0.077600 0.037300 0.113600 0.146000 0.076800 0.153400 0.186700 0.152900 0.114000 0.110600 0.057100 0.077200 0.114400 0.037000 0.055600 0.206400 0.095400 0.114000 0.076400 0.077700 0.175100 0.116700 0.119500
Reindeer 0.177800 0.357200 0.157400 0.333900 0.114400 0.177800 0.181400 0.093000 0.099300 0.076400 0.177800 0.136500 0.136900 0.157000 0.136400 0.133100 0.192200 0.158900 0.175600 0.138700 0.140800 0.137900 0.077400 0.000000 0.178700 0.179900 0.118100 0.140600 0.148700 0.119700 0.076600 0.155700 0.187000 0.118100 0.153900 0.229900 0.196600 0.114400 0.151300 0.097600 0.118300 0.156800 0.076400 0.055800 0.250700 0.137000 0.114400 0.117600 0.119600 0.175700 0.097000 0.142400
Ibex 0.072800 0.400800 0.131900 0.298400 0.092200 0.072800 0.074300 0.072300 0.095800 0.133300 0.000100 0.112500 0.092500 0.054100 0.073600 0.110400 0.209000 0.133600 0.035300 0.074000 0.075500 0.036300 0.135000 0.178700 0.000000 0.036200 0.074600 0.094600 0.126000 0.055900 0.133600 0.091500 0.163100 0.074600 0.072500 0.124100 0.053500 0.092200 0.052800 0.114200 0.177400 0.017800 0.132200 0.151800 0.142600 0.073600 0.092200 0.094100 0.053700 0.149700 0.134100 0.095700
GyrantGaze 0.073200 0.370300 0.132900 0.249900 0.092600 0.073200 0.074900 0.073200 0.096600 0.134100 0.036100 0.112900 0.093200 0.054600 0.073900 0.110900 0.188700 0.134100 0.035600 0.074700 0.076200 0.036800 0.135900 0.179900 0.036200 0.000000 0.074900 0.095400 0.126400 0.056400 0.134500 0.092300 0.163600 0.074900 0.072400 0.124500 0.053800 0.092600 0.053000 0.115000 0.178400 0.017800 0.133000 0.152700 0.124000 0.074300 0.092600 0.094900 0.055300 0.150900 0.114800 0.096600
Hartebeest 0.074100 0.292700 0.134700 0.253200 0.055100 0.074100 0.075700 0.054700 0.097700 0.075700 0.074400 0.074700 0.018000 0.055300 0.036700 0.073300 0.169600 0.095100 0.073400 0.075700 0.037800 0.037300 0.076800 0.118100 0.074600 0.074900 0.000000 0.096600 0.109200 0.057200 0.075800 0.054900 0.145800 0.000000 0.092500 0.165200 0.092200 0.055100 0.072400 0.076100 0.117600 0.055200 0.075100 0.094100 0.184300 0.036900 0.055100 0.037500 0.018700 0.152700 0.116500 0.097700
Bongo 0.094300 0.353800 0.094700 0.232900 0.094700 0.094300 0.136700 0.133300 0.037900 0.116600 0.094500 0.056300 0.114800 0.074800 0.095300 0.113300 0.171900 0.116500 0.092900 0.018800 0.098000 0.056500 0.118100 0.140600 0.094600 0.095400 0.096600 0.000000 0.129000 0.038700 0.116900 0.113800 0.187000 0.096600 0.133700 0.146400 0.112600 0.094700 0.110900 0.097200 0.160600 0.074900 0.115600 0.115100 0.165600 0.095000 0.094700 0.117100 0.075700 0.133200 0.075600 0.038400
Gerenuk 0.125000 0.377600 0.144900 0.307300 0.106100 0.125000 0.167600 0.123900 0.130400 0.146500 0.125400 0.165400 0.126800 0.106600 0.126300 0.086900 0.141000 0.187100 0.087100 0.127400 0.129900 0.089100 0.148200 0.148700 0.126000 0.126400 0.109200 0.129000 0.000000 0.109800 0.146700 0.144200 0.137900 0.109200 0.163200 0.137800 0.142500 0.106100 0.103500 0.168200 0.189200 0.106500 0.107300 0.087800 0.155900 0.126800 0.069600 0.108600 0.109500 0.163300 0.127800 0.130400
CommonElan 0.055700 0.326900 0.075300 0.233200 0.075200 0.055700 0.096200 0.093700 0.038400 0.076600 0.055800 0.056400 0.075400 0.036800 0.056400 0.093800 0.151500 0.076600 0.054900 0.018600 0.057900 0.018600 0.077600 0.119700 0.055900 0.056400 0.057200 0.038700 0.109800 0.000000 0.076800 0.074700 0.147000 0.057200 0.093900 0.107900 0.073900 0.075200 0.072800 0.057500 0.118700 0.036900 0.075900 0.095300 0.126500 0.057100 0.075200 0.077000 0.034900 0.093600 0.076600 0.038400
MuntiacusR 0.133000 0.352000 0.155200 0.276800 0.112800 0.133000 0.135800 0.091800 0.118400 0.037300 0.133000 0.094000 0.094200 0.113300 0.093900 0.131300 0.189800 0.114800 0.131500 0.095300 0.096800 0.094800 0.037300 0.076600 0.133600 0.134500 0.075800 0.116900 0.146700 0.076800 0.000000 0.112400 0.106400 0.075800 0.151800 0.184700 0.151300 0.112800 0.109400 0.057100 0.076100 0.113200 0.036600 0.055000 0.204200 0.094300 0.112800 0.075500 0.076700 0.173300 0.115700 0.118300
HarveysDui 0.053700 0.365900 0.151200 0.269600 0.072300 0.053700 0.054500 0.090200 0.115200 0.112200 0.091400 0.091800 0.072600 0.035500 0.054100 0.090200 0.185900 0.112200 0.090000 0.092800 0.055500 0.054600 0.113600 0.155700 0.091500 0.092300 0.054900 0.113800 0.144200 0.074700 0.112400 0.000000 0.180800 0.054900 0.109400 0.181100 0.071300 0.072300 0.107600 0.093500 0.154700 0.072500 0.111300 0.130300 0.200300 0.054200 0.072300 0.073700 0.036700 0.169000 0.153500 0.115100
Pronghorn 0.201400 0.429700 0.224500 0.302400 0.181200 0.201400 0.165200 0.122100 0.188800 0.144200 0.162400 0.163000 0.163600 0.182000 0.124500 0.160500 0.140100 0.184500 0.122900 0.164800 0.167200 0.163900 0.146000 0.187000 0.163100 0.163600 0.145800 0.187000 0.137900 0.147000 0.106400 0.180800 0.000000 0.145800 0.141700 0.137100 0.179600 0.181200 0.139100 0.126500 0.186900 0.142900 0.105700 0.123800 0.154900 0.163500 0.142600 0.145100 0.147400 0.201200 0.185200 0.188700
BlueWildeb 0.074600 0.292700 0.134700 0.253200 0.055100 0.074600 0.075700 0.054700 0.097700 0.075700 0.074200 0.074700 0.018000 0.055300 0.036700 0.073300 0.169600 0.095100 0.073400 0.075700 0.037800 0.037000 0.076800 0.118100 0.074600 0.074900 0.000000 0.096600 0.109200 0.057200 0.075800 0.054900 0.145800 0.000000 0.092500 0.165200 0.092200 0.055100 0.072400 0.076100 0.117600 0.055200 0.075100 0.094100 0.184300 0.036900 0.055100 0.037500 0.018700 0.152700 0.116500 0.097700
Gemsbok 0.109900 0.422500 0.171400 0.318900 0.109800 0.109900 0.092500 0.052700 0.094300 0.151500 0.072200 0.130100 0.110500 0.091000 0.053900 0.127900 0.185300 0.151500 0.071300 0.112100 0.093900 0.073100 0.153400 0.153900 0.072500 0.072400 0.092500 0.133700 0.163200 0.093900 0.151800 0.109400 0.141700 0.092500 0.000000 0.161100 0.089700 0.109800 0.088600 0.092900 0.195900 0.053700 0.150300 0.169900 0.180000 0.091700 0.109800 0.112300 0.073100 0.147800 0.132100 0.135200
Yak 0.161200 0.429500 0.143400 0.303500 0.181500 0.161200 0.165400 0.160600 0.147700 0.184500 0.123600 0.124400 0.183100 0.142500 0.163100 0.160700 0.178500 0.184800 0.086000 0.125400 0.167400 0.124800 0.186700 0.229900 0.124100 0.124500 0.165200 0.146400 0.137800 0.107900 0.184700 0.181100 0.137100 0.165200 0.161100 0.000000 0.140600 0.181500 0.139100 0.165800 0.229600 0.104900 0.144100 0.162800 0.016200 0.163700 0.142800 0.185600 0.146700 0.161000 0.185100 0.147700
BlueSheep 0.017400 0.419900 0.149600 0.316800 0.109400 0.017300 0.054300 0.089500 0.114000 0.150900 0.053600 0.129700 0.110100 0.035100 0.091000 0.127500 0.225600 0.150900 0.052600 0.091800 0.093600 0.053900 0.152900 0.196600 0.053500 0.053800 0.092200 0.112600 0.142500 0.073900 0.151300 0.071300 0.179600 0.092200 0.089700 0.140600 0.000000 0.109400 0.069700 0.132000 0.195200 0.035200 0.149700 0.169300 0.159000 0.091400 0.109400 0.112000 0.073100 0.167300 0.152000 0.113900
BohorReedb 0.091500 0.312100 0.111500 0.271000 0.000000 0.091500 0.093400 0.090500 0.095800 0.112500 0.091700 0.092100 0.073000 0.072800 0.054300 0.053100 0.145600 0.112600 0.090600 0.093400 0.055900 0.054800 0.114000 0.114400 0.092200 0.092600 0.055100 0.094700 0.106100 0.075200 0.112800 0.072300 0.181200 0.055100 0.109800 0.181500 0.109400 0.000000 0.107900 0.093800 0.155200 0.072800 0.111600 0.091300 0.200700 0.054600 0.036000 0.074300 0.037000 0.170000 0.133900 0.095700
KirksDik 0.088800 0.333500 0.108600 0.264100 0.107900 0.088800 0.091000 0.052000 0.112000 0.109200 0.052800 0.127900 0.053200 0.070700 0.089800 0.125800 0.182100 0.109700 0.052000 0.090500 0.092300 0.053700 0.110600 0.151300 0.052800 0.053000 0.072400 0.110900 0.103500 0.072800 0.109400 0.107600 0.139100 0.072400 0.088600 0.139100 0.069700 0.107900 0.000000 0.130100 0.150700 0.035000 0.108500 0.127000 0.157200 0.090200 0.107900 0.072100 0.072100 0.164800 0.109800 0.112000
RoeDeer 0.113700 0.352700 0.135500 0.254900 0.093800 0.113700 0.116200 0.112300 0.098300 0.056300 0.113700 0.075100 0.094500 0.094200 0.037300 0.112300 0.130200 0.095600 0.112400 0.076100 0.077300 0.075700 0.057100 0.097600 0.114200 0.115000 0.076100 0.097200 0.168200 0.057500 0.057100 0.093500 0.126500 0.076100 0.092900 0.165800 0.132000 0.093800 0.130100 0.000000 0.097200 0.094100 0.055900 0.074700 0.185100 0.075300 0.093800 0.096300 0.057500 0.153500 0.137400 0.098300
WhiteLippe 0.176300 0.382700 0.200400 0.331300 0.155200 0.176300 0.180900 0.132600 0.162100 0.076000 0.176500 0.136000 0.136500 0.155900 0.135900 0.174400 0.235800 0.158700 0.174700 0.137600 0.140000 0.136900 0.077200 0.118300 0.177400 0.178400 0.117600 0.160600 0.189200 0.118700 0.076100 0.154700 0.186900 0.117600 0.195900 0.229600 0.195200 0.155200 0.150700 0.097200 0.000000 0.155700 0.075500 0.094500 0.249800 0.136500 0.155200 0.117000 0.119000 0.218500 0.158200 0.162200
ThomsonGaz 0.053900 0.370500 0.111900 0.273000 0.072800 0.053900 0.055300 0.053600 0.075800 0.112900 0.017800 0.092400 0.073300 0.035700 0.054500 0.090800 0.187000 0.112900 0.017500 0.055000 0.056100 0.018000 0.114400 0.156800 0.017800 0.017800 0.055200 0.074900 0.106500 0.036900 0.113200 0.072500 0.142900 0.055200 0.053700 0.104900 0.035200 0.072800 0.035000 0.094100 0.155700 0.000000 0.112000 0.131200 0.123000 0.054700 0.073400 0.074500 0.035200 0.129600 0.113600 0.075800
MuntiacusC 0.131500 0.347400 0.153600 0.273600 0.111600 0.131500 0.134500 0.090900 0.116800 0.037000 0.131600 0.093100 0.093300 0.112100 0.093000 0.130100 0.148000 0.113800 0.091500 0.094300 0.095700 0.093800 0.037000 0.076400 0.132200 0.133000 0.075100 0.115600 0.107300 0.075900 0.036600 0.111300 0.105700 0.075100 0.150300 0.144100 0.149700 0.111600 0.108500 0.055900 0.075500 0.112000 0.000000 0.018000 0.162900 0.093400 0.073200 0.074700 0.075900 0.171500 0.114200 0.116800
WhiteTaile 0.151000 0.315700 0.131800 0.296100 0.091300 0.151000 0.154200 0.109500 0.116400 0.054900 0.151100 0.112000 0.112300 0.131300 0.111900 0.109400 0.126900 0.133100 0.110200 0.113600 0.115300 0.113000 0.055600 0.055800 0.151800 0.152700 0.094100 0.115100 0.087800 0.095300 0.055000 0.130300 0.123800 0.094100 0.169900 0.162800 0.169300 0.091300 0.127000 0.074700 0.094500 0.131200 0.018000 0.000000 0.181900 0.112400 0.053900 0.093700 0.095200 0.191500 0.113900 0.116300
Cattle 0.180200 0.427200 0.162100 0.302100 0.200700 0.180200 0.184600 0.179300 0.167200 0.204000 0.142000 0.142800 0.202300 0.161100 0.182000 0.179500 0.158000 0.204200 0.103600 0.144000 0.187000 0.143300 0.206400 0.250700 0.142600 0.124000 0.184300 0.165600 0.155900 0.126500 0.204200 0.200300 0.154900 0.184300 0.180000 0.016200 0.159000 0.200700 0.157200 0.185100 0.249800 0.123000 0.162900 0.181900 0.000000 0.182700 0.161500 0.205200 0.165900 0.179900 0.164100 0.167100
RoyalAntel 0.073400 0.344500 0.132500 0.250300 0.054600 0.073400 0.074500 0.072600 0.096100 0.094100 0.073600 0.074000 0.054800 0.054600 0.036400 0.072600 0.168100 0.094200 0.072400 0.074400 0.037300 0.036700 0.095400 0.137000 0.073600 0.074300 0.036900 0.095000 0.126800 0.057100 0.094300 0.054200 0.163500 0.036900 0.091700 0.163700 0.091400 0.054600 0.090200 0.075300 0.136500 0.054700 0.093400 0.112400 0.182700 0.000000 0.054600 0.055800 0.018500 0.150800 0.134300 0.096000
Steenbok 0.091500 0.312100 0.111500 0.271000 0.035500 0.091500 0.093400 0.090500 0.095800 0.112500 0.091700 0.092100 0.073000 0.072800 0.054300 0.053600 0.107400 0.112600 0.053500 0.093400 0.055900 0.054800 0.114000 0.114400 0.092200 0.092600 0.055100 0.094700 0.069600 0.075200 0.112800 0.072300 0.142600 0.055100 0.109800 0.142800 0.109400 0.036000 0.107900 0.093800 0.155200 0.073400 0.073200 0.053900 0.161500 0.054600 0.000000 0.074300 0.037000 0.170000 0.133900 0.095700
Impala 0.093800 0.297000 0.155500 0.250900 0.074300 0.093800 0.075200 0.054400 0.118500 0.075300 0.094000 0.094500 0.055700 0.074100 0.055700 0.092700 0.190800 0.115500 0.092500 0.095500 0.057200 0.056200 0.076400 0.117600 0.094100 0.094900 0.037500 0.117100 0.108600 0.077000 0.075500 0.073700 0.145100 0.037500 0.112300 0.185600 0.112000 0.074300 0.072100 0.096300 0.117000 0.074500 0.074700 0.093700 0.205200 0.055800 0.074300 0.000000 0.037800 0.173600 0.115700 0.118500
Klipspring 0.054600 0.327600 0.114500 0.231900 0.037000 0.054600 0.056900 0.055300 0.076500 0.076600 0.054700 0.056400 0.037100 0.033500 0.018500 0.055300 0.151700 0.076600 0.052800 0.054600 0.019000 0.014500 0.077700 0.119600 0.053700 0.055300 0.018700 0.075700 0.109500 0.034900 0.076700 0.036700 0.147400 0.018700 0.073100 0.146700 0.073100 0.037000 0.072100 0.057500 0.119000 0.035200 0.075900 0.095200 0.165900 0.018500 0.037000 0.037800 0.000000 0.132200 0.116000 0.076500
ForestMusk 0.149200 0.449900 0.170600 0.293600 0.170000 0.149200 0.194000 0.147400 0.094100 0.152500 0.149600 0.150900 0.170300 0.129300 0.150700 0.109200 0.206700 0.131700 0.147100 0.111700 0.154900 0.111600 0.175100 0.175700 0.149700 0.150900 0.152700 0.133200 0.163300 0.093600 0.173300 0.169000 0.201200 0.152700 0.147800 0.161000 0.167300 0.170000 0.164800 0.153500 0.218500 0.129600 0.171500 0.191500 0.179900 0.150800 0.170000 0.173600 0.132200 0.000000 0.131800 0.134700
Bushbuck 0.133600 0.352400 0.134000 0.302900 0.133900 0.133600 0.177600 0.092100 0.037500 0.115200 0.133900 0.134900 0.134600 0.113400 0.134700 0.152700 0.170000 0.156700 0.131500 0.095000 0.138600 0.095200 0.116700 0.097000 0.134100 0.114800 0.116500 0.075600 0.127800 0.076600 0.115700 0.153500 0.185200 0.116500 0.132100 0.185100 0.152000 0.133900 0.109800 0.137400 0.158200 0.113600 0.114200 0.113900 0.164100 0.134300 0.133900 0.115700 0.116000 0.131800 0.000000 0.076600
GreaterKud 0.095400 0.358100 0.095700 0.284400 0.095700 0.095400 0.138200 0.134800 0.039100 0.117900 0.095600 0.096500 0.116000 0.075600 0.096400 0.114500 0.173500 0.117700 0.093900 0.057100 0.099200 0.057200 0.119500 0.142400 0.095700 0.096600 0.097700 0.038400 0.130400 0.038400 0.118300 0.115100 0.188700 0.097700 0.135200 0.147700 0.113900 0.095700 0.112000 0.098300 0.162200 0.075800 0.116800 0.116300 0.167100 0.096000 0.095700 0.118500 0.076500 0.134700 0.076600 0.000000
