1
52 1
Argali 0.000000 0.219900 0.000100 0.131300 0.000000 0.000000 0.000100 0.098500 0.000100 0.000000 0.000100 0.060500 0.031200 0.000000 0.000100 0.094400 0.062800 0.030600 0.000100 0.060900 0.062100 0.031200 0.030500 0.030500 0.000200 0.061800 0.031200 0.062200 0.061800 0.030900 0.096400 0.000100 0.064700 0.031200 0.031000 0.030100 0.000000 0.000100 0.061800 0.091900 0.030600 0.061800 0.061700 0.060800 0.029600 0.093500 0.121800 0.000000 0.000000 0.063800 0.030900 0.000100
LesserMous 0.219900 0.000000 0.221600 0.359300 0.219900 0.219900 0.220400 0.419000 0.221600 0.219900 0.218500 0.296800 0.226600 0.219900 0.216900 0.308900 0.226700 0.181600 0.221600 0.216300 0.262900 0.178400 0.269800 0.269800 0.220600 0.264900 0.226600 0.319300 0.264900 0.275000 0.276000 0.222000 0.231800 0.226600 0.227100 0.221500 0.219900 0.220200 0.264900 0.348400 0.271500 0.264900 0.313000 0.303800 0.260200 0.367200 0.361800 0.219900 0.219900 0.231700 0.275000 0.221600
LesserKudu 0.000100 0.221600 0.000000 0.131800 0.000100 0.000100 0.000200 0.098400 0.000000 0.000100 0.000200 0.060500 0.031200 0.000100 0.000200 0.094900 0.062800 0.030700 0.000000 0.059400 0.062100 0.031200 0.030600 0.030600 0.000300 0.062100 0.031200 0.061600 0.062100 0.030700 0.096900 0.000200 0.064700 0.031200 0.031000 0.030200 0.000100 0.000200 0.062100 0.092400 0.030600 0.062100 0.062000 0.061100 0.029700 0.095100 0.118200 0.000100 0.000100 0.064100 0.030700 0.000000
KillerWhal 0.131300 0.359300 0.131800 0.000000 0.131300 0.131300 0.131500 0.262800 0.131800 0.131300 0.130800 0.203100 0.135000 0.131300 0.129800 0.207100 0.213500 0.171500 0.131800 0.206700 0.168200 0.132000 0.171700 0.171700 0.131800 0.168600 0.135000 0.212200 0.168600 0.174300 0.256500 0.132400 0.220400 0.135000 0.134500 0.169100 0.131300 0.131200 0.168600 0.242900 0.172200 0.168600 0.209000 0.205000 0.166200 0.252500 0.257000 0.131300 0.131300 0.217800 0.174300 0.131800
DefassaWat 0.000000 0.219900 0.000100 0.131300 0.000000 0.000000 0.000100 0.098500 0.000100 0.000000 0.000100 0.060500 0.031200 0.000000 0.000100 0.094400 0.062800 0.030600 0.000100 0.060900 0.062100 0.031200 0.030500 0.030500 0.000200 0.061500 0.031200 0.062200 0.061800 0.030900 0.096400 0.000100 0.064700 0.031200 0.031000 0.029300 0.000000 0.000100 0.061800 0.091900 0.030600 0.061800 0.061700 0.060800 0.029600 0.094600 0.121800 0.000000 0.000000 0.063800 0.030900 0.000100
Sheep 0.000000 0.219900 0.000100 0.131300 0.000000 0.000000 0.000100 0.098500 0.000100 0.000000 0.000100 0.060500 0.031200 0.000000 0.000100 0.094400 0.062800 0.030600 0.000100 0.060900 0.062100 0.031200 0.029600 0.029400 0.000200 0.061800 0.031200 0.062200 0.061800 0.030900 0.096400 0.000100 0.064700 0.031200 0.031000 0.030100 0.000000 0.000100 0.061800 0.091900 0.030600 0.061800 0.061700 0.060800 0.028900 0.094600 0.121800 0.000000 0.000000 0.063800 0.030900 0.000100
MaxwellsDu 0.000100 0.220400 0.000200 0.131500 0.000100 0.000100 0.000000 0.098600 0.000200 0.000100 0.000200 0.060500 0.031300 0.000100 0.000200 0.094900 0.062800 0.030700 0.000200 0.060800 0.062100 0.031200 0.030600 0.030600 0.000300 0.062100 0.031300 0.062200 0.062100 0.030900 0.096800 0.000200 0.064800 0.031300 0.031000 0.030200 0.000100 0.000200 0.062100 0.092400 0.030700 0.062100 0.062000 0.061100 0.029700 0.095100 0.118000 0.000100 0.000100 0.064100 0.030900 0.000200
GazellaPrz 0.098500 0.419000 0.098400 0.262800 0.098500 0.098500 0.098600 0.000000 0.098400 0.098500 0.098100 0.169700 0.140000 0.098500 0.097700 0.134900 0.176400 0.137000 0.098400 0.169600 0.099100 0.139600 0.136800 0.136800 0.064600 0.099100 0.140000 0.097700 0.099100 0.064700 0.218000 0.099900 0.182800 0.140000 0.108200 0.134900 0.098500 0.098600 0.099100 0.131500 0.137300 0.099100 0.174100 0.170800 0.063200 0.213700 0.162200 0.098500 0.098500 0.180100 0.064700 0.098400
MountainNy 0.000100 0.221600 0.000000 0.131800 0.000100 0.000100 0.000200 0.098400 0.000000 0.000100 0.000200 0.060500 0.031200 0.000100 0.000200 0.094900 0.062800 0.030700 0.000000 0.060800 0.062100 0.031200 0.030600 0.030600 0.000300 0.062100 0.031200 0.061900 0.062100 0.030100 0.096900 0.000200 0.064700 0.031200 0.031000 0.030200 0.000100 0.000200 0.062100 0.092400 0.030600 0.062100 0.062000 0.061100 0.029700 0.095100 0.118200 0.000100 0.000100 0.064100 0.030000 0.000000
MuntiacusM 0.000000 0.219900 0.000100 0.131300 0.000000 0.000000 0.000100 0.098500 0.000100 0.000000 0.000100 0.060500 0.031200 0.000000 0.000100 0.094400 0.062800 0.030600 0.000100 0.060900 0.062100 0.031200 0.030500 0.030500 0.000200 0.061800 0.031200 0.062200 0.061800 0.030900 0.096400 0.000100 0.064700 0.031200 0.031000 0.029300 0.000000 0.000100 0.061800 0.091900 0.030600 0.061800 0.061700 0.060800 0.028800 0.094600 0.121800 0.000000 0.000000 0.063800 0.030900 0.000100
goat 0.000100 0.218500 0.000200 0.130800 0.000100 0.000100 0.000200 0.098100 0.000200 0.000100 0.000000 0.060300 0.031100 0.000100 0.000200 0.094500 0.062600 0.030600 0.000200 0.060600 0.061800 0.031100 0.030500 0.030500 0.000100 0.061800 0.031100 0.062000 0.061800 0.030800 0.096400 0.000200 0.064500 0.031100 0.030900 0.030100 0.000100 0.000200 0.061800 0.091900 0.030600 0.061800 0.061700 0.060900 0.029600 0.094700 0.117700 0.000100 0.000100 0.063900 0.030800 0.000200
AfricanBuf 0.060500 0.296800 0.060500 0.203100 0.060500 0.060500 0.060500 0.169700 0.060500 0.060500 0.060300 0.000000 0.095900 0.060500 0.060000 0.162200 0.128700 0.094000 0.060500 0.124800 0.126900 0.095500 0.093900 0.093900 0.060600 0.127000 0.095900 0.127900 0.127000 0.095100 0.164800 0.061300 0.132500 0.095900 0.095100 0.092900 0.060500 0.060500 0.127000 0.159000 0.094100 0.127000 0.127200 0.060200 0.091400 0.161900 0.194600 0.060500 0.060500 0.130900 0.095100 0.060500
Topi 0.031200 0.226600 0.031200 0.135000 0.031200 0.031200 0.031300 0.140000 0.031200 0.031200 0.031100 0.095900 0.000000 0.031200 0.030900 0.063800 0.100300 0.065100 0.031200 0.096900 0.031200 0.032100 0.064900 0.064900 0.031300 0.031300 0.000000 0.099200 0.031300 0.065600 0.137500 0.031500 0.103500 0.000000 0.000300 0.063900 0.031200 0.031200 0.031300 0.130400 0.065000 0.031300 0.098600 0.096900 0.062900 0.134900 0.079100 0.031200 0.031200 0.102400 0.065600 0.031200
CommonDuik 0.000000 0.219900 0.000100 0.131300 0.000000 0.000000 0.000100 0.098500 0.000100 0.000000 0.000100 0.060500 0.031200 0.000000 0.000100 0.094400 0.062800 0.030600 0.000100 0.060900 0.062100 0.031200 0.029900 0.030500 0.000200 0.061800 0.031200 0.062200 0.061800 0.030900 0.095700 0.000100 0.064700 0.031200 0.031000 0.029200 0.000000 0.000100 0.061800 0.091900 0.030600 0.061800 0.061700 0.060800 0.029600 0.094600 0.121800 0.000000 0.000000 0.063800 0.030900 0.000100
Suni 0.000100 0.216900 0.000200 0.129800 0.000100 0.000100 0.000200 0.097700 0.000200 0.000100 0.000200 0.060000 0.030900 0.000100 0.000000 0.094000 0.062300 0.030400 0.000200 0.060400 0.061500 0.030900 0.030300 0.030300 0.000300 0.061500 0.030900 0.061700 0.061500 0.030700 0.095800 0.000200 0.064300 0.030900 0.030700 0.029900 0.000100 0.000200 0.061500 0.091500 0.030400 0.061500 0.061400 0.060500 0.029400 0.094200 0.132300 0.000100 0.000100 0.063500 0.030700 0.000200
Springbuck 0.094400 0.308900 0.094900 0.207100 0.094400 0.094400 0.094900 0.134900 0.094900 0.094400 0.094500 0.162200 0.063800 0.094400 0.094000 0.000000 0.169900 0.131800 0.094900 0.164800 0.030500 0.097500 0.130900 0.130900 0.062400 0.030400 0.063800 0.168400 0.030400 0.133000 0.208800 0.096200 0.174400 0.063800 0.063300 0.129100 0.094400 0.094800 0.030400 0.126200 0.131900 0.030400 0.166100 0.162900 0.060900 0.205200 0.084100 0.094400 0.094400 0.172200 0.133000 0.094900
Okapi 0.062800 0.226700 0.062800 0.213500 0.062800 0.062800 0.062800 0.176400 0.062800 0.062800 0.062600 0.128700 0.100300 0.062800 0.062300 0.169900 0.000000 0.031200 0.062800 0.130600 0.133000 0.100000 0.098000 0.098000 0.063000 0.133200 0.100300 0.133600 0.133200 0.099000 0.174000 0.063700 0.065700 0.100300 0.099600 0.096500 0.062800 0.062800 0.133200 0.164700 0.098300 0.133200 0.132600 0.130200 0.095200 0.170700 0.205800 0.062800 0.062800 0.065300 0.099000 0.062800
Giraffe 0.030600 0.181600 0.030700 0.171500 0.030600 0.030600 0.030700 0.137000 0.030700 0.030600 0.030600 0.094000 0.065100 0.030600 0.030400 0.131800 0.031200 0.000000 0.030700 0.095200 0.096900 0.064900 0.063700 0.063700 0.030700 0.097000 0.065100 0.097300 0.097000 0.064300 0.134900 0.031000 0.032100 0.065100 0.064600 0.062700 0.030600 0.030600 0.097000 0.127900 0.063800 0.097000 0.096700 0.095100 0.061800 0.132400 0.161600 0.030600 0.030600 0.031800 0.064300 0.030700
TibetanAnt 0.000100 0.221600 0.000000 0.131800 0.000100 0.000100 0.000200 0.098400 0.000000 0.000100 0.000200 0.060500 0.031200 0.000100 0.000200 0.094900 0.062800 0.030700 0.000000 0.060600 0.062100 0.031200 0.030600 0.030600 0.000300 0.062100 0.031200 0.061900 0.062100 0.030700 0.096900 0.000200 0.064700 0.031200 0.031000 0.030200 0.000100 0.000200 0.062100 0.092400 0.030600 0.062100 0.062000 0.061100 0.029700 0.095100 0.118200 0.000100 0.000100 0.064100 0.030100 0.000000
Sitatunga 0.060900 0.216300 0.059400 0.206700 0.060900 0.060900 0.060800 0.169600 0.060800 0.060900 0.060600 0.124800 0.096900 0.060900 0.060400 0.164800 0.130600 0.095200 0.060600 0.000000 0.128900 0.096900 0.094900 0.094900 0.060900 0.129100 0.096900 0.061300 0.129100 0.095100 0.168300 0.061700 0.133900 0.096900 0.096300 0.093600 0.060900 0.060800 0.129100 0.159800 0.095200 0.129100 0.128400 0.126200 0.092400 0.165300 0.201000 0.060900 0.060900 0.133100 0.095100 0.060100
Oribi 0.062100 0.262900 0.062100 0.168200 0.062100 0.062100 0.062100 0.099100 0.062100 0.062100 0.061800 0.126900 0.031200 0.062100 0.061500 0.030500 0.133000 0.096900 0.062100 0.128900 0.000000 0.063800 0.096700 0.096700 0.030600 0.000100 0.031200 0.131800 0.000100 0.097700 0.171000 0.062900 0.136500 0.031200 0.031000 0.095300 0.062100 0.062100 0.000100 0.092900 0.097000 0.000100 0.130500 0.128200 0.030100 0.168000 0.041100 0.062100 0.062100 0.135600 0.097700 0.062100
BarbaryShe 0.031200 0.178400 0.031200 0.132000 0.031200 0.031200 0.031200 0.139600 0.031200 0.031200 0.031100 0.095500 0.032100 0.031200 0.030900 0.097500 0.100000 0.064900 0.031200 0.096900 0.063800 0.000000 0.064700 0.064700 0.031200 0.063700 0.032100 0.098900 0.063700 0.065300 0.137300 0.031600 0.102700 0.032100 0.031800 0.063800 0.031200 0.031100 0.063700 0.130400 0.064900 0.063700 0.098400 0.096800 0.062800 0.134600 0.121800 0.031200 0.031200 0.102100 0.065300 0.031200
Daviddeer 0.030500 0.269800 0.030600 0.171700 0.030500 0.029600 0.030600 0.136800 0.030600 0.030500 0.030500 0.093900 0.064900 0.029900 0.030300 0.130900 0.098000 0.063700 0.030600 0.094900 0.096700 0.064700 0.000000 0.000000 0.030600 0.096400 0.064900 0.097100 0.096400 0.064200 0.063700 0.031000 0.101100 0.064900 0.064400 0.062400 0.030500 0.030600 0.096400 0.127200 0.000100 0.096400 0.096100 0.030100 0.061400 0.131400 0.083700 0.030500 0.030500 0.099700 0.064200 0.030600
Reindeer 0.030500 0.269800 0.030600 0.171700 0.030500 0.029400 0.030600 0.136800 0.030600 0.030500 0.030500 0.093900 0.064900 0.030500 0.030300 0.130900 0.098000 0.063700 0.030600 0.094900 0.096700 0.064700 0.000000 0.000000 0.030600 0.096400 0.064900 0.097100 0.096400 0.064200 0.063700 0.031000 0.101100 0.064900 0.064400 0.062400 0.030500 0.030600 0.096400 0.127200 0.000100 0.096400 0.096100 0.030100 0.061400 0.131400 0.083700 0.029700 0.029700 0.099700 0.064200 0.030600
Ibex 0.000200 0.220600 0.000300 0.131800 0.000200 0.000200 0.000300 0.064600 0.000300 0.000200 0.000100 0.060600 0.031300 0.000200 0.000300 0.062400 0.063000 0.030700 0.000300 0.060900 0.030600 0.031200 0.030600 0.030600 0.000000 0.030600 0.031300 0.062300 0.030600 0.030900 0.097000 0.000300 0.064700 0.031300 0.031000 0.030200 0.000200 0.000300 0.030600 0.060700 0.030700 0.030600 0.062000 0.061200 0.000200 0.095400 0.077400 0.000200 0.000200 0.064200 0.030900 0.000300
GyrantGaze 0.061800 0.264900 0.062100 0.168600 0.061500 0.061800 0.062100 0.099100 0.062100 0.061800 0.061800 0.127000 0.031300 0.061800 0.061500 0.030400 0.133200 0.097000 0.062100 0.129100 0.000100 0.063700 0.096400 0.096400 0.030600 0.000000 0.031300 0.131900 0.000000 0.097800 0.170600 0.062900 0.136700 0.031300 0.031000 0.094900 0.061800 0.062000 0.000000 0.092500 0.097000 0.000000 0.130200 0.127800 0.029900 0.167600 0.044200 0.061800 0.061800 0.135200 0.097800 0.062100
Hartebeest 0.031200 0.226600 0.031200 0.135000 0.031200 0.031200 0.031300 0.140000 0.031200 0.031200 0.031100 0.095900 0.000000 0.031200 0.030900 0.063800 0.100300 0.065100 0.031200 0.096900 0.031200 0.032100 0.064900 0.064900 0.031300 0.031300 0.000000 0.099200 0.031300 0.065600 0.137500 0.031500 0.103500 0.000000 0.000300 0.063900 0.031200 0.031200 0.031300 0.130400 0.065000 0.031300 0.098600 0.096900 0.062900 0.134900 0.079100 0.031200 0.031200 0.102400 0.065600 0.031200
Bongo 0.062200 0.319300 0.061600 0.212200 0.062200 0.062200 0.062200 0.097700 0.061900 0.062200 0.062000 0.127900 0.099200 0.062200 0.061700 0.168400 0.133600 0.097300 0.061900 0.061300 0.131800 0.098900 0.097100 0.097100 0.062300 0.131900 0.099200 0.000000 0.131900 0.030600 0.172300 0.063100 0.137500 0.099200 0.069100 0.095700 0.062200 0.062200 0.131900 0.163500 0.097300 0.131900 0.131500 0.129200 0.094400 0.169100 0.203600 0.062200 0.062200 0.136300 0.030200 0.061900
Gerenuk 0.061800 0.264900 0.062100 0.168600 0.061800 0.061800 0.062100 0.099100 0.062100 0.061800 0.061800 0.127000 0.031300 0.061800 0.061500 0.030400 0.133200 0.097000 0.062100 0.129100 0.000100 0.063700 0.096400 0.096400 0.030600 0.000000 0.031300 0.131900 0.000000 0.097800 0.170600 0.062900 0.136700 0.031300 0.031000 0.094900 0.061800 0.062000 0.000000 0.092500 0.097000 0.000000 0.130200 0.127800 0.029900 0.167600 0.044200 0.061800 0.061800 0.135200 0.097800 0.062100
CommonElan 0.030900 0.275000 0.030700 0.174300 0.030900 0.030900 0.030900 0.064700 0.030100 0.030900 0.030800 0.095100 0.065600 0.030900 0.030700 0.133000 0.099000 0.064300 0.030700 0.095100 0.097700 0.065300 0.064200 0.064200 0.030900 0.097800 0.065600 0.030600 0.097800 0.000000 0.136000 0.031300 0.102300 0.065600 0.034100 0.063200 0.030900 0.030900 0.097800 0.129300 0.064300 0.097800 0.097700 0.096100 0.062200 0.133400 0.162900 0.030900 0.030900 0.101200 0.000000 0.030700
MuntiacusR 0.096400 0.276000 0.096900 0.256500 0.096400 0.096400 0.096800 0.218000 0.096900 0.096400 0.096400 0.164800 0.137500 0.095700 0.095800 0.208800 0.174000 0.134900 0.096900 0.168300 0.171000 0.137300 0.063700 0.063700 0.097000 0.170600 0.137500 0.172300 0.170600 0.136000 0.000000 0.089200 0.178500 0.137500 0.136800 0.131700 0.096400 0.096900 0.170600 0.202100 0.064300 0.170600 0.096500 0.094900 0.129900 0.210300 0.165800 0.096400 0.096400 0.176600 0.136000 0.096900
HarveysDui 0.000100 0.222000 0.000200 0.132400 0.000100 0.000100 0.000200 0.099900 0.000200 0.000100 0.000200 0.061300 0.031500 0.000100 0.000200 0.096200 0.063700 0.031000 0.000200 0.061700 0.062900 0.031600 0.031000 0.031000 0.000300 0.062900 0.031500 0.063100 0.062900 0.031300 0.089200 0.000000 0.065700 0.031500 0.031400 0.030600 0.000100 0.000200 0.062900 0.093500 0.031100 0.062900 0.051000 0.061800 0.030100 0.096400 0.120200 0.000100 0.000100 0.065000 0.031300 0.000200
Pronghorn 0.064700 0.231800 0.064700 0.220400 0.064700 0.064700 0.064800 0.182800 0.064700 0.064700 0.064500 0.132500 0.103500 0.064700 0.064300 0.174400 0.065700 0.032100 0.064700 0.133900 0.136500 0.102700 0.101100 0.101100 0.064700 0.136700 0.103500 0.137500 0.136700 0.102300 0.178500 0.065700 0.000000 0.103500 0.102600 0.099600 0.064700 0.064700 0.136700 0.169700 0.101400 0.136700 0.136900 0.134300 0.097700 0.174900 0.170300 0.064700 0.064700 0.067300 0.102300 0.064700
BlueWildeb 0.031200 0.226600 0.031200 0.135000 0.031200 0.031200 0.031300 0.140000 0.031200 0.031200 0.031100 0.095900 0.000000 0.031200 0.030900 0.063800 0.100300 0.065100 0.031200 0.096900 0.031200 0.032100 0.064900 0.064900 0.031300 0.031300 0.000000 0.099200 0.031300 0.065600 0.137500 0.031500 0.103500 0.000000 0.000300 0.063900 0.031200 0.031200 0.031300 0.130400 0.065000 0.031300 0.098600 0.096900 0.062900 0.134900 0.079100 0.031200 0.031200 0.102400 0.065600 0.031200
Gemsbok 0.031000 0.227100 0.031000 0.134500 0.031000 0.031000 0.031000 0.108200 0.031000 0.031000 0.030900 0.095100 0.000300 0.031000 0.030700 0.063300 0.099600 0.064600 0.031000 0.096300 0.031000 0.031800 0.064400 0.064400 0.031000 0.031000 0.000300 0.069100 0.031000 0.034100 0.136800 0.031400 0.102600 0.000300 0.000000 0.063400 0.031000 0.031000 0.031000 0.129500 0.064600 0.031000 0.098000 0.096200 0.062500 0.134300 0.078400 0.031000 0.031000 0.101800 0.034100 0.031000
Yak 0.030100 0.221500 0.030200 0.169100 0.029300 0.030100 0.030200 0.134900 0.030200 0.029300 0.030100 0.092900 0.063900 0.029200 0.029900 0.129100 0.096500 0.062700 0.030200 0.093600 0.095300 0.063800 0.062400 0.062400 0.030200 0.094900 0.063900 0.095700 0.094900 0.063200 0.131700 0.030600 0.099600 0.063900 0.063400 0.000000 0.030100 0.030100 0.094900 0.125700 0.062700 0.094900 0.094800 0.092700 0.060600 0.129400 0.162100 0.030100 0.029000 0.098100 0.063200 0.030200
BlueSheep 0.000000 0.219900 0.000100 0.131300 0.000000 0.000000 0.000100 0.098500 0.000100 0.000000 0.000100 0.060500 0.031200 0.000000 0.000100 0.094400 0.062800 0.030600 0.000100 0.060900 0.062100 0.031200 0.030500 0.030500 0.000200 0.061800 0.031200 0.062200 0.061800 0.030900 0.096400 0.000100 0.064700 0.031200 0.031000 0.030100 0.000000 0.000100 0.061800 0.091900 0.030600 0.061800 0.061700 0.060800 0.029600 0.094600 0.121800 0.000000 0.000000 0.063800 0.030900 0.000100
BohorReedb 0.000100 0.220200 0.000200 0.131200 0.000100 0.000100 0.000200 0.098600 0.000200 0.000100 0.000200 0.060500 0.031200 0.000100 0.000200 0.094800 0.062800 0.030600 0.000200 0.060800 0.062100 0.031100 0.030600 0.030600 0.000300 0.062000 0.031200 0.062200 0.062000 0.030900 0.096900 0.000200 0.064700 0.031200 0.031000 0.030100 0.000100 0.000000 0.062000 0.092300 0.030500 0.062000 0.061900 0.061000 0.029700 0.095000 0.118300 0.000100 0.000100 0.064000 0.030900 0.000200
KirksDik 0.061800 0.264900 0.062100 0.168600 0.061800 0.061800 0.062100 0.099100 0.062100 0.061800 0.061800 0.127000 0.031300 0.061800 0.061500 0.030400 0.133200 0.097000 0.062100 0.129100 0.000100 0.063700 0.096400 0.096400 0.030600 0.000000 0.031300 0.131900 0.000000 0.097800 0.170600 0.062900 0.136700 0.031300 0.031000 0.094900 0.061800 0.062000 0.000000 0.092500 0.097000 0.000000 0.130200 0.127800 0.028800 0.167600 0.044200 0.061800 0.061800 0.135200 0.097800 0.062100
RoeDeer 0.091900 0.348400 0.092400 0.242900 0.091900 0.091900 0.092400 0.131500 0.092400 0.091900 0.091900 0.159000 0.130400 0.091900 0.091500 0.126200 0.164700 0.127900 0.092400 0.159800 0.092900 0.130400 0.127200 0.127200 0.060700 0.092500 0.130400 0.163500 0.092500 0.129300 0.202100 0.093500 0.169700 0.130400 0.129500 0.125700 0.091900 0.092300 0.092500 0.000000 0.128100 0.092500 0.092000 0.159000 0.059200 0.198500 0.158200 0.091900 0.091900 0.166700 0.129300 0.092400
WhiteLippe 0.030600 0.271500 0.030600 0.172200 0.030600 0.030600 0.030700 0.137300 0.030600 0.030600 0.030600 0.094100 0.065000 0.030600 0.030400 0.131900 0.098300 0.063800 0.030600 0.095200 0.097000 0.064900 0.000100 0.000100 0.030700 0.097000 0.065000 0.097300 0.097000 0.064300 0.064300 0.031100 0.101400 0.065000 0.064600 0.062700 0.030600 0.030500 0.097000 0.128100 0.000000 0.097000 0.096800 0.030400 0.061800 0.132400 0.080500 0.030600 0.030600 0.100400 0.064300 0.030600
ThomsonGaz 0.061800 0.264900 0.062100 0.168600 0.061800 0.061800 0.062100 0.099100 0.062100 0.061800 0.061800 0.127000 0.031300 0.061800 0.061500 0.030400 0.133200 0.097000 0.062100 0.129100 0.000100 0.063700 0.096400 0.096400 0.030600 0.000000 0.031300 0.131900 0.000000 0.097800 0.170600 0.062900 0.136700 0.031300 0.031000 0.094900 0.061800 0.062000 0.000000 0.092500 0.097000 0.000000 0.130200 0.127800 0.029900 0.167600 0.044200 0.061800 0.061800 0.135200 0.097800 0.062100
MuntiacusC 0.061700 0.313000 0.062000 0.209000 0.061700 0.061700 0.062000 0.174100 0.062000 0.061700 0.061700 0.127200 0.098600 0.061700 0.061400 0.166100 0.132600 0.096700 0.062000 0.128400 0.130500 0.098400 0.096100 0.096100 0.062000 0.130200 0.098600 0.131500 0.130200 0.097700 0.096500 0.051000 0.136900 0.098600 0.098000 0.094800 0.061700 0.061900 0.130200 0.092000 0.096800 0.130200 0.000000 0.127800 0.093300 0.166400 0.205000 0.061700 0.061700 0.134700 0.097700 0.062000
WhiteTaile 0.060800 0.303800 0.061100 0.205000 0.060800 0.060800 0.061100 0.170800 0.061100 0.060800 0.060900 0.060200 0.096900 0.060800 0.060500 0.162900 0.130200 0.095100 0.061100 0.126200 0.128200 0.096800 0.030100 0.030100 0.061200 0.127800 0.096900 0.129200 0.127800 0.096100 0.094900 0.061800 0.134300 0.096900 0.096200 0.092700 0.060800 0.061000 0.127800 0.159000 0.030400 0.127800 0.127800 0.000000 0.091800 0.163200 0.119400 0.060800 0.060800 0.132100 0.096100 0.061100
Cattle 0.029600 0.260200 0.029700 0.166200 0.029600 0.028900 0.029700 0.063200 0.029700 0.028800 0.029600 0.091400 0.062900 0.029600 0.029400 0.060900 0.095200 0.061800 0.029700 0.092400 0.030100 0.062800 0.061400 0.061400 0.000200 0.029900 0.062900 0.094400 0.029900 0.062200 0.129900 0.030100 0.097700 0.062900 0.062500 0.060600 0.029600 0.029700 0.028800 0.059200 0.061800 0.029900 0.093300 0.091800 0.000000 0.127800 0.082100 0.029600 0.029600 0.096500 0.062200 0.029700
RoyalAntel 0.093500 0.367200 0.095100 0.252500 0.094600 0.094600 0.095100 0.213700 0.095100 0.094600 0.094700 0.161900 0.134900 0.094600 0.094200 0.205200 0.170700 0.132400 0.095100 0.165300 0.168000 0.134600 0.131400 0.131400 0.095400 0.167600 0.134900 0.169100 0.167600 0.133400 0.210300 0.096400 0.174900 0.134900 0.134300 0.129400 0.094600 0.095000 0.167600 0.198500 0.132400 0.167600 0.166400 0.163200 0.127800 0.000000 0.249900 0.094600 0.094600 0.173200 0.133400 0.095100
Steenbok 0.121800 0.361800 0.118200 0.257000 0.121800 0.121800 0.118000 0.162200 0.118200 0.121800 0.117700 0.194600 0.079100 0.121800 0.132300 0.084100 0.205800 0.161600 0.118200 0.201000 0.041100 0.121800 0.083700 0.083700 0.077400 0.044200 0.079100 0.203600 0.044200 0.162900 0.165800 0.120200 0.170300 0.079100 0.078400 0.162100 0.121800 0.118300 0.044200 0.158200 0.080500 0.044200 0.205000 0.119400 0.082100 0.249900 0.000000 0.121800 0.121800 0.213500 0.162900 0.118200
Impala 0.000000 0.219900 0.000100 0.131300 0.000000 0.000000 0.000100 0.098500 0.000100 0.000000 0.000100 0.060500 0.031200 0.000000 0.000100 0.094400 0.062800 0.030600 0.000100 0.060900 0.062100 0.031200 0.030500 0.029700 0.000200 0.061800 0.031200 0.062200 0.061800 0.030900 0.096400 0.000100 0.064700 0.031200 0.031000 0.030100 0.000000 0.000100 0.061800 0.091900 0.030600 0.061800 0.061700 0.060800 0.029600 0.094600 0.121800 0.000000 0.000000 0.063800 0.030900 0.000100
Klipspring 0.000000 0.219900 0.000100 0.131300 0.000000 0.000000 0.000100 0.098500 0.000100 0.000000 0.000100 0.060500 0.031200 0.000000 0.000100 0.094400 0.062800 0.030600 0.000100 0.060900 0.062100 0.031200 0.030500 0.029700 0.000200 0.061800 0.031200 0.062200 0.061800 0.030900 0.096400 0.000100 0.064700 0.031200 0.031000 0.029000 0.000000 0.000100 0.061800 0.091900 0.030600 0.061800 0.061700 0.060800 0.029600 0.094600 0.121800 0.000000 0.000000 0.063800 0.030900 0.000100
ForestMusk 0.063800 0.231700 0.064100 0.217800 0.063800 0.063800 0.064100 0.180100 0.064100 0.063800 0.063900 0.130900 0.102400 0.063800 0.063500 0.172200 0.065300 0.031800 0.064100 0.133100 0.135600 0.102100 0.099700 0.099700 0.064200 0.135200 0.102400 0.136300 0.135200 0.101200 0.176600 0.065000 0.067300 0.102400 0.101800 0.098100 0.063800 0.064000 0.135200 0.166700 0.100400 0.135200 0.134700 0.132100 0.096500 0.173200 0.213500 0.063800 0.063800 0.000000 0.101200 0.064100
Bushbuck 0.030900 0.275000 0.030700 0.174300 0.030900 0.030900 0.030900 0.064700 0.030000 0.030900 0.030800 0.095100 0.065600 0.030900 0.030700 0.133000 0.099000 0.064300 0.030100 0.095100 0.097700 0.065300 0.064200 0.064200 0.030900 0.097800 0.065600 0.030200 0.097800 0.000000 0.136000 0.031300 0.102300 0.065600 0.034100 0.063200 0.030900 0.030900 0.097800 0.129300 0.064300 0.097800 0.097700 0.096100 0.062200 0.133400 0.162900 0.030900 0.030900 0.101200 0.000000 0.030700
GreaterKud 0.000100 0.221600 0.000000 0.131800 0.000100 0.000100 0.000200 0.098400 0.000000 0.000100 0.000200 0.060500 0.031200 0.000100 0.000200 0.094900 0.062800 0.030700 0.000000 0.060100 0.062100 0.031200 0.030600 0.030600 0.000300 0.062100 0.031200 0.061900 0.062100 0.030700 0.096900 0.000200 0.064700 0.031200 0.031000 0.030200 0.000100 0.000200 0.062100 0.092400 0.030600 0.062100 0.062000 0.061100 0.029700 0.095100 0.118200 0.000100 0.000100 0.064100 0.030700 0.000000
