CODONML (in paml version 4.10.7, June 2023)  /home/rachel/ruminants_paml/6406-phy-tree/ENSBTAT00000010124.fasta.phy
Model: free dN/dS Ratios for branches,  kappa = 2.000 fixed

Codon frequency model: F3x4
ns =  54  ls =  22

Codon usage in sequences
--------------------------------------------------------------------------------------------------------------------------------------
Phe TTT   0   0   0   0   1   1 | Ser TCT   0   0   0   0   0   0 | Tyr TAT   1   1   1   1   0   0 | Cys TGT   0   0   0   0   0   0
    TTC   0   0   0   0   0   0 |     TCC   0   0   0   1   0   0 |     TAC   1   1   1   1   1   1 |     TGC   0   0   0   0   0   0
Leu TTA   0   0   0   0   0   0 |     TCA   0   0   0   0   0   0 | *** TAA   0   0   0   0   0   0 | *** TGA   0   0   0   0   0   0
    TTG   0   0   0   0   0   0 |     TCG   1   1   1   0   1   1 |     TAG   0   0   0   0   0   0 | Trp TGG   0   0   0   0   0   0
--------------------------------------------------------------------------------------------------------------------------------------
Leu CTT   0   0   0   0   0   0 | Pro CCT   0   0   0   1   0   0 | His CAT   0   0   0   0   0   0 | Arg CGT   0   0   0   0   0   0
    CTC   0   0   0   0   0   0 |     CCC   3   3   3   2   3   3 |     CAC   1   1   1   1   1   1 |     CGC   0   0   0   0   0   0
    CTA   0   0   0   0   0   0 |     CCA   0   0   0   0   2   1 | Gln CAA   0   0   0   0   0   0 |     CGA   0   0   0   0   0   0
    CTG   4   4   4   4   4   4 |     CCG   2   2   2   2   0   1 |     CAG   0   0   0   0   0   0 |     CGG   0   0   0   0   0   0
--------------------------------------------------------------------------------------------------------------------------------------
Ile ATT   0   0   0   0   0   0 | Thr ACT   0   0   0   0   0   0 | Asn AAT   0   0   0   0   0   1 | Ser AGT   0   0   0   0   0   0
    ATC   0   0   0   0   0   0 |     ACC   1   1   1   1   1   1 |     AAC   0   0   0   0   0   0 |     AGC   1   1   1   1   1   0
    ATA   0   0   0   0   0   0 |     ACA   0   0   0   0   0   0 | Lys AAA   1   0   1   1   0   0 | Arg AGA   0   0   0   0   0   0
Met ATG   0   0   0   0   0   0 |     ACG   0   0   0   0   0   0 |     AAG   2   3   2   2   3   3 |     AGG   0   0   0   0   0   0
--------------------------------------------------------------------------------------------------------------------------------------
Val GTT   0   0   0   0   0   0 | Ala GCT   0   0   0   0   0   0 | Asp GAT   0   0   0   0   1   0 | Gly GGT   0   0   0   0   0   0
    GTC   0   0   1   0   0   0 |     GCC   1   1   0   1   1   1 |     GAC   2   2   2   2   1   2 |     GGC   0   0   0   0   0   0
    GTA   0   0   0   0   0   0 |     GCA   1   1   1   1   0   1 | Glu GAA   0   0   0   0   0   0 |     GGA   0   0   0   0   0   0
    GTG   0   0   0   0   0   0 |     GCG   0   0   0   0   0   0 |     GAG   0   0   0   0   0   0 |     GGG   0   0   0   0   1   0
--------------------------------------------------------------------------------------------------------------------------------------

--------------------------------------------------------------------------------------------------------------------------------------
Phe TTT   0   0   0   0   0   0 | Ser TCT   0   0   0   0   0   0 | Tyr TAT   1   1   1   0   1   1 | Cys TGT   0   0   0   0   0   0
    TTC   0   0   0   0   0   0 |     TCC   0   0   0   0   0   1 |     TAC   1   1   1   2   1   1 |     TGC   0   0   0   0   0   0
Leu TTA   0   0   0   0   0   0 |     TCA   0   0   0   1   0   0 | *** TAA   0   0   0   0   0   0 | *** TGA   0   0   0   0   0   0
    TTG   0   0   0   0   0   0 |     TCG   1   1   1   0   1   0 |     TAG   0   0   0   0   0   0 | Trp TGG   0   0   0   0   0   0
--------------------------------------------------------------------------------------------------------------------------------------
Leu CTT   0   0   0   0   0   0 | Pro CCT   0   0   0   0   0   0 | His CAT   0   0   0   0   0   0 | Arg CGT   0   0   0   0   0   0
    CTC   0   0   0   0   0   0 |     CCC   3   3   2   3   3   3 |     CAC   1   1   1   1   1   1 |     CGC   0   0   0   0   0   0
    CTA   0   0   0   0   1   0 |     CCA   0   0   1   2   1   0 | Gln CAA   0   0   0   0   0   0 |     CGA   0   0   0   0   0   0
    CTG   4   4   4   4   3   4 |     CCG   2   2   2   0   1   2 |     CAG   0   0   0   0   0   0 |     CGG   0   0   0   0   0   0
--------------------------------------------------------------------------------------------------------------------------------------
Ile ATT   0   0   0   0   0   0 | Thr ACT   0   0   0   0   0   0 | Asn AAT   0   0   0   0   0   0 | Ser AGT   0   0   0   0   0   0
    ATC   0   0   0   0   0   0 |     ACC   1   1   1   1   1   2 |     AAC   0   0   0   0   0   0 |     AGC   1   1   1   1   1   1
    ATA   0   0   0   0   0   0 |     ACA   0   0   0   0   0   0 | Lys AAA   1   1   1   1   1   1 | Arg AGA   0   0   0   0   0   0
Met ATG   0   0   0   0   0   0 |     ACG   0   0   0   0   0   0 |     AAG   2   2   2   2   2   2 |     AGG   0   0   0   0   0   0
--------------------------------------------------------------------------------------------------------------------------------------
Val GTT   0   0   0   0   0   0 | Ala GCT   0   0   0   0   0   0 | Asp GAT   0   0   0   0   0   0 | Gly GGT   0   0   0   0   0   0
    GTC   0   0   0   0   0   0 |     GCC   1   1   1   1   1   0 |     GAC   2   2   2   2   2   2 |     GGC   0   0   0   0   0   0
    GTA   0   0   0   0   0   0 |     GCA   1   1   1   1   1   1 | Glu GAA   0   0   0   0   0   0 |     GGA   0   0   0   0   0   0
    GTG   0   0   0   0   0   0 |     GCG   0   0   0   0   0   0 |     GAG   0   0   0   0   0   0 |     GGG   0   0   0   0   0   0
--------------------------------------------------------------------------------------------------------------------------------------

--------------------------------------------------------------------------------------------------------------------------------------
Phe TTT   0   0   0   0   0   0 | Ser TCT   0   0   0   0   0   0 | Tyr TAT   1   1   1   1   1   1 | Cys TGT   0   0   0   0   0   0
    TTC   0   0   0   0   0   0 |     TCC   0   0   0   0   0   0 |     TAC   1   1   1   1   1   1 |     TGC   0   0   0   0   0   0
Leu TTA   0   0   0   0   0   0 |     TCA   0   1   0   0   0   0 | *** TAA   0   0   0   0   0   0 | *** TGA   0   0   0   0   0   0
    TTG   0   0   0   0   0   0 |     TCG   1   0   1   1   1   1 |     TAG   0   0   0   0   0   0 | Trp TGG   0   0   0   0   0   0
--------------------------------------------------------------------------------------------------------------------------------------
Leu CTT   0   0   0   0   0   0 | Pro CCT   0   0   0   0   0   0 | His CAT   0   0   0   0   0   0 | Arg CGT   0   0   0   0   0   0
    CTC   0   0   0   0   0   0 |     CCC   3   3   3   2   3   3 |     CAC   1   1   1   1   1   1 |     CGC   0   0   0   0   0   0
    CTA   0   0   0   0   0   0 |     CCA   0   0   0   0   0   0 | Gln CAA   0   0   0   0   0   0 |     CGA   0   0   0   0   0   0
    CTG   4   4   4   4   4   4 |     CCG   2   2   2   3   2   2 |     CAG   0   0   0   0   0   0 |     CGG   0   0   0   0   0   0
--------------------------------------------------------------------------------------------------------------------------------------
Ile ATT   0   0   0   0   0   0 | Thr ACT   0   0   0   0   0   0 | Asn AAT   0   0   0   0   0   0 | Ser AGT   0   0   0   0   0   0
    ATC   0   0   0   0   0   0 |     ACC   1   1   1   1   1   1 |     AAC   0   0   0   0   0   0 |     AGC   1   1   1   1   1   1
    ATA   0   0   0   0   0   0 |     ACA   0   0   0   0   0   0 | Lys AAA   1   1   1   1   1   1 | Arg AGA   0   0   0   0   0   0
Met ATG   0   0   0   0   0   0 |     ACG   0   0   0   0   0   0 |     AAG   2   2   2   2   2   2 |     AGG   0   0   0   0   0   0
--------------------------------------------------------------------------------------------------------------------------------------
Val GTT   0   0   0   0   0   0 | Ala GCT   0   0   0   0   0   0 | Asp GAT   0   0   0   0   0   0 | Gly GGT   0   0   0   0   0   0
    GTC   0   0   0   0   0   0 |     GCC   1   1   1   1   1   1 |     GAC   2   2   2   2   2   2 |     GGC   0   0   0   0   0   0
    GTA   0   0   0   0   0   0 |     GCA   1   1   1   1   1   1 | Glu GAA   0   0   0   0   0   0 |     GGA   0   0   0   0   0   0
    GTG   0   0   0   0   0   0 |     GCG   0   0   0   0   0   0 |     GAG   0   0   0   0   0   0 |     GGG   0   0   0   0   0   0
--------------------------------------------------------------------------------------------------------------------------------------

--------------------------------------------------------------------------------------------------------------------------------------
Phe TTT   0   0   0   0   0   0 | Ser TCT   0   0   0   0   0   0 | Tyr TAT   1   1   1   1   1   1 | Cys TGT   0   0   0   0   0   0
    TTC   0   0   0   0   0   0 |     TCC   0   0   0   0   0   0 |     TAC   1   1   1   1   1   1 |     TGC   0   0   0   0   0   0
Leu TTA   0   0   0   0   0   0 |     TCA   0   0   0   0   0   0 | *** TAA   0   0   0   0   0   0 | *** TGA   0   0   0   0   0   0
    TTG   0   0   0   0   0   0 |     TCG   1   1   1   1   1   1 |     TAG   0   0   0   0   0   0 | Trp TGG   0   0   0   0   0   0
--------------------------------------------------------------------------------------------------------------------------------------
Leu CTT   0   0   0   0   0   0 | Pro CCT   0   0   0   0   0   0 | His CAT   1   1   0   0   0   0 | Arg CGT   0   0   0   0   0   0
    CTC   0   0   0   0   0   0 |     CCC   3   3   3   3   3   3 |     CAC   0   0   1   1   1   1 |     CGC   0   0   0   0   0   0
    CTA   0   0   0   0   0   0 |     CCA   1   0   0   0   0   0 | Gln CAA   0   0   0   0   0   0 |     CGA   0   0   0   0   0   0
    CTG   4   4   4   4   5   4 |     CCG   1   2   2   2   1   2 |     CAG   0   0   0   0   0   0 |     CGG   0   0   0   0   0   0
--------------------------------------------------------------------------------------------------------------------------------------
Ile ATT   0   0   0   0   0   0 | Thr ACT   0   0   0   0   0   0 | Asn AAT   0   0   0   0   0   0 | Ser AGT   0   0   0   0   0   0
    ATC   0   0   0   0   0   0 |     ACC   1   1   1   2   1   1 |     AAC   0   0   0   0   0   0 |     AGC   1   1   1   1   1   1
    ATA   0   0   0   0   0   0 |     ACA   0   0   1   0   0   0 | Lys AAA   1   1   1   1   1   1 | Arg AGA   0   0   0   0   0   0
Met ATG   0   0   0   0   0   0 |     ACG   0   0   0   0   0   0 |     AAG   2   2   2   2   2   2 |     AGG   0   0   0   0   0   0
--------------------------------------------------------------------------------------------------------------------------------------
Val GTT   0   0   0   0   0   0 | Ala GCT   0   0   0   0   0   0 | Asp GAT   0   0   0   0   0   0 | Gly GGT   0   0   0   0   0   0
    GTC   0   0   0   0   0   0 |     GCC   1   1   1   0   1   1 |     GAC   2   2   2   2   2   2 |     GGC   0   0   0   0   0   0
    GTA   0   0   0   0   0   0 |     GCA   1   1   0   1   1   1 | Glu GAA   0   0   0   0   0   0 |     GGA   0   0   0   0   0   0
    GTG   0   0   0   0   0   0 |     GCG   0   0   0   0   0   0 |     GAG   0   0   0   0   0   0 |     GGG   0   0   0   0   0   0
--------------------------------------------------------------------------------------------------------------------------------------

--------------------------------------------------------------------------------------------------------------------------------------
Phe TTT   0   0   0   0   0   0 | Ser TCT   0   0   0   0   0   0 | Tyr TAT   1   1   1   1   1   1 | Cys TGT   0   0   0   0   0   0
    TTC   0   0   0   0   0   0 |     TCC   1   1   0   0   0   0 |     TAC   1   1   1   1   1   1 |     TGC   0   0   0   0   0   0
Leu TTA   0   0   0   0   0   0 |     TCA   0   0   0   0   0   0 | *** TAA   0   0   0   0   0   0 | *** TGA   0   0   0   0   0   0
    TTG   0   0   0   0   0   0 |     TCG   0   0   1   1   1   1 |     TAG   0   0   0   0   0   0 | Trp TGG   0   0   0   0   0   0
--------------------------------------------------------------------------------------------------------------------------------------
Leu CTT   0   0   0   0   0   0 | Pro CCT   0   0   0   0   0   0 | His CAT   0   0   0   0   0   0 | Arg CGT   0   0   0   0   0   0
    CTC   0   0   0   0   0   0 |     CCC   3   3   3   3   3   3 |     CAC   1   1   1   1   1   1 |     CGC   0   0   0   0   0   0
    CTA   0   0   0   0   0   0 |     CCA   1   0   0   0   0   0 | Gln CAA   0   0   0   0   0   0 |     CGA   0   0   0   0   0   0
    CTG   4   4   4   4   4   4 |     CCG   1   2   2   2   2   2 |     CAG   0   0   0   0   0   0 |     CGG   0   0   0   0   0   0
--------------------------------------------------------------------------------------------------------------------------------------
Ile ATT   0   0   0   0   0   0 | Thr ACT   0   0   0   0   0   0 | Asn AAT   0   0   0   0   0   0 | Ser AGT   0   0   0   0   0   0
    ATC   0   0   0   0   0   0 |     ACC   1   1   1   1   1   1 |     AAC   0   0   0   0   0   0 |     AGC   1   1   1   1   1   1
    ATA   0   0   0   0   0   0 |     ACA   0   0   0   0   0   0 | Lys AAA   1   1   1   1   1   1 | Arg AGA   0   0   0   0   0   0
Met ATG   0   0   0   0   0   0 |     ACG   0   0   0   0   0   0 |     AAG   2   2   2   2   2   2 |     AGG   0   0   0   0   0   0
--------------------------------------------------------------------------------------------------------------------------------------
Val GTT   0   0   0   0   0   0 | Ala GCT   0   0   0   0   0   0 | Asp GAT   0   0   0   0   0   0 | Gly GGT   0   0   0   0   0   0
    GTC   0   0   0   0   0   0 |     GCC   1   1   1   1   1   1 |     GAC   2   2   2   2   2   2 |     GGC   0   0   0   0   0   0
    GTA   0   0   0   0   0   0 |     GCA   1   1   1   1   1   1 | Glu GAA   0   0   0   0   0   0 |     GGA   0   0   0   0   0   0
    GTG   0   0   0   0   0   0 |     GCG   0   0   0   0   0   0 |     GAG   0   0   0   0   0   0 |     GGG   0   0   0   0   0   0
--------------------------------------------------------------------------------------------------------------------------------------

--------------------------------------------------------------------------------------------------------------------------------------
Phe TTT   0   0   0   0   0   0 | Ser TCT   0   0   0   0   0   0 | Tyr TAT   1   1   1   1   1   1 | Cys TGT   0   0   0   0   0   0
    TTC   0   0   0   0   0   0 |     TCC   0   0   1   0   0   0 |     TAC   1   1   1   1   1   1 |     TGC   0   0   0   0   0   0
Leu TTA   0   0   0   0   0   0 |     TCA   0   0   0   0   0   0 | *** TAA   0   0   0   0   0   0 | *** TGA   0   0   0   0   0   0
    TTG   0   0   0   0   0   0 |     TCG   1   1   0   1   1   1 |     TAG   0   0   0   0   0   0 | Trp TGG   0   0   0   0   0   0
--------------------------------------------------------------------------------------------------------------------------------------
Leu CTT   0   0   0   0   0   0 | Pro CCT   0   0   0   0   1   0 | His CAT   0   0   0   1   0   0 | Arg CGT   0   0   0   0   0   0
    CTC   0   0   0   0   0   0 |     CCC   3   3   3   2   3   3 |     CAC   1   1   1   0   1   1 |     CGC   0   0   0   0   0   0
    CTA   0   0   0   0   0   0 |     CCA   0   0   0   0   0   0 | Gln CAA   0   0   0   0   0   0 |     CGA   0   0   0   0   0   0
    CTG   4   4   4   4   4   4 |     CCG   2   2   2   3   1   2 |     CAG   0   0   0   0   0   0 |     CGG   0   0   0   0   0   0
--------------------------------------------------------------------------------------------------------------------------------------
Ile ATT   0   0   0   0   0   0 | Thr ACT   0   0   0   0   0   0 | Asn AAT   0   0   0   0   0   0 | Ser AGT   0   0   0   0   0   0
    ATC   0   0   0   0   0   0 |     ACC   1   1   2   1   1   1 |     AAC   0   0   0   0   0   0 |     AGC   1   1   1   1   1   1
    ATA   0   0   0   0   0   0 |     ACA   0   0   0   0   0   0 | Lys AAA   1   1   1   1   1   1 | Arg AGA   0   0   0   0   0   0
Met ATG   0   0   0   0   0   0 |     ACG   0   0   0   0   0   0 |     AAG   2   2   2   2   2   2 |     AGG   0   0   0   0   0   0
--------------------------------------------------------------------------------------------------------------------------------------
Val GTT   0   0   0   0   0   0 | Ala GCT   0   0   0   0   0   0 | Asp GAT   0   0   0   0   0   0 | Gly GGT   0   0   0   0   0   0
    GTC   0   0   0   0   0   0 |     GCC   1   1   0   1   1   1 |     GAC   2   2   2   2   2   2 |     GGC   0   0   0   0   0   0
    GTA   0   0   0   0   0   0 |     GCA   1   1   1   1   1   1 | Glu GAA   0   0   0   0   0   0 |     GGA   0   0   0   0   0   0
    GTG   0   0   0   0   0   0 |     GCG   0   0   0   0   0   0 |     GAG   0   0   0   0   0   0 |     GGG   0   0   0   0   0   0
--------------------------------------------------------------------------------------------------------------------------------------

--------------------------------------------------------------------------------------------------------------------------------------
Phe TTT   0   0   0   0   0   0 | Ser TCT   0   0   0   0   0   0 | Tyr TAT   1   1   1   1   1   1 | Cys TGT   0   0   0   0   0   0
    TTC   0   0   0   0   0   0 |     TCC   0   0   0   0   0   1 |     TAC   1   1   1   1   1   1 |     TGC   0   0   0   0   0   0
Leu TTA   0   0   0   0   0   0 |     TCA   0   0   0   0   0   0 | *** TAA   0   0   0   0   0   0 | *** TGA   0   0   0   0   0   0
    TTG   0   0   0   0   0   0 |     TCG   1   1   1   1   1   0 |     TAG   0   0   0   0   0   0 | Trp TGG   0   0   0   0   0   0
--------------------------------------------------------------------------------------------------------------------------------------
Leu CTT   0   0   0   0   0   0 | Pro CCT   0   0   0   0   0   0 | His CAT   1   0   0   0   0   0 | Arg CGT   0   0   0   0   0   0
    CTC   0   0   0   0   0   0 |     CCC   3   3   3   3   3   3 |     CAC   0   1   1   1   1   1 |     CGC   0   0   0   0   0   0
    CTA   0   0   0   0   0   0 |     CCA   0   0   0   0   0   0 | Gln CAA   0   0   0   0   0   0 |     CGA   0   0   0   0   0   0
    CTG   4   4   4   4   4   4 |     CCG   2   2   2   2   2   2 |     CAG   0   0   0   0   0   0 |     CGG   0   0   0   0   0   0
--------------------------------------------------------------------------------------------------------------------------------------
Ile ATT   0   0   0   0   0   0 | Thr ACT   0   0   0   0   0   0 | Asn AAT   0   0   0   0   0   0 | Ser AGT   0   0   0   0   0   0
    ATC   0   0   0   0   0   0 |     ACC   1   1   1   1   1   1 |     AAC   0   0   0   0   0   0 |     AGC   1   1   1   1   1   1
    ATA   0   0   0   0   0   0 |     ACA   0   0   0   0   0   0 | Lys AAA   1   1   1   1   1   1 | Arg AGA   0   0   0   0   0   0
Met ATG   0   0   0   0   0   0 |     ACG   0   0   0   0   0   0 |     AAG   2   2   2   2   2   2 |     AGG   0   0   0   0   0   0
--------------------------------------------------------------------------------------------------------------------------------------
Val GTT   0   0   0   0   0   0 | Ala GCT   0   0   0   0   0   0 | Asp GAT   0   0   0   0   0   0 | Gly GGT   0   0   0   0   0   0
    GTC   0   0   0   0   0   0 |     GCC   1   1   1   1   1   1 |     GAC   2   2   2   2   2   2 |     GGC   0   0   0   0   0   0
    GTA   0   0   0   0   0   0 |     GCA   1   1   1   1   1   1 | Glu GAA   0   0   0   0   0   0 |     GGA   0   0   0   0   0   0
    GTG   0   0   0   0   0   0 |     GCG   0   0   0   0   0   0 |     GAG   0   0   0   0   0   0 |     GGG   0   0   0   0   0   0
--------------------------------------------------------------------------------------------------------------------------------------

--------------------------------------------------------------------------------------------------------------------------------------
Phe TTT   0   0   0   0   0   0 | Ser TCT   0   0   0   0   0   0 | Tyr TAT   1   1   1   1   1   1 | Cys TGT   0   0   0   0   0   0
    TTC   0   0   0   0   0   0 |     TCC   1   0   1   1   0   0 |     TAC   1   1   1   1   1   1 |     TGC   0   0   0   0   0   0
Leu TTA   0   0   0   0   0   0 |     TCA   0   0   0   0   0   0 | *** TAA   0   0   0   0   0   0 | *** TGA   0   0   0   0   0   0
    TTG   0   0   0   0   0   0 |     TCG   0   1   0   0   1   1 |     TAG   0   0   0   0   0   0 | Trp TGG   0   0   0   0   0   0
--------------------------------------------------------------------------------------------------------------------------------------
Leu CTT   0   0   0   0   0   0 | Pro CCT   0   0   0   0   0   0 | His CAT   0   0   0   0   0   0 | Arg CGT   0   0   0   0   0   0
    CTC   0   0   0   0   0   0 |     CCC   3   3   3   3   3   3 |     CAC   1   1   1   1   1   1 |     CGC   0   0   0   0   0   0
    CTA   0   0   0   0   0   0 |     CCA   0   1   0   0   0   0 | Gln CAA   0   0   0   0   0   0 |     CGA   0   0   0   0   0   0
    CTG   4   4   4   4   4   4 |     CCG   2   1   2   2   2   2 |     CAG   0   0   0   0   0   0 |     CGG   0   0   0   0   0   0
--------------------------------------------------------------------------------------------------------------------------------------
Ile ATT   0   0   0   0   0   0 | Thr ACT   0   0   0   0   0   0 | Asn AAT   0   0   0   0   0   0 | Ser AGT   0   0   0   0   0   0
    ATC   0   0   0   0   0   0 |     ACC   1   1   2   1   1   1 |     AAC   0   0   0   0   0   0 |     AGC   1   1   1   1   1   1
    ATA   0   0   0   0   0   0 |     ACA   0   0   0   0   0   0 | Lys AAA   1   1   1   1   1   1 | Arg AGA   0   0   0   0   0   0
Met ATG   0   0   0   0   0   0 |     ACG   0   0   0   0   0   0 |     AAG   2   2   2   2   2   2 |     AGG   0   0   0   0   0   0
--------------------------------------------------------------------------------------------------------------------------------------
Val GTT   0   0   0   0   0   0 | Ala GCT   0   0   0   0   0   0 | Asp GAT   0   0   0   0   0   0 | Gly GGT   0   0   0   0   0   0
    GTC   0   0   0   0   0   0 |     GCC   1   1   0   1   1   1 |     GAC   2   2   2   2   2   2 |     GGC   0   0   0   0   0   0
    GTA   0   0   0   0   0   0 |     GCA   1   1   1   1   1   1 | Glu GAA   0   0   0   0   0   0 |     GGA   0   0   0   0   0   0
    GTG   0   0   0   0   0   0 |     GCG   0   0   0   0   0   0 |     GAG   0   0   0   0   0   0 |     GGG   0   0   0   0   0   0
--------------------------------------------------------------------------------------------------------------------------------------

--------------------------------------------------------------------------------------------------------------------------------------
Phe TTT   0   0   0   0   0   0 | Ser TCT   0   0   0   0   0   0 | Tyr TAT   1   1   1   1   1   1 | Cys TGT   0   0   0   0   0   0
    TTC   0   0   0   0   0   0 |     TCC   0   0   0   1   1   0 |     TAC   1   1   1   1   1   1 |     TGC   0   0   0   0   0   0
Leu TTA   0   0   0   0   0   0 |     TCA   0   0   0   0   0   0 | *** TAA   0   0   0   0   0   0 | *** TGA   0   0   0   0   0   0
    TTG   0   0   0   0   0   0 |     TCG   1   1   1   0   1   1 |     TAG   0   0   0   0   0   0 | Trp TGG   0   0   0   0   0   0
--------------------------------------------------------------------------------------------------------------------------------------
Leu CTT   0   0   0   0   0   0 | Pro CCT   0   0   0   1   0   0 | His CAT   0   0   0   0   0   0 | Arg CGT   0   0   0   0   0   0
    CTC   0   0   0   0   0   0 |     CCC   3   3   3   2   2   3 |     CAC   1   1   1   1   1   1 |     CGC   0   0   0   0   0   0
    CTA   0   0   0   0   0   0 |     CCA   1   0   0   0   0   0 | Gln CAA   0   0   0   0   0   0 |     CGA   0   0   0   0   0   0
    CTG   4   4   4   4   4   4 |     CCG   1   2   2   2   2   2 |     CAG   0   0   0   0   0   0 |     CGG   0   0   0   0   0   0
--------------------------------------------------------------------------------------------------------------------------------------
Ile ATT   0   0   0   0   0   0 | Thr ACT   0   0   0   0   0   0 | Asn AAT   0   0   0   0   0   0 | Ser AGT   0   1   0   0   0   0
    ATC   0   0   0   0   0   0 |     ACC   2   1   1   1   1   1 |     AAC   0   0   0   0   0   0 |     AGC   1   0   1   1   1   1
    ATA   0   0   0   0   0   0 |     ACA   0   0   0   0   0   0 | Lys AAA   1   1   1   1   1   1 | Arg AGA   0   0   0   0   0   0
Met ATG   0   0   0   0   0   0 |     ACG   0   0   0   0   0   0 |     AAG   2   2   2   2   2   2 |     AGG   0   0   0   0   0   0
--------------------------------------------------------------------------------------------------------------------------------------
Val GTT   0   0   0   0   0   0 | Ala GCT   0   0   0   0   0   0 | Asp GAT   0   0   0   0   0   0 | Gly GGT   0   0   0   0   0   0
    GTC   0   0   0   0   0   0 |     GCC   0   1   1   1   1   1 |     GAC   2   1   2   2   2   2 |     GGC   0   0   0   0   0   0
    GTA   0   0   0   0   0   0 |     GCA   1   1   1   1   1   1 | Glu GAA   0   1   0   0   0   0 |     GGA   0   0   0   0   0   0
    GTG   0   0   0   0   0   0 |     GCG   0   0   0   0   0   0 |     GAG   0   0   0   0   0   0 |     GGG   0   0   0   0   0   0
--------------------------------------------------------------------------------------------------------------------------------------

Codon position x base (3x4) table for each sequence.

#1: Argali         
position  1:    T:0.13636    C:0.45455    A:0.22727    G:0.18182
position  2:    T:0.18182    C:0.40909    A:0.36364    G:0.04545
position  3:    T:0.04545    C:0.45455    A:0.09091    G:0.40909
Average         T:0.12121    C:0.43939    A:0.22727    G:0.21212

#2: LesserMouseDeer
position  1:    T:0.13636    C:0.45455    A:0.22727    G:0.18182
position  2:    T:0.18182    C:0.40909    A:0.36364    G:0.04545
position  3:    T:0.04545    C:0.45455    A:0.04545    G:0.45455
Average         T:0.12121    C:0.43939    A:0.21212    G:0.22727

#3: LesserKudu     
position  1:    T:0.13636    C:0.45455    A:0.22727    G:0.18182
position  2:    T:0.22727    C:0.36364    A:0.36364    G:0.04545
position  3:    T:0.04545    C:0.45455    A:0.09091    G:0.40909
Average         T:0.13636    C:0.42424    A:0.22727    G:0.21212

#4: ForestMuskDeer2
position  1:    T:0.13636    C:0.45455    A:0.22727    G:0.18182
position  2:    T:0.18182    C:0.40909    A:0.36364    G:0.04545
position  3:    T:0.09091    C:0.45455    A:0.09091    G:0.36364
Average         T:0.13636    C:0.43939    A:0.22727    G:0.19697

#5: Camel          
position  1:    T:0.13636    C:0.45455    A:0.22727    G:0.18182
position  2:    T:0.22727    C:0.36364    A:0.31818    G:0.09091
position  3:    T:0.09091    C:0.40909    A:0.09091    G:0.40909
Average         T:0.15152    C:0.40909    A:0.21212    G:0.22727

#6: KillerWhale    
position  1:    T:0.13636    C:0.45455    A:0.22727    G:0.18182
position  2:    T:0.22727    C:0.40909    A:0.36364    G:0.00000
position  3:    T:0.09091    C:0.40909    A:0.09091    G:0.40909
Average         T:0.15152    C:0.42424    A:0.22727    G:0.19697

#7: DefassaWaterbuck
position  1:    T:0.13636    C:0.45455    A:0.22727    G:0.18182
position  2:    T:0.18182    C:0.40909    A:0.36364    G:0.04545
position  3:    T:0.04545    C:0.45455    A:0.09091    G:0.40909
Average         T:0.12121    C:0.43939    A:0.22727    G:0.21212

#8: Sheep          
position  1:    T:0.13636    C:0.45455    A:0.22727    G:0.18182
position  2:    T:0.18182    C:0.40909    A:0.36364    G:0.04545
position  3:    T:0.04545    C:0.45455    A:0.09091    G:0.40909
Average         T:0.12121    C:0.43939    A:0.22727    G:0.21212

#9: MaxwellsDuiker 
position  1:    T:0.13636    C:0.45455    A:0.22727    G:0.18182
position  2:    T:0.18182    C:0.40909    A:0.36364    G:0.04545
position  3:    T:0.04545    C:0.40909    A:0.13636    G:0.40909
Average         T:0.12121    C:0.42424    A:0.24242    G:0.21212

#10: GazellaPrzewalskyi
position  1:    T:0.13636    C:0.45455    A:0.22727    G:0.18182
position  2:    T:0.18182    C:0.40909    A:0.36364    G:0.04545
position  3:    T:0.00000    C:0.50000    A:0.22727    G:0.27273
Average         T:0.10606    C:0.45455    A:0.27273    G:0.16667

#11: MountainNyala  
position  1:    T:0.13636    C:0.45455    A:0.22727    G:0.18182
position  2:    T:0.18182    C:0.40909    A:0.36364    G:0.04545
position  3:    T:0.04545    C:0.45455    A:0.18182    G:0.31818
Average         T:0.12121    C:0.43939    A:0.25758    G:0.18182

#12: MuntiacusMuntjak
position  1:    T:0.13636    C:0.45455    A:0.27273    G:0.13636
position  2:    T:0.18182    C:0.40909    A:0.36364    G:0.04545
position  3:    T:0.04545    C:0.50000    A:0.09091    G:0.36364
Average         T:0.12121    C:0.45455    A:0.24242    G:0.18182

#13: goat           
position  1:    T:0.13636    C:0.45455    A:0.22727    G:0.18182
position  2:    T:0.18182    C:0.40909    A:0.36364    G:0.04545
position  3:    T:0.04545    C:0.45455    A:0.09091    G:0.40909
Average         T:0.12121    C:0.43939    A:0.22727    G:0.21212

#14: AfricanBuffalo 
position  1:    T:0.13636    C:0.45455    A:0.22727    G:0.18182
position  2:    T:0.18182    C:0.40909    A:0.36364    G:0.04545
position  3:    T:0.04545    C:0.45455    A:0.13636    G:0.36364
Average         T:0.12121    C:0.43939    A:0.24242    G:0.19697

#15: Topi           
position  1:    T:0.13636    C:0.45455    A:0.22727    G:0.18182
position  2:    T:0.18182    C:0.40909    A:0.36364    G:0.04545
position  3:    T:0.04545    C:0.45455    A:0.09091    G:0.40909
Average         T:0.12121    C:0.43939    A:0.22727    G:0.21212

#16: CommonDuiker   
position  1:    T:0.13636    C:0.45455    A:0.22727    G:0.18182
position  2:    T:0.18182    C:0.40909    A:0.36364    G:0.04545
position  3:    T:0.04545    C:0.40909    A:0.09091    G:0.45455
Average         T:0.12121    C:0.42424    A:0.22727    G:0.22727

#17: Suni           
position  1:    T:0.13636    C:0.45455    A:0.22727    G:0.18182
position  2:    T:0.18182    C:0.40909    A:0.36364    G:0.04545
position  3:    T:0.04545    C:0.45455    A:0.09091    G:0.40909
Average         T:0.12121    C:0.43939    A:0.22727    G:0.21212

#18: Springbuck     
position  1:    T:0.13636    C:0.45455    A:0.22727    G:0.18182
position  2:    T:0.18182    C:0.40909    A:0.36364    G:0.04545
position  3:    T:0.04545    C:0.45455    A:0.09091    G:0.40909
Average         T:0.12121    C:0.43939    A:0.22727    G:0.21212

#19: Okapi          
position  1:    T:0.13636    C:0.45455    A:0.22727    G:0.18182
position  2:    T:0.18182    C:0.40909    A:0.36364    G:0.04545
position  3:    T:0.09091    C:0.40909    A:0.13636    G:0.36364
Average         T:0.13636    C:0.42424    A:0.24242    G:0.19697

#20: Giraffe        
position  1:    T:0.13636    C:0.45455    A:0.22727    G:0.18182
position  2:    T:0.18182    C:0.40909    A:0.36364    G:0.04545
position  3:    T:0.09091    C:0.40909    A:0.09091    G:0.40909
Average         T:0.13636    C:0.42424    A:0.22727    G:0.21212

#21: TibetanAntelope
position  1:    T:0.13636    C:0.45455    A:0.27273    G:0.13636
position  2:    T:0.18182    C:0.40909    A:0.36364    G:0.04545
position  3:    T:0.04545    C:0.45455    A:0.09091    G:0.40909
Average         T:0.12121    C:0.43939    A:0.24242    G:0.19697

#22: Sitatunga      
position  1:    T:0.13636    C:0.45455    A:0.27273    G:0.13636
position  2:    T:0.18182    C:0.40909    A:0.36364    G:0.04545
position  3:    T:0.04545    C:0.45455    A:0.09091    G:0.40909
Average         T:0.12121    C:0.43939    A:0.24242    G:0.19697

#23: Oribi          
position  1:    T:0.13636    C:0.45455    A:0.22727    G:0.18182
position  2:    T:0.22727    C:0.36364    A:0.36364    G:0.04545
position  3:    T:0.04545    C:0.45455    A:0.09091    G:0.40909
Average         T:0.13636    C:0.42424    A:0.22727    G:0.21212

#24: BarbarySheep   
position  1:    T:0.13636    C:0.45455    A:0.22727    G:0.18182
position  2:    T:0.18182    C:0.40909    A:0.36364    G:0.04545
position  3:    T:0.04545    C:0.45455    A:0.09091    G:0.40909
Average         T:0.12121    C:0.43939    A:0.22727    G:0.21212

#25: Daviddeer      
position  1:    T:0.13636    C:0.45455    A:0.22727    G:0.18182
position  2:    T:0.18182    C:0.40909    A:0.36364    G:0.04545
position  3:    T:0.04545    C:0.50000    A:0.13636    G:0.31818
Average         T:0.12121    C:0.45455    A:0.24242    G:0.18182

#26: Reindeer       
position  1:    T:0.13636    C:0.45455    A:0.22727    G:0.18182
position  2:    T:0.18182    C:0.40909    A:0.36364    G:0.04545
position  3:    T:0.04545    C:0.50000    A:0.09091    G:0.36364
Average         T:0.12121    C:0.45455    A:0.22727    G:0.19697

#27: Ibex           
position  1:    T:0.13636    C:0.45455    A:0.22727    G:0.18182
position  2:    T:0.18182    C:0.40909    A:0.36364    G:0.04545
position  3:    T:0.04545    C:0.45455    A:0.09091    G:0.40909
Average         T:0.12121    C:0.43939    A:0.22727    G:0.21212

#28: GyrantGazelle  
position  1:    T:0.13636    C:0.45455    A:0.22727    G:0.18182
position  2:    T:0.18182    C:0.40909    A:0.36364    G:0.04545
position  3:    T:0.04545    C:0.45455    A:0.09091    G:0.40909
Average         T:0.12121    C:0.43939    A:0.22727    G:0.21212

#29: Hartebeest     
position  1:    T:0.13636    C:0.45455    A:0.22727    G:0.18182
position  2:    T:0.18182    C:0.40909    A:0.36364    G:0.04545
position  3:    T:0.04545    C:0.45455    A:0.09091    G:0.40909
Average         T:0.12121    C:0.43939    A:0.22727    G:0.21212

#30: Bongo          
position  1:    T:0.13636    C:0.45455    A:0.22727    G:0.18182
position  2:    T:0.18182    C:0.40909    A:0.36364    G:0.04545
position  3:    T:0.04545    C:0.45455    A:0.09091    G:0.40909
Average         T:0.12121    C:0.43939    A:0.22727    G:0.21212

#31: Gerenuk        
position  1:    T:0.13636    C:0.45455    A:0.22727    G:0.18182
position  2:    T:0.18182    C:0.40909    A:0.36364    G:0.04545
position  3:    T:0.04545    C:0.45455    A:0.09091    G:0.40909
Average         T:0.12121    C:0.43939    A:0.22727    G:0.21212

#32: CommonEland    
position  1:    T:0.13636    C:0.45455    A:0.22727    G:0.18182
position  2:    T:0.18182    C:0.40909    A:0.36364    G:0.04545
position  3:    T:0.04545    C:0.45455    A:0.09091    G:0.40909
Average         T:0.12121    C:0.43939    A:0.22727    G:0.21212

#33: MuntiacusReevesi
position  1:    T:0.13636    C:0.45455    A:0.27273    G:0.13636
position  2:    T:0.18182    C:0.40909    A:0.36364    G:0.04545
position  3:    T:0.04545    C:0.50000    A:0.09091    G:0.36364
Average         T:0.12121    C:0.45455    A:0.24242    G:0.18182

#34: HarveysDuiker  
position  1:    T:0.13636    C:0.45455    A:0.22727    G:0.18182
position  2:    T:0.18182    C:0.40909    A:0.36364    G:0.04545
position  3:    T:0.09091    C:0.36364    A:0.09091    G:0.45455
Average         T:0.13636    C:0.40909    A:0.22727    G:0.22727

#35: Pronghorn      
position  1:    T:0.13636    C:0.45455    A:0.22727    G:0.18182
position  2:    T:0.18182    C:0.40909    A:0.36364    G:0.04545
position  3:    T:0.09091    C:0.45455    A:0.09091    G:0.36364
Average         T:0.13636    C:0.43939    A:0.22727    G:0.19697

#36: BlueWildebeest 
position  1:    T:0.13636    C:0.45455    A:0.22727    G:0.18182
position  2:    T:0.18182    C:0.40909    A:0.36364    G:0.04545
position  3:    T:0.04545    C:0.45455    A:0.09091    G:0.40909
Average         T:0.12121    C:0.43939    A:0.22727    G:0.21212

#37: Gemsbok        
position  1:    T:0.13636    C:0.45455    A:0.22727    G:0.18182
position  2:    T:0.18182    C:0.40909    A:0.36364    G:0.04545
position  3:    T:0.09091    C:0.40909    A:0.09091    G:0.40909
Average         T:0.13636    C:0.42424    A:0.22727    G:0.21212

#38: Yak            
position  1:    T:0.13636    C:0.45455    A:0.22727    G:0.18182
position  2:    T:0.18182    C:0.40909    A:0.36364    G:0.04545
position  3:    T:0.04545    C:0.45455    A:0.09091    G:0.40909
Average         T:0.12121    C:0.43939    A:0.22727    G:0.21212

#39: BlueSheep      
position  1:    T:0.13636    C:0.45455    A:0.22727    G:0.18182
position  2:    T:0.18182    C:0.40909    A:0.36364    G:0.04545
position  3:    T:0.04545    C:0.45455    A:0.09091    G:0.40909
Average         T:0.12121    C:0.43939    A:0.22727    G:0.21212

#40: BohorReedbuck  
position  1:    T:0.13636    C:0.45455    A:0.22727    G:0.18182
position  2:    T:0.18182    C:0.40909    A:0.36364    G:0.04545
position  3:    T:0.04545    C:0.45455    A:0.09091    G:0.40909
Average         T:0.12121    C:0.43939    A:0.22727    G:0.21212

#41: KirksDik       
position  1:    T:0.13636    C:0.45455    A:0.22727    G:0.18182
position  2:    T:0.18182    C:0.40909    A:0.36364    G:0.04545
position  3:    T:0.04545    C:0.45455    A:0.09091    G:0.40909
Average         T:0.12121    C:0.43939    A:0.22727    G:0.21212

#42: RoeDeer        
position  1:    T:0.13636    C:0.45455    A:0.22727    G:0.18182
position  2:    T:0.18182    C:0.40909    A:0.36364    G:0.04545
position  3:    T:0.04545    C:0.50000    A:0.09091    G:0.36364
Average         T:0.12121    C:0.45455    A:0.22727    G:0.19697

#43: WhiteLippedDeer
position  1:    T:0.13636    C:0.45455    A:0.22727    G:0.18182
position  2:    T:0.18182    C:0.40909    A:0.36364    G:0.04545
position  3:    T:0.04545    C:0.50000    A:0.09091    G:0.36364
Average         T:0.12121    C:0.45455    A:0.22727    G:0.19697

#44: ThomsonGazelle 
position  1:    T:0.13636    C:0.45455    A:0.22727    G:0.18182
position  2:    T:0.18182    C:0.40909    A:0.36364    G:0.04545
position  3:    T:0.04545    C:0.45455    A:0.13636    G:0.36364
Average         T:0.12121    C:0.43939    A:0.24242    G:0.19697

#45: MuntiacusCrinifrons
position  1:    T:0.13636    C:0.45455    A:0.27273    G:0.13636
position  2:    T:0.18182    C:0.40909    A:0.36364    G:0.04545
position  3:    T:0.04545    C:0.50000    A:0.09091    G:0.36364
Average         T:0.12121    C:0.45455    A:0.24242    G:0.18182

#46: WhiteTailedDeer
position  1:    T:0.13636    C:0.45455    A:0.22727    G:0.18182
position  2:    T:0.18182    C:0.40909    A:0.36364    G:0.04545
position  3:    T:0.04545    C:0.50000    A:0.09091    G:0.36364
Average         T:0.12121    C:0.45455    A:0.22727    G:0.19697

#47: Cattle         
position  1:    T:0.13636    C:0.45455    A:0.22727    G:0.18182
position  2:    T:0.18182    C:0.40909    A:0.36364    G:0.04545
position  3:    T:0.04545    C:0.45455    A:0.09091    G:0.40909
Average         T:0.12121    C:0.43939    A:0.22727    G:0.21212

#48: RoyalAntelope  
position  1:    T:0.13636    C:0.45455    A:0.22727    G:0.18182
position  2:    T:0.18182    C:0.40909    A:0.36364    G:0.04545
position  3:    T:0.04545    C:0.45455    A:0.09091    G:0.40909
Average         T:0.12121    C:0.43939    A:0.22727    G:0.21212

#49: Steenbok       
position  1:    T:0.13636    C:0.45455    A:0.27273    G:0.13636
position  2:    T:0.18182    C:0.40909    A:0.36364    G:0.04545
position  3:    T:0.04545    C:0.45455    A:0.13636    G:0.36364
Average         T:0.12121    C:0.43939    A:0.25758    G:0.18182

#50: Impala         
position  1:    T:0.13636    C:0.45455    A:0.22727    G:0.18182
position  2:    T:0.18182    C:0.40909    A:0.36364    G:0.04545
position  3:    T:0.09091    C:0.36364    A:0.13636    G:0.40909
Average         T:0.13636    C:0.40909    A:0.24242    G:0.21212

#51: Klipspringer   
position  1:    T:0.13636    C:0.45455    A:0.22727    G:0.18182
position  2:    T:0.18182    C:0.40909    A:0.36364    G:0.04545
