1
52 1
Argali 0.000000 0.077400 0.042700 0.122700 0.042700 0.010600 0.031800 0.021100 0.031800 0.158600 0.010600 0.021000 0.021200 0.031800 0.076700 0.031900 0.021200 0.000000 0.010600 0.031900 0.031800 0.021200 0.157300 0.145900 0.010600 0.021100 0.021200 0.031800 0.021100 0.031800 0.171000 0.031800 0.054000 0.021300 0.077700 0.010500 0.010500 0.042700 0.064800 0.145700 0.157300 0.032000 0.172300 0.133400 0.000000 0.064400 0.031900 0.042700 0.021200 0.042900 0.042700 0.031800
LesserMous 0.077400 0.000000 0.112500 0.159800 0.112700 0.089300 0.100500 0.100500 0.100400 0.243100 0.089300 0.088600 0.101300 0.100800 0.163100 0.112700 0.088900 0.077400 0.089700 0.100700 0.112500 0.101200 0.240700 0.200100 0.089300 0.100500 0.101300 0.100400 0.100200 0.100400 0.257000 0.100500 0.137600 0.101300 0.164900 0.077200 0.089000 0.112700 0.137300 0.227900 0.241000 0.113200 0.259000 0.213400 0.077400 0.124100 0.100700 0.113000 0.100800 0.112200 0.112500 0.100400
LesserKudu 0.042700 0.112500 0.000000 0.146500 0.021000 0.053900 0.031600 0.021000 0.010400 0.158200 0.053900 0.020900 0.054000 0.031700 0.099500 0.031800 0.021000 0.042700 0.054100 0.010400 0.031700 0.065100 0.132900 0.145300 0.053900 0.021000 0.054000 0.010500 0.021000 0.010400 0.170700 0.031600 0.053800 0.054000 0.077400 0.031700 0.053700 0.042500 0.064500 0.145400 0.157000 0.031900 0.171800 0.133000 0.042700 0.064200 0.031700 0.042600 0.042800 0.042300 0.000000 0.010500
KillerWhal 0.122700 0.159800 0.146500 0.000000 0.146700 0.111100 0.134000 0.146700 0.134100 0.279100 0.135200 0.121900 0.147800 0.134500 0.212100 0.159700 0.122400 0.122900 0.135900 0.134600 0.159200 0.147700 0.276700 0.263100 0.135200 0.146700 0.147800 0.134100 0.146200 0.134100 0.293700 0.134000 0.185400 0.147800 0.214800 0.110300 0.134900 0.146600 0.159000 0.263600 0.276800 0.147600 0.295500 0.248800 0.122700 0.158200 0.134400 0.147200 0.147100 0.146000 0.146500 0.134100
DefassaWat 0.042700 0.112700 0.021000 0.146700 0.000000 0.054000 0.031600 0.021000 0.010400 0.157800 0.054000 0.020900 0.054400 0.031600 0.087700 0.031800 0.021100 0.042900 0.054200 0.031900 0.031700 0.065100 0.132500 0.145100 0.054000 0.021000 0.054000 0.010400 0.021000 0.010400 0.170300 0.031600 0.053800 0.054000 0.077500 0.031700 0.053800 0.021000 0.064500 0.145000 0.156600 0.031900 0.171400 0.132700 0.042700 0.064100 0.031700 0.042600 0.043000 0.042300 0.021000 0.010400
Sheep 0.010600 0.089300 0.053900 0.111100 0.054000 0.000000 0.042700 0.031900 0.042800 0.171500 0.021400 0.031800 0.032000 0.042800 0.088600 0.042900 0.032000 0.010600 0.021400 0.043000 0.042800 0.032200 0.170200 0.158700 0.021400 0.031900 0.032200 0.042800 0.031900 0.042800 0.184200 0.042700 0.065100 0.032200 0.090100 0.021200 0.021200 0.054000 0.076300 0.158300 0.170100 0.032100 0.185600 0.146000 0.010600 0.075800 0.043000 0.053800 0.032100 0.053600 0.053900 0.042800
MaxwellsDu 0.031800 0.100500 0.031600 0.134000 0.031600 0.042700 0.000000 0.031600 0.020900 0.145900 0.042700 0.010400 0.042700 0.020900 0.087500 0.042500 0.031700 0.031900 0.042900 0.042500 0.042400 0.053400 0.144600 0.133200 0.043000 0.031600 0.042700 0.020900 0.031600 0.020900 0.158100 0.000000 0.064400 0.042700 0.065400 0.021000 0.042600 0.031600 0.053300 0.133200 0.144800 0.042600 0.159200 0.120900 0.031800 0.052900 0.020900 0.031600 0.053600 0.031400 0.031600 0.020900
GazellaPrz 0.021100 0.100500 0.021000 0.146700 0.021000 0.031900 0.031600 0.000000 0.010400 0.157800 0.031900 0.020900 0.032000 0.031700 0.076300 0.010500 0.021100 0.021200 0.032000 0.031900 0.010500 0.042800 0.132500 0.145100 0.032200 0.000000 0.031900 0.010400 0.000000 0.010400 0.170300 0.031600 0.031900 0.032000 0.054600 0.031700 0.031800 0.042500 0.064500 0.145000 0.156600 0.010500 0.171400 0.132800 0.021100 0.064100 0.031700 0.042600 0.021100 0.042500 0.021000 0.010400
MountainNy 0.031800 0.100400 0.010400 0.134100 0.010400 0.042800 0.020900 0.010400 0.000000 0.145700 0.042800 0.010400 0.042900 0.020900 0.087800 0.021100 0.010400 0.031800 0.043000 0.021000 0.021000 0.053900 0.120800 0.133100 0.042800 0.010400 0.042900 0.000000 0.010400 0.000000 0.158000 0.020900 0.042800 0.042900 0.065900 0.021000 0.042700 0.031600 0.053400 0.133100 0.144600 0.021100 0.158900 0.120900 0.031800 0.053100 0.021000 0.031700 0.031900 0.031500 0.010500 0.000000
MuntiacusM 0.158600 0.243100 0.158200 0.279100 0.157800 0.171500 0.145900 0.157800 0.145700 0.000000 0.171500 0.133300 0.171600 0.146200 0.197600 0.170400 0.158400 0.159200 0.172200 0.171200 0.170600 0.184500 0.064300 0.098400 0.171500 0.157800 0.171600 0.145700 0.157700 0.145700 0.010300 0.145900 0.171700 0.171600 0.225600 0.145800 0.170900 0.158400 0.184200 0.076300 0.042400 0.171200 0.010400 0.086600 0.158600 0.182900 0.145800 0.134000 0.183900 0.157700 0.158200 0.145700
goat 0.010600 0.089300 0.053900 0.135200 0.054000 0.021400 0.042700 0.031900 0.042800 0.171500 0.000000 0.031800 0.032200 0.042800 0.088600 0.043000 0.032000 0.010600 0.021300 0.043000 0.042800 0.032300 0.170200 0.158700 0.000000 0.032100 0.032200 0.042800 0.031900 0.042800 0.184200 0.042700 0.065500 0.032200 0.089800 0.021200 0.021200 0.054300 0.076300 0.145900 0.170100 0.042900 0.172500 0.146000 0.010600 0.075800 0.042900 0.053900 0.032100 0.053600 0.053900 0.042800
AfricanBuf 0.021000 0.088600 0.020900 0.121900 0.020900 0.031800 0.010400 0.020900 0.010400 0.133300 0.031800 0.000000 0.031800 0.010400 0.076000 0.031800 0.021000 0.021100 0.032000 0.031700 0.031500 0.042700 0.132200 0.120900 0.031800 0.020900 0.031800 0.010400 0.020900 0.010400 0.145300 0.010400 0.054000 0.031800 0.077000 0.010400 0.031700 0.021100 0.042300 0.120900 0.132300 0.031700 0.146300 0.108900 0.021000 0.042000 0.010400 0.021100 0.042500 0.020900 0.020900 0.010400
Topi 0.021200 0.101300 0.054000 0.147800 0.054400 0.032000 0.042700 0.032000 0.042900 0.171600 0.032200 0.031800 0.000000 0.042900 0.088600 0.043000 0.043000 0.021300 0.032300 0.054100 0.042800 0.042900 0.170300 0.158600 0.032000 0.032000 0.000000 0.042900 0.031900 0.042900 0.184400 0.042700 0.065500 0.000000 0.089800 0.032200 0.032100 0.054000 0.076400 0.158500 0.170200 0.043200 0.185600 0.146000 0.021200 0.075900 0.042900 0.054100 0.043000 0.053700 0.054000 0.042900
CommonDuik 0.031800 0.100800 0.031700 0.134500 0.031600 0.042800 0.020900 0.031700 0.020900 0.146200 0.042800 0.010400 0.042900 0.000000 0.087700 0.042700 0.031800 0.031900 0.043000 0.042600 0.043100 0.053500 0.144900 0.133400 0.042800 0.031700 0.042900 0.020900 0.031600 0.021000 0.158500 0.020900 0.064900 0.042900 0.088800 0.021000 0.042700 0.031600 0.053400 0.133500 0.145100 0.042700 0.159600 0.121200 0.031800 0.053100 0.021000 0.031700 0.053700 0.031500 0.031700 0.020900
Suni 0.076700 0.163100 0.099500 0.212100 0.087700 0.088600 0.087500 0.076300 0.087800 0.197600 0.088600 0.076000 0.088600 0.087700 0.000000 0.088000 0.100000 0.077000 0.089000 0.111900 0.076200 0.100200 0.196000 0.184100 0.088600 0.076300 0.088600 0.087800 0.076200 0.087800 0.210700 0.087500 0.088400 0.088600 0.138200 0.087900 0.088300 0.087700 0.123100 0.183900 0.195900 0.088200 0.212200 0.170900 0.076200 0.122200 0.087900 0.099600 0.100000 0.098900 0.099500 0.087800
Springbuck 0.031900 0.112700 0.031800 0.159700 0.031800 0.042900 0.042500 0.010500 0.021100 0.170400 0.043000 0.031800 0.043000 0.042700 0.088000 0.000000 0.032000 0.032000 0.043100 0.042900 0.021000 0.054000 0.144700 0.157500 0.042900 0.010600 0.043000 0.021100 0.010500 0.021100 0.183100 0.042500 0.042900 0.043000 0.066100 0.042800 0.042800 0.053600 0.075900 0.157400 0.169100 0.021200 0.184200 0.145000 0.031900 0.053100 0.042600 0.053900 0.031900 0.053300 0.031800 0.021100
Okapi 0.021200 0.088900 0.021000 0.122400 0.021100 0.032000 0.031700 0.021100 0.010400 0.158400 0.032000 0.021000 0.043000 0.031800 0.100000 0.032000 0.000000 0.021100 0.032200 0.010500 0.031800 0.043000 0.133000 0.145700 0.032000 0.021100 0.043000 0.010400 0.021000 0.010400 0.170900 0.031700 0.054100 0.043000 0.077800 0.010500 0.031900 0.042700 0.064700 0.145600 0.157200 0.032100 0.172100 0.133300 0.021200 0.064300 0.031800 0.042700 0.021200 0.042400 0.021000 0.010400
Giraffe 0.000000 0.077400 0.042700 0.122900 0.042900 0.010600 0.031900 0.021200 0.031800 0.159200 0.010600 0.021100 0.021300 0.031900 0.077000 0.032000 0.021100 0.000000 0.010600 0.032000 0.031900 0.021300 0.158000 0.146500 0.010600 0.021200 0.021300 0.031800 0.021100 0.031800 0.171700 0.031900 0.054200 0.021300 0.078000 0.010500 0.010600 0.042900 0.065000 0.146200 0.157900 0.032100 0.172900 0.134000 0.000000 0.064600 0.032000 0.042900 0.021200 0.042700 0.042700 0.031800
TibetanAnt 0.010600 0.089700 0.054100 0.135900 0.054200 0.021400 0.042900 0.032000 0.043000 0.172200 0.021300 0.032000 0.032300 0.043000 0.089000 0.043100 0.032200 0.010600 0.000000 0.043200 0.043000 0.032300 0.170900 0.159300 0.021300 0.031900 0.032300 0.043000 0.032000 0.043000 0.184900 0.042900 0.066000 0.032300 0.090200 0.021200 0.021300 0.054200 0.076600 0.159000 0.170800 0.043600 0.186300 0.146500 0.010600 0.076100 0.043100 0.054200 0.032000 0.053900 0.054100 0.043000
Sitatunga 0.031900 0.100700 0.010400 0.134600 0.031900 0.043000 0.042500 0.031900 0.021000 0.171200 0.043000 0.031700 0.054100 0.042600 0.111900 0.042900 0.010500 0.032000 0.043200 0.000000 0.042800 0.054100 0.145300 0.158100 0.043000 0.031900 0.054100 0.021000 0.031800 0.021000 0.183900 0.042500 0.065300 0.054100 0.089600 0.021000 0.042900 0.053700 0.076100 0.158100 0.169900 0.043100 0.185100 0.145500 0.031900 0.075600 0.042700 0.053800 0.032000 0.053400 0.010400 0.021000
Oribi 0.031800 0.112500 0.031700 0.159200 0.031700 0.042800 0.042400 0.010500 0.021000 0.170600 0.042800 0.031500 0.042800 0.043100 0.076200 0.021000 0.031800 0.031900 0.043000 0.042800 0.000000 0.053800 0.144700 0.157500 0.042700 0.010400 0.042800 0.021000 0.010400 0.021000 0.183200 0.042400 0.042700 0.042800 0.065800 0.042500 0.042900 0.053500 0.075700 0.157400 0.169200 0.021100 0.184400 0.144900 0.031800 0.075300 0.042500 0.053600 0.031800 0.053200 0.031700 0.021000
BarbaryShe 0.021200 0.101200 0.065100 0.147700 0.065100 0.032200 0.053400 0.042800 0.053900 0.184500 0.032300 0.042700 0.042900 0.053500 0.100200 0.054000 0.043000 0.021300 0.032300 0.054100 0.053800 0.000000 0.183000 0.171200 0.032100 0.042800 0.043000 0.053900 0.042800 0.053900 0.197400 0.053700 0.076500 0.043100 0.101600 0.031900 0.010600 0.065100 0.087800 0.171100 0.183000 0.053900 0.198800 0.158300 0.021200 0.087400 0.053600 0.065200 0.043000 0.064800 0.065100 0.053900
Daviddeer 0.157300 0.240700 0.132900 0.276700 0.132500 0.170200 0.144600 0.132500 0.120800 0.064300 0.170200 0.132200 0.170300 0.144900 0.196000 0.144700 0.133000 0.158000 0.170900 0.145300 0.144700 0.183000 0.000000 0.120700 0.170200 0.132500 0.170300 0.120800 0.132400 0.120800 0.075300 0.144600 0.145700 0.170300 0.197600 0.144600 0.169600 0.144700 0.182600 0.097400 0.021000 0.145300 0.075900 0.108600 0.157300 0.181300 0.144600 0.132900 0.157500 0.132100 0.132900 0.120800
Reindeer 0.145900 0.200100 0.145300 0.263100 0.145100 0.158700 0.133200 0.145100 0.133100 0.098400 0.158700 0.120900 0.158600 0.133400 0.184100 0.157500 0.145700 0.146500 0.159300 0.158100 0.157500 0.171200 0.120700 0.000000 0.158700 0.145100 0.158600 0.133100 0.145000 0.133100 0.109900 0.133200 0.158700 0.158600 0.211700 0.133200 0.158000 0.145500 0.170500 0.086400 0.097600 0.158200 0.110800 0.010500 0.145900 0.169300 0.133200 0.121500 0.170700 0.144800 0.145300 0.133100
Ibex 0.010600 0.089300 0.053900 0.135200 0.054000 0.021400 0.043000 0.032200 0.042800 0.171500 0.000000 0.031800 0.032000 0.042800 0.088600 0.042900 0.032000 0.010600 0.021300 0.043000 0.042700 0.032100 0.170200 0.158700 0.000000 0.031900 0.032100 0.042800 0.031900 0.042800 0.184200 0.042700 0.065500 0.032200 0.089800 0.021200 0.021200 0.054000 0.076300 0.145900 0.170100 0.043000 0.172500 0.146000 0.010600 0.075800 0.042900 0.054000 0.032100 0.053600 0.053900 0.042800
GyrantGaze 0.021100 0.100500 0.021000 0.146700 0.021000 0.031900 0.031600 0.000000 0.010400 0.157800 0.032100 0.020900 0.032000 0.031700 0.076300 0.010600 0.021100 0.021200 0.031900 0.031900 0.010400 0.042800 0.132500 0.145100 0.031900 0.000000 0.032000 0.010400 0.000000 0.010400 0.170300 0.031600 0.031900 0.032000 0.054600 0.031700 0.031800 0.042500 0.064500 0.145000 0.156600 0.010500 0.171400 0.132800 0.021100 0.064100 0.031700 0.042600 0.021100 0.042300 0.021000 0.010400
Hartebeest 0.021200 0.101300 0.054000 0.147800 0.054000 0.032200 0.042700 0.031900 0.042900 0.171600 0.032200 0.031800 0.000000 0.042900 0.088600 0.043000 0.043000 0.021300 0.032300 0.054100 0.042800 0.043000 0.170300 0.158600 0.032100 0.032000 0.000000 0.042900 0.031900 0.042900 0.184400 0.042700 0.065500 0.000000 0.089800 0.032000 0.032000 0.054000 0.075800 0.158500 0.170200 0.043200 0.185600 0.146000 0.021200 0.075900 0.042900 0.054100 0.043000 0.053700 0.054000 0.042900
Bongo 0.031800 0.100400 0.010500 0.134100 0.010400 0.042800 0.020900 0.010400 0.000000 0.145700 0.042800 0.010400 0.042900 0.020900 0.087800 0.021100 0.010400 0.031800 0.043000 0.021000 0.021000 0.053900 0.120800 0.133100 0.042800 0.010400 0.042900 0.000000 0.010400 0.000000 0.158000 0.020900 0.042800 0.042900 0.065900 0.021000 0.042700 0.031600 0.053400 0.133100 0.144600 0.021100 0.158900 0.120900 0.031800 0.053100 0.021000 0.031700 0.031900 0.031500 0.010500 0.000000
Gerenuk 0.021100 0.100200 0.021000 0.146200 0.021000 0.031900 0.031600 0.000000 0.010400 0.157700 0.031900 0.020900 0.031900 0.031600 0.076200 0.010500 0.021000 0.021100 0.032000 0.031800 0.010400 0.042800 0.132400 0.145000 0.031900 0.000000 0.031900 0.010400 0.000000 0.010400 0.170200 0.031600 0.031800 0.031900 0.054500 0.031700 0.031800 0.042500 0.064500 0.144900 0.156500 0.010500 0.171300 0.132700 0.021100 0.064100 0.031700 0.042600 0.021100 0.042300 0.021000 0.010400
CommonElan 0.031800 0.100400 0.010400 0.134100 0.010400 0.042800 0.020900 0.010400 0.000000 0.145700 0.042800 0.010400 0.042900 0.021000 0.087800 0.021100 0.010400 0.031800 0.043000 0.021000 0.021000 0.053900 0.120800 0.133100 0.042800 0.010400 0.042900 0.000000 0.010400 0.000000 0.158000 0.020900 0.042800 0.042900 0.065900 0.021000 0.042700 0.031600 0.053400 0.133100 0.144600 0.021100 0.158900 0.120900 0.031800 0.053100 0.021000 0.031700 0.031900 0.031500 0.010500 0.000000
MuntiacusR 0.171000 0.257000 0.170700 0.293700 0.170300 0.184200 0.158100 0.170300 0.158000 0.010300 0.184200 0.145300 0.184400 0.158500 0.210700 0.183100 0.170900 0.171700 0.184900 0.183900 0.183200 0.197400 0.075300 0.109900 0.184200 0.170300 0.184400 0.158000 0.170200 0.158000 0.000000 0.158100 0.184400 0.184400 0.211700 0.158000 0.183500 0.170800 0.197100 0.086800 0.053200 0.184000 0.020900 0.097900 0.171000 0.195700 0.158000 0.146100 0.196700 0.170100 0.170700 0.158000
HarveysDui 0.031800 0.100500 0.031600 0.134000 0.031600 0.042700 0.000000 0.031600 0.020900 0.145900 0.042700 0.010400 0.042700 0.020900 0.087500 0.042500 0.031700 0.031900 0.042900 0.042500 0.042400 0.053700 0.144600 0.133200 0.042700 0.031600 0.042700 0.020900 0.031600 0.020900 0.158100 0.000000 0.064700 0.042700 0.065800 0.020900 0.042500 0.031600 0.053300 0.133200 0.144800 0.042600 0.159200 0.120900 0.031700 0.052900 0.021000 0.031600 0.053600 0.031500 0.031600 0.020900
Pronghorn 0.054000 0.137600 0.053800 0.185400 0.053800 0.065100 0.064400 0.031900 0.042800 0.171700 0.065500 0.054000 0.065500 0.064900 0.088400 0.042900 0.054100 0.054200 0.066000 0.065300 0.042700 0.076500 0.145700 0.158700 0.065500 0.031900 0.065500 0.042800 0.031800 0.042800 0.184400 0.064700 0.000000 0.065500 0.089500 0.065000 0.065200 0.076300 0.099200 0.158500 0.170300 0.043000 0.185700 0.146000 0.054000 0.098500 0.065400 0.076300 0.054100 0.075800 0.053800 0.042800
BlueWildeb 0.021300 0.101300 0.054000 0.147800 0.054000 0.032200 0.042700 0.032000 0.042900 0.171600 0.032200 0.031800 0.000000 0.042900 0.088600 0.043000 0.043000 0.021300 0.032300 0.054100 0.042800 0.043100 0.170300 0.158600 0.032200 0.032000 0.000000 0.042900 0.031900 0.042900 0.184400 0.042700 0.065500 0.000000 0.089800 0.031900 0.032100 0.054000 0.076400 0.158500 0.170200 0.043400 0.185600 0.146000 0.021200 0.075900 0.042900 0.054400 0.043000 0.053700 0.054000 0.042900
Gemsbok 0.077700 0.164900 0.077400 0.214800 0.077500 0.090100 0.065400 0.054600 0.065900 0.225600 0.089800 0.077000 0.089800 0.088800 0.138200 0.066100 0.077800 0.078000 0.090200 0.089600 0.065800 0.101600 0.197600 0.211700 0.089800 0.054600 0.089800 0.065900 0.054500 0.065900 0.211700 0.065800 0.089500 0.089800 0.000000 0.089000 0.089500 0.100700 0.124600 0.211300 0.223700 0.066400 0.241000 0.198100 0.077300 0.123600 0.089000 0.100900 0.077700 0.100200 0.077400 0.065900
Yak 0.010500 0.077200 0.031700 0.110300 0.031700 0.021200 0.021000 0.031700 0.021000 0.145800 0.021200 0.010400 0.032200 0.021000 0.087900 0.042800 0.010500 0.010500 0.021200 0.021000 0.042500 0.031900 0.144600 0.133200 0.021200 0.031700 0.032000 0.021000 0.031700 0.021000 0.158000 0.020900 0.065000 0.031900 0.089000 0.000000 0.021100 0.031700 0.053400 0.133100 0.144600 0.042800 0.159100 0.121900 0.010500 0.053100 0.021000 0.031700 0.032100 0.031500 0.031700 0.021000
BlueSheep 0.010500 0.089000 0.053700 0.134900 0.053800 0.021200 0.042600 0.031800 0.042700 0.170900 0.021200 0.031700 0.032100 0.042700 0.088300 0.042800 0.031900 0.010600 0.021300 0.042900 0.042900 0.010600 0.169600 0.158000 0.021200 0.031800 0.032000 0.042700 0.031800 0.042700 0.183500 0.042500 0.065200 0.032100 0.089500 0.021100 0.000000 0.053800 0.076100 0.157800 0.169500 0.043000 0.184800 0.145400 0.010500 0.075600 0.042700 0.053800 0.031900 0.053500 0.053700 0.042700
BohorReedb 0.042700 0.112700 0.042500 0.146600 0.021000 0.054000 0.031600 0.042500 0.031600 0.158400 0.054300 0.021100 0.054000 0.031600 0.087700 0.053600 0.042700 0.042900 0.054200 0.053700 0.053500 0.065100 0.144700 0.145500 0.054000 0.042500 0.054000 0.031600 0.042500 0.031600 0.170800 0.031600 0.076300 0.054000 0.100700 0.031700 0.053800 0.000000 0.064500 0.145400 0.144800 0.053800 0.172000 0.133000 0.042700 0.064400 0.031700 0.042600 0.064900 0.042300 0.042500 0.031600
KirksDik 0.064800 0.137300 0.064500 0.159000 0.064500 0.076300 0.053300 0.064500 0.053400 0.184200 0.076300 0.042300 0.076400 0.053400 0.123100 0.075900 0.064700 0.065000 0.076600 0.076100 0.075700 0.087800 0.182600 0.170500 0.076300 0.064500 0.075800 0.053400 0.064500 0.053400 0.197100 0.053300 0.099200 0.076400 0.124600 0.053400 0.076100 0.064500 0.000000 0.170600 0.182700 0.076200 0.198300 0.157600 0.065000 0.086600 0.053400 0.064700 0.087500 0.064200 0.064500 0.053400
RoeDeer 0.145700 0.227900 0.145400 0.263600 0.145000 0.158300 0.133200 0.145000 0.133100 0.076300 0.145900 0.120900 0.158500 0.133500 0.183900 0.157400 0.145600 0.146200 0.159000 0.158100 0.157400 0.171100 0.097400 0.086400 0.145900 0.145000 0.158500 0.133100 0.144900 0.133100 0.086800 0.133200 0.158500 0.158500 0.211300 0.133100 0.157800 0.145400 0.170600 0.000000 0.075000 0.158100 0.064300 0.074900 0.145700 0.169500 0.133100 0.121500 0.170400 0.144800 0.145400 0.133100
WhiteLippe 0.157300 0.241000 0.157000 0.276800 0.156600 0.170100 0.144800 0.156600 0.144600 0.042400 0.170100 0.132300 0.170200 0.145100 0.195900 0.169100 0.157200 0.157900 0.170800 0.169900 0.169200 0.183000 0.021000 0.097600 0.170100 0.156600 0.170200 0.144600 0.156500 0.144600 0.053200 0.144800 0.170300 0.170200 0.223700 0.144600 0.169500 0.144800 0.182700 0.075000 0.000000 0.169900 0.053600 0.085900 0.157300 0.181500 0.144600 0.133000 0.182400 0.132200 0.157000 0.144600
ThomsonGaz 0.032000 0.113200 0.031900 0.147600 0.031900 0.032100 0.042600 0.010500 0.021100 0.171200 0.042900 0.031700 0.043200 0.042700 0.088200 0.021200 0.032100 0.032100 0.043600 0.043100 0.021100 0.053900 0.145300 0.158200 0.043000 0.010500 0.043200 0.021100 0.010500 0.021100 0.184000 0.042600 0.043000 0.043400 0.066400 0.042800 0.043000 0.053800 0.076200 0.158100 0.169900 0.000000 0.185200 0.145700 0.031900 0.075700 0.042500 0.053900 0.032200 0.054000 0.031900 0.021100
MuntiacusC 0.172300 0.259000 0.171800 0.295500 0.171400 0.185600 0.159200 0.171400 0.158900 0.010400 0.172500 0.146300 0.185600 0.159600 0.212200 0.184200 0.172100 0.172900 0.186300 0.185100 0.184400 0.198800 0.075900 0.110800 0.172500 0.171400 0.185600 0.158900 0.171300 0.158900 0.020900 0.159200 0.185700 0.185600 0.241000 0.159100 0.184800 0.172000 0.198300 0.064300 0.053600 0.185200 0.000000 0.098600 0.172300 0.197000 0.159100 0.147000 0.198100 0.171200 0.171800 0.158900
WhiteTaile 0.133400 0.213400 0.133000 0.248800 0.132700 0.146000 0.120900 0.132800 0.120900 0.086600 0.146000 0.108900 0.146000 0.121200 0.170900 0.145000 0.133300 0.134000 0.146500 0.145500 0.144900 0.158300 0.108600 0.010500 0.146000 0.132800 0.146000 0.120900 0.132700 0.120900 0.097900 0.120900 0.146000 0.146000 0.198100 0.121900 0.145400 0.133000 0.157600 0.074900 0.085900 0.145700 0.098600 0.000000 0.133400 0.156500 0.121000 0.109500 0.157800 0.132400 0.133000 0.120900
Cattle 0.000000 0.077400 0.042700 0.122700 0.042700 0.010600 0.031800 0.021100 0.031800 0.158600 0.010600 0.021000 0.021200 0.031800 0.076200 0.031900 0.021200 0.000000 0.010600 0.031900 0.031800 0.021200 0.157300 0.145900 0.010600 0.021100 0.021200 0.031800 0.021100 0.031800 0.171000 0.031700 0.054000 0.021200 0.077300 0.010500 0.010500 0.042700 0.065000 0.145700 0.157300 0.031900 0.172300 0.133400 0.000000 0.064400 0.031900 0.043200 0.021200 0.042500 0.042700 0.031800
RoyalAntel 0.064400 0.124100 0.064200 0.158200 0.064100 0.075800 0.052900 0.064100 0.053100 0.182900 0.075800 0.042000 0.075900 0.053100 0.122200 0.053100 0.064300 0.064600 0.076100 0.075600 0.075300 0.087400 0.181300 0.169300 0.075800 0.064100 0.075900 0.053100 0.064100 0.053100 0.195700 0.052900 0.098500 0.075900 0.123600 0.053100 0.075600 0.064400 0.086600 0.169500 0.181500 0.075700 0.197000 0.156500 0.064400 0.000000 0.053100 0.064300 0.086900 0.063800 0.064200 0.053100
Steenbok 0.031900 0.100700 0.031700 0.134400 0.031700 0.043000 0.020900 0.031700 0.021000 0.145800 0.042900 0.010400 0.042900 0.021000 0.087900 0.042600 0.031800 0.032000 0.043100 0.042700 0.042500 0.053600 0.144600 0.133200 0.042900 0.031700 0.042900 0.021000 0.031700 0.021000 0.158000 0.021000 0.065400 0.042900 0.089000 0.021000 0.042700 0.031700 0.053400 0.133100 0.144600 0.042500 0.159100 0.121000 0.031900 0.053100 0.000000 0.031700 0.053800 0.031500 0.031700 0.021000
Impala 0.042700 0.113000 0.042600 0.147200 0.042600 0.053800 0.031600 0.042600 0.031700 0.134000 0.053900 0.021100 0.054100 0.031700 0.099600 0.053900 0.042700 0.042900 0.054200 0.053800 0.053600 0.065200 0.132900 0.121500 0.054000 0.042600 0.054100 0.031700 0.042600 0.031700 0.146100 0.031600 0.076300 0.054400 0.100900 0.031700 0.053800 0.042600 0.064700 0.121500 0.133000 0.053900 0.147000 0.109500 0.043200 0.064300 0.031700 0.000000 0.065000 0.042400 0.042600 0.031700
Klipspring 0.021200 0.100800 0.042800 0.147100 0.043000 0.032100 0.053600 0.021100 0.031900 0.183900 0.032100 0.042500 0.043000 0.053700 0.100000 0.031900 0.021200 0.021200 0.032000 0.032000 0.031800 0.043000 0.157500 0.170700 0.032100 0.021100 0.043000 0.031900 0.021100 0.031900 0.196700 0.053600 0.054100 0.043000 0.077700 0.032100 0.031900 0.064900 0.087500 0.170400 0.182400 0.032200 0.198100 0.157800 0.021200 0.086900 0.053800 0.065000 0.000000 0.064600 0.042800 0.031900
ForestMusk 0.042900 0.112200 0.042300 0.146000 0.042300 0.053600 0.031400 0.042500 0.031500 0.157700 0.053600 0.020900 0.053700 0.031500 0.098900 0.053300 0.042400 0.042700 0.053900 0.053400 0.053200 0.064800 0.132100 0.144800 0.053600 0.042300 0.053700 0.031500 0.042300 0.031500 0.170100 0.031500 0.075800 0.053700 0.100200 0.031500 0.053500 0.042300 0.064200 0.144800 0.132200 0.054000 0.171200 0.132400 0.042500 0.063800 0.031500 0.042400 0.064600 0.000000 0.042300 0.031500
Bushbuck 0.042700 0.112500 0.000000 0.146500 0.021000 0.053900 0.031600 0.021000 0.010500 0.158200 0.053900 0.020900 0.054000 0.031700 0.099500 0.031800 0.021000 0.042700 0.054100 0.010400 0.031700 0.065100 0.132900 0.145300 0.053900 0.021000 0.054000 0.010500 0.021000 0.010500 0.170700 0.031600 0.053800 0.054000 0.077400 0.031700 0.053700 0.042500 0.064500 0.145400 0.157000 0.031900 0.171800 0.133000 0.042700 0.064200 0.031700 0.042600 0.042800 0.042300 0.000000 0.010500
GreaterKud 0.031800 0.100400 0.010500 0.134100 0.010400 0.042800 0.020900 0.010400 0.000000 0.145700 0.042800 0.010400 0.042900 0.020900 0.087800 0.021100 0.010400 0.031800 0.043000 0.021000 0.021000 0.053900 0.120800 0.133100 0.042800 0.010400 0.042900 0.000000 0.010400 0.000000 0.158000 0.020900 0.042800 0.042900 0.065900 0.021000 0.042700 0.031600 0.053400 0.133100 0.144600 0.021100 0.158900 0.120900 0.031800 0.053100 0.021000 0.031700 0.031900 0.031500 0.010500 0.000000
