1
52 1
Argali 0.000000 0.207800 0.088800 0.165200 0.032500 0.010700 0.054600 0.043700 0.054800 0.078400 0.010700 0.010700 0.033100 0.043900 0.066300 0.043900 0.055300 0.077300 0.021600 0.066000 0.078300 0.044300 0.055700 0.105200 0.010700 0.054400 0.044400 0.054800 0.054600 0.054800 0.067200 0.032900 0.128500 0.021700 0.044300 0.078400 0.021800 0.032400 0.055000 0.067300 0.044100 0.054400 0.067100 0.080800 0.089700 0.056000 0.054700 0.044000 0.044200 0.032700 0.066100 0.054900
LesserMous 0.207800 0.000000 0.218000 0.209900 0.221600 0.194800 0.219700 0.180000 0.219600 0.250100 0.194800 0.193600 0.197600 0.166500 0.206000 0.167200 0.221100 0.217300 0.208300 0.233400 0.207400 0.182400 0.223000 0.242800 0.194800 0.204900 0.197600 0.219600 0.178600 0.219600 0.266000 0.195900 0.218900 0.182200 0.209700 0.221800 0.208100 0.220900 0.179300 0.208500 0.236000 0.205000 0.237300 0.242100 0.234600 0.197200 0.206900 0.209000 0.181200 0.208200 0.233500 0.191500
LesserKudu 0.088800 0.218000 0.000000 0.218800 0.088600 0.077400 0.123700 0.112300 0.053000 0.125300 0.077400 0.076900 0.102100 0.112900 0.136600 0.112900 0.113000 0.135600 0.089000 0.063900 0.149700 0.089900 0.126000 0.167600 0.077400 0.123500 0.114300 0.053200 0.123700 0.053000 0.138300 0.101400 0.192300 0.089400 0.089800 0.124900 0.088800 0.088300 0.124400 0.126200 0.113300 0.123500 0.113700 0.141600 0.136600 0.114500 0.099200 0.113000 0.113400 0.101000 0.064200 0.042300
KillerWhal 0.165200 0.209900 0.218800 0.000000 0.179300 0.152400 0.205200 0.165100 0.178100 0.207800 0.152400 0.151800 0.182100 0.151100 0.192200 0.151800 0.151700 0.150000 0.165400 0.191500 0.192400 0.139300 0.181100 0.257400 0.152400 0.162600 0.182000 0.177900 0.163300 0.178100 0.194600 0.181000 0.181900 0.166700 0.195200 0.234700 0.165500 0.178600 0.164000 0.168000 0.166600 0.163400 0.195200 0.215000 0.248000 0.210800 0.165300 0.194300 0.193900 0.165200 0.191400 0.178300
DefassaWat 0.032500 0.221600 0.088600 0.179300 0.000000 0.021600 0.065600 0.054700 0.054600 0.090100 0.021600 0.021500 0.044400 0.055100 0.077700 0.055100 0.066700 0.088800 0.032600 0.065800 0.089800 0.055600 0.067100 0.117600 0.021600 0.065600 0.055800 0.054700 0.065800 0.054600 0.078700 0.043900 0.115200 0.032800 0.079100 0.089900 0.032500 0.010600 0.066200 0.078900 0.055300 0.065400 0.078700 0.092800 0.101300 0.067600 0.054600 0.055000 0.055400 0.043800 0.065900 0.054700
Sheep 0.010700 0.194800 0.077400 0.152400 0.021600 0.000000 0.043500 0.032700 0.043700 0.066900 0.000000 0.000000 0.022000 0.032800 0.055100 0.032800 0.044000 0.065900 0.010800 0.054800 0.066800 0.033100 0.044400 0.093200 0.000000 0.043300 0.033200 0.043700 0.043500 0.043700 0.055800 0.021900 0.116300 0.010800 0.056000 0.066900 0.010900 0.021500 0.043800 0.055900 0.032900 0.043400 0.055700 0.069000 0.078100 0.045100 0.043600 0.032900 0.033000 0.021700 0.054800 0.043700
MaxwellsDu 0.054600 0.219700 0.123700 0.205200 0.065600 0.043500 0.000000 0.054300 0.088700 0.113300 0.043500 0.043100 0.044100 0.032400 0.077200 0.054700 0.089500 0.111800 0.054700 0.100200 0.089200 0.078400 0.066700 0.142100 0.043500 0.088100 0.055500 0.088700 0.065300 0.088700 0.101900 0.043600 0.140100 0.032600 0.078600 0.113200 0.054600 0.065400 0.065800 0.102100 0.077900 0.087900 0.101800 0.116800 0.124700 0.067100 0.088700 0.054700 0.055100 0.054700 0.100300 0.088800
GazellaPrz 0.043700 0.180000 0.112300 0.165100 0.054700 0.032700 0.054300 0.000000 0.077600 0.078200 0.032700 0.032400 0.033100 0.043800 0.066200 0.021600 0.078300 0.077000 0.043700 0.089100 0.055000 0.067200 0.055600 0.130400 0.032700 0.054300 0.044400 0.077700 0.032200 0.077600 0.067100 0.033000 0.103300 0.021700 0.067400 0.101900 0.043700 0.054500 0.032500 0.067100 0.066800 0.054100 0.067000 0.105200 0.113400 0.056000 0.054600 0.043800 0.044100 0.055100 0.089100 0.077700
MountainNy 0.054800 0.219600 0.053000 0.178100 0.054600 0.043700 0.088700 0.077600 0.000000 0.113800 0.043700 0.043400 0.067300 0.078000 0.101000 0.078000 0.089800 0.112100 0.054900 0.010600 0.113600 0.055400 0.090500 0.142800 0.043700 0.088400 0.079100 0.000000 0.088600 0.000000 0.102300 0.066800 0.166700 0.055200 0.055400 0.113700 0.054800 0.054500 0.089200 0.102500 0.078200 0.088400 0.102300 0.117300 0.125200 0.091200 0.065200 0.078200 0.078400 0.066400 0.010400 0.021000
MuntiacusM 0.078400 0.250100 0.125300 0.207800 0.090100 0.066900 0.113300 0.078200 0.113800 0.000000 0.066900 0.066600 0.091600 0.102500 0.101800 0.102500 0.090200 0.112700 0.078500 0.125800 0.139200 0.103500 0.066800 0.117400 0.066900 0.113000 0.103800 0.113800 0.113200 0.113800 0.055200 0.090900 0.167300 0.079000 0.128500 0.090100 0.078400 0.089800 0.114000 0.078600 0.055000 0.113100 0.010900 0.092300 0.101500 0.116400 0.113900 0.102700 0.103000 0.090500 0.125800 0.114000
goat 0.010700 0.194800 0.077400 0.152400 0.021600 0.000000 0.043500 0.032700 0.043700 0.066900 0.000000 0.000000 0.022300 0.032800 0.055100 0.032800 0.044000 0.065900 0.010800 0.054800 0.066800 0.033100 0.044400 0.093200 0.000000 0.043300 0.033200 0.043700 0.043500 0.043700 0.055800 0.021900 0.116300 0.010800 0.056000 0.066900 0.010700 0.021500 0.043800 0.055900 0.032900 0.043400 0.055700 0.069000 0.078100 0.044600 0.043600 0.032900 0.033000 0.021700 0.054800 0.043700
AfricanBuf 0.010700 0.193600 0.076900 0.151800 0.021500 0.000000 0.043100 0.032400 0.043400 0.066600 0.000000 0.000000 0.021900 0.032600 0.054800 0.032600 0.043800 0.065600 0.010700 0.054500 0.066400 0.032900 0.044200 0.092600 0.000000 0.043100 0.033100 0.043500 0.043300 0.043400 0.055500 0.022000 0.115700 0.010800 0.055800 0.066600 0.010700 0.021400 0.043600 0.055600 0.032700 0.043000 0.055400 0.068600 0.077700 0.044500 0.043400 0.032600 0.032800 0.021600 0.054500 0.043500
Topi 0.033100 0.197600 0.102100 0.182100 0.044400 0.022000 0.044100 0.033100 0.067300 0.091600 0.022300 0.021900 0.000000 0.033300 0.055800 0.033300 0.067800 0.090200 0.033200 0.078800 0.067800 0.056700 0.045000 0.094100 0.022000 0.066800 0.011200 0.067400 0.044100 0.067300 0.080300 0.022200 0.117700 0.011000 0.056900 0.091800 0.033700 0.044200 0.044400 0.080300 0.056400 0.066800 0.080100 0.069700 0.103300 0.045300 0.067200 0.033400 0.033500 0.044600 0.078900 0.067300
CommonDuik 0.043900 0.166500 0.112900 0.151100 0.055100 0.032800 0.032400 0.043800 0.078000 0.102500 0.032800 0.032600 0.033300 0.000000 0.066500 0.032800 0.078700 0.101000 0.044000 0.089500 0.066800 0.067500 0.055900 0.130800 0.032800 0.065900 0.044700 0.078000 0.043500 0.078000 0.091100 0.033000 0.129000 0.021800 0.067700 0.102500 0.043900 0.054900 0.043800 0.091200 0.067200 0.065900 0.090900 0.105700 0.114000 0.056300 0.066300 0.044100 0.044300 0.044000 0.089500 0.078100
Suni 0.066300 0.206000 0.136600 0.192200 0.077700 0.055100 0.077200 0.066200 0.101000 0.101800 0.055100 0.054800 0.055800 0.066500 0.000000 0.066500 0.078200 0.100400 0.066400 0.112800 0.101600 0.090800 0.055500 0.130200 0.055100 0.100400 0.067500 0.101100 0.077000 0.101000 0.090500 0.055400 0.123000 0.044000 0.091000 0.126200 0.066300 0.077500 0.077700 0.090700 0.066700 0.100400 0.090400 0.105000 0.137900 0.079400 0.101000 0.043700 0.066900 0.078200 0.112900 0.101200
Springbuck 0.043900 0.167200 0.112900 0.151800 0.055100 0.032800 0.054700 0.021600 0.078000 0.102500 0.032800 0.032600 0.033300 0.032800 0.066500 0.000000 0.078800 0.077500 0.044000 0.089500 0.032600 0.067600 0.055900 0.131000 0.032800 0.032200 0.044600 0.078000 0.010600 0.078000 0.091100 0.033000 0.104000 0.021800 0.067700 0.102400 0.043900 0.054900 0.010800 0.067500 0.067200 0.032200 0.091000 0.105700 0.114000 0.056300 0.032400 0.044100 0.044700 0.032700 0.089600 0.078100
Okapi 0.055300 0.221100 0.113000 0.151700 0.066700 0.044000 0.089500 0.078300 0.089800 0.090200 0.044000 0.043800 0.067800 0.078700 0.078200 0.078800 0.000000 0.021200 0.055300 0.101600 0.114500 0.079500 0.067200 0.092500 0.044000 0.089400 0.079800 0.089900 0.089500 0.089800 0.078800 0.067300 0.067000 0.055700 0.103700 0.102500 0.055300 0.066500 0.090200 0.055600 0.055400 0.089400 0.078800 0.068500 0.114100 0.044100 0.089800 0.078800 0.079100 0.067100 0.101600 0.066300
Giraffe 0.077300 0.217300 0.135600 0.150000 0.088800 0.065900 0.111800 0.077000 0.112100 0.112700 0.065900 0.065600 0.090200 0.101000 0.100400 0.077500 0.021200 0.000000 0.077500 0.124000 0.112600 0.102000 0.089500 0.115400 0.065900 0.088000 0.102200 0.112100 0.088100 0.112100 0.101100 0.089500 0.066100 0.077800 0.126500 0.125000 0.077300 0.088600 0.088700 0.054800 0.077500 0.088100 0.101300 0.091200 0.136700 0.066000 0.088600 0.101100 0.101500 0.089300 0.124000 0.088300
TibetanAnt 0.021600 0.208300 0.089000 0.165400 0.032600 0.010800 0.054700 0.043700 0.054900 0.078500 0.010800 0.010700 0.033200 0.044000 0.066400 0.044000 0.055300 0.077500 0.000000 0.066100 0.078400 0.044300 0.055800 0.105500 0.010800 0.054500 0.044500 0.054900 0.054600 0.054900 0.067300 0.032900 0.128800 0.021800 0.067600 0.078400 0.021600 0.032500 0.055000 0.067400 0.044100 0.054500 0.067300 0.080900 0.089700 0.056200 0.054900 0.044100 0.044200 0.032800 0.066200 0.054900
Sitatunga 0.066000 0.233400 0.063900 0.191500 0.065800 0.054800 0.100200 0.089100 0.010600 0.125800 0.054800 0.054500 0.078800 0.089500 0.112800 0.089500 0.101600 0.124000 0.066100 0.000000 0.125600 0.066800 0.102200 0.155600 0.054800 0.100000 0.090700 0.010400 0.100200 0.010400 0.114200 0.078200 0.179700 0.066500 0.066700 0.125500 0.066000 0.065600 0.100800 0.114500 0.089800 0.100000 0.114200 0.129700 0.137200 0.103000 0.076400 0.089700 0.090000 0.077800 0.000000 0.031700
Oribi 0.078300 0.207400 0.149700 0.192400 0.089800 0.066800 0.089200 0.055000 0.113600 0.139200 0.066800 0.066400 0.067800 0.066800 0.101600 0.032600 0.114500 0.112600 0.078400 0.125600 0.000000 0.103200 0.091000 0.170000 0.066800 0.043200 0.079600 0.113700 0.043300 0.113600 0.127600 0.067200 0.141300 0.055600 0.103500 0.139200 0.078200 0.089600 0.043600 0.103000 0.102600 0.043200 0.127400 0.143700 0.151000 0.091800 0.066000 0.078600 0.078900 0.066600 0.125600 0.113800
BarbaryShe 0.044300 0.182400 0.089900 0.139300 0.055600 0.033100 0.078400 0.067200 0.055400 0.103500 0.033100 0.032900 0.056700 0.067500 0.090800 0.067600 0.079500 0.102000 0.044300 0.066800 0.103200 0.000000 0.080000 0.119300 0.033100 0.078100 0.056700 0.055500 0.078400 0.055400 0.091900 0.056200 0.130000 0.044700 0.068300 0.103300 0.021800 0.055400 0.078900 0.092100 0.067800 0.078200 0.091900 0.106700 0.115000 0.080600 0.078600 0.067700 0.068000 0.055900 0.066900 0.055500
Daviddeer 0.055700 0.223000 0.126000 0.181100 0.067100 0.044400 0.066700 0.055600 0.090500 0.066800 0.044400 0.044200 0.045000 0.055900 0.055500 0.055900 0.067200 0.089500 0.055800 0.102200 0.091000 0.080000 0.000000 0.093200 0.044400 0.089900 0.056700 0.090500 0.066700 0.090500 0.032900 0.044700 0.116700 0.033300 0.080300 0.090900 0.055700 0.066900 0.067100 0.055700 0.010800 0.089900 0.055600 0.068800 0.102400 0.068600 0.090400 0.056000 0.056200 0.067500 0.102300 0.090600
Reindeer 0.105200 0.242800 0.167600 0.257400 0.117600 0.093200 0.142100 0.130400 0.142800 0.117400 0.093200 0.092600 0.094100 0.130800 0.130200 0.131000 0.092500 0.115400 0.105500 0.155600 0.170000 0.119300 0.093200 0.000000 0.093200 0.141600 0.106600 0.142900 0.142100 0.142800 0.105400 0.118900 0.171900 0.106200 0.159200 0.143000 0.092900 0.117200 0.143000 0.081000 0.080600 0.141700 0.105600 0.022300 0.155200 0.119700 0.142900 0.131400 0.118500 0.118200 0.155700 0.117100
Ibex 0.010700 0.194800 0.077400 0.152400 0.021600 0.000000 0.043500 0.032700 0.043700 0.066900 0.000000 0.000000 0.022000 0.032800 0.055100 0.032800 0.044000 0.065900 0.010800 0.054800 0.066800 0.033100 0.044400 0.093200 0.000000 0.043300 0.033500 0.043700 0.043500 0.043700 0.055800 0.021900 0.116300 0.010800 0.056000 0.066900 0.010900 0.021500 0.043800 0.055900 0.032900 0.043400 0.055700 0.069000 0.078100 0.044600 0.043600 0.032900 0.033000 0.021700 0.054800 0.043700
GyrantGaze 0.054400 0.204900 0.123500 0.162600 0.065600 0.043300 0.088100 0.054300 0.088400 0.113000 0.043300 0.043100 0.066800 0.065900 0.100400 0.032200 0.089400 0.088000 0.054500 0.100000 0.043200 0.078100 0.089900 0.141600 0.043300 0.000000 0.078400 0.088500 0.042700 0.088400 0.101600 0.066300 0.139700 0.054800 0.102100 0.112900 0.054400 0.065400 0.043000 0.078100 0.077700 0.010400 0.101600 0.116400 0.124400 0.090500 0.042900 0.077600 0.077900 0.043300 0.100000 0.088500
Hartebeest 0.044400 0.197600 0.114300 0.182000 0.055800 0.033200 0.055500 0.044400 0.079100 0.103800 0.033200 0.033100 0.011200 0.044700 0.067500 0.044600 0.079800 0.102200 0.044500 0.090700 0.079600 0.056700 0.056700 0.106600 0.033500 0.078400 0.000000 0.079100 0.055500 0.079100 0.092400 0.033500 0.117800 0.022100 0.068800 0.104000 0.044400 0.055700 0.055900 0.092400 0.068100 0.078500 0.092200 0.081800 0.115600 0.057000 0.078900 0.044800 0.045000 0.056100 0.090800 0.079100
Bongo 0.054800 0.219600 0.053200 0.177900 0.054700 0.043700 0.088700 0.077700 0.000000 0.113800 0.043700 0.043500 0.067400 0.078000 0.101100 0.078000 0.089900 0.112100 0.054900 0.010400 0.113700 0.055500 0.090500 0.142900 0.043700 0.088500 0.079100 0.000000 0.088700 0.000000 0.102400 0.066900 0.166800 0.055300 0.055400 0.113700 0.054800 0.054500 0.089300 0.102600 0.078300 0.088500 0.102300 0.117400 0.125300 0.091200 0.065200 0.078200 0.078500 0.066400 0.010400 0.021000
Gerenuk 0.054600 0.178600 0.123700 0.163300 0.065800 0.043500 0.065300 0.032200 0.088600 0.113200 0.043500 0.043300 0.044100 0.043500 0.077000 0.010600 0.089500 0.088100 0.054600 0.100200 0.043300 0.078400 0.066700 0.142100 0.043500 0.042700 0.055500 0.088700 0.000000 0.088600 0.101900 0.043700 0.114900 0.032600 0.078600 0.113300 0.054600 0.065600 0.021300 0.078200 0.077900 0.042700 0.101700 0.116800 0.124800 0.067200 0.043000 0.054800 0.055100 0.043400 0.100200 0.088800
CommonElan 0.054800 0.219600 0.053000 0.178100 0.054600 0.043700 0.088700 0.077600 0.000000 0.113800 0.043700 0.043400 0.067300 0.078000 0.101000 0.078000 0.089800 0.112100 0.054900 0.010400 0.113600 0.055400 0.090500 0.142800 0.043700 0.088400 0.079100 0.000000 0.088600 0.000000 0.102300 0.066800 0.166700 0.055200 0.055400 0.113700 0.054800 0.054500 0.089200 0.102500 0.078200 0.088400 0.102300 0.117300 0.125200 0.091200 0.065200 0.078200 0.078400 0.066400 0.010400 0.021000
MuntiacusR 0.067200 0.266000 0.138300 0.194600 0.078700 0.055800 0.101900 0.067100 0.102300 0.055200 0.055800 0.055500 0.080300 0.091100 0.090500 0.091100 0.078800 0.101100 0.067300 0.114200 0.127600 0.091900 0.032900 0.105400 0.055800 0.101600 0.092400 0.102400 0.101900 0.102300 0.000000 0.079600 0.154900 0.067800 0.116900 0.102800 0.067200 0.078500 0.102600 0.067200 0.021900 0.101600 0.044100 0.080700 0.114300 0.104900 0.102300 0.091300 0.091600 0.079200 0.114300 0.102400
HarveysDui 0.032900 0.195900 0.101400 0.181000 0.043900 0.021900 0.043600 0.033000 0.066800 0.090900 0.021900 0.022000 0.022200 0.033000 0.055400 0.033000 0.067300 0.089500 0.032900 0.078200 0.067200 0.056200 0.044700 0.118900 0.021900 0.066300 0.033500 0.066900 0.043700 0.066800 0.079600 0.000000 0.116900 0.010900 0.056400 0.091000 0.032900 0.043700 0.044000 0.079600 0.055900 0.066100 0.079500 0.093900 0.102500 0.045000 0.066700 0.033000 0.033200 0.044300 0.078200 0.066800
Pronghorn 0.128500 0.218900 0.192300 0.181900 0.115200 0.116300 0.140100 0.103300 0.166700 0.167300 0.116300 0.115700 0.117700 0.129000 0.123000 0.104000 0.067000 0.066100 0.128800 0.179700 0.141300 0.130000 0.116700 0.171900 0.116300 0.139700 0.117800 0.166800 0.114900 0.166700 0.154900 0.116900 0.000000 0.104400 0.156300 0.180900 0.128600 0.127300 0.115700 0.104300 0.128800 0.139800 0.155100 0.145100 0.193500 0.091800 0.140800 0.129100 0.129600 0.142000 0.179800 0.140500
BlueWildeb 0.021700 0.182200 0.089400 0.166700 0.032800 0.010800 0.032600 0.021700 0.055200 0.079000 0.010800 0.010800 0.011000 0.021800 0.044000 0.021800 0.055700 0.077800 0.021800 0.066500 0.055600 0.044700 0.033300 0.106200 0.010800 0.054800 0.022100 0.055300 0.032600 0.055200 0.067800 0.010900 0.104400 0.000000 0.044800 0.079000 0.021700 0.032700 0.032800 0.067800 0.044400 0.054800 0.067600 0.081500 0.090400 0.033400 0.055200 0.021900 0.022000 0.033000 0.066600 0.055300
Gemsbok 0.044300 0.209700 0.089800 0.195200 0.079100 0.056000 0.078600 0.067400 0.055400 0.128500 0.056000 0.055800 0.056900 0.067700 0.091000 0.067700 0.103700 0.126500 0.067600 0.066700 0.103500 0.068300 0.080300 0.159200 0.056000 0.102100 0.068800 0.055400 0.078600 0.055400 0.116900 0.056400 0.156300 0.044800 0.000000 0.128600 0.067500 0.078800 0.079100 0.116900 0.091800 0.102100 0.116600 0.132800 0.140400 0.080900 0.102700 0.067900 0.068200 0.079500 0.066800 0.055400
Yak 0.078400 0.221800 0.124900 0.234700 0.089900 0.066900 0.113200 0.101900 0.113700 0.090100 0.066900 0.066600 0.091800 0.102500 0.126200 0.102400 0.102500 0.125000 0.078400 0.125500 0.139200 0.103300 0.090900 0.143000 0.066900 0.112900 0.104000 0.113700 0.113300 0.113700 0.102800 0.091000 0.180900 0.079000 0.128600 0.000000 0.078300 0.089600 0.114000 0.102800 0.078600 0.112900 0.078700 0.117700 0.010700 0.104200 0.113600 0.102700 0.103100 0.090400 0.125700 0.113700
BlueSheep 0.021800 0.208100 0.088800 0.165500 0.032500 0.010900 0.054600 0.043700 0.054800 0.078400 0.010700 0.010700 0.033700 0.043900 0.066300 0.043900 0.055300 0.077300 0.021600 0.066000 0.078200 0.021800 0.055700 0.092900 0.010900 0.054400 0.044400 0.054800 0.054600 0.054800 0.067200 0.032900 0.128600 0.021700 0.067500 0.078300 0.000000 0.032400 0.054900 0.067300 0.044100 0.054400 0.067200 0.080800 0.089600 0.055900 0.054800 0.044000 0.044200 0.032700 0.066100 0.054900
BohorReedb 0.032400 0.220900 0.088300 0.178600 0.010600 0.021500 0.065400 0.054500 0.054500 0.089800 0.021500 0.021400 0.044200 0.054900 0.077500 0.054900 0.066500 0.088600 0.032500 0.065600 0.089600 0.055400 0.066900 0.117200 0.021500 0.065400 0.055700 0.054500 0.065600 0.054500 0.078500 0.043700 0.127300 0.032700 0.078800 0.089600 0.032400 0.000000 0.066000 0.078700 0.055100 0.065300 0.078500 0.092500 0.101000 0.067400 0.054500 0.054900 0.055200 0.043700 0.065700 0.054500
KirksDik 0.055000 0.179300 0.124400 0.164000 0.066200 0.043800 0.065800 0.032500 0.089200 0.114000 0.043800 0.043600 0.044400 0.043800 0.077700 0.010800 0.090200 0.088700 0.055000 0.100800 0.043600 0.078900 0.067100 0.143000 0.043800 0.043000 0.055900 0.089300 0.021300 0.089200 0.102600 0.044000 0.115700 0.032800 0.079100 0.114000 0.054900 0.066000 0.000000 0.078800 0.078500 0.043000 0.102500 0.117600 0.125600 0.067600 0.043300 0.055200 0.055300 0.043700 0.100900 0.089300
RoeDeer 0.067300 0.208500 0.126200 0.168000 0.078900 0.055900 0.102100 0.067100 0.102500 0.078600 0.055900 0.055600 0.080300 0.091200 0.090700 0.067500 0.055600 0.054800 0.067400 0.114500 0.103000 0.092100 0.055700 0.081000 0.055900 0.078100 0.092400 0.102600 0.078200 0.102500 0.067200 0.079600 0.104300 0.067800 0.116900 0.102800 0.067300 0.078700 0.078800 0.000000 0.044100 0.078100 0.067300 0.056900 0.114400 0.080200 0.078700 0.091400 0.091700 0.079400 0.114600 0.078600
WhiteLippe 0.044100 0.236000 0.113300 0.166600 0.055300 0.032900 0.077900 0.066800 0.078200 0.055000 0.032900 0.032700 0.056400 0.067200 0.066700 0.067200 0.055400 0.077500 0.044100 0.089800 0.102600 0.067800 0.010800 0.080600 0.032900 0.077700 0.068100 0.078300 0.077900 0.078200 0.021900 0.055900 0.128800 0.044400 0.091800 0.078600 0.044100 0.055100 0.078500 0.044100 0.000000 0.077800 0.044000 0.056600 0.089900 0.080100 0.078200 0.067300 0.067600 0.055600 0.089800 0.078300
ThomsonGaz 0.054400 0.205000 0.123500 0.163400 0.065400 0.043400 0.087900 0.054100 0.088400 0.113100 0.043400 0.043000 0.066800 0.065900 0.100400 0.032200 0.089400 0.088100 0.054500 0.100000 0.043200 0.078200 0.089900 0.141700 0.043400 0.010400 0.078500 0.088500 0.042700 0.088400 0.101600 0.066100 0.139800 0.054800 0.102100 0.112900 0.054400 0.065300 0.043000 0.078100 0.077800 0.000000 0.101600 0.116500 0.124400 0.090500 0.042900 0.077400 0.077900 0.043300 0.100000 0.088600
MuntiacusC 0.067100 0.237300 0.113700 0.195200 0.078700 0.055700 0.101800 0.067000 0.102300 0.010900 0.055700 0.055400 0.080100 0.090900 0.090400 0.091000 0.078800 0.101300 0.067300 0.114200 0.127400 0.091900 0.055600 0.105600 0.055700 0.101600 0.092200 0.102300 0.101700 0.102300 0.044100 0.079500 0.155100 0.067600 0.116600 0.078700 0.067200 0.078500 0.102500 0.067300 0.044000 0.101600 0.000000 0.080700 0.090100 0.104600 0.102400 0.091200 0.091400 0.079100 0.114200 0.102400
WhiteTaile 0.080800 0.242100 0.141600 0.215000 0.092800 0.069000 0.116800 0.105200 0.117300 0.092300 0.069000 0.068600 0.069700 0.105700 0.105000 0.105700 0.068500 0.091200 0.080900 0.129700 0.143700 0.106700 0.068800 0.022300 0.069000 0.116400 0.081800 0.117400 0.116800 0.117300 0.080700 0.093900 0.145100 0.081500 0.132800 0.117700 0.080800 0.092500 0.117600 0.056900 0.056600 0.116500 0.080700 0.000000 0.129600 0.094600 0.117300 0.106000 0.093600 0.093300 0.129800 0.092400
Cattle 0.089700 0.234600 0.136600 0.248000 0.101300 0.078100 0.124700 0.113400 0.125200 0.101500 0.078100 0.077700 0.103300 0.114000 0.137900 0.114000 0.114100 0.136700 0.089700 0.137200 0.151000 0.115000 0.102400 0.155200 0.078100 0.124400 0.115600 0.125300 0.124800 0.125200 0.114300 0.102500 0.193500 0.090400 0.140400 0.010700 0.089600 0.101000 0.125600 0.114400 0.089900 0.124400 0.090100 0.129600 0.000000 0.115900 0.125200 0.114200 0.114600 0.101800 0.137300 0.125300
RoyalAntel 0.056000 0.197200 0.114500 0.210800 0.067600 0.045100 0.067100 0.056000 0.091200 0.116400 0.044600 0.044500 0.045300 0.056300 0.079400 0.056300 0.044100 0.066000 0.056200 0.103000 0.091800 0.080600 0.068600 0.119700 0.044600 0.090500 0.057000 0.091200 0.067200 0.091200 0.104900 0.045000 0.091800 0.033400 0.080900 0.104200 0.055900 0.067400 0.067600 0.080200 0.080100 0.090500 0.104600 0.094600 0.115900 0.000000 0.091000 0.056500 0.056700 0.068000 0.103100 0.067300
Steenbok 0.054700 0.206900 0.099200 0.165300 0.054600 0.043600 0.088700 0.054600 0.065200 0.113900 0.043600 0.043400 0.067200 0.066300 0.101000 0.032400 0.089800 0.088600 0.054900 0.076400 0.066000 0.078600 0.090400 0.142900 0.043600 0.042900 0.078900 0.065200 0.043000 0.065200 0.102300 0.066700 0.140800 0.055200 0.102700 0.113600 0.054800 0.054500 0.043300 0.078700 0.078200 0.042900 0.102400 0.117300 0.125200 0.091000 0.000000 0.078100 0.078300 0.043500 0.076400 0.065300
Impala 0.044000 0.209000 0.113000 0.194300 0.055000 0.032900 0.054700 0.043800 0.078200 0.102700 0.032900 0.032600 0.033400 0.044100 0.043700 0.044100 0.078800 0.101100 0.044100 0.089700 0.078600 0.067700 0.056000 0.131400 0.032900 0.077600 0.044800 0.078200 0.054800 0.078200 0.091300 0.033000 0.129100 0.021900 0.067900 0.102700 0.044000 0.054900 0.055200 0.091400 0.067300 0.077400 0.091200 0.106000 0.114200 0.056500 0.078100 0.000000 0.044400 0.055500 0.089700 0.078200
Klipspring 0.044200 0.181200 0.113400 0.193900 0.055400 0.033000 0.055100 0.044100 0.078400 0.103000 0.033000 0.032800 0.033500 0.044300 0.066900 0.044700 0.079100 0.101500 0.044200 0.090000 0.078900 0.068000 0.056200 0.118500 0.033000 0.077900 0.045000 0.078500 0.055100 0.078400 0.091600 0.033200 0.129600 0.022000 0.068200 0.103100 0.044200 0.055200 0.055300 0.091700 0.067600 0.077900 0.091400 0.093600 0.114600 0.056700 0.078300 0.044400 0.000000 0.055700 0.090100 0.078500
ForestMusk 0.032700 0.208200 0.101000 0.165200 0.043800 0.021700 0.054700 0.055100 0.066400 0.090500 0.021700 0.021600 0.044600 0.044000 0.078200 0.032700 0.067100 0.089300 0.032800 0.077800 0.066600 0.055900 0.067500 0.118200 0.021700 0.043300 0.056100 0.066400 0.043400 0.066400 0.079200 0.044300 0.142000 0.033000 0.079500 0.090400 0.032700 0.043700 0.043700 0.079400 0.055600 0.043300 0.079100 0.093300 0.101800 0.068000 0.043500 0.055500 0.055700 0.000000 0.077900 0.066500
Bushbuck 0.066100 0.233500 0.064200 0.191400 0.065900 0.054800 0.100300 0.089100 0.010400 0.125800 0.054800 0.054500 0.078900 0.089500 0.112900 0.089600 0.101600 0.124000 0.066200 0.000000 0.125600 0.066900 0.102300 0.155700 0.054800 0.100000 0.090800 0.010400 0.100200 0.010400 0.114300 0.078200 0.179800 0.066600 0.066800 0.125700 0.066100 0.065700 0.100900 0.114600 0.089800 0.100000 0.114200 0.129800 0.137300 0.103100 0.076400 0.089700 0.090100 0.077900 0.000000 0.031700
GreaterKud 0.054900 0.191500 0.042300 0.178300 0.054700 0.043700 0.088800 0.077700 0.021000 0.114000 0.043700 0.043500 0.067300 0.078100 0.101200 0.078100 0.066300 0.088300 0.054900 0.031700 0.113800 0.055500 0.090600 0.117100 0.043700 0.088500 0.079100 0.021000 0.088800 0.021000 0.102400 0.066800 0.140500 0.055300 0.055400 0.113700 0.054900 0.054500 0.089300 0.078600 0.078300 0.088600 0.102400 0.092400 0.125300 0.067300 0.065300 0.078200 0.078500 0.066500 0.031700 0.000000
