CODONML (in paml version 4.10.7, June 2023)  /home/rachel/ruminants_paml/6406-phy-tree/ENSBTAT00000047180.fasta.phy
Model: free dN/dS Ratios for branches,  kappa = 2.000 fixed

Codon frequency model: F3x4
ns =  54  ls =  68

Codon usage in sequences
--------------------------------------------------------------------------------------------------------------------------------------
Phe TTT   5   5   5   5   5   5 | Ser TCT   4   4   4   4   4   4 | Tyr TAT   1   1   1   0   1   1 | Cys TGT   0   0   0   0   0   0
    TTC   3   3   3   3   3   3 |     TCC   1   1   1   1   1   1 |     TAC   0   0   0   1   0   0 |     TGC   0   0   0   0   0   0
Leu TTA   1   1   1   1   1   1 |     TCA   2   2   2   2   2   2 | *** TAA   0   0   0   0   0   0 | *** TGA   0   0   0   0   0   0
    TTG   0   0   1   0   0   0 |     TCG   0   0   0   0   0   0 |     TAG   0   0   0   0   0   0 | Trp TGG   0   0   0   0   0   0
--------------------------------------------------------------------------------------------------------------------------------------
Leu CTT   6   6   6   7   6   6 | Pro CCT   2   2   2   2   2   2 | His CAT   2   2   2   2   2   2 | Arg CGT   1   1   1   1   1   1
    CTC   0   0   0   0   0   0 |     CCC   0   0   0   0   0   0 |     CAC   0   0   0   0   0   0 |     CGC   1   1   1   1   1   1
    CTA   0   0   0   0   1   0 |     CCA   0   0   0   0   0   0 | Gln CAA   0   0   0   0   0   1 |     CGA   1   1   1   1   1   1
    CTG   4   4   3   3   3   4 |     CCG   0   0   0   0   0   0 |     CAG   1   1   1   1   1   0 |     CGG   0   0   0   0   0   0
--------------------------------------------------------------------------------------------------------------------------------------
Ile ATT   1   1   1   1   1   1 | Thr ACT   2   2   2   1   2   2 | Asn AAT   0   0   0   0   0   0 | Ser AGT   0   0   0   0   0   0
    ATC   1   1   1   1   1   1 |     ACC   1   1   1   1   1   1 |     AAC   1   1   1   1   1   1 |     AGC   0   0   0   0   0   0
    ATA   1   1   1   1   1   1 |     ACA   1   0   1   1   1   1 | Lys AAA   2   1   2   2   2   2 | Arg AGA   0   1   0   0   1   1
Met ATG   2   2   2   2   2   2 |     ACG   0   1   0   1   0   0 |     AAG   0   1   0   0   0   0 |     AGG   1   0   1   1   0   0
--------------------------------------------------------------------------------------------------------------------------------------
Val GTT   2   2   2   2   2   2 | Ala GCT   7   6   7   7   7   7 | Asp GAT   0   1   0   0   0   0 | Gly GGT   0   0   0   0   0   0
    GTC   0   0   0   0   0   0 |     GCC   0   1   0   0   0   0 |     GAC   1   0   1   1   1   1 |     GGC   0   0   0   0   0   0
    GTA   0   0   0   0   0   0 |     GCA   3   3   4   4   4   4 | Glu GAA   1   1   1   1   1   1 |     GGA   0   0   0   0   0   0
    GTG   4   4   4   4   4   4 |     GCG   1   1   0   0   0   0 |     GAG   1   1   1   1   1   1 |     GGG   0   0   0   0   0   0
--------------------------------------------------------------------------------------------------------------------------------------

--------------------------------------------------------------------------------------------------------------------------------------
Phe TTT   5   5   5   5   5   5 | Ser TCT   4   4   4   4   4   4 | Tyr TAT   1   1   1   1   1   1 | Cys TGT   0   0   0   0   0   0
    TTC   3   3   3   3   3   3 |     TCC   1   1   1   1   1   1 |     TAC   0   0   0   0   0   0 |     TGC   0   0   0   0   0   0
Leu TTA   1   1   1   1   1   1 |     TCA   2   2   2   2   2   2 | *** TAA   0   0   0   0   0   0 | *** TGA   0   0   0   0   0   0
    TTG   0   0   0   0   0   0 |     TCG   0   0   0   0   0   0 |     TAG   0   0   0   0   0   0 | Trp TGG   0   0   0   0   0   0
--------------------------------------------------------------------------------------------------------------------------------------
Leu CTT   6   6   6   6   6   6 | Pro CCT   2   2   2   2   2   2 | His CAT   2   2   2   2   2   2 | Arg CGT   1   1   1   1   1   1
    CTC   0   0   0   0   0   0 |     CCC   0   0   0   0   0   0 |     CAC   0   0   0   0   0   0 |     CGC   1   1   1   1   1   1
    CTA   0   0   0   0   0   0 |     CCA   0   0   0   0   0   0 | Gln CAA   0   0   0   0   0   0 |     CGA   1   1   1   1   1   1
    CTG   4   4   4   4   4   4 |     CCG   0   0   0   0   0   0 |     CAG   1   1   1   1   1   1 |     CGG   0   0   0   0   0   0
--------------------------------------------------------------------------------------------------------------------------------------
Ile ATT   1   1   1   1   1   1 | Thr ACT   1   2   2   2   2   2 | Asn AAT   0   0   0   0   0   0 | Ser AGT   0   0   0   0   0   0
    ATC   1   1   1   1   1   1 |     ACC   2   1   1   1   1   1 |     AAC   1   1   1   1   1   1 |     AGC   0   0   0   0   0   0
    ATA   1   1   1   1   1   1 |     ACA   1   1   1   1   1   1 | Lys AAA   2   2   2   2   2   2 | Arg AGA   0   0   0   0   0   0
Met ATG   2   2   2   2   2   2 |     ACG   0   0   0   0   0   0 |     AAG   0   0   0   0   0   0 |     AGG   1   1   1   1   1   1
--------------------------------------------------------------------------------------------------------------------------------------
Val GTT   2   2   2   2   2   2 | Ala GCT   7   7   7   7   7   7 | Asp GAT   0   0   0   0   0   1 | Gly GGT   0   0   0   0   0   0
    GTC   0   0   0   0   0   0 |     GCC   0   0   0   0   0   0 |     GAC   1   1   1   1   1   0 |     GGC   0   0   0   0   0   0
    GTA   0   0   0   0   0   0 |     GCA   4   3   2   3   4   4 | Glu GAA   1   1   1   1   1   1 |     GGA   0   0   0   0   0   0
    GTG   4   4   4   4   4   4 |     GCG   0   1   2   1   0   0 |     GAG   1   1   1   1   1   1 |     GGG   0   0   0   0   0   0
--------------------------------------------------------------------------------------------------------------------------------------

--------------------------------------------------------------------------------------------------------------------------------------
Phe TTT   5   5   5   5   5   5 | Ser TCT   4   4   4   4   4   4 | Tyr TAT   1   1   1   1   1   1 | Cys TGT   0   0   0   0   0   0
    TTC   3   3   3   3   3   3 |     TCC   1   1   1   1   1   1 |     TAC   0   0   0   0   0   0 |     TGC   0   0   0   0   0   0
Leu TTA   1   1   1   1   1   1 |     TCA   2   2   1   2   2   2 | *** TAA   0   0   0   0   0   0 | *** TGA   0   0   0   0   0   0
    TTG   0   0   0   0   0   0 |     TCG   0   0   1   0   0   0 |     TAG   0   0   0   0   0   0 | Trp TGG   0   0   0   0   0   0
--------------------------------------------------------------------------------------------------------------------------------------
Leu CTT   6   5   6   6   6   6 | Pro CCT   2   2   2   2   2   2 | His CAT   2   2   2   2   2   2 | Arg CGT   1   1   1   1   1   1
    CTC   0   1   0   0   0   0 |     CCC   0   0   0   0   0   0 |     CAC   0   0   0   0   0   0 |     CGC   1   1   1   1   1   1
    CTA   0   0   0   0   0   1 |     CCA   0   0   0   0   0   0 | Gln CAA   0   0   0   0   0   0 |     CGA   1   1   1   1   1   1
    CTG   4   3   4   4   4   3 |     CCG   0   0   0   0   0   0 |     CAG   1   1   1   1   1   1 |     CGG   0   0   0   0   0   0
--------------------------------------------------------------------------------------------------------------------------------------
Ile ATT   1   2   1   1   1   1 | Thr ACT   2   2   2   2   2   3 | Asn AAT   0   0   0   0   0   0 | Ser AGT   0   0   0   0   0   0
    ATC   1   1   1   1   1   1 |     ACC   1   1   1   1   1   0 |     AAC   1   1   1   1   1   1 |     AGC   0   0   0   0   0   0
    ATA   1   1   1   1   1   1 |     ACA   1   1   0   1   1   1 | Lys AAA   2   2   2   2   2   2 | Arg AGA   0   0   0   0   0   0
Met ATG   2   2   2   2   2   2 |     ACG   0   0   1   0   0   0 |     AAG   0   0   0   0   0   0 |     AGG   1   1   1   1   1   1
--------------------------------------------------------------------------------------------------------------------------------------
Val GTT   2   2   2   2   2   2 | Ala GCT   7   7   7   7   7   7 | Asp GAT   0   0   0   0   0   0 | Gly GGT   0   0   0   0   0   0
    GTC   0   0   0   0   0   0 |     GCC   0   0   0   0   1   0 |     GAC   1   1   1   1   1   1 |     GGC   0   0   0   0   0   0
    GTA   0   0   0   0   0   0 |     GCA   3   4   2   3   3   3 | Glu GAA   1   1   1   1   1   1 |     GGA   0   0   0   0   0   0
    GTG   4   4   4   4   4   4 |     GCG   1   0   2   1   0   1 |     GAG   1   1   1   1   1   1 |     GGG   0   0   0   0   0   0
--------------------------------------------------------------------------------------------------------------------------------------

--------------------------------------------------------------------------------------------------------------------------------------
Phe TTT   5   5   5   5   5   5 | Ser TCT   5   5   4   4   4   4 | Tyr TAT   1   1   1   1   1   1 | Cys TGT   0   0   0   0   0   0
    TTC   3   3   3   3   3   3 |     TCC   1   1   1   1   1   1 |     TAC   0   0   0   0   0   0 |     TGC   0   0   0   0   0   0
Leu TTA   1   1   1   1   1   0 |     TCA   2   2   2   2   2   2 | *** TAA   0   0   0   0   0   0 | *** TGA   0   0   0   0   0   0
    TTG   0   0   0   0   0   1 |     TCG   0   0   0   0   0   0 |     TAG   0   0   0   0   0   0 | Trp TGG   0   0   0   0   0   0
--------------------------------------------------------------------------------------------------------------------------------------
Leu CTT   6   6   6   6   6   6 | Pro CCT   2   2   2   2   2   2 | His CAT   2   1   2   2   2   2 | Arg CGT   1   1   1   1   1   1
    CTC   0   0   0   0   0   0 |     CCC   0   0   0   0   0   0 |     CAC   0   1   0   0   0   0 |     CGC   1   1   1   1   1   1
    CTA   0   0   0   0   0   0 |     CCA   0   0   0   0   0   0 | Gln CAA   0   0   0   0   0   0 |     CGA   1   1   1   1   1   1
    CTG   4   4   4   4   4   4 |     CCG   0   0   0   0   0   0 |     CAG   1   1   1   1   1   1 |     CGG   0   0   0   0   0   0
--------------------------------------------------------------------------------------------------------------------------------------
Ile ATT   1   1   1   1   1   1 | Thr ACT   2   2   2   2   2   2 | Asn AAT   0   0   0   0   0   0 | Ser AGT   0   0   0   0   0   0
    ATC   1   1   1   1   1   1 |     ACC   1   1   1   1   1   1 |     AAC   1   1   1   1   1   1 |     AGC   0   0   0   0   0   0
    ATA   1   1   1   1   1   1 |     ACA   1   1   1   1   1   1 | Lys AAA   2   2   2   2   2   2 | Arg AGA   0   0   0   0   0   0
Met ATG   2   2   2   2   2   2 |     ACG   0   0   0   0   0   0 |     AAG   0   0   0   0   0   0 |     AGG   1   1   1   1   1   1
--------------------------------------------------------------------------------------------------------------------------------------
Val GTT   2   2   2   2   2   2 | Ala GCT   6   6   7   7   7   7 | Asp GAT   0   0   0   0   0   0 | Gly GGT   0   0   0   0   0   0
    GTC   0   0   0   0   0   0 |     GCC   0   0   0   0   0   0 |     GAC   1   1   1   1   1   1 |     GGC   0   0   0   0   0   0
    GTA   1   2   0   0   0   0 |     GCA   4   4   3   4   3   3 | Glu GAA   1   1   1   1   1   1 |     GGA   0   0   0   0   0   0
    GTG   3   2   4   4   4   4 |     GCG   0   0   1   0   1   1 |     GAG   1   1   1   1   1   1 |     GGG   0   0   0   0   0   0
--------------------------------------------------------------------------------------------------------------------------------------

--------------------------------------------------------------------------------------------------------------------------------------
Phe TTT   5   5   5   5   5   5 | Ser TCT   4   4   4   4   4   4 | Tyr TAT   1   1   1   1   1   1 | Cys TGT   0   0   0   0   0   0
    TTC   3   3   3   3   3   3 |     TCC   1   1   1   1   1   1 |     TAC   0   0   0   0   0   0 |     TGC   0   0   0   0   0   0
Leu TTA   1   1   1   1   1   1 |     TCA   2   2   2   2   2   2 | *** TAA   0   0   0   0   0   0 | *** TGA   0   0   0   0   0   0
    TTG   0   0   0   0   0   0 |     TCG   0   0   0   0   0   0 |     TAG   0   0   0   0   0   0 | Trp TGG   0   0   0   0   0   0
--------------------------------------------------------------------------------------------------------------------------------------
Leu CTT   6   6   6   6   6   6 | Pro CCT   2   2   2   2   2   2 | His CAT   2   2   2   2   2   2 | Arg CGT   1   1   1   1   1   1
    CTC   0   0   0   0   0   0 |     CCC   0   0   0   0   0   0 |     CAC   0   0   0   0   0   0 |     CGC   1   1   1   1   1   1
    CTA   0   0   0   0   0   0 |     CCA   0   0   0   0   0   0 | Gln CAA   0   0   0   0   0   0 |     CGA   1   1   1   1   1   1
    CTG   4   4   4   4   4   4 |     CCG   0   0   0   0   0   0 |     CAG   1   1   1   1   1   1 |     CGG   0   0   0   0   0   0
--------------------------------------------------------------------------------------------------------------------------------------
Ile ATT   1   1   1   1   1   1 | Thr ACT   2   2   2   2   2   2 | Asn AAT   0   0   0   0   0   0 | Ser AGT   0   0   0   0   0   0
    ATC   1   1   1   1   1   1 |     ACC   1   1   1   1   1   1 |     AAC   1   1   1   1   1   1 |     AGC   0   0   0   0   0   0
    ATA   1   1   1   1   1   1 |     ACA   0   1   1   1   1   1 | Lys AAA   2   2   2   2   2   2 | Arg AGA   1   0   0   0   0   0
Met ATG   2   2   2   2   2   2 |     ACG   1   0   0   0   0   0 |     AAG   0   0   0   0   0   0 |     AGG   0   1   1   1   1   1
--------------------------------------------------------------------------------------------------------------------------------------
Val GTT   2   2   2   2   2   2 | Ala GCT   7   7   7   7   7   7 | Asp GAT   0   0   0   0   0   0 | Gly GGT   0   0   0   0   0   0
    GTC   0   0   0   0   0   0 |     GCC   0   0   0   0   0   0 |     GAC   1   1   1   1   1   1 |     GGC   0   0   0   0   0   0
    GTA   0   0   0   0   0   0 |     GCA   2   4   3   3   2   4 | Glu GAA   1   1   1   1   1   1 |     GGA   0   0   0   0   0   0
    GTG   4   4   4   4   4   4 |     GCG   2   0   1   1   2   0 |     GAG   1   1   1   1   1   1 |     GGG   0   0   0   0   0   0
--------------------------------------------------------------------------------------------------------------------------------------

--------------------------------------------------------------------------------------------------------------------------------------
Phe TTT   5   5   5   5   5   5 | Ser TCT   4   4   4   4   4   4 | Tyr TAT   1   1   1   1   1   1 | Cys TGT   0   0   0   0   0   0
    TTC   3   3   3   3   3   3 |     TCC   1   1   1   1   1   1 |     TAC   0   0   0   0   0   0 |     TGC   0   0   0   0   0   0
Leu TTA   1   1   1   1   1   1 |     TCA   2   2   2   2   2   2 | *** TAA   0   0   0   0   0   0 | *** TGA   0   0   0   0   0   0
    TTG   0   0   0   0   0   0 |     TCG   0   0   0   0   0   0 |     TAG   0   0   0   0   0   0 | Trp TGG   0   0   0   0   0   0
--------------------------------------------------------------------------------------------------------------------------------------
Leu CTT   6   6   6   6   6   6 | Pro CCT   2   2   2   2   2   2 | His CAT   2   2   2   2   2   2 | Arg CGT   1   1   1   1   1   1
    CTC   0   0   0   0   0   0 |     CCC   0   0   0   0   0   0 |     CAC   0   0   0   0   0   0 |     CGC   1   1   1   1   1   1
    CTA   0   0   0   0   0   0 |     CCA   0   0   0   0   0   0 | Gln CAA   0   0   0   0   0   0 |     CGA   1   1   1   1   1   1
    CTG   4   4   4   4   4   4 |     CCG   0   0   0   0   0   0 |     CAG   1   1   1   1   1   1 |     CGG   0   0   0   0   0   0
--------------------------------------------------------------------------------------------------------------------------------------
Ile ATT   1   1   1   1   1   1 | Thr ACT   3   2   2   2   2   2 | Asn AAT   0   0   0   0   0   0 | Ser AGT   0   0   0   0   0   0
    ATC   1   1   1   1   1   1 |     ACC   0   1   1   1   1   1 |     AAC   1   1   1   1   1   1 |     AGC   0   0   0   0   0   0
    ATA   1   1   1   1   1   1 |     ACA   1   1   1   1   1   1 | Lys AAA   2   2   2   2   2   2 | Arg AGA   0   0   0   0   0   0
Met ATG   2   2   2   2   2   2 |     ACG   0   0   0   0   0   0 |     AAG   0   0   0   0   0   0 |     AGG   1   1   1   1   1   1
--------------------------------------------------------------------------------------------------------------------------------------
Val GTT   2   2   2   2   2   2 | Ala GCT   7   7   7   7   7   7 | Asp GAT   0   0   1   0   0   0 | Gly GGT   0   0   0   0   0   0
    GTC   0   0   0   0   0   0 |     GCC   0   0   0   0   0   0 |     GAC   1   1   0   1   1   1 |     GGC   0   0   0   0   0   0
    GTA   0   0   0   0   0   0 |     GCA   3   4   4   4   4   2 | Glu GAA   1   1   1   1   1   1 |     GGA   0   0   0   0   0   0
    GTG   4   4   4   4   4   4 |     GCG   1   0   0   0   0   2 |     GAG   1   1   1   1   1   1 |     GGG   0   0   0   0   0   0
--------------------------------------------------------------------------------------------------------------------------------------

--------------------------------------------------------------------------------------------------------------------------------------
Phe TTT   5   5   5   5   5   5 | Ser TCT   4   4   4   4   4   4 | Tyr TAT   1   1   1   1   0   1 | Cys TGT   0   0   0   0   0   0
    TTC   3   3   3   3   3   3 |     TCC   1   1   1   1   1   1 |     TAC   0   0   0   0   1   0 |     TGC   0   0   0   0   0   0
Leu TTA   1   1   1   1   1   1 |     TCA   2   2   2   2   2   2 | *** TAA   0   0   0   0   0   0 | *** TGA   0   0   0   0   0   0
    TTG   0   0   0   0   0   0 |     TCG   0   0   0   0   0   0 |     TAG   0   0   0   0   0   0 | Trp TGG   0   0   0   0   0   0
--------------------------------------------------------------------------------------------------------------------------------------
Leu CTT   6   6   6   6   6   6 | Pro CCT   2   2   2   2   2   2 | His CAT   2   2   2   2   2   2 | Arg CGT   1   1   1   1   1   1
    CTC   0   0   0   0   0   0 |     CCC   0   0   0   0   0   0 |     CAC   0   0   0   0   0   0 |     CGC   1   1   1   1   2   1
    CTA   0   0   0   0   0   0 |     CCA   0   0   0   0   0   0 | Gln CAA   0   0   0   0   0   0 |     CGA   1   1   1   1   0   1
    CTG   4   4   4   4   4   4 |     CCG   0   0   0   0   0   0 |     CAG   1   1   1   1   1   1 |     CGG   0   0   0   0   0   0
--------------------------------------------------------------------------------------------------------------------------------------
Ile ATT   1   1   1   1   1   1 | Thr ACT   2   2   2   1   2   2 | Asn AAT   0   0   0   0   0   0 | Ser AGT   0   0   0   0   0   0
    ATC   1   1   1   1   1   1 |     ACC   1   1   1   2   1   1 |     AAC   1   1   1   1   1   1 |     AGC   0   0   0   0   0   0
    ATA   1   1   1   1   1   1 |     ACA   1   1   1   1   1   1 | Lys AAA   2   2   2   2   2   2 | Arg AGA   0   0   0   0   0   0
Met ATG   2   2   2   2   2   2 |     ACG   0   0   0   0   0   0 |     AAG   0   0   0   0   0   0 |     AGG   1   1   1   1   1   1
--------------------------------------------------------------------------------------------------------------------------------------
Val GTT   2   2   2   2   2   2 | Ala GCT   7   7   7   7   7   7 | Asp GAT   0   0   0   0   0   0 | Gly GGT   0   0   0   0   0   0
    GTC   0   0   0   0   0   0 |     GCC   0   0   0   0   0   0 |     GAC   1   1   1   1   1   1 |     GGC   0   0   0   0   0   0
    GTA   0   0   0   0   0   0 |     GCA   3   4   3   3   3   4 | Glu GAA   1   1   1   1   1   1 |     GGA   0   0   0   0   0   0
    GTG   4   4   4   4   4   4 |     GCG   1   0   1   1   1   0 |     GAG   1   1   1   1   1   1 |     GGG   0   0   0   0   0   0
--------------------------------------------------------------------------------------------------------------------------------------

--------------------------------------------------------------------------------------------------------------------------------------
Phe TTT   5   5   5   5   5   5 | Ser TCT   4   4   4   4   4   4 | Tyr TAT   1   1   1   1   1   1 | Cys TGT   0   0   0   0   0   0
    TTC   3   3   3   3   3   3 |     TCC   1   1   1   1   1   1 |     TAC   0   0   0   0   0   0 |     TGC   0   0   0   0   0   0
Leu TTA   1   1   1   1   1   1 |     TCA   2   2   2   2   2   2 | *** TAA   0   0   0   0   0   0 | *** TGA   0   0   0   0   0   0
    TTG   0   0   0   0   0   0 |     TCG   0   0   0   0   0   0 |     TAG   0   0   0   0   0   0 | Trp TGG   0   0   0   0   0   0
--------------------------------------------------------------------------------------------------------------------------------------
Leu CTT   6   6   6   6   6   6 | Pro CCT   2   2   2   2   2   2 | His CAT   2   2   2   2   2   2 | Arg CGT   1   1   1   1   1   1
    CTC   0   0   0   0   0   0 |     CCC   0   0   0   0   0   0 |     CAC   0   0   0   0   0   0 |     CGC   1   1   1   1   1   1
    CTA   0   0   0   0   0   0 |     CCA   0   0   0   0   0   0 | Gln CAA   0   0   0   0   0   0 |     CGA   1   1   1   1   1   1
    CTG   4   4   4   4   4   4 |     CCG   0   0   0   0   0   0 |     CAG   1   1   1   1   1   1 |     CGG   0   0   0   0   0   0
--------------------------------------------------------------------------------------------------------------------------------------
Ile ATT   1   1   1   1   1   1 | Thr ACT   2   2   2   2   2   2 | Asn AAT   0   0   0   0   0   0 | Ser AGT   0   0   0   0   0   0
    ATC   1   1   1   1   1   1 |     ACC   1   1   1   1   1   1 |     AAC   1   1   1   1   1   1 |     AGC   0   0   0   0   0   0
    ATA   1   1   1   1   1   1 |     ACA   1   1   1   1   1   1 | Lys AAA   2   2   2   2   2   2 | Arg AGA   0   0   0   0   0   0
Met ATG   2   2   2   2   2   2 |     ACG   0   0   0   0   0   0 |     AAG   0   0   0   0   0   0 |     AGG   1   1   1   1   1   1
--------------------------------------------------------------------------------------------------------------------------------------
Val GTT   2   2   2   2   2   2 | Ala GCT   7   7   7   7   7   7 | Asp GAT   0   0   1   0   0   0 | Gly GGT   0   0   0   0   0   0
    GTC   0   0   0   0   0   0 |     GCC   0   0   0   0   0   0 |     GAC   1   1   0   1   1   1 |     GGC   0   0   0   0   0   0
    GTA   0   0   0   0   0   0 |     GCA   3   3   4   4   4   3 | Glu GAA   1   1   1   1   1   1 |     GGA   0   0   0   0   0   0
    GTG   4   4   4   4   4   4 |     GCG   1   1   0   0   0   1 |     GAG   1   1   1   1   1   1 |     GGG   0   0   0   0   0   0
--------------------------------------------------------------------------------------------------------------------------------------

--------------------------------------------------------------------------------------------------------------------------------------
Phe TTT   5   5   5   5   5   5 | Ser TCT   4   4   4   4   4   4 | Tyr TAT   1   1   1   0   1   1 | Cys TGT   0   0   0   0   0   0
    TTC   3   3   3   3   3   3 |     TCC   1   1   1   1   1   1 |     TAC   0   0   0   1   0   0 |     TGC   0   0   0   0   0   0
Leu TTA   1   1   1   1   1   1 |     TCA   2   2   2   2   2   2 | *** TAA   0   0   0   0   0   0 | *** TGA   0   0   0   0   0   0
    TTG   0   0   0   0   0   0 |     TCG   0   0   0   0   0   0 |     TAG   0   0   0   0   0   0 | Trp TGG   0   0   0   0   0   0
--------------------------------------------------------------------------------------------------------------------------------------
Leu CTT   6   6   5   7   6   6 | Pro CCT   2   2   2   2   2   2 | His CAT   2   2   2   2   2   2 | Arg CGT   1   1   1   0   1   1
    CTC   0   0   1   0   0   0 |     CCC   0   0   0   0   0   0 |     CAC   0   0   0   0   0   0 |     CGC   1   1   1   2   1   1
    CTA   0   0   0   0   0   0 |     CCA   0   0   0   0   0   0 | Gln CAA   0   0   0   0   0   0 |     CGA   1   1   1   1   1   1
    CTG   4   4   4   3   4   4 |     CCG   0   0   0   0   0   0 |     CAG   1   1   1   1   1   1 |     CGG   0   0   0   0   0   0
--------------------------------------------------------------------------------------------------------------------------------------
Ile ATT   1   1   1   1   1   1 | Thr ACT   2   2   2   1   2   2 | Asn AAT   0   0   0   0   0   0 | Ser AGT   0   0   0   0   0   0
    ATC   1   1   1   1   1   1 |     ACC   1   1   1   1   1   1 |     AAC   1   1   1   1   1   1 |     AGC   0   0   0   0   0   0
    ATA   1   1   1   1   1   1 |     ACA   1   1   1   1   1   1 | Lys AAA   2   2   2   2   2   2 | Arg AGA   0   0   0   0   0   0
Met ATG   2   2   2   2   2   2 |     ACG   0   0   0   1   0   0 |     AAG   0   0   0   0   0   0 |     AGG   1   1   1   1   1   1
--------------------------------------------------------------------------------------------------------------------------------------
Val GTT   2   2   1   2   2   2 | Ala GCT   7   7   7   7   7   7 | Asp GAT   0   0   0   0   0   0 | Gly GGT   0   0   0   0   0   0
    GTC   0   0   1   0   0   0 |     GCC   0   0   0   0   0   0 |     GAC   1   1   1   1   1   1 |     GGC   0   0   0   0   0   0
    GTA   0   0   0   0   0   0 |     GCA   3   3   3   4   4   4 | Glu GAA   1   1   1   1   1   1 |     GGA   0   0   0   0   0   0
    GTG   4   4   4   4   4   4 |     GCG   1   1   1   0   0   0 |     GAG   1   1   1   1   1   1 |     GGG   0   0   0   0   0   0
--------------------------------------------------------------------------------------------------------------------------------------

Codon position x base (3x4) table for each sequence.

#1: Argali         
position  1:    T:0.25000    C:0.26471    A:0.19118    G:0.29412
position  2:    T:0.44118    C:0.35294    A:0.14706    G:0.05882
position  3:    T:0.48529    C:0.13235    A:0.17647    G:0.20588
Average         T:0.39216    C:0.25000    A:0.17157    G:0.18627

#2: LesserMouseDeer
position  1:    T:0.25000    C:0.26471    A:0.19118    G:0.29412
position  2:    T:0.44118    C:0.35294    A:0.14706    G:0.05882
position  3:    T:0.48529    C:0.13235    A:0.16176    G:0.22059
Average         T:0.39216    C:0.25000    A:0.16667    G:0.19118

#3: LesserKudu     
position  1:    T:0.26471    C:0.25000    A:0.19118    G:0.29412
position  2:    T:0.44118    C:0.35294    A:0.14706    G:0.05882
position  3:    T:0.48529    C:0.13235    A:0.19118    G:0.19118
Average         T:0.39706    C:0.24510    A:0.17647    G:0.18137

#4: ForestMuskDeer2
position  1:    T:0.25000    C:0.26471    A:0.19118    G:0.29412
position  2:    T:0.44118    C:0.35294    A:0.14706    G:0.05882
position  3:    T:0.47059    C:0.14706    A:0.19118    G:0.19118
Average         T:0.38725    C:0.25490    A:0.17647    G:0.18137

#5: Camel          
position  1:    T:0.25000    C:0.26471    A:0.19118    G:0.29412
position  2:    T:0.44118    C:0.35294    A:0.14706    G:0.05882
position  3:    T:0.48529    C:0.13235    A:0.22059    G:0.16176
Average         T:0.39216    C:0.25000    A:0.18627    G:0.17157

#6: KillerWhale    
position  1:    T:0.25000    C:0.26471    A:0.19118    G:0.29412
position  2:    T:0.44118    C:0.35294    A:0.14706    G:0.05882
position  3:    T:0.48529    C:0.13235    A:0.22059    G:0.16176
Average         T:0.39216    C:0.25000    A:0.18627    G:0.17157

#7: DefassaWaterbuck
position  1:    T:0.25000    C:0.26471    A:0.19118    G:0.29412
position  2:    T:0.44118    C:0.35294    A:0.14706    G:0.05882
position  3:    T:0.47059    C:0.14706    A:0.19118    G:0.19118
Average         T:0.38725    C:0.25490    A:0.17647    G:0.18137

#8: Sheep          
position  1:    T:0.25000    C:0.26471    A:0.19118    G:0.29412
position  2:    T:0.44118    C:0.35294    A:0.14706    G:0.05882
position  3:    T:0.48529    C:0.13235    A:0.17647    G:0.20588
Average         T:0.39216    C:0.25000    A:0.17157    G:0.18627

#9: MaxwellsDuiker 
position  1:    T:0.25000    C:0.26471    A:0.19118    G:0.29412
position  2:    T:0.44118    C:0.35294    A:0.14706    G:0.05882
position  3:    T:0.48529    C:0.13235    A:0.16176    G:0.22059
Average         T:0.39216    C:0.25000    A:0.16667    G:0.19118

#10: GazellaPrzewalskyi
position  1:    T:0.25000    C:0.26471    A:0.19118    G:0.29412
position  2:    T:0.44118    C:0.35294    A:0.14706    G:0.05882
position  3:    T:0.48529    C:0.13235    A:0.17647    G:0.20588
Average         T:0.39216    C:0.25000    A:0.17157    G:0.18627

#11: MountainNyala  
position  1:    T:0.25000    C:0.26471    A:0.19118    G:0.29412
position  2:    T:0.44118    C:0.35294    A:0.14706    G:0.05882
position  3:    T:0.48529    C:0.13235    A:0.19118    G:0.19118
Average         T:0.39216    C:0.25000    A:0.17647    G:0.18137

#12: MuntiacusMuntjak
position  1:    T:0.25000    C:0.26471    A:0.19118    G:0.29412
position  2:    T:0.44118    C:0.35294    A:0.14706    G:0.05882
position  3:    T:0.50000    C:0.11765    A:0.19118    G:0.19118
Average         T:0.39706    C:0.24510    A:0.17647    G:0.18137

#13: goat           
position  1:    T:0.25000    C:0.26471    A:0.19118    G:0.29412
position  2:    T:0.44118    C:0.35294    A:0.14706    G:0.05882
position  3:    T:0.48529    C:0.13235    A:0.17647    G:0.20588
Average         T:0.39216    C:0.25000    A:0.17157    G:0.18627

#14: AfricanBuffalo 
position  1:    T:0.25000    C:0.25000    A:0.20588    G:0.29412
position  2:    T:0.44118    C:0.35294    A:0.14706    G:0.05882
position  3:    T:0.48529    C:0.14706    A:0.19118    G:0.17647
Average         T:0.39216    C:0.25000    A:0.18137    G:0.17647

#15: Topi           
position  1:    T:0.25000    C:0.26471    A:0.19118    G:0.29412
position  2:    T:0.44118    C:0.35294    A:0.14706    G:0.05882
position  3:    T:0.48529    C:0.13235    A:0.13235    G:0.25000
Average         T:0.39216    C:0.25000    A:0.15686    G:0.20098

#16: CommonDuiker   
position  1:    T:0.25000    C:0.26471    A:0.19118    G:0.29412
position  2:    T:0.44118    C:0.35294    A:0.14706    G:0.05882
position  3:    T:0.48529    C:0.13235    A:0.17647    G:0.20588
Average         T:0.39216    C:0.25000    A:0.17157    G:0.18627

#17: Suni           
position  1:    T:0.25000    C:0.26471    A:0.19118    G:0.29412
position  2:    T:0.44118    C:0.35294    A:0.14706    G:0.05882
position  3:    T:0.48529    C:0.14706    A:0.17647    G:0.19118
Average         T:0.39216    C:0.25490    A:0.17157    G:0.18137

#18: Springbuck     
position  1:    T:0.25000    C:0.26471    A:0.19118    G:0.29412
position  2:    T:0.44118    C:0.35294    A:0.14706    G:0.05882
position  3:    T:0.50000    C:0.11765    A:0.19118    G:0.19118
Average         T:0.39706    C:0.24510    A:0.17647    G:0.18137

#19: Okapi          
position  1:    T:0.26471    C:0.26471    A:0.19118    G:0.27941
position  2:    T:0.44118    C:0.35294    A:0.14706    G:0.05882
position  3:    T:0.48529    C:0.13235    A:0.20588    G:0.17647
Average         T:0.39706    C:0.25000    A:0.18137    G:0.17157

#20: Giraffe        
position  1:    T:0.26471    C:0.26471    A:0.19118    G:0.27941
position  2:    T:0.44118    C:0.35294    A:0.14706    G:0.05882
position  3:    T:0.47059    C:0.14706    A:0.22059    G:0.16176
Average         T:0.39216    C:0.25490    A:0.18627    G:0.16667

#21: TibetanAntelope
position  1:    T:0.25000    C:0.26471    A:0.19118    G:0.29412
position  2:    T:0.44118    C:0.35294    A:0.14706    G:0.05882
position  3:    T:0.48529    C:0.13235    A:0.17647    G:0.20588
Average         T:0.39216    C:0.25000    A:0.17157    G:0.18627

#22: Sitatunga      
position  1:    T:0.25000    C:0.26471    A:0.19118    G:0.29412
position  2:    T:0.44118    C:0.35294    A:0.14706    G:0.05882
position  3:    T:0.48529    C:0.13235    A:0.19118    G:0.19118
Average         T:0.39216    C:0.25000    A:0.17647    G:0.18137

#23: Oribi          
position  1:    T:0.25000    C:0.26471    A:0.19118    G:0.29412
position  2:    T:0.44118    C:0.35294    A:0.14706    G:0.05882
position  3:    T:0.48529    C:0.13235    A:0.17647    G:0.20588
Average         T:0.39216    C:0.25000    A:0.17157    G:0.18627

#24: BarbarySheep   
position  1:    T:0.25000    C:0.26471    A:0.19118    G:0.29412
position  2:    T:0.44118    C:0.35294    A:0.14706    G:0.05882
position  3:    T:0.48529    C:0.13235    A:0.16176    G:0.22059
Average         T:0.39216    C:0.25000    A:0.16667    G:0.19118

#25: Daviddeer      
position  1:    T:0.25000    C:0.26471    A:0.19118    G:0.29412
position  2:    T:0.44118    C:0.35294    A:0.14706    G:0.05882
position  3:    T:0.48529    C:0.13235    A:0.16176    G:0.22059
Average         T:0.39216    C:0.25000    A:0.16667    G:0.19118

#26: Reindeer       
position  1:    T:0.25000    C:0.26471    A:0.19118    G:0.29412
position  2:    T:0.44118    C:0.35294    A:0.14706    G:0.05882
position  3:    T:0.48529    C:0.13235    A:0.19118    G:0.19118
Average         T:0.39216    C:0.25000    A:0.17647    G:0.18137

#27: Ibex           
position  1:    T:0.25000    C:0.26471    A:0.19118    G:0.29412
position  2:    T:0.44118    C:0.35294    A:0.14706    G:0.05882
position  3:    T:0.48529    C:0.13235    A:0.17647    G:0.20588
Average         T:0.39216    C:0.25000    A:0.17157    G:0.18627

#28: GyrantGazelle  
position  1:    T:0.25000    C:0.26471    A:0.19118    G:0.29412
position  2:    T:0.44118    C:0.35294    A:0.14706    G:0.05882
position  3:    T:0.48529    C:0.13235    A:0.17647    G:0.20588
Average         T:0.39216    C:0.25000    A:0.17157    G:0.18627

#29: Hartebeest     
position  1:    T:0.25000    C:0.26471    A:0.19118    G:0.29412
position  2:    T:0.44118    C:0.35294    A:0.14706    G:0.05882
position  3:    T:0.48529    C:0.13235    A:0.16176    G:0.22059
Average         T:0.39216    C:0.25000    A:0.16667    G:0.19118

#30: Bongo          
position  1:    T:0.25000    C:0.26471    A:0.19118    G:0.29412
position  2:    T:0.44118    C:0.35294    A:0.14706    G:0.05882
position  3:    T:0.48529    C:0.13235    A:0.19118    G:0.19118
Average         T:0.39216    C:0.25000    A:0.17647    G:0.18137

#31: Gerenuk        
position  1:    T:0.25000    C:0.26471    A:0.19118    G:0.29412
position  2:    T:0.44118    C:0.35294    A:0.14706    G:0.05882
position  3:    T:0.50000    C:0.11765    A:0.17647    G:0.20588
Average         T:0.39706    C:0.24510    A:0.17157    G:0.18627

#32: CommonEland    
position  1:    T:0.25000    C:0.26471    A:0.19118    G:0.29412
position  2:    T:0.44118    C:0.35294    A:0.14706    G:0.05882
position  3:    T:0.48529    C:0.13235    A:0.19118    G:0.19118
Average         T:0.39216    C:0.25000    A:0.17647    G:0.18137

#33: MuntiacusReevesi
position  1:    T:0.25000    C:0.26471    A:0.19118    G:0.29412
position  2:    T:0.44118    C:0.35294    A:0.14706    G:0.05882
position  3:    T:0.50000    C:0.11765    A:0.19118    G:0.19118
Average         T:0.39706    C:0.24510    A:0.17647    G:0.18137

#34: HarveysDuiker  
position  1:    T:0.25000    C:0.26471    A:0.19118    G:0.29412
position  2:    T:0.44118    C:0.35294    A:0.14706    G:0.05882
position  3:    T:0.48529    C:0.13235    A:0.19118    G:0.19118
Average         T:0.39216    C:0.25000    A:0.17647    G:0.18137

#35: Pronghorn      
position  1:    T:0.25000    C:0.26471    A:0.19118    G:0.29412
position  2:    T:0.44118    C:0.35294    A:0.14706    G:0.05882
position  3:    T:0.48529    C:0.13235    A:0.19118    G:0.19118
Average         T:0.39216    C:0.25000    A:0.17647    G:0.18137

#36: BlueWildebeest 
position  1:    T:0.25000    C:0.26471    A:0.19118    G:0.29412
position  2:    T:0.44118    C:0.35294    A:0.14706    G:0.05882
position  3:    T:0.48529    C:0.13235    A:0.16176    G:0.22059
Average         T:0.39216    C:0.25000    A:0.16667    G:0.19118

#37: Gemsbok        
position  1:    T:0.25000    C:0.26471    A:0.19118    G:0.29412
position  2:    T:0.44118    C:0.35294    A:0.14706    G:0.05882
position  3:    T:0.48529    C:0.13235    A:0.17647    G:0.20588
Average         T:0.39216    C:0.25000    A:0.17157    G:0.18627

#38: Yak            
position  1:    T:0.25000    C:0.26471    A:0.19118    G:0.29412
position  2:    T:0.44118    C:0.35294    A:0.14706    G:0.05882
position  3:    T:0.48529    C:0.13235    A:0.19118    G:0.19118
Average         T:0.39216    C:0.25000    A:0.17647    G:0.18137

#39: BlueSheep      
position  1:    T:0.25000    C:0.26471    A:0.19118    G:0.29412
position  2:    T:0.44118    C:0.35294    A:0.14706    G:0.05882
position  3:    T:0.48529    C:0.13235    A:0.17647    G:0.20588
Average         T:0.39216    C:0.25000    A:0.17157    G:0.18627

#40: BohorReedbuck  
position  1:    T:0.25000    C:0.26471    A:0.19118    G:0.29412
position  2:    T:0.44118    C:0.35294    A:0.14706    G:0.05882
position  3:    T:0.47059    C:0.14706    A:0.17647    G:0.20588
Average         T:0.38725    C:0.25490    A:0.17157    G:0.18627

#41: KirksDik       
position  1:    T:0.25000    C:0.26471    A:0.19118    G:0.29412
position  2:    T:0.44118    C:0.35294    A:0.14706    G:0.05882
position  3:    T:0.47059    C:0.16176    A:0.16176    G:0.20588
Average         T:0.38725    C:0.25980    A:0.16667    G:0.18627

#42: RoeDeer        
position  1:    T:0.25000    C:0.26471    A:0.19118    G:0.29412
position  2:    T:0.44118    C:0.35294    A:0.14706    G:0.05882
position  3:    T:0.48529    C:0.13235    A:0.19118    G:0.19118
Average         T:0.39216    C:0.25000    A:0.17647    G:0.18137

#43: WhiteLippedDeer
position  1:    T:0.25000    C:0.26471    A:0.19118    G:0.29412
position  2:    T:0.44118    C:0.35294    A:0.14706    G:0.05882
position  3:    T:0.48529    C:0.13235    A:0.17647    G:0.20588
Average         T:0.39216    C:0.25000    A:0.17157    G:0.18627

#44: ThomsonGazelle 
position  1:    T:0.25000    C:0.26471    A:0.19118    G:0.29412
position  2:    T:0.44118    C:0.35294    A:0.14706    G:0.05882
position  3:    T:0.48529    C:0.13235    A:0.17647    G:0.20588
Average         T:0.39216    C:0.25000    A:0.17157    G:0.18627

#45: MuntiacusCrinifrons
position  1:    T:0.25000    C:0.26471    A:0.19118    G:0.29412
position  2:    T:0.44118    C:0.35294    A:0.14706    G:0.05882
position  3:    T:0.50000    C:0.11765    A:0.19118    G:0.19118
Average         T:0.39706    C:0.24510    A:0.17647    G:0.18137

#46: WhiteTailedDeer
position  1:    T:0.25000    C:0.26471    A:0.19118    G:0.29412
position  2:    T:0.44118    C:0.35294    A:0.14706    G:0.05882
position  3:    T:0.48529    C:0.13235    A:0.19118    G:0.19118
Average         T:0.39216    C:0.25000    A:0.17647    G:0.18137

#47: Cattle         
position  1:    T:0.25000    C:0.26471    A:0.19118    G:0.29412
position  2:    T:0.44118    C:0.35294    A:0.14706    G:0.05882
position  3:    T:0.48529    C:0.13235    A:0.19118    G:0.19118
Average         T:0.39216    C:0.25000    A:0.17647    G:0.18137

#48: RoyalAntelope  
position  1:    T:0.25000    C:0.26471    A:0.19118    G:0.29412
position  2:    T:0.44118    C:0.35294    A:0.14706    G:0.05882
position  3:    T:0.48529    C:0.13235    A:0.17647    G:0.20588
Average         T:0.39216    C:0.25000    A:0.17157    G:0.18627

#49: Steenbok       
position  1:    T:0.25000    C:0.26471    A:0.19118    G:0.29412
position  2:    T:0.44118    C:0.35294    A:0.14706    G:0.05882
position  3:    T:0.48529    C:0.13235    A:0.17647    G:0.20588
Average         T:0.39216    C:0.25000    A:0.17157    G:0.18627

#50: Impala         
position  1:    T:0.25000    C:0.26471    A:0.19118    G:0.29412
position  2:    T:0.44118    C:0.35294    A:0.14706    G:0.05882
position  3:    T:0.48529    C:0.13235    A:0.17647    G:0.20588
Average         T:0.39216    C:0.25000    A:0.17157    G:0.18627

#51: Klipspringer   
position  1:    T:0.25000    C:0.26471    A:0.19118    G:0.29412
position  2:    T:0.44118    C:0.35294    A:0.14706    G:0.05882
