CODONML (in paml version 4.10.7, June 2023)  /home/rachel/ruminants_paml/6406-phy-tree/ENSBTAT00000018252.fasta.phy
Model: free dN/dS Ratios for branches,  kappa = 2.000 fixed

Codon frequency model: F3x4
ns =  54  ls =  23

Codon usage in sequences
--------------------------------------------------------------------------------------------------------------------------------------
Phe TTT   0   0   0   0   0   0 | Ser TCT   0   0   0   0   0   0 | Tyr TAT   1   0   1   2   1   1 | Cys TGT   0   0   0   0   0   0
    TTC   0   0   0   0   0   0 |     TCC   0   0   0   0   0   0 |     TAC   1   2   1   0   1   1 |     TGC   1   1   1   1   1   1
Leu TTA   0   0   0   0   0   0 |     TCA   0   0   0   0   0   0 | *** TAA   0   0   0   0   0   0 | *** TGA   0   0   0   0   0   0
    TTG   0   0   0   0   0   0 |     TCG   0   0   0   0   0   0 |     TAG   0   0   0   0   0   0 | Trp TGG   0   0   0   0   0   0
--------------------------------------------------------------------------------------------------------------------------------------
Leu CTT   2   1   2   2   1   1 | Pro CCT   0   0   0   0   0   0 | His CAT   0   0   0   0   0   0 | Arg CGT   0   0   0   0   0   0
    CTC   2   2   2   2   1   1 |     CCC   0   0   0   0   0   0 |     CAC   1   1   1   1   0   0 |     CGC   0   0   0   0   0   0
    CTA   0   0   0   0   0   1 |     CCA   0   0   0   0   0   0 | Gln CAA   0   0   0   0   0   0 |     CGA   0   0   0   0   0   0
    CTG   0   0   0   0   1   0 |     CCG   0   0   0   0   0   0 |     CAG   0   0   0   0   0   0 |     CGG   0   0   0   0   0   0
--------------------------------------------------------------------------------------------------------------------------------------
Ile ATT   0   0   0   0   1   1 | Thr ACT   0   0   0   0   0   0 | Asn AAT   2   2   2   2   1   2 | Ser AGT   1   1   1   1   1   1
    ATC   1   1   1   1   2   1 |     ACC   0   1   0   0   0   1 |     AAC   0   0   0   0   2   1 |     AGC   0   0   0   0   0   0
    ATA   0   0   0   0   0   0 |     ACA   0   0   1   0   1   1 | Lys AAA   2   1   2   2   2   2 | Arg AGA   0   0   0   0   0   0
Met ATG   0   0   0   0   0   0 |     ACG   1   1   0   0   1   0 |     AAG   1   2   1   1   0   1 |     AGG   0   0   0   0   1   0
--------------------------------------------------------------------------------------------------------------------------------------
Val GTT   0   0   0   0   0   0 | Ala GCT   0   0   0   1   0   0 | Asp GAT   0   0   0   0   1   1 | Gly GGT   0   0   0   0   0   0
    GTC   1   1   1   1   0   0 |     GCC   1   1   1   1   1   1 |     GAC   2   1   2   2   0   0 |     GGC   1   1   1   1   1   1
    GTA   0   0   0   0   0   0 |     GCA   0   0   0   0   0   0 | Glu GAA   2   1   2   2   1   2 |     GGA   0   0   0   0   0   0
    GTG   0   0   0   0   0   0 |     GCG   0   0   0   0   0   0 |     GAG   0   2   0   0   1   1 |     GGG   0   0   0   0   0   0
--------------------------------------------------------------------------------------------------------------------------------------

--------------------------------------------------------------------------------------------------------------------------------------
Phe TTT   0   0   0   0   0   0 | Ser TCT   0   0   0   0   0   0 | Tyr TAT   1   1   1   1   1   1 | Cys TGT   0   0   0   0   0   0
    TTC   0   0   0   0   0   0 |     TCC   0   0   0   0   0   0 |     TAC   1   1   1   1   1   1 |     TGC   1   1   1   1   1   1
Leu TTA   0   0   0   0   0   0 |     TCA   0   0   0   0   0   0 | *** TAA   0   0   0   0   0   0 | *** TGA   0   0   0   0   0   0
    TTG   0   0   0   0   0   0 |     TCG   0   0   0   0   0   0 |     TAG   0   0   0   0   0   0 | Trp TGG   0   0   0   0   0   0
--------------------------------------------------------------------------------------------------------------------------------------
Leu CTT   2   2   2   2   2   2 | Pro CCT   0   0   0   0   0   0 | His CAT   0   0   0   0   0   0 | Arg CGT   0   0   0   0   0   0
    CTC   2   2   2   2   2   2 |     CCC   0   0   0   0   0   0 |     CAC   1   1   1   1   1   1 |     CGC   0   0   0   0   0   0
    CTA   0   0   0   0   0   0 |     CCA   0   0   0   0   0   0 | Gln CAA   0   0   0   0   0   0 |     CGA   0   0   0   0   0   0
    CTG   0   0   0   0   0   0 |     CCG   0   0   0   0   0   0 |     CAG   0   0   0   0   0   0 |     CGG   0   0   0   0   0   0
--------------------------------------------------------------------------------------------------------------------------------------
Ile ATT   0   0   0   0   0   0 | Thr ACT   0   0   0   0   0   0 | Asn AAT   2   2   2   2   2   2 | Ser AGT   1   1   1   1   1   1
    ATC   1   1   1   1   1   1 |     ACC   0   0   0   0   0   0 |     AAC   0   0   0   0   0   0 |     AGC   0   0   0   0   0   0
    ATA   0   0   0   0   0   0 |     ACA   1   0   1   1   1   1 | Lys AAA   2   2   2   2   2   2 | Arg AGA   0   0   0   0   0   0
Met ATG   0   0   0   0   0   0 |     ACG   0   1   0   0   0   0 |     AAG   1   1   1   1   1   1 |     AGG   0   0   0   0   0   0
--------------------------------------------------------------------------------------------------------------------------------------
Val GTT   0   0   0   0   0   0 | Ala GCT   0   0   0   0   0   0 | Asp GAT   0   0   0   0   0   0 | Gly GGT   0   0   0   0   0   0
    GTC   1   1   1   1   1   1 |     GCC   1   1   1   1   1   0 |     GAC   2   2   2   2   2   2 |     GGC   1   1   1   1   1   1
    GTA   0   0   0   0   0   0 |     GCA   0   0   0   0   0   1 | Glu GAA   2   2   2   2   2   2 |     GGA   0   0   0   0   0   0
    GTG   0   0   0   0   0   0 |     GCG   0   0   0   0   0   0 |     GAG   0   0   0   0   0   0 |     GGG   0   0   0   0   0   0
--------------------------------------------------------------------------------------------------------------------------------------

--------------------------------------------------------------------------------------------------------------------------------------
Phe TTT   0   0   0   0   0   0 | Ser TCT   0   0   0   0   0   0 | Tyr TAT   1   1   1   1   1   1 | Cys TGT   0   0   0   0   0   0
    TTC   0   0   0   0   0   0 |     TCC   0   0   0   0   0   0 |     TAC   1   1   1   1   1   1 |     TGC   1   1   1   1   1   1
Leu TTA   0   0   0   0   0   0 |     TCA   0   0   0   0   0   0 | *** TAA   0   0   0   0   0   0 | *** TGA   0   0   0   0   0   0
    TTG   0   0   0   0   0   0 |     TCG   0   0   0   0   0   0 |     TAG   0   0   0   0   0   0 | Trp TGG   0   0   0   0   0   0
--------------------------------------------------------------------------------------------------------------------------------------
Leu CTT   2   2   2   2   2   2 | Pro CCT   0   0   0   0   0   0 | His CAT   0   0   0   0   0   0 | Arg CGT   0   0   0   0   0   0
    CTC   2   2   2   2   2   2 |     CCC   0   0   0   0   0   0 |     CAC   1   1   1   1   1   1 |     CGC   0   0   0   0   0   0
    CTA   0   0   0   0   0   0 |     CCA   0   0   0   0   0   0 | Gln CAA   0   0   0   0   0   0 |     CGA   0   0   0   0   0   0
    CTG   0   0   0   0   0   0 |     CCG   0   0   0   0   0   0 |     CAG   0   0   0   0   0   0 |     CGG   0   0   0   0   0   0
--------------------------------------------------------------------------------------------------------------------------------------
Ile ATT   0   0   0   0   0   0 | Thr ACT   0   0   0   0   0   0 | Asn AAT   2   2   2   2   2   2 | Ser AGT   1   1   1   1   1   1
    ATC   1   1   1   1   1   1 |     ACC   0   0   0   0   0   0 |     AAC   0   0   0   0   0   0 |     AGC   0   0   0   0   0   0
    ATA   0   0   0   0   0   0 |     ACA   0   1   1   1   1   1 | Lys AAA   2   2   2   2   2   2 | Arg AGA   0   0   0   0   0   0
Met ATG   0   0   0   0   0   0 |     ACG   0   0   0   0   0   0 |     AAG   1   1   1   1   1   1 |     AGG   0   0   0   0   0   0
--------------------------------------------------------------------------------------------------------------------------------------
Val GTT   0   0   0   0   0   0 | Ala GCT   0   0   0   0   0   0 | Asp GAT   0   0   0   0   0   0 | Gly GGT   0   0   0   0   0   0
    GTC   1   1   1   1   1   1 |     GCC   1   1   1   1   1   1 |     GAC   2   2   2   2   2   2 |     GGC   1   1   1   1   1   1
    GTA   0   0   0   0   0   0 |     GCA   1   0   0   0   0   0 | Glu GAA   2   2   2   2   2   2 |     GGA   0   0   0   0   0   0
    GTG   0   0   0   0   0   0 |     GCG   0   0   0   0   0   0 |     GAG   0   0   0   0   0   0 |     GGG   0   0   0   0   0   0
--------------------------------------------------------------------------------------------------------------------------------------

--------------------------------------------------------------------------------------------------------------------------------------
Phe TTT   0   0   0   0   0   0 | Ser TCT   0   0   0   0   0   0 | Tyr TAT   0   1   1   1   1   1 | Cys TGT   0   0   0   0   0   0
    TTC   0   0   0   0   0   0 |     TCC   0   0   0   0   0   0 |     TAC   2   1   1   1   1   1 |     TGC   1   1   1   1   1   1
Leu TTA   0   0   0   0   0   0 |     TCA   0   0   0   0   0   0 | *** TAA   0   0   0   0   0   0 | *** TGA   0   0   0   0   0   0
    TTG   0   0   0   0   0   0 |     TCG   0   0   0   0   0   0 |     TAG   0   0   0   0   0   0 | Trp TGG   0   0   0   0   0   0
--------------------------------------------------------------------------------------------------------------------------------------
Leu CTT   3   3   2   2   2   2 | Pro CCT   0   0   0   0   0   0 | His CAT   0   0   0   0   0   0 | Arg CGT   0   0   0   0   0   0
    CTC   1   1   2   2   2   2 |     CCC   0   0   0   0   0   0 |     CAC   1   0   1   1   1   1 |     CGC   0   0   0   0   0   0
    CTA   0   0   0   0   0   0 |     CCA   0   0   0   0   0   0 | Gln CAA   0   0   0   0   0   0 |     CGA   0   0   0   0   0   0
    CTG   0   0   0   0   0   0 |     CCG   0   0   0   0   0   0 |     CAG   0   0   0   0   0   0 |     CGG   0   0   0   0   0   0
--------------------------------------------------------------------------------------------------------------------------------------
Ile ATT   0   0   0   0   0   0 | Thr ACT   0   0   0   0   0   0 | Asn AAT   1   1   2   2   2   2 | Ser AGT   1   1   1   1   1   1
    ATC   1   1   1   1   1   1 |     ACC   0   0   0   0   0   0 |     AAC   0   1   0   0   0   0 |     AGC   0   0   0   0   0   0
    ATA   0   0   0   0   0   0 |     ACA   1   1   1   1   1   1 | Lys AAA   2   2   2   2   2   2 | Arg AGA   0   0   0   0   0   0
Met ATG   0   0   0   0   0   0 |     ACG   0   0   0   0   0   0 |     AAG   1   1   1   1   1   1 |     AGG   0   0   0   0   0   0
--------------------------------------------------------------------------------------------------------------------------------------
Val GTT   0   0   0   0   0   0 | Ala GCT   0   0   0   0   0   0 | Asp GAT   1   1   0   0   0   0 | Gly GGT   0   0   0   0   0   0
    GTC   1   1   0   1   1   1 |     GCC   1   1   1   1   1   1 |     GAC   1   1   2   2   2   2 |     GGC   1   1   1   1   1   1
    GTA   0   0   0   0   0   0 |     GCA   0   0   0   0   0   0 | Glu GAA   2   2   2   2   2   2 |     GGA   0   0   0   0   0   0
    GTG   0   0   1   0   0   0 |     GCG   0   0   0   0   0   0 |     GAG   1   1   0   0   0   0 |     GGG   0   0   0   0   0   0
--------------------------------------------------------------------------------------------------------------------------------------

--------------------------------------------------------------------------------------------------------------------------------------
Phe TTT   0   0   0   0   0   0 | Ser TCT   0   0   0   0   0   0 | Tyr TAT   1   1   1   1   1   1 | Cys TGT   0   0   0   0   0   0
    TTC   0   0   0   0   0   0 |     TCC   0   0   0   0   0   0 |     TAC   1   1   1   1   1   1 |     TGC   1   1   1   1   1   1
Leu TTA   0   0   0   0   0   0 |     TCA   0   0   0   0   0   0 | *** TAA   0   0   0   0   0   0 | *** TGA   0   0   0   0   0   0
    TTG   0   0   0   0   0   0 |     TCG   0   0   0   0   0   0 |     TAG   0   0   0   0   0   0 | Trp TGG   0   0   0   0   0   0
--------------------------------------------------------------------------------------------------------------------------------------
Leu CTT   2   2   2   2   2   2 | Pro CCT   0   0   0   0   0   0 | His CAT   0   0   0   0   0   0 | Arg CGT   0   0   0   0   0   0
    CTC   2   2   2   2   2   2 |     CCC   0   0   0   0   0   0 |     CAC   1   1   1   1   1   1 |     CGC   0   0   0   0   0   0
    CTA   0   0   0   0   0   0 |     CCA   0   0   0   0   0   0 | Gln CAA   0   0   0   0   0   0 |     CGA   0   0   0   0   0   0
    CTG   0   0   0   0   0   0 |     CCG   0   0   0   0   0   0 |     CAG   0   0   0   0   0   0 |     CGG   0   0   0   0   0   0
--------------------------------------------------------------------------------------------------------------------------------------
Ile ATT   0   0   0   0   0   0 | Thr ACT   0   0   0   0   0   0 | Asn AAT   2   2   2   2   2   2 | Ser AGT   1   1   1   1   1   1
    ATC   1   1   1   1   1   1 |     ACC   0   0   0   0   0   0 |     AAC   0   0   0   0   0   0 |     AGC   0   0   0   0   0   0
    ATA   0   0   0   0   0   0 |     ACA   1   1   0   1   1   1 | Lys AAA   2   2   2   2   2   2 | Arg AGA   0   0   0   0   0   0
Met ATG   0   0   0   0   0   0 |     ACG   0   0   0   0   0   0 |     AAG   1   1   1   1   1   1 |     AGG   0   0   0   0   0   0
--------------------------------------------------------------------------------------------------------------------------------------
Val GTT   0   0   0   0   0   0 | Ala GCT   0   0   0   0   0   0 | Asp GAT   0   1   0   0   0   0 | Gly GGT   0   0   0   0   0   0
    GTC   1   1   1   1   1   1 |     GCC   0   0   1   1   1   1 |     GAC   2   2   2   2   2   2 |     GGC   1   1   1   1   1   1
    GTA   0   0   0   0   0   0 |     GCA   1   0   1   0   0   0 | Glu GAA   2   1   2   2   2   2 |     GGA   0   0   0   0   0   0
    GTG   0   0   0   0   0   0 |     GCG   0   1   0   0   0   0 |     GAG   0   0   0   0   0   0 |     GGG   0   0   0   0   0   0
--------------------------------------------------------------------------------------------------------------------------------------

--------------------------------------------------------------------------------------------------------------------------------------
Phe TTT   0   0   0   0   0   0 | Ser TCT   0   0   0   0   0   0 | Tyr TAT   1   1   1   1   1   1 | Cys TGT   0   0   0   0   0   0
    TTC   0   0   0   0   0   0 |     TCC   0   0   0   0   0   0 |     TAC   1   1   1   1   1   1 |     TGC   1   1   1   1   1   1
Leu TTA   0   0   0   0   0   0 |     TCA   0   0   0   0   0   0 | *** TAA   0   0   0   0   0   0 | *** TGA   0   0   0   0   0   0
    TTG   0   0   0   0   0   0 |     TCG   0   0   0   0   0   0 |     TAG   0   0   0   0   0   0 | Trp TGG   0   0   0   0   0   0
--------------------------------------------------------------------------------------------------------------------------------------
Leu CTT   2   2   2   2   3   2 | Pro CCT   0   0   0   0   0   0 | His CAT   0   0   0   0   0   0 | Arg CGT   0   0   0   0   0   0
    CTC   2   2   2   2   1   2 |     CCC   0   0   0   0   0   0 |     CAC   1   1   1   1   1   1 |     CGC   0   0   0   0   0   0
    CTA   0   0   0   0   0   0 |     CCA   0   0   0   0   0   0 | Gln CAA   0   0   0   0   0   0 |     CGA   0   0   0   0   0   0
    CTG   0   0   0   0   0   0 |     CCG   0   0   0   0   0   0 |     CAG   0   0   0   0   0   0 |     CGG   0   0   0   0   0   0
--------------------------------------------------------------------------------------------------------------------------------------
Ile ATT   0   0   0   0   0   0 | Thr ACT   0   0   0   0   0   0 | Asn AAT   2   2   2   2   1   2 | Ser AGT   1   1   1   1   1   1
    ATC   0   1   1   1   1   1 |     ACC   0   0   0   0   0   0 |     AAC   0   0   0   0   0   0 |     AGC   0   0   0   0   0   0
    ATA   0   0   0   0   0   0 |     ACA   1   1   1   1   1   1 | Lys AAA   2   2   2   2   2   2 | Arg AGA   0   0   0   0   0   0
Met ATG   0   0   0   0   0   0 |     ACG   0   0   0   0   0   0 |     AAG   1   1   1   1   1   1 |     AGG   0   0   0   0   0   0
--------------------------------------------------------------------------------------------------------------------------------------
Val GTT   0   0   0   0   0   0 | Ala GCT   0   0   0   0   0   0 | Asp GAT   0   0   0   0   1   0 | Gly GGT   0   0   0   0   0   0
    GTC   2   1   1   1   1   1 |     GCC   1   1   0   1   1   1 |     GAC   2   2   2   2   1   2 |     GGC   1   1   1   1   1   1
    GTA   0   0   0   0   0   0 |     GCA   0   0   1   0   0   0 | Glu GAA   2   2   2   2   2   2 |     GGA   0   0   0   0   0   0
    GTG   0   0   0   0   0   0 |     GCG   0   0   0   0   0   0 |     GAG   0   0   0   0   1   0 |     GGG   0   0   0   0   0   0
--------------------------------------------------------------------------------------------------------------------------------------

--------------------------------------------------------------------------------------------------------------------------------------
Phe TTT   0   0   0   0   0   0 | Ser TCT   0   0   0   0   0   0 | Tyr TAT   1   1   1   1   1   1 | Cys TGT   0   0   0   0   0   0
    TTC   0   0   0   0   0   0 |     TCC   0   0   0   0   0   0 |     TAC   1   1   1   1   1   1 |     TGC   1   1   1   1   1   1
Leu TTA   0   0   0   0   0   0 |     TCA   0   0   0   0   0   0 | *** TAA   0   0   0   0   0   0 | *** TGA   0   0   0   0   0   0
    TTG   0   0   0   0   0   0 |     TCG   0   0   0   0   0   0 |     TAG   0   0   0   0   0   0 | Trp TGG   0   0   0   0   0   0
--------------------------------------------------------------------------------------------------------------------------------------
Leu CTT   2   2   2   3   2   2 | Pro CCT   0   0   0   0   0   0 | His CAT   0   0   0   0   0   0 | Arg CGT   0   0   0   0   0   0
    CTC   2   2   2   1   2   2 |     CCC   0   0   0   0   0   0 |     CAC   1   1   1   1   1   1 |     CGC   0   0   0   0   0   0
    CTA   0   0   0   0   0   0 |     CCA   0   0   0   0   0   0 | Gln CAA   0   0   0   0   0   0 |     CGA   0   0   0   0   0   0
    CTG   0   0   0   0   0   0 |     CCG   0   0   0   0   0   0 |     CAG   0   0   0   0   0   0 |     CGG   0   0   0   0   0   0
--------------------------------------------------------------------------------------------------------------------------------------
Ile ATT   0   0   0   0   0   0 | Thr ACT   0   0   0   0   0   0 | Asn AAT   2   2   2   2   2   2 | Ser AGT   1   1   1   1   1   1
    ATC   2   1   1   1   1   1 |     ACC   0   0   0   0   0   0 |     AAC   0   0   0   0   0   0 |     AGC   0   0   0   0   0   0
    ATA   0   0   0   0   0   0 |     ACA   1   1   0   1   1   1 | Lys AAA   2   2   2   2   2   2 | Arg AGA   0   0   0   0   0   0
Met ATG   0   0   0   0   0   0 |     ACG   0   0   1   0   0   0 |     AAG   1   1   1   1   1   1 |     AGG   0   0   0   0   0   0
--------------------------------------------------------------------------------------------------------------------------------------
Val GTT   0   0   0   0   0   0 | Ala GCT   0   0   0   0   0   0 | Asp GAT   0   0   0   0   0   0 | Gly GGT   0   0   0   0   0   0
    GTC   0   1   1   1   1   1 |     GCC   1   1   1   1   1   0 |     GAC   2   2   2   2   2   2 |     GGC   1   1   1   1   1   1
    GTA   0   0   0   0   0   0 |     GCA   0   0   0   0   0   0 | Glu GAA   2   2   2   2   2   2 |     GGA   0   0   0   0   0   0
    GTG   0   0   0   0   0   0 |     GCG   0   0   0   0   0   1 |     GAG   0   0   0   0   0   0 |     GGG   0   0   0   0   0   0
--------------------------------------------------------------------------------------------------------------------------------------

--------------------------------------------------------------------------------------------------------------------------------------
Phe TTT   0   0   0   0   0   0 | Ser TCT   0   0   0   0   0   0 | Tyr TAT   1   1   1   1   1   1 | Cys TGT   0   0   0   0   0   0
    TTC   0   0   0   0   0   0 |     TCC   0   0   0   0   0   0 |     TAC   1   1   1   1   1   1 |     TGC   1   1   1   1   1   1
Leu TTA   0   0   0   0   0   0 |     TCA   0   0   0   0   0   0 | *** TAA   0   0   0   0   0   0 | *** TGA   0   0   0   0   0   0
    TTG   0   0   0   0   0   0 |     TCG   0   0   0   0   0   0 |     TAG   0   0   0   0   0   0 | Trp TGG   0   0   0   0   0   0
--------------------------------------------------------------------------------------------------------------------------------------
Leu CTT   2   2   2   2   2   1 | Pro CCT   0   0   0   0   0   0 | His CAT   0   0   0   0   0   0 | Arg CGT   0   0   0   0   0   0
    CTC   2   2   2   2   2   2 |     CCC   0   0   0   0   0   0 |     CAC   1   1   1   1   1   1 |     CGC   0   0   0   0   0   0
    CTA   0   0   0   0   0   0 |     CCA   0   0   0   0   0   0 | Gln CAA   0   0   0   0   0   0 |     CGA   0   0   0   0   0   0
    CTG   0   0   0   0   0   1 |     CCG   0   0   0   0   0   0 |     CAG   0   0   0   0   0   0 |     CGG   0   0   0   0   0   0
--------------------------------------------------------------------------------------------------------------------------------------
Ile ATT   0   0   0   0   0   0 | Thr ACT   0   0   0   0   0   0 | Asn AAT   2   2   2   1   2   2 | Ser AGT   1   1   1   1   1   0
    ATC   1   1   1   1   1   1 |     ACC   0   0   0   0   0   1 |     AAC   0   0   0   1   0   0 |     AGC   0   0   0   0   0   1
    ATA   0   0   0   0   0   0 |     ACA   1   1   1   1   1   0 | Lys AAA   2   2   2   2   2   2 | Arg AGA   0   0   0   0   0   0
Met ATG   0   0   0   0   0   0 |     ACG   0   0   0   0   0   0 |     AAG   1   1   1   1   1   1 |     AGG   0   0   0   0   0   0
--------------------------------------------------------------------------------------------------------------------------------------
Val GTT   0   1   0   0   0   0 | Ala GCT   0   0   0   0   0   0 | Asp GAT   0   0   0   1   0   0 | Gly GGT   0   0   0   0   0   1
    GTC   1   0   1   1   1   1 |     GCC   0   1   0   0   1   1 |     GAC   2   2   2   2   2   2 |     GGC   1   1   1   1   1   0
    GTA   0   0   0   0   0   0 |     GCA   1   0   1   0   0   0 | Glu GAA   2   2   2   1   2   2 |     GGA   0   0   0   0   0   0
    GTG   0   0   0   0   0   0 |     GCG   0   0   0   1   0   0 |     GAG   0   0   0   0   0   0 |     GGG   0   0   0   0   0   0
--------------------------------------------------------------------------------------------------------------------------------------

--------------------------------------------------------------------------------------------------------------------------------------
Phe TTT   0   0   0   0   0   0 | Ser TCT   0   0   0   0   0   0 | Tyr TAT   1   1   1   2   1   1 | Cys TGT   0   0   0   0   0   0
    TTC   0   0   0   0   0   0 |     TCC   0   0   0   0   0   0 |     TAC   1   1   1   0   1   1 |     TGC   1   1   1   1   1   1
Leu TTA   0   0   0   0   0   0 |     TCA   0   0   0   0   0   0 | *** TAA   0   0   0   0   0   0 | *** TGA   0   0   0   0   0   0
    TTG   0   0   0   0   0   0 |     TCG   0   0   0   0   0   0 |     TAG   0   0   0   0   0   0 | Trp TGG   0   0   0   0   0   0
--------------------------------------------------------------------------------------------------------------------------------------
Leu CTT   2   2   2   2   2   2 | Pro CCT   0   0   0   0   0   0 | His CAT   0   0   0   0   0   0 | Arg CGT   0   0   0   0   0   0
    CTC   2   2   2   2   2   2 |     CCC   0   0   0   0   0   0 |     CAC   1   1   1   1   1   1 |     CGC   0   0   0   0   0   0
    CTA   0   0   0   0   0   0 |     CCA   0   0   0   0   0   0 | Gln CAA   0   0   0   0   0   0 |     CGA   0   0   0   0   0   0
    CTG   0   0   0   0   0   0 |     CCG   0   0   0   0   0   0 |     CAG   0   0   0   0   0   0 |     CGG   0   0   0   0   0   0
--------------------------------------------------------------------------------------------------------------------------------------
Ile ATT   0   0   0   0   0   0 | Thr ACT   0   0   0   0   0   0 | Asn AAT   2   2   2   2   2   2 | Ser AGT   1   1   1   1   1   1
    ATC   1   1   1   1   1   1 |     ACC   0   0   0   0   0   0 |     AAC   0   0   0   0   0   0 |     AGC   0   0   0   0   0   0
    ATA   0   0   0   0   0   0 |     ACA   1   1   0   0   1   1 | Lys AAA   2   2   2   2   2   2 | Arg AGA   0   0   0   0   0   0
Met ATG   0   0   0   0   0   0 |     ACG   0   0   0   0   0   0 |     AAG   1   1   1   1   1   1 |     AGG   0   0   0   0   0   0
--------------------------------------------------------------------------------------------------------------------------------------
Val GTT   0   0   0   0   0   0 | Ala GCT   0   0   0   1   0   0 | Asp GAT   0   0   0   0   0   0 | Gly GGT   0   0   0   0   0   0
    GTC   1   1   1   1   1   1 |     GCC   1   1   1   1   1   1 |     GAC   2   2   2   2   2   2 |     GGC   1   1   1   1   1   1
    GTA   0   0   0   0   0   0 |     GCA   0   0   1   0   0   0 | Glu GAA   2   2   2   2   2   2 |     GGA   0   0   0   0   0   0
    GTG   0   0   0   0   0   0 |     GCG   0   0   0   0   0   0 |     GAG   0   0   0   0   0   0 |     GGG   0   0   0   0   0   0
--------------------------------------------------------------------------------------------------------------------------------------

Codon position x base (3x4) table for each sequence.

#1: Argali         
position  1:    T:0.13043    C:0.21739    A:0.34783    G:0.30435
position  2:    T:0.26087    C:0.08696    A:0.52174    G:0.13043
position  3:    T:0.26087    C:0.47826    A:0.17391    G:0.08696
Average         T:0.21739    C:0.26087    A:0.34783    G:0.17391

#2: LesserMouseDeer
position  1:    T:0.13043    C:0.17391    A:0.39130    G:0.30435
position  2:    T:0.21739    C:0.13043    A:0.52174    G:0.13043
position  3:    T:0.17391    C:0.52174    A:0.08696    G:0.21739
Average         T:0.17391    C:0.27536    A:0.33333    G:0.21739

#3: LesserKudu     
position  1:    T:0.13043    C:0.21739    A:0.34783    G:0.30435
position  2:    T:0.26087    C:0.08696    A:0.52174    G:0.13043
position  3:    T:0.26087    C:0.47826    A:0.21739    G:0.04348
Average         T:0.21739    C:0.26087    A:0.36232    G:0.15942

#4: ForestMuskDeer2
position  1:    T:0.13043    C:0.21739    A:0.30435    G:0.34783
position  2:    T:0.26087    C:0.08696    A:0.52174    G:0.13043
position  3:    T:0.34783    C:0.43478    A:0.17391    G:0.04348
Average         T:0.24638    C:0.24638    A:0.33333    G:0.17391

#5: Camel          
position  1:    T:0.13043    C:0.13043    A:0.52174    G:0.21739
position  2:    T:0.26087    C:0.13043    A:0.43478    G:0.17391
position  3:    T:0.26087    C:0.39130    A:0.17391    G:0.17391
Average         T:0.21739    C:0.21739    A:0.37681    G:0.18841

#6: KillerWhale    
position  1:    T:0.13043    C:0.13043    A:0.47826    G:0.26087
position  2:    T:0.21739    C:0.13043    A:0.52174    G:0.13043
position  3:    T:0.30435    C:0.34783    A:0.26087    G:0.08696
Average         T:0.21739    C:0.20290    A:0.42029    G:0.15942

#7: DefassaWaterbuck
position  1:    T:0.13043    C:0.21739    A:0.34783    G:0.30435
position  2:    T:0.26087    C:0.08696    A:0.52174    G:0.13043
position  3:    T:0.26087    C:0.47826    A:0.21739    G:0.04348
Average         T:0.21739    C:0.26087    A:0.36232    G:0.15942

#8: Sheep          
position  1:    T:0.13043    C:0.21739    A:0.34783    G:0.30435
position  2:    T:0.26087    C:0.08696    A:0.52174    G:0.13043
position  3:    T:0.26087    C:0.47826    A:0.17391    G:0.08696
Average         T:0.21739    C:0.26087    A:0.34783    G:0.17391

#9: MaxwellsDuiker 
position  1:    T:0.13043    C:0.21739    A:0.34783    G:0.30435
position  2:    T:0.26087    C:0.08696    A:0.52174    G:0.13043
position  3:    T:0.26087    C:0.47826    A:0.21739    G:0.04348
Average         T:0.21739    C:0.26087    A:0.36232    G:0.15942

#10: GazellaPrzewalskyi
position  1:    T:0.13043    C:0.21739    A:0.34783    G:0.30435
position  2:    T:0.26087    C:0.08696    A:0.52174    G:0.13043
position  3:    T:0.26087    C:0.47826    A:0.21739    G:0.04348
Average         T:0.21739    C:0.26087    A:0.36232    G:0.15942

#11: MountainNyala  
position  1:    T:0.13043    C:0.21739    A:0.34783    G:0.30435
position  2:    T:0.26087    C:0.08696    A:0.52174    G:0.13043
position  3:    T:0.26087    C:0.47826    A:0.21739    G:0.04348
Average         T:0.21739    C:0.26087    A:0.36232    G:0.15942

#12: MuntiacusMuntjak
position  1:    T:0.13043    C:0.21739    A:0.34783    G:0.30435
position  2:    T:0.26087    C:0.08696    A:0.52174    G:0.13043
position  3:    T:0.26087    C:0.43478    A:0.26087    G:0.04348
Average         T:0.21739    C:0.24638    A:0.37681    G:0.15942

#13: goat           
position  1:    T:0.13043    C:0.21739    A:0.30435    G:0.34783
position  2:    T:0.26087    C:0.08696    A:0.52174    G:0.13043
position  3:    T:0.26087    C:0.47826    A:0.21739    G:0.04348
Average         T:0.21739    C:0.26087    A:0.34783    G:0.17391

#14: AfricanBuffalo 
position  1:    T:0.13043    C:0.21739    A:0.34783    G:0.30435
position  2:    T:0.26087    C:0.08696    A:0.52174    G:0.13043
position  3:    T:0.26087    C:0.47826    A:0.21739    G:0.04348
Average         T:0.21739    C:0.26087    A:0.36232    G:0.15942

#15: Topi           
position  1:    T:0.13043    C:0.21739    A:0.34783    G:0.30435
position  2:    T:0.26087    C:0.08696    A:0.52174    G:0.13043
position  3:    T:0.26087    C:0.47826    A:0.21739    G:0.04348
Average         T:0.21739    C:0.26087    A:0.36232    G:0.15942

#16: CommonDuiker   
position  1:    T:0.13043    C:0.21739    A:0.34783    G:0.30435
position  2:    T:0.26087    C:0.08696    A:0.52174    G:0.13043
position  3:    T:0.26087    C:0.47826    A:0.21739    G:0.04348
Average         T:0.21739    C:0.26087    A:0.36232    G:0.15942

#17: Suni           
position  1:    T:0.13043    C:0.21739    A:0.34783    G:0.30435
position  2:    T:0.26087    C:0.08696    A:0.52174    G:0.13043
position  3:    T:0.26087    C:0.47826    A:0.21739    G:0.04348
Average         T:0.21739    C:0.26087    A:0.36232    G:0.15942

#18: Springbuck     
position  1:    T:0.13043    C:0.21739    A:0.34783    G:0.30435
position  2:    T:0.26087    C:0.08696    A:0.52174    G:0.13043
position  3:    T:0.26087    C:0.47826    A:0.21739    G:0.04348
Average         T:0.21739    C:0.26087    A:0.36232    G:0.15942

#19: Okapi          
position  1:    T:0.13043    C:0.21739    A:0.30435    G:0.34783
position  2:    T:0.26087    C:0.08696    A:0.52174    G:0.13043
position  3:    T:0.26087    C:0.43478    A:0.21739    G:0.08696
Average         T:0.21739    C:0.24638    A:0.34783    G:0.18841

#20: Giraffe        
position  1:    T:0.13043    C:0.17391    A:0.34783    G:0.34783
position  2:    T:0.26087    C:0.08696    A:0.52174    G:0.13043
position  3:    T:0.30435    C:0.39130    A:0.21739    G:0.08696
Average         T:0.23188    C:0.21739    A:0.36232    G:0.18841

#21: TibetanAntelope
position  1:    T:0.13043    C:0.21739    A:0.34783    G:0.30435
position  2:    T:0.26087    C:0.08696    A:0.52174    G:0.13043
position  3:    T:0.26087    C:0.43478    A:0.21739    G:0.08696
Average         T:0.21739    C:0.24638    A:0.36232    G:0.17391

#22: Sitatunga      
position  1:    T:0.13043    C:0.21739    A:0.34783    G:0.30435
position  2:    T:0.26087    C:0.08696    A:0.52174    G:0.13043
position  3:    T:0.26087    C:0.47826    A:0.21739    G:0.04348
Average         T:0.21739    C:0.26087    A:0.36232    G:0.15942

#23: Oribi          
position  1:    T:0.13043    C:0.21739    A:0.34783    G:0.30435
position  2:    T:0.26087    C:0.08696    A:0.52174    G:0.13043
position  3:    T:0.26087    C:0.47826    A:0.21739    G:0.04348
Average         T:0.21739    C:0.26087    A:0.36232    G:0.15942

#24: BarbarySheep   
position  1:    T:0.13043    C:0.21739    A:0.34783    G:0.30435
position  2:    T:0.26087    C:0.08696    A:0.52174    G:0.13043
position  3:    T:0.26087    C:0.47826    A:0.21739    G:0.04348
Average         T:0.21739    C:0.26087    A:0.36232    G:0.15942

#25: Daviddeer      
position  1:    T:0.13043    C:0.21739    A:0.34783    G:0.30435
position  2:    T:0.26087    C:0.08696    A:0.52174    G:0.13043
position  3:    T:0.26087    C:0.43478    A:0.26087    G:0.04348
Average         T:0.21739    C:0.24638    A:0.37681    G:0.15942

#26: Reindeer       
position  1:    T:0.13043    C:0.21739    A:0.34783    G:0.30435
position  2:    T:0.26087    C:0.08696    A:0.52174    G:0.13043
position  3:    T:0.30435    C:0.43478    A:0.17391    G:0.08696
Average         T:0.23188    C:0.24638    A:0.34783    G:0.17391

#27: Ibex           
position  1:    T:0.13043    C:0.21739    A:0.30435    G:0.34783
position  2:    T:0.26087    C:0.08696    A:0.52174    G:0.13043
position  3:    T:0.26087    C:0.47826    A:0.21739    G:0.04348
Average         T:0.21739    C:0.26087    A:0.34783    G:0.17391

#28: GyrantGazelle  
position  1:    T:0.13043    C:0.21739    A:0.34783    G:0.30435
position  2:    T:0.26087    C:0.08696    A:0.52174    G:0.13043
position  3:    T:0.26087    C:0.47826    A:0.21739    G:0.04348
Average         T:0.21739    C:0.26087    A:0.36232    G:0.15942

#29: Hartebeest     
position  1:    T:0.13043    C:0.21739    A:0.34783    G:0.30435
position  2:    T:0.26087    C:0.08696    A:0.52174    G:0.13043
position  3:    T:0.26087    C:0.47826    A:0.21739    G:0.04348
Average         T:0.21739    C:0.26087    A:0.36232    G:0.15942

#30: Bongo          
position  1:    T:0.13043    C:0.21739    A:0.34783    G:0.30435
position  2:    T:0.26087    C:0.08696    A:0.52174    G:0.13043
position  3:    T:0.26087    C:0.47826    A:0.21739    G:0.04348
Average         T:0.21739    C:0.26087    A:0.36232    G:0.15942

#31: Gerenuk        
position  1:    T:0.13043    C:0.21739    A:0.30435    G:0.34783
position  2:    T:0.26087    C:0.08696    A:0.52174    G:0.13043
position  3:    T:0.26087    C:0.47826    A:0.21739    G:0.04348
Average         T:0.21739    C:0.26087    A:0.34783    G:0.17391

#32: CommonEland    
position  1:    T:0.13043    C:0.21739    A:0.34783    G:0.30435
position  2:    T:0.26087    C:0.08696    A:0.52174    G:0.13043
position  3:    T:0.26087    C:0.47826    A:0.21739    G:0.04348
Average         T:0.21739    C:0.26087    A:0.36232    G:0.15942

#33: MuntiacusReevesi
position  1:    T:0.13043    C:0.21739    A:0.34783    G:0.30435
position  2:    T:0.26087    C:0.08696    A:0.52174    G:0.13043
position  3:    T:0.26087    C:0.43478    A:0.26087    G:0.04348
Average         T:0.21739    C:0.24638    A:0.37681    G:0.15942

#34: HarveysDuiker  
position  1:    T:0.13043    C:0.21739    A:0.34783    G:0.30435
position  2:    T:0.26087    C:0.08696    A:0.52174    G:0.13043
position  3:    T:0.26087    C:0.47826    A:0.21739    G:0.04348
Average         T:0.21739    C:0.26087    A:0.36232    G:0.15942

#35: Pronghorn      
position  1:    T:0.13043    C:0.21739    A:0.30435    G:0.34783
position  2:    T:0.26087    C:0.08696    A:0.52174    G:0.13043
position  3:    T:0.30435    C:0.39130    A:0.21739    G:0.08696
Average         T:0.23188    C:0.23188    A:0.34783    G:0.18841

#36: BlueWildebeest 
position  1:    T:0.13043    C:0.21739    A:0.34783    G:0.30435
position  2:    T:0.26087    C:0.08696    A:0.52174    G:0.13043
position  3:    T:0.26087    C:0.47826    A:0.21739    G:0.04348
Average         T:0.21739    C:0.26087    A:0.36232    G:0.15942

#37: Gemsbok        
position  1:    T:0.13043    C:0.21739    A:0.39130    G:0.26087
position  2:    T:0.26087    C:0.08696    A:0.52174    G:0.13043
position  3:    T:0.26087    C:0.47826    A:0.21739    G:0.04348
Average         T:0.21739    C:0.26087    A:0.37681    G:0.14493

#38: Yak            
position  1:    T:0.13043    C:0.21739    A:0.34783    G:0.30435
position  2:    T:0.26087    C:0.08696    A:0.52174    G:0.13043
position  3:    T:0.26087    C:0.47826    A:0.21739    G:0.04348
Average         T:0.21739    C:0.26087    A:0.36232    G:0.15942

#39: BlueSheep      
position  1:    T:0.13043    C:0.21739    A:0.34783    G:0.30435
position  2:    T:0.26087    C:0.08696    A:0.52174    G:0.13043
position  3:    T:0.26087    C:0.47826    A:0.17391    G:0.08696
Average         T:0.21739    C:0.26087    A:0.34783    G:0.17391

#40: BohorReedbuck  
position  1:    T:0.13043    C:0.21739    A:0.34783    G:0.30435
position  2:    T:0.26087    C:0.08696    A:0.52174    G:0.13043
position  3:    T:0.30435    C:0.43478    A:0.21739    G:0.04348
Average         T:0.23188    C:0.24638    A:0.36232    G:0.15942

#41: KirksDik       
position  1:    T:0.13043    C:0.21739    A:0.34783    G:0.30435
position  2:    T:0.26087    C:0.08696    A:0.52174    G:0.13043
position  3:    T:0.26087    C:0.47826    A:0.21739    G:0.04348
Average         T:0.21739    C:0.26087    A:0.36232    G:0.15942

#42: RoeDeer        
position  1:    T:0.13043    C:0.21739    A:0.34783    G:0.30435
position  2:    T:0.26087    C:0.08696    A:0.52174    G:0.13043
position  3:    T:0.26087    C:0.43478    A:0.21739    G:0.08696
Average         T:0.21739    C:0.24638    A:0.36232    G:0.17391

#43: WhiteLippedDeer
position  1:    T:0.13043    C:0.21739    A:0.34783    G:0.30435
position  2:    T:0.26087    C:0.08696    A:0.52174    G:0.13043
position  3:    T:0.26087    C:0.43478    A:0.26087    G:0.04348
Average         T:0.21739    C:0.24638    A:0.37681    G:0.15942

#44: ThomsonGazelle 
position  1:    T:0.13043    C:0.21739    A:0.34783    G:0.30435
position  2:    T:0.26087    C:0.08696    A:0.52174    G:0.13043
position  3:    T:0.30435    C:0.43478    A:0.21739    G:0.04348
Average         T:0.23188    C:0.24638    A:0.36232    G:0.15942

#45: MuntiacusCrinifrons
position  1:    T:0.13043    C:0.21739    A:0.34783    G:0.30435
position  2:    T:0.26087    C:0.08696    A:0.52174    G:0.13043
position  3:    T:0.26087    C:0.43478    A:0.26087    G:0.04348
Average         T:0.21739    C:0.24638    A:0.37681    G:0.15942

#46: WhiteTailedDeer
position  1:    T:0.13043    C:0.21739    A:0.34783    G:0.30435
position  2:    T:0.26087    C:0.08696    A:0.52174    G:0.13043
position  3:    T:0.26087    C:0.47826    A:0.17391    G:0.08696
Average         T:0.21739    C:0.26087    A:0.34783    G:0.17391

#47: Cattle         
position  1:    T:0.13043    C:0.21739    A:0.34783    G:0.30435
position  2:    T:0.26087    C:0.08696    A:0.52174    G:0.13043
position  3:    T:0.26087    C:0.47826    A:0.21739    G:0.04348
Average         T:0.21739    C:0.26087    A:0.36232    G:0.15942

#48: RoyalAntelope  
position  1:    T:0.13043    C:0.21739    A:0.34783    G:0.30435
position  2:    T:0.26087    C:0.08696    A:0.52174    G:0.13043
position  3:    T:0.21739    C:0.52174    A:0.17391    G:0.08696
Average         T:0.20290    C:0.27536    A:0.34783    G:0.17391

#49: Steenbok       
position  1:    T:0.13043    C:0.21739    A:0.34783    G:0.30435
position  2:    T:0.26087    C:0.08696    A:0.52174    G:0.13043
position  3:    T:0.26087    C:0.47826    A:0.21739    G:0.04348
Average         T:0.21739    C:0.26087    A:0.36232    G:0.15942

#50: Impala         
position  1:    T:0.13043    C:0.21739    A:0.34783    G:0.30435
position  2:    T:0.26087    C:0.08696    A:0.52174    G:0.13043
position  3:    T:0.26087    C:0.47826    A:0.21739    G:0.04348
Average         T:0.21739    C:0.26087    A:0.36232    G:0.15942

#51: Klipspringer   
position  1:    T:0.13043    C:0.21739    A:0.30435    G:0.34783
position  2:    T:0.26087    C:0.08696    A:0.52174    G:0.13043
