1
52 1
Argali 0.000000 0.208400 0.060700 0.212100 0.060600 0.000000 0.067200 0.040400 0.075000 0.053700 0.020000 0.040300 0.041000 0.040000 0.053300 0.033300 0.069000 0.104300 0.026700 0.075400 0.033700 0.033500 0.060900 0.074600 0.026700 0.039800 0.041000 0.074900 0.026700 0.061000 0.060100 0.060700 0.082400 0.040900 0.053600 0.067100 0.040200 0.053900 0.040600 0.067700 0.061500 0.046400 0.053700 0.060600 0.060600 0.054700 0.079900 0.083200 0.060100 0.067000 0.082000 0.075100
LesserMous 0.208400 0.000000 0.220900 0.253400 0.223800 0.208400 0.222100 0.209000 0.213900 0.221100 0.184700 0.197200 0.212100 0.207000 0.213400 0.199100 0.258600 0.301400 0.191800 0.223000 0.201600 0.200100 0.221700 0.219400 0.184000 0.189100 0.212100 0.219700 0.191800 0.222400 0.227300 0.198500 0.231800 0.211600 0.222700 0.227700 0.207400 0.223300 0.176800 0.215500 0.215100 0.212600 0.221000 0.214700 0.220300 0.227900 0.208200 0.235500 0.196200 0.211600 0.238000 0.239600
LesserKudu 0.060700 0.220900 0.000000 0.206300 0.081200 0.060700 0.087800 0.074900 0.026200 0.074200 0.040200 0.046700 0.061600 0.060300 0.073700 0.053600 0.090100 0.095900 0.046900 0.026300 0.054100 0.053800 0.081600 0.095300 0.046900 0.060000 0.061600 0.026200 0.046900 0.013000 0.066500 0.081300 0.094000 0.061500 0.079200 0.059600 0.060500 0.074400 0.061100 0.074100 0.082300 0.066500 0.074100 0.081200 0.053100 0.075500 0.100400 0.104400 0.066500 0.087500 0.032800 0.026200
KillerWhal 0.212100 0.253400 0.206300 0.000000 0.219100 0.212100 0.208400 0.229300 0.223400 0.184300 0.188000 0.206300 0.206100 0.210500 0.208900 0.202700 0.228500 0.234300 0.195300 0.215200 0.205000 0.203500 0.202300 0.209300 0.187300 0.208900 0.206100 0.222800 0.195200 0.215000 0.174400 0.202000 0.187400 0.205700 0.208200 0.195200 0.210800 0.218700 0.190700 0.182100 0.186000 0.191900 0.184200 0.201800 0.195800 0.214200 0.238000 0.231400 0.193400 0.204200 0.230200 0.214600
DefassaWat 0.060600 0.223800 0.081200 0.219100 0.000000 0.060600 0.087700 0.074800 0.081400 0.060100 0.040200 0.060500 0.061600 0.060200 0.046100 0.053500 0.089900 0.125500 0.046800 0.096300 0.054100 0.053700 0.053400 0.080900 0.033200 0.059900 0.061600 0.081300 0.046800 0.081500 0.066400 0.081200 0.088900 0.061400 0.073900 0.087500 0.060400 0.006500 0.061000 0.074100 0.053900 0.066400 0.060100 0.067000 0.081000 0.075400 0.100300 0.075200 0.066400 0.059600 0.088400 0.095900
Sheep 0.000000 0.208400 0.060700 0.212100 0.060600 0.000000 0.067200 0.040400 0.075000 0.053700 0.020000 0.040300 0.041000 0.040000 0.053300 0.033300 0.069000 0.104300 0.026700 0.075400 0.033700 0.033500 0.060900 0.074600 0.026700 0.039800 0.041000 0.074900 0.026700 0.061000 0.060100 0.060700 0.082400 0.040900 0.053600 0.067100 0.040200 0.053900 0.040600 0.067700 0.061500 0.046400 0.053700 0.060600 0.060600 0.054700 0.079900 0.083200 0.060100 0.067000 0.082000 0.075100
MaxwellsDu 0.067200 0.222100 0.087800 0.208400 0.087700 0.067200 0.000000 0.067400 0.102400 0.066700 0.046800 0.067200 0.068300 0.026200 0.080100 0.060000 0.096700 0.102800 0.053400 0.103000 0.060700 0.060400 0.074000 0.087600 0.053400 0.066400 0.068300 0.102200 0.053400 0.088200 0.073000 0.046300 0.110000 0.068200 0.080400 0.066300 0.067000 0.080900 0.067700 0.080800 0.074600 0.045800 0.066700 0.073700 0.059800 0.067900 0.092800 0.082100 0.086800 0.093800 0.109400 0.088200
GazellaPrz 0.040400 0.209000 0.074900 0.229300 0.074800 0.040400 0.067400 0.000000 0.089500 0.067800 0.033700 0.054200 0.055100 0.053900 0.073900 0.033400 0.076400 0.112000 0.040400 0.090100 0.033800 0.047300 0.074800 0.089000 0.040400 0.039900 0.055100 0.089400 0.026700 0.075300 0.074100 0.060800 0.097100 0.055000 0.067600 0.081300 0.054000 0.068000 0.040600 0.082000 0.075500 0.046500 0.067800 0.074900 0.074700 0.069000 0.080100 0.098000 0.074100 0.081200 0.096600 0.089700
MountainNy 0.075000 0.213900 0.026200 0.223400 0.081400 0.075000 0.102400 0.089500 0.000000 0.060400 0.054200 0.046800 0.061800 0.074500 0.073900 0.067600 0.090300 0.096200 0.060900 0.026400 0.068400 0.068000 0.081800 0.081300 0.047000 0.074100 0.061800 0.000000 0.060900 0.013100 0.052900 0.095900 0.094400 0.061700 0.079200 0.059800 0.074700 0.074600 0.075600 0.060300 0.068200 0.080700 0.060300 0.081400 0.053200 0.090200 0.115100 0.104700 0.066700 0.073600 0.018900 0.026300
MuntiacusM 0.053700 0.221100 0.074200 0.184300 0.060100 0.053700 0.066700 0.067800 0.060400 0.000000 0.033400 0.039900 0.040600 0.053400 0.039400 0.046700 0.068400 0.088900 0.040000 0.074800 0.047200 0.046900 0.032900 0.032800 0.026500 0.053100 0.040600 0.059900 0.040000 0.060500 0.006400 0.074200 0.067500 0.040500 0.039500 0.052900 0.046800 0.053400 0.054100 0.026200 0.019700 0.032700 0.000000 0.032900 0.046400 0.054300 0.093300 0.068200 0.059600 0.065000 0.067200 0.060500
goat 0.020000 0.184700 0.040200 0.188000 0.040200 0.020000 0.046800 0.033700 0.054200 0.033400 0.000000 0.020000 0.020400 0.019900 0.033100 0.013300 0.048000 0.082900 0.006600 0.054500 0.013400 0.013300 0.040400 0.053900 0.006700 0.019800 0.020400 0.054100 0.006600 0.040400 0.039800 0.040200 0.061400 0.020300 0.033300 0.046700 0.020000 0.033500 0.020200 0.047100 0.040700 0.026300 0.033400 0.040200 0.040100 0.034000 0.059600 0.062000 0.039800 0.046600 0.061100 0.054300
AfricanBuf 0.040300 0.197200 0.046700 0.206300 0.060500 0.040300 0.067200 0.054200 0.046800 0.039900 0.020000 0.000000 0.027100 0.040000 0.053300 0.033300 0.054700 0.089500 0.026700 0.047100 0.033700 0.033500 0.060800 0.060500 0.026700 0.039800 0.027100 0.046700 0.026600 0.033200 0.046300 0.060600 0.072400 0.027000 0.043800 0.026200 0.040100 0.053800 0.040500 0.053700 0.047400 0.046300 0.039900 0.060600 0.019700 0.054600 0.079900 0.083100 0.046300 0.039500 0.053600 0.046900
Topi 0.041000 0.212100 0.061600 0.206100 0.061600 0.041000 0.068300 0.055100 0.061800 0.040600 0.020400 0.027100 0.000000 0.040700 0.054100 0.033800 0.055600 0.091100 0.027100 0.062200 0.034200 0.034000 0.061900 0.061500 0.027100 0.040400 0.000000 0.061700 0.027100 0.047800 0.047100 0.061700 0.069300 0.000000 0.040500 0.054200 0.040800 0.054700 0.041300 0.054700 0.048200 0.047100 0.040600 0.061600 0.047500 0.055600 0.081100 0.084500 0.061000 0.053900 0.068800 0.062000
CommonDuik 0.040000 0.207000 0.060300 0.210500 0.060200 0.040000 0.026200 0.053900 0.074500 0.053400 0.019900 0.040000 0.040700 0.000000 0.053000 0.033100 0.068500 0.089100 0.026500 0.074900 0.033500 0.033300 0.060500 0.074100 0.026500 0.039500 0.040700 0.074400 0.026500 0.060600 0.059700 0.019700 0.081900 0.040600 0.053200 0.053100 0.039900 0.053500 0.040300 0.067300 0.061100 0.032700 0.053300 0.060200 0.046500 0.054300 0.065700 0.068400 0.059700 0.066500 0.081400 0.074700
Suni 0.053300 0.213400 0.073700 0.208900 0.046100 0.053300 0.080100 0.073900 0.073900 0.039400 0.033100 0.053300 0.054100 0.053000 0.000000 0.046300 0.082100 0.102600 0.039700 0.088500 0.046800 0.046500 0.052900 0.073400 0.026300 0.052700 0.054100 0.073800 0.039700 0.074000 0.045600 0.073600 0.081100 0.054000 0.052800 0.080000 0.053100 0.039500 0.053800 0.066600 0.053300 0.045700 0.039300 0.059700 0.073500 0.067800 0.092700 0.067700 0.059200 0.066000 0.080800 0.088200
Springbuck 0.033300 0.199100 0.053600 0.202700 0.053500 0.033300 0.060000 0.033400 0.067600 0.046700 0.013300 0.033300 0.033800 0.033100 0.046300 0.000000 0.061600 0.096500 0.006600 0.068000 0.013300 0.026600 0.053700 0.067300 0.019900 0.019600 0.033800 0.067500 0.006600 0.053800 0.053000 0.053500 0.074900 0.033800 0.033000 0.060000 0.033200 0.046800 0.020000 0.060400 0.054200 0.026100 0.046600 0.053500 0.053400 0.047500 0.058800 0.075600 0.053000 0.059800 0.074500 0.067800
Okapi 0.069000 0.258600 0.090100 0.228500 0.089900 0.069000 0.096700 0.076400 0.090300 0.068400 0.048000 0.054700 0.055600 0.068500 0.082100 0.061600 0.000000 0.081600 0.054800 0.090800 0.062300 0.061900 0.090400 0.089900 0.054800 0.068100 0.055600 0.090100 0.054800 0.075900 0.074800 0.082900 0.097600 0.055500 0.068200 0.082100 0.068700 0.083000 0.069500 0.082800 0.076500 0.074800 0.068400 0.090000 0.075400 0.084300 0.102400 0.114000 0.067300 0.081900 0.097500 0.090500
Giraffe 0.104300 0.301400 0.095900 0.234300 0.125500 0.104300 0.102800 0.112000 0.096200 0.088900 0.082900 0.089500 0.091100 0.089100 0.102600 0.096500 0.081600 0.000000 0.089600 0.096800 0.097600 0.097000 0.126100 0.125500 0.089700 0.102900 0.091100 0.096000 0.089600 0.081900 0.080900 0.103800 0.103600 0.090900 0.088700 0.102600 0.103800 0.118500 0.105000 0.103400 0.112200 0.081000 0.088800 0.125600 0.095900 0.120300 0.130200 0.150900 0.116200 0.116800 0.103300 0.096400
TibetanAnt 0.026700 0.191800 0.046900 0.195300 0.046800 0.026700 0.053400 0.040400 0.060900 0.040000 0.006600 0.026700 0.027100 0.026500 0.039700 0.006600 0.054800 0.089600 0.000000 0.061300 0.020100 0.020000 0.047000 0.060600 0.013300 0.026400 0.027100 0.060800 0.013200 0.047100 0.046400 0.046900 0.068200 0.027100 0.026400 0.053300 0.026600 0.040100 0.026900 0.053800 0.047500 0.032900 0.040000 0.046800 0.046800 0.040700 0.065900 0.068800 0.046400 0.053200 0.067800 0.061000
Sitatunga 0.075400 0.223000 0.026300 0.215200 0.096300 0.075400 0.103000 0.090100 0.026400 0.074800 0.054500 0.047100 0.062200 0.074900 0.088500 0.068000 0.090800 0.096800 0.061300 0.000000 0.068800 0.068400 0.096800 0.096100 0.061300 0.074500 0.062200 0.026400 0.061200 0.013100 0.067000 0.096400 0.080000 0.062000 0.080300 0.060100 0.075100 0.089400 0.075900 0.074800 0.083000 0.081200 0.074700 0.096300 0.053500 0.076100 0.115700 0.120400 0.081100 0.074000 0.033100 0.026500
Oribi 0.033700 0.201600 0.054100 0.205000 0.054100 0.033700 0.060700 0.033800 0.068400 0.047200 0.013400 0.033700 0.034200 0.033500 0.046800 0.013300 0.062300 0.097600 0.020100 0.068800 0.000000 0.026900 0.054300 0.068000 0.020100 0.019800 0.034200 0.068300 0.006600 0.054400 0.053600 0.054100 0.075800 0.034200 0.047000 0.060600 0.033600 0.047300 0.020200 0.061100 0.054800 0.026400 0.047100 0.054100 0.054000 0.048000 0.059600 0.076500 0.053600 0.060400 0.075300 0.068500
BarbaryShe 0.033500 0.200100 0.053800 0.203500 0.053700 0.033500 0.060400 0.047300 0.068000 0.046900 0.013300 0.033500 0.034000 0.033300 0.046500 0.026600 0.061900 0.097000 0.020000 0.068400 0.026900 0.000000 0.054000 0.067600 0.020000 0.033100 0.034000 0.067900 0.020000 0.054100 0.053300 0.053800 0.075300 0.034000 0.046700 0.060300 0.006600 0.047000 0.033700 0.060800 0.054500 0.039600 0.046900 0.053800 0.053700 0.047700 0.073100 0.076000 0.053300 0.060100 0.074900 0.068100
Daviddeer 0.060900 0.221700 0.081600 0.202300 0.053400 0.060900 0.074000 0.074800 0.081800 0.032900 0.040400 0.060800 0.061900 0.060500 0.052900 0.053700 0.090400 0.126100 0.047000 0.096800 0.054300 0.054000 0.000000 0.059800 0.033300 0.060200 0.061900 0.081200 0.047000 0.081900 0.039200 0.081600 0.096500 0.061700 0.074200 0.073900 0.053800 0.046800 0.061300 0.046600 0.026100 0.053100 0.032800 0.046200 0.067300 0.054400 0.100800 0.061400 0.066800 0.086400 0.088800 0.082000
Reindeer 0.074600 0.219400 0.095300 0.209300 0.080900 0.074600 0.087600 0.089000 0.081300 0.032800 0.053900 0.060500 0.061500 0.074100 0.073400 0.067300 0.089900 0.125500 0.060600 0.096100 0.068000 0.067600 0.059800 0.000000 0.046800 0.046200 0.061500 0.081100 0.060600 0.081400 0.039200 0.095400 0.096000 0.061400 0.073700 0.073400 0.074300 0.074200 0.075100 0.046400 0.046500 0.066400 0.032800 0.012900 0.066900 0.075300 0.100100 0.089500 0.080200 0.085400 0.088200 0.081400
Ibex 0.026700 0.184000 0.046900 0.187300 0.033200 0.026700 0.053400 0.040400 0.047000 0.026500 0.006700 0.026700 0.027100 0.026500 0.026300 0.019900 0.054800 0.089700 0.013300 0.061300 0.020100 0.020000 0.033300 0.046800 0.000000 0.026400 0.027100 0.046900 0.013300 0.047100 0.032900 0.046900 0.068200 0.027100 0.039900 0.053400 0.026600 0.026500 0.026900 0.040000 0.033700 0.032900 0.026500 0.033200 0.046800 0.040700 0.066200 0.054600 0.032900 0.039600 0.053800 0.061100
GyrantGaze 0.039800 0.189100 0.060000 0.208900 0.059900 0.039800 0.066400 0.039900 0.074100 0.053100 0.019800 0.039800 0.040400 0.039500 0.052700 0.019600 0.068100 0.102900 0.026400 0.074500 0.019800 0.033100 0.060200 0.046200 0.026400 0.000000 0.040400 0.073900 0.013100 0.060300 0.059300 0.059900 0.081400 0.040300 0.052900 0.066300 0.039700 0.053200 0.026500 0.066900 0.060700 0.032500 0.053000 0.046200 0.059800 0.054000 0.051900 0.082100 0.059400 0.066200 0.081000 0.074200
Hartebeest 0.041000 0.212100 0.061600 0.206100 0.061600 0.041000 0.068300 0.055100 0.061800 0.040600 0.020400 0.027100 0.000000 0.040700 0.054100 0.033800 0.055600 0.091100 0.027100 0.062200 0.034200 0.034000 0.061900 0.061500 0.027100 0.040400 0.000000 0.061700 0.027100 0.047800 0.047100 0.061700 0.069300 0.000000 0.040500 0.054200 0.040800 0.054700 0.041300 0.054700 0.048200 0.047100 0.040600 0.061600 0.047500 0.055600 0.081100 0.084500 0.061000 0.053900 0.068800 0.062000
Bongo 0.074900 0.219700 0.026200 0.222800 0.081300 0.074900 0.102200 0.089400 0.000000 0.059900 0.054100 0.046700 0.061700 0.074400 0.073800 0.067500 0.090100 0.096000 0.060800 0.026400 0.068300 0.067900 0.081200 0.081100 0.046900 0.073900 0.061700 0.000000 0.060800 0.013000 0.052500 0.095700 0.094100 0.061500 0.078900 0.059600 0.067600 0.074500 0.075400 0.060200 0.067700 0.080600 0.059900 0.081300 0.053100 0.090000 0.114900 0.104500 0.066600 0.073500 0.018500 0.026300
Gerenuk 0.026700 0.191800 0.046900 0.195200 0.046800 0.026700 0.053400 0.026700 0.060900 0.040000 0.006600 0.026600 0.027100 0.026500 0.039700 0.006600 0.054800 0.089600 0.013200 0.061200 0.006600 0.020000 0.047000 0.060600 0.013300 0.013100 0.027100 0.060800 0.000000 0.047100 0.046400 0.046900 0.068100 0.027000 0.039900 0.053300 0.026600 0.040100 0.013300 0.053800 0.047500 0.019600 0.040000 0.046800 0.046800 0.040700 0.052500 0.068800 0.046400 0.053200 0.067800 0.061000
CommonElan 0.061000 0.222400 0.013000 0.215000 0.081500 0.061000 0.088200 0.075300 0.013100 0.060500 0.040400 0.033200 0.047800 0.060600 0.074000 0.053800 0.075900 0.081900 0.047100 0.013100 0.054400 0.054100 0.081900 0.081400 0.047100 0.060300 0.047800 0.013000 0.047100 0.000000 0.053100 0.081600 0.079800 0.047700 0.064800 0.046200 0.060700 0.074700 0.061500 0.060500 0.068300 0.066900 0.060400 0.081500 0.039700 0.075800 0.100800 0.104900 0.066800 0.073700 0.018600 0.013100
MuntiacusR 0.060100 0.227300 0.066500 0.174400 0.066400 0.060100 0.073000 0.074100 0.052900 0.006400 0.039800 0.046300 0.047100 0.059700 0.045600 0.053000 0.074800 0.080900 0.046400 0.067000 0.053600 0.053300 0.039200 0.039200 0.032900 0.059300 0.047100 0.052500 0.046400 0.053100 0.000000 0.080500 0.059900 0.047000 0.045800 0.045700 0.053100 0.059700 0.060500 0.019400 0.026200 0.038900 0.006400 0.039200 0.039200 0.060600 0.099400 0.074500 0.065800 0.071100 0.059600 0.053000
HarveysDui 0.060700 0.198500 0.081300 0.202000 0.081200 0.060700 0.046300 0.060800 0.095900 0.074200 0.040200 0.060600 0.061700 0.019700 0.073600 0.053500 0.082900 0.103800 0.046900 0.096400 0.054100 0.053800 0.081600 0.095400 0.046900 0.059900 0.061700 0.095700 0.046900 0.081600 0.080500 0.000000 0.103500 0.061600 0.073900 0.073800 0.060500 0.074400 0.061100 0.088400 0.082300 0.052900 0.074200 0.081200 0.067200 0.075500 0.072500 0.089900 0.080400 0.087400 0.102900 0.096100
Pronghorn 0.082400 0.231800 0.094000 0.187400 0.088900 0.082400 0.110000 0.097100 0.094400 0.067500 0.061400 0.072400 0.069300 0.081900 0.081100 0.074900 0.097600 0.103600 0.068200 0.080000 0.075800 0.075300 0.096500 0.096000 0.068200 0.081400 0.069300 0.094100 0.068100 0.079800 0.059900 0.103500 0.000000 0.069100 0.067300 0.086000 0.082100 0.082100 0.083100 0.081800 0.082800 0.073900 0.067500 0.096000 0.079100 0.097900 0.115500 0.112600 0.102400 0.080800 0.100900 0.094500
BlueWildeb 0.040900 0.211600 0.061500 0.205700 0.061400 0.040900 0.068200 0.055000 0.061700 0.040500 0.020300 0.027000 0.000000 0.040600 0.054000 0.033800 0.055500 0.090900 0.027100 0.062000 0.034200 0.034000 0.061700 0.061400 0.027100 0.040300 0.000000 0.061500 0.027000 0.047700 0.047000 0.061600 0.069100 0.000000 0.040400 0.054100 0.040700 0.054600 0.041200 0.054500 0.048100 0.047000 0.040500 0.061500 0.047400 0.055500 0.080900 0.084400 0.060900 0.053800 0.068700 0.061800
Gemsbok 0.053600 0.222700 0.079200 0.208200 0.073900 0.053600 0.080400 0.067600 0.079200 0.039500 0.033300 0.043800 0.040500 0.053200 0.052800 0.033000 0.068200 0.088700 0.026400 0.080300 0.047000 0.046700 0.074200 0.073700 0.039900 0.052900 0.040500 0.078900 0.039900 0.064800 0.045800 0.073900 0.067300 0.040400 0.000000 0.071500 0.053400 0.067100 0.053900 0.066900 0.060800 0.045900 0.039500 0.073900 0.064600 0.068100 0.093000 0.096700 0.073200 0.066200 0.086700 0.079400
Yak 0.067100 0.227700 0.059600 0.195200 0.087500 0.067100 0.066300 0.081300 0.059800 0.052900 0.046700 0.026200 0.054200 0.053100 0.080000 0.060000 0.082100 0.102600 0.053300 0.060100 0.060600 0.060300 0.073900 0.073400 0.053400 0.066300 0.054200 0.059600 0.053300 0.046200 0.045700 0.073800 0.086000 0.054100 0.071500 0.000000 0.066900 0.080800 0.067600 0.052900 0.060500 0.059200 0.052900 0.073500 0.006400 0.067800 0.106600 0.082000 0.072800 0.065900 0.066500 0.046200
BlueSheep 0.040200 0.207400 0.060500 0.210800 0.060400 0.040200 0.067000 0.054000 0.074700 0.046800 0.020000 0.040100 0.040800 0.039900 0.053100 0.033200 0.068700 0.103800 0.026600 0.075100 0.033600 0.006600 0.053800 0.074300 0.026600 0.039700 0.040800 0.067600 0.026600 0.060700 0.053100 0.060500 0.082100 0.040700 0.053400 0.066900 0.000000 0.053700 0.040400 0.067400 0.054300 0.046200 0.046700 0.060400 0.060300 0.054500 0.079700 0.082800 0.059900 0.066700 0.081700 0.074800
BohorReedb 0.053900 0.223300 0.074400 0.218700 0.006500 0.053900 0.080900 0.068000 0.074600 0.053400 0.033500 0.053800 0.054700 0.053500 0.039500 0.046800 0.083000 0.118500 0.040100 0.089400 0.047300 0.047000 0.046800 0.074200 0.026500 0.053200 0.054700 0.074500 0.040100 0.074700 0.059700 0.074400 0.082100 0.054600 0.067100 0.080800 0.053700 0.000000 0.054200 0.067300 0.047200 0.059800 0.053400 0.060300 0.074200 0.068500 0.093600 0.068400 0.059800 0.053000 0.081600 0.089100
KirksDik 0.040600 0.176800 0.061100 0.190700 0.061000 0.040600 0.067700 0.040600 0.075600 0.054100 0.020200 0.040500 0.041300 0.040300 0.053800 0.020000 0.069500 0.105000 0.026900 0.075900 0.020200 0.033700 0.061300 0.075100 0.026900 0.026500 0.041300 0.075400 0.013300 0.061500 0.060500 0.061100 0.083100 0.041200 0.053900 0.067600 0.040400 0.054200 0.000000 0.054300 0.061900 0.033100 0.054100 0.061100 0.061000 0.055100 0.066500 0.083700 0.058900 0.067400 0.082500 0.075800
RoeDeer 0.067700 0.215500 0.074100 0.182100 0.074100 0.067700 0.080800 0.082000 0.060300 0.026200 0.047100 0.053700 0.054700 0.067300 0.066600 0.060400 0.082800 0.103400 0.053800 0.074800 0.061100 0.060800 0.046600 0.046400 0.040000 0.066900 0.054700 0.060200 0.053800 0.060500 0.019400 0.088400 0.081800 0.054500 0.066900 0.052900 0.067400 0.067300 0.054300 0.000000 0.033300 0.059700 0.026200 0.046400 0.046400 0.068400 0.107400 0.068200 0.073300 0.078200 0.067200 0.060400
WhiteLippe 0.061500 0.215100 0.082300 0.186000 0.053900 0.061500 0.074600 0.075500 0.068200 0.019700 0.040700 0.047400 0.048200 0.061100 0.053300 0.054200 0.076500 0.112200 0.047500 0.083000 0.054800 0.054500 0.026100 0.046500 0.033700 0.060700 0.048200 0.067700 0.047500 0.068300 0.026200 0.082300 0.082800 0.048100 0.060800 0.060500 0.054300 0.047200 0.061900 0.033300 0.000000 0.053500 0.019700 0.046600 0.053900 0.062100 0.101700 0.061900 0.067300 0.072400 0.075200 0.068400
ThomsonGaz 0.046400 0.212600 0.066500 0.191900 0.066400 0.046400 0.045800 0.046500 0.080700 0.032700 0.026300 0.046300 0.047100 0.032700 0.045700 0.026100 0.074800 0.081000 0.032900 0.081200 0.026400 0.039600 0.053100 0.066400 0.032900 0.032500 0.047100 0.080600 0.019600 0.066900 0.038900 0.052900 0.073900 0.047000 0.045900 0.059200 0.046200 0.059800 0.033100 0.059700 0.053500 0.000000 0.032600 0.052800 0.052700 0.046900 0.058300 0.074700 0.065900 0.072700 0.087600 0.066900
MuntiacusC 0.053700 0.221000 0.074100 0.184200 0.060100 0.053700 0.066700 0.067800 0.060300 0.000000 0.033400 0.039900 0.040600 0.053300 0.039300 0.046600 0.068400 0.088800 0.040000 0.074700 0.047100 0.046900 0.032800 0.032800 0.026500 0.053000 0.040600 0.059900 0.040000 0.060400 0.006400 0.074200 0.067500 0.040500 0.039500 0.052900 0.046700 0.053400 0.054100 0.026200 0.019700 0.032600 0.000000 0.032900 0.046400 0.054200 0.093200 0.068100 0.059600 0.065300 0.067100 0.060500
WhiteTaile 0.060600 0.214700 0.081200 0.201800 0.067000 0.060600 0.073700 0.074900 0.081400 0.032900 0.040200 0.060600 0.061600 0.060200 0.059700 0.053500 0.090000 0.125600 0.046800 0.096300 0.054100 0.053800 0.046200 0.012900 0.033200 0.046200 0.061600 0.081300 0.046800 0.081500 0.039200 0.081200 0.096000 0.061500 0.073900 0.073500 0.060400 0.060300 0.061100 0.046400 0.046600 0.052800 0.032900 0.000000 0.067000 0.061200 0.100300 0.075200 0.066400 0.086200 0.088400 0.081600
Cattle 0.060600 0.220300 0.053100 0.195800 0.081000 0.060600 0.059800 0.074700 0.053200 0.046400 0.040100 0.019700 0.047500 0.046500 0.073500 0.053400 0.075400 0.095900 0.046800 0.053500 0.054000 0.053700 0.067300 0.066900 0.046800 0.059800 0.047500 0.053100 0.046800 0.039700 0.039200 0.067200 0.079100 0.047400 0.064600 0.006400 0.060300 0.074200 0.061000 0.046400 0.053900 0.052700 0.046400 0.067000 0.000000 0.061100 0.100200 0.075300 0.066300 0.059400 0.060000 0.039700
RoyalAntel 0.054700 0.227900 0.075500 0.214200 0.075400 0.054700 0.067900 0.069000 0.090200 0.054300 0.034000 0.054600 0.055600 0.054300 0.067800 0.047500 0.084300 0.120300 0.040700 0.076100 0.048000 0.047700 0.054400 0.075300 0.040700 0.054000 0.055600 0.090000 0.040700 0.075800 0.060600 0.075500 0.097900 0.055500 0.068100 0.067800 0.054500 0.068500 0.055100 0.068400 0.062100 0.046900 0.054200 0.061200 0.061100 0.000000 0.094800 0.084000 0.074700 0.081700 0.097300 0.075800
Steenbok 0.079900 0.208200 0.100400 0.238000 0.100300 0.079900 0.092800 0.080100 0.115100 0.093300 0.059600 0.079900 0.081100 0.065700 0.092700 0.058800 0.102400 0.130200 0.065900 0.115700 0.059600 0.073100 0.100800 0.100100 0.066200 0.051900 0.081100 0.114900 0.052500 0.100800 0.099400 0.072500 0.115500 0.080900 0.093000 0.106600 0.079700 0.093600 0.066500 0.107400 0.101700 0.058300 0.093200 0.100300 0.100200 0.094800 0.000000 0.123700 0.099400 0.106400 0.122100 0.115300
Impala 0.083200 0.235500 0.104400 0.231400 0.075200 0.083200 0.082100 0.098000 0.104700 0.068200 0.062000 0.083100 0.084500 0.068400 0.067700 0.075600 0.114000 0.150900 0.068800 0.120400 0.076500 0.076000 0.061400 0.089500 0.054600 0.082100 0.084500 0.104500 0.068800 0.104900 0.074500 0.089900 0.112600 0.084400 0.096700 0.082000 0.082800 0.068400 0.083700 0.068200 0.061900 0.074700 0.068100 0.075200 0.075300 0.084000 0.123700 0.000000 0.088800 0.095700 0.111900 0.105000
Klipspring 0.060100 0.196200 0.066500 0.193400 0.066400 0.060100 0.086800 0.074100 0.066700 0.059600 0.039800 0.046300 0.061000 0.059700 0.059200 0.053000 0.067300 0.116200 0.046400 0.081100 0.053600 0.053300 0.066800 0.080200 0.032900 0.059400 0.061000 0.066600 0.046400 0.066800 0.065800 0.080400 0.102400 0.060900 0.073200 0.072800 0.059900 0.059800 0.058900 0.073300 0.067300 0.065900 0.059600 0.066400 0.066300 0.074700 0.099400 0.088800 0.000000 0.072700 0.073500 0.080800
ForestMusk 0.067000 0.211600 0.087500 0.204200 0.059600 0.067000 0.093800 0.081200 0.073600 0.065000 0.046600 0.039500 0.053900 0.066500 0.066000 0.059800 0.081900 0.116800 0.053200 0.074000 0.060400 0.060100 0.086400 0.085400 0.039600 0.066200 0.053900 0.073500 0.053200 0.073700 0.071100 0.087400 0.080800 0.053800 0.066200 0.065900 0.066700 0.053000 0.067400 0.078200 0.072400 0.072700 0.065300 0.086200 0.059400 0.081700 0.106400 0.095700 0.072700 0.000000 0.073500 0.087800
Bushbuck 0.082000 0.238000 0.032800 0.230200 0.088400 0.082000 0.109400 0.096600 0.018900 0.067200 0.061100 0.053600 0.068800 0.081400 0.080800 0.074500 0.097500 0.103300 0.067800 0.033100 0.075300 0.074900 0.088800 0.088200 0.053800 0.081000 0.068800 0.018500 0.067800 0.018600 0.059600 0.102900 0.100900 0.068700 0.086700 0.066500 0.081700 0.081600 0.082500 0.067200 0.075200 0.087600 0.067100 0.088400 0.060000 0.097300 0.122100 0.111900 0.073500 0.073500 0.000000 0.033000
GreaterKud 0.075100 0.239600 0.026200 0.214600 0.095900 0.075100 0.088200 0.089700 0.026300 0.060500 0.054300 0.046900 0.062000 0.074700 0.088200 0.067800 0.090500 0.096400 0.061000 0.026500 0.068500 0.068100 0.082000 0.081400 0.061100 0.074200 0.062000 0.026300 0.061000 0.013100 0.053000 0.096100 0.094500 0.061800 0.079400 0.046200 0.074800 0.089100 0.075800 0.060400 0.068400 0.066900 0.060500 0.081600 0.039700 0.075800 0.115300 0.105000 0.080800 0.087800 0.033000 0.000000
