CODONML (in paml version 4.10.7, June 2023)  /home/rachel/ruminants_paml/6406-phy-tree/ENSBTAT00000030652.fasta.phy
Model: free dN/dS Ratios for branches,  kappa = 2.000 fixed

Codon frequency model: F3x4
ns =  54  ls =  50

Codon usage in sequences
--------------------------------------------------------------------------------------------------------------------------------------
Phe TTT   0   0   0   0   0   0 | Ser TCT   0   0   0   0   0   0 | Tyr TAT   0   0   0   0   0   0 | Cys TGT   1   1   1   1   1   1
    TTC   0   0   0   0   0   0 |     TCC   1   2   1   1   1   1 |     TAC   0   0   0   0   0   0 |     TGC   1   1   1   1   1   1
Leu TTA   0   0   0   0   0   0 |     TCA   0   0   0   0   1   0 | *** TAA   0   0   0   0   0   0 | *** TGA   0   0   0   0   0   0
    TTG   1   2   1   1   1   1 |     TCG   0   0   0   0   0   0 |     TAG   0   0   0   0   0   0 | Trp TGG   1   1   1   1   1   1
--------------------------------------------------------------------------------------------------------------------------------------
Leu CTT   0   0   0   0   0   0 | Pro CCT   3   3   4   3   5   3 | His CAT   0   0   0   0   0   0 | Arg CGT   0   0   0   0   0   0
    CTC   0   0   1   0   0   1 |     CCC   4   3   3   3   2   5 |     CAC   0   0   0   0   0   0 |     CGC   0   0   0   1   0   0
    CTA   0   0   0   0   0   0 |     CCA   3   3   3   3   2   3 | Gln CAA   2   1   1   1   0   0 |     CGA   0   0   0   0   0   0
    CTG   6   6   5   6   7   6 |     CCG   0   0   0   0   0   0 |     CAG   4   5   5   5   4   4 |     CGG   1   1   1   1   1   1
--------------------------------------------------------------------------------------------------------------------------------------
Ile ATT   0   1   1   1   0   0 | Thr ACT   1   0   0   0   0   0 | Asn AAT   0   0   0   0   0   0 | Ser AGT   0   1   0   0   1   0
    ATC   0   0   0   0   1   1 |     ACC   0   0   0   0   0   0 |     AAC   0   0   0   0   0   0 |     AGC   0   0   0   0   0   0
    ATA   0   0   0   0   0   0 |     ACA   0   0   0   0   0   0 | Lys AAA   0   0   0   0   0   0 | Arg AGA   0   0   0   0   0   0
Met ATG   1   1   1   1   1   1 |     ACG   0   0   0   0   0   0 |     AAG   1   1   1   1   2   1 |     AGG   1   1   1   1   0   0
--------------------------------------------------------------------------------------------------------------------------------------
Val GTT   1   0   1   1   1   0 | Ala GCT   0   1   0   0   2   2 | Asp GAT   0   1   0   0   1   1 | Gly GGT   0   0   0   0   0   1
    GTC   0   0   0   0   0   0 |     GCC   2   3   3   3   2   1 |     GAC   2   1   2   2   2   1 |     GGC   1   0   0   0   0   0
    GTA   0   0   0   0   0   0 |     GCA   0   0   0   0   0   0 | Glu GAA   0   0   0   0   1   3 |     GGA   0   0   0   0   0   0
    GTG   3   2   3   3   1   2 |     GCG   0   0   0   0   0   0 |     GAG   8   7   8   8   7   7 |     GGG   1   1   1   1   1   1
--------------------------------------------------------------------------------------------------------------------------------------

--------------------------------------------------------------------------------------------------------------------------------------
Phe TTT   0   0   0   0   0   0 | Ser TCT   0   0   0   0   0   0 | Tyr TAT   0   0   0   0   0   0 | Cys TGT   1   1   1   1   1   1
    TTC   0   0   0   0   0   0 |     TCC   1   1   1   1   1   1 |     TAC   0   0   0   0   0   0 |     TGC   1   1   1   1   1   1
Leu TTA   0   0   0   0   0   0 |     TCA   0   0   0   0   0   0 | *** TAA   0   0   0   0   0   0 | *** TGA   0   0   0   0   0   0
    TTG   1   1   1   1   1   0 |     TCG   0   0   0   0   0   0 |     TAG   0   0   0   0   0   0 | Trp TGG   1   1   1   1   1   1
--------------------------------------------------------------------------------------------------------------------------------------
Leu CTT   0   0   0   0   0   0 | Pro CCT   3   3   3   3   3   3 | His CAT   0   0   0   0   0   0 | Arg CGT   0   0   0   0   0   0
    CTC   0   0   0   0   0   0 |     CCC   4   4   4   4   4   3 |     CAC   0   0   0   0   0   0 |     CGC   0   0   0   0   0   0
    CTA   0   0   0   0   0   0 |     CCA   3   3   3   3   3   2 | Gln CAA   1   2   1   1   1   1 |     CGA   0   0   0   0   0   0
    CTG   5   6   6   6   6   7 |     CCG   0   0   0   0   0   0 |     CAG   5   4   4   4   5   4 |     CGG   2   1   2   2   1   2
--------------------------------------------------------------------------------------------------------------------------------------
Ile ATT   0   0   1   1   1   1 | Thr ACT   0   1   0   0   0   0 | Asn AAT   0   0   0   0   0   0 | Ser AGT   0   0   0   0   0   0
    ATC   1   0   0   0   0   0 |     ACC   0   0   0   0   0   1 |     AAC   0   0   0   0   0   0 |     AGC   0   0   0   0   0   0
    ATA   0   0   0   0   0   0 |     ACA   0   0   0   0   0   1 | Lys AAA   0   0   0   0   0   0 | Arg AGA   0   0   0   0   0   0
Met ATG   1   1   1   1   1   1 |     ACG   0   0   0   0   0   0 |     AAG   1   1   1   1   1   1 |     AGG   1   1   1   1   1   1
--------------------------------------------------------------------------------------------------------------------------------------
Val GTT   1   1   1   1   1   1 | Ala GCT   0   0   0   0   0   0 | Asp GAT   0   0   0   0   0   0 | Gly GGT   0   0   0   0   0   0
    GTC   0   0   0   0   0   0 |     GCC   3   2   2   2   3   3 |     GAC   2   2   2   2   2   2 |     GGC   1   1   1   1   0   0
    GTA   0   0   0   0   0   0 |     GCA   0   0   0   0   0   0 | Glu GAA   0   0   0   0   0   0 |     GGA   0   0   0   0   0   0
    GTG   3   3   3   3   3   3 |     GCG   0   0   0   0   0   0 |     GAG   8   8   8   8   8   8 |     GGG   0   1   1   1   1   1
--------------------------------------------------------------------------------------------------------------------------------------

--------------------------------------------------------------------------------------------------------------------------------------
Phe TTT   0   0   0   0   0   0 | Ser TCT   0   0   0   0   0   0 | Tyr TAT   0   0   0   0   0   0 | Cys TGT   1   1   1   1   1   1
    TTC   0   0   0   0   0   0 |     TCC   1   1   1   1   1   1 |     TAC   0   0   0   0   0   0 |     TGC   1   1   1   1   1   1
Leu TTA   0   0   0   0   0   0 |     TCA   0   0   0   0   0   0 | *** TAA   0   0   0   0   0   0 | *** TGA   0   0   0   0   0   0
    TTG   1   1   1   1   1   1 |     TCG   0   0   0   0   0   0 |     TAG   0   0   0   0   0   0 | Trp TGG   1   1   1   1   1   1
--------------------------------------------------------------------------------------------------------------------------------------
Leu CTT   0   0   0   0   0   0 | Pro CCT   3   3   3   2   4   4 | His CAT   0   0   0   0   0   0 | Arg CGT   0   0   0   0   0   0
    CTC   0   0   0   0   0   0 |     CCC   4   3   4   4   3   4 |     CAC   0   0   0   0   0   0 |     CGC   0   0   0   0   0   0
    CTA   0   0   0   0   0   0 |     CCA   3   2   3   3   2   3 | Gln CAA   1   2   1   1   1   1 |     CGA   0   0   0   0   0   0
    CTG   6   6   6   6   6   6 |     CCG   0   0   0   1   0   0 |     CAG   5   5   4   4   5   4 |     CGG   1   1   2   2   2   2
--------------------------------------------------------------------------------------------------------------------------------------
Ile ATT   1   1   1   0   1   1 | Thr ACT   0   0   0   0   0   0 | Asn AAT   0   0   0   0   0   0 | Ser AGT   0   0   0   0   0   0
    ATC   0   0   0   0   0   0 |     ACC   0   0   0   0   0   0 |     AAC   0   0   0   0   0   0 |     AGC   0   0   0   0   0   0
    ATA   0   0   0   0   0   0 |     ACA   0   0   0   0   0   0 | Lys AAA   0   0   0   0   0   0 | Arg AGA   0   0   0   0   0   0
Met ATG   1   2   1   1   1   1 |     ACG   0   0   0   0   0   0 |     AAG   1   1   1   1   0   2 |     AGG   1   1   1   1   1   0
--------------------------------------------------------------------------------------------------------------------------------------
Val GTT   1   1   1   2   0   1 | Ala GCT   0   1   0   0   0   0 | Asp GAT   0   0   0   0   0   0 | Gly GGT   0   0   0   0   0   0
    GTC   0   0   0   0   1   0 |     GCC   2   3   2   2   3   1 |     GAC   2   2   2   2   2   2 |     GGC   1   0   1   1   0   1
    GTA   0   0   0   0   0   0 |     GCA   0   0   0   0   1   0 | Glu GAA   0   0   0   0   1   0 |     GGA   0   0   0   0   0   0
    GTG   3   2   3   3   3   3 |     GCG   0   0   0   0   0   0 |     GAG   8   8   8   8   7   8 |     GGG   1   1   1   1   1   1
--------------------------------------------------------------------------------------------------------------------------------------

--------------------------------------------------------------------------------------------------------------------------------------
Phe TTT   0   0   0   0   0   0 | Ser TCT   0   0   0   0   0   0 | Tyr TAT   0   0   0   0   0   0 | Cys TGT   2   1   1   1   1   1
    TTC   0   0   0   0   0   0 |     TCC   1   1   1   1   1   1 |     TAC   0   0   0   0   0   0 |     TGC   0   1   1   1   1   1
Leu TTA   0   0   0   0   0   0 |     TCA   0   0   0   0   0   0 | *** TAA   0   0   0   0   0   0 | *** TGA   0   0   0   0   0   0
    TTG   1   1   1   1   1   1 |     TCG   0   0   0   0   0   0 |     TAG   0   0   0   0   0   0 | Trp TGG   1   1   1   1   1   1
--------------------------------------------------------------------------------------------------------------------------------------
Leu CTT   0   0   0   0   0   0 | Pro CCT   3   3   3   3   3   3 | His CAT   0   0   0   0   0   0 | Arg CGT   0   0   0   0   0   0
    CTC   0   0   0   0   0   0 |     CCC   3   3   4   4   4   4 |     CAC   0   0   0   0   0   0 |     CGC   0   0   0   0   0   0
    CTA   0   0   0   0   0   0 |     CCA   4   4   3   2   3   3 | Gln CAA   1   1   1   1   1   1 |     CGA   0   0   0   0   0   0
    CTG   6   6   6   6   6   6 |     CCG   0   0   0   0   0   0 |     CAG   4   4   4   5   4   5 |     CGG   2   2   2   1   2   1
--------------------------------------------------------------------------------------------------------------------------------------
Ile ATT   1   1   1   1   1   1 | Thr ACT   0   0   0   0   0   0 | Asn AAT   0   0   0   0   0   0 | Ser AGT   0   0   0   0   0   0
    ATC   0   0   0   0   0   0 |     ACC   0   0   0   0   0   0 |     AAC   0   0   0   0   0   0 |     AGC   0   0   0   0   0   0
    ATA   0   0   0   0   0   0 |     ACA   0   0   0   1   0   0 | Lys AAA   0   0   0   0   0   0 | Arg AGA   0   0   0   0   0   0
Met ATG   1   1   1   1   1   1 |     ACG   0   0   0   0   0   0 |     AAG   1   0   1   1   1   1 |     AGG   1   1   1   1   1   1
--------------------------------------------------------------------------------------------------------------------------------------
Val GTT   1   1   1   1   1   0 | Ala GCT   0   1   0   0   1   1 | Asp GAT   0   0   0   0   1   0 | Gly GGT   0   0   0   0   0   0
    GTC   0   0   0   0   0   0 |     GCC   3   2   1   3   1   2 |     GAC   2   2   2   2   1   2 |     GGC   0   0   1   0   1   1
    GTA   0   0   0   0   0   0 |     GCA   0   0   1   0   0   0 | Glu GAA   0   0   0   0   0   0 |     GGA   0   0   0   0   0   0
    GTG   3   3   3   3   3   3 |     GCG   0   0   0   0   0   0 |     GAG   8   9   8   8   8   8 |     GGG   1   1   1   1   1   1
--------------------------------------------------------------------------------------------------------------------------------------

--------------------------------------------------------------------------------------------------------------------------------------
Phe TTT   0   0   0   0   0   0 | Ser TCT   0   0   0   0   0   0 | Tyr TAT   0   0   0   0   0   0 | Cys TGT   1   1   1   1   1   1
    TTC   0   0   0   0   0   0 |     TCC   1   1   1   1   1   1 |     TAC   0   0   0   0   0   0 |     TGC   1   1   1   1   1   1
Leu TTA   0   0   0   0   0   0 |     TCA   0   0   0   0   0   0 | *** TAA   0   0   0   0   0   0 | *** TGA   0   0   0   0   0   0
    TTG   1   1   1   1   1   1 |     TCG   0   0   0   0   0   0 |     TAG   0   0   0   0   0   0 | Trp TGG   1   1   1   1   1   1
--------------------------------------------------------------------------------------------------------------------------------------
Leu CTT   0   0   0   0   0   0 | Pro CCT   4   3   3   3   3   3 | His CAT   0   0   0   0   0   0 | Arg CGT   0   0   0   0   0   0
    CTC   0   0   0   0   0   0 |     CCC   2   3   4   4   4   4 |     CAC   0   0   0   0   0   0 |     CGC   0   0   0   0   0   0
    CTA   0   0   0   0   0   0 |     CCA   3   3   3   3   3   3 | Gln CAA   1   1   1   1   1   1 |     CGA   0   0   0   0   0   0
    CTG   6   6   6   6   6   6 |     CCG   0   0   0   0   0   0 |     CAG   4   4   5   4   4   5 |     CGG   2   2   1   2   2   1
--------------------------------------------------------------------------------------------------------------------------------------
Ile ATT   1   1   1   1   1   1 | Thr ACT   0   0   0   0   0   0 | Asn AAT   0   0   0   0   0   0 | Ser AGT   0   0   0   0   0   0
    ATC   0   0   0   0   0   0 |     ACC   1   1   0   0   0   0 |     AAC   0   0   0   0   0   0 |     AGC   0   0   0   0   0   0
    ATA   0   0   0   0   0   0 |     ACA   0   0   0   0   0   0 | Lys AAA   0   0   0   0   0   0 | Arg AGA   0   0   0   0   0   0
Met ATG   1   1   1   1   1   1 |     ACG   0   0   0   0   0   0 |     AAG   1   1   1   1   1   1 |     AGG   1   1   1   1   1   1
--------------------------------------------------------------------------------------------------------------------------------------
Val GTT   1   1   1   1   1   1 | Ala GCT   0   0   0   1   0   0 | Asp GAT   0   0   0   0   0   0 | Gly GGT   0   0   0   0   0   0
    GTC   0   0   0   0   0   0 |     GCC   3   3   2   1   2   3 |     GAC   2   2   2   2   2   2 |     GGC   0   0   1   1   1   0
    GTA   0   0   0   0   0   0 |     GCA   0   0   0   0   0   0 | Glu GAA   0   0   0   0   0   1 |     GGA   0   0   0   0   0   0
    GTG   3   3   3   3   3   3 |     GCG   0   0   0   0   0   0 |     GAG   8   8   8   8   8   7 |     GGG   1   1   1   1   1   1
--------------------------------------------------------------------------------------------------------------------------------------

--------------------------------------------------------------------------------------------------------------------------------------
Phe TTT   0   0   0   0   0   0 | Ser TCT   0   0   0   0   0   0 | Tyr TAT   0   0   0   0   0   0 | Cys TGT   1   1   1   1   1   1
    TTC   0   0   0   0   0   0 |     TCC   1   1   1   1   1   1 |     TAC   0   0   0   0   0   0 |     TGC   1   1   1   1   1   1
Leu TTA   0   0   0   0   0   0 |     TCA   0   0   0   0   0   0 | *** TAA   0   0   0   0   0   0 | *** TGA   0   0   0   0   0   0
    TTG   1   1   0   1   1   1 |     TCG   0   0   0   0   0   0 |     TAG   0   0   0   0   0   0 | Trp TGG   1   1   1   1   1   1
--------------------------------------------------------------------------------------------------------------------------------------
Leu CTT   0   0   0   0   0   0 | Pro CCT   4   3   3   2   3   3 | His CAT   0   0   0   0   0   0 | Arg CGT   0   0   0   0   0   0
    CTC   0   0   0   0   0   0 |     CCC   4   4   3   4   4   4 |     CAC   0   0   0   0   0   0 |     CGC   0   0   0   1   0   0
    CTA   0   0   0   0   0   0 |     CCA   3   3   2   4   3   3 | Gln CAA   1   1   1   1   1   1 |     CGA   0   0   0   0   0   0
    CTG   6   6   7   6   6   6 |     CCG   0   0   0   0   0   0 |     CAG   4   5   4   4   5   4 |     CGG   2   1   2   1   1   2
--------------------------------------------------------------------------------------------------------------------------------------
Ile ATT   1   1   1   0   1   1 | Thr ACT   0   0   0   0   0   0 | Asn AAT   0   0   0   0   0   0 | Ser AGT   0   0   0   0   0   0
    ATC   0   0   0   0   0   0 |     ACC   0   0   1   0   0   0 |     AAC   0   0   0   0   0   0 |     AGC   0   0   0   0   0   0
    ATA   0   0   0   0   0   0 |     ACA   0   0   1   0   0   0 | Lys AAA   0   0   0   0   0   0 | Arg AGA   0   0   0   0   0   0
Met ATG   1   1   1   1   1   1 |     ACG   0   0   0   0   0   0 |     AAG   1   1   1   1   1   1 |     AGG   1   1   1   1   1   1
--------------------------------------------------------------------------------------------------------------------------------------
Val GTT   1   1   1   2   1   1 | Ala GCT   0   0   0   0   0   0 | Asp GAT   0   0   0   0   0   0 | Gly GGT   0   0   0   0   0   0
    GTC   0   0   0   0   0   0 |     GCC   1   3   3   2   3   2 |     GAC   2   2   2   2   2   2 |     GGC   1   0   0   1   0   1
    GTA   0   0   0   0   0   0 |     GCA   0   0   0   0   0   0 | Glu GAA   0   0   0   0   0   0 |     GGA   0   0   0   0   0   0
    GTG   3   3   3   3   3   3 |     GCG   0   0   0   0   0   0 |     GAG   8   8   8   8   8   8 |     GGG   1   1   1   1   1   1
--------------------------------------------------------------------------------------------------------------------------------------

--------------------------------------------------------------------------------------------------------------------------------------
Phe TTT   0   0   0   0   0   0 | Ser TCT   0   0   0   0   0   0 | Tyr TAT   0   0   0   0   0   0 | Cys TGT   1   1   1   1   1   1
    TTC   0   0   0   0   0   0 |     TCC   1   1   1   1   1   1 |     TAC   0   0   0   0   0   0 |     TGC   1   1   1   1   1   1
Leu TTA   0   0   0   0   0   0 |     TCA   0   0   0   0   0   0 | *** TAA   0   0   0   0   0   0 | *** TGA   0   0   0   0   0   0
    TTG   1   1   1   1   1   1 |     TCG   0   0   0   0   0   0 |     TAG   0   0   0   0   0   0 | Trp TGG   1   1   1   1   1   1
--------------------------------------------------------------------------------------------------------------------------------------
Leu CTT   0   1   0   0   0   1 | Pro CCT   3   2   3   3   3   2 | His CAT   0   0   0   0   0   0 | Arg CGT   0   0   0   0   0   0
    CTC   0   0   0   0   0   0 |     CCC   4   4   4   4   4   3 |     CAC   0   0   0   0   0   0 |     CGC   0   0   0   0   0   0
    CTA   0   0   0   0   0   0 |     CCA   3   2   3   3   3   3 | Gln CAA   1   1   1   1   1   1 |     CGA   0   0   0   0   0   0
    CTG   6   6   5   6   6   6 |     CCG   0   0   0   0   0   0 |     CAG   4   6   6   4   5   4 |     CGG   2   0   1   2   1   2
--------------------------------------------------------------------------------------------------------------------------------------
Ile ATT   1   1   1   0   1   1 | Thr ACT   0   0   0   0   0   0 | Asn AAT   0   0   0   0   0   0 | Ser AGT   0   0   0   0   0   0
    ATC   0   0   0   1   0   0 |     ACC   0   0   0   0   0   1 |     AAC   0   0   0   0   0   0 |     AGC   0   0   0   0   0   0
    ATA   0   0   0   0   0   0 |     ACA   0   0   0   0   0   0 | Lys AAA   0   0   0   0   0   0 | Arg AGA   0   0   0   0   0   0
Met ATG   1   1   1   1   1   1 |     ACG   0   0   0   0   0   0 |     AAG   1   1   1   1   1   1 |     AGG   1   2   1   1   1   1
--------------------------------------------------------------------------------------------------------------------------------------
Val GTT   1   1   1   1   1   1 | Ala GCT   0   0   0   0   0   0 | Asp GAT   0   0   0   0   0   0 | Gly GGT   0   0   0   0   0   0
    GTC   0   0   0   0   0   0 |     GCC   2   3   2   3   2   3 |     GAC   2   2   2   2   2   2 |     GGC   1   0   1   1   1   0
    GTA   0   0   0   0   0   0 |     GCA   0   0   0   0   0   0 | Glu GAA   0   0   0   0   0   0 |     GGA   0   0   0   0   0   0
    GTG   3   3   3   3   3   3 |     GCG   0   0   0   0   0   0 |     GAG   8   8   8   8   8   8 |     GGG   1   1   1   0   1   1
--------------------------------------------------------------------------------------------------------------------------------------

--------------------------------------------------------------------------------------------------------------------------------------
Phe TTT   0   0   0   0   0   0 | Ser TCT   0   0   0   0   0   0 | Tyr TAT   0   0   0   0   0   0 | Cys TGT   1   1   1   1   1   1
    TTC   0   0   0   0   0   0 |     TCC   1   1   1   1   1   1 |     TAC   0   0   0   0   0   0 |     TGC   1   1   1   1   1   1
Leu TTA   0   0   0   0   0   0 |     TCA   0   0   0   0   0   0 | *** TAA   0   0   0   0   0   0 | *** TGA   0   0   0   0   0   0
    TTG   1   1   0   1   1   1 |     TCG   0   0   0   0   0   0 |     TAG   0   0   0   0   0   0 | Trp TGG   1   1   1   1   1   1
--------------------------------------------------------------------------------------------------------------------------------------
Leu CTT   0   0   0   0   1   0 | Pro CCT   3   3   3   3   2   3 | His CAT   0   0   0   0   0   0 | Arg CGT   0   0   0   0   0   0
    CTC   0   0   0   0   0   1 |     CCC   3   4   3   3   4   4 |     CAC   0   0   0   0   0   0 |     CGC   0   0   0   0   0   0
    CTA   0   0   0   0   0   0 |     CCA   3   3   2   3   2   3 | Gln CAA   1   1   1   1   1   1 |     CGA   0   0   0   0   0   0
    CTG   6   6   7   6   6   5 |     CCG   0   0   0   0   0   0 |     CAG   4   4   4   4   6   4 |     CGG   2   2   2   2   1   2
--------------------------------------------------------------------------------------------------------------------------------------
Ile ATT   1   1   1   1   1   1 | Thr ACT   0   0   0   0   0   0 | Asn AAT   0   0   0   0   0   0 | Ser AGT   0   0   0   0   0   0
    ATC   0   0   0   0   0   0 |     ACC   1   0   1   1   0   0 |     AAC   0   0   0   0   0   0 |     AGC   0   0   0   0   0   0
    ATA   0   0   0   0   0   0 |     ACA   0   0   1   0   0   0 | Lys AAA   0   0   0   0   0   0 | Arg AGA   0   0   0   0   0   0
Met ATG   1   1   1   1   1   1 |     ACG   0   0   0   0   0   0 |     AAG   1   1   1   1   1   1 |     AGG   1   1   1   1   1   1
--------------------------------------------------------------------------------------------------------------------------------------
Val GTT   1   1   1   1   1   1 | Ala GCT   0   1   0   0   0   0 | Asp GAT   0   0   0   0   0   0 | Gly GGT   0   0   0   0   0   0
    GTC   0   0   0   0   0   0 |     GCC   3   1   3   3   3   2 |     GAC   2   2   2   2   2   2 |     GGC   0   1   0   0   0   1
    GTA   0   0   0   0   0   0 |     GCA   0   0   0   0   0   0 | Glu GAA   0   0   0   0   0   1 |     GGA   0   0   0   0   0   0
    GTG   3   3   3   3   3   3 |     GCG   0   0   0   0   0   0 |     GAG   8   8   8   8   8   7 |     GGG   1   1   1   1   1   1
--------------------------------------------------------------------------------------------------------------------------------------

--------------------------------------------------------------------------------------------------------------------------------------
Phe TTT   0   0   0   0   0   0 | Ser TCT   0   0   0   0   0   0 | Tyr TAT   0   0   0   0   0   0 | Cys TGT   1   1   1   1   1   1
    TTC   0   0   0   0   0   0 |     TCC   1   1   1   1   1   1 |     TAC   0   0   0   0   0   0 |     TGC   1   1   1   1   1   1
Leu TTA   0   0   0   0   0   0 |     TCA   0   0   0   0   0   0 | *** TAA   0   0   0   0   0   0 | *** TGA   0   0   0   0   0   0
    TTG   1   1   1   1   1   1 |     TCG   0   0   0   0   0   0 |     TAG   0   0   0   0   0   0 | Trp TGG   1   1   1   1   1   1
--------------------------------------------------------------------------------------------------------------------------------------
Leu CTT   0   0   0   0   0   1 | Pro CCT   3   3   3   3   3   3 | His CAT   0   0   0   0   0   0 | Arg CGT   0   0   0   0   0   0
    CTC   1   0   0   0   0   0 |     CCC   4   4   4   3   4   4 |     CAC   0   0   0   0   0   0 |     CGC   0   0   0   1   0   0
    CTA   0   0   0   0   0   0 |     CCA   3   3   3   3   3   3 | Gln CAA   1   1   1   1   0   1 |     CGA   0   0   0   0   0   0
    CTG   5   6   6   6   6   5 |     CCG   0   0   0   0   0   0 |     CAG   4   4   4   5   6   5 |     CGG   2   2   2   1   1   1
--------------------------------------------------------------------------------------------------------------------------------------
Ile ATT   1   0   0   1   1   1 | Thr ACT   0   1   1   0   0   0 | Asn AAT   0   0   0   0   0   0 | Ser AGT   0   0   0   0   0   0
    ATC   0   0   0   0   0   0 |     ACC   0   0   0   0   0   0 |     AAC   0   0   0   0   0   0 |     AGC   0   0   0   0   0   0
    ATA   0   0   0   0   0   0 |     ACA   0   0   0   0   0   0 | Lys AAA   0   0   0   0   0   0 | Arg AGA   0   0   0   0   0   0
Met ATG   1   1   1   1   1   1 |     ACG   0   0   0   0   0   0 |     AAG   1   0   1   1   1   1 |     AGG   1   1   1   1   1   1
--------------------------------------------------------------------------------------------------------------------------------------
Val GTT   1   1   1   1   1   1 | Ala GCT   0   0   0   0   0   0 | Asp GAT   0   0   0   0   0   0 | Gly GGT   0   0   0   0   0   0
    GTC   0   0   0   0   0   0 |     GCC   2   3   2   3   3   3 |     GAC   2   2   2   2   2   2 |     GGC   1   0   1   0   0   0
    GTA   0   0   1   0   0   0 |     GCA   0   0   0   0   0   0 | Glu GAA   0   0   1   0   0   0 |     GGA   0   0   0   0   0   0
    GTG   3   3   2   3   3   3 |     GCG   0   0   0   0   0   0 |     GAG   8   9   7   8   8   8 |     GGG   1   1   1   1   1   1
--------------------------------------------------------------------------------------------------------------------------------------

Codon position x base (3x4) table for each sequence.

#1: Argali         
position  1:    T:0.10000    C:0.46000    A:0.08000    G:0.36000
position  2:    T:0.24000    C:0.28000    A:0.34000    G:0.14000
position  3:    T:0.12000    C:0.22000    A:0.10000    G:0.56000
Average         T:0.15333    C:0.32000    A:0.17333    G:0.35333

#2: LesserMouseDeer
position  1:    T:0.14000    C:0.44000    A:0.10000    G:0.32000
position  2:    T:0.24000    C:0.30000    A:0.32000    G:0.14000
position  3:    T:0.16000    C:0.20000    A:0.08000    G:0.56000
Average         T:0.18000    C:0.31333    A:0.16667    G:0.34000

#3: LesserKudu     
position  1:    T:0.10000    C:0.46000    A:0.08000    G:0.36000
position  2:    T:0.26000    C:0.28000    A:0.34000    G:0.12000
position  3:    T:0.14000    C:0.22000    A:0.08000    G:0.56000
Average         T:0.16667    C:0.32000    A:0.16667    G:0.34667

#4: ForestMuskDeer2
position  1:    T:0.10000    C:0.46000    A:0.08000    G:0.36000
position  2:    T:0.26000    C:0.26000    A:0.34000    G:0.14000
position  3:    T:0.12000    C:0.22000    A:0.08000    G:0.58000
Average         T:0.16000    C:0.31333    A:0.16667    G:0.36000

#5: Camel          
position  1:    T:0.12000    C:0.42000    A:0.10000    G:0.36000
position  2:    T:0.24000    C:0.30000    A:0.34000    G:0.12000
position  3:    T:0.22000    C:0.18000    A:0.08000    G:0.52000
Average         T:0.19333    C:0.30000    A:0.17333    G:0.33333

#6: KillerWhale    
position  1:    T:0.10000    C:0.46000    A:0.06000    G:0.38000
position  2:    T:0.24000    C:0.30000    A:0.34000    G:0.12000
position  3:    T:0.16000    C:0.22000    A:0.12000    G:0.50000
Average         T:0.16667    C:0.32667    A:0.17333    G:0.33333

#7: DefassaWaterbuck
position  1:    T:0.10000    C:0.46000    A:0.08000    G:0.36000
position  2:    T:0.24000    C:0.28000    A:0.34000    G:0.14000
position  3:    T:0.10000    C:0.26000    A:0.08000    G:0.56000
Average         T:0.14667    C:0.33333    A:0.16667    G:0.35333

#8: Sheep          
position  1:    T:0.10000    C:0.46000    A:0.08000    G:0.36000
position  2:    T:0.24000    C:0.28000    A:0.34000    G:0.14000
position  3:    T:0.12000    C:0.22000    A:0.10000    G:0.56000
Average         T:0.15333    C:0.32000    A:0.17333    G:0.35333

#9: MaxwellsDuiker 
position  1:    T:0.10000    C:0.46000    A:0.08000    G:0.36000
position  2:    T:0.26000    C:0.26000    A:0.32000    G:0.16000
position  3:    T:0.12000    C:0.22000    A:0.08000    G:0.58000
Average         T:0.16000    C:0.31333    A:0.16000    G:0.36667

#10: GazellaPrzewalskyi
position  1:    T:0.10000    C:0.46000    A:0.08000    G:0.36000
position  2:    T:0.26000    C:0.26000    A:0.32000    G:0.16000
position  3:    T:0.12000    C:0.22000    A:0.08000    G:0.58000
Average         T:0.16000    C:0.31333    A:0.16000    G:0.36667

#11: MountainNyala  
position  1:    T:0.10000    C:0.46000    A:0.08000    G:0.36000
position  2:    T:0.26000    C:0.28000    A:0.34000    G:0.12000
position  3:    T:0.12000    C:0.22000    A:0.08000    G:0.58000
Average         T:0.16000    C:0.32000    A:0.16667    G:0.35333

#12: MuntiacusMuntjak
position  1:    T:0.08000    C:0.44000    A:0.12000    G:0.36000
position  2:    T:0.26000    C:0.28000    A:0.32000    G:0.14000
position  3:    T:0.12000    C:0.22000    A:0.08000    G:0.58000
Average         T:0.15333    C:0.31333    A:0.17333    G:0.36000

#13: goat           
position  1:    T:0.10000    C:0.46000    A:0.08000    G:0.36000
position  2:    T:0.26000    C:0.26000    A:0.34000    G:0.14000
position  3:    T:0.12000    C:0.22000    A:0.08000    G:0.58000
Average         T:0.16000    C:0.31333    A:0.16667    G:0.36000

#14: AfricanBuffalo 
position  1:    T:0.10000    C:0.44000    A:0.10000    G:0.36000
position  2:    T:0.26000    C:0.26000    A:0.36000    G:0.12000
position  3:    T:0.14000    C:0.20000    A:0.08000    G:0.58000
Average         T:0.16667    C:0.30000    A:0.18000    G:0.35333

#15: Topi           
position  1:    T:0.10000    C:0.46000    A:0.08000    G:0.36000
position  2:    T:0.26000    C:0.26000    A:0.32000    G:0.16000
position  3:    T:0.12000    C:0.22000    A:0.08000    G:0.58000
Average         T:0.16000    C:0.31333    A:0.16000    G:0.36667

#16: CommonDuiker   
position  1:    T:0.10000    C:0.46000    A:0.06000    G:0.38000
position  2:    T:0.26000    C:0.26000    A:0.32000    G:0.16000
position  3:    T:0.10000    C:0.22000    A:0.08000    G:0.60000
Average         T:0.15333    C:0.31333    A:0.15333    G:0.38000

#17: Suni           
position  1:    T:0.10000    C:0.46000    A:0.06000    G:0.38000
position  2:    T:0.26000    C:0.28000    A:0.32000    G:0.14000
position  3:    T:0.12000    C:0.22000    A:0.10000    G:0.56000
Average         T:0.16000    C:0.32000    A:0.16000    G:0.36000

#18: Springbuck     
position  1:    T:0.10000    C:0.48000    A:0.08000    G:0.34000
position  2:    T:0.26000    C:0.26000    A:0.34000    G:0.14000
position  3:    T:0.14000    C:0.20000    A:0.08000    G:0.58000
Average         T:0.16667    C:0.31333    A:0.16667    G:0.35333

#19: Okapi          
position  1:    T:0.10000    C:0.46000    A:0.08000    G:0.36000
position  2:    T:0.26000    C:0.28000    A:0.32000    G:0.14000
position  3:    T:0.14000    C:0.18000    A:0.10000    G:0.58000
Average         T:0.16667    C:0.30667    A:0.16667    G:0.36000

#20: Giraffe        
position  1:    T:0.10000    C:0.46000    A:0.06000    G:0.38000
position  2:    T:0.26000    C:0.28000    A:0.32000    G:0.14000
position  3:    T:0.14000    C:0.18000    A:0.10000    G:0.58000
Average         T:0.16667    C:0.30667    A:0.16000    G:0.36667

#21: TibetanAntelope
position  1:    T:0.10000    C:0.46000    A:0.08000    G:0.36000
position  2:    T:0.26000    C:0.26000    A:0.32000    G:0.16000
position  3:    T:0.12000    C:0.20000    A:0.10000    G:0.58000
Average         T:0.16000    C:0.30667    A:0.16667    G:0.36667

#22: Sitatunga      
position  1:    T:0.10000    C:0.44000    A:0.10000    G:0.36000
position  2:    T:0.26000    C:0.28000    A:0.34000    G:0.12000
position  3:    T:0.12000    C:0.22000    A:0.08000    G:0.58000
Average         T:0.16000    C:0.31333    A:0.17333    G:0.35333

#23: Oribi          
position  1:    T:0.10000    C:0.46000    A:0.08000    G:0.36000
position  2:    T:0.26000    C:0.26000    A:0.32000    G:0.16000
position  3:    T:0.16000    C:0.18000    A:0.08000    G:0.58000
Average         T:0.17333    C:0.30000    A:0.16000    G:0.36667

#24: BarbarySheep   
position  1:    T:0.10000    C:0.46000    A:0.08000    G:0.36000
position  2:    T:0.24000    C:0.28000    A:0.34000    G:0.14000
position  3:    T:0.12000    C:0.22000    A:0.08000    G:0.58000
Average         T:0.15333    C:0.32000    A:0.16667    G:0.36000

#25: Daviddeer      
position  1:    T:0.10000    C:0.44000    A:0.10000    G:0.36000
position  2:    T:0.26000    C:0.28000    A:0.32000    G:0.14000
position  3:    T:0.14000    C:0.20000    A:0.08000    G:0.58000
Average         T:0.16667    C:0.30667    A:0.16667    G:0.36000

#26: Reindeer       
position  1:    T:0.10000    C:0.44000    A:0.10000    G:0.36000
position  2:    T:0.26000    C:0.28000    A:0.32000    G:0.14000
position  3:    T:0.12000    C:0.22000    A:0.08000    G:0.58000
Average         T:0.16000    C:0.31333    A:0.16667    G:0.36000

#27: Ibex           
position  1:    T:0.10000    C:0.46000    A:0.08000    G:0.36000
position  2:    T:0.26000    C:0.26000    A:0.34000    G:0.14000
position  3:    T:0.12000    C:0.22000    A:0.08000    G:0.58000
Average         T:0.16000    C:0.31333    A:0.16667    G:0.36000

#28: GyrantGazelle  
position  1:    T:0.10000    C:0.46000    A:0.08000    G:0.36000
position  2:    T:0.26000    C:0.26000    A:0.32000    G:0.16000
position  3:    T:0.14000    C:0.20000    A:0.08000    G:0.58000
Average         T:0.16667    C:0.30667    A:0.16000    G:0.36667

#29: Hartebeest     
position  1:    T:0.10000    C:0.46000    A:0.08000    G:0.36000
position  2:    T:0.26000    C:0.26000    A:0.32000    G:0.16000
position  3:    T:0.12000    C:0.22000    A:0.08000    G:0.58000
Average         T:0.16000    C:0.31333    A:0.16000    G:0.36667

#30: Bongo          
position  1:    T:0.10000    C:0.46000    A:0.08000    G:0.36000
position  2:    T:0.26000    C:0.28000    A:0.34000    G:0.12000
position  3:    T:0.12000    C:0.22000    A:0.10000    G:0.56000
Average         T:0.16000    C:0.32000    A:0.17333    G:0.34667

#31: Gerenuk        
position  1:    T:0.10000    C:0.48000    A:0.08000    G:0.34000
position  2:    T:0.26000    C:0.26000    A:0.32000    G:0.16000
position  3:    T:0.14000    C:0.20000    A:0.08000    G:0.58000
Average         T:0.16667    C:0.31333    A:0.16000    G:0.36000

#32: CommonEland    
position  1:    T:0.10000    C:0.46000    A:0.08000    G:0.36000
position  2:    T:0.26000    C:0.28000    A:0.34000    G:0.12000
position  3:    T:0.12000    C:0.22000    A:0.08000    G:0.58000
Average         T:0.16000    C:0.32000    A:0.16667    G:0.35333

#33: MuntiacusReevesi
position  1:    T:0.08000    C:0.44000    A:0.12000    G:0.36000
position  2:    T:0.26000    C:0.28000    A:0.32000    G:0.14000
position  3:    T:0.12000    C:0.22000    A:0.08000    G:0.58000
Average         T:0.15333    C:0.31333    A:0.17333    G:0.36000

#34: HarveysDuiker  
position  1:    T:0.10000    C:0.46000    A:0.06000    G:0.38000
position  2:    T:0.26000    C:0.26000    A:0.32000    G:0.16000
position  3:    T:0.10000    C:0.24000    A:0.10000    G:0.56000
Average         T:0.15333    C:0.32000    A:0.16000    G:0.36667

#35: Pronghorn      
position  1:    T:0.10000    C:0.46000    A:0.08000    G:0.36000
position  2:    T:0.26000    C:0.28000    A:0.34000    G:0.12000
position  3:    T:0.12000    C:0.22000    A:0.08000    G:0.58000
Average         T:0.16000    C:0.32000    A:0.16667    G:0.35333

#36: BlueWildebeest 
position  1:    T:0.10000    C:0.46000    A:0.08000    G:0.36000
position  2:    T:0.26000    C:0.26000    A:0.32000    G:0.16000
position  3:    T:0.12000    C:0.22000    A:0.08000    G:0.58000
Average         T:0.16000    C:0.31333    A:0.16000    G:0.36667

#37: Gemsbok        
position  1:    T:0.10000    C:0.46000    A:0.08000    G:0.36000
position  2:    T:0.26000    C:0.26000    A:0.32000    G:0.16000
position  3:    T:0.12000    C:0.22000    A:0.08000    G:0.58000
Average         T:0.16000    C:0.31333    A:0.16000    G:0.36667

#38: Yak            
position  1:    T:0.10000    C:0.44000    A:0.10000    G:0.36000
position  2:    T:0.28000    C:0.24000    A:0.36000    G:0.12000
position  3:    T:0.12000    C:0.22000    A:0.06000    G:0.60000
Average         T:0.16667    C:0.30000    A:0.17333    G:0.36000

#39: BlueSheep      
position  1:    T:0.10000    C:0.46000    A:0.08000    G:0.36000
position  2:    T:0.24000    C:0.26000    A:0.36000    G:0.14000
position  3:    T:0.12000    C:0.22000    A:0.08000    G:0.58000
Average         T:0.15333    C:0.31333    A:0.17333    G:0.36000

#40: BohorReedbuck  
position  1:    T:0.10000    C:0.46000    A:0.08000    G:0.36000
position  2:    T:0.26000    C:0.28000    A:0.32000    G:0.14000
position  3:    T:0.10000    C:0.26000    A:0.08000    G:0.56000
Average         T:0.15333    C:0.33333    A:0.16000    G:0.35333

#41: KirksDik       
position  1:    T:0.10000    C:0.46000    A:0.08000    G:0.36000
position  2:    T:0.26000    C:0.26000    A:0.34000    G:0.14000
position  3:    T:0.12000    C:0.22000    A:0.08000    G:0.58000
Average         T:0.16000    C:0.31333    A:0.16667    G:0.36000

#42: RoeDeer        
position  1:    T:0.10000    C:0.44000    A:0.10000    G:0.36000
position  2:    T:0.28000    C:0.26000    A:0.32000    G:0.14000
position  3:    T:0.12000    C:0.22000    A:0.08000    G:0.58000
Average         T:0.16667    C:0.30667    A:0.16667    G:0.36000

#43: WhiteLippedDeer
position  1:    T:0.10000    C:0.44000    A:0.10000    G:0.36000
position  2:    T:0.26000    C:0.28000    A:0.32000    G:0.14000
position  3:    T:0.12000    C:0.22000    A:0.08000    G:0.58000
Average         T:0.16000    C:0.31333    A:0.16667    G:0.36000

#44: ThomsonGazelle 
position  1:    T:0.10000    C:0.46000    A:0.08000    G:0.36000
position  2:    T:0.26000    C:0.26000    A:0.32000    G:0.16000
position  3:    T:0.14000    C:0.20000    A:0.08000    G:0.58000
Average         T:0.16667    C:0.30667    A:0.16000    G:0.36667

#45: MuntiacusCrinifrons
position  1:    T:0.08000    C:0.44000    A:0.12000    G:0.36000
position  2:    T:0.26000    C:0.28000    A:0.32000    G:0.14000
position  3:    T:0.12000    C:0.22000    A:0.08000    G:0.58000
Average         T:0.15333    C:0.31333    A:0.17333    G:0.36000

#46: WhiteTailedDeer
position  1:    T:0.10000    C:0.44000    A:0.10000    G:0.36000
position  2:    T:0.26000    C:0.28000    A:0.32000    G:0.14000
position  3:    T:0.12000    C:0.22000    A:0.08000    G:0.58000
Average         T:0.16000    C:0.31333    A:0.16667    G:0.36000

#47: Cattle         
position  1:    T:0.10000    C:0.46000    A:0.08000    G:0.36000
position  2:    T:0.28000    C:0.24000    A:0.36000    G:0.12000
position  3:    T:0.12000    C:0.22000    A:0.06000    G:0.60000
Average         T:0.16667    C:0.30667    A:0.16667    G:0.36000

#48: RoyalAntelope  
position  1:    T:0.10000    C:0.46000    A:0.08000    G:0.36000
position  2:    T:0.26000    C:0.26000    A:0.32000    G:0.16000
position  3:    T:0.12000    C:0.24000    A:0.10000    G:0.54000
Average         T:0.16000    C:0.32000    A:0.16667    G:0.35333

#49: Steenbok       
position  1:    T:0.10000    C:0.46000    A:0.08000    G:0.36000
position  2:    T:0.26000    C:0.26000    A:0.32000    G:0.16000
position  3:    T:0.12000    C:0.24000    A:0.08000    G:0.56000
Average         T:0.16000    C:0.32000    A:0.16000    G:0.36000

#50: Impala         
position  1:    T:0.10000    C:0.46000    A:0.06000    G:0.38000
position  2:    T:0.24000    C:0.30000    A:0.32000    G:0.14000
position  3:    T:0.12000    C:0.22000    A:0.08000    G:0.58000
Average         T:0.15333    C:0.32667    A:0.15333    G:0.36667

#51: Klipspringer   
position  1:    T:0.10000    C:0.46000    A:0.08000    G:0.36000
position  2:    T:0.24000    C:0.28000    A:0.32000    G:0.16000
