1
52 1
Argali 0.000000 0.205200 0.094100 0.144600 0.046000 0.000000 0.052100 0.099900 0.094100 0.090700 0.000000 0.046600 0.000000 0.051700 0.046500 0.142700 0.138200 0.092400 0.000000 0.094100 0.145000 0.000000 0.091200 0.091700 0.000000 0.197000 0.000000 0.148100 0.145200 0.091800 0.091600 0.051700 0.046000 0.000000 0.046100 0.046600 0.000000 0.045400 0.046000 0.092900 0.091200 0.145000 0.091600 0.092900 0.046600 0.047800 0.093100 0.094700 0.046400 0.091300 0.094100 0.094100
LesserMous 0.205200 0.000000 0.197200 0.134100 0.143300 0.205200 0.288100 0.207900 0.197200 0.190700 0.205200 0.145200 0.205200 0.285600 0.143900 0.251300 0.246100 0.193400 0.205200 0.197200 0.256100 0.205200 0.192000 0.191400 0.205200 0.315100 0.205200 0.259100 0.256100 0.192900 0.192500 0.285600 0.142100 0.205200 0.255100 0.145200 0.205200 0.140700 0.143300 0.194100 0.192000 0.256100 0.192500 0.194100 0.145200 0.303700 0.195300 0.192800 0.255800 0.192300 0.197200 0.197200
LesserKudu 0.094100 0.197200 0.000000 0.244200 0.044100 0.094100 0.155500 0.095100 0.000000 0.087200 0.094100 0.044400 0.094100 0.154900 0.044400 0.136400 0.133000 0.088300 0.094100 0.000000 0.139100 0.094100 0.087700 0.088100 0.094100 0.089300 0.094100 0.044600 0.139100 0.000100 0.088100 0.154900 0.044100 0.094100 0.139300 0.044400 0.094100 0.043200 0.044100 0.089300 0.087700 0.139100 0.088100 0.089300 0.044400 0.143900 0.089600 0.090200 0.140100 0.087900 0.000000 0.000000
KillerWhal 0.144600 0.134100 0.244200 0.000000 0.190900 0.144600 0.213100 0.258400 0.244200 0.237800 0.144600 0.193100 0.144600 0.212800 0.190200 0.299400 0.290300 0.240400 0.144600 0.244200 0.304700 0.144600 0.237900 0.238400 0.144600 0.361400 0.144600 0.298900 0.304700 0.238400 0.240400 0.212800 0.189900 0.144600 0.191000 0.193100 0.144600 0.186500 0.190900 0.241300 0.237900 0.304700 0.240400 0.241300 0.193100 0.196600 0.242000 0.243800 0.191900 0.238900 0.244200 0.244200
DefassaWat 0.046000 0.143300 0.044100 0.190900 0.000000 0.046000 0.101900 0.046600 0.044100 0.042900 0.046000 0.000100 0.046000 0.101000 0.000100 0.089200 0.086700 0.043500 0.046000 0.044100 0.090600 0.046000 0.043100 0.042900 0.046000 0.138000 0.046000 0.092100 0.090600 0.043100 0.043300 0.101000 0.000300 0.046000 0.090800 0.000100 0.046000 0.000100 0.000000 0.043600 0.043100 0.090600 0.043300 0.043600 0.000100 0.093900 0.043700 0.044300 0.091300 0.043000 0.044100 0.044100
Sheep 0.000000 0.205200 0.094100 0.144600 0.046000 0.000000 0.052100 0.099900 0.094100 0.090700 0.000000 0.046600 0.000000 0.051700 0.046500 0.142700 0.138200 0.092400 0.000000 0.094100 0.145000 0.000000 0.091200 0.091700 0.000000 0.197000 0.000000 0.148100 0.145000 0.091800 0.091600 0.051700 0.046000 0.000000 0.046100 0.046600 0.000000 0.045400 0.046000 0.092900 0.091200 0.145000 0.091600 0.092900 0.046600 0.047800 0.093100 0.094700 0.046400 0.091300 0.094100 0.094100
MaxwellsDu 0.052100 0.288100 0.155500 0.213100 0.101900 0.052100 0.000000 0.167300 0.155500 0.149200 0.052100 0.102400 0.052100 0.000100 0.103000 0.212000 0.203900 0.152300 0.052100 0.155500 0.215700 0.052100 0.150400 0.152000 0.052100 0.275000 0.052100 0.218800 0.215700 0.151700 0.151100 0.000100 0.101000 0.052100 0.102200 0.102400 0.052100 0.100200 0.101900 0.153500 0.150400 0.215700 0.151100 0.153500 0.102400 0.105500 0.155300 0.157800 0.103000 0.151600 0.155500 0.155500
GazellaPrz 0.099900 0.207900 0.095100 0.258400 0.046600 0.099900 0.167300 0.000000 0.095100 0.092100 0.099900 0.047000 0.099900 0.166200 0.046900 0.045300 0.138800 0.093500 0.099900 0.095100 0.046400 0.099900 0.092300 0.091800 0.099900 0.093700 0.099900 0.149800 0.046400 0.092800 0.092900 0.166200 0.046500 0.099900 0.147400 0.047000 0.099900 0.045800 0.046600 0.094000 0.092300 0.046400 0.092900 0.094000 0.047000 0.151700 0.094400 0.079100 0.148700 0.092600 0.095100 0.095100
MountainNy 0.094100 0.197200 0.000000 0.244200 0.044100 0.094100 0.155500 0.095100 0.000000 0.087200 0.094100 0.044400 0.094100 0.154900 0.044400 0.136400 0.133000 0.088300 0.094100 0.000000 0.139100 0.094100 0.087700 0.088100 0.094100 0.089300 0.094100 0.044600 0.139100 0.000100 0.088100 0.154900 0.044100 0.094100 0.139300 0.044400 0.094100 0.043200 0.044100 0.089300 0.087700 0.139100 0.088100 0.089300 0.044400 0.143900 0.089600 0.090200 0.140100 0.087900 0.000000 0.000000
MuntiacusM 0.090700 0.190700 0.087200 0.237800 0.042900 0.090700 0.149200 0.092100 0.087200 0.000000 0.090700 0.043300 0.090700 0.148800 0.043300 0.132200 0.129400 0.086100 0.090700 0.087200 0.134700 0.090700 0.000300 0.084000 0.090700 0.182000 0.090700 0.136400 0.134700 0.085400 0.000100 0.148800 0.042800 0.090700 0.135000 0.043300 0.090700 0.042100 0.042900 0.085200 0.000300 0.134700 0.000100 0.085200 0.043300 0.138800 0.086700 0.086300 0.135200 0.085600 0.087200 0.087200
goat 0.000000 0.205200 0.094100 0.144600 0.046000 0.000000 0.052100 0.099900 0.094100 0.090700 0.000000 0.046600 0.000000 0.051700 0.046500 0.142700 0.138200 0.092400 0.000000 0.094100 0.145000 0.000000 0.091200 0.091700 0.000000 0.197000 0.000000 0.148100 0.145000 0.091800 0.091600 0.051700 0.046000 0.000000 0.046100 0.046600 0.000000 0.045400 0.046000 0.092900 0.091200 0.145000 0.091600 0.092900 0.046600 0.047800 0.093100 0.094700 0.046400 0.091300 0.094100 0.094100
AfricanBuf 0.046600 0.145200 0.044400 0.193100 0.000100 0.046600 0.102400 0.047000 0.044400 0.043300 0.046600 0.000000 0.046600 0.102100 0.000300 0.090000 0.087800 0.043700 0.046600 0.044400 0.091700 0.046600 0.043500 0.043500 0.046600 0.139200 0.046600 0.092600 0.091700 0.043600 0.043700 0.102100 0.000100 0.046600 0.091900 0.000000 0.046600 0.000300 0.000100 0.044100 0.043500 0.091700 0.043700 0.044100 0.000000 0.094600 0.044200 0.044300 0.092400 0.043500 0.044400 0.044400
Topi 0.000000 0.205200 0.094100 0.144600 0.046000 0.000000 0.052100 0.099900 0.094100 0.090700 0.000000 0.046600 0.000000 0.051700 0.046500 0.142700 0.138200 0.092400 0.000000 0.094100 0.145000 0.000000 0.091200 0.091700 0.000000 0.197000 0.000000 0.148100 0.145000 0.091800 0.091600 0.051700 0.046000 0.000000 0.046100 0.046600 0.000000 0.045400 0.046000 0.092900 0.091200 0.145000 0.091600 0.092900 0.046600 0.047800 0.092300 0.094700 0.046400 0.091300 0.094100 0.094100
CommonDuik 0.051700 0.285600 0.154900 0.212800 0.101000 0.051700 0.000100 0.166200 0.154900 0.148800 0.051700 0.102100 0.051700 0.000000 0.102400 0.210700 0.203000 0.151900 0.051700 0.154900 0.213700 0.051700 0.149800 0.151400 0.051700 0.273400 0.051700 0.218300 0.213700 0.151100 0.150600 0.000000 0.100700 0.051700 0.101300 0.102100 0.051700 0.099600 0.101000 0.153000 0.149800 0.213700 0.150600 0.153000 0.102100 0.105200 0.153400 0.156900 0.102100 0.150300 0.154900 0.154900
Suni 0.046500 0.143900 0.044400 0.190200 0.000100 0.046500 0.103000 0.046900 0.044400 0.043300 0.046500 0.000300 0.046500 0.102400 0.000000 0.089800 0.075500 0.031200 0.046500 0.044400 0.091600 0.046500 0.043400 0.043100 0.046500 0.139100 0.046500 0.092800 0.091600 0.043300 0.043600 0.102400 0.000400 0.046500 0.091700 0.000300 0.046500 0.000300 0.000100 0.043800 0.043400 0.091600 0.043600 0.043800 0.000300 0.094900 0.044200 0.044300 0.089300 0.043500 0.044400 0.044400
Springbuck 0.142700 0.251300 0.136400 0.299400 0.089200 0.142700 0.212000 0.045300 0.136400 0.132200 0.142700 0.090000 0.142700 0.210700 0.089800 0.000000 0.130700 0.134600 0.142700 0.136400 0.000100 0.142700 0.132800 0.132200 0.142700 0.042400 0.142700 0.191300 0.000100 0.133100 0.133400 0.210700 0.089000 0.142700 0.187900 0.090000 0.142700 0.087700 0.089200 0.134700 0.132800 0.000100 0.133400 0.134700 0.090000 0.194400 0.135400 0.137200 0.189500 0.042200 0.136400 0.136400
Okapi 0.138200 0.246100 0.133000 0.290300 0.086700 0.138200 0.203900 0.138800 0.133000 0.129400 0.138200 0.087800 0.138200 0.203000 0.075500 0.130700 0.000000 0.041800 0.138200 0.133000 0.133000 0.138200 0.130500 0.129600 0.138200 0.179700 0.138200 0.185800 0.133000 0.130400 0.130900 0.203000 0.086900 0.138200 0.183000 0.087800 0.138200 0.085800 0.086700 0.131500 0.130500 0.133000 0.130900 0.131500 0.087800 0.188300 0.131500 0.133100 0.087300 0.084800 0.133000 0.133000
Giraffe 0.092400 0.193400 0.088300 0.240400 0.043500 0.092400 0.152300 0.093500 0.088300 0.086100 0.092400 0.043700 0.092400 0.151900 0.031200 0.134600 0.041800 0.000000 0.092400 0.088300 0.137100 0.092400 0.086800 0.086500 0.092400 0.185500 0.092400 0.138100 0.137100 0.086900 0.087000 0.151900 0.043400 0.092400 0.137300 0.043700 0.092400 0.042600 0.043500 0.087700 0.086800 0.137100 0.087000 0.087700 0.043700 0.141300 0.088000 0.088900 0.043800 0.086800 0.088300 0.088300
TibetanAnt 0.000000 0.205200 0.094100 0.144600 0.046000 0.000000 0.052100 0.099900 0.094100 0.090700 0.000000 0.046600 0.000000 0.051700 0.046500 0.142700 0.138200 0.092400 0.000000 0.094100 0.145000 0.000000 0.091200 0.091700 0.000000 0.197000 0.000000 0.148100 0.145000 0.091800 0.091600 0.051700 0.046000 0.000000 0.046100 0.046600 0.000000 0.045400 0.046000 0.092900 0.091200 0.145000 0.091600 0.092900 0.046600 0.047800 0.093100 0.094700 0.046400 0.091300 0.094100 0.094100
Sitatunga 0.094100 0.197200 0.000000 0.244200 0.044100 0.094100 0.155500 0.095100 0.000000 0.087200 0.094100 0.044400 0.094100 0.154900 0.044400 0.136400 0.133000 0.088300 0.094100 0.000000 0.139100 0.094100 0.087700 0.088100 0.094100 0.089300 0.094100 0.044600 0.139100 0.000100 0.088100 0.154900 0.044100 0.094100 0.139300 0.044400 0.094100 0.043200 0.044100 0.089300 0.087700 0.139100 0.088100 0.089300 0.044400 0.143900 0.089600 0.090200 0.140100 0.087900 0.000000 0.000000
Oribi 0.145000 0.256100 0.139100 0.304700 0.090600 0.145000 0.215700 0.046400 0.139100 0.134700 0.145000 0.091700 0.145000 0.213700 0.091600 0.000100 0.133000 0.137100 0.145000 0.139100 0.000000 0.145000 0.135400 0.134500 0.145000 0.043400 0.145000 0.194900 0.000000 0.135900 0.136000 0.213700 0.090600 0.145000 0.191000 0.091700 0.145000 0.089500 0.090600 0.137400 0.135400 0.000000 0.136000 0.137400 0.091700 0.198300 0.137600 0.140400 0.192500 0.042800 0.139100 0.139100
BarbaryShe 0.000000 0.205200 0.094100 0.144600 0.046000 0.000000 0.052100 0.099900 0.094100 0.090700 0.000000 0.046600 0.000000 0.051700 0.046500 0.142700 0.138200 0.092400 0.000000 0.094100 0.145000 0.000000 0.091200 0.091700 0.000000 0.197000 0.000000 0.148100 0.145000 0.091800 0.091600 0.051700 0.046000 0.000000 0.046100 0.046600 0.000000 0.045400 0.046000 0.092900 0.091200 0.145000 0.091600 0.092900 0.046600 0.047800 0.093100 0.094700 0.046400 0.091300 0.094100 0.094100
Daviddeer 0.091200 0.192000 0.087700 0.237900 0.043100 0.091200 0.150400 0.092300 0.087700 0.000300 0.091200 0.043500 0.091200 0.149800 0.043400 0.132800 0.130500 0.086800 0.091200 0.087700 0.135400 0.091200 0.000000 0.085800 0.091200 0.182900 0.091200 0.137200 0.135400 0.085900 0.000100 0.149800 0.043000 0.091200 0.135700 0.043500 0.091200 0.042300 0.043100 0.086600 0.000000 0.135400 0.000100 0.086600 0.043500 0.139300 0.087100 0.087600 0.136200 0.086000 0.087700 0.087700
Reindeer 0.091700 0.191400 0.088100 0.238400 0.042900 0.091700 0.152000 0.091800 0.088100 0.084000 0.091700 0.043500 0.091700 0.151400 0.043100 0.132200 0.129600 0.086500 0.091700 0.088100 0.134500 0.091700 0.085800 0.000000 0.091700 0.182300 0.091700 0.138100 0.134500 0.086100 0.086100 0.151400 0.042900 0.091700 0.135800 0.043500 0.091700 0.042000 0.042900 0.000100 0.085800 0.134500 0.086100 0.000100 0.043500 0.140100 0.087500 0.086900 0.136600 0.085800 0.088100 0.088100
Ibex 0.000000 0.205200 0.094100 0.144600 0.046000 0.000000 0.052100 0.099900 0.094100 0.090700 0.000000 0.046600 0.000000 0.051700 0.046500 0.142700 0.138200 0.092400 0.000000 0.094100 0.145000 0.000000 0.091200 0.091700 0.000000 0.197000 0.000000 0.148100 0.145000 0.091800 0.091600 0.051700 0.046000 0.000000 0.046100 0.046600 0.000000 0.045400 0.046000 0.092900 0.091200 0.145000 0.091600 0.092900 0.046600 0.047800 0.093100 0.094700 0.046400 0.091300 0.094100 0.094100
GyrantGaze 0.197000 0.315100 0.089300 0.361400 0.138000 0.197000 0.275000 0.093700 0.089300 0.182000 0.197000 0.139200 0.197000 0.273400 0.139100 0.042400 0.179700 0.185500 0.197000 0.089300 0.043400 0.197000 0.182900 0.182300 0.197000 0.000000 0.197000 0.140300 0.043400 0.087400 0.183700 0.273400 0.137400 0.197000 0.243700 0.139200 0.197000 0.135900 0.138000 0.186400 0.182900 0.043400 0.183700 0.186400 0.139200 0.253000 0.187500 0.189600 0.245900 0.086700 0.089300 0.089300
Hartebeest 0.000000 0.205200 0.094100 0.144600 0.046000 0.000000 0.052100 0.099900 0.094100 0.090700 0.000000 0.046600 0.000000 0.051700 0.046500 0.142700 0.138200 0.092400 0.000000 0.094100 0.145000 0.000000 0.091200 0.091700 0.000000 0.197000 0.000000 0.148100 0.145000 0.091800 0.091600 0.051700 0.046000 0.000000 0.046100 0.046600 0.000000 0.045400 0.046000 0.092900 0.091200 0.145000 0.091600 0.092900 0.046600 0.047800 0.093100 0.094700 0.046400 0.091300 0.094100 0.094100
Bongo 0.148100 0.259100 0.044600 0.298900 0.092100 0.148100 0.218800 0.149800 0.044600 0.136400 0.148100 0.092600 0.148100 0.218300 0.092800 0.191300 0.185800 0.138100 0.148100 0.044600 0.194900 0.148100 0.137200 0.138100 0.148100 0.140300 0.148100 0.000000 0.194900 0.043900 0.137800 0.218300 0.091800 0.148100 0.194900 0.092600 0.148100 0.090300 0.092100 0.139800 0.137200 0.194900 0.137800 0.139800 0.092600 0.201800 0.140600 0.141900 0.196100 0.137800 0.044600 0.044600
Gerenuk 0.145200 0.256100 0.139100 0.304700 0.090600 0.145000 0.215700 0.046400 0.139100 0.134700 0.145000 0.091700 0.145000 0.213700 0.091600 0.000100 0.133000 0.137100 0.145000 0.139100 0.000000 0.145000 0.135400 0.134500 0.145000 0.043400 0.145000 0.194900 0.000000 0.135900 0.136000 0.213700 0.090600 0.145000 0.191000 0.091700 0.145000 0.089500 0.090600 0.137400 0.135400 0.000000 0.136000 0.137400 0.091700 0.198300 0.137600 0.140400 0.192500 0.042800 0.139100 0.139100
CommonElan 0.091800 0.192900 0.000100 0.238400 0.043100 0.091800 0.151700 0.092800 0.000100 0.085400 0.091800 0.043600 0.091800 0.151100 0.043300 0.133100 0.130400 0.086900 0.091800 0.000100 0.135900 0.091800 0.085900 0.086100 0.091800 0.087400 0.091800 0.043900 0.135900 0.000000 0.086300 0.151100 0.043100 0.091800 0.136000 0.043600 0.091800 0.042300 0.043100 0.087400 0.085900 0.135900 0.086300 0.087400 0.043600 0.187500 0.087700 0.087700 0.136900 0.086000 0.000100 0.000100
MuntiacusR 0.091600 0.192500 0.088100 0.240400 0.043300 0.091600 0.151100 0.092900 0.088100 0.000100 0.091600 0.043700 0.091600 0.150600 0.043600 0.133400 0.130900 0.087000 0.091600 0.088100 0.136000 0.091600 0.000100 0.086100 0.091600 0.183700 0.091600 0.137800 0.136000 0.086300 0.000000 0.150600 0.043200 0.091600 0.136400 0.043700 0.091600 0.042500 0.043300 0.087300 0.000100 0.136000 0.000000 0.087300 0.043700 0.140200 0.087500 0.087600 0.136700 0.086400 0.088100 0.088100
HarveysDui 0.051700 0.285600 0.154900 0.212800 0.101000 0.051700 0.000100 0.166200 0.154900 0.148800 0.051700 0.102100 0.051700 0.000000 0.102400 0.210700 0.203000 0.151900 0.051700 0.154900 0.213700 0.051700 0.149800 0.151400 0.051700 0.273400 0.051700 0.218300 0.213700 0.151100 0.150600 0.000000 0.100700 0.051700 0.101300 0.102100 0.051700 0.099600 0.101000 0.153000 0.149800 0.213700 0.150600 0.153000 0.102100 0.105200 0.153400 0.156900 0.102100 0.150300 0.154900 0.154900
Pronghorn 0.046000 0.142100 0.044100 0.189900 0.000300 0.046000 0.101000 0.046500 0.044100 0.042800 0.046000 0.000100 0.046000 0.100700 0.000400 0.089000 0.086900 0.043400 0.046000 0.044100 0.090600 0.046000 0.043000 0.042900 0.046000 0.137400 0.046000 0.091800 0.090600 0.043100 0.043200 0.100700 0.000000 0.046000 0.090800 0.000100 0.046000 0.000400 0.000300 0.043500 0.043000 0.090600 0.043200 0.043500 0.000100 0.093400 0.043800 0.043200 0.091200 0.043000 0.044100 0.044100
BlueWildeb 0.000000 0.205200 0.094100 0.144600 0.046000 0.000000 0.052100 0.099900 0.094100 0.090700 0.000000 0.046600 0.000000 0.051700 0.046500 0.142700 0.138200 0.092400 0.000000 0.094100 0.145000 0.000000 0.091200 0.091700 0.000000 0.197000 0.000000 0.148100 0.145000 0.091800 0.091600 0.051700 0.046000 0.000000 0.046100 0.046600 0.000000 0.045400 0.046000 0.092900 0.091200 0.145000 0.091600 0.092900 0.046600 0.047800 0.093100 0.094700 0.046400 0.091300 0.094100 0.094100
Gemsbok 0.046100 0.255100 0.139300 0.191000 0.090800 0.046100 0.102200 0.147400 0.139300 0.135000 0.046100 0.091900 0.046100 0.101300 0.091700 0.187900 0.183000 0.137300 0.046100 0.139300 0.191000 0.046100 0.135700 0.135800 0.046100 0.243700 0.046100 0.194900 0.191000 0.136000 0.136400 0.101300 0.090800 0.046100 0.000000 0.091900 0.046100 0.089700 0.090800 0.137700 0.135700 0.191000 0.136400 0.137700 0.091900 0.094200 0.137800 0.140300 0.091600 0.135500 0.139300 0.139300
Yak 0.046600 0.145200 0.044400 0.193100 0.000100 0.046600 0.102400 0.047000 0.044400 0.043300 0.046600 0.000000 0.046600 0.102100 0.000300 0.090000 0.087800 0.043700 0.046600 0.044400 0.091700 0.046600 0.043500 0.043500 0.046600 0.139200 0.046600 0.092600 0.091700 0.043600 0.043700 0.102100 0.000100 0.046600 0.091900 0.000000 0.046600 0.000300 0.000100 0.044100 0.043500 0.091700 0.043700 0.044100 0.000000 0.094600 0.044200 0.044300 0.092400 0.043500 0.044400 0.044400
BlueSheep 0.000000 0.205200 0.094100 0.144600 0.046000 0.000000 0.052100 0.099900 0.094100 0.090700 0.000000 0.046600 0.000000 0.051700 0.046500 0.142700 0.138200 0.092400 0.000000 0.094100 0.145000 0.000000 0.091200 0.091700 0.000000 0.197000 0.000000 0.148100 0.145000 0.091800 0.091600 0.051700 0.046000 0.000000 0.046100 0.046600 0.000000 0.045400 0.046000 0.092900 0.091200 0.145000 0.091600 0.092900 0.046600 0.047800 0.093100 0.094700 0.046400 0.091300 0.094100 0.094100
BohorReedb 0.045400 0.140700 0.043200 0.186500 0.000100 0.045400 0.100200 0.045800 0.043200 0.042100 0.045400 0.000300 0.045400 0.099600 0.000300 0.087700 0.085800 0.042600 0.045400 0.043200 0.089500 0.045400 0.042300 0.042000 0.045400 0.135900 0.045400 0.090300 0.089500 0.042300 0.042500 0.099600 0.000400 0.045400 0.089700 0.000300 0.045400 0.000000 0.000100 0.042700 0.042300 0.089500 0.042500 0.042700 0.000300 0.092400 0.043200 0.043200 0.090200 0.042500 0.043200 0.043200
KirksDik 0.046000 0.143300 0.044100 0.190900 0.000000 0.046000 0.101900 0.046600 0.044100 0.042900 0.046000 0.000100 0.046000 0.101000 0.000100 0.089200 0.086700 0.043500 0.046000 0.044100 0.090600 0.046000 0.043100 0.042900 0.046000 0.138000 0.046000 0.092100 0.090600 0.043100 0.043300 0.101000 0.000300 0.046000 0.090800 0.000100 0.046000 0.000100 0.000000 0.043600 0.043100 0.090600 0.043300 0.043600 0.000100 0.093900 0.043700 0.044300 0.091300 0.043000 0.044100 0.044100
RoeDeer 0.092900 0.194100 0.089300 0.241300 0.043600 0.092900 0.153500 0.094000 0.089300 0.085200 0.092900 0.044100 0.092900 0.153000 0.043800 0.134700 0.131500 0.087700 0.092900 0.089300 0.137400 0.092900 0.086600 0.000100 0.092900 0.186400 0.092900 0.139800 0.137400 0.087400 0.087300 0.153000 0.043500 0.092900 0.137700 0.044100 0.092900 0.042700 0.043600 0.000000 0.086600 0.137400 0.087300 0.000000 0.044100 0.142000 0.088700 0.088800 0.138400 0.086900 0.089300 0.089300
WhiteLippe 0.091200 0.192000 0.087700 0.237900 0.043100 0.091200 0.150400 0.092300 0.087700 0.000300 0.091200 0.043500 0.091200 0.149800 0.043400 0.132800 0.130500 0.086800 0.091200 0.087700 0.135400 0.091200 0.000000 0.085800 0.091200 0.182900 0.091200 0.137200 0.135400 0.085900 0.000100 0.149800 0.043000 0.091200 0.135700 0.043500 0.091200 0.042300 0.043100 0.086600 0.000000 0.135400 0.000100 0.086600 0.043500 0.139300 0.087100 0.087600 0.136200 0.086000 0.087700 0.087700
ThomsonGaz 0.145000 0.256100 0.139100 0.304700 0.090600 0.145000 0.215700 0.046400 0.139100 0.134700 0.145000 0.091700 0.145000 0.213700 0.091600 0.000100 0.133000 0.137100 0.145000 0.139100 0.000000 0.145000 0.135400 0.134500 0.145000 0.043400 0.145000 0.194900 0.000000 0.135900 0.136000 0.213700 0.090600 0.145000 0.191000 0.091700 0.145000 0.089500 0.090600 0.137400 0.135400 0.000000 0.136000 0.137400 0.091700 0.198300 0.137600 0.140400 0.192500 0.042800 0.139100 0.139100
MuntiacusC 0.091600 0.192500 0.088100 0.240400 0.043300 0.091600 0.151100 0.092900 0.088100 0.000100 0.091600 0.043700 0.091600 0.150600 0.043600 0.133400 0.130900 0.087000 0.091600 0.088100 0.136000 0.091600 0.000100 0.086100 0.091600 0.183700 0.091600 0.137800 0.136000 0.086300 0.000000 0.150600 0.043200 0.091600 0.136400 0.043700 0.091600 0.042500 0.043300 0.087300 0.000100 0.136000 0.000000 0.087300 0.043700 0.140200 0.087500 0.087600 0.136700 0.086400 0.088100 0.088100
WhiteTaile 0.092900 0.194100 0.089300 0.241300 0.043600 0.092900 0.153500 0.094000 0.089300 0.085200 0.092900 0.044100 0.092900 0.153000 0.043800 0.134700 0.131500 0.087700 0.092900 0.089300 0.137400 0.092900 0.086600 0.000100 0.092900 0.186400 0.092900 0.139800 0.137400 0.087400 0.087300 0.153000 0.043500 0.092900 0.137700 0.044100 0.092900 0.042700 0.043600 0.000000 0.086600 0.137400 0.087300 0.000000 0.044100 0.142000 0.088700 0.088800 0.138400 0.086900 0.089300 0.089300
Cattle 0.046600 0.145200 0.044400 0.193100 0.000100 0.046600 0.102400 0.047000 0.044400 0.043300 0.046600 0.000000 0.046600 0.102100 0.000300 0.090000 0.087800 0.043700 0.046600 0.044400 0.091700 0.046600 0.043500 0.043500 0.046600 0.139200 0.046600 0.092600 0.091700 0.043600 0.043700 0.102100 0.000100 0.046600 0.091900 0.000000 0.046600 0.000300 0.000100 0.044100 0.043500 0.091700 0.043700 0.044100 0.000000 0.094600 0.044200 0.044300 0.092400 0.043500 0.044400 0.044400
RoyalAntel 0.047800 0.303700 0.143900 0.196600 0.093900 0.047800 0.105500 0.151700 0.143900 0.138800 0.047800 0.094600 0.047800 0.105200 0.094900 0.194400 0.188300 0.141300 0.047800 0.143900 0.198300 0.047800 0.139300 0.140100 0.047800 0.253000 0.047800 0.201800 0.198300 0.187500 0.140200 0.105200 0.093400 0.047800 0.094200 0.094600 0.047800 0.092400 0.093900 0.142000 0.139300 0.198300 0.140200 0.142000 0.094600 0.000000 0.143300 0.145000 0.094900 0.140500 0.143900 0.143900
Steenbok 0.093100 0.195300 0.089600 0.242000 0.043700 0.093100 0.155300 0.094400 0.089600 0.086700 0.093100 0.044200 0.092300 0.153400 0.044200 0.135400 0.131500 0.088000 0.093100 0.089600 0.137600 0.093100 0.087100 0.087500 0.093100 0.187500 0.093100 0.140600 0.137600 0.087700 0.087500 0.153400 0.043800 0.093100 0.137800 0.044200 0.093100 0.043200 0.043700 0.088700 0.087100 0.137600 0.087500 0.088700 0.044200 0.143300 0.000000 0.089800 0.138700 0.087000 0.089600 0.089600
Impala 0.094700 0.192800 0.090200 0.243800 0.044300 0.094700 0.157800 0.079100 0.090200 0.086300 0.094700 0.044300 0.094700 0.156900 0.044300 0.137200 0.133100 0.088900 0.094700 0.090200 0.140400 0.094700 0.087600 0.086900 0.094700 0.189600 0.094700 0.141900 0.140400 0.087700 0.087600 0.156900 0.043200 0.094700 0.140300 0.044300 0.094700 0.043200 0.044300 0.088800 0.087600 0.140400 0.087600 0.088800 0.044300 0.145000 0.089800 0.000000 0.141200 0.088600 0.090200 0.090200
Klipspring 0.046400 0.255800 0.140100 0.191900 0.091300 0.046400 0.103000 0.148700 0.140100 0.135200 0.046400 0.092400 0.046400 0.102100 0.089300 0.189500 0.087300 0.043800 0.046400 0.140100 0.192500 0.046400 0.136200 0.136600 0.046400 0.245900 0.046400 0.196100 0.192500 0.136900 0.136700 0.102100 0.091200 0.046400 0.091600 0.092400 0.046400 0.090200 0.091300 0.138400 0.136200 0.192500 0.136700 0.138400 0.092400 0.094900 0.138700 0.141200 0.000000 0.136400 0.140100 0.140100
ForestMusk 0.091300 0.192300 0.087900 0.238900 0.043000 0.091300 0.151600 0.092600 0.087900 0.085600 0.091300 0.043500 0.091300 0.150300 0.043500 0.042200 0.084800 0.086800 0.091300 0.087900 0.042800 0.091300 0.086000 0.085800 0.091300 0.086700 0.091300 0.137800 0.042800 0.086000 0.086400 0.150300 0.043000 0.091300 0.135500 0.043500 0.091300 0.042500 0.043000 0.086900 0.086000 0.042800 0.086400 0.086900 0.043500 0.140500 0.087000 0.088600 0.136400 0.000000 0.087900 0.087900
Bushbuck 0.094100 0.197200 0.000000 0.244200 0.044100 0.094100 0.155500 0.095100 0.000000 0.087200 0.094100 0.044400 0.094100 0.154900 0.044400 0.136400 0.133000 0.088300 0.094100 0.000000 0.139100 0.094100 0.087700 0.088100 0.094100 0.089300 0.094100 0.044600 0.139100 0.000100 0.088100 0.154900 0.044100 0.094100 0.139300 0.044400 0.094100 0.043200 0.044100 0.089300 0.087700 0.139100 0.088100 0.089300 0.044400 0.143900 0.089600 0.090200 0.140100 0.087900 0.000000 0.000000
GreaterKud 0.094100 0.197200 0.000000 0.244200 0.044100 0.094100 0.155500 0.095100 0.000000 0.087200 0.094100 0.044400 0.094100 0.154900 0.044400 0.136400 0.133000 0.088300 0.094100 0.000000 0.139100 0.094100 0.087700 0.088100 0.094100 0.089300 0.094100 0.044600 0.139100 0.000100 0.088100 0.154900 0.044100 0.094100 0.139300 0.044400 0.094100 0.043200 0.044100 0.089300 0.087700 0.139100 0.088100 0.089300 0.044400 0.143900 0.089600 0.090200 0.140100 0.087900 0.000000 0.000000
