1
52 1
Argali 0.000000 0.171500 0.102600 0.256300 0.043100 0.006100 0.056700 0.055400 0.102900 0.110100 0.037200 0.069400 0.049600 0.043400 0.088100 0.049300 0.069500 0.083100 0.043300 0.103100 0.049100 0.012200 0.131800 0.116000 0.037200 0.042800 0.043400 0.109500 0.049400 0.116000 0.124100 0.043100 0.138500 0.037000 0.030700 0.083100 0.024600 0.049700 0.055900 0.096200 0.096700 0.042500 0.116600 0.096300 0.076500 0.055600 0.036700 0.062300 0.049800 0.069900 0.114800 0.110400
LesserMous 0.171500 0.000000 0.197300 0.246400 0.162400 0.171500 0.172800 0.169000 0.199600 0.192300 0.187300 0.153600 0.178000 0.164000 0.199500 0.177300 0.165700 0.181600 0.178200 0.200300 0.183700 0.156300 0.225400 0.192800 0.186700 0.176300 0.171100 0.192000 0.185300 0.184200 0.207800 0.162800 0.201400 0.163300 0.163100 0.155700 0.171600 0.171100 0.163300 0.162100 0.186300 0.174700 0.199100 0.177600 0.155700 0.169400 0.169500 0.169400 0.156100 0.155900 0.196700 0.193600
LesserKudu 0.102600 0.197300 0.000000 0.244000 0.095200 0.102600 0.102900 0.114600 0.024400 0.130200 0.116500 0.056000 0.109100 0.082400 0.128700 0.115300 0.068500 0.081900 0.109100 0.024400 0.114800 0.089000 0.116500 0.092600 0.109500 0.108000 0.102600 0.030500 0.115500 0.036600 0.130200 0.081800 0.136800 0.095600 0.089000 0.069000 0.102700 0.102600 0.122600 0.100300 0.102500 0.107200 0.136700 0.080800 0.062500 0.108300 0.108200 0.101500 0.102500 0.056100 0.036300 0.030700
KillerWhal 0.256300 0.246400 0.244000 0.000000 0.223400 0.248300 0.224600 0.237300 0.246700 0.263800 0.273200 0.230300 0.231600 0.217400 0.237800 0.269100 0.216300 0.225400 0.263800 0.247400 0.229900 0.240100 0.259100 0.249500 0.272700 0.253300 0.224400 0.238800 0.263200 0.238100 0.264100 0.223300 0.266900 0.208700 0.247400 0.232900 0.256600 0.247500 0.224100 0.232000 0.250100 0.251100 0.270900 0.232800 0.233000 0.230300 0.254000 0.238400 0.224600 0.225300 0.251100 0.255900
DefassaWat 0.043100 0.162400 0.095200 0.223400 0.000000 0.049400 0.049800 0.048700 0.095500 0.107500 0.056000 0.062400 0.055700 0.024400 0.068000 0.042700 0.049600 0.062700 0.061900 0.095700 0.042500 0.030500 0.109900 0.108200 0.055900 0.036300 0.049500 0.102000 0.042800 0.095000 0.121800 0.024200 0.116600 0.030500 0.036700 0.075900 0.043100 0.030500 0.049200 0.088900 0.076000 0.036100 0.114000 0.089000 0.069400 0.036400 0.036400 0.042800 0.036800 0.062900 0.094000 0.102800
Sheep 0.006100 0.171500 0.102600 0.248300 0.049400 0.000000 0.063200 0.049100 0.102800 0.110100 0.043500 0.069400 0.043300 0.049800 0.094800 0.055700 0.069500 0.083000 0.049600 0.103100 0.055400 0.018400 0.131800 0.116000 0.043400 0.049100 0.037100 0.109500 0.055800 0.116000 0.124100 0.049400 0.138500 0.030700 0.037000 0.083100 0.030800 0.056200 0.062300 0.096200 0.096700 0.048700 0.116600 0.096300 0.076400 0.062000 0.043000 0.068800 0.043400 0.069900 0.114700 0.110400
MaxwellsDu 0.056700 0.172800 0.102900 0.224600 0.049800 0.063200 0.000000 0.075200 0.102400 0.132000 0.070000 0.088900 0.082600 0.043400 0.088700 0.069000 0.070000 0.083600 0.076000 0.102600 0.068700 0.043700 0.132800 0.118000 0.069900 0.062200 0.076200 0.109100 0.069200 0.102600 0.139300 0.043400 0.146700 0.056400 0.063000 0.083700 0.056800 0.056500 0.075800 0.096900 0.104400 0.061800 0.138600 0.110800 0.077000 0.062400 0.062400 0.069200 0.056500 0.070500 0.101500 0.110700
GazellaPrz 0.055400 0.169000 0.114600 0.237300 0.048700 0.049100 0.075200 0.000000 0.114800 0.108700 0.055600 0.087000 0.055200 0.049100 0.080500 0.054900 0.068400 0.081800 0.074300 0.115100 0.054600 0.042700 0.116100 0.128200 0.068200 0.048400 0.049100 0.108000 0.055000 0.101000 0.122500 0.048700 0.122600 0.030300 0.048900 0.095100 0.055400 0.055300 0.061400 0.108200 0.095300 0.048100 0.115100 0.108300 0.088500 0.061100 0.048600 0.048900 0.036600 0.081900 0.100000 0.122300
MountainNy 0.102900 0.199600 0.024400 0.246700 0.095500 0.102800 0.102400 0.114800 0.000000 0.130400 0.116900 0.056200 0.109300 0.082700 0.129100 0.115600 0.068700 0.082200 0.109300 0.000000 0.115000 0.089200 0.116900 0.092800 0.109800 0.108200 0.102800 0.006100 0.115800 0.024300 0.130600 0.082000 0.123300 0.095800 0.089100 0.056300 0.102900 0.102800 0.122800 0.100600 0.102800 0.107300 0.136900 0.081000 0.049900 0.108500 0.108400 0.101700 0.102700 0.056200 0.036400 0.018400
MuntiacusM 0.110100 0.192300 0.130200 0.263800 0.107500 0.110100 0.132000 0.108700 0.130400 0.000000 0.124400 0.101500 0.109800 0.103300 0.123100 0.122900 0.095800 0.109800 0.116600 0.130800 0.108600 0.096300 0.090200 0.095300 0.124100 0.115400 0.103200 0.137200 0.123200 0.143800 0.012200 0.102500 0.138200 0.096200 0.089400 0.124000 0.110200 0.110000 0.109500 0.089200 0.083100 0.114500 0.006000 0.076200 0.117000 0.102200 0.115700 0.095500 0.110000 0.089500 0.142300 0.138400
goat 0.037200 0.187300 0.116500 0.273200 0.056000 0.043500 0.070000 0.055600 0.116900 0.124400 0.000000 0.069700 0.062700 0.056400 0.101700 0.062300 0.082900 0.096700 0.056200 0.117200 0.061900 0.024600 0.146500 0.130400 0.012200 0.055600 0.056400 0.123600 0.062400 0.130100 0.138600 0.055900 0.139100 0.049800 0.043400 0.083400 0.024600 0.062800 0.069000 0.110100 0.110800 0.055100 0.130900 0.110200 0.076700 0.068600 0.055700 0.075500 0.050000 0.083400 0.128700 0.124600
AfricanBuf 0.069400 0.153600 0.056000 0.230300 0.062400 0.069400 0.088900 0.087000 0.056200 0.101500 0.069700 0.000000 0.075700 0.049900 0.094900 0.087600 0.054200 0.062600 0.062700 0.056300 0.087000 0.056300 0.095300 0.086100 0.069500 0.080500 0.069300 0.062500 0.087900 0.055900 0.096000 0.054900 0.103100 0.062700 0.062600 0.037200 0.069400 0.069400 0.081200 0.087100 0.075000 0.079800 0.107900 0.074300 0.030900 0.080600 0.080900 0.068600 0.069300 0.037200 0.068000 0.050100
Topi 0.049600 0.178000 0.109100 0.231600 0.055700 0.043300 0.082600 0.055200 0.109300 0.109800 0.062700 0.075700 0.000000 0.056100 0.087200 0.062000 0.069200 0.082700 0.068700 0.109600 0.061600 0.036900 0.131300 0.115400 0.062500 0.042700 0.006000 0.116000 0.062100 0.122500 0.123700 0.055600 0.137900 0.024200 0.043100 0.089500 0.049700 0.062400 0.055700 0.095800 0.096400 0.042400 0.116200 0.096000 0.082800 0.068200 0.042800 0.075100 0.043300 0.075600 0.107700 0.116800
CommonDuik 0.043400 0.164000 0.082400 0.217400 0.024400 0.049800 0.043400 0.049100 0.082700 0.103300 0.056400 0.049900 0.056100 0.000000 0.049300 0.043000 0.037200 0.037300 0.062400 0.082900 0.042800 0.030800 0.096900 0.081600 0.056300 0.036600 0.049800 0.089200 0.043100 0.082200 0.103300 0.012100 0.117300 0.030700 0.037000 0.063200 0.043500 0.030800 0.049500 0.076100 0.076500 0.036300 0.109700 0.076200 0.056700 0.036700 0.036700 0.043200 0.037000 0.050200 0.081400 0.089800
Suni 0.088100 0.199500 0.128700 0.237800 0.068000 0.094800 0.088700 0.080500 0.129100 0.123100 0.101700 0.094900 0.087200 0.049300 0.000000 0.074300 0.075200 0.082100 0.107700 0.129500 0.073900 0.074900 0.123500 0.128500 0.101500 0.055000 0.094100 0.135800 0.074500 0.128400 0.123200 0.055200 0.144000 0.074200 0.081300 0.109000 0.088200 0.074900 0.094200 0.101800 0.116000 0.054500 0.129600 0.115600 0.102300 0.080600 0.061400 0.074700 0.068400 0.094900 0.113600 0.136700
Springbuck 0.049300 0.177300 0.115300 0.269100 0.042700 0.055700 0.069000 0.054900 0.115600 0.122900 0.062300 0.087600 0.062000 0.043000 0.074300 0.000000 0.068900 0.082300 0.068300 0.115900 0.036300 0.036700 0.116800 0.129100 0.062200 0.030100 0.055700 0.122300 0.036500 0.115000 0.137000 0.042700 0.137300 0.036700 0.042900 0.095800 0.049400 0.049300 0.055400 0.108900 0.082600 0.029900 0.129400 0.109000 0.089100 0.055100 0.042600 0.061800 0.055700 0.082500 0.113800 0.123200
Okapi 0.069500 0.165700 0.068500 0.216300 0.049600 0.069500 0.070000 0.068400 0.068700 0.095800 0.082900 0.054200 0.069200 0.037200 0.075200 0.068900 0.000000 0.012100 0.088900 0.068900 0.068600 0.056400 0.075900 0.067200 0.076200 0.062100 0.062900 0.075100 0.069000 0.068300 0.095800 0.036900 0.088800 0.043500 0.056300 0.049700 0.069500 0.056400 0.075600 0.055800 0.056200 0.061600 0.102200 0.055900 0.043300 0.062200 0.062200 0.055800 0.056300 0.030700 0.067600 0.075700
Giraffe 0.083100 0.181600 0.081900 0.225400 0.062700 0.083000 0.083600 0.081800 0.082200 0.109800 0.096700 0.062600 0.082700 0.037300 0.082100 0.082300 0.012100 0.000000 0.102800 0.082400 0.081900 0.069600 0.089500 0.067400 0.089900 0.075300 0.076300 0.088600 0.082400 0.081700 0.109800 0.049800 0.102700 0.056500 0.069600 0.062800 0.083100 0.069700 0.089200 0.069000 0.069500 0.074700 0.116300 0.069100 0.056300 0.075500 0.075500 0.069000 0.069600 0.043400 0.080800 0.089300
TibetanAnt 0.043300 0.178200 0.109100 0.263800 0.061900 0.049600 0.076000 0.074300 0.109300 0.116600 0.056200 0.062700 0.068700 0.062400 0.107700 0.068300 0.088900 0.102800 0.000000 0.109600 0.067900 0.030700 0.124500 0.122500 0.056100 0.061600 0.062400 0.116000 0.068400 0.109000 0.130700 0.061900 0.131100 0.055800 0.049400 0.102900 0.043300 0.068800 0.062100 0.116100 0.089800 0.061100 0.123100 0.102800 0.096100 0.074600 0.061700 0.081500 0.068900 0.076200 0.121400 0.103300
Sitatunga 0.103100 0.200300 0.024400 0.247400 0.095700 0.103100 0.102600 0.115100 0.000000 0.130800 0.117200 0.056300 0.109600 0.082900 0.129500 0.115900 0.068900 0.082400 0.109600 0.000000 0.115300 0.089400 0.117100 0.093100 0.110100 0.108400 0.103100 0.006100 0.116100 0.024400 0.130900 0.082300 0.123600 0.096100 0.089300 0.056400 0.103200 0.103100 0.123100 0.100800 0.103000 0.107600 0.137300 0.081200 0.050000 0.108800 0.108700 0.102000 0.103000 0.056400 0.036500 0.018400
Oribi 0.049100 0.183700 0.114800 0.229900 0.042500 0.055400 0.068700 0.054600 0.115000 0.108600 0.061900 0.087000 0.061600 0.042800 0.073900 0.036300 0.068600 0.081900 0.067900 0.115300 0.000000 0.036500 0.116000 0.121500 0.061800 0.030000 0.055500 0.121700 0.036300 0.114400 0.122400 0.042500 0.122800 0.036500 0.030300 0.095300 0.049100 0.049100 0.048800 0.108300 0.095400 0.029800 0.115000 0.108500 0.088600 0.042400 0.042400 0.055200 0.055400 0.082100 0.113300 0.122500
BarbaryShe 0.012200 0.156300 0.089000 0.240100 0.030500 0.018400 0.043700 0.042700 0.089200 0.096300 0.024600 0.056300 0.036900 0.030800 0.074900 0.036700 0.056400 0.069600 0.030700 0.089400 0.036500 0.000000 0.117500 0.102000 0.024600 0.030300 0.030800 0.095800 0.036800 0.102200 0.110100 0.030500 0.124100 0.024500 0.018300 0.069700 0.012200 0.037000 0.043100 0.082600 0.083100 0.030100 0.102700 0.082800 0.063100 0.042900 0.030400 0.049400 0.037000 0.056700 0.101100 0.096500
Daviddeer 0.131800 0.225400 0.116500 0.259100 0.109900 0.131800 0.132800 0.116100 0.116900 0.090200 0.146500 0.095300 0.131300 0.096900 0.123500 0.116800 0.075900 0.089500 0.124500 0.117100 0.116000 0.117500 0.000000 0.109000 0.139100 0.123000 0.124700 0.123600 0.130900 0.102600 0.090200 0.096200 0.131600 0.103500 0.117400 0.117200 0.131900 0.117600 0.124200 0.096000 0.031000 0.122000 0.096600 0.082800 0.110300 0.109500 0.123300 0.096100 0.117500 0.083000 0.114900 0.110800
Reindeer 0.116000 0.192800 0.092600 0.249500 0.108200 0.116000 0.118000 0.128200 0.092800 0.095300 0.130400 0.086100 0.115400 0.081600 0.128500 0.129100 0.067200 0.067400 0.122500 0.093100 0.121500 0.102000 0.109000 0.000000 0.123200 0.121600 0.108600 0.099500 0.129600 0.106200 0.095200 0.094600 0.122700 0.101600 0.095000 0.082600 0.116200 0.116000 0.108300 0.062500 0.088600 0.120600 0.101700 0.036600 0.076000 0.108100 0.122000 0.114800 0.115600 0.061200 0.105100 0.100200
Ibex 0.037200 0.186700 0.109500 0.272700 0.055900 0.043400 0.069900 0.068200 0.109800 0.124100 0.012200 0.069500 0.062500 0.056300 0.101500 0.062200 0.076200 0.089900 0.056100 0.110100 0.061800 0.024600 0.139100 0.123200 0.000000 0.055500 0.056300 0.116500 0.062300 0.123000 0.138300 0.055800 0.145800 0.049700 0.030700 0.076600 0.024600 0.062700 0.068800 0.103100 0.103700 0.055000 0.130600 0.103200 0.070000 0.068500 0.055600 0.075300 0.062700 0.076600 0.121700 0.117500
GyrantGaze 0.042800 0.176300 0.108000 0.253300 0.036300 0.049100 0.062200 0.048400 0.108200 0.115400 0.055600 0.080500 0.042700 0.036600 0.055000 0.030100 0.062100 0.075300 0.061600 0.108400 0.030000 0.030300 0.123000 0.121600 0.055500 0.000000 0.049100 0.114800 0.030200 0.107600 0.129300 0.036300 0.129500 0.030300 0.036500 0.088500 0.042900 0.042800 0.048800 0.101500 0.088700 0.011800 0.121800 0.101700 0.081900 0.048600 0.024000 0.055100 0.049100 0.075400 0.093400 0.115600
Hartebeest 0.043400 0.171100 0.102600 0.224400 0.049500 0.037100 0.076200 0.049100 0.102800 0.103200 0.056400 0.069300 0.006000 0.049800 0.094100 0.055700 0.062900 0.076300 0.062400 0.103100 0.055500 0.030800 0.124700 0.108600 0.056300 0.049100 0.000000 0.109500 0.055900 0.116000 0.117200 0.049400 0.131300 0.018200 0.037000 0.083100 0.043500 0.056200 0.049500 0.089400 0.089900 0.048800 0.109700 0.089500 0.076400 0.062000 0.049300 0.068800 0.037100 0.069300 0.114800 0.110300
Bongo 0.109500 0.192000 0.030500 0.238800 0.102000 0.109500 0.109100 0.108000 0.006100 0.137200 0.123600 0.062500 0.116000 0.089200 0.135800 0.122300 0.075100 0.088600 0.116000 0.006100 0.121700 0.095800 0.123600 0.099500 0.116500 0.114800 0.109500 0.000000 0.122500 0.018200 0.137400 0.088500 0.130000 0.102400 0.095700 0.062600 0.109600 0.109500 0.129500 0.107200 0.109400 0.113900 0.143800 0.087500 0.056200 0.115100 0.115100 0.108300 0.109400 0.062600 0.030200 0.024500
Gerenuk 0.049400 0.185300 0.115500 0.263200 0.042800 0.055800 0.069200 0.055000 0.115800 0.123200 0.062400 0.087900 0.062100 0.043100 0.074500 0.036500 0.069000 0.082400 0.068400 0.116100 0.036300 0.036800 0.130900 0.129600 0.062300 0.030200 0.055900 0.122500 0.000000 0.115200 0.137300 0.042800 0.137500 0.036700 0.043000 0.095900 0.049500 0.049400 0.055500 0.109100 0.096100 0.030000 0.129700 0.109300 0.089200 0.055200 0.042500 0.061900 0.055800 0.082600 0.114000 0.123400
CommonElan 0.116000 0.184200 0.036600 0.238100 0.095000 0.116000 0.102600 0.101000 0.024300 0.143800 0.130100 0.055900 0.122500 0.082200 0.128400 0.115000 0.068300 0.081700 0.109000 0.024400 0.114400 0.102200 0.102600 0.106200 0.123000 0.107600 0.116000 0.018200 0.115200 0.000000 0.143900 0.081600 0.109100 0.095300 0.102100 0.068900 0.116100 0.102300 0.108700 0.113700 0.088900 0.106800 0.150400 0.094000 0.062400 0.107900 0.107900 0.101200 0.102200 0.068900 0.023900 0.018300
MuntiacusR 0.124100 0.207800 0.130200 0.264100 0.121800 0.124100 0.139300 0.122500 0.130600 0.012200 0.138600 0.096000 0.123700 0.103300 0.123200 0.137000 0.095800 0.109800 0.130700 0.130900 0.122400 0.110100 0.090200 0.095200 0.138300 0.129300 0.117200 0.137400 0.137300 0.143900 0.000000 0.102500 0.138500 0.109900 0.103000 0.124000 0.124200 0.124000 0.123400 0.089200 0.096600 0.128300 0.018300 0.076200 0.117000 0.115900 0.129700 0.109200 0.124000 0.089600 0.142400 0.138400
HarveysDui 0.043100 0.162800 0.081800 0.223300 0.024200 0.049400 0.043400 0.048700 0.082000 0.102500 0.055900 0.054900 0.055600 0.012100 0.055200 0.042700 0.036900 0.049800 0.061900 0.082300 0.042500 0.030500 0.096200 0.094600 0.055800 0.036300 0.049400 0.088500 0.042800 0.081600 0.102500 0.000000 0.116400 0.030500 0.036700 0.062700 0.043100 0.030500 0.049100 0.075500 0.076000 0.036000 0.108900 0.075600 0.056300 0.036400 0.036400 0.042800 0.036700 0.049900 0.080700 0.089200
Pronghorn 0.138500 0.201400 0.136800 0.266900 0.116600 0.138500 0.146700 0.122600 0.123300 0.138200 0.139100 0.103100 0.137900 0.117300 0.144000 0.137300 0.088800 0.102700 0.131100 0.123600 0.122800 0.124100 0.131600 0.122700 0.145800 0.129500 0.131300 0.130000 0.137500 0.109100 0.138500 0.116400 0.000000 0.110100 0.124000 0.116800 0.138600 0.124200 0.116800 0.109300 0.096600 0.121600 0.144800 0.109700 0.110000 0.116000 0.122800 0.122900 0.096700 0.096100 0.134900 0.117300
BlueWildeb 0.037000 0.163300 0.095600 0.208700 0.030500 0.030700 0.056400 0.030300 0.095800 0.096200 0.049800 0.062700 0.024200 0.030700 0.074200 0.036700 0.043500 0.056500 0.055800 0.096100 0.036500 0.024500 0.103500 0.101600 0.049700 0.030300 0.018200 0.102400 0.036700 0.095300 0.109900 0.030500 0.110100 0.000000 0.030700 0.076200 0.037000 0.037000 0.030500 0.082500 0.069700 0.030100 0.102600 0.082700 0.069600 0.042800 0.030400 0.049400 0.018300 0.062600 0.094400 0.103200
Gemsbok 0.030700 0.163100 0.089000 0.247400 0.036700 0.037000 0.063000 0.048900 0.089100 0.089400 0.043400 0.062600 0.043100 0.037000 0.081300 0.042900 0.056300 0.069600 0.049400 0.089300 0.030300 0.018300 0.117400 0.095000 0.030700 0.036500 0.037000 0.095700 0.043000 0.102100 0.103000 0.036700 0.124000 0.030700 0.000000 0.069600 0.030700 0.043200 0.043100 0.082600 0.083000 0.036200 0.095800 0.082700 0.063100 0.049100 0.036600 0.055700 0.049600 0.056600 0.101100 0.096400
Yak 0.083100 0.155700 0.069000 0.232900 0.075900 0.083100 0.083700 0.095100 0.056300 0.124000 0.083400 0.037200 0.089500 0.063200 0.109000 0.095800 0.049700 0.062800 0.102900 0.056400 0.095300 0.069700 0.117200 0.082600 0.076600 0.088500 0.083100 0.062600 0.095900 0.068900 0.124000 0.062700 0.116800 0.076200 0.069600 0.000000 0.083100 0.083100 0.102800 0.069100 0.096400 0.087800 0.130400 0.082500 0.006100 0.088800 0.088800 0.082100 0.083000 0.050000 0.081000 0.063100
BlueSheep 0.024600 0.171600 0.102700 0.256600 0.043100 0.030800 0.056800 0.055400 0.102900 0.110200 0.024600 0.069400 0.049700 0.043500 0.088200 0.049400 0.069500 0.083100 0.043300 0.103200 0.049100 0.012200 0.131900 0.116200 0.024600 0.042900 0.043500 0.109600 0.049500 0.116100 0.124200 0.043100 0.138600 0.037000 0.030700 0.083100 0.000000 0.049800 0.055900 0.096300 0.096800 0.042500 0.116700 0.096400 0.076500 0.055700 0.043000 0.062300 0.049800 0.069900 0.114800 0.110500
BohorReedb 0.049700 0.171100 0.102600 0.247500 0.030500 0.056200 0.056500 0.055300 0.102800 0.110000 0.062800 0.069400 0.062400 0.030800 0.074900 0.049300 0.056400 0.069700 0.068800 0.103100 0.049100 0.037000 0.117600 0.116000 0.062700 0.042800 0.056200 0.109500 0.049400 0.102300 0.124000 0.030500 0.124200 0.037000 0.043200 0.083100 0.049800 0.000000 0.055800 0.096100 0.083100 0.042500 0.116500 0.096300 0.076400 0.042900 0.042900 0.049400 0.043300 0.069800 0.101200 0.110300
KirksDik 0.055900 0.163300 0.122600 0.224100 0.049200 0.062300 0.075800 0.061400 0.122800 0.109500 0.069000 0.081200 0.055700 0.049500 0.094200 0.055400 0.075600 0.089200 0.062100 0.123100 0.048800 0.043100 0.124200 0.108300 0.068800 0.048800 0.049500 0.129500 0.055500 0.108700 0.123400 0.049100 0.116800 0.030500 0.043100 0.102800 0.055900 0.055800 0.000000 0.102400 0.089600 0.048500 0.115900 0.095800 0.096000 0.049000 0.049000 0.068400 0.049500 0.089400 0.120900 0.116800
RoeDeer 0.096200 0.162100 0.100300 0.232000 0.088900 0.096200 0.096900 0.108200 0.100600 0.089200 0.110100 0.087100 0.095800 0.076100 0.101800 0.108900 0.055800 0.069000 0.116100 0.100800 0.108300 0.082600 0.096000 0.062500 0.103100 0.101500 0.089400 0.107200 0.109100 0.113700 0.089200 0.075500 0.109300 0.082500 0.082600 0.069100 0.096300 0.096100 0.102400 0.000000 0.075800 0.100800 0.095600 0.049600 0.062600 0.088500 0.095100 0.095100 0.082600 0.062500 0.112500 0.108000
WhiteLippe 0.096700 0.186300 0.102500 0.250100 0.076000 0.096700 0.104400 0.095300 0.102800 0.083100 0.110800 0.075000 0.096400 0.076500 0.116000 0.082600 0.056200 0.069500 0.089800 0.103000 0.095400 0.083100 0.031000 0.088600 0.103700 0.088700 0.089900 0.109400 0.096100 0.088900 0.096600 0.076000 0.096600 0.069700 0.083000 0.096400 0.096800 0.083100 0.089600 0.075800 0.000000 0.088000 0.089500 0.063000 0.089700 0.089000 0.088900 0.082300 0.083100 0.063000 0.101000 0.096800
ThomsonGaz 0.042500 0.174700 0.107200 0.251100 0.036100 0.048700 0.061800 0.048100 0.107300 0.114500 0.055100 0.079800 0.042400 0.036300 0.054500 0.029900 0.061600 0.074700 0.061100 0.107600 0.029800 0.030100 0.122000 0.120600 0.055000 0.011800 0.048800 0.113900 0.030000 0.106800 0.128300 0.036000 0.121600 0.030100 0.036200 0.087800 0.042500 0.042500 0.048500 0.100800 0.088000 0.000000 0.120900 0.101000 0.081300 0.048200 0.023800 0.054700 0.048700 0.074800 0.092700 0.114700
MuntiacusC 0.116600 0.199100 0.136700 0.270900 0.114000 0.116600 0.138600 0.115100 0.136900 0.006000 0.130900 0.107900 0.116200 0.109700 0.129600 0.129400 0.102200 0.116300 0.123100 0.137300 0.115000 0.102700 0.096600 0.101700 0.130600 0.121800 0.109700 0.143800 0.129700 0.150400 0.018300 0.108900 0.144800 0.102600 0.095800 0.130400 0.116700 0.116500 0.115900 0.095600 0.089500 0.120900 0.000000 0.082500 0.123500 0.108600 0.122200 0.101900 0.116500 0.095900 0.148800 0.144900
WhiteTaile 0.096300 0.177600 0.080800 0.232800 0.089000 0.096300 0.110800 0.108300 0.081000 0.076200 0.110200 0.074300 0.096000 0.076200 0.115600 0.109000 0.055900 0.069100 0.102800 0.081200 0.108500 0.082800 0.082800 0.036600 0.103200 0.101700 0.089500 0.087500 0.109300 0.094000 0.076200 0.075600 0.109700 0.082700 0.082700 0.082500 0.096400 0.096300 0.095800 0.049600 0.063000 0.101000 0.082500 0.000000 0.075900 0.088700 0.102000 0.095300 0.096200 0.049800 0.093000 0.088200
Cattle 0.076500 0.155700 0.062500 0.233000 0.069400 0.076400 0.077000 0.088500 0.049900 0.117000 0.076700 0.030900 0.082800 0.056700 0.102300 0.089100 0.043300 0.056300 0.096100 0.050000 0.088600 0.063100 0.110300 0.076000 0.070000 0.081900 0.076400 0.056200 0.089200 0.062400 0.117000 0.056300 0.110000 0.069600 0.063100 0.006100 0.076500 0.076400 0.096000 0.062600 0.089700 0.081300 0.123500 0.075900 0.000000 0.082200 0.082100 0.075600 0.076300 0.043600 0.074600 0.056600
RoyalAntel 0.055600 0.169400 0.108300 0.230300 0.036400 0.062000 0.062400 0.061100 0.108500 0.102200 0.068600 0.080600 0.068200 0.036700 0.080600 0.055100 0.062200 0.075500 0.074600 0.108800 0.042400 0.042900 0.109500 0.108100 0.068500 0.048600 0.062000 0.115100 0.055200 0.107900 0.115900 0.036400 0.116000 0.042800 0.049100 0.088800 0.055700 0.042900 0.049000 0.088500 0.089000 0.048200 0.108600 0.088700 0.082200 0.000000 0.048700 0.049000 0.049200 0.062700 0.106900 0.102500
Steenbok 0.036700 0.169500 0.108200 0.254000 0.036400 0.043000 0.062400 0.048600 0.108400 0.115700 0.055700 0.080900 0.042800 0.036700 0.061400 0.042600 0.062200 0.075500 0.061700 0.108700 0.042400 0.030400 0.123300 0.122000 0.055600 0.024000 0.049300 0.115100 0.042500 0.107900 0.129700 0.036400 0.122800 0.030400 0.036600 0.088800 0.043000 0.042900 0.049000 0.095100 0.088900 0.023800 0.122200 0.102000 0.082100 0.048700 0.000000 0.055300 0.042900 0.075600 0.093600 0.115900
Impala 0.062300 0.169400 0.101500 0.238400 0.042800 0.068800 0.069200 0.048900 0.101700 0.095500 0.075500 0.068600 0.075100 0.043200 0.074700 0.061800 0.055800 0.069000 0.081500 0.102000 0.055200 0.049400 0.096100 0.114800 0.075300 0.055100 0.068800 0.108300 0.061900 0.101200 0.109200 0.042800 0.122900 0.049400 0.055700 0.082100 0.062300 0.049400 0.068400 0.095100 0.082300 0.054700 0.101900 0.095300 0.075600 0.049000 0.055300 0.000000 0.055800 0.069100 0.100200 0.109100
Klipspring 0.049800 0.156100 0.102500 0.224600 0.036800 0.043400 0.056500 0.036600 0.102700 0.110000 0.050000 0.069300 0.043300 0.037000 0.068400 0.055700 0.056300 0.069600 0.068900 0.103000 0.055400 0.037000 0.117500 0.115600 0.062700 0.049100 0.037100 0.109400 0.055800 0.102200 0.124000 0.036700 0.096700 0.018300 0.049600 0.083000 0.049800 0.043300 0.049500 0.082600 0.083100 0.048700 0.116500 0.096200 0.076300 0.049200 0.042900 0.055800 0.000000 0.069800 0.101200 0.110200
ForestMusk 0.069900 0.155900 0.056100 0.225300 0.062900 0.069900 0.070500 0.081900 0.056200 0.089500 0.083400 0.037200 0.075600 0.050200 0.094900 0.082500 0.030700 0.043400 0.076200 0.056400 0.082100 0.056700 0.083000 0.061200 0.076600 0.075400 0.069300 0.062600 0.082600 0.068900 0.089600 0.049900 0.096100 0.062600 0.056600 0.050000 0.069900 0.069800 0.089400 0.062500 0.063000 0.074800 0.095900 0.049800 0.043600 0.062700 0.075600 0.069100 0.069800 0.000000 0.068100 0.050200
Bushbuck 0.114800 0.196700 0.036300 0.251100 0.094000 0.114700 0.101500 0.100000 0.036400 0.142300 0.128700 0.068000 0.107700 0.081400 0.113600 0.113800 0.067600 0.080800 0.121400 0.036500 0.113300 0.101100 0.114900 0.105100 0.121700 0.093400 0.114800 0.030200 0.114000 0.023900 0.142400 0.080700 0.134900 0.094400 0.101100 0.081000 0.114800 0.101200 0.120900 0.112500 0.101000 0.092700 0.148800 0.093000 0.074600 0.106900 0.093600 0.100200 0.101200 0.068100 0.000000 0.042800
GreaterKud 0.110400 0.193600 0.030700 0.255900 0.102800 0.110400 0.110700 0.122300 0.018400 0.138400 0.124600 0.050100 0.116800 0.089800 0.136700 0.123200 0.075700 0.089300 0.103300 0.018400 0.122500 0.096500 0.110800 0.100200 0.117500 0.115600 0.110300 0.024500 0.123400 0.018300 0.138400 0.089200 0.117300 0.103200 0.096400 0.063100 0.110500 0.110300 0.116800 0.108000 0.096800 0.114700 0.144900 0.088200 0.056600 0.102500 0.115900 0.109100 0.110200 0.050200 0.042800 0.000000
