CODONML (in paml version 4.10.7, June 2023)  /home/rachel/ruminants_paml/6406-phy-tree/ENSBTAT00000020286.fasta.phy
Model: free dN/dS Ratios for branches,  kappa = 2.000 fixed

Codon frequency model: F3x4
ns =  54  ls = 162

Codon usage in sequences
--------------------------------------------------------------------------------------------------------------------------------------
Phe TTT  11  10  11  11  12  11 | Ser TCT   3   3   3   3   3   2 | Tyr TAT   5   5   4   5   4   5 | Cys TGT   0   0   0   0   1   1
    TTC   1   2   1   1   1   2 |     TCC   0   1   0   0   0   1 |     TAC   5   6   6   5   5   4 |     TGC   2   2   2   2   1   1
Leu TTA   1   1   1   1   1   0 |     TCA   2   0   2   2   1   1 | *** TAA   0   0   0   0   0   0 | *** TGA   0   0   0   0   0   0
    TTG   4   3   4   5   5   4 |     TCG   0   0   0   0   0   0 |     TAG   0   0   0   0   0   0 | Trp TGG   0   0   0   0   0   0
--------------------------------------------------------------------------------------------------------------------------------------
Leu CTT   1   1   1   0   2   1 | Pro CCT   2   1   2   2   2   1 | His CAT   2   0   2   2   1   1 | Arg CGT   0   0   0   0   0   0
    CTC   5   6   6   7   5   6 |     CCC   1   2   1   1   1   1 |     CAC   1   3   1   1   2   2 |     CGC   1   1   1   1   1   1
    CTA   2   2   2   2   1   2 |     CCA   3   3   2   3   3   2 | Gln CAA   1   1   1   1   2   1 |     CGA   1   0   1   1   1   1
    CTG   3   2   2   1   3   3 |     CCG   1   0   2   1   1   2 |     CAG   6   6   6   6   5   5 |     CGG   1   1   1   1   1   1
--------------------------------------------------------------------------------------------------------------------------------------
Ile ATT   5   4   4   4   5   5 | Thr ACT   0   1   0   0   0   0 | Asn AAT   2   1   3   2   4   1 | Ser AGT   1   1   1   1   2   2
    ATC   3   3   4   4   3   3 |     ACC   3   4   3   3   3   4 |     AAC   8   8   8   8   6   9 |     AGC   4   4   4   4   2   2
    ATA   1   0   1   1   0   0 |     ACA   3   5   4   3   4   5 | Lys AAA   3   3   3   3   4   4 | Arg AGA   1   0   0   0   1   1
Met ATG   6   5   6   6   7   5 |     ACG   1   4   0   1   1   0 |     AAG   6   6   5   6   4   6 |     AGG   1   2   2   2   1   1
--------------------------------------------------------------------------------------------------------------------------------------
Val GTT   1   1   1   1   2   1 | Ala GCT   2   2   2   2   2   3 | Asp GAT   4   4   5   5   6   3 | Gly GGT   5   3   5   5   5   5
    GTC   2   2   2   2   1   1 |     GCC   1   1   1   1   2   1 |     GAC   9   8   8   8   8  10 |     GGC   3   3   2   2   2   3
    GTA   1   2   1   1   1   1 |     GCA   3   2   3   2   3   2 | Glu GAA   2   2   1   1   2   2 |     GGA   3   5   4   4   4   4
    GTG   7   7   7   7   6   9 |     GCG   0   1   0   1   0   1 |     GAG   5   5   6   6   5   5 |     GGG   1   1   1   1   1   1
--------------------------------------------------------------------------------------------------------------------------------------

--------------------------------------------------------------------------------------------------------------------------------------
Phe TTT  11  11  11  11  11  11 | Ser TCT   3   3   3   3   3   3 | Tyr TAT   4   5   4   4   4   5 | Cys TGT   0   0   0   0   0   0
    TTC   1   1   1   1   1   1 |     TCC   0   0   0   0   0   0 |     TAC   6   5   6   6   6   5 |     TGC   2   2   2   2   2   2
Leu TTA   1   1   1   1   1   1 |     TCA   2   2   2   2   2   2 | *** TAA   0   0   0   0   0   0 | *** TGA   0   0   0   0   0   0
    TTG   4   4   4   4   4   2 |     TCG   0   0   0   0   0   0 |     TAG   0   0   0   0   0   0 | Trp TGG   0   0   0   0   0   0
--------------------------------------------------------------------------------------------------------------------------------------
Leu CTT   1   1   1   1   1   1 | Pro CCT   2   2   2   2   2   2 | His CAT   2   2   1   2   2   1 | Arg CGT   0   0   1   0   0   1
    CTC   6   5   6   6   6   6 |     CCC   1   1   1   1   1   1 |     CAC   1   1   1   1   1   1 |     CGC   1   1   1   1   1   1
    CTA   2   2   2   2   2   2 |     CCA   2   3   2   3   3   2 | Gln CAA   0   1   1   1   1   1 |     CGA   1   1   1   1   1   1
    CTG   2   3   2   2   2   4 |     CCG   2   1   2   1   1   2 |     CAG   7   6   6   6   6   5 |     CGG   1   1   1   1   1   2
--------------------------------------------------------------------------------------------------------------------------------------
Ile ATT   5   5   4   4   4   4 | Thr ACT   0   0   0   0   0   0 | Asn AAT   2   2   2   2   2   2 | Ser AGT   2   1   1   1   1   2
    ATC   3   3   4   4   4   4 |     ACC   3   3   3   3   3   3 |     AAC   8   8   8   8   9   8 |     AGC   3   4   4   4   4   3
    ATA   1   1   1   1   1   1 |     ACA   3   3   3   3   4   4 | Lys AAA   3   3   4   3   3   3 | Arg AGA   0   1   0   0   0   0
Met ATG   6   6   6   6   6   5 |     ACG   1   1   1   1   0   1 |     AAG   6   6   5   6   5   6 |     AGG   2   1   2   2   2   1
--------------------------------------------------------------------------------------------------------------------------------------
Val GTT   1   1   1   1   1   1 | Ala GCT   2   2   2   2   2   2 | Asp GAT   5   4   4   5   5   5 | Gly GGT   5   5   5   5   5   5
    GTC   2   2   2   2   2   2 |     GCC   1   1   1   1   1   1 |     GAC   8   9   9   8   8   8 |     GGC   2   2   2   2   2   2
    GTA   1   1   1   1   1   1 |     GCA   3   3   3   3   3   2 | Glu GAA   1   2   1   1   1   1 |     GGA   4   4   4   4   4   4
    GTG   7   7   7   7   7   7 |     GCG   0   0   0   0   0   1 |     GAG   6   5   6   6   6   7 |     GGG   1   1   1   1   1   1
--------------------------------------------------------------------------------------------------------------------------------------

--------------------------------------------------------------------------------------------------------------------------------------
Phe TTT  11  11  11  11  11  11 | Ser TCT   3   3   3   3   3   3 | Tyr TAT   4   4   4   4   4   4 | Cys TGT   0   0   0   0   0   0
    TTC   1   1   1   1   1   1 |     TCC   0   0   0   0   0   0 |     TAC   6   6   6   6   6   6 |     TGC   2   2   2   2   2   2
Leu TTA   1   1   1   1   1   1 |     TCA   2   1   2   2   2   2 | *** TAA   0   0   0   0   0   0 | *** TGA   0   0   0   0   0   0
    TTG   4   4   4   4   4   4 |     TCG   0   1   0   0   0   0 |     TAG   0   0   0   0   0   0 | Trp TGG   0   0   0   0   0   0
--------------------------------------------------------------------------------------------------------------------------------------
Leu CTT   1   1   1   1   1   1 | Pro CCT   2   2   2   2   2   1 | His CAT   2   2   2   1   1   2 | Arg CGT   0   0   0   1   1   0
    CTC   6   6   6   6   6   6 |     CCC   1   1   1   1   1   2 |     CAC   1   1   1   1   1   1 |     CGC   1   1   1   1   1   1
    CTA   2   2   2   2   2   2 |     CCA   3   2   3   2   2   2 | Gln CAA   1   1   1   1   2   2 |     CGA   1   1   1   1   1   1
    CTG   2   2   2   2   2   2 |     CCG   1   2   1   2   2   2 |     CAG   6   6   6   6   5   5 |     CGG   1   1   1   1   1   1
--------------------------------------------------------------------------------------------------------------------------------------
Ile ATT   4   4   4   4   4   4 | Thr ACT   0   0   0   0   0   0 | Asn AAT   1   2   3   2   2   1 | Ser AGT   1   2   1   1   1   1
    ATC   4   4   4   4   4   4 |     ACC   3   3   3   3   3   3 |     AAC   9   8   7   8   8   9 |     AGC   4   3   4   4   3   4
    ATA   1   1   1   1   1   1 |     ACA   3   3   3   3   3   3 | Lys AAA   3   3   3   3   3   3 | Arg AGA   0   0   0   0   1   0
Met ATG   6   6   6   7   6   6 |     ACG   1   1   1   0   1   1 |     AAG   6   6   6   6   6   6 |     AGG   2   2   2   2   2   2
--------------------------------------------------------------------------------------------------------------------------------------
Val GTT   1   1   1   1   1   1 | Ala GCT   2   2   2   2   2   2 | Asp GAT   4   5   6   5   5   5 | Gly GGT   5   5   5   5   5   5
    GTC   2   2   2   2   2   2 |     GCC   1   1   1   1   1   1 |     GAC   9   8   7   8   8   8 |     GGC   2   2   2   2   2   2
    GTA   1   1   1   1   1   1 |     GCA   2   3   3   3   3   3 | Glu GAA   2   1   2   1   1   1 |     GGA   4   4   4   4   4   4
    GTG   7   7   7   7   7   7 |     GCG   1   0   0   0   0   0 |     GAG   5   6   5   6   6   6 |     GGG   1   1   1   1   1   1
--------------------------------------------------------------------------------------------------------------------------------------

--------------------------------------------------------------------------------------------------------------------------------------
Phe TTT  11  11  11  11  11  11 | Ser TCT   3   3   2   3   3   3 | Tyr TAT   4   4   4   4   4   4 | Cys TGT   0   0   0   0   0   0
    TTC   1   1   1   1   1   1 |     TCC   0   0   0   0   0   0 |     TAC   6   6   6   6   6   6 |     TGC   2   2   2   2   2   2
Leu TTA   1   1   1   1   1   1 |     TCA   2   2   2   2   2   2 | *** TAA   0   0   0   0   0   0 | *** TGA   0   0   0   0   0   0
    TTG   4   4   4   4   4   4 |     TCG   0   0   1   0   0   0 |     TAG   0   0   0   0   0   0 | Trp TGG   0   0   0   0   0   0
--------------------------------------------------------------------------------------------------------------------------------------
Leu CTT   2   2   1   1   1   1 | Pro CCT   2   2   2   2   1   2 | His CAT   2   2   2   2   2   2 | Arg CGT   0   0   0   0   0   0
    CTC   5   5   6   6   6   6 |     CCC   1   1   1   1   2   1 |     CAC   1   1   1   1   1   1 |     CGC   1   1   1   1   1   1
    CTA   2   2   2   2   2   2 |     CCA   3   4   3   2   2   3 | Gln CAA   1   1   1   1   1   1 |     CGA   1   1   1   1   1   1
    CTG   2   2   2   2   2   2 |     CCG   1   0   1   2   2   1 |     CAG   6   6   6   6   6   6 |     CGG   1   1   1   1   1   1
--------------------------------------------------------------------------------------------------------------------------------------
Ile ATT   5   4   4   4   4   4 | Thr ACT   0   0   0   0   0   0 | Asn AAT   1   1   2   2   2   1 | Ser AGT   1   1   2   1   2   1
    ATC   3   4   4   4   4   4 |     ACC   3   3   3   3   3   3 |     AAC  10   8   8   9   8   9 |     AGC   4   5   3   4   3   4
    ATA   1   1   1   1   1   1 |     ACA   3   3   3   4   3   3 | Lys AAA   3   4   3   3   3   3 | Arg AGA   0   0   0   0   0   0
Met ATG   6   6   6   6   6   6 |     ACG   1   1   1   0   1   1 |     AAG   5   5   6   5   6   6 |     AGG   2   2   2   2   2   2
--------------------------------------------------------------------------------------------------------------------------------------
Val GTT   1   1   1   1   1   1 | Ala GCT   2   2   2   2   2   2 | Asp GAT   5   5   5   5   5   4 | Gly GGT   5   5   5   5   5   5
    GTC   2   2   2   2   2   2 |     GCC   1   1   1   1   1   1 |     GAC   8   8   8   8   8   9 |     GGC   2   2   2   2   2   2
    GTA   1   1   1   1   1   1 |     GCA   2   2   3   3   3   2 | Glu GAA   1   1   2   1   1   2 |     GGA   4   4   4   4   4   4
    GTG   7   7   7   7   7   7 |     GCG   1   1   0   0   0   1 |     GAG   6   6   5   6   6   5 |     GGG   1   1   1   1   1   1
--------------------------------------------------------------------------------------------------------------------------------------

--------------------------------------------------------------------------------------------------------------------------------------
Phe TTT  11  11  11  11  11  11 | Ser TCT   3   3   3   3   3   3 | Tyr TAT   5   5   4   4   4   4 | Cys TGT   0   0   0   0   0   0
    TTC   1   1   1   1   1   1 |     TCC   0   0   0   0   0   0 |     TAC   5   5   6   6   6   6 |     TGC   2   2   2   2   2   2
Leu TTA   1   1   1   1   1   1 |     TCA   2   2   2   2   2   2 | *** TAA   0   0   0   0   0   0 | *** TGA   0   0   0   0   0   0
    TTG   3   3   4   4   4   4 |     TCG   0   0   0   0   0   0 |     TAG   0   0   0   0   0   0 | Trp TGG   0   0   0   0   0   0
--------------------------------------------------------------------------------------------------------------------------------------
Leu CTT   1   1   1   1   1   1 | Pro CCT   2   2   2   1   2   2 | His CAT   2   2   2   2   2   2 | Arg CGT   0   0   0   0   0   0
    CTC   6   6   6   6   6   6 |     CCC   1   1   1   2   1   1 |     CAC   1   1   1   1   1   1 |     CGC   1   1   1   1   1   1
    CTA   2   2   2   2   2   2 |     CCA   2   2   3   2   3   3 | Gln CAA   1   1   1   2   1   1 |     CGA   1   1   1   1   1   1
    CTG   3   3   2   2   2   2 |     CCG   2   2   1   2   1   1 |     CAG   5   6   6   5   6   6 |     CGG   1   1   1   1   1   1
--------------------------------------------------------------------------------------------------------------------------------------
Ile ATT   4   4   4   4   4   4 | Thr ACT   0   0   0   0   0   0 | Asn AAT   2   2   1   2   2   2 | Ser AGT   2   2   1   1   1   1
    ATC   4   4   4   4   4   4 |     ACC   3   3   3   3   3   3 |     AAC   8   8   9   8   8   9 |     AGC   3   3   4   4   4   4
    ATA   1   1   1   1   1   1 |     ACA   4   3   3   3   4   4 | Lys AAA   3   3   3   3   3   3 | Arg AGA   0   0   0   0   0   0
Met ATG   5   5   6   6   6   6 |     ACG   1   2   1   1   0   0 |     AAG   6   5   6   6   6   5 |     AGG   2   2   2   2   2   2
--------------------------------------------------------------------------------------------------------------------------------------
Val GTT   1   0   1   1   1   1 | Ala GCT   2   2   2   2   2   2 | Asp GAT   5   4   4   5   6   5 | Gly GGT   5   5   5   5   5   5
    GTC   2   3   2   2   2   2 |     GCC   1   1   1   1   1   1 |     GAC   8   9   9   8   7   8 |     GGC   2   2   2   2   2   2
    GTA   1   1   1   1   1   1 |     GCA   2   2   2   3   3   3 | Glu GAA   1   1   2   1   2   1 |     GGA   4   4   4   4   4   4
    GTG   7   7   7   7   7   7 |     GCG   1   1   1   0   0   0 |     GAG   7   7   5   6   5   6 |     GGG   1   1   1   1   1   1
--------------------------------------------------------------------------------------------------------------------------------------

--------------------------------------------------------------------------------------------------------------------------------------
Phe TTT  11  11  11  11  11  11 | Ser TCT   3   3   3   3   3   3 | Tyr TAT   4   4   5   4   4   4 | Cys TGT   0   0   0   0   0   0
    TTC   1   1   1   1   1   1 |     TCC   0   0   0   0   0   0 |     TAC   6   6   5   6   6   6 |     TGC   2   2   2   2   2   2
Leu TTA   1   1   1   1   1   1 |     TCA   2   2   2   1   2   2 | *** TAA   0   0   0   0   0   0 | *** TGA   0   0   0   0   0   0
    TTG   4   4   2   4   4   4 |     TCG   0   0   0   0   0   0 |     TAG   0   0   0   0   0   0 | Trp TGG   0   0   0   0   0   0
--------------------------------------------------------------------------------------------------------------------------------------
Leu CTT   2   1   2   1   1   1 | Pro CCT   1   2   2   2   2   2 | His CAT   2   2   2   1   3   2 | Arg CGT   0   0   0   1   0   0
    CTC   5   6   5   6   6   6 |     CCC   2   1   1   1   1   1 |     CAC   1   1   1   1   0   1 |     CGC   1   1   1   1   1   1
    CTA   2   2   2   2   2   2 |     CCA   2   2   3   3   2   3 | Gln CAA   2   1   1   1   1   1 |     CGA   1   1   1   1   1   1
    CTG   2   2   4   2   2   2 |     CCG   2   2   1   2   2   1 |     CAG   5   6   5   6   6   6 |     CGG   1   1   2   1   2   1
--------------------------------------------------------------------------------------------------------------------------------------
Ile ATT   4   4   4   4   4   4 | Thr ACT   0   0   0   0   0   0 | Asn AAT   2   2   2   2   1   2 | Ser AGT   1   1   2   1   1   1
    ATC   4   4   4   4   4   4 |     ACC   3   3   3   3   3   3 |     AAC   8   9   8   8   9   8 |     AGC   4   4   3   4   4   4
    ATA   1   1   1   1   1   1 |     ACA   3   4   4   3   3   3 | Lys AAA   3   3   3   3   3   3 | Arg AGA   0   0   0   0   0   0
Met ATG   6   6   5   6   6   6 |     ACG   1   0   1   1   1   1 |     AAG   6   5   6   6   6   6 |     AGG   2   2   1   2   1   2
--------------------------------------------------------------------------------------------------------------------------------------
Val GTT   1   1   1   1   1   1 | Ala GCT   2   2   2   2   2   2 | Asp GAT   5   5   5   5   5   6 | Gly GGT   5   5   5   5   5   5
    GTC   2   2   2   2   2   2 |     GCC   1   1   1   1   1   1 |     GAC   8   8   8   8   8   7 |     GGC   2   2   2   2   2   2
    GTA   1   1   1   1   2   1 |     GCA   3   3   2   3   2   3 | Glu GAA   1   1   1   2   1   2 |     GGA   4   4   4   4   4   4
    GTG   7   7   7   7   6   7 |     GCG   0   0   1   0   1   0 |     GAG   6   6   7   5   6   5 |     GGG   1   1   1   1   1   1
--------------------------------------------------------------------------------------------------------------------------------------

--------------------------------------------------------------------------------------------------------------------------------------
Phe TTT  11  11  11  11  11  11 | Ser TCT   3   3   3   3   3   3 | Tyr TAT   4   4   4   4   4   5 | Cys TGT   0   0   0   0   0   0
    TTC   1   1   1   1   1   1 |     TCC   0   0   0   0   0   0 |     TAC   6   6   6   6   6   5 |     TGC   2   2   2   2   2   2
Leu TTA   1   1   1   1   1   1 |     TCA   2   2   2   2   2   2 | *** TAA   0   0   0   0   0   0 | *** TGA   0   0   0   0   0   0
    TTG   4   4   4   4   4   3 |     TCG   0   0   0   0   0   0 |     TAG   0   0   0   0   0   0 | Trp TGG   0   0   0   0   0   0
--------------------------------------------------------------------------------------------------------------------------------------
Leu CTT   2   1   1   1   1   1 | Pro CCT   2   2   2   2   1   2 | His CAT   2   2   2   2   2   2 | Arg CGT   0   0   0   0   0   0
    CTC   5   6   6   6   6   6 |     CCC   1   1   1   1   2   1 |     CAC   1   1   1   1   1   1 |     CGC   1   1   1   1   1   1
    CTA   2   2   2   2   2   2 |     CCA   3   2   3   2   2   2 | Gln CAA   1   1   1   0   1   1 |     CGA   1   1   1   1   1   1
    CTG   2   2   2   2   2   3 |     CCG   1   2   1   2   2   2 |     CAG   6   6   6   7   6   6 |     CGG   1   1   1   1   1   1
--------------------------------------------------------------------------------------------------------------------------------------
Ile ATT   4   4   4   5   4   4 | Thr ACT   0   0   0   0   0   0 | Asn AAT   2   2   2   2   2   3 | Ser AGT   1   1   1   1   1   2
    ATC   4   4   4   3   4   5 |     ACC   3   3   3   3   3   3 |     AAC   8   8   8   8   8   7 |     AGC   4   4   4   4   4   3
    ATA   1   1   1   1   1   0 |     ACA   3   3   3   3   3   4 | Lys AAA   3   3   3   3   3   3 | Arg AGA   0   0   1   0   0   0
Met ATG   6   6   6   6   6   5 |     ACG   1   1   1   1   1   1 |     AAG   6   6   6   6   6   6 |     AGG   2   2   1   2   2   2
--------------------------------------------------------------------------------------------------------------------------------------
Val GTT   1   1   1   1   1   1 | Ala GCT   2   2   2   2   2   2 | Asp GAT   6   5   4   5   5   5 | Gly GGT   4   5   5   5   5   5
    GTC   2   2   2   2   2   2 |     GCC   1   1   1   1   1   1 |     GAC   7   8   9   8   8   8 |     GGC   2   2   2   2   2   2
    GTA   1   1   1   1   1   1 |     GCA   3   3   3   3   3   2 | Glu GAA   2   1   2   1   1   1 |     GGA   4   4   4   4   4   4
    GTG   7   7   7   7   7   7 |     GCG   0   0   0   0   0   1 |     GAG   5   6   5   6   6   6 |     GGG   2   1   1   1   1   1
--------------------------------------------------------------------------------------------------------------------------------------

--------------------------------------------------------------------------------------------------------------------------------------
Phe TTT  11  11  11  11  11  11 | Ser TCT   3   3   3   3   3   2 | Tyr TAT   5   4   5   5   4   4 | Cys TGT   0   0   0   0   0   0
    TTC   1   1   1   1   1   1 |     TCC   0   0   0   0   0   0 |     TAC   5   6   5   5   6   6 |     TGC   2   2   2   2   2   2
Leu TTA   1   1   1   1   1   1 |     TCA   2   2   2   2   2   2 | *** TAA   0   0   0   0   0   0 | *** TGA   0   0   0   0   0   0
    TTG   3   4   2   3   4   4 |     TCG   0   0   0   0   0   1 |     TAG   0   0   0   0   0   0 | Trp TGG   0   0   0   0   0   0
--------------------------------------------------------------------------------------------------------------------------------------
Leu CTT   1   1   1   1   1   1 | Pro CCT   2   1   2   2   2   1 | His CAT   2   2   1   2   2   2 | Arg CGT   0   0   1   0   0   0
    CTC   6   6   6   6   6   6 |     CCC   1   2   1   1   1   2 |     CAC   1   1   1   1   1   1 |     CGC   1   1   1   1   1   1
    CTA   2   2   2   2   2   2 |     CCA   2   2   2   3   2   3 | Gln CAA   1   2   1   1   1   1 |     CGA   1   1   1   1   1   1
    CTG   3   2   4   3   2   2 |     CCG   2   2   2   1   2   1 |     CAG   5   5   5   6   6   6 |     CGG   1   1   2   1   1   1
--------------------------------------------------------------------------------------------------------------------------------------
Ile ATT   4   4   4   4   4   4 | Thr ACT   0   0   0   0   0   0 | Asn AAT   2   2   2   2   2   3 | Ser AGT   2   1   2   2   1   1
    ATC   4   4   4   4   4   4 |     ACC   3   3   3   3   3   3 |     AAC   8   8   8   8   8   7 |     AGC   3   4   3   3   4   4
    ATA   1   1   1   1   1   1 |     ACA   4   3   4   3   3   3 | Lys AAA   3   3   3   3   3   4 | Arg AGA   0   0   0   0   0   0
Met ATG   5   6   5   5   6   6 |     ACG   1   1   1   2   1   1 |     AAG   6   6   6   5   6   5 |     AGG   2   2   1   2   2   2
--------------------------------------------------------------------------------------------------------------------------------------
Val GTT   1   1   2   0   1   1 | Ala GCT   2   2   2   2   2   2 | Asp GAT   5   4   5   4   5   5 | Gly GGT   5   5   5   5   5   5
    GTC   2   2   1   3   2   2 |     GCC   1   1   1   1   1   1 |     GAC   8   9   8   9   8   8 |     GGC   2   2   2   2   2   2
    GTA   1   1   1   1   1   1 |     GCA   2   3   2   2   3   3 | Glu GAA   1   1   1   1   1   1 |     GGA   4   4   4   4   4   4
    GTG   7   7   7   7   7   7 |     GCG   1   0   1   1   0   0 |     GAG   7   6   7   7   6   6 |     GGG   1   1   1   1   1   1
--------------------------------------------------------------------------------------------------------------------------------------

--------------------------------------------------------------------------------------------------------------------------------------
Phe TTT  11  11  11  11  11  11 | Ser TCT   3   3   3   3   3   3 | Tyr TAT   4   4   4   5   4   4 | Cys TGT   0   0   0   0   0   0
    TTC   1   1   1   1   1   1 |     TCC   0   0   0   0   0   0 |     TAC   6   6   6   5   6   6 |     TGC   2   2   2   2   2   2
Leu TTA   1   1   2   1   1   1 |     TCA   2   2   2   2   2   2 | *** TAA   0   0   0   0   0   0 | *** TGA   0   0   0   0   0   0
    TTG   4   4   3   5   4   4 |     TCG   0   0   0   0   0   0 |     TAG   0   0   0   0   0   0 | Trp TGG   0   0   0   0   0   0
--------------------------------------------------------------------------------------------------------------------------------------
Leu CTT   2   1   1   0   1   1 | Pro CCT   1   2   1   2   2   2 | His CAT   2   1   2   2   2   2 | Arg CGT   0   1   0   0   0   0
    CTC   4   6   6   7   6   6 |     CCC   2   1   2   1   1   1 |     CAC   1   1   1   1   1   1 |     CGC   1   1   1   1   1   1
    CTA   3   2   2   2   2   2 |     CCA   2   2   2   3   3   2 | Gln CAA   1   1   1   1   0   1 |     CGA   1   1   1   1   1   1
    CTG   2   2   2   1   2   2 |     CCG   2   2   2   1   1   2 |     CAG   6   6   6   6   7   6 |     CGG   1   1   1   1   1   1
--------------------------------------------------------------------------------------------------------------------------------------
Ile ATT   4   4   4   4   4   4 | Thr ACT   0   0   0   0   0   0 | Asn AAT   2   2   2   2   2   2 | Ser AGT   1   1   1   1   1   1
    ATC   4   4   4   4   4   4 |     ACC   3   3   3   2   3   3 |     AAC   8   8   8   8   9   9 |     AGC   4   4   4   4   4   4
    ATA   1   1   1   1   1   1 |     ACA   4   4   3   3   4   4 | Lys AAA   3   3   3   3   3   3 | Arg AGA   0   0   0   0   0   0
Met ATG   6   6   6   6   6   6 |     ACG   0   0   1   2   0   0 |     AAG   6   6   6   6   5   5 |     AGG   2   2   2   2   2   2
--------------------------------------------------------------------------------------------------------------------------------------
Val GTT   2   1   1   1   1   1 | Ala GCT   2   2   2   2   2   2 | Asp GAT   5   5   5   5   5   5 | Gly GGT   5   5   5   5   5   5
    GTC   1   2   2   2   2   2 |     GCC   1   1   1   1   1   1 |     GAC   8   8   8   8   8   8 |     GGC   2   2   2   2   2   2
    GTA   1   1   1   1   1   1 |     GCA   3   3   3   2   3   3 | Glu GAA   1   1   1   1   1   1 |     GGA   4   4   4   4   4   4
    GTG   7   7   7   7   7   7 |     GCG   0   0   0   1   0   0 |     GAG   6   6   6   6   6   6 |     GGG   1   1   1   1   1   1
--------------------------------------------------------------------------------------------------------------------------------------

Codon position x base (3x4) table for each sequence.

#1: Argali         
position  1:    T:0.20988    C:0.19136    A:0.29630    G:0.30247
position  2:    T:0.33333    C:0.15432    A:0.36420    G:0.14815
position  3:    T:0.27160    C:0.30247    A:0.16667    G:0.25926
Average         T:0.27160    C:0.21605    A:0.27572    G:0.23663

#2: LesserMouseDeer
position  1:    T:0.20370    C:0.17901    A:0.31481    G:0.30247
position  2:    T:0.31481    C:0.18519    A:0.35802    G:0.14198
position  3:    T:0.22840    C:0.34568    A:0.16049    G:0.26543
Average         T:0.24897    C:0.23663    A:0.27778    G:0.23663

#3: LesserKudu     
position  1:    T:0.20988    C:0.19136    A:0.29630    G:0.30247
position  2:    T:0.33333    C:0.15432    A:0.36420    G:0.14815
position  3:    T:0.27160    C:0.30864    A:0.16049    G:0.25926
Average         T:0.27160    C:0.21811    A:0.27366    G:0.23663

#4: ForestMuskDeer2
position  1:    T:0.21605    C:0.18519    A:0.29630    G:0.30247
position  2:    T:0.33333    C:0.15432    A:0.36420    G:0.14815
position  3:    T:0.26543    C:0.30864    A:0.15432    G:0.27160
Average         T:0.27160    C:0.21605    A:0.27160    G:0.24074

#5: Camel          
position  1:    T:0.20988    C:0.19136    A:0.29012    G:0.30864
position  2:    T:0.33951    C:0.16049    A:0.35802    G:0.14198
position  3:    T:0.31481    C:0.26543    A:0.17284    G:0.24691
Average         T:0.28807    C:0.20576    A:0.27366    G:0.23251

#6: KillerWhale    
position  1:    T:0.19753    C:0.18519    A:0.29630    G:0.32099
position  2:    T:0.33333    C:0.16049    A:0.35802    G:0.14815
position  3:    T:0.25926    C:0.31481    A:0.16049    G:0.26543
Average         T:0.26337    C:0.22016    A:0.27160    G:0.24486

#7: DefassaWaterbuck
position  1:    T:0.20988    C:0.19136    A:0.29630    G:0.30247
position  2:    T:0.33333    C:0.15432    A:0.36420    G:0.14815
position  3:    T:0.27778    C:0.29630    A:0.14815    G:0.27778
Average         T:0.27366    C:0.21399    A:0.26955    G:0.24280

#8: Sheep          
position  1:    T:0.20988    C:0.19136    A:0.29630    G:0.30247
position  2:    T:0.33333    C:0.15432    A:0.36420    G:0.14815
position  3:    T:0.27160    C:0.29630    A:0.17284    G:0.25926
Average         T:0.27160    C:0.21399    A:0.27778    G:0.23663

#9: MaxwellsDuiker 
position  1:    T:0.20988    C:0.19136    A:0.29630    G:0.30247
position  2:    T:0.33333    C:0.15432    A:0.35802    G:0.15432
position  3:    T:0.25926    C:0.31481    A:0.16049    G:0.26543
Average         T:0.26749    C:0.22016    A:0.27160    G:0.24074

#10: GazellaPrzewalskyi
position  1:    T:0.20988    C:0.19136    A:0.29630    G:0.30247
position  2:    T:0.33333    C:0.15432    A:0.36420    G:0.14815
position  3:    T:0.26543    C:0.30864    A:0.16049    G:0.26543
Average         T:0.26955    C:0.21811    A:0.27366    G:0.23868

#11: MountainNyala  
position  1:    T:0.20988    C:0.19136    A:0.29630    G:0.30247
position  2:    T:0.33333    C:0.15432    A:0.36420    G:0.14815
position  3:    T:0.26543    C:0.31481    A:0.16667    G:0.25309
Average         T:0.26955    C:0.22016    A:0.27572    G:0.23457

#12: MuntiacusMuntjak
position  1:    T:0.19753    C:0.20370    A:0.29012    G:0.30864
position  2:    T:0.32716    C:0.16049    A:0.35802    G:0.15432
position  3:    T:0.27778    C:0.29630    A:0.15432    G:0.27160
Average         T:0.26749    C:0.22016    A:0.26749    G:0.24486

#13: goat           
position  1:    T:0.20988    C:0.19136    A:0.29630    G:0.30247
position  2:    T:0.33333    C:0.15432    A:0.36420    G:0.14815
position  3:    T:0.25309    C:0.32099    A:0.16049    G:0.26543
Average         T:0.26543    C:0.22222    A:0.27366    G:0.23868

#14: AfricanBuffalo 
position  1:    T:0.20988    C:0.19136    A:0.29630    G:0.30247
position  2:    T:0.33333    C:0.15432    A:0.36420    G:0.14815
position  3:    T:0.27160    C:0.30247    A:0.14815    G:0.27778
Average         T:0.27160    C:0.21605    A:0.26955    G:0.24280

#15: Topi           
position  1:    T:0.20988    C:0.19136    A:0.29630    G:0.30247
position  2:    T:0.33333    C:0.15432    A:0.36420    G:0.14815
position  3:    T:0.27778    C:0.29630    A:0.16667    G:0.25926
Average         T:0.27366    C:0.21399    A:0.27572    G:0.23663

#16: CommonDuiker   
position  1:    T:0.20988    C:0.19136    A:0.29630    G:0.30247
position  2:    T:0.33951    C:0.14815    A:0.35802    G:0.15432
position  3:    T:0.26543    C:0.30864    A:0.15432    G:0.27160
Average         T:0.27160    C:0.21605    A:0.26955    G:0.24280

#17: Suni           
position  1:    T:0.20988    C:0.19136    A:0.29630    G:0.30247
position  2:    T:0.33333    C:0.15432    A:0.35802    G:0.15432
position  3:    T:0.26543    C:0.30247    A:0.16667    G:0.26543
Average         T:0.26955    C:0.21605    A:0.27366    G:0.24074

#18: Springbuck     
position  1:    T:0.20988    C:0.19136    A:0.29630    G:0.30247
position  2:    T:0.33333    C:0.15432    A:0.36420    G:0.14815
position  3:    T:0.25309    C:0.32099    A:0.16049    G:0.26543
Average         T:0.26543    C:0.22222    A:0.27366    G:0.23868

#19: Okapi          
position  1:    T:0.20988    C:0.19136    A:0.29630    G:0.30247
position  2:    T:0.33333    C:0.15432    A:0.36420    G:0.14815
position  3:    T:0.27160    C:0.30864    A:0.15432    G:0.26543
Average         T:0.27160    C:0.21811    A:0.27160    G:0.23868

#20: Giraffe        
position  1:    T:0.20988    C:0.19136    A:0.29630    G:0.30247
position  2:    T:0.33333    C:0.15432    A:0.35802    G:0.15432
position  3:    T:0.26543    C:0.30864    A:0.16667    G:0.25926
Average         T:0.26955    C:0.21811    A:0.27366    G:0.23868

#21: TibetanAntelope
position  1:    T:0.20988    C:0.19136    A:0.29630    G:0.30247
position  2:    T:0.33333    C:0.15432    A:0.36420    G:0.14815
position  3:    T:0.26543    C:0.30247    A:0.16667    G:0.26543
Average         T:0.26955    C:0.21605    A:0.27572    G:0.23868

#22: Sitatunga      
position  1:    T:0.20988    C:0.19136    A:0.29630    G:0.30247
position  2:    T:0.33333    C:0.15432    A:0.36420    G:0.14815
position  3:    T:0.26543    C:0.31481    A:0.16049    G:0.25926
Average         T:0.26955    C:0.22016    A:0.27366    G:0.23663

#23: Oribi          
position  1:    T:0.20988    C:0.19136    A:0.29630    G:0.30247
position  2:    T:0.33333    C:0.15432    A:0.36420    G:0.14815
position  3:    T:0.26543    C:0.30864    A:0.15432    G:0.27160
Average         T:0.26955    C:0.21811    A:0.27160    G:0.24074

#24: BarbarySheep   
position  1:    T:0.20988    C:0.19136    A:0.29630    G:0.30247
position  2:    T:0.33333    C:0.15432    A:0.36420    G:0.14815
position  3:    T:0.25309    C:0.32099    A:0.16049    G:0.26543
Average         T:0.26543    C:0.22222    A:0.27366    G:0.23868

#25: Daviddeer      
position  1:    T:0.20370    C:0.19136    A:0.29630    G:0.30864
position  2:    T:0.32716    C:0.16049    A:0.36420    G:0.14815
position  3:    T:0.27778    C:0.29630    A:0.15432    G:0.27160
Average         T:0.26955    C:0.21605    A:0.27160    G:0.24280

#26: Reindeer       
position  1:    T:0.20370    C:0.19753    A:0.29012    G:0.30864
position  2:    T:0.32716    C:0.16049    A:0.36420    G:0.14815
position  3:    T:0.26543    C:0.30864    A:0.14815    G:0.27778
Average         T:0.26543    C:0.22222    A:0.26749    G:0.24486

#27: Ibex           
position  1:    T:0.20988    C:0.19136    A:0.29630    G:0.30247
position  2:    T:0.33333    C:0.15432    A:0.36420    G:0.14815
position  3:    T:0.25309    C:0.32099    A:0.16049    G:0.26543
Average         T:0.26543    C:0.22222    A:0.27366    G:0.23868

#28: GyrantGazelle  
position  1:    T:0.20988    C:0.19136    A:0.29630    G:0.30247
position  2:    T:0.33333    C:0.15432    A:0.36420    G:0.14815
position  3:    T:0.25926    C:0.31481    A:0.16049    G:0.26543
Average         T:0.26749    C:0.22016    A:0.27366    G:0.23868

#29: Hartebeest     
position  1:    T:0.20988    C:0.19136    A:0.29630    G:0.30247
position  2:    T:0.33333    C:0.15432    A:0.36420    G:0.14815
position  3:    T:0.27160    C:0.30247    A:0.17284    G:0.25309
Average         T:0.27160    C:0.21605    A:0.27778    G:0.23457

#30: Bongo          
position  1:    T:0.20988    C:0.19136    A:0.29630    G:0.30247
position  2:    T:0.33333    C:0.15432    A:0.36420    G:0.14815
position  3:    T:0.26543    C:0.31481    A:0.16667    G:0.25309
Average         T:0.26955    C:0.22016    A:0.27572    G:0.23457

#31: Gerenuk        
position  1:    T:0.20988    C:0.19136    A:0.29630    G:0.30247
position  2:    T:0.33333    C:0.15432    A:0.36420    G:0.14815
position  3:    T:0.26543    C:0.30864    A:0.16049    G:0.26543
Average         T:0.26955    C:0.21811    A:0.27366    G:0.23868

#32: CommonEland    
position  1:    T:0.20988    C:0.19136    A:0.29630    G:0.30247
position  2:    T:0.33333    C:0.15432    A:0.36420    G:0.14815
position  3:    T:0.26543    C:0.31481    A:0.16049    G:0.25926
Average         T:0.26955    C:0.22016    A:0.27366    G:0.23663

#33: MuntiacusReevesi
position  1:    T:0.19753    C:0.20370    A:0.29012    G:0.30864
position  2:    T:0.32716    C:0.16049    A:0.36420    G:0.14815
position  3:    T:0.28395    C:0.29012    A:0.16049    G:0.26543
Average         T:0.26955    C:0.21811    A:0.27160    G:0.24074

#34: HarveysDuiker  
position  1:    T:0.20370    C:0.19753    A:0.29630    G:0.30247
position  2:    T:0.33333    C:0.15432    A:0.35802    G:0.15432
position  3:    T:0.26543    C:0.30864    A:0.16049    G:0.26543
Average         T:0.26749    C:0.22016    A:0.27160    G:0.24074

#35: Pronghorn      
position  1:    T:0.20988    C:0.19753    A:0.29012    G:0.30247
position  2:    T:0.33333    C:0.15432    A:0.36420    G:0.14815
position  3:    T:0.26543    C:0.30864    A:0.15432    G:0.27160
Average         T:0.26955    C:0.22016    A:0.26955    G:0.24074

#36: BlueWildebeest 
position  1:    T:0.20988    C:0.19136    A:0.29630    G:0.30247
position  2:    T:0.33333    C:0.15432    A:0.36420    G:0.14815
position  3:    T:0.27160    C:0.30247    A:0.16667    G:0.25926
Average         T:0.27160    C:0.21605    A:0.27572    G:0.23663

#37: Gemsbok        
position  1:    T:0.20988    C:0.19136    A:0.29630    G:0.30247
position  2:    T:0.33333    C:0.15432    A:0.36420    G:0.14815
position  3:    T:0.27160    C:0.29630    A:0.16667    G:0.26543
Average         T:0.27160    C:0.21399    A:0.27572    G:0.23868

#38: Yak            
position  1:    T:0.20988    C:0.19136    A:0.29630    G:0.30247
position  2:    T:0.33333    C:0.15432    A:0.36420    G:0.14815
position  3:    T:0.26543    C:0.30864    A:0.15432    G:0.27160
Average         T:0.26955    C:0.21811    A:0.27160    G:0.24074

#39: BlueSheep      
position  1:    T:0.20988    C:0.19136    A:0.29630    G:0.30247
position  2:    T:0.33333    C:0.15432    A:0.36420    G:0.14815
position  3:    T:0.25926    C:0.31481    A:0.17284    G:0.25309
Average         T:0.26749    C:0.22016    A:0.27778    G:0.23457

#40: BohorReedbuck  
position  1:    T:0.20988    C:0.19136    A:0.29630    G:0.30247
position  2:    T:0.33333    C:0.15432    A:0.36420    G:0.14815
position  3:    T:0.27160    C:0.30247    A:0.14815    G:0.27778
Average         T:0.27160    C:0.21605    A:0.26955    G:0.24280

#41: KirksDik       
position  1:    T:0.20988    C:0.19136    A:0.29630    G:0.30247
position  2:    T:0.33333    C:0.15432    A:0.36420    G:0.14815
position  3:    T:0.25926    C:0.31481    A:0.15432    G:0.27160
Average         T:0.26749    C:0.22016    A:0.27160    G:0.24074

#42: RoeDeer        
position  1:    T:0.20370    C:0.19753    A:0.29630    G:0.30247
position  2:    T:0.32716    C:0.16049    A:0.36420    G:0.14815
position  3:    T:0.28395    C:0.29630    A:0.14815    G:0.27160
Average         T:0.27160    C:0.21811    A:0.26955    G:0.24074

#43: WhiteLippedDeer
position  1:    T:0.20370    C:0.19136    A:0.29630    G:0.30864
position  2:    T:0.32716    C:0.16049    A:0.36420    G:0.14815
position  3:    T:0.27778    C:0.29630    A:0.15432    G:0.27160
Average         T:0.26955    C:0.21605    A:0.27160    G:0.24280

#44: ThomsonGazelle 
position  1:    T:0.20988    C:0.19136    A:0.29630    G:0.30247
position  2:    T:0.33333    C:0.15432    A:0.36420    G:0.14815
position  3:    T:0.25309    C:0.32099    A:0.16049    G:0.26543
Average         T:0.26543    C:0.22222    A:0.27366    G:0.23868

#45: MuntiacusCrinifrons
position  1:    T:0.19753    C:0.20370    A:0.29012    G:0.30864
position  2:    T:0.32716    C:0.16049    A:0.35802    G:0.15432
position  3:    T:0.28395    C:0.29012    A:0.15432    G:0.27160
Average         T:0.26955    C:0.21811    A:0.26749    G:0.24486

#46: WhiteTailedDeer
position  1:    T:0.20370    C:0.19753    A:0.29012    G:0.30864
position  2:    T:0.32716    C:0.16049    A:0.36420    G:0.14815
position  3:    T:0.26543    C:0.30864    A:0.15432    G:0.27160
Average         T:0.26543    C:0.22222    A:0.26955    G:0.24280

#47: Cattle         
position  1:    T:0.20988    C:0.19136    A:0.29630    G:0.30247
position  2:    T:0.33333    C:0.15432    A:0.36420    G:0.14815
position  3:    T:0.26543    C:0.30864    A:0.15432    G:0.27160
Average         T:0.26955    C:0.21811    A:0.27160    G:0.24074

#48: RoyalAntelope  
position  1:    T:0.20988    C:0.19136    A:0.29630    G:0.30247
position  2:    T:0.33333    C:0.15432    A:0.36420    G:0.14815
position  3:    T:0.25926    C:0.30864    A:0.16667    G:0.26543
Average         T:0.26749    C:0.21811    A:0.27572    G:0.23868

#49: Steenbok       
position  1:    T:0.20988    C:0.19136    A:0.29630    G:0.30247
position  2:    T:0.33333    C:0.15432    A:0.36420    G:0.14815
position  3:    T:0.27160    C:0.29630    A:0.16667    G:0.26543
Average         T:0.27160    C:0.21399    A:0.27572    G:0.23868

#50: Impala         
position  1:    T:0.20988    C:0.19136    A:0.29630    G:0.30247
position  2:    T:0.33333    C:0.15432    A:0.35802    G:0.15432
position  3:    T:0.26543    C:0.30864    A:0.16049    G:0.26543
Average         T:0.26955    C:0.21811    A:0.27160    G:0.24074

#51: Klipspringer   
position  1:    T:0.20988    C:0.19136    A:0.29630    G:0.30247
position  2:    T:0.33333    C:0.15432    A:0.36420    G:0.14815
