1
52 1
Argali 0.000000 0.709300 0.198500 1.787100 0.162300 0.021300 0.092300 0.146200 0.240900 0.194300 0.067600 0.157300 0.092500 0.055700 0.181800 0.178300 0.187100 0.258700 0.196600 0.212800 0.137400 0.056100 0.230900 0.193200 0.067600 0.146700 0.080500 0.211700 0.193600 0.172700 0.155800 0.068400 0.333500 0.080500 0.158600 0.227800 0.067100 0.149600 0.158500 0.228300 0.155600 0.146700 0.168800 0.129900 0.157500 0.120700 0.190700 0.241000 0.077200 0.189000 0.211400 0.209500
LesserMous 0.709300 0.000000 0.729300 3.529300 0.673000 0.710600 0.605100 0.730200 0.805200 0.796000 0.648600 0.734700 0.647200 0.618900 0.796800 0.763300 0.777100 1.007600 0.735400 0.753700 0.720000 0.626200 0.869300 0.760400 0.648600 0.715200 0.624800 0.758600 0.808600 0.728400 0.720100 0.605500 0.590500 0.624800 0.704800 0.835200 0.643300 0.647700 0.762400 0.899100 0.712800 0.715200 0.744000 0.720400 0.724300 0.695700 0.806600 0.884100 0.607600 0.731300 0.756500 0.742700
LesserKudu 0.198500 0.729300 0.000000 1.827700 0.229500 0.198600 0.130600 0.210600 0.087600 0.254400 0.155000 0.123200 0.156300 0.141300 0.236000 0.218000 0.190200 0.319300 0.271900 0.033100 0.176800 0.142200 0.293000 0.224400 0.155000 0.185900 0.143500 0.055600 0.222200 0.043800 0.185100 0.130400 0.355200 0.143500 0.224200 0.193000 0.153800 0.215600 0.172800 0.287400 0.212400 0.185900 0.198600 0.184700 0.123300 0.207900 0.205800 0.295100 0.164800 0.204800 0.044300 0.055100
KillerWhal 1.787100 3.529300 1.827700 0.000000 1.782300 1.692400 1.760600 1.649700 1.919300 1.651000 1.838000 1.676800 1.824200 1.778700 1.881200 1.544400 1.592500 1.545100 1.979700 1.785500 1.697000 1.820400 1.859000 1.702800 1.838000 1.640400 1.806500 1.813100 1.820800 1.751200 1.688400 1.766400 1.993000 1.806500 1.955700 1.763500 1.854200 1.608000 1.765100 1.664300 1.774500 1.640500 1.706600 1.576400 1.608800 1.681700 1.768300 1.652500 1.729900 1.719800 1.686100 1.840200
DefassaWat 0.162300 0.673000 0.229500 1.782300 0.000000 0.162400 0.119100 0.199700 0.248500 0.267500 0.118400 0.211200 0.118400 0.105200 0.210100 0.182300 0.229900 0.320400 0.257600 0.242500 0.164300 0.105900 0.306300 0.266700 0.118400 0.174900 0.106000 0.243500 0.211400 0.229200 0.226500 0.094200 0.338300 0.106000 0.187300 0.269200 0.117400 0.032900 0.187200 0.300000 0.226200 0.174900 0.240500 0.198100 0.197700 0.172000 0.220400 0.298300 0.128600 0.220100 0.243100 0.240900
Sheep 0.021300 0.710600 0.198600 1.692400 0.162400 0.000000 0.092300 0.170600 0.243800 0.194500 0.067700 0.181800 0.092600 0.079400 0.181900 0.178500 0.187200 0.232700 0.196800 0.212900 0.137500 0.056100 0.231100 0.193400 0.067700 0.146100 0.080500 0.211900 0.193700 0.172800 0.155900 0.068000 0.333900 0.080500 0.158700 0.253600 0.067600 0.149600 0.158700 0.228500 0.155700 0.146800 0.168900 0.130000 0.182000 0.120800 0.190800 0.241100 0.102000 0.189100 0.211600 0.209700
MaxwellsDu 0.092300 0.605100 0.130600 1.760600 0.119100 0.092300 0.000000 0.128400 0.176600 0.163900 0.047200 0.115300 0.047600 0.035000 0.165600 0.137300 0.131900 0.232400 0.153200 0.144200 0.094200 0.035000 0.201900 0.163200 0.047200 0.104400 0.035500 0.143500 0.152200 0.130400 0.124600 0.023500 0.257500 0.035500 0.116500 0.161500 0.046800 0.106400 0.116400 0.196600 0.124300 0.104400 0.137900 0.098100 0.091300 0.102600 0.149900 0.212500 0.057900 0.095000 0.143700 0.142000
GazellaPrz 0.146200 0.730200 0.210600 1.649700 0.199700 0.170600 0.128400 0.000000 0.255800 0.278400 0.127600 0.168800 0.128700 0.090800 0.245100 0.085000 0.212600 0.342600 0.267200 0.225000 0.054800 0.115400 0.316900 0.276200 0.127600 0.053300 0.116400 0.224000 0.094800 0.210300 0.236300 0.103800 0.365300 0.116400 0.195200 0.202100 0.126600 0.186400 0.075800 0.311400 0.236000 0.053900 0.250200 0.208100 0.144600 0.179900 0.118500 0.226800 0.113400 0.227600 0.223700 0.221600
MountainNy 0.240900 0.805200 0.087600 1.919300 0.248500 0.243800 0.176600 0.255800 0.000000 0.304100 0.201100 0.166900 0.202900 0.186900 0.309400 0.262400 0.236100 0.366500 0.321500 0.054200 0.222400 0.188200 0.342300 0.244500 0.201100 0.230800 0.189900 0.076400 0.267300 0.087500 0.232800 0.176400 0.407700 0.189900 0.269500 0.224700 0.199600 0.262000 0.217400 0.293000 0.260800 0.230800 0.246500 0.205300 0.167000 0.252600 0.275600 0.355200 0.210400 0.223000 0.076300 0.098300
MuntiacusM 0.194300 0.796000 0.254400 1.651000 0.267500 0.194500 0.163900 0.278400 0.304100 0.000000 0.175900 0.219700 0.190500 0.175200 0.274800 0.285300 0.198000 0.165000 0.180100 0.268200 0.239700 0.162100 0.060400 0.124700 0.175900 0.251000 0.176500 0.269500 0.305300 0.225000 0.060900 0.163700 0.319500 0.176500 0.264800 0.310900 0.174500 0.252300 0.264700 0.107700 0.086500 0.251000 0.048400 0.086600 0.234400 0.191300 0.286700 0.227600 0.200600 0.216500 0.269000 0.266300
goat 0.067600 0.648600 0.155000 1.838000 0.118400 0.067700 0.047200 0.127600 0.201100 0.175900 0.000000 0.139000 0.047300 0.034700 0.164500 0.136400 0.143300 0.243400 0.150900 0.168900 0.093600 0.011500 0.213700 0.175000 0.000000 0.103700 0.035300 0.168100 0.151200 0.154700 0.136500 0.023300 0.286100 0.035300 0.115700 0.211300 0.022900 0.105700 0.115600 0.211100 0.136200 0.103700 0.149800 0.109900 0.139100 0.102000 0.148900 0.225000 0.057900 0.144800 0.167900 0.166300
AfricanBuf 0.157300 0.734700 0.123200 1.676800 0.211200 0.181800 0.115300 0.168800 0.166900 0.219700 0.139000 0.000000 0.140100 0.101900 0.256400 0.200800 0.173300 0.297800 0.250900 0.135900 0.160300 0.126700 0.229100 0.218200 0.139000 0.169400 0.127700 0.135300 0.216600 0.123000 0.180400 0.115200 0.315600 0.127700 0.206100 0.129500 0.137900 0.197900 0.181300 0.266300 0.180200 0.169400 0.193500 0.154000 0.064100 0.190900 0.213300 0.276900 0.124600 0.162700 0.135100 0.134700
Topi 0.092500 0.647200 0.156300 1.824200 0.118400 0.092600 0.047600 0.128700 0.202900 0.190500 0.047300 0.140100 0.000000 0.035000 0.163000 0.137600 0.154400 0.257800 0.179600 0.169000 0.093600 0.035300 0.228700 0.189200 0.047300 0.104600 0.011600 0.169600 0.152500 0.156100 0.150100 0.023500 0.286200 0.011600 0.092300 0.211400 0.046900 0.105700 0.116600 0.223300 0.149800 0.104600 0.163700 0.123100 0.140400 0.079100 0.150300 0.210700 0.058400 0.146200 0.169400 0.167900
CommonDuik 0.055700 0.618900 0.141300 1.778700 0.105200 0.079400 0.035000 0.090800 0.186900 0.175200 0.034700 0.101900 0.035000 0.000000 0.150800 0.123600 0.142700 0.242500 0.164400 0.154900 0.080900 0.023000 0.212900 0.174300 0.034700 0.091100 0.023200 0.154200 0.137800 0.141100 0.135900 0.011600 0.268700 0.023200 0.102800 0.172000 0.034500 0.092800 0.102800 0.207600 0.135700 0.091100 0.149200 0.109500 0.102100 0.088400 0.135800 0.196500 0.022700 0.130400 0.153900 0.152600
Suni 0.181800 0.796800 0.236000 1.881200 0.210100 0.181900 0.165600 0.245100 0.309400 0.274800 0.164500 0.256400 0.163000 0.150800 0.000000 0.225900 0.273700 0.329700 0.293800 0.248700 0.184100 0.151800 0.312800 0.286200 0.164500 0.220100 0.150500 0.277400 0.269500 0.235600 0.233300 0.140200 0.424300 0.150500 0.181400 0.274700 0.163200 0.196800 0.232500 0.265700 0.246100 0.220100 0.247100 0.218400 0.256800 0.179400 0.265300 0.304400 0.174100 0.267400 0.277000 0.274300
Springbuck 0.178300 0.763300 0.218000 1.544400 0.182300 0.178500 0.137300 0.085000 0.262400 0.285300 0.136400 0.200800 0.137600 0.123600 0.225900 0.000000 0.221100 0.348300 0.274100 0.232300 0.042500 0.124400 0.323000 0.283000 0.136400 0.052400 0.125500 0.231200 0.095200 0.217700 0.243800 0.113100 0.370900 0.125500 0.177900 0.196200 0.135400 0.169500 0.085000 0.318000 0.243400 0.052400 0.257400 0.216000 0.176500 0.187600 0.126800 0.245700 0.146100 0.234800 0.230900 0.228800
Okapi 0.187100 0.777100 0.190200 1.592500 0.229900 0.187200 0.131900 0.212600 0.236100 0.198000 0.143300 0.173300 0.154400 0.142700 0.273700 0.221100 0.000000 0.160100 0.256900 0.202800 0.190400 0.130600 0.263900 0.224300 0.143300 0.188500 0.142600 0.203600 0.238200 0.189900 0.158500 0.131700 0.292100 0.142600 0.226400 0.231600 0.142100 0.216000 0.213700 0.260800 0.185100 0.188500 0.171800 0.158100 0.173500 0.210000 0.234600 0.272700 0.166500 0.206900 0.203300 0.201400
Giraffe 0.258700 1.007600 0.319300 1.545100 0.320400 0.232700 0.232400 0.342600 0.366500 0.165000 0.243400 0.297800 0.257800 0.242500 0.329700 0.348300 0.160100 0.000000 0.251600 0.332700 0.305800 0.229900 0.201600 0.300400 0.243400 0.315400 0.244100 0.305200 0.369100 0.289900 0.231700 0.231900 0.393900 0.244100 0.316600 0.373400 0.241900 0.318800 0.328800 0.211100 0.259500 0.315400 0.218500 0.231300 0.298300 0.255100 0.349800 0.240000 0.266900 0.283700 0.333800 0.301600
TibetanAnt 0.196600 0.735400 0.271900 1.979700 0.257600 0.196800 0.153200 0.267200 0.321500 0.180100 0.150900 0.250900 0.179600 0.164400 0.293800 0.274100 0.256900 0.251600 0.000000 0.286000 0.228900 0.137500 0.219500 0.296500 0.150900 0.239900 0.165800 0.287300 0.264600 0.271400 0.253200 0.152900 0.326400 0.165800 0.253900 0.299400 0.149700 0.242500 0.253400 0.187900 0.252700 0.239900 0.238800 0.222600 0.251300 0.207800 0.289200 0.230100 0.189700 0.234000 0.286900 0.283900
Sitatunga 0.212800 0.753700 0.033100 1.785500 0.242500 0.212900 0.144200 0.225000 0.054200 0.268200 0.168900 0.135900 0.169000 0.154900 0.248700 0.232300 0.202800 0.332700 0.286000 0.000000 0.189300 0.156000 0.306900 0.209800 0.168900 0.199900 0.156000 0.044500 0.236800 0.055700 0.198000 0.144000 0.370500 0.156000 0.238900 0.204900 0.167600 0.228500 0.186500 0.271700 0.225600 0.199900 0.211600 0.170700 0.136100 0.222100 0.245700 0.291700 0.178700 0.219500 0.044400 0.066800
Oribi 0.137400 0.720000 0.176800 1.697000 0.164300 0.137500 0.094200 0.054800 0.222400 0.239700 0.093600 0.160300 0.093600 0.080900 0.184100 0.042500 0.190400 0.305800 0.228900 0.189300 0.000000 0.081400 0.277800 0.237800 0.093600 0.032700 0.081500 0.190100 0.076900 0.176500 0.198500 0.069800 0.323600 0.081500 0.137100 0.179700 0.092800 0.151300 0.043700 0.272800 0.198100 0.032700 0.212200 0.171000 0.135900 0.147200 0.086900 0.230200 0.103900 0.193100 0.177900 0.188000
BarbaryShe 0.056100 0.626200 0.142200 1.820400 0.105900 0.056100 0.035000 0.115400 0.188200 0.162100 0.011500 0.126700 0.035300 0.023000 0.151800 0.124400 0.130600 0.229900 0.137500 0.156000 0.081400 0.000000 0.199700 0.161500 0.011500 0.091700 0.023400 0.155200 0.138800 0.142000 0.123300 0.011600 0.270900 0.023400 0.103500 0.198500 0.011400 0.093400 0.103500 0.197300 0.123100 0.091700 0.136500 0.097000 0.126900 0.090200 0.136700 0.211900 0.045900 0.132000 0.155000 0.153600
Daviddeer 0.230900 0.869300 0.293000 1.859000 0.306300 0.231100 0.201900 0.316900 0.342300 0.060400 0.213700 0.229100 0.228700 0.212900 0.312800 0.323000 0.263900 0.201600 0.219500 0.306900 0.277800 0.199700 0.000000 0.161400 0.213700 0.289000 0.214400 0.278300 0.344100 0.262800 0.122800 0.201600 0.396000 0.214400 0.303100 0.349000 0.212000 0.290800 0.302900 0.145100 0.096600 0.289000 0.109900 0.122800 0.271700 0.227300 0.338300 0.264600 0.238400 0.255000 0.307800 0.304800
Reindeer 0.193200 0.760400 0.224400 1.702800 0.266700 0.193400 0.163200 0.276200 0.244500 0.124700 0.175000 0.218200 0.189200 0.174300 0.286200 0.283000 0.224300 0.300400 0.296500 0.209800 0.237800 0.161500 0.161400 0.000000 0.175000 0.249000 0.175500 0.210900 0.302600 0.196300 0.085500 0.163000 0.317800 0.175500 0.262700 0.308400 0.173600 0.251700 0.262500 0.186000 0.085400 0.249000 0.098400 0.060400 0.232800 0.204200 0.297700 0.320300 0.172200 0.242800 0.210500 0.236100
Ibex 0.067600 0.648600 0.155000 1.838000 0.118400 0.067700 0.047200 0.127600 0.201100 0.175900 0.000000 0.139000 0.047300 0.034700 0.164500 0.136400 0.143300 0.243400 0.150900 0.168900 0.093600 0.011500 0.213700 0.175000 0.000000 0.103700 0.035300 0.168100 0.151200 0.154700 0.136500 0.023300 0.286100 0.035300 0.115900 0.211300 0.022900 0.105700 0.115600 0.211100 0.136200 0.103700 0.149800 0.109900 0.139100 0.102000 0.148900 0.225000 0.057400 0.144800 0.167900 0.166300
GyrantGaze 0.146700 0.715200 0.185900 1.640400 0.174900 0.146100 0.104400 0.053300 0.230800 0.251000 0.103700 0.169400 0.104600 0.091100 0.220100 0.052400 0.188500 0.315400 0.239900 0.199900 0.032700 0.091700 0.289000 0.249000 0.103700 0.000000 0.092500 0.199000 0.064300 0.185600 0.209800 0.080300 0.335000 0.092500 0.171000 0.189900 0.102900 0.162000 0.053000 0.254300 0.209400 0.000000 0.223400 0.182200 0.145200 0.156300 0.096300 0.214100 0.113800 0.202100 0.198700 0.196900
Hartebeest 0.080500 0.624800 0.143500 1.806500 0.106000 0.080500 0.035500 0.116400 0.189900 0.176500 0.035300 0.127700 0.011600 0.023200 0.150500 0.125500 0.142600 0.244100 0.165800 0.156000 0.081500 0.023400 0.214400 0.175500 0.035300 0.092500 0.000000 0.156600 0.140000 0.143300 0.136700 0.011700 0.270900 0.000000 0.080300 0.198600 0.035000 0.093500 0.104400 0.209100 0.136400 0.092500 0.150100 0.110000 0.128000 0.067400 0.137900 0.197600 0.046400 0.133200 0.156400 0.155000
Bongo 0.211700 0.758600 0.055600 1.813100 0.243500 0.211900 0.143500 0.224000 0.076400 0.269500 0.168100 0.135300 0.169600 0.154200 0.277400 0.231200 0.203600 0.305200 0.287300 0.044500 0.190100 0.155200 0.278300 0.210900 0.168100 0.199000 0.156600 0.000000 0.235800 0.054900 0.199000 0.143300 0.372300 0.156600 0.237800 0.205700 0.166800 0.229400 0.185700 0.273100 0.226700 0.199000 0.212700 0.171600 0.135500 0.221100 0.244600 0.322800 0.177900 0.218500 0.044200 0.066200
Gerenuk 0.193600 0.808600 0.222200 1.820800 0.211400 0.193700 0.152200 0.094800 0.267300 0.305300 0.151200 0.216600 0.152500 0.137800 0.269500 0.095200 0.238200 0.369100 0.264600 0.236800 0.076900 0.138800 0.344100 0.302600 0.151200 0.064300 0.140000 0.235800 0.000000 0.221800 0.262200 0.127200 0.394400 0.140000 0.219000 0.211800 0.150100 0.198000 0.086600 0.338900 0.261700 0.063400 0.276300 0.233500 0.191600 0.203000 0.140400 0.263400 0.160800 0.252500 0.235400 0.232500
CommonElan 0.172700 0.728400 0.043800 1.751200 0.229200 0.172800 0.130400 0.210300 0.087500 0.225000 0.154700 0.123000 0.156100 0.141100 0.235600 0.217700 0.189900 0.289900 0.271400 0.055700 0.176500 0.142000 0.262800 0.196300 0.154700 0.185600 0.143300 0.054900 0.221800 0.000000 0.157900 0.130200 0.354500 0.143300 0.223700 0.192600 0.153500 0.215300 0.172500 0.257400 0.184500 0.185600 0.171100 0.157600 0.123200 0.182200 0.230700 0.323200 0.164600 0.204400 0.055100 0.054500
MuntiacusR 0.155800 0.720100 0.185100 1.688400 0.226500 0.155900 0.124600 0.236300 0.232800 0.060900 0.136500 0.180400 0.150100 0.135900 0.233300 0.243800 0.158500 0.231700 0.253200 0.198000 0.198500 0.123300 0.122800 0.085500 0.136500 0.209800 0.136700 0.199000 0.262200 0.157900 0.000000 0.124400 0.273600 0.136700 0.223100 0.268700 0.135300 0.212000 0.223000 0.174000 0.048000 0.209800 0.011800 0.048100 0.194400 0.179400 0.244900 0.297100 0.160700 0.202700 0.198700 0.196800
HarveysDui 0.068400 0.605500 0.130400 1.766400 0.094200 0.068000 0.023500 0.103800 0.176400 0.163700 0.023300 0.115200 0.023500 0.011600 0.140200 0.113100 0.131700 0.231900 0.152900 0.144000 0.069800 0.011600 0.201600 0.163000 0.023300 0.080300 0.011700 0.143300 0.127200 0.130200 0.124400 0.000000 0.257200 0.011700 0.092100 0.186700 0.023100 0.081800 0.092000 0.196300 0.124200 0.080300 0.137700 0.097900 0.115300 0.078900 0.125300 0.212000 0.034500 0.120000 0.143100 0.141800
Pronghorn 0.333500 0.590500 0.355200 1.993000 0.338300 0.333900 0.257500 0.365300 0.407700 0.319500 0.286100 0.315600 0.286200 0.268700 0.424300 0.370900 0.292100 0.393900 0.326400 0.370500 0.323600 0.270900 0.396000 0.317800 0.286100 0.335000 0.270900 0.372300 0.394400 0.354500 0.273600 0.257200 0.000000 0.270900 0.333100 0.399100 0.283800 0.353800 0.350200 0.409900 0.304700 0.335000 0.289000 0.290200 0.316000 0.328600 0.372600 0.463600 0.265200 0.330500 0.371600 0.367300
BlueWildeb 0.080500 0.624800 0.143500 1.806500 0.106000 0.080500 0.035500 0.116400 0.189900 0.176500 0.035300 0.127700 0.011600 0.023200 0.150500 0.125500 0.142600 0.244100 0.165800 0.156000 0.081500 0.023400 0.214400 0.175500 0.035300 0.092500 0.000000 0.156600 0.140000 0.143300 0.136700 0.011700 0.270900 0.000000 0.080300 0.198600 0.035000 0.093500 0.104400 0.209100 0.136400 0.092500 0.150100 0.110000 0.128000 0.067400 0.137900 0.197600 0.046400 0.133200 0.156400 0.155000
Gemsbok 0.158600 0.704800 0.224200 1.955700 0.187300 0.158700 0.116500 0.195200 0.269500 0.264800 0.115700 0.206100 0.092300 0.102800 0.181400 0.177900 0.226400 0.316600 0.253900 0.238900 0.137100 0.103500 0.303100 0.262700 0.115900 0.171000 0.080300 0.237800 0.219000 0.223700 0.223100 0.092100 0.333100 0.080300 0.000000 0.252700 0.114800 0.174200 0.183000 0.284300 0.222700 0.171000 0.236900 0.195300 0.206500 0.144000 0.215800 0.267500 0.125700 0.215000 0.236800 0.235200
Yak 0.227800 0.835200 0.193000 1.763500 0.269200 0.253600 0.161500 0.202100 0.224700 0.310900 0.211300 0.129500 0.211400 0.172000 0.274700 0.196200 0.231600 0.373400 0.299400 0.204900 0.179700 0.198500 0.349000 0.308400 0.211300 0.189900 0.198600 0.205700 0.211800 0.192600 0.268700 0.186700 0.399100 0.198600 0.252700 0.000000 0.209800 0.255400 0.227000 0.286000 0.268400 0.189900 0.282500 0.240400 0.062200 0.236800 0.259100 0.295500 0.195000 0.221700 0.205900 0.203600
BlueSheep 0.067100 0.643300 0.153800 1.854200 0.117400 0.067600 0.046800 0.126600 0.199600 0.174500 0.022900 0.137900 0.046900 0.034500 0.163200 0.135400 0.142100 0.241900 0.149700 0.167600 0.092800 0.011400 0.212000 0.173600 0.022900 0.102900 0.035000 0.166800 0.150100 0.153500 0.135300 0.023100 0.283800 0.035000 0.114800 0.209800 0.000000 0.104900 0.114200 0.209700 0.135100 0.102900 0.148600 0.109000 0.138100 0.101200 0.147800 0.223600 0.057400 0.143700 0.166600 0.165100
BohorReedb 0.149600 0.647700 0.215600 1.608000 0.032900 0.149600 0.106400 0.186400 0.262000 0.252300 0.105700 0.197900 0.105700 0.092800 0.196800 0.169500 0.216000 0.318800 0.242500 0.228500 0.151300 0.093400 0.290800 0.251700 0.105700 0.162000 0.093500 0.229400 0.198000 0.215300 0.212000 0.081800 0.353800 0.093500 0.174200 0.255400 0.104900 0.000000 0.174100 0.284500 0.211800 0.162000 0.225800 0.184100 0.184600 0.159300 0.207100 0.283600 0.116000 0.206100 0.229100 0.226900
KirksDik 0.158500 0.762400 0.172800 1.765100 0.187200 0.158700 0.116400 0.075800 0.217400 0.264700 0.115600 0.181300 0.116600 0.102800 0.232500 0.085000 0.213700 0.328800 0.253400 0.186500 0.043700 0.103500 0.302900 0.262500 0.115600 0.053000 0.104400 0.185700 0.086600 0.172500 0.223000 0.092000 0.350200 0.104400 0.183000 0.227000 0.114200 0.174100 0.000000 0.297400 0.222700 0.053700 0.236800 0.195100 0.156800 0.168100 0.107300 0.250700 0.125600 0.214700 0.185400 0.183800
RoeDeer 0.228300 0.899100 0.287400 1.664300 0.300000 0.228500 0.196600 0.311400 0.293000 0.107700 0.211100 0.266300 0.223300 0.207600 0.265700 0.318000 0.260800 0.211100 0.187900 0.271700 0.272800 0.197300 0.145100 0.186000 0.211100 0.254300 0.209100 0.273100 0.338900 0.257400 0.174000 0.196300 0.409900 0.209100 0.284300 0.286000 0.209700 0.284500 0.297400 0.000000 0.173900 0.254300 0.160700 0.120000 0.266400 0.222400 0.332800 0.208000 0.233100 0.235900 0.272600 0.299100
WhiteLippe 0.155600 0.712800 0.212400 1.774500 0.226200 0.155700 0.124300 0.236000 0.260800 0.086500 0.136200 0.180200 0.149800 0.135700 0.246100 0.243400 0.185100 0.259500 0.252700 0.225600 0.198100 0.123100 0.096600 0.085400 0.136200 0.209400 0.136400 0.226700 0.261700 0.184500 0.048000 0.124200 0.304700 0.136400 0.222700 0.268400 0.135100 0.211800 0.222700 0.173900 0.000000 0.209400 0.060400 0.047400 0.194100 0.179200 0.257400 0.296600 0.160500 0.189300 0.226300 0.224200
ThomsonGaz 0.146700 0.715200 0.185900 1.640500 0.174900 0.146800 0.104400 0.053900 0.230800 0.251000 0.103700 0.169400 0.104600 0.091100 0.220100 0.052400 0.188500 0.315400 0.239900 0.199900 0.032700 0.091700 0.289000 0.249000 0.103700 0.000000 0.092500 0.199000 0.063400 0.185600 0.209800 0.080300 0.335000 0.092500 0.171000 0.189900 0.102900 0.162000 0.053700 0.254300 0.209400 0.000000 0.223400 0.182200 0.145200 0.156300 0.096300 0.214100 0.113800 0.202100 0.198700 0.196900
MuntiacusC 0.168800 0.744000 0.198600 1.706600 0.240500 0.168900 0.137900 0.250200 0.246500 0.048400 0.149800 0.193500 0.163700 0.149200 0.247100 0.257400 0.171800 0.218500 0.238800 0.211600 0.212200 0.136500 0.109900 0.098400 0.149800 0.223400 0.150100 0.212700 0.276300 0.171100 0.011800 0.137700 0.289000 0.150100 0.236900 0.282500 0.148600 0.225800 0.236800 0.160700 0.060400 0.223400 0.000000 0.060500 0.207700 0.192500 0.258700 0.283600 0.174100 0.189200 0.212300 0.210300
WhiteTaile 0.129900 0.720400 0.184700 1.576400 0.198100 0.130000 0.098100 0.208100 0.205300 0.086600 0.109900 0.154000 0.123100 0.109500 0.218400 0.216000 0.158100 0.231300 0.222600 0.170700 0.171000 0.097000 0.122800 0.060400 0.109900 0.182200 0.110000 0.171600 0.233500 0.157600 0.048100 0.097900 0.290200 0.110000 0.195300 0.240400 0.109000 0.184100 0.195100 0.120000 0.047400 0.182200 0.060500 0.000000 0.167500 0.153200 0.229800 0.250900 0.133900 0.174600 0.171300 0.196400
Cattle 0.157500 0.724300 0.123300 1.608800 0.197700 0.182000 0.091300 0.144600 0.167000 0.234400 0.139100 0.064100 0.140400 0.102100 0.256800 0.176500 0.173500 0.298300 0.251300 0.136100 0.135900 0.126900 0.271700 0.232800 0.139100 0.145200 0.128000 0.135500 0.191600 0.123200 0.194400 0.115300 0.316000 0.128000 0.206500 0.062200 0.138100 0.184600 0.156800 0.266400 0.194100 0.145200 0.207700 0.167500 0.000000 0.191100 0.188800 0.250700 0.124700 0.161800 0.135300 0.134200
RoyalAntel 0.120700 0.695700 0.207900 1.681700 0.172000 0.120800 0.102600 0.179900 0.252600 0.191300 0.102000 0.190900 0.079100 0.088400 0.179400 0.187600 0.210000 0.255100 0.207800 0.222100 0.147200 0.090200 0.227300 0.204200 0.102000 0.156300 0.067400 0.221100 0.203000 0.182200 0.179400 0.078900 0.328600 0.067400 0.144000 0.236800 0.101200 0.159300 0.168100 0.222400 0.179200 0.156300 0.192500 0.153200 0.191100 0.000000 0.200000 0.236100 0.100500 0.198700 0.220800 0.218800
Steenbok 0.190700 0.806600 0.205800 1.768300 0.220400 0.190800 0.149900 0.118500 0.275600 0.286700 0.148900 0.213300 0.150300 0.135800 0.265300 0.126800 0.234600 0.349800 0.289200 0.245700 0.086900 0.136700 0.338300 0.297700 0.148900 0.096300 0.137900 0.244600 0.140400 0.230700 0.244900 0.125300 0.372600 0.137900 0.215800 0.259100 0.147800 0.207100 0.107300 0.332800 0.257400 0.096300 0.258700 0.229800 0.188800 0.200000 0.000000 0.298200 0.158400 0.248500 0.231800 0.241900
Impala 0.241000 0.884100 0.295100 1.652500 0.298300 0.241100 0.212500 0.226800 0.355200 0.227600 0.225000 0.276900 0.210700 0.196500 0.304400 0.245700 0.272700 0.240000 0.230100 0.291700 0.230200 0.211900 0.264600 0.320300 0.225000 0.214100 0.197600 0.322800 0.263400 0.323200 0.297100 0.212000 0.463600 0.197600 0.267500 0.295500 0.223600 0.283600 0.250700 0.208000 0.296600 0.214100 0.283600 0.250900 0.250700 0.236100 0.298200 0.000000 0.218300 0.290200 0.322700 0.335000
Klipspring 0.077200 0.607600 0.164800 1.729900 0.128600 0.102000 0.057900 0.113400 0.210400 0.200600 0.057900 0.124600 0.058400 0.022700 0.174100 0.146100 0.166500 0.266900 0.189700 0.178700 0.103900 0.045900 0.238400 0.172200 0.057400 0.113800 0.046400 0.177900 0.160800 0.164600 0.160700 0.034500 0.265200 0.046400 0.125700 0.195000 0.057400 0.116000 0.125600 0.233100 0.160500 0.113800 0.174100 0.133900 0.124700 0.100500 0.158400 0.218300 0.000000 0.154900 0.177600 0.176000
ForestMusk 0.189000 0.731300 0.204800 1.719800 0.220100 0.189100 0.095000 0.227600 0.223000 0.216500 0.144800 0.162700 0.146200 0.130400 0.267400 0.234800 0.206900 0.283700 0.234000 0.219500 0.193100 0.132000 0.255000 0.242800 0.144800 0.202100 0.133200 0.218500 0.252500 0.204400 0.202700 0.120000 0.330500 0.133200 0.215000 0.221700 0.143700 0.206100 0.214700 0.235900 0.189300 0.202100 0.189200 0.174600 0.161800 0.198700 0.248500 0.290200 0.154900 0.000000 0.218100 0.216100
Bushbuck 0.211400 0.756500 0.044300 1.686100 0.243100 0.211600 0.143700 0.223700 0.076300 0.269000 0.167900 0.135100 0.169400 0.153900 0.277000 0.230900 0.203300 0.333800 0.286900 0.044400 0.177900 0.155000 0.307800 0.210500 0.167900 0.198700 0.156400 0.044200 0.235400 0.055100 0.198700 0.143100 0.371600 0.156400 0.236800 0.205900 0.166600 0.229100 0.185400 0.272600 0.226300 0.198700 0.212300 0.171300 0.135300 0.220800 0.231800 0.322700 0.177600 0.218100 0.000000 0.065700
GreaterKud 0.209500 0.742700 0.055100 1.840200 0.240900 0.209700 0.142000 0.221600 0.098300 0.266300 0.166300 0.134700 0.167900 0.152600 0.274300 0.228800 0.201400 0.301600 0.283900 0.066800 0.188000 0.153600 0.304800 0.236100 0.166300 0.196900 0.155000 0.066200 0.232500 0.054500 0.196800 0.141800 0.367300 0.155000 0.235200 0.203600 0.165100 0.226900 0.183800 0.299100 0.224200 0.196900 0.210300 0.196400 0.134200 0.218800 0.241900 0.335000 0.176000 0.216100 0.065700 0.000000
