CODONML (in paml version 4.10.7, June 2023)  /home/rachel/ruminants_paml/6406-phy-tree/ENSBTAT00000019262.fasta.phy
Model: free dN/dS Ratios for branches,  kappa = 2.000 fixed

Codon frequency model: F3x4
ns =  54  ls = 114

Codon usage in sequences
--------------------------------------------------------------------------------------------------------------------------------------
Phe TTT   3   2   3   3   3   3 | Ser TCT   1   1   1   1   1   1 | Tyr TAT   2   2   2   2   2   2 | Cys TGT   0   0   0   0   0   0
    TTC   0   1   0   0   0   0 |     TCC   0   0   0   0   0   0 |     TAC   0   0   0   0   0   0 |     TGC   1   1   1   1   1   1
Leu TTA   2   2   2   2   2   2 |     TCA   5   5   5   5   5   5 | *** TAA   0   0   0   0   0   0 | *** TGA   0   0   0   0   0   0
    TTG   0   0   0   0   0   0 |     TCG   0   0   0   0   0   0 |     TAG   0   0   0   0   0   0 | Trp TGG   3   3   3   3   3   3
--------------------------------------------------------------------------------------------------------------------------------------
Leu CTT   1   1   1   1   1   1 | Pro CCT   1   1   1   1   1   1 | His CAT   1   1   1   1   1   1 | Arg CGT   0   0   0   0   0   0
    CTC   1   1   1   1   1   1 |     CCC   0   0   0   0   0   0 |     CAC   1   1   1   1   1   1 |     CGC   1   1   1   1   1   1
    CTA   0   0   0   0   0   1 |     CCA   2   2   2   2   2   2 | Gln CAA   1   1   1   1   1   1 |     CGA   0   0   0   0   0   0
    CTG   1   1   1   1   1   0 |     CCG   0   0   0   0   0   0 |     CAG   5   5   5   5   5   5 |     CGG   0   0   0   0   0   0
--------------------------------------------------------------------------------------------------------------------------------------
Ile ATT   5   5   5   5   5   4 | Thr ACT   9   7   8   8   8   8 | Asn AAT   5   4   3   4   5   5 | Ser AGT   1   1   1   1   1   1
    ATC   3   2   3   3   1   2 |     ACC   1   3   2   1   2   2 |     AAC   1   2   3   2   1   1 |     AGC   1   1   1   1   1   1
    ATA   2   3   2   2   4   4 |     ACA   2   2   2   3   2   2 | Lys AAA   5   5   4   5   5   5 | Arg AGA   3   3   3   3   3   3
Met ATG   0   0   0   0   0   0 |     ACG   0   0   0   0   0   0 |     AAG   1   1   2   1   1   1 |     AGG   1   1   1   1   1   1
--------------------------------------------------------------------------------------------------------------------------------------
Val GTT   4   4   4   4   4   4 | Ala GCT   6   5   6   6   6   5 | Asp GAT   3   3   3   3   3   3 | Gly GGT   1   2   1   2   2   2
    GTC   0   0   0   0   0   0 |     GCC   1   1   1   1   1   1 |     GAC   0   0   0   0   0   0 |     GGC   1   1   2   1   1   1
    GTA   2   2   2   2   2   2 |     GCA   8   9   8   8   8   7 | Glu GAA   7   7   8   7   6   7 |     GGA   3   3   3   3   4   3
    GTG   2   2   2   2   2   2 |     GCG   0   0   0   0   0   2 |     GAG   2   2   1   2   3   2 |     GGG   2   1   1   1   0   1
--------------------------------------------------------------------------------------------------------------------------------------

--------------------------------------------------------------------------------------------------------------------------------------
Phe TTT   3   3   3   3   3   3 | Ser TCT   1   1   1   1   1   1 | Tyr TAT   2   2   1   2   2   2 | Cys TGT   0   0   0   0   0   0
    TTC   0   0   0   0   0   0 |     TCC   0   0   0   0   0   0 |     TAC   0   0   1   0   0   0 |     TGC   1   1   1   1   1   1
Leu TTA   2   2   2   2   2   2 |     TCA   5   5   5   5   5   5 | *** TAA   0   0   0   0   0   0 | *** TGA   0   0   0   0   0   0
    TTG   0   0   0   0   0   0 |     TCG   0   0   0   0   0   0 |     TAG   0   0   0   0   0   0 | Trp TGG   3   3   3   3   3   3
--------------------------------------------------------------------------------------------------------------------------------------
Leu CTT   1   1   1   1   1   1 | Pro CCT   1   1   1   1   1   1 | His CAT   1   1   1   2   1   1 | Arg CGT   0   0   0   0   0   0
    CTC   1   1   1   1   1   1 |     CCC   0   0   0   0   0   0 |     CAC   1   1   1   0   1   1 |     CGC   1   1   1   1   1   0
    CTA   0   0   0   0   0   1 |     CCA   2   2   2   2   2   2 | Gln CAA   1   1   1   1   1   1 |     CGA   0   0   0   0   0   1
    CTG   1   1   1   1   1   0 |     CCG   0   0   0   0   0   0 |     CAG   5   5   5   5   5   5 |     CGG   0   0   0   0   0   0
--------------------------------------------------------------------------------------------------------------------------------------
Ile ATT   5   5   5   5   5   5 | Thr ACT   9   9   9   9   8   8 | Asn AAT   5   5   5   5   3   4 | Ser AGT   1   1   1   1   1   1
    ATC   3   3   3   3   3   3 |     ACC   1   1   1   1   2   2 |     AAC   1   1   1   1   3   2 |     AGC   1   1   1   1   1   1
    ATA   2   2   2   2   2   2 |     ACA   2   2   2   2   2   2 | Lys AAA   5   5   5   5   4   6 | Arg AGA   3   3   3   3   3   3
Met ATG   0   0   0   0   0   0 |     ACG   0   0   0   0   0   0 |     AAG   1   1   1   1   2   0 |     AGG   1   1   1   1   1   1
--------------------------------------------------------------------------------------------------------------------------------------
Val GTT   4   4   4   4   4   3 | Ala GCT   6   6   6   6   6   6 | Asp GAT   3   3   3   3   3   3 | Gly GGT   2   2   2   2   2   2
    GTC   0   0   0   0   0   1 |     GCC   1   1   1   1   1   1 |     GAC   0   0   0   0   0   0 |     GGC   1   1   1   1   1   1
    GTA   2   2   2   2   2   2 |     GCA   7   7   7   7   8   8 | Glu GAA   7   7   8   7   8   7 |     GGA   3   3   3   3   3   3
    GTG   2   2   2   2   2   2 |     GCG   1   1   1   1   0   0 |     GAG   2   2   1   2   1   2 |     GGG   1   1   1   1   1   1
--------------------------------------------------------------------------------------------------------------------------------------

--------------------------------------------------------------------------------------------------------------------------------------
Phe TTT   3   3   3   3   3   3 | Ser TCT   1   1   1   0   1   1 | Tyr TAT   2   2   2   1   2   2 | Cys TGT   0   0   0   0   0   0
    TTC   0   0   0   0   0   0 |     TCC   0   0   0   0   0   0 |     TAC   0   0   0   1   0   0 |     TGC   1   1   1   1   1   1
Leu TTA   2   2   2   2   2   2 |     TCA   5   5   5   5   5   5 | *** TAA   0   0   0   0   0   0 | *** TGA   0   0   0   0   0   0
    TTG   0   0   0   0   0   0 |     TCG   0   0   0   1   0   0 |     TAG   0   0   0   0   0   0 | Trp TGG   3   3   3   3   3   3
--------------------------------------------------------------------------------------------------------------------------------------
Leu CTT   1   1   1   1   1   1 | Pro CCT   1   1   1   1   1   1 | His CAT   1   1   1   1   1   1 | Arg CGT   0   0   0   0   0   0
    CTC   1   1   1   1   1   1 |     CCC   0   0   0   0   0   0 |     CAC   1   1   1   1   1   1 |     CGC   1   1   1   1   1   1
    CTA   0   0   0   0   0   0 |     CCA   2   2   2   2   2   2 | Gln CAA   1   1   1   1   1   1 |     CGA   0   0   0   0   0   0
    CTG   1   1   1   1   1   1 |     CCG   0   0   0   0   0   0 |     CAG   5   5   5   5   5   5 |     CGG   0   0   0   0   0   0
--------------------------------------------------------------------------------------------------------------------------------------
Ile ATT   5   5   5   5   5   5 | Thr ACT   9   8   9   9   9   9 | Asn AAT   5   4   4   5   4   5 | Ser AGT   1   1   1   1   1   1
    ATC   3   3   3   3   3   3 |     ACC   1   2   1   1   1   1 |     AAC   1   2   1   1   2   1 |     AGC   1   1   2   1   1   1
    ATA   2   2   2   2   2   2 |     ACA   2   2   2   2   2   2 | Lys AAA   5   5   5   5   5   5 | Arg AGA   3   3   3   3   3   3
Met ATG   0   0   0   0   0   0 |     ACG   0   0   0   0   0   0 |     AAG   1   1   1   1   1   1 |     AGG   1   1   1   1   1   1
--------------------------------------------------------------------------------------------------------------------------------------
Val GTT   4   4   4   4   4   4 | Ala GCT   6   6   6   6   6   6 | Asp GAT   3   3   3   3   3   3 | Gly GGT   2   2   2   2   2   2
    GTC   0   0   0   0   0   0 |     GCC   1   1   1   1   1   1 |     GAC   0   0   0   0   0   0 |     GGC   1   1   1   1   1   1
    GTA   2   2   2   2   2   2 |     GCA   7   7   7   7   8   7 | Glu GAA   7   7   8   8   7   7 |     GGA   3   3   3   3   2   3
    GTG   2   2   2   2   2   2 |     GCG   1   1   1   1   0   1 |     GAG   2   2   1   1   2   2 |     GGG   1   1   1   1   2   1
--------------------------------------------------------------------------------------------------------------------------------------

--------------------------------------------------------------------------------------------------------------------------------------
Phe TTT   3   3   3   3   3   3 | Ser TCT   1   1   1   1   1   1 | Tyr TAT   2   2   2   2   2   2 | Cys TGT   0   0   0   0   0   0
    TTC   0   0   0   0   0   0 |     TCC   0   0   0   0   0   0 |     TAC   0   0   0   0   0   0 |     TGC   1   1   1   1   1   1
Leu TTA   2   2   2   2   2   2 |     TCA   5   5   5   5   5   5 | *** TAA   0   0   0   0   0   0 | *** TGA   0   0   0   0   0   0
    TTG   0   0   0   0   0   0 |     TCG   0   0   0   0   0   0 |     TAG   0   0   0   0   0   0 | Trp TGG   3   3   3   3   3   3
--------------------------------------------------------------------------------------------------------------------------------------
Leu CTT   1   1   1   1   1   1 | Pro CCT   1   1   1   1   1   1 | His CAT   1   1   1   1   1   1 | Arg CGT   0   0   0   0   0   0
    CTC   1   1   1   1   1   1 |     CCC   0   0   0   0   0   0 |     CAC   1   1   1   1   1   1 |     CGC   1   1   1   1   1   1
    CTA   0   0   0   0   0   0 |     CCA   2   2   2   2   2   2 | Gln CAA   1   1   1   1   1   1 |     CGA   0   0   0   0   0   0
    CTG   1   1   1   1   1   1 |     CCG   0   0   0   0   0   0 |     CAG   5   5   5   5   5   5 |     CGG   0   0   0   0   0   0
--------------------------------------------------------------------------------------------------------------------------------------
Ile ATT   6   4   4   5   5   5 | Thr ACT   8   8   9   8   9   9 | Asn AAT   3   4   5   3   5   5 | Ser AGT   1   1   1   1   1   1
    ATC   2   4   3   3   3   3 |     ACC   2   2   1   2   1   1 |     AAC   3   2   1   3   1   1 |     AGC   1   1   1   1   1   1
    ATA   2   2   3   2   2   2 |     ACA   2   2   2   2   2   2 | Lys AAA   6   6   5   4   5   5 | Arg AGA   3   3   3   3   3   3
Met ATG   0   0   0   0   0   0 |     ACG   0   0   0   0   0   0 |     AAG   0   0   1   2   1   1 |     AGG   1   1   1   1   1   1
--------------------------------------------------------------------------------------------------------------------------------------
Val GTT   4   4   4   4   4   4 | Ala GCT   6   6   7   6   6   6 | Asp GAT   3   3   3   3   3   3 | Gly GGT   2   2   2   2   2   2
    GTC   0   0   0   0   0   0 |     GCC   1   1   1   1   1   1 |     GAC   0   0   0   0   0   0 |     GGC   1   1   1   1   1   1
    GTA   3   3   2   2   2   2 |     GCA   7   7   7   8   7   8 | Glu GAA   7   7   7   8   7   7 |     GGA   3   3   3   3   3   3
    GTG   1   1   2   2   2   2 |     GCG   1   1   0   0   1   0 |     GAG   2   2   2   1   2   2 |     GGG   1   1   1   1   1   1
--------------------------------------------------------------------------------------------------------------------------------------

--------------------------------------------------------------------------------------------------------------------------------------
Phe TTT   3   3   3   2   3   3 | Ser TCT   1   1   1   1   1   1 | Tyr TAT   2   2   2   2   2   2 | Cys TGT   0   0   0   1   0   0
    TTC   0   0   0   1   0   0 |     TCC   0   0   0   1   0   0 |     TAC   0   0   0   0   0   0 |     TGC   1   1   1   0   1   1
Leu TTA   2   2   2   2   2   2 |     TCA   5   4   5   4   5   5 | *** TAA   0   0   0   0   0   0 | *** TGA   0   0   0   0   0   0
    TTG   0   0   0   0   0   0 |     TCG   0   1   0   0   0   0 |     TAG   0   0   0   0   0   0 | Trp TGG   3   3   3   3   3   3
--------------------------------------------------------------------------------------------------------------------------------------
Leu CTT   1   1   1   1   1   1 | Pro CCT   1   1   1   2   1   1 | His CAT   1   1   1   1   1   1 | Arg CGT   0   0   0   1   0   0
    CTC   1   1   1   1   1   1 |     CCC   0   0   0   0   0   0 |     CAC   1   1   1   1   1   1 |     CGC   1   1   1   0   1   1
    CTA   0   0   0   0   0   0 |     CCA   2   2   2   1   2   2 | Gln CAA   1   1   1   2   1   1 |     CGA   0   0   0   1   0   0
    CTG   1   1   1   1   1   1 |     CCG   0   0   0   0   0   0 |     CAG   5   5   5   4   5   5 |     CGG   0   0   0   0   0   0
--------------------------------------------------------------------------------------------------------------------------------------
Ile ATT   5   5   5   5   5   5 | Thr ACT   8   8   9   5   9   8 | Asn AAT   4   4   5   5   4   3 | Ser AGT   1   1   1   0   1   1
    ATC   3   3   3   4   3   3 |     ACC   2   2   1   4   1   2 |     AAC   2   2   1   1   1   3 |     AGC   1   1   1   2   2   1
    ATA   2   2   2   2   2   2 |     ACA   2   2   2   3   2   2 | Lys AAA   4   5   5   4   5   4 | Arg AGA   4   3   3   1   3   3
Met ATG   0   0   0   0   0   0 |     ACG   0   0   0   0   0   0 |     AAG   2   1   1   2   1   2 |     AGG   0   1   1   2   1   1
--------------------------------------------------------------------------------------------------------------------------------------
Val GTT   4   4   4   3   4   4 | Ala GCT   5   6   6   5   6   6 | Asp GAT   3   3   3   3   3   3 | Gly GGT   2   2   2   2   2   2
    GTC   0   0   0   0   0   0 |     GCC   2   1   1   3   1   1 |     GAC   0   0   0   0   0   0 |     GGC   1   1   1   1   1   1
    GTA   2   2   2   3   2   2 |     GCA   8   7   7   6   7   8 | Glu GAA   7   7   7   7   8   8 |     GGA   3   3   3   3   3   3
    GTG   2   2   2   1   2   2 |     GCG   0   1   1   1   1   0 |     GAG   2   2   2   2   1   1 |     GGG   1   1   1   1   1   1
--------------------------------------------------------------------------------------------------------------------------------------

--------------------------------------------------------------------------------------------------------------------------------------
Phe TTT   3   3   3   3   3   3 | Ser TCT   1   1   1   1   1   1 | Tyr TAT   2   2   2   1   2   2 | Cys TGT   0   0   0   0   0   0
    TTC   0   0   0   0   0   0 |     TCC   0   0   0   0   0   0 |     TAC   0   0   0   1   0   0 |     TGC   1   1   1   1   1   1
Leu TTA   2   2   2   2   2   2 |     TCA   5   5   5   5   5   5 | *** TAA   0   0   0   0   0   0 | *** TGA   0   0   0   0   0   0
    TTG   0   0   0   0   0   0 |     TCG   0   0   0   0   0   0 |     TAG   0   0   0   0   0   0 | Trp TGG   3   3   3   3   3   3
--------------------------------------------------------------------------------------------------------------------------------------
Leu CTT   1   1   1   1   1   1 | Pro CCT   1   1   1   1   0   1 | His CAT   1   1   1   1   1   1 | Arg CGT   0   0   0   0   0   0
    CTC   1   1   1   1   1   1 |     CCC   0   0   0   0   0   0 |     CAC   1   1   1   1   1   1 |     CGC   1   1   1   1   1   1
    CTA   0   0   1   0   0   0 |     CCA   2   2   2   2   3   2 | Gln CAA   1   1   1   1   1   1 |     CGA   0   0   0   0   0   0
    CTG   1   1   0   1   1   1 |     CCG   0   0   0   0   0   0 |     CAG   5   5   5   5   5   5 |     CGG   0   0   0   0   0   0
--------------------------------------------------------------------------------------------------------------------------------------
Ile ATT   5   5   5   5   5   5 | Thr ACT   9   8   8   9   8   9 | Asn AAT   5   3   4   5   4   4 | Ser AGT   1   1   1   1   2   1
    ATC   3   3   3   3   3   2 |     ACC   1   3   2   1   2   1 |     AAC   1   3   2   1   2   1 |     AGC   1   1   1   1   0   2
    ATA   2   2   2   2   2   2 |     ACA   2   0   2   2   2   2 | Lys AAA   5   4   6   5   6   5 | Arg AGA   3   3   3   3   3   3
Met ATG   0   0   0   0   0   1 |     ACG   0   1   0   0   0   0 |     AAG   1   2   0   1   0   1 |     AGG   1   1   1   1   1   1
--------------------------------------------------------------------------------------------------------------------------------------
Val GTT   4   4   3   4   4   4 | Ala GCT   6   6   6   6   6   6 | Asp GAT   3   3   3   3   3   3 | Gly GGT   2   2   2   2   2   2
    GTC   0   0   1   0   0   0 |     GCC   1   1   1   1   1   1 |     GAC   0   0   0   0   0   0 |     GGC   1   1   1   1   1   1
    GTA   2   2   2   2   2   2 |     GCA   7   8   8   7   8   7 | Glu GAA   7   8   7   8   8   8 |     GGA   3   3   3   3   3   3
    GTG   2   2   2   2   2   2 |     GCG   1   0   0   1   0   1 |     GAG   2   1   2   1   1   1 |     GGG   1   1   1   1   1   1
--------------------------------------------------------------------------------------------------------------------------------------

--------------------------------------------------------------------------------------------------------------------------------------
Phe TTT   3   3   3   3   3   3 | Ser TCT   1   1   1   1   1   1 | Tyr TAT   2   2   2   2   2   2 | Cys TGT   0   0   0   0   0   0
    TTC   0   0   0   0   0   0 |     TCC   0   0   0   0   0   0 |     TAC   0   0   0   0   0   0 |     TGC   1   1   1   1   1   1
Leu TTA   2   2   2   2   2   2 |     TCA   5   5   5   5   5   4 | *** TAA   0   0   0   0   0   0 | *** TGA   0   0   0   0   0   0
    TTG   0   0   0   0   0   0 |     TCG   0   0   0   0   0   1 |     TAG   0   0   0   0   0   0 | Trp TGG   3   3   3   3   3   3
--------------------------------------------------------------------------------------------------------------------------------------
Leu CTT   1   1   1   1   1   1 | Pro CCT   1   1   1   1   1   1 | His CAT   1   1   1   1   1   1 | Arg CGT   0   0   0   0   0   0
    CTC   1   1   1   1   1   1 |     CCC   0   0   0   0   0   0 |     CAC   1   1   1   1   1   1 |     CGC   1   1   1   1   1   1
    CTA   0   0   0   0   0   0 |     CCA   2   2   2   2   2   2 | Gln CAA   1   1   1   1   1   1 |     CGA   0   0   0   0   0   0
    CTG   1   1   1   1   1   1 |     CCG   0   0   0   0   0   0 |     CAG   5   5   5   5   5   5 |     CGG   0   0   0   0   0   0
--------------------------------------------------------------------------------------------------------------------------------------
Ile ATT   5   5   5   5   5   5 | Thr ACT   9   8   9   9   9   8 | Asn AAT   5   4   5   5   5   4 | Ser AGT   1   1   1   1   1   1
    ATC   3   3   3   3   3   3 |     ACC   1   2   1   1   1   2 |     AAC   1   2   1   1   1   2 |     AGC   1   1   1   1   1   1
    ATA   2   2   2   2   2   2 |     ACA   2   2   2   2   2   2 | Lys AAA   5   5   5   5   5   5 | Arg AGA   3   3   3   3   3   3
Met ATG   0   0   0   0   0   0 |     ACG   0   0   0   0   0   0 |     AAG   1   1   1   1   1   1 |     AGG   1   1   1   1   1   1
--------------------------------------------------------------------------------------------------------------------------------------
Val GTT   4   4   4   4   4   4 | Ala GCT   6   6   6   6   5   7 | Asp GAT   3   3   3   3   3   3 | Gly GGT   2   2   2   2   2   2
    GTC   0   0   0   0   0   0 |     GCC   1   1   1   1   1   1 |     GAC   0   0   0   0   0   0 |     GGC   1   1   1   1   1   1
    GTA   2   2   2   2   2   2 |     GCA   7   7   7   7   8   6 | Glu GAA   8   7   7   7   7   8 |     GGA   3   3   3   3   3   3
    GTG   2   2   2   2   2   2 |     GCG   1   1   1   1   1   1 |     GAG   1   2   2   2   2   1 |     GGG   1   1   1   1   1   1
--------------------------------------------------------------------------------------------------------------------------------------

--------------------------------------------------------------------------------------------------------------------------------------
Phe TTT   3   3   3   3   3   3 | Ser TCT   1   1   1   1   1   1 | Tyr TAT   2   2   2   2   2   2 | Cys TGT   0   0   0   0   0   0
    TTC   0   0   0   0   0   0 |     TCC   0   0   0   0   0   0 |     TAC   0   0   0   0   0   0 |     TGC   1   1   1   1   1   1
Leu TTA   2   2   2   2   2   2 |     TCA   5   5   5   4   5   4 | *** TAA   0   0   0   0   0   0 | *** TGA   0   0   0   0   0   0
    TTG   0   0   0   0   0   0 |     TCG   0   0   0   1   0   1 |     TAG   0   0   0   0   0   0 | Trp TGG   3   3   3   3   3   3
--------------------------------------------------------------------------------------------------------------------------------------
Leu CTT   1   1   1   1   1   1 | Pro CCT   1   1   1   1   1   1 | His CAT   1   1   1   1   1   1 | Arg CGT   0   0   0   0   0   0
    CTC   1   1   1   1   1   1 |     CCC   0   0   0   0   0   0 |     CAC   1   1   1   1   1   1 |     CGC   1   1   0   1   1   1
    CTA   0   0   1   0   0   0 |     CCA   2   2   2   2   2   2 | Gln CAA   1   1   1   1   1   1 |     CGA   0   0   1   0   0   0
    CTG   1   1   0   1   1   1 |     CCG   0   0   0   0   0   0 |     CAG   5   5   5   5   5   5 |     CGG   0   0   0   0   0   0
--------------------------------------------------------------------------------------------------------------------------------------
Ile ATT   5   5   5   5   5   6 | Thr ACT   8   9   8   8   8  10 | Asn AAT   4   4   4   4   4   5 | Ser AGT   1   1   1   1   1   1
    ATC   3   3   3   3   3   3 |     ACC   2   1   2   2   2   1 |     AAC   2   2   2   2   2   1 |     AGC   1   1   1   1   1   1
    ATA   2   2   3   2   2   2 |     ACA   2   2   2   2   2   1 | Lys AAA   4   5   6   5   5   5 | Arg AGA   3   3   3   3   3   3
Met ATG   0   0   0   0   0   0 |     ACG   0   0   0   0   0   0 |     AAG   2   1   0   1   1   1 |     AGG   1   1   1   1   1   1
--------------------------------------------------------------------------------------------------------------------------------------
Val GTT   4   4   3   4   4   3 | Ala GCT   5   6   6   6   6   6 | Asp GAT   3   3   3   3   3   3 | Gly GGT   2   2   2   2   2   2
    GTC   0   0   1   0   0   0 |     GCC   2   1   1   1   1   1 |     GAC   0   0   0   0   0   0 |     GGC   1   1   1   1   1   1
    GTA   2   3   1   2   2   2 |     GCA   8   7   8   7   7   7 | Glu GAA   7   7   7   7   7   7 |     GGA   3   3   3   3   3   3
    GTG   2   1   2   2   2   2 |     GCG   0   1   0   1   1   1 |     GAG   2   2   2   2   2   2 |     GGG   1   1   1   1   1   1
--------------------------------------------------------------------------------------------------------------------------------------

--------------------------------------------------------------------------------------------------------------------------------------
Phe TTT   3   3   3   3   3   3 | Ser TCT   1   1   1   1   1   1 | Tyr TAT   2   2   2   2   2   2 | Cys TGT   0   0   0   0   0   0
    TTC   0   0   0   0   0   0 |     TCC   0   0   0   0   0   0 |     TAC   0   0   0   0   0   0 |     TGC   1   1   1   1   1   1
Leu TTA   2   2   2   2   2   2 |     TCA   5   5   5   5   5   5 | *** TAA   0   0   0   0   0   0 | *** TGA   0   0   0   0   0   0
    TTG   0   0   0   0   0   0 |     TCG   0   0   0   0   0   0 |     TAG   0   0   0   0   0   0 | Trp TGG   3   3   3   3   3   3
--------------------------------------------------------------------------------------------------------------------------------------
Leu CTT   1   1   1   1   1   1 | Pro CCT   1   1   1   1   1   1 | His CAT   1   1   1   1   1   1 | Arg CGT   0   0   0   0   0   0
    CTC   1   1   1   1   1   1 |     CCC   0   0   0   0   0   0 |     CAC   1   1   1   1   1   1 |     CGC   1   1   1   1   1   1
    CTA   0   0   0   0   0   0 |     CCA   2   2   2   2   2   2 | Gln CAA   1   1   1   1   1   1 |     CGA   0   0   0   0   0   0
    CTG   1   1   1   1   1   1 |     CCG   0   0   0   0   0   0 |     CAG   5   5   5   5   5   5 |     CGG   0   0   0   0   0   0
--------------------------------------------------------------------------------------------------------------------------------------
Ile ATT   5   5   5   5   5   5 | Thr ACT   9   9   9   8   8   8 | Asn AAT   5   4   5   4   5   3 | Ser AGT   1   1   1   1   1   1
    ATC   3   3   3   3   3   3 |     ACC   1   1   1   1   2   2 |     AAC   1   2   1   2   1   3 |     AGC   1   1   1   1   1   1
    ATA   2   2   2   2   2   2 |     ACA   2   2   2   3   2   2 | Lys AAA   5   5   5   5   4   4 | Arg AGA   3   3   3   3   3   3
Met ATG   0   0   0   0   0   0 |     ACG   0   0   0   0   0   0 |     AAG   1   1   1   1   2   2 |     AGG   1   1   1   1   1   1
--------------------------------------------------------------------------------------------------------------------------------------
Val GTT   4   4   4   4   4   4 | Ala GCT   6   6   6   6   6   6 | Asp GAT   3   3   3   3   3   3 | Gly GGT   2   2   2   2   2   2
    GTC   0   0   0   0   0   0 |     GCC   1   1   1   1   1   1 |     GAC   0   0   0   0   0   0 |     GGC   1   1   1   1   1   1
    GTA   2   2   2   2   2   2 |     GCA   7   7   8   8   8   8 | Glu GAA   7   7   7   7   8   8 |     GGA   3   3   3   3   3   3
    GTG   2   2   2   2   2   2 |     GCG   1   1   0   0   0   0 |     GAG   2   2   2   2   1   1 |     GGG   1   1   1   1   1   1
--------------------------------------------------------------------------------------------------------------------------------------

Codon position x base (3x4) table for each sequence.

#1: Argali         
position  1:    T:0.14912    C:0.13158    A:0.35088    G:0.36842
position  2:    T:0.22807    C:0.31579    A:0.29825    G:0.15789
position  3:    T:0.37719    C:0.10526    A:0.36842    G:0.14912
Average         T:0.25146    C:0.18421    A:0.33918    G:0.22515

#2: LesserMouseDeer
position  1:    T:0.14912    C:0.13158    A:0.35088    G:0.36842
position  2:    T:0.22807    C:0.31579    A:0.29825    G:0.15789
position  3:    T:0.34211    C:0.13158    A:0.38596    G:0.14035
Average         T:0.23977    C:0.19298    A:0.34503    G:0.22222

#3: LesserKudu     
position  1:    T:0.14912    C:0.13158    A:0.35088    G:0.36842
position  2:    T:0.22807    C:0.31579    A:0.29825    G:0.15789
position  3:    T:0.35088    C:0.14035    A:0.36842    G:0.14035
Average         T:0.24269    C:0.19591    A:0.33918    G:0.22222

#4: ForestMuskDeer2
position  1:    T:0.14912    C:0.13158    A:0.35088    G:0.36842
position  2:    T:0.22807    C:0.31579    A:0.29825    G:0.15789
position  3:    T:0.36842    C:0.11404    A:0.37719    G:0.14035
Average         T:0.24854    C:0.18713    A:0.34211    G:0.22222

#5: Camel          
position  1:    T:0.14912    C:0.13158    A:0.35088    G:0.36842
position  2:    T:0.22807    C:0.31579    A:0.29825    G:0.15789
position  3:    T:0.37719    C:0.09649    A:0.38596    G:0.14035
Average         T:0.25146    C:0.18129    A:0.34503    G:0.22222

#6: KillerWhale    
position  1:    T:0.14912    C:0.13158    A:0.35088    G:0.36842
position  2:    T:0.22807    C:0.31579    A:0.29825    G:0.15789
position  3:    T:0.35965    C:0.10526    A:0.38596    G:0.14912
Average         T:0.24561    C:0.18421    A:0.34503    G:0.22515

#7: DefassaWaterbuck
position  1:    T:0.14912    C:0.13158    A:0.35088    G:0.36842
position  2:    T:0.22807    C:0.31579    A:0.29825    G:0.15789
position  3:    T:0.38596    C:0.10526    A:0.35965    G:0.14912
Average         T:0.25439    C:0.18421    A:0.33626    G:0.22515

#8: Sheep          
position  1:    T:0.14912    C:0.13158    A:0.35088    G:0.36842
position  2:    T:0.22807    C:0.31579    A:0.29825    G:0.15789
position  3:    T:0.38596    C:0.10526    A:0.35965    G:0.14912
Average         T:0.25439    C:0.18421    A:0.33626    G:0.22515

#9: MaxwellsDuiker 
position  1:    T:0.14912    C:0.13158    A:0.35088    G:0.36842
position  2:    T:0.22807    C:0.31579    A:0.29825    G:0.15789
position  3:    T:0.37719    C:0.11404    A:0.36842    G:0.14035
Average         T:0.25146    C:0.18713    A:0.33918    G:0.22222

#10: GazellaPrzewalskyi
position  1:    T:0.14912    C:0.13158    A:0.35088    G:0.36842
position  2:    T:0.22807    C:0.31579    A:0.29825    G:0.15789
position  3:    T:0.39474    C:0.09649    A:0.35965    G:0.14912
Average         T:0.25731    C:0.18129    A:0.33626    G:0.22515

#11: MountainNyala  
position  1:    T:0.14912    C:0.13158    A:0.35088    G:0.36842
position  2:    T:0.22807    C:0.31579    A:0.29825    G:0.15789
position  3:    T:0.35965    C:0.13158    A:0.36842    G:0.14035
Average         T:0.24561    C:0.19298    A:0.33918    G:0.22222

#12: MuntiacusMuntjak
position  1:    T:0.14912    C:0.13158    A:0.35088    G:0.36842
position  2:    T:0.22807    C:0.31579    A:0.29825    G:0.15789
position  3:    T:0.35965    C:0.12281    A:0.39474    G:0.12281
Average         T:0.24561    C:0.19006    A:0.34795    G:0.21637

#13: goat           
position  1:    T:0.14912    C:0.13158    A:0.35088    G:0.36842
position  2:    T:0.22807    C:0.31579    A:0.29825    G:0.15789
position  3:    T:0.38596    C:0.10526    A:0.35965    G:0.14912
Average         T:0.25439    C:0.18421    A:0.33626    G:0.22515

#14: AfricanBuffalo 
position  1:    T:0.14912    C:0.13158    A:0.35088    G:0.36842
position  2:    T:0.22807    C:0.31579    A:0.29825    G:0.15789
position  3:    T:0.36842    C:0.12281    A:0.35965    G:0.14912
Average         T:0.24854    C:0.19006    A:0.33626    G:0.22515

#15: Topi           
position  1:    T:0.14912    C:0.13158    A:0.35088    G:0.36842
position  2:    T:0.22807    C:0.31579    A:0.28947    G:0.16667
position  3:    T:0.37719    C:0.11404    A:0.36842    G:0.14035
Average         T:0.25146    C:0.18713    A:0.33626    G:0.22515

#16: CommonDuiker   
position  1:    T:0.14912    C:0.13158    A:0.35088    G:0.36842
position  2:    T:0.22807    C:0.31579    A:0.29825    G:0.15789
position  3:    T:0.36842    C:0.11404    A:0.36842    G:0.14912
Average         T:0.24854    C:0.18713    A:0.33918    G:0.22515

#17: Suni           
position  1:    T:0.14912    C:0.13158    A:0.35088    G:0.36842
position  2:    T:0.22807    C:0.31579    A:0.29825    G:0.15789
position  3:    T:0.37719    C:0.11404    A:0.35965    G:0.14912
Average         T:0.25146    C:0.18713    A:0.33626    G:0.22515

#18: Springbuck     
position  1:    T:0.14912    C:0.13158    A:0.35088    G:0.36842
position  2:    T:0.22807    C:0.31579    A:0.29825    G:0.15789
position  3:    T:0.38596    C:0.10526    A:0.35965    G:0.14912
Average         T:0.25439    C:0.18421    A:0.33626    G:0.22515

#19: Okapi          
position  1:    T:0.14912    C:0.13158    A:0.35088    G:0.36842
position  2:    T:0.22807    C:0.31579    A:0.29825    G:0.15789
position  3:    T:0.36842    C:0.12281    A:0.37719    G:0.13158
Average         T:0.24854    C:0.19006    A:0.34211    G:0.21930

#20: Giraffe        
position  1:    T:0.14912    C:0.13158    A:0.35088    G:0.36842
position  2:    T:0.22807    C:0.31579    A:0.29825    G:0.15789
position  3:    T:0.35965    C:0.13158    A:0.37719    G:0.13158
Average         T:0.24561    C:0.19298    A:0.34211    G:0.21930

#21: TibetanAntelope
position  1:    T:0.14912    C:0.13158    A:0.35088    G:0.36842
position  2:    T:0.22807    C:0.31579    A:0.29825    G:0.15789
position  3:    T:0.38596    C:0.10526    A:0.36842    G:0.14035
Average         T:0.25439    C:0.18421    A:0.33918    G:0.22222

#22: Sitatunga      
position  1:    T:0.14912    C:0.13158    A:0.35088    G:0.36842
position  2:    T:0.22807    C:0.31579    A:0.29825    G:0.15789
position  3:    T:0.35965    C:0.13158    A:0.36842    G:0.14035
Average         T:0.24561    C:0.19298    A:0.33918    G:0.22222

#23: Oribi          
position  1:    T:0.14912    C:0.13158    A:0.35088    G:0.36842
position  2:    T:0.22807    C:0.31579    A:0.29825    G:0.15789
position  3:    T:0.38596    C:0.10526    A:0.35965    G:0.14912
Average         T:0.25439    C:0.18421    A:0.33626    G:0.22515

#24: BarbarySheep   
position  1:    T:0.14912    C:0.13158    A:0.35088    G:0.36842
position  2:    T:0.22807    C:0.31579    A:0.29825    G:0.15789
position  3:    T:0.38596    C:0.10526    A:0.36842    G:0.14035
Average         T:0.25439    C:0.18421    A:0.33918    G:0.22222

#25: Daviddeer      
position  1:    T:0.14912    C:0.13158    A:0.35088    G:0.36842
position  2:    T:0.22807    C:0.31579    A:0.29825    G:0.15789
position  3:    T:0.35965    C:0.13158    A:0.36842    G:0.14035
Average         T:0.24561    C:0.19298    A:0.33918    G:0.22222

#26: Reindeer       
position  1:    T:0.14912    C:0.13158    A:0.35088    G:0.36842
position  2:    T:0.22807    C:0.31579    A:0.29825    G:0.15789
position  3:    T:0.36842    C:0.12281    A:0.35088    G:0.15789
Average         T:0.24854    C:0.19006    A:0.33333    G:0.22807

#27: Ibex           
position  1:    T:0.14912    C:0.13158    A:0.35088    G:0.36842
position  2:    T:0.22807    C:0.31579    A:0.29825    G:0.15789
position  3:    T:0.38596    C:0.10526    A:0.35965    G:0.14912
Average         T:0.25439    C:0.18421    A:0.33626    G:0.22515

#28: GyrantGazelle  
position  1:    T:0.14912    C:0.14035    A:0.35088    G:0.35965
position  2:    T:0.22807    C:0.31579    A:0.29825    G:0.15789
position  3:    T:0.34211    C:0.16667    A:0.34211    G:0.14912
Average         T:0.23977    C:0.20760    A:0.33041    G:0.22222

#29: Hartebeest     
position  1:    T:0.14912    C:0.13158    A:0.35088    G:0.36842
position  2:    T:0.22807    C:0.31579    A:0.28947    G:0.16667
position  3:    T:0.37719    C:0.11404    A:0.36842    G:0.14035
Average         T:0.25146    C:0.18713    A:0.33626    G:0.22515

#30: Bongo          
position  1:    T:0.14912    C:0.13158    A:0.35088    G:0.36842
position  2:    T:0.22807    C:0.31579    A:0.29825    G:0.15789
position  3:    T:0.35965    C:0.13158    A:0.36842    G:0.14035
Average         T:0.24561    C:0.19298    A:0.33918    G:0.22222

#31: Gerenuk        
position  1:    T:0.14912    C:0.13158    A:0.35088    G:0.36842
position  2:    T:0.22807    C:0.31579    A:0.29825    G:0.15789
position  3:    T:0.38596    C:0.10526    A:0.35965    G:0.14912
Average         T:0.25439    C:0.18421    A:0.33626    G:0.22515

#32: CommonEland    
position  1:    T:0.14912    C:0.13158    A:0.35088    G:0.36842
position  2:    T:0.22807    C:0.31579    A:0.29825    G:0.15789
position  3:    T:0.35965    C:0.14035    A:0.35088    G:0.14912
Average         T:0.24561    C:0.19591    A:0.33333    G:0.22515

#33: MuntiacusReevesi
position  1:    T:0.14912    C:0.13158    A:0.35088    G:0.36842
position  2:    T:0.22807    C:0.31579    A:0.29825    G:0.15789
position  3:    T:0.35965    C:0.13158    A:0.38596    G:0.12281
Average         T:0.24561    C:0.19298    A:0.34503    G:0.21637

#34: HarveysDuiker  
position  1:    T:0.14912    C:0.13158    A:0.35088    G:0.36842
position  2:    T:0.22807    C:0.31579    A:0.29825    G:0.15789
position  3:    T:0.37719    C:0.11404    A:0.36842    G:0.14035
Average         T:0.25146    C:0.18713    A:0.33918    G:0.22222

#35: Pronghorn      
position  1:    T:0.14912    C:0.13158    A:0.35088    G:0.36842
position  2:    T:0.22807    C:0.31579    A:0.29825    G:0.15789
position  3:    T:0.36842    C:0.11404    A:0.39474    G:0.12281
Average         T:0.24854    C:0.18713    A:0.34795    G:0.21637

#36: BlueWildebeest 
position  1:    T:0.14912    C:0.13158    A:0.35088    G:0.36842
position  2:    T:0.22807    C:0.31579    A:0.28947    G:0.16667
position  3:    T:0.37719    C:0.10526    A:0.36842    G:0.14912
Average         T:0.25146    C:0.18421    A:0.33626    G:0.22807

#37: Gemsbok        
position  1:    T:0.14912    C:0.13158    A:0.35088    G:0.36842
position  2:    T:0.22807    C:0.31579    A:0.29825    G:0.15789
position  3:    T:0.38596    C:0.10526    A:0.36842    G:0.14035
Average         T:0.25439    C:0.18421    A:0.33918    G:0.22222

#38: Yak            
position  1:    T:0.14912    C:0.13158    A:0.35088    G:0.36842
position  2:    T:0.22807    C:0.31579    A:0.29825    G:0.15789
position  3:    T:0.36842    C:0.12281    A:0.35965    G:0.14912
Average         T:0.24854    C:0.19006    A:0.33626    G:0.22515

#39: BlueSheep      
position  1:    T:0.14912    C:0.13158    A:0.35088    G:0.36842
position  2:    T:0.22807    C:0.31579    A:0.29825    G:0.15789
position  3:    T:0.38596    C:0.10526    A:0.35965    G:0.14912
Average         T:0.25439    C:0.18421    A:0.33626    G:0.22515

#40: BohorReedbuck  
position  1:    T:0.14912    C:0.13158    A:0.35088    G:0.36842
position  2:    T:0.22807    C:0.31579    A:0.29825    G:0.15789
position  3:    T:0.38596    C:0.10526    A:0.35965    G:0.14912
Average         T:0.25439    C:0.18421    A:0.33626    G:0.22515

#41: KirksDik       
position  1:    T:0.14912    C:0.13158    A:0.35088    G:0.36842
position  2:    T:0.22807    C:0.31579    A:0.29825    G:0.15789
position  3:    T:0.37719    C:0.10526    A:0.36842    G:0.14912
Average         T:0.25146    C:0.18421    A:0.33918    G:0.22515

#42: RoeDeer        
position  1:    T:0.14912    C:0.13158    A:0.35088    G:0.36842
position  2:    T:0.22807    C:0.31579    A:0.29825    G:0.15789
position  3:    T:0.37719    C:0.12281    A:0.35088    G:0.14912
Average         T:0.25146    C:0.19006    A:0.33333    G:0.22515

#43: WhiteLippedDeer
position  1:    T:0.14912    C:0.13158    A:0.35088    G:0.36842
position  2:    T:0.22807    C:0.31579    A:0.29825    G:0.15789
position  3:    T:0.35965    C:0.13158    A:0.35965    G:0.14912
Average         T:0.24561    C:0.19298    A:0.33626    G:0.22515

#44: ThomsonGazelle 
position  1:    T:0.14912    C:0.13158    A:0.35088    G:0.36842
position  2:    T:0.22807    C:0.31579    A:0.29825    G:0.15789
position  3:    T:0.37719    C:0.11404    A:0.36842    G:0.14035
Average         T:0.25146    C:0.18713    A:0.33918    G:0.22222

#45: MuntiacusCrinifrons
position  1:    T:0.14912    C:0.13158    A:0.35965    G:0.35965
position  2:    T:0.22807    C:0.31579    A:0.29825    G:0.15789
position  3:    T:0.35965    C:0.12281    A:0.39474    G:0.12281
Average         T:0.24561    C:0.19006    A:0.35088    G:0.21345

#46: WhiteTailedDeer
position  1:    T:0.14912    C:0.13158    A:0.35088    G:0.36842
position  2:    T:0.22807    C:0.31579    A:0.29825    G:0.15789
position  3:    T:0.36842    C:0.12281    A:0.35088    G:0.15789
Average         T:0.24854    C:0.19006    A:0.33333    G:0.22807

#47: Cattle         
position  1:    T:0.14912    C:0.13158    A:0.35088    G:0.36842
position  2:    T:0.22807    C:0.31579    A:0.29825    G:0.15789
position  3:    T:0.36842    C:0.12281    A:0.35965    G:0.14912
Average         T:0.24854    C:0.19006    A:0.33626    G:0.22515

#48: RoyalAntelope  
position  1:    T:0.14912    C:0.13158    A:0.35965    G:0.35965
position  2:    T:0.22807    C:0.31579    A:0.29825    G:0.15789
position  3:    T:0.39474    C:0.10526    A:0.34211    G:0.15789
Average         T:0.25731    C:0.18421    A:0.33333    G:0.22515

#49: Steenbok       
position  1:    T:0.14912    C:0.13158    A:0.35088    G:0.36842
position  2:    T:0.22807    C:0.31579    A:0.29825    G:0.15789
position  3:    T:0.38596    C:0.10526    A:0.35965    G:0.14912
Average         T:0.25439    C:0.18421    A:0.33626    G:0.22515

#50: Impala         
position  1:    T:0.14912    C:0.13158    A:0.35088    G:0.36842
position  2:    T:0.22807    C:0.31579    A:0.29825    G:0.15789
position  3:    T:0.37719    C:0.11404    A:0.35965    G:0.14912
Average         T:0.25146    C:0.18713    A:0.33626    G:0.22515

#51: Klipspringer   
position  1:    T:0.14912    C:0.13158    A:0.35088    G:0.36842
position  2:    T:0.22807    C:0.31579    A:0.29825    G:0.15789
