1
52 1
Argali 0.000000 0.259500 0.083100 0.216100 0.061400 0.003900 0.036000 0.060600 0.069700 0.099300 0.019800 0.070400 0.031900 0.040300 0.061800 0.036000 0.113500 0.108100 0.077100 0.069700 0.048500 0.027900 0.094800 0.103900 0.019800 0.057000 0.027900 0.070000 0.044400 0.078600 0.104200 0.036100 0.127900 0.032000 0.118700 0.075100 0.015800 0.065800 0.131200 0.094100 0.085600 0.057100 0.099300 0.123000 0.074800 0.102000 0.073900 0.065300 0.218400 0.070900 0.069700 0.069700
LesserMous 0.259500 0.000000 0.237500 0.207500 0.267700 0.254600 0.237500 0.275600 0.230500 0.191700 0.254600 0.221400 0.249000 0.238600 0.222100 0.243000 0.181400 0.175200 0.278100 0.230500 0.249400 0.266900 0.186500 0.197300 0.254600 0.249300 0.243900 0.237200 0.232500 0.225900 0.191900 0.243400 0.191500 0.250300 0.344800 0.239800 0.248300 0.273500 0.340000 0.184900 0.175900 0.249800 0.191700 0.208500 0.239000 0.342000 0.272200 0.259800 0.459900 0.201100 0.230500 0.230500
LesserKudu 0.083100 0.237500 0.000000 0.173900 0.088200 0.079000 0.061600 0.086700 0.011800 0.090500 0.069400 0.048900 0.065700 0.066100 0.070700 0.061300 0.095100 0.089900 0.113100 0.011700 0.070300 0.078300 0.086000 0.095100 0.069800 0.083300 0.061500 0.031900 0.070500 0.019700 0.095300 0.061600 0.099600 0.065900 0.156500 0.053600 0.065700 0.083700 0.155300 0.094500 0.076900 0.083700 0.090500 0.104500 0.052600 0.148700 0.110400 0.052900 0.250800 0.071200 0.011700 0.011700
KillerWhal 0.216100 0.207500 0.173900 0.000000 0.212500 0.211500 0.189900 0.231300 0.167900 0.151700 0.200300 0.191200 0.195200 0.185300 0.202900 0.189600 0.131400 0.135700 0.251300 0.167900 0.206500 0.211700 0.146800 0.157000 0.200300 0.206500 0.190300 0.195000 0.201600 0.173800 0.157100 0.190000 0.141200 0.196100 0.290400 0.197500 0.194600 0.206800 0.292800 0.155700 0.136600 0.206900 0.151700 0.146600 0.196800 0.281800 0.216400 0.205200 0.422600 0.150400 0.167900 0.167900
DefassaWat 0.061400 0.267700 0.088200 0.212500 0.000000 0.057300 0.040500 0.073900 0.074500 0.095500 0.048800 0.075300 0.044600 0.044800 0.066600 0.048800 0.119300 0.113800 0.099600 0.074500 0.053200 0.057400 0.090900 0.100100 0.048800 0.070400 0.040500 0.083700 0.049000 0.083600 0.100300 0.040500 0.133900 0.044800 0.133000 0.080100 0.044500 0.019800 0.145900 0.099400 0.081700 0.070500 0.095500 0.109600 0.079800 0.125200 0.096700 0.070100 0.224600 0.075900 0.074500 0.074500
Sheep 0.003900 0.254600 0.079000 0.211500 0.057300 0.000000 0.032000 0.056600 0.065600 0.095000 0.015800 0.066300 0.027900 0.036200 0.057700 0.032000 0.109100 0.103800 0.073100 0.065600 0.044500 0.023900 0.090500 0.099600 0.015800 0.052900 0.023900 0.065900 0.040400 0.074500 0.099800 0.032100 0.123500 0.028000 0.114600 0.070900 0.011800 0.061700 0.127000 0.089800 0.081300 0.053000 0.095000 0.118600 0.070700 0.097900 0.069800 0.061200 0.213900 0.066700 0.065600 0.065600
MaxwellsDu 0.036000 0.237500 0.061600 0.189900 0.040500 0.032000 0.000000 0.048200 0.048600 0.085900 0.032000 0.049100 0.028000 0.011700 0.040700 0.015800 0.090500 0.085100 0.081700 0.048600 0.028000 0.040300 0.081400 0.090500 0.032000 0.036200 0.024000 0.057300 0.024000 0.057200 0.090600 0.007900 0.104500 0.028100 0.114600 0.053600 0.027900 0.036300 0.118000 0.089900 0.072300 0.036300 0.085900 0.109200 0.053400 0.097900 0.061200 0.044400 0.213800 0.049400 0.048600 0.048600
GazellaPrz 0.060600 0.275600 0.086700 0.231300 0.073900 0.056600 0.048200 0.000000 0.073600 0.122000 0.064800 0.074000 0.060600 0.052500 0.065500 0.039700 0.122100 0.116900 0.107500 0.073300 0.044100 0.073500 0.117300 0.126800 0.064800 0.043900 0.056500 0.082300 0.040000 0.082200 0.127000 0.048200 0.141500 0.060800 0.131800 0.079000 0.060700 0.069600 0.126200 0.116500 0.107900 0.044200 0.122000 0.146400 0.078400 0.114900 0.069200 0.060700 0.223000 0.083600 0.073300 0.073300
MountainNy 0.069700 0.230500 0.011800 0.167900 0.074500 0.065600 0.048600 0.073600 0.000000 0.085500 0.057000 0.048900 0.052800 0.053000 0.057600 0.048600 0.090100 0.084800 0.099100 0.000000 0.061400 0.065600 0.081100 0.090100 0.057000 0.070000 0.048700 0.019800 0.057300 0.007900 0.090200 0.048600 0.094600 0.053000 0.141700 0.053400 0.052700 0.070200 0.140700 0.089500 0.072000 0.070100 0.085500 0.099300 0.053200 0.134000 0.096200 0.040100 0.244700 0.057800 0.000000 0.000000
MuntiacusM 0.099300 0.191700 0.090500 0.151700 0.095500 0.095000 0.085900 0.122000 0.085500 0.000000 0.094900 0.086500 0.090400 0.081600 0.096100 0.085800 0.055800 0.050500 0.139900 0.085500 0.090600 0.104400 0.021000 0.029500 0.094900 0.099900 0.086100 0.090500 0.086200 0.095000 0.004100 0.085900 0.069400 0.090800 0.185200 0.091500 0.090200 0.100100 0.198700 0.029300 0.012500 0.100100 0.000000 0.047000 0.091200 0.177300 0.118300 0.099300 0.283400 0.050900 0.085500 0.085500
goat 0.019800 0.254600 0.069400 0.200300 0.048800 0.015800 0.032000 0.064800 0.057000 0.094900 0.000000 0.057400 0.019800 0.036200 0.048300 0.031400 0.099600 0.094400 0.073000 0.056800 0.044500 0.007800 0.090400 0.099600 0.000000 0.052700 0.015800 0.064400 0.040400 0.065500 0.099700 0.032100 0.113800 0.019800 0.096800 0.062100 0.003900 0.053100 0.127100 0.098900 0.081200 0.053000 0.094900 0.118600 0.061700 0.097900 0.069800 0.052700 0.203800 0.057900 0.056800 0.056800
AfricanBuf 0.070400 0.221400 0.048900 0.191200 0.075300 0.066300 0.049100 0.074000 0.048900 0.086500 0.057400 0.000000 0.053100 0.053500 0.049400 0.048900 0.086500 0.072000 0.100100 0.048800 0.053400 0.066100 0.082000 0.091200 0.057400 0.053200 0.049000 0.061800 0.049300 0.057400 0.086600 0.049100 0.095700 0.053400 0.142900 0.012100 0.053200 0.070900 0.146300 0.090500 0.072900 0.053500 0.086500 0.110000 0.012000 0.135100 0.097200 0.053200 0.240800 0.058400 0.048800 0.048800
Topi 0.031900 0.249000 0.065700 0.195200 0.044600 0.027900 0.028000 0.060600 0.052800 0.090400 0.019800 0.053100 0.000000 0.032100 0.044800 0.027800 0.095100 0.089800 0.077400 0.051900 0.040400 0.027900 0.085900 0.095000 0.019500 0.048600 0.003900 0.061300 0.036300 0.061300 0.095200 0.028000 0.109100 0.007900 0.101300 0.057800 0.015800 0.048900 0.131600 0.094400 0.076800 0.048800 0.090400 0.113900 0.057500 0.102400 0.074200 0.048500 0.219100 0.053700 0.051800 0.052600
CommonDuik 0.040300 0.238600 0.066100 0.185300 0.044800 0.036200 0.011700 0.052500 0.053000 0.081600 0.036200 0.053500 0.032100 0.000000 0.045100 0.019900 0.086200 0.080800 0.086300 0.053000 0.032200 0.044600 0.077200 0.086200 0.036200 0.040500 0.028100 0.061800 0.028100 0.061700 0.086300 0.011900 0.100200 0.032300 0.119300 0.058100 0.032100 0.040600 0.122800 0.085600 0.068100 0.040500 0.081600 0.104900 0.057900 0.102600 0.057100 0.048700 0.219200 0.053900 0.053000 0.053000
Suni 0.061800 0.222100 0.070700 0.202900 0.066600 0.057700 0.040700 0.065500 0.057600 0.096100 0.048300 0.049400 0.044800 0.045100 0.000000 0.039900 0.100800 0.086100 0.091300 0.056800 0.053500 0.057300 0.091500 0.100800 0.048100 0.053300 0.039900 0.066300 0.040900 0.057600 0.096200 0.040800 0.105500 0.044900 0.120000 0.054100 0.044800 0.062300 0.137300 0.100100 0.082200 0.053600 0.096100 0.120100 0.053700 0.116800 0.079400 0.044800 0.235900 0.058600 0.057400 0.057400
Springbuck 0.036000 0.243000 0.061300 0.189600 0.048800 0.032000 0.015800 0.039700 0.048600 0.085800 0.031400 0.048900 0.027800 0.019900 0.039900 0.000000 0.090400 0.085100 0.081700 0.048400 0.019900 0.040200 0.081300 0.090400 0.031600 0.027900 0.023900 0.057000 0.015900 0.057000 0.090500 0.015800 0.104300 0.027700 0.105700 0.053500 0.027900 0.044600 0.109100 0.089800 0.072300 0.028000 0.085800 0.109100 0.053200 0.080500 0.052700 0.044300 0.203800 0.049400 0.048400 0.048400
Okapi 0.113500 0.181400 0.095100 0.131400 0.119300 0.109100 0.090500 0.122100 0.090100 0.055800 0.099600 0.086500 0.095100 0.086200 0.100800 0.090400 0.000000 0.032300 0.145000 0.090100 0.104700 0.109200 0.051400 0.060300 0.099600 0.099900 0.090700 0.104500 0.100200 0.099700 0.060300 0.090600 0.064800 0.095500 0.190700 0.091500 0.094900 0.109700 0.199200 0.059800 0.042500 0.100100 0.055800 0.078600 0.091200 0.182800 0.123300 0.104000 0.296400 0.055300 0.090100 0.090100
Giraffe 0.108100 0.175200 0.089900 0.135700 0.113800 0.103800 0.085100 0.116900 0.084800 0.050500 0.094400 0.072000 0.089800 0.080800 0.086100 0.085100 0.032300 0.000000 0.125000 0.084800 0.099300 0.104000 0.037400 0.055100 0.094400 0.077000 0.085400 0.099200 0.085300 0.094400 0.050600 0.085100 0.050300 0.090200 0.180000 0.073100 0.089500 0.108900 0.183100 0.054800 0.037300 0.077100 0.050500 0.073400 0.076700 0.177200 0.118000 0.098800 0.278200 0.045500 0.084800 0.084800
TibetanAnt 0.077100 0.278100 0.113100 0.251300 0.099600 0.073100 0.081700 0.107500 0.099100 0.139900 0.073000 0.100100 0.077400 0.086300 0.091300 0.081700 0.145000 0.125000 0.000000 0.099100 0.095000 0.073200 0.135100 0.144800 0.073000 0.095000 0.073300 0.108500 0.081900 0.108400 0.140100 0.073100 0.149800 0.077700 0.158600 0.096000 0.068600 0.104200 0.152400 0.134200 0.125600 0.095200 0.139900 0.164800 0.095700 0.141500 0.121800 0.103600 0.237400 0.100700 0.099100 0.099100
Sitatunga 0.069700 0.230500 0.011700 0.167900 0.074500 0.065600 0.048600 0.073300 0.000000 0.085500 0.056800 0.048800 0.051900 0.053000 0.056800 0.048400 0.090100 0.084800 0.099100 0.000000 0.061400 0.065400 0.081000 0.090100 0.056800 0.069000 0.048500 0.019600 0.057200 0.007800 0.090200 0.048600 0.094600 0.052800 0.141700 0.053400 0.052700 0.070200 0.140700 0.089500 0.072000 0.070100 0.085500 0.099300 0.053000 0.133900 0.096200 0.040100 0.244700 0.057800 0.000000 0.000000
Oribi 0.048500 0.249400 0.070300 0.206500 0.053200 0.044500 0.028000 0.044100 0.061400 0.090600 0.044500 0.053400 0.040400 0.032200 0.053500 0.019900 0.104700 0.099300 0.095000 0.061400 0.000000 0.053000 0.086100 0.095300 0.044500 0.032100 0.036300 0.070300 0.011900 0.070300 0.095400 0.028000 0.118900 0.040500 0.128300 0.057900 0.040300 0.057400 0.105000 0.094600 0.077000 0.032200 0.090600 0.114200 0.057700 0.102500 0.057000 0.057100 0.219300 0.062500 0.061400 0.061400
BarbaryShe 0.027900 0.266900 0.078300 0.211700 0.057400 0.023900 0.040300 0.073500 0.065600 0.104400 0.007800 0.066100 0.027900 0.044600 0.057300 0.040200 0.109200 0.104000 0.073200 0.065400 0.053000 0.000000 0.099800 0.109200 0.007800 0.061300 0.023900 0.074400 0.048900 0.074300 0.109300 0.032100 0.123600 0.028000 0.105600 0.071000 0.011800 0.061700 0.127200 0.108400 0.090500 0.061700 0.104400 0.118800 0.070500 0.106900 0.069900 0.061300 0.214000 0.066800 0.065400 0.065400
Daviddeer 0.094800 0.186500 0.086000 0.146800 0.090900 0.090500 0.081400 0.117300 0.081100 0.021000 0.090400 0.082000 0.085900 0.077200 0.091500 0.081300 0.051400 0.037400 0.135100 0.081000 0.086100 0.099800 0.000000 0.025200 0.090400 0.095300 0.081600 0.086000 0.081700 0.090500 0.025300 0.081400 0.064900 0.086300 0.180100 0.087000 0.085700 0.095500 0.193500 0.024700 0.008300 0.095500 0.021000 0.042600 0.086700 0.172300 0.113700 0.094700 0.288900 0.046600 0.081000 0.081000
Reindeer 0.103900 0.197300 0.095100 0.157000 0.100100 0.099600 0.090500 0.126800 0.090100 0.029500 0.099600 0.091200 0.095000 0.086200 0.100800 0.090400 0.060300 0.055100 0.144800 0.090100 0.095300 0.109200 0.025200 0.000000 0.099600 0.104600 0.090700 0.095100 0.090800 0.099700 0.033800 0.090500 0.074000 0.095500 0.190200 0.096200 0.094800 0.104800 0.203800 0.025000 0.016700 0.104800 0.029500 0.025200 0.095900 0.182400 0.123200 0.103900 0.289100 0.055300 0.090100 0.090100
Ibex 0.019800 0.254600 0.069800 0.200300 0.048800 0.015800 0.032000 0.064800 0.057000 0.094900 0.000000 0.057400 0.019500 0.036200 0.048100 0.031600 0.099600 0.094400 0.073000 0.056800 0.044500 0.007800 0.090400 0.099600 0.000000 0.052700 0.015800 0.065600 0.040400 0.065500 0.099700 0.032100 0.113800 0.019500 0.096800 0.062100 0.003900 0.053100 0.127100 0.098900 0.081200 0.053000 0.094900 0.118600 0.061700 0.097900 0.069800 0.052700 0.203800 0.057900 0.056800 0.056800
GyrantGaze 0.057000 0.249300 0.083300 0.206500 0.070400 0.052900 0.036200 0.043900 0.070000 0.099900 0.052700 0.053200 0.048600 0.040500 0.053300 0.027900 0.099900 0.077000 0.095000 0.069000 0.032100 0.061300 0.095300 0.104600 0.052700 0.000000 0.044500 0.078800 0.019900 0.078700 0.100000 0.036200 0.109300 0.048700 0.137400 0.053600 0.048600 0.066100 0.113600 0.103900 0.086100 0.000000 0.099900 0.123800 0.056600 0.111300 0.057000 0.065600 0.223700 0.062500 0.069800 0.069800
Hartebeest 0.027900 0.243900 0.061500 0.190300 0.040500 0.023900 0.024000 0.056500 0.048700 0.086100 0.015800 0.049000 0.003900 0.028100 0.039900 0.023900 0.090700 0.085400 0.073300 0.048500 0.036300 0.023900 0.081600 0.090700 0.015800 0.044500 0.000000 0.057200 0.032200 0.057100 0.090800 0.024000 0.104700 0.003900 0.097200 0.053700 0.011800 0.044800 0.127400 0.090100 0.072500 0.044700 0.086100 0.109500 0.053300 0.098200 0.070000 0.044500 0.214400 0.049500 0.048500 0.048500
Bongo 0.070000 0.237200 0.031900 0.195000 0.083700 0.065900 0.057300 0.082300 0.019800 0.090500 0.064400 0.061800 0.061300 0.061800 0.066300 0.057000 0.104500 0.099200 0.108500 0.019600 0.070300 0.074400 0.086000 0.095100 0.065600 0.078800 0.057200 0.000000 0.066100 0.027900 0.095300 0.057300 0.109100 0.061600 0.151500 0.066600 0.061400 0.079300 0.159700 0.094500 0.076900 0.079200 0.090500 0.104400 0.066200 0.143700 0.105700 0.048600 0.255900 0.071200 0.019800 0.019800
Gerenuk 0.044400 0.232500 0.070500 0.201600 0.049000 0.040400 0.024000 0.040000 0.057300 0.086200 0.040400 0.049300 0.036300 0.028100 0.040900 0.015900 0.100200 0.085300 0.081900 0.057200 0.011900 0.048900 0.081700 0.090800 0.040400 0.019900 0.032200 0.066100 0.000000 0.066000 0.086300 0.024000 0.104900 0.036400 0.123900 0.053800 0.036200 0.053300 0.100700 0.090200 0.072600 0.020000 0.086200 0.109700 0.053600 0.098200 0.052900 0.052900 0.219200 0.058200 0.057200 0.057200
CommonElan 0.078600 0.225900 0.019700 0.173800 0.083600 0.074500 0.057200 0.082200 0.007900 0.095000 0.065500 0.057400 0.061300 0.061700 0.057600 0.057000 0.099700 0.094400 0.108400 0.007800 0.070300 0.074300 0.090500 0.099700 0.065500 0.078700 0.057100 0.027900 0.066000 0.000000 0.099800 0.057300 0.104300 0.061900 0.151500 0.062200 0.061300 0.079200 0.150400 0.099000 0.081300 0.079100 0.095000 0.109000 0.061800 0.143700 0.105600 0.048600 0.256200 0.066700 0.007800 0.007800
MuntiacusR 0.104200 0.191900 0.095300 0.157100 0.100300 0.099800 0.090600 0.127000 0.090200 0.004100 0.099700 0.086600 0.095200 0.086300 0.096200 0.090500 0.060300 0.050600 0.140100 0.090200 0.095400 0.109300 0.025300 0.033800 0.099700 0.100000 0.090800 0.095300 0.086300 0.099800 0.000000 0.090700 0.069400 0.095600 0.190600 0.091600 0.095000 0.105000 0.198900 0.033600 0.016700 0.100200 0.004100 0.051500 0.091300 0.182700 0.123300 0.104100 0.283300 0.055400 0.090200 0.090200
HarveysDui 0.036100 0.243400 0.061600 0.190000 0.040500 0.032100 0.007900 0.048200 0.048600 0.085900 0.032100 0.049100 0.028000 0.011900 0.040800 0.015800 0.090600 0.085100 0.073100 0.048600 0.028000 0.032100 0.081400 0.090500 0.032100 0.036200 0.024000 0.057300 0.024000 0.057300 0.090700 0.000000 0.104600 0.028100 0.114700 0.053600 0.027900 0.036400 0.109300 0.089900 0.072400 0.036300 0.085900 0.109300 0.053500 0.098000 0.052800 0.044400 0.213900 0.049500 0.048600 0.048600
Pronghorn 0.127900 0.191500 0.099600 0.141200 0.133900 0.123500 0.104500 0.141500 0.094600 0.069400 0.113800 0.095700 0.109100 0.100200 0.105500 0.104300 0.064800 0.050300 0.149800 0.094600 0.118900 0.123600 0.064900 0.074000 0.113800 0.109300 0.104700 0.109100 0.104900 0.104300 0.069400 0.104600 0.000000 0.109600 0.195500 0.100800 0.108900 0.128900 0.198600 0.073400 0.055900 0.109500 0.069400 0.083200 0.100500 0.197900 0.137900 0.118200 0.312500 0.068800 0.094600 0.094600
BlueWildeb 0.032000 0.250300 0.065900 0.196100 0.044800 0.028000 0.028100 0.060800 0.053000 0.090800 0.019800 0.053400 0.007900 0.032300 0.044900 0.027700 0.095500 0.090200 0.077700 0.052800 0.040500 0.028000 0.086300 0.095500 0.019500 0.048700 0.003900 0.061600 0.036400 0.061900 0.095600 0.028100 0.109600 0.000000 0.101600 0.058100 0.015900 0.049100 0.132100 0.094800 0.077100 0.049000 0.090800 0.114400 0.057700 0.102700 0.074500 0.048700 0.219700 0.053900 0.052800 0.051700
Gemsbok 0.118700 0.344800 0.156500 0.290400 0.133000 0.114600 0.114600 0.131800 0.141700 0.185200 0.096800 0.142900 0.101300 0.119300 0.120000 0.105700 0.190700 0.180000 0.158600 0.141700 0.128300 0.105600 0.180100 0.190200 0.096800 0.137400 0.097200 0.151500 0.123900 0.151500 0.190600 0.114700 0.195500 0.101600 0.000000 0.148200 0.101100 0.137600 0.216300 0.179300 0.170200 0.137700 0.185200 0.211100 0.147700 0.156900 0.155900 0.128000 0.223200 0.134300 0.141700 0.141700
Yak 0.075100 0.239800 0.053600 0.197500 0.080100 0.070900 0.053600 0.079000 0.053400 0.091500 0.062100 0.012100 0.057800 0.058100 0.054100 0.053500 0.091500 0.073100 0.096000 0.053400 0.057900 0.071000 0.087000 0.096200 0.062100 0.053600 0.053700 0.066600 0.053800 0.062200 0.091600 0.053600 0.100800 0.058100 0.148200 0.000000 0.057700 0.075600 0.151500 0.095500 0.077800 0.053700 0.091500 0.115300 0.000000 0.140300 0.102200 0.057700 0.236500 0.063100 0.053400 0.053400
BlueSheep 0.015800 0.248300 0.065700 0.194600 0.044500 0.011800 0.027900 0.060700 0.052700 0.090200 0.003900 0.053200 0.015800 0.032100 0.044800 0.027900 0.094900 0.089500 0.068600 0.052700 0.040300 0.011800 0.085700 0.094800 0.003900 0.048600 0.011800 0.061400 0.036200 0.061300 0.095000 0.027900 0.108900 0.015900 0.101100 0.057700 0.000000 0.048800 0.122400 0.094200 0.076600 0.048700 0.090200 0.113600 0.057600 0.093500 0.065400 0.048400 0.208700 0.053600 0.052700 0.052700
BohorReedb 0.065800 0.273500 0.083700 0.206800 0.019800 0.061700 0.036300 0.069600 0.070200 0.100100 0.053100 0.070900 0.048900 0.040600 0.062300 0.044600 0.109700 0.108900 0.104200 0.070200 0.057400 0.061700 0.095500 0.104800 0.053100 0.066100 0.044800 0.079300 0.053300 0.079200 0.105000 0.036400 0.128900 0.049100 0.137600 0.075600 0.048800 0.000000 0.141100 0.104100 0.086300 0.066200 0.100100 0.114400 0.075400 0.129800 0.092200 0.065800 0.229900 0.071400 0.070200 0.070200
KirksDik 0.131200 0.340000 0.155300 0.292800 0.145900 0.127000 0.118000 0.126200 0.140700 0.198700 0.127100 0.146300 0.131600 0.122800 0.137300 0.109100 0.199200 0.183100 0.152400 0.140700 0.105000 0.127200 0.193500 0.203800 0.127100 0.113600 0.127400 0.159700 0.100700 0.150400 0.198900 0.109300 0.198600 0.132100 0.216300 0.151500 0.122400 0.141100 0.000000 0.202600 0.183500 0.113900 0.198700 0.224800 0.151100 0.138000 0.131400 0.140500 0.223700 0.156500 0.140700 0.140700
RoeDeer 0.094100 0.184900 0.094500 0.155700 0.099400 0.089800 0.089900 0.116500 0.089500 0.029300 0.098900 0.090500 0.094400 0.085600 0.100100 0.089800 0.059800 0.054800 0.134200 0.089500 0.094600 0.108400 0.024700 0.025000 0.098900 0.103900 0.090100 0.094500 0.090200 0.099000 0.033600 0.089900 0.073400 0.094800 0.179300 0.095500 0.094200 0.104100 0.202600 0.000000 0.016500 0.104100 0.029300 0.042200 0.095200 0.181300 0.122300 0.103300 0.287800 0.054900 0.089500 0.089500
WhiteLippe 0.085600 0.175900 0.076900 0.136600 0.081700 0.081300 0.072300 0.107900 0.072000 0.012500 0.081200 0.072900 0.076800 0.068100 0.082200 0.072300 0.042500 0.037300 0.125600 0.072000 0.077000 0.090500 0.008300 0.016700 0.081200 0.086100 0.072500 0.076900 0.072600 0.081300 0.016700 0.072400 0.055900 0.077100 0.170200 0.077800 0.076600 0.086300 0.183500 0.016500 0.000000 0.086200 0.012500 0.033800 0.077500 0.162300 0.104200 0.085500 0.278000 0.037800 0.072000 0.072000
ThomsonGaz 0.057100 0.249800 0.083700 0.206900 0.070500 0.053000 0.036300 0.044200 0.070100 0.100100 0.053000 0.053500 0.048800 0.040500 0.053600 0.028000 0.100100 0.077100 0.095200 0.070100 0.032200 0.061700 0.095500 0.104800 0.053000 0.000000 0.044700 0.079200 0.020000 0.079100 0.100200 0.036300 0.109500 0.049000 0.137700 0.053700 0.048700 0.066200 0.113900 0.104100 0.086200 0.000000 0.100100 0.124000 0.057900 0.111500 0.057100 0.069700 0.224300 0.062600 0.070100 0.070100
MuntiacusC 0.099300 0.191700 0.090500 0.151700 0.095500 0.095000 0.085900 0.122000 0.085500 0.000000 0.094900 0.086500 0.090400 0.081600 0.096100 0.085800 0.055800 0.050500 0.139900 0.085500 0.090600 0.104400 0.021000 0.029500 0.094900 0.099900 0.086100 0.090500 0.086200 0.095000 0.004100 0.085900 0.069400 0.090800 0.185200 0.091500 0.090200 0.100100 0.198700 0.029300 0.012500 0.100100 0.000000 0.047000 0.091200 0.177300 0.118300 0.099300 0.283400 0.050900 0.085500 0.085500
WhiteTaile 0.123000 0.208500 0.104500 0.146600 0.109600 0.118600 0.109200 0.146400 0.099300 0.047000 0.118600 0.110000 0.113900 0.104900 0.120100 0.109100 0.078600 0.073400 0.164800 0.099300 0.114200 0.118800 0.042600 0.025200 0.118600 0.123800 0.109500 0.104400 0.109700 0.109000 0.051500 0.109300 0.083200 0.114400 0.211100 0.115300 0.113600 0.114400 0.224800 0.042200 0.033800 0.124000 0.047000 0.000000 0.114900 0.203200 0.142900 0.123000 0.312300 0.073300 0.099300 0.099300
Cattle 0.074800 0.239000 0.052600 0.196800 0.079800 0.070700 0.053400 0.078400 0.053200 0.091200 0.061700 0.012000 0.057500 0.057900 0.053700 0.053200 0.091200 0.076700 0.095700 0.053000 0.057700 0.070500 0.086700 0.095900 0.061700 0.056600 0.053300 0.066200 0.053600 0.061800 0.091300 0.053500 0.100500 0.057700 0.147700 0.000000 0.057600 0.075400 0.151100 0.095200 0.077500 0.057900 0.091200 0.114900 0.000000 0.139900 0.101800 0.057500 0.235800 0.062900 0.053000 0.052300
RoyalAntel 0.102000 0.342000 0.148700 0.281800 0.125200 0.097900 0.097900 0.114900 0.134000 0.177300 0.097900 0.135100 0.102400 0.102600 0.116800 0.080500 0.182800 0.177200 0.141500 0.133900 0.102500 0.106900 0.172300 0.182400 0.097900 0.111300 0.098200 0.143700 0.098200 0.143700 0.182700 0.098000 0.197900 0.102700 0.156900 0.140300 0.093500 0.129800 0.138000 0.181300 0.162300 0.111500 0.177300 0.203200 0.139900 0.000000 0.111100 0.129300 0.230000 0.135800 0.133900 0.133900
Steenbok 0.073900 0.272200 0.110400 0.216400 0.096700 0.069800 0.061200 0.069200 0.096200 0.118300 0.069800 0.097200 0.074200 0.057100 0.079400 0.052700 0.123300 0.118000 0.121800 0.096200 0.057000 0.069900 0.113700 0.123200 0.069800 0.057000 0.070000 0.105700 0.052900 0.105600 0.123300 0.052800 0.137900 0.074500 0.155900 0.102200 0.065400 0.092200 0.131400 0.122300 0.104200 0.057100 0.118300 0.142900 0.101800 0.111100 0.000000 0.091600 0.250300 0.088700 0.096200 0.096200
Impala 0.065300 0.259800 0.052900 0.205200 0.070100 0.061200 0.044400 0.060700 0.040100 0.099300 0.052700 0.053200 0.048500 0.048700 0.044800 0.044300 0.104000 0.098800 0.103600 0.040100 0.057100 0.061300 0.094700 0.103900 0.052700 0.065600 0.044500 0.048600 0.052900 0.048600 0.104100 0.044400 0.118200 0.048700 0.128000 0.057700 0.048400 0.065800 0.140500 0.103300 0.085500 0.069700 0.099300 0.123000 0.057500 0.129300 0.091600 0.000000 0.239800 0.062100 0.040100 0.040100
Klipspring 0.218400 0.459900 0.250800 0.422600 0.224600 0.213900 0.213800 0.223000 0.244700 0.283400 0.203800 0.240800 0.219100 0.219200 0.235900 0.203800 0.296400 0.278200 0.237400 0.244700 0.219300 0.214000 0.288900 0.289100 0.203800 0.223700 0.214400 0.255900 0.219200 0.256200 0.283300 0.213900 0.312500 0.219700 0.223200 0.236500 0.208700 0.229900 0.223700 0.287800 0.278000 0.224300 0.283400 0.312300 0.235800 0.230000 0.250300 0.239800 0.000000 0.226200 0.244700 0.244700
ForestMusk 0.070900 0.201100 0.071200 0.150400 0.075900 0.066700 0.049400 0.083600 0.057800 0.050900 0.057900 0.058400 0.053700 0.053900 0.058600 0.049400 0.055300 0.045500 0.100700 0.057800 0.062500 0.066800 0.046600 0.055300 0.057900 0.062500 0.049500 0.071200 0.058200 0.066700 0.055400 0.049500 0.068800 0.053900 0.134300 0.063100 0.053600 0.071400 0.156500 0.054900 0.037800 0.062600 0.050900 0.073300 0.062900 0.135800 0.088700 0.062100 0.226200 0.000000 0.057800 0.057800
Bushbuck 0.069700 0.230500 0.011700 0.167900 0.074500 0.065600 0.048600 0.073300 0.000000 0.085500 0.056800 0.048800 0.051800 0.053000 0.057400 0.048400 0.090100 0.084800 0.099100 0.000000 0.061400 0.065400 0.081000 0.090100 0.056800 0.069800 0.048500 0.019800 0.057200 0.007800 0.090200 0.048600 0.094600 0.052800 0.141700 0.053400 0.052700 0.070200 0.140700 0.089500 0.072000 0.070100 0.085500 0.099300 0.053000 0.133900 0.096200 0.040100 0.244700 0.057800 0.000000 0.000000
GreaterKud 0.069700 0.230500 0.011700 0.167900 0.074500 0.065600 0.048600 0.073300 0.000000 0.085500 0.056800 0.048800 0.052600 0.053000 0.057400 0.048400 0.090100 0.084800 0.099100 0.000000 0.061400 0.065400 0.081000 0.090100 0.056800 0.069800 0.048500 0.019800 0.057200 0.007800 0.090200 0.048600 0.094600 0.051700 0.141700 0.053400 0.052700 0.070200 0.140700 0.089500 0.072000 0.070100 0.085500 0.099300 0.052300 0.133900 0.096200 0.040100 0.244700 0.057800 0.000000 0.000000
