CODONML (in paml version 4.10.7, June 2023)  /home/rachel/ruminants_paml/6406-phy-tree/ENSBTAT00000055237.fasta.phy
Model: free dN/dS Ratios for branches,  kappa = 2.000 fixed

Codon frequency model: F3x4
ns =  54  ls =  76

Codon usage in sequences
--------------------------------------------------------------------------------------------------------------------------------------
Phe TTT   1   1   1   1   1   1 | Ser TCT   1   2   1   1   2   1 | Tyr TAT   2   1   2   1   3   1 | Cys TGT   2   2   2   2   2   2
    TTC   1   1   1   1   1   1 |     TCC   1   0   1   1   0   1 |     TAC   2   3   2   3   1   3 |     TGC   1   1   1   1   1   1
Leu TTA   1   1   1   1   0   1 |     TCA   1   1   1   1   1   1 | *** TAA   0   0   0   0   0   0 | *** TGA   0   0   0   0   0   0
    TTG   0   0   0   0   1   0 |     TCG   1   1   1   1   1   1 |     TAG   0   0   0   0   0   0 | Trp TGG   4   4   4   4   4   4
--------------------------------------------------------------------------------------------------------------------------------------
Leu CTT   0   0   0   0   0   0 | Pro CCT   1   2   1   2   1   2 | His CAT   1   1   1   1   1   1 | Arg CGT   1   0   1   1   0   0
    CTC   0   0   0   0   0   0 |     CCC   3   2   3   2   3   2 |     CAC   2   1   2   2   1   2 |     CGC   1   2   1   1   3   2
    CTA   0   0   0   0   0   0 |     CCA   1   1   1   1   1   1 | Gln CAA   0   0   0   0   0   0 |     CGA   1   1   1   1   1   1
    CTG   2   2   2   2   2   2 |     CCG   0   0   0   0   0   0 |     CAG   1   1   1   1   1   1 |     CGG   0   1   0   0   0   0
--------------------------------------------------------------------------------------------------------------------------------------
Ile ATT   1   0   1   1   1   2 | Thr ACT   2   3   2   2   2   1 | Asn AAT   3   3   3   3   3   4 | Ser AGT   0   0   0   0   0   0
    ATC   0   0   0   0   0   0 |     ACC   1   2   1   1   1   2 |     AAC   3   3   3   3   4   2 |     AGC   2   2   2   2   2   2
    ATA   1   0   1   1   1   1 |     ACA   1   0   2   1   2   2 | Lys AAA   0   0   0   0   0   0 | Arg AGA   0   0   0   0   0   0
Met ATG   1   1   0   0   0   0 |     ACG   1   1   1   2   0   1 |     AAG   0   0   0   0   0   0 |     AGG   1   1   1   1   1   1
--------------------------------------------------------------------------------------------------------------------------------------
Val GTT   4   4   4   4   4   2 | Ala GCT   6   6   6   6   5   5 | Asp GAT   0   1   0   0   1   0 | Gly GGT   1   1   1   1   1   1
    GTC   0   0   0   0   0   0 |     GCC   2   2   2   2   3   3 |     GAC   4   3   4   4   3   4 |     GGC   2   3   2   2   2   2
    GTA   1   1   1   1   1   1 |     GCA   2   3   2   2   2   2 | Glu GAA   2   2   2   2   2   2 |     GGA   1   1   1   1   1   1
    GTG   0   0   0   0   0   1 |     GCG   0   0   0   0   0   0 |     GAG   1   1   1   1   1   1 |     GGG   1   0   1   1   1   1
--------------------------------------------------------------------------------------------------------------------------------------

--------------------------------------------------------------------------------------------------------------------------------------
Phe TTT   1   1   1   1   1   1 | Ser TCT   1   2   1   1   1   1 | Tyr TAT   2   2   2   2   2   2 | Cys TGT   2   2   2   2   2   2
    TTC   1   1   1   1   1   1 |     TCC   1   0   1   1   1   1 |     TAC   2   2   2   2   2   2 |     TGC   1   1   1   1   1   1
Leu TTA   1   1   1   1   1   1 |     TCA   1   1   1   1   1   1 | *** TAA   0   0   0   0   0   0 | *** TGA   0   0   0   0   0   0
    TTG   0   0   0   0   0   1 |     TCG   1   1   1   1   1   1 |     TAG   0   0   0   0   0   0 | Trp TGG   4   4   4   4   4   4
--------------------------------------------------------------------------------------------------------------------------------------
Leu CTT   0   0   0   0   0   0 | Pro CCT   1   1   1   1   1   1 | His CAT   1   1   1   1   1   1 | Arg CGT   1   1   1   1   2   1
    CTC   0   0   0   0   0   0 |     CCC   3   3   3   3   3   3 |     CAC   2   2   2   2   2   2 |     CGC   1   1   1   1   0   1
    CTA   0   0   0   0   0   0 |     CCA   1   1   1   1   1   1 | Gln CAA   0   1   0   0   0   0 |     CGA   1   1   1   1   1   1
    CTG   2   2   2   2   2   1 |     CCG   0   0   0   0   0   0 |     CAG   1   0   1   1   1   1 |     CGG   0   0   0   0   0   0
--------------------------------------------------------------------------------------------------------------------------------------
Ile ATT   1   1   1   1   1   1 | Thr ACT   2   2   2   2   2   2 | Asn AAT   3   3   3   3   3   3 | Ser AGT   0   0   0   0   0   0
    ATC   0   0   0   0   0   0 |     ACC   1   1   1   1   1   1 |     AAC   3   3   3   3   3   3 |     AGC   2   2   2   2   2   2
    ATA   1   1   1   1   1   1 |     ACA   1   1   1   1   1   1 | Lys AAA   0   0   0   0   0   0 | Arg AGA   0   0   0   0   0   0
Met ATG   1   1   1   1   0   0 |     ACG   1   1   1   1   2   2 |     AAG   0   0   0   0   0   0 |     AGG   1   1   1   1   1   1
--------------------------------------------------------------------------------------------------------------------------------------
Val GTT   4   4   4   4   4   4 | Ala GCT   6   6   6   6   6   6 | Asp GAT   0   0   0   0   0   0 | Gly GGT   1   1   1   1   1   1
    GTC   0   0   0   0   0   0 |     GCC   2   2   2   2   2   2 |     GAC   4   4   4   4   4   4 |     GGC   2   2   2   2   2   2
    GTA   1   1   1   1   1   1 |     GCA   2   2   2   2   2   2 | Glu GAA   2   2   2   2   2   2 |     GGA   1   1   1   1   1   1
    GTG   0   0   0   0   0   0 |     GCG   0   0   0   0   0   0 |     GAG   1   1   1   1   1   1 |     GGG   1   1   1   1   1   1
--------------------------------------------------------------------------------------------------------------------------------------

--------------------------------------------------------------------------------------------------------------------------------------
Phe TTT   1   1   1   1   1   1 | Ser TCT   1   2   1   1   2   1 | Tyr TAT   2   2   2   2   2   2 | Cys TGT   2   2   2   2   2   2
    TTC   1   1   1   1   1   1 |     TCC   1   0   1   1   0   1 |     TAC   2   2   2   2   2   2 |     TGC   1   1   1   1   1   1
Leu TTA   1   1   1   1   1   1 |     TCA   1   1   1   1   1   2 | *** TAA   0   0   0   0   0   0 | *** TGA   0   0   0   0   0   0
    TTG   0   0   0   0   0   0 |     TCG   1   1   1   1   1   0 |     TAG   0   0   0   0   0   0 | Trp TGG   4   4   4   4   4   4
--------------------------------------------------------------------------------------------------------------------------------------
Leu CTT   0   0   0   0   0   0 | Pro CCT   1   2   1   1   1   1 | His CAT   1   1   1   1   1   1 | Arg CGT   1   1   1   1   1   1
    CTC   0   0   0   0   0   0 |     CCC   3   2   3   3   3   2 |     CAC   2   2   2   2   2   2 |     CGC   1   1   1   1   1   1
    CTA   0   0   0   0   0   0 |     CCA   1   1   1   1   1   1 | Gln CAA   0   0   0   0   0   0 |     CGA   1   1   1   1   1   1
    CTG   2   2   2   2   2   2 |     CCG   0   0   0   0   0   1 |     CAG   1   1   1   1   1   1 |     CGG   0   0   0   0   0   0
--------------------------------------------------------------------------------------------------------------------------------------
Ile ATT   1   1   1   1   1   1 | Thr ACT   2   2   2   2   2   2 | Asn AAT   3   3   2   3   3   3 | Ser AGT   0   0   0   0   0   0
    ATC   0   0   0   0   0   0 |     ACC   1   1   1   1   1   1 |     AAC   3   3   4   3   3   3 |     AGC   2   2   2   2   2   2
    ATA   1   1   1   1   1   1 |     ACA   1   2   0   1   1   1 | Lys AAA   0   0   0   0   0   0 | Arg AGA   0   0   0   0   0   0
Met ATG   2   0   1   1   1   1 |     ACG   0   1   2   1   1   1 |     AAG   0   0   0   0   0   0 |     AGG   1   1   1   1   1   1
--------------------------------------------------------------------------------------------------------------------------------------
Val GTT   4   3   4   4   4   3 | Ala GCT   6   7   5   6   6   6 | Asp GAT   0   0   0   0   0   0 | Gly GGT   1   1   1   1   1   1
    GTC   0   0   0   0   0   1 |     GCC   2   2   3   2   2   2 |     GAC   4   4   4   4   4   4 |     GGC   2   2   2   2   2   2
    GTA   1   1   1   1   1   1 |     GCA   2   2   2   2   2   2 | Glu GAA   2   2   2   2   2   2 |     GGA   1   1   1   1   1   1
    GTG   0   0   0   0   0   0 |     GCG   0   0   0   0   0   0 |     GAG   1   1   1   1   1   1 |     GGG   1   1   1   1   1   1
--------------------------------------------------------------------------------------------------------------------------------------

--------------------------------------------------------------------------------------------------------------------------------------
Phe TTT   1   1   1   1   1   1 | Ser TCT   1   1   2   1   1   1 | Tyr TAT   2   2   2   2   2   2 | Cys TGT   2   2   2   2   2   2
    TTC   1   1   1   1   1   1 |     TCC   1   1   0   1   1   1 |     TAC   2   2   2   2   2   2 |     TGC   1   1   1   1   1   1
Leu TTA   1   1   1   1   1   1 |     TCA   1   1   1   1   1   2 | *** TAA   0   0   0   0   0   0 | *** TGA   0   0   0   0   0   0
    TTG   0   0   0   0   0   0 |     TCG   1   1   1   1   1   0 |     TAG   0   0   0   0   0   0 | Trp TGG   4   4   4   4   4   4
--------------------------------------------------------------------------------------------------------------------------------------
Leu CTT   1   0   0   0   0   0 | Pro CCT   1   1   2   1   1   1 | His CAT   1   1   1   1   1   1 | Arg CGT   1   1   1   2   1   1
    CTC   0   0   0   0   0   0 |     CCC   3   3   2   3   2   3 |     CAC   2   2   2   2   2   2 |     CGC   1   1   1   0   1   1
    CTA   0   0   0   0   0   0 |     CCA   1   1   1   1   1   1 | Gln CAA   0   0   0   0   0   0 |     CGA   1   1   1   1   1   1
    CTG   1   2   2   2   2   2 |     CCG   0   0   0   0   1   0 |     CAG   1   1   1   1   1   1 |     CGG   0   0   0   0   0   0
--------------------------------------------------------------------------------------------------------------------------------------
Ile ATT   1   1   1   1   1   1 | Thr ACT   2   2   2   2   2   2 | Asn AAT   3   3   3   3   3   3 | Ser AGT   0   0   0   0   0   0
    ATC   0   0   0   0   0   0 |     ACC   1   1   1   1   1   1 |     AAC   3   3   3   3   3   3 |     AGC   2   2   2   2   2   2
    ATA   1   1   1   1   1   1 |     ACA   1   1   1   1   1   1 | Lys AAA   0   0   0   0   0   0 | Arg AGA   0   0   0   0   0   0
Met ATG   0   0   1   0   1   1 |     ACG   2   2   1   2   1   1 |     AAG   0   0   0   0   0   0 |     AGG   1   1   1   1   1   1
--------------------------------------------------------------------------------------------------------------------------------------
Val GTT   4   4   4   4   4   4 | Ala GCT   6   6   6   6   6   6 | Asp GAT   0   0   0   0   0   0 | Gly GGT   1   1   1   1   1   1
    GTC   0   0   0   0   0   0 |     GCC   2   2   2   2   2   2 |     GAC   4   4   4   4   4   4 |     GGC   2   2   2   2   2   2
    GTA   1   1   1   1   1   1 |     GCA   2   2   1   2   2   2 | Glu GAA   2   2   3   2   2   2 |     GGA   1   1   1   1   1   1
    GTG   0   0   0   0   0   0 |     GCG   0   0   1   0   0   0 |     GAG   1   1   0   1   1   1 |     GGG   1   1   1   1   1   1
--------------------------------------------------------------------------------------------------------------------------------------

--------------------------------------------------------------------------------------------------------------------------------------
Phe TTT   1   1   1   1   1   1 | Ser TCT   1   1   1   2   1   1 | Tyr TAT   2   2   2   2   2   2 | Cys TGT   1   2   2   2   2   2
    TTC   1   1   1   1   1   1 |     TCC   1   1   1   0   1   1 |     TAC   2   2   2   2   2   2 |     TGC   2   1   1   1   1   1
Leu TTA   1   1   1   1   1   1 |     TCA   1   1   1   1   1   1 | *** TAA   0   0   0   0   0   0 | *** TGA   0   0   0   0   0   0
    TTG   1   1   0   0   0   0 |     TCG   1   1   1   1   1   1 |     TAG   0   0   0   0   0   0 | Trp TGG   4   4   4   4   4   4
--------------------------------------------------------------------------------------------------------------------------------------
Leu CTT   0   0   0   0   0   0 | Pro CCT   1   2   1   1   1   1 | His CAT   1   1   1   1   1   1 | Arg CGT   1   1   1   1   1   2
    CTC   0   0   0   0   0   0 |     CCC   3   2   3   2   3   3 |     CAC   2   2   2   2   2   2 |     CGC   1   1   1   1   1   0
    CTA   0   0   0   0   0   0 |     CCA   1   1   1   1   1   1 | Gln CAA   0   0   0   0   0   0 |     CGA   1   1   1   1   1   1
    CTG   1   1   2   2   2   2 |     CCG   0   0   0   1   0   0 |     CAG   1   1   1   1   1   1 |     CGG   0   0   0   0   0   0
--------------------------------------------------------------------------------------------------------------------------------------
Ile ATT   1   1   1   1   1   1 | Thr ACT   2   2   2   2   2   2 | Asn AAT   3   3   3   3   2   3 | Ser AGT   0   0   0   0   0   0
    ATC   0   0   0   0   0   0 |     ACC   1   1   1   1   1   1 |     AAC   3   3   3   3   4   3 |     AGC   2   2   2   2   2   2
    ATA   1   1   1   1   1   1 |     ACA   1   1   1   1   0   1 | Lys AAA   0   0   0   0   0   0 | Arg AGA   0   0   0   0   0   0
Met ATG   0   0   1   1   1   1 |     ACG   2   2   1   1   2   1 |     AAG   0   0   0   0   0   0 |     AGG   1   1   1   1   1   1
--------------------------------------------------------------------------------------------------------------------------------------
Val GTT   4   4   4   4   4   4 | Ala GCT   5   6   6   6   5   6 | Asp GAT   0   0   0   0   0   0 | Gly GGT   1   1   1   1   1   1
    GTC   0   0   0   0   0   0 |     GCC   3   2   2   2   3   2 |     GAC   4   4   4   4   4   4 |     GGC   2   2   2   2   2   2
    GTA   1   1   1   1   1   1 |     GCA   2   2   2   2   2   2 | Glu GAA   2   2   2   2   2   2 |     GGA   1   1   1   1   1   1
    GTG   0   0   0   0   0   0 |     GCG   0   0   0   0   0   0 |     GAG   1   1   1   1   1   1 |     GGG   1   1   1   1   1   1
--------------------------------------------------------------------------------------------------------------------------------------

--------------------------------------------------------------------------------------------------------------------------------------
Phe TTT   1   1   1   1   1   1 | Ser TCT   1   1   1   2   1   1 | Tyr TAT   2   2   2   2   2   2 | Cys TGT   2   2   2   2   2   2
    TTC   1   1   1   1   1   1 |     TCC   1   1   1   0   1   1 |     TAC   2   2   2   2   2   2 |     TGC   1   1   1   1   1   1
Leu TTA   1   1   1   1   1   1 |     TCA   1   1   1   1   1   1 | *** TAA   0   0   0   0   0   0 | *** TGA   0   0   0   0   0   0
    TTG   0   0   1   0   0   0 |     TCG   1   1   1   1   1   1 |     TAG   0   0   0   0   0   0 | Trp TGG   4   4   4   4   4   4
--------------------------------------------------------------------------------------------------------------------------------------
Leu CTT   0   0   0   0   0   0 | Pro CCT   1   1   1   1   1   1 | His CAT   1   1   1   1   1   1 | Arg CGT   1   2   1   1   1   1
    CTC   0   0   0   0   0   0 |     CCC   2   3   3   3   3   3 |     CAC   2   2   2   2   2   2 |     CGC   1   0   1   1   1   1
    CTA   0   0   0   0   0   0 |     CCA   1   1   1   1   1   1 | Gln CAA   0   0   0   0   0   0 |     CGA   1   1   1   1   1   1
    CTG   2   2   1   2   2   2 |     CCG   1   0   0   0   0   0 |     CAG   1   1   1   1   1   1 |     CGG   0   0   0   0   0   0
--------------------------------------------------------------------------------------------------------------------------------------
Ile ATT   2   1   1   1   1   1 | Thr ACT   2   2   2   2   2   2 | Asn AAT   3   3   3   3   2   2 | Ser AGT   0   0   0   0   0   0
    ATC   0   0   0   0   0   0 |     ACC   1   1   1   1   1   1 |     AAC   3   3   3   3   4   4 |     AGC   2   2   2   2   2   2
    ATA   1   1   1   1   1   1 |     ACA   1   1   1   1   1   0 | Lys AAA   0   0   0   0   0   0 | Arg AGA   0   0   0   0   0   0
Met ATG   0   0   0   1   0   1 |     ACG   1   2   2   1   2   2 |     AAG   0   0   0   0   0   0 |     AGG   1   1   1   1   1   1
--------------------------------------------------------------------------------------------------------------------------------------
Val GTT   4   4   4   4   4   4 | Ala GCT   6   6   6   6   6   5 | Asp GAT   0   0   0   0   0   0 | Gly GGT   1   1   1   1   1   1
    GTC   0   0   0   0   0   0 |     GCC   2   2   2   2   2   3 |     GAC   4   4   4   4   4   4 |     GGC   2   2   2   2   2   2
    GTA   1   1   1   1   1   1 |     GCA   2   2   2   2   2   2 | Glu GAA   2   2   2   2   2   2 |     GGA   1   1   1   1   1   1
    GTG   0   0   0   0   0   0 |     GCG   0   0   0   0   0   0 |     GAG   1   1   1   1   1   1 |     GGG   1   1   1   1   1   1
--------------------------------------------------------------------------------------------------------------------------------------

--------------------------------------------------------------------------------------------------------------------------------------
Phe TTT   1   1   1   1   1   1 | Ser TCT   1   2   1   1   1   1 | Tyr TAT   2   2   2   2   2   2 | Cys TGT   2   2   2   2   2   2
    TTC   1   1   1   1   1   1 |     TCC   1   0   1   1   1   1 |     TAC   2   2   2   2   2   2 |     TGC   1   1   1   1   1   1
Leu TTA   1   1   1   1   1   1 |     TCA   1   1   1   1   1   1 | *** TAA   0   0   0   0   0   0 | *** TGA   0   0   0   0   0   0
    TTG   0   0   0   0   1   1 |     TCG   1   1   1   1   1   1 |     TAG   0   0   0   0   0   0 | Trp TGG   4   4   4   4   4   4
--------------------------------------------------------------------------------------------------------------------------------------
Leu CTT   0   0   0   0   0   0 | Pro CCT   1   1   1   1   1   1 | His CAT   1   1   1   1   1   1 | Arg CGT   1   1   1   1   0   1
    CTC   0   0   0   0   0   0 |     CCC   2   3   3   3   3   3 |     CAC   2   2   2   2   2   2 |     CGC   1   1   1   1   2   1
    CTA   0   0   0   0   0   0 |     CCA   0   1   1   1   1   1 | Gln CAA   0   0   0   0   0   0 |     CGA   1   1   1   1   1   1
    CTG   2   2   2   2   1   1 |     CCG   2   0   0   0   0   0 |     CAG   1   1   1   1   1   1 |     CGG   0   0   0   0   0   0
--------------------------------------------------------------------------------------------------------------------------------------
Ile ATT   1   1   1   1   1   1 | Thr ACT   2   2   2   2   2   2 | Asn AAT   3   3   3   3   3   3 | Ser AGT   0   0   0   0   0   0
    ATC   0   0   0   0   0   0 |     ACC   1   1   1   1   1   1 |     AAC   3   3   3   3   3   3 |     AGC   2   2   2   2   2   2
    ATA   1   1   1   1   1   1 |     ACA   1   2   1   1   1   1 | Lys AAA   0   0   0   0   0   0 | Arg AGA   0   0   0   0   0   0
Met ATG   1   0   1   1   0   0 |     ACG   1   1   1   1   2   2 |     AAG   0   0   0   0   0   0 |     AGG   1   1   1   1   1   1
--------------------------------------------------------------------------------------------------------------------------------------
Val GTT   4   3   4   4   4   4 | Ala GCT   5   7   6   6   5   6 | Asp GAT   0   0   0   0   0   0 | Gly GGT   1   1   1   1   1   1
    GTC   0   0   0   0   0   0 |     GCC   2   2   2   2   3   2 |     GAC   4   4   4   4   4   4 |     GGC   2   2   2   2   2   2
    GTA   1   1   1   1   1   1 |     GCA   3   2   2   2   2   2 | Glu GAA   2   2   2   2   2   2 |     GGA   1   1   1   1   1   1
    GTG   0   0   0   0   0   0 |     GCG   0   0   0   0   0   0 |     GAG   1   1   1   1   1   1 |     GGG   1   1   1   1   1   1
--------------------------------------------------------------------------------------------------------------------------------------

--------------------------------------------------------------------------------------------------------------------------------------
Phe TTT   1   1   1   1   1   1 | Ser TCT   1   1   1   1   2   1 | Tyr TAT   2   2   2   2   2   2 | Cys TGT   1   2   2   2   2   2
    TTC   1   1   1   1   1   1 |     TCC   1   1   1   1   0   1 |     TAC   2   2   2   2   2   2 |     TGC   2   1   1   1   1   1
Leu TTA   1   1   1   1   1   1 |     TCA   1   1   1   1   1   1 | *** TAA   0   0   0   0   0   0 | *** TGA   0   0   0   0   0   0
    TTG   1   0   1   1   0   0 |     TCG   1   1   1   1   1   1 |     TAG   0   0   0   0   0   0 | Trp TGG   4   4   4   4   4   4
--------------------------------------------------------------------------------------------------------------------------------------
Leu CTT   0   0   0   0   0   0 | Pro CCT   1   1   1   1   1   1 | His CAT   1   1   1   1   1   1 | Arg CGT   1   1   1   1   1   1
    CTC   0   0   0   0   0   0 |     CCC   3   2   3   3   3   3 |     CAC   2   2   2   2   2   2 |     CGC   1   1   1   1   1   1
    CTA   0   0   0   0   0   0 |     CCA   1   1   1   1   1   1 | Gln CAA   0   0   0   0   0   0 |     CGA   1   1   1   1   1   1
    CTG   1   2   1   1   2   2 |     CCG   0   1   0   0   0   0 |     CAG   1   1   1   1   1   1 |     CGG   0   0   0   0   0   0
--------------------------------------------------------------------------------------------------------------------------------------
Ile ATT   1   1   1   1   1   1 | Thr ACT   2   2   2   2   2   2 | Asn AAT   3   3   3   3   3   3 | Ser AGT   0   0   0   0   0   0
    ATC   0   0   0   0   0   0 |     ACC   1   1   1   1   1   1 |     AAC   3   3   3   3   3   3 |     AGC   2   2   2   2   2   2
    ATA   1   1   1   1   1   1 |     ACA   1   1   1   1   2   1 | Lys AAA   0   0   0   0   0   0 | Arg AGA   0   0   0   0   0   0
Met ATG   0   1   0   0   0   1 |     ACG   2   1   2   2   1   1 |     AAG   0   0   0   0   0   0 |     AGG   1   1   1   1   1   1
--------------------------------------------------------------------------------------------------------------------------------------
Val GTT   4   4   4   4   3   4 | Ala GCT   5   6   6   6   7   6 | Asp GAT   0   0   0   0   0   0 | Gly GGT   1   1   1   0   1   1
    GTC   0   0   0   0   0   0 |     GCC   3   2   2   2   2   2 |     GAC   4   4   4   4   4   4 |     GGC   2   2   2   2   2   2
    GTA   1   1   1   1   1   1 |     GCA   2   2   2   2   2   2 | Glu GAA   2   2   2   2   2   2 |     GGA   1   1   1   2   1   1
    GTG   0   0   0   0   0   0 |     GCG   0   0   0   0   0   0 |     GAG   1   1   1   1   1   1 |     GGG   1   1   1   1   1   1
--------------------------------------------------------------------------------------------------------------------------------------

--------------------------------------------------------------------------------------------------------------------------------------
Phe TTT   1   1   1   1   1   1 | Ser TCT   1   1   1   1   1   1 | Tyr TAT   2   2   2   1   2   2 | Cys TGT   2   2   2   2   2   2
    TTC   1   1   1   1   1   1 |     TCC   1   1   1   1   1   1 |     TAC   2   2   2   3   2   2 |     TGC   1   1   1   1   1   1
Leu TTA   1   1   1   1   1   1 |     TCA   2   1   1   1   1   1 | *** TAA   0   0   0   0   0   0 | *** TGA   0   0   0   0   0   0
    TTG   0   0   0   0   0   0 |     TCG   0   1   1   1   1   1 |     TAG   0   0   0   0   0   0 | Trp TGG   4   4   4   4   4   4
--------------------------------------------------------------------------------------------------------------------------------------
Leu CTT   0   1   0   0   0   0 | Pro CCT   1   1   2   2   1   2 | His CAT   1   1   1   1   1   1 | Arg CGT   1   0   1   1   2   2
    CTC   0   0   0   0   0   0 |     CCC   3   3   1   2   3   2 |     CAC   2   2   2   2   2   2 |     CGC   1   2   1   1   0   0
    CTA   0   0   0   0   0   0 |     CCA   1   1   2   1   1   1 | Gln CAA   0   0   0   0   0   0 |     CGA   1   1   1   1   1   1
    CTG   2   2   2   2   2   2 |     CCG   0   0   0   0   0   0 |     CAG   1   1   1   1   1   1 |     CGG   0   0   0   0   0   0
--------------------------------------------------------------------------------------------------------------------------------------
Ile ATT   1   1   1   1   1   1 | Thr ACT   2   2   2   2   2   2 | Asn AAT   3   3   3   3   3   3 | Ser AGT   0   0   0   0   0   0
    ATC   0   0   0   0   0   0 |     ACC   1   1   1   1   1   1 |     AAC   3   3   3   3   3   3 |     AGC   2   2   2   2   2   2
    ATA   1   1   1   1   1   1 |     ACA   0   1   1   1   1   1 | Lys AAA   0   0   0   0   0   0 | Arg AGA   0   0   0   0   0   0
Met ATG   1   1   1   0   0   0 |     ACG   2   1   1   2   2   2 |     AAG   0   0   0   0   0   0 |     AGG   1   1   1   1   1   1
--------------------------------------------------------------------------------------------------------------------------------------
Val GTT   4   3   4   4   4   4 | Ala GCT   6   6   6   6   6   6 | Asp GAT   0   0   0   0   0   0 | Gly GGT   1   1   1   1   1   1
    GTC   0   0   0   0   0   0 |     GCC   2   2   2   2   2   2 |     GAC   4   4   4   4   4   4 |     GGC   2   2   2   2   2   2
    GTA   1   1   1   1   1   1 |     GCA   2   2   2   2   2   2 | Glu GAA   2   2   2   2   2   2 |     GGA   1   1   1   1   1   1
    GTG   0   0   0   0   0   0 |     GCG   0   0   0   0   0   0 |     GAG   1   1   1   1   1   1 |     GGG   1   1   1   1   1   1
--------------------------------------------------------------------------------------------------------------------------------------

Codon position x base (3x4) table for each sequence.

#1: Argali         
position  1:    T:0.23684    C:0.18421    A:0.22368    G:0.35526
position  2:    T:0.17105    C:0.31579    A:0.27632    G:0.23684
position  3:    T:0.34211    C:0.32895    A:0.15789    G:0.17105
Average         T:0.25000    C:0.27632    A:0.21930    G:0.25439

#2: LesserMouseDeer
position  1:    T:0.23684    C:0.18421    A:0.21053    G:0.36842
position  2:    T:0.14474    C:0.34211    A:0.26316    G:0.25000
position  3:    T:0.35526    C:0.32895    A:0.14474    G:0.17105
Average         T:0.24561    C:0.28509    A:0.20614    G:0.26316

#3: LesserKudu     
position  1:    T:0.23684    C:0.18421    A:0.22368    G:0.35526
position  2:    T:0.15789    C:0.32895    A:0.27632    G:0.23684
position  3:    T:0.34211    C:0.32895    A:0.17105    G:0.15789
Average         T:0.24561    C:0.28070    A:0.22368    G:0.25000

#4: ForestMuskDeer2
position  1:    T:0.23684    C:0.18421    A:0.22368    G:0.35526
position  2:    T:0.15789    C:0.32895    A:0.27632    G:0.23684
position  3:    T:0.34211    C:0.32895    A:0.15789    G:0.17105
Average         T:0.24561    C:0.28070    A:0.21930    G:0.25439

#5: Camel          
position  1:    T:0.23684    C:0.18421    A:0.22368    G:0.35526
position  2:    T:0.15789    C:0.31579    A:0.27632    G:0.25000
position  3:    T:0.35526    C:0.32895    A:0.15789    G:0.15789
Average         T:0.25000    C:0.27632    A:0.21930    G:0.25439

#6: KillerWhale    
position  1:    T:0.23684    C:0.18421    A:0.23684    G:0.34211
position  2:    T:0.15789    C:0.32895    A:0.27632    G:0.23684
position  3:    T:0.30263    C:0.35526    A:0.17105    G:0.17105
Average         T:0.23246    C:0.28947    A:0.22807    G:0.25000

#7: DefassaWaterbuck
position  1:    T:0.23684    C:0.18421    A:0.22368    G:0.35526
position  2:    T:0.17105    C:0.31579    A:0.27632    G:0.23684
position  3:    T:0.34211    C:0.32895    A:0.15789    G:0.17105
Average         T:0.25000    C:0.27632    A:0.21930    G:0.25439

#8: Sheep          
position  1:    T:0.23684    C:0.18421    A:0.22368    G:0.35526
position  2:    T:0.17105    C:0.31579    A:0.27632    G:0.23684
position  3:    T:0.35526    C:0.31579    A:0.17105    G:0.15789
Average         T:0.25439    C:0.27193    A:0.22368    G:0.25000

#9: MaxwellsDuiker 
position  1:    T:0.23684    C:0.18421    A:0.22368    G:0.35526
position  2:    T:0.17105    C:0.31579    A:0.27632    G:0.23684
position  3:    T:0.34211    C:0.32895    A:0.15789    G:0.17105
Average         T:0.25000    C:0.27632    A:0.21930    G:0.25439

#10: GazellaPrzewalskyi
position  1:    T:0.23684    C:0.18421    A:0.22368    G:0.35526
position  2:    T:0.17105    C:0.31579    A:0.27632    G:0.23684
position  3:    T:0.34211    C:0.32895    A:0.15789    G:0.17105
Average         T:0.25000    C:0.27632    A:0.21930    G:0.25439

#11: MountainNyala  
position  1:    T:0.23684    C:0.18421    A:0.22368    G:0.35526
position  2:    T:0.15789    C:0.32895    A:0.27632    G:0.23684
position  3:    T:0.35526    C:0.31579    A:0.15789    G:0.17105
Average         T:0.25000    C:0.27632    A:0.21930    G:0.25439

#12: MuntiacusMuntjak
position  1:    T:0.25000    C:0.17105    A:0.22368    G:0.35526
position  2:    T:0.15789    C:0.32895    A:0.27632    G:0.23684
position  3:    T:0.34211    C:0.32895    A:0.15789    G:0.17105
Average         T:0.25000    C:0.27632    A:0.21930    G:0.25439

#13: goat           
position  1:    T:0.23684    C:0.18421    A:0.22368    G:0.35526
position  2:    T:0.18421    C:0.30263    A:0.27632    G:0.23684
position  3:    T:0.34211    C:0.32895    A:0.15789    G:0.17105
Average         T:0.25439    C:0.27193    A:0.21930    G:0.25439

#14: AfricanBuffalo 
position  1:    T:0.23684    C:0.18421    A:0.22368    G:0.35526
position  2:    T:0.14474    C:0.34211    A:0.27632    G:0.23684
position  3:    T:0.36842    C:0.30263    A:0.17105    G:0.15789
Average         T:0.25000    C:0.27632    A:0.22368    G:0.25000

#15: Topi           
position  1:    T:0.23684    C:0.18421    A:0.22368    G:0.35526
position  2:    T:0.17105    C:0.31579    A:0.27632    G:0.23684
position  3:    T:0.31579    C:0.35526    A:0.14474    G:0.18421
Average         T:0.24123    C:0.28509    A:0.21491    G:0.25877

#16: CommonDuiker   
position  1:    T:0.23684    C:0.18421    A:0.22368    G:0.35526
position  2:    T:0.17105    C:0.31579    A:0.27632    G:0.23684
position  3:    T:0.34211    C:0.32895    A:0.15789    G:0.17105
Average         T:0.25000    C:0.27632    A:0.21930    G:0.25439

#17: Suni           
position  1:    T:0.23684    C:0.18421    A:0.22368    G:0.35526
position  2:    T:0.17105    C:0.31579    A:0.27632    G:0.23684
position  3:    T:0.35526    C:0.31579    A:0.15789    G:0.17105
Average         T:0.25439    C:0.27193    A:0.21930    G:0.25439

#18: Springbuck     
position  1:    T:0.23684    C:0.18421    A:0.22368    G:0.35526
position  2:    T:0.17105    C:0.31579    A:0.27632    G:0.23684
position  3:    T:0.32895    C:0.32895    A:0.17105    G:0.17105
Average         T:0.24561    C:0.27632    A:0.22368    G:0.25439

#19: Okapi          
position  1:    T:0.23684    C:0.18421    A:0.22368    G:0.35526
position  2:    T:0.15789    C:0.32895    A:0.27632    G:0.23684
position  3:    T:0.35526    C:0.32895    A:0.15789    G:0.15789
Average         T:0.25000    C:0.28070    A:0.21930    G:0.25000

#20: Giraffe        
position  1:    T:0.23684    C:0.18421    A:0.22368    G:0.35526
position  2:    T:0.15789    C:0.32895    A:0.27632    G:0.23684
position  3:    T:0.34211    C:0.32895    A:0.15789    G:0.17105
Average         T:0.24561    C:0.28070    A:0.21930    G:0.25439

#21: TibetanAntelope
position  1:    T:0.23684    C:0.18421    A:0.22368    G:0.35526
position  2:    T:0.17105    C:0.31579    A:0.27632    G:0.23684
position  3:    T:0.36842    C:0.30263    A:0.15789    G:0.17105
Average         T:0.25877    C:0.26754    A:0.21930    G:0.25439

#22: Sitatunga      
position  1:    T:0.23684    C:0.18421    A:0.22368    G:0.35526
position  2:    T:0.15789    C:0.32895    A:0.27632    G:0.23684
position  3:    T:0.35526    C:0.31579    A:0.15789    G:0.17105
Average         T:0.25000    C:0.27632    A:0.21930    G:0.25439

#23: Oribi          
position  1:    T:0.23684    C:0.18421    A:0.22368    G:0.35526
position  2:    T:0.17105    C:0.31579    A:0.27632    G:0.23684
position  3:    T:0.34211    C:0.31579    A:0.15789    G:0.18421
Average         T:0.25000    C:0.27193    A:0.21930    G:0.25877

#24: BarbarySheep   
position  1:    T:0.23684    C:0.18421    A:0.22368    G:0.35526
position  2:    T:0.17105    C:0.31579    A:0.27632    G:0.23684
position  3:    T:0.34211    C:0.32895    A:0.17105    G:0.15789
Average         T:0.25000    C:0.27632    A:0.22368    G:0.25000

#25: Daviddeer      
position  1:    T:0.25000    C:0.17105    A:0.22368    G:0.35526
position  2:    T:0.15789    C:0.32895    A:0.27632    G:0.23684
position  3:    T:0.31579    C:0.35526    A:0.15789    G:0.17105
Average         T:0.24123    C:0.28509    A:0.21930    G:0.25439

#26: Reindeer       
position  1:    T:0.25000    C:0.17105    A:0.22368    G:0.35526
position  2:    T:0.15789    C:0.32895    A:0.27632    G:0.23684
position  3:    T:0.35526    C:0.31579    A:0.15789    G:0.17105
Average         T:0.25439    C:0.27193    A:0.21930    G:0.25439

#27: Ibex           
position  1:    T:0.23684    C:0.18421    A:0.22368    G:0.35526
position  2:    T:0.17105    C:0.31579    A:0.27632    G:0.23684
position  3:    T:0.34211    C:0.32895    A:0.15789    G:0.17105
Average         T:0.25000    C:0.27632    A:0.21930    G:0.25439

#28: GyrantGazelle  
position  1:    T:0.23684    C:0.18421    A:0.22368    G:0.35526
position  2:    T:0.17105    C:0.31579    A:0.27632    G:0.23684
position  3:    T:0.35526    C:0.30263    A:0.15789    G:0.18421
Average         T:0.25439    C:0.26754    A:0.21930    G:0.25877

#29: Hartebeest     
position  1:    T:0.23684    C:0.18421    A:0.22368    G:0.35526
position  2:    T:0.17105    C:0.31579    A:0.27632    G:0.23684
position  3:    T:0.31579    C:0.35526    A:0.14474    G:0.18421
Average         T:0.24123    C:0.28509    A:0.21491    G:0.25877

#30: Bongo          
position  1:    T:0.23684    C:0.18421    A:0.22368    G:0.35526
position  2:    T:0.17105    C:0.31579    A:0.27632    G:0.23684
position  3:    T:0.35526    C:0.31579    A:0.15789    G:0.17105
Average         T:0.25439    C:0.27193    A:0.21930    G:0.25439

#31: Gerenuk        
position  1:    T:0.23684    C:0.18421    A:0.22368    G:0.35526
position  2:    T:0.17105    C:0.31579    A:0.27632    G:0.23684
position  3:    T:0.35526    C:0.31579    A:0.15789    G:0.17105
Average         T:0.25439    C:0.27193    A:0.21930    G:0.25439

#32: CommonEland    
position  1:    T:0.23684    C:0.18421    A:0.22368    G:0.35526
position  2:    T:0.15789    C:0.32895    A:0.27632    G:0.23684
position  3:    T:0.35526    C:0.31579    A:0.15789    G:0.17105
Average         T:0.25000    C:0.27632    A:0.21930    G:0.25439

#33: MuntiacusReevesi
position  1:    T:0.25000    C:0.17105    A:0.22368    G:0.35526
position  2:    T:0.15789    C:0.32895    A:0.27632    G:0.23684
position  3:    T:0.34211    C:0.32895    A:0.15789    G:0.17105
Average         T:0.25000    C:0.27632    A:0.21930    G:0.25439

#34: HarveysDuiker  
position  1:    T:0.23684    C:0.18421    A:0.22368    G:0.35526
position  2:    T:0.17105    C:0.31579    A:0.27632    G:0.23684
position  3:    T:0.35526    C:0.31579    A:0.15789    G:0.17105
Average         T:0.25439    C:0.27193    A:0.21930    G:0.25439

#35: Pronghorn      
position  1:    T:0.23684    C:0.18421    A:0.22368    G:0.35526
position  2:    T:0.15789    C:0.32895    A:0.27632    G:0.23684
position  3:    T:0.32895    C:0.34211    A:0.15789    G:0.17105
Average         T:0.24123    C:0.28509    A:0.21930    G:0.25439

#36: BlueWildebeest 
position  1:    T:0.23684    C:0.18421    A:0.22368    G:0.35526
position  2:    T:0.17105    C:0.31579    A:0.27632    G:0.23684
position  3:    T:0.31579    C:0.35526    A:0.14474    G:0.18421
Average         T:0.24123    C:0.28509    A:0.21491    G:0.25877

#37: Gemsbok        
position  1:    T:0.23684    C:0.18421    A:0.22368    G:0.35526
position  2:    T:0.17105    C:0.31579    A:0.27632    G:0.23684
position  3:    T:0.32895    C:0.31579    A:0.15789    G:0.19737
Average         T:0.24561    C:0.27193    A:0.21930    G:0.26316

#38: Yak            
position  1:    T:0.23684    C:0.18421    A:0.22368    G:0.35526
position  2:    T:0.14474    C:0.34211    A:0.27632    G:0.23684
position  3:    T:0.35526    C:0.31579    A:0.17105    G:0.15789
Average         T:0.24561    C:0.28070    A:0.22368    G:0.25000

#39: BlueSheep      
position  1:    T:0.23684    C:0.18421    A:0.22368    G:0.35526
position  2:    T:0.17105    C:0.31579    A:0.27632    G:0.23684
position  3:    T:0.34211    C:0.32895    A:0.15789    G:0.17105
Average         T:0.25000    C:0.27632    A:0.21930    G:0.25439

#40: BohorReedbuck  
position  1:    T:0.23684    C:0.18421    A:0.22368    G:0.35526
position  2:    T:0.17105    C:0.31579    A:0.27632    G:0.23684
position  3:    T:0.34211    C:0.32895    A:0.15789    G:0.17105
Average         T:0.25000    C:0.27632    A:0.21930    G:0.25439

#41: KirksDik       
position  1:    T:0.25000    C:0.17105    A:0.22368    G:0.35526
position  2:    T:0.15789    C:0.32895    A:0.27632    G:0.23684
position  3:    T:0.31579    C:0.35526    A:0.15789    G:0.17105
Average         T:0.24123    C:0.28509    A:0.21930    G:0.25439

#42: RoeDeer        
position  1:    T:0.25000    C:0.17105    A:0.22368    G:0.35526
position  2:    T:0.15789    C:0.32895    A:0.27632    G:0.23684
position  3:    T:0.34211    C:0.32895    A:0.15789    G:0.17105
Average         T:0.25000    C:0.27632    A:0.21930    G:0.25439

#43: WhiteLippedDeer
position  1:    T:0.25000    C:0.17105    A:0.22368    G:0.35526
position  2:    T:0.15789    C:0.32895    A:0.27632    G:0.23684
position  3:    T:0.31579    C:0.35526    A:0.15789    G:0.17105
Average         T:0.24123    C:0.28509    A:0.21930    G:0.25439

#44: ThomsonGazelle 
position  1:    T:0.23684    C:0.18421    A:0.22368    G:0.35526
position  2:    T:0.17105    C:0.31579    A:0.27632    G:0.23684
position  3:    T:0.34211    C:0.31579    A:0.15789    G:0.18421
Average         T:0.25000    C:0.27193    A:0.21930    G:0.25877

#45: MuntiacusCrinifrons
position  1:    T:0.25000    C:0.17105    A:0.22368    G:0.35526
position  2:    T:0.15789    C:0.32895    A:0.27632    G:0.23684
position  3:    T:0.34211    C:0.32895    A:0.15789    G:0.17105
Average         T:0.25000    C:0.27632    A:0.21930    G:0.25439

#46: WhiteTailedDeer
position  1:    T:0.25000    C:0.17105    A:0.22368    G:0.35526
position  2:    T:0.15789    C:0.32895    A:0.27632    G:0.23684
position  3:    T:0.32895    C:0.32895    A:0.17105    G:0.17105
Average         T:0.24561    C:0.27632    A:0.22368    G:0.25439

#47: Cattle         
position  1:    T:0.23684    C:0.18421    A:0.22368    G:0.35526
position  2:    T:0.14474    C:0.34211    A:0.27632    G:0.23684
position  3:    T:0.35526    C:0.31579    A:0.17105    G:0.15789
Average         T:0.24561    C:0.28070    A:0.22368    G:0.25000

#48: RoyalAntelope  
position  1:    T:0.23684    C:0.18421    A:0.22368    G:0.35526
position  2:    T:0.17105    C:0.31579    A:0.27632    G:0.23684
position  3:    T:0.34211    C:0.32895    A:0.15789    G:0.17105
Average         T:0.25000    C:0.27632    A:0.21930    G:0.25439

#49: Steenbok       
position  1:    T:0.23684    C:0.18421    A:0.22368    G:0.35526
position  2:    T:0.17105    C:0.31579    A:0.27632    G:0.23684
position  3:    T:0.34211    C:0.32895    A:0.15789    G:0.17105
Average         T:0.25000    C:0.27632    A:0.21930    G:0.25439

#50: Impala         
position  1:    T:0.23684    C:0.19737    A:0.22368    G:0.34211
position  2:    T:0.17105    C:0.31579    A:0.27632    G:0.23684
position  3:    T:0.32895    C:0.34211    A:0.15789    G:0.17105
Average         T:0.24561    C:0.28509    A:0.21930    G:0.25000

#51: Klipspringer   
position  1:    T:0.23684    C:0.18421    A:0.22368    G:0.35526
position  2:    T:0.17105    C:0.31579    A:0.27632    G:0.23684
