CODONML (in paml version 4.10.7, June 2023)  /home/rachel/ruminants_paml/6406-phy-tree/ENSBTAT00000061319.fasta.phy
Model: free dN/dS Ratios for branches,  kappa = 2.000 fixed

Codon frequency model: F3x4
ns =  54  ls =  48

Codon usage in sequences
--------------------------------------------------------------------------------------------------------------------------------------
Phe TTT   1   1   1   1   1   1 | Ser TCT   0   0   0   0   0   1 | Tyr TAT   1   2   1   2   1   2 | Cys TGT   0   0   0   0   0   0
    TTC   1   1   1   1   1   1 |     TCC   1   1   1   1   1   1 |     TAC   1   0   1   0   1   0 |     TGC   1   1   1   1   1   1
Leu TTA   0   0   0   0   0   0 |     TCA   0   1   0   0   0   0 | *** TAA   0   0   0   0   0   0 | *** TGA   0   0   0   0   0   0
    TTG   0   0   1   0   0   0 |     TCG   1   0   1   1   1   0 |     TAG   0   0   0   0   0   0 | Trp TGG   2   2   2   2   2   2
--------------------------------------------------------------------------------------------------------------------------------------
Leu CTT   1   0   1   1   1   1 | Pro CCT   3   1   1   2   2   3 | His CAT   0   0   0   0   1   0 | Arg CGT   0   0   0   0   0   0
    CTC   0   1   0   0   0   0 |     CCC   0   1   2   1   1   0 |     CAC   2   2   2   2   1   2 |     CGC   0   0   0   0   0   0
    CTA   0   0   0   0   0   0 |     CCA   0   1   0   0   0   0 | Gln CAA   0   0   0   0   0   0 |     CGA   0   0   0   0   0   0
    CTG   3   3   2   3   3   3 |     CCG   0   0   0   0   0   0 |     CAG   1   1   1   1   1   1 |     CGG   0   0   0   0   1   1
--------------------------------------------------------------------------------------------------------------------------------------
Ile ATT   1   2   1   1   0   0 | Thr ACT   1   1   1   1   1   0 | Asn AAT   3   3   3   2   1   2 | Ser AGT   0   0   0   0   0   0
    ATC   3   2   3   3   4   4 |     ACC   0   0   0   0   0   1 |     AAC   0   0   0   1   2   1 |     AGC   0   0   0   0   0   0
    ATA   1   1   1   1   1   1 |     ACA   2   2   2   2   1   1 | Lys AAA   1   1   1   1   1   1 | Arg AGA   1   2   1   1   1   1
Met ATG   0   0   0   0   0   0 |     ACG   0   0   0   0   1   1 |     AAG   0   0   0   0   0   0 |     AGG   3   2   3   3   2   2
--------------------------------------------------------------------------------------------------------------------------------------
Val GTT   1   1   1   1   1   1 | Ala GCT   0   0   0   0   1   0 | Asp GAT   2   2   2   2   1   1 | Gly GGT   0   0   0   0   0   0
    GTC   1   1   1   1   1   1 |     GCC   0   0   0   0   0   0 |     GAC   1   1   1   1   2   2 |     GGC   2   2   2   1   2   2
    GTA   0   0   0   0   0   0 |     GCA   1   1   1   1   0   1 | Glu GAA   1   1   1   1   1   0 |     GGA   0   0   0   0   0   0
    GTG   0   0   0   0   0   0 |     GCG   0   0   0   0   0   0 |     GAG   3   3   3   3   3   4 |     GGG   1   1   1   2   1   1
--------------------------------------------------------------------------------------------------------------------------------------

--------------------------------------------------------------------------------------------------------------------------------------
Phe TTT   1   1   1   1   1   1 | Ser TCT   0   0   0   0   0   0 | Tyr TAT   1   1   2   2   2   2 | Cys TGT   0   0   0   0   0   0
    TTC   1   1   1   1   1   1 |     TCC   1   1   1   1   1   1 |     TAC   1   1   0   0   0   0 |     TGC   1   1   1   1   1   1
Leu TTA   0   0   0   0   0   0 |     TCA   0   0   0   0   0   0 | *** TAA   0   0   0   0   0   0 | *** TGA   0   0   0   0   0   0
    TTG   0   0   0   0   0   0 |     TCG   1   1   1   1   1   1 |     TAG   0   0   0   0   0   0 | Trp TGG   2   2   2   2   2   2
--------------------------------------------------------------------------------------------------------------------------------------
Leu CTT   1   1   1   1   1   1 | Pro CCT   2   3   2   2   2   2 | His CAT   0   0   0   0   0   0 | Arg CGT   0   0   0   0   0   0
    CTC   0   0   0   0   0   0 |     CCC   1   0   1   1   1   1 |     CAC   2   2   2   2   2   2 |     CGC   0   0   0   0   0   0
    CTA   0   0   0   0   0   0 |     CCA   0   0   0   0   0   0 | Gln CAA   0   0   0   0   0   0 |     CGA   0   0   0   0   0   0
    CTG   3   3   3   3   3   3 |     CCG   0   0   0   0   0   0 |     CAG   1   1   1   1   1   1 |     CGG   0   0   0   0   0   0
--------------------------------------------------------------------------------------------------------------------------------------
Ile ATT   1   1   1   1   1   1 | Thr ACT   1   1   1   1   1   1 | Asn AAT   3   3   3   2   2   2 | Ser AGT   0   0   0   0   0   0
    ATC   3   3   3   3   3   3 |     ACC   0   0   0   0   0   0 |     AAC   0   0   0   1   1   1 |     AGC   0   0   0   0   0   0
    ATA   1   1   1   1   1   1 |     ACA   2   2   2   2   2   2 | Lys AAA   1   1   1   1   1   1 | Arg AGA   1   1   1   1   1   1
Met ATG   0   0   0   0   0   0 |     ACG   0   0   0   0   0   0 |     AAG   0   0   0   0   0   0 |     AGG   3   3   3   3   3   3
--------------------------------------------------------------------------------------------------------------------------------------
Val GTT   1   1   1   1   1   1 | Ala GCT   0   0   0   0   0   0 | Asp GAT   2   2   2   2   2   2 | Gly GGT   0   0   0   0   0   0
    GTC   1   1   1   1   1   1 |     GCC   1   0   0   0   0   0 |     GAC   1   1   1   1   1   1 |     GGC   2   2   2   2   2   1
    GTA   0   0   0   0   0   0 |     GCA   0   1   1   1   1   1 | Glu GAA   1   1   1   1   1   1 |     GGA   0   0   0   0   0   0
    GTG   0   0   0   0   0   0 |     GCG   0   0   0   0   0   0 |     GAG   3   3   3   3   3   3 |     GGG   1   1   1   1   1   2
--------------------------------------------------------------------------------------------------------------------------------------

--------------------------------------------------------------------------------------------------------------------------------------
Phe TTT   1   1   1   1   1   1 | Ser TCT   0   0   0   0   0   0 | Tyr TAT   1   1   1   2   2   2 | Cys TGT   0   0   0   0   0   0
    TTC   1   1   1   1   1   1 |     TCC   1   1   1   1   1   1 |     TAC   1   1   1   0   0   0 |     TGC   1   1   1   1   1   1
Leu TTA   0   0   0   0   0   0 |     TCA   0   0   0   0   1   0 | *** TAA   0   0   0   0   0   0 | *** TGA   0   0   0   0   0   0
    TTG   0   1   0   0   0   0 |     TCG   1   1   1   1   0   1 |     TAG   0   0   0   0   0   0 | Trp TGG   2   2   2   2   2   2
--------------------------------------------------------------------------------------------------------------------------------------
Leu CTT   1   1   1   1   1   1 | Pro CCT   2   2   2   2   2   2 | His CAT   0   0   0   0   0   0 | Arg CGT   0   0   0   0   0   0
    CTC   0   0   0   0   0   0 |     CCC   1   1   1   1   1   1 |     CAC   2   2   2   2   2   2 |     CGC   0   0   0   0   0   0
    CTA   0   0   0   0   0   0 |     CCA   0   0   0   0   0   0 | Gln CAA   0   0   0   0   0   0 |     CGA   0   0   0   0   0   0
    CTG   3   2   3   3   3   3 |     CCG   0   0   0   0   0   0 |     CAG   1   1   1   1   1   1 |     CGG   0   0   0   0   0   0
--------------------------------------------------------------------------------------------------------------------------------------
Ile ATT   1   1   1   1   1   1 | Thr ACT   1   1   1   1   1   1 | Asn AAT   3   2   3   2   3   2 | Ser AGT   0   0   0   0   0   0
    ATC   3   3   3   3   3   3 |     ACC   0   0   0   0   0   0 |     AAC   0   1   0   1   0   1 |     AGC   0   0   0   0   0   0
    ATA   1   1   1   1   1   1 |     ACA   2   2   2   2   2   2 | Lys AAA   1   1   1   1   1   1 | Arg AGA   1   1   1   1   1   1
Met ATG   0   0   0   0   0   0 |     ACG   0   0   0   0   0   0 |     AAG   0   0   0   0   0   0 |     AGG   3   3   3   3   3   3
--------------------------------------------------------------------------------------------------------------------------------------
Val GTT   1   1   1   1   1   1 | Ala GCT   0   0   0   0   0   0 | Asp GAT   2   2   2   2   2   2 | Gly GGT   0   0   0   0   0   0
    GTC   1   1   1   1   1   1 |     GCC   0   0   0   0   0   0 |     GAC   1   1   1   1   1   1 |     GGC   2   2   2   2   2   2
    GTA   0   0   0   0   0   0 |     GCA   1   1   1   1   1   1 | Glu GAA   2   1   1   1   1   1 |     GGA   0   0   0   0   0   0
    GTG   0   0   0   0   0   0 |     GCG   0   0   0   0   0   0 |     GAG   2   3   3   3   3   3 |     GGG   1   1   1   1   1   1
--------------------------------------------------------------------------------------------------------------------------------------

--------------------------------------------------------------------------------------------------------------------------------------
Phe TTT   1   1   1   1   1   0 | Ser TCT   0   0   0   0   0   0 | Tyr TAT   2   2   1   1   2   1 | Cys TGT   0   0   0   0   0   0
    TTC   1   1   1   1   1   2 |     TCC   1   1   1   1   1   1 |     TAC   0   0   1   1   0   1 |     TGC   1   1   1   1   1   1
Leu TTA   0   0   0   0   0   0 |     TCA   1   0   0   0   0   0 | *** TAA   0   0   0   0   0   0 | *** TGA   0   0   0   0   0   0
    TTG   0   0   0   1   0   0 |     TCG   0   1   1   1   1   1 |     TAG   0   0   0   0   0   0 | Trp TGG   2   2   2   2   2   2
--------------------------------------------------------------------------------------------------------------------------------------
Leu CTT   1   1   1   1   1   1 | Pro CCT   2   2   2   1   3   2 | His CAT   0   0   0   0   0   0 | Arg CGT   0   0   0   0   0   0
    CTC   0   0   0   0   0   0 |     CCC   1   1   1   2   0   1 |     CAC   2   2   2   2   2   2 |     CGC   0   0   0   0   0   0
    CTA   0   0   0   0   0   0 |     CCA   0   0   0   0   0   0 | Gln CAA   0   0   0   0   0   0 |     CGA   0   0   0   0   0   0
    CTG   3   3   3   2   3   3 |     CCG   0   0   0   0   0   0 |     CAG   1   1   1   1   1   1 |     CGG   0   0   0   0   0   0
--------------------------------------------------------------------------------------------------------------------------------------
Ile ATT   0   1   1   1   1   1 | Thr ACT   1   1   1   1   1   1 | Asn AAT   2   2   3   2   2   3 | Ser AGT   0   0   0   0   0   0
    ATC   4   3   3   3   3   3 |     ACC   0   0   0   0   0   0 |     AAC   1   1   0   1   1   0 |     AGC   0   0   0   0   0   0
    ATA   1   1   1   1   1   1 |     ACA   2   2   2   2   2   2 | Lys AAA   1   1   1   1   1   1 | Arg AGA   1   1   1   1   1   1
Met ATG   0   0   0   0   0   0 |     ACG   0   0   0   0   0   0 |     AAG   0   0   0   0   0   0 |     AGG   3   3   3   3   3   3
--------------------------------------------------------------------------------------------------------------------------------------
Val GTT   1   1   1   1   1   1 | Ala GCT   0   0   0   0   0   0 | Asp GAT   2   2   2   2   2   2 | Gly GGT   0   0   0   0   0   0
    GTC   1   1   1   1   1   1 |     GCC   0   0   0   0   0   0 |     GAC   1   1   2   1   1   1 |     GGC   2   2   2   2   2   2
    GTA   0   0   0   0   0   0 |     GCA   1   1   1   1   1   1 | Glu GAA   1   1   1   1   1   1 |     GGA   0   0   0   0   0   0
    GTG   0   0   0   0   0   0 |     GCG   0   0   0   0   0   0 |     GAG   3   3   2   3   3   3 |     GGG   1   1   1   1   1   1
--------------------------------------------------------------------------------------------------------------------------------------

--------------------------------------------------------------------------------------------------------------------------------------
Phe TTT   1   1   1   1   1   1 | Ser TCT   0   0   0   0   0   0 | Tyr TAT   2   2   1   2   1   1 | Cys TGT   0   0   0   0   0   0
    TTC   1   1   1   1   1   1 |     TCC   1   1   1   1   1   1 |     TAC   0   0   1   0   1   1 |     TGC   1   1   1   1   1   1
Leu TTA   0   0   0   0   0   0 |     TCA   0   0   0   0   0   0 | *** TAA   0   0   0   0   0   0 | *** TGA   0   0   0   0   0   0
    TTG   0   0   0   0   0   1 |     TCG   1   1   1   1   1   1 |     TAG   0   0   0   0   0   0 | Trp TGG   2   2   2   2   2   2
--------------------------------------------------------------------------------------------------------------------------------------
Leu CTT   1   1   1   1   1   1 | Pro CCT   2   2   2   2   2   1 | His CAT   0   0   0   0   0   0 | Arg CGT   0   0   0   0   0   0
    CTC   0   0   0   0   0   0 |     CCC   1   1   1   1   1   2 |     CAC   2   2   2   2   2   2 |     CGC   0   0   0   0   0   0
    CTA   0   0   0   0   0   0 |     CCA   0   0   0   0   0   0 | Gln CAA   0   0   0   0   0   0 |     CGA   0   0   0   0   0   0
    CTG   3   3   3   3   3   2 |     CCG   0   0   0   0   0   0 |     CAG   1   1   1   1   1   1 |     CGG   0   1   0   0   0   0
--------------------------------------------------------------------------------------------------------------------------------------
Ile ATT   1   1   1   1   1   1 | Thr ACT   1   1   1   1   1   1 | Asn AAT   3   2   3   2   3   2 | Ser AGT   0   0   0   0   0   0
    ATC   3   3   3   3   3   3 |     ACC   0   0   0   0   0   0 |     AAC   0   1   0   1   0   1 |     AGC   0   0   0   0   0   0
    ATA   1   1   1   1   1   1 |     ACA   2   2   2   2   2   2 | Lys AAA   1   1   1   1   1   1 | Arg AGA   0   0   1   0   1   1
Met ATG   0   0   0   0   0   0 |     ACG   0   0   0   0   0   0 |     AAG   0   0   0   0   0   0 |     AGG   4   3   3   4   3   3
--------------------------------------------------------------------------------------------------------------------------------------
Val GTT   1   1   1   1   1   1 | Ala GCT   0   0   0   0   0   0 | Asp GAT   2   2   2   2   2   2 | Gly GGT   0   0   0   0   0   0
    GTC   1   1   1   1   1   1 |     GCC   0   0   0   0   0   0 |     GAC   1   1   1   1   1   1 |     GGC   1   1   2   2   2   2
    GTA   0   0   0   0   0   0 |     GCA   1   1   1   1   1   1 | Glu GAA   1   2   2   1   1   1 |     GGA   0   0   0   0   0   0
    GTG   0   0   0   0   0   0 |     GCG   0   0   0   0   0   0 |     GAG   3   2   2   3   3   3 |     GGG   2   2   1   1   1   1
--------------------------------------------------------------------------------------------------------------------------------------

--------------------------------------------------------------------------------------------------------------------------------------
Phe TTT   1   1   1   1   1   1 | Ser TCT   0   0   0   0   0   0 | Tyr TAT   2   1   2   2   1   1 | Cys TGT   0   0   0   0   0   0
    TTC   1   1   1   1   1   1 |     TCC   1   1   1   1   1   1 |     TAC   0   1   0   0   1   1 |     TGC   1   1   1   1   1   1
Leu TTA   0   0   0   0   0   0 |     TCA   0   0   0   0   0   0 | *** TAA   0   0   0   0   0   0 | *** TGA   0   0   0   0   0   0
    TTG   0   1   0   0   0   0 |     TCG   1   1   1   1   1   1 |     TAG   0   0   0   0   0   0 | Trp TGG   2   2   2   2   2   2
--------------------------------------------------------------------------------------------------------------------------------------
Leu CTT   1   1   1   1   1   1 | Pro CCT   2   1   2   2   2   2 | His CAT   0   0   0   0   0   0 | Arg CGT   0   0   0   0   0   0
    CTC   0   0   0   0   0   0 |     CCC   1   2   1   1   1   1 |     CAC   2   2   2   2   2   2 |     CGC   0   0   0   0   0   0
    CTA   0   0   0   0   0   0 |     CCA   0   0   0   0   0   0 | Gln CAA   0   0   0   0   0   0 |     CGA   0   0   0   0   0   0
    CTG   3   2   3   3   3   3 |     CCG   0   0   0   0   0   0 |     CAG   1   1   1   1   1   1 |     CGG   0   0   0   0   0   0
--------------------------------------------------------------------------------------------------------------------------------------
Ile ATT   1   1   1   1   1   1 | Thr ACT   1   1   1   1   1   1 | Asn AAT   2   2   2   3   2   3 | Ser AGT   0   0   0   0   0   0
    ATC   3   3   3   3   3   3 |     ACC   0   0   0   0   0   0 |     AAC   1   1   1   0   1   0 |     AGC   0   0   0   0   0   0
    ATA   1   1   1   1   1   1 |     ACA   2   2   2   2   2   2 | Lys AAA   1   1   1   1   1   1 | Arg AGA   1   1   1   1   1   1
Met ATG   0   0   0   0   0   0 |     ACG   0   0   0   0   0   0 |     AAG   0   0   0   0   0   0 |     AGG   3   3   3   3   3   3
--------------------------------------------------------------------------------------------------------------------------------------
Val GTT   1   1   1   1   1   1 | Ala GCT   0   0   0   0   0   0 | Asp GAT   2   2   2   2   2   2 | Gly GGT   0   0   0   0   0   0
    GTC   1   1   1   1   1   1 |     GCC   0   0   0   0   0   0 |     GAC   1   1   1   1   1   1 |     GGC   2   2   1   2   2   2
    GTA   0   0   0   0   0   0 |     GCA   1   1   1   1   1   1 | Glu GAA   1   1   1   1   1   1 |     GGA   0   0   0   0   0   0
    GTG   0   0   0   0   0   0 |     GCG   0   0   0   0   0   0 |     GAG   3   3   3   3   3   3 |     GGG   1   1   2   1   1   1
--------------------------------------------------------------------------------------------------------------------------------------

--------------------------------------------------------------------------------------------------------------------------------------
Phe TTT   1   1   1   1   1   1 | Ser TCT   0   0   0   0   0   0 | Tyr TAT   1   1   1   1   2   2 | Cys TGT   0   0   0   0   0   0
    TTC   1   1   1   1   1   1 |     TCC   1   1   1   1   1   1 |     TAC   1   1   1   1   0   0 |     TGC   1   1   1   1   1   1
Leu TTA   0   0   0   0   0   0 |     TCA   0   0   0   0   0   0 | *** TAA   0   0   0   0   0   0 | *** TGA   0   0   0   0   0   0
    TTG   0   1   0   0   0   0 |     TCG   1   1   1   1   1   1 |     TAG   0   0   0   0   0   0 | Trp TGG   2   2   2   2   2   2
--------------------------------------------------------------------------------------------------------------------------------------
Leu CTT   1   1   1   1   1   1 | Pro CCT   2   2   2   2   2   2 | His CAT   0   0   0   0   0   0 | Arg CGT   0   0   0   0   0   0
    CTC   0   0   0   0   0   0 |     CCC   1   1   1   1   1   1 |     CAC   2   2   2   2   2   2 |     CGC   0   0   0   0   0   0
    CTA   0   0   0   0   0   0 |     CCA   0   0   0   0   0   0 | Gln CAA   0   0   0   0   0   0 |     CGA   0   0   0   0   0   0
    CTG   3   2   3   3   3   3 |     CCG   0   0   0   0   0   0 |     CAG   1   1   1   1   1   1 |     CGG   0   0   0   0   0   0
--------------------------------------------------------------------------------------------------------------------------------------
Ile ATT   1   1   1   1   1   1 | Thr ACT   1   1   1   1   1   1 | Asn AAT   3   2   3   3   2   2 | Ser AGT   0   0   0   0   0   0
    ATC   3   3   3   3   3   3 |     ACC   0   0   0   0   0   0 |     AAC   0   1   0   0   1   1 |     AGC   0   0   0   0   0   0
    ATA   1   1   1   1   1   1 |     ACA   2   2   2   2   2   2 | Lys AAA   1   1   1   1   1   1 | Arg AGA   0   1   1   1   1   1
Met ATG   0   0   0   0   0   0 |     ACG   0   0   0   0   0   0 |     AAG   0   0   0   0   0   0 |     AGG   4   3   3   3   3   3
--------------------------------------------------------------------------------------------------------------------------------------
Val GTT   1   1   1   1   1   1 | Ala GCT   0   0   0   0   0   0 | Asp GAT   2   2   2   2   2   2 | Gly GGT   0   0   0   0   0   0
    GTC   1   1   1   1   1   1 |     GCC   0   0   0   1   0   0 |     GAC   1   1   1   1   1   1 |     GGC   2   2   2   2   2   1
    GTA   0   0   0   0   0   0 |     GCA   1   1   1   0   1   1 | Glu GAA   1   1   1   1   1   1 |     GGA   0   0   0   0   0   0
    GTG   0   0   0   0   0   0 |     GCG   0   0   0   0   0   0 |     GAG   3   3   3   3   3   3 |     GGG   1   1   1   1   1   2
--------------------------------------------------------------------------------------------------------------------------------------

--------------------------------------------------------------------------------------------------------------------------------------
Phe TTT   1   1   1   1   1   1 | Ser TCT   0   0   0   0   0   0 | Tyr TAT   2   2   2   2   1   1 | Cys TGT   0   0   0   0   0   0
    TTC   1   1   1   1   1   1 |     TCC   1   1   1   1   1   1 |     TAC   0   0   0   0   1   1 |     TGC   1   1   1   1   1   1
Leu TTA   0   0   0   0   0   0 |     TCA   0   0   0   0   0   0 | *** TAA   0   0   0   0   0   0 | *** TGA   0   0   0   0   0   0
    TTG   0   0   0   0   1   0 |     TCG   1   1   1   1   1   1 |     TAG   0   0   0   0   0   0 | Trp TGG   2   2   2   2   2   2
--------------------------------------------------------------------------------------------------------------------------------------
Leu CTT   1   1   1   1   1   1 | Pro CCT   2   2   2   2   2   2 | His CAT   0   0   0   0   1   0 | Arg CGT   0   0   0   0   0   0
    CTC   0   0   0   0   0   0 |     CCC   1   1   1   1   1   1 |     CAC   2   2   2   2   1   2 |     CGC   0   0   0   0   0   0
    CTA   0   0   0   0   0   0 |     CCA   0   0   0   0   0   0 | Gln CAA   0   0   0   0   0   0 |     CGA   0   0   0   0   0   0
    CTG   3   3   3   3   2   3 |     CCG   0   0   0   0   0   0 |     CAG   1   1   1   1   1   1 |     CGG   0   0   0   0   0   0
--------------------------------------------------------------------------------------------------------------------------------------
Ile ATT   1   1   1   1   1   1 | Thr ACT   1   1   1   1   1   1 | Asn AAT   2   2   2   2   2   3 | Ser AGT   0   0   0   0   0   0
    ATC   3   3   3   3   3   3 |     ACC   0   0   0   0   0   0 |     AAC   1   1   1   1   1   0 |     AGC   0   0   0   0   0   0
    ATA   1   1   1   1   1   1 |     ACA   2   2   2   2   2   2 | Lys AAA   1   1   1   1   1   1 | Arg AGA   0   1   1   0   2   1
Met ATG   0   0   0   0   0   0 |     ACG   0   0   0   0   0   0 |     AAG   0   0   0   0   0   0 |     AGG   4   3   3   4   2   3
--------------------------------------------------------------------------------------------------------------------------------------
Val GTT   1   1   1   1   1   1 | Ala GCT   0   0   0   0   0   0 | Asp GAT   2   2   2   2   2   1 | Gly GGT   0   0   0   0   0   0
    GTC   1   1   1   1   1   1 |     GCC   0   0   0   0   0   0 |     GAC   1   1   1   1   1   2 |     GGC   1   2   1   1   2   2
    GTA   0   0   0   0   0   0 |     GCA   1   1   1   1   1   1 | Glu GAA   1   1   1   2   1   1 |     GGA   0   0   1   0   0   0
    GTG   0   0   0   0   0   0 |     GCG   0   0   0   0   0   0 |     GAG   3   3   3   2   3   3 |     GGG   2   1   1   2   1   1
--------------------------------------------------------------------------------------------------------------------------------------

--------------------------------------------------------------------------------------------------------------------------------------
Phe TTT   1   1   1   1   1   1 | Ser TCT   0   0   0   0   0   0 | Tyr TAT   2   0   1   2   1   1 | Cys TGT   0   0   0   0   0   0
    TTC   1   1   1   1   1   1 |     TCC   1   1   1   1   1   1 |     TAC   0   2   1   0   1   1 |     TGC   1   1   1   1   1   1
Leu TTA   0   0   0   0   0   0 |     TCA   0   0   0   0   0   0 | *** TAA   0   0   0   0   0   0 | *** TGA   0   0   0   0   0   0
    TTG   0   0   0   0   1   1 |     TCG   1   1   1   1   1   1 |     TAG   0   0   0   0   0   0 | Trp TGG   2   2   2   2   2   2
--------------------------------------------------------------------------------------------------------------------------------------
Leu CTT   1   1   1   1   1   1 | Pro CCT   2   2   2   2   1   1 | His CAT   0   0   0   0   0   0 | Arg CGT   0   0   0   0   0   0
    CTC   0   0   0   0   0   0 |     CCC   1   1   1   1   2   2 |     CAC   2   2   2   2   2   2 |     CGC   0   0   0   0   0   0
    CTA   0   0   0   0   0   0 |     CCA   0   0   0   0   0   0 | Gln CAA   0   0   0   0   0   0 |     CGA   0   0   0   0   0   0
    CTG   3   3   3   3   2   2 |     CCG   0   0   0   0   0   0 |     CAG   1   1   1   1   1   1 |     CGG   0   0   0   0   0   0
--------------------------------------------------------------------------------------------------------------------------------------
Ile ATT   1   1   1   1   1   1 | Thr ACT   1   1   1   1   1   1 | Asn AAT   3   3   3   2   3   2 | Ser AGT   0   0   0   0   0   0
    ATC   3   3   3   3   3   3 |     ACC   0   0   0   0   0   0 |     AAC   0   0   0   1   0   1 |     AGC   0   0   0   0   0   0
    ATA   1   1   1   1   1   1 |     ACA   2   2   2   2   2   2 | Lys AAA   1   1   1   1   1   1 | Arg AGA   1   2   0   1   1   1
Met ATG   0   0   0   0   0   0 |     ACG   0   0   0   0   0   0 |     AAG   0   0   0   0   0   0 |     AGG   3   2   4   3   3   3
--------------------------------------------------------------------------------------------------------------------------------------
Val GTT   1   1   1   1   1   1 | Ala GCT   0   0   0   0   0   0 | Asp GAT   2   2   2   2   2   2 | Gly GGT   0   0   0   0   0   0
    GTC   1   1   1   1   1   1 |     GCC   0   0   0   0   0   0 |     GAC   1   1   1   1   1   1 |     GGC   2   2   2   1   2   2
    GTA   0   0   0   0   0   0 |     GCA   1   1   1   1   1   1 | Glu GAA   1   1   1   1   1   1 |     GGA   0   0   0   0   0   0
    GTG   0   0   0   0   0   0 |     GCG   0   0   0   0   0   0 |     GAG   3   3   3   3   3   3 |     GGG   1   1   1   2   1   1
--------------------------------------------------------------------------------------------------------------------------------------

Codon position x base (3x4) table for each sequence.

#1: Argali         
position  1:    T:0.18750    C:0.20833    A:0.33333    G:0.27083
position  2:    T:0.27083    C:0.18750    A:0.33333    G:0.20833
position  3:    T:0.29167    C:0.27083    A:0.14583    G:0.29167
Average         T:0.25000    C:0.22222    A:0.27083    G:0.25694

#2: LesserMouseDeer
position  1:    T:0.18750    C:0.20833    A:0.33333    G:0.27083
position  2:    T:0.27083    C:0.18750    A:0.33333    G:0.20833
position  3:    T:0.27083    C:0.27083    A:0.20833    G:0.25000
Average         T:0.24306    C:0.22222    A:0.29167    G:0.24306

#3: LesserKudu     
position  1:    T:0.20833    C:0.18750    A:0.33333    G:0.27083
position  2:    T:0.27083    C:0.18750    A:0.33333    G:0.20833
position  3:    T:0.25000    C:0.31250    A:0.14583    G:0.29167
Average         T:0.24306    C:0.22917    A:0.27083    G:0.25694

#4: ForestMuskDeer2
position  1:    T:0.18750    C:0.20833    A:0.33333    G:0.27083
position  2:    T:0.27083    C:0.18750    A:0.33333    G:0.20833
position  3:    T:0.27083    C:0.27083    A:0.14583    G:0.31250
Average         T:0.24306    C:0.22222    A:0.27083    G:0.26389

#5: Camel          
position  1:    T:0.18750    C:0.22917    A:0.31250    G:0.27083
position  2:    T:0.27083    C:0.18750    A:0.33333    G:0.20833
position  3:    T:0.22917    C:0.35417    A:0.10417    G:0.31250
Average         T:0.22917    C:0.25694    A:0.25000    G:0.26389

#6: KillerWhale    
position  1:    T:0.18750    C:0.22917    A:0.31250    G:0.27083
position  2:    T:0.27083    C:0.18750    A:0.33333    G:0.20833
position  3:    T:0.25000    C:0.33333    A:0.10417    G:0.31250
Average         T:0.23611    C:0.25000    A:0.25000    G:0.26389

#7: DefassaWaterbuck
position  1:    T:0.18750    C:0.20833    A:0.33333    G:0.27083
position  2:    T:0.27083    C:0.18750    A:0.33333    G:0.20833
position  3:    T:0.27083    C:0.31250    A:0.12500    G:0.29167
Average         T:0.24306    C:0.23611    A:0.26389    G:0.25694

#8: Sheep          
position  1:    T:0.18750    C:0.20833    A:0.33333    G:0.27083
position  2:    T:0.27083    C:0.18750    A:0.33333    G:0.20833
position  3:    T:0.29167    C:0.27083    A:0.14583    G:0.29167
Average         T:0.25000    C:0.22222    A:0.27083    G:0.25694

#9: MaxwellsDuiker 
position  1:    T:0.18750    C:0.20833    A:0.33333    G:0.27083
position  2:    T:0.27083    C:0.18750    A:0.33333    G:0.20833
position  3:    T:0.29167    C:0.27083    A:0.14583    G:0.29167
Average         T:0.25000    C:0.22222    A:0.27083    G:0.25694

#10: GazellaPrzewalskyi
position  1:    T:0.18750    C:0.20833    A:0.33333    G:0.27083
position  2:    T:0.27083    C:0.18750    A:0.33333    G:0.20833
position  3:    T:0.27083    C:0.29167    A:0.14583    G:0.29167
Average         T:0.24306    C:0.22917    A:0.27083    G:0.25694

#11: MountainNyala  
position  1:    T:0.18750    C:0.20833    A:0.33333    G:0.27083
position  2:    T:0.27083    C:0.18750    A:0.33333    G:0.20833
position  3:    T:0.27083    C:0.29167    A:0.14583    G:0.29167
Average         T:0.24306    C:0.22917    A:0.27083    G:0.25694

#12: MuntiacusMuntjak
position  1:    T:0.18750    C:0.20833    A:0.33333    G:0.27083
position  2:    T:0.27083    C:0.18750    A:0.33333    G:0.20833
position  3:    T:0.27083    C:0.27083    A:0.14583    G:0.31250
Average         T:0.24306    C:0.22222    A:0.27083    G:0.26389

#13: goat           
position  1:    T:0.18750    C:0.20833    A:0.33333    G:0.27083
position  2:    T:0.27083    C:0.18750    A:0.33333    G:0.20833
position  3:    T:0.27083    C:0.29167    A:0.16667    G:0.27083
Average         T:0.24306    C:0.22917    A:0.27778    G:0.25000

#14: AfricanBuffalo 
position  1:    T:0.20833    C:0.18750    A:0.33333    G:0.27083
position  2:    T:0.27083    C:0.18750    A:0.33333    G:0.20833
position  3:    T:0.25000    C:0.31250    A:0.14583    G:0.29167
Average         T:0.24306    C:0.22917    A:0.27083    G:0.25694

#15: Topi           
position  1:    T:0.18750    C:0.20833    A:0.33333    G:0.27083
position  2:    T:0.27083    C:0.18750    A:0.33333    G:0.20833
position  3:    T:0.27083    C:0.29167    A:0.14583    G:0.29167
Average         T:0.24306    C:0.22917    A:0.27083    G:0.25694

#16: CommonDuiker   
position  1:    T:0.18750    C:0.20833    A:0.33333    G:0.27083
position  2:    T:0.27083    C:0.18750    A:0.33333    G:0.20833
position  3:    T:0.27083    C:0.29167    A:0.14583    G:0.29167
Average         T:0.24306    C:0.22917    A:0.27083    G:0.25694

#17: Suni           
position  1:    T:0.18750    C:0.20833    A:0.33333    G:0.27083
position  2:    T:0.27083    C:0.18750    A:0.33333    G:0.20833
position  3:    T:0.29167    C:0.27083    A:0.16667    G:0.27083
Average         T:0.25000    C:0.22222    A:0.27778    G:0.25000

#18: Springbuck     
position  1:    T:0.18750    C:0.20833    A:0.33333    G:0.27083
position  2:    T:0.27083    C:0.18750    A:0.33333    G:0.20833
position  3:    T:0.27083    C:0.29167    A:0.14583    G:0.29167
Average         T:0.24306    C:0.22917    A:0.27083    G:0.25694

#19: Okapi          
position  1:    T:0.18750    C:0.20833    A:0.33333    G:0.27083
position  2:    T:0.27083    C:0.18750    A:0.33333    G:0.20833
position  3:    T:0.25000    C:0.31250    A:0.16667    G:0.27083
Average         T:0.23611    C:0.23611    A:0.27778    G:0.25000

#20: Giraffe        
position  1:    T:0.18750    C:0.20833    A:0.33333    G:0.27083
position  2:    T:0.27083    C:0.18750    A:0.33333    G:0.20833
position  3:    T:0.27083    C:0.29167    A:0.14583    G:0.29167
Average         T:0.24306    C:0.22917    A:0.27083    G:0.25694

#21: TibetanAntelope
position  1:    T:0.18750    C:0.20833    A:0.33333    G:0.27083
position  2:    T:0.27083    C:0.18750    A:0.33333    G:0.20833
position  3:    T:0.27083    C:0.31250    A:0.14583    G:0.27083
Average         T:0.24306    C:0.23611    A:0.27083    G:0.25000

#22: Sitatunga      
position  1:    T:0.20833    C:0.18750    A:0.33333    G:0.27083
position  2:    T:0.27083    C:0.18750    A:0.33333    G:0.20833
position  3:    T:0.22917    C:0.33333    A:0.14583    G:0.29167
Average         T:0.23611    C:0.23611    A:0.27083    G:0.25694

#23: Oribi          
position  1:    T:0.18750    C:0.20833    A:0.33333    G:0.27083
position  2:    T:0.27083    C:0.18750    A:0.33333    G:0.20833
position  3:    T:0.29167    C:0.27083    A:0.14583    G:0.29167
Average         T:0.25000    C:0.22222    A:0.27083    G:0.25694

#24: BarbarySheep   
position  1:    T:0.18750    C:0.20833    A:0.33333    G:0.27083
position  2:    T:0.27083    C:0.18750    A:0.33333    G:0.20833
position  3:    T:0.25000    C:0.31250    A:0.14583    G:0.29167
Average         T:0.23611    C:0.23611    A:0.27083    G:0.25694

#25: Daviddeer      
position  1:    T:0.18750    C:0.20833    A:0.33333    G:0.27083
position  2:    T:0.27083    C:0.18750    A:0.33333    G:0.20833
position  3:    T:0.29167    C:0.25000    A:0.12500    G:0.33333
Average         T:0.25000    C:0.21528    A:0.26389    G:0.27083

#26: Reindeer       
position  1:    T:0.18750    C:0.22917    A:0.31250    G:0.27083
position  2:    T:0.27083    C:0.18750    A:0.33333    G:0.20833
position  3:    T:0.27083    C:0.27083    A:0.14583    G:0.31250
Average         T:0.24306    C:0.22917    A:0.26389    G:0.26389

#27: Ibex           
position  1:    T:0.18750    C:0.20833    A:0.33333    G:0.27083
position  2:    T:0.27083    C:0.18750    A:0.33333    G:0.20833
position  3:    T:0.27083    C:0.29167    A:0.16667    G:0.27083
Average         T:0.24306    C:0.22917    A:0.27778    G:0.25000

#28: GyrantGazelle  
position  1:    T:0.18750    C:0.20833    A:0.33333    G:0.27083
position  2:    T:0.27083    C:0.18750    A:0.33333    G:0.20833
position  3:    T:0.27083    C:0.29167    A:0.12500    G:0.31250
Average         T:0.24306    C:0.22917    A:0.26389    G:0.26389

#29: Hartebeest     
position  1:    T:0.18750    C:0.20833    A:0.33333    G:0.27083
position  2:    T:0.27083    C:0.18750    A:0.33333    G:0.20833
position  3:    T:0.27083    C:0.29167    A:0.14583    G:0.29167
Average         T:0.24306    C:0.22917    A:0.27083    G:0.25694

#30: Bongo          
position  1:    T:0.20833    C:0.18750    A:0.33333    G:0.27083
position  2:    T:0.27083    C:0.18750    A:0.33333    G:0.20833
position  3:    T:0.22917    C:0.33333    A:0.14583    G:0.29167
Average         T:0.23611    C:0.23611    A:0.27083    G:0.25694

#31: Gerenuk        
position  1:    T:0.18750    C:0.20833    A:0.33333    G:0.27083
position  2:    T:0.27083    C:0.18750    A:0.33333    G:0.20833
position  3:    T:0.27083    C:0.29167    A:0.14583    G:0.29167
Average         T:0.24306    C:0.22917    A:0.27083    G:0.25694

#32: CommonEland    
position  1:    T:0.20833    C:0.18750    A:0.33333    G:0.27083
position  2:    T:0.27083    C:0.18750    A:0.33333    G:0.20833
position  3:    T:0.22917    C:0.33333    A:0.14583    G:0.29167
Average         T:0.23611    C:0.23611    A:0.27083    G:0.25694

#33: MuntiacusReevesi
position  1:    T:0.18750    C:0.20833    A:0.33333    G:0.27083
position  2:    T:0.27083    C:0.18750    A:0.33333    G:0.20833
position  3:    T:0.27083    C:0.27083    A:0.14583    G:0.31250
Average         T:0.24306    C:0.22222    A:0.27083    G:0.26389

#34: HarveysDuiker  
position  1:    T:0.18750    C:0.20833    A:0.33333    G:0.27083
position  2:    T:0.27083    C:0.18750    A:0.33333    G:0.20833
position  3:    T:0.29167    C:0.27083    A:0.14583    G:0.29167
Average         T:0.25000    C:0.22222    A:0.27083    G:0.25694

#35: Pronghorn      
position  1:    T:0.18750    C:0.20833    A:0.33333    G:0.27083
position  2:    T:0.27083    C:0.18750    A:0.33333    G:0.20833
position  3:    T:0.25000    C:0.31250    A:0.14583    G:0.29167
Average         T:0.23611    C:0.23611    A:0.27083    G:0.25694

#36: BlueWildebeest 
position  1:    T:0.18750    C:0.20833    A:0.33333    G:0.27083
position  2:    T:0.27083    C:0.18750    A:0.33333    G:0.20833
position  3:    T:0.27083    C:0.29167    A:0.14583    G:0.29167
Average         T:0.24306    C:0.22917    A:0.27083    G:0.25694

#37: Gemsbok        
position  1:    T:0.18750    C:0.20833    A:0.33333    G:0.27083
position  2:    T:0.27083    C:0.18750    A:0.33333    G:0.20833
position  3:    T:0.27083    C:0.29167    A:0.12500    G:0.31250
Average         T:0.24306    C:0.22917    A:0.26389    G:0.26389

#38: Yak            
position  1:    T:0.20833    C:0.18750    A:0.33333    G:0.27083
position  2:    T:0.27083    C:0.18750    A:0.33333    G:0.20833
position  3:    T:0.25000    C:0.31250    A:0.14583    G:0.29167
Average         T:0.24306    C:0.22917    A:0.27083    G:0.25694

#39: BlueSheep      
position  1:    T:0.18750    C:0.20833    A:0.33333    G:0.27083
position  2:    T:0.27083    C:0.18750    A:0.33333    G:0.20833
position  3:    T:0.27083    C:0.29167    A:0.14583    G:0.29167
Average         T:0.24306    C:0.22917    A:0.27083    G:0.25694

#40: BohorReedbuck  
position  1:    T:0.18750    C:0.20833    A:0.33333    G:0.27083
position  2:    T:0.27083    C:0.18750    A:0.33333    G:0.20833
position  3:    T:0.27083    C:0.31250    A:0.12500    G:0.29167
Average         T:0.24306    C:0.23611    A:0.26389    G:0.25694

#41: KirksDik       
position  1:    T:0.18750    C:0.20833    A:0.33333    G:0.27083
position  2:    T:0.27083    C:0.18750    A:0.33333    G:0.20833
position  3:    T:0.27083    C:0.29167    A:0.14583    G:0.29167
Average         T:0.24306    C:0.22917    A:0.27083    G:0.25694

#42: RoeDeer        
position  1:    T:0.18750    C:0.20833    A:0.33333    G:0.27083
position  2:    T:0.27083    C:0.18750    A:0.33333    G:0.20833
position  3:    T:0.27083    C:0.27083    A:0.14583    G:0.31250
Average         T:0.24306    C:0.22222    A:0.27083    G:0.26389

#43: WhiteLippedDeer
position  1:    T:0.18750    C:0.20833    A:0.33333    G:0.27083
position  2:    T:0.27083    C:0.18750    A:0.33333    G:0.20833
position  3:    T:0.27083    C:0.27083    A:0.12500    G:0.33333
Average         T:0.24306    C:0.22222    A:0.26389    G:0.27083

#44: ThomsonGazelle 
position  1:    T:0.18750    C:0.20833    A:0.33333    G:0.27083
position  2:    T:0.27083    C:0.18750    A:0.33333    G:0.20833
position  3:    T:0.27083    C:0.29167    A:0.14583    G:0.29167
Average         T:0.24306    C:0.22917    A:0.27083    G:0.25694

#45: MuntiacusCrinifrons
position  1:    T:0.18750    C:0.20833    A:0.33333    G:0.27083
position  2:    T:0.27083    C:0.18750    A:0.33333    G:0.20833
position  3:    T:0.27083    C:0.27083    A:0.16667    G:0.29167
Average         T:0.24306    C:0.22222    A:0.27778    G:0.25694

#46: WhiteTailedDeer
position  1:    T:0.18750    C:0.20833    A:0.33333    G:0.27083
position  2:    T:0.27083    C:0.18750    A:0.33333    G:0.20833
position  3:    T:0.27083    C:0.27083    A:0.14583    G:0.31250
Average         T:0.24306    C:0.22222    A:0.27083    G:0.26389

#47: Cattle         
position  1:    T:0.20833    C:0.18750    A:0.33333    G:0.27083
position  2:    T:0.27083    C:0.18750    A:0.33333    G:0.20833
position  3:    T:0.27083    C:0.29167    A:0.16667    G:0.27083
Average         T:0.25000    C:0.22222    A:0.27778    G:0.25000

#48: RoyalAntelope  
position  1:    T:0.18750    C:0.20833    A:0.33333    G:0.27083
position  2:    T:0.27083    C:0.18750    A:0.33333    G:0.20833
position  3:    T:0.25000    C:0.31250    A:0.14583    G:0.29167
Average         T:0.23611    C:0.23611    A:0.27083    G:0.25694

#49: Steenbok       
position  1:    T:0.18750    C:0.20833    A:0.33333    G:0.27083
position  2:    T:0.27083    C:0.18750    A:0.33333    G:0.20833
position  3:    T:0.29167    C:0.27083    A:0.14583    G:0.29167
Average         T:0.25000    C:0.22222    A:0.27083    G:0.25694

#50: Impala         
position  1:    T:0.18750    C:0.20833    A:0.33333    G:0.27083
position  2:    T:0.27083    C:0.18750    A:0.33333    G:0.20833
position  3:    T:0.25000    C:0.31250    A:0.16667    G:0.27083
Average         T:0.23611    C:0.23611    A:0.27778    G:0.25000

#51: Klipspringer   
position  1:    T:0.18750    C:0.20833    A:0.33333    G:0.27083
position  2:    T:0.27083    C:0.18750    A:0.33333    G:0.20833
