CODONML (in paml version 4.10.7, June 2023)  /home/rachel/ruminants_paml/6406-phy-tree/ENSBTAT00000050151.fasta.phy
Model: free dN/dS Ratios for branches,  kappa = 2.000 fixed

Codon frequency model: F3x4
ns =  54  ls =  25

Codon usage in sequences
--------------------------------------------------------------------------------------------------------------------------------------
Phe TTT   0   0   0   0   0   0 | Ser TCT   1   1   1   1   1   1 | Tyr TAT   1   1   2   1   1   1 | Cys TGT   0   1   1   1   1   1
    TTC   0   0   0   0   0   0 |     TCC   0   0   0   0   0   0 |     TAC   1   1   0   1   1   1 |     TGC   1   0   0   0   0   0
Leu TTA   0   0   0   0   0   0 |     TCA   0   0   0   0   0   0 | *** TAA   0   0   0   0   0   0 | *** TGA   0   0   0   0   0   0
    TTG   0   0   0   0   0   0 |     TCG   0   0   0   0   0   0 |     TAG   0   0   0   0   0   0 | Trp TGG   1   1   1   1   1   1
--------------------------------------------------------------------------------------------------------------------------------------
Leu CTT   1   1   1   1   1   1 | Pro CCT   1   2   1   1   2   2 | His CAT   0   0   0   0   0   0 | Arg CGT   0   0   0   0   0   0
    CTC   0   0   0   0   0   0 |     CCC   1   0   1   1   0   0 |     CAC   0   0   0   0   0   0 |     CGC   0   0   0   0   0   0
    CTA   0   0   0   0   0   0 |     CCA   0   0   0   0   0   0 | Gln CAA   0   0   0   0   0   0 |     CGA   0   0   0   0   0   0
    CTG   0   0   0   0   0   0 |     CCG   0   0   0   0   0   0 |     CAG   0   0   0   0   0   0 |     CGG   0   0   0   0   0   0
--------------------------------------------------------------------------------------------------------------------------------------
Ile ATT   0   1   1   0   1   1 | Thr ACT   0   0   0   0   0   0 | Asn AAT   0   0   0   0   0   0 | Ser AGT   0   0   0   0   0   0
    ATC   3   2   2   3   2   2 |     ACC   1   1   1   1   1   1 |     AAC   0   0   0   0   0   0 |     AGC   0   0   0   0   0   0
    ATA   1   1   1   1   1   1 |     ACA   0   0   0   0   0   0 | Lys AAA   0   0   0   0   0   0 | Arg AGA   1   1   1   1   1   1
Met ATG   1   1   1   1   1   1 |     ACG   0   0   0   0   0   0 |     AAG   0   0   0   0   0   0 |     AGG   0   0   0   0   0   0
--------------------------------------------------------------------------------------------------------------------------------------
Val GTT   0   0   0   0   0   0 | Ala GCT   0   0   0   0   0   0 | Asp GAT   0   0   0   0   0   0 | Gly GGT   0   0   0   0   0   0
    GTC   0   1   0   0   0   0 |     GCC   1   1   1   1   1   1 |     GAC   1   1   1   1   1   1 |     GGC   1   0   1   1   1   1
    GTA   0   1   0   0   1   1 |     GCA   1   1   1   1   1   1 | Glu GAA   1   1   1   1   1   1 |     GGA   1   2   1   1   2   2
    GTG   2   0   2   2   1   1 |     GCG   0   0   0   0   0   0 |     GAG   1   1   1   1   1   1 |     GGG   1   1   1   1   0   0
--------------------------------------------------------------------------------------------------------------------------------------

--------------------------------------------------------------------------------------------------------------------------------------
Phe TTT   0   0   0   0   0   0 | Ser TCT   1   1   1   1   1   1 | Tyr TAT   1   1   1   1   2   1 | Cys TGT   1   0   1   1   1   1
    TTC   0   0   0   0   0   0 |     TCC   0   0   0   0   0   0 |     TAC   1   1   1   1   0   1 |     TGC   0   1   0   0   0   0
Leu TTA   0   0   0   0   0   0 |     TCA   0   0   0   0   0   0 | *** TAA   0   0   0   0   0   0 | *** TGA   0   0   0   0   0   0
    TTG   0   0   0   0   0   0 |     TCG   0   0   0   0   0   0 |     TAG   0   0   0   0   0   0 | Trp TGG   1   1   1   1   1   1
--------------------------------------------------------------------------------------------------------------------------------------
Leu CTT   1   1   1   1   1   1 | Pro CCT   1   1   1   1   1   2 | His CAT   0   0   0   0   0   0 | Arg CGT   0   0   0   0   0   0
    CTC   0   0   0   0   0   0 |     CCC   1   1   1   1   1   0 |     CAC   0   0   0   0   0   0 |     CGC   0   0   0   0   0   0
    CTA   0   0   0   0   0   0 |     CCA   0   0   0   0   0   0 | Gln CAA   0   0   0   0   0   0 |     CGA   0   0   0   0   0   0
    CTG   0   0   0   0   0   0 |     CCG   0   0   0   0   0   0 |     CAG   0   0   0   0   0   0 |     CGG   0   0   0   0   0   0
--------------------------------------------------------------------------------------------------------------------------------------
Ile ATT   0   0   0   0   1   0 | Thr ACT   0   0   0   0   0   0 | Asn AAT   0   0   0   0   0   0 | Ser AGT   0   0   0   0   0   0
    ATC   3   3   3   3   2   3 |     ACC   1   1   1   1   1   1 |     AAC   0   0   0   0   0   0 |     AGC   0   0   0   0   0   0
    ATA   1   1   1   1   1   1 |     ACA   0   0   0   0   0   0 | Lys AAA   0   0   0   0   0   0 | Arg AGA   1   1   1   1   1   1
Met ATG   1   1   1   1   1   1 |     ACG   0   0   0   0   0   0 |     AAG   0   0   0   0   0   0 |     AGG   0   0   0   0   0   0
--------------------------------------------------------------------------------------------------------------------------------------
Val GTT   0   0   0   0   0   0 | Ala GCT   0   0   0   0   0   0 | Asp GAT   1   0   0   0   0   0 | Gly GGT   0   0   0   0   0   0
    GTC   0   0   0   0   0   0 |     GCC   1   1   1   1   1   1 |     GAC   0   1   1   1   1   1 |     GGC   1   1   1   1   1   1
    GTA   0   0   0   0   0   0 |     GCA   1   1   1   1   1   1 | Glu GAA   1   1   1   1   1   1 |     GGA   1   1   1   1   1   2
    GTG   2   2   2   2   2   2 |     GCG   0   0   0   0   0   0 |     GAG   1   1   1   1   1   1 |     GGG   1   1   1   1   1   0
--------------------------------------------------------------------------------------------------------------------------------------

--------------------------------------------------------------------------------------------------------------------------------------
Phe TTT   0   0   0   0   0   0 | Ser TCT   1   1   1   1   1   1 | Tyr TAT   1   1   1   1   1   2 | Cys TGT   0   1   1   1   1   1
    TTC   0   0   0   0   0   0 |     TCC   0   0   0   0   0   0 |     TAC   1   1   1   1   1   0 |     TGC   1   0   0   0   0   0
Leu TTA   0   0   0   0   0   0 |     TCA   0   0   0   0   0   0 | *** TAA   0   0   0   0   0   0 | *** TGA   0   0   0   0   0   0
    TTG   0   0   0   0   0   0 |     TCG   0   0   0   0   0   0 |     TAG   0   0   0   0   0   0 | Trp TGG   1   1   1   1   1   1
--------------------------------------------------------------------------------------------------------------------------------------
Leu CTT   1   1   1   1   1   1 | Pro CCT   1   1   1   1   1   1 | His CAT   0   0   0   0   0   0 | Arg CGT   0   0   0   0   0   0
    CTC   0   0   0   0   0   0 |     CCC   1   1   1   1   1   1 |     CAC   0   0   0   0   0   0 |     CGC   0   0   0   0   0   0
    CTA   0   0   0   0   0   0 |     CCA   0   0   0   0   0   0 | Gln CAA   0   0   0   0   0   0 |     CGA   0   0   0   0   0   0
    CTG   0   0   0   0   0   0 |     CCG   0   0   0   0   0   0 |     CAG   0   0   0   0   0   0 |     CGG   0   0   0   0   0   0
--------------------------------------------------------------------------------------------------------------------------------------
Ile ATT   0   1   0   0   0   0 | Thr ACT   0   0   0   0   0   0 | Asn AAT   0   0   0   0   0   0 | Ser AGT   0   0   0   0   0   0
    ATC   3   2   3   3   3   3 |     ACC   1   1   1   1   1   1 |     AAC   0   0   0   0   0   0 |     AGC   0   0   0   0   0   0
    ATA   1   1   1   1   1   1 |     ACA   0   0   0   0   0   0 | Lys AAA   0   0   0   0   0   0 | Arg AGA   1   1   1   1   1   1
Met ATG   1   1   1   1   1   1 |     ACG   0   0   0   0   0   0 |     AAG   0   0   0   0   0   0 |     AGG   0   0   0   0   0   0
--------------------------------------------------------------------------------------------------------------------------------------
Val GTT   0   0   0   0   0   0 | Ala GCT   0   0   0   0   0   0 | Asp GAT   0   0   0   0   0   0 | Gly GGT   0   0   0   0   0   0
    GTC   0   0   0   0   0   0 |     GCC   1   1   1   1   1   1 |     GAC   1   1   1   1   1   1 |     GGC   1   1   1   1   1   1
    GTA   0   0   0   0   0   0 |     GCA   1   1   1   1   1   1 | Glu GAA   1   1   1   1   1   1 |     GGA   1   1   1   1   1   1
    GTG   2   2   2   2   2   2 |     GCG   0   0   0   0   0   0 |     GAG   1   1   1   1   1   1 |     GGG   1   1   1   1   1   1
--------------------------------------------------------------------------------------------------------------------------------------

--------------------------------------------------------------------------------------------------------------------------------------
Phe TTT   0   0   0   0   0   0 | Ser TCT   1   1   1   1   1   1 | Tyr TAT   1   1   1   2   1   1 | Cys TGT   1   1   0   1   1   1
    TTC   0   0   0   0   0   0 |     TCC   0   0   0   0   0   0 |     TAC   1   1   1   0   1   1 |     TGC   0   0   1   0   0   0
Leu TTA   0   0   0   0   0   0 |     TCA   0   0   0   0   0   0 | *** TAA   0   0   0   0   0   0 | *** TGA   0   0   0   0   0   0
    TTG   0   0   0   0   0   0 |     TCG   0   0   0   0   0   0 |     TAG   0   0   0   0   0   0 | Trp TGG   1   1   1   1   1   1
--------------------------------------------------------------------------------------------------------------------------------------
Leu CTT   1   1   1   1   1   1 | Pro CCT   2   2   1   1   1   1 | His CAT   0   0   0   0   0   0 | Arg CGT   0   0   0   0   0   0
    CTC   0   0   0   0   0   0 |     CCC   0   0   1   1   1   1 |     CAC   0   0   0   0   0   0 |     CGC   0   0   0   0   0   0
    CTA   0   0   0   0   0   0 |     CCA   0   0   0   0   0   0 | Gln CAA   0   0   0   0   0   0 |     CGA   0   0   0   0   0   0
    CTG   0   0   0   0   0   0 |     CCG   0   0   0   0   0   0 |     CAG   0   0   0   0   0   0 |     CGG   0   0   0   0   0   0
--------------------------------------------------------------------------------------------------------------------------------------
Ile ATT   0   0   0   1   0   0 | Thr ACT   0   0   0   0   0   0 | Asn AAT   0   0   0   0   0   0 | Ser AGT   0   0   0   0   0   0
    ATC   3   3   3   2   3   3 |     ACC   1   1   1   1   1   1 |     AAC   0   0   0   0   0   0 |     AGC   0   0   0   0   0   0
    ATA   1   1   1   1   1   1 |     ACA   0   0   0   0   0   0 | Lys AAA   0   0   0   0   0   0 | Arg AGA   1   1   1   1   1   1
Met ATG   1   1   1   1   1   1 |     ACG   0   0   0   0   0   0 |     AAG   0   0   0   0   0   0 |     AGG   0   0   0   0   0   0
--------------------------------------------------------------------------------------------------------------------------------------
Val GTT   0   0   0   0   0   0 | Ala GCT   0   0   0   0   0   0 | Asp GAT   0   0   0   0   0   0 | Gly GGT   0   0   0   0   0   0
    GTC   0   0   0   0   0   0 |     GCC   1   1   1   1   1   1 |     GAC   1   1   1   1   1   1 |     GGC   1   1   1   1   1   1
    GTA   1   1   0   0   0   0 |     GCA   1   1   1   1   1   1 | Glu GAA   1   1   1   1   1   1 |     GGA   2   2   1   1   1   1
    GTG   1   1   2   2   2   2 |     GCG   0   0   0   0   0   0 |     GAG   1   1   1   1   1   1 |     GGG   0   0   1   1   1   1
--------------------------------------------------------------------------------------------------------------------------------------

--------------------------------------------------------------------------------------------------------------------------------------
Phe TTT   0   0   0   0   0   0 | Ser TCT   1   1   1   1   1   1 | Tyr TAT   1   1   1   1   1   2 | Cys TGT   1   1   0   1   1   1
    TTC   0   0   0   0   0   0 |     TCC   0   0   0   0   0   0 |     TAC   1   1   1   1   1   0 |     TGC   0   0   1   0   0   0
Leu TTA   0   0   0   0   0   0 |     TCA   0   0   0   0   0   0 | *** TAA   0   0   0   0   0   0 | *** TGA   0   0   0   0   0   0
    TTG   0   0   0   0   0   0 |     TCG   0   0   0   0   0   0 |     TAG   0   0   0   0   0   0 | Trp TGG   1   1   1   1   1   1
--------------------------------------------------------------------------------------------------------------------------------------
Leu CTT   1   1   1   1   1   1 | Pro CCT   1   1   1   1   1   1 | His CAT   0   0   0   0   0   0 | Arg CGT   0   0   0   0   0   0
    CTC   0   0   0   0   0   0 |     CCC   1   1   1   1   1   1 |     CAC   0   0   0   0   0   0 |     CGC   0   0   0   0   0   0
    CTA   0   0   0   0   0   0 |     CCA   0   0   0   0   0   0 | Gln CAA   0   0   0   0   0   0 |     CGA   0   0   0   0   0   0
    CTG   0   0   0   0   0   0 |     CCG   0   0   0   0   0   0 |     CAG   0   0   0   0   0   0 |     CGG   0   0   0   0   0   0
--------------------------------------------------------------------------------------------------------------------------------------
Ile ATT   0   0   0   0   0   1 | Thr ACT   0   0   0   0   0   0 | Asn AAT   0   0   0   0   0   0 | Ser AGT   0   0   0   0   0   0
    ATC   3   3   3   3   3   2 |     ACC   1   1   1   1   1   1 |     AAC   0   0   0   0   0   0 |     AGC   0   0   0   0   0   0
    ATA   1   1   1   1   1   1 |     ACA   0   0   0   0   0   0 | Lys AAA   0   0   0   0   0   0 | Arg AGA   1   1   1   1   1   1
Met ATG   1   1   1   1   1   1 |     ACG   0   0   0   0   0   0 |     AAG   0   0   0   0   0   0 |     AGG   0   0   0   0   0   0
--------------------------------------------------------------------------------------------------------------------------------------
Val GTT   0   0   0   0   0   0 | Ala GCT   0   0   0   0   0   0 | Asp GAT   0   0   0   0   0   0 | Gly GGT   0   0   0   0   0   0
    GTC   0   0   0   0   0   0 |     GCC   1   1   1   1   1   1 |     GAC   1   1   1   1   1   1 |     GGC   1   1   1   1   1   1
    GTA   0   0   0   0   0   0 |     GCA   1   1   1   1   1   1 | Glu GAA   1   1   1   1   1   1 |     GGA   2   2   1   1   1   1
    GTG   2   2   2   2   2   2 |     GCG   0   0   0   0   0   0 |     GAG   1   1   1   1   1   1 |     GGG   0   0   1   1   1   1
--------------------------------------------------------------------------------------------------------------------------------------

--------------------------------------------------------------------------------------------------------------------------------------
Phe TTT   0   0   0   0   0   0 | Ser TCT   1   1   1   1   1   1 | Tyr TAT   1   2   1   1   1   1 | Cys TGT   1   1   1   1   1   1
    TTC   0   0   0   0   0   0 |     TCC   0   0   0   0   0   0 |     TAC   1   0   1   1   1   1 |     TGC   0   0   0   0   0   0
Leu TTA   0   0   0   0   0   0 |     TCA   0   0   0   0   0   0 | *** TAA   0   0   0   0   0   0 | *** TGA   0   0   0   0   0   0
    TTG   0   0   0   0   0   0 |     TCG   0   0   0   0   0   0 |     TAG   0   0   0   0   0   0 | Trp TGG   1   1   1   1   1   1
--------------------------------------------------------------------------------------------------------------------------------------
Leu CTT   1   1   1   1   1   1 | Pro CCT   1   1   1   1   2   1 | His CAT   0   0   0   0   0   0 | Arg CGT   0   0   0   0   0   0
    CTC   0   0   0   0   0   0 |     CCC   1   1   1   1   0   1 |     CAC   0   0   0   0   0   0 |     CGC   0   0   0   0   0   0
    CTA   0   0   0   0   0   0 |     CCA   0   0   0   0   0   0 | Gln CAA   0   0   0   0   0   0 |     CGA   0   0   0   0   0   0
    CTG   0   0   0   0   0   0 |     CCG   0   0   0   0   0   0 |     CAG   0   0   0   0   0   0 |     CGG   0   0   0   0   0   0
--------------------------------------------------------------------------------------------------------------------------------------
Ile ATT   0   1   0   0   0   0 | Thr ACT   0   0   0   0   0   0 | Asn AAT   0   0   0   0   0   0 | Ser AGT   0   0   0   0   0   0
    ATC   3   2   3   3   3   3 |     ACC   1   1   1   1   1   1 |     AAC   0   0   0   0   0   0 |     AGC   0   0   0   0   0   0
    ATA   1   1   1   1   1   1 |     ACA   0   0   0   0   0   0 | Lys AAA   0   0   0   0   0   0 | Arg AGA   1   1   1   1   1   1
Met ATG   1   1   1   1   1   1 |     ACG   0   0   0   0   0   0 |     AAG   0   0   0   0   0   0 |     AGG   0   0   0   0   0   0
--------------------------------------------------------------------------------------------------------------------------------------
Val GTT   0   0   0   0   0   0 | Ala GCT   0   0   0   0   0   0 | Asp GAT   0   0   0   0   0   0 | Gly GGT   0   0   0   0   0   0
    GTC   0   0   0   0   0   0 |     GCC   1   1   1   1   1   1 |     GAC   1   1   1   1   1   1 |     GGC   1   1   1   1   1   1
    GTA   0   0   0   0   1   0 |     GCA   1   1   1   1   1   1 | Glu GAA   1   1   1   1   1   1 |     GGA   1   1   2   1   1   1
    GTG   2   2   2   2   1   2 |     GCG   0   0   0   0   0   0 |     GAG   1   1   1   1   1   1 |     GGG   1   1   0   1   1   1
--------------------------------------------------------------------------------------------------------------------------------------

--------------------------------------------------------------------------------------------------------------------------------------
Phe TTT   0   0   0   0   0   0 | Ser TCT   1   1   1   1   1   1 | Tyr TAT   1   0   1   1   2   1 | Cys TGT   1   1   0   1   1   1
    TTC   0   0   0   0   0   0 |     TCC   0   0   0   0   0   0 |     TAC   1   2   1   1   0   1 |     TGC   0   0   1   0   0   0
Leu TTA   0   0   0   0   0   0 |     TCA   0   0   0   0   0   0 | *** TAA   0   0   0   0   0   0 | *** TGA   0   0   0   0   0   0
    TTG   0   0   0   0   0   0 |     TCG   0   0   0   0   0   0 |     TAG   0   0   0   0   0   0 | Trp TGG   1   1   1   1   1   1
--------------------------------------------------------------------------------------------------------------------------------------
Leu CTT   1   1   1   1   1   1 | Pro CCT   1   1   1   1   1   1 | His CAT   0   0   0   0   0   0 | Arg CGT   0   0   0   0   0   0
    CTC   0   0   0   0   0   0 |     CCC   1   1   1   1   1   1 |     CAC   0   0   0   0   0   0 |     CGC   0   0   0   0   0   0
    CTA   0   0   0   0   0   0 |     CCA   0   0   0   0   0   0 | Gln CAA   0   0   0   0   0   0 |     CGA   1   0   0   0   0   0
    CTG   0   0   0   0   0   0 |     CCG   0   0   0   0   0   0 |     CAG   0   0   0   0   0   0 |     CGG   0   0   0   0   0   0
--------------------------------------------------------------------------------------------------------------------------------------
Ile ATT   0   1   0   0   0   0 | Thr ACT   0   0   0   0   0   0 | Asn AAT   0   0   0   0   0   0 | Ser AGT   0   0   0   0   0   0
    ATC   2   2   3   3   3   3 |     ACC   1   1   1   1   1   1 |     AAC   0   0   0   0   0   0 |     AGC   0   0   0   0   0   0
    ATA   1   1   1   1   1   1 |     ACA   0   0   0   0   0   0 | Lys AAA   0   0   0   0   0   0 | Arg AGA   0   1   1   1   1   1
Met ATG   1   1   1   1   1   1 |     ACG   0   0   0   0   0   0 |     AAG   0   0   0   0   0   0 |     AGG   0   0   0   0   0   0
--------------------------------------------------------------------------------------------------------------------------------------
Val GTT   0   0   0   0   0   0 | Ala GCT   0   0   0   0   0   0 | Asp GAT   0   0   0   1   0   0 | Gly GGT   0   0   0   0   0   0
    GTC   1   0   0   0   0   0 |     GCC   1   1   1   1   1   1 |     GAC   1   1   1   0   1   1 |     GGC   1   1   1   1   1   1
    GTA   0   0   0   0   0   0 |     GCA   1   1   1   1   1   1 | Glu GAA   1   1   1   1   1   1 |     GGA   1   1   1   1   1   2
    GTG   2   2   2   2   2   2 |     GCG   0   0   0   0   0   0 |     GAG   1   1   1   1   1   1 |     GGG   1   1   1   1   1   0
--------------------------------------------------------------------------------------------------------------------------------------

--------------------------------------------------------------------------------------------------------------------------------------
Phe TTT   0   0   0   0   0   0 | Ser TCT   1   1   1   1   1   1 | Tyr TAT   1   1   1   1   0   1 | Cys TGT   1   1   1   1   1   1
    TTC   0   0   0   0   0   0 |     TCC   0   0   0   0   0   0 |     TAC   1   1   1   1   2   1 |     TGC   0   0   0   0   0   0
Leu TTA   0   0   0   0   0   0 |     TCA   0   0   0   0   0   0 | *** TAA   0   0   0   0   0   0 | *** TGA   0   0   0   0   0   0
    TTG   0   0   0   0   0   0 |     TCG   0   0   0   0   0   0 |     TAG   0   0   0   0   0   0 | Trp TGG   1   1   1   1   1   1
--------------------------------------------------------------------------------------------------------------------------------------
Leu CTT   1   1   1   1   1   1 | Pro CCT   1   1   1   1   1   2 | His CAT   0   0   0   0   0   0 | Arg CGT   0   0   0   0   0   0
    CTC   0   0   0   0   0   0 |     CCC   1   1   1   1   1   0 |     CAC   0   0   0   0   0   0 |     CGC   0   0   0   0   0   0
    CTA   0   0   0   0   0   0 |     CCA   0   0   0   0   0   0 | Gln CAA   0   0   0   0   0   0 |     CGA   0   0   0   0   0   0
    CTG   0   0   0   0   0   0 |     CCG   0   0   0   0   0   0 |     CAG   0   0   0   0   0   0 |     CGG   0   0   0   0   0   0
--------------------------------------------------------------------------------------------------------------------------------------
Ile ATT   0   0   0   0   1   0 | Thr ACT   0   0   0   0   0   0 | Asn AAT   0   0   0   0   0   0 | Ser AGT   0   0   0   0   0   0
    ATC   3   3   3   3   2   3 |     ACC   1   1   1   1   1   0 |     AAC   0   0   0   0   0   0 |     AGC   0   0   0   0   0   0
    ATA   1   1   1   1   1   1 |     ACA   0   0   0   0   0   0 | Lys AAA   0   0   0   0   0   0 | Arg AGA   1   1   1   1   1   1
Met ATG   1   1   1   1   1   1 |     ACG   0   0   0   0   0   1 |     AAG   0   0   0   0   0   0 |     AGG   0   0   0   0   0   0
--------------------------------------------------------------------------------------------------------------------------------------
Val GTT   0   0   0   0   0   0 | Ala GCT   0   0   0   0   0   0 | Asp GAT   0   0   0   0   0   0 | Gly GGT   0   0   0   0   0   0
    GTC   0   0   0   0   0   0 |     GCC   1   1   1   1   1   1 |     GAC   1   1   1   1   1   1 |     GGC   1   1   1   1   1   1
    GTA   0   0   0   0   0   0 |     GCA   1   1   1   1   1   1 | Glu GAA   1   1   1   1   1   1 |     GGA   2   1   2   2   1   1
    GTG   2   2   2   2   2   2 |     GCG   0   0   0   0   0   0 |     GAG   1   1   1   1   1   1 |     GGG   0   1   0   0   1   1
--------------------------------------------------------------------------------------------------------------------------------------

--------------------------------------------------------------------------------------------------------------------------------------
Phe TTT   0   0   0   0   0   0 | Ser TCT   1   1   1   1   1   1 | Tyr TAT   1   1   1   1   2   2 | Cys TGT   1   1   1   1   1   1
    TTC   0   0   0   0   0   0 |     TCC   0   0   0   0   0   0 |     TAC   1   1   1   1   0   0 |     TGC   0   0   0   0   0   0
Leu TTA   0   0   0   0   0   0 |     TCA   0   0   0   0   0   0 | *** TAA   0   0   0   0   0   0 | *** TGA   0   0   0   0   0   0
    TTG   0   0   0   0   0   0 |     TCG   0   0   0   0   0   0 |     TAG   0   0   0   0   0   0 | Trp TGG   1   1   1   1   1   1
--------------------------------------------------------------------------------------------------------------------------------------
Leu CTT   1   1   1   1   1   1 | Pro CCT   1   1   1   1   1   1 | His CAT   0   0   0   0   0   0 | Arg CGT   0   0   0   0   0   0
    CTC   0   0   0   0   0   0 |     CCC   1   0   1   1   1   1 |     CAC   0   0   0   0   0   0 |     CGC   0   0   0   0   0   0
    CTA   0   0   0   0   0   0 |     CCA   0   1   0   0   0   0 | Gln CAA   0   0   0   0   0   0 |     CGA   0   0   0   0   0   0
    CTG   0   0   0   0   0   0 |     CCG   0   0   0   0   0   0 |     CAG   0   0   0   0   0   0 |     CGG   0   0   0   0   0   0
--------------------------------------------------------------------------------------------------------------------------------------
Ile ATT   0   0   0   0   1   1 | Thr ACT   0   0   0   0   0   0 | Asn AAT   0   0   0   0   0   0 | Ser AGT   0   0   0   0   0   0
    ATC   3   3   3   3   2   2 |     ACC   1   1   1   1   1   1 |     AAC   0   0   0   0   0   0 |     AGC   0   0   0   0   0   0
    ATA   1   1   1   1   1   1 |     ACA   0   0   0   0   0   0 | Lys AAA   0   0   0   0   0   0 | Arg AGA   1   1   1   1   1   1
Met ATG   1   1   1   1   1   1 |     ACG   0   0   0   0   0   0 |     AAG   0   0   0   0   0   0 |     AGG   0   0   0   0   0   0
--------------------------------------------------------------------------------------------------------------------------------------
Val GTT   0   0   0   0   0   0 | Ala GCT   0   0   1   0   0   0 | Asp GAT   0   0   0   0   0   0 | Gly GGT   0   0   0   0   0   0
    GTC   0   0   0   0   0   0 |     GCC   1   1   0   1   1   1 |     GAC   1   1   1   1   1   1 |     GGC   1   1   1   1   1   1
    GTA   0   0   0   0   0   0 |     GCA   1   1   1   1   1   1 | Glu GAA   1   1   1   1   1   1 |     GGA   1   1   1   1   1   1
    GTG   2   2   2   2   2   2 |     GCG   0   0   0   0   0   0 |     GAG   1   1   1   1   1   1 |     GGG   1   1   1   1   1   1
--------------------------------------------------------------------------------------------------------------------------------------

Codon position x base (3x4) table for each sequence.

#1: Argali         
position  1:    T:0.20000    C:0.12000    A:0.28000    G:0.40000
position  2:    T:0.32000    C:0.24000    A:0.20000    G:0.24000
position  3:    T:0.16000    C:0.40000    A:0.20000    G:0.24000
Average         T:0.22667    C:0.25333    A:0.22667    G:0.29333

#2: LesserMouseDeer
position  1:    T:0.20000    C:0.12000    A:0.28000    G:0.40000
position  2:    T:0.32000    C:0.24000    A:0.20000    G:0.24000
position  3:    T:0.28000    C:0.28000    A:0.28000    G:0.16000
Average         T:0.26667    C:0.21333    A:0.25333    G:0.26667

#3: LesserKudu     
position  1:    T:0.20000    C:0.12000    A:0.28000    G:0.40000
position  2:    T:0.32000    C:0.24000    A:0.20000    G:0.24000
position  3:    T:0.28000    C:0.28000    A:0.20000    G:0.24000
Average         T:0.26667    C:0.21333    A:0.22667    G:0.29333

#4: ForestMuskDeer2
position  1:    T:0.20000    C:0.12000    A:0.28000    G:0.40000
position  2:    T:0.32000    C:0.24000    A:0.20000    G:0.24000
position  3:    T:0.20000    C:0.36000    A:0.20000    G:0.24000
Average         T:0.24000    C:0.24000    A:0.22667    G:0.29333

#5: Camel          
position  1:    T:0.20000    C:0.12000    A:0.28000    G:0.40000
position  2:    T:0.32000    C:0.24000    A:0.20000    G:0.24000
position  3:    T:0.28000    C:0.28000    A:0.28000    G:0.16000
Average         T:0.26667    C:0.21333    A:0.25333    G:0.26667

#6: KillerWhale    
position  1:    T:0.20000    C:0.12000    A:0.28000    G:0.40000
position  2:    T:0.32000    C:0.24000    A:0.20000    G:0.24000
position  3:    T:0.28000    C:0.28000    A:0.28000    G:0.16000
Average         T:0.26667    C:0.21333    A:0.25333    G:0.26667

#7: DefassaWaterbuck
position  1:    T:0.20000    C:0.12000    A:0.28000    G:0.40000
position  2:    T:0.32000    C:0.24000    A:0.20000    G:0.24000
position  3:    T:0.24000    C:0.32000    A:0.20000    G:0.24000
Average         T:0.25333    C:0.22667    A:0.22667    G:0.29333

#8: Sheep          
position  1:    T:0.20000    C:0.12000    A:0.28000    G:0.40000
position  2:    T:0.32000    C:0.24000    A:0.20000    G:0.24000
position  3:    T:0.16000    C:0.40000    A:0.20000    G:0.24000
Average         T:0.22667    C:0.25333    A:0.22667    G:0.29333

#9: MaxwellsDuiker 
position  1:    T:0.20000    C:0.12000    A:0.28000    G:0.40000
position  2:    T:0.32000    C:0.24000    A:0.20000    G:0.24000
position  3:    T:0.20000    C:0.36000    A:0.20000    G:0.24000
Average         T:0.24000    C:0.24000    A:0.22667    G:0.29333

#10: GazellaPrzewalskyi
position  1:    T:0.20000    C:0.12000    A:0.28000    G:0.40000
position  2:    T:0.32000    C:0.24000    A:0.20000    G:0.24000
position  3:    T:0.20000    C:0.36000    A:0.20000    G:0.24000
Average         T:0.24000    C:0.24000    A:0.22667    G:0.29333

#11: MountainNyala  
position  1:    T:0.20000    C:0.12000    A:0.28000    G:0.40000
position  2:    T:0.32000    C:0.24000    A:0.20000    G:0.24000
position  3:    T:0.28000    C:0.28000    A:0.20000    G:0.24000
Average         T:0.26667    C:0.21333    A:0.22667    G:0.29333

#12: MuntiacusMuntjak
position  1:    T:0.20000    C:0.12000    A:0.28000    G:0.40000
position  2:    T:0.32000    C:0.24000    A:0.20000    G:0.24000
position  3:    T:0.24000    C:0.32000    A:0.24000    G:0.20000
Average         T:0.25333    C:0.22667    A:0.24000    G:0.28000

#13: goat           
position  1:    T:0.20000    C:0.12000    A:0.28000    G:0.40000
position  2:    T:0.32000    C:0.24000    A:0.20000    G:0.24000
position  3:    T:0.16000    C:0.40000    A:0.20000    G:0.24000
Average         T:0.22667    C:0.25333    A:0.22667    G:0.29333

#14: AfricanBuffalo 
position  1:    T:0.20000    C:0.12000    A:0.28000    G:0.40000
position  2:    T:0.32000    C:0.24000    A:0.20000    G:0.24000
position  3:    T:0.24000    C:0.32000    A:0.20000    G:0.24000
Average         T:0.25333    C:0.22667    A:0.22667    G:0.29333

#15: Topi           
position  1:    T:0.20000    C:0.12000    A:0.28000    G:0.40000
position  2:    T:0.32000    C:0.24000    A:0.20000    G:0.24000
position  3:    T:0.20000    C:0.36000    A:0.20000    G:0.24000
Average         T:0.24000    C:0.24000    A:0.22667    G:0.29333

#16: CommonDuiker   
position  1:    T:0.20000    C:0.12000    A:0.28000    G:0.40000
position  2:    T:0.32000    C:0.24000    A:0.20000    G:0.24000
position  3:    T:0.20000    C:0.36000    A:0.20000    G:0.24000
Average         T:0.24000    C:0.24000    A:0.22667    G:0.29333

#17: Suni           
position  1:    T:0.20000    C:0.12000    A:0.28000    G:0.40000
position  2:    T:0.32000    C:0.24000    A:0.20000    G:0.24000
position  3:    T:0.20000    C:0.36000    A:0.20000    G:0.24000
Average         T:0.24000    C:0.24000    A:0.22667    G:0.29333

#18: Springbuck     
position  1:    T:0.20000    C:0.12000    A:0.28000    G:0.40000
position  2:    T:0.32000    C:0.24000    A:0.20000    G:0.24000
position  3:    T:0.24000    C:0.32000    A:0.20000    G:0.24000
Average         T:0.25333    C:0.22667    A:0.22667    G:0.29333

#19: Okapi          
position  1:    T:0.20000    C:0.12000    A:0.28000    G:0.40000
position  2:    T:0.32000    C:0.24000    A:0.20000    G:0.24000
position  3:    T:0.24000    C:0.32000    A:0.28000    G:0.16000
Average         T:0.25333    C:0.22667    A:0.25333    G:0.26667

#20: Giraffe        
position  1:    T:0.20000    C:0.12000    A:0.28000    G:0.40000
position  2:    T:0.32000    C:0.24000    A:0.20000    G:0.24000
position  3:    T:0.24000    C:0.32000    A:0.28000    G:0.16000
Average         T:0.25333    C:0.22667    A:0.25333    G:0.26667

#21: TibetanAntelope
position  1:    T:0.20000    C:0.12000    A:0.28000    G:0.40000
position  2:    T:0.32000    C:0.24000    A:0.20000    G:0.24000
position  3:    T:0.16000    C:0.40000    A:0.20000    G:0.24000
Average         T:0.22667    C:0.25333    A:0.22667    G:0.29333

#22: Sitatunga      
position  1:    T:0.20000    C:0.12000    A:0.28000    G:0.40000
position  2:    T:0.32000    C:0.24000    A:0.20000    G:0.24000
position  3:    T:0.28000    C:0.28000    A:0.20000    G:0.24000
Average         T:0.26667    C:0.21333    A:0.22667    G:0.29333

#23: Oribi          
position  1:    T:0.20000    C:0.12000    A:0.28000    G:0.40000
position  2:    T:0.32000    C:0.24000    A:0.20000    G:0.24000
position  3:    T:0.20000    C:0.36000    A:0.20000    G:0.24000
Average         T:0.24000    C:0.24000    A:0.22667    G:0.29333

#24: BarbarySheep   
position  1:    T:0.20000    C:0.12000    A:0.28000    G:0.40000
position  2:    T:0.32000    C:0.24000    A:0.20000    G:0.24000
position  3:    T:0.20000    C:0.36000    A:0.20000    G:0.24000
Average         T:0.24000    C:0.24000    A:0.22667    G:0.29333

#25: Daviddeer      
position  1:    T:0.20000    C:0.12000    A:0.28000    G:0.40000
position  2:    T:0.32000    C:0.24000    A:0.20000    G:0.24000
position  3:    T:0.20000    C:0.36000    A:0.24000    G:0.20000
Average         T:0.24000    C:0.24000    A:0.24000    G:0.28000

#26: Reindeer       
position  1:    T:0.20000    C:0.12000    A:0.28000    G:0.40000
position  2:    T:0.32000    C:0.24000    A:0.20000    G:0.24000
position  3:    T:0.20000    C:0.36000    A:0.24000    G:0.20000
Average         T:0.24000    C:0.24000    A:0.24000    G:0.28000

#27: Ibex           
position  1:    T:0.20000    C:0.12000    A:0.28000    G:0.40000
position  2:    T:0.32000    C:0.24000    A:0.20000    G:0.24000
position  3:    T:0.16000    C:0.40000    A:0.20000    G:0.24000
Average         T:0.22667    C:0.25333    A:0.22667    G:0.29333

#28: GyrantGazelle  
position  1:    T:0.20000    C:0.12000    A:0.28000    G:0.40000
position  2:    T:0.32000    C:0.24000    A:0.20000    G:0.24000
position  3:    T:0.20000    C:0.36000    A:0.20000    G:0.24000
Average         T:0.24000    C:0.24000    A:0.22667    G:0.29333

#29: Hartebeest     
position  1:    T:0.20000    C:0.12000    A:0.28000    G:0.40000
position  2:    T:0.32000    C:0.24000    A:0.20000    G:0.24000
position  3:    T:0.20000    C:0.36000    A:0.20000    G:0.24000
Average         T:0.24000    C:0.24000    A:0.22667    G:0.29333

#30: Bongo          
position  1:    T:0.20000    C:0.12000    A:0.28000    G:0.40000
position  2:    T:0.32000    C:0.24000    A:0.20000    G:0.24000
position  3:    T:0.28000    C:0.28000    A:0.20000    G:0.24000
Average         T:0.26667    C:0.21333    A:0.22667    G:0.29333

#31: Gerenuk        
position  1:    T:0.20000    C:0.12000    A:0.28000    G:0.40000
position  2:    T:0.32000    C:0.24000    A:0.20000    G:0.24000
position  3:    T:0.20000    C:0.36000    A:0.20000    G:0.24000
Average         T:0.24000    C:0.24000    A:0.22667    G:0.29333

#32: CommonEland    
position  1:    T:0.20000    C:0.12000    A:0.28000    G:0.40000
position  2:    T:0.32000    C:0.24000    A:0.20000    G:0.24000
position  3:    T:0.28000    C:0.28000    A:0.20000    G:0.24000
Average         T:0.26667    C:0.21333    A:0.22667    G:0.29333

#33: MuntiacusReevesi
position  1:    T:0.20000    C:0.12000    A:0.28000    G:0.40000
position  2:    T:0.32000    C:0.24000    A:0.20000    G:0.24000
position  3:    T:0.20000    C:0.36000    A:0.24000    G:0.20000
Average         T:0.24000    C:0.24000    A:0.24000    G:0.28000

#34: HarveysDuiker  
position  1:    T:0.20000    C:0.12000    A:0.28000    G:0.40000
position  2:    T:0.32000    C:0.24000    A:0.20000    G:0.24000
position  3:    T:0.20000    C:0.36000    A:0.20000    G:0.24000
Average         T:0.24000    C:0.24000    A:0.22667    G:0.29333

#35: Pronghorn      
position  1:    T:0.20000    C:0.12000    A:0.28000    G:0.40000
position  2:    T:0.32000    C:0.24000    A:0.20000    G:0.24000
position  3:    T:0.24000    C:0.32000    A:0.24000    G:0.20000
Average         T:0.25333    C:0.22667    A:0.24000    G:0.28000

#36: BlueWildebeest 
position  1:    T:0.20000    C:0.12000    A:0.28000    G:0.40000
position  2:    T:0.32000    C:0.24000    A:0.20000    G:0.24000
position  3:    T:0.20000    C:0.36000    A:0.20000    G:0.24000
Average         T:0.24000    C:0.24000    A:0.22667    G:0.29333

#37: Gemsbok        
position  1:    T:0.20000    C:0.16000    A:0.20000    G:0.44000
position  2:    T:0.32000    C:0.24000    A:0.20000    G:0.24000
position  3:    T:0.20000    C:0.36000    A:0.20000    G:0.24000
Average         T:0.24000    C:0.25333    A:0.20000    G:0.30667

#38: Yak            
position  1:    T:0.20000    C:0.12000    A:0.28000    G:0.40000
position  2:    T:0.32000    C:0.24000    A:0.20000    G:0.24000
position  3:    T:0.20000    C:0.36000    A:0.20000    G:0.24000
Average         T:0.24000    C:0.24000    A:0.22667    G:0.29333

#39: BlueSheep      
position  1:    T:0.20000    C:0.12000    A:0.28000    G:0.40000
position  2:    T:0.32000    C:0.24000    A:0.20000    G:0.24000
position  3:    T:0.16000    C:0.40000    A:0.20000    G:0.24000
Average         T:0.22667    C:0.25333    A:0.22667    G:0.29333

#40: BohorReedbuck  
position  1:    T:0.20000    C:0.12000    A:0.28000    G:0.40000
position  2:    T:0.32000    C:0.24000    A:0.20000    G:0.24000
position  3:    T:0.24000    C:0.32000    A:0.20000    G:0.24000
Average         T:0.25333    C:0.22667    A:0.22667    G:0.29333

#41: KirksDik       
position  1:    T:0.20000    C:0.12000    A:0.28000    G:0.40000
position  2:    T:0.32000    C:0.24000    A:0.20000    G:0.24000
position  3:    T:0.24000    C:0.32000    A:0.20000    G:0.24000
Average         T:0.25333    C:0.22667    A:0.22667    G:0.29333

#42: RoeDeer        
position  1:    T:0.20000    C:0.12000    A:0.28000    G:0.40000
position  2:    T:0.32000    C:0.24000    A:0.20000    G:0.24000
position  3:    T:0.20000    C:0.36000    A:0.24000    G:0.20000
Average         T:0.24000    C:0.24000    A:0.24000    G:0.28000

#43: WhiteLippedDeer
position  1:    T:0.20000    C:0.12000    A:0.28000    G:0.40000
position  2:    T:0.32000    C:0.24000    A:0.20000    G:0.24000
position  3:    T:0.20000    C:0.36000    A:0.24000    G:0.20000
Average         T:0.24000    C:0.24000    A:0.24000    G:0.28000

#44: ThomsonGazelle 
position  1:    T:0.20000    C:0.12000    A:0.28000    G:0.40000
position  2:    T:0.32000    C:0.24000    A:0.20000    G:0.24000
position  3:    T:0.20000    C:0.36000    A:0.20000    G:0.24000
Average         T:0.24000    C:0.24000    A:0.22667    G:0.29333

#45: MuntiacusCrinifrons
position  1:    T:0.20000    C:0.12000    A:0.28000    G:0.40000
position  2:    T:0.32000    C:0.24000    A:0.20000    G:0.24000
position  3:    T:0.20000    C:0.36000    A:0.24000    G:0.20000
Average         T:0.24000    C:0.24000    A:0.24000    G:0.28000

#46: WhiteTailedDeer
position  1:    T:0.20000    C:0.12000    A:0.28000    G:0.40000
position  2:    T:0.32000    C:0.24000    A:0.20000    G:0.24000
position  3:    T:0.20000    C:0.36000    A:0.24000    G:0.20000
Average         T:0.24000    C:0.24000    A:0.24000    G:0.28000

#47: Cattle         
position  1:    T:0.20000    C:0.12000    A:0.28000    G:0.40000
position  2:    T:0.32000    C:0.24000    A:0.20000    G:0.24000
position  3:    T:0.20000    C:0.36000    A:0.20000    G:0.24000
Average         T:0.24000    C:0.24000    A:0.22667    G:0.29333

#48: RoyalAntelope  
position  1:    T:0.20000    C:0.12000    A:0.28000    G:0.40000
position  2:    T:0.32000    C:0.24000    A:0.20000    G:0.24000
position  3:    T:0.24000    C:0.28000    A:0.20000    G:0.28000
Average         T:0.25333    C:0.21333    A:0.22667    G:0.30667

#49: Steenbok       
position  1:    T:0.20000    C:0.12000    A:0.28000    G:0.40000
position  2:    T:0.32000    C:0.24000    A:0.20000    G:0.24000
position  3:    T:0.20000    C:0.36000    A:0.20000    G:0.24000
Average         T:0.24000    C:0.24000    A:0.22667    G:0.29333

#50: Impala         
position  1:    T:0.20000    C:0.12000    A:0.28000    G:0.40000
position  2:    T:0.32000    C:0.24000    A:0.20000    G:0.24000
position  3:    T:0.20000    C:0.32000    A:0.24000    G:0.24000
Average         T:0.24000    C:0.22667    A:0.24000    G:0.29333

#51: Klipspringer   
position  1:    T:0.20000    C:0.12000    A:0.28000    G:0.40000
position  2:    T:0.32000    C:0.24000    A:0.20000    G:0.24000
