1
52 1
Argali 0.000000 0.309800 0.191200 0.280200 0.070200 0.016200 0.127600 0.168000 0.193100 0.284200 0.050900 0.148600 0.120700 0.151500 0.070700 0.166000 0.191800 0.171000 0.068200 0.155000 0.186000 0.069300 0.232700 0.301900 0.050900 0.161700 0.086400 0.153800 0.220400 0.153800 0.338000 0.125800 0.163100 0.086400 0.124700 0.130600 0.051700 0.124200 0.148500 0.334300 0.220200 0.162700 0.312200 0.278300 0.111900 0.087700 0.201900 0.128000 0.129200 0.271500 0.176400 0.174500
LesserMous 0.309800 0.000000 0.278300 0.307400 0.253800 0.283300 0.259200 0.308500 0.281500 0.393000 0.295500 0.250200 0.334300 0.242200 0.234300 0.303800 0.232700 0.257300 0.316900 0.289800 0.281600 0.325800 0.277300 0.353500 0.295500 0.343500 0.293300 0.287300 0.315300 0.287300 0.449600 0.252600 0.241400 0.293300 0.300800 0.255900 0.301900 0.274800 0.285200 0.417200 0.265700 0.346000 0.373100 0.434600 0.234700 0.251900 0.295600 0.210600 0.262700 0.458200 0.315600 0.261400
LesserKudu 0.191200 0.278300 0.000000 0.352400 0.157600 0.211200 0.139000 0.139200 0.037700 0.350400 0.175400 0.135000 0.170400 0.121400 0.118000 0.137700 0.116900 0.138100 0.194300 0.038700 0.160200 0.200000 0.245800 0.318500 0.175400 0.175200 0.132900 0.038200 0.112500 0.038200 0.307400 0.136400 0.091500 0.132900 0.136000 0.096400 0.178800 0.135300 0.161600 0.323400 0.233500 0.176400 0.280600 0.341900 0.077100 0.095400 0.176300 0.057200 0.141100 0.240800 0.058300 0.019000
KillerWhal 0.280200 0.307400 0.352400 0.000000 0.217600 0.278800 0.275200 0.328800 0.356300 0.446500 0.315600 0.292700 0.337100 0.314600 0.250400 0.324300 0.355700 0.326500 0.337200 0.308400 0.328700 0.348200 0.347100 0.434800 0.315600 0.366600 0.312800 0.306400 0.392400 0.306400 0.488200 0.269400 0.308500 0.312800 0.301000 0.249400 0.322600 0.289400 0.303700 0.540200 0.338400 0.377700 0.425900 0.491800 0.250400 0.269200 0.322600 0.276200 0.228400 0.433300 0.337400 0.334300
DefassaWat 0.070200 0.253800 0.157600 0.217600 0.000000 0.069800 0.093800 0.134300 0.159100 0.251100 0.129400 0.114400 0.165100 0.117100 0.074500 0.132700 0.158300 0.137200 0.147900 0.119900 0.133700 0.151400 0.178100 0.246100 0.129400 0.169100 0.128600 0.118900 0.188500 0.118900 0.306600 0.092300 0.130400 0.128600 0.131400 0.096100 0.131700 0.053200 0.114600 0.323500 0.163700 0.170200 0.279300 0.291900 0.076800 0.054400 0.149700 0.094000 0.095500 0.240900 0.141400 0.140000
Sheep 0.016200 0.283300 0.211200 0.278800 0.069800 0.000000 0.146300 0.187200 0.213300 0.305700 0.068000 0.127600 0.138400 0.171000 0.088500 0.184900 0.211900 0.190700 0.085500 0.175000 0.164300 0.086900 0.209000 0.275600 0.068000 0.180100 0.103900 0.173600 0.239600 0.173600 0.359600 0.144200 0.181900 0.103900 0.142900 0.149700 0.069100 0.123600 0.167500 0.357100 0.196000 0.181300 0.334500 0.299300 0.130900 0.105500 0.180100 0.146800 0.148000 0.290900 0.196600 0.194600
MaxwellsDu 0.127600 0.259200 0.139000 0.275200 0.093800 0.146300 0.000000 0.115900 0.140400 0.231800 0.111400 0.116100 0.147200 0.098300 0.056200 0.114400 0.097600 0.118500 0.130000 0.100700 0.095000 0.133100 0.180900 0.204000 0.111400 0.150900 0.110700 0.099900 0.170300 0.099900 0.196600 0.074200 0.112400 0.110700 0.113100 0.077500 0.113500 0.073500 0.096100 0.255100 0.166400 0.151900 0.212100 0.203300 0.058100 0.074100 0.151900 0.075700 0.076800 0.264300 0.122200 0.121000
GazellaPrz 0.168000 0.308500 0.139200 0.328800 0.134300 0.187200 0.115900 0.000000 0.184100 0.275200 0.152000 0.158400 0.188400 0.140800 0.095800 0.037000 0.140100 0.119000 0.128400 0.144000 0.056200 0.175200 0.226200 0.298500 0.152000 0.073100 0.150200 0.142700 0.091600 0.142700 0.336500 0.114000 0.153100 0.150200 0.154400 0.118700 0.154800 0.113000 0.056700 0.355800 0.213100 0.073600 0.310400 0.321900 0.098900 0.074500 0.073400 0.116100 0.076000 0.265600 0.166400 0.164600
MountainNy 0.193100 0.281500 0.037700 0.356300 0.159100 0.213300 0.140400 0.184100 0.000000 0.302700 0.177100 0.136300 0.131100 0.122600 0.119100 0.182000 0.160100 0.182600 0.196300 0.039100 0.206100 0.202000 0.202400 0.272600 0.177100 0.220100 0.094000 0.038700 0.153900 0.038700 0.263200 0.137700 0.092300 0.093900 0.137300 0.097300 0.180600 0.178800 0.163300 0.276800 0.188700 0.221700 0.234600 0.295400 0.077900 0.137200 0.221600 0.057800 0.142500 0.242400 0.059200 0.019000
MuntiacusM 0.284200 0.393000 0.350400 0.446500 0.251100 0.305700 0.231800 0.275200 0.302700 0.000000 0.316700 0.319900 0.306200 0.263900 0.255300 0.325400 0.253200 0.229700 0.284300 0.311100 0.354600 0.347500 0.158400 0.136800 0.316700 0.365300 0.266400 0.308500 0.388400 0.308500 0.131400 0.274000 0.309100 0.266400 0.322200 0.276900 0.323400 0.271700 0.306700 0.182500 0.143400 0.367700 0.058400 0.157200 0.255600 0.226600 0.367200 0.280300 0.231600 0.379700 0.337800 0.333900
goat 0.050900 0.295500 0.175400 0.315600 0.129400 0.068000 0.111400 0.152000 0.177100 0.316700 0.000000 0.132400 0.105000 0.135100 0.053900 0.150200 0.176000 0.155000 0.052000 0.138400 0.170400 0.017300 0.217200 0.287000 0.000000 0.146000 0.070200 0.137200 0.205300 0.137200 0.323700 0.109700 0.147500 0.070200 0.108600 0.114100 0.035100 0.146700 0.132300 0.319600 0.204100 0.147000 0.297400 0.263000 0.095000 0.108800 0.186700 0.111700 0.112700 0.299000 0.159900 0.158200
AfricanBuf 0.148600 0.250200 0.135000 0.292700 0.114400 0.127600 0.116100 0.158400 0.136300 0.319900 0.132400 0.000000 0.169100 0.141100 0.076400 0.156200 0.177800 0.156500 0.151400 0.098000 0.135900 0.155200 0.175200 0.241700 0.132400 0.193300 0.131800 0.097000 0.213400 0.097000 0.326700 0.114000 0.129500 0.131800 0.134700 0.075300 0.135000 0.133100 0.137700 0.344700 0.161100 0.194600 0.300700 0.312000 0.056500 0.113600 0.152000 0.116400 0.118000 0.257500 0.118600 0.117500
Topi 0.120700 0.334300 0.170400 0.337100 0.165100 0.138400 0.147200 0.188400 0.131100 0.306200 0.105000 0.169100 0.000000 0.172200 0.089600 0.186000 0.213000 0.191800 0.085700 0.134400 0.207900 0.125200 0.210600 0.277700 0.105000 0.221600 0.033600 0.133200 0.199900 0.133200 0.226500 0.145000 0.143600 0.033600 0.069900 0.150700 0.106800 0.183200 0.168500 0.260900 0.197500 0.223100 0.241000 0.254800 0.131700 0.144700 0.182300 0.108700 0.149800 0.249900 0.155100 0.153600
CommonDuik 0.151500 0.242200 0.121400 0.314600 0.117100 0.171000 0.098300 0.140800 0.122600 0.263900 0.135100 0.141100 0.172200 0.000000 0.078000 0.138900 0.079700 0.100800 0.154400 0.126200 0.161600 0.158400 0.209900 0.283300 0.135100 0.176700 0.134300 0.125100 0.154100 0.125100 0.272600 0.096500 0.095300 0.134300 0.137400 0.100900 0.137800 0.136400 0.120100 0.288000 0.195900 0.177900 0.243800 0.307100 0.080800 0.096200 0.177700 0.057800 0.100000 0.294600 0.148900 0.102900
Suni 0.070700 0.234300 0.118000 0.250400 0.074500 0.088500 0.056200 0.095800 0.119100 0.255300 0.053900 0.076400 0.089600 0.078000 0.000000 0.094700 0.118400 0.097800 0.072300 0.079900 0.114600 0.073600 0.159200 0.226800 0.053900 0.131200 0.053900 0.079200 0.150300 0.079200 0.264300 0.055300 0.092800 0.053900 0.054800 0.057600 0.054900 0.092400 0.076300 0.279100 0.144200 0.132000 0.235500 0.249000 0.038400 0.054800 0.131700 0.056300 0.056900 0.243400 0.100900 0.099900
Springbuck 0.166000 0.303800 0.137700 0.324300 0.132700 0.184900 0.114400 0.037000 0.182000 0.325400 0.150200 0.156200 0.186000 0.138900 0.094700 0.000000 0.138200 0.117500 0.168900 0.142300 0.055500 0.173000 0.223100 0.294400 0.150200 0.035200 0.149300 0.141100 0.053000 0.141100 0.331800 0.112600 0.151200 0.149300 0.152500 0.117200 0.152900 0.111700 0.056100 0.350500 0.210100 0.035700 0.305800 0.317600 0.097700 0.073700 0.072600 0.114700 0.116500 0.262500 0.164500 0.162700
Okapi 0.191800 0.232700 0.116900 0.355700 0.158300 0.211900 0.097600 0.140100 0.160100 0.253200 0.176000 0.177800 0.213000 0.079700 0.118400 0.138200 0.000000 0.056900 0.195600 0.164700 0.118100 0.200700 0.201900 0.271800 0.176000 0.175800 0.174900 0.163300 0.153400 0.163300 0.216700 0.136700 0.130800 0.174900 0.179000 0.138200 0.179500 0.095000 0.162300 0.276100 0.188100 0.177000 0.233800 0.270800 0.118500 0.095800 0.177100 0.097600 0.141800 0.284300 0.187200 0.140900
Giraffe 0.171000 0.257300 0.138100 0.326500 0.137200 0.190700 0.118500 0.119000 0.182600 0.229700 0.155000 0.156500 0.191800 0.100800 0.097800 0.117500 0.056900 0.000000 0.174400 0.142700 0.139500 0.178800 0.179900 0.248200 0.155000 0.154800 0.154000 0.141600 0.174800 0.141600 0.239500 0.116200 0.151500 0.154000 0.157600 0.117400 0.158100 0.115300 0.140700 0.301700 0.165500 0.155900 0.210300 0.270500 0.097900 0.076000 0.155900 0.118700 0.120500 0.262600 0.164900 0.163300
TibetanAnt 0.068200 0.316900 0.194300 0.337200 0.147900 0.085500 0.130000 0.128400 0.196300 0.284300 0.052000 0.151400 0.085700 0.154400 0.072300 0.168900 0.195600 0.174400 0.000000 0.157500 0.190600 0.070900 0.237100 0.307500 0.052000 0.164300 0.087600 0.156200 0.223800 0.156200 0.343700 0.127900 0.165800 0.087600 0.127300 0.133100 0.052900 0.166200 0.151100 0.290600 0.224600 0.165400 0.318200 0.283200 0.114000 0.127600 0.205500 0.130100 0.091200 0.317700 0.179200 0.177400
Sitatunga 0.155000 0.289800 0.038700 0.308400 0.119900 0.175000 0.100700 0.144000 0.039100 0.311100 0.138400 0.098000 0.134400 0.126200 0.079900 0.142300 0.164700 0.142700 0.157500 0.000000 0.165600 0.162300 0.207800 0.279800 0.138400 0.180900 0.096300 0.000100 0.158100 0.000100 0.270000 0.098900 0.094700 0.096300 0.098600 0.058700 0.141100 0.139600 0.123100 0.336800 0.193900 0.182200 0.241100 0.303100 0.039200 0.098500 0.182000 0.059400 0.102400 0.247800 0.019900 0.019700
Oribi 0.186000 0.281600 0.160200 0.328700 0.133700 0.164300 0.095000 0.056200 0.206100 0.354600 0.170400 0.135900 0.207900 0.161600 0.114600 0.055500 0.118100 0.139500 0.190600 0.165600 0.000000 0.194100 0.201700 0.271500 0.170400 0.091500 0.170400 0.164200 0.110200 0.164200 0.309500 0.133300 0.173000 0.170400 0.173100 0.139100 0.173700 0.073100 0.075800 0.381100 0.188000 0.092100 0.334900 0.320600 0.119200 0.092800 0.054100 0.136000 0.137100 0.285900 0.188300 0.186500
BarbaryShe 0.069300 0.325800 0.200000 0.348200 0.151400 0.086900 0.133100 0.175200 0.202000 0.347500 0.017300 0.155200 0.125200 0.158400 0.073600 0.173000 0.200700 0.178800 0.070900 0.162300 0.194100 0.000000 0.243200 0.315900 0.017300 0.168100 0.089700 0.160900 0.229300 0.160900 0.353300 0.131000 0.170000 0.089700 0.090900 0.136500 0.016800 0.169000 0.154900 0.299400 0.230800 0.169200 0.327900 0.290800 0.116900 0.129900 0.210400 0.133500 0.134700 0.325400 0.184700 0.182700
Daviddeer 0.232700 0.277300 0.245800 0.347100 0.178100 0.209000 0.180900 0.226200 0.202400 0.158400 0.217200 0.175200 0.210600 0.209900 0.159200 0.223100 0.201900 0.179900 0.237100 0.207800 0.201700 0.243200 0.000000 0.094000 0.217200 0.261200 0.172900 0.206000 0.282400 0.206000 0.170600 0.177400 0.212500 0.172900 0.220800 0.179400 0.221500 0.197600 0.160000 0.179300 0.057500 0.263000 0.139400 0.154600 0.159400 0.177000 0.216800 0.181200 0.184000 0.325400 0.231200 0.228800
Reindeer 0.301900 0.353500 0.318500 0.434800 0.246100 0.275600 0.204000 0.298500 0.272600 0.136800 0.287000 0.241700 0.277700 0.283300 0.226800 0.294400 0.271800 0.248200 0.307500 0.279800 0.271500 0.315900 0.094000 0.000000 0.287000 0.333700 0.238900 0.277500 0.355900 0.277500 0.149700 0.245400 0.280200 0.238900 0.291700 0.248500 0.292700 0.266400 0.275700 0.157200 0.077600 0.335900 0.118000 0.093300 0.227700 0.244500 0.286400 0.250600 0.254500 0.397100 0.305400 0.301800
Ibex 0.050900 0.295500 0.175400 0.315600 0.129400 0.068000 0.111400 0.152000 0.177100 0.316700 0.000000 0.132400 0.105000 0.135100 0.053900 0.150200 0.176000 0.155000 0.052000 0.138400 0.170400 0.017300 0.217200 0.287000 0.000000 0.146000 0.070200 0.137200 0.205300 0.137200 0.323700 0.109700 0.147500 0.070200 0.108600 0.114100 0.035100 0.146700 0.132300 0.319600 0.204100 0.147000 0.297400 0.263000 0.095000 0.108800 0.186700 0.111700 0.112700 0.299000 0.159900 0.158200
GyrantGaze 0.161700 0.343500 0.175200 0.366600 0.169100 0.180100 0.150900 0.073100 0.220100 0.365300 0.146000 0.193300 0.221600 0.176700 0.131200 0.035200 0.175800 0.154800 0.164300 0.180900 0.091500 0.168100 0.261200 0.333700 0.146000 0.000000 0.185100 0.179400 0.087400 0.179400 0.370600 0.148600 0.187400 0.185100 0.188900 0.154600 0.148600 0.147600 0.092400 0.391300 0.249500 0.034700 0.346000 0.357300 0.135200 0.109400 0.107700 0.151400 0.153800 0.298500 0.203300 0.201100
Hartebeest 0.086400 0.293300 0.132900 0.312800 0.128600 0.103900 0.110700 0.150200 0.094000 0.266400 0.070200 0.131800 0.033600 0.134300 0.053900 0.149300 0.174900 0.154000 0.087600 0.096300 0.170400 0.089700 0.172900 0.238900 0.070200 0.185100 0.000000 0.095500 0.163900 0.095500 0.231000 0.109100 0.107900 0.000000 0.071200 0.113400 0.071400 0.146800 0.131500 0.268500 0.158700 0.186300 0.201800 0.216300 0.094400 0.108800 0.185600 0.072700 0.112700 0.214200 0.116800 0.115500
Bongo 0.153800 0.287300 0.038200 0.306400 0.118900 0.173600 0.099900 0.142700 0.038700 0.308500 0.137200 0.097000 0.133200 0.125100 0.079200 0.141100 0.163300 0.141600 0.156200 0.000100 0.164200 0.160900 0.206000 0.277500 0.137200 0.179400 0.095500 0.000000 0.156800 0.000000 0.267800 0.098100 0.094000 0.095500 0.097800 0.058300 0.139900 0.138500 0.122100 0.333900 0.192200 0.180600 0.239100 0.300700 0.038900 0.097700 0.180500 0.058900 0.101500 0.245900 0.019600 0.019500
Gerenuk 0.220400 0.315300 0.112500 0.392400 0.188500 0.239600 0.170300 0.091600 0.153900 0.388400 0.205300 0.213400 0.199900 0.154100 0.150300 0.053000 0.153400 0.174800 0.223800 0.158100 0.110200 0.229300 0.282400 0.355900 0.205300 0.087400 0.163900 0.156800 0.000000 0.156800 0.343500 0.167600 0.126400 0.163900 0.167300 0.174400 0.209000 0.166600 0.111100 0.361100 0.271300 0.088500 0.318200 0.379800 0.155000 0.128000 0.126000 0.091200 0.173400 0.275200 0.179800 0.135400
CommonElan 0.153800 0.287300 0.038200 0.306400 0.118900 0.173600 0.099900 0.142700 0.038700 0.308500 0.137200 0.097000 0.133200 0.125100 0.079200 0.141100 0.163300 0.141600 0.156200 0.000100 0.164200 0.160900 0.206000 0.277500 0.137200 0.179400 0.095500 0.000000 0.156800 0.000000 0.267800 0.098100 0.094000 0.095500 0.097800 0.058300 0.139900 0.138500 0.122100 0.333900 0.192200 0.180600 0.239100 0.300700 0.038900 0.097700 0.180500 0.058900 0.101500 0.245900 0.018700 0.019500
MuntiacusR 0.338000 0.449600 0.307400 0.488200 0.306600 0.359600 0.196600 0.336500 0.263200 0.131400 0.323700 0.326700 0.226500 0.272600 0.264300 0.331800 0.216700 0.239500 0.343700 0.270000 0.309500 0.353300 0.170600 0.149700 0.323700 0.370600 0.231000 0.267800 0.343500 0.267800 0.000000 0.282200 0.270900 0.231000 0.237000 0.285100 0.330100 0.279000 0.313700 0.193800 0.156400 0.325100 0.074200 0.149300 0.264500 0.281400 0.324900 0.241800 0.292700 0.384400 0.294300 0.291100
HarveysDui 0.125800 0.252600 0.136400 0.269400 0.092300 0.144200 0.074200 0.114000 0.137700 0.274000 0.109700 0.114000 0.145000 0.096500 0.055300 0.112600 0.136700 0.116200 0.127900 0.098900 0.133300 0.131000 0.177400 0.245400 0.109700 0.148600 0.109100 0.098100 0.167600 0.098100 0.282200 0.000000 0.110500 0.109100 0.111300 0.076100 0.111700 0.110600 0.094500 0.297800 0.163100 0.149600 0.254600 0.267700 0.057100 0.072900 0.149200 0.074500 0.075600 0.260300 0.120000 0.118700
Pronghorn 0.163100 0.241400 0.091500 0.308500 0.130400 0.181900 0.112400 0.153100 0.092300 0.309100 0.147500 0.129500 0.143600 0.095300 0.092800 0.151200 0.130800 0.151500 0.165800 0.094700 0.173000 0.170000 0.212500 0.280200 0.147500 0.187400 0.107900 0.094000 0.126400 0.094000 0.270900 0.110500 0.000000 0.107900 0.110200 0.111500 0.150200 0.148800 0.133300 0.284500 0.199500 0.188600 0.243500 0.302300 0.092900 0.110100 0.188300 0.036100 0.114200 0.231600 0.114800 0.074200
BlueWildeb 0.086400 0.293300 0.132900 0.312800 0.128600 0.103900 0.110700 0.150200 0.093900 0.266400 0.070200 0.131800 0.033600 0.134300 0.053900 0.149300 0.174900 0.154000 0.087600 0.096300 0.170400 0.089700 0.172900 0.238900 0.070200 0.185100 0.000000 0.095500 0.163900 0.095500 0.231000 0.109100 0.107900 0.000000 0.071200 0.113400 0.071400 0.146800 0.131500 0.268500 0.158700 0.186300 0.201800 0.216300 0.094400 0.108800 0.185600 0.072700 0.112700 0.214200 0.116800 0.115500
Gemsbok 0.124700 0.300800 0.136000 0.301000 0.131400 0.142900 0.113100 0.154400 0.137300 0.322200 0.108600 0.134700 0.069900 0.137400 0.054800 0.152500 0.179000 0.157600 0.127300 0.098600 0.173100 0.090900 0.220800 0.291700 0.108600 0.188900 0.071200 0.097800 0.167300 0.097800 0.237000 0.111300 0.110200 0.071200 0.000000 0.116000 0.072400 0.149000 0.134400 0.296600 0.207700 0.190200 0.253600 0.314800 0.096600 0.110400 0.149200 0.074200 0.114500 0.259800 0.119600 0.118300
Yak 0.130600 0.255900 0.096400 0.249400 0.096100 0.149700 0.077500 0.118700 0.097300 0.276900 0.114100 0.075300 0.150700 0.100900 0.057600 0.117200 0.138200 0.117400 0.133100 0.058700 0.139100 0.136500 0.179400 0.248500 0.114100 0.154600 0.113400 0.058300 0.174400 0.058300 0.285100 0.076100 0.111500 0.113400 0.116000 0.000000 0.116300 0.115000 0.098500 0.300900 0.165200 0.155600 0.257500 0.270100 0.018100 0.075800 0.155500 0.077600 0.078800 0.262300 0.079200 0.078300
BlueSheep 0.051700 0.301900 0.178800 0.322600 0.131700 0.069100 0.113500 0.154800 0.180600 0.323400 0.035100 0.135000 0.106800 0.137800 0.054900 0.152900 0.179500 0.158100 0.052900 0.141100 0.173700 0.016800 0.221500 0.292700 0.035100 0.148600 0.071400 0.139900 0.209000 0.139900 0.330100 0.111700 0.150200 0.071400 0.072400 0.116300 0.000000 0.149400 0.134800 0.276000 0.208400 0.149600 0.303800 0.268100 0.096900 0.110700 0.190200 0.113800 0.114800 0.304100 0.163100 0.161400
BohorReedb 0.124200 0.274800 0.135300 0.289400 0.053200 0.123600 0.073500 0.113000 0.178800 0.271700 0.146700 0.133100 0.183200 0.136400 0.092400 0.111700 0.095000 0.115300 0.166200 0.139600 0.073100 0.169000 0.197600 0.266400 0.146700 0.147600 0.146800 0.138500 0.166600 0.138500 0.279000 0.110600 0.148800 0.146800 0.149000 0.115000 0.149400 0.000000 0.133400 0.345000 0.183900 0.148500 0.300500 0.288800 0.095900 0.035400 0.128700 0.112700 0.113600 0.218100 0.161300 0.159700
KirksDik 0.148500 0.285200 0.161600 0.303700 0.114600 0.167500 0.096100 0.056700 0.163300 0.306700 0.132300 0.137700 0.168500 0.120100 0.076300 0.056100 0.162300 0.140700 0.151100 0.123100 0.075800 0.154900 0.160000 0.275700 0.132300 0.092400 0.131500 0.122100 0.111100 0.122100 0.313700 0.094500 0.133300 0.131500 0.134400 0.098500 0.134800 0.133400 0.000000 0.331700 0.190800 0.093000 0.286900 0.298800 0.078800 0.094300 0.092800 0.096300 0.097900 0.288000 0.145300 0.143700
RoeDeer 0.334300 0.417200 0.323400 0.540200 0.323500 0.357100 0.255100 0.355800 0.276800 0.182500 0.319600 0.344700 0.260900 0.288000 0.279100 0.350500 0.276100 0.301700 0.290600 0.336800 0.381100 0.299400 0.179300 0.157200 0.319600 0.391300 0.268500 0.333900 0.361100 0.333900 0.193800 0.297800 0.284500 0.268500 0.296600 0.300900 0.276000 0.345000 0.331700 0.000000 0.164900 0.393900 0.163300 0.157800 0.279300 0.296800 0.393400 0.254400 0.309300 0.454600 0.364200 0.306600
WhiteLippe 0.220200 0.265700 0.233500 0.338400 0.163700 0.196000 0.166400 0.213100 0.188700 0.143400 0.204100 0.161100 0.197500 0.195900 0.144200 0.210100 0.188100 0.165500 0.224600 0.193900 0.188000 0.230800 0.057500 0.077600 0.204100 0.249500 0.158700 0.192200 0.271300 0.192200 0.156400 0.163100 0.199500 0.158700 0.207700 0.165200 0.208400 0.183900 0.190800 0.164900 0.000000 0.251300 0.123700 0.139700 0.144500 0.162700 0.203900 0.166800 0.169400 0.315500 0.218200 0.215700
ThomsonGaz 0.162700 0.346000 0.176400 0.377700 0.170200 0.181300 0.151900 0.073600 0.221700 0.367700 0.147000 0.194600 0.223100 0.177900 0.132000 0.035700 0.177000 0.155900 0.165400 0.182200 0.092100 0.169200 0.263000 0.335900 0.147000 0.034700 0.186300 0.180600 0.088500 0.180600 0.325100 0.149600 0.188600 0.186300 0.190200 0.155600 0.149600 0.148500 0.093000 0.393900 0.251300 0.000000 0.348400 0.359600 0.136100 0.110100 0.108400 0.152400 0.154800 0.300400 0.204700 0.202500
MuntiacusC 0.312200 0.373100 0.280600 0.425900 0.279300 0.334500 0.212100 0.310400 0.234600 0.058400 0.297400 0.300700 0.241000 0.243800 0.235500 0.305800 0.233800 0.210300 0.318200 0.241100 0.334900 0.327900 0.139400 0.118000 0.297400 0.346000 0.201800 0.239100 0.318200 0.239100 0.074200 0.254600 0.243500 0.201800 0.253600 0.257500 0.303800 0.300500 0.286900 0.163300 0.123700 0.348400 0.000000 0.138400 0.236000 0.253600 0.348000 0.212200 0.264600 0.360300 0.266400 0.263300
WhiteTaile 0.278300 0.434600 0.341900 0.491800 0.291900 0.299300 0.203300 0.321900 0.295400 0.157200 0.263000 0.312000 0.254800 0.307100 0.249000 0.317600 0.270800 0.270500 0.283200 0.303100 0.320600 0.290800 0.154600 0.093300 0.263000 0.357300 0.216300 0.300700 0.379800 0.300700 0.149300 0.267700 0.302300 0.216300 0.314800 0.270100 0.268100 0.288800 0.298800 0.157800 0.139700 0.359600 0.138400 0.000000 0.249100 0.266700 0.358400 0.273300 0.277500 0.420600 0.329400 0.325300
Cattle 0.111900 0.234700 0.077100 0.250400 0.076800 0.130900 0.058100 0.098900 0.077900 0.255600 0.095000 0.056500 0.131700 0.080800 0.038400 0.097700 0.118500 0.097900 0.114000 0.039200 0.119200 0.116900 0.159400 0.227700 0.095000 0.135200 0.094400 0.038900 0.155000 0.038900 0.264500 0.057100 0.092900 0.094400 0.096600 0.018100 0.096900 0.095900 0.078800 0.279300 0.144500 0.136100 0.236000 0.249100 0.000000 0.056900 0.136100 0.058200 0.059100 0.243200 0.059400 0.058800
RoyalAntel 0.087700 0.251900 0.095400 0.269200 0.054400 0.105500 0.074100 0.074500 0.137200 0.226600 0.108800 0.113600 0.144700 0.096200 0.054800 0.073700 0.095800 0.076000 0.127600 0.098500 0.092800 0.129900 0.177000 0.244500 0.108800 0.109400 0.108800 0.097700 0.128000 0.097700 0.281400 0.072900 0.110100 0.108800 0.110400 0.075800 0.110700 0.035400 0.094300 0.296800 0.162700 0.110100 0.253600 0.266700 0.056900 0.000000 0.109800 0.074200 0.068800 0.179200 0.119500 0.118300
Steenbok 0.201900 0.295600 0.176300 0.322600 0.149700 0.180100 0.151900 0.073400 0.221600 0.367200 0.186700 0.152000 0.182300 0.177700 0.131700 0.072600 0.177100 0.155900 0.205500 0.182000 0.054100 0.210400 0.216800 0.286400 0.186700 0.107700 0.185600 0.180500 0.126000 0.180500 0.324900 0.149200 0.188300 0.185600 0.149200 0.155500 0.190200 0.128700 0.092800 0.393400 0.203900 0.108400 0.348000 0.358400 0.136100 0.109800 0.000000 0.152200 0.154300 0.299100 0.204400 0.202500
Impala 0.128000 0.210600 0.057200 0.276200 0.094000 0.146800 0.075700 0.116100 0.057800 0.280300 0.111700 0.116400 0.108700 0.057800 0.056300 0.114700 0.097600 0.118700 0.130100 0.059400 0.136000 0.133500 0.181200 0.250600 0.111700 0.151400 0.072700 0.058900 0.091200 0.058900 0.241800 0.074500 0.036100 0.072700 0.074200 0.077600 0.113800 0.112700 0.096300 0.254400 0.166800 0.152400 0.212200 0.273300 0.058200 0.074200 0.152200 0.000000 0.077000 0.222300 0.080000 0.038700
Klipspring 0.129200 0.262700 0.141100 0.228400 0.095500 0.148000 0.076800 0.076000 0.142500 0.231600 0.112700 0.118000 0.149800 0.100000 0.056900 0.116500 0.141800 0.120500 0.091200 0.102400 0.137100 0.134700 0.184000 0.254500 0.112700 0.153800 0.112700 0.101500 0.173400 0.101500 0.292700 0.075600 0.114200 0.112700 0.114500 0.078800 0.114800 0.113600 0.097900 0.309300 0.169400 0.154800 0.264600 0.277500 0.059100 0.068800 0.154300 0.077000 0.000000 0.269000 0.124200 0.122800
ForestMusk 0.271500 0.458200 0.240800 0.433300 0.240900 0.290900 0.264300 0.265600 0.242400 0.379700 0.299000 0.257500 0.249900 0.294600 0.243400 0.262500 0.284300 0.262600 0.317700 0.247800 0.285900 0.325400 0.325400 0.397100 0.299000 0.298500 0.214200 0.245900 0.275200 0.245900 0.384400 0.260300 0.231600 0.214200 0.259800 0.262300 0.304100 0.218100 0.288000 0.454600 0.315500 0.300400 0.360300 0.420600 0.243200 0.179200 0.299100 0.222300 0.269000 0.000000 0.269900 0.267300
Bushbuck 0.176400 0.315600 0.058300 0.337400 0.141400 0.196600 0.122200 0.166400 0.059200 0.337800 0.159900 0.118600 0.155100 0.148900 0.100900 0.164500 0.187200 0.164900 0.179200 0.019900 0.188300 0.184700 0.231200 0.305400 0.159900 0.203300 0.116800 0.019600 0.179800 0.018700 0.294300 0.120000 0.114800 0.116800 0.119600 0.079200 0.163100 0.161300 0.145300 0.364200 0.218200 0.204700 0.266400 0.329400 0.059400 0.119500 0.204400 0.080000 0.124200 0.269900 0.000000 0.039700
GreaterKud 0.174500 0.261400 0.019000 0.334300 0.140000 0.194600 0.121000 0.164600 0.019000 0.333900 0.158200 0.117500 0.153600 0.102900 0.099900 0.162700 0.140900 0.163300 0.177400 0.019700 0.186500 0.182700 0.228800 0.301800 0.158200 0.201100 0.115500 0.019500 0.135400 0.019500 0.291100 0.118700 0.074200 0.115500 0.118300 0.078300 0.161400 0.159700 0.143700 0.306600 0.215700 0.202500 0.263300 0.325300 0.058800 0.118300 0.202500 0.038700 0.122800 0.267300 0.039700 0.000000
