CODONML (in paml version 4.10.7, June 2023)  /home/rachel/ruminants_paml/6406-phy-tree/ENSBTAT00000024700.fasta.phy
Model: free dN/dS Ratios for branches,  kappa = 2.000 fixed

Codon frequency model: F3x4
ns =  54  ls =  22

Codon usage in sequences
--------------------------------------------------------------------------------------------------------------------------------------
Phe TTT   0   0   0   0   0   0 | Ser TCT   0   0   0   0   0   0 | Tyr TAT   0   0   0   0   0   0 | Cys TGT   0   0   0   0   0   0
    TTC   0   0   0   0   0   0 |     TCC   0   0   0   0   0   0 |     TAC   0   0   0   0   0   0 |     TGC   0   0   0   0   0   0
Leu TTA   0   0   0   0   0   0 |     TCA   0   1   0   0   0   0 | *** TAA   0   0   0   0   0   0 | *** TGA   0   0   0   0   0   0
    TTG   0   0   0   0   1   1 |     TCG   0   0   0   0   0   0 |     TAG   0   0   0   0   0   0 | Trp TGG   0   0   0   0   0   0
--------------------------------------------------------------------------------------------------------------------------------------
Leu CTT   2   2   2   2   2   2 | Pro CCT   1   2   1   1   2   2 | His CAT   1   1   1   1   1   1 | Arg CGT   0   0   0   0   0   0
    CTC   0   0   0   0   0   0 |     CCC   0   0   1   1   0   0 |     CAC   0   0   0   0   0   0 |     CGC   0   0   0   0   0   0
    CTA   1   1   1   1   1   2 |     CCA   1   0   1   1   1   1 | Gln CAA   0   0   0   0   0   0 |     CGA   2   2   2   2   2   2
    CTG   2   2   2   2   2   0 |     CCG   1   0   0   0   0   0 |     CAG   1   1   1   1   1   1 |     CGG   1   1   1   1   1   1
--------------------------------------------------------------------------------------------------------------------------------------
Ile ATT   1   1   1   1   1   1 | Thr ACT   0   0   0   0   0   0 | Asn AAT   0   0   0   0   0   0 | Ser AGT   0   0   0   0   0   0
    ATC   0   0   0   0   0   0 |     ACC   1   1   1   1   1   0 |     AAC   0   0   0   0   0   0 |     AGC   1   1   1   1   1   1
    ATA   0   0   0   0   0   0 |     ACA   0   0   0   0   0   0 | Lys AAA   1   2   1   1   1   1 | Arg AGA   0   0   0   0   0   0
Met ATG   1   1   1   1   0   1 |     ACG   0   0   0   0   0   0 |     AAG   0   0   0   0   0   0 |     AGG   0   0   0   0   0   0
--------------------------------------------------------------------------------------------------------------------------------------
Val GTT   0   0   0   0   0   0 | Ala GCT   0   0   0   0   0   0 | Asp GAT   0   0   0   0   0   0 | Gly GGT   0   0   0   0   0   0
    GTC   0   0   0   0   0   0 |     GCC   0   0   0   0   0   1 |     GAC   0   0   0   0   0   0 |     GGC   2   2   2   2   2   2
    GTA   0   0   0   0   0   0 |     GCA   0   0   0   0   0   0 | Glu GAA   0   0   0   0   0   0 |     GGA   1   0   1   1   1   1
    GTG   0   0   0   0   0   0 |     GCG   0   0   0   0   0   0 |     GAG   1   1   1   1   1   1 |     GGG   0   0   0   0   0   0
--------------------------------------------------------------------------------------------------------------------------------------

--------------------------------------------------------------------------------------------------------------------------------------
Phe TTT   0   0   0   0   0   0 | Ser TCT   0   0   0   0   0   0 | Tyr TAT   0   0   0   0   0   0 | Cys TGT   0   0   0   0   0   0
    TTC   0   0   0   0   0   0 |     TCC   0   0   0   0   0   0 |     TAC   0   0   0   0   0   0 |     TGC   0   0   0   0   0   0
Leu TTA   0   0   0   0   0   0 |     TCA   0   0   0   0   0   0 | *** TAA   0   0   0   0   0   0 | *** TGA   0   0   0   0   0   0
    TTG   0   0   0   0   0   0 |     TCG   0   0   0   0   0   0 |     TAG   0   0   0   0   0   0 | Trp TGG   0   0   0   0   0   0
--------------------------------------------------------------------------------------------------------------------------------------
Leu CTT   2   2   2   2   2   2 | Pro CCT   1   1   1   1   1   1 | His CAT   1   1   1   1   1   1 | Arg CGT   0   0   0   0   0   0
    CTC   0   0   0   0   0   0 |     CCC   1   0   1   1   1   1 |     CAC   0   0   0   0   0   0 |     CGC   0   0   0   0   0   0
    CTA   1   1   1   1   1   1 |     CCA   1   1   1   1   1   1 | Gln CAA   0   0   0   0   0   0 |     CGA   2   2   2   2   2   2
    CTG   2   2   2   2   2   2 |     CCG   0   1   0   0   0   0 |     CAG   1   1   1   1   1   1 |     CGG   1   1   1   1   1   1
--------------------------------------------------------------------------------------------------------------------------------------
Ile ATT   1   1   1   1   1   1 | Thr ACT   0   0   0   0   0   0 | Asn AAT   0   0   0   0   0   0 | Ser AGT   0   0   0   0   0   0
    ATC   0   0   0   0   0   0 |     ACC   1   1   1   1   1   1 |     AAC   0   0   0   0   0   0 |     AGC   1   1   1   1   1   1
    ATA   0   0   0   0   0   0 |     ACA   0   0   0   0   0   0 | Lys AAA   1   1   1   1   1   1 | Arg AGA   0   0   0   0   0   0
Met ATG   1   1   1   1   1   1 |     ACG   0   0   0   0   0   0 |     AAG   0   0   0   0   0   0 |     AGG   0   0   0   0   0   0
--------------------------------------------------------------------------------------------------------------------------------------
Val GTT   0   0   0   0   0   0 | Ala GCT   0   0   0   0   0   0 | Asp GAT   0   0   0   0   0   0 | Gly GGT   0   0   0   0   0   0
    GTC   0   0   0   0   0   0 |     GCC   0   0   0   0   0   0 |     GAC   0   0   0   0   0   0 |     GGC   2   2   2   2   2   2
    GTA   0   0   0   0   0   0 |     GCA   0   0   0   0   0   0 | Glu GAA   0   0   0   0   0   0 |     GGA   1   1   1   1   1   1
    GTG   0   0   0   0   0   0 |     GCG   0   0   0   0   0   0 |     GAG   1   1   1   1   1   1 |     GGG   0   0   0   0   0   0
--------------------------------------------------------------------------------------------------------------------------------------

--------------------------------------------------------------------------------------------------------------------------------------
Phe TTT   0   0   0   0   0   0 | Ser TCT   0   0   0   0   0   0 | Tyr TAT   0   0   0   0   0   0 | Cys TGT   0   0   0   0   0   0
    TTC   0   0   0   0   0   0 |     TCC   0   0   0   0   0   0 |     TAC   0   0   0   0   0   0 |     TGC   0   0   0   0   0   0
Leu TTA   0   0   0   0   0   0 |     TCA   0   0   0   0   0   0 | *** TAA   0   0   0   0   0   0 | *** TGA   0   0   0   0   0   0
    TTG   0   0   0   0   0   0 |     TCG   0   0   0   0   0   0 |     TAG   0   0   0   0   0   0 | Trp TGG   0   0   0   0   0   0
--------------------------------------------------------------------------------------------------------------------------------------
Leu CTT   2   2   2   2   2   2 | Pro CCT   1   1   1   1   1   1 | His CAT   1   1   1   1   1   1 | Arg CGT   0   0   0   0   0   0
    CTC   0   0   0   0   0   0 |     CCC   0   1   1   1   1   1 |     CAC   0   0   0   0   0   0 |     CGC   0   0   0   0   0   0
    CTA   1   1   1   1   1   1 |     CCA   1   1   1   1   1   1 | Gln CAA   0   0   0   0   0   0 |     CGA   2   2   2   2   2   2
    CTG   2   2   2   2   2   2 |     CCG   1   0   0   0   0   0 |     CAG   1   1   1   1   1   1 |     CGG   1   1   1   1   1   1
--------------------------------------------------------------------------------------------------------------------------------------
Ile ATT   1   1   1   1   1   1 | Thr ACT   0   0   0   0   0   0 | Asn AAT   0   0   0   0   0   0 | Ser AGT   0   0   0   0   0   0
    ATC   0   0   0   0   0   0 |     ACC   1   1   1   1   1   1 |     AAC   0   0   0   0   0   0 |     AGC   1   1   1   1   1   1
    ATA   0   0   0   0   0   0 |     ACA   0   0   0   0   0   0 | Lys AAA   1   1   1   1   1   1 | Arg AGA   0   0   0   0   0   0
Met ATG   1   1   1   1   1   1 |     ACG   0   0   0   0   0   0 |     AAG   0   0   0   0   0   0 |     AGG   0   0   0   0   0   0
--------------------------------------------------------------------------------------------------------------------------------------
Val GTT   0   0   0   0   0   0 | Ala GCT   0   0   0   0   0   0 | Asp GAT   0   0   0   0   0   0 | Gly GGT   0   0   0   0   0   0
    GTC   0   0   0   0   0   0 |     GCC   0   0   0   0   0   0 |     GAC   0   0   0   0   0   0 |     GGC   2   2   2   2   2   2
    GTA   0   0   0   0   0   0 |     GCA   0   0   0   0   0   0 | Glu GAA   0   0   0   0   0   0 |     GGA   1   1   1   1   1   1
    GTG   0   0   0   0   0   0 |     GCG   0   0   0   0   0   0 |     GAG   1   1   1   1   1   1 |     GGG   0   0   0   0   0   0
--------------------------------------------------------------------------------------------------------------------------------------

--------------------------------------------------------------------------------------------------------------------------------------
Phe TTT   0   0   0   0   0   0 | Ser TCT   0   0   0   0   0   0 | Tyr TAT   0   0   0   0   0   0 | Cys TGT   0   0   0   0   0   0
    TTC   0   0   0   0   0   0 |     TCC   0   0   0   0   0   0 |     TAC   0   0   0   0   0   0 |     TGC   0   0   0   0   0   0
Leu TTA   0   0   0   0   0   0 |     TCA   0   0   0   0   0   0 | *** TAA   0   0   0   0   0   0 | *** TGA   0   0   0   0   0   0
    TTG   0   0   0   0   0   0 |     TCG   0   0   0   0   0   0 |     TAG   0   0   0   0   0   0 | Trp TGG   0   0   0   0   0   0
--------------------------------------------------------------------------------------------------------------------------------------
Leu CTT   2   2   2   2   2   2 | Pro CCT   1   1   1   1   1   1 | His CAT   1   1   1   1   1   1 | Arg CGT   0   0   0   0   0   0
    CTC   0   0   0   0   0   0 |     CCC   1   1   0   1   1   0 |     CAC   0   0   0   0   0   0 |     CGC   0   0   0   0   0   0
    CTA   1   1   1   1   1   1 |     CCA   1   1   1   1   1   1 | Gln CAA   0   0   0   0   0   0 |     CGA   2   2   2   2   2   2
    CTG   2   2   2   2   2   2 |     CCG   0   0   1   0   0   1 |     CAG   1   1   1   1   1   1 |     CGG   1   1   1   1   1   1
--------------------------------------------------------------------------------------------------------------------------------------
Ile ATT   1   1   1   1   1   1 | Thr ACT   0   0   0   0   0   0 | Asn AAT   0   0   0   0   0   0 | Ser AGT   0   0   0   0   0   0
    ATC   0   0   0   0   0   0 |     ACC   1   1   1   1   1   1 |     AAC   0   0   0   0   0   0 |     AGC   0   0   1   1   1   1
    ATA   0   0   0   0   0   0 |     ACA   0   0   0   0   0   0 | Lys AAA   1   1   1   1   1   1 | Arg AGA   1   1   0   0   0   0
Met ATG   1   1   1   1   1   1 |     ACG   0   0   0   0   0   0 |     AAG   0   0   0   0   0   0 |     AGG   0   0   0   0   0   0
--------------------------------------------------------------------------------------------------------------------------------------
Val GTT   0   0   0   0   0   0 | Ala GCT   0   0   0   0   0   0 | Asp GAT   0   0   0   0   0   0 | Gly GGT   0   0   0   0   0   0
    GTC   0   0   0   0   0   0 |     GCC   0   0   0   0   0   0 |     GAC   0   0   0   0   0   0 |     GGC   2   2   2   2   2   2
    GTA   0   0   0   0   0   0 |     GCA   0   0   0   0   0   0 | Glu GAA   0   0   0   0   0   0 |     GGA   1   1   1   1   1   1
    GTG   0   0   0   0   0   0 |     GCG   0   0   0   0   0   0 |     GAG   1   1   1   1   1   1 |     GGG   0   0   0   0   0   0
--------------------------------------------------------------------------------------------------------------------------------------

--------------------------------------------------------------------------------------------------------------------------------------
Phe TTT   0   0   0   0   0   0 | Ser TCT   0   0   0   0   0   0 | Tyr TAT   0   0   0   0   0   0 | Cys TGT   0   0   0   0   0   0
    TTC   0   0   0   0   0   0 |     TCC   0   0   0   0   0   0 |     TAC   0   0   0   0   0   0 |     TGC   0   0   0   0   0   0
Leu TTA   0   0   0   0   0   0 |     TCA   0   0   0   0   0   0 | *** TAA   0   0   0   0   0   0 | *** TGA   0   0   0   0   0   0
    TTG   0   0   0   0   0   0 |     TCG   0   0   0   0   0   0 |     TAG   0   0   0   0   0   0 | Trp TGG   0   0   0   0   0   0
--------------------------------------------------------------------------------------------------------------------------------------
Leu CTT   2   2   2   2   2   2 | Pro CCT   1   1   1   1   1   1 | His CAT   1   1   1   1   1   1 | Arg CGT   0   0   0   0   0   0
    CTC   0   0   0   0   0   0 |     CCC   1   1   0   1   1   1 |     CAC   0   0   0   0   0   0 |     CGC   0   0   0   0   0   0
    CTA   1   1   1   1   1   1 |     CCA   1   1   1   1   1   1 | Gln CAA   0   0   0   0   0   0 |     CGA   2   2   2   2   2   2
    CTG   2   2   2   2   2   2 |     CCG   0   0   1   0   0   0 |     CAG   1   1   1   1   1   1 |     CGG   1   1   1   1   1   1
--------------------------------------------------------------------------------------------------------------------------------------
Ile ATT   1   1   1   1   1   1 | Thr ACT   0   0   0   0   0   0 | Asn AAT   0   0   0   0   0   0 | Ser AGT   0   0   0   0   0   0
    ATC   0   0   0   0   0   0 |     ACC   1   1   1   1   1   1 |     AAC   0   0   0   0   0   0 |     AGC   1   1   1   1   1   1
    ATA   0   0   0   0   0   0 |     ACA   0   0   0   0   0   0 | Lys AAA   1   1   1   1   1   1 | Arg AGA   0   0   0   0   0   0
Met ATG   1   1   1   1   1   1 |     ACG   0   0   0   0   0   0 |     AAG   0   0   0   0   0   0 |     AGG   0   0   0   0   0   0
--------------------------------------------------------------------------------------------------------------------------------------
Val GTT   0   0   0   0   0   0 | Ala GCT   0   0   0   0   0   0 | Asp GAT   0   0   0   0   0   0 | Gly GGT   0   0   0   0   0   0
    GTC   0   0   0   0   0   0 |     GCC   0   0   0   0   0   0 |     GAC   0   0   0   0   0   0 |     GGC   2   2   2   2   2   2
    GTA   0   0   0   0   0   0 |     GCA   0   0   0   0   0   0 | Glu GAA   0   0   0   0   0   0 |     GGA   1   1   1   1   1   1
    GTG   0   0   0   0   0   0 |     GCG   0   0   0   0   0   0 |     GAG   1   1   1   1   1   1 |     GGG   0   0   0   0   0   0
--------------------------------------------------------------------------------------------------------------------------------------

--------------------------------------------------------------------------------------------------------------------------------------
Phe TTT   0   0   0   0   0   0 | Ser TCT   0   0   0   0   0   0 | Tyr TAT   0   0   0   0   0   0 | Cys TGT   0   0   0   0   0   0
    TTC   0   0   0   0   0   0 |     TCC   0   0   0   0   0   0 |     TAC   0   0   0   0   0   0 |     TGC   0   0   0   0   0   0
Leu TTA   0   0   0   0   0   0 |     TCA   0   0   0   0   0   0 | *** TAA   0   0   0   0   0   0 | *** TGA   0   0   0   0   0   0
    TTG   0   0   0   0   0   0 |     TCG   0   0   0   0   0   0 |     TAG   0   0   0   0   0   0 | Trp TGG   0   0   0   0   0   0
--------------------------------------------------------------------------------------------------------------------------------------
Leu CTT   2   2   2   2   1   2 | Pro CCT   1   1   1   1   1   1 | His CAT   1   1   1   1   1   1 | Arg CGT   0   0   0   0   0   0
    CTC   0   0   0   0   1   0 |     CCC   1   1   1   1   1   1 |     CAC   0   0   0   0   0   0 |     CGC   0   0   0   0   0   0
    CTA   1   1   1   1   1   1 |     CCA   1   1   1   1   1   1 | Gln CAA   0   0   0   0   0   0 |     CGA   2   2   2   2   2   2
    CTG   2   2   2   2   2   2 |     CCG   0   0   0   0   0   0 |     CAG   1   1   1   1   1   1 |     CGG   1   1   1   1   1   1
--------------------------------------------------------------------------------------------------------------------------------------
Ile ATT   1   1   1   1   1   1 | Thr ACT   0   0   0   0   0   0 | Asn AAT   0   0   0   0   0   0 | Ser AGT   0   0   0   0   0   0
    ATC   0   0   0   0   0   0 |     ACC   1   1   1   1   1   1 |     AAC   0   0   0   0   0   0 |     AGC   1   1   1   1   1   1
    ATA   0   0   0   0   0   0 |     ACA   0   0   0   0   0   0 | Lys AAA   1   1   1   1   1   1 | Arg AGA   0   0   0   0   0   0
Met ATG   1   1   1   1   1   1 |     ACG   0   0   0   0   0   0 |     AAG   0   0   0   0   0   0 |     AGG   0   0   0   0   0   0
--------------------------------------------------------------------------------------------------------------------------------------
Val GTT   0   0   0   0   0   0 | Ala GCT   0   0   0   0   0   0 | Asp GAT   0   0   0   0   0   0 | Gly GGT   0   0   0   0   0   0
    GTC   0   0   0   0   0   0 |     GCC   0   0   0   0   0   0 |     GAC   0   0   0   0   0   0 |     GGC   2   2   2   2   2   2
    GTA   0   0   0   0   0   0 |     GCA   0   0   0   0   0   0 | Glu GAA   0   0   0   0   0   0 |     GGA   1   1   1   1   1   1
    GTG   0   0   0   0   0   0 |     GCG   0   0   0   0   0   0 |     GAG   1   1   1   1   1   1 |     GGG   0   0   0   0   0   0
--------------------------------------------------------------------------------------------------------------------------------------

--------------------------------------------------------------------------------------------------------------------------------------
Phe TTT   0   0   0   0   0   0 | Ser TCT   0   0   0   0   0   0 | Tyr TAT   0   0   0   0   0   0 | Cys TGT   0   0   0   0   0   0
    TTC   0   0   0   0   0   0 |     TCC   0   0   0   0   0   0 |     TAC   0   0   0   0   0   0 |     TGC   0   0   0   0   0   0
Leu TTA   0   0   0   0   0   0 |     TCA   0   0   0   0   0   0 | *** TAA   0   0   0   0   0   0 | *** TGA   0   0   0   0   0   0
    TTG   0   0   0   0   0   0 |     TCG   0   0   0   0   0   0 |     TAG   0   0   0   0   0   0 | Trp TGG   0   0   0   0   0   0
--------------------------------------------------------------------------------------------------------------------------------------
Leu CTT   2   2   2   2   2   2 | Pro CCT   1   1   1   1   1   1 | His CAT   1   1   1   1   1   1 | Arg CGT   0   0   0   0   0   0
    CTC   0   0   0   0   0   0 |     CCC   1   1   0   1   1   1 |     CAC   0   0   0   0   0   0 |     CGC   0   0   0   0   0   0
    CTA   1   1   1   1   1   1 |     CCA   1   1   1   1   1   1 | Gln CAA   0   0   0   0   0   0 |     CGA   2   2   2   2   2   2
    CTG   2   2   2   2   2   2 |     CCG   0   0   1   0   0   0 |     CAG   1   1   1   1   1   1 |     CGG   1   1   1   1   1   1
--------------------------------------------------------------------------------------------------------------------------------------
Ile ATT   1   1   1   1   1   1 | Thr ACT   0   0   0   0   0   0 | Asn AAT   0   0   0   0   0   0 | Ser AGT   0   0   0   0   0   0
    ATC   0   0   0   0   0   0 |     ACC   1   1   1   1   1   1 |     AAC   0   0   0   0   0   0 |     AGC   1   1   1   1   1   1
    ATA   0   0   0   0   0   0 |     ACA   0   0   0   0   0   0 | Lys AAA   1   1   1   1   0   1 | Arg AGA   0   0   0   0   0   1
Met ATG   1   1   1   1   1   1 |     ACG   0   0   0   0   0   0 |     AAG   0   0   0   0   1   0 |     AGG   0   0   0   0   0   0
--------------------------------------------------------------------------------------------------------------------------------------
Val GTT   0   0   0   0   0   0 | Ala GCT   0   0   0   0   0   0 | Asp GAT   0   0   0   0   0   0 | Gly GGT   0   0   0   0   0   0
    GTC   0   0   0   0   0   0 |     GCC   0   0   0   0   0   0 |     GAC   0   0   0   0   0   0 |     GGC   2   2   2   2   2   2
    GTA   0   0   0   0   0   0 |     GCA   0   0   0   0   0   0 | Glu GAA   0   0   0   0   0   0 |     GGA   1   1   1   1   1   0
    GTG   0   0   0   0   0   0 |     GCG   0   0   0   0   0   0 |     GAG   1   1   1   1   1   1 |     GGG   0   0   0   0   0   0
--------------------------------------------------------------------------------------------------------------------------------------

--------------------------------------------------------------------------------------------------------------------------------------
Phe TTT   0   0   0   0   0   0 | Ser TCT   0   0   0   0   0   0 | Tyr TAT   0   0   0   0   0   0 | Cys TGT   0   0   0   0   0   0
    TTC   0   0   0   0   0   0 |     TCC   0   0   0   0   0   0 |     TAC   0   0   0   0   0   0 |     TGC   0   0   0   0   0   0
Leu TTA   0   0   0   0   0   1 |     TCA   0   0   0   0   0   0 | *** TAA   0   0   0   0   0   0 | *** TGA   0   0   0   0   0   0
    TTG   0   0   0   0   0   0 |     TCG   0   0   0   0   0   0 |     TAG   0   0   0   0   0   0 | Trp TGG   0   0   0   0   0   0
--------------------------------------------------------------------------------------------------------------------------------------
Leu CTT   2   2   2   2   2   2 | Pro CCT   1   1   1   1   1   1 | His CAT   1   1   1   1   1   1 | Arg CGT   0   0   0   0   0   0
    CTC   0   0   0   0   0   0 |     CCC   1   1   1   1   1   1 |     CAC   0   0   0   0   0   0 |     CGC   0   0   0   0   0   0
    CTA   1   1   1   1   1   0 |     CCA   1   1   1   1   1   1 | Gln CAA   0   0   0   0   0   0 |     CGA   2   2   2   2   2   2
    CTG   2   2   2   2   2   2 |     CCG   0   0   0   0   0   0 |     CAG   1   1   1   1   1   1 |     CGG   1   1   1   1   1   1
--------------------------------------------------------------------------------------------------------------------------------------
Ile ATT   1   1   1   1   1   1 | Thr ACT   0   0   0   0   0   0 | Asn AAT   0   0   0   0   0   0 | Ser AGT   0   0   0   0   0   0
    ATC   0   0   0   0   0   0 |     ACC   0   1   1   1   1   1 |     AAC   0   0   0   0   0   0 |     AGC   1   1   1   1   1   1
    ATA   0   0   0   0   0   0 |     ACA   0   0   0   0   0   0 | Lys AAA   1   1   1   1   1   1 | Arg AGA   0   0   0   0   0   0
Met ATG   1   1   1   1   1   1 |     ACG   0   0   0   0   0   0 |     AAG   0   0   0   0   0   0 |     AGG   0   0   0   0   0   0
--------------------------------------------------------------------------------------------------------------------------------------
Val GTT   0   0   0   0   0   0 | Ala GCT   0   0   0   0   0   0 | Asp GAT   0   0   0   0   0   0 | Gly GGT   0   0   0   0   0   0
    GTC   0   0   0   0   0   0 |     GCC   1   0   0   0   0   0 |     GAC   0   0   0   0   0   0 |     GGC   2   2   2   2   2   2
    GTA   0   0   0   0   0   0 |     GCA   0   0   0   0   0   0 | Glu GAA   0   0   0   0   0   0 |     GGA   1   1   1   1   1   1
    GTG   0   0   0   0   0   0 |     GCG   0   0   0   0   0   0 |     GAG   1   1   1   1   1   1 |     GGG   0   0   0   0   0   0
--------------------------------------------------------------------------------------------------------------------------------------

--------------------------------------------------------------------------------------------------------------------------------------
Phe TTT   0   0   0   0   0   0 | Ser TCT   0   0   0   0   0   0 | Tyr TAT   0   0   0   0   0   0 | Cys TGT   0   0   0   0   0   0
    TTC   0   0   0   0   0   0 |     TCC   0   0   0   0   0   0 |     TAC   0   0   0   0   0   0 |     TGC   0   0   0   0   0   0
Leu TTA   0   0   0   0   0   0 |     TCA   0   0   0   0   0   0 | *** TAA   0   0   0   0   0   0 | *** TGA   0   0   0   0   0   0
    TTG   0   0   0   0   0   0 |     TCG   0   0   0   0   0   0 |     TAG   0   0   0   0   0   0 | Trp TGG   0   0   0   0   0   0
--------------------------------------------------------------------------------------------------------------------------------------
Leu CTT   2   2   2   2   2   2 | Pro CCT   1   1   1   1   1   1 | His CAT   1   1   1   1   1   1 | Arg CGT   0   0   0   0   0   0
    CTC   0   0   0   0   0   0 |     CCC   1   1   1   1   1   1 |     CAC   0   0   0   0   0   0 |     CGC   0   0   0   0   0   0
    CTA   1   1   1   1   1   1 |     CCA   1   1   1   1   1   1 | Gln CAA   0   0   0   0   0   0 |     CGA   2   2   2   2   2   2
    CTG   2   2   2   2   2   2 |     CCG   0   0   0   0   0   0 |     CAG   1   1   1   1   1   1 |     CGG   1   1   1   1   1   1
--------------------------------------------------------------------------------------------------------------------------------------
Ile ATT   1   1   1   1   1   1 | Thr ACT   0   0   0   0   0   0 | Asn AAT   0   0   0   0   0   0 | Ser AGT   0   0   0   0   0   0
    ATC   0   0   0   0   0   0 |     ACC   1   1   1   1   1   1 |     AAC   0   0   0   0   0   0 |     AGC   1   1   1   1   1   1
    ATA   0   0   0   0   0   0 |     ACA   0   0   0   0   0   0 | Lys AAA   1   1   1   1   1   1 | Arg AGA   0   1   0   0   0   0
Met ATG   1   1   1   1   1   1 |     ACG   0   0   0   0   0   0 |     AAG   0   0   0   0   0   0 |     AGG   0   0   0   0   0   0
--------------------------------------------------------------------------------------------------------------------------------------
Val GTT   0   0   0   0   0   0 | Ala GCT   0   0   0   0   0   0 | Asp GAT   0   0   0   0   0   0 | Gly GGT   0   0   0   0   0   0
    GTC   0   0   0   0   0   0 |     GCC   0   0   0   0   0   0 |     GAC   0   0   0   0   0   0 |     GGC   2   2   2   2   2   2
    GTA   0   0   0   0   0   0 |     GCA   0   0   0   0   0   0 | Glu GAA   0   0   0   0   0   0 |     GGA   1   0   1   1   1   1
    GTG   0   0   0   0   0   0 |     GCG   0   0   0   0   0   0 |     GAG   1   1   1   1   1   1 |     GGG   0   0   0   0   0   0
--------------------------------------------------------------------------------------------------------------------------------------

Codon position x base (3x4) table for each sequence.

#1: Argali         
position  1:    T:0.00000    C:0.59091    A:0.22727    G:0.18182
position  2:    T:0.31818    C:0.18182    A:0.18182    G:0.31818
position  3:    T:0.22727    C:0.18182    A:0.27273    G:0.31818
Average         T:0.18182    C:0.31818    A:0.22727    G:0.27273

#2: LesserMouseDeer
position  1:    T:0.04545    C:0.54545    A:0.27273    G:0.13636
position  2:    T:0.31818    C:0.18182    A:0.22727    G:0.27273
position  3:    T:0.27273    C:0.18182    A:0.27273    G:0.27273
Average         T:0.21212    C:0.30303    A:0.25758    G:0.22727

#3: LesserKudu     
position  1:    T:0.00000    C:0.59091    A:0.22727    G:0.18182
position  2:    T:0.31818    C:0.18182    A:0.18182    G:0.31818
position  3:    T:0.22727    C:0.22727    A:0.27273    G:0.27273
Average         T:0.18182    C:0.33333    A:0.22727    G:0.25758

#4: ForestMuskDeer2
position  1:    T:0.00000    C:0.59091    A:0.22727    G:0.18182
position  2:    T:0.31818    C:0.18182    A:0.18182    G:0.31818
position  3:    T:0.22727    C:0.22727    A:0.27273    G:0.27273
Average         T:0.18182    C:0.33333    A:0.22727    G:0.25758

#5: Camel          
position  1:    T:0.04545    C:0.59091    A:0.18182    G:0.18182
position  2:    T:0.31818    C:0.18182    A:0.18182    G:0.31818
position  3:    T:0.27273    C:0.18182    A:0.27273    G:0.27273
Average         T:0.21212    C:0.31818    A:0.21212    G:0.25758

#6: KillerWhale    
position  1:    T:0.04545    C:0.54545    A:0.18182    G:0.22727
position  2:    T:0.31818    C:0.18182    A:0.18182    G:0.31818
position  3:    T:0.27273    C:0.18182    A:0.31818    G:0.22727
Average         T:0.21212    C:0.30303    A:0.22727    G:0.25758

#7: DefassaWaterbuck
position  1:    T:0.00000    C:0.59091    A:0.22727    G:0.18182
position  2:    T:0.31818    C:0.18182    A:0.18182    G:0.31818
position  3:    T:0.22727    C:0.22727    A:0.27273    G:0.27273
Average         T:0.18182    C:0.33333    A:0.22727    G:0.25758

#8: Sheep          
position  1:    T:0.00000    C:0.59091    A:0.22727    G:0.18182
position  2:    T:0.31818    C:0.18182    A:0.18182    G:0.31818
position  3:    T:0.22727    C:0.18182    A:0.27273    G:0.31818
Average         T:0.18182    C:0.31818    A:0.22727    G:0.27273

#9: MaxwellsDuiker 
position  1:    T:0.00000    C:0.59091    A:0.22727    G:0.18182
position  2:    T:0.31818    C:0.18182    A:0.18182    G:0.31818
position  3:    T:0.22727    C:0.22727    A:0.27273    G:0.27273
Average         T:0.18182    C:0.33333    A:0.22727    G:0.25758

#10: GazellaPrzewalskyi
position  1:    T:0.00000    C:0.59091    A:0.22727    G:0.18182
position  2:    T:0.31818    C:0.18182    A:0.18182    G:0.31818
position  3:    T:0.22727    C:0.22727    A:0.27273    G:0.27273
Average         T:0.18182    C:0.33333    A:0.22727    G:0.25758

#11: MountainNyala  
position  1:    T:0.00000    C:0.59091    A:0.22727    G:0.18182
position  2:    T:0.31818    C:0.18182    A:0.18182    G:0.31818
position  3:    T:0.22727    C:0.22727    A:0.27273    G:0.27273
Average         T:0.18182    C:0.33333    A:0.22727    G:0.25758

#12: MuntiacusMuntjak
position  1:    T:0.00000    C:0.59091    A:0.22727    G:0.18182
position  2:    T:0.31818    C:0.18182    A:0.18182    G:0.31818
position  3:    T:0.22727    C:0.22727    A:0.27273    G:0.27273
Average         T:0.18182    C:0.33333    A:0.22727    G:0.25758

#13: goat           
position  1:    T:0.00000    C:0.59091    A:0.22727    G:0.18182
position  2:    T:0.31818    C:0.18182    A:0.18182    G:0.31818
position  3:    T:0.22727    C:0.18182    A:0.27273    G:0.31818
Average         T:0.18182    C:0.31818    A:0.22727    G:0.27273

#14: AfricanBuffalo 
position  1:    T:0.00000    C:0.59091    A:0.22727    G:0.18182
position  2:    T:0.31818    C:0.18182    A:0.18182    G:0.31818
position  3:    T:0.22727    C:0.22727    A:0.27273    G:0.27273
Average         T:0.18182    C:0.33333    A:0.22727    G:0.25758

#15: Topi           
position  1:    T:0.00000    C:0.59091    A:0.22727    G:0.18182
position  2:    T:0.31818    C:0.18182    A:0.18182    G:0.31818
position  3:    T:0.22727    C:0.22727    A:0.27273    G:0.27273
Average         T:0.18182    C:0.33333    A:0.22727    G:0.25758

#16: CommonDuiker   
position  1:    T:0.00000    C:0.59091    A:0.22727    G:0.18182
position  2:    T:0.31818    C:0.18182    A:0.18182    G:0.31818
position  3:    T:0.22727    C:0.22727    A:0.27273    G:0.27273
Average         T:0.18182    C:0.33333    A:0.22727    G:0.25758

#17: Suni           
position  1:    T:0.00000    C:0.59091    A:0.22727    G:0.18182
position  2:    T:0.31818    C:0.18182    A:0.18182    G:0.31818
position  3:    T:0.22727    C:0.22727    A:0.27273    G:0.27273
Average         T:0.18182    C:0.33333    A:0.22727    G:0.25758

#18: Springbuck     
position  1:    T:0.00000    C:0.59091    A:0.22727    G:0.18182
position  2:    T:0.31818    C:0.18182    A:0.18182    G:0.31818
position  3:    T:0.22727    C:0.22727    A:0.27273    G:0.27273
Average         T:0.18182    C:0.33333    A:0.22727    G:0.25758

#19: Okapi          
position  1:    T:0.00000    C:0.59091    A:0.22727    G:0.18182
position  2:    T:0.31818    C:0.18182    A:0.18182    G:0.31818
position  3:    T:0.22727    C:0.18182    A:0.31818    G:0.27273
Average         T:0.18182    C:0.31818    A:0.24242    G:0.25758

#20: Giraffe        
position  1:    T:0.00000    C:0.59091    A:0.22727    G:0.18182
position  2:    T:0.31818    C:0.18182    A:0.18182    G:0.31818
position  3:    T:0.22727    C:0.18182    A:0.31818    G:0.27273
Average         T:0.18182    C:0.31818    A:0.24242    G:0.25758

#21: TibetanAntelope
position  1:    T:0.00000    C:0.59091    A:0.22727    G:0.18182
position  2:    T:0.31818    C:0.18182    A:0.18182    G:0.31818
position  3:    T:0.22727    C:0.18182    A:0.27273    G:0.31818
Average         T:0.18182    C:0.31818    A:0.22727    G:0.27273

#22: Sitatunga      
position  1:    T:0.00000    C:0.59091    A:0.22727    G:0.18182
position  2:    T:0.31818    C:0.18182    A:0.18182    G:0.31818
position  3:    T:0.22727    C:0.22727    A:0.27273    G:0.27273
Average         T:0.18182    C:0.33333    A:0.22727    G:0.25758

#23: Oribi          
position  1:    T:0.00000    C:0.59091    A:0.22727    G:0.18182
position  2:    T:0.31818    C:0.18182    A:0.18182    G:0.31818
position  3:    T:0.22727    C:0.22727    A:0.27273    G:0.27273
Average         T:0.18182    C:0.33333    A:0.22727    G:0.25758

#24: BarbarySheep   
position  1:    T:0.00000    C:0.59091    A:0.22727    G:0.18182
position  2:    T:0.31818    C:0.18182    A:0.18182    G:0.31818
position  3:    T:0.22727    C:0.18182    A:0.27273    G:0.31818
Average         T:0.18182    C:0.31818    A:0.22727    G:0.27273

#25: Daviddeer      
position  1:    T:0.00000    C:0.59091    A:0.22727    G:0.18182
position  2:    T:0.31818    C:0.18182    A:0.18182    G:0.31818
position  3:    T:0.22727    C:0.22727    A:0.27273    G:0.27273
Average         T:0.18182    C:0.33333    A:0.22727    G:0.25758

#26: Reindeer       
position  1:    T:0.00000    C:0.59091    A:0.22727    G:0.18182
position  2:    T:0.31818    C:0.18182    A:0.18182    G:0.31818
position  3:    T:0.22727    C:0.22727    A:0.27273    G:0.27273
Average         T:0.18182    C:0.33333    A:0.22727    G:0.25758

#27: Ibex           
position  1:    T:0.00000    C:0.59091    A:0.22727    G:0.18182
position  2:    T:0.31818    C:0.18182    A:0.18182    G:0.31818
position  3:    T:0.22727    C:0.18182    A:0.27273    G:0.31818
Average         T:0.18182    C:0.31818    A:0.22727    G:0.27273

#28: GyrantGazelle  
position  1:    T:0.00000    C:0.59091    A:0.22727    G:0.18182
position  2:    T:0.31818    C:0.18182    A:0.18182    G:0.31818
position  3:    T:0.22727    C:0.22727    A:0.27273    G:0.27273
Average         T:0.18182    C:0.33333    A:0.22727    G:0.25758

#29: Hartebeest     
position  1:    T:0.00000    C:0.59091    A:0.22727    G:0.18182
position  2:    T:0.31818    C:0.18182    A:0.18182    G:0.31818
position  3:    T:0.22727    C:0.22727    A:0.27273    G:0.27273
Average         T:0.18182    C:0.33333    A:0.22727    G:0.25758

#30: Bongo          
position  1:    T:0.00000    C:0.59091    A:0.22727    G:0.18182
position  2:    T:0.31818    C:0.18182    A:0.18182    G:0.31818
position  3:    T:0.22727    C:0.22727    A:0.27273    G:0.27273
Average         T:0.18182    C:0.33333    A:0.22727    G:0.25758

#31: Gerenuk        
position  1:    T:0.00000    C:0.59091    A:0.22727    G:0.18182
position  2:    T:0.31818    C:0.18182    A:0.18182    G:0.31818
position  3:    T:0.22727    C:0.22727    A:0.27273    G:0.27273
Average         T:0.18182    C:0.33333    A:0.22727    G:0.25758

#32: CommonEland    
position  1:    T:0.00000    C:0.59091    A:0.22727    G:0.18182
position  2:    T:0.31818    C:0.18182    A:0.18182    G:0.31818
position  3:    T:0.22727    C:0.22727    A:0.27273    G:0.27273
Average         T:0.18182    C:0.33333    A:0.22727    G:0.25758

#33: MuntiacusReevesi
position  1:    T:0.00000    C:0.59091    A:0.22727    G:0.18182
position  2:    T:0.31818    C:0.18182    A:0.18182    G:0.31818
position  3:    T:0.22727    C:0.22727    A:0.27273    G:0.27273
Average         T:0.18182    C:0.33333    A:0.22727    G:0.25758

#34: HarveysDuiker  
position  1:    T:0.00000    C:0.59091    A:0.22727    G:0.18182
position  2:    T:0.31818    C:0.18182    A:0.18182    G:0.31818
position  3:    T:0.22727    C:0.22727    A:0.27273    G:0.27273
Average         T:0.18182    C:0.33333    A:0.22727    G:0.25758

#35: Pronghorn      
position  1:    T:0.00000    C:0.59091    A:0.22727    G:0.18182
position  2:    T:0.31818    C:0.18182    A:0.18182    G:0.31818
position  3:    T:0.18182    C:0.27273    A:0.27273    G:0.27273
Average         T:0.16667    C:0.34848    A:0.22727    G:0.25758

#36: BlueWildebeest 
position  1:    T:0.00000    C:0.59091    A:0.22727    G:0.18182
position  2:    T:0.31818    C:0.18182    A:0.18182    G:0.31818
position  3:    T:0.22727    C:0.22727    A:0.27273    G:0.27273
Average         T:0.18182    C:0.33333    A:0.22727    G:0.25758

#37: Gemsbok        
position  1:    T:0.00000    C:0.59091    A:0.22727    G:0.18182
position  2:    T:0.31818    C:0.18182    A:0.18182    G:0.31818
position  3:    T:0.22727    C:0.22727    A:0.27273    G:0.27273
Average         T:0.18182    C:0.33333    A:0.22727    G:0.25758

#38: Yak            
position  1:    T:0.00000    C:0.59091    A:0.22727    G:0.18182
position  2:    T:0.31818    C:0.18182    A:0.18182    G:0.31818
position  3:    T:0.22727    C:0.22727    A:0.27273    G:0.27273
Average         T:0.18182    C:0.33333    A:0.22727    G:0.25758

#39: BlueSheep      
position  1:    T:0.00000    C:0.59091    A:0.22727    G:0.18182
position  2:    T:0.31818    C:0.18182    A:0.18182    G:0.31818
position  3:    T:0.22727    C:0.18182    A:0.27273    G:0.31818
Average         T:0.18182    C:0.31818    A:0.22727    G:0.27273

#40: BohorReedbuck  
position  1:    T:0.00000    C:0.59091    A:0.22727    G:0.18182
position  2:    T:0.31818    C:0.18182    A:0.18182    G:0.31818
position  3:    T:0.22727    C:0.22727    A:0.27273    G:0.27273
Average         T:0.18182    C:0.33333    A:0.22727    G:0.25758

#41: KirksDik       
position  1:    T:0.00000    C:0.59091    A:0.22727    G:0.18182
position  2:    T:0.31818    C:0.18182    A:0.18182    G:0.31818
position  3:    T:0.22727    C:0.22727    A:0.22727    G:0.31818
Average         T:0.18182    C:0.33333    A:0.21212    G:0.27273

#42: RoeDeer        
position  1:    T:0.00000    C:0.59091    A:0.27273    G:0.13636
position  2:    T:0.31818    C:0.18182    A:0.18182    G:0.31818
position  3:    T:0.22727    C:0.22727    A:0.27273    G:0.27273
Average         T:0.18182    C:0.33333    A:0.24242    G:0.24242

#43: WhiteLippedDeer
position  1:    T:0.00000    C:0.59091    A:0.18182    G:0.22727
position  2:    T:0.31818    C:0.18182    A:0.18182    G:0.31818
position  3:    T:0.22727    C:0.22727    A:0.27273    G:0.27273
Average         T:0.18182    C:0.33333    A:0.21212    G:0.27273

#44: ThomsonGazelle 
position  1:    T:0.00000    C:0.59091    A:0.22727    G:0.18182
position  2:    T:0.31818    C:0.18182    A:0.18182    G:0.31818
position  3:    T:0.22727    C:0.22727    A:0.27273    G:0.27273
Average         T:0.18182    C:0.33333    A:0.22727    G:0.25758

#45: MuntiacusCrinifrons
position  1:    T:0.00000    C:0.59091    A:0.22727    G:0.18182
position  2:    T:0.31818    C:0.18182    A:0.18182    G:0.31818
position  3:    T:0.22727    C:0.22727    A:0.27273    G:0.27273
Average         T:0.18182    C:0.33333    A:0.22727    G:0.25758

#46: WhiteTailedDeer
position  1:    T:0.00000    C:0.59091    A:0.22727    G:0.18182
position  2:    T:0.31818    C:0.18182    A:0.18182    G:0.31818
position  3:    T:0.22727    C:0.22727    A:0.27273    G:0.27273
Average         T:0.18182    C:0.33333    A:0.22727    G:0.25758

#47: Cattle         
position  1:    T:0.00000    C:0.59091    A:0.22727    G:0.18182
position  2:    T:0.31818    C:0.18182    A:0.18182    G:0.31818
position  3:    T:0.22727    C:0.22727    A:0.27273    G:0.27273
Average         T:0.18182    C:0.33333    A:0.22727    G:0.25758

#48: RoyalAntelope  
position  1:    T:0.04545    C:0.54545    A:0.22727    G:0.18182
position  2:    T:0.31818    C:0.18182    A:0.18182    G:0.31818
position  3:    T:0.22727    C:0.22727    A:0.27273    G:0.27273
Average         T:0.19697    C:0.31818    A:0.22727    G:0.25758

#49: Steenbok       
position  1:    T:0.00000    C:0.59091    A:0.22727    G:0.18182
position  2:    T:0.31818    C:0.18182    A:0.18182    G:0.31818
position  3:    T:0.22727    C:0.22727    A:0.27273    G:0.27273
Average         T:0.18182    C:0.33333    A:0.22727    G:0.25758

#50: Impala         
position  1:    T:0.00000    C:0.59091    A:0.27273    G:0.13636
position  2:    T:0.31818    C:0.18182    A:0.18182    G:0.31818
position  3:    T:0.22727    C:0.22727    A:0.27273    G:0.27273
Average         T:0.18182    C:0.33333    A:0.24242    G:0.24242

#51: Klipspringer   
position  1:    T:0.00000    C:0.59091    A:0.22727    G:0.18182
position  2:    T:0.31818    C:0.18182    A:0.18182    G:0.31818
