1
52 1
Argali 0.000000 0.127600 0.070300 0.154200 0.017100 0.000000 0.017200 0.092300 0.070300 0.072100 0.017300 0.088000 0.017200 0.034700 0.053500 0.053700 0.052500 0.052000 0.034300 0.088700 0.053700 0.035100 0.052000 0.035100 0.017200 0.114100 0.017100 0.052500 0.072300 0.089500 0.090200 0.017000 0.052800 0.017100 0.034700 0.070300 0.017200 0.017100 0.092400 0.052400 0.035100 0.093900 0.071600 0.035100 0.070300 0.017000 0.053700 0.052700 0.053200 0.089900 0.034700 0.070300
LesserMous 0.127600 0.000000 0.167000 0.219600 0.109100 0.127600 0.108900 0.153900 0.167000 0.151600 0.109100 0.186100 0.109100 0.128800 0.111300 0.111500 0.148000 0.146600 0.128300 0.187900 0.111500 0.089700 0.148700 0.130000 0.109100 0.178700 0.109100 0.146900 0.131600 0.189400 0.170900 0.109100 0.149400 0.109100 0.128500 0.167000 0.109100 0.109600 0.153900 0.150400 0.130000 0.156600 0.150500 0.130000 0.167000 0.109100 0.111500 0.148900 0.150100 0.191000 0.128500 0.167000
LesserKudu 0.070300 0.167000 0.000000 0.198000 0.052400 0.070300 0.052000 0.130500 0.000000 0.110200 0.052600 0.016900 0.052600 0.070600 0.090900 0.091000 0.052700 0.051800 0.070600 0.017000 0.091000 0.071600 0.089500 0.070600 0.052600 0.154600 0.052600 0.017100 0.110300 0.017200 0.128700 0.052600 0.089500 0.052400 0.070700 0.000000 0.052100 0.052600 0.131500 0.090300 0.071600 0.133800 0.109400 0.071600 0.000000 0.052600 0.091000 0.089600 0.053200 0.128400 0.034700 0.000000
KillerWhal 0.154200 0.219600 0.198000 0.000000 0.135000 0.154200 0.135000 0.177100 0.198000 0.159200 0.135000 0.218000 0.135000 0.155700 0.138200 0.133900 0.176700 0.175200 0.156100 0.219600 0.133900 0.115800 0.115300 0.116400 0.135000 0.159900 0.135000 0.175500 0.154600 0.179000 0.179500 0.135000 0.177400 0.135000 0.155400 0.198000 0.135000 0.135000 0.136100 0.137200 0.116400 0.138400 0.157700 0.116400 0.198000 0.135000 0.133900 0.178000 0.137700 0.157000 0.156300 0.198000
DefassaWat 0.017100 0.109100 0.052400 0.135000 0.000000 0.017200 0.000000 0.073800 0.052600 0.054000 0.000000 0.070300 0.000000 0.017400 0.035700 0.035800 0.033900 0.034400 0.017300 0.070900 0.034400 0.017500 0.035100 0.017600 0.000000 0.095200 0.000000 0.035000 0.054200 0.071600 0.072200 0.000000 0.035200 0.000000 0.017300 0.052500 0.000000 0.000000 0.073900 0.035500 0.017600 0.075200 0.053600 0.017500 0.052600 0.000000 0.034500 0.035100 0.035500 0.071800 0.017300 0.052600
Sheep 0.000000 0.127600 0.070300 0.154200 0.017200 0.000000 0.017000 0.093100 0.070300 0.072100 0.017100 0.088000 0.017200 0.034700 0.053500 0.053700 0.052500 0.052000 0.034700 0.088700 0.053700 0.035100 0.052500 0.035100 0.017000 0.114100 0.017000 0.052100 0.072300 0.089500 0.090200 0.017200 0.052800 0.017100 0.034700 0.070300 0.017200 0.017100 0.092400 0.053200 0.035000 0.093900 0.071600 0.035100 0.070300 0.017100 0.053700 0.052700 0.053200 0.089900 0.034700 0.070300
MaxwellsDu 0.017200 0.108900 0.052000 0.135000 0.000000 0.017000 0.000000 0.073800 0.052600 0.054000 0.000000 0.070300 0.000000 0.017400 0.035200 0.035800 0.034300 0.034400 0.017300 0.070900 0.035100 0.017500 0.035100 0.017400 0.000000 0.095200 0.000000 0.034300 0.054200 0.071600 0.072200 0.000000 0.035200 0.000000 0.017300 0.052600 0.000000 0.000000 0.073900 0.035500 0.017600 0.075200 0.053600 0.017600 0.052600 0.000000 0.035800 0.035100 0.035500 0.071800 0.017200 0.052600
GazellaPrz 0.092300 0.153900 0.130500 0.177100 0.073800 0.093100 0.073800 0.000000 0.131200 0.113000 0.073800 0.150200 0.073800 0.093400 0.115200 0.036100 0.112300 0.111300 0.092800 0.131500 0.036100 0.094300 0.113100 0.094300 0.073800 0.074800 0.073800 0.111500 0.054800 0.153300 0.132100 0.073900 0.093800 0.073800 0.092900 0.131200 0.073800 0.073800 0.074800 0.114800 0.094300 0.055300 0.091900 0.094300 0.131200 0.073800 0.036100 0.113300 0.114100 0.154900 0.093000 0.131200
MountainNy 0.070300 0.167000 0.000000 0.198000 0.052600 0.070300 0.052600 0.131200 0.000000 0.110200 0.052600 0.017000 0.052600 0.070700 0.090900 0.091000 0.052700 0.051900 0.070800 0.017100 0.091000 0.071600 0.089500 0.071600 0.052600 0.154600 0.052600 0.017100 0.110300 0.017200 0.128700 0.052700 0.089500 0.052300 0.070700 0.000000 0.052600 0.052700 0.131500 0.090300 0.071600 0.133800 0.109400 0.071600 0.000000 0.052600 0.091000 0.089600 0.053200 0.128400 0.034500 0.000000
MuntiacusM 0.072100 0.151600 0.110200 0.159200 0.054000 0.072100 0.054000 0.113000 0.110200 0.000000 0.054000 0.128700 0.054000 0.072800 0.054100 0.094000 0.091500 0.090600 0.072600 0.110200 0.094000 0.073600 0.054200 0.036000 0.054000 0.075900 0.054000 0.090800 0.113900 0.092100 0.017400 0.054000 0.072800 0.054000 0.072500 0.110200 0.054000 0.054000 0.095600 0.054900 0.036200 0.056200 0.017400 0.036200 0.110200 0.054000 0.094000 0.092100 0.054900 0.092600 0.072700 0.110200
goat 0.017300 0.109100 0.052600 0.135000 0.000000 0.017100 0.000000 0.073800 0.052600 0.054000 0.000000 0.070300 0.000000 0.017300 0.035400 0.034500 0.034900 0.034600 0.017200 0.070900 0.035800 0.017400 0.035100 0.017600 0.000000 0.095200 0.000000 0.034700 0.054200 0.071600 0.072200 0.000000 0.035200 0.000000 0.017300 0.052600 0.000000 0.000000 0.073900 0.035400 0.017600 0.075200 0.053600 0.017500 0.052600 0.000000 0.035800 0.035100 0.035500 0.071800 0.017400 0.052500
AfricanBuf 0.088000 0.186100 0.016900 0.218000 0.070300 0.088000 0.070300 0.150200 0.017000 0.128700 0.070300 0.000000 0.070300 0.088600 0.109200 0.109400 0.070400 0.069700 0.088700 0.034400 0.109400 0.089200 0.107600 0.089500 0.070300 0.173900 0.070400 0.034200 0.129000 0.034200 0.147400 0.070300 0.107600 0.070100 0.088600 0.017000 0.070300 0.070300 0.150400 0.108300 0.089500 0.152900 0.127900 0.089500 0.017100 0.069500 0.109400 0.108200 0.070900 0.107600 0.052200 0.016900
Topi 0.017200 0.109100 0.052600 0.135000 0.000000 0.017200 0.000000 0.073800 0.052600 0.054000 0.000000 0.070300 0.000000 0.017200 0.035700 0.035800 0.034900 0.034800 0.017200 0.070900 0.034500 0.017400 0.034600 0.017600 0.000000 0.095200 0.000000 0.034700 0.054200 0.071600 0.072200 0.000000 0.035200 0.000000 0.017300 0.052600 0.000000 0.000000 0.073900 0.035500 0.017600 0.075200 0.053100 0.017600 0.052600 0.000000 0.035800 0.034800 0.035500 0.071800 0.017400 0.052200
CommonDuik 0.034700 0.128800 0.070600 0.155700 0.017400 0.034700 0.017400 0.093400 0.070700 0.072800 0.017300 0.088600 0.017200 0.000000 0.054000 0.053800 0.052900 0.052400 0.034500 0.089400 0.054200 0.035400 0.053100 0.035400 0.017200 0.115700 0.017300 0.052500 0.073100 0.090200 0.091100 0.017200 0.053400 0.017200 0.035000 0.070700 0.017400 0.017400 0.093500 0.053800 0.035400 0.095100 0.072200 0.035000 0.070700 0.017400 0.054300 0.053200 0.053700 0.090700 0.034700 0.070700
Suni 0.053500 0.111300 0.090900 0.138200 0.035700 0.053500 0.035200 0.115200 0.090900 0.054100 0.035400 0.109200 0.035700 0.054000 0.000000 0.074400 0.072400 0.071300 0.053900 0.110300 0.074400 0.054500 0.035800 0.017800 0.035200 0.097400 0.035700 0.071900 0.093900 0.073000 0.073700 0.035800 0.073000 0.035700 0.053900 0.090900 0.035700 0.035400 0.075600 0.036200 0.017900 0.077000 0.054700 0.017800 0.090900 0.035700 0.074400 0.072900 0.036200 0.073300 0.054000 0.090900
Springbuck 0.053700 0.111500 0.091000 0.133900 0.035800 0.053700 0.035800 0.036100 0.091000 0.094000 0.034500 0.109400 0.035800 0.053800 0.074400 0.000000 0.072200 0.072000 0.054100 0.110600 0.000000 0.054900 0.073100 0.054900 0.035200 0.055900 0.035800 0.072100 0.017400 0.111600 0.113000 0.035800 0.073500 0.035800 0.054000 0.091000 0.034400 0.035800 0.036200 0.074100 0.054900 0.036800 0.093200 0.054900 0.091000 0.035800 0.000000 0.073200 0.073900 0.112400 0.054200 0.091000
Okapi 0.052500 0.148000 0.052700 0.176700 0.033900 0.052500 0.034300 0.112300 0.052700 0.091500 0.034900 0.070400 0.034900 0.052900 0.072400 0.072200 0.000000 0.034600 0.052800 0.070900 0.072600 0.053400 0.071300 0.053400 0.034900 0.135000 0.034900 0.034700 0.091700 0.071500 0.110000 0.034900 0.071500 0.034900 0.052800 0.052700 0.034900 0.034500 0.112400 0.072000 0.053400 0.114400 0.090800 0.053400 0.052700 0.034400 0.072600 0.071400 0.072100 0.109600 0.052900 0.052700
Giraffe 0.052000 0.146600 0.051800 0.175200 0.034400 0.052000 0.034400 0.111300 0.051900 0.090600 0.034600 0.069700 0.034800 0.052400 0.071300 0.072000 0.034600 0.000000 0.052400 0.070300 0.072000 0.053000 0.070600 0.053000 0.034600 0.133800 0.034700 0.034400 0.090900 0.070900 0.108900 0.034600 0.070800 0.034600 0.052300 0.052200 0.034600 0.034600 0.111400 0.071400 0.053000 0.113300 0.090000 0.053000 0.052200 0.034600 0.072000 0.070400 0.071000 0.108600 0.052500 0.052200
TibetanAnt 0.034300 0.128300 0.070600 0.156100 0.017300 0.034700 0.017300 0.092800 0.070800 0.072600 0.017200 0.088700 0.017200 0.034500 0.053900 0.054100 0.052800 0.052400 0.000000 0.089600 0.053400 0.035400 0.053100 0.035400 0.017200 0.114900 0.017300 0.052500 0.072800 0.090300 0.090900 0.017200 0.053200 0.017300 0.034900 0.070800 0.017200 0.017300 0.093100 0.053600 0.035300 0.094700 0.072000 0.035500 0.070800 0.017200 0.054100 0.053100 0.053400 0.090500 0.034800 0.070800
Sitatunga 0.088700 0.187900 0.017000 0.219600 0.070900 0.088700 0.070900 0.131500 0.017100 0.110200 0.070900 0.034400 0.070900 0.089400 0.110300 0.110600 0.070900 0.070300 0.089600 0.000000 0.110600 0.090400 0.108500 0.090400 0.070900 0.154900 0.070900 0.034300 0.130400 0.034800 0.128800 0.070900 0.070900 0.070900 0.089300 0.017000 0.070700 0.070900 0.152300 0.109700 0.090400 0.133900 0.109400 0.090300 0.017000 0.070900 0.110600 0.108700 0.071600 0.148400 0.052600 0.017100
Oribi 0.053700 0.111500 0.091000 0.133900 0.034400 0.053700 0.035100 0.036100 0.091000 0.094000 0.035800 0.109400 0.034500 0.054200 0.074400 0.000000 0.072600 0.072000 0.053400 0.110600 0.000000 0.054900 0.073100 0.054900 0.034500 0.055900 0.035800 0.072400 0.017700 0.111600 0.113000 0.035800 0.073500 0.035800 0.054000 0.091000 0.035800 0.035800 0.036200 0.074100 0.054900 0.036800 0.093200 0.054900 0.091000 0.035800 0.000000 0.073200 0.073900 0.112400 0.054200 0.091000
BarbaryShe 0.035100 0.089700 0.071600 0.115800 0.017500 0.035100 0.017500 0.094300 0.071600 0.073600 0.017400 0.089200 0.017400 0.035400 0.054500 0.054900 0.053400 0.053000 0.035400 0.090400 0.054900 0.000000 0.053100 0.035500 0.017400 0.117000 0.017600 0.053100 0.073800 0.091400 0.092200 0.017600 0.053900 0.017400 0.035300 0.071600 0.017400 0.017600 0.094600 0.054400 0.035900 0.096300 0.073000 0.035900 0.071600 0.017600 0.054900 0.053800 0.054400 0.091700 0.035300 0.071600
Daviddeer 0.052000 0.148700 0.089500 0.115300 0.035100 0.052500 0.035100 0.113100 0.089500 0.054200 0.035100 0.107600 0.034600 0.053100 0.035800 0.073100 0.071300 0.070600 0.053100 0.108500 0.073100 0.053100 0.000000 0.017600 0.035100 0.095500 0.035100 0.070800 0.092300 0.071800 0.072400 0.035100 0.071900 0.035100 0.053000 0.089500 0.035100 0.035100 0.074200 0.035600 0.017300 0.075500 0.053800 0.017400 0.089500 0.035100 0.073100 0.071700 0.035600 0.072100 0.053100 0.089500
Reindeer 0.035100 0.130000 0.070600 0.116400 0.017600 0.035100 0.017400 0.094300 0.071600 0.036000 0.017600 0.089500 0.017600 0.035400 0.017800 0.054900 0.053400 0.053000 0.035400 0.090400 0.054900 0.035500 0.017600 0.000000 0.017400 0.076600 0.017400 0.052600 0.073800 0.053900 0.054400 0.017600 0.053900 0.017600 0.035300 0.071600 0.017600 0.017400 0.055800 0.017800 0.000000 0.056800 0.035900 0.000000 0.071600 0.017600 0.054900 0.053800 0.017800 0.054100 0.035500 0.070400
Ibex 0.017200 0.109100 0.052600 0.135000 0.000000 0.017000 0.000000 0.073800 0.052600 0.054000 0.000000 0.070300 0.000000 0.017200 0.035200 0.035200 0.034900 0.034600 0.017200 0.070900 0.034500 0.017400 0.035100 0.017400 0.000000 0.095200 0.000000 0.034700 0.054200 0.071800 0.072200 0.000000 0.035200 0.000000 0.017300 0.052600 0.000000 0.000000 0.073900 0.035500 0.017600 0.075200 0.053600 0.017500 0.052600 0.000000 0.034400 0.035200 0.035200 0.071200 0.017400 0.052600
GyrantGaze 0.114100 0.178700 0.154600 0.159900 0.095200 0.114100 0.095200 0.074800 0.154600 0.075900 0.095200 0.173900 0.095200 0.115700 0.097400 0.055900 0.135000 0.133800 0.114900 0.154900 0.055900 0.117000 0.095500 0.076600 0.095200 0.000000 0.095200 0.134000 0.075300 0.136000 0.095000 0.095200 0.116200 0.095200 0.114900 0.154600 0.095200 0.095200 0.057000 0.097100 0.077000 0.018600 0.094600 0.076600 0.154600 0.095200 0.055900 0.136400 0.096600 0.137300 0.115200 0.154600
Hartebeest 0.017100 0.109100 0.052600 0.135000 0.000000 0.017000 0.000000 0.073800 0.052600 0.054000 0.000000 0.070400 0.000000 0.017300 0.035700 0.035800 0.034900 0.034700 0.017300 0.070900 0.035800 0.017600 0.035100 0.017400 0.000000 0.095200 0.000000 0.034700 0.054200 0.071600 0.072200 0.000000 0.035200 0.000000 0.017300 0.052600 0.000000 0.000000 0.074200 0.035500 0.017400 0.075200 0.053600 0.017400 0.052600 0.000000 0.035800 0.034900 0.035500 0.071800 0.017300 0.052600
Bongo 0.052500 0.146900 0.017100 0.175500 0.035000 0.052100 0.034300 0.111500 0.017100 0.090800 0.034700 0.034200 0.034700 0.052500 0.071900 0.072100 0.034700 0.034400 0.052500 0.034300 0.072400 0.053100 0.070800 0.052600 0.034700 0.134000 0.034700 0.000000 0.091000 0.034800 0.109100 0.034700 0.070900 0.034500 0.052400 0.017000 0.034700 0.034300 0.111600 0.071500 0.053100 0.113500 0.089500 0.053100 0.017000 0.034300 0.072100 0.070800 0.071600 0.108800 0.017200 0.017000
Gerenuk 0.072300 0.131600 0.110300 0.154600 0.054200 0.072300 0.054200 0.054800 0.110300 0.113900 0.054200 0.129000 0.054200 0.073100 0.093900 0.017400 0.091700 0.090900 0.072800 0.130400 0.017700 0.073800 0.092300 0.073800 0.054200 0.075300 0.054200 0.091000 0.000000 0.131500 0.133200 0.054200 0.092800 0.054200 0.072800 0.110300 0.054200 0.054200 0.054800 0.093500 0.073800 0.055700 0.112700 0.073800 0.110300 0.054200 0.017400 0.092400 0.093200 0.132500 0.073100 0.110300
CommonElan 0.089500 0.189400 0.017200 0.179000 0.071600 0.089500 0.071600 0.153300 0.017200 0.092100 0.071600 0.034200 0.071600 0.090200 0.073000 0.111600 0.071500 0.070900 0.090300 0.034800 0.111600 0.091400 0.071800 0.053900 0.071800 0.136000 0.071600 0.034800 0.131500 0.000000 0.110700 0.071600 0.109700 0.071600 0.090100 0.017200 0.071600 0.071600 0.113300 0.072600 0.053900 0.115300 0.091400 0.053200 0.017200 0.071600 0.111600 0.109700 0.035400 0.110300 0.053100 0.017200
MuntiacusR 0.090200 0.170900 0.128700 0.179500 0.072200 0.090200 0.072200 0.132100 0.128700 0.017400 0.072200 0.147400 0.072200 0.091100 0.073700 0.113000 0.110000 0.108900 0.090900 0.128800 0.113000 0.092200 0.072400 0.054400 0.072200 0.095000 0.072200 0.109100 0.133200 0.110700 0.000000 0.072200 0.091400 0.071900 0.090800 0.128700 0.072800 0.072200 0.114900 0.073400 0.054400 0.075000 0.035100 0.054400 0.128700 0.071300 0.113000 0.110700 0.073200 0.111400 0.091100 0.128700
HarveysDui 0.017000 0.109100 0.052600 0.135000 0.000000 0.017200 0.000000 0.073900 0.052700 0.054000 0.000000 0.070300 0.000000 0.017200 0.035800 0.035800 0.034900 0.034600 0.017200 0.070900 0.035800 0.017600 0.035100 0.017600 0.000000 0.095200 0.000000 0.034700 0.054200 0.071600 0.072200 0.000000 0.034600 0.000000 0.017300 0.052600 0.000000 0.000000 0.074500 0.035100 0.017400 0.075200 0.052400 0.017600 0.052300 0.000000 0.035800 0.034700 0.035600 0.071800 0.017300 0.052600
Pronghorn 0.052800 0.149400 0.089500 0.177400 0.035200 0.052800 0.035200 0.093800 0.089500 0.072800 0.035200 0.107600 0.035200 0.053400 0.073000 0.073500 0.071500 0.070800 0.053200 0.070900 0.073500 0.053900 0.071900 0.053900 0.035200 0.116200 0.035200 0.070900 0.092800 0.109700 0.091400 0.034600 0.000000 0.035200 0.053200 0.089500 0.034600 0.034700 0.114100 0.035700 0.053000 0.095600 0.072500 0.053600 0.089500 0.034900 0.073500 0.071900 0.072600 0.110500 0.053300 0.089500
BlueWildeb 0.017100 0.109100 0.052400 0.135000 0.000000 0.017100 0.000000 0.073800 0.052300 0.054000 0.000000 0.070100 0.000000 0.017200 0.035700 0.035800 0.034900 0.034600 0.017300 0.070900 0.035800 0.017400 0.035100 0.017600 0.000000 0.095200 0.000000 0.034500 0.054200 0.071600 0.071900 0.000000 0.035200 0.000000 0.017300 0.052600 0.000000 0.000000 0.073900 0.035500 0.017400 0.075200 0.053600 0.017400 0.052400 0.000000 0.035800 0.035100 0.035500 0.071800 0.017200 0.052000
Gemsbok 0.034700 0.128500 0.070700 0.155400 0.017300 0.034700 0.017300 0.092900 0.070700 0.072500 0.017300 0.088600 0.017300 0.035000 0.053900 0.054000 0.052800 0.052300 0.034900 0.089300 0.054000 0.035300 0.053000 0.035300 0.017300 0.114900 0.017300 0.052400 0.072800 0.090100 0.090800 0.017300 0.053200 0.017300 0.000000 0.070700 0.017300 0.017300 0.093000 0.053600 0.035300 0.094500 0.072000 0.035300 0.070700 0.017300 0.054000 0.053100 0.053600 0.090500 0.035000 0.070700
Yak 0.070300 0.167000 0.000000 0.198000 0.052500 0.070300 0.052600 0.131200 0.000000 0.110200 0.052600 0.017000 0.052600 0.070700 0.090900 0.091000 0.052700 0.052200 0.070800 0.017000 0.091000 0.071600 0.089500 0.071600 0.052600 0.154600 0.052600 0.017000 0.110300 0.017200 0.128700 0.052600 0.089500 0.052600 0.070700 0.000000 0.052700 0.052800 0.131500 0.090300 0.071600 0.133800 0.109400 0.071600 0.000000 0.052600 0.091000 0.089600 0.053200 0.128400 0.034700 0.000000
BlueSheep 0.017200 0.109100 0.052100 0.135000 0.000000 0.017200 0.000000 0.073800 0.052600 0.054000 0.000000 0.070300 0.000000 0.017400 0.035700 0.034400 0.034900 0.034600 0.017200 0.070700 0.035800 0.017400 0.035100 0.017600 0.000000 0.095200 0.000000 0.034700 0.054200 0.071600 0.072800 0.000000 0.034600 0.000000 0.017300 0.052700 0.000000 0.000000 0.073900 0.035500 0.017400 0.075200 0.053600 0.017600 0.052100 0.000000 0.035800 0.035100 0.035500 0.071900 0.017400 0.052400
BohorReedb 0.017100 0.109600 0.052600 0.135000 0.000000 0.017100 0.000000 0.073800 0.052700 0.054000 0.000000 0.070300 0.000000 0.017400 0.035400 0.035800 0.034500 0.034600 0.017300 0.070900 0.035800 0.017600 0.035100 0.017400 0.000000 0.095200 0.000000 0.034300 0.054200 0.071600 0.072200 0.000000 0.034700 0.000000 0.017300 0.052800 0.000000 0.000000 0.073900 0.035100 0.017400 0.075200 0.053600 0.017600 0.052400 0.000000 0.034900 0.035100 0.035500 0.071800 0.017400 0.052600
KirksDik 0.092400 0.153900 0.131500 0.136100 0.073900 0.092400 0.073900 0.074800 0.131500 0.095600 0.073900 0.150400 0.073900 0.093500 0.075600 0.036200 0.112400 0.111400 0.093100 0.152300 0.036200 0.094600 0.074200 0.055800 0.073900 0.057000 0.074200 0.111600 0.054800 0.113300 0.114900 0.074500 0.114100 0.073900 0.093000 0.131500 0.073900 0.073900 0.000000 0.075300 0.055800 0.037500 0.094700 0.055800 0.131500 0.073900 0.036400 0.113500 0.075000 0.114000 0.093300 0.131500
RoeDeer 0.052400 0.150400 0.090300 0.137200 0.035500 0.053200 0.035500 0.114800 0.090300 0.054900 0.035400 0.108300 0.035500 0.053800 0.036200 0.074100 0.072000 0.071400 0.053600 0.109700 0.074100 0.054400 0.035600 0.017800 0.035500 0.097100 0.035500 0.071500 0.093500 0.072600 0.073400 0.035100 0.035700 0.035500 0.053600 0.090300 0.035500 0.035100 0.075300 0.000000 0.017800 0.076700 0.054700 0.017800 0.090300 0.035500 0.074100 0.072500 0.035600 0.072600 0.053700 0.090300
WhiteLippe 0.035100 0.130000 0.071600 0.116400 0.017600 0.035000 0.017600 0.094300 0.071600 0.036200 0.017600 0.089500 0.017600 0.035400 0.017900 0.054900 0.053400 0.053000 0.035300 0.090400 0.054900 0.035900 0.017300 0.000000 0.017600 0.077000 0.017400 0.053100 0.073800 0.053900 0.054400 0.017400 0.053000 0.017400 0.035300 0.071600 0.017400 0.017400 0.055800 0.017800 0.000000 0.056800 0.035900 0.000000 0.071600 0.017600 0.054900 0.053800 0.017600 0.053600 0.035500 0.071600
ThomsonGaz 0.093900 0.156600 0.133800 0.138400 0.075200 0.093900 0.075200 0.055300 0.133800 0.056200 0.075200 0.152900 0.075200 0.095100 0.077000 0.036800 0.114400 0.113300 0.094700 0.133900 0.036800 0.096300 0.075500 0.056800 0.075200 0.018600 0.075200 0.113500 0.055700 0.115300 0.075000 0.075200 0.095600 0.075200 0.094500 0.133800 0.075200 0.075200 0.037500 0.076700 0.056800 0.000000 0.074800 0.056800 0.134400 0.075200 0.035900 0.115500 0.076400 0.116200 0.095000 0.133800
MuntiacusC 0.071600 0.150500 0.109400 0.157700 0.053600 0.071600 0.053600 0.091900 0.109400 0.017400 0.053600 0.127900 0.053100 0.072200 0.054700 0.093200 0.090800 0.090000 0.072000 0.109400 0.093200 0.073000 0.053800 0.035900 0.053600 0.094600 0.053600 0.089500 0.112700 0.091400 0.035100 0.052400 0.072500 0.053600 0.072000 0.109400 0.053600 0.053600 0.094700 0.054700 0.035900 0.074800 0.000000 0.035900 0.109400 0.053600 0.093200 0.091300 0.054400 0.091900 0.072200 0.109400
WhiteTaile 0.035100 0.130000 0.071600 0.116400 0.017500 0.035100 0.017600 0.094300 0.071600 0.036200 0.017500 0.089500 0.017600 0.035000 0.017800 0.054900 0.053400 0.053000 0.035500 0.090300 0.054900 0.035900 0.017400 0.000000 0.017500 0.076600 0.017400 0.053100 0.073800 0.053200 0.054400 0.017600 0.053600 0.017400 0.035300 0.071600 0.017600 0.017600 0.055800 0.017800 0.000000 0.056800 0.035900 0.000000 0.071600 0.017400 0.054900 0.053800 0.017700 0.054100 0.035100 0.071600
Cattle 0.070300 0.167000 0.000000 0.198000 0.052600 0.070300 0.052600 0.131200 0.000000 0.110200 0.052600 0.017100 0.052600 0.070700 0.090900 0.091000 0.052700 0.052200 0.070800 0.017000 0.091000 0.071600 0.089500 0.071600 0.052600 0.154600 0.052600 0.017000 0.110300 0.017200 0.128700 0.052300 0.089500 0.052400 0.070700 0.000000 0.052100 0.052400 0.131500 0.090300 0.071600 0.134400 0.109400 0.071600 0.000000 0.052400 0.091000 0.089600 0.053200 0.128400 0.034700 0.000000
RoyalAntel 0.017000 0.109100 0.052600 0.135000 0.000000 0.017100 0.000000 0.073800 0.052600 0.054000 0.000000 0.069500 0.000000 0.017400 0.035700 0.035800 0.034400 0.034600 0.017200 0.070900 0.035800 0.017600 0.035100 0.017600 0.000000 0.095200 0.000000 0.034300 0.054200 0.071600 0.071300 0.000000 0.034900 0.000000 0.017300 0.052600 0.000000 0.000000 0.073900 0.035500 0.017600 0.075200 0.053600 0.017400 0.052400 0.000000 0.035800 0.035100 0.035500 0.071800 0.017200 0.052500
Steenbok 0.053700 0.111500 0.091000 0.133900 0.034500 0.053700 0.035800 0.036100 0.091000 0.094000 0.035800 0.109400 0.035800 0.054300 0.074400 0.000000 0.072600 0.072000 0.054100 0.110600 0.000000 0.054900 0.073100 0.054900 0.034400 0.055900 0.035800 0.072100 0.017400 0.111600 0.113000 0.035800 0.073500 0.035800 0.054000 0.091000 0.035800 0.034900 0.036400 0.074100 0.054900 0.035900 0.093200 0.054900 0.091000 0.035800 0.000000 0.073200 0.073900 0.112400 0.054200 0.091000
Impala 0.052700 0.148900 0.089600 0.178000 0.035100 0.052700 0.035100 0.113300 0.089600 0.092100 0.035100 0.108200 0.034800 0.053200 0.072900 0.073200 0.071400 0.070400 0.053100 0.108700 0.073200 0.053800 0.071700 0.053800 0.035200 0.136400 0.034900 0.070800 0.092400 0.109700 0.110700 0.034700 0.071900 0.035100 0.053100 0.089600 0.035100 0.035100 0.113500 0.072500 0.053800 0.115500 0.091300 0.053800 0.089600 0.035100 0.073200 0.000000 0.072500 0.110200 0.053200 0.089600
Klipspring 0.053200 0.150100 0.053200 0.137700 0.035500 0.053200 0.035500 0.114100 0.053200 0.054900 0.035500 0.070900 0.035500 0.053700 0.036200 0.073900 0.072100 0.071000 0.053400 0.071600 0.073900 0.054400 0.035600 0.017800 0.035200 0.096600 0.035500 0.071600 0.093200 0.035400 0.073200 0.035600 0.072600 0.035500 0.053600 0.053200 0.035500 0.035500 0.075000 0.035600 0.017600 0.076400 0.054400 0.017700 0.053200 0.035500 0.073900 0.072500 0.000000 0.072900 0.053800 0.053200
ForestMusk 0.089900 0.191000 0.128400 0.157000 0.071800 0.089900 0.071800 0.154900 0.128400 0.092600 0.071800 0.107600 0.071800 0.090700 0.073300 0.112400 0.109600 0.108600 0.090500 0.148400 0.112400 0.091700 0.072100 0.054100 0.071200 0.137300 0.071800 0.108800 0.132500 0.110300 0.111400 0.071800 0.110500 0.071800 0.090500 0.128400 0.071900 0.071800 0.114000 0.072600 0.053600 0.116200 0.091900 0.054100 0.128400 0.071800 0.112400 0.110200 0.072900 0.000000 0.090700 0.128400
Bushbuck 0.034700 0.128500 0.034700 0.156300 0.017300 0.034700 0.017200 0.093000 0.034500 0.072700 0.017400 0.052200 0.017400 0.034700 0.054000 0.054200 0.052900 0.052500 0.034800 0.052600 0.054200 0.035300 0.053100 0.035500 0.017400 0.115200 0.017300 0.017200 0.073100 0.053100 0.091100 0.017300 0.053300 0.017200 0.035000 0.034700 0.017400 0.017400 0.093300 0.053700 0.035500 0.095000 0.072200 0.035100 0.034700 0.017200 0.054200 0.053200 0.053800 0.090700 0.000000 0.034700
GreaterKud 0.070300 0.167000 0.000000 0.198000 0.052600 0.070300 0.052600 0.131200 0.000000 0.110200 0.052500 0.016900 0.052200 0.070700 0.090900 0.091000 0.052700 0.052200 0.070800 0.017100 0.091000 0.071600 0.089500 0.070400 0.052600 0.154600 0.052600 0.017000 0.110300 0.017200 0.128700 0.052600 0.089500 0.052000 0.070700 0.000000 0.052400 0.052600 0.131500 0.090300 0.071600 0.133800 0.109400 0.071600 0.000000 0.052500 0.091000 0.089600 0.053200 0.128400 0.034700 0.000000
