1
52 1
Argali 0.000000 0.360400 0.086700 0.374900 0.089300 0.000000 0.058100 0.072000 0.078300 0.223300 0.058600 0.059200 0.056900 0.071200 0.141400 0.073800 0.167000 0.151600 0.028000 0.079400 0.072500 0.021200 0.202800 0.206800 0.073400 0.087400 0.071700 0.072200 0.057800 0.079400 0.237200 0.050500 0.202200 0.095100 0.056800 0.106700 0.043600 0.080600 0.064600 0.222100 0.213700 0.072300 0.207800 0.220500 0.100300 0.092300 0.081100 0.085500 0.057300 0.154500 0.079800 0.071800
LesserMous 0.360400 0.000000 0.351700 0.404800 0.372400 0.360400 0.370300 0.354600 0.351900 0.387600 0.389400 0.344300 0.351000 0.369800 0.363200 0.362100 0.313100 0.325000 0.360600 0.375300 0.399000 0.357200 0.376700 0.371500 0.409000 0.376400 0.361400 0.359400 0.357600 0.386500 0.424700 0.356000 0.376900 0.373500 0.380700 0.372600 0.385800 0.337300 0.398900 0.401100 0.378800 0.376300 0.369300 0.411200 0.357400 0.416700 0.394300 0.409300 0.377000 0.351000 0.377200 0.352600
LesserKudu 0.086700 0.351700 0.000000 0.389600 0.105000 0.086700 0.089000 0.079600 0.050000 0.225200 0.106300 0.059500 0.102600 0.101800 0.159500 0.113400 0.143200 0.136400 0.086900 0.050200 0.111400 0.080600 0.213100 0.191100 0.121700 0.126200 0.118100 0.043500 0.080100 0.050200 0.239200 0.081100 0.221000 0.143200 0.101900 0.092600 0.105400 0.112200 0.101900 0.206400 0.215600 0.095100 0.209500 0.204900 0.085800 0.138700 0.105000 0.093400 0.087900 0.156100 0.065200 0.028300
KillerWhal 0.374900 0.404800 0.389600 0.000000 0.366300 0.374900 0.353200 0.371600 0.355100 0.373200 0.368900 0.337700 0.356500 0.341000 0.403200 0.355500 0.349900 0.341300 0.354100 0.357000 0.348500 0.349400 0.372600 0.367600 0.388200 0.413400 0.356900 0.375500 0.372200 0.402000 0.377500 0.340000 0.338500 0.391700 0.386600 0.376100 0.365400 0.352000 0.368500 0.384500 0.352400 0.390900 0.387100 0.394100 0.349700 0.432100 0.365000 0.390200 0.358200 0.335100 0.391100 0.367200
DefassaWat 0.089300 0.372400 0.105000 0.366300 0.000000 0.088900 0.075400 0.098500 0.112900 0.239700 0.109100 0.076900 0.105000 0.088600 0.111600 0.099900 0.172000 0.156200 0.089000 0.113400 0.098600 0.082600 0.200600 0.204700 0.124900 0.113700 0.105100 0.107100 0.082700 0.129500 0.254000 0.067400 0.236100 0.114100 0.104400 0.109900 0.108200 0.022300 0.105400 0.220300 0.211800 0.097800 0.223700 0.218700 0.135000 0.141100 0.107500 0.095500 0.090000 0.168200 0.130200 0.105200
Sheep 0.000000 0.360400 0.086700 0.374900 0.088900 0.000000 0.058100 0.072800 0.079100 0.223300 0.059000 0.059200 0.056500 0.071200 0.141400 0.073800 0.167000 0.151600 0.028000 0.079400 0.071800 0.021300 0.202800 0.206800 0.074500 0.087400 0.071700 0.073000 0.057800 0.079400 0.237200 0.050500 0.202200 0.095100 0.056600 0.106000 0.043600 0.080600 0.064600 0.222100 0.213700 0.072300 0.207800 0.220500 0.100300 0.092000 0.081200 0.085500 0.057300 0.154500 0.079800 0.071800
MaxwellsDu 0.058100 0.370300 0.089000 0.353200 0.075400 0.058100 0.000000 0.066800 0.081200 0.229100 0.076300 0.045200 0.058400 0.043100 0.128000 0.067800 0.154400 0.138800 0.058200 0.080600 0.066600 0.051500 0.190300 0.194200 0.091700 0.081700 0.073500 0.074300 0.051600 0.097100 0.243400 0.021900 0.207300 0.081800 0.073100 0.078900 0.075700 0.067100 0.058600 0.209700 0.201200 0.066000 0.213200 0.208200 0.087500 0.110000 0.074700 0.079900 0.058200 0.124700 0.097600 0.073700
GazellaPrz 0.072000 0.354600 0.079600 0.371600 0.098500 0.072800 0.066800 0.000000 0.088400 0.254800 0.099700 0.068100 0.088500 0.080000 0.152900 0.075100 0.196000 0.180100 0.072300 0.088700 0.073200 0.066400 0.215700 0.202100 0.115200 0.088900 0.104000 0.081100 0.043900 0.096600 0.251100 0.059000 0.251200 0.112900 0.088000 0.101100 0.091100 0.089900 0.080200 0.217500 0.227000 0.058000 0.238700 0.216000 0.110100 0.132700 0.081300 0.071900 0.080200 0.166100 0.097100 0.065700
MountainNy 0.078300 0.351900 0.050000 0.355100 0.112900 0.079100 0.081200 0.088400 0.000000 0.190000 0.098200 0.051800 0.079500 0.078900 0.150700 0.104100 0.159300 0.152700 0.079500 0.028300 0.103400 0.074200 0.194800 0.173000 0.113500 0.103100 0.110100 0.036100 0.088300 0.057100 0.220900 0.073300 0.238500 0.135000 0.094500 0.084200 0.097400 0.088200 0.095000 0.188100 0.197000 0.103100 0.174800 0.186700 0.063600 0.130800 0.112800 0.100900 0.065100 0.155700 0.057800 0.035500
MuntiacusM 0.223300 0.387600 0.225200 0.373200 0.239700 0.223300 0.229100 0.254800 0.190000 0.000000 0.197300 0.207300 0.206700 0.222400 0.277300 0.239400 0.182900 0.183100 0.206400 0.207800 0.253500 0.200900 0.095100 0.080700 0.213600 0.217800 0.241800 0.202500 0.219200 0.243200 0.041000 0.219800 0.243500 0.272400 0.222900 0.253400 0.213100 0.219700 0.225300 0.103100 0.087600 0.217800 0.013800 0.094500 0.229500 0.219400 0.257300 0.238900 0.208400 0.178600 0.244600 0.216400
goat 0.058600 0.389400 0.106300 0.368900 0.109100 0.059000 0.076300 0.099700 0.098200 0.197300 0.000000 0.077800 0.090300 0.089700 0.165900 0.101200 0.174000 0.158000 0.059100 0.098600 0.099200 0.037100 0.193700 0.197700 0.014900 0.099400 0.105400 0.092100 0.083800 0.114700 0.211700 0.068200 0.209900 0.131800 0.089200 0.126900 0.015000 0.100500 0.090700 0.213500 0.204800 0.083200 0.181600 0.211900 0.120400 0.111700 0.108900 0.112500 0.075300 0.179100 0.106800 0.090500
AfricanBuf 0.059200 0.344300 0.059500 0.337700 0.076900 0.059200 0.045200 0.068100 0.051800 0.207300 0.077800 0.000000 0.075000 0.059000 0.112800 0.069100 0.140500 0.133600 0.059300 0.052000 0.067900 0.052500 0.175600 0.170600 0.093600 0.083300 0.090600 0.045100 0.052600 0.052000 0.221700 0.037200 0.221300 0.098900 0.074500 0.065200 0.077200 0.068400 0.075200 0.186200 0.177700 0.067700 0.191300 0.186000 0.073700 0.112000 0.076800 0.081400 0.060000 0.118500 0.052300 0.044300
Topi 0.056900 0.351000 0.102600 0.356500 0.105000 0.056500 0.058400 0.088500 0.079500 0.206700 0.090300 0.075000 0.000000 0.056700 0.159300 0.089800 0.151200 0.135900 0.057000 0.079800 0.088200 0.050200 0.186100 0.189800 0.105600 0.103300 0.028100 0.088800 0.073200 0.095100 0.220600 0.050700 0.202800 0.050100 0.056800 0.107200 0.074100 0.096500 0.080000 0.205000 0.196700 0.087900 0.191300 0.221300 0.085600 0.123100 0.097100 0.101100 0.057600 0.138500 0.095600 0.086700
CommonDuik 0.071200 0.369800 0.101800 0.341000 0.088600 0.071200 0.043100 0.080000 0.078900 0.222400 0.089700 0.059000 0.056700 0.000000 0.140900 0.065400 0.166400 0.135000 0.071300 0.079200 0.064800 0.064900 0.184700 0.188300 0.103900 0.079600 0.086400 0.088100 0.064600 0.109700 0.236300 0.035700 0.201500 0.094800 0.071200 0.091500 0.088800 0.080300 0.085900 0.186300 0.195100 0.079500 0.207000 0.201900 0.085000 0.122200 0.087700 0.077700 0.042600 0.137400 0.110300 0.071700
Suni 0.141400 0.363200 0.159500 0.403200 0.111600 0.141400 0.128000 0.152900 0.150700 0.277300 0.165900 0.112800 0.159300 0.140900 0.000000 0.120600 0.187100 0.188700 0.141500 0.151300 0.135100 0.135500 0.234800 0.220800 0.182800 0.151900 0.176700 0.145200 0.118900 0.168700 0.292000 0.118500 0.254800 0.177700 0.158300 0.146400 0.164400 0.119400 0.142800 0.236800 0.247000 0.134800 0.260400 0.236700 0.156800 0.172200 0.128600 0.165100 0.143300 0.200900 0.169700 0.142400
Springbuck 0.073800 0.362100 0.113400 0.355500 0.099900 0.073800 0.067800 0.075100 0.104100 0.239400 0.101200 0.069100 0.089800 0.065400 0.120600 0.000000 0.181000 0.148200 0.073900 0.105700 0.059400 0.067400 0.200300 0.204400 0.116900 0.074000 0.105500 0.099400 0.044500 0.113900 0.253700 0.059900 0.217900 0.114500 0.073600 0.117900 0.092400 0.091100 0.066700 0.202100 0.211500 0.058900 0.223400 0.218500 0.111600 0.134500 0.052200 0.072600 0.081600 0.151000 0.114500 0.082000
Okapi 0.167000 0.313100 0.143200 0.349900 0.172000 0.167000 0.154400 0.196000 0.159300 0.182900 0.174000 0.140500 0.151200 0.166400 0.187100 0.181000 0.000000 0.035600 0.167200 0.160000 0.177900 0.144800 0.170300 0.165300 0.190200 0.194800 0.151000 0.137400 0.178900 0.176700 0.196900 0.129200 0.144600 0.194700 0.166800 0.139300 0.172500 0.179500 0.168300 0.180500 0.172300 0.194700 0.167600 0.196600 0.148800 0.213700 0.206700 0.181700 0.169200 0.131500 0.177600 0.151400
Giraffe 0.151600 0.325000 0.136400 0.341300 0.156200 0.151600 0.138800 0.180100 0.152700 0.183100 0.158000 0.133600 0.135900 0.135000 0.188700 0.148200 0.035600 0.000000 0.151800 0.153300 0.162200 0.129400 0.171700 0.165600 0.174100 0.178900 0.135800 0.130600 0.163100 0.170000 0.197100 0.130300 0.137300 0.178900 0.135300 0.148500 0.156700 0.163700 0.152800 0.163800 0.172600 0.178800 0.167800 0.196900 0.158300 0.207100 0.190600 0.166700 0.153600 0.107400 0.170900 0.128500
TibetanAnt 0.028000 0.360600 0.086900 0.354100 0.089000 0.028000 0.058200 0.072300 0.079500 0.206400 0.059100 0.059300 0.057000 0.071300 0.141500 0.073900 0.167200 0.151800 0.000000 0.079500 0.072600 0.021300 0.202900 0.207000 0.074000 0.087500 0.071800 0.072700 0.057900 0.079000 0.220300 0.050600 0.219700 0.095200 0.056700 0.106800 0.043700 0.080700 0.064700 0.222300 0.213800 0.072400 0.207900 0.220700 0.100500 0.092400 0.081300 0.085600 0.057400 0.154800 0.079900 0.071900
Sitatunga 0.079400 0.375300 0.050200 0.357000 0.113400 0.079400 0.080600 0.088700 0.028300 0.207800 0.098600 0.052000 0.079800 0.079200 0.151300 0.105700 0.160000 0.153300 0.079500 0.000000 0.103800 0.073200 0.178300 0.173600 0.097900 0.119200 0.110500 0.021600 0.088700 0.042700 0.221800 0.073600 0.239500 0.135500 0.094500 0.085100 0.097800 0.104600 0.095400 0.188900 0.197800 0.103500 0.192400 0.187500 0.063800 0.131200 0.113200 0.101300 0.050400 0.156300 0.043500 0.035600
Oribi 0.072500 0.399000 0.111400 0.348500 0.098600 0.071800 0.066600 0.073200 0.103400 0.253500 0.099200 0.067900 0.088200 0.064800 0.135100 0.059400 0.177900 0.162200 0.072600 0.103800 0.000000 0.065800 0.214600 0.219000 0.114800 0.073200 0.088100 0.096200 0.043600 0.112100 0.267600 0.058800 0.250200 0.112400 0.087700 0.115900 0.090700 0.089500 0.050600 0.234500 0.225900 0.058200 0.237500 0.232800 0.125100 0.132100 0.066800 0.086600 0.065800 0.165500 0.112500 0.095500
BarbaryShe 0.021200 0.357200 0.080600 0.349400 0.082600 0.021300 0.051500 0.066400 0.074200 0.200900 0.037100 0.052500 0.050200 0.064900 0.135500 0.067400 0.144800 0.129400 0.021300 0.073200 0.065800 0.000000 0.180100 0.183700 0.052000 0.081300 0.065400 0.066000 0.051300 0.073100 0.214900 0.043900 0.196700 0.089000 0.050400 0.100900 0.022000 0.074300 0.058200 0.199000 0.190700 0.066000 0.185400 0.197600 0.094400 0.086300 0.074800 0.079900 0.050900 0.148900 0.073600 0.065600
Daviddeer 0.202800 0.376700 0.213100 0.372600 0.200600 0.202800 0.190300 0.215700 0.194800 0.095100 0.193700 0.175600 0.186100 0.184700 0.234800 0.200300 0.170300 0.171700 0.202900 0.178300 0.214600 0.180100 0.000000 0.044400 0.210400 0.214400 0.221300 0.172600 0.180800 0.213300 0.109100 0.180100 0.242100 0.231000 0.202500 0.223900 0.192100 0.198800 0.222300 0.066900 0.021700 0.196800 0.080500 0.074300 0.217600 0.199100 0.226800 0.218100 0.170500 0.157100 0.214500 0.204200
Reindeer 0.206800 0.371500 0.191100 0.367600 0.204700 0.206800 0.194200 0.202100 0.173000 0.080700 0.197700 0.170600 0.189800 0.188300 0.220800 0.204400 0.165300 0.165600 0.207000 0.173600 0.219000 0.183700 0.044400 0.000000 0.214700 0.218700 0.225800 0.167900 0.184400 0.209200 0.094700 0.183800 0.236400 0.235700 0.206500 0.202400 0.196000 0.202800 0.226800 0.022000 0.036900 0.200700 0.066100 0.029400 0.195900 0.202900 0.231500 0.204800 0.191500 0.150800 0.210400 0.182200
Ibex 0.073400 0.409000 0.121700 0.388200 0.124900 0.074500 0.091700 0.115200 0.113500 0.213600 0.014900 0.093600 0.105600 0.103900 0.182800 0.116900 0.190200 0.174100 0.074000 0.097900 0.114800 0.052000 0.210400 0.214700 0.000000 0.114500 0.121600 0.107700 0.099200 0.130200 0.227900 0.083500 0.226500 0.147700 0.105000 0.142100 0.030000 0.115700 0.106000 0.230400 0.221700 0.098500 0.197800 0.228700 0.135700 0.125100 0.124700 0.127700 0.090500 0.195800 0.122800 0.105700
GyrantGaze 0.087400 0.376400 0.126200 0.413400 0.113700 0.087400 0.081700 0.088900 0.103100 0.217800 0.099400 0.083300 0.103300 0.079600 0.151900 0.074000 0.194800 0.178900 0.087500 0.119200 0.073200 0.081300 0.214400 0.218700 0.114500 0.000000 0.119000 0.113100 0.043500 0.127300 0.249600 0.073800 0.249700 0.128100 0.102800 0.131000 0.106300 0.089300 0.080400 0.234200 0.225700 0.043200 0.201900 0.232500 0.140500 0.147600 0.082000 0.100800 0.096100 0.182000 0.128000 0.111100
Hartebeest 0.071700 0.361400 0.118100 0.356900 0.105100 0.071700 0.073500 0.104000 0.110100 0.241800 0.105400 0.090600 0.028100 0.086400 0.176700 0.105500 0.151000 0.135800 0.071800 0.110500 0.088100 0.065400 0.221300 0.225800 0.121600 0.119000 0.000000 0.104600 0.088500 0.110600 0.255800 0.065700 0.212100 0.035600 0.071600 0.122400 0.089600 0.096500 0.079900 0.241200 0.232600 0.103400 0.226100 0.257900 0.116000 0.138600 0.113000 0.116400 0.087800 0.155200 0.111100 0.102600
Bongo 0.072200 0.359400 0.043500 0.375500 0.107100 0.073000 0.074300 0.081100 0.036100 0.202500 0.092100 0.045100 0.088800 0.088100 0.145200 0.099400 0.137400 0.130600 0.072700 0.021600 0.096200 0.066000 0.172600 0.167900 0.107700 0.113100 0.104600 0.000000 0.082200 0.036200 0.216700 0.067000 0.216000 0.129500 0.088300 0.078600 0.091400 0.098300 0.089100 0.183200 0.192300 0.097300 0.186900 0.181900 0.072300 0.125400 0.106900 0.095100 0.058700 0.133200 0.036400 0.028800
Gerenuk 0.057800 0.357600 0.080100 0.372200 0.082700 0.057800 0.051600 0.043900 0.088300 0.219200 0.083800 0.052600 0.073200 0.064600 0.118900 0.044500 0.178900 0.163100 0.057900 0.088700 0.043600 0.051300 0.180800 0.184400 0.099200 0.043500 0.088500 0.082200 0.000000 0.096600 0.233300 0.044000 0.233100 0.097100 0.072800 0.101100 0.075300 0.074400 0.050500 0.199800 0.191400 0.014400 0.203500 0.198300 0.110000 0.117000 0.051600 0.071900 0.066000 0.149100 0.097100 0.065300
CommonElan 0.079400 0.386500 0.050200 0.402000 0.129500 0.079400 0.097100 0.096600 0.057100 0.243200 0.114700 0.052000 0.095100 0.109700 0.168700 0.113900 0.176700 0.170000 0.079000 0.042700 0.112100 0.073100 0.213300 0.209200 0.130200 0.127300 0.110600 0.036200 0.096600 0.000000 0.257300 0.089000 0.257900 0.135500 0.094600 0.100000 0.097800 0.120500 0.103300 0.224600 0.234100 0.111600 0.227400 0.223000 0.093600 0.147000 0.105500 0.109100 0.080400 0.173400 0.014200 0.050200
MuntiacusR 0.237200 0.424700 0.239200 0.377500 0.254000 0.237200 0.243400 0.251100 0.220900 0.041000 0.211700 0.221700 0.220600 0.236300 0.292000 0.253700 0.196900 0.197100 0.220300 0.221800 0.267600 0.214900 0.109100 0.094700 0.227900 0.249600 0.255800 0.216700 0.233300 0.257300 0.000000 0.234100 0.266300 0.286000 0.236800 0.267100 0.227300 0.251700 0.239400 0.117100 0.101500 0.231900 0.041000 0.108400 0.243300 0.216100 0.280600 0.252700 0.222400 0.201300 0.258700 0.230300
HarveysDui 0.050500 0.356000 0.081100 0.340000 0.067400 0.050500 0.021900 0.059000 0.073300 0.219800 0.068200 0.037200 0.050700 0.035700 0.118500 0.059900 0.129200 0.130300 0.050600 0.073600 0.058800 0.043900 0.180100 0.183800 0.083500 0.073800 0.065700 0.067000 0.044000 0.089000 0.234100 0.000000 0.198000 0.073500 0.065400 0.071300 0.067700 0.059300 0.066000 0.199100 0.190700 0.058600 0.204000 0.198800 0.079700 0.102000 0.067300 0.057300 0.051200 0.115500 0.089500 0.065900
Pronghorn 0.202200 0.376900 0.221000 0.338500 0.236100 0.202200 0.207300 0.251200 0.238500 0.243500 0.209900 0.221300 0.202800 0.201500 0.254800 0.217900 0.144600 0.137300 0.219700 0.239500 0.250200 0.196700 0.242100 0.236400 0.226500 0.249700 0.212100 0.216000 0.233100 0.257900 0.266300 0.198000 0.000000 0.241500 0.219100 0.231900 0.208100 0.233900 0.239300 0.251900 0.243200 0.249500 0.236300 0.268900 0.225900 0.268200 0.226100 0.252800 0.222400 0.156800 0.249000 0.230000
BlueWildeb 0.095100 0.373500 0.143200 0.391700 0.114100 0.095100 0.081800 0.112900 0.135000 0.272400 0.131800 0.098900 0.050100 0.094800 0.177700 0.114500 0.194700 0.178900 0.095200 0.135500 0.112400 0.089000 0.231000 0.235700 0.147700 0.128100 0.035600 0.129500 0.097100 0.135500 0.286000 0.073500 0.241500 0.000000 0.095100 0.131200 0.114400 0.105300 0.119700 0.251200 0.242500 0.112200 0.255600 0.269800 0.140700 0.164000 0.122100 0.125200 0.112000 0.164200 0.136200 0.127200
Gemsbok 0.056800 0.380700 0.101900 0.386600 0.104400 0.056600 0.073100 0.088000 0.094500 0.222900 0.089200 0.074500 0.056800 0.071200 0.158300 0.073600 0.166800 0.135300 0.056700 0.094500 0.087700 0.050400 0.202500 0.206500 0.105000 0.102800 0.071600 0.088300 0.072800 0.094600 0.236800 0.065400 0.219100 0.095100 0.000000 0.106800 0.073700 0.095900 0.079500 0.204300 0.213400 0.086400 0.207500 0.238100 0.100400 0.107100 0.096600 0.085600 0.072200 0.154400 0.095000 0.071800
Yak 0.106700 0.372600 0.092600 0.376100 0.109900 0.106000 0.078900 0.101100 0.084200 0.253400 0.126900 0.065200 0.107200 0.091500 0.146400 0.117900 0.139300 0.148500 0.106800 0.085100 0.115900 0.100900 0.223900 0.202400 0.142100 0.131000 0.122400 0.078600 0.101100 0.100000 0.267100 0.071300 0.231900 0.131200 0.106800 0.000000 0.125800 0.101400 0.122900 0.217300 0.226500 0.115600 0.237800 0.215800 0.034000 0.158200 0.125200 0.113200 0.108000 0.151000 0.100500 0.077100
BlueSheep 0.043600 0.385800 0.105400 0.365400 0.108200 0.043600 0.075700 0.091100 0.097400 0.213100 0.015000 0.077200 0.074100 0.088800 0.164400 0.092400 0.172500 0.156700 0.043700 0.097800 0.090700 0.022000 0.192100 0.196000 0.030000 0.106300 0.089600 0.091400 0.075300 0.097800 0.227300 0.067700 0.208100 0.114400 0.073700 0.125800 0.000000 0.099300 0.082200 0.211600 0.203100 0.090500 0.197300 0.210100 0.119400 0.110900 0.100000 0.103900 0.074600 0.177600 0.090100 0.089700
BohorReedb 0.080600 0.337300 0.112200 0.352000 0.022300 0.080600 0.067100 0.089900 0.088200 0.219700 0.100500 0.068400 0.096500 0.080300 0.119400 0.091100 0.179500 0.163700 0.080700 0.104600 0.089500 0.074300 0.198800 0.202800 0.115700 0.089300 0.096500 0.098300 0.074400 0.120500 0.251700 0.059300 0.233900 0.105300 0.095900 0.101400 0.099300 0.000000 0.096800 0.218300 0.209800 0.089300 0.204000 0.216700 0.126100 0.133100 0.098700 0.102600 0.081600 0.166700 0.121200 0.096600
KirksDik 0.064600 0.398900 0.101900 0.368500 0.105400 0.064600 0.058600 0.080200 0.095000 0.225300 0.090700 0.075200 0.080000 0.085900 0.142800 0.066700 0.168300 0.152800 0.064700 0.095400 0.050600 0.058200 0.222300 0.226800 0.106000 0.080400 0.079900 0.089100 0.050500 0.103300 0.239400 0.066000 0.239300 0.119700 0.079500 0.122900 0.082200 0.096800 0.000000 0.242300 0.233600 0.065100 0.209700 0.222600 0.116500 0.123500 0.074000 0.092900 0.072000 0.173000 0.103900 0.087200
RoeDeer 0.222100 0.401100 0.206400 0.384500 0.220300 0.222100 0.209700 0.217500 0.188100 0.103100 0.213500 0.186200 0.205000 0.186300 0.236800 0.202100 0.180500 0.163800 0.222300 0.188900 0.234500 0.199000 0.066900 0.022000 0.230400 0.234200 0.241200 0.183200 0.199800 0.224600 0.117100 0.199100 0.251900 0.251200 0.204300 0.217300 0.211600 0.218300 0.242300 0.000000 0.059300 0.216000 0.088400 0.051600 0.211000 0.217900 0.247200 0.202600 0.206800 0.166100 0.225900 0.180300
WhiteLippe 0.213700 0.378800 0.215600 0.352400 0.211800 0.213700 0.201200 0.227000 0.197000 0.087600 0.204800 0.177700 0.196700 0.195100 0.247000 0.211500 0.172300 0.172600 0.213800 0.197800 0.225900 0.190700 0.021700 0.036900 0.221700 0.225700 0.232600 0.192300 0.191400 0.234100 0.101500 0.190700 0.243200 0.242500 0.213400 0.226500 0.203100 0.209800 0.233600 0.059300 0.000000 0.207600 0.073000 0.066600 0.220100 0.209700 0.238500 0.219900 0.198400 0.157800 0.235400 0.206600
ThomsonGaz 0.072300 0.376300 0.095100 0.390900 0.097800 0.072300 0.066000 0.058000 0.103100 0.217800 0.083200 0.067700 0.087900 0.079500 0.134800 0.058900 0.194700 0.178800 0.072400 0.103500 0.058200 0.066000 0.196800 0.200700 0.098500 0.043200 0.103400 0.097300 0.014400 0.111600 0.231900 0.058600 0.249500 0.112200 0.086400 0.115600 0.090500 0.089300 0.065100 0.216000 0.207600 0.000000 0.202200 0.214500 0.124800 0.131800 0.066600 0.086000 0.081100 0.164900 0.112100 0.079900
MuntiacusC 0.207800 0.369300 0.209500 0.387100 0.223700 0.207800 0.213200 0.238700 0.174800 0.013800 0.181600 0.191300 0.191300 0.207000 0.260400 0.223400 0.167600 0.167800 0.207900 0.192400 0.237500 0.185400 0.080500 0.066100 0.197800 0.201900 0.226100 0.186900 0.203500 0.227400 0.041000 0.204000 0.236300 0.255600 0.207500 0.237800 0.197300 0.204000 0.209700 0.088400 0.073000 0.202200 0.000000 0.080000 0.214100 0.204100 0.250000 0.223300 0.192900 0.171400 0.228700 0.200900
WhiteTaile 0.220500 0.411200 0.204900 0.394100 0.218700 0.220500 0.208200 0.216000 0.186700 0.094500 0.211900 0.186000 0.221300 0.201900 0.236700 0.218500 0.196600 0.196900 0.220700 0.187500 0.232800 0.197600 0.074300 0.029400 0.228700 0.232500 0.257900 0.181900 0.198300 0.223000 0.108400 0.198800 0.268900 0.269800 0.238100 0.215800 0.210100 0.216700 0.222600 0.051600 0.066600 0.214500 0.080000 0.000000 0.209500 0.216400 0.245400 0.218300 0.205300 0.183400 0.224300 0.196100
Cattle 0.100300 0.357400 0.085800 0.349700 0.135000 0.100300 0.087500 0.110100 0.063600 0.229500 0.120400 0.073700 0.085600 0.085000 0.156800 0.111600 0.148800 0.158300 0.100500 0.063800 0.125100 0.094400 0.217600 0.195900 0.135700 0.140500 0.116000 0.072300 0.110000 0.093600 0.243300 0.079700 0.225900 0.140700 0.100400 0.034000 0.119400 0.126100 0.116500 0.211000 0.220100 0.124800 0.214100 0.209500 0.000000 0.152100 0.119200 0.122200 0.085800 0.161400 0.094500 0.071100
RoyalAntel 0.092300 0.416700 0.138700 0.432100 0.141100 0.092000 0.110000 0.132700 0.130800 0.219400 0.111700 0.112000 0.123100 0.122200 0.172200 0.134500 0.213700 0.207100 0.092400 0.131200 0.132100 0.086300 0.199100 0.202900 0.125100 0.147600 0.138600 0.125400 0.117000 0.147000 0.216100 0.102000 0.268200 0.164000 0.107100 0.158200 0.110900 0.133100 0.123500 0.217900 0.209700 0.131800 0.204100 0.216400 0.152100 0.000000 0.141900 0.129600 0.108500 0.194000 0.147700 0.123200
Steenbok 0.081100 0.394300 0.105000 0.365000 0.107500 0.081200 0.074700 0.081300 0.112800 0.257300 0.108900 0.076800 0.097100 0.087700 0.128600 0.052200 0.206700 0.190600 0.081300 0.113200 0.066800 0.074800 0.226800 0.231500 0.124700 0.082000 0.113000 0.106900 0.051600 0.105500 0.280600 0.067300 0.226100 0.122100 0.096600 0.125200 0.100000 0.098700 0.074000 0.247200 0.238500 0.066600 0.250000 0.245400 0.119200 0.141900 0.000000 0.094300 0.090000 0.159000 0.122100 0.105000
Impala 0.085500 0.409300 0.093400 0.390200 0.095500 0.085500 0.079900 0.071900 0.100900 0.238900 0.112500 0.081400 0.101100 0.077700 0.165100 0.072600 0.181700 0.166700 0.085600 0.101300 0.086600 0.079900 0.218100 0.204800 0.127700 0.100800 0.116400 0.095100 0.071900 0.109100 0.252700 0.057300 0.252800 0.125200 0.085600 0.113200 0.103900 0.102600 0.092900 0.202600 0.219900 0.086000 0.223300 0.218300 0.122200 0.129600 0.094300 0.000000 0.094000 0.169600 0.111000 0.078600
Klipspring 0.057300 0.377000 0.087900 0.358200 0.090000 0.057300 0.058200 0.080200 0.065100 0.208400 0.075300 0.060000 0.057600 0.042600 0.143300 0.081600 0.169200 0.153600 0.057400 0.050400 0.065800 0.050900 0.170500 0.191500 0.090500 0.096100 0.087800 0.058700 0.066000 0.080400 0.222400 0.051200 0.222400 0.112000 0.072200 0.108000 0.074600 0.081600 0.072000 0.206800 0.198400 0.081100 0.192900 0.205300 0.085800 0.108500 0.090000 0.094000 0.000000 0.156700 0.080800 0.072600
ForestMusk 0.154500 0.351000 0.156100 0.335100 0.168200 0.154500 0.124700 0.166100 0.155700 0.178600 0.179100 0.118500 0.138500 0.137400 0.200900 0.151000 0.131500 0.107400 0.154800 0.156300 0.165500 0.148900 0.157100 0.150800 0.195800 0.182000 0.155200 0.133200 0.149100 0.173400 0.201300 0.115500 0.156800 0.164200 0.154400 0.151000 0.177600 0.166700 0.173000 0.166100 0.157800 0.164900 0.171400 0.183400 0.161400 0.194000 0.159000 0.169600 0.156700 0.000000 0.174400 0.147500
Bushbuck 0.079800 0.377200 0.065200 0.391100 0.130200 0.079800 0.097600 0.097100 0.057800 0.244600 0.106800 0.052300 0.095600 0.110300 0.169700 0.114500 0.177600 0.170900 0.079900 0.043500 0.112500 0.073600 0.214500 0.210400 0.122800 0.128000 0.111100 0.036400 0.097100 0.014200 0.258700 0.089500 0.249000 0.136200 0.095000 0.100500 0.090100 0.121200 0.103900 0.225900 0.235400 0.112100 0.228700 0.224300 0.094500 0.147700 0.122100 0.111000 0.080800 0.174400 0.000000 0.050500
GreaterKud 0.071800 0.352600 0.028300 0.367200 0.105200 0.071800 0.073700 0.065700 0.035500 0.216400 0.090500 0.044300 0.086700 0.071700 0.142400 0.082000 0.151400 0.128500 0.071900 0.035600 0.095500 0.065600 0.204200 0.182200 0.105700 0.111100 0.102600 0.028800 0.065300 0.050200 0.230300 0.065900 0.230000 0.127200 0.071800 0.077100 0.089700 0.096600 0.087200 0.180300 0.206600 0.079900 0.200900 0.196100 0.071100 0.123200 0.105000 0.078600 0.072600 0.147500 0.050500 0.000000
