1
52 1
Argali 0.000000 0.264800 0.167900 0.329100 0.086000 0.000000 0.148800 0.158000 0.182800 0.314400 0.072600 0.153900 0.130200 0.146500 0.156100 0.148400 0.260800 0.336900 0.100800 0.168700 0.182200 0.072300 0.238700 0.258600 0.089100 0.211400 0.146500 0.183400 0.180000 0.188700 0.264600 0.165400 0.238700 0.115900 0.161100 0.148100 0.103100 0.102100 0.163900 0.308200 0.238700 0.180400 0.280800 0.268900 0.133300 0.085700 0.214200 0.103500 0.151100 0.166000 0.168700 0.150300
LesserMous 0.264800 0.000000 0.286900 0.316900 0.241500 0.264800 0.327900 0.321200 0.305100 0.347100 0.249100 0.227900 0.319800 0.322200 0.392300 0.303400 0.270000 0.308700 0.280000 0.288800 0.303500 0.247100 0.284400 0.283500 0.230300 0.388800 0.343100 0.306400 0.299100 0.317600 0.291100 0.325900 0.203300 0.344900 0.363300 0.347100 0.267700 0.285400 0.371400 0.319100 0.284400 0.347200 0.287900 0.318600 0.283200 0.301300 0.392400 0.246400 0.353900 0.283000 0.288800 0.307200
LesserKudu 0.167900 0.286900 0.000000 0.352400 0.164500 0.167900 0.198800 0.175100 0.041600 0.199100 0.120300 0.072600 0.178400 0.161900 0.204000 0.164400 0.243500 0.341500 0.147400 0.027700 0.199100 0.119600 0.149600 0.203100 0.138800 0.230300 0.195800 0.041700 0.196400 0.042700 0.189100 0.183300 0.256200 0.196600 0.144600 0.100200 0.152800 0.117400 0.214900 0.212500 0.149600 0.198100 0.204500 0.145800 0.085800 0.197400 0.197800 0.119600 0.186300 0.254400 0.027600 0.041800
KillerWhal 0.329100 0.316900 0.352400 0.000000 0.348300 0.329100 0.352700 0.424400 0.326100 0.365500 0.314300 0.337200 0.364000 0.346900 0.346500 0.397500 0.429900 0.399700 0.343800 0.310400 0.371300 0.311700 0.286000 0.264300 0.315700 0.459400 0.387700 0.284200 0.442300 0.338800 0.312100 0.351500 0.226300 0.364700 0.382500 0.322800 0.333500 0.350400 0.443200 0.382100 0.286000 0.468300 0.309000 0.337700 0.348000 0.321400 0.463300 0.310600 0.377100 0.445000 0.310400 0.285900
DefassaWat 0.086000 0.241500 0.164500 0.348300 0.000000 0.086000 0.084400 0.121500 0.179300 0.308800 0.071900 0.150700 0.127800 0.083200 0.184300 0.145600 0.257600 0.333300 0.099000 0.165300 0.146000 0.071700 0.234400 0.255600 0.088300 0.175300 0.143700 0.179800 0.144500 0.185100 0.259800 0.099900 0.234200 0.113500 0.127000 0.177300 0.102300 0.041500 0.160800 0.303100 0.234400 0.145500 0.237400 0.264100 0.162500 0.084600 0.177600 0.086900 0.117100 0.195800 0.165300 0.180100
Sheep 0.000000 0.264800 0.167900 0.329100 0.086000 0.000000 0.148800 0.158000 0.182800 0.314400 0.072600 0.153900 0.130200 0.146500 0.156100 0.148400 0.260800 0.336900 0.100800 0.168700 0.182200 0.072400 0.238700 0.258600 0.088000 0.211400 0.146500 0.183400 0.180000 0.188700 0.264600 0.165400 0.238700 0.115900 0.161100 0.148100 0.103100 0.102100 0.163900 0.308200 0.238700 0.180400 0.280800 0.268900 0.133300 0.085700 0.214200 0.103500 0.151100 0.166000 0.168700 0.150300
MaxwellsDu 0.148800 0.327900 0.198800 0.352700 0.084400 0.148800 0.000000 0.155100 0.213900 0.350100 0.102700 0.184900 0.096000 0.026600 0.184200 0.145400 0.296000 0.331200 0.098900 0.199800 0.179000 0.102200 0.233300 0.294600 0.120200 0.175600 0.083100 0.214600 0.144300 0.221000 0.299500 0.041100 0.292600 0.113900 0.127000 0.177400 0.134200 0.100400 0.160700 0.343300 0.233300 0.145800 0.275400 0.302400 0.195900 0.130200 0.177500 0.118200 0.149400 0.268000 0.199800 0.215000
GazellaPrz 0.158000 0.321200 0.175100 0.424400 0.121500 0.158000 0.155100 0.000000 0.190800 0.310600 0.108900 0.197400 0.169000 0.119500 0.230400 0.103600 0.364600 0.433400 0.137300 0.176000 0.103900 0.108400 0.249800 0.273300 0.110200 0.133500 0.186900 0.191400 0.102700 0.197300 0.258400 0.138900 0.334900 0.153300 0.134400 0.225600 0.142500 0.106300 0.118900 0.323500 0.249800 0.103500 0.275400 0.281700 0.247600 0.154100 0.119300 0.142100 0.142700 0.287300 0.176000 0.191900
MountainNy 0.182800 0.305100 0.041600 0.326100 0.179300 0.182800 0.213900 0.190800 0.000000 0.215200 0.135100 0.087000 0.193100 0.176500 0.185500 0.177600 0.298600 0.378300 0.161900 0.013700 0.179600 0.134300 0.164300 0.183300 0.153900 0.210000 0.210600 0.027000 0.211400 0.027100 0.204700 0.233800 0.234600 0.211500 0.127500 0.084100 0.167800 0.164200 0.230000 0.227600 0.164300 0.213300 0.220100 0.159500 0.099800 0.212300 0.178500 0.134300 0.201700 0.270000 0.013600 0.027300
MuntiacusM 0.314400 0.347100 0.199100 0.365500 0.308800 0.314400 0.350100 0.310600 0.215200 0.000000 0.222600 0.168100 0.282900 0.325400 0.347400 0.331100 0.320000 0.273000 0.248200 0.200900 0.290700 0.258600 0.100400 0.101900 0.225100 0.326200 0.302800 0.180700 0.370300 0.222200 0.042300 0.331500 0.252000 0.304100 0.302400 0.267100 0.239500 0.291600 0.349300 0.144700 0.100400 0.331700 0.056200 0.069100 0.214600 0.346700 0.372600 0.258700 0.237500 0.373400 0.200900 0.216400
goat 0.072600 0.249100 0.120300 0.314300 0.071900 0.072600 0.102700 0.108900 0.135100 0.222600 0.000000 0.106100 0.085600 0.101100 0.142400 0.102400 0.246200 0.322800 0.056900 0.120900 0.102700 0.028500 0.188000 0.206800 0.014400 0.163500 0.101100 0.135500 0.133000 0.139400 0.175200 0.118500 0.188000 0.101600 0.115500 0.133800 0.058200 0.057600 0.149700 0.255400 0.188000 0.133200 0.190700 0.182800 0.151600 0.102100 0.165800 0.058300 0.104200 0.185500 0.120900 0.135800
AfricanBuf 0.153900 0.227900 0.072600 0.337200 0.150700 0.153900 0.184900 0.197400 0.087000 0.168100 0.106100 0.000000 0.164800 0.182000 0.190800 0.185000 0.228800 0.303100 0.133700 0.073000 0.184900 0.105500 0.136000 0.154100 0.124400 0.217000 0.182100 0.087200 0.218300 0.089600 0.156600 0.204300 0.242000 0.182800 0.163800 0.117600 0.138600 0.135600 0.237200 0.199200 0.136000 0.220400 0.171900 0.132000 0.102800 0.183600 0.219900 0.105500 0.189100 0.240300 0.073000 0.087500
Topi 0.130200 0.319800 0.178400 0.364000 0.127800 0.130200 0.096000 0.169000 0.193100 0.282900 0.085600 0.164800 0.000000 0.096000 0.165600 0.127400 0.271000 0.265800 0.082000 0.179200 0.192400 0.085200 0.248100 0.252300 0.102200 0.188800 0.013000 0.193700 0.157300 0.199200 0.273800 0.113000 0.231300 0.066300 0.139900 0.158400 0.115900 0.113600 0.141900 0.277500 0.248100 0.158900 0.289800 0.260200 0.176200 0.143200 0.190700 0.115700 0.162800 0.245200 0.179200 0.194100
CommonDuik 0.146500 0.322200 0.161900 0.346900 0.083200 0.146500 0.026600 0.119500 0.176500 0.325400 0.101100 0.182000 0.096000 0.000000 0.181500 0.112300 0.291300 0.326000 0.097500 0.162700 0.143700 0.100700 0.194500 0.289900 0.118300 0.141000 0.111000 0.177000 0.111400 0.182000 0.276000 0.040500 0.288000 0.111800 0.095500 0.174700 0.132100 0.098900 0.126800 0.297800 0.194500 0.112500 0.253100 0.259700 0.192900 0.128200 0.142600 0.116400 0.131500 0.263800 0.162700 0.177300
Suni 0.156100 0.392300 0.204000 0.346500 0.184300 0.156100 0.184200 0.230400 0.185500 0.347400 0.142400 0.190800 0.165600 0.181500 0.000000 0.183800 0.335500 0.370700 0.167800 0.172200 0.217500 0.141700 0.273200 0.257700 0.160300 0.213900 0.181500 0.186500 0.214400 0.190900 0.299300 0.201600 0.293000 0.182800 0.196000 0.152900 0.173500 0.170000 0.232600 0.340200 0.273200 0.251400 0.314900 0.302100 0.202000 0.168500 0.249900 0.158500 0.221900 0.270500 0.172200 0.154900
Springbuck 0.148400 0.303400 0.164400 0.397500 0.145600 0.148400 0.145400 0.103600 0.177600 0.331100 0.102400 0.185000 0.127400 0.112300 0.183800 0.000000 0.338600 0.333100 0.128900 0.165100 0.113800 0.101900 0.233700 0.294700 0.119900 0.142600 0.143200 0.179600 0.054200 0.184700 0.280600 0.162600 0.293200 0.176500 0.126700 0.211800 0.133700 0.131000 0.097900 0.301900 0.233700 0.113600 0.296900 0.263500 0.232000 0.161600 0.144100 0.133500 0.164800 0.268800 0.165100 0.180100
Okapi 0.260800 0.270000 0.243500 0.429900 0.257600 0.260800 0.296000 0.364600 0.298600 0.320000 0.246200 0.228800 0.271000 0.291300 0.335500 0.338600 0.000000 0.136900 0.237600 0.283700 0.384500 0.244400 0.242300 0.262900 0.270100 0.330100 0.290900 0.299700 0.378500 0.309400 0.269000 0.277300 0.281600 0.292300 0.269600 0.255500 0.263900 0.241300 0.314700 0.235700 0.242300 0.335700 0.285500 0.273200 0.240100 0.294200 0.333800 0.244500 0.345100 0.277900 0.283700 0.300500
Giraffe 0.336900 0.308700 0.341500 0.399700 0.333300 0.336900 0.331200 0.433400 0.378300 0.273000 0.322800 0.303100 0.265800 0.326000 0.370700 0.333100 0.136900 0.000000 0.310600 0.362800 0.425300 0.319900 0.275100 0.277700 0.350400 0.369800 0.285200 0.334600 0.418000 0.392900 0.303400 0.334900 0.257900 0.327200 0.344700 0.373200 0.299100 0.339300 0.309700 0.230000 0.275100 0.376100 0.320200 0.287800 0.273800 0.352900 0.416100 0.363100 0.339400 0.314700 0.362800 0.380800
TibetanAnt 0.100800 0.280000 0.147400 0.343800 0.099000 0.100800 0.098900 0.137300 0.161900 0.248200 0.056900 0.133700 0.082000 0.097500 0.167800 0.128900 0.237600 0.310600 0.000000 0.148100 0.161400 0.027800 0.179900 0.198700 0.072700 0.158000 0.097400 0.162400 0.159600 0.167000 0.202000 0.114700 0.250900 0.097900 0.111300 0.128500 0.086600 0.084900 0.143800 0.244000 0.179900 0.128900 0.217200 0.208400 0.145400 0.129000 0.160100 0.086400 0.132400 0.211900 0.148100 0.163000
Sitatunga 0.168700 0.288800 0.027700 0.310400 0.165300 0.168700 0.199800 0.176000 0.013700 0.200900 0.120900 0.073000 0.179200 0.162700 0.172200 0.165100 0.283700 0.362800 0.148100 0.000000 0.165600 0.120100 0.148500 0.169000 0.139400 0.196100 0.196700 0.013700 0.197300 0.014100 0.190100 0.219400 0.220200 0.197500 0.114000 0.070600 0.153500 0.150200 0.215900 0.213600 0.150500 0.199100 0.205500 0.145800 0.086100 0.198300 0.164600 0.120100 0.187200 0.255600 0.000000 0.013800
Oribi 0.182200 0.303500 0.199100 0.371300 0.146000 0.182200 0.179000 0.103900 0.179600 0.290700 0.102700 0.184900 0.192400 0.143700 0.217500 0.113800 0.384500 0.425300 0.161400 0.165600 0.000000 0.133900 0.233900 0.255800 0.120200 0.112000 0.209900 0.146800 0.112900 0.185400 0.241800 0.197400 0.234700 0.177000 0.127900 0.212500 0.167300 0.131400 0.128600 0.302200 0.233900 0.113700 0.257700 0.227500 0.270100 0.177800 0.113500 0.166900 0.132300 0.309000 0.165600 0.180700
BarbaryShe 0.072300 0.247100 0.119600 0.311700 0.071700 0.072400 0.102200 0.108400 0.134300 0.258600 0.028500 0.105500 0.085200 0.100700 0.141700 0.101900 0.244400 0.319900 0.027800 0.120100 0.133900 0.000000 0.187000 0.205500 0.043800 0.162600 0.100600 0.134700 0.132400 0.138500 0.210300 0.117900 0.222700 0.101100 0.114900 0.132900 0.057900 0.057300 0.148800 0.253900 0.187000 0.132600 0.226200 0.216600 0.150500 0.101700 0.164800 0.058100 0.103800 0.184100 0.120100 0.135000
Daviddeer 0.238700 0.284400 0.149600 0.286000 0.234400 0.238700 0.233300 0.249800 0.164300 0.100400 0.188000 0.136000 0.248100 0.194500 0.273200 0.233700 0.242300 0.275100 0.179900 0.148500 0.233900 0.187000 0.000000 0.087000 0.209100 0.266600 0.267200 0.131900 0.268500 0.169500 0.057700 0.253600 0.217100 0.268400 0.210700 0.232300 0.204400 0.218400 0.288700 0.099000 0.000000 0.271200 0.071900 0.069200 0.216100 0.269600 0.270000 0.187000 0.222000 0.331800 0.150200 0.165100
Reindeer 0.258600 0.283500 0.203100 0.264300 0.255600 0.258600 0.294600 0.273300 0.183300 0.101900 0.206800 0.154100 0.252300 0.289900 0.257700 0.294700 0.262900 0.277700 0.198700 0.169000 0.255800 0.205500 0.087000 0.000000 0.209100 0.287900 0.272000 0.149700 0.332800 0.189300 0.073500 0.274700 0.202100 0.272300 0.231000 0.216800 0.223500 0.239100 0.335600 0.114800 0.087000 0.334200 0.088000 0.069000 0.236800 0.292100 0.291400 0.205500 0.259800 0.358000 0.169000 0.184300
Ibex 0.089100 0.230300 0.138800 0.315700 0.088300 0.088000 0.120200 0.110200 0.153900 0.225100 0.014400 0.124400 0.102200 0.118300 0.160300 0.119900 0.270100 0.350400 0.072700 0.139400 0.120200 0.043800 0.209100 0.209100 0.000000 0.183000 0.118200 0.154400 0.151500 0.158900 0.177100 0.119800 0.209100 0.118800 0.133000 0.152300 0.073100 0.073600 0.168900 0.279000 0.209100 0.151700 0.192900 0.203200 0.171100 0.119500 0.185500 0.074600 0.122100 0.206300 0.139400 0.154800
GyrantGaze 0.211400 0.388800 0.230300 0.459400 0.175300 0.211400 0.175600 0.133500 0.210000 0.326200 0.163500 0.217000 0.188800 0.141000 0.213900 0.142600 0.330100 0.369800 0.158000 0.196100 0.112000 0.162600 0.266600 0.287900 0.183000 0.000000 0.206000 0.210700 0.141300 0.216800 0.316300 0.192500 0.348500 0.173300 0.124400 0.208000 0.163000 0.160500 0.125900 0.336700 0.266600 0.026100 0.333100 0.297000 0.228000 0.207600 0.110400 0.196300 0.161100 0.303500 0.196100 0.211200
Hartebeest 0.146500 0.343100 0.195800 0.387700 0.143700 0.146500 0.083100 0.186900 0.210600 0.302800 0.101100 0.182100 0.013000 0.111000 0.181500 0.143200 0.290900 0.285200 0.097400 0.196700 0.209900 0.100600 0.267200 0.272000 0.118200 0.206000 0.000000 0.211300 0.173700 0.217400 0.294100 0.128600 0.250100 0.080500 0.155700 0.174900 0.132000 0.129300 0.158000 0.297000 0.267200 0.175600 0.310300 0.279400 0.193200 0.159500 0.208000 0.131700 0.179900 0.264100 0.196700 0.211800
Bongo 0.183400 0.306400 0.041700 0.284200 0.179800 0.183400 0.214600 0.191400 0.027000 0.180700 0.135500 0.087200 0.193700 0.177000 0.186500 0.179600 0.299700 0.334600 0.162400 0.013700 0.146800 0.134700 0.131900 0.149700 0.154400 0.210700 0.211300 0.000000 0.212000 0.028000 0.169600 0.234500 0.199000 0.212200 0.127900 0.084300 0.168300 0.164700 0.230800 0.193300 0.131900 0.214000 0.184700 0.128100 0.100100 0.213000 0.179100 0.134700 0.167100 0.271000 0.013600 0.027000
Gerenuk 0.180000 0.299100 0.196400 0.442300 0.144500 0.180000 0.144300 0.102700 0.211400 0.370300 0.133000 0.218300 0.157300 0.111400 0.214400 0.054200 0.378500 0.418000 0.159600 0.197300 0.112900 0.132400 0.268500 0.332800 0.151500 0.141300 0.173700 0.212000 0.000000 0.218200 0.318500 0.161200 0.330800 0.175000 0.156400 0.244800 0.165300 0.130200 0.127100 0.339100 0.268500 0.112700 0.335300 0.298800 0.266000 0.160300 0.142900 0.165000 0.163500 0.264900 0.197300 0.212500
CommonElan 0.188700 0.317600 0.042700 0.338800 0.185100 0.188700 0.221000 0.197300 0.027100 0.222200 0.139400 0.089600 0.199200 0.182000 0.190900 0.184700 0.309400 0.392900 0.167000 0.014100 0.185400 0.138500 0.169500 0.189300 0.158900 0.216800 0.217400 0.028000 0.218200 0.000000 0.211600 0.241700 0.242600 0.218400 0.131300 0.086500 0.173200 0.169500 0.237600 0.235100 0.169500 0.220300 0.227600 0.164400 0.102600 0.219500 0.184100 0.138600 0.208500 0.279200 0.013800 0.027400
MuntiacusR 0.264600 0.291100 0.189100 0.312100 0.259800 0.264600 0.299500 0.258400 0.204700 0.042300 0.175200 0.156600 0.273800 0.276000 0.299300 0.280600 0.269000 0.303400 0.202000 0.190100 0.241800 0.210300 0.057700 0.073500 0.177100 0.316300 0.294100 0.169600 0.318500 0.211600 0.000000 0.281100 0.204700 0.295500 0.254200 0.257400 0.228700 0.243000 0.341200 0.133400 0.057200 0.322000 0.014200 0.071200 0.240400 0.296800 0.320300 0.210300 0.226900 0.363500 0.190100 0.205800
HarveysDui 0.165400 0.325900 0.183300 0.351500 0.099900 0.165400 0.041100 0.138900 0.233800 0.331500 0.118500 0.204300 0.113000 0.040500 0.201600 0.162600 0.277300 0.334900 0.114700 0.219400 0.197400 0.117900 0.253600 0.274700 0.119800 0.192500 0.128600 0.234500 0.161200 0.241700 0.281100 0.000000 0.315700 0.129500 0.143300 0.195800 0.150600 0.085800 0.178400 0.367300 0.253600 0.162100 0.257600 0.325000 0.215400 0.146800 0.194500 0.134200 0.166000 0.290200 0.219400 0.235100
Pronghorn 0.238700 0.203300 0.256200 0.226300 0.234200 0.238700 0.292600 0.334900 0.234600 0.252000 0.188000 0.242000 0.231300 0.288000 0.293000 0.293200 0.281600 0.257900 0.250900 0.220200 0.234700 0.222700 0.217100 0.202100 0.209100 0.348500 0.250100 0.199000 0.330800 0.242600 0.204700 0.315700 0.000000 0.307300 0.283900 0.269900 0.241000 0.255000 0.374100 0.284200 0.217100 0.354400 0.220100 0.211200 0.253400 0.232000 0.351800 0.260300 0.278000 0.333600 0.220200 0.236000
BlueWildeb 0.115900 0.344900 0.196600 0.364700 0.113500 0.115900 0.113900 0.153300 0.211500 0.304100 0.101600 0.182800 0.066300 0.111800 0.182800 0.176500 0.292300 0.327200 0.097900 0.197500 0.177000 0.101100 0.268400 0.272300 0.118800 0.173300 0.080500 0.212200 0.175000 0.218400 0.295500 0.129500 0.307300 0.000000 0.125700 0.143600 0.132700 0.099300 0.097400 0.298400 0.268400 0.143800 0.311800 0.280600 0.161000 0.113100 0.175600 0.132400 0.147700 0.228900 0.197500 0.178600
Gemsbok 0.161100 0.363300 0.144600 0.382500 0.127000 0.161100 0.127000 0.134400 0.127500 0.302400 0.115500 0.163800 0.139900 0.095500 0.196000 0.126700 0.269600 0.344700 0.111300 0.114000 0.127900 0.114900 0.210700 0.231000 0.133000 0.124400 0.155700 0.127900 0.156400 0.131300 0.254200 0.143300 0.283900 0.125700 0.000000 0.126500 0.146700 0.112900 0.110800 0.275800 0.210700 0.126200 0.269800 0.239400 0.175100 0.157400 0.096400 0.115000 0.146000 0.280300 0.114000 0.128200
Yak 0.148100 0.347100 0.100200 0.322800 0.177300 0.148100 0.177400 0.225600 0.084100 0.267100 0.133800 0.117600 0.158400 0.174700 0.152900 0.211800 0.255500 0.373200 0.128500 0.070600 0.212500 0.132900 0.232300 0.216800 0.152300 0.208000 0.174900 0.084300 0.244800 0.086500 0.257400 0.195800 0.269900 0.143600 0.126500 0.000000 0.166000 0.162500 0.193400 0.299600 0.232300 0.211100 0.273200 0.225500 0.069700 0.176600 0.177000 0.133000 0.216400 0.230900 0.070600 0.055500
BlueSheep 0.103100 0.267700 0.152800 0.333500 0.102300 0.103100 0.134200 0.142500 0.167800 0.239500 0.058200 0.138600 0.115900 0.132100 0.173500 0.133700 0.263900 0.299100 0.086600 0.153500 0.167300 0.057900 0.204400 0.223500 0.073100 0.163000 0.132000 0.168300 0.165300 0.173200 0.228700 0.150600 0.241000 0.132700 0.146700 0.166000 0.000000 0.087700 0.182700 0.272400 0.204400 0.132800 0.244700 0.234300 0.151000 0.133400 0.199300 0.088800 0.104000 0.184800 0.153500 0.168700
BohorReedb 0.102100 0.285400 0.117400 0.350400 0.041500 0.102100 0.100400 0.106300 0.164200 0.291600 0.057600 0.135600 0.113600 0.098900 0.170000 0.131000 0.241300 0.339300 0.084900 0.150200 0.131400 0.057300 0.218400 0.239100 0.073600 0.160500 0.129300 0.164700 0.130200 0.169500 0.243000 0.085800 0.255000 0.099300 0.112900 0.162500 0.087700 0.000000 0.146100 0.286300 0.218400 0.130800 0.258900 0.248000 0.180800 0.099900 0.162700 0.087500 0.102500 0.215100 0.150200 0.165000
KirksDik 0.163900 0.371400 0.214900 0.443200 0.160800 0.163900 0.160700 0.118900 0.230000 0.349300 0.149700 0.237200 0.141900 0.126800 0.232600 0.097900 0.314700 0.309700 0.143800 0.215900 0.128600 0.148800 0.288700 0.335600 0.168900 0.125900 0.158000 0.230800 0.127100 0.237600 0.341200 0.178400 0.374100 0.097400 0.110800 0.193400 0.182700 0.146100 0.000000 0.279800 0.288700 0.097500 0.358400 0.301100 0.212900 0.160100 0.127600 0.182300 0.180500 0.287000 0.215900 0.196300
RoeDeer 0.308200 0.319100 0.212500 0.382100 0.303100 0.308200 0.343300 0.323500 0.227600 0.144700 0.255400 0.199200 0.277500 0.297800 0.340200 0.301900 0.235700 0.230000 0.244000 0.213600 0.302200 0.253900 0.099000 0.114800 0.279000 0.336700 0.297000 0.193300 0.339100 0.235100 0.133400 0.367300 0.284200 0.298400 0.275800 0.299600 0.272400 0.286300 0.279800 0.000000 0.099000 0.342900 0.148000 0.096100 0.282600 0.340100 0.340500 0.254000 0.291500 0.364100 0.213600 0.228600
WhiteLippe 0.238700 0.284400 0.149600 0.286000 0.234400 0.238700 0.233300 0.249800 0.164300 0.100400 0.188000 0.136000 0.248100 0.194500 0.273200 0.233700 0.242300 0.275100 0.179900 0.150500 0.233900 0.187000 0.000000 0.087000 0.209100 0.266600 0.267200 0.131900 0.268500 0.169500 0.057200 0.253600 0.217100 0.268400 0.210700 0.232300 0.204400 0.218400 0.288700 0.099000 0.000000 0.271200 0.071900 0.069200 0.216100 0.269600 0.270000 0.187000 0.222000 0.331800 0.150200 0.165100
ThomsonGaz 0.180400 0.347200 0.198100 0.468300 0.145500 0.180400 0.145800 0.103500 0.213300 0.331700 0.133200 0.220400 0.158900 0.112500 0.251400 0.113600 0.335700 0.376100 0.128900 0.199100 0.113700 0.132600 0.271200 0.334200 0.151700 0.026100 0.175600 0.214000 0.112700 0.220300 0.322000 0.162100 0.354400 0.143800 0.126200 0.211100 0.132800 0.130800 0.097500 0.342900 0.271200 0.000000 0.339200 0.302000 0.196000 0.177200 0.112100 0.165300 0.131400 0.268700 0.199100 0.214400
MuntiacusC 0.280800 0.287900 0.204500 0.309000 0.237400 0.280800 0.275400 0.275400 0.220100 0.056200 0.190700 0.171900 0.289800 0.253100 0.314900 0.296900 0.285500 0.320200 0.217200 0.205500 0.257700 0.226200 0.071900 0.088000 0.192900 0.333100 0.310300 0.184700 0.335300 0.227600 0.014200 0.257600 0.220100 0.311800 0.269800 0.273200 0.244700 0.258900 0.358400 0.148000 0.071900 0.339200 0.000000 0.085200 0.256100 0.313200 0.337100 0.208200 0.242800 0.380900 0.205500 0.221300
WhiteTaile 0.268900 0.318600 0.145800 0.337700 0.264100 0.268900 0.302400 0.281700 0.159500 0.069100 0.182800 0.132000 0.260200 0.259700 0.302100 0.263500 0.273200 0.287800 0.208400 0.145800 0.227500 0.216600 0.069200 0.069000 0.203200 0.297000 0.279400 0.128100 0.298800 0.164400 0.071200 0.325000 0.211200 0.280600 0.239400 0.225500 0.234300 0.248000 0.301100 0.096100 0.069200 0.302000 0.085200 0.000000 0.209800 0.299800 0.300500 0.216700 0.252200 0.364500 0.145800 0.160300
Cattle 0.133300 0.283200 0.085800 0.348000 0.162500 0.133300 0.195900 0.247600 0.099800 0.214600 0.151600 0.102800 0.176200 0.192900 0.202000 0.232000 0.240100 0.273800 0.145400 0.086100 0.270100 0.150500 0.216100 0.236800 0.171100 0.228000 0.193200 0.100100 0.266000 0.102600 0.240400 0.215400 0.253400 0.161000 0.175100 0.069700 0.151000 0.180800 0.212900 0.282600 0.216100 0.196000 0.256100 0.209800 0.000000 0.161800 0.230800 0.150600 0.200800 0.181400 0.086100 0.070500
RoyalAntel 0.085700 0.301300 0.197400 0.321400 0.084600 0.085700 0.130200 0.154100 0.212300 0.346700 0.102100 0.183600 0.143200 0.128200 0.168500 0.161600 0.294200 0.352900 0.129000 0.198300 0.177800 0.101700 0.269600 0.292100 0.119500 0.207600 0.159500 0.213000 0.160300 0.219500 0.296800 0.146800 0.232000 0.113100 0.157400 0.176600 0.133400 0.099900 0.160100 0.340100 0.269600 0.177200 0.313200 0.299800 0.161800 0.000000 0.210300 0.133100 0.148600 0.194900 0.198300 0.179300
Steenbok 0.214200 0.392400 0.197800 0.463300 0.177600 0.214200 0.177500 0.119300 0.178500 0.372600 0.165800 0.219900 0.190700 0.142600 0.249900 0.144100 0.333800 0.416100 0.160100 0.164600 0.113500 0.164800 0.270000 0.291400 0.185500 0.110400 0.208000 0.179100 0.142900 0.184100 0.320300 0.194500 0.351800 0.175600 0.096400 0.177000 0.199300 0.162700 0.127600 0.340500 0.270000 0.112100 0.337100 0.300500 0.230800 0.210300 0.000000 0.165000 0.197000 0.348000 0.164600 0.179600
Impala 0.103500 0.246400 0.119600 0.310600 0.086900 0.103500 0.118200 0.142100 0.134300 0.258700 0.058300 0.105500 0.115700 0.116400 0.158500 0.133500 0.244500 0.363100 0.086400 0.120100 0.166900 0.058100 0.187000 0.205500 0.074600 0.196300 0.131700 0.134700 0.165000 0.138600 0.210300 0.134200 0.260300 0.132400 0.115000 0.133000 0.088800 0.087500 0.182300 0.254000 0.187000 0.165300 0.208200 0.216700 0.150600 0.133100 0.165000 0.000000 0.136100 0.219400 0.120100 0.135000
Klipspring 0.151100 0.353900 0.186300 0.377100 0.117100 0.151100 0.149400 0.142700 0.201700 0.237500 0.104200 0.189100 0.162800 0.131500 0.221900 0.164800 0.345100 0.339400 0.132400 0.187200 0.132300 0.103800 0.222000 0.259800 0.122100 0.161100 0.179900 0.167100 0.163500 0.208500 0.226900 0.166000 0.278000 0.147700 0.146000 0.216400 0.104000 0.102500 0.180500 0.291500 0.222000 0.131400 0.242800 0.252200 0.200800 0.148600 0.197000 0.136100 0.000000 0.236700 0.187200 0.202700
ForestMusk 0.166000 0.283000 0.254400 0.445000 0.195800 0.166000 0.268000 0.287300 0.270000 0.373400 0.185500 0.240300 0.245200 0.263800 0.270500 0.268800 0.277900 0.314700 0.211900 0.255600 0.309000 0.184100 0.331800 0.358000 0.206300 0.303500 0.264100 0.271000 0.264900 0.279200 0.363500 0.290200 0.333600 0.228900 0.280300 0.230900 0.184800 0.215100 0.287000 0.364100 0.331800 0.268700 0.380900 0.364500 0.181400 0.194900 0.348000 0.219400 0.236700 0.000000 0.255600 0.234700
Bushbuck 0.168700 0.288800 0.027600 0.310400 0.165300 0.168700 0.199800 0.176000 0.013600 0.200900 0.120900 0.073000 0.179200 0.162700 0.172200 0.165100 0.283700 0.362800 0.148100 0.000000 0.165600 0.120100 0.150200 0.169000 0.139400 0.196100 0.196700 0.013600 0.197300 0.013800 0.190100 0.219400 0.220200 0.197500 0.114000 0.070600 0.153500 0.150200 0.215900 0.213600 0.150200 0.199100 0.205500 0.145800 0.086100 0.198300 0.164600 0.120100 0.187200 0.255600 0.000000 0.013800
GreaterKud 0.150300 0.307200 0.041800 0.285900 0.180100 0.150300 0.215000 0.191900 0.027300 0.216400 0.135800 0.087500 0.194100 0.177300 0.154900 0.180100 0.300500 0.380800 0.163000 0.013800 0.180700 0.135000 0.165100 0.184300 0.154800 0.211200 0.211800 0.027000 0.212500 0.027400 0.205800 0.235100 0.236000 0.178600 0.128200 0.055500 0.168700 0.165000 0.196300 0.228600 0.165100 0.214400 0.221300 0.160300 0.070500 0.179300 0.179600 0.135000 0.202700 0.234700 0.013800 0.000000
