CODONML (in paml version 4.10.7, June 2023)  /home/rachel/ruminants_paml/6406-phy-tree/ENSBTAT00000064223.fasta.phy
Model: free dN/dS Ratios for branches,  kappa = 2.000 fixed

Codon frequency model: F3x4
ns =  54  ls = 118

Codon usage in sequences
--------------------------------------------------------------------------------------------------------------------------------------
Phe TTT   0   0   0   0   0   0 | Ser TCT   2   3   3   2   3   3 | Tyr TAT   3   2   3   2   1   1 | Cys TGT   0   1   0   0   1   0
    TTC   6   6   6   6   6   6 |     TCC   4   3   5   4   3   3 |     TAC   2   3   2   3   4   4 |     TGC   6   5   6   6   5   6
Leu TTA   0   0   0   0   0   1 |     TCA   1   1   0   1   1   1 | *** TAA   0   0   0   0   0   0 | *** TGA   0   0   0   0   0   0
    TTG   1   2   1   2   1   0 |     TCG   0   0   0   0   0   0 |     TAG   0   0   0   0   0   0 | Trp TGG   1   1   1   1   1   1
--------------------------------------------------------------------------------------------------------------------------------------
Leu CTT   2   3   1   2   2   3 | Pro CCT   2   1   1   1   1   1 | His CAT   2   2   2   2   1   2 | Arg CGT   0   1   0   0   0   0
    CTC   6   5   7   5   6   5 |     CCC   2   3   3   3   3   3 |     CAC   2   3   2   3   4   3 |     CGC   3   2   2   2   2   2
    CTA   0   0   1   0   0   0 |     CCA   0   0   0   0   0   0 | Gln CAA   0   0   0   0   0   0 |     CGA   1   1   1   1   1   1
    CTG  14  14  13  14  14  14 |     CCG   0   0   0   0   0   0 |     CAG   5   5   6   5   5   5 |     CGG   2   1   2   2   2   2
--------------------------------------------------------------------------------------------------------------------------------------
Ile ATT   3   3   0   2   2   2 | Thr ACT   0   0   0   1   0   0 | Asn AAT   0   0   0   0   0   0 | Ser AGT   0   0   0   0   0   0
    ATC   4   4   4   5   5   5 |     ACC   5   3   4   5   3   5 |     AAC   1   1   1   1   1   2 |     AGC   4   5   4   4   5   4
    ATA   0   0   0   0   0   0 |     ACA   0   1   0   0   0   1 | Lys AAA   1   1   1   1   1   1 | Arg AGA   1   1   1   1   1   1
Met ATG   0   0   1   0   0   0 |     ACG   1   1   1   1   1   0 |     AAG   3   3   3   3   3   3 |     AGG   2   2   2   2   2   2
--------------------------------------------------------------------------------------------------------------------------------------
Val GTT   2   1   3   2   0   1 | Ala GCT   4   2   3   2   1   1 | Asp GAT   2   1   2   2   1   1 | Gly GGT   0   0   0   0   0   0
    GTC   2   3   4   2   4   3 |     GCC   4   4   4   4   9   6 |     GAC   3   4   2   3   3   3 |     GGC   0   0   0   0   0   0
    GTA   0   0   0   0   1   0 |     GCA   2   3   2   2   2   3 | Glu GAA   2   2   2   2   2   2 |     GGA   0   0   0   0   0   0
    GTG   3   2   2   3   2   3 |     GCG   0   1   1   1   0   0 |     GAG   1   1   2   1   1   1 |     GGG   1   1   1   1   1   1
--------------------------------------------------------------------------------------------------------------------------------------

--------------------------------------------------------------------------------------------------------------------------------------
Phe TTT   0   0   0   0   0   0 | Ser TCT   2   2   2   2   2   2 | Tyr TAT   3   3   3   3   3   2 | Cys TGT   0   0   1   0   0   1
    TTC   6   6   6   6   6   6 |     TCC   4   4   4   4   5   5 |     TAC   2   2   2   2   2   3 |     TGC   6   6   5   6   6   5
Leu TTA   0   0   0   0   0   0 |     TCA   1   1   1   1   1   1 | *** TAA   0   0   0   0   0   0 | *** TGA   0   0   0   0   0   0
    TTG   1   1   0   1   1   1 |     TCG   0   0   0   0   0   0 |     TAG   0   0   0   0   0   0 | Trp TGG   1   1   1   1   1   1
--------------------------------------------------------------------------------------------------------------------------------------
Leu CTT   2   2   2   2   1   2 | Pro CCT   1   3   1   1   1   1 | His CAT   2   2   2   2   2   2 | Arg CGT   0   0   0   0   0   0
    CTC   6   6   6   6   7   5 |     CCC   3   1   3   3   3   3 |     CAC   3   2   3   3   2   3 |     CGC   2   3   2   2   2   2
    CTA   0   0   0   1   2   1 |     CCA   0   0   0   0   0   0 | Gln CAA   0   0   0   0   0   0 |     CGA   1   1   1   1   1   1
    CTG  14  14  15  13  12  14 |     CCG   0   0   0   0   0   0 |     CAG   5   5   5   5   6   5 |     CGG   2   2   2   2   2   2
--------------------------------------------------------------------------------------------------------------------------------------
Ile ATT   2   2   2   2   0   2 | Thr ACT   0   0   0   0   0   0 | Asn AAT   0   0   0   0   0   0 | Ser AGT   0   0   0   0   0   0
    ATC   5   5   5   5   4   4 |     ACC   5   5   5   5   4   5 |     AAC   1   1   1   1   1   1 |     AGC   4   4   4   4   4   4
    ATA   0   0   0   0   0   0 |     ACA   0   0   0   0   0   0 | Lys AAA   1   1   1   1   1   1 | Arg AGA   1   1   1   1   1   1
Met ATG   0   0   0   0   0   0 |     ACG   1   1   1   1   1   1 |     AAG   3   3   3   3   3   3 |     AGG   2   2   2   2   2   2
--------------------------------------------------------------------------------------------------------------------------------------
Val GTT   2   2   2   2   3   1 | Ala GCT   3   3   2   3   3   3 | Asp GAT   2   2   1   2   2   1 | Gly GGT   0   0   0   0   0   0
    GTC   2   2   2   2   4   4 |     GCC   4   4   5   4   4   3 |     GAC   3   3   4   3   2   4 |     GGC   0   0   0   0   0   0
    GTA   0   0   0   1   0   0 |     GCA   2   2   2   2   2   2 | Glu GAA   2   2   2   2   2   2 |     GGA   0   0   0   0   0   0
    GTG   3   3   3   2   3   3 |     GCG   1   1   1   1   1   1 |     GAG   1   1   1   1   2   1 |     GGG   1   1   1   1   1   1
--------------------------------------------------------------------------------------------------------------------------------------

--------------------------------------------------------------------------------------------------------------------------------------
Phe TTT   0   0   0   0   0   0 | Ser TCT   3   2   2   2   3   2 | Tyr TAT   3   3   3   3   3   3 | Cys TGT   0   0   0   1   0   0
    TTC   6   6   6   6   6   6 |     TCC   3   4   4   4   3   4 |     TAC   2   2   2   2   2   2 |     TGC   6   6   6   5   6   6
Leu TTA   0   0   0   0   0   0 |     TCA   1   1   1   1   1   1 | *** TAA   0   0   0   0   0   0 | *** TGA   0   0   0   0   0   0
    TTG   1   1   1   1   1   1 |     TCG   0   0   0   0   0   0 |     TAG   0   0   0   0   0   0 | Trp TGG   1   1   1   1   1   1
--------------------------------------------------------------------------------------------------------------------------------------
Leu CTT   2   4   2   2   2   2 | Pro CCT   2   1   1   1   1   1 | His CAT   2   1   2   2   2   2 | Arg CGT   0   0   0   0   0   0
    CTC   6   4   6   6   6   6 |     CCC   2   3   3   3   3   3 |     CAC   2   4   3   3   4   3 |     CGC   3   2   2   2   2   2
    CTA   0   0   0   0   0   0 |     CCA   0   0   0   0   0   0 | Gln CAA   0   0   0   0   0   0 |     CGA   1   1   1   1   1   1
    CTG  14  14  14  14  14  14 |     CCG   0   0   0   0   0   0 |     CAG   5   5   5   5   5   5 |     CGG   2   2   2   2   2   2
--------------------------------------------------------------------------------------------------------------------------------------
Ile ATT   3   2   2   2   2   2 | Thr ACT   0   0   0   0   0   0 | Asn AAT   0   0   0   0   0   0 | Ser AGT   0   0   0   0   0   0
    ATC   5   5   5   5   5   5 |     ACC   5   5   5   5   5   5 |     AAC   1   1   1   1   0   2 |     AGC   4   4   4   4   4   4
    ATA   0   0   0   0   0   0 |     ACA   0   0   1   0   0   0 | Lys AAA   1   1   1   1   1   1 | Arg AGA   1   1   1   1   1   1
Met ATG   0   0   0   0   0   0 |     ACG   1   1   0   1   1   1 |     AAG   3   3   3   3   3   3 |     AGG   2   2   2   2   2   2
--------------------------------------------------------------------------------------------------------------------------------------
Val GTT   1   1   2   2   2   2 | Ala GCT   3   3   3   3   3   3 | Asp GAT   2   2   2   2   2   2 | Gly GGT   0   0   0   0   0   0
    GTC   2   3   2   2   2   2 |     GCC   4   4   4   4   4   4 |     GAC   3   3   3   3   3   2 |     GGC   0   0   0   0   0   0
    GTA   0   0   0   0   0   0 |     GCA   2   2   2   2   2   3 | Glu GAA   2   2   2   2   2   2 |     GGA   0   0   0   0   0   0
    GTG   3   3   3   3   3   3 |     GCG   1   1   1   1   1   0 |     GAG   1   1   1   1   1   1 |     GGG   1   1   1   1   1   1
--------------------------------------------------------------------------------------------------------------------------------------

--------------------------------------------------------------------------------------------------------------------------------------
Phe TTT   0   0   0   0   0   0 | Ser TCT   3   3   2   2   2   3 | Tyr TAT   2   2   3   3   3   3 | Cys TGT   0   1   0   0   0   0
    TTC   6   6   6   6   6   6 |     TCC   3   3   4   5   4   3 |     TAC   3   3   2   2   2   2 |     TGC   6   5   6   6   6   6
Leu TTA   0   0   0   0   0   0 |     TCA   1   1   1   1   1   1 | *** TAA   0   0   0   0   0   0 | *** TGA   0   0   0   0   0   0
    TTG   1   1   2   1   1   1 |     TCG   0   0   0   0   0   0 |     TAG   0   0   0   0   0   0 | Trp TGG   1   1   1   1   1   1
--------------------------------------------------------------------------------------------------------------------------------------
Leu CTT   2   2   2   1   2   2 | Pro CCT   1   1   1   1   1   2 | His CAT   2   2   2   2   2   2 | Arg CGT   0   0   0   0   0   0
    CTC   5   5   6   7   6   6 |     CCC   3   3   3   3   3   2 |     CAC   3   3   3   2   3   2 |     CGC   2   2   2   2   2   3
    CTA   1   0   1   1   0   0 |     CCA   0   0   0   0   0   0 | Gln CAA   0   0   0   0   0   0 |     CGA   1   1   1   1   1   1
    CTG  14  15  13  13  14  14 |     CCG   0   0   0   0   0   0 |     CAG   5   5   5   6   5   5 |     CGG   2   2   2   2   2   2
--------------------------------------------------------------------------------------------------------------------------------------
Ile ATT   3   2   2   0   2   3 | Thr ACT   0   0   1   0   0   0 | Asn AAT   0   0   0   0   0   0 | Ser AGT   0   0   0   0   0   0
    ATC   5   5   5   4   5   4 |     ACC   5   5   4   4   5   5 |     AAC   1   1   1   1   1   1 |     AGC   4   4   4   4   4   4
    ATA   0   0   0   0   0   0 |     ACA   0   1   0   0   0   0 | Lys AAA   1   1   1   1   1   1 | Arg AGA   1   1   1   1   1   1
Met ATG   0   0   0   1   0   0 |     ACG   1   0   1   1   1   1 |     AAG   3   3   3   3   3   3 |     AGG   2   2   2   2   2   2
--------------------------------------------------------------------------------------------------------------------------------------
Val GTT   0   2   2   3   2   2 | Ala GCT   3   3   3   3   4   3 | Asp GAT   2   2   2   2   2   2 | Gly GGT   0   0   0   0   0   0
    GTC   3   2   2   5   2   2 |     GCC   4   4   4   3   3   4 |     GAC   3   3   3   2   3   3 |     GGC   0   0   0   0   0   0
    GTA   0   0   0   0   0   0 |     GCA   3   2   2   2   2   2 | Glu GAA   2   2   2   2   2   2 |     GGA   0   0   0   0   0   0
    GTG   3   3   2   2   3   3 |     GCG   0   1   1   1   1   1 |     GAG   1   1   1   2   1   1 |     GGG   1   1   1   1   1   1
--------------------------------------------------------------------------------------------------------------------------------------

--------------------------------------------------------------------------------------------------------------------------------------
Phe TTT   0   0   0   0   0   0 | Ser TCT   2   2   3   2   2   2 | Tyr TAT   1   2   3   2   3   3 | Cys TGT   1   0   0   1   0   0
    TTC   6   5   6   6   6   6 |     TCC   4   5   3   4   4   5 |     TAC   3   3   2   3   2   2 |     TGC   6   6   6   5   6   6
Leu TTA   0   0   0   0   0   0 |     TCA   1   1   1   1   1   1 | *** TAA   0   0   0   0   0   0 | *** TGA   0   0   0   0   0   0
    TTG   1   2   1   1   1   1 |     TCG   0   0   0   0   0   0 |     TAG   0   0   0   0   0   0 | Trp TGG   1   1   1   1   1   1
--------------------------------------------------------------------------------------------------------------------------------------
Leu CTT   2   2   2   2   2   1 | Pro CCT   1   1   2   1   1   2 | His CAT   2   2   2   2   2   2 | Arg CGT   0   0   0   0   0   0
    CTC   4   6   6   6   6   7 |     CCC   3   3   2   3   3   2 |     CAC   2   3   2   3   3   2 |     CGC   3   2   3   2   2   2
    CTA   1   0   0   0   0   1 |     CCA   0   0   0   0   0   0 | Gln CAA   0   0   0   0   0   0 |     CGA   0   1   1   1   1   1
    CTG  14  13  14  14  14  13 |     CCG   0   0   0   0   0   0 |     CAG   5   6   5   5   5   6 |     CGG   2   2   2   2   2   2
--------------------------------------------------------------------------------------------------------------------------------------
Ile ATT   2   2   3   2   2   0 | Thr ACT   0   0   0   0   0   0 | Asn AAT   0   0   0   0   0   0 | Ser AGT   0   0   0   0   0   0
    ATC   5   4   5   6   5   4 |     ACC   4   4   5   5   5   4 |     AAC   1   1   1   1   1   1 |     AGC   4   4   4   4   4   4
    ATA   0   0   0   0   0   0 |     ACA   0   0   0   0   0   0 | Lys AAA   1   1   1   1   1   1 | Arg AGA   1   1   1   1   1   1
Met ATG   1   0   0   0   0   1 |     ACG   1   1   1   1   1   1 |     AAG   3   2   3   3   3   3 |     AGG   2   2   2   2   2   2
--------------------------------------------------------------------------------------------------------------------------------------
Val GTT   1   1   1   2   2   3 | Ala GCT   1   3   3   3   3   3 | Asp GAT   0   1   2   2   2   2 | Gly GGT   0   0   0   0   0   0
    GTC   4   3   2   1   2   4 |     GCC   8   6   4   4   4   4 |     GAC   5   4   3   3   3   2 |     GGC   1   0   0   0   0   0
    GTA   0   0   0   0   0   0 |     GCA   2   2   2   2   2   2 | Glu GAA   2   2   2   2   2   2 |     GGA   0   0   0   0   0   0
    GTG   1   3   3   3   3   2 |     GCG   1   1   1   1   1   1 |     GAG   1   1   1   1   1   2 |     GGG   1   1   1   1   1   1
--------------------------------------------------------------------------------------------------------------------------------------

--------------------------------------------------------------------------------------------------------------------------------------
Phe TTT   0   0   0   0   0   0 | Ser TCT   2   2   2   2   3   2 | Tyr TAT   2   3   2   3   2   3 | Cys TGT   0   1   0   0   1   0
    TTC   6   6   6   6   6   6 |     TCC   4   5   5   4   3   4 |     TAC   3   2   3   2   3   2 |     TGC   6   5   6   6   5   6
Leu TTA   0   0   0   0   0   0 |     TCA   1   1   1   1   1   1 | *** TAA   0   0   0   0   0   0 | *** TGA   0   0   0   0   0   0
    TTG   1   1   1   1   2   1 |     TCG   0   0   0   0   0   0 |     TAG   0   0   0   0   0   0 | Trp TGG   1   1   1   1   1   1
--------------------------------------------------------------------------------------------------------------------------------------
Leu CTT   2   1   2   2   2   2 | Pro CCT   1   2   1   1   1   1 | His CAT   2   2   2   2   2   2 | Arg CGT   0   0   0   0   0   0
    CTC   5   7   5   6   6   6 |     CCC   3   2   2   3   3   3 |     CAC   3   2   3   3   3   3 |     CGC   2   2   2   2   2   2
    CTA   0   1   2   0   1   0 |     CCA   0   0   0   0   0   0 | Gln CAA   0   0   0   0   0   0 |     CGA   1   1   1   1   1   1
    CTG  15  13  13  14  12  14 |     CCG   0   0   1   0   0   0 |     CAG   5   6   5   5   5   5 |     CGG   2   2   2   2   2   2
--------------------------------------------------------------------------------------------------------------------------------------
Ile ATT   3   0   2   3   3   2 | Thr ACT   0   0   0   0   0   0 | Asn AAT   0   0   0   0   0   0 | Ser AGT   0   0   0   0   0   0
    ATC   5   4   4   4   4   5 |     ACC   5   4   5   5   5   5 |     AAC   1   1   1   1   1   1 |     AGC   4   4   4   4   4   4
    ATA   0   0   0   0   0   0 |     ACA   0   0   0   0   1   0 | Lys AAA   1   1   1   1   1   1 | Arg AGA   1   1   1   1   1   1
Met ATG   0   1   0   0   0   0 |     ACG   1   1   1   1   0   1 |     AAG   3   3   3   3   3   3 |     AGG   2   2   2   2   2   2
--------------------------------------------------------------------------------------------------------------------------------------
Val GTT   1   3   1   2   1   2 | Ala GCT   3   3   3   3   3   3 | Asp GAT   2   2   1   2   2   2 | Gly GGT   0   0   0   0   0   0
    GTC   2   4   4   2   3   2 |     GCC   4   4   3   3   5   4 |     GAC   3   2   4   3   3   3 |     GGC   0   0   0   0   0   0
    GTA   0   0   0   0   0   0 |     GCA   2   2   2   2   2   2 | Glu GAA   2   2   2   2   2   2 |     GGA   0   0   0   0   1   0
    GTG   3   2   3   3   3   3 |     GCG   1   1   1   2   0   1 |     GAG   1   2   1   1   1   1 |     GGG   1   1   1   1   0   1
--------------------------------------------------------------------------------------------------------------------------------------

--------------------------------------------------------------------------------------------------------------------------------------
Phe TTT   0   0   0   0   0   0 | Ser TCT   3   2   2   2   3   2 | Tyr TAT   3   3   3   3   4   2 | Cys TGT   0   0   0   0   0   0
    TTC   6   6   6   6   6   6 |     TCC   3   4   4   4   3   4 |     TAC   2   2   2   2   1   3 |     TGC   6   6   6   6   6   6
Leu TTA   0   0   0   0   0   0 |     TCA   1   1   1   1   1   1 | *** TAA   0   0   0   0   0   0 | *** TGA   0   0   0   0   0   0
    TTG   1   1   1   1   2   1 |     TCG   0   0   0   0   0   0 |     TAG   0   0   0   0   0   0 | Trp TGG   1   1   1   1   1   1
--------------------------------------------------------------------------------------------------------------------------------------
Leu CTT   2   3   2   2   2   2 | Pro CCT   1   1   2   1   1   1 | His CAT   2   2   2   2   2   2 | Arg CGT   0   0   0   0   0   0
    CTC   6   5   6   6   6   6 |     CCC   3   3   2   3   3   3 |     CAC   3   3   2   3   3   3 |     CGC   2   2   3   2   2   2
    CTA   0   0   0   0   1   0 |     CCA   0   0   0   0   0   0 | Gln CAA   0   0   0   0   0   0 |     CGA   1   1   1   1   1   1
    CTG  14  14  14  14  12  14 |     CCG   0   0   0   0   0   0 |     CAG   5   5   5   5   5   5 |     CGG   2   2   2   2   3   2
--------------------------------------------------------------------------------------------------------------------------------------
Ile ATT   2   2   2   2   2   3 | Thr ACT   0   0   0   0   0   0 | Asn AAT   0   0   0   0   0   0 | Ser AGT   0   0   0   0   0   0
    ATC   5   5   5   5   5   5 |     ACC   5   5   5   5   5   5 |     AAC   1   1   1   1   1   1 |     AGC   4   4   4   4   4   4
    ATA   0   0   0   0   0   0 |     ACA   0   0   0   0   0   1 | Lys AAA   1   1   1   1   1   1 | Arg AGA   1   1   1   1   1   1
Met ATG   0   0   0   0   1   0 |     ACG   1   1   1   1   1   0 |     AAG   3   3   3   3   3   3 |     AGG   2   2   2   2   1   2
--------------------------------------------------------------------------------------------------------------------------------------
Val GTT   2   1   2   2   2   1 | Ala GCT   3   2   3   4   3   3 | Asp GAT   2   2   2   2   2   1 | Gly GGT   0   0   0   0   0   0
    GTC   2   3   2   2   2   2 |     GCC   4   5   4   3   4   4 |     GAC   3   3   3   3   3   4 |     GGC   0   0   0   0   0   0
    GTA   0   0   0   0   0   0 |     GCA   2   2   2   2   2   2 | Glu GAA   2   2   2   2   2   2 |     GGA   0   0   0   0   0   0
    GTG   3   3   3   3   2   3 |     GCG   1   1   1   1   1   1 |     GAG   1   1   1   1   1   1 |     GGG   1   1   1   1   1   1
--------------------------------------------------------------------------------------------------------------------------------------

--------------------------------------------------------------------------------------------------------------------------------------
Phe TTT   0   1   0   0   0   0 | Ser TCT   2   2   2   2   2   2 | Tyr TAT   1   2   2   2   3   3 | Cys TGT   1   1   1   0   0   0
    TTC   6   5   6   6   6   6 |     TCC   4   4   5   4   4   5 |     TAC   3   3   3   3   2   2 |     TGC   6   5   5   6   6   6
Leu TTA   0   0   0   0   0   0 |     TCA   1   1   1   1   1   0 | *** TAA   0   0   0   0   0   0 | *** TGA   0   0   0   0   0   0
    TTG   1   1   1   2   1   1 |     TCG   0   0   0   0   0   0 |     TAG   0   0   0   0   0   0 | Trp TGG   1   1   1   1   1   1
--------------------------------------------------------------------------------------------------------------------------------------
Leu CTT   3   2   2   2   3   3 | Pro CCT   1   1   1   1   1   1 | His CAT   2   2   2   2   2   2 | Arg CGT   0   0   0   0   0   0
    CTC   4   6   5   6   5   5 |     CCC   3   3   3   3   3   3 |     CAC   2   3   3   3   3   3 |     CGC   3   2   2   2   2   2
    CTA   1   0   2   0   0   0 |     CCA   0   0   0   0   0   0 | Gln CAA   0   0   0   0   0   0 |     CGA   0   1   1   1   1   1
    CTG  14  14  13  13  14  13 |     CCG   0   0   0   0   0   0 |     CAG   5   5   5   5   5   5 |     CGG   3   2   2   2   2   1
--------------------------------------------------------------------------------------------------------------------------------------
Ile ATT   2   2   2   2   2   2 | Thr ACT   0   0   0   0   0   0 | Asn AAT   0   0   0   0   0   0 | Ser AGT   0   0   0   0   0   0
    ATC   4   5   4   5   5   5 |     ACC   4   5   5   5   5   5 |     AAC   1   1   1   1   1   1 |     AGC   4   4   4   4   4   4
    ATA   0   0   0   0   0   0 |     ACA   0   0   0   1   0   0 | Lys AAA   1   1   1   1   1   1 | Arg AGA   1   1   1   1   1   1
Met ATG   1   0   0   0   0   1 |     ACG   1   1   1   0   1   1 |     AAG   3   3   3   3   3   3 |     AGG   2   2   2   2   2   3
--------------------------------------------------------------------------------------------------------------------------------------
Val GTT   1   2   1   1   1   1 | Ala GCT   1   3   3   3   2   3 | Asp GAT   0   2   1   1   2   2 | Gly GGT   0   0   0   0   0   0
    GTC   4   2   4   3   3   2 |     GCC   8   4   3   4   5   4 |     GAC   5   3   4   4   3   3 |     GGC   0   0   0   0   0   0
    GTA   0   0   0   0   0   0 |     GCA   2   2   2   2   2   2 | Glu GAA   2   2   2   2   2   2 |     GGA   0   0   0   0   0   0
    GTG   1   3   3   3   3   4 |     GCG   1   1   1   1   1   1 |     GAG   1   1   1   1   1   1 |     GGG   1   1   1   1   1   1
--------------------------------------------------------------------------------------------------------------------------------------

--------------------------------------------------------------------------------------------------------------------------------------
Phe TTT   0   0   0   0   0   0 | Ser TCT   2   3   2   2   2   2 | Tyr TAT   3   3   2   2   3   3 | Cys TGT   1   0   0   0   0   0
    TTC   6   6   6   6   6   6 |     TCC   4   3   4   3   5   5 |     TAC   2   2   3   3   2   2 |     TGC   5   6   6   6   6   6
Leu TTA   0   0   0   0   0   0 |     TCA   1   1   1   1   1   1 | *** TAA   0   0   0   0   0   0 | *** TGA   0   0   0   0   0   0
    TTG   1   1   1   2   1   1 |     TCG   0   0   0   1   0   0 |     TAG   0   0   0   0   0   0 | Trp TGG   1   1   1   1   1   1
--------------------------------------------------------------------------------------------------------------------------------------
Leu CTT   4   3   2   2   1   1 | Pro CCT   1   1   1   1   1   1 | His CAT   2   2   2   2   2   2 | Arg CGT   0   0   0   0   0   0
    CTC   4   5   6   5   7   7 |     CCC   2   3   3   3   3   3 |     CAC   3   3   3   3   2   2 |     CGC   2   2   2   2   2   2
    CTA   0   1   0   0   1   1 |     CCA   1   0   0   0   0   0 | Gln CAA   0   0   0   0   0   1 |     CGA   1   1   1   1   1   1
    CTG  14  13  14  14  13  13 |     CCG   0   0   0   0   0   0 |     CAG   5   5   5   5   6   5 |     CGG   2   2   2   2   2   2
--------------------------------------------------------------------------------------------------------------------------------------
Ile ATT   2   2   3   2   0   0 | Thr ACT   0   0   0   1   0   0 | Asn AAT   0   0   0   0   0   0 | Ser AGT   0   0   0   0   0   0
    ATC   5   5   5   5   4   4 |     ACC   5   5   5   5   4   4 |     AAC   1   1   1   1   1   1 |     AGC   4   4   4   4   4   4
    ATA   0   0   0   0   0   0 |     ACA   0   0   0   0   0   0 | Lys AAA   1   1   1   1   1   1 | Arg AGA   1   1   1   1   1   1
Met ATG   0   0   0   0   1   1 |     ACG   1   1   1   1   1   1 |     AAG   3   3   3   3   3   3 |     AGG   2   2   2   2   2   2
--------------------------------------------------------------------------------------------------------------------------------------
Val GTT   2   2   1   2   3   3 | Ala GCT   3   3   3   2   3   3 | Asp GAT   2   2   2   2   2   2 | Gly GGT   0   0   0   0   0   0
    GTC   2   2   2   2   4   4 |     GCC   4   4   4   4   4   4 |     GAC   3   3   3   3   2   2 |     GGC   0   0   0   0   0   0
    GTA   0   0   0   0   0   0 |     GCA   2   2   2   2   2   2 | Glu GAA   2   2   2   2   2   2 |     GGA   0   0   1   0   0   0
    GTG   3   3   3   3   2   2 |     GCG   1   1   1   1   1   1 |     GAG   1   1   1   1   2   2 |     GGG   1   1   0   1   1   1
--------------------------------------------------------------------------------------------------------------------------------------

Codon position x base (3x4) table for each sequence.

#1: Argali         
position  1:    T:0.22034    C:0.34746    A:0.21186    G:0.22034
position  2:    T:0.36441    C:0.22881    A:0.22881    G:0.17797
position  3:    T:0.18644    C:0.45763    A:0.06780    G:0.28814
Average         T:0.25706    C:0.34463    A:0.16949    G:0.22881

#2: LesserMouseDeer
position  1:    T:0.22881    C:0.34746    A:0.21186    G:0.21186
position  2:    T:0.36441    C:0.22034    A:0.23729    G:0.17797
position  3:    T:0.16949    C:0.45763    A:0.08475    G:0.28814
Average         T:0.25424    C:0.34181    A:0.17797    G:0.22599

#3: LesserKudu     
position  1:    T:0.22881    C:0.34746    A:0.18644    G:0.23729
position  2:    T:0.36441    C:0.22881    A:0.23729    G:0.16949
position  3:    T:0.15254    C:0.47458    A:0.06780    G:0.30508
Average         T:0.24859    C:0.35028    A:0.16384    G:0.23729

#4: ForestMuskDeer2
position  1:    T:0.22881    C:0.33898    A:0.22034    G:0.21186
position  2:    T:0.36441    C:0.22881    A:0.23729    G:0.16949
position  3:    T:0.15254    C:0.47458    A:0.06780    G:0.30508
Average         T:0.24859    C:0.34746    A:0.17514    G:0.22881

#5: Camel          
position  1:    T:0.22034    C:0.34746    A:0.20339    G:0.22881
position  2:    T:0.36441    C:0.22881    A:0.22881    G:0.17797
position  3:    T:0.11017    C:0.53390    A:0.07627    G:0.27966
Average         T:0.23164    C:0.37006    A:0.16949    G:0.22881

#6: KillerWhale    
position  1:    T:0.22034    C:0.34746    A:0.22034    G:0.21186
position  2:    T:0.36441    C:0.22881    A:0.23729    G:0.16949
position  3:    T:0.12712    C:0.50847    A:0.09322    G:0.27119
Average         T:0.23729    C:0.36158    A:0.18362    G:0.21751

#7: DefassaWaterbuck
position  1:    T:0.22034    C:0.34746    A:0.21186    G:0.22034
position  2:    T:0.36441    C:0.22881    A:0.23729    G:0.16949
position  3:    T:0.16102    C:0.47458    A:0.06780    G:0.29661
Average         T:0.24859    C:0.35028    A:0.17232    G:0.22881

#8: Sheep          
position  1:    T:0.22034    C:0.34746    A:0.21186    G:0.22034
position  2:    T:0.36441    C:0.22881    A:0.22881    G:0.17797
position  3:    T:0.17797    C:0.45763    A:0.06780    G:0.29661
Average         T:0.25424    C:0.34463    A:0.16949    G:0.23164

#9: MaxwellsDuiker 
position  1:    T:0.21186    C:0.35593    A:0.21186    G:0.22034
position  2:    T:0.36441    C:0.22881    A:0.23729    G:0.16949
position  3:    T:0.15254    C:0.48305    A:0.06780    G:0.29661
Average         T:0.24294    C:0.35593    A:0.17232    G:0.22881

#10: GazellaPrzewalskyi
position  1:    T:0.22034    C:0.34746    A:0.21186    G:0.22034
position  2:    T:0.36441    C:0.22881    A:0.23729    G:0.16949
position  3:    T:0.16102    C:0.47458    A:0.08475    G:0.27966
Average         T:0.24859    C:0.35028    A:0.17797    G:0.22316

#11: MountainNyala  
position  1:    T:0.22881    C:0.34746    A:0.17797    G:0.24576
position  2:    T:0.36441    C:0.22881    A:0.23729    G:0.16949
position  3:    T:0.14407    C:0.47458    A:0.08475    G:0.29661
Average         T:0.24576    C:0.35028    A:0.16667    G:0.23729

#12: MuntiacusMuntjak
position  1:    T:0.22881    C:0.34746    A:0.20339    G:0.22034
position  2:    T:0.36441    C:0.22881    A:0.23729    G:0.16949
position  3:    T:0.14407    C:0.48305    A:0.07627    G:0.29661
Average         T:0.24576    C:0.35311    A:0.17232    G:0.22881

#13: goat           
position  1:    T:0.22034    C:0.34746    A:0.22034    G:0.21186
position  2:    T:0.36441    C:0.22881    A:0.22881    G:0.17797
position  3:    T:0.17797    C:0.45763    A:0.06780    G:0.29661
Average         T:0.25424    C:0.34463    A:0.17232    G:0.22881

#14: AfricanBuffalo 
position  1:    T:0.22034    C:0.34746    A:0.21186    G:0.22034
position  2:    T:0.36441    C:0.22881    A:0.23729    G:0.16949
position  3:    T:0.16102    C:0.47458    A:0.06780    G:0.29661
Average         T:0.24859    C:0.35028    A:0.17232    G:0.22881

#15: Topi           
position  1:    T:0.22034    C:0.34746    A:0.21186    G:0.22034
position  2:    T:0.36441    C:0.22881    A:0.23729    G:0.16949
position  3:    T:0.16102    C:0.47458    A:0.07627    G:0.28814
Average         T:0.24859    C:0.35028    A:0.17514    G:0.22599

#16: CommonDuiker   
position  1:    T:0.22034    C:0.34746    A:0.21186    G:0.22034
position  2:    T:0.36441    C:0.22881    A:0.23729    G:0.16949
position  3:    T:0.16949    C:0.46610    A:0.06780    G:0.29661
Average         T:0.25141    C:0.34746    A:0.17232    G:0.22881

#17: Suni           
position  1:    T:0.22034    C:0.35593    A:0.20339    G:0.22034
position  2:    T:0.36441    C:0.22881    A:0.23729    G:0.16949
position  3:    T:0.16949    C:0.46610    A:0.06780    G:0.29661
Average         T:0.25141    C:0.35028    A:0.16949    G:0.22881

#18: Springbuck     
position  1:    T:0.22034    C:0.34746    A:0.22034    G:0.21186
position  2:    T:0.36441    C:0.22881    A:0.23729    G:0.16949
position  3:    T:0.16102    C:0.47458    A:0.07627    G:0.28814
Average         T:0.24859    C:0.35028    A:0.17797    G:0.22316

#19: Okapi          
position  1:    T:0.22034    C:0.34746    A:0.22034    G:0.21186
position  2:    T:0.36441    C:0.22881    A:0.23729    G:0.16949
position  3:    T:0.15254    C:0.47458    A:0.08475    G:0.28814
Average         T:0.24576    C:0.35028    A:0.18079    G:0.22316

#20: Giraffe        
position  1:    T:0.22034    C:0.34746    A:0.21186    G:0.22034
position  2:    T:0.36441    C:0.22881    A:0.23729    G:0.16949
position  3:    T:0.16949    C:0.45763    A:0.07627    G:0.29661
Average         T:0.25141    C:0.34463    A:0.17514    G:0.22881

#21: TibetanAntelope
position  1:    T:0.22881    C:0.34746    A:0.21186    G:0.21186
position  2:    T:0.36441    C:0.22881    A:0.23729    G:0.16949
position  3:    T:0.16949    C:0.46610    A:0.07627    G:0.28814
Average         T:0.25424    C:0.34746    A:0.17514    G:0.22316

#22: Sitatunga      
position  1:    T:0.22881    C:0.34746    A:0.18644    G:0.23729
position  2:    T:0.37288    C:0.22034    A:0.23729    G:0.16949
position  3:    T:0.14407    C:0.47458    A:0.07627    G:0.30508
Average         T:0.24859    C:0.34746    A:0.16667    G:0.23729

#23: Oribi          
position  1:    T:0.22034    C:0.34746    A:0.21186    G:0.22034
position  2:    T:0.36441    C:0.22881    A:0.23729    G:0.16949
position  3:    T:0.16949    C:0.46610    A:0.06780    G:0.29661
Average         T:0.25141    C:0.34746    A:0.17232    G:0.22881

#24: BarbarySheep   
position  1:    T:0.22034    C:0.34746    A:0.21186    G:0.22034
position  2:    T:0.36441    C:0.22881    A:0.22881    G:0.17797
position  3:    T:0.18644    C:0.44915    A:0.06780    G:0.29661
Average         T:0.25706    C:0.34181    A:0.16949    G:0.23164

#25: Daviddeer      
position  1:    T:0.22034    C:0.33051    A:0.21186    G:0.23729
position  2:    T:0.35593    C:0.23729    A:0.22034    G:0.18644
position  3:    T:0.11017    C:0.53390    A:0.06780    G:0.28814
Average         T:0.22881    C:0.36723    A:0.16667    G:0.23729

#26: Reindeer       
position  1:    T:0.22881    C:0.34746    A:0.18644    G:0.23729
position  2:    T:0.34746    C:0.24576    A:0.23729    G:0.16949
position  3:    T:0.13559    C:0.50000    A:0.06780    G:0.29661
Average         T:0.23729    C:0.36441    A:0.16384    G:0.23446

#27: Ibex           
position  1:    T:0.22034    C:0.34746    A:0.22034    G:0.21186
position  2:    T:0.36441    C:0.22881    A:0.22881    G:0.17797
position  3:    T:0.17797    C:0.45763    A:0.06780    G:0.29661
Average         T:0.25424    C:0.34463    A:0.17232    G:0.22881

#28: GyrantGazelle  
position  1:    T:0.22034    C:0.34746    A:0.22034    G:0.21186
position  2:    T:0.36441    C:0.22881    A:0.23729    G:0.16949
position  3:    T:0.16102    C:0.47458    A:0.06780    G:0.29661
Average         T:0.24859    C:0.35028    A:0.17514    G:0.22599

#29: Hartebeest     
position  1:    T:0.22034    C:0.34746    A:0.21186    G:0.22034
position  2:    T:0.36441    C:0.22881    A:0.23729    G:0.16949
position  3:    T:0.16102    C:0.47458    A:0.06780    G:0.29661
Average         T:0.24859    C:0.35028    A:0.17232    G:0.22881

#30: Bongo          
position  1:    T:0.22881    C:0.34746    A:0.18644    G:0.23729
position  2:    T:0.36441    C:0.22881    A:0.23729    G:0.16949
position  3:    T:0.15254    C:0.46610    A:0.07627    G:0.30508
Average         T:0.24859    C:0.34746    A:0.16667    G:0.23729

#31: Gerenuk        
position  1:    T:0.22034    C:0.34746    A:0.22034    G:0.21186
position  2:    T:0.36441    C:0.22881    A:0.23729    G:0.16949
position  3:    T:0.15254    C:0.47458    A:0.06780    G:0.30508
Average         T:0.24576    C:0.35028    A:0.17514    G:0.22881

#32: CommonEland    
position  1:    T:0.22881    C:0.34746    A:0.18644    G:0.23729
position  2:    T:0.36441    C:0.22881    A:0.23729    G:0.16949
position  3:    T:0.16102    C:0.45763    A:0.07627    G:0.30508
Average         T:0.25141    C:0.34463    A:0.16667    G:0.23729

#33: MuntiacusReevesi
position  1:    T:0.22881    C:0.34746    A:0.20339    G:0.22034
position  2:    T:0.36441    C:0.22881    A:0.23729    G:0.16949
position  3:    T:0.13559    C:0.48305    A:0.08475    G:0.29661
Average         T:0.24294    C:0.35311    A:0.17514    G:0.22881

#34: HarveysDuiker  
position  1:    T:0.22034    C:0.34746    A:0.21186    G:0.22034
position  2:    T:0.36441    C:0.22881    A:0.23729    G:0.16949
position  3:    T:0.16949    C:0.45763    A:0.06780    G:0.30508
Average         T:0.25141    C:0.34463    A:0.17232    G:0.23164

#35: Pronghorn      
position  1:    T:0.22881    C:0.33898    A:0.21186    G:0.22034
position  2:    T:0.36441    C:0.22881    A:0.23729    G:0.16949
position  3:    T:0.16949    C:0.47458    A:0.09322    G:0.26271
Average         T:0.25424    C:0.34746    A:0.18079    G:0.21751

#36: BlueWildebeest 
position  1:    T:0.22034    C:0.34746    A:0.21186    G:0.22034
position  2:    T:0.36441    C:0.22881    A:0.23729    G:0.16949
position  3:    T:0.16102    C:0.47458    A:0.06780    G:0.29661
Average         T:0.24859    C:0.35028    A:0.17232    G:0.22881

#37: Gemsbok        
position  1:    T:0.22034    C:0.34746    A:0.21186    G:0.22034
position  2:    T:0.36441    C:0.22881    A:0.23729    G:0.16949
position  3:    T:0.16949    C:0.46610    A:0.06780    G:0.29661
Average         T:0.25141    C:0.34746    A:0.17232    G:0.22881

#38: Yak            
position  1:    T:0.22034    C:0.34746    A:0.21186    G:0.22034
position  2:    T:0.36441    C:0.22881    A:0.23729    G:0.16949
position  3:    T:0.15254    C:0.48305    A:0.06780    G:0.29661
Average         T:0.24576    C:0.35311    A:0.17232    G:0.22881

#39: BlueSheep      
position  1:    T:0.22034    C:0.34746    A:0.21186    G:0.22034
position  2:    T:0.36441    C:0.22881    A:0.22881    G:0.17797
position  3:    T:0.16949    C:0.46610    A:0.06780    G:0.29661
Average         T:0.25141    C:0.34746    A:0.16949    G:0.23164

#40: BohorReedbuck  
position  1:    T:0.22034    C:0.34746    A:0.21186    G:0.22034
position  2:    T:0.36441    C:0.22881    A:0.23729    G:0.16949
position  3:    T:0.16949    C:0.46610    A:0.06780    G:0.29661
Average         T:0.25141    C:0.34746    A:0.17232    G:0.22881

#41: KirksDik       
position  1:    T:0.22881    C:0.34746    A:0.21186    G:0.21186
position  2:    T:0.36441    C:0.22881    A:0.23729    G:0.16949
position  3:    T:0.17797    C:0.45763    A:0.07627    G:0.28814
Average         T:0.25706    C:0.34463    A:0.17514    G:0.22316

#42: RoeDeer        
position  1:    T:0.22034    C:0.34746    A:0.22034    G:0.21186
position  2:    T:0.36441    C:0.22881    A:0.23729    G:0.16949
position  3:    T:0.14407    C:0.49153    A:0.07627    G:0.28814
Average         T:0.24294    C:0.35593    A:0.17797    G:0.22316

#43: WhiteLippedDeer
position  1:    T:0.22034    C:0.34746    A:0.20339    G:0.22881
position  2:    T:0.35593    C:0.23729    A:0.22034    G:0.18644
position  3:    T:0.11864    C:0.51695    A:0.06780    G:0.29661
Average         T:0.23164    C:0.36723    A:0.16384    G:0.23729

#44: ThomsonGazelle 
position  1:    T:0.22034    C:0.34746    A:0.21186    G:0.22034
position  2:    T:0.36441    C:0.22881    A:0.23729    G:0.16949
position  3:    T:0.16949    C:0.46610    A:0.06780    G:0.29661
Average         T:0.25141    C:0.34746    A:0.17232    G:0.22881

#45: MuntiacusCrinifrons
position  1:    T:0.22881    C:0.34746    A:0.20339    G:0.22034
position  2:    T:0.36441    C:0.22881    A:0.23729    G:0.16949
position  3:    T:0.14407    C:0.48305    A:0.08475    G:0.28814
Average         T:0.24576    C:0.35311    A:0.17514    G:0.22599

#46: WhiteTailedDeer
position  1:    T:0.22881    C:0.33898    A:0.21186    G:0.22034
position  2:    T:0.36441    C:0.22881    A:0.23729    G:0.16949
position  3:    T:0.13559    C:0.50000    A:0.07627    G:0.28814
Average         T:0.24294    C:0.35593    A:0.17514    G:0.22599

#47: Cattle         
position  1:    T:0.22034    C:0.34746    A:0.21186    G:0.22034
position  2:    T:0.36441    C:0.22881    A:0.23729    G:0.16949
position  3:    T:0.15254    C:0.48305    A:0.06780    G:0.29661
Average         T:0.24576    C:0.35311    A:0.17232    G:0.22881

#48: RoyalAntelope  
position  1:    T:0.22034    C:0.33051    A:0.22881    G:0.22034
position  2:    T:0.36441    C:0.22881    A:0.23729    G:0.16949
position  3:    T:0.16102    C:0.47458    A:0.05932    G:0.30508
Average         T:0.24859    C:0.34463    A:0.17514    G:0.23164

#49: Steenbok       
position  1:    T:0.22034    C:0.34746    A:0.21186    G:0.22034
position  2:    T:0.36441    C:0.22881    A:0.23729    G:0.16949
position  3:    T:0.18644    C:0.44068    A:0.07627    G:0.29661
Average         T:0.25706    C:0.33898    A:0.17514    G:0.22881

#50: Impala         
position  1:    T:0.22034    C:0.34746    A:0.21186    G:0.22034
position  2:    T:0.36441    C:0.22881    A:0.23729    G:0.16949
position  3:    T:0.17797    C:0.45763    A:0.07627    G:0.28814
Average         T:0.25424    C:0.34463    A:0.17514    G:0.22599

#51: Klipspringer   
position  1:    T:0.22034    C:0.34746    A:0.22034    G:0.21186
position  2:    T:0.36441    C:0.22881    A:0.23729    G:0.16949
