1
52 1
Argali 0.000000 0.330800 0.079800 0.307200 0.055200 0.007700 0.079900 0.055200 0.096500 0.153200 0.015200 0.105500 0.015200 0.071100 0.088400 0.039200 0.133000 0.115200 0.047300 0.096500 0.055400 0.031200 0.107100 0.142700 0.015400 0.047300 0.047900 0.096900 0.047300 0.088100 0.153400 0.080000 0.097700 0.022500 0.015500 0.080000 0.022900 0.055300 0.063500 0.125100 0.134000 0.055200 0.152900 0.134000 0.071700 0.080300 0.055200 0.072200 0.055500 0.072300 0.095400 0.096500
LesserMous 0.330800 0.000000 0.362900 0.390700 0.390500 0.343900 0.375200 0.363600 0.411800 0.436500 0.332200 0.413000 0.331200 0.342200 0.389100 0.330400 0.377800 0.377900 0.357000 0.386600 0.355300 0.356900 0.394800 0.420200 0.332200 0.318600 0.372300 0.397800 0.366500 0.399400 0.466200 0.377000 0.379900 0.319100 0.332300 0.402900 0.320100 0.365300 0.341500 0.422900 0.407700 0.305100 0.463600 0.408400 0.390700 0.404500 0.342000 0.404600 0.344800 0.369100 0.411800 0.386400
LesserKudu 0.079800 0.362900 0.000000 0.283900 0.088100 0.088400 0.063000 0.071500 0.047000 0.171000 0.079800 0.088100 0.079800 0.071500 0.122600 0.071700 0.097300 0.080300 0.088600 0.030900 0.088400 0.079900 0.142000 0.160300 0.079800 0.080200 0.081100 0.046900 0.063300 0.038100 0.171200 0.063200 0.123400 0.088200 0.080100 0.079500 0.071500 0.088300 0.047000 0.160600 0.169900 0.105500 0.152200 0.151600 0.071200 0.079800 0.088200 0.089000 0.047200 0.088600 0.046800 0.046800
KillerWhal 0.307200 0.390700 0.283900 0.000000 0.273400 0.296600 0.304500 0.316900 0.261500 0.334500 0.285000 0.329400 0.307200 0.307000 0.272800 0.273600 0.262400 0.262800 0.320300 0.283100 0.306400 0.285500 0.297700 0.346300 0.285000 0.252200 0.255300 0.273200 0.273300 0.272200 0.359800 0.306900 0.318900 0.295800 0.285100 0.306100 0.296100 0.251900 0.263600 0.323400 0.309200 0.261600 0.335200 0.335800 0.295000 0.307800 0.284400 0.308400 0.274900 0.284200 0.261500 0.261100
DefassaWat 0.055200 0.390500 0.088100 0.273400 0.000000 0.047200 0.088200 0.063300 0.088000 0.162100 0.039100 0.096800 0.055200 0.079900 0.079900 0.063600 0.106500 0.106300 0.072000 0.088000 0.080100 0.055400 0.115600 0.151500 0.039100 0.071900 0.023600 0.088300 0.071800 0.079600 0.162400 0.071600 0.106200 0.063400 0.039300 0.088300 0.047100 0.015400 0.071700 0.133700 0.142800 0.097000 0.143500 0.142800 0.079900 0.088600 0.079900 0.080700 0.063600 0.080600 0.088000 0.088000
Sheep 0.007700 0.343900 0.088400 0.296600 0.047200 0.000000 0.071500 0.063300 0.088200 0.144100 0.007700 0.097100 0.023300 0.063600 0.080100 0.047300 0.124200 0.106500 0.039300 0.088200 0.063500 0.023300 0.098500 0.134100 0.007700 0.055500 0.039700 0.088600 0.055400 0.079900 0.144400 0.071800 0.089200 0.031200 0.007700 0.071900 0.015500 0.047200 0.071900 0.116500 0.125200 0.063400 0.143900 0.125400 0.063600 0.072100 0.063600 0.063800 0.047400 0.064100 0.088200 0.088300
MaxwellsDu 0.079900 0.375200 0.063000 0.304500 0.088200 0.071500 0.000000 0.087900 0.079400 0.152200 0.063400 0.071400 0.080000 0.039000 0.105300 0.071600 0.114200 0.080100 0.072000 0.079400 0.088300 0.063500 0.124000 0.160400 0.063400 0.080000 0.080900 0.079700 0.063200 0.071200 0.152400 0.031100 0.114400 0.088400 0.063500 0.046900 0.071600 0.088300 0.079900 0.142500 0.132900 0.105300 0.152000 0.151600 0.038900 0.063300 0.088300 0.071900 0.063600 0.055300 0.079400 0.079500
GazellaPrz 0.055200 0.363600 0.071500 0.316900 0.063300 0.063300 0.087900 0.000000 0.105000 0.152200 0.055200 0.097000 0.055200 0.079900 0.080000 0.047100 0.106100 0.123400 0.088800 0.088100 0.063300 0.071800 0.106400 0.124500 0.055200 0.055300 0.064200 0.105400 0.055200 0.096500 0.152400 0.088300 0.105900 0.063400 0.055300 0.088300 0.047100 0.063400 0.071700 0.124700 0.133200 0.079900 0.152000 0.116000 0.079900 0.088600 0.063300 0.080500 0.047300 0.080200 0.105000 0.105000
MountainNy 0.096500 0.411800 0.047000 0.261500 0.088000 0.088200 0.079400 0.105000 0.000000 0.189500 0.079700 0.104900 0.096600 0.087900 0.122400 0.088400 0.114300 0.097000 0.105500 0.015300 0.105400 0.079800 0.141700 0.178500 0.079700 0.097000 0.081000 0.015400 0.079800 0.007600 0.189700 0.079300 0.123200 0.105200 0.080000 0.079400 0.088300 0.088100 0.046900 0.160200 0.169600 0.122800 0.170400 0.169700 0.071100 0.063200 0.105100 0.106000 0.063300 0.088500 0.000000 0.015000
MuntiacusM 0.153200 0.436500 0.171000 0.334500 0.162100 0.144100 0.152200 0.152200 0.189500 0.000000 0.135100 0.181000 0.153200 0.143900 0.161800 0.144000 0.162800 0.144100 0.154100 0.189500 0.162200 0.153700 0.039300 0.073400 0.135100 0.134800 0.145600 0.190400 0.153200 0.180000 0.015500 0.153000 0.153500 0.162500 0.135100 0.171500 0.144100 0.143500 0.152900 0.073700 0.031300 0.161600 0.015600 0.082200 0.162200 0.172100 0.162400 0.153600 0.144600 0.144100 0.189500 0.189400
goat 0.015200 0.332200 0.079800 0.285000 0.039100 0.007700 0.063400 0.055200 0.079700 0.135100 0.000000 0.088400 0.015500 0.055400 0.071700 0.039300 0.115400 0.097900 0.031300 0.079700 0.055500 0.015500 0.090000 0.124900 0.000000 0.047400 0.031700 0.080000 0.047400 0.071500 0.135300 0.063900 0.080800 0.023300 0.000000 0.063600 0.007700 0.039200 0.063600 0.107600 0.116300 0.055300 0.134800 0.116200 0.055000 0.063700 0.055300 0.055700 0.039300 0.055900 0.079700 0.079800
AfricanBuf 0.105500 0.413000 0.088100 0.329400 0.096800 0.097100 0.071400 0.097000 0.104900 0.181000 0.088400 0.000000 0.105500 0.079500 0.114300 0.097300 0.123700 0.106000 0.097300 0.104900 0.114500 0.088400 0.151400 0.188900 0.088400 0.106100 0.107200 0.105300 0.071700 0.096300 0.181100 0.088300 0.141700 0.114200 0.088700 0.071400 0.096900 0.097000 0.105500 0.170300 0.179800 0.132200 0.180700 0.180100 0.063200 0.088400 0.114200 0.080800 0.088300 0.097300 0.104900 0.104800
Topi 0.015200 0.331200 0.079800 0.307200 0.055200 0.023300 0.080000 0.055200 0.096600 0.153200 0.015500 0.105500 0.000000 0.071700 0.088400 0.039300 0.133000 0.097600 0.047400 0.096600 0.039100 0.031200 0.107100 0.142700 0.015100 0.047300 0.047900 0.097000 0.047300 0.088100 0.153400 0.080000 0.097800 0.023000 0.015500 0.063400 0.023300 0.055300 0.063500 0.125100 0.134000 0.055200 0.152900 0.133900 0.071800 0.080300 0.055200 0.063900 0.053800 0.072400 0.096600 0.096600
CommonDuik 0.071100 0.342200 0.071500 0.307000 0.079900 0.063600 0.039000 0.079900 0.087900 0.143900 0.055400 0.079500 0.071700 0.000000 0.096800 0.047200 0.123300 0.088600 0.072100 0.087900 0.080200 0.071900 0.115800 0.151700 0.054000 0.072000 0.072800 0.088200 0.071900 0.079600 0.144200 0.038200 0.106300 0.080100 0.055500 0.071600 0.063500 0.079900 0.071600 0.134000 0.143000 0.097100 0.143700 0.142900 0.063300 0.071800 0.063300 0.080700 0.055700 0.063900 0.087900 0.087900
Suni 0.088400 0.389100 0.122600 0.272800 0.079900 0.080100 0.105300 0.080000 0.122400 0.161800 0.071700 0.114300 0.088400 0.096800 0.000000 0.080300 0.142000 0.141800 0.105900 0.122400 0.097100 0.088600 0.115400 0.170100 0.071700 0.071800 0.081200 0.122900 0.088700 0.113700 0.162200 0.096700 0.123800 0.079900 0.071900 0.105400 0.080000 0.063300 0.105600 0.133500 0.142500 0.079900 0.180800 0.161300 0.096800 0.105700 0.080200 0.072300 0.080200 0.097600 0.122400 0.104900
Springbuck 0.039200 0.330400 0.071700 0.273600 0.063600 0.047300 0.071600 0.047100 0.088400 0.144000 0.039300 0.097300 0.039300 0.047200 0.080300 0.000000 0.123500 0.105800 0.072400 0.088400 0.031100 0.055700 0.098400 0.134300 0.039300 0.023200 0.056100 0.088700 0.022800 0.080000 0.144300 0.071900 0.089200 0.047300 0.039300 0.071900 0.047400 0.063700 0.055500 0.116700 0.125100 0.045700 0.143800 0.125600 0.063700 0.072200 0.031200 0.080800 0.047500 0.064000 0.088400 0.088400
Okapi 0.133000 0.377800 0.097300 0.262400 0.106500 0.124200 0.114200 0.106100 0.114300 0.162800 0.115400 0.123700 0.133000 0.123300 0.142000 0.123500 0.000000 0.047300 0.142700 0.097100 0.141900 0.115400 0.143600 0.143800 0.115400 0.115400 0.116800 0.114800 0.115000 0.105700 0.163100 0.115000 0.133500 0.142100 0.115400 0.114700 0.106600 0.106600 0.115300 0.162900 0.152800 0.141800 0.144100 0.153400 0.106000 0.115100 0.123300 0.124600 0.098200 0.106700 0.114300 0.114300
Giraffe 0.115200 0.377900 0.080300 0.262800 0.106300 0.106500 0.080100 0.123400 0.097000 0.144100 0.097900 0.106000 0.097600 0.088600 0.141800 0.105800 0.047300 0.000000 0.107000 0.097000 0.106100 0.098000 0.143400 0.162000 0.097900 0.097900 0.099100 0.097400 0.097600 0.088500 0.144300 0.080600 0.133400 0.124100 0.097900 0.080300 0.106500 0.106400 0.097800 0.162700 0.152600 0.123800 0.125800 0.153100 0.088900 0.097700 0.123500 0.098100 0.098100 0.089400 0.097000 0.097000
TibetanAnt 0.047300 0.357000 0.088600 0.320300 0.072000 0.039300 0.072000 0.088800 0.105500 0.154100 0.031300 0.097300 0.047400 0.072100 0.105900 0.072400 0.142700 0.107000 0.000000 0.105500 0.089200 0.039400 0.125500 0.162000 0.031300 0.080800 0.064800 0.106000 0.072300 0.097000 0.154400 0.080400 0.115700 0.055500 0.031400 0.088900 0.037500 0.072000 0.097600 0.144000 0.153100 0.088900 0.153900 0.153000 0.080500 0.089100 0.088900 0.064200 0.072300 0.089700 0.104600 0.105600
Sitatunga 0.096500 0.386600 0.030900 0.283100 0.088000 0.088200 0.079400 0.088100 0.015300 0.189500 0.079700 0.104900 0.096600 0.087900 0.122400 0.088400 0.097100 0.097000 0.105500 0.000000 0.105400 0.079800 0.141700 0.159900 0.079700 0.097000 0.081000 0.015400 0.079800 0.007500 0.189700 0.079600 0.123200 0.105200 0.080000 0.078700 0.071400 0.087800 0.063100 0.160200 0.169600 0.122800 0.170300 0.151200 0.071100 0.063200 0.105100 0.106000 0.047100 0.088500 0.015300 0.015300
Oribi 0.055400 0.355300 0.088400 0.306400 0.080100 0.063500 0.088300 0.063300 0.105400 0.162200 0.055500 0.114500 0.039100 0.080200 0.097100 0.031100 0.141900 0.106100 0.089200 0.105400 0.000000 0.072200 0.115700 0.152200 0.055500 0.039100 0.072800 0.105800 0.039100 0.096800 0.162500 0.088600 0.106300 0.063600 0.055500 0.071800 0.063700 0.080200 0.071900 0.134400 0.142900 0.063300 0.162000 0.143400 0.080300 0.072100 0.063500 0.089100 0.063900 0.080700 0.105400 0.105400
BarbaryShe 0.031200 0.356900 0.079900 0.285500 0.055400 0.023300 0.063500 0.071800 0.079800 0.153700 0.015500 0.088400 0.031200 0.071900 0.088600 0.055700 0.115400 0.098000 0.039400 0.079800 0.072200 0.000000 0.107500 0.143200 0.015500 0.063900 0.048100 0.080100 0.047400 0.071100 0.154000 0.080200 0.098100 0.039200 0.015500 0.063600 0.022500 0.055400 0.080400 0.125500 0.134500 0.071900 0.153500 0.134300 0.055400 0.063700 0.071900 0.055700 0.055700 0.072600 0.079800 0.079800
Daviddeer 0.107100 0.394800 0.142000 0.297700 0.115600 0.098500 0.124000 0.106400 0.141700 0.039300 0.090000 0.151400 0.107100 0.115800 0.115400 0.098400 0.143600 0.143400 0.125500 0.141700 0.115700 0.107500 0.000000 0.064800 0.090000 0.089700 0.099500 0.142300 0.107100 0.132800 0.056400 0.124500 0.107300 0.115900 0.090000 0.124600 0.098500 0.098100 0.106900 0.065100 0.023100 0.115300 0.056200 0.073400 0.115800 0.124900 0.115700 0.125000 0.098800 0.099300 0.141700 0.141700
Reindeer 0.142700 0.420200 0.160300 0.346300 0.151500 0.134100 0.160400 0.124500 0.178500 0.073400 0.124900 0.188900 0.142700 0.151700 0.170100 0.134300 0.143800 0.162000 0.162000 0.159900 0.152200 0.143200 0.064800 0.000000 0.124900 0.143600 0.145000 0.179300 0.143300 0.169200 0.073600 0.160800 0.144000 0.151900 0.125400 0.160700 0.115900 0.151800 0.142500 0.048100 0.056200 0.170600 0.073300 0.039100 0.151600 0.161300 0.151800 0.171700 0.116300 0.134800 0.178500 0.178400
Ibex 0.015400 0.332200 0.079800 0.285000 0.039100 0.007700 0.063400 0.055200 0.079700 0.135100 0.000000 0.088400 0.015100 0.054000 0.071700 0.039300 0.115400 0.097900 0.031300 0.079700 0.055500 0.015500 0.090000 0.124900 0.000000 0.047400 0.031700 0.080000 0.047400 0.071500 0.135300 0.063500 0.080800 0.022900 0.000000 0.063600 0.007700 0.039200 0.063600 0.107600 0.116300 0.055300 0.134800 0.116200 0.055400 0.063700 0.055300 0.055700 0.039300 0.055900 0.079700 0.079800
GyrantGaze 0.047300 0.318600 0.080200 0.252200 0.071900 0.055500 0.080000 0.055300 0.097000 0.134800 0.047400 0.106100 0.047300 0.072000 0.071800 0.023200 0.115400 0.097900 0.080800 0.097000 0.039100 0.063900 0.089700 0.143600 0.047400 0.000000 0.056100 0.097400 0.031100 0.088500 0.153700 0.080400 0.097900 0.055500 0.047400 0.080300 0.055500 0.055400 0.063800 0.125700 0.116000 0.022600 0.153200 0.134900 0.072000 0.080600 0.055500 0.080800 0.055700 0.072300 0.097000 0.097000
Hartebeest 0.047900 0.372300 0.081100 0.255300 0.023600 0.039700 0.080900 0.064200 0.081000 0.145600 0.031700 0.107200 0.047900 0.072800 0.081200 0.056100 0.116800 0.099100 0.064800 0.081000 0.072800 0.048100 0.099500 0.145000 0.031700 0.056100 0.000000 0.081300 0.064500 0.072600 0.155300 0.064400 0.099000 0.056200 0.031700 0.081300 0.039800 0.015600 0.064500 0.127000 0.126400 0.081200 0.136300 0.136100 0.072900 0.081600 0.072800 0.072700 0.056300 0.073200 0.081000 0.081000
Bongo 0.096900 0.397800 0.046900 0.273200 0.088300 0.088600 0.079700 0.105400 0.015400 0.190400 0.080000 0.105300 0.097000 0.088200 0.122900 0.088700 0.114800 0.097400 0.106000 0.015400 0.105800 0.080100 0.142300 0.179300 0.080000 0.097400 0.081300 0.000000 0.080100 0.007500 0.190600 0.079900 0.123700 0.105600 0.080300 0.079800 0.088400 0.088400 0.063400 0.161000 0.170400 0.123300 0.171200 0.170400 0.071400 0.063400 0.105500 0.106400 0.063600 0.088900 0.015400 0.015000
Gerenuk 0.047300 0.366500 0.063300 0.273300 0.071800 0.055400 0.063200 0.055200 0.079800 0.153200 0.047400 0.071700 0.047300 0.071900 0.088700 0.022800 0.115000 0.097600 0.072300 0.079800 0.039100 0.047400 0.107100 0.143300 0.047400 0.031100 0.064500 0.080100 0.000000 0.071500 0.153400 0.080300 0.097800 0.055500 0.047400 0.063500 0.055500 0.071900 0.063700 0.125500 0.134000 0.054900 0.152900 0.134500 0.055300 0.063700 0.055400 0.072200 0.055700 0.072300 0.079800 0.079800
CommonElan 0.088100 0.399400 0.038100 0.272200 0.079600 0.079900 0.071200 0.096500 0.007600 0.180000 0.071500 0.096300 0.088100 0.079600 0.113700 0.080000 0.105700 0.088500 0.097000 0.007500 0.096800 0.071100 0.132800 0.169200 0.071500 0.088500 0.072600 0.007500 0.071500 0.000000 0.180200 0.071300 0.114500 0.096700 0.071700 0.070800 0.079700 0.079700 0.055000 0.151100 0.160400 0.114100 0.161100 0.160400 0.062400 0.055100 0.097100 0.097300 0.055200 0.080200 0.007500 0.007600
MuntiacusR 0.153400 0.466200 0.171200 0.359800 0.162400 0.144400 0.152400 0.152400 0.189700 0.015500 0.135300 0.181100 0.153400 0.144200 0.162200 0.144300 0.163100 0.144300 0.154400 0.189700 0.162500 0.154000 0.056400 0.073600 0.135300 0.153700 0.155300 0.190600 0.153400 0.180200 0.000000 0.143800 0.153800 0.162800 0.135400 0.171800 0.144400 0.162600 0.153100 0.073900 0.047800 0.181200 0.015400 0.082300 0.162500 0.172400 0.162600 0.163300 0.144800 0.144500 0.189700 0.189600
HarveysDui 0.080000 0.377000 0.063200 0.306900 0.071600 0.071800 0.031100 0.088300 0.079300 0.153000 0.063900 0.088300 0.080000 0.038200 0.096700 0.071900 0.115000 0.080600 0.080400 0.079600 0.088600 0.080200 0.124500 0.160800 0.063500 0.080400 0.064400 0.079900 0.080300 0.071300 0.143800 0.000000 0.115000 0.088500 0.063700 0.079800 0.071700 0.071600 0.063400 0.142900 0.152000 0.105700 0.134500 0.152000 0.071500 0.080100 0.088400 0.089200 0.063600 0.072100 0.079600 0.079600
Pronghorn 0.097700 0.379900 0.123400 0.318900 0.106200 0.089200 0.114400 0.105900 0.123200 0.153500 0.080800 0.141700 0.097800 0.106300 0.123800 0.089200 0.133500 0.133400 0.115700 0.123200 0.106300 0.098100 0.107300 0.144000 0.080800 0.097900 0.099000 0.123700 0.097800 0.114500 0.153800 0.115000 0.000000 0.106500 0.080800 0.115000 0.089200 0.106300 0.106500 0.144600 0.134200 0.123800 0.153200 0.153700 0.106300 0.115400 0.089100 0.124500 0.080900 0.089200 0.123200 0.123200
BlueWildeb 0.022500 0.319100 0.088200 0.295800 0.063400 0.031200 0.088400 0.063400 0.105200 0.162500 0.023300 0.114200 0.023000 0.080100 0.079900 0.047300 0.142100 0.124100 0.055500 0.105200 0.063600 0.039200 0.115900 0.151900 0.022900 0.055500 0.056200 0.105600 0.055500 0.096700 0.162800 0.088500 0.106500 0.000000 0.023400 0.088600 0.030400 0.063500 0.071800 0.116000 0.143100 0.047100 0.162300 0.143100 0.080100 0.088800 0.063400 0.080700 0.063700 0.080800 0.105200 0.088100
Gemsbok 0.015500 0.332300 0.080100 0.285100 0.039300 0.007700 0.063500 0.055300 0.080000 0.135100 0.000000 0.088700 0.015500 0.055500 0.071900 0.039300 0.115400 0.097900 0.031400 0.080000 0.055500 0.015500 0.090000 0.125400 0.000000 0.047400 0.031700 0.080300 0.047400 0.071700 0.135400 0.063700 0.080800 0.023400 0.000000 0.063800 0.007700 0.039300 0.063800 0.108000 0.116400 0.055300 0.134900 0.116700 0.055600 0.063900 0.055500 0.055700 0.039400 0.055900 0.080000 0.080100
Yak 0.080000 0.402900 0.079500 0.306100 0.088300 0.071900 0.046900 0.088300 0.079400 0.171500 0.063600 0.071400 0.063400 0.071600 0.105400 0.071900 0.114700 0.080300 0.088900 0.078700 0.071800 0.063600 0.124600 0.160700 0.063600 0.080300 0.081300 0.079800 0.063500 0.070800 0.171800 0.079800 0.115000 0.088600 0.063800 0.000000 0.071800 0.088400 0.080000 0.142800 0.133500 0.105800 0.171200 0.151700 0.007500 0.063400 0.088400 0.080500 0.063600 0.055600 0.079400 0.079500
BlueSheep 0.022900 0.320100 0.071500 0.296100 0.047100 0.015500 0.071600 0.047100 0.088300 0.144100 0.007700 0.096900 0.023300 0.063500 0.080000 0.047400 0.106600 0.106500 0.037500 0.071400 0.063700 0.022500 0.098500 0.115900 0.007700 0.055500 0.039800 0.088400 0.055500 0.079700 0.144400 0.071700 0.089200 0.030400 0.007700 0.071800 0.000000 0.047200 0.071800 0.116300 0.125100 0.063500 0.143900 0.107400 0.063500 0.071900 0.063400 0.063900 0.031300 0.064100 0.088100 0.088100
BohorReedb 0.055300 0.365300 0.088300 0.251900 0.015400 0.047200 0.088300 0.063400 0.088100 0.143500 0.039200 0.097000 0.055300 0.079900 0.063300 0.063700 0.106600 0.106400 0.072000 0.087800 0.080200 0.055400 0.098100 0.151800 0.039200 0.055400 0.015600 0.088400 0.071900 0.079700 0.162600 0.071600 0.106300 0.063500 0.039300 0.088400 0.047200 0.000000 0.071800 0.133900 0.124600 0.080000 0.143700 0.143100 0.080000 0.088600 0.080000 0.072300 0.063600 0.080600 0.088100 0.088100
KirksDik 0.063500 0.341500 0.047000 0.263600 0.071700 0.071900 0.079900 0.071700 0.046900 0.152900 0.063600 0.105500 0.063500 0.071600 0.105600 0.055500 0.115300 0.097800 0.097600 0.063100 0.071900 0.080400 0.106900 0.142500 0.063600 0.063800 0.064500 0.063400 0.063700 0.055000 0.153100 0.063400 0.106500 0.071800 0.063800 0.080000 0.071800 0.071800 0.000000 0.124800 0.133700 0.088700 0.134400 0.133900 0.071600 0.080200 0.071700 0.106600 0.047300 0.072200 0.046900 0.063100
RoeDeer 0.125100 0.422900 0.160600 0.323400 0.133700 0.116500 0.142500 0.124700 0.160200 0.073700 0.107600 0.170300 0.125100 0.134000 0.133500 0.116700 0.162900 0.162700 0.144000 0.160200 0.134400 0.125500 0.065100 0.048100 0.107600 0.125700 0.127000 0.161000 0.125500 0.151100 0.073900 0.142900 0.144600 0.116000 0.108000 0.142800 0.116300 0.133900 0.124800 0.000000 0.056400 0.133900 0.073600 0.056500 0.133900 0.143300 0.133900 0.153300 0.116700 0.135400 0.160200 0.141700
WhiteLippe 0.134000 0.407700 0.169900 0.309200 0.142800 0.125200 0.132900 0.133200 0.169600 0.031300 0.116300 0.179800 0.134000 0.143000 0.142500 0.125100 0.152800 0.152600 0.153100 0.169600 0.142900 0.134500 0.023100 0.056200 0.116300 0.116000 0.126400 0.170400 0.134000 0.160400 0.047800 0.152000 0.134200 0.143100 0.116400 0.133500 0.125100 0.124600 0.133700 0.056400 0.000000 0.142400 0.047800 0.064700 0.124600 0.152500 0.142900 0.152600 0.125500 0.107200 0.169600 0.169600
ThomsonGaz 0.055200 0.305100 0.105500 0.261600 0.097000 0.063400 0.105300 0.079900 0.122800 0.161600 0.055300 0.132200 0.055200 0.097100 0.079900 0.045700 0.141800 0.123800 0.088900 0.122800 0.063300 0.071900 0.115300 0.170600 0.055300 0.022600 0.081200 0.123300 0.054900 0.114100 0.181200 0.105700 0.123800 0.047100 0.055300 0.105800 0.063500 0.080000 0.088700 0.133900 0.142400 0.000000 0.180600 0.161800 0.097100 0.106100 0.080100 0.089000 0.080500 0.097500 0.122800 0.105300
MuntiacusC 0.152900 0.463600 0.152200 0.335200 0.143500 0.143900 0.152000 0.152000 0.170400 0.015600 0.134800 0.180700 0.152900 0.143700 0.180800 0.143800 0.144100 0.125800 0.153900 0.170300 0.162000 0.153500 0.056200 0.073300 0.134800 0.153200 0.136300 0.171200 0.152900 0.161100 0.015400 0.134500 0.153200 0.162300 0.134900 0.171200 0.143900 0.143700 0.134400 0.073600 0.047800 0.180600 0.000000 0.082100 0.162000 0.171900 0.162100 0.162800 0.144300 0.143900 0.170400 0.170300
WhiteTaile 0.134000 0.408400 0.151600 0.335800 0.142800 0.125400 0.151600 0.116000 0.169700 0.082200 0.116200 0.180100 0.133900 0.142900 0.161300 0.125600 0.153400 0.153100 0.153000 0.151200 0.143400 0.134300 0.073400 0.039100 0.116200 0.134900 0.136100 0.170400 0.134500 0.160400 0.082300 0.152000 0.153700 0.143100 0.116700 0.151700 0.107400 0.143100 0.133900 0.056500 0.064700 0.161800 0.082100 0.000000 0.142700 0.152500 0.143100 0.162800 0.107800 0.125900 0.169700 0.169500
Cattle 0.071700 0.390700 0.071200 0.295000 0.079900 0.063600 0.038900 0.079900 0.071100 0.162200 0.055000 0.063200 0.071800 0.063300 0.096800 0.063700 0.106000 0.088900 0.080500 0.071100 0.080300 0.055400 0.115800 0.151600 0.055400 0.072000 0.072900 0.071400 0.055300 0.062400 0.162500 0.071500 0.106300 0.080100 0.055600 0.007500 0.063500 0.080000 0.071600 0.133900 0.124600 0.097100 0.162000 0.142700 0.000000 0.055200 0.080000 0.080600 0.055400 0.047400 0.071200 0.071200
RoyalAntel 0.080300 0.404500 0.079800 0.307800 0.088600 0.072100 0.063300 0.088600 0.063200 0.172100 0.063700 0.088400 0.080300 0.071800 0.105700 0.072200 0.115100 0.097700 0.089100 0.063200 0.072100 0.063700 0.124900 0.161300 0.063700 0.080600 0.081600 0.063400 0.063700 0.055100 0.172400 0.080100 0.115400 0.088800 0.063900 0.063400 0.071900 0.088600 0.080200 0.143300 0.152500 0.106100 0.171900 0.152500 0.055200 0.000000 0.088700 0.089300 0.063800 0.072400 0.063200 0.063200
Steenbok 0.055200 0.342000 0.088200 0.284400 0.079900 0.063600 0.088300 0.063300 0.105100 0.162400 0.055300 0.114200 0.055200 0.063300 0.080200 0.031200 0.123300 0.123500 0.088900 0.105100 0.063500 0.071900 0.115700 0.151800 0.055300 0.055500 0.072800 0.105500 0.055400 0.097100 0.162600 0.088400 0.089100 0.063400 0.055500 0.088400 0.063400 0.080000 0.071700 0.133900 0.142900 0.080100 0.162100 0.143100 0.080000 0.088700 0.000000 0.080700 0.063700 0.080600 0.105100 0.105100
Impala 0.072200 0.404600 0.089000 0.308400 0.080700 0.063800 0.071900 0.080500 0.106000 0.153600 0.055700 0.080800 0.063900 0.080700 0.072300 0.080800 0.124600 0.098100 0.064200 0.106000 0.089100 0.055700 0.125000 0.171700 0.055700 0.080800 0.072700 0.106400 0.072200 0.097300 0.163300 0.089200 0.124500 0.080700 0.055700 0.080500 0.063900 0.072300 0.106600 0.153300 0.152600 0.089000 0.162800 0.162800 0.080600 0.089300 0.080700 0.000000 0.081000 0.098200 0.106000 0.106000
Klipspring 0.055500 0.344800 0.047200 0.274900 0.063600 0.047400 0.063600 0.047300 0.063300 0.144600 0.039300 0.088300 0.053800 0.055700 0.080200 0.047500 0.098200 0.098100 0.072300 0.047100 0.063900 0.055700 0.098800 0.116300 0.039300 0.055700 0.056300 0.063600 0.055700 0.055200 0.144800 0.063600 0.080900 0.063700 0.039400 0.063600 0.031300 0.063600 0.047300 0.116700 0.125500 0.080500 0.144300 0.107800 0.055400 0.063800 0.063700 0.081000 0.000000 0.055900 0.063300 0.063300
ForestMusk 0.072300 0.369100 0.088600 0.284200 0.080600 0.064100 0.055300 0.080200 0.088500 0.144100 0.055900 0.097300 0.072400 0.063900 0.097600 0.064000 0.106700 0.089400 0.089700 0.088500 0.080700 0.072600 0.099300 0.134800 0.055900 0.072300 0.073200 0.088900 0.072300 0.080200 0.144500 0.072100 0.089200 0.080800 0.055900 0.055600 0.064100 0.080600 0.072200 0.135400 0.107200 0.097500 0.143900 0.125900 0.047400 0.072400 0.080600 0.098200 0.055900 0.000000 0.088500 0.088600
Bushbuck 0.095400 0.411800 0.046800 0.261500 0.088000 0.088200 0.079400 0.105000 0.000000 0.189500 0.079700 0.104900 0.096600 0.087900 0.122400 0.088400 0.114300 0.097000 0.104600 0.015300 0.105400 0.079800 0.141700 0.178500 0.079700 0.097000 0.081000 0.015400 0.079800 0.007500 0.189700 0.079600 0.123200 0.105200 0.080000 0.079400 0.088100 0.088100 0.046900 0.160200 0.169600 0.122800 0.170400 0.169700 0.071200 0.063200 0.105100 0.106000 0.063300 0.088500 0.000000 0.015300
GreaterKud 0.096500 0.386400 0.046800 0.261100 0.088000 0.088300 0.079500 0.105000 0.015000 0.189400 0.079800 0.104800 0.096600 0.087900 0.104900 0.088400 0.114300 0.097000 0.105600 0.015300 0.105400 0.079800 0.141700 0.178400 0.079800 0.097000 0.081000 0.015000 0.079800 0.007600 0.189600 0.079600 0.123200 0.088100 0.080100 0.079500 0.088100 0.088100 0.063100 0.141700 0.169600 0.105300 0.170300 0.169500 0.071200 0.063200 0.105100 0.106000 0.063300 0.088600 0.015300 0.000000
