1
52 1
Argali 0.000000 0.055300 0.030300 0.039300 0.025900 0.002800 0.030400 0.024400 0.023700 0.023600 0.007000 0.020000 0.016400 0.025800 0.019400 0.020200 0.023600 0.024000 0.012700 0.022200 0.018500 0.008600 0.022600 0.025100 0.008400 0.020000 0.015000 0.023600 0.023700 0.022200 0.023500 0.025000 0.022100 0.019300 0.020000 0.020000 0.008400 0.019300 0.025700 0.018500 0.021400 0.022900 0.023600 0.025200 0.021400 0.018500 0.023700 0.025200 0.021500 0.021400 0.024100 0.022200
LesserMous 0.055300 0.000000 0.067100 0.053100 0.056100 0.053600 0.062100 0.055000 0.056000 0.057000 0.050600 0.056100 0.053300 0.060000 0.050200 0.053100 0.054800 0.053700 0.051400 0.057500 0.050800 0.049900 0.055900 0.057700 0.050600 0.052400 0.052800 0.055900 0.054100 0.055900 0.056900 0.058500 0.052200 0.056800 0.053800 0.054400 0.052300 0.049200 0.057500 0.052100 0.055200 0.054000 0.056900 0.058400 0.056000 0.052300 0.057600 0.055500 0.053800 0.055200 0.059000 0.057500
LesserKudu 0.030300 0.067100 0.000000 0.050600 0.038400 0.029300 0.041000 0.032400 0.014200 0.036000 0.029400 0.024300 0.028600 0.037600 0.030900 0.034900 0.034300 0.035200 0.032300 0.012700 0.029400 0.029500 0.035200 0.034500 0.029400 0.031300 0.027100 0.014200 0.034800 0.012700 0.036000 0.037600 0.033000 0.031900 0.031800 0.024200 0.030900 0.031600 0.034900 0.030800 0.033700 0.033900 0.036000 0.034000 0.025700 0.030800 0.034600 0.037300 0.030900 0.032600 0.015600 0.012700
KillerWhal 0.039300 0.053100 0.050600 0.000000 0.040700 0.036200 0.047500 0.039700 0.041500 0.037800 0.034000 0.040700 0.035400 0.041900 0.036200 0.041300 0.036300 0.034700 0.036900 0.041400 0.037000 0.034200 0.037600 0.041600 0.033700 0.038500 0.033900 0.041400 0.043000 0.041400 0.039200 0.042800 0.035300 0.040000 0.039800 0.040600 0.034000 0.036100 0.041500 0.035300 0.036100 0.040700 0.037800 0.040800 0.042200 0.035400 0.040000 0.042400 0.037700 0.034500 0.044400 0.041400
DefassaWat 0.025900 0.056100 0.038400 0.040700 0.000000 0.022800 0.030300 0.025500 0.028700 0.025700 0.019900 0.026500 0.022000 0.025800 0.019200 0.026700 0.027100 0.025700 0.024200 0.028600 0.019200 0.020100 0.024200 0.023500 0.019900 0.022800 0.020600 0.030100 0.026000 0.028600 0.027100 0.025800 0.024200 0.026800 0.025400 0.026400 0.021400 0.007700 0.028600 0.021300 0.024200 0.025800 0.025700 0.026500 0.027900 0.019900 0.025000 0.022100 0.021400 0.027100 0.031600 0.028600
Sheep 0.002800 0.053600 0.029300 0.036200 0.022800 0.000000 0.027300 0.022700 0.022700 0.020500 0.004200 0.019100 0.013300 0.022800 0.016300 0.018600 0.020500 0.020900 0.011200 0.021300 0.016900 0.005800 0.020600 0.022000 0.005600 0.018400 0.011900 0.022700 0.022000 0.021300 0.021900 0.022900 0.019100 0.016100 0.016900 0.019100 0.005600 0.016200 0.022600 0.015500 0.018300 0.021300 0.020500 0.022100 0.020500 0.015500 0.020600 0.022100 0.018400 0.018400 0.024300 0.021200
MaxwellsDu 0.030400 0.062100 0.041000 0.047500 0.030300 0.027300 0.000000 0.031500 0.033200 0.031700 0.024400 0.032500 0.026500 0.013500 0.026500 0.027500 0.032400 0.030900 0.028700 0.031700 0.025800 0.024500 0.032400 0.033900 0.022900 0.027700 0.025100 0.033200 0.030500 0.031700 0.033100 0.012800 0.029400 0.031000 0.028700 0.032400 0.025600 0.023600 0.027300 0.025800 0.030200 0.030300 0.031700 0.032500 0.033900 0.024300 0.028100 0.028800 0.027300 0.028700 0.034700 0.031700
GazellaPrz 0.024400 0.055000 0.032400 0.039700 0.025500 0.022700 0.031500 0.000000 0.025700 0.027100 0.019900 0.025000 0.022000 0.026900 0.020600 0.018000 0.025800 0.026400 0.022800 0.024200 0.014100 0.020100 0.027100 0.027100 0.019900 0.015600 0.020600 0.025700 0.018000 0.024200 0.027100 0.027000 0.023500 0.024900 0.023700 0.024900 0.021400 0.020300 0.021300 0.022700 0.025600 0.019900 0.027100 0.029400 0.024300 0.018200 0.022100 0.026300 0.022200 0.024400 0.027100 0.024200
MountainNy 0.023700 0.056000 0.014200 0.041500 0.028700 0.022700 0.033200 0.025700 0.000000 0.027800 0.021300 0.016300 0.022000 0.030100 0.023600 0.026700 0.025900 0.026400 0.024200 0.002800 0.022700 0.021500 0.027800 0.027100 0.021300 0.023400 0.020600 0.004200 0.026900 0.002800 0.027800 0.030100 0.024900 0.025700 0.025400 0.016200 0.022800 0.022000 0.027100 0.022700 0.026300 0.025900 0.027800 0.025800 0.017700 0.022700 0.026400 0.029500 0.025700 0.023700 0.004200 0.002800
MuntiacusM 0.023600 0.057000 0.036000 0.037800 0.025700 0.020500 0.031700 0.027100 0.027800 0.000000 0.019100 0.022800 0.021200 0.029100 0.021200 0.027300 0.021200 0.018400 0.022000 0.026400 0.022000 0.019300 0.011900 0.013400 0.019100 0.023500 0.019800 0.027800 0.027500 0.026300 0.002800 0.029100 0.019800 0.026000 0.022800 0.022700 0.020000 0.019800 0.026300 0.007000 0.010500 0.026400 0.001400 0.015500 0.024100 0.020500 0.027100 0.027100 0.023600 0.020500 0.029300 0.026300
goat 0.007000 0.050600 0.029400 0.034000 0.019900 0.004200 0.024400 0.019900 0.021300 0.019100 0.000000 0.017700 0.010500 0.019900 0.013400 0.016400 0.019100 0.019400 0.009800 0.019800 0.014100 0.002900 0.019200 0.020500 0.001400 0.015600 0.009100 0.021300 0.019500 0.019800 0.020500 0.020000 0.017700 0.013700 0.014100 0.017700 0.002800 0.013400 0.019800 0.014100 0.016900 0.018400 0.019100 0.020600 0.019100 0.012600 0.017700 0.019200 0.015600 0.018400 0.022900 0.019800
AfricanBuf 0.020000 0.056100 0.024300 0.040700 0.026500 0.019100 0.032500 0.025000 0.016300 0.022800 0.017700 0.000000 0.019800 0.027900 0.019900 0.024400 0.022000 0.022700 0.020600 0.014800 0.019100 0.017900 0.022700 0.024300 0.017700 0.020600 0.018400 0.016300 0.024600 0.014800 0.022800 0.028000 0.021300 0.024600 0.023200 0.007000 0.019200 0.019900 0.027500 0.017700 0.021300 0.023500 0.022800 0.023700 0.008400 0.019100 0.024300 0.027200 0.022100 0.022000 0.017700 0.014800
Topi 0.016400 0.053300 0.028600 0.035400 0.022000 0.013300 0.026500 0.022000 0.022000 0.021200 0.010500 0.019800 0.000000 0.023500 0.015600 0.021500 0.021200 0.021200 0.014800 0.020500 0.016200 0.010700 0.021200 0.022700 0.010500 0.018000 0.002800 0.022000 0.021700 0.020500 0.022600 0.023500 0.018000 0.010600 0.011200 0.019800 0.011300 0.015500 0.021900 0.016200 0.019800 0.020600 0.021200 0.022800 0.021200 0.014800 0.019800 0.022800 0.017700 0.019100 0.023400 0.020500
CommonDuik 0.025800 0.060000 0.037600 0.041900 0.025800 0.022800 0.013500 0.026900 0.030100 0.029100 0.019900 0.027900 0.023500 0.000000 0.022000 0.023800 0.027800 0.027800 0.024200 0.028600 0.019900 0.020000 0.028600 0.030600 0.018400 0.022800 0.022000 0.030100 0.026700 0.028600 0.030400 0.004900 0.026400 0.027500 0.026100 0.026400 0.020400 0.019200 0.025700 0.023900 0.026400 0.025700 0.029000 0.029400 0.027900 0.019800 0.025000 0.025000 0.022800 0.025700 0.031500 0.028600
Suni 0.019400 0.050200 0.030900 0.036200 0.019200 0.016300 0.026500 0.020600 0.023600 0.021200 0.013400 0.019900 0.015600 0.022000 0.000000 0.020400 0.017700 0.019900 0.017700 0.022100 0.014300 0.013600 0.021200 0.020500 0.013400 0.017200 0.014100 0.022100 0.020500 0.020600 0.022600 0.022100 0.019900 0.020300 0.019000 0.018400 0.014900 0.012700 0.022700 0.016200 0.019700 0.020100 0.021200 0.019800 0.019900 0.013400 0.020600 0.017800 0.014900 0.018300 0.023500 0.022100
Springbuck 0.020200 0.053100 0.034900 0.041300 0.026700 0.018600 0.027500 0.018000 0.026700 0.027300 0.016400 0.024400 0.021500 0.023800 0.020400 0.000000 0.026800 0.026700 0.020800 0.025200 0.012800 0.016600 0.027400 0.028100 0.017900 0.014300 0.020100 0.026600 0.011300 0.025200 0.027300 0.023800 0.024400 0.026300 0.024400 0.024400 0.017900 0.020100 0.018500 0.022200 0.025200 0.018700 0.027300 0.029000 0.025300 0.018000 0.021600 0.026000 0.022300 0.023900 0.028100 0.025200
Okapi 0.023600 0.054800 0.034300 0.036300 0.027100 0.020500 0.032400 0.025800 0.025900 0.021200 0.019100 0.022000 0.021200 0.027800 0.017700 0.026800 0.000000 0.011200 0.022900 0.024400 0.021400 0.019300 0.022600 0.024100 0.019100 0.022900 0.019800 0.024400 0.027000 0.022900 0.022700 0.027900 0.019800 0.026000 0.024100 0.021200 0.020600 0.021200 0.028900 0.019000 0.021200 0.025100 0.021200 0.023500 0.022700 0.020500 0.027100 0.028600 0.020700 0.019100 0.025800 0.023600
Giraffe 0.024000 0.053700 0.035200 0.034700 0.025700 0.020900 0.030900 0.026400 0.026400 0.018400 0.019400 0.022700 0.021200 0.027800 0.019900 0.026700 0.011200 0.000000 0.023800 0.024900 0.022000 0.019600 0.019100 0.022000 0.019400 0.023500 0.019800 0.024900 0.027600 0.023400 0.019800 0.027900 0.016900 0.026000 0.024100 0.021200 0.020900 0.019800 0.027700 0.016200 0.018400 0.025700 0.018400 0.021400 0.022700 0.020500 0.027100 0.028600 0.022800 0.019800 0.026300 0.024100
TibetanAnt 0.012700 0.051400 0.032300 0.036900 0.024200 0.011200 0.028700 0.022800 0.024200 0.022000 0.009800 0.020600 0.014800 0.024200 0.017700 0.020800 0.022900 0.023800 0.000000 0.022700 0.016900 0.010100 0.022100 0.023400 0.009800 0.018400 0.013400 0.024100 0.022400 0.022700 0.022000 0.024300 0.021900 0.019500 0.018300 0.020500 0.011300 0.017700 0.024100 0.016900 0.019800 0.021300 0.022000 0.023500 0.022000 0.016900 0.023500 0.023500 0.019900 0.019800 0.025700 0.022700
Sitatunga 0.022200 0.057500 0.012700 0.041400 0.028600 0.021300 0.031700 0.024200 0.002800 0.026400 0.019800 0.014800 0.020500 0.028600 0.022100 0.025200 0.024400 0.024900 0.022700 0.000000 0.021300 0.020000 0.026300 0.025600 0.019800 0.021700 0.019100 0.002800 0.025400 0.001400 0.026300 0.028700 0.023400 0.024200 0.023600 0.014800 0.021300 0.022000 0.025600 0.021200 0.024900 0.024200 0.026400 0.024300 0.016200 0.021200 0.025000 0.028000 0.024200 0.022300 0.004200 0.001400
Oribi 0.018500 0.050800 0.029400 0.037000 0.019200 0.016900 0.025800 0.014100 0.022700 0.022000 0.014100 0.019100 0.016200 0.019900 0.014300 0.012800 0.021400 0.022000 0.016900 0.021300 0.000000 0.013400 0.019100 0.022000 0.014100 0.009900 0.014800 0.022700 0.012800 0.021300 0.022000 0.019900 0.020500 0.021000 0.019800 0.019100 0.015600 0.014100 0.018400 0.016900 0.020500 0.014100 0.022000 0.023500 0.019900 0.011900 0.016300 0.019900 0.017000 0.017800 0.024200 0.021300
BarbaryShe 0.008600 0.049900 0.029500 0.034200 0.020100 0.005800 0.024500 0.020100 0.021500 0.019300 0.002900 0.017900 0.010700 0.020000 0.013600 0.016600 0.019300 0.019600 0.010100 0.020000 0.013400 0.000000 0.018500 0.020700 0.004300 0.015700 0.009200 0.021500 0.019600 0.020000 0.020700 0.020200 0.017800 0.015200 0.014300 0.017800 0.004300 0.013500 0.020000 0.014200 0.017100 0.018600 0.019300 0.020800 0.019300 0.012800 0.019300 0.020900 0.015700 0.018600 0.023100 0.020000
Daviddeer 0.022600 0.055900 0.035200 0.037600 0.024200 0.020600 0.032400 0.027100 0.027800 0.011900 0.019200 0.022700 0.021200 0.028600 0.021200 0.027400 0.022600 0.019100 0.022100 0.026300 0.019100 0.018500 0.000000 0.012700 0.019200 0.023400 0.019800 0.027700 0.027500 0.026300 0.013300 0.027700 0.019800 0.026200 0.024800 0.022600 0.020200 0.019800 0.027000 0.008400 0.005600 0.026300 0.011900 0.016200 0.024100 0.020400 0.027100 0.025700 0.023400 0.020500 0.027700 0.026300
Reindeer 0.025100 0.057700 0.034500 0.041600 0.023500 0.022000 0.033900 0.027100 0.027100 0.013400 0.020500 0.024300 0.022700 0.030600 0.020500 0.028100 0.024100 0.022000 0.023400 0.025600 0.022000 0.020700 0.012700 0.000000 0.020500 0.024200 0.021200 0.027100 0.028100 0.025600 0.014800 0.030700 0.021300 0.026000 0.026300 0.024100 0.021500 0.019800 0.027000 0.009100 0.012700 0.027100 0.013400 0.009800 0.025600 0.021900 0.028600 0.025700 0.023500 0.021300 0.028500 0.025600
Ibex 0.008400 0.050600 0.029400 0.033700 0.019900 0.005600 0.022900 0.019900 0.021300 0.019100 0.001400 0.017700 0.010500 0.018400 0.013400 0.017900 0.019100 0.019400 0.009800 0.019800 0.014100 0.004300 0.019200 0.020500 0.000000 0.015600 0.009100 0.021300 0.019500 0.019800 0.020500 0.018500 0.017600 0.013700 0.014100 0.017700 0.003900 0.013400 0.019800 0.014100 0.016900 0.018400 0.019100 0.020600 0.019100 0.012600 0.017700 0.019200 0.015600 0.018400 0.022900 0.019800
GyrantGaze 0.020000 0.052400 0.031300 0.038500 0.022800 0.018400 0.027700 0.015600 0.023400 0.023500 0.015600 0.020600 0.018000 0.022800 0.017200 0.014300 0.022900 0.023500 0.018400 0.021700 0.009900 0.015700 0.023400 0.024200 0.015600 0.000000 0.016600 0.023100 0.014300 0.021700 0.023500 0.022900 0.022300 0.022100 0.018700 0.020600 0.017000 0.016300 0.020200 0.018400 0.022000 0.004200 0.023500 0.025000 0.021400 0.012700 0.019600 0.021300 0.018500 0.020500 0.024600 0.021700
Hartebeest 0.015000 0.052800 0.027100 0.033900 0.020600 0.011900 0.025100 0.020600 0.020600 0.019800 0.009100 0.018400 0.002800 0.022000 0.014100 0.020100 0.019800 0.019800 0.013400 0.019100 0.014800 0.009200 0.019800 0.021200 0.009100 0.016600 0.000000 0.020500 0.020200 0.019100 0.021200 0.022000 0.016500 0.009100 0.010500 0.018300 0.009900 0.014100 0.020500 0.014800 0.018300 0.019100 0.019800 0.021300 0.019800 0.013300 0.018400 0.021300 0.016200 0.016200 0.022000 0.019100
Bongo 0.023600 0.055900 0.014200 0.041400 0.030100 0.022700 0.033200 0.025700 0.004200 0.027800 0.021300 0.016300 0.022000 0.030100 0.022100 0.026600 0.024400 0.024900 0.024100 0.002800 0.022700 0.021500 0.027700 0.027100 0.021300 0.023100 0.020500 0.000000 0.026800 0.001400 0.027800 0.030100 0.024900 0.025700 0.025100 0.014800 0.022800 0.023400 0.027000 0.022700 0.026300 0.025700 0.027800 0.025700 0.016200 0.022700 0.026400 0.029500 0.025600 0.023700 0.004200 0.002800
Gerenuk 0.023700 0.054100 0.034800 0.043000 0.026000 0.022000 0.030500 0.018000 0.026900 0.027500 0.019500 0.024600 0.021700 0.026700 0.020500 0.011300 0.027000 0.027600 0.022400 0.025400 0.012800 0.019600 0.027500 0.028100 0.019500 0.014300 0.020200 0.026800 0.000000 0.025400 0.027500 0.026700 0.026000 0.025700 0.025300 0.024600 0.021000 0.020100 0.019900 0.022400 0.026100 0.018600 0.027500 0.029000 0.023900 0.018100 0.020100 0.026000 0.020800 0.024000 0.028300 0.025400
CommonElan 0.022200 0.055900 0.012700 0.041400 0.028600 0.021300 0.031700 0.024200 0.002800 0.026300 0.019800 0.014800 0.020500 0.028600 0.020600 0.025200 0.022900 0.023400 0.022700 0.001400 0.021300 0.020000 0.026300 0.025600 0.019800 0.021700 0.019100 0.001400 0.025400 0.000000 0.026300 0.028600 0.023400 0.024200 0.023600 0.013400 0.021300 0.022000 0.025600 0.021200 0.024800 0.024200 0.026300 0.024300 0.014800 0.021200 0.025000 0.028000 0.024200 0.022200 0.002800 0.001400
MuntiacusR 0.023500 0.056900 0.036000 0.039200 0.027100 0.021900 0.033100 0.027100 0.027800 0.002800 0.020500 0.022800 0.022600 0.030400 0.022600 0.027300 0.022700 0.019800 0.022000 0.026300 0.022000 0.020700 0.013300 0.014800 0.020500 0.023500 0.021200 0.027800 0.027500 0.026300 0.000000 0.030500 0.021200 0.027400 0.024200 0.022700 0.021400 0.021300 0.027300 0.008400 0.011900 0.026400 0.002800 0.016900 0.024100 0.021900 0.028600 0.028500 0.025000 0.022000 0.029200 0.026300
HarveysDui 0.025000 0.058500 0.037600 0.042800 0.025800 0.022900 0.012800 0.027000 0.030100 0.029100 0.020000 0.028000 0.023500 0.004900 0.022100 0.023800 0.027900 0.027900 0.024300 0.028700 0.019900 0.020200 0.027700 0.030700 0.018500 0.022900 0.022000 0.030100 0.026700 0.028600 0.030500 0.000000 0.026400 0.026100 0.026200 0.026400 0.020500 0.019200 0.025700 0.024000 0.027000 0.025800 0.029100 0.029400 0.027900 0.019900 0.025000 0.024300 0.022800 0.025700 0.030100 0.028600
Pronghorn 0.022100 0.052200 0.033000 0.035300 0.024200 0.019100 0.029400 0.023500 0.024900 0.019800 0.017700 0.021300 0.018000 0.026400 0.019900 0.024400 0.019800 0.016900 0.021900 0.023400 0.020500 0.017800 0.019800 0.021300 0.017600 0.022300 0.016500 0.024900 0.026000 0.023400 0.021200 0.026400 0.000000 0.023100 0.020900 0.021200 0.019100 0.018400 0.022700 0.014800 0.018300 0.022700 0.019800 0.021300 0.021200 0.019000 0.022700 0.025700 0.020800 0.018400 0.026300 0.023400
BlueWildeb 0.019300 0.056800 0.031900 0.040000 0.026800 0.016100 0.031000 0.024900 0.025700 0.026000 0.013700 0.024600 0.010600 0.027500 0.020300 0.026300 0.026000 0.026000 0.019500 0.024200 0.021000 0.015200 0.026200 0.026000 0.013700 0.022100 0.009100 0.025700 0.025700 0.024200 0.027400 0.026100 0.023100 0.000000 0.017000 0.024500 0.014500 0.020200 0.027100 0.020900 0.024600 0.025300 0.026000 0.026100 0.026000 0.019400 0.023500 0.024700 0.022000 0.024200 0.027100 0.024200
Gemsbok 0.020000 0.053800 0.031800 0.039800 0.025400 0.016900 0.028700 0.023700 0.025400 0.022800 0.014100 0.023200 0.011200 0.026100 0.019000 0.024400 0.024100 0.024100 0.018300 0.023600 0.019800 0.014300 0.024800 0.026300 0.014100 0.018700 0.010500 0.025100 0.025300 0.023600 0.024200 0.026200 0.020900 0.017000 0.000000 0.023000 0.015500 0.018800 0.024300 0.019700 0.023300 0.021300 0.022800 0.026400 0.024500 0.018100 0.023400 0.026200 0.021000 0.022800 0.026600 0.023600
Yak 0.020000 0.054400 0.024200 0.040600 0.026400 0.019100 0.032400 0.024900 0.016200 0.022700 0.017700 0.007000 0.019800 0.026400 0.018400 0.024400 0.021200 0.021200 0.020500 0.014800 0.019100 0.017800 0.022600 0.024100 0.017700 0.020600 0.018300 0.014800 0.024600 0.013400 0.022700 0.026400 0.021200 0.024500 0.023000 0.000000 0.019100 0.019800 0.027700 0.017600 0.021200 0.023500 0.022700 0.023500 0.004200 0.019000 0.024200 0.027100 0.022000 0.021900 0.016200 0.014800
BlueSheep 0.008400 0.052300 0.030900 0.034000 0.021400 0.005600 0.025600 0.021400 0.022800 0.020000 0.002800 0.019200 0.011300 0.020400 0.014900 0.017900 0.020600 0.020900 0.011300 0.021300 0.015600 0.004300 0.020200 0.021500 0.003900 0.017000 0.009900 0.022800 0.021000 0.021300 0.021400 0.020500 0.019100 0.014500 0.015500 0.019100 0.000000 0.014900 0.021300 0.015000 0.017900 0.019900 0.020000 0.021400 0.020600 0.014100 0.019200 0.020700 0.017000 0.019900 0.024400 0.021300
BohorReedb 0.019300 0.049200 0.031600 0.036100 0.007700 0.016200 0.023600 0.020300 0.022000 0.019800 0.013400 0.019900 0.015500 0.019200 0.012700 0.020100 0.021200 0.019800 0.017700 0.022000 0.014100 0.013500 0.019800 0.019800 0.013400 0.016300 0.014100 0.023400 0.020100 0.022000 0.021300 0.019200 0.018400 0.020200 0.018800 0.019800 0.014900 0.000000 0.022000 0.014800 0.018400 0.019200 0.019800 0.019900 0.021300 0.013400 0.018400 0.017000 0.014800 0.020500 0.024900 0.022000
KirksDik 0.025700 0.057500 0.034900 0.041500 0.028600 0.022600 0.027300 0.021300 0.027100 0.026300 0.019800 0.027500 0.021900 0.025700 0.022700 0.018500 0.028900 0.027700 0.024100 0.025600 0.018400 0.020000 0.027000 0.027000 0.019800 0.020200 0.020500 0.027000 0.019900 0.025600 0.027300 0.025700 0.022700 0.027100 0.024300 0.027700 0.021300 0.022000 0.000000 0.021200 0.025500 0.024200 0.026300 0.027900 0.029200 0.019800 0.019100 0.027800 0.024200 0.023400 0.028500 0.025600
RoeDeer 0.018500 0.052100 0.030800 0.035300 0.021300 0.015500 0.025800 0.022700 0.022700 0.007000 0.014100 0.017700 0.016200 0.023900 0.016200 0.022200 0.019000 0.016200 0.016900 0.021200 0.016900 0.014200 0.008400 0.009100 0.014100 0.018400 0.014800 0.022700 0.022400 0.021200 0.008400 0.024000 0.014800 0.020900 0.019700 0.017600 0.015000 0.014800 0.021200 0.000000 0.007000 0.021300 0.007000 0.010500 0.019100 0.015500 0.022000 0.022000 0.018400 0.015500 0.024100 0.021200
WhiteLippe 0.021400 0.055200 0.033700 0.036100 0.024200 0.018300 0.030200 0.025600 0.026300 0.010500 0.016900 0.021300 0.019800 0.026400 0.019700 0.025200 0.021200 0.018400 0.019800 0.024900 0.020500 0.017100 0.005600 0.012700 0.016900 0.022000 0.018300 0.026300 0.026100 0.024800 0.011900 0.027000 0.018300 0.024600 0.023300 0.021200 0.017900 0.018400 0.025500 0.007000 0.000000 0.024900 0.010500 0.014800 0.022700 0.019000 0.025600 0.025700 0.022000 0.019100 0.027800 0.024800
ThomsonGaz 0.022900 0.054000 0.033900 0.040700 0.025800 0.021300 0.030300 0.019900 0.025900 0.026400 0.018400 0.023500 0.020600 0.025700 0.020100 0.018700 0.025100 0.025700 0.021300 0.024200 0.014100 0.018600 0.026300 0.027100 0.018400 0.004200 0.019100 0.025700 0.018600 0.024200 0.026400 0.025800 0.022700 0.025300 0.021300 0.023500 0.019900 0.019200 0.024200 0.021300 0.024900 0.000000 0.026400 0.028000 0.024300 0.017000 0.022100 0.024200 0.019900 0.022400 0.027100 0.024200
MuntiacusC 0.023600 0.056900 0.036000 0.037800 0.025700 0.020500 0.031700 0.027100 0.027800 0.001400 0.019100 0.022800 0.021200 0.029000 0.021200 0.027300 0.021200 0.018400 0.022000 0.026400 0.022000 0.019300 0.011900 0.013400 0.019100 0.023500 0.019800 0.027800 0.027500 0.026300 0.002800 0.029100 0.019800 0.026000 0.022800 0.022700 0.020000 0.019800 0.026300 0.007000 0.010500 0.026400 0.000000 0.015500 0.024100 0.020500 0.027100 0.027100 0.023600 0.020500 0.029300 0.026300
WhiteTaile 0.025200 0.058400 0.034000 0.040800 0.026500 0.022100 0.032500 0.029400 0.025800 0.015500 0.020600 0.023700 0.022800 0.029400 0.019800 0.029000 0.023500 0.021400 0.023500 0.024300 0.023500 0.020800 0.016200 0.009800 0.020600 0.025000 0.021300 0.025700 0.029000 0.024300 0.016900 0.029400 0.021300 0.026100 0.026400 0.023500 0.021400 0.019900 0.027900 0.010500 0.014800 0.028000 0.015500 0.000000 0.025000 0.022100 0.028700 0.028800 0.023600 0.019800 0.027200 0.024300
Cattle 0.021400 0.056000 0.025700 0.042200 0.027900 0.020500 0.033900 0.024300 0.017700 0.024100 0.019100 0.008400 0.021200 0.027900 0.019900 0.025300 0.022700 0.022700 0.022000 0.016200 0.019900 0.019300 0.024100 0.025600 0.019100 0.021400 0.019800 0.016200 0.023900 0.014800 0.024100 0.027900 0.021200 0.026000 0.024500 0.004200 0.020600 0.021300 0.029200 0.019100 0.022700 0.024300 0.024100 0.025000 0.000000 0.020500 0.025700 0.028600 0.022000 0.023400 0.017700 0.016200
RoyalAntel 0.018500 0.052300 0.030800 0.035400 0.019900 0.015500 0.024300 0.018200 0.022700 0.020500 0.012600 0.019100 0.014800 0.019800 0.013400 0.018000 0.020500 0.020500 0.016900 0.021200 0.011900 0.012800 0.020400 0.021900 0.012600 0.012700 0.013300 0.022700 0.018100 0.021200 0.021900 0.019900 0.019000 0.019400 0.018100 0.019000 0.014100 0.013400 0.019800 0.015500 0.019000 0.017000 0.020500 0.022100 0.020500 0.000000 0.017700 0.019100 0.015500 0.016200 0.024100 0.021200
Steenbok 0.023700 0.057600 0.034600 0.040000 0.025000 0.020600 0.028100 0.022100 0.026400 0.027100 0.017700 0.024300 0.019800 0.025000 0.020600 0.021600 0.027100 0.027100 0.023500 0.025000 0.016300 0.019300 0.027100 0.028600 0.017700 0.019600 0.018400 0.026400 0.020100 0.025000 0.028600 0.025000 0.022700 0.023500 0.023400 0.024200 0.019200 0.018400 0.019100 0.022000 0.025600 0.022100 0.027100 0.028700 0.025700 0.017700 0.000000 0.024300 0.020600 0.023000 0.027900 0.025000
Impala 0.025200 0.055500 0.037300 0.042400 0.022100 0.022100 0.028800 0.026300 0.029500 0.027100 0.019200 0.027200 0.022800 0.025000 0.017800 0.026000 0.028600 0.028600 0.023500 0.028000 0.019900 0.020900 0.025700 0.025700 0.019200 0.021300 0.021300 0.029500 0.026000 0.028000 0.028500 0.024300 0.025700 0.024700 0.026200 0.027100 0.020700 0.017000 0.027800 0.022000 0.025700 0.024200 0.027100 0.028800 0.028600 0.019100 0.024300 0.000000 0.022100 0.025700 0.031000 0.028000
Klipspring 0.021500 0.053800 0.030900 0.037700 0.021400 0.018400 0.027300 0.022200 0.025700 0.023600 0.015600 0.022100 0.017700 0.022800 0.014900 0.022300 0.020700 0.022800 0.019900 0.024200 0.017000 0.015700 0.023400 0.023500 0.015600 0.018500 0.016200 0.025600 0.020800 0.024200 0.025000 0.022800 0.020800 0.022000 0.021000 0.022000 0.017000 0.014800 0.024200 0.018400 0.022000 0.019900 0.023600 0.023600 0.022000 0.015500 0.020600 0.022100 0.000000 0.019900 0.027100 0.024200
ForestMusk 0.021400 0.055200 0.032600 0.034500 0.027100 0.018400 0.028700 0.024400 0.023700 0.020500 0.018400 0.022000 0.019100 0.025700 0.018300 0.023900 0.019100 0.019800 0.019800 0.022300 0.017800 0.018600 0.020500 0.021300 0.018400 0.020500 0.016200 0.023700 0.024000 0.022200 0.022000 0.025700 0.018400 0.024200 0.022800 0.021900 0.019900 0.020500 0.023400 0.015500 0.019100 0.022400 0.020500 0.019800 0.023400 0.016200 0.023000 0.025700 0.019900 0.000000 0.025200 0.022200
Bushbuck 0.024100 0.059000 0.015600 0.044400 0.031600 0.024300 0.034700 0.027100 0.004200 0.029300 0.022900 0.017700 0.023400 0.031500 0.023500 0.028100 0.025800 0.026300 0.025700 0.004200 0.024200 0.023100 0.027700 0.028500 0.022900 0.024600 0.022000 0.004200 0.028300 0.002800 0.029200 0.030100 0.026300 0.027100 0.026600 0.016200 0.024400 0.024900 0.028500 0.024100 0.027800 0.027100 0.029300 0.027200 0.017700 0.024100 0.027900 0.031000 0.027100 0.025200 0.000000 0.004200
GreaterKud 0.022200 0.057500 0.012700 0.041400 0.028600 0.021200 0.031700 0.024200 0.002800 0.026300 0.019800 0.014800 0.020500 0.028600 0.022100 0.025200 0.023600 0.024100 0.022700 0.001400 0.021300 0.020000 0.026300 0.025600 0.019800 0.021700 0.019100 0.002800 0.025400 0.001400 0.026300 0.028600 0.023400 0.024200 0.023600 0.014800 0.021300 0.022000 0.025600 0.021200 0.024800 0.024200 0.026300 0.024300 0.016200 0.021200 0.025000 0.028000 0.024200 0.022200 0.004200 0.000000
