1
52 1
Argali 0.000000 0.254700 0.079600 0.168800 0.067600 0.000000 0.021400 0.044400 0.044500 0.140900 0.044300 0.056000 0.044600 0.021500 0.055600 0.032300 0.105000 0.080200 0.010900 0.031800 0.033000 0.021900 0.103800 0.104700 0.033000 0.044500 0.044600 0.044500 0.033300 0.044500 0.166700 0.021900 0.155200 0.033000 0.010900 0.033200 0.010600 0.079500 0.032100 0.128400 0.116400 0.044500 0.152500 0.116900 0.033200 0.021100 0.067400 0.033100 0.033100 0.067800 0.033100 0.033100
LesserMous 0.254700 0.000000 0.255300 0.184200 0.226700 0.254700 0.225700 0.198300 0.239800 0.285000 0.284400 0.284200 0.288000 0.240300 0.239200 0.211600 0.272500 0.198100 0.240200 0.239700 0.211600 0.254700 0.269900 0.290700 0.269900 0.226100 0.288000 0.254400 0.212400 0.254600 0.285400 0.225700 0.258000 0.270300 0.240200 0.269200 0.240200 0.226300 0.271500 0.270700 0.284900 0.226100 0.317200 0.304800 0.269200 0.255800 0.198200 0.240400 0.240400 0.197600 0.239700 0.239700
LesserKudu 0.079600 0.255300 0.000000 0.169400 0.079900 0.079600 0.056000 0.056100 0.056300 0.140900 0.103600 0.067900 0.080000 0.079600 0.115300 0.044500 0.157200 0.104900 0.067600 0.044600 0.044500 0.079600 0.103800 0.104900 0.091500 0.056200 0.080000 0.056200 0.044800 0.056200 0.140700 0.056000 0.155400 0.067600 0.067600 0.068100 0.067600 0.067800 0.091700 0.128400 0.116400 0.056200 0.139500 0.117100 0.068100 0.079900 0.079500 0.044500 0.044500 0.091900 0.044600 0.044600
KillerWhal 0.168800 0.184200 0.169400 0.000000 0.169300 0.168800 0.142200 0.117100 0.169100 0.222700 0.195600 0.196100 0.197500 0.169000 0.208700 0.129400 0.184600 0.117400 0.155300 0.155400 0.129400 0.168800 0.181700 0.197800 0.182200 0.142700 0.197500 0.141900 0.130400 0.168900 0.222500 0.142200 0.211000 0.182100 0.155300 0.182600 0.155300 0.169100 0.182800 0.208900 0.195700 0.141800 0.251400 0.211200 0.182600 0.169400 0.168700 0.155600 0.155600 0.091300 0.155400 0.155400
DefassaWat 0.067600 0.226700 0.079900 0.169300 0.000000 0.067600 0.044400 0.044500 0.067800 0.141100 0.091200 0.103700 0.091900 0.067600 0.102900 0.033100 0.157000 0.104800 0.055900 0.056000 0.033100 0.067600 0.128800 0.130300 0.079300 0.044600 0.091900 0.067600 0.033300 0.067700 0.141000 0.044400 0.182600 0.079300 0.055900 0.079600 0.055900 0.010700 0.079500 0.154200 0.141700 0.044600 0.152700 0.142800 0.079600 0.067800 0.044500 0.056000 0.056000 0.091800 0.056000 0.054500
Sheep 0.000000 0.254700 0.079600 0.168800 0.067600 0.000000 0.021900 0.044400 0.044500 0.140900 0.044300 0.056000 0.044600 0.021900 0.055600 0.032900 0.105000 0.080200 0.010900 0.033100 0.033000 0.021900 0.103800 0.104700 0.033000 0.044500 0.044600 0.044500 0.033300 0.044500 0.166700 0.021100 0.155200 0.033000 0.010900 0.032300 0.010900 0.079500 0.033100 0.128400 0.116400 0.044500 0.152500 0.116900 0.033200 0.022000 0.067400 0.033100 0.033100 0.067800 0.033100 0.033100
MaxwellsDu 0.021400 0.225700 0.056000 0.142200 0.044400 0.021900 0.000000 0.021800 0.021400 0.115500 0.044300 0.055900 0.044600 0.021900 0.055500 0.010600 0.104900 0.056300 0.010600 0.010900 0.010600 0.021900 0.079400 0.080200 0.033000 0.021700 0.044600 0.021900 0.010900 0.021900 0.140600 0.000000 0.129200 0.032100 0.010800 0.033100 0.010800 0.055900 0.033100 0.103400 0.091600 0.021400 0.127000 0.092000 0.033100 0.021900 0.044200 0.010600 0.010700 0.044500 0.010600 0.010900
GazellaPrz 0.044400 0.198300 0.056100 0.117100 0.044500 0.044400 0.021800 0.000000 0.044100 0.115700 0.067300 0.078800 0.067800 0.044400 0.078800 0.010700 0.105200 0.056500 0.033000 0.033100 0.010900 0.043900 0.079500 0.080500 0.055800 0.021900 0.067800 0.043300 0.010900 0.044400 0.115300 0.021800 0.129700 0.055700 0.033000 0.055900 0.033000 0.056000 0.055900 0.103600 0.091700 0.021500 0.128400 0.092300 0.055900 0.044500 0.044300 0.032400 0.033100 0.044600 0.032800 0.033100
MountainNy 0.044500 0.239800 0.056300 0.169100 0.067800 0.044500 0.021400 0.044100 0.000000 0.141000 0.067500 0.056200 0.068000 0.021900 0.079000 0.033100 0.130700 0.080300 0.033100 0.010700 0.033100 0.044500 0.103900 0.104900 0.055900 0.044500 0.068000 0.022000 0.033300 0.021300 0.166800 0.021400 0.129200 0.055900 0.032200 0.033300 0.033100 0.079600 0.056100 0.128600 0.116500 0.044500 0.152600 0.117100 0.033300 0.044600 0.067500 0.031700 0.033200 0.067900 0.010900 0.010900
MuntiacusM 0.140900 0.285000 0.140900 0.222700 0.141100 0.140900 0.115500 0.115700 0.141000 0.000000 0.166700 0.153800 0.128800 0.141100 0.179500 0.128000 0.181800 0.128600 0.128100 0.128100 0.128000 0.140900 0.032900 0.116700 0.153700 0.141000 0.128800 0.140900 0.129000 0.140900 0.021200 0.115500 0.153800 0.128100 0.128100 0.153900 0.128100 0.141000 0.154200 0.055600 0.044200 0.141000 0.021100 0.103600 0.153900 0.141300 0.140900 0.103300 0.104000 0.115600 0.128100 0.128100
goat 0.044300 0.284400 0.103600 0.195600 0.091200 0.044300 0.044300 0.067300 0.067500 0.166700 0.000000 0.079400 0.067800 0.044300 0.102800 0.055700 0.129800 0.104300 0.031900 0.055800 0.055700 0.044300 0.128700 0.129500 0.010600 0.067500 0.067800 0.067500 0.056100 0.067500 0.193300 0.044300 0.181300 0.055700 0.033000 0.055900 0.033000 0.103400 0.055800 0.153900 0.141600 0.067500 0.178600 0.142100 0.055900 0.067600 0.090900 0.055800 0.055800 0.091600 0.055800 0.055800
AfricanBuf 0.056000 0.284200 0.067900 0.196100 0.103700 0.056000 0.055900 0.078800 0.056200 0.153800 0.079400 0.000000 0.079900 0.055900 0.115300 0.067500 0.130200 0.104600 0.044400 0.044600 0.067500 0.056000 0.116300 0.129700 0.067600 0.079600 0.079900 0.056200 0.068000 0.056200 0.179900 0.055900 0.181600 0.067500 0.044400 0.022100 0.044400 0.091400 0.067200 0.141200 0.129100 0.079600 0.152300 0.142300 0.022100 0.079800 0.103400 0.067700 0.067700 0.091400 0.044600 0.044600
Topi 0.044600 0.288000 0.080000 0.197500 0.091900 0.044600 0.044600 0.067800 0.068000 0.128800 0.067800 0.079900 0.000000 0.044600 0.103600 0.056100 0.130900 0.105100 0.033200 0.056200 0.056100 0.044600 0.092000 0.105200 0.056100 0.068000 0.000000 0.068000 0.056500 0.068000 0.154400 0.044600 0.142800 0.010700 0.033200 0.056100 0.033200 0.104200 0.056200 0.116400 0.104400 0.068000 0.140500 0.104900 0.056300 0.068100 0.091700 0.033200 0.033200 0.092300 0.056200 0.056200
CommonDuik 0.021500 0.240300 0.079600 0.169000 0.067600 0.021900 0.021900 0.044400 0.021900 0.141100 0.044300 0.055900 0.044600 0.000000 0.078900 0.031700 0.104900 0.080100 0.010600 0.032500 0.033000 0.021900 0.103900 0.104900 0.032100 0.044400 0.043000 0.044400 0.033300 0.042300 0.167000 0.021900 0.129100 0.033000 0.010900 0.033100 0.010900 0.079500 0.033100 0.128600 0.116400 0.044400 0.152800 0.117000 0.033100 0.042200 0.067400 0.033100 0.033100 0.067800 0.033100 0.033100
Suni 0.055600 0.239200 0.115300 0.208700 0.102900 0.055600 0.055500 0.078800 0.079000 0.179500 0.102800 0.115300 0.103600 0.078900 0.000000 0.067000 0.168400 0.116200 0.067100 0.067100 0.067000 0.078900 0.140900 0.116500 0.090800 0.078900 0.103600 0.078900 0.067300 0.078900 0.206600 0.055500 0.168000 0.090700 0.067100 0.090900 0.067100 0.115200 0.091000 0.166500 0.153800 0.078900 0.191600 0.154700 0.090900 0.055800 0.102800 0.067100 0.067100 0.103400 0.067100 0.067100
Springbuck 0.032300 0.211600 0.044500 0.129400 0.033100 0.032900 0.010600 0.010700 0.033100 0.128000 0.055700 0.067500 0.056100 0.031700 0.067000 0.000000 0.117500 0.068100 0.021800 0.021400 0.000000 0.033000 0.091400 0.092400 0.043100 0.010900 0.056100 0.032200 0.000000 0.033100 0.128000 0.010800 0.142200 0.044300 0.021200 0.044400 0.021300 0.044400 0.044400 0.115800 0.103700 0.010600 0.139600 0.104700 0.044400 0.032500 0.033000 0.021900 0.021900 0.056000 0.021200 0.021700
Okapi 0.105000 0.272500 0.157200 0.184600 0.157000 0.105000 0.104900 0.105200 0.130700 0.181800 0.129800 0.130200 0.130900 0.104900 0.168400 0.117500 0.000000 0.069000 0.092400 0.117700 0.117400 0.105000 0.142800 0.157500 0.117300 0.105200 0.130900 0.130500 0.118400 0.130500 0.209000 0.104900 0.170300 0.117200 0.092400 0.117800 0.092400 0.156800 0.117600 0.168600 0.156200 0.105200 0.208800 0.170500 0.117800 0.130900 0.156200 0.117800 0.117700 0.104900 0.117700 0.117700
Giraffe 0.080200 0.198100 0.104900 0.117400 0.104800 0.080200 0.056300 0.056500 0.080300 0.128600 0.104300 0.104600 0.105100 0.080100 0.116200 0.068100 0.069000 0.000000 0.068100 0.068200 0.068100 0.080200 0.091900 0.105300 0.092100 0.056400 0.105100 0.080200 0.068600 0.080200 0.154200 0.056300 0.117400 0.092100 0.067900 0.092500 0.068100 0.104700 0.092400 0.116300 0.104300 0.056400 0.154000 0.117500 0.092500 0.080400 0.104300 0.068200 0.068200 0.056300 0.068200 0.068200
TibetanAnt 0.010900 0.240200 0.067600 0.155300 0.055900 0.010900 0.010600 0.033000 0.033100 0.128100 0.031900 0.044400 0.033200 0.010600 0.067100 0.021800 0.092400 0.068100 0.000000 0.021900 0.021300 0.010900 0.091500 0.092300 0.021800 0.033100 0.033200 0.033100 0.022000 0.033100 0.153500 0.010600 0.142000 0.021800 0.000000 0.021900 0.000000 0.067500 0.021100 0.115800 0.103800 0.033100 0.139700 0.104300 0.021900 0.033100 0.055700 0.021900 0.021500 0.056000 0.021900 0.021900
Sitatunga 0.031800 0.239700 0.044600 0.155400 0.056000 0.033100 0.010900 0.033100 0.010700 0.128100 0.055800 0.044600 0.056200 0.032500 0.067100 0.021400 0.117700 0.068200 0.021900 0.000000 0.021900 0.033100 0.091500 0.092400 0.044400 0.033100 0.056200 0.010700 0.022000 0.010700 0.153400 0.010700 0.142100 0.044300 0.021400 0.021500 0.021900 0.067600 0.044500 0.115800 0.103900 0.033100 0.139600 0.104400 0.022000 0.033200 0.055800 0.021900 0.021900 0.056100 0.000000 0.000000
Oribi 0.033000 0.211600 0.044500 0.129400 0.033100 0.033000 0.010600 0.010900 0.033100 0.128000 0.055700 0.067500 0.056100 0.033000 0.067000 0.000000 0.117400 0.068100 0.021300 0.021900 0.000000 0.032000 0.091400 0.092400 0.044300 0.010900 0.056100 0.033000 0.000000 0.033100 0.128000 0.010800 0.142200 0.044300 0.021800 0.043300 0.021300 0.044400 0.042200 0.115800 0.103700 0.010900 0.139600 0.104400 0.044400 0.032100 0.033000 0.021400 0.021900 0.056000 0.021900 0.021200
BarbaryShe 0.021900 0.254700 0.079600 0.168800 0.067600 0.021900 0.021900 0.043900 0.044500 0.140900 0.044300 0.056000 0.044600 0.021900 0.078900 0.033000 0.105000 0.080200 0.010900 0.033100 0.032000 0.000000 0.103800 0.104700 0.031600 0.042200 0.042300 0.042300 0.033300 0.044500 0.166700 0.021900 0.155200 0.032000 0.010600 0.031600 0.010900 0.079500 0.033100 0.128400 0.116400 0.044500 0.152500 0.116900 0.033200 0.044600 0.067400 0.032100 0.033100 0.067800 0.032400 0.032100
Daviddeer 0.103800 0.269900 0.103800 0.181700 0.128800 0.103800 0.079400 0.079500 0.103900 0.032900 0.128700 0.116300 0.092000 0.103900 0.140900 0.091400 0.142800 0.091900 0.091500 0.091500 0.091400 0.103800 0.000000 0.080100 0.116100 0.103800 0.092000 0.103800 0.092100 0.103900 0.055600 0.079400 0.116000 0.091400 0.091500 0.116400 0.091500 0.128700 0.116400 0.021200 0.010900 0.103800 0.055600 0.067800 0.116300 0.104100 0.128600 0.067700 0.067700 0.079500 0.091500 0.091500
Reindeer 0.104700 0.290700 0.104900 0.197800 0.130300 0.104700 0.080200 0.080500 0.104900 0.116700 0.129500 0.129700 0.105200 0.104900 0.116500 0.092400 0.157500 0.105300 0.092300 0.092400 0.092400 0.104700 0.080100 0.000000 0.117100 0.104900 0.105200 0.104700 0.093000 0.104700 0.142200 0.080200 0.130900 0.092200 0.092300 0.117300 0.092300 0.130200 0.104800 0.080200 0.092300 0.104900 0.129200 0.033300 0.117300 0.105000 0.130000 0.068300 0.068300 0.092400 0.092400 0.092400
Ibex 0.033000 0.269900 0.091500 0.182200 0.079300 0.033000 0.033000 0.055800 0.055900 0.153700 0.010600 0.067600 0.056100 0.032100 0.090800 0.043100 0.117300 0.092100 0.021800 0.044400 0.044300 0.031600 0.116100 0.117100 0.000000 0.055900 0.056100 0.055900 0.044600 0.055900 0.179900 0.033000 0.168200 0.043600 0.021800 0.044400 0.021800 0.091300 0.044400 0.141100 0.128900 0.055900 0.165500 0.129400 0.044000 0.056000 0.079100 0.044400 0.044400 0.079600 0.044400 0.044400
GyrantGaze 0.044500 0.226100 0.056200 0.142700 0.044600 0.044500 0.021700 0.021900 0.044500 0.141000 0.067500 0.079600 0.068000 0.044400 0.078900 0.010900 0.105200 0.056400 0.033100 0.033100 0.010900 0.042200 0.103800 0.104900 0.055900 0.000000 0.068000 0.044500 0.011000 0.044500 0.140900 0.021900 0.156400 0.055800 0.033100 0.056100 0.032200 0.056100 0.056000 0.128500 0.116400 0.000000 0.152700 0.117100 0.056100 0.044600 0.044400 0.033100 0.033100 0.067900 0.031600 0.033100
Hartebeest 0.044600 0.288000 0.080000 0.197500 0.091900 0.044600 0.044600 0.067800 0.068000 0.128800 0.067800 0.079900 0.000000 0.043000 0.103600 0.056100 0.130900 0.105100 0.033200 0.056200 0.056100 0.042300 0.092000 0.105200 0.056100 0.068000 0.000000 0.068000 0.056500 0.068000 0.154400 0.044600 0.142800 0.010900 0.033200 0.056300 0.033200 0.104200 0.056200 0.116400 0.104400 0.068000 0.140500 0.104900 0.056300 0.068100 0.091700 0.033200 0.032300 0.092300 0.056200 0.056200
Bongo 0.044500 0.254400 0.056200 0.141900 0.067600 0.044500 0.021900 0.043300 0.022000 0.140900 0.067500 0.056200 0.068000 0.044400 0.078900 0.032200 0.130500 0.080200 0.033100 0.010700 0.033000 0.042300 0.103800 0.104700 0.055900 0.044500 0.068000 0.000000 0.033300 0.022000 0.166600 0.021300 0.155100 0.055800 0.033100 0.033300 0.033100 0.079500 0.056000 0.128400 0.116400 0.044500 0.152500 0.116900 0.031700 0.044600 0.067400 0.031800 0.033100 0.044500 0.010900 0.010700
Gerenuk 0.033300 0.212400 0.044800 0.130400 0.033300 0.033300 0.010900 0.010900 0.033300 0.129000 0.056100 0.068000 0.056500 0.033300 0.067300 0.000000 0.118400 0.068600 0.022000 0.022000 0.000000 0.033300 0.092100 0.093000 0.044600 0.011000 0.056500 0.033300 0.000000 0.033300 0.128900 0.010900 0.143200 0.044600 0.022000 0.044700 0.022000 0.044800 0.044700 0.116600 0.104500 0.011000 0.140600 0.105100 0.044700 0.033300 0.033200 0.022000 0.022000 0.056400 0.022000 0.022000
CommonElan 0.044500 0.254600 0.056200 0.168900 0.067700 0.044500 0.021900 0.044400 0.021300 0.140900 0.067500 0.056200 0.068000 0.042300 0.078900 0.033100 0.130500 0.080200 0.033100 0.010700 0.033100 0.044500 0.103900 0.104700 0.055900 0.044500 0.068000 0.022000 0.033300 0.000000 0.166700 0.021400 0.155200 0.055900 0.032300 0.033300 0.033100 0.079500 0.033100 0.128400 0.116400 0.044500 0.152500 0.116900 0.033300 0.044500 0.044200 0.033100 0.032200 0.067900 0.010900 0.010600
MuntiacusR 0.166700 0.285400 0.140700 0.222500 0.141000 0.166700 0.140600 0.115300 0.166800 0.021200 0.193300 0.179900 0.154400 0.167000 0.206600 0.128000 0.209000 0.154200 0.153500 0.153400 0.128000 0.166700 0.055600 0.142200 0.179900 0.140900 0.154400 0.166600 0.128900 0.166700 0.000000 0.140600 0.180200 0.153400 0.153500 0.180000 0.153500 0.140900 0.180600 0.078800 0.067200 0.141000 0.021700 0.128500 0.180000 0.167100 0.140900 0.127900 0.127900 0.140700 0.153400 0.153400
HarveysDui 0.021900 0.225700 0.056000 0.142200 0.044400 0.021100 0.000000 0.021800 0.021400 0.115500 0.044300 0.055900 0.044600 0.021900 0.055500 0.010800 0.104900 0.056300 0.010600 0.010700 0.010800 0.021900 0.079400 0.080200 0.033000 0.021900 0.044600 0.021300 0.010900 0.021400 0.140600 0.000000 0.129200 0.033000 0.010600 0.033100 0.010600 0.055900 0.033100 0.103400 0.091600 0.021900 0.127000 0.092000 0.031500 0.021100 0.044200 0.010900 0.010600 0.044500 0.010600 0.010600
Pronghorn 0.155200 0.258000 0.155400 0.211000 0.182600 0.155200 0.129200 0.129700 0.129200 0.153800 0.181300 0.181600 0.142800 0.129100 0.168000 0.142200 0.170300 0.117400 0.142000 0.142100 0.142200 0.155200 0.116000 0.130900 0.168200 0.156400 0.142800 0.155100 0.143200 0.155200 0.180200 0.129200 0.000000 0.141900 0.142000 0.168500 0.142000 0.182300 0.168900 0.116100 0.128700 0.155500 0.180100 0.117300 0.168500 0.155700 0.182100 0.116700 0.116700 0.129300 0.142100 0.142100
BlueWildeb 0.033000 0.270300 0.067600 0.182100 0.079300 0.033000 0.032100 0.055700 0.055900 0.128100 0.055700 0.067500 0.010700 0.033000 0.090700 0.044300 0.117200 0.092100 0.021800 0.044300 0.044300 0.032000 0.091400 0.092200 0.043600 0.055800 0.010900 0.055800 0.044600 0.055900 0.153400 0.033000 0.141900 0.000000 0.021800 0.044300 0.021300 0.091300 0.044300 0.115700 0.103700 0.055800 0.139600 0.104200 0.043200 0.056000 0.079100 0.020900 0.021100 0.079600 0.042100 0.044300
Gemsbok 0.010900 0.240200 0.067600 0.155300 0.055900 0.010900 0.010800 0.033000 0.032200 0.128100 0.033000 0.044400 0.033200 0.010900 0.067100 0.021200 0.092400 0.067900 0.000000 0.021400 0.021800 0.010600 0.091500 0.092300 0.021800 0.033100 0.033200 0.033100 0.022000 0.032300 0.153500 0.010600 0.142000 0.021800 0.000000 0.021900 0.000000 0.067500 0.021900 0.115800 0.103800 0.032300 0.139700 0.104300 0.021400 0.033100 0.055700 0.021900 0.021900 0.056000 0.021900 0.021900
Yak 0.033200 0.269200 0.068100 0.182600 0.079600 0.032300 0.033100 0.055900 0.033300 0.153900 0.055900 0.022100 0.056100 0.033100 0.090900 0.044400 0.117800 0.092500 0.021900 0.021500 0.043300 0.031600 0.116400 0.117300 0.044400 0.056100 0.056300 0.033300 0.044700 0.033300 0.180000 0.033100 0.168500 0.044300 0.021900 0.000000 0.021900 0.091700 0.044500 0.141200 0.129200 0.056100 0.165500 0.129700 0.000000 0.056200 0.079300 0.044600 0.044600 0.079800 0.021500 0.022000
BlueSheep 0.010600 0.240200 0.067600 0.155300 0.055900 0.010900 0.010800 0.033000 0.033100 0.128100 0.033000 0.044400 0.033200 0.010900 0.067100 0.021300 0.092400 0.068100 0.000000 0.021900 0.021300 0.010900 0.091500 0.092300 0.021800 0.032200 0.033200 0.033100 0.022000 0.033100 0.153500 0.010600 0.142000 0.021300 0.000000 0.021900 0.000000 0.067500 0.021100 0.115800 0.103800 0.033100 0.139700 0.104300 0.021200 0.033100 0.056200 0.021900 0.021900 0.056000 0.021500 0.021900
BohorReedb 0.079500 0.226300 0.067800 0.169100 0.010700 0.079500 0.055900 0.056000 0.079600 0.141000 0.103400 0.091400 0.104200 0.079500 0.115200 0.044400 0.156800 0.104700 0.067500 0.067600 0.044400 0.079500 0.128700 0.130200 0.091300 0.056100 0.104200 0.079500 0.044800 0.079500 0.140900 0.055900 0.182300 0.091300 0.067500 0.091700 0.067500 0.000000 0.091600 0.154100 0.141600 0.056100 0.139600 0.142600 0.091700 0.079700 0.056000 0.067700 0.067700 0.091800 0.067600 0.067600
KirksDik 0.032100 0.271500 0.091700 0.182800 0.079500 0.033100 0.033100 0.055900 0.056100 0.154200 0.055800 0.067200 0.056200 0.033100 0.091000 0.044400 0.117600 0.092400 0.021100 0.044500 0.042200 0.033100 0.116400 0.104800 0.044400 0.056000 0.056200 0.056000 0.044700 0.033100 0.180600 0.033100 0.168900 0.044300 0.021900 0.044500 0.021100 0.091600 0.000000 0.141500 0.129200 0.056000 0.166100 0.117000 0.042200 0.056100 0.055700 0.044500 0.044500 0.079800 0.044500 0.044500
RoeDeer 0.128400 0.270700 0.128400 0.208900 0.154200 0.128400 0.103400 0.103600 0.128600 0.055600 0.153900 0.141200 0.116400 0.128600 0.166500 0.115800 0.168600 0.116300 0.115800 0.115800 0.115800 0.128400 0.021200 0.080200 0.141100 0.128500 0.116400 0.128400 0.116600 0.128400 0.078800 0.103400 0.116100 0.115700 0.115800 0.141200 0.115800 0.154100 0.141500 0.000000 0.033000 0.128500 0.078400 0.067800 0.140500 0.128800 0.154700 0.091300 0.091300 0.103500 0.115800 0.115800
WhiteLippe 0.116400 0.284900 0.116400 0.195700 0.141700 0.116400 0.091600 0.091700 0.116500 0.044200 0.141600 0.129100 0.104400 0.116400 0.153800 0.103700 0.156200 0.104300 0.103800 0.103900 0.103700 0.116400 0.010900 0.092300 0.128900 0.116400 0.104400 0.116400 0.104500 0.116400 0.067200 0.091600 0.128700 0.103700 0.103800 0.129200 0.103800 0.141600 0.129200 0.033000 0.000000 0.116400 0.067200 0.079800 0.129200 0.115500 0.141500 0.079600 0.079500 0.091600 0.103900 0.103800
ThomsonGaz 0.044500 0.226100 0.056200 0.141800 0.044600 0.044500 0.021400 0.021500 0.044500 0.141000 0.067500 0.079600 0.068000 0.044400 0.078900 0.010600 0.105200 0.056400 0.033100 0.033100 0.010900 0.044500 0.103800 0.104900 0.055900 0.000000 0.068000 0.044500 0.011000 0.044500 0.141000 0.021900 0.155500 0.055800 0.032300 0.056100 0.033100 0.056100 0.056000 0.128500 0.116400 0.000000 0.152700 0.117100 0.056100 0.044600 0.044400 0.033100 0.033100 0.067900 0.033100 0.033100
MuntiacusC 0.152500 0.317200 0.139500 0.251400 0.152700 0.152500 0.127000 0.128400 0.152600 0.021100 0.178600 0.152300 0.140500 0.152800 0.191600 0.139600 0.208800 0.154000 0.139700 0.139600 0.139600 0.152500 0.055600 0.129200 0.165500 0.152700 0.140500 0.152500 0.140600 0.152500 0.021700 0.127000 0.180100 0.139600 0.139700 0.165500 0.139700 0.139600 0.166100 0.078400 0.067200 0.152700 0.000000 0.115900 0.165500 0.152900 0.152700 0.114700 0.114700 0.140600 0.139600 0.139500
WhiteTaile 0.116900 0.304800 0.117100 0.211200 0.142800 0.116900 0.092000 0.092300 0.117100 0.103600 0.142100 0.142300 0.104900 0.117000 0.154700 0.104700 0.170500 0.117500 0.104300 0.104400 0.104400 0.116900 0.067800 0.033300 0.129400 0.117100 0.104900 0.116900 0.105100 0.116900 0.128500 0.092000 0.117300 0.104200 0.104300 0.129700 0.104300 0.142600 0.117000 0.067800 0.079800 0.117100 0.115900 0.000000 0.129700 0.117200 0.142400 0.080000 0.080000 0.104400 0.104400 0.104400
Cattle 0.033200 0.269200 0.068100 0.182600 0.079600 0.033200 0.033100 0.055900 0.033300 0.153900 0.055900 0.022100 0.056300 0.033100 0.090900 0.044400 0.117800 0.092500 0.021900 0.022000 0.044400 0.033200 0.116300 0.117300 0.044000 0.056100 0.056300 0.031700 0.044700 0.033300 0.180000 0.031500 0.168500 0.043200 0.021400 0.000000 0.021200 0.091700 0.042200 0.140500 0.129200 0.056100 0.165500 0.129700 0.000000 0.056200 0.079300 0.044600 0.044500 0.079800 0.022000 0.022000
RoyalAntel 0.021100 0.255800 0.079900 0.169400 0.067800 0.022000 0.021900 0.044500 0.044600 0.141300 0.067600 0.079800 0.068100 0.042200 0.055800 0.032500 0.130900 0.080400 0.033100 0.033200 0.032100 0.044600 0.104100 0.105000 0.056000 0.044600 0.068100 0.044600 0.033300 0.044500 0.167100 0.021100 0.155700 0.056000 0.033100 0.056200 0.033100 0.079700 0.056100 0.128800 0.115500 0.044600 0.152900 0.117200 0.056200 0.000000 0.067500 0.033200 0.033200 0.068000 0.033200 0.032200
Steenbok 0.067400 0.198200 0.079500 0.168700 0.044500 0.067400 0.044200 0.044300 0.067500 0.140900 0.090900 0.103400 0.091700 0.067400 0.102800 0.033000 0.156200 0.104300 0.055700 0.055800 0.033000 0.067400 0.128600 0.130000 0.079100 0.044400 0.091700 0.067400 0.033200 0.044200 0.140900 0.044200 0.182100 0.079100 0.055700 0.079300 0.056200 0.056000 0.055700 0.154700 0.141500 0.044400 0.152700 0.142400 0.079300 0.067500 0.000000 0.055800 0.055800 0.091600 0.055800 0.055800
Impala 0.033100 0.240400 0.044500 0.155600 0.056000 0.033100 0.010600 0.032400 0.031700 0.103300 0.055800 0.067700 0.033200 0.033100 0.067100 0.021900 0.117800 0.068200 0.021900 0.021900 0.021400 0.032100 0.067700 0.068300 0.044400 0.033100 0.033200 0.031800 0.022000 0.033100 0.127900 0.010900 0.116700 0.020900 0.021900 0.044600 0.021900 0.067700 0.044500 0.091300 0.079600 0.033100 0.114700 0.080000 0.044600 0.033200 0.055800 0.000000 0.000000 0.056100 0.021900 0.021200
Klipspring 0.033100 0.240400 0.044500 0.155600 0.056000 0.033100 0.010700 0.033100 0.033200 0.104000 0.055800 0.067700 0.033200 0.033100 0.067100 0.021900 0.117700 0.068200 0.021500 0.021900 0.021900 0.033100 0.067700 0.068300 0.044400 0.033100 0.032300 0.033100 0.022000 0.032200 0.127900 0.010600 0.116700 0.021100 0.021900 0.044600 0.021900 0.067700 0.044500 0.091300 0.079500 0.033100 0.114700 0.080000 0.044500 0.033200 0.055800 0.000000 0.000000 0.056100 0.021900 0.021900
ForestMusk 0.067800 0.197600 0.091900 0.091300 0.091800 0.067800 0.044500 0.044600 0.067900 0.115600 0.091600 0.091400 0.092300 0.067800 0.103400 0.056000 0.104900 0.056300 0.056000 0.056100 0.056000 0.067800 0.079500 0.092400 0.079600 0.067900 0.092300 0.044500 0.056400 0.067900 0.140700 0.044500 0.129300 0.079600 0.056000 0.079800 0.056000 0.091800 0.079800 0.103500 0.091600 0.067900 0.140600 0.104400 0.079800 0.068000 0.091600 0.056100 0.056100 0.000000 0.056100 0.056100
Bushbuck 0.033100 0.239700 0.044600 0.155400 0.056000 0.033100 0.010600 0.032800 0.010900 0.128100 0.055800 0.044600 0.056200 0.033100 0.067100 0.021200 0.117700 0.068200 0.021900 0.000000 0.021900 0.032400 0.091500 0.092400 0.044400 0.031600 0.056200 0.010900 0.022000 0.010900 0.153400 0.010600 0.142100 0.042100 0.021900 0.021500 0.021500 0.067600 0.044500 0.115800 0.103900 0.033100 0.139600 0.104400 0.022000 0.033200 0.055800 0.021900 0.021900 0.056100 0.000000 0.000000
GreaterKud 0.033100 0.239700 0.044600 0.155400 0.054500 0.033100 0.010900 0.033100 0.010900 0.128100 0.055800 0.044600 0.056200 0.033100 0.067100 0.021700 0.117700 0.068200 0.021900 0.000000 0.021200 0.032100 0.091500 0.092400 0.044400 0.033100 0.056200 0.010700 0.022000 0.010600 0.153400 0.010600 0.142100 0.044300 0.021900 0.022000 0.021900 0.067600 0.044500 0.115800 0.103800 0.033100 0.139500 0.104400 0.022000 0.032200 0.055800 0.021200 0.021900 0.056100 0.000000 0.000000
