1
52 1
Argali 0.000000 0.663500 0.195400 0.372100 0.061300 0.040600 0.061600 0.082500 0.149000 0.175600 0.084200 0.148800 0.083200 0.105700 0.083300 0.127800 0.221000 0.198400 0.040600 0.149300 0.104300 0.061300 0.176300 0.228900 0.084700 0.040600 0.083200 0.103700 0.061300 0.172000 0.175600 0.082600 0.253800 0.061400 0.040500 0.149600 0.061600 0.104100 0.082700 0.176200 0.255100 0.061300 0.175600 0.228900 0.149600 0.061600 0.040200 0.083000 0.082800 0.227500 0.171900 0.149300
LesserMous 0.663500 0.000000 0.683900 0.446900 0.629800 0.590900 0.550400 0.663600 0.633400 0.573200 0.619100 0.606200 0.672100 0.553100 0.500700 0.686500 0.578700 0.624300 0.590900 0.636100 0.551100 0.621900 0.512900 0.591000 0.623500 0.590900 0.672100 0.633700 0.620600 0.630200 0.573200 0.508900 0.520200 0.622300 0.588100 0.615900 0.550400 0.619800 0.521000 0.508300 0.564700 0.621900 0.573200 0.591000 0.615900 0.550400 0.578500 0.576500 0.659800 0.475300 0.677000 0.636100
LesserKudu 0.195400 0.683900 0.000000 0.277300 0.170800 0.148500 0.171500 0.148200 0.080100 0.244100 0.172900 0.038600 0.148000 0.197400 0.146100 0.246600 0.290400 0.216500 0.148100 0.080000 0.170000 0.125100 0.194800 0.246400 0.174300 0.148500 0.148000 0.079600 0.171400 0.079800 0.244100 0.194500 0.271900 0.124900 0.147500 0.079500 0.171500 0.218600 0.194900 0.147900 0.272400 0.125500 0.244100 0.246400 0.079500 0.171500 0.194000 0.145700 0.125100 0.246000 0.101300 0.080000
KillerWhal 0.372100 0.446900 0.277300 0.000000 0.340600 0.313600 0.341600 0.313100 0.398900 0.371700 0.345600 0.277500 0.313100 0.318700 0.255800 0.366700 0.309000 0.337600 0.313100 0.399500 0.257800 0.284900 0.310100 0.288000 0.348500 0.313600 0.313100 0.338000 0.285100 0.399100 0.371700 0.313200 0.280200 0.284600 0.311900 0.333600 0.341600 0.400600 0.313300 0.254500 0.374300 0.285300 0.371700 0.288000 0.333600 0.341600 0.314100 0.307500 0.285800 0.256500 0.370500 0.399500
DefassaWat 0.061300 0.629800 0.170800 0.340600 0.000000 0.020100 0.040500 0.019900 0.126000 0.199300 0.062400 0.125500 0.061600 0.083300 0.061500 0.105600 0.246100 0.174100 0.020000 0.126300 0.082300 0.040300 0.151700 0.202500 0.062900 0.020100 0.061600 0.081800 0.040500 0.148400 0.199300 0.061100 0.228100 0.040400 0.020000 0.126300 0.040500 0.039900 0.061500 0.151600 0.228600 0.040400 0.199300 0.202500 0.126300 0.040500 0.060900 0.061400 0.061200 0.202200 0.147800 0.126300
Sheep 0.040600 0.590900 0.148500 0.313600 0.020100 0.000000 0.020200 0.040500 0.104200 0.176300 0.041500 0.104000 0.040900 0.062200 0.040900 0.083800 0.222400 0.151500 0.000100 0.104400 0.061500 0.020100 0.129600 0.179700 0.041800 0.000000 0.040900 0.061100 0.020100 0.126200 0.176300 0.040500 0.204200 0.020100 0.000100 0.104500 0.020200 0.061300 0.040700 0.129300 0.204800 0.019700 0.176300 0.179700 0.104500 0.020200 0.040500 0.040800 0.040700 0.178400 0.124900 0.104400
MaxwellsDu 0.061600 0.550400 0.171500 0.341600 0.040500 0.020200 0.000000 0.061500 0.082000 0.199300 0.062700 0.126100 0.061600 0.040700 0.061800 0.106000 0.246000 0.174700 0.020100 0.082200 0.082400 0.040400 0.152400 0.202500 0.063200 0.020200 0.061600 0.082200 0.040600 0.103400 0.199300 0.019500 0.228900 0.040400 0.020100 0.126900 0.000000 0.082500 0.061700 0.151700 0.228500 0.040600 0.199300 0.202500 0.126900 0.000000 0.061000 0.061500 0.061400 0.153000 0.105000 0.082200
GazellaPrz 0.082500 0.663600 0.148200 0.313100 0.019900 0.040500 0.061500 0.000000 0.148800 0.225200 0.084100 0.148600 0.083100 0.105600 0.083200 0.127700 0.272200 0.198100 0.040600 0.149100 0.104200 0.020000 0.176200 0.228700 0.084700 0.040500 0.083100 0.103500 0.061300 0.171800 0.225200 0.082500 0.253500 0.061300 0.040400 0.149400 0.061500 0.060800 0.082600 0.176000 0.254900 0.019700 0.225200 0.228700 0.149400 0.061500 0.082300 0.082900 0.061400 0.227300 0.171700 0.149100
MountainNy 0.149000 0.633400 0.080100 0.398900 0.126000 0.104200 0.082000 0.148800 0.000000 0.248400 0.128100 0.081200 0.149200 0.126800 0.148900 0.198200 0.297800 0.222300 0.103900 0.000100 0.170900 0.125400 0.199100 0.250000 0.129000 0.104200 0.149200 0.039500 0.125900 0.019500 0.248400 0.103000 0.281100 0.125600 0.103500 0.082000 0.082000 0.171800 0.148900 0.199500 0.279500 0.125800 0.248400 0.250000 0.082000 0.082000 0.147300 0.149100 0.147800 0.200800 0.019800 0.000100
MuntiacusM 0.175600 0.573200 0.244100 0.371700 0.199300 0.176300 0.199300 0.225200 0.248400 0.000000 0.227600 0.195200 0.225000 0.201100 0.127600 0.251600 0.172500 0.150800 0.175300 0.248700 0.199400 0.199300 0.040300 0.128800 0.229000 0.176300 0.225000 0.197700 0.200600 0.248400 0.000000 0.175000 0.251900 0.199500 0.175300 0.195400 0.199300 0.197500 0.176200 0.081900 0.104800 0.200500 0.000000 0.128800 0.195400 0.199300 0.128200 0.172200 0.226100 0.278400 0.276600 0.248700
goat 0.084200 0.619100 0.172900 0.345600 0.062400 0.041500 0.062700 0.084100 0.128100 0.227600 0.000000 0.150500 0.084800 0.107100 0.084500 0.085700 0.277400 0.202500 0.041400 0.128300 0.062500 0.062400 0.178900 0.232800 0.000100 0.041500 0.084800 0.083400 0.062600 0.150500 0.227600 0.083800 0.261300 0.062400 0.041200 0.151500 0.062700 0.105600 0.084700 0.178200 0.208700 0.062500 0.227600 0.232800 0.151500 0.062700 0.083500 0.084400 0.084000 0.232500 0.149800 0.128300
AfricanBuf 0.148800 0.606200 0.038600 0.277500 0.125500 0.104000 0.126100 0.148600 0.081200 0.195200 0.150500 0.000000 0.103700 0.150300 0.102300 0.197400 0.240200 0.169700 0.103700 0.081000 0.125000 0.125500 0.148300 0.197200 0.151700 0.104000 0.103700 0.080800 0.126000 0.080900 0.195200 0.148100 0.221700 0.081700 0.103400 0.038900 0.126100 0.171100 0.148600 0.103500 0.222100 0.125900 0.195200 0.197200 0.039000 0.126100 0.147700 0.102100 0.103300 0.197000 0.102700 0.081000
Topi 0.083200 0.672100 0.148000 0.313100 0.061600 0.040900 0.061600 0.083100 0.149200 0.225000 0.084800 0.103700 0.000000 0.083800 0.083600 0.129000 0.272500 0.199400 0.040700 0.149500 0.061200 0.061400 0.176900 0.229500 0.085400 0.040900 0.000000 0.104000 0.061800 0.172100 0.225000 0.082600 0.255800 0.020000 0.040700 0.149600 0.061600 0.104300 0.083500 0.128500 0.255700 0.061700 0.225000 0.229500 0.149600 0.061400 0.082400 0.083100 0.040600 0.228700 0.172500 0.149500
CommonDuik 0.105700 0.553100 0.197400 0.318700 0.083300 0.062200 0.040700 0.105600 0.126800 0.201100 0.107100 0.150300 0.083800 0.000000 0.062400 0.152400 0.249900 0.176200 0.062000 0.126900 0.061900 0.083400 0.150300 0.203600 0.107900 0.062200 0.083800 0.126800 0.083700 0.149400 0.201100 0.020100 0.230400 0.061900 0.061800 0.174700 0.040700 0.127600 0.062200 0.128200 0.229200 0.083600 0.201100 0.203600 0.174700 0.040700 0.061800 0.105800 0.083500 0.202800 0.151800 0.126900
Suni 0.083300 0.500700 0.146100 0.255800 0.061500 0.040900 0.061800 0.083200 0.148900 0.127600 0.084500 0.102300 0.083600 0.062400 0.000000 0.128700 0.171200 0.104200 0.040800 0.149100 0.061700 0.061700 0.083100 0.130000 0.085100 0.040900 0.083600 0.103900 0.061900 0.148700 0.127600 0.040700 0.152000 0.061800 0.040700 0.102600 0.061800 0.104300 0.040900 0.083100 0.152800 0.061800 0.127600 0.130000 0.102600 0.061800 0.040700 0.040100 0.083400 0.174900 0.169600 0.149100
Springbuck 0.127800 0.686500 0.246600 0.366700 0.105600 0.083800 0.106000 0.127700 0.198200 0.251600 0.085700 0.197400 0.129000 0.152400 0.128700 0.000000 0.329700 0.251300 0.083900 0.198600 0.105600 0.105500 0.201800 0.229800 0.086300 0.083800 0.129000 0.150100 0.105400 0.222200 0.251600 0.127700 0.280800 0.105600 0.083600 0.198600 0.106000 0.150400 0.128200 0.201300 0.231600 0.105300 0.251600 0.229800 0.198600 0.106000 0.127400 0.128600 0.128100 0.283500 0.222800 0.198600
Okapi 0.221000 0.578700 0.290400 0.309000 0.246100 0.222400 0.246000 0.272200 0.297800 0.172500 0.277400 0.240200 0.272500 0.249900 0.171200 0.329700 0.000000 0.061100 0.221100 0.298200 0.245300 0.245200 0.222200 0.225000 0.279000 0.222400 0.272500 0.244700 0.246700 0.297200 0.172500 0.220300 0.200500 0.245400 0.221100 0.241400 0.246000 0.297100 0.222300 0.220900 0.303500 0.246600 0.172500 0.225000 0.241400 0.246000 0.171400 0.217100 0.272600 0.329100 0.326700 0.298200
Giraffe 0.198400 0.624300 0.216500 0.337600 0.174100 0.151500 0.174700 0.198100 0.222300 0.150800 0.202500 0.169700 0.199400 0.176200 0.104200 0.251300 0.061100 0.000000 0.151200 0.222600 0.174000 0.173900 0.151100 0.201700 0.203600 0.151500 0.199400 0.173100 0.174400 0.221700 0.150800 0.150500 0.130500 0.174100 0.150600 0.170700 0.174700 0.221700 0.151500 0.150600 0.227200 0.174300 0.150800 0.201700 0.170700 0.174700 0.150100 0.148500 0.198300 0.250800 0.247800 0.222600
TibetanAnt 0.040600 0.590900 0.148100 0.313100 0.020000 0.000100 0.020100 0.040600 0.103900 0.175300 0.041400 0.103700 0.040700 0.062000 0.040800 0.083900 0.221100 0.151200 0.000000 0.104100 0.061200 0.019800 0.129200 0.178600 0.041700 0.000100 0.040700 0.060900 0.020100 0.125800 0.175300 0.040300 0.203700 0.019700 0.000100 0.104200 0.020100 0.061100 0.040800 0.128500 0.203500 0.020100 0.175300 0.178600 0.104200 0.020000 0.039800 0.040600 0.040600 0.178100 0.125400 0.104100
Sitatunga 0.149300 0.636100 0.080000 0.399500 0.126300 0.104400 0.082200 0.149100 0.000100 0.248700 0.128300 0.081000 0.149500 0.126900 0.149100 0.198600 0.298200 0.222600 0.104100 0.000000 0.171200 0.125700 0.199400 0.250300 0.129300 0.104400 0.149500 0.039400 0.126100 0.019600 0.248700 0.103200 0.281400 0.125800 0.103700 0.081800 0.082200 0.172100 0.149200 0.199700 0.279700 0.126000 0.248700 0.250300 0.081800 0.082200 0.147600 0.149300 0.148200 0.201100 0.019800 0.000000
Oribi 0.104300 0.551100 0.170000 0.257800 0.082300 0.061500 0.082400 0.104200 0.170900 0.199400 0.062500 0.125000 0.061200 0.061900 0.061700 0.105600 0.245300 0.174000 0.061200 0.171200 0.000000 0.082200 0.152100 0.203100 0.062900 0.061500 0.061200 0.125100 0.082700 0.194200 0.199400 0.061000 0.227500 0.040200 0.061200 0.171600 0.082400 0.125600 0.061600 0.105500 0.178600 0.082600 0.199400 0.203100 0.171600 0.082400 0.060900 0.104200 0.061100 0.252200 0.195000 0.171200
BarbaryShe 0.061300 0.621900 0.125100 0.284900 0.040300 0.020100 0.040400 0.020000 0.125400 0.199300 0.062400 0.125500 0.061400 0.083400 0.061700 0.105500 0.245200 0.173900 0.019800 0.125700 0.082200 0.000000 0.152000 0.203000 0.062800 0.020100 0.061400 0.081700 0.040500 0.147800 0.199300 0.060900 0.227300 0.040300 0.020000 0.126000 0.040400 0.082000 0.061500 0.151300 0.227900 0.000100 0.199300 0.203000 0.126000 0.039500 0.060900 0.061200 0.040500 0.201700 0.147800 0.125700
Daviddeer 0.176300 0.512900 0.194800 0.310100 0.151700 0.129600 0.152400 0.176200 0.199100 0.040300 0.178900 0.148300 0.176900 0.150300 0.083100 0.201800 0.222200 0.151100 0.129200 0.199400 0.152100 0.152000 0.000000 0.084100 0.180300 0.129600 0.176900 0.150700 0.152600 0.198800 0.040300 0.128800 0.203100 0.152200 0.128800 0.148900 0.152400 0.150100 0.129600 0.040200 0.062000 0.152500 0.040300 0.084100 0.148900 0.152400 0.128700 0.127000 0.176400 0.227600 0.224400 0.199400
Reindeer 0.228900 0.591000 0.246400 0.288000 0.202500 0.179700 0.202500 0.228700 0.250000 0.128800 0.232800 0.197200 0.229500 0.203600 0.130000 0.229800 0.225000 0.201700 0.178600 0.250300 0.203100 0.203000 0.084100 0.000000 0.234600 0.179700 0.229500 0.200300 0.204300 0.249700 0.128200 0.177500 0.231400 0.203200 0.178600 0.196900 0.202500 0.252300 0.179600 0.127900 0.108000 0.204200 0.128800 0.000000 0.196900 0.202500 0.178300 0.175300 0.230600 0.283600 0.277800 0.250300
Ibex 0.084700 0.623500 0.174300 0.348500 0.062900 0.041800 0.063200 0.084700 0.129000 0.229000 0.000100 0.151700 0.085400 0.107900 0.085100 0.086300 0.279000 0.203600 0.041700 0.129300 0.062900 0.062800 0.180300 0.234600 0.000000 0.041800 0.085400 0.084000 0.063000 0.151700 0.229000 0.084400 0.263200 0.062900 0.041500 0.152800 0.063200 0.106400 0.085300 0.179600 0.210400 0.063000 0.229000 0.234600 0.152800 0.063200 0.084000 0.085000 0.084600 0.234400 0.150300 0.129300
GyrantGaze 0.040600 0.590900 0.148500 0.313600 0.020100 0.000000 0.020200 0.040500 0.104200 0.176300 0.041500 0.104000 0.040900 0.062200 0.040900 0.083800 0.222400 0.151500 0.000100 0.104400 0.061500 0.020100 0.129600 0.179700 0.041800 0.000000 0.040900 0.061100 0.019400 0.126200 0.176300 0.040500 0.204200 0.020100 0.000100 0.104500 0.020200 0.061300 0.040700 0.129300 0.204800 0.020100 0.176300 0.179700 0.104500 0.020200 0.040500 0.040800 0.040700 0.178400 0.124900 0.104400
Hartebeest 0.083200 0.672100 0.148000 0.313100 0.061600 0.040900 0.061600 0.083100 0.149200 0.225000 0.084800 0.103700 0.000000 0.083800 0.083600 0.129000 0.272500 0.199400 0.040700 0.149500 0.061200 0.061400 0.176900 0.229500 0.085400 0.040900 0.000000 0.104000 0.061800 0.172100 0.225000 0.082600 0.255800 0.020000 0.040700 0.149600 0.061600 0.104300 0.083500 0.128500 0.255700 0.061700 0.225000 0.229500 0.149600 0.061200 0.082400 0.083100 0.040600 0.228700 0.172500 0.149500
Bongo 0.103700 0.633700 0.079600 0.338000 0.081800 0.061100 0.082200 0.103500 0.039500 0.197700 0.083400 0.080800 0.104000 0.126800 0.103900 0.150100 0.244700 0.173100 0.060900 0.039400 0.125100 0.081700 0.150700 0.200300 0.084000 0.061100 0.104000 0.000000 0.082000 0.059500 0.197700 0.103200 0.227600 0.081800 0.060700 0.081400 0.082200 0.125100 0.103900 0.150700 0.226700 0.081900 0.197700 0.200300 0.080800 0.082200 0.102700 0.103800 0.103200 0.201200 0.058900 0.039400
Gerenuk 0.061300 0.620600 0.171400 0.285100 0.040500 0.020100 0.040600 0.061300 0.125900 0.200600 0.062600 0.126000 0.061800 0.083700 0.061900 0.105400 0.246700 0.174400 0.020100 0.126100 0.082700 0.040500 0.152600 0.204300 0.063000 0.019400 0.061800 0.082000 0.000000 0.148300 0.200600 0.061300 0.227900 0.040600 0.020100 0.126500 0.040600 0.082300 0.061500 0.152400 0.229400 0.040500 0.200600 0.204300 0.126500 0.040600 0.061300 0.061700 0.061500 0.153100 0.101400 0.126100
CommonElan 0.172000 0.630200 0.079800 0.399100 0.148400 0.126200 0.103400 0.171800 0.019500 0.248400 0.150500 0.080900 0.172100 0.149400 0.148700 0.222200 0.297200 0.221700 0.125800 0.019600 0.194200 0.147800 0.198800 0.249700 0.151700 0.126200 0.172100 0.059500 0.148300 0.000000 0.248400 0.124800 0.279700 0.148000 0.125300 0.081500 0.103400 0.195300 0.171700 0.199300 0.278500 0.148200 0.248400 0.249700 0.081500 0.103400 0.170300 0.148800 0.170900 0.200200 0.039900 0.019600
MuntiacusR 0.175600 0.573200 0.244100 0.371700 0.199300 0.176300 0.199300 0.225200 0.248400 0.000000 0.227600 0.195200 0.225000 0.201100 0.127600 0.251600 0.172500 0.150800 0.175300 0.248700 0.199400 0.199300 0.040300 0.128200 0.229000 0.176300 0.225000 0.197700 0.200600 0.248400 0.000000 0.175000 0.251900 0.199500 0.175300 0.195400 0.199300 0.197500 0.176200 0.081700 0.104800 0.200500 0.000000 0.128800 0.195400 0.199300 0.128200 0.172200 0.226100 0.278400 0.276600 0.248700
HarveysDui 0.082600 0.508900 0.194500 0.313200 0.061100 0.040500 0.019500 0.082500 0.103000 0.175000 0.083800 0.148100 0.082600 0.020100 0.040700 0.127700 0.220300 0.150500 0.040300 0.103200 0.061000 0.060900 0.128800 0.177500 0.084400 0.040500 0.082600 0.103200 0.061300 0.124800 0.175000 0.000000 0.202100 0.061000 0.040300 0.148900 0.019800 0.103700 0.040600 0.128300 0.202300 0.061200 0.175000 0.177500 0.148900 0.019500 0.040100 0.081500 0.082400 0.175700 0.126700 0.103200
Pronghorn 0.253800 0.520200 0.271900 0.280200 0.228100 0.204200 0.228900 0.253500 0.281100 0.251900 0.261300 0.221700 0.255800 0.230400 0.152000 0.280800 0.200500 0.130500 0.203700 0.281400 0.227500 0.227300 0.203100 0.231400 0.263200 0.204200 0.255800 0.227600 0.227900 0.279700 0.251900 0.202100 0.000000 0.227500 0.202900 0.223600 0.228900 0.278500 0.204200 0.202000 0.286900 0.227900 0.251900 0.231400 0.223600 0.228900 0.201100 0.199900 0.253500 0.257200 0.308300 0.281400
BlueWildeb 0.061400 0.622300 0.124900 0.284600 0.040400 0.020100 0.040400 0.061300 0.125600 0.199500 0.062400 0.081700 0.020000 0.061900 0.061800 0.105600 0.245400 0.174100 0.019700 0.125800 0.040200 0.040300 0.152200 0.203200 0.062900 0.020100 0.020000 0.081800 0.040600 0.148000 0.199500 0.061000 0.227500 0.000000 0.020000 0.126100 0.040400 0.082100 0.061600 0.105500 0.228100 0.040500 0.199500 0.203200 0.126100 0.040400 0.060900 0.061300 0.020000 0.201900 0.148000 0.125800
Gemsbok 0.040500 0.588100 0.147500 0.311900 0.020000 0.000100 0.020100 0.040400 0.103500 0.175300 0.041200 0.103400 0.040700 0.061800 0.040700 0.083600 0.221100 0.150600 0.000100 0.103700 0.061200 0.020000 0.128800 0.178600 0.041500 0.000100 0.040700 0.060700 0.020100 0.125300 0.175300 0.040300 0.202900 0.020000 0.000000 0.103800 0.020100 0.060900 0.040600 0.128500 0.203500 0.020000 0.175300 0.178600 0.103800 0.020100 0.040200 0.040500 0.040400 0.177400 0.124100 0.103700
Yak 0.149600 0.615900 0.079500 0.333600 0.126300 0.104500 0.126900 0.149400 0.082000 0.195400 0.151500 0.038900 0.149600 0.174700 0.102600 0.198600 0.241400 0.170700 0.104200 0.081800 0.171600 0.126000 0.148900 0.196900 0.152800 0.104500 0.149600 0.081400 0.126500 0.081500 0.195400 0.148900 0.223600 0.126100 0.103800 0.000000 0.126900 0.172300 0.149300 0.149100 0.223000 0.126300 0.195400 0.196900 0.000000 0.126900 0.148100 0.102500 0.148700 0.198300 0.103700 0.081800
BlueSheep 0.061600 0.550400 0.171500 0.341600 0.040500 0.020200 0.000000 0.061500 0.082000 0.199300 0.062700 0.126100 0.061600 0.040700 0.061800 0.106000 0.246000 0.174700 0.020100 0.082200 0.082400 0.040400 0.152400 0.202500 0.063200 0.020200 0.061600 0.082200 0.040600 0.103400 0.199300 0.019800 0.228900 0.040400 0.020100 0.126900 0.000000 0.082500 0.061700 0.151700 0.228500 0.040600 0.199300 0.202500 0.126900 0.000000 0.061000 0.061500 0.061400 0.153000 0.105000 0.082200
BohorReedb 0.104100 0.619800 0.218600 0.400600 0.039900 0.061300 0.082500 0.060800 0.171800 0.197500 0.105600 0.171100 0.104300 0.127600 0.104300 0.150400 0.297100 0.221700 0.061100 0.172100 0.125600 0.082000 0.150100 0.252300 0.106400 0.061300 0.104300 0.125100 0.082300 0.195300 0.197500 0.103700 0.278500 0.082100 0.060900 0.172300 0.082500 0.000000 0.104100 0.150300 0.225400 0.082200 0.197500 0.252300 0.172300 0.082500 0.103300 0.104100 0.103800 0.252200 0.195700 0.172100
KirksDik 0.082700 0.521000 0.194900 0.313300 0.061500 0.040700 0.061700 0.082600 0.148900 0.176200 0.084700 0.148600 0.083500 0.062200 0.040900 0.128200 0.222300 0.151500 0.040800 0.149200 0.061600 0.061500 0.129600 0.179600 0.085300 0.040700 0.083500 0.103900 0.061500 0.171700 0.176200 0.040600 0.204200 0.061600 0.040600 0.149300 0.061700 0.104100 0.000000 0.129300 0.204700 0.061400 0.176200 0.179600 0.149300 0.061700 0.040500 0.083200 0.082900 0.227900 0.171400 0.149200
RoeDeer 0.176200 0.508300 0.147900 0.254500 0.151600 0.129300 0.151700 0.176000 0.199500 0.081900 0.178200 0.103500 0.128500 0.128200 0.083100 0.201300 0.220900 0.150600 0.128500 0.199700 0.105500 0.151300 0.040200 0.127900 0.179600 0.129300 0.128500 0.150700 0.152400 0.199300 0.081700 0.128300 0.202000 0.105500 0.128500 0.149100 0.151700 0.150300 0.129300 0.000000 0.104700 0.152200 0.081900 0.127900 0.149100 0.151700 0.128300 0.126400 0.128700 0.226800 0.225600 0.199700
WhiteLippe 0.255100 0.564700 0.272400 0.374300 0.228600 0.204800 0.228500 0.254900 0.279500 0.104800 0.208700 0.222100 0.255700 0.229200 0.152800 0.231600 0.303500 0.227200 0.203500 0.279700 0.178600 0.227900 0.062000 0.108000 0.210400 0.204800 0.255700 0.226700 0.229400 0.278500 0.104800 0.202300 0.286900 0.228100 0.203500 0.223000 0.228500 0.225400 0.204700 0.104700 0.000000 0.229300 0.104800 0.108000 0.223000 0.228500 0.202200 0.199600 0.255700 0.312200 0.307900 0.279700
ThomsonGaz 0.061300 0.621900 0.125500 0.285300 0.040400 0.019700 0.040600 0.019700 0.125800 0.200500 0.062500 0.125900 0.061700 0.083600 0.061800 0.105300 0.246600 0.174300 0.020100 0.126000 0.082600 0.000100 0.152500 0.204200 0.063000 0.020100 0.061700 0.081900 0.040500 0.148200 0.200500 0.061200 0.227900 0.040500 0.020000 0.126300 0.040600 0.082200 0.061400 0.152200 0.229300 0.000000 0.200500 0.204200 0.126300 0.040600 0.061200 0.061600 0.040600 0.202100 0.147500 0.126000
MuntiacusC 0.175600 0.573200 0.244100 0.371700 0.199300 0.176300 0.199300 0.225200 0.248400 0.000000 0.227600 0.195200 0.225000 0.201100 0.127600 0.251600 0.172500 0.150800 0.175300 0.248700 0.199400 0.199300 0.040300 0.128800 0.229000 0.176300 0.225000 0.197700 0.200600 0.248400 0.000000 0.175000 0.251900 0.199500 0.175300 0.195400 0.199300 0.197500 0.176200 0.081900 0.104800 0.200500 0.000000 0.128800 0.195400 0.199300 0.128200 0.172200 0.226100 0.278400 0.276600 0.248700
WhiteTaile 0.228900 0.591000 0.246400 0.288000 0.202500 0.179700 0.202500 0.228700 0.250000 0.128800 0.232800 0.197200 0.229500 0.203600 0.130000 0.229800 0.225000 0.201700 0.178600 0.250300 0.203100 0.203000 0.084100 0.000000 0.234600 0.179700 0.229500 0.200300 0.204300 0.249700 0.128800 0.177500 0.231400 0.203200 0.178600 0.196900 0.202500 0.252300 0.179600 0.127900 0.108000 0.204200 0.128800 0.000000 0.196900 0.202500 0.178300 0.175300 0.230600 0.283600 0.277800 0.250300
Cattle 0.149600 0.615900 0.079500 0.333600 0.126300 0.104500 0.126900 0.149400 0.082000 0.195400 0.151500 0.039000 0.149600 0.174700 0.102600 0.198600 0.241400 0.170700 0.104200 0.081800 0.171600 0.126000 0.148900 0.196900 0.152800 0.104500 0.149600 0.080800 0.126500 0.081500 0.195400 0.148900 0.223600 0.126100 0.103800 0.000000 0.126900 0.172300 0.149300 0.149100 0.223000 0.126300 0.195400 0.196900 0.000000 0.126900 0.148100 0.102500 0.148700 0.198300 0.103700 0.081800
RoyalAntel 0.061600 0.550400 0.171500 0.341600 0.040500 0.020200 0.000000 0.061500 0.082000 0.199300 0.062700 0.126100 0.061400 0.040700 0.061800 0.106000 0.246000 0.174700 0.020000 0.082200 0.082400 0.039500 0.152400 0.202500 0.063200 0.020200 0.061200 0.082200 0.040600 0.103400 0.199300 0.019500 0.228900 0.040400 0.020100 0.126900 0.000000 0.082500 0.061700 0.151700 0.228500 0.040600 0.199300 0.202500 0.126900 0.000000 0.060800 0.061500 0.061400 0.153000 0.105000 0.082200
Steenbok 0.040200 0.578500 0.194000 0.314100 0.060900 0.040500 0.061000 0.082300 0.147300 0.128200 0.083500 0.147700 0.082400 0.061800 0.040700 0.127400 0.171400 0.150100 0.039800 0.147600 0.060900 0.060900 0.128700 0.178300 0.084000 0.040500 0.082400 0.102700 0.061300 0.170300 0.128200 0.040100 0.201100 0.060900 0.040200 0.148100 0.061000 0.103300 0.040500 0.128300 0.202200 0.061200 0.128200 0.178300 0.148100 0.060800 0.000000 0.082300 0.082500 0.225700 0.170700 0.147600
Impala 0.083000 0.576500 0.145700 0.307500 0.061400 0.040800 0.061500 0.082900 0.149100 0.172200 0.084400 0.102100 0.083100 0.105800 0.040100 0.128600 0.217100 0.148500 0.040600 0.149300 0.104200 0.061200 0.127000 0.175300 0.085000 0.040800 0.083100 0.103800 0.061700 0.148800 0.172200 0.081500 0.199900 0.061300 0.040500 0.102500 0.061500 0.104100 0.083200 0.126400 0.199600 0.061600 0.172200 0.175300 0.102500 0.061500 0.082300 0.000000 0.083000 0.174800 0.172500 0.149300
Klipspring 0.082800 0.659800 0.125100 0.285800 0.061200 0.040700 0.061400 0.061400 0.147800 0.226100 0.084000 0.103300 0.040600 0.083500 0.083400 0.128100 0.272600 0.198300 0.040600 0.148200 0.061100 0.040500 0.176400 0.230600 0.084600 0.040700 0.040600 0.103200 0.061500 0.170900 0.226100 0.082400 0.253500 0.020000 0.040400 0.148700 0.061400 0.103800 0.082900 0.128700 0.255700 0.040600 0.226100 0.230600 0.148700 0.061400 0.082500 0.083000 0.000000 0.227300 0.170700 0.148200
ForestMusk 0.227500 0.475300 0.246000 0.256500 0.202200 0.178400 0.153000 0.227300 0.200800 0.278400 0.232500 0.197000 0.228700 0.202800 0.174900 0.283500 0.329100 0.250800 0.178100 0.201100 0.252200 0.201700 0.227600 0.283600 0.234400 0.178400 0.228700 0.201200 0.153100 0.200200 0.278400 0.175700 0.257200 0.201900 0.177400 0.198300 0.153000 0.252200 0.227900 0.226800 0.312200 0.202100 0.278400 0.283600 0.198300 0.153000 0.225700 0.174800 0.227300 0.000000 0.178000 0.201100
Bushbuck 0.171900 0.677000 0.101300 0.370500 0.147800 0.124900 0.105000 0.171700 0.019800 0.276600 0.149800 0.102700 0.172500 0.151800 0.169600 0.222800 0.326700 0.247800 0.125400 0.019800 0.195000 0.147800 0.224400 0.277800 0.150300 0.124900 0.172500 0.058900 0.101400 0.039900 0.276600 0.126700 0.308300 0.148000 0.124100 0.103700 0.105000 0.195700 0.171400 0.225600 0.307900 0.147500 0.276600 0.277800 0.103700 0.105000 0.170700 0.172500 0.170700 0.178000 0.000000 0.019800
GreaterKud 0.149300 0.636100 0.080000 0.399500 0.126300 0.104400 0.082200 0.149100 0.000100 0.248700 0.128300 0.081000 0.149500 0.126900 0.149100 0.198600 0.298200 0.222600 0.104100 0.000000 0.171200 0.125700 0.199400 0.250300 0.129300 0.104400 0.149500 0.039400 0.126100 0.019600 0.248700 0.103200 0.281400 0.125800 0.103700 0.081800 0.082200 0.172100 0.149200 0.199700 0.279700 0.126000 0.248700 0.250300 0.081800 0.082200 0.147600 0.149300 0.148200 0.201100 0.019800 0.000000
