1
52 1
Argali 0.000000 0.184700 0.036100 0.215900 0.036100 0.000000 0.011700 0.024300 0.036400 0.062300 0.023200 0.000000 0.011600 0.023600 0.023400 0.035100 0.048400 0.035300 0.023500 0.036100 0.048100 0.023000 0.073700 0.061400 0.023200 0.023600 0.011600 0.035100 0.011700 0.024200 0.061700 0.023700 0.023900 0.011600 0.000000 0.011800 0.011800 0.046500 0.023700 0.061400 0.061500 0.023300 0.061700 0.048500 0.011800 0.045900 0.035700 0.035100 0.035500 0.046800 0.036100 0.036100
LesserMous 0.184700 0.000000 0.200500 0.214400 0.201500 0.184700 0.196700 0.214200 0.202300 0.220100 0.209700 0.184700 0.196300 0.182800 0.210800 0.223700 0.171300 0.195400 0.211900 0.200500 0.229500 0.212400 0.230900 0.226400 0.210000 0.207500 0.196300 0.201900 0.198400 0.188800 0.218200 0.213300 0.156200 0.195900 0.180700 0.193500 0.193500 0.212100 0.183200 0.216500 0.217300 0.210900 0.218200 0.209500 0.193500 0.238900 0.207000 0.180900 0.227100 0.208700 0.200500 0.201500
LesserKudu 0.036100 0.200500 0.000000 0.261000 0.048900 0.036100 0.023700 0.031100 0.000100 0.088900 0.035500 0.036100 0.023600 0.011800 0.035600 0.047500 0.087300 0.047700 0.035800 0.000000 0.073900 0.035900 0.100300 0.087700 0.035500 0.031500 0.023600 0.000100 0.048200 0.012000 0.088200 0.036100 0.036300 0.023600 0.031800 0.017500 0.017500 0.058400 0.036100 0.087700 0.087900 0.035600 0.088200 0.074200 0.017500 0.059700 0.070000 0.047600 0.048100 0.059600 0.000000 0.000000
KillerWhal 0.215900 0.214400 0.261000 0.000000 0.262400 0.215900 0.228500 0.253100 0.263300 0.233400 0.241600 0.215900 0.227700 0.255000 0.242600 0.225600 0.217700 0.227000 0.244400 0.261000 0.276000 0.244700 0.244800 0.229000 0.212100 0.245300 0.227700 0.250500 0.230100 0.249200 0.231700 0.246100 0.213000 0.227400 0.217900 0.231000 0.231000 0.275300 0.214400 0.230500 0.231200 0.243000 0.231700 0.243500 0.231000 0.272200 0.262300 0.256100 0.271700 0.240600 0.261000 0.262600
DefassaWat 0.036100 0.201500 0.048900 0.262400 0.000000 0.036100 0.048000 0.059500 0.049300 0.089000 0.059700 0.036100 0.047900 0.035900 0.060200 0.072200 0.087000 0.072600 0.060500 0.048900 0.073600 0.060500 0.074200 0.087700 0.059800 0.059000 0.047900 0.049200 0.048200 0.036800 0.088300 0.061000 0.036300 0.047800 0.033800 0.046400 0.046400 0.012000 0.060900 0.087700 0.088000 0.060000 0.088300 0.074200 0.046400 0.084500 0.071100 0.072300 0.073100 0.084400 0.048900 0.048900
Sheep 0.000000 0.184700 0.036100 0.215900 0.036100 0.000000 0.011700 0.024300 0.036400 0.062300 0.023200 0.000000 0.011600 0.023600 0.023400 0.035100 0.048400 0.035300 0.023500 0.036100 0.048100 0.023500 0.073700 0.061400 0.022800 0.023600 0.011600 0.035100 0.011500 0.023300 0.061700 0.023700 0.023900 0.011600 0.000000 0.011800 0.011800 0.046500 0.023700 0.061400 0.061500 0.022900 0.061700 0.048500 0.011800 0.046900 0.035700 0.035100 0.035500 0.046800 0.036100 0.035400
MaxwellsDu 0.011700 0.196700 0.023700 0.228500 0.048000 0.011700 0.000000 0.011900 0.023900 0.074400 0.011500 0.011700 0.000100 0.011600 0.011500 0.023000 0.060400 0.023100 0.011600 0.023700 0.060100 0.011600 0.085600 0.073300 0.011500 0.011600 0.000100 0.020600 0.023400 0.036200 0.073700 0.011700 0.035600 0.000200 0.011800 0.000100 0.000100 0.056500 0.011700 0.073300 0.073500 0.011500 0.073700 0.060300 0.000100 0.034800 0.047400 0.023100 0.023300 0.034700 0.023700 0.023800
GazellaPrz 0.024300 0.214200 0.031100 0.253100 0.059500 0.024300 0.011900 0.000000 0.031300 0.085300 0.023800 0.024300 0.011900 0.015700 0.023900 0.035900 0.075500 0.036100 0.024000 0.031100 0.072400 0.024100 0.097300 0.083800 0.023800 0.024100 0.011900 0.024700 0.036400 0.046600 0.085100 0.024200 0.043900 0.011900 0.024500 0.012000 0.012000 0.067600 0.024200 0.085100 0.085400 0.023900 0.085100 0.069300 0.012000 0.048100 0.061700 0.035800 0.036300 0.048100 0.031100 0.032500
MountainNy 0.036400 0.202300 0.000100 0.263300 0.049300 0.036400 0.023900 0.031300 0.000000 0.089400 0.035800 0.036400 0.023800 0.011900 0.035900 0.047900 0.088000 0.048100 0.036100 0.000100 0.074300 0.036200 0.100900 0.088200 0.035800 0.031700 0.023800 0.000100 0.048600 0.012100 0.088700 0.036400 0.036500 0.023800 0.032000 0.017600 0.017600 0.058800 0.036400 0.088200 0.088400 0.035900 0.088700 0.074600 0.017600 0.060200 0.070500 0.047900 0.048400 0.060000 0.000100 0.000000
MuntiacusM 0.062300 0.220100 0.088900 0.233400 0.089000 0.062300 0.074400 0.085300 0.089400 0.000000 0.086600 0.062300 0.074100 0.074500 0.087000 0.099400 0.089200 0.073900 0.087400 0.088900 0.061900 0.087700 0.012200 0.024600 0.086700 0.083400 0.074100 0.089000 0.074900 0.076600 0.000000 0.088100 0.049600 0.074000 0.057400 0.070200 0.070200 0.098200 0.088000 0.024600 0.000100 0.087000 0.000000 0.012100 0.070200 0.112600 0.096800 0.099500 0.100600 0.086200 0.088900 0.089100
goat 0.023200 0.209700 0.035500 0.241600 0.059700 0.023200 0.011500 0.023800 0.035800 0.086600 0.000000 0.022500 0.011500 0.023200 0.023000 0.034500 0.072000 0.034700 0.023100 0.035500 0.071800 0.023100 0.097600 0.085300 0.022900 0.023200 0.011500 0.034500 0.034900 0.048000 0.085800 0.023300 0.047400 0.011400 0.023500 0.011600 0.011600 0.070800 0.023300 0.085400 0.085500 0.022900 0.085800 0.072300 0.011600 0.046100 0.059200 0.034500 0.034900 0.046000 0.035500 0.035500
AfricanBuf 0.000000 0.184700 0.036100 0.215900 0.036100 0.000000 0.011700 0.024300 0.036400 0.062300 0.022500 0.000000 0.011600 0.023600 0.023400 0.035100 0.048400 0.035300 0.023500 0.036100 0.048100 0.023500 0.073700 0.061400 0.023200 0.023600 0.011600 0.035100 0.011700 0.024200 0.061700 0.023700 0.023900 0.011600 0.000000 0.011800 0.011800 0.046500 0.023700 0.061400 0.061500 0.022900 0.061700 0.048500 0.011800 0.046900 0.035700 0.035100 0.035500 0.046800 0.036100 0.034500
Topi 0.011600 0.196300 0.023600 0.227700 0.047900 0.011600 0.000100 0.011900 0.023800 0.074100 0.011500 0.011600 0.000000 0.011600 0.011500 0.023000 0.060200 0.023100 0.011500 0.023600 0.059900 0.011600 0.085400 0.073100 0.011500 0.011600 0.000000 0.021200 0.023300 0.036100 0.073500 0.011600 0.035500 0.000100 0.011700 0.000100 0.000100 0.057300 0.011600 0.073100 0.073300 0.011500 0.073500 0.060200 0.000100 0.034700 0.047300 0.023000 0.023200 0.034600 0.023600 0.023700
CommonDuik 0.023600 0.182800 0.011800 0.255000 0.035900 0.023600 0.011600 0.015700 0.011900 0.074500 0.023200 0.023600 0.011600 0.000000 0.023300 0.034900 0.073300 0.035100 0.023400 0.011800 0.060200 0.023500 0.085700 0.073400 0.023200 0.016100 0.011600 0.011900 0.035400 0.024100 0.073800 0.023600 0.023700 0.011600 0.016200 0.000100 0.000100 0.043500 0.023600 0.073400 0.073600 0.023300 0.073800 0.060400 0.000100 0.046900 0.055300 0.035000 0.043500 0.046800 0.011800 0.011900
Suni 0.023400 0.210800 0.035600 0.242600 0.060200 0.023400 0.011500 0.023900 0.035900 0.087000 0.023000 0.023400 0.011500 0.023300 0.000000 0.034700 0.072700 0.034800 0.023200 0.035600 0.072300 0.023300 0.098200 0.085700 0.023000 0.023300 0.011500 0.033500 0.035200 0.048400 0.086300 0.023400 0.047600 0.011400 0.023600 0.011600 0.011600 0.069300 0.023300 0.085700 0.086000 0.023100 0.086300 0.072600 0.011600 0.046500 0.059500 0.034700 0.035000 0.023000 0.035600 0.035800
Springbuck 0.035100 0.223700 0.047500 0.225600 0.072200 0.035100 0.023000 0.035900 0.047900 0.099400 0.034500 0.035100 0.023000 0.034900 0.034700 0.000000 0.084800 0.046400 0.034800 0.047500 0.059400 0.034900 0.110400 0.097900 0.034500 0.011500 0.023000 0.045700 0.023100 0.060500 0.098600 0.035000 0.059500 0.022900 0.035400 0.023300 0.023300 0.081100 0.035000 0.098000 0.098200 0.011400 0.098600 0.084700 0.023300 0.058100 0.071400 0.046300 0.046700 0.058000 0.047500 0.047700
Okapi 0.048400 0.171300 0.087300 0.217700 0.087000 0.048400 0.060400 0.075500 0.088000 0.089200 0.072000 0.048400 0.060200 0.073300 0.072700 0.084800 0.000000 0.035600 0.073000 0.087300 0.099700 0.073000 0.100700 0.087800 0.072100 0.073300 0.060200 0.087300 0.060600 0.075300 0.088500 0.073600 0.048800 0.060100 0.049000 0.061000 0.061000 0.099500 0.073500 0.087800 0.088200 0.072500 0.088500 0.074400 0.061000 0.097200 0.073500 0.084900 0.085800 0.070800 0.087300 0.087300
Giraffe 0.035300 0.195400 0.047700 0.227000 0.072600 0.035300 0.023100 0.036100 0.048100 0.073900 0.034700 0.035300 0.023100 0.035100 0.034800 0.046400 0.035600 0.000000 0.035000 0.047700 0.084800 0.035100 0.085100 0.072800 0.034700 0.035100 0.023100 0.046200 0.047100 0.060800 0.073300 0.035200 0.035400 0.023100 0.035500 0.023400 0.023400 0.082300 0.035200 0.072800 0.073000 0.034800 0.073300 0.059900 0.023400 0.058400 0.071700 0.046500 0.047000 0.034500 0.047700 0.047900
TibetanAnt 0.023500 0.211900 0.035800 0.244400 0.060500 0.023500 0.011600 0.024000 0.036100 0.087400 0.023100 0.023500 0.011500 0.023400 0.023200 0.034800 0.073000 0.035000 0.000000 0.035800 0.072600 0.023400 0.098500 0.086100 0.023100 0.023400 0.011500 0.033700 0.035300 0.048600 0.086600 0.023500 0.047800 0.011500 0.023700 0.011700 0.011700 0.069600 0.023500 0.086100 0.086300 0.023200 0.086600 0.072900 0.011700 0.046700 0.059700 0.034800 0.035200 0.046600 0.035800 0.035900
Sitatunga 0.036100 0.200500 0.000000 0.261000 0.048900 0.036100 0.023700 0.031100 0.000100 0.088900 0.035500 0.036100 0.023600 0.011800 0.035600 0.047500 0.087300 0.047700 0.035800 0.000000 0.073900 0.035900 0.100300 0.087700 0.035500 0.031500 0.023600 0.000100 0.048200 0.012000 0.088200 0.036100 0.036300 0.023600 0.031800 0.017500 0.017500 0.058400 0.036100 0.087700 0.087900 0.035600 0.088200 0.074200 0.017500 0.059700 0.070000 0.047600 0.048100 0.059600 0.000000 0.000000
Oribi 0.048100 0.229500 0.073900 0.276000 0.073600 0.048100 0.060100 0.072400 0.074300 0.061900 0.071800 0.048100 0.059900 0.060200 0.072300 0.059400 0.099700 0.084800 0.072600 0.073900 0.000000 0.072600 0.073300 0.061000 0.071800 0.045900 0.059900 0.074000 0.035700 0.061700 0.061400 0.073200 0.060900 0.059900 0.046600 0.058900 0.058900 0.085300 0.073200 0.061100 0.061200 0.047400 0.061400 0.048200 0.058900 0.096700 0.083600 0.084400 0.085400 0.096500 0.073900 0.073800
BarbaryShe 0.023000 0.212400 0.035900 0.244700 0.060500 0.023500 0.011600 0.024100 0.036200 0.087700 0.023100 0.023500 0.011600 0.023500 0.023300 0.034900 0.073000 0.035100 0.023400 0.035900 0.072600 0.000000 0.098900 0.086400 0.023100 0.023500 0.011600 0.035000 0.034000 0.048000 0.087000 0.023600 0.048000 0.011500 0.023800 0.011700 0.011700 0.071700 0.023500 0.086500 0.086700 0.023200 0.087000 0.073200 0.011700 0.046700 0.059900 0.034900 0.035300 0.046600 0.035900 0.035900
Daviddeer 0.073700 0.230900 0.100300 0.244800 0.074200 0.073700 0.085600 0.097300 0.100900 0.012200 0.097600 0.073700 0.085400 0.085700 0.098200 0.110400 0.100700 0.085100 0.098500 0.100300 0.073300 0.098900 0.000000 0.036300 0.097800 0.094900 0.085400 0.100400 0.086200 0.088200 0.012100 0.099300 0.061100 0.085200 0.069500 0.082000 0.082000 0.087200 0.099300 0.036300 0.012000 0.098200 0.012100 0.023900 0.082000 0.123500 0.108300 0.110500 0.111700 0.097300 0.100300 0.100500
Reindeer 0.061400 0.226400 0.087700 0.229000 0.087700 0.061400 0.073300 0.083800 0.088200 0.024600 0.085300 0.061400 0.073100 0.073400 0.085700 0.097900 0.087800 0.072800 0.086100 0.087700 0.061000 0.086400 0.036300 0.000000 0.085400 0.082000 0.073100 0.087800 0.073700 0.075500 0.024300 0.086800 0.048800 0.072900 0.056300 0.069000 0.069000 0.096500 0.086800 0.000100 0.024300 0.085800 0.024300 0.012000 0.069000 0.110900 0.095200 0.098000 0.099100 0.084900 0.087700 0.087800
Ibex 0.023200 0.210000 0.035500 0.212100 0.059800 0.022800 0.011500 0.023800 0.035800 0.086700 0.022900 0.023200 0.011500 0.023200 0.023000 0.034500 0.072100 0.034700 0.023100 0.035500 0.071800 0.023100 0.097800 0.085400 0.000000 0.023200 0.011500 0.034600 0.034900 0.048100 0.085900 0.023300 0.047500 0.011400 0.023500 0.011600 0.011600 0.070900 0.023300 0.085500 0.085700 0.023000 0.085900 0.072300 0.011600 0.046200 0.059300 0.034600 0.034900 0.046100 0.035500 0.035500
GyrantGaze 0.023600 0.207500 0.031500 0.245300 0.059000 0.023600 0.011600 0.024100 0.031700 0.083400 0.023200 0.023600 0.011600 0.016100 0.023300 0.011500 0.073300 0.035100 0.023400 0.031500 0.045900 0.023500 0.094900 0.082000 0.023200 0.000000 0.011600 0.024000 0.011700 0.046700 0.083200 0.023600 0.043600 0.011600 0.023700 0.011400 0.011400 0.067600 0.023600 0.083300 0.083600 0.000000 0.083200 0.067900 0.011700 0.046900 0.060000 0.034900 0.035300 0.046800 0.031500 0.033300
Hartebeest 0.011600 0.196300 0.023600 0.227700 0.047900 0.011600 0.000100 0.011900 0.023800 0.074100 0.011500 0.011600 0.000000 0.011600 0.011500 0.023000 0.060200 0.023100 0.011500 0.023600 0.059900 0.011600 0.085400 0.073100 0.011500 0.011600 0.000000 0.021200 0.023300 0.036100 0.073500 0.011600 0.035500 0.000100 0.011700 0.000100 0.000100 0.057300 0.011600 0.073100 0.073300 0.011500 0.073500 0.060200 0.000100 0.034700 0.047300 0.023000 0.023200 0.034600 0.023600 0.023700
Bongo 0.035100 0.201900 0.000100 0.250500 0.049200 0.035100 0.020600 0.024700 0.000100 0.089000 0.034500 0.035100 0.021200 0.011900 0.033500 0.045700 0.087300 0.046200 0.033700 0.000100 0.074000 0.035000 0.100400 0.087800 0.034600 0.024000 0.021200 0.000000 0.047600 0.012100 0.088300 0.034600 0.036500 0.019900 0.024300 0.012000 0.012000 0.057700 0.034100 0.087800 0.088000 0.034600 0.088300 0.074300 0.012000 0.059300 0.061200 0.046800 0.047000 0.059200 0.000100 0.000100
Gerenuk 0.011700 0.198400 0.048200 0.230100 0.048200 0.011500 0.023400 0.036400 0.048600 0.074900 0.034900 0.011700 0.023300 0.035400 0.035200 0.023100 0.060600 0.047100 0.035300 0.048200 0.035700 0.034000 0.086200 0.073700 0.034900 0.011700 0.023300 0.047600 0.000000 0.036300 0.074200 0.035600 0.035800 0.023300 0.011800 0.023600 0.023600 0.059100 0.035500 0.073800 0.074000 0.011300 0.074200 0.060700 0.023600 0.058800 0.047700 0.046900 0.047400 0.058700 0.048200 0.047000
CommonElan 0.024200 0.188800 0.012000 0.249200 0.036800 0.023300 0.036200 0.046600 0.012100 0.076600 0.048000 0.024200 0.036100 0.024100 0.048400 0.060500 0.075300 0.060800 0.048600 0.012000 0.061700 0.048000 0.088200 0.075500 0.048100 0.046700 0.036100 0.012100 0.036300 0.000000 0.076000 0.049000 0.024300 0.036100 0.020200 0.033700 0.033700 0.047400 0.049000 0.075600 0.075700 0.048200 0.076000 0.062200 0.033700 0.072700 0.058700 0.060500 0.061200 0.072600 0.012000 0.011700
MuntiacusR 0.061700 0.218200 0.088200 0.231700 0.088300 0.061700 0.073700 0.085100 0.088700 0.000000 0.085800 0.061700 0.073500 0.073800 0.086300 0.098600 0.088500 0.073300 0.086600 0.088200 0.061400 0.087000 0.012100 0.024300 0.085900 0.083200 0.073500 0.088300 0.074200 0.076000 0.000000 0.087300 0.049100 0.073400 0.057500 0.070200 0.070200 0.097900 0.087200 0.024400 0.000000 0.086300 0.000000 0.012000 0.070200 0.111600 0.096400 0.098600 0.099700 0.085400 0.088200 0.088300
HarveysDui 0.023700 0.213300 0.036100 0.246100 0.061000 0.023700 0.011700 0.024200 0.036400 0.088100 0.023300 0.023700 0.011600 0.023600 0.023400 0.035000 0.073600 0.035200 0.023500 0.036100 0.073200 0.023600 0.099300 0.086800 0.023300 0.023600 0.011600 0.034600 0.035600 0.049000 0.087300 0.000000 0.048200 0.011600 0.023900 0.011800 0.011800 0.071000 0.023600 0.086800 0.087100 0.023400 0.087300 0.073400 0.011800 0.047000 0.060200 0.035100 0.035400 0.046900 0.036100 0.036200
Pronghorn 0.023900 0.156200 0.036300 0.213000 0.036300 0.023900 0.035600 0.043900 0.036500 0.049600 0.047400 0.023900 0.035500 0.023700 0.047600 0.059500 0.048800 0.035400 0.047800 0.036300 0.060900 0.048000 0.061100 0.048800 0.047500 0.043600 0.035500 0.036500 0.035800 0.024300 0.049100 0.048200 0.000000 0.035500 0.016600 0.030400 0.030400 0.044200 0.048200 0.048800 0.049000 0.047600 0.049100 0.036200 0.030400 0.071800 0.056100 0.059600 0.060200 0.047200 0.036300 0.036400
BlueWildeb 0.011600 0.195900 0.023600 0.227400 0.047800 0.011600 0.000200 0.011900 0.023800 0.074000 0.011400 0.011600 0.000100 0.011600 0.011400 0.022900 0.060100 0.023100 0.011500 0.023600 0.059900 0.011500 0.085200 0.072900 0.011400 0.011600 0.000100 0.019900 0.023300 0.036100 0.073400 0.011600 0.035500 0.000000 0.011700 0.000100 0.000100 0.055500 0.011600 0.073000 0.073100 0.011500 0.073400 0.060000 0.000100 0.034600 0.047200 0.023000 0.023200 0.034600 0.023600 0.023700
Gemsbok 0.000000 0.180700 0.031800 0.217900 0.033800 0.000000 0.011800 0.024500 0.032000 0.057400 0.023500 0.000000 0.011700 0.016200 0.023600 0.035400 0.049000 0.035500 0.023700 0.031800 0.046600 0.023800 0.069500 0.056300 0.023500 0.023700 0.011700 0.024300 0.011800 0.020200 0.057500 0.023900 0.016600 0.011700 0.000000 0.011500 0.011800 0.040400 0.023800 0.057900 0.058100 0.023600 0.057500 0.042100 0.011500 0.047400 0.036000 0.035300 0.035800 0.047400 0.031800 0.033700
Yak 0.011800 0.193500 0.017500 0.231000 0.046400 0.011800 0.000100 0.012000 0.017600 0.070200 0.011600 0.011800 0.000100 0.000100 0.011600 0.023300 0.061000 0.023400 0.011700 0.017500 0.058900 0.011700 0.082000 0.069000 0.011600 0.011400 0.000100 0.012000 0.023600 0.033700 0.070200 0.011800 0.030400 0.000100 0.011500 0.000000 0.000000 0.054100 0.011800 0.070500 0.070700 0.011600 0.070200 0.054900 0.000000 0.035100 0.047900 0.023200 0.023500 0.035000 0.017500 0.019800
BlueSheep 0.011800 0.193500 0.017500 0.231000 0.046400 0.011800 0.000100 0.012000 0.017600 0.070200 0.011600 0.011800 0.000100 0.000100 0.011600 0.023300 0.061000 0.023400 0.011700 0.017500 0.058900 0.011700 0.082000 0.069000 0.011600 0.011400 0.000100 0.012000 0.023600 0.033700 0.070200 0.011800 0.030400 0.000100 0.011800 0.000000 0.000000 0.054100 0.011800 0.070500 0.070700 0.011600 0.070200 0.054900 0.000000 0.035100 0.047900 0.023200 0.023500 0.035000 0.017500 0.019800
BohorReedb 0.046500 0.212100 0.058400 0.275300 0.012000 0.046500 0.056500 0.067600 0.058800 0.098200 0.070800 0.046500 0.057300 0.043500 0.069300 0.081100 0.099500 0.082300 0.069600 0.058400 0.085300 0.071700 0.087200 0.096500 0.070900 0.067600 0.057300 0.057700 0.059100 0.047400 0.097900 0.071000 0.044200 0.055500 0.040400 0.054100 0.054100 0.000000 0.069200 0.097900 0.098200 0.071200 0.097900 0.082100 0.054100 0.096200 0.079800 0.080600 0.083500 0.096100 0.058400 0.059900
KirksDik 0.023700 0.183200 0.036100 0.214400 0.060900 0.023700 0.011700 0.024200 0.036400 0.088000 0.023300 0.023700 0.011600 0.023600 0.023300 0.035000 0.073500 0.035200 0.023500 0.036100 0.073200 0.023500 0.099300 0.086800 0.023300 0.023600 0.011600 0.034100 0.035500 0.049000 0.087200 0.023600 0.048200 0.011600 0.023800 0.011800 0.011800 0.069200 0.000000 0.086800 0.087000 0.023400 0.087200 0.073400 0.011800 0.046900 0.060100 0.035100 0.035400 0.046900 0.036100 0.036200
RoeDeer 0.061400 0.216500 0.087700 0.230500 0.087700 0.061400 0.073300 0.085100 0.088200 0.024600 0.085400 0.061400 0.073100 0.073400 0.085700 0.098000 0.087800 0.072800 0.086100 0.087700 0.061100 0.086500 0.036300 0.000100 0.085500 0.083300 0.073100 0.087800 0.073800 0.075600 0.024400 0.086800 0.048800 0.073000 0.057900 0.070500 0.070500 0.097900 0.086800 0.000000 0.023500 0.085800 0.024400 0.011900 0.070500 0.110900 0.096300 0.098000 0.099200 0.084900 0.087700 0.087900
WhiteLippe 0.061500 0.217300 0.087900 0.231200 0.088000 0.061500 0.073500 0.085400 0.088400 0.000100 0.085500 0.061500 0.073300 0.073600 0.086000 0.098200 0.088200 0.073000 0.086300 0.087900 0.061200 0.086700 0.012000 0.024300 0.085700 0.083600 0.073300 0.088000 0.074000 0.075700 0.000000 0.087100 0.049000 0.073100 0.058100 0.070700 0.070700 0.098200 0.087000 0.023500 0.000000 0.086000 0.000000 0.012000 0.070700 0.111300 0.096700 0.098300 0.099400 0.085200 0.087900 0.088100
ThomsonGaz 0.023300 0.210900 0.035600 0.243000 0.060000 0.022900 0.011500 0.023900 0.035900 0.087000 0.022900 0.022900 0.011500 0.023300 0.023100 0.011400 0.072500 0.034800 0.023200 0.035600 0.047400 0.023200 0.098200 0.085800 0.023000 0.000000 0.011500 0.034600 0.011300 0.048200 0.086300 0.023400 0.047600 0.011500 0.023600 0.011600 0.011600 0.071200 0.023400 0.085800 0.086000 0.000000 0.086300 0.072600 0.011600 0.046300 0.059500 0.034700 0.035000 0.046300 0.035600 0.035700
MuntiacusC 0.061700 0.218200 0.088200 0.231700 0.088300 0.061700 0.073700 0.085100 0.088700 0.000000 0.085800 0.061700 0.073500 0.073800 0.086300 0.098600 0.088500 0.073300 0.086600 0.088200 0.061400 0.087000 0.012100 0.024300 0.085900 0.083200 0.073500 0.088300 0.074200 0.076000 0.000000 0.087300 0.049100 0.073400 0.057500 0.070200 0.070200 0.097900 0.087200 0.024400 0.000000 0.086300 0.000000 0.012000 0.070200 0.111600 0.096400 0.098600 0.099700 0.085400 0.088200 0.088300
WhiteTaile 0.048500 0.209500 0.074200 0.243500 0.074200 0.048500 0.060300 0.069300 0.074600 0.012100 0.072300 0.048500 0.060200 0.060400 0.072600 0.084700 0.074400 0.059900 0.072900 0.074200 0.048200 0.073200 0.023900 0.012000 0.072300 0.067900 0.060200 0.074300 0.060700 0.062200 0.012000 0.073400 0.036200 0.060000 0.042100 0.054900 0.054900 0.082100 0.073400 0.011900 0.012000 0.072600 0.012000 0.000000 0.054900 0.097400 0.081000 0.084700 0.085700 0.071900 0.074200 0.074300
Cattle 0.011800 0.193500 0.017500 0.231000 0.046400 0.011800 0.000100 0.012000 0.017600 0.070200 0.011600 0.011800 0.000100 0.000100 0.011600 0.023300 0.061000 0.023400 0.011700 0.017500 0.058900 0.011700 0.082000 0.069000 0.011600 0.011700 0.000100 0.012000 0.023600 0.033700 0.070200 0.011800 0.030400 0.000100 0.011500 0.000000 0.000000 0.054100 0.011800 0.070500 0.070700 0.011600 0.070200 0.054900 0.000000 0.035100 0.047900 0.023200 0.023500 0.035000 0.017500 0.019800
RoyalAntel 0.045900 0.238900 0.059700 0.272200 0.084500 0.046900 0.034800 0.048100 0.060200 0.112600 0.046100 0.046900 0.034700 0.046900 0.046500 0.058100 0.097200 0.058400 0.046700 0.059700 0.096700 0.046700 0.123500 0.110900 0.046200 0.046900 0.034700 0.059300 0.058800 0.072700 0.111600 0.047000 0.071800 0.034600 0.047400 0.035100 0.035100 0.096200 0.046900 0.110900 0.111300 0.046300 0.111600 0.097400 0.035100 0.000000 0.059200 0.058100 0.034900 0.069800 0.059700 0.059700
Steenbok 0.035700 0.207000 0.070000 0.262300 0.071100 0.035700 0.047400 0.061700 0.070500 0.096800 0.059200 0.035700 0.047300 0.055300 0.059500 0.071400 0.073500 0.071700 0.059700 0.070000 0.083600 0.059900 0.108300 0.095200 0.059300 0.060000 0.047300 0.061200 0.047700 0.058700 0.096400 0.060200 0.056100 0.047200 0.036000 0.047900 0.047900 0.079800 0.060100 0.096300 0.096700 0.059500 0.096400 0.081000 0.047900 0.059200 0.000000 0.071300 0.047600 0.083700 0.070000 0.071100
Impala 0.035100 0.180900 0.047600 0.256100 0.072300 0.035100 0.023100 0.035800 0.047900 0.099500 0.034500 0.035100 0.023000 0.035000 0.034700 0.046300 0.084900 0.046500 0.034800 0.047600 0.084400 0.034900 0.110500 0.098000 0.034600 0.034900 0.023000 0.046800 0.046900 0.060500 0.098600 0.035100 0.059600 0.023000 0.035300 0.023200 0.023200 0.080600 0.035100 0.098000 0.098300 0.034700 0.098600 0.084700 0.023200 0.058100 0.071300 0.000000 0.046800 0.058100 0.047600 0.047700
Klipspring 0.035500 0.227100 0.048100 0.271700 0.073100 0.035500 0.023300 0.036300 0.048400 0.100600 0.034900 0.035500 0.023200 0.043500 0.035000 0.046700 0.085800 0.047000 0.035200 0.048100 0.085400 0.035300 0.111700 0.099100 0.034900 0.035300 0.023200 0.047000 0.047400 0.061200 0.099700 0.035400 0.060200 0.023200 0.035800 0.023500 0.023500 0.083500 0.035400 0.099200 0.099400 0.035000 0.099700 0.085700 0.023500 0.034900 0.047600 0.046800 0.000000 0.058700 0.048100 0.048200
ForestMusk 0.046800 0.208700 0.059600 0.240600 0.084400 0.046800 0.034700 0.048100 0.060000 0.086200 0.046000 0.046800 0.034600 0.046800 0.023000 0.058000 0.070800 0.034500 0.046600 0.059600 0.096500 0.046600 0.097300 0.084900 0.046100 0.046800 0.034600 0.059200 0.058700 0.072600 0.085400 0.046900 0.047200 0.034600 0.047400 0.035000 0.035000 0.096100 0.046900 0.084900 0.085200 0.046300 0.085400 0.071900 0.035000 0.069800 0.083700 0.058100 0.058700 0.000000 0.059600 0.059600
Bushbuck 0.036100 0.200500 0.000000 0.261000 0.048900 0.036100 0.023700 0.031100 0.000100 0.088900 0.035500 0.036100 0.023600 0.011800 0.035600 0.047500 0.087300 0.047700 0.035800 0.000000 0.073900 0.035900 0.100300 0.087700 0.035500 0.031500 0.023600 0.000100 0.048200 0.012000 0.088200 0.036100 0.036300 0.023600 0.031800 0.017500 0.017500 0.058400 0.036100 0.087700 0.087900 0.035600 0.088200 0.074200 0.017500 0.059700 0.070000 0.047600 0.048100 0.059600 0.000000 0.000000
GreaterKud 0.036100 0.201500 0.000000 0.262600 0.048900 0.035400 0.023800 0.032500 0.000000 0.089100 0.035500 0.034500 0.023700 0.011900 0.035800 0.047700 0.087300 0.047900 0.035900 0.000000 0.073800 0.035900 0.100500 0.087800 0.035500 0.033300 0.023700 0.000100 0.047000 0.011700 0.088300 0.036200 0.036400 0.023700 0.033700 0.019800 0.019800 0.059900 0.036200 0.087900 0.088100 0.035700 0.088300 0.074300 0.019800 0.059700 0.071100 0.047700 0.048200 0.059600 0.000000 0.000000
