1
52 1
Argali 0.000000 1.181900 0.204500 0.481700 0.093900 0.000000 0.094800 0.095400 0.296000 0.292400 0.047500 0.048700 0.048300 0.150900 0.104600 0.229200 0.217500 0.264800 0.047900 0.195700 0.197700 0.047500 0.410000 0.207500 0.091900 0.240800 0.048300 0.298100 0.230400 0.195700 0.359900 0.153400 0.167000 0.145600 0.048300 0.203200 0.047500 0.095300 0.138500 0.524100 0.216300 0.235200 0.292400 0.207500 0.203200 0.105600 0.096300 0.096500 0.424600 0.234800 0.249900 0.253300
LesserMous 1.181900 0.000000 0.731600 1.040000 1.299500 1.181900 1.182200 0.889100 0.645400 0.893400 1.100800 1.131700 1.124400 1.385300 1.363500 1.110700 1.448200 0.922500 1.098400 0.694600 0.857900 1.100800 1.839300 1.250800 1.137300 1.068400 1.124400 0.652400 1.111300 0.694600 1.031200 0.807600 0.939200 1.022400 1.124400 1.257900 1.100800 1.213600 1.266000 4.454700 1.408300 1.136400 0.893400 1.250800 1.257900 1.093300 1.053700 1.326900 1.293800 1.201400 0.594000 0.791300
LesserKudu 0.204500 0.731600 0.000000 0.504400 0.206100 0.204500 0.207800 0.209200 0.089300 0.304700 0.157100 0.158700 0.158200 0.212400 0.224300 0.353400 0.226600 0.276100 0.155200 0.000100 0.328300 0.157100 0.425900 0.159200 0.202100 0.374400 0.158200 0.089900 0.355900 0.000100 0.375800 0.158800 0.174000 0.267100 0.158200 0.209800 0.157100 0.208500 0.252900 0.483800 0.225200 0.244400 0.304700 0.159200 0.209800 0.110000 0.211500 0.211200 0.443200 0.180200 0.045500 0.046300
KillerWhal 0.481700 1.040000 0.504400 0.000000 0.497000 0.481700 0.489800 0.498800 0.628500 0.475700 0.422700 0.432200 0.427800 0.621700 0.454100 0.687400 0.553200 0.617000 0.418400 0.475500 0.483500 0.422700 0.734300 0.518200 0.471200 0.754900 0.427800 0.637000 0.691800 0.475500 0.576500 0.433000 0.491200 0.586000 0.427800 0.502600 0.422700 0.493700 0.560000 0.933400 0.548500 0.717700 0.475700 0.518200 0.502600 0.377200 0.510400 0.507300 0.636700 0.402000 0.564200 0.566000
DefassaWat 0.093900 1.299500 0.206100 0.497000 0.000000 0.093900 0.095200 0.095800 0.298800 0.296300 0.048100 0.154600 0.048400 0.151800 0.106700 0.230200 0.219900 0.268200 0.047600 0.197000 0.199000 0.048100 0.421800 0.209400 0.092800 0.252200 0.048400 0.301500 0.231600 0.197000 0.366100 0.154600 0.174300 0.146400 0.048400 0.204600 0.048100 0.095500 0.139000 0.465200 0.218400 0.245300 0.296300 0.209400 0.204600 0.108600 0.096800 0.096800 0.431300 0.249400 0.252100 0.255300
Sheep 0.000000 1.181900 0.204500 0.481700 0.093900 0.000000 0.094800 0.095400 0.296000 0.292400 0.047500 0.048700 0.048300 0.150900 0.104600 0.229200 0.217500 0.264800 0.047900 0.195700 0.197700 0.047500 0.410000 0.207500 0.091300 0.240800 0.048300 0.298100 0.230400 0.195700 0.359900 0.153400 0.167000 0.145600 0.048300 0.203200 0.046800 0.095300 0.138500 0.524100 0.216300 0.235200 0.292400 0.207500 0.203200 0.105600 0.096300 0.096500 0.424600 0.234800 0.249900 0.253300
MaxwellsDu 0.094800 1.182200 0.207800 0.489800 0.095200 0.094800 0.000000 0.096800 0.300100 0.296600 0.048600 0.156000 0.049000 0.153300 0.106200 0.131800 0.220900 0.269100 0.048200 0.198500 0.200600 0.048600 0.356700 0.210600 0.093900 0.244200 0.049000 0.302400 0.132600 0.198500 0.365200 0.155800 0.169800 0.147700 0.049000 0.206100 0.048600 0.000100 0.140300 0.469600 0.219600 0.238400 0.296600 0.210600 0.206100 0.107300 0.097700 0.097800 0.431000 0.238900 0.253600 0.257100
GazellaPrz 0.095400 0.889100 0.209200 0.498800 0.095800 0.095400 0.096800 0.000000 0.302600 0.300500 0.048900 0.157300 0.048800 0.154300 0.106900 0.133300 0.222700 0.153200 0.048400 0.199900 0.094800 0.048900 0.421200 0.212400 0.094400 0.139900 0.048000 0.304900 0.134100 0.199900 0.370600 0.155200 0.171300 0.147200 0.048800 0.207800 0.048900 0.097200 0.141300 0.475300 0.221600 0.136700 0.300500 0.212400 0.207800 0.108100 0.097300 0.098400 0.436000 0.241600 0.255600 0.258900
MountainNy 0.296000 0.645400 0.089300 0.628500 0.298800 0.296000 0.300100 0.302600 0.000000 0.409900 0.251500 0.253700 0.253200 0.197300 0.334200 0.440900 0.325100 0.371900 0.248600 0.085000 0.424800 0.251500 0.532500 0.254300 0.292300 0.467500 0.253200 0.081600 0.443700 0.085000 0.484000 0.254000 0.277800 0.360500 0.253200 0.302900 0.251500 0.301300 0.341700 0.437800 0.324200 0.330500 0.409900 0.254300 0.302900 0.210300 0.245100 0.305500 0.540700 0.287500 0.041200 0.131300
MuntiacusM 0.292400 0.893400 0.304700 0.475700 0.296300 0.292400 0.296600 0.300500 0.409900 0.000000 0.239800 0.244500 0.242200 0.387100 0.338900 0.461300 0.389500 0.439900 0.237700 0.289000 0.293700 0.239800 0.375700 0.167300 0.287600 0.494200 0.242200 0.413700 0.464200 0.289000 0.056500 0.244400 0.270400 0.369300 0.242200 0.302600 0.239800 0.298600 0.346900 0.436900 0.172500 0.477300 0.000000 0.167300 0.302600 0.190000 0.304000 0.304200 0.414100 0.200600 0.356500 0.357900
goat 0.047500 1.100800 0.157100 0.422700 0.048100 0.047500 0.048600 0.048900 0.251500 0.239800 0.000000 0.105200 0.000100 0.103200 0.053700 0.187100 0.167500 0.216800 0.000100 0.150200 0.151700 0.000000 0.358300 0.159400 0.047000 0.196900 0.000100 0.253300 0.188300 0.150200 0.306900 0.105000 0.114500 0.099500 0.000100 0.156100 0.000000 0.048800 0.094500 0.472500 0.166300 0.192300 0.239800 0.159400 0.156100 0.054400 0.049400 0.049400 0.378800 0.181100 0.204300 0.207400
AfricanBuf 0.048700 1.131700 0.158700 0.432200 0.154600 0.048700 0.156000 0.157300 0.253700 0.244500 0.105200 0.000000 0.106000 0.222200 0.173600 0.301500 0.170700 0.220700 0.105200 0.151700 0.273200 0.105200 0.364400 0.162300 0.151900 0.318900 0.106000 0.255700 0.303300 0.151700 0.313000 0.226800 0.116600 0.214100 0.106000 0.155900 0.105200 0.156700 0.202700 0.425600 0.169200 0.310000 0.244500 0.162300 0.156100 0.055300 0.159000 0.159000 0.384800 0.184700 0.206400 0.209700
Topi 0.048300 1.124400 0.158200 0.427800 0.048400 0.048300 0.049000 0.048800 0.253200 0.242200 0.000100 0.106000 0.000000 0.103900 0.054100 0.188400 0.168900 0.218700 0.000100 0.151200 0.151200 0.000100 0.361800 0.160800 0.047700 0.198300 0.000000 0.255200 0.189600 0.151200 0.310300 0.104600 0.115500 0.098500 0.000000 0.157300 0.000100 0.049200 0.095200 0.422000 0.167700 0.193400 0.242200 0.160800 0.157300 0.054800 0.049300 0.049800 0.382100 0.182900 0.205700 0.208800
CommonDuik 0.150900 1.385300 0.212400 0.621700 0.151800 0.150900 0.153300 0.154300 0.197300 0.387100 0.103200 0.222200 0.103900 0.000000 0.165600 0.297000 0.296300 0.347800 0.102000 0.207800 0.268100 0.103200 0.519900 0.282800 0.149300 0.313400 0.103900 0.318100 0.298800 0.207800 0.466700 0.163300 0.243500 0.209500 0.103900 0.276100 0.103200 0.154000 0.198400 0.419800 0.295700 0.304900 0.387100 0.282800 0.276100 0.172200 0.155900 0.156000 0.528000 0.323500 0.266300 0.269700
Suni 0.104600 1.363500 0.224300 0.454100 0.106700 0.104600 0.106200 0.106900 0.334200 0.338900 0.053700 0.173600 0.054100 0.165600 0.000000 0.256400 0.248100 0.302500 0.053100 0.219600 0.222800 0.053700 0.301600 0.236000 0.103100 0.271100 0.054100 0.337200 0.258000 0.219600 0.420600 0.173700 0.191200 0.163500 0.054100 0.229800 0.053700 0.106600 0.154400 0.532700 0.247000 0.263100 0.338900 0.236000 0.229800 0.119900 0.108000 0.108200 0.492300 0.271700 0.282000 0.286300
Springbuck 0.229200 1.110700 0.353400 0.687400 0.230200 0.229200 0.131800 0.133300 0.440900 0.461300 0.187100 0.301500 0.188400 0.297000 0.256400 0.000000 0.373300 0.294400 0.185300 0.337600 0.131300 0.187200 0.523700 0.357600 0.226700 0.122000 0.188400 0.444900 0.000100 0.337600 0.535400 0.301600 0.327600 0.235100 0.188400 0.350500 0.187100 0.132100 0.223800 0.620200 0.372300 0.119600 0.461300 0.357600 0.350500 0.258300 0.236500 0.235900 0.581900 0.405400 0.395800 0.400200
Okapi 0.217500 1.448200 0.226600 0.553200 0.219900 0.217500 0.220900 0.222700 0.325100 0.389500 0.167500 0.170700 0.168900 0.296300 0.248100 0.373300 0.000000 0.157700 0.165800 0.215700 0.350200 0.167500 0.522900 0.287100 0.214400 0.396600 0.168900 0.328300 0.375800 0.215700 0.467100 0.303600 0.186700 0.284600 0.168900 0.224900 0.167500 0.222200 0.268800 0.567800 0.295800 0.384400 0.389500 0.287100 0.224900 0.117700 0.225300 0.225300 0.470900 0.264900 0.275700 0.276800
Giraffe 0.264800 0.922500 0.276100 0.617000 0.268200 0.264800 0.269100 0.153200 0.371900 0.439900 0.216800 0.220700 0.218700 0.347800 0.302500 0.294400 0.157700 0.000000 0.214700 0.262800 0.266100 0.216800 0.576900 0.335100 0.261200 0.194700 0.218700 0.375600 0.296400 0.262800 0.518300 0.355100 0.177400 0.271300 0.218700 0.273600 0.216800 0.270700 0.314200 0.617500 0.345600 0.302600 0.439900 0.335100 0.273600 0.170900 0.274300 0.274300 0.373000 0.321500 0.323300 0.324000
TibetanAnt 0.047900 1.098400 0.155200 0.418400 0.047600 0.047900 0.048200 0.048400 0.248600 0.237700 0.000100 0.105200 0.000100 0.102000 0.053100 0.185300 0.165800 0.214700 0.000000 0.148500 0.150200 0.000100 0.355000 0.158000 0.046900 0.195100 0.000100 0.250500 0.186400 0.148500 0.304200 0.103900 0.113400 0.098600 0.000100 0.154600 0.000100 0.048400 0.093600 0.414400 0.164600 0.190300 0.237700 0.158000 0.154600 0.053800 0.048900 0.048900 0.375100 0.179500 0.201900 0.205000
Sitatunga 0.195700 0.694600 0.000100 0.475500 0.197000 0.195700 0.198500 0.199900 0.085000 0.289000 0.150200 0.151700 0.151200 0.207800 0.219600 0.337600 0.215700 0.262800 0.148500 0.000000 0.313100 0.150200 0.404200 0.151800 0.193400 0.357000 0.151200 0.085500 0.339900 0.000000 0.355900 0.151700 0.165700 0.255000 0.151200 0.200400 0.150200 0.199200 0.242000 0.460400 0.214300 0.234000 0.289000 0.151800 0.200400 0.104900 0.201900 0.201700 0.421800 0.171400 0.043300 0.044000
Oribi 0.197700 0.857900 0.328300 0.483500 0.199000 0.197700 0.200600 0.094800 0.424800 0.293700 0.151700 0.273200 0.151200 0.268100 0.222800 0.131300 0.350200 0.266100 0.150200 0.313100 0.000000 0.151700 0.579400 0.333500 0.195400 0.137700 0.151200 0.428500 0.132200 0.313100 0.361800 0.152300 0.299200 0.254500 0.151200 0.326100 0.151700 0.201400 0.244200 0.620300 0.348700 0.134700 0.293700 0.333500 0.326100 0.225500 0.201800 0.204100 0.427100 0.236200 0.375600 0.379900
BarbaryShe 0.047500 1.100800 0.157100 0.422700 0.048100 0.047500 0.048600 0.048900 0.251500 0.239800 0.000000 0.105200 0.000100 0.103200 0.053700 0.187200 0.167500 0.216800 0.000100 0.150200 0.151700 0.000000 0.358300 0.159400 0.047000 0.196900 0.000100 0.253300 0.188300 0.150200 0.306900 0.105000 0.114500 0.099500 0.000100 0.156100 0.000000 0.048800 0.094500 0.472500 0.166300 0.192300 0.239800 0.159400 0.156100 0.054400 0.049400 0.049400 0.378800 0.181100 0.204300 0.207400
Daviddeer 0.410000 1.839300 0.425900 0.734300 0.421800 0.410000 0.356700 0.421200 0.532500 0.375700 0.358300 0.364400 0.361800 0.519900 0.301600 0.523700 0.522900 0.576900 0.355000 0.404200 0.579400 0.358300 0.000000 0.276500 0.402900 0.622100 0.361800 0.537900 0.526700 0.404200 0.451200 0.533000 0.402900 0.492500 0.361800 0.422800 0.358300 0.358300 0.462600 0.553500 0.288600 0.600000 0.375700 0.276500 0.422800 0.313600 0.425900 0.426700 0.725800 0.507600 0.477700 0.477200
Reindeer 0.207500 1.250800 0.159200 0.518200 0.209400 0.207500 0.210600 0.212400 0.254300 0.167300 0.159400 0.162300 0.160800 0.282800 0.236000 0.357600 0.287100 0.335100 0.158000 0.151800 0.333500 0.159400 0.276500 0.000000 0.204900 0.378700 0.160800 0.256200 0.359700 0.151800 0.227300 0.288000 0.177100 0.270900 0.160800 0.214100 0.159400 0.211700 0.256400 0.341500 0.104000 0.368300 0.167300 0.000000 0.214100 0.111700 0.214700 0.214900 0.448600 0.117000 0.206700 0.207600
Ibex 0.091900 1.137300 0.202100 0.471200 0.092800 0.091300 0.093900 0.094400 0.292300 0.287600 0.047000 0.151900 0.047700 0.149300 0.103100 0.226700 0.214400 0.261200 0.046900 0.193400 0.195400 0.047000 0.402900 0.204900 0.000000 0.238300 0.047700 0.294400 0.228100 0.193400 0.353800 0.151600 0.164800 0.143900 0.047700 0.200700 0.047000 0.094100 0.136900 0.515100 0.213300 0.232800 0.287600 0.204900 0.200700 0.104400 0.095200 0.095300 0.419000 0.231500 0.246800 0.250100
GyrantGaze 0.240800 1.068400 0.374400 0.754900 0.252200 0.240800 0.244200 0.139900 0.467500 0.494200 0.196900 0.318900 0.198300 0.313400 0.271100 0.122000 0.396600 0.194700 0.195100 0.357000 0.137700 0.196900 0.622100 0.378700 0.238300 0.000000 0.198300 0.472200 0.122700 0.357000 0.576000 0.319000 0.282300 0.194400 0.198300 0.370900 0.196900 0.245200 0.235100 0.661300 0.395500 0.080600 0.494200 0.378700 0.370900 0.272700 0.249100 0.248700 0.465800 0.430300 0.419700 0.424100
Hartebeest 0.048300 1.124400 0.158200 0.427800 0.048400 0.048300 0.049000 0.048000 0.253200 0.242200 0.000100 0.106000 0.000000 0.103900 0.054100 0.188400 0.168900 0.218700 0.000100 0.151200 0.151200 0.000100 0.361800 0.160800 0.047700 0.198300 0.000000 0.255200 0.189600 0.151200 0.310300 0.104600 0.115500 0.097300 0.000000 0.157300 0.000100 0.049200 0.095200 0.422000 0.167700 0.193400 0.242200 0.160800 0.157300 0.054800 0.049300 0.049800 0.382100 0.182900 0.205700 0.208800
Bongo 0.298100 0.652400 0.089900 0.637000 0.301500 0.298100 0.302400 0.304900 0.081600 0.413700 0.253300 0.255700 0.255200 0.318100 0.337200 0.444900 0.328300 0.375600 0.250500 0.085500 0.428500 0.253300 0.537900 0.256200 0.294400 0.472200 0.255200 0.000000 0.447800 0.085500 0.488900 0.256000 0.280300 0.363500 0.255200 0.305300 0.253300 0.303900 0.344400 0.585800 0.327000 0.333300 0.413700 0.256200 0.305300 0.211900 0.246900 0.307900 0.546400 0.290200 0.040300 0.132300
Gerenuk 0.230400 1.111300 0.355900 0.691800 0.231600 0.230400 0.132600 0.134100 0.443700 0.464200 0.188300 0.303300 0.189600 0.298800 0.258000 0.000100 0.375800 0.296400 0.186400 0.339900 0.132200 0.188300 0.526700 0.359700 0.228100 0.122700 0.189600 0.447800 0.000000 0.339900 0.538700 0.303400 0.329600 0.236500 0.189600 0.352400 0.188300 0.132900 0.225000 0.623200 0.374700 0.120400 0.464200 0.359700 0.352400 0.259900 0.237900 0.237400 0.586200 0.407600 0.398500 0.402800
CommonElan 0.195700 0.694600 0.000100 0.475500 0.197000 0.195700 0.198500 0.199900 0.085000 0.289000 0.150200 0.151700 0.151200 0.207800 0.219600 0.337600 0.215700 0.262800 0.148500 0.000000 0.313100 0.150200 0.404200 0.151800 0.193400 0.357000 0.151200 0.085500 0.339900 0.000000 0.355900 0.151700 0.165700 0.255000 0.151200 0.200400 0.150200 0.199200 0.242000 0.460400 0.214300 0.234000 0.289000 0.151800 0.200400 0.104900 0.201900 0.201700 0.421800 0.171400 0.043300 0.044000
MuntiacusR 0.359900 1.031200 0.375800 0.576500 0.366100 0.359900 0.365200 0.370600 0.484000 0.056500 0.306900 0.313000 0.310300 0.466700 0.420600 0.535400 0.467100 0.518300 0.304200 0.355900 0.361800 0.306900 0.451200 0.227300 0.353800 0.576000 0.310300 0.488900 0.538700 0.355900 0.000000 0.313200 0.347800 0.443100 0.310300 0.372900 0.306900 0.368100 0.415300 0.507100 0.234400 0.555000 0.056500 0.227300 0.372900 0.259400 0.375100 0.375400 0.488500 0.274200 0.428600 0.429400
HarveysDui 0.153400 0.807600 0.158800 0.433000 0.154600 0.153400 0.155800 0.155200 0.254000 0.244400 0.105000 0.226800 0.104600 0.163300 0.173700 0.301600 0.303600 0.355100 0.103900 0.151700 0.152300 0.105000 0.533000 0.288000 0.151600 0.319000 0.104600 0.256000 0.303400 0.151700 0.313200 0.000000 0.249100 0.211000 0.100900 0.281500 0.105000 0.156700 0.202100 0.580700 0.301500 0.310100 0.244400 0.288000 0.281500 0.175800 0.156800 0.158700 0.385800 0.184600 0.206400 0.209800
Pronghorn 0.167000 0.939200 0.174000 0.491200 0.174300 0.167000 0.169800 0.171300 0.277800 0.270400 0.114500 0.116600 0.115500 0.243500 0.191200 0.327600 0.186700 0.177400 0.113400 0.165700 0.299200 0.114500 0.402900 0.177100 0.164800 0.282300 0.115500 0.280300 0.329600 0.165700 0.347800 0.249100 0.000000 0.109700 0.115500 0.172800 0.114500 0.170800 0.219800 0.465800 0.185500 0.335900 0.270400 0.177100 0.172800 0.060400 0.173300 0.173400 0.353300 0.200400 0.226000 0.226800
BlueWildeb 0.145600 1.022400 0.267100 0.586000 0.146400 0.145600 0.147700 0.147200 0.360500 0.369300 0.099500 0.214100 0.098500 0.209500 0.163500 0.235100 0.284600 0.271300 0.098600 0.255000 0.254500 0.099500 0.492500 0.270900 0.143900 0.194400 0.097300 0.363500 0.236500 0.255000 0.443100 0.211000 0.109700 0.000000 0.099300 0.265400 0.099500 0.148400 0.089700 0.539600 0.282700 0.241300 0.369300 0.270900 0.265400 0.165600 0.148600 0.150200 0.434600 0.309400 0.313100 0.317300
Gemsbok 0.048300 1.124400 0.158200 0.427800 0.048400 0.048300 0.049000 0.048800 0.253200 0.242200 0.000100 0.106000 0.000000 0.103900 0.054100 0.188400 0.168900 0.218700 0.000100 0.151200 0.151200 0.000100 0.361800 0.160800 0.047700 0.198300 0.000000 0.255200 0.189600 0.151200 0.310300 0.100900 0.115500 0.099300 0.000000 0.157300 0.000100 0.049200 0.095200 0.422000 0.167700 0.193400 0.242200 0.160800 0.157300 0.054800 0.049300 0.049800 0.382100 0.182900 0.205700 0.208800
Yak 0.203200 1.257900 0.209800 0.502600 0.204600 0.203200 0.206100 0.207800 0.302900 0.302600 0.156100 0.155900 0.157300 0.276100 0.229800 0.350500 0.224900 0.273600 0.154600 0.200400 0.326100 0.156100 0.422800 0.214100 0.200700 0.370900 0.157300 0.305300 0.352400 0.200400 0.372900 0.281500 0.172800 0.265400 0.157300 0.000000 0.156100 0.207000 0.251300 0.478900 0.223200 0.360300 0.302600 0.214100 0.000000 0.109200 0.210100 0.210100 0.439100 0.243600 0.256100 0.259900
BlueSheep 0.047500 1.100800 0.157100 0.422700 0.048100 0.046800 0.048600 0.048900 0.251500 0.239800 0.000000 0.105200 0.000100 0.103200 0.053700 0.187100 0.167500 0.216800 0.000100 0.150200 0.151700 0.000000 0.358300 0.159400 0.047000 0.196900 0.000100 0.253300 0.188300 0.150200 0.306900 0.105000 0.114500 0.099500 0.000100 0.156100 0.000000 0.048800 0.094500 0.472500 0.166300 0.192300 0.239800 0.159400 0.156100 0.054400 0.049400 0.049400 0.378800 0.181100 0.204300 0.207400
BohorReedb 0.095300 1.213600 0.208500 0.493700 0.095500 0.095300 0.000100 0.097200 0.301300 0.298600 0.048800 0.156700 0.049200 0.154000 0.106600 0.132100 0.222200 0.270700 0.048400 0.199200 0.201400 0.048800 0.358300 0.211700 0.094100 0.245200 0.049200 0.303900 0.132900 0.199200 0.368100 0.156700 0.170800 0.148400 0.049200 0.207000 0.048800 0.000000 0.140900 0.467100 0.220800 0.239000 0.298600 0.211700 0.207000 0.107800 0.098200 0.098300 0.433200 0.240500 0.254600 0.258100
KirksDik 0.138500 1.266000 0.252900 0.560000 0.139000 0.138500 0.140300 0.141300 0.341700 0.346900 0.094500 0.202700 0.095200 0.198400 0.154400 0.223800 0.268800 0.314200 0.093600 0.242000 0.244200 0.094500 0.462600 0.256400 0.136900 0.235100 0.095200 0.344400 0.225000 0.242000 0.415300 0.202100 0.219800 0.089700 0.095200 0.251300 0.094500 0.140900 0.000000 0.510200 0.266900 0.229500 0.346900 0.256400 0.251300 0.156400 0.142700 0.142600 0.471700 0.290500 0.296700 0.300700
RoeDeer 0.524100 4.454700 0.483800 0.933400 0.465200 0.524100 0.469600 0.475300 0.437800 0.436900 0.472500 0.425600 0.422000 0.419800 0.532700 0.620200 0.567800 0.617500 0.414400 0.460400 0.620300 0.472500 0.553500 0.341500 0.515100 0.661300 0.422000 0.585800 0.623200 0.460400 0.507100 0.580700 0.465800 0.539600 0.422000 0.478900 0.472500 0.467100 0.510200 0.000000 0.238000 0.638400 0.436900 0.341500 0.478900 0.382000 0.482200 0.480800 0.581100 0.563100 0.529600 0.527100
WhiteLippe 0.216300 1.408300 0.225200 0.548500 0.218400 0.216300 0.219600 0.221600 0.324200 0.172500 0.166300 0.169200 0.167700 0.295700 0.247000 0.372300 0.295800 0.345600 0.164600 0.214300 0.348700 0.166300 0.288600 0.104000 0.213300 0.395500 0.167700 0.327000 0.374700 0.214300 0.234400 0.301500 0.185500 0.282700 0.167700 0.223200 0.166300 0.220800 0.266900 0.238000 0.000000 0.383600 0.172500 0.104000 0.223200 0.116700 0.224000 0.224100 0.470100 0.262800 0.274300 0.275100
ThomsonGaz 0.235200 1.136400 0.244400 0.717700 0.245300 0.235200 0.238400 0.136700 0.330500 0.477300 0.192300 0.310000 0.193400 0.304900 0.263100 0.119600 0.384400 0.302600 0.190300 0.234000 0.134700 0.192300 0.600000 0.368300 0.232800 0.080600 0.193400 0.333300 0.120400 0.234000 0.555000 0.310100 0.335900 0.241300 0.193400 0.360300 0.192300 0.239000 0.229500 0.638400 0.383600 0.000000 0.477300 0.368300 0.360300 0.265300 0.242800 0.242300 0.601300 0.415900 0.286800 0.290300
MuntiacusC 0.292400 0.893400 0.304700 0.475700 0.296300 0.292400 0.296600 0.300500 0.409900 0.000000 0.239800 0.244500 0.242200 0.387100 0.338900 0.461300 0.389500 0.439900 0.237700 0.289000 0.293700 0.239800 0.375700 0.167300 0.287600 0.494200 0.242200 0.413700 0.464200 0.289000 0.056500 0.244400 0.270400 0.369300 0.242200 0.302600 0.239800 0.298600 0.346900 0.436900 0.172500 0.477300 0.000000 0.167300 0.302600 0.190000 0.304000 0.304200 0.414100 0.200600 0.356500 0.357900
WhiteTaile 0.207500 1.250800 0.159200 0.518200 0.209400 0.207500 0.210600 0.212400 0.254300 0.167300 0.159400 0.162300 0.160800 0.282800 0.236000 0.357600 0.287100 0.335100 0.158000 0.151800 0.333500 0.159400 0.276500 0.000000 0.204900 0.378700 0.160800 0.256200 0.359700 0.151800 0.227300 0.288000 0.177100 0.270900 0.160800 0.214100 0.159400 0.211700 0.256400 0.341500 0.104000 0.368300 0.167300 0.000000 0.214100 0.111700 0.214700 0.214900 0.448600 0.117000 0.206700 0.207600
Cattle 0.203200 1.257900 0.209800 0.502600 0.204600 0.203200 0.206100 0.207800 0.302900 0.302600 0.156100 0.156100 0.157300 0.276100 0.229800 0.350500 0.224900 0.273600 0.154600 0.200400 0.326100 0.156100 0.422800 0.214100 0.200700 0.370900 0.157300 0.305300 0.352400 0.200400 0.372900 0.281500 0.172800 0.265400 0.157300 0.000000 0.156100 0.207000 0.251300 0.478900 0.223200 0.360300 0.302600 0.214100 0.000000 0.109200 0.210100 0.210100 0.439100 0.243600 0.256100 0.259900
RoyalAntel 0.105600 1.093300 0.110000 0.377200 0.108600 0.105600 0.107300 0.108100 0.210300 0.190000 0.054400 0.055300 0.054800 0.172200 0.119900 0.258300 0.117700 0.170900 0.053800 0.104900 0.225500 0.054400 0.313600 0.111700 0.104400 0.272700 0.054800 0.211900 0.259900 0.104900 0.259400 0.175800 0.060400 0.165600 0.054800 0.109200 0.054400 0.107800 0.156400 0.382000 0.116700 0.265300 0.190000 0.111700 0.109200 0.000000 0.109400 0.109400 0.340300 0.127500 0.160500 0.163200
Steenbok 0.096300 1.053700 0.211500 0.510400 0.096800 0.096300 0.097700 0.097300 0.245100 0.304000 0.049400 0.159000 0.049300 0.155900 0.108000 0.236500 0.225300 0.274300 0.048900 0.201900 0.201800 0.049400 0.425900 0.214700 0.095200 0.249100 0.049300 0.246900 0.237900 0.201900 0.375100 0.156800 0.173300 0.148600 0.049300 0.210100 0.049400 0.098200 0.142700 0.482200 0.224000 0.242800 0.304000 0.214700 0.210100 0.109400 0.000000 0.099400 0.441300 0.244500 0.199100 0.261800
Impala 0.096500 1.326900 0.211200 0.507300 0.096800 0.096500 0.097800 0.098400 0.305500 0.304200 0.049400 0.159000 0.049800 0.156000 0.108200 0.235900 0.225300 0.274300 0.048900 0.201700 0.204100 0.049400 0.426700 0.214900 0.095300 0.248700 0.049800 0.307900 0.237400 0.201700 0.375400 0.158700 0.173400 0.150200 0.049800 0.210100 0.049400 0.098300 0.142600 0.480800 0.224100 0.242300 0.304200 0.214900 0.210100 0.109400 0.099400 0.000000 0.381700 0.244800 0.258000 0.261400
Klipspring 0.424600 1.293800 0.443200 0.636700 0.431300 0.424600 0.431000 0.436000 0.540700 0.414100 0.378800 0.384800 0.382100 0.528000 0.492300 0.581900 0.470900 0.373000 0.375100 0.421800 0.427100 0.378800 0.725800 0.448600 0.419000 0.465800 0.382100 0.546400 0.586200 0.421800 0.488500 0.385800 0.353300 0.434600 0.382100 0.439100 0.378800 0.433200 0.471700 0.581100 0.470100 0.601300 0.414100 0.448600 0.439100 0.340300 0.441300 0.381700 0.000000 0.356600 0.490600 0.493800
ForestMusk 0.234800 1.201400 0.180200 0.402000 0.249400 0.234800 0.238900 0.241600 0.287500 0.200600 0.181100 0.184700 0.182900 0.323500 0.271700 0.405400 0.264900 0.321500 0.179500 0.171400 0.236200 0.181100 0.507600 0.117000 0.231500 0.430300 0.182900 0.290200 0.407600 0.171400 0.274200 0.184600 0.200400 0.309400 0.182900 0.243600 0.181100 0.240500 0.290500 0.563100 0.262800 0.415900 0.200600 0.117000 0.243600 0.127500 0.244500 0.244800 0.356600 0.000000 0.234000 0.235300
Bushbuck 0.249900 0.594000 0.045500 0.564200 0.252100 0.249900 0.253600 0.255600 0.041200 0.356500 0.204300 0.206400 0.205700 0.266300 0.282000 0.395800 0.275700 0.323300 0.201900 0.043300 0.375600 0.204300 0.477700 0.206700 0.246800 0.419700 0.205700 0.040300 0.398500 0.043300 0.428600 0.206400 0.226000 0.313100 0.205700 0.256100 0.204300 0.254600 0.296700 0.529600 0.274300 0.286800 0.356500 0.206700 0.256100 0.160500 0.199100 0.258000 0.490600 0.234000 0.000000 0.089200
GreaterKud 0.253300 0.791300 0.046300 0.566000 0.255300 0.253300 0.257100 0.258900 0.131300 0.357900 0.207400 0.209700 0.208800 0.269700 0.286300 0.400200 0.276800 0.324000 0.205000 0.044000 0.379900 0.207400 0.477200 0.207600 0.250100 0.424100 0.208800 0.132300 0.402800 0.044000 0.429400 0.209800 0.226800 0.317300 0.208800 0.259900 0.207400 0.258100 0.300700 0.527100 0.275100 0.290300 0.357900 0.207600 0.259900 0.163200 0.261800 0.261400 0.493800 0.235300 0.089200 0.000000
