1
52 1
Argali 0.000000 0.147900 0.045000 0.254900 0.044100 0.000000 0.000100 0.133200 0.048300 0.185400 0.044900 0.091200 0.000400 0.000100 0.091500 0.132200 0.085100 0.088700 0.043600 0.000000 0.087300 0.000000 0.042900 0.044300 0.000000 0.180900 0.000400 0.000000 0.175300 0.000000 0.138200 0.095200 0.085100 0.000400 0.000600 0.000000 0.000000 0.000100 0.131700 0.132400 0.042900 0.135300 0.185400 0.044300 0.000000 0.042100 0.087300 0.043700 0.000000 0.129900 0.000100 0.000000
LesserMous 0.147900 0.000000 0.096500 0.146500 0.203600 0.147900 0.148200 0.189700 0.158500 0.215400 0.202100 0.264600 0.153000 0.148200 0.147100 0.187000 0.135600 0.120000 0.199400 0.147900 0.138000 0.147900 0.088800 0.052200 0.147900 0.119200 0.153000 0.147900 0.222400 0.147900 0.162600 0.280700 0.135600 0.153000 0.147100 0.147900 0.147900 0.149700 0.185700 0.155900 0.088800 0.090100 0.215400 0.052200 0.147900 0.093500 0.138000 0.199400 0.147900 0.184200 0.149700 0.147900
LesserKudu 0.045000 0.096500 0.000000 0.200200 0.091100 0.045000 0.045500 0.184000 0.100100 0.232900 0.092200 0.140800 0.046400 0.045500 0.142100 0.182200 0.132000 0.138000 0.089900 0.045000 0.135300 0.045000 0.088600 0.077900 0.045000 0.132500 0.046400 0.045200 0.227100 0.045000 0.183000 0.148000 0.132000 0.046400 0.045300 0.045000 0.045000 0.045500 0.180800 0.174700 0.088600 0.088100 0.232900 0.077900 0.045000 0.000700 0.135300 0.090000 0.045000 0.179300 0.045500 0.045000
KillerWhal 0.254900 0.146500 0.200200 0.000000 0.183800 0.254900 0.254500 0.294700 0.254700 0.329800 0.311600 0.322600 0.268500 0.254500 0.263300 0.287900 0.185300 0.188700 0.253300 0.254900 0.236400 0.254900 0.186400 0.159900 0.254900 0.233400 0.268500 0.254900 0.283900 0.254900 0.274600 0.346700 0.185300 0.268500 0.258700 0.254900 0.254900 0.257600 0.283500 0.264900 0.186400 0.186000 0.329800 0.159900 0.254900 0.204300 0.236400 0.308900 0.254900 0.236200 0.257600 0.254900
DefassaWat 0.044100 0.203600 0.091100 0.183800 0.000000 0.044100 0.044600 0.181700 0.097700 0.237300 0.090800 0.090600 0.045900 0.044600 0.090900 0.179700 0.084700 0.088100 0.043300 0.044100 0.133200 0.044100 0.087100 0.089800 0.044100 0.231300 0.045900 0.044100 0.174700 0.044100 0.188000 0.094400 0.084700 0.045900 0.045200 0.044100 0.044100 0.044700 0.178600 0.180400 0.087100 0.184000 0.237300 0.089800 0.044100 0.087300 0.133200 0.088500 0.044100 0.177500 0.044700 0.044100
Sheep 0.000000 0.147900 0.045000 0.254900 0.044100 0.000000 0.000100 0.133200 0.048300 0.185400 0.044900 0.091200 0.000400 0.000100 0.091500 0.132200 0.085100 0.088700 0.043600 0.000000 0.087300 0.000000 0.042900 0.044300 0.000000 0.180900 0.000400 0.000000 0.175300 0.000000 0.138200 0.095200 0.085100 0.000400 0.000600 0.000000 0.000000 0.000100 0.131700 0.132400 0.042900 0.135300 0.185400 0.044300 0.000000 0.042100 0.087300 0.043700 0.000000 0.129900 0.000100 0.000000
MaxwellsDu 0.000100 0.148200 0.045500 0.254500 0.044600 0.000100 0.000000 0.134000 0.048900 0.186900 0.045400 0.092100 0.000600 0.000000 0.092500 0.133000 0.086000 0.089400 0.043800 0.000100 0.088000 0.000100 0.043400 0.044500 0.000100 0.182000 0.000600 0.000100 0.176400 0.000100 0.139400 0.095700 0.086000 0.000600 0.000700 0.000100 0.000100 0.000300 0.132600 0.132900 0.043400 0.136100 0.186900 0.044500 0.000100 0.042000 0.088000 0.044200 0.000100 0.130700 0.000300 0.000100
GazellaPrz 0.133200 0.189700 0.184000 0.294700 0.181700 0.133200 0.134000 0.000000 0.197200 0.223600 0.182500 0.234400 0.138200 0.134000 0.236200 0.078900 0.123500 0.127900 0.177900 0.133200 0.039100 0.133200 0.082500 0.084700 0.133200 0.121300 0.138200 0.133200 0.119000 0.133200 0.177200 0.244000 0.123500 0.138200 0.135600 0.133200 0.133200 0.134400 0.078900 0.170300 0.082500 0.080400 0.223600 0.084700 0.133200 0.180400 0.039100 0.083400 0.133200 0.168000 0.134400 0.133200
MountainNy 0.048300 0.158500 0.100100 0.254700 0.097700 0.048300 0.048900 0.197200 0.000000 0.257500 0.099500 0.152100 0.050400 0.048900 0.154700 0.195600 0.141500 0.135700 0.096600 0.048300 0.145200 0.048300 0.095000 0.098200 0.048300 0.252300 0.050400 0.048300 0.243000 0.048300 0.204500 0.160300 0.141500 0.050400 0.049600 0.048300 0.048400 0.049000 0.194300 0.196100 0.095000 0.201300 0.257500 0.098200 0.048300 0.096500 0.145200 0.096700 0.048300 0.192700 0.049000 0.048300
MuntiacusM 0.185400 0.215400 0.232900 0.329800 0.237300 0.185400 0.186900 0.223600 0.257500 0.000000 0.237900 0.292000 0.190400 0.186900 0.294900 0.221000 0.171500 0.178000 0.231900 0.185400 0.174700 0.185400 0.129200 0.131800 0.185400 0.262200 0.190400 0.185400 0.264300 0.185400 0.039700 0.305500 0.171500 0.190400 0.188300 0.185400 0.185400 0.187100 0.219800 0.220300 0.129200 0.214700 0.000000 0.131800 0.185400 0.213600 0.174700 0.233100 0.185400 0.218500 0.187100 0.185400
goat 0.044900 0.202100 0.092200 0.311600 0.090800 0.044900 0.045400 0.182500 0.099500 0.237900 0.000000 0.140700 0.046300 0.045400 0.141100 0.181300 0.131000 0.136700 0.089600 0.044900 0.134700 0.044900 0.088200 0.090800 0.044900 0.231300 0.046300 0.044900 0.224500 0.044900 0.189000 0.146700 0.131000 0.046300 0.045300 0.044900 0.044900 0.045500 0.180500 0.180800 0.088200 0.184600 0.237900 0.090800 0.044900 0.087700 0.134700 0.089900 0.044900 0.177600 0.045500 0.044900
AfricanBuf 0.091200 0.264600 0.140800 0.322600 0.090600 0.091200 0.092100 0.234400 0.152100 0.292000 0.140700 0.000000 0.095100 0.092100 0.089000 0.232400 0.083000 0.086700 0.042600 0.091200 0.183500 0.091200 0.134700 0.138700 0.091200 0.285900 0.095100 0.091200 0.170600 0.091200 0.241000 0.092300 0.083000 0.095100 0.093400 0.091200 0.091200 0.092500 0.181300 0.231600 0.134700 0.237000 0.292000 0.138700 0.091200 0.136300 0.183500 0.137200 0.091200 0.227200 0.092500 0.091200
Topi 0.000400 0.153000 0.046400 0.268500 0.045900 0.000400 0.000600 0.138200 0.050400 0.190400 0.046300 0.095100 0.000000 0.000600 0.095400 0.136900 0.088400 0.092000 0.045100 0.000400 0.090400 0.000400 0.044300 0.045500 0.000400 0.187800 0.000000 0.000400 0.181900 0.000400 0.141600 0.098400 0.088400 0.000000 0.000400 0.000400 0.000400 0.000600 0.136300 0.137300 0.044300 0.140300 0.190400 0.045500 0.000400 0.041000 0.090400 0.045500 0.000400 0.134200 0.000600 0.000400
CommonDuik 0.000100 0.148200 0.045500 0.254500 0.044600 0.000100 0.000000 0.134000 0.048900 0.186900 0.045400 0.092100 0.000600 0.000000 0.092500 0.133000 0.086000 0.089400 0.043800 0.000100 0.088000 0.000100 0.043400 0.044500 0.000100 0.182000 0.000600 0.000100 0.176400 0.000100 0.139400 0.095700 0.086000 0.000600 0.000700 0.000100 0.000100 0.000300 0.132600 0.132900 0.043400 0.136100 0.186900 0.044500 0.000100 0.042000 0.088000 0.044200 0.000100 0.130700 0.000300 0.000100
Suni 0.091500 0.147100 0.142100 0.263300 0.090900 0.091500 0.092500 0.236200 0.154700 0.294900 0.141100 0.089000 0.095400 0.092500 0.000000 0.233200 0.083400 0.079700 0.042600 0.091500 0.184400 0.091500 0.135500 0.139500 0.091500 0.288400 0.095400 0.098100 0.171000 0.091500 0.243400 0.092700 0.083400 0.095400 0.093600 0.091500 0.091500 0.092800 0.231400 0.233900 0.135500 0.239500 0.294900 0.139500 0.091500 0.137700 0.184400 0.137500 0.091500 0.231300 0.092800 0.091500
Springbuck 0.132200 0.187000 0.182200 0.287900 0.179700 0.132200 0.133000 0.078900 0.195600 0.221000 0.181300 0.232400 0.136900 0.133000 0.233200 0.000000 0.121900 0.126200 0.175900 0.132200 0.038900 0.132200 0.081700 0.083900 0.132200 0.120400 0.136900 0.132200 0.117900 0.132200 0.175000 0.241100 0.121900 0.136900 0.134500 0.132200 0.132200 0.133400 0.078500 0.168100 0.081700 0.079700 0.221000 0.083900 0.132200 0.178400 0.038900 0.082900 0.132200 0.165200 0.133400 0.132200
Okapi 0.085100 0.135600 0.132000 0.185300 0.084700 0.085100 0.086000 0.123500 0.141500 0.171500 0.131000 0.083000 0.088400 0.086000 0.083400 0.121900 0.000000 0.000300 0.040000 0.085100 0.080800 0.085100 0.039900 0.041100 0.085100 0.166600 0.088400 0.085100 0.076100 0.085100 0.128200 0.086500 0.000000 0.088400 0.086800 0.085100 0.085100 0.086200 0.121500 0.123100 0.039900 0.124900 0.171500 0.041100 0.085100 0.129500 0.080800 0.127900 0.085100 0.121800 0.086200 0.085100
Giraffe 0.088700 0.120000 0.138000 0.188700 0.088100 0.088700 0.089400 0.127900 0.135700 0.178000 0.136700 0.086700 0.092000 0.089400 0.079700 0.126200 0.000300 0.000000 0.041200 0.088700 0.083600 0.088700 0.041400 0.042600 0.088700 0.172900 0.092000 0.088700 0.078700 0.088700 0.132900 0.089800 0.000300 0.092000 0.090300 0.088700 0.088700 0.089600 0.126000 0.127700 0.041400 0.129500 0.178000 0.042600 0.088700 0.134900 0.083600 0.133500 0.088700 0.127100 0.089600 0.088700
TibetanAnt 0.043600 0.199400 0.089900 0.253300 0.043300 0.043600 0.043800 0.177900 0.096600 0.231900 0.089600 0.042600 0.045100 0.043800 0.042600 0.175900 0.040000 0.041200 0.000000 0.043600 0.130700 0.043600 0.086000 0.088200 0.043600 0.225900 0.045100 0.043600 0.122200 0.043600 0.184500 0.044100 0.040000 0.045100 0.044500 0.043600 0.043600 0.044100 0.175000 0.176300 0.086000 0.180200 0.231900 0.088200 0.043600 0.086000 0.130700 0.087300 0.043600 0.174300 0.044100 0.043600
Sitatunga 0.000000 0.147900 0.045000 0.254900 0.044100 0.000000 0.000100 0.133200 0.048300 0.185400 0.044900 0.091200 0.000400 0.000100 0.091500 0.132200 0.085100 0.088700 0.043600 0.000000 0.087300 0.000000 0.042900 0.044300 0.000000 0.180900 0.000400 0.000000 0.175300 0.000000 0.138200 0.095200 0.085100 0.000400 0.000600 0.000000 0.000000 0.000100 0.131700 0.132400 0.042900 0.135300 0.185400 0.044300 0.000000 0.042100 0.087300 0.043700 0.000000 0.129900 0.000100 0.000000
Oribi 0.087300 0.138000 0.135300 0.236400 0.133200 0.087300 0.088000 0.039100 0.145200 0.174700 0.134700 0.183500 0.090400 0.088000 0.184400 0.038900 0.080800 0.083600 0.130700 0.087300 0.000000 0.087300 0.040600 0.041700 0.087300 0.079500 0.090400 0.087300 0.077900 0.087300 0.130200 0.190900 0.080800 0.090400 0.088800 0.087300 0.087300 0.088200 0.038900 0.124900 0.040600 0.039600 0.174700 0.041700 0.087300 0.131800 0.000000 0.041100 0.087300 0.122900 0.088200 0.087300
BarbaryShe 0.000000 0.147900 0.045000 0.254900 0.044100 0.000000 0.000100 0.133200 0.048300 0.185400 0.044900 0.091200 0.000400 0.000100 0.091500 0.132200 0.085100 0.088700 0.043600 0.000000 0.087300 0.000000 0.042900 0.044300 0.000000 0.180900 0.000400 0.000000 0.175300 0.000000 0.138200 0.095200 0.085100 0.000400 0.000600 0.000000 0.000000 0.000100 0.131700 0.132400 0.042900 0.135300 0.185400 0.044300 0.000000 0.042100 0.087300 0.043700 0.000000 0.129900 0.000100 0.000000
Daviddeer 0.042900 0.088800 0.088600 0.186400 0.087100 0.042900 0.043400 0.082500 0.095000 0.129200 0.088200 0.134700 0.044300 0.043400 0.135500 0.081700 0.039900 0.041400 0.086000 0.042900 0.040600 0.042900 0.000000 0.000100 0.042900 0.125500 0.044300 0.042900 0.122400 0.042900 0.085900 0.140900 0.039900 0.044300 0.043500 0.042900 0.042900 0.043400 0.081600 0.082300 0.000000 0.083600 0.129200 0.000100 0.042900 0.086100 0.040600 0.085900 0.042900 0.081000 0.043400 0.042900
Reindeer 0.044300 0.052200 0.077900 0.159900 0.089800 0.044300 0.044500 0.084700 0.098200 0.131800 0.090800 0.138700 0.045500 0.044500 0.139500 0.083900 0.041100 0.042600 0.088200 0.044300 0.041700 0.044300 0.000100 0.000000 0.044300 0.113200 0.045500 0.044300 0.125500 0.044300 0.087700 0.144900 0.041100 0.045500 0.044400 0.044300 0.044300 0.044600 0.083800 0.084000 0.000100 0.064600 0.131800 0.000000 0.044300 0.054500 0.041700 0.088500 0.044300 0.083300 0.044600 0.044300
Ibex 0.000000 0.147900 0.045000 0.254900 0.044100 0.000000 0.000100 0.133200 0.048300 0.185400 0.044900 0.091200 0.000400 0.000100 0.091500 0.132200 0.085100 0.088700 0.043600 0.000000 0.087300 0.000000 0.042900 0.044300 0.000000 0.180900 0.000400 0.000000 0.175300 0.000000 0.138200 0.095200 0.085100 0.000400 0.000600 0.000000 0.000000 0.000100 0.131700 0.132400 0.042900 0.135300 0.185400 0.044300 0.000000 0.042100 0.087300 0.043700 0.000000 0.129900 0.000100 0.000000
GyrantGaze 0.180900 0.119200 0.132500 0.233400 0.231300 0.180900 0.182000 0.121300 0.252300 0.262200 0.231300 0.285900 0.187800 0.182000 0.288400 0.120400 0.166600 0.172900 0.225900 0.180900 0.079500 0.180900 0.125500 0.113200 0.180900 0.000000 0.187800 0.180900 0.075700 0.180900 0.213600 0.298600 0.166600 0.187800 0.183900 0.180900 0.180900 0.182800 0.120100 0.204500 0.125500 0.038800 0.262200 0.113200 0.180900 0.129800 0.079500 0.127300 0.180900 0.211800 0.182800 0.180900
Hartebeest 0.000400 0.153000 0.046400 0.268500 0.045900 0.000400 0.000600 0.138200 0.050400 0.190400 0.046300 0.095100 0.000000 0.000600 0.095400 0.136900 0.088400 0.092000 0.045100 0.000400 0.090400 0.000400 0.044300 0.045500 0.000400 0.187800 0.000000 0.000400 0.181900 0.000400 0.141600 0.098400 0.088400 0.000000 0.000400 0.000400 0.000400 0.000600 0.136300 0.137300 0.044300 0.140300 0.190400 0.045500 0.000400 0.041000 0.090400 0.045500 0.000400 0.134200 0.000600 0.000400
Bongo 0.000000 0.147900 0.045200 0.254900 0.044100 0.000000 0.000100 0.133200 0.048300 0.185400 0.044900 0.091200 0.000400 0.000100 0.098100 0.132200 0.085100 0.088700 0.043600 0.000000 0.087300 0.000000 0.042900 0.044300 0.000000 0.180900 0.000400 0.000000 0.175300 0.000000 0.138200 0.095200 0.085100 0.000400 0.000600 0.000000 0.000000 0.000100 0.131700 0.132400 0.042900 0.135300 0.185400 0.044300 0.000000 0.042100 0.087300 0.043700 0.000000 0.129900 0.000100 0.000000
Gerenuk 0.175300 0.222400 0.227100 0.283900 0.174700 0.175300 0.176400 0.119000 0.243000 0.264300 0.224500 0.170600 0.181900 0.176400 0.171000 0.117900 0.076100 0.078700 0.122200 0.175300 0.077900 0.175300 0.122400 0.125500 0.175300 0.075700 0.181900 0.175300 0.000000 0.175300 0.218100 0.176500 0.076100 0.181900 0.178100 0.175300 0.175300 0.177300 0.117800 0.210400 0.122400 0.120100 0.264300 0.125500 0.175300 0.223500 0.077900 0.123800 0.175300 0.207300 0.177300 0.175300
CommonElan 0.000000 0.147900 0.045000 0.254900 0.044100 0.000000 0.000100 0.133200 0.048300 0.185400 0.044900 0.091200 0.000400 0.000100 0.091500 0.132200 0.085100 0.088700 0.043600 0.000000 0.087300 0.000000 0.042900 0.044300 0.000000 0.180900 0.000400 0.000000 0.175300 0.000000 0.138200 0.095200 0.085100 0.000400 0.000600 0.000000 0.000000 0.000100 0.131700 0.132400 0.042900 0.135300 0.185400 0.044300 0.000000 0.042100 0.087300 0.043700 0.000000 0.129900 0.000100 0.000000
MuntiacusR 0.138200 0.162600 0.183000 0.274600 0.188000 0.138200 0.139400 0.177200 0.204500 0.039700 0.189000 0.241000 0.141600 0.139400 0.243400 0.175000 0.128200 0.132900 0.184500 0.138200 0.130200 0.138200 0.085900 0.087700 0.138200 0.213600 0.141600 0.138200 0.218100 0.138200 0.000000 0.252900 0.128200 0.141600 0.140100 0.138200 0.138200 0.139400 0.174400 0.175100 0.085900 0.167100 0.039700 0.087700 0.138200 0.162200 0.130200 0.184600 0.138200 0.173800 0.139400 0.138200
HarveysDui 0.095200 0.280700 0.148000 0.346700 0.094400 0.095200 0.095700 0.244000 0.160300 0.305500 0.146700 0.092300 0.098400 0.095700 0.092700 0.241100 0.086500 0.089800 0.044100 0.095200 0.190900 0.095200 0.140900 0.144900 0.095200 0.298600 0.098400 0.095200 0.176500 0.095200 0.252900 0.000000 0.086500 0.098400 0.097000 0.095200 0.095200 0.096300 0.239000 0.241700 0.140900 0.248200 0.305500 0.144900 0.095200 0.142600 0.190900 0.142800 0.095200 0.238400 0.096300 0.095200
Pronghorn 0.085100 0.135600 0.132000 0.185300 0.084700 0.085100 0.086000 0.123500 0.141500 0.171500 0.131000 0.083000 0.088400 0.086000 0.083400 0.121900 0.000000 0.000300 0.040000 0.085100 0.080800 0.085100 0.039900 0.041100 0.085100 0.166600 0.088400 0.085100 0.076100 0.085100 0.128200 0.086500 0.000000 0.088400 0.086800 0.085100 0.085100 0.086200 0.121500 0.123100 0.039900 0.124900 0.171500 0.041100 0.085100 0.129500 0.080800 0.127900 0.085100 0.121800 0.086200 0.085100
BlueWildeb 0.000400 0.153000 0.046400 0.268500 0.045900 0.000400 0.000600 0.138200 0.050400 0.190400 0.046300 0.095100 0.000000 0.000600 0.095400 0.136900 0.088400 0.092000 0.045100 0.000400 0.090400 0.000400 0.044300 0.045500 0.000400 0.187800 0.000000 0.000400 0.181900 0.000400 0.141600 0.098400 0.088400 0.000000 0.000400 0.000400 0.000400 0.000600 0.136300 0.137300 0.044300 0.140300 0.190400 0.045500 0.000400 0.041000 0.090400 0.045500 0.000400 0.134200 0.000600 0.000400
Gemsbok 0.000600 0.147100 0.045300 0.258700 0.045200 0.000600 0.000700 0.135600 0.049600 0.188300 0.045300 0.093400 0.000400 0.000700 0.093600 0.134500 0.086800 0.090300 0.044500 0.000600 0.088800 0.000600 0.043500 0.044400 0.000600 0.183900 0.000400 0.000600 0.178100 0.000600 0.140100 0.097000 0.086800 0.000400 0.000000 0.000600 0.000600 0.000700 0.134000 0.134600 0.043500 0.137400 0.188300 0.044400 0.000600 0.039000 0.088800 0.044800 0.000600 0.132000 0.000700 0.000600
Yak 0.000000 0.147900 0.045000 0.254900 0.044100 0.000000 0.000100 0.133200 0.048300 0.185400 0.044900 0.091200 0.000400 0.000100 0.091500 0.132200 0.085100 0.088700 0.043600 0.000000 0.087300 0.000000 0.042900 0.044300 0.000000 0.180900 0.000400 0.000000 0.175300 0.000000 0.138200 0.095200 0.085100 0.000400 0.000600 0.000000 0.000000 0.000100 0.131700 0.132400 0.042900 0.135300 0.185400 0.044300 0.000000 0.042100 0.087300 0.043700 0.000000 0.129900 0.000100 0.000000
BlueSheep 0.000000 0.147900 0.045000 0.254900 0.044100 0.000000 0.000100 0.133200 0.048400 0.185400 0.044900 0.091200 0.000400 0.000100 0.091500 0.132200 0.085100 0.088700 0.043600 0.000000 0.087300 0.000000 0.042900 0.044300 0.000000 0.180900 0.000400 0.000000 0.175300 0.000000 0.138200 0.095200 0.085100 0.000400 0.000600 0.000000 0.000000 0.000100 0.131700 0.132400 0.042900 0.135300 0.185400 0.044300 0.000000 0.042100 0.087300 0.043700 0.000000 0.129900 0.000100 0.000000
BohorReedb 0.000100 0.149700 0.045500 0.257600 0.044700 0.000100 0.000300 0.134400 0.049000 0.187100 0.045500 0.092500 0.000600 0.000300 0.092800 0.133400 0.086200 0.089600 0.044100 0.000100 0.088200 0.000100 0.043400 0.044600 0.000100 0.182800 0.000600 0.000100 0.177300 0.000100 0.139400 0.096300 0.086200 0.000600 0.000700 0.000100 0.000100 0.000000 0.133000 0.134300 0.043400 0.136600 0.187100 0.044600 0.000100 0.043100 0.088200 0.044300 0.000100 0.130900 0.000000 0.000100
KirksDik 0.131700 0.185700 0.180800 0.283500 0.178600 0.131700 0.132600 0.078900 0.194300 0.219800 0.180500 0.181300 0.136300 0.132600 0.231400 0.078500 0.121500 0.126000 0.175000 0.131700 0.038900 0.131700 0.081600 0.083800 0.131700 0.120100 0.136300 0.131700 0.117800 0.131700 0.174400 0.239000 0.121500 0.136300 0.134000 0.131700 0.131700 0.133000 0.000000 0.167400 0.081600 0.079600 0.219800 0.083800 0.131700 0.176300 0.038900 0.082900 0.131700 0.164100 0.133000 0.131700
RoeDeer 0.132400 0.155900 0.174700 0.264900 0.180400 0.132400 0.132900 0.170300 0.196100 0.220300 0.180800 0.231600 0.137300 0.132900 0.233900 0.168100 0.123100 0.127700 0.176300 0.132400 0.124900 0.132400 0.082300 0.084000 0.132400 0.204500 0.137300 0.132400 0.210400 0.132400 0.175100 0.241700 0.123100 0.137300 0.134600 0.132400 0.132400 0.134300 0.167400 0.000000 0.082300 0.158900 0.220300 0.084000 0.132400 0.155000 0.124900 0.177200 0.132400 0.168000 0.134300 0.132400
WhiteLippe 0.042900 0.088800 0.088600 0.186400 0.087100 0.042900 0.043400 0.082500 0.095000 0.129200 0.088200 0.134700 0.044300 0.043400 0.135500 0.081700 0.039900 0.041400 0.086000 0.042900 0.040600 0.042900 0.000000 0.000100 0.042900 0.125500 0.044300 0.042900 0.122400 0.042900 0.085900 0.140900 0.039900 0.044300 0.043500 0.042900 0.042900 0.043400 0.081600 0.082300 0.000000 0.083600 0.129200 0.000100 0.042900 0.086100 0.040600 0.085900 0.042900 0.081000 0.043400 0.042900
ThomsonGaz 0.135300 0.090100 0.088100 0.186000 0.184000 0.135300 0.136100 0.080400 0.201300 0.214700 0.184600 0.237000 0.140300 0.136100 0.239500 0.079700 0.124900 0.129500 0.180200 0.135300 0.039600 0.135300 0.083600 0.064600 0.135300 0.038800 0.140300 0.135300 0.120100 0.135300 0.167100 0.248200 0.124900 0.140300 0.137400 0.135300 0.135300 0.136600 0.079600 0.158900 0.083600 0.000000 0.214700 0.064600 0.135300 0.086000 0.039600 0.084400 0.135300 0.169300 0.136600 0.135300
MuntiacusC 0.185400 0.215400 0.232900 0.329800 0.237300 0.185400 0.186900 0.223600 0.257500 0.000000 0.237900 0.292000 0.190400 0.186900 0.294900 0.221000 0.171500 0.178000 0.231900 0.185400 0.174700 0.185400 0.129200 0.131800 0.185400 0.262200 0.190400 0.185400 0.264300 0.185400 0.039700 0.305500 0.171500 0.190400 0.188300 0.185400 0.185400 0.187100 0.219800 0.220300 0.129200 0.214700 0.000000 0.131800 0.185400 0.213600 0.174700 0.233100 0.185400 0.218500 0.187100 0.185400
WhiteTaile 0.044300 0.052200 0.077900 0.159900 0.089800 0.044300 0.044500 0.084700 0.098200 0.131800 0.090800 0.138700 0.045500 0.044500 0.139500 0.083900 0.041100 0.042600 0.088200 0.044300 0.041700 0.044300 0.000100 0.000000 0.044300 0.113200 0.045500 0.044300 0.125500 0.044300 0.087700 0.144900 0.041100 0.045500 0.044400 0.044300 0.044300 0.044600 0.083800 0.084000 0.000100 0.064600 0.131800 0.000000 0.044300 0.054500 0.041700 0.088500 0.044300 0.083300 0.044600 0.044300
Cattle 0.000000 0.147900 0.045000 0.254900 0.044100 0.000000 0.000100 0.133200 0.048300 0.185400 0.044900 0.091200 0.000400 0.000100 0.091500 0.132200 0.085100 0.088700 0.043600 0.000000 0.087300 0.000000 0.042900 0.044300 0.000000 0.180900 0.000400 0.000000 0.175300 0.000000 0.138200 0.095200 0.085100 0.000400 0.000600 0.000000 0.000000 0.000100 0.131700 0.132400 0.042900 0.135300 0.185400 0.044300 0.000000 0.042100 0.087300 0.043700 0.000000 0.129900 0.000100 0.000000
RoyalAntel 0.042100 0.093500 0.000700 0.204300 0.087300 0.042100 0.042000 0.180400 0.096500 0.213600 0.087700 0.136300 0.041000 0.042000 0.137700 0.178400 0.129500 0.134900 0.086000 0.042100 0.131800 0.042100 0.086100 0.054500 0.042100 0.129800 0.041000 0.042100 0.223500 0.042100 0.162200 0.142600 0.129500 0.041000 0.039000 0.042100 0.042100 0.043100 0.176300 0.155000 0.086100 0.086000 0.213600 0.054500 0.042100 0.000000 0.131800 0.086400 0.042100 0.176600 0.043100 0.042100
Steenbok 0.087300 0.138000 0.135300 0.236400 0.133200 0.087300 0.088000 0.039100 0.145200 0.174700 0.134700 0.183500 0.090400 0.088000 0.184400 0.038900 0.080800 0.083600 0.130700 0.087300 0.000000 0.087300 0.040600 0.041700 0.087300 0.079500 0.090400 0.087300 0.077900 0.087300 0.130200 0.190900 0.080800 0.090400 0.088800 0.087300 0.087300 0.088200 0.038900 0.124900 0.040600 0.039600 0.174700 0.041700 0.087300 0.131800 0.000000 0.041100 0.087300 0.122900 0.088200 0.087300
Impala 0.043700 0.199400 0.090000 0.308900 0.088500 0.043700 0.044200 0.083400 0.096700 0.233100 0.089900 0.137200 0.045500 0.044200 0.137500 0.082900 0.127900 0.133500 0.087300 0.043700 0.041100 0.043700 0.085900 0.088500 0.043700 0.127300 0.045500 0.043700 0.123800 0.043700 0.184600 0.142800 0.127900 0.045500 0.044800 0.043700 0.043700 0.044300 0.082900 0.177200 0.085900 0.084400 0.233100 0.088500 0.043700 0.086400 0.041100 0.000000 0.043700 0.173400 0.044300 0.043700
Klipspring 0.000000 0.147900 0.045000 0.254900 0.044100 0.000000 0.000100 0.133200 0.048300 0.185400 0.044900 0.091200 0.000400 0.000100 0.091500 0.132200 0.085100 0.088700 0.043600 0.000000 0.087300 0.000000 0.042900 0.044300 0.000000 0.180900 0.000400 0.000000 0.175300 0.000000 0.138200 0.095200 0.085100 0.000400 0.000600 0.000000 0.000000 0.000100 0.131700 0.132400 0.042900 0.135300 0.185400 0.044300 0.000000 0.042100 0.087300 0.043700 0.000000 0.129900 0.000100 0.000000
ForestMusk 0.129900 0.184200 0.179300 0.236200 0.177500 0.129900 0.130700 0.168000 0.192700 0.218500 0.177600 0.227200 0.134200 0.130700 0.231300 0.165200 0.121800 0.127100 0.174300 0.129900 0.122900 0.129900 0.081000 0.083300 0.129900 0.211800 0.134200 0.129900 0.207300 0.129900 0.173800 0.238400 0.121800 0.134200 0.132000 0.129900 0.129900 0.130900 0.164100 0.168000 0.081000 0.169300 0.218500 0.083300 0.129900 0.176600 0.122900 0.173400 0.129900 0.000000 0.130900 0.129900
Bushbuck 0.000100 0.149700 0.045500 0.257600 0.044700 0.000100 0.000300 0.134400 0.049000 0.187100 0.045500 0.092500 0.000600 0.000300 0.092800 0.133400 0.086200 0.089600 0.044100 0.000100 0.088200 0.000100 0.043400 0.044600 0.000100 0.182800 0.000600 0.000100 0.177300 0.000100 0.139400 0.096300 0.086200 0.000600 0.000700 0.000100 0.000100 0.000000 0.133000 0.134300 0.043400 0.136600 0.187100 0.044600 0.000100 0.043100 0.088200 0.044300 0.000100 0.130900 0.000000 0.000100
GreaterKud 0.000000 0.147900 0.045000 0.254900 0.044100 0.000000 0.000100 0.133200 0.048300 0.185400 0.044900 0.091200 0.000400 0.000100 0.091500 0.132200 0.085100 0.088700 0.043600 0.000000 0.087300 0.000000 0.042900 0.044300 0.000000 0.180900 0.000400 0.000000 0.175300 0.000000 0.138200 0.095200 0.085100 0.000400 0.000600 0.000000 0.000000 0.000100 0.131700 0.132400 0.042900 0.135300 0.185400 0.044300 0.000000 0.042100 0.087300 0.043700 0.000000 0.129900 0.000100 0.000000
