1
52 1
Argali 0.000000 0.386600 0.134200 0.383000 0.120700 0.016400 0.077300 0.120200 0.123100 0.250800 0.041300 0.113300 0.050200 0.100700 0.096500 0.103200 0.176500 0.174500 0.091300 0.114600 0.104300 0.041300 0.183200 0.186000 0.057700 0.120200 0.050200 0.115100 0.094300 0.114900 0.236300 0.070200 0.226000 0.050100 0.112600 0.148300 0.024700 0.094500 0.135100 0.204600 0.191300 0.129000 0.224400 0.188100 0.112500 0.096900 0.127000 0.113700 0.103500 0.156400 0.127300 0.131500
LesserMous 0.386600 0.000000 0.396000 0.399700 0.407400 0.386300 0.364200 0.431600 0.403300 0.423200 0.379900 0.415400 0.370200 0.398700 0.383000 0.442300 0.355600 0.302900 0.398300 0.393600 0.414000 0.379700 0.385600 0.367500 0.400700 0.394200 0.370200 0.380800 0.439100 0.394700 0.429300 0.373200 0.431200 0.369700 0.402300 0.433500 0.385500 0.400500 0.433000 0.367900 0.366700 0.406100 0.412100 0.385200 0.410700 0.411600 0.449400 0.413400 0.428100 0.399400 0.421700 0.387200
LesserKudu 0.134200 0.396000 0.000000 0.394100 0.132100 0.114600 0.087800 0.150400 0.042300 0.200000 0.103100 0.087200 0.094900 0.092500 0.079600 0.132900 0.168800 0.146800 0.156500 0.033700 0.106300 0.103100 0.122900 0.138000 0.120000 0.113000 0.094900 0.033900 0.123600 0.034000 0.186700 0.080700 0.197400 0.094700 0.163300 0.112700 0.104300 0.105400 0.164400 0.195800 0.152400 0.121900 0.175500 0.139600 0.086500 0.107500 0.157300 0.106000 0.114600 0.121400 0.043400 0.050300
KillerWhal 0.383000 0.399700 0.394100 0.000000 0.333700 0.382700 0.339600 0.390400 0.375600 0.353400 0.378600 0.337700 0.369100 0.369500 0.356600 0.411100 0.319400 0.282300 0.407000 0.366000 0.427800 0.378500 0.343000 0.307200 0.398600 0.368100 0.358300 0.357000 0.409700 0.367300 0.339200 0.347000 0.361700 0.368900 0.387800 0.356800 0.368600 0.362100 0.404300 0.386300 0.326700 0.403100 0.324400 0.333700 0.334300 0.357200 0.422600 0.375500 0.372200 0.359600 0.390400 0.385200
DefassaWat 0.120700 0.407400 0.132100 0.333700 0.000000 0.102000 0.076200 0.136500 0.121200 0.245800 0.091700 0.093700 0.083700 0.089100 0.095000 0.119600 0.173400 0.151900 0.124600 0.112900 0.120900 0.091700 0.191000 0.163200 0.108100 0.100800 0.083700 0.113400 0.110700 0.113200 0.231800 0.060000 0.201300 0.083600 0.158100 0.146100 0.092700 0.041000 0.151000 0.233500 0.199000 0.109400 0.200200 0.184800 0.110800 0.095500 0.125100 0.103000 0.102000 0.154100 0.125300 0.129500
Sheep 0.016400 0.386300 0.114600 0.382700 0.102000 0.000000 0.059400 0.101600 0.104000 0.227600 0.024500 0.094500 0.033000 0.081100 0.077800 0.084800 0.155400 0.153700 0.073700 0.095500 0.085700 0.024400 0.161200 0.164800 0.040600 0.101600 0.033000 0.096000 0.076100 0.095800 0.213800 0.051900 0.203700 0.032900 0.093900 0.129100 0.008100 0.076300 0.116500 0.182100 0.169400 0.110200 0.202400 0.166600 0.093900 0.078100 0.108100 0.094800 0.085000 0.137000 0.107400 0.112300
MaxwellsDu 0.077300 0.364200 0.087800 0.339600 0.076200 0.059400 0.000000 0.092400 0.077600 0.197100 0.049900 0.068500 0.041700 0.053900 0.051700 0.076600 0.146900 0.125800 0.100300 0.069200 0.077400 0.049800 0.141900 0.136700 0.066300 0.075900 0.041700 0.069500 0.067900 0.069400 0.164400 0.025900 0.175000 0.041600 0.132300 0.102800 0.050400 0.050700 0.091200 0.184100 0.150600 0.084500 0.153300 0.138200 0.068000 0.051900 0.100100 0.068700 0.059300 0.110800 0.080300 0.086000
GazellaPrz 0.120200 0.431600 0.150400 0.390400 0.136500 0.101600 0.092400 0.000000 0.139200 0.221700 0.091400 0.129400 0.083300 0.115900 0.111900 0.066200 0.202000 0.160400 0.124100 0.130800 0.076000 0.091300 0.187800 0.202300 0.107700 0.082700 0.083300 0.131400 0.057800 0.131100 0.228600 0.085900 0.230200 0.083200 0.176400 0.164200 0.092400 0.092800 0.097600 0.254800 0.155600 0.091100 0.217200 0.204600 0.128500 0.113300 0.090300 0.121000 0.119500 0.172100 0.143800 0.147500
MountainNy 0.123100 0.403300 0.042300 0.375600 0.121200 0.104000 0.077600 0.139200 0.000000 0.187100 0.093500 0.077100 0.085300 0.081700 0.069500 0.121900 0.136900 0.116200 0.145300 0.025000 0.104600 0.093400 0.111400 0.126500 0.110200 0.120700 0.085300 0.025100 0.112900 0.025100 0.174300 0.070500 0.184600 0.085100 0.161000 0.093600 0.094500 0.095000 0.153900 0.182600 0.140300 0.129500 0.163400 0.128000 0.076600 0.097300 0.145900 0.095600 0.104000 0.119600 0.034300 0.041500
MuntiacusM 0.250800 0.423200 0.200000 0.353400 0.245800 0.227600 0.197100 0.221700 0.187100 0.000000 0.213400 0.176300 0.204800 0.186900 0.179500 0.247900 0.210800 0.178000 0.271500 0.178100 0.229200 0.213300 0.112900 0.129100 0.231500 0.245500 0.195100 0.179000 0.237800 0.178600 0.079800 0.192200 0.227800 0.204500 0.295300 0.204000 0.216100 0.216900 0.281000 0.210000 0.101900 0.255400 0.061100 0.130600 0.174800 0.201200 0.251500 0.218400 0.227600 0.220600 0.172400 0.175600
goat 0.041300 0.379900 0.103100 0.378600 0.091700 0.024500 0.049900 0.091400 0.093500 0.213400 0.000000 0.084300 0.024200 0.070600 0.067900 0.074900 0.143300 0.141700 0.064300 0.084300 0.075700 0.015900 0.158900 0.152400 0.015800 0.091400 0.023400 0.085100 0.066400 0.085400 0.200200 0.042400 0.190500 0.024200 0.111100 0.118100 0.016100 0.066500 0.105700 0.179500 0.167000 0.099800 0.189200 0.154100 0.083700 0.067800 0.098200 0.084600 0.075100 0.126000 0.096000 0.083600
AfricanBuf 0.113300 0.415400 0.087200 0.337700 0.093700 0.094500 0.068500 0.129400 0.077100 0.176300 0.084300 0.000000 0.076100 0.072100 0.069200 0.112200 0.146000 0.125100 0.135600 0.068700 0.113500 0.084300 0.141600 0.135700 0.100900 0.111200 0.076100 0.069100 0.103300 0.068900 0.163800 0.061200 0.173900 0.076000 0.170100 0.066900 0.085200 0.085600 0.144100 0.204600 0.149900 0.119900 0.153100 0.137300 0.033200 0.087800 0.136100 0.086200 0.094500 0.110100 0.079700 0.085400
Topi 0.050200 0.370200 0.094900 0.369100 0.083700 0.033000 0.041700 0.083300 0.085300 0.204800 0.024200 0.076100 0.000000 0.062100 0.059600 0.066800 0.154300 0.133300 0.073300 0.076600 0.067500 0.024200 0.150100 0.143900 0.040200 0.083400 0.016200 0.076900 0.058300 0.077200 0.191700 0.034100 0.182000 0.016200 0.102900 0.110000 0.023600 0.058400 0.097900 0.170400 0.158200 0.091900 0.180600 0.145600 0.075600 0.059600 0.090200 0.076400 0.058500 0.117900 0.087600 0.093000
CommonDuik 0.100700 0.398700 0.092500 0.369500 0.089100 0.081100 0.053900 0.115900 0.081700 0.186900 0.070600 0.072100 0.062100 0.000000 0.054500 0.099600 0.144000 0.122000 0.124500 0.072900 0.100800 0.070600 0.149500 0.144300 0.088000 0.098700 0.062100 0.073300 0.090300 0.073100 0.194500 0.027000 0.161100 0.062000 0.160100 0.108100 0.071500 0.071900 0.133300 0.194900 0.158700 0.107900 0.182300 0.146100 0.071500 0.054700 0.124000 0.072300 0.081200 0.116500 0.065200 0.090600
Suni 0.096500 0.383000 0.079600 0.356600 0.095000 0.077800 0.051700 0.111900 0.069500 0.179500 0.067900 0.069200 0.059600 0.054500 0.000000 0.075400 0.139100 0.118000 0.119500 0.061000 0.095500 0.067900 0.134100 0.109400 0.084600 0.093800 0.059600 0.061300 0.085500 0.061200 0.166700 0.044100 0.167400 0.059500 0.153100 0.103800 0.068600 0.068900 0.127400 0.155000 0.152400 0.102700 0.155700 0.110800 0.068700 0.070800 0.093600 0.069400 0.077900 0.103200 0.071900 0.078000
Springbuck 0.103200 0.442300 0.132900 0.411100 0.119600 0.084800 0.076600 0.066200 0.121900 0.247900 0.074900 0.112200 0.066800 0.099600 0.075400 0.000000 0.185700 0.163500 0.107700 0.113500 0.059200 0.074800 0.192400 0.174800 0.091300 0.066300 0.066800 0.114000 0.008100 0.113800 0.234000 0.069500 0.213900 0.066700 0.139900 0.146900 0.075700 0.093700 0.064600 0.224900 0.200500 0.074700 0.222300 0.176800 0.111400 0.096000 0.074000 0.103900 0.102600 0.146200 0.106900 0.130200
Okapi 0.176500 0.355600 0.168800 0.319400 0.173400 0.155400 0.146900 0.202000 0.136900 0.210800 0.143300 0.146000 0.154300 0.144000 0.139100 0.185700 0.000000 0.062000 0.188100 0.147700 0.197500 0.143300 0.154700 0.138600 0.160800 0.193300 0.154300 0.148400 0.185400 0.148100 0.197200 0.130200 0.156900 0.154100 0.261700 0.182600 0.145000 0.165600 0.207800 0.220600 0.163000 0.202900 0.195500 0.140300 0.144800 0.170100 0.199800 0.166600 0.175600 0.150500 0.162200 0.165200
Giraffe 0.174500 0.302900 0.146800 0.282300 0.151900 0.153700 0.125800 0.160400 0.116200 0.178000 0.141700 0.125100 0.133300 0.122000 0.118000 0.163500 0.062000 0.000000 0.196200 0.126500 0.174900 0.141700 0.143000 0.127700 0.159100 0.171200 0.133300 0.127100 0.162800 0.126900 0.185300 0.109200 0.145900 0.133100 0.236600 0.161000 0.143400 0.144100 0.205300 0.207700 0.131300 0.180400 0.174300 0.129200 0.124100 0.147900 0.177800 0.145000 0.153700 0.130200 0.139900 0.143800
TibetanAnt 0.091300 0.398300 0.156500 0.407000 0.124600 0.073700 0.100300 0.124100 0.145300 0.271500 0.064300 0.135600 0.073300 0.124500 0.119500 0.107700 0.188100 0.196200 0.000000 0.137100 0.118300 0.064300 0.216600 0.207600 0.080200 0.106500 0.073300 0.137700 0.099100 0.137500 0.256900 0.093900 0.246800 0.073100 0.144600 0.169700 0.065000 0.117100 0.138400 0.237700 0.224400 0.114900 0.245100 0.209900 0.134700 0.119900 0.122100 0.109600 0.125900 0.178000 0.150100 0.153500
Sitatunga 0.114600 0.393600 0.033700 0.366000 0.112900 0.095500 0.069200 0.130800 0.025000 0.178100 0.084300 0.068700 0.076600 0.072900 0.061000 0.113500 0.147700 0.126500 0.137100 0.000000 0.096200 0.084700 0.102400 0.117800 0.101400 0.112400 0.076600 0.016700 0.104500 0.016800 0.165400 0.061900 0.175800 0.076400 0.152400 0.103100 0.085700 0.086600 0.145000 0.173300 0.131300 0.121300 0.154600 0.119200 0.068300 0.088300 0.137700 0.087100 0.095600 0.111300 0.025700 0.033100
Oribi 0.104300 0.414000 0.106300 0.427800 0.120900 0.085700 0.077400 0.076000 0.104600 0.229200 0.075700 0.113500 0.067500 0.100800 0.095500 0.059200 0.197500 0.174900 0.118300 0.096200 0.000000 0.075700 0.173300 0.166000 0.092200 0.076100 0.067500 0.096600 0.050600 0.096500 0.215300 0.070300 0.226300 0.067400 0.141600 0.148500 0.076500 0.094700 0.091400 0.204100 0.181500 0.084600 0.203900 0.167900 0.112600 0.097100 0.083800 0.095300 0.103700 0.138000 0.108200 0.113000
BarbaryShe 0.041300 0.379700 0.103100 0.378500 0.091700 0.024400 0.049800 0.091300 0.093400 0.213300 0.015900 0.084300 0.024200 0.070600 0.067900 0.074800 0.143300 0.141700 0.064300 0.084700 0.075700 0.000000 0.158900 0.152400 0.031800 0.091400 0.024200 0.085100 0.066400 0.085400 0.200200 0.042400 0.190500 0.023400 0.111100 0.118000 0.015600 0.066500 0.104800 0.179400 0.167000 0.099800 0.189100 0.154100 0.083700 0.067800 0.098200 0.084600 0.075100 0.126000 0.096000 0.101100
Daviddeer 0.183200 0.385600 0.122900 0.343000 0.191000 0.161200 0.141900 0.187800 0.111400 0.112900 0.158900 0.141600 0.150100 0.149500 0.134100 0.192400 0.154700 0.143000 0.216600 0.102400 0.173300 0.158900 0.000000 0.093800 0.177200 0.190300 0.150100 0.102900 0.182100 0.102700 0.101400 0.135800 0.205500 0.149900 0.226200 0.179400 0.160900 0.161700 0.226200 0.151100 0.027800 0.200200 0.100600 0.095000 0.140300 0.166300 0.217600 0.162700 0.172000 0.166600 0.115400 0.120200
Reindeer 0.186000 0.367500 0.138000 0.307200 0.163200 0.164800 0.136700 0.202300 0.126500 0.129100 0.152400 0.135700 0.143900 0.144300 0.109400 0.174800 0.138600 0.127700 0.207600 0.117800 0.166000 0.152400 0.093800 0.000000 0.170000 0.162800 0.143900 0.118400 0.174500 0.118200 0.117500 0.130500 0.187100 0.143700 0.206600 0.172000 0.154300 0.135500 0.216800 0.123200 0.102400 0.172100 0.097900 0.035200 0.134600 0.159100 0.169600 0.146000 0.145200 0.140500 0.130900 0.135100
Ibex 0.057700 0.400700 0.120000 0.398600 0.108100 0.040600 0.066300 0.107700 0.110200 0.231500 0.015800 0.100900 0.040200 0.088000 0.084600 0.091300 0.160800 0.159100 0.080200 0.101400 0.092200 0.031800 0.177200 0.170000 0.000000 0.107700 0.040200 0.101900 0.082700 0.102300 0.218000 0.059200 0.208200 0.040100 0.127900 0.134600 0.032100 0.082900 0.121700 0.198000 0.185200 0.116100 0.206900 0.171800 0.100200 0.084500 0.114500 0.101200 0.091500 0.142600 0.113200 0.100100
GyrantGaze 0.120200 0.394200 0.113000 0.368100 0.100800 0.101600 0.075900 0.082700 0.120700 0.245500 0.091400 0.111200 0.083400 0.098700 0.093800 0.066300 0.193300 0.171200 0.106500 0.112400 0.076100 0.091400 0.190300 0.162800 0.107700 0.000000 0.083400 0.112900 0.057800 0.112700 0.231500 0.068900 0.221500 0.083200 0.138800 0.136100 0.092400 0.075400 0.097600 0.211000 0.198300 0.024000 0.199900 0.184400 0.110400 0.095100 0.065100 0.093900 0.101700 0.153600 0.124800 0.129000
Hartebeest 0.050200 0.370200 0.094900 0.358300 0.083700 0.033000 0.041700 0.083300 0.085300 0.195100 0.023400 0.076100 0.016200 0.062100 0.059600 0.066800 0.154300 0.133300 0.073300 0.076600 0.067500 0.024200 0.150100 0.143900 0.040200 0.083400 0.000000 0.076900 0.058300 0.077200 0.191700 0.034100 0.182000 0.016200 0.102900 0.092100 0.024400 0.058400 0.097900 0.170400 0.158200 0.091900 0.180600 0.145600 0.075600 0.059600 0.090200 0.076400 0.067000 0.117900 0.087600 0.093000
Bongo 0.115100 0.380800 0.033900 0.357000 0.113400 0.096000 0.069500 0.131400 0.025100 0.179000 0.085100 0.069100 0.076900 0.073300 0.061300 0.114000 0.148400 0.127100 0.137700 0.016700 0.096600 0.085100 0.102900 0.118400 0.101900 0.112900 0.076900 0.000000 0.104900 0.016900 0.166200 0.062200 0.176700 0.076800 0.153100 0.103600 0.086100 0.087000 0.145600 0.174300 0.131900 0.121800 0.155400 0.119700 0.068600 0.088700 0.138400 0.087500 0.096000 0.111800 0.025800 0.033200
Gerenuk 0.094300 0.439100 0.123600 0.409700 0.110700 0.076100 0.067900 0.057800 0.112900 0.237800 0.066400 0.103300 0.058300 0.090300 0.085500 0.008100 0.185400 0.162800 0.099100 0.104500 0.050600 0.066400 0.182100 0.174500 0.082700 0.057800 0.058300 0.104900 0.000000 0.104800 0.223800 0.060700 0.213700 0.058200 0.130700 0.137800 0.067100 0.084900 0.056400 0.224400 0.190300 0.066200 0.212300 0.176400 0.102600 0.087000 0.065600 0.095000 0.093800 0.146000 0.097700 0.121200
CommonElan 0.114900 0.394700 0.034000 0.367300 0.113200 0.095800 0.069400 0.131100 0.025100 0.178600 0.085400 0.068900 0.077200 0.073100 0.061200 0.113800 0.148100 0.126900 0.137500 0.016800 0.096500 0.085400 0.102700 0.118200 0.102300 0.112700 0.077200 0.016900 0.104800 0.000000 0.165900 0.062100 0.176400 0.077000 0.152800 0.103400 0.086400 0.086800 0.146100 0.174000 0.131700 0.121600 0.155100 0.119600 0.068500 0.089000 0.138000 0.087400 0.095900 0.111600 0.025900 0.033300
MuntiacusR 0.236300 0.429300 0.186700 0.339200 0.231800 0.213800 0.164400 0.228600 0.174300 0.079800 0.200200 0.163800 0.191700 0.194500 0.166700 0.234000 0.197200 0.185300 0.256900 0.165400 0.215300 0.200200 0.101400 0.117500 0.218000 0.231500 0.191700 0.166200 0.223800 0.165900 0.000000 0.179600 0.216500 0.191400 0.279500 0.200400 0.202700 0.203400 0.245700 0.196000 0.109900 0.241100 0.051400 0.119000 0.162400 0.209000 0.237900 0.204800 0.213900 0.207500 0.180300 0.182800
HarveysDui 0.070200 0.373200 0.080700 0.347000 0.060000 0.051900 0.025900 0.085900 0.070500 0.192200 0.042400 0.061200 0.034100 0.027000 0.044100 0.069500 0.130200 0.109200 0.093900 0.061900 0.070300 0.042400 0.135800 0.130500 0.059200 0.068900 0.034100 0.062200 0.060700 0.062100 0.179600 0.000000 0.158400 0.034000 0.126300 0.096200 0.042900 0.043100 0.102400 0.178500 0.144800 0.077700 0.167900 0.132100 0.060800 0.044200 0.093700 0.061400 0.052000 0.104400 0.073000 0.079100
Pronghorn 0.226000 0.431200 0.197400 0.361700 0.201300 0.203700 0.175000 0.230200 0.184600 0.227800 0.190500 0.173900 0.182000 0.161100 0.167400 0.213900 0.156900 0.145900 0.246800 0.175800 0.226300 0.190500 0.205500 0.187100 0.208200 0.221500 0.182000 0.176700 0.213700 0.176400 0.216500 0.158400 0.000000 0.181700 0.291100 0.190800 0.192800 0.193700 0.256300 0.274600 0.213600 0.231100 0.224400 0.169000 0.153100 0.187300 0.248100 0.194900 0.203800 0.177800 0.179600 0.193300
BlueWildeb 0.050100 0.369700 0.094700 0.368900 0.083600 0.032900 0.041600 0.083200 0.085100 0.204500 0.024200 0.076000 0.016200 0.062000 0.059500 0.066700 0.154100 0.133100 0.073100 0.076400 0.067400 0.023400 0.149900 0.143700 0.040100 0.083200 0.016200 0.076800 0.058200 0.077000 0.191400 0.034000 0.181700 0.000000 0.102700 0.109800 0.023700 0.058300 0.097700 0.170300 0.158100 0.091700 0.180500 0.145400 0.075500 0.059400 0.090100 0.076300 0.066900 0.100200 0.087500 0.092900
Gemsbok 0.112600 0.402300 0.163300 0.387800 0.158100 0.093900 0.132300 0.176400 0.161000 0.295300 0.111100 0.170100 0.102900 0.160100 0.153100 0.139900 0.261700 0.236600 0.144600 0.152400 0.141600 0.111100 0.226200 0.206600 0.127900 0.138800 0.102900 0.153100 0.130700 0.152800 0.279500 0.126300 0.291100 0.102700 0.000000 0.206000 0.103000 0.131300 0.190700 0.226200 0.234200 0.166500 0.245800 0.229800 0.168700 0.153900 0.163900 0.160900 0.159500 0.214000 0.146600 0.169500
Yak 0.148300 0.433500 0.112700 0.356800 0.146100 0.129100 0.102800 0.164200 0.093600 0.204000 0.118100 0.066900 0.110000 0.108100 0.103800 0.146900 0.182600 0.161000 0.169700 0.103100 0.148500 0.118000 0.179400 0.172000 0.134600 0.136100 0.092100 0.103600 0.137800 0.103400 0.200400 0.096200 0.190800 0.109800 0.206000 0.000000 0.119400 0.119900 0.178300 0.243700 0.187400 0.144800 0.189300 0.154400 0.049500 0.122900 0.170600 0.120700 0.129000 0.144100 0.115100 0.119700
BlueSheep 0.024700 0.385500 0.104300 0.368600 0.092700 0.008100 0.050400 0.092400 0.094500 0.216100 0.016100 0.085200 0.023600 0.071500 0.068600 0.075700 0.145000 0.143400 0.065000 0.085700 0.076500 0.015600 0.160900 0.154300 0.032100 0.092400 0.024400 0.086100 0.067100 0.086400 0.202700 0.042900 0.192800 0.023700 0.103000 0.119400 0.000000 0.067300 0.106800 0.181800 0.169100 0.100900 0.191500 0.156000 0.084600 0.068500 0.099300 0.085500 0.075900 0.127400 0.097100 0.102300
BohorReedb 0.094500 0.400500 0.105400 0.362100 0.041000 0.076300 0.050700 0.092800 0.095000 0.216900 0.066500 0.085600 0.058400 0.071900 0.068900 0.093700 0.165600 0.144100 0.117100 0.086600 0.094700 0.066500 0.161700 0.135500 0.082900 0.075400 0.058400 0.087000 0.084900 0.086800 0.203400 0.043100 0.193700 0.058300 0.131300 0.119900 0.067300 0.000000 0.125500 0.203400 0.149700 0.083900 0.172400 0.156600 0.085000 0.069200 0.099400 0.077000 0.076300 0.128000 0.098200 0.103300
KirksDik 0.135100 0.433000 0.164400 0.404300 0.151000 0.116500 0.091200 0.097600 0.153900 0.281000 0.105700 0.144100 0.097900 0.133300 0.127400 0.064600 0.207800 0.205300 0.138400 0.145000 0.091400 0.104800 0.226200 0.216800 0.121700 0.097600 0.097900 0.145600 0.056400 0.146100 0.245700 0.102400 0.256300 0.097700 0.190700 0.178300 0.106800 0.125500 0.000000 0.269300 0.233900 0.105900 0.234100 0.219200 0.125100 0.100500 0.105000 0.136000 0.134400 0.186200 0.158100 0.161200
RoeDeer 0.204600 0.367900 0.195800 0.386300 0.233500 0.182100 0.184100 0.254800 0.182600 0.210000 0.179500 0.204600 0.170400 0.194900 0.155000 0.224900 0.220600 0.207700 0.237700 0.173300 0.204100 0.179400 0.151100 0.123200 0.198000 0.211000 0.170400 0.174300 0.224400 0.174000 0.196000 0.178500 0.274600 0.170300 0.226200 0.243700 0.181800 0.203400 0.269300 0.000000 0.159900 0.242200 0.194400 0.124700 0.202600 0.209300 0.217700 0.204900 0.214200 0.218600 0.189200 0.191500
WhiteLippe 0.191300 0.366700 0.152400 0.326700 0.199000 0.169400 0.150600 0.155600 0.140300 0.101900 0.167000 0.149900 0.158200 0.158700 0.152400 0.200500 0.163000 0.131300 0.224400 0.131300 0.181500 0.167000 0.027800 0.102400 0.185200 0.198300 0.158200 0.131900 0.190300 0.131700 0.109900 0.144800 0.213600 0.158100 0.234200 0.187400 0.169100 0.149700 0.233900 0.159900 0.000000 0.208000 0.109000 0.103600 0.148600 0.174600 0.225600 0.171000 0.180100 0.174600 0.145400 0.149100
ThomsonGaz 0.129000 0.406100 0.121900 0.403100 0.109400 0.110200 0.084500 0.091100 0.129500 0.255400 0.099800 0.119900 0.091900 0.107900 0.102700 0.074700 0.202900 0.180400 0.114900 0.121300 0.084600 0.099800 0.200200 0.172100 0.116100 0.024000 0.091900 0.121800 0.066200 0.121600 0.241100 0.077700 0.231100 0.091700 0.166500 0.144800 0.100900 0.083900 0.105900 0.242200 0.208000 0.000000 0.209200 0.193900 0.119000 0.104000 0.073300 0.102600 0.110300 0.162300 0.134000 0.137800
MuntiacusC 0.224400 0.412100 0.175500 0.324400 0.200200 0.202400 0.153300 0.217200 0.163400 0.061100 0.189200 0.153100 0.180600 0.182300 0.155700 0.222300 0.195500 0.174300 0.245100 0.154600 0.203900 0.189100 0.100600 0.097900 0.206900 0.199900 0.180600 0.155400 0.212300 0.155100 0.051400 0.167900 0.224400 0.180500 0.245800 0.189300 0.191500 0.172400 0.234100 0.194400 0.109000 0.209200 0.000000 0.117900 0.151800 0.197300 0.206300 0.183300 0.202300 0.196400 0.169000 0.171900
WhiteTaile 0.188100 0.385200 0.139600 0.333700 0.184800 0.166600 0.138200 0.204600 0.128000 0.130600 0.154100 0.137300 0.145600 0.146100 0.110800 0.176800 0.140300 0.129200 0.209900 0.119200 0.167900 0.154100 0.095000 0.035200 0.171800 0.184400 0.145600 0.119700 0.176400 0.119600 0.119000 0.132100 0.169000 0.145400 0.229800 0.154400 0.156000 0.156600 0.219200 0.124700 0.103600 0.193900 0.117900 0.000000 0.117100 0.161000 0.191200 0.157700 0.166700 0.142100 0.132500 0.136700
Cattle 0.112500 0.410700 0.086500 0.334300 0.110800 0.093900 0.068000 0.128500 0.076600 0.174800 0.083700 0.033200 0.075600 0.071500 0.068700 0.111400 0.144800 0.124100 0.134700 0.068300 0.112600 0.083700 0.140300 0.134600 0.100200 0.110400 0.075600 0.068600 0.102600 0.068500 0.162400 0.060800 0.153100 0.075500 0.168700 0.049500 0.084600 0.085000 0.125100 0.202600 0.148600 0.119000 0.151800 0.117100 0.000000 0.087100 0.134800 0.085500 0.093900 0.109400 0.079100 0.084800
RoyalAntel 0.096900 0.411600 0.107500 0.357200 0.095500 0.078100 0.051900 0.113300 0.097300 0.201200 0.067800 0.087800 0.059600 0.054700 0.070800 0.096000 0.170100 0.147900 0.119900 0.088300 0.097100 0.067800 0.166300 0.159100 0.084500 0.095100 0.059600 0.088700 0.087000 0.089000 0.209000 0.044200 0.187300 0.059400 0.153900 0.122900 0.068500 0.069200 0.100500 0.209300 0.174600 0.104000 0.197300 0.161000 0.087100 0.000000 0.120300 0.088100 0.078200 0.131100 0.081100 0.105300
Steenbok 0.127000 0.449400 0.157300 0.422600 0.125100 0.108100 0.100100 0.090300 0.145900 0.251500 0.098200 0.136100 0.090200 0.124000 0.093600 0.074000 0.199800 0.177800 0.122100 0.137700 0.083800 0.098200 0.217600 0.169600 0.114500 0.065100 0.090200 0.138400 0.065600 0.138000 0.237900 0.093700 0.248100 0.090100 0.163900 0.170600 0.099300 0.099400 0.105000 0.217700 0.225600 0.073300 0.206300 0.191200 0.134800 0.120300 0.000000 0.118300 0.126200 0.178200 0.150900 0.154200
Impala 0.113700 0.413400 0.106000 0.375500 0.103000 0.094800 0.068700 0.121000 0.095600 0.218400 0.084600 0.086200 0.076400 0.072300 0.069400 0.103900 0.166600 0.145000 0.109600 0.087100 0.095300 0.084600 0.162700 0.146000 0.101200 0.093900 0.076400 0.087500 0.095000 0.087400 0.204800 0.061400 0.194900 0.076300 0.160900 0.120700 0.085500 0.077000 0.136000 0.204900 0.171000 0.102600 0.183300 0.157700 0.085500 0.088100 0.118300 0.000000 0.094900 0.128800 0.098800 0.103900
Klipspring 0.103500 0.428100 0.114600 0.372200 0.102000 0.085000 0.059300 0.119500 0.104000 0.227600 0.075100 0.094500 0.058500 0.081200 0.077900 0.102600 0.175600 0.153700 0.125900 0.095600 0.103700 0.075100 0.172000 0.145200 0.091500 0.101700 0.067000 0.096000 0.093800 0.095900 0.213900 0.052000 0.203800 0.066900 0.159500 0.129000 0.075900 0.076300 0.134400 0.214200 0.180100 0.110300 0.202300 0.166700 0.093900 0.078200 0.126200 0.094900 0.000000 0.137000 0.107500 0.112300
ForestMusk 0.156400 0.399400 0.121400 0.359600 0.154100 0.137000 0.110800 0.172100 0.119600 0.220600 0.126000 0.110100 0.117900 0.116500 0.103200 0.146200 0.150500 0.130200 0.178000 0.111300 0.138000 0.126000 0.166600 0.140500 0.142600 0.153600 0.117900 0.111800 0.146000 0.111600 0.207500 0.104400 0.177800 0.100200 0.214000 0.144100 0.127400 0.128000 0.186200 0.218600 0.174600 0.162300 0.196400 0.142100 0.109400 0.131100 0.178200 0.128800 0.137000 0.000000 0.123400 0.127700
Bushbuck 0.127300 0.421700 0.043400 0.390400 0.125300 0.107400 0.080300 0.143800 0.034300 0.172400 0.096000 0.079700 0.087600 0.065200 0.071900 0.106900 0.162200 0.139900 0.150100 0.025700 0.108200 0.096000 0.115400 0.130900 0.113200 0.124800 0.087600 0.025800 0.097700 0.025900 0.180300 0.073000 0.179600 0.087500 0.146600 0.115100 0.097100 0.098200 0.158100 0.189200 0.145400 0.134000 0.169000 0.132500 0.079100 0.081100 0.150900 0.098800 0.107500 0.123400 0.000000 0.041000
GreaterKud 0.131500 0.387200 0.050300 0.385200 0.129500 0.112300 0.086000 0.147500 0.041500 0.175600 0.083600 0.085400 0.093000 0.090600 0.078000 0.130200 0.165200 0.143800 0.153500 0.033100 0.113000 0.101100 0.120200 0.135100 0.100100 0.129000 0.093000 0.033200 0.121200 0.033300 0.182800 0.079100 0.193300 0.092900 0.169500 0.119700 0.102300 0.103300 0.161200 0.191500 0.149100 0.137800 0.171900 0.136700 0.084800 0.105300 0.154200 0.103900 0.112300 0.127700 0.041000 0.000000
