CODONML (in paml version 4.10.7, June 2023)  /home/rachel/ruminants_paml/6406-phy-tree/ENSBTAT00000018918.fasta.phy
Model: free dN/dS Ratios for branches,  kappa = 2.000 fixed

Codon frequency model: F3x4
ns =  54  ls =  52

Codon usage in sequences
--------------------------------------------------------------------------------------------------------------------------------------
Phe TTT   0   0   0   0   0   0 | Ser TCT   2   2   2   2   1   2 | Tyr TAT   1   1   1   1   1   1 | Cys TGT   1   1   1   1   1   1
    TTC   0   0   0   0   0   0 |     TCC   0   0   0   0   1   0 |     TAC   0   0   0   0   0   0 |     TGC   0   0   0   0   0   0
Leu TTA   0   0   0   0   0   0 |     TCA   1   1   1   2   1   1 | *** TAA   0   0   0   0   0   0 | *** TGA   0   0   0   0   0   0
    TTG   1   1   1   1   1   1 |     TCG   0   0   0   0   0   0 |     TAG   0   0   0   0   0   0 | Trp TGG   0   0   0   0   0   0
--------------------------------------------------------------------------------------------------------------------------------------
Leu CTT   1   1   1   1   1   3 | Pro CCT   0   0   0   0   0   0 | His CAT   1   1   1   1   1   1 | Arg CGT   1   1   1   1   1   1
    CTC   0   0   0   0   0   0 |     CCC   0   0   0   0   0   0 |     CAC   0   0   0   0   0   0 |     CGC   0   0   0   0   0   0
    CTA   2   3   2   2   3   2 |     CCA   4   4   4   3   4   4 | Gln CAA   0   0   0   0   0   0 |     CGA   0   0   0   0   0   0
    CTG   2   2   2   2   2   1 |     CCG   0   0   0   0   0   0 |     CAG   2   2   2   2   2   2 |     CGG   0   0   0   0   0   0
--------------------------------------------------------------------------------------------------------------------------------------
Ile ATT   3   3   3   3   3   3 | Thr ACT   0   0   0   0   0   0 | Asn AAT   1   1   1   1   0   1 | Ser AGT   4   4   4   4   4   4
    ATC   0   0   0   0   0   0 |     ACC   1   1   1   1   1   1 |     AAC   0   0   0   0   1   0 |     AGC   0   0   0   0   0   0
    ATA   1   1   1   1   1   1 |     ACA   2   1   2   1   2   2 | Lys AAA   1   1   1   1   1   1 | Arg AGA   1   1   1   1   2   1
Met ATG   2   2   2   2   2   2 |     ACG   0   1   0   0   0   0 |     AAG   0   0   0   0   0   0 |     AGG   0   0   0   0   0   0
--------------------------------------------------------------------------------------------------------------------------------------
Val GTT   1   0   1   1   0   1 | Ala GCT   4   5   4   4   5   4 | Asp GAT   1   1   1   1   0   1 | Gly GGT   2   2   2   2   2   2
    GTC   0   0   1   0   0   0 |     GCC   0   0   0   0   0   0 |     GAC   0   0   0   1   1   0 |     GGC   1   1   1   1   0   1
    GTA   1   0   0   1   0   0 |     GCA   0   0   0   1   0   0 | Glu GAA   4   3   4   3   3   3 |     GGA   1   2   1   1   2   2
    GTG   1   1   1   1   1   1 |     GCG   0   0   0   0   0   0 |     GAG   1   1   1   1   1   1 |     GGG   0   0   0   0   0   0
--------------------------------------------------------------------------------------------------------------------------------------

--------------------------------------------------------------------------------------------------------------------------------------
Phe TTT   0   0   0   0   0   0 | Ser TCT   2   2   2   2   2   2 | Tyr TAT   1   1   1   1   1   0 | Cys TGT   1   1   1   1   1   1
    TTC   0   0   0   0   0   0 |     TCC   0   0   0   0   0   0 |     TAC   0   0   0   0   0   1 |     TGC   0   0   0   0   0   0
Leu TTA   0   0   0   0   0   0 |     TCA   1   1   1   1   1   1 | *** TAA   0   0   0   0   0   0 | *** TGA   0   0   0   0   0   0
    TTG   1   1   1   2   1   1 |     TCG   0   0   0   0   0   0 |     TAG   0   0   0   0   0   0 | Trp TGG   0   0   0   0   0   0
--------------------------------------------------------------------------------------------------------------------------------------
Leu CTT   1   1   1   1   1   2 | Pro CCT   0   0   0   0   0   0 | His CAT   1   1   1   1   1   1 | Arg CGT   1   1   1   1   1   1
    CTC   0   0   0   0   0   0 |     CCC   0   0   0   0   0   0 |     CAC   0   0   0   0   0   0 |     CGC   0   0   0   0   0   0
    CTA   2   2   2   2   2   1 |     CCA   3   4   4   4   4   5 | Gln CAA   0   0   0   0   0   0 |     CGA   0   0   0   0   0   0
    CTG   2   2   2   1   2   2 |     CCG   1   0   0   0   0   0 |     CAG   2   2   2   2   2   2 |     CGG   0   0   0   0   0   0
--------------------------------------------------------------------------------------------------------------------------------------
Ile ATT   3   3   3   3   3   3 | Thr ACT   0   0   0   0   0   0 | Asn AAT   1   1   1   1   1   1 | Ser AGT   4   4   4   4   4   4
    ATC   0   0   0   0   0   0 |     ACC   1   1   1   1   1   1 |     AAC   0   0   0   0   0   0 |     AGC   0   0   0   0   0   0
    ATA   1   1   1   1   1   1 |     ACA   2   2   2   2   2   1 | Lys AAA   1   1   1   1   1   1 | Arg AGA   1   1   1   1   1   1
Met ATG   2   2   2   2   2   2 |     ACG   0   0   0   0   0   0 |     AAG   0   0   0   0   0   0 |     AGG   0   0   0   0   0   0
--------------------------------------------------------------------------------------------------------------------------------------
Val GTT   1   1   1   1   1   1 | Ala GCT   4   4   4   4   4   4 | Asp GAT   1   1   1   1   1   1 | Gly GGT   2   2   2   2   2   2
    GTC   0   0   0   0   0   0 |     GCC   0   0   0   0   0   0 |     GAC   0   0   0   0   0   0 |     GGC   1   1   1   1   1   1
    GTA   1   1   1   1   1   1 |     GCA   0   0   0   0   0   0 | Glu GAA   4   4   4   4   4   4 |     GGA   1   1   1   1   1   1
    GTG   1   1   1   1   1   1 |     GCG   0   0   0   0   0   0 |     GAG   1   1   1   1   1   1 |     GGG   0   0   0   0   0   0
--------------------------------------------------------------------------------------------------------------------------------------

--------------------------------------------------------------------------------------------------------------------------------------
Phe TTT   0   0   0   0   0   0 | Ser TCT   2   2   2   2   2   2 | Tyr TAT   1   1   1   1   1   1 | Cys TGT   1   1   1   1   1   1
    TTC   0   0   0   0   0   0 |     TCC   0   0   0   0   0   0 |     TAC   0   0   0   0   0   0 |     TGC   0   0   0   0   0   0
Leu TTA   0   0   0   0   0   0 |     TCA   1   0   1   1   1   1 | *** TAA   0   0   0   0   0   0 | *** TGA   0   0   0   0   0   0
    TTG   1   1   1   1   1   1 |     TCG   0   1   0   0   0   0 |     TAG   0   0   0   0   0   0 | Trp TGG   0   0   0   0   0   0
--------------------------------------------------------------------------------------------------------------------------------------
Leu CTT   1   1   1   1   1   1 | Pro CCT   0   0   0   0   0   0 | His CAT   1   1   1   1   1   1 | Arg CGT   1   1   1   1   1   1
    CTC   0   0   0   0   0   0 |     CCC   0   0   0   0   0   0 |     CAC   0   0   0   0   0   0 |     CGC   0   0   0   0   0   0
    CTA   2   2   2   2   2   2 |     CCA   4   4   4   4   4   4 | Gln CAA   0   1   0   0   0   0 |     CGA   0   0   0   0   0   0
    CTG   2   2   2   2   2   2 |     CCG   0   0   0   0   0   0 |     CAG   2   1   2   2   2   2 |     CGG   0   0   0   0   0   0
--------------------------------------------------------------------------------------------------------------------------------------
Ile ATT   3   3   3   3   2   3 | Thr ACT   0   0   0   0   0   1 | Asn AAT   1   2   1   1   1   1 | Ser AGT   4   3   4   4   4   4
    ATC   0   0   0   0   0   0 |     ACC   1   1   0   1   1   1 |     AAC   0   0   0   0   0   0 |     AGC   0   0   0   0   0   0
    ATA   1   1   1   1   1   1 |     ACA   2   2   2   2   2   2 | Lys AAA   1   1   1   1   1   1 | Arg AGA   1   1   1   1   1   1
Met ATG   2   2   2   2   2   2 |     ACG   0   0   0   0   0   0 |     AAG   0   0   0   0   0   0 |     AGG   0   0   0   0   0   0
--------------------------------------------------------------------------------------------------------------------------------------
Val GTT   1   1   1   1   2   1 | Ala GCT   4   4   4   4   4   2 | Asp GAT   1   1   1   1   1   1 | Gly GGT   2   2   2   1   3   2
    GTC   0   0   0   0   0   0 |     GCC   0   0   1   0   0   0 |     GAC   0   0   0   0   0   0 |     GGC   1   1   1   2   0   1
    GTA   1   1   1   1   1   1 |     GCA   0   0   0   0   0   1 | Glu GAA   4   4   4   4   4   4 |     GGA   1   1   1   1   1   1
    GTG   1   1   1   1   1   1 |     GCG   0   0   0   0   0   0 |     GAG   1   1   1   1   1   1 |     GGG   0   0   0   0   0   0
--------------------------------------------------------------------------------------------------------------------------------------

--------------------------------------------------------------------------------------------------------------------------------------
Phe TTT   0   0   0   0   0   0 | Ser TCT   2   2   2   2   2   2 | Tyr TAT   1   1   1   1   1   1 | Cys TGT   1   1   1   1   1   1
    TTC   0   0   0   0   0   0 |     TCC   0   0   0   0   0   0 |     TAC   0   0   0   0   0   0 |     TGC   0   0   0   0   0   0
Leu TTA   0   0   0   0   0   0 |     TCA   1   1   1   1   1   1 | *** TAA   0   0   0   0   0   0 | *** TGA   0   0   0   0   0   0
    TTG   1   1   1   1   1   1 |     TCG   0   0   0   0   0   0 |     TAG   0   0   0   0   0   0 | Trp TGG   0   0   0   0   0   0
--------------------------------------------------------------------------------------------------------------------------------------
Leu CTT   1   1   1   1   1   1 | Pro CCT   0   0   0   0   0   0 | His CAT   0   1   1   1   1   1 | Arg CGT   1   1   1   1   1   1
    CTC   0   0   0   0   0   0 |     CCC   0   0   0   0   0   0 |     CAC   1   0   0   0   0   0 |     CGC   0   0   0   0   0   0
    CTA   2   2   2   2   2   2 |     CCA   4   4   4   4   4   4 | Gln CAA   0   0   0   0   0   0 |     CGA   0   0   0   0   0   0
    CTG   2   2   2   2   2   2 |     CCG   0   0   0   0   0   0 |     CAG   2   2   2   2   2   2 |     CGG   0   0   0   0   0   0
--------------------------------------------------------------------------------------------------------------------------------------
Ile ATT   2   3   3   3   3   3 | Thr ACT   0   0   0   0   1   0 | Asn AAT   1   1   1   1   1   1 | Ser AGT   4   4   3   4   4   4
    ATC   0   0   0   0   0   0 |     ACC   1   1   1   1   1   1 |     AAC   0   0   0   0   0   0 |     AGC   0   0   1   0   0   0
    ATA   1   1   1   1   1   1 |     ACA   2   2   2   2   2   2 | Lys AAA   1   1   1   1   1   1 | Arg AGA   1   1   1   1   1   1
Met ATG   2   2   2   2   2   2 |     ACG   0   0   0   0   0   0 |     AAG   0   0   0   0   0   0 |     AGG   0   0   0   0   0   0
--------------------------------------------------------------------------------------------------------------------------------------
Val GTT   2   1   1   1   1   1 | Ala GCT   4   4   4   4   3   4 | Asp GAT   1   1   1   1   1   1 | Gly GGT   2   2   2   2   2   2
    GTC   0   0   0   0   0   0 |     GCC   0   0   0   0   0   0 |     GAC   0   0   0   0   0   0 |     GGC   1   1   1   1   1   1
    GTA   1   1   1   1   1   1 |     GCA   0   0   0   0   0   0 | Glu GAA   4   4   4   4   4   4 |     GGA   1   1   1   1   1   1
    GTG   1   1   1   1   1   1 |     GCG   0   0   0   0   0   0 |     GAG   1   1   1   1   1   1 |     GGG   0   0   0   0   0   0
--------------------------------------------------------------------------------------------------------------------------------------

--------------------------------------------------------------------------------------------------------------------------------------
Phe TTT   0   0   0   0   0   0 | Ser TCT   2   2   2   2   2   2 | Tyr TAT   0   0   1   1   1   1 | Cys TGT   1   1   1   1   1   1
    TTC   0   0   0   0   0   0 |     TCC   0   0   0   0   0   0 |     TAC   1   1   0   0   0   0 |     TGC   0   0   0   0   0   0
Leu TTA   0   0   0   0   0   0 |     TCA   1   1   1   1   1   1 | *** TAA   0   0   0   0   0   0 | *** TGA   0   0   0   0   0   0
    TTG   1   1   1   1   1   1 |     TCG   0   0   0   0   0   0 |     TAG   0   0   0   0   0   0 | Trp TGG   0   0   0   0   0   0
--------------------------------------------------------------------------------------------------------------------------------------
Leu CTT   2   2   1   1   1   1 | Pro CCT   0   0   0   0   0   0 | His CAT   1   1   1   1   1   1 | Arg CGT   1   1   1   1   1   1
    CTC   0   0   0   0   0   0 |     CCC   0   0   0   0   0   0 |     CAC   0   0   0   0   0   0 |     CGC   0   0   0   0   0   0
    CTA   1   1   2   2   2   2 |     CCA   4   4   4   4   4   4 | Gln CAA   0   0   0   0   0   0 |     CGA   0   0   0   0   0   0
    CTG   2   2   2   2   2   2 |     CCG   0   0   0   0   0   0 |     CAG   2   2   2   2   2   2 |     CGG   0   0   0   0   0   0
--------------------------------------------------------------------------------------------------------------------------------------
Ile ATT   3   3   3   3   3   3 | Thr ACT   0   0   0   0   0   0 | Asn AAT   1   1   1   1   1   1 | Ser AGT   4   4   4   4   4   4
    ATC   0   0   0   0   0   0 |     ACC   1   1   1   1   0   1 |     AAC   0   0   0   0   0   0 |     AGC   0   0   0   0   0   0
    ATA   1   1   1   1   1   1 |     ACA   2   2   2   2   2   2 | Lys AAA   1   1   1   1   1   1 | Arg AGA   1   1   1   1   1   1
Met ATG   2   2   2   2   2   2 |     ACG   0   0   0   0   0   0 |     AAG   0   0   0   0   0   0 |     AGG   0   0   0   0   0   0
--------------------------------------------------------------------------------------------------------------------------------------
Val GTT   1   1   1   1   1   1 | Ala GCT   4   4   4   4   4   4 | Asp GAT   1   1   1   1   1   1 | Gly GGT   2   2   2   2   2   2
    GTC   0   0   0   0   0   0 |     GCC   0   0   0   0   1   0 |     GAC   0   0   0   0   0   0 |     GGC   1   1   1   1   1   1
    GTA   1   1   1   1   1   1 |     GCA   0   0   0   0   0   0 | Glu GAA   4   4   4   4   4   4 |     GGA   1   1   1   1   1   1
    GTG   1   1   1   1   1   1 |     GCG   0   0   0   0   0   0 |     GAG   1   1   1   1   1   1 |     GGG   0   0   0   0   0   0
--------------------------------------------------------------------------------------------------------------------------------------

--------------------------------------------------------------------------------------------------------------------------------------
Phe TTT   0   0   0   0   0   0 | Ser TCT   2   2   2   2   2   2 | Tyr TAT   1   1   0   1   1   1 | Cys TGT   1   1   1   1   1   1
    TTC   0   0   0   0   0   0 |     TCC   0   0   0   0   0   0 |     TAC   0   0   1   0   0   0 |     TGC   0   0   0   0   0   0
Leu TTA   0   0   0   0   0   0 |     TCA   1   1   1   1   1   1 | *** TAA   0   0   0   0   0   0 | *** TGA   0   0   0   0   0   0
    TTG   1   1   1   1   1   1 |     TCG   0   0   0   0   0   0 |     TAG   0   0   0   0   0   0 | Trp TGG   0   0   0   0   0   0
--------------------------------------------------------------------------------------------------------------------------------------
Leu CTT   1   1   2   1   1   1 | Pro CCT   0   1   0   0   0   0 | His CAT   1   1   1   1   1   1 | Arg CGT   1   1   1   1   1   1
    CTC   0   0   0   0   0   0 |     CCC   0   0   0   0   0   0 |     CAC   0   0   0   0   0   0 |     CGC   0   0   0   0   0   0
    CTA   2   2   1   2   2   2 |     CCA   4   3   4   4   4   4 | Gln CAA   0   0   0   0   0   0 |     CGA   0   0   0   0   0   0
    CTG   2   2   2   2   2   2 |     CCG   0   0   0   0   0   0 |     CAG   2   2   2   2   2   2 |     CGG   0   0   0   0   0   0
--------------------------------------------------------------------------------------------------------------------------------------
Ile ATT   3   3   3   3   3   2 | Thr ACT   0   0   0   0   1   0 | Asn AAT   1   1   1   1   1   1 | Ser AGT   4   4   4   5   3   4
    ATC   0   0   0   0   0   1 |     ACC   1   1   1   1   1   0 |     AAC   0   0   0   0   0   0 |     AGC   0   0   0   0   1   0
    ATA   1   1   1   1   1   1 |     ACA   2   2   2   2   1   2 | Lys AAA   1   1   1   1   1   1 | Arg AGA   1   1   1   1   1   1
Met ATG   2   2   2   2   2   2 |     ACG   0   0   0   0   0   0 |     AAG   0   0   0   0   0   0 |     AGG   0   0   0   0   0   0
--------------------------------------------------------------------------------------------------------------------------------------
Val GTT   1   1   1   1   1   1 | Ala GCT   4   4   4   4   4   4 | Asp GAT   1   1   1   1   1   1 | Gly GGT   2   2   2   1   2   2
    GTC   0   0   0   0   0   0 |     GCC   0   0   0   0   0   1 |     GAC   0   0   0   0   0   0 |     GGC   1   1   1   1   1   1
    GTA   1   1   1   1   1   1 |     GCA   0   0   0   0   0   0 | Glu GAA   4   4   4   4   4   4 |     GGA   1   1   1   1   1   1
    GTG   1   1   1   1   1   1 |     GCG   0   0   0   0   0   0 |     GAG   1   1   1   1   1   1 |     GGG   0   0   0   0   0   0
--------------------------------------------------------------------------------------------------------------------------------------

--------------------------------------------------------------------------------------------------------------------------------------
Phe TTT   0   0   0   0   0   0 | Ser TCT   2   2   2   2   2   2 | Tyr TAT   1   1   1   1   1   0 | Cys TGT   1   1   1   1   1   1
    TTC   0   0   0   0   0   0 |     TCC   0   0   0   0   0   0 |     TAC   0   0   0   0   0   1 |     TGC   0   0   0   0   0   0
Leu TTA   0   0   0   0   0   0 |     TCA   1   0   1   1   1   1 | *** TAA   0   0   0   0   0   0 | *** TGA   0   0   0   0   0   0
    TTG   1   1   1   1   1   1 |     TCG   0   1   0   0   0   0 |     TAG   0   0   0   0   0   0 | Trp TGG   0   0   0   0   0   0
--------------------------------------------------------------------------------------------------------------------------------------
Leu CTT   1   1   1   1   1   2 | Pro CCT   0   0   0   0   0   0 | His CAT   1   1   1   1   1   1 | Arg CGT   1   1   1   1   1   1
    CTC   0   0   0   0   0   0 |     CCC   0   0   0   0   0   0 |     CAC   0   0   0   0   0   0 |     CGC   0   0   0   0   0   0
    CTA   2   2   2   2   2   1 |     CCA   4   4   4   4   3   4 | Gln CAA   0   1   0   0   0   0 |     CGA   0   0   0   0   0   0
    CTG   2   2   2   2   2   2 |     CCG   0   0   0   0   1   0 |     CAG   2   1   2   2   2   2 |     CGG   0   0   0   0   0   0
--------------------------------------------------------------------------------------------------------------------------------------
Ile ATT   3   3   3   3   3   3 | Thr ACT   0   0   0   0   0   0 | Asn AAT   1   1   1   1   1   1 | Ser AGT   4   4   4   4   4   4
    ATC   0   0   0   0   0   0 |     ACC   1   1   1   1   1   1 |     AAC   0   0   0   0   0   0 |     AGC   0   0   0   0   0   0
    ATA   1   1   1   1   1   1 |     ACA   2   2   2   2   1   2 | Lys AAA   1   1   1   1   1   1 | Arg AGA   1   1   1   1   1   1
Met ATG   2   2   2   2   2   2 |     ACG   0   0   0   0   1   0 |     AAG   0   0   0   0   0   0 |     AGG   0   0   0   0   0   0
--------------------------------------------------------------------------------------------------------------------------------------
Val GTT   1   1   1   1   1   1 | Ala GCT   4   4   4   4   4   4 | Asp GAT   1   1   2   1   1   1 | Gly GGT   2   2   2   2   2   2
    GTC   0   0   0   0   0   0 |     GCC   0   0   0   0   0   0 |     GAC   0   0   0   0   0   0 |     GGC   1   1   1   1   1   1
    GTA   1   1   1   1   1   1 |     GCA   0   0   0   0   0   0 | Glu GAA   4   4   3   4   4   4 |     GGA   1   1   1   1   1   1
    GTG   1   1   1   1   1   1 |     GCG   0   0   0   0   0   0 |     GAG   1   1   1   1   1   1 |     GGG   0   0   0   0   0   0
--------------------------------------------------------------------------------------------------------------------------------------

--------------------------------------------------------------------------------------------------------------------------------------
Phe TTT   0   0   0   0   0   0 | Ser TCT   2   2   2   2   2   2 | Tyr TAT   0   1   0   0   1   1 | Cys TGT   1   1   1   1   1   1
    TTC   0   0   0   0   0   0 |     TCC   0   0   0   0   0   0 |     TAC   1   0   1   1   0   0 |     TGC   0   0   0   0   0   0
Leu TTA   0   0   0   0   0   0 |     TCA   1   1   1   1   0   1 | *** TAA   0   0   0   0   0   0 | *** TGA   0   0   0   0   0   0
    TTG   1   1   1   1   1   1 |     TCG   0   0   0   0   1   0 |     TAG   0   0   0   0   0   0 | Trp TGG   0   0   0   0   0   0
--------------------------------------------------------------------------------------------------------------------------------------
Leu CTT   2   1   2   2   1   1 | Pro CCT   0   0   0   0   0   0 | His CAT   1   1   1   1   1   1 | Arg CGT   1   1   1   1   1   1
    CTC   0   0   0   0   0   0 |     CCC   0   0   0   0   0   0 |     CAC   0   0   0   0   0   0 |     CGC   0   0   0   0   0   0
    CTA   1   2   1   1   2   2 |     CCA   4   4   4   4   4   4 | Gln CAA   0   0   0   0   1   0 |     CGA   0   0   0   0   0   0
    CTG   2   2   2   2   2   2 |     CCG   0   0   0   0   0   0 |     CAG   2   2   2   2   1   2 |     CGG   0   0   0   0   0   0
--------------------------------------------------------------------------------------------------------------------------------------
Ile ATT   3   3   3   3   3   4 | Thr ACT   0   0   0   0   0   0 | Asn AAT   1   1   1   1   1   1 | Ser AGT   4   4   4   4   4   4
    ATC   0   0   0   0   0   0 |     ACC   1   1   1   1   1   1 |     AAC   0   0   0   0   0   0 |     AGC   0   0   0   0   0   0
    ATA   1   1   1   1   1   0 |     ACA   2   2   2   2   2   2 | Lys AAA   2   1   1   1   1   1 | Arg AGA   1   1   1   1   1   1
Met ATG   2   2   2   2   2   2 |     ACG   0   0   0   0   0   0 |     AAG   0   0   0   0   0   0 |     AGG   0   0   0   0   0   0
--------------------------------------------------------------------------------------------------------------------------------------
Val GTT   1   1   1   1   1   1 | Ala GCT   4   4   4   4   4   4 | Asp GAT   1   1   1   1   1   1 | Gly GGT   2   2   2   1   2   2
    GTC   0   0   0   0   0   0 |     GCC   0   0   0   0   0   0 |     GAC   0   0   0   0   0   0 |     GGC   1   1   1   2   1   1
    GTA   1   1   1   1   1   1 |     GCA   0   0   0   0   0   0 | Glu GAA   3   4   4   4   4   4 |     GGA   1   1   1   1   1   1
    GTG   1   1   1   1   1   1 |     GCG   0   0   0   0   0   0 |     GAG   1   1   1   1   1   1 |     GGG   0   0   0   0   0   0
--------------------------------------------------------------------------------------------------------------------------------------

--------------------------------------------------------------------------------------------------------------------------------------
Phe TTT   0   0   0   0   0   0 | Ser TCT   2   2   2   2   2   2 | Tyr TAT   1   1   1   1   1   1 | Cys TGT   1   1   1   1   1   1
    TTC   0   0   0   0   0   0 |     TCC   0   0   0   0   0   0 |     TAC   0   0   0   0   0   0 |     TGC   0   0   0   0   0   0
Leu TTA   0   0   0   0   0   0 |     TCA   1   1   1   1   1   1 | *** TAA   0   0   0   0   0   0 | *** TGA   0   0   0   0   0   0
    TTG   1   1   1   1   1   1 |     TCG   0   0   0   0   0   0 |     TAG   0   0   0   0   0   0 | Trp TGG   0   0   0   0   0   0
--------------------------------------------------------------------------------------------------------------------------------------
Leu CTT   1   1   1   1   1   1 | Pro CCT   0   0   0   0   0   0 | His CAT   1   1   1   1   1   1 | Arg CGT   1   1   1   1   1   1
    CTC   0   0   0   0   0   0 |     CCC   0   0   0   0   0   0 |     CAC   0   0   0   0   0   0 |     CGC   0   0   0   0   0   0
    CTA   2   2   2   2   2   2 |     CCA   4   4   4   4   4   4 | Gln CAA   0   0   0   0   0   0 |     CGA   0   0   0   0   0   0
    CTG   2   2   2   2   2   2 |     CCG   0   0   0   0   0   0 |     CAG   2   2   2   2   2   2 |     CGG   0   0   0   0   0   0
--------------------------------------------------------------------------------------------------------------------------------------
Ile ATT   3   3   3   3   3   3 | Thr ACT   0   0   0   0   0   0 | Asn AAT   2   1   1   1   1   1 | Ser AGT   3   4   4   4   4   4
    ATC   0   0   0   0   0   0 |     ACC   1   0   1   1   1   1 |     AAC   0   0   0   0   0   0 |     AGC   0   0   0   0   0   0
    ATA   1   1   1   1   1   1 |     ACA   2   2   2   1   2   2 | Lys AAA   1   1   1   1   1   1 | Arg AGA   1   1   1   1   1   1
Met ATG   2   2   2   2   2   2 |     ACG   0   1   0   0   0   0 |     AAG   0   0   0   0   0   0 |     AGG   0   0   0   0   0   0
--------------------------------------------------------------------------------------------------------------------------------------
Val GTT   1   1   1   1   1   1 | Ala GCT   4   4   4   4   4   4 | Asp GAT   1   1   1   1   1   1 | Gly GGT   2   2   2   2   2   2
    GTC   0   0   0   0   0   0 |     GCC   0   0   0   0   0   0 |     GAC   0   0   0   1   0   0 |     GGC   1   1   1   1   1   1
    GTA   1   1   1   1   1   1 |     GCA   0   0   0   1   0   0 | Glu GAA   4   4   4   3   4   4 |     GGA   1   1   1   1   1   1
    GTG   1   1   1   1   1   1 |     GCG   0   0   0   0   0   0 |     GAG   1   1   1   1   1   1 |     GGG   0   0   0   0   0   0
--------------------------------------------------------------------------------------------------------------------------------------

Codon position x base (3x4) table for each sequence.

#1: Argali         
position  1:    T:0.11538    C:0.25000    A:0.30769    G:0.32692
position  2:    T:0.28846    C:0.26923    A:0.23077    G:0.21154
position  3:    T:0.44231    C:0.03846    A:0.34615    G:0.17308
Average         T:0.28205    C:0.18590    A:0.29487    G:0.23718

#2: LesserMouseDeer
position  1:    T:0.11538    C:0.26923    A:0.30769    G:0.30769
position  2:    T:0.26923    C:0.28846    A:0.21154    G:0.23077
position  3:    T:0.44231    C:0.03846    A:0.32692    G:0.19231
Average         T:0.27564    C:0.19872    A:0.28205    G:0.24359

#3: LesserKudu     
position  1:    T:0.11538    C:0.25000    A:0.30769    G:0.32692
position  2:    T:0.28846    C:0.26923    A:0.23077    G:0.21154
position  3:    T:0.44231    C:0.05769    A:0.32692    G:0.17308
Average         T:0.28205    C:0.19231    A:0.28846    G:0.23718

#4: ForestMuskDeer2
position  1:    T:0.13462    C:0.23077    A:0.28846    G:0.34615
position  2:    T:0.28846    C:0.26923    A:0.23077    G:0.21154
position  3:    T:0.44231    C:0.05769    A:0.32692    G:0.17308
Average         T:0.28846    C:0.18590    A:0.28205    G:0.24359

#5: Camel          
position  1:    T:0.11538    C:0.26923    A:0.32692    G:0.28846
position  2:    T:0.26923    C:0.28846    A:0.21154    G:0.23077
position  3:    T:0.38462    C:0.07692    A:0.36538    G:0.17308
Average         T:0.25641    C:0.21154    A:0.30128    G:0.23077

#6: KillerWhale    
position  1:    T:0.11538    C:0.26923    A:0.30769    G:0.30769
position  2:    T:0.28846    C:0.26923    A:0.21154    G:0.23077
position  3:    T:0.48077    C:0.03846    A:0.32692    G:0.15385
Average         T:0.29487    C:0.19231    A:0.28205    G:0.23077

#7: DefassaWaterbuck
position  1:    T:0.11538    C:0.25000    A:0.30769    G:0.32692
position  2:    T:0.28846    C:0.26923    A:0.23077    G:0.21154
position  3:    T:0.44231    C:0.03846    A:0.32692    G:0.19231
Average         T:0.28205    C:0.18590    A:0.28846    G:0.24359

#8: Sheep          
position  1:    T:0.11538    C:0.25000    A:0.30769    G:0.32692
position  2:    T:0.28846    C:0.26923    A:0.23077    G:0.21154
position  3:    T:0.44231    C:0.03846    A:0.34615    G:0.17308
Average         T:0.28205    C:0.18590    A:0.29487    G:0.23718

#9: MaxwellsDuiker 
position  1:    T:0.11538    C:0.25000    A:0.30769    G:0.32692
position  2:    T:0.28846    C:0.26923    A:0.23077    G:0.21154
position  3:    T:0.44231    C:0.03846    A:0.34615    G:0.17308
Average         T:0.28205    C:0.18590    A:0.29487    G:0.23718

#10: GazellaPrzewalskyi
position  1:    T:0.13462    C:0.23077    A:0.30769    G:0.32692
position  2:    T:0.28846    C:0.26923    A:0.23077    G:0.21154
position  3:    T:0.44231    C:0.03846    A:0.34615    G:0.17308
Average         T:0.28846    C:0.17949    A:0.29487    G:0.23718

#11: MountainNyala  
position  1:    T:0.11538    C:0.25000    A:0.30769    G:0.32692
position  2:    T:0.28846    C:0.26923    A:0.23077    G:0.21154
position  3:    T:0.44231    C:0.03846    A:0.34615    G:0.17308
Average         T:0.28205    C:0.18590    A:0.29487    G:0.23718

#12: MuntiacusMuntjak
position  1:    T:0.11538    C:0.26923    A:0.28846    G:0.32692
position  2:    T:0.28846    C:0.26923    A:0.23077    G:0.21154
position  3:    T:0.44231    C:0.05769    A:0.32692    G:0.17308
Average         T:0.28205    C:0.19872    A:0.28205    G:0.23718

#13: goat           
position  1:    T:0.11538    C:0.25000    A:0.30769    G:0.32692
position  2:    T:0.28846    C:0.26923    A:0.23077    G:0.21154
position  3:    T:0.44231    C:0.03846    A:0.34615    G:0.17308
Average         T:0.28205    C:0.18590    A:0.29487    G:0.23718

#14: AfricanBuffalo 
position  1:    T:0.11538    C:0.25000    A:0.30769    G:0.32692
position  2:    T:0.28846    C:0.26923    A:0.25000    G:0.19231
position  3:    T:0.44231    C:0.03846    A:0.34615    G:0.17308
Average         T:0.28205    C:0.18590    A:0.30128    G:0.23077

#15: Topi           
position  1:    T:0.11538    C:0.25000    A:0.28846    G:0.34615
position  2:    T:0.28846    C:0.26923    A:0.23077    G:0.21154
position  3:    T:0.44231    C:0.03846    A:0.34615    G:0.17308
Average         T:0.28205    C:0.18590    A:0.28846    G:0.24359

#16: CommonDuiker   
position  1:    T:0.11538    C:0.25000    A:0.30769    G:0.32692
position  2:    T:0.28846    C:0.26923    A:0.23077    G:0.21154
position  3:    T:0.42308    C:0.05769    A:0.34615    G:0.17308
Average         T:0.27564    C:0.19231    A:0.29487    G:0.23718

#17: Suni           
position  1:    T:0.11538    C:0.25000    A:0.28846    G:0.34615
position  2:    T:0.28846    C:0.26923    A:0.23077    G:0.21154
position  3:    T:0.46154    C:0.01923    A:0.34615    G:0.17308
Average         T:0.28846    C:0.17949    A:0.28846    G:0.24359

#18: Springbuck     
position  1:    T:0.11538    C:0.25000    A:0.32692    G:0.30769
position  2:    T:0.28846    C:0.26923    A:0.23077    G:0.21154
position  3:    T:0.42308    C:0.03846    A:0.36538    G:0.17308
Average         T:0.27564    C:0.18590    A:0.30769    G:0.23077

#19: Okapi          
position  1:    T:0.11538    C:0.25000    A:0.28846    G:0.34615
position  2:    T:0.28846    C:0.26923    A:0.23077    G:0.21154
position  3:    T:0.42308    C:0.05769    A:0.34615    G:0.17308
Average         T:0.27564    C:0.19231    A:0.28846    G:0.24359

#20: Giraffe        
position  1:    T:0.11538    C:0.25000    A:0.30769    G:0.32692
position  2:    T:0.28846    C:0.26923    A:0.23077    G:0.21154
position  3:    T:0.44231    C:0.03846    A:0.34615    G:0.17308
Average         T:0.28205    C:0.18590    A:0.29487    G:0.23718

#21: TibetanAntelope
position  1:    T:0.11538    C:0.25000    A:0.30769    G:0.32692
position  2:    T:0.28846    C:0.26923    A:0.23077    G:0.21154
position  3:    T:0.42308    C:0.05769    A:0.34615    G:0.17308
Average         T:0.27564    C:0.19231    A:0.29487    G:0.23718

#22: Sitatunga      
position  1:    T:0.11538    C:0.25000    A:0.30769    G:0.32692
position  2:    T:0.28846    C:0.26923    A:0.23077    G:0.21154
position  3:    T:0.44231    C:0.03846    A:0.34615    G:0.17308
Average         T:0.28205    C:0.18590    A:0.29487    G:0.23718

#23: Oribi          
position  1:    T:0.11538    C:0.25000    A:0.32692    G:0.30769
position  2:    T:0.28846    C:0.26923    A:0.23077    G:0.21154
position  3:    T:0.44231    C:0.03846    A:0.34615    G:0.17308
Average         T:0.28205    C:0.18590    A:0.30128    G:0.23077

#24: BarbarySheep   
position  1:    T:0.11538    C:0.25000    A:0.30769    G:0.32692
position  2:    T:0.28846    C:0.26923    A:0.23077    G:0.21154
position  3:    T:0.44231    C:0.03846    A:0.34615    G:0.17308
Average         T:0.28205    C:0.18590    A:0.29487    G:0.23718

#25: Daviddeer      
position  1:    T:0.11538    C:0.25000    A:0.30769    G:0.32692
position  2:    T:0.28846    C:0.26923    A:0.23077    G:0.21154
position  3:    T:0.44231    C:0.05769    A:0.32692    G:0.17308
Average         T:0.28205    C:0.19231    A:0.28846    G:0.23718

#26: Reindeer       
position  1:    T:0.11538    C:0.25000    A:0.30769    G:0.32692
position  2:    T:0.28846    C:0.26923    A:0.23077    G:0.21154
position  3:    T:0.44231    C:0.05769    A:0.32692    G:0.17308
Average         T:0.28205    C:0.19231    A:0.28846    G:0.23718

#27: Ibex           
position  1:    T:0.11538    C:0.25000    A:0.30769    G:0.32692
position  2:    T:0.28846    C:0.26923    A:0.23077    G:0.21154
position  3:    T:0.44231    C:0.03846    A:0.34615    G:0.17308
Average         T:0.28205    C:0.18590    A:0.29487    G:0.23718

#28: GyrantGazelle  
position  1:    T:0.11538    C:0.25000    A:0.30769    G:0.32692
position  2:    T:0.28846    C:0.26923    A:0.23077    G:0.21154
position  3:    T:0.44231    C:0.03846    A:0.34615    G:0.17308
Average         T:0.28205    C:0.18590    A:0.29487    G:0.23718

#29: Hartebeest     
position  1:    T:0.11538    C:0.25000    A:0.28846    G:0.34615
position  2:    T:0.28846    C:0.26923    A:0.23077    G:0.21154
position  3:    T:0.44231    C:0.03846    A:0.34615    G:0.17308
Average         T:0.28205    C:0.18590    A:0.28846    G:0.24359

#30: Bongo          
position  1:    T:0.11538    C:0.25000    A:0.30769    G:0.32692
position  2:    T:0.28846    C:0.26923    A:0.23077    G:0.21154
position  3:    T:0.44231    C:0.03846    A:0.34615    G:0.17308
Average         T:0.28205    C:0.18590    A:0.29487    G:0.23718

#31: Gerenuk        
position  1:    T:0.11538    C:0.25000    A:0.30769    G:0.32692
position  2:    T:0.28846    C:0.26923    A:0.23077    G:0.21154
position  3:    T:0.44231    C:0.03846    A:0.34615    G:0.17308
Average         T:0.28205    C:0.18590    A:0.29487    G:0.23718

#32: CommonEland    
position  1:    T:0.11538    C:0.25000    A:0.30769    G:0.32692
position  2:    T:0.28846    C:0.26923    A:0.23077    G:0.21154
position  3:    T:0.46154    C:0.03846    A:0.32692    G:0.17308
Average         T:0.28846    C:0.18590    A:0.28846    G:0.23718

#33: MuntiacusReevesi
position  1:    T:0.11538    C:0.25000    A:0.30769    G:0.32692
position  2:    T:0.28846    C:0.26923    A:0.23077    G:0.21154
position  3:    T:0.44231    C:0.05769    A:0.32692    G:0.17308
Average         T:0.28205    C:0.19231    A:0.28846    G:0.23718

#34: HarveysDuiker  
position  1:    T:0.11538    C:0.25000    A:0.32692    G:0.30769
position  2:    T:0.28846    C:0.26923    A:0.23077    G:0.21154
position  3:    T:0.44231    C:0.03846    A:0.34615    G:0.17308
Average         T:0.28205    C:0.18590    A:0.30128    G:0.23077

#35: Pronghorn      
position  1:    T:0.11538    C:0.25000    A:0.30769    G:0.32692
position  2:    T:0.28846    C:0.26923    A:0.23077    G:0.21154
position  3:    T:0.44231    C:0.05769    A:0.32692    G:0.17308
Average         T:0.28205    C:0.19231    A:0.28846    G:0.23718

#36: BlueWildebeest 
position  1:    T:0.11538    C:0.25000    A:0.28846    G:0.34615
position  2:    T:0.28846    C:0.26923    A:0.23077    G:0.21154
position  3:    T:0.42308    C:0.05769    A:0.34615    G:0.17308
Average         T:0.27564    C:0.19231    A:0.28846    G:0.24359

#37: Gemsbok        
position  1:    T:0.11538    C:0.25000    A:0.30769    G:0.32692
position  2:    T:0.28846    C:0.26923    A:0.23077    G:0.21154
position  3:    T:0.44231    C:0.03846    A:0.34615    G:0.17308
Average         T:0.28205    C:0.18590    A:0.29487    G:0.23718

#38: Yak            
position  1:    T:0.11538    C:0.25000    A:0.30769    G:0.32692
position  2:    T:0.28846    C:0.26923    A:0.23077    G:0.21154
position  3:    T:0.44231    C:0.03846    A:0.34615    G:0.17308
Average         T:0.28205    C:0.18590    A:0.29487    G:0.23718

#39: BlueSheep      
position  1:    T:0.11538    C:0.25000    A:0.30769    G:0.32692
position  2:    T:0.28846    C:0.26923    A:0.23077    G:0.21154
position  3:    T:0.46154    C:0.03846    A:0.32692    G:0.17308
Average         T:0.28846    C:0.18590    A:0.28846    G:0.23718

#40: BohorReedbuck  
position  1:    T:0.11538    C:0.25000    A:0.30769    G:0.32692
position  2:    T:0.28846    C:0.26923    A:0.23077    G:0.21154
position  3:    T:0.44231    C:0.03846    A:0.34615    G:0.17308
Average         T:0.28205    C:0.18590    A:0.29487    G:0.23718

#41: KirksDik       
position  1:    T:0.11538    C:0.25000    A:0.30769    G:0.32692
position  2:    T:0.28846    C:0.26923    A:0.23077    G:0.21154
position  3:    T:0.44231    C:0.03846    A:0.30769    G:0.21154
Average         T:0.28205    C:0.18590    A:0.28205    G:0.25000

#42: RoeDeer        
position  1:    T:0.11538    C:0.25000    A:0.30769    G:0.32692
position  2:    T:0.28846    C:0.26923    A:0.23077    G:0.21154
position  3:    T:0.44231    C:0.05769    A:0.32692    G:0.17308
Average         T:0.28205    C:0.19231    A:0.28846    G:0.23718

#43: WhiteLippedDeer
position  1:    T:0.11538    C:0.25000    A:0.32692    G:0.30769
position  2:    T:0.28846    C:0.26923    A:0.23077    G:0.21154
position  3:    T:0.44231    C:0.05769    A:0.32692    G:0.17308
Average         T:0.28205    C:0.19231    A:0.29487    G:0.23077

#44: ThomsonGazelle 
position  1:    T:0.11538    C:0.25000    A:0.30769    G:0.32692
position  2:    T:0.28846    C:0.26923    A:0.23077    G:0.21154
position  3:    T:0.44231    C:0.03846    A:0.34615    G:0.17308
Average         T:0.28205    C:0.18590    A:0.29487    G:0.23718

#45: MuntiacusCrinifrons
position  1:    T:0.11538    C:0.25000    A:0.30769    G:0.32692
position  2:    T:0.28846    C:0.26923    A:0.23077    G:0.21154
position  3:    T:0.44231    C:0.05769    A:0.32692    G:0.17308
Average         T:0.28205    C:0.19231    A:0.28846    G:0.23718

#46: WhiteTailedDeer
position  1:    T:0.11538    C:0.25000    A:0.30769    G:0.32692
position  2:    T:0.28846    C:0.26923    A:0.23077    G:0.21154
position  3:    T:0.42308    C:0.07692    A:0.32692    G:0.17308
Average         T:0.27564    C:0.19872    A:0.28846    G:0.23718

#47: Cattle         
position  1:    T:0.11538    C:0.25000    A:0.30769    G:0.32692
position  2:    T:0.28846    C:0.26923    A:0.23077    G:0.21154
position  3:    T:0.44231    C:0.03846    A:0.34615    G:0.17308
Average         T:0.28205    C:0.18590    A:0.29487    G:0.23718

#48: RoyalAntelope  
position  1:    T:0.11538    C:0.25000    A:0.30769    G:0.32692
position  2:    T:0.28846    C:0.26923    A:0.23077    G:0.21154
position  3:    T:0.46154    C:0.03846    A:0.32692    G:0.17308
Average         T:0.28846    C:0.18590    A:0.28846    G:0.23718

#49: Steenbok       
position  1:    T:0.11538    C:0.25000    A:0.30769    G:0.32692
position  2:    T:0.28846    C:0.26923    A:0.25000    G:0.19231
position  3:    T:0.44231    C:0.03846    A:0.34615    G:0.17308
Average         T:0.28205    C:0.18590    A:0.30128    G:0.23077

#50: Impala         
position  1:    T:0.11538    C:0.25000    A:0.30769    G:0.32692
position  2:    T:0.28846    C:0.26923    A:0.23077    G:0.21154
position  3:    T:0.44231    C:0.01923    A:0.34615    G:0.19231
Average         T:0.28205    C:0.17949    A:0.29487    G:0.24359

#51: Klipspringer   
position  1:    T:0.11538    C:0.25000    A:0.30769    G:0.32692
position  2:    T:0.28846    C:0.26923    A:0.23077    G:0.21154
