CODONML (in paml version 4.10.7, June 2023)  /home/rachel/ruminants_paml/6406-phy-tree/ENSBTAT00000020200.fasta.phy
Model: free dN/dS Ratios for branches,  kappa = 2.000 fixed

Codon frequency model: F3x4
ns =  54  ls =  99

Codon usage in sequences
--------------------------------------------------------------------------------------------------------------------------------------
Phe TTT   1   1   1   1   1   1 | Ser TCT   0   0   0   0   0   0 | Tyr TAT   2   2   2   3   3   3 | Cys TGT   3   3   3   3   3   3
    TTC   2   2   2   2   2   2 |     TCC   1   1   1   1   1   1 |     TAC   1   1   1   0   0   0 |     TGC   2   2   2   2   2   2
Leu TTA   0   0   0   0   0   0 |     TCA   2   2   2   2   2   2 | *** TAA   0   0   0   0   0   0 | *** TGA   0   0   0   0   0   0
    TTG   1   2   1   1   1   1 |     TCG   0   0   0   0   0   0 |     TAG   0   0   0   0   0   0 | Trp TGG   3   3   3   3   3   3
--------------------------------------------------------------------------------------------------------------------------------------
Leu CTT   0   0   0   0   0   0 | Pro CCT   2   2   2   2   2   2 | His CAT   3   3   2   3   2   3 | Arg CGT   1   1   2   1   2   1
    CTC   1   1   1   1   1   1 |     CCC   0   1   0   0   1   0 |     CAC   6   6   7   6   7   6 |     CGC   1   1   0   1   0   1
    CTA   2   1   2   2   1   1 |     CCA   2   0   2   2   1   2 | Gln CAA   2   2   2   2   2   2 |     CGA   0   0   0   0   0   0
    CTG   2   2   1   2   3   3 |     CCG   0   1   0   0   0   0 |     CAG   2   2   2   2   2   2 |     CGG   0   0   0   0   0   0
--------------------------------------------------------------------------------------------------------------------------------------
Ile ATT   3   4   3   3   3   6 | Thr ACT   2   2   2   2   2   1 | Asn AAT   6   5   6   6   7   6 | Ser AGT   0   0   0   0   0   0
    ATC   3   2   3   3   3   2 |     ACC   2   2   2   2   2   2 |     AAC   1   2   1   1   0   1 |     AGC   1   1   1   1   1   1
    ATA   1   2   1   1   1   1 |     ACA   2   3   2   2   3   3 | Lys AAA   1   1   1   1   1   1 | Arg AGA   0   0   0   0   1   1
Met ATG   3   3   4   3   3   3 |     ACG   2   1   2   2   1   1 |     AAG   2   2   2   2   2   2 |     AGG   1   1   1   1   0   0
--------------------------------------------------------------------------------------------------------------------------------------
Val GTT   2   1   2   2   2   1 | Ala GCT   0   0   0   0   0   0 | Asp GAT   2   2   2   2   3   2 | Gly GGT   2   2   2   1   1   2
    GTC   0   1   0   0   0   0 |     GCC   2   2   2   2   3   2 |     GAC   2   2   2   2   1   2 |     GGC   2   2   2   2   2   2
    GTA   2   0   2   2   2   2 |     GCA   1   1   1   1   0   1 | Glu GAA   4   4   4   4   4   4 |     GGA   1   1   0   2   2   1
    GTG   2   3   2   2   2   2 |     GCG   0   0   0   0   0   0 |     GAG   2   2   2   2   2   2 |     GGG   3   3   4   3   3   3
--------------------------------------------------------------------------------------------------------------------------------------

--------------------------------------------------------------------------------------------------------------------------------------
Phe TTT   1   1   1   1   1   1 | Ser TCT   0   0   0   0   0   0 | Tyr TAT   2   2   2   2   2   2 | Cys TGT   3   3   3   3   3   3
    TTC   2   2   2   2   2   2 |     TCC   1   1   1   1   1   1 |     TAC   1   1   1   1   1   1 |     TGC   2   2   2   2   2   2
Leu TTA   0   0   0   0   0   0 |     TCA   2   2   1   2   2   2 | *** TAA   0   0   0   0   0   0 | *** TGA   0   0   0   0   0   0
    TTG   1   1   1   1   1   1 |     TCG   0   0   0   0   0   0 |     TAG   0   0   0   0   0   0 | Trp TGG   3   3   3   3   3   3
--------------------------------------------------------------------------------------------------------------------------------------
Leu CTT   0   0   0   0   0   0 | Pro CCT   2   2   2   2   2   2 | His CAT   3   3   3   2   2   2 | Arg CGT   1   1   1   1   1   1
    CTC   1   1   1   1   1   1 |     CCC   0   0   0   0   0   0 |     CAC   6   6   6   7   7   7 |     CGC   1   1   1   1   1   1
    CTA   2   2   2   2   2   2 |     CCA   2   2   2   2   2   2 | Gln CAA   2   2   2   2   2   2 |     CGA   0   0   0   0   0   0
    CTG   2   2   2   2   1   2 |     CCG   0   0   0   0   0   0 |     CAG   2   2   2   2   2   2 |     CGG   0   0   0   0   0   0
--------------------------------------------------------------------------------------------------------------------------------------
Ile ATT   3   3   3   3   3   3 | Thr ACT   2   2   2   1   2   2 | Asn AAT   5   6   6   6   6   5 | Ser AGT   0   0   0   0   0   0
    ATC   3   3   3   3   3   3 |     ACC   2   2   2   3   2   2 |     AAC   1   1   1   1   1   2 |     AGC   1   1   1   1   1   1
    ATA   1   1   1   1   1   1 |     ACA   2   2   2   2   2   2 | Lys AAA   1   1   1   1   1   1 | Arg AGA   0   0   0   0   0   0
Met ATG   3   3   3   3   4   3 |     ACG   2   2   2   2   2   2 |     AAG   2   2   2   2   2   2 |     AGG   1   1   1   1   1   1
--------------------------------------------------------------------------------------------------------------------------------------
Val GTT   2   2   2   2   2   1 | Ala GCT   0   0   0   0   0   0 | Asp GAT   3   2   2   2   2   3 | Gly GGT   2   2   2   2   2   1
    GTC   0   0   0   0   0   1 |     GCC   2   2   2   2   2   2 |     GAC   2   2   2   2   2   2 |     GGC   2   2   2   2   2   2
    GTA   2   2   2   2   2   2 |     GCA   1   1   2   1   1   0 | Glu GAA   4   4   4   4   4   4 |     GGA   1   1   1   1   1   1
    GTG   2   2   2   2   2   2 |     GCG   0   0   0   0   0   1 |     GAG   2   2   2   2   2   2 |     GGG   3   3   3   3   3   3
--------------------------------------------------------------------------------------------------------------------------------------

--------------------------------------------------------------------------------------------------------------------------------------
Phe TTT   1   1   1   1   1   1 | Ser TCT   0   0   0   0   0   0 | Tyr TAT   2   2   2   2   2   2 | Cys TGT   3   3   3   3   3   3
    TTC   2   2   2   2   2   2 |     TCC   1   1   1   1   1   1 |     TAC   1   1   1   1   1   1 |     TGC   2   2   2   2   2   2
Leu TTA   0   0   0   0   0   0 |     TCA   2   2   2   2   2   2 | *** TAA   0   0   0   0   0   0 | *** TGA   0   0   0   0   0   0
    TTG   1   2   1   1   1   1 |     TCG   0   0   0   0   0   0 |     TAG   0   0   0   0   0   0 | Trp TGG   3   3   3   3   3   3
--------------------------------------------------------------------------------------------------------------------------------------
Leu CTT   0   0   0   0   0   0 | Pro CCT   2   2   2   2   2   2 | His CAT   3   2   3   3   2   3 | Arg CGT   1   1   1   1   1   1
    CTC   1   1   1   1   1   1 |     CCC   0   0   0   0   0   0 |     CAC   6   7   6   6   7   6 |     CGC   1   1   1   1   1   1
    CTA   2   2   2   2   2   2 |     CCA   2   2   2   2   2   2 | Gln CAA   2   2   2   2   2   1 |     CGA   0   0   0   0   0   0
    CTG   2   1   2   2   2   2 |     CCG   0   0   0   0   0   0 |     CAG   2   2   2   2   2   3 |     CGG   0   0   0   0   0   0
--------------------------------------------------------------------------------------------------------------------------------------
Ile ATT   3   3   3   3   4   3 | Thr ACT   2   2   2   2   2   2 | Asn AAT   6   5   6   6   6   6 | Ser AGT   0   0   0   0   0   0
    ATC   3   3   3   3   2   3 |     ACC   2   2   2   2   2   2 |     AAC   1   1   1   1   1   1 |     AGC   1   1   1   1   1   1
    ATA   1   1   1   2   1   1 |     ACA   2   2   2   2   3   2 | Lys AAA   1   1   1   1   1   1 | Arg AGA   0   0   0   0   0   0
Met ATG   3   3   3   3   3   3 |     ACG   2   2   2   2   1   2 |     AAG   2   2   2   2   2   2 |     AGG   1   1   1   1   1   1
--------------------------------------------------------------------------------------------------------------------------------------
Val GTT   2   2   2   2   2   2 | Ala GCT   0   0   0   0   0   0 | Asp GAT   2   3   2   2   2   2 | Gly GGT   2   2   2   2   2   2
    GTC   0   0   0   0   0   0 |     GCC   2   2   2   2   2   2 |     GAC   2   2   2   2   2   2 |     GGC   2   2   2   2   2   2
    GTA   2   2   2   1   2   2 |     GCA   1   1   1   1   1   1 | Glu GAA   4   4   4   4   4   5 |     GGA   1   1   1   1   1   1
    GTG   2   2   2   2   2   2 |     GCG   0   0   0   0   0   0 |     GAG   2   2   2   2   2   1 |     GGG   3   3   3   3   3   3
--------------------------------------------------------------------------------------------------------------------------------------

--------------------------------------------------------------------------------------------------------------------------------------
Phe TTT   1   1   1   1   1   1 | Ser TCT   0   0   0   0   0   0 | Tyr TAT   2   2   2   2   2   2 | Cys TGT   3   3   2   3   3   3
    TTC   2   2   2   2   2   2 |     TCC   1   1   1   1   1   1 |     TAC   1   1   1   1   1   1 |     TGC   2   2   2   2   2   2
Leu TTA   0   0   0   0   0   0 |     TCA   2   2   2   2   2   2 | *** TAA   0   0   0   0   0   0 | *** TGA   0   0   0   0   0   0
    TTG   1   1   1   1   1   1 |     TCG   0   0   0   0   0   0 |     TAG   0   0   0   0   0   0 | Trp TGG   3   3   3   3   3   3
--------------------------------------------------------------------------------------------------------------------------------------
Leu CTT   0   0   0   0   0   0 | Pro CCT   2   2   2   2   2   2 | His CAT   3   3   3   2   2   4 | Arg CGT   1   1   1   1   1   1
    CTC   1   1   1   1   1   1 |     CCC   0   0   0   0   0   0 |     CAC   6   6   6   7   7   5 |     CGC   1   1   1   1   1   1
    CTA   2   2   2   2   2   2 |     CCA   2   2   2   2   2   2 | Gln CAA   2   2   2   2   2   2 |     CGA   0   0   0   0   0   0
    CTG   2   2   2   1   2   2 |     CCG   0   0   0   0   0   0 |     CAG   2   2   2   2   2   2 |     CGG   0   0   0   0   0   0
--------------------------------------------------------------------------------------------------------------------------------------
Ile ATT   4   4   4   3   3   3 | Thr ACT   1   2   1   2   2   2 | Asn AAT   7   6   7   6   6   6 | Ser AGT   0   0   1   0   0   0
    ATC   2   2   3   3   3   3 |     ACC   3   2   2   2   2   2 |     AAC   0   1   0   1   1   1 |     AGC   1   1   1   1   1   1
    ATA   1   1   1   1   1   1 |     ACA   2   3   2   2   2   2 | Lys AAA   1   1   1   1   1   1 | Arg AGA   0   0   0   0   0   0
Met ATG   3   3   3   4   3   3 |     ACG   2   1   2   2   2   2 |     AAG   2   2   2   2   2   2 |     AGG   1   1   1   1   1   1
--------------------------------------------------------------------------------------------------------------------------------------
Val GTT   2   2   2   2   2   2 | Ala GCT   0   0   0   0   0   0 | Asp GAT   2   2   2   3   1   2 | Gly GGT   2   3   2   2   2   2
    GTC   0   0   0   0   0   0 |     GCC   3   2   2   2   2   2 |     GAC   2   2   2   1   3   2 |     GGC   2   1   2   2   2   2
    GTA   2   2   2   2   2   2 |     GCA   0   1   1   1   1   1 | Glu GAA   5   4   4   4   4   4 |     GGA   1   1   1   1   1   1
    GTG   2   2   2   2   2   2 |     GCG   0   0   0   0   0   0 |     GAG   1   2   2   2   2   2 |     GGG   3   3   3   3   3   3
--------------------------------------------------------------------------------------------------------------------------------------

--------------------------------------------------------------------------------------------------------------------------------------
Phe TTT   1   1   1   1   1   1 | Ser TCT   0   0   0   0   0   0 | Tyr TAT   2   2   2   2   2   2 | Cys TGT   3   3   3   3   3   3
    TTC   2   2   2   2   2   2 |     TCC   1   1   1   1   1   1 |     TAC   1   1   1   1   1   1 |     TGC   2   2   2   2   2   2
Leu TTA   0   0   0   0   0   0 |     TCA   2   2   2   2   2   2 | *** TAA   0   0   0   0   0   0 | *** TGA   0   0   0   0   0   0
    TTG   1   1   1   1   1   1 |     TCG   0   0   0   0   0   0 |     TAG   0   0   0   0   0   0 | Trp TGG   3   3   3   3   3   3
--------------------------------------------------------------------------------------------------------------------------------------
Leu CTT   0   0   0   0   0   0 | Pro CCT   2   2   2   2   2   2 | His CAT   2   2   3   3   2   2 | Arg CGT   1   1   1   1   1   2
    CTC   2   1   1   0   1   1 |     CCC   0   0   0   0   0   0 |     CAC   7   7   6   6   7   7 |     CGC   1   1   1   1   1   0
    CTA   1   2   2   2   2   2 |     CCA   2   2   2   2   2   2 | Gln CAA   2   2   2   2   2   2 |     CGA   0   0   0   0   0   0
    CTG   2   2   2   2   2   1 |     CCG   0   0   0   0   0   0 |     CAG   2   2   2   2   2   2 |     CGG   0   0   0   0   0   0
--------------------------------------------------------------------------------------------------------------------------------------
Ile ATT   3   2   3   3   3   3 | Thr ACT   2   3   2   2   2   2 | Asn AAT   6   5   7   6   6   6 | Ser AGT   0   0   0   0   0   0
    ATC   3   4   3   4   3   3 |     ACC   2   1   2   2   2   2 |     AAC   1   2   0   1   1   1 |     AGC   1   1   1   1   1   1
    ATA   1   1   1   1   2   1 |     ACA   2   3   2   2   2   2 | Lys AAA   1   1   1   1   1   1 | Arg AGA   0   0   0   0   0   0
Met ATG   3   3   3   3   3   4 |     ACG   2   1   2   2   2   2 |     AAG   2   2   2   2   2   2 |     AGG   1   1   1   1   1   1
--------------------------------------------------------------------------------------------------------------------------------------
Val GTT   1   2   2   2   2   2 | Ala GCT   0   0   0   0   0   0 | Asp GAT   2   2   2   2   2   3 | Gly GGT   2   2   2   2   2   2
    GTC   1   0   0   0   0   0 |     GCC   2   2   2   2   2   2 |     GAC   2   2   2   2   2   1 |     GGC   2   2   2   2   2   2
    GTA   2   2   2   2   1   2 |     GCA   0   0   1   1   1   1 | Glu GAA   4   4   4   4   4   4 |     GGA   1   1   1   1   1   1
    GTG   2   2   2   2   2   2 |     GCG   1   1   0   0   0   0 |     GAG   2   2   2   2   2   2 |     GGG   3   3   3   3   3   3
--------------------------------------------------------------------------------------------------------------------------------------

--------------------------------------------------------------------------------------------------------------------------------------
Phe TTT   1   1   1   1   1   1 | Ser TCT   0   0   0   0   0   0 | Tyr TAT   2   2   2   2   2   2 | Cys TGT   3   3   3   4   3   3
    TTC   2   2   2   2   2   2 |     TCC   1   1   1   1   1   1 |     TAC   1   1   1   2   1   1 |     TGC   2   2   2   1   2   2
Leu TTA   0   0   0   0   0   0 |     TCA   2   2   2   2   2   2 | *** TAA   0   0   0   0   0   0 | *** TGA   0   0   0   0   0   0
    TTG   1   1   1   1   1   1 |     TCG   0   0   0   0   0   0 |     TAG   0   0   0   0   0   0 | Trp TGG   3   3   3   3   3   3
--------------------------------------------------------------------------------------------------------------------------------------
Leu CTT   0   0   0   0   0   0 | Pro CCT   2   2   2   2   2   2 | His CAT   3   2   2   3   2   2 | Arg CGT   1   1   1   1   1   1
    CTC   1   1   1   1   1   1 |     CCC   0   0   0   0   0   0 |     CAC   6   7   7   5   7   7 |     CGC   1   1   1   1   1   1
    CTA   2   2   2   2   2   2 |     CCA   2   2   2   2   2   2 | Gln CAA   2   2   2   2   2   2 |     CGA   0   0   0   0   0   0
    CTG   2   1   2   2   2   2 |     CCG   0   0   0   0   0   0 |     CAG   2   2   2   2   2   2 |     CGG   0   0   0   0   0   0
--------------------------------------------------------------------------------------------------------------------------------------
Ile ATT   3   3   3   3   4   3 | Thr ACT   2   2   2   2   3   2 | Asn AAT   6   6   5   6   5   6 | Ser AGT   0   0   0   0   0   0
    ATC   3   3   3   3   2   3 |     ACC   2   2   2   2   1   2 |     AAC   1   1   2   1   2   1 |     AGC   1   1   1   1   1   1
    ATA   1   1   1   1   2   1 |     ACA   2   2   2   2   2   2 | Lys AAA   1   1   1   1   1   1 | Arg AGA   0   0   0   0   0   0
Met ATG   3   4   3   3   3   3 |     ACG   2   2   2   2   2   2 |     AAG   2   2   2   2   2   2 |     AGG   1   1   1   1   1   1
--------------------------------------------------------------------------------------------------------------------------------------
Val GTT   2   2   1   2   1   2 | Ala GCT   0   0   0   0   0   0 | Asp GAT   2   2   3   2   2   2 | Gly GGT   2   2   1   2   2   2
    GTC   0   0   1   0   0   0 |     GCC   2   2   2   2   2   2 |     GAC   2   2   2   2   2   2 |     GGC   2   2   2   2   2   2
    GTA   2   2   2   2   1   2 |     GCA   1   1   0   1   1   1 | Glu GAA   4   4   4   4   4   4 |     GGA   1   1   1   1   2   1
    GTG   2   2   2   2   3   2 |     GCG   0   0   1   0   0   0 |     GAG   2   2   2   2   2   2 |     GGG   3   3   3   3   2   3
--------------------------------------------------------------------------------------------------------------------------------------

--------------------------------------------------------------------------------------------------------------------------------------
Phe TTT   1   1   1   1   1   1 | Ser TCT   0   0   0   0   0   0 | Tyr TAT   2   2   2   2   2   2 | Cys TGT   3   3   3   3   3   2
    TTC   2   2   2   2   2   2 |     TCC   1   1   1   1   1   1 |     TAC   1   1   1   1   1   1 |     TGC   2   2   2   2   2   3
Leu TTA   0   0   0   0   0   0 |     TCA   2   2   2   2   2   2 | *** TAA   0   0   0   0   0   0 | *** TGA   0   0   0   0   0   0
    TTG   1   1   1   1   1   1 |     TCG   0   0   0   0   0   0 |     TAG   0   0   0   0   0   0 | Trp TGG   3   3   3   3   3   3
--------------------------------------------------------------------------------------------------------------------------------------
Leu CTT   0   0   0   0   0   0 | Pro CCT   2   2   2   2   2   2 | His CAT   2   2   3   3   2   2 | Arg CGT   1   1   1   1   1   1
    CTC   1   1   1   1   1   1 |     CCC   0   0   0   0   0   0 |     CAC   7   7   6   6   7   7 |     CGC   1   1   1   1   1   1
    CTA   2   2   2   2   2   2 |     CCA   2   2   2   2   2   2 | Gln CAA   2   2   2   2   2   2 |     CGA   0   0   0   0   0   0
    CTG   2   2   2   2   2   2 |     CCG   0   0   0   0   0   0 |     CAG   2   2   2   2   2   2 |     CGG   0   0   0   0   0   0
--------------------------------------------------------------------------------------------------------------------------------------
Ile ATT   3   3   3   3   3   4 | Thr ACT   2   2   2   2   2   2 | Asn AAT   6   5   6   5   5   6 | Ser AGT   0   1   0   0   0   0
    ATC   3   3   3   3   3   2 |     ACC   2   2   2   2   2   2 |     AAC   1   1   1   1   2   1 |     AGC   1   1   1   1   1   1
    ATA   1   1   1   1   1   1 |     ACA   2   1   2   2   2   2 | Lys AAA   1   1   1   1   1   1 | Arg AGA   0   0   0   0   0   0
Met ATG   3   3   3   3   3   3 |     ACG   2   3   2   2   2   2 |     AAG   2   2   2   2   2   2 |     AGG   1   1   1   1   1   1
--------------------------------------------------------------------------------------------------------------------------------------
Val GTT   2   2   2   2   2   2 | Ala GCT   0   0   0   0   0   0 | Asp GAT   2   2   2   3   2   1 | Gly GGT   2   2   2   2   2   2
    GTC   0   0   0   0   0   0 |     GCC   2   2   2   2   2   2 |     GAC   2   2   2   2   2   3 |     GGC   2   2   2   2   2   2
    GTA   2   2   2   2   1   2 |     GCA   1   1   1   1   1   0 | Glu GAA   4   4   4   4   4   3 |     GGA   1   1   1   1   1   1
    GTG   2   2   2   2   3   2 |     GCG   0   0   0   0   0   1 |     GAG   2   2   2   2   2   3 |     GGG   3   3   3   3   3   3
--------------------------------------------------------------------------------------------------------------------------------------

--------------------------------------------------------------------------------------------------------------------------------------
Phe TTT   1   1   1   1   1   1 | Ser TCT   0   0   0   0   0   0 | Tyr TAT   2   2   2   2   2   2 | Cys TGT   3   3   3   3   3   3
    TTC   2   2   2   2   2   2 |     TCC   1   1   1   1   1   1 |     TAC   1   1   1   1   1   1 |     TGC   2   2   2   2   2   2
Leu TTA   0   0   0   0   0   0 |     TCA   2   2   2   2   2   2 | *** TAA   0   0   0   0   0   0 | *** TGA   0   0   0   0   0   0
    TTG   1   1   1   1   1   1 |     TCG   0   0   0   0   0   0 |     TAG   0   0   0   0   0   0 | Trp TGG   3   3   3   3   3   3
--------------------------------------------------------------------------------------------------------------------------------------
Leu CTT   0   0   0   0   0   0 | Pro CCT   2   2   2   2   2   2 | His CAT   3   3   2   2   2   4 | Arg CGT   1   1   1   1   1   1
    CTC   2   0   1   1   1   1 |     CCC   0   0   0   0   0   0 |     CAC   6   6   7   7   7   5 |     CGC   1   1   1   1   1   1
    CTA   1   2   2   2   2   2 |     CCA   2   2   2   2   2   2 | Gln CAA   2   2   2   2   2   2 |     CGA   0   0   0   0   0   0
    CTG   2   2   2   2   2   2 |     CCG   0   0   0   0   0   0 |     CAG   2   2   2   2   2   2 |     CGG   0   0   0   0   0   0
--------------------------------------------------------------------------------------------------------------------------------------
Ile ATT   3   3   3   3   3   3 | Thr ACT   2   2   2   2   2   1 | Asn AAT   6   6   5   6   6   6 | Ser AGT   0   0   0   0   0   0
    ATC   3   4   3   3   3   3 |     ACC   2   2   2   2   2   2 |     AAC   1   1   2   1   1   1 |     AGC   1   1   1   1   1   1
    ATA   1   1   1   1   1   1 |     ACA   2   2   2   2   1   2 | Lys AAA   1   1   1   1   1   1 | Arg AGA   0   0   0   0   0   0
Met ATG   3   3   3   3   3   3 |     ACG   2   2   2   2   3   2 |     AAG   2   2   2   2   2   2 |     AGG   1   1   1   1   1   1
--------------------------------------------------------------------------------------------------------------------------------------
Val GTT   1   2   1   2   2   2 | Ala GCT   0   0   0   0   0   1 | Asp GAT   2   2   3   2   2   2 | Gly GGT   2   2   1   2   2   2
    GTC   1   0   1   0   0   0 |     GCC   2   2   2   2   2   2 |     GAC   2   2   2   2   2   2 |     GGC   2   2   2   2   2   2
    GTA   2   2   2   2   2   2 |     GCA   0   1   0   0   1   1 | Glu GAA   4   4   4   4   4   4 |     GGA   1   1   1   1   1   1
    GTG   2   2   2   2   2   2 |     GCG   1   0   1   1   0   0 |     GAG   2   2   2   2   2   2 |     GGG   3   3   3   3   3   3
--------------------------------------------------------------------------------------------------------------------------------------

--------------------------------------------------------------------------------------------------------------------------------------
Phe TTT   1   1   1   1   1   1 | Ser TCT   0   0   0   0   0   0 | Tyr TAT   2   2   3   3   2   2 | Cys TGT   3   3   3   3   3   3
    TTC   2   2   2   2   2   2 |     TCC   1   1   1   1   1   1 |     TAC   1   1   0   0   1   1 |     TGC   2   2   2   2   2   2
Leu TTA   0   0   0   0   0   0 |     TCA   2   2   2   2   2   2 | *** TAA   0   0   0   0   0   0 | *** TGA   0   0   0   0   0   0
    TTG   1   1   1   1   1   1 |     TCG   0   0   0   0   0   0 |     TAG   0   0   0   0   0   0 | Trp TGG   3   3   3   3   3   3
--------------------------------------------------------------------------------------------------------------------------------------
Leu CTT   0   0   0   0   0   0 | Pro CCT   2   2   2   2   2   2 | His CAT   2   3   2   3   2   2 | Arg CGT   1   1   1   1   1   1
    CTC   1   1   1   1   1   1 |     CCC   0   0   0   0   0   0 |     CAC   7   6   7   6   7   7 |     CGC   1   1   1   1   1   1
    CTA   2   2   2   2   2   2 |     CCA   2   2   2   2   2   2 | Gln CAA   2   2   2   2   2   2 |     CGA   0   0   0   0   0   0
    CTG   2   2   2   2   1   1 |     CCG   0   0   0   0   0   0 |     CAG   2   2   2   2   2   2 |     CGG   0   0   0   0   0   0
--------------------------------------------------------------------------------------------------------------------------------------
Ile ATT   3   3   3   3   2   3 | Thr ACT   2   2   2   2   2   2 | Asn AAT   6   7   5   7   6   6 | Ser AGT   0   0   0   0   0   0
    ATC   3   3   3   3   4   3 |     ACC   2   2   2   2   2   2 |     AAC   1   0   1   0   1   1 |     AGC   1   1   1   1   1   1
    ATA   1   1   1   1   1   1 |     ACA   2   2   2   2   2   2 | Lys AAA   1   1   1   1   1   1 | Arg AGA   0   0   0   0   0   0
Met ATG   3   3   3   3   4   4 |     ACG   2   2   2   2   2   2 |     AAG   2   2   2   2   2   2 |     AGG   1   1   1   1   1   1
--------------------------------------------------------------------------------------------------------------------------------------
Val GTT   2   2   2   2   2   2 | Ala GCT   0   0   0   0   0   0 | Asp GAT   2   2   3   2   2   3 | Gly GGT   2   2   2   1   2   2
    GTC   0   0   0   0   0   0 |     GCC   2   2   2   2   2   2 |     GAC   2   2   2   2   2   1 |     GGC   2   2   2   2   2   2
    GTA   2   1   2   2   2   2 |     GCA   1   1   1   1   0   1 | Glu GAA   4   4   4   4   4   4 |     GGA   1   1   1   1   1   1
    GTG   2   3   2   2   2   2 |     GCG   0   0   0   0   1   0 |     GAG   2   2   2   2   2   2 |     GGG   3   3   3   4   3   3
--------------------------------------------------------------------------------------------------------------------------------------

Codon position x base (3x4) table for each sequence.

#1: Argali         
position  1:    T:0.18182    C:0.24242    A:0.30303    G:0.27273
position  2:    T:0.25253    C:0.18182    A:0.36364    G:0.20202
position  3:    T:0.29293    C:0.27273    A:0.20202    G:0.23232
Average         T:0.24242    C:0.23232    A:0.28956    G:0.23569

#2: LesserMouseDeer
position  1:    T:0.19192    C:0.23232    A:0.31313    G:0.26263
position  2:    T:0.25253    C:0.18182    A:0.36364    G:0.20202
position  3:    T:0.28283    C:0.29293    A:0.17172    G:0.25253
Average         T:0.24242    C:0.23569    A:0.28283    G:0.23906

#3: LesserKudu     
position  1:    T:0.18182    C:0.23232    A:0.31313    G:0.27273
position  2:    T:0.25253    C:0.18182    A:0.36364    G:0.20202
position  3:    T:0.29293    C:0.27273    A:0.19192    G:0.24242
Average         T:0.24242    C:0.22896    A:0.28956    G:0.23906

#4: ForestMuskDeer2
position  1:    T:0.18182    C:0.24242    A:0.30303    G:0.27273
position  2:    T:0.25253    C:0.18182    A:0.36364    G:0.20202
position  3:    T:0.29293    C:0.26263    A:0.21212    G:0.23232
Average         T:0.24242    C:0.22896    A:0.29293    G:0.23569

#5: Camel          
position  1:    T:0.18182    C:0.24242    A:0.30303    G:0.27273
position  2:    T:0.25253    C:0.18182    A:0.36364    G:0.20202
position  3:    T:0.31313    C:0.26263    A:0.20202    G:0.22222
Average         T:0.24916    C:0.22896    A:0.28956    G:0.23232

#6: KillerWhale    
position  1:    T:0.18182    C:0.24242    A:0.31313    G:0.26263
position  2:    T:0.26263    C:0.17172    A:0.36364    G:0.20202
position  3:    T:0.31313    C:0.25253    A:0.21212    G:0.22222
Average         T:0.25253    C:0.22222    A:0.29630    G:0.22896

#7: DefassaWaterbuck
position  1:    T:0.18182    C:0.24242    A:0.29293    G:0.28283
position  2:    T:0.25253    C:0.18182    A:0.36364    G:0.20202
position  3:    T:0.29293    C:0.27273    A:0.20202    G:0.23232
Average         T:0.24242    C:0.23232    A:0.28620    G:0.23906

#8: Sheep          
position  1:    T:0.18182    C:0.24242    A:0.30303    G:0.27273
position  2:    T:0.25253    C:0.18182    A:0.36364    G:0.20202
position  3:    T:0.29293    C:0.27273    A:0.20202    G:0.23232
Average         T:0.24242    C:0.23232    A:0.28956    G:0.23569

#9: MaxwellsDuiker 
position  1:    T:0.17172    C:0.24242    A:0.30303    G:0.28283
position  2:    T:0.25253    C:0.18182    A:0.36364    G:0.20202
position  3:    T:0.29293    C:0.27273    A:0.20202    G:0.23232
Average         T:0.23906    C:0.23232    A:0.28956    G:0.23906

#10: GazellaPrzewalskyi
position  1:    T:0.18182    C:0.24242    A:0.30303    G:0.27273
position  2:    T:0.25253    C:0.18182    A:0.36364    G:0.20202
position  3:    T:0.27273    C:0.29293    A:0.20202    G:0.23232
Average         T:0.23569    C:0.23906    A:0.28956    G:0.23569

#11: MountainNyala  
position  1:    T:0.18182    C:0.23232    A:0.31313    G:0.27273
position  2:    T:0.25253    C:0.18182    A:0.36364    G:0.20202
position  3:    T:0.28283    C:0.28283    A:0.20202    G:0.23232
Average         T:0.23906    C:0.23232    A:0.29293    G:0.23569

#12: MuntiacusMuntjak
position  1:    T:0.18182    C:0.24242    A:0.30303    G:0.27273
position  2:    T:0.25253    C:0.18182    A:0.37374    G:0.19192
position  3:    T:0.26263    C:0.30303    A:0.19192    G:0.24242
Average         T:0.23232    C:0.24242    A:0.28956    G:0.23569

#13: goat           
position  1:    T:0.18182    C:0.24242    A:0.30303    G:0.27273
position  2:    T:0.25253    C:0.18182    A:0.36364    G:0.20202
position  3:    T:0.29293    C:0.27273    A:0.20202    G:0.23232
Average         T:0.24242    C:0.23232    A:0.28956    G:0.23569

#14: AfricanBuffalo 
position  1:    T:0.19192    C:0.23232    A:0.29293    G:0.28283
position  2:    T:0.25253    C:0.18182    A:0.36364    G:0.20202
position  3:    T:0.28283    C:0.28283    A:0.20202    G:0.23232
Average         T:0.24242    C:0.23232    A:0.28620    G:0.23906

#15: Topi           
position  1:    T:0.18182    C:0.24242    A:0.30303    G:0.27273
position  2:    T:0.25253    C:0.18182    A:0.36364    G:0.20202
position  3:    T:0.29293    C:0.27273    A:0.20202    G:0.23232
Average         T:0.24242    C:0.23232    A:0.28956    G:0.23569

#16: CommonDuiker   
position  1:    T:0.18182    C:0.24242    A:0.31313    G:0.26263
position  2:    T:0.25253    C:0.18182    A:0.36364    G:0.20202
position  3:    T:0.29293    C:0.27273    A:0.20202    G:0.23232
Average         T:0.24242    C:0.23232    A:0.29293    G:0.23232

#17: Suni           
position  1:    T:0.18182    C:0.24242    A:0.30303    G:0.27273
position  2:    T:0.25253    C:0.18182    A:0.36364    G:0.20202
position  3:    T:0.29293    C:0.27273    A:0.21212    G:0.22222
Average         T:0.24242    C:0.23232    A:0.29293    G:0.23232

#18: Springbuck     
position  1:    T:0.18182    C:0.24242    A:0.30303    G:0.27273
position  2:    T:0.25253    C:0.18182    A:0.36364    G:0.20202
position  3:    T:0.29293    C:0.27273    A:0.20202    G:0.23232
Average         T:0.24242    C:0.23232    A:0.28956    G:0.23569

#19: Okapi          
position  1:    T:0.18182    C:0.24242    A:0.30303    G:0.27273
position  2:    T:0.25253    C:0.18182    A:0.36364    G:0.20202
position  3:    T:0.30303    C:0.27273    A:0.20202    G:0.22222
Average         T:0.24579    C:0.23232    A:0.28956    G:0.23232

#20: Giraffe        
position  1:    T:0.18182    C:0.24242    A:0.30303    G:0.27273
position  2:    T:0.25253    C:0.18182    A:0.36364    G:0.20202
position  3:    T:0.31313    C:0.25253    A:0.21212    G:0.22222
Average         T:0.24916    C:0.22559    A:0.29293    G:0.23232

#21: TibetanAntelope
position  1:    T:0.17172    C:0.24242    A:0.31313    G:0.27273
position  2:    T:0.26263    C:0.17172    A:0.36364    G:0.20202
position  3:    T:0.30303    C:0.26263    A:0.20202    G:0.23232
Average         T:0.24579    C:0.22559    A:0.29293    G:0.23569

#22: Sitatunga      
position  1:    T:0.18182    C:0.23232    A:0.31313    G:0.27273
position  2:    T:0.25253    C:0.18182    A:0.36364    G:0.20202
position  3:    T:0.29293    C:0.27273    A:0.20202    G:0.23232
Average         T:0.24242    C:0.22896    A:0.29293    G:0.23569

#23: Oribi          
position  1:    T:0.18182    C:0.24242    A:0.30303    G:0.27273
position  2:    T:0.25253    C:0.18182    A:0.36364    G:0.20202
position  3:    T:0.27273    C:0.29293    A:0.20202    G:0.23232
Average         T:0.23569    C:0.23906    A:0.28956    G:0.23569

#24: BarbarySheep   
position  1:    T:0.18182    C:0.24242    A:0.30303    G:0.27273
position  2:    T:0.25253    C:0.18182    A:0.36364    G:0.20202
position  3:    T:0.30303    C:0.26263    A:0.20202    G:0.23232
Average         T:0.24579    C:0.22896    A:0.28956    G:0.23569

#25: Daviddeer      
position  1:    T:0.18182    C:0.24242    A:0.30303    G:0.27273
position  2:    T:0.25253    C:0.18182    A:0.36364    G:0.20202
position  3:    T:0.27273    C:0.30303    A:0.18182    G:0.24242
Average         T:0.23569    C:0.24242    A:0.28283    G:0.23906

#26: Reindeer       
position  1:    T:0.18182    C:0.24242    A:0.30303    G:0.27273
position  2:    T:0.25253    C:0.18182    A:0.36364    G:0.20202
position  3:    T:0.27273    C:0.29293    A:0.20202    G:0.23232
Average         T:0.23569    C:0.23906    A:0.28956    G:0.23569

#27: Ibex           
position  1:    T:0.18182    C:0.24242    A:0.30303    G:0.27273
position  2:    T:0.25253    C:0.18182    A:0.36364    G:0.20202
position  3:    T:0.30303    C:0.26263    A:0.20202    G:0.23232
Average         T:0.24579    C:0.22896    A:0.28956    G:0.23569

#28: GyrantGazelle  
position  1:    T:0.18182    C:0.23232    A:0.31313    G:0.27273
position  2:    T:0.25253    C:0.18182    A:0.36364    G:0.20202
position  3:    T:0.29293    C:0.27273    A:0.20202    G:0.23232
Average         T:0.24242    C:0.22896    A:0.29293    G:0.23569

#29: Hartebeest     
position  1:    T:0.18182    C:0.24242    A:0.31313    G:0.26263
position  2:    T:0.25253    C:0.18182    A:0.36364    G:0.20202
position  3:    T:0.28283    C:0.28283    A:0.20202    G:0.23232
Average         T:0.23906    C:0.23569    A:0.29293    G:0.23232

#30: Bongo          
position  1:    T:0.18182    C:0.23232    A:0.31313    G:0.27273
position  2:    T:0.25253    C:0.18182    A:0.36364    G:0.20202
position  3:    T:0.30303    C:0.26263    A:0.20202    G:0.23232
Average         T:0.24579    C:0.22559    A:0.29293    G:0.23569

#31: Gerenuk        
position  1:    T:0.18182    C:0.24242    A:0.30303    G:0.27273
position  2:    T:0.25253    C:0.18182    A:0.36364    G:0.20202
position  3:    T:0.29293    C:0.27273    A:0.20202    G:0.23232
Average         T:0.24242    C:0.23232    A:0.28956    G:0.23569

#32: CommonEland    
position  1:    T:0.18182    C:0.23232    A:0.31313    G:0.27273
position  2:    T:0.25253    C:0.18182    A:0.36364    G:0.20202
position  3:    T:0.28283    C:0.28283    A:0.20202    G:0.23232
Average         T:0.23906    C:0.23232    A:0.29293    G:0.23569

#33: MuntiacusReevesi
position  1:    T:0.18182    C:0.24242    A:0.30303    G:0.27273
position  2:    T:0.25253    C:0.18182    A:0.37374    G:0.19192
position  3:    T:0.26263    C:0.30303    A:0.19192    G:0.24242
Average         T:0.23232    C:0.24242    A:0.28956    G:0.23569

#34: HarveysDuiker  
position  1:    T:0.19192    C:0.23232    A:0.30303    G:0.27273
position  2:    T:0.25253    C:0.18182    A:0.36364    G:0.20202
position  3:    T:0.30303    C:0.26263    A:0.20202    G:0.23232
Average         T:0.24916    C:0.22559    A:0.28956    G:0.23569

#35: Pronghorn      
position  1:    T:0.18182    C:0.24242    A:0.31313    G:0.26263
position  2:    T:0.25253    C:0.18182    A:0.36364    G:0.20202
position  3:    T:0.28283    C:0.27273    A:0.21212    G:0.23232
Average         T:0.23906    C:0.23232    A:0.29630    G:0.23232

#36: BlueWildebeest 
position  1:    T:0.18182    C:0.24242    A:0.30303    G:0.27273
position  2:    T:0.25253    C:0.18182    A:0.36364    G:0.20202
position  3:    T:0.28283    C:0.28283    A:0.20202    G:0.23232
Average         T:0.23906    C:0.23569    A:0.28956    G:0.23569

#37: Gemsbok        
position  1:    T:0.18182    C:0.24242    A:0.30303    G:0.27273
position  2:    T:0.25253    C:0.18182    A:0.36364    G:0.20202
position  3:    T:0.28283    C:0.28283    A:0.20202    G:0.23232
Average         T:0.23906    C:0.23569    A:0.28956    G:0.23569

#38: Yak            
position  1:    T:0.18182    C:0.24242    A:0.30303    G:0.27273
position  2:    T:0.25253    C:0.18182    A:0.35354    G:0.21212
position  3:    T:0.28283    C:0.28283    A:0.19192    G:0.24242
Average         T:0.23906    C:0.23569    A:0.28283    G:0.24242

#39: BlueSheep      
position  1:    T:0.18182    C:0.24242    A:0.30303    G:0.27273
position  2:    T:0.25253    C:0.18182    A:0.36364    G:0.20202
position  3:    T:0.29293    C:0.27273    A:0.20202    G:0.23232
Average         T:0.24242    C:0.23232    A:0.28956    G:0.23569

#40: BohorReedbuck  
position  1:    T:0.18182    C:0.24242    A:0.29293    G:0.28283
position  2:    T:0.25253    C:0.18182    A:0.36364    G:0.20202
position  3:    T:0.29293    C:0.27273    A:0.20202    G:0.23232
Average         T:0.24242    C:0.23232    A:0.28620    G:0.23906

#41: KirksDik       
position  1:    T:0.18182    C:0.24242    A:0.30303    G:0.27273
position  2:    T:0.25253    C:0.18182    A:0.36364    G:0.20202
position  3:    T:0.27273    C:0.29293    A:0.19192    G:0.24242
Average         T:0.23569    C:0.23906    A:0.28620    G:0.23906

#42: RoeDeer        
position  1:    T:0.18182    C:0.24242    A:0.30303    G:0.27273
position  2:    T:0.25253    C:0.18182    A:0.36364    G:0.20202
position  3:    T:0.27273    C:0.29293    A:0.18182    G:0.25253
Average         T:0.23569    C:0.23906    A:0.28283    G:0.24242

#43: WhiteLippedDeer
position  1:    T:0.18182    C:0.24242    A:0.30303    G:0.27273
position  2:    T:0.25253    C:0.18182    A:0.36364    G:0.20202
position  3:    T:0.28283    C:0.29293    A:0.18182    G:0.24242
Average         T:0.23906    C:0.23906    A:0.28283    G:0.23906

#44: ThomsonGazelle 
position  1:    T:0.18182    C:0.23232    A:0.31313    G:0.27273
position  2:    T:0.25253    C:0.18182    A:0.36364    G:0.20202
position  3:    T:0.29293    C:0.27273    A:0.20202    G:0.23232
Average         T:0.24242    C:0.22896    A:0.29293    G:0.23569

#45: MuntiacusCrinifrons
position  1:    T:0.18182    C:0.24242    A:0.30303    G:0.27273
position  2:    T:0.25253    C:0.18182    A:0.37374    G:0.19192
position  3:    T:0.26263    C:0.30303    A:0.19192    G:0.24242
Average         T:0.23232    C:0.24242    A:0.28956    G:0.23569

#46: WhiteTailedDeer
position  1:    T:0.18182    C:0.24242    A:0.30303    G:0.27273
position  2:    T:0.25253    C:0.18182    A:0.36364    G:0.20202
position  3:    T:0.28283    C:0.28283    A:0.19192    G:0.24242
Average         T:0.23906    C:0.23569    A:0.28620    G:0.23906

#47: Cattle         
position  1:    T:0.18182    C:0.24242    A:0.30303    G:0.27273
position  2:    T:0.25253    C:0.18182    A:0.36364    G:0.20202
position  3:    T:0.28283    C:0.28283    A:0.19192    G:0.24242
Average         T:0.23906    C:0.23569    A:0.28620    G:0.23906

#48: RoyalAntelope  
position  1:    T:0.18182    C:0.24242    A:0.29293    G:0.28283
position  2:    T:0.25253    C:0.18182    A:0.36364    G:0.20202
position  3:    T:0.30303    C:0.26263    A:0.20202    G:0.23232
Average         T:0.24579    C:0.22896    A:0.28620    G:0.23906

#49: Steenbok       
position  1:    T:0.18182    C:0.24242    A:0.30303    G:0.27273
position  2:    T:0.25253    C:0.18182    A:0.36364    G:0.20202
position  3:    T:0.28283    C:0.28283    A:0.20202    G:0.23232
Average         T:0.23906    C:0.23569    A:0.28956    G:0.23569

#50: Impala         
position  1:    T:0.18182    C:0.24242    A:0.30303    G:0.27273
position  2:    T:0.25253    C:0.18182    A:0.36364    G:0.20202
position  3:    T:0.30303    C:0.26263    A:0.19192    G:0.24242
Average         T:0.24579    C:0.22896    A:0.28620    G:0.23906

#51: Klipspringer   
position  1:    T:0.18182    C:0.24242    A:0.29293    G:0.28283
position  2:    T:0.25253    C:0.18182    A:0.36364    G:0.20202
