CODONML (in paml version 4.10.7, June 2023)  /home/rachel/ruminants_paml/6406-phy-tree/ENSBTAT00000010478.fasta.phy
Model: free dN/dS Ratios for branches,  kappa = 2.000 fixed

Codon frequency model: F3x4
ns =  54  ls =  44

Codon usage in sequences
--------------------------------------------------------------------------------------------------------------------------------------
Phe TTT   0   0   0   0   0   0 | Ser TCT   1   1   1   1   1   1 | Tyr TAT   0   0   0   0   0   0 | Cys TGT   0   0   0   0   0   0
    TTC   0   0   0   0   0   0 |     TCC   1   1   1   1   1   1 |     TAC   0   0   0   0   0   0 |     TGC   0   0   0   0   0   0
Leu TTA   0   0   0   0   0   0 |     TCA   1   1   1   1   1   1 | *** TAA   0   0   0   0   0   0 | *** TGA   0   0   0   0   0   0
    TTG   2   2   2   2   2   2 |     TCG   0   0   0   0   0   0 |     TAG   0   0   0   0   0   0 | Trp TGG   0   0   0   0   0   0
--------------------------------------------------------------------------------------------------------------------------------------
Leu CTT   1   0   0   1   0   0 | Pro CCT   1   1   1   1   1   1 | His CAT   0   0   0   0   0   0 | Arg CGT   0   0   0   0   0   0
    CTC   1   3   2   1   3   4 |     CCC   0   0   0   0   0   0 |     CAC   0   0   0   0   0   0 |     CGC   0   0   0   0   0   0
    CTA   0   0   0   0   1   0 |     CCA   4   3   4   4   3   3 | Gln CAA   0   0   0   0   0   0 |     CGA   1   1   1   1   1   1
    CTG   7   6   7   7   5   6 |     CCG   0   1   0   0   1   1 |     CAG   3   2   3   3   2   1 |     CGG   0   1   0   0   0   1
--------------------------------------------------------------------------------------------------------------------------------------
Ile ATT   0   0   0   0   0   0 | Thr ACT   0   0   0   0   0   0 | Asn AAT   0   0   0   0   0   0 | Ser AGT   0   0   0   0   0   0
    ATC   0   0   0   0   0   0 |     ACC   0   0   0   0   0   0 |     AAC   1   1   1   1   1   1 |     AGC   0   0   0   0   0   0
    ATA   0   0   0   0   0   0 |     ACA   3   3   2   2   1   2 | Lys AAA   1   1   1   1   1   1 | Arg AGA   0   0   0   0   0   0
Met ATG   0   0   0   0   0   0 |     ACG   0   0   1   1   2   1 |     AAG   1   1   1   1   2   1 |     AGG   0   0   0   0   0   0
--------------------------------------------------------------------------------------------------------------------------------------
Val GTT   1   1   1   1   1   1 | Ala GCT   0   0   0   0   0   0 | Asp GAT   0   0   0   0   0   0 | Gly GGT   1   1   1   1   1   0
    GTC   1   1   1   1   1   1 |     GCC   0   0   0   0   0   0 |     GAC   0   0   0   0   0   0 |     GGC   0   0   0   0   0   1
    GTA   0   0   0   0   0   0 |     GCA   1   1   1   1   1   1 | Glu GAA   0   0   0   0   0   0 |     GGA   2   3   2   2   2   2
    GTG   3   3   3   3   3   3 |     GCG   0   0   0   0   0   0 |     GAG   3   3   3   3   3   3 |     GGG   3   2   3   3   3   3
--------------------------------------------------------------------------------------------------------------------------------------

--------------------------------------------------------------------------------------------------------------------------------------
Phe TTT   0   0   0   0   0   0 | Ser TCT   1   1   1   1   1   1 | Tyr TAT   0   0   0   0   0   0 | Cys TGT   0   0   0   0   0   0
    TTC   0   0   0   0   0   0 |     TCC   1   1   1   1   0   1 |     TAC   0   0   0   0   0   0 |     TGC   0   0   0   0   0   0
Leu TTA   0   0   0   0   0   0 |     TCA   1   1   1   1   1   1 | *** TAA   0   0   0   0   0   0 | *** TGA   0   0   0   0   0   0
    TTG   2   2   2   2   3   2 |     TCG   0   0   0   0   0   0 |     TAG   0   0   0   0   0   0 | Trp TGG   0   0   0   0   0   0
--------------------------------------------------------------------------------------------------------------------------------------
Leu CTT   0   1   1   1   0   0 | Pro CCT   1   1   1   1   1   1 | His CAT   0   0   0   0   0   0 | Arg CGT   0   0   0   0   0   0
    CTC   2   1   1   1   2   2 |     CCC   0   0   0   0   0   0 |     CAC   0   0   0   0   0   0 |     CGC   0   0   0   0   0   0
    CTA   0   0   0   0   0   0 |     CCA   4   4   4   4   4   4 | Gln CAA   0   0   0   0   0   0 |     CGA   1   1   1   1   1   1
    CTG   7   7   7   7   6   6 |     CCG   0   0   0   0   0   0 |     CAG   3   3   3   3   3   3 |     CGG   0   0   0   0   0   0
--------------------------------------------------------------------------------------------------------------------------------------
Ile ATT   0   0   0   0   0   0 | Thr ACT   0   0   0   0   0   0 | Asn AAT   0   0   0   0   0   0 | Ser AGT   0   0   0   0   0   0
    ATC   0   0   0   0   0   0 |     ACC   0   0   0   0   1   0 |     AAC   1   1   1   1   1   1 |     AGC   0   0   0   0   0   0
    ATA   0   0   0   0   0   0 |     ACA   3   3   2   2   2   2 | Lys AAA   1   1   1   1   1   1 | Arg AGA   0   0   0   0   0   0
Met ATG   0   0   0   0   0   0 |     ACG   0   0   1   1   1   1 |     AAG   1   1   1   1   1   1 |     AGG   0   0   0   0   0   0
--------------------------------------------------------------------------------------------------------------------------------------
Val GTT   1   1   1   1   1   1 | Ala GCT   0   0   0   0   0   0 | Asp GAT   0   0   0   0   0   0 | Gly GGT   1   1   1   1   1   1
    GTC   1   1   1   1   1   1 |     GCC   0   0   0   0   0   0 |     GAC   0   0   0   0   0   0 |     GGC   0   0   0   0   0   0
    GTA   0   0   0   0   0   0 |     GCA   1   1   1   1   1   1 | Glu GAA   0   0   0   0   0   0 |     GGA   2   2   2   2   2   2
    GTG   3   3   3   3   3   4 |     GCG   0   0   0   0   0   0 |     GAG   3   3   3   3   3   3 |     GGG   3   3   3   3   3   3
--------------------------------------------------------------------------------------------------------------------------------------

--------------------------------------------------------------------------------------------------------------------------------------
Phe TTT   0   0   0   0   0   0 | Ser TCT   1   1   1   1   1   1 | Tyr TAT   0   0   0   0   0   0 | Cys TGT   0   0   0   0   0   0
    TTC   0   0   0   0   0   0 |     TCC   1   1   1   1   1   1 |     TAC   0   0   0   0   0   0 |     TGC   0   0   0   0   0   0
Leu TTA   0   0   0   0   0   0 |     TCA   1   1   1   1   1   1 | *** TAA   0   0   0   0   0   0 | *** TGA   0   0   0   0   0   0
    TTG   2   3   3   2   2   2 |     TCG   0   0   0   0   0   0 |     TAG   0   0   0   0   0   0 | Trp TGG   0   0   0   0   0   0
--------------------------------------------------------------------------------------------------------------------------------------
Leu CTT   1   0   0   0   0   1 | Pro CCT   1   1   1   1   1   1 | His CAT   0   0   0   0   0   0 | Arg CGT   0   0   0   0   0   0
    CTC   1   2   2   2   2   1 |     CCC   0   0   0   0   0   0 |     CAC   0   0   0   0   0   0 |     CGC   0   0   0   0   0   0
    CTA   0   0   0   1   0   0 |     CCA   4   4   4   4   4   4 | Gln CAA   0   0   0   0   0   0 |     CGA   1   1   1   1   1   1
    CTG   7   6   6   6   7   7 |     CCG   0   0   0   0   0   0 |     CAG   3   3   3   3   3   3 |     CGG   0   0   0   0   0   0
--------------------------------------------------------------------------------------------------------------------------------------
Ile ATT   0   0   0   0   0   0 | Thr ACT   0   0   0   0   0   0 | Asn AAT   0   0   0   0   0   0 | Ser AGT   0   0   0   0   0   0
    ATC   0   0   0   0   0   0 |     ACC   0   0   0   0   0   0 |     AAC   1   1   1   1   1   1 |     AGC   0   0   0   0   0   0
    ATA   0   0   0   0   0   0 |     ACA   2   2   2   2   2   2 | Lys AAA   1   1   1   1   1   1 | Arg AGA   0   0   0   0   0   0
Met ATG   0   0   0   0   0   0 |     ACG   1   1   1   1   1   1 |     AAG   1   1   1   1   1   1 |     AGG   0   0   0   1   0   0
--------------------------------------------------------------------------------------------------------------------------------------
Val GTT   1   1   1   1   1   1 | Ala GCT   0   0   0   0   0   0 | Asp GAT   0   0   0   0   0   0 | Gly GGT   1   1   1   1   1   1
    GTC   1   1   1   1   1   1 |     GCC   0   0   0   0   0   0 |     GAC   0   0   0   0   0   0 |     GGC   0   0   0   0   0   0
    GTA   0   0   0   0   0   0 |     GCA   1   1   1   1   1   1 | Glu GAA   0   0   0   0   0   0 |     GGA   2   2   2   2   2   2
    GTG   3   3   3   3   4   3 |     GCG   0   0   0   0   0   0 |     GAG   3   3   3   3   2   3 |     GGG   3   3   3   2   3   3
--------------------------------------------------------------------------------------------------------------------------------------

--------------------------------------------------------------------------------------------------------------------------------------
Phe TTT   0   0   0   0   0   0 | Ser TCT   1   1   1   1   1   1 | Tyr TAT   0   0   0   0   0   0 | Cys TGT   0   0   0   0   0   0
    TTC   0   0   0   0   0   0 |     TCC   1   1   1   0   1   1 |     TAC   0   0   0   0   0   0 |     TGC   0   0   0   0   0   0
Leu TTA   0   0   0   0   0   0 |     TCA   1   1   1   1   1   1 | *** TAA   0   0   0   0   0   0 | *** TGA   0   0   0   0   0   0
    TTG   2   2   2   3   2   2 |     TCG   0   0   0   0   0   0 |     TAG   0   0   0   0   0   0 | Trp TGG   0   0   0   0   0   0
--------------------------------------------------------------------------------------------------------------------------------------
Leu CTT   0   0   0   0   1   1 | Pro CCT   1   1   1   1   1   1 | His CAT   0   0   0   0   0   0 | Arg CGT   0   0   0   0   0   0
    CTC   2   2   2   2   1   1 |     CCC   0   0   0   0   0   0 |     CAC   0   0   0   0   0   0 |     CGC   0   0   0   0   0   0
    CTA   0   0   0   0   0   0 |     CCA   4   4   4   4   4   4 | Gln CAA   0   0   0   0   0   0 |     CGA   1   1   1   1   1   1
    CTG   7   7   7   6   7   7 |     CCG   0   0   0   0   0   0 |     CAG   3   3   3   3   3   3 |     CGG   0   0   0   0   0   0
--------------------------------------------------------------------------------------------------------------------------------------
Ile ATT   0   0   0   0   0   0 | Thr ACT   0   0   0   0   0   0 | Asn AAT   0   0   0   0   0   0 | Ser AGT   0   0   0   0   0   0
    ATC   0   0   0   0   0   0 |     ACC   0   0   0   1   0   0 |     AAC   1   1   1   1   1   1 |     AGC   0   0   0   0   0   0
    ATA   0   0   0   0   0   0 |     ACA   2   2   2   2   2   2 | Lys AAA   1   1   1   1   1   1 | Arg AGA   0   0   0   0   0   0
Met ATG   0   0   0   0   0   0 |     ACG   1   1   1   1   1   1 |     AAG   1   1   1   1   1   1 |     AGG   1   0   0   0   0   0
--------------------------------------------------------------------------------------------------------------------------------------
Val GTT   1   1   1   1   1   1 | Ala GCT   0   0   0   0   0   0 | Asp GAT   0   0   0   0   0   0 | Gly GGT   1   1   1   1   1   1
    GTC   1   1   1   1   1   1 |     GCC   0   0   0   0   0   0 |     GAC   0   0   0   0   0   0 |     GGC   0   0   0   0   0   0
    GTA   0   0   0   0   0   0 |     GCA   1   0   1   1   1   1 | Glu GAA   0   0   0   0   0   0 |     GGA   2   2   2   2   2   2
    GTG   3   3   3   3   3   3 |     GCG   0   1   0   0   0   0 |     GAG   3   3   3   3   3   3 |     GGG   2   3   3   3   3   3
--------------------------------------------------------------------------------------------------------------------------------------

--------------------------------------------------------------------------------------------------------------------------------------
Phe TTT   0   0   0   0   0   0 | Ser TCT   1   1   1   1   1   1 | Tyr TAT   0   0   0   0   0   0 | Cys TGT   0   0   0   0   0   0
    TTC   0   0   0   0   0   0 |     TCC   1   1   1   1   1   0 |     TAC   0   0   0   0   0   0 |     TGC   0   0   0   0   0   0
Leu TTA   0   0   0   0   0   0 |     TCA   1   1   1   1   1   1 | *** TAA   0   0   0   0   0   0 | *** TGA   0   0   0   0   0   0
    TTG   2   1   2   1   3   3 |     TCG   0   0   0   1   0   0 |     TAG   0   0   0   0   0   0 | Trp TGG   0   0   0   0   0   0
--------------------------------------------------------------------------------------------------------------------------------------
Leu CTT   0   0   1   1   0   0 | Pro CCT   1   1   1   1   1   1 | His CAT   0   0   0   0   0   0 | Arg CGT   0   0   0   0   0   0
    CTC   2   2   1   1   2   2 |     CCC   0   0   0   0   0   0 |     CAC   1   0   0   0   0   0 |     CGC   0   0   0   0   0   0
    CTA   1   0   0   0   0   0 |     CCA   4   4   4   4   4   4 | Gln CAA   0   0   0   0   0   0 |     CGA   1   1   1   1   1   1
    CTG   6   8   7   7   6   6 |     CCG   0   0   0   0   0   0 |     CAG   2   3   3   3   3   3 |     CGG   0   0   0   0   0   0
--------------------------------------------------------------------------------------------------------------------------------------
Ile ATT   0   0   0   0   0   0 | Thr ACT   0   0   0   0   0   0 | Asn AAT   0   0   0   0   0   0 | Ser AGT   0   0   0   0   0   0
    ATC   0   0   0   0   0   0 |     ACC   0   0   0   0   0   1 |     AAC   1   1   1   1   1   1 |     AGC   0   0   0   0   0   0
    ATA   0   0   0   0   0   0 |     ACA   3   2   2   3   2   2 | Lys AAA   1   1   1   1   1   1 | Arg AGA   0   0   0   0   0   0
Met ATG   0   0   0   0   0   0 |     ACG   0   1   1   0   1   1 |     AAG   1   1   1   1   1   1 |     AGG   0   0   0   0   0   0
--------------------------------------------------------------------------------------------------------------------------------------
Val GTT   1   1   1   1   1   1 | Ala GCT   0   0   0   0   0   0 | Asp GAT   0   0   0   0   0   0 | Gly GGT   1   1   1   1   1   1
    GTC   1   1   1   1   1   1 |     GCC   0   0   0   0   0   0 |     GAC   0   0   0   0   0   0 |     GGC   0   0   0   0   0   0
    GTA   1   0   0   0   0   0 |     GCA   1   1   1   1   1   1 | Glu GAA   0   0   0   0   0   0 |     GGA   2   2   2   2   2   2
    GTG   2   3   3   3   3   3 |     GCG   0   0   0   0   0   0 |     GAG   3   3   3   3   3   3 |     GGG   3   3   3   3   3   3
--------------------------------------------------------------------------------------------------------------------------------------

--------------------------------------------------------------------------------------------------------------------------------------
Phe TTT   0   0   0   0   0   0 | Ser TCT   1   1   1   1   1   1 | Tyr TAT   0   0   0   0   0   0 | Cys TGT   0   0   0   0   0   0
    TTC   0   0   0   0   0   0 |     TCC   1   0   1   1   1   1 |     TAC   0   0   0   0   0   0 |     TGC   0   0   0   0   0   0
Leu TTA   0   0   0   0   0   0 |     TCA   1   1   1   1   1   1 | *** TAA   0   0   0   0   0   0 | *** TGA   0   0   0   0   0   0
    TTG   2   3   3   2   2   3 |     TCG   0   0   0   0   0   0 |     TAG   0   0   0   0   0   0 | Trp TGG   0   0   0   0   0   0
--------------------------------------------------------------------------------------------------------------------------------------
Leu CTT   1   1   0   0   1   0 | Pro CCT   1   1   1   1   1   1 | His CAT   0   0   0   0   0   0 | Arg CGT   0   0   0   0   0   0
    CTC   1   1   2   2   1   2 |     CCC   0   0   0   0   0   0 |     CAC   0   0   0   0   0   0 |     CGC   0   0   0   0   0   0
    CTA   0   0   0   0   0   0 |     CCA   4   4   4   4   4   4 | Gln CAA   0   0   0   0   0   0 |     CGA   1   1   1   1   1   1
    CTG   7   6   6   7   7   6 |     CCG   0   0   0   0   0   0 |     CAG   3   3   3   3   3   3 |     CGG   0   0   0   0   0   0
--------------------------------------------------------------------------------------------------------------------------------------
Ile ATT   0   0   0   0   0   0 | Thr ACT   0   0   0   0   0   0 | Asn AAT   0   0   0   0   0   0 | Ser AGT   0   0   0   0   0   0
    ATC   0   0   0   0   0   0 |     ACC   0   1   0   0   0   0 |     AAC   1   1   1   1   1   1 |     AGC   0   0   0   0   0   0
    ATA   0   0   0   0   0   0 |     ACA   3   2   2   2   2   2 | Lys AAA   1   1   1   1   1   1 | Arg AGA   0   0   0   0   0   0
Met ATG   0   0   0   0   0   0 |     ACG   0   1   1   1   1   1 |     AAG   1   1   1   1   1   1 |     AGG   0   0   0   0   0   0
--------------------------------------------------------------------------------------------------------------------------------------
Val GTT   1   1   1   1   1   1 | Ala GCT   0   0   0   0   0   0 | Asp GAT   0   0   0   0   0   0 | Gly GGT   1   1   1   1   1   1
    GTC   1   1   1   1   1   1 |     GCC   0   0   0   0   0   0 |     GAC   0   0   0   0   0   0 |     GGC   0   0   1   0   0   0
    GTA   0   0   0   0   0   0 |     GCA   1   1   1   1   1   1 | Glu GAA   0   0   0   0   0   0 |     GGA   2   2   2   2   2   2
    GTG   3   3   3   3   3   3 |     GCG   0   0   0   0   0   0 |     GAG   3   3   3   3   3   3 |     GGG   3   3   2   3   3   3
--------------------------------------------------------------------------------------------------------------------------------------

--------------------------------------------------------------------------------------------------------------------------------------
Phe TTT   0   0   0   0   0   0 | Ser TCT   1   1   1   1   1   1 | Tyr TAT   0   0   0   0   0   0 | Cys TGT   0   0   0   0   0   0
    TTC   0   0   0   0   0   0 |     TCC   1   1   1   1   0   1 |     TAC   0   0   0   0   0   0 |     TGC   0   0   0   0   0   0
Leu TTA   0   0   0   0   0   0 |     TCA   1   1   1   1   1   1 | *** TAA   0   0   0   0   0   0 | *** TGA   0   0   0   0   0   0
    TTG   3   3   2   2   2   1 |     TCG   0   0   0   0   0   0 |     TAG   0   0   0   0   0   0 | Trp TGG   0   0   0   0   0   0
--------------------------------------------------------------------------------------------------------------------------------------
Leu CTT   1   0   1   0   1   0 | Pro CCT   1   1   1   1   1   1 | His CAT   0   0   0   0   0   0 | Arg CGT   0   0   0   0   0   0
    CTC   1   1   1   2   1   2 |     CCC   0   0   0   0   0   0 |     CAC   0   0   0   0   0   0 |     CGC   0   0   0   0   0   0
    CTA   0   0   0   0   0   1 |     CCA   4   4   4   4   4   4 | Gln CAA   0   0   0   1   0   0 |     CGA   1   1   1   0   1   1
    CTG   6   6   7   7   7   7 |     CCG   0   0   0   0   0   0 |     CAG   3   3   3   3   3   3 |     CGG   0   0   0   0   0   0
--------------------------------------------------------------------------------------------------------------------------------------
Ile ATT   0   0   0   0   0   0 | Thr ACT   0   0   0   0   0   0 | Asn AAT   0   0   0   0   0   0 | Ser AGT   0   0   0   0   0   0
    ATC   0   0   0   0   0   0 |     ACC   0   0   0   0   0   0 |     AAC   1   1   1   1   1   1 |     AGC   0   0   0   0   0   0
    ATA   0   0   0   0   0   0 |     ACA   2   2   2   2   2   2 | Lys AAA   1   1   1   1   1   1 | Arg AGA   0   0   0   0   0   0
Met ATG   0   0   0   0   0   0 |     ACG   1   1   1   1   1   1 |     AAG   1   1   1   1   1   1 |     AGG   0   0   0   0   0   0
--------------------------------------------------------------------------------------------------------------------------------------
Val GTT   1   1   1   1   1   1 | Ala GCT   0   0   0   0   0   0 | Asp GAT   0   0   0   0   0   0 | Gly GGT   1   1   1   1   1   1
    GTC   1   2   1   2   1   1 |     GCC   0   0   0   0   1   0 |     GAC   0   0   0   0   0   0 |     GGC   0   0   0   0   0   0
    GTA   0   0   0   0   0   0 |     GCA   1   1   1   1   1   1 | Glu GAA   0   0   0   0   0   0 |     GGA   2   2   2   2   2   2
    GTG   3   3   3   2   3   3 |     GCG   0   0   0   0   0   0 |     GAG   3   3   3   3   3   2 |     GGG   3   3   3   3   3   4
--------------------------------------------------------------------------------------------------------------------------------------

--------------------------------------------------------------------------------------------------------------------------------------
Phe TTT   0   0   0   0   0   0 | Ser TCT   1   1   1   1   1   1 | Tyr TAT   0   0   0   0   0   0 | Cys TGT   0   0   0   0   0   0
    TTC   0   0   0   0   0   0 |     TCC   1   1   1   1   1   1 |     TAC   0   0   0   0   0   0 |     TGC   0   0   0   0   0   0
Leu TTA   0   0   0   0   0   0 |     TCA   1   1   1   1   1   1 | *** TAA   0   0   0   0   0   0 | *** TGA   0   0   0   0   0   0
    TTG   2   1   2   2   3   2 |     TCG   0   1   0   0   0   0 |     TAG   0   0   0   0   0   0 | Trp TGG   0   0   0   0   0   0
--------------------------------------------------------------------------------------------------------------------------------------
Leu CTT   0   1   0   0   0   0 | Pro CCT   1   1   1   1   1   1 | His CAT   0   0   0   0   0   0 | Arg CGT   0   0   0   0   0   0
    CTC   2   1   2   2   1   2 |     CCC   0   0   0   0   0   0 |     CAC   1   0   0   0   0   0 |     CGC   0   0   0   0   0   0
    CTA   1   0   0   0   0   0 |     CCA   4   4   4   4   4   4 | Gln CAA   0   0   0   0   0   0 |     CGA   1   1   1   1   1   1
    CTG   6   7   6   7   6   7 |     CCG   0   0   0   0   0   0 |     CAG   2   3   3   3   3   3 |     CGG   0   0   0   0   0   0
--------------------------------------------------------------------------------------------------------------------------------------
Ile ATT   0   0   0   0   0   0 | Thr ACT   0   0   0   0   0   0 | Asn AAT   0   0   0   0   0   0 | Ser AGT   0   0   0   0   0   0
    ATC   0   0   0   0   0   0 |     ACC   0   0   0   0   0   0 |     AAC   1   1   1   1   1   1 |     AGC   0   0   0   0   0   0
    ATA   0   0   0   0   0   0 |     ACA   3   3   2   2   2   2 | Lys AAA   1   1   1   1   1   1 | Arg AGA   0   0   0   0   0   0
Met ATG   0   0   0   0   0   0 |     ACG   0   0   1   1   1   1 |     AAG   1   1   1   1   1   1 |     AGG   0   0   0   0   0   0
--------------------------------------------------------------------------------------------------------------------------------------
Val GTT   1   1   1   1   1   1 | Ala GCT   0   0   0   0   0   0 | Asp GAT   0   0   0   0   0   0 | Gly GGT   1   1   1   1   1   1
    GTC   1   1   1   1   2   1 |     GCC   0   0   0   0   0   0 |     GAC   0   0   0   0   0   0 |     GGC   0   0   0   0   0   0
    GTA   1   0   0   0   0   0 |     GCA   1   1   1   1   1   1 | Glu GAA   0   0   0   0   0   0 |     GGA   2   2   2   2   2   2
    GTG   2   3   4   3   3   3 |     GCG   0   0   0   0   0   0 |     GAG   3   3   3   3   3   3 |     GGG   3   3   3   3   3   3
--------------------------------------------------------------------------------------------------------------------------------------

--------------------------------------------------------------------------------------------------------------------------------------
Phe TTT   0   0   0   0   0   0 | Ser TCT   1   0   1   1   1   1 | Tyr TAT   0   0   0   0   0   0 | Cys TGT   0   0   0   0   0   0
    TTC   0   0   0   0   0   0 |     TCC   1   1   1   1   0   1 |     TAC   0   0   0   0   0   0 |     TGC   0   0   0   0   0   0
Leu TTA   0   0   0   0   0   0 |     TCA   1   1   1   1   1   1 | *** TAA   0   0   0   0   0   0 | *** TGA   0   0   0   0   0   0
    TTG   2   2   2   2   3   3 |     TCG   0   0   0   0   0   0 |     TAG   0   0   0   0   0   0 | Trp TGG   0   0   0   0   0   0
--------------------------------------------------------------------------------------------------------------------------------------
Leu CTT   1   0   1   1   0   0 | Pro CCT   1   1   1   1   1   1 | His CAT   0   0   0   0   0   0 | Arg CGT   0   0   0   0   0   0
    CTC   1   2   1   1   2   2 |     CCC   0   0   0   0   0   0 |     CAC   0   0   0   0   0   0 |     CGC   0   0   0   0   0   0
    CTA   0   0   0   0   0   0 |     CCA   4   4   4   4   4   4 | Gln CAA   0   0   0   0   0   0 |     CGA   1   1   1   1   1   1
    CTG   7   7   7   7   6   6 |     CCG   0   0   0   0   0   0 |     CAG   3   3   3   3   3   3 |     CGG   0   0   0   0   0   0
--------------------------------------------------------------------------------------------------------------------------------------
Ile ATT   0   0   0   0   0   0 | Thr ACT   0   0   0   0   0   0 | Asn AAT   0   0   0   0   0   0 | Ser AGT   0   0   0   0   0   0
    ATC   0   0   0   0   0   0 |     ACC   0   0   0   0   1   0 |     AAC   1   1   1   1   1   1 |     AGC   0   0   0   0   0   0
    ATA   0   0   0   0   0   0 |     ACA   2   2   2   2   2   2 | Lys AAA   1   1   1   1   1   1 | Arg AGA   0   0   0   0   0   0
Met ATG   0   0   0   0   0   0 |     ACG   1   1   1   1   1   1 |     AAG   1   1   1   1   1   1 |     AGG   0   0   0   0   0   0
--------------------------------------------------------------------------------------------------------------------------------------
Val GTT   1   1   1   1   1   1 | Ala GCT   0   1   0   0   0   0 | Asp GAT   0   0   0   0   0   0 | Gly GGT   1   0   1   1   1   1
    GTC   1   1   1   1   1   1 |     GCC   0   0   0   0   0   0 |     GAC   0   0   0   0   0   0 |     GGC   0   1   0   0   0   0
    GTA   0   0   0   0   0   0 |     GCA   1   1   1   1   1   1 | Glu GAA   0   1   0   0   0   0 |     GGA   2   2   2   2   2   2
    GTG   3   4   3   3   3   3 |     GCG   0   0   1   0   0   0 |     GAG   3   1   3   3   3   3 |     GGG   3   3   2   3   3   3
--------------------------------------------------------------------------------------------------------------------------------------

Codon position x base (3x4) table for each sequence.

#1: Argali         
position  1:    T:0.11364    C:0.40909    A:0.13636    G:0.34091
position  2:    T:0.36364    C:0.27273    A:0.20455    G:0.15909
position  3:    T:0.11364    C:0.09091    A:0.29545    G:0.50000
Average         T:0.19697    C:0.25758    A:0.21212    G:0.33333

#2: LesserMouseDeer
position  1:    T:0.11364    C:0.40909    A:0.13636    G:0.34091
position  2:    T:0.36364    C:0.27273    A:0.18182    G:0.18182
position  3:    T:0.09091    C:0.13636    A:0.29545    G:0.47727
Average         T:0.18939    C:0.27273    A:0.20455    G:0.33333

#3: LesserKudu     
position  1:    T:0.11364    C:0.40909    A:0.13636    G:0.34091
position  2:    T:0.36364    C:0.27273    A:0.20455    G:0.15909
position  3:    T:0.09091    C:0.11364    A:0.27273    G:0.52273
Average         T:0.18939    C:0.26515    A:0.20455    G:0.34091

#4: ForestMuskDeer2
position  1:    T:0.11364    C:0.40909    A:0.13636    G:0.34091
position  2:    T:0.36364    C:0.27273    A:0.20455    G:0.15909
position  3:    T:0.11364    C:0.09091    A:0.27273    G:0.52273
Average         T:0.19697    C:0.25758    A:0.20455    G:0.34091

#5: Camel          
position  1:    T:0.11364    C:0.38636    A:0.15909    G:0.34091
position  2:    T:0.36364    C:0.27273    A:0.20455    G:0.15909
position  3:    T:0.09091    C:0.13636    A:0.25000    G:0.52273
Average         T:0.18939    C:0.26515    A:0.20455    G:0.34091

#6: KillerWhale    
position  1:    T:0.11364    C:0.40909    A:0.13636    G:0.34091
position  2:    T:0.38636    C:0.27273    A:0.15909    G:0.18182
position  3:    T:0.06818    C:0.18182    A:0.25000    G:0.50000
Average         T:0.18939    C:0.28788    A:0.18182    G:0.34091

#7: DefassaWaterbuck
position  1:    T:0.11364    C:0.40909    A:0.13636    G:0.34091
position  2:    T:0.36364    C:0.27273    A:0.20455    G:0.15909
position  3:    T:0.09091    C:0.11364    A:0.29545    G:0.50000
Average         T:0.18939    C:0.26515    A:0.21212    G:0.33333

#8: Sheep          
position  1:    T:0.11364    C:0.40909    A:0.13636    G:0.34091
position  2:    T:0.36364    C:0.27273    A:0.20455    G:0.15909
position  3:    T:0.11364    C:0.09091    A:0.29545    G:0.50000
Average         T:0.19697    C:0.25758    A:0.21212    G:0.33333

#9: MaxwellsDuiker 
position  1:    T:0.11364    C:0.40909    A:0.13636    G:0.34091
position  2:    T:0.36364    C:0.27273    A:0.20455    G:0.15909
position  3:    T:0.11364    C:0.09091    A:0.27273    G:0.52273
Average         T:0.19697    C:0.25758    A:0.20455    G:0.34091

#10: GazellaPrzewalskyi
position  1:    T:0.11364    C:0.40909    A:0.13636    G:0.34091
position  2:    T:0.36364    C:0.27273    A:0.20455    G:0.15909
position  3:    T:0.11364    C:0.09091    A:0.27273    G:0.52273
Average         T:0.19697    C:0.25758    A:0.20455    G:0.34091

#11: MountainNyala  
position  1:    T:0.11364    C:0.38636    A:0.15909    G:0.34091
position  2:    T:0.36364    C:0.27273    A:0.20455    G:0.15909
position  3:    T:0.09091    C:0.11364    A:0.27273    G:0.52273
Average         T:0.18939    C:0.25758    A:0.21212    G:0.34091

#12: MuntiacusMuntjak
position  1:    T:0.11364    C:0.38636    A:0.13636    G:0.36364
position  2:    T:0.36364    C:0.27273    A:0.20455    G:0.15909
position  3:    T:0.09091    C:0.11364    A:0.27273    G:0.52273
Average         T:0.18939    C:0.25758    A:0.20455    G:0.34848

#13: goat           
position  1:    T:0.11364    C:0.40909    A:0.13636    G:0.34091
position  2:    T:0.36364    C:0.27273    A:0.20455    G:0.15909
position  3:    T:0.11364    C:0.09091    A:0.27273    G:0.52273
Average         T:0.19697    C:0.25758    A:0.20455    G:0.34091

#14: AfricanBuffalo 
position  1:    T:0.13636    C:0.38636    A:0.13636    G:0.34091
position  2:    T:0.36364    C:0.27273    A:0.20455    G:0.15909
position  3:    T:0.09091    C:0.11364    A:0.27273    G:0.52273
Average         T:0.19697    C:0.25758    A:0.20455    G:0.34091

#15: Topi           
position  1:    T:0.13636    C:0.38636    A:0.13636    G:0.34091
position  2:    T:0.36364    C:0.27273    A:0.20455    G:0.15909
position  3:    T:0.09091    C:0.11364    A:0.27273    G:0.52273
Average         T:0.19697    C:0.25758    A:0.20455    G:0.34091

#16: CommonDuiker   
position  1:    T:0.11364    C:0.40909    A:0.15909    G:0.31818
position  2:    T:0.36364    C:0.27273    A:0.20455    G:0.15909
position  3:    T:0.09091    C:0.11364    A:0.29545    G:0.50000
Average         T:0.18939    C:0.26515    A:0.21970    G:0.32576

#17: Suni           
position  1:    T:0.11364    C:0.40909    A:0.13636    G:0.34091
position  2:    T:0.38636    C:0.27273    A:0.18182    G:0.15909
position  3:    T:0.09091    C:0.11364    A:0.27273    G:0.52273
Average         T:0.19697    C:0.26515    A:0.19697    G:0.34091

#18: Springbuck     
position  1:    T:0.11364    C:0.40909    A:0.13636    G:0.34091
position  2:    T:0.36364    C:0.27273    A:0.20455    G:0.15909
position  3:    T:0.11364    C:0.09091    A:0.27273    G:0.52273
Average         T:0.19697    C:0.25758    A:0.20455    G:0.34091

#19: Okapi          
position  1:    T:0.11364    C:0.40909    A:0.15909    G:0.31818
position  2:    T:0.36364    C:0.27273    A:0.20455    G:0.15909
position  3:    T:0.09091    C:0.11364    A:0.27273    G:0.52273
Average         T:0.18939    C:0.26515    A:0.21212    G:0.33333

#20: Giraffe        
position  1:    T:0.11364    C:0.40909    A:0.13636    G:0.34091
position  2:    T:0.36364    C:0.27273    A:0.20455    G:0.15909
position  3:    T:0.09091    C:0.11364    A:0.25000    G:0.54545
Average         T:0.18939    C:0.26515    A:0.19697    G:0.34848

#21: TibetanAntelope
position  1:    T:0.11364    C:0.40909    A:0.13636    G:0.34091
position  2:    T:0.36364    C:0.27273    A:0.20455    G:0.15909
position  3:    T:0.09091    C:0.11364    A:0.27273    G:0.52273
Average         T:0.18939    C:0.26515    A:0.20455    G:0.34091

#22: Sitatunga      
position  1:    T:0.11364    C:0.38636    A:0.15909    G:0.34091
position  2:    T:0.36364    C:0.27273    A:0.20455    G:0.15909
position  3:    T:0.09091    C:0.11364    A:0.27273    G:0.52273
Average         T:0.18939    C:0.25758    A:0.21212    G:0.34091

#23: Oribi          
position  1:    T:0.11364    C:0.40909    A:0.13636    G:0.34091
position  2:    T:0.36364    C:0.27273    A:0.20455    G:0.15909
position  3:    T:0.11364    C:0.09091    A:0.27273    G:0.52273
Average         T:0.19697    C:0.25758    A:0.20455    G:0.34091

#24: BarbarySheep   
position  1:    T:0.11364    C:0.40909    A:0.13636    G:0.34091
position  2:    T:0.36364    C:0.27273    A:0.20455    G:0.15909
position  3:    T:0.11364    C:0.09091    A:0.27273    G:0.52273
Average         T:0.19697    C:0.25758    A:0.20455    G:0.34091

#25: Daviddeer      
position  1:    T:0.11364    C:0.40909    A:0.13636    G:0.34091
position  2:    T:0.36364    C:0.27273    A:0.20455    G:0.15909
position  3:    T:0.09091    C:0.13636    A:0.34091    G:0.43182
Average         T:0.18939    C:0.27273    A:0.22727    G:0.31061

#26: Reindeer       
position  1:    T:0.09091    C:0.43182    A:0.13636    G:0.34091
position  2:    T:0.36364    C:0.27273    A:0.20455    G:0.15909
position  3:    T:0.09091    C:0.11364    A:0.27273    G:0.52273
Average         T:0.18182    C:0.27273    A:0.20455    G:0.34091

#27: Ibex           
position  1:    T:0.11364    C:0.40909    A:0.13636    G:0.34091
position  2:    T:0.36364    C:0.27273    A:0.20455    G:0.15909
position  3:    T:0.11364    C:0.09091    A:0.27273    G:0.52273
Average         T:0.19697    C:0.25758    A:0.20455    G:0.34091

#28: GyrantGazelle  
position  1:    T:0.11364    C:0.40909    A:0.13636    G:0.34091
position  2:    T:0.34091    C:0.29545    A:0.20455    G:0.15909
position  3:    T:0.11364    C:0.09091    A:0.29545    G:0.50000
Average         T:0.18939    C:0.26515    A:0.21212    G:0.33333

#29: Hartebeest     
position  1:    T:0.13636    C:0.38636    A:0.13636    G:0.34091
position  2:    T:0.36364    C:0.27273    A:0.20455    G:0.15909
position  3:    T:0.09091    C:0.11364    A:0.27273    G:0.52273
Average         T:0.19697    C:0.25758    A:0.20455    G:0.34091

#30: Bongo          
position  1:    T:0.11364    C:0.38636    A:0.15909    G:0.34091
position  2:    T:0.36364    C:0.27273    A:0.20455    G:0.15909
position  3:    T:0.09091    C:0.11364    A:0.27273    G:0.52273
Average         T:0.18939    C:0.25758    A:0.21212    G:0.34091

#31: Gerenuk        
position  1:    T:0.11364    C:0.40909    A:0.13636    G:0.34091
position  2:    T:0.36364    C:0.27273    A:0.20455    G:0.15909
position  3:    T:0.11364    C:0.09091    A:0.29545    G:0.50000
Average         T:0.19697    C:0.25758    A:0.21212    G:0.33333

#32: CommonEland    
position  1:    T:0.11364    C:0.38636    A:0.15909    G:0.34091
position  2:    T:0.36364    C:0.27273    A:0.20455    G:0.15909
position  3:    T:0.11364    C:0.09091    A:0.27273    G:0.52273
Average         T:0.19697    C:0.25000    A:0.21212    G:0.34091

#33: MuntiacusReevesi
position  1:    T:0.13636    C:0.38636    A:0.13636    G:0.34091
position  2:    T:0.36364    C:0.27273    A:0.20455    G:0.15909
position  3:    T:0.09091    C:0.13636    A:0.27273    G:0.50000
Average         T:0.19697    C:0.26515    A:0.20455    G:0.33333

#34: HarveysDuiker  
position  1:    T:0.11364    C:0.40909    A:0.13636    G:0.34091
position  2:    T:0.36364    C:0.27273    A:0.20455    G:0.15909
position  3:    T:0.09091    C:0.11364    A:0.27273    G:0.52273
Average         T:0.18939    C:0.26515    A:0.20455    G:0.34091

#35: Pronghorn      
position  1:    T:0.11364    C:0.40909    A:0.13636    G:0.34091
position  2:    T:0.36364    C:0.27273    A:0.20455    G:0.15909
position  3:    T:0.11364    C:0.09091    A:0.27273    G:0.52273
Average         T:0.19697    C:0.25758    A:0.20455    G:0.34091

#36: BlueWildebeest 
position  1:    T:0.13636    C:0.38636    A:0.13636    G:0.34091
position  2:    T:0.36364    C:0.27273    A:0.20455    G:0.15909
position  3:    T:0.09091    C:0.11364    A:0.27273    G:0.52273
Average         T:0.19697    C:0.25758    A:0.20455    G:0.34091

#37: Gemsbok        
position  1:    T:0.13636    C:0.38636    A:0.13636    G:0.34091
position  2:    T:0.36364    C:0.27273    A:0.20455    G:0.15909
position  3:    T:0.11364    C:0.09091    A:0.27273    G:0.52273
Average         T:0.20455    C:0.25000    A:0.20455    G:0.34091

#38: Yak            
position  1:    T:0.13636    C:0.36364    A:0.13636    G:0.36364
position  2:    T:0.36364    C:0.27273    A:0.20455    G:0.15909
position  3:    T:0.09091    C:0.11364    A:0.27273    G:0.52273
Average         T:0.19697    C:0.25000    A:0.20455    G:0.34848

#39: BlueSheep      
position  1:    T:0.11364    C:0.40909    A:0.13636    G:0.34091
position  2:    T:0.36364    C:0.27273    A:0.20455    G:0.15909
position  3:    T:0.11364    C:0.09091    A:0.27273    G:0.52273
Average         T:0.19697    C:0.25758    A:0.20455    G:0.34091

#40: BohorReedbuck  
position  1:    T:0.11364    C:0.40909    A:0.13636    G:0.34091
position  2:    T:0.36364    C:0.27273    A:0.22727    G:0.13636
position  3:    T:0.09091    C:0.13636    A:0.27273    G:0.50000
Average         T:0.18939    C:0.27273    A:0.21212    G:0.32576

#41: KirksDik       
position  1:    T:0.09091    C:0.40909    A:0.13636    G:0.36364
position  2:    T:0.36364    C:0.27273    A:0.20455    G:0.15909
position  3:    T:0.11364    C:0.09091    A:0.27273    G:0.52273
Average         T:0.18939    C:0.25758    A:0.20455    G:0.34848

#42: RoeDeer        
position  1:    T:0.09091    C:0.43182    A:0.13636    G:0.34091
position  2:    T:0.36364    C:0.27273    A:0.18182    G:0.18182
position  3:    T:0.09091    C:0.11364    A:0.29545    G:0.50000
Average         T:0.18182    C:0.27273    A:0.20455    G:0.34091

#43: WhiteLippedDeer
position  1:    T:0.11364    C:0.40909    A:0.13636    G:0.34091
position  2:    T:0.36364    C:0.27273    A:0.20455    G:0.15909
position  3:    T:0.09091    C:0.13636    A:0.34091    G:0.43182
Average         T:0.18939    C:0.27273    A:0.22727    G:0.31061

#44: ThomsonGazelle 
position  1:    T:0.11364    C:0.40909    A:0.13636    G:0.34091
position  2:    T:0.34091    C:0.29545    A:0.20455    G:0.15909
position  3:    T:0.11364    C:0.09091    A:0.29545    G:0.50000
Average         T:0.18939    C:0.26515    A:0.21212    G:0.33333

#45: MuntiacusCrinifrons
position  1:    T:0.11364    C:0.38636    A:0.13636    G:0.36364
position  2:    T:0.36364    C:0.27273    A:0.20455    G:0.15909
position  3:    T:0.09091    C:0.11364    A:0.27273    G:0.52273
Average         T:0.18939    C:0.25758    A:0.20455    G:0.34848

#46: WhiteTailedDeer
position  1:    T:0.11364    C:0.40909    A:0.13636    G:0.34091
position  2:    T:0.36364    C:0.27273    A:0.20455    G:0.15909
position  3:    T:0.09091    C:0.11364    A:0.27273    G:0.52273
Average         T:0.18939    C:0.26515    A:0.20455    G:0.34091

#47: Cattle         
position  1:    T:0.13636    C:0.36364    A:0.13636    G:0.36364
position  2:    T:0.36364    C:0.27273    A:0.20455    G:0.15909
position  3:    T:0.09091    C:0.11364    A:0.27273    G:0.52273
Average         T:0.19697    C:0.25000    A:0.20455    G:0.34848

#48: RoyalAntelope  
position  1:    T:0.11364    C:0.40909    A:0.13636    G:0.34091
position  2:    T:0.36364    C:0.27273    A:0.20455    G:0.15909
position  3:    T:0.09091    C:0.11364    A:0.27273    G:0.52273
Average         T:0.18939    C:0.26515    A:0.20455    G:0.34091

#49: Steenbok       
position  1:    T:0.11364    C:0.40909    A:0.13636    G:0.34091
position  2:    T:0.36364    C:0.27273    A:0.20455    G:0.15909
position  3:    T:0.11364    C:0.09091    A:0.27273    G:0.52273
Average         T:0.19697    C:0.25758    A:0.20455    G:0.34091

#50: Impala         
position  1:    T:0.09091    C:0.40909    A:0.13636    G:0.36364
position  2:    T:0.38636    C:0.27273    A:0.18182    G:0.15909
position  3:    T:0.06818    C:0.13636    A:0.29545    G:0.50000
Average         T:0.18182    C:0.27273    A:0.20455    G:0.34091

#51: Klipspringer   
position  1:    T:0.11364    C:0.40909    A:0.13636    G:0.34091
position  2:    T:0.36364    C:0.29545    A:0.20455    G:0.13636
