CODONML (in paml version 4.10.7, June 2023)  /home/rachel/ruminants_paml/6406-phy-tree/ENSBTAT00000023743.fasta.phy
Model: free dN/dS Ratios for branches,  kappa = 2.000 fixed

Codon frequency model: F3x4
ns =  54  ls =  22

Codon usage in sequences
--------------------------------------------------------------------------------------------------------------------------------------
Phe TTT   0   0   1   0   0   0 | Ser TCT   2   2   1   2   2   2 | Tyr TAT   0   0   0   0   1   0 | Cys TGT   0   0   0   0   0   0
    TTC   1   1   1   1   1   1 |     TCC   0   0   0   0   0   0 |     TAC   1   1   1   1   0   1 |     TGC   0   0   0   0   0   0
Leu TTA   0   0   0   0   0   0 |     TCA   1   1   1   1   1   1 | *** TAA   0   0   0   0   0   0 | *** TGA   0   0   0   0   0   0
    TTG   0   0   0   0   0   0 |     TCG   0   0   0   0   0   0 |     TAG   0   0   0   0   0   0 | Trp TGG   0   0   0   0   0   0
--------------------------------------------------------------------------------------------------------------------------------------
Leu CTT   0   0   0   0   0   0 | Pro CCT   0   0   0   0   0   0 | His CAT   0   0   0   0   0   0 | Arg CGT   0   0   0   0   0   1
    CTC   0   0   0   0   0   0 |     CCC   0   0   0   0   0   0 |     CAC   0   0   0   0   0   0 |     CGC   0   0   0   0   0   0
    CTA   1   0   1   1   1   2 |     CCA   1   2   1   1   1   1 | Gln CAA   1   0   1   1   1   1 |     CGA   0   0   0   0   0   0
    CTG   0   0   0   0   0   0 |     CCG   0   0   0   0   0   0 |     CAG   0   1   0   0   0   0 |     CGG   0   0   0   0   0   0
--------------------------------------------------------------------------------------------------------------------------------------
Ile ATT   0   0   0   0   1   0 | Thr ACT   0   0   0   0   0   0 | Asn AAT   2   1   1   1   0   0 | Ser AGT   0   1   1   1   2   1
    ATC   0   1   0   0   0   1 |     ACC   0   0   0   0   0   0 |     AAC   0   0   0   0   0   0 |     AGC   0   0   0   0   0   0
    ATA   1   0   1   1   0   0 |     ACA   0   0   0   0   0   0 | Lys AAA   0   0   0   0   0   0 | Arg AGA   0   0   0   0   0   0
Met ATG   0   0   0   0   0   0 |     ACG   0   0   0   0   0   0 |     AAG   0   0   0   0   0   0 |     AGG   0   0   0   0   0   0
--------------------------------------------------------------------------------------------------------------------------------------
Val GTT   0   0   0   0   0   0 | Ala GCT   0   0   0   0   0   0 | Asp GAT   0   0   0   0   0   0 | Gly GGT   1   0   1   1   0   0
    GTC   0   0   0   0   0   0 |     GCC   0   0   0   0   0   0 |     GAC   0   0   1   0   0   0 |     GGC   1   2   0   1   2   2
    GTA   1   1   1   1   1   0 |     GCA   0   0   0   0   0   0 | Glu GAA   6   5   5   5   5   5 |     GGA   2   3   3   3   3   3
    GTG   0   0   0   0   0   0 |     GCG   0   0   0   0   0   0 |     GAG   0   0   0   0   0   0 |     GGG   0   0   0   0   0   0
--------------------------------------------------------------------------------------------------------------------------------------

--------------------------------------------------------------------------------------------------------------------------------------
Phe TTT   0   0   0   0   0   0 | Ser TCT   2   2   2   2   1   2 | Tyr TAT   0   0   0   0   0   0 | Cys TGT   0   0   0   0   0   0
    TTC   1   1   1   1   2   1 |     TCC   0   0   0   0   0   0 |     TAC   1   1   1   1   1   1 |     TGC   0   0   0   0   0   0
Leu TTA   0   0   0   0   0   0 |     TCA   1   1   1   1   1   1 | *** TAA   0   0   0   0   0   0 | *** TGA   0   0   0   0   0   0
    TTG   0   0   0   0   0   0 |     TCG   0   0   0   0   0   0 |     TAG   0   0   0   0   0   0 | Trp TGG   0   0   0   0   0   0
--------------------------------------------------------------------------------------------------------------------------------------
Leu CTT   0   0   0   0   0   0 | Pro CCT   0   0   0   0   0   0 | His CAT   0   0   0   0   0   0 | Arg CGT   0   0   0   0   0   0
    CTC   0   0   0   0   0   0 |     CCC   0   0   0   0   0   0 |     CAC   0   0   0   0   0   0 |     CGC   0   0   0   0   0   0
    CTA   1   1   1   1   0   1 |     CCA   1   1   1   1   1   1 | Gln CAA   1   1   1   0   1   1 |     CGA   0   0   0   0   0   0
    CTG   0   0   0   0   1   0 |     CCG   0   0   0   0   0   0 |     CAG   0   0   0   0   0   0 |     CGG   0   0   0   0   0   0
--------------------------------------------------------------------------------------------------------------------------------------
Ile ATT   0   0   0   0   0   0 | Thr ACT   0   0   0   0   0   0 | Asn AAT   1   2   1   1   1   1 | Ser AGT   1   0   1   1   1   1
    ATC   0   0   0   0   0   0 |     ACC   0   0   0   0   0   0 |     AAC   0   0   0   0   0   0 |     AGC   0   0   0   0   0   0
    ATA   1   1   1   1   1   1 |     ACA   0   0   0   0   0   0 | Lys AAA   0   0   0   0   0   0 | Arg AGA   0   0   0   0   0   0
Met ATG   0   0   0   0   0   0 |     ACG   0   0   0   0   0   0 |     AAG   0   0   0   0   0   0 |     AGG   0   0   0   0   0   0
--------------------------------------------------------------------------------------------------------------------------------------
Val GTT   0   0   0   0   0   0 | Ala GCT   0   0   0   0   0   0 | Asp GAT   0   0   0   0   1   0 | Gly GGT   1   1   1   1   0   0
    GTC   0   0   0   0   0   0 |     GCC   0   0   0   0   0   0 |     GAC   0   0   0   0   0   1 |     GGC   1   1   1   1   1   1
    GTA   1   1   1   1   1   1 |     GCA   0   0   0   0   0   0 | Glu GAA   5   6   5   5   6   4 |     GGA   3   2   3   4   2   4
    GTG   0   0   0   0   0   0 |     GCG   0   0   0   0   0   0 |     GAG   0   0   0   0   0   0 |     GGG   0   0   0   0   0   0
--------------------------------------------------------------------------------------------------------------------------------------

--------------------------------------------------------------------------------------------------------------------------------------
Phe TTT   0   0   0   0   0   0 | Ser TCT   2   2   2   2   1   2 | Tyr TAT   0   0   0   0   0   0 | Cys TGT   0   0   0   0   0   0
    TTC   1   1   1   1   1   1 |     TCC   0   0   0   0   0   0 |     TAC   1   1   1   1   1   1 |     TGC   0   0   0   0   0   0
Leu TTA   0   0   0   0   0   0 |     TCA   1   1   1   1   1   1 | *** TAA   0   0   0   0   0   0 | *** TGA   0   0   0   0   0   0
    TTG   0   0   0   0   0   0 |     TCG   0   0   0   0   0   0 |     TAG   0   0   0   0   0   0 | Trp TGG   0   0   0   0   0   0
--------------------------------------------------------------------------------------------------------------------------------------
Leu CTT   0   0   0   0   0   0 | Pro CCT   0   0   0   0   1   0 | His CAT   0   0   0   0   0   0 | Arg CGT   0   0   0   0   0   0
    CTC   0   0   0   0   0   0 |     CCC   0   0   0   0   0   0 |     CAC   0   0   0   0   0   0 |     CGC   0   0   0   0   0   0
    CTA   1   1   1   1   1   1 |     CCA   1   1   1   1   1   1 | Gln CAA   1   1   1   1   1   1 |     CGA   0   0   0   0   0   0
    CTG   0   0   0   0   0   0 |     CCG   0   0   0   0   0   0 |     CAG   0   0   0   0   0   0 |     CGG   0   0   0   0   0   0
--------------------------------------------------------------------------------------------------------------------------------------
Ile ATT   0   0   0   0   0   0 | Thr ACT   0   0   0   0   0   0 | Asn AAT   2   1   1   1   1   1 | Ser AGT   0   1   1   1   1   1
    ATC   0   0   0   0   0   0 |     ACC   0   0   0   0   0   0 |     AAC   0   0   0   0   0   0 |     AGC   0   0   0   0   0   0
    ATA   1   2   1   1   1   1 |     ACA   0   0   0   0   0   0 | Lys AAA   0   0   0   0   0   0 | Arg AGA   0   0   0   0   0   0
Met ATG   0   0   0   0   0   0 |     ACG   0   0   0   0   0   0 |     AAG   0   0   0   0   0   0 |     AGG   0   0   0   0   0   0
--------------------------------------------------------------------------------------------------------------------------------------
Val GTT   0   0   0   0   0   0 | Ala GCT   0   0   0   0   0   0 | Asp GAT   0   0   0   0   0   0 | Gly GGT   1   1   1   1   1   1
    GTC   0   0   0   0   0   0 |     GCC   0   0   0   0   0   0 |     GAC   0   0   0   1   0   0 |     GGC   1   1   1   0   1   1
    GTA   1   0   1   1   1   1 |     GCA   0   0   0   0   0   0 | Glu GAA   5   5   4   5   5   5 |     GGA   3   3   4   3   3   3
    GTG   0   0   0   0   0   0 |     GCG   0   0   0   0   0   0 |     GAG   0   0   0   0   0   0 |     GGG   0   0   0   0   0   0
--------------------------------------------------------------------------------------------------------------------------------------

--------------------------------------------------------------------------------------------------------------------------------------
Phe TTT   0   0   0   0   0   0 | Ser TCT   2   2   2   1   2   2 | Tyr TAT   0   0   0   0   0   0 | Cys TGT   0   0   0   0   0   0
    TTC   1   1   1   2   1   1 |     TCC   0   0   0   0   0   0 |     TAC   1   1   1   1   1   1 |     TGC   0   0   0   0   0   0
Leu TTA   0   0   0   0   0   0 |     TCA   1   1   1   1   1   1 | *** TAA   0   0   0   0   0   0 | *** TGA   0   0   0   0   0   0
    TTG   0   0   0   0   0   0 |     TCG   0   0   0   0   0   0 |     TAG   0   0   0   0   0   0 | Trp TGG   0   0   0   0   0   0
--------------------------------------------------------------------------------------------------------------------------------------
Leu CTT   0   0   0   0   0   0 | Pro CCT   0   0   0   0   0   0 | His CAT   0   0   0   0   0   0 | Arg CGT   0   0   0   0   0   0
    CTC   0   0   0   0   0   0 |     CCC   0   0   0   0   0   0 |     CAC   0   0   0   0   0   0 |     CGC   0   0   0   0   0   0
    CTA   1   1   1   0   1   1 |     CCA   1   1   1   1   1   1 | Gln CAA   1   1   1   1   1   1 |     CGA   0   0   0   0   0   0
    CTG   0   0   0   1   0   0 |     CCG   0   0   0   0   0   0 |     CAG   0   0   0   0   0   0 |     CGG   0   0   0   0   0   0
--------------------------------------------------------------------------------------------------------------------------------------
Ile ATT   0   0   0   0   0   0 | Thr ACT   0   0   0   0   0   0 | Asn AAT   1   1   1   1   1   2 | Ser AGT   1   1   1   1   1   0
    ATC   0   0   0   0   0   0 |     ACC   0   0   0   0   0   0 |     AAC   0   0   0   0   0   0 |     AGC   0   0   0   0   0   0
    ATA   1   1   1   1   1   1 |     ACA   0   0   0   0   0   0 | Lys AAA   0   0   0   0   0   0 | Arg AGA   0   0   0   0   0   0
Met ATG   0   0   0   0   0   0 |     ACG   0   0   0   0   0   0 |     AAG   0   0   0   0   0   0 |     AGG   0   0   0   0   0   0
--------------------------------------------------------------------------------------------------------------------------------------
Val GTT   0   0   0   0   0   0 | Ala GCT   0   0   0   0   0   0 | Asp GAT   0   0   0   1   0   0 | Gly GGT   1   1   1   0   1   1
    GTC   0   0   0   0   0   0 |     GCC   0   0   0   0   0   0 |     GAC   0   0   0   0   0   0 |     GGC   1   1   1   1   1   1
    GTA   1   1   1   1   1   1 |     GCA   0   0   0   0   0   0 | Glu GAA   5   5   5   6   5   5 |     GGA   3   3   3   2   3   3
    GTG   0   0   0   0   0   0 |     GCG   0   0   0   0   0   0 |     GAG   0   0   0   0   0   0 |     GGG   0   0   0   0   0   0
--------------------------------------------------------------------------------------------------------------------------------------

--------------------------------------------------------------------------------------------------------------------------------------
Phe TTT   0   0   0   0   0   0 | Ser TCT   2   2   2   2   2   1 | Tyr TAT   0   0   0   0   0   0 | Cys TGT   0   0   0   0   0   0
    TTC   1   1   1   1   1   2 |     TCC   0   0   0   0   0   0 |     TAC   1   1   1   1   1   1 |     TGC   0   0   0   0   0   0
Leu TTA   0   0   0   0   0   0 |     TCA   1   1   1   1   1   1 | *** TAA   0   0   0   0   0   0 | *** TGA   0   0   0   0   0   0
    TTG   0   0   0   0   0   0 |     TCG   0   0   0   0   0   0 |     TAG   0   0   0   0   0   0 | Trp TGG   0   0   0   0   0   0
--------------------------------------------------------------------------------------------------------------------------------------
Leu CTT   0   0   0   0   0   0 | Pro CCT   0   0   0   0   0   0 | His CAT   0   0   0   0   0   0 | Arg CGT   0   0   0   0   0   0
    CTC   0   0   0   0   0   0 |     CCC   0   0   0   0   0   0 |     CAC   0   0   0   0   0   0 |     CGC   0   0   0   0   0   0
    CTA   1   1   1   1   1   0 |     CCA   1   1   1   1   1   1 | Gln CAA   1   1   1   1   1   1 |     CGA   0   0   0   0   0   0
    CTG   0   0   0   0   0   1 |     CCG   0   0   0   0   0   0 |     CAG   0   0   0   0   0   0 |     CGG   0   0   0   0   0   0
--------------------------------------------------------------------------------------------------------------------------------------
Ile ATT   0   0   0   0   0   0 | Thr ACT   0   0   0   0   0   0 | Asn AAT   1   1   2   2   1   1 | Ser AGT   1   1   0   0   1   1
    ATC   0   0   0   0   0   0 |     ACC   0   0   0   0   0   0 |     AAC   0   0   0   0   0   0 |     AGC   0   0   0   0   0   0
    ATA   1   1   1   1   1   1 |     ACA   0   0   0   0   0   0 | Lys AAA   0   0   0   0   0   0 | Arg AGA   0   0   0   0   0   0
Met ATG   0   0   0   0   0   0 |     ACG   0   0   0   0   0   0 |     AAG   0   0   0   0   0   0 |     AGG   0   0   0   0   0   0
--------------------------------------------------------------------------------------------------------------------------------------
Val GTT   0   0   0   0   0   0 | Ala GCT   0   0   0   0   0   0 | Asp GAT   0   0   0   0   0   1 | Gly GGT   0   0   1   1   1   0
    GTC   0   0   0   0   0   0 |     GCC   0   0   0   0   0   0 |     GAC   1   1   0   0   0   0 |     GGC   1   1   1   1   1   1
    GTA   1   1   1   1   1   1 |     GCA   0   0   0   0   0   0 | Glu GAA   5   4   5   5   5   6 |     GGA   3   4   3   3   3   2
    GTG   0   0   0   0   0   0 |     GCG   0   0   0   0   0   0 |     GAG   0   0   0   0   0   0 |     GGG   0   0   0   0   0   0
--------------------------------------------------------------------------------------------------------------------------------------

--------------------------------------------------------------------------------------------------------------------------------------
Phe TTT   0   0   0   0   0   1 | Ser TCT   2   1   2   2   2   1 | Tyr TAT   0   0   0   0   0   0 | Cys TGT   0   0   0   0   0   0
    TTC   1   2   1   1   1   1 |     TCC   0   0   0   0   0   0 |     TAC   1   1   1   1   1   1 |     TGC   0   0   0   0   0   0
Leu TTA   0   0   0   0   0   0 |     TCA   1   1   1   1   1   1 | *** TAA   0   0   0   0   0   0 | *** TGA   0   0   0   0   0   0
    TTG   0   0   0   0   0   0 |     TCG   0   0   0   0   0   0 |     TAG   0   0   0   0   0   0 | Trp TGG   0   0   0   0   0   0
--------------------------------------------------------------------------------------------------------------------------------------
Leu CTT   0   0   0   0   0   0 | Pro CCT   0   0   0   0   0   0 | His CAT   0   0   0   0   0   0 | Arg CGT   0   0   0   0   0   0
    CTC   0   0   0   0   0   0 |     CCC   0   0   0   0   0   0 |     CAC   0   0   0   0   0   0 |     CGC   0   0   0   0   0   0
    CTA   1   0   1   1   1   1 |     CCA   1   1   1   1   1   1 | Gln CAA   1   1   1   1   1   1 |     CGA   0   0   0   0   0   0
    CTG   0   1   0   0   0   0 |     CCG   0   0   0   0   0   0 |     CAG   0   0   0   0   0   0 |     CGG   0   0   0   0   0   0
--------------------------------------------------------------------------------------------------------------------------------------
Ile ATT   0   0   0   0   0   0 | Thr ACT   0   0   0   0   0   0 | Asn AAT   1   1   1   1   0   1 | Ser AGT   1   1   1   1   1   1
    ATC   0   0   0   0   0   0 |     ACC   0   0   0   0   0   0 |     AAC   0   0   0   0   1   0 |     AGC   0   0   0   0   0   0
    ATA   1   1   1   1   1   1 |     ACA   0   0   0   0   0   0 | Lys AAA   0   0   0   0   0   0 | Arg AGA   0   0   0   0   0   0
Met ATG   0   0   0   0   0   0 |     ACG   0   0   0   0   0   0 |     AAG   0   0   0   0   0   0 |     AGG   0   0   0   0   0   0
--------------------------------------------------------------------------------------------------------------------------------------
Val GTT   0   0   0   0   0   0 | Ala GCT   0   0   0   0   0   0 | Asp GAT   0   1   0   0   0   0 | Gly GGT   1   0   0   1   1   1
    GTC   0   0   0   0   0   0 |     GCC   0   0   0   0   0   0 |     GAC   0   0   1   1   0   0 |     GGC   1   1   1   0   1   1
    GTA   1   1   1   1   1   1 |     GCA   0   0   0   0   0   0 | Glu GAA   4   6   4   5   4   5 |     GGA   4   2   4   3   4   3
    GTG   0   0   0   0   0   0 |     GCG   0   0   0   0   0   0 |     GAG   0   0   0   0   0   0 |     GGG   0   0   0   0   0   0
--------------------------------------------------------------------------------------------------------------------------------------

--------------------------------------------------------------------------------------------------------------------------------------
Phe TTT   0   0   0   0   0   0 | Ser TCT   2   2   2   2   2   2 | Tyr TAT   0   0   0   0   0   0 | Cys TGT   0   0   0   0   0   0
    TTC   1   1   1   1   1   1 |     TCC   0   0   0   0   0   0 |     TAC   1   1   1   1   1   1 |     TGC   0   0   0   0   0   0
Leu TTA   0   0   0   0   0   0 |     TCA   1   1   1   1   1   1 | *** TAA   0   0   0   0   0   0 | *** TGA   0   0   0   0   0   0
    TTG   0   0   0   0   0   0 |     TCG   0   0   0   0   0   0 |     TAG   0   0   0   0   0   0 | Trp TGG   0   0   0   0   0   0
--------------------------------------------------------------------------------------------------------------------------------------
Leu CTT   0   0   0   0   0   0 | Pro CCT   0   0   0   0   0   0 | His CAT   0   0   0   0   0   0 | Arg CGT   0   0   0   0   0   0
    CTC   0   0   0   0   0   0 |     CCC   0   0   0   0   0   0 |     CAC   0   0   0   0   0   0 |     CGC   0   0   0   0   0   0
    CTA   1   1   1   1   1   1 |     CCA   1   1   1   1   1   1 | Gln CAA   1   1   1   1   1   1 |     CGA   0   0   0   0   0   0
    CTG   0   0   0   0   0   0 |     CCG   0   0   0   0   0   0 |     CAG   0   0   0   0   0   0 |     CGG   0   0   0   0   0   0
--------------------------------------------------------------------------------------------------------------------------------------
Ile ATT   0   0   0   0   0   0 | Thr ACT   0   0   0   0   0   0 | Asn AAT   2   1   2   1   1   1 | Ser AGT   0   1   0   1   1   1
    ATC   0   0   0   0   0   0 |     ACC   0   0   0   0   0   0 |     AAC   0   0   0   0   0   0 |     AGC   0   0   0   0   0   0
    ATA   1   1   1   1   1   1 |     ACA   0   0   0   0   0   0 | Lys AAA   0   0   0   0   0   0 | Arg AGA   0   0   0   0   0   0
Met ATG   0   0   0   0   0   0 |     ACG   0   0   0   0   0   0 |     AAG   0   0   0   0   0   0 |     AGG   0   0   0   0   0   0
--------------------------------------------------------------------------------------------------------------------------------------
Val GTT   0   0   0   0   0   0 | Ala GCT   0   0   0   0   0   0 | Asp GAT   0   0   0   0   0   0 | Gly GGT   1   1   1   1   1   0
    GTC   0   0   0   0   0   0 |     GCC   0   0   0   0   1   0 |     GAC   0   0   0   0   0   1 |     GGC   1   1   1   1   0   1
    GTA   1   1   1   1   1   1 |     GCA   0   0   0   0   0   0 | Glu GAA   5   5   5   5   6   4 |     GGA   3   3   3   3   2   4
    GTG   0   0   0   0   0   0 |     GCG   0   0   0   0   0   0 |     GAG   0   0   0   0   0   0 |     GGG   0   0   0   0   0   0
--------------------------------------------------------------------------------------------------------------------------------------

--------------------------------------------------------------------------------------------------------------------------------------
Phe TTT   0   0   0   0   0   0 | Ser TCT   2   2   2   2   2   2 | Tyr TAT   0   0   0   0   0   0 | Cys TGT   0   0   0   0   0   0
    TTC   1   1   1   1   1   1 |     TCC   0   0   0   0   0   0 |     TAC   1   1   1   1   1   1 |     TGC   0   0   0   0   0   0
Leu TTA   0   0   0   0   0   0 |     TCA   0   1   1   1   1   1 | *** TAA   0   0   0   0   0   0 | *** TGA   0   0   0   0   0   0
    TTG   0   0   0   0   0   0 |     TCG   1   0   0   0   0   0 |     TAG   0   0   0   0   0   0 | Trp TGG   0   0   0   0   0   0
--------------------------------------------------------------------------------------------------------------------------------------
Leu CTT   0   0   0   0   0   0 | Pro CCT   0   0   0   0   0   0 | His CAT   0   0   0   0   0   0 | Arg CGT   0   0   0   0   0   0
    CTC   0   0   0   0   0   0 |     CCC   0   0   0   0   0   0 |     CAC   0   0   0   0   0   0 |     CGC   0   0   0   0   0   0
    CTA   1   1   1   1   1   1 |     CCA   0   1   1   1   1   1 | Gln CAA   1   1   1   1   1   1 |     CGA   1   0   0   0   0   0
    CTG   0   0   0   0   0   0 |     CCG   0   0   0   0   0   0 |     CAG   0   0   0   0   0   0 |     CGG   0   0   0   0   0   0
--------------------------------------------------------------------------------------------------------------------------------------
Ile ATT   0   0   0   0   0   0 | Thr ACT   0   0   0   0   0   0 | Asn AAT   1   2   1   1   1   1 | Ser AGT   1   0   1   1   1   1
    ATC   0   0   0   0   0   0 |     ACC   0   0   0   0   0   0 |     AAC   0   0   0   0   0   0 |     AGC   0   0   0   0   0   0
    ATA   1   1   1   1   1   1 |     ACA   0   0   0   0   0   0 | Lys AAA   0   0   0   0   0   0 | Arg AGA   0   0   0   0   0   0
Met ATG   0   0   0   0   0   0 |     ACG   0   0   0   0   0   0 |     AAG   0   0   0   0   0   0 |     AGG   0   0   0   0   0   0
--------------------------------------------------------------------------------------------------------------------------------------
Val GTT   0   0   0   0   0   0 | Ala GCT   0   0   0   0   0   0 | Asp GAT   0   0   0   0   0   0 | Gly GGT   1   1   0   0   1   1
    GTC   0   0   0   0   0   0 |     GCC   0   0   0   0   0   0 |     GAC   1   0   1   1   0   0 |     GGC   0   1   1   1   1   1
    GTA   1   1   1   1   1   1 |     GCA   0   0   0   0   0   0 | Glu GAA   4   5   4   4   5   5 |     GGA   4   3   4   4   3   3
    GTG   0   0   0   0   0   0 |     GCG   0   0   0   0   0   0 |     GAG   0   0   0   0   0   0 |     GGG   0   0   0   0   0   0
--------------------------------------------------------------------------------------------------------------------------------------

--------------------------------------------------------------------------------------------------------------------------------------
Phe TTT   0   0   0   0   0   0 | Ser TCT   2   1   2   2   1   1 | Tyr TAT   0   0   0   0   0   0 | Cys TGT   0   0   0   0   0   0
    TTC   0   1   1   1   2   2 |     TCC   0   0   0   0   0   0 |     TAC   1   1   1   1   1   1 |     TGC   0   0   0   0   0   0
Leu TTA   0   0   0   0   0   0 |     TCA   1   1   1   1   1   1 | *** TAA   0   0   0   0   0   0 | *** TGA   0   0   0   0   0   0
    TTG   0   0   0   0   0   0 |     TCG   0   0   0   0   0   0 |     TAG   0   0   0   0   0   0 | Trp TGG   0   0   0   0   0   0
--------------------------------------------------------------------------------------------------------------------------------------
Leu CTT   0   0   0   0   0   0 | Pro CCT   0   1   0   0   0   0 | His CAT   0   0   0   0   0   0 | Arg CGT   0   0   0   0   0   0
    CTC   0   0   0   0   0   0 |     CCC   0   0   0   0   0   0 |     CAC   0   0   0   0   0   0 |     CGC   0   0   0   0   0   0
    CTA   1   1   1   1   0   0 |     CCA   1   1   1   1   1   1 | Gln CAA   1   1   1   1   1   1 |     CGA   0   0   0   0   0   0
    CTG   0   0   0   0   1   1 |     CCG   0   0   0   0   0   0 |     CAG   0   0   0   0   0   0 |     CGG   0   0   0   0   0   0
--------------------------------------------------------------------------------------------------------------------------------------
Ile ATT   0   0   0   0   0   0 | Thr ACT   0   0   0   0   0   0 | Asn AAT   2   1   1   1   1   1 | Ser AGT   0   1   1   1   1   1
    ATC   0   0   0   0   0   0 |     ACC   0   0   0   0   0   0 |     AAC   0   0   0   0   0   0 |     AGC   0   0   0   0   0   0
    ATA   1   1   1   1   1   1 |     ACA   0   0   0   0   0   0 | Lys AAA   0   0   0   0   0   0 | Arg AGA   0   0   0   0   0   0
Met ATG   0   0   0   0   0   0 |     ACG   0   0   0   0   0   0 |     AAG   0   0   0   0   0   0 |     AGG   0   0   0   0   0   0
--------------------------------------------------------------------------------------------------------------------------------------
Val GTT   0   0   0   0   0   0 | Ala GCT   0   0   0   0   0   0 | Asp GAT   0   0   0   0   1   1 | Gly GGT   1   0   1   1   0   0
    GTC   1   0   0   0   0   0 |     GCC   0   0   0   0   0   0 |     GAC   0   1   0   0   0   0 |     GGC   1   0   1   1   1   1
    GTA   1   2   1   1   1   1 |     GCA   0   0   0   0   0   0 | Glu GAA   5   4   5   5   6   6 |     GGA   3   3   3   3   2   2
    GTG   0   0   0   0   0   0 |     GCG   0   0   0   0   0   0 |     GAG   0   0   0   0   0   0 |     GGG   0   1   0   0   0   0
--------------------------------------------------------------------------------------------------------------------------------------

Codon position x base (3x4) table for each sequence.

#1: Argali         
position  1:    T:0.22727    C:0.13636    A:0.13636    G:0.50000
position  2:    T:0.18182    C:0.18182    A:0.45455    G:0.18182
position  3:    T:0.22727    C:0.13636    A:0.63636    G:0.00000
Average         T:0.21212    C:0.15152    A:0.40909    G:0.22727

#2: LesserMouseDeer
position  1:    T:0.22727    C:0.13636    A:0.13636    G:0.50000
position  2:    T:0.13636    C:0.22727    A:0.36364    G:0.27273
position  3:    T:0.18182    C:0.22727    A:0.54545    G:0.04545
Average         T:0.18182    C:0.19697    A:0.34848    G:0.27273

#3: LesserKudu     
position  1:    T:0.22727    C:0.13636    A:0.13636    G:0.50000
position  2:    T:0.22727    C:0.13636    A:0.40909    G:0.22727
position  3:    T:0.22727    C:0.13636    A:0.63636    G:0.00000
Average         T:0.22727    C:0.13636    A:0.39394    G:0.24242

#4: ForestMuskDeer2
position  1:    T:0.22727    C:0.13636    A:0.13636    G:0.50000
position  2:    T:0.18182    C:0.18182    A:0.36364    G:0.27273
position  3:    T:0.22727    C:0.13636    A:0.63636    G:0.00000
Average         T:0.21212    C:0.15152    A:0.37879    G:0.25758

#5: Camel          
position  1:    T:0.22727    C:0.13636    A:0.13636    G:0.50000
position  2:    T:0.18182    C:0.18182    A:0.31818    G:0.31818
position  3:    T:0.27273    C:0.13636    A:0.59091    G:0.00000
Average         T:0.22727    C:0.15152    A:0.34848    G:0.27273

#6: KillerWhale    
position  1:    T:0.22727    C:0.22727    A:0.09091    G:0.45455
position  2:    T:0.18182    C:0.18182    A:0.31818    G:0.31818
position  3:    T:0.18182    C:0.22727    A:0.59091    G:0.00000
Average         T:0.19697    C:0.21212    A:0.33333    G:0.25758

#7: DefassaWaterbuck
position  1:    T:0.22727    C:0.13636    A:0.13636    G:0.50000
position  2:    T:0.18182    C:0.18182    A:0.36364    G:0.27273
position  3:    T:0.22727    C:0.13636    A:0.63636    G:0.00000
Average         T:0.21212    C:0.15152    A:0.37879    G:0.25758

#8: Sheep          
position  1:    T:0.22727    C:0.13636    A:0.13636    G:0.50000
position  2:    T:0.18182    C:0.18182    A:0.45455    G:0.18182
position  3:    T:0.22727    C:0.13636    A:0.63636    G:0.00000
Average         T:0.21212    C:0.15152    A:0.40909    G:0.22727

#9: MaxwellsDuiker 
position  1:    T:0.22727    C:0.13636    A:0.13636    G:0.50000
position  2:    T:0.18182    C:0.18182    A:0.36364    G:0.27273
position  3:    T:0.22727    C:0.13636    A:0.63636    G:0.00000
Average         T:0.21212    C:0.15152    A:0.37879    G:0.25758

#10: GazellaPrzewalskyi
position  1:    T:0.22727    C:0.09091    A:0.13636    G:0.54545
position  2:    T:0.18182    C:0.18182    A:0.31818    G:0.31818
position  3:    T:0.22727    C:0.13636    A:0.63636    G:0.00000
Average         T:0.21212    C:0.13636    A:0.36364    G:0.28788

#11: MountainNyala  
position  1:    T:0.22727    C:0.13636    A:0.13636    G:0.50000
position  2:    T:0.22727    C:0.13636    A:0.45455    G:0.18182
position  3:    T:0.18182    C:0.18182    A:0.59091    G:0.04545
Average         T:0.21212    C:0.15152    A:0.39394    G:0.24242

#12: MuntiacusMuntjak
position  1:    T:0.22727    C:0.13636    A:0.13636    G:0.50000
position  2:    T:0.18182    C:0.18182    A:0.36364    G:0.27273
position  3:    T:0.18182    C:0.18182    A:0.63636    G:0.00000
Average         T:0.19697    C:0.16667    A:0.37879    G:0.25758

#13: goat           
position  1:    T:0.22727    C:0.13636    A:0.13636    G:0.50000
position  2:    T:0.18182    C:0.18182    A:0.40909    G:0.22727
position  3:    T:0.22727    C:0.13636    A:0.63636    G:0.00000
Average         T:0.21212    C:0.15152    A:0.39394    G:0.24242

#14: AfricanBuffalo 
position  1:    T:0.22727    C:0.13636    A:0.18182    G:0.45455
position  2:    T:0.18182    C:0.18182    A:0.36364    G:0.27273
position  3:    T:0.22727    C:0.13636    A:0.63636    G:0.00000
Average         T:0.21212    C:0.15152    A:0.39394    G:0.24242

#15: Topi           
position  1:    T:0.22727    C:0.13636    A:0.13636    G:0.50000
position  2:    T:0.18182    C:0.18182    A:0.31818    G:0.31818
position  3:    T:0.22727    C:0.13636    A:0.63636    G:0.00000
Average         T:0.21212    C:0.15152    A:0.36364    G:0.27273

#16: CommonDuiker   
position  1:    T:0.22727    C:0.13636    A:0.13636    G:0.50000
position  2:    T:0.18182    C:0.18182    A:0.40909    G:0.22727
position  3:    T:0.22727    C:0.13636    A:0.63636    G:0.00000
Average         T:0.21212    C:0.15152    A:0.39394    G:0.24242

#17: Suni           
position  1:    T:0.18182    C:0.18182    A:0.13636    G:0.50000
position  2:    T:0.18182    C:0.18182    A:0.36364    G:0.27273
position  3:    T:0.22727    C:0.13636    A:0.63636    G:0.00000
Average         T:0.19697    C:0.16667    A:0.37879    G:0.25758

#18: Springbuck     
position  1:    T:0.22727    C:0.13636    A:0.13636    G:0.50000
position  2:    T:0.18182    C:0.18182    A:0.36364    G:0.27273
position  3:    T:0.22727    C:0.13636    A:0.63636    G:0.00000
Average         T:0.21212    C:0.15152    A:0.37879    G:0.25758

#19: Okapi          
position  1:    T:0.22727    C:0.13636    A:0.13636    G:0.50000
position  2:    T:0.18182    C:0.18182    A:0.36364    G:0.27273
position  3:    T:0.22727    C:0.13636    A:0.63636    G:0.00000
Average         T:0.21212    C:0.15152    A:0.37879    G:0.25758

#20: Giraffe        
position  1:    T:0.22727    C:0.13636    A:0.13636    G:0.50000
position  2:    T:0.18182    C:0.18182    A:0.36364    G:0.27273
position  3:    T:0.22727    C:0.13636    A:0.63636    G:0.00000
Average         T:0.21212    C:0.15152    A:0.37879    G:0.25758

#21: TibetanAntelope
position  1:    T:0.22727    C:0.13636    A:0.13636    G:0.50000
position  2:    T:0.18182    C:0.18182    A:0.36364    G:0.27273
position  3:    T:0.22727    C:0.13636    A:0.63636    G:0.00000
Average         T:0.21212    C:0.15152    A:0.37879    G:0.25758

#22: Sitatunga      
position  1:    T:0.22727    C:0.13636    A:0.13636    G:0.50000
position  2:    T:0.22727    C:0.13636    A:0.45455    G:0.18182
position  3:    T:0.18182    C:0.18182    A:0.59091    G:0.04545
Average         T:0.21212    C:0.15152    A:0.39394    G:0.24242

#23: Oribi          
position  1:    T:0.22727    C:0.13636    A:0.13636    G:0.50000
position  2:    T:0.18182    C:0.18182    A:0.36364    G:0.27273
position  3:    T:0.22727    C:0.13636    A:0.63636    G:0.00000
Average         T:0.21212    C:0.15152    A:0.37879    G:0.25758

#24: BarbarySheep   
position  1:    T:0.22727    C:0.13636    A:0.13636    G:0.50000
position  2:    T:0.18182    C:0.18182    A:0.40909    G:0.22727
position  3:    T:0.22727    C:0.13636    A:0.63636    G:0.00000
Average         T:0.21212    C:0.15152    A:0.39394    G:0.24242

#25: Daviddeer      
position  1:    T:0.22727    C:0.13636    A:0.13636    G:0.50000
position  2:    T:0.18182    C:0.18182    A:0.40909    G:0.22727
position  3:    T:0.18182    C:0.18182    A:0.63636    G:0.00000
Average         T:0.19697    C:0.16667    A:0.39394    G:0.24242

#26: Reindeer       
position  1:    T:0.22727    C:0.13636    A:0.13636    G:0.50000
position  2:    T:0.18182    C:0.18182    A:0.36364    G:0.27273
position  3:    T:0.18182    C:0.18182    A:0.63636    G:0.00000
Average         T:0.19697    C:0.16667    A:0.37879    G:0.25758

#27: Ibex           
position  1:    T:0.22727    C:0.13636    A:0.13636    G:0.50000
position  2:    T:0.18182    C:0.18182    A:0.40909    G:0.22727
position  3:    T:0.22727    C:0.13636    A:0.63636    G:0.00000
Average         T:0.21212    C:0.15152    A:0.39394    G:0.24242

#28: GyrantGazelle  
position  1:    T:0.22727    C:0.13636    A:0.13636    G:0.50000
position  2:    T:0.18182    C:0.18182    A:0.40909    G:0.22727
position  3:    T:0.22727    C:0.13636    A:0.63636    G:0.00000
Average         T:0.21212    C:0.15152    A:0.39394    G:0.24242

#29: Hartebeest     
position  1:    T:0.22727    C:0.13636    A:0.13636    G:0.50000
position  2:    T:0.18182    C:0.18182    A:0.36364    G:0.27273
position  3:    T:0.22727    C:0.13636    A:0.63636    G:0.00000
Average         T:0.21212    C:0.15152    A:0.37879    G:0.25758

#30: Bongo          
position  1:    T:0.22727    C:0.13636    A:0.13636    G:0.50000
position  2:    T:0.22727    C:0.13636    A:0.45455    G:0.18182
position  3:    T:0.18182    C:0.18182    A:0.59091    G:0.04545
Average         T:0.21212    C:0.15152    A:0.39394    G:0.24242

#31: Gerenuk        
position  1:    T:0.22727    C:0.13636    A:0.13636    G:0.50000
position  2:    T:0.18182    C:0.18182    A:0.31818    G:0.31818
position  3:    T:0.22727    C:0.13636    A:0.63636    G:0.00000
Average         T:0.21212    C:0.15152    A:0.36364    G:0.27273

#32: CommonEland    
position  1:    T:0.22727    C:0.13636    A:0.13636    G:0.50000
position  2:    T:0.22727    C:0.13636    A:0.45455    G:0.18182
position  3:    T:0.18182    C:0.18182    A:0.59091    G:0.04545
Average         T:0.21212    C:0.15152    A:0.39394    G:0.24242

#33: MuntiacusReevesi
position  1:    T:0.22727    C:0.13636    A:0.13636    G:0.50000
position  2:    T:0.18182    C:0.18182    A:0.36364    G:0.27273
position  3:    T:0.18182    C:0.18182    A:0.63636    G:0.00000
Average         T:0.19697    C:0.16667    A:0.37879    G:0.25758

#34: HarveysDuiker  
position  1:    T:0.22727    C:0.13636    A:0.13636    G:0.50000
position  2:    T:0.18182    C:0.18182    A:0.40909    G:0.22727
position  3:    T:0.22727    C:0.13636    A:0.63636    G:0.00000
Average         T:0.21212    C:0.15152    A:0.39394    G:0.24242

#35: Pronghorn      
position  1:    T:0.22727    C:0.13636    A:0.13636    G:0.50000
position  2:    T:0.18182    C:0.18182    A:0.31818    G:0.31818
position  3:    T:0.18182    C:0.18182    A:0.63636    G:0.00000
Average         T:0.19697    C:0.16667    A:0.36364    G:0.27273

#36: BlueWildebeest 
position  1:    T:0.22727    C:0.13636    A:0.13636    G:0.50000
position  2:    T:0.22727    C:0.13636    A:0.36364    G:0.27273
position  3:    T:0.22727    C:0.13636    A:0.63636    G:0.00000
Average         T:0.22727    C:0.13636    A:0.37879    G:0.25758

#37: Gemsbok        
position  1:    T:0.22727    C:0.13636    A:0.13636    G:0.50000
position  2:    T:0.18182    C:0.18182    A:0.40909    G:0.22727
position  3:    T:0.22727    C:0.13636    A:0.63636    G:0.00000
Average         T:0.21212    C:0.15152    A:0.39394    G:0.24242

#38: Yak            
position  1:    T:0.22727    C:0.13636    A:0.13636    G:0.50000
position  2:    T:0.18182    C:0.18182    A:0.36364    G:0.27273
position  3:    T:0.22727    C:0.13636    A:0.63636    G:0.00000
Average         T:0.21212    C:0.15152    A:0.37879    G:0.25758

#39: BlueSheep      
position  1:    T:0.22727    C:0.13636    A:0.13636    G:0.50000
position  2:    T:0.18182    C:0.18182    A:0.40909    G:0.22727
position  3:    T:0.22727    C:0.13636    A:0.63636    G:0.00000
Average         T:0.21212    C:0.15152    A:0.39394    G:0.24242

#40: BohorReedbuck  
position  1:    T:0.22727    C:0.13636    A:0.13636    G:0.50000
position  2:    T:0.18182    C:0.18182    A:0.36364    G:0.27273
position  3:    T:0.22727    C:0.13636    A:0.63636    G:0.00000
Average         T:0.21212    C:0.15152    A:0.37879    G:0.25758

#41: KirksDik       
position  1:    T:0.22727    C:0.13636    A:0.13636    G:0.50000
position  2:    T:0.18182    C:0.22727    A:0.40909    G:0.18182
position  3:    T:0.22727    C:0.13636    A:0.63636    G:0.00000
Average         T:0.21212    C:0.16667    A:0.39394    G:0.22727

#42: RoeDeer        
position  1:    T:0.22727    C:0.13636    A:0.13636    G:0.50000
position  2:    T:0.18182    C:0.18182    A:0.36364    G:0.27273
position  3:    T:0.18182    C:0.18182    A:0.63636    G:0.00000
Average         T:0.19697    C:0.16667    A:0.37879    G:0.25758

#43: WhiteLippedDeer
position  1:    T:0.22727    C:0.13636    A:0.13636    G:0.50000
position  2:    T:0.18182    C:0.13636    A:0.36364    G:0.31818
position  3:    T:0.22727    C:0.13636    A:0.59091    G:0.04545
Average         T:0.21212    C:0.13636    A:0.36364    G:0.28788

#44: ThomsonGazelle 
position  1:    T:0.22727    C:0.13636    A:0.13636    G:0.50000
position  2:    T:0.18182    C:0.18182    A:0.40909    G:0.22727
position  3:    T:0.22727    C:0.13636    A:0.63636    G:0.00000
Average         T:0.21212    C:0.15152    A:0.39394    G:0.24242

#45: MuntiacusCrinifrons
position  1:    T:0.22727    C:0.13636    A:0.13636    G:0.50000
position  2:    T:0.18182    C:0.18182    A:0.36364    G:0.27273
position  3:    T:0.18182    C:0.18182    A:0.63636    G:0.00000
Average         T:0.19697    C:0.16667    A:0.37879    G:0.25758

#46: WhiteTailedDeer
position  1:    T:0.22727    C:0.13636    A:0.13636    G:0.50000
position  2:    T:0.18182    C:0.18182    A:0.36364    G:0.27273
position  3:    T:0.18182    C:0.18182    A:0.63636    G:0.00000
Average         T:0.19697    C:0.16667    A:0.37879    G:0.25758

#47: Cattle         
position  1:    T:0.22727    C:0.13636    A:0.13636    G:0.50000
position  2:    T:0.18182    C:0.18182    A:0.36364    G:0.27273
position  3:    T:0.22727    C:0.13636    A:0.63636    G:0.00000
Average         T:0.21212    C:0.15152    A:0.37879    G:0.25758

#48: RoyalAntelope  
position  1:    T:0.22727    C:0.13636    A:0.13636    G:0.50000
position  2:    T:0.18182    C:0.18182    A:0.36364    G:0.27273
position  3:    T:0.22727    C:0.13636    A:0.63636    G:0.00000
Average         T:0.21212    C:0.15152    A:0.37879    G:0.25758

#49: Steenbok       
position  1:    T:0.18182    C:0.13636    A:0.13636    G:0.54545
position  2:    T:0.18182    C:0.18182    A:0.40909    G:0.22727
position  3:    T:0.22727    C:0.13636    A:0.63636    G:0.00000
Average         T:0.19697    C:0.15152    A:0.39394    G:0.25758

#50: Impala         
position  1:    T:0.18182    C:0.18182    A:0.13636    G:0.50000
position  2:    T:0.22727    C:0.18182    A:0.36364    G:0.22727
position  3:    T:0.18182    C:0.13636    A:0.63636    G:0.04545
Average         T:0.19697    C:0.16667    A:0.37879    G:0.25758

#51: Klipspringer   
position  1:    T:0.22727    C:0.13636    A:0.13636    G:0.50000
position  2:    T:0.18182    C:0.18182    A:0.36364    G:0.27273
