1
52 1
Argali 0.000000 0.340600 0.103200 0.396600 0.057700 0.000000 0.087400 0.075700 0.114100 0.161900 0.018300 0.079900 0.046800 0.087400 0.057800 0.048100 0.182200 0.191600 0.036900 0.114100 0.090000 0.009400 0.192200 0.173900 0.009000 0.088100 0.046900 0.146500 0.085100 0.137200 0.197600 0.088600 0.177000 0.047000 0.085800 0.088800 0.009300 0.058100 0.095700 0.187700 0.178900 0.066800 0.197600 0.202400 0.099300 0.058700 0.076500 0.095800 0.048500 0.167400 0.133600 0.124600
LesserMous 0.340600 0.000000 0.326000 0.420400 0.353700 0.340600 0.366100 0.356800 0.341300 0.353600 0.365200 0.305800 0.320900 0.337000 0.354400 0.341500 0.324300 0.307300 0.359700 0.341300 0.377400 0.359900 0.328000 0.383400 0.352800 0.310500 0.294400 0.350100 0.326900 0.340800 0.357500 0.342100 0.322100 0.322100 0.305500 0.301700 0.354000 0.371200 0.361200 0.330700 0.311200 0.334700 0.357500 0.365700 0.316300 0.303400 0.317800 0.344300 0.329500 0.256900 0.362700 0.354500
LesserKudu 0.103200 0.326000 0.000000 0.459300 0.125300 0.103200 0.146800 0.165700 0.031000 0.144900 0.123500 0.061900 0.134000 0.146100 0.125300 0.114500 0.178400 0.188100 0.143700 0.031000 0.150800 0.115600 0.163300 0.192400 0.113500 0.147300 0.134000 0.073200 0.154000 0.052200 0.169600 0.148100 0.173200 0.134500 0.167700 0.115300 0.113800 0.148800 0.166400 0.136300 0.150300 0.134800 0.169600 0.173900 0.126800 0.127500 0.144600 0.166800 0.115600 0.138500 0.051100 0.041400
KillerWhal 0.396600 0.420400 0.459300 0.000000 0.439500 0.396600 0.426700 0.470800 0.446500 0.438700 0.392700 0.390900 0.404400 0.454600 0.411300 0.413600 0.366900 0.375700 0.362500 0.446500 0.496800 0.415500 0.457200 0.385500 0.381500 0.455200 0.407700 0.440900 0.396000 0.478900 0.429200 0.460400 0.363200 0.436100 0.418100 0.401400 0.382900 0.428500 0.448500 0.390400 0.438300 0.420300 0.429200 0.438700 0.385900 0.417200 0.364600 0.430800 0.431700 0.369400 0.435000 0.429700
DefassaWat 0.057700 0.353700 0.125300 0.439500 0.000000 0.057700 0.087600 0.076000 0.136500 0.195300 0.077000 0.101100 0.066500 0.087600 0.057900 0.048200 0.216100 0.225600 0.095600 0.136500 0.090100 0.068300 0.227700 0.231900 0.067300 0.088300 0.066600 0.180900 0.085200 0.160200 0.232400 0.088700 0.188300 0.066800 0.106400 0.131400 0.067700 0.019000 0.095800 0.222600 0.213800 0.066900 0.232400 0.238200 0.142600 0.058800 0.076600 0.096000 0.048600 0.202200 0.156000 0.147100
Sheep 0.000000 0.340600 0.103200 0.396600 0.057700 0.000000 0.087400 0.075700 0.114100 0.161900 0.018300 0.079900 0.046800 0.087400 0.057800 0.048100 0.182200 0.191600 0.036900 0.114100 0.090000 0.009400 0.192200 0.173900 0.009300 0.088100 0.046900 0.146500 0.085100 0.137200 0.197600 0.088600 0.177000 0.044100 0.085800 0.088800 0.009300 0.058100 0.095700 0.187700 0.178900 0.066800 0.197600 0.202400 0.099300 0.058700 0.076500 0.095800 0.048500 0.167400 0.133600 0.124600
MaxwellsDu 0.087400 0.366100 0.146800 0.426700 0.087600 0.087400 0.000000 0.126200 0.135400 0.172100 0.097100 0.132900 0.096100 0.097400 0.087800 0.078000 0.227400 0.236800 0.125800 0.135400 0.100100 0.098700 0.202800 0.184600 0.097200 0.098100 0.096200 0.156700 0.114800 0.158900 0.185200 0.088600 0.222100 0.096500 0.137000 0.163900 0.097900 0.109200 0.104800 0.175400 0.189400 0.096600 0.185200 0.189600 0.175200 0.089300 0.106600 0.126100 0.078600 0.224600 0.154700 0.146000
GazellaPrz 0.075700 0.356800 0.165700 0.470800 0.076000 0.075700 0.126200 0.000000 0.177900 0.201300 0.094400 0.140400 0.045500 0.105100 0.075000 0.065600 0.233900 0.254000 0.113200 0.177900 0.107000 0.086500 0.222100 0.249400 0.085200 0.085000 0.045900 0.211400 0.082300 0.201300 0.237900 0.106600 0.206100 0.046000 0.104000 0.149400 0.085400 0.076300 0.134000 0.227700 0.208500 0.084000 0.237900 0.255900 0.160300 0.097300 0.114200 0.112600 0.086700 0.231600 0.197000 0.188600
MountainNy 0.114100 0.341300 0.031000 0.446500 0.136500 0.114100 0.135400 0.177900 0.000000 0.156800 0.135300 0.072200 0.145100 0.158200 0.137200 0.126200 0.190700 0.200600 0.154800 0.000000 0.163300 0.126700 0.176000 0.181100 0.124500 0.159500 0.145100 0.041100 0.165100 0.020700 0.158600 0.160400 0.185900 0.145700 0.179100 0.126500 0.125400 0.161100 0.177800 0.148500 0.162700 0.146000 0.158600 0.162500 0.138100 0.139600 0.156600 0.178100 0.127400 0.150800 0.019700 0.009800
MuntiacusM 0.161900 0.353600 0.144900 0.438700 0.195300 0.161900 0.172100 0.201300 0.156800 0.000000 0.181900 0.142800 0.170200 0.216000 0.195300 0.184500 0.189000 0.176700 0.201500 0.156800 0.222700 0.175000 0.108100 0.156700 0.172000 0.194900 0.170100 0.188100 0.200500 0.179800 0.036800 0.185300 0.206500 0.170800 0.203500 0.185700 0.172500 0.208100 0.236100 0.148300 0.097400 0.204500 0.036800 0.160500 0.197500 0.198600 0.214100 0.236500 0.186100 0.195400 0.176100 0.167300
goat 0.018300 0.365200 0.123500 0.392700 0.077000 0.018300 0.097100 0.094400 0.135300 0.181900 0.000000 0.078800 0.065700 0.106700 0.076800 0.067000 0.180100 0.211700 0.036500 0.135300 0.109800 0.028200 0.213200 0.194200 0.008700 0.107600 0.065800 0.157100 0.104300 0.158000 0.195200 0.108100 0.197500 0.065900 0.105200 0.108800 0.008200 0.077200 0.115200 0.208300 0.199600 0.086100 0.195200 0.223500 0.119500 0.078100 0.075400 0.115400 0.067600 0.165300 0.154700 0.145900
AfricanBuf 0.079900 0.305800 0.061900 0.390900 0.101100 0.079900 0.132900 0.140400 0.072200 0.142800 0.078800 0.000000 0.109800 0.132400 0.101100 0.090700 0.130500 0.161700 0.098300 0.072200 0.136600 0.091500 0.160900 0.189200 0.069200 0.133500 0.109700 0.115500 0.129200 0.093700 0.144500 0.134100 0.146400 0.110100 0.141900 0.091300 0.069400 0.123400 0.140900 0.156900 0.148000 0.110400 0.144500 0.170900 0.102200 0.102700 0.099000 0.141100 0.091500 0.114200 0.092200 0.082700
Topi 0.046800 0.320900 0.134000 0.404400 0.066500 0.046800 0.096100 0.045500 0.145100 0.170200 0.065700 0.109800 0.000000 0.076000 0.066700 0.057100 0.212700 0.222200 0.084000 0.145100 0.098800 0.057100 0.200500 0.216900 0.056200 0.076700 0.018200 0.177900 0.051400 0.168800 0.205700 0.077100 0.185100 0.018200 0.074700 0.118300 0.056600 0.067000 0.104200 0.195600 0.187200 0.075500 0.205700 0.222700 0.107800 0.067700 0.085200 0.104300 0.057500 0.198900 0.141900 0.155600
CommonDuik 0.087400 0.337000 0.146100 0.454600 0.087600 0.087400 0.097400 0.105100 0.158200 0.216000 0.106700 0.132400 0.076000 0.000000 0.087400 0.057500 0.225900 0.235200 0.125900 0.158200 0.099600 0.098700 0.249600 0.241700 0.097200 0.097700 0.076100 0.179700 0.094600 0.181600 0.254000 0.098200 0.197600 0.076300 0.116200 0.164100 0.097500 0.108800 0.126200 0.219900 0.235300 0.096700 0.254000 0.248300 0.175400 0.068400 0.106200 0.126300 0.078300 0.223900 0.177600 0.169000
Suni 0.057800 0.354400 0.125300 0.411300 0.057900 0.057800 0.087800 0.075000 0.137200 0.195300 0.076800 0.101100 0.066700 0.087400 0.000000 0.028300 0.216100 0.225600 0.095900 0.137200 0.068500 0.068600 0.192700 0.232000 0.067500 0.067100 0.066700 0.181800 0.065100 0.160300 0.232400 0.088900 0.177500 0.066900 0.086400 0.132000 0.067600 0.058300 0.096100 0.222600 0.179400 0.046900 0.232400 0.238400 0.143200 0.058700 0.076400 0.075400 0.048500 0.202300 0.156800 0.147800
Springbuck 0.048100 0.341500 0.114500 0.413600 0.048200 0.048100 0.078000 0.065600 0.126200 0.184500 0.067000 0.090700 0.057100 0.057500 0.028300 0.000000 0.182400 0.191800 0.086200 0.126200 0.058600 0.058700 0.205100 0.220800 0.057700 0.057400 0.057100 0.147400 0.036700 0.149100 0.221300 0.078600 0.143700 0.057300 0.096800 0.121600 0.057900 0.068500 0.086400 0.211500 0.191500 0.037500 0.221300 0.226800 0.132700 0.048900 0.066800 0.065900 0.038700 0.191000 0.145900 0.136900
Okapi 0.182200 0.324300 0.178400 0.366900 0.216100 0.182200 0.227400 0.233900 0.190700 0.189000 0.180100 0.130500 0.212700 0.225900 0.216100 0.182400 0.000000 0.044900 0.199700 0.190700 0.257300 0.195600 0.185500 0.212500 0.170300 0.252000 0.212800 0.176000 0.197400 0.214700 0.191100 0.218100 0.147700 0.213600 0.223400 0.128600 0.170800 0.229300 0.246200 0.180900 0.172800 0.225300 0.191100 0.194800 0.161400 0.219700 0.189700 0.188200 0.207000 0.161100 0.210000 0.201600
Giraffe 0.191600 0.307300 0.188100 0.375700 0.225600 0.191600 0.236800 0.254000 0.200600 0.176700 0.211700 0.161700 0.222200 0.235200 0.225600 0.191800 0.044900 0.000000 0.231300 0.200600 0.267000 0.205200 0.195100 0.199700 0.201800 0.237000 0.222000 0.185600 0.206700 0.224600 0.200600 0.227500 0.135000 0.222900 0.232700 0.116800 0.202400 0.238800 0.255500 0.190400 0.182400 0.211300 0.200600 0.204500 0.127700 0.229300 0.198400 0.197400 0.216500 0.192500 0.219800 0.211400
TibetanAnt 0.036900 0.359700 0.143700 0.362500 0.095600 0.036900 0.125800 0.113200 0.154800 0.201500 0.036500 0.098300 0.084000 0.125900 0.095900 0.086200 0.199700 0.231300 0.000000 0.154800 0.129500 0.046900 0.233500 0.191400 0.027400 0.126900 0.064900 0.187600 0.122500 0.178500 0.215000 0.127500 0.217400 0.084300 0.123500 0.127700 0.027600 0.096400 0.113400 0.182700 0.219700 0.104500 0.215000 0.243900 0.138400 0.097400 0.094300 0.113500 0.086900 0.163300 0.173800 0.143000
Sitatunga 0.114100 0.341300 0.031000 0.446500 0.136500 0.114100 0.135400 0.177900 0.000000 0.156800 0.135300 0.072200 0.145100 0.158200 0.137200 0.126200 0.190700 0.200600 0.154800 0.000000 0.163300 0.126700 0.176000 0.181100 0.124500 0.159500 0.145100 0.041100 0.165100 0.020700 0.158600 0.160400 0.185900 0.145700 0.179100 0.126500 0.125400 0.161100 0.177800 0.148500 0.162700 0.146000 0.158600 0.162500 0.138100 0.139600 0.156600 0.178100 0.127400 0.150800 0.020100 0.009900
Oribi 0.090000 0.377400 0.150800 0.496800 0.090100 0.090000 0.100100 0.107000 0.163300 0.222700 0.109800 0.136600 0.098800 0.099600 0.068500 0.058600 0.257300 0.267000 0.129500 0.163300 0.000000 0.101700 0.246100 0.234300 0.100100 0.078600 0.098900 0.209800 0.096300 0.187500 0.261800 0.101000 0.204500 0.099200 0.141100 0.169000 0.100300 0.112000 0.129700 0.251800 0.231400 0.077800 0.261800 0.268600 0.180800 0.080600 0.109100 0.107500 0.080500 0.218000 0.183300 0.174300
BarbaryShe 0.009400 0.359900 0.115600 0.415500 0.068300 0.009400 0.098700 0.086500 0.126700 0.175000 0.028200 0.091500 0.057100 0.098700 0.068600 0.058700 0.195600 0.205200 0.046900 0.126700 0.101700 0.000000 0.206600 0.187300 0.018300 0.099500 0.057100 0.159800 0.096000 0.150400 0.211600 0.100000 0.190900 0.057300 0.096900 0.100300 0.019000 0.068900 0.107000 0.201600 0.192900 0.077600 0.211600 0.216900 0.111100 0.069700 0.087400 0.107100 0.059100 0.181100 0.146500 0.137400
Daviddeer 0.192200 0.328000 0.163300 0.457200 0.227700 0.192200 0.202800 0.222100 0.176000 0.108100 0.213200 0.160900 0.200500 0.249600 0.192700 0.205100 0.185500 0.195100 0.233500 0.176000 0.246100 0.206600 0.000000 0.174000 0.202800 0.215900 0.200300 0.208800 0.221100 0.200600 0.109600 0.217400 0.179700 0.201200 0.188300 0.206000 0.203400 0.217300 0.270500 0.143300 0.009600 0.225900 0.109100 0.156000 0.218600 0.232100 0.247200 0.235300 0.218500 0.216100 0.196100 0.187100
Reindeer 0.173900 0.383400 0.192400 0.385500 0.231900 0.173900 0.184600 0.249400 0.181100 0.156700 0.194200 0.189200 0.216900 0.241700 0.232000 0.220800 0.212500 0.199700 0.191400 0.181100 0.234300 0.187300 0.174000 0.000000 0.184200 0.255500 0.216700 0.213200 0.235600 0.205100 0.136900 0.245800 0.218600 0.217700 0.239200 0.210600 0.184700 0.245500 0.262500 0.096700 0.161600 0.241200 0.136900 0.076800 0.222900 0.223000 0.250900 0.225600 0.222700 0.219900 0.200700 0.168700
Ibex 0.009000 0.352800 0.113500 0.381500 0.067300 0.009300 0.097200 0.085200 0.124500 0.172000 0.008700 0.069200 0.056200 0.097200 0.067500 0.057700 0.170300 0.201800 0.027400 0.124500 0.100100 0.018300 0.202800 0.184200 0.000000 0.098000 0.056300 0.157000 0.094500 0.147700 0.185200 0.098500 0.187400 0.056400 0.095400 0.098700 0.000000 0.067800 0.105300 0.198200 0.189400 0.076300 0.185200 0.213100 0.109300 0.068500 0.066300 0.105400 0.058200 0.155300 0.143900 0.135000
GyrantGaze 0.088100 0.310500 0.147300 0.455200 0.088300 0.088100 0.098100 0.085000 0.159500 0.194900 0.107600 0.133500 0.076700 0.097700 0.067100 0.057400 0.252000 0.237000 0.126900 0.159500 0.078600 0.099500 0.215900 0.255500 0.098000 0.000000 0.076800 0.205300 0.074800 0.183100 0.232100 0.078300 0.188200 0.077000 0.117200 0.120700 0.098200 0.109700 0.127200 0.246200 0.202100 0.037200 0.232100 0.262500 0.153900 0.089400 0.086400 0.105400 0.078900 0.201300 0.179100 0.170400
Hartebeest 0.046900 0.294400 0.134000 0.407700 0.066600 0.046900 0.096200 0.045900 0.145100 0.170100 0.065800 0.109700 0.018200 0.076100 0.066700 0.057100 0.212800 0.222000 0.064900 0.145100 0.098900 0.057100 0.200300 0.216700 0.056300 0.076800 0.000000 0.177900 0.074100 0.168700 0.205600 0.077200 0.184900 0.018200 0.074800 0.118400 0.056700 0.067100 0.084500 0.195400 0.187100 0.075500 0.205600 0.222500 0.129000 0.067800 0.085200 0.084600 0.057600 0.176200 0.164200 0.155600
Bongo 0.146500 0.350100 0.073200 0.440900 0.180900 0.146500 0.156700 0.211400 0.041100 0.188100 0.157100 0.115500 0.177900 0.179700 0.181800 0.147400 0.176000 0.185600 0.187600 0.041100 0.209800 0.159800 0.208800 0.213200 0.157000 0.205300 0.177900 0.000000 0.185900 0.062600 0.190300 0.206500 0.193800 0.178700 0.212900 0.136800 0.158200 0.195100 0.223100 0.180300 0.195000 0.190400 0.190300 0.195000 0.148300 0.185200 0.201500 0.223200 0.172400 0.183200 0.061000 0.051400
Gerenuk 0.085100 0.326900 0.154000 0.396000 0.085200 0.085100 0.114800 0.082300 0.165100 0.200500 0.104300 0.129200 0.051400 0.094600 0.065100 0.036700 0.197400 0.206700 0.122500 0.165100 0.096300 0.096000 0.221100 0.235600 0.094500 0.074800 0.074100 0.185900 0.000000 0.189000 0.236800 0.096000 0.159900 0.074300 0.093100 0.159200 0.095200 0.106300 0.112900 0.226500 0.207600 0.073700 0.236800 0.241600 0.148400 0.086700 0.103700 0.082300 0.076400 0.206500 0.161500 0.175600
CommonElan 0.137200 0.340800 0.052200 0.478900 0.160200 0.137200 0.158900 0.201300 0.020700 0.179800 0.158000 0.093700 0.168800 0.181600 0.160300 0.149100 0.214700 0.224600 0.178500 0.020700 0.187500 0.150400 0.200600 0.205100 0.147700 0.183100 0.168700 0.062600 0.189000 0.000000 0.182000 0.184100 0.210400 0.169400 0.203900 0.150200 0.148200 0.184900 0.202300 0.171800 0.186600 0.169800 0.182000 0.186600 0.162200 0.163100 0.179700 0.202600 0.150500 0.174500 0.040900 0.031000
MuntiacusR 0.197600 0.357500 0.169600 0.429200 0.232400 0.197600 0.185200 0.237900 0.158600 0.036800 0.195200 0.144500 0.205700 0.254000 0.232400 0.221300 0.191100 0.200600 0.215000 0.158600 0.261800 0.211600 0.109600 0.136900 0.185200 0.232100 0.205600 0.190300 0.236800 0.182000 0.000000 0.222400 0.232300 0.206500 0.240600 0.211200 0.185600 0.246000 0.274400 0.128300 0.097900 0.241700 0.000000 0.140300 0.223400 0.236600 0.228100 0.274800 0.223300 0.197800 0.178100 0.169300
HarveysDui 0.088600 0.342100 0.148100 0.460400 0.088700 0.088600 0.088600 0.106600 0.160400 0.185300 0.108100 0.134100 0.077100 0.098200 0.088900 0.078600 0.218100 0.227500 0.127500 0.160400 0.101000 0.100000 0.217400 0.245800 0.098500 0.078300 0.077200 0.206500 0.096000 0.184100 0.222400 0.000000 0.224500 0.077400 0.117800 0.143500 0.098700 0.110200 0.106800 0.236500 0.203500 0.097900 0.222400 0.239700 0.177800 0.090400 0.107500 0.106800 0.079300 0.227000 0.180000 0.171300
Pronghorn 0.177000 0.322100 0.173200 0.363200 0.188300 0.177000 0.222100 0.206100 0.185900 0.206500 0.197500 0.146400 0.185100 0.197600 0.177500 0.143700 0.147700 0.135000 0.217400 0.185900 0.204500 0.190900 0.179700 0.218600 0.187400 0.188200 0.184900 0.193800 0.159900 0.210400 0.232300 0.224500 0.000000 0.185700 0.195800 0.166700 0.187900 0.201300 0.218300 0.198300 0.166800 0.163600 0.232300 0.213300 0.178800 0.167800 0.183700 0.172800 0.178800 0.201000 0.205900 0.196900
BlueWildeb 0.047000 0.322100 0.134500 0.436100 0.066800 0.044100 0.096500 0.046000 0.145700 0.170800 0.065900 0.110100 0.018200 0.076300 0.066900 0.057300 0.213600 0.222900 0.084300 0.145700 0.099200 0.057300 0.201200 0.217700 0.056400 0.077000 0.018200 0.178700 0.074300 0.169400 0.206500 0.077400 0.185700 0.000000 0.075000 0.118800 0.056800 0.067300 0.104600 0.196300 0.187900 0.075800 0.206500 0.223600 0.129500 0.068000 0.085500 0.104700 0.038100 0.199700 0.164900 0.156300
Gemsbok 0.085800 0.305500 0.167700 0.418100 0.106400 0.085800 0.137000 0.104000 0.179100 0.203500 0.105200 0.141900 0.074700 0.116200 0.086400 0.096800 0.223400 0.232700 0.123500 0.179100 0.141100 0.096900 0.188300 0.239200 0.095400 0.117200 0.074800 0.212900 0.093100 0.203900 0.240600 0.117800 0.195800 0.075000 0.000000 0.150200 0.096100 0.086800 0.134600 0.230000 0.198700 0.115300 0.240600 0.245600 0.161300 0.087800 0.125200 0.123900 0.097600 0.209800 0.198500 0.189900
Yak 0.088800 0.301700 0.115300 0.401400 0.131400 0.088800 0.163900 0.149400 0.126500 0.185700 0.108800 0.091300 0.118300 0.164100 0.132000 0.121600 0.128600 0.116800 0.127700 0.126500 0.169000 0.100300 0.206000 0.210600 0.098700 0.120700 0.118400 0.136800 0.159200 0.150200 0.211200 0.143500 0.166700 0.118800 0.150200 0.000000 0.099400 0.132600 0.171400 0.201200 0.192400 0.118900 0.211200 0.216500 0.048600 0.134200 0.129200 0.149400 0.122600 0.157300 0.144600 0.137200
BlueSheep 0.009300 0.354000 0.113800 0.382900 0.067700 0.009300 0.097900 0.085400 0.125400 0.172500 0.008200 0.069400 0.056600 0.097500 0.067600 0.057900 0.170800 0.202400 0.027600 0.125400 0.100300 0.019000 0.203400 0.184700 0.000000 0.098200 0.056700 0.158200 0.095200 0.148200 0.185600 0.098700 0.187900 0.056800 0.096100 0.099400 0.000000 0.068000 0.106100 0.198700 0.189900 0.076900 0.185600 0.213700 0.110100 0.068700 0.066400 0.106100 0.058300 0.155700 0.145000 0.136000
BohorReedb 0.058100 0.371200 0.148800 0.428500 0.019000 0.058100 0.109200 0.076300 0.161100 0.208100 0.077200 0.123400 0.067000 0.108800 0.058300 0.068500 0.229300 0.238800 0.096400 0.161100 0.112000 0.068900 0.217300 0.245500 0.067800 0.109700 0.067100 0.195100 0.106300 0.184900 0.246000 0.110200 0.201300 0.067300 0.086800 0.132600 0.068000 0.000000 0.117400 0.236200 0.203500 0.087800 0.246000 0.252400 0.143800 0.079700 0.097200 0.117600 0.069100 0.215700 0.180800 0.172000
KirksDik 0.095700 0.361200 0.166400 0.448500 0.095800 0.095700 0.104800 0.134000 0.177800 0.236100 0.115200 0.140900 0.104200 0.126200 0.096100 0.086400 0.246200 0.255500 0.113400 0.177800 0.129700 0.107000 0.270500 0.262500 0.105300 0.127200 0.084500 0.223100 0.112900 0.202300 0.274400 0.106800 0.218300 0.104600 0.134600 0.171400 0.106100 0.117400 0.000000 0.253300 0.255900 0.104800 0.274400 0.269500 0.182700 0.097600 0.094500 0.103300 0.087000 0.209800 0.197000 0.188500
RoeDeer 0.187700 0.330700 0.136300 0.390400 0.222600 0.187700 0.175400 0.227700 0.148500 0.148300 0.208300 0.156900 0.195600 0.219900 0.222600 0.211500 0.180900 0.190400 0.182700 0.148500 0.251800 0.201600 0.143300 0.096700 0.198200 0.246200 0.195400 0.180300 0.226500 0.171800 0.128300 0.236500 0.198300 0.196300 0.230000 0.201200 0.198700 0.236200 0.253300 0.000000 0.131300 0.231900 0.128300 0.099200 0.213500 0.226500 0.241700 0.240300 0.189400 0.187300 0.168100 0.136400
WhiteLippe 0.178900 0.311200 0.150300 0.438300 0.213800 0.178900 0.189400 0.208500 0.162700 0.097400 0.199600 0.148000 0.187200 0.235300 0.179400 0.191500 0.172800 0.182400 0.219700 0.162700 0.231400 0.192900 0.009600 0.161600 0.189400 0.202100 0.187100 0.195000 0.207600 0.186600 0.097900 0.203500 0.166800 0.187900 0.198700 0.192400 0.189900 0.203500 0.255900 0.131300 0.000000 0.212100 0.097900 0.143600 0.204700 0.217800 0.233000 0.221400 0.204500 0.202400 0.182500 0.173600
ThomsonGaz 0.066800 0.334700 0.134800 0.420300 0.066900 0.066800 0.096600 0.084000 0.146000 0.204500 0.086100 0.110400 0.075500 0.096700 0.046900 0.037500 0.225300 0.211300 0.104500 0.146000 0.077800 0.077600 0.225900 0.241200 0.076300 0.037200 0.075500 0.190400 0.073700 0.169800 0.241700 0.097900 0.163600 0.075800 0.115300 0.118900 0.076900 0.087800 0.104800 0.231900 0.212100 0.000000 0.241700 0.247700 0.129800 0.068100 0.065700 0.084000 0.057800 0.211700 0.165300 0.156600
MuntiacusC 0.197600 0.357500 0.169600 0.429200 0.232400 0.197600 0.185200 0.237900 0.158600 0.036800 0.195200 0.144500 0.205700 0.254000 0.232400 0.221300 0.191100 0.200600 0.215000 0.158600 0.261800 0.211600 0.109100 0.136900 0.185200 0.232100 0.205600 0.190300 0.236800 0.182000 0.000000 0.222400 0.232300 0.206500 0.240600 0.211200 0.185600 0.246000 0.274400 0.128300 0.097900 0.241700 0.000000 0.140300 0.223400 0.236600 0.228100 0.274800 0.223300 0.197800 0.178100 0.169300
WhiteTaile 0.202400 0.365700 0.173900 0.438700 0.238200 0.202400 0.189600 0.255900 0.162500 0.160500 0.223500 0.170900 0.222700 0.248300 0.238400 0.226800 0.194800 0.204500 0.243900 0.162500 0.268600 0.216900 0.156000 0.076800 0.213100 0.262500 0.222500 0.195000 0.241600 0.186600 0.140300 0.239700 0.213300 0.223600 0.245600 0.216500 0.213700 0.252400 0.269500 0.099200 0.143600 0.247700 0.140300 0.000000 0.229200 0.242700 0.257600 0.231500 0.228900 0.201900 0.182400 0.173500
Cattle 0.099300 0.316300 0.126800 0.385900 0.142600 0.099300 0.175200 0.160300 0.138100 0.197500 0.119500 0.102200 0.107800 0.175400 0.143200 0.132700 0.161400 0.127700 0.138400 0.138100 0.180800 0.111100 0.218600 0.222900 0.109300 0.153900 0.129000 0.148300 0.148400 0.162200 0.223400 0.177800 0.178800 0.129500 0.161300 0.048600 0.110100 0.143800 0.182700 0.213500 0.204700 0.129800 0.223400 0.229200 0.000000 0.145600 0.139900 0.183000 0.133800 0.192900 0.135000 0.148900
RoyalAntel 0.058700 0.303400 0.127500 0.417200 0.058800 0.058700 0.089300 0.097300 0.139600 0.198600 0.078100 0.102700 0.067700 0.068400 0.058700 0.048900 0.219700 0.229300 0.097400 0.139600 0.080600 0.069700 0.232100 0.223000 0.068500 0.089400 0.067800 0.185200 0.086700 0.163100 0.236600 0.090400 0.167800 0.068000 0.087800 0.134200 0.068700 0.079700 0.097600 0.226500 0.217800 0.068100 0.236600 0.242700 0.145600 0.000000 0.077600 0.097800 0.049300 0.205900 0.159500 0.150500
Steenbok 0.076500 0.317800 0.144600 0.364600 0.076600 0.076500 0.106600 0.114200 0.156600 0.214100 0.075400 0.099000 0.085200 0.106200 0.076400 0.066800 0.189700 0.198400 0.094300 0.156600 0.109100 0.087400 0.247200 0.250900 0.066300 0.086400 0.085200 0.201500 0.103700 0.179700 0.228100 0.107500 0.183700 0.085500 0.125200 0.129200 0.066400 0.097200 0.094500 0.241700 0.233000 0.065700 0.228100 0.257600 0.139900 0.077600 0.000000 0.114600 0.067300 0.175200 0.175800 0.167200
Impala 0.095800 0.344300 0.166800 0.430800 0.096000 0.095800 0.126100 0.112600 0.178100 0.236500 0.115400 0.141100 0.104300 0.126300 0.075400 0.065900 0.188200 0.197400 0.113500 0.178100 0.107500 0.107100 0.235300 0.225600 0.105400 0.105400 0.084600 0.223200 0.082300 0.202600 0.274800 0.106800 0.172800 0.104700 0.123900 0.149400 0.106100 0.117600 0.103300 0.240300 0.221400 0.084000 0.274800 0.231500 0.183000 0.097800 0.114600 0.000000 0.087100 0.197200 0.197300 0.188700
Klipspring 0.048500 0.329500 0.115600 0.431700 0.048600 0.048500 0.078600 0.086700 0.127400 0.186100 0.067600 0.091500 0.057500 0.078300 0.048500 0.038700 0.207000 0.216500 0.086900 0.127400 0.080500 0.059100 0.218500 0.222700 0.058200 0.078900 0.057600 0.172400 0.076400 0.150500 0.223300 0.079300 0.178800 0.038100 0.097600 0.122600 0.058300 0.069100 0.087000 0.189400 0.204500 0.057800 0.223300 0.228900 0.133800 0.049300 0.067300 0.087100 0.000000 0.192900 0.147200 0.138200
ForestMusk 0.167400 0.256900 0.138500 0.369400 0.202200 0.167400 0.224600 0.231600 0.150800 0.195400 0.165300 0.114200 0.198900 0.223900 0.202300 0.191000 0.161100 0.192500 0.163300 0.150800 0.218000 0.181100 0.216100 0.219900 0.155300 0.201300 0.176200 0.183200 0.206500 0.174500 0.197800 0.227000 0.201000 0.199700 0.209800 0.157300 0.155700 0.215700 0.209800 0.187300 0.202400 0.211700 0.197800 0.201900 0.192900 0.205900 0.175200 0.197200 0.192900 0.000000 0.170600 0.161700
Bushbuck 0.133600 0.362700 0.051100 0.435000 0.156000 0.133600 0.154700 0.197000 0.019700 0.176100 0.154700 0.092200 0.141900 0.177600 0.156800 0.145900 0.210000 0.219800 0.173800 0.020100 0.183300 0.146500 0.196100 0.200700 0.143900 0.179100 0.164200 0.061000 0.161500 0.040900 0.178100 0.180000 0.205900 0.164900 0.198500 0.144600 0.145000 0.180800 0.197000 0.168100 0.182500 0.165300 0.178100 0.182400 0.135000 0.159500 0.175800 0.197300 0.147200 0.170600 0.000000 0.028700
GreaterKud 0.124600 0.354500 0.041400 0.429700 0.147100 0.124600 0.146000 0.188600 0.009800 0.167300 0.145900 0.082700 0.155600 0.169000 0.147800 0.136900 0.201600 0.211400 0.143000 0.009900 0.174300 0.137400 0.187100 0.168700 0.135000 0.170400 0.155600 0.051400 0.175600 0.031000 0.169300 0.171300 0.196900 0.156300 0.189900 0.137200 0.136000 0.172000 0.188500 0.136400 0.173600 0.156600 0.169300 0.173500 0.148900 0.150500 0.167200 0.188700 0.138200 0.161700 0.028700 0.000000
