1
52 1
Argali 0.000000 0.288600 0.078000 0.279500 0.062100 0.009300 0.062900 0.091000 0.102600 0.134700 0.028200 0.062000 0.076700 0.081800 0.072800 0.077300 0.128500 0.103000 0.038100 0.092700 0.068000 0.018700 0.130700 0.144700 0.037600 0.077600 0.077200 0.092900 0.077100 0.077600 0.135300 0.087100 0.122000 0.057800 0.062800 0.081900 0.032600 0.047800 0.073200 0.137200 0.130300 0.082500 0.136000 0.150400 0.081900 0.066600 0.097400 0.067000 0.087600 0.097600 0.083000 0.097900
LesserMous 0.288600 0.000000 0.260400 0.307000 0.287600 0.292000 0.293200 0.310400 0.275300 0.280200 0.282100 0.249700 0.288600 0.287000 0.286700 0.283100 0.283000 0.278100 0.280300 0.271000 0.287100 0.274400 0.288000 0.311200 0.294100 0.298300 0.296100 0.277200 0.281900 0.265900 0.280700 0.307400 0.292800 0.286300 0.293700 0.255000 0.294700 0.284200 0.295300 0.320300 0.288100 0.291200 0.281500 0.305300 0.255000 0.274100 0.310200 0.275900 0.301200 0.297100 0.258800 0.283400
LesserKudu 0.078000 0.260400 0.000000 0.285000 0.061000 0.078900 0.062600 0.093700 0.033600 0.110700 0.068500 0.038300 0.057800 0.063000 0.053700 0.073300 0.109300 0.104600 0.058900 0.023900 0.068900 0.058500 0.105900 0.130900 0.078300 0.073600 0.053300 0.024000 0.083300 0.009500 0.110500 0.068200 0.113600 0.043800 0.053800 0.043200 0.072600 0.051200 0.069200 0.134000 0.105600 0.078500 0.111100 0.125700 0.043200 0.047800 0.088500 0.058200 0.062800 0.077400 0.024100 0.028800
KillerWhal 0.279500 0.307000 0.285000 0.000000 0.285400 0.282900 0.284200 0.294100 0.267100 0.282500 0.288100 0.273400 0.284600 0.293400 0.297200 0.295000 0.298500 0.294100 0.277500 0.302500 0.303400 0.274900 0.291100 0.327200 0.299900 0.308800 0.293300 0.282000 0.307000 0.269100 0.282100 0.313800 0.350600 0.282900 0.303600 0.280500 0.290800 0.268700 0.306100 0.328400 0.290300 0.301900 0.283600 0.307800 0.280400 0.278600 0.320300 0.294600 0.305500 0.294900 0.290800 0.288100
DefassaWat 0.062100 0.287600 0.061000 0.285400 0.000000 0.062800 0.067800 0.086900 0.087200 0.119200 0.052700 0.052100 0.066600 0.066900 0.057700 0.072200 0.123200 0.108000 0.042900 0.077400 0.067800 0.042800 0.114500 0.139200 0.062300 0.072400 0.062200 0.077600 0.081800 0.057700 0.119100 0.072000 0.111700 0.052700 0.057800 0.066900 0.056900 0.023400 0.068100 0.121400 0.114200 0.077300 0.119700 0.134000 0.066900 0.042200 0.092200 0.052200 0.061300 0.092400 0.077900 0.082500
Sheep 0.009300 0.292000 0.078900 0.282900 0.062800 0.000000 0.073800 0.092000 0.103800 0.136100 0.028600 0.067600 0.077500 0.082800 0.073600 0.078200 0.129900 0.104100 0.038600 0.093800 0.073800 0.019000 0.132200 0.157300 0.038100 0.078500 0.078100 0.094000 0.077900 0.078600 0.136800 0.088200 0.133900 0.058400 0.063600 0.082900 0.033000 0.048300 0.074100 0.138700 0.131800 0.083400 0.137500 0.152100 0.082800 0.067300 0.098500 0.057800 0.088600 0.098600 0.083900 0.099000
MaxwellsDu 0.062900 0.293200 0.062600 0.284200 0.067800 0.073800 0.000000 0.088400 0.087700 0.121300 0.073600 0.058100 0.077900 0.048000 0.048600 0.068100 0.114600 0.109900 0.063900 0.067400 0.058700 0.063500 0.116600 0.130800 0.083400 0.068200 0.073400 0.077900 0.078100 0.062300 0.121200 0.053100 0.118700 0.063800 0.069000 0.058000 0.077600 0.052700 0.063900 0.133900 0.116300 0.073200 0.121800 0.136400 0.057900 0.052700 0.088300 0.053100 0.062300 0.083600 0.078300 0.082900
GazellaPrz 0.091000 0.310400 0.093700 0.294100 0.086900 0.092000 0.088400 0.000000 0.118700 0.146800 0.081400 0.082100 0.097200 0.072100 0.067900 0.061900 0.139700 0.135200 0.073100 0.103400 0.052600 0.071300 0.142100 0.167300 0.091400 0.057200 0.103100 0.108900 0.066700 0.093300 0.146700 0.082300 0.165600 0.093500 0.098800 0.077100 0.085600 0.082600 0.062800 0.159200 0.141700 0.062000 0.147400 0.151100 0.077100 0.071700 0.086700 0.082300 0.103700 0.108300 0.109300 0.108800
MountainNy 0.102600 0.275300 0.033600 0.267100 0.087200 0.103800 0.087700 0.118700 0.000000 0.114700 0.093300 0.062500 0.072000 0.077400 0.078400 0.087800 0.113100 0.108500 0.083600 0.048000 0.093700 0.083000 0.110000 0.134800 0.103100 0.088000 0.067600 0.009400 0.097800 0.033400 0.114500 0.092900 0.138700 0.058100 0.068200 0.057600 0.097100 0.077700 0.094200 0.148500 0.109700 0.082800 0.115100 0.140500 0.057500 0.062000 0.113500 0.082600 0.077600 0.091800 0.038400 0.023700
MuntiacusM 0.134700 0.280200 0.110700 0.282500 0.119200 0.136100 0.121300 0.146800 0.114700 0.000000 0.135800 0.114300 0.119000 0.109000 0.110400 0.114800 0.103900 0.109700 0.126700 0.125700 0.120300 0.124900 0.024000 0.057900 0.146000 0.125800 0.114600 0.115300 0.125100 0.105000 0.000000 0.125100 0.139900 0.104900 0.121200 0.098600 0.139400 0.109900 0.132600 0.061900 0.024000 0.120300 0.000100 0.053000 0.098600 0.092800 0.146700 0.114500 0.121000 0.104300 0.115800 0.115200
goat 0.028200 0.282100 0.068500 0.288100 0.052700 0.028600 0.073600 0.081400 0.093300 0.135800 0.000000 0.057500 0.072300 0.072500 0.063400 0.067900 0.129700 0.103900 0.028700 0.083300 0.063500 0.009400 0.131900 0.157000 0.009300 0.068200 0.067800 0.083500 0.077800 0.068200 0.136500 0.077800 0.133700 0.048400 0.053400 0.072600 0.023400 0.048200 0.063800 0.138400 0.131500 0.073100 0.137200 0.151800 0.072600 0.057300 0.088000 0.067700 0.077800 0.098400 0.083800 0.088500
AfricanBuf 0.062000 0.249700 0.038300 0.273400 0.052100 0.067600 0.058100 0.082100 0.062500 0.114300 0.057500 0.000000 0.071800 0.062100 0.053000 0.072300 0.107900 0.103200 0.048000 0.052700 0.057700 0.047700 0.109600 0.129200 0.067100 0.072500 0.067400 0.052900 0.082100 0.038200 0.114200 0.067300 0.107000 0.057900 0.063000 0.042700 0.061600 0.047700 0.068200 0.137400 0.109400 0.077400 0.114800 0.129300 0.042600 0.047200 0.092400 0.057300 0.067100 0.077400 0.053100 0.057700
Topi 0.076700 0.288600 0.057800 0.284600 0.066600 0.077500 0.077900 0.097200 0.072000 0.119000 0.072300 0.071800 0.000000 0.076800 0.067700 0.082300 0.123000 0.107800 0.062700 0.072300 0.077900 0.062300 0.114400 0.149900 0.081900 0.082500 0.023400 0.062500 0.087200 0.057600 0.119000 0.082000 0.137700 0.023600 0.047800 0.076800 0.076300 0.057400 0.078200 0.142200 0.114100 0.087400 0.119500 0.134100 0.076800 0.061600 0.092200 0.067100 0.067000 0.092300 0.057800 0.067300
CommonDuik 0.081800 0.287000 0.063000 0.293400 0.066900 0.082800 0.048000 0.072100 0.077400 0.109000 0.072500 0.062100 0.076800 0.000000 0.048000 0.052500 0.112900 0.097800 0.062900 0.077600 0.057900 0.062500 0.104200 0.128900 0.082200 0.062500 0.072300 0.077800 0.062200 0.062700 0.108800 0.032800 0.127500 0.062900 0.068000 0.047400 0.076500 0.062500 0.058100 0.121600 0.104000 0.057500 0.109400 0.123800 0.047400 0.052000 0.082100 0.052300 0.061900 0.072300 0.078100 0.082800
Suni 0.072800 0.286700 0.053700 0.297200 0.057700 0.073600 0.048600 0.067900 0.078400 0.110400 0.063400 0.053000 0.067700 0.048000 0.000000 0.048100 0.103800 0.109700 0.053700 0.068400 0.043600 0.053300 0.105600 0.130600 0.073100 0.048200 0.058200 0.068600 0.057800 0.053500 0.110300 0.038300 0.129100 0.053600 0.058700 0.038200 0.067500 0.053300 0.053800 0.123100 0.105300 0.053100 0.110800 0.125400 0.038200 0.033200 0.078000 0.043100 0.063000 0.083400 0.068900 0.068600
Springbuck 0.077300 0.283100 0.073300 0.295000 0.072200 0.078200 0.068100 0.061900 0.087800 0.114800 0.067900 0.072300 0.082300 0.052500 0.048100 0.000000 0.118600 0.109100 0.058300 0.088000 0.028300 0.057900 0.110000 0.134900 0.077600 0.023400 0.077800 0.088300 0.023300 0.073000 0.114600 0.062400 0.138800 0.068300 0.073400 0.047500 0.072000 0.067800 0.038100 0.127400 0.109800 0.018600 0.115300 0.129700 0.047500 0.052100 0.056700 0.062400 0.082800 0.098100 0.088100 0.088200
Okapi 0.128500 0.283000 0.109300 0.298500 0.123200 0.129900 0.114600 0.139700 0.113100 0.103900 0.129700 0.107900 0.123000 0.112900 0.103800 0.118600 0.000000 0.042800 0.119900 0.124300 0.113300 0.119000 0.099100 0.123700 0.139700 0.108400 0.118500 0.103300 0.128900 0.108800 0.104100 0.108000 0.122100 0.109000 0.114400 0.102600 0.133200 0.108600 0.125600 0.127100 0.098900 0.113500 0.104300 0.129300 0.102600 0.076700 0.139700 0.118400 0.119300 0.098000 0.114400 0.113800
Giraffe 0.103000 0.278100 0.104600 0.294100 0.108000 0.104100 0.109900 0.135200 0.108500 0.109700 0.103900 0.103200 0.107800 0.097800 0.109700 0.109100 0.042800 0.000000 0.094100 0.119600 0.103800 0.093400 0.105000 0.124600 0.113800 0.098900 0.103400 0.098700 0.119300 0.104200 0.109900 0.113800 0.107100 0.093800 0.099200 0.108400 0.107600 0.093400 0.105300 0.127900 0.104700 0.103900 0.110200 0.130200 0.108400 0.092300 0.119300 0.113800 0.114800 0.093400 0.109700 0.114300
TibetanAnt 0.038100 0.280300 0.058900 0.277500 0.042900 0.038600 0.063900 0.073100 0.083600 0.126700 0.028700 0.048000 0.062700 0.062900 0.053700 0.058300 0.119900 0.094100 0.000000 0.073600 0.053800 0.019100 0.121900 0.147000 0.038300 0.058500 0.058200 0.073800 0.068200 0.058600 0.126500 0.068200 0.123500 0.038800 0.038800 0.063000 0.033200 0.038400 0.054100 0.139200 0.121600 0.063400 0.127200 0.141800 0.063000 0.047800 0.078400 0.058100 0.068000 0.088700 0.074100 0.078800
Sitatunga 0.092700 0.271000 0.023900 0.302500 0.077400 0.093800 0.067400 0.103400 0.048000 0.125700 0.083300 0.052700 0.072300 0.077600 0.068400 0.088000 0.124300 0.119600 0.073600 0.000000 0.083600 0.073100 0.121000 0.146100 0.093100 0.088300 0.067900 0.038300 0.098000 0.023800 0.125600 0.082900 0.117900 0.058300 0.068500 0.057700 0.087200 0.067800 0.084000 0.148900 0.120700 0.093300 0.126200 0.140900 0.057700 0.062200 0.103300 0.072700 0.067500 0.092200 0.038500 0.043100
Oribi 0.068000 0.287100 0.068900 0.303400 0.067800 0.073800 0.058700 0.052600 0.093700 0.120300 0.063500 0.057700 0.077900 0.057900 0.043600 0.028300 0.113300 0.103800 0.053800 0.083600 0.000000 0.053400 0.115200 0.135400 0.073200 0.023600 0.073400 0.083900 0.033000 0.068500 0.115900 0.057900 0.128700 0.063800 0.069000 0.052900 0.067600 0.063400 0.028700 0.132900 0.115100 0.028300 0.120600 0.135400 0.052800 0.047700 0.057300 0.057900 0.078500 0.093800 0.084200 0.083800
BarbaryShe 0.018700 0.274400 0.058500 0.274900 0.042800 0.019000 0.063500 0.071300 0.083000 0.124900 0.009400 0.047700 0.062300 0.062500 0.053300 0.057900 0.119000 0.093400 0.019100 0.073100 0.053400 0.000000 0.121000 0.146000 0.018800 0.058100 0.057800 0.073300 0.067700 0.058200 0.125600 0.067700 0.123100 0.038500 0.043500 0.062600 0.014000 0.038300 0.053700 0.127700 0.120700 0.063000 0.126300 0.140800 0.062600 0.047500 0.077900 0.057700 0.067600 0.088100 0.073600 0.078300
Daviddeer 0.130700 0.288000 0.105900 0.291100 0.114500 0.132200 0.116600 0.142100 0.110000 0.024000 0.131900 0.109600 0.114400 0.104200 0.105600 0.110000 0.099100 0.105000 0.121900 0.121000 0.115200 0.121000 0.000000 0.053200 0.142100 0.121000 0.109900 0.110600 0.120400 0.100200 0.024100 0.120400 0.134700 0.100200 0.116500 0.093900 0.135400 0.105100 0.127800 0.057200 0.000000 0.115600 0.024100 0.048300 0.093900 0.088100 0.141900 0.109800 0.116000 0.110100 0.111000 0.110500
Reindeer 0.144700 0.311200 0.130900 0.327200 0.139200 0.157300 0.130800 0.167300 0.134800 0.057900 0.157000 0.129200 0.149900 0.128900 0.130600 0.134900 0.123700 0.124600 0.147000 0.146100 0.135400 0.146000 0.053200 0.000000 0.167300 0.135200 0.145500 0.135500 0.145300 0.125100 0.058000 0.145300 0.149200 0.135800 0.152600 0.118500 0.160300 0.129900 0.141900 0.061000 0.053100 0.129700 0.058100 0.032900 0.118400 0.102000 0.151000 0.134400 0.152800 0.145900 0.147100 0.146400
Ibex 0.037600 0.294100 0.078300 0.299900 0.062300 0.038100 0.083400 0.091400 0.103100 0.146000 0.009300 0.067100 0.081900 0.082200 0.073100 0.077600 0.139700 0.113800 0.038300 0.093100 0.073200 0.018800 0.142100 0.167300 0.000000 0.077900 0.077500 0.093400 0.087600 0.078000 0.146800 0.087600 0.143700 0.058000 0.063100 0.082300 0.032700 0.057900 0.073600 0.148400 0.141700 0.082800 0.147300 0.162000 0.082300 0.066800 0.097900 0.077400 0.087900 0.108300 0.093700 0.098400
GyrantGaze 0.077600 0.298300 0.073600 0.308800 0.072400 0.078500 0.068200 0.057200 0.088000 0.125800 0.068200 0.072500 0.082500 0.062500 0.048200 0.023400 0.108400 0.098900 0.058500 0.088300 0.023600 0.058100 0.121000 0.135200 0.077900 0.000000 0.078100 0.078300 0.028100 0.073300 0.125700 0.062600 0.139300 0.068500 0.073700 0.057500 0.072200 0.068100 0.023600 0.138400 0.120700 0.004600 0.126300 0.140800 0.057500 0.042500 0.061900 0.062600 0.083200 0.098500 0.088500 0.088500
Hartebeest 0.077200 0.296100 0.053300 0.293300 0.062200 0.078100 0.073400 0.103100 0.067600 0.114600 0.067800 0.067400 0.023400 0.072300 0.058200 0.077800 0.118500 0.103400 0.058200 0.067900 0.073400 0.057800 0.109900 0.145500 0.077500 0.078100 0.000000 0.058000 0.087700 0.053000 0.114500 0.077600 0.133400 0.019000 0.043300 0.072400 0.071900 0.052800 0.073700 0.137800 0.109600 0.083000 0.115100 0.140300 0.072300 0.057100 0.087800 0.067500 0.062200 0.087800 0.058200 0.062900
Bongo 0.092900 0.277200 0.024000 0.282000 0.077600 0.094000 0.077900 0.108900 0.009400 0.115300 0.083500 0.052900 0.062500 0.077800 0.068600 0.088300 0.103300 0.098700 0.073800 0.038300 0.083900 0.073300 0.110600 0.135500 0.093400 0.078300 0.058000 0.000000 0.098300 0.023900 0.115200 0.083200 0.128800 0.048500 0.058600 0.057900 0.087400 0.068000 0.084300 0.149300 0.110300 0.083200 0.115800 0.141300 0.057800 0.052500 0.103600 0.073000 0.067700 0.082100 0.028800 0.014200
Gerenuk 0.077100 0.281900 0.083300 0.307000 0.081800 0.077900 0.078100 0.066700 0.097800 0.125100 0.077800 0.082100 0.087200 0.062200 0.057800 0.023300 0.128900 0.119300 0.068200 0.098000 0.033000 0.067700 0.120400 0.145300 0.087600 0.028100 0.087700 0.098300 0.000000 0.082900 0.125100 0.072100 0.148900 0.078200 0.083400 0.057200 0.081800 0.077500 0.042800 0.137700 0.120100 0.023300 0.125600 0.140100 0.057200 0.061800 0.071300 0.062200 0.093200 0.108200 0.088000 0.098200
CommonElan 0.077600 0.265900 0.009500 0.269100 0.057700 0.078600 0.062300 0.093300 0.033400 0.105000 0.068200 0.038200 0.057600 0.062700 0.053500 0.073000 0.108800 0.104200 0.058600 0.023800 0.068500 0.058200 0.100200 0.125100 0.078000 0.073300 0.053000 0.023900 0.082900 0.000000 0.104800 0.067900 0.113100 0.043500 0.053600 0.043100 0.072300 0.053000 0.068900 0.128200 0.100000 0.078200 0.105400 0.120000 0.043000 0.042800 0.088100 0.053000 0.062500 0.076900 0.024000 0.028700
MuntiacusR 0.135300 0.280700 0.110500 0.282100 0.119100 0.136800 0.121200 0.146700 0.114500 0.000000 0.136500 0.114200 0.119000 0.108800 0.110300 0.114600 0.104100 0.109900 0.126500 0.125600 0.115900 0.125600 0.024100 0.058000 0.146800 0.125700 0.114500 0.115200 0.125100 0.104800 0.000000 0.125000 0.140100 0.104800 0.121100 0.098400 0.140000 0.109700 0.132600 0.062000 0.024000 0.120300 0.000100 0.053100 0.098300 0.092600 0.146700 0.114400 0.120900 0.104100 0.115700 0.115100
HarveysDui 0.087100 0.307400 0.068200 0.313800 0.072000 0.088200 0.053100 0.082300 0.092900 0.125100 0.077800 0.067300 0.082000 0.032800 0.038300 0.062400 0.108000 0.113800 0.068200 0.082900 0.057900 0.067700 0.120400 0.145300 0.087600 0.062600 0.077600 0.083200 0.072100 0.067900 0.125000 0.000000 0.143800 0.068100 0.073300 0.052400 0.081800 0.067600 0.068300 0.126900 0.120100 0.067500 0.125500 0.140200 0.052400 0.037600 0.082300 0.057400 0.067200 0.097900 0.083500 0.083100
Pronghorn 0.122000 0.292800 0.113600 0.350600 0.111700 0.133900 0.118700 0.165600 0.138700 0.139900 0.133700 0.107000 0.137700 0.127500 0.129100 0.138800 0.122100 0.107100 0.123500 0.117900 0.128700 0.123100 0.134700 0.149200 0.143700 0.139300 0.133400 0.128800 0.148900 0.113100 0.140100 0.143800 0.000000 0.123800 0.129200 0.117200 0.137200 0.102400 0.135300 0.152300 0.134400 0.144400 0.140500 0.154900 0.117200 0.121600 0.159900 0.133000 0.139900 0.117900 0.124000 0.133900
BlueWildeb 0.057800 0.286300 0.043800 0.282900 0.052700 0.058400 0.063800 0.093500 0.058100 0.104900 0.048400 0.057900 0.023600 0.062900 0.053600 0.068300 0.109000 0.093800 0.038800 0.058300 0.063800 0.038500 0.100200 0.135800 0.058000 0.068500 0.019000 0.048500 0.078200 0.043500 0.104800 0.068100 0.123800 0.000000 0.024000 0.062900 0.052600 0.043300 0.064100 0.128200 0.099900 0.073400 0.105400 0.130700 0.062900 0.047700 0.078200 0.058100 0.052600 0.078300 0.048600 0.053400
Gemsbok 0.062800 0.293700 0.053800 0.303600 0.057800 0.063600 0.069000 0.098800 0.068200 0.121200 0.053400 0.063000 0.047800 0.068000 0.058700 0.073400 0.114400 0.099200 0.038800 0.068500 0.069000 0.043500 0.116500 0.152600 0.063100 0.073700 0.043300 0.058600 0.083400 0.053600 0.121100 0.073300 0.129200 0.024000 0.000000 0.068000 0.057600 0.053300 0.069300 0.144600 0.116200 0.078700 0.121700 0.147400 0.068000 0.052700 0.093800 0.063100 0.062900 0.083500 0.058800 0.063500
Yak 0.081900 0.255000 0.043200 0.280500 0.066900 0.082900 0.058000 0.077100 0.057600 0.098600 0.072600 0.042700 0.076800 0.047400 0.038200 0.047500 0.102600 0.108400 0.063000 0.057700 0.052900 0.062600 0.093900 0.118500 0.082300 0.057500 0.072400 0.057900 0.057200 0.043100 0.098400 0.052400 0.117200 0.062900 0.068000 0.000000 0.076600 0.062500 0.063100 0.121700 0.093700 0.052500 0.099000 0.103000 0.000000 0.042300 0.077100 0.052400 0.072100 0.082400 0.058100 0.057800
BlueSheep 0.032600 0.294700 0.072600 0.290800 0.056900 0.033000 0.077600 0.085600 0.097100 0.139400 0.023400 0.061600 0.076300 0.076500 0.067500 0.072000 0.133200 0.107600 0.033200 0.087200 0.067600 0.014000 0.135400 0.160300 0.032700 0.072200 0.071900 0.087400 0.081800 0.072300 0.140000 0.081800 0.137200 0.052600 0.057600 0.076600 0.000000 0.052500 0.067900 0.141800 0.135000 0.077100 0.140600 0.155100 0.076500 0.061400 0.081800 0.071700 0.082100 0.102200 0.087800 0.092400
BohorReedb 0.047800 0.284200 0.051200 0.268700 0.023400 0.048300 0.052700 0.082600 0.077700 0.109900 0.048200 0.047700 0.057400 0.062500 0.053300 0.067800 0.108600 0.093400 0.038400 0.067800 0.063400 0.038300 0.105100 0.129900 0.057900 0.068100 0.052800 0.068000 0.077500 0.053000 0.109700 0.067600 0.102400 0.043300 0.053300 0.062500 0.052500 0.000000 0.063700 0.112200 0.104800 0.073000 0.110300 0.124800 0.062500 0.047500 0.082900 0.057700 0.056800 0.077300 0.068300 0.072900
KirksDik 0.073200 0.295300 0.069200 0.306100 0.068100 0.074100 0.063900 0.062800 0.094200 0.132600 0.063800 0.068200 0.078200 0.058100 0.053800 0.038100 0.125600 0.105300 0.054100 0.084000 0.028700 0.053700 0.127800 0.141900 0.073600 0.023600 0.073700 0.084300 0.042800 0.068900 0.132600 0.068300 0.135300 0.064100 0.069300 0.063100 0.067900 0.063700 0.000000 0.145100 0.127500 0.028300 0.133200 0.147800 0.063100 0.057800 0.057500 0.058200 0.079100 0.094200 0.084600 0.089300
RoeDeer 0.137200 0.320300 0.134000 0.328400 0.121400 0.138700 0.133900 0.159200 0.148500 0.061900 0.138400 0.137400 0.142200 0.121600 0.123100 0.127400 0.127100 0.127900 0.139200 0.148900 0.132900 0.127700 0.057200 0.061000 0.148400 0.138400 0.137800 0.149300 0.137700 0.128200 0.062000 0.126900 0.152300 0.128200 0.144600 0.121700 0.141800 0.112200 0.145100 0.000000 0.057100 0.133000 0.062100 0.056100 0.121600 0.105600 0.153900 0.127100 0.133700 0.149000 0.150000 0.149200
WhiteLippe 0.130300 0.288100 0.105600 0.290300 0.114200 0.131800 0.116300 0.141700 0.109700 0.024000 0.131500 0.109400 0.114100 0.104000 0.105300 0.109800 0.098900 0.104700 0.121600 0.120700 0.115100 0.120700 0.000000 0.053100 0.141700 0.120700 0.109600 0.110300 0.120100 0.100000 0.024000 0.120100 0.134400 0.099900 0.116200 0.093700 0.135000 0.104800 0.127500 0.057100 0.000000 0.115300 0.024100 0.048200 0.093600 0.087900 0.141600 0.109500 0.115900 0.109800 0.110800 0.110200
ThomsonGaz 0.082500 0.291200 0.078500 0.301900 0.077300 0.083400 0.073200 0.062000 0.082800 0.120300 0.073100 0.077400 0.087400 0.057500 0.053100 0.018600 0.113500 0.103900 0.063400 0.093300 0.028300 0.063000 0.115600 0.129700 0.082800 0.004600 0.083000 0.083200 0.023300 0.078200 0.120300 0.067500 0.144400 0.073400 0.078700 0.052500 0.077100 0.073000 0.028300 0.133000 0.115300 0.000000 0.120800 0.135300 0.052500 0.047300 0.066700 0.067400 0.088500 0.103500 0.093700 0.093500
MuntiacusC 0.136000 0.281500 0.111100 0.283600 0.119700 0.137500 0.121800 0.147400 0.115100 0.000100 0.137200 0.114800 0.119500 0.109400 0.110800 0.115300 0.104300 0.110200 0.127200 0.126200 0.120600 0.126300 0.024100 0.058100 0.147300 0.126300 0.115100 0.115800 0.125600 0.105400 0.000100 0.125500 0.140500 0.105400 0.121700 0.099000 0.140600 0.110300 0.133200 0.062100 0.024100 0.120800 0.000000 0.053200 0.099000 0.093200 0.147300 0.114900 0.121400 0.104700 0.116300 0.115700
WhiteTaile 0.150400 0.305300 0.125700 0.307800 0.134000 0.152100 0.136400 0.151100 0.140500 0.053000 0.151800 0.129300 0.134100 0.123800 0.125400 0.129700 0.129300 0.130200 0.141800 0.140900 0.135400 0.140800 0.048300 0.032900 0.162000 0.140800 0.140300 0.141300 0.140100 0.120000 0.053100 0.140200 0.154900 0.130700 0.147400 0.103000 0.155100 0.124800 0.147800 0.056100 0.048200 0.135300 0.053200 0.000000 0.103000 0.107400 0.145800 0.129300 0.147400 0.140600 0.141800 0.141200
Cattle 0.081900 0.255000 0.043200 0.280400 0.066900 0.082800 0.057900 0.077100 0.057500 0.098600 0.072600 0.042600 0.076800 0.047400 0.038200 0.047500 0.102600 0.108400 0.063000 0.057700 0.052800 0.062600 0.093900 0.118400 0.082300 0.057500 0.072300 0.057800 0.057200 0.043000 0.098300 0.052400 0.117200 0.062900 0.068000 0.000000 0.076500 0.062500 0.063100 0.121600 0.093600 0.052500 0.099000 0.103000 0.000000 0.042300 0.077000 0.052400 0.072100 0.082400 0.058000 0.057800
RoyalAntel 0.066600 0.274100 0.047800 0.278600 0.042200 0.067300 0.052700 0.071700 0.062000 0.092800 0.057300 0.047200 0.061600 0.052000 0.033200 0.052100 0.076700 0.092300 0.047800 0.062200 0.047700 0.047500 0.088100 0.102000 0.066800 0.042500 0.057100 0.052500 0.061800 0.042800 0.092600 0.037600 0.121600 0.047700 0.052700 0.042300 0.061400 0.047500 0.057800 0.105600 0.087900 0.047300 0.093200 0.107400 0.042300 0.000000 0.071700 0.037600 0.056200 0.077000 0.062600 0.062300
Steenbok 0.097400 0.310200 0.088500 0.320300 0.092200 0.098500 0.088300 0.086700 0.113500 0.146700 0.088000 0.092400 0.092200 0.082100 0.078000 0.056700 0.139700 0.119300 0.078400 0.103300 0.057300 0.077900 0.141900 0.151000 0.097900 0.061900 0.087800 0.103600 0.071300 0.088100 0.146700 0.082300 0.159900 0.078200 0.093800 0.077100 0.081800 0.082900 0.057500 0.153900 0.141600 0.066700 0.147300 0.145800 0.077000 0.071700 0.000000 0.082200 0.098500 0.118800 0.104000 0.108700
Impala 0.067000 0.275900 0.058200 0.294600 0.052200 0.057800 0.053100 0.082300 0.082600 0.114500 0.067700 0.057300 0.067100 0.052300 0.043100 0.062400 0.118400 0.113800 0.058100 0.072700 0.057900 0.057700 0.109800 0.134400 0.077400 0.062600 0.067500 0.073000 0.062200 0.053000 0.114400 0.057400 0.133000 0.058100 0.063100 0.052400 0.071700 0.057700 0.058200 0.127100 0.109500 0.067400 0.114900 0.129300 0.052400 0.037600 0.082200 0.000000 0.067400 0.087700 0.063100 0.077900
Klipspring 0.087600 0.301200 0.062800 0.305500 0.061300 0.088600 0.062300 0.103700 0.077600 0.121000 0.077800 0.067100 0.067000 0.061900 0.063000 0.082800 0.119300 0.114800 0.068000 0.067500 0.078500 0.067600 0.116000 0.152800 0.087900 0.083200 0.062200 0.067700 0.093200 0.062500 0.120900 0.067200 0.139900 0.052600 0.062900 0.072100 0.082100 0.056800 0.079100 0.133700 0.115900 0.088500 0.121400 0.147400 0.072100 0.056200 0.098500 0.067400 0.000000 0.087300 0.067900 0.072800
ForestMusk 0.097600 0.297100 0.077400 0.294900 0.092400 0.098600 0.083600 0.108300 0.091800 0.104300 0.098400 0.077400 0.092300 0.072300 0.083400 0.098100 0.098000 0.093400 0.088700 0.092200 0.093800 0.088100 0.110100 0.145900 0.108300 0.098500 0.087800 0.082100 0.108200 0.076900 0.104100 0.097900 0.117900 0.078300 0.083500 0.082400 0.102200 0.077300 0.094200 0.149000 0.109800 0.103500 0.104700 0.140600 0.082400 0.077000 0.118800 0.087700 0.087300 0.000000 0.082300 0.087100
Bushbuck 0.083000 0.258800 0.024100 0.290800 0.077900 0.083900 0.078300 0.109300 0.038400 0.115800 0.083800 0.053100 0.057800 0.078100 0.068900 0.088100 0.114400 0.109700 0.074100 0.038500 0.084200 0.073600 0.111000 0.147100 0.093700 0.088500 0.058200 0.028800 0.088000 0.024000 0.115700 0.083500 0.124000 0.048600 0.058800 0.058100 0.087800 0.068300 0.084600 0.150000 0.110800 0.093700 0.116300 0.141800 0.058000 0.062600 0.104000 0.063100 0.067900 0.082300 0.000000 0.033700
GreaterKud 0.097900 0.283400 0.028800 0.288100 0.082500 0.099000 0.082900 0.108800 0.023700 0.115200 0.088500 0.057700 0.067300 0.082800 0.068600 0.088200 0.113800 0.114300 0.078800 0.043100 0.083800 0.078300 0.110500 0.146400 0.098400 0.088500 0.062900 0.014200 0.098200 0.028700 0.115100 0.083100 0.133900 0.053400 0.063500 0.057800 0.092400 0.072900 0.089300 0.149200 0.110200 0.093500 0.115700 0.141200 0.057800 0.062300 0.108700 0.077900 0.072800 0.087100 0.033700 0.000000
