1
52 1
Argali 0.000000 0.320400 0.262500 0.386600 0.161100 0.029300 0.160900 0.116600 0.262500 0.155600 0.029300 0.144100 0.058000 0.151700 0.086800 0.125500 0.090800 0.151000 0.086700 0.289400 0.029300 0.029300 0.188400 0.261300 0.060200 0.130900 0.058000 0.297400 0.092600 0.262500 0.165300 0.120000 0.176800 0.058000 0.088100 0.236200 0.058600 0.221000 0.120900 0.188600 0.247400 0.194200 0.224400 0.184600 0.175000 0.115800 0.093200 0.128200 0.116900 0.116100 0.262500 0.262500
LesserMous 0.320400 0.000000 0.316300 0.466100 0.360300 0.277300 0.442300 0.301800 0.316300 0.351100 0.277300 0.330400 0.306500 0.423200 0.338400 0.280100 0.278400 0.342500 0.339400 0.344700 0.277300 0.277300 0.199400 0.280100 0.318100 0.368200 0.306500 0.353000 0.317300 0.316300 0.325600 0.383700 0.264400 0.306500 0.343600 0.441000 0.309600 0.346700 0.271400 0.316100 0.261500 0.352900 0.310900 0.269700 0.367600 0.300200 0.317900 0.320700 0.301800 0.167200 0.316300 0.316300
LesserKudu 0.262500 0.316300 0.000000 0.368600 0.231200 0.225900 0.298300 0.251100 0.000000 0.225800 0.225900 0.157400 0.191400 0.288700 0.251600 0.262700 0.226700 0.286900 0.284500 0.023200 0.225900 0.225900 0.193100 0.333500 0.261200 0.342300 0.191400 0.023400 0.298100 0.000000 0.303400 0.255100 0.131300 0.191400 0.222700 0.215400 0.225600 0.162800 0.323100 0.261700 0.187500 0.262100 0.226300 0.254900 0.186100 0.188600 0.298200 0.262700 0.188500 0.129900 0.000000 0.000000
KillerWhal 0.386600 0.466100 0.368600 0.000000 0.349300 0.335600 0.346000 0.358300 0.368600 0.333400 0.335600 0.240400 0.288400 0.366400 0.400800 0.473100 0.259700 0.325300 0.401500 0.396400 0.335600 0.335600 0.373700 0.466900 0.382800 0.404000 0.288400 0.408400 0.429500 0.368600 0.442300 0.290000 0.432100 0.288400 0.326500 0.383900 0.334300 0.413700 0.457700 0.375200 0.356400 0.581200 0.334400 0.365600 0.274800 0.354200 0.431900 0.490200 0.357600 0.355800 0.368600 0.368600
DefassaWat 0.161100 0.360300 0.231200 0.349300 0.000000 0.123600 0.127500 0.216800 0.231200 0.190400 0.123600 0.177900 0.088900 0.186900 0.183600 0.232100 0.123800 0.185900 0.183600 0.258500 0.123600 0.123600 0.154400 0.303800 0.124000 0.167300 0.088900 0.265400 0.195900 0.231200 0.278700 0.089300 0.246600 0.088900 0.120400 0.315100 0.123000 0.057300 0.224200 0.226300 0.147700 0.230700 0.190900 0.221100 0.210600 0.148600 0.197100 0.234300 0.149600 0.147600 0.231200 0.231200
Sheep 0.029300 0.277300 0.225900 0.335600 0.123600 0.000000 0.123300 0.084300 0.225900 0.184200 0.000000 0.111300 0.027900 0.116900 0.055800 0.090300 0.058200 0.116200 0.055700 0.252700 0.000000 0.000000 0.150700 0.219500 0.028900 0.093900 0.027900 0.259000 0.059200 0.225900 0.195000 0.086600 0.142400 0.027900 0.056600 0.199500 0.028200 0.182200 0.087200 0.151000 0.208400 0.155100 0.184600 0.148000 0.140600 0.083800 0.059600 0.157500 0.084500 0.084000 0.225900 0.225900
MaxwellsDu 0.160900 0.442300 0.298300 0.346000 0.127500 0.123300 0.000000 0.215300 0.298300 0.189700 0.123300 0.176500 0.088600 0.185800 0.182500 0.231300 0.123500 0.118700 0.182400 0.325300 0.123300 0.130100 0.224900 0.300100 0.158200 0.167300 0.088600 0.262200 0.195300 0.298300 0.278100 0.089000 0.279700 0.088600 0.057800 0.311000 0.122800 0.187200 0.223000 0.154200 0.214200 0.230200 0.190200 0.219700 0.209000 0.085400 0.126000 0.314700 0.148800 0.214000 0.298300 0.298300
GazellaPrz 0.116600 0.301800 0.251100 0.358300 0.216800 0.084300 0.215300 0.000000 0.251100 0.276500 0.084300 0.136100 0.111600 0.205300 0.139500 0.179700 0.145000 0.204200 0.139600 0.278200 0.084300 0.084300 0.242000 0.316700 0.115200 0.186800 0.111600 0.284900 0.085900 0.251100 0.291300 0.112000 0.230600 0.111600 0.141700 0.162800 0.112600 0.275900 0.083700 0.243300 0.300700 0.249900 0.277100 0.237400 0.165500 0.168500 0.148500 0.251600 0.169300 0.168800 0.251100 0.251100
MountainNy 0.262500 0.316300 0.000000 0.368600 0.231200 0.225900 0.298300 0.251100 0.000000 0.225800 0.225900 0.157400 0.191400 0.288700 0.251600 0.262700 0.226700 0.286900 0.284500 0.023200 0.225900 0.225900 0.193100 0.333500 0.261200 0.342300 0.191400 0.023400 0.298100 0.000000 0.303400 0.255100 0.131300 0.191400 0.222700 0.215400 0.225600 0.162800 0.323100 0.261700 0.187500 0.262100 0.226300 0.254900 0.186100 0.188600 0.298200 0.262700 0.188500 0.129900 0.000000 0.000000
MuntiacusM 0.155600 0.351100 0.225800 0.333400 0.190400 0.184200 0.189700 0.276500 0.225800 0.000000 0.184200 0.171600 0.147400 0.247300 0.243000 0.223100 0.119600 0.179200 0.243000 0.252700 0.184200 0.184200 0.150400 0.219200 0.221100 0.232400 0.147400 0.258900 0.259500 0.225800 0.061200 0.148000 0.205400 0.147400 0.179300 0.301300 0.183400 0.181400 0.285900 0.150700 0.144000 0.377300 0.057800 0.147700 0.202500 0.143200 0.260500 0.228100 0.144300 0.143900 0.225800 0.225800
goat 0.029300 0.277300 0.225900 0.335600 0.123600 0.000000 0.123300 0.084300 0.225900 0.184200 0.000000 0.111300 0.027900 0.116900 0.055800 0.090300 0.058200 0.116200 0.055700 0.252700 0.000000 0.000000 0.150700 0.219500 0.028900 0.093900 0.027900 0.259000 0.059200 0.225900 0.195000 0.086600 0.142400 0.027900 0.056600 0.199500 0.028200 0.182200 0.087200 0.151000 0.208400 0.155100 0.184600 0.148000 0.140600 0.083800 0.059600 0.157500 0.084500 0.084000 0.225900 0.225900
AfricanBuf 0.144100 0.330400 0.157400 0.240400 0.177900 0.111300 0.176500 0.136100 0.157400 0.171600 0.111300 0.000000 0.080500 0.169100 0.166200 0.207300 0.111700 0.168500 0.166400 0.183600 0.111300 0.111300 0.203400 0.273200 0.142700 0.215000 0.080500 0.187000 0.175500 0.157400 0.247400 0.138800 0.195000 0.080500 0.109000 0.104400 0.110800 0.235500 0.201400 0.204500 0.136200 0.278400 0.172000 0.199800 0.025200 0.135300 0.176100 0.279600 0.135800 0.135800 0.157400 0.157400
Topi 0.058000 0.306500 0.191400 0.288400 0.088900 0.027900 0.088600 0.111600 0.191400 0.147400 0.027900 0.080500 0.000000 0.084400 0.083000 0.119000 0.086400 0.144100 0.082900 0.218000 0.027900 0.027900 0.179100 0.249100 0.057300 0.123600 0.000000 0.222700 0.088000 0.191400 0.224400 0.055500 0.170100 0.000000 0.027200 0.197300 0.027800 0.146100 0.115100 0.179700 0.172000 0.184400 0.147700 0.176000 0.108500 0.053900 0.088300 0.186700 0.054300 0.111200 0.191400 0.191400
CommonDuik 0.151700 0.423200 0.288700 0.366400 0.186900 0.116900 0.185800 0.205300 0.288700 0.247300 0.116900 0.169100 0.084400 0.000000 0.174000 0.218300 0.181100 0.176200 0.174000 0.251700 0.116900 0.116900 0.282800 0.362600 0.150100 0.226900 0.084400 0.324300 0.179100 0.288700 0.337000 0.145500 0.268800 0.084400 0.114100 0.298800 0.116400 0.246100 0.211500 0.284000 0.271400 0.292200 0.247900 0.277400 0.199800 0.141100 0.185300 0.255300 0.081600 0.204200 0.288700 0.288700
Suni 0.086800 0.338400 0.251600 0.400800 0.183600 0.055800 0.182500 0.139500 0.251600 0.243000 0.055800 0.166200 0.083000 0.174000 0.000000 0.148600 0.115000 0.172800 0.110600 0.278500 0.055800 0.055800 0.209000 0.281100 0.085900 0.154100 0.083000 0.284800 0.117200 0.251600 0.256100 0.143000 0.168400 0.083000 0.112100 0.225200 0.083800 0.208900 0.143900 0.209700 0.266500 0.182000 0.243600 0.205400 0.196300 0.138700 0.117500 0.217000 0.139700 0.139000 0.251600 0.251600
Springbuck 0.125500 0.280100 0.262700 0.473100 0.232100 0.090300 0.231300 0.179700 0.262700 0.223100 0.090300 0.207300 0.119000 0.218300 0.148600 0.000000 0.155400 0.217000 0.148400 0.290000 0.090300 0.090300 0.152100 0.188700 0.123700 0.130200 0.119000 0.297700 0.092100 0.262700 0.163700 0.184900 0.176500 0.119000 0.150800 0.304500 0.120400 0.220500 0.120400 0.187800 0.179100 0.193300 0.154700 0.118800 0.240000 0.115400 0.092700 0.195900 0.116300 0.115600 0.262700 0.262700
Okapi 0.090800 0.278400 0.226700 0.259700 0.123800 0.058200 0.123500 0.145000 0.226700 0.119600 0.058200 0.111700 0.086400 0.181100 0.115000 0.155400 0.000000 0.056700 0.114900 0.253500 0.058200 0.058200 0.088100 0.152200 0.089600 0.094000 0.086400 0.259800 0.122400 0.226700 0.126600 0.086700 0.142900 0.086400 0.116700 0.200200 0.087300 0.182500 0.150000 0.088200 0.144900 0.225300 0.119900 0.086500 0.141200 0.144100 0.123100 0.228200 0.145200 0.084300 0.226700 0.226700
Giraffe 0.151000 0.342500 0.286900 0.325300 0.185900 0.116200 0.118700 0.204200 0.286900 0.179200 0.116200 0.168500 0.144100 0.176200 0.172800 0.217000 0.056700 0.000000 0.172900 0.250200 0.116200 0.116200 0.147000 0.213600 0.149000 0.156200 0.144100 0.252300 0.183500 0.286900 0.189000 0.144600 0.201500 0.144100 0.112700 0.260600 0.145500 0.244500 0.210200 0.085200 0.203700 0.216400 0.179600 0.144200 0.199300 0.139200 0.118300 0.292500 0.203500 0.141100 0.286900 0.286900
TibetanAnt 0.086700 0.339400 0.284500 0.401500 0.183600 0.055700 0.182400 0.139600 0.284500 0.243000 0.055700 0.166400 0.082900 0.174000 0.110600 0.148400 0.114900 0.172900 0.000000 0.312100 0.055700 0.055700 0.209000 0.281400 0.085700 0.154000 0.082900 0.319500 0.117000 0.284500 0.256000 0.143000 0.199300 0.082900 0.112100 0.257600 0.083700 0.242100 0.143700 0.210000 0.267000 0.215300 0.243600 0.205500 0.196700 0.138800 0.117400 0.217200 0.139700 0.139100 0.284500 0.284500
Sitatunga 0.289400 0.344700 0.023200 0.396400 0.258500 0.252700 0.325300 0.278200 0.023200 0.252700 0.252700 0.183600 0.218000 0.251700 0.278500 0.290000 0.253500 0.250200 0.312100 0.000000 0.252700 0.252700 0.219600 0.362700 0.288600 0.369600 0.218000 0.047000 0.325800 0.023200 0.330400 0.282300 0.157800 0.218000 0.249700 0.242700 0.252500 0.189700 0.350400 0.289700 0.214000 0.289500 0.253300 0.282200 0.212700 0.215500 0.325400 0.288900 0.215100 0.155700 0.023200 0.023200
Oribi 0.029300 0.277300 0.225900 0.335600 0.123600 0.000000 0.123300 0.084300 0.225900 0.184200 0.000000 0.111300 0.027900 0.116900 0.055800 0.090300 0.058200 0.116200 0.055700 0.252700 0.000000 0.000000 0.150700 0.219500 0.028900 0.093900 0.027900 0.259000 0.059200 0.225900 0.195000 0.086600 0.142400 0.027900 0.056600 0.199500 0.028200 0.182200 0.087200 0.151000 0.208400 0.155100 0.184600 0.148000 0.140600 0.083800 0.059800 0.157500 0.084500 0.084000 0.225900 0.225900
BarbaryShe 0.029300 0.277300 0.225900 0.335600 0.123600 0.000000 0.130100 0.084300 0.225900 0.184200 0.000000 0.111300 0.027900 0.116900 0.055800 0.090300 0.058200 0.116200 0.055700 0.252700 0.000000 0.000000 0.150700 0.219500 0.028900 0.093900 0.027900 0.259000 0.059200 0.225900 0.195000 0.086600 0.142400 0.027900 0.056600 0.199500 0.028200 0.182200 0.087200 0.151000 0.208400 0.155100 0.184600 0.148000 0.140600 0.083800 0.059600 0.157500 0.084500 0.084000 0.225900 0.225900
Daviddeer 0.188400 0.199400 0.193100 0.373700 0.154400 0.150700 0.224900 0.242000 0.193100 0.150400 0.150700 0.203400 0.179100 0.282800 0.209000 0.152100 0.088100 0.147000 0.209000 0.219600 0.150700 0.150700 0.000000 0.149200 0.185600 0.158100 0.179100 0.225200 0.185500 0.193100 0.123700 0.179900 0.141700 0.179100 0.212600 0.300000 0.181200 0.147100 0.212400 0.118600 0.082400 0.219000 0.117500 0.084800 0.235900 0.174600 0.186800 0.189400 0.175500 0.054600 0.193100 0.193100
Reindeer 0.261300 0.280100 0.333500 0.466900 0.303800 0.219500 0.300100 0.316700 0.333500 0.219200 0.219500 0.273200 0.249100 0.362600 0.281100 0.188700 0.152200 0.213600 0.281400 0.362700 0.219500 0.219500 0.149200 0.000000 0.259400 0.196200 0.249100 0.371900 0.223200 0.333500 0.159400 0.250500 0.242300 0.249100 0.284800 0.378300 0.251400 0.291000 0.252200 0.184800 0.176900 0.338200 0.151700 0.116800 0.307400 0.242800 0.224800 0.340500 0.243800 0.176700 0.333500 0.333500
Ibex 0.060200 0.318100 0.261200 0.382800 0.124000 0.028900 0.158200 0.115200 0.261200 0.221100 0.028900 0.142700 0.057300 0.150100 0.085900 0.123700 0.089600 0.149000 0.085700 0.288600 0.028900 0.028900 0.185600 0.259400 0.000000 0.128700 0.057300 0.295600 0.091200 0.261200 0.234200 0.118600 0.175500 0.057300 0.086900 0.234300 0.057800 0.182800 0.119400 0.186000 0.244900 0.191100 0.221600 0.182600 0.173100 0.114500 0.098100 0.194100 0.115600 0.114800 0.261200 0.261200
GyrantGaze 0.130900 0.368200 0.342300 0.404000 0.167300 0.093900 0.167300 0.186800 0.342300 0.232400 0.093900 0.215000 0.123600 0.226900 0.154100 0.130200 0.094000 0.156200 0.154000 0.369600 0.093900 0.093900 0.158100 0.196200 0.128700 0.000000 0.123600 0.381800 0.095800 0.342300 0.171300 0.124200 0.251400 0.123600 0.156700 0.316300 0.125100 0.229000 0.125200 0.195400 0.185800 0.130300 0.161000 0.123400 0.249300 0.185000 0.096700 0.284000 0.186700 0.185500 0.342300 0.342300
Hartebeest 0.058000 0.306500 0.191400 0.288400 0.088900 0.027900 0.088600 0.111600 0.191400 0.147400 0.027900 0.080500 0.000000 0.084400 0.083000 0.119000 0.086400 0.144100 0.082900 0.218000 0.027900 0.027900 0.179100 0.249100 0.057300 0.123600 0.000000 0.222700 0.088000 0.191400 0.224400 0.055500 0.170100 0.000000 0.027200 0.197300 0.027800 0.146100 0.115100 0.179700 0.172000 0.184400 0.147700 0.176000 0.108500 0.053900 0.088300 0.186700 0.054300 0.111200 0.191400 0.191400
Bongo 0.297400 0.353000 0.023400 0.408400 0.265400 0.259000 0.262200 0.284900 0.023400 0.258900 0.259000 0.187000 0.222700 0.324300 0.284800 0.297700 0.259800 0.252300 0.319500 0.047000 0.259000 0.259000 0.225200 0.371900 0.295600 0.381800 0.222700 0.000000 0.335000 0.023400 0.340800 0.289100 0.160400 0.222700 0.190500 0.247700 0.258800 0.193500 0.359900 0.227100 0.218500 0.228000 0.259500 0.289000 0.217300 0.158200 0.261900 0.298200 0.219400 0.158700 0.023700 0.023400
Gerenuk 0.092600 0.317300 0.298100 0.429500 0.195900 0.059200 0.195300 0.085900 0.298100 0.259500 0.059200 0.175500 0.088000 0.179100 0.117200 0.092100 0.122400 0.183500 0.117000 0.325800 0.059200 0.059200 0.185500 0.223200 0.091200 0.095800 0.088000 0.335000 0.000000 0.298100 0.199500 0.088400 0.209900 0.088000 0.118900 0.203200 0.088900 0.256800 0.058600 0.223200 0.212700 0.157600 0.188600 0.151000 0.206800 0.146800 0.060700 0.232000 0.147400 0.147000 0.298100 0.298100
CommonElan 0.262500 0.316300 0.000000 0.368600 0.231200 0.225900 0.298300 0.251100 0.000000 0.225800 0.225900 0.157400 0.191400 0.288700 0.251600 0.262700 0.226700 0.286900 0.284500 0.023200 0.225900 0.225900 0.193100 0.333500 0.261200 0.342300 0.191400 0.023400 0.298100 0.000000 0.303400 0.255100 0.131300 0.191400 0.222700 0.215400 0.225600 0.162800 0.323100 0.261700 0.187500 0.262100 0.226300 0.254900 0.186100 0.188600 0.298200 0.262700 0.188500 0.129900 0.000000 0.000000
MuntiacusR 0.165300 0.325600 0.303400 0.442300 0.278700 0.195000 0.278100 0.291300 0.303400 0.061200 0.195000 0.247400 0.224400 0.337000 0.256100 0.163700 0.126600 0.189000 0.256000 0.330400 0.195000 0.195000 0.123700 0.159400 0.234200 0.171300 0.224400 0.340800 0.199500 0.303400 0.000000 0.225600 0.214700 0.224400 0.260500 0.349300 0.227200 0.263500 0.227700 0.159000 0.151300 0.316000 0.061100 0.090600 0.282200 0.217300 0.201000 0.243000 0.219500 0.151200 0.303400 0.303400
HarveysDui 0.120000 0.383700 0.255100 0.290000 0.089300 0.086600 0.089000 0.112000 0.255100 0.148000 0.086600 0.138800 0.055500 0.145500 0.143000 0.184900 0.086700 0.144600 0.143000 0.282300 0.086600 0.086600 0.179900 0.250500 0.118600 0.124200 0.055500 0.289100 0.088400 0.255100 0.225600 0.000000 0.235100 0.055500 0.084400 0.197900 0.086200 0.146600 0.147500 0.180500 0.172600 0.256100 0.148300 0.176700 0.168600 0.111400 0.152500 0.258600 0.112100 0.172500 0.255100 0.255100
Pronghorn 0.176800 0.264400 0.131300 0.432100 0.246600 0.142400 0.279700 0.230600 0.131300 0.205400 0.142400 0.195000 0.170100 0.268800 0.168400 0.176500 0.142900 0.201500 0.199300 0.157800 0.142400 0.142400 0.141700 0.242300 0.175500 0.251400 0.170100 0.160400 0.209900 0.131300 0.214700 0.235100 0.000000 0.170100 0.201800 0.223200 0.171500 0.172400 0.236000 0.174400 0.198100 0.209700 0.205800 0.170600 0.226100 0.166900 0.210300 0.211000 0.167300 0.079800 0.131300 0.131300
BlueWildeb 0.058000 0.306500 0.191400 0.288400 0.088900 0.027900 0.088600 0.111600 0.191400 0.147400 0.027900 0.080500 0.000000 0.084400 0.083000 0.119000 0.086400 0.144100 0.082900 0.218000 0.027900 0.027900 0.179100 0.249100 0.057300 0.123600 0.000000 0.222700 0.088000 0.191400 0.224400 0.055500 0.170100 0.000000 0.027200 0.197300 0.027800 0.146100 0.115100 0.179700 0.172000 0.184400 0.147700 0.176000 0.108500 0.053900 0.088300 0.186700 0.054300 0.111200 0.191400 0.191400
Gemsbok 0.088100 0.343600 0.222700 0.326500 0.120400 0.056600 0.057800 0.141700 0.222700 0.179300 0.056600 0.109000 0.027200 0.114100 0.112100 0.150800 0.116700 0.112700 0.112100 0.249700 0.056600 0.056600 0.212600 0.284800 0.086900 0.156700 0.027200 0.190500 0.118900 0.222700 0.260500 0.084400 0.201800 0.027200 0.000000 0.229900 0.056300 0.178100 0.145900 0.146300 0.204000 0.150000 0.179800 0.208400 0.137900 0.026400 0.057600 0.221600 0.082400 0.141100 0.222700 0.222700
Yak 0.236200 0.441000 0.215400 0.383900 0.315100 0.199500 0.311000 0.162800 0.215400 0.301300 0.199500 0.104400 0.197300 0.298800 0.225200 0.304500 0.200200 0.260600 0.257600 0.242700 0.199500 0.199500 0.300000 0.378300 0.234300 0.316300 0.197300 0.247700 0.203200 0.215400 0.349300 0.197900 0.223200 0.197300 0.229900 0.000000 0.163000 0.301800 0.263300 0.266500 0.258800 0.309200 0.302000 0.294100 0.076700 0.257200 0.271900 0.383700 0.257800 0.223900 0.215400 0.215400
BlueSheep 0.058600 0.309600 0.225600 0.334300 0.123000 0.028200 0.122800 0.112600 0.225600 0.183400 0.028200 0.110800 0.027800 0.116400 0.083800 0.120400 0.087300 0.145500 0.083700 0.252500 0.028200 0.028200 0.181200 0.251400 0.057800 0.125100 0.027800 0.258800 0.088900 0.225600 0.227200 0.086200 0.171500 0.027800 0.056300 0.163000 0.000000 0.181500 0.116300 0.181500 0.207700 0.186500 0.183900 0.177800 0.140100 0.083500 0.089400 0.187700 0.084100 0.112200 0.225600 0.225600
BohorReedb 0.221000 0.346700 0.162800 0.413700 0.057300 0.182200 0.187200 0.275900 0.162800 0.181400 0.182200 0.235500 0.146100 0.246100 0.208900 0.220500 0.182500 0.244500 0.242100 0.189700 0.182200 0.182200 0.147100 0.291000 0.182800 0.229000 0.146100 0.193500 0.256800 0.162800 0.263500 0.146600 0.172400 0.146100 0.178100 0.301800 0.181500 0.000000 0.283800 0.216300 0.141600 0.218900 0.181900 0.211400 0.269200 0.142600 0.257600 0.221500 0.143200 0.141500 0.162800 0.162800
KirksDik 0.120900 0.271400 0.323100 0.457700 0.224200 0.087200 0.223000 0.083700 0.323100 0.285900 0.087200 0.201400 0.115100 0.211500 0.143900 0.120400 0.150000 0.210200 0.143700 0.350400 0.087200 0.087200 0.212400 0.252200 0.119400 0.125200 0.115100 0.359900 0.058600 0.323100 0.227700 0.147500 0.236000 0.115100 0.145900 0.263300 0.116300 0.283800 0.000000 0.250300 0.238900 0.186300 0.215800 0.177900 0.233500 0.173000 0.089300 0.260800 0.174500 0.173400 0.323100 0.323100
RoeDeer 0.188600 0.316100 0.261700 0.375200 0.226300 0.151000 0.154200 0.243300 0.261700 0.150700 0.151000 0.204500 0.179700 0.284000 0.209700 0.187800 0.088200 0.085200 0.210000 0.289700 0.151000 0.151000 0.118600 0.184800 0.186000 0.195400 0.179700 0.227100 0.223200 0.261700 0.159000 0.180500 0.174400 0.179700 0.146300 0.266500 0.181500 0.216300 0.250300 0.000000 0.176400 0.258400 0.151000 0.116300 0.203800 0.112300 0.153800 0.263600 0.176000 0.113800 0.261700 0.261700
WhiteLippe 0.247400 0.261500 0.187500 0.356400 0.147700 0.208400 0.214200 0.300700 0.187500 0.144000 0.208400 0.136200 0.172000 0.271400 0.266500 0.179100 0.144900 0.203700 0.267000 0.214000 0.208400 0.208400 0.082400 0.176900 0.244900 0.185800 0.172000 0.218500 0.212700 0.187500 0.151300 0.172600 0.198100 0.172000 0.204000 0.258800 0.207700 0.141600 0.238900 0.176400 0.000000 0.245800 0.084000 0.111400 0.165600 0.168200 0.213800 0.248500 0.168800 0.108300 0.187500 0.187500
ThomsonGaz 0.194200 0.352900 0.262100 0.581200 0.230700 0.155100 0.230200 0.249900 0.262100 0.377300 0.155100 0.278400 0.184400 0.292200 0.182000 0.193300 0.225300 0.216400 0.215300 0.289500 0.155100 0.155100 0.219000 0.338200 0.191100 0.130300 0.184400 0.228000 0.157600 0.262100 0.316000 0.256100 0.209700 0.184400 0.150000 0.309200 0.186500 0.218900 0.186300 0.258400 0.245800 0.000000 0.298300 0.254100 0.314300 0.177800 0.092000 0.268400 0.247400 0.178100 0.262100 0.262100
MuntiacusC 0.224400 0.310900 0.226300 0.334400 0.190900 0.184600 0.190200 0.277100 0.226300 0.057800 0.184600 0.172000 0.147700 0.247900 0.243600 0.154700 0.119900 0.179600 0.243600 0.253300 0.184600 0.184600 0.117500 0.151700 0.221600 0.161000 0.147700 0.259500 0.188600 0.226300 0.061100 0.148300 0.205800 0.147700 0.179800 0.302000 0.183900 0.181900 0.215800 0.151000 0.084000 0.298300 0.000000 0.086200 0.203000 0.143600 0.189600 0.303000 0.144600 0.144300 0.226300 0.226300
WhiteTaile 0.184600 0.269700 0.254900 0.365600 0.221100 0.148000 0.219700 0.237400 0.254900 0.147700 0.148000 0.199800 0.176000 0.277400 0.205400 0.118800 0.086500 0.144200 0.205500 0.282200 0.148000 0.148000 0.084800 0.116800 0.182600 0.123400 0.176000 0.289000 0.151000 0.254900 0.090600 0.176700 0.170600 0.176000 0.208400 0.294100 0.177800 0.211400 0.177900 0.116300 0.111400 0.254100 0.086200 0.000000 0.231400 0.171500 0.151600 0.257300 0.172700 0.111400 0.254900 0.254900
Cattle 0.175000 0.367600 0.186100 0.274800 0.210600 0.140600 0.209000 0.165500 0.186100 0.202500 0.140600 0.025200 0.108500 0.199800 0.196300 0.240000 0.141200 0.199300 0.196700 0.212700 0.140600 0.140600 0.235900 0.307400 0.173100 0.249300 0.108500 0.217300 0.206800 0.186100 0.282200 0.168600 0.226100 0.108500 0.137900 0.076700 0.140100 0.269200 0.233500 0.203800 0.165600 0.314300 0.203000 0.231400 0.000000 0.164300 0.208500 0.314400 0.164200 0.165000 0.186100 0.186100
RoyalAntel 0.115800 0.300200 0.188600 0.354200 0.148600 0.083800 0.085400 0.168500 0.188600 0.143200 0.083800 0.135300 0.053900 0.141100 0.138700 0.115400 0.144100 0.139200 0.138800 0.215500 0.083800 0.083800 0.174600 0.242800 0.114500 0.185000 0.053900 0.158200 0.146800 0.188600 0.217300 0.111400 0.166900 0.053900 0.026400 0.257200 0.083500 0.142600 0.173000 0.112300 0.168200 0.177800 0.143600 0.171500 0.164300 0.000000 0.085200 0.181000 0.052800 0.114000 0.188600 0.188600
Steenbok 0.093200 0.317900 0.298200 0.431900 0.197100 0.059600 0.126000 0.148500 0.298200 0.260500 0.059600 0.176100 0.088300 0.185300 0.117500 0.092700 0.123100 0.118300 0.117400 0.325400 0.059800 0.059600 0.186800 0.224800 0.098100 0.096700 0.088300 0.261900 0.060700 0.298200 0.201000 0.152500 0.210300 0.088300 0.057600 0.271900 0.089400 0.257600 0.089300 0.153800 0.213800 0.092000 0.189600 0.151600 0.208500 0.085200 0.000000 0.235200 0.148400 0.147700 0.298200 0.298200
Impala 0.128200 0.320700 0.262700 0.490200 0.234300 0.157500 0.314700 0.251600 0.262700 0.228100 0.157500 0.279600 0.186700 0.255300 0.217000 0.195900 0.228200 0.292500 0.217200 0.288900 0.157500 0.157500 0.189400 0.340500 0.194100 0.284000 0.186700 0.298200 0.232000 0.262700 0.243000 0.258600 0.211000 0.186700 0.221600 0.383700 0.187700 0.221500 0.260800 0.263600 0.248500 0.268400 0.303000 0.257300 0.314400 0.181000 0.235200 0.000000 0.148100 0.116300 0.262700 0.262700
Klipspring 0.116900 0.301800 0.188500 0.357600 0.149600 0.084500 0.148800 0.169300 0.188500 0.144300 0.084500 0.135800 0.054300 0.081600 0.139700 0.116300 0.145200 0.203500 0.139700 0.215100 0.084500 0.084500 0.175500 0.243800 0.115600 0.186700 0.054300 0.219400 0.147400 0.188500 0.219500 0.112100 0.167300 0.054300 0.082400 0.257800 0.084100 0.143200 0.174500 0.176000 0.168800 0.247400 0.144600 0.172700 0.164200 0.052800 0.148400 0.148100 0.000000 0.109000 0.188500 0.188500
ForestMusk 0.116100 0.167200 0.129900 0.355800 0.147600 0.084000 0.214000 0.168800 0.129900 0.143900 0.084000 0.135800 0.111200 0.204200 0.139000 0.115600 0.084300 0.141100 0.139100 0.155700 0.084000 0.084000 0.054600 0.176700 0.114800 0.185500 0.111200 0.158700 0.147000 0.129900 0.151200 0.172500 0.079800 0.111200 0.141100 0.223900 0.112200 0.141500 0.173400 0.113800 0.108300 0.178100 0.144300 0.111400 0.165000 0.114000 0.147700 0.116300 0.109000 0.000000 0.129900 0.129900
Bushbuck 0.262500 0.316300 0.000000 0.368600 0.231200 0.225900 0.298300 0.251100 0.000000 0.225800 0.225900 0.157400 0.191400 0.288700 0.251600 0.262700 0.226700 0.286900 0.284500 0.023200 0.225900 0.225900 0.193100 0.333500 0.261200 0.342300 0.191400 0.023700 0.298100 0.000000 0.303400 0.255100 0.131300 0.191400 0.222700 0.215400 0.225600 0.162800 0.323100 0.261700 0.187500 0.262100 0.226300 0.254900 0.186100 0.188600 0.298200 0.262700 0.188500 0.129900 0.000000 0.000000
GreaterKud 0.262500 0.316300 0.000000 0.368600 0.231200 0.225900 0.298300 0.251100 0.000000 0.225800 0.225900 0.157400 0.191400 0.288700 0.251600 0.262700 0.226700 0.286900 0.284500 0.023200 0.225900 0.225900 0.193100 0.333500 0.261200 0.342300 0.191400 0.023400 0.298100 0.000000 0.303400 0.255100 0.131300 0.191400 0.222700 0.215400 0.225600 0.162800 0.323100 0.261700 0.187500 0.262100 0.226300 0.254900 0.186100 0.188600 0.298200 0.262700 0.188500 0.129900 0.000000 0.000000
