1
52 1
Argali 0.000000 0.255900 0.102700 0.207000 0.057800 0.000000 0.075100 0.108100 0.096800 0.086400 0.025700 0.083000 0.070000 0.053300 0.075000 0.096400 0.142600 0.150400 0.031000 0.079600 0.113500 0.041500 0.087100 0.125900 0.025700 0.111900 0.064500 0.085100 0.107500 0.086400 0.103700 0.064400 0.121400 0.069800 0.085600 0.070000 0.030800 0.042000 0.110400 0.125700 0.099100 0.097800 0.092700 0.120200 0.070500 0.074700 0.102600 0.073300 0.096000 0.098500 0.106800 0.079800
LesserMous 0.255900 0.000000 0.304900 0.247400 0.273500 0.255900 0.241400 0.252900 0.296200 0.232700 0.251400 0.242000 0.250000 0.222200 0.255200 0.264800 0.264700 0.262500 0.259400 0.287800 0.273100 0.258500 0.207200 0.232000 0.251600 0.297200 0.243500 0.294800 0.278600 0.284900 0.240400 0.229400 0.261900 0.236200 0.253200 0.265200 0.242500 0.254200 0.287800 0.237500 0.208400 0.269500 0.227200 0.223700 0.252700 0.254300 0.260000 0.276700 0.258500 0.221000 0.306800 0.288800
LesserKudu 0.102700 0.304900 0.000000 0.258300 0.109300 0.102700 0.104800 0.138800 0.026200 0.165300 0.121100 0.101700 0.111300 0.094300 0.116300 0.114900 0.200300 0.209600 0.115700 0.031400 0.144700 0.139300 0.147700 0.182900 0.121200 0.130600 0.105600 0.026000 0.138100 0.026400 0.147200 0.118000 0.165700 0.111600 0.115500 0.099500 0.126800 0.092800 0.154400 0.182600 0.155100 0.128500 0.147800 0.176700 0.088600 0.115900 0.133300 0.130800 0.144000 0.141500 0.047000 0.031500
KillerWhal 0.207000 0.247400 0.258300 0.000000 0.201700 0.207000 0.198300 0.195800 0.250400 0.170300 0.202300 0.211000 0.179000 0.173900 0.198500 0.207900 0.227500 0.224200 0.196400 0.236100 0.208400 0.209300 0.152500 0.188400 0.202500 0.211200 0.186300 0.249100 0.207300 0.253300 0.164500 0.207200 0.197000 0.179600 0.196200 0.179300 0.208600 0.197100 0.206600 0.175100 0.166100 0.211300 0.165000 0.169100 0.194200 0.210200 0.195800 0.205700 0.220200 0.145800 0.260900 0.229500
DefassaWat 0.057800 0.273500 0.109300 0.201700 0.000000 0.057800 0.070100 0.102900 0.091800 0.092700 0.074800 0.077700 0.076000 0.059600 0.081200 0.091300 0.156900 0.164100 0.058400 0.085800 0.096900 0.091800 0.099200 0.132800 0.074800 0.095500 0.070500 0.091300 0.102400 0.104300 0.110400 0.070900 0.140300 0.076200 0.080300 0.076100 0.080200 0.025500 0.105200 0.120700 0.111500 0.081200 0.087600 0.127000 0.065300 0.069500 0.086100 0.095800 0.108000 0.093200 0.113300 0.086100
Sheep 0.000000 0.255900 0.102700 0.207000 0.057800 0.000000 0.075100 0.108100 0.096800 0.086400 0.025700 0.083000 0.070000 0.053300 0.075000 0.096400 0.142600 0.150400 0.031000 0.079600 0.113500 0.041500 0.087100 0.125900 0.025700 0.111900 0.064500 0.085100 0.107500 0.086400 0.103700 0.064400 0.121400 0.069800 0.085600 0.070000 0.030800 0.042000 0.110400 0.125700 0.099100 0.097800 0.092700 0.120200 0.070500 0.074700 0.102600 0.073300 0.096000 0.098500 0.106800 0.079800
MaxwellsDu 0.075100 0.241400 0.104800 0.198300 0.070100 0.075100 0.000000 0.098600 0.098800 0.123500 0.070200 0.073000 0.071400 0.032500 0.076600 0.086900 0.157900 0.153900 0.064900 0.081300 0.081500 0.087400 0.106600 0.140900 0.070300 0.102700 0.065800 0.086800 0.098200 0.099800 0.130000 0.043600 0.136300 0.071600 0.087400 0.082900 0.075700 0.053900 0.100900 0.152800 0.119200 0.088300 0.118400 0.122900 0.072000 0.065000 0.093200 0.102900 0.092200 0.100500 0.097500 0.081500
GazellaPrz 0.108100 0.252900 0.138800 0.195800 0.102900 0.108100 0.098600 0.000000 0.132600 0.139700 0.103300 0.107300 0.081900 0.076700 0.098500 0.047400 0.156400 0.177200 0.092300 0.126200 0.069100 0.115200 0.110800 0.144800 0.103400 0.068200 0.076400 0.131900 0.058100 0.133900 0.134100 0.111600 0.127900 0.082100 0.097700 0.105100 0.108800 0.086700 0.065100 0.144500 0.123400 0.053500 0.122600 0.138900 0.094100 0.098000 0.047500 0.090300 0.102200 0.104900 0.154600 0.126500
MountainNy 0.096800 0.296200 0.026200 0.250400 0.091800 0.096800 0.098800 0.132600 0.000000 0.158700 0.103300 0.095600 0.105100 0.088300 0.110200 0.108900 0.193500 0.189600 0.098000 0.025900 0.138400 0.133000 0.141300 0.176200 0.103400 0.124400 0.099500 0.020600 0.131900 0.031800 0.140700 0.099900 0.159100 0.105400 0.109500 0.093500 0.108900 0.075600 0.141800 0.163400 0.148600 0.110400 0.141300 0.170100 0.082300 0.109800 0.115200 0.124700 0.137500 0.135100 0.030900 0.026100
MuntiacusM 0.086400 0.232700 0.165300 0.170300 0.092700 0.086400 0.123500 0.139700 0.158700 0.000000 0.104300 0.120900 0.118200 0.113000 0.123400 0.145300 0.145500 0.153900 0.110500 0.139800 0.158000 0.122200 0.037500 0.058700 0.104400 0.161300 0.112500 0.145700 0.157200 0.148100 0.026500 0.125100 0.117400 0.118600 0.122500 0.118400 0.109900 0.087800 0.155500 0.058600 0.037700 0.147500 0.015800 0.064300 0.107200 0.123000 0.146400 0.137900 0.151200 0.076700 0.168800 0.140200
goat 0.025700 0.251400 0.121100 0.202300 0.074800 0.025700 0.070200 0.103300 0.103300 0.104300 0.000000 0.078000 0.065000 0.048300 0.070100 0.091600 0.137900 0.133500 0.026000 0.097300 0.108800 0.036500 0.082200 0.121200 0.000000 0.107200 0.059500 0.102900 0.102700 0.104500 0.122300 0.059400 0.128600 0.065100 0.080700 0.065100 0.015400 0.058800 0.099700 0.132800 0.094100 0.092900 0.110900 0.115400 0.065500 0.058700 0.097800 0.079500 0.091300 0.093600 0.113400 0.097600
AfricanBuf 0.083000 0.242000 0.101700 0.211000 0.077700 0.083000 0.073000 0.107300 0.095600 0.120900 0.078000 0.000000 0.055900 0.062100 0.072900 0.095200 0.156100 0.151800 0.084100 0.089300 0.113200 0.095800 0.091400 0.108000 0.078000 0.111400 0.050300 0.095000 0.106800 0.084700 0.127400 0.074000 0.133900 0.056000 0.084000 0.044400 0.083600 0.072700 0.122300 0.138300 0.104100 0.096700 0.115600 0.114200 0.033400 0.072600 0.101700 0.088200 0.100700 0.085300 0.117900 0.089500
Topi 0.070000 0.250000 0.111300 0.179000 0.076000 0.070000 0.071400 0.081900 0.105100 0.118200 0.065000 0.055900 0.000000 0.049400 0.060000 0.070400 0.140400 0.148400 0.070800 0.098900 0.087400 0.082200 0.089400 0.123400 0.065000 0.086100 0.005300 0.104600 0.081500 0.094400 0.124600 0.072300 0.106700 0.021600 0.048400 0.054700 0.070500 0.059800 0.095600 0.123100 0.101800 0.071500 0.112900 0.105500 0.043800 0.059700 0.076400 0.075100 0.075700 0.083400 0.127200 0.099200
CommonDuik 0.053300 0.222200 0.094300 0.173900 0.059600 0.053300 0.032500 0.076700 0.088300 0.113000 0.048300 0.062100 0.049400 0.000000 0.054700 0.065200 0.135000 0.130800 0.043000 0.082200 0.070900 0.065100 0.078300 0.118200 0.048300 0.081000 0.043900 0.087800 0.076300 0.089200 0.107300 0.032700 0.113300 0.049500 0.065500 0.060800 0.053700 0.043400 0.090200 0.130000 0.090600 0.066200 0.095800 0.100500 0.049800 0.043300 0.071200 0.075600 0.064900 0.078100 0.098600 0.082400
Suni 0.075000 0.255200 0.116300 0.198500 0.081200 0.075000 0.076600 0.098500 0.110200 0.123400 0.070100 0.072900 0.060000 0.054700 0.000000 0.086800 0.145400 0.153600 0.076000 0.092500 0.104100 0.075900 0.094700 0.128600 0.070200 0.102500 0.054500 0.109700 0.098000 0.099600 0.129800 0.077500 0.123900 0.060100 0.075900 0.071300 0.075600 0.065000 0.112600 0.140300 0.107000 0.088100 0.118200 0.122700 0.060500 0.064900 0.093000 0.080100 0.086500 0.088700 0.132200 0.104300
Springbuck 0.096400 0.264800 0.114900 0.207900 0.091300 0.096400 0.086900 0.047400 0.108900 0.145300 0.091600 0.095200 0.070400 0.065200 0.086800 0.000000 0.155400 0.175900 0.080800 0.102800 0.068900 0.097400 0.116200 0.150400 0.091700 0.046600 0.064900 0.108300 0.031000 0.110000 0.139700 0.099600 0.145800 0.070500 0.086100 0.093200 0.097100 0.075300 0.065000 0.150100 0.129000 0.031500 0.128100 0.144400 0.082400 0.086400 0.047400 0.090100 0.096600 0.110400 0.130500 0.103000
Okapi 0.142600 0.264700 0.200300 0.227500 0.156900 0.142600 0.157900 0.156400 0.193500 0.145500 0.137900 0.156100 0.140400 0.135000 0.145400 0.155400 0.000000 0.041500 0.144300 0.186500 0.162800 0.138500 0.116500 0.138400 0.138000 0.171100 0.134600 0.192500 0.167200 0.182800 0.152000 0.153300 0.138600 0.140700 0.133700 0.152700 0.131800 0.145000 0.153000 0.138200 0.129200 0.151200 0.140300 0.132500 0.141600 0.139900 0.144100 0.171800 0.148800 0.116400 0.216300 0.187100
Giraffe 0.150400 0.262500 0.209600 0.224200 0.164100 0.150400 0.153900 0.177200 0.189600 0.153900 0.133500 0.151800 0.148400 0.130800 0.153600 0.175900 0.041500 0.000000 0.152100 0.195500 0.170200 0.152100 0.124200 0.134400 0.133600 0.192000 0.142500 0.201600 0.181100 0.191800 0.160600 0.149300 0.147300 0.148700 0.140600 0.161100 0.127400 0.153000 0.167700 0.146400 0.137300 0.171900 0.148700 0.128600 0.149800 0.146900 0.164500 0.180300 0.157000 0.124100 0.199900 0.196100
TibetanAnt 0.031000 0.259400 0.115700 0.196400 0.058400 0.031000 0.064900 0.092300 0.098000 0.110500 0.026000 0.084100 0.070800 0.043000 0.076000 0.080800 0.144300 0.152100 0.000000 0.091900 0.097800 0.042000 0.088200 0.127500 0.026000 0.085100 0.065300 0.097500 0.091800 0.110700 0.116800 0.054000 0.135100 0.071000 0.086600 0.070900 0.031200 0.042500 0.094400 0.127100 0.100300 0.070600 0.105400 0.121500 0.071400 0.075700 0.075500 0.079800 0.097200 0.099700 0.119700 0.092200
Sitatunga 0.079600 0.287800 0.031400 0.236100 0.085800 0.079600 0.081300 0.126200 0.025900 0.139800 0.097300 0.089300 0.098900 0.082200 0.092500 0.102800 0.186500 0.195500 0.091900 0.000000 0.131900 0.114800 0.134700 0.169400 0.097400 0.129900 0.093300 0.015400 0.125600 0.026300 0.134200 0.093800 0.152400 0.099200 0.103300 0.087400 0.102800 0.069700 0.129100 0.169100 0.141900 0.115900 0.134800 0.163300 0.076300 0.103700 0.120700 0.118500 0.125500 0.128600 0.036100 0.010300
Oribi 0.113500 0.273100 0.144700 0.208400 0.096900 0.113500 0.081500 0.069100 0.138400 0.158000 0.108800 0.113200 0.087400 0.070900 0.104100 0.068900 0.162800 0.170200 0.097800 0.131900 0.000000 0.126600 0.128600 0.163000 0.108900 0.084400 0.081900 0.137700 0.079800 0.139800 0.152300 0.105600 0.158500 0.087600 0.091700 0.110800 0.114400 0.092200 0.081900 0.162800 0.141600 0.069900 0.140600 0.144900 0.099900 0.092000 0.063700 0.107100 0.119600 0.122500 0.148500 0.132300
BarbaryShe 0.041500 0.258500 0.139300 0.209300 0.091800 0.041500 0.087400 0.115200 0.133000 0.122200 0.036500 0.095800 0.082200 0.065100 0.075900 0.097400 0.138500 0.152100 0.042000 0.114800 0.126600 0.000000 0.099700 0.139400 0.036400 0.124700 0.076600 0.120500 0.108600 0.122400 0.140700 0.070700 0.134800 0.082300 0.098000 0.082300 0.031100 0.075700 0.111700 0.139000 0.112100 0.110600 0.129100 0.133500 0.082900 0.086900 0.115500 0.085200 0.103000 0.099500 0.143000 0.115100
Daviddeer 0.087100 0.207200 0.147700 0.152500 0.099200 0.087100 0.106600 0.110800 0.141300 0.037500 0.082200 0.091400 0.089400 0.078300 0.094700 0.116200 0.116500 0.124200 0.088200 0.134700 0.128600 0.099700 0.000000 0.042700 0.082200 0.132200 0.083700 0.140600 0.127800 0.130600 0.043100 0.102100 0.088800 0.089600 0.093900 0.089500 0.087700 0.094300 0.137900 0.053500 0.010700 0.118000 0.032300 0.048200 0.078400 0.094200 0.117100 0.097800 0.110200 0.048900 0.163800 0.135100
Reindeer 0.125900 0.232000 0.182900 0.188400 0.132800 0.125900 0.140900 0.144800 0.176200 0.058700 0.121200 0.108000 0.123400 0.118200 0.128600 0.150400 0.138400 0.134400 0.127500 0.169400 0.163000 0.139400 0.042700 0.000000 0.121300 0.166300 0.117600 0.175300 0.162200 0.165500 0.064400 0.142700 0.116700 0.123700 0.127600 0.123500 0.126900 0.128100 0.173400 0.063600 0.042900 0.152600 0.053500 0.026100 0.112400 0.128100 0.151400 0.142900 0.156300 0.081900 0.199000 0.169800
Ibex 0.025700 0.251600 0.121200 0.202500 0.074800 0.025700 0.070300 0.103400 0.103400 0.104400 0.000000 0.078000 0.065000 0.048300 0.070200 0.091700 0.138000 0.133600 0.026000 0.097400 0.108900 0.036400 0.082200 0.121300 0.000000 0.107300 0.059500 0.102900 0.102800 0.104600 0.122400 0.059500 0.128700 0.065200 0.080800 0.065100 0.015400 0.058800 0.099800 0.132900 0.094200 0.093000 0.111000 0.115500 0.065600 0.058800 0.097900 0.079500 0.091300 0.093600 0.113500 0.097600
GyrantGaze 0.111900 0.297200 0.130600 0.211200 0.095500 0.111900 0.102700 0.068200 0.124400 0.161300 0.107200 0.111400 0.086100 0.081000 0.102500 0.046600 0.171100 0.192000 0.085100 0.129900 0.084400 0.124700 0.132200 0.166300 0.107300 0.000000 0.080700 0.135500 0.046400 0.137500 0.155700 0.103800 0.149400 0.075000 0.101700 0.097500 0.112700 0.079700 0.080800 0.153800 0.145100 0.025900 0.144100 0.160300 0.098300 0.102000 0.041400 0.105400 0.117700 0.126300 0.157900 0.118600
Hartebeest 0.064500 0.243500 0.105600 0.186300 0.070500 0.064500 0.065800 0.076400 0.099500 0.112500 0.059500 0.050300 0.005300 0.043900 0.054500 0.064900 0.134600 0.142500 0.065300 0.093300 0.081900 0.076600 0.083700 0.117600 0.059500 0.080700 0.000000 0.099000 0.076000 0.088800 0.118800 0.066700 0.101000 0.016200 0.043000 0.049200 0.065000 0.054300 0.089800 0.117400 0.096000 0.065900 0.107200 0.111800 0.038300 0.054200 0.070900 0.069700 0.070200 0.077800 0.121500 0.093500
Bongo 0.085100 0.294800 0.026000 0.249100 0.091300 0.085100 0.086800 0.131900 0.020600 0.145700 0.102900 0.095000 0.104600 0.087800 0.109700 0.108300 0.192500 0.201600 0.097500 0.015400 0.137700 0.120500 0.140600 0.175300 0.102900 0.135500 0.099000 0.000000 0.131300 0.031600 0.140000 0.099400 0.158300 0.104800 0.108900 0.093000 0.108400 0.075200 0.134900 0.175100 0.147800 0.121600 0.140600 0.169200 0.081900 0.109300 0.126400 0.124100 0.136800 0.134400 0.030800 0.015500
Gerenuk 0.107500 0.278600 0.138100 0.207300 0.102400 0.107500 0.098200 0.058100 0.131900 0.157200 0.102700 0.106800 0.081500 0.076300 0.098000 0.031000 0.167200 0.181100 0.091800 0.125600 0.079800 0.108600 0.127800 0.162200 0.102800 0.046400 0.076000 0.131300 0.000000 0.133300 0.151600 0.111100 0.157600 0.070300 0.097200 0.093000 0.108300 0.086300 0.076100 0.161900 0.140900 0.042200 0.139900 0.156200 0.093700 0.097500 0.047300 0.101000 0.107700 0.110100 0.153800 0.114200
CommonElan 0.086400 0.284900 0.026400 0.253300 0.104300 0.086400 0.099800 0.133900 0.031800 0.148100 0.104500 0.084700 0.094400 0.089200 0.099600 0.110000 0.182800 0.191800 0.110700 0.026300 0.139800 0.122400 0.130600 0.165500 0.104600 0.137500 0.088800 0.031600 0.133300 0.000000 0.142200 0.101100 0.148400 0.094700 0.098900 0.082800 0.110100 0.087800 0.149500 0.165200 0.137800 0.123500 0.142800 0.159400 0.071900 0.099300 0.128400 0.114300 0.127000 0.124400 0.052900 0.026300
MuntiacusR 0.103700 0.240400 0.147200 0.164500 0.110400 0.103700 0.130000 0.134100 0.140700 0.026500 0.122300 0.127400 0.124600 0.107300 0.129800 0.139700 0.152000 0.160600 0.116800 0.134200 0.152300 0.140700 0.043100 0.064400 0.122400 0.155700 0.118800 0.140000 0.151600 0.142200 0.000000 0.144100 0.111700 0.124900 0.128800 0.124700 0.128000 0.105600 0.162400 0.064300 0.043100 0.141800 0.021300 0.070000 0.113500 0.129300 0.140700 0.132200 0.157600 0.082700 0.163200 0.134600
HarveysDui 0.064400 0.229400 0.118000 0.207200 0.070900 0.064400 0.043600 0.111600 0.099900 0.125100 0.059400 0.074000 0.072300 0.032700 0.077500 0.099600 0.153300 0.149300 0.054000 0.093800 0.105600 0.070700 0.102100 0.142700 0.059500 0.103800 0.066700 0.099400 0.111100 0.101100 0.144100 0.000000 0.138000 0.072500 0.088500 0.084000 0.064800 0.054500 0.101800 0.135800 0.114800 0.089300 0.132200 0.124400 0.072900 0.065900 0.094200 0.098400 0.087700 0.095600 0.110300 0.094000
Pronghorn 0.121400 0.261900 0.165700 0.197000 0.140300 0.121400 0.136300 0.127900 0.159100 0.117400 0.128600 0.133900 0.106700 0.113300 0.123900 0.145800 0.138600 0.147300 0.135100 0.152400 0.158500 0.134800 0.088800 0.116700 0.128700 0.149400 0.101000 0.158300 0.157600 0.148400 0.111700 0.138000 0.000000 0.107000 0.117600 0.131000 0.122300 0.123400 0.156000 0.134400 0.101100 0.135600 0.112200 0.122800 0.119700 0.123400 0.146800 0.114800 0.151800 0.100300 0.181800 0.152800
BlueWildeb 0.069800 0.236200 0.111600 0.179600 0.076200 0.069800 0.071600 0.082100 0.105400 0.118600 0.065100 0.056000 0.021600 0.049500 0.060100 0.070500 0.140700 0.148700 0.071000 0.099200 0.087600 0.082300 0.089600 0.123700 0.065200 0.075000 0.016200 0.104800 0.070300 0.094700 0.124900 0.072500 0.107000 0.000000 0.048500 0.043600 0.070600 0.059900 0.095800 0.123500 0.102000 0.071600 0.113200 0.117800 0.044000 0.059800 0.065200 0.075300 0.076000 0.083600 0.127400 0.087800
Gemsbok 0.085600 0.253200 0.115500 0.196200 0.080300 0.085600 0.087400 0.097700 0.109500 0.122500 0.080700 0.084000 0.048400 0.065500 0.075900 0.086100 0.133700 0.140600 0.086600 0.103300 0.091700 0.098000 0.093900 0.127600 0.080800 0.101700 0.043000 0.108900 0.097200 0.098900 0.128800 0.088500 0.117600 0.048500 0.000000 0.082200 0.086200 0.075600 0.111700 0.127400 0.106200 0.087400 0.117300 0.121800 0.071400 0.064200 0.092300 0.090700 0.091400 0.088000 0.131200 0.103600
Yak 0.070000 0.265200 0.099500 0.179300 0.076100 0.070000 0.082900 0.105100 0.093500 0.118400 0.065100 0.044400 0.054700 0.060800 0.071300 0.093200 0.152700 0.161100 0.070900 0.087400 0.110800 0.082300 0.089500 0.123500 0.065100 0.097500 0.049200 0.093000 0.093000 0.082800 0.124700 0.084000 0.131000 0.043600 0.082200 0.000000 0.070500 0.071100 0.119600 0.135300 0.096000 0.094600 0.113100 0.117600 0.010800 0.071100 0.087900 0.075100 0.098500 0.083500 0.115300 0.076200
BlueSheep 0.030800 0.242500 0.126800 0.208600 0.080200 0.030800 0.075700 0.108800 0.108900 0.109900 0.015400 0.083600 0.070500 0.053700 0.075600 0.097100 0.131800 0.127400 0.031200 0.102800 0.114400 0.031100 0.087700 0.126900 0.015400 0.112700 0.065000 0.108400 0.108300 0.110100 0.128000 0.064800 0.122300 0.070600 0.086200 0.070500 0.000000 0.064200 0.104000 0.126600 0.099800 0.098500 0.116600 0.121000 0.071100 0.075300 0.103400 0.073800 0.096700 0.099200 0.118900 0.103100
BohorReedb 0.042000 0.254200 0.092800 0.197100 0.025500 0.042000 0.053900 0.086700 0.075600 0.087800 0.058800 0.072700 0.059800 0.043400 0.065000 0.075300 0.145000 0.153000 0.042500 0.069700 0.092200 0.075700 0.094300 0.128100 0.058800 0.079700 0.054300 0.075200 0.086300 0.087800 0.105600 0.054500 0.123400 0.059900 0.075600 0.071100 0.064200 0.000000 0.088800 0.115900 0.106600 0.065100 0.082700 0.122200 0.060300 0.064700 0.070000 0.091100 0.091800 0.088400 0.097100 0.069900
KirksDik 0.110400 0.287800 0.154400 0.206600 0.105200 0.110400 0.100900 0.065100 0.141800 0.155500 0.099700 0.122300 0.095600 0.090200 0.112600 0.065000 0.153000 0.167700 0.094400 0.129100 0.081900 0.111700 0.137900 0.173400 0.099800 0.080800 0.089800 0.134900 0.076100 0.149500 0.162400 0.101800 0.156000 0.095800 0.111700 0.119600 0.104000 0.088800 0.000000 0.160400 0.151400 0.066000 0.150300 0.165200 0.108400 0.112100 0.059700 0.115400 0.128400 0.119400 0.139500 0.129400
RoeDeer 0.125700 0.237500 0.182600 0.175100 0.120700 0.125700 0.152800 0.144500 0.163400 0.058600 0.132800 0.138300 0.123100 0.130000 0.140300 0.150100 0.138200 0.146400 0.127100 0.169100 0.162800 0.139000 0.053500 0.063600 0.132900 0.153800 0.117400 0.175100 0.161900 0.165200 0.064300 0.135800 0.134400 0.123500 0.127400 0.135300 0.126600 0.115900 0.160400 0.000000 0.053800 0.140000 0.053400 0.069200 0.124100 0.139700 0.138900 0.154600 0.155900 0.081600 0.198700 0.169500
WhiteLippe 0.099100 0.208400 0.155100 0.166100 0.111500 0.099100 0.119200 0.123400 0.148600 0.037700 0.094100 0.104100 0.101800 0.090600 0.107000 0.129000 0.129200 0.137300 0.100300 0.141900 0.141600 0.112100 0.010700 0.042900 0.094200 0.145100 0.096000 0.147800 0.140900 0.137800 0.043100 0.114800 0.101100 0.102000 0.106200 0.096000 0.099800 0.106600 0.151400 0.053800 0.000000 0.131000 0.032400 0.048400 0.084800 0.106600 0.129900 0.109900 0.122700 0.060500 0.171400 0.142300
ThomsonGaz 0.097800 0.269500 0.128500 0.211300 0.081200 0.097800 0.088300 0.053500 0.110400 0.147500 0.092900 0.096700 0.071500 0.066200 0.088100 0.031500 0.151200 0.171900 0.070600 0.115900 0.069900 0.110600 0.118000 0.152600 0.093000 0.025900 0.065900 0.121600 0.042200 0.123500 0.141800 0.089300 0.135600 0.071600 0.087400 0.094600 0.098500 0.065100 0.066000 0.140000 0.131000 0.000000 0.130100 0.146600 0.083600 0.087700 0.037200 0.091400 0.103700 0.112000 0.144400 0.116200
MuntiacusC 0.092700 0.227200 0.147800 0.165000 0.087600 0.092700 0.118400 0.122600 0.141300 0.015800 0.110900 0.115600 0.112900 0.095800 0.118200 0.128100 0.140300 0.148700 0.105400 0.134800 0.140600 0.129100 0.032300 0.053500 0.111000 0.144100 0.107200 0.140600 0.139900 0.142800 0.021300 0.132200 0.112200 0.113200 0.117300 0.113100 0.116600 0.082700 0.150300 0.053400 0.032400 0.130100 0.000000 0.059100 0.101900 0.117700 0.129100 0.132700 0.146000 0.071500 0.163900 0.135100
WhiteTaile 0.120200 0.223700 0.176700 0.169100 0.127000 0.120200 0.122900 0.138900 0.170100 0.064300 0.115400 0.114200 0.105500 0.100500 0.122700 0.144400 0.132500 0.128600 0.121500 0.163300 0.144900 0.133500 0.048200 0.026100 0.115500 0.160300 0.111800 0.169200 0.156200 0.159400 0.070000 0.124400 0.122800 0.117800 0.121800 0.117600 0.121000 0.122200 0.165200 0.069200 0.048400 0.146600 0.059100 0.000000 0.106500 0.122200 0.145500 0.137100 0.150300 0.087700 0.180300 0.163800
Cattle 0.070500 0.252700 0.088600 0.194200 0.065300 0.070500 0.072000 0.094100 0.082300 0.107200 0.065500 0.033400 0.043800 0.049800 0.060500 0.082400 0.141600 0.149800 0.071400 0.076300 0.099900 0.082900 0.078400 0.112400 0.065600 0.098300 0.038300 0.081900 0.093700 0.071900 0.113500 0.072900 0.119700 0.044000 0.071400 0.010800 0.071100 0.060300 0.108400 0.124100 0.084800 0.083600 0.101900 0.106500 0.000000 0.060300 0.088600 0.075700 0.087700 0.072500 0.104100 0.076800
RoyalAntel 0.074700 0.254300 0.115900 0.210200 0.069500 0.074700 0.065000 0.098000 0.109800 0.123000 0.058700 0.072600 0.059700 0.043300 0.064900 0.086400 0.139900 0.146900 0.075700 0.103700 0.092000 0.086900 0.094200 0.128100 0.058800 0.102000 0.054200 0.109300 0.097500 0.099300 0.129300 0.065900 0.123400 0.059800 0.064200 0.071100 0.075300 0.064700 0.112100 0.139700 0.106600 0.087700 0.117700 0.122200 0.060300 0.000000 0.092600 0.091000 0.080500 0.088300 0.131700 0.103900
Steenbok 0.102600 0.260000 0.133300 0.195800 0.086100 0.102600 0.093200 0.047500 0.115200 0.146400 0.097800 0.101700 0.076400 0.071200 0.093000 0.047400 0.144100 0.164500 0.075500 0.120700 0.063700 0.115500 0.117100 0.151400 0.097900 0.041400 0.070900 0.126400 0.047300 0.128400 0.140700 0.094200 0.146800 0.065200 0.092300 0.087900 0.103400 0.070000 0.059700 0.138900 0.129900 0.037200 0.129100 0.145500 0.088600 0.092600 0.000000 0.096200 0.097000 0.111200 0.149100 0.109300
Impala 0.073300 0.276700 0.130800 0.205700 0.095800 0.073300 0.102900 0.090300 0.124700 0.137900 0.079500 0.088200 0.075100 0.075600 0.080100 0.090100 0.171800 0.180300 0.079800 0.118500 0.107100 0.085200 0.097800 0.142900 0.079500 0.105400 0.069700 0.124100 0.101000 0.114300 0.132200 0.098400 0.114800 0.075300 0.090700 0.075100 0.073800 0.091100 0.115400 0.154600 0.109900 0.091400 0.132700 0.137100 0.075700 0.091000 0.096200 0.000000 0.106400 0.103500 0.146300 0.118800
Klipspring 0.096000 0.258500 0.144000 0.220200 0.108000 0.096000 0.092200 0.102200 0.137500 0.151200 0.091300 0.100700 0.075700 0.064900 0.086500 0.096600 0.148800 0.157000 0.097200 0.125500 0.119600 0.103000 0.110200 0.156300 0.091300 0.117700 0.070200 0.136800 0.107700 0.127000 0.157600 0.087700 0.151800 0.076000 0.091400 0.098500 0.096700 0.091800 0.128400 0.155900 0.122700 0.103700 0.146000 0.150300 0.087700 0.080500 0.097000 0.106400 0.000000 0.116100 0.159500 0.131500
ForestMusk 0.098500 0.221000 0.141500 0.145800 0.093200 0.098500 0.100500 0.104900 0.135100 0.076700 0.093600 0.085300 0.083400 0.078100 0.088700 0.110400 0.116400 0.124100 0.099700 0.128600 0.122500 0.099500 0.048900 0.081900 0.093600 0.126300 0.077800 0.134400 0.110100 0.124400 0.082700 0.095600 0.100300 0.083600 0.088000 0.083500 0.099200 0.088400 0.119400 0.081600 0.060500 0.112000 0.071500 0.087700 0.072500 0.088300 0.111200 0.103500 0.116100 0.000000 0.157500 0.129000
Bushbuck 0.106800 0.306800 0.047000 0.260900 0.113300 0.106800 0.097500 0.154600 0.030900 0.168800 0.113400 0.117900 0.127200 0.098600 0.132200 0.130500 0.216300 0.199900 0.119700 0.036100 0.148500 0.143000 0.163800 0.199000 0.113500 0.157900 0.121500 0.030800 0.153800 0.052900 0.163200 0.110300 0.181800 0.127400 0.131200 0.115300 0.118900 0.097100 0.139500 0.198700 0.171400 0.144400 0.163900 0.180300 0.104100 0.131700 0.149100 0.146300 0.159500 0.157500 0.000000 0.036300
GreaterKud 0.079800 0.288800 0.031500 0.229500 0.086100 0.079800 0.081500 0.126500 0.026100 0.140200 0.097600 0.089500 0.099200 0.082400 0.104300 0.103000 0.187100 0.196100 0.092200 0.010300 0.132300 0.115100 0.135100 0.169800 0.097600 0.118600 0.093500 0.015500 0.114200 0.026300 0.134600 0.094000 0.152800 0.087800 0.103600 0.076200 0.103100 0.069900 0.129400 0.169500 0.142300 0.116200 0.135100 0.163800 0.076800 0.103900 0.109300 0.118800 0.131500 0.129000 0.036300 0.000000
