1
52 1
Argali 0.000000 0.082100 0.015300 0.030000 0.005100 0.003400 0.005000 0.018900 0.011800 0.010300 0.001700 0.003400 0.018800 0.008500 0.020500 0.021200 0.018700 0.011800 0.003400 0.017000 0.010200 0.003400 0.010200 0.034200 0.001700 0.008500 0.017000 0.013600 0.013700 0.023800 0.010200 0.008500 0.015200 0.015300 0.005100 0.006800 0.001700 0.005100 0.034700 0.018800 0.008500 0.008600 0.008500 0.036000 0.010200 0.006800 0.010300 0.008500 0.011900 0.017200 0.011800 0.015200
LesserMous 0.082100 0.000000 0.081700 0.081300 0.076400 0.084200 0.079500 0.079800 0.081300 0.074000 0.083800 0.077800 0.081800 0.079900 0.089200 0.080400 0.079600 0.075900 0.078500 0.083400 0.084300 0.081900 0.073700 0.091900 0.084000 0.080200 0.079900 0.083400 0.078800 0.091000 0.073900 0.079900 0.075800 0.077900 0.080300 0.077600 0.080500 0.076200 0.090200 0.075900 0.072100 0.078800 0.072000 0.093900 0.081600 0.076500 0.074700 0.079900 0.075900 0.078500 0.081100 0.082600
LesserKudu 0.015300 0.081700 0.000000 0.038700 0.013600 0.018700 0.010100 0.024000 0.003300 0.018700 0.017000 0.011800 0.027300 0.013500 0.022100 0.026100 0.027200 0.020300 0.015300 0.008400 0.018800 0.015300 0.018600 0.039200 0.017000 0.017000 0.025600 0.005000 0.015400 0.015100 0.018700 0.013500 0.023700 0.023800 0.013600 0.015200 0.013600 0.013600 0.036200 0.023900 0.017000 0.017100 0.016900 0.041100 0.018600 0.015300 0.018800 0.017000 0.017000 0.025700 0.003300 0.006700
KillerWhal 0.030000 0.081300 0.038700 0.000000 0.028100 0.033800 0.027900 0.033800 0.035000 0.026300 0.031700 0.026100 0.037000 0.028000 0.040600 0.037500 0.031700 0.024500 0.026400 0.040500 0.030000 0.029900 0.026200 0.047500 0.031700 0.028100 0.037000 0.036900 0.033700 0.040400 0.026300 0.028000 0.024500 0.035200 0.028200 0.026200 0.028300 0.028100 0.048200 0.035200 0.024500 0.026500 0.024400 0.049300 0.029700 0.024600 0.030000 0.028100 0.031600 0.030200 0.034900 0.038500
DefassaWat 0.005100 0.076400 0.013600 0.028100 0.000000 0.008500 0.003400 0.017100 0.010100 0.008500 0.006800 0.001700 0.017000 0.006800 0.018800 0.016000 0.017000 0.010100 0.005100 0.015300 0.008500 0.005100 0.008500 0.032500 0.006800 0.006800 0.015300 0.011900 0.012000 0.022100 0.008500 0.006800 0.013500 0.013600 0.003400 0.005000 0.003400 0.000100 0.032900 0.017100 0.006800 0.006800 0.006800 0.034200 0.008500 0.005100 0.008500 0.006800 0.010200 0.015400 0.010100 0.013500
Sheep 0.003400 0.084200 0.018700 0.033800 0.008500 0.000000 0.008400 0.022400 0.015200 0.013900 0.005100 0.006700 0.022300 0.011900 0.020500 0.024800 0.022500 0.015500 0.006800 0.020400 0.013700 0.006800 0.013800 0.038100 0.005100 0.011900 0.020500 0.017000 0.017200 0.027300 0.013800 0.011900 0.018900 0.018800 0.008500 0.010200 0.005100 0.008500 0.038700 0.022600 0.012100 0.012100 0.012100 0.039900 0.013600 0.010200 0.013700 0.011900 0.015300 0.020900 0.015200 0.018600
MaxwellsDu 0.005000 0.079500 0.010100 0.027900 0.003400 0.008400 0.000000 0.017000 0.006700 0.008400 0.006700 0.001700 0.016900 0.003300 0.018600 0.019400 0.016800 0.010000 0.005100 0.011700 0.008400 0.005000 0.008400 0.028700 0.006700 0.006700 0.015200 0.008400 0.011900 0.018500 0.008400 0.003300 0.013400 0.013400 0.003400 0.005000 0.003400 0.003400 0.029100 0.016900 0.006700 0.006800 0.006700 0.030400 0.008400 0.005000 0.008500 0.006700 0.010100 0.015300 0.006600 0.010000
GazellaPrz 0.018900 0.079800 0.024000 0.033800 0.017100 0.022400 0.017000 0.000000 0.023800 0.022300 0.020600 0.015300 0.027500 0.017000 0.025700 0.019600 0.027400 0.020400 0.015400 0.025700 0.017200 0.018800 0.022300 0.043100 0.020600 0.017100 0.025700 0.025700 0.015500 0.036100 0.022300 0.017000 0.023900 0.024000 0.017200 0.015300 0.017200 0.017100 0.040100 0.027600 0.020600 0.017200 0.020500 0.044900 0.018700 0.015400 0.018900 0.017100 0.020500 0.022400 0.023800 0.027300
MountainNy 0.011800 0.081300 0.003300 0.035000 0.010100 0.015200 0.006700 0.023800 0.000000 0.015200 0.013500 0.008400 0.023700 0.010100 0.022000 0.026400 0.023600 0.016800 0.011900 0.005000 0.015300 0.011800 0.015200 0.035600 0.013500 0.013500 0.022000 0.001700 0.018700 0.011700 0.015200 0.010100 0.020200 0.020300 0.010100 0.011700 0.010200 0.010100 0.036100 0.023800 0.013500 0.013600 0.013500 0.037500 0.015100 0.011800 0.015300 0.013500 0.013500 0.022100 0.000000 0.003300
MuntiacusM 0.010300 0.074000 0.018700 0.026300 0.008500 0.013900 0.008400 0.022300 0.015200 0.000000 0.012000 0.006700 0.022400 0.011800 0.023900 0.024800 0.015200 0.008400 0.010300 0.020400 0.013700 0.010300 0.003400 0.027200 0.012000 0.011900 0.020700 0.017000 0.017200 0.027200 0.003400 0.011800 0.011800 0.018900 0.008600 0.010200 0.008600 0.008500 0.034600 0.011900 0.001700 0.010300 0.001700 0.028900 0.013500 0.010200 0.013700 0.011900 0.015300 0.013700 0.015100 0.018600
goat 0.001700 0.083800 0.017000 0.031700 0.006800 0.005100 0.006700 0.020600 0.013500 0.012000 0.000000 0.005000 0.020500 0.010100 0.022200 0.023000 0.020400 0.013500 0.005100 0.018700 0.011900 0.005100 0.011900 0.035900 0.000000 0.010200 0.018700 0.015300 0.015400 0.025500 0.011900 0.010100 0.016900 0.017000 0.006800 0.008500 0.003400 0.006800 0.036700 0.020500 0.010200 0.010300 0.010200 0.037700 0.011800 0.008500 0.011900 0.010200 0.013600 0.018900 0.013500 0.016900
AfricanBuf 0.003400 0.077800 0.011800 0.026100 0.001700 0.006700 0.001700 0.015300 0.008400 0.006700 0.005000 0.000000 0.015200 0.005000 0.016900 0.017700 0.015100 0.008400 0.003400 0.013500 0.006800 0.003400 0.006700 0.030400 0.005100 0.005000 0.013500 0.010100 0.010200 0.020200 0.006700 0.005000 0.011700 0.011800 0.001700 0.003300 0.001700 0.001700 0.030900 0.015200 0.005000 0.005100 0.005000 0.032200 0.006700 0.003400 0.006800 0.005000 0.008400 0.013600 0.008300 0.011700
Topi 0.018800 0.081800 0.027300 0.037000 0.017000 0.022300 0.016900 0.027500 0.023700 0.022400 0.020500 0.015200 0.000000 0.016900 0.032600 0.030200 0.027200 0.020300 0.015400 0.029000 0.022300 0.018700 0.022100 0.037900 0.020500 0.017000 0.001700 0.025500 0.022300 0.035900 0.022200 0.016900 0.023700 0.003300 0.013600 0.015300 0.017100 0.017000 0.043400 0.023900 0.020500 0.017200 0.020400 0.039700 0.018600 0.015300 0.018800 0.017000 0.020400 0.025800 0.023600 0.027100
CommonDuik 0.008500 0.079900 0.013500 0.028000 0.006800 0.011900 0.003300 0.017000 0.010100 0.011800 0.010100 0.005000 0.016900 0.000000 0.022100 0.019400 0.016900 0.010100 0.005100 0.015200 0.011900 0.008400 0.011800 0.028800 0.010100 0.006700 0.015200 0.011800 0.011900 0.022000 0.011800 0.000000 0.013400 0.013500 0.006800 0.005000 0.006800 0.006700 0.029200 0.020400 0.010100 0.006800 0.010100 0.030500 0.008400 0.005100 0.008500 0.006700 0.010100 0.015300 0.010000 0.013400
Suni 0.020500 0.089200 0.022100 0.040600 0.018800 0.020500 0.018600 0.025700 0.022000 0.023900 0.022200 0.016900 0.032600 0.022100 0.000000 0.031700 0.032500 0.025500 0.020500 0.027300 0.020500 0.020400 0.023900 0.048100 0.022200 0.022200 0.030800 0.023800 0.024100 0.034100 0.023900 0.022100 0.028900 0.029000 0.018800 0.020700 0.018800 0.018700 0.041600 0.029200 0.022200 0.022400 0.022100 0.046400 0.023800 0.020500 0.024000 0.022200 0.022200 0.031000 0.021900 0.025400
Springbuck 0.021200 0.080400 0.026100 0.037500 0.016000 0.024800 0.019400 0.019600 0.026400 0.024800 0.023000 0.017700 0.030200 0.019400 0.031700 0.000000 0.030100 0.022900 0.017600 0.031900 0.020100 0.017600 0.024900 0.045800 0.023000 0.016400 0.028400 0.028300 0.017800 0.038800 0.024900 0.019500 0.026400 0.026600 0.019500 0.017600 0.019500 0.016000 0.042600 0.029800 0.023100 0.016300 0.023000 0.047600 0.021100 0.017800 0.021700 0.019600 0.023000 0.028600 0.026300 0.029900
Okapi 0.018700 0.079600 0.027200 0.031700 0.017000 0.022500 0.016800 0.027400 0.023600 0.015200 0.020400 0.015100 0.027200 0.016900 0.032500 0.030100 0.000000 0.010000 0.015300 0.028900 0.022200 0.018700 0.015200 0.035600 0.020400 0.017000 0.025500 0.025400 0.022200 0.035700 0.015200 0.016900 0.013400 0.023700 0.017000 0.015300 0.017000 0.017000 0.033100 0.020400 0.013500 0.015400 0.013500 0.037400 0.018600 0.015300 0.018800 0.017000 0.016900 0.018700 0.023500 0.027000
Giraffe 0.011800 0.075900 0.020300 0.024500 0.010100 0.015500 0.010000 0.020400 0.016800 0.008400 0.013500 0.008400 0.020300 0.010100 0.025500 0.022900 0.010000 0.000000 0.008500 0.022000 0.015300 0.011800 0.008400 0.025200 0.013500 0.010100 0.018600 0.018500 0.015300 0.028800 0.008400 0.010100 0.010000 0.016900 0.010100 0.008400 0.010200 0.010100 0.032600 0.013500 0.006700 0.008500 0.006700 0.027000 0.011800 0.008400 0.011900 0.010100 0.013500 0.011900 0.016700 0.020100
TibetanAnt 0.003400 0.078500 0.015300 0.026400 0.005100 0.006800 0.005100 0.015400 0.011900 0.010300 0.005100 0.003400 0.015400 0.005100 0.020500 0.017600 0.015300 0.008500 0.000000 0.017100 0.010300 0.003400 0.010200 0.030800 0.005100 0.005100 0.013600 0.013600 0.010300 0.023900 0.010200 0.005100 0.011900 0.011900 0.005100 0.003400 0.001700 0.005100 0.031200 0.018900 0.008500 0.005100 0.008500 0.032500 0.006800 0.003400 0.006800 0.005100 0.008500 0.013700 0.011800 0.015200
Sitatunga 0.017000 0.083400 0.008400 0.040500 0.015300 0.020400 0.011700 0.025700 0.005000 0.020400 0.018700 0.013500 0.029000 0.015200 0.027300 0.031900 0.028900 0.022000 0.017100 0.000000 0.020500 0.016900 0.020300 0.040900 0.018700 0.018700 0.027300 0.006700 0.020500 0.016800 0.020400 0.015200 0.025400 0.025500 0.015300 0.016800 0.015300 0.015200 0.041500 0.029100 0.018700 0.018800 0.018600 0.042900 0.020300 0.017000 0.020500 0.018700 0.018600 0.027400 0.005000 0.008300
Oribi 0.010200 0.084300 0.018800 0.030000 0.008500 0.013700 0.008400 0.017200 0.015300 0.013700 0.011900 0.006800 0.022300 0.011900 0.020500 0.020100 0.022200 0.015300 0.010300 0.020500 0.000000 0.010200 0.013600 0.037800 0.011900 0.011900 0.020500 0.017000 0.017200 0.027300 0.013700 0.011900 0.018700 0.018800 0.008500 0.010100 0.008600 0.008500 0.038300 0.022300 0.011900 0.012000 0.011900 0.039600 0.013600 0.010200 0.013700 0.011900 0.015400 0.020700 0.015200 0.018600
BarbaryShe 0.003400 0.081900 0.015300 0.029900 0.005100 0.006800 0.005000 0.018800 0.011800 0.010300 0.005100 0.003400 0.018700 0.008400 0.020400 0.017600 0.018700 0.011800 0.003400 0.016900 0.010200 0.000000 0.010200 0.034100 0.005100 0.005100 0.017000 0.013500 0.010200 0.023800 0.010200 0.008400 0.015200 0.015300 0.005100 0.006700 0.001700 0.005100 0.034600 0.018800 0.008500 0.005100 0.008500 0.035900 0.010100 0.006800 0.010200 0.008500 0.011900 0.017100 0.011800 0.015200
Daviddeer 0.010200 0.073700 0.018600 0.026200 0.008500 0.013800 0.008400 0.022300 0.015200 0.003400 0.011900 0.006700 0.022100 0.011800 0.023900 0.024900 0.015200 0.008400 0.010200 0.020300 0.013600 0.010200 0.000000 0.027100 0.011900 0.011900 0.020400 0.016900 0.017100 0.027200 0.003400 0.011800 0.011800 0.018700 0.008500 0.010100 0.008500 0.008500 0.034600 0.011900 0.001700 0.010200 0.001700 0.028800 0.013500 0.010200 0.013600 0.011900 0.015300 0.013600 0.015100 0.018500
Reindeer 0.034200 0.091900 0.039200 0.047500 0.032500 0.038100 0.028700 0.043100 0.035600 0.027200 0.035900 0.030400 0.037900 0.028800 0.048100 0.045800 0.035600 0.025200 0.030800 0.040900 0.037800 0.034100 0.027100 0.000000 0.035900 0.032400 0.036100 0.037400 0.037900 0.047800 0.027200 0.028800 0.032100 0.034300 0.032500 0.030700 0.032600 0.032400 0.050400 0.034600 0.025400 0.030900 0.025400 0.008300 0.033900 0.030700 0.034300 0.032400 0.035800 0.034200 0.035500 0.039000
Ibex 0.001700 0.084000 0.017000 0.031700 0.006800 0.005100 0.006700 0.020600 0.013500 0.012000 0.000000 0.005100 0.020500 0.010100 0.022200 0.023000 0.020400 0.013500 0.005100 0.018700 0.011900 0.005100 0.011900 0.035900 0.000000 0.010200 0.018800 0.015300 0.015400 0.025600 0.011900 0.010200 0.016900 0.017000 0.006800 0.008500 0.003400 0.006800 0.036700 0.020600 0.010200 0.010300 0.010200 0.037700 0.011900 0.008500 0.012000 0.010200 0.013600 0.018900 0.013500 0.016900
GyrantGaze 0.008500 0.080200 0.017000 0.028100 0.006800 0.011900 0.006700 0.017100 0.013500 0.011900 0.010200 0.005000 0.017000 0.006700 0.022200 0.016400 0.017000 0.010100 0.005100 0.018700 0.011900 0.005100 0.011900 0.032400 0.010200 0.000000 0.015300 0.015300 0.008500 0.025500 0.011900 0.006700 0.013500 0.013600 0.006800 0.005000 0.006800 0.006800 0.032900 0.020500 0.010200 0.003400 0.010200 0.034200 0.008400 0.005100 0.008500 0.006800 0.010200 0.015400 0.013500 0.016900
Hartebeest 0.017000 0.079900 0.025600 0.037000 0.015300 0.020500 0.015200 0.025700 0.022000 0.020700 0.018700 0.013500 0.001700 0.015200 0.030800 0.028400 0.025500 0.018600 0.013600 0.027300 0.020500 0.017000 0.020400 0.036100 0.018800 0.015300 0.000000 0.023800 0.020600 0.034100 0.020500 0.015200 0.022000 0.001700 0.011900 0.013600 0.015400 0.015300 0.041600 0.022200 0.018700 0.015400 0.018700 0.037900 0.016900 0.013600 0.017100 0.015300 0.018700 0.024000 0.021900 0.025400
Bongo 0.013600 0.083400 0.005000 0.036900 0.011900 0.017000 0.008400 0.025700 0.001700 0.017000 0.015300 0.010100 0.025500 0.011800 0.023800 0.028300 0.025400 0.018500 0.013600 0.006700 0.017000 0.013500 0.016900 0.037400 0.015300 0.015300 0.023800 0.000000 0.020500 0.013400 0.017000 0.011800 0.022000 0.022000 0.011900 0.013400 0.011900 0.011800 0.038000 0.025600 0.015200 0.015400 0.015200 0.039300 0.016900 0.013600 0.017000 0.011800 0.015200 0.023900 0.001700 0.005000
Gerenuk 0.013700 0.078800 0.015400 0.033700 0.012000 0.017200 0.011900 0.015500 0.018700 0.017200 0.015400 0.010200 0.022300 0.011900 0.024100 0.017800 0.022200 0.015300 0.010300 0.020500 0.017200 0.010200 0.017100 0.037900 0.015400 0.008500 0.020600 0.020500 0.000000 0.030900 0.017200 0.011900 0.018700 0.018800 0.012000 0.010200 0.012000 0.012000 0.034800 0.022400 0.015400 0.008600 0.015400 0.039700 0.013600 0.010300 0.013800 0.012000 0.015400 0.020700 0.018700 0.022100
CommonElan 0.023800 0.091000 0.015100 0.040400 0.022100 0.027300 0.018500 0.036100 0.011700 0.027200 0.025500 0.020200 0.035900 0.022000 0.034100 0.038800 0.035700 0.028800 0.023900 0.016800 0.027300 0.023800 0.027200 0.047800 0.025600 0.025500 0.034100 0.013400 0.030900 0.000000 0.027200 0.022000 0.028800 0.032300 0.022100 0.023600 0.022200 0.022100 0.042300 0.036000 0.025500 0.025700 0.025400 0.049800 0.027100 0.022100 0.027400 0.025500 0.025500 0.034300 0.011600 0.015000
MuntiacusR 0.010200 0.073900 0.018700 0.026300 0.008500 0.013800 0.008400 0.022300 0.015200 0.003400 0.011900 0.006700 0.022200 0.011800 0.023900 0.024900 0.015200 0.008400 0.010200 0.020400 0.013700 0.010200 0.003400 0.027200 0.011900 0.011900 0.020500 0.017000 0.017200 0.027200 0.000000 0.011800 0.011800 0.018700 0.008500 0.010200 0.008500 0.008500 0.034600 0.011900 0.001700 0.010300 0.001700 0.028900 0.013500 0.010200 0.013700 0.011900 0.015300 0.013700 0.015100 0.018600
HarveysDui 0.008500 0.079900 0.013500 0.028000 0.006800 0.011900 0.003300 0.017000 0.010100 0.011800 0.010100 0.005000 0.016900 0.000000 0.022100 0.019500 0.016900 0.010100 0.005100 0.015200 0.011900 0.008400 0.011800 0.028800 0.010200 0.006700 0.015200 0.011800 0.011900 0.022000 0.011800 0.000000 0.013400 0.013500 0.006800 0.005000 0.006800 0.006700 0.029200 0.020400 0.010100 0.006800 0.010100 0.030500 0.008400 0.005100 0.008500 0.006700 0.010100 0.015300 0.010000 0.013400
Pronghorn 0.015200 0.075800 0.023700 0.024500 0.013500 0.018900 0.013400 0.023900 0.020200 0.011800 0.016900 0.011700 0.023700 0.013400 0.028900 0.026400 0.013400 0.010000 0.011900 0.025400 0.018700 0.015200 0.011800 0.032100 0.016900 0.013500 0.022000 0.022000 0.018700 0.028800 0.011800 0.013400 0.000000 0.020300 0.013500 0.011800 0.013600 0.013500 0.033000 0.020300 0.010100 0.011900 0.010100 0.033900 0.015100 0.010100 0.015300 0.013500 0.016900 0.015300 0.020100 0.023500
BlueWildeb 0.015300 0.077900 0.023800 0.035200 0.013600 0.018800 0.013400 0.024000 0.020300 0.018900 0.017000 0.011800 0.003300 0.013500 0.029000 0.026600 0.023700 0.016900 0.011900 0.025500 0.018800 0.015300 0.018700 0.034300 0.017000 0.013600 0.001700 0.022000 0.018800 0.032300 0.018700 0.013500 0.020300 0.000000 0.010200 0.011900 0.013600 0.013600 0.039800 0.020400 0.017000 0.013700 0.016900 0.036100 0.015200 0.011900 0.015300 0.013500 0.017000 0.022200 0.020200 0.023600
Gemsbok 0.005100 0.080300 0.013600 0.028200 0.003400 0.008500 0.003400 0.017200 0.010100 0.008600 0.006800 0.001700 0.013600 0.006800 0.018800 0.019500 0.017000 0.010100 0.005100 0.015300 0.008500 0.005100 0.008500 0.032500 0.006800 0.006800 0.011900 0.011900 0.012000 0.022100 0.008500 0.006800 0.013500 0.010200 0.000000 0.005100 0.003400 0.003400 0.033000 0.013700 0.006800 0.006900 0.006800 0.034300 0.008500 0.005100 0.008500 0.006800 0.010200 0.015400 0.010100 0.013500
Yak 0.006800 0.077600 0.015200 0.026200 0.005000 0.010200 0.005000 0.015300 0.011700 0.010200 0.008500 0.003300 0.015300 0.005000 0.020700 0.017600 0.015300 0.008400 0.003400 0.016800 0.010100 0.006700 0.010100 0.030700 0.008500 0.005000 0.013600 0.013400 0.010200 0.023600 0.010200 0.005000 0.011800 0.011900 0.005100 0.000000 0.005100 0.005100 0.030800 0.018700 0.008400 0.005100 0.008400 0.032400 0.003300 0.003400 0.003400 0.005100 0.008400 0.013700 0.011700 0.015000
BlueSheep 0.001700 0.080500 0.013600 0.028300 0.003400 0.005100 0.003400 0.017200 0.010200 0.008600 0.003400 0.001700 0.017100 0.006800 0.018800 0.019500 0.017000 0.010200 0.001700 0.015300 0.008600 0.001700 0.008500 0.032600 0.003400 0.006800 0.015400 0.011900 0.012000 0.022200 0.008500 0.006800 0.013600 0.013600 0.003400 0.005100 0.000000 0.003400 0.033100 0.017200 0.006800 0.006900 0.006800 0.034400 0.008500 0.005100 0.008600 0.006800 0.010200 0.015500 0.010100 0.013500
BohorReedb 0.005100 0.076200 0.013600 0.028100 0.000100 0.008500 0.003400 0.017100 0.010100 0.008500 0.006800 0.001700 0.017000 0.006700 0.018700 0.016000 0.017000 0.010100 0.005100 0.015200 0.008500 0.005100 0.008500 0.032400 0.006800 0.006800 0.015300 0.011800 0.012000 0.022100 0.008500 0.006700 0.013500 0.013600 0.003400 0.005100 0.003400 0.000000 0.032900 0.017100 0.006800 0.006800 0.006800 0.034200 0.008400 0.005100 0.008500 0.006800 0.010200 0.015400 0.010100 0.013500
KirksDik 0.034700 0.090200 0.036200 0.048200 0.032900 0.038700 0.029100 0.040100 0.036100 0.034600 0.036700 0.030900 0.043400 0.029200 0.041600 0.042600 0.033100 0.032600 0.031200 0.041500 0.038300 0.034600 0.034600 0.050400 0.036700 0.032900 0.041600 0.038000 0.034800 0.042300 0.034600 0.029200 0.033000 0.039800 0.033000 0.030800 0.033100 0.032900 0.000000 0.040000 0.032900 0.031300 0.032800 0.052200 0.034500 0.031100 0.035600 0.032900 0.031500 0.038300 0.036000 0.039500
RoeDeer 0.018800 0.075900 0.023900 0.035200 0.017100 0.022600 0.016900 0.027600 0.023800 0.011900 0.020500 0.015200 0.023900 0.020400 0.029200 0.029800 0.020400 0.013500 0.018900 0.029100 0.022300 0.018800 0.011900 0.034600 0.020600 0.020500 0.022200 0.025600 0.022400 0.036000 0.011900 0.020400 0.020300 0.020400 0.013700 0.018700 0.017200 0.017100 0.040000 0.000000 0.010200 0.018900 0.010200 0.036400 0.022100 0.018800 0.022400 0.020500 0.024000 0.022300 0.023700 0.027200
WhiteLippe 0.008500 0.072100 0.017000 0.024500 0.006800 0.012100 0.006700 0.020600 0.013500 0.001700 0.010200 0.005000 0.020500 0.010100 0.022200 0.023100 0.013500 0.006700 0.008500 0.018700 0.011900 0.008500 0.001700 0.025400 0.010200 0.010200 0.018700 0.015200 0.015400 0.025500 0.001700 0.010100 0.010100 0.017000 0.006800 0.008400 0.006800 0.006800 0.032900 0.010200 0.000000 0.008500 0.000100 0.027200 0.011800 0.008500 0.012000 0.010200 0.013600 0.011900 0.013400 0.016900
ThomsonGaz 0.008600 0.078800 0.017100 0.026500 0.006800 0.012100 0.006800 0.017200 0.013600 0.010300 0.010300 0.005100 0.017200 0.006800 0.022400 0.016300 0.015400 0.008500 0.005100 0.018800 0.012000 0.005100 0.010200 0.030900 0.010300 0.003400 0.015400 0.015400 0.008600 0.025700 0.010300 0.006800 0.011900 0.013700 0.006900 0.005100 0.006900 0.006800 0.031300 0.018900 0.008500 0.000000 0.008500 0.032700 0.008500 0.005100 0.008600 0.006800 0.010200 0.013800 0.013500 0.017000
MuntiacusC 0.008500 0.072000 0.016900 0.024400 0.006800 0.012100 0.006700 0.020500 0.013500 0.001700 0.010200 0.005000 0.020400 0.010100 0.022100 0.023000 0.013500 0.006700 0.008500 0.018600 0.011900 0.008500 0.001700 0.025400 0.010200 0.010200 0.018700 0.015200 0.015400 0.025400 0.001700 0.010100 0.010100 0.016900 0.006800 0.008400 0.006800 0.006800 0.032800 0.010200 0.000100 0.008500 0.000000 0.027100 0.011800 0.008500 0.011900 0.010200 0.013600 0.011900 0.013400 0.016800
WhiteTaile 0.036000 0.093900 0.041100 0.049300 0.034200 0.039900 0.030400 0.044900 0.037500 0.028900 0.037700 0.032200 0.039700 0.030500 0.046400 0.047600 0.037400 0.027000 0.032500 0.042900 0.039600 0.035900 0.028800 0.008300 0.037700 0.034200 0.037900 0.039300 0.039700 0.049800 0.028900 0.030500 0.033900 0.036100 0.034300 0.032400 0.034400 0.034200 0.052200 0.036400 0.027200 0.032700 0.027100 0.000000 0.035700 0.032500 0.036100 0.034200 0.037600 0.036000 0.037300 0.040900
Cattle 0.010200 0.081600 0.018600 0.029700 0.008500 0.013600 0.008400 0.018700 0.015100 0.013500 0.011800 0.006700 0.018600 0.008400 0.023800 0.021100 0.018600 0.011800 0.006800 0.020300 0.013600 0.010100 0.013500 0.033900 0.011900 0.008400 0.016900 0.016900 0.013600 0.027100 0.013500 0.008400 0.015100 0.015200 0.008500 0.003300 0.008500 0.008400 0.034500 0.022100 0.011800 0.008500 0.011800 0.035700 0.000000 0.006800 0.006800 0.008400 0.011800 0.017000 0.015100 0.018500
RoyalAntel 0.006800 0.076500 0.015300 0.024600 0.005100 0.010200 0.005000 0.015400 0.011800 0.010200 0.008500 0.003400 0.015300 0.005100 0.020500 0.017800 0.015300 0.008400 0.003400 0.017000 0.010200 0.006800 0.010200 0.030700 0.008500 0.005100 0.013600 0.013600 0.010300 0.022100 0.010200 0.005100 0.010100 0.011900 0.005100 0.003400 0.005100 0.005100 0.031100 0.018800 0.008500 0.005100 0.008500 0.032500 0.006800 0.000000 0.006800 0.005100 0.008500 0.013700 0.011800 0.015200
Steenbok 0.010300 0.074700 0.018800 0.030000 0.008500 0.013700 0.008500 0.018900 0.015300 0.013700 0.011900 0.006800 0.018800 0.008500 0.024000 0.021700 0.018800 0.011900 0.006800 0.020500 0.013700 0.010200 0.013600 0.034300 0.012000 0.008500 0.017100 0.017000 0.013800 0.027400 0.013700 0.008500 0.015300 0.015300 0.008500 0.003400 0.008600 0.008500 0.035600 0.022400 0.012000 0.008600 0.011900 0.036100 0.006800 0.006800 0.000000 0.008500 0.011900 0.017200 0.015200 0.018600
Impala 0.008500 0.079900 0.017000 0.028100 0.006800 0.011900 0.006700 0.017100 0.013500 0.011900 0.010200 0.005000 0.017000 0.006700 0.022200 0.019600 0.017000 0.010100 0.005100 0.018700 0.011900 0.008500 0.011900 0.032400 0.010200 0.006800 0.015300 0.011800 0.012000 0.025500 0.011900 0.006700 0.013500 0.013500 0.006800 0.005100 0.006800 0.006800 0.032900 0.020500 0.010200 0.006800 0.010200 0.034200 0.008400 0.005100 0.008500 0.000000 0.010200 0.015400 0.013400 0.016900
Klipspring 0.011900 0.075900 0.017000 0.031600 0.010200 0.015300 0.010100 0.020500 0.013500 0.015300 0.013600 0.008400 0.020400 0.010100 0.022200 0.023000 0.016900 0.013500 0.008500 0.018600 0.015400 0.011900 0.015300 0.035800 0.013600 0.010200 0.018700 0.015200 0.015400 0.025500 0.015300 0.010100 0.016900 0.017000 0.010200 0.008400 0.010200 0.010200 0.031500 0.024000 0.013600 0.010200 0.013600 0.037600 0.011800 0.008500 0.011900 0.010200 0.000000 0.018800 0.013400 0.016800
ForestMusk 0.017200 0.078500 0.025700 0.030200 0.015400 0.020900 0.015300 0.022400 0.022100 0.013700 0.018900 0.013600 0.025800 0.015300 0.031000 0.028600 0.018700 0.011900 0.013700 0.027400 0.020700 0.017100 0.013600 0.034200 0.018900 0.015400 0.024000 0.023900 0.020700 0.034300 0.013700 0.015300 0.015300 0.022200 0.015400 0.013700 0.015500 0.015400 0.038300 0.022300 0.011900 0.013800 0.011900 0.036000 0.017000 0.013700 0.017200 0.015400 0.018800 0.000000 0.022100 0.025500
Bushbuck 0.011800 0.081100 0.003300 0.034900 0.010100 0.015200 0.006600 0.023800 0.000000 0.015100 0.013500 0.008300 0.023600 0.010000 0.021900 0.026300 0.023500 0.016700 0.011800 0.005000 0.015200 0.011800 0.015100 0.035500 0.013500 0.013500 0.021900 0.001700 0.018700 0.011600 0.015100 0.010000 0.020100 0.020200 0.010100 0.011700 0.010100 0.010100 0.036000 0.023700 0.013400 0.013500 0.013400 0.037300 0.015100 0.011800 0.015200 0.013400 0.013400 0.022100 0.000000 0.003300
GreaterKud 0.015200 0.082600 0.006700 0.038500 0.013500 0.018600 0.010000 0.027300 0.003300 0.018600 0.016900 0.011700 0.027100 0.013400 0.025400 0.029900 0.027000 0.020100 0.015200 0.008300 0.018600 0.015200 0.018500 0.039000 0.016900 0.016900 0.025400 0.005000 0.022100 0.015000 0.018600 0.013400 0.023500 0.023600 0.013500 0.015000 0.013500 0.013500 0.039500 0.027200 0.016900 0.017000 0.016800 0.040900 0.018500 0.015200 0.018600 0.016900 0.016800 0.025500 0.003300 0.000000
