1
52 1
Argali 0.000000 0.166600 0.091400 0.219000 0.061200 0.015200 0.045900 0.030700 0.059700 0.076400 0.015000 0.088600 0.030300 0.045000 0.260600 0.030200 0.089100 0.060000 0.093300 0.058800 0.015000 0.029700 0.090600 0.075500 0.015000 0.046200 0.031100 0.058800 0.185500 0.059700 0.075600 0.044300 0.091400 0.031100 0.015200 0.088600 0.015000 0.061200 0.029400 0.092600 0.091200 0.118300 0.075200 0.060700 0.043800 0.059500 0.014900 0.058900 0.045100 0.059800 0.059700 0.059700
LesserMous 0.166600 0.000000 0.109900 0.114300 0.147100 0.168100 0.166600 0.187200 0.109600 0.162700 0.168100 0.155700 0.204500 0.163300 0.323900 0.166600 0.173000 0.142900 0.182300 0.109600 0.168100 0.147200 0.160200 0.178500 0.168100 0.131100 0.190100 0.109600 0.344000 0.109600 0.161700 0.163500 0.109700 0.190100 0.167600 0.155700 0.168100 0.147100 0.197900 0.181900 0.196100 0.216000 0.161700 0.163000 0.142000 0.178500 0.168100 0.178800 0.163900 0.142500 0.109600 0.109600
LesserKudu 0.091400 0.109900 0.000000 0.158400 0.106000 0.092200 0.091500 0.108800 0.028100 0.073800 0.092200 0.085900 0.124400 0.089800 0.271700 0.107100 0.117300 0.088800 0.106100 0.028400 0.092200 0.075000 0.087600 0.104100 0.092200 0.091800 0.110300 0.028400 0.269400 0.028200 0.073000 0.089900 0.057200 0.110300 0.092400 0.085900 0.092200 0.106800 0.120600 0.089400 0.119300 0.168000 0.073000 0.089600 0.072500 0.104100 0.092200 0.104300 0.090100 0.088500 0.028200 0.028400
KillerWhal 0.219000 0.114300 0.158400 0.000000 0.198200 0.221000 0.181400 0.202400 0.158200 0.195100 0.221200 0.224100 0.258700 0.214500 0.339600 0.219000 0.186800 0.157200 0.256100 0.158200 0.221000 0.219000 0.192100 0.229700 0.221000 0.202400 0.244600 0.158200 0.360900 0.158200 0.192800 0.214900 0.141900 0.244600 0.221600 0.188100 0.221000 0.198200 0.250300 0.213500 0.210200 0.299400 0.192800 0.214100 0.211000 0.229700 0.221000 0.230100 0.215400 0.191900 0.158200 0.158200
DefassaWat 0.061200 0.147100 0.106000 0.198200 0.000000 0.046100 0.045700 0.062100 0.074700 0.091800 0.046100 0.102800 0.093600 0.044800 0.259600 0.061100 0.104100 0.075100 0.124700 0.074700 0.045600 0.060600 0.105900 0.090700 0.046100 0.045800 0.062900 0.074700 0.220000 0.074700 0.090800 0.044900 0.106700 0.062900 0.046200 0.103600 0.046100 0.000000 0.090700 0.108200 0.106500 0.117300 0.090800 0.075900 0.074000 0.059300 0.046100 0.059500 0.044000 0.074800 0.074700 0.074700
Sheep 0.015200 0.168100 0.092200 0.221000 0.046100 0.000000 0.030400 0.015200 0.060200 0.077100 0.000000 0.089300 0.045400 0.029600 0.245400 0.015000 0.089900 0.060600 0.078000 0.060200 0.000000 0.015200 0.091400 0.076100 0.000000 0.030900 0.015600 0.060200 0.170200 0.060200 0.076300 0.029800 0.092200 0.015400 0.000000 0.088800 0.000000 0.046100 0.044100 0.093500 0.092000 0.101800 0.076300 0.061200 0.059600 0.044900 0.000000 0.045000 0.030200 0.060300 0.060100 0.059700
MaxwellsDu 0.045900 0.166600 0.091500 0.181400 0.045700 0.030400 0.000000 0.046600 0.058700 0.076500 0.030200 0.088600 0.078000 0.029900 0.243200 0.045800 0.089200 0.059500 0.110000 0.059800 0.030200 0.044700 0.090700 0.075500 0.030100 0.062300 0.047200 0.059800 0.203300 0.059800 0.075700 0.029900 0.091400 0.047200 0.030800 0.088700 0.030400 0.045700 0.075500 0.092700 0.091200 0.136800 0.075400 0.060700 0.059200 0.044500 0.030700 0.044600 0.030000 0.058800 0.059800 0.059800
GazellaPrz 0.030700 0.187200 0.108800 0.202400 0.062100 0.015200 0.046600 0.000000 0.076100 0.093600 0.015400 0.105200 0.062600 0.045600 0.264300 0.030700 0.106000 0.076600 0.094600 0.076100 0.015400 0.030200 0.107900 0.092400 0.015400 0.046900 0.031600 0.076100 0.188500 0.076100 0.092600 0.045800 0.108700 0.031600 0.015500 0.105400 0.015200 0.062200 0.060600 0.110500 0.108500 0.120200 0.092600 0.077400 0.075300 0.060400 0.015200 0.059600 0.045800 0.076200 0.076100 0.076200
MountainNy 0.059700 0.109600 0.028100 0.158200 0.074700 0.060200 0.058700 0.076100 0.000000 0.043400 0.060200 0.056100 0.091300 0.058600 0.235600 0.074900 0.086200 0.058000 0.106400 0.000000 0.060200 0.044100 0.057300 0.071700 0.059600 0.059900 0.077100 0.000000 0.231800 0.000000 0.043000 0.057800 0.028400 0.077100 0.060400 0.056200 0.060200 0.073800 0.088600 0.058200 0.088100 0.131100 0.042600 0.058600 0.042600 0.072800 0.060200 0.073000 0.058800 0.057800 0.000000 0.000000
MuntiacusM 0.076400 0.162700 0.073800 0.195100 0.091800 0.077100 0.076500 0.093600 0.043400 0.000000 0.077100 0.102000 0.109100 0.075000 0.274400 0.092100 0.102800 0.074200 0.158000 0.043400 0.077100 0.091900 0.014200 0.028900 0.077100 0.109400 0.094700 0.043400 0.235300 0.043400 0.000000 0.075200 0.073800 0.094700 0.076900 0.102200 0.077100 0.091800 0.105700 0.014500 0.043700 0.187800 0.000000 0.014500 0.088700 0.089300 0.077100 0.089600 0.075200 0.073800 0.043400 0.043400
goat 0.015000 0.168100 0.092200 0.221200 0.046100 0.000000 0.030200 0.015400 0.060200 0.077100 0.000000 0.089300 0.046500 0.030100 0.245400 0.015200 0.089900 0.060600 0.076100 0.060200 0.000000 0.015000 0.091400 0.076100 0.000000 0.030500 0.015400 0.060200 0.170200 0.060200 0.076300 0.030200 0.092200 0.015400 0.000000 0.089400 0.000000 0.046100 0.044000 0.093500 0.091400 0.101800 0.076300 0.061200 0.059600 0.045200 0.000000 0.045000 0.030200 0.060300 0.060200 0.060200
AfricanBuf 0.088600 0.155700 0.085900 0.224100 0.102800 0.089300 0.088600 0.105200 0.056100 0.102000 0.089300 0.000000 0.120400 0.086500 0.229600 0.103800 0.113900 0.086100 0.135000 0.056100 0.089300 0.072700 0.115500 0.101000 0.089300 0.089000 0.106700 0.056100 0.224700 0.056100 0.101000 0.087100 0.085800 0.106700 0.089500 0.054700 0.089300 0.103500 0.117000 0.117700 0.116300 0.162100 0.101000 0.086900 0.041500 0.101000 0.089300 0.101100 0.087300 0.085900 0.056100 0.056100
Topi 0.030300 0.204500 0.124400 0.258700 0.093600 0.045400 0.078000 0.062600 0.091300 0.109100 0.046500 0.120400 0.000000 0.076400 0.297900 0.061600 0.121200 0.091800 0.126900 0.091300 0.046500 0.061500 0.123300 0.107700 0.046500 0.078500 0.031100 0.091300 0.221800 0.091300 0.107700 0.076600 0.124300 0.030300 0.046600 0.120500 0.046500 0.093600 0.059900 0.126000 0.124000 0.118200 0.107900 0.092800 0.074400 0.091100 0.046500 0.091300 0.076700 0.091400 0.091300 0.091300
CommonDuik 0.045000 0.163300 0.089800 0.214500 0.044800 0.029600 0.029900 0.045600 0.058600 0.075000 0.030100 0.086500 0.076400 0.000000 0.239200 0.044900 0.087600 0.058100 0.107900 0.058600 0.029700 0.044900 0.089000 0.073900 0.029700 0.061000 0.046200 0.058600 0.199600 0.058600 0.074100 0.029400 0.088800 0.046200 0.030200 0.087100 0.030100 0.044800 0.074100 0.090800 0.058600 0.133800 0.074200 0.059500 0.058100 0.043600 0.029800 0.043800 0.029100 0.057500 0.058600 0.058600
Suni 0.260600 0.323900 0.271700 0.339600 0.259600 0.245400 0.243200 0.264300 0.235600 0.274400 0.245400 0.229600 0.297900 0.239200 0.000000 0.224700 0.234000 0.221800 0.295100 0.235600 0.245400 0.224300 0.251600 0.256200 0.245400 0.244400 0.267300 0.235600 0.089700 0.235600 0.273100 0.204800 0.238500 0.267300 0.244400 0.196600 0.245400 0.259600 0.289700 0.294600 0.269900 0.333200 0.273100 0.258100 0.199900 0.253100 0.245400 0.185900 0.240100 0.256100 0.235600 0.235600
Springbuck 0.030200 0.166600 0.107100 0.219000 0.061100 0.015000 0.045800 0.030700 0.074900 0.092100 0.015200 0.103800 0.061600 0.044900 0.224700 0.000000 0.104400 0.075200 0.093200 0.074900 0.015200 0.030200 0.074500 0.090900 0.015200 0.045200 0.030700 0.074900 0.185200 0.074900 0.091000 0.045000 0.107000 0.031100 0.015200 0.103900 0.015000 0.061100 0.059700 0.108500 0.106800 0.118100 0.091000 0.076100 0.072300 0.059100 0.015000 0.059600 0.044100 0.075000 0.074900 0.074900
Okapi 0.089100 0.173000 0.117300 0.186800 0.104100 0.089900 0.089200 0.106000 0.086200 0.102800 0.089900 0.113900 0.121200 0.087600 0.234000 0.104400 0.000000 0.027600 0.169100 0.084800 0.089900 0.104300 0.116200 0.071300 0.089900 0.121600 0.107400 0.086200 0.194900 0.086200 0.101700 0.087700 0.086300 0.107400 0.090100 0.083900 0.089200 0.104100 0.117600 0.118500 0.117000 0.199900 0.101400 0.087400 0.100900 0.101300 0.089600 0.101700 0.087800 0.056100 0.086200 0.086200
Giraffe 0.060000 0.142900 0.088800 0.157200 0.075100 0.060600 0.059500 0.076600 0.058000 0.074200 0.060600 0.086100 0.091800 0.058100 0.221800 0.075200 0.027600 0.000000 0.139700 0.058000 0.060600 0.075300 0.088000 0.073300 0.060600 0.092100 0.077500 0.057000 0.182200 0.058000 0.073400 0.059100 0.058100 0.077500 0.060700 0.056400 0.060600 0.075100 0.089100 0.088200 0.087800 0.168500 0.073400 0.058900 0.072700 0.073200 0.060600 0.073400 0.059100 0.028300 0.057500 0.057700
TibetanAnt 0.093300 0.182300 0.106100 0.256100 0.124700 0.078000 0.110000 0.094600 0.106400 0.158000 0.076100 0.135000 0.126900 0.107900 0.295100 0.093200 0.169100 0.139700 0.000000 0.105900 0.077400 0.060800 0.171900 0.156100 0.078000 0.077600 0.096000 0.105900 0.256500 0.105900 0.156200 0.108000 0.139000 0.096000 0.078200 0.135000 0.077400 0.125800 0.090900 0.175600 0.173000 0.153600 0.156200 0.141100 0.105000 0.122500 0.078000 0.122700 0.108200 0.139200 0.105900 0.105900
Sitatunga 0.058800 0.109600 0.028400 0.158200 0.074700 0.060200 0.059800 0.076100 0.000000 0.043400 0.060200 0.056100 0.091300 0.058600 0.235600 0.074900 0.084800 0.058000 0.105900 0.000000 0.060200 0.044000 0.057300 0.071600 0.060000 0.059900 0.077100 0.000000 0.231800 0.000000 0.042600 0.058800 0.028100 0.077100 0.060400 0.056200 0.059300 0.073300 0.088600 0.057700 0.088100 0.131100 0.043000 0.057600 0.042600 0.071300 0.060200 0.073000 0.058800 0.058000 0.000000 0.000000
Oribi 0.015000 0.168100 0.092200 0.221000 0.045600 0.000000 0.030200 0.015400 0.060200 0.077100 0.000000 0.089300 0.046500 0.029700 0.245400 0.015200 0.089900 0.060600 0.077400 0.060200 0.000000 0.015200 0.091400 0.076100 0.000000 0.030600 0.015600 0.060200 0.170200 0.060200 0.076900 0.030200 0.092200 0.015400 0.000000 0.089800 0.000000 0.045600 0.044200 0.093500 0.092000 0.101800 0.076600 0.061200 0.059600 0.044800 0.000000 0.045000 0.030200 0.060300 0.060200 0.060200
BarbaryShe 0.029700 0.147200 0.075000 0.219000 0.060600 0.015200 0.044700 0.030200 0.044100 0.091900 0.015000 0.072700 0.061500 0.044900 0.224300 0.030200 0.104300 0.075300 0.060800 0.044000 0.015200 0.000000 0.106000 0.090800 0.015200 0.015100 0.031000 0.044100 0.185000 0.044100 0.090900 0.045000 0.074900 0.030200 0.015200 0.072700 0.015200 0.061000 0.059600 0.108400 0.106700 0.082500 0.090900 0.076000 0.043700 0.059400 0.015000 0.058400 0.044300 0.074900 0.043500 0.043800
Daviddeer 0.090600 0.160200 0.087600 0.192100 0.105900 0.091400 0.090700 0.107900 0.057300 0.014200 0.091400 0.115500 0.123300 0.089000 0.251600 0.074500 0.116200 0.088000 0.171900 0.057300 0.091400 0.106000 0.000000 0.042900 0.091400 0.123600 0.109200 0.057300 0.248700 0.057300 0.014100 0.089200 0.087600 0.109200 0.091200 0.115600 0.091400 0.105900 0.119500 0.028700 0.057600 0.202500 0.014100 0.028700 0.102400 0.103100 0.091400 0.103400 0.089200 0.087600 0.057300 0.057300
Reindeer 0.075500 0.178500 0.104100 0.229700 0.090700 0.076100 0.075500 0.092400 0.071700 0.028900 0.076100 0.101000 0.107700 0.073900 0.256200 0.090900 0.071300 0.073300 0.156100 0.071600 0.076100 0.090800 0.042900 0.000000 0.075800 0.108100 0.093500 0.072900 0.216700 0.072900 0.028600 0.074200 0.104000 0.093500 0.076300 0.101100 0.076100 0.090700 0.104500 0.043400 0.042700 0.186500 0.028600 0.014400 0.087700 0.088300 0.076100 0.088500 0.074300 0.073000 0.072900 0.072900
Ibex 0.015000 0.168100 0.092200 0.221000 0.046100 0.000000 0.030100 0.015400 0.059600 0.077100 0.000000 0.089300 0.046500 0.029700 0.245400 0.015200 0.089900 0.060600 0.078000 0.060000 0.000000 0.015200 0.091400 0.075800 0.000000 0.030400 0.015400 0.060200 0.170200 0.060200 0.074900 0.029800 0.092200 0.015400 0.000000 0.088600 0.000000 0.046100 0.045000 0.093500 0.092000 0.101800 0.074700 0.061200 0.059600 0.044800 0.000000 0.045000 0.030200 0.060300 0.060200 0.060200
GyrantGaze 0.046200 0.131100 0.091800 0.202400 0.045800 0.030900 0.062300 0.046900 0.059900 0.109400 0.030500 0.089000 0.078500 0.061000 0.244400 0.045200 0.121600 0.092100 0.077600 0.059900 0.030600 0.015100 0.123600 0.108100 0.030400 0.000000 0.047500 0.059900 0.205000 0.059900 0.108200 0.061200 0.091700 0.047500 0.031000 0.089000 0.030900 0.045800 0.076100 0.126400 0.124400 0.066200 0.108200 0.093100 0.059400 0.075800 0.030900 0.074300 0.061200 0.091800 0.059900 0.059900
Hartebeest 0.031100 0.190100 0.110300 0.244600 0.062900 0.015600 0.047200 0.031600 0.077100 0.094700 0.015400 0.106700 0.031100 0.046200 0.267300 0.030700 0.107400 0.077500 0.096000 0.077100 0.015600 0.031000 0.109200 0.093500 0.015400 0.047500 0.000000 0.077100 0.190500 0.077100 0.093700 0.046300 0.110100 0.000000 0.015700 0.106800 0.015400 0.062900 0.061400 0.111700 0.109900 0.085300 0.093700 0.078400 0.076300 0.061200 0.015600 0.061300 0.046400 0.077200 0.077100 0.077100
Bongo 0.058800 0.109600 0.028400 0.158200 0.074700 0.060200 0.059800 0.076100 0.000000 0.043400 0.060200 0.056100 0.091300 0.058600 0.235600 0.074900 0.086200 0.057000 0.105900 0.000000 0.060200 0.044100 0.057300 0.072900 0.060200 0.059900 0.077100 0.000000 0.231800 0.000000 0.042600 0.058800 0.028200 0.077100 0.060400 0.056200 0.059100 0.074700 0.088600 0.058900 0.088100 0.131100 0.043000 0.058600 0.042600 0.072800 0.060200 0.073000 0.058800 0.057800 0.000000 0.000000
Gerenuk 0.185500 0.344000 0.269400 0.360900 0.220000 0.170200 0.203300 0.188500 0.231800 0.235300 0.170200 0.224700 0.221800 0.199600 0.089700 0.185200 0.194900 0.182200 0.256500 0.231800 0.170200 0.185000 0.248700 0.216700 0.170200 0.205000 0.190500 0.231800 0.000000 0.231800 0.234200 0.200200 0.234900 0.190500 0.169400 0.190700 0.170200 0.220000 0.214900 0.255800 0.251300 0.294100 0.234200 0.218600 0.194100 0.213800 0.170200 0.214700 0.200300 0.216600 0.231800 0.231800
CommonElan 0.059700 0.109600 0.028200 0.158200 0.074700 0.060200 0.059800 0.076100 0.000000 0.043400 0.060200 0.056100 0.091300 0.058600 0.235600 0.074900 0.086200 0.058000 0.105900 0.000000 0.060200 0.044100 0.057300 0.072900 0.060200 0.059900 0.077100 0.000000 0.231800 0.000000 0.043200 0.057700 0.028100 0.077100 0.060400 0.056200 0.060200 0.074700 0.088600 0.058500 0.088100 0.131100 0.043000 0.058600 0.042600 0.072800 0.060200 0.073000 0.058800 0.057800 0.000000 0.000000
MuntiacusR 0.075600 0.161700 0.073000 0.192800 0.090800 0.076300 0.075700 0.092600 0.043000 0.000000 0.076300 0.101000 0.107700 0.074100 0.273100 0.091000 0.101700 0.073400 0.156200 0.042600 0.076900 0.090900 0.014100 0.028600 0.074900 0.108200 0.093700 0.042600 0.234200 0.043200 0.000000 0.074400 0.073000 0.093700 0.076400 0.101100 0.076000 0.090800 0.104600 0.014400 0.043200 0.186600 0.000000 0.014400 0.087700 0.088400 0.076300 0.088700 0.074400 0.073000 0.043000 0.042700
HarveysDui 0.044300 0.163500 0.089900 0.214900 0.044900 0.029800 0.029900 0.045800 0.057800 0.075200 0.030200 0.087100 0.076600 0.029400 0.204800 0.045000 0.087700 0.059100 0.108000 0.058800 0.030200 0.045000 0.089200 0.074200 0.029800 0.061200 0.046300 0.058800 0.200200 0.057700 0.074400 0.000000 0.089900 0.046300 0.030300 0.087200 0.030300 0.044900 0.074200 0.091100 0.089700 0.134100 0.074400 0.058600 0.058200 0.043100 0.030200 0.014300 0.029400 0.058800 0.058800 0.058700
Pronghorn 0.091400 0.109700 0.057200 0.141900 0.106700 0.092200 0.091400 0.108700 0.028400 0.073800 0.092200 0.085800 0.124300 0.088800 0.238500 0.107000 0.086300 0.058100 0.139000 0.028100 0.092200 0.074900 0.087600 0.104000 0.092200 0.091700 0.110100 0.028200 0.234900 0.028100 0.073000 0.089900 0.000000 0.110100 0.092400 0.071600 0.092200 0.106700 0.120500 0.089400 0.119700 0.167400 0.073000 0.089600 0.072400 0.104000 0.092200 0.104200 0.090400 0.072600 0.028100 0.028400
BlueWildeb 0.031100 0.190100 0.110300 0.244600 0.062900 0.015400 0.047200 0.031600 0.077100 0.094700 0.015400 0.106700 0.030300 0.046200 0.267300 0.031100 0.107400 0.077500 0.096000 0.077100 0.015400 0.030200 0.109200 0.093500 0.015400 0.047500 0.000000 0.077100 0.190500 0.077100 0.093700 0.046300 0.110100 0.000000 0.015700 0.106800 0.015400 0.062900 0.061400 0.110900 0.109900 0.085300 0.093700 0.078400 0.076300 0.061200 0.015600 0.060400 0.046400 0.077200 0.076500 0.077100
Gemsbok 0.015200 0.167600 0.092400 0.221600 0.046200 0.000000 0.030800 0.015500 0.060400 0.076900 0.000000 0.089500 0.046600 0.030200 0.244400 0.015200 0.090100 0.060700 0.078200 0.060400 0.000000 0.015200 0.091200 0.076300 0.000000 0.031000 0.015700 0.060400 0.169400 0.060400 0.076400 0.030300 0.092400 0.015700 0.000000 0.089600 0.000000 0.046200 0.045100 0.093700 0.092200 0.101500 0.076400 0.061400 0.059700 0.044900 0.000000 0.045100 0.030300 0.060400 0.060400 0.060400
Yak 0.088600 0.155700 0.085900 0.188100 0.103600 0.088800 0.088700 0.105400 0.056200 0.102200 0.089400 0.054700 0.120500 0.087100 0.196600 0.103900 0.083900 0.056400 0.135000 0.056200 0.089800 0.072700 0.115600 0.101100 0.088600 0.089000 0.106800 0.056200 0.190700 0.056200 0.101100 0.087200 0.071600 0.106800 0.089600 0.000000 0.089400 0.103600 0.117000 0.117900 0.116400 0.162100 0.101100 0.087000 0.041500 0.101000 0.089400 0.101200 0.087400 0.085900 0.055900 0.056200
BlueSheep 0.015000 0.168100 0.092200 0.221000 0.046100 0.000000 0.030400 0.015200 0.060200 0.077100 0.000000 0.089300 0.046500 0.030100 0.245400 0.015000 0.089200 0.060600 0.077400 0.059300 0.000000 0.015200 0.091400 0.076100 0.000000 0.030900 0.015400 0.059100 0.170200 0.060200 0.076000 0.030300 0.092200 0.015400 0.000000 0.089400 0.000000 0.046100 0.045000 0.093500 0.092000 0.101800 0.076300 0.061200 0.059600 0.044800 0.000000 0.045000 0.030200 0.060300 0.059100 0.060200
BohorReedb 0.061200 0.147100 0.106800 0.198200 0.000000 0.046100 0.045700 0.062200 0.073800 0.091800 0.046100 0.103500 0.093600 0.044800 0.259600 0.061100 0.104100 0.075100 0.125800 0.073300 0.045600 0.061000 0.105900 0.090700 0.046100 0.045800 0.062900 0.074700 0.220000 0.074700 0.090800 0.044900 0.106700 0.062900 0.046200 0.103600 0.046100 0.000000 0.090700 0.108200 0.106500 0.117300 0.090800 0.075900 0.072200 0.059300 0.046100 0.058800 0.044000 0.074800 0.074700 0.074700
KirksDik 0.029400 0.197900 0.120600 0.250300 0.090700 0.044100 0.075500 0.060600 0.088600 0.105700 0.044000 0.117000 0.059900 0.074100 0.289700 0.059700 0.117600 0.089100 0.090900 0.088600 0.044200 0.059600 0.119500 0.104500 0.045000 0.076100 0.061400 0.088600 0.214900 0.088600 0.104600 0.074200 0.120500 0.061400 0.045100 0.117000 0.045000 0.090700 0.000000 0.122000 0.120200 0.150200 0.104600 0.088500 0.072300 0.088400 0.044000 0.088500 0.074300 0.087800 0.088600 0.088600
RoeDeer 0.092600 0.181900 0.089400 0.213500 0.108200 0.093500 0.092700 0.110500 0.058200 0.014500 0.093500 0.117700 0.126000 0.090800 0.294600 0.108500 0.118500 0.088200 0.175600 0.057700 0.093500 0.108400 0.028700 0.043400 0.093500 0.126400 0.111700 0.058900 0.255800 0.058500 0.014400 0.091100 0.089400 0.110900 0.093700 0.117900 0.093500 0.108200 0.122000 0.000000 0.058800 0.170800 0.014400 0.029400 0.104400 0.105200 0.093500 0.105600 0.091100 0.089400 0.058500 0.058500
WhiteLippe 0.091200 0.196100 0.119300 0.210200 0.106500 0.092000 0.091200 0.108500 0.088100 0.043700 0.091400 0.116300 0.124000 0.058600 0.269900 0.106800 0.117000 0.087800 0.173000 0.088100 0.092000 0.106700 0.057600 0.042700 0.092000 0.124400 0.109900 0.088100 0.251300 0.088100 0.043200 0.089700 0.119700 0.109900 0.092200 0.116400 0.092000 0.106500 0.120200 0.058800 0.000000 0.204900 0.043200 0.028900 0.103100 0.103800 0.092000 0.104000 0.089800 0.088200 0.088100 0.088100
ThomsonGaz 0.118300 0.216000 0.168000 0.299400 0.117300 0.101800 0.136800 0.120200 0.131100 0.187800 0.101800 0.162100 0.118200 0.133800 0.333200 0.118100 0.199900 0.168500 0.153600 0.131100 0.101800 0.082500 0.202500 0.186500 0.101800 0.066200 0.085300 0.131100 0.294100 0.131100 0.186600 0.134100 0.167400 0.085300 0.101500 0.162100 0.101800 0.117300 0.150200 0.170800 0.204900 0.000000 0.186600 0.170400 0.129800 0.149500 0.101800 0.149800 0.134400 0.167800 0.131100 0.131100
MuntiacusC 0.075200 0.161700 0.073000 0.192800 0.090800 0.076300 0.075400 0.092600 0.042600 0.000000 0.076300 0.101000 0.107900 0.074200 0.273100 0.091000 0.101400 0.073400 0.156200 0.043000 0.076600 0.090900 0.014100 0.028600 0.074700 0.108200 0.093700 0.043000 0.234200 0.043000 0.000000 0.074400 0.073000 0.093700 0.076400 0.101100 0.076300 0.090800 0.104600 0.014400 0.043200 0.186600 0.000000 0.014400 0.087700 0.088400 0.076300 0.088700 0.074400 0.073000 0.043000 0.043000
WhiteTaile 0.060700 0.163000 0.089600 0.214100 0.075900 0.061200 0.060700 0.077400 0.058600 0.014500 0.061200 0.086900 0.092800 0.059500 0.258100 0.076100 0.087400 0.058900 0.141100 0.057600 0.061200 0.076000 0.028700 0.014400 0.061200 0.093100 0.078400 0.058600 0.218600 0.058600 0.014400 0.058600 0.089600 0.078400 0.061400 0.087000 0.061200 0.075900 0.088500 0.029400 0.028900 0.170400 0.014400 0.000000 0.073600 0.073900 0.061200 0.074100 0.059700 0.058600 0.058600 0.058200
Cattle 0.043800 0.142000 0.072500 0.211000 0.074000 0.059600 0.059200 0.075300 0.042600 0.088700 0.059600 0.041500 0.074400 0.058100 0.199900 0.072300 0.100900 0.072700 0.105000 0.042600 0.059600 0.043700 0.102400 0.087700 0.059600 0.059400 0.076300 0.042600 0.194100 0.042600 0.087700 0.058200 0.072400 0.076300 0.059700 0.041500 0.059600 0.072200 0.072300 0.104400 0.103100 0.129800 0.087700 0.073600 0.000000 0.072200 0.058200 0.072300 0.058200 0.072500 0.042600 0.042600
RoyalAntel 0.059500 0.178500 0.104100 0.229700 0.059300 0.044900 0.044500 0.060400 0.072800 0.089300 0.045200 0.101000 0.091100 0.043600 0.253100 0.059100 0.101300 0.073200 0.122500 0.071300 0.044800 0.059400 0.103100 0.088300 0.044800 0.075800 0.061200 0.072800 0.213800 0.072800 0.088400 0.043100 0.104000 0.061200 0.044900 0.101000 0.044800 0.059300 0.088400 0.105200 0.103800 0.149500 0.088400 0.073900 0.072200 0.000000 0.044800 0.057900 0.043800 0.043200 0.072800 0.072800
Steenbok 0.014900 0.168100 0.092200 0.221000 0.046100 0.000000 0.030700 0.015200 0.060200 0.077100 0.000000 0.089300 0.046500 0.029800 0.245400 0.015000 0.089600 0.060600 0.078000 0.060200 0.000000 0.015000 0.091400 0.076100 0.000000 0.030900 0.015600 0.060200 0.170200 0.060200 0.076300 0.030200 0.092200 0.015600 0.000000 0.089400 0.000000 0.046100 0.044000 0.093500 0.092000 0.101800 0.076300 0.061200 0.058200 0.044800 0.000000 0.045000 0.030200 0.060300 0.060200 0.060200
Impala 0.058900 0.178800 0.104300 0.230100 0.059500 0.045000 0.044600 0.059600 0.073000 0.089600 0.045000 0.101100 0.091300 0.043800 0.185900 0.059600 0.101700 0.073400 0.122700 0.073000 0.045000 0.058400 0.103400 0.088500 0.045000 0.074300 0.061300 0.073000 0.214700 0.073000 0.088700 0.014300 0.104200 0.060400 0.045100 0.101200 0.045000 0.058800 0.088500 0.105600 0.104000 0.149800 0.088700 0.074100 0.072300 0.057900 0.045000 0.000000 0.043900 0.072500 0.073000 0.073000
Klipspring 0.045100 0.163900 0.090100 0.215400 0.044000 0.030200 0.030000 0.045800 0.058800 0.075200 0.030200 0.087300 0.076700 0.029100 0.240100 0.044100 0.087800 0.059100 0.108200 0.058800 0.030200 0.044300 0.089200 0.074300 0.030200 0.061200 0.046400 0.058800 0.200300 0.058800 0.074400 0.029400 0.090400 0.046400 0.030300 0.087400 0.030200 0.044000 0.074300 0.091100 0.089800 0.134400 0.074400 0.059700 0.058200 0.043800 0.030200 0.043900 0.000000 0.058900 0.058800 0.058800
ForestMusk 0.059800 0.142500 0.088500 0.191900 0.074800 0.060300 0.058800 0.076200 0.057800 0.073800 0.060300 0.085900 0.091400 0.057500 0.256100 0.075000 0.056100 0.028300 0.139200 0.058000 0.060300 0.074900 0.087600 0.073000 0.060300 0.091800 0.077200 0.057800 0.216600 0.057800 0.073000 0.058800 0.072600 0.077200 0.060400 0.085900 0.060300 0.074800 0.087800 0.089400 0.088200 0.167800 0.073000 0.058600 0.072500 0.043200 0.060300 0.072500 0.058900 0.000000 0.057800 0.057800
Bushbuck 0.059700 0.109600 0.028200 0.158200 0.074700 0.060100 0.059800 0.076100 0.000000 0.043400 0.060200 0.056100 0.091300 0.058600 0.235600 0.074900 0.086200 0.057500 0.105900 0.000000 0.060200 0.043500 0.057300 0.072900 0.060200 0.059900 0.077100 0.000000 0.231800 0.000000 0.043000 0.058800 0.028100 0.076500 0.060400 0.055900 0.059100 0.074700 0.088600 0.058500 0.088100 0.131100 0.043000 0.058600 0.042600 0.072800 0.060200 0.073000 0.058800 0.057800 0.000000 0.000000
GreaterKud 0.059700 0.109600 0.028400 0.158200 0.074700 0.059700 0.059800 0.076200 0.000000 0.043400 0.060200 0.056100 0.091300 0.058600 0.235600 0.074900 0.086200 0.057700 0.105900 0.000000 0.060200 0.043800 0.057300 0.072900 0.060200 0.059900 0.077100 0.000000 0.231800 0.000000 0.042700 0.058700 0.028400 0.077100 0.060400 0.056200 0.060200 0.074700 0.088600 0.058500 0.088100 0.131100 0.043000 0.058200 0.042600 0.072800 0.060200 0.073000 0.058800 0.057800 0.000000 0.000000
