1
52 1
Argali 0.000000 0.201000 0.081200 0.192700 0.058800 0.001700 0.060500 0.070200 0.077700 0.065600 0.019100 0.062700 0.038700 0.051400 0.051300 0.078900 0.062400 0.070000 0.029700 0.075700 0.071400 0.026200 0.055000 0.060800 0.024400 0.077100 0.028000 0.072000 0.080700 0.070200 0.063800 0.058800 0.081500 0.036900 0.042300 0.073500 0.024400 0.062500 0.084100 0.058800 0.056900 0.078600 0.061900 0.066200 0.075300 0.049400 0.071700 0.040500 0.051500 0.068000 0.075800 0.072000
LesserMous 0.201000 0.000000 0.223000 0.217000 0.209100 0.203000 0.221500 0.227700 0.216800 0.186800 0.191700 0.195000 0.196700 0.208700 0.204700 0.236900 0.198300 0.202700 0.200400 0.216100 0.235100 0.202400 0.184700 0.187000 0.193800 0.218800 0.194200 0.211600 0.234700 0.208000 0.189200 0.218100 0.201100 0.198500 0.207500 0.197700 0.194100 0.204500 0.248100 0.182800 0.182500 0.239200 0.186900 0.191400 0.204100 0.218200 0.229300 0.198600 0.211100 0.196200 0.218700 0.212300
LesserKudu 0.081200 0.223000 0.000000 0.192300 0.098300 0.083100 0.103800 0.116600 0.035000 0.073600 0.084300 0.075500 0.083100 0.099300 0.084800 0.119400 0.079200 0.081200 0.082900 0.033200 0.109400 0.085000 0.069800 0.073800 0.081000 0.119600 0.077400 0.029600 0.127200 0.031400 0.071700 0.103700 0.091000 0.090600 0.090600 0.076900 0.083000 0.100300 0.120700 0.075500 0.071700 0.121200 0.069800 0.079300 0.086300 0.100400 0.119500 0.081200 0.090600 0.084900 0.029700 0.026100
KillerWhal 0.192700 0.217000 0.192300 0.000000 0.193400 0.194800 0.207900 0.216800 0.204300 0.170700 0.183700 0.197800 0.188400 0.192700 0.186500 0.216300 0.167800 0.172400 0.192400 0.197600 0.213600 0.185500 0.167400 0.176100 0.181600 0.217300 0.190300 0.197600 0.225000 0.197700 0.173000 0.204200 0.196300 0.190200 0.203800 0.191700 0.190500 0.201500 0.230900 0.172200 0.169600 0.224500 0.170700 0.178600 0.198200 0.197000 0.219300 0.185000 0.190400 0.180400 0.198500 0.197600
DefassaWat 0.058800 0.209100 0.098300 0.193400 0.000000 0.060600 0.066000 0.078000 0.090800 0.075300 0.054900 0.081400 0.044100 0.054900 0.054900 0.075300 0.079100 0.082900 0.058600 0.088900 0.078800 0.062400 0.066000 0.073700 0.056700 0.081100 0.042300 0.085100 0.077100 0.087000 0.073500 0.064200 0.094700 0.055000 0.058700 0.084600 0.062300 0.020900 0.083900 0.071600 0.067800 0.082500 0.071600 0.079200 0.090200 0.062100 0.079100 0.049500 0.060300 0.084800 0.088900 0.088900
Sheep 0.001700 0.203000 0.083100 0.194800 0.060600 0.000000 0.062300 0.072100 0.079500 0.067500 0.020900 0.064500 0.040500 0.053200 0.053100 0.080700 0.064300 0.071800 0.031500 0.077600 0.073200 0.028000 0.056800 0.062600 0.026100 0.079000 0.029800 0.073800 0.082600 0.072000 0.065600 0.060600 0.083300 0.038700 0.044100 0.075300 0.026200 0.064300 0.086000 0.060600 0.058700 0.080400 0.063700 0.068100 0.077100 0.051200 0.073600 0.042300 0.053300 0.069900 0.077600 0.073800
MaxwellsDu 0.060500 0.221500 0.103800 0.207900 0.066000 0.062300 0.000000 0.066900 0.096300 0.075300 0.047600 0.083200 0.049500 0.029700 0.058500 0.073400 0.084200 0.090400 0.054900 0.094400 0.075000 0.060500 0.065900 0.077400 0.049400 0.069800 0.040400 0.090600 0.077100 0.092500 0.077200 0.034500 0.107300 0.049500 0.045900 0.082700 0.051300 0.067900 0.080100 0.075300 0.071500 0.071100 0.075300 0.082900 0.088300 0.058400 0.071600 0.053100 0.051300 0.088500 0.098300 0.094400
GazellaPrz 0.070200 0.227700 0.116600 0.216800 0.078000 0.072100 0.066900 0.000000 0.110500 0.088900 0.060800 0.090600 0.060800 0.056900 0.068100 0.062600 0.092500 0.100400 0.064500 0.110200 0.068600 0.072100 0.081200 0.085400 0.059000 0.062600 0.051500 0.106300 0.070100 0.106900 0.087000 0.061500 0.116400 0.060800 0.064600 0.088700 0.068300 0.081800 0.067700 0.087000 0.083200 0.063800 0.085000 0.094800 0.094400 0.065900 0.068200 0.062700 0.057000 0.094600 0.112500 0.108900
MountainNy 0.077700 0.216800 0.035000 0.204300 0.090800 0.079500 0.096300 0.110500 0.000000 0.070000 0.077000 0.064500 0.075700 0.091800 0.077400 0.113700 0.071900 0.075700 0.075600 0.012100 0.107800 0.081400 0.066200 0.066500 0.073700 0.114000 0.070100 0.008600 0.121500 0.013800 0.068200 0.096600 0.089300 0.083200 0.083300 0.066000 0.079400 0.092800 0.111200 0.071900 0.068100 0.115500 0.066300 0.072000 0.075200 0.085300 0.113700 0.073800 0.087000 0.081300 0.019100 0.015600
MuntiacusM 0.065600 0.186800 0.073600 0.170700 0.075300 0.067500 0.075300 0.088900 0.070000 0.000000 0.061800 0.058900 0.065500 0.073400 0.064100 0.093600 0.049500 0.053200 0.065400 0.068100 0.093900 0.073000 0.022600 0.028000 0.063600 0.090200 0.056200 0.064400 0.099600 0.066300 0.005100 0.081000 0.077600 0.069100 0.073000 0.062200 0.069200 0.077300 0.102100 0.031500 0.024300 0.091700 0.003400 0.033300 0.067700 0.079300 0.092100 0.058700 0.073500 0.056800 0.071900 0.068100
goat 0.019100 0.191700 0.084300 0.183700 0.054900 0.020900 0.047600 0.060800 0.077000 0.061800 0.000000 0.067600 0.031500 0.038600 0.043900 0.069400 0.062300 0.069800 0.024300 0.075100 0.065700 0.019100 0.053100 0.056900 0.010300 0.067600 0.022600 0.071300 0.071200 0.072900 0.059900 0.045900 0.081300 0.031500 0.029700 0.067200 0.019100 0.058600 0.074500 0.058600 0.053100 0.069000 0.058000 0.062400 0.072800 0.043800 0.062300 0.036900 0.038600 0.064200 0.078900 0.075100
AfricanBuf 0.062700 0.195000 0.075500 0.197800 0.081400 0.064500 0.083200 0.090600 0.064500 0.058900 0.067600 0.000000 0.070200 0.071700 0.070000 0.098500 0.060700 0.066400 0.070000 0.060800 0.102000 0.077600 0.051500 0.060900 0.068100 0.096800 0.060800 0.058900 0.104200 0.064500 0.057100 0.079500 0.089400 0.073800 0.077600 0.038600 0.073800 0.083300 0.107300 0.058900 0.055200 0.098200 0.055200 0.066400 0.044000 0.085100 0.098300 0.064500 0.077600 0.072000 0.066400 0.062600
Topi 0.038700 0.196700 0.083100 0.188400 0.044100 0.040500 0.049500 0.060800 0.075700 0.065500 0.031500 0.070200 0.000000 0.042300 0.038600 0.069500 0.064200 0.073600 0.035100 0.073800 0.056700 0.036900 0.056800 0.060700 0.036800 0.064000 0.012100 0.070100 0.071300 0.072000 0.063700 0.046000 0.081400 0.013800 0.029700 0.069700 0.035100 0.047800 0.072300 0.058700 0.058700 0.070200 0.061800 0.066200 0.075300 0.046000 0.066100 0.036900 0.038700 0.069200 0.077700 0.073900
CommonDuik 0.051400 0.208700 0.099300 0.192700 0.054900 0.053200 0.029700 0.056900 0.091800 0.073400 0.038600 0.071700 0.042300 0.000000 0.049400 0.062200 0.073400 0.081000 0.045800 0.088000 0.065700 0.053200 0.064100 0.071700 0.040400 0.058600 0.033300 0.086000 0.067700 0.088000 0.071600 0.020800 0.100400 0.042200 0.042300 0.073300 0.045900 0.060500 0.070700 0.069700 0.065900 0.059800 0.069700 0.077200 0.078900 0.049600 0.066000 0.044100 0.040500 0.079100 0.093800 0.089900
Suni 0.051300 0.204700 0.084800 0.186500 0.054900 0.053100 0.058500 0.068100 0.077400 0.064100 0.043900 0.070000 0.038600 0.049400 0.000000 0.071100 0.069600 0.077100 0.042100 0.075500 0.069400 0.049500 0.060300 0.068000 0.045700 0.071200 0.036800 0.071800 0.082400 0.073700 0.065900 0.056800 0.092600 0.045800 0.049500 0.069600 0.053000 0.058600 0.077700 0.065900 0.062200 0.072500 0.064100 0.073400 0.075100 0.053200 0.071600 0.036800 0.045800 0.075300 0.079300 0.075600
Springbuck 0.078900 0.236900 0.119400 0.216300 0.075300 0.080700 0.073400 0.062600 0.113700 0.093600 0.069400 0.098500 0.069500 0.062200 0.071100 0.000000 0.095700 0.103600 0.069400 0.111700 0.060200 0.078900 0.091900 0.096100 0.067500 0.036900 0.060100 0.107800 0.033100 0.109800 0.090100 0.071600 0.119700 0.069400 0.073200 0.097600 0.076900 0.079100 0.052300 0.097800 0.092000 0.039700 0.088100 0.101700 0.103300 0.065800 0.058600 0.071300 0.065700 0.107400 0.115700 0.111800
Okapi 0.062400 0.198300 0.079200 0.167800 0.079100 0.064300 0.084200 0.092500 0.071900 0.049500 0.062300 0.060700 0.064200 0.073400 0.069600 0.095700 0.000000 0.020800 0.065500 0.070000 0.097700 0.069800 0.044000 0.051500 0.060400 0.095800 0.056800 0.066300 0.099500 0.067600 0.047700 0.080600 0.068200 0.066000 0.073500 0.060400 0.069700 0.081000 0.102400 0.049000 0.045900 0.097200 0.045900 0.056900 0.065900 0.073600 0.092000 0.060500 0.073500 0.058700 0.071900 0.070000
Giraffe 0.070000 0.202700 0.081200 0.172400 0.082900 0.071800 0.090400 0.100400 0.075700 0.053200 0.069800 0.066400 0.073600 0.081000 0.077100 0.103600 0.020800 0.000000 0.069700 0.073800 0.105500 0.077400 0.047700 0.055200 0.067900 0.103700 0.064300 0.070100 0.107400 0.069600 0.051400 0.088700 0.073900 0.073500 0.077300 0.066000 0.073500 0.084900 0.110800 0.053200 0.049600 0.101300 0.049600 0.060600 0.071500 0.081200 0.101800 0.068000 0.077300 0.062400 0.073900 0.072000
TibetanAnt 0.029700 0.200400 0.082900 0.192400 0.058600 0.031500 0.054900 0.064500 0.075600 0.065400 0.024300 0.070000 0.035100 0.045800 0.042100 0.069400 0.065500 0.069700 0.000000 0.073700 0.065700 0.031500 0.056700 0.060600 0.029600 0.071300 0.026100 0.069800 0.071200 0.071900 0.063600 0.049500 0.088900 0.035000 0.035000 0.069600 0.024400 0.062300 0.070800 0.058600 0.056700 0.072600 0.061700 0.066000 0.075100 0.047400 0.067900 0.033300 0.045900 0.067900 0.077500 0.073700
Sitatunga 0.075700 0.216100 0.033200 0.197600 0.088900 0.077600 0.094400 0.110200 0.012100 0.068100 0.075100 0.060800 0.073800 0.088000 0.075500 0.111700 0.070000 0.073800 0.073700 0.000000 0.105800 0.079500 0.064300 0.068300 0.071800 0.111900 0.068200 0.006900 0.119400 0.015600 0.066300 0.094700 0.085500 0.081300 0.081300 0.064100 0.077500 0.090800 0.113100 0.070000 0.066200 0.113400 0.064400 0.073800 0.073300 0.087100 0.111700 0.071900 0.081300 0.079400 0.017300 0.013800
Oribi 0.071400 0.235100 0.109400 0.213600 0.078800 0.073200 0.075000 0.068600 0.107800 0.093900 0.065700 0.102000 0.056700 0.065700 0.069400 0.060200 0.097700 0.105500 0.065700 0.105800 0.000000 0.067700 0.091900 0.096100 0.063900 0.058500 0.054800 0.102000 0.065600 0.103900 0.092000 0.073300 0.117600 0.065800 0.067700 0.097600 0.069400 0.086400 0.068400 0.093700 0.093800 0.059800 0.090100 0.097800 0.103300 0.065900 0.069500 0.067700 0.065900 0.099600 0.105900 0.102000
BarbaryShe 0.026200 0.202400 0.085000 0.185500 0.062400 0.028000 0.060500 0.072100 0.081400 0.073000 0.019100 0.077600 0.036900 0.053200 0.049500 0.078900 0.069800 0.077400 0.031500 0.079500 0.067700 0.000000 0.064200 0.069900 0.022600 0.075100 0.029700 0.075700 0.076900 0.077600 0.071200 0.060600 0.083300 0.038700 0.036800 0.077200 0.029700 0.062400 0.080300 0.069900 0.064200 0.072700 0.069300 0.069800 0.082800 0.053000 0.073600 0.044100 0.053200 0.062400 0.079500 0.075700
Daviddeer 0.055000 0.184700 0.069800 0.167400 0.066000 0.056800 0.065900 0.081200 0.066200 0.022600 0.053100 0.051500 0.056800 0.064100 0.060300 0.091900 0.044000 0.047700 0.056700 0.064300 0.091900 0.064200 0.000000 0.020900 0.054900 0.090100 0.047700 0.060600 0.097600 0.062500 0.017300 0.067900 0.070000 0.060400 0.060500 0.056600 0.056800 0.067900 0.097200 0.022600 0.012100 0.091600 0.019100 0.026100 0.062100 0.069800 0.088200 0.049500 0.064200 0.049500 0.068100 0.064400
Reindeer 0.060800 0.187000 0.073800 0.176100 0.073700 0.062600 0.077400 0.085400 0.066500 0.028000 0.056900 0.060900 0.060700 0.071700 0.068000 0.096100 0.051500 0.055200 0.060600 0.068300 0.096100 0.069900 0.020900 0.000000 0.058700 0.098200 0.051500 0.064600 0.101800 0.066500 0.026200 0.079400 0.070300 0.064400 0.068100 0.060500 0.064400 0.075600 0.105200 0.029800 0.022700 0.099700 0.024400 0.012100 0.066000 0.077600 0.092400 0.057000 0.071900 0.053300 0.072100 0.068300
Ibex 0.024400 0.193800 0.081000 0.181600 0.056700 0.026100 0.049400 0.059000 0.073700 0.063600 0.010300 0.068100 0.036800 0.040400 0.045700 0.067500 0.060400 0.067900 0.029600 0.071800 0.063900 0.022600 0.054900 0.058700 0.000000 0.065800 0.027900 0.068100 0.069400 0.069600 0.061800 0.047700 0.079400 0.036800 0.035000 0.064000 0.024400 0.060400 0.072700 0.060400 0.054900 0.067100 0.059900 0.064200 0.069500 0.042000 0.060500 0.038600 0.040400 0.066000 0.075600 0.071800
GyrantGaze 0.077100 0.218800 0.119600 0.217300 0.081100 0.079000 0.069800 0.062600 0.114000 0.090200 0.067600 0.096800 0.064000 0.058600 0.071200 0.036900 0.095800 0.103700 0.071300 0.111900 0.058500 0.075100 0.090100 0.098200 0.065800 0.000000 0.058400 0.108000 0.045800 0.110100 0.088400 0.064300 0.119300 0.063900 0.071500 0.095800 0.071400 0.083000 0.059700 0.092200 0.092100 0.017300 0.086400 0.103800 0.101600 0.071500 0.060500 0.069500 0.059700 0.105600 0.116000 0.112000
Hartebeest 0.028000 0.194200 0.077400 0.190300 0.042300 0.029800 0.040400 0.051500 0.070100 0.056200 0.022600 0.060800 0.012100 0.033300 0.036800 0.060100 0.056800 0.064300 0.026100 0.068200 0.054800 0.029700 0.047700 0.051500 0.027900 0.058400 0.000000 0.064500 0.062000 0.066400 0.054400 0.040500 0.079500 0.012100 0.020900 0.064100 0.029700 0.042300 0.066700 0.053200 0.049500 0.060700 0.052500 0.056900 0.069600 0.040600 0.056900 0.031500 0.033300 0.063600 0.072000 0.068200
Bongo 0.072000 0.211600 0.029600 0.197600 0.085100 0.073800 0.090600 0.106300 0.008600 0.064400 0.071300 0.058900 0.070100 0.086000 0.071800 0.107800 0.066300 0.070100 0.069800 0.006900 0.102000 0.075700 0.060600 0.064600 0.068100 0.108000 0.064500 0.000000 0.115500 0.012100 0.062600 0.090900 0.083600 0.077500 0.077600 0.060400 0.073700 0.087000 0.109200 0.066300 0.062500 0.109500 0.060700 0.070100 0.069600 0.083300 0.107700 0.068200 0.081300 0.075600 0.013800 0.010400
Gerenuk 0.080700 0.234700 0.127200 0.225000 0.077100 0.082600 0.077100 0.070100 0.121500 0.099600 0.071200 0.104200 0.071300 0.067700 0.082400 0.033100 0.099500 0.107400 0.071200 0.119400 0.065600 0.076900 0.097600 0.101800 0.069400 0.045800 0.062000 0.115500 0.000000 0.117600 0.097700 0.077200 0.117600 0.071200 0.071300 0.103300 0.078700 0.080900 0.063300 0.103500 0.097700 0.048900 0.095700 0.107500 0.109100 0.071500 0.067700 0.076900 0.071300 0.105400 0.119600 0.119600
CommonElan 0.070200 0.208000 0.031400 0.197700 0.087000 0.072000 0.092500 0.106900 0.013800 0.066300 0.072900 0.064500 0.072000 0.088000 0.073700 0.109800 0.067600 0.069600 0.071900 0.015600 0.103900 0.077600 0.062500 0.066500 0.069600 0.110100 0.066400 0.012100 0.117600 0.000000 0.064400 0.092800 0.085500 0.075700 0.079500 0.066000 0.075600 0.089000 0.107300 0.064400 0.064400 0.111500 0.062600 0.072000 0.075200 0.081500 0.109700 0.070100 0.081300 0.077200 0.019100 0.015600
MuntiacusR 0.063800 0.189200 0.071700 0.173000 0.073500 0.065600 0.077200 0.087000 0.068200 0.005100 0.059900 0.057100 0.063700 0.071600 0.065900 0.090100 0.047700 0.051400 0.063600 0.066300 0.092000 0.071200 0.017300 0.026200 0.061800 0.088400 0.054400 0.062600 0.097700 0.064400 0.000000 0.079200 0.075700 0.067300 0.071100 0.060400 0.067400 0.075400 0.100200 0.029700 0.022600 0.089800 0.001700 0.031500 0.065900 0.077400 0.090200 0.056900 0.071700 0.055000 0.070000 0.066300
HarveysDui 0.058800 0.218100 0.103700 0.204200 0.064200 0.060600 0.034500 0.061500 0.096600 0.081000 0.045900 0.079500 0.046000 0.020800 0.056800 0.071600 0.080600 0.088700 0.049500 0.094700 0.073300 0.060600 0.067900 0.079400 0.047700 0.064300 0.040500 0.090900 0.077200 0.092800 0.079200 0.000000 0.104500 0.045900 0.046000 0.080900 0.046000 0.068000 0.076000 0.066100 0.073500 0.069400 0.077300 0.084900 0.086500 0.056700 0.073600 0.051400 0.046000 0.086800 0.098600 0.094700
Pronghorn 0.081500 0.201100 0.091000 0.196300 0.094700 0.083300 0.107300 0.116400 0.089300 0.077600 0.081300 0.089400 0.081400 0.100400 0.092600 0.119700 0.068200 0.073900 0.088900 0.085500 0.117600 0.083300 0.070000 0.070300 0.079400 0.119300 0.079500 0.083600 0.117600 0.085500 0.075700 0.104500 0.000000 0.088900 0.094800 0.085000 0.079400 0.096700 0.121100 0.072000 0.071900 0.122700 0.073800 0.075800 0.090700 0.098800 0.119800 0.087100 0.092900 0.077600 0.087400 0.081700
BlueWildeb 0.036900 0.198500 0.090600 0.190200 0.055000 0.038700 0.049500 0.060800 0.083200 0.069100 0.031500 0.073800 0.013800 0.042200 0.045800 0.069400 0.066000 0.073500 0.035000 0.081300 0.065800 0.038700 0.060400 0.064400 0.036800 0.063900 0.012100 0.077500 0.071200 0.075700 0.067300 0.045900 0.088900 0.000000 0.028000 0.073400 0.035100 0.055000 0.074500 0.058700 0.062300 0.070100 0.065400 0.069800 0.078900 0.046000 0.066100 0.040500 0.038700 0.072900 0.085100 0.081300
Gemsbok 0.042300 0.207500 0.090600 0.203800 0.058700 0.044100 0.045900 0.064600 0.083300 0.073000 0.029700 0.077600 0.029700 0.042300 0.049500 0.073200 0.073500 0.077300 0.035000 0.081300 0.067700 0.036800 0.060500 0.068100 0.035000 0.071500 0.020900 0.077600 0.071300 0.079500 0.071100 0.046000 0.094800 0.028000 0.000000 0.077100 0.028000 0.058700 0.079900 0.069800 0.064200 0.070300 0.069200 0.069800 0.082700 0.053300 0.069900 0.044100 0.042300 0.073000 0.085200 0.081400
Yak 0.073500 0.197700 0.076900 0.191700 0.084600 0.075300 0.082700 0.088700 0.066000 0.062200 0.067200 0.038600 0.069700 0.073300 0.069600 0.097600 0.060400 0.066000 0.069600 0.064100 0.097600 0.077200 0.056600 0.060500 0.064000 0.095800 0.064100 0.060400 0.103300 0.066000 0.060400 0.080900 0.085000 0.073400 0.077100 0.000000 0.073300 0.086600 0.102800 0.063800 0.058500 0.097200 0.058500 0.066000 0.008600 0.079100 0.090000 0.064100 0.073400 0.071500 0.067800 0.064100
BlueSheep 0.024400 0.194100 0.083000 0.190500 0.062300 0.026200 0.051300 0.068300 0.079400 0.069200 0.019100 0.073800 0.035100 0.045900 0.053000 0.076900 0.069700 0.073500 0.024400 0.077500 0.069400 0.029700 0.056800 0.064400 0.024400 0.071400 0.029700 0.073700 0.078700 0.075600 0.067400 0.046000 0.079400 0.035100 0.028000 0.073300 0.000000 0.066100 0.082100 0.062400 0.060500 0.072800 0.065500 0.069800 0.078900 0.051100 0.073500 0.040500 0.042300 0.067900 0.077500 0.073700
BohorReedb 0.062500 0.204500 0.100300 0.201500 0.020900 0.064300 0.067900 0.081800 0.092800 0.077300 0.058600 0.083300 0.047800 0.060500 0.058600 0.079100 0.081000 0.084900 0.062300 0.090800 0.086400 0.062400 0.067900 0.075600 0.060400 0.083000 0.042300 0.087000 0.080900 0.089000 0.075400 0.068000 0.096700 0.055000 0.058700 0.086600 0.066100 0.000000 0.087400 0.073500 0.069700 0.086400 0.073500 0.081100 0.092200 0.065900 0.082600 0.052800 0.062400 0.086700 0.090900 0.087100
KirksDik 0.084100 0.248100 0.120700 0.230900 0.083900 0.086000 0.080100 0.067700 0.111200 0.102100 0.074500 0.107300 0.072300 0.070700 0.077700 0.052300 0.102400 0.110800 0.070800 0.113100 0.068400 0.080300 0.097200 0.105200 0.072700 0.059700 0.066700 0.109200 0.063300 0.107300 0.100200 0.076000 0.121100 0.074500 0.079900 0.102800 0.082100 0.087400 0.000000 0.098800 0.099100 0.059000 0.098200 0.110900 0.104700 0.071000 0.052400 0.076500 0.070900 0.104900 0.117100 0.113100
RoeDeer 0.058800 0.182800 0.075500 0.172200 0.071600 0.060600 0.075300 0.087000 0.071900 0.031500 0.058600 0.058900 0.058700 0.069700 0.065900 0.097800 0.049000 0.053200 0.058600 0.070000 0.093700 0.069900 0.022600 0.029800 0.060400 0.092200 0.053200 0.066300 0.103500 0.064400 0.029700 0.066100 0.072000 0.058700 0.069800 0.063800 0.062400 0.073500 0.098800 0.000000 0.024400 0.097500 0.027900 0.035100 0.069300 0.067900 0.089900 0.055000 0.066100 0.058700 0.073800 0.070000
WhiteLippe 0.056900 0.182500 0.071700 0.169600 0.067800 0.058700 0.071500 0.083200 0.068100 0.024300 0.053100 0.055200 0.058700 0.065900 0.062200 0.092000 0.045900 0.049600 0.056700 0.066200 0.093800 0.064200 0.012100 0.022700 0.054900 0.092100 0.049500 0.062500 0.097700 0.064400 0.022600 0.073500 0.071900 0.062300 0.064200 0.058500 0.060500 0.069700 0.099100 0.024400 0.000000 0.093600 0.020800 0.027900 0.064000 0.071700 0.090200 0.051300 0.066100 0.051400 0.070000 0.066300
ThomsonGaz 0.078600 0.239200 0.121200 0.224500 0.082500 0.080400 0.071100 0.063800 0.115500 0.091700 0.069000 0.098200 0.070200 0.059800 0.072500 0.039700 0.097200 0.101300 0.072600 0.113400 0.059800 0.072700 0.091600 0.099700 0.067100 0.017300 0.060700 0.109500 0.048900 0.111500 0.089800 0.069400 0.122700 0.070100 0.070300 0.097200 0.072800 0.086400 0.059000 0.097500 0.093600 0.000000 0.087800 0.105500 0.103000 0.072900 0.063700 0.070800 0.061400 0.105100 0.117600 0.113500
MuntiacusC 0.061900 0.186900 0.069800 0.170700 0.071600 0.063700 0.075300 0.085000 0.066300 0.003400 0.058000 0.055200 0.061800 0.069700 0.064100 0.088100 0.045900 0.049600 0.061700 0.064400 0.090100 0.069300 0.019100 0.024400 0.059900 0.086400 0.052500 0.060700 0.095700 0.062600 0.001700 0.077300 0.073800 0.065400 0.069200 0.058500 0.065500 0.073500 0.098200 0.027900 0.020800 0.087800 0.000000 0.029700 0.064000 0.075500 0.088300 0.055000 0.069800 0.053200 0.068100 0.064400
WhiteTaile 0.066200 0.191400 0.079300 0.178600 0.079200 0.068100 0.082900 0.094800 0.072000 0.033300 0.062400 0.066400 0.066200 0.077200 0.073400 0.101700 0.056900 0.060600 0.066000 0.073800 0.097800 0.069800 0.026100 0.012100 0.064200 0.103800 0.056900 0.070100 0.107500 0.072000 0.031500 0.084900 0.075800 0.069800 0.069800 0.066000 0.069800 0.081100 0.110900 0.035100 0.027900 0.105500 0.029700 0.000000 0.071500 0.079300 0.098100 0.062400 0.077400 0.056900 0.077600 0.073900
Cattle 0.075300 0.204100 0.086300 0.198200 0.090200 0.077100 0.088300 0.094400 0.075200 0.067700 0.072800 0.044000 0.075300 0.078900 0.075100 0.103300 0.065900 0.071500 0.075100 0.073300 0.103300 0.082800 0.062100 0.066000 0.069500 0.101600 0.069600 0.069600 0.109100 0.075200 0.065900 0.086500 0.090700 0.078900 0.082700 0.008600 0.078900 0.092200 0.104700 0.069300 0.064000 0.103000 0.064000 0.071500 0.000000 0.081000 0.091900 0.069600 0.078900 0.073300 0.077100 0.073400
RoyalAntel 0.049400 0.218200 0.100400 0.197000 0.062100 0.051200 0.058400 0.065900 0.085300 0.079300 0.043800 0.085100 0.046000 0.049600 0.053200 0.065800 0.073600 0.081200 0.047400 0.087100 0.065900 0.053000 0.069800 0.077600 0.042000 0.071500 0.040600 0.083300 0.071500 0.081500 0.077400 0.056700 0.098800 0.046000 0.053300 0.079100 0.051100 0.065900 0.071000 0.067900 0.071700 0.072900 0.075500 0.079300 0.081000 0.000000 0.069300 0.049700 0.046000 0.081200 0.091100 0.087200
Steenbok 0.071700 0.229300 0.119500 0.219300 0.079100 0.073600 0.071600 0.068200 0.113700 0.092100 0.062300 0.098300 0.066100 0.066000 0.071600 0.058600 0.092000 0.101800 0.067900 0.111700 0.069500 0.073600 0.088200 0.092400 0.060500 0.060500 0.056900 0.107700 0.067700 0.109700 0.090200 0.073600 0.119800 0.066100 0.069900 0.090000 0.073500 0.082600 0.052400 0.089900 0.090200 0.063700 0.088300 0.098100 0.091900 0.069300 0.000000 0.068000 0.062400 0.103700 0.115700 0.111700
Impala 0.040500 0.198600 0.081200 0.185000 0.049500 0.042300 0.053100 0.062700 0.073800 0.058700 0.036900 0.064500 0.036900 0.044100 0.036800 0.071300 0.060500 0.068000 0.033300 0.071900 0.067700 0.044100 0.049500 0.057000 0.038600 0.069500 0.031500 0.068200 0.076900 0.070100 0.056900 0.051400 0.087100 0.040500 0.044100 0.064100 0.040500 0.052800 0.076500 0.055000 0.051300 0.070800 0.055000 0.062400 0.069600 0.049700 0.068000 0.000000 0.044100 0.058700 0.075700 0.071900
Klipspring 0.051500 0.211100 0.090600 0.190400 0.060300 0.053300 0.051300 0.057000 0.087000 0.073500 0.038600 0.077600 0.038700 0.040500 0.045800 0.065700 0.073500 0.077300 0.045900 0.081300 0.065900 0.053200 0.064200 0.071900 0.040400 0.059700 0.033300 0.081300 0.071300 0.081300 0.071700 0.046000 0.092900 0.038700 0.042300 0.073400 0.042300 0.062400 0.070900 0.066100 0.066100 0.061400 0.069800 0.077400 0.078900 0.046000 0.062400 0.044100 0.000000 0.079200 0.089000 0.085100
ForestMusk 0.068000 0.196200 0.084900 0.180400 0.084800 0.069900 0.088500 0.094600 0.081300 0.056800 0.064200 0.072000 0.069200 0.079100 0.075300 0.107400 0.058700 0.062400 0.067900 0.079400 0.099600 0.062400 0.049500 0.053300 0.066000 0.105600 0.063600 0.075600 0.105400 0.077200 0.055000 0.086800 0.077600 0.072900 0.073000 0.071500 0.067900 0.086700 0.104900 0.058700 0.051400 0.105100 0.053200 0.056900 0.073300 0.081200 0.103700 0.058700 0.079200 0.000000 0.079400 0.075600
Bushbuck 0.075800 0.218700 0.029700 0.198500 0.088900 0.077600 0.098300 0.112500 0.019100 0.071900 0.078900 0.066400 0.077700 0.093800 0.079300 0.115700 0.071900 0.073900 0.077500 0.017300 0.105900 0.079500 0.068100 0.072100 0.075600 0.116000 0.072000 0.013800 0.119600 0.019100 0.070000 0.098600 0.087400 0.085100 0.085200 0.067800 0.077500 0.090900 0.117100 0.073800 0.070000 0.117600 0.068100 0.077600 0.077100 0.091100 0.115700 0.075700 0.089000 0.079400 0.000000 0.013800
GreaterKud 0.072000 0.212300 0.026100 0.197600 0.088900 0.073800 0.094400 0.108900 0.015600 0.068100 0.075100 0.062600 0.073900 0.089900 0.075600 0.111800 0.070000 0.072000 0.073700 0.013800 0.102000 0.075700 0.064400 0.068300 0.071800 0.112000 0.068200 0.010400 0.119600 0.015600 0.066300 0.094700 0.081700 0.081300 0.081400 0.064100 0.073700 0.087100 0.113100 0.070000 0.066300 0.113500 0.064400 0.073900 0.073400 0.087200 0.111700 0.071900 0.085100 0.075600 0.013800 0.000000
