1
52 1
Argali 0.000000 0.365800 0.123200 0.353900 0.083700 0.011300 0.069700 0.046900 0.110700 0.162200 0.034700 0.084100 0.046300 0.058000 0.082400 0.058700 0.189800 0.122100 0.046500 0.097600 0.046900 0.022900 0.178500 0.188300 0.022900 0.059200 0.046300 0.110700 0.059000 0.123600 0.162200 0.093200 0.190100 0.058100 0.069500 0.071500 0.034700 0.069900 0.034500 0.225700 0.177500 0.046900 0.162200 0.175600 0.096200 0.108300 0.082600 0.058400 0.083600 0.221000 0.136000 0.123200
LesserMous 0.365800 0.000000 0.398800 0.306000 0.349000 0.347300 0.339900 0.331000 0.384200 0.242000 0.345600 0.344900 0.326900 0.308800 0.306700 0.329800 0.256700 0.199000 0.328500 0.366000 0.331000 0.326800 0.259200 0.269700 0.327200 0.349100 0.326900 0.384200 0.313500 0.365300 0.242000 0.304300 0.198700 0.343000 0.306500 0.327600 0.346400 0.325800 0.311400 0.280000 0.258500 0.331000 0.242000 0.256200 0.294200 0.309500 0.327200 0.355100 0.343800 0.326700 0.416300 0.382900
LesserKudu 0.123200 0.398800 0.000000 0.369700 0.110600 0.109700 0.083100 0.072300 0.011500 0.189400 0.109400 0.084100 0.096100 0.083400 0.082900 0.084500 0.232100 0.148300 0.096600 0.023000 0.072300 0.096000 0.206300 0.216200 0.096200 0.085200 0.096100 0.011500 0.084800 0.023100 0.189400 0.132400 0.217600 0.108500 0.120200 0.071300 0.109600 0.121100 0.083900 0.224500 0.205100 0.072300 0.189400 0.203300 0.095800 0.163100 0.096600 0.084000 0.083900 0.220700 0.034600 0.023000
KillerWhal 0.353900 0.306000 0.369700 0.000000 0.337300 0.335500 0.329400 0.319200 0.355100 0.276600 0.333900 0.333100 0.315200 0.330100 0.327500 0.318200 0.293100 0.231200 0.316600 0.337500 0.319200 0.315100 0.295200 0.305500 0.315600 0.337100 0.315200 0.355100 0.302200 0.336900 0.276600 0.294700 0.277200 0.298800 0.296200 0.316000 0.334600 0.298500 0.299800 0.316800 0.278500 0.319200 0.276600 0.276100 0.283000 0.349300 0.315800 0.297200 0.331900 0.298900 0.387000 0.354000
DefassaWat 0.083700 0.349000 0.110600 0.337300 0.000000 0.071000 0.057900 0.035100 0.098100 0.175800 0.070900 0.096900 0.058300 0.046200 0.070500 0.046800 0.203900 0.135200 0.058600 0.110700 0.035100 0.058300 0.177800 0.174900 0.058300 0.047200 0.058300 0.098100 0.047000 0.110800 0.175800 0.105600 0.176200 0.070200 0.057600 0.083900 0.070900 0.034000 0.046500 0.224700 0.176600 0.035100 0.175800 0.148300 0.083700 0.121500 0.070600 0.058500 0.071400 0.178500 0.123100 0.110600
Sheep 0.011300 0.347300 0.109700 0.335500 0.071000 0.000000 0.057500 0.034800 0.097400 0.148000 0.022900 0.071400 0.034400 0.045900 0.069900 0.046500 0.175100 0.108700 0.034500 0.084500 0.034800 0.011300 0.163900 0.173800 0.011300 0.046900 0.034400 0.097400 0.046700 0.110100 0.148000 0.080700 0.175400 0.046100 0.057300 0.059000 0.023000 0.057700 0.022800 0.209900 0.162900 0.034800 0.148000 0.161200 0.083300 0.095300 0.070100 0.046200 0.071000 0.205600 0.122300 0.109800
MaxwellsDu 0.069700 0.339900 0.083100 0.329400 0.057900 0.057500 0.000000 0.022700 0.071100 0.145600 0.057400 0.070300 0.045400 0.033600 0.045500 0.034200 0.172300 0.106900 0.045600 0.083200 0.022700 0.045300 0.161100 0.171100 0.045400 0.034400 0.045400 0.071100 0.034300 0.083300 0.145600 0.067400 0.172300 0.056900 0.067700 0.058000 0.057500 0.068600 0.033900 0.206200 0.160100 0.022700 0.145600 0.158700 0.081900 0.106300 0.033900 0.022400 0.046100 0.174600 0.095300 0.083200
GazellaPrz 0.046900 0.331000 0.072300 0.319200 0.035100 0.034800 0.022700 0.000000 0.060100 0.135100 0.034800 0.059500 0.022900 0.011300 0.034600 0.011500 0.161800 0.096300 0.023000 0.072400 0.000000 0.022900 0.150600 0.160700 0.022900 0.011600 0.022900 0.060100 0.011600 0.072500 0.135100 0.069000 0.162000 0.034500 0.045800 0.047100 0.034800 0.046100 0.011400 0.196100 0.149600 0.000000 0.135100 0.148300 0.071200 0.083400 0.034700 0.023000 0.035100 0.164400 0.084400 0.072300
MountainNy 0.110700 0.384200 0.011500 0.355100 0.098100 0.097400 0.071100 0.060100 0.000000 0.176400 0.097200 0.072000 0.083900 0.071300 0.070900 0.072300 0.218800 0.135700 0.084400 0.011500 0.060100 0.083900 0.193100 0.203000 0.084000 0.072900 0.083900 0.000000 0.072600 0.011500 0.176400 0.120100 0.204500 0.096300 0.107900 0.059400 0.097300 0.108800 0.071800 0.211100 0.192000 0.060100 0.176400 0.190300 0.083700 0.150400 0.084300 0.071900 0.071800 0.207500 0.022900 0.011500
MuntiacusM 0.162200 0.242000 0.189400 0.276600 0.175800 0.148000 0.145600 0.135100 0.176400 0.000000 0.147600 0.121500 0.133600 0.146000 0.144900 0.134700 0.105700 0.033900 0.134000 0.162500 0.135100 0.133500 0.057800 0.068700 0.133700 0.148900 0.133600 0.176400 0.121900 0.162200 0.000000 0.144200 0.093000 0.146400 0.145200 0.108000 0.147300 0.159400 0.120900 0.096000 0.057600 0.135100 0.000000 0.057200 0.107600 0.174200 0.133700 0.147000 0.146700 0.159900 0.203000 0.175800
goat 0.034700 0.345600 0.109400 0.333900 0.070900 0.022900 0.057400 0.034800 0.097200 0.147600 0.000000 0.071200 0.034400 0.045800 0.069800 0.046400 0.174500 0.108400 0.034500 0.084300 0.034800 0.011300 0.163400 0.173100 0.011300 0.046800 0.034400 0.097200 0.046600 0.109800 0.147600 0.080500 0.174800 0.046000 0.057200 0.058800 0.022900 0.057600 0.022800 0.209400 0.162400 0.034800 0.147600 0.160700 0.083200 0.095100 0.070000 0.046100 0.070800 0.205000 0.122000 0.109500
AfricanBuf 0.084100 0.344900 0.084100 0.333100 0.096900 0.071400 0.070300 0.059500 0.072000 0.121500 0.071200 0.000000 0.058600 0.070500 0.070100 0.071500 0.187000 0.108400 0.059000 0.059500 0.059500 0.058600 0.136400 0.146600 0.058700 0.072100 0.058600 0.072000 0.071700 0.084300 0.121500 0.093800 0.174300 0.070600 0.082000 0.034800 0.071300 0.082700 0.046800 0.152400 0.135600 0.059500 0.121500 0.134400 0.058500 0.122300 0.083300 0.071000 0.071000 0.204900 0.071500 0.084200
Topi 0.046300 0.326900 0.096100 0.315200 0.058300 0.034400 0.045400 0.022900 0.083900 0.133600 0.034400 0.058600 0.000000 0.034000 0.057500 0.034400 0.160000 0.095200 0.022600 0.071400 0.022900 0.022500 0.148800 0.158800 0.022600 0.034700 0.000000 0.083900 0.034600 0.096400 0.133600 0.068200 0.160200 0.011200 0.045200 0.046500 0.034300 0.045500 0.011300 0.193500 0.147900 0.022900 0.133600 0.146500 0.070300 0.082200 0.057600 0.045800 0.046800 0.189600 0.108400 0.096100
CommonDuik 0.058000 0.308800 0.083400 0.330100 0.046200 0.045900 0.033600 0.011300 0.071300 0.146000 0.045800 0.070500 0.034000 0.000000 0.045600 0.022700 0.172700 0.107200 0.034100 0.083500 0.011300 0.034000 0.161500 0.171400 0.034000 0.022900 0.034000 0.071300 0.022800 0.083600 0.146000 0.056200 0.172800 0.045500 0.056300 0.058200 0.045900 0.057000 0.022500 0.206800 0.160500 0.011300 0.146000 0.159100 0.082200 0.094200 0.045700 0.034000 0.046200 0.175100 0.095500 0.083400
Suni 0.082400 0.306700 0.082900 0.327500 0.070500 0.069900 0.045500 0.034600 0.070900 0.144900 0.069800 0.070100 0.057500 0.045600 0.000000 0.046300 0.184900 0.106500 0.057800 0.082900 0.034600 0.057500 0.160200 0.143700 0.057500 0.046600 0.057500 0.070900 0.046400 0.083000 0.144900 0.092200 0.171300 0.069200 0.080500 0.057700 0.070000 0.081200 0.045900 0.205100 0.159100 0.034600 0.144900 0.158100 0.081400 0.120000 0.057800 0.046000 0.045900 0.173800 0.094900 0.082900
Springbuck 0.058700 0.329800 0.084500 0.318200 0.046800 0.046500 0.034200 0.011500 0.072300 0.134700 0.046400 0.071500 0.034400 0.022700 0.046300 0.000000 0.161300 0.095900 0.034600 0.084600 0.011500 0.034400 0.150100 0.160200 0.034400 0.023200 0.034400 0.072300 0.023100 0.084700 0.134700 0.080700 0.161400 0.046000 0.057300 0.058900 0.046500 0.057700 0.022900 0.195300 0.149100 0.011500 0.134700 0.147800 0.083100 0.095600 0.046000 0.034500 0.046800 0.177400 0.096600 0.059500
Okapi 0.189800 0.256700 0.232100 0.293100 0.203900 0.175100 0.172300 0.161800 0.218800 0.105700 0.174500 0.187000 0.160000 0.172700 0.184900 0.161300 0.000000 0.069100 0.160500 0.204300 0.161800 0.160000 0.119700 0.130100 0.160200 0.175900 0.160000 0.218800 0.148100 0.204000 0.105700 0.171000 0.093300 0.146700 0.145500 0.174000 0.174800 0.186800 0.147000 0.161000 0.119000 0.161800 0.105700 0.117900 0.173600 0.174000 0.134000 0.174000 0.187200 0.201100 0.246500 0.218100
Giraffe 0.122100 0.199000 0.148300 0.231200 0.135200 0.108700 0.106900 0.096300 0.135700 0.033900 0.108400 0.108400 0.095200 0.107200 0.106500 0.095900 0.069100 0.000000 0.095500 0.122400 0.096300 0.095100 0.046000 0.056800 0.095200 0.109300 0.095200 0.135700 0.083600 0.122200 0.033900 0.106000 0.057200 0.107600 0.106600 0.095400 0.108500 0.120000 0.082900 0.083300 0.045700 0.096300 0.033900 0.045200 0.095100 0.134100 0.095300 0.108000 0.107700 0.120400 0.161400 0.135300
TibetanAnt 0.046500 0.328500 0.096600 0.316600 0.058600 0.034500 0.045600 0.023000 0.084400 0.134000 0.034500 0.059000 0.022600 0.034100 0.057800 0.034600 0.160500 0.095500 0.000000 0.071700 0.023000 0.022600 0.149300 0.159300 0.022700 0.034900 0.022600 0.084400 0.034700 0.096900 0.134000 0.068500 0.160700 0.034100 0.045400 0.046700 0.034500 0.045700 0.011300 0.194500 0.148400 0.023000 0.134000 0.147100 0.070600 0.082700 0.057900 0.046000 0.058400 0.190500 0.109000 0.096700
Sitatunga 0.097600 0.366000 0.023000 0.337500 0.110700 0.084500 0.083200 0.072400 0.011500 0.162500 0.084300 0.059500 0.071400 0.083500 0.082900 0.084600 0.204300 0.122400 0.071700 0.000000 0.072400 0.071400 0.178700 0.188700 0.071400 0.085300 0.071400 0.011500 0.084900 0.023000 0.162500 0.107200 0.190200 0.083600 0.095200 0.047100 0.084400 0.095900 0.059300 0.196000 0.177700 0.072400 0.162500 0.176000 0.071200 0.136500 0.096700 0.084100 0.084000 0.221300 0.034500 0.023000
Oribi 0.046900 0.331000 0.072300 0.319200 0.035100 0.034800 0.022700 0.000000 0.060100 0.135100 0.034800 0.059500 0.022900 0.011300 0.034600 0.011500 0.161800 0.096300 0.023000 0.072400 0.000000 0.022900 0.150600 0.160700 0.022900 0.011600 0.022900 0.060100 0.011600 0.072500 0.135100 0.069000 0.162000 0.034500 0.045800 0.047100 0.034800 0.046100 0.011400 0.196100 0.149600 0.000000 0.135100 0.148300 0.071200 0.083400 0.034600 0.023000 0.035100 0.164400 0.084400 0.072300
BarbaryShe 0.022900 0.326800 0.096000 0.315100 0.058300 0.011300 0.045300 0.022900 0.083900 0.133500 0.011300 0.058600 0.022500 0.034000 0.057500 0.034400 0.160000 0.095100 0.022600 0.071400 0.022900 0.000000 0.148700 0.158700 0.000000 0.034700 0.022500 0.083900 0.034500 0.096300 0.133500 0.068200 0.160100 0.034000 0.045200 0.046500 0.011300 0.045500 0.011300 0.193400 0.147900 0.022900 0.133500 0.146400 0.070300 0.082200 0.057600 0.034200 0.058100 0.189500 0.108400 0.096100
Daviddeer 0.178500 0.259200 0.206300 0.295200 0.177800 0.163900 0.161100 0.150600 0.193100 0.057800 0.163400 0.136400 0.148800 0.161500 0.160200 0.150100 0.119700 0.046000 0.149300 0.178700 0.150600 0.148700 0.000000 0.081600 0.149000 0.164800 0.148800 0.193100 0.136900 0.178500 0.057800 0.159400 0.106700 0.162100 0.160500 0.148800 0.163500 0.175200 0.135800 0.084400 0.022900 0.150600 0.057800 0.045900 0.148200 0.190900 0.148900 0.162600 0.162400 0.175900 0.220300 0.192500
Reindeer 0.188300 0.269700 0.216200 0.305500 0.174900 0.173800 0.171100 0.160700 0.203000 0.068700 0.173100 0.146600 0.158800 0.171400 0.143700 0.160200 0.130100 0.056800 0.159300 0.188700 0.160700 0.158700 0.081600 0.000000 0.158900 0.174800 0.158800 0.203000 0.147000 0.188500 0.068700 0.169600 0.117300 0.171900 0.170600 0.159200 0.173500 0.158700 0.146000 0.120600 0.081100 0.160700 0.068700 0.056800 0.158600 0.200800 0.159100 0.172900 0.172200 0.185700 0.230100 0.202500
Ibex 0.022900 0.327200 0.096200 0.315600 0.058300 0.011300 0.045400 0.022900 0.084000 0.133700 0.011300 0.058700 0.022600 0.034000 0.057500 0.034400 0.160200 0.095200 0.022700 0.071400 0.022900 0.000000 0.149000 0.158900 0.000000 0.034700 0.022600 0.084000 0.034600 0.096500 0.133700 0.068300 0.160400 0.034100 0.045300 0.046500 0.011300 0.045600 0.011200 0.193700 0.148000 0.022900 0.133700 0.146600 0.070400 0.082300 0.057700 0.034200 0.058300 0.189800 0.108500 0.096200
GyrantGaze 0.059200 0.349100 0.085200 0.337100 0.047200 0.046900 0.034400 0.011600 0.072900 0.148900 0.046800 0.072100 0.034700 0.022900 0.046600 0.023200 0.175900 0.109300 0.034900 0.085300 0.011600 0.034700 0.164800 0.174800 0.034700 0.000000 0.034700 0.072900 0.023300 0.085400 0.148900 0.081300 0.176100 0.046400 0.057700 0.059400 0.046800 0.058100 0.023100 0.211600 0.163700 0.011600 0.148900 0.162300 0.083800 0.096400 0.046200 0.034800 0.047200 0.178900 0.097400 0.085200
Hartebeest 0.046300 0.326900 0.096100 0.315200 0.058300 0.034400 0.045400 0.022900 0.083900 0.133600 0.034400 0.058600 0.000000 0.034000 0.057500 0.034400 0.160000 0.095200 0.022600 0.071400 0.022900 0.022500 0.148800 0.158800 0.022600 0.034700 0.000000 0.083900 0.034600 0.096400 0.133600 0.068200 0.160200 0.011200 0.045200 0.046500 0.034300 0.045500 0.011300 0.193500 0.147900 0.022900 0.133600 0.146500 0.070300 0.082200 0.057600 0.045800 0.046000 0.189600 0.108400 0.096100
Bongo 0.110700 0.384200 0.011500 0.355100 0.098100 0.097400 0.071100 0.060100 0.000000 0.176400 0.097200 0.072000 0.083900 0.071300 0.070900 0.072300 0.218800 0.135700 0.084400 0.011500 0.060100 0.083900 0.193100 0.203000 0.084000 0.072900 0.083900 0.000000 0.072600 0.011500 0.176400 0.120100 0.204500 0.096300 0.107900 0.059400 0.097300 0.108800 0.071800 0.211100 0.192000 0.060100 0.176400 0.190300 0.083700 0.150400 0.084300 0.071900 0.071800 0.207500 0.022900 0.011500
Gerenuk 0.059000 0.313500 0.084800 0.302200 0.047000 0.046700 0.034300 0.011600 0.072600 0.121900 0.046600 0.071700 0.034600 0.022800 0.046400 0.023100 0.148100 0.083600 0.034700 0.084900 0.011600 0.034500 0.136900 0.147000 0.034600 0.023300 0.034600 0.072600 0.000000 0.059900 0.121900 0.057100 0.148400 0.046200 0.057600 0.059200 0.046700 0.057900 0.023000 0.181300 0.136000 0.011600 0.121900 0.134800 0.058900 0.070900 0.022900 0.034600 0.047000 0.150300 0.097000 0.084900
CommonElan 0.123600 0.365300 0.023100 0.336900 0.110800 0.110100 0.083300 0.072500 0.011500 0.162200 0.109800 0.084300 0.096400 0.083600 0.083000 0.084700 0.204000 0.122200 0.096900 0.023000 0.072500 0.096300 0.178500 0.188500 0.096500 0.085400 0.096400 0.011500 0.059900 0.000000 0.162200 0.107100 0.189900 0.108900 0.120500 0.071500 0.110000 0.121400 0.084100 0.195800 0.177400 0.072500 0.162200 0.175800 0.071100 0.136300 0.071600 0.084200 0.084100 0.192400 0.034500 0.023000
MuntiacusR 0.162200 0.242000 0.189400 0.276600 0.175800 0.148000 0.145600 0.135100 0.176400 0.000000 0.147600 0.121500 0.133600 0.146000 0.144900 0.134700 0.105700 0.033900 0.134000 0.162500 0.135100 0.133500 0.057800 0.068700 0.133700 0.148900 0.133600 0.176400 0.121900 0.162200 0.000000 0.144200 0.093000 0.146400 0.145200 0.108000 0.147300 0.159400 0.120900 0.096000 0.057600 0.135100 0.000000 0.057200 0.107600 0.174200 0.133700 0.147000 0.146700 0.159900 0.203000 0.175800
HarveysDui 0.093200 0.304300 0.132400 0.294700 0.105600 0.080700 0.067400 0.069000 0.120100 0.144200 0.080500 0.093800 0.068200 0.056200 0.092200 0.080700 0.171000 0.106000 0.068500 0.107200 0.069000 0.068200 0.159400 0.169600 0.068300 0.081300 0.068200 0.120100 0.057100 0.107100 0.144200 0.000000 0.170800 0.079900 0.090900 0.081300 0.080700 0.068000 0.056600 0.203400 0.158400 0.069000 0.144200 0.131000 0.081000 0.104900 0.056500 0.068100 0.093300 0.199800 0.145000 0.132500
Pronghorn 0.190100 0.198700 0.217600 0.277200 0.176200 0.175400 0.172300 0.162000 0.204500 0.093000 0.174800 0.174300 0.160200 0.172800 0.171300 0.161400 0.093300 0.057200 0.160700 0.190200 0.162000 0.160100 0.106700 0.117300 0.160400 0.176100 0.160200 0.204500 0.148400 0.189900 0.093000 0.170800 0.000000 0.173500 0.145500 0.160100 0.175000 0.159800 0.147200 0.147700 0.106300 0.162000 0.093000 0.105400 0.133500 0.174000 0.160300 0.174000 0.173600 0.160200 0.231700 0.203800
BlueWildeb 0.058100 0.343000 0.108500 0.298800 0.070200 0.046100 0.056900 0.034500 0.096300 0.146400 0.046000 0.070600 0.011200 0.045500 0.069200 0.046000 0.146700 0.107600 0.034100 0.083600 0.034500 0.034000 0.162100 0.171900 0.034100 0.046400 0.011200 0.096300 0.046200 0.108900 0.146400 0.079900 0.173500 0.000000 0.056800 0.058300 0.046000 0.057100 0.022600 0.207400 0.161100 0.034500 0.146400 0.159400 0.082400 0.094200 0.069400 0.057400 0.058000 0.203200 0.121000 0.108500
Gemsbok 0.069500 0.306500 0.120200 0.296200 0.057600 0.057300 0.067700 0.045800 0.107900 0.145200 0.057200 0.082000 0.045200 0.056300 0.080500 0.057300 0.145500 0.106600 0.045400 0.095200 0.045800 0.045200 0.160500 0.170600 0.045300 0.057700 0.045200 0.107900 0.057600 0.120500 0.145200 0.090900 0.145500 0.056800 0.000000 0.069700 0.057200 0.045100 0.033800 0.205200 0.159600 0.045800 0.145200 0.158100 0.069600 0.105700 0.057000 0.068500 0.081600 0.173900 0.132700 0.120200
Yak 0.071500 0.327600 0.071300 0.316000 0.083900 0.059000 0.058000 0.047100 0.059400 0.108000 0.058800 0.034800 0.046500 0.058200 0.057700 0.058900 0.174000 0.095400 0.046700 0.047100 0.047100 0.046500 0.148800 0.159200 0.046500 0.059400 0.046500 0.059400 0.059200 0.071500 0.108000 0.081300 0.160100 0.058300 0.069700 0.000000 0.058900 0.070100 0.034700 0.165600 0.148400 0.047100 0.108000 0.146900 0.022900 0.108700 0.070700 0.058500 0.058600 0.190100 0.083400 0.071300
BlueSheep 0.034700 0.346400 0.109600 0.334600 0.070900 0.023000 0.057500 0.034800 0.097300 0.147300 0.022900 0.071300 0.034300 0.045900 0.070000 0.046500 0.174800 0.108500 0.034500 0.084400 0.034800 0.011300 0.163500 0.173500 0.011300 0.046800 0.034300 0.097300 0.046700 0.110000 0.147300 0.080700 0.175000 0.046000 0.057200 0.058900 0.000000 0.057600 0.022800 0.209400 0.162600 0.034800 0.147300 0.161000 0.083100 0.082900 0.070100 0.046200 0.070900 0.205100 0.122200 0.109700
BohorReedb 0.069900 0.325800 0.121100 0.298500 0.034000 0.057700 0.068600 0.046100 0.108800 0.159400 0.057600 0.082700 0.045500 0.057000 0.081200 0.057700 0.186800 0.120000 0.045700 0.095900 0.046100 0.045500 0.175200 0.158700 0.045600 0.058100 0.045500 0.108800 0.057900 0.121400 0.159400 0.068000 0.159800 0.057100 0.045100 0.070100 0.057600 0.000000 0.034000 0.221100 0.174100 0.046100 0.159400 0.120000 0.070000 0.106500 0.081300 0.069200 0.082100 0.188800 0.133700 0.121200
KirksDik 0.034500 0.311400 0.083900 0.299800 0.046500 0.022800 0.033900 0.011400 0.071800 0.120900 0.022800 0.046800 0.011300 0.022500 0.045900 0.022900 0.147000 0.082900 0.011300 0.059300 0.011400 0.011300 0.135800 0.146000 0.011200 0.023100 0.011300 0.071800 0.023000 0.084100 0.120900 0.056600 0.147200 0.022600 0.033800 0.034700 0.022800 0.034000 0.000000 0.179800 0.134900 0.011400 0.120900 0.133800 0.058400 0.070300 0.046000 0.034200 0.046500 0.176200 0.095900 0.083900
RoeDeer 0.225700 0.280000 0.224500 0.316800 0.224700 0.209900 0.206200 0.196100 0.211100 0.096000 0.209400 0.152400 0.193500 0.206800 0.205100 0.195300 0.161000 0.083300 0.194500 0.196000 0.196100 0.193400 0.084400 0.120600 0.193700 0.211600 0.193500 0.211100 0.181300 0.195800 0.096000 0.203400 0.147700 0.207400 0.205200 0.165600 0.209400 0.221100 0.179800 0.000000 0.083800 0.196100 0.096000 0.083200 0.164700 0.238900 0.193600 0.208300 0.208400 0.162100 0.238800 0.210300
WhiteLippe 0.177500 0.258500 0.205100 0.278500 0.176600 0.162900 0.160100 0.149600 0.192000 0.057600 0.162400 0.135600 0.147900 0.160500 0.159100 0.149100 0.119000 0.045700 0.148400 0.177700 0.149600 0.147900 0.022900 0.081100 0.148000 0.163700 0.147900 0.192000 0.136000 0.177400 0.057600 0.158400 0.106300 0.161100 0.159600 0.148400 0.162600 0.174100 0.134900 0.083800 0.000000 0.149600 0.057600 0.045600 0.147800 0.189700 0.147900 0.161600 0.161400 0.147600 0.219000 0.191300
ThomsonGaz 0.046900 0.331000 0.072300 0.319200 0.035100 0.034800 0.022700 0.000000 0.060100 0.135100 0.034800 0.059500 0.022900 0.011300 0.034600 0.011500 0.161800 0.096300 0.023000 0.072400 0.000000 0.022900 0.150600 0.160700 0.022900 0.011600 0.022900 0.060100 0.011600 0.072500 0.135100 0.069000 0.162000 0.034500 0.045800 0.047100 0.034800 0.046100 0.011400 0.196100 0.149600 0.000000 0.135100 0.148300 0.071200 0.083400 0.034800 0.023000 0.035100 0.164400 0.084400 0.072300
MuntiacusC 0.162200 0.242000 0.189400 0.276600 0.175800 0.148000 0.145600 0.135100 0.176400 0.000000 0.147600 0.121500 0.133600 0.146000 0.144900 0.134700 0.105700 0.033900 0.134000 0.162500 0.135100 0.133500 0.057800 0.068700 0.133700 0.148900 0.133600 0.176400 0.121900 0.162200 0.000000 0.144200 0.093000 0.146400 0.145200 0.108000 0.147300 0.159400 0.120900 0.096000 0.057600 0.135100 0.000000 0.057200 0.107600 0.174200 0.133700 0.147000 0.146700 0.159900 0.203000 0.175800
WhiteTaile 0.175600 0.256200 0.203300 0.276100 0.148300 0.161200 0.158700 0.148300 0.190300 0.057200 0.160700 0.134400 0.146500 0.159100 0.158100 0.147800 0.117900 0.045200 0.147100 0.176000 0.148300 0.146400 0.045900 0.056800 0.146600 0.162300 0.146500 0.190300 0.134800 0.175800 0.057200 0.131000 0.105400 0.159400 0.158100 0.146900 0.161000 0.120000 0.133800 0.083200 0.045600 0.148300 0.057200 0.000000 0.146200 0.188100 0.146700 0.160300 0.159900 0.173100 0.217000 0.189700
Cattle 0.096200 0.294200 0.095800 0.283000 0.083700 0.083300 0.081900 0.071200 0.083700 0.107600 0.083200 0.058500 0.070300 0.082200 0.081400 0.083100 0.173600 0.095100 0.070600 0.071200 0.071200 0.070300 0.148200 0.158600 0.070400 0.083800 0.070300 0.083700 0.058900 0.071100 0.107600 0.081000 0.133500 0.082400 0.069600 0.022900 0.083100 0.070000 0.058400 0.164700 0.147800 0.071200 0.107600 0.146200 0.000000 0.107900 0.070400 0.082600 0.082600 0.161900 0.108200 0.095800
RoyalAntel 0.108300 0.309500 0.163100 0.349300 0.121500 0.095300 0.106300 0.083400 0.150400 0.174200 0.095100 0.122300 0.082200 0.094200 0.120000 0.095600 0.174000 0.134100 0.082700 0.136500 0.083400 0.082200 0.190900 0.200800 0.082300 0.096400 0.082200 0.150400 0.070900 0.136300 0.174200 0.104900 0.174000 0.094200 0.105700 0.108700 0.082900 0.106500 0.070300 0.238900 0.189700 0.083400 0.174200 0.188100 0.107900 0.000000 0.094700 0.107400 0.121500 0.234000 0.176200 0.163400
Steenbok 0.082600 0.327200 0.096600 0.315800 0.070600 0.070100 0.033900 0.034700 0.084300 0.133700 0.070000 0.083300 0.057600 0.045700 0.057800 0.046000 0.134000 0.095300 0.057900 0.096700 0.034600 0.057600 0.148900 0.159100 0.057700 0.046200 0.057600 0.084300 0.022900 0.071600 0.133700 0.056500 0.160300 0.069400 0.057000 0.070700 0.070100 0.081300 0.046000 0.193600 0.147900 0.034800 0.133700 0.146700 0.070400 0.094700 0.000000 0.034200 0.058500 0.162400 0.108800 0.096600
Impala 0.058400 0.355100 0.084000 0.297200 0.058500 0.046200 0.022400 0.023000 0.071900 0.147000 0.046100 0.071000 0.045800 0.034000 0.046000 0.034500 0.174000 0.108000 0.046000 0.084100 0.023000 0.034200 0.162600 0.172900 0.034200 0.034800 0.045800 0.071900 0.034600 0.084200 0.147000 0.068100 0.174000 0.057400 0.068500 0.058500 0.046200 0.069200 0.034200 0.208300 0.161600 0.023000 0.147000 0.160300 0.082600 0.107400 0.034200 0.000000 0.046500 0.176400 0.096300 0.084100
Klipspring 0.083600 0.343800 0.083900 0.331900 0.071400 0.071000 0.046100 0.035100 0.071800 0.146700 0.070800 0.071000 0.046800 0.046200 0.045900 0.046800 0.187200 0.107700 0.058400 0.084000 0.035100 0.058100 0.162400 0.172200 0.058300 0.047200 0.046000 0.071800 0.047000 0.084100 0.146700 0.093300 0.173600 0.058000 0.081600 0.058600 0.070900 0.082100 0.046500 0.208400 0.161400 0.035100 0.146700 0.159900 0.082600 0.121500 0.058500 0.046500 0.000000 0.176200 0.096100 0.083900
ForestMusk 0.221000 0.326700 0.220700 0.298900 0.178500 0.205600 0.174600 0.164400 0.207500 0.159900 0.205000 0.204900 0.189600 0.175100 0.173800 0.177400 0.201100 0.120400 0.190500 0.221300 0.164400 0.189500 0.175900 0.185700 0.189800 0.178900 0.189600 0.207500 0.150300 0.192400 0.159900 0.199800 0.160200 0.203200 0.173900 0.190100 0.205100 0.188800 0.176200 0.162100 0.147600 0.164400 0.159900 0.173100 0.161900 0.234000 0.162400 0.176400 0.176200 0.000000 0.234700 0.221100
Bushbuck 0.136000 0.416300 0.034600 0.387000 0.123100 0.122300 0.095300 0.084400 0.022900 0.203000 0.122000 0.071500 0.108400 0.095500 0.094900 0.096600 0.246500 0.161400 0.109000 0.034500 0.084400 0.108400 0.220300 0.230100 0.108500 0.097400 0.108400 0.022900 0.097000 0.034500 0.203000 0.145000 0.231700 0.121000 0.132700 0.083400 0.122200 0.133700 0.095900 0.238800 0.219000 0.084400 0.203000 0.217000 0.108200 0.176200 0.108800 0.096300 0.096100 0.234700 0.000000 0.034500
GreaterKud 0.123200 0.382900 0.023000 0.354000 0.110600 0.109800 0.083200 0.072300 0.011500 0.175800 0.109500 0.084200 0.096100 0.083400 0.082900 0.059500 0.218100 0.135300 0.096700 0.023000 0.072300 0.096100 0.192500 0.202500 0.096200 0.085200 0.096100 0.011500 0.084900 0.023000 0.175800 0.132500 0.203800 0.108500 0.120200 0.071300 0.109700 0.121200 0.083900 0.210300 0.191300 0.072300 0.175800 0.189700 0.095800 0.163400 0.096600 0.084100 0.083900 0.221100 0.034500 0.000000
