1
52 1
Argali 0.000000 0.263400 0.061300 0.336300 0.029700 0.000000 0.045100 0.043900 0.077200 0.014800 0.014900 0.075800 0.014600 0.029700 0.060700 0.029800 0.029800 0.061300 0.014700 0.061400 0.045200 0.014600 0.044800 0.014800 0.014700 0.061400 0.014600 0.045500 0.014700 0.061100 0.029800 0.044900 0.093100 0.029400 0.029700 0.092800 0.014200 0.029700 0.029700 0.029800 0.060800 0.045200 0.014700 0.029200 0.060200 0.029700 0.045100 0.029300 0.029700 0.029700 0.061100 0.061100
LesserMous 0.263400 0.000000 0.313000 0.234600 0.220800 0.263400 0.270400 0.243500 0.288100 0.264100 0.244900 0.329800 0.241900 0.247600 0.223000 0.265100 0.291500 0.341200 0.243300 0.267300 0.222100 0.240400 0.264000 0.264600 0.241400 0.364900 0.241900 0.291100 0.286000 0.265500 0.286100 0.227400 0.331600 0.262200 0.263800 0.335700 0.240400 0.220800 0.264100 0.285900 0.290400 0.287500 0.263400 0.239700 0.309300 0.264000 0.241900 0.260100 0.220800 0.263100 0.265500 0.265500
LesserKudu 0.061300 0.313000 0.000000 0.343300 0.061400 0.061200 0.077500 0.075700 0.045100 0.045700 0.078500 0.076800 0.045400 0.061200 0.094200 0.061600 0.061400 0.094900 0.045500 0.029900 0.078000 0.077500 0.077200 0.045800 0.077500 0.130300 0.045400 0.014800 0.077700 0.029700 0.061600 0.077100 0.128500 0.060900 0.061400 0.094100 0.077500 0.061400 0.061500 0.061600 0.093900 0.078100 0.045500 0.060500 0.061000 0.061200 0.078000 0.029600 0.061400 0.061500 0.029700 0.029700
KillerWhal 0.336300 0.234600 0.343300 0.000000 0.314400 0.336700 0.346300 0.367000 0.390500 0.315400 0.318900 0.407000 0.311500 0.320800 0.363700 0.340100 0.347800 0.403600 0.312600 0.367700 0.308000 0.336100 0.358700 0.315000 0.311200 0.453600 0.311500 0.367800 0.364400 0.364600 0.338500 0.297900 0.308200 0.333800 0.338800 0.385500 0.336200 0.314400 0.338700 0.338200 0.388600 0.365800 0.313000 0.340900 0.385800 0.335900 0.339800 0.341300 0.314400 0.336500 0.364600 0.364600
DefassaWat 0.029700 0.220800 0.061400 0.314400 0.000000 0.029600 0.045100 0.043900 0.045300 0.014700 0.045500 0.075800 0.014700 0.029700 0.029600 0.029600 0.029700 0.061100 0.014700 0.030000 0.014600 0.014600 0.044800 0.014800 0.045000 0.094100 0.014700 0.045600 0.044800 0.029800 0.029800 0.044800 0.093000 0.029500 0.029700 0.076300 0.014600 0.000000 0.029600 0.029800 0.060700 0.045000 0.014700 0.029300 0.060200 0.029700 0.014700 0.029300 0.000000 0.029700 0.029800 0.029800
Sheep 0.000000 0.263400 0.061200 0.336700 0.029600 0.000000 0.045100 0.043900 0.077200 0.014700 0.014900 0.075700 0.014600 0.029700 0.060700 0.029700 0.029800 0.061300 0.014700 0.061400 0.045100 0.014700 0.044800 0.014800 0.014700 0.061400 0.014600 0.045500 0.014700 0.061100 0.029800 0.044900 0.093100 0.029400 0.029700 0.092700 0.014700 0.029600 0.029700 0.029700 0.060800 0.045200 0.014700 0.029200 0.060200 0.029600 0.045100 0.029200 0.029600 0.029700 0.061100 0.061100
MaxwellsDu 0.045100 0.270400 0.077500 0.346300 0.045100 0.045100 0.000000 0.059400 0.093800 0.029900 0.045700 0.092300 0.029700 0.014600 0.077000 0.045200 0.045400 0.077800 0.029800 0.077700 0.061000 0.060700 0.060600 0.030000 0.045100 0.111400 0.029700 0.061500 0.060800 0.077400 0.045300 0.029500 0.110000 0.044800 0.045200 0.109700 0.060700 0.045100 0.045100 0.045300 0.077200 0.060900 0.029800 0.044500 0.076300 0.045200 0.060900 0.044600 0.045100 0.045100 0.077400 0.077400
GazellaPrz 0.043900 0.243500 0.075700 0.367000 0.043900 0.043900 0.059400 0.000000 0.091500 0.029100 0.060000 0.089900 0.028900 0.044100 0.044100 0.044100 0.044200 0.075800 0.029000 0.075800 0.059500 0.059100 0.058900 0.029100 0.059200 0.108500 0.028900 0.060000 0.059300 0.075400 0.044100 0.059300 0.107200 0.043600 0.044000 0.106800 0.059100 0.043900 0.044000 0.044100 0.074900 0.059500 0.029000 0.043400 0.074300 0.044000 0.059400 0.043500 0.043900 0.014400 0.075400 0.075400
MountainNy 0.077200 0.288100 0.045100 0.390500 0.045300 0.077200 0.093800 0.091500 0.000000 0.061400 0.094900 0.093100 0.061100 0.077200 0.077100 0.077500 0.077300 0.111400 0.061200 0.014700 0.061400 0.060900 0.093500 0.061600 0.093700 0.147600 0.061100 0.029800 0.093900 0.014600 0.045500 0.093400 0.145800 0.076800 0.077400 0.061200 0.060900 0.045300 0.077400 0.077800 0.110700 0.094300 0.061200 0.076200 0.045200 0.077200 0.061300 0.044900 0.045300 0.077400 0.014200 0.014600
MuntiacusM 0.014800 0.264100 0.045700 0.315400 0.014700 0.014700 0.029900 0.029100 0.061400 0.000000 0.030300 0.060200 0.000200 0.014800 0.045300 0.014800 0.014700 0.045400 0.000200 0.045800 0.029900 0.029800 0.029600 0.000000 0.029900 0.078100 0.000200 0.030100 0.029900 0.045500 0.014700 0.029700 0.076600 0.014600 0.014800 0.076700 0.029800 0.014700 0.014800 0.014700 0.045000 0.030000 0.000000 0.000200 0.044800 0.014700 0.029900 0.014500 0.014700 0.014800 0.045500 0.045500
goat 0.014900 0.244900 0.078500 0.318900 0.045500 0.014900 0.045700 0.060000 0.094900 0.030300 0.000000 0.093200 0.030000 0.030000 0.077900 0.045700 0.045900 0.078700 0.030100 0.078600 0.061700 0.030000 0.061300 0.030300 0.000000 0.078700 0.030000 0.062200 0.030100 0.078200 0.045800 0.045500 0.111500 0.045200 0.045600 0.111000 0.030000 0.045500 0.045600 0.045800 0.078000 0.061700 0.030200 0.045000 0.077100 0.045600 0.061600 0.045000 0.045500 0.045600 0.078200 0.078200
AfricanBuf 0.075800 0.329800 0.076800 0.407000 0.075800 0.075700 0.092300 0.089900 0.093100 0.060200 0.093200 0.000000 0.059900 0.075900 0.108800 0.076000 0.076000 0.109400 0.060100 0.077100 0.092600 0.092000 0.091700 0.060400 0.092000 0.144800 0.059900 0.060900 0.092100 0.076700 0.076100 0.091700 0.143000 0.075300 0.075900 0.108700 0.092000 0.075800 0.075900 0.044700 0.108800 0.092400 0.060000 0.074800 0.075500 0.075900 0.092500 0.044100 0.075800 0.075900 0.076700 0.076700
Topi 0.014600 0.241900 0.045400 0.311500 0.014700 0.014600 0.029700 0.028900 0.061100 0.000200 0.030000 0.059900 0.000000 0.014700 0.045000 0.014700 0.014700 0.045400 0.000200 0.045500 0.029800 0.029600 0.029500 0.000200 0.029600 0.077500 0.000000 0.030000 0.029700 0.045300 0.014700 0.029600 0.076600 0.014500 0.014700 0.076300 0.029600 0.014700 0.014700 0.014600 0.045000 0.029800 0.000200 0.014500 0.044600 0.014600 0.029800 0.014400 0.014700 0.014700 0.045300 0.045300
CommonDuik 0.029700 0.247600 0.061200 0.320800 0.029700 0.029700 0.014600 0.044100 0.077200 0.014800 0.030000 0.075900 0.014700 0.000000 0.060800 0.029800 0.029800 0.061300 0.014700 0.061400 0.045200 0.044900 0.044800 0.014800 0.029700 0.094200 0.014700 0.045500 0.045000 0.061100 0.029800 0.014500 0.093100 0.029500 0.029700 0.092700 0.044900 0.029700 0.029700 0.029800 0.060800 0.045200 0.014700 0.029300 0.060200 0.029700 0.045100 0.029300 0.029700 0.029700 0.061100 0.061100
Suni 0.060700 0.223000 0.094200 0.363700 0.029600 0.060700 0.077000 0.044100 0.077100 0.045300 0.077900 0.108800 0.045000 0.060800 0.000000 0.060900 0.060900 0.094000 0.045100 0.061300 0.045100 0.044900 0.076500 0.045400 0.076800 0.111200 0.045000 0.077800 0.076800 0.061000 0.061000 0.076600 0.127100 0.060300 0.060800 0.109700 0.044900 0.029600 0.060800 0.061000 0.093500 0.077000 0.045200 0.060000 0.092700 0.060800 0.045100 0.060000 0.029600 0.060800 0.061000 0.061000
Springbuck 0.029800 0.265100 0.061600 0.340100 0.029600 0.029700 0.045200 0.044100 0.077500 0.014800 0.045700 0.076000 0.014700 0.029800 0.060900 0.000000 0.029900 0.061400 0.014800 0.061700 0.045100 0.045100 0.044900 0.014900 0.045100 0.061400 0.014700 0.045700 0.014400 0.061400 0.029900 0.045000 0.093400 0.029600 0.029800 0.092900 0.045100 0.028300 0.029700 0.029900 0.060900 0.014700 0.014800 0.029400 0.060300 0.029800 0.014700 0.029400 0.028200 0.029900 0.061400 0.061400
Okapi 0.029800 0.291500 0.061400 0.347800 0.029700 0.029800 0.045400 0.044200 0.077300 0.014700 0.045900 0.076000 0.014700 0.029800 0.060900 0.029900 0.000000 0.029700 0.014800 0.061500 0.045300 0.045100 0.044700 0.014800 0.045200 0.094800 0.014700 0.045600 0.045200 0.061200 0.029700 0.045000 0.092800 0.029600 0.029800 0.092800 0.045100 0.029700 0.029800 0.029700 0.060600 0.045300 0.014700 0.014600 0.060300 0.029800 0.045300 0.029400 0.029700 0.029800 0.061200 0.061200
Giraffe 0.061300 0.341200 0.094900 0.403600 0.061100 0.061300 0.077800 0.075800 0.111400 0.045400 0.078700 0.109400 0.045400 0.061300 0.094000 0.061400 0.029700 0.000000 0.045500 0.094900 0.077600 0.077300 0.076500 0.045600 0.077500 0.095400 0.045400 0.078200 0.077600 0.094500 0.061100 0.077100 0.127300 0.060800 0.061300 0.127300 0.077300 0.061100 0.061300 0.061100 0.093500 0.077800 0.045300 0.044900 0.093000 0.061200 0.077600 0.060400 0.061100 0.061400 0.094500 0.094500
TibetanAnt 0.014700 0.243300 0.045500 0.312600 0.014700 0.014700 0.029800 0.029000 0.061200 0.000200 0.030100 0.060100 0.000200 0.014700 0.045100 0.014800 0.014800 0.045500 0.000000 0.045600 0.029800 0.029600 0.029500 0.000200 0.029700 0.077800 0.000200 0.030000 0.029800 0.045400 0.014800 0.029700 0.076800 0.014500 0.014700 0.076500 0.028500 0.014700 0.014700 0.014700 0.045100 0.029900 0.000200 0.014500 0.044800 0.014700 0.029800 0.014400 0.014700 0.014700 0.045400 0.045400
Sitatunga 0.061400 0.267300 0.029900 0.367700 0.030000 0.061400 0.077700 0.075800 0.014700 0.045800 0.078600 0.077100 0.045500 0.061400 0.061300 0.061700 0.061500 0.094900 0.045600 0.000000 0.045700 0.045400 0.077400 0.045900 0.077700 0.130400 0.045500 0.014400 0.077800 0.000000 0.061800 0.077400 0.128700 0.061100 0.061500 0.077800 0.045400 0.030000 0.061600 0.061800 0.094300 0.078100 0.045600 0.060600 0.061200 0.061400 0.045700 0.029800 0.030000 0.061600 0.000000 0.000000
Oribi 0.045200 0.222100 0.078000 0.308000 0.014600 0.045100 0.061000 0.059500 0.061400 0.029900 0.061700 0.092600 0.029800 0.045200 0.045100 0.045100 0.045300 0.077600 0.029800 0.045700 0.000000 0.029700 0.060700 0.030000 0.060900 0.111600 0.029800 0.061800 0.060700 0.045500 0.045400 0.060700 0.110300 0.044900 0.045200 0.093200 0.029700 0.014300 0.045100 0.045400 0.077100 0.060900 0.029900 0.044600 0.076500 0.045200 0.029800 0.044700 0.014600 0.045200 0.045500 0.045500
BarbaryShe 0.014600 0.240400 0.077500 0.336100 0.014600 0.014700 0.060700 0.059100 0.060900 0.029800 0.030000 0.092000 0.029600 0.044900 0.044900 0.045100 0.045100 0.077300 0.029600 0.045400 0.029700 0.000000 0.060400 0.029900 0.029300 0.077500 0.029600 0.061400 0.029700 0.045200 0.045200 0.060400 0.109700 0.044600 0.045000 0.092700 0.000000 0.014600 0.045000 0.045200 0.076800 0.060800 0.029700 0.044400 0.076200 0.045000 0.029700 0.044400 0.014600 0.045000 0.045200 0.045200
Daviddeer 0.044800 0.264000 0.077200 0.358700 0.044800 0.044800 0.060600 0.058900 0.093500 0.029600 0.061300 0.091700 0.029500 0.044800 0.076500 0.044900 0.044700 0.076500 0.029500 0.077400 0.060700 0.060400 0.000000 0.029600 0.060500 0.110800 0.029500 0.061200 0.060500 0.077000 0.044800 0.060300 0.108700 0.044500 0.044800 0.109300 0.060400 0.044800 0.044900 0.044800 0.044600 0.060600 0.029500 0.029200 0.075900 0.044800 0.060600 0.044200 0.044800 0.044800 0.077000 0.077000
Reindeer 0.014800 0.264600 0.045800 0.315000 0.014800 0.014800 0.030000 0.029100 0.061600 0.000000 0.030300 0.060400 0.000200 0.014800 0.045400 0.014900 0.014800 0.045600 0.000200 0.045900 0.030000 0.029900 0.029600 0.000000 0.030000 0.078400 0.000200 0.030200 0.030000 0.045700 0.014800 0.029800 0.076900 0.014600 0.014800 0.076900 0.029900 0.014800 0.014800 0.014700 0.045200 0.030100 0.000100 0.000100 0.045000 0.014700 0.030000 0.014500 0.014800 0.014800 0.045700 0.045700
Ibex 0.014700 0.241400 0.077500 0.311200 0.045000 0.014700 0.045100 0.059200 0.093700 0.029900 0.000000 0.092000 0.029600 0.029700 0.076800 0.045100 0.045200 0.077500 0.029700 0.077700 0.060900 0.029300 0.060500 0.030000 0.000000 0.077600 0.029600 0.061400 0.029700 0.077300 0.045200 0.044900 0.110000 0.044600 0.045000 0.109700 0.029600 0.045000 0.045000 0.045200 0.077000 0.060900 0.029800 0.044400 0.076200 0.045000 0.060800 0.044400 0.045000 0.045000 0.077300 0.077300
GyrantGaze 0.061400 0.364900 0.130300 0.453600 0.094100 0.061400 0.111400 0.108500 0.147600 0.078100 0.078700 0.144800 0.077500 0.094200 0.111200 0.061400 0.094800 0.095400 0.077800 0.130400 0.111600 0.077500 0.110800 0.078400 0.077600 0.000000 0.077500 0.112700 0.045500 0.129800 0.094700 0.110700 0.165100 0.093600 0.094200 0.164000 0.077500 0.094100 0.094400 0.094800 0.128900 0.045700 0.077900 0.093100 0.127400 0.094300 0.077700 0.093000 0.094100 0.094400 0.129800 0.129800
Hartebeest 0.014600 0.241900 0.045400 0.311500 0.014700 0.014600 0.029700 0.028900 0.061100 0.000200 0.030000 0.059900 0.000000 0.014700 0.045000 0.014700 0.014700 0.045400 0.000200 0.045500 0.029800 0.029600 0.029500 0.000200 0.029600 0.077500 0.000000 0.030000 0.029700 0.045300 0.014700 0.029600 0.076600 0.014500 0.014700 0.076300 0.029600 0.014700 0.014700 0.014600 0.045000 0.029800 0.000200 0.014500 0.044600 0.014600 0.029800 0.014400 0.014700 0.014700 0.045300 0.045300
Bongo 0.045500 0.291100 0.014800 0.367800 0.045600 0.045500 0.061500 0.060000 0.029800 0.030100 0.062200 0.060900 0.030000 0.045500 0.077800 0.045700 0.045600 0.078200 0.030000 0.014400 0.061800 0.061400 0.061200 0.030200 0.061400 0.112700 0.030000 0.000000 0.061500 0.014700 0.045700 0.061200 0.111400 0.045300 0.045600 0.077700 0.061400 0.045600 0.045700 0.045800 0.077700 0.061800 0.030000 0.044900 0.045400 0.045500 0.061700 0.014700 0.045600 0.045700 0.014700 0.014700
Gerenuk 0.014700 0.286000 0.077700 0.364400 0.044800 0.014700 0.060800 0.059300 0.093900 0.029900 0.030100 0.092100 0.029700 0.045000 0.076800 0.014400 0.045200 0.077600 0.029800 0.077800 0.060700 0.029700 0.060500 0.030000 0.029700 0.045500 0.029700 0.061500 0.000000 0.077500 0.045300 0.060500 0.110100 0.044700 0.045100 0.109500 0.029700 0.044800 0.045000 0.045300 0.076800 0.029100 0.029800 0.044500 0.076100 0.045100 0.029700 0.044500 0.044800 0.045100 0.077500 0.077500
CommonElan 0.061100 0.265500 0.029700 0.364600 0.029800 0.061100 0.077400 0.075400 0.014600 0.045500 0.078200 0.076700 0.045300 0.061100 0.061000 0.061400 0.061200 0.094500 0.045400 0.000000 0.045500 0.045200 0.077000 0.045700 0.077300 0.129800 0.045300 0.014700 0.077500 0.000000 0.061500 0.077000 0.128100 0.060800 0.061200 0.077400 0.045200 0.029800 0.061300 0.061500 0.093800 0.077700 0.045400 0.060300 0.061000 0.061100 0.045500 0.029600 0.029800 0.061300 0.000000 0.000000
MuntiacusR 0.029800 0.286100 0.061600 0.338500 0.029800 0.029800 0.045300 0.044100 0.045500 0.014700 0.045800 0.076100 0.014700 0.029800 0.061000 0.029900 0.029700 0.061100 0.014800 0.061800 0.045400 0.045200 0.044800 0.014800 0.045200 0.094700 0.014700 0.045700 0.045300 0.061500 0.000000 0.045000 0.092900 0.029600 0.029800 0.060700 0.045200 0.029800 0.029800 0.029800 0.060600 0.045400 0.014700 0.014600 0.029500 0.029800 0.045400 0.029400 0.029800 0.029900 0.061500 0.061500
HarveysDui 0.044900 0.227400 0.077100 0.297900 0.044800 0.044900 0.029500 0.059300 0.093400 0.029700 0.045500 0.091700 0.029600 0.014500 0.076600 0.045000 0.045000 0.077100 0.029700 0.077400 0.060700 0.060400 0.060300 0.029800 0.044900 0.110700 0.029600 0.061200 0.060500 0.077000 0.045000 0.000000 0.076600 0.044600 0.044900 0.109200 0.060400 0.044800 0.044900 0.045100 0.076800 0.060600 0.029600 0.044300 0.075900 0.045000 0.060600 0.044300 0.044800 0.044900 0.077000 0.077000
Pronghorn 0.093100 0.331600 0.128500 0.308200 0.093000 0.093100 0.110000 0.107200 0.145800 0.076600 0.111500 0.143000 0.076600 0.093100 0.127100 0.093400 0.092800 0.127300 0.076800 0.128700 0.110300 0.109700 0.108700 0.076900 0.110000 0.165100 0.076600 0.111400 0.110100 0.128100 0.092900 0.076600 0.000000 0.092500 0.076600 0.159700 0.109700 0.093000 0.093200 0.093000 0.126300 0.110300 0.076400 0.075700 0.126200 0.093100 0.110200 0.092000 0.093000 0.093200 0.128100 0.128100
BlueWildeb 0.029400 0.262200 0.060900 0.333800 0.029500 0.029400 0.044800 0.043600 0.076800 0.014600 0.045200 0.075300 0.014500 0.029500 0.060300 0.029600 0.029600 0.060800 0.014500 0.061100 0.044900 0.044600 0.044500 0.014600 0.044600 0.093600 0.014500 0.045300 0.044700 0.060800 0.029600 0.044600 0.092500 0.000000 0.029500 0.092100 0.044600 0.029500 0.029500 0.029500 0.060300 0.044900 0.014500 0.029000 0.059800 0.029500 0.044800 0.029100 0.029500 0.029500 0.060800 0.060800
Gemsbok 0.029700 0.263800 0.061400 0.338800 0.029700 0.029700 0.045200 0.044000 0.077400 0.014800 0.045600 0.075900 0.014700 0.029700 0.060800 0.029800 0.029800 0.061300 0.014700 0.061500 0.045200 0.045000 0.044800 0.014800 0.045000 0.094200 0.014700 0.045600 0.045100 0.061200 0.029800 0.044900 0.076600 0.029500 0.000000 0.092800 0.045000 0.029700 0.029700 0.029800 0.060800 0.045200 0.014700 0.029300 0.060200 0.029700 0.045200 0.029300 0.029700 0.029800 0.061200 0.061200
Yak 0.092800 0.335700 0.094100 0.385500 0.076300 0.092700 0.109700 0.106800 0.061200 0.076700 0.111000 0.108700 0.076300 0.092700 0.109700 0.092900 0.092800 0.127300 0.076500 0.077800 0.093200 0.092700 0.109300 0.076900 0.109700 0.164000 0.076300 0.077700 0.109500 0.077400 0.060700 0.109200 0.159700 0.092100 0.092800 0.000000 0.092700 0.076300 0.092700 0.093300 0.092800 0.109700 0.076500 0.091500 0.028600 0.092800 0.093000 0.059900 0.076300 0.092700 0.077400 0.077400
BlueSheep 0.014200 0.240400 0.077500 0.336200 0.014600 0.014700 0.060700 0.059100 0.060900 0.029800 0.030000 0.092000 0.029600 0.044900 0.044900 0.045100 0.045100 0.077300 0.028500 0.045400 0.029700 0.000000 0.060400 0.029900 0.029600 0.077500 0.029600 0.061400 0.029700 0.045200 0.045200 0.060400 0.109700 0.044600 0.045000 0.092700 0.000000 0.014600 0.045000 0.045200 0.076800 0.060800 0.029700 0.044400 0.076200 0.045000 0.029700 0.044400 0.014600 0.045000 0.045200 0.045200
BohorReedb 0.029700 0.220800 0.061400 0.314400 0.000000 0.029600 0.045100 0.043900 0.045300 0.014700 0.045500 0.075800 0.014700 0.029700 0.029600 0.028300 0.029700 0.061100 0.014700 0.030000 0.014300 0.014600 0.044800 0.014800 0.045000 0.094100 0.014700 0.045600 0.044800 0.029800 0.029800 0.044800 0.093000 0.029500 0.029700 0.076300 0.014600 0.000000 0.029600 0.029800 0.060700 0.045000 0.014700 0.029300 0.060200 0.029700 0.014700 0.029300 0.000000 0.029700 0.029800 0.029800
KirksDik 0.029700 0.264100 0.061500 0.338700 0.029600 0.029700 0.045100 0.044000 0.077400 0.014800 0.045600 0.075900 0.014700 0.029700 0.060800 0.029700 0.029800 0.061300 0.014700 0.061600 0.045100 0.045000 0.044900 0.014800 0.045000 0.094400 0.014700 0.045700 0.045000 0.061300 0.029800 0.044900 0.093200 0.029500 0.029700 0.092700 0.045000 0.029600 0.000000 0.029900 0.060700 0.045100 0.014700 0.029300 0.060200 0.029700 0.045200 0.029400 0.029600 0.029800 0.061300 0.061300
RoeDeer 0.029800 0.285900 0.061600 0.338200 0.029800 0.029700 0.045300 0.044100 0.077800 0.014700 0.045800 0.044700 0.014600 0.029800 0.061000 0.029900 0.029700 0.061100 0.014700 0.061800 0.045400 0.045200 0.044800 0.014700 0.045200 0.094800 0.014600 0.045800 0.045300 0.061500 0.029800 0.045100 0.093000 0.029500 0.029800 0.093300 0.045200 0.029800 0.029900 0.000000 0.060700 0.045400 0.014700 0.014400 0.060500 0.029800 0.045400 0.029400 0.029800 0.029800 0.061500 0.061500
WhiteLippe 0.060800 0.290400 0.093900 0.388600 0.060700 0.060800 0.077200 0.074900 0.110700 0.045000 0.078000 0.108800 0.045000 0.060800 0.093500 0.060900 0.060600 0.093500 0.045100 0.094300 0.077100 0.076800 0.044600 0.045200 0.077000 0.128900 0.045000 0.077700 0.076800 0.093800 0.060600 0.076800 0.126300 0.060300 0.060800 0.092800 0.076800 0.060700 0.060700 0.060700 0.000000 0.076900 0.044900 0.044500 0.060200 0.060900 0.077000 0.060000 0.060700 0.060700 0.093800 0.093800
ThomsonGaz 0.045200 0.287500 0.078100 0.365800 0.045000 0.045200 0.060900 0.059500 0.094300 0.030000 0.061700 0.092400 0.029800 0.045200 0.077000 0.014700 0.045300 0.077800 0.029900 0.078100 0.060900 0.060800 0.060600 0.030100 0.060900 0.045700 0.029800 0.061800 0.029100 0.077700 0.045400 0.060600 0.110300 0.044900 0.045200 0.109700 0.060800 0.045000 0.045100 0.045400 0.076900 0.000000 0.029900 0.044600 0.076300 0.045200 0.029800 0.044600 0.045000 0.045300 0.077700 0.077700
MuntiacusC 0.014700 0.263400 0.045500 0.313000 0.014700 0.014700 0.029800 0.029000 0.061200 0.000000 0.030200 0.060000 0.000200 0.014700 0.045200 0.014800 0.014700 0.045300 0.000200 0.045600 0.029900 0.029700 0.029500 0.000100 0.029800 0.077900 0.000200 0.030000 0.029800 0.045400 0.014700 0.029600 0.076400 0.014500 0.014700 0.076500 0.029700 0.014700 0.014700 0.014700 0.044900 0.029900 0.000000 0.000200 0.044700 0.014600 0.029900 0.014400 0.014700 0.014700 0.045400 0.045400
WhiteTaile 0.029200 0.239700 0.060500 0.340900 0.029300 0.029200 0.044500 0.043400 0.076200 0.000200 0.045000 0.074800 0.014500 0.029300 0.060000 0.029400 0.014600 0.044900 0.014500 0.060600 0.044600 0.044400 0.029200 0.000100 0.044400 0.093100 0.014500 0.044900 0.044500 0.060300 0.014600 0.044300 0.075700 0.029000 0.029300 0.091500 0.044400 0.029300 0.029300 0.014400 0.044500 0.044600 0.000200 0.000000 0.059400 0.029200 0.044600 0.028900 0.029300 0.029300 0.060300 0.060300
Cattle 0.060200 0.309300 0.061000 0.385800 0.060200 0.060200 0.076300 0.074300 0.045200 0.044800 0.077100 0.075500 0.044600 0.060200 0.092700 0.060300 0.060300 0.093000 0.044800 0.061200 0.076500 0.076200 0.075900 0.045000 0.076200 0.127400 0.044600 0.045400 0.076100 0.061000 0.029500 0.075900 0.126200 0.059800 0.060200 0.028600 0.076200 0.060200 0.060200 0.060500 0.060200 0.076300 0.044700 0.059400 0.000000 0.060300 0.076400 0.029200 0.060200 0.060300 0.061000 0.061000
RoyalAntel 0.029700 0.264000 0.061200 0.335900 0.029700 0.029600 0.045200 0.044000 0.077200 0.014700 0.045600 0.075900 0.014600 0.029700 0.060800 0.029800 0.029800 0.061200 0.014700 0.061400 0.045200 0.045000 0.044800 0.014700 0.045000 0.094300 0.014600 0.045500 0.045100 0.061100 0.029800 0.045000 0.093100 0.029500 0.029700 0.092800 0.045000 0.029700 0.029700 0.029800 0.060900 0.045200 0.014600 0.029200 0.060300 0.000000 0.045100 0.029300 0.029700 0.029700 0.061100 0.061100
Steenbok 0.045100 0.241900 0.078000 0.339800 0.014700 0.045100 0.060900 0.059400 0.061300 0.029900 0.061600 0.092500 0.029800 0.045100 0.045100 0.014700 0.045300 0.077600 0.029800 0.045700 0.029800 0.029700 0.060600 0.030000 0.060800 0.077700 0.029800 0.061700 0.029700 0.045500 0.045400 0.060600 0.110200 0.044800 0.045200 0.093000 0.029700 0.014700 0.045200 0.045400 0.077000 0.029800 0.029900 0.044600 0.076400 0.045100 0.000000 0.044600 0.014700 0.045300 0.045500 0.045500
Impala 0.029300 0.260100 0.029600 0.341300 0.029300 0.029200 0.044600 0.043500 0.044900 0.014500 0.045000 0.044100 0.014400 0.029300 0.060000 0.029400 0.029400 0.060400 0.014400 0.029800 0.044700 0.044400 0.044200 0.014500 0.044400 0.093000 0.014400 0.014700 0.044500 0.029600 0.029400 0.044300 0.092000 0.029100 0.029300 0.059900 0.044400 0.029300 0.029400 0.029400 0.060000 0.044600 0.014400 0.028900 0.029200 0.029300 0.044600 0.000000 0.029300 0.029400 0.029600 0.029600
Klipspring 0.029700 0.220800 0.061400 0.314400 0.000000 0.029600 0.045100 0.043900 0.045300 0.014700 0.045500 0.075800 0.014700 0.029700 0.029600 0.028200 0.029700 0.061100 0.014700 0.030000 0.014600 0.014600 0.044800 0.014800 0.045000 0.094100 0.014700 0.045600 0.044800 0.029800 0.029800 0.044800 0.093000 0.029500 0.029700 0.076300 0.014600 0.000000 0.029600 0.029800 0.060700 0.045000 0.014700 0.029300 0.060200 0.029700 0.014700 0.029300 0.000000 0.029700 0.029800 0.029800
ForestMusk 0.029700 0.263100 0.061500 0.336500 0.029700 0.029700 0.045100 0.014400 0.077400 0.014800 0.045600 0.075900 0.014700 0.029700 0.060800 0.029900 0.029800 0.061400 0.014700 0.061600 0.045200 0.045000 0.044800 0.014800 0.045000 0.094400 0.014700 0.045700 0.045100 0.061300 0.029900 0.044900 0.093200 0.029500 0.029800 0.092700 0.045000 0.029700 0.029800 0.029800 0.060700 0.045300 0.014700 0.029300 0.060300 0.029700 0.045300 0.029400 0.029700 0.000000 0.061300 0.061300
Bushbuck 0.061100 0.265500 0.029700 0.364600 0.029800 0.061100 0.077400 0.075400 0.014200 0.045500 0.078200 0.076700 0.045300 0.061100 0.061000 0.061400 0.061200 0.094500 0.045400 0.000000 0.045500 0.045200 0.077000 0.045700 0.077300 0.129800 0.045300 0.014700 0.077500 0.000000 0.061500 0.077000 0.128100 0.060800 0.061200 0.077400 0.045200 0.029800 0.061300 0.061500 0.093800 0.077700 0.045400 0.060300 0.061000 0.061100 0.045500 0.029600 0.029800 0.061300 0.000000 0.000000
GreaterKud 0.061100 0.265500 0.029700 0.364600 0.029800 0.061100 0.077400 0.075400 0.014600 0.045500 0.078200 0.076700 0.045300 0.061100 0.061000 0.061400 0.061200 0.094500 0.045400 0.000000 0.045500 0.045200 0.077000 0.045700 0.077300 0.129800 0.045300 0.014700 0.077500 0.000000 0.061500 0.077000 0.128100 0.060800 0.061200 0.077400 0.045200 0.029800 0.061300 0.061500 0.093800 0.077700 0.045400 0.060300 0.061000 0.061100 0.045500 0.029600 0.029800 0.061300 0.000000 0.000000
