1
52 1
Argali 0.000000 0.334200 0.124600 0.288800 0.060400 0.009600 0.103500 0.080000 0.124300 0.155800 0.029000 0.150500 0.059700 0.146600 0.112700 0.090500 0.102600 0.102300 0.029100 0.145500 0.080000 0.029100 0.169700 0.162700 0.039100 0.089300 0.029400 0.161600 0.122000 0.146500 0.155800 0.136300 0.156600 0.019200 0.049400 0.164200 0.028700 0.060400 0.059500 0.130100 0.156900 0.099200 0.166400 0.162000 0.189500 0.050300 0.061400 0.082400 0.071500 0.071100 0.124300 0.158300
LesserMous 0.334200 0.000000 0.369800 0.345800 0.266200 0.321700 0.268400 0.287300 0.368300 0.287300 0.316500 0.331900 0.337300 0.306600 0.317700 0.349000 0.251600 0.250700 0.317300 0.379800 0.334000 0.288000 0.308200 0.319500 0.304200 0.373600 0.292500 0.366200 0.369700 0.400900 0.287300 0.265800 0.290900 0.304800 0.305200 0.321700 0.316500 0.266200 0.303900 0.293500 0.290800 0.386300 0.285700 0.318700 0.323600 0.268900 0.316800 0.314300 0.300400 0.282900 0.368300 0.386000
LesserKudu 0.124600 0.369800 0.000000 0.321400 0.126500 0.114100 0.150400 0.123900 0.029300 0.180500 0.112700 0.093100 0.148000 0.196100 0.158900 0.135000 0.171500 0.148100 0.135000 0.049000 0.123900 0.113000 0.159600 0.210800 0.102400 0.155500 0.114200 0.040300 0.168100 0.070000 0.180500 0.185500 0.181600 0.102700 0.135900 0.116200 0.112700 0.126500 0.123700 0.153500 0.158800 0.144000 0.191400 0.186500 0.140100 0.115800 0.116500 0.127300 0.139300 0.160900 0.029300 0.039400
KillerWhal 0.288800 0.345800 0.321400 0.000000 0.279100 0.277000 0.296500 0.301900 0.350100 0.302200 0.272900 0.328700 0.319500 0.350700 0.348900 0.330600 0.264900 0.264000 0.300800 0.331300 0.300800 0.273800 0.291700 0.276000 0.261200 0.354400 0.277100 0.375800 0.371800 0.397200 0.302200 0.339000 0.223200 0.262000 0.289100 0.319000 0.272900 0.279100 0.288300 0.278700 0.275400 0.366300 0.300800 0.275900 0.352000 0.281800 0.329600 0.326300 0.312800 0.264600 0.350100 0.365900
DefassaWat 0.060400 0.266200 0.126500 0.279100 0.000000 0.050300 0.061600 0.050000 0.103900 0.135700 0.049700 0.106500 0.060700 0.103700 0.103400 0.070700 0.061000 0.082000 0.049800 0.114000 0.060300 0.049800 0.126200 0.120800 0.060300 0.090700 0.029900 0.140700 0.102100 0.126100 0.135700 0.093600 0.136100 0.039900 0.040000 0.119500 0.049700 0.000000 0.039900 0.099800 0.114100 0.099900 0.135100 0.120300 0.143600 0.010000 0.041200 0.040900 0.030000 0.040500 0.103900 0.137800
Sheep 0.009600 0.321700 0.114100 0.277000 0.050300 0.000000 0.093200 0.070000 0.113900 0.145400 0.019400 0.139700 0.049800 0.136100 0.102400 0.080500 0.092300 0.113800 0.038700 0.135000 0.070000 0.019400 0.159100 0.152500 0.029200 0.100300 0.019600 0.150800 0.111800 0.136000 0.145400 0.125900 0.146200 0.009700 0.039500 0.153300 0.019200 0.050300 0.049600 0.120100 0.146400 0.110200 0.155900 0.151800 0.178400 0.040200 0.051200 0.072100 0.061300 0.082100 0.113900 0.147700
MaxwellsDu 0.103500 0.268400 0.150400 0.296500 0.061600 0.093200 0.000000 0.103400 0.127100 0.147700 0.070500 0.130400 0.104200 0.049400 0.137800 0.103100 0.104700 0.126700 0.092200 0.148700 0.103500 0.092200 0.150100 0.165900 0.081500 0.134900 0.071800 0.165700 0.135500 0.150000 0.147700 0.029800 0.160100 0.082000 0.093200 0.144100 0.070500 0.061600 0.082000 0.154900 0.137400 0.145000 0.158300 0.165200 0.169300 0.051300 0.084800 0.084200 0.073100 0.094300 0.127100 0.138300
GazellaPrz 0.080000 0.287300 0.123900 0.301900 0.050000 0.070000 0.103400 0.000000 0.101500 0.154900 0.069200 0.149600 0.080600 0.146400 0.111600 0.069000 0.102000 0.123500 0.069300 0.100500 0.059100 0.069400 0.168800 0.161900 0.079900 0.088500 0.049500 0.138200 0.099600 0.145500 0.154900 0.136200 0.178000 0.059500 0.049200 0.163200 0.069200 0.050000 0.059200 0.129300 0.156000 0.099000 0.142900 0.161200 0.188900 0.050200 0.060800 0.081600 0.071400 0.070600 0.101500 0.134300
MountainNy 0.124300 0.368300 0.029300 0.350100 0.103900 0.113900 0.127100 0.101500 0.000000 0.180100 0.112500 0.082200 0.125100 0.171700 0.158000 0.112200 0.147900 0.147700 0.112700 0.019200 0.101800 0.112800 0.147900 0.186900 0.124000 0.132300 0.092200 0.030100 0.144400 0.039200 0.180100 0.161200 0.204100 0.102500 0.113400 0.104900 0.112500 0.103900 0.102100 0.175600 0.158400 0.121700 0.191000 0.186000 0.128400 0.093500 0.093700 0.104200 0.116300 0.137500 0.000000 0.029200
MuntiacusM 0.155800 0.287300 0.180500 0.302200 0.135700 0.145400 0.147700 0.154900 0.180100 0.000000 0.143500 0.185300 0.156800 0.192100 0.190700 0.166600 0.112600 0.134500 0.143800 0.201800 0.155300 0.143900 0.049300 0.107300 0.133300 0.141600 0.123300 0.197300 0.200100 0.180400 0.000000 0.181900 0.144600 0.133600 0.144700 0.200200 0.143500 0.135700 0.133100 0.097200 0.038900 0.152000 0.009400 0.086500 0.227200 0.125100 0.137600 0.160000 0.148600 0.170100 0.180100 0.168900
goat 0.029000 0.316500 0.112700 0.272900 0.049700 0.019400 0.070500 0.069200 0.112500 0.143500 0.000000 0.137900 0.049200 0.111800 0.101200 0.079500 0.091200 0.112400 0.038300 0.133300 0.069200 0.019200 0.157100 0.150600 0.009500 0.099200 0.019400 0.148800 0.110500 0.134300 0.143500 0.102000 0.144300 0.009600 0.039100 0.151200 0.000000 0.049700 0.049000 0.118700 0.144600 0.108900 0.154000 0.150000 0.175800 0.039700 0.050500 0.071200 0.060100 0.081100 0.112500 0.123100
AfricanBuf 0.150500 0.331900 0.093100 0.328700 0.106500 0.139700 0.130400 0.149600 0.082200 0.185300 0.137900 0.000000 0.151600 0.176000 0.186600 0.161500 0.151600 0.151200 0.138100 0.102900 0.149800 0.138200 0.151500 0.214800 0.127300 0.182700 0.116900 0.095700 0.172100 0.103900 0.185300 0.165400 0.185700 0.127600 0.139000 0.041600 0.137900 0.106500 0.127100 0.179600 0.162300 0.193800 0.196400 0.190100 0.063000 0.095800 0.119500 0.107400 0.119200 0.140900 0.082200 0.093300
Topi 0.059700 0.337300 0.148000 0.319500 0.060700 0.049800 0.104200 0.080600 0.125100 0.156800 0.049200 0.151600 0.000000 0.124900 0.091300 0.091100 0.103200 0.125000 0.028900 0.146500 0.059600 0.049300 0.170900 0.163700 0.059600 0.089700 0.029300 0.162800 0.122800 0.136600 0.156800 0.114600 0.157400 0.039300 0.029500 0.165400 0.049200 0.060700 0.059900 0.152800 0.157900 0.099600 0.167400 0.163000 0.179200 0.050600 0.040600 0.082900 0.050000 0.093000 0.125100 0.159400
CommonDuik 0.146600 0.306600 0.196100 0.350700 0.103700 0.136100 0.049400 0.146400 0.171700 0.192100 0.111800 0.176000 0.124900 0.000000 0.146900 0.144900 0.148200 0.170900 0.112400 0.193900 0.123800 0.134700 0.195300 0.186900 0.123500 0.155500 0.113900 0.212600 0.178000 0.195500 0.192100 0.039800 0.181100 0.124400 0.113600 0.190700 0.112000 0.103700 0.124300 0.198700 0.181700 0.165600 0.203000 0.209100 0.217300 0.093200 0.128500 0.127500 0.116000 0.137700 0.171700 0.183100
Suni 0.112700 0.317700 0.158900 0.348900 0.103400 0.102400 0.137800 0.111600 0.158000 0.190700 0.101200 0.186600 0.091300 0.146900 0.000000 0.144500 0.158600 0.181400 0.101200 0.156600 0.111800 0.101400 0.205900 0.220700 0.112500 0.142400 0.102500 0.199000 0.177700 0.181400 0.190700 0.125400 0.167400 0.091300 0.080500 0.201200 0.101200 0.103400 0.112300 0.163000 0.192100 0.153700 0.177900 0.219600 0.228400 0.103800 0.093000 0.114500 0.104000 0.125200 0.158000 0.193400
Springbuck 0.090500 0.349000 0.135000 0.330600 0.070700 0.080500 0.103100 0.069000 0.112200 0.166600 0.079500 0.161500 0.091100 0.144900 0.144500 0.000000 0.113000 0.134600 0.079600 0.132900 0.049000 0.079700 0.180700 0.173200 0.090400 0.078100 0.059800 0.149800 0.028600 0.156900 0.166600 0.135900 0.189800 0.069700 0.080100 0.175800 0.079500 0.070700 0.069500 0.162300 0.167700 0.088600 0.177200 0.172400 0.202000 0.060600 0.071400 0.092400 0.082200 0.102800 0.111800 0.145600
Okapi 0.102600 0.251600 0.171500 0.264900 0.061000 0.092300 0.104700 0.102000 0.147900 0.112600 0.091200 0.151600 0.103200 0.148200 0.158600 0.113000 0.000000 0.039800 0.091300 0.169400 0.102100 0.091400 0.103100 0.098900 0.102400 0.133200 0.071100 0.187900 0.145300 0.170900 0.112600 0.138000 0.113100 0.081300 0.091600 0.165700 0.091200 0.061000 0.080900 0.088600 0.091600 0.143700 0.122900 0.098500 0.191100 0.050800 0.083600 0.083000 0.072400 0.071700 0.147900 0.183200
Giraffe 0.102300 0.250700 0.148100 0.264000 0.082000 0.113800 0.126700 0.123500 0.147700 0.134500 0.112400 0.151200 0.125000 0.170900 0.181400 0.134600 0.039800 0.000000 0.091100 0.169300 0.123600 0.112600 0.103200 0.120000 0.102200 0.132800 0.092200 0.163500 0.167500 0.170700 0.134500 0.160600 0.112800 0.102400 0.112800 0.165200 0.112400 0.082000 0.102000 0.088700 0.091600 0.121600 0.145000 0.098500 0.190500 0.071700 0.105300 0.104600 0.093800 0.071500 0.147700 0.159500
TibetanAnt 0.029100 0.317300 0.135000 0.300800 0.049800 0.038700 0.092200 0.069300 0.112700 0.143800 0.038300 0.138100 0.028900 0.112400 0.101200 0.079600 0.091300 0.091100 0.000000 0.133500 0.048900 0.038800 0.157300 0.150900 0.049400 0.058200 0.019300 0.149100 0.110600 0.134500 0.143800 0.102400 0.144300 0.029000 0.019400 0.151500 0.038700 0.049800 0.049100 0.140200 0.144800 0.067900 0.154200 0.150200 0.176200 0.039900 0.050600 0.071300 0.060700 0.060300 0.112700 0.146100
Sitatunga 0.145500 0.379800 0.049000 0.331300 0.114000 0.135000 0.148700 0.100500 0.019200 0.201800 0.133300 0.102900 0.146500 0.193900 0.156600 0.132900 0.169400 0.169300 0.133500 0.000000 0.122400 0.133700 0.169400 0.185000 0.145100 0.153200 0.113000 0.050200 0.165500 0.058900 0.201800 0.183200 0.201900 0.123400 0.112300 0.126000 0.133300 0.114000 0.101100 0.173800 0.179900 0.142500 0.188900 0.184100 0.149900 0.114400 0.114700 0.125200 0.137700 0.136000 0.019100 0.048800
Oribi 0.080000 0.334000 0.123900 0.300800 0.060300 0.070000 0.103500 0.059100 0.101800 0.155300 0.069200 0.149800 0.059600 0.123800 0.111800 0.049000 0.102100 0.123600 0.048900 0.122400 0.000000 0.069300 0.169100 0.162100 0.079900 0.048300 0.049500 0.138200 0.079200 0.146200 0.155300 0.113800 0.155700 0.059400 0.049200 0.163800 0.069200 0.060300 0.059200 0.151300 0.156400 0.058100 0.165800 0.161400 0.189500 0.050200 0.061100 0.082000 0.071500 0.080900 0.101800 0.135000
BarbaryShe 0.029100 0.288000 0.113000 0.273800 0.049800 0.019400 0.092200 0.069400 0.112800 0.143900 0.019200 0.138200 0.049300 0.134700 0.101400 0.079700 0.091400 0.112600 0.038800 0.133700 0.069300 0.000000 0.157400 0.151000 0.028800 0.099400 0.019400 0.149200 0.110700 0.134600 0.143900 0.124600 0.144700 0.009600 0.039200 0.151600 0.019000 0.049800 0.049100 0.118900 0.144900 0.109000 0.154300 0.150300 0.176300 0.039800 0.050700 0.071400 0.060700 0.081300 0.112800 0.146200
Daviddeer 0.169700 0.308200 0.159600 0.291700 0.126200 0.159100 0.150100 0.168800 0.147900 0.049300 0.157100 0.151500 0.170900 0.195300 0.205900 0.180700 0.103100 0.103200 0.157300 0.169400 0.169100 0.157400 0.000000 0.077800 0.146600 0.154900 0.136400 0.163900 0.215100 0.148100 0.049300 0.184900 0.135200 0.146900 0.158400 0.165500 0.157100 0.126200 0.146400 0.067800 0.009600 0.143300 0.059100 0.057500 0.191500 0.115600 0.151400 0.150400 0.139000 0.160600 0.147900 0.136800
Reindeer 0.162700 0.319500 0.210800 0.276000 0.120800 0.152500 0.165900 0.161900 0.186900 0.107300 0.150600 0.214800 0.163700 0.186900 0.220700 0.173200 0.098900 0.120000 0.150900 0.185000 0.162100 0.151000 0.077800 0.000000 0.162400 0.170500 0.130700 0.227900 0.206200 0.210500 0.107300 0.199900 0.150900 0.140900 0.151900 0.229900 0.150600 0.120800 0.118800 0.084400 0.067200 0.159200 0.117100 0.054600 0.257100 0.110600 0.144800 0.143800 0.133000 0.153800 0.186900 0.222700
Ibex 0.039100 0.304200 0.102400 0.261200 0.060300 0.029200 0.081500 0.079900 0.124000 0.133300 0.009500 0.127300 0.059600 0.123500 0.112500 0.090400 0.102400 0.102200 0.049400 0.145100 0.079900 0.028800 0.146600 0.162400 0.000000 0.110200 0.029200 0.138100 0.121800 0.146200 0.133300 0.113400 0.134000 0.019400 0.049400 0.140400 0.009500 0.060300 0.059400 0.108800 0.134200 0.119200 0.143700 0.139900 0.164800 0.050200 0.061300 0.082300 0.071400 0.092200 0.124000 0.112800
GyrantGaze 0.089300 0.373600 0.155500 0.354400 0.090700 0.100300 0.134900 0.088500 0.132300 0.141600 0.099200 0.182700 0.089700 0.155500 0.142400 0.078100 0.133200 0.132800 0.058200 0.153200 0.048300 0.099400 0.154900 0.170500 0.110200 0.000000 0.079500 0.170800 0.108800 0.154700 0.141600 0.145400 0.186800 0.089400 0.079000 0.197200 0.099200 0.090700 0.089100 0.159700 0.142600 0.009300 0.151900 0.169700 0.223800 0.080500 0.091500 0.112600 0.102400 0.101300 0.132300 0.143600
Hartebeest 0.029400 0.292500 0.114200 0.277100 0.029900 0.019600 0.071800 0.049500 0.092200 0.123300 0.019400 0.116900 0.029300 0.113900 0.102500 0.059800 0.071100 0.092200 0.019300 0.113000 0.049500 0.019400 0.136400 0.130700 0.029200 0.079500 0.000000 0.127800 0.090600 0.113900 0.123300 0.103800 0.146300 0.009700 0.019600 0.129900 0.019300 0.029700 0.029500 0.120200 0.124200 0.089700 0.133700 0.130200 0.154200 0.019800 0.030400 0.051000 0.040000 0.061000 0.092200 0.125300
Bongo 0.161600 0.366200 0.040300 0.375800 0.140700 0.150800 0.165700 0.138200 0.030100 0.197300 0.148800 0.095700 0.162800 0.212600 0.199000 0.149800 0.187900 0.163500 0.149100 0.050200 0.138200 0.149200 0.163900 0.227900 0.138100 0.170800 0.127800 0.000000 0.184000 0.071600 0.197300 0.201800 0.223200 0.138500 0.150700 0.119500 0.148800 0.140700 0.138600 0.191900 0.174700 0.158100 0.208500 0.202700 0.143600 0.129800 0.131100 0.142400 0.154200 0.177000 0.030100 0.040400
Gerenuk 0.122000 0.369700 0.168100 0.371800 0.102100 0.111800 0.135500 0.099600 0.144400 0.200100 0.110500 0.172100 0.122800 0.178000 0.177700 0.028600 0.145300 0.167500 0.110600 0.165500 0.079200 0.110700 0.215100 0.206200 0.121800 0.108800 0.090600 0.184000 0.000000 0.190500 0.200100 0.169100 0.224100 0.100600 0.111300 0.211200 0.110500 0.102100 0.100300 0.194900 0.201400 0.119400 0.210900 0.205200 0.238500 0.091800 0.103000 0.124500 0.114100 0.135000 0.144400 0.178800
CommonElan 0.146500 0.400900 0.070000 0.397200 0.126100 0.136000 0.150000 0.145500 0.039200 0.180400 0.134300 0.103900 0.136600 0.195500 0.181400 0.156900 0.170900 0.170700 0.134500 0.058900 0.146200 0.134600 0.148100 0.210500 0.146200 0.154700 0.113900 0.071600 0.190500 0.000000 0.180400 0.184900 0.228800 0.124300 0.135400 0.127600 0.134300 0.126100 0.124100 0.199000 0.158600 0.143500 0.191200 0.209500 0.139000 0.115500 0.115900 0.126700 0.138900 0.160800 0.038700 0.048300
MuntiacusR 0.155800 0.287300 0.180500 0.302200 0.135700 0.145400 0.147700 0.154900 0.180100 0.000000 0.143500 0.185300 0.156800 0.192100 0.190700 0.166600 0.112600 0.134500 0.143800 0.201800 0.155300 0.143900 0.049300 0.107300 0.133300 0.141600 0.123300 0.197300 0.200100 0.180400 0.000000 0.181900 0.144600 0.133600 0.144700 0.200200 0.143500 0.135700 0.133100 0.097200 0.038900 0.152000 0.009400 0.086500 0.227200 0.125100 0.137600 0.160000 0.148600 0.170100 0.180100 0.168900
HarveysDui 0.136300 0.265800 0.185500 0.339000 0.093600 0.125900 0.029800 0.136200 0.161200 0.181900 0.102000 0.165400 0.114600 0.039800 0.125400 0.135900 0.138000 0.160600 0.102400 0.183200 0.113800 0.124600 0.184900 0.199900 0.113400 0.145400 0.103800 0.201800 0.169100 0.184900 0.181900 0.000000 0.170800 0.114200 0.103500 0.180100 0.102000 0.093600 0.114300 0.188600 0.171500 0.155400 0.192800 0.199000 0.206500 0.084200 0.118100 0.117300 0.105700 0.127400 0.161200 0.172600
Pronghorn 0.156600 0.290900 0.181600 0.223200 0.136100 0.146200 0.160100 0.178000 0.204100 0.144600 0.144300 0.185700 0.157400 0.181100 0.167400 0.189800 0.113100 0.112800 0.144300 0.201900 0.155700 0.144700 0.135200 0.150900 0.134000 0.186800 0.146300 0.223200 0.224100 0.228800 0.144600 0.170800 0.000000 0.134300 0.145300 0.200600 0.144300 0.136100 0.133600 0.140500 0.123200 0.198400 0.155000 0.128800 0.227700 0.125500 0.160800 0.159600 0.149000 0.147700 0.204100 0.216700
BlueWildeb 0.019200 0.304800 0.102700 0.262000 0.039900 0.009700 0.082000 0.059500 0.102500 0.133600 0.009600 0.127600 0.039300 0.124400 0.091300 0.069700 0.081300 0.102400 0.029000 0.123400 0.059400 0.009600 0.146900 0.140900 0.019400 0.089400 0.009700 0.138500 0.100600 0.124300 0.133600 0.114200 0.134300 0.000000 0.029400 0.140700 0.009600 0.039300 0.039300 0.109000 0.134500 0.099300 0.144000 0.140300 0.165200 0.029900 0.040500 0.061200 0.050600 0.071100 0.102500 0.135800
Gemsbok 0.049400 0.305200 0.135900 0.289100 0.040000 0.039500 0.093200 0.049200 0.113400 0.144700 0.039100 0.139000 0.029500 0.113600 0.080500 0.080100 0.091600 0.112800 0.019400 0.112300 0.049200 0.039200 0.158400 0.151900 0.049400 0.079000 0.019600 0.150700 0.111300 0.135400 0.144700 0.103500 0.145300 0.029400 0.000000 0.152500 0.039100 0.040000 0.049400 0.119500 0.145800 0.089100 0.132800 0.151200 0.177300 0.040200 0.050900 0.071800 0.061300 0.060600 0.113400 0.147100
Yak 0.164200 0.321700 0.116200 0.319000 0.119500 0.153300 0.144100 0.163200 0.104900 0.200200 0.151200 0.041600 0.165400 0.190700 0.201200 0.175800 0.165700 0.165200 0.151500 0.126000 0.163800 0.151600 0.165500 0.229900 0.140400 0.197200 0.129900 0.119500 0.211200 0.127600 0.200200 0.180100 0.200600 0.140700 0.152500 0.000000 0.151200 0.119500 0.140200 0.193800 0.176600 0.208400 0.211500 0.204500 0.020800 0.108500 0.132900 0.120500 0.132700 0.154800 0.104900 0.116500
BlueSheep 0.028700 0.316500 0.112700 0.272900 0.049700 0.019200 0.070500 0.069200 0.112500 0.143500 0.000000 0.137900 0.049200 0.112000 0.101200 0.079500 0.091200 0.112400 0.038700 0.133300 0.069200 0.019000 0.157100 0.150600 0.009500 0.099200 0.019300 0.148800 0.110500 0.134300 0.143500 0.102000 0.144300 0.009600 0.039100 0.151200 0.000000 0.049700 0.049000 0.118700 0.144600 0.108900 0.154000 0.150000 0.175800 0.039700 0.050500 0.071200 0.060400 0.081100 0.112500 0.123100
BohorReedb 0.060400 0.266200 0.126500 0.279100 0.000000 0.050300 0.061600 0.050000 0.103900 0.135700 0.049700 0.106500 0.060700 0.103700 0.103400 0.070700 0.061000 0.082000 0.049800 0.114000 0.060300 0.049800 0.126200 0.120800 0.060300 0.090700 0.029700 0.140700 0.102100 0.126100 0.135700 0.093600 0.136100 0.039300 0.040000 0.119500 0.049700 0.000000 0.039900 0.099800 0.114100 0.101100 0.135100 0.120300 0.143600 0.009900 0.041200 0.040900 0.030400 0.040500 0.103900 0.137800
KirksDik 0.059500 0.303900 0.123700 0.288300 0.039900 0.049600 0.082000 0.059200 0.102100 0.133100 0.049000 0.127100 0.059900 0.124300 0.112300 0.069500 0.080900 0.102000 0.049100 0.101100 0.059200 0.049100 0.146400 0.118800 0.059400 0.089100 0.029500 0.138600 0.100300 0.124100 0.133100 0.114300 0.133600 0.039300 0.049400 0.140200 0.049000 0.039900 0.000000 0.129800 0.134000 0.099300 0.143400 0.118300 0.165100 0.029900 0.040400 0.060900 0.050600 0.070800 0.102100 0.135200
RoeDeer 0.130100 0.293500 0.153500 0.278700 0.099800 0.120100 0.154900 0.129300 0.175600 0.097200 0.118700 0.179600 0.152800 0.198700 0.163000 0.162300 0.088600 0.088700 0.140200 0.173800 0.151300 0.118900 0.067800 0.084400 0.108800 0.159700 0.120200 0.191900 0.194900 0.199000 0.097200 0.188600 0.140500 0.109000 0.119500 0.193800 0.118700 0.099800 0.129800 0.000000 0.057400 0.148600 0.086500 0.064700 0.219800 0.100200 0.133900 0.133000 0.122300 0.121000 0.175600 0.187500
WhiteLippe 0.156900 0.290800 0.158800 0.275400 0.114100 0.146400 0.137400 0.156000 0.158400 0.038900 0.144600 0.162300 0.157900 0.181700 0.192100 0.167700 0.091600 0.091600 0.144800 0.179900 0.156400 0.144900 0.009600 0.067200 0.134200 0.142600 0.124200 0.174700 0.201400 0.158600 0.038900 0.171500 0.123200 0.134500 0.145800 0.176600 0.144600 0.114100 0.134000 0.057400 0.000000 0.131300 0.048700 0.047400 0.202800 0.103600 0.138600 0.137700 0.126500 0.147800 0.158400 0.147300
ThomsonGaz 0.099200 0.386300 0.144000 0.366300 0.099900 0.110200 0.145000 0.099000 0.121700 0.152000 0.108900 0.193800 0.099600 0.165600 0.153700 0.088600 0.143700 0.121600 0.067900 0.142500 0.058100 0.109000 0.143300 0.159200 0.119200 0.009300 0.089700 0.158100 0.119400 0.143500 0.152000 0.155400 0.198400 0.099300 0.089100 0.208400 0.108900 0.101100 0.099300 0.148600 0.131300 0.000000 0.162300 0.158500 0.234600 0.090400 0.102300 0.123500 0.112400 0.111700 0.121700 0.132800
MuntiacusC 0.166400 0.285700 0.191400 0.300800 0.135100 0.155900 0.158300 0.142900 0.191000 0.009400 0.154000 0.196400 0.167400 0.203000 0.177900 0.177200 0.122900 0.145000 0.154200 0.188900 0.165800 0.154300 0.059100 0.117100 0.143700 0.151900 0.133700 0.208500 0.210900 0.191200 0.009400 0.192800 0.155000 0.144000 0.132800 0.211500 0.154000 0.135100 0.143400 0.086500 0.048700 0.162300 0.000000 0.096200 0.238700 0.135700 0.148300 0.170700 0.159400 0.157400 0.191000 0.179700
WhiteTaile 0.162000 0.318700 0.186500 0.275900 0.120300 0.151800 0.165200 0.161200 0.186000 0.086500 0.150000 0.190100 0.163000 0.209100 0.219600 0.172400 0.098500 0.098500 0.150200 0.184100 0.161400 0.150300 0.057500 0.054600 0.139900 0.169700 0.130200 0.202700 0.205200 0.209500 0.086500 0.199000 0.128800 0.140300 0.151200 0.204500 0.150000 0.120300 0.118300 0.064700 0.047400 0.158500 0.096200 0.000000 0.230600 0.110200 0.144200 0.143200 0.132500 0.153200 0.186000 0.198000
Cattle 0.189500 0.323600 0.140100 0.352000 0.143600 0.178400 0.169300 0.188900 0.128400 0.227200 0.175800 0.063000 0.179200 0.217300 0.228400 0.202000 0.191100 0.190500 0.176200 0.149900 0.189500 0.176300 0.191500 0.257100 0.164800 0.223800 0.154200 0.143600 0.238500 0.139000 0.227200 0.206500 0.227700 0.165200 0.177300 0.020800 0.175800 0.143600 0.165100 0.219800 0.202800 0.234600 0.238700 0.230600 0.000000 0.132400 0.158300 0.145400 0.157600 0.180700 0.128400 0.140400
RoyalAntel 0.050300 0.268900 0.115800 0.281800 0.010000 0.040200 0.051300 0.050200 0.093500 0.125100 0.039700 0.095800 0.050600 0.093200 0.103800 0.060600 0.050800 0.071700 0.039900 0.114400 0.050200 0.039800 0.115600 0.110600 0.050200 0.080500 0.019800 0.129800 0.091800 0.115500 0.125100 0.084200 0.125500 0.029900 0.040200 0.108500 0.039700 0.009900 0.029900 0.100200 0.103600 0.090400 0.135700 0.110200 0.132400 0.000000 0.030900 0.030700 0.020100 0.040700 0.093500 0.127100
Steenbok 0.061400 0.316800 0.116500 0.329600 0.041200 0.051200 0.084800 0.060800 0.093700 0.137600 0.050500 0.119500 0.040600 0.128500 0.093000 0.071400 0.083600 0.105300 0.050600 0.114700 0.061100 0.050700 0.151400 0.144800 0.061300 0.091500 0.030400 0.131100 0.103000 0.115900 0.137600 0.118100 0.160800 0.040500 0.050900 0.132900 0.050500 0.041200 0.040400 0.133900 0.138600 0.102300 0.148300 0.144200 0.158300 0.030900 0.000000 0.051800 0.030900 0.073200 0.093700 0.126800
Impala 0.082400 0.314300 0.127300 0.326300 0.040900 0.072100 0.084200 0.081600 0.104200 0.160000 0.071200 0.107400 0.082900 0.127500 0.114500 0.092400 0.083000 0.104600 0.071300 0.125200 0.082000 0.071400 0.150400 0.143800 0.082300 0.112600 0.051000 0.142400 0.124500 0.126700 0.160000 0.117300 0.159600 0.061200 0.071800 0.120500 0.071200 0.040900 0.060900 0.133000 0.137700 0.123500 0.170700 0.143200 0.145400 0.030700 0.051800 0.000000 0.051900 0.072700 0.104200 0.138200
Klipspring 0.071500 0.300400 0.139300 0.312800 0.030000 0.061300 0.073100 0.071400 0.116300 0.148600 0.060100 0.119200 0.050000 0.116000 0.104000 0.082200 0.072400 0.093800 0.060700 0.137700 0.071500 0.060700 0.139000 0.133000 0.071400 0.102400 0.040000 0.154200 0.114100 0.138900 0.148600 0.105700 0.149000 0.050600 0.061300 0.132700 0.060400 0.030400 0.050600 0.122300 0.126500 0.112400 0.159400 0.132500 0.157600 0.020100 0.030900 0.051900 0.000000 0.062000 0.116300 0.151000
ForestMusk 0.071100 0.282900 0.160900 0.264600 0.040500 0.082100 0.094300 0.070600 0.137500 0.170100 0.081100 0.140900 0.093000 0.137700 0.125200 0.102800 0.071700 0.071500 0.060300 0.136000 0.080900 0.081300 0.160600 0.153800 0.092200 0.101300 0.061000 0.177000 0.135000 0.160800 0.170100 0.127400 0.147700 0.071100 0.060600 0.154800 0.081100 0.040500 0.070800 0.121000 0.147800 0.111700 0.157400 0.153200 0.180700 0.040700 0.073200 0.072700 0.062000 0.000000 0.137500 0.172700
Bushbuck 0.124300 0.368300 0.029300 0.350100 0.103900 0.113900 0.127100 0.101500 0.000000 0.180100 0.112500 0.082200 0.125100 0.171700 0.158000 0.111800 0.147900 0.147700 0.112700 0.019100 0.101800 0.112800 0.147900 0.186900 0.124000 0.132300 0.092200 0.030100 0.144400 0.038700 0.180100 0.161200 0.204100 0.102500 0.113400 0.104900 0.112500 0.103900 0.102100 0.175600 0.158400 0.121700 0.191000 0.186000 0.128400 0.093500 0.093700 0.104200 0.116300 0.137500 0.000000 0.028800
GreaterKud 0.158300 0.386000 0.039400 0.365900 0.137800 0.147700 0.138300 0.134300 0.029200 0.168900 0.123100 0.093300 0.159400 0.183100 0.193400 0.145600 0.183200 0.159500 0.146100 0.048800 0.135000 0.146200 0.136800 0.222700 0.112800 0.143600 0.125300 0.040400 0.178800 0.048300 0.168900 0.172600 0.216700 0.135800 0.147100 0.116500 0.123100 0.137800 0.135200 0.187500 0.147300 0.132800 0.179700 0.198000 0.140400 0.127100 0.126800 0.138200 0.151000 0.172700 0.028800 0.000000
