1
52 1
Argali 0.000000 0.236800 0.072500 0.194600 0.039000 0.006200 0.039000 0.072700 0.065500 0.114200 0.012800 0.058800 0.045400 0.039000 0.065900 0.065700 0.113800 0.093000 0.032300 0.058800 0.066100 0.012800 0.107100 0.086400 0.000000 0.158300 0.045500 0.058900 0.059000 0.065700 0.128800 0.045600 0.135800 0.045400 0.059400 0.065600 0.006400 0.038900 0.086600 0.144300 0.106200 0.058900 0.114200 0.072500 0.065500 0.073600 0.065900 0.079700 0.045700 0.086000 0.058800 0.058900
LesserMous 0.236800 0.000000 0.227600 0.260100 0.220600 0.228600 0.220800 0.246300 0.219900 0.214000 0.220500 0.228000 0.227400 0.220600 0.237400 0.204500 0.228000 0.213000 0.261600 0.228000 0.238700 0.237300 0.213200 0.213500 0.236800 0.214200 0.227400 0.228100 0.212800 0.236000 0.215100 0.212500 0.180800 0.235400 0.245900 0.236200 0.244600 0.220500 0.229700 0.279500 0.219200 0.212700 0.214000 0.212900 0.235900 0.239800 0.229300 0.253700 0.229300 0.212100 0.228000 0.228100
LesserKudu 0.072500 0.227600 0.000000 0.172100 0.032100 0.079300 0.045600 0.052000 0.019100 0.106200 0.086200 0.012700 0.052100 0.045600 0.058700 0.045200 0.092100 0.085400 0.079700 0.012700 0.045500 0.086300 0.113300 0.078900 0.072500 0.135100 0.052100 0.012700 0.038600 0.018700 0.120600 0.052300 0.127500 0.058800 0.066200 0.019100 0.079300 0.032100 0.065500 0.135800 0.112300 0.038600 0.106200 0.065100 0.019100 0.080500 0.045300 0.072200 0.052300 0.065000 0.012400 0.012700
KillerWhal 0.194600 0.260100 0.172100 0.000000 0.147300 0.202500 0.163900 0.170200 0.149300 0.186100 0.210000 0.156900 0.155400 0.163800 0.163100 0.146700 0.156500 0.149600 0.172200 0.156900 0.163000 0.194900 0.178300 0.157100 0.194600 0.222100 0.155500 0.156800 0.139500 0.156900 0.202100 0.156400 0.186500 0.163100 0.156600 0.164200 0.202300 0.147700 0.185500 0.238500 0.191800 0.139700 0.186100 0.141700 0.164100 0.174700 0.162900 0.194100 0.164100 0.141600 0.156900 0.156900
DefassaWat 0.039000 0.220600 0.032100 0.147300 0.000000 0.045600 0.012800 0.032200 0.025600 0.085600 0.052200 0.019100 0.019200 0.012800 0.025700 0.025600 0.071700 0.065200 0.045800 0.019100 0.025800 0.052300 0.078700 0.058700 0.039000 0.113800 0.019200 0.019100 0.019200 0.025600 0.099700 0.019300 0.106400 0.025700 0.032600 0.025600 0.045600 0.000000 0.045500 0.128800 0.078100 0.019200 0.085600 0.045200 0.025500 0.046200 0.025700 0.038800 0.019300 0.045100 0.019100 0.019100
Sheep 0.006200 0.228600 0.079300 0.202500 0.045600 0.000000 0.045700 0.079600 0.072300 0.121200 0.019200 0.065600 0.052100 0.045600 0.072800 0.072500 0.120800 0.100000 0.038900 0.065600 0.072900 0.018900 0.114100 0.093300 0.006400 0.165500 0.052100 0.065600 0.065700 0.072500 0.135900 0.052300 0.142900 0.052100 0.066200 0.072400 0.012800 0.045600 0.093600 0.151500 0.113100 0.065700 0.121200 0.079200 0.072300 0.080600 0.072700 0.086600 0.052400 0.092800 0.065600 0.065600
MaxwellsDu 0.039000 0.220800 0.045600 0.163900 0.012800 0.045700 0.000000 0.045800 0.038900 0.100300 0.052300 0.032300 0.019300 0.012500 0.039100 0.039000 0.086000 0.079300 0.045800 0.032300 0.039200 0.052400 0.093200 0.072800 0.039000 0.107700 0.019300 0.032300 0.032400 0.039000 0.114700 0.019100 0.121500 0.025800 0.032600 0.038900 0.045600 0.012800 0.059300 0.144500 0.092400 0.032400 0.100300 0.059000 0.038900 0.046300 0.039100 0.052500 0.019400 0.045500 0.032300 0.032400
GazellaPrz 0.072700 0.246300 0.052000 0.170200 0.032200 0.079600 0.045800 0.000000 0.045200 0.106900 0.086500 0.038700 0.052200 0.045700 0.058900 0.031900 0.092500 0.085800 0.079800 0.038700 0.032000 0.086700 0.113800 0.079200 0.072700 0.120500 0.052300 0.038700 0.025500 0.045300 0.121400 0.052400 0.128100 0.058900 0.066400 0.045300 0.079600 0.032200 0.051800 0.151400 0.112900 0.025400 0.106900 0.065500 0.045200 0.080700 0.032000 0.072500 0.052500 0.065300 0.038700 0.038700
MountainNy 0.065500 0.219900 0.019100 0.149300 0.025600 0.072300 0.038900 0.045200 0.000000 0.085400 0.079100 0.006300 0.045300 0.038900 0.051900 0.038500 0.071500 0.064900 0.072600 0.006300 0.038800 0.079300 0.092200 0.058500 0.065500 0.113500 0.045300 0.006300 0.032000 0.012700 0.099400 0.045500 0.106100 0.051900 0.059200 0.012700 0.072300 0.025500 0.058600 0.114100 0.091400 0.032000 0.085400 0.045100 0.012700 0.073300 0.038600 0.065300 0.045600 0.045000 0.006300 0.006300
MuntiacusM 0.114200 0.214000 0.106200 0.186100 0.085600 0.121200 0.100300 0.106900 0.085400 0.000000 0.128400 0.092300 0.106600 0.100200 0.106500 0.099200 0.110300 0.078700 0.135800 0.092300 0.100100 0.128800 0.086200 0.051900 0.114200 0.166100 0.106600 0.092300 0.092500 0.099200 0.012600 0.093100 0.128000 0.113600 0.121800 0.099300 0.121200 0.085600 0.121100 0.107500 0.045000 0.092500 0.000000 0.038600 0.099100 0.122800 0.099700 0.113600 0.100400 0.078800 0.092300 0.092300
goat 0.012800 0.220500 0.086200 0.210000 0.052200 0.019200 0.052300 0.086500 0.079100 0.128400 0.000000 0.072300 0.058700 0.052300 0.065900 0.065700 0.127900 0.106900 0.045600 0.072300 0.079800 0.025700 0.121200 0.086400 0.012800 0.173100 0.058800 0.072400 0.072500 0.079200 0.128700 0.059000 0.135700 0.058700 0.073000 0.079200 0.019200 0.052200 0.100500 0.159000 0.120100 0.072400 0.128400 0.086100 0.079100 0.087500 0.079500 0.093500 0.059100 0.099800 0.072300 0.072400
AfricanBuf 0.058800 0.228000 0.012700 0.156900 0.019100 0.065600 0.032300 0.038700 0.006300 0.092300 0.072300 0.000000 0.038700 0.032300 0.045300 0.032000 0.078300 0.071700 0.065900 0.000000 0.032200 0.072500 0.099200 0.065300 0.058800 0.120700 0.038800 0.000000 0.025600 0.006200 0.106400 0.038900 0.113200 0.045400 0.052500 0.006300 0.065600 0.019100 0.052000 0.121300 0.098300 0.025600 0.092300 0.051700 0.006300 0.066500 0.032100 0.058700 0.039000 0.051600 0.000000 0.000000
Topi 0.045400 0.227400 0.052100 0.155400 0.019200 0.052100 0.019300 0.052200 0.045300 0.106600 0.058700 0.038700 0.000000 0.019300 0.032300 0.045400 0.092400 0.085700 0.039000 0.038700 0.045700 0.058900 0.099600 0.079200 0.045400 0.135500 0.012700 0.038700 0.038800 0.045400 0.121000 0.025800 0.128000 0.019100 0.019300 0.045300 0.052100 0.019200 0.065700 0.151000 0.098800 0.038800 0.106600 0.065400 0.045300 0.052800 0.045500 0.059000 0.025800 0.051800 0.038700 0.038800
CommonDuik 0.039000 0.220600 0.045600 0.163800 0.012800 0.045600 0.012500 0.045700 0.038900 0.100200 0.052300 0.032300 0.019300 0.000000 0.039100 0.039000 0.086000 0.079300 0.045800 0.032300 0.039200 0.052400 0.093100 0.072700 0.039000 0.121800 0.019300 0.032300 0.032400 0.038900 0.114500 0.006200 0.121400 0.025800 0.032600 0.038900 0.045600 0.012800 0.059300 0.144400 0.092400 0.032400 0.100200 0.058900 0.038900 0.046300 0.039000 0.052500 0.019400 0.058800 0.032300 0.032300
Suni 0.065900 0.237400 0.058700 0.163100 0.025700 0.072800 0.039100 0.058900 0.051900 0.106500 0.065900 0.045300 0.032300 0.039100 0.000000 0.038800 0.099300 0.092600 0.059300 0.045300 0.052300 0.079700 0.106600 0.072400 0.065900 0.142800 0.032300 0.045300 0.045400 0.052000 0.120900 0.045800 0.120800 0.038900 0.046000 0.052000 0.072700 0.025600 0.072500 0.158300 0.105700 0.045400 0.106500 0.072100 0.051900 0.073600 0.052100 0.065700 0.045800 0.058400 0.045300 0.045400
Springbuck 0.065700 0.204500 0.045200 0.146700 0.025600 0.072500 0.039000 0.031900 0.038500 0.099200 0.065700 0.032000 0.045400 0.039000 0.038800 0.000000 0.085200 0.078600 0.072800 0.032000 0.025500 0.079500 0.106100 0.058600 0.065700 0.098800 0.045400 0.032000 0.006300 0.038600 0.113500 0.045600 0.092300 0.052100 0.059300 0.038600 0.072500 0.025600 0.045000 0.143000 0.105200 0.006300 0.099200 0.058400 0.038500 0.073500 0.025500 0.065500 0.045700 0.058300 0.032000 0.032100
Okapi 0.113800 0.228000 0.092100 0.156500 0.071700 0.120800 0.086000 0.092500 0.071500 0.110300 0.127900 0.078300 0.092400 0.086000 0.099300 0.085200 0.000000 0.031800 0.121200 0.078300 0.072100 0.128300 0.116900 0.078800 0.113800 0.162700 0.092500 0.078300 0.078500 0.085200 0.124900 0.079100 0.092200 0.099400 0.107400 0.085100 0.120800 0.071700 0.097900 0.150500 0.116100 0.078400 0.110300 0.065100 0.085000 0.093800 0.085500 0.113300 0.086100 0.078300 0.078300 0.078400
Giraffe 0.093000 0.213000 0.085400 0.149600 0.065200 0.100000 0.079300 0.085800 0.064900 0.078700 0.106900 0.071700 0.085700 0.079300 0.092600 0.078600 0.031800 0.000000 0.114400 0.071700 0.065500 0.107200 0.092500 0.058600 0.093000 0.157300 0.085800 0.071700 0.071900 0.078500 0.092700 0.072400 0.071900 0.092600 0.100600 0.078500 0.099900 0.065100 0.099700 0.126500 0.084800 0.071800 0.078700 0.045200 0.078400 0.087000 0.078800 0.106600 0.079400 0.071700 0.071700 0.071800
TibetanAnt 0.032300 0.261600 0.079700 0.172200 0.045800 0.038900 0.045800 0.079800 0.072600 0.135800 0.045600 0.065900 0.039000 0.045800 0.059300 0.072800 0.121200 0.114400 0.000000 0.065900 0.073200 0.045400 0.128600 0.107700 0.032300 0.165700 0.039000 0.065900 0.065900 0.072800 0.150600 0.052600 0.158000 0.039000 0.052800 0.072600 0.039000 0.045700 0.093900 0.181800 0.127500 0.065900 0.135800 0.093300 0.072500 0.081000 0.072900 0.087000 0.052600 0.079200 0.065900 0.065900
Sitatunga 0.058800 0.228000 0.012700 0.156900 0.019100 0.065600 0.032300 0.038700 0.006300 0.092300 0.072300 0.000000 0.038700 0.032300 0.045300 0.032000 0.078300 0.071700 0.065900 0.000000 0.032200 0.072500 0.099200 0.065300 0.058800 0.120700 0.038800 0.000000 0.025600 0.006200 0.106400 0.038900 0.113200 0.045400 0.052500 0.006300 0.065600 0.019100 0.052000 0.121300 0.098300 0.025600 0.092300 0.051700 0.006300 0.066500 0.032100 0.058700 0.039000 0.051600 0.000000 0.000000
Oribi 0.066100 0.238700 0.045500 0.163000 0.025800 0.072900 0.039200 0.032000 0.038800 0.100100 0.079800 0.032200 0.045700 0.039200 0.052300 0.025500 0.072100 0.065500 0.073200 0.032200 0.000000 0.080000 0.107000 0.072600 0.066100 0.113700 0.045700 0.032200 0.019100 0.038800 0.114400 0.045900 0.107100 0.052400 0.059700 0.038800 0.072900 0.025800 0.045300 0.144300 0.106100 0.018600 0.100100 0.058800 0.038800 0.073900 0.025600 0.065900 0.045900 0.058700 0.032200 0.032300
BarbaryShe 0.012800 0.237300 0.086300 0.194900 0.052300 0.018900 0.052400 0.086700 0.079300 0.128800 0.025700 0.072500 0.058900 0.052400 0.079700 0.079500 0.128300 0.107200 0.045400 0.072500 0.080000 0.000000 0.121600 0.100600 0.012400 0.173800 0.058900 0.072500 0.072600 0.079400 0.143700 0.059100 0.150600 0.058800 0.073200 0.079400 0.019300 0.052300 0.100800 0.151800 0.120500 0.072600 0.128800 0.086400 0.079300 0.087700 0.079700 0.093700 0.059200 0.100000 0.072500 0.072500
Daviddeer 0.107100 0.213200 0.113300 0.178300 0.078700 0.114100 0.093200 0.113800 0.092200 0.086200 0.121200 0.099200 0.099600 0.093100 0.106600 0.106100 0.116900 0.092500 0.128600 0.099200 0.107000 0.121600 0.000000 0.086000 0.107100 0.128400 0.099600 0.099200 0.099400 0.106200 0.100500 0.086200 0.135200 0.106600 0.114700 0.106300 0.114100 0.078700 0.128100 0.158800 0.051500 0.099300 0.086200 0.072200 0.106100 0.115600 0.106600 0.106600 0.093400 0.099400 0.099200 0.099300
Reindeer 0.086400 0.213500 0.078900 0.157100 0.058700 0.093300 0.072800 0.079200 0.058500 0.051900 0.086400 0.065300 0.079200 0.072700 0.072400 0.058600 0.078800 0.058600 0.107700 0.065300 0.072600 0.100600 0.086000 0.000000 0.086400 0.150700 0.079200 0.065300 0.065400 0.072000 0.065500 0.065900 0.085900 0.086000 0.093900 0.072000 0.093300 0.058700 0.093100 0.093500 0.071500 0.065400 0.051900 0.012700 0.071900 0.094600 0.072300 0.100000 0.072900 0.065300 0.065300 0.065300
Ibex 0.000000 0.236800 0.072500 0.194600 0.039000 0.006400 0.039000 0.072700 0.065500 0.114200 0.012800 0.058800 0.045400 0.039000 0.065900 0.065700 0.113800 0.093000 0.032300 0.058800 0.066100 0.012400 0.107100 0.086400 0.000000 0.158300 0.045500 0.058900 0.059000 0.065700 0.128800 0.045600 0.135800 0.045400 0.059400 0.065600 0.006400 0.038900 0.086600 0.144300 0.106200 0.058900 0.114200 0.072500 0.065500 0.073600 0.065900 0.079700 0.045700 0.086000 0.058800 0.058900
GyrantGaze 0.158300 0.214200 0.135100 0.222100 0.113800 0.165500 0.107700 0.120500 0.113500 0.166100 0.173100 0.120700 0.135500 0.121800 0.142800 0.098800 0.162700 0.157300 0.165700 0.120700 0.113700 0.173800 0.128400 0.150700 0.158300 0.000000 0.135500 0.120700 0.092100 0.127800 0.182000 0.128900 0.172900 0.142700 0.151400 0.127900 0.165500 0.113800 0.120300 0.214000 0.156800 0.092000 0.166100 0.135900 0.127700 0.167700 0.113200 0.157500 0.136800 0.120700 0.120700 0.120800
Hartebeest 0.045500 0.227400 0.052100 0.155500 0.019200 0.052100 0.019300 0.052300 0.045300 0.106600 0.058800 0.038800 0.012700 0.019300 0.032300 0.045400 0.092500 0.085800 0.039000 0.038800 0.045700 0.058900 0.099600 0.079200 0.045500 0.135500 0.000000 0.038800 0.038800 0.045400 0.121000 0.025800 0.128000 0.019100 0.025900 0.045400 0.052100 0.019200 0.065800 0.151000 0.098800 0.038800 0.106600 0.065400 0.045300 0.052900 0.045500 0.059000 0.025800 0.051800 0.038800 0.038800
Bongo 0.058900 0.228100 0.012700 0.156800 0.019100 0.065600 0.032300 0.038700 0.006300 0.092300 0.072400 0.000000 0.038700 0.032300 0.045300 0.032000 0.078300 0.071700 0.065900 0.000000 0.032200 0.072500 0.099200 0.065300 0.058900 0.120700 0.038800 0.000000 0.025600 0.006300 0.106400 0.038900 0.113200 0.045400 0.052500 0.006300 0.065600 0.019100 0.052000 0.121300 0.098300 0.025600 0.092300 0.051700 0.006300 0.066500 0.032100 0.058700 0.039000 0.051600 0.000000 0.000000
Gerenuk 0.059000 0.212800 0.038600 0.139500 0.019200 0.065700 0.032400 0.025500 0.032000 0.092500 0.072500 0.025600 0.038800 0.032400 0.045400 0.006300 0.078500 0.071900 0.065900 0.025600 0.019100 0.072600 0.099400 0.065400 0.059000 0.092100 0.038800 0.025600 0.000000 0.032100 0.106700 0.039000 0.099400 0.045400 0.052600 0.032100 0.065700 0.019200 0.038500 0.136000 0.098500 0.000000 0.092500 0.051800 0.032000 0.066600 0.019000 0.058800 0.039000 0.051700 0.025600 0.025600
CommonElan 0.065700 0.236000 0.018700 0.156900 0.025600 0.072500 0.039000 0.045300 0.012700 0.099200 0.079200 0.006200 0.045400 0.038900 0.052000 0.038600 0.085200 0.078500 0.072800 0.006200 0.038800 0.079400 0.106200 0.072000 0.065700 0.127800 0.045400 0.006300 0.032100 0.000000 0.113400 0.045600 0.120300 0.052100 0.059300 0.012700 0.072500 0.025600 0.058700 0.128500 0.105200 0.032100 0.099200 0.058400 0.012700 0.073500 0.038700 0.065400 0.045600 0.058300 0.006300 0.006300
MuntiacusR 0.128800 0.215100 0.120600 0.202100 0.099700 0.135900 0.114700 0.121400 0.099400 0.012600 0.128700 0.106400 0.121000 0.114500 0.120900 0.113500 0.124900 0.092700 0.150600 0.106400 0.114400 0.143700 0.100500 0.065500 0.128800 0.182000 0.121000 0.106400 0.106700 0.113400 0.000000 0.107400 0.142900 0.128100 0.136500 0.113500 0.135900 0.099600 0.135800 0.122300 0.058400 0.106600 0.012600 0.052000 0.113300 0.137700 0.114000 0.128100 0.114900 0.092800 0.106400 0.106500
HarveysDui 0.045600 0.212500 0.052300 0.156400 0.019300 0.052300 0.019100 0.052400 0.045500 0.093100 0.059000 0.038900 0.025800 0.006200 0.045800 0.045600 0.079100 0.072400 0.052600 0.038900 0.045900 0.059100 0.086200 0.065900 0.045600 0.128900 0.025800 0.038900 0.039000 0.045600 0.107400 0.000000 0.114300 0.032300 0.039300 0.045500 0.052300 0.019300 0.066100 0.137000 0.085400 0.039000 0.093100 0.052200 0.045500 0.039600 0.045700 0.059300 0.025900 0.065500 0.038900 0.038900
Pronghorn 0.135800 0.180800 0.127500 0.186500 0.106400 0.142900 0.121500 0.128100 0.106100 0.128000 0.135700 0.113200 0.128000 0.121400 0.120800 0.092300 0.092200 0.071900 0.158000 0.113200 0.107100 0.150600 0.135200 0.085900 0.135800 0.172900 0.128000 0.113200 0.099400 0.120300 0.142900 0.114300 0.000000 0.135200 0.143800 0.120300 0.142900 0.106400 0.142700 0.143600 0.134000 0.099300 0.128000 0.085700 0.120100 0.137300 0.106400 0.149600 0.121700 0.113300 0.113200 0.113300
BlueWildeb 0.045400 0.235400 0.058800 0.163100 0.025700 0.052100 0.025800 0.058900 0.051900 0.113600 0.058700 0.045400 0.019100 0.025800 0.038900 0.052100 0.099400 0.092600 0.039000 0.045400 0.052400 0.058800 0.106600 0.086000 0.045400 0.142700 0.019100 0.045400 0.045400 0.052100 0.128100 0.032300 0.135200 0.000000 0.032500 0.052000 0.052100 0.025700 0.072600 0.158400 0.105700 0.045400 0.113600 0.072100 0.051900 0.059700 0.052100 0.065800 0.032300 0.058400 0.045400 0.045400
Gemsbok 0.059400 0.245900 0.066200 0.156600 0.032600 0.066200 0.032600 0.066400 0.059200 0.121800 0.073000 0.052500 0.019300 0.032600 0.046000 0.059300 0.107400 0.100600 0.052800 0.052500 0.059700 0.073200 0.114700 0.093900 0.059400 0.151400 0.025900 0.052500 0.052600 0.059300 0.136500 0.039300 0.143800 0.032500 0.000000 0.059200 0.066200 0.032600 0.080200 0.167400 0.113700 0.052500 0.121800 0.079700 0.059100 0.060200 0.059400 0.073300 0.037800 0.065800 0.052500 0.052500
Yak 0.065600 0.236200 0.019100 0.164200 0.025600 0.072400 0.038900 0.045300 0.012700 0.099300 0.079200 0.006300 0.045300 0.038900 0.052000 0.038600 0.085100 0.078500 0.072600 0.006300 0.038800 0.079400 0.106300 0.072000 0.065600 0.127900 0.045400 0.006300 0.032100 0.012700 0.113500 0.045500 0.120300 0.052000 0.059200 0.000000 0.072400 0.025600 0.058700 0.128600 0.105300 0.032000 0.099300 0.058400 0.000000 0.073400 0.038700 0.065400 0.045600 0.058200 0.006300 0.006300
BlueSheep 0.006400 0.244600 0.079300 0.202300 0.045600 0.012800 0.045600 0.079600 0.072300 0.121200 0.019200 0.065600 0.052100 0.045600 0.072700 0.072500 0.120800 0.099900 0.039000 0.065600 0.072900 0.019300 0.114100 0.093300 0.006400 0.165500 0.052100 0.065600 0.065700 0.072500 0.135900 0.052300 0.142900 0.052100 0.066200 0.072400 0.000000 0.045600 0.093600 0.151500 0.113100 0.065700 0.121200 0.079200 0.072300 0.080600 0.072600 0.086600 0.052400 0.092800 0.065600 0.065600
BohorReedb 0.038900 0.220500 0.032100 0.147700 0.000000 0.045600 0.012800 0.032200 0.025500 0.085600 0.052200 0.019100 0.019200 0.012800 0.025600 0.025600 0.071700 0.065100 0.045700 0.019100 0.025800 0.052300 0.078700 0.058700 0.038900 0.113800 0.019200 0.019100 0.019200 0.025600 0.099600 0.019300 0.106400 0.025700 0.032600 0.025600 0.045600 0.000000 0.045400 0.128700 0.078100 0.019100 0.085600 0.045200 0.025500 0.046100 0.025700 0.038800 0.019300 0.045100 0.019100 0.019100
KirksDik 0.086600 0.229700 0.065500 0.185500 0.045500 0.093600 0.059300 0.051800 0.058600 0.121100 0.100500 0.052000 0.065700 0.059300 0.072500 0.045000 0.097900 0.099700 0.093900 0.052000 0.045300 0.100800 0.128100 0.093100 0.086600 0.120300 0.065800 0.052000 0.038500 0.058700 0.135800 0.066100 0.142700 0.072600 0.080200 0.058700 0.093600 0.045400 0.000000 0.151600 0.127100 0.038500 0.121100 0.079100 0.058600 0.094900 0.045100 0.086300 0.066200 0.065300 0.052000 0.052000
RoeDeer 0.144300 0.279500 0.135800 0.238500 0.128800 0.151500 0.144500 0.151400 0.114100 0.107500 0.159000 0.121300 0.151000 0.144400 0.158300 0.143000 0.150500 0.126500 0.181800 0.121300 0.144300 0.151800 0.158800 0.093500 0.144300 0.214000 0.151000 0.121300 0.136000 0.128500 0.122300 0.137000 0.143600 0.158400 0.167400 0.128600 0.151500 0.128700 0.151600 0.000000 0.127900 0.135900 0.107500 0.079500 0.128400 0.168700 0.143600 0.173200 0.144800 0.121500 0.121300 0.121400
WhiteLippe 0.106200 0.219200 0.112300 0.191800 0.078100 0.113100 0.092400 0.112900 0.091400 0.045000 0.120100 0.098300 0.098800 0.092400 0.105700 0.105200 0.116100 0.084800 0.127500 0.098300 0.106100 0.120500 0.051500 0.071500 0.106200 0.156800 0.098800 0.098300 0.098500 0.105200 0.058400 0.085400 0.134000 0.105700 0.113700 0.105300 0.113100 0.078100 0.127100 0.127900 0.000000 0.098500 0.045000 0.058000 0.105100 0.114600 0.105700 0.105700 0.092600 0.098400 0.098300 0.098400
ThomsonGaz 0.058900 0.212700 0.038600 0.139700 0.019200 0.065700 0.032400 0.025400 0.032000 0.092500 0.072400 0.025600 0.038800 0.032400 0.045400 0.006300 0.078400 0.071800 0.065900 0.025600 0.018600 0.072600 0.099300 0.065400 0.058900 0.092000 0.038800 0.025600 0.000000 0.032100 0.106600 0.039000 0.099300 0.045400 0.052500 0.032000 0.065700 0.019100 0.038500 0.135900 0.098500 0.000000 0.092500 0.051800 0.032000 0.066600 0.019000 0.058700 0.039000 0.051700 0.025600 0.025600
MuntiacusC 0.114200 0.214000 0.106200 0.186100 0.085600 0.121200 0.100300 0.106900 0.085400 0.000000 0.128400 0.092300 0.106600 0.100200 0.106500 0.099200 0.110300 0.078700 0.135800 0.092300 0.100100 0.128800 0.086200 0.051900 0.114200 0.166100 0.106600 0.092300 0.092500 0.099200 0.012600 0.093100 0.128000 0.113600 0.121800 0.099300 0.121200 0.085600 0.121100 0.107500 0.045000 0.092500 0.000000 0.038600 0.099100 0.122800 0.099700 0.113600 0.100400 0.078800 0.092300 0.092300
WhiteTaile 0.072500 0.212900 0.065100 0.141700 0.045200 0.079200 0.059000 0.065500 0.045100 0.038600 0.086100 0.051700 0.065400 0.058900 0.072100 0.058400 0.065100 0.045200 0.093300 0.051700 0.058800 0.086400 0.072200 0.012700 0.072500 0.135900 0.065400 0.051700 0.051800 0.058400 0.052000 0.052200 0.085700 0.072100 0.079700 0.058400 0.079200 0.045200 0.079100 0.079500 0.058000 0.051800 0.038600 0.000000 0.058300 0.080300 0.058700 0.085800 0.052300 0.051800 0.051700 0.051800
Cattle 0.065500 0.235900 0.019100 0.164100 0.025500 0.072300 0.038900 0.045200 0.012700 0.099100 0.079100 0.006300 0.045300 0.038900 0.051900 0.038500 0.085000 0.078400 0.072500 0.006300 0.038800 0.079300 0.106100 0.071900 0.065500 0.127700 0.045300 0.006300 0.032000 0.012700 0.113300 0.045500 0.120100 0.051900 0.059100 0.000000 0.072300 0.025500 0.058600 0.128400 0.105100 0.032000 0.099100 0.058300 0.000000 0.073300 0.038600 0.065300 0.045500 0.058200 0.006300 0.006300
RoyalAntel 0.073600 0.239800 0.080500 0.174700 0.046200 0.080600 0.046300 0.080700 0.073300 0.122800 0.087500 0.066500 0.052800 0.046300 0.073600 0.073500 0.093800 0.087000 0.081000 0.066500 0.073900 0.087700 0.115600 0.094600 0.073600 0.167700 0.052900 0.066500 0.066600 0.073500 0.137700 0.039600 0.137300 0.059700 0.060200 0.073400 0.080600 0.046100 0.094900 0.168700 0.114600 0.066600 0.122800 0.080300 0.073300 0.000000 0.073700 0.080700 0.053100 0.094100 0.066500 0.066500
Steenbok 0.065900 0.229300 0.045300 0.162900 0.025700 0.072700 0.039100 0.032000 0.038600 0.099700 0.079500 0.032100 0.045500 0.039000 0.052100 0.025500 0.085500 0.078800 0.072900 0.032100 0.025600 0.079700 0.106600 0.072300 0.065900 0.113200 0.045500 0.032100 0.019000 0.038700 0.114000 0.045700 0.106400 0.052100 0.059400 0.038700 0.072600 0.025700 0.045100 0.143600 0.105700 0.019000 0.099700 0.058700 0.038600 0.073700 0.000000 0.065600 0.045800 0.058500 0.032100 0.032100
Impala 0.079700 0.253700 0.072200 0.194100 0.038800 0.086600 0.052500 0.072500 0.065300 0.113600 0.093500 0.058700 0.059000 0.052500 0.065700 0.065500 0.113300 0.106600 0.087000 0.058700 0.065900 0.093700 0.106600 0.100000 0.079700 0.157500 0.059000 0.058700 0.058800 0.065400 0.128100 0.059300 0.149600 0.065800 0.073300 0.065400 0.086600 0.038800 0.086300 0.173200 0.105700 0.058700 0.113600 0.085800 0.065300 0.080700 0.065600 0.000000 0.059300 0.085600 0.058700 0.058700
Klipspring 0.045700 0.229300 0.052300 0.164100 0.019300 0.052400 0.019400 0.052500 0.045600 0.100400 0.059100 0.039000 0.025800 0.019400 0.045800 0.045700 0.086100 0.079400 0.052600 0.039000 0.045900 0.059200 0.093400 0.072900 0.045700 0.136800 0.025800 0.039000 0.039000 0.045600 0.114900 0.025900 0.121700 0.032300 0.037800 0.045600 0.052400 0.019300 0.066200 0.144800 0.092600 0.039000 0.100400 0.052300 0.045500 0.053100 0.045800 0.059300 0.000000 0.058900 0.039000 0.039000
ForestMusk 0.086000 0.212100 0.065000 0.141600 0.045100 0.092800 0.045500 0.065300 0.045000 0.078800 0.099800 0.051600 0.051800 0.058800 0.058400 0.058300 0.078300 0.071700 0.079200 0.051600 0.058700 0.100000 0.099400 0.065300 0.086000 0.120700 0.051800 0.051600 0.051700 0.058300 0.092800 0.065500 0.113300 0.058400 0.065800 0.058200 0.092800 0.045100 0.065300 0.121500 0.098400 0.051700 0.078800 0.051800 0.058200 0.094100 0.058500 0.085600 0.058900 0.000000 0.051600 0.051600
Bushbuck 0.058800 0.228000 0.012400 0.156900 0.019100 0.065600 0.032300 0.038700 0.006300 0.092300 0.072300 0.000000 0.038700 0.032300 0.045300 0.032000 0.078300 0.071700 0.065900 0.000000 0.032200 0.072500 0.099200 0.065300 0.058800 0.120700 0.038800 0.000000 0.025600 0.006300 0.106400 0.038900 0.113200 0.045400 0.052500 0.006300 0.065600 0.019100 0.052000 0.121300 0.098300 0.025600 0.092300 0.051700 0.006300 0.066500 0.032100 0.058700 0.039000 0.051600 0.000000 0.000000
GreaterKud 0.058900 0.228100 0.012700 0.156900 0.019100 0.065600 0.032400 0.038700 0.006300 0.092300 0.072400 0.000000 0.038800 0.032300 0.045400 0.032100 0.078400 0.071800 0.065900 0.000000 0.032300 0.072500 0.099300 0.065300 0.058900 0.120800 0.038800 0.000000 0.025600 0.006300 0.106500 0.038900 0.113300 0.045400 0.052500 0.006300 0.065600 0.019100 0.052000 0.121400 0.098400 0.025600 0.092300 0.051800 0.006300 0.066500 0.032100 0.058700 0.039000 0.051600 0.000000 0.000000
