CODONML (in paml version 4.10.7, June 2023)  /home/rachel/ruminants_paml/6406-phy-tree/ENSBTAT00000009490.fasta.phy
Model: free dN/dS Ratios for branches,  kappa = 2.000 fixed

Codon frequency model: F3x4
ns =  54  ls = 127

Codon usage in sequences
--------------------------------------------------------------------------------------------------------------------------------------
Phe TTT   2   2   2   2   2   2 | Ser TCT   2   2   2   2   2   2 | Tyr TAT   2   2   3   1   1   2 | Cys TGT   1   1   1   1   1   1
    TTC   4   4   4   4   4   4 |     TCC   0   0   0   0   0   0 |     TAC   5   5   4   6   6   5 |     TGC   0   0   0   0   0   0
Leu TTA   2   2   2   2   2   2 |     TCA   0   0   0   0   0   0 | *** TAA   0   0   0   0   0   0 | *** TGA   0   0   0   0   0   0
    TTG   0   0   0   0   0   0 |     TCG   0   0   0   0   0   0 |     TAG   0   0   0   0   0   0 | Trp TGG   0   0   0   0   0   0
--------------------------------------------------------------------------------------------------------------------------------------
Leu CTT   0   0   0   0   0   0 | Pro CCT   4   4   4   4   4   4 | His CAT   0   1   0   0   0   1 | Arg CGT   2   2   2   2   2   2
    CTC   0   0   0   0   0   0 |     CCC   5   6   5   5   6   6 |     CAC   4   3   4   4   4   3 |     CGC   1   1   1   1   1   1
    CTA   0   0   0   0   0   0 |     CCA   0   1   0   1   1   1 | Gln CAA   0   0   0   0   1   0 |     CGA   0   0   0   0   0   0
    CTG   0   0   0   0   0   0 |     CCG   2   0   2   2   0   0 |     CAG   5   5   5   5   4   5 |     CGG   0   0   0   0   0   0
--------------------------------------------------------------------------------------------------------------------------------------
Ile ATT   1   1   1   1   0   1 | Thr ACT   3   1   3   3   3   3 | Asn AAT   6   5   6   6   6   6 | Ser AGT   2   2   2   2   2   2
    ATC   2   2   2   2   2   2 |     ACC   5   6   5   4   5   5 |     AAC   4   5   4   4   4   4 |     AGC   0   0   0   0   0   0
    ATA   0   0   0   0   1   0 |     ACA   3   4   3   3   3   3 | Lys AAA   3   3   3   3   3   3 | Arg AGA   1   1   1   1   1   1
Met ATG   1   1   1   1   1   1 |     ACG   3   3   3   3   3   3 |     AAG   1   1   1   1   1   1 |     AGG   2   2   2   2   2   2
--------------------------------------------------------------------------------------------------------------------------------------
Val GTT   1   1   1   1   1   2 | Ala GCT   3   2   2   2   2   3 | Asp GAT   2   2   2   2   2   2 | Gly GGT   3   3   3   3   3   3
    GTC   3   5   3   3   3   2 |     GCC   8   9   9   9   9   8 |     GAC   2   2   2   2   2   2 |     GGC   4   4   4   4   4   4
    GTA   4   2   4   4   4   4 |     GCA   6   5   6   6   5   5 | Glu GAA   3   3   3   3   3   3 |     GGA   1   1   1   1   1   1
    GTG   1   1   1   1   1   1 |     GCG   3   4   3   3   4   4 |     GAG   5   5   5   5   5   5 |     GGG   0   0   0   0   0   0
--------------------------------------------------------------------------------------------------------------------------------------

--------------------------------------------------------------------------------------------------------------------------------------
Phe TTT   1   2   2   2   2   2 | Ser TCT   2   2   2   2   2   2 | Tyr TAT   2   2   2   2   2   2 | Cys TGT   1   1   1   1   1   1
    TTC   5   4   4   4   4   4 |     TCC   0   0   0   0   0   0 |     TAC   5   5   5   5   5   5 |     TGC   0   0   0   0   0   0
Leu TTA   2   2   2   2   2   2 |     TCA   0   0   0   0   0   0 | *** TAA   0   0   0   0   0   0 | *** TGA   0   0   0   0   0   0
    TTG   0   0   0   0   0   0 |     TCG   0   0   0   0   0   0 |     TAG   0   0   0   0   0   0 | Trp TGG   0   0   0   0   0   0
--------------------------------------------------------------------------------------------------------------------------------------
Leu CTT   0   0   0   0   0   0 | Pro CCT   4   5   4   4   4   4 | His CAT   0   0   0   0   0   0 | Arg CGT   2   2   2   2   2   2
    CTC   0   0   0   0   0   0 |     CCC   5   4   5   4   4   5 |     CAC   4   4   4   4   4   4 |     CGC   1   1   1   1   1   1
    CTA   0   0   0   0   0   0 |     CCA   0   0   0   0   0   0 | Gln CAA   0   0   0   0   0   0 |     CGA   0   0   0   0   0   0
    CTG   0   0   0   0   0   0 |     CCG   2   2   2   3   3   2 |     CAG   5   5   5   5   5   5 |     CGG   0   0   0   0   0   0
--------------------------------------------------------------------------------------------------------------------------------------
Ile ATT   1   1   1   1   1   1 | Thr ACT   3   3   3   3   3   3 | Asn AAT   6   6   6   6   6   6 | Ser AGT   2   2   2   2   2   2
    ATC   2   2   2   2   2   2 |     ACC   5   5   5   5   5   5 |     AAC   4   4   4   4   4   4 |     AGC   0   0   0   0   0   0
    ATA   0   0   0   0   0   0 |     ACA   3   3   3   3   3   3 | Lys AAA   3   3   3   3   3   3 | Arg AGA   1   1   1   1   1   1
Met ATG   1   1   1   1   1   1 |     ACG   3   3   3   3   3   3 |     AAG   1   1   1   1   1   1 |     AGG   2   2   2   2   2   2
--------------------------------------------------------------------------------------------------------------------------------------
Val GTT   1   1   1   2   1   1 | Ala GCT   2   2   2   3   2   2 | Asp GAT   2   2   2   2   2   2 | Gly GGT   3   3   3   3   3   3
    GTC   3   3   3   2   3   3 |     GCC   9   9   9   8   9   9 |     GAC   2   2   2   2   2   2 |     GGC   4   4   4   4   4   4
    GTA   4   4   4   4   4   4 |     GCA   6   6   6   6   6   6 | Glu GAA   3   3   3   3   3   3 |     GGA   1   1   1   1   1   1
    GTG   1   1   1   1   1   1 |     GCG   3   3   3   3   3   3 |     GAG   5   5   5   5   5   5 |     GGG   0   0   0   0   0   0
--------------------------------------------------------------------------------------------------------------------------------------

--------------------------------------------------------------------------------------------------------------------------------------
Phe TTT   2   2   2   2   2   2 | Ser TCT   2   2   2   2   2   2 | Tyr TAT   1   2   1   3   2   2 | Cys TGT   1   1   1   1   1   1
    TTC   4   4   4   4   4   4 |     TCC   0   0   0   0   0   0 |     TAC   6   5   6   4   5   5 |     TGC   0   0   0   0   0   0
Leu TTA   2   2   2   2   2   2 |     TCA   0   0   0   0   0   0 | *** TAA   0   0   0   0   0   0 | *** TGA   0   0   0   0   0   0
    TTG   0   0   0   0   0   0 |     TCG   0   0   0   0   0   0 |     TAG   0   0   0   0   0   0 | Trp TGG   0   0   0   0   0   0
--------------------------------------------------------------------------------------------------------------------------------------
Leu CTT   0   0   0   0   0   0 | Pro CCT   4   4   4   5   4   4 | His CAT   0   0   0   0   0   0 | Arg CGT   2   2   2   2   2   2
    CTC   0   0   0   0   0   0 |     CCC   5   5   5   4   5   5 |     CAC   4   4   4   4   4   4 |     CGC   1   1   1   1   1   1
    CTA   0   0   0   0   0   0 |     CCA   0   0   0   0   0   1 | Gln CAA   0   0   0   0   0   0 |     CGA   0   0   0   0   0   0
    CTG   0   0   0   0   0   0 |     CCG   2   2   2   2   2   1 |     CAG   5   5   5   5   5   5 |     CGG   0   0   0   0   0   0
--------------------------------------------------------------------------------------------------------------------------------------
Ile ATT   1   1   1   1   1   1 | Thr ACT   3   3   3   3   3   2 | Asn AAT   6   6   6   6   4   6 | Ser AGT   2   2   2   2   2   2
    ATC   2   2   2   2   2   2 |     ACC   4   4   5   5   5   5 |     AAC   4   4   4   4   6   4 |     AGC   0   0   0   0   0   0
    ATA   0   0   0   0   0   0 |     ACA   3   3   3   3   2   3 | Lys AAA   3   3   3   3   2   3 | Arg AGA   1   1   1   1   1   1
Met ATG   1   1   1   1   1   1 |     ACG   3   4   3   3   4   3 |     AAG   1   1   1   1   2   1 |     AGG   2   2   2   2   2   2
--------------------------------------------------------------------------------------------------------------------------------------
Val GTT   1   1   1   1   2   1 | Ala GCT   2   3   2   2   2   3 | Asp GAT   2   2   2   2   2   2 | Gly GGT   3   3   3   3   3   3
    GTC   3   3   3   3   2   3 |     GCC  10   8   8   9   9   9 |     GAC   2   2   2   2   2   2 |     GGC   4   4   4   4   4   4
    GTA   4   4   4   4   4   4 |     GCA   5   6   7   6   6   6 | Glu GAA   3   3   3   3   3   3 |     GGA   1   1   1   1   1   1
    GTG   1   1   1   1   1   1 |     GCG   4   3   3   3   3   3 |     GAG   5   5   5   5   5   5 |     GGG   0   0   0   0   0   0
--------------------------------------------------------------------------------------------------------------------------------------

--------------------------------------------------------------------------------------------------------------------------------------
Phe TTT   2   2   2   2   2   2 | Ser TCT   2   2   2   2   2   2 | Tyr TAT   2   2   2   2   2   2 | Cys TGT   1   1   1   1   1   1
    TTC   4   4   4   4   4   4 |     TCC   0   0   0   0   0   0 |     TAC   5   5   5   5   5   5 |     TGC   0   0   0   0   0   0
Leu TTA   2   2   2   2   2   2 |     TCA   0   0   0   0   0   0 | *** TAA   0   0   0   0   0   0 | *** TGA   0   0   0   0   0   0
    TTG   0   0   0   0   0   0 |     TCG   0   1   0   0   0   0 |     TAG   0   0   0   0   0   0 | Trp TGG   0   0   0   0   0   0
--------------------------------------------------------------------------------------------------------------------------------------
Leu CTT   0   0   0   0   0   0 | Pro CCT   4   4   4   4   4   4 | His CAT   2   2   0   0   0   0 | Arg CGT   2   2   2   2   2   2
    CTC   0   0   0   0   0   0 |     CCC   5   5   5   5   5   5 |     CAC   2   2   4   4   4   4 |     CGC   1   1   1   1   1   1
    CTA   0   0   0   0   0   0 |     CCA   0   0   0   0   1   0 | Gln CAA   0   0   0   0   0   0 |     CGA   0   0   0   0   0   0
    CTG   0   0   0   0   0   0 |     CCG   2   2   2   2   1   2 |     CAG   5   5   5   5   5   5 |     CGG   0   0   0   0   0   0
--------------------------------------------------------------------------------------------------------------------------------------
Ile ATT   1   1   1   1   1   1 | Thr ACT   3   3   3   3   2   3 | Asn AAT   6   6   6   6   6   6 | Ser AGT   2   2   2   2   2   2
    ATC   2   2   2   2   2   2 |     ACC   5   5   5   5   5   5 |     AAC   4   4   4   4   4   4 |     AGC   0   0   0   0   0   0
    ATA   0   0   0   0   0   0 |     ACA   3   3   3   3   3   3 | Lys AAA   3   3   3   3   3   3 | Arg AGA   1   1   1   1   1   1
Met ATG   1   1   1   1   1   1 |     ACG   3   2   3   3   3   3 |     AAG   1   1   1   1   1   1 |     AGG   2   2   2   2   2   2
--------------------------------------------------------------------------------------------------------------------------------------
Val GTT   1   1   1   1   1   1 | Ala GCT   2   2   2   2   3   2 | Asp GAT   2   2   2   2   2   2 | Gly GGT   3   3   3   3   3   3
    GTC   3   3   3   3   3   3 |     GCC   9   8  10   9   9   9 |     GAC   2   2   2   2   2   2 |     GGC   4   4   4   4   4   4
    GTA   4   4   4   4   4   4 |     GCA   6   6   5   6   6   6 | Glu GAA   3   3   4   3   3   3 |     GGA   1   1   1   1   1   1
    GTG   1   1   1   1   1   1 |     GCG   3   4   3   3   3   3 |     GAG   5   5   4   5   5   5 |     GGG   0   0   0   0   0   0
--------------------------------------------------------------------------------------------------------------------------------------

--------------------------------------------------------------------------------------------------------------------------------------
Phe TTT   2   2   2   2   2   2 | Ser TCT   2   2   2   2   2   2 | Tyr TAT   2   2   2   2   2   2 | Cys TGT   1   1   1   1   1   1
    TTC   4   4   4   4   4   4 |     TCC   0   0   0   0   0   0 |     TAC   5   5   5   5   5   5 |     TGC   0   0   0   0   0   0
Leu TTA   2   2   2   2   2   2 |     TCA   0   0   0   0   0   0 | *** TAA   0   0   0   0   0   0 | *** TGA   0   0   0   0   0   0
    TTG   0   0   0   0   0   0 |     TCG   0   0   0   0   0   0 |     TAG   0   0   0   0   0   0 | Trp TGG   0   0   0   0   0   0
--------------------------------------------------------------------------------------------------------------------------------------
Leu CTT   0   0   0   0   0   0 | Pro CCT   4   4   4   4   4   4 | His CAT   0   0   0   0   0   0 | Arg CGT   2   2   2   2   2   2
    CTC   0   0   0   0   0   0 |     CCC   6   5   5   5   5   4 |     CAC   4   4   4   4   4   4 |     CGC   1   1   1   1   1   1
    CTA   0   0   0   0   0   0 |     CCA   1   0   0   1   0   0 | Gln CAA   0   0   0   0   0   0 |     CGA   0   0   0   0   0   0
    CTG   0   0   0   0   0   0 |     CCG   0   2   2   1   2   3 |     CAG   5   5   5   5   5   5 |     CGG   0   0   0   0   0   0
--------------------------------------------------------------------------------------------------------------------------------------
Ile ATT   1   1   1   1   1   1 | Thr ACT   3   3   3   2   3   3 | Asn AAT   6   6   6   6   6   6 | Ser AGT   2   2   2   2   2   2
    ATC   2   2   2   2   2   2 |     ACC   5   4   5   5   5   5 |     AAC   4   4   4   4   4   4 |     AGC   0   0   0   0   0   0
    ATA   0   0   0   0   0   0 |     ACA   3   4   3   3   3   3 | Lys AAA   3   3   3   3   3   3 | Arg AGA   1   1   1   1   1   1
Met ATG   1   1   1   1   1   1 |     ACG   3   3   3   3   3   3 |     AAG   1   1   1   1   1   1 |     AGG   2   2   2   2   2   2
--------------------------------------------------------------------------------------------------------------------------------------
Val GTT   1   1   1   1   1   1 | Ala GCT   3   4   2   3   2   2 | Asp GAT   2   2   2   2   2   2 | Gly GGT   3   3   3   3   3   3
    GTC   3   3   3   3   3   3 |     GCC   8   8   9   9   8   9 |     GAC   2   2   2   2   2   2 |     GGC   4   4   4   4   4   4
    GTA   4   4   4   4   4   4 |     GCA   6   5   6   6   7   6 | Glu GAA   3   3   3   3   3   3 |     GGA   1   1   1   1   1   1
    GTG   1   1   1   1   1   1 |     GCG   3   3   3   3   3   3 |     GAG   5   5   5   5   5   5 |     GGG   0   0   0   0   0   0
--------------------------------------------------------------------------------------------------------------------------------------

--------------------------------------------------------------------------------------------------------------------------------------
Phe TTT   2   2   2   2   2   2 | Ser TCT   2   2   2   2   2   2 | Tyr TAT   2   2   2   2   1   3 | Cys TGT   1   1   1   1   1   1
    TTC   4   4   4   4   4   4 |     TCC   0   0   0   0   0   0 |     TAC   5   5   5   5   6   4 |     TGC   0   0   0   0   0   0
Leu TTA   2   2   2   2   2   2 |     TCA   0   0   0   0   0   0 | *** TAA   0   0   0   0   0   0 | *** TGA   0   0   0   0   0   0
    TTG   0   0   0   0   0   0 |     TCG   0   0   0   0   0   0 |     TAG   0   0   0   0   0   0 | Trp TGG   0   0   0   0   0   0
--------------------------------------------------------------------------------------------------------------------------------------
Leu CTT   0   0   0   0   0   0 | Pro CCT   4   4   4   5   4   4 | His CAT   0   0   0   0   1   0 | Arg CGT   2   2   2   2   2   2
    CTC   0   0   0   0   0   0 |     CCC   5   5   5   4   5   5 |     CAC   4   4   4   4   3   4 |     CGC   1   1   1   1   1   1
    CTA   0   0   0   0   0   0 |     CCA   1   0   0   0   0   0 | Gln CAA   0   0   0   0   0   0 |     CGA   0   0   0   0   0   0
    CTG   0   0   0   0   0   0 |     CCG   1   2   2   2   2   2 |     CAG   5   5   5   5   5   5 |     CGG   0   0   0   0   0   0
--------------------------------------------------------------------------------------------------------------------------------------
Ile ATT   1   1   1   1   1   1 | Thr ACT   2   3   3   3   3   3 | Asn AAT   6   6   6   6   6   6 | Ser AGT   2   2   2   2   2   2
    ATC   2   2   2   2   2   2 |     ACC   5   5   5   5   5   5 |     AAC   4   4   4   4   4   4 |     AGC   0   0   0   0   0   0
    ATA   0   0   0   0   0   0 |     ACA   3   3   3   3   3   3 | Lys AAA   3   3   3   3   3   3 | Arg AGA   1   1   1   1   1   1
Met ATG   1   1   1   1   1   1 |     ACG   3   3   3   3   3   3 |     AAG   1   1   1   1   1   1 |     AGG   2   2   2   2   2   2
--------------------------------------------------------------------------------------------------------------------------------------
Val GTT   1   1   1   1   1   1 | Ala GCT   3   2   2   2   2   2 | Asp GAT   2   2   2   2   2   2 | Gly GGT   3   3   3   3   3   3
    GTC   3   3   3   3   3   3 |     GCC   9   9   9   9   9   9 |     GAC   2   2   2   2   2   2 |     GGC   4   4   4   4   4   4
    GTA   4   4   4   4   4   4 |     GCA   6   6   6   6   6   6 | Glu GAA   4   3   3   3   3   3 |     GGA   1   1   1   1   1   1
    GTG   1   1   1   1   1   1 |     GCG   3   3   3   3   3   3 |     GAG   4   5   5   5   5   5 |     GGG   0   0   0   0   0   0
--------------------------------------------------------------------------------------------------------------------------------------

--------------------------------------------------------------------------------------------------------------------------------------
Phe TTT   2   2   2   2   2   2 | Ser TCT   2   2   2   2   2   2 | Tyr TAT   2   2   2   2   2   2 | Cys TGT   1   1   1   1   1   1
    TTC   4   4   4   4   4   4 |     TCC   0   0   0   0   0   0 |     TAC   5   5   5   5   5   5 |     TGC   0   0   0   0   0   0
Leu TTA   2   2   2   2   2   2 |     TCA   0   0   0   0   0   0 | *** TAA   0   0   0   0   0   0 | *** TGA   0   0   0   0   0   0
    TTG   0   0   0   0   0   0 |     TCG   0   0   0   0   0   0 |     TAG   0   0   0   0   0   0 | Trp TGG   0   0   0   0   0   0
--------------------------------------------------------------------------------------------------------------------------------------
Leu CTT   0   0   0   0   0   0 | Pro CCT   4   5   4   4   4   4 | His CAT   0   0   0   0   0   0 | Arg CGT   2   2   2   2   2   2
    CTC   0   0   0   0   0   0 |     CCC   5   4   5   4   5   5 |     CAC   4   4   4   4   4   4 |     CGC   1   1   1   1   1   1
    CTA   0   0   0   0   0   0 |     CCA   0   0   0   1   0   0 | Gln CAA   0   0   0   0   0   0 |     CGA   0   0   0   0   0   0
    CTG   0   0   0   0   0   0 |     CCG   2   2   2   2   2   2 |     CAG   5   5   5   5   5   5 |     CGG   0   0   0   0   0   0
--------------------------------------------------------------------------------------------------------------------------------------
Ile ATT   1   1   1   1   1   1 | Thr ACT   3   4   3   3   3   3 | Asn AAT   6   6   6   6   6   6 | Ser AGT   2   2   2   2   2   2
    ATC   2   2   2   2   2   2 |     ACC   5   5   5   5   5   5 |     AAC   4   4   4   4   4   4 |     AGC   0   0   0   0   0   0
    ATA   0   0   0   0   0   0 |     ACA   3   3   3   3   3   3 | Lys AAA   3   3   3   3   3   3 | Arg AGA   1   1   1   1   1   1
Met ATG   1   1   1   1   1   1 |     ACG   3   2   3   3   3   3 |     AAG   1   1   1   1   1   1 |     AGG   2   2   2   2   2   2
--------------------------------------------------------------------------------------------------------------------------------------
Val GTT   1   1   1   1   1   1 | Ala GCT   2   2   2   2   3   2 | Asp GAT   2   2   2   2   2   2 | Gly GGT   3   3   3   3   3   3
    GTC   3   3   3   3   3   3 |     GCC   9   9   9   9   8   8 |     GAC   2   2   2   2   2   2 |     GGC   4   4   4   4   4   4
    GTA   4   4   4   4   4   4 |     GCA   6   6   6   6   6   6 | Glu GAA   3   3   3   3   3   3 |     GGA   1   1   1   1   1   1
    GTG   1   1   1   1   1   1 |     GCG   3   3   3   3   3   4 |     GAG   5   5   5   5   5   5 |     GGG   0   0   0   0   0   0
--------------------------------------------------------------------------------------------------------------------------------------

--------------------------------------------------------------------------------------------------------------------------------------
Phe TTT   2   2   2   2   2   2 | Ser TCT   2   2   2   2   2   2 | Tyr TAT   2   3   2   2   2   2 | Cys TGT   1   1   1   1   1   1
    TTC   4   4   4   4   4   4 |     TCC   0   0   0   0   0   0 |     TAC   5   4   5   5   5   5 |     TGC   0   0   0   0   0   0
Leu TTA   2   2   2   2   2   2 |     TCA   0   0   0   0   0   0 | *** TAA   0   0   0   0   0   0 | *** TGA   0   0   0   0   0   0
    TTG   0   0   0   0   0   0 |     TCG   0   0   0   0   0   0 |     TAG   0   0   0   0   0   0 | Trp TGG   0   0   0   0   0   0
--------------------------------------------------------------------------------------------------------------------------------------
Leu CTT   0   0   0   0   0   0 | Pro CCT   4   4   4   4   4   4 | His CAT   0   0   0   0   0   0 | Arg CGT   2   2   2   2   2   2
    CTC   0   0   0   0   0   0 |     CCC   5   5   5   5   5   5 |     CAC   4   4   4   4   4   4 |     CGC   1   1   1   1   1   1
    CTA   0   0   0   0   0   0 |     CCA   1   1   0   0   0   0 | Gln CAA   0   0   0   0   0   0 |     CGA   0   0   0   0   0   0
    CTG   0   0   0   0   0   0 |     CCG   1   1   2   2   2   2 |     CAG   5   5   5   5   5   5 |     CGG   0   0   0   0   0   0
--------------------------------------------------------------------------------------------------------------------------------------
Ile ATT   1   1   1   1   1   1 | Thr ACT   3   2   3   3   4   3 | Asn AAT   6   6   6   6   6   7 | Ser AGT   2   2   2   2   2   2
    ATC   2   2   2   2   2   2 |     ACC   5   5   5   4   5   5 |     AAC   4   4   4   4   4   3 |     AGC   0   0   0   0   0   0
    ATA   0   0   0   0   0   0 |     ACA   3   3   3   4   3   3 | Lys AAA   3   3   3   3   3   3 | Arg AGA   1   1   1   1   1   1
Met ATG   1   1   1   1   1   1 |     ACG   3   3   3   3   2   3 |     AAG   1   1   1   1   1   1 |     AGG   2   2   2   2   2   2
--------------------------------------------------------------------------------------------------------------------------------------
Val GTT   1   1   1   1   1   1 | Ala GCT   3   3   2   4   2   2 | Asp GAT   2   2   2   2   2   2 | Gly GGT   3   3   3   3   3   3
    GTC   3   3   3   3   3   3 |     GCC   8   9   9   8   9   9 |     GAC   2   2   2   2   2   2 |     GGC   4   4   4   4   4   4
    GTA   4   4   4   4   4   4 |     GCA   6   6   6   5   6   6 | Glu GAA   3   3   3   3   3   3 |     GGA   1   1   1   1   1   1
    GTG   1   1   1   1   1   1 |     GCG   3   3   3   3   3   3 |     GAG   5   5   5   5   5   5 |     GGG   0   0   0   0   0   0
--------------------------------------------------------------------------------------------------------------------------------------

--------------------------------------------------------------------------------------------------------------------------------------
Phe TTT   2   2   2   2   2   2 | Ser TCT   2   2   2   2   2   2 | Tyr TAT   2   2   2   2   2   2 | Cys TGT   1   1   1   1   1   1
    TTC   4   4   4   4   4   4 |     TCC   0   0   0   0   0   0 |     TAC   5   5   5   5   5   5 |     TGC   0   0   0   0   0   0
Leu TTA   2   2   2   2   2   2 |     TCA   0   0   0   0   0   0 | *** TAA   0   0   0   0   0   0 | *** TGA   0   0   0   0   0   0
    TTG   0   0   0   0   0   0 |     TCG   0   0   0   0   0   0 |     TAG   0   0   0   0   0   0 | Trp TGG   0   0   0   0   0   0
--------------------------------------------------------------------------------------------------------------------------------------
Leu CTT   0   0   0   0   0   0 | Pro CCT   4   4   4   4   4   4 | His CAT   0   0   0   0   0   0 | Arg CGT   2   2   2   2   2   2
    CTC   0   0   0   0   0   0 |     CCC   5   5   4   5   5   5 |     CAC   4   4   4   4   4   4 |     CGC   1   1   1   1   1   1
    CTA   0   0   0   0   0   0 |     CCA   0   0   0   1   0   0 | Gln CAA   0   0   0   0   0   0 |     CGA   0   0   0   0   0   0
    CTG   0   0   0   0   0   0 |     CCG   2   2   3   2   2   2 |     CAG   5   5   5   5   5   5 |     CGG   0   0   0   0   0   0
--------------------------------------------------------------------------------------------------------------------------------------
Ile ATT   1   1   1   1   1   1 | Thr ACT   3   3   2   3   3   3 | Asn AAT   6   4   6   6   6   6 | Ser AGT   2   2   2   2   2   2
    ATC   2   2   2   2   2   2 |     ACC   5   5   6   4   5   5 |     AAC   4   6   4   4   4   4 |     AGC   0   0   0   0   0   0
    ATA   0   0   0   0   0   0 |     ACA   3   3   3   3   3   3 | Lys AAA   3   3   3   3   3   3 | Arg AGA   1   1   1   1   1   1
Met ATG   1   1   1   1   1   1 |     ACG   3   3   3   3   3   3 |     AAG   1   1   1   1   1   1 |     AGG   2   2   2   2   2   2
--------------------------------------------------------------------------------------------------------------------------------------
Val GTT   1   1   1   1   1   1 | Ala GCT   2   3   2   2   2   2 | Asp GAT   2   2   2   2   2   2 | Gly GGT   3   3   3   3   3   3
    GTC   3   3   3   3   3   3 |     GCC   9   9   9   9   9   9 |     GAC   2   2   2   2   2   2 |     GGC   4   4   4   4   4   4
    GTA   4   4   4   4   4   4 |     GCA   6   5   6   6   6   6 | Glu GAA   3   3   3   3   3   3 |     GGA   1   1   1   1   1   1
    GTG   1   1   1   1   1   1 |     GCG   3   3   3   3   3   3 |     GAG   5   5   5   5   5   5 |     GGG   0   0   0   0   0   0
--------------------------------------------------------------------------------------------------------------------------------------

Codon position x base (3x4) table for each sequence.

#1: Argali         
position  1:    T:0.14173    C:0.18110    A:0.29134    G:0.38583
position  2:    T:0.16535    C:0.37008    A:0.33071    G:0.13386
position  3:    T:0.26772    C:0.37008    A:0.18110    G:0.18110
Average         T:0.19160    C:0.30709    A:0.26772    G:0.23360

#2: LesserMouseDeer
position  1:    T:0.14173    C:0.18110    A:0.29134    G:0.38583
position  2:    T:0.16535    C:0.37008    A:0.33071    G:0.13386
position  3:    T:0.24409    C:0.40945    A:0.17323    G:0.17323
Average         T:0.18373    C:0.32021    A:0.26509    G:0.23097

#3: LesserKudu     
position  1:    T:0.14173    C:0.18110    A:0.29134    G:0.38583
position  2:    T:0.16535    C:0.37008    A:0.33071    G:0.13386
position  3:    T:0.26772    C:0.37008    A:0.18110    G:0.18110
Average         T:0.19160    C:0.30709    A:0.26772    G:0.23360

#4: ForestMuskDeer2
position  1:    T:0.14173    C:0.18898    A:0.28346    G:0.38583
position  2:    T:0.16535    C:0.37008    A:0.33071    G:0.13386
position  3:    T:0.25197    C:0.37795    A:0.18898    G:0.18110
Average         T:0.18635    C:0.31234    A:0.26772    G:0.23360

#5: Camel          
position  1:    T:0.14173    C:0.18110    A:0.29134    G:0.38583
position  2:    T:0.16535    C:0.37008    A:0.33071    G:0.13386
position  3:    T:0.24409    C:0.39370    A:0.19685    G:0.16535
Average         T:0.18373    C:0.31496    A:0.27297    G:0.22835

#6: KillerWhale    
position  1:    T:0.14173    C:0.18110    A:0.29134    G:0.38583
position  2:    T:0.16535    C:0.37008    A:0.33071    G:0.13386
position  3:    T:0.28346    C:0.36220    A:0.18110    G:0.17323
Average         T:0.19685    C:0.30446    A:0.26772    G:0.23097

#7: DefassaWaterbuck
position  1:    T:0.14173    C:0.18110    A:0.29134    G:0.38583
position  2:    T:0.16535    C:0.37008    A:0.33071    G:0.13386
position  3:    T:0.25197    C:0.38583    A:0.18110    G:0.18110
Average         T:0.18635    C:0.31234    A:0.26772    G:0.23360

#8: Sheep          
position  1:    T:0.14173    C:0.18110    A:0.29134    G:0.38583
position  2:    T:0.16535    C:0.37008    A:0.33071    G:0.13386
position  3:    T:0.26772    C:0.37008    A:0.18110    G:0.18110
Average         T:0.19160    C:0.30709    A:0.26772    G:0.23360

#9: MaxwellsDuiker 
position  1:    T:0.14173    C:0.18110    A:0.29134    G:0.38583
position  2:    T:0.16535    C:0.37008    A:0.33071    G:0.13386
position  3:    T:0.25984    C:0.37795    A:0.18110    G:0.18110
Average         T:0.18898    C:0.30971    A:0.26772    G:0.23360

#10: GazellaPrzewalskyi
position  1:    T:0.14173    C:0.18110    A:0.29134    G:0.38583
position  2:    T:0.16535    C:0.37008    A:0.33071    G:0.13386
position  3:    T:0.27559    C:0.35433    A:0.18110    G:0.18898
Average         T:0.19423    C:0.30184    A:0.26772    G:0.23622

#11: MountainNyala  
position  1:    T:0.14173    C:0.18110    A:0.29134    G:0.38583
position  2:    T:0.16535    C:0.37008    A:0.33071    G:0.13386
position  3:    T:0.25984    C:0.37008    A:0.18110    G:0.18898
Average         T:0.18898    C:0.30709    A:0.26772    G:0.23622

#12: MuntiacusMuntjak
position  1:    T:0.14173    C:0.18110    A:0.29134    G:0.38583
position  2:    T:0.16535    C:0.37008    A:0.33071    G:0.13386
position  3:    T:0.25984    C:0.37795    A:0.18110    G:0.18110
Average         T:0.18898    C:0.30971    A:0.26772    G:0.23360

#13: goat           
position  1:    T:0.14173    C:0.18110    A:0.28346    G:0.39370
position  2:    T:0.16535    C:0.37008    A:0.33071    G:0.13386
position  3:    T:0.25197    C:0.38583    A:0.17323    G:0.18898
Average         T:0.18635    C:0.31234    A:0.26247    G:0.23885

#14: AfricanBuffalo 
position  1:    T:0.14173    C:0.18110    A:0.29134    G:0.38583
position  2:    T:0.16535    C:0.37008    A:0.33071    G:0.13386
position  3:    T:0.26772    C:0.36220    A:0.18110    G:0.18898
Average         T:0.19160    C:0.30446    A:0.26772    G:0.23622

#15: Topi           
position  1:    T:0.14173    C:0.18110    A:0.29134    G:0.38583
position  2:    T:0.16535    C:0.37008    A:0.33071    G:0.13386
position  3:    T:0.25197    C:0.37795    A:0.18898    G:0.18110
Average         T:0.18635    C:0.30971    A:0.27034    G:0.23360

#16: CommonDuiker   
position  1:    T:0.14173    C:0.18110    A:0.29134    G:0.38583
position  2:    T:0.16535    C:0.37008    A:0.33071    G:0.13386
position  3:    T:0.27559    C:0.36220    A:0.18110    G:0.18110
Average         T:0.19423    C:0.30446    A:0.26772    G:0.23360

#17: Suni           
position  1:    T:0.14173    C:0.18110    A:0.29134    G:0.38583
position  2:    T:0.16535    C:0.37008    A:0.33071    G:0.13386
position  3:    T:0.25197    C:0.38583    A:0.16535    G:0.19685
Average         T:0.18635    C:0.31234    A:0.26247    G:0.23885

#18: Springbuck     
position  1:    T:0.14173    C:0.18110    A:0.28346    G:0.39370
position  2:    T:0.16535    C:0.37008    A:0.33071    G:0.13386
position  3:    T:0.25984    C:0.37795    A:0.18898    G:0.17323
Average         T:0.18898    C:0.30971    A:0.26772    G:0.23360

#19: Okapi          
position  1:    T:0.14173    C:0.18110    A:0.29134    G:0.38583
position  2:    T:0.16535    C:0.37008    A:0.33071    G:0.13386
position  3:    T:0.27559    C:0.36220    A:0.18110    G:0.18110
Average         T:0.19423    C:0.30446    A:0.26772    G:0.23360

#20: Giraffe        
position  1:    T:0.14961    C:0.18110    A:0.28346    G:0.38583
position  2:    T:0.16535    C:0.37008    A:0.33071    G:0.13386
position  3:    T:0.27559    C:0.35433    A:0.18110    G:0.18898
Average         T:0.19685    C:0.30184    A:0.26509    G:0.23622

#21: TibetanAntelope
position  1:    T:0.14173    C:0.18110    A:0.29134    G:0.38583
position  2:    T:0.16535    C:0.37008    A:0.33071    G:0.13386
position  3:    T:0.25984    C:0.38583    A:0.18110    G:0.17323
Average         T:0.18898    C:0.31234    A:0.26772    G:0.23097

#22: Sitatunga      
position  1:    T:0.14173    C:0.18110    A:0.29134    G:0.38583
position  2:    T:0.16535    C:0.37008    A:0.33071    G:0.13386
position  3:    T:0.25984    C:0.37795    A:0.18110    G:0.18110
Average         T:0.18898    C:0.30971    A:0.26772    G:0.23360

#23: Oribi          
position  1:    T:0.14173    C:0.18110    A:0.28346    G:0.39370
position  2:    T:0.16535    C:0.37008    A:0.33071    G:0.13386
position  3:    T:0.25984    C:0.37795    A:0.18898    G:0.17323
Average         T:0.18898    C:0.30971    A:0.26772    G:0.23360

#24: BarbarySheep   
position  1:    T:0.14173    C:0.18110    A:0.29134    G:0.38583
position  2:    T:0.16535    C:0.37008    A:0.33071    G:0.13386
position  3:    T:0.25984    C:0.37795    A:0.18110    G:0.18110
Average         T:0.18898    C:0.30971    A:0.26772    G:0.23360

#25: Daviddeer      
position  1:    T:0.14173    C:0.18110    A:0.29134    G:0.38583
position  2:    T:0.16535    C:0.37008    A:0.33071    G:0.13386
position  3:    T:0.26772    C:0.37795    A:0.18898    G:0.16535
Average         T:0.19160    C:0.30971    A:0.27034    G:0.22835

#26: Reindeer       
position  1:    T:0.14173    C:0.18110    A:0.29134    G:0.38583
position  2:    T:0.16535    C:0.37008    A:0.33071    G:0.13386
position  3:    T:0.27559    C:0.36220    A:0.18110    G:0.18110
Average         T:0.19423    C:0.30446    A:0.26772    G:0.23360

#27: Ibex           
position  1:    T:0.14173    C:0.18110    A:0.29134    G:0.38583
position  2:    T:0.16535    C:0.37008    A:0.33071    G:0.13386
position  3:    T:0.25984    C:0.37795    A:0.18110    G:0.18110
Average         T:0.18898    C:0.30971    A:0.26772    G:0.23360

#28: GyrantGazelle  
position  1:    T:0.14173    C:0.18110    A:0.28346    G:0.39370
position  2:    T:0.16535    C:0.37008    A:0.33071    G:0.13386
position  3:    T:0.25984    C:0.37795    A:0.18898    G:0.17323
Average         T:0.18898    C:0.30971    A:0.26772    G:0.23360

#29: Hartebeest     
position  1:    T:0.14173    C:0.18110    A:0.29134    G:0.38583
position  2:    T:0.16535    C:0.37008    A:0.33071    G:0.13386
position  3:    T:0.25984    C:0.37008    A:0.18898    G:0.18110
Average         T:0.18898    C:0.30709    A:0.27034    G:0.23360

#30: Bongo          
position  1:    T:0.14173    C:0.18110    A:0.29134    G:0.38583
position  2:    T:0.16535    C:0.37008    A:0.33071    G:0.13386
position  3:    T:0.25984    C:0.37008    A:0.18110    G:0.18898
Average         T:0.18898    C:0.30709    A:0.26772    G:0.23622

#31: Gerenuk        
position  1:    T:0.14173    C:0.18110    A:0.28346    G:0.39370
position  2:    T:0.16535    C:0.37008    A:0.33071    G:0.13386
position  3:    T:0.25984    C:0.37795    A:0.19685    G:0.16535
Average         T:0.18898    C:0.30971    A:0.27034    G:0.23097

#32: CommonEland    
position  1:    T:0.14173    C:0.18110    A:0.29134    G:0.38583
position  2:    T:0.16535    C:0.37008    A:0.33071    G:0.13386
position  3:    T:0.25984    C:0.37795    A:0.18110    G:0.18110
Average         T:0.18898    C:0.30971    A:0.26772    G:0.23360

#33: MuntiacusReevesi
position  1:    T:0.14173    C:0.18110    A:0.29134    G:0.38583
position  2:    T:0.16535    C:0.37008    A:0.33071    G:0.13386
position  3:    T:0.25984    C:0.37795    A:0.18110    G:0.18110
Average         T:0.18898    C:0.30971    A:0.26772    G:0.23360

#34: HarveysDuiker  
position  1:    T:0.14173    C:0.18110    A:0.29134    G:0.38583
position  2:    T:0.16535    C:0.37008    A:0.33071    G:0.13386
position  3:    T:0.26772    C:0.37008    A:0.18110    G:0.18110
Average         T:0.19160    C:0.30709    A:0.26772    G:0.23360

#35: Pronghorn      
position  1:    T:0.14173    C:0.18110    A:0.29134    G:0.38583
position  2:    T:0.16535    C:0.37008    A:0.33071    G:0.13386
position  3:    T:0.25984    C:0.37795    A:0.18110    G:0.18110
Average         T:0.18898    C:0.30971    A:0.26772    G:0.23360

#36: BlueWildebeest 
position  1:    T:0.14173    C:0.18110    A:0.29134    G:0.38583
position  2:    T:0.16535    C:0.37008    A:0.33071    G:0.13386
position  3:    T:0.26772    C:0.37008    A:0.18110    G:0.18110
Average         T:0.19160    C:0.30709    A:0.26772    G:0.23360

#37: Gemsbok        
position  1:    T:0.14173    C:0.18110    A:0.29134    G:0.38583
position  2:    T:0.16535    C:0.37008    A:0.33071    G:0.13386
position  3:    T:0.25984    C:0.37795    A:0.18110    G:0.18110
Average         T:0.18898    C:0.30971    A:0.26772    G:0.23360

#38: Yak            
position  1:    T:0.14173    C:0.18110    A:0.29134    G:0.38583
position  2:    T:0.16535    C:0.37008    A:0.33071    G:0.13386
position  3:    T:0.27559    C:0.37008    A:0.18110    G:0.17323
Average         T:0.19423    C:0.30709    A:0.26772    G:0.23097

#39: BlueSheep      
position  1:    T:0.14173    C:0.18110    A:0.29134    G:0.38583
position  2:    T:0.16535    C:0.37008    A:0.33071    G:0.13386
position  3:    T:0.25984    C:0.37795    A:0.18110    G:0.18110
Average         T:0.18898    C:0.30971    A:0.26772    G:0.23360

#40: BohorReedbuck  
position  1:    T:0.14173    C:0.18110    A:0.29134    G:0.38583
position  2:    T:0.16535    C:0.37008    A:0.33071    G:0.13386
position  3:    T:0.25984    C:0.37008    A:0.18898    G:0.18110
Average         T:0.18898    C:0.30709    A:0.27034    G:0.23360

#41: KirksDik       
position  1:    T:0.14173    C:0.18110    A:0.29134    G:0.38583
position  2:    T:0.16535    C:0.37008    A:0.33071    G:0.13386
position  3:    T:0.26772    C:0.37008    A:0.18110    G:0.18110
Average         T:0.19160    C:0.30709    A:0.26772    G:0.23360

#42: RoeDeer        
position  1:    T:0.14173    C:0.18110    A:0.29134    G:0.38583
position  2:    T:0.16535    C:0.37008    A:0.33071    G:0.13386
position  3:    T:0.25984    C:0.37008    A:0.18110    G:0.18898
Average         T:0.18898    C:0.30709    A:0.26772    G:0.23622

#43: WhiteLippedDeer
position  1:    T:0.14173    C:0.18110    A:0.29134    G:0.38583
position  2:    T:0.16535    C:0.37008    A:0.33071    G:0.13386
position  3:    T:0.26772    C:0.37008    A:0.18898    G:0.17323
Average         T:0.19160    C:0.30709    A:0.27034    G:0.23097

#44: ThomsonGazelle 
position  1:    T:0.14173    C:0.18110    A:0.28346    G:0.39370
position  2:    T:0.16535    C:0.37008    A:0.33071    G:0.13386
position  3:    T:0.26772    C:0.37008    A:0.18898    G:0.17323
Average         T:0.19160    C:0.30709    A:0.26772    G:0.23360

#45: MuntiacusCrinifrons
position  1:    T:0.14173    C:0.18110    A:0.29134    G:0.38583
position  2:    T:0.16535    C:0.37008    A:0.33071    G:0.13386
position  3:    T:0.25984    C:0.37795    A:0.18110    G:0.18110
Average         T:0.18898    C:0.30971    A:0.26772    G:0.23360

#46: WhiteTailedDeer
position  1:    T:0.14173    C:0.18110    A:0.29134    G:0.38583
position  2:    T:0.16535    C:0.37008    A:0.33071    G:0.13386
position  3:    T:0.27559    C:0.36220    A:0.18110    G:0.18110
Average         T:0.19423    C:0.30446    A:0.26772    G:0.23360

#47: Cattle         
position  1:    T:0.14173    C:0.18110    A:0.29134    G:0.38583
position  2:    T:0.16535    C:0.37008    A:0.33071    G:0.13386
position  3:    T:0.26772    C:0.37795    A:0.18110    G:0.17323
Average         T:0.19160    C:0.30971    A:0.26772    G:0.23097

#48: RoyalAntelope  
position  1:    T:0.14173    C:0.18110    A:0.29134    G:0.38583
position  2:    T:0.16535    C:0.37008    A:0.33071    G:0.13386
position  3:    T:0.26772    C:0.37008    A:0.18110    G:0.18110
Average         T:0.19160    C:0.30709    A:0.26772    G:0.23360

#49: Steenbok       
position  1:    T:0.14173    C:0.18110    A:0.29134    G:0.38583
position  2:    T:0.16535    C:0.37008    A:0.33071    G:0.13386
position  3:    T:0.25984    C:0.37795    A:0.18110    G:0.18110
Average         T:0.18898    C:0.30971    A:0.26772    G:0.23360

#50: Impala         
position  1:    T:0.14173    C:0.18110    A:0.29134    G:0.38583
position  2:    T:0.16535    C:0.37008    A:0.33071    G:0.13386
position  3:    T:0.25197    C:0.39370    A:0.17323    G:0.18110
Average         T:0.18635    C:0.31496    A:0.26509    G:0.23360

#51: Klipspringer   
position  1:    T:0.14173    C:0.18110    A:0.29134    G:0.38583
position  2:    T:0.16535    C:0.37008    A:0.33071    G:0.13386
