1
52 1
Argali 0.000000 0.233000 0.087400 0.226900 0.072900 0.000000 0.060700 0.085400 0.113300 0.154300 0.048400 0.120100 0.060700 0.060700 0.073900 0.086300 0.074200 0.061700 0.035700 0.074400 0.112100 0.035600 0.153600 0.153400 0.048200 0.086400 0.073600 0.074400 0.086800 0.100300 0.152500 0.086700 0.072800 0.060700 0.099200 0.088400 0.035500 0.086300 0.087100 0.168800 0.140800 0.100400 0.154000 0.153700 0.075000 0.073400 0.048400 0.111800 0.084600 0.112000 0.087400 0.100800
LesserMous 0.233000 0.000000 0.190800 0.210200 0.170900 0.233000 0.157000 0.184600 0.218800 0.204900 0.235100 0.183100 0.189000 0.158000 0.145600 0.186600 0.173700 0.189100 0.187900 0.205400 0.186600 0.187000 0.203400 0.220200 0.233300 0.187000 0.175100 0.205400 0.217600 0.204800 0.202600 0.174000 0.229200 0.189000 0.221800 0.238100 0.186500 0.187300 0.189400 0.252700 0.186300 0.203300 0.204300 0.204000 0.220800 0.186800 0.172400 0.185800 0.169500 0.201700 0.190600 0.206000
LesserKudu 0.087400 0.190800 0.000000 0.184200 0.036100 0.087400 0.024100 0.048200 0.024000 0.136800 0.087900 0.040700 0.049200 0.024100 0.036700 0.048700 0.012100 0.024400 0.048900 0.012000 0.074200 0.048800 0.107700 0.094500 0.087400 0.048800 0.062200 0.012000 0.074400 0.011900 0.135200 0.049200 0.060800 0.049200 0.075200 0.075100 0.048700 0.048700 0.049300 0.151800 0.094400 0.061200 0.136600 0.080900 0.061800 0.061400 0.036300 0.073600 0.035700 0.044000 0.000100 0.012000
KillerWhal 0.226900 0.210200 0.184200 0.000000 0.194500 0.226900 0.180700 0.208000 0.211900 0.221700 0.259500 0.177500 0.213100 0.181900 0.198000 0.210500 0.167900 0.154500 0.211600 0.169600 0.209800 0.210700 0.189500 0.205700 0.257700 0.210800 0.199100 0.169600 0.242000 0.198100 0.219300 0.197800 0.164800 0.213100 0.227200 0.157600 0.210200 0.210500 0.213600 0.237700 0.176200 0.227600 0.221600 0.190500 0.170900 0.181700 0.167600 0.195400 0.193300 0.194900 0.184300 0.199300
DefassaWat 0.072900 0.170900 0.036100 0.194500 0.000000 0.072900 0.011700 0.035200 0.060600 0.112600 0.073400 0.052600 0.035900 0.011700 0.023800 0.035600 0.023800 0.036100 0.035700 0.048400 0.060100 0.035600 0.112000 0.125600 0.073000 0.035600 0.048400 0.048400 0.060400 0.048300 0.111400 0.035900 0.071900 0.035900 0.060900 0.087400 0.035500 0.011700 0.036000 0.153600 0.099700 0.048300 0.112400 0.112200 0.074100 0.047800 0.023600 0.059800 0.023200 0.059900 0.036100 0.048600
Sheep 0.000000 0.233000 0.087400 0.226900 0.072900 0.000000 0.060700 0.085400 0.113300 0.154300 0.048400 0.120100 0.060700 0.060700 0.073900 0.086300 0.074200 0.061700 0.035700 0.074400 0.112100 0.035600 0.153600 0.153400 0.048200 0.086400 0.073600 0.074400 0.086800 0.100300 0.152500 0.086700 0.072800 0.060700 0.099200 0.088400 0.035500 0.086300 0.087100 0.168800 0.140800 0.100400 0.154000 0.153700 0.075000 0.073400 0.048400 0.111800 0.084600 0.112000 0.087400 0.100800
MaxwellsDu 0.060700 0.157000 0.024100 0.180700 0.011700 0.060700 0.000000 0.023400 0.048400 0.100200 0.061100 0.039800 0.024000 0.000000 0.011800 0.023700 0.011900 0.024000 0.023800 0.036300 0.048100 0.023700 0.099600 0.113200 0.060800 0.023700 0.036300 0.036300 0.048200 0.036200 0.099100 0.023900 0.059700 0.024000 0.048800 0.074900 0.023700 0.023700 0.024000 0.141000 0.087400 0.036100 0.100100 0.099800 0.061700 0.035800 0.011800 0.047900 0.011500 0.047900 0.024100 0.036400
GazellaPrz 0.085400 0.184600 0.048200 0.208000 0.035200 0.085400 0.023400 0.000000 0.073000 0.125300 0.086000 0.065400 0.048000 0.023400 0.035700 0.023600 0.035800 0.048300 0.047800 0.060600 0.047700 0.047500 0.124700 0.138400 0.085500 0.023600 0.060600 0.060700 0.035700 0.060600 0.123900 0.047900 0.084200 0.048000 0.073300 0.100300 0.047400 0.047500 0.048200 0.166800 0.112300 0.035900 0.125000 0.125000 0.086800 0.059900 0.035500 0.047300 0.034800 0.072100 0.048200 0.060900
MountainNy 0.113300 0.218800 0.024000 0.211900 0.060600 0.113300 0.048400 0.073000 0.000000 0.164500 0.087400 0.040600 0.074200 0.048400 0.061500 0.073700 0.036400 0.049100 0.073900 0.036200 0.099500 0.073600 0.135000 0.121400 0.087000 0.073800 0.087600 0.036200 0.100200 0.011900 0.162500 0.074100 0.085800 0.074200 0.100900 0.101200 0.073400 0.073600 0.074500 0.179700 0.121500 0.086500 0.164100 0.080500 0.087500 0.086600 0.061000 0.073200 0.060100 0.070100 0.024000 0.036300
MuntiacusM 0.154300 0.204900 0.136800 0.221700 0.112600 0.154300 0.100200 0.125300 0.164500 0.000000 0.170900 0.121400 0.128400 0.100300 0.114800 0.126800 0.115000 0.101800 0.127500 0.122300 0.154700 0.126800 0.072100 0.095300 0.169400 0.127000 0.115300 0.122400 0.155000 0.150800 0.023200 0.128300 0.139000 0.128400 0.156700 0.167400 0.126600 0.127200 0.128700 0.096900 0.072800 0.150000 0.023500 0.085100 0.152100 0.113700 0.087200 0.126100 0.111400 0.153700 0.136700 0.151400
goat 0.048400 0.235100 0.087900 0.259500 0.073400 0.048400 0.061100 0.086000 0.087400 0.170900 0.000000 0.080200 0.048200 0.061100 0.074400 0.086800 0.074700 0.088100 0.036000 0.101000 0.112900 0.035900 0.169800 0.169700 0.023900 0.086900 0.060800 0.101000 0.113800 0.074700 0.168900 0.087300 0.125700 0.048200 0.073600 0.144100 0.035800 0.086700 0.087800 0.185700 0.156900 0.101000 0.170500 0.141800 0.129400 0.099800 0.073900 0.086300 0.072800 0.112700 0.087800 0.101400
AfricanBuf 0.120100 0.183100 0.040700 0.177500 0.052600 0.120100 0.039800 0.065400 0.040600 0.121400 0.080200 0.000000 0.066600 0.040100 0.054000 0.066300 0.024100 0.036600 0.067200 0.053900 0.093500 0.066100 0.100400 0.115400 0.080000 0.066000 0.080700 0.053900 0.092700 0.027700 0.119900 0.067100 0.073000 0.066600 0.093600 0.087800 0.065900 0.066400 0.067400 0.145300 0.086200 0.079500 0.121100 0.073400 0.074400 0.080900 0.053100 0.039300 0.052000 0.061700 0.040700 0.054200
Topi 0.060700 0.189000 0.049200 0.213100 0.035900 0.060700 0.024000 0.048000 0.074200 0.128400 0.048200 0.066600 0.000000 0.023900 0.036400 0.048500 0.036500 0.049200 0.023800 0.061800 0.073700 0.023700 0.127400 0.127700 0.060700 0.048500 0.011800 0.061800 0.074000 0.061700 0.126900 0.048900 0.086000 0.000000 0.023700 0.102200 0.023700 0.048500 0.049100 0.170900 0.115000 0.061600 0.128200 0.127700 0.088300 0.061000 0.036200 0.073300 0.035600 0.073500 0.049200 0.062000
CommonDuik 0.060700 0.158000 0.024100 0.181900 0.011700 0.060700 0.000000 0.023400 0.048400 0.100300 0.061100 0.040100 0.023900 0.000000 0.011900 0.023700 0.011900 0.024100 0.023800 0.036300 0.048100 0.023700 0.099600 0.113200 0.060800 0.023800 0.036300 0.036300 0.048300 0.036200 0.099200 0.023800 0.060000 0.023900 0.048800 0.075000 0.023700 0.023700 0.024000 0.141100 0.087400 0.036200 0.100200 0.099900 0.061700 0.035900 0.011800 0.047900 0.011600 0.048000 0.024100 0.036400
Suni 0.073900 0.145600 0.036700 0.198000 0.023800 0.073900 0.011800 0.035700 0.061500 0.114800 0.074400 0.054000 0.036400 0.011900 0.000000 0.036100 0.024200 0.036700 0.036300 0.049100 0.061100 0.036100 0.113900 0.128100 0.074000 0.036200 0.049200 0.049100 0.061200 0.049100 0.113500 0.036500 0.073200 0.036400 0.061900 0.088800 0.036100 0.036100 0.036600 0.156700 0.101600 0.048900 0.114700 0.114200 0.075100 0.048500 0.024000 0.060600 0.023500 0.060900 0.036700 0.049300
Springbuck 0.086300 0.186600 0.048700 0.210500 0.035600 0.086300 0.023700 0.023600 0.073700 0.126800 0.086800 0.066300 0.048500 0.023700 0.036100 0.000000 0.036200 0.048800 0.048200 0.061300 0.048100 0.048100 0.126100 0.140000 0.086400 0.000000 0.061300 0.061300 0.023900 0.061200 0.125400 0.048400 0.085200 0.048500 0.074100 0.101400 0.048000 0.048100 0.048600 0.168700 0.113600 0.036300 0.126600 0.126400 0.087700 0.060500 0.035900 0.072700 0.035300 0.072900 0.048700 0.061500
Okapi 0.074200 0.173700 0.012100 0.167900 0.023800 0.074200 0.011900 0.035800 0.036400 0.115000 0.074700 0.024100 0.036500 0.011900 0.024200 0.036200 0.000000 0.012000 0.036400 0.024300 0.061200 0.036300 0.087400 0.100900 0.074300 0.036300 0.049300 0.024300 0.061400 0.024200 0.113700 0.036500 0.047900 0.036500 0.062000 0.062700 0.036200 0.036100 0.036600 0.128300 0.067600 0.049100 0.114800 0.087600 0.049600 0.048600 0.024000 0.060800 0.023600 0.036000 0.012100 0.024400
Giraffe 0.061700 0.189100 0.024400 0.154500 0.036100 0.061700 0.024000 0.048300 0.049100 0.101800 0.088100 0.036600 0.049200 0.024100 0.036700 0.048800 0.012000 0.000000 0.049000 0.012100 0.074100 0.048800 0.074700 0.087900 0.087700 0.048900 0.062200 0.012100 0.074600 0.036700 0.100700 0.049100 0.035800 0.049200 0.075300 0.050000 0.048700 0.048800 0.049300 0.115100 0.054500 0.062100 0.101700 0.074900 0.037100 0.036400 0.012000 0.073800 0.035800 0.048500 0.024400 0.036900
TibetanAnt 0.035700 0.187900 0.048900 0.211600 0.035700 0.035700 0.023800 0.047800 0.073900 0.127500 0.036000 0.067200 0.023800 0.023800 0.036300 0.048200 0.036400 0.049000 0.000000 0.061500 0.073300 0.000100 0.126700 0.126900 0.035800 0.048300 0.036100 0.061500 0.073700 0.061400 0.126100 0.048600 0.085500 0.023800 0.048500 0.101700 0.000100 0.048300 0.048800 0.169700 0.114300 0.061300 0.127300 0.127000 0.087900 0.060700 0.036000 0.072900 0.035500 0.073100 0.049000 0.061700
Sitatunga 0.074400 0.205400 0.012000 0.169600 0.048400 0.074400 0.036300 0.060600 0.036200 0.122300 0.101000 0.053900 0.061800 0.036300 0.049100 0.061300 0.024300 0.012100 0.061500 0.000000 0.087000 0.061300 0.093900 0.080700 0.100500 0.061300 0.075000 0.000100 0.087400 0.024000 0.121300 0.061800 0.048200 0.061800 0.088200 0.062200 0.061100 0.061200 0.062000 0.137200 0.080600 0.073900 0.122100 0.067300 0.049200 0.048800 0.024100 0.086400 0.048000 0.057100 0.011900 0.024100
Oribi 0.112100 0.186600 0.074200 0.209800 0.060100 0.112100 0.048100 0.047700 0.099500 0.154700 0.112900 0.093500 0.073700 0.048100 0.061100 0.048100 0.061200 0.074100 0.073300 0.087000 0.000000 0.073000 0.153500 0.168400 0.112100 0.048200 0.087100 0.087000 0.073500 0.086800 0.153000 0.036100 0.085100 0.073700 0.100400 0.128300 0.072900 0.073200 0.074000 0.198000 0.141100 0.061100 0.154600 0.153900 0.114000 0.073100 0.060600 0.098000 0.059700 0.085600 0.074200 0.087300
BarbaryShe 0.035600 0.187000 0.048800 0.210700 0.035600 0.035600 0.023700 0.047500 0.073600 0.126800 0.035900 0.066100 0.023700 0.023700 0.036100 0.048100 0.036300 0.048800 0.000100 0.061300 0.073000 0.000000 0.126100 0.126300 0.035700 0.048100 0.036000 0.061300 0.073400 0.061200 0.125400 0.048400 0.085100 0.023700 0.048300 0.101300 0.000100 0.048200 0.048600 0.168800 0.113800 0.061100 0.126700 0.126400 0.087600 0.060500 0.035900 0.072600 0.035300 0.072800 0.048800 0.061500
Daviddeer 0.153600 0.203400 0.107700 0.189500 0.112000 0.153600 0.099600 0.124700 0.135000 0.072100 0.169800 0.100400 0.127400 0.099600 0.113900 0.126100 0.087400 0.074700 0.126700 0.093900 0.153500 0.126100 0.000000 0.071900 0.168700 0.126300 0.114300 0.093900 0.154400 0.121600 0.071400 0.127300 0.111200 0.127400 0.155200 0.137600 0.125900 0.126300 0.127800 0.097500 0.047500 0.149700 0.072100 0.059400 0.123000 0.112900 0.086600 0.125500 0.110700 0.124500 0.107700 0.094100
Reindeer 0.153400 0.220200 0.094500 0.205700 0.125600 0.153400 0.113200 0.138400 0.121400 0.095300 0.169700 0.115400 0.127700 0.113200 0.128100 0.140000 0.100900 0.087900 0.126900 0.080700 0.168400 0.126300 0.071900 0.000000 0.168300 0.140200 0.114700 0.080700 0.168400 0.108200 0.094300 0.141700 0.124800 0.127700 0.155700 0.152500 0.126000 0.140400 0.142000 0.098000 0.047700 0.164300 0.095000 0.035400 0.137400 0.126700 0.100000 0.139200 0.124100 0.138500 0.094500 0.108600
Ibex 0.048200 0.233300 0.087400 0.257700 0.073000 0.048200 0.060800 0.085500 0.087000 0.169400 0.023900 0.080000 0.060700 0.060800 0.074000 0.086400 0.074300 0.087700 0.035800 0.100500 0.112100 0.035700 0.168700 0.168300 0.000000 0.086500 0.073600 0.100500 0.113300 0.074300 0.167500 0.086700 0.125000 0.060700 0.086700 0.143400 0.035600 0.086200 0.087300 0.184100 0.155800 0.100500 0.169000 0.140800 0.128700 0.099200 0.073600 0.085900 0.072400 0.112000 0.087300 0.100800
GyrantGaze 0.086400 0.187000 0.048800 0.210800 0.035600 0.086400 0.023700 0.023600 0.073800 0.127000 0.086900 0.066000 0.048500 0.023800 0.036200 0.000000 0.036300 0.048900 0.048300 0.061300 0.048200 0.048100 0.126300 0.140200 0.086500 0.000000 0.061300 0.061400 0.023900 0.061300 0.125600 0.048500 0.085300 0.048500 0.074200 0.101500 0.048000 0.048200 0.048700 0.169000 0.113800 0.036400 0.126800 0.126500 0.087800 0.060600 0.035900 0.072800 0.035300 0.072900 0.048800 0.061600
Hartebeest 0.073600 0.175100 0.062200 0.199100 0.048400 0.073600 0.036300 0.060600 0.087600 0.115300 0.060800 0.080700 0.011800 0.036300 0.049200 0.061300 0.049300 0.062200 0.036100 0.075000 0.087100 0.036000 0.114300 0.114700 0.073600 0.061300 0.000000 0.075000 0.087300 0.074900 0.114000 0.061800 0.099400 0.011800 0.036100 0.116400 0.035900 0.061400 0.062100 0.157400 0.101900 0.074700 0.115200 0.114600 0.102100 0.074100 0.048800 0.086400 0.048100 0.086800 0.062200 0.075300
Bongo 0.074400 0.205400 0.012000 0.169600 0.048400 0.074400 0.036300 0.060700 0.036200 0.122400 0.101000 0.053900 0.061800 0.036300 0.049100 0.061300 0.024300 0.012100 0.061500 0.000100 0.087000 0.061300 0.093900 0.080700 0.100500 0.061400 0.075000 0.000000 0.087400 0.024000 0.120900 0.061800 0.048200 0.061800 0.088300 0.062200 0.061100 0.061200 0.062000 0.137300 0.080600 0.073900 0.122100 0.067300 0.049200 0.048800 0.024100 0.086400 0.048000 0.057100 0.012000 0.024100
Gerenuk 0.086800 0.217600 0.074400 0.242000 0.060400 0.086800 0.048200 0.035700 0.100200 0.155000 0.113800 0.092700 0.074000 0.048300 0.061200 0.023900 0.061400 0.074600 0.073700 0.087400 0.073500 0.073400 0.154400 0.168400 0.113300 0.023900 0.087300 0.087400 0.000000 0.087300 0.153200 0.073900 0.085400 0.074000 0.100600 0.101900 0.073200 0.073500 0.074300 0.198400 0.141500 0.061800 0.154600 0.154500 0.088200 0.086300 0.060900 0.085800 0.059900 0.099000 0.074400 0.087700
CommonElan 0.100300 0.204800 0.011900 0.198100 0.048300 0.100300 0.036200 0.060600 0.011900 0.150800 0.074700 0.027700 0.061700 0.036200 0.049100 0.061200 0.024200 0.036700 0.061400 0.024000 0.086800 0.061200 0.121600 0.108200 0.074300 0.061300 0.074900 0.024000 0.087300 0.000000 0.149000 0.061700 0.073300 0.061700 0.088100 0.088100 0.061100 0.061100 0.061900 0.166000 0.108200 0.073800 0.150500 0.067400 0.074600 0.073900 0.048700 0.060800 0.047900 0.057400 0.012000 0.024100
MuntiacusR 0.152500 0.202600 0.135200 0.219300 0.111400 0.152500 0.099100 0.123900 0.162500 0.023200 0.168900 0.119900 0.126900 0.099200 0.113500 0.125400 0.113700 0.100700 0.126100 0.121300 0.153000 0.125400 0.071400 0.094300 0.167500 0.125600 0.114000 0.120900 0.153200 0.149000 0.000000 0.126900 0.137500 0.126900 0.154800 0.165400 0.125200 0.125800 0.127200 0.123700 0.072100 0.148200 0.023200 0.084200 0.150300 0.112400 0.086200 0.124700 0.110100 0.151700 0.135500 0.149600
HarveysDui 0.086700 0.174000 0.049200 0.197800 0.035900 0.086700 0.023900 0.047900 0.074100 0.128300 0.087300 0.067100 0.048900 0.023800 0.036500 0.048400 0.036500 0.049100 0.048600 0.061800 0.036100 0.048400 0.127300 0.141700 0.086700 0.048500 0.061800 0.061800 0.073900 0.061700 0.126900 0.000000 0.085900 0.048900 0.074800 0.102000 0.048300 0.048500 0.049000 0.170900 0.114900 0.061500 0.128300 0.127600 0.088100 0.035900 0.036100 0.073200 0.035600 0.060400 0.049200 0.062000
Pronghorn 0.072800 0.229200 0.060800 0.164800 0.071900 0.072800 0.059700 0.084200 0.085800 0.139000 0.125700 0.073000 0.086000 0.060000 0.073200 0.085200 0.047900 0.035800 0.085500 0.048200 0.085100 0.085100 0.111200 0.124800 0.125000 0.085300 0.099400 0.048200 0.085400 0.073300 0.137500 0.085900 0.000000 0.086000 0.112700 0.061400 0.084900 0.085200 0.086100 0.152400 0.092400 0.099000 0.139100 0.111500 0.048600 0.072600 0.047700 0.110400 0.071500 0.084600 0.060800 0.073600
BlueWildeb 0.060700 0.189000 0.049200 0.213100 0.035900 0.060700 0.024000 0.048000 0.074200 0.128400 0.048200 0.066600 0.000000 0.023900 0.036400 0.048500 0.036500 0.049200 0.023800 0.061800 0.073700 0.023700 0.127400 0.127700 0.060700 0.048500 0.011800 0.061800 0.074000 0.061700 0.126900 0.048900 0.086000 0.000000 0.023700 0.102200 0.023700 0.048500 0.049100 0.170900 0.115000 0.061600 0.128200 0.127700 0.088300 0.061000 0.036200 0.073300 0.035600 0.073500 0.049200 0.062000
Gemsbok 0.099200 0.221800 0.075200 0.227200 0.060900 0.099200 0.048800 0.073300 0.100900 0.156700 0.073600 0.093600 0.023700 0.048800 0.061900 0.074100 0.062000 0.075300 0.048500 0.088200 0.100400 0.048300 0.155200 0.155700 0.086700 0.074200 0.036100 0.088300 0.100600 0.088100 0.154800 0.074800 0.112700 0.023700 0.000000 0.116600 0.048200 0.074200 0.075100 0.200600 0.142600 0.087900 0.156500 0.155600 0.115900 0.087000 0.061400 0.099700 0.060400 0.100000 0.075200 0.088600
Yak 0.088400 0.238100 0.075100 0.157600 0.087400 0.088400 0.074900 0.100300 0.101200 0.167400 0.144100 0.087800 0.102200 0.075000 0.088800 0.101400 0.062700 0.050000 0.101700 0.062200 0.128300 0.101300 0.137600 0.152500 0.143400 0.101500 0.116400 0.062200 0.101900 0.088100 0.165400 0.102000 0.061400 0.102200 0.116600 0.000000 0.101100 0.101100 0.102500 0.183300 0.123800 0.114800 0.167000 0.138200 0.012100 0.088100 0.062100 0.127700 0.086800 0.098400 0.075200 0.088500
BlueSheep 0.035500 0.186500 0.048700 0.210200 0.035500 0.035500 0.023700 0.047400 0.073400 0.126600 0.035800 0.065900 0.023700 0.023700 0.036100 0.048000 0.036200 0.048700 0.000100 0.061100 0.072900 0.000100 0.125900 0.126000 0.035600 0.048000 0.035900 0.061100 0.073200 0.061100 0.125200 0.048300 0.084900 0.023700 0.048200 0.101100 0.000000 0.048000 0.048500 0.168500 0.113500 0.060900 0.126400 0.126100 0.087300 0.060300 0.035800 0.072500 0.035200 0.072700 0.048700 0.061400
BohorReedb 0.086300 0.187300 0.048700 0.210500 0.011700 0.086300 0.023700 0.047500 0.073600 0.127200 0.086700 0.066400 0.048500 0.023700 0.036100 0.048100 0.036100 0.048800 0.048300 0.061200 0.073200 0.048200 0.126300 0.140400 0.086200 0.048200 0.061400 0.061200 0.073500 0.061100 0.125800 0.048500 0.085200 0.048500 0.074200 0.101100 0.048000 0.000000 0.048600 0.154500 0.114000 0.061100 0.127000 0.126600 0.087500 0.060400 0.035900 0.072700 0.035300 0.072800 0.048700 0.061400
KirksDik 0.087100 0.189400 0.049300 0.213600 0.036000 0.087100 0.024000 0.048200 0.074500 0.128700 0.087800 0.067400 0.049100 0.024000 0.036600 0.048600 0.036600 0.049300 0.048800 0.062000 0.074000 0.048600 0.127800 0.142000 0.087300 0.048700 0.062100 0.062000 0.074300 0.061900 0.127200 0.049000 0.086100 0.049100 0.075100 0.102500 0.048500 0.048600 0.000000 0.171200 0.115200 0.061800 0.113600 0.128100 0.088600 0.061200 0.036300 0.073500 0.035700 0.073800 0.049400 0.062200
RoeDeer 0.168800 0.252700 0.151800 0.237700 0.153600 0.168800 0.141000 0.166800 0.179700 0.096900 0.185700 0.145300 0.170900 0.141100 0.156700 0.168700 0.128300 0.115100 0.169700 0.137200 0.198000 0.168800 0.097500 0.098000 0.184100 0.169000 0.157400 0.137300 0.198400 0.166000 0.123700 0.170900 0.152400 0.170900 0.200600 0.183300 0.168500 0.154500 0.171200 0.000000 0.072800 0.194000 0.125000 0.085000 0.167600 0.155100 0.127400 0.167800 0.151800 0.167700 0.151800 0.166700
WhiteLippe 0.140800 0.186300 0.094400 0.176200 0.099700 0.140800 0.087400 0.112300 0.121500 0.072800 0.156900 0.086200 0.115000 0.087400 0.101600 0.113600 0.067600 0.054500 0.114300 0.080600 0.141100 0.113800 0.047500 0.047700 0.155800 0.113800 0.101900 0.080600 0.141500 0.108200 0.072100 0.114900 0.092400 0.115000 0.142600 0.123800 0.113500 0.114000 0.115200 0.072800 0.000000 0.136000 0.072800 0.035500 0.109300 0.100500 0.074400 0.113100 0.093400 0.111800 0.094400 0.108500
ThomsonGaz 0.100400 0.203300 0.061200 0.227600 0.048300 0.100400 0.036100 0.035900 0.086500 0.150000 0.101000 0.079500 0.061600 0.036200 0.048900 0.036300 0.049100 0.062100 0.061300 0.073900 0.061100 0.061100 0.149700 0.164300 0.100500 0.036400 0.074700 0.073900 0.061800 0.073800 0.148200 0.061500 0.099000 0.061600 0.087900 0.114800 0.060900 0.061100 0.061800 0.194000 0.136000 0.000000 0.149600 0.150300 0.100900 0.073900 0.048700 0.086300 0.047900 0.083700 0.061200 0.074200
MuntiacusC 0.154000 0.204300 0.136600 0.221600 0.112400 0.154000 0.100100 0.125000 0.164100 0.023500 0.170500 0.121100 0.128200 0.100200 0.114700 0.126600 0.114800 0.101700 0.127300 0.122100 0.154600 0.126700 0.072100 0.095000 0.169000 0.126800 0.115200 0.122100 0.154600 0.150500 0.023200 0.128300 0.139100 0.128200 0.156500 0.167000 0.126400 0.127000 0.113600 0.125000 0.072800 0.149600 0.000000 0.085000 0.151700 0.113600 0.087100 0.125900 0.111200 0.153300 0.136500 0.151200
WhiteTaile 0.153700 0.204000 0.080900 0.190500 0.112200 0.153700 0.099800 0.125000 0.080500 0.085100 0.141800 0.073400 0.127700 0.099900 0.114200 0.126400 0.087600 0.074900 0.127000 0.067300 0.153900 0.126400 0.059400 0.035400 0.140800 0.126500 0.114600 0.067300 0.154500 0.067400 0.084200 0.127600 0.111500 0.127700 0.155600 0.138200 0.126100 0.126600 0.128100 0.085000 0.035500 0.150300 0.085000 0.000000 0.123500 0.113100 0.086900 0.099200 0.110900 0.124700 0.080900 0.094800
Cattle 0.075000 0.220800 0.061800 0.170900 0.074100 0.075000 0.061700 0.086800 0.087500 0.152100 0.129400 0.074400 0.088300 0.061700 0.075100 0.087700 0.049600 0.037100 0.087900 0.049200 0.114000 0.087600 0.123000 0.137400 0.128700 0.087800 0.102100 0.049200 0.088200 0.074600 0.150300 0.088100 0.048600 0.088300 0.115900 0.012100 0.087300 0.087500 0.088600 0.167600 0.109300 0.100900 0.151700 0.123500 0.000000 0.074600 0.049100 0.113600 0.073500 0.084700 0.061900 0.074900
RoyalAntel 0.073400 0.186800 0.061400 0.181700 0.047800 0.073400 0.035800 0.059900 0.086600 0.113700 0.099800 0.080900 0.061000 0.035900 0.048500 0.060500 0.048600 0.036400 0.060700 0.048800 0.073100 0.060500 0.112900 0.126700 0.099200 0.060600 0.074100 0.048800 0.086300 0.073900 0.112400 0.035900 0.072600 0.061000 0.087000 0.088100 0.060300 0.060400 0.061200 0.155100 0.100500 0.073900 0.113600 0.113100 0.074600 0.000000 0.023800 0.085300 0.047500 0.072400 0.061400 0.074300
Steenbok 0.048400 0.172400 0.036300 0.167600 0.023600 0.048400 0.011800 0.035500 0.061000 0.087200 0.073900 0.053100 0.036200 0.011800 0.024000 0.035900 0.024000 0.012000 0.036000 0.024100 0.060600 0.035900 0.086600 0.100000 0.073600 0.035900 0.048800 0.024100 0.060900 0.048700 0.086200 0.036100 0.047700 0.036200 0.061400 0.062100 0.035800 0.035900 0.036300 0.127400 0.074400 0.048700 0.087100 0.086900 0.049100 0.023800 0.000000 0.060200 0.023400 0.060400 0.036400 0.048900
Impala 0.111800 0.185800 0.073600 0.195400 0.059800 0.111800 0.047900 0.047300 0.073200 0.126100 0.086300 0.039300 0.073300 0.047900 0.060600 0.072700 0.060800 0.073800 0.072900 0.086400 0.098000 0.072600 0.125500 0.139200 0.085900 0.072800 0.086400 0.086400 0.085800 0.060800 0.124700 0.073200 0.110400 0.073300 0.099700 0.127700 0.072500 0.072700 0.073500 0.167800 0.113100 0.086300 0.125900 0.099200 0.113600 0.085300 0.060200 0.000000 0.059300 0.097900 0.073600 0.086700
Klipspring 0.084600 0.169500 0.035700 0.193300 0.023200 0.084600 0.011500 0.034800 0.060100 0.111400 0.072800 0.052000 0.035600 0.011600 0.023500 0.035300 0.023600 0.035800 0.035500 0.048000 0.059700 0.035300 0.110700 0.124100 0.072400 0.035300 0.048100 0.048000 0.059900 0.047900 0.110100 0.035600 0.071500 0.035600 0.060400 0.086800 0.035200 0.035300 0.035700 0.151800 0.093400 0.047900 0.111200 0.110900 0.073500 0.047500 0.023400 0.059300 0.000000 0.059600 0.035700 0.048200
ForestMusk 0.112000 0.201700 0.044000 0.194900 0.059900 0.112000 0.047900 0.072100 0.070100 0.153700 0.112700 0.061700 0.073500 0.048000 0.060900 0.072900 0.036000 0.048500 0.073100 0.057100 0.085600 0.072800 0.124500 0.138500 0.112000 0.072900 0.086800 0.057100 0.099000 0.057400 0.151700 0.060400 0.084600 0.073500 0.100000 0.098400 0.072700 0.072800 0.073800 0.167700 0.111800 0.083700 0.153300 0.124700 0.084700 0.072400 0.060400 0.097900 0.059600 0.000000 0.043900 0.057300
Bushbuck 0.087400 0.190600 0.000100 0.184300 0.036100 0.087400 0.024100 0.048200 0.024000 0.136700 0.087800 0.040700 0.049200 0.024100 0.036700 0.048700 0.012100 0.024400 0.049000 0.011900 0.074200 0.048800 0.107700 0.094500 0.087300 0.048800 0.062200 0.012000 0.074400 0.012000 0.135500 0.049200 0.060800 0.049200 0.075200 0.075200 0.048700 0.048700 0.049400 0.151800 0.094400 0.061200 0.136500 0.080900 0.061900 0.061400 0.036400 0.073600 0.035700 0.043900 0.000000 0.012000
GreaterKud 0.100800 0.206000 0.012000 0.199300 0.048600 0.100800 0.036400 0.060900 0.036300 0.151400 0.101400 0.054200 0.062000 0.036400 0.049300 0.061500 0.024400 0.036900 0.061700 0.024100 0.087300 0.061500 0.094100 0.108600 0.100800 0.061600 0.075300 0.024100 0.087700 0.024100 0.149600 0.062000 0.073600 0.062000 0.088600 0.088500 0.061400 0.061400 0.062200 0.166700 0.108500 0.074200 0.151200 0.094800 0.074900 0.074300 0.048900 0.086700 0.048200 0.057300 0.012000 0.000000
