1
52 1
Argali 0.000000 0.200900 0.062800 0.162000 0.057500 0.007800 0.062900 0.053400 0.071000 0.087000 0.026600 0.070500 0.046200 0.055800 0.055200 0.064700 0.079700 0.072200 0.038100 0.072800 0.054100 0.033200 0.082200 0.080300 0.025000 0.063800 0.044600 0.071200 0.057600 0.067900 0.094000 0.057500 0.098100 0.041300 0.045400 0.074900 0.028300 0.054300 0.067500 0.080300 0.088500 0.063500 0.094300 0.091600 0.077100 0.052900 0.059100 0.054900 0.069100 0.091000 0.073000 0.068000
LesserMous 0.200900 0.000000 0.201500 0.209100 0.205100 0.200300 0.216200 0.193900 0.208700 0.208800 0.203400 0.201600 0.201400 0.208500 0.206700 0.198300 0.171400 0.174800 0.207400 0.204600 0.191900 0.207700 0.208200 0.205300 0.203000 0.194700 0.199900 0.209300 0.197700 0.203500 0.217100 0.199100 0.185900 0.194000 0.195100 0.200500 0.211500 0.215100 0.186000 0.210500 0.208700 0.201100 0.216500 0.214100 0.192300 0.190700 0.191900 0.201000 0.217600 0.202600 0.209500 0.204800
LesserKudu 0.062800 0.201500 0.000000 0.156200 0.070100 0.064300 0.072100 0.062500 0.023300 0.085900 0.059100 0.042800 0.061900 0.071500 0.064200 0.076600 0.073000 0.069000 0.068500 0.021800 0.061100 0.066000 0.082900 0.079300 0.060700 0.068900 0.060300 0.020200 0.072800 0.017100 0.094700 0.063200 0.095300 0.056900 0.055100 0.039300 0.057500 0.066700 0.081500 0.079300 0.084100 0.068600 0.094100 0.089500 0.047800 0.061900 0.066500 0.064300 0.074000 0.077100 0.018700 0.015600
KillerWhal 0.162000 0.209100 0.156200 0.000000 0.170000 0.159700 0.176700 0.173700 0.169100 0.175900 0.165100 0.155900 0.168700 0.175400 0.166400 0.169800 0.154800 0.143100 0.165100 0.163300 0.164400 0.169800 0.166500 0.169700 0.166500 0.171100 0.167100 0.169400 0.170100 0.165800 0.176100 0.175000 0.165400 0.159400 0.166400 0.160100 0.165100 0.170100 0.169900 0.163900 0.171600 0.170400 0.183600 0.177500 0.161300 0.164600 0.173300 0.168700 0.185700 0.173000 0.171500 0.166000
DefassaWat 0.057500 0.205100 0.070100 0.170000 0.000000 0.052500 0.061500 0.058200 0.071500 0.085600 0.050700 0.074200 0.049200 0.053700 0.059000 0.061100 0.087600 0.074400 0.049300 0.072400 0.051000 0.054200 0.082600 0.074000 0.052200 0.063500 0.047700 0.071700 0.057300 0.068400 0.094300 0.053800 0.103600 0.047600 0.050700 0.070400 0.055600 0.015500 0.060600 0.080800 0.085500 0.063300 0.093800 0.085100 0.076000 0.049200 0.053900 0.058700 0.068700 0.090500 0.073400 0.068500
Sheep 0.007800 0.200300 0.064300 0.159700 0.052500 0.000000 0.057700 0.050000 0.069100 0.081700 0.021800 0.065200 0.044400 0.050700 0.050100 0.059500 0.079500 0.068700 0.036400 0.070900 0.049000 0.029900 0.080300 0.075000 0.023400 0.058600 0.042900 0.069400 0.052500 0.066100 0.088600 0.052400 0.092700 0.039600 0.043600 0.069600 0.023400 0.052500 0.062400 0.078400 0.083200 0.061700 0.088900 0.086200 0.071800 0.047800 0.054000 0.049800 0.064000 0.085500 0.071200 0.066100
MaxwellsDu 0.062900 0.216200 0.072100 0.176700 0.061500 0.057700 0.000000 0.061700 0.076800 0.087900 0.055700 0.079700 0.057900 0.040900 0.061100 0.070700 0.089800 0.076400 0.057800 0.082000 0.054500 0.059400 0.084800 0.078500 0.054000 0.072200 0.056400 0.080500 0.064200 0.073800 0.096700 0.036200 0.105900 0.053900 0.059200 0.072500 0.057400 0.061600 0.059300 0.079600 0.084300 0.070200 0.096100 0.089800 0.078100 0.049500 0.060800 0.057400 0.064000 0.087300 0.078900 0.077200
GazellaPrz 0.053400 0.193900 0.062500 0.173700 0.058200 0.050000 0.061700 0.000000 0.070500 0.082900 0.046900 0.068300 0.050100 0.059600 0.053300 0.056600 0.070900 0.071100 0.053400 0.068900 0.043700 0.051700 0.078300 0.078000 0.045200 0.057800 0.048600 0.067400 0.051600 0.064100 0.091600 0.051600 0.088900 0.045300 0.046700 0.067900 0.048600 0.058200 0.059600 0.081400 0.081100 0.057500 0.091000 0.089100 0.075300 0.050100 0.046800 0.052900 0.064600 0.080900 0.069100 0.064200
MountainNy 0.071000 0.208700 0.023300 0.169100 0.071500 0.069100 0.076800 0.070500 0.000000 0.085600 0.067200 0.045900 0.069500 0.076200 0.065600 0.084600 0.084500 0.073700 0.072700 0.013900 0.072700 0.069200 0.089400 0.082500 0.068800 0.080600 0.068000 0.009200 0.077500 0.020200 0.094400 0.067900 0.097700 0.064500 0.063100 0.047200 0.072300 0.071500 0.082900 0.085900 0.090600 0.078500 0.093800 0.092600 0.052500 0.065000 0.074700 0.068500 0.085000 0.092200 0.024900 0.021800
MuntiacusM 0.087000 0.208800 0.085900 0.175900 0.085600 0.081700 0.087900 0.082900 0.085600 0.000000 0.081400 0.082700 0.080700 0.085400 0.080700 0.081900 0.093400 0.076900 0.080800 0.085600 0.078100 0.083500 0.037700 0.039300 0.082900 0.088900 0.079200 0.087500 0.078100 0.087700 0.007700 0.078900 0.103200 0.073000 0.077100 0.080200 0.086500 0.089100 0.082300 0.039300 0.034400 0.085900 0.007700 0.048900 0.086000 0.080600 0.083900 0.083500 0.092500 0.089500 0.092800 0.087700
goat 0.026600 0.203400 0.059100 0.165100 0.050700 0.021800 0.055700 0.046900 0.067200 0.081400 0.000000 0.063300 0.042700 0.048900 0.048300 0.057700 0.077600 0.067800 0.031400 0.068900 0.045500 0.029800 0.078300 0.073100 0.010700 0.060100 0.041100 0.067400 0.050700 0.064100 0.090100 0.050600 0.094100 0.037800 0.041800 0.067700 0.017000 0.050700 0.058900 0.076500 0.082900 0.059800 0.089500 0.084200 0.073100 0.046000 0.052200 0.048000 0.062100 0.084200 0.069200 0.060800
AfricanBuf 0.070500 0.201600 0.042800 0.155900 0.074200 0.065200 0.079700 0.068300 0.045900 0.082700 0.063300 0.000000 0.066100 0.075700 0.066000 0.074100 0.079900 0.069100 0.070300 0.041100 0.062100 0.067000 0.081400 0.077800 0.061600 0.066400 0.064500 0.042700 0.070200 0.039600 0.091400 0.070800 0.093800 0.057800 0.062500 0.018700 0.065100 0.074200 0.070700 0.077800 0.084200 0.066100 0.090900 0.084600 0.026800 0.059400 0.067400 0.065500 0.078300 0.081500 0.044400 0.039600
Topi 0.046200 0.201400 0.061900 0.168700 0.049200 0.044400 0.057900 0.050100 0.069500 0.080700 0.042700 0.066100 0.000000 0.051800 0.054200 0.056300 0.073200 0.060700 0.045700 0.067500 0.045800 0.044500 0.076000 0.067500 0.037800 0.058700 0.001500 0.066800 0.052500 0.063600 0.089400 0.047900 0.091900 0.010900 0.025000 0.060400 0.044300 0.049200 0.059100 0.077600 0.078900 0.057800 0.090600 0.078500 0.067500 0.047100 0.047600 0.047400 0.067300 0.073800 0.068600 0.063600
CommonDuik 0.055800 0.208500 0.071500 0.175400 0.053700 0.050700 0.040900 0.059600 0.076200 0.085400 0.048900 0.075700 0.051800 0.000000 0.060500 0.065200 0.087400 0.072500 0.049100 0.081400 0.052400 0.052400 0.082400 0.073300 0.050400 0.070000 0.050300 0.079900 0.060400 0.076600 0.090700 0.032700 0.105000 0.047000 0.050500 0.070200 0.050600 0.055400 0.060400 0.073900 0.081900 0.068000 0.090200 0.084400 0.075800 0.047400 0.058700 0.056900 0.063500 0.086800 0.081700 0.076700
Suni 0.055200 0.206700 0.064200 0.166400 0.059000 0.050100 0.061100 0.053300 0.065600 0.080700 0.048300 0.066000 0.054200 0.060500 0.000000 0.058600 0.080300 0.067200 0.052600 0.070600 0.046800 0.048500 0.079400 0.073300 0.049900 0.061000 0.052700 0.065800 0.051700 0.065900 0.089400 0.055700 0.096100 0.049400 0.047500 0.064000 0.053300 0.059100 0.060700 0.076600 0.082200 0.057500 0.088900 0.083500 0.067700 0.047800 0.054000 0.040900 0.062200 0.078600 0.069200 0.065900
Springbuck 0.064700 0.198300 0.076600 0.169800 0.061100 0.059500 0.070700 0.056600 0.084600 0.081900 0.057700 0.074100 0.056300 0.065200 0.058600 0.000000 0.083400 0.071700 0.059300 0.083200 0.044700 0.061300 0.078900 0.076700 0.055900 0.049200 0.054700 0.081700 0.036600 0.078300 0.090700 0.061900 0.098300 0.051400 0.050400 0.073600 0.059400 0.067900 0.052900 0.080400 0.083500 0.048700 0.090100 0.087900 0.079300 0.057400 0.051200 0.051300 0.072300 0.086800 0.083500 0.078400
Okapi 0.079700 0.171400 0.073000 0.154800 0.087600 0.079500 0.089800 0.070900 0.084500 0.093400 0.077600 0.079900 0.073200 0.087400 0.080300 0.083400 0.000000 0.024800 0.083800 0.079500 0.072700 0.081300 0.082600 0.081800 0.075800 0.079000 0.071700 0.081400 0.079400 0.078100 0.102200 0.074100 0.076000 0.065400 0.070100 0.080900 0.079300 0.084300 0.087000 0.085200 0.087400 0.082200 0.101600 0.088600 0.086700 0.072800 0.076800 0.076400 0.092700 0.079600 0.082300 0.078100
Giraffe 0.072200 0.174800 0.069000 0.143100 0.074400 0.068700 0.076400 0.071100 0.073700 0.076900 0.067800 0.069100 0.060700 0.072500 0.067200 0.071700 0.024800 0.000000 0.074000 0.072100 0.064400 0.071500 0.072700 0.068800 0.069300 0.067300 0.059100 0.073900 0.061200 0.070700 0.085500 0.064300 0.069600 0.052500 0.060500 0.066700 0.072900 0.074400 0.070500 0.072100 0.074200 0.073900 0.085000 0.075400 0.068900 0.063000 0.070300 0.066800 0.082700 0.066300 0.074700 0.070700
TibetanAnt 0.038100 0.207400 0.068500 0.165100 0.049300 0.036400 0.057800 0.053400 0.072700 0.080800 0.031400 0.070300 0.045700 0.049100 0.052600 0.059300 0.083800 0.074000 0.000000 0.075000 0.045800 0.039600 0.077800 0.069300 0.029800 0.058700 0.044200 0.073500 0.052500 0.066900 0.086100 0.054000 0.100400 0.039700 0.042700 0.073700 0.039500 0.052600 0.055800 0.072600 0.082300 0.058400 0.085600 0.080300 0.079400 0.047900 0.055600 0.050700 0.057500 0.083900 0.072000 0.070300
Sitatunga 0.072800 0.204600 0.021800 0.163300 0.072400 0.070900 0.082000 0.068900 0.013900 0.085600 0.068900 0.041100 0.067500 0.081400 0.070600 0.083200 0.079500 0.072100 0.075000 0.000000 0.069000 0.072600 0.086000 0.076500 0.067200 0.078900 0.065900 0.013900 0.079300 0.018600 0.094400 0.073100 0.096700 0.060100 0.061500 0.043800 0.070700 0.072400 0.081300 0.082500 0.087200 0.078600 0.093800 0.086600 0.052300 0.065100 0.069700 0.067700 0.085600 0.087100 0.023300 0.020200
Oribi 0.054100 0.191900 0.061100 0.164400 0.051000 0.049000 0.054500 0.043700 0.072700 0.078100 0.045500 0.062100 0.045800 0.052400 0.046800 0.044700 0.072700 0.064400 0.045800 0.069000 0.000000 0.050700 0.075000 0.066400 0.040600 0.042100 0.044200 0.069600 0.039100 0.064100 0.085900 0.046000 0.090900 0.037600 0.039900 0.061700 0.045600 0.055900 0.042800 0.069700 0.079600 0.042000 0.086300 0.077500 0.067200 0.041400 0.036300 0.040100 0.057500 0.079400 0.067900 0.066300
BarbaryShe 0.033200 0.207700 0.066000 0.169800 0.054200 0.029900 0.059400 0.051700 0.069200 0.083500 0.029800 0.067000 0.044500 0.052400 0.048500 0.061300 0.081300 0.071500 0.039600 0.072600 0.050700 0.000000 0.082100 0.076800 0.029700 0.063700 0.042900 0.069400 0.052500 0.067800 0.092200 0.050900 0.098700 0.039600 0.043600 0.071300 0.028200 0.054200 0.064800 0.080200 0.086700 0.060100 0.091600 0.088000 0.077000 0.046200 0.052100 0.051400 0.063300 0.087100 0.072900 0.067800
Daviddeer 0.082200 0.208200 0.082900 0.166500 0.082600 0.080300 0.084800 0.078300 0.089400 0.037700 0.078300 0.081400 0.076000 0.082400 0.079400 0.078900 0.082600 0.072700 0.077800 0.086000 0.075000 0.082100 0.000000 0.039500 0.079900 0.082300 0.074500 0.091400 0.071600 0.088000 0.045900 0.075800 0.103700 0.071600 0.074100 0.082300 0.083500 0.082600 0.081000 0.036100 0.017000 0.079400 0.045600 0.049200 0.088100 0.074200 0.077500 0.077100 0.085900 0.087100 0.093200 0.088100
Reindeer 0.080300 0.205300 0.079300 0.169700 0.074000 0.075000 0.078500 0.078000 0.082500 0.039300 0.073100 0.077800 0.067500 0.073300 0.073300 0.076700 0.081800 0.068800 0.069300 0.076500 0.066400 0.076800 0.039500 0.000000 0.074600 0.080400 0.065900 0.084400 0.069900 0.081100 0.044200 0.067300 0.095000 0.063700 0.065600 0.078700 0.077700 0.077400 0.074100 0.025000 0.042400 0.077600 0.043900 0.015500 0.081000 0.072300 0.075600 0.072000 0.084100 0.081900 0.086200 0.081100
Ibex 0.025000 0.203000 0.060700 0.166500 0.052200 0.023400 0.054000 0.045200 0.068800 0.082900 0.010700 0.061600 0.037800 0.050400 0.049900 0.055900 0.075800 0.069300 0.029800 0.067200 0.040600 0.029700 0.079900 0.074600 0.000000 0.055000 0.036200 0.065700 0.052200 0.059100 0.091600 0.052200 0.095600 0.033000 0.036900 0.065900 0.015400 0.052200 0.058600 0.078000 0.084400 0.054800 0.091000 0.085800 0.074700 0.044300 0.050500 0.043100 0.063600 0.082500 0.064100 0.062500
GyrantGaze 0.063800 0.194700 0.068900 0.171100 0.063500 0.058600 0.072200 0.057800 0.080600 0.088900 0.060100 0.066400 0.058700 0.070000 0.061000 0.049200 0.079000 0.067300 0.058700 0.078900 0.042100 0.063700 0.082300 0.080400 0.055000 0.000000 0.057100 0.077500 0.037700 0.070600 0.097900 0.063400 0.094700 0.053700 0.052800 0.069300 0.061800 0.063500 0.057600 0.080300 0.090300 0.018600 0.097200 0.091900 0.075000 0.053700 0.051800 0.050700 0.075100 0.085900 0.075800 0.074100
Hartebeest 0.044600 0.199900 0.060300 0.167100 0.047700 0.042900 0.056400 0.048600 0.068000 0.079200 0.041100 0.064500 0.001500 0.050300 0.052700 0.054700 0.071700 0.059100 0.044200 0.065900 0.044200 0.042900 0.074500 0.065900 0.036200 0.057100 0.000000 0.065300 0.051000 0.062000 0.087900 0.046400 0.090300 0.009300 0.023400 0.058900 0.042800 0.047700 0.057500 0.076000 0.077400 0.056300 0.089000 0.076900 0.065900 0.045600 0.046000 0.045800 0.065800 0.072200 0.067100 0.062100
Bongo 0.071200 0.209300 0.020200 0.169400 0.071700 0.069400 0.080500 0.067400 0.009200 0.087500 0.067400 0.042700 0.066800 0.079900 0.065800 0.081700 0.081400 0.073900 0.073500 0.013900 0.069600 0.069400 0.091400 0.084400 0.065700 0.077500 0.065300 0.000000 0.077800 0.017100 0.096300 0.071600 0.098700 0.061900 0.060000 0.044100 0.069200 0.071700 0.083100 0.087800 0.092500 0.077200 0.095700 0.094500 0.052600 0.066900 0.071500 0.065300 0.084100 0.089100 0.021800 0.018700
Gerenuk 0.057600 0.197700 0.072800 0.170100 0.057300 0.052500 0.064200 0.051600 0.077500 0.078100 0.050700 0.070200 0.052500 0.060400 0.051700 0.036600 0.079400 0.061200 0.052500 0.079300 0.039100 0.052500 0.071600 0.069900 0.052200 0.037700 0.051000 0.077800 0.000000 0.074400 0.086700 0.050700 0.090900 0.047700 0.046700 0.069800 0.055600 0.060600 0.049100 0.073200 0.076200 0.040800 0.082800 0.081000 0.072000 0.051000 0.045800 0.051400 0.063900 0.082700 0.079600 0.074500
CommonElan 0.067900 0.203500 0.017100 0.165800 0.068400 0.066100 0.073800 0.064100 0.020200 0.087700 0.064100 0.039600 0.063600 0.076600 0.065900 0.078300 0.078100 0.070700 0.066900 0.018600 0.064100 0.067800 0.088000 0.081100 0.059100 0.070600 0.062000 0.017100 0.074400 0.000000 0.096400 0.068300 0.095400 0.058600 0.056700 0.042300 0.065900 0.065100 0.075100 0.084500 0.089200 0.070300 0.095800 0.091200 0.050800 0.060300 0.068200 0.061900 0.080800 0.085700 0.007700 0.010900
MuntiacusR 0.094000 0.217100 0.094700 0.176100 0.094300 0.088600 0.096700 0.091600 0.094400 0.007700 0.090100 0.091400 0.089400 0.090700 0.089400 0.090700 0.102200 0.085500 0.086100 0.094400 0.085900 0.092200 0.045900 0.044200 0.091600 0.097900 0.087900 0.096300 0.086700 0.096400 0.000000 0.087500 0.110300 0.081700 0.085800 0.088900 0.095300 0.097800 0.091000 0.044200 0.042400 0.094800 0.012300 0.053900 0.091200 0.089400 0.092600 0.092200 0.101300 0.095600 0.101600 0.096500
HarveysDui 0.057500 0.199100 0.063200 0.175000 0.053800 0.052400 0.036200 0.051600 0.067900 0.078900 0.050600 0.070800 0.047900 0.032700 0.055700 0.061900 0.074100 0.064300 0.054000 0.073100 0.046000 0.050900 0.075800 0.067300 0.052200 0.063400 0.046400 0.071600 0.050700 0.068300 0.087500 0.000000 0.090000 0.042100 0.047400 0.063800 0.052300 0.053900 0.054000 0.070700 0.075400 0.061500 0.087000 0.078300 0.065900 0.044300 0.052300 0.052100 0.058700 0.080100 0.073300 0.068300
Pronghorn 0.098100 0.185900 0.095300 0.165400 0.103600 0.092700 0.105900 0.088900 0.097700 0.103200 0.094100 0.093800 0.091900 0.105000 0.096100 0.098300 0.076000 0.069600 0.100400 0.096700 0.090900 0.098700 0.103700 0.095000 0.095600 0.094700 0.090300 0.098700 0.090900 0.095400 0.110300 0.090000 0.000000 0.083500 0.087700 0.098100 0.099300 0.103600 0.100000 0.101800 0.103100 0.102200 0.111400 0.098400 0.097100 0.092100 0.094800 0.097100 0.114000 0.096200 0.100500 0.095500
BlueWildeb 0.041300 0.194000 0.056900 0.159400 0.047600 0.039600 0.053900 0.045300 0.064500 0.073000 0.037800 0.057800 0.010900 0.047000 0.049400 0.051400 0.065400 0.052500 0.039700 0.060100 0.037600 0.039600 0.071600 0.063700 0.033000 0.053700 0.009300 0.061900 0.047700 0.058600 0.081700 0.042100 0.083500 0.000000 0.020200 0.055500 0.036300 0.047700 0.050900 0.069800 0.074500 0.052800 0.082800 0.074700 0.062500 0.038900 0.042700 0.043200 0.062400 0.065400 0.063600 0.058700
Gemsbok 0.045400 0.195100 0.055100 0.166400 0.050700 0.043600 0.059200 0.046700 0.063100 0.077100 0.041800 0.062500 0.025000 0.050500 0.047500 0.050400 0.070100 0.060500 0.042700 0.061500 0.039900 0.043600 0.074100 0.065600 0.036900 0.052800 0.023400 0.060000 0.046700 0.056700 0.085800 0.047400 0.087700 0.020200 0.000000 0.060200 0.043500 0.052400 0.054000 0.072300 0.077000 0.052600 0.085200 0.076600 0.065700 0.047700 0.045800 0.044000 0.060500 0.075100 0.061700 0.056800
Yak 0.074900 0.200500 0.039300 0.160100 0.070400 0.069600 0.072500 0.067900 0.047200 0.080200 0.067700 0.018700 0.060400 0.070200 0.064000 0.073600 0.080900 0.066700 0.073700 0.043800 0.061700 0.071300 0.082300 0.078700 0.065900 0.069300 0.058900 0.044100 0.069800 0.042300 0.088900 0.063800 0.098100 0.055500 0.060200 0.000000 0.066100 0.070500 0.067100 0.078700 0.080000 0.069100 0.088300 0.083800 0.010900 0.059200 0.063700 0.065100 0.080500 0.075400 0.045800 0.041000
BlueSheep 0.028300 0.211500 0.057500 0.165100 0.055600 0.023400 0.057400 0.048600 0.072300 0.086500 0.017000 0.065100 0.044300 0.050600 0.053300 0.059400 0.079300 0.072900 0.039500 0.070700 0.045600 0.028200 0.083500 0.077700 0.015400 0.061800 0.042800 0.069200 0.055600 0.065900 0.095300 0.052300 0.099300 0.036300 0.043500 0.066100 0.000000 0.055600 0.065500 0.079900 0.084600 0.061600 0.094700 0.089000 0.074900 0.051000 0.053900 0.049700 0.067100 0.082700 0.071000 0.066000
BohorReedb 0.054300 0.215100 0.066700 0.170100 0.015500 0.052500 0.061600 0.058200 0.071500 0.089100 0.050700 0.074200 0.049200 0.055400 0.059100 0.067900 0.084300 0.074400 0.052600 0.072400 0.055900 0.054200 0.082600 0.077400 0.052200 0.063500 0.047700 0.071700 0.060600 0.065100 0.097800 0.053900 0.103600 0.047700 0.052400 0.070500 0.055600 0.000000 0.063900 0.080800 0.089000 0.063300 0.097300 0.088600 0.076000 0.049300 0.057200 0.058700 0.068700 0.090600 0.070100 0.065200
KirksDik 0.067500 0.186000 0.081500 0.169900 0.060600 0.062400 0.059300 0.059600 0.082900 0.082300 0.058900 0.070700 0.059100 0.060400 0.060700 0.052900 0.087000 0.070500 0.055800 0.081300 0.042800 0.064800 0.081000 0.074100 0.058600 0.057600 0.057500 0.083100 0.049100 0.075100 0.091000 0.054000 0.100000 0.050900 0.054000 0.067100 0.065500 0.063900 0.000000 0.079100 0.083900 0.056600 0.091400 0.083500 0.067600 0.052700 0.049000 0.055500 0.072200 0.088800 0.081600 0.079900
RoeDeer 0.080300 0.210500 0.079300 0.163900 0.080800 0.078400 0.079600 0.081400 0.085900 0.039300 0.076500 0.077800 0.077600 0.073900 0.076600 0.080400 0.085200 0.072100 0.072600 0.082500 0.069700 0.080200 0.036100 0.025000 0.078000 0.080300 0.076000 0.087800 0.073200 0.084500 0.044200 0.070700 0.101800 0.069800 0.072300 0.078700 0.079900 0.080800 0.079100 0.000000 0.042400 0.077500 0.043900 0.034600 0.084400 0.075700 0.075600 0.078700 0.087600 0.080100 0.089600 0.084600
WhiteLippe 0.088500 0.208700 0.084100 0.171600 0.085500 0.083200 0.084300 0.081100 0.090600 0.034400 0.082900 0.084200 0.078900 0.081900 0.082200 0.083500 0.087400 0.074200 0.082300 0.087200 0.079600 0.086700 0.017000 0.042400 0.084400 0.090300 0.077400 0.092500 0.076200 0.089200 0.042400 0.075400 0.103100 0.074500 0.077000 0.080000 0.084600 0.089000 0.083900 0.042400 0.000000 0.083900 0.042200 0.052100 0.085700 0.077100 0.080400 0.085100 0.091900 0.084900 0.094300 0.089300
ThomsonGaz 0.063500 0.201100 0.068600 0.170400 0.063300 0.061700 0.070200 0.057500 0.078500 0.085900 0.059800 0.066100 0.057800 0.068000 0.057500 0.048700 0.082200 0.073900 0.058400 0.078600 0.042000 0.060100 0.079400 0.077600 0.054800 0.018600 0.056300 0.077200 0.040800 0.070300 0.094800 0.061500 0.102200 0.052800 0.052600 0.069100 0.061600 0.063300 0.056600 0.077500 0.083900 0.000000 0.094100 0.088900 0.074700 0.046800 0.050000 0.047300 0.074900 0.089100 0.075500 0.073800
MuntiacusC 0.094300 0.216500 0.094100 0.183600 0.093800 0.088900 0.096100 0.091000 0.093800 0.007700 0.089500 0.090900 0.090600 0.090200 0.088900 0.090100 0.101600 0.085000 0.085600 0.093800 0.086300 0.091600 0.045600 0.043900 0.091000 0.097200 0.089000 0.095700 0.082800 0.095800 0.012300 0.087000 0.111400 0.082800 0.085200 0.088300 0.094700 0.097300 0.091400 0.043900 0.042200 0.094100 0.000000 0.053600 0.094200 0.088800 0.092000 0.091600 0.100700 0.091600 0.101000 0.095900
WhiteTaile 0.091600 0.214100 0.089500 0.177500 0.085100 0.086200 0.089800 0.089100 0.092600 0.048900 0.084200 0.084600 0.078500 0.084400 0.083500 0.087900 0.088600 0.075400 0.080300 0.086600 0.077500 0.088000 0.049200 0.015500 0.085800 0.091900 0.076900 0.094500 0.081000 0.091200 0.053900 0.078300 0.098400 0.074700 0.076600 0.083800 0.089000 0.088600 0.083500 0.034600 0.052100 0.088900 0.053600 0.000000 0.086200 0.084600 0.086700 0.082100 0.094400 0.092200 0.096500 0.091300
Cattle 0.077100 0.192300 0.047800 0.161300 0.076000 0.071800 0.078100 0.075300 0.052500 0.086000 0.073100 0.026800 0.067500 0.075800 0.067700 0.079300 0.086700 0.068900 0.079400 0.052300 0.067200 0.077000 0.088100 0.081000 0.074700 0.075000 0.065900 0.052600 0.072000 0.050800 0.091200 0.065900 0.097100 0.062500 0.065700 0.010900 0.074900 0.076000 0.067600 0.084400 0.085700 0.074700 0.094200 0.086200 0.000000 0.059600 0.072500 0.070600 0.086200 0.084700 0.054400 0.049500
RoyalAntel 0.052900 0.190700 0.061900 0.164600 0.049200 0.047800 0.049500 0.050100 0.065000 0.080600 0.046000 0.059400 0.047100 0.047400 0.047800 0.057400 0.072800 0.063000 0.047900 0.065100 0.041400 0.046200 0.074200 0.072300 0.044300 0.053700 0.045600 0.066900 0.051000 0.060300 0.089400 0.044300 0.092100 0.038900 0.047700 0.059200 0.051000 0.049300 0.052700 0.075700 0.077100 0.046800 0.088800 0.084600 0.059600 0.000000 0.046700 0.044300 0.054000 0.081200 0.065300 0.063600
Steenbok 0.059100 0.191900 0.066500 0.173300 0.053900 0.054000 0.060800 0.046800 0.074700 0.083900 0.052200 0.067400 0.047600 0.058700 0.054000 0.051200 0.076800 0.070300 0.055600 0.069700 0.036300 0.052100 0.077500 0.075600 0.050500 0.051800 0.046000 0.071500 0.045800 0.068200 0.092600 0.052300 0.094800 0.042700 0.045800 0.063700 0.053900 0.057200 0.049000 0.075600 0.080400 0.050000 0.092000 0.086700 0.072500 0.046700 0.000000 0.053700 0.063800 0.081800 0.073300 0.068300
Impala 0.054900 0.201000 0.064300 0.168700 0.058700 0.049800 0.057400 0.052900 0.068500 0.083500 0.048000 0.065500 0.047400 0.056900 0.040900 0.051300 0.076400 0.066800 0.050700 0.067700 0.040100 0.051400 0.077100 0.072000 0.043100 0.050700 0.045800 0.065300 0.051400 0.061900 0.092200 0.052100 0.097100 0.043200 0.044000 0.065100 0.049700 0.058700 0.055500 0.078700 0.085100 0.047300 0.091600 0.082100 0.070600 0.044300 0.053700 0.000000 0.066900 0.081500 0.067100 0.065500
Klipspring 0.069100 0.217600 0.074000 0.185700 0.068700 0.064000 0.064000 0.064600 0.085000 0.092500 0.062100 0.078300 0.067300 0.063500 0.062200 0.072300 0.092700 0.082700 0.057500 0.085600 0.057500 0.063300 0.085900 0.084100 0.063600 0.075100 0.065800 0.084100 0.063900 0.080800 0.101300 0.058700 0.114000 0.062400 0.060500 0.080500 0.067100 0.068700 0.072200 0.087600 0.091900 0.074900 0.100700 0.094400 0.086200 0.054000 0.063800 0.066900 0.000000 0.095700 0.079100 0.080900
ForestMusk 0.091000 0.202600 0.077100 0.173000 0.090500 0.085500 0.087300 0.080900 0.092200 0.089500 0.084200 0.081500 0.073800 0.086800 0.078600 0.086800 0.079600 0.066300 0.083900 0.087100 0.079400 0.087100 0.087100 0.081900 0.082500 0.085900 0.072200 0.089100 0.082700 0.085700 0.095600 0.080100 0.096200 0.065400 0.075100 0.075400 0.082700 0.090600 0.088800 0.080100 0.084900 0.089100 0.091600 0.092200 0.084700 0.081200 0.081800 0.081500 0.095700 0.000000 0.087400 0.085800
Bushbuck 0.073000 0.209500 0.018700 0.171500 0.073400 0.071200 0.078900 0.069100 0.024900 0.092800 0.069200 0.044400 0.068600 0.081700 0.069200 0.083500 0.082300 0.074700 0.072000 0.023300 0.067900 0.072900 0.093200 0.086200 0.064100 0.075800 0.067100 0.021800 0.079600 0.007700 0.101600 0.073300 0.100500 0.063600 0.061700 0.045800 0.071000 0.070100 0.081600 0.089600 0.094300 0.075500 0.101000 0.096500 0.054400 0.065300 0.073300 0.067100 0.079100 0.087400 0.000000 0.012400
GreaterKud 0.068000 0.204800 0.015600 0.166000 0.068500 0.066100 0.077200 0.064200 0.021800 0.087700 0.060800 0.039600 0.063600 0.076700 0.065900 0.078400 0.078100 0.070700 0.070300 0.020200 0.066300 0.067800 0.088100 0.081100 0.062500 0.074100 0.062100 0.018700 0.074500 0.010900 0.096500 0.068300 0.095500 0.058700 0.056800 0.041000 0.066000 0.065200 0.079900 0.084600 0.089300 0.073800 0.095900 0.091300 0.049500 0.063600 0.068300 0.065500 0.080900 0.085800 0.012400 0.000000
