1
52 1
Argali 0.000000 0.284400 0.111600 0.285000 0.094300 0.000000 0.077600 0.093700 0.111400 0.172500 0.030200 0.095600 0.116600 0.069700 0.102600 0.102700 0.111400 0.127000 0.045600 0.103400 0.077600 0.045700 0.178600 0.170800 0.037100 0.077400 0.100100 0.103400 0.094500 0.127900 0.171600 0.101900 0.202200 0.108900 0.092300 0.113500 0.037900 0.085400 0.118400 0.179700 0.170200 0.101400 0.162700 0.163400 0.113300 0.069700 0.110100 0.068900 0.118900 0.101500 0.110700 0.103600
LesserMous 0.284400 0.000000 0.303500 0.327700 0.317600 0.284400 0.282800 0.304000 0.317800 0.260300 0.285200 0.332000 0.322400 0.263300 0.259400 0.316400 0.284200 0.280100 0.274200 0.307400 0.294700 0.285200 0.286400 0.237200 0.273700 0.283200 0.323400 0.307400 0.296100 0.338100 0.258700 0.258800 0.317200 0.312900 0.268100 0.312500 0.285300 0.281300 0.362100 0.277000 0.298300 0.292500 0.269700 0.250200 0.313100 0.253200 0.316300 0.290800 0.337900 0.227900 0.325200 0.307700
LesserKudu 0.111600 0.303500 0.000000 0.306900 0.095100 0.111600 0.101100 0.094100 0.037800 0.171400 0.095100 0.129700 0.135000 0.094100 0.103300 0.137800 0.165900 0.182100 0.078300 0.022600 0.094400 0.086700 0.159800 0.187800 0.103200 0.094300 0.152600 0.022600 0.129200 0.037600 0.170500 0.126700 0.221800 0.144400 0.109700 0.140000 0.086600 0.094400 0.154500 0.178300 0.169500 0.118900 0.161500 0.160800 0.140200 0.094800 0.127900 0.110300 0.119700 0.110500 0.030100 0.022400
KillerWhal 0.285000 0.327700 0.306900 0.000000 0.354200 0.285000 0.318800 0.327600 0.320200 0.283600 0.264200 0.301200 0.258100 0.297800 0.360400 0.317600 0.295000 0.282500 0.285100 0.333100 0.316200 0.275300 0.278600 0.249400 0.252900 0.328000 0.278900 0.333100 0.354000 0.341700 0.260900 0.314400 0.308200 0.269100 0.311400 0.328700 0.274400 0.317800 0.318500 0.300700 0.269200 0.338200 0.272100 0.252100 0.329500 0.330100 0.351500 0.336500 0.328400 0.292200 0.306400 0.333700
DefassaWat 0.094300 0.317600 0.095100 0.354200 0.000000 0.094300 0.077900 0.085700 0.103400 0.154700 0.078200 0.104500 0.134200 0.069500 0.094700 0.094600 0.147400 0.163300 0.061800 0.095400 0.069700 0.061100 0.160600 0.171100 0.086200 0.069600 0.134400 0.095400 0.086500 0.119700 0.153800 0.102300 0.211600 0.126500 0.109400 0.132100 0.070100 0.030200 0.110100 0.161800 0.152500 0.093300 0.145100 0.145800 0.132300 0.069900 0.118600 0.085200 0.085700 0.127400 0.085900 0.095600
Sheep 0.000000 0.284400 0.111600 0.285000 0.094300 0.000000 0.077600 0.093700 0.111400 0.172500 0.030200 0.095600 0.116600 0.069700 0.102600 0.102700 0.111400 0.127000 0.045600 0.103400 0.077600 0.045700 0.178600 0.170800 0.037800 0.077400 0.100100 0.103400 0.094500 0.127900 0.171600 0.101900 0.202200 0.108900 0.092300 0.113500 0.037900 0.085400 0.118400 0.179700 0.170200 0.101400 0.162700 0.163400 0.113300 0.069700 0.110100 0.068900 0.118900 0.101500 0.110700 0.103600
MaxwellsDu 0.077600 0.282800 0.101100 0.318800 0.077900 0.077600 0.000000 0.069200 0.101400 0.136200 0.061800 0.103500 0.116900 0.022600 0.094200 0.094100 0.129000 0.144700 0.045800 0.093300 0.069300 0.061800 0.142600 0.152400 0.069600 0.069100 0.117100 0.093300 0.085900 0.109600 0.135400 0.053200 0.191600 0.109200 0.092500 0.113400 0.053700 0.077300 0.109900 0.143300 0.134400 0.092900 0.127000 0.127500 0.113600 0.053600 0.101500 0.068700 0.101800 0.109800 0.100800 0.093000
GazellaPrz 0.093700 0.304000 0.094100 0.327600 0.085700 0.093700 0.069200 0.000000 0.094000 0.144400 0.085700 0.110800 0.115400 0.061500 0.101900 0.085000 0.127700 0.144200 0.069300 0.102800 0.044900 0.085700 0.133400 0.152000 0.093600 0.060600 0.107800 0.102800 0.077000 0.110000 0.143600 0.093000 0.228100 0.107800 0.100100 0.139000 0.077300 0.101500 0.084000 0.151500 0.142500 0.076000 0.135200 0.135700 0.139300 0.077200 0.092200 0.092400 0.092800 0.117700 0.109900 0.103000
MountainNy 0.111400 0.317800 0.037800 0.320200 0.103400 0.111400 0.101400 0.094000 0.000000 0.162300 0.094900 0.129500 0.117600 0.094700 0.086300 0.137700 0.147600 0.163500 0.078200 0.014900 0.111200 0.095000 0.168900 0.178400 0.103000 0.094200 0.134800 0.014800 0.129100 0.029700 0.161400 0.126900 0.201700 0.126800 0.126500 0.139900 0.086400 0.102600 0.136600 0.169000 0.160400 0.110300 0.152500 0.151600 0.140200 0.094700 0.127700 0.110200 0.111000 0.110300 0.053200 0.015000
MuntiacusM 0.172500 0.260300 0.171400 0.283600 0.154700 0.172500 0.136200 0.144400 0.162300 0.000000 0.155100 0.165700 0.159900 0.128400 0.172700 0.171500 0.145600 0.161600 0.137100 0.172300 0.162800 0.137100 0.059600 0.052300 0.145800 0.162300 0.177900 0.172300 0.182000 0.198600 0.014700 0.162100 0.190600 0.169700 0.187800 0.158400 0.145900 0.153600 0.170800 0.083700 0.052100 0.179400 0.007400 0.022200 0.158700 0.145400 0.171000 0.161400 0.162200 0.152100 0.179300 0.172300
goat 0.030200 0.285200 0.095100 0.264200 0.078200 0.030200 0.061800 0.085700 0.094900 0.155100 0.000000 0.087600 0.100400 0.054000 0.086300 0.094600 0.111900 0.127600 0.015000 0.087000 0.069700 0.015000 0.161200 0.171600 0.007400 0.069500 0.100500 0.087000 0.086400 0.111200 0.154200 0.085800 0.184000 0.092800 0.076500 0.096600 0.007500 0.069500 0.110200 0.162400 0.153000 0.093300 0.145500 0.146200 0.096400 0.053900 0.102000 0.053300 0.102400 0.085400 0.094400 0.087200
AfricanBuf 0.095600 0.332000 0.129700 0.301200 0.104500 0.095600 0.103500 0.110800 0.129500 0.165700 0.087600 0.000000 0.126900 0.095900 0.121000 0.120200 0.148900 0.164900 0.087200 0.121400 0.094400 0.087600 0.171500 0.173400 0.079100 0.094200 0.135600 0.121400 0.111800 0.146100 0.164700 0.128900 0.185800 0.136400 0.136000 0.055700 0.079100 0.120600 0.145100 0.172900 0.163200 0.118500 0.155800 0.156600 0.055800 0.095400 0.127300 0.094400 0.146500 0.128400 0.128700 0.121700
Topi 0.116600 0.322400 0.135000 0.258100 0.134200 0.116600 0.116900 0.115400 0.117600 0.159900 0.100400 0.126900 0.000000 0.109000 0.125600 0.125900 0.125500 0.124800 0.084000 0.126600 0.116300 0.100400 0.166300 0.176300 0.092000 0.108200 0.029000 0.126600 0.134300 0.151400 0.159200 0.141500 0.207000 0.021600 0.098600 0.136600 0.091900 0.133600 0.083300 0.167100 0.140900 0.107700 0.150600 0.151100 0.136500 0.108700 0.133400 0.107400 0.107900 0.141700 0.133800 0.126900
CommonDuik 0.069700 0.263300 0.094100 0.297800 0.069500 0.069700 0.022600 0.061500 0.094700 0.128400 0.054000 0.095900 0.109000 0.000000 0.078100 0.086300 0.121000 0.136700 0.038100 0.086600 0.061600 0.054000 0.134700 0.144500 0.061800 0.061500 0.109100 0.086600 0.078200 0.111100 0.127600 0.030200 0.183300 0.101300 0.084800 0.105700 0.046100 0.069500 0.101700 0.135500 0.126600 0.085100 0.119300 0.119700 0.105900 0.046000 0.093600 0.061100 0.094000 0.102000 0.094000 0.086100
Suni 0.102600 0.259400 0.103300 0.360400 0.094700 0.102600 0.094200 0.101900 0.086300 0.172700 0.086300 0.121000 0.125600 0.078100 0.000000 0.128000 0.156000 0.171900 0.069800 0.078400 0.101900 0.086300 0.178800 0.189200 0.094300 0.102100 0.125900 0.078400 0.119200 0.102400 0.171700 0.110200 0.229300 0.117800 0.117500 0.149200 0.077900 0.110700 0.144800 0.179600 0.170400 0.126800 0.162900 0.163400 0.149500 0.086100 0.118100 0.085000 0.119100 0.110100 0.119400 0.078600
Springbuck 0.102700 0.316400 0.137800 0.317600 0.094600 0.102700 0.094100 0.085000 0.137700 0.171500 0.094600 0.120200 0.125900 0.086300 0.128000 0.000000 0.146300 0.162100 0.078000 0.129500 0.037400 0.094600 0.177600 0.179100 0.102600 0.052900 0.117700 0.129500 0.037600 0.154600 0.170500 0.118700 0.229700 0.118100 0.101100 0.149100 0.086100 0.110500 0.093100 0.178500 0.169200 0.067600 0.161800 0.162400 0.149300 0.086000 0.068100 0.100900 0.119100 0.126400 0.136700 0.129800
Okapi 0.111400 0.284200 0.165900 0.295000 0.147400 0.111400 0.129000 0.127700 0.147600 0.145600 0.111900 0.148900 0.125500 0.121000 0.156000 0.146300 0.000000 0.045100 0.094800 0.157300 0.128900 0.111900 0.151900 0.144300 0.103100 0.128600 0.125300 0.157300 0.147400 0.183100 0.144800 0.145600 0.192400 0.134800 0.126300 0.168300 0.103200 0.146400 0.145500 0.170500 0.143700 0.145200 0.136300 0.136900 0.168300 0.103300 0.163800 0.136300 0.137100 0.144700 0.164400 0.157600
Giraffe 0.127000 0.280100 0.182100 0.282500 0.163300 0.127000 0.144700 0.144200 0.163500 0.161600 0.127600 0.164900 0.124800 0.136700 0.171900 0.162100 0.045100 0.000000 0.110300 0.173400 0.144600 0.127600 0.167900 0.142500 0.118700 0.144300 0.124900 0.173400 0.163300 0.199400 0.160800 0.144000 0.199400 0.134000 0.125000 0.185000 0.118700 0.162400 0.144300 0.168400 0.142300 0.161100 0.152200 0.152900 0.185100 0.101800 0.161900 0.134300 0.152900 0.142700 0.162500 0.173700
TibetanAnt 0.045600 0.274200 0.078300 0.285100 0.061800 0.045600 0.045800 0.069300 0.078200 0.137100 0.015000 0.087200 0.084000 0.038100 0.069800 0.078000 0.094800 0.110300 0.000000 0.070400 0.053600 0.015000 0.143400 0.153400 0.022500 0.053500 0.084100 0.070400 0.069900 0.094200 0.136300 0.069400 0.183300 0.076400 0.060500 0.096200 0.007500 0.061400 0.093400 0.144300 0.135200 0.076900 0.127800 0.128300 0.095900 0.038000 0.085300 0.053100 0.085600 0.085400 0.077700 0.070500
Sitatunga 0.103400 0.307400 0.022600 0.333100 0.095400 0.103400 0.093300 0.102800 0.014900 0.172300 0.087000 0.121400 0.126600 0.086600 0.078400 0.129500 0.157300 0.173400 0.070400 0.000000 0.103200 0.087000 0.178900 0.188600 0.095100 0.086300 0.144100 0.000000 0.120900 0.029800 0.171300 0.118700 0.212400 0.135900 0.118500 0.131700 0.078600 0.094700 0.146000 0.179100 0.170300 0.110700 0.162300 0.161500 0.132000 0.086800 0.119600 0.102200 0.120100 0.102400 0.045600 0.000000
Oribi 0.077600 0.294700 0.094400 0.316200 0.069700 0.077600 0.069300 0.044900 0.111200 0.162800 0.069700 0.094400 0.116300 0.061600 0.101900 0.037400 0.128900 0.144600 0.053600 0.103200 0.000000 0.069700 0.151200 0.170500 0.077500 0.029700 0.108600 0.103200 0.029800 0.110500 0.161900 0.093200 0.229000 0.108700 0.076200 0.121900 0.061500 0.085300 0.084500 0.169900 0.160600 0.044300 0.153200 0.153900 0.122100 0.061400 0.060000 0.076200 0.093100 0.118100 0.093600 0.103400
BarbaryShe 0.045700 0.285200 0.086700 0.275300 0.061100 0.045700 0.061800 0.085700 0.095000 0.137100 0.015000 0.087600 0.100400 0.054000 0.086300 0.094600 0.111900 0.127600 0.015000 0.087000 0.069700 0.000000 0.143400 0.153400 0.022100 0.069500 0.100500 0.087000 0.086400 0.111200 0.136300 0.085800 0.165100 0.092800 0.076500 0.096700 0.007500 0.061400 0.110200 0.144300 0.135200 0.093400 0.127800 0.128300 0.096400 0.053900 0.102000 0.053300 0.085700 0.102100 0.077800 0.087200
Daviddeer 0.178600 0.286400 0.159800 0.278600 0.160600 0.178600 0.142600 0.133400 0.168900 0.059600 0.161200 0.171500 0.166300 0.134700 0.178800 0.177600 0.151900 0.167900 0.143400 0.178900 0.151200 0.143400 0.000000 0.051500 0.152000 0.168500 0.166600 0.178900 0.188100 0.186400 0.059300 0.168100 0.196600 0.176000 0.175800 0.182800 0.152000 0.159700 0.177100 0.074500 0.021600 0.185600 0.051700 0.051900 0.183100 0.151800 0.177400 0.167400 0.168300 0.167400 0.167500 0.178900
Reindeer 0.170800 0.237200 0.187800 0.249400 0.171100 0.170800 0.152400 0.152000 0.178400 0.052300 0.171600 0.173400 0.176300 0.144500 0.189200 0.179100 0.144300 0.142500 0.153400 0.188600 0.170500 0.153400 0.051500 0.000000 0.162200 0.170000 0.176300 0.188600 0.189800 0.215200 0.036800 0.178500 0.179500 0.168000 0.167600 0.194000 0.162200 0.152000 0.178500 0.059300 0.044100 0.187100 0.044500 0.029400 0.194400 0.143900 0.178800 0.159600 0.178700 0.141900 0.195500 0.188800
Ibex 0.037100 0.273700 0.103200 0.252900 0.086200 0.037800 0.069600 0.093600 0.103000 0.145800 0.007400 0.079100 0.092000 0.061800 0.094300 0.102600 0.103100 0.118700 0.022500 0.095100 0.077500 0.022100 0.152000 0.162200 0.000000 0.077400 0.108400 0.095100 0.094400 0.119300 0.145000 0.093700 0.174200 0.100600 0.084200 0.087800 0.015000 0.077300 0.118200 0.153000 0.143800 0.101300 0.136400 0.137000 0.087400 0.061600 0.110000 0.061000 0.110400 0.077100 0.102400 0.095200
GyrantGaze 0.077400 0.283200 0.094300 0.328000 0.069600 0.077400 0.069100 0.060600 0.094200 0.162300 0.069500 0.094200 0.108200 0.061500 0.102100 0.052900 0.128600 0.144300 0.053500 0.086300 0.029700 0.069500 0.168500 0.170000 0.077400 0.000000 0.116700 0.086300 0.045200 0.110400 0.161400 0.093000 0.200000 0.117100 0.100300 0.121500 0.061400 0.085100 0.084300 0.169400 0.160200 0.022000 0.152800 0.153400 0.121700 0.061300 0.075800 0.076400 0.077000 0.117800 0.093600 0.086500
Hartebeest 0.100100 0.323400 0.152600 0.278900 0.134400 0.100100 0.117100 0.107800 0.134800 0.177900 0.100500 0.135600 0.029000 0.109100 0.125900 0.117700 0.125300 0.124900 0.084100 0.144100 0.108600 0.100500 0.166600 0.176300 0.108400 0.116700 0.000000 0.144100 0.126100 0.169400 0.177100 0.141700 0.235800 0.021700 0.098800 0.154100 0.092000 0.133800 0.075600 0.185100 0.141100 0.116100 0.168400 0.168900 0.154100 0.108900 0.125300 0.107600 0.125100 0.159200 0.151300 0.144300
Bongo 0.103400 0.307400 0.022600 0.333100 0.095400 0.103400 0.093300 0.102800 0.014800 0.172300 0.087000 0.121400 0.126600 0.086600 0.078400 0.129500 0.157300 0.173400 0.070400 0.000000 0.103200 0.087000 0.178900 0.188600 0.095100 0.086300 0.144100 0.000000 0.120900 0.029800 0.171300 0.118700 0.212400 0.135900 0.118500 0.131700 0.078600 0.094700 0.146000 0.179100 0.170300 0.110700 0.162300 0.161500 0.132000 0.086800 0.119600 0.102200 0.120100 0.102400 0.045600 0.000000
Gerenuk 0.094500 0.296100 0.129200 0.354000 0.086500 0.094500 0.085900 0.077000 0.129100 0.182000 0.086400 0.111800 0.134300 0.078200 0.119200 0.037600 0.147400 0.163300 0.069900 0.120900 0.029800 0.086400 0.188100 0.189800 0.094400 0.045200 0.126100 0.120900 0.000000 0.145800 0.181000 0.110400 0.241600 0.126500 0.109400 0.122400 0.078000 0.102300 0.101300 0.189300 0.179600 0.058600 0.172100 0.172800 0.122600 0.077900 0.060300 0.092500 0.102100 0.135900 0.128100 0.121200
CommonElan 0.127900 0.338100 0.037600 0.341700 0.119700 0.127900 0.109600 0.110000 0.029700 0.198600 0.111200 0.146100 0.151400 0.111100 0.102400 0.154600 0.183100 0.199400 0.094200 0.029800 0.110500 0.111200 0.186400 0.215200 0.119300 0.110400 0.169400 0.029800 0.145800 0.000000 0.197600 0.143700 0.239900 0.161000 0.125800 0.156700 0.102500 0.118900 0.171400 0.205400 0.196400 0.135300 0.188400 0.187700 0.157000 0.110900 0.144500 0.126400 0.144800 0.126700 0.052800 0.030000
MuntiacusR 0.171600 0.258700 0.170500 0.260900 0.153800 0.171600 0.135400 0.143600 0.161400 0.014700 0.154200 0.164700 0.159200 0.127600 0.171700 0.170500 0.144800 0.160800 0.136300 0.171300 0.161900 0.136300 0.059300 0.036800 0.145000 0.161400 0.177100 0.171300 0.181000 0.197600 0.000000 0.161200 0.171000 0.151000 0.168600 0.175900 0.145000 0.135100 0.169900 0.067400 0.051800 0.178500 0.007300 0.007300 0.176200 0.144600 0.170200 0.160500 0.161300 0.142600 0.178400 0.171400
HarveysDui 0.101900 0.258800 0.126700 0.314400 0.102300 0.101900 0.053200 0.093000 0.126900 0.162100 0.085800 0.128900 0.141500 0.030200 0.110200 0.118700 0.145600 0.144000 0.069400 0.118700 0.093200 0.085800 0.168100 0.178500 0.093700 0.093000 0.141700 0.118700 0.110400 0.143700 0.161200 0.000000 0.228400 0.133800 0.100200 0.139300 0.077600 0.101500 0.134700 0.169100 0.159900 0.117100 0.152600 0.153100 0.139600 0.077200 0.126000 0.092400 0.126400 0.134700 0.126100 0.118500
Pronghorn 0.202200 0.317200 0.221800 0.308200 0.211600 0.202200 0.191600 0.228100 0.201700 0.190600 0.184000 0.185800 0.207000 0.183300 0.229300 0.229700 0.192400 0.199400 0.183300 0.212400 0.229000 0.165100 0.196600 0.179500 0.174200 0.200000 0.235800 0.212400 0.241600 0.239900 0.171000 0.228400 0.000000 0.207400 0.215800 0.197800 0.174100 0.191100 0.249500 0.188200 0.188100 0.217900 0.180600 0.162900 0.198100 0.192400 0.259700 0.198600 0.219000 0.180000 0.209800 0.212600
BlueWildeb 0.108900 0.312900 0.144400 0.269100 0.126500 0.108900 0.109200 0.107800 0.126800 0.169700 0.092800 0.136400 0.021600 0.101300 0.117800 0.118100 0.134800 0.134000 0.076400 0.135900 0.108700 0.092800 0.176000 0.168000 0.100600 0.117100 0.021700 0.135900 0.126500 0.161000 0.151000 0.133800 0.207400 0.000000 0.075100 0.146300 0.084400 0.108900 0.075800 0.158900 0.150200 0.116500 0.160200 0.143000 0.146400 0.101100 0.125600 0.099900 0.116800 0.133600 0.143200 0.136200
Gemsbok 0.092300 0.268100 0.109700 0.311400 0.109400 0.092300 0.092500 0.100100 0.126500 0.187800 0.076500 0.136000 0.098600 0.084800 0.117500 0.101100 0.126300 0.125000 0.060500 0.118500 0.076200 0.076500 0.175800 0.167600 0.084200 0.100300 0.098800 0.118500 0.109400 0.125800 0.168600 0.100200 0.215800 0.075100 0.000000 0.145700 0.068300 0.092300 0.125300 0.158400 0.185400 0.107900 0.178000 0.160500 0.145700 0.068400 0.125200 0.083300 0.133800 0.099800 0.108800 0.118700
Yak 0.113500 0.312500 0.140000 0.328700 0.132100 0.113500 0.113400 0.139000 0.139900 0.158400 0.096600 0.055700 0.136600 0.105700 0.149200 0.149100 0.168300 0.185000 0.096200 0.131700 0.121900 0.096700 0.182800 0.194000 0.087800 0.121500 0.154100 0.131700 0.122400 0.156700 0.175900 0.139300 0.197800 0.146300 0.145700 0.000000 0.087200 0.130800 0.165800 0.184200 0.174400 0.146800 0.166900 0.167700 0.000000 0.105100 0.156400 0.103900 0.148100 0.129600 0.138900 0.132000
BlueSheep 0.037900 0.285300 0.086600 0.274400 0.070100 0.037900 0.053700 0.077300 0.086400 0.145900 0.007500 0.079100 0.091900 0.046100 0.077900 0.086100 0.103200 0.118700 0.007500 0.078600 0.061500 0.007500 0.152000 0.162200 0.015000 0.061400 0.092000 0.078600 0.078000 0.102500 0.145000 0.077600 0.174100 0.084400 0.068300 0.087200 0.000000 0.069500 0.101900 0.153000 0.143800 0.084900 0.136500 0.137000 0.086700 0.045800 0.093400 0.045400 0.093800 0.093500 0.085900 0.078700
BohorReedb 0.085400 0.281300 0.094400 0.317800 0.030200 0.085400 0.077300 0.101500 0.102600 0.153600 0.069500 0.120600 0.133600 0.069500 0.110700 0.110500 0.146400 0.162400 0.061400 0.094700 0.085300 0.061400 0.159700 0.152000 0.077300 0.085100 0.133800 0.094700 0.102300 0.118900 0.135100 0.101500 0.191100 0.108900 0.092300 0.130800 0.069500 0.000000 0.126200 0.143000 0.151500 0.109100 0.144200 0.127200 0.131100 0.069400 0.118000 0.084600 0.101400 0.101200 0.085300 0.094900
KirksDik 0.118400 0.362100 0.154500 0.318500 0.110100 0.118400 0.109900 0.084000 0.136600 0.170800 0.110200 0.145100 0.083300 0.101700 0.144800 0.093100 0.145500 0.144300 0.093400 0.146000 0.084500 0.110200 0.177100 0.178500 0.118200 0.084300 0.075600 0.146000 0.101300 0.171400 0.169900 0.134700 0.249500 0.075800 0.125300 0.165800 0.101900 0.126200 0.000000 0.178000 0.151100 0.100100 0.161200 0.161800 0.166100 0.101800 0.117100 0.117100 0.118100 0.161100 0.153100 0.146200
RoeDeer 0.179700 0.277000 0.178300 0.300700 0.161800 0.179700 0.143300 0.151500 0.169000 0.083700 0.162400 0.172900 0.167100 0.135500 0.179600 0.178500 0.170500 0.168400 0.144300 0.179100 0.169900 0.144300 0.074500 0.059300 0.153000 0.169400 0.185100 0.179100 0.189300 0.205400 0.067400 0.169100 0.188200 0.158900 0.158400 0.184200 0.153000 0.143000 0.178000 0.000000 0.074700 0.186500 0.075400 0.060000 0.184600 0.134900 0.178200 0.150500 0.169300 0.133000 0.186100 0.179200
WhiteLippe 0.170200 0.298300 0.169500 0.269200 0.152500 0.170200 0.134400 0.142500 0.160400 0.052100 0.153000 0.163200 0.140900 0.126600 0.170400 0.169200 0.143700 0.142300 0.135200 0.170300 0.160600 0.135200 0.021600 0.044100 0.143800 0.160200 0.141100 0.170300 0.179600 0.196400 0.051800 0.159900 0.188100 0.150200 0.185400 0.174400 0.143800 0.151500 0.151100 0.074700 0.000000 0.177100 0.044300 0.044400 0.174700 0.143500 0.151400 0.159200 0.160000 0.159100 0.177200 0.170300
ThomsonGaz 0.101400 0.292500 0.118900 0.338200 0.093300 0.101400 0.092900 0.076000 0.110300 0.179400 0.093300 0.118500 0.107700 0.085100 0.126800 0.067600 0.145200 0.161100 0.076900 0.110700 0.044300 0.093400 0.185600 0.187100 0.101300 0.022000 0.116100 0.110700 0.058600 0.135300 0.178500 0.117100 0.217900 0.116500 0.107900 0.146800 0.084900 0.109100 0.100100 0.186500 0.177100 0.000000 0.169700 0.170400 0.146500 0.084900 0.090800 0.100000 0.092700 0.142700 0.117900 0.110900
MuntiacusC 0.162700 0.269700 0.161500 0.272100 0.145100 0.162700 0.127000 0.135200 0.152500 0.007400 0.145500 0.155800 0.150600 0.119300 0.162900 0.161800 0.136300 0.152200 0.127800 0.162300 0.153200 0.127800 0.051700 0.044500 0.136400 0.152800 0.168400 0.162300 0.172100 0.188400 0.007300 0.152600 0.180600 0.160200 0.178000 0.166900 0.136500 0.144200 0.161200 0.075400 0.044300 0.169700 0.000000 0.014700 0.167200 0.136100 0.161500 0.151900 0.152700 0.151700 0.169400 0.162300
WhiteTaile 0.163400 0.250200 0.160800 0.252100 0.145800 0.163400 0.127500 0.135700 0.151600 0.022200 0.146200 0.156600 0.151100 0.119700 0.163400 0.162400 0.136900 0.152900 0.128300 0.161500 0.153900 0.128300 0.051900 0.029400 0.137000 0.153400 0.168900 0.161500 0.172800 0.187700 0.007300 0.153100 0.162900 0.143000 0.160500 0.167700 0.137000 0.127200 0.161800 0.060000 0.044400 0.170400 0.014700 0.000000 0.168100 0.136700 0.162000 0.152500 0.153300 0.134800 0.168600 0.161600
Cattle 0.113300 0.313100 0.140200 0.329500 0.132300 0.113300 0.113600 0.139300 0.140200 0.158700 0.096400 0.055800 0.136500 0.105900 0.149500 0.149300 0.168300 0.185100 0.095900 0.132000 0.122100 0.096400 0.183100 0.194400 0.087400 0.121700 0.154100 0.132000 0.122600 0.157000 0.176200 0.139600 0.198100 0.146400 0.145700 0.000000 0.086700 0.131100 0.166100 0.184600 0.174700 0.146500 0.167200 0.168100 0.000000 0.105300 0.156600 0.104100 0.148400 0.129900 0.139200 0.132200
RoyalAntel 0.069700 0.253200 0.094800 0.330100 0.069900 0.069700 0.053600 0.077200 0.094700 0.145400 0.053900 0.095400 0.108700 0.046000 0.086100 0.086000 0.103300 0.101800 0.038000 0.086800 0.061400 0.053900 0.151800 0.143900 0.061600 0.061300 0.108900 0.086800 0.077900 0.110900 0.144600 0.077200 0.192400 0.101100 0.068400 0.105100 0.045800 0.069400 0.101800 0.134900 0.143500 0.084900 0.136100 0.136700 0.105300 0.000000 0.093400 0.045200 0.077200 0.085100 0.094000 0.086900
Steenbok 0.110100 0.316300 0.127900 0.351500 0.118600 0.110100 0.101500 0.092200 0.127700 0.171000 0.102000 0.127300 0.133400 0.093600 0.118100 0.068100 0.163800 0.161900 0.085300 0.119600 0.060000 0.102000 0.177400 0.178800 0.110000 0.075800 0.125300 0.119600 0.060300 0.144500 0.170200 0.126000 0.259700 0.125600 0.125200 0.156400 0.093400 0.118000 0.117100 0.178200 0.151400 0.090800 0.161500 0.162000 0.156600 0.093400 0.000000 0.108100 0.143600 0.134700 0.144200 0.119800
Impala 0.068900 0.290800 0.110300 0.336500 0.085200 0.068900 0.068700 0.092400 0.110200 0.161400 0.053300 0.094400 0.107400 0.061100 0.085000 0.100900 0.136300 0.134300 0.053100 0.102200 0.076200 0.053300 0.167400 0.159600 0.061000 0.076400 0.107600 0.102200 0.092500 0.126400 0.160500 0.092400 0.198600 0.099900 0.083300 0.103900 0.045400 0.084600 0.117100 0.150500 0.159200 0.100000 0.151900 0.152500 0.104100 0.045200 0.108100 0.000000 0.092600 0.100300 0.109500 0.102400
Klipspring 0.118900 0.337900 0.119700 0.328400 0.085700 0.118900 0.101800 0.092800 0.111000 0.162200 0.102400 0.146500 0.107900 0.094000 0.119100 0.119100 0.137100 0.152900 0.085600 0.120100 0.093100 0.085700 0.168300 0.178700 0.110400 0.077000 0.125100 0.120100 0.102100 0.144800 0.161300 0.126400 0.219000 0.116800 0.133800 0.148100 0.093800 0.101400 0.118100 0.169300 0.160000 0.092700 0.152700 0.153300 0.148400 0.077200 0.143600 0.092600 0.000000 0.152400 0.110000 0.120300
ForestMusk 0.101500 0.227900 0.110500 0.292200 0.127400 0.101500 0.109800 0.117700 0.110300 0.152100 0.085400 0.128400 0.141700 0.102000 0.110100 0.126400 0.144700 0.142700 0.085400 0.102400 0.118100 0.102100 0.167400 0.141900 0.077100 0.117800 0.159200 0.102400 0.135900 0.126700 0.142600 0.134700 0.180000 0.133600 0.099800 0.129600 0.093500 0.101200 0.161100 0.133000 0.159100 0.142700 0.151700 0.134800 0.129900 0.085100 0.134700 0.100300 0.152400 0.000000 0.126500 0.102600
Bushbuck 0.110700 0.325200 0.030100 0.306400 0.085900 0.110700 0.100800 0.109900 0.053200 0.179300 0.094400 0.128700 0.133800 0.094000 0.119400 0.136700 0.164400 0.162500 0.077700 0.045600 0.093600 0.077800 0.167500 0.195500 0.102400 0.093600 0.151300 0.045600 0.128100 0.052800 0.178400 0.126100 0.209800 0.143200 0.108800 0.138900 0.085900 0.085300 0.153100 0.186100 0.177200 0.117900 0.169400 0.168600 0.139200 0.094000 0.144200 0.109500 0.110000 0.126500 0.000000 0.045800
GreaterKud 0.103600 0.307700 0.022400 0.333700 0.095600 0.103600 0.093000 0.103000 0.015000 0.172300 0.087200 0.121700 0.126900 0.086100 0.078600 0.129800 0.157600 0.173700 0.070500 0.000000 0.103400 0.087200 0.178900 0.188800 0.095200 0.086500 0.144300 0.000000 0.121200 0.030000 0.171400 0.118500 0.212600 0.136200 0.118700 0.132000 0.078700 0.094900 0.146200 0.179200 0.170300 0.110900 0.162300 0.161600 0.132200 0.086900 0.119800 0.102400 0.120300 0.102600 0.045800 0.000000
