1
52 1
Argali 0.000000 0.201400 0.063300 0.176300 0.030700 0.021800 0.044100 0.039900 0.054000 0.080900 0.004200 0.044300 0.035400 0.039600 0.044700 0.049200 0.058300 0.058500 0.025200 0.053900 0.039800 0.017000 0.062900 0.067600 0.008600 0.062800 0.026400 0.058500 0.044600 0.049200 0.095400 0.039600 0.121400 0.021900 0.017400 0.068100 0.016900 0.021900 0.067400 0.063100 0.062800 0.049500 0.076300 0.072300 0.054000 0.039800 0.049000 0.053100 0.030700 0.090700 0.049100 0.049300
LesserMous 0.201400 0.000000 0.208600 0.228400 0.217800 0.194500 0.239100 0.212900 0.191300 0.204900 0.207100 0.201600 0.212800 0.233500 0.231200 0.225600 0.184200 0.202400 0.234900 0.191800 0.213200 0.213000 0.207300 0.207700 0.201500 0.253400 0.212300 0.202400 0.219900 0.191400 0.210700 0.233500 0.243000 0.206600 0.200400 0.225800 0.212400 0.206800 0.236500 0.208200 0.196000 0.226500 0.199600 0.218800 0.208400 0.229800 0.224900 0.222800 0.223600 0.218200 0.201900 0.191500
LesserKudu 0.063300 0.208600 0.000000 0.167600 0.077600 0.058400 0.091400 0.087300 0.026800 0.105800 0.068100 0.040300 0.082600 0.086700 0.083000 0.097800 0.077900 0.078300 0.091500 0.026000 0.087400 0.072900 0.073300 0.082900 0.063400 0.122000 0.072800 0.031200 0.092800 0.022300 0.106000 0.086700 0.153400 0.068100 0.072600 0.054600 0.082200 0.068100 0.107000 0.068700 0.073200 0.093100 0.101000 0.087700 0.049800 0.077900 0.097300 0.101100 0.077300 0.101700 0.030500 0.022200
KillerWhal 0.176300 0.228400 0.167600 0.000000 0.192700 0.169800 0.213500 0.198600 0.178700 0.190800 0.170900 0.160900 0.177300 0.208100 0.178200 0.211700 0.160300 0.166800 0.197800 0.178300 0.198900 0.176600 0.171900 0.161200 0.165600 0.239000 0.176600 0.172500 0.206000 0.172600 0.185700 0.208100 0.238900 0.171000 0.186500 0.184400 0.176300 0.181900 0.227200 0.161500 0.160700 0.206600 0.174600 0.177300 0.167500 0.182900 0.210500 0.219300 0.203300 0.209600 0.182900 0.172700
DefassaWat 0.030700 0.217800 0.077600 0.192700 0.000000 0.035200 0.039500 0.035300 0.058700 0.090300 0.035200 0.048900 0.058200 0.035000 0.049300 0.053700 0.062900 0.063200 0.057600 0.058600 0.035200 0.048900 0.067500 0.067500 0.039800 0.067200 0.048900 0.063200 0.049100 0.053900 0.105000 0.035000 0.116200 0.044300 0.039700 0.072800 0.048800 0.008700 0.062600 0.063000 0.067400 0.044800 0.085600 0.072200 0.058600 0.044400 0.044300 0.057600 0.053200 0.085800 0.063100 0.053900
Sheep 0.021800 0.194500 0.058400 0.169800 0.035200 0.000000 0.057500 0.035200 0.049200 0.080500 0.026200 0.039700 0.039700 0.053000 0.044500 0.044600 0.053400 0.053600 0.047500 0.049100 0.035300 0.030700 0.058200 0.067400 0.021800 0.067400 0.030700 0.053700 0.040000 0.044500 0.094900 0.053000 0.115700 0.026200 0.030600 0.063100 0.039600 0.026200 0.072000 0.063000 0.058100 0.053900 0.075900 0.072100 0.049100 0.044300 0.044400 0.057500 0.044100 0.085700 0.044400 0.044500
MaxwellsDu 0.044100 0.239100 0.091400 0.213500 0.039500 0.057500 0.000000 0.057700 0.072400 0.113700 0.048700 0.071800 0.071800 0.004300 0.062800 0.076700 0.085900 0.086300 0.061800 0.072200 0.057800 0.062600 0.081400 0.086100 0.053300 0.081100 0.062400 0.076900 0.072000 0.067400 0.128800 0.004200 0.140600 0.057800 0.053000 0.086500 0.062400 0.039500 0.076400 0.086400 0.081200 0.067600 0.109000 0.095700 0.072200 0.067200 0.067100 0.071300 0.057700 0.109500 0.076700 0.067500
GazellaPrz 0.039900 0.212900 0.087300 0.198600 0.035300 0.035200 0.057700 0.000000 0.068200 0.095300 0.044500 0.058300 0.067600 0.053200 0.058600 0.017400 0.067700 0.068000 0.062200 0.068100 0.000000 0.048900 0.072600 0.082100 0.049100 0.030500 0.058200 0.068000 0.017400 0.063300 0.110000 0.053200 0.131500 0.053600 0.048800 0.082400 0.058200 0.035300 0.035000 0.077600 0.072400 0.017400 0.090500 0.086900 0.068100 0.053700 0.008600 0.057900 0.062700 0.095900 0.072600 0.063300
MountainNy 0.054000 0.191300 0.026800 0.178700 0.058700 0.049200 0.072400 0.068200 0.000000 0.086500 0.058700 0.031200 0.073100 0.067700 0.068700 0.088000 0.059000 0.059300 0.081900 0.008600 0.068300 0.063500 0.054400 0.063800 0.054100 0.102100 0.063400 0.013300 0.083200 0.004400 0.096300 0.067700 0.132800 0.058700 0.063200 0.045200 0.072800 0.058800 0.087500 0.059200 0.054300 0.078600 0.081800 0.068500 0.031400 0.059000 0.077900 0.081900 0.077400 0.092000 0.022100 0.004300
MuntiacusM 0.080900 0.204900 0.105800 0.190800 0.090300 0.080500 0.113700 0.095300 0.086500 0.000000 0.085700 0.076400 0.100100 0.109000 0.100700 0.115400 0.062300 0.067300 0.109300 0.081600 0.095400 0.090600 0.067100 0.057800 0.081000 0.129700 0.090300 0.091000 0.110500 0.081400 0.021600 0.109000 0.110100 0.085600 0.094900 0.101000 0.090400 0.090400 0.124900 0.058000 0.067000 0.106000 0.012500 0.067100 0.086400 0.090700 0.105200 0.113900 0.104600 0.095200 0.100400 0.081500
goat 0.004200 0.207100 0.068100 0.170900 0.035200 0.026200 0.048700 0.044500 0.058700 0.085700 0.000000 0.048900 0.040000 0.044200 0.049300 0.053800 0.063000 0.063300 0.020600 0.058600 0.044400 0.012700 0.067600 0.072300 0.004200 0.067500 0.030900 0.063200 0.046300 0.053900 0.100300 0.044200 0.126500 0.026400 0.021900 0.072900 0.013000 0.026400 0.072200 0.067800 0.067500 0.054200 0.081000 0.077000 0.058700 0.044400 0.053600 0.057700 0.035200 0.095500 0.053800 0.053900
AfricanBuf 0.044300 0.201600 0.040300 0.160900 0.048900 0.039700 0.071800 0.058300 0.031200 0.076400 0.048900 0.000000 0.063000 0.067200 0.058700 0.077400 0.049200 0.049400 0.071900 0.031100 0.058200 0.053600 0.053800 0.053900 0.044400 0.091300 0.053600 0.035600 0.072600 0.026600 0.090900 0.067200 0.121600 0.049000 0.053500 0.022200 0.062700 0.049000 0.076900 0.058600 0.053700 0.068400 0.071800 0.058500 0.017600 0.049100 0.067600 0.071600 0.067200 0.081400 0.044600 0.026600
Topi 0.035400 0.212800 0.082600 0.177300 0.058200 0.039700 0.071800 0.067600 0.073100 0.100100 0.040000 0.063000 0.000000 0.067200 0.068100 0.077600 0.077100 0.077500 0.062300 0.072900 0.067700 0.044600 0.082200 0.091800 0.035500 0.091600 0.008700 0.077600 0.072900 0.068100 0.115000 0.067200 0.141700 0.012700 0.035300 0.087400 0.044500 0.049000 0.096400 0.087200 0.082000 0.077900 0.095400 0.096600 0.072900 0.058500 0.077300 0.081200 0.048800 0.110500 0.067900 0.068100
CommonDuik 0.039600 0.233500 0.086700 0.208100 0.035000 0.053000 0.004300 0.053200 0.067700 0.109000 0.044200 0.067200 0.067200 0.000000 0.058300 0.072100 0.081200 0.081600 0.057200 0.067600 0.053300 0.058000 0.076700 0.081500 0.048800 0.076500 0.057800 0.072200 0.067400 0.062900 0.123900 0.000000 0.135600 0.053200 0.048500 0.081900 0.057800 0.035000 0.081200 0.081700 0.076600 0.063000 0.104200 0.091000 0.067600 0.062600 0.062500 0.066700 0.053200 0.104800 0.072100 0.062900
Suni 0.044700 0.231200 0.083000 0.178200 0.049300 0.044500 0.062800 0.058600 0.068700 0.100700 0.049300 0.058700 0.068100 0.058300 0.000000 0.078100 0.072800 0.073200 0.062700 0.068600 0.058700 0.058700 0.077800 0.087500 0.049400 0.092100 0.058600 0.073200 0.073300 0.063700 0.110700 0.058300 0.137400 0.053900 0.053800 0.083000 0.063200 0.049300 0.087200 0.078000 0.077700 0.063700 0.095900 0.092300 0.068500 0.058800 0.068200 0.062900 0.058500 0.101300 0.073100 0.063800
Springbuck 0.049200 0.225600 0.097800 0.211700 0.053700 0.044600 0.076700 0.017400 0.088000 0.115400 0.053800 0.077400 0.077600 0.072100 0.078100 0.000000 0.087200 0.087700 0.072300 0.087800 0.017400 0.058300 0.092100 0.101900 0.058500 0.030600 0.068000 0.087700 0.008500 0.082900 0.130700 0.072100 0.147700 0.063300 0.058400 0.092800 0.067700 0.044600 0.053200 0.097300 0.091900 0.017500 0.110600 0.106700 0.078100 0.063200 0.025800 0.076800 0.067600 0.115900 0.082700 0.082900
Okapi 0.058300 0.184200 0.077900 0.160300 0.062900 0.053400 0.085900 0.067700 0.059000 0.062300 0.063000 0.049200 0.077100 0.081200 0.072800 0.087200 0.000000 0.031100 0.086100 0.058800 0.067800 0.067800 0.049300 0.049200 0.058300 0.101300 0.067500 0.063500 0.082400 0.054100 0.076500 0.081200 0.106400 0.062900 0.067400 0.073100 0.067600 0.062900 0.096300 0.049400 0.049200 0.077900 0.057800 0.063200 0.058800 0.063100 0.077300 0.086000 0.081600 0.086500 0.072700 0.054100
Giraffe 0.058500 0.202400 0.078300 0.166800 0.063200 0.053600 0.086300 0.068000 0.059300 0.067300 0.063300 0.049400 0.077500 0.081600 0.073200 0.087700 0.031100 0.000000 0.086400 0.059100 0.068100 0.068100 0.049500 0.054100 0.058600 0.101800 0.067900 0.063800 0.082800 0.054400 0.081600 0.081600 0.111900 0.063200 0.067700 0.073400 0.077300 0.063200 0.096800 0.044900 0.049400 0.078300 0.062700 0.063500 0.059100 0.063400 0.077600 0.086400 0.081900 0.082100 0.073100 0.054400
TibetanAnt 0.025200 0.234900 0.091500 0.197800 0.057600 0.047500 0.061800 0.062200 0.081900 0.109300 0.020600 0.071900 0.062300 0.057200 0.062700 0.072300 0.086100 0.086400 0.000000 0.081700 0.062400 0.029800 0.091300 0.096200 0.025200 0.086300 0.052700 0.076800 0.067500 0.076700 0.124400 0.057200 0.151500 0.048200 0.043400 0.096500 0.034300 0.048200 0.091100 0.091600 0.091200 0.072400 0.104500 0.101000 0.081800 0.067200 0.071900 0.071400 0.048300 0.120000 0.076600 0.076800
Sitatunga 0.053900 0.191800 0.026000 0.178300 0.058600 0.049100 0.072200 0.068100 0.008600 0.081600 0.058600 0.031100 0.072900 0.067600 0.068600 0.087800 0.058800 0.059100 0.081700 0.000000 0.068200 0.063400 0.054300 0.063700 0.054000 0.101900 0.063300 0.013200 0.083000 0.004400 0.091300 0.067600 0.127400 0.058600 0.063100 0.045100 0.067900 0.058600 0.087300 0.059100 0.054200 0.078400 0.076900 0.058800 0.031300 0.058900 0.077800 0.081800 0.077300 0.087000 0.021300 0.004300
Oribi 0.039800 0.213200 0.087400 0.198900 0.035200 0.035300 0.057800 0.000000 0.068300 0.095400 0.044400 0.058200 0.067700 0.053300 0.058700 0.017400 0.067800 0.068100 0.062400 0.068200 0.000000 0.048800 0.072500 0.082000 0.049000 0.030500 0.058300 0.068100 0.017400 0.063400 0.110200 0.053300 0.131700 0.053600 0.048900 0.082600 0.058100 0.035300 0.034900 0.077400 0.072300 0.017500 0.090700 0.086700 0.068200 0.053700 0.008600 0.057800 0.062600 0.095800 0.072700 0.063400
BarbaryShe 0.017000 0.213000 0.072900 0.176600 0.048900 0.030700 0.062600 0.048900 0.063500 0.090600 0.012700 0.053600 0.044600 0.058000 0.058700 0.058300 0.067800 0.068100 0.029800 0.063400 0.048800 0.000000 0.072500 0.077200 0.008700 0.072000 0.035400 0.063300 0.058300 0.058600 0.105300 0.058000 0.131800 0.030900 0.035300 0.077800 0.025400 0.039900 0.076700 0.072700 0.072300 0.058700 0.085900 0.081900 0.063400 0.058300 0.058000 0.071700 0.048900 0.100500 0.058500 0.058700
Daviddeer 0.062900 0.207300 0.073300 0.171900 0.067500 0.058200 0.081400 0.072600 0.054400 0.067100 0.067600 0.053800 0.082200 0.076700 0.077800 0.092100 0.049300 0.049500 0.091300 0.054300 0.072500 0.072500 0.000000 0.044700 0.063000 0.106200 0.072500 0.059000 0.087200 0.049600 0.081400 0.076700 0.121600 0.067700 0.072200 0.068500 0.081700 0.067800 0.101300 0.040200 0.008700 0.083000 0.062500 0.049200 0.054300 0.067800 0.081700 0.090700 0.086300 0.091300 0.068200 0.049600
Reindeer 0.067600 0.207700 0.082900 0.161200 0.067500 0.067400 0.086100 0.082100 0.063800 0.057800 0.072300 0.053900 0.091800 0.081500 0.087500 0.101900 0.049200 0.054100 0.096200 0.063700 0.082000 0.077200 0.044700 0.000000 0.067700 0.116000 0.082000 0.068300 0.097000 0.058800 0.071900 0.081500 0.121700 0.077200 0.081700 0.068600 0.086500 0.067800 0.111200 0.026600 0.044600 0.092700 0.053300 0.022000 0.054300 0.077300 0.091700 0.100400 0.095900 0.101000 0.077600 0.058900
Ibex 0.008600 0.201500 0.063400 0.165600 0.039800 0.021800 0.053300 0.049100 0.054100 0.081000 0.004200 0.044400 0.035500 0.048800 0.049400 0.058500 0.058300 0.058600 0.025200 0.054000 0.049000 0.008700 0.063000 0.067700 0.000000 0.072300 0.026400 0.058600 0.053900 0.049300 0.095500 0.048800 0.121500 0.021900 0.026300 0.068200 0.017300 0.030900 0.077000 0.063200 0.062900 0.058900 0.076400 0.072400 0.054000 0.049000 0.058300 0.062300 0.039700 0.090800 0.049200 0.049300
GyrantGaze 0.062800 0.253400 0.122000 0.239000 0.067200 0.067400 0.081100 0.030500 0.102100 0.129700 0.067500 0.091300 0.091600 0.076500 0.092100 0.030600 0.101300 0.101800 0.086300 0.101900 0.030500 0.072000 0.106200 0.116000 0.072300 0.000000 0.081800 0.101800 0.029400 0.096900 0.145200 0.076500 0.162600 0.077100 0.072100 0.107000 0.081600 0.067500 0.066600 0.111400 0.106000 0.030800 0.124800 0.121000 0.092100 0.067500 0.039400 0.090600 0.081400 0.130200 0.106500 0.097000
Hartebeest 0.026400 0.212300 0.072800 0.176600 0.048900 0.030700 0.062400 0.058200 0.063400 0.090300 0.030900 0.053600 0.008700 0.057800 0.058600 0.068000 0.067500 0.067900 0.052700 0.063300 0.058300 0.035400 0.072500 0.082000 0.026400 0.081800 0.000000 0.067900 0.063300 0.058600 0.105000 0.057800 0.131200 0.004300 0.026300 0.077600 0.035300 0.039800 0.086600 0.077400 0.072300 0.068200 0.085600 0.086700 0.063300 0.049100 0.067700 0.071700 0.039600 0.100500 0.058400 0.058600
Bongo 0.058500 0.202400 0.031200 0.172500 0.063200 0.053700 0.076900 0.068000 0.013300 0.091000 0.063200 0.035600 0.077600 0.072200 0.073200 0.087700 0.063500 0.063800 0.076800 0.013200 0.068100 0.063300 0.059000 0.068300 0.058600 0.101800 0.067900 0.000000 0.082800 0.008800 0.100900 0.072200 0.137400 0.063200 0.067700 0.049700 0.077300 0.063300 0.087100 0.063800 0.058800 0.078300 0.086300 0.073000 0.035800 0.063500 0.077700 0.086400 0.082000 0.096600 0.026600 0.008600
Gerenuk 0.044600 0.219900 0.092800 0.206000 0.049100 0.040000 0.072000 0.017400 0.083200 0.110500 0.046300 0.072600 0.072900 0.067400 0.073300 0.008500 0.082400 0.082800 0.067500 0.083000 0.017400 0.058300 0.087200 0.097000 0.053900 0.029400 0.063300 0.082800 0.000000 0.078100 0.125700 0.067400 0.142500 0.058600 0.053800 0.087900 0.063100 0.040100 0.053200 0.092400 0.087100 0.017600 0.105700 0.101800 0.073300 0.058500 0.025400 0.072100 0.062900 0.110900 0.077900 0.078100
CommonElan 0.049200 0.191400 0.022300 0.172600 0.053900 0.044500 0.067400 0.063300 0.004400 0.081400 0.053900 0.026600 0.068100 0.062900 0.063700 0.082900 0.054100 0.054400 0.076700 0.004400 0.063400 0.058600 0.049600 0.058800 0.049300 0.096900 0.058600 0.008800 0.078100 0.000000 0.091100 0.062900 0.127200 0.053900 0.058400 0.040500 0.067800 0.053900 0.082400 0.054300 0.049500 0.073500 0.076700 0.063500 0.026700 0.054100 0.072900 0.076900 0.072500 0.086900 0.017700 0.000000
MuntiacusR 0.095400 0.210700 0.106000 0.185700 0.105000 0.094900 0.128800 0.110000 0.096300 0.021600 0.100300 0.090900 0.115000 0.123900 0.110700 0.130700 0.076500 0.081600 0.124400 0.091300 0.110200 0.105300 0.081400 0.071900 0.095500 0.145200 0.105000 0.100900 0.125700 0.091100 0.000000 0.123900 0.125500 0.100100 0.109600 0.116100 0.105000 0.105000 0.140200 0.062700 0.081300 0.116100 0.026000 0.081300 0.101200 0.105400 0.120200 0.128900 0.119500 0.100200 0.110300 0.091200
HarveysDui 0.039600 0.233500 0.086700 0.208100 0.035000 0.053000 0.004200 0.053200 0.067700 0.109000 0.044200 0.067200 0.067200 0.000000 0.058300 0.072100 0.081200 0.081600 0.057200 0.067600 0.053300 0.058000 0.076700 0.081500 0.048800 0.076500 0.057800 0.072200 0.067400 0.062900 0.123900 0.000000 0.135600 0.053200 0.048500 0.081900 0.057800 0.035000 0.081200 0.081700 0.076600 0.063000 0.104200 0.091000 0.067600 0.062600 0.062500 0.066700 0.053200 0.104800 0.072100 0.062900
Pronghorn 0.121400 0.243000 0.153400 0.238900 0.116200 0.115700 0.140600 0.131500 0.132800 0.110100 0.126500 0.121600 0.141700 0.135600 0.137400 0.147700 0.106400 0.111900 0.151500 0.127400 0.131700 0.131800 0.121600 0.121700 0.121500 0.162600 0.131200 0.137400 0.142500 0.127200 0.125500 0.135600 0.000000 0.126200 0.130900 0.148100 0.131400 0.116300 0.163000 0.122000 0.121400 0.137900 0.105300 0.131800 0.132400 0.121500 0.142100 0.151000 0.146500 0.111500 0.137200 0.127300
BlueWildeb 0.021900 0.206600 0.068100 0.171000 0.044300 0.026200 0.057800 0.053600 0.058700 0.085600 0.026400 0.049000 0.012700 0.053200 0.053900 0.063300 0.062900 0.063200 0.048200 0.058600 0.053600 0.030900 0.067700 0.077200 0.021900 0.077100 0.004300 0.063200 0.058600 0.053900 0.100100 0.053200 0.126200 0.000000 0.021900 0.072800 0.030800 0.035300 0.081800 0.072700 0.067600 0.063500 0.080900 0.081900 0.058600 0.044500 0.063000 0.067000 0.035100 0.095700 0.053800 0.053900
Gemsbok 0.017400 0.200400 0.072600 0.186500 0.039700 0.030600 0.053000 0.048800 0.063200 0.094900 0.021900 0.053500 0.035300 0.048500 0.053800 0.058400 0.067400 0.067700 0.043400 0.063100 0.048900 0.035300 0.072200 0.081700 0.026300 0.072100 0.026300 0.067700 0.053800 0.058400 0.109600 0.048500 0.130900 0.021900 0.000000 0.077300 0.035200 0.030700 0.076800 0.077200 0.072100 0.058600 0.090200 0.086500 0.063100 0.048900 0.058200 0.062200 0.039700 0.100200 0.058200 0.058400
Yak 0.068100 0.225800 0.054600 0.184400 0.072800 0.063100 0.086500 0.082400 0.045200 0.101000 0.072900 0.022200 0.087400 0.081900 0.083000 0.092800 0.073100 0.073400 0.096500 0.045100 0.082600 0.077800 0.068500 0.068600 0.068200 0.107000 0.077600 0.049700 0.087900 0.040500 0.116100 0.081900 0.148100 0.072800 0.077300 0.000000 0.087100 0.072800 0.102000 0.073500 0.068400 0.083400 0.096200 0.073300 0.013200 0.063700 0.092300 0.096200 0.086900 0.106600 0.058900 0.040500
BlueSheep 0.016900 0.212400 0.082200 0.176300 0.048800 0.039600 0.062400 0.058200 0.072800 0.090400 0.013000 0.062700 0.044500 0.057800 0.063200 0.067700 0.067600 0.077300 0.034300 0.067900 0.058100 0.025400 0.081700 0.086500 0.017300 0.081600 0.035300 0.077300 0.063100 0.067800 0.105000 0.057800 0.131400 0.030800 0.035200 0.087100 0.000000 0.039800 0.086300 0.081900 0.081800 0.068200 0.085700 0.086500 0.072700 0.048900 0.067400 0.071500 0.048700 0.100200 0.067700 0.067900
BohorReedb 0.021900 0.206800 0.068100 0.181900 0.008700 0.026200 0.039500 0.035300 0.058800 0.090400 0.026400 0.049000 0.049000 0.035000 0.049300 0.044600 0.062900 0.063200 0.048200 0.058600 0.035300 0.039900 0.067800 0.067800 0.030900 0.067500 0.039800 0.063300 0.040100 0.053900 0.105000 0.035000 0.116300 0.035300 0.030700 0.072800 0.039800 0.000000 0.062800 0.063200 0.067600 0.044800 0.085700 0.072400 0.058600 0.044500 0.044400 0.057800 0.044300 0.086100 0.053800 0.054000
KirksDik 0.067400 0.236500 0.107000 0.227200 0.062600 0.072000 0.076400 0.035000 0.087500 0.124900 0.072200 0.076900 0.096400 0.081200 0.087200 0.053200 0.096300 0.096800 0.091100 0.087300 0.034900 0.076700 0.101300 0.111200 0.077000 0.066600 0.086600 0.087100 0.053200 0.082400 0.140200 0.081200 0.163000 0.081800 0.076800 0.102000 0.086300 0.062800 0.000000 0.106500 0.101100 0.044300 0.120000 0.116000 0.087200 0.081800 0.043900 0.085900 0.090900 0.125200 0.091800 0.082400
RoeDeer 0.063100 0.208200 0.068700 0.161500 0.063000 0.063000 0.086400 0.077600 0.059200 0.058000 0.067800 0.058600 0.087200 0.081700 0.078000 0.097300 0.049400 0.044900 0.091600 0.059100 0.077400 0.072700 0.040200 0.026600 0.063200 0.111400 0.077400 0.063800 0.092400 0.054300 0.062700 0.081700 0.122000 0.072700 0.077200 0.073500 0.081900 0.063200 0.106500 0.000000 0.040100 0.083200 0.053400 0.035600 0.059100 0.072800 0.087100 0.095800 0.091400 0.086700 0.073100 0.054400
WhiteLippe 0.062800 0.196000 0.073200 0.160700 0.067400 0.058100 0.081200 0.072400 0.054300 0.067000 0.067500 0.053700 0.082000 0.076600 0.077700 0.091900 0.049200 0.049400 0.091200 0.054200 0.072300 0.072300 0.008700 0.044600 0.062900 0.106000 0.072300 0.058800 0.087100 0.049500 0.081300 0.076600 0.121400 0.067600 0.072100 0.068400 0.081800 0.067600 0.101100 0.040100 0.000000 0.082800 0.062400 0.047800 0.054200 0.067700 0.081900 0.090600 0.086200 0.091100 0.068000 0.049500
ThomsonGaz 0.049500 0.226500 0.093100 0.206600 0.044800 0.053900 0.067600 0.017400 0.078600 0.106000 0.054200 0.068400 0.077900 0.063000 0.063700 0.017500 0.077900 0.078300 0.072400 0.078400 0.017500 0.058700 0.083000 0.092700 0.058900 0.030800 0.068200 0.078300 0.017600 0.073500 0.116100 0.063000 0.137900 0.063500 0.058600 0.083400 0.068200 0.044800 0.044300 0.083200 0.082800 0.000000 0.101100 0.097500 0.068800 0.054200 0.026400 0.067800 0.068000 0.101700 0.083000 0.073600
MuntiacusC 0.076300 0.199600 0.101000 0.174600 0.085600 0.075900 0.109000 0.090500 0.081800 0.012500 0.081000 0.071800 0.095400 0.104200 0.095900 0.110600 0.057800 0.062700 0.104500 0.076900 0.090700 0.085900 0.062500 0.053300 0.076400 0.124800 0.085600 0.086300 0.105700 0.076700 0.026000 0.104200 0.105300 0.080900 0.090200 0.096200 0.085700 0.085700 0.120000 0.053400 0.062400 0.101100 0.000000 0.062500 0.081700 0.086000 0.100400 0.109100 0.099900 0.100000 0.095600 0.076800
WhiteTaile 0.072300 0.218800 0.087700 0.177300 0.072200 0.072100 0.095700 0.086900 0.068500 0.067100 0.077000 0.058500 0.096600 0.091000 0.092300 0.106700 0.063200 0.063500 0.101000 0.058800 0.086700 0.081900 0.049200 0.022000 0.072400 0.121000 0.086700 0.073000 0.101800 0.063500 0.081300 0.091000 0.131800 0.081900 0.086500 0.073300 0.086500 0.072400 0.116000 0.035600 0.047800 0.097500 0.062500 0.000000 0.059000 0.082000 0.096500 0.105200 0.100700 0.101000 0.082400 0.063600
Cattle 0.054000 0.208400 0.049800 0.167500 0.058600 0.049100 0.072200 0.068100 0.031400 0.086400 0.058700 0.017600 0.072900 0.067600 0.068500 0.078100 0.058800 0.059100 0.081800 0.031300 0.068200 0.063400 0.054300 0.054300 0.054000 0.092100 0.063300 0.035800 0.073300 0.026700 0.101200 0.067600 0.132400 0.058600 0.063100 0.013200 0.072700 0.058600 0.087200 0.059100 0.054200 0.068800 0.081700 0.059000 0.000000 0.058800 0.077700 0.081700 0.072500 0.091800 0.044900 0.026800
RoyalAntel 0.039800 0.229800 0.077900 0.182900 0.044400 0.044300 0.067200 0.053700 0.059000 0.090700 0.044400 0.049100 0.058500 0.062600 0.058800 0.063200 0.063100 0.063400 0.067200 0.058900 0.053700 0.058300 0.067800 0.077300 0.049000 0.067500 0.049100 0.063500 0.058500 0.054100 0.105400 0.062600 0.121500 0.044500 0.048900 0.063700 0.048900 0.044500 0.081800 0.072800 0.067700 0.054200 0.086000 0.082000 0.058800 0.000000 0.063000 0.067000 0.062600 0.095800 0.063300 0.054200
Steenbok 0.049000 0.224900 0.097300 0.210500 0.044300 0.044400 0.067100 0.008600 0.077900 0.105200 0.053600 0.067600 0.077300 0.062500 0.068200 0.025800 0.077300 0.077600 0.071900 0.077800 0.008600 0.058000 0.081700 0.091700 0.058300 0.039400 0.067700 0.077700 0.025400 0.072900 0.120200 0.062500 0.142100 0.063000 0.058200 0.092300 0.067400 0.044400 0.043900 0.087100 0.081900 0.026400 0.100400 0.096500 0.077700 0.063000 0.000000 0.057800 0.072000 0.105600 0.082300 0.073000
Impala 0.053100 0.222800 0.101100 0.219300 0.057600 0.057500 0.071300 0.057900 0.081900 0.113900 0.057700 0.071600 0.081200 0.066700 0.062900 0.076800 0.086000 0.086400 0.071400 0.081800 0.057800 0.071700 0.090700 0.100400 0.062300 0.090600 0.071700 0.086400 0.072100 0.076900 0.128900 0.066700 0.151000 0.067000 0.062200 0.096200 0.071500 0.057800 0.085900 0.095800 0.090600 0.067800 0.109100 0.105200 0.081700 0.067000 0.057800 0.000000 0.062100 0.109400 0.086200 0.076900
Klipspring 0.030700 0.223600 0.077300 0.203300 0.053200 0.044100 0.057700 0.062700 0.077400 0.104600 0.035200 0.067200 0.048800 0.053200 0.058500 0.067600 0.081600 0.081900 0.048300 0.077300 0.062600 0.048900 0.086300 0.095900 0.039700 0.081400 0.039600 0.082000 0.062900 0.072500 0.119500 0.053200 0.146500 0.035100 0.039700 0.086900 0.048700 0.044300 0.090900 0.091400 0.086200 0.068000 0.099900 0.100700 0.072500 0.062600 0.072000 0.062100 0.000000 0.114600 0.072300 0.072500
ForestMusk 0.090700 0.218200 0.101700 0.209600 0.085800 0.085700 0.109500 0.095900 0.092000 0.095200 0.095500 0.081400 0.110500 0.104800 0.101300 0.115900 0.086500 0.082100 0.120000 0.087000 0.095800 0.100500 0.091300 0.101000 0.090800 0.130200 0.100500 0.096600 0.110900 0.086900 0.100200 0.104800 0.111500 0.095700 0.100200 0.106600 0.100200 0.086100 0.125200 0.086700 0.091100 0.101700 0.100000 0.101000 0.091800 0.095800 0.105600 0.109400 0.114600 0.000000 0.106000 0.086900
Bushbuck 0.049100 0.201900 0.030500 0.182900 0.063100 0.044400 0.076700 0.072600 0.022100 0.100400 0.053800 0.044600 0.067900 0.072100 0.073100 0.082700 0.072700 0.073100 0.076600 0.021300 0.072700 0.058500 0.068200 0.077600 0.049200 0.106500 0.058400 0.026600 0.077900 0.017700 0.110300 0.072100 0.137200 0.053800 0.058200 0.058900 0.067700 0.053800 0.091800 0.073100 0.068000 0.083000 0.095600 0.082400 0.044900 0.063300 0.082300 0.086200 0.072300 0.106000 0.000000 0.017600
GreaterKud 0.049300 0.191500 0.022200 0.172700 0.053900 0.044500 0.067500 0.063300 0.004300 0.081500 0.053900 0.026600 0.068100 0.062900 0.063800 0.082900 0.054100 0.054400 0.076800 0.004300 0.063400 0.058700 0.049600 0.058900 0.049300 0.097000 0.058600 0.008600 0.078100 0.000000 0.091200 0.062900 0.127300 0.053900 0.058400 0.040500 0.067900 0.054000 0.082400 0.054400 0.049500 0.073600 0.076800 0.063600 0.026800 0.054200 0.073000 0.076900 0.072500 0.086900 0.017600 0.000000
