1
52 1
Argali 0.000000 0.422500 0.096500 0.243100 0.053500 0.013300 0.068100 0.121600 0.097600 0.192500 0.066800 0.100400 0.094300 0.060100 0.068900 0.111400 0.082900 0.111100 0.053100 0.111200 0.081200 0.013100 0.150400 0.198000 0.041000 0.124000 0.040200 0.111800 0.098500 0.097600 0.191900 0.040300 0.122700 0.067300 0.054300 0.100200 0.026600 0.040300 0.067500 0.260100 0.134700 0.114000 0.178100 0.209700 0.086200 0.084000 0.152400 0.056000 0.067800 0.141600 0.111300 0.128600
LesserMous 0.422500 0.000000 0.351700 0.357600 0.456500 0.405400 0.435500 0.375500 0.355100 0.398500 0.478700 0.396200 0.475000 0.483300 0.329300 0.294000 0.335600 0.370800 0.455600 0.330100 0.328100 0.440300 0.351500 0.384600 0.455600 0.344500 0.444400 0.371700 0.320600 0.355100 0.355600 0.440400 0.448200 0.439100 0.378000 0.386100 0.421500 0.441000 0.387600 0.454900 0.332600 0.359200 0.382700 0.353600 0.370700 0.423500 0.359700 0.346200 0.389800 0.481000 0.370600 0.400000
LesserKudu 0.096500 0.351700 0.000000 0.255200 0.124600 0.083000 0.138700 0.091900 0.000100 0.172500 0.138900 0.113400 0.167600 0.133400 0.053600 0.123800 0.039800 0.066600 0.123500 0.012900 0.093500 0.110200 0.131400 0.210000 0.113700 0.136100 0.153600 0.012900 0.111200 0.000100 0.172000 0.111000 0.134400 0.125300 0.126300 0.113100 0.096600 0.111200 0.108100 0.237200 0.116200 0.126700 0.158700 0.221000 0.099400 0.126000 0.164200 0.040800 0.108500 0.153800 0.012900 0.026400
KillerWhal 0.243100 0.357600 0.255200 0.000000 0.239100 0.263100 0.221200 0.245400 0.257600 0.259500 0.291700 0.328400 0.288100 0.289500 0.257600 0.272200 0.240400 0.237700 0.308400 0.271600 0.269100 0.258400 0.271000 0.229800 0.265500 0.284900 0.261500 0.272800 0.260100 0.257600 0.223800 0.294900 0.318600 0.292800 0.278700 0.244100 0.242100 0.225200 0.252400 0.311400 0.253600 0.295900 0.245100 0.277400 0.266100 0.244300 0.334800 0.247300 0.253600 0.329600 0.272300 0.296100
DefassaWat 0.053500 0.456500 0.124600 0.239100 0.000000 0.040300 0.067000 0.120000 0.125900 0.189300 0.094200 0.130300 0.121600 0.030600 0.096600 0.109800 0.110800 0.139200 0.080000 0.139300 0.108600 0.066800 0.148000 0.228000 0.040600 0.122200 0.095300 0.140200 0.097200 0.125900 0.188800 0.039600 0.180400 0.094500 0.081300 0.129400 0.026400 0.013200 0.094500 0.255400 0.132500 0.112400 0.175500 0.239300 0.115500 0.142500 0.150200 0.084200 0.124100 0.202200 0.139500 0.157800
Sheep 0.013300 0.405400 0.083000 0.263100 0.040300 0.000000 0.083100 0.108400 0.084000 0.178100 0.053600 0.086600 0.081100 0.045500 0.055300 0.097800 0.069300 0.097500 0.039900 0.097600 0.067900 0.026600 0.135800 0.217300 0.027400 0.110600 0.054400 0.098100 0.084800 0.084000 0.177600 0.026900 0.138800 0.054100 0.040900 0.086200 0.013400 0.027000 0.082400 0.245100 0.120100 0.100200 0.163800 0.228800 0.072100 0.099700 0.139000 0.042100 0.082800 0.158400 0.097700 0.114800
MaxwellsDu 0.068100 0.435500 0.138700 0.221200 0.067000 0.083100 0.000000 0.133500 0.140200 0.172500 0.139100 0.143300 0.137800 0.074800 0.110600 0.094900 0.125000 0.153600 0.123900 0.153600 0.122300 0.081700 0.131500 0.177200 0.083800 0.107300 0.082100 0.154200 0.082300 0.140200 0.172000 0.081900 0.164200 0.110100 0.097000 0.144000 0.067900 0.082000 0.080100 0.237400 0.116300 0.111300 0.158800 0.189000 0.130100 0.097200 0.164300 0.098400 0.080300 0.185400 0.153800 0.172500
GazellaPrz 0.121600 0.375500 0.091900 0.245400 0.120000 0.108400 0.133500 0.000000 0.092900 0.196800 0.134300 0.166700 0.191600 0.128200 0.106400 0.091100 0.064700 0.090900 0.148200 0.105800 0.090200 0.134900 0.156900 0.269300 0.139100 0.076100 0.165200 0.106200 0.078900 0.092900 0.196200 0.106900 0.187800 0.134800 0.121400 0.138500 0.121600 0.136100 0.050400 0.295900 0.141800 0.065400 0.183400 0.279200 0.125100 0.150900 0.101900 0.094500 0.132900 0.208600 0.105900 0.122400
MountainNy 0.097600 0.355100 0.000100 0.257600 0.125900 0.084000 0.140200 0.092900 0.000000 0.174400 0.140400 0.117000 0.169300 0.136200 0.054200 0.125000 0.040200 0.067400 0.124800 0.012900 0.094500 0.111400 0.133000 0.212300 0.115000 0.137400 0.142000 0.013000 0.112300 0.000000 0.174000 0.112300 0.135900 0.126700 0.127600 0.114400 0.097700 0.112400 0.109200 0.239800 0.117600 0.128000 0.160600 0.223400 0.100500 0.127400 0.165900 0.041300 0.109700 0.155500 0.013000 0.026700
MuntiacusM 0.192500 0.398500 0.172500 0.259500 0.189300 0.178100 0.172500 0.196800 0.174400 0.000000 0.223200 0.208300 0.203400 0.202100 0.143400 0.157100 0.158400 0.156600 0.221700 0.188200 0.186300 0.207200 0.101200 0.179200 0.214100 0.154400 0.209500 0.189100 0.144500 0.174400 0.026600 0.175200 0.232200 0.206700 0.192900 0.195400 0.192500 0.208800 0.170800 0.157000 0.086300 0.176000 0.013400 0.158300 0.181100 0.192800 0.198600 0.131100 0.203600 0.221800 0.188500 0.209100
goat 0.066800 0.478700 0.138900 0.291700 0.094200 0.053600 0.139100 0.134300 0.140400 0.223200 0.000000 0.143300 0.135700 0.104100 0.110800 0.154300 0.125200 0.153900 0.093500 0.153900 0.122700 0.080100 0.196900 0.281400 0.082500 0.166800 0.109300 0.154700 0.141900 0.140400 0.222600 0.080900 0.195800 0.108400 0.095600 0.144000 0.066900 0.081100 0.137900 0.293000 0.180800 0.157900 0.208900 0.276100 0.130100 0.157400 0.164900 0.098600 0.138300 0.201900 0.154100 0.172700
AfricanBuf 0.100400 0.396200 0.113400 0.328400 0.130300 0.086600 0.143300 0.166700 0.117000 0.208300 0.143300 0.000000 0.170700 0.138400 0.065500 0.134300 0.100800 0.129100 0.097800 0.105700 0.104300 0.085100 0.166400 0.212200 0.117800 0.146200 0.142400 0.129900 0.122200 0.117000 0.207600 0.116600 0.134200 0.142400 0.107900 0.139400 0.100500 0.116700 0.140500 0.205300 0.150800 0.137200 0.185300 0.257700 0.125900 0.152300 0.173700 0.072800 0.119200 0.149400 0.130600 0.148400
Topi 0.094300 0.475000 0.167600 0.288100 0.121600 0.081100 0.137800 0.191600 0.169300 0.203400 0.135700 0.170700 0.000000 0.131500 0.139200 0.152700 0.153800 0.152200 0.065000 0.182900 0.150700 0.107700 0.195000 0.278800 0.110900 0.165000 0.052600 0.183800 0.140400 0.169300 0.202900 0.108300 0.224700 0.052100 0.094600 0.142200 0.094400 0.108500 0.166200 0.306800 0.179100 0.171100 0.189400 0.254600 0.128500 0.155800 0.224900 0.127400 0.167000 0.248400 0.183300 0.202600
CommonDuik 0.060100 0.483300 0.133400 0.289500 0.030600 0.045500 0.074800 0.128200 0.136200 0.202100 0.104100 0.138400 0.131500 0.000000 0.104900 0.116300 0.120900 0.151100 0.087700 0.150400 0.115300 0.074500 0.158600 0.242700 0.045800 0.129400 0.102200 0.141300 0.102100 0.136200 0.201600 0.046100 0.170300 0.102600 0.092000 0.141300 0.030000 0.046200 0.100900 0.270800 0.142100 0.118600 0.187100 0.253800 0.126400 0.154800 0.159100 0.091600 0.134100 0.213200 0.150700 0.170100
Suni 0.068900 0.329300 0.053600 0.257600 0.096600 0.055300 0.110600 0.106400 0.054200 0.143400 0.110800 0.065500 0.139200 0.104900 0.000000 0.067400 0.040300 0.067400 0.095800 0.039800 0.039300 0.082500 0.102100 0.179300 0.085100 0.080000 0.112200 0.067700 0.054400 0.054200 0.143000 0.083100 0.107700 0.111400 0.068800 0.084100 0.068900 0.083200 0.080900 0.206500 0.087100 0.069000 0.129200 0.190600 0.070200 0.097500 0.107200 0.013600 0.061200 0.128000 0.067500 0.083300
Springbuck 0.111400 0.294000 0.123800 0.272200 0.109800 0.097800 0.094900 0.091100 0.125000 0.157100 0.154300 0.134300 0.152700 0.116300 0.067400 0.000000 0.109900 0.138000 0.138500 0.108800 0.052200 0.125100 0.116200 0.227300 0.129200 0.038600 0.137700 0.139000 0.013200 0.125000 0.156600 0.096400 0.179800 0.125000 0.082300 0.127900 0.111400 0.126100 0.065900 0.254500 0.101100 0.040100 0.142600 0.237700 0.113900 0.110600 0.091800 0.083500 0.094200 0.199300 0.138500 0.156700
Okapi 0.082900 0.335600 0.039800 0.240400 0.110800 0.069300 0.125000 0.064700 0.040200 0.158400 0.125200 0.100800 0.153800 0.120900 0.040300 0.109900 0.000000 0.026100 0.109900 0.053400 0.080200 0.096600 0.117000 0.195500 0.099700 0.093500 0.127400 0.053600 0.097200 0.040200 0.158000 0.097200 0.121500 0.125700 0.082800 0.099000 0.083000 0.097400 0.066400 0.223000 0.101800 0.082800 0.144600 0.207000 0.085200 0.112300 0.120800 0.027300 0.095000 0.140000 0.053500 0.068600
Giraffe 0.111100 0.370800 0.066600 0.237700 0.139200 0.097500 0.153600 0.090900 0.067400 0.156600 0.153900 0.129100 0.152200 0.151100 0.067400 0.138000 0.026100 0.000000 0.138100 0.080500 0.107400 0.124800 0.115900 0.227000 0.128700 0.120800 0.156500 0.080800 0.125600 0.067400 0.156300 0.125600 0.149100 0.154400 0.110900 0.127900 0.111100 0.125900 0.093400 0.254500 0.131600 0.110900 0.143000 0.238100 0.114200 0.141100 0.148500 0.054800 0.122700 0.169000 0.080600 0.096600
TibetanAnt 0.053100 0.455600 0.123500 0.308400 0.080000 0.039900 0.123900 0.148200 0.124800 0.221700 0.093500 0.097800 0.065000 0.087700 0.095800 0.138500 0.109900 0.138100 0.000000 0.138300 0.107700 0.039200 0.179900 0.262200 0.068200 0.151200 0.066400 0.139000 0.126000 0.124800 0.221100 0.066800 0.179000 0.065900 0.080900 0.097900 0.053100 0.066800 0.122800 0.254800 0.164100 0.142100 0.207400 0.238600 0.084200 0.141200 0.179800 0.083500 0.123100 0.200400 0.138400 0.156400
Sitatunga 0.111200 0.330100 0.012900 0.271600 0.139300 0.097600 0.153600 0.105800 0.012900 0.188200 0.153900 0.105700 0.182900 0.150400 0.039800 0.108800 0.053400 0.080500 0.138300 0.000000 0.079400 0.124900 0.147200 0.226500 0.128900 0.121100 0.155700 0.026000 0.096200 0.012900 0.187700 0.125800 0.149000 0.140300 0.111000 0.128000 0.111200 0.125900 0.122500 0.253800 0.131700 0.111400 0.174200 0.237200 0.114100 0.140800 0.148900 0.054800 0.094000 0.168400 0.025800 0.039700
Oribi 0.081200 0.328100 0.093500 0.269100 0.108600 0.067900 0.122300 0.090200 0.094500 0.186300 0.122700 0.104300 0.150700 0.115300 0.039300 0.052200 0.080200 0.107400 0.107700 0.079400 0.000000 0.094600 0.145700 0.224400 0.097600 0.064600 0.136200 0.108100 0.039600 0.094500 0.185700 0.095300 0.147300 0.123200 0.081200 0.096200 0.081200 0.095400 0.065200 0.251300 0.130400 0.053400 0.172000 0.234900 0.082600 0.109100 0.090800 0.054100 0.065500 0.165700 0.107700 0.124600
BarbaryShe 0.013100 0.440300 0.110200 0.258400 0.066800 0.026600 0.081700 0.134900 0.111400 0.207200 0.080100 0.085100 0.107700 0.074500 0.082500 0.125100 0.096600 0.124800 0.039200 0.124900 0.094600 0.000000 0.165200 0.213200 0.054000 0.137700 0.053500 0.125600 0.112400 0.111400 0.206600 0.053600 0.136100 0.080700 0.067700 0.114300 0.039800 0.053700 0.080900 0.240800 0.149500 0.128100 0.192900 0.224800 0.100400 0.097900 0.166200 0.069900 0.081200 0.155700 0.125100 0.142700
Daviddeer 0.150400 0.351500 0.131400 0.271000 0.148000 0.135800 0.131500 0.156900 0.133000 0.101200 0.196900 0.166400 0.195000 0.158600 0.102100 0.116200 0.117000 0.115900 0.179900 0.147200 0.145700 0.165200 0.000000 0.136300 0.170900 0.129100 0.167000 0.147900 0.102700 0.133000 0.101000 0.133700 0.191300 0.164900 0.150800 0.170100 0.150400 0.166700 0.130100 0.164200 0.014600 0.134200 0.087600 0.148600 0.155300 0.150600 0.190400 0.088900 0.162600 0.213700 0.147300 0.167100
Reindeer 0.198000 0.384600 0.210000 0.229800 0.228000 0.217300 0.177200 0.269300 0.212300 0.179200 0.281400 0.212200 0.278800 0.242700 0.179300 0.227300 0.195500 0.227000 0.262200 0.226500 0.224400 0.213200 0.136300 0.000000 0.219400 0.240000 0.215800 0.227600 0.214700 0.212300 0.178800 0.248900 0.203300 0.247100 0.232900 0.199800 0.197200 0.213800 0.208500 0.160900 0.120500 0.230100 0.164900 0.099800 0.220600 0.198500 0.271700 0.167200 0.208700 0.228100 0.227100 0.207900
Ibex 0.041000 0.455600 0.113700 0.265500 0.040600 0.027400 0.083800 0.139100 0.115000 0.214100 0.082500 0.117800 0.110900 0.045800 0.085100 0.129200 0.099700 0.128700 0.068200 0.128900 0.097600 0.054000 0.170900 0.219400 0.000000 0.142000 0.083800 0.129600 0.116300 0.115000 0.213500 0.055200 0.170200 0.083200 0.069900 0.118100 0.013500 0.027200 0.112800 0.247500 0.154600 0.132300 0.199400 0.231000 0.103800 0.131800 0.171400 0.072100 0.113300 0.187000 0.129000 0.147400
GyrantGaze 0.124000 0.344500 0.136100 0.284900 0.122200 0.110600 0.107300 0.076100 0.137400 0.154400 0.166800 0.146200 0.165000 0.129400 0.080000 0.038600 0.093500 0.120800 0.151200 0.121100 0.064600 0.137700 0.129100 0.240000 0.142000 0.000000 0.150600 0.151200 0.026000 0.137400 0.169000 0.109000 0.191500 0.137400 0.066700 0.140600 0.124100 0.138700 0.051300 0.267300 0.114200 0.026000 0.155400 0.250300 0.126900 0.123500 0.076600 0.096400 0.106500 0.211800 0.150700 0.169100
Hartebeest 0.040200 0.444400 0.153600 0.261500 0.095300 0.054400 0.082100 0.165200 0.142000 0.209500 0.109300 0.142400 0.052600 0.102200 0.112200 0.137700 0.127400 0.156500 0.066400 0.155700 0.136200 0.053500 0.167000 0.215800 0.083800 0.150600 0.000000 0.156600 0.124100 0.142000 0.208900 0.081800 0.177800 0.026200 0.068100 0.114600 0.067900 0.082000 0.110000 0.278700 0.151100 0.155900 0.195000 0.227400 0.100600 0.098400 0.211500 0.099800 0.110400 0.188100 0.156100 0.174700
Bongo 0.111800 0.371700 0.012900 0.272800 0.140200 0.098100 0.154200 0.106200 0.013000 0.189100 0.154700 0.129900 0.183800 0.141300 0.067700 0.139000 0.053600 0.080800 0.139000 0.026000 0.108100 0.125600 0.147900 0.227600 0.129600 0.151200 0.156600 0.000000 0.126400 0.013000 0.188600 0.126500 0.149700 0.141000 0.142100 0.128700 0.111900 0.126700 0.122900 0.255000 0.132300 0.142300 0.175300 0.238400 0.114800 0.141600 0.179800 0.055000 0.123400 0.169600 0.026000 0.040100
Gerenuk 0.098500 0.320600 0.111200 0.260100 0.097200 0.084800 0.082300 0.078900 0.112300 0.144500 0.141900 0.122200 0.140400 0.102100 0.054400 0.013200 0.097200 0.125600 0.126000 0.096200 0.039600 0.112400 0.102700 0.214700 0.116300 0.026000 0.124100 0.126400 0.000000 0.112300 0.144000 0.083500 0.165800 0.112400 0.069400 0.114600 0.098600 0.113400 0.053300 0.242400 0.087600 0.027000 0.129500 0.225500 0.100400 0.097400 0.079500 0.070400 0.081600 0.186800 0.126000 0.144000
CommonElan 0.097600 0.355100 0.000100 0.257600 0.125900 0.084000 0.140200 0.092900 0.000000 0.174400 0.140400 0.117000 0.169300 0.136200 0.054200 0.125000 0.040200 0.067400 0.124800 0.012900 0.094500 0.111400 0.133000 0.212300 0.115000 0.137400 0.142000 0.013000 0.112300 0.000000 0.174000 0.112300 0.135900 0.126700 0.127600 0.114400 0.097700 0.112400 0.109200 0.239800 0.117600 0.128000 0.160600 0.223400 0.100500 0.127400 0.165900 0.041300 0.109700 0.155500 0.013100 0.026600
MuntiacusR 0.191900 0.355600 0.172000 0.223800 0.188800 0.177600 0.172000 0.196200 0.174000 0.026600 0.222600 0.207600 0.202900 0.201600 0.143000 0.156600 0.158000 0.156300 0.221100 0.187700 0.185700 0.206600 0.101000 0.178800 0.213500 0.169000 0.208900 0.188600 0.144000 0.174000 0.000000 0.174700 0.231500 0.206100 0.192400 0.194800 0.192000 0.208200 0.170300 0.156700 0.086100 0.175600 0.013400 0.157900 0.180500 0.192400 0.198100 0.130800 0.203000 0.221400 0.188000 0.208500
HarveysDui 0.040300 0.440400 0.111000 0.294900 0.039600 0.026900 0.081900 0.106900 0.112300 0.175200 0.080900 0.116600 0.108300 0.046100 0.083100 0.096400 0.097200 0.125600 0.066800 0.125800 0.095300 0.053600 0.133700 0.248900 0.055200 0.109000 0.081800 0.126500 0.083500 0.112300 0.174700 0.000000 0.167000 0.081300 0.067900 0.115400 0.040300 0.053800 0.081300 0.276500 0.118200 0.098700 0.161400 0.259800 0.101400 0.128600 0.136900 0.070400 0.110600 0.188100 0.125900 0.113600
Pronghorn 0.122700 0.448200 0.134400 0.318600 0.180400 0.138800 0.164200 0.187800 0.135900 0.232200 0.195800 0.134200 0.224700 0.170300 0.107700 0.179800 0.121500 0.149100 0.179000 0.149000 0.147300 0.136100 0.191300 0.203300 0.170200 0.191500 0.177800 0.149700 0.165800 0.135900 0.231500 0.167000 0.000000 0.195800 0.183200 0.168900 0.152300 0.167200 0.133700 0.264700 0.175700 0.184100 0.218400 0.215100 0.156500 0.152200 0.220600 0.095600 0.134100 0.179600 0.149200 0.167300
BlueWildeb 0.067300 0.439100 0.125300 0.292800 0.094500 0.054100 0.110100 0.134800 0.126700 0.206700 0.108400 0.142400 0.052100 0.102600 0.111400 0.125000 0.125700 0.154400 0.065900 0.140300 0.123200 0.080700 0.164900 0.247100 0.083200 0.137400 0.026200 0.141000 0.112400 0.126700 0.206100 0.081300 0.195800 0.000000 0.067600 0.113800 0.067400 0.081400 0.138400 0.274600 0.149100 0.142700 0.192500 0.258000 0.099900 0.127300 0.196500 0.099000 0.139100 0.218300 0.140400 0.158800
Gemsbok 0.054300 0.378000 0.126300 0.278700 0.081300 0.040900 0.097000 0.121400 0.127600 0.192900 0.095600 0.107900 0.094600 0.092000 0.068800 0.082300 0.082800 0.110900 0.080900 0.111000 0.081200 0.067700 0.150800 0.232900 0.069900 0.066700 0.068100 0.142100 0.069400 0.127600 0.192400 0.067900 0.183200 0.067600 0.000000 0.131100 0.054300 0.068000 0.095700 0.260800 0.135100 0.069100 0.178600 0.244300 0.117000 0.114000 0.122300 0.085400 0.096100 0.204700 0.141500 0.159900
Yak 0.100200 0.386100 0.113100 0.244100 0.129400 0.086200 0.144000 0.138500 0.114400 0.195400 0.144000 0.139400 0.142200 0.141300 0.084100 0.127900 0.099000 0.127900 0.097900 0.128000 0.096200 0.114300 0.170100 0.199800 0.118100 0.140600 0.114600 0.128700 0.114600 0.114400 0.194800 0.115400 0.168900 0.113800 0.131100 0.000000 0.100200 0.115500 0.112300 0.262200 0.153800 0.131000 0.181300 0.245900 0.013700 0.131000 0.154200 0.071700 0.112300 0.175100 0.128200 0.146800
BlueSheep 0.026600 0.421500 0.096600 0.242100 0.026400 0.013400 0.067900 0.121600 0.097700 0.192500 0.066900 0.100500 0.094400 0.030000 0.068900 0.111400 0.083000 0.111100 0.053100 0.111200 0.081200 0.039800 0.150400 0.197200 0.013500 0.124100 0.067900 0.111900 0.098600 0.097700 0.192000 0.040300 0.152300 0.067400 0.054300 0.100200 0.000000 0.013200 0.095900 0.224800 0.134700 0.114100 0.178200 0.209000 0.086300 0.113600 0.152500 0.056000 0.096300 0.172600 0.111400 0.128700
BohorReedb 0.040300 0.441000 0.111200 0.225200 0.013200 0.027000 0.082000 0.136100 0.112400 0.208800 0.081100 0.116700 0.108500 0.046200 0.083200 0.126100 0.097400 0.125900 0.066800 0.125900 0.095400 0.053700 0.166700 0.213800 0.027200 0.138700 0.082000 0.126700 0.113400 0.112400 0.208200 0.053800 0.167200 0.081400 0.068000 0.115500 0.013200 0.000000 0.110300 0.241500 0.150800 0.129100 0.194700 0.225400 0.101500 0.128900 0.167400 0.070500 0.110700 0.188500 0.126100 0.144000
KirksDik 0.067500 0.387600 0.108100 0.252400 0.094500 0.082400 0.080100 0.050400 0.109200 0.170800 0.137900 0.140500 0.166200 0.100900 0.080900 0.065900 0.066400 0.093400 0.122800 0.122500 0.065200 0.080900 0.130100 0.208500 0.112800 0.051300 0.110000 0.122900 0.053300 0.109200 0.170300 0.081300 0.133700 0.138400 0.095700 0.112300 0.095900 0.110300 0.000000 0.269400 0.115100 0.039800 0.157200 0.219500 0.098600 0.095900 0.077300 0.068400 0.079700 0.152500 0.122600 0.140000
RoeDeer 0.260100 0.454900 0.237200 0.311400 0.255400 0.245100 0.237400 0.295900 0.239800 0.157000 0.293000 0.205300 0.306800 0.270800 0.206500 0.254500 0.223000 0.254500 0.254800 0.253800 0.251300 0.240800 0.164200 0.160900 0.247500 0.267300 0.278700 0.255000 0.242400 0.239800 0.156700 0.276500 0.264700 0.274600 0.260800 0.262200 0.224800 0.241500 0.269400 0.000000 0.148500 0.277000 0.143300 0.173200 0.247800 0.261000 0.316100 0.195100 0.235300 0.291500 0.254500 0.277200
WhiteLippe 0.134700 0.332600 0.116200 0.253600 0.132500 0.120100 0.116300 0.141800 0.117600 0.086300 0.180800 0.150800 0.179100 0.142100 0.087100 0.101100 0.101800 0.131600 0.164100 0.131700 0.130400 0.149500 0.014600 0.120500 0.154600 0.114200 0.151100 0.132300 0.087600 0.117600 0.086100 0.118200 0.175700 0.149100 0.135100 0.153800 0.134700 0.150800 0.115100 0.148500 0.000000 0.118700 0.072600 0.133000 0.139000 0.134900 0.174800 0.073800 0.147000 0.197400 0.131900 0.151000
ThomsonGaz 0.114000 0.359200 0.126700 0.295900 0.112400 0.100200 0.111300 0.065400 0.128000 0.176000 0.157900 0.137200 0.171100 0.118600 0.069000 0.040100 0.082800 0.110900 0.142100 0.111400 0.053400 0.128100 0.134200 0.230100 0.132300 0.026000 0.155900 0.142300 0.027000 0.128000 0.175600 0.098700 0.184100 0.142700 0.069100 0.131000 0.114100 0.129100 0.039800 0.277000 0.118700 0.000000 0.161300 0.259800 0.116700 0.127900 0.065900 0.085500 0.096500 0.204300 0.141700 0.143800
MuntiacusC 0.178100 0.382700 0.158700 0.245100 0.175500 0.163800 0.158800 0.183400 0.160600 0.013400 0.208900 0.185300 0.189400 0.187100 0.129200 0.142600 0.144600 0.143000 0.207400 0.174200 0.172000 0.192900 0.087600 0.164900 0.199400 0.155400 0.195000 0.175300 0.129500 0.160600 0.013400 0.161400 0.218400 0.192500 0.178600 0.181300 0.178200 0.194700 0.157200 0.143300 0.072600 0.161300 0.000000 0.144400 0.166800 0.178700 0.184600 0.117100 0.189500 0.207900 0.174700 0.194900
WhiteTaile 0.209700 0.353600 0.221000 0.277400 0.239300 0.228800 0.189000 0.279200 0.223400 0.158300 0.276100 0.257700 0.254600 0.253800 0.190600 0.237700 0.207000 0.238100 0.238600 0.237200 0.234900 0.224800 0.148600 0.099800 0.231000 0.250300 0.227400 0.238400 0.225500 0.223400 0.157900 0.259800 0.215100 0.258000 0.244300 0.245900 0.209000 0.225400 0.219500 0.173200 0.133000 0.259800 0.144400 0.000000 0.231600 0.210100 0.281600 0.179100 0.219300 0.239400 0.238000 0.259900
Cattle 0.086200 0.370700 0.099400 0.266100 0.115500 0.072100 0.130100 0.125100 0.100500 0.181100 0.130100 0.125900 0.128500 0.126400 0.070200 0.113900 0.085200 0.114200 0.084200 0.114100 0.082600 0.100400 0.155300 0.220600 0.103800 0.126900 0.100600 0.114800 0.100400 0.100500 0.180500 0.101400 0.156500 0.099900 0.117000 0.013700 0.086300 0.101500 0.098600 0.247800 0.139000 0.116700 0.166800 0.231600 0.000000 0.116900 0.140500 0.057600 0.098500 0.161100 0.114400 0.132600
RoyalAntel 0.084000 0.423500 0.126000 0.244300 0.142500 0.099700 0.097200 0.150900 0.127400 0.192800 0.157400 0.152300 0.155800 0.154800 0.097500 0.110600 0.112300 0.141100 0.141200 0.140800 0.109100 0.097900 0.150600 0.198500 0.131800 0.123500 0.098400 0.141600 0.097400 0.127400 0.192400 0.128600 0.152200 0.127300 0.114000 0.131000 0.113600 0.128900 0.095900 0.261000 0.134900 0.127900 0.178700 0.210100 0.116900 0.000000 0.182500 0.085200 0.095900 0.173100 0.141300 0.159600
Steenbok 0.152400 0.359700 0.164200 0.334800 0.150200 0.139000 0.164300 0.101900 0.165900 0.198600 0.164900 0.173700 0.224900 0.159100 0.107200 0.091800 0.120800 0.148500 0.179800 0.148900 0.090800 0.166200 0.190400 0.271700 0.171400 0.076600 0.211500 0.179800 0.079500 0.165900 0.198100 0.136900 0.220600 0.196500 0.122300 0.154200 0.152500 0.167400 0.077300 0.316100 0.174800 0.065900 0.184600 0.281600 0.140500 0.182500 0.000000 0.124500 0.134000 0.209600 0.179200 0.198600
Impala 0.056000 0.346200 0.040800 0.247300 0.084200 0.042100 0.098400 0.094500 0.041300 0.131100 0.098600 0.072800 0.127400 0.091600 0.013600 0.083500 0.027300 0.054800 0.083500 0.054800 0.054100 0.069900 0.088900 0.167200 0.072100 0.096400 0.099800 0.055000 0.070400 0.041300 0.130800 0.070400 0.095600 0.099000 0.085400 0.071700 0.056000 0.070500 0.068400 0.195100 0.073800 0.085500 0.117100 0.179100 0.057600 0.085200 0.124500 0.000000 0.068700 0.113300 0.054900 0.070500
Klipspring 0.067800 0.389800 0.108500 0.253600 0.124100 0.082800 0.080300 0.132900 0.109700 0.203600 0.138300 0.119200 0.167000 0.134100 0.061200 0.094200 0.095000 0.122700 0.123100 0.094000 0.065500 0.081200 0.162600 0.208700 0.113300 0.106500 0.110400 0.123400 0.081600 0.109700 0.203000 0.110600 0.134100 0.139100 0.096100 0.112300 0.096300 0.110700 0.079700 0.235300 0.147000 0.096500 0.189500 0.219300 0.098500 0.095900 0.134000 0.068700 0.000000 0.137500 0.123000 0.140600
ForestMusk 0.141600 0.481000 0.153800 0.329600 0.202200 0.158400 0.185400 0.208600 0.155500 0.221800 0.201900 0.149400 0.248400 0.213200 0.128000 0.199300 0.140000 0.169000 0.200400 0.168400 0.165700 0.155700 0.213700 0.228100 0.187000 0.211800 0.188100 0.169600 0.186800 0.155500 0.221400 0.188100 0.179600 0.218300 0.204700 0.175100 0.172600 0.188500 0.152500 0.291500 0.197400 0.204300 0.207900 0.239400 0.161100 0.173100 0.209600 0.113300 0.137500 0.000000 0.169300 0.188400
Bushbuck 0.111300 0.370600 0.012900 0.272300 0.139500 0.097700 0.153800 0.105900 0.013000 0.188500 0.154100 0.130600 0.183300 0.150700 0.067500 0.138500 0.053500 0.080600 0.138400 0.025800 0.107700 0.125100 0.147300 0.227100 0.129000 0.150700 0.156100 0.026000 0.126000 0.013100 0.188000 0.125900 0.149200 0.140400 0.141500 0.128200 0.111400 0.126100 0.122600 0.254500 0.131900 0.141700 0.174700 0.238000 0.114400 0.141300 0.179200 0.054900 0.123000 0.169300 0.000000 0.039800
GreaterKud 0.128600 0.400000 0.026400 0.296100 0.157800 0.114800 0.172500 0.122400 0.026700 0.209100 0.172700 0.148400 0.202600 0.170100 0.083300 0.156700 0.068600 0.096600 0.156400 0.039700 0.124600 0.142700 0.167100 0.207900 0.147400 0.169100 0.174700 0.040100 0.144000 0.026600 0.208500 0.113600 0.167300 0.158800 0.159900 0.146800 0.128700 0.144000 0.140000 0.277200 0.151000 0.143800 0.194900 0.259900 0.132600 0.159600 0.198600 0.070500 0.140600 0.188400 0.039800 0.000000
