1
52 1
Argali 0.000000 0.197800 0.098100 0.249300 0.000200 0.000000 0.037600 0.018500 0.098700 0.120600 0.000000 0.037500 0.018400 0.058200 0.037400 0.018500 0.057600 0.078100 0.000100 0.095700 0.037800 0.018200 0.117700 0.058300 0.018600 0.018600 0.037500 0.100500 0.037600 0.100500 0.142500 0.037500 0.123500 0.018400 0.037200 0.056800 0.018400 0.000200 0.018900 0.058300 0.117700 0.018600 0.122400 0.058300 0.078600 0.037500 0.037800 0.018500 0.055600 0.018600 0.100500 0.125900
LesserMous 0.197800 0.000000 0.292100 0.204100 0.197800 0.197800 0.198100 0.172900 0.264200 0.252900 0.197800 0.222500 0.172100 0.176000 0.196400 0.172900 0.174000 0.200300 0.198800 0.285200 0.198200 0.220400 0.244800 0.176100 0.227200 0.173000 0.197400 0.298700 0.198700 0.292000 0.225400 0.148800 0.229600 0.172100 0.147600 0.234000 0.222900 0.197800 0.175300 0.176100 0.244800 0.173000 0.256300 0.176100 0.262300 0.196800 0.198200 0.173100 0.216600 0.174000 0.292000 0.331900
LesserKudu 0.098100 0.292100 0.000000 0.290600 0.098300 0.098100 0.102000 0.080300 0.000100 0.198100 0.098100 0.079400 0.079900 0.126700 0.101500 0.080300 0.125200 0.148900 0.099000 0.000100 0.102500 0.119600 0.192200 0.127000 0.075500 0.080400 0.101900 0.000100 0.102100 0.000100 0.223700 0.101800 0.202900 0.079900 0.100900 0.083100 0.120900 0.098300 0.082000 0.127000 0.192200 0.080400 0.201200 0.127000 0.105300 0.101500 0.102500 0.080300 0.120500 0.080700 0.000100 0.020400
KillerWhal 0.249300 0.204100 0.290600 0.000000 0.248900 0.249300 0.250300 0.221800 0.292300 0.274600 0.249300 0.275700 0.220400 0.247400 0.246200 0.221800 0.221700 0.249500 0.250200 0.283800 0.250700 0.273400 0.298800 0.227600 0.226000 0.221800 0.249300 0.294900 0.249500 0.291300 0.245300 0.194800 0.250100 0.220400 0.192400 0.291300 0.276300 0.248900 0.226500 0.227600 0.298800 0.221800 0.279000 0.227600 0.322100 0.247100 0.250700 0.220800 0.267000 0.222400 0.291300 0.293000
DefassaWat 0.000200 0.197800 0.098300 0.248900 0.000000 0.000200 0.037700 0.018600 0.098900 0.120800 0.000200 0.052900 0.018400 0.058300 0.037500 0.018600 0.057700 0.078200 0.000100 0.095900 0.037900 0.018200 0.117900 0.058500 0.018700 0.018600 0.037500 0.100700 0.037700 0.100700 0.142800 0.037600 0.123700 0.018400 0.037300 0.057000 0.018400 0.000000 0.018900 0.058500 0.117900 0.018600 0.122500 0.058500 0.078800 0.037500 0.037900 0.018600 0.055700 0.018600 0.100700 0.126200
Sheep 0.000000 0.197800 0.098100 0.249300 0.000200 0.000000 0.037600 0.018500 0.098700 0.120600 0.000000 0.037500 0.018400 0.058200 0.037400 0.018500 0.057600 0.078100 0.000100 0.095700 0.037800 0.018200 0.117700 0.058300 0.018600 0.018600 0.037500 0.100500 0.037600 0.100500 0.142500 0.037500 0.123500 0.018400 0.037200 0.056800 0.018400 0.000200 0.018900 0.058300 0.117700 0.018600 0.122400 0.058300 0.078600 0.037500 0.037800 0.018500 0.055600 0.018600 0.100500 0.125900
MaxwellsDu 0.037600 0.198100 0.102000 0.250300 0.037700 0.037600 0.000000 0.018600 0.102400 0.121700 0.037600 0.057100 0.018600 0.058600 0.037700 0.018600 0.058000 0.078500 0.037900 0.099500 0.038000 0.056500 0.118200 0.058700 0.057900 0.018700 0.037900 0.104100 0.037700 0.101600 0.143700 0.037600 0.124500 0.018600 0.037500 0.059400 0.057000 0.037700 0.019000 0.058700 0.118200 0.018700 0.123400 0.058700 0.080100 0.037800 0.038000 0.018700 0.055900 0.018800 0.101600 0.126800
GazellaPrz 0.018500 0.172900 0.080300 0.221800 0.018600 0.018500 0.018600 0.000000 0.080600 0.099600 0.018500 0.037500 0.000100 0.038500 0.018600 0.000000 0.038100 0.058000 0.018700 0.078400 0.018700 0.037100 0.096800 0.038500 0.038000 0.000100 0.018600 0.081900 0.018600 0.080000 0.121000 0.018600 0.101800 0.000100 0.018500 0.039000 0.037400 0.018600 0.000100 0.038500 0.096800 0.000100 0.101000 0.038500 0.059100 0.018600 0.018700 0.000100 0.036700 0.000100 0.080000 0.103900
MountainNy 0.098700 0.264200 0.000100 0.292300 0.098900 0.098700 0.102400 0.080600 0.000000 0.198900 0.098700 0.079700 0.080100 0.127200 0.102000 0.080600 0.126000 0.149900 0.099600 0.000100 0.102900 0.120300 0.193300 0.127500 0.076200 0.080800 0.102200 0.000100 0.102600 0.000100 0.224800 0.102300 0.204200 0.080100 0.101400 0.083500 0.121600 0.098900 0.082300 0.127500 0.193300 0.080800 0.202000 0.127500 0.105900 0.101900 0.102900 0.080700 0.121200 0.081000 0.000100 0.020400
MuntiacusM 0.120600 0.252900 0.198100 0.274600 0.120800 0.120600 0.121700 0.099600 0.198900 0.000000 0.120600 0.142600 0.099000 0.145700 0.120700 0.099600 0.100400 0.122400 0.121600 0.193200 0.078500 0.140800 0.037300 0.059000 0.144900 0.099800 0.078000 0.201500 0.121300 0.198000 0.018100 0.121000 0.148000 0.099000 0.119900 0.149400 0.142200 0.120800 0.101700 0.059000 0.037300 0.099800 0.000100 0.059000 0.125900 0.120800 0.078500 0.099600 0.139400 0.100000 0.198000 0.177400
goat 0.000000 0.197800 0.098100 0.249300 0.000200 0.000000 0.037600 0.018500 0.098700 0.120600 0.000000 0.037500 0.018400 0.058200 0.037400 0.018500 0.057600 0.078100 0.000100 0.095700 0.037800 0.018200 0.117700 0.058300 0.018600 0.018600 0.037500 0.100500 0.037600 0.100500 0.142500 0.037500 0.123500 0.018400 0.037200 0.056800 0.018400 0.000200 0.018900 0.058300 0.117700 0.018600 0.122400 0.058300 0.078600 0.037500 0.037800 0.018500 0.055600 0.018600 0.100500 0.125900
AfricanBuf 0.037500 0.222500 0.079400 0.275700 0.052900 0.037500 0.057100 0.037500 0.079700 0.142600 0.037500 0.000000 0.037200 0.038300 0.056900 0.037500 0.077800 0.098800 0.039300 0.077500 0.057400 0.070100 0.139200 0.078800 0.072000 0.037600 0.056900 0.081000 0.057000 0.079400 0.165000 0.056900 0.146400 0.037200 0.056600 0.038700 0.071100 0.056600 0.038200 0.078800 0.139200 0.037600 0.144500 0.078800 0.058700 0.056900 0.057400 0.037500 0.075200 0.037600 0.079400 0.103000
Topi 0.018400 0.172100 0.079900 0.220400 0.018400 0.018400 0.018600 0.000100 0.080100 0.099000 0.018400 0.037200 0.000000 0.038200 0.018500 0.000100 0.037900 0.057700 0.018600 0.077900 0.018600 0.036800 0.096500 0.038400 0.037700 0.000200 0.018500 0.081500 0.018600 0.079800 0.120200 0.018500 0.101200 0.000000 0.018400 0.038900 0.037200 0.018400 0.000100 0.038400 0.096500 0.000200 0.100300 0.038400 0.058900 0.018500 0.018600 0.000200 0.036600 0.000100 0.079800 0.103700
CommonDuik 0.058200 0.176000 0.126700 0.247400 0.058300 0.058200 0.058600 0.038500 0.127200 0.145700 0.058200 0.038300 0.038200 0.000000 0.058300 0.038500 0.079300 0.100700 0.058700 0.123600 0.058900 0.077700 0.142500 0.080900 0.079700 0.038500 0.058500 0.129100 0.058500 0.126600 0.168700 0.058400 0.125900 0.038200 0.057600 0.082000 0.078300 0.058300 0.039200 0.080900 0.142500 0.038500 0.147800 0.080900 0.103700 0.058400 0.058900 0.038500 0.077000 0.038600 0.126600 0.152800
Suni 0.037400 0.196400 0.101500 0.246200 0.037500 0.037400 0.037700 0.018600 0.102000 0.120700 0.037400 0.056900 0.018500 0.058300 0.000000 0.018600 0.057600 0.078000 0.037800 0.099100 0.037900 0.056200 0.117700 0.058300 0.057600 0.018600 0.037700 0.103500 0.037700 0.101400 0.142600 0.037600 0.123400 0.018500 0.037300 0.059300 0.056800 0.037500 0.018900 0.058300 0.117700 0.018600 0.122300 0.058300 0.080000 0.037600 0.037900 0.018600 0.055900 0.018700 0.101400 0.126400
Springbuck 0.018500 0.172900 0.080300 0.221800 0.018600 0.018500 0.018600 0.000000 0.080600 0.099600 0.018500 0.037500 0.000100 0.038500 0.018600 0.000000 0.038100 0.058000 0.018700 0.078400 0.018700 0.037100 0.096800 0.038500 0.038000 0.000100 0.018600 0.081900 0.018600 0.080000 0.121000 0.018600 0.101800 0.000100 0.018500 0.039000 0.037400 0.018600 0.000100 0.038500 0.096800 0.000100 0.101000 0.038500 0.059100 0.018600 0.018700 0.000100 0.036700 0.000100 0.080000 0.103900
Okapi 0.057600 0.174000 0.125200 0.221700 0.057700 0.057600 0.058000 0.038100 0.126000 0.100400 0.057600 0.077800 0.037900 0.079300 0.057600 0.038100 0.000000 0.018900 0.058100 0.122400 0.058300 0.037500 0.097800 0.038900 0.079000 0.038100 0.058000 0.127200 0.057900 0.125300 0.121900 0.057800 0.102600 0.037900 0.057300 0.081200 0.077700 0.057700 0.038800 0.038900 0.097800 0.038100 0.101800 0.038900 0.102700 0.057800 0.058300 0.038100 0.037200 0.038300 0.125300 0.152000
Giraffe 0.078100 0.200300 0.148900 0.249500 0.078200 0.078100 0.078500 0.058000 0.149900 0.122400 0.078100 0.098800 0.057700 0.100700 0.078000 0.058000 0.018900 0.000000 0.078700 0.145600 0.078800 0.057100 0.119100 0.059100 0.100300 0.058000 0.078400 0.151300 0.078600 0.149000 0.144800 0.078300 0.125100 0.057700 0.077500 0.103200 0.098700 0.078200 0.059100 0.059100 0.119100 0.058000 0.124200 0.059100 0.125600 0.078200 0.078800 0.058000 0.056600 0.058300 0.149000 0.177100
TibetanAnt 0.000100 0.198800 0.099000 0.250200 0.000100 0.000100 0.037900 0.018700 0.099600 0.121600 0.000100 0.039300 0.018600 0.058700 0.037800 0.018700 0.058100 0.078700 0.000000 0.096600 0.038100 0.018400 0.118600 0.058800 0.018800 0.018700 0.037900 0.101500 0.037900 0.101400 0.143600 0.037800 0.124500 0.018600 0.037500 0.057400 0.018600 0.000100 0.019000 0.058800 0.118600 0.018700 0.123300 0.058800 0.079300 0.037800 0.038100 0.018700 0.056100 0.018700 0.101400 0.127000
Sitatunga 0.095700 0.285200 0.000100 0.283800 0.095900 0.095700 0.099500 0.078400 0.000100 0.193200 0.095700 0.077500 0.077900 0.123600 0.099100 0.078400 0.122400 0.145600 0.096600 0.000000 0.100000 0.116700 0.187600 0.123900 0.073600 0.078500 0.099400 0.000100 0.099700 0.000100 0.218200 0.099400 0.198000 0.077900 0.098600 0.081200 0.118000 0.095900 0.080000 0.123900 0.187600 0.078500 0.196200 0.123900 0.102800 0.099000 0.100000 0.078400 0.117800 0.078800 0.000100 0.019900
Oribi 0.037800 0.198200 0.102500 0.250700 0.037900 0.037800 0.038000 0.018700 0.102900 0.078500 0.037800 0.057400 0.018600 0.058900 0.037900 0.018700 0.058300 0.078800 0.038100 0.100000 0.000000 0.056700 0.076300 0.019000 0.058200 0.018800 0.000100 0.104600 0.037900 0.102100 0.099200 0.037800 0.102200 0.018600 0.037700 0.059700 0.057300 0.037900 0.019100 0.019000 0.076300 0.018800 0.079600 0.019000 0.080400 0.038000 0.000000 0.018800 0.056100 0.018800 0.102100 0.127400
BarbaryShe 0.018200 0.220400 0.119600 0.273400 0.018200 0.018200 0.056500 0.037100 0.120300 0.140800 0.018200 0.070100 0.036800 0.077700 0.056200 0.037100 0.037500 0.057100 0.018400 0.116700 0.056700 0.000000 0.137800 0.077800 0.037200 0.037200 0.056300 0.122300 0.056400 0.121200 0.163100 0.056300 0.144600 0.036800 0.055900 0.077700 0.036700 0.018200 0.037800 0.077800 0.137800 0.037200 0.142900 0.077800 0.099100 0.056300 0.056700 0.037100 0.036300 0.037100 0.121200 0.147300
Daviddeer 0.117700 0.244800 0.192200 0.298800 0.117900 0.117700 0.118200 0.096800 0.193300 0.037300 0.117700 0.139200 0.096500 0.142500 0.117700 0.096800 0.097800 0.119100 0.118600 0.187600 0.076300 0.137800 0.000000 0.057200 0.141000 0.097200 0.076100 0.196100 0.117900 0.191400 0.056600 0.117500 0.144300 0.096500 0.117200 0.144700 0.139000 0.117900 0.098900 0.057200 0.000000 0.097200 0.037800 0.057200 0.122000 0.118000 0.076300 0.097200 0.136100 0.097500 0.191400 0.221100
Reindeer 0.058300 0.176100 0.127000 0.227600 0.058500 0.058300 0.058700 0.038500 0.127500 0.059000 0.058300 0.078800 0.038400 0.080900 0.058300 0.038500 0.038900 0.059100 0.058800 0.123900 0.019000 0.077800 0.057200 0.000000 0.080000 0.038700 0.018900 0.129700 0.058500 0.126500 0.079400 0.058300 0.081700 0.038400 0.058100 0.082000 0.078600 0.058500 0.039300 0.000000 0.057200 0.038700 0.059800 0.000000 0.103600 0.058500 0.019000 0.038600 0.076900 0.038800 0.126500 0.153900
Ibex 0.018600 0.227200 0.075500 0.226000 0.018700 0.018600 0.057900 0.038000 0.076200 0.144900 0.018600 0.072000 0.037700 0.079700 0.057600 0.038000 0.079000 0.100300 0.018800 0.073600 0.058200 0.037200 0.141000 0.080000 0.000000 0.038100 0.057800 0.077900 0.057900 0.079900 0.167900 0.057700 0.148400 0.037700 0.057200 0.079900 0.037600 0.018700 0.038800 0.080000 0.141000 0.038100 0.147200 0.080000 0.101800 0.057600 0.058200 0.038000 0.076000 0.038100 0.079900 0.104800
GyrantGaze 0.018600 0.173000 0.080400 0.221800 0.018600 0.018600 0.018700 0.000100 0.080800 0.099800 0.018600 0.037600 0.000200 0.038500 0.018600 0.000100 0.038100 0.058000 0.018700 0.078500 0.018800 0.037200 0.097200 0.038700 0.038100 0.000000 0.018700 0.082100 0.018700 0.080400 0.121200 0.018600 0.102000 0.000200 0.018500 0.039100 0.037500 0.018600 0.000100 0.038700 0.097200 0.000000 0.101300 0.038700 0.059400 0.018700 0.018800 0.000200 0.036900 0.000200 0.080400 0.104400
Hartebeest 0.037500 0.197400 0.101900 0.249300 0.037500 0.037500 0.037900 0.018600 0.102200 0.078000 0.037500 0.056900 0.018500 0.058500 0.037700 0.018600 0.058000 0.078400 0.037900 0.099400 0.000100 0.056300 0.076100 0.018900 0.057800 0.018700 0.000000 0.104000 0.037800 0.101800 0.098500 0.037700 0.101600 0.018500 0.037500 0.059500 0.056900 0.037500 0.019000 0.018900 0.076100 0.018700 0.079000 0.018900 0.080200 0.037700 0.000100 0.018700 0.056000 0.018700 0.101800 0.127100
Bongo 0.100500 0.298700 0.000100 0.294900 0.100700 0.100500 0.104100 0.081900 0.000100 0.201500 0.100500 0.081000 0.081500 0.129100 0.103500 0.081900 0.127200 0.151300 0.101500 0.000100 0.104600 0.122300 0.196100 0.129700 0.077900 0.082100 0.104000 0.000000 0.104200 0.000100 0.227600 0.103900 0.207400 0.081500 0.102400 0.084900 0.123600 0.100700 0.083700 0.129700 0.196100 0.082100 0.204600 0.129700 0.107600 0.103500 0.104600 0.082000 0.122900 0.082300 0.000100 0.020700
Gerenuk 0.037600 0.198700 0.102100 0.249500 0.037700 0.037600 0.037700 0.018600 0.102600 0.121300 0.037600 0.057000 0.018600 0.058500 0.037700 0.018600 0.057900 0.078600 0.037900 0.099700 0.037900 0.056400 0.117900 0.058500 0.057900 0.018700 0.037800 0.104200 0.000000 0.101700 0.143400 0.037700 0.124100 0.018600 0.037500 0.038900 0.057000 0.037700 0.019000 0.058500 0.117900 0.018700 0.123000 0.058500 0.059100 0.037700 0.037900 0.018700 0.055800 0.018700 0.101700 0.126900
CommonElan 0.100500 0.292000 0.000100 0.291300 0.100700 0.100500 0.101600 0.080000 0.000100 0.198000 0.100500 0.079400 0.079800 0.126600 0.101400 0.080000 0.125300 0.149000 0.101400 0.000100 0.102100 0.121200 0.191400 0.126500 0.079900 0.080400 0.101800 0.000100 0.101700 0.000000 0.223600 0.101400 0.203000 0.079800 0.100800 0.082800 0.122400 0.100700 0.081900 0.126500 0.191400 0.080400 0.201100 0.126500 0.104900 0.101400 0.102100 0.080300 0.120100 0.080700 0.000000 0.020300
MuntiacusR 0.142500 0.225400 0.223700 0.245300 0.142800 0.142500 0.143700 0.121000 0.224800 0.018100 0.142500 0.165000 0.120200 0.168700 0.142600 0.121000 0.121900 0.144800 0.143600 0.218200 0.099200 0.163100 0.056600 0.079400 0.167900 0.121200 0.098500 0.227600 0.143400 0.223600 0.000000 0.099100 0.171400 0.120200 0.141600 0.173200 0.164800 0.142800 0.123500 0.079400 0.056600 0.121200 0.019000 0.079400 0.149000 0.142600 0.099200 0.121000 0.161300 0.121500 0.223600 0.202900
HarveysDui 0.037500 0.148800 0.101800 0.194800 0.037600 0.037500 0.037600 0.018600 0.102300 0.121000 0.037500 0.056900 0.018500 0.058400 0.037600 0.018600 0.057800 0.078300 0.037800 0.099400 0.037800 0.056300 0.117500 0.058300 0.057700 0.018600 0.037700 0.103900 0.037700 0.101400 0.099100 0.000000 0.123700 0.018500 0.037300 0.059200 0.056800 0.037600 0.019000 0.058300 0.117600 0.018600 0.122700 0.058300 0.079900 0.037600 0.037800 0.018600 0.055700 0.018700 0.101400 0.126500
Pronghorn 0.123500 0.229600 0.202900 0.250100 0.123700 0.123500 0.124500 0.101800 0.204200 0.148000 0.123500 0.146400 0.101200 0.125900 0.123400 0.101800 0.102600 0.125100 0.124500 0.198000 0.102200 0.144600 0.144300 0.081700 0.148400 0.102000 0.101600 0.207400 0.124100 0.203000 0.171400 0.123700 0.000000 0.101200 0.122900 0.152900 0.146000 0.123700 0.103800 0.081700 0.144300 0.102000 0.150000 0.081700 0.177100 0.123800 0.102200 0.080600 0.143200 0.102300 0.203000 0.235300
BlueWildeb 0.018400 0.172100 0.079900 0.220400 0.018400 0.018400 0.018600 0.000100 0.080100 0.099000 0.018400 0.037200 0.000000 0.038200 0.018500 0.000100 0.037900 0.057700 0.018600 0.077900 0.018600 0.036800 0.096500 0.038400 0.037700 0.000200 0.018500 0.081500 0.018600 0.079800 0.120200 0.018500 0.101200 0.000000 0.018400 0.038900 0.037200 0.018400 0.000100 0.038400 0.096500 0.000200 0.100300 0.038400 0.058900 0.018500 0.018600 0.000200 0.036600 0.000100 0.079800 0.103700
Gemsbok 0.037200 0.147600 0.100900 0.192400 0.037300 0.037200 0.037500 0.018500 0.101400 0.119900 0.037200 0.056600 0.018400 0.057600 0.037300 0.018500 0.057300 0.077500 0.037500 0.098600 0.037700 0.055900 0.117200 0.058100 0.057200 0.018500 0.037500 0.102400 0.037500 0.100800 0.141600 0.037300 0.122900 0.018400 0.000000 0.058900 0.056500 0.037300 0.018800 0.058100 0.117200 0.018500 0.121500 0.058100 0.079500 0.037400 0.037700 0.018500 0.055500 0.018500 0.100800 0.125500
Yak 0.056800 0.234000 0.083100 0.291300 0.057000 0.056800 0.059400 0.039000 0.083500 0.149400 0.056800 0.038700 0.038900 0.082000 0.059300 0.039000 0.081200 0.103200 0.057400 0.081200 0.059700 0.077700 0.144700 0.082000 0.079900 0.039100 0.059500 0.084900 0.038900 0.082800 0.173200 0.059200 0.152900 0.038900 0.058900 0.000000 0.078500 0.057000 0.039900 0.082000 0.144700 0.039100 0.151600 0.082000 0.019500 0.059300 0.059700 0.039100 0.078000 0.039300 0.082800 0.107800
BlueSheep 0.018400 0.222900 0.120900 0.276300 0.018400 0.018400 0.057000 0.037400 0.121600 0.142200 0.018400 0.071100 0.037200 0.078300 0.056800 0.037400 0.077700 0.098700 0.018600 0.118000 0.057300 0.036700 0.139000 0.078600 0.037600 0.037500 0.056900 0.123600 0.057000 0.122400 0.164800 0.056800 0.146000 0.037200 0.056500 0.078500 0.000000 0.018400 0.038200 0.078600 0.139000 0.037500 0.144400 0.078600 0.100100 0.056800 0.057300 0.037500 0.055700 0.037500 0.122400 0.148800
BohorReedb 0.000200 0.197800 0.098300 0.248900 0.000000 0.000200 0.037700 0.018600 0.098900 0.120800 0.000200 0.056600 0.018400 0.058300 0.037500 0.018600 0.057700 0.078200 0.000100 0.095900 0.037900 0.018200 0.117900 0.058500 0.018700 0.018600 0.037500 0.100700 0.037700 0.100700 0.142800 0.037600 0.123700 0.018400 0.037300 0.057000 0.018400 0.000000 0.018900 0.058500 0.117900 0.018600 0.122500 0.058500 0.078800 0.037500 0.037900 0.018600 0.055700 0.018600 0.100700 0.126200
KirksDik 0.018900 0.175300 0.082000 0.226500 0.018900 0.018900 0.019000 0.000100 0.082300 0.101700 0.018900 0.038200 0.000100 0.039200 0.018900 0.000100 0.038800 0.059100 0.019000 0.080000 0.019100 0.037800 0.098900 0.039300 0.038800 0.000100 0.019000 0.083700 0.019000 0.081900 0.123500 0.019000 0.103800 0.000100 0.018800 0.039900 0.038200 0.018900 0.000000 0.039300 0.098900 0.000100 0.103100 0.039300 0.060500 0.019000 0.019100 0.000100 0.037500 0.000200 0.081900 0.106500
RoeDeer 0.058300 0.176100 0.127000 0.227600 0.058500 0.058300 0.058700 0.038500 0.127500 0.059000 0.058300 0.078800 0.038400 0.080900 0.058300 0.038500 0.038900 0.059100 0.058800 0.123900 0.019000 0.077800 0.057200 0.000000 0.080000 0.038700 0.018900 0.129700 0.058500 0.126500 0.079400 0.058300 0.081700 0.038400 0.058100 0.082000 0.078600 0.058500 0.039300 0.000000 0.057200 0.038700 0.059800 0.000000 0.103600 0.058500 0.019000 0.038600 0.076900 0.038800 0.126500 0.153900
WhiteLippe 0.117700 0.244800 0.192200 0.298800 0.117900 0.117700 0.118200 0.096800 0.193300 0.037300 0.117700 0.139200 0.096500 0.142500 0.117700 0.096800 0.097800 0.119100 0.118600 0.187600 0.076300 0.137800 0.000000 0.057200 0.141000 0.097200 0.076100 0.196100 0.117900 0.191400 0.056600 0.117600 0.144300 0.096500 0.117200 0.144700 0.139000 0.117900 0.098900 0.057200 0.000000 0.097200 0.037800 0.057200 0.122000 0.118000 0.076300 0.097200 0.136100 0.097500 0.191400 0.221100
ThomsonGaz 0.018600 0.173000 0.080400 0.221800 0.018600 0.018600 0.018700 0.000100 0.080800 0.099800 0.018600 0.037600 0.000200 0.038500 0.018600 0.000100 0.038100 0.058000 0.018700 0.078500 0.018800 0.037200 0.097200 0.038700 0.038100 0.000000 0.018700 0.082100 0.018700 0.080400 0.121200 0.018600 0.102000 0.000200 0.018500 0.039100 0.037500 0.018600 0.000100 0.038700 0.097200 0.000000 0.101300 0.038700 0.059400 0.018700 0.018800 0.000200 0.036900 0.000200 0.080400 0.104400
MuntiacusC 0.122400 0.256300 0.201200 0.279000 0.122500 0.122400 0.123400 0.101000 0.202000 0.000100 0.122400 0.144500 0.100300 0.147800 0.122300 0.101000 0.101800 0.124200 0.123300 0.196200 0.079600 0.142900 0.037800 0.059800 0.147200 0.101300 0.079000 0.204600 0.123000 0.201100 0.019000 0.122700 0.150000 0.100300 0.121500 0.151600 0.144400 0.122500 0.103100 0.059800 0.037800 0.101300 0.000000 0.059800 0.127800 0.122500 0.079600 0.101100 0.141200 0.101300 0.201100 0.180300
WhiteTaile 0.058300 0.176100 0.127000 0.227600 0.058500 0.058300 0.058700 0.038500 0.127500 0.059000 0.058300 0.078800 0.038400 0.080900 0.058300 0.038500 0.038900 0.059100 0.058800 0.123900 0.019000 0.077800 0.057200 0.000000 0.080000 0.038700 0.018900 0.129700 0.058500 0.126500 0.079400 0.058300 0.081700 0.038400 0.058100 0.082000 0.078600 0.058500 0.039300 0.000000 0.057200 0.038700 0.059800 0.000000 0.103600 0.058500 0.019000 0.038600 0.076900 0.038800 0.126500 0.153900
Cattle 0.078600 0.262300 0.105300 0.322100 0.078800 0.078600 0.080100 0.059100 0.105900 0.125900 0.078600 0.058700 0.058900 0.103700 0.080000 0.059100 0.102700 0.125600 0.079300 0.102800 0.080400 0.099100 0.122000 0.103600 0.101800 0.059400 0.080200 0.107600 0.059100 0.104900 0.149000 0.079900 0.177100 0.058900 0.079500 0.019500 0.100100 0.078800 0.060500 0.103600 0.122000 0.059400 0.127800 0.103600 0.000000 0.079900 0.080400 0.059300 0.098600 0.059600 0.104900 0.131100
RoyalAntel 0.037500 0.196800 0.101500 0.247100 0.037500 0.037500 0.037800 0.018600 0.101900 0.120800 0.037500 0.056900 0.018500 0.058400 0.037600 0.018600 0.057800 0.078200 0.037800 0.099000 0.038000 0.056300 0.118000 0.058500 0.057600 0.018700 0.037700 0.103500 0.037700 0.101400 0.142600 0.037600 0.123800 0.018500 0.037400 0.059300 0.056800 0.037500 0.019000 0.058500 0.118000 0.018700 0.122500 0.058500 0.079900 0.000000 0.038000 0.018600 0.055900 0.018700 0.101400 0.126400
Steenbok 0.037800 0.198200 0.102500 0.250700 0.037900 0.037800 0.038000 0.018700 0.102900 0.078500 0.037800 0.057400 0.018600 0.058900 0.037900 0.018700 0.058300 0.078800 0.038100 0.100000 0.000000 0.056700 0.076300 0.019000 0.058200 0.018800 0.000100 0.104600 0.037900 0.102100 0.099200 0.037800 0.102200 0.018600 0.037700 0.059700 0.057300 0.037900 0.019100 0.019000 0.076300 0.018800 0.079600 0.019000 0.080400 0.038000 0.000000 0.018800 0.056100 0.018800 0.102100 0.127400
Impala 0.018500 0.173100 0.080300 0.220800 0.018600 0.018500 0.018700 0.000100 0.080700 0.099600 0.018500 0.037500 0.000200 0.038500 0.018600 0.000100 0.038100 0.058000 0.018700 0.078400 0.018800 0.037100 0.097200 0.038600 0.038000 0.000200 0.018700 0.082000 0.018700 0.080300 0.121000 0.018600 0.080600 0.000200 0.018500 0.039100 0.037500 0.018600 0.000100 0.038600 0.097200 0.000200 0.101100 0.038600 0.059300 0.018600 0.018800 0.000000 0.036900 0.000200 0.080300 0.104200
Klipspring 0.055600 0.216600 0.120500 0.267000 0.055700 0.055600 0.055900 0.036700 0.121200 0.139400 0.055600 0.075200 0.036600 0.077000 0.055900 0.036700 0.037200 0.056600 0.056100 0.117800 0.056100 0.036300 0.136100 0.076900 0.076000 0.036900 0.056000 0.122900 0.055800 0.120100 0.161300 0.055700 0.143200 0.036600 0.055500 0.078000 0.055700 0.055700 0.037500 0.076900 0.136100 0.036900 0.141200 0.076900 0.098600 0.055900 0.056100 0.036900 0.000000 0.036900 0.120100 0.145300
ForestMusk 0.018600 0.174000 0.080700 0.222400 0.018600 0.018600 0.018800 0.000100 0.081000 0.100000 0.018600 0.037600 0.000100 0.038600 0.018700 0.000100 0.038300 0.058300 0.018700 0.078800 0.018800 0.037100 0.097500 0.038800 0.038100 0.000200 0.018700 0.082300 0.018700 0.080700 0.121500 0.018700 0.102300 0.000100 0.018500 0.039300 0.037500 0.018600 0.000200 0.038800 0.097500 0.000200 0.101300 0.038800 0.059600 0.018700 0.018800 0.000200 0.036900 0.000000 0.080700 0.104900
Bushbuck 0.100500 0.292000 0.000100 0.291300 0.100700 0.100500 0.101600 0.080000 0.000100 0.198000 0.100500 0.079400 0.079800 0.126600 0.101400 0.080000 0.125300 0.149000 0.101400 0.000100 0.102100 0.121200 0.191400 0.126500 0.079900 0.080400 0.101800 0.000100 0.101700 0.000000 0.223600 0.101400 0.203000 0.079800 0.100800 0.082800 0.122400 0.100700 0.081900 0.126500 0.191400 0.080400 0.201100 0.126500 0.104900 0.101400 0.102100 0.080300 0.120100 0.080700 0.000000 0.020300
GreaterKud 0.125900 0.331900 0.020400 0.293000 0.126200 0.125900 0.126800 0.103900 0.020400 0.177400 0.125900 0.103000 0.103700 0.152800 0.126400 0.103900 0.152000 0.177100 0.127000 0.019900 0.127400 0.147300 0.221100 0.153900 0.104800 0.104400 0.127100 0.020700 0.126900 0.020300 0.202900 0.126500 0.235300 0.103700 0.125500 0.107800 0.148800 0.126200 0.106500 0.153900 0.221100 0.104400 0.180300 0.153900 0.131100 0.126400 0.127400 0.104200 0.145300 0.104900 0.020300 0.000000
