1
52 1
Argali 0.000000 0.205800 0.000100 0.200400 0.055300 0.000000 0.000100 0.088600 0.027800 0.026600 0.000000 0.027700 0.000000 0.056400 0.053500 0.056100 0.027800 0.084000 0.000000 0.027800 0.027500 0.000000 0.106500 0.082200 0.000000 0.085300 0.000000 0.027800 0.085200 0.027800 0.053000 0.000100 0.026500 0.000000 0.000000 0.055100 0.000000 0.055800 0.027500 0.053000 0.105100 0.056100 0.026600 0.053000 0.055100 0.082000 0.027500 0.053600 0.053600 0.000100 0.027800 0.027800
LesserMous 0.205800 0.000000 0.207500 0.104700 0.207300 0.205800 0.206900 0.254600 0.211400 0.235000 0.205800 0.179300 0.205800 0.211600 0.268600 0.283900 0.211400 0.274300 0.205800 0.211400 0.245500 0.205800 0.324700 0.234000 0.205800 0.320900 0.205800 0.211400 0.321500 0.211400 0.264800 0.206900 0.237200 0.205800 0.205800 0.240100 0.205800 0.209100 0.245500 0.264200 0.351800 0.283900 0.235000 0.264200 0.240100 0.235000 0.245500 0.269900 0.270300 0.205400 0.211400 0.211400
LesserKudu 0.000100 0.207500 0.000000 0.201900 0.056000 0.000100 0.000100 0.089700 0.028100 0.026900 0.000100 0.028000 0.000100 0.057000 0.054100 0.056700 0.028100 0.085000 0.000100 0.028100 0.027800 0.000100 0.107600 0.083100 0.000100 0.086300 0.000100 0.028100 0.086100 0.028100 0.053600 0.000100 0.026800 0.000100 0.000100 0.055700 0.000100 0.056400 0.027800 0.053500 0.133100 0.056700 0.026900 0.053500 0.055700 0.082800 0.027800 0.054200 0.054200 0.000100 0.028100 0.028100
KillerWhal 0.200400 0.104700 0.201900 0.000000 0.201800 0.200400 0.201500 0.246000 0.205900 0.165900 0.200400 0.239600 0.200400 0.205300 0.263000 0.275700 0.205900 0.269300 0.200400 0.205900 0.238600 0.200400 0.251700 0.164500 0.200400 0.311900 0.200400 0.205900 0.312300 0.205900 0.193600 0.201500 0.230800 0.200400 0.200400 0.234300 0.200400 0.203000 0.238600 0.193200 0.277200 0.275700 0.165900 0.193200 0.234300 0.227600 0.238600 0.264100 0.263900 0.200100 0.205900 0.205900
DefassaWat 0.055300 0.207300 0.056000 0.201800 0.000000 0.055300 0.055500 0.089000 0.056700 0.083400 0.055300 0.087300 0.055300 0.056600 0.111600 0.117300 0.056700 0.114200 0.055300 0.056700 0.086100 0.055300 0.167200 0.082800 0.055300 0.148800 0.055300 0.056700 0.148600 0.056700 0.111000 0.055500 0.083300 0.055300 0.055300 0.084200 0.055300 0.056000 0.086100 0.110800 0.193300 0.117300 0.083400 0.110800 0.084200 0.082200 0.086100 0.111900 0.112000 0.055400 0.056700 0.056700
Sheep 0.000000 0.205800 0.000100 0.200400 0.055300 0.000000 0.000100 0.088600 0.027800 0.026600 0.000000 0.027700 0.000000 0.056400 0.053500 0.056100 0.027800 0.084000 0.000000 0.027800 0.027500 0.000000 0.106500 0.082200 0.000000 0.085300 0.000000 0.027800 0.085200 0.027800 0.053000 0.000100 0.026500 0.000000 0.000000 0.055100 0.000000 0.055800 0.027500 0.053000 0.105100 0.056100 0.026600 0.053000 0.055100 0.082000 0.027500 0.053600 0.053600 0.000100 0.027800 0.027800
MaxwellsDu 0.000100 0.206900 0.000100 0.201500 0.055500 0.000100 0.000000 0.088900 0.027900 0.026800 0.000100 0.027900 0.000100 0.056500 0.053600 0.056300 0.027900 0.084200 0.000100 0.027900 0.027600 0.000100 0.107200 0.082700 0.000100 0.085500 0.000100 0.027900 0.085400 0.027900 0.053400 0.000000 0.026700 0.000100 0.000100 0.055200 0.000100 0.055900 0.027600 0.053300 0.132700 0.056300 0.026800 0.053300 0.055200 0.082100 0.027600 0.053700 0.053700 0.000100 0.027900 0.027900
GazellaPrz 0.088600 0.254600 0.089700 0.246000 0.089000 0.088600 0.088900 0.000000 0.090900 0.118500 0.088600 0.125100 0.088600 0.090900 0.148700 0.091000 0.090900 0.152100 0.088600 0.090900 0.059300 0.088600 0.206800 0.117900 0.088600 0.123100 0.088600 0.090900 0.122800 0.090900 0.147900 0.088900 0.118800 0.088600 0.088600 0.119900 0.088600 0.090000 0.059300 0.147600 0.234200 0.091000 0.118500 0.147600 0.119900 0.117400 0.059300 0.149300 0.149500 0.088800 0.090900 0.090900
MountainNy 0.027800 0.211400 0.028100 0.205900 0.056700 0.027800 0.027900 0.090900 0.000000 0.056000 0.027800 0.058500 0.027800 0.057800 0.084100 0.088400 0.000000 0.055700 0.027800 0.000000 0.057700 0.027800 0.139900 0.084500 0.027800 0.119600 0.027800 0.000000 0.119300 0.000000 0.083700 0.027900 0.055800 0.027800 0.027800 0.055600 0.027800 0.057200 0.057700 0.083500 0.166200 0.088400 0.056000 0.083500 0.055600 0.083900 0.057700 0.084300 0.084300 0.027900 0.000000 0.000000
MuntiacusM 0.026600 0.235000 0.026900 0.165900 0.083400 0.026600 0.026800 0.118500 0.056000 0.000000 0.026600 0.055700 0.026600 0.084900 0.080700 0.084600 0.056000 0.112700 0.026600 0.056000 0.055200 0.026600 0.077400 0.053000 0.026600 0.114200 0.026600 0.056000 0.114100 0.056000 0.025700 0.026800 0.053300 0.026600 0.026600 0.083000 0.026600 0.084100 0.055200 0.025700 0.102200 0.084600 0.000000 0.025700 0.083000 0.109700 0.055200 0.080900 0.080900 0.026600 0.056000 0.056000
goat 0.000000 0.205800 0.000100 0.200400 0.055300 0.000000 0.000100 0.088600 0.027800 0.026600 0.000000 0.027700 0.000000 0.056400 0.053500 0.056100 0.027800 0.084000 0.000000 0.027800 0.027500 0.000000 0.106500 0.082200 0.000000 0.085300 0.000000 0.027800 0.085200 0.027800 0.053000 0.000100 0.026500 0.000000 0.000000 0.055100 0.000000 0.055800 0.027500 0.053000 0.105100 0.056100 0.026600 0.053000 0.055100 0.082000 0.027500 0.053600 0.053600 0.000100 0.027800 0.027800
AfricanBuf 0.027700 0.179300 0.028000 0.239600 0.087300 0.027700 0.027900 0.125100 0.058500 0.055700 0.027700 0.000000 0.027700 0.089100 0.084100 0.088700 0.058500 0.117500 0.027700 0.058500 0.057900 0.027700 0.138800 0.114900 0.027700 0.119900 0.027700 0.058500 0.119700 0.058500 0.083200 0.027900 0.055600 0.027700 0.027700 0.086800 0.027700 0.088100 0.057900 0.083100 0.164900 0.088700 0.055700 0.083100 0.086800 0.114900 0.057900 0.084300 0.084400 0.027800 0.058500 0.058500
Topi 0.000000 0.205800 0.000100 0.200400 0.055300 0.000000 0.000100 0.088600 0.027800 0.026600 0.000000 0.027700 0.000000 0.056400 0.053500 0.056100 0.027800 0.084000 0.000000 0.027800 0.027500 0.000000 0.106500 0.082200 0.000000 0.085300 0.000000 0.027800 0.085200 0.027800 0.053000 0.000100 0.026500 0.000000 0.000000 0.055100 0.000000 0.055800 0.027500 0.053000 0.105100 0.056100 0.026600 0.053000 0.055100 0.082000 0.027500 0.053600 0.053600 0.000100 0.027800 0.027800
CommonDuik 0.056400 0.211600 0.057000 0.205300 0.056600 0.056400 0.056500 0.090900 0.057800 0.084900 0.056400 0.089100 0.056400 0.000000 0.113600 0.119700 0.057800 0.116300 0.056400 0.057800 0.087800 0.056400 0.169900 0.084400 0.056400 0.151800 0.056400 0.057800 0.151600 0.057800 0.113000 0.056500 0.084900 0.056400 0.056400 0.085700 0.056400 0.057100 0.087800 0.112800 0.196400 0.119700 0.084900 0.112800 0.085700 0.083900 0.087800 0.113900 0.113900 0.056400 0.057800 0.057800
Suni 0.053500 0.268600 0.054100 0.263000 0.111600 0.053500 0.053600 0.148700 0.084100 0.080700 0.053500 0.084100 0.053500 0.113600 0.000000 0.113100 0.084100 0.081400 0.053500 0.084100 0.083000 0.053500 0.162200 0.138700 0.053500 0.143400 0.053500 0.084100 0.143300 0.084100 0.107400 0.053600 0.080600 0.053500 0.053500 0.111100 0.053500 0.112500 0.083000 0.107300 0.187600 0.113100 0.080700 0.107300 0.111100 0.108400 0.083000 0.051800 0.079900 0.053500 0.084100 0.084100
Springbuck 0.056100 0.283900 0.056700 0.275700 0.117300 0.056100 0.056300 0.091000 0.088400 0.084600 0.056100 0.088700 0.056100 0.119700 0.113100 0.000000 0.088400 0.148300 0.056100 0.088400 0.028100 0.056100 0.169200 0.145800 0.056100 0.027800 0.056100 0.088400 0.027800 0.088400 0.112500 0.056300 0.084600 0.056100 0.056100 0.116800 0.056100 0.118400 0.028100 0.112400 0.195700 0.000000 0.084600 0.112400 0.116800 0.145100 0.028100 0.113500 0.113600 0.056200 0.088400 0.088400
Okapi 0.027800 0.211400 0.028100 0.205900 0.056700 0.027800 0.027900 0.090900 0.000000 0.056000 0.027800 0.058500 0.027800 0.057800 0.084100 0.088400 0.000000 0.055700 0.027800 0.000000 0.057700 0.027800 0.139900 0.084500 0.027800 0.119600 0.027800 0.000000 0.119300 0.000000 0.083700 0.027900 0.055800 0.027800 0.027800 0.055600 0.027800 0.057200 0.057700 0.083500 0.166200 0.088400 0.056000 0.083500 0.055600 0.083900 0.057700 0.084300 0.084300 0.027900 0.000000 0.000000
Giraffe 0.084000 0.274300 0.085000 0.269300 0.114200 0.084000 0.084200 0.152100 0.055700 0.112700 0.084000 0.117500 0.084000 0.116300 0.081400 0.148300 0.055700 0.000000 0.084000 0.055700 0.116100 0.084000 0.198200 0.141700 0.084000 0.180600 0.084000 0.055700 0.180400 0.055700 0.140600 0.084200 0.112400 0.084000 0.084000 0.054000 0.084000 0.115000 0.116100 0.140200 0.224300 0.148300 0.112700 0.140200 0.054000 0.140600 0.116100 0.141800 0.141900 0.084200 0.055700 0.055700
TibetanAnt 0.000000 0.205800 0.000100 0.200400 0.055300 0.000000 0.000100 0.088600 0.027800 0.026600 0.000000 0.027700 0.000000 0.056400 0.053500 0.056100 0.027800 0.084000 0.000000 0.027800 0.027500 0.000000 0.106500 0.082200 0.000000 0.085300 0.000000 0.027800 0.085200 0.027800 0.053000 0.000100 0.026500 0.000000 0.000000 0.055100 0.000000 0.055800 0.027500 0.053000 0.105100 0.056100 0.026600 0.053000 0.055100 0.082000 0.027500 0.053600 0.053600 0.000100 0.027800 0.027800
Sitatunga 0.027800 0.211400 0.028100 0.205900 0.056700 0.027800 0.027900 0.090900 0.000000 0.056000 0.027800 0.058500 0.027800 0.057800 0.084100 0.088400 0.000000 0.055700 0.027800 0.000000 0.057700 0.027800 0.139900 0.084500 0.027800 0.119600 0.027800 0.000000 0.119300 0.000000 0.083700 0.027900 0.055800 0.027800 0.027800 0.055600 0.027800 0.057200 0.057700 0.083500 0.166200 0.088400 0.056000 0.083500 0.055600 0.083900 0.057700 0.084300 0.084300 0.027900 0.000000 0.000000
Oribi 0.027500 0.245500 0.027800 0.238600 0.086100 0.027500 0.027600 0.059300 0.057700 0.055200 0.027500 0.057900 0.027500 0.087800 0.083000 0.028100 0.057700 0.116100 0.027500 0.057700 0.000000 0.027500 0.138000 0.114000 0.027500 0.057000 0.027500 0.057700 0.056900 0.057700 0.082600 0.027600 0.055200 0.027500 0.027500 0.085600 0.027500 0.086900 0.000000 0.082500 0.164000 0.028100 0.055200 0.082500 0.085600 0.113300 0.000000 0.083200 0.083300 0.027500 0.057700 0.057700
BarbaryShe 0.000000 0.205800 0.000100 0.200400 0.055300 0.000000 0.000100 0.088600 0.027800 0.026600 0.000000 0.027700 0.000000 0.056400 0.053500 0.056100 0.027800 0.084000 0.000000 0.027800 0.027500 0.000000 0.106500 0.082200 0.000000 0.085300 0.000000 0.027800 0.085200 0.027800 0.053000 0.000100 0.026500 0.000000 0.000000 0.055100 0.000000 0.055800 0.027500 0.053000 0.105100 0.056100 0.026600 0.053000 0.055100 0.082000 0.027500 0.053600 0.053600 0.000100 0.027800 0.027800
Daviddeer 0.106500 0.324700 0.107600 0.251700 0.167200 0.106500 0.107200 0.206800 0.139900 0.077400 0.106500 0.138800 0.106500 0.169900 0.162200 0.169200 0.139900 0.198200 0.106500 0.139900 0.138000 0.106500 0.000000 0.076300 0.106500 0.200100 0.106500 0.139900 0.169500 0.139900 0.102900 0.107200 0.076900 0.106500 0.106500 0.166700 0.106500 0.168300 0.138000 0.049500 0.023100 0.169200 0.077400 0.049500 0.166700 0.192400 0.138000 0.162600 0.162500 0.106400 0.139900 0.139900
Reindeer 0.082200 0.234000 0.083100 0.164500 0.082800 0.082200 0.082700 0.117900 0.084500 0.053000 0.082200 0.114900 0.082200 0.084400 0.138700 0.145800 0.084500 0.141700 0.082200 0.084500 0.114000 0.082200 0.076300 0.000000 0.082200 0.177400 0.082200 0.084500 0.145900 0.084500 0.079300 0.082700 0.052700 0.082200 0.082200 0.111500 0.082200 0.083600 0.114000 0.025400 0.100900 0.145800 0.053000 0.025400 0.111500 0.109200 0.114000 0.139100 0.139100 0.082200 0.084500 0.084500
Ibex 0.000000 0.205800 0.000100 0.200400 0.055300 0.000000 0.000100 0.088600 0.027800 0.026600 0.000000 0.027700 0.000000 0.056400 0.053500 0.056100 0.027800 0.084000 0.000000 0.027800 0.027500 0.000000 0.106500 0.082200 0.000000 0.085300 0.000000 0.027800 0.085200 0.027800 0.053000 0.000100 0.026500 0.000000 0.000000 0.055100 0.000000 0.055800 0.027500 0.053000 0.105100 0.056100 0.026600 0.053000 0.055100 0.082000 0.027500 0.053600 0.053600 0.000100 0.027800 0.027800
GyrantGaze 0.085300 0.320900 0.086300 0.311900 0.148800 0.085300 0.085500 0.123100 0.119600 0.114200 0.085300 0.119900 0.085300 0.151800 0.143400 0.027800 0.119600 0.180600 0.085300 0.119600 0.057000 0.085300 0.200100 0.177400 0.085300 0.000000 0.085300 0.119600 0.056300 0.119600 0.142600 0.085500 0.114400 0.085300 0.085300 0.148100 0.085300 0.086700 0.057000 0.142400 0.226800 0.027800 0.114200 0.142400 0.148100 0.176700 0.057000 0.143900 0.144000 0.085400 0.119600 0.119600
Hartebeest 0.000000 0.205800 0.000100 0.200400 0.055300 0.000000 0.000100 0.088600 0.027800 0.026600 0.000000 0.027700 0.000000 0.056400 0.053500 0.056100 0.027800 0.084000 0.000000 0.027800 0.027500 0.000000 0.106500 0.082200 0.000000 0.085300 0.000000 0.027800 0.085200 0.027800 0.053000 0.000100 0.026500 0.000000 0.000000 0.055100 0.000000 0.055800 0.027500 0.053000 0.105100 0.056100 0.026600 0.053000 0.055100 0.082000 0.027500 0.053600 0.053600 0.000100 0.027800 0.027800
Bongo 0.027800 0.211400 0.028100 0.205900 0.056700 0.027800 0.027900 0.090900 0.000000 0.056000 0.027800 0.058500 0.027800 0.057800 0.084100 0.088400 0.000000 0.055700 0.027800 0.000000 0.057700 0.027800 0.139900 0.084500 0.027800 0.119600 0.027800 0.000000 0.119300 0.000000 0.083700 0.027900 0.055800 0.027800 0.027800 0.055600 0.027800 0.057200 0.057700 0.083500 0.166200 0.088400 0.056000 0.083500 0.055600 0.083900 0.057700 0.084300 0.084300 0.027900 0.000000 0.000000
Gerenuk 0.085200 0.321500 0.086100 0.312300 0.148600 0.085200 0.085400 0.122800 0.119300 0.114100 0.085200 0.119700 0.085200 0.151600 0.143300 0.027800 0.119300 0.180400 0.085200 0.119300 0.056900 0.085200 0.169500 0.145900 0.085200 0.056300 0.085200 0.119300 0.000000 0.119300 0.142600 0.085400 0.084600 0.085200 0.085200 0.148000 0.085200 0.150000 0.056900 0.112500 0.196300 0.027800 0.114100 0.112500 0.148000 0.176700 0.056900 0.143800 0.144000 0.085200 0.119300 0.119300
CommonElan 0.027800 0.211400 0.028100 0.205900 0.056700 0.027800 0.027900 0.090900 0.000000 0.056000 0.027800 0.058500 0.027800 0.057800 0.084100 0.088400 0.000000 0.055700 0.027800 0.000000 0.057700 0.027800 0.139900 0.084500 0.027800 0.119600 0.027800 0.000000 0.119300 0.000000 0.083700 0.027900 0.055800 0.027800 0.027800 0.055600 0.027800 0.057200 0.057700 0.083500 0.166200 0.088400 0.056000 0.083500 0.055600 0.083900 0.057700 0.084300 0.084300 0.027900 0.000000 0.000000
MuntiacusR 0.053000 0.264800 0.053600 0.193600 0.111000 0.053000 0.053400 0.147900 0.083700 0.025700 0.053000 0.083200 0.053000 0.113000 0.107400 0.112500 0.083700 0.140600 0.053000 0.083700 0.082600 0.053000 0.102900 0.079300 0.053000 0.142600 0.053000 0.083700 0.142600 0.083700 0.000000 0.053400 0.079800 0.053000 0.053000 0.110500 0.053000 0.111900 0.082600 0.051200 0.127500 0.112500 0.025700 0.051200 0.110500 0.137000 0.082600 0.107600 0.107600 0.053000 0.083700 0.083700
HarveysDui 0.000100 0.206900 0.000100 0.201500 0.055500 0.000100 0.000000 0.088900 0.027900 0.026800 0.000100 0.027900 0.000100 0.056500 0.053600 0.056300 0.027900 0.084200 0.000100 0.027900 0.027600 0.000100 0.107200 0.082700 0.000100 0.085500 0.000100 0.027900 0.085400 0.027900 0.053400 0.000000 0.026700 0.000100 0.000100 0.055200 0.000100 0.055900 0.027600 0.053300 0.132700 0.056300 0.026800 0.053300 0.055200 0.082100 0.027600 0.053700 0.053700 0.000100 0.027900 0.027900
Pronghorn 0.026500 0.237200 0.026800 0.230800 0.083300 0.026500 0.026700 0.118800 0.055800 0.053300 0.026500 0.055600 0.026500 0.084900 0.080600 0.084600 0.055800 0.112400 0.026500 0.055800 0.055200 0.026500 0.076900 0.052700 0.026500 0.114400 0.026500 0.055800 0.084600 0.055800 0.079800 0.026700 0.000000 0.026500 0.026500 0.082900 0.026500 0.084000 0.055200 0.025500 0.101600 0.084600 0.053300 0.025500 0.082900 0.109900 0.055200 0.080800 0.080800 0.026600 0.055800 0.055800
BlueWildeb 0.000000 0.205800 0.000100 0.200400 0.055300 0.000000 0.000100 0.088600 0.027800 0.026600 0.000000 0.027700 0.000000 0.056400 0.053500 0.056100 0.027800 0.084000 0.000000 0.027800 0.027500 0.000000 0.106500 0.082200 0.000000 0.085300 0.000000 0.027800 0.085200 0.027800 0.053000 0.000100 0.026500 0.000000 0.000000 0.055100 0.000000 0.055800 0.027500 0.053000 0.105100 0.056100 0.026600 0.053000 0.055100 0.082000 0.027500 0.053600 0.053600 0.000100 0.027800 0.027800
Gemsbok 0.000000 0.205800 0.000100 0.200400 0.055300 0.000000 0.000100 0.088600 0.027800 0.026600 0.000000 0.027700 0.000000 0.056400 0.053500 0.056100 0.027800 0.084000 0.000000 0.027800 0.027500 0.000000 0.106500 0.082200 0.000000 0.085300 0.000000 0.027800 0.085200 0.027800 0.053000 0.000100 0.026500 0.000000 0.000000 0.055100 0.000000 0.055800 0.027500 0.053000 0.105100 0.056100 0.026600 0.053000 0.055100 0.082000 0.027500 0.053600 0.053600 0.000100 0.027800 0.027800
Yak 0.055100 0.240100 0.055700 0.234300 0.084200 0.055100 0.055200 0.119900 0.055600 0.083000 0.055100 0.086800 0.055100 0.085700 0.111100 0.116800 0.055600 0.054000 0.055100 0.055600 0.085600 0.055100 0.166700 0.111500 0.055100 0.148100 0.055100 0.055600 0.148000 0.055600 0.110500 0.055200 0.082900 0.055100 0.055100 0.000000 0.055100 0.084800 0.085600 0.110300 0.192700 0.116800 0.083000 0.110300 0.000000 0.110800 0.085600 0.111400 0.111500 0.055100 0.055600 0.055600
BlueSheep 0.000000 0.205800 0.000100 0.200400 0.055300 0.000000 0.000100 0.088600 0.027800 0.026600 0.000000 0.027700 0.000000 0.056400 0.053500 0.056100 0.027800 0.084000 0.000000 0.027800 0.027500 0.000000 0.106500 0.082200 0.000000 0.085300 0.000000 0.027800 0.085200 0.027800 0.053000 0.000100 0.026500 0.000000 0.000000 0.055100 0.000000 0.055800 0.027500 0.053000 0.105100 0.056100 0.026600 0.053000 0.055100 0.082000 0.027500 0.053600 0.053600 0.000100 0.027800 0.027800
BohorReedb 0.055800 0.209100 0.056400 0.203000 0.056000 0.055800 0.055900 0.090000 0.057200 0.084100 0.055800 0.088100 0.055800 0.057100 0.112500 0.118400 0.057200 0.115000 0.055800 0.057200 0.086900 0.055800 0.168300 0.083600 0.055800 0.086700 0.055800 0.057200 0.150000 0.057200 0.111900 0.055900 0.084000 0.055800 0.055800 0.084800 0.055800 0.000000 0.086900 0.111700 0.194500 0.118400 0.084100 0.111700 0.084800 0.083000 0.086900 0.112800 0.112800 0.055900 0.057200 0.057200
KirksDik 0.027500 0.245500 0.027800 0.238600 0.086100 0.027500 0.027600 0.059300 0.057700 0.055200 0.027500 0.057900 0.027500 0.087800 0.083000 0.028100 0.057700 0.116100 0.027500 0.057700 0.000000 0.027500 0.138000 0.114000 0.027500 0.057000 0.027500 0.057700 0.056900 0.057700 0.082600 0.027600 0.055200 0.027500 0.027500 0.085600 0.027500 0.086900 0.000000 0.082500 0.164000 0.028100 0.055200 0.082500 0.085600 0.113300 0.000000 0.083200 0.071100 0.027500 0.057700 0.057700
RoeDeer 0.053000 0.264200 0.053500 0.193200 0.110800 0.053000 0.053300 0.147600 0.083500 0.025700 0.053000 0.083100 0.053000 0.112800 0.107300 0.112400 0.083500 0.140200 0.053000 0.083500 0.082500 0.053000 0.049500 0.025400 0.053000 0.142400 0.053000 0.083500 0.112500 0.083500 0.051200 0.053300 0.025500 0.053000 0.053000 0.110300 0.053000 0.111700 0.082500 0.000000 0.073500 0.112400 0.025700 0.000000 0.110300 0.136800 0.082500 0.107500 0.107500 0.053000 0.083500 0.083500
WhiteLippe 0.105100 0.351800 0.133100 0.277200 0.193300 0.105100 0.132700 0.234200 0.166200 0.102200 0.105100 0.164900 0.105100 0.196400 0.187600 0.195700 0.166200 0.224300 0.105100 0.166200 0.164000 0.105100 0.023100 0.100900 0.105100 0.226800 0.105100 0.166200 0.196300 0.166200 0.127500 0.132700 0.101600 0.105100 0.105100 0.192700 0.105100 0.194500 0.164000 0.073500 0.000000 0.195700 0.102200 0.073500 0.192700 0.218400 0.164000 0.188000 0.188000 0.131800 0.166200 0.166200
ThomsonGaz 0.056100 0.283900 0.056700 0.275700 0.117300 0.056100 0.056300 0.091000 0.088400 0.084600 0.056100 0.088700 0.056100 0.119700 0.113100 0.000000 0.088400 0.148300 0.056100 0.088400 0.028100 0.056100 0.169200 0.145800 0.056100 0.027800 0.056100 0.088400 0.027800 0.088400 0.112500 0.056300 0.084600 0.056100 0.056100 0.116800 0.056100 0.118400 0.028100 0.112400 0.195700 0.000000 0.084600 0.112400 0.116800 0.145100 0.028100 0.113500 0.113600 0.056200 0.088400 0.088400
MuntiacusC 0.026600 0.235000 0.026900 0.165900 0.083400 0.026600 0.026800 0.118500 0.056000 0.000000 0.026600 0.055700 0.026600 0.084900 0.080700 0.084600 0.056000 0.112700 0.026600 0.056000 0.055200 0.026600 0.077400 0.053000 0.026600 0.114200 0.026600 0.056000 0.114100 0.056000 0.025700 0.026800 0.053300 0.026600 0.026600 0.083000 0.026600 0.084100 0.055200 0.025700 0.102200 0.084600 0.000000 0.025700 0.083000 0.109700 0.055200 0.080900 0.080900 0.026600 0.056000 0.056000
WhiteTaile 0.053000 0.264200 0.053500 0.193200 0.110800 0.053000 0.053300 0.147600 0.083500 0.025700 0.053000 0.083100 0.053000 0.112800 0.107300 0.112400 0.083500 0.140200 0.053000 0.083500 0.082500 0.053000 0.049500 0.025400 0.053000 0.142400 0.053000 0.083500 0.112500 0.083500 0.051200 0.053300 0.025500 0.053000 0.053000 0.110300 0.053000 0.111700 0.082500 0.000000 0.073500 0.112400 0.025700 0.000000 0.110300 0.136800 0.082500 0.107500 0.107500 0.053000 0.083500 0.083500
Cattle 0.055100 0.240100 0.055700 0.234300 0.084200 0.055100 0.055200 0.119900 0.055600 0.083000 0.055100 0.086800 0.055100 0.085700 0.111100 0.116800 0.055600 0.054000 0.055100 0.055600 0.085600 0.055100 0.166700 0.111500 0.055100 0.148100 0.055100 0.055600 0.148000 0.055600 0.110500 0.055200 0.082900 0.055100 0.055100 0.000000 0.055100 0.084800 0.085600 0.110300 0.192700 0.116800 0.083000 0.110300 0.000000 0.110800 0.085600 0.111400 0.111500 0.055100 0.055600 0.055600
RoyalAntel 0.082000 0.235000 0.082800 0.227600 0.082200 0.082000 0.082100 0.117400 0.083900 0.109700 0.082000 0.114900 0.082000 0.083900 0.108400 0.145100 0.083900 0.140600 0.082000 0.083900 0.113300 0.082000 0.192400 0.109200 0.082000 0.176700 0.082000 0.083900 0.176700 0.083900 0.137000 0.082100 0.109900 0.082000 0.082000 0.110800 0.082000 0.083000 0.113300 0.136800 0.218400 0.145100 0.109700 0.136800 0.110800 0.000000 0.113300 0.108700 0.079800 0.082000 0.083900 0.083900
Steenbok 0.027500 0.245500 0.027800 0.238600 0.086100 0.027500 0.027600 0.059300 0.057700 0.055200 0.027500 0.057900 0.027500 0.087800 0.083000 0.028100 0.057700 0.116100 0.027500 0.057700 0.000000 0.027500 0.138000 0.114000 0.027500 0.057000 0.027500 0.057700 0.056900 0.057700 0.082600 0.027600 0.055200 0.027500 0.027500 0.085600 0.027500 0.086900 0.000000 0.082500 0.164000 0.028100 0.055200 0.082500 0.085600 0.113300 0.000000 0.083200 0.083300 0.027500 0.057700 0.057700
Impala 0.053600 0.269900 0.054200 0.264100 0.111900 0.053600 0.053700 0.149300 0.084300 0.080900 0.053600 0.084300 0.053600 0.113900 0.051800 0.113500 0.084300 0.141800 0.053600 0.084300 0.083200 0.053600 0.162600 0.139100 0.053600 0.143900 0.053600 0.084300 0.143800 0.084300 0.107600 0.053700 0.080800 0.053600 0.053600 0.111400 0.053600 0.112800 0.083200 0.107500 0.188000 0.113500 0.080900 0.107500 0.111400 0.108700 0.083200 0.000000 0.080100 0.053600 0.084300 0.084300
Klipspring 0.053600 0.270300 0.054200 0.263900 0.112000 0.053600 0.053700 0.149500 0.084300 0.080900 0.053600 0.084400 0.053600 0.113900 0.079900 0.113600 0.084300 0.141900 0.053600 0.084300 0.083300 0.053600 0.162500 0.139100 0.053600 0.144000 0.053600 0.084300 0.144000 0.084300 0.107600 0.053700 0.080800 0.053600 0.053600 0.111500 0.053600 0.112800 0.071100 0.107500 0.188000 0.113600 0.080900 0.107500 0.111500 0.079800 0.083300 0.080100 0.000000 0.053700 0.084300 0.084300
ForestMusk 0.000100 0.205400 0.000100 0.200100 0.055400 0.000100 0.000100 0.088800 0.027900 0.026600 0.000100 0.027800 0.000100 0.056400 0.053500 0.056200 0.027900 0.084200 0.000100 0.027900 0.027500 0.000100 0.106400 0.082200 0.000100 0.085400 0.000100 0.027900 0.085200 0.027900 0.053000 0.000100 0.026600 0.000100 0.000100 0.055100 0.000100 0.055900 0.027500 0.053000 0.131800 0.056200 0.026600 0.053000 0.055100 0.082000 0.027500 0.053600 0.053700 0.000000 0.027900 0.027900
Bushbuck 0.027800 0.211400 0.028100 0.205900 0.056700 0.027800 0.027900 0.090900 0.000000 0.056000 0.027800 0.058500 0.027800 0.057800 0.084100 0.088400 0.000000 0.055700 0.027800 0.000000 0.057700 0.027800 0.139900 0.084500 0.027800 0.119600 0.027800 0.000000 0.119300 0.000000 0.083700 0.027900 0.055800 0.027800 0.027800 0.055600 0.027800 0.057200 0.057700 0.083500 0.166200 0.088400 0.056000 0.083500 0.055600 0.083900 0.057700 0.084300 0.084300 0.027900 0.000000 0.000000
GreaterKud 0.027800 0.211400 0.028100 0.205900 0.056700 0.027800 0.027900 0.090900 0.000000 0.056000 0.027800 0.058500 0.027800 0.057800 0.084100 0.088400 0.000000 0.055700 0.027800 0.000000 0.057700 0.027800 0.139900 0.084500 0.027800 0.119600 0.027800 0.000000 0.119300 0.000000 0.083700 0.027900 0.055800 0.027800 0.027800 0.055600 0.027800 0.057200 0.057700 0.083500 0.166200 0.088400 0.056000 0.083500 0.055600 0.083900 0.057700 0.084300 0.084300 0.027900 0.000000 0.000000
