CODONML (in paml version 4.10.7, June 2023)  /home/rachel/ruminants_paml/6406-phy-tree/ENSBTAT00000006308.fasta.phy
Model: free dN/dS Ratios for branches,  kappa = 2.000 fixed

Codon frequency model: F3x4
ns =  54  ls = 128

Codon usage in sequences
--------------------------------------------------------------------------------------------------------------------------------------
Phe TTT   7   7   7   7   7   7 | Ser TCT   1   1   1   1   1   1 | Tyr TAT   2   2   2   2   1   2 | Cys TGT   2   2   2   2   2   2
    TTC   2   2   2   2   2   2 |     TCC   2   2   2   2   2   2 |     TAC   2   2   2   2   3   2 |     TGC   2   2   2   2   2   2
Leu TTA   3   2   3   3   2   3 |     TCA   2   2   2   2   1   2 | *** TAA   0   0   0   0   0   0 | *** TGA   0   0   0   0   0   0
    TTG   4   3   4   4   4   4 |     TCG   0   0   0   0   1   0 |     TAG   0   0   0   0   0   0 | Trp TGG   1   1   1   1   1   1
--------------------------------------------------------------------------------------------------------------------------------------
Leu CTT   2   1   2   2   2   3 | Pro CCT   2   1   2   3   2   2 | His CAT   4   2   3   4   3   4 | Arg CGT   0   0   0   0   0   0
    CTC   4   4   4   4   3   4 |     CCC   2   3   1   1   3   2 |     CAC   0   2   1   0   1   0 |     CGC   1   2   1   1   0   1
    CTA   1   2   1   1   2   1 |     CCA   1   1   1   1   2   2 | Gln CAA   0   0   0   1   1   0 |     CGA   1   0   1   1   1   1
    CTG   2   4   2   2   3   2 |     CCG   2   2   3   2   0   1 |     CAG   3   3   3   2   3   3 |     CGG   0   0   0   0   0   0
--------------------------------------------------------------------------------------------------------------------------------------
Ile ATT   4   4   3   4   4   3 | Thr ACT   1   1   1   1   1   1 | Asn AAT   0   0   0   0   0   0 | Ser AGT   4   4   4   4   5   4
    ATC   1   0   1   1   1   1 |     ACC   2   3   2   2   2   2 |     AAC   4   4   4   4   4   3 |     AGC   3   3   3   3   2   3
    ATA   1   1   1   1   1   1 |     ACA   2   1   2   2   2   2 | Lys AAA   7   3   7   7   7   7 | Arg AGA   0   1   0   0   0   0
Met ATG   2   2   2   2   2   3 |     ACG   0   0   0   0   1   0 |     AAG   4   7   4   4   4   5 |     AGG   1   1   1   1   1   1
--------------------------------------------------------------------------------------------------------------------------------------
Val GTT   3   3   3   3   2   2 | Ala GCT   0   0   0   0   0   1 | Asp GAT   6   7   6   7   8   8 | Gly GGT   1   1   1   1   1   1
    GTC   1   2   2   2   1   1 |     GCC   1   2   1   1   1   1 |     GAC   5   4   4   4   3   3 |     GGC   1   3   1   1   1   1
    GTA   2   3   2   2   1   1 |     GCA   1   1   1   0   1   1 | Glu GAA   6   7   6   7   7   6 |     GGA   1   0   1   1   0   0
    GTG   4   3   4   3   6   4 |     GCG   1   0   1   2   0   1 |     GAG   4   2   5   3   3   4 |     GGG   0   0   0   0   1   1
--------------------------------------------------------------------------------------------------------------------------------------

--------------------------------------------------------------------------------------------------------------------------------------
Phe TTT   7   7   7   7   7   7 | Ser TCT   1   1   1   1   1   1 | Tyr TAT   2   2   2   2   2   2 | Cys TGT   2   2   2   2   2   2
    TTC   2   2   2   2   2   2 |     TCC   2   2   2   2   2   2 |     TAC   2   2   2   2   2   2 |     TGC   2   2   2   2   2   2
Leu TTA   3   3   3   3   3   2 |     TCA   2   2   2   2   2   2 | *** TAA   0   0   0   0   0   0 | *** TGA   0   0   0   0   0   0
    TTG   4   4   4   4   4   5 |     TCG   0   0   0   0   0   0 |     TAG   0   0   0   0   0   0 | Trp TGG   1   1   1   1   1   1
--------------------------------------------------------------------------------------------------------------------------------------
Leu CTT   2   2   2   2   2   2 | Pro CCT   2   2   2   2   2   2 | His CAT   4   4   4   4   3   4 | Arg CGT   0   0   0   0   0   0
    CTC   4   4   4   4   4   4 |     CCC   2   2   3   2   1   1 |     CAC   0   0   0   0   1   0 |     CGC   1   1   1   1   1   1
    CTA   1   1   1   1   1   1 |     CCA   1   1   1   2   2   2 | Gln CAA   0   0   2   0   0   0 |     CGA   1   1   1   1   1   1
    CTG   2   2   2   2   2   2 |     CCG   2   2   1   1   2   2 |     CAG   3   3   1   3   3   3 |     CGG   0   0   0   0   0   0
--------------------------------------------------------------------------------------------------------------------------------------
Ile ATT   3   4   4   3   3   4 | Thr ACT   1   1   1   1   1   1 | Asn AAT   0   0   0   0   0   1 | Ser AGT   4   4   4   4   4   4
    ATC   2   1   1   1   1   1 |     ACC   2   2   1   2   2   2 |     AAC   4   4   4   4   4   3 |     AGC   3   3   3   3   3   3
    ATA   1   1   1   1   1   1 |     ACA   2   2   3   2   2   2 | Lys AAA   7   7   7   7   7   7 | Arg AGA   0   0   0   0   0   0
Met ATG   2   2   2   2   2   2 |     ACG   1   0   0   0   0   0 |     AAG   4   4   4   4   4   4 |     AGG   1   1   1   1   1   1
--------------------------------------------------------------------------------------------------------------------------------------
Val GTT   3   3   3   4   3   4 | Ala GCT   0   0   0   0   0   0 | Asp GAT   6   7   6   6   6   7 | Gly GGT   1   1   1   1   1   1
    GTC   1   1   1   1   2   1 |     GCC   1   1   2   1   1   1 |     GAC   5   4   5   5   4   4 |     GGC   1   1   1   1   1   1
    GTA   2   2   2   2   2   1 |     GCA   1   1   0   2   1   0 | Glu GAA   6   6   6   6   6   7 |     GGA   1   1   1   1   1   1
    GTG   4   4   4   4   4   4 |     GCG   0   1   1   0   1   2 |     GAG   4   4   4   4   5   3 |     GGG   0   0   0   0   0   0
--------------------------------------------------------------------------------------------------------------------------------------

--------------------------------------------------------------------------------------------------------------------------------------
Phe TTT   7   7   7   7   7   7 | Ser TCT   1   1   1   1   1   1 | Tyr TAT   2   2   3   2   3   2 | Cys TGT   2   2   2   2   2   2
    TTC   2   2   2   2   2   2 |     TCC   2   2   2   2   2   2 |     TAC   2   2   1   2   1   2 |     TGC   2   2   2   2   2   2
Leu TTA   2   2   3   3   3   3 |     TCA   2   2   2   2   2   2 | *** TAA   0   0   0   0   0   0 | *** TGA   0   0   0   0   0   0
    TTG   5   5   4   4   4   4 |     TCG   0   0   0   0   0   0 |     TAG   0   0   0   0   0   0 | Trp TGG   1   1   1   1   1   1
--------------------------------------------------------------------------------------------------------------------------------------
Leu CTT   2   2   2   2   2   2 | Pro CCT   2   2   2   2   2   2 | His CAT   4   4   4   4   4   4 | Arg CGT   0   0   0   0   0   0
    CTC   4   4   4   4   3   4 |     CCC   2   1   2   2   2   2 |     CAC   0   0   0   0   0   0 |     CGC   1   1   1   1   1   1
    CTA   1   1   1   1   1   1 |     CCA   1   1   1   1   1   1 | Gln CAA   0   0   1   1   1   1 |     CGA   1   1   1   1   1   1
    CTG   2   2   2   2   2   2 |     CCG   2   3   2   2   2   2 |     CAG   3   3   2   2   2   2 |     CGG   0   0   0   0   0   0
--------------------------------------------------------------------------------------------------------------------------------------
Ile ATT   4   3   4   4   4   3 | Thr ACT   1   1   1   1   1   1 | Asn AAT   0   0   0   0   0   0 | Ser AGT   4   4   4   4   4   4
    ATC   1   3   1   1   1   1 |     ACC   2   2   2   1   2   2 |     AAC   4   4   4   4   4   4 |     AGC   3   3   3   3   3   3
    ATA   1   1   1   1   1   1 |     ACA   2   2   2   3   2   2 | Lys AAA   7   7   7   7   7   7 | Arg AGA   0   0   0   0   0   0
Met ATG   2   2   2   2   2   2 |     ACG   0   0   0   0   0   0 |     AAG   4   4   4   4   4   4 |     AGG   1   1   1   1   1   1
--------------------------------------------------------------------------------------------------------------------------------------
Val GTT   3   3   4   3   3   4 | Ala GCT   0   0   0   0   0   0 | Asp GAT   6   7   6   6   7   6 | Gly GGT   1   1   1   1   1   1
    GTC   1   0   0   1   2   1 |     GCC   1   1   1   2   1   1 |     GAC   5   4   5   5   4   5 |     GGC   1   1   1   1   1   1
    GTA   2   2   2   2   2   2 |     GCA   2   1   1   0   1   1 | Glu GAA   6   6   6   6   6   6 |     GGA   1   1   1   1   1   1
    GTG   4   4   4   4   4   4 |     GCG   0   1   1   1   1   1 |     GAG   4   4   4   4   4   4 |     GGG   0   0   0   0   0   0
--------------------------------------------------------------------------------------------------------------------------------------

--------------------------------------------------------------------------------------------------------------------------------------
Phe TTT   7   7   7   7   7   7 | Ser TCT   1   1   1   1   1   1 | Tyr TAT   2   2   1   2   2   2 | Cys TGT   2   2   2   2   2   2
    TTC   2   2   2   2   2   2 |     TCC   2   2   2   2   2   2 |     TAC   2   2   3   2   2   2 |     TGC   2   2   2   2   2   2
Leu TTA   3   3   3   3   3   3 |     TCA   2   2   2   2   2   2 | *** TAA   0   0   0   0   0   0 | *** TGA   0   0   0   0   0   0
    TTG   4   4   4   4   4   4 |     TCG   0   0   0   0   0   0 |     TAG   0   0   0   0   0   0 | Trp TGG   1   1   1   1   1   1
--------------------------------------------------------------------------------------------------------------------------------------
Leu CTT   2   2   2   2   3   2 | Pro CCT   2   2   2   2   2   2 | His CAT   3   3   4   3   4   4 | Arg CGT   0   0   0   0   0   0
    CTC   4   4   4   4   3   4 |     CCC   2   2   2   1   2   2 |     CAC   1   1   0   1   0   0 |     CGC   1   1   1   1   1   2
    CTA   1   1   1   1   1   1 |     CCA   2   1   1   2   2   1 | Gln CAA   0   0   1   0   0   0 |     CGA   1   1   1   1   1   0
    CTG   2   2   2   2   2   2 |     CCG   1   2   2   2   1   2 |     CAG   3   3   2   3   3   3 |     CGG   0   0   0   0   0   0
--------------------------------------------------------------------------------------------------------------------------------------
Ile ATT   5   4   4   3   4   4 | Thr ACT   1   1   1   1   1   1 | Asn AAT   0   0   0   0   0   0 | Ser AGT   4   4   4   4   4   4
    ATC   0   0   1   1   1   1 |     ACC   2   2   2   2   2   2 |     AAC   4   4   4   4   4   4 |     AGC   3   3   3   3   3   3
    ATA   1   1   0   1   1   1 |     ACA   2   2   3   2   2   2 | Lys AAA   6   6   7   7   7   7 | Arg AGA   1   1   0   0   0   0
Met ATG   2   2   2   2   2   2 |     ACG   0   0   0   0   0   0 |     AAG   4   4   4   4   4   4 |     AGG   1   1   1   1   1   1
--------------------------------------------------------------------------------------------------------------------------------------
Val GTT   3   4   3   3   3   3 | Ala GCT   0   0   0   0   0   0 | Asp GAT   7   8   6   6   6   6 | Gly GGT   1   1   1   1   1   1
    GTC   1   1   1   2   1   1 |     GCC   1   1   1   1   1   1 |     GAC   4   3   5   4   5   5 |     GGC   1   1   1   1   1   1
    GTA   2   2   2   2   2   2 |     GCA   0   0   1   1   1   1 | Glu GAA   7   7   6   6   6   6 |     GGA   1   1   1   1   1   1
    GTG   4   4   4   4   4   4 |     GCG   2   2   1   1   1   1 |     GAG   3   3   4   5   4   4 |     GGG   0   0   0   0   0   0
--------------------------------------------------------------------------------------------------------------------------------------

--------------------------------------------------------------------------------------------------------------------------------------
Phe TTT   7   7   7   7   7   7 | Ser TCT   1   1   1   1   1   1 | Tyr TAT   3   2   2   2   3   2 | Cys TGT   2   2   2   2   2   2
    TTC   2   2   2   2   2   2 |     TCC   2   2   2   2   2   2 |     TAC   1   2   2   2   1   2 |     TGC   2   2   2   2   2   2
Leu TTA   2   2   2   3   3   3 |     TCA   2   2   2   2   2   2 | *** TAA   0   0   0   0   0   0 | *** TGA   0   0   0   0   0   0
    TTG   5   5   5   4   4   4 |     TCG   0   0   0   0   0   0 |     TAG   0   0   0   0   0   0 | Trp TGG   1   1   1   1   1   1
--------------------------------------------------------------------------------------------------------------------------------------
Leu CTT   2   2   2   2   2   2 | Pro CCT   2   2   2   2   2   2 | His CAT   4   3   4   4   4   3 | Arg CGT   0   0   0   0   0   0
    CTC   4   3   4   4   4   4 |     CCC   2   2   2   2   2   1 |     CAC   0   1   0   0   0   1 |     CGC   1   1   1   1   1   1
    CTA   1   1   1   1   1   1 |     CCA   1   2   1   2   1   2 | Gln CAA   1   1   0   1   1   0 |     CGA   1   1   1   1   1   1
    CTG   2   3   2   2   2   2 |     CCG   2   1   2   1   2   2 |     CAG   2   2   3   2   2   3 |     CGG   0   0   0   0   0   0
--------------------------------------------------------------------------------------------------------------------------------------
Ile ATT   4   4   4   4   4   3 | Thr ACT   1   1   1   1   1   1 | Asn AAT   0   0   0   0   0   0 | Ser AGT   4   4   4   4   4   4
    ATC   1   1   1   1   1   1 |     ACC   2   2   2   2   2   2 |     AAC   4   4   4   4   4   4 |     AGC   3   3   3   3   3   3
    ATA   1   1   1   1   1   1 |     ACA   2   2   2   2   2   2 | Lys AAA   7   7   7   7   7   7 | Arg AGA   0   0   0   0   0   0
Met ATG   2   2   2   2   2   2 |     ACG   0   0   0   0   0   1 |     AAG   4   4   4   4   4   4 |     AGG   1   1   1   1   1   1
--------------------------------------------------------------------------------------------------------------------------------------
Val GTT   4   4   3   2   4   3 | Ala GCT   0   0   0   1   0   0 | Asp GAT   7   7   6   6   6   6 | Gly GGT   1   1   1   1   1   1
    GTC   1   1   1   1   0   2 |     GCC   1   1   1   1   1   1 |     GAC   4   4   5   5   5   4 |     GGC   1   1   1   1   1   1
    GTA   2   1   2   2   2   2 |     GCA   1   1   2   1   2   1 | Glu GAA   7   7   6   6   6   6 |     GGA   1   1   1   1   1   1
    GTG   3   4   4   4   4   4 |     GCG   1   1   0   1   0   0 |     GAG   3   3   4   4   4   5 |     GGG   0   0   0   0   0   0
--------------------------------------------------------------------------------------------------------------------------------------

--------------------------------------------------------------------------------------------------------------------------------------
Phe TTT   7   7   7   7   7   7 | Ser TCT   1   1   1   1   1   1 | Tyr TAT   2   2   2   2   2   3 | Cys TGT   2   2   2   2   2   2
    TTC   2   2   2   2   2   2 |     TCC   2   2   2   2   2   2 |     TAC   2   2   2   2   2   1 |     TGC   2   2   2   2   2   2
Leu TTA   3   3   2   3   3   3 |     TCA   2   2   2   2   2   2 | *** TAA   0   0   0   0   0   0 | *** TGA   0   0   0   0   0   0
    TTG   4   4   5   4   4   4 |     TCG   0   0   0   0   0   0 |     TAG   0   0   0   0   0   0 | Trp TGG   1   1   1   1   1   1
--------------------------------------------------------------------------------------------------------------------------------------
Leu CTT   2   2   2   2   2   2 | Pro CCT   2   2   2   2   1   2 | His CAT   4   3   4   4   3   4 | Arg CGT   0   0   0   0   0   0
    CTC   4   4   4   4   3   4 |     CCC   2   1   2   2   3   2 |     CAC   0   1   0   0   1   0 |     CGC   1   1   1   1   1   1
    CTA   1   1   1   1   2   1 |     CCA   1   2   1   1   1   1 | Gln CAA   1   0   0   1   0   1 |     CGA   1   1   1   1   1   1
    CTG   2   2   2   2   3   2 |     CCG   2   2   2   2   2   2 |     CAG   2   3   3   2   3   2 |     CGG   0   0   0   0   0   0
--------------------------------------------------------------------------------------------------------------------------------------
Ile ATT   4   3   4   4   5   4 | Thr ACT   1   1   1   1   1   1 | Asn AAT   0   0   0   0   0   0 | Ser AGT   4   4   4   4   4   4
    ATC   1   1   1   1   1   1 |     ACC   1   2   2   1   2   2 |     AAC   4   4   4   4   4   4 |     AGC   3   3   3   3   3   3
    ATA   1   1   1   1   1   1 |     ACA   3   2   2   3   2   2 | Lys AAA   7   7   7   7   7   7 | Arg AGA   0   0   0   0   0   0
Met ATG   2   2   2   2   1   2 |     ACG   0   0   0   0   0   0 |     AAG   4   4   4   4   4   4 |     AGG   1   1   1   1   1   1
--------------------------------------------------------------------------------------------------------------------------------------
Val GTT   3   3   4   3   3   4 | Ala GCT   0   0   0   0   0   0 | Asp GAT   6   6   7   7   7   6 | Gly GGT   1   1   1   1   1   1
    GTC   1   2   1   1   0   0 |     GCC   1   1   1   2   1   1 |     GAC   5   4   5   4   4   5 |     GGC   1   1   1   1   1   1
    GTA   2   2   1   2   2   2 |     GCA   1   1   0   0   0   1 | Glu GAA   6   6   7   6   7   6 |     GGA   1   1   1   1   1   1
    GTG   4   4   4   4   4   4 |     GCG   1   1   2   1   2   1 |     GAG   4   5   2   4   3   4 |     GGG   0   0   0   0   0   0
--------------------------------------------------------------------------------------------------------------------------------------

--------------------------------------------------------------------------------------------------------------------------------------
Phe TTT   7   7   7   7   7   7 | Ser TCT   1   1   1   1   1   1 | Tyr TAT   2   2   2   2   2   2 | Cys TGT   2   2   2   2   2   2
    TTC   1   2   2   2   2   2 |     TCC   2   2   2   2   2   2 |     TAC   2   2   2   2   2   2 |     TGC   2   2   2   2   2   2
Leu TTA   4   2   3   3   3   2 |     TCA   2   2   2   2   2   2 | *** TAA   0   0   0   0   0   0 | *** TGA   0   0   0   0   0   0
    TTG   4   5   4   4   4   5 |     TCG   0   0   0   0   0   0 |     TAG   0   0   0   0   0   0 | Trp TGG   1   1   1   1   1   1
--------------------------------------------------------------------------------------------------------------------------------------
Leu CTT   2   2   2   2   2   2 | Pro CCT   2   2   2   3   2   2 | His CAT   4   4   4   4   4   3 | Arg CGT   0   0   0   0   0   0
    CTC   4   4   4   4   4   4 |     CCC   2   1   2   1   2   2 |     CAC   0   0   0   0   1   1 |     CGC   1   1   1   1   0   1
    CTA   1   1   1   1   1   1 |     CCA   2   1   1   1   1   2 | Gln CAA   1   1   0   0   1   1 |     CGA   1   1   1   1   1   1
    CTG   2   2   2   2   2   2 |     CCG   1   3   2   2   2   1 |     CAG   2   2   3   3   2   2 |     CGG   0   0   0   0   0   0
--------------------------------------------------------------------------------------------------------------------------------------
Ile ATT   4   3   4   3   4   4 | Thr ACT   1   1   1   1   1   1 | Asn AAT   0   0   0   0   0   0 | Ser AGT   4   4   4   4   4   4
    ATC   1   2   1   2   0   1 |     ACC   2   2   2   2   2   2 |     AAC   4   4   4   4   4   4 |     AGC   3   3   3   3   3   3
    ATA   1   1   1   1   1   1 |     ACA   2   2   2   2   2   3 | Lys AAA   7   7   7   7   7   7 | Arg AGA   0   0   0   0   0   0
Met ATG   2   2   2   2   2   2 |     ACG   0   0   0   1   0   0 |     AAG   4   4   4   4   4   4 |     AGG   1   1   1   1   1   1
--------------------------------------------------------------------------------------------------------------------------------------
Val GTT   4   3   3   3   3   4 | Ala GCT   0   0   0   0   0   0 | Asp GAT   6   7   6   6   5   8 | Gly GGT   1   1   1   1   1   1
    GTC   0   1   1   1   2   1 |     GCC   1   1   1   1   1   1 |     GAC   5   4   5   5   5   3 |     GGC   1   1   1   1   1   1
    GTA   2   2   2   2   2   1 |     GCA   1   2   1   1   2   0 | Glu GAA   6   6   6   6   7   7 |     GGA   1   1   1   1   1   1
    GTG   4   4   4   4   4   4 |     GCG   1   0   1   0   0   1 |     GAG   4   4   4   4   4   3 |     GGG   0   0   0   0   0   0
--------------------------------------------------------------------------------------------------------------------------------------

--------------------------------------------------------------------------------------------------------------------------------------
Phe TTT   7   7   7   7   7   7 | Ser TCT   1   1   1   1   1   2 | Tyr TAT   3   2   2   2   2   2 | Cys TGT   2   2   2   2   2   2
    TTC   2   2   2   2   2   2 |     TCC   2   2   2   2   2   1 |     TAC   1   2   2   2   2   2 |     TGC   2   2   2   2   2   2
Leu TTA   1   3   2   2   2   3 |     TCA   2   2   2   2   2   2 | *** TAA   0   0   0   0   0   0 | *** TGA   0   0   0   0   0   0
    TTG   5   4   5   5   5   4 |     TCG   0   0   0   0   0   0 |     TAG   0   0   0   0   0   0 | Trp TGG   1   1   1   1   1   1
--------------------------------------------------------------------------------------------------------------------------------------
Leu CTT   2   2   2   2   2   2 | Pro CCT   2   2   2   2   2   2 | His CAT   4   4   4   3   4   4 | Arg CGT   0   0   0   0   0   0
    CTC   4   4   4   3   4   4 |     CCC   2   2   1   2   1   2 |     CAC   0   0   0   1   0   0 |     CGC   1   1   1   1   1   1
    CTA   2   1   1   2   1   1 |     CCA   1   2   2   1   1   1 | Gln CAA   1   1   0   1   1   1 |     CGA   1   1   1   1   1   1
    CTG   2   2   2   2   2   2 |     CCG   2   1   2   2   3   2 |     CAG   2   2   3   2   2   2 |     CGG   0   0   0   0   0   0
--------------------------------------------------------------------------------------------------------------------------------------
Ile ATT   4   4   4   4   4   4 | Thr ACT   1   1   1   1   1   1 | Asn AAT   0   0   0   0   0   0 | Ser AGT   4   4   4   4   4   3
    ATC   1   1   1   1   2   1 |     ACC   2   2   2   2   2   2 |     AAC   4   4   4   4   4   4 |     AGC   3   3   3   3   3   4
    ATA   1   1   1   1   1   1 |     ACA   2   2   2   2   2   2 | Lys AAA   7   7   7   7   7   7 | Arg AGA   0   0   0   0   0   0
Met ATG   2   2   2   2   2   2 |     ACG   0   0   0   0   0   0 |     AAG   4   4   4   4   4   4 |     AGG   1   1   1   1   1   1
--------------------------------------------------------------------------------------------------------------------------------------
Val GTT   4   3   4   4   2   3 | Ala GCT   0   0   0   0   0   0 | Asp GAT   7   6   7   7   7   6 | Gly GGT   1   1   1   0   1   1
    GTC   1   1   1   1   1   1 |     GCC   1   1   1   1   1   1 |     GAC   4   5   4   4   4   5 |     GGC   1   1   1   1   1   1
    GTA   1   2   1   1   2   2 |     GCA   0   1   0   1   1   1 | Glu GAA   7   6   7   7   6   6 |     GGA   1   1   1   1   1   1
    GTG   4   4   4   4   4   4 |     GCG   2   1   2   1   1   1 |     GAG   3   4   3   3   4   4 |     GGG   0   0   0   1   0   0
--------------------------------------------------------------------------------------------------------------------------------------

--------------------------------------------------------------------------------------------------------------------------------------
Phe TTT   7   7   7   7   7   7 | Ser TCT   1   1   1   1   1   1 | Tyr TAT   2   2   2   2   2   2 | Cys TGT   2   2   2   2   2   2
    TTC   2   2   2   2   2   2 |     TCC   2   2   2   2   2   2 |     TAC   2   2   2   2   2   2 |     TGC   2   2   2   2   2   2
Leu TTA   3   3   2   3   3   3 |     TCA   2   2   3   2   2   2 | *** TAA   0   0   0   0   0   0 | *** TGA   0   0   0   0   0   0
    TTG   3   4   5   4   4   4 |     TCG   0   0   0   0   0   0 |     TAG   0   0   0   0   0   0 | Trp TGG   1   1   1   1   1   1
--------------------------------------------------------------------------------------------------------------------------------------
Leu CTT   2   2   2   2   2   2 | Pro CCT   2   2   2   3   2   2 | His CAT   4   3   4   4   3   3 | Arg CGT   0   0   0   0   0   0
    CTC   4   4   4   4   4   4 |     CCC   2   2   2   1   1   1 |     CAC   0   1   0   0   1   1 |     CGC   1   1   1   1   1   1
    CTA   1   1   1   1   1   1 |     CCA   1   1   1   1   2   2 | Gln CAA   1   0   1   1   0   0 |     CGA   1   1   1   1   1   1
    CTG   3   2   2   2   3   2 |     CCG   2   2   1   2   1   2 |     CAG   2   3   2   2   3   3 |     CGG   0   0   0   0   0   0
--------------------------------------------------------------------------------------------------------------------------------------
Ile ATT   4   4   4   4   3   3 | Thr ACT   1   1   1   1   1   1 | Asn AAT   0   0   0   0   0   0 | Ser AGT   4   4   4   4   4   4
    ATC   0   0   1   1   1   1 |     ACC   2   2   2   2   2   2 |     AAC   4   4   4   4   4   4 |     AGC   3   3   3   3   3   3
    ATA   1   1   1   1   1   1 |     ACA   2   2   2   2   2   2 | Lys AAA   7   7   7   7   7   7 | Arg AGA   0   1   0   0   1   0
Met ATG   2   2   2   2   2   2 |     ACG   0   0   0   0   0   0 |     AAG   4   4   4   4   4   4 |     AGG   1   0   1   1   0   1
--------------------------------------------------------------------------------------------------------------------------------------
Val GTT   3   3   3   3   3   3 | Ala GCT   0   0   0   0   0   0 | Asp GAT   6   8   5   7   6   6 | Gly GGT   1   1   1   1   1   1
    GTC   2   2   1   2   2   2 |     GCC   1   1   1   1   1   1 |     GAC   5   3   5   4   4   4 |     GGC   1   1   2   1   1   1
    GTA   2   2   2   2   2   2 |     GCA   1   1   2   0   1   1 | Glu GAA   6   6   7   7   6   6 |     GGA   1   1   1   1   1   1
    GTG   4   4   4   3   4   4 |     GCG   1   1   0   2   1   1 |     GAG   4   4   3   3   5   5 |     GGG   0   0   0   0   0   0
--------------------------------------------------------------------------------------------------------------------------------------

Codon position x base (3x4) table for each sequence.

#1: Argali         
position  1:    T:0.23438    C:0.19531    A:0.28125    G:0.28906
position  2:    T:0.33594    C:0.15625    A:0.36719    G:0.14062
position  3:    T:0.30469    C:0.25781    A:0.21875    G:0.21875
Average         T:0.29167    C:0.20312    A:0.28906    G:0.21615

#2: LesserMouseDeer
position  1:    T:0.21875    C:0.21094    A:0.27344    G:0.29688
position  2:    T:0.33594    C:0.15625    A:0.35156    G:0.15625
position  3:    T:0.28125    C:0.31250    A:0.18750    G:0.21875
Average         T:0.27865    C:0.22656    A:0.27083    G:0.22396

#3: LesserKudu     
position  1:    T:0.23438    C:0.19531    A:0.27344    G:0.29688
position  2:    T:0.33594    C:0.15625    A:0.36719    G:0.14062
position  3:    T:0.28906    C:0.25781    A:0.21875    G:0.23438
Average         T:0.28646    C:0.20312    A:0.28646    G:0.22396

#4: ForestMuskDeer2
position  1:    T:0.23438    C:0.19531    A:0.28125    G:0.28906
position  2:    T:0.33594    C:0.15625    A:0.36719    G:0.14062
position  3:    T:0.32031    C:0.25000    A:0.22656    G:0.20312
Average         T:0.29688    C:0.20052    A:0.29167    G:0.21094

#5: Camel          
position  1:    T:0.22656    C:0.20312    A:0.28906    G:0.28125
position  2:    T:0.33594    C:0.15625    A:0.37500    G:0.13281
position  3:    T:0.30469    C:0.24219    A:0.21875    G:0.23438
Average         T:0.28906    C:0.20052    A:0.29427    G:0.21615

#6: KillerWhale    
position  1:    T:0.23438    C:0.20312    A:0.28125    G:0.28125
position  2:    T:0.32812    C:0.16406    A:0.36719    G:0.14062
position  3:    T:0.32031    C:0.23438    A:0.21094    G:0.23438
Average         T:0.29427    C:0.20052    A:0.28646    G:0.21875

#7: DefassaWaterbuck
position  1:    T:0.23438    C:0.19531    A:0.28906    G:0.28125
position  2:    T:0.33594    C:0.15625    A:0.36719    G:0.14062
position  3:    T:0.29688    C:0.26562    A:0.21875    G:0.21875
Average         T:0.28906    C:0.20573    A:0.29167    G:0.21354

#8: Sheep          
position  1:    T:0.23438    C:0.19531    A:0.28125    G:0.28906
position  2:    T:0.33594    C:0.15625    A:0.36719    G:0.14062
position  3:    T:0.31250    C:0.25000    A:0.21875    G:0.21875
Average         T:0.29427    C:0.20052    A:0.28906    G:0.21615

#9: MaxwellsDuiker 
position  1:    T:0.23438    C:0.19531    A:0.28125    G:0.28906
position  2:    T:0.33594    C:0.15625    A:0.36719    G:0.14062
position  3:    T:0.30469    C:0.26562    A:0.23438    G:0.19531
Average         T:0.29167    C:0.20573    A:0.29427    G:0.20833

#10: GazellaPrzewalskyi
position  1:    T:0.23438    C:0.19531    A:0.27344    G:0.29688
position  2:    T:0.33594    C:0.15625    A:0.36719    G:0.14062
position  3:    T:0.30469    C:0.25781    A:0.23438    G:0.20312
Average         T:0.29167    C:0.20312    A:0.29167    G:0.21354

#11: MountainNyala  
position  1:    T:0.23438    C:0.19531    A:0.27344    G:0.29688
position  2:    T:0.33594    C:0.15625    A:0.36719    G:0.14062
position  3:    T:0.28906    C:0.25781    A:0.22656    G:0.22656
Average         T:0.28646    C:0.20312    A:0.28906    G:0.22135

#12: MuntiacusMuntjak
position  1:    T:0.23438    C:0.19531    A:0.28125    G:0.28906
position  2:    T:0.33594    C:0.15625    A:0.36719    G:0.14062
position  3:    T:0.32812    C:0.23438    A:0.21094    G:0.22656
Average         T:0.29948    C:0.19531    A:0.28646    G:0.21875

#13: goat           
position  1:    T:0.23438    C:0.19531    A:0.28125    G:0.28906
position  2:    T:0.33594    C:0.15625    A:0.36719    G:0.14062
position  3:    T:0.30469    C:0.25781    A:0.21875    G:0.21875
Average         T:0.29167    C:0.20312    A:0.28906    G:0.21615

#14: AfricanBuffalo 
position  1:    T:0.23438    C:0.19531    A:0.28906    G:0.28125
position  2:    T:0.33594    C:0.15625    A:0.36719    G:0.14062
position  3:    T:0.30469    C:0.25000    A:0.21094    G:0.23438
Average         T:0.29167    C:0.20052    A:0.28906    G:0.21875

#15: Topi           
position  1:    T:0.23438    C:0.19531    A:0.28125    G:0.28906
position  2:    T:0.33594    C:0.15625    A:0.36719    G:0.14062
position  3:    T:0.32031    C:0.24219    A:0.22656    G:0.21094
Average         T:0.29688    C:0.19792    A:0.29167    G:0.21354

#16: CommonDuiker   
position  1:    T:0.23438    C:0.19531    A:0.28125    G:0.28906
position  2:    T:0.33594    C:0.15625    A:0.36719    G:0.14062
position  3:    T:0.30469    C:0.25781    A:0.22656    G:0.21094
Average         T:0.29167    C:0.20312    A:0.29167    G:0.21354

#17: Suni           
position  1:    T:0.23438    C:0.18750    A:0.28125    G:0.29688
position  2:    T:0.33594    C:0.15625    A:0.36719    G:0.14062
position  3:    T:0.32031    C:0.24219    A:0.22656    G:0.21094
Average         T:0.29688    C:0.19531    A:0.29167    G:0.21615

#18: Springbuck     
position  1:    T:0.23438    C:0.19531    A:0.27344    G:0.29688
position  2:    T:0.33594    C:0.15625    A:0.36719    G:0.14062
position  3:    T:0.30469    C:0.25781    A:0.22656    G:0.21094
Average         T:0.29167    C:0.20312    A:0.28906    G:0.21615

#19: Okapi          
position  1:    T:0.23438    C:0.19531    A:0.28125    G:0.28906
position  2:    T:0.33594    C:0.15625    A:0.35938    G:0.14844
position  3:    T:0.31250    C:0.25000    A:0.22656    G:0.21094
Average         T:0.29427    C:0.20052    A:0.28906    G:0.21615

#20: Giraffe        
position  1:    T:0.23438    C:0.19531    A:0.27344    G:0.29688
position  2:    T:0.33594    C:0.15625    A:0.35938    G:0.14844
position  3:    T:0.32031    C:0.24219    A:0.21875    G:0.21875
Average         T:0.29688    C:0.19792    A:0.28385    G:0.22135

#21: TibetanAntelope
position  1:    T:0.23438    C:0.19531    A:0.28125    G:0.28906
position  2:    T:0.32812    C:0.16406    A:0.36719    G:0.14062
position  3:    T:0.29688    C:0.26562    A:0.22656    G:0.21094
Average         T:0.28646    C:0.20833    A:0.29167    G:0.21354

#22: Sitatunga      
position  1:    T:0.23438    C:0.19531    A:0.27344    G:0.29688
position  2:    T:0.33594    C:0.15625    A:0.36719    G:0.14062
position  3:    T:0.28906    C:0.25781    A:0.22656    G:0.22656
Average         T:0.28646    C:0.20312    A:0.28906    G:0.22135

#23: Oribi          
position  1:    T:0.23438    C:0.19531    A:0.28125    G:0.28906
position  2:    T:0.33594    C:0.15625    A:0.36719    G:0.14062
position  3:    T:0.31250    C:0.25000    A:0.22656    G:0.21094
Average         T:0.29427    C:0.20052    A:0.29167    G:0.21354

#24: BarbarySheep   
position  1:    T:0.23438    C:0.19531    A:0.28125    G:0.28906
position  2:    T:0.33594    C:0.15625    A:0.36719    G:0.14062
position  3:    T:0.30469    C:0.26562    A:0.21094    G:0.21875
Average         T:0.29167    C:0.20573    A:0.28646    G:0.21615

#25: Daviddeer      
position  1:    T:0.23438    C:0.19531    A:0.28125    G:0.28906
position  2:    T:0.33594    C:0.15625    A:0.36719    G:0.14062
position  3:    T:0.32812    C:0.24219    A:0.22656    G:0.20312
Average         T:0.29948    C:0.19792    A:0.29167    G:0.21094

#26: Reindeer       
position  1:    T:0.23438    C:0.19531    A:0.28125    G:0.28906
position  2:    T:0.33594    C:0.15625    A:0.36719    G:0.14062
position  3:    T:0.31250    C:0.25000    A:0.22656    G:0.21094
Average         T:0.29427    C:0.20052    A:0.29167    G:0.21354

#27: Ibex           
position  1:    T:0.23438    C:0.19531    A:0.28125    G:0.28906
position  2:    T:0.33594    C:0.15625    A:0.36719    G:0.14062
position  3:    T:0.30469    C:0.25781    A:0.21875    G:0.21875
Average         T:0.29167    C:0.20312    A:0.28906    G:0.21615

#28: GyrantGazelle  
position  1:    T:0.23438    C:0.19531    A:0.28125    G:0.28906
position  2:    T:0.32812    C:0.16406    A:0.36719    G:0.14062
position  3:    T:0.30469    C:0.25781    A:0.23438    G:0.20312
Average         T:0.28906    C:0.20573    A:0.29427    G:0.21094

#29: Hartebeest     
position  1:    T:0.23438    C:0.19531    A:0.28125    G:0.28906
position  2:    T:0.33594    C:0.15625    A:0.36719    G:0.14062
position  3:    T:0.32031    C:0.24219    A:0.23438    G:0.20312
Average         T:0.29688    C:0.19792    A:0.29427    G:0.21094

#30: Bongo          
position  1:    T:0.23438    C:0.19531    A:0.28125    G:0.28906
position  2:    T:0.33594    C:0.15625    A:0.36719    G:0.14062
position  3:    T:0.28906    C:0.25781    A:0.22656    G:0.22656
Average         T:0.28646    C:0.20312    A:0.29167    G:0.21875

#31: Gerenuk        
position  1:    T:0.23438    C:0.19531    A:0.28125    G:0.28906
position  2:    T:0.33594    C:0.15625    A:0.36719    G:0.14062
position  3:    T:0.30469    C:0.25000    A:0.23438    G:0.21094
Average         T:0.29167    C:0.20052    A:0.29427    G:0.21354

#32: CommonEland    
position  1:    T:0.23438    C:0.19531    A:0.27344    G:0.29688
position  2:    T:0.33594    C:0.15625    A:0.36719    G:0.14062
position  3:    T:0.28906    C:0.25781    A:0.22656    G:0.22656
Average         T:0.28646    C:0.20312    A:0.28906    G:0.22135

#33: MuntiacusReevesi
position  1:    T:0.23438    C:0.19531    A:0.28125    G:0.28906
position  2:    T:0.33594    C:0.15625    A:0.36719    G:0.14062
position  3:    T:0.32031    C:0.25781    A:0.20312    G:0.21875
Average         T:0.29688    C:0.20312    A:0.28385    G:0.21615

#34: HarveysDuiker  
position  1:    T:0.23438    C:0.19531    A:0.28125    G:0.28906
position  2:    T:0.33594    C:0.15625    A:0.36719    G:0.14062
position  3:    T:0.31250    C:0.25000    A:0.22656    G:0.21094
Average         T:0.29427    C:0.20052    A:0.29167    G:0.21354

#35: Pronghorn      
position  1:    T:0.23438    C:0.20312    A:0.28125    G:0.28125
position  2:    T:0.33594    C:0.15625    A:0.36719    G:0.14062
position  3:    T:0.30469    C:0.25000    A:0.22656    G:0.21875
Average         T:0.29167    C:0.20312    A:0.29167    G:0.21354

#36: BlueWildebeest 
position  1:    T:0.23438    C:0.19531    A:0.28125    G:0.28906
position  2:    T:0.33594    C:0.15625    A:0.36719    G:0.14062
position  3:    T:0.32031    C:0.24219    A:0.22656    G:0.21094
Average         T:0.29688    C:0.19792    A:0.29167    G:0.21354

#37: Gemsbok        
position  1:    T:0.23438    C:0.19531    A:0.28125    G:0.28906
position  2:    T:0.33594    C:0.15625    A:0.36719    G:0.14062
position  3:    T:0.31250    C:0.24219    A:0.24219    G:0.20312
Average         T:0.29427    C:0.19792    A:0.29688    G:0.21094

#38: Yak            
position  1:    T:0.23438    C:0.19531    A:0.28125    G:0.28906
position  2:    T:0.33594    C:0.15625    A:0.36719    G:0.14062
position  3:    T:0.30469    C:0.25000    A:0.22656    G:0.21875
Average         T:0.29167    C:0.20052    A:0.29167    G:0.21615

#39: BlueSheep      
position  1:    T:0.23438    C:0.19531    A:0.28125    G:0.28906
position  2:    T:0.33594    C:0.15625    A:0.36719    G:0.14062
position  3:    T:0.30469    C:0.25781    A:0.21875    G:0.21875
Average         T:0.29167    C:0.20312    A:0.28906    G:0.21615

#40: BohorReedbuck  
position  1:    T:0.23438    C:0.19531    A:0.28906    G:0.28125
position  2:    T:0.33594    C:0.15625    A:0.36719    G:0.14062
position  3:    T:0.30469    C:0.25781    A:0.21875    G:0.21875
Average         T:0.29167    C:0.20312    A:0.29167    G:0.21354

#41: KirksDik       
position  1:    T:0.23438    C:0.19531    A:0.27344    G:0.29688
position  2:    T:0.33594    C:0.15625    A:0.37500    G:0.13281
position  3:    T:0.29688    C:0.25781    A:0.24219    G:0.20312
Average         T:0.28906    C:0.20312    A:0.29688    G:0.21094

#42: RoeDeer        
position  1:    T:0.23438    C:0.19531    A:0.28906    G:0.28125
position  2:    T:0.33594    C:0.15625    A:0.36719    G:0.14062
position  3:    T:0.32031    C:0.25000    A:0.22656    G:0.20312
Average         T:0.29688    C:0.20052    A:0.29427    G:0.20833

#43: WhiteLippedDeer
position  1:    T:0.22656    C:0.20312    A:0.28125    G:0.28906
position  2:    T:0.33594    C:0.15625    A:0.36719    G:0.14062
position  3:    T:0.32812    C:0.24219    A:0.21094    G:0.21875
Average         T:0.29688    C:0.20052    A:0.28646    G:0.21615

#44: ThomsonGazelle 
position  1:    T:0.23438    C:0.19531    A:0.28125    G:0.28906
position  2:    T:0.33594    C:0.15625    A:0.36719    G:0.14062
position  3:    T:0.30469    C:0.25781    A:0.23438    G:0.20312
Average         T:0.29167    C:0.20312    A:0.29427    G:0.21094

#45: MuntiacusCrinifrons
position  1:    T:0.23438    C:0.19531    A:0.28125    G:0.28906
position  2:    T:0.33594    C:0.15625    A:0.36719    G:0.14062
position  3:    T:0.32031    C:0.24219    A:0.21094    G:0.22656
Average         T:0.29688    C:0.19792    A:0.28646    G:0.21875

#46: WhiteTailedDeer
position  1:    T:0.23438    C:0.19531    A:0.28125    G:0.28906
position  2:    T:0.33594    C:0.15625    A:0.36719    G:0.14062
position  3:    T:0.30469    C:0.25000    A:0.22656    G:0.21875
Average         T:0.29167    C:0.20052    A:0.29167    G:0.21615

#47: Cattle         
position  1:    T:0.23438    C:0.19531    A:0.28906    G:0.28125
position  2:    T:0.33594    C:0.15625    A:0.36719    G:0.14062
position  3:    T:0.30469    C:0.25000    A:0.21875    G:0.22656
Average         T:0.29167    C:0.20052    A:0.29167    G:0.21615

#48: RoyalAntelope  
position  1:    T:0.23438    C:0.19531    A:0.28125    G:0.28906
position  2:    T:0.33594    C:0.15625    A:0.36719    G:0.14062
position  3:    T:0.30469    C:0.25781    A:0.22656    G:0.21094
Average         T:0.29167    C:0.20312    A:0.29167    G:0.21354

#49: Steenbok       
position  1:    T:0.22656    C:0.20312    A:0.27344    G:0.29688
position  2:    T:0.33594    C:0.15625    A:0.36719    G:0.14062
position  3:    T:0.30469    C:0.25781    A:0.22656    G:0.21094
Average         T:0.28906    C:0.20573    A:0.28906    G:0.21615

#50: Impala         
position  1:    T:0.23438    C:0.19531    A:0.27344    G:0.29688
position  2:    T:0.33594    C:0.15625    A:0.36719    G:0.14062
position  3:    T:0.31250    C:0.25000    A:0.22656    G:0.21094
Average         T:0.29427    C:0.20052    A:0.28906    G:0.21615

#51: Klipspringer   
position  1:    T:0.24219    C:0.18750    A:0.28125    G:0.28906
position  2:    T:0.33594    C:0.15625    A:0.35938    G:0.14844
