1
52 1
Argali 0.000000 0.488900 0.134600 0.603300 0.068000 0.005000 0.095600 0.073700 0.129100 0.219300 0.050300 0.104700 0.110700 0.105800 0.069500 0.117800 0.209400 0.190400 0.109700 0.135800 0.073900 0.030400 0.194500 0.192200 0.030400 0.101500 0.098600 0.130500 0.163600 0.143000 0.216100 0.102000 0.264500 0.116200 0.078200 0.116800 0.030400 0.079600 0.095100 0.193100 0.194700 0.094200 0.209400 0.196300 0.112500 0.098900 0.057500 0.127000 0.074700 0.162100 0.138100 0.130400
LesserMous 0.488900 0.000000 0.527000 0.695900 0.479600 0.499500 0.511600 0.546600 0.535700 0.503800 0.506900 0.536200 0.497200 0.532400 0.540300 0.556800 0.440900 0.439300 0.547800 0.523200 0.523300 0.492100 0.512400 0.593900 0.517900 0.551600 0.529000 0.524700 0.611700 0.518500 0.552300 0.505600 0.566500 0.536200 0.485700 0.512300 0.518900 0.475600 0.536100 0.570500 0.523700 0.549600 0.523100 0.540000 0.500300 0.512200 0.495900 0.605000 0.469200 0.461900 0.522800 0.505300
LesserKudu 0.134600 0.527000 0.000000 0.627100 0.129700 0.140800 0.159100 0.147400 0.057200 0.239500 0.165500 0.110400 0.162400 0.169300 0.156400 0.201300 0.247800 0.253900 0.189400 0.041600 0.147900 0.144800 0.233500 0.229400 0.145100 0.177900 0.166700 0.047100 0.211800 0.058100 0.236300 0.178400 0.299700 0.168000 0.162900 0.111200 0.151000 0.130800 0.158400 0.219000 0.233800 0.168900 0.229600 0.233700 0.106900 0.171200 0.130100 0.163600 0.125800 0.192000 0.053100 0.036400
KillerWhal 0.603300 0.695900 0.627100 0.000000 0.635900 0.613300 0.633100 0.623400 0.653400 0.683200 0.602600 0.630900 0.663800 0.607600 0.669000 0.643400 0.555700 0.532700 0.677000 0.640700 0.608700 0.597600 0.633100 0.582900 0.628500 0.625100 0.639300 0.642100 0.641900 0.639200 0.708700 0.634400 0.700600 0.663600 0.622900 0.594300 0.649500 0.665100 0.639300 0.633800 0.651400 0.602700 0.696800 0.592700 0.609200 0.678900 0.626800 0.689600 0.628600 0.600300 0.650200 0.641300
DefassaWat 0.068000 0.479600 0.129700 0.635900 0.000000 0.073700 0.124800 0.113400 0.124100 0.220600 0.109400 0.133400 0.128500 0.135100 0.098200 0.147600 0.243200 0.236100 0.153100 0.130900 0.113800 0.089200 0.215000 0.237100 0.089200 0.119400 0.115900 0.125500 0.158700 0.138000 0.217400 0.131500 0.301300 0.122600 0.106300 0.128900 0.089200 0.031100 0.124200 0.213200 0.228300 0.111600 0.210700 0.241100 0.124700 0.129100 0.096500 0.157900 0.092000 0.169100 0.121300 0.125500
Sheep 0.005000 0.499500 0.140800 0.613300 0.073700 0.000000 0.101500 0.079400 0.135200 0.226600 0.055700 0.110600 0.116700 0.111800 0.075300 0.123900 0.216400 0.197200 0.115900 0.142100 0.079600 0.035700 0.201500 0.198900 0.035700 0.107500 0.104400 0.136800 0.170100 0.149500 0.223400 0.108000 0.272300 0.122300 0.083900 0.122800 0.035700 0.085500 0.101000 0.199900 0.201800 0.100000 0.216700 0.203000 0.118600 0.105100 0.063100 0.121500 0.080500 0.168600 0.144500 0.136700
MaxwellsDu 0.095600 0.511600 0.159100 0.633100 0.124800 0.101500 0.000000 0.142500 0.159500 0.234500 0.137600 0.151000 0.169300 0.030700 0.127300 0.190000 0.217300 0.223200 0.171800 0.166900 0.142900 0.117200 0.208600 0.211800 0.117200 0.160700 0.155800 0.161500 0.227000 0.180600 0.245000 0.036500 0.268000 0.163400 0.123200 0.164100 0.117300 0.125800 0.153500 0.212800 0.208900 0.163900 0.224500 0.228500 0.160100 0.128900 0.113700 0.164100 0.075100 0.193800 0.175700 0.155100
GazellaPrz 0.073700 0.546600 0.147400 0.623400 0.113400 0.079400 0.142500 0.000000 0.165700 0.227800 0.115200 0.128100 0.145500 0.152800 0.092800 0.095700 0.250100 0.230100 0.159800 0.173000 0.052400 0.089600 0.222400 0.231600 0.106100 0.079600 0.132500 0.167600 0.140700 0.174300 0.232000 0.149500 0.309000 0.151200 0.100500 0.164300 0.095100 0.126100 0.062600 0.220100 0.222700 0.083700 0.225000 0.235600 0.160300 0.147500 0.057600 0.170700 0.121100 0.224700 0.175900 0.167500
MountainNy 0.129100 0.535700 0.057200 0.653400 0.124100 0.135200 0.159500 0.165700 0.000000 0.252900 0.148500 0.116200 0.156900 0.169900 0.150600 0.208100 0.261400 0.267600 0.196200 0.025500 0.154100 0.151000 0.233800 0.242600 0.139500 0.184500 0.149700 0.020600 0.218500 0.042000 0.250000 0.166800 0.300000 0.150800 0.157300 0.094700 0.145500 0.125200 0.176800 0.219200 0.234100 0.175300 0.229500 0.234000 0.090300 0.165300 0.148000 0.157900 0.132000 0.186400 0.036900 0.030700
MuntiacusM 0.219300 0.503800 0.239500 0.683200 0.220600 0.226600 0.234500 0.227800 0.252900 0.000000 0.251300 0.249300 0.249900 0.244600 0.219400 0.294400 0.249800 0.249000 0.284900 0.234900 0.241600 0.237000 0.106500 0.190600 0.223100 0.248000 0.260200 0.229200 0.271600 0.242700 0.049100 0.249900 0.258100 0.283400 0.237400 0.224100 0.243500 0.222600 0.246400 0.154900 0.106600 0.237100 0.031400 0.158500 0.233500 0.249600 0.234500 0.274400 0.224700 0.249600 0.252700 0.242400
goat 0.050300 0.506900 0.165500 0.602600 0.109400 0.055700 0.137600 0.115200 0.148500 0.251300 0.000000 0.145300 0.140200 0.147600 0.100600 0.171800 0.253900 0.234500 0.142100 0.155400 0.126900 0.049700 0.226400 0.235500 0.029500 0.155300 0.128500 0.150200 0.206500 0.162700 0.248500 0.144300 0.283700 0.145700 0.097500 0.135200 0.049800 0.121600 0.148200 0.224100 0.213900 0.135700 0.241700 0.227000 0.131200 0.142300 0.109300 0.146500 0.105600 0.169500 0.157900 0.150100
AfricanBuf 0.104700 0.536200 0.110400 0.630900 0.133400 0.110600 0.151000 0.128100 0.116200 0.249300 0.145300 0.000000 0.142100 0.161100 0.124600 0.198200 0.250100 0.243500 0.144000 0.122700 0.139900 0.125300 0.230000 0.220200 0.125400 0.181100 0.152800 0.117500 0.221800 0.129600 0.259900 0.157900 0.267400 0.165200 0.120800 0.104200 0.114400 0.134600 0.161800 0.221600 0.230300 0.172200 0.239500 0.217900 0.099400 0.156200 0.127800 0.160800 0.129800 0.183400 0.124800 0.117400
Topi 0.110700 0.497200 0.162400 0.663800 0.128500 0.116700 0.169300 0.145500 0.156900 0.249900 0.140200 0.142100 0.000000 0.179600 0.143100 0.192300 0.265100 0.245100 0.163000 0.164000 0.145900 0.120200 0.224700 0.246000 0.131400 0.175300 0.039900 0.158600 0.215800 0.159600 0.247100 0.176700 0.296200 0.076300 0.071600 0.154700 0.131200 0.141200 0.156200 0.216700 0.224800 0.154800 0.240100 0.237400 0.150800 0.175300 0.139000 0.179600 0.136200 0.190100 0.166700 0.158500
CommonDuik 0.105800 0.532400 0.169300 0.607600 0.135100 0.111800 0.030700 0.152800 0.169900 0.244600 0.147600 0.161100 0.179600 0.000000 0.137800 0.188000 0.234600 0.227600 0.182500 0.177300 0.153300 0.127300 0.218700 0.221500 0.115700 0.171100 0.165900 0.171900 0.237400 0.191100 0.255200 0.046700 0.292700 0.173600 0.133400 0.174300 0.127500 0.136200 0.163800 0.222600 0.219000 0.174100 0.234700 0.238200 0.170400 0.127600 0.124000 0.168300 0.096700 0.222300 0.186200 0.165500
Suni 0.069500 0.540300 0.156400 0.669000 0.098200 0.075300 0.127300 0.092800 0.150600 0.219400 0.100600 0.124600 0.143100 0.137800 0.000000 0.139000 0.248400 0.228100 0.132000 0.145800 0.093100 0.080000 0.220000 0.191400 0.080000 0.110500 0.129900 0.140300 0.162300 0.165700 0.230100 0.134300 0.287300 0.148900 0.097100 0.137500 0.080100 0.099200 0.115100 0.205300 0.220400 0.125800 0.222700 0.195600 0.145200 0.131900 0.092900 0.161400 0.105700 0.197300 0.160700 0.152300
Springbuck 0.117800 0.556800 0.201300 0.643400 0.147600 0.123900 0.190000 0.095700 0.208100 0.294400 0.171800 0.198200 0.192300 0.188000 0.139000 0.000000 0.297100 0.276100 0.222700 0.216100 0.084900 0.134100 0.288800 0.269300 0.151300 0.090300 0.166500 0.210600 0.134400 0.198200 0.299900 0.173200 0.322700 0.180100 0.157000 0.181300 0.139800 0.161000 0.106300 0.257600 0.289200 0.094300 0.292400 0.286800 0.177500 0.184000 0.101300 0.188200 0.168300 0.262200 0.219700 0.210400
Okapi 0.209400 0.440900 0.247800 0.555700 0.243200 0.216400 0.217300 0.250100 0.261400 0.249800 0.253900 0.250100 0.265100 0.234600 0.248400 0.297100 0.000000 0.036200 0.257700 0.250400 0.244200 0.232800 0.249900 0.245500 0.232800 0.284700 0.262300 0.251100 0.345200 0.239500 0.260400 0.225600 0.247200 0.292200 0.240100 0.246100 0.233100 0.245400 0.268700 0.227200 0.250400 0.286300 0.239500 0.242700 0.242600 0.251900 0.224900 0.283500 0.214400 0.213400 0.261100 0.250900
Giraffe 0.190400 0.439300 0.253900 0.532700 0.236100 0.197200 0.223200 0.230100 0.267600 0.249000 0.234500 0.243500 0.245100 0.227600 0.228100 0.276100 0.036200 0.000000 0.237000 0.256600 0.224300 0.200800 0.235900 0.232100 0.213500 0.277100 0.229700 0.257300 0.337200 0.245800 0.259500 0.218600 0.253400 0.258100 0.207800 0.239400 0.213700 0.238200 0.261400 0.220000 0.236400 0.278900 0.238700 0.229500 0.235900 0.244500 0.217900 0.275900 0.220400 0.232100 0.267400 0.257100
TibetanAnt 0.109700 0.547800 0.189400 0.677000 0.153100 0.115900 0.171800 0.159800 0.196200 0.284900 0.142100 0.144000 0.163000 0.182500 0.132000 0.222700 0.257700 0.237000 0.000000 0.191300 0.160100 0.121100 0.250900 0.238800 0.121100 0.191700 0.149100 0.185700 0.254200 0.199800 0.268000 0.179500 0.312000 0.181100 0.151400 0.169600 0.109600 0.142300 0.183600 0.247200 0.251300 0.181700 0.274800 0.242900 0.153200 0.171400 0.153800 0.169000 0.149600 0.231900 0.194700 0.185600
Sitatunga 0.135800 0.523200 0.041600 0.640700 0.130900 0.142100 0.166900 0.173000 0.025500 0.234900 0.155400 0.122700 0.164000 0.177300 0.145800 0.216100 0.250400 0.256600 0.191300 0.000000 0.149200 0.158000 0.242200 0.224900 0.146400 0.192200 0.168300 0.005100 0.214000 0.036900 0.245200 0.174200 0.288700 0.169600 0.164400 0.078800 0.152500 0.132000 0.184300 0.214500 0.242500 0.182800 0.224700 0.216600 0.085300 0.172900 0.143200 0.165200 0.138900 0.169600 0.031800 0.025900
Oribi 0.073900 0.523300 0.147900 0.608700 0.113800 0.079600 0.142900 0.052400 0.154100 0.241600 0.126900 0.139900 0.145900 0.153300 0.093100 0.084900 0.244200 0.224300 0.160100 0.149200 0.000000 0.089800 0.236100 0.206600 0.106400 0.068800 0.132900 0.155900 0.118100 0.162500 0.232300 0.150000 0.289100 0.151700 0.111900 0.152800 0.106500 0.126500 0.062900 0.207800 0.236500 0.073100 0.225300 0.210700 0.148800 0.148000 0.047000 0.177300 0.121500 0.200100 0.164000 0.155800
BarbaryShe 0.030400 0.492100 0.144800 0.597600 0.089200 0.035700 0.117200 0.089600 0.151000 0.237000 0.049700 0.125300 0.120200 0.127300 0.080000 0.134100 0.232800 0.200800 0.121100 0.158000 0.089800 0.000000 0.218000 0.214800 0.030000 0.117700 0.108600 0.152700 0.180200 0.159800 0.226900 0.123800 0.275800 0.125700 0.088300 0.137600 0.030100 0.101100 0.111000 0.215900 0.218300 0.110000 0.233300 0.218900 0.133500 0.121200 0.072800 0.149400 0.096300 0.172600 0.160600 0.152600
Daviddeer 0.194500 0.512400 0.233500 0.633100 0.215000 0.201500 0.208600 0.222400 0.233800 0.106500 0.226400 0.230000 0.224700 0.218700 0.220000 0.288800 0.249900 0.235900 0.250900 0.242200 0.236100 0.218000 0.000000 0.166600 0.198400 0.269700 0.221900 0.236500 0.315400 0.251500 0.114200 0.209200 0.267100 0.243900 0.187100 0.205900 0.218300 0.230000 0.254100 0.131400 0.021500 0.258100 0.096100 0.147000 0.202000 0.236400 0.229100 0.261400 0.198800 0.250400 0.246500 0.236300
Reindeer 0.192200 0.593900 0.229400 0.582900 0.237100 0.198900 0.211800 0.231600 0.242600 0.190600 0.235500 0.220200 0.246000 0.221500 0.191400 0.269300 0.245500 0.232100 0.238800 0.224900 0.206600 0.214800 0.166600 0.000000 0.208300 0.238300 0.231100 0.232300 0.294800 0.259800 0.199700 0.238900 0.317300 0.239600 0.209400 0.215400 0.215100 0.239100 0.249200 0.137100 0.166800 0.228000 0.180600 0.075300 0.217600 0.252400 0.206600 0.256000 0.202700 0.226100 0.254900 0.232000
Ibex 0.030400 0.517900 0.145100 0.628500 0.089200 0.035700 0.117200 0.106100 0.139500 0.223100 0.029500 0.125400 0.131400 0.115700 0.080000 0.151300 0.232800 0.213500 0.121100 0.146400 0.106400 0.030000 0.198400 0.208300 0.000000 0.134700 0.119700 0.141100 0.186000 0.153700 0.219900 0.123800 0.262000 0.137000 0.088300 0.126300 0.029700 0.101100 0.127900 0.197000 0.198700 0.126700 0.213300 0.200200 0.122100 0.121200 0.089100 0.131400 0.096300 0.172600 0.148900 0.141000
GyrantGaze 0.101500 0.551600 0.177900 0.625100 0.119400 0.107500 0.160700 0.079600 0.184500 0.248000 0.155300 0.181100 0.175300 0.171100 0.110500 0.090300 0.284700 0.277100 0.191700 0.192200 0.068800 0.117700 0.269700 0.238300 0.134700 0.000000 0.161600 0.186700 0.112400 0.186800 0.239300 0.168100 0.317700 0.181100 0.140400 0.194900 0.134900 0.120700 0.079100 0.239900 0.270100 0.046100 0.245500 0.255500 0.191200 0.166500 0.074100 0.170900 0.139200 0.219100 0.195400 0.186600
Hartebeest 0.098600 0.529000 0.166700 0.639300 0.115900 0.104400 0.155800 0.132500 0.149700 0.260200 0.128500 0.152800 0.039900 0.165900 0.129900 0.166500 0.262300 0.229700 0.149100 0.168300 0.132900 0.108600 0.221900 0.231100 0.119700 0.161600 0.000000 0.163000 0.207700 0.164100 0.257500 0.162800 0.292400 0.039900 0.060500 0.165600 0.108800 0.128200 0.142900 0.207600 0.222100 0.141800 0.250500 0.235000 0.161700 0.149100 0.126900 0.153500 0.123200 0.200000 0.171100 0.162900
Bongo 0.130500 0.524700 0.047100 0.642100 0.125500 0.136800 0.161500 0.167600 0.020600 0.229200 0.150200 0.117500 0.158600 0.171900 0.140300 0.210600 0.251100 0.257300 0.185700 0.005100 0.155900 0.152700 0.236500 0.232300 0.141100 0.186700 0.163000 0.000000 0.208500 0.031700 0.239400 0.168800 0.289500 0.164300 0.159100 0.073700 0.147100 0.126600 0.178900 0.209000 0.236800 0.177400 0.219000 0.223800 0.080100 0.167300 0.149800 0.159700 0.133500 0.176300 0.026500 0.020800
Gerenuk 0.163600 0.611700 0.211800 0.641900 0.158700 0.170100 0.227000 0.140700 0.218500 0.271600 0.206500 0.221800 0.215800 0.237400 0.162300 0.134400 0.345200 0.337200 0.254200 0.214000 0.118100 0.180200 0.315400 0.294800 0.186000 0.112400 0.207700 0.208500 0.000000 0.208800 0.290500 0.235100 0.335600 0.214500 0.179700 0.217800 0.192600 0.172300 0.140100 0.290400 0.315800 0.116000 0.283300 0.298700 0.226900 0.228900 0.129500 0.212700 0.192300 0.274300 0.230400 0.221000
CommonElan 0.143000 0.518500 0.058100 0.639200 0.138000 0.149500 0.180600 0.174300 0.042000 0.242700 0.162700 0.129600 0.159600 0.191100 0.165700 0.198200 0.239500 0.245800 0.199800 0.036900 0.162500 0.159800 0.251500 0.259800 0.153700 0.186800 0.164100 0.031700 0.208800 0.000000 0.254700 0.175800 0.277600 0.177300 0.172000 0.096300 0.159900 0.139200 0.185600 0.210400 0.251900 0.177500 0.233800 0.250900 0.091700 0.181000 0.156300 0.166400 0.146400 0.177500 0.037500 0.031700
MuntiacusR 0.216100 0.552300 0.236300 0.708700 0.217400 0.223400 0.245000 0.232000 0.250000 0.049100 0.248500 0.259900 0.247100 0.255200 0.230100 0.299900 0.260400 0.259500 0.268000 0.245200 0.232300 0.226900 0.114200 0.199700 0.219900 0.239300 0.257500 0.239400 0.290500 0.254700 0.000000 0.261000 0.241700 0.280800 0.247900 0.234000 0.240500 0.206400 0.250800 0.151100 0.114400 0.227900 0.038500 0.166800 0.230400 0.260900 0.238800 0.286300 0.235200 0.233200 0.249500 0.239200
HarveysDui 0.102000 0.505600 0.178400 0.634400 0.131500 0.108000 0.036500 0.149500 0.166800 0.249900 0.144300 0.157900 0.176700 0.046700 0.134300 0.173200 0.225600 0.218600 0.179500 0.174200 0.150000 0.123800 0.209200 0.238900 0.123800 0.168100 0.162800 0.168800 0.235100 0.175800 0.261000 0.000000 0.264100 0.170500 0.129900 0.171200 0.123900 0.132700 0.160600 0.227000 0.209500 0.171100 0.239900 0.242900 0.167300 0.136000 0.120300 0.171600 0.098300 0.219900 0.183300 0.174600
Pronghorn 0.264500 0.566500 0.299700 0.700600 0.301300 0.272300 0.268000 0.309000 0.300000 0.258100 0.283700 0.267400 0.296200 0.292700 0.287300 0.322700 0.247200 0.253400 0.312000 0.288700 0.289100 0.275800 0.267100 0.317300 0.262000 0.317700 0.292400 0.289500 0.335600 0.277600 0.241700 0.264100 0.000000 0.338500 0.276700 0.276000 0.262500 0.290200 0.314500 0.262600 0.267500 0.318800 0.234200 0.292900 0.272800 0.268600 0.274200 0.309100 0.271300 0.249300 0.300300 0.289200
BlueWildeb 0.116200 0.536200 0.168000 0.663600 0.122600 0.122300 0.163400 0.151200 0.150800 0.283400 0.145700 0.165200 0.076300 0.173600 0.148900 0.180100 0.292200 0.258100 0.181100 0.169600 0.151700 0.125700 0.243900 0.239600 0.137000 0.181100 0.039900 0.164300 0.214500 0.177300 0.280800 0.170500 0.338500 0.000000 0.076900 0.178300 0.131600 0.135100 0.173600 0.247700 0.244000 0.160400 0.273700 0.256400 0.174500 0.175400 0.144600 0.179700 0.141900 0.232600 0.172400 0.164200
Gemsbok 0.078200 0.485700 0.162900 0.622900 0.106300 0.083900 0.123200 0.100500 0.157300 0.237400 0.097500 0.120800 0.071600 0.133400 0.097100 0.157000 0.240100 0.207800 0.151400 0.164400 0.111900 0.088300 0.187100 0.209400 0.088300 0.140400 0.060500 0.159100 0.179700 0.172000 0.247900 0.129900 0.276700 0.076900 0.000000 0.133000 0.099400 0.118500 0.133400 0.210400 0.187200 0.143700 0.227500 0.201100 0.128900 0.127500 0.089600 0.126200 0.090900 0.178900 0.167100 0.159000
Yak 0.116800 0.512300 0.111200 0.594300 0.128900 0.122800 0.164100 0.164300 0.094700 0.224100 0.135200 0.104200 0.154700 0.174300 0.137500 0.181300 0.246100 0.239400 0.169600 0.078800 0.152800 0.137600 0.205900 0.215400 0.126300 0.194900 0.165600 0.073700 0.217800 0.096300 0.234000 0.171200 0.276000 0.178300 0.133000 0.000000 0.137700 0.130000 0.187300 0.198300 0.206100 0.185600 0.214000 0.195100 0.015000 0.169800 0.146000 0.162100 0.130900 0.173000 0.091300 0.084600
BlueSheep 0.030400 0.518900 0.151000 0.649500 0.089200 0.035700 0.117300 0.095100 0.145500 0.243500 0.049800 0.114400 0.131200 0.127500 0.080100 0.139800 0.233100 0.213700 0.109600 0.152500 0.106500 0.030100 0.218300 0.215100 0.029700 0.134900 0.108800 0.147100 0.192600 0.159900 0.240500 0.123900 0.262500 0.131600 0.099400 0.137700 0.000000 0.101200 0.128000 0.203700 0.218600 0.126800 0.233700 0.219100 0.133700 0.109600 0.089100 0.137600 0.096400 0.172800 0.155000 0.147000
BohorReedb 0.079600 0.475600 0.130800 0.665100 0.031100 0.085500 0.125800 0.126100 0.125200 0.222600 0.121600 0.134600 0.141200 0.136200 0.099200 0.161000 0.245400 0.238200 0.142300 0.132000 0.126500 0.101100 0.230000 0.239100 0.101100 0.120700 0.128200 0.126600 0.172300 0.139200 0.206400 0.132700 0.290200 0.135100 0.118500 0.130000 0.101200 0.000000 0.137100 0.215100 0.230400 0.124100 0.212600 0.243100 0.125800 0.130300 0.108900 0.159400 0.092900 0.170600 0.122400 0.126500
KirksDik 0.095100 0.536100 0.158400 0.639300 0.124200 0.101000 0.153500 0.062600 0.176800 0.246400 0.148200 0.161800 0.156200 0.163800 0.115100 0.106300 0.268700 0.261400 0.183600 0.184300 0.062900 0.111000 0.254100 0.249200 0.127900 0.079100 0.142900 0.178900 0.140100 0.185600 0.250800 0.160600 0.314500 0.173600 0.133400 0.187300 0.128000 0.137100 0.000000 0.237700 0.254400 0.083200 0.243900 0.253200 0.183500 0.158900 0.068100 0.188100 0.132100 0.217500 0.181400 0.178800
RoeDeer 0.193100 0.570500 0.219000 0.633800 0.213200 0.199900 0.212800 0.220100 0.219200 0.154900 0.224100 0.221600 0.216700 0.222600 0.205300 0.257600 0.227200 0.220000 0.247200 0.214500 0.207800 0.215900 0.131400 0.137100 0.197000 0.239900 0.207600 0.209000 0.290400 0.210400 0.151100 0.227000 0.262600 0.247700 0.210400 0.198300 0.203700 0.215100 0.237700 0.000000 0.131600 0.229400 0.144800 0.108100 0.194500 0.233000 0.226500 0.243700 0.216600 0.221800 0.218100 0.208900
WhiteLippe 0.194700 0.523700 0.233800 0.651400 0.228300 0.201800 0.208900 0.222700 0.234100 0.106600 0.213900 0.230300 0.224800 0.219000 0.220400 0.289200 0.250400 0.236400 0.251300 0.242500 0.236500 0.218300 0.021500 0.166800 0.198700 0.270100 0.222100 0.236800 0.315800 0.251900 0.114400 0.209500 0.267500 0.244000 0.187200 0.206100 0.218600 0.230400 0.254400 0.131600 0.000000 0.258500 0.096200 0.147200 0.202300 0.236800 0.229400 0.247700 0.186000 0.237400 0.246800 0.236600
ThomsonGaz 0.094200 0.549600 0.168900 0.602700 0.111600 0.100000 0.163900 0.083700 0.175300 0.237100 0.135700 0.172200 0.154800 0.174100 0.125800 0.094300 0.286300 0.278900 0.181700 0.182800 0.073100 0.110000 0.258100 0.228000 0.126700 0.046100 0.141800 0.177400 0.116000 0.177500 0.227900 0.171100 0.318800 0.160400 0.143700 0.185600 0.126800 0.124100 0.083200 0.229400 0.258500 0.000000 0.234400 0.244900 0.181900 0.169600 0.078300 0.161800 0.142600 0.221200 0.185800 0.177300
MuntiacusC 0.209400 0.523100 0.229600 0.696800 0.210700 0.216700 0.224500 0.225000 0.229500 0.031400 0.241700 0.239500 0.240100 0.234700 0.222700 0.292400 0.239500 0.238700 0.274800 0.224700 0.225300 0.233300 0.096100 0.180600 0.213300 0.245500 0.250500 0.219000 0.283300 0.233800 0.038500 0.239900 0.234200 0.273700 0.227500 0.214000 0.233700 0.212600 0.243900 0.144800 0.096200 0.234400 0.000000 0.160500 0.210300 0.239400 0.231800 0.264400 0.214600 0.226400 0.228700 0.218800
WhiteTaile 0.196300 0.540000 0.233700 0.592700 0.241100 0.203000 0.228500 0.235600 0.234000 0.158500 0.227000 0.217900 0.237400 0.238200 0.195600 0.286800 0.242700 0.229500 0.242900 0.216600 0.210700 0.218900 0.147000 0.075300 0.200200 0.255500 0.235000 0.223800 0.298700 0.250900 0.166800 0.242900 0.292900 0.256400 0.201100 0.195100 0.219100 0.243100 0.253200 0.108100 0.147200 0.244900 0.160500 0.000000 0.197100 0.256500 0.210800 0.265900 0.219600 0.218000 0.246000 0.236400
Cattle 0.112500 0.500300 0.106900 0.609200 0.124700 0.118600 0.160100 0.160300 0.090300 0.233500 0.131200 0.099400 0.150800 0.170400 0.145200 0.177500 0.242600 0.235900 0.153200 0.085300 0.148800 0.133500 0.202000 0.217600 0.122100 0.191200 0.161700 0.080100 0.226900 0.091700 0.230400 0.167300 0.272800 0.174500 0.128900 0.015000 0.133700 0.125800 0.183500 0.194500 0.202300 0.181900 0.210300 0.197100 0.000000 0.165800 0.141900 0.158000 0.126600 0.169100 0.086700 0.080000
RoyalAntel 0.098900 0.512200 0.171200 0.678900 0.129100 0.105100 0.128900 0.147500 0.165300 0.249600 0.142300 0.156200 0.175300 0.127600 0.131900 0.184000 0.251900 0.244500 0.171400 0.172900 0.148000 0.121200 0.236400 0.252400 0.121200 0.166500 0.149100 0.167300 0.228900 0.181000 0.260900 0.136000 0.268600 0.175400 0.127500 0.169800 0.109600 0.130300 0.158900 0.233000 0.236800 0.169600 0.239400 0.256500 0.165800 0.000000 0.117700 0.144900 0.113200 0.219600 0.176000 0.167200
Steenbok 0.057500 0.495900 0.130100 0.626800 0.096500 0.063100 0.113700 0.057600 0.148000 0.234500 0.109300 0.127800 0.139000 0.124000 0.092900 0.101300 0.224900 0.217900 0.153800 0.143200 0.047000 0.072800 0.229100 0.206600 0.089100 0.074100 0.126900 0.149800 0.129500 0.156300 0.238800 0.120300 0.274200 0.144600 0.089600 0.146000 0.089100 0.108900 0.068100 0.226500 0.229400 0.078300 0.231800 0.210800 0.141900 0.117700 0.000000 0.146400 0.092400 0.176100 0.157800 0.149700
Impala 0.127000 0.605000 0.163600 0.689600 0.157900 0.121500 0.164100 0.170700 0.157900 0.274400 0.146500 0.160800 0.179600 0.168300 0.161400 0.188200 0.283500 0.275900 0.169000 0.165200 0.177300 0.149400 0.261400 0.256000 0.131400 0.170900 0.153500 0.159700 0.212700 0.166400 0.286300 0.171600 0.309100 0.179700 0.126200 0.162100 0.137600 0.159400 0.188100 0.243700 0.247700 0.161800 0.264400 0.265900 0.158000 0.144900 0.146400 0.000000 0.129900 0.236500 0.168100 0.159600
Klipspring 0.074700 0.469200 0.125800 0.628600 0.092000 0.080500 0.075100 0.121100 0.132000 0.224700 0.105600 0.129800 0.136200 0.096700 0.105700 0.168300 0.214400 0.220400 0.149600 0.138900 0.121500 0.096300 0.198800 0.202700 0.096300 0.139200 0.123200 0.133500 0.192300 0.146400 0.235200 0.098300 0.271300 0.141900 0.090900 0.130900 0.096400 0.092900 0.132100 0.216600 0.186000 0.142600 0.214600 0.219600 0.126600 0.113200 0.092400 0.129900 0.000000 0.165800 0.141300 0.121500
ForestMusk 0.162100 0.461900 0.192000 0.600300 0.169100 0.168600 0.193800 0.224700 0.186400 0.249600 0.169500 0.183400 0.190100 0.222300 0.197300 0.262200 0.213400 0.232100 0.231900 0.169600 0.200100 0.172600 0.250400 0.226100 0.172600 0.219100 0.200000 0.176300 0.274300 0.177500 0.233200 0.219900 0.249300 0.232600 0.178900 0.173000 0.172800 0.170600 0.217500 0.221800 0.237400 0.221200 0.226400 0.218000 0.169100 0.219600 0.176100 0.236500 0.165800 0.000000 0.172600 0.176200
Bushbuck 0.138100 0.522800 0.053100 0.650200 0.121300 0.144500 0.175700 0.175900 0.036900 0.252700 0.157900 0.124800 0.166700 0.186200 0.160700 0.219700 0.261100 0.267400 0.194700 0.031800 0.164000 0.160600 0.246500 0.254900 0.148900 0.195400 0.171100 0.026500 0.230400 0.037500 0.249500 0.183300 0.300300 0.172400 0.167100 0.091300 0.155000 0.122400 0.181400 0.218100 0.246800 0.185800 0.228700 0.246000 0.086700 0.176000 0.157800 0.168100 0.141300 0.172600 0.000000 0.026500
GreaterKud 0.130400 0.505300 0.036400 0.641300 0.125500 0.136700 0.155100 0.167500 0.030700 0.242400 0.150100 0.117400 0.158500 0.165500 0.152300 0.210400 0.250900 0.257100 0.185600 0.025900 0.155800 0.152600 0.236300 0.232000 0.141000 0.186600 0.162900 0.020800 0.221000 0.031700 0.239200 0.174600 0.289200 0.164200 0.159000 0.084600 0.147000 0.126500 0.178800 0.208900 0.236600 0.177300 0.218800 0.236400 0.080000 0.167200 0.149700 0.159600 0.121500 0.176200 0.026500 0.000000
