CODONML (in paml version 4.10.7, June 2023)  /home/rachel/ruminants_paml/6406-phy-tree/ENSBTAT00000028860.fasta.phy
Model: free dN/dS Ratios for branches,  kappa = 2.000 fixed

Codon frequency model: F3x4
ns =  54  ls =  19

Codon usage in sequences
--------------------------------------------------------------------------------------------------------------------------------------
Phe TTT   0   0   0   0   0   0 | Ser TCT   0   0   0   0   0   0 | Tyr TAT   0   0   0   0   0   0 | Cys TGT   0   0   0   0   0   0
    TTC   1   1   1   1   1   1 |     TCC   0   0   0   0   0   0 |     TAC   0   0   0   0   0   0 |     TGC   1   1   1   1   1   1
Leu TTA   0   0   0   0   0   0 |     TCA   0   0   0   0   0   0 | *** TAA   0   0   0   0   0   0 | *** TGA   0   0   0   0   0   0
    TTG   0   0   0   0   0   0 |     TCG   0   0   0   0   0   0 |     TAG   0   0   0   0   0   0 | Trp TGG   0   0   0   0   0   0
--------------------------------------------------------------------------------------------------------------------------------------
Leu CTT   0   0   0   0   0   0 | Pro CCT   0   0   0   0   0   0 | His CAT   0   0   0   0   0   0 | Arg CGT   0   0   0   0   0   0
    CTC   0   0   0   0   0   0 |     CCC   0   0   0   0   0   0 |     CAC   2   1   1   1   1   1 |     CGC   0   0   0   0   0   0
    CTA   0   0   0   0   0   0 |     CCA   0   0   0   0   0   0 | Gln CAA   0   0   0   0   0   0 |     CGA   0   0   0   0   0   0
    CTG   0   0   0   0   0   0 |     CCG   0   0   0   0   0   0 |     CAG   0   1   1   1   1   1 |     CGG   0   0   0   0   0   0
--------------------------------------------------------------------------------------------------------------------------------------
Ile ATT   0   0   0   0   0   0 | Thr ACT   1   1   1   1   1   1 | Asn AAT   2   0   2   2   1   0 | Ser AGT   0   0   0   0   0   0
    ATC   1   1   1   1   0   1 |     ACC   2   2   2   2   2   2 |     AAC   0   2   0   0   1   1 |     AGC   0   0   0   0   0   0
    ATA   0   0   0   0   0   0 |     ACA   1   1   1   1   1   1 | Lys AAA   1   1   1   1   1   1 | Arg AGA   1   1   1   1   1   1
Met ATG   0   0   0   0   0   0 |     ACG   1   1   1   1   1   1 |     AAG   1   1   1   1   1   1 |     AGG   0   0   0   0   0   0
--------------------------------------------------------------------------------------------------------------------------------------
Val GTT   0   0   0   0   0   0 | Ala GCT   0   0   0   0   0   1 | Asp GAT   0   0   0   0   0   1 | Gly GGT   0   0   0   0   0   0
    GTC   0   0   0   0   1   0 |     GCC   0   0   0   0   0   0 |     GAC   0   0   0   0   0   0 |     GGC   0   0   0   0   0   0
    GTA   0   0   0   0   0   0 |     GCA   2   2   2   2   2   1 | Glu GAA   0   0   0   0   0   0 |     GGA   1   1   1   1   1   1
    GTG   0   0   0   0   0   0 |     GCG   0   0   0   0   0   0 |     GAG   1   1   1   1   1   1 |     GGG   0   0   0   0   0   0
--------------------------------------------------------------------------------------------------------------------------------------

--------------------------------------------------------------------------------------------------------------------------------------
Phe TTT   0   0   1   0   0   0 | Ser TCT   0   0   0   0   0   0 | Tyr TAT   0   0   0   0   0   0 | Cys TGT   0   0   0   0   0   0
    TTC   1   1   0   1   1   1 |     TCC   0   0   0   0   0   0 |     TAC   0   0   0   0   0   0 |     TGC   1   1   1   1   1   1
Leu TTA   0   0   0   0   0   0 |     TCA   0   0   0   0   0   0 | *** TAA   0   0   0   0   0   0 | *** TGA   0   0   0   0   0   0
    TTG   0   0   0   0   0   0 |     TCG   0   0   0   0   0   0 |     TAG   0   0   0   0   0   0 | Trp TGG   0   0   0   0   0   0
--------------------------------------------------------------------------------------------------------------------------------------
Leu CTT   0   0   0   0   0   0 | Pro CCT   0   0   0   0   0   0 | His CAT   0   0   0   0   0   0 | Arg CGT   0   0   0   0   0   0
    CTC   0   0   0   0   0   0 |     CCC   0   0   0   0   0   0 |     CAC   1   2   1   1   1   1 |     CGC   0   0   0   0   0   0
    CTA   0   0   0   0   0   0 |     CCA   0   0   0   0   0   0 | Gln CAA   0   0   0   0   0   0 |     CGA   0   0   0   0   0   0
    CTG   0   0   0   0   0   0 |     CCG   0   0   0   0   0   0 |     CAG   1   0   1   1   1   1 |     CGG   0   0   0   0   0   0
--------------------------------------------------------------------------------------------------------------------------------------
Ile ATT   0   0   0   0   0   0 | Thr ACT   1   1   1   2   1   1 | Asn AAT   2   2   2   2   2   2 | Ser AGT   0   0   0   0   0   0
    ATC   1   1   1   1   1   1 |     ACC   2   2   2   2   2   2 |     AAC   0   0   0   0   0   0 |     AGC   0   0   0   0   0   0
    ATA   0   0   0   0   0   0 |     ACA   1   1   1   1   1   1 | Lys AAA   1   1   1   1   1   1 | Arg AGA   1   1   1   1   1   1
Met ATG   0   0   0   0   0   0 |     ACG   1   1   1   0   1   1 |     AAG   1   1   1   1   1   1 |     AGG   0   0   0   0   0   0
--------------------------------------------------------------------------------------------------------------------------------------
Val GTT   0   0   0   0   0   0 | Ala GCT   0   0   0   0   0   0 | Asp GAT   0   0   0   0   0   0 | Gly GGT   0   0   0   0   0   0
    GTC   0   0   0   0   0   0 |     GCC   0   0   0   0   0   0 |     GAC   0   0   1   0   0   0 |     GGC   0   0   0   0   0   0
    GTA   0   0   0   0   0   0 |     GCA   2   2   1   2   2   2 | Glu GAA   0   0   0   1   0   1 |     GGA   1   1   1   1   1   1
    GTG   0   0   0   0   0   0 |     GCG   0   0   1   0   0   0 |     GAG   1   1   0   0   1   0 |     GGG   0   0   0   0   0   0
--------------------------------------------------------------------------------------------------------------------------------------

--------------------------------------------------------------------------------------------------------------------------------------
Phe TTT   0   0   0   1   0   0 | Ser TCT   0   0   0   0   0   0 | Tyr TAT   0   0   0   0   0   0 | Cys TGT   0   0   0   0   0   0
    TTC   1   1   1   0   1   1 |     TCC   0   0   0   0   0   0 |     TAC   0   0   0   0   0   0 |     TGC   1   1   1   1   1   1
Leu TTA   0   0   0   0   0   0 |     TCA   0   0   0   0   0   0 | *** TAA   0   0   0   0   0   0 | *** TGA   0   0   0   0   0   0
    TTG   0   0   0   0   0   0 |     TCG   0   0   0   0   0   0 |     TAG   0   0   0   0   0   0 | Trp TGG   0   0   0   0   0   0
--------------------------------------------------------------------------------------------------------------------------------------
Leu CTT   0   0   0   0   0   0 | Pro CCT   0   0   0   0   0   0 | His CAT   0   0   0   0   0   0 | Arg CGT   0   0   0   0   0   0
    CTC   0   0   0   0   0   0 |     CCC   0   0   0   0   0   0 |     CAC   2   1   1   1   1   1 |     CGC   0   0   0   0   0   0
    CTA   0   0   0   0   0   0 |     CCA   0   0   0   0   0   0 | Gln CAA   0   0   0   0   0   0 |     CGA   0   0   0   0   0   0
    CTG   0   0   0   0   0   0 |     CCG   0   0   0   0   0   0 |     CAG   0   1   1   1   1   1 |     CGG   0   0   0   0   0   0
--------------------------------------------------------------------------------------------------------------------------------------
Ile ATT   0   0   0   0   0   0 | Thr ACT   1   1   1   1   1   2 | Asn AAT   2   2   2   2   2   1 | Ser AGT   0   0   0   0   0   0
    ATC   1   1   1   1   1   1 |     ACC   2   2   2   2   2   2 |     AAC   0   0   0   0   0   1 |     AGC   0   0   0   0   0   0
    ATA   0   0   0   0   0   0 |     ACA   1   1   1   1   1   1 | Lys AAA   1   1   1   1   1   1 | Arg AGA   1   1   1   1   1   1
Met ATG   0   0   0   0   0   0 |     ACG   1   1   1   1   1   0 |     AAG   1   1   1   1   1   1 |     AGG   0   0   0   0   0   0
--------------------------------------------------------------------------------------------------------------------------------------
Val GTT   0   0   0   0   0   0 | Ala GCT   0   0   0   0   0   0 | Asp GAT   0   0   0   0   0   0 | Gly GGT   0   0   0   0   0   0
    GTC   0   0   0   0   0   0 |     GCC   0   0   0   0   0   0 |     GAC   0   0   0   1   0   0 |     GGC   0   0   0   0   0   0
    GTA   0   0   0   0   0   0 |     GCA   2   2   2   1   2   2 | Glu GAA   0   0   0   0   0   0 |     GGA   1   1   1   1   1   1
    GTG   0   0   0   0   0   0 |     GCG   0   0   0   1   0   0 |     GAG   1   1   1   0   1   1 |     GGG   0   0   0   0   0   0
--------------------------------------------------------------------------------------------------------------------------------------

--------------------------------------------------------------------------------------------------------------------------------------
Phe TTT   0   0   0   0   0   0 | Ser TCT   0   0   0   0   0   0 | Tyr TAT   0   0   0   0   0   0 | Cys TGT   0   0   0   0   0   0
    TTC   1   1   1   1   1   1 |     TCC   0   0   0   0   0   0 |     TAC   0   0   0   0   0   0 |     TGC   1   1   1   1   1   1
Leu TTA   0   0   0   0   0   0 |     TCA   0   0   0   0   0   0 | *** TAA   0   0   0   0   0   0 | *** TGA   0   0   0   0   0   0
    TTG   0   0   0   0   0   0 |     TCG   0   0   0   0   0   0 |     TAG   0   0   0   0   0   0 | Trp TGG   0   0   0   0   0   0
--------------------------------------------------------------------------------------------------------------------------------------
Leu CTT   0   0   0   0   0   0 | Pro CCT   0   0   0   0   0   0 | His CAT   0   0   0   0   0   0 | Arg CGT   0   0   0   0   0   0
    CTC   0   0   0   0   0   0 |     CCC   0   0   0   0   0   0 |     CAC   1   1   2   1   1   2 |     CGC   0   0   0   0   0   0
    CTA   0   0   0   0   0   0 |     CCA   0   0   0   0   0   0 | Gln CAA   0   0   0   0   0   0 |     CGA   0   0   0   0   0   0
    CTG   0   0   0   0   0   0 |     CCG   0   0   0   0   0   0 |     CAG   1   1   0   1   1   0 |     CGG   0   0   0   0   0   0
--------------------------------------------------------------------------------------------------------------------------------------
Ile ATT   0   0   0   0   0   0 | Thr ACT   1   1   1   1   2   1 | Asn AAT   2   2   2   2   2   2 | Ser AGT   0   0   0   0   0   0
    ATC   1   1   1   1   1   1 |     ACC   2   2   2   2   2   2 |     AAC   0   0   0   0   0   0 |     AGC   0   0   0   0   0   0
    ATA   0   0   0   0   0   0 |     ACA   1   1   1   1   1   1 | Lys AAA   1   1   1   1   1   1 | Arg AGA   1   1   1   1   1   1
Met ATG   0   0   0   0   0   0 |     ACG   1   1   1   1   0   1 |     AAG   1   1   1   1   1   1 |     AGG   0   0   0   0   0   0
--------------------------------------------------------------------------------------------------------------------------------------
Val GTT   0   0   0   0   0   0 | Ala GCT   0   0   0   0   0   0 | Asp GAT   0   0   0   0   0   0 | Gly GGT   0   0   0   0   0   0
    GTC   0   0   0   0   0   0 |     GCC   0   0   0   0   0   0 |     GAC   0   0   0   0   0   0 |     GGC   0   0   0   0   0   0
    GTA   0   0   0   0   0   0 |     GCA   2   2   2   2   2   2 | Glu GAA   0   0   0   0   0   0 |     GGA   1   1   1   1   1   1
    GTG   0   0   0   0   0   0 |     GCG   0   0   0   0   0   0 |     GAG   1   1   1   1   1   1 |     GGG   0   0   0   0   0   0
--------------------------------------------------------------------------------------------------------------------------------------

--------------------------------------------------------------------------------------------------------------------------------------
Phe TTT   0   0   0   0   0   0 | Ser TCT   0   0   0   0   0   0 | Tyr TAT   0   0   0   0   0   0 | Cys TGT   0   0   0   0   0   0
    TTC   1   1   1   1   1   1 |     TCC   0   0   0   0   0   0 |     TAC   0   0   0   0   0   0 |     TGC   1   1   1   1   1   1
Leu TTA   0   0   0   0   0   0 |     TCA   0   0   0   0   0   0 | *** TAA   0   0   0   0   0   0 | *** TGA   0   0   0   0   0   0
    TTG   0   0   0   0   0   0 |     TCG   0   0   0   0   0   0 |     TAG   0   0   0   0   0   0 | Trp TGG   0   0   0   0   0   0
--------------------------------------------------------------------------------------------------------------------------------------
Leu CTT   0   0   0   0   0   0 | Pro CCT   0   0   0   0   0   0 | His CAT   0   0   0   0   0   0 | Arg CGT   0   0   0   0   0   0
    CTC   0   0   0   0   0   0 |     CCC   0   0   0   0   0   0 |     CAC   1   1   2   1   1   1 |     CGC   0   0   0   0   0   0
    CTA   0   0   0   0   0   0 |     CCA   0   0   0   0   0   0 | Gln CAA   1   0   0   0   0   0 |     CGA   0   0   0   0   0   0
    CTG   0   0   0   0   0   0 |     CCG   0   0   0   0   0   0 |     CAG   0   1   0   1   1   1 |     CGG   0   0   0   0   0   0
--------------------------------------------------------------------------------------------------------------------------------------
Ile ATT   0   0   0   0   0   0 | Thr ACT   2   1   1   2   1   1 | Asn AAT   2   2   2   2   2   2 | Ser AGT   0   0   0   0   0   0
    ATC   1   1   1   1   1   1 |     ACC   2   2   2   2   2   2 |     AAC   0   0   0   0   0   0 |     AGC   0   0   0   0   0   0
    ATA   0   0   0   0   0   0 |     ACA   1   1   1   1   1   1 | Lys AAA   1   1   1   1   1   1 | Arg AGA   1   1   1   1   1   1
Met ATG   0   0   0   0   0   0 |     ACG   0   1   1   0   1   1 |     AAG   1   1   1   1   1   1 |     AGG   0   0   0   0   0   0
--------------------------------------------------------------------------------------------------------------------------------------
Val GTT   0   0   0   0   0   0 | Ala GCT   0   0   0   0   0   0 | Asp GAT   0   0   0   0   0   0 | Gly GGT   0   0   0   0   0   0
    GTC   0   0   0   0   0   0 |     GCC   0   0   0   0   0   0 |     GAC   0   0   0   0   0   0 |     GGC   0   0   0   0   0   0
    GTA   0   0   0   0   0   0 |     GCA   2   2   2   2   2   2 | Glu GAA   0   0   0   0   0   0 |     GGA   1   1   1   1   1   1
    GTG   0   0   0   0   0   0 |     GCG   0   0   0   0   0   0 |     GAG   1   1   1   1   1   1 |     GGG   0   0   0   0   0   0
--------------------------------------------------------------------------------------------------------------------------------------

--------------------------------------------------------------------------------------------------------------------------------------
Phe TTT   0   0   0   1   0   0 | Ser TCT   0   0   0   0   0   0 | Tyr TAT   0   0   0   0   0   0 | Cys TGT   0   0   0   0   0   0
    TTC   1   1   1   0   1   1 |     TCC   0   0   0   0   0   0 |     TAC   0   0   0   0   0   0 |     TGC   1   1   1   1   1   1
Leu TTA   0   0   0   0   0   0 |     TCA   0   0   0   0   0   0 | *** TAA   0   0   0   0   0   0 | *** TGA   0   0   0   0   0   0
    TTG   0   0   0   0   0   0 |     TCG   0   0   0   0   0   0 |     TAG   0   0   0   0   0   0 | Trp TGG   0   0   0   0   0   0
--------------------------------------------------------------------------------------------------------------------------------------
Leu CTT   0   0   0   0   0   0 | Pro CCT   0   0   0   0   0   0 | His CAT   0   0   0   0   0   0 | Arg CGT   0   0   0   0   0   0
    CTC   0   0   0   0   0   0 |     CCC   0   0   0   0   0   0 |     CAC   1   1   1   1   1   1 |     CGC   0   0   0   0   0   0
    CTA   0   0   0   0   0   0 |     CCA   0   0   0   0   0   0 | Gln CAA   0   0   0   0   0   0 |     CGA   0   0   0   0   0   0
    CTG   0   0   0   0   0   0 |     CCG   0   0   0   0   0   0 |     CAG   1   1   1   1   1   1 |     CGG   0   0   0   0   0   0
--------------------------------------------------------------------------------------------------------------------------------------
Ile ATT   0   0   0   0   0   0 | Thr ACT   2   1   1   1   1   1 | Asn AAT   2   2   2   2   2   2 | Ser AGT   0   0   0   0   0   0
    ATC   1   1   1   1   1   1 |     ACC   2   2   2   2   2   2 |     AAC   0   0   0   0   0   0 |     AGC   0   0   0   0   0   0
    ATA   0   0   0   0   0   0 |     ACA   1   1   1   1   1   1 | Lys AAA   1   1   1   1   1   1 | Arg AGA   1   1   1   1   1   1
Met ATG   0   0   0   0   0   0 |     ACG   0   1   1   1   1   1 |     AAG   1   1   1   1   1   1 |     AGG   0   0   0   0   0   0
--------------------------------------------------------------------------------------------------------------------------------------
Val GTT   0   0   0   0   0   0 | Ala GCT   0   0   0   0   0   0 | Asp GAT   0   0   0   0   0   0 | Gly GGT   0   0   0   0   0   0
    GTC   0   0   0   0   0   0 |     GCC   0   0   0   0   0   0 |     GAC   0   0   0   1   0   0 |     GGC   0   0   0   0   0   0
    GTA   0   0   0   0   0   0 |     GCA   2   2   2   1   2   2 | Glu GAA   0   0   1   0   0   0 |     GGA   1   1   1   1   1   1
    GTG   0   0   0   0   0   0 |     GCG   0   0   0   1   0   0 |     GAG   1   1   0   0   1   1 |     GGG   0   0   0   0   0   0
--------------------------------------------------------------------------------------------------------------------------------------

--------------------------------------------------------------------------------------------------------------------------------------
Phe TTT   0   0   0   0   0   0 | Ser TCT   0   0   0   0   0   0 | Tyr TAT   0   0   0   0   0   0 | Cys TGT   0   0   0   0   0   0
    TTC   1   1   1   1   1   1 |     TCC   0   0   0   0   0   0 |     TAC   0   0   0   0   0   0 |     TGC   1   1   1   1   1   1
Leu TTA   0   0   0   0   0   0 |     TCA   0   0   0   0   0   0 | *** TAA   0   0   0   0   0   0 | *** TGA   0   0   0   0   0   0
    TTG   0   0   0   0   0   0 |     TCG   0   0   0   0   0   0 |     TAG   0   0   0   0   0   0 | Trp TGG   0   0   0   0   0   0
--------------------------------------------------------------------------------------------------------------------------------------
Leu CTT   0   0   0   0   0   0 | Pro CCT   0   0   0   0   0   0 | His CAT   0   0   0   0   0   0 | Arg CGT   0   0   0   0   0   0
    CTC   0   0   0   0   0   0 |     CCC   0   0   0   0   0   0 |     CAC   1   1   2   1   1   1 |     CGC   0   0   0   0   0   0
    CTA   0   0   0   0   0   0 |     CCA   0   0   0   0   0   0 | Gln CAA   0   0   0   0   0   0 |     CGA   0   0   0   0   0   0
    CTG   0   0   0   0   0   0 |     CCG   0   0   0   0   0   0 |     CAG   1   1   0   1   1   1 |     CGG   0   0   0   0   0   0
--------------------------------------------------------------------------------------------------------------------------------------
Ile ATT   0   0   0   0   0   0 | Thr ACT   1   1   1   1   2   1 | Asn AAT   2   2   2   2   2   2 | Ser AGT   0   0   0   0   0   0
    ATC   1   1   1   1   1   1 |     ACC   2   2   2   2   2   2 |     AAC   0   0   0   0   0   0 |     AGC   0   0   0   0   0   0
    ATA   0   0   0   0   0   0 |     ACA   1   0   1   1   1   1 | Lys AAA   1   1   1   1   1   1 | Arg AGA   1   1   1   1   1   1
Met ATG   0   0   0   0   0   0 |     ACG   1   2   1   1   0   1 |     AAG   1   1   1   1   1   1 |     AGG   0   0   0   0   0   0
--------------------------------------------------------------------------------------------------------------------------------------
Val GTT   0   0   0   0   0   0 | Ala GCT   0   0   0   0   0   0 | Asp GAT   0   0   0   0   0   0 | Gly GGT   0   0   0   0   0   0
    GTC   0   0   0   0   0   0 |     GCC   0   0   0   0   0   0 |     GAC   0   0   0   0   0   0 |     GGC   0   0   0   0   0   0
    GTA   0   0   0   0   0   0 |     GCA   2   2   2   2   2   2 | Glu GAA   0   0   0   0   0   0 |     GGA   1   1   1   1   1   1
    GTG   0   0   0   0   0   0 |     GCG   0   0   0   0   0   0 |     GAG   1   1   1   1   1   1 |     GGG   0   0   0   0   0   0
--------------------------------------------------------------------------------------------------------------------------------------

--------------------------------------------------------------------------------------------------------------------------------------
Phe TTT   0   0   0   0   0   0 | Ser TCT   0   0   0   0   0   0 | Tyr TAT   0   0   0   0   0   0 | Cys TGT   0   0   0   0   0   0
    TTC   1   1   1   1   1   1 |     TCC   0   0   0   0   0   0 |     TAC   0   0   0   0   0   0 |     TGC   1   1   1   1   1   1
Leu TTA   0   0   0   0   0   0 |     TCA   0   0   0   0   0   0 | *** TAA   0   0   0   0   0   0 | *** TGA   0   0   0   0   0   0
    TTG   0   0   0   0   0   0 |     TCG   0   0   0   0   0   0 |     TAG   0   0   0   0   0   0 | Trp TGG   0   0   0   0   0   0
--------------------------------------------------------------------------------------------------------------------------------------
Leu CTT   0   0   0   0   0   0 | Pro CCT   0   0   0   0   0   0 | His CAT   0   0   0   0   0   0 | Arg CGT   0   0   0   0   0   0
    CTC   0   0   0   0   0   0 |     CCC   0   0   0   0   0   0 |     CAC   1   1   1   1   1   1 |     CGC   0   0   0   0   0   0
    CTA   0   0   0   0   0   0 |     CCA   0   0   0   0   0   0 | Gln CAA   1   0   0   0   0   0 |     CGA   0   1   0   0   0   0
    CTG   0   0   0   0   0   0 |     CCG   0   0   0   0   0   0 |     CAG   0   1   1   1   1   1 |     CGG   0   0   0   0   0   0
--------------------------------------------------------------------------------------------------------------------------------------
Ile ATT   0   0   0   0   0   0 | Thr ACT   2   2   1   1   1   1 | Asn AAT   2   0   2   2   2   2 | Ser AGT   0   0   0   0   0   0
    ATC   1   1   1   1   1   1 |     ACC   2   2   2   2   2   2 |     AAC   0   2   0   0   0   0 |     AGC   0   0   0   0   0   0
    ATA   0   0   0   0   0   0 |     ACA   1   1   1   1   0   1 | Lys AAA   1   1   1   1   1   1 | Arg AGA   1   0   1   1   1   1
Met ATG   0   0   0   0   0   0 |     ACG   0   0   1   1   2   1 |     AAG   1   1   1   1   1   1 |     AGG   0   0   0   0   0   0
--------------------------------------------------------------------------------------------------------------------------------------
Val GTT   0   0   0   0   0   0 | Ala GCT   0   0   0   0   0   0 | Asp GAT   0   0   0   0   0   0 | Gly GGT   0   0   0   0   0   0
    GTC   0   0   0   0   0   0 |     GCC   0   0   0   0   0   0 |     GAC   0   0   0   0   0   0 |     GGC   0   0   0   0   0   0
    GTA   0   0   0   0   0   0 |     GCA   2   2   2   2   2   2 | Glu GAA   0   0   1   0   0   0 |     GGA   1   1   1   1   1   1
    GTG   0   0   0   0   0   0 |     GCG   0   0   0   0   0   0 |     GAG   1   1   0   1   1   1 |     GGG   0   0   0   0   0   0
--------------------------------------------------------------------------------------------------------------------------------------

--------------------------------------------------------------------------------------------------------------------------------------
Phe TTT   0   0   0   0   0   0 | Ser TCT   0   0   0   0   0   0 | Tyr TAT   0   0   0   0   0   0 | Cys TGT   0   0   0   0   0   0
    TTC   1   1   1   1   1   1 |     TCC   0   0   0   0   0   0 |     TAC   0   0   0   0   0   0 |     TGC   1   1   1   1   1   1
Leu TTA   0   0   0   0   0   0 |     TCA   0   0   0   0   0   0 | *** TAA   0   0   0   0   0   0 | *** TGA   0   0   0   0   0   0
    TTG   0   0   0   0   0   0 |     TCG   0   0   0   0   0   0 |     TAG   0   0   0   0   0   0 | Trp TGG   0   0   0   0   0   0
--------------------------------------------------------------------------------------------------------------------------------------
Leu CTT   0   0   0   0   0   0 | Pro CCT   0   0   0   0   0   0 | His CAT   0   0   0   0   0   0 | Arg CGT   0   0   0   0   0   0
    CTC   0   0   0   0   0   0 |     CCC   0   0   0   0   0   0 |     CAC   1   1   1   1   1   1 |     CGC   0   0   0   0   0   0
    CTA   0   0   0   0   0   0 |     CCA   0   0   0   0   0   0 | Gln CAA   0   0   0   0   0   0 |     CGA   0   0   0   0   0   0
    CTG   0   0   0   0   0   0 |     CCG   0   0   0   0   0   0 |     CAG   1   1   1   1   1   1 |     CGG   0   0   0   0   0   0
--------------------------------------------------------------------------------------------------------------------------------------
Ile ATT   0   0   0   0   0   0 | Thr ACT   2   1   1   1   1   1 | Asn AAT   2   2   2   2   2   2 | Ser AGT   0   0   0   0   0   0
    ATC   1   1   1   1   1   1 |     ACC   2   2   2   2   2   2 |     AAC   0   0   0   0   0   0 |     AGC   0   0   0   0   0   0
    ATA   0   0   0   0   0   0 |     ACA   1   1   1   1   1   1 | Lys AAA   1   1   1   1   1   1 | Arg AGA   1   1   1   1   1   1
Met ATG   0   0   0   0   0   0 |     ACG   0   1   1   1   1   1 |     AAG   1   1   1   1   1   1 |     AGG   0   0   0   0   0   0
--------------------------------------------------------------------------------------------------------------------------------------
Val GTT   0   0   0   0   0   0 | Ala GCT   0   0   0   0   0   0 | Asp GAT   0   0   0   0   0   0 | Gly GGT   0   0   0   0   0   0
    GTC   0   0   0   0   0   0 |     GCC   0   0   0   0   0   0 |     GAC   0   0   0   0   0   0 |     GGC   0   0   0   0   0   0
    GTA   0   0   0   0   0   0 |     GCA   2   2   2   2   2   2 | Glu GAA   0   0   0   0   0   0 |     GGA   1   1   1   1   1   1
    GTG   0   0   0   0   0   0 |     GCG   0   0   0   0   0   0 |     GAG   1   1   1   1   1   1 |     GGG   0   0   0   0   0   0
--------------------------------------------------------------------------------------------------------------------------------------

Codon position x base (3x4) table for each sequence.

#1: Argali         
position  1:    T:0.10526    C:0.10526    A:0.57895    G:0.21053
position  2:    T:0.10526    C:0.36842    A:0.36842    G:0.15789
position  3:    T:0.15789    C:0.36842    A:0.31579    G:0.15789
Average         T:0.12281    C:0.28070    A:0.42105    G:0.17544

#2: LesserMouseDeer
position  1:    T:0.10526    C:0.10526    A:0.57895    G:0.21053
position  2:    T:0.10526    C:0.36842    A:0.36842    G:0.15789
position  3:    T:0.05263    C:0.42105    A:0.31579    G:0.21053
Average         T:0.08772    C:0.29825    A:0.42105    G:0.19298

#3: LesserKudu     
position  1:    T:0.10526    C:0.10526    A:0.57895    G:0.21053
position  2:    T:0.10526    C:0.36842    A:0.36842    G:0.15789
position  3:    T:0.15789    C:0.31579    A:0.31579    G:0.21053
Average         T:0.12281    C:0.26316    A:0.42105    G:0.19298

#4: ForestMuskDeer2
position  1:    T:0.10526    C:0.10526    A:0.57895    G:0.21053
position  2:    T:0.10526    C:0.36842    A:0.36842    G:0.15789
position  3:    T:0.15789    C:0.31579    A:0.31579    G:0.21053
Average         T:0.12281    C:0.26316    A:0.42105    G:0.19298

#5: Camel          
position  1:    T:0.10526    C:0.10526    A:0.52632    G:0.26316
position  2:    T:0.10526    C:0.36842    A:0.36842    G:0.15789
position  3:    T:0.10526    C:0.36842    A:0.31579    G:0.21053
Average         T:0.10526    C:0.28070    A:0.40351    G:0.21053

#6: KillerWhale    
position  1:    T:0.10526    C:0.10526    A:0.52632    G:0.26316
position  2:    T:0.10526    C:0.36842    A:0.36842    G:0.15789
position  3:    T:0.15789    C:0.36842    A:0.26316    G:0.21053
Average         T:0.12281    C:0.28070    A:0.38596    G:0.21053

#7: DefassaWaterbuck
position  1:    T:0.10526    C:0.10526    A:0.57895    G:0.21053
position  2:    T:0.10526    C:0.36842    A:0.36842    G:0.15789
position  3:    T:0.15789    C:0.31579    A:0.31579    G:0.21053
Average         T:0.12281    C:0.26316    A:0.42105    G:0.19298

#8: Sheep          
position  1:    T:0.10526    C:0.10526    A:0.57895    G:0.21053
position  2:    T:0.10526    C:0.36842    A:0.36842    G:0.15789
position  3:    T:0.15789    C:0.36842    A:0.31579    G:0.15789
Average         T:0.12281    C:0.28070    A:0.42105    G:0.17544

#9: MaxwellsDuiker 
position  1:    T:0.10526    C:0.10526    A:0.57895    G:0.21053
position  2:    T:0.10526    C:0.36842    A:0.36842    G:0.15789
position  3:    T:0.21053    C:0.31579    A:0.26316    G:0.21053
Average         T:0.14035    C:0.26316    A:0.40351    G:0.19298

#10: GazellaPrzewalskyi
position  1:    T:0.10526    C:0.10526    A:0.57895    G:0.21053
position  2:    T:0.10526    C:0.36842    A:0.36842    G:0.15789
position  3:    T:0.21053    C:0.31579    A:0.36842    G:0.10526
Average         T:0.14035    C:0.26316    A:0.43860    G:0.15789

#11: MountainNyala  
position  1:    T:0.10526    C:0.10526    A:0.57895    G:0.21053
position  2:    T:0.10526    C:0.36842    A:0.36842    G:0.15789
position  3:    T:0.15789    C:0.31579    A:0.31579    G:0.21053
Average         T:0.12281    C:0.26316    A:0.42105    G:0.19298

#12: MuntiacusMuntjak
position  1:    T:0.10526    C:0.10526    A:0.57895    G:0.21053
position  2:    T:0.10526    C:0.36842    A:0.36842    G:0.15789
position  3:    T:0.15789    C:0.31579    A:0.36842    G:0.15789
Average         T:0.12281    C:0.26316    A:0.43860    G:0.17544

#13: goat           
position  1:    T:0.10526    C:0.10526    A:0.57895    G:0.21053
position  2:    T:0.10526    C:0.36842    A:0.36842    G:0.15789
position  3:    T:0.15789    C:0.36842    A:0.31579    G:0.15789
Average         T:0.12281    C:0.28070    A:0.42105    G:0.17544

#14: AfricanBuffalo 
position  1:    T:0.10526    C:0.10526    A:0.57895    G:0.21053
position  2:    T:0.10526    C:0.36842    A:0.36842    G:0.15789
position  3:    T:0.15789    C:0.31579    A:0.31579    G:0.21053
Average         T:0.12281    C:0.26316    A:0.42105    G:0.19298

#15: Topi           
position  1:    T:0.10526    C:0.10526    A:0.57895    G:0.21053
position  2:    T:0.10526    C:0.36842    A:0.36842    G:0.15789
position  3:    T:0.15789    C:0.31579    A:0.31579    G:0.21053
Average         T:0.12281    C:0.26316    A:0.42105    G:0.19298

#16: CommonDuiker   
position  1:    T:0.10526    C:0.10526    A:0.57895    G:0.21053
position  2:    T:0.10526    C:0.36842    A:0.36842    G:0.15789
position  3:    T:0.21053    C:0.31579    A:0.26316    G:0.21053
Average         T:0.14035    C:0.26316    A:0.40351    G:0.19298

#17: Suni           
position  1:    T:0.10526    C:0.10526    A:0.57895    G:0.21053
position  2:    T:0.10526    C:0.36842    A:0.36842    G:0.15789
position  3:    T:0.15789    C:0.31579    A:0.31579    G:0.21053
Average         T:0.12281    C:0.26316    A:0.42105    G:0.19298

#18: Springbuck     
position  1:    T:0.10526    C:0.10526    A:0.57895    G:0.21053
position  2:    T:0.10526    C:0.36842    A:0.36842    G:0.15789
position  3:    T:0.15789    C:0.36842    A:0.31579    G:0.15789
Average         T:0.12281    C:0.28070    A:0.42105    G:0.17544

#19: Okapi          
position  1:    T:0.10526    C:0.10526    A:0.57895    G:0.21053
position  2:    T:0.10526    C:0.36842    A:0.36842    G:0.15789
position  3:    T:0.15789    C:0.31579    A:0.31579    G:0.21053
Average         T:0.12281    C:0.26316    A:0.42105    G:0.19298

#20: Giraffe        
position  1:    T:0.10526    C:0.10526    A:0.57895    G:0.21053
position  2:    T:0.10526    C:0.36842    A:0.36842    G:0.15789
position  3:    T:0.15789    C:0.31579    A:0.31579    G:0.21053
Average         T:0.12281    C:0.26316    A:0.42105    G:0.19298

#21: TibetanAntelope
position  1:    T:0.10526    C:0.10526    A:0.57895    G:0.21053
position  2:    T:0.10526    C:0.36842    A:0.36842    G:0.15789
position  3:    T:0.15789    C:0.36842    A:0.31579    G:0.15789
Average         T:0.12281    C:0.28070    A:0.42105    G:0.17544

#22: Sitatunga      
position  1:    T:0.10526    C:0.10526    A:0.57895    G:0.21053
position  2:    T:0.10526    C:0.36842    A:0.36842    G:0.15789
position  3:    T:0.15789    C:0.31579    A:0.31579    G:0.21053
Average         T:0.12281    C:0.26316    A:0.42105    G:0.19298

#23: Oribi          
position  1:    T:0.10526    C:0.10526    A:0.57895    G:0.21053
position  2:    T:0.10526    C:0.36842    A:0.36842    G:0.15789
position  3:    T:0.21053    C:0.31579    A:0.31579    G:0.15789
Average         T:0.14035    C:0.26316    A:0.42105    G:0.17544

#24: BarbarySheep   
position  1:    T:0.10526    C:0.10526    A:0.57895    G:0.21053
position  2:    T:0.10526    C:0.36842    A:0.36842    G:0.15789
position  3:    T:0.15789    C:0.36842    A:0.31579    G:0.15789
Average         T:0.12281    C:0.28070    A:0.42105    G:0.17544

#25: Daviddeer      
position  1:    T:0.10526    C:0.10526    A:0.57895    G:0.21053
position  2:    T:0.10526    C:0.36842    A:0.36842    G:0.15789
position  3:    T:0.21053    C:0.31579    A:0.36842    G:0.10526
Average         T:0.14035    C:0.26316    A:0.43860    G:0.15789

#26: Reindeer       
position  1:    T:0.10526    C:0.10526    A:0.57895    G:0.21053
position  2:    T:0.10526    C:0.36842    A:0.36842    G:0.15789
position  3:    T:0.15789    C:0.31579    A:0.31579    G:0.21053
Average         T:0.12281    C:0.26316    A:0.42105    G:0.19298

#27: Ibex           
position  1:    T:0.10526    C:0.10526    A:0.57895    G:0.21053
position  2:    T:0.10526    C:0.36842    A:0.36842    G:0.15789
position  3:    T:0.15789    C:0.36842    A:0.31579    G:0.15789
Average         T:0.12281    C:0.28070    A:0.42105    G:0.17544

#28: GyrantGazelle  
position  1:    T:0.10526    C:0.10526    A:0.57895    G:0.21053
position  2:    T:0.10526    C:0.36842    A:0.36842    G:0.15789
position  3:    T:0.21053    C:0.31579    A:0.31579    G:0.15789
Average         T:0.14035    C:0.26316    A:0.42105    G:0.17544

#29: Hartebeest     
position  1:    T:0.10526    C:0.10526    A:0.57895    G:0.21053
position  2:    T:0.10526    C:0.36842    A:0.36842    G:0.15789
position  3:    T:0.15789    C:0.31579    A:0.31579    G:0.21053
Average         T:0.12281    C:0.26316    A:0.42105    G:0.19298

#30: Bongo          
position  1:    T:0.10526    C:0.10526    A:0.57895    G:0.21053
position  2:    T:0.10526    C:0.36842    A:0.36842    G:0.15789
position  3:    T:0.15789    C:0.31579    A:0.31579    G:0.21053
Average         T:0.12281    C:0.26316    A:0.42105    G:0.19298

#31: Gerenuk        
position  1:    T:0.10526    C:0.10526    A:0.57895    G:0.21053
position  2:    T:0.10526    C:0.36842    A:0.36842    G:0.15789
position  3:    T:0.21053    C:0.31579    A:0.31579    G:0.15789
Average         T:0.14035    C:0.26316    A:0.42105    G:0.17544

#32: CommonEland    
position  1:    T:0.10526    C:0.10526    A:0.57895    G:0.21053
position  2:    T:0.10526    C:0.36842    A:0.36842    G:0.15789
position  3:    T:0.15789    C:0.31579    A:0.31579    G:0.21053
Average         T:0.12281    C:0.26316    A:0.42105    G:0.19298

#33: MuntiacusReevesi
position  1:    T:0.10526    C:0.10526    A:0.57895    G:0.21053
position  2:    T:0.10526    C:0.36842    A:0.36842    G:0.15789
position  3:    T:0.15789    C:0.31579    A:0.36842    G:0.15789
Average         T:0.12281    C:0.26316    A:0.43860    G:0.17544

#34: HarveysDuiker  
position  1:    T:0.10526    C:0.10526    A:0.57895    G:0.21053
position  2:    T:0.10526    C:0.36842    A:0.36842    G:0.15789
position  3:    T:0.21053    C:0.31579    A:0.26316    G:0.21053
Average         T:0.14035    C:0.26316    A:0.40351    G:0.19298

#35: Pronghorn      
position  1:    T:0.10526    C:0.10526    A:0.57895    G:0.21053
position  2:    T:0.10526    C:0.36842    A:0.36842    G:0.15789
position  3:    T:0.15789    C:0.31579    A:0.31579    G:0.21053
Average         T:0.12281    C:0.26316    A:0.42105    G:0.19298

#36: BlueWildebeest 
position  1:    T:0.10526    C:0.10526    A:0.57895    G:0.21053
position  2:    T:0.10526    C:0.36842    A:0.36842    G:0.15789
position  3:    T:0.15789    C:0.31579    A:0.31579    G:0.21053
Average         T:0.12281    C:0.26316    A:0.42105    G:0.19298

#37: Gemsbok        
position  1:    T:0.10526    C:0.10526    A:0.57895    G:0.21053
position  2:    T:0.10526    C:0.36842    A:0.36842    G:0.15789
position  3:    T:0.15789    C:0.31579    A:0.31579    G:0.21053
Average         T:0.12281    C:0.26316    A:0.42105    G:0.19298

#38: Yak            
position  1:    T:0.10526    C:0.10526    A:0.57895    G:0.21053
position  2:    T:0.10526    C:0.36842    A:0.36842    G:0.15789
position  3:    T:0.15789    C:0.31579    A:0.26316    G:0.26316
Average         T:0.12281    C:0.26316    A:0.40351    G:0.21053

#39: BlueSheep      
position  1:    T:0.10526    C:0.10526    A:0.57895    G:0.21053
position  2:    T:0.10526    C:0.36842    A:0.36842    G:0.15789
position  3:    T:0.15789    C:0.36842    A:0.31579    G:0.15789
Average         T:0.12281    C:0.28070    A:0.42105    G:0.17544

#40: BohorReedbuck  
position  1:    T:0.10526    C:0.10526    A:0.57895    G:0.21053
position  2:    T:0.10526    C:0.36842    A:0.36842    G:0.15789
position  3:    T:0.15789    C:0.31579    A:0.31579    G:0.21053
Average         T:0.12281    C:0.26316    A:0.42105    G:0.19298

#41: KirksDik       
position  1:    T:0.10526    C:0.10526    A:0.57895    G:0.21053
position  2:    T:0.10526    C:0.36842    A:0.36842    G:0.15789
position  3:    T:0.21053    C:0.31579    A:0.31579    G:0.15789
Average         T:0.14035    C:0.26316    A:0.42105    G:0.17544

#42: RoeDeer        
position  1:    T:0.10526    C:0.10526    A:0.57895    G:0.21053
position  2:    T:0.10526    C:0.36842    A:0.36842    G:0.15789
position  3:    T:0.15789    C:0.31579    A:0.31579    G:0.21053
Average         T:0.12281    C:0.26316    A:0.42105    G:0.19298

#43: WhiteLippedDeer
position  1:    T:0.10526    C:0.10526    A:0.57895    G:0.21053
position  2:    T:0.10526    C:0.36842    A:0.36842    G:0.15789
position  3:    T:0.21053    C:0.31579    A:0.36842    G:0.10526
Average         T:0.14035    C:0.26316    A:0.43860    G:0.15789

#44: ThomsonGazelle 
position  1:    T:0.10526    C:0.15789    A:0.52632    G:0.21053
position  2:    T:0.10526    C:0.36842    A:0.36842    G:0.15789
position  3:    T:0.10526    C:0.42105    A:0.31579    G:0.15789
Average         T:0.10526    C:0.31579    A:0.40351    G:0.17544

#45: MuntiacusCrinifrons
position  1:    T:0.10526    C:0.10526    A:0.57895    G:0.21053
position  2:    T:0.10526    C:0.36842    A:0.36842    G:0.15789
position  3:    T:0.15789    C:0.31579    A:0.36842    G:0.15789
Average         T:0.12281    C:0.26316    A:0.43860    G:0.17544

#46: WhiteTailedDeer
position  1:    T:0.10526    C:0.10526    A:0.57895    G:0.21053
position  2:    T:0.10526    C:0.36842    A:0.36842    G:0.15789
position  3:    T:0.15789    C:0.31579    A:0.31579    G:0.21053
Average         T:0.12281    C:0.26316    A:0.42105    G:0.19298

#47: Cattle         
position  1:    T:0.10526    C:0.10526    A:0.57895    G:0.21053
position  2:    T:0.10526    C:0.36842    A:0.36842    G:0.15789
position  3:    T:0.15789    C:0.31579    A:0.26316    G:0.26316
Average         T:0.12281    C:0.26316    A:0.40351    G:0.21053

#48: RoyalAntelope  
position  1:    T:0.10526    C:0.10526    A:0.57895    G:0.21053
position  2:    T:0.10526    C:0.36842    A:0.36842    G:0.15789
position  3:    T:0.15789    C:0.31579    A:0.31579    G:0.21053
Average         T:0.12281    C:0.26316    A:0.42105    G:0.19298

#49: Steenbok       
position  1:    T:0.10526    C:0.10526    A:0.57895    G:0.21053
position  2:    T:0.10526    C:0.36842    A:0.36842    G:0.15789
position  3:    T:0.21053    C:0.31579    A:0.31579    G:0.15789
Average         T:0.14035    C:0.26316    A:0.42105    G:0.17544

#50: Impala         
position  1:    T:0.10526    C:0.10526    A:0.57895    G:0.21053
position  2:    T:0.10526    C:0.36842    A:0.36842    G:0.15789
position  3:    T:0.15789    C:0.31579    A:0.31579    G:0.21053
Average         T:0.12281    C:0.26316    A:0.42105    G:0.19298

#51: Klipspringer   
position  1:    T:0.10526    C:0.10526    A:0.57895    G:0.21053
position  2:    T:0.10526    C:0.36842    A:0.36842    G:0.15789
