1
52 1
Argali 0.000000 0.257900 0.078600 0.278200 0.061200 0.011800 0.061000 0.078900 0.087700 0.107900 0.056900 0.073800 0.073200 0.078400 0.091100 0.093000 0.125100 0.094100 0.066000 0.087500 0.109600 0.035900 0.111600 0.120600 0.040000 0.083000 0.060600 0.078800 0.105000 0.074000 0.108100 0.069700 0.122900 0.077400 0.043900 0.098300 0.044200 0.065700 0.082700 0.111600 0.103600 0.087500 0.095000 0.125200 0.107600 0.077900 0.065600 0.100100 0.088200 0.113800 0.078700 0.082900
LesserMous 0.257900 0.000000 0.257700 0.261600 0.265400 0.258000 0.239600 0.263300 0.252200 0.254900 0.256500 0.238600 0.258700 0.247000 0.287600 0.261800 0.289300 0.261500 0.265200 0.240500 0.273900 0.237800 0.261800 0.273500 0.248100 0.255800 0.248100 0.241400 0.268400 0.250300 0.259600 0.236500 0.322700 0.259400 0.231600 0.238600 0.239400 0.250200 0.261000 0.295400 0.264200 0.263400 0.254200 0.279100 0.261300 0.249600 0.272300 0.260700 0.260500 0.268400 0.241000 0.251600
LesserKudu 0.078600 0.257700 0.000000 0.284500 0.066500 0.074300 0.049400 0.058600 0.032900 0.078700 0.062500 0.053600 0.070200 0.066800 0.070700 0.090400 0.113700 0.091400 0.071700 0.041200 0.098200 0.057600 0.082800 0.091700 0.061800 0.080300 0.057500 0.032900 0.093600 0.028500 0.079200 0.058100 0.124200 0.074600 0.057300 0.082600 0.057600 0.058200 0.079900 0.091200 0.074800 0.084800 0.074900 0.096300 0.083100 0.066400 0.071200 0.071000 0.059000 0.111500 0.032800 0.028600
KillerWhal 0.278200 0.261600 0.284500 0.000000 0.291400 0.273400 0.275800 0.295600 0.277900 0.275400 0.287400 0.243000 0.289500 0.288700 0.314200 0.299900 0.282900 0.259800 0.269000 0.266300 0.310800 0.263300 0.271700 0.293900 0.280100 0.289600 0.278800 0.266400 0.295200 0.260500 0.269500 0.288600 0.309900 0.279400 0.283800 0.274600 0.258900 0.293200 0.287800 0.272600 0.285300 0.284600 0.269400 0.305800 0.276300 0.286000 0.288000 0.272000 0.304800 0.288500 0.265900 0.278200
DefassaWat 0.061200 0.265400 0.066500 0.291400 0.000000 0.065400 0.057500 0.066800 0.066700 0.078600 0.066500 0.070100 0.078400 0.075000 0.061700 0.107900 0.103800 0.082000 0.080100 0.066500 0.106500 0.061600 0.082000 0.090800 0.048800 0.097500 0.065600 0.058000 0.092900 0.061800 0.078400 0.066300 0.110300 0.082700 0.065400 0.099100 0.061500 0.032400 0.088100 0.090200 0.074000 0.102200 0.074100 0.095200 0.099700 0.057400 0.070700 0.096900 0.071700 0.101400 0.057900 0.062100
Sheep 0.011800 0.258000 0.074300 0.273400 0.065400 0.000000 0.056900 0.074600 0.083400 0.102600 0.053000 0.069600 0.069000 0.074100 0.086900 0.097600 0.120900 0.089900 0.061800 0.083200 0.114200 0.031900 0.107300 0.116300 0.035900 0.087500 0.056500 0.074600 0.100700 0.069800 0.103800 0.065500 0.127500 0.073200 0.048100 0.094100 0.040100 0.069900 0.087100 0.107200 0.099300 0.092100 0.090000 0.120900 0.103300 0.082300 0.061400 0.095800 0.083800 0.109400 0.074500 0.078700
MaxwellsDu 0.061000 0.239600 0.049400 0.275800 0.057500 0.056900 0.000000 0.041000 0.058200 0.078000 0.036700 0.053200 0.056600 0.016000 0.061800 0.071600 0.086600 0.073500 0.062500 0.058000 0.083800 0.040500 0.082200 0.091000 0.036300 0.066200 0.043900 0.049500 0.075000 0.053400 0.078600 0.008000 0.110100 0.060800 0.040300 0.082000 0.032200 0.049300 0.053300 0.090500 0.074200 0.070700 0.074300 0.095500 0.082400 0.057400 0.053300 0.079200 0.058500 0.101600 0.049500 0.053700
GazellaPrz 0.078900 0.263300 0.058600 0.295600 0.066800 0.074600 0.041000 0.000000 0.067600 0.087700 0.054100 0.071100 0.074300 0.058200 0.071200 0.072100 0.114200 0.091800 0.080900 0.067400 0.075600 0.057900 0.091900 0.099400 0.053500 0.066700 0.061300 0.058800 0.075500 0.062600 0.088300 0.045400 0.121100 0.078800 0.057600 0.100400 0.049300 0.058400 0.062300 0.100300 0.083900 0.071200 0.084000 0.105500 0.101000 0.066700 0.053800 0.088900 0.068000 0.121200 0.058700 0.062900
MountainNy 0.087700 0.252200 0.032900 0.277900 0.066700 0.083400 0.058200 0.067600 0.000000 0.079600 0.062600 0.045300 0.074800 0.075900 0.066500 0.100000 0.113900 0.091600 0.080900 0.016300 0.093700 0.066500 0.083000 0.087500 0.070700 0.088900 0.062000 0.024500 0.103200 0.036800 0.079400 0.066000 0.125300 0.079300 0.066100 0.082800 0.066500 0.058300 0.089200 0.091500 0.075000 0.085200 0.075100 0.096500 0.074500 0.071000 0.080400 0.080200 0.063700 0.111700 0.024500 0.028700
MuntiacusM 0.107900 0.254900 0.078700 0.275400 0.078600 0.102600 0.078000 0.087700 0.079600 0.000000 0.091800 0.083000 0.099200 0.096100 0.087300 0.130400 0.094700 0.077400 0.105800 0.079500 0.101300 0.086500 0.044200 0.052500 0.090700 0.119200 0.077300 0.070800 0.114700 0.074600 0.024100 0.087100 0.123600 0.086100 0.077300 0.103500 0.086400 0.070300 0.100800 0.068700 0.040400 0.114900 0.012000 0.056700 0.104000 0.086600 0.100800 0.082700 0.070900 0.132900 0.070700 0.075000
goat 0.056900 0.256500 0.062500 0.287400 0.066500 0.053000 0.036700 0.054100 0.062600 0.091800 0.000000 0.066400 0.053100 0.053800 0.075100 0.076800 0.109100 0.087000 0.058500 0.062500 0.093100 0.036500 0.095700 0.100200 0.024200 0.075800 0.040600 0.053900 0.088900 0.066600 0.092100 0.045200 0.115600 0.057300 0.044600 0.078200 0.028300 0.053800 0.066700 0.100000 0.087700 0.080300 0.087800 0.109300 0.078600 0.066200 0.066700 0.088400 0.072000 0.097800 0.053800 0.066900
AfricanBuf 0.073800 0.238600 0.053600 0.243000 0.070100 0.069600 0.053200 0.071100 0.045300 0.083000 0.066400 0.000000 0.074000 0.070600 0.087500 0.094200 0.108100 0.086200 0.075500 0.053600 0.101900 0.053000 0.086300 0.095100 0.065600 0.084000 0.061300 0.045200 0.097400 0.040700 0.082700 0.062000 0.110100 0.078400 0.061100 0.077500 0.061400 0.061800 0.083700 0.086000 0.078400 0.071100 0.078500 0.099600 0.069400 0.078800 0.075100 0.083600 0.067300 0.105800 0.045100 0.049300
Topi 0.073200 0.258700 0.070200 0.289500 0.078400 0.069000 0.056600 0.074300 0.074800 0.099200 0.053100 0.074000 0.000000 0.073900 0.091500 0.097600 0.120500 0.094400 0.066300 0.074700 0.109600 0.040300 0.103200 0.103300 0.056700 0.096000 0.019800 0.066100 0.109500 0.074300 0.099700 0.065300 0.132300 0.044100 0.052300 0.090000 0.044300 0.070100 0.087100 0.103100 0.095200 0.100800 0.095400 0.116800 0.090500 0.061200 0.087100 0.100400 0.079700 0.105200 0.066000 0.074600
CommonDuik 0.078400 0.247000 0.066800 0.288700 0.075000 0.074100 0.016000 0.058200 0.075900 0.096100 0.053800 0.070600 0.073900 0.000000 0.079500 0.080900 0.104600 0.091200 0.080300 0.075800 0.093300 0.057500 0.100100 0.109200 0.053100 0.075300 0.061100 0.067000 0.084300 0.070900 0.096600 0.024300 0.129100 0.078400 0.057200 0.099800 0.049000 0.066600 0.062100 0.108600 0.092100 0.079900 0.092200 0.113800 0.100300 0.074900 0.062200 0.097300 0.076400 0.120400 0.066900 0.071200
Suni 0.091100 0.287600 0.070700 0.314200 0.061700 0.086900 0.061800 0.071200 0.066500 0.087300 0.075100 0.087500 0.091500 0.079500 0.000000 0.112600 0.112700 0.081900 0.097900 0.066400 0.106700 0.078800 0.090700 0.095300 0.065700 0.093000 0.078500 0.066300 0.097700 0.070100 0.087100 0.070700 0.133200 0.087200 0.078300 0.116900 0.070100 0.057600 0.092500 0.095600 0.087100 0.088800 0.074100 0.099800 0.117500 0.074600 0.066100 0.101400 0.085000 0.119400 0.066200 0.070500
Springbuck 0.093000 0.261800 0.090400 0.299900 0.107900 0.097600 0.071600 0.072100 0.100000 0.130400 0.076800 0.094200 0.097600 0.080900 0.112600 0.000000 0.147900 0.124500 0.095500 0.099800 0.081000 0.080400 0.133900 0.142600 0.075800 0.045800 0.084200 0.090700 0.063100 0.094500 0.130500 0.080800 0.160700 0.102300 0.071100 0.115300 0.071600 0.099300 0.071800 0.143600 0.125700 0.050200 0.125900 0.148500 0.120500 0.089600 0.085200 0.122100 0.105200 0.132200 0.090600 0.095000
Okapi 0.125100 0.289300 0.113700 0.282900 0.103800 0.120900 0.086600 0.114200 0.113900 0.094700 0.109100 0.108100 0.120500 0.104600 0.112700 0.147900 0.000000 0.051700 0.123100 0.109200 0.146100 0.103700 0.089500 0.102500 0.107900 0.136800 0.107100 0.104800 0.132200 0.099600 0.098900 0.095700 0.126100 0.115900 0.102700 0.128700 0.103600 0.095400 0.122500 0.128500 0.098900 0.132400 0.090100 0.107000 0.129400 0.103800 0.118100 0.135900 0.114300 0.131400 0.104600 0.108900
Giraffe 0.094100 0.261500 0.091400 0.259800 0.082000 0.089900 0.073500 0.091800 0.091600 0.077400 0.087000 0.086200 0.094400 0.091200 0.081900 0.124500 0.051700 0.000000 0.100600 0.091400 0.122800 0.081900 0.072400 0.080900 0.086000 0.104900 0.081600 0.074200 0.109300 0.077800 0.077200 0.082400 0.108500 0.090100 0.081300 0.106500 0.081800 0.073700 0.104400 0.106500 0.077200 0.100600 0.064600 0.085300 0.107000 0.082000 0.086900 0.113000 0.096800 0.108700 0.074100 0.086800
TibetanAnt 0.066000 0.265200 0.071700 0.269000 0.080100 0.061800 0.062500 0.080900 0.080900 0.105800 0.058500 0.075500 0.066300 0.080300 0.097900 0.095500 0.123100 0.100600 0.000000 0.080800 0.117100 0.045200 0.109600 0.109900 0.045100 0.094100 0.053500 0.071900 0.107700 0.075800 0.106100 0.071400 0.125600 0.070700 0.061800 0.100500 0.045200 0.075900 0.093600 0.114200 0.101500 0.098800 0.101700 0.114600 0.101100 0.088400 0.093700 0.089000 0.090500 0.107300 0.071800 0.076100
Sitatunga 0.087500 0.240500 0.041200 0.266300 0.066500 0.083200 0.058000 0.067400 0.016300 0.079500 0.062500 0.053600 0.074700 0.075800 0.066400 0.099800 0.109200 0.091400 0.080800 0.000000 0.102500 0.066400 0.082800 0.087300 0.070600 0.088600 0.061900 0.024400 0.102900 0.036800 0.079200 0.065600 0.124600 0.079200 0.066000 0.082600 0.066400 0.058200 0.088900 0.090700 0.074800 0.094000 0.074900 0.096300 0.083000 0.070800 0.080200 0.080000 0.063600 0.111400 0.016200 0.028600
Oribi 0.109600 0.273900 0.098200 0.310800 0.106500 0.114200 0.083800 0.075600 0.093700 0.101300 0.093100 0.101900 0.109600 0.093300 0.106700 0.081000 0.146100 0.122800 0.117100 0.102500 0.000000 0.097000 0.105100 0.108400 0.096800 0.075400 0.096300 0.093600 0.084400 0.102200 0.101600 0.093100 0.163600 0.105300 0.078900 0.131900 0.092500 0.097900 0.075300 0.104900 0.101600 0.062500 0.097200 0.118900 0.123400 0.079500 0.088600 0.102300 0.094600 0.154000 0.093400 0.093700
BarbaryShe 0.035900 0.237800 0.057600 0.263300 0.061600 0.031900 0.040500 0.057900 0.066500 0.086500 0.036500 0.053000 0.040300 0.057500 0.078800 0.080400 0.103700 0.081900 0.045200 0.066400 0.097000 0.000000 0.090500 0.099400 0.036100 0.079400 0.032100 0.057800 0.092500 0.053300 0.086900 0.049000 0.110100 0.048500 0.031900 0.073300 0.028000 0.057500 0.070300 0.090300 0.082500 0.083900 0.082600 0.103900 0.082200 0.065600 0.061900 0.087500 0.066900 0.096800 0.057800 0.061900
Daviddeer 0.111600 0.261800 0.082800 0.271700 0.082000 0.107300 0.082200 0.091900 0.083000 0.044200 0.095700 0.086300 0.103200 0.100100 0.090700 0.133900 0.089500 0.072400 0.109600 0.082800 0.105100 0.090500 0.000000 0.056100 0.094600 0.123000 0.090300 0.074200 0.127600 0.069400 0.044100 0.091200 0.117600 0.098900 0.072900 0.106700 0.090500 0.073700 0.087000 0.072500 0.035900 0.118700 0.040000 0.060300 0.107200 0.090700 0.104600 0.086900 0.079300 0.135900 0.074100 0.078400
Reindeer 0.120600 0.273500 0.091700 0.293900 0.090800 0.116300 0.091000 0.099400 0.087500 0.052500 0.100200 0.095100 0.103300 0.109200 0.095300 0.142600 0.102500 0.080900 0.109900 0.087300 0.108400 0.099400 0.056100 0.000000 0.103500 0.131300 0.090300 0.078600 0.135900 0.086700 0.052400 0.100200 0.126900 0.099000 0.090100 0.115600 0.099300 0.082400 0.112700 0.064800 0.052400 0.126900 0.048200 0.011800 0.116200 0.090800 0.112700 0.095800 0.088300 0.127100 0.078500 0.087200
Ibex 0.040000 0.248100 0.061800 0.280100 0.048800 0.035900 0.036300 0.053500 0.070700 0.090700 0.024200 0.065600 0.056700 0.053100 0.065700 0.075800 0.107900 0.086000 0.045100 0.070600 0.096800 0.036100 0.094600 0.103500 0.000000 0.074800 0.044200 0.062000 0.079100 0.065800 0.091000 0.044700 0.118900 0.060900 0.048000 0.090200 0.019900 0.053200 0.065900 0.103100 0.086600 0.079300 0.086700 0.108000 0.090600 0.069700 0.057400 0.083100 0.071100 0.079000 0.061900 0.066100
GyrantGaze 0.083000 0.255800 0.080300 0.289600 0.097500 0.087500 0.066200 0.066700 0.088900 0.119200 0.075800 0.084000 0.096000 0.075300 0.093000 0.045800 0.136800 0.104900 0.094100 0.088600 0.075400 0.079400 0.123000 0.131300 0.074800 0.000000 0.082700 0.080500 0.057900 0.084300 0.119500 0.075200 0.148800 0.100600 0.070200 0.113700 0.062100 0.088900 0.066400 0.123000 0.114900 0.028500 0.105900 0.137200 0.114300 0.079500 0.070800 0.102200 0.094500 0.135000 0.080400 0.084700
Hartebeest 0.060600 0.248100 0.057500 0.278800 0.065600 0.056500 0.043900 0.061300 0.062000 0.077300 0.040600 0.061300 0.019800 0.061100 0.078500 0.084200 0.107100 0.081600 0.053500 0.061900 0.096300 0.032100 0.090300 0.090300 0.044200 0.082700 0.000000 0.053400 0.087300 0.061500 0.086700 0.052500 0.118700 0.032000 0.040000 0.085800 0.040200 0.057400 0.074000 0.089900 0.082300 0.087400 0.082400 0.103600 0.086200 0.048700 0.074100 0.087300 0.066800 0.100900 0.053300 0.061800
Bongo 0.078800 0.241400 0.032900 0.266400 0.058000 0.074600 0.049500 0.058800 0.024500 0.070800 0.053900 0.045200 0.066100 0.067000 0.066300 0.090700 0.104800 0.074200 0.071900 0.024400 0.093600 0.057800 0.074200 0.078600 0.062000 0.080500 0.053400 0.000000 0.094000 0.028500 0.070600 0.058300 0.115900 0.070500 0.057500 0.074000 0.057800 0.049700 0.080200 0.082500 0.066300 0.085100 0.066300 0.087500 0.074400 0.062200 0.071500 0.071300 0.054900 0.102400 0.008100 0.028600
Gerenuk 0.105000 0.268400 0.093600 0.295200 0.092900 0.100700 0.075000 0.075500 0.103200 0.114700 0.088900 0.097400 0.109500 0.084300 0.097700 0.063100 0.132200 0.109300 0.107700 0.102900 0.084400 0.092500 0.127600 0.135900 0.079100 0.057900 0.087300 0.094000 0.000000 0.097700 0.124200 0.084100 0.144100 0.105200 0.092000 0.127100 0.083600 0.102400 0.083600 0.136800 0.124200 0.053800 0.119600 0.141800 0.127800 0.083900 0.066600 0.115800 0.108300 0.130100 0.093800 0.089200
CommonElan 0.074000 0.250300 0.028500 0.260500 0.061800 0.069800 0.053400 0.062600 0.036800 0.074600 0.066600 0.040700 0.074300 0.070900 0.070100 0.094500 0.099600 0.077800 0.075800 0.036800 0.102200 0.053300 0.069400 0.086700 0.065800 0.084300 0.061500 0.028500 0.097700 0.000000 0.074400 0.062100 0.110400 0.078700 0.061300 0.077800 0.061700 0.053500 0.083900 0.077400 0.069900 0.088900 0.070100 0.091200 0.078200 0.070400 0.066600 0.075100 0.050200 0.106100 0.028400 0.032500
MuntiacusR 0.108100 0.259600 0.079200 0.269500 0.078400 0.103800 0.078600 0.088300 0.079400 0.024100 0.092100 0.082700 0.099700 0.096600 0.087100 0.130500 0.098900 0.077200 0.106100 0.079200 0.101600 0.086900 0.044100 0.052400 0.091000 0.119500 0.086700 0.070600 0.124200 0.074400 0.000000 0.087700 0.123200 0.086800 0.077800 0.103200 0.086900 0.070100 0.101000 0.060200 0.040300 0.115200 0.020000 0.056600 0.103700 0.087100 0.101100 0.083300 0.075700 0.132600 0.070500 0.074700
HarveysDui 0.069700 0.236500 0.058100 0.288600 0.066300 0.065500 0.008000 0.045400 0.066000 0.087100 0.045200 0.062000 0.065300 0.024300 0.070700 0.080800 0.095700 0.082400 0.071400 0.065600 0.093100 0.049000 0.091200 0.100200 0.044700 0.075200 0.052500 0.058300 0.084100 0.062100 0.087700 0.000000 0.119700 0.069600 0.048700 0.091000 0.040600 0.058000 0.062000 0.099600 0.083200 0.079800 0.083300 0.104700 0.091500 0.066200 0.062100 0.088300 0.067500 0.101600 0.058200 0.062500
Pronghorn 0.122900 0.322700 0.124200 0.309900 0.110300 0.127500 0.110100 0.121100 0.125300 0.123600 0.115600 0.110100 0.132300 0.129100 0.133200 0.160700 0.126100 0.108500 0.125600 0.124600 0.163600 0.110100 0.117600 0.126900 0.118900 0.148800 0.118700 0.115900 0.144100 0.110400 0.123200 0.119700 0.000000 0.127800 0.104900 0.130700 0.118900 0.101700 0.143500 0.136200 0.123200 0.144300 0.118700 0.131600 0.131400 0.128600 0.134400 0.147800 0.136000 0.152100 0.115700 0.120100
BlueWildeb 0.077400 0.259400 0.074600 0.279400 0.082700 0.073200 0.060800 0.078800 0.079300 0.086100 0.057300 0.078400 0.044100 0.078400 0.087200 0.102300 0.115900 0.090100 0.070700 0.079200 0.105300 0.048500 0.098900 0.099000 0.060900 0.100600 0.032000 0.070500 0.105200 0.078700 0.086800 0.069600 0.127800 0.000000 0.056500 0.103000 0.056800 0.074400 0.091500 0.098600 0.095400 0.096300 0.082500 0.112400 0.103600 0.065500 0.091600 0.096100 0.084300 0.109800 0.070400 0.079000
Gemsbok 0.043900 0.231600 0.057300 0.283800 0.065400 0.048100 0.040300 0.057600 0.066100 0.077300 0.044600 0.061100 0.052300 0.057200 0.078300 0.071100 0.102700 0.081300 0.061800 0.066000 0.078900 0.031900 0.072900 0.090100 0.048000 0.070200 0.040000 0.057500 0.092000 0.061300 0.077800 0.048700 0.104900 0.056500 0.000000 0.077000 0.040100 0.057100 0.061400 0.089400 0.073500 0.074700 0.073600 0.094500 0.085900 0.056800 0.070000 0.078400 0.057900 0.100500 0.057400 0.061600
Yak 0.098300 0.238600 0.082600 0.274600 0.099100 0.094100 0.082000 0.100400 0.082800 0.103500 0.078200 0.077500 0.090000 0.099800 0.116900 0.115300 0.128700 0.106500 0.100500 0.082600 0.131900 0.073300 0.106700 0.115600 0.090200 0.113700 0.085800 0.074000 0.127100 0.077800 0.103200 0.091000 0.130700 0.103000 0.077000 0.000000 0.077400 0.077800 0.104400 0.106400 0.098800 0.118300 0.098900 0.120200 0.023400 0.108000 0.113200 0.078000 0.096800 0.104100 0.073900 0.078100
BlueSheep 0.044200 0.239400 0.057600 0.258900 0.061500 0.040100 0.032200 0.049300 0.066500 0.086400 0.028300 0.061400 0.044300 0.049000 0.070100 0.071600 0.103600 0.081800 0.045200 0.066400 0.092500 0.028000 0.090500 0.099300 0.019900 0.062100 0.040200 0.057800 0.083600 0.061700 0.086900 0.040600 0.118900 0.056800 0.040100 0.077400 0.000000 0.057100 0.061700 0.090100 0.082500 0.075100 0.082600 0.103900 0.077800 0.065600 0.061800 0.070300 0.066900 0.092300 0.057700 0.061900
BohorReedb 0.065700 0.250200 0.058200 0.293200 0.032400 0.069900 0.049300 0.058400 0.058300 0.070300 0.053800 0.061800 0.070100 0.066600 0.057600 0.099300 0.095400 0.073700 0.075900 0.058200 0.097900 0.057500 0.073700 0.082400 0.053200 0.088900 0.057400 0.049700 0.102400 0.053500 0.070100 0.058000 0.101700 0.074400 0.057100 0.077800 0.057100 0.000000 0.079700 0.081900 0.065800 0.093600 0.065800 0.086900 0.078300 0.057600 0.071000 0.084000 0.063200 0.101800 0.049600 0.053800
KirksDik 0.082700 0.261000 0.079900 0.287800 0.088100 0.087100 0.053300 0.062300 0.089200 0.100800 0.066700 0.083700 0.087100 0.062100 0.092500 0.071800 0.122500 0.104400 0.093600 0.088900 0.075300 0.070300 0.087000 0.112700 0.065900 0.066400 0.074000 0.080200 0.083600 0.083900 0.101000 0.062000 0.143500 0.091500 0.061400 0.104400 0.061700 0.079700 0.000000 0.113500 0.087800 0.070800 0.096700 0.118400 0.104900 0.074700 0.066000 0.101800 0.080400 0.134300 0.080000 0.084300
RoeDeer 0.111600 0.295400 0.091200 0.272600 0.090200 0.107200 0.090500 0.100300 0.091500 0.068700 0.100000 0.086000 0.103100 0.108600 0.095600 0.143600 0.128500 0.106500 0.114200 0.090700 0.104900 0.090300 0.072500 0.064800 0.103100 0.123000 0.089900 0.082500 0.136800 0.077400 0.060200 0.099600 0.136200 0.098600 0.089400 0.106400 0.090100 0.081900 0.113500 0.000000 0.068900 0.127300 0.064600 0.069200 0.107000 0.090300 0.104500 0.077600 0.087800 0.136400 0.082300 0.086600
WhiteLippe 0.103600 0.264200 0.074800 0.285300 0.074000 0.099300 0.074200 0.083900 0.075000 0.040400 0.087700 0.078400 0.095200 0.092100 0.087100 0.125700 0.098900 0.077200 0.101500 0.074800 0.101600 0.082500 0.035900 0.052400 0.086600 0.114900 0.082300 0.066300 0.124200 0.069900 0.040300 0.083200 0.123200 0.095400 0.073500 0.098800 0.082500 0.065800 0.087800 0.068900 0.000000 0.115300 0.036200 0.056600 0.099300 0.082700 0.087800 0.083300 0.071300 0.132600 0.066100 0.070400
ThomsonGaz 0.087500 0.263400 0.084800 0.284600 0.102200 0.092100 0.070700 0.071200 0.085200 0.114900 0.080300 0.071100 0.100800 0.079900 0.088800 0.050200 0.132400 0.100600 0.098800 0.094000 0.062500 0.083900 0.118700 0.126900 0.079300 0.028500 0.087400 0.085100 0.053800 0.088900 0.115200 0.079800 0.144300 0.096300 0.074700 0.118300 0.075100 0.093600 0.070800 0.127300 0.115300 0.000000 0.101700 0.132800 0.109900 0.084100 0.075300 0.106900 0.099300 0.130400 0.085000 0.089400
MuntiacusC 0.095000 0.254200 0.074900 0.269400 0.074100 0.090000 0.074300 0.084000 0.075100 0.012000 0.087800 0.078500 0.095400 0.092200 0.074100 0.125900 0.090100 0.064600 0.101700 0.074900 0.097200 0.082600 0.040000 0.048200 0.086700 0.105900 0.082400 0.066300 0.119600 0.070100 0.020000 0.083300 0.118700 0.082500 0.073600 0.098900 0.082600 0.065800 0.096700 0.064600 0.036200 0.101700 0.000000 0.052400 0.099400 0.082800 0.087800 0.079000 0.066900 0.128000 0.066200 0.070500
WhiteTaile 0.125200 0.279100 0.096300 0.305800 0.095200 0.120900 0.095500 0.105500 0.096500 0.056700 0.109300 0.099600 0.116800 0.113800 0.099800 0.148500 0.107000 0.085300 0.114600 0.096300 0.118900 0.103900 0.060300 0.011800 0.108000 0.137200 0.103600 0.087500 0.141800 0.091200 0.056600 0.104700 0.131600 0.112400 0.094500 0.120200 0.103900 0.086900 0.118400 0.069200 0.056600 0.132800 0.052400 0.000000 0.120800 0.104100 0.118400 0.095800 0.092800 0.131900 0.087400 0.091700
Cattle 0.107600 0.261300 0.083100 0.276300 0.099700 0.103300 0.082400 0.101000 0.074500 0.104000 0.078600 0.069400 0.090500 0.100300 0.117500 0.120500 0.129400 0.107000 0.101100 0.083000 0.123400 0.082200 0.107200 0.116200 0.090600 0.114300 0.086200 0.074400 0.127800 0.078200 0.103700 0.091500 0.131400 0.103600 0.085900 0.023400 0.077800 0.078300 0.104900 0.107000 0.099300 0.109900 0.099400 0.120800 0.000000 0.108600 0.113900 0.078500 0.097300 0.113700 0.074300 0.078500
RoyalAntel 0.077900 0.249600 0.066400 0.286000 0.057400 0.082300 0.057400 0.066700 0.071000 0.086600 0.066200 0.078800 0.061200 0.074900 0.074600 0.089600 0.103800 0.082000 0.088400 0.070800 0.079500 0.065600 0.090700 0.090800 0.069700 0.079500 0.048700 0.062200 0.083900 0.070400 0.087100 0.066200 0.128600 0.065500 0.056800 0.108000 0.065600 0.057600 0.074700 0.090300 0.082700 0.084100 0.082800 0.104100 0.108600 0.000000 0.070600 0.096600 0.062700 0.133100 0.062100 0.070700
Steenbok 0.065600 0.272300 0.071200 0.288000 0.070700 0.061400 0.053300 0.053800 0.080400 0.100800 0.066700 0.075100 0.087100 0.062200 0.066100 0.085200 0.118100 0.086900 0.093700 0.080200 0.088600 0.061900 0.104600 0.112700 0.057400 0.070800 0.074100 0.071500 0.066600 0.066600 0.101100 0.062100 0.134400 0.091600 0.070000 0.113200 0.061800 0.071000 0.066000 0.104500 0.087800 0.075300 0.087800 0.118400 0.113900 0.070600 0.000000 0.101800 0.080800 0.125000 0.071300 0.075600
Impala 0.100100 0.260700 0.071000 0.272000 0.096900 0.095800 0.079200 0.088900 0.080200 0.082700 0.088400 0.083600 0.100400 0.097300 0.101400 0.122100 0.135900 0.113000 0.089000 0.080000 0.102300 0.087500 0.086900 0.095800 0.083100 0.102200 0.087300 0.071300 0.115800 0.075100 0.083300 0.088300 0.147800 0.096100 0.078400 0.078000 0.070300 0.084000 0.101800 0.077600 0.083300 0.106900 0.079000 0.095800 0.078500 0.096600 0.101800 0.000000 0.080700 0.133900 0.071200 0.075500
Klipspring 0.088200 0.260500 0.059000 0.304800 0.071700 0.083800 0.058500 0.068000 0.063700 0.070900 0.072000 0.067300 0.079700 0.076400 0.085000 0.105200 0.114300 0.096800 0.090500 0.063600 0.094600 0.066900 0.079300 0.088300 0.071100 0.094500 0.066800 0.054900 0.108300 0.050200 0.075700 0.067500 0.136000 0.084300 0.057900 0.096800 0.066900 0.063200 0.080400 0.087800 0.071300 0.099300 0.066900 0.092800 0.097300 0.062700 0.080800 0.080700 0.000000 0.126700 0.054800 0.059100
ForestMusk 0.113800 0.268400 0.111500 0.288500 0.101400 0.109400 0.101600 0.121200 0.111700 0.132900 0.097800 0.105800 0.105200 0.120400 0.119400 0.132200 0.131400 0.108700 0.107300 0.111400 0.154000 0.096800 0.135900 0.127100 0.079000 0.135000 0.100900 0.102400 0.130100 0.106100 0.132600 0.101600 0.152100 0.109800 0.100500 0.104100 0.092300 0.101800 0.134300 0.136400 0.132600 0.130400 0.128000 0.131900 0.113700 0.133100 0.125000 0.133900 0.126700 0.000000 0.102300 0.106600
Bushbuck 0.078700 0.241000 0.032800 0.265900 0.057900 0.074500 0.049500 0.058700 0.024500 0.070700 0.053800 0.045100 0.066000 0.066900 0.066200 0.090600 0.104600 0.074100 0.071800 0.016200 0.093400 0.057800 0.074100 0.078500 0.061900 0.080400 0.053300 0.008100 0.093800 0.028400 0.070500 0.058200 0.115700 0.070400 0.057400 0.073900 0.057700 0.049600 0.080000 0.082300 0.066100 0.085000 0.066200 0.087400 0.074300 0.062100 0.071300 0.071200 0.054800 0.102300 0.000000 0.020300
GreaterKud 0.082900 0.251600 0.028600 0.278200 0.062100 0.078700 0.053700 0.062900 0.028700 0.075000 0.066900 0.049300 0.074600 0.071200 0.070500 0.095000 0.108900 0.086800 0.076100 0.028600 0.093700 0.061900 0.078400 0.087200 0.066100 0.084700 0.061800 0.028600 0.089200 0.032500 0.074700 0.062500 0.120100 0.079000 0.061600 0.078100 0.061900 0.053800 0.084300 0.086600 0.070400 0.089400 0.070500 0.091700 0.078500 0.070700 0.075600 0.075500 0.059100 0.106600 0.020300 0.000000
