1
52 1
Argali 0.000000 0.131600 0.092300 0.103500 0.041700 0.008100 0.085400 0.058200 0.092300 0.092500 0.032800 0.041900 0.041700 0.067200 0.058800 0.075400 0.058800 0.041700 0.016200 0.101500 0.085300 0.032900 0.134700 0.180100 0.016300 0.067000 0.033200 0.101500 0.076200 0.100800 0.092500 0.067100 0.075500 0.033300 0.033000 0.033300 0.024500 0.033100 0.103500 0.121300 0.127500 0.100900 0.092500 0.138400 0.033300 0.058400 0.067300 0.058400 0.041200 0.077300 0.092300 0.092300
LesserMous 0.131600 0.000000 0.121500 0.133600 0.124200 0.141500 0.143300 0.132000 0.121500 0.159600 0.151100 0.105700 0.124200 0.123200 0.124100 0.131900 0.124100 0.124100 0.132100 0.131100 0.143200 0.113700 0.203600 0.236100 0.132500 0.123100 0.114600 0.131100 0.114200 0.130300 0.159600 0.123200 0.160600 0.115000 0.114000 0.096200 0.123100 0.114200 0.143500 0.172200 0.177300 0.158800 0.159600 0.210200 0.096200 0.122900 0.142400 0.104100 0.104200 0.144900 0.121500 0.121500
LesserKudu 0.092300 0.121500 0.000000 0.093800 0.084800 0.101500 0.130300 0.101500 0.000000 0.118800 0.110500 0.067400 0.084800 0.093000 0.084800 0.101400 0.076000 0.076000 0.092700 0.008000 0.130200 0.093100 0.161100 0.189100 0.093000 0.093000 0.075900 0.008000 0.102400 0.008000 0.118800 0.093000 0.119500 0.076200 0.075600 0.058600 0.084200 0.075700 0.112000 0.130000 0.154400 0.091500 0.118800 0.165900 0.058600 0.101900 0.111100 0.101800 0.066500 0.122400 0.000000 0.000000
KillerWhal 0.103500 0.133600 0.093800 0.000000 0.096000 0.113000 0.124000 0.113000 0.093800 0.112300 0.103900 0.078000 0.096000 0.104300 0.077800 0.112800 0.077800 0.077800 0.103900 0.103000 0.123900 0.104400 0.174400 0.183600 0.104300 0.104200 0.086700 0.103000 0.114000 0.102400 0.112300 0.104300 0.094700 0.087000 0.086300 0.068900 0.095200 0.086400 0.124000 0.105100 0.129800 0.120600 0.112300 0.160000 0.068900 0.113500 0.123000 0.113300 0.094800 0.116000 0.093800 0.093800
DefassaWat 0.041700 0.124200 0.084800 0.096000 0.000000 0.050500 0.077700 0.050400 0.084800 0.085000 0.059100 0.033900 0.033700 0.059400 0.051000 0.067700 0.051000 0.033700 0.041900 0.094000 0.077600 0.059400 0.127400 0.173100 0.042000 0.059300 0.025200 0.094000 0.068400 0.093400 0.085000 0.059300 0.067800 0.025200 0.025000 0.025200 0.050600 0.008200 0.095900 0.113900 0.120200 0.093400 0.085000 0.131100 0.025200 0.033200 0.059500 0.050600 0.033300 0.069500 0.084800 0.084800
Sheep 0.008100 0.141500 0.101500 0.113000 0.050500 0.000000 0.094700 0.067100 0.101500 0.101700 0.041300 0.050600 0.050400 0.076200 0.067800 0.084500 0.067800 0.050400 0.024600 0.110800 0.094600 0.041400 0.144200 0.190700 0.024600 0.076000 0.041800 0.110800 0.085300 0.110100 0.101700 0.076000 0.084500 0.041900 0.041600 0.041900 0.033000 0.041700 0.113000 0.131000 0.137100 0.110100 0.101700 0.148200 0.041900 0.067300 0.076300 0.067300 0.049900 0.086600 0.101500 0.101500
MaxwellsDu 0.085400 0.143300 0.130300 0.124000 0.077700 0.094700 0.000000 0.058800 0.130300 0.130500 0.085700 0.078000 0.077600 0.033300 0.077600 0.076200 0.077600 0.059800 0.085700 0.140000 0.050800 0.104100 0.174100 0.224600 0.086000 0.067700 0.068600 0.140000 0.059200 0.139100 0.130500 0.033300 0.112700 0.068800 0.068300 0.068800 0.095000 0.068400 0.095300 0.142400 0.148200 0.101900 0.130500 0.179300 0.068800 0.095000 0.059100 0.085900 0.059000 0.078500 0.130300 0.130300
GazellaPrz 0.058200 0.132000 0.101500 0.113000 0.050400 0.067100 0.058800 0.000000 0.101500 0.101700 0.075800 0.050600 0.050400 0.041300 0.067700 0.016200 0.067700 0.050400 0.058400 0.110700 0.024700 0.076000 0.144200 0.190600 0.058600 0.007400 0.041800 0.110700 0.016300 0.110000 0.101700 0.041300 0.084500 0.041900 0.041600 0.041900 0.067300 0.041600 0.041500 0.130900 0.137000 0.040500 0.101700 0.148100 0.041900 0.067300 0.008100 0.058600 0.032900 0.086500 0.101500 0.101500
MountainNy 0.092300 0.121500 0.000000 0.093800 0.084800 0.101500 0.130300 0.101500 0.000000 0.118800 0.110500 0.067400 0.084800 0.093000 0.084800 0.101400 0.076000 0.076000 0.092700 0.008000 0.130200 0.093100 0.161100 0.189100 0.093000 0.093000 0.075900 0.008000 0.102400 0.008000 0.118800 0.093000 0.119500 0.076200 0.075600 0.058600 0.084200 0.075700 0.112000 0.130000 0.154400 0.091500 0.118800 0.165900 0.058600 0.101900 0.111100 0.101800 0.066500 0.122400 0.000000 0.000000
MuntiacusM 0.092500 0.159600 0.118800 0.112300 0.085000 0.101700 0.130500 0.101700 0.118800 0.000000 0.110700 0.085300 0.084900 0.111200 0.084900 0.101600 0.084900 0.084900 0.092900 0.128200 0.130400 0.093200 0.055800 0.075600 0.093200 0.093100 0.076000 0.128200 0.102600 0.127400 0.000000 0.093100 0.119700 0.076200 0.075600 0.076200 0.084300 0.075800 0.130700 0.049500 0.031900 0.127400 0.000000 0.040500 0.076200 0.102200 0.111300 0.102000 0.084000 0.122600 0.118800 0.118800
goat 0.032800 0.151100 0.110500 0.103900 0.059100 0.041300 0.085700 0.075800 0.110500 0.110700 0.000000 0.059300 0.059100 0.085000 0.059100 0.093300 0.059100 0.041800 0.016200 0.119900 0.085600 0.041200 0.153500 0.201000 0.024500 0.084800 0.050400 0.119900 0.094300 0.119200 0.110700 0.084900 0.075600 0.050500 0.050100 0.050500 0.024400 0.050200 0.122300 0.121800 0.128000 0.119200 0.110700 0.157800 0.050500 0.076100 0.085100 0.076000 0.058400 0.077600 0.110500 0.110500
AfricanBuf 0.041900 0.105700 0.067400 0.078000 0.033900 0.050600 0.078000 0.050600 0.067400 0.085300 0.059300 0.000000 0.033900 0.042200 0.051200 0.068000 0.051200 0.033800 0.042000 0.076400 0.077900 0.059600 0.127800 0.153700 0.042200 0.059500 0.025300 0.076400 0.068700 0.075900 0.085300 0.059500 0.068000 0.025300 0.025100 0.008400 0.050800 0.025200 0.077900 0.095800 0.120600 0.093700 0.085300 0.131500 0.008400 0.050800 0.059700 0.050800 0.033500 0.069800 0.067400 0.067400
Topi 0.041700 0.124200 0.084800 0.096000 0.033700 0.050400 0.077600 0.050400 0.084800 0.084900 0.059100 0.033900 0.000000 0.059400 0.051000 0.067700 0.051000 0.033700 0.041900 0.094000 0.077600 0.059300 0.127400 0.162900 0.042000 0.059200 0.008300 0.094000 0.068400 0.093400 0.084900 0.059300 0.067800 0.016700 0.025000 0.025200 0.050600 0.025100 0.095900 0.114000 0.120200 0.093400 0.084900 0.121600 0.025200 0.050600 0.059400 0.050600 0.033300 0.051300 0.084800 0.084800
CommonDuik 0.067200 0.123200 0.093000 0.104300 0.059400 0.076200 0.033300 0.041300 0.093000 0.111200 0.085000 0.042200 0.059400 0.000000 0.077000 0.058300 0.076900 0.059300 0.067400 0.102200 0.067900 0.085300 0.154100 0.181500 0.067600 0.050000 0.050600 0.102200 0.058900 0.101500 0.111200 0.016400 0.093800 0.050800 0.050400 0.033500 0.076400 0.050400 0.067900 0.122200 0.147000 0.083600 0.111200 0.158500 0.033500 0.076400 0.050100 0.067600 0.041500 0.096200 0.093000 0.093000
Suni 0.058800 0.124100 0.084800 0.077800 0.051000 0.067800 0.077600 0.067700 0.084800 0.084900 0.059100 0.051200 0.051000 0.077000 0.000000 0.067700 0.033700 0.033700 0.059100 0.094000 0.077600 0.059300 0.145600 0.173000 0.059300 0.059200 0.042200 0.094000 0.068300 0.093400 0.084900 0.059200 0.085400 0.042400 0.042000 0.042400 0.050600 0.042100 0.095800 0.095500 0.102000 0.093300 0.084900 0.130900 0.042400 0.068000 0.077000 0.068000 0.050800 0.069400 0.084800 0.084800
Springbuck 0.075400 0.131900 0.101400 0.112800 0.067700 0.084500 0.076200 0.016200 0.101400 0.101600 0.093300 0.068000 0.067700 0.058300 0.067700 0.000000 0.067600 0.067600 0.075700 0.110600 0.041400 0.076000 0.162400 0.190300 0.075900 0.008100 0.058900 0.110600 0.016300 0.109900 0.101600 0.041200 0.102100 0.059100 0.058600 0.059000 0.067200 0.058700 0.041500 0.130800 0.136900 0.040500 0.101600 0.147900 0.059000 0.084700 0.024500 0.075900 0.049700 0.104600 0.101400 0.101400
Okapi 0.058800 0.124100 0.076000 0.077800 0.051000 0.067800 0.077600 0.067700 0.076000 0.084900 0.059100 0.051200 0.051000 0.076900 0.033700 0.067600 0.000000 0.016600 0.059000 0.085100 0.077500 0.059300 0.136400 0.172900 0.059200 0.059200 0.042200 0.085100 0.068300 0.084500 0.084900 0.059200 0.085400 0.042400 0.042000 0.042300 0.050600 0.042100 0.095800 0.095500 0.102000 0.093300 0.084900 0.130900 0.042300 0.068000 0.077000 0.067900 0.050400 0.069400 0.076000 0.076000
Giraffe 0.041700 0.124100 0.076000 0.077800 0.033700 0.050400 0.059800 0.050400 0.076000 0.084900 0.041800 0.033800 0.033700 0.059300 0.033700 0.067600 0.016600 0.000000 0.041800 0.085100 0.059800 0.059300 0.118300 0.172900 0.042000 0.059200 0.025100 0.085100 0.068300 0.084500 0.084900 0.059200 0.067700 0.025200 0.025000 0.025200 0.050600 0.025000 0.095800 0.095500 0.102000 0.093300 0.084900 0.130900 0.025200 0.050600 0.059400 0.050500 0.033300 0.051600 0.076000 0.076000
TibetanAnt 0.016200 0.132100 0.092700 0.103900 0.041900 0.024600 0.085700 0.058400 0.092700 0.092900 0.016200 0.042000 0.041900 0.067400 0.059100 0.075700 0.059000 0.041800 0.000000 0.101900 0.085600 0.024500 0.135200 0.180900 0.008100 0.067300 0.033300 0.101900 0.076400 0.101300 0.092900 0.067300 0.075800 0.033400 0.033100 0.033400 0.008100 0.033200 0.103900 0.121800 0.128000 0.101300 0.092900 0.138900 0.033400 0.058700 0.067500 0.058600 0.041400 0.077600 0.092700 0.092700
Sitatunga 0.101500 0.131100 0.008000 0.103000 0.094000 0.110800 0.140000 0.110700 0.008000 0.128200 0.119900 0.076400 0.094000 0.102200 0.094000 0.110600 0.085100 0.085100 0.101900 0.000000 0.139900 0.102300 0.170900 0.199600 0.102200 0.102100 0.085000 0.000000 0.111700 0.016000 0.128200 0.102200 0.129000 0.085200 0.084500 0.067400 0.093300 0.084700 0.121400 0.139700 0.164200 0.100500 0.128200 0.175900 0.067400 0.111200 0.120500 0.111100 0.075400 0.132100 0.007400 0.008000
Oribi 0.085300 0.143200 0.130200 0.123900 0.077600 0.094600 0.050800 0.024700 0.130200 0.130400 0.085600 0.077900 0.077600 0.067900 0.077600 0.041400 0.077500 0.059800 0.085600 0.139900 0.000000 0.104100 0.173900 0.224300 0.085900 0.033100 0.068600 0.139900 0.024800 0.139000 0.130400 0.067800 0.112700 0.068800 0.068200 0.068800 0.094900 0.068300 0.068200 0.142300 0.148000 0.066400 0.130400 0.179000 0.068800 0.094900 0.033200 0.085900 0.059000 0.078500 0.130200 0.130200
BarbaryShe 0.032900 0.113700 0.093100 0.104400 0.059400 0.041400 0.104100 0.076000 0.093100 0.093200 0.041200 0.059600 0.059300 0.085300 0.059300 0.076000 0.059300 0.059300 0.024500 0.102300 0.104100 0.000000 0.154000 0.181700 0.016300 0.067500 0.050600 0.102300 0.076700 0.101600 0.093200 0.067600 0.093800 0.050700 0.050300 0.050700 0.016300 0.050400 0.104300 0.122300 0.128500 0.101600 0.093200 0.139400 0.050700 0.076400 0.085400 0.076300 0.058600 0.096100 0.093100 0.093100
Daviddeer 0.134700 0.203600 0.161100 0.174400 0.127400 0.144200 0.174100 0.144200 0.161100 0.055800 0.153500 0.127800 0.127400 0.154100 0.145600 0.162400 0.136400 0.118300 0.135200 0.170900 0.173900 0.154000 0.000000 0.135600 0.135600 0.153800 0.118200 0.170900 0.163900 0.169900 0.055800 0.153900 0.162600 0.118500 0.117600 0.118400 0.144700 0.117800 0.193700 0.108100 0.055200 0.189200 0.055800 0.098100 0.118400 0.126300 0.154400 0.126100 0.126000 0.166100 0.161100 0.161100
Reindeer 0.180100 0.236100 0.189100 0.183600 0.173100 0.190700 0.224600 0.190600 0.189100 0.075600 0.201000 0.153700 0.162900 0.181500 0.173000 0.190300 0.172900 0.172900 0.180900 0.199600 0.224300 0.181700 0.135600 0.000000 0.181500 0.181300 0.152900 0.199600 0.192400 0.198300 0.075600 0.181500 0.211000 0.153400 0.162000 0.143500 0.171700 0.162300 0.193600 0.113500 0.110300 0.218500 0.075600 0.032400 0.143500 0.191800 0.202000 0.191300 0.170800 0.205900 0.189100 0.189100
Ibex 0.016300 0.132500 0.093000 0.104300 0.042000 0.024600 0.086000 0.058600 0.093000 0.093200 0.024500 0.042200 0.042000 0.067600 0.059300 0.075900 0.059200 0.042000 0.008100 0.102200 0.085900 0.016300 0.135600 0.181500 0.000000 0.067500 0.033400 0.102200 0.076700 0.101600 0.093200 0.067500 0.076000 0.033500 0.033200 0.033500 0.016300 0.033300 0.104200 0.122200 0.128400 0.101600 0.093200 0.139400 0.033500 0.058900 0.067700 0.058800 0.041500 0.077900 0.093000 0.093000
GyrantGaze 0.067000 0.123100 0.093000 0.104200 0.059300 0.076000 0.067700 0.007400 0.093000 0.093100 0.084800 0.059500 0.059200 0.050000 0.059200 0.008100 0.059200 0.059200 0.067300 0.102100 0.033100 0.067500 0.153800 0.181300 0.067500 0.000000 0.050500 0.102100 0.008100 0.101500 0.093100 0.033000 0.093600 0.050700 0.050200 0.050600 0.058800 0.050300 0.033200 0.122100 0.128300 0.032400 0.093100 0.139200 0.050600 0.076300 0.016300 0.067500 0.041400 0.095900 0.093000 0.093000
Hartebeest 0.033200 0.114600 0.075900 0.086700 0.025200 0.041800 0.068600 0.041800 0.075900 0.076000 0.050400 0.025300 0.008300 0.050600 0.042200 0.058900 0.042200 0.025100 0.033300 0.085000 0.068600 0.050600 0.118200 0.152900 0.033400 0.050500 0.000000 0.085000 0.059500 0.084400 0.076000 0.050500 0.059000 0.008300 0.016600 0.016700 0.041900 0.016600 0.086700 0.104600 0.110900 0.084400 0.076000 0.112200 0.016700 0.041900 0.050600 0.041900 0.024900 0.042500 0.075900 0.075900
Bongo 0.101500 0.131100 0.008000 0.103000 0.094000 0.110800 0.140000 0.110700 0.008000 0.128200 0.119900 0.076400 0.094000 0.102200 0.094000 0.110600 0.085100 0.085100 0.101900 0.000000 0.139900 0.102300 0.170900 0.199600 0.102200 0.102100 0.085000 0.000000 0.111700 0.016000 0.128200 0.102200 0.129000 0.085200 0.084500 0.067400 0.093300 0.084700 0.121400 0.139700 0.164200 0.100500 0.128200 0.175900 0.067400 0.111200 0.120500 0.111100 0.075400 0.132100 0.008000 0.008000
Gerenuk 0.076200 0.114200 0.102400 0.114000 0.068400 0.085300 0.059200 0.016300 0.102400 0.102600 0.094300 0.068700 0.068400 0.058900 0.068300 0.016300 0.068300 0.068300 0.076400 0.111700 0.024800 0.076700 0.163900 0.192400 0.076700 0.008100 0.059500 0.111700 0.000000 0.111000 0.102600 0.041600 0.103100 0.059700 0.059200 0.059600 0.067900 0.059300 0.041900 0.132200 0.138200 0.040800 0.102600 0.149400 0.059600 0.085600 0.024700 0.076700 0.050200 0.087200 0.102400 0.102400
CommonElan 0.100800 0.130300 0.008000 0.102400 0.093400 0.110100 0.139100 0.110000 0.008000 0.127400 0.119200 0.075900 0.093400 0.101500 0.093400 0.109900 0.084500 0.084500 0.101300 0.016000 0.139000 0.101600 0.169900 0.198300 0.101600 0.101500 0.084400 0.016000 0.111000 0.000000 0.127400 0.101500 0.128200 0.084700 0.084000 0.067000 0.092700 0.084100 0.120700 0.138800 0.163200 0.099900 0.127400 0.174800 0.067000 0.110500 0.119800 0.110400 0.074900 0.131200 0.008000 0.008000
MuntiacusR 0.092500 0.159600 0.118800 0.112300 0.085000 0.101700 0.130500 0.101700 0.118800 0.000000 0.110700 0.085300 0.084900 0.111200 0.084900 0.101600 0.084900 0.084900 0.092900 0.128200 0.130400 0.093200 0.055800 0.075600 0.093200 0.093100 0.076000 0.128200 0.102600 0.127400 0.000000 0.093100 0.119700 0.076200 0.075600 0.076200 0.084300 0.075800 0.130700 0.049500 0.031900 0.127400 0.000000 0.040500 0.076200 0.102200 0.111300 0.102000 0.084000 0.122600 0.118800 0.118800
HarveysDui 0.067100 0.123200 0.093000 0.104300 0.059300 0.076000 0.033300 0.041300 0.093000 0.093100 0.084900 0.059500 0.059300 0.016400 0.059200 0.041200 0.059200 0.059200 0.067300 0.102200 0.067800 0.067600 0.153900 0.181500 0.067500 0.033000 0.050500 0.102200 0.041600 0.101500 0.093100 0.000000 0.093700 0.050700 0.050300 0.050600 0.058800 0.050400 0.067900 0.122200 0.128300 0.066200 0.093100 0.139300 0.050600 0.076300 0.050000 0.067500 0.041400 0.096000 0.093000 0.093000
Pronghorn 0.075500 0.160600 0.119500 0.094700 0.067800 0.084500 0.112700 0.084500 0.119500 0.119700 0.075600 0.068000 0.067800 0.093800 0.085400 0.102100 0.085400 0.067700 0.075800 0.129000 0.112700 0.093800 0.162600 0.211000 0.076000 0.093600 0.059000 0.129000 0.103100 0.128200 0.119700 0.093700 0.000000 0.059200 0.058700 0.059100 0.084800 0.058800 0.131500 0.149900 0.155600 0.128100 0.119700 0.167100 0.059100 0.084800 0.093900 0.084700 0.067000 0.104700 0.119500 0.119500
BlueWildeb 0.033300 0.115000 0.076200 0.087000 0.025200 0.041900 0.068800 0.041900 0.076200 0.076200 0.050500 0.025300 0.016700 0.050800 0.042400 0.059100 0.042400 0.025200 0.033400 0.085200 0.068800 0.050700 0.118500 0.153400 0.033500 0.050700 0.008300 0.085200 0.059700 0.084700 0.076200 0.050700 0.059200 0.000000 0.016600 0.016800 0.042100 0.016700 0.086900 0.104900 0.111200 0.084600 0.076200 0.112500 0.016800 0.042100 0.050800 0.042000 0.024900 0.051500 0.076200 0.076200
Gemsbok 0.033000 0.114000 0.075600 0.086300 0.025000 0.041600 0.068300 0.041600 0.075600 0.075600 0.050100 0.025100 0.025000 0.050400 0.042000 0.058600 0.042000 0.025000 0.033100 0.084500 0.068200 0.050300 0.117600 0.162000 0.033200 0.050200 0.016600 0.084500 0.059200 0.084000 0.075600 0.050300 0.058700 0.016600 0.000000 0.016600 0.041700 0.016500 0.086200 0.104000 0.110400 0.084000 0.075600 0.120900 0.016600 0.041700 0.050400 0.041700 0.024700 0.060100 0.075600 0.075600
Yak 0.033300 0.096200 0.058600 0.068900 0.025200 0.041900 0.068800 0.041900 0.058600 0.076200 0.050500 0.008400 0.025200 0.033500 0.042400 0.059000 0.042300 0.025200 0.033400 0.067400 0.068800 0.050700 0.118400 0.143500 0.033500 0.050600 0.016700 0.067400 0.059600 0.067000 0.076200 0.050600 0.059100 0.016800 0.016600 0.000000 0.042000 0.016700 0.068800 0.086700 0.111100 0.084600 0.076200 0.121800 0.000000 0.042000 0.050800 0.042000 0.024900 0.060600 0.058600 0.058600
BlueSheep 0.024500 0.123100 0.084200 0.095200 0.050600 0.033000 0.095000 0.067300 0.084200 0.084300 0.024400 0.050800 0.050600 0.076400 0.050600 0.067200 0.050600 0.050600 0.008100 0.093300 0.094900 0.016300 0.144700 0.171700 0.016300 0.058800 0.041900 0.093300 0.067900 0.092700 0.084300 0.058800 0.084800 0.042100 0.041700 0.042000 0.000000 0.041800 0.095100 0.113000 0.119300 0.092700 0.084300 0.130100 0.042000 0.067600 0.076500 0.067500 0.050000 0.086900 0.084200 0.084200
BohorReedb 0.033100 0.114200 0.075700 0.086400 0.008200 0.041700 0.068400 0.041600 0.075700 0.075800 0.050200 0.025200 0.025100 0.050400 0.042100 0.058700 0.042100 0.025000 0.033200 0.084700 0.068300 0.050400 0.117800 0.162300 0.033300 0.050300 0.016600 0.084700 0.059300 0.084100 0.075800 0.050400 0.058800 0.016700 0.016500 0.016700 0.041800 0.000000 0.086400 0.104100 0.110500 0.084100 0.075800 0.121100 0.016700 0.024700 0.050500 0.041800 0.024800 0.060200 0.075700 0.075700
KirksDik 0.103500 0.143500 0.112000 0.124000 0.095900 0.113000 0.095300 0.041500 0.112000 0.130700 0.122300 0.077900 0.095900 0.067900 0.095800 0.041500 0.095800 0.095800 0.103900 0.121400 0.068200 0.104300 0.193700 0.193600 0.104200 0.033200 0.086700 0.121400 0.041900 0.120700 0.130700 0.067900 0.131500 0.086900 0.086200 0.068800 0.095100 0.086400 0.000000 0.142400 0.167400 0.066600 0.130700 0.169800 0.068800 0.113400 0.033000 0.086100 0.076700 0.134900 0.112000 0.112000
RoeDeer 0.121300 0.172200 0.130000 0.105100 0.113900 0.131000 0.142400 0.130900 0.130000 0.049500 0.121800 0.095800 0.114000 0.122200 0.095500 0.130800 0.095500 0.095500 0.121800 0.139700 0.142300 0.122300 0.108100 0.113500 0.122200 0.122100 0.104600 0.139700 0.132200 0.138800 0.049500 0.122200 0.149900 0.104900 0.104000 0.086700 0.113000 0.104100 0.142400 0.000000 0.066100 0.148100 0.049500 0.093200 0.086400 0.131700 0.141200 0.131400 0.112500 0.134500 0.130000 0.130000
WhiteLippe 0.127500 0.177300 0.154400 0.129800 0.120200 0.137100 0.148200 0.137000 0.154400 0.031900 0.128000 0.120600 0.120200 0.147000 0.102000 0.136900 0.102000 0.102000 0.128000 0.164200 0.148000 0.128500 0.055200 0.110300 0.128400 0.128300 0.110900 0.164200 0.138200 0.163200 0.031900 0.128300 0.155600 0.111200 0.110400 0.111100 0.119300 0.110500 0.167400 0.066100 0.000000 0.163300 0.031900 0.073600 0.111100 0.119100 0.147200 0.118900 0.118800 0.140300 0.154400 0.154400
ThomsonGaz 0.100900 0.158800 0.091500 0.120600 0.093400 0.110100 0.101900 0.040500 0.091500 0.127400 0.119200 0.093700 0.093400 0.083600 0.093300 0.040500 0.093300 0.093300 0.101300 0.100500 0.066400 0.101600 0.189200 0.218500 0.101600 0.032400 0.084400 0.100500 0.040800 0.099900 0.127400 0.066200 0.128100 0.084600 0.084000 0.084600 0.092700 0.084100 0.066600 0.148100 0.163300 0.000000 0.127400 0.174900 0.084600 0.110500 0.049100 0.101500 0.074800 0.131100 0.091500 0.091500
MuntiacusC 0.092500 0.159600 0.118800 0.112300 0.085000 0.101700 0.130500 0.101700 0.118800 0.000000 0.110700 0.085300 0.084900 0.111200 0.084900 0.101600 0.084900 0.084900 0.092900 0.128200 0.130400 0.093200 0.055800 0.075600 0.093200 0.093100 0.076000 0.128200 0.102600 0.127400 0.000000 0.093100 0.119700 0.076200 0.075600 0.076200 0.084300 0.075800 0.130700 0.049500 0.031900 0.127400 0.000000 0.040500 0.076200 0.102200 0.111300 0.102000 0.084000 0.122600 0.118800 0.118800
WhiteTaile 0.138400 0.210200 0.165900 0.160000 0.131100 0.148200 0.179300 0.148100 0.165900 0.040500 0.157800 0.131500 0.121600 0.158500 0.130900 0.147900 0.130900 0.130900 0.138900 0.175900 0.179000 0.139400 0.098100 0.032400 0.139400 0.139200 0.112200 0.175900 0.149400 0.174800 0.040500 0.139300 0.167100 0.112500 0.120900 0.121800 0.130100 0.121100 0.169800 0.093200 0.073600 0.174900 0.040500 0.000000 0.121800 0.148900 0.158600 0.148600 0.129500 0.161200 0.165900 0.165900
Cattle 0.033300 0.096200 0.058600 0.068900 0.025200 0.041900 0.068800 0.041900 0.058600 0.076200 0.050500 0.008400 0.025200 0.033500 0.042400 0.059000 0.042300 0.025200 0.033400 0.067400 0.068800 0.050700 0.118400 0.143500 0.033500 0.050600 0.016700 0.067400 0.059600 0.067000 0.076200 0.050600 0.059100 0.016800 0.016600 0.000000 0.042000 0.016700 0.068800 0.086400 0.111100 0.084600 0.076200 0.121800 0.000000 0.042000 0.050800 0.042000 0.024900 0.060600 0.058600 0.058600
RoyalAntel 0.058400 0.122900 0.101900 0.113500 0.033200 0.067300 0.095000 0.067300 0.101900 0.102200 0.076100 0.050800 0.050600 0.076400 0.068000 0.084700 0.068000 0.050600 0.058700 0.111200 0.094900 0.076400 0.126300 0.191800 0.058900 0.076300 0.041900 0.111200 0.085600 0.110500 0.102200 0.076300 0.084800 0.042100 0.041700 0.042000 0.067600 0.024700 0.113400 0.131700 0.119100 0.110500 0.102200 0.148900 0.042000 0.000000 0.076500 0.050100 0.050000 0.086900 0.101900 0.101900
Steenbok 0.067300 0.142400 0.111100 0.123000 0.059500 0.076300 0.059100 0.008100 0.111100 0.111300 0.085100 0.059700 0.059400 0.050100 0.077000 0.024500 0.077000 0.059400 0.067500 0.120500 0.033200 0.085400 0.154400 0.202000 0.067700 0.016300 0.050600 0.120500 0.024700 0.119800 0.111300 0.050000 0.093900 0.050800 0.050400 0.050800 0.076500 0.050500 0.033000 0.141200 0.147200 0.049100 0.111300 0.158600 0.050800 0.076500 0.000000 0.067700 0.041500 0.096200 0.111100 0.111100
Impala 0.058400 0.104100 0.101800 0.113300 0.050600 0.067300 0.085900 0.058600 0.101800 0.102000 0.076000 0.050800 0.050600 0.067600 0.068000 0.075900 0.067900 0.050500 0.058600 0.111100 0.085900 0.076300 0.126100 0.191300 0.058800 0.067500 0.041900 0.111100 0.076700 0.110400 0.102000 0.067500 0.084700 0.042000 0.041700 0.042000 0.067500 0.041800 0.086100 0.131400 0.118900 0.101500 0.102000 0.148600 0.042000 0.050100 0.067700 0.000000 0.050000 0.086800 0.101800 0.101800
Klipspring 0.041200 0.104200 0.066500 0.094800 0.033300 0.049900 0.059000 0.032900 0.066500 0.084000 0.058400 0.033500 0.033300 0.041500 0.050800 0.049700 0.050400 0.033300 0.041400 0.075400 0.059000 0.058600 0.126000 0.170800 0.041500 0.041400 0.024900 0.075400 0.050200 0.074900 0.084000 0.041400 0.067000 0.024900 0.024700 0.024900 0.050000 0.024800 0.076700 0.112500 0.118800 0.074800 0.084000 0.129500 0.024900 0.050000 0.041500 0.050000 0.000000 0.068600 0.066500 0.066500
ForestMusk 0.077300 0.144900 0.122400 0.116000 0.069500 0.086600 0.078500 0.086500 0.122400 0.122600 0.077600 0.069800 0.051300 0.096200 0.069400 0.104600 0.069400 0.051600 0.077600 0.132100 0.078500 0.096100 0.166100 0.205900 0.077900 0.095900 0.042500 0.132100 0.087200 0.131200 0.122600 0.096000 0.104700 0.051500 0.060100 0.060600 0.086900 0.060200 0.134900 0.134500 0.140300 0.131100 0.122600 0.161200 0.060600 0.086900 0.096200 0.086800 0.068600 0.000000 0.122400 0.122400
Bushbuck 0.092300 0.121500 0.000000 0.093800 0.084800 0.101500 0.130300 0.101500 0.000000 0.118800 0.110500 0.067400 0.084800 0.093000 0.084800 0.101400 0.076000 0.076000 0.092700 0.007400 0.130200 0.093100 0.161100 0.189100 0.093000 0.093000 0.075900 0.008000 0.102400 0.008000 0.118800 0.093000 0.119500 0.076200 0.075600 0.058600 0.084200 0.075700 0.112000 0.130000 0.154400 0.091500 0.118800 0.165900 0.058600 0.101900 0.111100 0.101800 0.066500 0.122400 0.000000 0.000000
GreaterKud 0.092300 0.121500 0.000000 0.093800 0.084800 0.101500 0.130300 0.101500 0.000000 0.118800 0.110500 0.067400 0.084800 0.093000 0.084800 0.101400 0.076000 0.076000 0.092700 0.008000 0.130200 0.093100 0.161100 0.189100 0.093000 0.093000 0.075900 0.008000 0.102400 0.008000 0.118800 0.093000 0.119500 0.076200 0.075600 0.058600 0.084200 0.075700 0.112000 0.130000 0.154400 0.091500 0.118800 0.165900 0.058600 0.101900 0.111100 0.101800 0.066500 0.122400 0.000000 0.000000
