1
52 1
Argali 0.000000 0.337800 0.167300 0.328600 0.132700 0.026800 0.131500 0.139300 0.180800 0.221900 0.083600 0.146400 0.116200 0.156000 0.139100 0.134000 0.194400 0.188900 0.077900 0.166700 0.163000 0.087100 0.207700 0.200500 0.090700 0.158300 0.097800 0.174000 0.161100 0.179100 0.207100 0.126200 0.201800 0.105600 0.124200 0.152200 0.073400 0.134900 0.140900 0.202300 0.208900 0.162100 0.204800 0.211100 0.152900 0.108600 0.165900 0.112800 0.136800 0.210200 0.172900 0.166900
LesserMous 0.337800 0.000000 0.358100 0.476700 0.341000 0.320100 0.348400 0.357200 0.302300 0.373000 0.339400 0.334400 0.297600 0.297400 0.365200 0.342600 0.346900 0.339700 0.328400 0.315300 0.336500 0.310700 0.393100 0.365800 0.334300 0.373300 0.297200 0.309700 0.355400 0.338700 0.367300 0.308900 0.334200 0.285700 0.341700 0.316800 0.320400 0.323600 0.332400 0.369300 0.380600 0.365900 0.369700 0.376800 0.317700 0.338200 0.316900 0.309500 0.350400 0.390600 0.338200 0.364100
LesserKudu 0.167300 0.358100 0.000000 0.313800 0.162500 0.151500 0.162000 0.155900 0.076000 0.199400 0.162000 0.125400 0.120700 0.160600 0.181300 0.138100 0.160400 0.179400 0.167800 0.075300 0.179400 0.141300 0.198100 0.191000 0.156800 0.174800 0.139300 0.070200 0.164900 0.086500 0.184600 0.143400 0.205200 0.128500 0.178300 0.131000 0.151300 0.152400 0.157600 0.179700 0.199400 0.204400 0.182600 0.201400 0.144100 0.139100 0.182900 0.165700 0.153200 0.199900 0.081000 0.053300
KillerWhal 0.328600 0.476700 0.313800 0.000000 0.338300 0.319000 0.328900 0.290900 0.319400 0.279400 0.339800 0.316300 0.301900 0.311300 0.328100 0.330900 0.291000 0.335400 0.344100 0.324600 0.326900 0.333600 0.279600 0.272000 0.325300 0.337800 0.309300 0.319300 0.336900 0.334000 0.271200 0.277100 0.302600 0.284100 0.324800 0.344700 0.319900 0.335700 0.346200 0.288500 0.272600 0.346900 0.275800 0.296900 0.315000 0.295400 0.341900 0.294600 0.300300 0.337000 0.334900 0.304900
DefassaWat 0.132700 0.341000 0.162500 0.338300 0.000000 0.104100 0.090900 0.115400 0.150700 0.197700 0.102900 0.128600 0.123700 0.102000 0.109400 0.092000 0.177000 0.177600 0.096400 0.161900 0.114300 0.119200 0.190000 0.176200 0.097600 0.115600 0.117400 0.156600 0.119100 0.174400 0.182600 0.096800 0.176800 0.106400 0.125100 0.134500 0.092000 0.056800 0.098400 0.197300 0.197800 0.132200 0.180600 0.199700 0.135100 0.097900 0.116700 0.095700 0.119700 0.178500 0.155500 0.162100
Sheep 0.026800 0.320100 0.151500 0.319000 0.104100 0.000000 0.103200 0.116700 0.164900 0.193100 0.055900 0.117400 0.093400 0.127400 0.122900 0.105200 0.166100 0.179200 0.061700 0.163400 0.134100 0.058300 0.191500 0.184300 0.062500 0.129300 0.087200 0.158200 0.132700 0.176100 0.177900 0.097800 0.178700 0.082600 0.108200 0.123200 0.045300 0.105900 0.111900 0.172900 0.199400 0.158800 0.175900 0.195100 0.123900 0.086900 0.136700 0.096800 0.126900 0.180400 0.157000 0.151100
MaxwellsDu 0.131500 0.348400 0.162000 0.328900 0.090900 0.103200 0.000000 0.115200 0.150300 0.216800 0.102000 0.128500 0.116800 0.066700 0.109200 0.091800 0.189400 0.190000 0.120500 0.161400 0.108300 0.131800 0.215800 0.182300 0.109600 0.115400 0.110600 0.156100 0.118900 0.173900 0.201900 0.073000 0.203000 0.093800 0.137000 0.134300 0.104000 0.104600 0.098200 0.210300 0.210200 0.132000 0.199600 0.219000 0.135000 0.110000 0.128800 0.107600 0.131700 0.178300 0.155100 0.161600
GazellaPrz 0.139300 0.357200 0.155900 0.290900 0.115400 0.116700 0.115200 0.000000 0.169200 0.184400 0.127500 0.128200 0.110400 0.114100 0.133700 0.079700 0.176600 0.176900 0.133200 0.155200 0.120100 0.131600 0.195700 0.188500 0.122200 0.103100 0.116500 0.162500 0.106700 0.167600 0.182100 0.085000 0.169500 0.105600 0.137500 0.134100 0.116600 0.105000 0.086000 0.184100 0.190400 0.131800 0.167400 0.199200 0.134700 0.085700 0.116000 0.119400 0.106700 0.165000 0.161300 0.155500
MountainNy 0.180800 0.302300 0.076000 0.319400 0.150700 0.164900 0.150300 0.169200 0.000000 0.187200 0.175700 0.113900 0.146200 0.149000 0.169300 0.138700 0.161400 0.144000 0.156000 0.030300 0.167500 0.167900 0.198400 0.178700 0.170600 0.175600 0.146400 0.025600 0.165700 0.053400 0.172400 0.144100 0.205600 0.141700 0.191900 0.119400 0.152200 0.166000 0.139600 0.180300 0.199800 0.192300 0.170500 0.189100 0.132300 0.139700 0.170800 0.154000 0.141600 0.214500 0.059000 0.064600
MuntiacusM 0.221900 0.373000 0.199400 0.279400 0.197700 0.193100 0.216800 0.184400 0.187200 0.000000 0.203600 0.172800 0.187200 0.189200 0.223300 0.191800 0.140600 0.176600 0.203000 0.186100 0.221000 0.190600 0.091900 0.097400 0.211600 0.203600 0.193600 0.193500 0.212400 0.198600 0.036600 0.153300 0.175900 0.183000 0.206900 0.197500 0.193000 0.194200 0.199300 0.098400 0.100300 0.220000 0.015000 0.085200 0.211400 0.173900 0.218200 0.181500 0.181000 0.236400 0.199000 0.198900
goat 0.083600 0.339400 0.162000 0.339800 0.102900 0.055900 0.102000 0.127500 0.175700 0.203600 0.000000 0.128300 0.116600 0.125900 0.133800 0.103900 0.176700 0.190000 0.084300 0.186900 0.132700 0.081500 0.202300 0.182200 0.027600 0.115500 0.110500 0.181600 0.131000 0.199700 0.188600 0.108700 0.176400 0.106100 0.119000 0.134200 0.044800 0.115300 0.110400 0.183800 0.210000 0.156800 0.186500 0.205700 0.134700 0.110000 0.134900 0.107600 0.137600 0.198700 0.180400 0.174300
AfricanBuf 0.146400 0.334400 0.125400 0.316300 0.128600 0.117400 0.128500 0.128200 0.113900 0.172800 0.128300 0.000000 0.099200 0.127200 0.147200 0.104400 0.164800 0.152900 0.121600 0.112900 0.145600 0.119600 0.190100 0.170000 0.135600 0.128400 0.105300 0.107600 0.144000 0.112200 0.163700 0.097700 0.190600 0.094300 0.132400 0.085200 0.117400 0.118200 0.123500 0.171600 0.197800 0.170400 0.161900 0.168000 0.074200 0.111200 0.135800 0.120100 0.126000 0.173000 0.106900 0.100700
Topi 0.116200 0.297600 0.120700 0.301900 0.123700 0.093400 0.116800 0.110400 0.146200 0.187200 0.116600 0.099200 0.000000 0.122200 0.129700 0.099400 0.160200 0.160700 0.110700 0.144900 0.128300 0.089100 0.185600 0.178400 0.118000 0.123400 0.028300 0.139600 0.114600 0.151100 0.171900 0.092600 0.186000 0.028600 0.115100 0.104800 0.099800 0.100600 0.106000 0.166800 0.180400 0.152900 0.170000 0.189100 0.105400 0.106200 0.124600 0.127600 0.133500 0.148400 0.138600 0.120400
CommonDuik 0.156000 0.297400 0.160600 0.311300 0.102000 0.127400 0.066700 0.114100 0.149000 0.189200 0.125900 0.127200 0.122200 0.000000 0.120300 0.090900 0.150700 0.163500 0.131600 0.160000 0.119200 0.130500 0.200600 0.180700 0.120700 0.114300 0.128500 0.154800 0.117800 0.172400 0.187100 0.049600 0.175100 0.105100 0.135800 0.120600 0.115200 0.115800 0.097300 0.195200 0.208300 0.130700 0.185000 0.191200 0.133600 0.121200 0.127400 0.106500 0.142700 0.176600 0.153700 0.160200
Suni 0.139100 0.365200 0.181300 0.328100 0.109400 0.122900 0.109200 0.133700 0.169300 0.223300 0.133800 0.147200 0.129700 0.120300 0.000000 0.110000 0.195600 0.196100 0.127100 0.180400 0.114200 0.138100 0.222400 0.201800 0.128500 0.133800 0.123300 0.175200 0.124900 0.193200 0.194900 0.103100 0.223200 0.112400 0.143700 0.153100 0.110500 0.123700 0.116600 0.203100 0.229700 0.125800 0.206000 0.219500 0.153900 0.116700 0.147500 0.113300 0.125400 0.191200 0.174000 0.180800
Springbuck 0.134000 0.342600 0.138100 0.330900 0.092000 0.105200 0.091800 0.079700 0.138700 0.191800 0.103900 0.104400 0.099400 0.090900 0.110000 0.000000 0.152700 0.153200 0.109600 0.149800 0.085000 0.119800 0.190300 0.170300 0.098500 0.067800 0.105500 0.144600 0.071100 0.162200 0.176700 0.073900 0.177600 0.094500 0.126200 0.110200 0.092900 0.093500 0.051200 0.178700 0.198100 0.096500 0.174800 0.194000 0.110700 0.099000 0.074600 0.108200 0.120300 0.166200 0.143600 0.137800
Okapi 0.194400 0.346900 0.160400 0.291000 0.177000 0.166100 0.189400 0.176600 0.161400 0.140600 0.176700 0.164800 0.160200 0.150700 0.195600 0.152700 0.000000 0.110500 0.182400 0.160100 0.193800 0.150500 0.161900 0.131700 0.171700 0.176800 0.179200 0.167000 0.167300 0.160000 0.149400 0.133900 0.174900 0.168600 0.192600 0.122000 0.153700 0.166900 0.172200 0.132700 0.158000 0.192800 0.136200 0.153700 0.158900 0.147400 0.184500 0.155900 0.173700 0.221300 0.148400 0.148100
Giraffe 0.188900 0.339700 0.179400 0.335400 0.177600 0.179200 0.190000 0.176900 0.144000 0.176600 0.190000 0.152900 0.160700 0.163500 0.196100 0.153200 0.110500 0.000000 0.182900 0.154700 0.181600 0.182500 0.199600 0.180400 0.185000 0.190000 0.167000 0.161600 0.167900 0.172800 0.174200 0.134300 0.187700 0.156400 0.180600 0.146200 0.166700 0.167400 0.160300 0.181900 0.182200 0.219100 0.172300 0.166000 0.146800 0.147900 0.198000 0.168400 0.173900 0.201900 0.160400 0.166900
TibetanAnt 0.077900 0.328400 0.167800 0.344100 0.096400 0.061700 0.120500 0.133200 0.156000 0.203000 0.084300 0.121600 0.110700 0.131600 0.127100 0.109600 0.182400 0.182900 0.000000 0.167100 0.138300 0.087300 0.188600 0.168800 0.079000 0.121100 0.098200 0.161900 0.136700 0.167000 0.188000 0.102300 0.195500 0.099500 0.112500 0.139900 0.050300 0.122700 0.103500 0.202700 0.196500 0.143600 0.185900 0.192100 0.134000 0.103500 0.121800 0.083400 0.118900 0.197500 0.160800 0.167400
Sitatunga 0.166700 0.315300 0.075300 0.324600 0.161900 0.163400 0.161400 0.155200 0.030300 0.186100 0.186900 0.112900 0.144900 0.160000 0.180400 0.149800 0.160100 0.154700 0.167100 0.000000 0.178600 0.166400 0.210000 0.202900 0.181800 0.186800 0.145100 0.025600 0.176400 0.042200 0.183800 0.155200 0.217300 0.140500 0.190300 0.130400 0.163400 0.164500 0.163300 0.191800 0.211100 0.203400 0.169500 0.200600 0.155800 0.138500 0.182000 0.152700 0.152500 0.212700 0.058500 0.064100
Oribi 0.163000 0.336500 0.179400 0.326900 0.114300 0.134100 0.108300 0.120100 0.167500 0.221000 0.132700 0.145600 0.128300 0.119200 0.114200 0.085000 0.193800 0.181600 0.138300 0.178600 0.000000 0.149600 0.220100 0.186800 0.127500 0.096400 0.134600 0.160800 0.111900 0.191200 0.206200 0.102100 0.207600 0.123700 0.154800 0.151600 0.109600 0.128500 0.091300 0.208600 0.214400 0.124700 0.203900 0.209900 0.152200 0.127800 0.121300 0.124400 0.148700 0.176900 0.159600 0.178900
BarbaryShe 0.087100 0.310700 0.141300 0.333600 0.119200 0.058300 0.131800 0.131600 0.167900 0.190600 0.081500 0.119600 0.089100 0.130500 0.138100 0.119800 0.150500 0.182500 0.087300 0.166400 0.149600 0.000000 0.195100 0.195000 0.076100 0.144600 0.095400 0.161000 0.135000 0.179300 0.188500 0.100200 0.162300 0.084100 0.110700 0.125500 0.058300 0.121400 0.126700 0.169800 0.210400 0.168900 0.186300 0.192500 0.126200 0.101500 0.152300 0.098600 0.135900 0.197200 0.159400 0.140900
Daviddeer 0.207700 0.393100 0.198100 0.279600 0.190000 0.191500 0.215800 0.195700 0.198400 0.091900 0.202300 0.190100 0.185600 0.200600 0.222400 0.190300 0.161900 0.199600 0.188600 0.210000 0.220100 0.195100 0.000000 0.082400 0.210500 0.202300 0.179000 0.204900 0.211300 0.209900 0.076600 0.163500 0.186900 0.181300 0.192600 0.209300 0.191500 0.192800 0.197900 0.094900 0.031200 0.205900 0.075800 0.092900 0.210300 0.172000 0.217200 0.205500 0.179200 0.235800 0.210400 0.210500
Reindeer 0.200500 0.365800 0.191000 0.272000 0.176200 0.184300 0.182300 0.188500 0.178700 0.097400 0.182200 0.170000 0.178400 0.180700 0.201800 0.170300 0.131700 0.180400 0.168800 0.202900 0.186800 0.195000 0.082400 0.000000 0.190100 0.169400 0.171900 0.197700 0.191300 0.177400 0.082200 0.144200 0.167000 0.174100 0.185600 0.176000 0.171400 0.185500 0.177600 0.100400 0.069300 0.186000 0.081300 0.053100 0.189800 0.164900 0.196600 0.172900 0.172700 0.214900 0.190500 0.190400
Ibex 0.090700 0.334300 0.156800 0.325300 0.097600 0.062500 0.109600 0.122200 0.170600 0.211600 0.027600 0.135600 0.118000 0.120700 0.128500 0.098500 0.171700 0.185000 0.079000 0.181800 0.127500 0.076100 0.210500 0.190100 0.000000 0.110200 0.111700 0.176500 0.125800 0.194700 0.196600 0.103400 0.171300 0.100600 0.113500 0.128900 0.038200 0.111500 0.105100 0.191700 0.218100 0.151700 0.194400 0.213900 0.129500 0.104700 0.129600 0.102300 0.132400 0.199700 0.175300 0.169200
GyrantGaze 0.158300 0.373300 0.174800 0.337800 0.115600 0.129300 0.115400 0.103100 0.175600 0.203600 0.115500 0.128400 0.123400 0.114300 0.133800 0.067800 0.176800 0.190000 0.121100 0.186800 0.096400 0.144600 0.202300 0.169400 0.110200 0.000000 0.129700 0.181600 0.094700 0.186700 0.188700 0.097100 0.189700 0.118700 0.149900 0.146800 0.092400 0.117500 0.074200 0.190800 0.210000 0.095900 0.186500 0.192900 0.147500 0.123000 0.104100 0.131700 0.144100 0.191400 0.180400 0.161800
Hartebeest 0.097800 0.297200 0.139300 0.309300 0.117400 0.087200 0.110600 0.116500 0.146400 0.193600 0.110500 0.105300 0.028300 0.128500 0.123300 0.105500 0.179200 0.167000 0.098200 0.145100 0.134600 0.095400 0.179000 0.171900 0.111700 0.129700 0.000000 0.139700 0.133000 0.144900 0.178400 0.098600 0.192600 0.022900 0.096900 0.111000 0.093700 0.094400 0.099700 0.186600 0.174000 0.146600 0.176400 0.182600 0.111500 0.099900 0.131000 0.121400 0.127300 0.154800 0.144800 0.138900
Bongo 0.174000 0.309700 0.070200 0.319300 0.156600 0.158200 0.156100 0.162500 0.025600 0.193500 0.181600 0.107600 0.139600 0.154800 0.175200 0.144600 0.167000 0.161600 0.161900 0.025600 0.160800 0.161000 0.204900 0.197700 0.176500 0.181600 0.139700 0.000000 0.184100 0.047900 0.178600 0.150000 0.212200 0.135100 0.185100 0.137400 0.158100 0.159200 0.158100 0.186600 0.206100 0.198300 0.176700 0.195500 0.150600 0.133200 0.176800 0.159800 0.147400 0.207400 0.053400 0.058900
Gerenuk 0.161100 0.355400 0.164900 0.336900 0.119100 0.132700 0.118900 0.106700 0.165700 0.212400 0.131000 0.144000 0.114600 0.117800 0.124900 0.071100 0.167300 0.167900 0.136700 0.176400 0.111900 0.135000 0.211300 0.191300 0.125800 0.094700 0.133000 0.184100 0.000000 0.201800 0.197700 0.100900 0.198700 0.122300 0.152900 0.137500 0.120300 0.121000 0.067000 0.186800 0.218700 0.111400 0.195500 0.214700 0.138100 0.126400 0.107800 0.134900 0.147100 0.193300 0.182900 0.164400
CommonElan 0.179100 0.338700 0.086500 0.334000 0.174400 0.176100 0.173900 0.167600 0.053400 0.198600 0.199700 0.112200 0.151100 0.172400 0.193200 0.162200 0.160000 0.172800 0.167000 0.042200 0.191200 0.179300 0.209900 0.177400 0.194700 0.186700 0.144900 0.047900 0.201800 0.000000 0.196400 0.167600 0.230600 0.146700 0.183900 0.123700 0.176100 0.177300 0.182200 0.204700 0.192300 0.203300 0.181800 0.187900 0.162100 0.150800 0.194900 0.164900 0.164700 0.219300 0.058500 0.063700
MuntiacusR 0.207100 0.367300 0.184600 0.271200 0.182600 0.177900 0.201900 0.182100 0.172400 0.036600 0.188600 0.163700 0.171900 0.187100 0.194900 0.176700 0.149400 0.174200 0.188000 0.183800 0.206200 0.188500 0.076600 0.082200 0.196600 0.188700 0.178400 0.178600 0.197700 0.196400 0.000000 0.150500 0.173500 0.167600 0.192100 0.195400 0.177800 0.179000 0.184200 0.083000 0.085500 0.205300 0.020900 0.081300 0.196400 0.158600 0.203200 0.192000 0.166100 0.221600 0.184200 0.184100
HarveysDui 0.126200 0.308900 0.143400 0.277100 0.096800 0.097800 0.073000 0.085000 0.144100 0.153300 0.108700 0.097700 0.092600 0.049600 0.103100 0.073900 0.133900 0.134300 0.102300 0.155200 0.102100 0.100200 0.163500 0.144200 0.103400 0.097100 0.098600 0.150000 0.100900 0.167600 0.150500 0.000000 0.157400 0.075500 0.106800 0.103400 0.085800 0.098400 0.080100 0.158100 0.171700 0.125700 0.148800 0.154800 0.103900 0.091700 0.110100 0.089700 0.101400 0.158700 0.136500 0.143000
Pronghorn 0.201800 0.334200 0.205200 0.302600 0.176800 0.178700 0.203000 0.169500 0.205600 0.175900 0.176400 0.190600 0.186000 0.175100 0.223200 0.177600 0.174900 0.187700 0.195500 0.217300 0.207600 0.162300 0.186900 0.167000 0.171300 0.189700 0.192600 0.212200 0.198700 0.230600 0.173500 0.157400 0.000000 0.181800 0.193000 0.210000 0.165700 0.180000 0.190900 0.181400 0.181900 0.206300 0.171600 0.177700 0.197500 0.152400 0.184200 0.167100 0.179300 0.251100 0.204800 0.204900
BlueWildeb 0.105600 0.285700 0.128500 0.284100 0.106400 0.082600 0.093800 0.105600 0.141700 0.183000 0.106100 0.094300 0.028600 0.105100 0.112400 0.094500 0.168600 0.156400 0.099500 0.140500 0.123700 0.084100 0.181300 0.174100 0.100600 0.118700 0.022900 0.135100 0.122300 0.146700 0.167600 0.075500 0.181800 0.000000 0.098100 0.100000 0.082500 0.083200 0.101100 0.175700 0.176200 0.148500 0.165700 0.184900 0.100500 0.088800 0.119900 0.110600 0.116500 0.143900 0.134100 0.128200
Gemsbok 0.124200 0.341700 0.178300 0.324800 0.125100 0.108200 0.137000 0.137500 0.191900 0.206900 0.119000 0.132400 0.115100 0.135800 0.143700 0.126200 0.192600 0.180600 0.112500 0.190300 0.154800 0.110700 0.192600 0.185600 0.113500 0.149900 0.096900 0.185100 0.152900 0.183900 0.192100 0.106800 0.193000 0.098100 0.000000 0.150400 0.108200 0.114800 0.120400 0.200300 0.187600 0.166500 0.190000 0.190000 0.151100 0.108000 0.163900 0.129500 0.147700 0.181800 0.183800 0.177800
Yak 0.152200 0.316800 0.131000 0.344700 0.134500 0.123200 0.134300 0.134100 0.119400 0.197500 0.134200 0.085200 0.104800 0.120600 0.153100 0.110200 0.122000 0.146200 0.139900 0.130400 0.151600 0.125500 0.209300 0.176000 0.128900 0.146800 0.111000 0.137400 0.137500 0.123700 0.195400 0.103400 0.210000 0.100000 0.150400 0.000000 0.110800 0.136700 0.116900 0.190500 0.190700 0.176400 0.180400 0.212500 0.044700 0.129500 0.154500 0.125800 0.144100 0.184900 0.124300 0.130000
BlueSheep 0.073400 0.320400 0.151300 0.319900 0.092000 0.045300 0.104000 0.116600 0.152200 0.193000 0.044800 0.117400 0.099800 0.115200 0.110500 0.092900 0.153700 0.166700 0.050300 0.163400 0.109600 0.058300 0.191500 0.171400 0.038200 0.092400 0.093700 0.158100 0.120300 0.176100 0.177800 0.085800 0.165700 0.082500 0.108200 0.110800 0.000000 0.105900 0.099500 0.172900 0.199400 0.146100 0.175800 0.195000 0.111300 0.086800 0.124000 0.084900 0.114600 0.180700 0.157000 0.151000
BohorReedb 0.134900 0.323600 0.152400 0.335700 0.056800 0.105900 0.104600 0.105000 0.166000 0.194200 0.115300 0.118200 0.100600 0.115800 0.123700 0.093500 0.166900 0.167400 0.122700 0.164500 0.128500 0.121400 0.192800 0.185500 0.111500 0.117500 0.094400 0.159200 0.121000 0.177300 0.179000 0.098400 0.180000 0.083200 0.114800 0.136700 0.105900 0.000000 0.100100 0.187200 0.200600 0.146900 0.176900 0.196200 0.137400 0.087400 0.118500 0.109400 0.121600 0.155300 0.158000 0.152000
KirksDik 0.140900 0.332400 0.157600 0.346200 0.098400 0.111900 0.098200 0.086000 0.139600 0.199300 0.110400 0.123500 0.106000 0.097300 0.116600 0.051200 0.172200 0.160300 0.103500 0.163300 0.091300 0.126700 0.197900 0.177600 0.105100 0.074200 0.099700 0.158100 0.067000 0.182200 0.184200 0.080100 0.190900 0.101100 0.120400 0.116900 0.099500 0.100100 0.000000 0.186100 0.205600 0.096700 0.182100 0.195000 0.111100 0.105600 0.080700 0.108400 0.127000 0.173400 0.163100 0.157200
RoeDeer 0.202300 0.369300 0.179700 0.288500 0.197300 0.172900 0.210300 0.184100 0.180300 0.098400 0.183800 0.171600 0.166800 0.195200 0.203100 0.178700 0.132700 0.181900 0.202700 0.191800 0.208600 0.169800 0.094900 0.100400 0.191700 0.190800 0.186600 0.186600 0.186800 0.204700 0.083000 0.158100 0.181400 0.175700 0.200300 0.190500 0.172900 0.187200 0.186100 0.000000 0.104100 0.207600 0.082200 0.099400 0.191400 0.166400 0.205500 0.200100 0.187000 0.230300 0.192200 0.179200
WhiteLippe 0.208900 0.380600 0.199400 0.272600 0.197800 0.199400 0.210200 0.190400 0.199800 0.100300 0.210000 0.197800 0.180400 0.208300 0.229700 0.198100 0.158000 0.182200 0.196500 0.211100 0.214400 0.210400 0.031200 0.069300 0.218100 0.210000 0.174000 0.206100 0.218700 0.192300 0.085500 0.171700 0.181900 0.176200 0.187600 0.190700 0.199400 0.200600 0.205600 0.104100 0.000000 0.213400 0.084600 0.102000 0.204400 0.167300 0.224700 0.200300 0.174500 0.216200 0.198900 0.211600
ThomsonGaz 0.162100 0.365900 0.204400 0.346900 0.132200 0.158800 0.132000 0.131800 0.192300 0.220000 0.156800 0.170400 0.152900 0.130700 0.125800 0.096500 0.192800 0.219100 0.143600 0.203400 0.124700 0.168900 0.205900 0.186000 0.151700 0.095900 0.146600 0.198300 0.111400 0.203300 0.205300 0.125700 0.206300 0.148500 0.166500 0.176400 0.146100 0.146900 0.096700 0.207600 0.213400 0.000000 0.203000 0.209400 0.164200 0.152400 0.108400 0.135700 0.148100 0.188900 0.191100 0.203900
MuntiacusC 0.204800 0.369700 0.182600 0.275800 0.180600 0.175900 0.199600 0.167400 0.170500 0.015000 0.186500 0.161900 0.170000 0.185000 0.206000 0.174800 0.136200 0.172300 0.185900 0.169500 0.203900 0.186300 0.075800 0.081300 0.194400 0.186500 0.176400 0.176700 0.195500 0.181800 0.020900 0.148800 0.171600 0.165700 0.190000 0.180400 0.175800 0.176900 0.182100 0.082200 0.084600 0.203000 0.000000 0.080500 0.194100 0.156800 0.200900 0.177300 0.164300 0.219000 0.182200 0.182200
WhiteTaile 0.211100 0.376800 0.201400 0.296900 0.199700 0.195100 0.219000 0.199200 0.189100 0.085200 0.205700 0.168000 0.189100 0.191200 0.219500 0.194000 0.153700 0.166000 0.192100 0.200600 0.209900 0.192500 0.092900 0.053100 0.213900 0.192900 0.182600 0.195500 0.214700 0.187900 0.081300 0.154800 0.177700 0.184900 0.190000 0.212500 0.195000 0.196200 0.195000 0.099400 0.102000 0.209400 0.080500 0.000000 0.213600 0.175700 0.220500 0.196000 0.195800 0.238800 0.175800 0.188300
Cattle 0.152900 0.317700 0.144100 0.315000 0.135100 0.123900 0.135000 0.134700 0.132300 0.211400 0.134700 0.074200 0.105400 0.133600 0.153900 0.110700 0.158900 0.146800 0.134000 0.155800 0.152200 0.126200 0.210300 0.189800 0.129500 0.147500 0.111500 0.150600 0.138100 0.162100 0.196400 0.103900 0.197500 0.100500 0.151100 0.044700 0.111300 0.137400 0.111100 0.191400 0.204400 0.164200 0.194100 0.213600 0.000000 0.117500 0.142300 0.126300 0.144800 0.172600 0.149600 0.143800
RoyalAntel 0.108600 0.338200 0.139100 0.295400 0.097900 0.086900 0.110000 0.085700 0.139700 0.173900 0.110000 0.111200 0.106200 0.121200 0.116700 0.099000 0.147400 0.147900 0.103500 0.138500 0.127800 0.101500 0.172000 0.164900 0.104700 0.123000 0.099900 0.133200 0.126400 0.150800 0.158600 0.091700 0.152400 0.088800 0.108000 0.129500 0.086800 0.087400 0.105600 0.166400 0.167300 0.152400 0.156800 0.175700 0.117500 0.000000 0.136700 0.090700 0.078500 0.147800 0.144600 0.138700
Steenbok 0.165900 0.316900 0.182900 0.341900 0.116700 0.136700 0.128800 0.116000 0.170800 0.218200 0.134900 0.135800 0.124600 0.127400 0.147500 0.074600 0.184500 0.198000 0.121800 0.182000 0.121300 0.152300 0.217200 0.196600 0.129600 0.104100 0.131000 0.176800 0.107800 0.194900 0.203200 0.110100 0.184200 0.119900 0.163900 0.154500 0.124000 0.118500 0.080700 0.205500 0.224700 0.108400 0.200900 0.220500 0.142300 0.136700 0.000000 0.114200 0.145200 0.192900 0.175500 0.182400
Impala 0.112800 0.309500 0.165700 0.294600 0.095700 0.096800 0.107600 0.119400 0.154000 0.181500 0.107600 0.120100 0.127600 0.106500 0.113300 0.108200 0.155900 0.168400 0.083400 0.152700 0.124400 0.098600 0.205500 0.172900 0.102300 0.131700 0.121400 0.159800 0.134900 0.164900 0.192000 0.089700 0.167100 0.110600 0.129500 0.125800 0.084900 0.109400 0.108400 0.200100 0.200300 0.135700 0.177300 0.196000 0.126300 0.090700 0.114200 0.000000 0.099800 0.168900 0.158900 0.165400
Klipspring 0.136800 0.350400 0.153200 0.300300 0.119700 0.126900 0.131700 0.106700 0.141600 0.181000 0.137600 0.126000 0.133500 0.142700 0.125400 0.120300 0.173700 0.173900 0.118900 0.152500 0.148700 0.135900 0.179200 0.172700 0.132400 0.144100 0.127300 0.147400 0.147100 0.164700 0.166100 0.101400 0.179300 0.116500 0.147700 0.144100 0.114600 0.121600 0.127000 0.187000 0.174500 0.148100 0.164300 0.195800 0.144800 0.078500 0.145200 0.099800 0.000000 0.188500 0.140700 0.152800
ForestMusk 0.210200 0.390600 0.199900 0.337000 0.178500 0.180400 0.178300 0.165000 0.214500 0.236400 0.198700 0.173000 0.148400 0.176600 0.191200 0.166200 0.221300 0.201900 0.197500 0.212700 0.176900 0.197200 0.235800 0.214900 0.199700 0.191400 0.154800 0.207400 0.193300 0.219300 0.221600 0.158700 0.251100 0.143900 0.181800 0.184900 0.180700 0.155300 0.173400 0.230300 0.216200 0.188900 0.219000 0.238800 0.172600 0.147800 0.192900 0.168900 0.188500 0.000000 0.218500 0.212900
Bushbuck 0.172900 0.338200 0.081000 0.334900 0.155500 0.157000 0.155100 0.161300 0.059000 0.199000 0.180400 0.106900 0.138600 0.153700 0.174000 0.143600 0.148400 0.160400 0.160800 0.058500 0.159600 0.159400 0.210400 0.190500 0.175300 0.180400 0.144800 0.053400 0.182900 0.058500 0.184200 0.136500 0.204800 0.134100 0.183800 0.124300 0.157000 0.158000 0.163100 0.192200 0.198900 0.191100 0.182200 0.175800 0.149600 0.144600 0.175500 0.158900 0.140700 0.218500 0.000000 0.058600
GreaterKud 0.166900 0.364100 0.053300 0.304900 0.162100 0.151100 0.161600 0.155500 0.064600 0.198900 0.174300 0.100700 0.120400 0.160200 0.180800 0.137800 0.148100 0.166900 0.167400 0.064100 0.178900 0.140900 0.210500 0.190400 0.169200 0.161800 0.138900 0.058900 0.164400 0.063700 0.184100 0.143000 0.204900 0.128200 0.177800 0.130000 0.151000 0.152000 0.157200 0.179200 0.211600 0.203900 0.182200 0.188300 0.143800 0.138700 0.182400 0.165400 0.152800 0.212900 0.058600 0.000000
