1
52 1
Argali 0.000000 0.171400 0.198400 0.421400 0.093700 0.000100 0.061400 0.118100 0.172200 0.126800 0.039400 0.205500 0.079900 0.100900 0.103600 0.081400 0.174300 0.168300 0.060300 0.198400 0.103700 0.019300 0.106500 0.127100 0.039400 0.124700 0.078600 0.253800 0.081000 0.196300 0.127900 0.081300 0.144500 0.059100 0.099900 0.153200 0.058800 0.143700 0.080900 0.148900 0.106500 0.150200 0.105700 0.148600 0.152900 0.102800 0.190600 0.059300 0.103300 0.148100 0.171700 0.220600
LesserMous 0.171400 0.000000 0.315800 0.325900 0.199300 0.171000 0.155900 0.263700 0.285100 0.226700 0.128000 0.328100 0.173900 0.150600 0.203200 0.176800 0.281500 0.218500 0.153100 0.315800 0.202400 0.150400 0.206400 0.227700 0.128100 0.227200 0.169900 0.350000 0.176300 0.311800 0.229600 0.130000 0.172300 0.149300 0.195000 0.208400 0.148400 0.208400 0.176200 0.207500 0.206400 0.258900 0.204600 0.248400 0.207600 0.202700 0.301600 0.198000 0.202000 0.199100 0.284300 0.338600
LesserKudu 0.198400 0.315800 0.000000 0.483000 0.123000 0.198400 0.133800 0.240600 0.020100 0.131800 0.154000 0.135900 0.105300 0.127500 0.085700 0.154900 0.155900 0.150100 0.180500 0.000000 0.131800 0.176900 0.111300 0.132300 0.154300 0.153100 0.148200 0.041700 0.154200 0.000100 0.133400 0.155000 0.127400 0.127600 0.172400 0.087100 0.174900 0.173900 0.177800 0.100900 0.111300 0.181000 0.110300 0.154300 0.086800 0.130900 0.222400 0.128500 0.179700 0.178700 0.020100 0.020000
KillerWhal 0.421400 0.325900 0.483000 0.000000 0.381600 0.419700 0.342300 0.468700 0.521000 0.441200 0.364800 0.423500 0.425900 0.331600 0.339000 0.367000 0.472000 0.483300 0.405300 0.483000 0.336300 0.394100 0.417700 0.443400 0.366200 0.429600 0.381500 0.529600 0.365400 0.475800 0.447600 0.306800 0.377200 0.390900 0.424400 0.417200 0.387500 0.386300 0.397000 0.473500 0.417700 0.475500 0.414500 0.488100 0.417300 0.401600 0.527300 0.374800 0.380100 0.449700 0.516300 0.437600
DefassaWat 0.093700 0.199300 0.123000 0.381600 0.000000 0.092600 0.025800 0.137200 0.096700 0.142300 0.051000 0.178000 0.047800 0.072100 0.024100 0.049800 0.166000 0.160200 0.072700 0.123000 0.073800 0.072300 0.120100 0.142800 0.049700 0.095000 0.092400 0.176000 0.051100 0.120700 0.144900 0.051400 0.160600 0.071900 0.116500 0.124400 0.073100 0.039800 0.074100 0.164800 0.120100 0.121300 0.119800 0.164700 0.125000 0.027100 0.165000 0.116800 0.073300 0.164500 0.096800 0.143900
Sheep 0.000100 0.171000 0.198400 0.419700 0.092600 0.000000 0.061400 0.118100 0.172200 0.126700 0.039400 0.205200 0.079800 0.100900 0.103400 0.081300 0.174100 0.168200 0.060200 0.198400 0.103600 0.019300 0.106500 0.127100 0.039400 0.124600 0.078500 0.253800 0.081000 0.196400 0.127800 0.081200 0.144200 0.059000 0.099900 0.153200 0.058800 0.143600 0.080900 0.148800 0.106500 0.150100 0.105600 0.148500 0.152800 0.102700 0.190300 0.059300 0.103200 0.147900 0.171800 0.220500
MaxwellsDu 0.061400 0.155900 0.133800 0.342300 0.025800 0.061400 0.000000 0.101800 0.109000 0.109900 0.020500 0.138600 0.062300 0.040800 0.042000 0.020600 0.133200 0.128600 0.041900 0.133800 0.042000 0.041200 0.088900 0.110300 0.020500 0.063000 0.061100 0.186700 0.020600 0.132500 0.111200 0.020600 0.128800 0.040900 0.082800 0.088800 0.040700 0.083000 0.041400 0.132500 0.088900 0.086800 0.088200 0.132300 0.088600 0.041700 0.128000 0.084400 0.041900 0.131400 0.108600 0.155400
GazellaPrz 0.118100 0.263700 0.240600 0.468700 0.137200 0.118100 0.101800 0.000000 0.213800 0.215900 0.120400 0.248900 0.163800 0.140700 0.144100 0.078800 0.240800 0.232800 0.144400 0.240600 0.100400 0.098600 0.195800 0.216600 0.120900 0.120600 0.160800 0.297400 0.078200 0.237900 0.218100 0.120900 0.232600 0.141000 0.184400 0.195200 0.097700 0.184400 0.098700 0.239500 0.195800 0.145100 0.194300 0.238700 0.194800 0.142700 0.184300 0.141700 0.100000 0.238600 0.213300 0.262800
MountainNy 0.172200 0.285100 0.020100 0.521000 0.096700 0.172200 0.109000 0.213800 0.000000 0.153800 0.128900 0.158800 0.082500 0.103900 0.107400 0.129700 0.178800 0.172200 0.154300 0.020100 0.154100 0.151200 0.133500 0.154400 0.129100 0.128300 0.124100 0.062800 0.129100 0.019900 0.155800 0.129900 0.149100 0.103900 0.147400 0.108900 0.149500 0.149100 0.152000 0.122800 0.133500 0.154600 0.132200 0.176400 0.108600 0.106700 0.195800 0.150100 0.153600 0.201400 0.000100 0.040100
MuntiacusM 0.126800 0.226700 0.131800 0.441200 0.142300 0.126700 0.109900 0.215900 0.153800 0.000000 0.084300 0.137200 0.128000 0.150900 0.108600 0.130900 0.133200 0.128100 0.107900 0.131800 0.108700 0.105900 0.020800 0.041200 0.084400 0.178000 0.125800 0.183200 0.130400 0.130500 0.041600 0.130500 0.104700 0.105100 0.149100 0.087800 0.104700 0.197700 0.130200 0.061800 0.020800 0.207500 0.020800 0.020000 0.087500 0.154100 0.249400 0.106300 0.155000 0.062200 0.153500 0.153300
goat 0.039400 0.128000 0.154000 0.364800 0.051000 0.039400 0.020500 0.120400 0.128900 0.084300 0.000000 0.159500 0.039900 0.060500 0.062200 0.040700 0.130400 0.125700 0.020100 0.154000 0.062200 0.019800 0.063800 0.084500 0.000100 0.082900 0.039200 0.207100 0.040400 0.152400 0.085200 0.040600 0.103000 0.019700 0.059700 0.109400 0.019500 0.102600 0.040300 0.105800 0.063800 0.107000 0.063300 0.105700 0.109100 0.061500 0.147500 0.060800 0.061900 0.105200 0.128600 0.175500
AfricanBuf 0.205500 0.328100 0.135900 0.423500 0.178000 0.205200 0.138600 0.248900 0.158800 0.137200 0.159500 0.000000 0.208400 0.181400 0.136700 0.160500 0.161000 0.206600 0.187200 0.135900 0.136700 0.183500 0.115800 0.137600 0.159600 0.211100 0.203700 0.189500 0.159800 0.134700 0.089800 0.160300 0.181400 0.181900 0.179100 0.090400 0.181200 0.231200 0.184200 0.154600 0.115800 0.244100 0.114700 0.160500 0.090100 0.135200 0.231200 0.183600 0.186400 0.186300 0.158100 0.157700
Topi 0.079900 0.173900 0.105300 0.425900 0.047800 0.079800 0.062300 0.163800 0.082500 0.128000 0.039900 0.208400 0.000000 0.059700 0.061400 0.082400 0.176600 0.170400 0.061000 0.105300 0.104900 0.060200 0.107700 0.128300 0.039900 0.126300 0.038600 0.153900 0.082100 0.104300 0.129400 0.082500 0.146300 0.019400 0.058900 0.155200 0.059500 0.101400 0.082000 0.150300 0.107700 0.152100 0.106800 0.150000 0.154800 0.061000 0.193000 0.059900 0.104600 0.149400 0.082300 0.126200
CommonDuik 0.100900 0.150600 0.127500 0.331600 0.072100 0.100900 0.040800 0.140700 0.103900 0.150900 0.060500 0.181400 0.059700 0.000000 0.082700 0.060900 0.175000 0.168700 0.082500 0.127500 0.082600 0.081100 0.130700 0.151400 0.060600 0.103500 0.058500 0.177600 0.060600 0.126200 0.152800 0.019900 0.124300 0.039200 0.079300 0.130600 0.080300 0.080100 0.081500 0.173600 0.130700 0.128200 0.129600 0.173100 0.130300 0.082200 0.168500 0.080700 0.082300 0.172700 0.103700 0.148500
Suni 0.103600 0.203200 0.085700 0.339000 0.024100 0.103400 0.042000 0.144100 0.107400 0.108600 0.062200 0.136700 0.061400 0.082700 0.000000 0.062500 0.145200 0.139800 0.084800 0.085700 0.041500 0.083300 0.088000 0.109000 0.062200 0.106200 0.102800 0.134200 0.062300 0.085000 0.109700 0.062600 0.127700 0.082600 0.125700 0.087700 0.082400 0.081800 0.083700 0.130900 0.088000 0.131800 0.087200 0.130700 0.087400 0.041100 0.172700 0.083200 0.084600 0.129900 0.107200 0.106700
Springbuck 0.081400 0.176800 0.154900 0.367000 0.049800 0.081300 0.020600 0.078800 0.129700 0.130900 0.040700 0.160500 0.082400 0.060900 0.062500 0.000000 0.154700 0.149100 0.062400 0.154900 0.020300 0.061300 0.110300 0.131300 0.040700 0.040600 0.080900 0.208300 0.000100 0.153300 0.132400 0.041000 0.149400 0.060900 0.102800 0.110100 0.060700 0.103100 0.020000 0.153500 0.110300 0.062700 0.109400 0.153300 0.109800 0.062100 0.102900 0.104800 0.020200 0.152400 0.129400 0.176400
Okapi 0.174300 0.281500 0.155900 0.472000 0.166000 0.174100 0.133200 0.240800 0.178800 0.133200 0.130400 0.161000 0.176600 0.175000 0.145200 0.154700 0.000000 0.038800 0.155800 0.155900 0.132000 0.153300 0.112400 0.133700 0.130300 0.152800 0.172800 0.209300 0.154000 0.154600 0.134400 0.154300 0.125700 0.151900 0.198100 0.161100 0.151300 0.221600 0.151800 0.108600 0.112400 0.180900 0.111400 0.154500 0.160700 0.178700 0.221900 0.167500 0.179600 0.178600 0.178000 0.177500
Giraffe 0.168300 0.218500 0.150100 0.483300 0.160200 0.168200 0.128600 0.232800 0.172200 0.128100 0.125700 0.206600 0.170400 0.168700 0.139800 0.149100 0.038800 0.000000 0.149800 0.150100 0.127100 0.147800 0.108000 0.128600 0.125700 0.147500 0.166900 0.201200 0.148500 0.148700 0.129200 0.148800 0.121400 0.146600 0.191400 0.107100 0.146000 0.213800 0.146400 0.061000 0.108000 0.174200 0.107000 0.148700 0.106800 0.172200 0.214200 0.161500 0.173000 0.125000 0.171500 0.171300
TibetanAnt 0.060300 0.153100 0.180500 0.405300 0.072700 0.060200 0.041900 0.144400 0.154300 0.107900 0.020100 0.187200 0.061000 0.082500 0.084800 0.062400 0.155800 0.149800 0.000000 0.180500 0.084800 0.040500 0.087100 0.108200 0.020100 0.106300 0.059900 0.182500 0.062200 0.178700 0.109100 0.062500 0.126800 0.040100 0.081200 0.134300 0.040000 0.126400 0.062100 0.130000 0.087100 0.131800 0.086500 0.130000 0.133900 0.084400 0.125600 0.082600 0.084500 0.128800 0.154000 0.202600
Sitatunga 0.198400 0.315800 0.000000 0.483000 0.123000 0.198400 0.133800 0.240600 0.020100 0.131800 0.154000 0.135900 0.105300 0.127500 0.085700 0.154900 0.155900 0.150100 0.180500 0.000000 0.131800 0.176900 0.111300 0.132300 0.154300 0.153100 0.148200 0.042200 0.154200 0.000100 0.133400 0.155000 0.127400 0.127600 0.172400 0.087100 0.174900 0.173900 0.177800 0.100900 0.111300 0.181000 0.110300 0.154300 0.086800 0.130900 0.222400 0.128500 0.179700 0.178700 0.020100 0.020000
Oribi 0.103700 0.202400 0.131800 0.336300 0.073800 0.103600 0.042000 0.100400 0.154100 0.108700 0.062200 0.136700 0.104900 0.082600 0.041500 0.020300 0.132000 0.127100 0.084800 0.131800 0.000000 0.083300 0.088000 0.109000 0.062200 0.061900 0.103000 0.183500 0.020200 0.130600 0.109800 0.062500 0.127200 0.082700 0.125600 0.087700 0.082400 0.125800 0.040700 0.130900 0.088000 0.085200 0.087200 0.130900 0.087400 0.084200 0.125700 0.083500 0.041200 0.130300 0.153800 0.153300
BarbaryShe 0.019300 0.150400 0.176900 0.394100 0.072300 0.019300 0.041200 0.098600 0.151200 0.105900 0.019800 0.183500 0.060200 0.081100 0.083300 0.061300 0.153300 0.147800 0.040500 0.176900 0.083300 0.000000 0.085500 0.106200 0.019800 0.104200 0.059200 0.231400 0.061100 0.175000 0.107000 0.061300 0.124000 0.039600 0.080100 0.131900 0.039400 0.123700 0.061000 0.127800 0.085500 0.129100 0.084900 0.127600 0.131600 0.082600 0.169800 0.039600 0.083000 0.127100 0.150900 0.198700
Daviddeer 0.106500 0.206400 0.111300 0.417700 0.120100 0.106500 0.088900 0.195800 0.133500 0.020800 0.063800 0.115800 0.107700 0.130700 0.088000 0.110300 0.112400 0.108000 0.087100 0.111300 0.088000 0.085500 0.000000 0.020900 0.063900 0.157300 0.105800 0.162500 0.109900 0.110100 0.021100 0.110000 0.084700 0.084900 0.128900 0.066700 0.084500 0.177500 0.109700 0.041700 0.000000 0.186200 0.000100 0.041500 0.066500 0.133600 0.228800 0.085800 0.134200 0.086400 0.133200 0.132800
Reindeer 0.127100 0.227700 0.132300 0.443400 0.142800 0.127100 0.110300 0.216600 0.154400 0.041200 0.084500 0.137600 0.128300 0.151400 0.109000 0.131300 0.133700 0.128600 0.108200 0.132300 0.109000 0.106200 0.020900 0.000000 0.084600 0.155300 0.126200 0.183900 0.130800 0.130900 0.041700 0.131000 0.105300 0.105400 0.149600 0.088100 0.105100 0.198300 0.130600 0.062000 0.020900 0.184000 0.020700 0.020100 0.087800 0.154600 0.250200 0.106600 0.155600 0.107500 0.154100 0.153800
Ibex 0.039400 0.128100 0.154300 0.366200 0.049700 0.039400 0.020500 0.120900 0.129100 0.084400 0.000100 0.159600 0.039900 0.060600 0.062200 0.040700 0.130300 0.125700 0.020100 0.154300 0.062200 0.019800 0.063900 0.084600 0.000000 0.083000 0.039200 0.207500 0.040600 0.152700 0.085200 0.040800 0.103300 0.019700 0.059700 0.109500 0.019600 0.102600 0.040500 0.105900 0.063900 0.107100 0.063400 0.105800 0.109200 0.061800 0.147600 0.060900 0.062000 0.105300 0.128900 0.175800
GyrantGaze 0.124700 0.227200 0.153100 0.429600 0.095000 0.124600 0.063000 0.120600 0.128300 0.178000 0.082900 0.211100 0.126300 0.103500 0.106200 0.040600 0.152800 0.147500 0.106300 0.153100 0.061900 0.104200 0.157300 0.155300 0.083000 0.000000 0.141400 0.206000 0.040400 0.151500 0.180200 0.083500 0.159000 0.103500 0.147100 0.155800 0.103100 0.147500 0.061100 0.151700 0.157300 0.020000 0.156000 0.192000 0.156900 0.105600 0.102000 0.149600 0.020100 0.200500 0.128100 0.174600
Hartebeest 0.078600 0.169900 0.148200 0.381500 0.092400 0.078500 0.061100 0.160800 0.124100 0.125800 0.039200 0.203700 0.038600 0.058500 0.102800 0.080900 0.172800 0.166900 0.059900 0.148200 0.103000 0.059200 0.105800 0.126200 0.039200 0.141400 0.000000 0.198700 0.080600 0.146700 0.126900 0.080800 0.143400 0.019100 0.057900 0.152200 0.058500 0.142400 0.080400 0.147600 0.105800 0.168500 0.105000 0.147300 0.151800 0.102100 0.188900 0.055400 0.101300 0.144100 0.123900 0.169300
Bongo 0.253800 0.350000 0.041700 0.529600 0.176000 0.253800 0.186700 0.297400 0.062800 0.183200 0.207100 0.189500 0.153900 0.177600 0.134200 0.208300 0.209300 0.201200 0.182500 0.042200 0.183500 0.231400 0.162500 0.183900 0.207500 0.206000 0.198700 0.000000 0.207400 0.041400 0.185700 0.208700 0.177300 0.177500 0.225000 0.136100 0.228600 0.227700 0.232700 0.151300 0.162500 0.237300 0.160900 0.206800 0.135700 0.182700 0.224700 0.178400 0.235100 0.233100 0.062700 0.062400
Gerenuk 0.081000 0.176300 0.154200 0.365400 0.051100 0.081000 0.020600 0.078200 0.129100 0.130400 0.040400 0.159800 0.082100 0.060600 0.062300 0.000100 0.154000 0.148500 0.062200 0.154200 0.020200 0.061100 0.109900 0.130800 0.040600 0.040400 0.080600 0.207400 0.000000 0.152700 0.131900 0.040700 0.148800 0.060700 0.102300 0.109600 0.060200 0.102700 0.019900 0.152900 0.109900 0.062500 0.109000 0.152700 0.109300 0.061600 0.102500 0.104400 0.020100 0.152100 0.128800 0.175800
CommonElan 0.196300 0.311800 0.000100 0.475800 0.120700 0.196400 0.132500 0.237900 0.019900 0.130500 0.152400 0.134700 0.104300 0.126200 0.085000 0.153300 0.154600 0.148700 0.178700 0.000100 0.130600 0.175000 0.110100 0.130900 0.152700 0.151500 0.146700 0.041400 0.152700 0.000000 0.132100 0.153400 0.126000 0.126300 0.170500 0.086300 0.173100 0.172000 0.176000 0.099500 0.110100 0.179000 0.109100 0.152700 0.086000 0.129500 0.220000 0.127200 0.177800 0.176700 0.019900 0.019900
MuntiacusR 0.127900 0.229600 0.133400 0.447600 0.144900 0.127800 0.111200 0.218100 0.155800 0.041600 0.085200 0.089800 0.129400 0.152800 0.109700 0.132400 0.134400 0.129200 0.109100 0.133400 0.109800 0.107000 0.021100 0.041700 0.085200 0.180200 0.126900 0.185700 0.131900 0.132100 0.000000 0.132200 0.106200 0.106200 0.104700 0.088800 0.105800 0.200500 0.131600 0.062400 0.021100 0.210100 0.020900 0.062200 0.088400 0.108600 0.200400 0.107100 0.156700 0.108000 0.155500 0.154900
HarveysDui 0.081300 0.130000 0.155000 0.306800 0.051400 0.081200 0.020600 0.120900 0.129900 0.130500 0.040600 0.160300 0.082500 0.019900 0.062600 0.041000 0.154300 0.148800 0.062500 0.155000 0.062500 0.061300 0.110000 0.131000 0.040800 0.083500 0.080800 0.208700 0.040700 0.153400 0.132200 0.000000 0.104600 0.060900 0.102700 0.110000 0.060500 0.060700 0.061400 0.153100 0.110000 0.107700 0.109100 0.152800 0.109700 0.062200 0.148600 0.104500 0.062300 0.152100 0.129600 0.176400
Pronghorn 0.144500 0.172300 0.127400 0.377200 0.160600 0.144200 0.128800 0.232600 0.149100 0.104700 0.103000 0.181400 0.146300 0.124300 0.127700 0.149400 0.125700 0.121400 0.126800 0.127400 0.127200 0.124000 0.084700 0.105300 0.103300 0.159000 0.143400 0.177300 0.148800 0.126000 0.106200 0.104600 0.000000 0.123400 0.166800 0.130400 0.122900 0.168200 0.148600 0.081700 0.084700 0.187600 0.084100 0.125100 0.130200 0.173500 0.214700 0.123800 0.172700 0.124400 0.148800 0.148000
BlueWildeb 0.059100 0.149300 0.127600 0.390900 0.071900 0.059000 0.040900 0.141000 0.103900 0.105100 0.019700 0.181900 0.019400 0.039200 0.082600 0.060900 0.151900 0.146600 0.040100 0.127600 0.082700 0.039600 0.084900 0.105400 0.019700 0.103500 0.019100 0.177500 0.060700 0.126300 0.106200 0.060900 0.123400 0.000000 0.038700 0.131000 0.039100 0.122700 0.060600 0.126900 0.084900 0.128200 0.084200 0.126700 0.130600 0.082000 0.168400 0.039400 0.082400 0.126200 0.103700 0.148700
Gemsbok 0.099900 0.195000 0.172400 0.424400 0.116500 0.099900 0.082800 0.184400 0.147400 0.149100 0.059700 0.179100 0.058900 0.079300 0.125700 0.102800 0.198100 0.191400 0.081200 0.172400 0.125600 0.080100 0.128900 0.149600 0.059700 0.147100 0.057900 0.225000 0.102300 0.170500 0.104700 0.102700 0.166800 0.038700 0.000000 0.176800 0.079200 0.165800 0.102300 0.171700 0.128900 0.173700 0.127900 0.171200 0.176400 0.081000 0.166600 0.080000 0.125200 0.171100 0.147100 0.171400
Yak 0.153200 0.208400 0.087100 0.417200 0.124400 0.153200 0.088800 0.195200 0.108900 0.087800 0.109400 0.090400 0.155200 0.130600 0.087700 0.110100 0.161100 0.107100 0.134300 0.087100 0.087700 0.131900 0.066700 0.088100 0.109500 0.155800 0.152200 0.136100 0.109600 0.086300 0.088800 0.110000 0.130400 0.131000 0.176800 0.000000 0.130400 0.177300 0.132600 0.054600 0.066700 0.184900 0.066100 0.110200 0.000100 0.133500 0.228800 0.132100 0.132800 0.086300 0.108700 0.108300
BlueSheep 0.058800 0.148400 0.174900 0.387500 0.073100 0.058800 0.040700 0.097700 0.149500 0.104700 0.019500 0.181200 0.059500 0.080300 0.082400 0.060700 0.151300 0.146000 0.040000 0.174900 0.082400 0.039400 0.084500 0.105100 0.019600 0.103100 0.058500 0.228600 0.060200 0.173100 0.105800 0.060500 0.122900 0.039100 0.079200 0.130400 0.000000 0.122700 0.060100 0.126400 0.084500 0.127700 0.083900 0.126200 0.130100 0.081500 0.167900 0.080700 0.082100 0.125600 0.149200 0.196500
BohorReedb 0.143700 0.208400 0.173900 0.386300 0.039800 0.143600 0.083000 0.184400 0.149100 0.197700 0.102600 0.231200 0.101400 0.080100 0.081800 0.103100 0.221600 0.213800 0.126400 0.173900 0.125800 0.123700 0.177500 0.198300 0.102600 0.147500 0.142400 0.227700 0.102700 0.172000 0.200500 0.060700 0.168200 0.122700 0.165800 0.177300 0.122700 0.000000 0.124300 0.221000 0.177500 0.174400 0.176200 0.219800 0.177100 0.081700 0.214800 0.168600 0.125500 0.219100 0.148700 0.195000
KirksDik 0.080900 0.176200 0.177800 0.397000 0.074100 0.080900 0.041400 0.098700 0.152000 0.130200 0.040300 0.184200 0.082000 0.081500 0.083700 0.020000 0.151800 0.146400 0.062100 0.177800 0.040700 0.061000 0.109700 0.130600 0.040500 0.061100 0.080400 0.232700 0.019900 0.176000 0.131600 0.061400 0.148600 0.060600 0.102300 0.132600 0.060100 0.124300 0.000000 0.152700 0.109700 0.084000 0.108700 0.152400 0.132300 0.082800 0.124100 0.104200 0.040600 0.151900 0.151700 0.199700
RoeDeer 0.148900 0.207500 0.100900 0.473500 0.164800 0.148800 0.132500 0.239500 0.122800 0.061800 0.105800 0.154600 0.150300 0.173600 0.130900 0.153500 0.108600 0.061000 0.130000 0.100900 0.130900 0.127800 0.041700 0.062000 0.105900 0.151700 0.147600 0.151300 0.152900 0.099500 0.062400 0.153100 0.081700 0.126900 0.171700 0.054600 0.126400 0.221000 0.152700 0.000000 0.041700 0.179200 0.041300 0.082200 0.054800 0.177300 0.220800 0.128300 0.178000 0.083400 0.122500 0.122200
WhiteLippe 0.106500 0.206400 0.111300 0.417700 0.120100 0.106500 0.088900 0.195800 0.133500 0.020800 0.063800 0.115800 0.107700 0.130700 0.088000 0.110300 0.112400 0.108000 0.087100 0.111300 0.088000 0.085500 0.000000 0.020900 0.063900 0.157300 0.105800 0.162500 0.109900 0.110100 0.021100 0.110000 0.084700 0.084900 0.128900 0.066700 0.084500 0.177500 0.109700 0.041700 0.000000 0.186200 0.000100 0.041500 0.066500 0.133600 0.228800 0.085800 0.134200 0.086400 0.133200 0.132800
ThomsonGaz 0.150200 0.258900 0.181000 0.475500 0.121300 0.150100 0.086800 0.145100 0.154600 0.207500 0.107000 0.244100 0.152100 0.128200 0.131800 0.062700 0.180900 0.174200 0.131800 0.181000 0.085200 0.129100 0.186200 0.184000 0.107100 0.020000 0.168500 0.237300 0.062500 0.179000 0.210100 0.107700 0.187600 0.128200 0.173700 0.184900 0.127700 0.174400 0.084000 0.179200 0.186200 0.000000 0.184700 0.223700 0.185700 0.130800 0.103400 0.176900 0.041500 0.231100 0.154400 0.203200
MuntiacusC 0.105700 0.204600 0.110300 0.414500 0.119800 0.105600 0.088200 0.194300 0.132200 0.020800 0.063300 0.114700 0.106800 0.129600 0.087200 0.109400 0.111400 0.107000 0.086500 0.110300 0.087200 0.084900 0.000100 0.020700 0.063400 0.156000 0.105000 0.160900 0.109000 0.109100 0.020900 0.109100 0.084100 0.084200 0.127900 0.066100 0.083900 0.176200 0.108700 0.041300 0.000100 0.184700 0.000000 0.041200 0.065900 0.132500 0.226800 0.085200 0.133100 0.085700 0.132000 0.131600
WhiteTaile 0.148600 0.248400 0.154300 0.488100 0.164700 0.148500 0.132300 0.238700 0.176400 0.020000 0.105700 0.160500 0.150000 0.173100 0.130700 0.153300 0.154500 0.148700 0.130000 0.154300 0.130900 0.127600 0.041500 0.020100 0.105800 0.192000 0.147300 0.206800 0.152700 0.152700 0.062200 0.152800 0.125100 0.126700 0.171200 0.110200 0.126200 0.219800 0.152400 0.082200 0.041500 0.223700 0.041200 0.000000 0.109900 0.176800 0.273200 0.128100 0.177900 0.082900 0.176100 0.175800
Cattle 0.152900 0.207600 0.086800 0.417300 0.125000 0.152800 0.088600 0.194800 0.108600 0.087500 0.109100 0.090100 0.154800 0.130300 0.087400 0.109800 0.160700 0.106800 0.133900 0.086800 0.087400 0.131600 0.066500 0.087800 0.109200 0.156900 0.151800 0.135700 0.109300 0.086000 0.088400 0.109700 0.130200 0.130600 0.176400 0.000100 0.130100 0.177100 0.132300 0.054800 0.066500 0.185700 0.065900 0.109900 0.000000 0.133200 0.228200 0.131800 0.133800 0.086100 0.108400 0.108000
RoyalAntel 0.102800 0.202700 0.130900 0.401600 0.027100 0.102700 0.041700 0.142700 0.106700 0.154100 0.061500 0.135200 0.061000 0.082200 0.041100 0.062100 0.178700 0.172200 0.084400 0.130900 0.084200 0.082600 0.133600 0.154600 0.061800 0.105600 0.102100 0.182700 0.061600 0.129500 0.108600 0.062200 0.173500 0.082000 0.081000 0.133500 0.081500 0.081700 0.082800 0.177300 0.133600 0.130800 0.132500 0.176800 0.133200 0.000000 0.125600 0.126800 0.083900 0.175800 0.106500 0.152100
Steenbok 0.190600 0.301600 0.222400 0.527300 0.165000 0.190300 0.128000 0.184300 0.195800 0.249400 0.147500 0.231200 0.193000 0.168500 0.172700 0.102900 0.221900 0.214200 0.125600 0.222400 0.125700 0.169800 0.228800 0.250200 0.147600 0.102000 0.188900 0.224700 0.102500 0.220000 0.200400 0.148600 0.214700 0.168400 0.166600 0.228800 0.167900 0.214800 0.124100 0.220800 0.228800 0.103400 0.226800 0.273200 0.228200 0.125600 0.000000 0.217900 0.125400 0.273200 0.195300 0.244400
Impala 0.059300 0.198000 0.128500 0.374800 0.116800 0.059300 0.084400 0.141700 0.150100 0.106300 0.060800 0.183600 0.059900 0.080700 0.083200 0.104800 0.167500 0.161500 0.082600 0.128500 0.083500 0.039600 0.085800 0.106600 0.060900 0.149600 0.055400 0.178400 0.104400 0.127200 0.107100 0.104500 0.123800 0.039400 0.080000 0.132100 0.080700 0.168600 0.104200 0.128300 0.085800 0.176900 0.085200 0.128100 0.131800 0.126800 0.217900 0.000000 0.127700 0.127800 0.149900 0.149900
Klipspring 0.103300 0.202000 0.179700 0.380100 0.073300 0.103200 0.041900 0.100000 0.153600 0.155000 0.061900 0.186400 0.104600 0.082300 0.084600 0.020200 0.179600 0.173000 0.084500 0.179700 0.041200 0.083000 0.134200 0.155600 0.062000 0.020100 0.101300 0.235100 0.020100 0.177800 0.156700 0.062300 0.172700 0.082400 0.125200 0.132800 0.082100 0.125500 0.040600 0.178000 0.134200 0.041500 0.133100 0.177900 0.133800 0.083900 0.125400 0.127700 0.000000 0.177500 0.153300 0.201600
ForestMusk 0.148100 0.199100 0.178700 0.449700 0.164500 0.147900 0.131400 0.238600 0.201400 0.062200 0.105200 0.186300 0.149400 0.172700 0.129900 0.152400 0.178600 0.125000 0.128800 0.178700 0.130300 0.127100 0.086400 0.107500 0.105300 0.200500 0.144100 0.233100 0.152100 0.176700 0.108000 0.152100 0.124400 0.126200 0.171100 0.086300 0.125600 0.219100 0.151900 0.083400 0.086400 0.231100 0.085700 0.082900 0.086100 0.175800 0.273200 0.127800 0.177500 0.000000 0.200900 0.200700
Bushbuck 0.171700 0.284300 0.020100 0.516300 0.096800 0.171800 0.108600 0.213300 0.000100 0.153500 0.128600 0.158100 0.082300 0.103700 0.107200 0.129400 0.178000 0.171500 0.154000 0.020100 0.153800 0.150900 0.133200 0.154100 0.128900 0.128100 0.123900 0.062700 0.128800 0.019900 0.155500 0.129600 0.148800 0.103700 0.147100 0.108700 0.149200 0.148700 0.151700 0.122500 0.133200 0.154400 0.132000 0.176100 0.108400 0.106500 0.195300 0.149900 0.153300 0.200900 0.000000 0.040000
GreaterKud 0.220600 0.338600 0.020000 0.437600 0.143900 0.220500 0.155400 0.262800 0.040100 0.153300 0.175500 0.157700 0.126200 0.148500 0.106700 0.176400 0.177500 0.171300 0.202600 0.020000 0.153300 0.198700 0.132800 0.153800 0.175800 0.174600 0.169300 0.062400 0.175800 0.019900 0.154900 0.176400 0.148000 0.148700 0.171400 0.108300 0.196500 0.195000 0.199700 0.122200 0.132800 0.203200 0.131600 0.175800 0.108000 0.152100 0.244400 0.149900 0.201600 0.200700 0.040000 0.000000
