1
52 1
Argali 0.000000 0.410200 0.080400 0.273800 0.101300 0.007500 0.049400 0.102600 0.069000 0.173600 0.018700 0.080800 0.049600 0.064400 0.081300 0.073800 0.286600 0.281800 0.057200 0.068900 0.086100 0.018900 0.164100 0.158200 0.018700 0.121200 0.049600 0.069000 0.094800 0.069000 0.169800 0.057200 0.314400 0.057300 0.057500 0.089500 0.033900 0.073400 0.069100 0.190100 0.177100 0.163500 0.173600 0.171900 0.089500 0.069000 0.097900 0.073300 0.093200 0.176200 0.069200 0.064900
LesserMous 0.410200 0.000000 0.367800 0.275000 0.379800 0.398400 0.368300 0.427800 0.346100 0.354300 0.386800 0.400500 0.380100 0.379500 0.384900 0.394500 0.367200 0.350300 0.369200 0.346300 0.400100 0.386800 0.421400 0.390300 0.386800 0.474200 0.380100 0.351300 0.421300 0.368000 0.360400 0.362600 0.394300 0.379600 0.391600 0.385000 0.410300 0.368900 0.373300 0.441100 0.425600 0.544700 0.354600 0.380100 0.385000 0.373300 0.399700 0.406700 0.375500 0.373800 0.357800 0.340500
LesserKudu 0.080400 0.367800 0.000000 0.257300 0.071500 0.073000 0.044700 0.097200 0.025900 0.150100 0.064900 0.052500 0.052900 0.063900 0.060600 0.061100 0.273600 0.249500 0.052900 0.025900 0.073000 0.064100 0.175100 0.169100 0.064900 0.128200 0.052900 0.033200 0.088700 0.033000 0.154800 0.052000 0.278800 0.060500 0.059700 0.056700 0.081100 0.060700 0.072200 0.174200 0.179200 0.152200 0.150100 0.182800 0.056700 0.064400 0.084600 0.076300 0.080100 0.160800 0.026000 0.021900
KillerWhal 0.273800 0.275000 0.257300 0.000000 0.277600 0.264100 0.244000 0.283800 0.248000 0.239000 0.254400 0.247800 0.253900 0.243800 0.263900 0.274200 0.209100 0.200100 0.244500 0.238800 0.280000 0.254400 0.274500 0.240600 0.254400 0.349300 0.253900 0.243400 0.278500 0.257500 0.234900 0.234600 0.295400 0.244200 0.244600 0.267900 0.273800 0.254600 0.248300 0.293200 0.278900 0.389700 0.239100 0.231800 0.267900 0.257400 0.287600 0.276900 0.261700 0.276400 0.248500 0.233900
DefassaWat 0.101300 0.379800 0.071500 0.277600 0.000000 0.093200 0.056600 0.088900 0.052500 0.176200 0.085000 0.079400 0.060700 0.076300 0.076300 0.081000 0.284300 0.250100 0.064600 0.052500 0.093200 0.084900 0.193300 0.187100 0.084900 0.132300 0.060700 0.060300 0.100900 0.068100 0.181200 0.063700 0.309600 0.068400 0.071700 0.075800 0.101400 0.026000 0.076200 0.192000 0.197500 0.178800 0.176300 0.192200 0.075500 0.068400 0.096900 0.087900 0.092100 0.151700 0.060500 0.064100
Sheep 0.007500 0.398400 0.073000 0.264100 0.093200 0.000000 0.041700 0.094300 0.061100 0.164800 0.011200 0.072800 0.041800 0.057100 0.073300 0.065800 0.286500 0.271900 0.049200 0.061000 0.077900 0.011200 0.155300 0.149500 0.011200 0.121200 0.041800 0.060400 0.085700 0.061100 0.161100 0.049300 0.303900 0.049500 0.049700 0.081400 0.026600 0.065500 0.061200 0.181100 0.168300 0.163600 0.164800 0.163000 0.081400 0.069200 0.089700 0.065300 0.085200 0.167400 0.061300 0.056300
MaxwellsDu 0.049400 0.368300 0.044700 0.244000 0.056600 0.041700 0.000000 0.057300 0.033200 0.133400 0.033900 0.037300 0.014800 0.018500 0.037500 0.029800 0.250200 0.226700 0.014800 0.033500 0.041700 0.033900 0.140400 0.143400 0.033600 0.094900 0.014800 0.041200 0.049200 0.040600 0.138000 0.007300 0.284700 0.022100 0.022400 0.045200 0.049500 0.030000 0.033600 0.157000 0.144500 0.130300 0.133400 0.156800 0.045200 0.033200 0.060900 0.037500 0.048900 0.152300 0.033700 0.029700
GazellaPrz 0.102600 0.427800 0.097200 0.283800 0.088900 0.094300 0.057300 0.000000 0.085000 0.173300 0.085900 0.088900 0.065500 0.077100 0.089400 0.046000 0.286700 0.262000 0.065400 0.077000 0.053900 0.085900 0.172500 0.175400 0.085500 0.099900 0.065900 0.089100 0.053700 0.093200 0.178300 0.065000 0.336200 0.073200 0.073400 0.097700 0.094500 0.065400 0.053300 0.171400 0.176700 0.136100 0.164500 0.171600 0.097700 0.085500 0.081500 0.089300 0.093300 0.189600 0.085300 0.080800
MountainNy 0.069000 0.346100 0.025900 0.248000 0.052500 0.061100 0.033200 0.085000 0.000000 0.137300 0.053100 0.048600 0.041300 0.052300 0.052700 0.049300 0.263900 0.240000 0.041300 0.007300 0.061100 0.053100 0.161700 0.155900 0.052900 0.107000 0.041300 0.014800 0.075900 0.014600 0.141900 0.041100 0.278400 0.048900 0.049000 0.056700 0.069000 0.041300 0.060400 0.169600 0.165800 0.147600 0.137300 0.169500 0.056700 0.052700 0.072600 0.064400 0.068200 0.139100 0.007300 0.011000
MuntiacusM 0.173600 0.354300 0.150100 0.239000 0.176200 0.164800 0.133400 0.173300 0.137300 0.000000 0.155800 0.158400 0.142300 0.154500 0.159300 0.151800 0.206500 0.202100 0.142300 0.137200 0.165100 0.155800 0.089300 0.068600 0.155800 0.218000 0.142300 0.141500 0.164300 0.145900 0.011000 0.141500 0.252600 0.150500 0.150900 0.168100 0.173800 0.151000 0.154600 0.104600 0.077000 0.259900 0.007300 0.072500 0.168100 0.137500 0.190700 0.167700 0.162700 0.178000 0.137700 0.132900
goat 0.018700 0.386800 0.064900 0.254400 0.085000 0.011200 0.033900 0.085900 0.053100 0.155800 0.000000 0.064800 0.033500 0.045300 0.065100 0.057700 0.276100 0.261600 0.041700 0.052900 0.069700 0.000000 0.154900 0.149100 0.000000 0.116800 0.034000 0.052500 0.077500 0.053200 0.160700 0.041500 0.292700 0.041600 0.041400 0.073200 0.015000 0.057400 0.061100 0.180500 0.167800 0.154000 0.155800 0.162600 0.073200 0.060700 0.089400 0.064000 0.076900 0.166900 0.053300 0.049100
AfricanBuf 0.080800 0.400500 0.052500 0.247800 0.079400 0.072800 0.037300 0.088900 0.048600 0.158400 0.064800 0.000000 0.045100 0.056400 0.060500 0.060900 0.268300 0.254100 0.045100 0.048600 0.072900 0.064800 0.165800 0.160000 0.064800 0.127900 0.044400 0.056300 0.080500 0.055500 0.163200 0.044800 0.304100 0.052100 0.045100 0.037400 0.080900 0.052800 0.064200 0.165000 0.169900 0.143100 0.158400 0.173600 0.037400 0.056500 0.092500 0.060600 0.080000 0.177900 0.048100 0.044700
Topi 0.049600 0.380100 0.052900 0.253900 0.060700 0.041800 0.014800 0.065500 0.041300 0.142300 0.033500 0.045100 0.000000 0.033700 0.045300 0.037900 0.260500 0.236700 0.022300 0.041300 0.049600 0.034000 0.149600 0.143800 0.033600 0.103300 0.000000 0.041300 0.057200 0.049000 0.147000 0.022300 0.285400 0.007400 0.022400 0.045300 0.049700 0.037700 0.041100 0.166300 0.153600 0.139600 0.142300 0.166100 0.045300 0.041300 0.069000 0.045300 0.056100 0.152700 0.041400 0.037100
CommonDuik 0.064400 0.379500 0.063900 0.243800 0.076300 0.057100 0.018500 0.077100 0.052300 0.154500 0.045300 0.056400 0.033700 0.000000 0.049000 0.049000 0.255000 0.231300 0.018600 0.052600 0.053200 0.044900 0.162000 0.164900 0.045300 0.115500 0.033700 0.060400 0.060900 0.060500 0.159300 0.011000 0.310000 0.041200 0.040900 0.064600 0.061100 0.049100 0.052700 0.174200 0.166100 0.152100 0.154500 0.178600 0.064600 0.052800 0.072600 0.056700 0.060500 0.165300 0.052800 0.048700
Suni 0.081300 0.384900 0.060600 0.263900 0.076300 0.073300 0.037500 0.089400 0.052700 0.159300 0.065100 0.060500 0.045300 0.049000 0.000000 0.061300 0.270400 0.246300 0.045300 0.052700 0.073000 0.065100 0.175800 0.169800 0.065100 0.128700 0.045300 0.060500 0.073000 0.060500 0.164100 0.037400 0.316300 0.052900 0.053100 0.064800 0.081400 0.049000 0.064600 0.183700 0.180000 0.166100 0.159300 0.183700 0.064800 0.056800 0.093000 0.068600 0.080400 0.165600 0.052900 0.052700
Springbuck 0.073800 0.394500 0.061100 0.274200 0.081000 0.065800 0.029800 0.046000 0.049300 0.151800 0.057700 0.060900 0.037900 0.049000 0.061300 0.000000 0.281800 0.257300 0.037900 0.049300 0.015100 0.058100 0.159500 0.162400 0.057700 0.070300 0.037900 0.057100 0.030000 0.057200 0.156600 0.037700 0.308900 0.045500 0.037800 0.069300 0.065900 0.053500 0.037700 0.176400 0.163600 0.101300 0.151800 0.167300 0.069300 0.057300 0.056700 0.061200 0.065100 0.171600 0.049500 0.045300
Okapi 0.286600 0.367200 0.273600 0.209100 0.284300 0.286500 0.250200 0.286700 0.263900 0.206500 0.276100 0.268300 0.260500 0.255000 0.270400 0.281800 0.000000 0.036700 0.250800 0.254300 0.297600 0.276100 0.271700 0.226700 0.276100 0.331300 0.260500 0.259000 0.276500 0.273900 0.216100 0.249700 0.239800 0.260000 0.260600 0.274800 0.286500 0.261100 0.245400 0.275400 0.256700 0.368400 0.211100 0.232600 0.274800 0.254700 0.290000 0.269500 0.278200 0.271300 0.264600 0.249000
Giraffe 0.281800 0.350300 0.249500 0.200100 0.250100 0.271900 0.226700 0.262000 0.240000 0.202100 0.261600 0.254100 0.236700 0.231300 0.246300 0.257300 0.036700 0.000000 0.227200 0.230600 0.272700 0.261600 0.267100 0.222300 0.261600 0.310400 0.236700 0.235200 0.252100 0.249700 0.211700 0.226200 0.216000 0.236200 0.246400 0.250600 0.271900 0.237200 0.222000 0.270800 0.252100 0.356900 0.206600 0.228000 0.250600 0.250100 0.255500 0.245600 0.244400 0.237400 0.240700 0.225500
TibetanAnt 0.057200 0.369200 0.052900 0.244500 0.064600 0.049200 0.014800 0.065400 0.041300 0.142300 0.041700 0.045100 0.022300 0.018600 0.045300 0.037900 0.250800 0.227200 0.000000 0.041300 0.041800 0.041900 0.149600 0.152600 0.041700 0.103400 0.022400 0.049000 0.056600 0.048800 0.147000 0.014800 0.290600 0.029600 0.030000 0.045400 0.057600 0.037700 0.041400 0.161800 0.153700 0.139700 0.142300 0.166100 0.044800 0.041400 0.061000 0.045000 0.049100 0.161600 0.041400 0.037800
Sitatunga 0.068900 0.346300 0.025900 0.238800 0.052500 0.061000 0.033500 0.077000 0.007300 0.137200 0.052900 0.048600 0.041300 0.052600 0.052700 0.049300 0.254300 0.230600 0.041300 0.000000 0.061100 0.052400 0.161600 0.155800 0.052200 0.115400 0.041300 0.014700 0.076600 0.014700 0.141900 0.041000 0.268400 0.048900 0.049000 0.056700 0.069000 0.033600 0.052700 0.169500 0.165700 0.147500 0.137200 0.160700 0.056700 0.052700 0.064700 0.064400 0.068300 0.130500 0.007300 0.010900
Oribi 0.086100 0.400100 0.073000 0.280000 0.093200 0.077900 0.041700 0.053900 0.061100 0.165100 0.069700 0.072900 0.049600 0.053200 0.073000 0.015100 0.297600 0.272700 0.041800 0.061100 0.000000 0.069700 0.173100 0.176000 0.069700 0.079000 0.049600 0.069000 0.038000 0.069100 0.170100 0.041500 0.325500 0.057300 0.049500 0.081400 0.078100 0.065200 0.045500 0.190200 0.177200 0.109900 0.165200 0.181100 0.081400 0.069200 0.057500 0.073200 0.069100 0.185400 0.061300 0.057100
BarbaryShe 0.018900 0.386800 0.064100 0.254400 0.084900 0.011200 0.033900 0.085900 0.053100 0.155800 0.000000 0.064800 0.034000 0.044900 0.065100 0.058100 0.276100 0.261600 0.041900 0.052400 0.069700 0.000000 0.154900 0.149100 0.000000 0.116800 0.033600 0.053100 0.077500 0.053200 0.160700 0.041500 0.292700 0.041600 0.041800 0.073200 0.014900 0.057400 0.061100 0.180500 0.167800 0.154000 0.155800 0.162600 0.073200 0.061100 0.089500 0.065100 0.076900 0.166900 0.053300 0.049100
Daviddeer 0.164100 0.421400 0.175100 0.274500 0.193300 0.155300 0.140400 0.172500 0.161700 0.089300 0.154900 0.165800 0.149600 0.162000 0.175800 0.159500 0.271700 0.267100 0.149600 0.161600 0.173100 0.154900 0.000000 0.074000 0.154900 0.218500 0.149600 0.166100 0.172300 0.170800 0.085500 0.148500 0.278700 0.157900 0.149600 0.185200 0.173300 0.167400 0.153400 0.094800 0.011400 0.262000 0.088700 0.086500 0.185200 0.153600 0.190000 0.158000 0.179400 0.185900 0.162300 0.157000
Reindeer 0.158200 0.390300 0.169100 0.240600 0.187100 0.149500 0.143400 0.175400 0.155900 0.068600 0.149100 0.160000 0.143800 0.164900 0.169800 0.162400 0.226700 0.222300 0.152600 0.155800 0.176000 0.149100 0.074000 0.000000 0.149100 0.221000 0.143800 0.160300 0.175200 0.164800 0.064800 0.151600 0.271200 0.152100 0.152600 0.174400 0.167300 0.161400 0.156400 0.089700 0.069800 0.264000 0.068600 0.026200 0.174400 0.156400 0.192900 0.169700 0.182300 0.180000 0.156500 0.151300
Ibex 0.018700 0.386800 0.064900 0.254400 0.084900 0.011200 0.033600 0.085500 0.052900 0.155800 0.000000 0.064800 0.033600 0.045300 0.065100 0.057700 0.276100 0.261600 0.041700 0.052200 0.069700 0.000000 0.154900 0.149100 0.000000 0.116400 0.033900 0.053100 0.076900 0.053200 0.160700 0.041500 0.292700 0.041600 0.041800 0.073200 0.014900 0.057400 0.061000 0.180500 0.167800 0.154000 0.155800 0.162600 0.072300 0.060100 0.089500 0.065800 0.076900 0.166900 0.053300 0.049100
GyrantGaze 0.121200 0.474200 0.128200 0.349300 0.132300 0.121200 0.094900 0.099900 0.107000 0.218000 0.116800 0.127900 0.103300 0.115500 0.128700 0.070300 0.331300 0.310400 0.103400 0.115400 0.079000 0.116800 0.218500 0.221000 0.116400 0.000000 0.102400 0.123900 0.082700 0.124000 0.223500 0.102700 0.332500 0.111500 0.106200 0.137600 0.125900 0.111800 0.098700 0.235900 0.232300 0.059500 0.218100 0.226600 0.137600 0.115700 0.120500 0.128500 0.132600 0.230700 0.107300 0.111000
Hartebeest 0.049600 0.380100 0.052900 0.253900 0.060700 0.041800 0.014800 0.065900 0.041300 0.142300 0.034000 0.044400 0.000000 0.033700 0.045300 0.037900 0.260500 0.236700 0.022400 0.041300 0.049600 0.033600 0.149600 0.143800 0.033900 0.102400 0.000000 0.041300 0.057200 0.049000 0.147000 0.022300 0.285400 0.007400 0.022400 0.045300 0.049800 0.037700 0.041400 0.166300 0.153600 0.139600 0.141700 0.166100 0.045300 0.041400 0.069000 0.045000 0.056800 0.152700 0.041400 0.037400
Bongo 0.069000 0.351300 0.033200 0.243400 0.060300 0.060400 0.041200 0.089100 0.014800 0.141500 0.052500 0.056300 0.041300 0.060400 0.060500 0.057100 0.259000 0.235200 0.049000 0.014700 0.069000 0.053100 0.166100 0.160300 0.053100 0.123900 0.041300 0.000000 0.084600 0.021900 0.146200 0.048000 0.278000 0.048900 0.048600 0.064500 0.069000 0.049000 0.068200 0.174000 0.170200 0.156400 0.141600 0.173900 0.064500 0.060500 0.080500 0.072300 0.068200 0.139000 0.014600 0.018400
Gerenuk 0.094800 0.421300 0.088700 0.278500 0.100900 0.085700 0.049200 0.053700 0.075900 0.164300 0.077500 0.080500 0.057200 0.060900 0.073000 0.030000 0.276500 0.252100 0.056600 0.076600 0.038000 0.077500 0.172300 0.175200 0.076900 0.082700 0.057200 0.084600 0.000000 0.084700 0.169200 0.049100 0.318000 0.064100 0.057100 0.089100 0.085900 0.073100 0.045300 0.180400 0.176400 0.113600 0.164400 0.180200 0.089100 0.076800 0.073100 0.080900 0.084800 0.193500 0.076900 0.072500
CommonElan 0.069000 0.368000 0.033000 0.257500 0.068100 0.061100 0.040600 0.093200 0.014600 0.145900 0.053200 0.055500 0.049000 0.060500 0.060500 0.057200 0.273900 0.249700 0.048800 0.014700 0.069100 0.053200 0.170800 0.164800 0.053200 0.124000 0.049000 0.021900 0.084700 0.000000 0.150600 0.048000 0.283900 0.056700 0.056800 0.064600 0.069100 0.049000 0.068300 0.174300 0.174900 0.156700 0.145900 0.178500 0.064600 0.060500 0.076600 0.072400 0.076200 0.147800 0.014700 0.018200
MuntiacusR 0.169800 0.360400 0.154800 0.234900 0.181200 0.161100 0.138000 0.178300 0.141900 0.011000 0.160700 0.163200 0.147000 0.159300 0.164100 0.156600 0.216100 0.211700 0.147000 0.141900 0.170100 0.160700 0.085500 0.064800 0.160700 0.223500 0.147000 0.146200 0.169200 0.150600 0.000000 0.146100 0.263300 0.155300 0.155700 0.173100 0.178800 0.155800 0.150800 0.100900 0.073300 0.265900 0.010900 0.068800 0.173100 0.142200 0.186900 0.164000 0.176400 0.174200 0.142400 0.137500
HarveysDui 0.057200 0.362600 0.052000 0.234600 0.063700 0.049300 0.007300 0.065000 0.041100 0.141500 0.041500 0.044800 0.022300 0.011000 0.037400 0.037700 0.249700 0.226200 0.014800 0.041000 0.041500 0.041500 0.148500 0.151600 0.041500 0.102700 0.022300 0.048000 0.049100 0.048000 0.146100 0.000000 0.293700 0.029500 0.029900 0.052500 0.057200 0.037500 0.041100 0.165100 0.152600 0.138500 0.141500 0.165000 0.052800 0.041600 0.060700 0.044700 0.048300 0.151900 0.041200 0.036800
Pronghorn 0.314400 0.394300 0.278800 0.295400 0.309600 0.303900 0.284700 0.336200 0.278400 0.252600 0.292700 0.304100 0.285400 0.310000 0.316300 0.308900 0.239800 0.216000 0.290600 0.268400 0.325500 0.292700 0.278700 0.271200 0.292700 0.332500 0.285400 0.278000 0.318000 0.283900 0.263300 0.293700 0.000000 0.294900 0.306500 0.300900 0.314900 0.296500 0.279600 0.307500 0.283100 0.337300 0.257500 0.277100 0.300900 0.300200 0.317300 0.305900 0.303700 0.281000 0.279500 0.272800
BlueWildeb 0.057300 0.379600 0.060500 0.244200 0.068400 0.049500 0.022100 0.073200 0.048900 0.150500 0.041600 0.052100 0.007400 0.041200 0.052900 0.045500 0.260000 0.236200 0.029600 0.048900 0.057300 0.041600 0.157900 0.152100 0.041600 0.111500 0.007400 0.048900 0.064100 0.056700 0.155300 0.029500 0.294900 0.000000 0.030000 0.052900 0.057400 0.045300 0.049000 0.174700 0.162000 0.148000 0.150500 0.174500 0.053000 0.049000 0.076800 0.052900 0.064500 0.161000 0.048600 0.037300
Gemsbok 0.057500 0.391600 0.059700 0.244600 0.071700 0.049700 0.022400 0.073400 0.049000 0.150900 0.041400 0.045100 0.022400 0.040900 0.053100 0.037800 0.260600 0.246400 0.030000 0.049000 0.049500 0.041800 0.149600 0.152600 0.041800 0.106200 0.022400 0.048600 0.057100 0.056800 0.155700 0.029900 0.306500 0.030000 0.000000 0.061000 0.057600 0.045500 0.049100 0.166300 0.153700 0.139400 0.151000 0.166100 0.060900 0.049200 0.077000 0.053100 0.064700 0.170500 0.048400 0.045100
Yak 0.089500 0.385000 0.056700 0.267900 0.075800 0.081400 0.045200 0.097700 0.056700 0.168100 0.073200 0.037400 0.045300 0.064600 0.064800 0.069300 0.274800 0.250600 0.045400 0.056700 0.081400 0.073200 0.185200 0.174400 0.073200 0.137600 0.045300 0.064500 0.089100 0.064600 0.173100 0.052500 0.300900 0.052900 0.061000 0.000000 0.089700 0.053200 0.072600 0.184200 0.189400 0.162100 0.168200 0.192900 0.000000 0.056100 0.101300 0.068700 0.088400 0.170300 0.056900 0.052700
BlueSheep 0.033900 0.410300 0.081100 0.273800 0.101400 0.026600 0.049500 0.094500 0.069000 0.173800 0.015000 0.080900 0.049700 0.061100 0.081400 0.065900 0.286500 0.271900 0.057600 0.069000 0.078100 0.014900 0.173300 0.167300 0.014900 0.125900 0.049800 0.069000 0.085900 0.069100 0.178800 0.057200 0.314900 0.057400 0.057600 0.089700 0.000000 0.073500 0.077200 0.199500 0.186500 0.163900 0.173800 0.172200 0.089700 0.077300 0.106300 0.073300 0.093400 0.181000 0.069300 0.064900
BohorReedb 0.073400 0.368900 0.060700 0.254600 0.026000 0.065500 0.030000 0.065400 0.041300 0.151000 0.057400 0.052800 0.037700 0.049100 0.049000 0.053500 0.261100 0.237200 0.037700 0.033600 0.065200 0.057400 0.167400 0.161400 0.057400 0.111800 0.037700 0.049000 0.073100 0.049000 0.155800 0.037500 0.296500 0.045300 0.045500 0.053200 0.073500 0.000000 0.049100 0.166200 0.171500 0.148500 0.151000 0.166300 0.053200 0.041400 0.077100 0.060900 0.072700 0.135500 0.041400 0.045100
KirksDik 0.069100 0.373300 0.072200 0.248300 0.076200 0.061200 0.033600 0.053300 0.060400 0.154600 0.061100 0.064200 0.041100 0.052700 0.064600 0.037700 0.245400 0.222000 0.041400 0.052700 0.045500 0.061100 0.153400 0.156400 0.061000 0.098700 0.041400 0.068200 0.045300 0.068300 0.150800 0.041100 0.279600 0.049000 0.049100 0.072600 0.077200 0.049100 0.000000 0.170100 0.157500 0.134600 0.154600 0.161200 0.072600 0.060600 0.049100 0.056800 0.068400 0.165500 0.060600 0.056400
RoeDeer 0.190100 0.441100 0.174200 0.293200 0.192000 0.181100 0.157000 0.171400 0.169600 0.104600 0.180500 0.165000 0.166300 0.174200 0.183700 0.176400 0.275400 0.270800 0.161800 0.169500 0.190200 0.180500 0.094800 0.089700 0.180500 0.235900 0.166300 0.174000 0.180400 0.174300 0.100900 0.165100 0.307500 0.174700 0.166300 0.184200 0.199500 0.166200 0.170100 0.000000 0.090700 0.269900 0.104600 0.093700 0.184200 0.161400 0.198000 0.170400 0.196400 0.230800 0.170200 0.164900
WhiteLippe 0.177100 0.425600 0.179200 0.278900 0.197500 0.168300 0.144500 0.176700 0.165800 0.077000 0.167800 0.169900 0.153600 0.166100 0.180000 0.163600 0.256700 0.252100 0.153700 0.165700 0.177200 0.167800 0.011400 0.069800 0.167800 0.232300 0.153600 0.170200 0.176400 0.174900 0.073300 0.152600 0.283100 0.162000 0.153700 0.189400 0.186500 0.171500 0.157500 0.090700 0.000000 0.276400 0.077000 0.082100 0.189400 0.157700 0.194200 0.162100 0.183500 0.190100 0.166400 0.161100
ThomsonGaz 0.163500 0.544700 0.152200 0.389700 0.178800 0.163600 0.130300 0.136100 0.147600 0.259900 0.154000 0.143100 0.139600 0.152100 0.166100 0.101300 0.368400 0.356900 0.139700 0.147500 0.109900 0.154000 0.262000 0.264000 0.154000 0.059500 0.139600 0.156400 0.113600 0.156700 0.265900 0.138500 0.337300 0.148000 0.139400 0.162100 0.163900 0.148500 0.134600 0.269900 0.276400 0.000000 0.260000 0.269700 0.162100 0.152600 0.157500 0.166000 0.170100 0.274200 0.148200 0.142900
MuntiacusC 0.173600 0.354600 0.150100 0.239100 0.176300 0.164800 0.133400 0.164500 0.137300 0.007300 0.155800 0.158400 0.142300 0.154500 0.159300 0.151800 0.211100 0.206600 0.142300 0.137200 0.165200 0.155800 0.088700 0.068600 0.155800 0.218100 0.141700 0.141600 0.164400 0.145900 0.010900 0.141500 0.257500 0.150500 0.151000 0.168200 0.173800 0.151000 0.154600 0.104600 0.077000 0.260000 0.000000 0.072500 0.168200 0.137600 0.190700 0.167700 0.171500 0.178000 0.137700 0.132900
WhiteTaile 0.171900 0.380100 0.182800 0.231800 0.192200 0.163000 0.156800 0.171600 0.169500 0.072500 0.162600 0.173600 0.166100 0.178600 0.183700 0.167300 0.232600 0.228000 0.166100 0.160700 0.181100 0.162600 0.086500 0.026200 0.162600 0.226600 0.166100 0.173900 0.180200 0.178500 0.068800 0.165000 0.277100 0.174500 0.166100 0.192900 0.172200 0.166300 0.161200 0.093700 0.082100 0.269700 0.072500 0.000000 0.192900 0.170000 0.198100 0.183400 0.196200 0.185100 0.170000 0.164800
Cattle 0.089500 0.385000 0.056700 0.267900 0.075500 0.081400 0.045200 0.097700 0.056700 0.168100 0.073200 0.037400 0.045300 0.064600 0.064800 0.069300 0.274800 0.250600 0.044800 0.056700 0.081400 0.073200 0.185200 0.174400 0.072300 0.137600 0.045300 0.064500 0.089100 0.064600 0.173100 0.052800 0.300900 0.053000 0.060900 0.000000 0.089700 0.053200 0.072600 0.184200 0.189400 0.162100 0.168200 0.192900 0.000000 0.056900 0.101300 0.068700 0.088600 0.170300 0.056900 0.052700
RoyalAntel 0.069000 0.373300 0.064400 0.257400 0.068400 0.069200 0.033200 0.085500 0.052700 0.137500 0.060700 0.056500 0.041300 0.052800 0.056800 0.057300 0.254700 0.250100 0.041400 0.052700 0.069200 0.061100 0.153600 0.156400 0.060100 0.115700 0.041400 0.060500 0.076800 0.060500 0.142200 0.041600 0.300200 0.049000 0.049200 0.056100 0.077300 0.041400 0.060600 0.161400 0.157700 0.152600 0.137600 0.170000 0.056900 0.000000 0.088800 0.064600 0.076400 0.165500 0.052900 0.049000
Steenbok 0.097900 0.399700 0.084600 0.287600 0.096900 0.089700 0.060900 0.081500 0.072600 0.190700 0.089400 0.092500 0.069000 0.072600 0.093000 0.056700 0.290000 0.255500 0.061000 0.064700 0.057500 0.089500 0.190000 0.192900 0.089500 0.120500 0.069000 0.080500 0.073100 0.076600 0.186900 0.060700 0.317300 0.076800 0.077000 0.101300 0.106300 0.077100 0.049100 0.198000 0.194200 0.157500 0.190700 0.198100 0.101300 0.088800 0.000000 0.076800 0.072600 0.165900 0.072400 0.067800
Impala 0.073300 0.406700 0.076300 0.276900 0.087900 0.065300 0.037500 0.089300 0.064400 0.167700 0.064000 0.060600 0.045300 0.056700 0.068600 0.061200 0.269500 0.245600 0.045000 0.064400 0.073200 0.065100 0.158000 0.169700 0.065800 0.128500 0.045000 0.072300 0.080900 0.072400 0.164000 0.044700 0.305900 0.052900 0.053100 0.068700 0.073300 0.060900 0.056800 0.170400 0.162100 0.166000 0.167700 0.183400 0.068700 0.064600 0.076800 0.000000 0.072500 0.174400 0.064600 0.059500
Klipspring 0.093200 0.375500 0.080100 0.261700 0.092100 0.085200 0.048900 0.093300 0.068200 0.162700 0.076900 0.080000 0.056100 0.060500 0.080400 0.065100 0.278200 0.244400 0.049100 0.068300 0.069100 0.076900 0.179400 0.182300 0.076900 0.132600 0.056800 0.068200 0.084800 0.076200 0.176400 0.048300 0.303700 0.064500 0.064700 0.088400 0.093400 0.072700 0.068400 0.196400 0.183500 0.170100 0.171500 0.196200 0.088600 0.076400 0.072600 0.072500 0.000000 0.178400 0.068400 0.064200
ForestMusk 0.176200 0.373800 0.160800 0.276400 0.151700 0.167400 0.152300 0.189600 0.139100 0.178000 0.166900 0.177900 0.152700 0.165300 0.165600 0.171600 0.271300 0.237400 0.161600 0.130500 0.185400 0.166900 0.185900 0.180000 0.166900 0.230700 0.152700 0.139000 0.193500 0.147800 0.174200 0.151900 0.281000 0.161000 0.170500 0.170300 0.181000 0.135500 0.165500 0.230800 0.190100 0.274200 0.178000 0.185100 0.170300 0.165500 0.165900 0.174400 0.178400 0.000000 0.139500 0.143200
Bushbuck 0.069200 0.357800 0.026000 0.248500 0.060500 0.061300 0.033700 0.085300 0.007300 0.137700 0.053300 0.048100 0.041400 0.052800 0.052900 0.049500 0.264600 0.240700 0.041400 0.007300 0.061300 0.053300 0.162300 0.156500 0.053300 0.107300 0.041400 0.014600 0.076900 0.014700 0.142400 0.041200 0.279500 0.048600 0.048400 0.056900 0.069300 0.041400 0.060600 0.170200 0.166400 0.148200 0.137700 0.170000 0.056900 0.052900 0.072400 0.064600 0.068400 0.139500 0.000000 0.011000
GreaterKud 0.064900 0.340500 0.021900 0.233900 0.064100 0.056300 0.029700 0.080800 0.011000 0.132900 0.049100 0.044700 0.037100 0.048700 0.052700 0.045300 0.249000 0.225500 0.037800 0.010900 0.057100 0.049100 0.157000 0.151300 0.049100 0.111000 0.037400 0.018400 0.072500 0.018200 0.137500 0.036800 0.272800 0.037300 0.045100 0.052700 0.064900 0.045100 0.056400 0.164900 0.161100 0.142900 0.132900 0.164800 0.052700 0.049000 0.067800 0.059500 0.064200 0.143200 0.011000 0.000000
