1
52 1
Argali 0.000000 0.337400 0.177500 0.230900 0.066000 0.000000 0.102300 0.119500 0.157700 0.138400 0.083600 0.119100 0.066500 0.066000 0.100800 0.120900 0.195800 0.157900 0.032700 0.175800 0.102600 0.066200 0.157400 0.176800 0.083600 0.160500 0.066700 0.157700 0.140500 0.157700 0.138400 0.099900 0.177100 0.066700 0.066500 0.101000 0.049200 0.083800 0.138600 0.193900 0.138400 0.121700 0.138400 0.156500 0.158300 0.100200 0.139000 0.084100 0.137800 0.175500 0.157700 0.157700
LesserMous 0.337400 0.000000 0.312400 0.337000 0.246800 0.337400 0.225600 0.248100 0.312200 0.206000 0.364600 0.268800 0.248400 0.246800 0.247400 0.296600 0.248000 0.228600 0.296000 0.332600 0.273400 0.339700 0.248100 0.270100 0.364600 0.298700 0.248500 0.312200 0.322600 0.312200 0.206000 0.243900 0.204200 0.248500 0.248400 0.268100 0.316900 0.269200 0.271200 0.223600 0.226700 0.274600 0.206000 0.246900 0.344600 0.266100 0.246400 0.271500 0.269600 0.268500 0.312200 0.312200
LesserKudu 0.177500 0.312400 0.000000 0.234700 0.102900 0.177500 0.103200 0.159500 0.016400 0.160200 0.159900 0.122300 0.103700 0.102900 0.139500 0.162400 0.122800 0.123400 0.141000 0.032900 0.142200 0.179200 0.162300 0.182900 0.159900 0.125100 0.103900 0.015800 0.184200 0.016400 0.160200 0.138600 0.181600 0.103900 0.103700 0.103700 0.159200 0.122300 0.180000 0.160100 0.142300 0.162800 0.160200 0.161000 0.123700 0.139400 0.161200 0.122600 0.141200 0.181000 0.016400 0.016400
KillerWhal 0.230900 0.337000 0.234700 0.000000 0.153500 0.230900 0.194200 0.212200 0.213800 0.193800 0.252600 0.211100 0.154600 0.153500 0.117300 0.214700 0.193900 0.156100 0.193400 0.232800 0.194500 0.231900 0.213300 0.233700 0.252600 0.258800 0.154900 0.213800 0.237100 0.213800 0.193800 0.152600 0.234200 0.154900 0.154600 0.153300 0.212100 0.172800 0.234300 0.252000 0.193500 0.215600 0.193800 0.173300 0.213800 0.152000 0.234600 0.171900 0.231100 0.232300 0.213800 0.213800
DefassaWat 0.066000 0.246800 0.102900 0.153500 0.000000 0.066000 0.032100 0.049500 0.084600 0.067000 0.084100 0.049300 0.000100 0.000000 0.032400 0.050200 0.120500 0.084900 0.032900 0.101800 0.033100 0.066500 0.084800 0.102900 0.084100 0.086400 0.000200 0.084600 0.068000 0.084600 0.067000 0.032100 0.102900 0.000200 0.000100 0.032600 0.049400 0.016200 0.066800 0.119400 0.067100 0.050400 0.067000 0.084200 0.084800 0.032300 0.067100 0.016300 0.066700 0.102000 0.084600 0.084600
Sheep 0.000000 0.337400 0.177500 0.230900 0.066000 0.000000 0.102300 0.119500 0.157700 0.138400 0.083600 0.119100 0.066500 0.066000 0.100800 0.120900 0.195800 0.157900 0.032700 0.175800 0.102600 0.066200 0.157400 0.176800 0.083600 0.160500 0.066700 0.157700 0.140500 0.157700 0.138400 0.099900 0.177100 0.066700 0.066500 0.101000 0.048600 0.083800 0.138600 0.193900 0.138400 0.121700 0.138400 0.156500 0.158300 0.100200 0.139000 0.084100 0.137800 0.175500 0.157700 0.157700
MaxwellsDu 0.102300 0.225600 0.103200 0.194200 0.032100 0.102300 0.000000 0.085500 0.084900 0.050400 0.121700 0.085000 0.033300 0.032900 0.067100 0.086600 0.122000 0.086100 0.068000 0.101900 0.068500 0.103200 0.085900 0.104300 0.121700 0.125400 0.033300 0.084900 0.105700 0.084900 0.050400 0.066300 0.122800 0.033300 0.033300 0.067200 0.085200 0.050300 0.103800 0.120800 0.068100 0.087200 0.050400 0.085300 0.122900 0.066700 0.104300 0.050600 0.103600 0.103300 0.084900 0.084900
GazellaPrz 0.119500 0.248100 0.159500 0.212200 0.049500 0.119500 0.085500 0.000000 0.139900 0.121300 0.139100 0.101800 0.049900 0.049500 0.083800 0.032800 0.178000 0.140500 0.085000 0.157600 0.016300 0.120300 0.140200 0.159600 0.139100 0.067800 0.050000 0.139900 0.050000 0.139900 0.121300 0.083000 0.139400 0.050000 0.049900 0.084000 0.102200 0.067000 0.032400 0.176300 0.121400 0.033100 0.121300 0.139200 0.140400 0.083400 0.049400 0.067400 0.120700 0.158000 0.139900 0.139900
MountainNy 0.157700 0.312200 0.016400 0.213800 0.084600 0.157700 0.084900 0.139900 0.000000 0.140500 0.140100 0.103300 0.085200 0.084600 0.120500 0.142200 0.141400 0.104300 0.121800 0.015900 0.122700 0.159000 0.142000 0.161900 0.140100 0.143900 0.085400 0.000000 0.163100 0.000000 0.140500 0.119600 0.161200 0.085400 0.085200 0.085200 0.139700 0.103300 0.159800 0.179100 0.122700 0.142600 0.140500 0.141000 0.104500 0.120200 0.160800 0.103600 0.159900 0.160300 0.000000 0.000000
MuntiacusM 0.138400 0.206000 0.160200 0.193800 0.067000 0.138400 0.050400 0.121300 0.140500 0.000000 0.158700 0.120500 0.067400 0.067000 0.101900 0.122700 0.085400 0.050600 0.103400 0.158300 0.104000 0.139500 0.050500 0.068000 0.158700 0.163300 0.067500 0.140500 0.142700 0.140500 0.000000 0.066200 0.085800 0.067500 0.067400 0.102200 0.120800 0.084800 0.140300 0.084600 0.033300 0.123600 0.000000 0.050200 0.160300 0.101300 0.140800 0.085400 0.139800 0.067400 0.140500 0.140500
goat 0.083600 0.364600 0.159900 0.252600 0.084100 0.083600 0.121700 0.139100 0.140100 0.158700 0.000000 0.139000 0.084700 0.084100 0.119600 0.141200 0.218500 0.179300 0.049900 0.157900 0.121900 0.049800 0.140800 0.160400 0.000000 0.143000 0.084900 0.140100 0.161900 0.140100 0.158700 0.118600 0.199200 0.084900 0.084700 0.120200 0.032800 0.102600 0.158700 0.216500 0.159300 0.141900 0.158700 0.177700 0.140600 0.119400 0.159600 0.103000 0.158700 0.158900 0.140100 0.140100
AfricanBuf 0.119100 0.268800 0.122300 0.211100 0.049300 0.119100 0.085000 0.101800 0.103300 0.120500 0.139000 0.000000 0.049700 0.049300 0.083200 0.103400 0.140000 0.103400 0.084600 0.120800 0.085100 0.120100 0.103300 0.122100 0.139000 0.142800 0.049800 0.103300 0.122900 0.103300 0.120500 0.065800 0.121600 0.049800 0.049700 0.049500 0.101700 0.066700 0.120400 0.138900 0.085100 0.103800 0.120500 0.102500 0.103200 0.083300 0.121300 0.067100 0.084500 0.102800 0.103300 0.103300
Topi 0.066500 0.248400 0.103700 0.154600 0.000100 0.066500 0.033300 0.049900 0.085200 0.067400 0.084700 0.049700 0.000000 0.000100 0.032700 0.050500 0.121300 0.085500 0.033100 0.102500 0.033300 0.067100 0.085300 0.103600 0.084700 0.087000 0.000100 0.085200 0.068500 0.085200 0.067400 0.032400 0.103600 0.000100 0.000000 0.032800 0.049800 0.016300 0.067300 0.120200 0.067500 0.050800 0.067400 0.084700 0.085500 0.032600 0.067600 0.016400 0.067300 0.102600 0.085200 0.085200
CommonDuik 0.066000 0.246800 0.102900 0.153500 0.000000 0.066000 0.032900 0.049500 0.084600 0.067000 0.084100 0.049300 0.000100 0.000000 0.032400 0.050200 0.120500 0.084900 0.032900 0.101800 0.033100 0.066500 0.084800 0.102900 0.084100 0.086400 0.000200 0.084600 0.068000 0.084600 0.067000 0.032100 0.102900 0.000200 0.000100 0.032600 0.049400 0.016200 0.066800 0.119400 0.067100 0.050400 0.067000 0.084200 0.084800 0.032300 0.067100 0.016300 0.066700 0.102000 0.084600 0.084600
Suni 0.100800 0.247400 0.139500 0.117300 0.032400 0.100800 0.067100 0.083800 0.120500 0.101900 0.119600 0.083200 0.032700 0.032400 0.000000 0.084800 0.138800 0.102700 0.066800 0.138100 0.067100 0.101500 0.120300 0.139000 0.119600 0.122600 0.032800 0.120500 0.103500 0.120500 0.101900 0.065400 0.139200 0.032800 0.032700 0.065900 0.083700 0.049200 0.101900 0.155800 0.102100 0.085300 0.101900 0.083700 0.120400 0.065600 0.102300 0.049600 0.101200 0.137900 0.120500 0.120500
Springbuck 0.120900 0.296600 0.162400 0.214700 0.050200 0.120900 0.086600 0.032800 0.142200 0.122700 0.141200 0.103400 0.050500 0.050200 0.084800 0.000000 0.180900 0.142600 0.086000 0.160300 0.016500 0.122000 0.142500 0.124100 0.141200 0.068700 0.050600 0.142200 0.016200 0.142200 0.122700 0.084100 0.180600 0.050600 0.050500 0.085200 0.103400 0.067900 0.066900 0.179200 0.123200 0.033500 0.122700 0.141300 0.142600 0.084500 0.050100 0.068200 0.122700 0.160700 0.142200 0.142200
Okapi 0.195800 0.248000 0.122800 0.193900 0.120500 0.195800 0.122000 0.178000 0.141400 0.085400 0.218500 0.140000 0.121300 0.120500 0.138800 0.180900 0.000000 0.032800 0.159300 0.122100 0.160500 0.197700 0.068300 0.086500 0.218500 0.183200 0.121500 0.141400 0.203000 0.141400 0.085400 0.119400 0.104100 0.121500 0.121300 0.121100 0.177500 0.139900 0.198800 0.033200 0.050700 0.181600 0.085400 0.067800 0.180900 0.157100 0.179500 0.140400 0.158900 0.085700 0.141400 0.141400
Giraffe 0.157900 0.228600 0.123400 0.156100 0.084900 0.157900 0.086100 0.140500 0.104300 0.050600 0.179300 0.103400 0.085500 0.084900 0.102700 0.142600 0.032800 0.000000 0.122300 0.122000 0.123100 0.159400 0.033700 0.051100 0.179300 0.184600 0.085600 0.104300 0.163400 0.104300 0.050600 0.084000 0.068500 0.085600 0.085500 0.085200 0.140100 0.103500 0.160300 0.067800 0.016700 0.143300 0.050600 0.033500 0.142500 0.120300 0.161000 0.103900 0.160000 0.050600 0.104300 0.104300
TibetanAnt 0.032700 0.296000 0.141000 0.193400 0.032900 0.032700 0.068000 0.085000 0.121800 0.103400 0.049900 0.084600 0.033100 0.032900 0.066800 0.086000 0.159300 0.122300 0.000000 0.139500 0.068100 0.033000 0.122000 0.141000 0.049300 0.124500 0.033200 0.121800 0.104900 0.121800 0.103400 0.066100 0.141400 0.033200 0.033100 0.067000 0.016000 0.050000 0.103300 0.157700 0.103500 0.086600 0.103400 0.121100 0.122400 0.066400 0.103600 0.050300 0.103000 0.139700 0.121800 0.121800
Sitatunga 0.175800 0.332600 0.032900 0.232800 0.101800 0.175800 0.101900 0.157600 0.015900 0.158300 0.157900 0.120800 0.102500 0.101800 0.138100 0.160300 0.122100 0.122000 0.139500 0.000000 0.140500 0.177200 0.160100 0.180300 0.157900 0.162100 0.102700 0.016200 0.181600 0.015900 0.158300 0.137200 0.179300 0.102700 0.102500 0.102500 0.157500 0.120800 0.178100 0.159000 0.140500 0.160600 0.158300 0.159000 0.122200 0.137800 0.179200 0.121100 0.177900 0.178600 0.015800 0.015800
Oribi 0.102600 0.273400 0.142200 0.194500 0.033100 0.102600 0.068500 0.016300 0.122700 0.104000 0.121900 0.085100 0.033300 0.033100 0.067100 0.016500 0.160500 0.123100 0.068100 0.140500 0.000000 0.103300 0.123000 0.142200 0.121900 0.051000 0.033400 0.122700 0.033400 0.122700 0.104000 0.066500 0.160500 0.033400 0.033300 0.067300 0.085200 0.050300 0.049500 0.159000 0.104200 0.016200 0.104000 0.122000 0.123100 0.066800 0.031700 0.050600 0.103700 0.140800 0.122700 0.122700
BarbaryShe 0.066200 0.339700 0.179200 0.231900 0.066500 0.066200 0.103200 0.120300 0.159000 0.139500 0.049800 0.120100 0.067100 0.066500 0.101500 0.122000 0.197700 0.159400 0.033000 0.177200 0.103300 0.000000 0.159100 0.179000 0.049800 0.162400 0.067200 0.159000 0.142000 0.159000 0.139500 0.100500 0.178900 0.067200 0.067100 0.101800 0.016300 0.084500 0.139400 0.195800 0.139800 0.122700 0.139500 0.157900 0.159600 0.101000 0.140100 0.084900 0.139200 0.177300 0.159000 0.159000
Daviddeer 0.157400 0.248100 0.162300 0.213300 0.084800 0.157400 0.085900 0.140200 0.142000 0.050500 0.140800 0.103300 0.085300 0.084800 0.120300 0.142500 0.068300 0.033700 0.122000 0.160100 0.123000 0.159100 0.000000 0.016800 0.140800 0.184800 0.085500 0.142000 0.163300 0.142000 0.050500 0.083800 0.068400 0.085500 0.085300 0.085200 0.139700 0.103400 0.159700 0.067600 0.016600 0.143100 0.050500 0.033300 0.142400 0.120300 0.160800 0.103800 0.160200 0.016600 0.142000 0.142000
Reindeer 0.176800 0.270100 0.182900 0.233700 0.102900 0.176800 0.104300 0.159600 0.161900 0.068000 0.160400 0.122100 0.103600 0.102900 0.139000 0.124100 0.086500 0.051100 0.141000 0.180300 0.142200 0.179000 0.016800 0.000000 0.160400 0.206300 0.103800 0.161900 0.144500 0.161900 0.068000 0.101800 0.086500 0.103800 0.103600 0.103500 0.158900 0.122200 0.179600 0.085500 0.033600 0.163000 0.068000 0.050600 0.162300 0.139300 0.181000 0.122600 0.180400 0.033700 0.161900 0.161900
Ibex 0.083600 0.364600 0.159900 0.252600 0.084100 0.083600 0.121700 0.139100 0.140100 0.158700 0.000000 0.139000 0.084700 0.084100 0.119600 0.141200 0.218500 0.179300 0.049300 0.157900 0.121900 0.049800 0.140800 0.160400 0.000000 0.143000 0.084900 0.140100 0.161900 0.140100 0.158700 0.118600 0.199200 0.084900 0.084700 0.120200 0.032800 0.102600 0.158700 0.216500 0.159300 0.141900 0.158700 0.177700 0.140600 0.119400 0.159600 0.103000 0.158700 0.158900 0.140100 0.140100
GyrantGaze 0.160500 0.298700 0.125100 0.258800 0.086400 0.160500 0.125400 0.067800 0.143900 0.163300 0.143000 0.142800 0.087000 0.086400 0.122600 0.068700 0.183200 0.184600 0.124500 0.162100 0.051000 0.162400 0.184800 0.206300 0.143000 0.000000 0.087100 0.143900 0.087300 0.143900 0.163300 0.121600 0.224900 0.087100 0.087000 0.123400 0.142500 0.105400 0.103600 0.181500 0.164100 0.033900 0.163300 0.183000 0.144400 0.122400 0.068300 0.105900 0.124500 0.203800 0.143900 0.143900
Hartebeest 0.066700 0.248500 0.103900 0.154900 0.000200 0.066700 0.033300 0.050000 0.085400 0.067500 0.084900 0.049800 0.000100 0.000200 0.032800 0.050600 0.121500 0.085600 0.033200 0.102700 0.033400 0.067200 0.085500 0.103800 0.084900 0.087100 0.000000 0.085400 0.068600 0.085400 0.067500 0.032500 0.103700 0.000000 0.000100 0.032900 0.049900 0.016400 0.067400 0.120400 0.067700 0.050900 0.067500 0.084900 0.085700 0.032600 0.067700 0.016400 0.067400 0.102800 0.085400 0.085400
Bongo 0.157700 0.312200 0.015800 0.213800 0.084600 0.157700 0.084900 0.139900 0.000000 0.140500 0.140100 0.103300 0.085200 0.084600 0.120500 0.142200 0.141400 0.104300 0.121800 0.016200 0.122700 0.159000 0.142000 0.161900 0.140100 0.143900 0.085400 0.000000 0.163100 0.000000 0.140500 0.119600 0.161200 0.085400 0.085200 0.085200 0.139700 0.103300 0.159800 0.179100 0.122700 0.142600 0.140500 0.141000 0.104500 0.120200 0.160800 0.103600 0.159900 0.160300 0.000000 0.000000
Gerenuk 0.140500 0.322600 0.184200 0.237100 0.068000 0.140500 0.105700 0.050000 0.163100 0.142700 0.161900 0.122900 0.068500 0.068000 0.103500 0.016200 0.203000 0.163400 0.104900 0.181600 0.033400 0.142000 0.163300 0.144500 0.161900 0.087300 0.068600 0.163100 0.000000 0.163100 0.142700 0.102800 0.202300 0.068600 0.068500 0.104100 0.122700 0.086400 0.085000 0.201100 0.143300 0.051000 0.142700 0.161900 0.163500 0.103200 0.068000 0.086700 0.142900 0.182100 0.163100 0.163100
CommonElan 0.157700 0.312200 0.016400 0.213800 0.084600 0.157700 0.084900 0.139900 0.000000 0.140500 0.140100 0.103300 0.085200 0.084600 0.120500 0.142200 0.141400 0.104300 0.121800 0.015900 0.122700 0.159000 0.142000 0.161900 0.140100 0.143900 0.085400 0.000000 0.163100 0.000000 0.140500 0.119600 0.161200 0.085400 0.085200 0.085200 0.139700 0.103300 0.159800 0.179100 0.122700 0.142600 0.140500 0.141000 0.104500 0.120200 0.160800 0.103600 0.159900 0.160300 0.000000 0.000000
MuntiacusR 0.138400 0.206000 0.160200 0.193800 0.067000 0.138400 0.050400 0.121300 0.140500 0.000000 0.158700 0.120500 0.067400 0.067000 0.101900 0.122700 0.085400 0.050600 0.103400 0.158300 0.104000 0.139500 0.050500 0.068000 0.158700 0.163300 0.067500 0.140500 0.142700 0.140500 0.000000 0.066200 0.085800 0.067500 0.067400 0.102200 0.120800 0.084800 0.140300 0.084600 0.033300 0.123600 0.000000 0.050200 0.160300 0.101300 0.140800 0.085400 0.139800 0.067400 0.140500 0.140500
HarveysDui 0.099900 0.243900 0.138600 0.152600 0.032100 0.099900 0.066300 0.083000 0.119600 0.066200 0.118600 0.065800 0.032400 0.032100 0.065400 0.084100 0.119400 0.084000 0.066100 0.137200 0.066500 0.100500 0.083800 0.101800 0.118600 0.121600 0.032500 0.119600 0.102800 0.119600 0.066200 0.000000 0.101600 0.032500 0.032400 0.065600 0.082900 0.049000 0.101100 0.118400 0.066400 0.084500 0.066200 0.083400 0.119700 0.065100 0.101500 0.049100 0.100700 0.066000 0.119600 0.119600
Pronghorn 0.177100 0.204200 0.181600 0.234200 0.102900 0.177100 0.122800 0.139400 0.161200 0.085800 0.199200 0.121600 0.103600 0.102900 0.139200 0.180600 0.104100 0.068500 0.141400 0.179300 0.160500 0.178900 0.068400 0.086500 0.199200 0.224900 0.103700 0.161200 0.202300 0.161200 0.085800 0.101600 0.000000 0.103700 0.103600 0.103100 0.159300 0.121800 0.158700 0.103100 0.050800 0.181800 0.085800 0.067900 0.161900 0.138600 0.199300 0.122600 0.179700 0.085700 0.161200 0.161200
BlueWildeb 0.066700 0.248500 0.103900 0.154900 0.000200 0.066700 0.033300 0.050000 0.085400 0.067500 0.084900 0.049800 0.000100 0.000200 0.032800 0.050600 0.121500 0.085600 0.033200 0.102700 0.033400 0.067200 0.085500 0.103800 0.084900 0.087100 0.000000 0.085400 0.068600 0.085400 0.067500 0.032500 0.103700 0.000000 0.000100 0.032900 0.049900 0.016400 0.067400 0.120400 0.067700 0.050900 0.067500 0.084900 0.085700 0.032600 0.067700 0.016400 0.067400 0.102800 0.085400 0.085400
Gemsbok 0.066500 0.248400 0.103700 0.154600 0.000100 0.066500 0.033300 0.049900 0.085200 0.067400 0.084700 0.049700 0.000000 0.000100 0.032700 0.050500 0.121300 0.085500 0.033100 0.102500 0.033300 0.067100 0.085300 0.103600 0.084700 0.087000 0.000100 0.085200 0.068500 0.085200 0.067400 0.032400 0.103600 0.000100 0.000000 0.032800 0.049800 0.016300 0.067300 0.120200 0.067500 0.050800 0.067400 0.084700 0.085500 0.032600 0.067600 0.016400 0.067300 0.102600 0.085200 0.085200
Yak 0.101000 0.268100 0.103700 0.153300 0.032600 0.101000 0.067200 0.084000 0.085200 0.102200 0.120200 0.049500 0.032800 0.032600 0.065900 0.085200 0.121100 0.085200 0.067000 0.102500 0.067300 0.101800 0.085200 0.103500 0.120200 0.123400 0.032900 0.085200 0.104100 0.085200 0.102200 0.065600 0.103100 0.032900 0.032800 0.000000 0.083900 0.049500 0.102100 0.120100 0.067400 0.085600 0.102200 0.084600 0.050000 0.032300 0.102700 0.049800 0.101900 0.102400 0.085200 0.085200
BlueSheep 0.049200 0.316900 0.159200 0.212100 0.049400 0.048600 0.085200 0.102200 0.139700 0.120800 0.032800 0.101700 0.049800 0.049400 0.083700 0.103400 0.177500 0.140100 0.016000 0.157500 0.085200 0.016300 0.139700 0.158900 0.032800 0.142500 0.049900 0.139700 0.122700 0.139700 0.120800 0.082900 0.159300 0.049900 0.049800 0.083900 0.000000 0.066800 0.120800 0.175800 0.121000 0.104000 0.120800 0.138800 0.140300 0.083200 0.121200 0.067200 0.120300 0.157600 0.139700 0.139700
BohorReedb 0.083800 0.269200 0.122300 0.172800 0.016200 0.083800 0.050300 0.067000 0.103300 0.084800 0.102600 0.066700 0.016300 0.016200 0.049200 0.067900 0.139900 0.103500 0.050000 0.120800 0.050300 0.084500 0.103400 0.122200 0.102600 0.105400 0.016400 0.103300 0.086400 0.103300 0.084800 0.049000 0.121800 0.016400 0.016300 0.049500 0.066800 0.000000 0.084700 0.138700 0.085200 0.068300 0.084800 0.102600 0.103200 0.016200 0.085200 0.033100 0.050000 0.120900 0.103300 0.103300
KirksDik 0.138600 0.271200 0.180000 0.234300 0.066800 0.138600 0.103800 0.032400 0.159800 0.140300 0.158700 0.120400 0.067300 0.066800 0.101900 0.066900 0.198800 0.160300 0.103300 0.178100 0.049500 0.139400 0.159700 0.179600 0.158700 0.103600 0.067400 0.159800 0.085000 0.159800 0.140300 0.101100 0.158700 0.067400 0.067300 0.102100 0.120800 0.084700 0.000000 0.196800 0.140400 0.067100 0.140300 0.158700 0.160300 0.101300 0.083800 0.085200 0.139600 0.178000 0.159800 0.159800
RoeDeer 0.193900 0.223600 0.160100 0.252000 0.119400 0.193900 0.120800 0.176300 0.179100 0.084600 0.216500 0.138900 0.120200 0.119400 0.155800 0.179200 0.033200 0.067800 0.157700 0.159000 0.159000 0.195800 0.067600 0.085500 0.216500 0.181500 0.120400 0.179100 0.201100 0.179100 0.084600 0.118400 0.103100 0.120400 0.120200 0.120100 0.175800 0.138700 0.196800 0.000000 0.050000 0.179800 0.084600 0.066800 0.179300 0.155800 0.139800 0.139100 0.157800 0.085000 0.179100 0.179100
WhiteLippe 0.138400 0.226700 0.142300 0.193500 0.067100 0.138400 0.068100 0.121400 0.122700 0.033300 0.159300 0.085100 0.067500 0.067100 0.102100 0.123200 0.050700 0.016700 0.103500 0.140500 0.104200 0.139800 0.016600 0.033600 0.159300 0.164100 0.067700 0.122700 0.143300 0.122700 0.033300 0.066400 0.050800 0.067700 0.067500 0.067400 0.121000 0.085200 0.140400 0.050000 0.000000 0.123800 0.033300 0.016400 0.123100 0.101800 0.141200 0.085600 0.140600 0.033400 0.122700 0.122700
ThomsonGaz 0.121700 0.274600 0.162800 0.215600 0.050400 0.121700 0.087200 0.033100 0.142600 0.123600 0.141900 0.103800 0.050800 0.050400 0.085300 0.033500 0.181600 0.143300 0.086600 0.160600 0.016200 0.122700 0.143100 0.163000 0.141900 0.033900 0.050900 0.142600 0.051000 0.142600 0.123600 0.084500 0.181800 0.050900 0.050800 0.085600 0.104000 0.068300 0.067100 0.179800 0.123800 0.000000 0.123600 0.141900 0.143300 0.084800 0.048900 0.068700 0.123200 0.161300 0.142600 0.142600
MuntiacusC 0.138400 0.206000 0.160200 0.193800 0.067000 0.138400 0.050400 0.121300 0.140500 0.000000 0.158700 0.120500 0.067400 0.067000 0.101900 0.122700 0.085400 0.050600 0.103400 0.158300 0.104000 0.139500 0.050500 0.068000 0.158700 0.163300 0.067500 0.140500 0.142700 0.140500 0.000000 0.066200 0.085800 0.067500 0.067400 0.102200 0.120800 0.084800 0.140300 0.084600 0.033300 0.123600 0.000000 0.050200 0.160300 0.101300 0.140800 0.085400 0.139800 0.067400 0.140500 0.140500
WhiteTaile 0.156500 0.246900 0.161000 0.173300 0.084200 0.156500 0.085300 0.139200 0.141000 0.050200 0.177700 0.102500 0.084700 0.084200 0.083700 0.141300 0.067800 0.033500 0.121100 0.159000 0.122000 0.157900 0.033300 0.050600 0.177700 0.183000 0.084900 0.141000 0.161900 0.141000 0.050200 0.083400 0.067900 0.084900 0.084700 0.084600 0.138800 0.102600 0.158700 0.066800 0.016400 0.141900 0.050200 0.000000 0.141300 0.119400 0.159600 0.103000 0.158700 0.050300 0.141000 0.141000
Cattle 0.158300 0.344600 0.123700 0.213800 0.084800 0.158300 0.122900 0.140400 0.104500 0.160300 0.140600 0.103200 0.085500 0.084800 0.120400 0.142600 0.180900 0.142500 0.122400 0.122200 0.123100 0.159600 0.142400 0.162300 0.140600 0.144400 0.085700 0.104500 0.163500 0.104500 0.160300 0.119700 0.161900 0.085700 0.085500 0.050000 0.140300 0.103200 0.160300 0.179300 0.123100 0.143300 0.160300 0.141300 0.000000 0.084200 0.161200 0.104000 0.159700 0.160600 0.104500 0.104500
RoyalAntel 0.100200 0.266100 0.139400 0.152000 0.032300 0.100200 0.066700 0.083400 0.120200 0.101300 0.119400 0.083300 0.032600 0.032300 0.065600 0.084500 0.157100 0.120300 0.066400 0.137800 0.066800 0.101000 0.120300 0.139300 0.119400 0.122400 0.032600 0.120200 0.103200 0.120200 0.101300 0.065100 0.138600 0.032600 0.032600 0.032300 0.083200 0.016200 0.101300 0.155800 0.101800 0.084800 0.101300 0.119400 0.084200 0.000000 0.101900 0.049400 0.066500 0.137800 0.120200 0.120200
Steenbok 0.139000 0.246400 0.161200 0.234600 0.067100 0.139000 0.104300 0.049400 0.160800 0.140800 0.159600 0.121300 0.067600 0.067100 0.102300 0.050100 0.179500 0.161000 0.103600 0.179200 0.031700 0.140100 0.160800 0.181000 0.159600 0.068300 0.067700 0.160800 0.068000 0.160800 0.140800 0.101500 0.199300 0.067700 0.067600 0.102700 0.121200 0.085200 0.083800 0.139800 0.141200 0.048900 0.140800 0.159600 0.161200 0.101900 0.000000 0.085600 0.121800 0.179200 0.160800 0.160800
Impala 0.084100 0.271500 0.122600 0.171900 0.016300 0.084100 0.050600 0.067400 0.103600 0.085400 0.103000 0.067100 0.016400 0.016300 0.049600 0.068200 0.140400 0.103900 0.050300 0.121100 0.050600 0.084900 0.103800 0.122600 0.103000 0.105900 0.016400 0.103600 0.086700 0.103600 0.085400 0.049100 0.122600 0.016400 0.016400 0.049800 0.067200 0.033100 0.085200 0.139100 0.085600 0.068700 0.085400 0.103000 0.104000 0.049400 0.085600 0.000000 0.085200 0.121300 0.103600 0.103600
Klipspring 0.137800 0.269600 0.141200 0.231100 0.066700 0.137800 0.103600 0.120700 0.159900 0.139800 0.158700 0.084500 0.067300 0.066700 0.101200 0.122700 0.158900 0.160000 0.103000 0.177900 0.103700 0.139200 0.160200 0.180400 0.158700 0.124500 0.067400 0.159900 0.142900 0.159900 0.139800 0.100700 0.179700 0.067400 0.067300 0.101900 0.120300 0.050000 0.139600 0.157800 0.140600 0.123200 0.139800 0.158700 0.159700 0.066500 0.121800 0.085200 0.000000 0.178400 0.159900 0.159900
ForestMusk 0.175500 0.268500 0.181000 0.232300 0.102000 0.175500 0.103300 0.158000 0.160300 0.067400 0.158900 0.102800 0.102600 0.102000 0.137900 0.160700 0.085700 0.050600 0.139700 0.178600 0.140800 0.177300 0.016600 0.033700 0.158900 0.203800 0.102800 0.160300 0.182100 0.160300 0.067400 0.066000 0.085700 0.102800 0.102600 0.102400 0.157600 0.120900 0.178000 0.085000 0.033400 0.161300 0.067400 0.050300 0.160600 0.137800 0.179200 0.121300 0.178400 0.000000 0.160300 0.160300
Bushbuck 0.157700 0.312200 0.016400 0.213800 0.084600 0.157700 0.084900 0.139900 0.000000 0.140500 0.140100 0.103300 0.085200 0.084600 0.120500 0.142200 0.141400 0.104300 0.121800 0.015800 0.122700 0.159000 0.142000 0.161900 0.140100 0.143900 0.085400 0.000000 0.163100 0.000000 0.140500 0.119600 0.161200 0.085400 0.085200 0.085200 0.139700 0.103300 0.159800 0.179100 0.122700 0.142600 0.140500 0.141000 0.104500 0.120200 0.160800 0.103600 0.159900 0.160300 0.000000 0.000000
GreaterKud 0.157700 0.312200 0.016400 0.213800 0.084600 0.157700 0.084900 0.139900 0.000000 0.140500 0.140100 0.103300 0.085200 0.084600 0.120500 0.142200 0.141400 0.104300 0.121800 0.015800 0.122700 0.159000 0.142000 0.161900 0.140100 0.143900 0.085400 0.000000 0.163100 0.000000 0.140500 0.119600 0.161200 0.085400 0.085200 0.085200 0.139700 0.103300 0.159800 0.179100 0.122700 0.142600 0.140500 0.141000 0.104500 0.120200 0.160800 0.103600 0.159900 0.160300 0.000000 0.000000
