CODONML (in paml version 4.10.7, June 2023)  /home/rachel/ruminants_paml/6406-phy-tree/ENSBTAT00000064577.fasta.phy
Model: free dN/dS Ratios for branches,  kappa = 2.000 fixed

Codon frequency model: F3x4
ns =  54  ls = 287

Codon usage in sequences
--------------------------------------------------------------------------------------------------------------------------------------
Phe TTT  12  13  12  12  11  12 | Ser TCT  10  10  10  10  10  10 | Tyr TAT   5   5   5   5   5   5 | Cys TGT   6   5   6   6   6   6
    TTC   4   3   4   4   5   4 |     TCC   3   3   3   3   3   3 |     TAC   4   4   4   4   4   4 |     TGC   3   4   3   3   3   3
Leu TTA  12  12  11  13  12  11 |     TCA   2   2   2   2   2   2 | *** TAA   0   0   0   0   0   0 | *** TGA   0   0   0   0   0   0
    TTG   5   6   6   4   4   5 |     TCG   0   0   0   0   0   0 |     TAG   0   0   0   0   0   0 | Trp TGG   3   3   3   3   3   3
--------------------------------------------------------------------------------------------------------------------------------------
Leu CTT   9   9   9   9   8   9 | Pro CCT   4   4   4   4   4   4 | His CAT   1   1   2   1   1   2 | Arg CGT   1   1   1   1   0   1
    CTC   4   4   4   4   5   4 |     CCC   2   2   2   2   2   2 |     CAC   4   4   3   4   4   3 |     CGC   0   0   0   0   0   0
    CTA   5   4   5   5   5   5 |     CCA   5   5   5   5   5   5 | Gln CAA   5   6   6   6   6   6 |     CGA   5   4   5   5   6   5
    CTG   3   3   3   3   4   4 |     CCG   0   0   0   0   0   0 |     CAG   3   2   2   2   2   2 |     CGG   1   1   1   1   1   1
--------------------------------------------------------------------------------------------------------------------------------------
Ile ATT  15  15  14  15  14  14 | Thr ACT   4   6   5   5   5   5 | Asn AAT   8   6   8   6   8   7 | Ser AGT   4   4   4   4   4   5
    ATC   2   2   3   2   2   3 |     ACC   6   6   6   6   7   6 |     AAC   9  11   9  11  10  11 |     AGC   5   4   5   5   4   3
    ATA   6   6   6   6   7   6 |     ACA   9   7   8   8   6   6 | Lys AAA  14  14  14  15  14  13 | Arg AGA   5   6   5   5   5   4
Met ATG  13  13  13  13  12  13 |     ACG   0   1   0   0   1   2 |     AAG   3   3   3   2   3   4 |     AGG   2   2   2   2   2   3
--------------------------------------------------------------------------------------------------------------------------------------
Val GTT   4   6   4   4   4   4 | Ala GCT   4   4   4   4   3   3 | Asp GAT   5   5   5   5   4   5 | Gly GGT   2   2   2   2   2   2
    GTC   7   7   7   8   8   8 |     GCC   0   0   0   0   1   1 |     GAC   3   3   3   3   3   3 |     GGC   2   2   2   2   4   2
    GTA  10   8  10   9  10  11 |     GCA   1   1   1   1   1   1 | Glu GAA   9   9   9   9   8   9 |     GGA   7   7   7   7   6   7
    GTG   6   6   6   6   6   4 |     GCG   0   0   0   0   0   0 |     GAG   1   1   1   1   2   1 |     GGG   0   0   0   0   0   0
--------------------------------------------------------------------------------------------------------------------------------------

--------------------------------------------------------------------------------------------------------------------------------------
Phe TTT  12  12  12  12  12  12 | Ser TCT  10  10   9  10  10  10 | Tyr TAT   5   5   5   5   5   5 | Cys TGT   6   6   6   6   6   6
    TTC   4   4   4   4   4   4 |     TCC   3   3   4   3   3   3 |     TAC   4   4   4   4   4   4 |     TGC   3   3   3   3   3   3
Leu TTA  12  12  12  12  11  12 |     TCA   2   2   2   2   2   2 | *** TAA   0   0   0   0   0   0 | *** TGA   0   0   0   0   0   0
    TTG   5   5   5   5   6   5 |     TCG   0   0   0   0   0   0 |     TAG   0   0   0   0   0   0 | Trp TGG   3   3   3   3   3   3
--------------------------------------------------------------------------------------------------------------------------------------
Leu CTT   9   9   9   9   9   9 | Pro CCT   4   4   4   4   4   4 | His CAT   1   2   1   1   2   1 | Arg CGT   1   1   1   1   1   1
    CTC   4   4   4   4   4   4 |     CCC   2   2   2   2   2   2 |     CAC   4   3   4   4   3   4 |     CGC   0   0   0   0   0   0
    CTA   5   5   5   5   5   5 |     CCA   5   5   5   5   5   5 | Gln CAA   6   5   6   6   6   6 |     CGA   5   5   5   5   5   5
    CTG   3   3   3   3   3   3 |     CCG   0   0   0   0   0   0 |     CAG   2   3   2   2   2   2 |     CGG   1   1   1   1   1   1
--------------------------------------------------------------------------------------------------------------------------------------
Ile ATT  15  15  15  15  14  14 | Thr ACT   4   4   5   5   5   5 | Asn AAT   8   8   8   8   8   7 | Ser AGT   4   4   4   4   4   4
    ATC   2   2   2   2   3   2 |     ACC   6   6   6   6   6   6 |     AAC   9   9   9   9   9   9 |     AGC   5   5   5   5   5   5
    ATA   6   6   6   6   6   7 |     ACA   9   9   8   8   8   8 | Lys AAA  13  14  14  14  14  14 | Arg AGA   5   5   5   5   5   5
Met ATG  13  13  13  13  13  13 |     ACG   0   0   0   0   0   0 |     AAG   4   3   3   3   3   3 |     AGG   2   2   2   2   2   2
--------------------------------------------------------------------------------------------------------------------------------------
Val GTT   3   4   5   4   4   5 | Ala GCT   4   4   4   4   4   4 | Asp GAT   5   5   5   5   5   6 | Gly GGT   2   2   2   2   2   2
    GTC   8   7   6   7   7   7 |     GCC   0   0   0   0   0   0 |     GAC   3   3   3   3   3   3 |     GGC   2   2   2   2   2   2
    GTA  10  10  10  10  10  10 |     GCA   1   1   1   1   1   1 | Glu GAA   9   9   9   9   9   9 |     GGA   7   7   7   7   7   6
    GTG   6   6   6   6   6   5 |     GCG   0   0   0   0   0   0 |     GAG   1   1   1   1   1   1 |     GGG   0   0   0   0   0   1
--------------------------------------------------------------------------------------------------------------------------------------

--------------------------------------------------------------------------------------------------------------------------------------
Phe TTT  12  12  12  12  12  11 | Ser TCT  10  10  10   9  10  10 | Tyr TAT   5   5   5   5   5   6 | Cys TGT   6   6   6   6   6   6
    TTC   4   4   4   4   4   5 |     TCC   3   3   3   4   3   3 |     TAC   4   4   4   4   4   3 |     TGC   3   3   3   3   3   3
Leu TTA  12  12  11  12  12  12 |     TCA   2   2   2   2   2   2 | *** TAA   0   0   0   0   0   0 | *** TGA   0   0   0   0   0   0
    TTG   5   5   5   5   3   5 |     TCG   0   0   0   0   0   0 |     TAG   0   0   0   0   0   0 | Trp TGG   3   3   3   3   3   3
--------------------------------------------------------------------------------------------------------------------------------------
Leu CTT   9   9   9   9   9   9 | Pro CCT   4   4   4   4   4   4 | His CAT   1   1   1   1   1   2 | Arg CGT   1   1   1   0   1   0
    CTC   4   4   4   4   4   4 |     CCC   2   2   2   2   2   2 |     CAC   4   4   4   4   4   3 |     CGC   0   0   0   0   0   0
    CTA   5   5   6   5   5   5 |     CCA   5   4   5   5   5   5 | Gln CAA   5   6   6   6   6   6 |     CGA   5   5   5   5   4   5
    CTG   3   3   3   3   5   3 |     CCG   0   1   0   0   0   0 |     CAG   3   2   2   2   2   2 |     CGG   1   1   1   2   2   2
--------------------------------------------------------------------------------------------------------------------------------------
Ile ATT  15  14  15  15  15  15 | Thr ACT   4   5   4   5   6   5 | Asn AAT   8   8   7   8   8   8 | Ser AGT   4   4   4   4   4   4
    ATC   2   3   2   2   2   2 |     ACC   6   6   6   6   6   6 |     AAC   9   9  10   9   9   9 |     AGC   5   5   5   5   5   5
    ATA   6   6   6   6   6   6 |     ACA   9   8   9   8   7   8 | Lys AAA  14  13  14  14  14  14 | Arg AGA   5   5   5   5   5   5
Met ATG  13  13  13  13  13  13 |     ACG   0   0   0   0   0   0 |     AAG   3   4   3   3   3   3 |     AGG   2   2   2   2   2   2
--------------------------------------------------------------------------------------------------------------------------------------
Val GTT   5   4   4   4   5   4 | Ala GCT   4   4   4   4   4   4 | Asp GAT   5   5   5   5   5   5 | Gly GGT   2   2   2   2   2   2
    GTC   6   7   7   7   7   7 |     GCC   0   0   0   0   0   0 |     GAC   3   3   3   3   3   3 |     GGC   2   2   2   2   2   2
    GTA  10  10  10  10  10  10 |     GCA   1   1   1   1   1   1 | Glu GAA   9   9   8   9   9   9 |     GGA   7   7   7   7   7   7
    GTG   6   6   6   6   5   6 |     GCG   0   0   0   0   0   0 |     GAG   1   1   2   1   1   1 |     GGG   0   0   0   0   0   0
--------------------------------------------------------------------------------------------------------------------------------------

--------------------------------------------------------------------------------------------------------------------------------------
Phe TTT  13  12  12  12  12  12 | Ser TCT  10  10  10  10  10  10 | Tyr TAT   5   5   5   5   6   5 | Cys TGT   6   6   6   6   6   6
    TTC   3   4   4   4   4   4 |     TCC   3   3   3   3   3   3 |     TAC   4   4   4   4   3   4 |     TGC   3   3   3   3   3   3
Leu TTA  12  12  12  11  12  12 |     TCA   2   2   2   2   2   2 | *** TAA   0   0   0   0   0   0 | *** TGA   0   0   0   0   0   0
    TTG   5   5   5   6   6   5 |     TCG   0   0   0   0   0   0 |     TAG   0   0   0   0   0   0 | Trp TGG   3   3   3   3   3   3
--------------------------------------------------------------------------------------------------------------------------------------
Leu CTT   9   9   9   9   9   9 | Pro CCT   4   4   4   4   4   4 | His CAT   1   1   1   2   1   1 | Arg CGT   1   0   1   1   1   1
    CTC   4   4   4   4   4   4 |     CCC   2   2   2   2   2   2 |     CAC   4   4   4   3   4   4 |     CGC   0   0   0   0   0   0
    CTA   5   5   5   5   4   5 |     CCA   5   5   5   5   5   5 | Gln CAA   6   5   6   6   6   5 |     CGA   5   6   5   5   5   5
    CTG   3   3   3   3   3   3 |     CCG   0   0   0   0   0   0 |     CAG   2   2   2   2   2   3 |     CGG   1   2   1   1   1   1
--------------------------------------------------------------------------------------------------------------------------------------
Ile ATT  15  15  15  14  15  15 | Thr ACT   5   5   4   5   5   4 | Asn AAT   9   8   8   8   8   8 | Ser AGT   4   4   4   4   4   4
    ATC   2   2   2   3   2   2 |     ACC   6   6   6   6   6   6 |     AAC   8   9   9   9   9   9 |     AGC   5   5   5   5   5   5
    ATA   6   6   6   6   7   6 |     ACA   8   8   9   8   8   9 | Lys AAA  14  14  14  14  14  14 | Arg AGA   5   5   5   5   5   5
Met ATG  13  13  13  13  13  13 |     ACG   0   0   0   0   0   0 |     AAG   3   3   3   3   3   3 |     AGG   2   2   2   2   2   2
--------------------------------------------------------------------------------------------------------------------------------------
Val GTT   4   4   4   4   4   4 | Ala GCT   4   4   4   4   4   4 | Asp GAT   5   5   5   5   5   5 | Gly GGT   2   2   2   2   2   2
    GTC   7   7   7   7   7   7 |     GCC   0   0   0   0   0   0 |     GAC   3   3   3   3   3   3 |     GGC   2   2   2   2   2   2
    GTA  10  10  10  10   9  10 |     GCA   1   1   1   1   1   1 | Glu GAA   9   9   9   9   9   9 |     GGA   7   7   7   7   7   7
    GTG   6   6   6   6   6   6 |     GCG   0   0   0   0   0   0 |     GAG   1   1   1   1   1   1 |     GGG   0   0   0   0   0   0
--------------------------------------------------------------------------------------------------------------------------------------

--------------------------------------------------------------------------------------------------------------------------------------
Phe TTT  12  12  12  12  12  12 | Ser TCT  10  10  10  10  10  10 | Tyr TAT   5   5   5   5   5   5 | Cys TGT   5   6   6   6   6   6
    TTC   4   4   4   4   4   4 |     TCC   3   3   3   3   3   3 |     TAC   4   4   4   4   4   4 |     TGC   4   3   3   3   3   3
Leu TTA  12  12  12  12  12  11 |     TCA   2   2   2   2   2   2 | *** TAA   0   0   0   0   0   0 | *** TGA   0   0   0   0   0   0
    TTG   4   4   5   5   4   6 |     TCG   0   0   0   0   0   0 |     TAG   0   0   0   0   0   0 | Trp TGG   3   3   3   3   3   3
--------------------------------------------------------------------------------------------------------------------------------------
Leu CTT   9   9   9   9   9   9 | Pro CCT   4   4   4   4   4   4 | His CAT   1   1   1   1   1   2 | Arg CGT   1   1   1   1   1   1
    CTC   4   4   4   4   4   4 |     CCC   2   2   2   2   2   2 |     CAC   4   4   4   4   4   3 |     CGC   0   0   0   0   0   0
    CTA   5   5   5   5   6   5 |     CCA   5   5   5   5   5   5 | Gln CAA   6   6   5   5   6   6 |     CGA   5   5   5   5   5   5
    CTG   4   4   3   3   3   3 |     CCG   0   0   0   0   0   0 |     CAG   2   2   3   2   2   2 |     CGG   1   1   1   1   1   1
--------------------------------------------------------------------------------------------------------------------------------------
Ile ATT  14  14  15  15  15  14 | Thr ACT   5   5   4   5   4   5 | Asn AAT   8   8   8   8   7   8 | Ser AGT   4   4   4   4   4   4
    ATC   3   2   2   2   2   3 |     ACC   6   6   6   6   6   6 |     AAC   9   9   9   9  10   9 |     AGC   5   5   5   5   5   5
    ATA   6   7   6   6   6   6 |     ACA   8   8   9   8   9   8 | Lys AAA  13  14  14  14  14  14 | Arg AGA   5   5   5   5   5   5
Met ATG  13  13  13  13  13  13 |     ACG   0   0   0   0   0   0 |     AAG   4   3   3   3   3   3 |     AGG   2   2   2   2   2   2
--------------------------------------------------------------------------------------------------------------------------------------
Val GTT   4   4   4   5   5   4 | Ala GCT   4   4   4   4   4   4 | Asp GAT   5   5   5   4   5   5 | Gly GGT   2   2   2   2   2   2
    GTC   7   7   7   7   7   7 |     GCC   0   0   0   0   0   0 |     GAC   3   3   3   4   3   3 |     GGC   2   2   2   2   2   2
    GTA   9  10  10   9   8  10 |     GCA   1   1   1   1   1   1 | Glu GAA   8   9   9  10   7   9 |     GGA   6   6   7   7   7   7
    GTG   7   6   6   6   7   6 |     GCG   0   0   0   0   0   0 |     GAG   2   1   1   1   3   1 |     GGG   1   1   0   0   0   0
--------------------------------------------------------------------------------------------------------------------------------------

--------------------------------------------------------------------------------------------------------------------------------------
Phe TTT  12  12  11  12  12  12 | Ser TCT  10  10  10   9  10  10 | Tyr TAT   5   5   5   5   5   5 | Cys TGT   6   6   5   6   6   6
    TTC   4   4   5   4   4   4 |     TCC   3   3   3   4   2   3 |     TAC   4   4   4   4   4   4 |     TGC   3   3   4   3   3   3
Leu TTA  12  11  12  12  11  11 |     TCA   2   2   2   2   3   2 | *** TAA   0   0   0   0   0   0 | *** TGA   0   0   0   0   0   0
    TTG   5   6   5   5   5   5 |     TCG   0   0   0   0   0   0 |     TAG   0   0   0   0   0   0 | Trp TGG   3   3   3   3   3   3
--------------------------------------------------------------------------------------------------------------------------------------
Leu CTT   8   9   9   9   9   8 | Pro CCT   4   4   4   4   4   4 | His CAT   2   2   1   1   1   1 | Arg CGT   0   1   1   0   1   1
    CTC   5   4   4   4   4   5 |     CCC   2   2   2   2   2   2 |     CAC   3   3   4   4   4   4 |     CGC   0   0   0   0   0   0
    CTA   5   5   5   5   6   6 |     CCA   5   5   5   5   5   5 | Gln CAA   6   6   6   6   6   6 |     CGA   5   5   5   5   5   5
    CTG   3   3   3   3   3   3 |     CCG   0   0   0   0   0   0 |     CAG   2   2   2   2   2   2 |     CGG   2   1   1   2   1   1
--------------------------------------------------------------------------------------------------------------------------------------
Ile ATT  15  14  14  15  15  15 | Thr ACT   5   5   5   5   5   4 | Asn AAT   8   8   7   8   8   7 | Ser AGT   4   4   5   4   5   4
    ATC   2   3   2   2   2   2 |     ACC   6   6   6   6   6   6 |     AAC   9   9   9   9   9  10 |     AGC   5   5   4   5   4   5
    ATA   6   6   7   6   6   6 |     ACA   8   8   8   8   8   9 | Lys AAA  14  14  14  14  14  14 | Arg AGA   5   5   5   5   5   5
Met ATG  13  13  13  13  13  13 |     ACG   0   0   0   0   0   0 |     AAG   3   3   3   3   3   3 |     AGG   2   2   2   2   2   2
--------------------------------------------------------------------------------------------------------------------------------------
Val GTT   4   4   5   4   4   4 | Ala GCT   4   4   4   4   4   4 | Asp GAT   5   5   6   5   5   5 | Gly GGT   2   2   2   2   2   2
    GTC   7   7   7   7   7   7 |     GCC   0   0   0   0   0   0 |     GAC   3   3   3   3   3   3 |     GGC   2   2   2   2   2   2
    GTA  10  10  10  10  10  10 |     GCA   1   1   1   1   1   1 | Glu GAA   9   9   9   9   9   8 |     GGA   7   7   6   7   7   7
    GTG   6   6   5   6   6   6 |     GCG   0   0   0   0   0   0 |     GAG   1   1   1   1   1   2 |     GGG   0   0   1   0   0   0
--------------------------------------------------------------------------------------------------------------------------------------

--------------------------------------------------------------------------------------------------------------------------------------
Phe TTT  12  12  12  12  11  11 | Ser TCT  10  10  10  10  10  10 | Tyr TAT   5   5   4   5   5   5 | Cys TGT   6   6   6   6   6   6
    TTC   4   4   4   4   5   5 |     TCC   3   3   3   3   3   3 |     TAC   4   4   5   4   4   4 |     TGC   3   3   3   3   3   3
Leu TTA  12  12  12  12  12  12 |     TCA   2   2   2   2   2   2 | *** TAA   0   0   0   0   0   0 | *** TGA   0   0   0   0   0   0
    TTG   5   5   5   5   5   5 |     TCG   0   0   0   0   0   0 |     TAG   0   0   0   0   0   0 | Trp TGG   3   3   3   3   3   3
--------------------------------------------------------------------------------------------------------------------------------------
Leu CTT   9   9   9   9   9   8 | Pro CCT   3   4   4   4   3   4 | His CAT   1   1   1   1   1   1 | Arg CGT   1   1   1   1   1   1
    CTC   4   4   4   4   4   6 |     CCC   3   2   2   2   3   2 |     CAC   4   4   4   4   4   4 |     CGC   0   0   0   0   0   0
    CTA   5   5   5   5   5   4 |     CCA   4   5   5   5   5   5 | Gln CAA   6   6   5   6   6   5 |     CGA   5   5   5   5   5   5
    CTG   3   3   3   3   3   3 |     CCG   1   0   0   0   0   0 |     CAG   2   2   3   2   2   3 |     CGG   1   1   1   1   1   1
--------------------------------------------------------------------------------------------------------------------------------------
Ile ATT  15  14  15  15  15  14 | Thr ACT   4   5   4   4   5   5 | Asn AAT   7   9   8   8   7   8 | Ser AGT   4   4   4   4   4   4
    ATC   2   3   2   2   2   2 |     ACC   6   6   6   6   6   6 |     AAC  10   8   9   9  10   9 |     AGC   5   5   5   5   5   5
    ATA   6   6   6   6   6   7 |     ACA   9   8   9   9   8   8 | Lys AAA  14  13  14  13  13  14 | Arg AGA   5   5   5   5   5   5
Met ATG  13  13  13  13  13  12 |     ACG   0   0   0   0   0   1 |     AAG   3   4   3   4   4   3 |     AGG   2   2   2   2   2   2
--------------------------------------------------------------------------------------------------------------------------------------
Val GTT   4   4   4   3   5   4 | Ala GCT   4   4   4   4   4   4 | Asp GAT   5   5   5   5   5   5 | Gly GGT   2   2   2   2   2   2
    GTC   7   7   7   8   6   7 |     GCC   0   0   0   0   0   0 |     GAC   3   3   3   3   3   3 |     GGC   2   2   2   2   2   2
    GTA  10  10  10  10  10  10 |     GCA   1   1   1   1   1   1 | Glu GAA   9   9   9   9   9   9 |     GGA   7   7   7   7   7   6
    GTG   6   6   6   6   6   6 |     GCG   0   0   0   0   0   0 |     GAG   1   1   1   1   1   1 |     GGG   0   0   0   0   0   1
--------------------------------------------------------------------------------------------------------------------------------------

--------------------------------------------------------------------------------------------------------------------------------------
Phe TTT  12  12  12  12  12  12 | Ser TCT  10  10  10  10  10  10 | Tyr TAT   5   5   5   5   5   5 | Cys TGT   5   6   6   6   6   6
    TTC   4   4   4   4   4   4 |     TCC   3   3   3   3   3   3 |     TAC   4   4   4   4   4   4 |     TGC   4   3   3   3   3   3
Leu TTA  12  12  12  12  12  12 |     TCA   2   2   2   2   2   2 | *** TAA   0   0   0   0   0   0 | *** TGA   0   0   0   0   0   0
    TTG   4   5   5   4   5   6 |     TCG   0   0   0   0   0   0 |     TAG   0   0   0   0   0   0 | Trp TGG   3   3   3   3   3   3
--------------------------------------------------------------------------------------------------------------------------------------
Leu CTT   9   9   9   9   9   9 | Pro CCT   4   4   4   4   4   4 | His CAT   1   1   1   1   1   1 | Arg CGT   1   1   1   1   1   1
    CTC   4   4   4   4   4   4 |     CCC   2   2   2   2   2   2 |     CAC   4   4   4   4   4   4 |     CGC   0   0   0   0   0   0
    CTA   5   5   5   5   5   4 |     CCA   5   5   5   5   5   5 | Gln CAA   6   6   6   6   6   6 |     CGA   5   5   5   5   5   5
    CTG   4   3   3   4   3   3 |     CCG   0   0   0   0   0   0 |     CAG   2   2   2   2   2   2 |     CGG   1   1   1   1   1   1
--------------------------------------------------------------------------------------------------------------------------------------
Ile ATT  14  15  14  14  14  15 | Thr ACT   5   5   5   5   5   5 | Asn AAT   8   8   7   8   9   8 | Ser AGT   4   4   5   4   4   4
    ATC   3   2   2   2   3   2 |     ACC   6   6   6   6   6   6 |     AAC   9   9   9   9   8   9 |     AGC   5   5   4   5   5   5
    ATA   6   6   7   7   6   6 |     ACA   8   8   8   8   8   8 | Lys AAA  13  14  14  14  13  14 | Arg AGA   5   5   5   5   5   5
Met ATG  13  13  13  13  13  13 |     ACG   0   0   0   0   0   0 |     AAG   4   3   3   3   4   3 |     AGG   2   2   2   2   2   2
--------------------------------------------------------------------------------------------------------------------------------------
Val GTT   4   5   5   4   4   5 | Ala GCT   4   4   4   4   4   4 | Asp GAT   5   5   6   4   5   5 | Gly GGT   2   2   2   2   2   2
    GTC   7   7   7   7   7   6 |     GCC   0   0   0   0   0   0 |     GAC   3   3   3   4   3   3 |     GGC   2   2   2   2   2   2
    GTA   9   9  10  10  10  10 |     GCA   1   1   1   1   1   1 | Glu GAA   8   9   9   8   9   9 |     GGA   6   7   6   6   7   7
    GTG   7   6   5   6   6   6 |     GCG   0   0   0   0   0   0 |     GAG   2   1   1   2   1   1 |     GGG   1   0   1   1   0   0
--------------------------------------------------------------------------------------------------------------------------------------

--------------------------------------------------------------------------------------------------------------------------------------
Phe TTT  12  12  12  12  12  12 | Ser TCT  10  10  10  10  10  10 | Tyr TAT   5   5   5   5   5   5 | Cys TGT   6   6   6   6   6   6
    TTC   4   4   4   4   4   4 |     TCC   3   3   3   3   3   3 |     TAC   4   4   4   4   4   4 |     TGC   3   3   3   3   3   3
Leu TTA  12  12  12  13  11  11 |     TCA   2   2   2   2   2   2 | *** TAA   0   0   0   0   0   0 | *** TGA   0   0   0   0   0   0
    TTG   5   5   5   4   6   6 |     TCG   0   0   0   0   0   0 |     TAG   0   0   0   0   0   0 | Trp TGG   3   3   3   3   3   3
--------------------------------------------------------------------------------------------------------------------------------------
Leu CTT   9   8   9   9   9   9 | Pro CCT   4   4   4   4   4   4 | His CAT   1   1   1   1   2   2 | Arg CGT   1   1   1   1   1   1
    CTC   4   5   4   4   4   4 |     CCC   2   2   2   2   2   2 |     CAC   4   4   4   4   3   3 |     CGC   0   0   0   0   0   0
    CTA   4   5   4   5   5   5 |     CCA   5   5   5   5   5   5 | Gln CAA   6   6   6   6   6   6 |     CGA   5   5   5   5   5   5
    CTG   4   3   4   3   3   3 |     CCG   0   0   0   0   0   0 |     CAG   2   2   2   2   2   2 |     CGG   1   0   1   1   1   1
--------------------------------------------------------------------------------------------------------------------------------------
Ile ATT  15  15  15  15  14  14 | Thr ACT   5   5   5   5   5   5 | Asn AAT   8   8   9   6   8   8 | Ser AGT   4   4   4   4   4   4
    ATC   2   2   2   2   3   3 |     ACC   6   6   6   6   6   6 |     AAC   9   9   8  11   9   9 |     AGC   5   5   5   5   5   5
    ATA   6   6   6   6   6   7 |     ACA   8   8   8   8   8   8 | Lys AAA  14  14  14  15  14  14 | Arg AGA   5   5   4   5   5   5
Met ATG  13  13  13  13  13  13 |     ACG   0   0   0   0   0   0 |     AAG   3   3   3   2   3   3 |     AGG   2   3   3   2   2   2
--------------------------------------------------------------------------------------------------------------------------------------
Val GTT   4   3   4   4   4   4 | Ala GCT   4   4   4   4   4   4 | Asp GAT   5   5   5   5   5   5 | Gly GGT   2   2   1   2   2   2
    GTC   7   8   7   8   7   7 |     GCC   0   0   0   0   0   0 |     GAC   3   3   3   3   3   3 |     GGC   2   2   2   2   2   2
    GTA  10  10   9   9  10   9 |     GCA   1   1   1   1   1   1 | Glu GAA   9   9   9   9   9   9 |     GGA   7   7   7   7   7   7
    GTG   6   6   7   6   6   6 |     GCG   0   0   0   0   0   0 |     GAG   1   1   1   1   1   1 |     GGG   0   0   1   0   0   0
--------------------------------------------------------------------------------------------------------------------------------------

Codon position x base (3x4) table for each sequence.

#1: Argali         
position  1:    T:0.24042    C:0.18118    A:0.36585    G:0.21254
position  2:    T:0.40767    C:0.17422    A:0.25784    G:0.16028
position  3:    T:0.32753    C:0.20209    A:0.33101    G:0.13937
Average         T:0.32520    C:0.18583    A:0.31823    G:0.17073

#2: LesserMouseDeer
position  1:    T:0.24390    C:0.17422    A:0.36934    G:0.21254
position  2:    T:0.40767    C:0.17770    A:0.25784    G:0.15679
position  3:    T:0.33449    C:0.20557    A:0.31707    G:0.14286
Average         T:0.32869    C:0.18583    A:0.31475    G:0.17073

#3: LesserKudu     
position  1:    T:0.24042    C:0.18118    A:0.36585    G:0.21254
position  2:    T:0.40767    C:0.17422    A:0.25784    G:0.16028
position  3:    T:0.33101    C:0.20209    A:0.32753    G:0.13937
Average         T:0.32636    C:0.18583    A:0.31707    G:0.17073

#4: ForestMuskDeer2
position  1:    T:0.24042    C:0.18118    A:0.36585    G:0.21254
position  2:    T:0.40767    C:0.17422    A:0.25784    G:0.16028
position  3:    T:0.32404    C:0.21254    A:0.33449    G:0.12892
Average         T:0.32404    C:0.18931    A:0.31940    G:0.16725

#5: Camel          
position  1:    T:0.23693    C:0.18467    A:0.36237    G:0.21603
position  2:    T:0.40767    C:0.17422    A:0.25784    G:0.16028
position  3:    T:0.31010    C:0.22648    A:0.32404    G:0.13937
Average         T:0.31823    C:0.19512    A:0.31475    G:0.17189

#6: KillerWhale    
position  1:    T:0.23693    C:0.18467    A:0.36585    G:0.21254
position  2:    T:0.40767    C:0.17422    A:0.26132    G:0.15679
position  3:    T:0.32753    C:0.20906    A:0.31707    G:0.14634
Average         T:0.32404    C:0.18931    A:0.31475    G:0.17189

#7: DefassaWaterbuck
position  1:    T:0.24042    C:0.18118    A:0.36585    G:0.21254
position  2:    T:0.40767    C:0.17422    A:0.25784    G:0.16028
position  3:    T:0.32404    C:0.20557    A:0.33101    G:0.13937
Average         T:0.32404    C:0.18699    A:0.31823    G:0.17073

#8: Sheep          
position  1:    T:0.24042    C:0.18118    A:0.36585    G:0.21254
position  2:    T:0.40767    C:0.17422    A:0.25784    G:0.16028
position  3:    T:0.33101    C:0.19861    A:0.33101    G:0.13937
Average         T:0.32636    C:0.18467    A:0.31823    G:0.17073

#9: MaxwellsDuiker 
position  1:    T:0.24042    C:0.18118    A:0.36585    G:0.21254
position  2:    T:0.40767    C:0.17422    A:0.25784    G:0.16028
position  3:    T:0.33101    C:0.20209    A:0.33101    G:0.13589
Average         T:0.32636    C:0.18583    A:0.31823    G:0.16957

#10: GazellaPrzewalskyi
position  1:    T:0.24042    C:0.18118    A:0.36585    G:0.21254
position  2:    T:0.40767    C:0.17422    A:0.25784    G:0.16028
position  3:    T:0.33101    C:0.20209    A:0.33101    G:0.13589
Average         T:0.32636    C:0.18583    A:0.31823    G:0.16957

#11: MountainNyala  
position  1:    T:0.24042    C:0.18118    A:0.36585    G:0.21254
position  2:    T:0.40767    C:0.17422    A:0.25784    G:0.16028
position  3:    T:0.33101    C:0.20209    A:0.32753    G:0.13937
Average         T:0.32636    C:0.18583    A:0.31707    G:0.17073

#12: MuntiacusMuntjak
position  1:    T:0.24042    C:0.18118    A:0.36237    G:0.21603
position  2:    T:0.40767    C:0.17422    A:0.25784    G:0.16028
position  3:    T:0.33101    C:0.20209    A:0.33101    G:0.13589
Average         T:0.32636    C:0.18583    A:0.31707    G:0.17073

#13: goat           
position  1:    T:0.24042    C:0.18118    A:0.36585    G:0.21254
position  2:    T:0.40767    C:0.17422    A:0.25784    G:0.16028
position  3:    T:0.33101    C:0.19861    A:0.33101    G:0.13937
Average         T:0.32636    C:0.18467    A:0.31823    G:0.17073

#14: AfricanBuffalo 
position  1:    T:0.24042    C:0.18118    A:0.36585    G:0.21254
position  2:    T:0.40767    C:0.17422    A:0.25784    G:0.16028
position  3:    T:0.32753    C:0.20557    A:0.32404    G:0.14286
Average         T:0.32520    C:0.18699    A:0.31591    G:0.17189

#15: Topi           
position  1:    T:0.23693    C:0.18467    A:0.36585    G:0.21254
position  2:    T:0.40767    C:0.17422    A:0.25784    G:0.16028
position  3:    T:0.32404    C:0.20557    A:0.33101    G:0.13937
Average         T:0.32288    C:0.18815    A:0.31823    G:0.17073

#16: CommonDuiker   
position  1:    T:0.24042    C:0.18118    A:0.36585    G:0.21254
position  2:    T:0.40767    C:0.17422    A:0.25784    G:0.16028
position  3:    T:0.32404    C:0.20557    A:0.33101    G:0.13937
Average         T:0.32404    C:0.18699    A:0.31823    G:0.17073

#17: Suni           
position  1:    T:0.23345    C:0.18815    A:0.36585    G:0.21254
position  2:    T:0.40767    C:0.17422    A:0.25784    G:0.16028
position  3:    T:0.33798    C:0.20209    A:0.32404    G:0.13589
Average         T:0.32636    C:0.18815    A:0.31591    G:0.16957

#18: Springbuck     
position  1:    T:0.24042    C:0.18118    A:0.36585    G:0.21254
position  2:    T:0.40767    C:0.17422    A:0.25784    G:0.16028
position  3:    T:0.33101    C:0.19861    A:0.33101    G:0.13937
Average         T:0.32636    C:0.18467    A:0.31823    G:0.17073

#19: Okapi          
position  1:    T:0.24042    C:0.18118    A:0.36585    G:0.21254
position  2:    T:0.40767    C:0.17422    A:0.25784    G:0.16028
position  3:    T:0.33798    C:0.19512    A:0.33101    G:0.13589
Average         T:0.32869    C:0.18351    A:0.31823    G:0.16957

#20: Giraffe        
position  1:    T:0.24042    C:0.18118    A:0.36585    G:0.21254
position  2:    T:0.40767    C:0.17422    A:0.25436    G:0.16376
position  3:    T:0.32753    C:0.20209    A:0.33101    G:0.13937
Average         T:0.32520    C:0.18583    A:0.31707    G:0.17189

#21: TibetanAntelope
position  1:    T:0.24042    C:0.18118    A:0.36585    G:0.21254
position  2:    T:0.40767    C:0.17422    A:0.25784    G:0.16028
position  3:    T:0.32753    C:0.20209    A:0.33449    G:0.13589
Average         T:0.32520    C:0.18583    A:0.31940    G:0.16957

#22: Sitatunga      
position  1:    T:0.24042    C:0.18118    A:0.36585    G:0.21254
position  2:    T:0.40767    C:0.17422    A:0.25784    G:0.16028
position  3:    T:0.33101    C:0.20209    A:0.32753    G:0.13937
Average         T:0.32636    C:0.18583    A:0.31707    G:0.17073

#23: Oribi          
position  1:    T:0.24390    C:0.17770    A:0.36934    G:0.20906
position  2:    T:0.40767    C:0.17422    A:0.25784    G:0.16028
position  3:    T:0.33449    C:0.19861    A:0.32753    G:0.13937
Average         T:0.32869    C:0.18351    A:0.31823    G:0.16957

#24: BarbarySheep   
position  1:    T:0.24042    C:0.18118    A:0.36585    G:0.21254
position  2:    T:0.40767    C:0.17422    A:0.25784    G:0.16028
position  3:    T:0.32753    C:0.20209    A:0.33101    G:0.13937
Average         T:0.32520    C:0.18583    A:0.31823    G:0.17073

#25: Daviddeer      
position  1:    T:0.23693    C:0.18467    A:0.36585    G:0.21254
position  2:    T:0.40767    C:0.17422    A:0.25784    G:0.16028
position  3:    T:0.32404    C:0.20906    A:0.31707    G:0.14983
Average         T:0.32288    C:0.18931    A:0.31359    G:0.17422

#26: Reindeer       
position  1:    T:0.23693    C:0.18467    A:0.36585    G:0.21254
position  2:    T:0.40767    C:0.17422    A:0.25784    G:0.16028
position  3:    T:0.32753    C:0.20209    A:0.33101    G:0.13937
Average         T:0.32404    C:0.18699    A:0.31823    G:0.17073

#27: Ibex           
position  1:    T:0.24042    C:0.18118    A:0.36585    G:0.21254
position  2:    T:0.40767    C:0.17422    A:0.25784    G:0.16028
position  3:    T:0.32753    C:0.20209    A:0.33101    G:0.13937
Average         T:0.32520    C:0.18583    A:0.31823    G:0.17073

#28: GyrantGazelle  
position  1:    T:0.24042    C:0.17770    A:0.36585    G:0.21603
position  2:    T:0.40767    C:0.17422    A:0.25784    G:0.16028
position  3:    T:0.33101    C:0.20557    A:0.32753    G:0.13589
Average         T:0.32636    C:0.18583    A:0.31707    G:0.17073

#29: Hartebeest     
position  1:    T:0.23693    C:0.18467    A:0.36585    G:0.21254
position  2:    T:0.40767    C:0.17422    A:0.25784    G:0.16028
position  3:    T:0.32753    C:0.20557    A:0.32404    G:0.14286
Average         T:0.32404    C:0.18815    A:0.31591    G:0.17189

#30: Bongo          
position  1:    T:0.24042    C:0.18118    A:0.36585    G:0.21254
position  2:    T:0.40767    C:0.17422    A:0.25784    G:0.16028
position  3:    T:0.33101    C:0.20209    A:0.32753    G:0.13937
Average         T:0.32636    C:0.18583    A:0.31707    G:0.17073

#31: Gerenuk        
position  1:    T:0.24042    C:0.18118    A:0.36585    G:0.21254
position  2:    T:0.40767    C:0.17422    A:0.25784    G:0.16028
position  3:    T:0.32753    C:0.20209    A:0.33101    G:0.13937
Average         T:0.32520    C:0.18583    A:0.31823    G:0.17073

#32: CommonEland    
position  1:    T:0.24042    C:0.18118    A:0.36585    G:0.21254
position  2:    T:0.40767    C:0.17422    A:0.25784    G:0.16028
position  3:    T:0.33101    C:0.20209    A:0.32753    G:0.13937
Average         T:0.32636    C:0.18583    A:0.31707    G:0.17073

#33: MuntiacusReevesi
position  1:    T:0.24042    C:0.18118    A:0.36237    G:0.21603
position  2:    T:0.40767    C:0.17422    A:0.25784    G:0.16028
position  3:    T:0.32753    C:0.20557    A:0.33101    G:0.13589
Average         T:0.32520    C:0.18699    A:0.31707    G:0.17073

#34: HarveysDuiker  
position  1:    T:0.24042    C:0.18118    A:0.36585    G:0.21254
position  2:    T:0.40767    C:0.17422    A:0.25784    G:0.16028
position  3:    T:0.32404    C:0.20557    A:0.33101    G:0.13937
Average         T:0.32404    C:0.18699    A:0.31823    G:0.17073

#35: Pronghorn      
position  1:    T:0.23693    C:0.18467    A:0.36585    G:0.21254
position  2:    T:0.40767    C:0.17422    A:0.25784    G:0.16028
position  3:    T:0.33449    C:0.19512    A:0.33449    G:0.13589
Average         T:0.32636    C:0.18467    A:0.31940    G:0.16957

#36: BlueWildebeest 
position  1:    T:0.23693    C:0.18467    A:0.36585    G:0.21254
position  2:    T:0.40767    C:0.17422    A:0.25784    G:0.16028
position  3:    T:0.32056    C:0.20906    A:0.33101    G:0.13937
Average         T:0.32172    C:0.18931    A:0.31823    G:0.17073

#37: Gemsbok        
position  1:    T:0.24042    C:0.18118    A:0.36585    G:0.21254
position  2:    T:0.40767    C:0.17422    A:0.25784    G:0.16028
position  3:    T:0.32056    C:0.20906    A:0.33101    G:0.13937
Average         T:0.32288    C:0.18815    A:0.31823    G:0.17073

#38: Yak            
position  1:    T:0.24042    C:0.18118    A:0.36585    G:0.21254
position  2:    T:0.40767    C:0.17422    A:0.25784    G:0.16028
position  3:    T:0.33101    C:0.20209    A:0.32753    G:0.13937
Average         T:0.32636    C:0.18583    A:0.31707    G:0.17073

#39: BlueSheep      
position  1:    T:0.24042    C:0.18118    A:0.36585    G:0.21254
position  2:    T:0.40767    C:0.17422    A:0.25784    G:0.16028
position  3:    T:0.32404    C:0.20557    A:0.33101    G:0.13937
Average         T:0.32404    C:0.18699    A:0.31823    G:0.17073

#40: BohorReedbuck  
position  1:    T:0.24042    C:0.18118    A:0.36585    G:0.21254
position  2:    T:0.40767    C:0.17422    A:0.25784    G:0.16028
position  3:    T:0.32404    C:0.20557    A:0.33101    G:0.13937
Average         T:0.32404    C:0.18699    A:0.31823    G:0.17073

#41: KirksDik       
position  1:    T:0.24042    C:0.18118    A:0.36585    G:0.21254
position  2:    T:0.40767    C:0.17422    A:0.25784    G:0.16028
position  3:    T:0.32404    C:0.20906    A:0.32753    G:0.13937
Average         T:0.32404    C:0.18815    A:0.31707    G:0.17073

#42: RoeDeer        
position  1:    T:0.24042    C:0.18118    A:0.36585    G:0.21254
position  2:    T:0.40418    C:0.17770    A:0.25784    G:0.16028
position  3:    T:0.32056    C:0.21254    A:0.32404    G:0.14286
Average         T:0.32172    C:0.19048    A:0.31591    G:0.17189

#43: WhiteLippedDeer
position  1:    T:0.23693    C:0.18467    A:0.36585    G:0.21254
position  2:    T:0.40767    C:0.17422    A:0.25784    G:0.16028
position  3:    T:0.32404    C:0.20906    A:0.31707    G:0.14983
Average         T:0.32288    C:0.18931    A:0.31359    G:0.17422

#44: ThomsonGazelle 
position  1:    T:0.24042    C:0.18118    A:0.36585    G:0.21254
position  2:    T:0.40767    C:0.17422    A:0.25784    G:0.16028
position  3:    T:0.33449    C:0.20209    A:0.32753    G:0.13589
Average         T:0.32753    C:0.18583    A:0.31707    G:0.16957

#45: MuntiacusCrinifrons
position  1:    T:0.24042    C:0.18118    A:0.36237    G:0.21603
position  2:    T:0.40767    C:0.17422    A:0.25784    G:0.16028
position  3:    T:0.33449    C:0.19861    A:0.33101    G:0.13589
Average         T:0.32753    C:0.18467    A:0.31707    G:0.17073

#46: WhiteTailedDeer
position  1:    T:0.23693    C:0.18467    A:0.36585    G:0.21254
position  2:    T:0.40767    C:0.17422    A:0.25784    G:0.16028
position  3:    T:0.32404    C:0.20557    A:0.32753    G:0.14286
Average         T:0.32288    C:0.18815    A:0.31707    G:0.17189

#47: Cattle         
position  1:    T:0.24042    C:0.18118    A:0.36585    G:0.21254
position  2:    T:0.40767    C:0.17422    A:0.25784    G:0.16028
position  3:    T:0.33101    C:0.20209    A:0.32753    G:0.13937
Average         T:0.32636    C:0.18583    A:0.31707    G:0.17073

#48: RoyalAntelope  
position  1:    T:0.24390    C:0.17770    A:0.36585    G:0.21254
position  2:    T:0.40767    C:0.17422    A:0.25784    G:0.16028
position  3:    T:0.33449    C:0.19861    A:0.32753    G:0.13937
Average         T:0.32869    C:0.18351    A:0.31707    G:0.17073

#49: Steenbok       
position  1:    T:0.24042    C:0.18118    A:0.36585    G:0.21254
position  2:    T:0.40767    C:0.17422    A:0.25784    G:0.16028
position  3:    T:0.33101    C:0.20209    A:0.32753    G:0.13937
Average         T:0.32636    C:0.18583    A:0.31707    G:0.17073

#50: Impala         
position  1:    T:0.24042    C:0.17770    A:0.36934    G:0.21254
position  2:    T:0.40767    C:0.17422    A:0.25784    G:0.16028
position  3:    T:0.32404    C:0.20906    A:0.33101    G:0.13589
Average         T:0.32404    C:0.18699    A:0.31940    G:0.16957

#51: Klipspringer   
position  1:    T:0.24042    C:0.18118    A:0.36585    G:0.21254
position  2:    T:0.40767    C:0.17422    A:0.25784    G:0.16028
