1
52 1
Argali 0.000000 0.476400 0.316400 0.504300 0.322400 0.022600 0.310500 0.226800 0.358600 0.400800 0.072100 0.286400 0.121700 0.324500 0.371300 0.210500 0.359500 0.265700 0.164500 0.335900 0.261400 0.072400 0.341200 0.319500 0.072100 0.253100 0.122800 0.358600 0.264200 0.421600 0.360800 0.265000 0.172400 0.094700 0.191200 0.236400 0.073100 0.286400 0.241000 0.292900 0.317700 0.262200 0.374100 0.284900 0.236400 0.264200 0.235300 0.210400 0.218500 0.372300 0.358600 0.397900
LesserMous 0.476400 0.000000 0.443800 0.571500 0.480200 0.443900 0.506200 0.477700 0.445300 0.426000 0.455900 0.593100 0.522500 0.532300 0.464700 0.470000 0.599900 0.404000 0.485000 0.354200 0.562000 0.456100 0.361100 0.405400 0.454700 0.433000 0.529300 0.445300 0.502400 0.441600 0.383400 0.462800 0.515800 0.472800 0.606500 0.540600 0.462000 0.433400 0.512700 0.344300 0.401900 0.484800 0.395100 0.435000 0.540600 0.490700 0.451100 0.394300 0.445200 0.508500 0.445300 0.418000
LesserKudu 0.316400 0.443800 0.000000 0.671100 0.200800 0.288400 0.195100 0.282500 0.188400 0.276200 0.234500 0.226600 0.229700 0.201900 0.240000 0.208300 0.187700 0.210900 0.217700 0.116000 0.257900 0.234200 0.222500 0.201900 0.234700 0.250300 0.233400 0.188400 0.149600 0.187100 0.243500 0.150100 0.284000 0.254100 0.303000 0.124300 0.238100 0.225000 0.241400 0.206000 0.199300 0.201700 0.314400 0.227400 0.124300 0.204000 0.233700 0.208400 0.157800 0.142200 0.188400 0.165200
KillerWhal 0.504300 0.571500 0.671100 0.000000 0.593000 0.505600 0.575900 0.464000 0.628600 0.524500 0.519600 0.663200 0.589800 0.597300 0.674400 0.455900 0.625400 0.574300 0.550800 0.685300 0.469600 0.519500 0.493100 0.624500 0.517900 0.461300 0.597500 0.628600 0.486500 0.625400 0.552700 0.613100 0.465400 0.537600 0.591000 0.565900 0.526200 0.540500 0.545900 0.592400 0.542900 0.514200 0.561100 0.574600 0.565900 0.438400 0.516300 0.573400 0.511100 0.616100 0.628600 0.599400
DefassaWat 0.322400 0.480200 0.200800 0.593000 0.000000 0.293500 0.198000 0.228100 0.189200 0.278500 0.238000 0.174800 0.233100 0.149600 0.074700 0.154700 0.189600 0.212500 0.275900 0.167100 0.204600 0.237600 0.224700 0.203700 0.238100 0.197400 0.237000 0.189200 0.151700 0.188400 0.302700 0.152100 0.173500 0.258200 0.248700 0.125900 0.241600 0.023000 0.189700 0.267800 0.201600 0.149300 0.316900 0.229200 0.125900 0.208000 0.179600 0.212200 0.104200 0.196200 0.189200 0.166100
Sheep 0.022600 0.443900 0.288400 0.505600 0.293500 0.000000 0.282900 0.200500 0.330900 0.371200 0.047900 0.258600 0.097000 0.295500 0.340200 0.183100 0.331300 0.240100 0.140400 0.308300 0.233600 0.048100 0.312900 0.290900 0.047900 0.226500 0.097900 0.330900 0.236400 0.392200 0.332700 0.237200 0.147000 0.070800 0.166500 0.209200 0.048600 0.258600 0.215700 0.264600 0.289300 0.234600 0.346500 0.257500 0.209200 0.236200 0.207900 0.183100 0.190200 0.343300 0.330900 0.368800
MaxwellsDu 0.310500 0.506200 0.195100 0.575900 0.198000 0.282900 0.000000 0.221400 0.161400 0.302600 0.228900 0.279900 0.226200 0.142800 0.207400 0.205400 0.236600 0.206900 0.188700 0.138800 0.198300 0.230200 0.219600 0.252600 0.229100 0.167000 0.228300 0.161400 0.200400 0.160700 0.268400 0.094300 0.279700 0.250500 0.296600 0.175100 0.232400 0.222100 0.112000 0.318700 0.196800 0.120200 0.283200 0.278300 0.175100 0.202200 0.147700 0.264500 0.155500 0.245000 0.161400 0.138800
GazellaPrz 0.226800 0.477700 0.282500 0.464000 0.228100 0.200500 0.221400 0.000000 0.266100 0.245000 0.204500 0.254800 0.200600 0.174200 0.269100 0.072800 0.212300 0.183600 0.242900 0.244100 0.119600 0.204200 0.306700 0.286600 0.204600 0.068300 0.203700 0.266100 0.122200 0.264800 0.268600 0.233300 0.197400 0.170500 0.165200 0.205600 0.207500 0.196800 0.212500 0.293300 0.283500 0.120600 0.230100 0.253800 0.205600 0.175900 0.096800 0.179300 0.129200 0.219200 0.266100 0.242600
MountainNy 0.358600 0.445300 0.188400 0.628600 0.189200 0.330900 0.161400 0.266100 0.000000 0.208600 0.277200 0.213500 0.271600 0.218600 0.170300 0.251700 0.177900 0.200000 0.156500 0.063600 0.242800 0.276700 0.211300 0.244200 0.277400 0.184100 0.275800 0.000000 0.247800 0.041000 0.231400 0.222800 0.267100 0.295300 0.285300 0.117400 0.281100 0.212100 0.130800 0.307700 0.189100 0.139000 0.246800 0.269300 0.117400 0.193800 0.166500 0.251300 0.202900 0.183900 0.000000 0.021000
MuntiacusM 0.400800 0.426000 0.276200 0.524500 0.278500 0.371200 0.302600 0.245000 0.208600 0.000000 0.313800 0.363500 0.309400 0.312800 0.257200 0.174000 0.317600 0.284300 0.237600 0.238600 0.222300 0.315200 0.139700 0.167900 0.314100 0.214800 0.310500 0.208600 0.169000 0.207600 0.021200 0.317100 0.366100 0.334500 0.320200 0.316400 0.316500 0.303300 0.261100 0.170800 0.117400 0.222300 0.084000 0.141100 0.316400 0.284900 0.197100 0.289500 0.238600 0.269600 0.208600 0.185900
goat 0.072100 0.455900 0.234500 0.519600 0.238000 0.047900 0.228900 0.204500 0.277200 0.313800 0.000000 0.205000 0.048300 0.239200 0.279900 0.130000 0.277100 0.244200 0.093000 0.254700 0.180000 0.000100 0.259600 0.236600 0.000000 0.230400 0.048800 0.277200 0.182500 0.335500 0.278200 0.182400 0.149800 0.072100 0.118400 0.155700 0.000100 0.263400 0.166100 0.270100 0.235000 0.180700 0.351600 0.230800 0.155700 0.241000 0.154300 0.186800 0.135100 0.289500 0.277200 0.312400
AfricanBuf 0.286400 0.593100 0.226600 0.663200 0.174800 0.258600 0.279900 0.254800 0.213500 0.363500 0.205000 0.000000 0.202200 0.231600 0.208800 0.181300 0.214400 0.352500 0.189600 0.246000 0.231700 0.205900 0.310200 0.288300 0.205000 0.280700 0.202900 0.213500 0.232100 0.267400 0.388100 0.234400 0.199000 0.226800 0.217300 0.097700 0.206600 0.199300 0.213200 0.357200 0.287200 0.231200 0.400700 0.314900 0.097700 0.176800 0.205100 0.181200 0.130800 0.221600 0.213500 0.244800
Topi 0.121700 0.522500 0.229700 0.589800 0.233100 0.097000 0.226200 0.200600 0.271600 0.309400 0.048300 0.202200 0.000000 0.234300 0.275700 0.127500 0.272100 0.240000 0.091900 0.249500 0.176800 0.048300 0.253500 0.232800 0.048400 0.226100 0.000000 0.271600 0.180100 0.328700 0.274500 0.180400 0.201400 0.023200 0.116800 0.153500 0.049000 0.258200 0.164300 0.299600 0.230100 0.177300 0.347000 0.201800 0.153500 0.237600 0.152400 0.183100 0.132300 0.282000 0.271600 0.306000
CommonDuik 0.324500 0.532300 0.201900 0.597300 0.149600 0.295500 0.142800 0.174200 0.218600 0.312800 0.239200 0.231600 0.234300 0.000000 0.157600 0.155200 0.244300 0.268200 0.250600 0.196200 0.205100 0.238800 0.283900 0.263400 0.239300 0.172600 0.238100 0.218600 0.152300 0.217600 0.337800 0.098200 0.230200 0.259400 0.195600 0.126900 0.242700 0.173800 0.219000 0.333300 0.260400 0.124400 0.414100 0.290100 0.126900 0.209300 0.153800 0.213000 0.104600 0.197100 0.218600 0.195000
Suni 0.371300 0.464700 0.240000 0.674400 0.074700 0.340200 0.207400 0.269100 0.170300 0.257200 0.279900 0.208800 0.275700 0.157600 0.000000 0.191500 0.225400 0.249600 0.256800 0.147500 0.244100 0.281500 0.264700 0.241900 0.280100 0.177800 0.276600 0.170300 0.185300 0.169400 0.282000 0.159600 0.210100 0.302200 0.288600 0.159800 0.282400 0.099200 0.169700 0.309700 0.240500 0.128200 0.296900 0.269000 0.159800 0.247700 0.157600 0.254200 0.138300 0.234000 0.170300 0.146500
Springbuck 0.210500 0.470000 0.208300 0.455900 0.154700 0.183100 0.205400 0.072800 0.251700 0.174000 0.130000 0.181300 0.127500 0.155200 0.191500 0.000000 0.196500 0.220300 0.172400 0.228700 0.100700 0.129900 0.233400 0.211900 0.130100 0.097100 0.129500 0.251700 0.049800 0.250600 0.197900 0.158000 0.180200 0.152400 0.146800 0.130700 0.132000 0.179800 0.196500 0.279100 0.209600 0.100700 0.269800 0.180400 0.130700 0.157500 0.075800 0.161000 0.052800 0.148400 0.251700 0.227400
Okapi 0.359500 0.599900 0.187700 0.625400 0.189600 0.331300 0.236600 0.212300 0.177900 0.317600 0.277100 0.214400 0.272100 0.244300 0.225400 0.196500 0.000000 0.106600 0.257100 0.156900 0.190300 0.276800 0.321000 0.301600 0.277400 0.184200 0.276400 0.177900 0.193000 0.130500 0.341100 0.248600 0.161600 0.296200 0.231500 0.167800 0.281300 0.212900 0.177700 0.371100 0.298700 0.139100 0.298800 0.269700 0.167800 0.247600 0.167000 0.311900 0.203300 0.183700 0.177900 0.156100
Giraffe 0.265700 0.404000 0.210900 0.574300 0.212500 0.240100 0.206900 0.183600 0.200000 0.284300 0.244200 0.352500 0.240000 0.268200 0.249600 0.220300 0.106600 0.000000 0.280300 0.131100 0.213300 0.244000 0.232800 0.213200 0.244500 0.157000 0.243600 0.200000 0.216700 0.151900 0.252900 0.217000 0.184300 0.210000 0.254300 0.245800 0.247800 0.183900 0.199500 0.217700 0.211100 0.161800 0.217900 0.185300 0.245800 0.272200 0.190300 0.276900 0.227900 0.259000 0.200000 0.178100
TibetanAnt 0.164500 0.485000 0.217700 0.550800 0.275900 0.140400 0.188700 0.242900 0.156500 0.237600 0.093000 0.189600 0.091900 0.250600 0.256800 0.172400 0.257100 0.280300 0.000000 0.184100 0.219800 0.093400 0.240800 0.274200 0.093000 0.213300 0.092700 0.156500 0.223600 0.205100 0.207700 0.198500 0.243800 0.114300 0.157900 0.144100 0.094200 0.300300 0.108200 0.342100 0.218300 0.167000 0.275400 0.243200 0.144100 0.169400 0.142600 0.228300 0.178400 0.266000 0.156500 0.183700
Sitatunga 0.335900 0.354200 0.116000 0.685300 0.167100 0.308300 0.138800 0.244100 0.063600 0.238600 0.254700 0.246000 0.249500 0.196200 0.147500 0.228700 0.156900 0.131100 0.184100 0.000000 0.220400 0.254300 0.188400 0.168000 0.254900 0.162600 0.253400 0.063200 0.225300 0.064000 0.208800 0.145900 0.302800 0.273300 0.320900 0.146100 0.258400 0.190100 0.156800 0.226200 0.166000 0.117000 0.224600 0.192300 0.146100 0.224600 0.144100 0.287700 0.179400 0.162400 0.063500 0.042400
Oribi 0.261400 0.562000 0.257900 0.469600 0.204600 0.233600 0.198300 0.119600 0.242800 0.222300 0.180000 0.231700 0.176800 0.205100 0.244100 0.100700 0.190300 0.213300 0.219800 0.220400 0.000000 0.179800 0.225200 0.203900 0.180100 0.144500 0.179600 0.242800 0.151900 0.242200 0.245900 0.208600 0.229800 0.201400 0.194000 0.181100 0.182700 0.229800 0.190100 0.268300 0.202200 0.097100 0.261600 0.173900 0.181100 0.208600 0.073300 0.212700 0.104400 0.252400 0.242800 0.219500
BarbaryShe 0.072400 0.456100 0.234200 0.519500 0.237600 0.048100 0.230200 0.204200 0.276700 0.315200 0.000100 0.205900 0.048300 0.238800 0.281500 0.129900 0.276800 0.244000 0.093400 0.254300 0.179800 0.000000 0.258300 0.237600 0.000100 0.230200 0.049000 0.276700 0.183500 0.334900 0.279500 0.183800 0.149600 0.072000 0.118800 0.156500 0.000000 0.263000 0.167000 0.271300 0.234500 0.180600 0.353000 0.205500 0.156500 0.242100 0.155100 0.186600 0.134900 0.287500 0.276700 0.311900
Daviddeer 0.341200 0.361100 0.222500 0.493100 0.224700 0.312900 0.219600 0.306700 0.211300 0.139700 0.259600 0.310200 0.253500 0.283900 0.264700 0.233400 0.321000 0.232800 0.240800 0.188400 0.225200 0.258300 0.000000 0.069800 0.259000 0.333000 0.257500 0.211300 0.288200 0.210300 0.113100 0.229700 0.370700 0.277900 0.326400 0.260700 0.262500 0.248900 0.264400 0.121800 0.022700 0.283500 0.179500 0.093300 0.260700 0.230400 0.258600 0.294000 0.183300 0.273500 0.211300 0.188400
Reindeer 0.319500 0.405400 0.201900 0.624500 0.203700 0.290900 0.252600 0.286600 0.244200 0.167900 0.236600 0.288300 0.232800 0.263400 0.241900 0.211900 0.301600 0.213200 0.274200 0.168000 0.203900 0.237600 0.069800 0.000000 0.236700 0.313300 0.235200 0.244200 0.265900 0.242900 0.139700 0.208400 0.351200 0.257600 0.305200 0.238200 0.240100 0.228300 0.298500 0.098500 0.046900 0.263000 0.207600 0.023000 0.238200 0.265400 0.235900 0.272900 0.160600 0.253400 0.244200 0.220400
Ibex 0.072100 0.454700 0.234700 0.517900 0.238100 0.047900 0.229100 0.204600 0.277400 0.314100 0.000000 0.205000 0.048400 0.239300 0.280100 0.130100 0.277400 0.244500 0.093000 0.254900 0.180100 0.000100 0.259000 0.236700 0.000000 0.230700 0.048800 0.277400 0.182700 0.335800 0.278400 0.182800 0.149900 0.072100 0.118400 0.155700 0.000000 0.263600 0.166200 0.270300 0.235100 0.180900 0.351900 0.231600 0.155700 0.241100 0.154400 0.187000 0.135100 0.289800 0.277400 0.312700
GyrantGaze 0.253100 0.433000 0.250300 0.461300 0.197400 0.226500 0.167000 0.068300 0.184100 0.214800 0.230400 0.280700 0.226100 0.172600 0.177800 0.097100 0.184200 0.157000 0.213300 0.162600 0.144500 0.230200 0.333000 0.313300 0.230700 0.000000 0.229700 0.184100 0.095500 0.183000 0.238100 0.175700 0.168600 0.195100 0.241400 0.175800 0.233900 0.167900 0.135000 0.320800 0.309800 0.046000 0.202300 0.279900 0.175800 0.201700 0.070800 0.205000 0.155000 0.190200 0.184100 0.161500
Hartebeest 0.122800 0.529300 0.233400 0.597500 0.237000 0.097900 0.228300 0.203700 0.275800 0.310500 0.048800 0.202900 0.000000 0.238100 0.276600 0.129500 0.276400 0.243600 0.092700 0.253400 0.179600 0.049000 0.257500 0.235200 0.048800 0.229700 0.000000 0.275800 0.180700 0.333900 0.275500 0.182100 0.204600 0.023500 0.117800 0.155000 0.049200 0.262500 0.165700 0.300800 0.233800 0.180100 0.348500 0.203800 0.155000 0.240000 0.153800 0.186100 0.134400 0.286600 0.275800 0.310900
Bongo 0.358600 0.445300 0.188400 0.628600 0.189200 0.330900 0.161400 0.266100 0.000000 0.208600 0.277200 0.213500 0.271600 0.218600 0.170300 0.251700 0.177900 0.200000 0.156500 0.063200 0.242800 0.276700 0.211300 0.244200 0.277400 0.184100 0.275800 0.000000 0.247800 0.041500 0.231400 0.222800 0.267100 0.295300 0.285300 0.117400 0.281100 0.212100 0.130800 0.307700 0.189100 0.139000 0.246800 0.269300 0.117400 0.193800 0.166500 0.251300 0.202900 0.183900 0.000000 0.020700
Gerenuk 0.264200 0.502400 0.149600 0.486500 0.151700 0.236400 0.200400 0.122200 0.247800 0.169000 0.182500 0.232100 0.180100 0.152300 0.185300 0.049800 0.193000 0.216700 0.223600 0.225300 0.151900 0.183500 0.288200 0.265900 0.182700 0.095500 0.180700 0.247800 0.000000 0.246400 0.192500 0.154100 0.176900 0.205000 0.196200 0.127600 0.184200 0.176300 0.193000 0.270100 0.264400 0.098900 0.262700 0.232900 0.127600 0.210400 0.126500 0.157600 0.106100 0.145800 0.247800 0.223700
CommonElan 0.421600 0.441600 0.187100 0.625400 0.188400 0.392200 0.160700 0.264800 0.041000 0.207600 0.335500 0.267400 0.328700 0.217600 0.169400 0.250600 0.130500 0.151900 0.205100 0.064000 0.242200 0.334900 0.210300 0.242900 0.335800 0.183000 0.333900 0.041500 0.246400 0.000000 0.230200 0.221500 0.323500 0.353200 0.340900 0.167600 0.340400 0.211400 0.177700 0.306000 0.188600 0.138200 0.245700 0.267800 0.167600 0.193100 0.165700 0.309600 0.202400 0.182900 0.041600 0.020700
MuntiacusR 0.360800 0.383400 0.243500 0.552700 0.302700 0.332700 0.268400 0.268600 0.231400 0.021200 0.278200 0.388100 0.274500 0.337800 0.282000 0.197900 0.341100 0.252900 0.207700 0.208800 0.245900 0.279500 0.113100 0.139700 0.278400 0.238100 0.275500 0.231400 0.192500 0.230200 0.000000 0.280800 0.391200 0.298600 0.343900 0.341900 0.280500 0.327400 0.230500 0.142000 0.091200 0.246200 0.061500 0.114300 0.341900 0.309600 0.220900 0.314400 0.263800 0.293400 0.231400 0.208600
HarveysDui 0.265000 0.462800 0.150100 0.613100 0.152100 0.237200 0.094300 0.233300 0.222800 0.317100 0.182400 0.234400 0.180400 0.098200 0.159600 0.158000 0.248600 0.217000 0.198500 0.145900 0.208600 0.183800 0.229700 0.208400 0.182800 0.175700 0.182100 0.222800 0.154100 0.221500 0.280800 0.000000 0.234400 0.205200 0.254700 0.129300 0.185600 0.176800 0.168600 0.272500 0.205900 0.126600 0.355400 0.234600 0.129300 0.213100 0.156500 0.217000 0.106400 0.200700 0.222800 0.198600
Pronghorn 0.172400 0.515800 0.284000 0.465400 0.173500 0.147000 0.279700 0.197400 0.267100 0.366100 0.149800 0.199000 0.201400 0.230200 0.210100 0.180200 0.161600 0.184300 0.243800 0.302800 0.229800 0.149600 0.370700 0.351200 0.149900 0.168600 0.204600 0.267100 0.176900 0.323500 0.391200 0.234400 0.000000 0.171100 0.164600 0.150700 0.152000 0.144500 0.161700 0.324100 0.347200 0.174100 0.342500 0.315300 0.150700 0.233900 0.205200 0.180000 0.187000 0.277300 0.267100 0.300900
BlueWildeb 0.094700 0.472800 0.254100 0.537600 0.258200 0.070800 0.250500 0.170500 0.295300 0.334500 0.072100 0.226800 0.023200 0.259400 0.302200 0.152400 0.296200 0.210000 0.114300 0.273300 0.201400 0.072000 0.277900 0.257600 0.072100 0.195100 0.023500 0.295300 0.205000 0.353200 0.298600 0.205200 0.171100 0.000000 0.139500 0.178200 0.073100 0.225600 0.187100 0.263700 0.254800 0.201700 0.313100 0.226100 0.178200 0.204900 0.177000 0.152300 0.157900 0.306800 0.295300 0.330500
Gemsbok 0.191200 0.606500 0.303000 0.591000 0.248700 0.166500 0.296600 0.165200 0.285300 0.320200 0.118400 0.217300 0.116800 0.195600 0.288600 0.146800 0.231500 0.254300 0.157900 0.320900 0.194000 0.118800 0.326400 0.305200 0.118400 0.241400 0.117800 0.285300 0.196200 0.340900 0.343900 0.254700 0.164600 0.139500 0.000000 0.170800 0.119900 0.272900 0.230700 0.375300 0.303600 0.194500 0.416000 0.299800 0.170800 0.252000 0.169600 0.200500 0.152000 0.297300 0.285300 0.318900
Yak 0.236400 0.540600 0.124300 0.565900 0.125900 0.209200 0.175100 0.205600 0.117400 0.316400 0.155700 0.097700 0.153500 0.126900 0.159800 0.130700 0.167800 0.245800 0.144100 0.146100 0.181100 0.156500 0.260700 0.238200 0.155700 0.175800 0.155000 0.117400 0.127600 0.167600 0.341900 0.129300 0.150700 0.178200 0.170800 0.000000 0.158000 0.150400 0.167700 0.306800 0.236700 0.126700 0.418400 0.264800 0.000000 0.127500 0.155600 0.130700 0.079400 0.121200 0.117400 0.145000
BlueSheep 0.073100 0.462000 0.238100 0.526200 0.241600 0.048600 0.232400 0.207500 0.281100 0.316500 0.000100 0.206600 0.049000 0.242700 0.282400 0.132000 0.281300 0.247800 0.094200 0.258400 0.182700 0.000000 0.262500 0.240100 0.000000 0.233900 0.049200 0.281100 0.184200 0.340400 0.280500 0.185600 0.152000 0.073100 0.119900 0.158000 0.000000 0.267500 0.168500 0.272400 0.238400 0.183500 0.354500 0.207600 0.158000 0.244600 0.156600 0.189800 0.137100 0.292300 0.281100 0.317100
BohorReedb 0.286400 0.433400 0.225000 0.540500 0.023000 0.258600 0.222100 0.196800 0.212100 0.303300 0.263400 0.199300 0.258200 0.173800 0.099200 0.179800 0.212900 0.183900 0.300300 0.190100 0.229800 0.263000 0.248900 0.228300 0.263600 0.167900 0.262500 0.212100 0.176300 0.211400 0.327400 0.176800 0.144500 0.225600 0.272900 0.150400 0.267500 0.000000 0.212900 0.233600 0.226200 0.173600 0.284500 0.253900 0.150400 0.176700 0.204700 0.180100 0.129700 0.220100 0.212100 0.189200
KirksDik 0.241000 0.512700 0.241400 0.545900 0.189700 0.215700 0.112000 0.212500 0.130800 0.261100 0.166100 0.213200 0.164300 0.219000 0.169700 0.196500 0.177700 0.199500 0.108200 0.156800 0.190100 0.167000 0.264400 0.298500 0.166200 0.135000 0.165700 0.130800 0.193000 0.177700 0.230500 0.168600 0.161700 0.187100 0.230700 0.167700 0.168500 0.212900 0.000000 0.368200 0.242200 0.090600 0.196300 0.267000 0.167700 0.248700 0.115700 0.253200 0.203400 0.290000 0.130800 0.156600
RoeDeer 0.292900 0.344300 0.206000 0.592400 0.267800 0.264600 0.318700 0.293300 0.307700 0.170800 0.270100 0.357200 0.299600 0.333300 0.309700 0.279100 0.371100 0.217700 0.342100 0.226200 0.268300 0.271300 0.121800 0.098500 0.270300 0.320800 0.300800 0.307700 0.270100 0.306000 0.142000 0.272500 0.324100 0.263700 0.375300 0.306800 0.272400 0.233600 0.368200 0.000000 0.098300 0.333100 0.160300 0.123600 0.306800 0.271800 0.304100 0.217000 0.225400 0.320200 0.307700 0.282800
WhiteLippe 0.317700 0.401900 0.199300 0.542900 0.201600 0.289300 0.196800 0.283500 0.189100 0.117400 0.235000 0.287200 0.230100 0.260400 0.240500 0.209600 0.298700 0.211100 0.218300 0.166000 0.202200 0.234500 0.022700 0.046900 0.235100 0.309800 0.233800 0.189100 0.264400 0.188600 0.091200 0.205900 0.347200 0.254800 0.303600 0.236700 0.238400 0.226200 0.242200 0.098300 0.000000 0.260000 0.158200 0.070600 0.236700 0.206800 0.234900 0.270000 0.158800 0.250600 0.189100 0.166100
ThomsonGaz 0.262200 0.484800 0.201700 0.514200 0.149300 0.234600 0.120200 0.120600 0.139000 0.222300 0.180700 0.231200 0.177300 0.124400 0.128200 0.100700 0.139100 0.161800 0.167000 0.117000 0.097100 0.180600 0.283500 0.263000 0.180900 0.046000 0.180100 0.139000 0.098900 0.138200 0.246200 0.126600 0.174100 0.201700 0.194500 0.126700 0.183500 0.173600 0.090600 0.333100 0.260000 0.000000 0.261500 0.230500 0.126700 0.208900 0.023800 0.212700 0.104500 0.196900 0.139000 0.116200
MuntiacusC 0.374100 0.395100 0.314400 0.561100 0.316900 0.346500 0.283200 0.230100 0.246800 0.084000 0.351600 0.400700 0.347000 0.414100 0.296900 0.269800 0.298800 0.217900 0.275400 0.224600 0.261600 0.353000 0.179500 0.207600 0.351900 0.202300 0.348500 0.246800 0.262700 0.245700 0.061500 0.355400 0.342500 0.313100 0.416000 0.418400 0.354500 0.284500 0.196300 0.160300 0.158200 0.261500 0.000000 0.181300 0.418400 0.324400 0.237200 0.328600 0.340100 0.365200 0.246800 0.224600
WhiteTaile 0.284900 0.435000 0.227400 0.574600 0.229200 0.257500 0.278300 0.253800 0.269300 0.141100 0.230800 0.314900 0.201800 0.290100 0.269000 0.180400 0.269700 0.185300 0.243200 0.192300 0.173900 0.205500 0.093300 0.023000 0.231600 0.279900 0.203800 0.269300 0.232900 0.267800 0.114300 0.234600 0.315300 0.226100 0.299800 0.264800 0.207600 0.253900 0.267000 0.123600 0.070600 0.230500 0.181300 0.000000 0.264800 0.292200 0.204200 0.300300 0.187100 0.252800 0.269300 0.245400
Cattle 0.236400 0.540600 0.124300 0.565900 0.125900 0.209200 0.175100 0.205600 0.117400 0.316400 0.155700 0.097700 0.153500 0.126900 0.159800 0.130700 0.167800 0.245800 0.144100 0.146100 0.181100 0.156500 0.260700 0.238200 0.155700 0.175800 0.155000 0.117400 0.127600 0.167600 0.341900 0.129300 0.150700 0.178200 0.170800 0.000000 0.158000 0.150400 0.167700 0.306800 0.236700 0.126700 0.418400 0.264800 0.000000 0.127500 0.155600 0.130700 0.079400 0.121200 0.117400 0.145000
RoyalAntel 0.264200 0.490700 0.204000 0.438400 0.208000 0.236200 0.202200 0.175900 0.193800 0.284900 0.241000 0.176800 0.237600 0.209300 0.247700 0.157500 0.247600 0.272200 0.169400 0.224600 0.208600 0.242100 0.230400 0.265400 0.241100 0.201700 0.240000 0.193800 0.210400 0.193100 0.309600 0.213100 0.233900 0.204900 0.252000 0.127500 0.244600 0.176700 0.248700 0.271800 0.206800 0.208900 0.324400 0.292200 0.127500 0.000000 0.182500 0.157800 0.106200 0.199400 0.193800 0.170200
Steenbok 0.235300 0.451100 0.233700 0.516300 0.179600 0.207900 0.147700 0.096800 0.166500 0.197100 0.154300 0.205100 0.152400 0.153800 0.157600 0.075800 0.167000 0.190300 0.142600 0.144100 0.073300 0.155100 0.258600 0.235900 0.154400 0.070800 0.153800 0.166500 0.126500 0.165700 0.220900 0.156500 0.205200 0.177000 0.169600 0.155600 0.156600 0.204700 0.115700 0.304100 0.234900 0.023800 0.237200 0.204200 0.155600 0.182500 0.000000 0.186800 0.078600 0.228200 0.166500 0.143200
Impala 0.210400 0.394300 0.208400 0.573400 0.212200 0.183100 0.264500 0.179300 0.251300 0.289500 0.186800 0.181200 0.183100 0.213000 0.254200 0.161000 0.311900 0.276900 0.228300 0.287700 0.212700 0.186600 0.294000 0.272900 0.187000 0.205000 0.186100 0.251300 0.157600 0.309600 0.314400 0.217000 0.180000 0.152300 0.200500 0.130700 0.189800 0.180100 0.253200 0.217000 0.270000 0.212700 0.328600 0.300300 0.130700 0.157800 0.186800 0.000000 0.108600 0.261800 0.251300 0.286100
Klipspring 0.218500 0.445200 0.157800 0.511100 0.104200 0.190200 0.155500 0.129200 0.202900 0.238600 0.135100 0.130800 0.132300 0.104600 0.138300 0.052800 0.203300 0.227900 0.178400 0.179400 0.104400 0.134900 0.183300 0.160600 0.135100 0.155000 0.134400 0.202900 0.106100 0.202400 0.263800 0.106400 0.187000 0.157900 0.152000 0.079400 0.137100 0.129700 0.203400 0.225400 0.158800 0.104500 0.340100 0.187100 0.079400 0.106200 0.078600 0.108600 0.000000 0.154000 0.202900 0.178400
ForestMusk 0.372300 0.508500 0.142200 0.616100 0.196200 0.343300 0.245000 0.219200 0.183900 0.269600 0.289500 0.221600 0.282000 0.197100 0.234000 0.148400 0.183700 0.259000 0.266000 0.162400 0.252400 0.287500 0.273500 0.253400 0.289800 0.190200 0.286600 0.183900 0.145800 0.182900 0.293400 0.200700 0.277300 0.306800 0.297300 0.121200 0.292300 0.220100 0.290000 0.320200 0.250600 0.196900 0.365200 0.252800 0.121200 0.199400 0.228200 0.261800 0.154000 0.000000 0.183900 0.161300
Bushbuck 0.358600 0.445300 0.188400 0.628600 0.189200 0.330900 0.161400 0.266100 0.000000 0.208600 0.277200 0.213500 0.271600 0.218600 0.170300 0.251700 0.177900 0.200000 0.156500 0.063500 0.242800 0.276700 0.211300 0.244200 0.277400 0.184100 0.275800 0.000000 0.247800 0.041600 0.231400 0.222800 0.267100 0.295300 0.285300 0.117400 0.281100 0.212100 0.130800 0.307700 0.189100 0.139000 0.246800 0.269300 0.117400 0.193800 0.166500 0.251300 0.202900 0.183900 0.000000 0.021000
GreaterKud 0.397900 0.418000 0.165200 0.599400 0.166100 0.368800 0.138800 0.242600 0.021000 0.185900 0.312400 0.244800 0.306000 0.195000 0.146500 0.227400 0.156100 0.178100 0.183700 0.042400 0.219500 0.311900 0.188400 0.220400 0.312700 0.161500 0.310900 0.020700 0.223700 0.020700 0.208600 0.198600 0.300900 0.330500 0.318900 0.145000 0.317100 0.189200 0.156600 0.282800 0.166100 0.116200 0.224600 0.245400 0.145000 0.170200 0.143200 0.286100 0.178400 0.161300 0.021000 0.000000
