CODONML (in paml version 4.10.7, June 2023)  /home/rachel/ruminants_paml/6406-phy-tree/ENSBTAT00000035859.fasta.phy
Model: free dN/dS Ratios for branches,  kappa = 2.000 fixed

Codon frequency model: F3x4
ns =  54  ls =  51

Codon usage in sequences
--------------------------------------------------------------------------------------------------------------------------------------
Phe TTT   0   0   0   0   0   0 | Ser TCT   1   1   1   1   2   2 | Tyr TAT   0   1   0   0   1   1 | Cys TGT   0   1   0   0   0   1
    TTC   2   3   2   2   2   2 |     TCC   1   0   1   1   0   0 |     TAC   2   1   2   2   1   1 |     TGC   1   0   1   1   1   0
Leu TTA   1   1   1   1   1   1 |     TCA   0   0   0   0   0   0 | *** TAA   0   0   0   0   0   0 | *** TGA   0   0   0   0   0   0
    TTG   1   0   1   1   1   1 |     TCG   0   0   0   0   0   0 |     TAG   0   0   0   0   0   0 | Trp TGG   2   2   2   2   2   2
--------------------------------------------------------------------------------------------------------------------------------------
Leu CTT   2   2   2   2   3   2 | Pro CCT   1   1   2   1   2   2 | His CAT   0   0   0   0   0   0 | Arg CGT   0   0   0   0   0   0
    CTC   2   2   2   2   1   2 |     CCC   1   0   1   1   0   2 |     CAC   0   0   0   0   1   0 |     CGC   0   0   0   0   0   0
    CTA   0   0   0   0   0   0 |     CCA   3   2   2   3   3   1 | Gln CAA   0   0   0   0   0   0 |     CGA   0   0   0   0   0   0
    CTG   0   1   0   0   0   0 |     CCG   0   2   0   0   0   0 |     CAG   1   1   1   1   1   1 |     CGG   0   0   0   0   0   0
--------------------------------------------------------------------------------------------------------------------------------------
Ile ATT   1   1   1   1   1   1 | Thr ACT   0   0   0   0   0   0 | Asn AAT   1   1   1   1   1   1 | Ser AGT   1   1   1   1   1   1
    ATC   2   2   2   2   2   3 |     ACC   1   1   1   1   1   1 |     AAC   1   2   1   1   1   0 |     AGC   1   1   1   1   1   1
    ATA   0   0   0   0   0   0 |     ACA   0   0   0   0   0   0 | Lys AAA   4   4   4   4   4   4 | Arg AGA   0   0   0   0   0   0
Met ATG   1   1   1   1   1   1 |     ACG   0   0   0   0   0   0 |     AAG   2   2   2   2   2   2 |     AGG   0   0   0   0   0   0
--------------------------------------------------------------------------------------------------------------------------------------
Val GTT   1   1   2   2   0   1 | Ala GCT   1   1   1   1   1   1 | Asp GAT   0   0   0   0   0   0 | Gly GGT   0   0   0   0   1   0
    GTC   1   1   0   0   2   0 |     GCC   0   0   0   0   0   0 |     GAC   3   1   3   3   2   4 |     GGC   2   3   2   2   1   2
    GTA   0   1   0   0   1   1 |     GCA   0   0   0   0   0   0 | Glu GAA   4   4   4   4   4   4 |     GGA   1   0   1   1   0   0
    GTG   2   2   2   2   2   2 |     GCG   0   0   0   0   0   0 |     GAG   0   0   0   0   0   0 |     GGG   0   0   0   0   0   0
--------------------------------------------------------------------------------------------------------------------------------------

--------------------------------------------------------------------------------------------------------------------------------------
Phe TTT   0   0   0   0   1   0 | Ser TCT   1   1   1   1   0   1 | Tyr TAT   0   0   0   0   0   0 | Cys TGT   0   0   0   0   0   0
    TTC   2   2   2   2   2   2 |     TCC   1   1   1   1   1   1 |     TAC   2   2   2   2   2   2 |     TGC   1   1   1   1   1   1
Leu TTA   1   1   1   0   1   1 |     TCA   0   0   0   0   0   0 | *** TAA   0   0   0   0   0   0 | *** TGA   0   0   0   0   0   0
    TTG   1   1   0   2   1   1 |     TCG   0   0   0   0   0   0 |     TAG   0   0   0   0   0   0 | Trp TGG   2   2   2   2   2   2
--------------------------------------------------------------------------------------------------------------------------------------
Leu CTT   2   2   2   2   2   2 | Pro CCT   1   1   1   1   1   1 | His CAT   0   0   0   0   0   0 | Arg CGT   0   0   0   0   0   0
    CTC   2   2   2   2   2   2 |     CCC   1   1   1   1   1   1 |     CAC   0   0   0   0   0   0 |     CGC   0   0   0   0   0   0
    CTA   0   0   0   0   0   0 |     CCA   3   3   3   3   3   1 | Gln CAA   0   0   0   0   0   0 |     CGA   0   0   0   0   0   0
    CTG   0   0   1   0   0   0 |     CCG   0   0   0   0   0   1 |     CAG   1   1   1   1   1   1 |     CGG   0   0   0   0   0   0
--------------------------------------------------------------------------------------------------------------------------------------
Ile ATT   1   1   1   1   1   1 | Thr ACT   0   0   0   0   0   0 | Asn AAT   1   1   1   1   1   1 | Ser AGT   1   1   1   1   1   1
    ATC   2   2   2   2   2   2 |     ACC   1   1   1   1   1   1 |     AAC   1   1   1   1   1   1 |     AGC   1   1   1   1   1   1
    ATA   0   0   0   0   0   0 |     ACA   0   0   0   0   0   0 | Lys AAA   4   4   4   3   4   4 | Arg AGA   0   0   0   1   0   0
Met ATG   1   1   1   1   1   1 |     ACG   0   0   0   0   0   0 |     AAG   2   2   2   2   2   2 |     AGG   0   0   0   0   0   0
--------------------------------------------------------------------------------------------------------------------------------------
Val GTT   2   1   2   2   2   2 | Ala GCT   1   1   1   1   1   1 | Asp GAT   0   0   0   0   0   0 | Gly GGT   0   0   0   0   0   0
    GTC   0   1   0   0   0   0 |     GCC   0   0   0   0   0   0 |     GAC   3   3   3   3   3   3 |     GGC   2   2   2   2   2   2
    GTA   0   0   0   0   0   0 |     GCA   0   0   0   0   0   1 | Glu GAA   4   4   4   4   4   4 |     GGA   1   1   1   1   1   1
    GTG   2   2   2   2   2   2 |     GCG   0   0   0   0   0   0 |     GAG   0   0   0   0   0   0 |     GGG   0   0   0   0   0   0
--------------------------------------------------------------------------------------------------------------------------------------

--------------------------------------------------------------------------------------------------------------------------------------
Phe TTT   0   0   0   0   0   0 | Ser TCT   1   1   1   1   1   1 | Tyr TAT   0   0   1   0   0   0 | Cys TGT   0   0   0   0   0   0
    TTC   2   2   2   2   2   2 |     TCC   1   1   1   1   1   1 |     TAC   2   2   1   2   2   2 |     TGC   1   1   1   1   1   1
Leu TTA   1   1   1   1   1   1 |     TCA   0   0   0   0   0   0 | *** TAA   0   0   0   0   0   0 | *** TGA   0   0   0   0   0   0
    TTG   1   1   1   0   1   1 |     TCG   0   0   0   0   0   0 |     TAG   0   0   0   0   0   0 | Trp TGG   2   2   2   2   2   2
--------------------------------------------------------------------------------------------------------------------------------------
Leu CTT   2   2   2   1   2   2 | Pro CCT   1   1   1   1   1   1 | His CAT   0   0   0   0   0   0 | Arg CGT   0   0   0   0   0   0
    CTC   2   2   2   2   2   2 |     CCC   1   1   1   1   1   1 |     CAC   0   0   0   0   0   0 |     CGC   0   0   0   0   0   0
    CTA   0   0   0   0   0   0 |     CCA   3   3   3   3   3   3 | Gln CAA   0   0   0   0   0   0 |     CGA   0   0   0   0   0   0
    CTG   0   0   0   2   0   0 |     CCG   0   0   0   0   0   0 |     CAG   1   1   1   1   1   1 |     CGG   0   0   0   0   0   0
--------------------------------------------------------------------------------------------------------------------------------------
Ile ATT   1   1   1   1   1   1 | Thr ACT   0   0   0   0   0   0 | Asn AAT   1   1   1   1   1   1 | Ser AGT   1   1   1   1   1   1
    ATC   2   2   2   2   2   2 |     ACC   1   1   1   1   1   1 |     AAC   1   1   1   1   1   1 |     AGC   1   1   1   1   1   1
    ATA   0   0   0   0   0   0 |     ACA   0   0   0   0   0   0 | Lys AAA   4   4   4   4   4   3 | Arg AGA   0   0   0   0   0   1
Met ATG   1   1   1   1   1   1 |     ACG   0   0   0   0   0   0 |     AAG   2   2   2   2   2   2 |     AGG   0   0   0   0   0   0
--------------------------------------------------------------------------------------------------------------------------------------
Val GTT   1   2   2   2   2   2 | Ala GCT   1   1   1   1   1   1 | Asp GAT   0   1   0   0   0   0 | Gly GGT   0   0   0   0   0   0
    GTC   1   0   0   0   0   0 |     GCC   0   0   0   0   0   0 |     GAC   3   2   3   3   3   3 |     GGC   2   2   2   2   2   2
    GTA   0   0   0   0   0   0 |     GCA   0   0   0   0   0   0 | Glu GAA   4   4   4   4   4   4 |     GGA   1   1   1   1   1   1
    GTG   2   2   2   2   2   2 |     GCG   0   0   0   0   0   0 |     GAG   0   0   0   0   0   0 |     GGG   0   0   0   0   0   0
--------------------------------------------------------------------------------------------------------------------------------------

--------------------------------------------------------------------------------------------------------------------------------------
Phe TTT   0   0   0   0   0   0 | Ser TCT   1   1   1   1   1   1 | Tyr TAT   0   0   1   0   0   0 | Cys TGT   0   0   0   0   0   0
    TTC   2   2   2   2   2   2 |     TCC   1   1   2   1   1   1 |     TAC   2   2   0   2   2   2 |     TGC   1   1   1   1   1   1
Leu TTA   1   1   1   1   1   1 |     TCA   0   0   0   0   0   0 | *** TAA   0   0   0   0   0   0 | *** TGA   0   0   0   0   0   0
    TTG   1   1   1   1   1   1 |     TCG   0   0   0   0   0   0 |     TAG   0   0   0   0   0   0 | Trp TGG   2   2   2   2   2   2
--------------------------------------------------------------------------------------------------------------------------------------
Leu CTT   2   2   2   2   2   2 | Pro CCT   1   1   1   1   1   1 | His CAT   0   0   0   0   0   0 | Arg CGT   0   0   0   0   0   0
    CTC   2   2   2   2   2   2 |     CCC   1   1   1   1   2   1 |     CAC   0   0   0   0   0   0 |     CGC   0   0   0   0   0   0
    CTA   0   0   0   0   0   0 |     CCA   3   3   3   3   2   3 | Gln CAA   0   0   0   0   0   0 |     CGA   0   0   0   0   0   0
    CTG   0   0   0   0   0   0 |     CCG   0   0   0   0   0   0 |     CAG   1   1   1   1   1   1 |     CGG   0   0   0   0   0   0
--------------------------------------------------------------------------------------------------------------------------------------
Ile ATT   1   1   1   1   1   1 | Thr ACT   0   0   0   0   0   0 | Asn AAT   1   1   1   1   2   1 | Ser AGT   1   1   1   1   1   1
    ATC   2   2   2   2   2   2 |     ACC   1   1   1   1   1   1 |     AAC   2   1   1   1   0   1 |     AGC   1   1   1   1   1   1
    ATA   0   0   0   0   0   0 |     ACA   0   0   0   0   0   0 | Lys AAA   4   4   4   4   3   4 | Arg AGA   0   0   0   0   1   0
Met ATG   1   1   1   1   1   1 |     ACG   0   0   0   0   0   0 |     AAG   2   2   2   2   2   2 |     AGG   0   0   0   0   0   0
--------------------------------------------------------------------------------------------------------------------------------------
Val GTT   2   2   2   2   2   1 | Ala GCT   1   1   1   1   1   1 | Asp GAT   0   0   0   0   0   0 | Gly GGT   1   1   0   0   0   0
    GTC   0   0   0   0   0   1 |     GCC   0   0   0   0   0   0 |     GAC   2   3   3   3   3   3 |     GGC   1   1   2   2   2   2
    GTA   1   1   0   0   0   0 |     GCA   0   0   0   0   0   0 | Glu GAA   4   4   4   4   4   4 |     GGA   0   0   1   1   1   1
    GTG   2   2   2   2   2   2 |     GCG   0   0   0   0   0   0 |     GAG   0   0   0   0   0   0 |     GGG   0   0   0   0   0   0
--------------------------------------------------------------------------------------------------------------------------------------

--------------------------------------------------------------------------------------------------------------------------------------
Phe TTT   0   0   0   0   0   0 | Ser TCT   1   1   1   1   1   1 | Tyr TAT   0   0   0   1   1   0 | Cys TGT   0   0   0   0   0   0
    TTC   2   2   2   2   2   2 |     TCC   1   1   1   1   1   1 |     TAC   2   2   2   1   1   2 |     TGC   1   1   1   1   1   1
Leu TTA   1   1   1   1   1   1 |     TCA   0   0   0   0   0   0 | *** TAA   0   0   0   0   0   0 | *** TGA   0   0   0   0   0   0
    TTG   1   1   1   1   1   1 |     TCG   0   0   0   0   0   0 |     TAG   0   0   0   0   0   0 | Trp TGG   2   2   2   2   2   2
--------------------------------------------------------------------------------------------------------------------------------------
Leu CTT   2   2   2   2   2   2 | Pro CCT   1   1   1   1   1   1 | His CAT   0   0   0   0   0   0 | Arg CGT   0   0   0   0   0   0
    CTC   2   2   2   2   2   2 |     CCC   1   1   1   1   1   1 |     CAC   0   0   0   0   0   0 |     CGC   0   0   0   0   0   0
    CTA   0   0   0   0   0   0 |     CCA   2   2   3   3   3   3 | Gln CAA   0   0   0   0   0   0 |     CGA   0   0   0   0   0   0
    CTG   0   0   0   0   0   0 |     CCG   0   0   0   0   0   0 |     CAG   1   1   1   1   1   1 |     CGG   0   0   0   0   0   0
--------------------------------------------------------------------------------------------------------------------------------------
Ile ATT   2   1   1   1   1   1 | Thr ACT   0   0   0   0   0   0 | Asn AAT   1   1   1   1   1   1 | Ser AGT   1   1   1   1   1   1
    ATC   2   2   2   2   2   2 |     ACC   1   1   1   1   1   1 |     AAC   1   1   1   1   1   1 |     AGC   1   1   1   1   1   1
    ATA   0   0   0   0   0   0 |     ACA   0   0   0   0   0   0 | Lys AAA   4   4   4   3   4   4 | Arg AGA   0   0   0   1   0   0
Met ATG   1   1   1   1   1   1 |     ACG   0   0   0   0   0   0 |     AAG   2   2   2   2   2   2 |     AGG   0   0   0   0   0   0
--------------------------------------------------------------------------------------------------------------------------------------
Val GTT   1   2   1   2   2   2 | Ala GCT   1   1   1   1   1   1 | Asp GAT   0   0   0   0   0   0 | Gly GGT   0   0   0   0   0   0
    GTC   0   0   1   0   0   0 |     GCC   0   0   0   0   0   0 |     GAC   3   3   3   3   3   3 |     GGC   2   2   2   2   2   2
    GTA   0   0   0   0   0   0 |     GCA   1   1   0   0   0   0 | Glu GAA   4   4   4   4   4   4 |     GGA   1   1   1   1   1   1
    GTG   2   2   2   2   2   2 |     GCG   0   0   0   0   0   0 |     GAG   0   0   0   0   0   0 |     GGG   0   0   0   0   0   0
--------------------------------------------------------------------------------------------------------------------------------------

--------------------------------------------------------------------------------------------------------------------------------------
Phe TTT   0   0   0   0   0   0 | Ser TCT   1   1   1   1   1   1 | Tyr TAT   0   0   0   0   0   1 | Cys TGT   0   0   0   0   0   0
    TTC   2   2   2   2   2   2 |     TCC   1   1   1   1   1   1 |     TAC   2   2   2   2   2   1 |     TGC   1   1   1   1   1   1
Leu TTA   1   1   1   1   1   1 |     TCA   0   0   0   0   0   0 | *** TAA   0   0   0   0   0   0 | *** TGA   0   0   0   0   0   0
    TTG   1   1   1   1   1   1 |     TCG   0   0   0   0   0   0 |     TAG   0   0   0   0   0   0 | Trp TGG   2   2   2   2   2   2
--------------------------------------------------------------------------------------------------------------------------------------
Leu CTT   2   2   2   1   2   2 | Pro CCT   1   1   1   1   1   1 | His CAT   0   0   0   0   0   0 | Arg CGT   0   0   0   0   0   0
    CTC   2   2   2   2   2   2 |     CCC   1   1   1   1   1   1 |     CAC   0   0   0   0   0   0 |     CGC   0   0   0   0   0   0
    CTA   0   0   0   0   0   0 |     CCA   3   3   1   3   2   3 | Gln CAA   0   0   0   0   0   0 |     CGA   0   0   0   0   0   0
    CTG   0   0   0   1   0   0 |     CCG   0   0   1   0   1   0 |     CAG   1   1   1   1   1   1 |     CGG   0   0   0   0   0   0
--------------------------------------------------------------------------------------------------------------------------------------
Ile ATT   1   1   1   1   1   1 | Thr ACT   0   0   0   0   0   0 | Asn AAT   1   1   1   1   1   1 | Ser AGT   1   1   1   1   1   1
    ATC   2   2   2   2   2   2 |     ACC   1   1   1   1   1   1 |     AAC   1   1   1   1   1   1 |     AGC   1   1   1   1   1   1
    ATA   0   0   0   0   0   0 |     ACA   0   0   0   0   0   0 | Lys AAA   3   4   4   4   4   4 | Arg AGA   1   0   0   0   0   0
Met ATG   1   1   1   1   1   1 |     ACG   0   0   0   0   0   0 |     AAG   2   2   2   2   2   2 |     AGG   0   0   0   0   0   0
--------------------------------------------------------------------------------------------------------------------------------------
Val GTT   2   2   2   2   2   2 | Ala GCT   1   1   1   1   1   1 | Asp GAT   0   0   0   0   0   0 | Gly GGT   0   0   0   0   0   0
    GTC   0   0   0   0   0   0 |     GCC   0   0   0   0   0   0 |     GAC   3   3   3   3   3   3 |     GGC   2   2   2   2   2   2
    GTA   0   0   0   0   0   0 |     GCA   0   0   1   0   0   0 | Glu GAA   4   4   4   4   4   4 |     GGA   1   1   1   1   1   1
    GTG   2   2   2   2   2   2 |     GCG   0   0   0   0   0   0 |     GAG   0   0   0   0   0   0 |     GGG   0   0   0   0   0   0
--------------------------------------------------------------------------------------------------------------------------------------

--------------------------------------------------------------------------------------------------------------------------------------
Phe TTT   0   0   0   0   0   0 | Ser TCT   1   1   1   1   1   1 | Tyr TAT   1   0   0   0   0   0 | Cys TGT   0   0   0   0   0   0
    TTC   2   2   2   2   2   2 |     TCC   1   1   1   1   1   1 |     TAC   1   2   2   2   2   2 |     TGC   1   1   1   1   1   1
Leu TTA   1   1   1   1   1   1 |     TCA   0   0   0   0   0   0 | *** TAA   0   0   0   0   0   0 | *** TGA   0   0   0   0   0   0
    TTG   1   1   1   1   1   1 |     TCG   0   0   0   0   0   0 |     TAG   0   0   0   0   0   0 | Trp TGG   2   2   2   2   2   2
--------------------------------------------------------------------------------------------------------------------------------------
Leu CTT   2   2   2   2   2   2 | Pro CCT   1   1   1   1   0   1 | His CAT   0   0   0   0   0   0 | Arg CGT   0   0   0   0   0   0
    CTC   2   2   2   2   2   2 |     CCC   1   1   1   1   1   1 |     CAC   0   0   0   0   0   0 |     CGC   0   0   0   0   0   0
    CTA   0   0   0   0   0   0 |     CCA   3   3   3   3   4   2 | Gln CAA   0   0   0   0   0   0 |     CGA   0   0   0   0   0   0
    CTG   0   0   0   0   0   0 |     CCG   0   0   0   0   0   0 |     CAG   1   1   1   1   1   1 |     CGG   0   0   0   0   0   0
--------------------------------------------------------------------------------------------------------------------------------------
Ile ATT   1   1   1   1   1   1 | Thr ACT   0   0   0   0   0   0 | Asn AAT   1   1   1   1   1   1 | Ser AGT   1   1   1   1   1   1
    ATC   2   2   2   2   2   2 |     ACC   1   1   1   1   1   1 |     AAC   1   1   1   1   1   1 |     AGC   1   1   1   1   1   1
    ATA   0   0   0   0   0   0 |     ACA   0   0   0   0   0   0 | Lys AAA   4   4   4   4   3   4 | Arg AGA   0   0   0   0   1   0
Met ATG   1   1   1   1   1   1 |     ACG   0   0   0   0   0   0 |     AAG   2   2   2   2   2   2 |     AGG   0   0   0   0   0   0
--------------------------------------------------------------------------------------------------------------------------------------
Val GTT   2   2   1   2   2   2 | Ala GCT   1   1   1   1   1   1 | Asp GAT   0   1   0   0   0   0 | Gly GGT   0   0   0   0   0   0
    GTC   0   0   1   0   0   0 |     GCC   0   0   0   0   0   0 |     GAC   3   2   3   3   3   3 |     GGC   2   2   2   2   2   2
    GTA   0   0   0   0   0   0 |     GCA   0   0   0   0   0   1 | Glu GAA   4   4   4   4   4   4 |     GGA   1   1   1   1   1   1
    GTG   2   2   2   2   2   2 |     GCG   0   0   0   0   0   0 |     GAG   0   0   0   0   0   0 |     GGG   0   0   0   0   0   0
--------------------------------------------------------------------------------------------------------------------------------------

--------------------------------------------------------------------------------------------------------------------------------------
Phe TTT   0   0   0   0   0   0 | Ser TCT   1   1   1   1   1   1 | Tyr TAT   0   0   0   0   0   0 | Cys TGT   0   0   0   0   0   0
    TTC   2   2   2   2   2   2 |     TCC   1   1   1   1   1   1 |     TAC   2   2   2   2   2   2 |     TGC   1   1   1   1   1   1
Leu TTA   1   1   1   1   1   1 |     TCA   0   0   0   0   0   0 | *** TAA   0   0   0   0   0   0 | *** TGA   0   0   0   0   0   0
    TTG   1   1   1   1   1   1 |     TCG   0   0   0   0   0   0 |     TAG   0   0   0   0   0   0 | Trp TGG   2   2   2   2   2   2
--------------------------------------------------------------------------------------------------------------------------------------
Leu CTT   2   2   3   2   2   2 | Pro CCT   1   1   1   1   1   1 | His CAT   0   0   0   0   0   0 | Arg CGT   0   0   0   0   0   0
    CTC   2   2   1   2   2   2 |     CCC   1   1   1   1   1   1 |     CAC   0   0   0   0   0   0 |     CGC   0   0   0   0   0   0
    CTA   0   0   0   0   0   0 |     CCA   2   3   1   2   3   3 | Gln CAA   0   0   0   0   0   0 |     CGA   0   0   0   0   0   0
    CTG   0   0   0   0   0   0 |     CCG   0   0   1   0   0   0 |     CAG   1   1   1   1   1   1 |     CGG   0   0   0   0   0   0
--------------------------------------------------------------------------------------------------------------------------------------
Ile ATT   1   1   1   1   1   1 | Thr ACT   0   0   0   0   0   0 | Asn AAT   1   1   1   1   1   1 | Ser AGT   1   1   1   1   1   1
    ATC   2   2   2   2   2   2 |     ACC   1   1   1   1   1   1 |     AAC   1   1   1   1   1   1 |     AGC   1   1   1   1   1   1
    ATA   0   0   0   0   0   0 |     ACA   0   0   0   0   0   0 | Lys AAA   4   3   4   4   4   4 | Arg AGA   0   1   0   0   0   0
Met ATG   1   1   1   1   1   1 |     ACG   0   0   0   0   0   0 |     AAG   2   2   2   2   2   2 |     AGG   0   0   0   0   0   0
--------------------------------------------------------------------------------------------------------------------------------------
Val GTT   2   2   2   2   2   2 | Ala GCT   1   1   2   1   1   1 | Asp GAT   0   0   0   0   1   0 | Gly GGT   0   0   0   0   0   0
    GTC   0   0   0   0   0   0 |     GCC   0   0   0   0   0   0 |     GAC   3   3   3   3   2   3 |     GGC   2   2   2   1   2   2
    GTA   0   0   0   0   0   0 |     GCA   1   0   0   1   0   0 | Glu GAA   4   4   4   4   4   4 |     GGA   1   1   1   1   1   1
    GTG   2   2   2   2   2   2 |     GCG   0   0   0   0   0   0 |     GAG   0   0   0   0   0   0 |     GGG   0   0   0   1   0   0
--------------------------------------------------------------------------------------------------------------------------------------

--------------------------------------------------------------------------------------------------------------------------------------
Phe TTT   0   0   0   0   0   0 | Ser TCT   1   1   1   1   1   1 | Tyr TAT   0   0   0   0   0   0 | Cys TGT   0   1   0   0   0   0
    TTC   2   2   2   2   2   2 |     TCC   1   1   1   1   1   1 |     TAC   2   2   2   2   2   2 |     TGC   1   0   1   1   1   1
Leu TTA   1   1   1   1   1   1 |     TCA   0   0   0   0   0   0 | *** TAA   0   0   0   0   0   0 | *** TGA   0   0   0   0   0   0
    TTG   2   1   1   1   1   1 |     TCG   0   0   0   0   0   0 |     TAG   0   0   0   0   0   0 | Trp TGG   2   2   2   2   2   2
--------------------------------------------------------------------------------------------------------------------------------------
Leu CTT   1   2   2   2   2   2 | Pro CCT   1   1   1   1   1   1 | His CAT   0   0   0   0   0   0 | Arg CGT   0   0   0   0   0   0
    CTC   3   2   2   2   2   2 |     CCC   1   1   1   1   1   1 |     CAC   0   0   0   0   0   0 |     CGC   0   0   0   0   0   0
    CTA   0   0   0   0   0   0 |     CCA   3   3   3   3   3   3 | Gln CAA   0   0   0   0   0   0 |     CGA   0   0   0   0   0   0
    CTG   0   0   0   0   0   0 |     CCG   0   0   0   0   0   0 |     CAG   1   1   1   1   1   1 |     CGG   0   0   0   0   0   0
--------------------------------------------------------------------------------------------------------------------------------------
Ile ATT   1   1   1   1   1   1 | Thr ACT   0   0   0   0   0   0 | Asn AAT   1   1   1   1   1   1 | Ser AGT   1   1   1   1   1   1
    ATC   2   2   2   2   2   2 |     ACC   1   1   1   1   1   1 |     AAC   1   1   1   1   1   1 |     AGC   1   1   1   1   1   1
    ATA   0   0   0   0   0   0 |     ACA   0   0   0   0   0   0 | Lys AAA   4   4   4   4   4   4 | Arg AGA   1   0   0   0   0   0
Met ATG   1   1   1   1   1   1 |     ACG   0   0   0   0   0   0 |     AAG   1   2   2   2   2   2 |     AGG   0   0   0   0   0   0
--------------------------------------------------------------------------------------------------------------------------------------
Val GTT   2   2   2   2   2   2 | Ala GCT   1   1   1   1   1   1 | Asp GAT   0   0   1   0   0   0 | Gly GGT   1   0   0   0   0   0
    GTC   0   0   0   0   0   0 |     GCC   0   0   0   0   0   0 |     GAC   3   3   2   3   3   3 |     GGC   1   2   2   2   2   2
    GTA   0   0   0   0   0   0 |     GCA   0   0   0   0   0   0 | Glu GAA   4   4   4   4   4   4 |     GGA   1   1   1   1   1   1
    GTG   1   2   2   2   2   2 |     GCG   0   0   0   0   0   0 |     GAG   0   0   0   0   0   0 |     GGG   0   0   0   0   0   0
--------------------------------------------------------------------------------------------------------------------------------------

Codon position x base (3x4) table for each sequence.

#1: Argali         
position  1:    T:0.21569    C:0.19608    A:0.29412    G:0.29412
position  2:    T:0.31373    C:0.17647    A:0.35294    G:0.15686
position  3:    T:0.17647    C:0.39216    A:0.25490    G:0.17647
Average         T:0.23529    C:0.25490    A:0.30065    G:0.20915

#2: LesserMouseDeer
position  1:    T:0.19608    C:0.21569    A:0.31373    G:0.27451
position  2:    T:0.35294    C:0.15686    A:0.33333    G:0.15686
position  3:    T:0.21569    C:0.33333    A:0.23529    G:0.21569
Average         T:0.25490    C:0.23529    A:0.29412    G:0.21569

#3: LesserKudu     
position  1:    T:0.21569    C:0.19608    A:0.29412    G:0.29412
position  2:    T:0.31373    C:0.17647    A:0.35294    G:0.15686
position  3:    T:0.21569    C:0.37255    A:0.23529    G:0.17647
Average         T:0.24837    C:0.24837    A:0.29412    G:0.20915

#4: ForestMuskDeer2
position  1:    T:0.21569    C:0.19608    A:0.29412    G:0.29412
position  2:    T:0.31373    C:0.17647    A:0.35294    G:0.15686
position  3:    T:0.19608    C:0.37255    A:0.25490    G:0.17647
Average         T:0.24183    C:0.24837    A:0.30065    G:0.20915

#5: Camel          
position  1:    T:0.21569    C:0.21569    A:0.29412    G:0.27451
position  2:    T:0.33333    C:0.17647    A:0.35294    G:0.13725
position  3:    T:0.25490    C:0.31373    A:0.25490    G:0.17647
Average         T:0.26797    C:0.23529    A:0.30065    G:0.19608

#6: KillerWhale    
position  1:    T:0.21569    C:0.19608    A:0.29412    G:0.29412
position  2:    T:0.33333    C:0.17647    A:0.35294    G:0.13725
position  3:    T:0.25490    C:0.35294    A:0.21569    G:0.17647
Average         T:0.26797    C:0.24183    A:0.28758    G:0.20261

#7: DefassaWaterbuck
position  1:    T:0.21569    C:0.19608    A:0.29412    G:0.29412
position  2:    T:0.31373    C:0.17647    A:0.35294    G:0.15686
position  3:    T:0.19608    C:0.37255    A:0.25490    G:0.17647
Average         T:0.24183    C:0.24837    A:0.30065    G:0.20915

#8: Sheep          
position  1:    T:0.21569    C:0.19608    A:0.29412    G:0.29412
position  2:    T:0.31373    C:0.17647    A:0.35294    G:0.15686
position  3:    T:0.17647    C:0.39216    A:0.25490    G:0.17647
Average         T:0.23529    C:0.25490    A:0.30065    G:0.20915

#9: MaxwellsDuiker 
position  1:    T:0.19608    C:0.21569    A:0.29412    G:0.29412
position  2:    T:0.31373    C:0.17647    A:0.35294    G:0.15686
position  3:    T:0.19608    C:0.37255    A:0.25490    G:0.17647
Average         T:0.23529    C:0.25490    A:0.30065    G:0.20915

#10: GazellaPrzewalskyi
position  1:    T:0.21569    C:0.19608    A:0.29412    G:0.29412
position  2:    T:0.31373    C:0.17647    A:0.33333    G:0.17647
position  3:    T:0.19608    C:0.37255    A:0.23529    G:0.19608
Average         T:0.24183    C:0.24837    A:0.28758    G:0.22222

#11: MountainNyala  
position  1:    T:0.21569    C:0.19608    A:0.29412    G:0.29412
position  2:    T:0.33333    C:0.15686    A:0.35294    G:0.15686
position  3:    T:0.19608    C:0.37255    A:0.25490    G:0.17647
Average         T:0.24837    C:0.24183    A:0.30065    G:0.20915

#12: MuntiacusMuntjak
position  1:    T:0.21569    C:0.17647    A:0.29412    G:0.31373
position  2:    T:0.31373    C:0.17647    A:0.35294    G:0.15686
position  3:    T:0.19608    C:0.37255    A:0.23529    G:0.19608
Average         T:0.24183    C:0.24183    A:0.29412    G:0.22222

#13: goat           
position  1:    T:0.21569    C:0.19608    A:0.29412    G:0.29412
position  2:    T:0.31373    C:0.17647    A:0.35294    G:0.15686
position  3:    T:0.17647    C:0.39216    A:0.25490    G:0.17647
Average         T:0.23529    C:0.25490    A:0.30065    G:0.20915

#14: AfricanBuffalo 
position  1:    T:0.21569    C:0.19608    A:0.29412    G:0.29412
position  2:    T:0.31373    C:0.17647    A:0.35294    G:0.15686
position  3:    T:0.21569    C:0.35294    A:0.25490    G:0.17647
Average         T:0.24837    C:0.24183    A:0.30065    G:0.20915

#15: Topi           
position  1:    T:0.21569    C:0.19608    A:0.29412    G:0.29412
position  2:    T:0.31373    C:0.17647    A:0.35294    G:0.15686
position  3:    T:0.21569    C:0.35294    A:0.25490    G:0.17647
Average         T:0.24837    C:0.24183    A:0.30065    G:0.20915

#16: CommonDuiker   
position  1:    T:0.19608    C:0.21569    A:0.29412    G:0.29412
position  2:    T:0.31373    C:0.17647    A:0.35294    G:0.15686
position  3:    T:0.17647    C:0.37255    A:0.25490    G:0.19608
Average         T:0.22876    C:0.25490    A:0.30065    G:0.21569

#17: Suni           
position  1:    T:0.21569    C:0.19608    A:0.29412    G:0.29412
position  2:    T:0.31373    C:0.17647    A:0.35294    G:0.15686
position  3:    T:0.19608    C:0.37255    A:0.25490    G:0.17647
Average         T:0.24183    C:0.24837    A:0.30065    G:0.20915

#18: Springbuck     
position  1:    T:0.21569    C:0.19608    A:0.29412    G:0.29412
position  2:    T:0.31373    C:0.17647    A:0.33333    G:0.17647
position  3:    T:0.19608    C:0.37255    A:0.25490    G:0.17647
Average         T:0.24183    C:0.24837    A:0.29412    G:0.21569

#19: Okapi          
position  1:    T:0.21569    C:0.19608    A:0.31373    G:0.27451
position  2:    T:0.33333    C:0.17647    A:0.35294    G:0.13725
position  3:    T:0.21569    C:0.35294    A:0.25490    G:0.17647
Average         T:0.25490    C:0.24183    A:0.30719    G:0.19608

#20: Giraffe        
position  1:    T:0.21569    C:0.19608    A:0.29412    G:0.29412
position  2:    T:0.33333    C:0.17647    A:0.35294    G:0.13725
position  3:    T:0.21569    C:0.35294    A:0.25490    G:0.17647
Average         T:0.25490    C:0.24183    A:0.30065    G:0.20261

#21: TibetanAntelope
position  1:    T:0.21569    C:0.19608    A:0.29412    G:0.29412
position  2:    T:0.31373    C:0.19608    A:0.33333    G:0.15686
position  3:    T:0.21569    C:0.35294    A:0.25490    G:0.17647
Average         T:0.24837    C:0.24837    A:0.29412    G:0.20915

#22: Sitatunga      
position  1:    T:0.21569    C:0.19608    A:0.29412    G:0.29412
position  2:    T:0.31373    C:0.17647    A:0.35294    G:0.15686
position  3:    T:0.19608    C:0.37255    A:0.25490    G:0.17647
Average         T:0.24183    C:0.24837    A:0.30065    G:0.20915

#23: Oribi          
position  1:    T:0.21569    C:0.19608    A:0.29412    G:0.29412
position  2:    T:0.31373    C:0.17647    A:0.33333    G:0.17647
position  3:    T:0.21569    C:0.37255    A:0.23529    G:0.17647
Average         T:0.24837    C:0.24837    A:0.28758    G:0.21569

#24: BarbarySheep   
position  1:    T:0.21569    C:0.19608    A:0.29412    G:0.29412
position  2:    T:0.31373    C:0.17647    A:0.35294    G:0.15686
position  3:    T:0.17647    C:0.39216    A:0.25490    G:0.17647
Average         T:0.23529    C:0.25490    A:0.30065    G:0.20915

#25: Daviddeer      
position  1:    T:0.21569    C:0.17647    A:0.31373    G:0.29412
position  2:    T:0.31373    C:0.17647    A:0.35294    G:0.15686
position  3:    T:0.19608    C:0.37255    A:0.25490    G:0.17647
Average         T:0.24183    C:0.24183    A:0.30719    G:0.20915

#26: Reindeer       
position  1:    T:0.21569    C:0.17647    A:0.29412    G:0.31373
position  2:    T:0.31373    C:0.17647    A:0.35294    G:0.15686
position  3:    T:0.19608    C:0.37255    A:0.25490    G:0.17647
Average         T:0.24183    C:0.24183    A:0.30065    G:0.21569

#27: Ibex           
position  1:    T:0.21569    C:0.19608    A:0.29412    G:0.29412
position  2:    T:0.31373    C:0.17647    A:0.35294    G:0.15686
position  3:    T:0.17647    C:0.39216    A:0.25490    G:0.17647
Average         T:0.23529    C:0.25490    A:0.30065    G:0.20915

#28: GyrantGazelle  
position  1:    T:0.21569    C:0.19608    A:0.29412    G:0.29412
position  2:    T:0.31373    C:0.17647    A:0.33333    G:0.17647
position  3:    T:0.21569    C:0.35294    A:0.25490    G:0.17647
Average         T:0.24837    C:0.24183    A:0.29412    G:0.21569

#29: Hartebeest     
position  1:    T:0.21569    C:0.19608    A:0.29412    G:0.29412
position  2:    T:0.31373    C:0.17647    A:0.35294    G:0.15686
position  3:    T:0.21569    C:0.35294    A:0.25490    G:0.17647
Average         T:0.24837    C:0.24183    A:0.30065    G:0.20915

#30: Bongo          
position  1:    T:0.21569    C:0.19608    A:0.29412    G:0.29412
position  2:    T:0.31373    C:0.17647    A:0.35294    G:0.15686
position  3:    T:0.19608    C:0.37255    A:0.25490    G:0.17647
Average         T:0.24183    C:0.24837    A:0.30065    G:0.20915

#31: Gerenuk        
position  1:    T:0.21569    C:0.19608    A:0.29412    G:0.29412
position  2:    T:0.31373    C:0.17647    A:0.33333    G:0.17647
position  3:    T:0.19608    C:0.37255    A:0.25490    G:0.17647
Average         T:0.24183    C:0.24837    A:0.29412    G:0.21569

#32: CommonEland    
position  1:    T:0.21569    C:0.19608    A:0.29412    G:0.29412
position  2:    T:0.31373    C:0.17647    A:0.35294    G:0.15686
position  3:    T:0.19608    C:0.37255    A:0.25490    G:0.17647
Average         T:0.24183    C:0.24837    A:0.30065    G:0.20915

#33: MuntiacusReevesi
position  1:    T:0.21569    C:0.17647    A:0.29412    G:0.31373
position  2:    T:0.31373    C:0.17647    A:0.35294    G:0.15686
position  3:    T:0.19608    C:0.37255    A:0.23529    G:0.19608
Average         T:0.24183    C:0.24183    A:0.29412    G:0.22222

#34: HarveysDuiker  
position  1:    T:0.21569    C:0.19608    A:0.29412    G:0.29412
position  2:    T:0.31373    C:0.17647    A:0.35294    G:0.15686
position  3:    T:0.17647    C:0.37255    A:0.25490    G:0.19608
Average         T:0.23529    C:0.24837    A:0.30065    G:0.21569

#35: Pronghorn      
position  1:    T:0.21569    C:0.19608    A:0.29412    G:0.29412
position  2:    T:0.31373    C:0.17647    A:0.35294    G:0.15686
position  3:    T:0.19608    C:0.37255    A:0.23529    G:0.19608
Average         T:0.24183    C:0.24837    A:0.29412    G:0.21569

#36: BlueWildebeest 
position  1:    T:0.21569    C:0.19608    A:0.29412    G:0.29412
position  2:    T:0.31373    C:0.17647    A:0.35294    G:0.15686
position  3:    T:0.21569    C:0.35294    A:0.25490    G:0.17647
Average         T:0.24837    C:0.24183    A:0.30065    G:0.20915

#37: Gemsbok        
position  1:    T:0.21569    C:0.19608    A:0.29412    G:0.29412
position  2:    T:0.31373    C:0.17647    A:0.35294    G:0.15686
position  3:    T:0.21569    C:0.35294    A:0.25490    G:0.17647
Average         T:0.24837    C:0.24183    A:0.30065    G:0.20915

#38: Yak            
position  1:    T:0.21569    C:0.19608    A:0.29412    G:0.29412
position  2:    T:0.31373    C:0.17647    A:0.35294    G:0.15686
position  3:    T:0.21569    C:0.35294    A:0.25490    G:0.17647
Average         T:0.24837    C:0.24183    A:0.30065    G:0.20915

#39: BlueSheep      
position  1:    T:0.21569    C:0.19608    A:0.29412    G:0.29412
position  2:    T:0.31373    C:0.17647    A:0.35294    G:0.15686
position  3:    T:0.17647    C:0.39216    A:0.25490    G:0.17647
Average         T:0.23529    C:0.25490    A:0.30065    G:0.20915

#40: BohorReedbuck  
position  1:    T:0.21569    C:0.19608    A:0.29412    G:0.29412
position  2:    T:0.31373    C:0.17647    A:0.35294    G:0.15686
position  3:    T:0.19608    C:0.37255    A:0.25490    G:0.17647
Average         T:0.24183    C:0.24837    A:0.30065    G:0.20915

#41: KirksDik       
position  1:    T:0.21569    C:0.19608    A:0.29412    G:0.29412
position  2:    T:0.31373    C:0.17647    A:0.33333    G:0.17647
position  3:    T:0.17647    C:0.37255    A:0.27451    G:0.17647
Average         T:0.23529    C:0.24837    A:0.30065    G:0.21569

#42: RoeDeer        
position  1:    T:0.21569    C:0.17647    A:0.29412    G:0.31373
position  2:    T:0.31373    C:0.17647    A:0.35294    G:0.15686
position  3:    T:0.19608    C:0.37255    A:0.25490    G:0.17647
Average         T:0.24183    C:0.24183    A:0.30065    G:0.21569

#43: WhiteLippedDeer
position  1:    T:0.21569    C:0.17647    A:0.29412    G:0.31373
position  2:    T:0.31373    C:0.17647    A:0.35294    G:0.15686
position  3:    T:0.19608    C:0.37255    A:0.25490    G:0.17647
Average         T:0.24183    C:0.24183    A:0.30065    G:0.21569

#44: ThomsonGazelle 
position  1:    T:0.21569    C:0.19608    A:0.29412    G:0.29412
position  2:    T:0.31373    C:0.17647    A:0.33333    G:0.17647
position  3:    T:0.19608    C:0.37255    A:0.25490    G:0.17647
Average         T:0.24183    C:0.24837    A:0.29412    G:0.21569

#45: MuntiacusCrinifrons
position  1:    T:0.21569    C:0.17647    A:0.29412    G:0.31373
position  2:    T:0.31373    C:0.17647    A:0.35294    G:0.15686
position  3:    T:0.23529    C:0.35294    A:0.21569    G:0.19608
Average         T:0.25490    C:0.23529    A:0.28758    G:0.22222

#46: WhiteTailedDeer
position  1:    T:0.21569    C:0.17647    A:0.29412    G:0.31373
position  2:    T:0.31373    C:0.17647    A:0.35294    G:0.15686
position  3:    T:0.19608    C:0.35294    A:0.25490    G:0.19608
Average         T:0.24183    C:0.23529    A:0.30065    G:0.22222

#47: Cattle         
position  1:    T:0.21569    C:0.19608    A:0.29412    G:0.29412
position  2:    T:0.31373    C:0.17647    A:0.35294    G:0.15686
position  3:    T:0.21569    C:0.35294    A:0.25490    G:0.17647
Average         T:0.24837    C:0.24183    A:0.30065    G:0.20915

#48: RoyalAntelope  
position  1:    T:0.21569    C:0.19608    A:0.29412    G:0.29412
position  2:    T:0.31373    C:0.17647    A:0.35294    G:0.15686
position  3:    T:0.19608    C:0.37255    A:0.25490    G:0.17647
Average         T:0.24183    C:0.24837    A:0.30065    G:0.20915

#49: Steenbok       
position  1:    T:0.23529    C:0.19608    A:0.29412    G:0.27451
position  2:    T:0.31373    C:0.17647    A:0.33333    G:0.17647
position  3:    T:0.19608    C:0.37255    A:0.27451    G:0.15686
Average         T:0.24837    C:0.24837    A:0.30065    G:0.20261

#50: Impala         
position  1:    T:0.21569    C:0.19608    A:0.29412    G:0.29412
position  2:    T:0.31373    C:0.17647    A:0.35294    G:0.15686
position  3:    T:0.21569    C:0.35294    A:0.25490    G:0.17647
Average         T:0.24837    C:0.24183    A:0.30065    G:0.20915

#51: Klipspringer   
position  1:    T:0.21569    C:0.19608    A:0.29412    G:0.29412
position  2:    T:0.31373    C:0.17647    A:0.35294    G:0.15686
