CODONML (in paml version 4.10.7, June 2023)  /home/rachel/ruminants_paml/6406-phy-tree/ENSBTAT00000001671.fasta.phy
Model: free dN/dS Ratios for branches,  kappa = 2.000 fixed

Codon frequency model: F3x4
ns =  54  ls =  47

Codon usage in sequences
--------------------------------------------------------------------------------------------------------------------------------------
Phe TTT   2   2   2   2   2   2 | Ser TCT   1   1   1   1   1   1 | Tyr TAT   1   1   1   1   1   1 | Cys TGT   1   0   1   1   0   0
    TTC   0   0   0   0   0   0 |     TCC   0   0   0   0   0   0 |     TAC   0   0   0   0   0   0 |     TGC   0   1   0   0   1   1
Leu TTA   1   1   1   1   1   1 |     TCA   2   2   2   2   2   2 | *** TAA   0   0   0   0   0   0 | *** TGA   0   0   0   0   0   0
    TTG   3   3   3   3   3   3 |     TCG   0   0   0   0   0   0 |     TAG   0   0   0   0   0   0 | Trp TGG   0   0   0   0   0   0
--------------------------------------------------------------------------------------------------------------------------------------
Leu CTT   1   1   1   1   1   1 | Pro CCT   0   0   0   0   0   0 | His CAT   0   0   0   0   0   0 | Arg CGT   1   0   1   1   0   1
    CTC   0   0   0   0   0   0 |     CCC   0   0   0   0   0   0 |     CAC   0   0   0   0   0   0 |     CGC   1   1   1   1   1   1
    CTA   1   1   1   1   0   1 |     CCA   0   0   0   0   0   0 | Gln CAA   0   0   0   0   0   0 |     CGA   0   1   0   0   0   0
    CTG   1   1   1   1   2   1 |     CCG   0   0   0   0   0   0 |     CAG   0   0   0   0   0   0 |     CGG   0   0   0   0   1   0
--------------------------------------------------------------------------------------------------------------------------------------
Ile ATT   1   1   1   1   1   1 | Thr ACT   0   0   0   0   0   0 | Asn AAT   0   0   0   0   0   1 | Ser AGT   0   0   0   0   0   0
    ATC   2   2   2   2   2   2 |     ACC   0   0   0   0   0   0 |     AAC   1   1   1   1   1   0 |     AGC   0   0   0   0   0   0
    ATA   2   2   2   2   2   2 |     ACA   1   2   3   3   2   2 | Lys AAA   0   0   0   0   0   0 | Arg AGA   0   0   0   0   0   0
Met ATG   4   4   4   4   4   4 |     ACG   2   1   0   0   1   1 |     AAG   1   1   1   1   1   1 |     AGG   0   0   0   0   0   0
--------------------------------------------------------------------------------------------------------------------------------------
Val GTT   1   0   0   1   1   1 | Ala GCT   3   3   3   3   1   3 | Asp GAT   1   1   1   1   1   1 | Gly GGT   2   2   2   2   1   2
    GTC   0   2   1   0   0   0 |     GCC   3   4   3   3   5   3 |     GAC   0   0   0   0   0   0 |     GGC   1   1   1   1   2   1
    GTA   2   0   2   2   0   1 |     GCA   2   1   1   2   1   2 | Glu GAA   1   1   1   1   1   1 |     GGA   0   0   0   0   0   0
    GTG   1   2   1   1   3   2 |     GCG   0   0   1   0   1   0 |     GAG   0   0   0   0   0   0 |     GGG   0   0   0   0   0   0
--------------------------------------------------------------------------------------------------------------------------------------

--------------------------------------------------------------------------------------------------------------------------------------
Phe TTT   2   2   2   2   2   2 | Ser TCT   1   1   1   1   1   1 | Tyr TAT   1   1   1   1   1   1 | Cys TGT   1   1   1   1   1   1
    TTC   0   0   0   0   0   0 |     TCC   0   0   0   0   0   0 |     TAC   0   0   0   0   0   0 |     TGC   0   0   0   0   0   0
Leu TTA   1   1   1   1   1   1 |     TCA   2   2   2   2   2   2 | *** TAA   0   0   0   0   0   0 | *** TGA   0   0   0   0   0   0
    TTG   3   3   3   3   3   3 |     TCG   0   0   0   0   0   0 |     TAG   0   0   0   0   0   0 | Trp TGG   0   0   0   0   0   0
--------------------------------------------------------------------------------------------------------------------------------------
Leu CTT   1   1   1   1   1   1 | Pro CCT   0   0   0   0   0   0 | His CAT   0   0   0   0   0   0 | Arg CGT   1   1   0   1   1   1
    CTC   0   0   0   0   0   0 |     CCC   0   0   0   0   0   0 |     CAC   0   0   0   0   0   0 |     CGC   1   1   2   1   1   1
    CTA   1   1   1   1   1   1 |     CCA   0   0   0   0   0   0 | Gln CAA   0   0   0   0   0   0 |     CGA   0   0   0   0   0   0
    CTG   1   1   1   1   1   1 |     CCG   0   0   0   0   0   0 |     CAG   0   0   0   0   0   0 |     CGG   0   0   0   0   0   0
--------------------------------------------------------------------------------------------------------------------------------------
Ile ATT   1   1   1   1   1   1 | Thr ACT   0   0   0   1   0   0 | Asn AAT   0   0   0   0   0   0 | Ser AGT   0   0   0   0   0   0
    ATC   2   2   2   2   2   2 |     ACC   0   0   0   0   0   0 |     AAC   1   1   1   1   1   1 |     AGC   0   0   0   0   0   0
    ATA   2   2   2   2   2   2 |     ACA   2   1   2   1   3   1 | Lys AAA   0   0   0   0   0   0 | Arg AGA   0   0   0   0   0   0
Met ATG   4   4   4   4   4   4 |     ACG   1   2   1   1   0   2 |     AAG   1   1   1   1   1   1 |     AGG   0   0   0   0   0   0
--------------------------------------------------------------------------------------------------------------------------------------
Val GTT   1   1   1   1   0   1 | Ala GCT   3   3   3   3   3   3 | Asp GAT   1   1   1   1   1   1 | Gly GGT   2   2   2   2   2   2
    GTC   0   0   0   0   1   0 |     GCC   3   3   3   3   3   3 |     GAC   0   0   0   0   0   0 |     GGC   1   1   1   1   1   1
    GTA   1   2   2   2   2   1 |     GCA   2   2   2   2   1   0 | Glu GAA   1   1   1   1   1   1 |     GGA   0   0   0   0   0   0
    GTG   2   1   1   1   1   2 |     GCG   0   0   0   0   1   2 |     GAG   0   0   0   0   0   0 |     GGG   0   0   0   0   0   0
--------------------------------------------------------------------------------------------------------------------------------------

--------------------------------------------------------------------------------------------------------------------------------------
Phe TTT   2   2   2   2   2   2 | Ser TCT   1   1   1   1   1   1 | Tyr TAT   1   1   1   1   1   1 | Cys TGT   1   1   1   1   1   1
    TTC   0   0   0   0   0   0 |     TCC   0   0   0   0   0   0 |     TAC   0   0   0   0   0   0 |     TGC   0   0   0   0   0   0
Leu TTA   1   1   1   1   1   1 |     TCA   2   2   2   2   2   2 | *** TAA   0   0   0   0   0   0 | *** TGA   0   0   0   0   0   0
    TTG   3   3   3   3   3   3 |     TCG   0   0   0   0   0   0 |     TAG   0   0   0   0   0   0 | Trp TGG   0   0   0   0   0   0
--------------------------------------------------------------------------------------------------------------------------------------
Leu CTT   1   1   1   1   1   1 | Pro CCT   0   0   0   0   0   0 | His CAT   0   0   0   0   0   0 | Arg CGT   1   2   1   0   1   1
    CTC   0   1   0   0   0   0 |     CCC   0   0   0   0   0   0 |     CAC   0   0   0   0   0   0 |     CGC   1   0   1   2   1   1
    CTA   1   1   1   1   1   1 |     CCA   0   0   0   0   0   0 | Gln CAA   0   0   0   0   0   0 |     CGA   0   0   0   0   0   0
    CTG   1   0   1   1   1   1 |     CCG   0   0   0   0   0   0 |     CAG   0   0   0   0   0   0 |     CGG   0   0   0   0   0   0
--------------------------------------------------------------------------------------------------------------------------------------
Ile ATT   1   1   1   1   1   1 | Thr ACT   0   0   0   0   0   1 | Asn AAT   0   0   0   0   0   0 | Ser AGT   0   0   0   0   0   0
    ATC   2   2   2   2   2   2 |     ACC   0   0   0   0   0   0 |     AAC   1   1   1   1   1   1 |     AGC   0   0   0   0   0   0
    ATA   2   2   2   2   2   2 |     ACA   1   2   2   2   1   1 | Lys AAA   0   0   0   0   0   0 | Arg AGA   0   0   0   0   0   0
Met ATG   4   4   4   4   4   4 |     ACG   2   1   1   1   2   1 |     AAG   1   1   1   1   1   1 |     AGG   0   0   0   0   0   0
--------------------------------------------------------------------------------------------------------------------------------------
Val GTT   1   0   1   1   1   1 | Ala GCT   2   3   3   3   3   3 | Asp GAT   1   1   1   1   1   1 | Gly GGT   2   2   2   2   2   2
    GTC   0   1   0   0   0   0 |     GCC   3   3   3   3   3   3 |     GAC   0   0   0   0   0   0 |     GGC   1   1   1   1   1   1
    GTA   2   2   2   2   2   2 |     GCA   3   2   2   2   2   2 | Glu GAA   1   1   1   1   1   1 |     GGA   0   0   0   0   0   0
    GTG   1   1   1   1   1   1 |     GCG   0   0   0   0   0   0 |     GAG   0   0   0   0   0   0 |     GGG   0   0   0   0   0   0
--------------------------------------------------------------------------------------------------------------------------------------

--------------------------------------------------------------------------------------------------------------------------------------
Phe TTT   2   2   2   2   2   2 | Ser TCT   1   1   1   1   1   1 | Tyr TAT   1   1   1   1   1   1 | Cys TGT   1   1   1   1   1   1
    TTC   0   0   0   0   0   0 |     TCC   0   0   0   0   0   0 |     TAC   0   0   0   0   0   0 |     TGC   0   0   0   0   0   0
Leu TTA   1   1   1   1   1   1 |     TCA   2   2   2   2   2   2 | *** TAA   0   0   0   0   0   0 | *** TGA   0   0   0   0   0   0
    TTG   3   3   3   3   3   3 |     TCG   0   0   0   0   0   0 |     TAG   0   0   0   0   0   0 | Trp TGG   0   0   0   0   0   0
--------------------------------------------------------------------------------------------------------------------------------------
Leu CTT   1   1   1   1   1   1 | Pro CCT   0   0   0   0   0   0 | His CAT   0   0   0   0   0   0 | Arg CGT   1   1   1   1   1   1
    CTC   0   0   0   0   0   0 |     CCC   0   0   0   0   0   0 |     CAC   0   0   0   0   0   0 |     CGC   1   1   1   1   1   1
    CTA   1   1   1   1   1   1 |     CCA   0   0   0   0   0   0 | Gln CAA   0   0   0   0   0   0 |     CGA   0   0   0   0   0   0
    CTG   1   1   1   1   1   1 |     CCG   0   0   0   0   0   0 |     CAG   0   0   0   0   0   0 |     CGG   0   0   0   0   0   0
--------------------------------------------------------------------------------------------------------------------------------------
Ile ATT   1   1   1   1   1   1 | Thr ACT   0   0   0   0   1   0 | Asn AAT   0   0   0   0   0   0 | Ser AGT   0   0   0   0   0   0
    ATC   2   2   2   2   2   2 |     ACC   0   0   0   0   0   0 |     AAC   1   1   1   1   1   1 |     AGC   0   0   0   0   0   0
    ATA   2   2   2   2   2   2 |     ACA   3   2   2   3   1   1 | Lys AAA   0   0   0   0   0   0 | Arg AGA   0   0   0   0   0   0
Met ATG   4   4   4   4   4   4 |     ACG   0   1   1   0   1   2 |     AAG   1   1   1   1   1   1 |     AGG   0   0   0   0   0   0
--------------------------------------------------------------------------------------------------------------------------------------
Val GTT   1   1   1   0   1   1 | Ala GCT   3   3   3   3   3   3 | Asp GAT   1   1   1   1   1   1 | Gly GGT   2   2   2   2   2   2
    GTC   0   0   0   1   0   0 |     GCC   3   3   3   3   3   3 |     GAC   0   0   0   0   0   0 |     GGC   1   1   1   1   1   1
    GTA   2   2   2   2   2   2 |     GCA   2   2   2   1   2   2 | Glu GAA   1   1   1   1   1   1 |     GGA   0   0   0   0   0   0
    GTG   1   1   1   1   1   1 |     GCG   0   0   0   1   0   0 |     GAG   0   0   0   0   0   0 |     GGG   0   0   0   0   0   0
--------------------------------------------------------------------------------------------------------------------------------------

--------------------------------------------------------------------------------------------------------------------------------------
Phe TTT   2   2   2   2   2   2 | Ser TCT   1   1   1   1   1   1 | Tyr TAT   1   1   1   1   1   1 | Cys TGT   1   1   1   1   1   1
    TTC   0   0   0   0   0   0 |     TCC   0   0   0   0   0   0 |     TAC   0   0   0   0   0   0 |     TGC   0   0   0   0   0   0
Leu TTA   1   1   1   1   1   1 |     TCA   2   2   2   2   2   2 | *** TAA   0   0   0   0   0   0 | *** TGA   0   0   0   0   0   0
    TTG   3   3   3   3   3   3 |     TCG   0   0   0   0   0   0 |     TAG   0   0   0   0   0   0 | Trp TGG   0   0   0   0   0   0
--------------------------------------------------------------------------------------------------------------------------------------
Leu CTT   1   1   1   1   1   1 | Pro CCT   0   0   0   0   0   0 | His CAT   0   0   0   0   0   0 | Arg CGT   1   1   1   1   1   1
    CTC   0   0   0   0   0   0 |     CCC   0   0   0   0   0   0 |     CAC   0   0   0   0   0   0 |     CGC   1   1   1   1   1   1
    CTA   1   1   2   1   1   1 |     CCA   0   0   0   0   0   0 | Gln CAA   0   0   0   0   0   0 |     CGA   0   0   0   0   0   0
    CTG   1   1   0   1   1   1 |     CCG   0   0   0   0   0   0 |     CAG   0   0   0   0   0   0 |     CGG   0   0   0   0   0   0
--------------------------------------------------------------------------------------------------------------------------------------
Ile ATT   1   1   1   1   1   1 | Thr ACT   0   0   0   1   0   0 | Asn AAT   0   0   0   0   0   0 | Ser AGT   0   0   0   0   0   0
    ATC   2   2   2   2   2   2 |     ACC   0   0   0   0   0   0 |     AAC   1   1   1   1   1   1 |     AGC   0   0   0   0   0   0
    ATA   2   2   2   2   2   2 |     ACA   1   1   1   1   2   3 | Lys AAA   0   0   0   0   0   0 | Arg AGA   0   0   0   0   0   0
Met ATG   4   4   4   4   4   4 |     ACG   2   2   2   1   1   0 |     AAG   1   1   1   1   1   1 |     AGG   0   0   0   0   0   0
--------------------------------------------------------------------------------------------------------------------------------------
Val GTT   1   1   1   1   1   0 | Ala GCT   3   3   3   3   3   3 | Asp GAT   1   1   1   1   1   1 | Gly GGT   2   2   2   2   2   2
    GTC   0   0   0   0   0   1 |     GCC   3   3   2   3   3   3 |     GAC   0   0   0   0   0   0 |     GGC   1   1   1   1   1   1
    GTA   1   1   2   2   2   2 |     GCA   1   1   2   2   2   1 | Glu GAA   1   1   1   1   1   1 |     GGA   0   0   0   0   0   0
    GTG   2   2   1   1   1   1 |     GCG   1   1   1   0   0   1 |     GAG   0   0   0   0   0   0 |     GGG   0   0   0   0   0   0
--------------------------------------------------------------------------------------------------------------------------------------

--------------------------------------------------------------------------------------------------------------------------------------
Phe TTT   2   2   2   2   1   2 | Ser TCT   1   1   1   1   1   1 | Tyr TAT   1   1   1   1   1   1 | Cys TGT   1   1   1   1   1   1
    TTC   0   0   0   0   1   0 |     TCC   0   0   0   0   0   0 |     TAC   0   0   0   0   0   0 |     TGC   0   0   0   0   0   0
Leu TTA   1   1   1   1   1   2 |     TCA   2   2   2   2   1   2 | *** TAA   0   0   0   0   0   0 | *** TGA   0   0   0   0   0   0
    TTG   3   3   3   3   2   2 |     TCG   0   0   0   0   1   0 |     TAG   0   0   0   0   0   0 | Trp TGG   0   0   0   0   0   0
--------------------------------------------------------------------------------------------------------------------------------------
Leu CTT   1   1   1   1   1   1 | Pro CCT   0   0   0   0   0   0 | His CAT   0   0   0   0   0   0 | Arg CGT   1   1   1   0   1   1
    CTC   0   0   0   0   0   0 |     CCC   0   0   0   0   0   0 |     CAC   0   0   0   0   0   0 |     CGC   1   1   1   2   1   1
    CTA   1   1   1   1   1   1 |     CCA   0   0   0   0   0   0 | Gln CAA   0   0   0   0   0   0 |     CGA   0   0   0   0   0   0
    CTG   1   1   1   1   2   1 |     CCG   0   0   0   0   0   0 |     CAG   0   0   0   0   0   0 |     CGG   0   0   0   0   0   0
--------------------------------------------------------------------------------------------------------------------------------------
Ile ATT   1   1   1   1   1   1 | Thr ACT   1   0   0   0   0   0 | Asn AAT   0   0   0   0   0   0 | Ser AGT   0   0   0   0   0   0
    ATC   2   2   2   2   1   2 |     ACC   0   0   0   0   0   0 |     AAC   1   1   1   1   1   1 |     AGC   0   0   0   0   0   0
    ATA   2   2   2   2   2   2 |     ACA   1   3   1   2   3   2 | Lys AAA   0   0   0   0   0   0 | Arg AGA   0   0   0   0   0   0
Met ATG   4   4   4   4   4   4 |     ACG   1   0   2   1   0   1 |     AAG   1   1   1   1   1   1 |     AGG   0   0   0   0   0   0
--------------------------------------------------------------------------------------------------------------------------------------
Val GTT   1   0   1   1   1   1 | Ala GCT   3   3   3   3   3   3 | Asp GAT   1   1   1   1   1   1 | Gly GGT   2   2   2   2   2   2
    GTC   0   1   0   0   1   0 |     GCC   3   3   3   3   3   3 |     GAC   0   0   0   0   0   0 |     GGC   1   1   1   1   1   1
    GTA   2   2   1   2   2   2 |     GCA   2   1   0   2   2   2 | Glu GAA   1   1   1   1   1   1 |     GGA   0   0   0   0   0   0
    GTG   1   1   2   1   1   1 |     GCG   0   1   2   0   0   0 |     GAG   0   0   0   0   0   0 |     GGG   0   0   0   0   0   0
--------------------------------------------------------------------------------------------------------------------------------------

--------------------------------------------------------------------------------------------------------------------------------------
Phe TTT   2   2   2   2   1   2 | Ser TCT   1   1   1   1   1   1 | Tyr TAT   1   1   1   1   1   1 | Cys TGT   1   1   1   1   1   1
    TTC   0   0   0   0   1   0 |     TCC   0   0   0   0   0   0 |     TAC   0   0   0   0   0   0 |     TGC   0   0   0   0   0   0
Leu TTA   1   1   1   1   1   1 |     TCA   2   2   2   2   2   2 | *** TAA   0   0   0   0   0   0 | *** TGA   0   0   0   0   0   0
    TTG   3   3   3   3   3   3 |     TCG   0   0   0   0   0   0 |     TAG   0   0   0   0   0   0 | Trp TGG   0   0   0   0   0   0
--------------------------------------------------------------------------------------------------------------------------------------
Leu CTT   1   1   1   1   1   1 | Pro CCT   0   0   0   0   0   0 | His CAT   0   0   0   0   0   0 | Arg CGT   1   1   1   1   1   1
    CTC   0   0   0   0   0   0 |     CCC   0   0   0   0   0   0 |     CAC   0   0   0   0   0   0 |     CGC   1   1   1   1   1   1
    CTA   1   1   1   1   1   1 |     CCA   0   0   0   0   0   0 | Gln CAA   0   0   0   0   0   0 |     CGA   0   0   0   0   0   0
    CTG   1   1   1   1   1   1 |     CCG   0   0   0   0   0   0 |     CAG   0   0   0   0   0   0 |     CGG   0   0   0   0   0   0
--------------------------------------------------------------------------------------------------------------------------------------
Ile ATT   1   1   1   1   1   1 | Thr ACT   0   0   0   0   0   0 | Asn AAT   0   0   0   0   0   0 | Ser AGT   0   0   0   0   0   0
    ATC   2   2   2   2   2   2 |     ACC   0   0   0   0   0   0 |     AAC   1   1   1   1   1   1 |     AGC   0   0   0   0   0   0
    ATA   2   2   2   2   2   2 |     ACA   2   2   1   2   2   1 | Lys AAA   0   0   0   0   0   0 | Arg AGA   0   0   0   0   0   0
Met ATG   4   4   4   4   4   4 |     ACG   1   1   2   1   1   2 |     AAG   1   1   1   1   1   1 |     AGG   0   0   0   0   0   0
--------------------------------------------------------------------------------------------------------------------------------------
Val GTT   1   0   1   1   1   1 | Ala GCT   3   3   3   3   2   3 | Asp GAT   1   1   1   1   1   1 | Gly GGT   2   2   2   2   2   2
    GTC   0   1   0   0   0   0 |     GCC   3   3   3   3   4   3 |     GAC   0   0   0   0   0   0 |     GGC   1   1   1   1   1   1
    GTA   2   2   2   2   2   1 |     GCA   2   2   2   2   2   1 | Glu GAA   1   1   1   1   1   1 |     GGA   0   0   0   0   0   0
    GTG   1   1   1   1   1   2 |     GCG   0   0   0   0   0   1 |     GAG   0   0   0   0   0   0 |     GGG   0   0   0   0   0   0
--------------------------------------------------------------------------------------------------------------------------------------

--------------------------------------------------------------------------------------------------------------------------------------
Phe TTT   2   2   2   2   2   2 | Ser TCT   1   1   1   1   1   1 | Tyr TAT   1   1   1   1   1   1 | Cys TGT   1   1   1   1   1   1
    TTC   0   0   0   0   0   0 |     TCC   0   0   0   0   0   0 |     TAC   0   0   0   0   0   0 |     TGC   0   0   0   0   0   0
Leu TTA   1   1   1   1   1   1 |     TCA   2   2   2   2   2   2 | *** TAA   0   0   0   0   0   0 | *** TGA   0   0   0   0   0   0
    TTG   3   3   3   3   3   3 |     TCG   0   0   0   0   0   0 |     TAG   0   0   0   0   0   0 | Trp TGG   0   0   0   0   0   0
--------------------------------------------------------------------------------------------------------------------------------------
Leu CTT   1   1   1   1   1   1 | Pro CCT   0   0   0   0   0   0 | His CAT   0   0   0   0   0   0 | Arg CGT   1   1   1   1   1   1
    CTC   0   0   0   0   0   0 |     CCC   0   0   0   0   0   0 |     CAC   0   0   0   0   0   0 |     CGC   1   1   1   1   1   1
    CTA   1   1   1   1   1   1 |     CCA   0   0   0   0   0   0 | Gln CAA   0   0   0   0   0   0 |     CGA   0   0   0   0   0   0
    CTG   1   1   1   1   1   1 |     CCG   0   0   0   0   0   0 |     CAG   0   0   0   0   0   0 |     CGG   0   0   0   0   0   0
--------------------------------------------------------------------------------------------------------------------------------------
Ile ATT   1   1   1   1   1   1 | Thr ACT   0   1   0   0   0   0 | Asn AAT   0   0   0   0   0   0 | Ser AGT   0   0   0   0   0   0
    ATC   2   2   2   2   2   2 |     ACC   0   0   0   0   0   0 |     AAC   1   1   1   1   1   1 |     AGC   0   0   0   0   0   0
    ATA   2   2   2   2   2   2 |     ACA   1   1   1   1   2   2 | Lys AAA   0   0   0   0   0   0 | Arg AGA   0   0   0   0   0   0
Met ATG   4   4   4   4   4   4 |     ACG   2   1   2   2   1   1 |     AAG   1   1   1   1   1   1 |     AGG   0   0   0   0   0   0
--------------------------------------------------------------------------------------------------------------------------------------
Val GTT   1   1   1   1   0   1 | Ala GCT   3   3   3   3   3   3 | Asp GAT   1   1   1   1   1   1 | Gly GGT   2   2   2   2   2   2
    GTC   0   0   0   0   1   0 |     GCC   3   3   3   3   3   3 |     GAC   0   0   0   0   0   0 |     GGC   1   1   1   1   1   1
    GTA   1   2   1   1   2   2 |     GCA   1   2   0   1   2   2 | Glu GAA   1   1   1   1   1   1 |     GGA   0   0   0   0   0   0
    GTG   2   1   2   2   1   1 |     GCG   1   0   2   1   0   0 |     GAG   0   0   0   0   0   0 |     GGG   0   0   0   0   0   0
--------------------------------------------------------------------------------------------------------------------------------------

--------------------------------------------------------------------------------------------------------------------------------------
Phe TTT   2   1   2   2   2   2 | Ser TCT   1   1   1   1   1   1 | Tyr TAT   1   1   1   1   1   1 | Cys TGT   1   1   1   1   1   1
    TTC   0   1   0   0   0   0 |     TCC   0   0   0   0   0   0 |     TAC   0   0   0   0   0   0 |     TGC   0   0   0   0   0   0
Leu TTA   1   1   1   1   1   1 |     TCA   2   2   2   2   2   2 | *** TAA   0   0   0   0   0   0 | *** TGA   0   0   0   0   0   0
    TTG   3   3   3   3   3   3 |     TCG   0   0   0   0   0   0 |     TAG   0   0   0   0   0   0 | Trp TGG   0   0   0   0   0   0
--------------------------------------------------------------------------------------------------------------------------------------
Leu CTT   1   1   1   1   1   1 | Pro CCT   0   0   0   0   0   0 | His CAT   0   0   0   0   0   0 | Arg CGT   1   1   1   1   1   1
    CTC   0   0   0   0   0   0 |     CCC   0   0   0   0   0   0 |     CAC   0   0   0   0   0   0 |     CGC   1   1   0   1   1   1
    CTA   1   1   1   1   1   1 |     CCA   0   0   0   0   0   0 | Gln CAA   0   0   0   0   0   0 |     CGA   0   0   0   0   0   0
    CTG   1   1   1   1   1   1 |     CCG   0   0   0   0   0   0 |     CAG   0   0   0   0   0   0 |     CGG   0   0   1   0   0   0
--------------------------------------------------------------------------------------------------------------------------------------
Ile ATT   1   1   1   1   1   1 | Thr ACT   0   0   0   0   0   0 | Asn AAT   0   0   0   0   0   0 | Ser AGT   0   0   0   0   0   0
    ATC   2   2   2   2   2   2 |     ACC   0   0   0   0   0   0 |     AAC   1   1   1   1   1   1 |     AGC   0   0   0   0   0   0
    ATA   2   2   2   2   2   2 |     ACA   2   2   2   3   3   3 | Lys AAA   0   0   0   0   0   0 | Arg AGA   0   0   0   0   0   0
Met ATG   4   4   4   4   4   4 |     ACG   1   1   1   0   0   0 |     AAG   1   1   1   1   1   1 |     AGG   0   0   0   0   0   0
--------------------------------------------------------------------------------------------------------------------------------------
Val GTT   1   1   2   1   0   0 | Ala GCT   3   2   3   3   3   3 | Asp GAT   1   1   1   1   1   1 | Gly GGT   2   2   2   2   2   2
    GTC   0   0   0   0   1   1 |     GCC   3   3   3   3   3   3 |     GAC   0   0   0   0   0   0 |     GGC   1   1   1   1   1   1
    GTA   2   2   2   2   2   2 |     GCA   2   2   2   2   1   1 | Glu GAA   1   1   1   1   1   1 |     GGA   0   0   0   0   0   0
    GTG   1   1   0   1   1   1 |     GCG   0   1   0   0   1   1 |     GAG   0   0   0   0   0   0 |     GGG   0   0   0   0   0   0
--------------------------------------------------------------------------------------------------------------------------------------

Codon position x base (3x4) table for each sequence.

#1: Argali         
position  1:    T:0.23404    C:0.10638    A:0.29787    G:0.36170
position  2:    T:0.46809    C:0.29787    A:0.10638    G:0.12766
position  3:    T:0.31915    C:0.17021    A:0.25532    G:0.25532
Average         T:0.34043    C:0.19149    A:0.21986    G:0.24823

#2: LesserMouseDeer
position  1:    T:0.23404    C:0.10638    A:0.29787    G:0.36170
position  2:    T:0.46809    C:0.29787    A:0.10638    G:0.12766
position  3:    T:0.25532    C:0.25532    A:0.23404    G:0.25532
Average         T:0.31915    C:0.21986    A:0.21277    G:0.24823

#3: LesserKudu     
position  1:    T:0.23404    C:0.10638    A:0.29787    G:0.36170
position  2:    T:0.46809    C:0.29787    A:0.10638    G:0.12766
position  3:    T:0.29787    C:0.19149    A:0.27660    G:0.23404
Average         T:0.33333    C:0.19858    A:0.22695    G:0.24113

#4: ForestMuskDeer2
position  1:    T:0.23404    C:0.10638    A:0.29787    G:0.36170
position  2:    T:0.46809    C:0.29787    A:0.10638    G:0.12766
position  3:    T:0.31915    C:0.17021    A:0.29787    G:0.21277
Average         T:0.34043    C:0.19149    A:0.23404    G:0.23404

#5: Camel          
position  1:    T:0.23404    C:0.10638    A:0.29787    G:0.36170
position  2:    T:0.46809    C:0.29787    A:0.10638    G:0.12766
position  3:    T:0.21277    C:0.25532    A:0.19149    G:0.34043
Average         T:0.30496    C:0.21986    A:0.19858    G:0.27660

#6: KillerWhale    
position  1:    T:0.23404    C:0.10638    A:0.29787    G:0.36170
position  2:    T:0.46809    C:0.29787    A:0.10638    G:0.12766
position  3:    T:0.31915    C:0.17021    A:0.25532    G:0.25532
Average         T:0.34043    C:0.19149    A:0.21986    G:0.24823

#7: DefassaWaterbuck
position  1:    T:0.23404    C:0.10638    A:0.29787    G:0.36170
position  2:    T:0.46809    C:0.29787    A:0.10638    G:0.12766
position  3:    T:0.31915    C:0.17021    A:0.25532    G:0.25532
Average         T:0.34043    C:0.19149    A:0.21986    G:0.24823

#8: Sheep          
position  1:    T:0.23404    C:0.10638    A:0.29787    G:0.36170
position  2:    T:0.46809    C:0.29787    A:0.10638    G:0.12766
position  3:    T:0.31915    C:0.17021    A:0.25532    G:0.25532
Average         T:0.34043    C:0.19149    A:0.21986    G:0.24823

#9: MaxwellsDuiker 
position  1:    T:0.23404    C:0.10638    A:0.29787    G:0.36170
position  2:    T:0.46809    C:0.29787    A:0.10638    G:0.12766
position  3:    T:0.29787    C:0.19149    A:0.27660    G:0.23404
Average         T:0.33333    C:0.19858    A:0.22695    G:0.24113

#10: GazellaPrzewalskyi
position  1:    T:0.23404    C:0.10638    A:0.29787    G:0.36170
position  2:    T:0.46809    C:0.29787    A:0.10638    G:0.12766
position  3:    T:0.34043    C:0.17021    A:0.25532    G:0.23404
Average         T:0.34752    C:0.19149    A:0.21986    G:0.24113

#11: MountainNyala  
position  1:    T:0.23404    C:0.10638    A:0.29787    G:0.36170
position  2:    T:0.46809    C:0.29787    A:0.10638    G:0.12766
position  3:    T:0.29787    C:0.19149    A:0.27660    G:0.23404
Average         T:0.33333    C:0.19858    A:0.22695    G:0.24113

#12: MuntiacusMuntjak
position  1:    T:0.23404    C:0.10638    A:0.29787    G:0.36170
position  2:    T:0.46809    C:0.29787    A:0.10638    G:0.12766
position  3:    T:0.31915    C:0.17021    A:0.19149    G:0.31915
Average         T:0.34043    C:0.19149    A:0.19858    G:0.26950

#13: goat           
position  1:    T:0.23404    C:0.10638    A:0.29787    G:0.36170
position  2:    T:0.46809    C:0.29787    A:0.10638    G:0.12766
position  3:    T:0.29787    C:0.17021    A:0.27660    G:0.25532
Average         T:0.33333    C:0.19149    A:0.22695    G:0.24823

#14: AfricanBuffalo 
position  1:    T:0.23404    C:0.10638    A:0.29787    G:0.36170
position  2:    T:0.46809    C:0.29787    A:0.10638    G:0.12766
position  3:    T:0.31915    C:0.19149    A:0.27660    G:0.21277
Average         T:0.34043    C:0.19858    A:0.22695    G:0.23404

#15: Topi           
position  1:    T:0.23404    C:0.10638    A:0.29787    G:0.36170
position  2:    T:0.46809    C:0.29787    A:0.10638    G:0.12766
position  3:    T:0.31915    C:0.17021    A:0.27660    G:0.23404
Average         T:0.34043    C:0.19149    A:0.22695    G:0.24113

#16: CommonDuiker   
position  1:    T:0.23404    C:0.10638    A:0.29787    G:0.36170
position  2:    T:0.46809    C:0.29787    A:0.10638    G:0.12766
position  3:    T:0.29787    C:0.19149    A:0.27660    G:0.23404
Average         T:0.33333    C:0.19858    A:0.22695    G:0.24113

#17: Suni           
position  1:    T:0.23404    C:0.10638    A:0.29787    G:0.36170
position  2:    T:0.46809    C:0.29787    A:0.10638    G:0.12766
position  3:    T:0.31915    C:0.17021    A:0.25532    G:0.25532
Average         T:0.34043    C:0.19149    A:0.21986    G:0.24823

#18: Springbuck     
position  1:    T:0.23404    C:0.10638    A:0.29787    G:0.36170
position  2:    T:0.46809    C:0.29787    A:0.10638    G:0.12766
position  3:    T:0.34043    C:0.17021    A:0.25532    G:0.23404
Average         T:0.34752    C:0.19149    A:0.21986    G:0.24113

#19: Okapi          
position  1:    T:0.23404    C:0.10638    A:0.29787    G:0.36170
position  2:    T:0.46809    C:0.29787    A:0.10638    G:0.12766
position  3:    T:0.31915    C:0.17021    A:0.29787    G:0.21277
Average         T:0.34043    C:0.19149    A:0.23404    G:0.23404

#20: Giraffe        
position  1:    T:0.23404    C:0.10638    A:0.29787    G:0.36170
position  2:    T:0.46809    C:0.29787    A:0.10638    G:0.12766
position  3:    T:0.31915    C:0.17021    A:0.27660    G:0.23404
Average         T:0.34043    C:0.19149    A:0.22695    G:0.24113

#21: TibetanAntelope
position  1:    T:0.23404    C:0.10638    A:0.29787    G:0.36170
position  2:    T:0.46809    C:0.29787    A:0.10638    G:0.12766
position  3:    T:0.31915    C:0.17021    A:0.27660    G:0.23404
Average         T:0.34043    C:0.19149    A:0.22695    G:0.24113

#22: Sitatunga      
position  1:    T:0.23404    C:0.10638    A:0.29787    G:0.36170
position  2:    T:0.46809    C:0.29787    A:0.10638    G:0.12766
position  3:    T:0.29787    C:0.19149    A:0.27660    G:0.23404
Average         T:0.33333    C:0.19858    A:0.22695    G:0.24113

#23: Oribi          
position  1:    T:0.23404    C:0.10638    A:0.29787    G:0.36170
position  2:    T:0.46809    C:0.29787    A:0.10638    G:0.12766
position  3:    T:0.34043    C:0.17021    A:0.25532    G:0.23404
Average         T:0.34752    C:0.19149    A:0.21986    G:0.24113

#24: BarbarySheep   
position  1:    T:0.23404    C:0.10638    A:0.29787    G:0.36170
position  2:    T:0.46809    C:0.29787    A:0.10638    G:0.12766
position  3:    T:0.31915    C:0.17021    A:0.25532    G:0.25532
Average         T:0.34043    C:0.19149    A:0.21986    G:0.24823

#25: Daviddeer      
position  1:    T:0.23404    C:0.10638    A:0.29787    G:0.36170
position  2:    T:0.46809    C:0.29787    A:0.10638    G:0.12766
position  3:    T:0.31915    C:0.17021    A:0.21277    G:0.29787
Average         T:0.34043    C:0.19149    A:0.20567    G:0.26241

#26: Reindeer       
position  1:    T:0.23404    C:0.10638    A:0.29787    G:0.36170
position  2:    T:0.46809    C:0.29787    A:0.10638    G:0.12766
position  3:    T:0.31915    C:0.17021    A:0.21277    G:0.29787
Average         T:0.34043    C:0.19149    A:0.20567    G:0.26241

#27: Ibex           
position  1:    T:0.23404    C:0.10638    A:0.29787    G:0.36170
position  2:    T:0.46809    C:0.29787    A:0.10638    G:0.12766
position  3:    T:0.31915    C:0.14894    A:0.27660    G:0.25532
Average         T:0.34043    C:0.18440    A:0.22695    G:0.24823

#28: GyrantGazelle  
position  1:    T:0.23404    C:0.10638    A:0.29787    G:0.36170
position  2:    T:0.46809    C:0.29787    A:0.10638    G:0.12766
position  3:    T:0.34043    C:0.17021    A:0.25532    G:0.23404
Average         T:0.34752    C:0.19149    A:0.21986    G:0.24113

#29: Hartebeest     
position  1:    T:0.23404    C:0.10638    A:0.29787    G:0.36170
position  2:    T:0.46809    C:0.29787    A:0.10638    G:0.12766
position  3:    T:0.31915    C:0.17021    A:0.27660    G:0.23404
Average         T:0.34043    C:0.19149    A:0.22695    G:0.24113

#30: Bongo          
position  1:    T:0.23404    C:0.10638    A:0.29787    G:0.36170
position  2:    T:0.46809    C:0.29787    A:0.10638    G:0.12766
position  3:    T:0.29787    C:0.19149    A:0.27660    G:0.23404
Average         T:0.33333    C:0.19858    A:0.22695    G:0.24113

#31: Gerenuk        
position  1:    T:0.23404    C:0.10638    A:0.29787    G:0.36170
position  2:    T:0.46809    C:0.29787    A:0.10638    G:0.12766
position  3:    T:0.34043    C:0.17021    A:0.25532    G:0.23404
Average         T:0.34752    C:0.19149    A:0.21986    G:0.24113

#32: CommonEland    
position  1:    T:0.23404    C:0.10638    A:0.29787    G:0.36170
position  2:    T:0.46809    C:0.29787    A:0.10638    G:0.12766
position  3:    T:0.29787    C:0.19149    A:0.27660    G:0.23404
Average         T:0.33333    C:0.19858    A:0.22695    G:0.24113

#33: MuntiacusReevesi
position  1:    T:0.23404    C:0.10638    A:0.29787    G:0.36170
position  2:    T:0.46809    C:0.29787    A:0.10638    G:0.12766
position  3:    T:0.31915    C:0.17021    A:0.19149    G:0.31915
Average         T:0.34043    C:0.19149    A:0.19858    G:0.26950

#34: HarveysDuiker  
position  1:    T:0.23404    C:0.10638    A:0.29787    G:0.36170
position  2:    T:0.46809    C:0.29787    A:0.10638    G:0.12766
position  3:    T:0.29787    C:0.19149    A:0.27660    G:0.23404
Average         T:0.33333    C:0.19858    A:0.22695    G:0.24113

#35: Pronghorn      
position  1:    T:0.21277    C:0.12766    A:0.27660    G:0.38298
position  2:    T:0.46809    C:0.29787    A:0.10638    G:0.12766
position  3:    T:0.29787    C:0.19149    A:0.27660    G:0.23404
Average         T:0.32624    C:0.20567    A:0.21986    G:0.24823

#36: BlueWildebeest 
position  1:    T:0.23404    C:0.10638    A:0.29787    G:0.36170
position  2:    T:0.46809    C:0.29787    A:0.10638    G:0.12766
position  3:    T:0.31915    C:0.17021    A:0.29787    G:0.21277
Average         T:0.34043    C:0.19149    A:0.23404    G:0.23404

#37: Gemsbok        
position  1:    T:0.23404    C:0.10638    A:0.29787    G:0.36170
position  2:    T:0.46809    C:0.29787    A:0.10638    G:0.12766
position  3:    T:0.31915    C:0.17021    A:0.27660    G:0.23404
Average         T:0.34043    C:0.19149    A:0.22695    G:0.24113

#38: Yak            
position  1:    T:0.23404    C:0.10638    A:0.29787    G:0.36170
position  2:    T:0.46809    C:0.29787    A:0.10638    G:0.12766
position  3:    T:0.29787    C:0.19149    A:0.27660    G:0.23404
Average         T:0.33333    C:0.19858    A:0.22695    G:0.24113

#39: BlueSheep      
position  1:    T:0.23404    C:0.10638    A:0.29787    G:0.36170
position  2:    T:0.46809    C:0.29787    A:0.10638    G:0.12766
position  3:    T:0.31915    C:0.17021    A:0.25532    G:0.25532
Average         T:0.34043    C:0.19149    A:0.21986    G:0.24823

#40: BohorReedbuck  
position  1:    T:0.23404    C:0.10638    A:0.29787    G:0.36170
position  2:    T:0.46809    C:0.29787    A:0.10638    G:0.12766
position  3:    T:0.31915    C:0.17021    A:0.27660    G:0.23404
Average         T:0.34043    C:0.19149    A:0.22695    G:0.24113

#41: KirksDik       
position  1:    T:0.23404    C:0.10638    A:0.29787    G:0.36170
position  2:    T:0.46809    C:0.29787    A:0.10638    G:0.12766
position  3:    T:0.27660    C:0.21277    A:0.27660    G:0.23404
Average         T:0.32624    C:0.20567    A:0.22695    G:0.24113

#42: RoeDeer        
position  1:    T:0.23404    C:0.10638    A:0.29787    G:0.36170
position  2:    T:0.46809    C:0.29787    A:0.10638    G:0.12766
position  3:    T:0.31915    C:0.17021    A:0.21277    G:0.29787
Average         T:0.34043    C:0.19149    A:0.20567    G:0.26241

#43: WhiteLippedDeer
position  1:    T:0.23404    C:0.10638    A:0.29787    G:0.36170
position  2:    T:0.46809    C:0.29787    A:0.10638    G:0.12766
position  3:    T:0.31915    C:0.17021    A:0.21277    G:0.29787
Average         T:0.34043    C:0.19149    A:0.20567    G:0.26241

#44: ThomsonGazelle 
position  1:    T:0.23404    C:0.10638    A:0.29787    G:0.36170
position  2:    T:0.46809    C:0.29787    A:0.10638    G:0.12766
position  3:    T:0.34043    C:0.17021    A:0.25532    G:0.23404
Average         T:0.34752    C:0.19149    A:0.21986    G:0.24113

#45: MuntiacusCrinifrons
position  1:    T:0.23404    C:0.10638    A:0.29787    G:0.36170
position  2:    T:0.46809    C:0.29787    A:0.10638    G:0.12766
position  3:    T:0.31915    C:0.17021    A:0.19149    G:0.31915
Average         T:0.34043    C:0.19149    A:0.19858    G:0.26950

#46: WhiteTailedDeer
position  1:    T:0.23404    C:0.10638    A:0.29787    G:0.36170
position  2:    T:0.46809    C:0.29787    A:0.10638    G:0.12766
position  3:    T:0.31915    C:0.17021    A:0.21277    G:0.29787
Average         T:0.34043    C:0.19149    A:0.20567    G:0.26241

#47: Cattle         
position  1:    T:0.23404    C:0.10638    A:0.29787    G:0.36170
position  2:    T:0.46809    C:0.29787    A:0.10638    G:0.12766
position  3:    T:0.29787    C:0.19149    A:0.27660    G:0.23404
Average         T:0.33333    C:0.19858    A:0.22695    G:0.24113

#48: RoyalAntelope  
position  1:    T:0.23404    C:0.10638    A:0.29787    G:0.36170
position  2:    T:0.46809    C:0.29787    A:0.10638    G:0.12766
position  3:    T:0.31915    C:0.17021    A:0.27660    G:0.23404
Average         T:0.34043    C:0.19149    A:0.22695    G:0.24113

#49: Steenbok       
position  1:    T:0.23404    C:0.10638    A:0.29787    G:0.36170
position  2:    T:0.46809    C:0.29787    A:0.10638    G:0.12766
position  3:    T:0.31915    C:0.17021    A:0.27660    G:0.23404
Average         T:0.34043    C:0.19149    A:0.22695    G:0.24113

#50: Impala         
position  1:    T:0.23404    C:0.10638    A:0.29787    G:0.36170
position  2:    T:0.46809    C:0.29787    A:0.10638    G:0.12766
position  3:    T:0.27660    C:0.19149    A:0.27660    G:0.25532
Average         T:0.32624    C:0.19858    A:0.22695    G:0.24823

#51: Klipspringer   
position  1:    T:0.23404    C:0.10638    A:0.29787    G:0.36170
position  2:    T:0.46809    C:0.29787    A:0.10638    G:0.12766
