1
52 1
Argali 0.000000 0.280700 0.016700 0.154900 0.042700 0.000000 0.057600 0.051000 0.016700 0.025400 0.000100 0.025400 0.016700 0.060400 0.025100 0.051100 0.033400 0.042000 0.025100 0.025100 0.066800 0.008200 0.025400 0.050700 0.000100 0.042300 0.025200 0.016700 0.051200 0.025000 0.025400 0.051500 0.024900 0.016700 0.025300 0.025000 0.000100 0.042200 0.042300 0.033700 0.025400 0.042300 0.025400 0.059000 0.025000 0.042500 0.078200 0.016700 0.047900 0.059300 0.025000 0.016700
LesserMous 0.280700 0.000000 0.279900 0.365100 0.288100 0.280700 0.321900 0.337400 0.279800 0.269800 0.277500 0.296700 0.280100 0.334800 0.290700 0.311800 0.282900 0.288200 0.285400 0.291400 0.348300 0.263900 0.264900 0.302000 0.272300 0.322500 0.293800 0.280400 0.338000 0.266600 0.269800 0.320300 0.277000 0.280100 0.293600 0.284800 0.277500 0.284200 0.323300 0.290000 0.264100 0.323300 0.266200 0.311800 0.285400 0.318200 0.374400 0.279700 0.292500 0.335500 0.265900 0.280500
LesserKudu 0.016700 0.279900 0.000000 0.150000 0.034000 0.016700 0.042300 0.033700 0.000100 0.025500 0.016600 0.016900 0.000100 0.042700 0.008300 0.033800 0.033500 0.042200 0.016500 0.008300 0.047900 0.024900 0.025500 0.051000 0.016700 0.025100 0.008300 0.000000 0.033800 0.008300 0.025500 0.034000 0.025000 0.000100 0.016800 0.016600 0.016600 0.033600 0.025100 0.033900 0.025500 0.025100 0.025500 0.059300 0.016600 0.025200 0.060300 0.008300 0.033900 0.042000 0.008300 0.000100
KillerWhal 0.154900 0.365100 0.150000 0.000000 0.151300 0.154900 0.202300 0.193300 0.149900 0.161900 0.149300 0.151400 0.150600 0.206400 0.160300 0.193500 0.175000 0.180400 0.160100 0.160000 0.212300 0.158800 0.161900 0.191300 0.149200 0.182000 0.150200 0.150100 0.171500 0.138800 0.161900 0.173000 0.159100 0.150600 0.140200 0.159600 0.149300 0.160400 0.181700 0.171500 0.161500 0.181700 0.161800 0.200500 0.159900 0.182700 0.228600 0.150200 0.181900 0.201600 0.138500 0.150000
DefassaWat 0.042700 0.288100 0.034000 0.151300 0.000000 0.042700 0.076700 0.069300 0.034000 0.052200 0.042600 0.025600 0.034000 0.079100 0.042500 0.069500 0.042300 0.051100 0.033700 0.042600 0.086500 0.051000 0.052300 0.078400 0.042600 0.060300 0.034100 0.034000 0.069600 0.042500 0.052200 0.069900 0.042500 0.034000 0.034100 0.033800 0.042600 0.016100 0.060300 0.060700 0.052200 0.060300 0.052200 0.086800 0.033800 0.060600 0.097500 0.025300 0.051700 0.077700 0.042500 0.034000
Sheep 0.000000 0.280700 0.016700 0.154900 0.042700 0.000000 0.057600 0.051000 0.016700 0.025400 0.000100 0.025400 0.016700 0.060400 0.025100 0.051100 0.033400 0.042000 0.025100 0.025100 0.066800 0.008200 0.025400 0.050700 0.000100 0.042300 0.025200 0.016700 0.051200 0.025000 0.025400 0.051500 0.024900 0.016700 0.025300 0.025000 0.000100 0.042200 0.042300 0.033700 0.025400 0.042300 0.025400 0.059000 0.025000 0.042500 0.078200 0.016700 0.047900 0.059300 0.025000 0.016700
MaxwellsDu 0.057600 0.321900 0.042300 0.202300 0.076700 0.057600 0.000000 0.077800 0.042400 0.069600 0.059700 0.060600 0.042400 0.042700 0.050900 0.077900 0.077300 0.086500 0.057300 0.051000 0.091900 0.068200 0.069800 0.095900 0.059700 0.068600 0.051300 0.042300 0.078100 0.050900 0.069600 0.051100 0.068400 0.042400 0.060100 0.059500 0.059700 0.075900 0.068700 0.078100 0.069700 0.068700 0.068200 0.104300 0.059500 0.069000 0.104500 0.051000 0.078200 0.084000 0.050800 0.042400
GazellaPrz 0.051000 0.337400 0.033700 0.193300 0.069300 0.051000 0.077800 0.000000 0.033700 0.060600 0.050900 0.051600 0.033700 0.078500 0.042200 0.016700 0.068300 0.077300 0.050600 0.042200 0.029900 0.059300 0.060700 0.086600 0.050900 0.008300 0.042500 0.033700 0.016700 0.042100 0.060600 0.069300 0.059500 0.033700 0.051200 0.050700 0.050900 0.068600 0.008300 0.069000 0.060700 0.008300 0.060600 0.095000 0.050700 0.060000 0.042600 0.042300 0.069100 0.059300 0.042100 0.033700
MountainNy 0.016700 0.279800 0.000100 0.149900 0.034000 0.016700 0.042400 0.033700 0.000000 0.025500 0.016700 0.016900 0.000100 0.042800 0.008300 0.033800 0.033500 0.042200 0.016600 0.008300 0.048000 0.025000 0.025500 0.051000 0.016700 0.025100 0.008300 0.000000 0.033800 0.008300 0.025500 0.034000 0.025000 0.000100 0.016800 0.016600 0.016700 0.033600 0.025100 0.033900 0.025500 0.025100 0.025500 0.059300 0.016600 0.025200 0.060300 0.008300 0.033900 0.042000 0.008300 0.000100
MuntiacusM 0.025400 0.269800 0.025500 0.161900 0.052200 0.025400 0.069600 0.060600 0.025500 0.000000 0.025300 0.034500 0.025500 0.070300 0.034000 0.060700 0.042400 0.051300 0.034000 0.034100 0.076300 0.033700 0.000100 0.025300 0.025300 0.051600 0.034300 0.025500 0.060800 0.034000 0.000000 0.061100 0.033800 0.025500 0.034300 0.033900 0.025300 0.051600 0.051600 0.025500 0.000100 0.051600 0.000000 0.033700 0.034000 0.051900 0.088500 0.025500 0.052000 0.069000 0.034000 0.025500
goat 0.000100 0.277500 0.016600 0.149300 0.042600 0.000100 0.059700 0.050900 0.016700 0.025300 0.000000 0.025400 0.016200 0.060200 0.025000 0.051000 0.033300 0.041900 0.025000 0.025000 0.067000 0.008200 0.025400 0.050600 0.000000 0.042100 0.025100 0.016600 0.051100 0.025000 0.025300 0.051300 0.024900 0.016600 0.025100 0.024900 0.000000 0.042100 0.042100 0.033600 0.025300 0.042100 0.025300 0.058900 0.025000 0.042300 0.078000 0.016600 0.042400 0.059200 0.025000 0.016700
AfricanBuf 0.025400 0.296700 0.016900 0.151400 0.025600 0.025400 0.060600 0.051600 0.016900 0.034500 0.025400 0.000000 0.016900 0.061100 0.025300 0.051700 0.042600 0.051400 0.016700 0.025400 0.067200 0.033800 0.034600 0.060500 0.025400 0.042700 0.025500 0.016900 0.051800 0.025300 0.034500 0.052000 0.033900 0.016900 0.016900 0.016800 0.025400 0.025300 0.042700 0.043100 0.034600 0.042700 0.034600 0.069000 0.016800 0.043000 0.079100 0.008400 0.034200 0.055600 0.025300 0.016900
Topi 0.016700 0.280100 0.000100 0.150600 0.034000 0.016700 0.042400 0.033700 0.000100 0.025500 0.016200 0.016900 0.000000 0.042800 0.008300 0.033800 0.033500 0.042200 0.016600 0.008300 0.049000 0.024900 0.025600 0.051100 0.016700 0.025200 0.008100 0.000000 0.033900 0.008300 0.025500 0.034000 0.025100 0.000000 0.016200 0.016600 0.016100 0.033700 0.025200 0.033900 0.025500 0.025200 0.025500 0.059400 0.016600 0.025300 0.060300 0.008100 0.033900 0.042000 0.008300 0.000100
CommonDuik 0.060400 0.334800 0.042700 0.206400 0.079100 0.060400 0.042700 0.078500 0.042800 0.070300 0.060200 0.061100 0.042800 0.000000 0.051300 0.078700 0.077900 0.087200 0.059900 0.051400 0.095100 0.068700 0.070500 0.096800 0.060300 0.069300 0.051700 0.042700 0.078800 0.051300 0.070300 0.025500 0.069000 0.042800 0.060700 0.060000 0.060200 0.078200 0.069300 0.078900 0.070400 0.069300 0.070400 0.105200 0.060100 0.069600 0.107000 0.051500 0.078800 0.086900 0.051300 0.042800
Suni 0.025100 0.290700 0.008300 0.160300 0.042500 0.025100 0.050900 0.042200 0.008300 0.034000 0.025000 0.025300 0.008300 0.051300 0.000000 0.042300 0.041900 0.050600 0.024900 0.016600 0.057300 0.033300 0.034100 0.059600 0.025000 0.033500 0.016700 0.008300 0.042300 0.016600 0.034000 0.042500 0.033400 0.008300 0.025200 0.024900 0.025000 0.042100 0.033500 0.042400 0.034100 0.033500 0.034000 0.067900 0.024900 0.033700 0.069000 0.016600 0.042400 0.050400 0.016500 0.008300
Springbuck 0.051100 0.311800 0.033800 0.193500 0.069500 0.051100 0.077900 0.016700 0.033800 0.060700 0.051000 0.051700 0.033800 0.078700 0.042300 0.000000 0.068400 0.077500 0.050700 0.042400 0.029500 0.059500 0.060900 0.086800 0.051000 0.008300 0.042600 0.033800 0.016100 0.042200 0.060700 0.069500 0.059600 0.033800 0.051400 0.050800 0.051000 0.068700 0.008000 0.069200 0.060800 0.008000 0.060800 0.095200 0.050900 0.060200 0.042700 0.042400 0.069200 0.077200 0.042200 0.033800
Okapi 0.033400 0.282900 0.033500 0.175000 0.042300 0.033400 0.077300 0.068300 0.033500 0.042400 0.033300 0.042600 0.033500 0.077900 0.041900 0.068400 0.000000 0.008200 0.041900 0.042000 0.084200 0.041600 0.042500 0.068000 0.033300 0.059400 0.042200 0.033500 0.068500 0.041900 0.042400 0.068900 0.033200 0.033500 0.042300 0.041900 0.033300 0.041900 0.059400 0.050800 0.042500 0.059400 0.042500 0.076300 0.041900 0.059700 0.096100 0.033500 0.059800 0.076700 0.041900 0.033500
Giraffe 0.042000 0.288200 0.042200 0.180400 0.051100 0.042000 0.086500 0.077300 0.042200 0.051300 0.041900 0.051400 0.042200 0.087200 0.050600 0.077500 0.008200 0.000000 0.050600 0.050700 0.093900 0.050200 0.051400 0.077000 0.041900 0.068300 0.051000 0.042100 0.077600 0.050600 0.051300 0.078000 0.041800 0.042200 0.051000 0.050600 0.041900 0.050500 0.068300 0.059600 0.051400 0.068300 0.051300 0.085300 0.050600 0.068700 0.105500 0.042100 0.068800 0.085700 0.050600 0.042200
TibetanAnt 0.025100 0.285400 0.016500 0.160100 0.033700 0.025100 0.057300 0.050600 0.016600 0.034000 0.025000 0.016700 0.016600 0.059900 0.024900 0.050700 0.041900 0.050600 0.000000 0.024900 0.066600 0.033300 0.034100 0.063700 0.025000 0.041900 0.025000 0.016500 0.050800 0.024800 0.034000 0.051000 0.033400 0.016600 0.016600 0.016400 0.025000 0.033400 0.041900 0.045400 0.034000 0.041900 0.034000 0.072200 0.016500 0.042100 0.077600 0.008200 0.033600 0.058900 0.024800 0.016600
Sitatunga 0.025100 0.291400 0.008300 0.160000 0.042600 0.025100 0.051000 0.042200 0.008300 0.034100 0.025000 0.025400 0.008300 0.051400 0.016600 0.042400 0.042000 0.050700 0.024900 0.000000 0.057000 0.033400 0.034200 0.042200 0.025100 0.033600 0.016700 0.008300 0.042400 0.016000 0.034100 0.042600 0.033500 0.008300 0.025200 0.025000 0.025000 0.042100 0.033600 0.025200 0.034100 0.033600 0.034100 0.050500 0.025000 0.033800 0.069100 0.016600 0.042500 0.050500 0.016600 0.008100
Oribi 0.066800 0.348300 0.047900 0.212300 0.086500 0.066800 0.091900 0.029900 0.048000 0.076300 0.067000 0.067200 0.049000 0.095100 0.057300 0.029500 0.084200 0.093900 0.066600 0.057000 0.000000 0.075700 0.075900 0.103100 0.066600 0.019700 0.058300 0.048400 0.029600 0.056800 0.076300 0.085200 0.075600 0.049000 0.067500 0.065300 0.067000 0.085500 0.020100 0.084400 0.075600 0.020100 0.076100 0.111500 0.065700 0.069500 0.058000 0.058000 0.085000 0.073800 0.056400 0.048000
BarbaryShe 0.008200 0.263900 0.024900 0.158800 0.051000 0.008200 0.068200 0.059300 0.025000 0.033700 0.008200 0.033800 0.024900 0.068700 0.033300 0.059500 0.041600 0.050200 0.033300 0.033400 0.075700 0.000000 0.033800 0.059000 0.008200 0.050500 0.033400 0.024900 0.059500 0.033300 0.033700 0.059800 0.033100 0.024900 0.033400 0.033200 0.007900 0.050500 0.050500 0.042000 0.033700 0.050500 0.033700 0.067200 0.033200 0.050700 0.086600 0.023900 0.050900 0.067600 0.033300 0.025000
Daviddeer 0.025400 0.264900 0.025500 0.161900 0.052300 0.025400 0.069800 0.060700 0.025500 0.000100 0.025400 0.034600 0.025600 0.070500 0.034100 0.060900 0.042500 0.051400 0.034100 0.034200 0.075900 0.033800 0.000000 0.025400 0.025400 0.051700 0.034300 0.025500 0.061000 0.034000 0.000100 0.061200 0.033900 0.025600 0.034400 0.034000 0.025400 0.051700 0.051700 0.025500 0.000000 0.051700 0.000100 0.033700 0.034000 0.052000 0.088700 0.025500 0.052100 0.069200 0.034000 0.025600
Reindeer 0.050700 0.302000 0.051000 0.191300 0.078400 0.050700 0.095900 0.086600 0.051000 0.025300 0.050600 0.060500 0.051100 0.096800 0.059600 0.086800 0.068000 0.077000 0.063700 0.042200 0.103100 0.059000 0.025400 0.000000 0.050700 0.077500 0.060000 0.051000 0.087000 0.059500 0.025300 0.087400 0.059200 0.051100 0.060100 0.042100 0.050600 0.077500 0.077500 0.033700 0.025400 0.077500 0.025400 0.008200 0.042100 0.077900 0.115300 0.051000 0.060200 0.095100 0.059500 0.051100
Ibex 0.000100 0.272300 0.016700 0.149200 0.042600 0.000100 0.059700 0.050900 0.016700 0.025300 0.000000 0.025400 0.016700 0.060300 0.025000 0.051000 0.033300 0.041900 0.025000 0.025100 0.066600 0.008200 0.025400 0.050700 0.000000 0.042200 0.025200 0.016700 0.051100 0.025000 0.025300 0.051300 0.024900 0.016700 0.025200 0.025000 0.000000 0.042100 0.042200 0.033600 0.025400 0.042200 0.025300 0.058900 0.025000 0.042400 0.078100 0.016600 0.042400 0.059200 0.025000 0.016700
GyrantGaze 0.042300 0.322500 0.025100 0.182000 0.060300 0.042300 0.068600 0.008300 0.025100 0.051600 0.042100 0.042700 0.025200 0.069300 0.033500 0.008300 0.059400 0.068300 0.041900 0.033600 0.019700 0.050500 0.051700 0.077500 0.042200 0.000000 0.033800 0.025100 0.008300 0.033500 0.051600 0.060300 0.050700 0.025200 0.042400 0.042000 0.042100 0.059600 0.000000 0.060000 0.051700 0.000000 0.051700 0.085800 0.042000 0.051100 0.033800 0.033600 0.060000 0.068000 0.033500 0.025100
Hartebeest 0.025200 0.293800 0.008300 0.150200 0.034100 0.025200 0.051300 0.042500 0.008300 0.034300 0.025100 0.025500 0.008100 0.051700 0.016700 0.042600 0.042200 0.051000 0.025000 0.016700 0.058300 0.033400 0.034300 0.060000 0.025200 0.033800 0.000000 0.008300 0.042600 0.016700 0.034300 0.042800 0.033600 0.008300 0.025300 0.025100 0.025100 0.042400 0.033800 0.042700 0.034300 0.033800 0.034300 0.068300 0.025100 0.033900 0.069500 0.016400 0.042700 0.050800 0.016700 0.008300
Bongo 0.016700 0.280400 0.000000 0.150100 0.034000 0.016700 0.042300 0.033700 0.000000 0.025500 0.016600 0.016900 0.000000 0.042700 0.008300 0.033800 0.033500 0.042100 0.016500 0.008300 0.048400 0.024900 0.025500 0.051000 0.016700 0.025100 0.008300 0.000000 0.033800 0.008300 0.025500 0.034000 0.025000 0.000000 0.016800 0.016600 0.016600 0.033600 0.025100 0.033900 0.025500 0.025100 0.025500 0.059300 0.016600 0.025200 0.060200 0.008300 0.033900 0.042000 0.008300 0.000000
Gerenuk 0.051200 0.338000 0.033800 0.171500 0.069600 0.051200 0.078100 0.016700 0.033800 0.060800 0.051100 0.051800 0.033900 0.078800 0.042300 0.016100 0.068500 0.077600 0.050800 0.042400 0.029600 0.059500 0.061000 0.087000 0.051100 0.008300 0.042600 0.033800 0.000000 0.042300 0.060800 0.069600 0.059700 0.033900 0.033900 0.050900 0.051100 0.068800 0.008000 0.069300 0.060900 0.008100 0.060900 0.095400 0.050900 0.060200 0.042700 0.042400 0.069300 0.077400 0.042300 0.033900
CommonElan 0.025000 0.266600 0.008300 0.138800 0.042500 0.025000 0.050900 0.042100 0.008300 0.034000 0.025000 0.025300 0.008300 0.051300 0.016600 0.042200 0.041900 0.050600 0.024800 0.016000 0.056800 0.033300 0.034000 0.059500 0.025000 0.033500 0.016700 0.008300 0.042300 0.000000 0.034000 0.042500 0.033400 0.008300 0.025100 0.024900 0.025000 0.042000 0.033500 0.042300 0.034000 0.033500 0.034000 0.067800 0.024900 0.033700 0.068900 0.016600 0.042400 0.050400 0.000000 0.008300
MuntiacusR 0.025400 0.269800 0.025500 0.161900 0.052200 0.025400 0.069600 0.060600 0.025500 0.000000 0.025300 0.034500 0.025500 0.070300 0.034000 0.060700 0.042400 0.051300 0.034000 0.034100 0.076300 0.033700 0.000100 0.025300 0.025300 0.051600 0.034300 0.025500 0.060800 0.034000 0.000000 0.061100 0.033800 0.025500 0.034300 0.033900 0.025300 0.051600 0.051600 0.025500 0.000100 0.051600 0.000000 0.033700 0.034000 0.051900 0.088500 0.025500 0.052000 0.069000 0.034000 0.025500
HarveysDui 0.051500 0.320300 0.034000 0.173000 0.069900 0.051500 0.051100 0.069300 0.034000 0.061100 0.051300 0.052000 0.034000 0.025500 0.042500 0.069500 0.068900 0.078000 0.051000 0.042600 0.085200 0.059800 0.061200 0.087400 0.051300 0.060300 0.042800 0.034000 0.069600 0.042500 0.061100 0.000000 0.060000 0.034000 0.051700 0.051100 0.051300 0.069100 0.060300 0.069600 0.061200 0.060300 0.061200 0.095800 0.051200 0.060500 0.097500 0.042600 0.069600 0.077700 0.042500 0.034000
Pronghorn 0.024900 0.277000 0.025000 0.159100 0.042500 0.024900 0.068400 0.059500 0.025000 0.033800 0.024900 0.033900 0.025100 0.069000 0.033400 0.059600 0.033200 0.041800 0.033400 0.033500 0.075600 0.033100 0.033900 0.059200 0.024900 0.050700 0.033600 0.025000 0.059700 0.033400 0.033800 0.060000 0.000000 0.025100 0.033700 0.033300 0.024900 0.042000 0.050700 0.042100 0.033900 0.050700 0.033900 0.067500 0.033400 0.050900 0.086900 0.025000 0.051100 0.067800 0.033400 0.025000
BlueWildeb 0.016700 0.280100 0.000100 0.150600 0.034000 0.016700 0.042400 0.033700 0.000100 0.025500 0.016600 0.016900 0.000000 0.042800 0.008300 0.033800 0.033500 0.042200 0.016600 0.008300 0.049000 0.024900 0.025600 0.051100 0.016700 0.025200 0.008300 0.000000 0.033900 0.008300 0.025500 0.034000 0.025100 0.000000 0.016200 0.016600 0.016600 0.033700 0.025200 0.033900 0.025500 0.025200 0.025500 0.059400 0.016600 0.025300 0.060300 0.008300 0.033900 0.042000 0.008300 0.000100
Gemsbok 0.025300 0.293600 0.016800 0.140200 0.034100 0.025300 0.060100 0.051200 0.016800 0.034300 0.025100 0.016900 0.016200 0.060700 0.025200 0.051400 0.042300 0.051000 0.016600 0.025200 0.067500 0.033400 0.034400 0.060100 0.025200 0.042400 0.025300 0.016800 0.033900 0.025100 0.034300 0.051700 0.033700 0.016200 0.000000 0.016600 0.025100 0.033700 0.042400 0.042800 0.034300 0.042400 0.034300 0.068400 0.016700 0.042600 0.078600 0.008100 0.034000 0.059600 0.025100 0.016800
Yak 0.025000 0.284800 0.016600 0.159600 0.033800 0.025000 0.059500 0.050700 0.016600 0.033900 0.024900 0.016800 0.016600 0.060000 0.024900 0.050800 0.041900 0.050600 0.016400 0.025000 0.065300 0.033200 0.034000 0.042100 0.025000 0.042000 0.025100 0.016600 0.050900 0.024900 0.033900 0.051100 0.033300 0.016600 0.016600 0.000000 0.024900 0.033400 0.042000 0.042300 0.034000 0.042000 0.034000 0.050400 0.000000 0.042200 0.077800 0.008200 0.016600 0.059000 0.024900 0.016600
BlueSheep 0.000100 0.277500 0.016600 0.149300 0.042600 0.000100 0.059700 0.050900 0.016700 0.025300 0.000000 0.025400 0.016100 0.060200 0.025000 0.051000 0.033300 0.041900 0.025000 0.025000 0.067000 0.007900 0.025400 0.050600 0.000000 0.042100 0.025100 0.016600 0.051100 0.025000 0.025300 0.051300 0.024900 0.016600 0.025100 0.024900 0.000000 0.042100 0.042100 0.033600 0.025300 0.042100 0.025300 0.058900 0.025000 0.042300 0.078000 0.016600 0.042400 0.059200 0.025000 0.016700
BohorReedb 0.042200 0.284200 0.033600 0.160400 0.016100 0.042200 0.075900 0.068600 0.033600 0.051600 0.042100 0.025300 0.033700 0.078200 0.042100 0.068700 0.041900 0.050500 0.033400 0.042100 0.085500 0.050500 0.051700 0.077500 0.042100 0.059600 0.042400 0.033600 0.068800 0.042000 0.051600 0.069100 0.042000 0.033700 0.033700 0.033400 0.042100 0.000000 0.059600 0.060000 0.051600 0.059600 0.051600 0.085800 0.033400 0.059900 0.096400 0.025100 0.051100 0.076800 0.042000 0.033600
KirksDik 0.042300 0.323300 0.025100 0.181700 0.060300 0.042300 0.068700 0.008300 0.025100 0.051600 0.042100 0.042700 0.025200 0.069300 0.033500 0.008000 0.059400 0.068300 0.041900 0.033600 0.020100 0.050500 0.051700 0.077500 0.042200 0.000000 0.033800 0.025100 0.008000 0.033500 0.051600 0.060300 0.050700 0.025200 0.042400 0.042000 0.042100 0.059600 0.000000 0.060000 0.051700 0.000000 0.051700 0.085800 0.042000 0.051100 0.033900 0.033600 0.060000 0.068100 0.033500 0.025100
RoeDeer 0.033700 0.290000 0.033900 0.171500 0.060700 0.033700 0.078100 0.069000 0.033900 0.025500 0.033600 0.043100 0.033900 0.078900 0.042400 0.069200 0.050800 0.059600 0.045400 0.025200 0.084400 0.042000 0.025500 0.033700 0.033600 0.060000 0.042700 0.033900 0.069300 0.042300 0.025500 0.069600 0.042100 0.033900 0.042800 0.042300 0.033600 0.060000 0.060000 0.000000 0.025500 0.060000 0.025500 0.041900 0.042400 0.060400 0.097100 0.033900 0.060500 0.077500 0.042300 0.033900
WhiteLippe 0.025400 0.264100 0.025500 0.161500 0.052200 0.025400 0.069700 0.060700 0.025500 0.000100 0.025300 0.034600 0.025500 0.070400 0.034100 0.060800 0.042500 0.051400 0.034000 0.034100 0.075600 0.033700 0.000000 0.025400 0.025400 0.051700 0.034300 0.025500 0.060900 0.034000 0.000100 0.061200 0.033900 0.025500 0.034300 0.034000 0.025300 0.051600 0.051700 0.025500 0.000000 0.051700 0.000100 0.033700 0.034000 0.052000 0.088700 0.025500 0.052000 0.069100 0.034000 0.025500
ThomsonGaz 0.042300 0.323300 0.025100 0.181700 0.060300 0.042300 0.068700 0.008300 0.025100 0.051600 0.042100 0.042700 0.025200 0.069300 0.033500 0.008000 0.059400 0.068300 0.041900 0.033600 0.020100 0.050500 0.051700 0.077500 0.042200 0.000000 0.033800 0.025100 0.008100 0.033500 0.051600 0.060300 0.050700 0.025200 0.042400 0.042000 0.042100 0.059600 0.000000 0.060000 0.051700 0.000000 0.051700 0.085800 0.042000 0.051100 0.033900 0.033600 0.060000 0.068100 0.033500 0.025100
MuntiacusC 0.025400 0.266200 0.025500 0.161800 0.052200 0.025400 0.068200 0.060600 0.025500 0.000000 0.025300 0.034600 0.025500 0.070400 0.034000 0.060800 0.042500 0.051300 0.034000 0.034100 0.076100 0.033700 0.000100 0.025400 0.025300 0.051700 0.034300 0.025500 0.060900 0.034000 0.000000 0.061200 0.033900 0.025500 0.034300 0.034000 0.025300 0.051600 0.051700 0.025500 0.000100 0.051700 0.000000 0.033700 0.034000 0.052000 0.088600 0.025500 0.052000 0.069100 0.034000 0.025500
WhiteTaile 0.059000 0.311800 0.059300 0.200500 0.086800 0.059000 0.104300 0.095000 0.059300 0.033700 0.058900 0.069000 0.059400 0.105200 0.067900 0.095200 0.076300 0.085300 0.072200 0.050500 0.111500 0.067200 0.033700 0.008200 0.058900 0.085800 0.068300 0.059300 0.095400 0.067800 0.033700 0.095800 0.067500 0.059400 0.068400 0.050400 0.058900 0.085800 0.085800 0.041900 0.033700 0.085800 0.033700 0.000000 0.050400 0.086300 0.123800 0.059300 0.068600 0.103400 0.067800 0.059400
Cattle 0.025000 0.285400 0.016600 0.159900 0.033800 0.025000 0.059500 0.050700 0.016600 0.034000 0.025000 0.016800 0.016600 0.060100 0.024900 0.050900 0.041900 0.050600 0.016500 0.025000 0.065700 0.033200 0.034000 0.042100 0.025000 0.042000 0.025100 0.016600 0.050900 0.024900 0.034000 0.051200 0.033400 0.016600 0.016700 0.000000 0.025000 0.033400 0.042000 0.042400 0.034000 0.042000 0.034000 0.050400 0.000000 0.042300 0.077800 0.008200 0.016700 0.059100 0.024900 0.016600
RoyalAntel 0.042500 0.318200 0.025200 0.182700 0.060600 0.042500 0.069000 0.060000 0.025200 0.051900 0.042300 0.043000 0.025300 0.069600 0.033700 0.060200 0.059700 0.068700 0.042100 0.033800 0.069500 0.050700 0.052000 0.077900 0.042400 0.051100 0.033900 0.025200 0.060200 0.033700 0.051900 0.060500 0.050900 0.025300 0.042600 0.042200 0.042300 0.059900 0.051100 0.060400 0.052000 0.051100 0.052000 0.086300 0.042300 0.000000 0.069400 0.033800 0.060300 0.068400 0.033600 0.025300
Steenbok 0.078200 0.374400 0.060300 0.228600 0.097500 0.078200 0.104500 0.042600 0.060300 0.088500 0.078000 0.079100 0.060300 0.107000 0.069000 0.042700 0.096100 0.105500 0.077600 0.069100 0.058000 0.086600 0.088700 0.115300 0.078100 0.033800 0.069500 0.060200 0.042700 0.068900 0.088500 0.097500 0.086900 0.060300 0.078600 0.077800 0.078000 0.096400 0.033900 0.097100 0.088700 0.033900 0.088600 0.123800 0.077800 0.069400 0.000000 0.069100 0.097200 0.086700 0.068900 0.060300
Impala 0.016700 0.279700 0.008300 0.150200 0.025300 0.016700 0.051000 0.042300 0.008300 0.025500 0.016600 0.008400 0.008100 0.051500 0.016600 0.042400 0.033500 0.042100 0.008200 0.016600 0.058000 0.023900 0.025500 0.051000 0.016600 0.033600 0.016400 0.008300 0.042400 0.016600 0.025500 0.042600 0.025000 0.008300 0.008100 0.008200 0.016600 0.025100 0.033600 0.033900 0.025500 0.033600 0.025500 0.059300 0.008200 0.033800 0.069100 0.000000 0.025200 0.050600 0.016600 0.008300
Klipspring 0.047900 0.292500 0.033900 0.181900 0.051700 0.047900 0.078200 0.069100 0.033900 0.052000 0.042400 0.034200 0.033900 0.078800 0.042400 0.069200 0.059800 0.068800 0.033600 0.042500 0.085000 0.050900 0.052100 0.060200 0.042400 0.060000 0.042700 0.033900 0.069300 0.042400 0.052000 0.069600 0.051100 0.033900 0.034000 0.016600 0.042400 0.051100 0.060000 0.060500 0.052000 0.060000 0.052000 0.068600 0.016700 0.060300 0.097200 0.025200 0.000000 0.077500 0.042400 0.033900
ForestMusk 0.059300 0.335500 0.042000 0.201600 0.077700 0.059300 0.084000 0.059300 0.042000 0.069000 0.059200 0.055600 0.042000 0.086900 0.050400 0.077200 0.076700 0.085700 0.058900 0.050500 0.073800 0.067600 0.069200 0.095100 0.059200 0.068000 0.050800 0.042000 0.077400 0.050400 0.069000 0.077700 0.067800 0.042000 0.059600 0.059000 0.059200 0.076800 0.068100 0.077500 0.069100 0.068100 0.069100 0.103400 0.059100 0.068400 0.086700 0.050600 0.077500 0.000000 0.050400 0.042000
Bushbuck 0.025000 0.265900 0.008300 0.138500 0.042500 0.025000 0.050800 0.042100 0.008300 0.034000 0.025000 0.025300 0.008300 0.051300 0.016500 0.042200 0.041900 0.050600 0.024800 0.016600 0.056400 0.033300 0.034000 0.059500 0.025000 0.033500 0.016700 0.008300 0.042300 0.000000 0.034000 0.042500 0.033400 0.008300 0.025100 0.024900 0.025000 0.042000 0.033500 0.042300 0.034000 0.033500 0.034000 0.067800 0.024900 0.033600 0.068900 0.016600 0.042400 0.050400 0.000000 0.008300
GreaterKud 0.016700 0.280500 0.000100 0.150000 0.034000 0.016700 0.042400 0.033700 0.000100 0.025500 0.016700 0.016900 0.000100 0.042800 0.008300 0.033800 0.033500 0.042200 0.016600 0.008100 0.048000 0.025000 0.025600 0.051100 0.016700 0.025100 0.008300 0.000000 0.033900 0.008300 0.025500 0.034000 0.025000 0.000100 0.016800 0.016600 0.016700 0.033600 0.025100 0.033900 0.025500 0.025100 0.025500 0.059400 0.016600 0.025300 0.060300 0.008300 0.033900 0.042000 0.008300 0.000000
