1
52 1
Argali 0.000000 0.318200 0.092400 0.321000 0.103500 0.000000 0.068200 0.085900 0.092800 0.166600 0.022000 0.122500 0.055900 0.084500 0.131900 0.079000 0.137000 0.124500 0.049900 0.086700 0.084800 0.044600 0.146200 0.141900 0.027500 0.084700 0.050300 0.087000 0.090000 0.092600 0.152300 0.067500 0.134400 0.045300 0.061300 0.116000 0.033400 0.116000 0.074000 0.141400 0.122800 0.085100 0.153900 0.155300 0.121500 0.062200 0.084700 0.121000 0.073900 0.137600 0.086900 0.098500
LesserMous 0.318200 0.000000 0.327100 0.374000 0.316100 0.318200 0.293900 0.286700 0.328300 0.406900 0.332400 0.317000 0.331800 0.288400 0.322900 0.314100 0.339200 0.348300 0.337900 0.320600 0.305800 0.348500 0.369800 0.325900 0.323100 0.305700 0.341500 0.321700 0.319000 0.328100 0.385500 0.283500 0.364600 0.335000 0.338000 0.324100 0.316100 0.324100 0.302500 0.349500 0.358200 0.300100 0.390400 0.344300 0.314800 0.309800 0.328600 0.352300 0.309900 0.320600 0.321300 0.318600
LesserKudu 0.092400 0.327100 0.000000 0.306000 0.081600 0.092400 0.069900 0.088100 0.011300 0.118500 0.069700 0.063500 0.081600 0.086300 0.110600 0.081000 0.095600 0.095500 0.075100 0.005600 0.087000 0.081800 0.099500 0.107200 0.075400 0.086800 0.075800 0.005700 0.092200 0.011300 0.105000 0.069200 0.087700 0.064100 0.087100 0.057300 0.069600 0.093900 0.075400 0.106800 0.076100 0.087200 0.106100 0.119800 0.062900 0.075900 0.099100 0.124300 0.069700 0.102100 0.005700 0.017200
KillerWhal 0.321000 0.374000 0.306000 0.000000 0.303100 0.321000 0.288500 0.297000 0.307200 0.359300 0.302700 0.328700 0.285800 0.282600 0.318500 0.299800 0.282500 0.260100 0.308100 0.299500 0.297800 0.318700 0.357000 0.328600 0.293400 0.300800 0.311500 0.300500 0.329300 0.306900 0.339100 0.277800 0.317600 0.305000 0.307900 0.287700 0.295000 0.311600 0.312400 0.344300 0.353300 0.325600 0.342900 0.305700 0.293800 0.311500 0.322600 0.341000 0.303700 0.299800 0.300100 0.313800
DefassaWat 0.103500 0.316100 0.081600 0.303100 0.000000 0.103500 0.057100 0.087100 0.082000 0.143300 0.080900 0.099500 0.092800 0.073900 0.121000 0.080200 0.119800 0.107500 0.086200 0.075900 0.086100 0.093000 0.110800 0.131300 0.086600 0.086000 0.087100 0.076100 0.091300 0.081800 0.129200 0.056500 0.111300 0.081300 0.098200 0.080900 0.075000 0.033500 0.075200 0.118000 0.099700 0.086300 0.130600 0.131700 0.086500 0.075100 0.098100 0.134900 0.057200 0.113900 0.076000 0.087700
Sheep 0.000000 0.318200 0.092400 0.321000 0.103500 0.000000 0.068200 0.085900 0.092800 0.166600 0.022000 0.122500 0.055900 0.084500 0.131900 0.079000 0.137000 0.124500 0.049900 0.086700 0.084800 0.044600 0.146200 0.141900 0.027800 0.084700 0.051000 0.087000 0.090000 0.092600 0.152300 0.067500 0.134400 0.044800 0.062900 0.116000 0.033400 0.116000 0.074000 0.141400 0.122800 0.085100 0.153900 0.155300 0.121500 0.062200 0.084700 0.121000 0.073900 0.137600 0.086900 0.098500
MaxwellsDu 0.068200 0.293900 0.069900 0.288500 0.057100 0.068200 0.000000 0.063500 0.070200 0.144100 0.045700 0.100100 0.057300 0.039300 0.097300 0.045300 0.120500 0.095500 0.051100 0.064200 0.062800 0.057400 0.111500 0.119300 0.051400 0.062700 0.051600 0.064400 0.068100 0.070100 0.129900 0.022800 0.111900 0.045900 0.062800 0.093600 0.045700 0.069300 0.051800 0.118700 0.100300 0.062900 0.131400 0.132500 0.099200 0.063600 0.062700 0.110800 0.045800 0.101800 0.064300 0.076000
GazellaPrz 0.085900 0.286700 0.088100 0.297000 0.087100 0.085900 0.063500 0.000000 0.088400 0.150200 0.075300 0.093800 0.087100 0.080200 0.128400 0.050800 0.114100 0.108100 0.080600 0.082300 0.056600 0.087400 0.130000 0.112900 0.081000 0.056500 0.069300 0.082500 0.050400 0.088300 0.148800 0.062900 0.093300 0.075700 0.080600 0.099700 0.075200 0.099300 0.034000 0.125000 0.118900 0.045100 0.150400 0.151900 0.105300 0.069300 0.056500 0.129800 0.063300 0.147100 0.082500 0.094200
MountainNy 0.092800 0.328300 0.011300 0.307200 0.082000 0.092800 0.070200 0.088400 0.000000 0.119100 0.070000 0.063700 0.081900 0.086700 0.123400 0.081300 0.096000 0.095900 0.075400 0.005700 0.087300 0.082100 0.099900 0.107700 0.075800 0.087200 0.076100 0.005700 0.092600 0.011400 0.105400 0.069500 0.088100 0.070300 0.087400 0.057600 0.069900 0.094300 0.075700 0.107300 0.076400 0.087600 0.106600 0.120300 0.063200 0.076200 0.099500 0.124800 0.070000 0.089900 0.005700 0.005600
MuntiacusM 0.166600 0.406900 0.118500 0.359300 0.143300 0.166600 0.144100 0.150200 0.119100 0.000000 0.156700 0.150100 0.156100 0.160800 0.199200 0.168000 0.152500 0.152900 0.161800 0.112800 0.174500 0.169800 0.080500 0.105900 0.162600 0.174300 0.137200 0.113000 0.166300 0.119000 0.033600 0.142700 0.136500 0.144300 0.148500 0.143100 0.156500 0.156600 0.150700 0.105600 0.063400 0.161900 0.039600 0.106400 0.148700 0.124800 0.174300 0.201700 0.143800 0.133400 0.112900 0.124900
goat 0.022000 0.332400 0.069700 0.302700 0.080900 0.022000 0.045700 0.075300 0.070000 0.156700 0.000000 0.099700 0.034100 0.062300 0.109500 0.056700 0.120000 0.107600 0.028200 0.064000 0.074300 0.022400 0.136100 0.131600 0.005600 0.074200 0.028100 0.064100 0.079600 0.069900 0.142200 0.045300 0.111500 0.022900 0.039600 0.093200 0.011200 0.093200 0.063400 0.131200 0.112500 0.074500 0.143800 0.145100 0.098800 0.063300 0.074200 0.110800 0.057300 0.114200 0.064100 0.075700
AfricanBuf 0.122500 0.317000 0.063500 0.328700 0.099500 0.122500 0.100100 0.093800 0.063700 0.150100 0.099700 0.000000 0.111800 0.098100 0.153800 0.098700 0.088800 0.101300 0.105000 0.057800 0.104800 0.112100 0.124000 0.125600 0.105500 0.104600 0.106000 0.057600 0.109900 0.063600 0.135800 0.099100 0.093400 0.100300 0.117300 0.028100 0.099600 0.112200 0.093400 0.112000 0.100400 0.104600 0.137300 0.138500 0.033500 0.093700 0.116500 0.155500 0.087400 0.107800 0.057900 0.057500
Topi 0.055900 0.331800 0.081600 0.285800 0.092800 0.055900 0.057300 0.087100 0.081900 0.156100 0.034100 0.111800 0.000000 0.062100 0.109200 0.068300 0.119600 0.107200 0.027800 0.075800 0.074100 0.045200 0.123000 0.118400 0.028000 0.085900 0.016700 0.076100 0.091300 0.081800 0.141700 0.056700 0.111200 0.022900 0.039100 0.105300 0.045400 0.105300 0.075100 0.118000 0.112100 0.086300 0.130400 0.131600 0.110900 0.063100 0.086000 0.123000 0.057100 0.126700 0.076000 0.087600
CommonDuik 0.084500 0.288400 0.086300 0.282600 0.073900 0.084500 0.039300 0.080200 0.086700 0.160800 0.062300 0.098100 0.062100 0.000000 0.101900 0.061700 0.111800 0.099800 0.067600 0.080600 0.079200 0.068300 0.128000 0.136000 0.067900 0.079100 0.068200 0.080800 0.084400 0.086400 0.146400 0.016500 0.128500 0.062600 0.067500 0.091700 0.050600 0.085800 0.068400 0.135400 0.117000 0.079300 0.135200 0.149300 0.097300 0.080200 0.079100 0.115400 0.062400 0.093700 0.080700 0.080200
Suni 0.131900 0.322900 0.110600 0.318500 0.121000 0.131900 0.097300 0.128400 0.123400 0.199200 0.109500 0.153800 0.109200 0.101900 0.000000 0.120700 0.175700 0.162800 0.114700 0.117200 0.139200 0.121800 0.177900 0.160700 0.103000 0.139000 0.115800 0.117500 0.144200 0.123200 0.184100 0.084500 0.165800 0.104100 0.126900 0.146900 0.097300 0.134500 0.128500 0.173000 0.154100 0.139600 0.186100 0.174500 0.152500 0.128300 0.139000 0.126300 0.121900 0.143500 0.117400 0.129200
Springbuck 0.079000 0.314100 0.081000 0.299800 0.080200 0.079000 0.045300 0.050800 0.081300 0.168000 0.056700 0.098700 0.068300 0.061700 0.120700 0.000000 0.131500 0.106600 0.050500 0.075300 0.050200 0.068400 0.134900 0.130400 0.062300 0.038700 0.062600 0.075500 0.021800 0.081200 0.153500 0.044800 0.110400 0.057000 0.073700 0.104500 0.056600 0.092200 0.039400 0.142400 0.123800 0.038800 0.155200 0.156600 0.110100 0.074500 0.050200 0.122100 0.056800 0.125800 0.075500 0.087000
Okapi 0.137000 0.339200 0.095600 0.282500 0.119800 0.137000 0.120500 0.114100 0.096000 0.152500 0.120000 0.088800 0.119600 0.111800 0.175700 0.131500 0.000000 0.040500 0.125400 0.089800 0.137800 0.132900 0.138100 0.140200 0.126000 0.125000 0.120300 0.090000 0.136700 0.095900 0.131400 0.119300 0.088100 0.120700 0.119100 0.070200 0.119900 0.133000 0.120500 0.107500 0.114100 0.132000 0.120000 0.121100 0.075900 0.107600 0.144300 0.177700 0.107400 0.109400 0.089900 0.089300
Giraffe 0.124500 0.348300 0.095500 0.260100 0.107500 0.124500 0.095500 0.108100 0.095900 0.152900 0.107600 0.101300 0.107200 0.099800 0.162800 0.106600 0.040500 0.000000 0.113000 0.089600 0.125500 0.120300 0.119400 0.140700 0.113500 0.112700 0.114100 0.089800 0.124500 0.095700 0.125500 0.094500 0.088400 0.108200 0.112900 0.082300 0.107500 0.120500 0.108100 0.101600 0.108100 0.119600 0.114000 0.128000 0.088100 0.108000 0.119100 0.178200 0.095200 0.103400 0.089700 0.101800
TibetanAnt 0.049900 0.337900 0.075100 0.308100 0.086200 0.049900 0.051100 0.080600 0.075400 0.161800 0.028200 0.105000 0.027800 0.067600 0.114700 0.050500 0.125400 0.113000 0.000000 0.069400 0.067800 0.039200 0.128700 0.136900 0.033400 0.079600 0.022600 0.069600 0.073100 0.075300 0.147400 0.050600 0.104400 0.028000 0.045200 0.098600 0.039400 0.098500 0.068800 0.123700 0.117800 0.079900 0.149000 0.150400 0.104100 0.056900 0.079600 0.116100 0.051000 0.119600 0.069500 0.081100
Sitatunga 0.086700 0.320600 0.005600 0.299500 0.075900 0.086700 0.064200 0.082300 0.005700 0.112800 0.064000 0.057800 0.075800 0.080600 0.117200 0.075300 0.089800 0.089600 0.069400 0.000000 0.081300 0.076000 0.093800 0.101400 0.069700 0.081200 0.070100 0.000000 0.086600 0.005700 0.099200 0.063600 0.082000 0.064300 0.081400 0.051700 0.063900 0.088100 0.069600 0.101000 0.070400 0.081500 0.100300 0.113900 0.057300 0.070100 0.093400 0.118500 0.064000 0.096200 0.000000 0.011500
Oribi 0.084800 0.305800 0.087000 0.297800 0.086100 0.084800 0.062800 0.056600 0.087300 0.174500 0.074300 0.104800 0.074100 0.079200 0.139200 0.050200 0.137800 0.125500 0.067800 0.081300 0.000000 0.086300 0.128500 0.136700 0.080000 0.044400 0.068500 0.081500 0.061200 0.087200 0.159800 0.062200 0.104200 0.074700 0.091500 0.110600 0.074300 0.098200 0.045100 0.136000 0.130100 0.056100 0.161600 0.163200 0.116200 0.068500 0.067500 0.115700 0.050900 0.145200 0.081400 0.093100
BarbaryShe 0.044600 0.348500 0.081800 0.318700 0.093000 0.044600 0.057400 0.087400 0.082100 0.169800 0.022400 0.112100 0.045200 0.068300 0.121800 0.068400 0.132900 0.120300 0.039200 0.076000 0.086300 0.000000 0.148900 0.144500 0.028300 0.086200 0.039600 0.076300 0.079600 0.082000 0.155100 0.051100 0.111600 0.034000 0.045000 0.105500 0.034000 0.105600 0.075300 0.144000 0.125100 0.086500 0.156800 0.158200 0.111200 0.075300 0.086200 0.123300 0.069200 0.127100 0.076200 0.087900
Daviddeer 0.146200 0.369800 0.099500 0.357000 0.110800 0.146200 0.111500 0.130000 0.099900 0.080500 0.136100 0.124000 0.123000 0.128000 0.177900 0.134900 0.138100 0.119400 0.128700 0.093800 0.128500 0.148900 0.000000 0.086400 0.142000 0.140900 0.117200 0.094000 0.133600 0.099900 0.073700 0.110400 0.116700 0.124100 0.141000 0.123400 0.136000 0.123600 0.117700 0.074500 0.022600 0.128900 0.074500 0.086600 0.129000 0.105100 0.141000 0.186900 0.098800 0.132200 0.093900 0.105700
Reindeer 0.141900 0.325900 0.107200 0.328600 0.131300 0.141900 0.119300 0.112900 0.107700 0.105900 0.131600 0.125600 0.118400 0.136000 0.160700 0.130400 0.140200 0.140700 0.136900 0.101400 0.136700 0.144500 0.086400 0.000000 0.124700 0.136500 0.112600 0.101700 0.129100 0.107500 0.104900 0.118100 0.124700 0.119500 0.124000 0.131600 0.131500 0.144600 0.113000 0.093800 0.063300 0.124300 0.106000 0.045800 0.137400 0.125400 0.136400 0.189300 0.131800 0.133900 0.101600 0.113500
Ibex 0.027500 0.323100 0.075400 0.293400 0.086600 0.027800 0.051400 0.081000 0.075800 0.162600 0.005600 0.105500 0.028000 0.067900 0.103000 0.062300 0.126000 0.113500 0.033400 0.069700 0.080000 0.028300 0.142000 0.124700 0.000000 0.079900 0.033700 0.069900 0.085200 0.075600 0.148100 0.050900 0.117300 0.028100 0.044800 0.099000 0.016800 0.099000 0.069100 0.137100 0.118300 0.080200 0.149700 0.138000 0.104600 0.069000 0.079900 0.116600 0.063000 0.120200 0.069900 0.081500
GyrantGaze 0.084700 0.305700 0.086800 0.300800 0.086000 0.084700 0.062700 0.056500 0.087200 0.174300 0.074200 0.104600 0.085900 0.079100 0.139000 0.038700 0.125000 0.112700 0.079600 0.081200 0.044400 0.086200 0.140900 0.136500 0.079900 0.000000 0.080300 0.081400 0.043800 0.087100 0.146900 0.062100 0.116400 0.074600 0.079500 0.098300 0.074200 0.098200 0.045000 0.135900 0.129900 0.021800 0.148500 0.149900 0.103900 0.080300 0.067400 0.115600 0.062500 0.132100 0.081300 0.092900
Hartebeest 0.050300 0.341500 0.075800 0.311500 0.087100 0.051000 0.051600 0.069300 0.076100 0.137200 0.028100 0.106000 0.016700 0.068200 0.115800 0.062600 0.120300 0.114100 0.022600 0.070100 0.068500 0.039600 0.117200 0.112600 0.033700 0.080300 0.000000 0.070300 0.085600 0.076000 0.135900 0.051100 0.093100 0.016900 0.022200 0.099500 0.039800 0.099500 0.069400 0.112200 0.106200 0.080600 0.137400 0.138700 0.105100 0.057400 0.080300 0.117200 0.051400 0.120800 0.070200 0.081900
Bongo 0.087000 0.321700 0.005700 0.300500 0.076100 0.087000 0.064400 0.082500 0.005700 0.113000 0.064100 0.057600 0.076100 0.080800 0.117500 0.075500 0.090000 0.089800 0.069600 0.000000 0.081500 0.076300 0.094000 0.101700 0.069900 0.081400 0.070300 0.000000 0.086800 0.005700 0.099400 0.063700 0.082200 0.064500 0.081600 0.051800 0.064100 0.088200 0.069700 0.101300 0.070500 0.081700 0.100500 0.114200 0.057400 0.070300 0.093700 0.118900 0.064200 0.096400 0.000000 0.011400
Gerenuk 0.090000 0.319000 0.092200 0.329300 0.091300 0.090000 0.068100 0.050400 0.092600 0.166300 0.079600 0.109900 0.091300 0.084400 0.144200 0.021800 0.136700 0.124500 0.073100 0.086600 0.061200 0.079600 0.133600 0.129100 0.085200 0.043800 0.085600 0.086800 0.000000 0.092400 0.152000 0.067400 0.109400 0.080000 0.096700 0.115800 0.079500 0.103600 0.039000 0.141100 0.122600 0.032900 0.153600 0.155100 0.121300 0.073800 0.061100 0.133300 0.067900 0.150400 0.086700 0.098300
CommonElan 0.092600 0.328100 0.011300 0.306900 0.081800 0.092600 0.070100 0.088300 0.011400 0.119000 0.069900 0.063600 0.081800 0.086400 0.123200 0.081200 0.095900 0.095700 0.075300 0.005700 0.087200 0.082000 0.099900 0.107500 0.075600 0.087100 0.076000 0.005700 0.092400 0.000000 0.105300 0.069400 0.087900 0.070200 0.087300 0.057500 0.069800 0.094000 0.075500 0.107100 0.076400 0.087400 0.106500 0.120100 0.063100 0.076100 0.099300 0.124600 0.069900 0.102300 0.005700 0.017100
MuntiacusR 0.152300 0.385500 0.105000 0.339100 0.129200 0.152300 0.129900 0.148800 0.105400 0.033600 0.142200 0.135800 0.141700 0.146400 0.184100 0.153500 0.131400 0.125500 0.147400 0.099200 0.159800 0.155100 0.073700 0.104900 0.148100 0.146900 0.135900 0.099400 0.152000 0.105300 0.000000 0.128600 0.135200 0.130100 0.134500 0.116600 0.142100 0.142100 0.136200 0.080400 0.051000 0.147400 0.033500 0.080900 0.122200 0.111100 0.159600 0.199700 0.129600 0.106800 0.099400 0.111200
HarveysDui 0.067500 0.283500 0.069200 0.277800 0.056500 0.067500 0.022800 0.062900 0.069500 0.142700 0.045300 0.099100 0.056700 0.016500 0.084500 0.044800 0.119300 0.094500 0.050600 0.063600 0.062200 0.051100 0.110400 0.118100 0.050900 0.062100 0.051100 0.063700 0.067400 0.069400 0.128600 0.000000 0.110800 0.045500 0.050500 0.092700 0.033700 0.068700 0.051300 0.117600 0.099300 0.062400 0.130000 0.131200 0.098200 0.062900 0.062100 0.097500 0.045300 0.088400 0.063700 0.075200
Pronghorn 0.134400 0.364600 0.087700 0.317600 0.111300 0.134400 0.111900 0.093300 0.088100 0.136500 0.111500 0.093400 0.111200 0.128500 0.165800 0.110400 0.088100 0.088400 0.104400 0.082000 0.104200 0.111600 0.116700 0.124700 0.117300 0.116400 0.093100 0.082200 0.109400 0.087900 0.135200 0.110800 0.000000 0.112200 0.116700 0.087000 0.111400 0.124000 0.105600 0.099300 0.105700 0.116900 0.136700 0.138000 0.092600 0.093100 0.128800 0.167700 0.086900 0.120100 0.082100 0.093800
BlueWildeb 0.045300 0.335000 0.064100 0.305000 0.081300 0.044800 0.045900 0.075700 0.070300 0.144300 0.022900 0.100300 0.022900 0.062600 0.104100 0.057000 0.120700 0.108200 0.028000 0.064300 0.074700 0.034000 0.124100 0.119500 0.028100 0.074600 0.016900 0.064500 0.080000 0.070200 0.130100 0.045500 0.112200 0.000000 0.028000 0.093700 0.034100 0.093700 0.063700 0.119100 0.100500 0.074900 0.131600 0.132800 0.099400 0.063600 0.074600 0.111400 0.057600 0.114900 0.064400 0.076100
Gemsbok 0.061300 0.338000 0.087100 0.307900 0.098200 0.062900 0.062800 0.080600 0.087400 0.148500 0.039600 0.117300 0.039100 0.067500 0.126900 0.073700 0.119100 0.112900 0.045200 0.081400 0.091500 0.045000 0.141000 0.124000 0.044800 0.079500 0.022200 0.081600 0.096700 0.087300 0.134500 0.050500 0.116700 0.028000 0.000000 0.098500 0.050900 0.110800 0.080600 0.123600 0.117500 0.079900 0.136000 0.137200 0.104100 0.080500 0.091400 0.128400 0.074400 0.119600 0.081500 0.093200
Yak 0.116000 0.324100 0.057300 0.287700 0.080900 0.116000 0.093600 0.099700 0.057600 0.143100 0.093200 0.028100 0.105300 0.091700 0.146900 0.104500 0.070200 0.082300 0.098600 0.051700 0.110600 0.105500 0.123400 0.131600 0.099000 0.098300 0.099500 0.051800 0.115800 0.057500 0.116600 0.092700 0.087000 0.093700 0.098500 0.000000 0.093200 0.093200 0.099300 0.093600 0.099900 0.110900 0.117900 0.118800 0.005500 0.087300 0.122900 0.148500 0.081100 0.088700 0.051800 0.051400
BlueSheep 0.033400 0.316100 0.069600 0.295000 0.075000 0.033400 0.045700 0.075200 0.069900 0.156500 0.011200 0.099600 0.045400 0.050600 0.097300 0.056600 0.119900 0.107500 0.039400 0.063900 0.074300 0.034000 0.136000 0.131500 0.016800 0.074200 0.039800 0.064100 0.079500 0.069800 0.142100 0.033700 0.111400 0.034100 0.050900 0.093200 0.000000 0.093000 0.063300 0.131100 0.112400 0.074500 0.143700 0.145000 0.098800 0.063300 0.074200 0.098400 0.057200 0.101400 0.064000 0.075600
BohorReedb 0.116000 0.324100 0.093900 0.311600 0.033500 0.116000 0.069300 0.099300 0.094300 0.156600 0.093200 0.112200 0.105300 0.085800 0.134500 0.092200 0.133000 0.120500 0.098500 0.088100 0.098200 0.105600 0.123600 0.144600 0.099000 0.098200 0.099500 0.088200 0.103600 0.094000 0.142100 0.068700 0.124000 0.093700 0.110800 0.093200 0.093000 0.000000 0.087100 0.130700 0.112300 0.098400 0.143700 0.144800 0.098900 0.087300 0.110100 0.148900 0.068900 0.113400 0.088100 0.100100
KirksDik 0.074000 0.302500 0.075400 0.312400 0.075200 0.074000 0.051800 0.034000 0.075700 0.150700 0.063400 0.093400 0.075100 0.068400 0.128500 0.039400 0.120500 0.108100 0.068800 0.069600 0.045100 0.075300 0.117700 0.113000 0.069100 0.045000 0.069400 0.069700 0.039000 0.075500 0.136200 0.051300 0.105600 0.063700 0.080600 0.099300 0.063300 0.087100 0.000000 0.125100 0.106500 0.033700 0.137200 0.139000 0.104900 0.057500 0.045000 0.117400 0.051600 0.134100 0.069600 0.081500
RoeDeer 0.141400 0.349500 0.106800 0.344300 0.118000 0.141400 0.118700 0.125000 0.107300 0.105600 0.131200 0.112000 0.118000 0.135400 0.173000 0.142400 0.107500 0.101600 0.123700 0.101000 0.136000 0.144000 0.074500 0.093800 0.137100 0.135900 0.112200 0.101300 0.141100 0.107100 0.080400 0.117600 0.099300 0.119100 0.123600 0.093600 0.131100 0.130700 0.125100 0.000000 0.063500 0.136400 0.081200 0.081900 0.099300 0.099800 0.135900 0.175300 0.105900 0.114300 0.101200 0.113100
WhiteLippe 0.122800 0.358200 0.076100 0.353300 0.099700 0.122800 0.100300 0.118900 0.076400 0.063400 0.112500 0.100400 0.112100 0.117000 0.154100 0.123800 0.114100 0.108100 0.117800 0.070400 0.130100 0.125100 0.022600 0.063300 0.118300 0.129900 0.106200 0.070500 0.122600 0.076400 0.051000 0.099300 0.105700 0.100500 0.117500 0.099900 0.112400 0.112300 0.106500 0.063500 0.000000 0.117800 0.051600 0.063600 0.105600 0.094000 0.129900 0.169200 0.100100 0.108200 0.070500 0.082200
ThomsonGaz 0.085100 0.300100 0.087200 0.325600 0.086300 0.085100 0.062900 0.045100 0.087600 0.161900 0.074500 0.104600 0.086300 0.079300 0.139600 0.038800 0.132000 0.119600 0.079900 0.081500 0.056100 0.086500 0.128900 0.124300 0.080200 0.021800 0.080600 0.081700 0.032900 0.087400 0.147400 0.062400 0.116900 0.074900 0.079900 0.110900 0.074500 0.098400 0.033700 0.136400 0.117800 0.000000 0.149000 0.150400 0.116500 0.068700 0.056000 0.128600 0.062700 0.145600 0.081700 0.093300
MuntiacusC 0.153900 0.390400 0.106100 0.342900 0.130600 0.153900 0.131400 0.150400 0.106600 0.039600 0.143800 0.137300 0.130400 0.135200 0.186100 0.155200 0.120000 0.114000 0.149000 0.100300 0.161600 0.156800 0.074500 0.106000 0.149700 0.148500 0.137400 0.100500 0.153600 0.106500 0.033500 0.130000 0.136700 0.131600 0.136000 0.117900 0.143700 0.143700 0.137200 0.081200 0.051600 0.149000 0.000000 0.081800 0.123500 0.112300 0.161400 0.202000 0.131000 0.107900 0.100500 0.112400
WhiteTaile 0.155300 0.344300 0.119800 0.305700 0.131700 0.155300 0.132500 0.151900 0.120300 0.106400 0.145100 0.138500 0.131600 0.149300 0.174500 0.156600 0.121100 0.128000 0.150400 0.113900 0.163200 0.158200 0.086600 0.045800 0.138000 0.149900 0.138700 0.114200 0.155100 0.120100 0.080900 0.131200 0.138000 0.132800 0.137200 0.118800 0.145000 0.144800 0.139000 0.081900 0.063600 0.150400 0.081800 0.000000 0.124500 0.113200 0.162800 0.203900 0.132200 0.108500 0.114100 0.126200
Cattle 0.121500 0.314800 0.062900 0.293800 0.086500 0.121500 0.099200 0.105300 0.063200 0.148700 0.098800 0.033500 0.110900 0.097300 0.152500 0.110100 0.075900 0.088100 0.104100 0.057300 0.116200 0.111200 0.129000 0.137400 0.104600 0.103900 0.105100 0.057400 0.121300 0.063100 0.122200 0.098200 0.092600 0.099400 0.104100 0.005500 0.098800 0.098900 0.104900 0.099300 0.105600 0.116500 0.123500 0.124500 0.000000 0.092900 0.128500 0.154200 0.086700 0.094400 0.057400 0.057000
RoyalAntel 0.062200 0.309800 0.075900 0.311500 0.075100 0.062200 0.063600 0.069300 0.076200 0.124800 0.063300 0.093700 0.063100 0.080200 0.128300 0.074500 0.107600 0.108000 0.056900 0.070100 0.068500 0.075300 0.105100 0.125400 0.069000 0.080300 0.057400 0.070300 0.073800 0.076100 0.111100 0.062900 0.093100 0.063600 0.080500 0.087300 0.063300 0.087300 0.057500 0.099800 0.094000 0.068700 0.112300 0.113200 0.092900 0.000000 0.080400 0.117300 0.034100 0.108100 0.070300 0.082000
Steenbok 0.084700 0.328600 0.099100 0.322600 0.098100 0.084700 0.062700 0.056500 0.099500 0.174300 0.074200 0.116500 0.086000 0.079100 0.139000 0.050200 0.144300 0.119100 0.079600 0.093400 0.067500 0.086200 0.141000 0.136400 0.079900 0.067400 0.080300 0.093700 0.061100 0.099300 0.159600 0.062100 0.128800 0.074600 0.091400 0.122900 0.074200 0.110100 0.045000 0.135900 0.129900 0.056000 0.161400 0.162800 0.128500 0.080400 0.000000 0.128200 0.074400 0.144900 0.093600 0.105200
Impala 0.121000 0.352300 0.124300 0.341000 0.134900 0.121000 0.110800 0.129800 0.124800 0.201700 0.110800 0.155500 0.123000 0.115400 0.126300 0.122100 0.177700 0.178200 0.116100 0.118500 0.115700 0.123300 0.186900 0.189300 0.116600 0.115600 0.117200 0.118900 0.133300 0.124600 0.199700 0.097500 0.167700 0.111400 0.128400 0.148500 0.098400 0.148900 0.117400 0.175300 0.169200 0.128600 0.202000 0.203900 0.154200 0.117300 0.128200 0.000000 0.110900 0.171800 0.118800 0.130600
Klipspring 0.073900 0.309900 0.069700 0.303700 0.057200 0.073900 0.045800 0.063300 0.070000 0.143800 0.057300 0.087400 0.057100 0.062400 0.121900 0.056800 0.107400 0.095200 0.051000 0.064000 0.050900 0.069200 0.098800 0.131800 0.063000 0.062500 0.051400 0.064200 0.067900 0.069900 0.129600 0.045300 0.086900 0.057600 0.074400 0.081100 0.057200 0.068900 0.051600 0.105900 0.100100 0.062700 0.131000 0.132200 0.086700 0.034100 0.074400 0.110900 0.000000 0.114300 0.064100 0.075700
ForestMusk 0.137600 0.320600 0.102100 0.299800 0.113900 0.137600 0.101800 0.147100 0.089900 0.133400 0.114200 0.107800 0.126700 0.093700 0.143500 0.125800 0.109400 0.103400 0.119600 0.096200 0.145200 0.127100 0.132200 0.133900 0.120200 0.132100 0.120800 0.096400 0.150400 0.102300 0.106800 0.088400 0.120100 0.114900 0.119600 0.088700 0.101400 0.113400 0.134100 0.114300 0.108200 0.145600 0.107900 0.108500 0.094400 0.108100 0.144900 0.171800 0.114300 0.000000 0.096300 0.083100
Bushbuck 0.086900 0.321300 0.005700 0.300100 0.076000 0.086900 0.064300 0.082500 0.005700 0.112900 0.064100 0.057900 0.076000 0.080700 0.117400 0.075500 0.089900 0.089700 0.069500 0.000000 0.081400 0.076200 0.093900 0.101600 0.069900 0.081300 0.070200 0.000000 0.086700 0.005700 0.099400 0.063700 0.082100 0.064400 0.081500 0.051800 0.064000 0.088100 0.069600 0.101200 0.070500 0.081700 0.100500 0.114100 0.057400 0.070300 0.093600 0.118800 0.064100 0.096300 0.000000 0.011400
GreaterKud 0.098500 0.318600 0.017200 0.313800 0.087700 0.098500 0.076000 0.094200 0.005600 0.124900 0.075700 0.057500 0.087600 0.080200 0.129200 0.087000 0.089300 0.101800 0.081100 0.011500 0.093100 0.087900 0.105700 0.113500 0.081500 0.092900 0.081900 0.011400 0.098300 0.017100 0.111200 0.075200 0.093800 0.076100 0.093200 0.051400 0.075600 0.100100 0.081500 0.113100 0.082200 0.093300 0.112400 0.126200 0.057000 0.082000 0.105200 0.130600 0.075700 0.083100 0.011400 0.000000
