1
52 1
Argali 0.000000 0.208500 0.089600 0.201900 0.047200 0.033600 0.020000 0.047200 0.089500 0.081700 0.006500 0.040400 0.034200 0.032700 0.033500 0.040300 0.061500 0.054600 0.033600 0.069200 0.040100 0.013300 0.082000 0.104700 0.013000 0.020000 0.020100 0.089300 0.033500 0.089600 0.081800 0.033500 0.033600 0.020100 0.020000 0.040600 0.006600 0.061500 0.047200 0.126000 0.089000 0.026700 0.074400 0.149500 0.032200 0.033500 0.054400 0.013300 0.013300 0.074500 0.075100 0.089600
LesserMous 0.208500 0.000000 0.268700 0.271300 0.233500 0.224700 0.217200 0.208200 0.276700 0.266000 0.217500 0.225500 0.195200 0.233100 0.225200 0.199500 0.225500 0.217400 0.226500 0.272500 0.215700 0.208500 0.267100 0.277600 0.208800 0.191400 0.209700 0.294200 0.200100 0.277400 0.275200 0.234000 0.234600 0.209400 0.217300 0.209500 0.217800 0.252800 0.243100 0.304300 0.275700 0.199300 0.274300 0.304500 0.217500 0.216700 0.233300 0.207700 0.208100 0.283700 0.285500 0.295200
LesserKudu 0.089600 0.268700 0.000000 0.252500 0.096700 0.096600 0.082400 0.103700 0.046500 0.171000 0.082500 0.082200 0.105200 0.088800 0.096600 0.096300 0.096900 0.089800 0.126900 0.089500 0.095900 0.089500 0.155900 0.165000 0.089800 0.089100 0.089700 0.039500 0.089300 0.025700 0.155700 0.096700 0.097000 0.089600 0.097000 0.082500 0.082700 0.096700 0.103700 0.187600 0.163400 0.081800 0.163000 0.221100 0.075200 0.082200 0.111000 0.075000 0.075100 0.117300 0.026300 0.039600
KillerWhal 0.201900 0.271300 0.252500 0.000000 0.244200 0.200700 0.219100 0.236000 0.269400 0.277700 0.202100 0.236100 0.240300 0.235200 0.201500 0.235400 0.236200 0.228100 0.227100 0.246100 0.225800 0.193400 0.269400 0.226500 0.192900 0.218700 0.220600 0.269000 0.236000 0.278800 0.277000 0.235600 0.219200 0.220400 0.211000 0.237300 0.202400 0.263200 0.253100 0.287100 0.277700 0.226500 0.268200 0.251500 0.228200 0.218500 0.262200 0.209900 0.210200 0.266600 0.251400 0.269700
DefassaWat 0.047200 0.233500 0.096700 0.244200 0.000000 0.047200 0.040300 0.068100 0.096600 0.110700 0.040400 0.047100 0.069400 0.053600 0.054000 0.047000 0.082800 0.075800 0.075600 0.098200 0.060800 0.047300 0.096300 0.119300 0.054200 0.054200 0.054400 0.111100 0.054100 0.096700 0.096100 0.054000 0.054200 0.054600 0.054200 0.047400 0.040600 0.026700 0.082500 0.140900 0.103400 0.047200 0.103200 0.164800 0.040400 0.053200 0.075500 0.033500 0.033500 0.081500 0.082100 0.096700
Sheep 0.033600 0.224700 0.096600 0.200700 0.047200 0.000000 0.026800 0.068300 0.096500 0.102900 0.026800 0.040400 0.055200 0.038900 0.040400 0.054200 0.068500 0.061600 0.054400 0.083500 0.061000 0.033500 0.088400 0.111400 0.040500 0.040400 0.040700 0.111100 0.054300 0.096600 0.088200 0.040300 0.026800 0.040700 0.026800 0.040600 0.026900 0.061500 0.082700 0.133000 0.095500 0.047200 0.095400 0.156600 0.033700 0.040300 0.075500 0.019900 0.020000 0.066700 0.082100 0.096700
MaxwellsDu 0.020000 0.217200 0.082400 0.219100 0.040300 0.026800 0.000000 0.054200 0.082300 0.096400 0.013000 0.033500 0.041200 0.025600 0.026700 0.047200 0.054500 0.047600 0.054500 0.069200 0.047000 0.020000 0.082100 0.104800 0.026800 0.026800 0.026900 0.096700 0.040400 0.082400 0.081900 0.025300 0.026400 0.027000 0.026800 0.032300 0.013400 0.054400 0.068300 0.126200 0.089100 0.033500 0.089000 0.149700 0.026800 0.026700 0.061400 0.006600 0.006600 0.067500 0.068000 0.082400
GazellaPrz 0.047200 0.208200 0.103700 0.236000 0.068100 0.068300 0.054200 0.000000 0.111300 0.125800 0.053700 0.075300 0.054900 0.067900 0.068100 0.033300 0.090100 0.083000 0.082600 0.105700 0.033200 0.061200 0.126200 0.142500 0.054300 0.026600 0.040400 0.111100 0.019900 0.111500 0.126000 0.068000 0.068300 0.040500 0.054300 0.075700 0.054500 0.082800 0.054000 0.156900 0.133500 0.019900 0.118100 0.197200 0.068400 0.068000 0.047200 0.047200 0.047300 0.096000 0.096600 0.111500
MountainNy 0.089500 0.276700 0.046500 0.269400 0.096600 0.096500 0.082300 0.111300 0.000000 0.170800 0.082400 0.082100 0.113100 0.088700 0.082100 0.103800 0.104100 0.097000 0.126800 0.053900 0.088900 0.089300 0.155700 0.172700 0.096900 0.096500 0.097300 0.032700 0.096800 0.032000 0.155400 0.096500 0.096900 0.097200 0.096900 0.082400 0.082600 0.096500 0.111300 0.187300 0.163100 0.089200 0.162800 0.204100 0.075100 0.096400 0.118800 0.074900 0.075000 0.117000 0.026200 0.019100
MuntiacusM 0.081700 0.266000 0.171000 0.277700 0.110700 0.102900 0.096400 0.125800 0.170800 0.000000 0.089000 0.103500 0.097600 0.109800 0.110900 0.103200 0.141000 0.133600 0.096600 0.149200 0.117800 0.095700 0.013000 0.067400 0.096400 0.095800 0.096900 0.170500 0.111000 0.155500 0.032900 0.110800 0.111300 0.096500 0.096600 0.089400 0.088800 0.126200 0.133300 0.067100 0.019500 0.102900 0.006500 0.116700 0.096500 0.110700 0.133100 0.088400 0.088600 0.154200 0.155100 0.171000
goat 0.006500 0.217500 0.082500 0.202100 0.040400 0.026800 0.013000 0.053700 0.082400 0.089000 0.000000 0.033600 0.041200 0.025700 0.026700 0.047200 0.054600 0.047700 0.040600 0.069300 0.047000 0.006600 0.074800 0.097300 0.013300 0.026800 0.026900 0.096800 0.040400 0.082500 0.074700 0.026700 0.026800 0.027000 0.025700 0.032700 0.000000 0.054500 0.053800 0.118600 0.081900 0.033500 0.081700 0.142000 0.026800 0.025900 0.061500 0.006600 0.006600 0.067500 0.068100 0.082500
AfricanBuf 0.040400 0.225500 0.082200 0.236100 0.047100 0.040400 0.033500 0.075300 0.082100 0.103500 0.033600 0.000000 0.062400 0.039600 0.047200 0.054000 0.061400 0.054500 0.068600 0.069000 0.067900 0.040500 0.089200 0.112100 0.047400 0.047400 0.047600 0.096400 0.061200 0.082200 0.089000 0.045900 0.047400 0.047700 0.047400 0.013000 0.033800 0.054300 0.061200 0.133700 0.096300 0.054200 0.096100 0.157400 0.006600 0.047200 0.082800 0.026700 0.026800 0.081500 0.067800 0.082200
Topi 0.034200 0.195200 0.105200 0.240300 0.069400 0.055200 0.041200 0.054900 0.113100 0.097600 0.041200 0.062400 0.000000 0.054300 0.055200 0.047800 0.076900 0.069800 0.055600 0.092400 0.047600 0.048100 0.097900 0.113200 0.041200 0.027100 0.013500 0.112800 0.040900 0.098300 0.112600 0.055100 0.055400 0.013500 0.041200 0.048500 0.041300 0.084400 0.069200 0.143600 0.105100 0.033800 0.104700 0.175500 0.055400 0.055100 0.062000 0.034000 0.034100 0.097200 0.098100 0.113200
CommonDuik 0.032700 0.233100 0.088800 0.235200 0.053600 0.038900 0.025600 0.067900 0.088700 0.109800 0.025700 0.039600 0.054300 0.000000 0.039600 0.060600 0.060300 0.053300 0.068300 0.074900 0.060400 0.032200 0.095200 0.118600 0.039800 0.039200 0.039900 0.103200 0.053700 0.088800 0.095000 0.025600 0.039800 0.039500 0.039800 0.039800 0.025300 0.068200 0.075000 0.140300 0.102400 0.046200 0.102200 0.164400 0.032700 0.039600 0.074900 0.017800 0.017900 0.053300 0.074200 0.088800
Suni 0.033500 0.225200 0.096600 0.201500 0.054000 0.040400 0.026700 0.068100 0.082100 0.110900 0.026700 0.047200 0.055200 0.039600 0.000000 0.061000 0.068500 0.061600 0.068500 0.069000 0.046900 0.033500 0.096500 0.119600 0.038300 0.040400 0.040600 0.096400 0.054100 0.096600 0.096300 0.040200 0.040400 0.040700 0.040400 0.047400 0.026900 0.068400 0.082400 0.141200 0.103600 0.047200 0.103400 0.165000 0.040400 0.040200 0.075500 0.019900 0.020000 0.081500 0.067800 0.082200
Springbuck 0.040300 0.199500 0.096300 0.235400 0.047000 0.054200 0.047200 0.033300 0.103800 0.103200 0.047200 0.054000 0.047800 0.060600 0.061000 0.000000 0.082700 0.075700 0.068300 0.098100 0.026400 0.054200 0.103600 0.119300 0.047200 0.019900 0.033500 0.103600 0.019600 0.103900 0.103400 0.044300 0.061200 0.033600 0.047200 0.054300 0.047500 0.061200 0.047000 0.133300 0.110700 0.013200 0.095800 0.172500 0.047200 0.060900 0.040200 0.040300 0.040300 0.088700 0.089200 0.103900
Okapi 0.061500 0.225500 0.096900 0.236200 0.082800 0.068500 0.054500 0.090100 0.104100 0.141000 0.054600 0.061400 0.076900 0.060300 0.068500 0.082700 0.000000 0.012900 0.098000 0.091000 0.082400 0.061400 0.126000 0.119100 0.054500 0.061400 0.061900 0.118800 0.075700 0.104200 0.125800 0.068500 0.068700 0.061800 0.068800 0.061700 0.054700 0.097900 0.090100 0.172700 0.133400 0.068300 0.133100 0.181100 0.054500 0.068400 0.097400 0.047300 0.047400 0.103000 0.096700 0.104200
Giraffe 0.054600 0.217400 0.089800 0.228100 0.075800 0.061600 0.047600 0.083000 0.097000 0.133600 0.047700 0.054500 0.069800 0.053300 0.061600 0.075700 0.012900 0.000000 0.090800 0.083800 0.075400 0.054500 0.118700 0.111800 0.047700 0.054500 0.054900 0.111600 0.068700 0.097100 0.118500 0.061500 0.061800 0.054900 0.061800 0.054800 0.047800 0.090800 0.083000 0.165200 0.126000 0.061400 0.125800 0.173500 0.047700 0.061500 0.090400 0.040500 0.040600 0.095900 0.089600 0.097100
TibetanAnt 0.033600 0.226500 0.126900 0.227100 0.075600 0.054400 0.054500 0.082600 0.126800 0.096600 0.040600 0.068600 0.055600 0.068300 0.068500 0.068300 0.098000 0.090800 0.000000 0.106200 0.075200 0.047500 0.096900 0.135300 0.047500 0.054600 0.054800 0.126500 0.068500 0.112000 0.111300 0.068400 0.068800 0.055000 0.054600 0.054800 0.040800 0.090400 0.082700 0.126500 0.104000 0.061400 0.103700 0.181400 0.061700 0.068400 0.090400 0.047500 0.047600 0.111100 0.111700 0.126900
Sitatunga 0.069200 0.272500 0.089500 0.246100 0.098200 0.083500 0.069200 0.105700 0.053900 0.149200 0.069300 0.069000 0.092400 0.074900 0.069000 0.098100 0.091000 0.083800 0.106200 0.000000 0.083100 0.076300 0.141800 0.158900 0.076300 0.076300 0.076800 0.067800 0.091000 0.075100 0.141600 0.083500 0.083800 0.076800 0.076600 0.069300 0.069400 0.098100 0.105600 0.173700 0.149400 0.083300 0.141200 0.207100 0.062000 0.083400 0.113200 0.061800 0.061900 0.103400 0.068100 0.060900
Oribi 0.040100 0.215700 0.095900 0.225800 0.060800 0.061000 0.047000 0.033200 0.088900 0.117800 0.047000 0.067900 0.047600 0.060400 0.046900 0.026400 0.082400 0.075400 0.075200 0.083100 0.000000 0.054000 0.118100 0.134100 0.047100 0.019800 0.033400 0.088700 0.019800 0.103500 0.117900 0.060700 0.061000 0.033500 0.047100 0.068100 0.047300 0.075200 0.046800 0.148300 0.125300 0.013100 0.110200 0.187900 0.061000 0.060700 0.040100 0.040100 0.040200 0.088400 0.074600 0.089000
BarbaryShe 0.013300 0.208500 0.089500 0.193400 0.047300 0.033500 0.020000 0.061200 0.089300 0.095700 0.006600 0.040500 0.048100 0.032200 0.033500 0.054200 0.061400 0.054500 0.047500 0.076300 0.054000 0.000000 0.081400 0.104100 0.020000 0.033500 0.033800 0.103800 0.047300 0.089400 0.081200 0.033500 0.033600 0.033800 0.033700 0.040600 0.006600 0.061600 0.061200 0.125500 0.088400 0.040300 0.088200 0.149000 0.033700 0.033500 0.068300 0.013200 0.013300 0.074200 0.075000 0.089400
Daviddeer 0.082000 0.267100 0.155900 0.269400 0.096300 0.088400 0.082100 0.126200 0.155700 0.013000 0.074800 0.089200 0.097900 0.095200 0.096500 0.103600 0.126000 0.118700 0.096900 0.141800 0.118100 0.081400 0.000000 0.053700 0.089400 0.096100 0.097200 0.171200 0.111300 0.140600 0.033000 0.096400 0.096800 0.096800 0.096900 0.075200 0.074600 0.111600 0.133800 0.053500 0.006500 0.103200 0.019500 0.102500 0.082200 0.096300 0.133600 0.074200 0.074300 0.139300 0.140200 0.155900
Reindeer 0.104700 0.277600 0.165000 0.226500 0.119300 0.111400 0.104800 0.142500 0.172700 0.067400 0.097300 0.112100 0.113200 0.118600 0.119600 0.119300 0.119100 0.111800 0.135300 0.158900 0.134100 0.104100 0.053700 0.000000 0.097300 0.111700 0.097500 0.188600 0.127300 0.172900 0.074700 0.119500 0.120000 0.097100 0.120100 0.112600 0.097200 0.135300 0.150200 0.067800 0.060500 0.119000 0.060400 0.081600 0.104900 0.119400 0.150100 0.096700 0.096800 0.163600 0.164700 0.173000
Ibex 0.013000 0.208800 0.089800 0.192900 0.054200 0.040500 0.026800 0.054300 0.096900 0.096400 0.013300 0.047400 0.041200 0.039800 0.038300 0.047200 0.054500 0.047700 0.047500 0.076300 0.047100 0.020000 0.089400 0.097300 0.000000 0.026800 0.026900 0.104100 0.040400 0.097000 0.089200 0.040400 0.040500 0.027000 0.033700 0.047600 0.013400 0.068700 0.054200 0.133900 0.096500 0.033600 0.089000 0.157600 0.040600 0.040300 0.061500 0.020000 0.020000 0.081800 0.082400 0.097000
GyrantGaze 0.020000 0.191400 0.089100 0.218700 0.054200 0.040400 0.026800 0.026600 0.096500 0.095800 0.026800 0.047400 0.027100 0.039200 0.040400 0.019900 0.061400 0.054500 0.054600 0.076300 0.019800 0.033500 0.096100 0.111700 0.026800 0.000000 0.013300 0.096400 0.013200 0.096600 0.095900 0.040300 0.040500 0.013300 0.026800 0.047600 0.026900 0.068600 0.040300 0.125800 0.103300 0.006400 0.088400 0.164800 0.040600 0.040300 0.033400 0.019900 0.020000 0.081300 0.082100 0.096700
Hartebeest 0.020100 0.209700 0.089700 0.220600 0.054400 0.040700 0.026900 0.040400 0.097300 0.096900 0.026900 0.047600 0.013500 0.039900 0.040600 0.033500 0.061900 0.054900 0.054800 0.076800 0.033400 0.033800 0.097200 0.097500 0.026900 0.013300 0.000000 0.097100 0.026700 0.097400 0.097000 0.040500 0.040700 0.000000 0.026900 0.047800 0.027100 0.068900 0.054300 0.142300 0.104400 0.020000 0.089400 0.158200 0.040700 0.040500 0.047500 0.020100 0.020100 0.082100 0.082700 0.097400
Bongo 0.089300 0.294200 0.039500 0.269000 0.111100 0.111100 0.096700 0.111100 0.032700 0.170500 0.096800 0.096400 0.112800 0.103200 0.096400 0.103600 0.118800 0.111600 0.126500 0.067800 0.088700 0.103800 0.171200 0.188600 0.104100 0.096400 0.097100 0.000000 0.096600 0.026100 0.170900 0.111000 0.096800 0.097000 0.096700 0.096800 0.097000 0.111100 0.111100 0.203300 0.178700 0.089000 0.162500 0.237200 0.089400 0.110900 0.118500 0.089100 0.089200 0.131800 0.025800 0.013000
Gerenuk 0.033500 0.200100 0.089300 0.236000 0.054100 0.054300 0.040400 0.019900 0.096800 0.111000 0.040400 0.061200 0.040900 0.053700 0.054100 0.019600 0.075700 0.068700 0.068500 0.091000 0.019800 0.047300 0.111300 0.127300 0.040400 0.013200 0.026700 0.096600 0.000000 0.096900 0.111200 0.054100 0.054300 0.026800 0.040400 0.057400 0.040600 0.068600 0.040200 0.141500 0.118600 0.006600 0.103400 0.181300 0.054400 0.054100 0.033500 0.033500 0.033600 0.081700 0.082300 0.096900
CommonElan 0.089600 0.277400 0.025700 0.278800 0.096700 0.096600 0.082400 0.111500 0.032000 0.155500 0.082500 0.082200 0.098300 0.088800 0.096600 0.103900 0.104200 0.097100 0.112000 0.075100 0.103500 0.089400 0.140600 0.172900 0.097000 0.096600 0.097400 0.026100 0.096900 0.000000 0.155600 0.096600 0.097000 0.097300 0.097000 0.068300 0.082700 0.096700 0.111500 0.171800 0.147900 0.089300 0.162900 0.220900 0.075200 0.096500 0.118900 0.075000 0.075100 0.117200 0.026200 0.026200
MuntiacusR 0.081800 0.275200 0.155700 0.277000 0.096100 0.088200 0.081900 0.126000 0.155400 0.032900 0.074700 0.089000 0.112600 0.095000 0.096300 0.103400 0.125800 0.118500 0.111300 0.141600 0.117900 0.081200 0.033000 0.074700 0.089200 0.095900 0.097000 0.170900 0.111200 0.155600 0.000000 0.096200 0.096600 0.096600 0.096600 0.089400 0.074400 0.111400 0.133500 0.088500 0.039000 0.103000 0.026200 0.109800 0.082000 0.096100 0.133300 0.074000 0.074100 0.139100 0.139900 0.155600
HarveysDui 0.033500 0.234000 0.096700 0.235600 0.054000 0.040300 0.025300 0.068000 0.096500 0.110800 0.026700 0.045900 0.055100 0.025600 0.040200 0.044300 0.068500 0.061500 0.068400 0.083500 0.060700 0.033500 0.096400 0.119500 0.040400 0.040300 0.040500 0.111000 0.054100 0.096600 0.096200 0.000000 0.040300 0.040600 0.040400 0.047400 0.026800 0.068400 0.082700 0.141100 0.103500 0.047100 0.103200 0.165100 0.040400 0.039900 0.075400 0.019900 0.020000 0.081500 0.082000 0.096600
Pronghorn 0.033600 0.234600 0.097000 0.219200 0.054200 0.026800 0.026400 0.068300 0.096900 0.111300 0.026800 0.047400 0.055400 0.039800 0.040400 0.061200 0.068700 0.061800 0.068800 0.083800 0.061000 0.033600 0.096800 0.120000 0.040500 0.040500 0.040700 0.096800 0.054300 0.097000 0.096600 0.040300 0.000000 0.040800 0.026800 0.047600 0.027000 0.068600 0.082700 0.141700 0.103900 0.047300 0.103700 0.165600 0.040600 0.040300 0.075800 0.020000 0.020000 0.067400 0.082300 0.082600
BlueWildeb 0.020100 0.209400 0.089600 0.220400 0.054600 0.040700 0.027000 0.040500 0.097200 0.096500 0.027000 0.047700 0.013500 0.039500 0.040700 0.033600 0.061800 0.054900 0.055000 0.076800 0.033500 0.033800 0.096800 0.097100 0.027000 0.013300 0.000000 0.097000 0.026800 0.097300 0.096600 0.040600 0.040800 0.000000 0.027000 0.047900 0.027100 0.069100 0.054400 0.142000 0.104000 0.020000 0.089000 0.157900 0.040800 0.040600 0.047400 0.020100 0.020100 0.081800 0.082600 0.097300
Gemsbok 0.020000 0.217300 0.097000 0.211000 0.054200 0.026800 0.026800 0.054300 0.096900 0.096600 0.025700 0.047400 0.041200 0.039800 0.040400 0.047200 0.068800 0.061800 0.054600 0.076600 0.047100 0.033700 0.096900 0.120100 0.033700 0.026800 0.026900 0.096700 0.040400 0.097000 0.096600 0.040400 0.026800 0.027000 0.000000 0.047600 0.027000 0.068700 0.068400 0.141800 0.104000 0.033600 0.089100 0.165700 0.040600 0.040400 0.061500 0.020000 0.020100 0.067500 0.082400 0.097100
Yak 0.040600 0.209500 0.082500 0.237300 0.047400 0.040600 0.032300 0.075700 0.082400 0.089400 0.032700 0.013000 0.048500 0.039800 0.047400 0.054300 0.061700 0.054800 0.054800 0.069300 0.068100 0.040600 0.075200 0.112600 0.047600 0.047600 0.047800 0.096800 0.057400 0.068300 0.089400 0.047400 0.047600 0.047900 0.047600 0.000000 0.033900 0.054500 0.075600 0.119100 0.082200 0.054400 0.096500 0.158000 0.006600 0.047400 0.083200 0.026900 0.026900 0.081800 0.068100 0.082500
BlueSheep 0.006600 0.217800 0.082700 0.202400 0.040600 0.026900 0.013400 0.054500 0.082600 0.088800 0.000000 0.033800 0.041300 0.025300 0.026900 0.047500 0.054700 0.047800 0.040800 0.069400 0.047300 0.006600 0.074600 0.097200 0.013400 0.026900 0.027100 0.097000 0.040600 0.082700 0.074400 0.026800 0.027000 0.027100 0.027000 0.033900 0.000000 0.054800 0.054500 0.118600 0.081600 0.033600 0.081400 0.142000 0.027000 0.026800 0.061600 0.006600 0.006600 0.067400 0.068200 0.082700
BohorReedb 0.061500 0.252800 0.096700 0.263200 0.026700 0.061500 0.054400 0.082800 0.096500 0.126200 0.054500 0.054300 0.084400 0.068200 0.068400 0.061200 0.097900 0.090800 0.090400 0.098100 0.075200 0.061600 0.111600 0.135300 0.068700 0.068600 0.068900 0.111100 0.068600 0.096700 0.111400 0.068400 0.068600 0.069100 0.068700 0.054500 0.054800 0.000000 0.097500 0.157300 0.118800 0.061400 0.118500 0.181900 0.047500 0.068300 0.090400 0.047400 0.047500 0.096500 0.082100 0.096700
KirksDik 0.047200 0.243100 0.103700 0.253100 0.082500 0.082700 0.068300 0.054000 0.111300 0.133300 0.053800 0.061200 0.069200 0.075000 0.082400 0.047000 0.090100 0.083000 0.082700 0.105600 0.046800 0.061200 0.133800 0.150200 0.054200 0.040300 0.054300 0.111100 0.040200 0.111500 0.133500 0.082700 0.082700 0.054400 0.068400 0.075600 0.054500 0.097500 0.000000 0.164700 0.141100 0.033400 0.125600 0.205400 0.068300 0.082300 0.061200 0.061200 0.061300 0.103300 0.096600 0.111400
RoeDeer 0.126000 0.304300 0.187600 0.287100 0.140900 0.133000 0.126200 0.156900 0.187300 0.067100 0.118600 0.133700 0.143600 0.140300 0.141200 0.133300 0.172700 0.165200 0.126500 0.173700 0.148300 0.125500 0.053500 0.067800 0.133900 0.125800 0.142300 0.203300 0.141500 0.171800 0.088500 0.141100 0.141700 0.142000 0.141800 0.119100 0.118600 0.157300 0.164700 0.000000 0.060200 0.133100 0.074000 0.117600 0.126400 0.141000 0.164500 0.118000 0.118200 0.185700 0.171200 0.187500
WhiteLippe 0.089000 0.275700 0.163400 0.277700 0.103400 0.095500 0.089100 0.133500 0.163100 0.019500 0.081900 0.096300 0.105100 0.102400 0.103600 0.110700 0.133400 0.126000 0.104000 0.149400 0.125300 0.088400 0.006500 0.060500 0.096500 0.103300 0.104400 0.178700 0.118600 0.147900 0.039000 0.103500 0.103900 0.104000 0.104000 0.082200 0.081600 0.118800 0.141100 0.060200 0.000000 0.110400 0.026100 0.109600 0.089200 0.103400 0.140900 0.081200 0.081300 0.146700 0.147500 0.163300
ThomsonGaz 0.026700 0.199300 0.081800 0.226500 0.047200 0.047200 0.033500 0.019900 0.089200 0.102900 0.033500 0.054200 0.033800 0.046200 0.047200 0.013200 0.068300 0.061400 0.061400 0.083300 0.013100 0.040300 0.103200 0.119000 0.033600 0.006400 0.020000 0.089000 0.006600 0.089300 0.103000 0.047100 0.047300 0.020000 0.033600 0.054400 0.033600 0.061400 0.033400 0.133100 0.110400 0.000000 0.095400 0.172300 0.047400 0.047100 0.026600 0.026600 0.026700 0.074100 0.074800 0.089300
MuntiacusC 0.074400 0.274300 0.163000 0.268200 0.103200 0.095400 0.089000 0.118100 0.162800 0.006500 0.081700 0.096100 0.104700 0.102200 0.103400 0.095800 0.133100 0.125800 0.103700 0.141200 0.110200 0.088200 0.019500 0.060400 0.089000 0.088400 0.089400 0.162500 0.103400 0.162900 0.026200 0.103200 0.103700 0.089000 0.089100 0.096500 0.081400 0.118500 0.125600 0.074000 0.026100 0.095400 0.000000 0.109300 0.089000 0.103200 0.125300 0.081000 0.081200 0.146400 0.147200 0.162900
WhiteTaile 0.149500 0.304500 0.221100 0.251500 0.164800 0.156600 0.149700 0.197200 0.204100 0.116700 0.142000 0.157400 0.175500 0.164400 0.165000 0.172500 0.181100 0.173500 0.181400 0.207100 0.187900 0.149000 0.102500 0.081600 0.157600 0.164800 0.158200 0.237200 0.181300 0.220900 0.109800 0.165100 0.165600 0.157900 0.165700 0.158000 0.142000 0.181900 0.205400 0.117600 0.109600 0.172300 0.109300 0.000000 0.150000 0.164800 0.205000 0.141200 0.141400 0.210900 0.212100 0.220900
Cattle 0.032200 0.217500 0.075200 0.228200 0.040400 0.033700 0.026800 0.068400 0.075100 0.096500 0.026800 0.006600 0.055400 0.032700 0.040400 0.047200 0.054500 0.047700 0.061700 0.062000 0.061000 0.033700 0.082200 0.104900 0.040600 0.040600 0.040700 0.089400 0.054400 0.075200 0.082000 0.040400 0.040600 0.040800 0.040600 0.006600 0.027000 0.047500 0.068300 0.126400 0.089200 0.047400 0.089000 0.150000 0.000000 0.040400 0.075800 0.020000 0.020100 0.074600 0.061000 0.075200
RoyalAntel 0.033500 0.216700 0.082200 0.218500 0.053200 0.040300 0.026700 0.068000 0.096400 0.110700 0.025900 0.047200 0.055100 0.039600 0.040200 0.060900 0.068400 0.061500 0.068400 0.083400 0.060700 0.033500 0.096300 0.119400 0.040300 0.040300 0.040500 0.110900 0.054100 0.096500 0.096100 0.039900 0.040300 0.040600 0.040400 0.047400 0.026800 0.068300 0.082300 0.141000 0.103400 0.047100 0.103200 0.164800 0.040400 0.000000 0.075400 0.019900 0.020000 0.081400 0.082000 0.096600
Steenbok 0.054400 0.233300 0.111000 0.262200 0.075500 0.075500 0.061400 0.047200 0.118800 0.133100 0.061500 0.082800 0.062000 0.074900 0.075500 0.040200 0.097400 0.090400 0.090400 0.113200 0.040100 0.068300 0.133600 0.150100 0.061500 0.033400 0.047500 0.118500 0.033500 0.118900 0.133300 0.075400 0.075800 0.047400 0.061500 0.083200 0.061600 0.090400 0.061200 0.164500 0.140900 0.026600 0.125300 0.205000 0.075800 0.075400 0.000000 0.054200 0.054300 0.103100 0.103900 0.118900
Impala 0.013300 0.207700 0.075000 0.209900 0.033500 0.019900 0.006600 0.047200 0.074900 0.088400 0.006600 0.026700 0.034000 0.017800 0.019900 0.040300 0.047300 0.040500 0.047500 0.061800 0.040100 0.013200 0.074200 0.096700 0.020000 0.019900 0.020100 0.089100 0.033500 0.075000 0.074000 0.019900 0.020000 0.020100 0.020000 0.026900 0.006600 0.047400 0.061200 0.118000 0.081200 0.026600 0.081000 0.141200 0.020000 0.019900 0.054200 0.000000 0.000000 0.059900 0.060800 0.075000
Klipspring 0.013300 0.208100 0.075100 0.210200 0.033500 0.020000 0.006600 0.047300 0.075000 0.088600 0.006600 0.026800 0.034100 0.017900 0.020000 0.040300 0.047400 0.040600 0.047600 0.061900 0.040200 0.013300 0.074300 0.096800 0.020000 0.020000 0.020100 0.089200 0.033600 0.075100 0.074100 0.020000 0.020000 0.020100 0.020100 0.026900 0.006600 0.047500 0.061300 0.118200 0.081300 0.026700 0.081200 0.141400 0.020100 0.020000 0.054300 0.000000 0.000000 0.060000 0.060900 0.075100
ForestMusk 0.074500 0.283700 0.117300 0.266600 0.081500 0.066700 0.067500 0.096000 0.117000 0.154200 0.067500 0.081500 0.097200 0.053300 0.081500 0.088700 0.103000 0.095900 0.111100 0.103400 0.088400 0.074200 0.139300 0.163600 0.081800 0.081300 0.082100 0.131800 0.081700 0.117200 0.139100 0.081500 0.067400 0.081800 0.067500 0.081800 0.067400 0.096500 0.103300 0.185700 0.146700 0.074100 0.146400 0.210900 0.074600 0.081400 0.103100 0.059900 0.060000 0.000000 0.102300 0.117200
Bushbuck 0.075100 0.285500 0.026300 0.251400 0.082100 0.082100 0.068000 0.096600 0.026200 0.155100 0.068100 0.067800 0.098100 0.074200 0.067800 0.089200 0.096700 0.089600 0.111700 0.068100 0.074600 0.075000 0.140200 0.164700 0.082400 0.082100 0.082700 0.025800 0.082300 0.026200 0.139900 0.082000 0.082300 0.082600 0.082400 0.068100 0.068200 0.082100 0.096600 0.171200 0.147500 0.074800 0.147200 0.212100 0.061000 0.082000 0.103900 0.060800 0.060900 0.102300 0.000000 0.026200
GreaterKud 0.089600 0.295200 0.039600 0.269700 0.096700 0.096700 0.082400 0.111500 0.019100 0.171000 0.082500 0.082200 0.113200 0.088800 0.082200 0.103900 0.104200 0.097100 0.126900 0.060900 0.089000 0.089400 0.155900 0.173000 0.097000 0.096700 0.097400 0.013000 0.096900 0.026200 0.155600 0.096600 0.082600 0.097300 0.097100 0.082500 0.082700 0.096700 0.111400 0.187500 0.163300 0.089300 0.162900 0.220900 0.075200 0.096600 0.118900 0.075000 0.075100 0.117200 0.026200 0.000000
