CODONML (in paml version 4.10.7, June 2023)  /home/rachel/ruminants_paml/6406-phy-tree/ENSBTAT00000003777.fasta.phy
Model: free dN/dS Ratios for branches,  kappa = 2.000 fixed

Codon frequency model: F3x4
ns =  54  ls =  33

Codon usage in sequences
--------------------------------------------------------------------------------------------------------------------------------------
Phe TTT   0   0   0   0   0   0 | Ser TCT   0   0   0   0   0   0 | Tyr TAT   0   0   0   0   0   0 | Cys TGT   0   0   0   0   0   0
    TTC   0   0   0   0   0   0 |     TCC   1   2   2   2   2   2 |     TAC   0   0   0   0   0   0 |     TGC   1   0   1   1   1   1
Leu TTA   0   0   0   0   0   0 |     TCA   0   0   0   0   0   0 | *** TAA   0   0   0   0   0   0 | *** TGA   0   0   0   0   0   0
    TTG   0   0   0   0   0   0 |     TCG   0   0   0   0   0   0 |     TAG   0   0   0   0   0   0 | Trp TGG   0   0   0   0   0   0
--------------------------------------------------------------------------------------------------------------------------------------
Leu CTT   0   0   0   0   0   0 | Pro CCT   0   0   0   0   0   0 | His CAT   0   0   0   0   0   0 | Arg CGT   0   0   0   0   0   0
    CTC   0   0   0   0   0   0 |     CCC   1   0   0   0   0   0 |     CAC   0   0   0   0   0   0 |     CGC   0   0   0   0   0   0
    CTA   0   0   0   0   0   0 |     CCA   0   0   0   0   0   0 | Gln CAA   1   1   1   1   0   1 |     CGA   0   0   0   0   0   0
    CTG   1   1   1   1   1   1 |     CCG   0   0   0   0   0   0 |     CAG   1   1   1   1   2   1 |     CGG   1   2   1   1   0   0
--------------------------------------------------------------------------------------------------------------------------------------
Ile ATT   0   0   0   0   0   0 | Thr ACT   0   0   0   0   0   1 | Asn AAT   1   0   1   1   0   0 | Ser AGT   0   1   0   0   1   1
    ATC   1   1   1   1   1   1 |     ACC   1   1   1   1   1   0 |     AAC   1   2   1   1   1   1 |     AGC   2   1   2   2   2   2
    ATA   0   0   0   0   0   0 |     ACA   0   0   0   0   0   0 | Lys AAA   2   0   2   2   1   1 | Arg AGA   0   0   0   0   0   0
Met ATG   3   4   4   4   4   4 |     ACG   0   0   0   0   1   0 |     AAG   2   4   2   2   3   3 |     AGG   2   0   1   1   2   2
--------------------------------------------------------------------------------------------------------------------------------------
Val GTT   0   0   1   0   0   0 | Ala GCT   1   0   1   1   1   1 | Asp GAT   0   0   0   0   0   0 | Gly GGT   0   0   0   0   0   0
    GTC   0   0   0   0   0   0 |     GCC   3   4   3   3   2   3 |     GAC   1   1   1   1   1   1 |     GGC   1   2   1   1   1   1
    GTA   0   0   0   0   0   0 |     GCA   0   0   0   0   0   0 | Glu GAA   2   1   2   2   1   1 |     GGA   0   0   0   0   0   0
    GTG   2   2   1   2   2   2 |     GCG   0   0   0   0   0   0 |     GAG   1   2   1   1   2   2 |     GGG   0   0   0   0   0   0
--------------------------------------------------------------------------------------------------------------------------------------

--------------------------------------------------------------------------------------------------------------------------------------
Phe TTT   0   0   0   0   0   0 | Ser TCT   0   0   0   0   0   1 | Tyr TAT   0   0   0   0   0   0 | Cys TGT   0   0   0   0   0   0
    TTC   0   0   0   0   0   0 |     TCC   2   1   2   2   2   1 |     TAC   0   0   0   0   0   0 |     TGC   1   1   1   1   1   1
Leu TTA   0   0   0   0   0   0 |     TCA   0   0   0   0   0   0 | *** TAA   0   0   0   0   0   0 | *** TGA   0   0   0   0   0   0
    TTG   0   0   0   0   0   0 |     TCG   0   0   0   0   0   0 |     TAG   0   0   0   0   0   0 | Trp TGG   0   0   0   0   0   0
--------------------------------------------------------------------------------------------------------------------------------------
Leu CTT   0   0   0   0   0   0 | Pro CCT   0   0   0   0   0   0 | His CAT   0   0   0   0   0   0 | Arg CGT   0   0   0   0   0   0
    CTC   0   0   0   0   0   0 |     CCC   0   1   0   0   0   0 |     CAC   0   0   0   0   0   0 |     CGC   0   0   0   0   0   0
    CTA   0   0   0   0   0   0 |     CCA   0   0   0   0   0   0 | Gln CAA   1   1   1   1   1   1 |     CGA   0   0   0   0   0   0
    CTG   1   1   1   1   1   1 |     CCG   0   0   0   0   0   0 |     CAG   1   1   1   1   1   1 |     CGG   1   1   1   1   1   1
--------------------------------------------------------------------------------------------------------------------------------------
Ile ATT   0   0   0   0   0   0 | Thr ACT   0   0   0   0   0   0 | Asn AAT   1   1   1   1   1   1 | Ser AGT   0   0   0   0   0   0
    ATC   1   1   1   1   1   1 |     ACC   1   1   1   1   1   1 |     AAC   1   1   1   1   1   1 |     AGC   2   2   2   2   2   2
    ATA   0   0   0   0   0   0 |     ACA   0   0   0   0   0   0 | Lys AAA   1   2   2   2   2   2 | Arg AGA   0   0   0   0   0   1
Met ATG   4   3   4   4   4   4 |     ACG   0   0   0   0   0   0 |     AAG   3   2   2   2   2   2 |     AGG   1   2   1   1   1   0
--------------------------------------------------------------------------------------------------------------------------------------
Val GTT   0   0   0   0   0   0 | Ala GCT   1   1   1   1   1   0 | Asp GAT   0   0   0   0   0   0 | Gly GGT   0   0   0   0   0   0
    GTC   0   0   0   0   0   0 |     GCC   3   3   3   3   3   3 |     GAC   1   1   1   1   1   1 |     GGC   1   1   1   1   1   1
    GTA   0   0   0   0   0   0 |     GCA   0   0   0   0   0   1 | Glu GAA   2   2   2   1   2   2 |     GGA   0   0   0   0   0   0
    GTG   2   2   2   2   2   2 |     GCG   0   0   0   0   0   0 |     GAG   1   1   1   2   1   1 |     GGG   0   0   0   0   0   0
--------------------------------------------------------------------------------------------------------------------------------------

--------------------------------------------------------------------------------------------------------------------------------------
Phe TTT   0   0   0   0   0   0 | Ser TCT   0   0   0   0   0   0 | Tyr TAT   0   0   0   0   0   0 | Cys TGT   0   0   0   0   0   0
    TTC   0   0   0   0   0   0 |     TCC   2   2   2   2   2   2 |     TAC   0   0   0   0   0   0 |     TGC   1   1   1   1   1   1
Leu TTA   0   0   0   0   0   0 |     TCA   0   0   0   0   0   0 | *** TAA   0   0   0   0   0   0 | *** TGA   0   0   0   0   0   0
    TTG   0   0   0   0   0   0 |     TCG   0   0   0   0   0   0 |     TAG   0   0   0   0   0   0 | Trp TGG   0   0   0   0   0   0
--------------------------------------------------------------------------------------------------------------------------------------
Leu CTT   0   0   0   0   0   0 | Pro CCT   0   0   0   0   0   0 | His CAT   0   0   0   0   0   0 | Arg CGT   0   0   0   0   0   0
    CTC   0   0   0   0   0   0 |     CCC   0   0   0   0   0   0 |     CAC   0   0   0   0   0   0 |     CGC   0   0   0   0   0   0
    CTA   0   0   0   0   0   0 |     CCA   0   0   0   0   0   0 | Gln CAA   1   1   1   1   1   1 |     CGA   0   0   0   0   0   0
    CTG   1   1   1   1   1   1 |     CCG   0   0   0   0   0   0 |     CAG   1   1   1   1   1   1 |     CGG   1   1   1   1   1   1
--------------------------------------------------------------------------------------------------------------------------------------
Ile ATT   0   0   0   0   0   0 | Thr ACT   0   0   0   0   0   0 | Asn AAT   1   1   1   1   1   0 | Ser AGT   0   0   0   0   0   1
    ATC   1   1   1   1   1   1 |     ACC   1   1   2   1   0   1 |     AAC   1   1   1   1   1   1 |     AGC   2   2   2   2   2   2
    ATA   0   0   0   0   0   0 |     ACA   0   0   0   0   0   0 | Lys AAA   2   2   2   2   2   2 | Arg AGA   0   0   0   0   0   0
Met ATG   4   4   4   4   4   4 |     ACG   0   0   0   0   1   0 |     AAG   2   2   2   2   2   2 |     AGG   1   1   1   1   1   1
--------------------------------------------------------------------------------------------------------------------------------------
Val GTT   0   0   0   0   0   0 | Ala GCT   1   1   1   1   1   1 | Asp GAT   0   0   1   0   0   0 | Gly GGT   0   0   0   0   0   0
    GTC   0   0   0   0   0   0 |     GCC   3   3   2   3   3   3 |     GAC   1   1   0   1   1   1 |     GGC   1   1   1   1   1   1
    GTA   0   0   0   0   0   0 |     GCA   0   0   0   0   0   0 | Glu GAA   2   2   2   2   2   2 |     GGA   0   0   0   0   0   0
    GTG   2   2   2   2   2   2 |     GCG   0   0   0   0   0   0 |     GAG   1   1   1   1   1   1 |     GGG   0   0   0   0   0   0
--------------------------------------------------------------------------------------------------------------------------------------

--------------------------------------------------------------------------------------------------------------------------------------
Phe TTT   0   0   0   0   0   0 | Ser TCT   0   0   0   0   0   0 | Tyr TAT   0   0   0   0   0   0 | Cys TGT   0   0   0   0   0   0
    TTC   0   0   0   0   0   0 |     TCC   2   2   2   2   2   2 |     TAC   0   0   0   0   0   0 |     TGC   1   1   1   1   1   1
Leu TTA   0   0   0   0   0   0 |     TCA   0   0   0   0   0   0 | *** TAA   0   0   0   0   0   0 | *** TGA   0   0   0   0   0   0
    TTG   0   0   0   0   0   0 |     TCG   0   0   0   0   0   0 |     TAG   0   0   0   0   0   0 | Trp TGG   0   0   0   0   0   0
--------------------------------------------------------------------------------------------------------------------------------------
Leu CTT   0   0   0   0   0   0 | Pro CCT   0   0   0   0   0   0 | His CAT   0   0   0   0   0   0 | Arg CGT   0   0   0   0   0   0
    CTC   0   0   0   0   0   0 |     CCC   0   0   0   0   0   0 |     CAC   0   0   0   0   0   0 |     CGC   0   0   0   0   0   0
    CTA   0   0   0   0   0   0 |     CCA   0   0   0   0   0   0 | Gln CAA   0   0   1   1   1   1 |     CGA   0   0   0   0   0   0
    CTG   1   1   1   1   1   1 |     CCG   0   0   0   0   0   0 |     CAG   2   2   1   1   1   1 |     CGG   1   1   1   1   1   1
--------------------------------------------------------------------------------------------------------------------------------------
Ile ATT   0   0   0   0   0   0 | Thr ACT   0   0   0   0   0   0 | Asn AAT   1   1   1   1   1   1 | Ser AGT   0   0   0   0   0   0
    ATC   1   1   1   1   1   1 |     ACC   2   2   1   1   1   2 |     AAC   1   1   1   1   1   1 |     AGC   2   2   2   2   2   2
    ATA   0   0   0   0   0   0 |     ACA   0   0   0   0   0   0 | Lys AAA   2   2   2   2   2   2 | Arg AGA   0   0   0   0   0   0
Met ATG   4   4   4   4   4   4 |     ACG   0   0   0   0   0   0 |     AAG   2   2   2   2   2   2 |     AGG   1   1   1   1   1   1
--------------------------------------------------------------------------------------------------------------------------------------
Val GTT   0   0   0   0   0   0 | Ala GCT   1   1   1   1   1   1 | Asp GAT   0   0   0   0   0   0 | Gly GGT   0   0   0   0   0   0
    GTC   0   0   0   0   0   0 |     GCC   2   2   3   3   2   2 |     GAC   1   1   1   1   1   1 |     GGC   1   1   1   1   1   1
    GTA   0   0   0   0   0   0 |     GCA   0   0   0   0   1   0 | Glu GAA   2   2   2   2   2   2 |     GGA   0   0   0   0   0   0
    GTG   2   2   2   2   2   2 |     GCG   0   0   0   0   0   0 |     GAG   1   1   1   1   1   1 |     GGG   0   0   0   0   0   0
--------------------------------------------------------------------------------------------------------------------------------------

--------------------------------------------------------------------------------------------------------------------------------------
Phe TTT   0   0   0   0   0   0 | Ser TCT   0   0   0   0   0   0 | Tyr TAT   0   0   0   0   0   0 | Cys TGT   0   0   0   0   0   0
    TTC   0   0   0   0   0   0 |     TCC   2   2   2   2   2   2 |     TAC   0   0   0   0   0   0 |     TGC   1   1   1   1   1   1
Leu TTA   0   0   0   0   0   0 |     TCA   0   0   0   0   0   0 | *** TAA   0   0   0   0   0   0 | *** TGA   0   0   0   0   0   0
    TTG   0   0   0   0   0   0 |     TCG   0   0   0   0   0   0 |     TAG   0   0   0   0   0   0 | Trp TGG   0   0   0   0   0   0
--------------------------------------------------------------------------------------------------------------------------------------
Leu CTT   0   0   0   0   0   0 | Pro CCT   0   0   0   0   0   0 | His CAT   0   0   0   0   0   0 | Arg CGT   0   0   0   0   0   0
    CTC   0   0   0   0   0   0 |     CCC   0   0   0   0   0   0 |     CAC   0   0   0   0   0   0 |     CGC   0   0   0   0   0   0
    CTA   0   0   0   0   0   0 |     CCA   0   0   0   0   0   0 | Gln CAA   1   1   1   1   1   1 |     CGA   0   0   0   0   0   0
    CTG   1   1   1   1   1   1 |     CCG   0   0   0   0   0   0 |     CAG   1   1   1   1   1   1 |     CGG   1   1   1   1   1   1
--------------------------------------------------------------------------------------------------------------------------------------
Ile ATT   0   0   0   0   0   0 | Thr ACT   0   0   0   0   0   1 | Asn AAT   1   1   1   1   1   1 | Ser AGT   0   0   0   0   0   0
    ATC   1   1   1   1   1   1 |     ACC   2   1   1   1   2   0 |     AAC   1   1   1   1   1   1 |     AGC   2   2   2   2   2   2
    ATA   0   0   0   0   0   0 |     ACA   0   0   0   0   0   0 | Lys AAA   2   2   2   2   2   2 | Arg AGA   0   1   0   0   0   0
Met ATG   4   4   4   3   4   4 |     ACG   0   0   0   0   0   0 |     AAG   2   2   2   2   2   2 |     AGG   1   0   1   2   1   1
--------------------------------------------------------------------------------------------------------------------------------------
Val GTT   0   0   0   0   0   0 | Ala GCT   0   1   1   1   1   1 | Asp GAT   0   0   0   0   1   0 | Gly GGT   0   0   0   0   0   0
    GTC   0   0   0   0   0   0 |     GCC   2   3   3   3   2   3 |     GAC   1   1   1   1   0   1 |     GGC   1   1   1   1   1   1
    GTA   0   0   0   0   0   0 |     GCA   1   0   0   0   0   0 | Glu GAA   2   2   2   2   2   2 |     GGA   0   0   0   0   0   0
    GTG   2   2   2   2   2   2 |     GCG   0   0   0   0   0   0 |     GAG   1   1   1   1   1   1 |     GGG   0   0   0   0   0   0
--------------------------------------------------------------------------------------------------------------------------------------

--------------------------------------------------------------------------------------------------------------------------------------
Phe TTT   0   0   0   0   0   0 | Ser TCT   0   0   1   0   0   0 | Tyr TAT   0   0   0   0   0   0 | Cys TGT   0   0   0   0   0   0
    TTC   0   0   0   0   0   0 |     TCC   2   2   1   2   2   2 |     TAC   0   0   0   0   0   0 |     TGC   1   1   1   1   1   1
Leu TTA   0   0   0   0   0   0 |     TCA   0   0   0   0   0   0 | *** TAA   0   0   0   0   0   0 | *** TGA   0   0   0   0   0   0
    TTG   0   0   0   0   0   0 |     TCG   0   0   0   0   0   0 |     TAG   0   0   0   0   0   0 | Trp TGG   0   0   0   0   0   0
--------------------------------------------------------------------------------------------------------------------------------------
Leu CTT   0   0   0   0   0   0 | Pro CCT   0   0   0   0   0   0 | His CAT   0   0   0   0   0   0 | Arg CGT   0   0   0   0   0   0
    CTC   0   0   0   0   0   0 |     CCC   0   0   0   0   0   0 |     CAC   0   0   0   0   0   0 |     CGC   0   0   0   0   0   0
    CTA   0   0   0   0   0   0 |     CCA   0   0   0   0   0   0 | Gln CAA   1   1   1   1   1   1 |     CGA   0   0   0   0   0   0
    CTG   1   1   1   1   1   1 |     CCG   0   0   0   0   0   0 |     CAG   1   1   1   1   1   1 |     CGG   1   1   1   1   1   1
--------------------------------------------------------------------------------------------------------------------------------------
Ile ATT   0   0   0   0   0   0 | Thr ACT   0   0   0   0   0   0 | Asn AAT   1   1   1   0   1   1 | Ser AGT   0   0   0   1   0   0
    ATC   1   1   1   1   1   1 |     ACC   1   1   1   1   1   2 |     AAC   1   1   1   1   1   1 |     AGC   2   2   2   2   2   2
    ATA   0   0   0   0   0   0 |     ACA   0   0   0   0   0   0 | Lys AAA   2   2   2   2   2   2 | Arg AGA   0   0   1   0   1   0
Met ATG   4   4   4   4   4   4 |     ACG   0   0   0   0   0   0 |     AAG   2   2   2   2   2   2 |     AGG   1   1   0   1   0   1
--------------------------------------------------------------------------------------------------------------------------------------
Val GTT   0   0   0   0   0   0 | Ala GCT   1   1   0   1   1   1 | Asp GAT   0   0   0   0   0   0 | Gly GGT   0   0   0   0   0   0
    GTC   0   0   0   0   0   0 |     GCC   3   3   3   3   3   2 |     GAC   1   1   1   1   1   1 |     GGC   1   1   1   1   1   1
    GTA   0   0   0   0   0   0 |     GCA   0   0   1   0   0   0 | Glu GAA   2   2   2   2   2   2 |     GGA   0   0   0   0   0   0
    GTG   2   2   2   2   2   2 |     GCG   0   0   0   0   0   0 |     GAG   1   1   1   1   1   1 |     GGG   0   0   0   0   0   0
--------------------------------------------------------------------------------------------------------------------------------------

--------------------------------------------------------------------------------------------------------------------------------------
Phe TTT   0   0   0   0   0   0 | Ser TCT   0   0   0   0   0   0 | Tyr TAT   0   0   0   0   0   0 | Cys TGT   0   0   0   0   0   0
    TTC   0   0   0   0   0   0 |     TCC   2   2   2   2   2   2 |     TAC   0   0   0   0   0   0 |     TGC   1   1   1   1   1   1
Leu TTA   0   0   0   0   0   0 |     TCA   0   0   0   0   0   0 | *** TAA   0   0   0   0   0   0 | *** TGA   0   0   0   0   0   0
    TTG   0   1   0   0   0   0 |     TCG   0   0   0   0   0   0 |     TAG   0   0   0   0   0   0 | Trp TGG   0   0   0   0   0   0
--------------------------------------------------------------------------------------------------------------------------------------
Leu CTT   0   0   0   0   0   0 | Pro CCT   0   0   0   0   0   0 | His CAT   0   0   0   0   0   0 | Arg CGT   0   0   0   0   0   0
    CTC   0   0   0   0   0   0 |     CCC   0   0   0   0   0   0 |     CAC   0   0   0   0   0   0 |     CGC   0   0   0   0   0   0
    CTA   0   0   0   0   0   0 |     CCA   0   0   0   0   0   0 | Gln CAA   1   1   1   1   1   1 |     CGA   0   0   0   0   0   0
    CTG   1   0   1   1   1   1 |     CCG   0   0   0   0   0   0 |     CAG   1   1   1   1   1   1 |     CGG   1   1   1   1   1   1
--------------------------------------------------------------------------------------------------------------------------------------
Ile ATT   0   0   0   0   0   0 | Thr ACT   0   0   0   0   0   0 | Asn AAT   1   1   1   1   1   1 | Ser AGT   0   0   0   0   0   0
    ATC   1   1   1   1   1   1 |     ACC   1   1   1   1   1   1 |     AAC   1   1   1   1   1   1 |     AGC   2   2   2   2   2   2
    ATA   0   0   0   0   0   0 |     ACA   0   0   0   0   0   0 | Lys AAA   2   2   2   1   2   2 | Arg AGA   0   0   0   0   0   0
Met ATG   4   4   4   4   4   4 |     ACG   0   0   0   0   0   0 |     AAG   2   2   2   3   2   2 |     AGG   1   1   1   1   1   1
--------------------------------------------------------------------------------------------------------------------------------------
Val GTT   0   0   0   0   0   0 | Ala GCT   1   1   1   1   1   1 | Asp GAT   0   0   0   0   0   0 | Gly GGT   0   0   0   0   0   0
    GTC   0   0   0   0   0   0 |     GCC   3   3   3   3   3   3 |     GAC   1   1   1   1   1   1 |     GGC   1   1   1   1   1   1
    GTA   0   0   0   0   0   0 |     GCA   0   0   0   0   0   0 | Glu GAA   2   2   2   2   2   2 |     GGA   0   0   0   0   0   0
    GTG   2   2   2   2   2   2 |     GCG   0   0   0   0   0   0 |     GAG   1   1   1   1   1   1 |     GGG   0   0   0   0   0   0
--------------------------------------------------------------------------------------------------------------------------------------

--------------------------------------------------------------------------------------------------------------------------------------
Phe TTT   0   0   0   0   0   0 | Ser TCT   0   0   1   0   0   0 | Tyr TAT   0   0   0   0   0   0 | Cys TGT   0   0   0   0   0   0
    TTC   0   0   0   0   0   0 |     TCC   2   2   1   2   2   2 |     TAC   0   0   0   0   0   0 |     TGC   1   1   1   1   1   1
Leu TTA   0   0   0   0   0   0 |     TCA   0   0   0   0   0   0 | *** TAA   0   0   0   0   0   0 | *** TGA   0   0   0   0   0   0
    TTG   0   0   0   0   0   0 |     TCG   0   0   0   0   0   0 |     TAG   0   0   0   0   0   0 | Trp TGG   0   0   0   0   0   0
--------------------------------------------------------------------------------------------------------------------------------------
Leu CTT   0   0   0   0   0   0 | Pro CCT   0   0   0   0   0   0 | His CAT   0   0   0   0   0   0 | Arg CGT   0   0   0   0   0   0
    CTC   0   0   0   0   0   0 |     CCC   0   0   0   0   0   0 |     CAC   0   0   0   0   0   0 |     CGC   0   0   0   0   0   0
    CTA   0   0   0   0   0   0 |     CCA   0   0   0   0   0   0 | Gln CAA   1   1   1   1   1   1 |     CGA   0   0   0   0   0   0
    CTG   1   1   1   1   1   1 |     CCG   0   0   0   0   0   0 |     CAG   1   1   1   1   1   1 |     CGG   1   1   1   1   1   1
--------------------------------------------------------------------------------------------------------------------------------------
Ile ATT   0   0   0   0   0   0 | Thr ACT   0   0   0   0   0   0 | Asn AAT   1   1   1   1   1   1 | Ser AGT   0   0   0   0   0   0
    ATC   1   1   1   1   1   1 |     ACC   1   1   1   1   1   1 |     AAC   1   1   1   1   1   1 |     AGC   2   2   2   2   2   2
    ATA   0   0   0   0   0   0 |     ACA   0   0   0   0   0   0 | Lys AAA   2   2   2   2   2   2 | Arg AGA   0   0   1   0   0   0
Met ATG   4   4   4   4   4   4 |     ACG   0   0   0   0   0   0 |     AAG   2   2   2   2   2   2 |     AGG   1   1   0   1   1   1
--------------------------------------------------------------------------------------------------------------------------------------
Val GTT   0   0   0   0   0   0 | Ala GCT   0   1   0   2   1   1 | Asp GAT   0   0   0   0   0   0 | Gly GGT   0   0   0   0   0   0
    GTC   0   0   0   0   0   0 |     GCC   3   3   3   2   3   3 |     GAC   1   1   1   1   1   1 |     GGC   1   1   1   1   1   1
    GTA   0   0   0   0   0   0 |     GCA   1   0   1   0   0   0 | Glu GAA   2   2   2   2   2   2 |     GGA   0   0   0   0   0   0
    GTG   2   2   2   2   2   2 |     GCG   0   0   0   0   0   0 |     GAG   1   1   1   1   1   1 |     GGG   0   0   0   0   0   0
--------------------------------------------------------------------------------------------------------------------------------------

--------------------------------------------------------------------------------------------------------------------------------------
Phe TTT   0   0   0   0   0   0 | Ser TCT   0   0   0   0   0   0 | Tyr TAT   0   0   0   0   0   0 | Cys TGT   0   0   0   0   0   0
    TTC   0   0   0   0   0   0 |     TCC   2   2   2   2   2   2 |     TAC   0   0   0   0   0   0 |     TGC   1   1   1   1   1   1
Leu TTA   0   0   0   0   0   0 |     TCA   0   0   0   0   0   0 | *** TAA   0   0   0   0   0   0 | *** TGA   0   0   0   0   0   0
    TTG   0   0   0   0   0   0 |     TCG   0   0   0   0   0   0 |     TAG   0   0   0   0   0   0 | Trp TGG   0   0   0   0   0   0
--------------------------------------------------------------------------------------------------------------------------------------
Leu CTT   0   0   0   0   0   0 | Pro CCT   0   0   0   0   0   0 | His CAT   0   0   0   0   0   0 | Arg CGT   0   0   0   0   0   0
    CTC   0   0   0   0   0   0 |     CCC   0   0   0   0   0   0 |     CAC   0   0   0   0   0   0 |     CGC   0   0   0   0   0   0
    CTA   0   0   0   0   0   0 |     CCA   0   0   0   0   0   0 | Gln CAA   1   1   1   1   1   1 |     CGA   0   1   0   0   0   0
    CTG   1   1   1   1   1   1 |     CCG   0   0   0   0   0   0 |     CAG   1   1   1   1   1   1 |     CGG   1   0   1   1   1   1
--------------------------------------------------------------------------------------------------------------------------------------
Ile ATT   0   0   0   0   0   0 | Thr ACT   0   0   0   0   0   0 | Asn AAT   1   0   1   1   1   1 | Ser AGT   0   1   0   0   0   0
    ATC   1   1   1   1   1   1 |     ACC   1   1   1   1   1   1 |     AAC   1   1   1   1   1   1 |     AGC   2   2   2   2   2   2
    ATA   0   0   0   0   0   0 |     ACA   0   0   0   0   0   0 | Lys AAA   2   2   1   2   2   2 | Arg AGA   1   0   0   0   0   0
Met ATG   4   4   4   4   4   4 |     ACG   0   0   0   0   0   0 |     AAG   2   2   3   2   2   2 |     AGG   0   1   1   1   1   1
--------------------------------------------------------------------------------------------------------------------------------------
Val GTT   0   0   0   0   0   0 | Ala GCT   1   1   1   1   1   1 | Asp GAT   0   0   0   0   0   0 | Gly GGT   0   0   0   0   0   0
    GTC   0   0   0   0   0   0 |     GCC   3   3   3   3   3   3 |     GAC   1   1   1   1   1   1 |     GGC   1   1   1   1   1   1
    GTA   0   0   0   0   0   0 |     GCA   0   0   0   0   0   0 | Glu GAA   2   2   2   2   2   2 |     GGA   0   0   0   0   0   0
    GTG   2   2   2   2   2   2 |     GCG   0   0   0   0   0   0 |     GAG   1   1   1   1   1   1 |     GGG   0   0   0   0   0   0
--------------------------------------------------------------------------------------------------------------------------------------

Codon position x base (3x4) table for each sequence.

#1: Argali         
position  1:    T:0.06061    C:0.15152    A:0.45455    G:0.33333
position  2:    T:0.21212    C:0.21212    A:0.36364    G:0.21212
position  3:    T:0.06061    C:0.39394    A:0.15152    G:0.39394
Average         T:0.11111    C:0.25253    A:0.32323    G:0.31313

#2: LesserMouseDeer
position  1:    T:0.06061    C:0.15152    A:0.42424    G:0.36364
position  2:    T:0.24242    C:0.21212    A:0.36364    G:0.18182
position  3:    T:0.03030    C:0.42424    A:0.06061    G:0.48485
Average         T:0.11111    C:0.26263    A:0.28283    G:0.34343

#3: LesserKudu     
position  1:    T:0.09091    C:0.12121    A:0.45455    G:0.33333
position  2:    T:0.24242    C:0.21212    A:0.36364    G:0.18182
position  3:    T:0.09091    C:0.39394    A:0.15152    G:0.36364
Average         T:0.14141    C:0.24242    A:0.32323    G:0.29293

#4: ForestMuskDeer2
position  1:    T:0.09091    C:0.12121    A:0.45455    G:0.33333
position  2:    T:0.24242    C:0.21212    A:0.36364    G:0.18182
position  3:    T:0.06061    C:0.39394    A:0.15152    G:0.39394
Average         T:0.13131    C:0.24242    A:0.32323    G:0.30303

#5: Camel          
position  1:    T:0.09091    C:0.09091    A:0.51515    G:0.30303
position  2:    T:0.24242    C:0.21212    A:0.33333    G:0.21212
position  3:    T:0.06061    C:0.36364    A:0.06061    G:0.51515
Average         T:0.13131    C:0.22222    A:0.30303    G:0.34343

#6: KillerWhale    
position  1:    T:0.09091    C:0.09091    A:0.48485    G:0.33333
position  2:    T:0.24242    C:0.21212    A:0.33333    G:0.21212
position  3:    T:0.09091    C:0.36364    A:0.09091    G:0.45455
Average         T:0.14141    C:0.22222    A:0.30303    G:0.33333

#7: DefassaWaterbuck
position  1:    T:0.09091    C:0.12121    A:0.45455    G:0.33333
position  2:    T:0.24242    C:0.21212    A:0.36364    G:0.18182
position  3:    T:0.06061    C:0.39394    A:0.12121    G:0.42424
Average         T:0.13131    C:0.24242    A:0.31313    G:0.31313

#8: Sheep          
position  1:    T:0.06061    C:0.15152    A:0.45455    G:0.33333
position  2:    T:0.21212    C:0.21212    A:0.36364    G:0.21212
position  3:    T:0.06061    C:0.39394    A:0.15152    G:0.39394
Average         T:0.11111    C:0.25253    A:0.32323    G:0.31313

#9: MaxwellsDuiker 
position  1:    T:0.09091    C:0.12121    A:0.45455    G:0.33333
position  2:    T:0.24242    C:0.21212    A:0.36364    G:0.18182
position  3:    T:0.06061    C:0.39394    A:0.15152    G:0.39394
Average         T:0.13131    C:0.24242    A:0.32323    G:0.30303

#10: GazellaPrzewalskyi
position  1:    T:0.09091    C:0.12121    A:0.45455    G:0.33333
position  2:    T:0.24242    C:0.21212    A:0.36364    G:0.18182
position  3:    T:0.06061    C:0.39394    A:0.12121    G:0.42424
Average         T:0.13131    C:0.24242    A:0.31313    G:0.31313

#11: MountainNyala  
position  1:    T:0.09091    C:0.12121    A:0.45455    G:0.33333
position  2:    T:0.24242    C:0.21212    A:0.36364    G:0.18182
position  3:    T:0.06061    C:0.39394    A:0.15152    G:0.39394
Average         T:0.13131    C:0.24242    A:0.32323    G:0.30303

#12: MuntiacusMuntjak
position  1:    T:0.09091    C:0.12121    A:0.45455    G:0.33333
position  2:    T:0.24242    C:0.21212    A:0.36364    G:0.18182
position  3:    T:0.06061    C:0.36364    A:0.21212    G:0.36364
Average         T:0.13131    C:0.23232    A:0.34343    G:0.29293

#13: goat           
position  1:    T:0.09091    C:0.12121    A:0.45455    G:0.33333
position  2:    T:0.24242    C:0.21212    A:0.36364    G:0.18182
position  3:    T:0.06061    C:0.39394    A:0.15152    G:0.39394
Average         T:0.13131    C:0.24242    A:0.32323    G:0.30303

#14: AfricanBuffalo 
position  1:    T:0.09091    C:0.12121    A:0.45455    G:0.33333
position  2:    T:0.24242    C:0.21212    A:0.36364    G:0.18182
position  3:    T:0.06061    C:0.39394    A:0.15152    G:0.39394
Average         T:0.13131    C:0.24242    A:0.32323    G:0.30303

#15: Topi           
position  1:    T:0.09091    C:0.12121    A:0.48485    G:0.30303
position  2:    T:0.24242    C:0.21212    A:0.36364    G:0.18182
position  3:    T:0.09091    C:0.36364    A:0.15152    G:0.39394
Average         T:0.14141    C:0.23232    A:0.33333    G:0.29293

#16: CommonDuiker   
position  1:    T:0.09091    C:0.12121    A:0.45455    G:0.33333
position  2:    T:0.24242    C:0.21212    A:0.36364    G:0.18182
position  3:    T:0.06061    C:0.39394    A:0.15152    G:0.39394
Average         T:0.13131    C:0.24242    A:0.32323    G:0.30303

#17: Suni           
position  1:    T:0.09091    C:0.12121    A:0.45455    G:0.33333
position  2:    T:0.24242    C:0.21212    A:0.36364    G:0.18182
position  3:    T:0.06061    C:0.36364    A:0.15152    G:0.42424
Average         T:0.13131    C:0.23232    A:0.32323    G:0.31313

#18: Springbuck     
position  1:    T:0.09091    C:0.12121    A:0.45455    G:0.33333
position  2:    T:0.24242    C:0.21212    A:0.33333    G:0.21212
position  3:    T:0.06061    C:0.39394    A:0.15152    G:0.39394
Average         T:0.13131    C:0.24242    A:0.31313    G:0.31313

#19: Okapi          
position  1:    T:0.09091    C:0.12121    A:0.48485    G:0.30303
position  2:    T:0.24242    C:0.21212    A:0.36364    G:0.18182
position  3:    T:0.06061    C:0.39394    A:0.12121    G:0.42424
Average         T:0.13131    C:0.24242    A:0.32323    G:0.30303

#20: Giraffe        
position  1:    T:0.09091    C:0.12121    A:0.48485    G:0.30303
position  2:    T:0.24242    C:0.21212    A:0.36364    G:0.18182
position  3:    T:0.06061    C:0.39394    A:0.12121    G:0.42424
Average         T:0.13131    C:0.24242    A:0.32323    G:0.30303

#21: TibetanAntelope
position  1:    T:0.09091    C:0.12121    A:0.45455    G:0.33333
position  2:    T:0.24242    C:0.21212    A:0.36364    G:0.18182
position  3:    T:0.06061    C:0.39394    A:0.15152    G:0.39394
Average         T:0.13131    C:0.24242    A:0.32323    G:0.30303

#22: Sitatunga      
position  1:    T:0.09091    C:0.12121    A:0.45455    G:0.33333
position  2:    T:0.24242    C:0.21212    A:0.36364    G:0.18182
position  3:    T:0.06061    C:0.39394    A:0.15152    G:0.39394
Average         T:0.13131    C:0.24242    A:0.32323    G:0.30303

#23: Oribi          
position  1:    T:0.09091    C:0.12121    A:0.45455    G:0.33333
position  2:    T:0.24242    C:0.21212    A:0.36364    G:0.18182
position  3:    T:0.06061    C:0.36364    A:0.18182    G:0.39394
Average         T:0.13131    C:0.23232    A:0.33333    G:0.30303

#24: BarbarySheep   
position  1:    T:0.09091    C:0.12121    A:0.48485    G:0.30303
position  2:    T:0.24242    C:0.21212    A:0.36364    G:0.18182
position  3:    T:0.06061    C:0.39394    A:0.15152    G:0.39394
Average         T:0.13131    C:0.24242    A:0.33333    G:0.29293

#25: Daviddeer      
position  1:    T:0.09091    C:0.12121    A:0.48485    G:0.30303
position  2:    T:0.24242    C:0.21212    A:0.36364    G:0.18182
position  3:    T:0.03030    C:0.39394    A:0.18182    G:0.39394
Average         T:0.12121    C:0.24242    A:0.34343    G:0.29293

#26: Reindeer       
position  1:    T:0.09091    C:0.12121    A:0.45455    G:0.33333
position  2:    T:0.24242    C:0.21212    A:0.36364    G:0.18182
position  3:    T:0.06061    C:0.39394    A:0.18182    G:0.36364
Average         T:0.13131    C:0.24242    A:0.33333    G:0.29293

#27: Ibex           
position  1:    T:0.09091    C:0.12121    A:0.45455    G:0.33333
position  2:    T:0.24242    C:0.21212    A:0.36364    G:0.18182
position  3:    T:0.06061    C:0.39394    A:0.15152    G:0.39394
Average         T:0.13131    C:0.24242    A:0.32323    G:0.30303

#28: GyrantGazelle  
position  1:    T:0.09091    C:0.12121    A:0.45455    G:0.33333
position  2:    T:0.21212    C:0.21212    A:0.36364    G:0.21212
position  3:    T:0.06061    C:0.39394    A:0.15152    G:0.39394
Average         T:0.12121    C:0.24242    A:0.32323    G:0.31313

#29: Hartebeest     
position  1:    T:0.09091    C:0.12121    A:0.48485    G:0.30303
position  2:    T:0.24242    C:0.21212    A:0.36364    G:0.18182
position  3:    T:0.09091    C:0.36364    A:0.15152    G:0.39394
Average         T:0.14141    C:0.23232    A:0.33333    G:0.29293

#30: Bongo          
position  1:    T:0.09091    C:0.12121    A:0.45455    G:0.33333
position  2:    T:0.24242    C:0.21212    A:0.36364    G:0.18182
position  3:    T:0.09091    C:0.36364    A:0.15152    G:0.39394
Average         T:0.14141    C:0.23232    A:0.32323    G:0.30303

#31: Gerenuk        
position  1:    T:0.09091    C:0.12121    A:0.45455    G:0.33333
position  2:    T:0.24242    C:0.21212    A:0.36364    G:0.18182
position  3:    T:0.06061    C:0.39394    A:0.15152    G:0.39394
Average         T:0.13131    C:0.24242    A:0.32323    G:0.30303

#32: CommonEland    
position  1:    T:0.09091    C:0.12121    A:0.45455    G:0.33333
position  2:    T:0.24242    C:0.21212    A:0.36364    G:0.18182
position  3:    T:0.06061    C:0.39394    A:0.15152    G:0.39394
Average         T:0.13131    C:0.24242    A:0.32323    G:0.30303

#33: MuntiacusReevesi
position  1:    T:0.09091    C:0.12121    A:0.45455    G:0.33333
position  2:    T:0.24242    C:0.21212    A:0.36364    G:0.18182
position  3:    T:0.06061    C:0.36364    A:0.21212    G:0.36364
Average         T:0.13131    C:0.23232    A:0.34343    G:0.29293

#34: HarveysDuiker  
position  1:    T:0.09091    C:0.12121    A:0.45455    G:0.33333
position  2:    T:0.24242    C:0.21212    A:0.33333    G:0.21212
position  3:    T:0.06061    C:0.39394    A:0.15152    G:0.39394
Average         T:0.13131    C:0.24242    A:0.31313    G:0.31313

#35: Pronghorn      
position  1:    T:0.09091    C:0.12121    A:0.45455    G:0.33333
position  2:    T:0.24242    C:0.21212    A:0.36364    G:0.18182
position  3:    T:0.06061    C:0.39394    A:0.18182    G:0.36364
Average         T:0.13131    C:0.24242    A:0.33333    G:0.29293

#36: BlueWildebeest 
position  1:    T:0.09091    C:0.12121    A:0.48485    G:0.30303
position  2:    T:0.24242    C:0.21212    A:0.36364    G:0.18182
position  3:    T:0.06061    C:0.39394    A:0.15152    G:0.39394
Average         T:0.13131    C:0.24242    A:0.33333    G:0.29293

#37: Gemsbok        
position  1:    T:0.09091    C:0.12121    A:0.45455    G:0.33333
position  2:    T:0.24242    C:0.21212    A:0.36364    G:0.18182
position  3:    T:0.06061    C:0.39394    A:0.15152    G:0.39394
Average         T:0.13131    C:0.24242    A:0.32323    G:0.30303

#38: Yak            
position  1:    T:0.12121    C:0.09091    A:0.45455    G:0.33333
position  2:    T:0.24242    C:0.21212    A:0.36364    G:0.18182
position  3:    T:0.06061    C:0.39394    A:0.15152    G:0.39394
Average         T:0.14141    C:0.23232    A:0.32323    G:0.30303

#39: BlueSheep      
position  1:    T:0.09091    C:0.12121    A:0.45455    G:0.33333
position  2:    T:0.24242    C:0.21212    A:0.36364    G:0.18182
position  3:    T:0.06061    C:0.39394    A:0.15152    G:0.39394
Average         T:0.13131    C:0.24242    A:0.32323    G:0.30303

#40: BohorReedbuck  
position  1:    T:0.09091    C:0.12121    A:0.45455    G:0.33333
position  2:    T:0.24242    C:0.21212    A:0.36364    G:0.18182
position  3:    T:0.06061    C:0.39394    A:0.12121    G:0.42424
Average         T:0.13131    C:0.24242    A:0.31313    G:0.31313

#41: KirksDik       
position  1:    T:0.09091    C:0.12121    A:0.45455    G:0.33333
position  2:    T:0.24242    C:0.21212    A:0.36364    G:0.18182
position  3:    T:0.06061    C:0.39394    A:0.15152    G:0.39394
Average         T:0.13131    C:0.24242    A:0.32323    G:0.30303

#42: RoeDeer        
position  1:    T:0.09091    C:0.12121    A:0.45455    G:0.33333
position  2:    T:0.24242    C:0.21212    A:0.36364    G:0.18182
position  3:    T:0.06061    C:0.39394    A:0.15152    G:0.39394
Average         T:0.13131    C:0.24242    A:0.32323    G:0.30303

#43: WhiteLippedDeer
position  1:    T:0.09091    C:0.12121    A:0.45455    G:0.33333
position  2:    T:0.24242    C:0.21212    A:0.36364    G:0.18182
position  3:    T:0.03030    C:0.39394    A:0.18182    G:0.39394
Average         T:0.12121    C:0.24242    A:0.33333    G:0.30303

#44: ThomsonGazelle 
position  1:    T:0.09091    C:0.12121    A:0.45455    G:0.33333
position  2:    T:0.24242    C:0.21212    A:0.36364    G:0.18182
position  3:    T:0.06061    C:0.39394    A:0.15152    G:0.39394
Average         T:0.13131    C:0.24242    A:0.32323    G:0.30303

#45: MuntiacusCrinifrons
position  1:    T:0.09091    C:0.12121    A:0.45455    G:0.33333
position  2:    T:0.24242    C:0.21212    A:0.36364    G:0.18182
position  3:    T:0.06061    C:0.36364    A:0.21212    G:0.36364
Average         T:0.13131    C:0.23232    A:0.34343    G:0.29293

#46: WhiteTailedDeer
position  1:    T:0.09091    C:0.12121    A:0.45455    G:0.33333
position  2:    T:0.24242    C:0.21212    A:0.36364    G:0.18182
position  3:    T:0.09091    C:0.36364    A:0.15152    G:0.39394
Average         T:0.14141    C:0.23232    A:0.32323    G:0.30303

#47: Cattle         
position  1:    T:0.09091    C:0.12121    A:0.45455    G:0.33333
position  2:    T:0.24242    C:0.21212    A:0.36364    G:0.18182
position  3:    T:0.06061    C:0.39394    A:0.15152    G:0.39394
Average         T:0.13131    C:0.24242    A:0.32323    G:0.30303

#48: RoyalAntelope  
position  1:    T:0.09091    C:0.12121    A:0.45455    G:0.33333
position  2:    T:0.24242    C:0.21212    A:0.36364    G:0.18182
position  3:    T:0.06061    C:0.39394    A:0.15152    G:0.39394
Average         T:0.13131    C:0.24242    A:0.32323    G:0.30303

#49: Steenbok       
position  1:    T:0.09091    C:0.12121    A:0.45455    G:0.33333
position  2:    T:0.24242    C:0.21212    A:0.36364    G:0.18182
position  3:    T:0.06061    C:0.39394    A:0.18182    G:0.36364
Average         T:0.13131    C:0.24242    A:0.33333    G:0.29293

#50: Impala         
position  1:    T:0.09091    C:0.12121    A:0.45455    G:0.33333
position  2:    T:0.24242    C:0.21212    A:0.33333    G:0.21212
position  3:    T:0.06061    C:0.39394    A:0.18182    G:0.36364
Average         T:0.13131    C:0.24242    A:0.32323    G:0.30303

#51: Klipspringer   
position  1:    T:0.09091    C:0.12121    A:0.45455    G:0.33333
position  2:    T:0.24242    C:0.21212    A:0.36364    G:0.18182
