1
52 1
Argali 0.000000 0.517300 0.143900 0.417900 0.114900 0.000000 0.116000 0.143500 0.143300 0.225500 0.027300 0.178000 0.055700 0.150200 0.146100 0.114900 0.184500 0.197700 0.053700 0.143300 0.180500 0.026900 0.257000 0.223100 0.027200 0.115000 0.055700 0.143300 0.143000 0.143300 0.217300 0.114900 0.225500 0.083200 0.086300 0.200600 0.026900 0.114900 0.114900 0.257800 0.225500 0.184900 0.225500 0.223100 0.178000 0.083500 0.181200 0.217600 0.148200 0.216000 0.143300 0.143300
LesserMous 0.517300 0.000000 0.512200 0.577500 0.514700 0.517300 0.522900 0.555600 0.510600 0.395900 0.509000 0.509300 0.513600 0.598100 0.567100 0.514700 0.329400 0.465300 0.447300 0.510600 0.500500 0.509000 0.438300 0.389900 0.509000 0.543000 0.513600 0.510600 0.551500 0.510600 0.439600 0.514700 0.395900 0.508800 0.571900 0.547700 0.509000 0.514700 0.514700 0.444000 0.395900 0.561500 0.395900 0.389900 0.509300 0.449800 0.523400 0.531600 0.526800 0.462500 0.510600 0.510600
LesserKudu 0.143900 0.512200 0.000000 0.284500 0.027400 0.143900 0.085400 0.054500 0.000100 0.123100 0.113100 0.084700 0.084600 0.057300 0.055300 0.027400 0.180600 0.163300 0.082000 0.000100 0.085400 0.113100 0.152500 0.121500 0.113100 0.027400 0.084600 0.000100 0.083200 0.000100 0.185700 0.027400 0.123100 0.054000 0.115800 0.052600 0.113100 0.027400 0.027400 0.154400 0.123100 0.087500 0.123100 0.121500 0.084700 0.054400 0.086200 0.117100 0.000300 0.117500 0.000100 0.000100
KillerWhal 0.417900 0.577500 0.284500 0.000000 0.286400 0.417900 0.380800 0.322500 0.283500 0.358100 0.373200 0.378200 0.377500 0.341600 0.284900 0.286400 0.495100 0.423200 0.320000 0.283500 0.382200 0.373200 0.350400 0.353400 0.373200 0.287200 0.377500 0.283500 0.320200 0.283500 0.442800 0.286400 0.358100 0.373000 0.386900 0.359700 0.373200 0.286400 0.286400 0.406500 0.358100 0.386300 0.358100 0.353400 0.378200 0.321500 0.381200 0.428900 0.288500 0.430400 0.283500 0.283500
DefassaWat 0.114900 0.514700 0.027400 0.286400 0.000000 0.114900 0.056800 0.027200 0.027300 0.091800 0.084600 0.056200 0.056400 0.029500 0.027700 0.000000 0.220500 0.130500 0.054400 0.027300 0.056900 0.084600 0.121400 0.090900 0.084600 0.000100 0.056400 0.027300 0.055100 0.027300 0.154100 0.000000 0.091800 0.084300 0.086700 0.081500 0.084600 0.000000 0.000000 0.122500 0.091800 0.058300 0.091800 0.090900 0.056200 0.027200 0.057400 0.087600 0.028200 0.087900 0.027400 0.027300
Sheep 0.000000 0.517300 0.143900 0.417900 0.114900 0.000000 0.116000 0.143500 0.143300 0.225500 0.026900 0.178000 0.055700 0.150200 0.146100 0.114900 0.184500 0.197700 0.053700 0.143300 0.180500 0.026900 0.257000 0.223100 0.026900 0.115000 0.055700 0.143300 0.143000 0.143300 0.217300 0.114900 0.225500 0.083200 0.085600 0.200600 0.026900 0.114900 0.114900 0.257800 0.225500 0.184900 0.225500 0.223100 0.178000 0.083500 0.181200 0.217600 0.148200 0.216000 0.143300 0.143300
MaxwellsDu 0.116000 0.522900 0.085400 0.380800 0.056800 0.116000 0.000000 0.084700 0.085100 0.160100 0.085400 0.117000 0.058100 0.028700 0.086400 0.056800 0.223200 0.205600 0.054900 0.087600 0.118700 0.085400 0.191000 0.158400 0.085400 0.056800 0.056900 0.085100 0.114700 0.085100 0.226200 0.056800 0.160100 0.085100 0.087500 0.141400 0.085400 0.056800 0.056800 0.192400 0.160100 0.121600 0.160100 0.158400 0.117000 0.027500 0.119600 0.152600 0.088000 0.152600 0.085100 0.085100
GazellaPrz 0.143500 0.555600 0.054500 0.322500 0.027200 0.143500 0.084700 0.000000 0.054300 0.121500 0.112500 0.084000 0.084300 0.056700 0.055100 0.027200 0.251300 0.161900 0.081300 0.054300 0.084900 0.112500 0.150900 0.120200 0.112500 0.027200 0.084300 0.054300 0.084100 0.055700 0.184200 0.027200 0.121500 0.112100 0.115300 0.108300 0.112500 0.027200 0.027200 0.152100 0.121500 0.087000 0.121500 0.120200 0.084000 0.054200 0.085500 0.116400 0.056100 0.116500 0.054300 0.054300
MountainNy 0.143300 0.510600 0.000100 0.283500 0.027300 0.143300 0.085100 0.054300 0.000000 0.122500 0.112600 0.084400 0.084300 0.057100 0.055200 0.027300 0.180500 0.163100 0.081700 0.000000 0.085300 0.112600 0.152400 0.121200 0.112600 0.027300 0.084300 0.000000 0.082800 0.000000 0.184900 0.027300 0.122500 0.053800 0.115300 0.052400 0.112600 0.027300 0.027300 0.153700 0.122500 0.087400 0.122500 0.121200 0.084400 0.054400 0.086100 0.116900 0.000200 0.117300 0.000000 0.000000
MuntiacusM 0.225500 0.395900 0.123100 0.358100 0.091800 0.225500 0.160100 0.121500 0.122500 0.000000 0.190400 0.090100 0.158000 0.128900 0.123800 0.091800 0.126400 0.033200 0.152700 0.122500 0.160700 0.190400 0.030700 0.000100 0.190400 0.091900 0.158000 0.122500 0.155100 0.122500 0.062000 0.091800 0.000000 0.189500 0.195100 0.150700 0.190400 0.091800 0.091800 0.031100 0.000000 0.164400 0.000000 0.000100 0.090100 0.121800 0.094400 0.126900 0.126600 0.061000 0.122500 0.122500
goat 0.027300 0.509000 0.113100 0.373200 0.084600 0.026900 0.085400 0.112500 0.112600 0.190400 0.000000 0.145600 0.027300 0.118000 0.114500 0.084600 0.182100 0.162300 0.026400 0.112600 0.147500 0.000000 0.221200 0.188400 0.000000 0.084700 0.027300 0.112600 0.112300 0.112600 0.257400 0.084600 0.190400 0.054400 0.055900 0.168900 0.000000 0.084600 0.084600 0.222500 0.190400 0.151000 0.190400 0.188400 0.145600 0.054600 0.148600 0.182400 0.116500 0.182100 0.112600 0.112600
AfricanBuf 0.178000 0.509300 0.084700 0.378200 0.056200 0.178000 0.117000 0.084000 0.084400 0.090100 0.145600 0.000000 0.116200 0.088200 0.085400 0.056200 0.216700 0.127900 0.112300 0.084400 0.117400 0.145600 0.119200 0.089100 0.145600 0.056300 0.116200 0.084400 0.113900 0.084400 0.151200 0.056200 0.090100 0.145100 0.149100 0.053900 0.145600 0.056200 0.056200 0.120400 0.090100 0.120200 0.090100 0.089100 0.000000 0.084100 0.118400 0.150300 0.086800 0.086200 0.084400 0.084400
Topi 0.055700 0.513600 0.084600 0.377500 0.056400 0.055700 0.058100 0.084300 0.084300 0.158000 0.027300 0.116200 0.000000 0.088400 0.085900 0.056400 0.151200 0.129600 0.055600 0.084300 0.117600 0.027300 0.188300 0.156400 0.027700 0.056400 0.000000 0.084300 0.113700 0.084300 0.224200 0.056400 0.158000 0.027200 0.028000 0.140000 0.027300 0.056400 0.057900 0.189500 0.158000 0.120600 0.158000 0.156400 0.116200 0.027300 0.118300 0.151700 0.087200 0.151300 0.084300 0.084300
CommonDuik 0.150200 0.598100 0.057300 0.341600 0.029500 0.150200 0.028700 0.056700 0.057100 0.128900 0.118000 0.088200 0.088400 0.000000 0.057900 0.028600 0.265800 0.172500 0.085300 0.057100 0.089500 0.118000 0.160000 0.127600 0.118000 0.028600 0.088400 0.057100 0.086400 0.057100 0.194500 0.028600 0.128900 0.117600 0.121000 0.113500 0.118000 0.028600 0.028600 0.161400 0.128900 0.091700 0.128900 0.127600 0.088200 0.056900 0.090300 0.122500 0.059100 0.122700 0.057100 0.057100
Suni 0.146100 0.567100 0.055300 0.284900 0.027700 0.146100 0.086400 0.055100 0.055200 0.123800 0.114500 0.085400 0.085900 0.057900 0.000000 0.027700 0.255400 0.164500 0.082800 0.055200 0.086400 0.114500 0.153200 0.122200 0.114500 0.027600 0.085900 0.055200 0.083700 0.055200 0.187600 0.027700 0.123800 0.114100 0.117400 0.110000 0.114500 0.027700 0.027700 0.155400 0.123800 0.088400 0.123800 0.122200 0.085400 0.054800 0.086800 0.118200 0.057000 0.118200 0.055200 0.055200
Springbuck 0.114900 0.514700 0.027400 0.286400 0.000000 0.114900 0.056800 0.027200 0.027300 0.091800 0.084600 0.056200 0.056400 0.028600 0.027700 0.000000 0.220500 0.130500 0.054400 0.027300 0.056900 0.084600 0.121400 0.090900 0.084600 0.000100 0.056400 0.027300 0.055100 0.027300 0.154100 0.000000 0.091800 0.084300 0.086700 0.081500 0.084600 0.000000 0.000000 0.122500 0.091800 0.058300 0.091800 0.090900 0.056200 0.027200 0.057400 0.087600 0.028200 0.087900 0.027300 0.027300
Okapi 0.184500 0.329400 0.180600 0.495100 0.220500 0.184500 0.223200 0.251300 0.180500 0.126400 0.182100 0.216700 0.151200 0.265800 0.255400 0.220500 0.000000 0.096800 0.213500 0.180500 0.299200 0.182100 0.156400 0.124600 0.182100 0.220200 0.151200 0.180500 0.290000 0.180500 0.158500 0.220500 0.126400 0.115600 0.186200 0.207800 0.182100 0.220500 0.220500 0.159100 0.126400 0.304300 0.126400 0.124600 0.216700 0.181700 0.225100 0.263400 0.185800 0.187200 0.180500 0.180500
Giraffe 0.197700 0.465300 0.163300 0.423200 0.130500 0.197700 0.205600 0.161900 0.163100 0.033200 0.162300 0.127900 0.129600 0.172500 0.164500 0.130500 0.096800 0.000000 0.195300 0.163100 0.206100 0.162300 0.065300 0.032700 0.162300 0.130000 0.129600 0.163100 0.198400 0.163100 0.099200 0.130500 0.033200 0.161600 0.166500 0.192100 0.162300 0.130500 0.130500 0.066600 0.033200 0.209800 0.033200 0.032700 0.127900 0.161500 0.133600 0.169200 0.168300 0.097500 0.163100 0.163100
TibetanAnt 0.053700 0.447300 0.082000 0.320000 0.054400 0.053700 0.054900 0.081300 0.081700 0.152700 0.026400 0.112300 0.055600 0.085300 0.082800 0.054400 0.213500 0.195300 0.000000 0.081700 0.113600 0.026900 0.182500 0.151200 0.027300 0.054500 0.055500 0.081700 0.081400 0.081700 0.216200 0.054400 0.152700 0.081700 0.083900 0.136100 0.026400 0.054400 0.054400 0.183900 0.152700 0.116400 0.152700 0.151200 0.112300 0.026400 0.114700 0.145800 0.084400 0.146300 0.081700 0.081700
Sitatunga 0.143300 0.510600 0.000100 0.283500 0.027300 0.143300 0.087600 0.054300 0.000000 0.122500 0.112600 0.084400 0.084300 0.057100 0.055200 0.027300 0.180500 0.163100 0.081700 0.000000 0.085300 0.112600 0.152400 0.121200 0.112600 0.027300 0.084300 0.000000 0.082800 0.000000 0.184900 0.027300 0.122500 0.053800 0.115300 0.052400 0.112600 0.027300 0.027300 0.153700 0.122500 0.087400 0.122500 0.121200 0.084400 0.054400 0.086100 0.116900 0.000200 0.117300 0.000000 0.000000
Oribi 0.180500 0.500500 0.085400 0.382200 0.056900 0.180500 0.118700 0.084900 0.085300 0.160700 0.147500 0.117400 0.117600 0.089500 0.086400 0.056900 0.299200 0.206100 0.113600 0.085300 0.000000 0.147500 0.191300 0.158400 0.147500 0.056700 0.117600 0.085300 0.116100 0.085300 0.227100 0.056900 0.160700 0.146800 0.151000 0.141900 0.147500 0.056900 0.056900 0.193400 0.160700 0.121700 0.160700 0.158400 0.117400 0.084900 0.119600 0.152500 0.088100 0.152600 0.085300 0.085300
BarbaryShe 0.026900 0.509000 0.113100 0.373200 0.084600 0.026900 0.085400 0.112500 0.112600 0.190400 0.000000 0.145600 0.027300 0.118000 0.114500 0.084600 0.182100 0.162300 0.026900 0.112600 0.147500 0.000000 0.221200 0.188400 0.000000 0.084700 0.027300 0.112600 0.112300 0.112600 0.257400 0.084600 0.190400 0.054400 0.055900 0.168900 0.000000 0.084600 0.084600 0.222500 0.190400 0.151000 0.190400 0.188400 0.145600 0.054600 0.148600 0.182400 0.116500 0.182100 0.112600 0.112600
Daviddeer 0.257000 0.438300 0.152500 0.350400 0.121400 0.257000 0.191000 0.150900 0.152400 0.030700 0.221200 0.119200 0.188300 0.160000 0.153200 0.121400 0.156400 0.065300 0.182500 0.152400 0.191300 0.221200 0.000000 0.047200 0.221200 0.121500 0.188300 0.152400 0.185600 0.152400 0.092100 0.121400 0.030700 0.220300 0.226400 0.180300 0.221200 0.121400 0.121400 0.061700 0.030700 0.195800 0.030700 0.047200 0.119200 0.150700 0.124700 0.157000 0.156900 0.090400 0.152400 0.152400
Reindeer 0.223100 0.389900 0.121500 0.353400 0.090900 0.223100 0.158400 0.120200 0.121200 0.000100 0.188400 0.089100 0.156400 0.127600 0.122200 0.090900 0.124600 0.032700 0.151200 0.121200 0.158400 0.188400 0.047200 0.000000 0.188400 0.090600 0.156400 0.121200 0.153600 0.121200 0.061300 0.090900 0.000100 0.187600 0.193100 0.149100 0.188400 0.090900 0.090900 0.030800 0.000100 0.162100 0.000100 0.000000 0.089100 0.120200 0.093100 0.125100 0.124800 0.060200 0.121200 0.121200
Ibex 0.027200 0.509000 0.113100 0.373200 0.084600 0.026900 0.085400 0.112500 0.112600 0.190400 0.000000 0.145600 0.027700 0.118000 0.114500 0.084600 0.182100 0.162300 0.027300 0.112600 0.147500 0.000000 0.221200 0.188400 0.000000 0.084700 0.027300 0.112600 0.112300 0.112600 0.257400 0.084600 0.190400 0.054400 0.055900 0.168900 0.000000 0.084600 0.084600 0.222500 0.190400 0.151000 0.190400 0.188400 0.145600 0.054600 0.148600 0.182400 0.116500 0.182100 0.112600 0.112600
GyrantGaze 0.115000 0.543000 0.027400 0.287200 0.000100 0.115000 0.056800 0.027200 0.027300 0.091900 0.084700 0.056300 0.056400 0.028600 0.027600 0.000100 0.220200 0.130000 0.054500 0.027300 0.056700 0.084700 0.121500 0.090600 0.084700 0.000000 0.056400 0.027300 0.055200 0.027300 0.154400 0.000100 0.091900 0.084400 0.086700 0.081800 0.084700 0.000100 0.000100 0.122900 0.091900 0.055600 0.091900 0.090600 0.056300 0.027200 0.057300 0.087300 0.028200 0.087800 0.027300 0.027300
Hartebeest 0.055700 0.513600 0.084600 0.377500 0.056400 0.055700 0.056900 0.084300 0.084300 0.158000 0.027300 0.116200 0.000000 0.088400 0.085900 0.056400 0.151200 0.129600 0.055500 0.084300 0.117600 0.027300 0.188300 0.156400 0.027300 0.056400 0.000000 0.084300 0.113700 0.086600 0.224200 0.056400 0.158000 0.027200 0.028500 0.140000 0.028100 0.056400 0.056400 0.189500 0.158000 0.120600 0.158000 0.156400 0.116200 0.027300 0.118300 0.151700 0.087200 0.151300 0.084300 0.084300
Bongo 0.143300 0.510600 0.000100 0.283500 0.027300 0.143300 0.085100 0.054300 0.000000 0.122500 0.112600 0.084400 0.084300 0.057100 0.055200 0.027300 0.180500 0.163100 0.081700 0.000000 0.085300 0.112600 0.152400 0.121200 0.112600 0.027300 0.084300 0.000000 0.082800 0.000000 0.184900 0.027300 0.122500 0.053800 0.115300 0.052400 0.112600 0.027300 0.027300 0.153700 0.122500 0.087400 0.122500 0.121200 0.084400 0.054400 0.086100 0.116900 0.000200 0.117300 0.000000 0.000000
Gerenuk 0.143000 0.551500 0.083200 0.320200 0.055100 0.143000 0.114700 0.084100 0.082800 0.155100 0.112300 0.113900 0.113700 0.086400 0.083700 0.055100 0.290000 0.198400 0.081400 0.082800 0.116100 0.112300 0.185600 0.153600 0.112300 0.055200 0.113700 0.082800 0.000000 0.082800 0.219100 0.055100 0.155100 0.142300 0.146100 0.138100 0.112300 0.055100 0.055100 0.187100 0.155100 0.117800 0.155100 0.153600 0.113900 0.082400 0.116900 0.147400 0.085700 0.148300 0.082800 0.082800
CommonElan 0.143300 0.510600 0.000100 0.283500 0.027300 0.143300 0.085100 0.055700 0.000000 0.122500 0.112600 0.084400 0.084300 0.057100 0.055200 0.027300 0.180500 0.163100 0.081700 0.000000 0.085300 0.112600 0.152400 0.121200 0.112600 0.027300 0.086600 0.000000 0.082800 0.000000 0.184900 0.027300 0.122500 0.053800 0.115300 0.052400 0.112600 0.027300 0.027300 0.153700 0.122500 0.087400 0.122500 0.121200 0.084400 0.054400 0.086100 0.116900 0.000200 0.117300 0.000000 0.000000
MuntiacusR 0.217300 0.439600 0.185700 0.442800 0.154100 0.217300 0.226200 0.184200 0.184900 0.062000 0.257400 0.151200 0.224200 0.194500 0.187600 0.154100 0.158500 0.099200 0.216200 0.184900 0.227100 0.257400 0.092100 0.061300 0.257400 0.154400 0.224200 0.184900 0.219100 0.184900 0.000000 0.154100 0.062000 0.255800 0.263300 0.212900 0.257400 0.154100 0.154100 0.093000 0.062000 0.232100 0.062000 0.061300 0.151200 0.184500 0.157600 0.192400 0.190800 0.122300 0.184900 0.184900
HarveysDui 0.114900 0.514700 0.027400 0.286400 0.000000 0.114900 0.056800 0.027200 0.027300 0.091800 0.084600 0.056200 0.056400 0.028600 0.027700 0.000000 0.220500 0.130500 0.054400 0.027300 0.056900 0.084600 0.121400 0.090900 0.084600 0.000100 0.056400 0.027300 0.055100 0.027300 0.154100 0.000000 0.091800 0.086500 0.086700 0.081500 0.084600 0.000000 0.000000 0.122500 0.091800 0.058300 0.091800 0.090900 0.056200 0.027200 0.057400 0.087600 0.028200 0.087900 0.027300 0.027700
Pronghorn 0.225500 0.395900 0.123100 0.358100 0.091800 0.225500 0.160100 0.121500 0.122500 0.000000 0.190400 0.090100 0.158000 0.128900 0.123800 0.091800 0.126400 0.033200 0.152700 0.122500 0.160700 0.190400 0.030700 0.000100 0.190400 0.091900 0.158000 0.122500 0.155100 0.122500 0.062000 0.091800 0.000000 0.189500 0.195100 0.150700 0.190400 0.091800 0.091800 0.031100 0.000000 0.164400 0.000000 0.000100 0.090100 0.121800 0.094400 0.126900 0.126600 0.061000 0.122500 0.122500
BlueWildeb 0.083200 0.508800 0.054000 0.373000 0.084300 0.083200 0.085100 0.112100 0.053800 0.189500 0.054400 0.145100 0.027200 0.117600 0.114100 0.084300 0.115600 0.161600 0.081700 0.053800 0.146800 0.054400 0.220300 0.187600 0.054400 0.084400 0.027200 0.053800 0.142300 0.053800 0.255800 0.086500 0.189500 0.000000 0.055700 0.107400 0.054400 0.084300 0.084300 0.221600 0.189500 0.150400 0.189500 0.187600 0.145100 0.054500 0.147800 0.182300 0.055700 0.181700 0.053800 0.053800
Gemsbok 0.086300 0.571900 0.115800 0.386900 0.086700 0.085600 0.087500 0.115300 0.115300 0.195100 0.055900 0.149100 0.028000 0.121000 0.117400 0.086700 0.186200 0.166500 0.083900 0.115300 0.151000 0.055900 0.226400 0.193100 0.055900 0.086700 0.028500 0.115300 0.146100 0.115300 0.263300 0.086700 0.195100 0.055700 0.000000 0.172500 0.055900 0.086700 0.086700 0.227600 0.195100 0.154700 0.195100 0.193100 0.149100 0.055900 0.151900 0.186900 0.119400 0.186500 0.115300 0.115300
Yak 0.200600 0.547700 0.052600 0.359700 0.081500 0.200600 0.141400 0.108300 0.052400 0.150700 0.168900 0.053900 0.140000 0.113500 0.110000 0.081500 0.207800 0.192100 0.136100 0.052400 0.141900 0.168900 0.180300 0.149100 0.168900 0.081800 0.140000 0.052400 0.138100 0.052400 0.212900 0.081500 0.150700 0.107400 0.172500 0.000000 0.168900 0.081500 0.081500 0.181800 0.150700 0.145200 0.150700 0.149100 0.053900 0.108500 0.143200 0.174900 0.054100 0.144500 0.052400 0.052400
BlueSheep 0.026900 0.509000 0.113100 0.373200 0.084600 0.026900 0.085400 0.112500 0.112600 0.190400 0.000000 0.145600 0.027300 0.118000 0.114500 0.084600 0.182100 0.162300 0.026400 0.112600 0.147500 0.000000 0.221200 0.188400 0.000000 0.084700 0.028100 0.112600 0.112300 0.112600 0.257400 0.084600 0.190400 0.054400 0.055900 0.168900 0.000000 0.084600 0.084600 0.222500 0.190400 0.151000 0.190400 0.188400 0.145600 0.054600 0.148600 0.182400 0.116500 0.182100 0.112600 0.112600
BohorReedb 0.114900 0.514700 0.027400 0.286400 0.000000 0.114900 0.056800 0.027200 0.027300 0.091800 0.084600 0.056200 0.056400 0.028600 0.027700 0.000000 0.220500 0.130500 0.054400 0.027300 0.056900 0.084600 0.121400 0.090900 0.084600 0.000100 0.056400 0.027300 0.055100 0.027300 0.154100 0.000000 0.091800 0.084300 0.086700 0.081500 0.084600 0.000000 0.000000 0.122500 0.091800 0.058300 0.091800 0.090900 0.056200 0.027200 0.057400 0.087600 0.028200 0.087900 0.027300 0.027300
KirksDik 0.114900 0.514700 0.027400 0.286400 0.000000 0.114900 0.056800 0.027200 0.027300 0.091800 0.084600 0.056200 0.057900 0.028600 0.027700 0.000000 0.220500 0.130500 0.054400 0.027300 0.056900 0.084600 0.121400 0.090900 0.084600 0.000100 0.056400 0.027300 0.055100 0.027300 0.154100 0.000000 0.091800 0.084300 0.086700 0.081500 0.084600 0.000000 0.000000 0.122500 0.091800 0.058300 0.091800 0.090900 0.056200 0.027200 0.057400 0.087600 0.028200 0.087900 0.027300 0.027300
RoeDeer 0.257800 0.444000 0.154400 0.406500 0.122500 0.257800 0.192400 0.152100 0.153700 0.031100 0.222500 0.120400 0.189500 0.161400 0.155400 0.122500 0.159100 0.066600 0.183900 0.153700 0.193400 0.222500 0.061700 0.030800 0.222500 0.122900 0.189500 0.153700 0.187100 0.153700 0.093000 0.122500 0.031100 0.221600 0.227600 0.181800 0.222500 0.122500 0.122500 0.000000 0.031100 0.197700 0.031100 0.030800 0.120400 0.153000 0.126300 0.158500 0.158900 0.091700 0.153700 0.153700
WhiteLippe 0.225500 0.395900 0.123100 0.358100 0.091800 0.225500 0.160100 0.121500 0.122500 0.000000 0.190400 0.090100 0.158000 0.128900 0.123800 0.091800 0.126400 0.033200 0.152700 0.122500 0.160700 0.190400 0.030700 0.000100 0.190400 0.091900 0.158000 0.122500 0.155100 0.122500 0.062000 0.091800 0.000000 0.189500 0.195100 0.150700 0.190400 0.091800 0.091800 0.031100 0.000000 0.164400 0.000000 0.000100 0.090100 0.121800 0.094400 0.126900 0.126600 0.061000 0.122500 0.122500
ThomsonGaz 0.184900 0.561500 0.087500 0.386300 0.058300 0.184900 0.121600 0.087000 0.087400 0.164400 0.151000 0.120200 0.120600 0.091700 0.088400 0.058300 0.304300 0.209800 0.116400 0.087400 0.121700 0.151000 0.195800 0.162100 0.151000 0.055600 0.120600 0.087400 0.117800 0.087400 0.232100 0.058300 0.164400 0.150400 0.154700 0.145200 0.151000 0.058300 0.058300 0.197700 0.164400 0.000000 0.164400 0.162100 0.120200 0.086900 0.122400 0.156100 0.090200 0.124500 0.087400 0.087400
MuntiacusC 0.225500 0.395900 0.123100 0.358100 0.091800 0.225500 0.160100 0.121500 0.122500 0.000000 0.190400 0.090100 0.158000 0.128900 0.123800 0.091800 0.126400 0.033200 0.152700 0.122500 0.160700 0.190400 0.030700 0.000100 0.190400 0.091900 0.158000 0.122500 0.155100 0.122500 0.062000 0.091800 0.000000 0.189500 0.195100 0.150700 0.190400 0.091800 0.091800 0.031100 0.000000 0.164400 0.000000 0.000100 0.090100 0.121800 0.094400 0.126900 0.126600 0.061000 0.122500 0.122500
WhiteTaile 0.223100 0.389900 0.121500 0.353400 0.090900 0.223100 0.158400 0.120200 0.121200 0.000100 0.188400 0.089100 0.156400 0.127600 0.122200 0.090900 0.124600 0.032700 0.151200 0.121200 0.158400 0.188400 0.047200 0.000000 0.188400 0.090600 0.156400 0.121200 0.153600 0.121200 0.061300 0.090900 0.000100 0.187600 0.193100 0.149100 0.188400 0.090900 0.090900 0.030800 0.000100 0.162100 0.000100 0.000000 0.089100 0.120200 0.093100 0.125100 0.124800 0.060200 0.121200 0.121200
Cattle 0.178000 0.509300 0.084700 0.378200 0.056200 0.178000 0.117000 0.084000 0.084400 0.090100 0.145600 0.000000 0.116200 0.088200 0.085400 0.056200 0.216700 0.127900 0.112300 0.084400 0.117400 0.145600 0.119200 0.089100 0.145600 0.056300 0.116200 0.084400 0.113900 0.084400 0.151200 0.056200 0.090100 0.145100 0.149100 0.053900 0.145600 0.056200 0.056200 0.120400 0.090100 0.120200 0.090100 0.089100 0.000000 0.084100 0.118400 0.150300 0.086800 0.086200 0.084400 0.084400
RoyalAntel 0.083500 0.449800 0.054400 0.321500 0.027200 0.083500 0.027500 0.054200 0.054400 0.121800 0.054600 0.084100 0.027300 0.056900 0.054800 0.027200 0.181700 0.161500 0.026400 0.054400 0.084900 0.054600 0.150700 0.120200 0.054600 0.027200 0.027300 0.054400 0.082400 0.054400 0.184500 0.027200 0.121800 0.054500 0.055900 0.108500 0.054600 0.027200 0.027200 0.153000 0.121800 0.086900 0.121800 0.120200 0.084100 0.000000 0.085400 0.116100 0.056100 0.116300 0.054400 0.054400
Steenbok 0.181200 0.523400 0.086200 0.381200 0.057400 0.181200 0.119600 0.085500 0.086100 0.094400 0.148600 0.118400 0.118300 0.090300 0.086800 0.057400 0.225100 0.133600 0.114700 0.086100 0.119600 0.148600 0.124700 0.093100 0.148600 0.057300 0.118300 0.086100 0.116900 0.086100 0.157600 0.057400 0.094400 0.147800 0.151900 0.143200 0.148600 0.057400 0.057400 0.126300 0.094400 0.122400 0.094400 0.093100 0.118400 0.085400 0.000000 0.089100 0.089100 0.089700 0.086100 0.086100
Impala 0.217600 0.531600 0.117100 0.428900 0.087600 0.217600 0.152600 0.116400 0.116900 0.126900 0.182400 0.150300 0.151700 0.122500 0.118200 0.087600 0.263400 0.169200 0.145800 0.116900 0.152500 0.182400 0.157000 0.125100 0.182400 0.087300 0.151700 0.116900 0.147400 0.116900 0.192400 0.087600 0.126900 0.182300 0.186900 0.174900 0.182400 0.087600 0.087600 0.158500 0.126900 0.156100 0.126900 0.125100 0.150300 0.116100 0.089100 0.000000 0.120700 0.121200 0.116900 0.116900
Klipspring 0.148200 0.526800 0.000300 0.288500 0.028200 0.148200 0.088000 0.056100 0.000200 0.126600 0.116500 0.086800 0.087200 0.059100 0.057000 0.028200 0.185800 0.168300 0.084400 0.000200 0.088100 0.116500 0.156900 0.124800 0.116500 0.028200 0.087200 0.000200 0.085700 0.000200 0.190800 0.028200 0.126600 0.055700 0.119400 0.054100 0.116500 0.028200 0.028200 0.158900 0.126600 0.090200 0.126600 0.124800 0.086800 0.056100 0.089100 0.120700 0.000000 0.120600 0.000200 0.000200
ForestMusk 0.216000 0.462500 0.117500 0.430400 0.087900 0.216000 0.152600 0.116500 0.117300 0.061000 0.182100 0.086200 0.151300 0.122700 0.118200 0.087900 0.187200 0.097500 0.146300 0.117300 0.152600 0.182100 0.090400 0.060200 0.182100 0.087800 0.151300 0.117300 0.148300 0.117300 0.122300 0.087900 0.061000 0.181700 0.186500 0.144500 0.182100 0.087900 0.087900 0.091700 0.061000 0.124500 0.061000 0.060200 0.086200 0.116300 0.089700 0.121200 0.120600 0.000000 0.117300 0.117300
Bushbuck 0.143300 0.510600 0.000100 0.283500 0.027400 0.143300 0.085100 0.054300 0.000000 0.122500 0.112600 0.084400 0.084300 0.057100 0.055200 0.027300 0.180500 0.163100 0.081700 0.000000 0.085300 0.112600 0.152400 0.121200 0.112600 0.027300 0.084300 0.000000 0.082800 0.000000 0.184900 0.027300 0.122500 0.053800 0.115300 0.052400 0.112600 0.027300 0.027300 0.153700 0.122500 0.087400 0.122500 0.121200 0.084400 0.054400 0.086100 0.116900 0.000200 0.117300 0.000000 0.000000
GreaterKud 0.143300 0.510600 0.000100 0.283500 0.027300 0.143300 0.085100 0.054300 0.000000 0.122500 0.112600 0.084400 0.084300 0.057100 0.055200 0.027300 0.180500 0.163100 0.081700 0.000000 0.085300 0.112600 0.152400 0.121200 0.112600 0.027300 0.084300 0.000000 0.082800 0.000000 0.184900 0.027700 0.122500 0.053800 0.115300 0.052400 0.112600 0.027300 0.027300 0.153700 0.122500 0.087400 0.122500 0.121200 0.084400 0.054400 0.086100 0.116900 0.000200 0.117300 0.000000 0.000000
