1
52 1
Argali 0.000000 0.359500 0.093000 0.288000 0.030800 0.000000 0.061200 0.030700 0.205100 0.141000 0.030500 0.086800 0.051500 0.131500 0.051700 0.051100 0.086300 0.115300 0.072100 0.225900 0.041800 0.050700 0.107800 0.098400 0.051300 0.051600 0.061600 0.203600 0.071500 0.206000 0.119300 0.019300 0.149800 0.142500 0.040500 0.116000 0.040600 0.030900 0.081900 0.132800 0.216200 0.041200 0.129500 0.086700 0.104100 0.200500 0.051000 0.145100 0.038800 0.182200 0.137300 0.196300
LesserMous 0.359500 0.000000 0.363800 0.382400 0.359000 0.359500 0.409000 0.372500 0.441100 0.402500 0.337700 0.400400 0.340900 0.462400 0.372300 0.366800 0.338800 0.411300 0.427900 0.464600 0.364100 0.393200 0.394400 0.356200 0.399100 0.370400 0.352000 0.437200 0.391200 0.443900 0.379100 0.356900 0.398800 0.361600 0.351300 0.379900 0.413000 0.372800 0.373000 0.434000 0.434600 0.385800 0.389900 0.340500 0.378500 0.456800 0.336800 0.398700 0.374400 0.369300 0.385400 0.433600
LesserKudu 0.093000 0.363800 0.000000 0.348600 0.103600 0.093000 0.133800 0.103400 0.165500 0.195400 0.102800 0.118000 0.124800 0.205000 0.125200 0.102000 0.117400 0.190900 0.145600 0.185600 0.116000 0.122800 0.161800 0.153000 0.124300 0.125200 0.134800 0.164400 0.144400 0.143500 0.173500 0.092500 0.179900 0.222900 0.091300 0.146200 0.135000 0.104000 0.133000 0.188100 0.274200 0.114400 0.183600 0.117800 0.134100 0.283400 0.080700 0.227000 0.093200 0.189200 0.080200 0.134000
KillerWhal 0.288000 0.382400 0.348600 0.000000 0.300700 0.288000 0.334800 0.286700 0.411400 0.342900 0.309600 0.308300 0.311400 0.346000 0.299800 0.282300 0.265400 0.265200 0.336300 0.434500 0.278200 0.293000 0.334400 0.297800 0.354500 0.284900 0.322200 0.407600 0.306500 0.353500 0.320300 0.285700 0.337300 0.332200 0.308300 0.308000 0.338400 0.272100 0.317500 0.310500 0.389300 0.299200 0.331000 0.254600 0.291900 0.368200 0.309800 0.322400 0.288800 0.339100 0.356400 0.372900
DefassaWat 0.030800 0.359000 0.103600 0.300700 0.000000 0.030800 0.071500 0.041000 0.241500 0.152100 0.061900 0.097800 0.061900 0.131300 0.062100 0.061400 0.097200 0.126000 0.082500 0.262500 0.052400 0.060900 0.118800 0.098200 0.083200 0.062100 0.072000 0.239700 0.081800 0.217400 0.130400 0.030600 0.160900 0.129900 0.050800 0.126800 0.072100 0.020400 0.092300 0.144100 0.228200 0.051600 0.140600 0.097700 0.114800 0.200200 0.061300 0.156700 0.052000 0.169000 0.148200 0.207800
Sheep 0.000000 0.359500 0.093000 0.288000 0.030800 0.000000 0.061200 0.030700 0.205100 0.141000 0.028700 0.086800 0.051500 0.131500 0.051700 0.051100 0.086300 0.115300 0.072100 0.225900 0.041800 0.050700 0.107800 0.098400 0.051300 0.051600 0.061600 0.203600 0.071500 0.206000 0.119300 0.020400 0.149800 0.142500 0.040500 0.116000 0.040600 0.030900 0.081900 0.132800 0.216200 0.041200 0.129500 0.086700 0.104100 0.200500 0.051000 0.145100 0.041500 0.182200 0.137300 0.196300
MaxwellsDu 0.061200 0.409000 0.133800 0.334800 0.071500 0.061200 0.000000 0.071400 0.273100 0.137200 0.092200 0.118700 0.092300 0.128800 0.092600 0.091500 0.128700 0.155600 0.070200 0.294100 0.083200 0.090800 0.105000 0.141400 0.113600 0.092500 0.102200 0.246700 0.111800 0.248900 0.116000 0.040200 0.169000 0.186100 0.079700 0.157600 0.102300 0.071800 0.122400 0.176200 0.186100 0.082000 0.126000 0.129400 0.145300 0.244700 0.091400 0.189500 0.082600 0.226900 0.179000 0.239400
GazellaPrz 0.030700 0.372500 0.103400 0.286700 0.041000 0.030700 0.071400 0.000000 0.229200 0.151800 0.061800 0.097600 0.061800 0.141700 0.062000 0.040000 0.085900 0.114900 0.082400 0.250100 0.030700 0.060800 0.118600 0.109300 0.083000 0.040500 0.071800 0.227500 0.060000 0.217100 0.130100 0.030500 0.160600 0.153700 0.050700 0.126600 0.072000 0.030800 0.070200 0.143800 0.227800 0.030300 0.140300 0.097500 0.114600 0.212000 0.040000 0.156500 0.051900 0.193700 0.148000 0.207500
MountainNy 0.205100 0.441100 0.165500 0.411400 0.241500 0.205100 0.273100 0.229200 0.000000 0.317600 0.239300 0.234500 0.251600 0.350100 0.265700 0.250800 0.234500 0.312000 0.275100 0.018200 0.245300 0.260600 0.282900 0.302700 0.263600 0.252100 0.261800 0.017700 0.247500 0.076400 0.296100 0.228400 0.314100 0.192400 0.212300 0.261300 0.250000 0.216000 0.221900 0.313900 0.178300 0.240200 0.306300 0.288300 0.247100 0.235800 0.178300 0.172000 0.230500 0.247300 0.097800 0.067400
MuntiacusM 0.141000 0.402500 0.195400 0.342900 0.152100 0.141000 0.137200 0.151800 0.317600 0.000000 0.174500 0.132500 0.174600 0.233100 0.175200 0.173200 0.143700 0.160600 0.149400 0.339300 0.142700 0.171800 0.095700 0.109500 0.198100 0.174200 0.184900 0.289000 0.148200 0.306200 0.020600 0.140000 0.233200 0.253700 0.160900 0.195900 0.185300 0.152100 0.181300 0.120400 0.176000 0.162800 0.030700 0.097700 0.182700 0.287900 0.149400 0.243600 0.165000 0.244200 0.243000 0.296400
goat 0.030500 0.337700 0.102800 0.309600 0.061900 0.028700 0.092200 0.061800 0.239300 0.174500 0.000000 0.120000 0.082800 0.162900 0.083100 0.060900 0.119200 0.147600 0.103500 0.260200 0.066700 0.060500 0.140900 0.131800 0.040300 0.083000 0.092800 0.237500 0.102600 0.240400 0.152600 0.051200 0.183100 0.176900 0.071300 0.148600 0.050500 0.062100 0.091600 0.166900 0.252300 0.072500 0.162800 0.096900 0.136200 0.235900 0.082000 0.180100 0.073000 0.217900 0.170100 0.230800
AfricanBuf 0.086800 0.400400 0.118000 0.308300 0.097800 0.086800 0.118700 0.097600 0.234500 0.132500 0.120000 0.000000 0.120100 0.180000 0.120500 0.119000 0.112000 0.164800 0.107200 0.256000 0.110900 0.118100 0.110500 0.124900 0.143100 0.119700 0.130500 0.221300 0.117500 0.235600 0.111100 0.086200 0.202300 0.221500 0.107300 0.094500 0.130800 0.097700 0.127800 0.161200 0.208600 0.108500 0.121700 0.112600 0.083000 0.256600 0.096000 0.211500 0.087000 0.212200 0.163600 0.225700
Topi 0.051500 0.340900 0.124800 0.311400 0.061900 0.051500 0.092300 0.061800 0.251600 0.174600 0.082800 0.120100 0.000000 0.141100 0.083200 0.082100 0.119300 0.125300 0.081800 0.272600 0.073600 0.081500 0.141000 0.131900 0.104400 0.083100 0.009900 0.249700 0.081100 0.227500 0.152700 0.051200 0.159900 0.117100 0.071400 0.148700 0.093000 0.062100 0.113300 0.167000 0.238700 0.072500 0.162900 0.119900 0.136300 0.222800 0.082100 0.167400 0.051500 0.192500 0.158200 0.217900
CommonDuik 0.131500 0.462400 0.205000 0.346000 0.131300 0.131500 0.128800 0.141700 0.350100 0.233100 0.162900 0.180000 0.141100 0.000000 0.163500 0.139900 0.178800 0.160900 0.183500 0.371300 0.154800 0.160500 0.177300 0.179000 0.184800 0.163500 0.150800 0.347600 0.182000 0.299100 0.211700 0.109600 0.195100 0.225600 0.150400 0.230400 0.172900 0.142500 0.170600 0.202600 0.287400 0.152800 0.221500 0.179700 0.217100 0.151600 0.161600 0.253400 0.153800 0.278500 0.252200 0.315500
Suni 0.051700 0.372300 0.125200 0.299800 0.062100 0.051700 0.092600 0.062000 0.265700 0.175200 0.083100 0.120500 0.083200 0.163500 0.000000 0.082400 0.119800 0.148300 0.103900 0.286900 0.052100 0.081800 0.141500 0.132400 0.104800 0.062000 0.093300 0.263700 0.103000 0.241300 0.153300 0.051400 0.183900 0.177700 0.071600 0.126600 0.093400 0.062400 0.113600 0.167600 0.253400 0.072800 0.163400 0.120400 0.114600 0.237100 0.082400 0.181000 0.073300 0.169300 0.170900 0.231700
Springbuck 0.051100 0.366800 0.102000 0.282300 0.061400 0.051100 0.091500 0.040000 0.250800 0.173200 0.060900 0.119000 0.082100 0.139900 0.082400 0.000000 0.107000 0.135400 0.102700 0.247200 0.051000 0.080900 0.139800 0.130700 0.081800 0.060500 0.092100 0.248900 0.079800 0.190600 0.151400 0.050700 0.181600 0.175400 0.070700 0.147400 0.071100 0.051100 0.048900 0.141700 0.250200 0.050300 0.161500 0.096100 0.135100 0.234000 0.059800 0.178600 0.072400 0.215900 0.168800 0.229000
Okapi 0.086300 0.338800 0.117400 0.265400 0.097200 0.086300 0.128700 0.085900 0.234500 0.143700 0.119200 0.112000 0.119300 0.178800 0.119800 0.107000 0.000000 0.073200 0.140900 0.255900 0.076000 0.117300 0.087200 0.100400 0.142100 0.108300 0.129700 0.232700 0.128400 0.235700 0.121700 0.085700 0.129700 0.221300 0.084500 0.165300 0.129900 0.075000 0.139500 0.135600 0.221000 0.097200 0.132200 0.088600 0.152200 0.256600 0.084700 0.211600 0.109300 0.161300 0.163800 0.225900
Giraffe 0.115300 0.411300 0.190900 0.265200 0.126000 0.115300 0.155600 0.114900 0.312000 0.160600 0.147600 0.164800 0.125300 0.160900 0.148300 0.135400 0.073200 0.000000 0.168800 0.333300 0.105500 0.145300 0.128000 0.141800 0.170200 0.137000 0.113200 0.309600 0.134100 0.286900 0.139300 0.114600 0.157700 0.223800 0.134900 0.216900 0.158000 0.104100 0.144700 0.176700 0.262200 0.126100 0.149300 0.129800 0.203300 0.258500 0.135300 0.240100 0.138100 0.240300 0.239200 0.277300
TibetanAnt 0.072100 0.427900 0.145600 0.336300 0.082500 0.072100 0.070200 0.082400 0.275100 0.149400 0.103500 0.107200 0.081800 0.183500 0.103900 0.102700 0.140900 0.168800 0.000000 0.296200 0.094600 0.101900 0.139200 0.153900 0.125200 0.103800 0.091700 0.248300 0.101500 0.250600 0.128000 0.071600 0.181000 0.162900 0.091700 0.146100 0.113700 0.082900 0.112100 0.189400 0.211500 0.093200 0.138000 0.141700 0.134000 0.246200 0.102600 0.190600 0.072100 0.241000 0.191500 0.241000
Sitatunga 0.225900 0.464600 0.185600 0.434500 0.262500 0.225900 0.294100 0.250100 0.018200 0.339300 0.260200 0.256000 0.272600 0.371300 0.286900 0.247200 0.255900 0.333300 0.296200 0.000000 0.266600 0.281500 0.304500 0.324900 0.284600 0.273200 0.282700 0.036400 0.268300 0.075500 0.317900 0.249300 0.335500 0.212900 0.232700 0.282300 0.246500 0.236800 0.242400 0.336000 0.198400 0.261200 0.328000 0.310200 0.267800 0.256200 0.198600 0.192600 0.251600 0.268700 0.117000 0.086300
Oribi 0.041800 0.364100 0.116000 0.278200 0.052400 0.041800 0.083200 0.030700 0.245300 0.142700 0.066700 0.110900 0.073600 0.154800 0.052100 0.051000 0.076000 0.105500 0.094600 0.266600 0.000000 0.065800 0.109100 0.099500 0.095300 0.051600 0.083800 0.243300 0.071400 0.232900 0.120700 0.041600 0.174900 0.168400 0.062000 0.140000 0.083900 0.041900 0.081800 0.134400 0.218700 0.041200 0.131000 0.087700 0.127600 0.227900 0.051000 0.171400 0.063600 0.184300 0.161800 0.223100
BarbaryShe 0.050700 0.393200 0.122800 0.293000 0.060900 0.050700 0.090800 0.060800 0.260600 0.171800 0.060500 0.118100 0.081500 0.160500 0.081800 0.080900 0.117300 0.145300 0.101900 0.281500 0.065800 0.000000 0.138700 0.129700 0.081300 0.081800 0.091400 0.258700 0.080000 0.236600 0.150200 0.050400 0.180100 0.174000 0.070200 0.123900 0.070500 0.061200 0.111500 0.164200 0.248000 0.071300 0.160300 0.095400 0.112200 0.231900 0.080800 0.177000 0.071900 0.189600 0.167400 0.227100
Daviddeer 0.107800 0.394400 0.161800 0.334400 0.118800 0.107800 0.105000 0.118600 0.282900 0.095700 0.140900 0.110500 0.141000 0.177300 0.141500 0.139800 0.087200 0.128000 0.139200 0.304500 0.109100 0.138700 0.000000 0.099100 0.164000 0.141400 0.151300 0.280600 0.138000 0.271600 0.074600 0.107100 0.199000 0.244800 0.128000 0.163100 0.151600 0.119400 0.149100 0.133800 0.119500 0.130200 0.084800 0.087300 0.150300 0.279900 0.116700 0.235000 0.131200 0.209500 0.209700 0.261800
Reindeer 0.098400 0.356200 0.153000 0.297800 0.098200 0.098400 0.141400 0.109300 0.302700 0.109500 0.131800 0.124900 0.131900 0.179000 0.132400 0.130700 0.100400 0.141800 0.153900 0.324900 0.099500 0.129700 0.099100 0.000000 0.155100 0.132300 0.142400 0.300200 0.152500 0.263800 0.087700 0.097700 0.166200 0.197600 0.118900 0.178800 0.142600 0.110000 0.164000 0.100700 0.209200 0.120900 0.098200 0.054800 0.165400 0.230600 0.130600 0.200200 0.121900 0.200700 0.201400 0.253900
Ibex 0.051300 0.399100 0.124300 0.354500 0.083200 0.051300 0.113600 0.083000 0.263600 0.198100 0.040300 0.143100 0.104400 0.184800 0.104800 0.081800 0.142100 0.170200 0.125200 0.284600 0.095300 0.081300 0.164000 0.155100 0.000000 0.104700 0.114400 0.261600 0.124100 0.264900 0.175900 0.072200 0.206500 0.201100 0.092400 0.171300 0.071200 0.083500 0.112800 0.190800 0.278100 0.093900 0.186100 0.119400 0.158500 0.261200 0.103400 0.204800 0.094600 0.243200 0.193200 0.255300
GyrantGaze 0.051600 0.370400 0.125200 0.284900 0.062100 0.051600 0.092500 0.040500 0.252100 0.174200 0.083000 0.119700 0.083100 0.163500 0.062000 0.060500 0.108300 0.137000 0.103800 0.273200 0.051600 0.081800 0.141400 0.132300 0.104700 0.000000 0.093100 0.250300 0.080600 0.239900 0.153200 0.051300 0.183800 0.176400 0.071500 0.115000 0.093300 0.051500 0.090100 0.167500 0.251700 0.029900 0.163400 0.120300 0.103300 0.235500 0.060500 0.179700 0.073200 0.192500 0.169900 0.230300
Hartebeest 0.061600 0.352000 0.134800 0.322200 0.072000 0.061600 0.102200 0.071800 0.261800 0.184900 0.092800 0.130500 0.009900 0.150800 0.093300 0.092100 0.129700 0.113200 0.091700 0.282700 0.083800 0.091400 0.151300 0.142400 0.114400 0.093100 0.000000 0.259900 0.091000 0.237700 0.163000 0.061200 0.170000 0.127500 0.081300 0.158800 0.103000 0.072200 0.101500 0.177500 0.249300 0.082500 0.173100 0.130400 0.146300 0.233300 0.092000 0.178000 0.061600 0.203100 0.168300 0.228200
Bongo 0.203600 0.437200 0.164400 0.407600 0.239700 0.203600 0.246700 0.227500 0.017700 0.289000 0.237500 0.221300 0.249700 0.347600 0.263700 0.248900 0.232700 0.309600 0.248300 0.036400 0.243300 0.258700 0.280600 0.300200 0.261600 0.250300 0.259900 0.000000 0.245700 0.075900 0.268000 0.226700 0.311700 0.191000 0.210700 0.259400 0.248200 0.214400 0.220400 0.311300 0.154600 0.238400 0.278100 0.285900 0.245300 0.234100 0.177000 0.170700 0.228700 0.245400 0.097200 0.067000
Gerenuk 0.071500 0.391200 0.144400 0.306500 0.081800 0.071500 0.111800 0.060000 0.247500 0.148200 0.102600 0.117500 0.081100 0.182000 0.103000 0.079800 0.128400 0.134100 0.101500 0.268300 0.071400 0.080000 0.138000 0.152500 0.124100 0.080600 0.091000 0.245700 0.000000 0.260600 0.126900 0.071000 0.203000 0.173100 0.090900 0.123300 0.112700 0.071600 0.089000 0.187500 0.246600 0.070400 0.136900 0.117500 0.111700 0.256300 0.059100 0.200900 0.071500 0.238600 0.189800 0.251100
CommonElan 0.206000 0.443900 0.143500 0.353500 0.217400 0.206000 0.248900 0.217100 0.076400 0.306200 0.240400 0.235600 0.227500 0.299100 0.241300 0.190600 0.235700 0.286900 0.250600 0.075500 0.232900 0.236600 0.271600 0.263800 0.264900 0.239900 0.237700 0.075900 0.260600 0.000000 0.284700 0.204700 0.288800 0.169500 0.189300 0.262600 0.226800 0.217000 0.210500 0.248500 0.167900 0.228100 0.295000 0.250000 0.248200 0.212500 0.190400 0.149200 0.206500 0.222700 0.077500 0.028400
MuntiacusR 0.119300 0.379100 0.173500 0.320300 0.130400 0.119300 0.116000 0.130100 0.296100 0.020600 0.152600 0.111100 0.152700 0.211700 0.153300 0.151400 0.121700 0.139300 0.128000 0.317900 0.120700 0.150200 0.074600 0.087700 0.175900 0.153200 0.163000 0.268000 0.126900 0.284700 0.000000 0.118500 0.211000 0.231900 0.139400 0.175000 0.163400 0.131100 0.160700 0.098700 0.155000 0.141900 0.009800 0.076100 0.162000 0.266500 0.128000 0.222000 0.143000 0.222300 0.221900 0.274900
HarveysDui 0.019300 0.356900 0.092500 0.285700 0.030600 0.020400 0.040200 0.030500 0.228400 0.140000 0.051200 0.086200 0.051200 0.109600 0.051400 0.050700 0.085700 0.114600 0.071600 0.249300 0.041600 0.050400 0.107100 0.097700 0.072200 0.051300 0.061200 0.226700 0.071000 0.204700 0.118500 0.000000 0.126400 0.141600 0.040300 0.115300 0.061300 0.030700 0.081400 0.131900 0.214800 0.040900 0.128600 0.086100 0.103500 0.199300 0.050700 0.144200 0.041200 0.181000 0.136500 0.195100
Pronghorn 0.149800 0.398800 0.179900 0.337300 0.160900 0.149800 0.169000 0.160600 0.314100 0.233200 0.183100 0.202300 0.159900 0.195100 0.183900 0.181600 0.129700 0.157700 0.181000 0.335500 0.174900 0.180100 0.199000 0.166200 0.206500 0.183800 0.170000 0.311700 0.203000 0.288800 0.211000 0.126400 0.000000 0.225300 0.146900 0.255300 0.193600 0.161600 0.190700 0.226800 0.330800 0.172400 0.221100 0.177600 0.240800 0.260200 0.158500 0.241800 0.173700 0.228400 0.227700 0.279200
BlueWildeb 0.142500 0.361600 0.222900 0.332200 0.129900 0.142500 0.186100 0.153700 0.192400 0.253700 0.176900 0.221500 0.117100 0.225600 0.177700 0.175400 0.221300 0.223800 0.162900 0.212900 0.168400 0.174000 0.244800 0.197600 0.201100 0.176400 0.127500 0.191000 0.173100 0.169500 0.231900 0.141600 0.225300 0.000000 0.150400 0.249600 0.188000 0.153600 0.196100 0.221900 0.166100 0.164700 0.242400 0.196700 0.234900 0.117400 0.175200 0.064800 0.142700 0.234500 0.182200 0.160300
Gemsbok 0.040500 0.351300 0.091300 0.308300 0.050800 0.040500 0.079700 0.050700 0.212300 0.160900 0.071300 0.107300 0.071400 0.150400 0.071600 0.070700 0.084500 0.134900 0.091700 0.232700 0.062000 0.070200 0.128000 0.118900 0.092400 0.071500 0.081300 0.210700 0.090900 0.189300 0.139400 0.040300 0.146900 0.150400 0.000000 0.135800 0.081400 0.051000 0.101300 0.140800 0.222900 0.061200 0.149400 0.107200 0.123700 0.207600 0.050100 0.153200 0.061600 0.178400 0.123100 0.180100
Yak 0.116000 0.379900 0.146200 0.308000 0.126800 0.116000 0.157600 0.126600 0.261300 0.195900 0.148600 0.094500 0.148700 0.230400 0.126600 0.147400 0.165300 0.216900 0.146100 0.282300 0.140000 0.123900 0.163100 0.178800 0.171300 0.115000 0.158800 0.259400 0.123300 0.262600 0.175000 0.115300 0.255300 0.249600 0.135800 0.000000 0.159000 0.126600 0.155600 0.215200 0.275200 0.137300 0.185100 0.142300 0.009100 0.312100 0.124600 0.228400 0.093900 0.241500 0.191500 0.253000
BlueSheep 0.040600 0.413000 0.135000 0.338400 0.072100 0.040600 0.102300 0.072000 0.250000 0.185300 0.050500 0.130800 0.093000 0.172900 0.093400 0.071100 0.129900 0.158000 0.113700 0.246500 0.083900 0.070500 0.151600 0.142600 0.071200 0.093300 0.103000 0.248200 0.112700 0.226800 0.163400 0.061300 0.193600 0.188000 0.081400 0.159000 0.000000 0.072400 0.123400 0.153700 0.263500 0.082700 0.173500 0.130600 0.146500 0.247200 0.092200 0.191300 0.083300 0.229000 0.180600 0.241600
BohorReedb 0.030900 0.372800 0.104000 0.272100 0.020400 0.030900 0.071800 0.030800 0.216000 0.152100 0.062100 0.097700 0.062100 0.142500 0.062400 0.051100 0.075000 0.104100 0.082900 0.236800 0.041900 0.061200 0.119400 0.110000 0.083500 0.051500 0.072200 0.214400 0.071600 0.217000 0.131100 0.030700 0.161600 0.153600 0.051000 0.126600 0.072400 0.000000 0.081600 0.144800 0.228000 0.041100 0.141300 0.098100 0.114600 0.211900 0.051100 0.156400 0.052200 0.168800 0.148000 0.207300
KirksDik 0.081900 0.373000 0.133000 0.317500 0.092300 0.081900 0.122400 0.070200 0.221900 0.181300 0.091600 0.127800 0.113300 0.170600 0.113600 0.048900 0.139500 0.144700 0.112100 0.242400 0.081800 0.111500 0.149100 0.164000 0.112800 0.090100 0.101500 0.220400 0.089000 0.210500 0.160700 0.081400 0.190700 0.196100 0.101300 0.155600 0.123400 0.081600 0.000000 0.175100 0.220100 0.079800 0.170700 0.128500 0.143500 0.254600 0.069100 0.175300 0.103700 0.249500 0.177200 0.225100
RoeDeer 0.132800 0.434000 0.188100 0.310500 0.144100 0.132800 0.176200 0.143800 0.313900 0.120400 0.166900 0.161200 0.167000 0.202600 0.167600 0.141700 0.135600 0.176700 0.189400 0.336000 0.134400 0.164200 0.133800 0.100700 0.190800 0.167500 0.177500 0.311300 0.187500 0.248500 0.098700 0.131900 0.226800 0.221900 0.140800 0.215200 0.153700 0.144800 0.175100 0.000000 0.220500 0.155900 0.109100 0.088800 0.201100 0.256800 0.165300 0.211900 0.157100 0.239300 0.212100 0.265500
WhiteLippe 0.216200 0.434600 0.274200 0.389300 0.228200 0.216200 0.186100 0.227800 0.178300 0.176000 0.252300 0.208600 0.238700 0.287400 0.253400 0.250200 0.221000 0.262200 0.211500 0.198400 0.218700 0.248000 0.119500 0.209200 0.278100 0.251700 0.249300 0.154600 0.246600 0.167900 0.155000 0.214800 0.330800 0.166100 0.222900 0.275200 0.263500 0.228000 0.220100 0.220500 0.000000 0.239400 0.165400 0.195800 0.259900 0.186300 0.223900 0.132600 0.242800 0.234200 0.193600 0.158700
ThomsonGaz 0.041200 0.385800 0.114400 0.299200 0.051600 0.041200 0.082000 0.030300 0.240200 0.162800 0.072500 0.108500 0.072500 0.152800 0.072800 0.050300 0.097200 0.126100 0.093200 0.261200 0.041200 0.071300 0.130200 0.120900 0.093900 0.029900 0.082500 0.238400 0.070400 0.228100 0.141900 0.040900 0.172400 0.164700 0.061200 0.137300 0.082700 0.041100 0.079800 0.155900 0.239400 0.000000 0.152100 0.109000 0.125200 0.223300 0.050300 0.167700 0.062600 0.205200 0.158700 0.218500
MuntiacusC 0.129500 0.389900 0.183600 0.331000 0.140600 0.129500 0.126000 0.140300 0.306300 0.030700 0.162800 0.121700 0.162900 0.221500 0.163400 0.161500 0.132200 0.149300 0.138000 0.328000 0.131000 0.160300 0.084800 0.098200 0.186100 0.163400 0.173100 0.278100 0.136900 0.295000 0.009800 0.128600 0.221100 0.242400 0.149400 0.185100 0.173500 0.141300 0.170700 0.109100 0.165400 0.152100 0.000000 0.086600 0.172000 0.277000 0.138100 0.232600 0.153200 0.233000 0.232100 0.285200
WhiteTaile 0.086700 0.340500 0.117800 0.254600 0.097700 0.086700 0.129400 0.097500 0.288300 0.097700 0.096900 0.112600 0.119900 0.179700 0.120400 0.096100 0.088600 0.129800 0.141700 0.310200 0.087700 0.095400 0.087300 0.054800 0.119400 0.120300 0.130400 0.285900 0.117500 0.250000 0.076100 0.086100 0.177600 0.196700 0.107200 0.142300 0.130600 0.098100 0.128500 0.088800 0.195800 0.109000 0.086600 0.000000 0.129700 0.231600 0.118700 0.186700 0.109900 0.187300 0.188600 0.240100
Cattle 0.104100 0.378500 0.134100 0.291900 0.114800 0.104100 0.145300 0.114600 0.247100 0.182700 0.136200 0.083000 0.136300 0.217100 0.114600 0.135100 0.152200 0.203300 0.134000 0.267800 0.127600 0.112200 0.150300 0.165400 0.158500 0.103300 0.146300 0.245300 0.111700 0.248200 0.162000 0.103500 0.240800 0.234900 0.123700 0.009100 0.146500 0.114600 0.143500 0.201100 0.259900 0.125200 0.172000 0.129700 0.000000 0.295900 0.112800 0.213800 0.104400 0.226700 0.178500 0.238700
RoyalAntel 0.200500 0.456800 0.283400 0.368200 0.200200 0.200500 0.244700 0.212000 0.235800 0.287900 0.235900 0.256600 0.222800 0.151600 0.237100 0.234000 0.256600 0.258500 0.246200 0.256200 0.227900 0.231900 0.279900 0.230600 0.261200 0.235500 0.233300 0.234100 0.256300 0.212500 0.266500 0.199300 0.260200 0.117400 0.207600 0.312100 0.247200 0.211900 0.254600 0.256800 0.186300 0.223300 0.277000 0.231600 0.295900 0.000000 0.233700 0.119500 0.226400 0.270400 0.226600 0.203500
Steenbok 0.051000 0.336800 0.080700 0.309800 0.061300 0.051000 0.091400 0.040000 0.178300 0.149400 0.082000 0.096000 0.082100 0.161600 0.082400 0.059800 0.084700 0.135300 0.102600 0.198600 0.051000 0.080800 0.116700 0.130600 0.103400 0.060500 0.092000 0.177000 0.059100 0.190400 0.128000 0.050700 0.158500 0.175200 0.050100 0.124600 0.092200 0.051100 0.069100 0.165300 0.223900 0.050300 0.138100 0.118700 0.112800 0.233700 0.000000 0.178400 0.072300 0.190900 0.123800 0.180900
Impala 0.145100 0.398700 0.227000 0.322400 0.156700 0.145100 0.189500 0.156500 0.172000 0.243600 0.180100 0.211500 0.167400 0.253400 0.181000 0.178600 0.211600 0.240100 0.190600 0.192600 0.171400 0.177000 0.235000 0.200200 0.204800 0.179700 0.178000 0.170700 0.200900 0.149200 0.222000 0.144200 0.241800 0.064800 0.153200 0.228400 0.191300 0.156400 0.175300 0.211900 0.132600 0.167700 0.232600 0.186700 0.213800 0.119500 0.178400 0.000000 0.170200 0.224900 0.161900 0.139800
Klipspring 0.038800 0.374400 0.093200 0.288800 0.052000 0.041500 0.082600 0.051900 0.230500 0.165000 0.073000 0.087000 0.051500 0.153800 0.073300 0.072400 0.109300 0.138100 0.072100 0.251600 0.063600 0.071900 0.131200 0.121900 0.094600 0.073200 0.061600 0.228700 0.071500 0.206500 0.143000 0.041200 0.173700 0.142700 0.061600 0.093900 0.083300 0.052200 0.103700 0.157100 0.242800 0.062600 0.153200 0.109900 0.104400 0.226400 0.072300 0.170200 0.000000 0.208100 0.137600 0.196800
ForestMusk 0.182200 0.369300 0.189200 0.339100 0.169000 0.182200 0.226900 0.193700 0.247300 0.244200 0.217900 0.212200 0.192500 0.278500 0.169300 0.215900 0.161300 0.240300 0.241000 0.268700 0.184300 0.189600 0.209500 0.200700 0.243200 0.192500 0.203100 0.245400 0.238600 0.222700 0.222300 0.181000 0.228400 0.234500 0.178400 0.241500 0.229000 0.168800 0.249500 0.239300 0.234200 0.205200 0.233000 0.187300 0.226700 0.270400 0.190900 0.224900 0.208100 0.000000 0.175500 0.212900
Bushbuck 0.137300 0.385400 0.080200 0.356400 0.148200 0.137300 0.179000 0.148000 0.097800 0.243000 0.170100 0.163600 0.158200 0.252200 0.170900 0.168800 0.163800 0.239200 0.191500 0.117000 0.161800 0.167400 0.209700 0.201400 0.193200 0.169900 0.168300 0.097200 0.189800 0.077500 0.221900 0.136500 0.227700 0.182200 0.123100 0.191500 0.180600 0.148000 0.177200 0.212100 0.193600 0.158700 0.232100 0.188600 0.178500 0.226600 0.123800 0.161900 0.137600 0.175500 0.000000 0.068300
GreaterKud 0.196300 0.433600 0.134000 0.372900 0.207800 0.196300 0.239400 0.207500 0.067400 0.296400 0.230800 0.225700 0.217900 0.315500 0.231700 0.229000 0.225900 0.277300 0.241000 0.086300 0.223100 0.227100 0.261800 0.253900 0.255300 0.230300 0.228200 0.067000 0.251100 0.028400 0.274900 0.195100 0.279200 0.160300 0.180100 0.253000 0.241600 0.207300 0.225100 0.265500 0.158700 0.218500 0.285200 0.240100 0.238700 0.203500 0.180900 0.139800 0.196800 0.212900 0.068300 0.000000
