1
52 1
Argali 0.000000 0.554700 0.207900 0.391500 0.155600 0.048000 0.151000 0.197200 0.170700 0.234700 0.048600 0.169900 0.084000 0.190000 0.257300 0.146600 0.297200 0.305700 0.102300 0.155200 0.214600 0.048600 0.215400 0.264700 0.081600 0.151700 0.081500 0.155200 0.163500 0.171200 0.237400 0.134900 0.352400 0.084000 0.097100 0.163900 0.048600 0.134500 0.215800 0.304900 0.198800 0.214300 0.237400 0.350500 0.147800 0.190000 0.180800 0.206500 0.187800 0.237000 0.155200 0.175200
LesserMous 0.554700 0.000000 0.460900 0.420900 0.439200 0.583000 0.429100 0.349100 0.370100 0.407000 0.590500 0.389900 0.494500 0.480100 0.366300 0.419800 0.326400 0.261300 0.522400 0.399100 0.368400 0.590500 0.408200 0.405300 0.644600 0.388000 0.531600 0.399100 0.392800 0.370800 0.370100 0.410900 0.361100 0.494500 0.494400 0.442100 0.590500 0.407800 0.451100 0.471400 0.390700 0.365500 0.370100 0.428600 0.417400 0.405300 0.454200 0.405200 0.430300 0.461800 0.399100 0.425000
LesserKudu 0.207900 0.460900 0.000000 0.307200 0.154700 0.228400 0.114700 0.126400 0.064300 0.196500 0.231200 0.097400 0.156500 0.151600 0.144700 0.111700 0.180500 0.191100 0.176700 0.048700 0.142800 0.231200 0.178000 0.186100 0.270100 0.080900 0.189300 0.048700 0.128100 0.064500 0.162800 0.098700 0.230900 0.156500 0.204700 0.128000 0.231200 0.133600 0.178200 0.223100 0.161800 0.142500 0.162800 0.225200 0.146600 0.151500 0.180100 0.132100 0.114900 0.163000 0.048700 0.065900
KillerWhal 0.391500 0.420900 0.307200 0.000000 0.291000 0.415200 0.245100 0.290300 0.307900 0.307000 0.421300 0.266100 0.296000 0.266800 0.354500 0.276800 0.201100 0.177700 0.362400 0.293300 0.307900 0.421300 0.269900 0.282300 0.464700 0.247200 0.328300 0.293300 0.294800 0.308800 0.273200 0.268000 0.325000 0.296000 0.262200 0.257500 0.421300 0.305100 0.307400 0.340400 0.253700 0.307600 0.273200 0.342400 0.318200 0.307200 0.311600 0.263500 0.324400 0.274200 0.293300 0.296100
DefassaWat 0.155600 0.439200 0.154700 0.291000 0.000000 0.175300 0.065300 0.111800 0.118700 0.163000 0.177500 0.082700 0.141700 0.100700 0.165700 0.097000 0.165600 0.176400 0.161900 0.102800 0.128800 0.177500 0.128200 0.098800 0.215400 0.065600 0.175100 0.102800 0.113500 0.119000 0.129800 0.049200 0.179500 0.141700 0.190800 0.114000 0.177500 0.082600 0.128900 0.151100 0.112200 0.128600 0.129800 0.189600 0.097900 0.100600 0.130400 0.048400 0.099800 0.165500 0.102800 0.121800
Sheep 0.048000 0.583000 0.228400 0.415200 0.175300 0.000000 0.170200 0.216500 0.190400 0.217400 0.065500 0.189400 0.102200 0.210300 0.238800 0.165000 0.319100 0.327200 0.121100 0.174800 0.234300 0.065500 0.235100 0.286500 0.099200 0.170800 0.099100 0.174800 0.146500 0.190900 0.257900 0.153800 0.375300 0.102200 0.114800 0.220700 0.065500 0.153400 0.198300 0.285100 0.218200 0.233900 0.257900 0.374600 0.204300 0.210200 0.200100 0.226800 0.207900 0.298500 0.174800 0.195400
MaxwellsDu 0.151000 0.429100 0.114700 0.245100 0.065300 0.170200 0.000000 0.076400 0.080900 0.142400 0.172100 0.047400 0.101100 0.047700 0.161700 0.061800 0.126700 0.138400 0.119700 0.065300 0.092100 0.172100 0.125100 0.130500 0.209000 0.031300 0.133500 0.065300 0.077500 0.081100 0.110100 0.015700 0.210900 0.101100 0.113500 0.045900 0.172100 0.080800 0.092500 0.165400 0.109500 0.091900 0.110100 0.203900 0.062400 0.064000 0.061200 0.079800 0.063500 0.144300 0.065300 0.082900
GazellaPrz 0.197200 0.349100 0.126400 0.290300 0.111800 0.216500 0.076400 0.000000 0.061400 0.152200 0.218800 0.061000 0.147500 0.109300 0.170800 0.074400 0.171400 0.149100 0.167200 0.078700 0.043100 0.218800 0.135400 0.141700 0.255600 0.045200 0.178700 0.078700 0.089500 0.061600 0.121100 0.061200 0.184800 0.147500 0.193300 0.090300 0.218800 0.126600 0.135500 0.175400 0.120400 0.103300 0.121100 0.212900 0.107100 0.109200 0.144900 0.091900 0.108400 0.154100 0.078700 0.095800
MountainNy 0.170700 0.370100 0.064300 0.307900 0.118700 0.190400 0.080900 0.061400 0.000000 0.161500 0.192600 0.064200 0.120100 0.116300 0.145900 0.078800 0.181400 0.192000 0.139300 0.016100 0.077100 0.192600 0.143700 0.150100 0.230300 0.048000 0.152700 0.016100 0.094900 0.031900 0.128500 0.065000 0.195300 0.120100 0.168100 0.094800 0.192600 0.098900 0.143800 0.186000 0.127800 0.109500 0.128500 0.187600 0.112600 0.116300 0.145400 0.097800 0.081000 0.163800 0.016100 0.032600
MuntiacusM 0.234700 0.407000 0.196500 0.307000 0.163000 0.217400 0.142400 0.152200 0.161500 0.000000 0.257500 0.109800 0.220800 0.177600 0.186400 0.138300 0.153300 0.164100 0.242800 0.146600 0.168200 0.257500 0.057600 0.091500 0.255800 0.108900 0.214600 0.146600 0.154100 0.161900 0.028500 0.126400 0.235800 0.220800 0.230100 0.155500 0.257500 0.143000 0.168100 0.106500 0.043200 0.167800 0.028500 0.140200 0.174000 0.177600 0.204700 0.140600 0.141600 0.152800 0.146600 0.165400
goat 0.048600 0.590500 0.231200 0.421300 0.177500 0.065500 0.172100 0.218800 0.192600 0.257500 0.000000 0.191600 0.103500 0.212800 0.281900 0.166800 0.323300 0.331100 0.122700 0.177000 0.236600 0.000000 0.199000 0.290100 0.032300 0.172800 0.100300 0.177000 0.184300 0.193200 0.260700 0.155600 0.380100 0.103500 0.116100 0.223200 0.000000 0.155200 0.238300 0.331700 0.220600 0.236400 0.260700 0.379400 0.206600 0.212800 0.202200 0.229700 0.171000 0.261200 0.177000 0.197900
AfricanBuf 0.169900 0.389900 0.097400 0.266100 0.082700 0.189400 0.047400 0.061000 0.064200 0.109800 0.191600 0.000000 0.119400 0.081100 0.128200 0.046200 0.128100 0.139800 0.138500 0.048600 0.076500 0.191600 0.109100 0.113800 0.229100 0.015600 0.151900 0.048600 0.061800 0.064300 0.078100 0.031800 0.193800 0.119400 0.167200 0.061800 0.191600 0.098200 0.093200 0.148300 0.093600 0.076400 0.078100 0.186000 0.078500 0.081000 0.110300 0.063700 0.080400 0.127900 0.048600 0.065700
Topi 0.084000 0.494500 0.156500 0.296000 0.141700 0.102200 0.101100 0.147500 0.120100 0.220800 0.103500 0.119400 0.000000 0.138000 0.205400 0.132600 0.245400 0.254600 0.051500 0.104000 0.164500 0.103500 0.201600 0.212500 0.139300 0.101000 0.032600 0.104000 0.149800 0.120400 0.185900 0.084200 0.299600 0.000000 0.048500 0.151200 0.103500 0.120300 0.165600 0.251600 0.184800 0.164400 0.185900 0.295300 0.134800 0.137900 0.167400 0.154700 0.136300 0.224300 0.104000 0.123300
CommonDuik 0.190000 0.480100 0.151600 0.266800 0.100700 0.210300 0.047700 0.109300 0.116300 0.177600 0.212800 0.081100 0.138000 0.000000 0.198700 0.094700 0.181300 0.191800 0.158600 0.100700 0.125300 0.212800 0.159700 0.167800 0.251200 0.064000 0.170700 0.100700 0.110800 0.116600 0.144600 0.048100 0.250500 0.138000 0.167800 0.095200 0.212800 0.116300 0.092600 0.204200 0.143700 0.125200 0.144600 0.244900 0.096100 0.081300 0.110700 0.114300 0.097400 0.180200 0.100700 0.101500
Suni 0.257300 0.366300 0.144700 0.354500 0.165700 0.238800 0.161700 0.170800 0.145900 0.186400 0.281900 0.128200 0.205400 0.198700 0.000000 0.156900 0.155000 0.165600 0.227300 0.130900 0.187100 0.281900 0.186800 0.178400 0.320900 0.127200 0.237400 0.130900 0.106200 0.146300 0.154500 0.145400 0.221100 0.205400 0.252100 0.174800 0.281900 0.145100 0.153700 0.195100 0.171100 0.187000 0.154500 0.272400 0.158300 0.198600 0.189000 0.142900 0.196800 0.225100 0.130900 0.149600
Springbuck 0.146600 0.419800 0.111700 0.276800 0.097000 0.165000 0.061800 0.074400 0.078800 0.138300 0.166800 0.046200 0.132600 0.094700 0.156900 0.000000 0.157400 0.168300 0.152200 0.063700 0.089600 0.166800 0.121600 0.127300 0.202400 0.030400 0.128800 0.063700 0.044400 0.079000 0.107000 0.046400 0.205700 0.132600 0.179100 0.076000 0.166800 0.112000 0.121700 0.161200 0.106400 0.089400 0.107000 0.198500 0.092700 0.101000 0.090500 0.077500 0.093900 0.140100 0.063700 0.080700
Okapi 0.297200 0.326400 0.180500 0.201100 0.165600 0.319100 0.126700 0.171400 0.181400 0.153300 0.323300 0.128100 0.245400 0.181300 0.155000 0.157400 0.000000 0.042200 0.267000 0.166500 0.187800 0.323300 0.153600 0.160300 0.364200 0.127700 0.278000 0.166500 0.139200 0.181900 0.122000 0.145900 0.186500 0.245400 0.252800 0.140200 0.323300 0.180300 0.187900 0.176800 0.138300 0.187600 0.122000 0.252200 0.193800 0.199200 0.154900 0.143500 0.197500 0.156100 0.166500 0.186100
Giraffe 0.305700 0.261300 0.191100 0.177700 0.176400 0.327200 0.138400 0.149100 0.192000 0.164100 0.331100 0.139800 0.254600 0.191800 0.165600 0.168300 0.042200 0.000000 0.275800 0.177500 0.164800 0.331100 0.164400 0.171100 0.371600 0.139300 0.286700 0.177500 0.150300 0.157600 0.133500 0.157200 0.196400 0.254600 0.261900 0.151400 0.331100 0.190700 0.198100 0.222400 0.149400 0.197800 0.133500 0.260800 0.203900 0.209400 0.165800 0.154500 0.207800 0.166900 0.177500 0.196700
TibetanAnt 0.102300 0.522400 0.176700 0.362400 0.161900 0.121100 0.119700 0.167200 0.139300 0.242800 0.122700 0.138500 0.051500 0.158600 0.227300 0.152200 0.267000 0.275800 0.000000 0.123200 0.184600 0.122700 0.222900 0.234000 0.159200 0.120300 0.084800 0.123200 0.169900 0.139700 0.207000 0.103200 0.322300 0.051500 0.100600 0.170500 0.122700 0.139600 0.185800 0.274300 0.205600 0.184400 0.207000 0.319800 0.153900 0.158400 0.187900 0.175500 0.156700 0.246800 0.123200 0.143200
Sitatunga 0.155200 0.399100 0.048700 0.293300 0.102800 0.174800 0.065300 0.078700 0.016100 0.146600 0.177000 0.048600 0.104000 0.100700 0.130900 0.063700 0.166500 0.177500 0.123200 0.000000 0.094800 0.177000 0.128900 0.134700 0.214700 0.032300 0.137100 0.000000 0.079800 0.016100 0.113500 0.049300 0.217300 0.104000 0.152700 0.079900 0.177000 0.083300 0.128900 0.170700 0.112800 0.094700 0.113500 0.172100 0.097400 0.100600 0.130400 0.082300 0.065400 0.148800 0.000000 0.016500
Oribi 0.214600 0.368400 0.142800 0.307900 0.128800 0.234300 0.092100 0.043100 0.077100 0.168200 0.236600 0.076500 0.164500 0.125300 0.187100 0.089600 0.187800 0.164800 0.184600 0.094800 0.000000 0.236600 0.151200 0.158100 0.274100 0.060500 0.195800 0.094800 0.104800 0.077300 0.136800 0.076700 0.201200 0.164500 0.210400 0.105800 0.236600 0.143600 0.151200 0.192300 0.136100 0.087600 0.136800 0.230500 0.122800 0.125300 0.152800 0.107700 0.124500 0.170400 0.094800 0.112200
BarbaryShe 0.048600 0.590500 0.231200 0.421300 0.177500 0.065500 0.172100 0.218800 0.192600 0.257500 0.000000 0.191600 0.103500 0.212800 0.281900 0.166800 0.323300 0.331100 0.122700 0.177000 0.236600 0.000000 0.199000 0.290100 0.032300 0.172800 0.100300 0.177000 0.184300 0.193200 0.260700 0.155600 0.380100 0.103500 0.116100 0.223200 0.000000 0.155200 0.238300 0.331700 0.220600 0.236400 0.260700 0.379400 0.206600 0.212800 0.202200 0.229700 0.171000 0.261200 0.177000 0.197900
Daviddeer 0.215400 0.408200 0.178000 0.269900 0.128200 0.235100 0.125100 0.135400 0.143700 0.057600 0.199000 0.109100 0.201600 0.159700 0.186800 0.121600 0.153600 0.164400 0.222900 0.128900 0.151200 0.199000 0.000000 0.060000 0.197500 0.092300 0.195900 0.128900 0.137200 0.144100 0.058100 0.109400 0.200800 0.201600 0.211200 0.138400 0.199000 0.109300 0.184900 0.106900 0.014200 0.150900 0.058100 0.140700 0.156400 0.159700 0.186800 0.107500 0.091400 0.153400 0.128900 0.147200
Reindeer 0.264700 0.405300 0.186100 0.282300 0.098800 0.286500 0.130500 0.141700 0.150100 0.091500 0.290100 0.113800 0.212500 0.167800 0.178400 0.127300 0.160300 0.171100 0.234000 0.134700 0.158100 0.290100 0.060000 0.000000 0.287500 0.096800 0.206000 0.134700 0.143700 0.150500 0.060700 0.114700 0.157100 0.212500 0.260800 0.144300 0.290100 0.149200 0.193700 0.061800 0.045000 0.157800 0.060700 0.078300 0.145900 0.167700 0.195800 0.079200 0.130500 0.160700 0.134700 0.153900
Ibex 0.081600 0.644600 0.270100 0.464700 0.215400 0.099200 0.209000 0.255600 0.230300 0.255800 0.032300 0.229100 0.139300 0.251200 0.320900 0.202400 0.364200 0.371600 0.159200 0.214700 0.274100 0.032300 0.197500 0.287500 0.000000 0.209700 0.135000 0.214700 0.220300 0.231000 0.258800 0.192300 0.422900 0.139300 0.150800 0.260800 0.032300 0.191800 0.275800 0.329300 0.219100 0.273600 0.258800 0.375900 0.244000 0.251300 0.238700 0.268100 0.207500 0.281800 0.214700 0.236500
GyrantGaze 0.151700 0.388000 0.080900 0.247200 0.065600 0.170800 0.031300 0.045200 0.048000 0.108900 0.172800 0.015600 0.101000 0.064000 0.127200 0.030400 0.127700 0.139300 0.120300 0.032300 0.060500 0.172800 0.092300 0.096800 0.209700 0.000000 0.133300 0.032300 0.045800 0.048100 0.077400 0.015700 0.176200 0.101000 0.148500 0.046200 0.172800 0.081200 0.092400 0.130700 0.077000 0.060400 0.077400 0.167600 0.062700 0.064000 0.093400 0.047200 0.063500 0.110400 0.032300 0.049200
Hartebeest 0.081500 0.531600 0.189300 0.328300 0.175100 0.099100 0.133500 0.178700 0.152700 0.214600 0.100300 0.151900 0.032600 0.170700 0.237400 0.128800 0.278000 0.286700 0.084800 0.137100 0.195800 0.100300 0.195900 0.206000 0.135000 0.133300 0.000000 0.137100 0.145500 0.153100 0.180500 0.116700 0.332600 0.032600 0.079900 0.183100 0.100300 0.153100 0.197000 0.243800 0.179500 0.195500 0.180500 0.286000 0.166800 0.170700 0.162600 0.187100 0.132300 0.256600 0.137100 0.156700
Bongo 0.155200 0.399100 0.048700 0.293300 0.102800 0.174800 0.065300 0.078700 0.016100 0.146600 0.177000 0.048600 0.104000 0.100700 0.130900 0.063700 0.166500 0.177500 0.123200 0.000000 0.094800 0.177000 0.128900 0.134700 0.214700 0.032300 0.137100 0.000000 0.079800 0.016100 0.113500 0.049300 0.217300 0.104000 0.152700 0.079700 0.177000 0.083300 0.128900 0.170700 0.112800 0.094700 0.113500 0.172100 0.097400 0.100600 0.130400 0.082300 0.065400 0.148800 0.000000 0.016500
Gerenuk 0.163500 0.392800 0.128100 0.294800 0.113500 0.146500 0.077500 0.089500 0.094900 0.154100 0.184300 0.061800 0.149800 0.110800 0.106200 0.044400 0.139200 0.150300 0.169900 0.079800 0.104800 0.184300 0.137200 0.143700 0.220300 0.045800 0.145500 0.079800 0.000000 0.095100 0.122600 0.062000 0.205200 0.149800 0.196200 0.091400 0.184300 0.128500 0.105100 0.143100 0.122000 0.104600 0.122600 0.216000 0.108500 0.110800 0.074200 0.093300 0.109900 0.156200 0.079800 0.097200
CommonElan 0.171200 0.370800 0.064500 0.308800 0.119000 0.190900 0.081100 0.061600 0.031900 0.161900 0.193200 0.064300 0.120400 0.116600 0.146300 0.079000 0.181900 0.157600 0.139700 0.016100 0.077300 0.193200 0.144100 0.150500 0.231000 0.048100 0.153100 0.016100 0.095100 0.000000 0.128800 0.065200 0.232700 0.120400 0.168500 0.095100 0.193200 0.099200 0.144100 0.186500 0.128100 0.109700 0.128800 0.188100 0.112800 0.116600 0.145700 0.098100 0.081200 0.164300 0.016100 0.032700
MuntiacusR 0.237400 0.370100 0.162800 0.273200 0.129800 0.257900 0.110100 0.121100 0.128500 0.028500 0.260700 0.078100 0.185900 0.144600 0.154500 0.107000 0.122000 0.133500 0.207000 0.113500 0.136800 0.260700 0.058100 0.060700 0.258800 0.077400 0.180500 0.113500 0.122600 0.128800 0.000000 0.094000 0.203200 0.185900 0.232600 0.123700 0.260700 0.144600 0.136700 0.075800 0.043600 0.136500 0.000000 0.108500 0.141500 0.144600 0.172100 0.108900 0.118000 0.121600 0.113500 0.131600
HarveysDui 0.134900 0.410900 0.098700 0.268000 0.049200 0.153800 0.015700 0.061200 0.065000 0.126400 0.155600 0.031800 0.084200 0.048100 0.145400 0.046400 0.145900 0.157200 0.103200 0.049300 0.076700 0.155600 0.109400 0.114700 0.192300 0.015700 0.116700 0.049300 0.062000 0.065200 0.094000 0.000000 0.195300 0.084200 0.132000 0.062500 0.155600 0.065000 0.077000 0.149500 0.093800 0.076600 0.094300 0.187600 0.047000 0.048000 0.077800 0.063900 0.047600 0.128200 0.049300 0.066700
Pronghorn 0.352400 0.361100 0.230900 0.325000 0.179500 0.375300 0.210900 0.184800 0.195300 0.235800 0.380100 0.193800 0.299600 0.250500 0.221100 0.205700 0.186500 0.196400 0.322300 0.217300 0.201200 0.380100 0.200800 0.157100 0.422900 0.176200 0.332600 0.217300 0.205200 0.232700 0.203200 0.195300 0.000000 0.299600 0.347300 0.223400 0.380100 0.230400 0.273700 0.208400 0.185200 0.235900 0.203200 0.246900 0.206300 0.250500 0.221500 0.157200 0.248400 0.204000 0.217300 0.237900
BlueWildeb 0.084000 0.494500 0.156500 0.296000 0.141700 0.102200 0.101100 0.147500 0.120100 0.220800 0.103500 0.119400 0.000000 0.138000 0.205400 0.132600 0.245400 0.254600 0.051500 0.104000 0.164500 0.103500 0.201600 0.212500 0.139300 0.101000 0.032600 0.104000 0.149800 0.120400 0.185900 0.084200 0.299600 0.000000 0.048500 0.151200 0.103500 0.120300 0.165600 0.251600 0.184800 0.164400 0.185900 0.295300 0.134800 0.137900 0.167400 0.154700 0.136300 0.224300 0.104000 0.123300
Gemsbok 0.097100 0.494400 0.204700 0.262200 0.190800 0.114800 0.113500 0.193300 0.168100 0.230100 0.116100 0.167200 0.048500 0.167800 0.252100 0.179100 0.252800 0.261900 0.100600 0.152700 0.210400 0.116100 0.211200 0.260800 0.150800 0.148500 0.079900 0.152700 0.196200 0.168500 0.232600 0.132000 0.347300 0.048500 0.000000 0.161800 0.116100 0.132500 0.211600 0.300200 0.194900 0.210100 0.232600 0.301200 0.181900 0.186000 0.177400 0.202200 0.184000 0.271400 0.152700 0.172400
Yak 0.163900 0.442100 0.128000 0.257500 0.114000 0.220700 0.045900 0.090300 0.094800 0.155500 0.223200 0.061800 0.151200 0.095200 0.174800 0.076000 0.140200 0.151400 0.170500 0.079900 0.105800 0.223200 0.138400 0.144300 0.260800 0.046200 0.183100 0.079700 0.091400 0.095100 0.123700 0.062500 0.223400 0.151200 0.161800 0.000000 0.223200 0.129000 0.138500 0.178700 0.123100 0.105500 0.123700 0.216900 0.075900 0.111700 0.106900 0.094100 0.110900 0.123600 0.079700 0.097100
BlueSheep 0.048600 0.590500 0.231200 0.421300 0.177500 0.065500 0.172100 0.218800 0.192600 0.257500 0.000000 0.191600 0.103500 0.212800 0.281900 0.166800 0.323300 0.331100 0.122700 0.177000 0.236600 0.000000 0.199000 0.290100 0.032300 0.172800 0.100300 0.177000 0.184300 0.193200 0.260700 0.155600 0.380100 0.103500 0.116100 0.223200 0.000000 0.155200 0.238300 0.331700 0.220600 0.236400 0.260700 0.379400 0.206600 0.212800 0.202200 0.229700 0.171000 0.261200 0.177000 0.197900
BohorReedb 0.134500 0.407800 0.133600 0.305100 0.082600 0.153400 0.080800 0.126600 0.098900 0.143000 0.155200 0.098200 0.120300 0.116300 0.145100 0.112000 0.180300 0.190700 0.139600 0.083300 0.143600 0.155200 0.109300 0.149200 0.191800 0.081200 0.153100 0.083300 0.128500 0.099200 0.144600 0.065000 0.230400 0.120300 0.132500 0.129000 0.155200 0.000000 0.143700 0.203000 0.093800 0.143400 0.144600 0.243500 0.113100 0.097900 0.145300 0.097300 0.115300 0.180300 0.083300 0.101400
KirksDik 0.215800 0.451100 0.178200 0.307400 0.128900 0.198300 0.092500 0.135500 0.143800 0.168100 0.238300 0.093200 0.165600 0.092600 0.153700 0.121700 0.187900 0.198100 0.185800 0.128900 0.151200 0.238300 0.184900 0.193700 0.275800 0.092400 0.197000 0.128900 0.105100 0.144100 0.136700 0.077000 0.273700 0.165600 0.211600 0.138500 0.238300 0.143700 0.000000 0.192900 0.169400 0.151000 0.136700 0.269200 0.123400 0.109400 0.153500 0.141300 0.125000 0.205200 0.128900 0.130000
RoeDeer 0.304900 0.471400 0.223100 0.340400 0.151100 0.285100 0.165400 0.175400 0.186000 0.106500 0.331700 0.148300 0.251600 0.204200 0.195100 0.161200 0.176800 0.222400 0.274300 0.170700 0.192300 0.331700 0.106900 0.061800 0.329300 0.130700 0.243800 0.170700 0.143100 0.186500 0.075800 0.149500 0.208400 0.251600 0.300200 0.178700 0.331700 0.203000 0.192900 0.000000 0.091700 0.192000 0.075800 0.110400 0.180600 0.204100 0.231700 0.129200 0.165300 0.175700 0.170700 0.190800
WhiteLippe 0.198800 0.390700 0.161800 0.253700 0.112200 0.218200 0.109500 0.120400 0.127800 0.043200 0.220600 0.093600 0.184800 0.143700 0.171100 0.106400 0.138300 0.149400 0.205600 0.112800 0.136100 0.220600 0.014200 0.045000 0.219100 0.077000 0.179500 0.112800 0.122000 0.128100 0.043600 0.093800 0.185200 0.184800 0.194900 0.123100 0.220600 0.093800 0.169400 0.091700 0.000000 0.135800 0.043600 0.125100 0.140800 0.143700 0.171200 0.092200 0.108900 0.138100 0.112800 0.130800
ThomsonGaz 0.214300 0.365500 0.142500 0.307600 0.128600 0.233900 0.091900 0.103300 0.109500 0.167800 0.236400 0.076400 0.164400 0.125200 0.187000 0.089400 0.187600 0.197800 0.184400 0.094700 0.087600 0.236400 0.150900 0.157800 0.273600 0.060400 0.195500 0.094700 0.104600 0.109700 0.136500 0.076600 0.235900 0.164400 0.210100 0.105500 0.236400 0.143400 0.151000 0.192000 0.135800 0.000000 0.136500 0.230000 0.122600 0.092100 0.152500 0.107500 0.124200 0.170000 0.094700 0.112000
MuntiacusC 0.237400 0.370100 0.162800 0.273200 0.129800 0.257900 0.110100 0.121100 0.128500 0.028500 0.260700 0.078100 0.185900 0.144600 0.154500 0.107000 0.122000 0.133500 0.207000 0.113500 0.136800 0.260700 0.058100 0.060700 0.258800 0.077400 0.180500 0.113500 0.122600 0.128800 0.000000 0.094300 0.203200 0.185900 0.232600 0.123700 0.260700 0.144600 0.136700 0.075800 0.043600 0.136500 0.000000 0.108500 0.141500 0.144600 0.172100 0.108900 0.109500 0.121600 0.113500 0.131600
WhiteTaile 0.350500 0.428600 0.225200 0.342400 0.189600 0.374600 0.203900 0.212900 0.187600 0.140200 0.379400 0.186000 0.295300 0.244900 0.272400 0.198500 0.252200 0.260800 0.319800 0.172100 0.230500 0.379400 0.140700 0.078300 0.375900 0.167600 0.286000 0.172100 0.216000 0.188100 0.108500 0.187600 0.246900 0.295300 0.301200 0.216900 0.379400 0.243500 0.269200 0.110400 0.125100 0.230000 0.108500 0.000000 0.219300 0.244900 0.272300 0.165600 0.166700 0.213900 0.172100 0.192400
Cattle 0.147800 0.417400 0.146600 0.318200 0.097900 0.204300 0.062400 0.107100 0.112600 0.174000 0.206600 0.078500 0.134800 0.096100 0.158300 0.092700 0.193800 0.203900 0.153900 0.097400 0.122800 0.206600 0.156400 0.145900 0.244000 0.062700 0.166800 0.097400 0.108500 0.112800 0.141500 0.047000 0.206300 0.134800 0.181900 0.075900 0.206600 0.113100 0.123400 0.180600 0.140800 0.122600 0.141500 0.219300 0.000000 0.096000 0.124600 0.111700 0.095300 0.141300 0.097400 0.115300
RoyalAntel 0.190000 0.405300 0.151500 0.307200 0.100600 0.210200 0.064000 0.109200 0.116300 0.177600 0.212800 0.081000 0.137900 0.081300 0.198600 0.101000 0.199200 0.209400 0.158400 0.100600 0.125300 0.212800 0.159700 0.167700 0.251300 0.064000 0.170700 0.100600 0.110800 0.116600 0.144600 0.048000 0.250500 0.137900 0.186000 0.111700 0.212800 0.097900 0.109400 0.204100 0.143700 0.092100 0.144600 0.244900 0.096000 0.000000 0.127300 0.114200 0.097300 0.180200 0.100600 0.100600
Steenbok 0.180800 0.454200 0.180100 0.311600 0.130400 0.200100 0.061200 0.144900 0.145400 0.204700 0.202200 0.110300 0.167400 0.110700 0.189000 0.090500 0.154900 0.165800 0.187900 0.130400 0.152800 0.202200 0.186800 0.195800 0.238700 0.093400 0.162600 0.130400 0.074200 0.145700 0.172100 0.077800 0.221500 0.167400 0.177400 0.106900 0.202200 0.145300 0.153500 0.231700 0.171200 0.152500 0.172100 0.272300 0.124600 0.127300 0.000000 0.142700 0.126300 0.207300 0.130400 0.148900
Impala 0.206500 0.405200 0.132100 0.263500 0.048400 0.226800 0.079800 0.091900 0.097800 0.140600 0.229700 0.063700 0.154700 0.114300 0.142900 0.077500 0.143500 0.154500 0.175500 0.082300 0.107700 0.229700 0.107500 0.079200 0.268100 0.047200 0.187100 0.082300 0.093300 0.098100 0.108900 0.063900 0.157200 0.154700 0.202200 0.094100 0.229700 0.097300 0.141300 0.129200 0.092200 0.107500 0.108900 0.165600 0.111700 0.114200 0.142700 0.000000 0.113200 0.142700 0.082300 0.100300
Klipspring 0.187800 0.430300 0.114900 0.324400 0.099800 0.207900 0.063500 0.108400 0.081000 0.141600 0.171000 0.080400 0.136300 0.097400 0.196800 0.093900 0.197500 0.207800 0.156700 0.065400 0.124500 0.171000 0.091400 0.130500 0.207500 0.063500 0.132300 0.065400 0.109900 0.081200 0.118000 0.047600 0.248400 0.136300 0.184000 0.110900 0.171000 0.115300 0.125000 0.165300 0.108900 0.124200 0.109500 0.166700 0.095300 0.097300 0.126300 0.113200 0.000000 0.178800 0.065400 0.083000
ForestMusk 0.237000 0.461800 0.163000 0.274200 0.165500 0.298500 0.144300 0.154100 0.163800 0.152800 0.261200 0.127900 0.224300 0.180200 0.225100 0.140100 0.156100 0.166900 0.246800 0.148800 0.170400 0.261200 0.153400 0.160700 0.281800 0.110400 0.256600 0.148800 0.156200 0.164300 0.121600 0.128200 0.204000 0.224300 0.271400 0.123600 0.261200 0.180300 0.205200 0.175700 0.138100 0.170000 0.121600 0.213900 0.141300 0.180200 0.207300 0.142700 0.178800 0.000000 0.148800 0.167900
Bushbuck 0.155200 0.399100 0.048700 0.293300 0.102800 0.174800 0.065300 0.078700 0.016100 0.146600 0.177000 0.048600 0.104000 0.100700 0.130900 0.063700 0.166500 0.177500 0.123200 0.000000 0.094800 0.177000 0.128900 0.134700 0.214700 0.032300 0.137100 0.000000 0.079800 0.016100 0.113500 0.049300 0.217300 0.104000 0.152700 0.079700 0.177000 0.083300 0.128900 0.170700 0.112800 0.094700 0.113500 0.172100 0.097400 0.100600 0.130400 0.082300 0.065400 0.148800 0.000000 0.016500
GreaterKud 0.175200 0.425000 0.065900 0.296100 0.121800 0.195400 0.082900 0.095800 0.032600 0.165400 0.197900 0.065700 0.123300 0.101500 0.149600 0.080700 0.186100 0.196700 0.143200 0.016500 0.112200 0.197900 0.147200 0.153900 0.236500 0.049200 0.156700 0.016500 0.097200 0.032700 0.131600 0.066700 0.237900 0.123300 0.172400 0.097100 0.197900 0.101400 0.130000 0.190800 0.130800 0.112000 0.131600 0.192400 0.115300 0.100600 0.148900 0.100300 0.083000 0.167900 0.016500 0.000000
