1
52 1
Argali 0.000000 0.251600 0.072000 0.222400 0.005800 0.005800 0.047700 0.060400 0.066600 0.067900 0.011700 0.054000 0.028600 0.041500 0.029000 0.041400 0.066600 0.080000 0.005700 0.066600 0.064900 0.005800 0.067200 0.098500 0.011700 0.059700 0.023800 0.060600 0.039200 0.060600 0.067300 0.065700 0.091400 0.023800 0.023500 0.078300 0.011600 0.005700 0.076300 0.098000 0.061200 0.053900 0.067900 0.086000 0.084300 0.036200 0.064800 0.054000 0.045700 0.091800 0.059800 0.060200
LesserMous 0.251600 0.000000 0.248300 0.313400 0.245300 0.258400 0.274500 0.285200 0.228100 0.249700 0.265200 0.227000 0.279800 0.274200 0.269400 0.273400 0.252700 0.272300 0.258400 0.227900 0.284900 0.258000 0.246900 0.285100 0.265200 0.265500 0.278000 0.221300 0.272400 0.221300 0.247200 0.297300 0.259700 0.278000 0.282700 0.249000 0.264700 0.245300 0.313200 0.283400 0.240400 0.275000 0.249700 0.269800 0.255800 0.280600 0.300200 0.291500 0.285100 0.267900 0.233400 0.228000
LesserKudu 0.072000 0.248300 0.000000 0.236000 0.066200 0.077900 0.109900 0.105100 0.035400 0.054700 0.083900 0.041200 0.092000 0.090400 0.091500 0.090200 0.066100 0.079400 0.065500 0.034300 0.101400 0.077900 0.054200 0.085000 0.083900 0.096600 0.091500 0.029600 0.077400 0.029600 0.054300 0.109000 0.071900 0.091500 0.096900 0.059100 0.083700 0.066200 0.112700 0.072000 0.048300 0.103400 0.054700 0.072600 0.052800 0.098900 0.113800 0.116800 0.085100 0.072200 0.022600 0.029400
KillerWhal 0.222400 0.313400 0.236000 0.000000 0.216200 0.229000 0.245600 0.262900 0.231700 0.244100 0.235400 0.230500 0.248900 0.252300 0.247400 0.236600 0.239000 0.249200 0.229100 0.231500 0.263000 0.228600 0.241400 0.262600 0.235400 0.259800 0.239000 0.225000 0.250700 0.225000 0.241600 0.266200 0.252500 0.239000 0.252100 0.213600 0.220100 0.216200 0.290300 0.260400 0.235100 0.269000 0.244100 0.247800 0.220200 0.242000 0.277700 0.269900 0.247100 0.231000 0.221400 0.223500
DefassaWat 0.005800 0.245300 0.066200 0.216200 0.000000 0.011500 0.039700 0.054500 0.060800 0.061900 0.017200 0.048100 0.036300 0.035700 0.023300 0.035600 0.060700 0.074100 0.011800 0.060700 0.059100 0.011500 0.061300 0.092600 0.017200 0.053900 0.029900 0.054700 0.035500 0.052900 0.061300 0.059800 0.085500 0.028900 0.029700 0.072500 0.017100 0.000000 0.070600 0.092100 0.055300 0.048000 0.061900 0.080000 0.078400 0.030300 0.059000 0.048200 0.042200 0.085900 0.053900 0.054300
Sheep 0.005800 0.258400 0.077900 0.229000 0.011500 0.000000 0.053400 0.066400 0.072600 0.074000 0.017000 0.059900 0.036000 0.044800 0.035700 0.047300 0.072600 0.086100 0.011300 0.072600 0.070700 0.011400 0.073200 0.104600 0.017500 0.065600 0.029700 0.066600 0.047100 0.066600 0.073300 0.071600 0.097400 0.029700 0.029400 0.084300 0.017000 0.011800 0.082100 0.104100 0.067300 0.059800 0.074000 0.092000 0.090200 0.042200 0.070600 0.060000 0.054100 0.097800 0.065700 0.066200
MaxwellsDu 0.047700 0.274500 0.109900 0.245600 0.039700 0.053400 0.000000 0.072500 0.104700 0.099500 0.059500 0.085000 0.079300 0.028500 0.053900 0.053200 0.104700 0.119000 0.053600 0.104700 0.076700 0.053600 0.098500 0.130400 0.059500 0.059300 0.072800 0.098600 0.053100 0.098600 0.098600 0.053000 0.130200 0.072800 0.072200 0.103600 0.059400 0.040200 0.088000 0.129700 0.092600 0.065800 0.099500 0.117600 0.109600 0.060700 0.076600 0.078500 0.072600 0.130700 0.097200 0.098000
GazellaPrz 0.060400 0.285200 0.105100 0.262900 0.054500 0.066400 0.072500 0.000000 0.112200 0.087100 0.072400 0.098700 0.080300 0.066100 0.066800 0.029400 0.118700 0.119800 0.054000 0.112100 0.052800 0.066300 0.086200 0.117900 0.072400 0.047600 0.073300 0.106000 0.029300 0.106000 0.086300 0.078100 0.117700 0.073300 0.085300 0.124000 0.072300 0.054500 0.064300 0.117300 0.080200 0.039600 0.087100 0.105200 0.116900 0.073900 0.052800 0.079100 0.073100 0.111600 0.104500 0.105400
MountainNy 0.066600 0.228100 0.035400 0.231700 0.060800 0.072600 0.104700 0.112200 0.000000 0.061800 0.078600 0.041700 0.086600 0.098000 0.086200 0.097800 0.060700 0.073500 0.072600 0.011400 0.108200 0.072500 0.061200 0.092500 0.078600 0.097700 0.086200 0.005900 0.084700 0.005900 0.061300 0.117000 0.066500 0.086200 0.091600 0.047600 0.078400 0.060700 0.120400 0.079200 0.055200 0.104600 0.061800 0.080000 0.053500 0.093600 0.121700 0.111700 0.092600 0.066800 0.023500 0.017800
MuntiacusM 0.067900 0.249700 0.054700 0.244100 0.061900 0.074000 0.099500 0.087100 0.061800 0.000000 0.080100 0.061500 0.094800 0.092700 0.081000 0.079600 0.049200 0.049700 0.061200 0.061800 0.091100 0.073900 0.012100 0.042600 0.080100 0.086100 0.094300 0.055700 0.079400 0.055700 0.011800 0.118200 0.061400 0.094300 0.093300 0.073800 0.079900 0.061900 0.115400 0.042400 0.005900 0.080100 0.000000 0.029200 0.067100 0.075200 0.103600 0.106500 0.074300 0.068000 0.054900 0.055300
goat 0.011700 0.265200 0.083900 0.235400 0.017200 0.017000 0.059500 0.072400 0.078600 0.080100 0.000000 0.065800 0.041900 0.053300 0.041700 0.053100 0.078600 0.092200 0.017000 0.078500 0.076500 0.005800 0.079300 0.104200 0.000000 0.071500 0.033800 0.072600 0.053000 0.072600 0.079400 0.077500 0.103400 0.035100 0.035300 0.090200 0.011600 0.017200 0.087900 0.110100 0.073300 0.065700 0.079100 0.098100 0.096200 0.048200 0.076500 0.065900 0.060100 0.103800 0.071600 0.072100
AfricanBuf 0.054000 0.227000 0.041200 0.230500 0.048100 0.059900 0.085000 0.098700 0.041700 0.061500 0.065800 0.000000 0.073500 0.084900 0.073100 0.084700 0.060400 0.073700 0.059900 0.041700 0.096000 0.059800 0.060900 0.092100 0.065800 0.091100 0.073100 0.035400 0.071800 0.034500 0.061000 0.103600 0.066200 0.073100 0.078600 0.041300 0.065700 0.048100 0.094800 0.078900 0.055000 0.097900 0.061500 0.079600 0.047200 0.080300 0.108400 0.098200 0.079400 0.066500 0.029300 0.035600
Topi 0.028600 0.279800 0.092000 0.248900 0.036300 0.036000 0.079300 0.080300 0.086600 0.094800 0.041900 0.073500 0.000000 0.073200 0.061300 0.073000 0.093000 0.107200 0.036000 0.086600 0.097100 0.035900 0.093900 0.126200 0.041500 0.092000 0.005800 0.080500 0.072800 0.080500 0.094000 0.078400 0.105600 0.005800 0.029700 0.098500 0.041900 0.036300 0.108700 0.125500 0.087800 0.086200 0.094800 0.113200 0.104600 0.068400 0.097000 0.073800 0.080500 0.105800 0.079400 0.080000
CommonDuik 0.041500 0.274200 0.090400 0.252300 0.035700 0.044800 0.028500 0.066100 0.098000 0.092700 0.053300 0.084900 0.073200 0.000000 0.047700 0.047100 0.098000 0.112100 0.047400 0.097900 0.070400 0.047400 0.091800 0.123500 0.053300 0.065300 0.066400 0.091900 0.046900 0.091900 0.091900 0.034900 0.123300 0.066400 0.065800 0.109700 0.053200 0.035700 0.081700 0.122900 0.085900 0.059500 0.092700 0.110800 0.115700 0.054400 0.069300 0.072100 0.066200 0.123800 0.090700 0.091400
Suni 0.029000 0.269400 0.091500 0.247400 0.023300 0.035700 0.053900 0.066800 0.086200 0.081000 0.041700 0.073100 0.061300 0.047700 0.000000 0.047600 0.086200 0.100200 0.035700 0.086100 0.071100 0.034700 0.080100 0.111700 0.041700 0.066100 0.054600 0.080100 0.047400 0.080100 0.080100 0.059700 0.111500 0.054600 0.052300 0.098000 0.041600 0.023900 0.082600 0.111200 0.074100 0.060200 0.080800 0.099000 0.104000 0.042500 0.071100 0.059600 0.054500 0.112000 0.079000 0.079600
Springbuck 0.041400 0.273400 0.090200 0.236600 0.035600 0.047300 0.053200 0.029400 0.097800 0.079600 0.053100 0.084700 0.073000 0.047100 0.047600 0.000000 0.097800 0.111800 0.035300 0.097700 0.034500 0.047200 0.078900 0.110100 0.053100 0.029100 0.066200 0.091700 0.011500 0.091700 0.078900 0.071100 0.123000 0.066200 0.065600 0.109400 0.053100 0.035600 0.045800 0.109500 0.073000 0.023300 0.079600 0.097600 0.102600 0.054200 0.034500 0.071900 0.053700 0.123500 0.090400 0.090800
Okapi 0.066600 0.252700 0.066100 0.239000 0.060700 0.072600 0.104700 0.118700 0.060700 0.049200 0.078600 0.060400 0.093000 0.098000 0.086200 0.097800 0.000000 0.034400 0.072600 0.060600 0.109100 0.072500 0.048700 0.079700 0.078600 0.104300 0.092500 0.054600 0.097400 0.054600 0.061300 0.123400 0.072800 0.092500 0.091600 0.072400 0.078500 0.060700 0.127100 0.079300 0.042700 0.098300 0.049200 0.067300 0.078400 0.080600 0.121700 0.105200 0.092600 0.073100 0.053900 0.054300
Giraffe 0.080000 0.272300 0.079400 0.249200 0.074100 0.086100 0.119000 0.119800 0.073500 0.049700 0.092200 0.073700 0.107200 0.112100 0.100200 0.111800 0.034400 0.000000 0.086100 0.073900 0.123200 0.086000 0.049200 0.074000 0.092200 0.118500 0.106600 0.067900 0.111400 0.067900 0.061900 0.138000 0.073500 0.106600 0.105600 0.085900 0.092000 0.074100 0.141400 0.080100 0.043100 0.112500 0.049700 0.061500 0.092000 0.094600 0.136100 0.119700 0.106700 0.080100 0.066900 0.067500
TibetanAnt 0.005700 0.258400 0.065500 0.229100 0.011800 0.011300 0.053600 0.054000 0.072600 0.061200 0.017000 0.059900 0.036000 0.047400 0.035700 0.035300 0.072600 0.086100 0.000000 0.072600 0.058600 0.011600 0.060600 0.091700 0.016900 0.053400 0.029700 0.065900 0.033600 0.066600 0.060700 0.071600 0.097400 0.028800 0.029400 0.084300 0.017000 0.011800 0.069900 0.091200 0.052900 0.047500 0.061200 0.079200 0.077700 0.042200 0.058500 0.060000 0.041800 0.097800 0.065700 0.066200
Sitatunga 0.066600 0.227900 0.034300 0.231500 0.060700 0.072600 0.104700 0.112100 0.011400 0.061800 0.078500 0.041700 0.086600 0.097900 0.086100 0.097700 0.060600 0.073900 0.072600 0.000000 0.109000 0.072500 0.061200 0.092400 0.078500 0.097700 0.086100 0.005900 0.084600 0.005700 0.061200 0.117700 0.066500 0.086100 0.078900 0.047500 0.078400 0.060700 0.120300 0.079200 0.055200 0.104500 0.061800 0.079900 0.053400 0.093500 0.121600 0.098600 0.092500 0.066800 0.023500 0.017700
Oribi 0.064900 0.284900 0.101400 0.263000 0.059100 0.070700 0.076700 0.052800 0.108200 0.091100 0.076500 0.096000 0.097100 0.070400 0.071100 0.034500 0.109100 0.123200 0.058600 0.109000 0.000000 0.070600 0.090200 0.121300 0.076500 0.040400 0.090100 0.103100 0.033000 0.103100 0.090300 0.094500 0.134200 0.090100 0.077000 0.120600 0.076400 0.059100 0.045200 0.120700 0.084400 0.046500 0.091100 0.096200 0.113700 0.078100 0.045600 0.083200 0.077300 0.134700 0.101700 0.102500
BarbaryShe 0.005800 0.258000 0.077900 0.228600 0.011500 0.011400 0.053600 0.066300 0.072500 0.073900 0.005800 0.059800 0.035900 0.047400 0.034700 0.047200 0.072500 0.086000 0.011600 0.072500 0.070600 0.000000 0.073200 0.104500 0.005700 0.065600 0.028800 0.066500 0.047100 0.066500 0.073200 0.071500 0.097300 0.029600 0.029400 0.084200 0.005800 0.011500 0.082000 0.104000 0.067200 0.059700 0.073900 0.091900 0.090100 0.042200 0.070600 0.059900 0.054100 0.097700 0.065600 0.066100
Daviddeer 0.067200 0.246900 0.054200 0.241400 0.061300 0.073200 0.098500 0.086200 0.061200 0.012100 0.079300 0.060900 0.093900 0.091800 0.080100 0.078900 0.048700 0.049200 0.060600 0.061200 0.090200 0.073200 0.000000 0.042200 0.079300 0.085300 0.093300 0.055100 0.078400 0.055100 0.023500 0.117100 0.060800 0.093300 0.092400 0.073100 0.079200 0.061300 0.114900 0.040800 0.005800 0.079300 0.011700 0.030000 0.066500 0.074400 0.102700 0.105500 0.073600 0.067300 0.054400 0.054800
Reindeer 0.098500 0.285100 0.085000 0.262600 0.092600 0.104600 0.130400 0.117900 0.092500 0.042600 0.104200 0.092100 0.126200 0.123500 0.111700 0.110100 0.079700 0.074000 0.091700 0.092400 0.121300 0.104500 0.042200 0.000000 0.104200 0.116700 0.125500 0.086400 0.109700 0.086400 0.054600 0.149200 0.079100 0.125500 0.124300 0.104300 0.110500 0.092600 0.145700 0.047700 0.036200 0.110700 0.042600 0.022900 0.097400 0.106300 0.127600 0.131100 0.105100 0.098700 0.085200 0.085900
Ibex 0.011700 0.265200 0.083900 0.235400 0.017200 0.017500 0.059500 0.072400 0.078600 0.080100 0.000000 0.065800 0.041500 0.053300 0.041700 0.053100 0.078600 0.092200 0.016900 0.078500 0.076500 0.005700 0.079300 0.104200 0.000000 0.071500 0.034400 0.072600 0.051700 0.072600 0.079400 0.077500 0.103400 0.034300 0.035300 0.090200 0.011300 0.017600 0.087900 0.110100 0.073300 0.065700 0.080100 0.098100 0.096200 0.048200 0.076500 0.065900 0.060100 0.103800 0.071600 0.072100
GyrantGaze 0.059700 0.265500 0.096600 0.259800 0.053900 0.065600 0.059300 0.047600 0.097700 0.086100 0.071500 0.091100 0.092000 0.065300 0.066100 0.029100 0.104300 0.118500 0.053400 0.097700 0.040400 0.065600 0.085300 0.116700 0.071500 0.000000 0.085100 0.091700 0.029000 0.091700 0.085400 0.089700 0.129700 0.085100 0.084300 0.116000 0.071400 0.053900 0.063500 0.116100 0.079400 0.029200 0.086100 0.104100 0.109100 0.073000 0.052200 0.090700 0.072300 0.130200 0.096900 0.097700
Hartebeest 0.023800 0.278000 0.091500 0.239000 0.029900 0.029700 0.072800 0.073300 0.086200 0.094300 0.033800 0.073100 0.005800 0.066400 0.054600 0.066200 0.092500 0.106600 0.029700 0.086100 0.090100 0.028800 0.093300 0.125500 0.034400 0.085100 0.000000 0.080100 0.066000 0.080100 0.093400 0.071600 0.104800 0.000000 0.023500 0.098000 0.035500 0.029100 0.101700 0.124800 0.087300 0.079200 0.094300 0.112600 0.104000 0.061500 0.089900 0.066900 0.073500 0.105200 0.078900 0.079600
Bongo 0.060600 0.221300 0.029600 0.225000 0.054700 0.066600 0.098600 0.106000 0.005900 0.055700 0.072600 0.035400 0.080500 0.091900 0.080100 0.091700 0.054600 0.067900 0.065900 0.005900 0.103100 0.066500 0.055100 0.086400 0.072600 0.091700 0.080100 0.000000 0.078700 0.000000 0.055200 0.110900 0.060500 0.080100 0.085600 0.041700 0.072500 0.054700 0.114500 0.073200 0.049100 0.098500 0.055700 0.073900 0.047600 0.087400 0.115700 0.105600 0.086500 0.060800 0.017100 0.011800
Gerenuk 0.039200 0.272400 0.077400 0.250700 0.035500 0.047100 0.053100 0.029300 0.084700 0.079400 0.053000 0.071800 0.072800 0.046900 0.047400 0.011500 0.097400 0.111400 0.033600 0.084600 0.033000 0.047100 0.078400 0.109700 0.051700 0.029000 0.066000 0.078700 0.000000 0.078700 0.078700 0.070800 0.109500 0.065600 0.065400 0.096300 0.052900 0.035500 0.034000 0.096400 0.072700 0.023300 0.079400 0.097200 0.089600 0.050900 0.034400 0.071700 0.053500 0.110000 0.077600 0.078200
CommonElan 0.060600 0.221300 0.029600 0.225000 0.052900 0.066600 0.098600 0.106000 0.005900 0.055700 0.072600 0.034500 0.080500 0.091900 0.080100 0.091700 0.054600 0.067900 0.066600 0.005700 0.103100 0.066500 0.055100 0.086400 0.072600 0.091700 0.080100 0.000000 0.078700 0.000000 0.055200 0.110900 0.060500 0.080100 0.085800 0.041700 0.072500 0.054700 0.114500 0.073200 0.049100 0.098500 0.055700 0.073900 0.047600 0.087400 0.115700 0.105600 0.086500 0.060800 0.017700 0.011800
MuntiacusR 0.067300 0.247200 0.054300 0.241600 0.061300 0.073300 0.098600 0.086300 0.061300 0.011800 0.079400 0.061000 0.094000 0.091900 0.080100 0.078900 0.061300 0.061900 0.060700 0.061200 0.090300 0.073200 0.023500 0.054600 0.079400 0.085400 0.093400 0.055200 0.078700 0.055200 0.000000 0.117200 0.073500 0.093500 0.092500 0.073200 0.079200 0.061300 0.114500 0.053700 0.017600 0.092200 0.012100 0.042300 0.066600 0.087400 0.102800 0.105600 0.073700 0.080100 0.054400 0.054800
HarveysDui 0.065700 0.297300 0.109000 0.266200 0.059800 0.071600 0.053000 0.078100 0.117000 0.118200 0.077500 0.103600 0.078400 0.034900 0.059700 0.071100 0.123400 0.138000 0.071600 0.117700 0.094500 0.071500 0.117100 0.149200 0.077500 0.089700 0.071600 0.110900 0.070800 0.110900 0.117200 0.000000 0.122600 0.071600 0.083400 0.128600 0.077300 0.059800 0.105800 0.148500 0.111200 0.083800 0.118200 0.136400 0.134600 0.079000 0.094400 0.096700 0.090900 0.136100 0.109300 0.110200
Pronghorn 0.091400 0.259700 0.071900 0.252500 0.085500 0.097400 0.130200 0.117700 0.066500 0.061400 0.103400 0.066200 0.105600 0.123300 0.111500 0.123000 0.072800 0.073500 0.097400 0.066500 0.134200 0.097300 0.060800 0.079100 0.103400 0.129700 0.104800 0.060500 0.109500 0.060500 0.073500 0.122600 0.000000 0.104800 0.116800 0.078300 0.103200 0.085500 0.145400 0.078700 0.054900 0.123700 0.061400 0.079500 0.084200 0.106100 0.147000 0.137400 0.118100 0.066200 0.059700 0.060200
BlueWildeb 0.023800 0.278000 0.091500 0.239000 0.028900 0.029700 0.072800 0.073300 0.086200 0.094300 0.035100 0.073100 0.005800 0.066400 0.054600 0.066200 0.092500 0.106600 0.028800 0.086100 0.090100 0.029600 0.093300 0.125500 0.034300 0.085100 0.000000 0.080100 0.065600 0.080100 0.093500 0.071600 0.104800 0.000000 0.023500 0.098000 0.035500 0.029900 0.101600 0.124800 0.087300 0.079200 0.094300 0.112600 0.104000 0.061500 0.089900 0.066900 0.073500 0.105200 0.078900 0.079600
Gemsbok 0.023500 0.282700 0.096900 0.252100 0.029700 0.029400 0.072200 0.085300 0.091600 0.093300 0.035300 0.078600 0.029700 0.065800 0.052300 0.065600 0.091600 0.105600 0.029400 0.078900 0.077000 0.029400 0.092400 0.124300 0.035300 0.084300 0.023500 0.085600 0.065400 0.085800 0.092500 0.083400 0.116800 0.023500 0.000000 0.103300 0.034000 0.029700 0.088400 0.123700 0.086500 0.078500 0.093300 0.111500 0.109300 0.060900 0.089200 0.053900 0.072800 0.117300 0.084400 0.085100
Yak 0.078300 0.249000 0.059100 0.213600 0.072500 0.084300 0.103600 0.124000 0.047600 0.073800 0.090200 0.041300 0.098500 0.109700 0.098000 0.109400 0.072400 0.085900 0.084300 0.047500 0.120600 0.084200 0.073100 0.104300 0.090200 0.116000 0.098000 0.041700 0.096300 0.041700 0.073200 0.128600 0.078300 0.098000 0.103300 0.000000 0.090100 0.072500 0.119200 0.091000 0.067100 0.123000 0.073800 0.091800 0.005600 0.105500 0.133200 0.123500 0.104400 0.066100 0.044700 0.041400
BlueSheep 0.011600 0.264700 0.083700 0.220100 0.017100 0.017000 0.059400 0.072300 0.078400 0.079900 0.011600 0.065700 0.041900 0.053200 0.041600 0.053100 0.078500 0.092000 0.017000 0.078400 0.076400 0.005800 0.079200 0.110500 0.011300 0.071400 0.035500 0.072500 0.052900 0.072500 0.079200 0.077300 0.103200 0.035500 0.034000 0.090100 0.000000 0.017600 0.087800 0.109900 0.073200 0.065600 0.079900 0.097900 0.096000 0.048100 0.076300 0.065800 0.060000 0.091000 0.071500 0.072000
BohorReedb 0.005700 0.245300 0.066200 0.216200 0.000000 0.011800 0.040200 0.054500 0.060700 0.061900 0.017200 0.048100 0.036300 0.035700 0.023900 0.035600 0.060700 0.074100 0.011800 0.060700 0.059100 0.011500 0.061300 0.092600 0.017600 0.053900 0.029100 0.054700 0.035500 0.054700 0.061300 0.059800 0.085500 0.029900 0.029700 0.072500 0.017600 0.000000 0.070600 0.092100 0.055300 0.048000 0.061900 0.080000 0.078400 0.030300 0.059000 0.048200 0.042200 0.085900 0.053900 0.054300
KirksDik 0.076300 0.313200 0.112700 0.290300 0.070600 0.082100 0.088000 0.064300 0.120400 0.115400 0.087900 0.094800 0.108700 0.081700 0.082600 0.045800 0.127100 0.141400 0.069900 0.120300 0.045200 0.082000 0.114900 0.145700 0.087900 0.063500 0.101700 0.114500 0.034000 0.114500 0.114500 0.105800 0.145400 0.101600 0.088400 0.119200 0.087800 0.070600 0.000000 0.132000 0.108500 0.057900 0.115400 0.120300 0.112400 0.089600 0.068500 0.082200 0.088800 0.146000 0.112900 0.113800
RoeDeer 0.098000 0.283400 0.072000 0.260400 0.092100 0.104100 0.129700 0.117300 0.079200 0.042400 0.110100 0.078900 0.125500 0.122900 0.111200 0.109500 0.079300 0.080100 0.091200 0.079200 0.120700 0.104000 0.040800 0.047700 0.110100 0.116100 0.124800 0.073200 0.096400 0.073200 0.053700 0.148500 0.078700 0.124800 0.123700 0.091000 0.109900 0.092100 0.132000 0.000000 0.036100 0.110200 0.042400 0.035700 0.084300 0.105700 0.133400 0.137000 0.104600 0.085300 0.072200 0.072800
WhiteLippe 0.061200 0.240400 0.048300 0.235100 0.055300 0.067300 0.092600 0.080200 0.055200 0.005900 0.073300 0.055000 0.087800 0.085900 0.074100 0.073000 0.042700 0.043100 0.052900 0.055200 0.084400 0.067200 0.005800 0.036200 0.073300 0.079400 0.087300 0.049100 0.072700 0.049100 0.017600 0.111200 0.054900 0.087300 0.086500 0.067100 0.073200 0.055300 0.108500 0.036100 0.000000 0.073400 0.005900 0.024100 0.060600 0.068400 0.096800 0.099400 0.067600 0.061300 0.045800 0.048800
ThomsonGaz 0.053900 0.275000 0.103400 0.269000 0.048000 0.059800 0.065800 0.039600 0.104600 0.080100 0.065700 0.097900 0.086200 0.059500 0.060200 0.023300 0.098300 0.112500 0.047500 0.104500 0.046500 0.059700 0.079300 0.110700 0.065700 0.029200 0.079200 0.098500 0.023300 0.098500 0.092200 0.083800 0.123700 0.079200 0.078500 0.123000 0.065600 0.048000 0.057900 0.110200 0.073400 0.000000 0.080100 0.098100 0.116000 0.054600 0.046500 0.084900 0.066400 0.124200 0.103700 0.104600
MuntiacusC 0.067900 0.249700 0.054700 0.244100 0.061900 0.074000 0.099500 0.087100 0.061800 0.000000 0.079100 0.061500 0.094800 0.092700 0.080800 0.079600 0.049200 0.049700 0.061200 0.061800 0.091100 0.073900 0.011700 0.042600 0.080100 0.086100 0.094300 0.055700 0.079400 0.055700 0.012100 0.118200 0.061400 0.094300 0.093300 0.073800 0.079900 0.061900 0.115400 0.042400 0.005900 0.080100 0.000000 0.030300 0.067100 0.075200 0.103600 0.106500 0.074300 0.067900 0.054900 0.055300
WhiteTaile 0.086000 0.269800 0.072600 0.247800 0.080000 0.092000 0.117600 0.105200 0.080000 0.029200 0.098100 0.079600 0.113200 0.110800 0.099000 0.097600 0.067300 0.061500 0.079200 0.079900 0.096200 0.091900 0.030000 0.022900 0.098100 0.104100 0.112600 0.073900 0.097200 0.073900 0.042300 0.136400 0.079500 0.112600 0.111500 0.091800 0.097900 0.080000 0.120300 0.035700 0.024100 0.098100 0.030300 0.000000 0.085000 0.093500 0.121400 0.124700 0.092500 0.086100 0.072800 0.073400
Cattle 0.084300 0.255800 0.052800 0.220200 0.078400 0.090200 0.109600 0.116900 0.053500 0.067100 0.096200 0.047200 0.104600 0.115700 0.104000 0.102600 0.078400 0.092000 0.077700 0.053400 0.113700 0.090100 0.066500 0.097400 0.096200 0.109100 0.104000 0.047600 0.089600 0.047600 0.066600 0.134600 0.084200 0.104000 0.109300 0.005600 0.096000 0.078400 0.112400 0.084300 0.060600 0.116000 0.067100 0.085000 0.000000 0.111600 0.126200 0.129600 0.097500 0.072100 0.052900 0.047300
RoyalAntel 0.036200 0.280600 0.098900 0.242000 0.030300 0.042200 0.060700 0.073900 0.093600 0.075200 0.048200 0.080300 0.068400 0.054400 0.042500 0.054200 0.080600 0.094600 0.042200 0.093500 0.078100 0.042200 0.074400 0.106300 0.048200 0.073000 0.061500 0.087400 0.050900 0.087400 0.087400 0.079000 0.106100 0.061500 0.060900 0.105500 0.048100 0.030300 0.089600 0.105700 0.068400 0.054600 0.075200 0.093500 0.111600 0.000000 0.078000 0.067300 0.061300 0.106500 0.086200 0.086900
Steenbok 0.064800 0.300200 0.113800 0.277700 0.059000 0.070600 0.076600 0.052800 0.121700 0.103600 0.076500 0.108400 0.097000 0.069300 0.071100 0.034500 0.121700 0.136100 0.058500 0.121600 0.045600 0.070600 0.102700 0.127600 0.076500 0.052200 0.089900 0.115700 0.034400 0.115700 0.102800 0.094400 0.147000 0.089900 0.089200 0.133200 0.076300 0.059000 0.068500 0.133400 0.096800 0.046500 0.103600 0.121400 0.126200 0.078000 0.000000 0.083000 0.077200 0.147600 0.101600 0.115000
Impala 0.054000 0.291500 0.116800 0.269900 0.048200 0.060000 0.078500 0.079100 0.111700 0.106500 0.065900 0.098200 0.073800 0.072100 0.059600 0.071900 0.105200 0.119700 0.060000 0.098600 0.083200 0.059900 0.105500 0.131100 0.065900 0.090700 0.066900 0.105600 0.071700 0.105600 0.105600 0.096700 0.137400 0.066900 0.053900 0.123500 0.065800 0.048200 0.082200 0.137000 0.099400 0.084900 0.106500 0.124700 0.129600 0.067300 0.083000 0.000000 0.079300 0.111000 0.104100 0.104900
Klipspring 0.045700 0.285100 0.085100 0.247100 0.042200 0.054100 0.072600 0.073100 0.092600 0.074300 0.060100 0.079400 0.080500 0.066200 0.054500 0.053700 0.092600 0.106700 0.041800 0.092500 0.077300 0.054100 0.073600 0.105100 0.060100 0.072300 0.073500 0.086500 0.053500 0.086500 0.073700 0.090900 0.118100 0.073500 0.072800 0.104400 0.060000 0.042200 0.088800 0.104600 0.067600 0.066400 0.074300 0.092500 0.097500 0.061300 0.077200 0.079300 0.000000 0.118600 0.085300 0.086000
ForestMusk 0.091800 0.267900 0.072200 0.231000 0.085900 0.097800 0.130700 0.111600 0.066800 0.068000 0.103800 0.066500 0.105800 0.123800 0.112000 0.123500 0.073100 0.080100 0.097800 0.066800 0.134700 0.097700 0.067300 0.098700 0.103800 0.130200 0.105200 0.060800 0.110000 0.060800 0.080100 0.136100 0.066200 0.105200 0.117300 0.066100 0.091000 0.085900 0.146000 0.085300 0.061300 0.124200 0.067900 0.086100 0.072100 0.106500 0.147600 0.111000 0.118600 0.000000 0.060000 0.060400
Bushbuck 0.059800 0.233400 0.022600 0.221400 0.053900 0.065700 0.097200 0.104500 0.023500 0.054900 0.071600 0.029300 0.079400 0.090700 0.079000 0.090400 0.053900 0.066900 0.065700 0.023500 0.101700 0.065600 0.054400 0.085200 0.071600 0.096900 0.078900 0.017100 0.077600 0.017700 0.054400 0.109300 0.059700 0.078900 0.084400 0.044700 0.071500 0.053900 0.112900 0.072200 0.045800 0.103700 0.054900 0.072800 0.052900 0.086200 0.101600 0.104100 0.085300 0.060000 0.000000 0.017600
GreaterKud 0.060200 0.228000 0.029400 0.223500 0.054300 0.066200 0.098000 0.105400 0.017800 0.055300 0.072100 0.035600 0.080000 0.091400 0.079600 0.090800 0.054300 0.067500 0.066200 0.017700 0.102500 0.066100 0.054800 0.085900 0.072100 0.097700 0.079600 0.011800 0.078200 0.011800 0.054800 0.110200 0.060200 0.079600 0.085100 0.041400 0.072000 0.054300 0.113800 0.072800 0.048800 0.104600 0.055300 0.073400 0.047300 0.086900 0.115000 0.104900 0.086000 0.060400 0.017600 0.000000
