CODONML (in paml version 4.10.7, June 2023)  /home/rachel/ruminants_paml/6406-phy-tree/ENSBTAT00000017332.fasta.phy
Model: free dN/dS Ratios for branches,  kappa = 2.000 fixed

Codon frequency model: F3x4
ns =  54  ls =  98

Codon usage in sequences
--------------------------------------------------------------------------------------------------------------------------------------
Phe TTT   2   2   2   2   3   3 | Ser TCT   0   1   1   1   1   1 | Tyr TAT   1   2   1   1   2   2 | Cys TGT   3   2   2   2   2   2
    TTC   3   4   4   4   3   3 |     TCC   2   1   1   1   1   1 |     TAC   2   1   2   2   1   1 |     TGC   0   0   0   0   0   0
Leu TTA   0   0   0   0   0   0 |     TCA   0   0   0   0   0   0 | *** TAA   0   0   0   0   0   0 | *** TGA   0   0   0   0   0   0
    TTG   0   0   0   0   0   0 |     TCG   0   0   0   0   0   0 |     TAG   0   0   0   0   0   0 | Trp TGG   1   1   1   1   1   1
--------------------------------------------------------------------------------------------------------------------------------------
Leu CTT   0   0   0   0   0   0 | Pro CCT   1   1   1   1   1   1 | His CAT   0   0   0   0   0   0 | Arg CGT   0   1   1   1   1   1
    CTC   1   1   1   1   1   1 |     CCC   2   3   2   2   3   2 |     CAC   1   1   1   1   1   1 |     CGC   0   0   0   0   0   0
    CTA   1   1   1   1   1   1 |     CCA   3   4   3   4   4   4 | Gln CAA   1   1   1   1   1   1 |     CGA   1   1   1   1   1   1
    CTG   3   2   2   2   2   2 |     CCG   3   2   4   3   2   3 |     CAG   3   3   3   3   3   3 |     CGG   0   0   0   0   0   0
--------------------------------------------------------------------------------------------------------------------------------------
Ile ATT   1   1   1   1   2   3 | Thr ACT   0   0   0   0   0   1 | Asn AAT   1   0   1   1   0   0 | Ser AGT   1   1   1   1   1   1
    ATC   7   6   6   6   5   4 |     ACC   2   3   2   2   2   1 |     AAC   4   5   4   4   5   5 |     AGC   0   0   0   0   0   0
    ATA   1   1   1   1   1   1 |     ACA   1   1   2   2   1   2 | Lys AAA   6   5   5   5   4   5 | Arg AGA   0   1   1   0   1   1
Met ATG   0   0   0   0   0   0 |     ACG   1   0   0   0   1   0 |     AAG   7   7   7   7   8   7 |     AGG   1   0   0   1   0   0
--------------------------------------------------------------------------------------------------------------------------------------
Val GTT   0   0   0   0   0   0 | Ala GCT   3   4   3   3   4   4 | Asp GAT   1   0   1   1   1   2 | Gly GGT   0   0   0   0   0   0
    GTC   1   2   1   1   2   2 |     GCC   2   2   2   2   1   1 |     GAC   6   7   6   6   6   5 |     GGC   0   0   0   0   0   0
    GTA   1   1   1   1   1   1 |     GCA   3   2   3   2   3   3 | Glu GAA   6   7   7   7   6   7 |     GGA   0   0   0   0   0   0
    GTG   3   2   3   3   2   2 |     GCG   0   0   0   1   0   0 |     GAG   2   2   2   2   3   2 |     GGG   3   3   3   3   3   3
--------------------------------------------------------------------------------------------------------------------------------------

--------------------------------------------------------------------------------------------------------------------------------------
Phe TTT   2   2   2   2   2   2 | Ser TCT   2   0   0   1   1   1 | Tyr TAT   1   1   1   1   1   1 | Cys TGT   1   3   2   1   2   2
    TTC   4   3   4   4   4   4 |     TCC   1   2   0   0   1   1 |     TAC   2   2   2   2   2   2 |     TGC   0   0   0   1   0   0
Leu TTA   0   0   0   0   0   0 |     TCA   0   0   0   0   0   0 | *** TAA   0   0   0   0   0   0 | *** TGA   0   0   0   0   0   0
    TTG   1   0   0   0   0   0 |     TCG   0   0   0   0   0   0 |     TAG   0   0   0   0   0   0 | Trp TGG   1   1   1   1   1   1
--------------------------------------------------------------------------------------------------------------------------------------
Leu CTT   0   0   0   0   0   0 | Pro CCT   1   1   1   1   1   1 | His CAT   1   0   0   0   0   0 | Arg CGT   0   0   1   1   1   1
    CTC   0   1   1   1   1   1 |     CCC   3   2   3   3   2   3 |     CAC   1   1   1   1   1   1 |     CGC   0   0   0   0   0   0
    CTA   1   1   1   1   1   1 |     CCA   3   3   3   2   3   4 | Gln CAA   1   1   1   1   1   1 |     CGA   1   1   1   1   1   1
    CTG   2   3   2   2   2   2 |     CCG   3   3   3   4   4   2 |     CAG   3   3   3   3   3   3 |     CGG   0   0   0   0   0   0
--------------------------------------------------------------------------------------------------------------------------------------
Ile ATT   2   1   1   0   1   2 | Thr ACT   0   0   0   0   0   1 | Asn AAT   1   1   1   1   1   0 | Ser AGT   1   1   1   1   1   1
    ATC   5   7   6   6   6   5 |     ACC   2   2   2   2   2   1 |     AAC   4   4   4   4   4   5 |     AGC   0   0   0   0   0   0
    ATA   1   1   0   1   1   1 |     ACA   1   1   1   1   2   2 | Lys AAA   5   6   4   3   5   5 | Arg AGA   0   0   0   0   1   1
Met ATG   0   0   0   0   0   0 |     ACG   1   1   1   1   0   0 |     AAG   8   7   8   9   7   7 |     AGG   1   1   1   1   0   0
--------------------------------------------------------------------------------------------------------------------------------------
Val GTT   0   0   0   1   0   0 | Ala GCT   3   3   4   2   3   4 | Asp GAT   1   1   1   1   1   1 | Gly GGT   0   0   0   0   0   0
    GTC   1   1   2   2   1   1 |     GCC   2   2   3   5   2   1 |     GAC   7   6   6   6   6   6 |     GGC   0   0   0   0   0   0
    GTA   1   1   1   0   1   1 |     GCA   3   3   3   1   3   3 | Glu GAA   6   6   6   7   6   6 |     GGA   0   0   0   0   0   0
    GTG   3   3   3   3   3   3 |     GCG   0   0   0   0   0   0 |     GAG   1   2   3   3   3   3 |     GGG   3   3   3   3   3   3
--------------------------------------------------------------------------------------------------------------------------------------

--------------------------------------------------------------------------------------------------------------------------------------
Phe TTT   2   2   2   2   2   2 | Ser TCT   0   1   1   0   1   1 | Tyr TAT   2   1   1   1   1   0 | Cys TGT   3   2   2   2   1   2
    TTC   4   4   3   4   4   4 |     TCC   2   1   2   1   1   1 |     TAC   1   2   2   2   2   3 |     TGC   0   0   0   0   1   0
Leu TTA   0   0   0   0   0   0 |     TCA   0   0   0   0   0   0 | *** TAA   0   0   0   0   0   0 | *** TGA   0   0   0   0   0   0
    TTG   0   0   0   0   0   0 |     TCG   0   0   0   0   0   0 |     TAG   0   0   0   0   0   0 | Trp TGG   1   1   1   1   1   1
--------------------------------------------------------------------------------------------------------------------------------------
Leu CTT   0   0   0   0   0   0 | Pro CCT   1   2   1   1   1   1 | His CAT   1   0   0   0   1   0 | Arg CGT   0   1   1   1   1   1
    CTC   1   1   1   1   1   1 |     CCC   2   2   2   2   2   2 |     CAC   0   1   2   1   0   1 |     CGC   0   0   0   0   0   0
    CTA   1   1   1   1   1   1 |     CCA   3   3   3   3   3   3 | Gln CAA   1   1   1   1   1   2 |     CGA   1   1   1   1   1   1
    CTG   2   2   2   2   2   2 |     CCG   4   3   4   4   4   4 |     CAG   3   3   3   3   3   4 |     CGG   0   0   0   0   0   0
--------------------------------------------------------------------------------------------------------------------------------------
Ile ATT   1   1   1   0   1   0 | Thr ACT   0   0   0   0   0   0 | Asn AAT   1   1   2   1   1   1 | Ser AGT   1   1   1   1   1   1
    ATC   6   6   5   7   5   5 |     ACC   2   2   2   2   1   2 |     AAC   4   4   3   4   4   4 |     AGC   0   0   0   0   0   0
    ATA   1   1   1   0   0   1 |     ACA   1   1   1   1   1   1 | Lys AAA   6   5   5   4   5   3 | Arg AGA   0   1   0   0   0   0
Met ATG   0   0   0   0   0   1 |     ACG   1   1   1   1   2   1 |     AAG   7   7   7   8   7   7 |     AGG   1   0   2   1   1   1
--------------------------------------------------------------------------------------------------------------------------------------
Val GTT   0   0   0   0   0   1 | Ala GCT   3   2   4   5   3   3 | Asp GAT   1   1   1   1   0   1 | Gly GGT   0   0   0   0   0   0
    GTC   1   1   2   2   2   1 |     GCC   2   3   1   1   2   2 |     GAC   5   6   4   5   7   6 |     GGC   0   0   0   1   0   0
    GTA   1   1   1   1   2   0 |     GCA   3   2   3   3   3   3 | Glu GAA   6   6   8   6   7   4 |     GGA   0   0   0   0   0   0
    GTG   3   3   3   3   3   4 |     GCG   0   1   0   0   0   1 |     GAG   3   3   2   3   2   4 |     GGG   3   3   2   3   3   3
--------------------------------------------------------------------------------------------------------------------------------------

--------------------------------------------------------------------------------------------------------------------------------------
Phe TTT   2   2   2   2   2   2 | Ser TCT   1   1   1   1   1   0 | Tyr TAT   1   1   1   1   0   1 | Cys TGT   1   1   2   2   1   2
    TTC   4   4   4   4   4   4 |     TCC   1   1   1   1   1   2 |     TAC   2   2   2   2   3   2 |     TGC   1   1   0   0   1   0
Leu TTA   0   0   0   0   0   0 |     TCA   0   0   0   0   0   0 | *** TAA   0   0   0   0   0   0 | *** TGA   0   0   0   0   0   0
    TTG   0   0   0   0   0   0 |     TCG   0   0   0   0   0   0 |     TAG   0   0   0   0   0   0 | Trp TGG   1   1   1   1   1   1
--------------------------------------------------------------------------------------------------------------------------------------
Leu CTT   0   0   0   0   0   0 | Pro CCT   1   1   1   1   1   1 | His CAT   0   0   0   0   0   0 | Arg CGT   1   1   1   1   1   1
    CTC   1   1   1   1   1   1 |     CCC   3   3   2   2   2   2 |     CAC   1   1   1   1   1   1 |     CGC   0   0   0   0   0   0
    CTA   1   1   1   1   1   1 |     CCA   3   3   3   3   2   2 | Gln CAA   1   1   1   1   1   1 |     CGA   1   1   1   1   1   1
    CTG   2   2   3   2   2   1 |     CCG   3   3   4   4   5   4 |     CAG   3   3   3   3   3   3 |     CGG   0   0   0   0   0   0
--------------------------------------------------------------------------------------------------------------------------------------
Ile ATT   1   1   1   1   1   1 | Thr ACT   1   0   0   0   0   0 | Asn AAT   1   1   1   1   1   1 | Ser AGT   1   1   1   1   1   1
    ATC   6   6   6   6   7   6 |     ACC   1   2   2   2   1   2 |     AAC   4   4   4   4   5   4 |     AGC   0   0   0   0   1   0
    ATA   1   1   1   1   0   1 |     ACA   2   2   1   2   1   1 | Lys AAA   5   5   5   5   4   5 | Arg AGA   1   1   0   1   0   0
Met ATG   0   0   0   0   0   1 |     ACG   0   0   1   0   1   1 |     AAG   7   7   8   7   8   7 |     AGG   0   0   1   0   1   1
--------------------------------------------------------------------------------------------------------------------------------------
Val GTT   0   0   0   0   0   0 | Ala GCT   4   4   4   4   3   3 | Asp GAT   2   2   1   1   0   1 | Gly GGT   0   0   0   0   0   0
    GTC   1   1   1   1   2   1 |     GCC   2   2   1   2   2   2 |     GAC   5   5   5   6   5   6 |     GGC   0   0   1   0   0   0
    GTA   1   1   1   1   0   1 |     GCA   0   0   3   2   3   4 | Glu GAA   7   7   7   7   6   7 |     GGA   0   0   0   0   0   0
    GTG   3   3   2   3   2   3 |     GCG   2   2   0   0   1   0 |     GAG   2   2   1   2   4   2 |     GGG   3   3   3   3   3   3
--------------------------------------------------------------------------------------------------------------------------------------

--------------------------------------------------------------------------------------------------------------------------------------
Phe TTT   2   2   2   2   2   2 | Ser TCT   1   1   0   1   0   1 | Tyr TAT   1   1   2   0   1   1 | Cys TGT   2   2   3   2   2   2
    TTC   4   4   4   4   3   4 |     TCC   1   1   2   1   3   1 |     TAC   2   2   1   3   2   2 |     TGC   0   0   0   0   0   0
Leu TTA   0   0   0   0   0   0 |     TCA   0   0   0   0   0   0 | *** TAA   0   0   0   0   0   0 | *** TGA   0   0   0   0   0   0
    TTG   0   0   0   0   0   0 |     TCG   0   0   0   0   0   0 |     TAG   0   0   0   0   0   0 | Trp TGG   1   1   1   1   1   1
--------------------------------------------------------------------------------------------------------------------------------------
Leu CTT   0   0   0   0   0   0 | Pro CCT   1   1   1   1   1   1 | His CAT   0   0   1   0   0   0 | Arg CGT   1   1   0   1   1   1
    CTC   1   1   1   1   1   1 |     CCC   3   3   2   2   2   2 |     CAC   1   1   0   1   2   1 |     CGC   0   0   0   0   0   0
    CTA   1   1   1   0   1   1 |     CCA   3   2   3   4   3   3 | Gln CAA   1   1   1   1   1   1 |     CGA   1   1   1   1   1   1
    CTG   2   2   2   3   2   2 |     CCG   3   4   4   3   4   4 |     CAG   3   3   3   3   3   3 |     CGG   0   0   0   0   0   0
--------------------------------------------------------------------------------------------------------------------------------------
Ile ATT   2   2   1   0   1   1 | Thr ACT   0   0   0   1   0   0 | Asn AAT   0   0   1   1   1   1 | Ser AGT   0   0   1   1   1   1
    ATC   5   5   6   6   5   6 |     ACC   2   2   2   2   2   2 |     AAC   5   5   4   4   5   4 |     AGC   1   1   0   0   0   0
    ATA   1   1   1   1   1   1 |     ACA   2   2   1   0   1   2 | Lys AAA   5   5   6   4   6   5 | Arg AGA   1   1   0   0   0   1
Met ATG   0   0   0   0   0   0 |     ACG   0   0   1   1   1   0 |     AAG   7   7   7   8   6   7 |     AGG   0   0   1   1   3   0
--------------------------------------------------------------------------------------------------------------------------------------
Val GTT   0   0   0   1   0   0 | Ala GCT   4   4   3   3   3   3 | Asp GAT   1   1   1   1   1   1 | Gly GGT   0   0   0   0   0   0
    GTC   1   2   1   2   2   1 |     GCC   1   2   2   2   2   2 |     GAC   6   6   5   6   2   6 |     GGC   0   0   0   0   0   0
    GTA   1   1   1   0   1   1 |     GCA   3   2   3   2   2   2 | Glu GAA   6   5   6   5   7   7 |     GGA   0   0   0   0   0   0
    GTG   3   2   3   3   2   3 |     GCG   0   0   0   1   2   1 |     GAG   3   4   3   4   2   2 |     GGG   3   3   3   3   3   3
--------------------------------------------------------------------------------------------------------------------------------------

--------------------------------------------------------------------------------------------------------------------------------------
Phe TTT   2   2   2   2   2   2 | Ser TCT   1   1   1   0   1   0 | Tyr TAT   0   1   1   1   2   1 | Cys TGT   1   2   2   2   2   2
    TTC   4   4   4   4   4   4 |     TCC   1   1   1   1   1   2 |     TAC   3   2   2   2   1   1 |     TGC   0   0   0   0   0   0
Leu TTA   0   0   0   0   0   0 |     TCA   0   0   0   0   0   0 | *** TAA   0   0   0   0   0   0 | *** TGA   0   0   0   0   0   0
    TTG   0   0   0   0   0   0 |     TCG   0   0   0   0   0   0 |     TAG   0   0   0   0   0   0 | Trp TGG   1   1   1   1   1   1
--------------------------------------------------------------------------------------------------------------------------------------
Leu CTT   0   0   0   0   0   0 | Pro CCT   1   1   1   1   2   1 | His CAT   0   0   0   0   0   0 | Arg CGT   1   1   1   1   1   1
    CTC   1   1   1   1   1   1 |     CCC   2   2   3   2   2   2 |     CAC   1   1   1   1   1   3 |     CGC   0   0   0   0   0   0
    CTA   1   1   1   1   1   1 |     CCA   3   3   4   3   3   3 | Gln CAA   1   1   1   1   1   1 |     CGA   1   1   1   1   1   1
    CTG   2   2   2   2   2   2 |     CCG   4   4   2   4   3   4 |     CAG   3   3   3   3   3   3 |     CGG   0   0   0   0   0   0
--------------------------------------------------------------------------------------------------------------------------------------
Ile ATT   0   1   2   1   2   1 | Thr ACT   0   0   0   0   0   0 | Asn AAT   1   1   0   1   1   1 | Ser AGT   1   1   1   1   0   1
    ATC   6   6   5   6   5   5 |     ACC   2   2   2   2   2   2 |     AAC   4   4   5   4   4   4 |     AGC   0   0   0   0   1   0
    ATA   1   1   1   0   1   1 |     ACA   2   2   2   1   2   1 | Lys AAA   4   5   5   4   6   6 | Arg AGA   0   1   1   0   1   0
Met ATG   0   0   0   0   0   0 |     ACG   0   0   0   1   0   1 |     AAG   7   7   7   8   6   6 |     AGG   1   0   0   1   0   3
--------------------------------------------------------------------------------------------------------------------------------------
Val GTT   1   0   0   0   0   0 | Ala GCT   3   3   4   3   4   3 | Asp GAT   1   1   1   1   1   1 | Gly GGT   1   0   0   0   0   0
    GTC   3   1   1   2   1   2 |     GCC   2   2   1   3   2   2 |     GAC   6   6   6   6   6   4 |     GGC   0   0   0   0   0   0
    GTA   0   1   1   1   1   1 |     GCA   2   3   3   3   2   2 | Glu GAA   5   7   6   6   6   6 |     GGA   0   0   0   0   0   0
    GTG   2   3   3   3   3   2 |     GCG   1   0   0   0   0   2 |     GAG   5   2   3   3   3   2 |     GGG   3   3   3   3   3   3
--------------------------------------------------------------------------------------------------------------------------------------

--------------------------------------------------------------------------------------------------------------------------------------
Phe TTT   2   2   2   1   2   2 | Ser TCT   0   1   0   1   1   1 | Tyr TAT   1   1   1   1   1   1 | Cys TGT   2   2   2   2   2   2
    TTC   4   4   4   5   4   5 |     TCC   1   1   2   0   1   1 |     TAC   2   2   2   2   2   2 |     TGC   0   0   0   0   0   0
Leu TTA   0   0   0   0   0   0 |     TCA   0   0   0   0   0   0 | *** TAA   0   0   0   0   0   0 | *** TGA   0   0   0   0   0   0
    TTG   0   0   0   0   0   0 |     TCG   0   0   0   0   0   0 |     TAG   0   0   0   0   0   0 | Trp TGG   1   1   1   1   1   1
--------------------------------------------------------------------------------------------------------------------------------------
Leu CTT   0   0   1   0   0   0 | Pro CCT   1   1   1   1   1   1 | His CAT   0   0   0   0   0   0 | Arg CGT   1   1   0   1   1   1
    CTC   1   1   1   1   1   1 |     CCC   2   2   2   3   2   3 |     CAC   1   1   1   1   1   1 |     CGC   0   0   0   0   0   0
    CTA   1   1   1   1   1   2 |     CCA   3   3   3   3   3   3 | Gln CAA   1   1   1   1   1   1 |     CGA   1   1   1   1   1   0
    CTG   2   2   3   2   2   2 |     CCG   4   4   3   3   4   3 |     CAG   3   3   3   3   3   3 |     CGG   0   0   0   0   0   0
--------------------------------------------------------------------------------------------------------------------------------------
Ile ATT   1   1   1   0   1   2 | Thr ACT   0   0   0   0   0   0 | Asn AAT   2   1   1   1   1   1 | Ser AGT   1   1   1   0   1   1
    ATC   6   6   6   7   6   4 |     ACC   2   2   3   2   2   2 |     AAC   3   4   4   4   4   4 |     AGC   0   0   0   1   0   0
    ATA   1   1   1   1   1   1 |     ACA   1   1   1   1   2   2 | Lys AAA   6   5   5   3   4   5 | Arg AGA   0   1   0   0   0   1
Met ATG   1   0   0   0   0   0 |     ACG   0   1   0   1   0   0 |     AAG   7   7   7   9   8   7 |     AGG   1   0   1   1   1   0
--------------------------------------------------------------------------------------------------------------------------------------
Val GTT   0   0   0   0   0   0 | Ala GCT   3   3   3   4   3   4 | Asp GAT   2   1   1   1   1   2 | Gly GGT   0   0   0   0   0   1
    GTC   1   1   1   1   2   2 |     GCC   3   2   2   2   2   2 |     GAC   5   6   6   6   6   5 |     GGC   0   0   0   0   0   0
    GTA   1   1   1   0   0   1 |     GCA   2   3   3   2   3   2 | Glu GAA   6   7   7   6   6   6 |     GGA   0   0   0   0   0   0
    GTG   3   3   3   4   3   2 |     GCG   1   0   0   1   0   0 |     GAG   2   2   2   3   3   3 |     GGG   3   3   3   3   3   2
--------------------------------------------------------------------------------------------------------------------------------------

--------------------------------------------------------------------------------------------------------------------------------------
Phe TTT   2   2   2   2   2   2 | Ser TCT   1   0   1   1   1   1 | Tyr TAT   1   0   1   1   1   1 | Cys TGT   2   2   2   2   2   2
    TTC   4   4   4   4   4   3 |     TCC   1   1   1   1   1   1 |     TAC   2   3   2   2   2   2 |     TGC   0   0   0   0   0   0
Leu TTA   0   0   0   0   0   1 |     TCA   0   0   0   0   0   0 | *** TAA   0   0   0   0   0   0 | *** TGA   0   0   0   0   0   0
    TTG   0   0   0   0   0   0 |     TCG   0   0   0   0   0   0 |     TAG   0   0   0   0   0   0 | Trp TGG   1   1   1   1   1   1
--------------------------------------------------------------------------------------------------------------------------------------
Leu CTT   0   0   0   0   0   0 | Pro CCT   1   1   1   1   2   1 | His CAT   0   0   0   0   0   0 | Arg CGT   1   1   1   1   1   1
    CTC   1   1   1   1   1   1 |     CCC   3   2   3   4   2   2 |     CAC   1   1   1   1   1   1 |     CGC   0   0   0   0   0   0
    CTA   1   0   1   1   1   1 |     CCA   3   4   4   2   3   3 | Gln CAA   1   1   1   1   1   1 |     CGA   1   1   1   1   1   1
    CTG   2   3   2   2   2   3 |     CCG   3   3   2   3   3   3 |     CAG   3   3   3   3   3   3 |     CGG   0   0   0   0   0   0
--------------------------------------------------------------------------------------------------------------------------------------
Ile ATT   3   0   2   2   1   0 | Thr ACT   0   1   0   0   0   0 | Asn AAT   0   1   0   1   1   1 | Ser AGT   0   1   1   1   1   1
    ATC   4   6   5   5   6   6 |     ACC   2   2   2   2   2   2 |     AAC   5   4   5   4   4   5 |     AGC   1   0   0   0   0   0
    ATA   1   1   1   1   1   2 |     ACA   2   0   2   2   1   1 | Lys AAA   5   4   5   5   5   4 | Arg AGA   1   0   1   1   1   0
Met ATG   0   0   0   0   0   0 |     ACG   0   1   0   0   1   1 |     AAG   7   7   7   7   7   8 |     AGG   0   2   0   0   0   1
--------------------------------------------------------------------------------------------------------------------------------------
Val GTT   0   1   0   0   0   0 | Ala GCT   4   3   4   4   3   3 | Asp GAT   1   0   1   0   1   1 | Gly GGT   0   0   0   0   0   0
    GTC   1   1   1   2   1   2 |     GCC   1   4   1   2   2   2 |     GAC   6   7   6   7   6   5 |     GGC   0   0   0   0   0   0
    GTA   1   0   1   1   1   0 |     GCA   3   2   3   2   3   3 | Glu GAA   6   4   6   5   7   7 |     GGA   0   0   0   0   0   0
    GTG   3   3   3   2   3   3 |     GCG   0   1   0   0   0   0 |     GAG   3   5   3   4   2   2 |     GGG   3   3   3   3   3   3
--------------------------------------------------------------------------------------------------------------------------------------

--------------------------------------------------------------------------------------------------------------------------------------
Phe TTT   2   2   2   2   2   2 | Ser TCT   1   1   1   1   1   1 | Tyr TAT   1   2   1   1   1   1 | Cys TGT   2   2   2   2   2   2
    TTC   4   4   4   4   4   4 |     TCC   1   1   1   1   1   1 |     TAC   2   1   2   2   2   2 |     TGC   0   0   0   0   0   0
Leu TTA   0   0   0   0   0   0 |     TCA   0   0   0   0   0   0 | *** TAA   0   0   0   0   0   0 | *** TGA   0   0   0   0   0   0
    TTG   0   0   0   0   0   0 |     TCG   0   0   0   0   0   0 |     TAG   0   0   0   0   0   0 | Trp TGG   1   1   1   1   1   1
--------------------------------------------------------------------------------------------------------------------------------------
Leu CTT   0   0   0   0   0   0 | Pro CCT   1   1   1   1   1   1 | His CAT   0   0   0   0   0   0 | Arg CGT   1   1   1   1   1   1
    CTC   0   1   1   1   1   1 |     CCC   2   2   2   2   2   2 |     CAC   2   1   1   1   1   1 |     CGC   0   0   0   0   0   0
    CTA   1   1   1   1   1   1 |     CCA   3   3   3   4   3   3 | Gln CAA   1   1   1   1   1   1 |     CGA   1   1   1   1   1   1
    CTG   3   2   2   2   2   2 |     CCG   4   4   4   3   4   4 |     CAG   3   3   3   3   3   3 |     CGG   0   0   0   0   0   0
--------------------------------------------------------------------------------------------------------------------------------------
Ile ATT   1   1   1   1   1   1 | Thr ACT   0   0   0   0   0   0 | Asn AAT   1   1   1   1   1   1 | Ser AGT   1   1   1   1   1   1
    ATC   6   6   6   6   6   6 |     ACC   2   2   2   2   2   2 |     AAC   3   4   4   4   4   4 |     AGC   0   0   0   0   0   0
    ATA   1   1   1   1   1   1 |     ACA   1   1   2   2   2   2 | Lys AAA   4   5   3   5   5   5 | Arg AGA   0   0   0   0   1   1
Met ATG   0   0   0   0   0   0 |     ACG   2   1   1   0   0   0 |     AAG   7   6   9   7   7   7 |     AGG   1   1   1   1   0   0
--------------------------------------------------------------------------------------------------------------------------------------
Val GTT   0   0   0   0   0   0 | Ala GCT   3   2   3   3   3   3 | Asp GAT   1   1   1   1   1   1 | Gly GGT   0   0   0   0   0   0
    GTC   3   2   1   1   1   1 |     GCC   2   3   2   2   2   2 |     GAC   6   6   6   6   6   6 |     GGC   0   0   1   0   0   0
    GTA   0   1   0   1   1   1 |     GCA   2   1   3   2   3   3 | Glu GAA   6   7   7   7   7   7 |     GGA   0   0   0   0   0   0
    GTG   2   3   3   3   3   3 |     GCG   1   1   0   1   0   0 |     GAG   3   3   2   2   2   2 |     GGG   3   3   2   3   3   3
--------------------------------------------------------------------------------------------------------------------------------------

Codon position x base (3x4) table for each sequence.

#1: Argali         
position  1:    T:0.14286    C:0.20408    A:0.33673    G:0.31633
position  2:    T:0.24490    C:0.23469    A:0.41837    G:0.10204
position  3:    T:0.14286    C:0.33673    A:0.24490    G:0.27551
Average         T:0.17687    C:0.25850    A:0.33333    G:0.23129

#2: LesserMouseDeer
position  1:    T:0.14286    C:0.21429    A:0.31633    G:0.32653
position  2:    T:0.23469    C:0.24490    A:0.41837    G:0.10204
position  3:    T:0.15306    C:0.36735    A:0.25510    G:0.22449
Average         T:0.17687    C:0.27551    A:0.32993    G:0.21769

#3: LesserKudu     
position  1:    T:0.14286    C:0.21429    A:0.31633    G:0.32653
position  2:    T:0.23469    C:0.24490    A:0.41837    G:0.10204
position  3:    T:0.15306    C:0.32653    A:0.26531    G:0.25510
Average         T:0.17687    C:0.26190    A:0.33333    G:0.22789

#4: ForestMuskDeer2
position  1:    T:0.14286    C:0.21429    A:0.31633    G:0.32653
position  2:    T:0.23469    C:0.24490    A:0.41837    G:0.10204
position  3:    T:0.15306    C:0.32653    A:0.25510    G:0.26531
Average         T:0.17687    C:0.26190    A:0.32993    G:0.23129

#5: Camel          
position  1:    T:0.14286    C:0.21429    A:0.31633    G:0.32653
position  2:    T:0.23469    C:0.24490    A:0.41837    G:0.10204
position  3:    T:0.18367    C:0.31633    A:0.24490    G:0.25510
Average         T:0.18707    C:0.25850    A:0.32653    G:0.22789

#6: KillerWhale    
position  1:    T:0.14286    C:0.21429    A:0.31633    G:0.32653
position  2:    T:0.23469    C:0.24490    A:0.41837    G:0.10204
position  3:    T:0.21429    C:0.27551    A:0.27551    G:0.23469
Average         T:0.19728    C:0.24490    A:0.33673    G:0.22109

#7: DefassaWaterbuck
position  1:    T:0.15306    C:0.20408    A:0.32653    G:0.31633
position  2:    T:0.23469    C:0.25510    A:0.42857    G:0.08163
position  3:    T:0.16327    C:0.32653    A:0.23469    G:0.27551
Average         T:0.18367    C:0.26190    A:0.32993    G:0.22449

#8: Sheep          
position  1:    T:0.14286    C:0.20408    A:0.33673    G:0.31633
position  2:    T:0.24490    C:0.23469    A:0.41837    G:0.10204
position  3:    T:0.14286    C:0.33673    A:0.24490    G:0.27551
Average         T:0.17687    C:0.25850    A:0.33333    G:0.23129

#9: MaxwellsDuiker 
position  1:    T:0.12245    C:0.21429    A:0.30612    G:0.35714
position  2:    T:0.23469    C:0.24490    A:0.41837    G:0.10204
position  3:    T:0.15306    C:0.34694    A:0.21429    G:0.28571
Average         T:0.17007    C:0.26871    A:0.31293    G:0.24830

#10: GazellaPrzewalskyi
position  1:    T:0.13265    C:0.21429    A:0.30612    G:0.34694
position  2:    T:0.23469    C:0.23469    A:0.42857    G:0.10204
position  3:    T:0.13265    C:0.37755    A:0.18367    G:0.30612
Average         T:0.16667    C:0.27551    A:0.30612    G:0.25170

#11: MountainNyala  
position  1:    T:0.14286    C:0.21429    A:0.31633    G:0.32653
position  2:    T:0.23469    C:0.24490    A:0.41837    G:0.10204
position  3:    T:0.15306    C:0.32653    A:0.25510    G:0.26531
Average         T:0.17687    C:0.26190    A:0.32993    G:0.23129

#12: MuntiacusMuntjak
position  1:    T:0.14286    C:0.21429    A:0.31633    G:0.32653
position  2:    T:0.23469    C:0.24490    A:0.41837    G:0.10204
position  3:    T:0.17347    C:0.31633    A:0.26531    G:0.24490
Average         T:0.18367    C:0.25850    A:0.33333    G:0.22449

#13: goat           
position  1:    T:0.15306    C:0.20408    A:0.32653    G:0.31633
position  2:    T:0.23469    C:0.24490    A:0.41837    G:0.10204
position  3:    T:0.16327    C:0.30612    A:0.24490    G:0.28571
Average         T:0.18367    C:0.25170    A:0.32993    G:0.23469

#14: AfricanBuffalo 
position  1:    T:0.14286    C:0.21429    A:0.31633    G:0.32653
position  2:    T:0.23469    C:0.24490    A:0.41837    G:0.10204
position  3:    T:0.15306    C:0.33673    A:0.23469    G:0.27551
Average         T:0.17687    C:0.26531    A:0.32313    G:0.23469

#15: Topi           
position  1:    T:0.14286    C:0.22449    A:0.31633    G:0.31633
position  2:    T:0.22449    C:0.25510    A:0.41837    G:0.10204
position  3:    T:0.17347    C:0.29592    A:0.25510    G:0.27551
Average         T:0.18027    C:0.25850    A:0.32993    G:0.23129

#16: CommonDuiker   
position  1:    T:0.13265    C:0.21429    A:0.30612    G:0.34694
position  2:    T:0.23469    C:0.24490    A:0.40816    G:0.11224
position  3:    T:0.15306    C:0.33673    A:0.21429    G:0.29592
Average         T:0.17347    C:0.26531    A:0.30952    G:0.25170

#17: Suni           
position  1:    T:0.14286    C:0.21429    A:0.29592    G:0.34694
position  2:    T:0.23469    C:0.24490    A:0.41837    G:0.10204
position  3:    T:0.14286    C:0.32653    A:0.24490    G:0.28571
Average         T:0.17347    C:0.26190    A:0.31973    G:0.24490

#18: Springbuck     
position  1:    T:0.14286    C:0.23469    A:0.28571    G:0.33673
position  2:    T:0.23469    C:0.25510    A:0.40816    G:0.10204
position  3:    T:0.14286    C:0.32653    A:0.19388    G:0.33673
Average         T:0.17347    C:0.27211    A:0.29592    G:0.25850

#19: Okapi          
position  1:    T:0.14286    C:0.21429    A:0.31633    G:0.32653
position  2:    T:0.23469    C:0.24490    A:0.41837    G:0.10204
position  3:    T:0.17347    C:0.32653    A:0.23469    G:0.26531
Average         T:0.18367    C:0.26190    A:0.32313    G:0.23129

#20: Giraffe        
position  1:    T:0.14286    C:0.21429    A:0.31633    G:0.32653
position  2:    T:0.23469    C:0.24490    A:0.41837    G:0.10204
position  3:    T:0.16327    C:0.33673    A:0.23469    G:0.26531
Average         T:0.18027    C:0.26531    A:0.32313    G:0.23129

#21: TibetanAntelope
position  1:    T:0.14286    C:0.22449    A:0.32653    G:0.30612
position  2:    T:0.23469    C:0.24490    A:0.40816    G:0.11224
position  3:    T:0.16327    C:0.31633    A:0.24490    G:0.27551
Average         T:0.18027    C:0.26190    A:0.32653    G:0.23129

#22: Sitatunga      
position  1:    T:0.14286    C:0.21429    A:0.31633    G:0.32653
position  2:    T:0.23469    C:0.24490    A:0.41837    G:0.10204
position  3:    T:0.16327    C:0.32653    A:0.25510    G:0.25510
Average         T:0.18027    C:0.26190    A:0.32993    G:0.22789

#23: Oribi          
position  1:    T:0.14286    C:0.21429    A:0.32653    G:0.31633
position  2:    T:0.22449    C:0.24490    A:0.41837    G:0.11224
position  3:    T:0.12245    C:0.36735    A:0.19388    G:0.31633
Average         T:0.16327    C:0.27551    A:0.31293    G:0.24830

#24: BarbarySheep   
position  1:    T:0.14286    C:0.19388    A:0.32653    G:0.33673
position  2:    T:0.23469    C:0.24490    A:0.41837    G:0.10204
position  3:    T:0.14286    C:0.33673    A:0.24490    G:0.27551
Average         T:0.17347    C:0.25850    A:0.32993    G:0.23810

#25: Daviddeer      
position  1:    T:0.14286    C:0.21429    A:0.31633    G:0.32653
position  2:    T:0.23469    C:0.24490    A:0.41837    G:0.10204
position  3:    T:0.15306    C:0.33673    A:0.25510    G:0.25510
Average         T:0.17687    C:0.26531    A:0.32993    G:0.22789

#26: Reindeer       
position  1:    T:0.14286    C:0.21429    A:0.31633    G:0.32653
position  2:    T:0.23469    C:0.24490    A:0.41837    G:0.10204
position  3:    T:0.15306    C:0.35714    A:0.22449    G:0.26531
Average         T:0.17687    C:0.27211    A:0.31973    G:0.23129

#27: Ibex           
position  1:    T:0.15306    C:0.20408    A:0.32653    G:0.31633
position  2:    T:0.23469    C:0.24490    A:0.41837    G:0.10204
position  3:    T:0.16327    C:0.30612    A:0.24490    G:0.28571
Average         T:0.18367    C:0.25170    A:0.32993    G:0.23469

#28: GyrantGazelle  
position  1:    T:0.14286    C:0.21429    A:0.30612    G:0.33673
position  2:    T:0.23469    C:0.24490    A:0.41837    G:0.10204
position  3:    T:0.15306    C:0.34694    A:0.18367    G:0.31633
Average         T:0.17687    C:0.26871    A:0.30272    G:0.25170

#29: Hartebeest     
position  1:    T:0.14286    C:0.22449    A:0.33673    G:0.29592
position  2:    T:0.21429    C:0.26531    A:0.39796    G:0.12245
position  3:    T:0.14286    C:0.31633    A:0.24490    G:0.29592
Average         T:0.16667    C:0.26871    A:0.32653    G:0.23810

#30: Bongo          
position  1:    T:0.14286    C:0.21429    A:0.31633    G:0.32653
position  2:    T:0.23469    C:0.24490    A:0.41837    G:0.10204
position  3:    T:0.15306    C:0.32653    A:0.25510    G:0.26531
Average         T:0.17687    C:0.26190    A:0.32993    G:0.23129

#31: Gerenuk        
position  1:    T:0.13265    C:0.21429    A:0.29592    G:0.35714
position  2:    T:0.23469    C:0.24490    A:0.41837    G:0.10204
position  3:    T:0.14286    C:0.35714    A:0.20408    G:0.29592
Average         T:0.17007    C:0.27211    A:0.30612    G:0.25170

#32: CommonEland    
position  1:    T:0.14286    C:0.21429    A:0.31633    G:0.32653
position  2:    T:0.23469    C:0.24490    A:0.41837    G:0.10204
position  3:    T:0.15306    C:0.32653    A:0.26531    G:0.25510
Average         T:0.17687    C:0.26190    A:0.33333    G:0.22789

#33: MuntiacusReevesi
position  1:    T:0.14286    C:0.21429    A:0.31633    G:0.32653
position  2:    T:0.23469    C:0.24490    A:0.41837    G:0.10204
position  3:    T:0.16327    C:0.32653    A:0.26531    G:0.24490
Average         T:0.18027    C:0.26190    A:0.33333    G:0.22449

#34: HarveysDuiker  
position  1:    T:0.13265    C:0.21429    A:0.30612    G:0.34694
position  2:    T:0.23469    C:0.24490    A:0.41837    G:0.10204
position  3:    T:0.14286    C:0.34694    A:0.21429    G:0.29592
Average         T:0.17007    C:0.26871    A:0.31293    G:0.24830

#35: Pronghorn      
position  1:    T:0.14286    C:0.21429    A:0.31633    G:0.32653
position  2:    T:0.23469    C:0.24490    A:0.41837    G:0.10204
position  3:    T:0.18367    C:0.31633    A:0.25510    G:0.24490
Average         T:0.18707    C:0.25850    A:0.32993    G:0.22449

#36: BlueWildebeest 
position  1:    T:0.13265    C:0.23469    A:0.32653    G:0.30612
position  2:    T:0.22449    C:0.25510    A:0.39796    G:0.12245
position  3:    T:0.14286    C:0.32653    A:0.23469    G:0.29592
Average         T:0.16667    C:0.27211    A:0.31973    G:0.24150

#37: Gemsbok        
position  1:    T:0.13265    C:0.21429    A:0.32653    G:0.32653
position  2:    T:0.24490    C:0.23469    A:0.41837    G:0.10204
position  3:    T:0.16327    C:0.31633    A:0.23469    G:0.28571
Average         T:0.18027    C:0.25510    A:0.32653    G:0.23810

#38: Yak            
position  1:    T:0.14286    C:0.21429    A:0.31633    G:0.32653
position  2:    T:0.23469    C:0.24490    A:0.41837    G:0.10204
position  3:    T:0.15306    C:0.32653    A:0.25510    G:0.26531
Average         T:0.17687    C:0.26190    A:0.32993    G:0.23129

#39: BlueSheep      
position  1:    T:0.14286    C:0.21429    A:0.31633    G:0.32653
position  2:    T:0.25510    C:0.23469    A:0.41837    G:0.09184
position  3:    T:0.14286    C:0.34694    A:0.24490    G:0.26531
Average         T:0.18027    C:0.26531    A:0.32653    G:0.22789

#40: BohorReedbuck  
position  1:    T:0.13265    C:0.21429    A:0.31633    G:0.33673
position  2:    T:0.23469    C:0.24490    A:0.41837    G:0.10204
position  3:    T:0.13265    C:0.35714    A:0.19388    G:0.31633
Average         T:0.16667    C:0.27211    A:0.30952    G:0.25170

#41: KirksDik       
position  1:    T:0.14286    C:0.21429    A:0.31633    G:0.32653
position  2:    T:0.23469    C:0.24490    A:0.41837    G:0.10204
position  3:    T:0.15306    C:0.33673    A:0.22449    G:0.28571
Average         T:0.17687    C:0.26531    A:0.31973    G:0.23810

#42: RoeDeer        
position  1:    T:0.15306    C:0.21429    A:0.30612    G:0.32653
position  2:    T:0.24490    C:0.24490    A:0.41837    G:0.09184
position  3:    T:0.19388    C:0.32653    A:0.24490    G:0.23469
Average         T:0.19728    C:0.26190    A:0.32313    G:0.21769

#43: WhiteLippedDeer
position  1:    T:0.14286    C:0.21429    A:0.31633    G:0.32653
position  2:    T:0.23469    C:0.24490    A:0.41837    G:0.10204
position  3:    T:0.16327    C:0.32653    A:0.25510    G:0.25510
Average         T:0.18027    C:0.26190    A:0.32993    G:0.22789

#44: ThomsonGazelle 
position  1:    T:0.13265    C:0.21429    A:0.30612    G:0.34694
position  2:    T:0.22449    C:0.25510    A:0.40816    G:0.11224
position  3:    T:0.13265    C:0.36735    A:0.17347    G:0.32653
Average         T:0.16327    C:0.27891    A:0.29592    G:0.26190

#45: MuntiacusCrinifrons
position  1:    T:0.14286    C:0.21429    A:0.31633    G:0.32653
position  2:    T:0.23469    C:0.24490    A:0.41837    G:0.10204
position  3:    T:0.16327    C:0.32653    A:0.26531    G:0.24490
Average         T:0.18027    C:0.26190    A:0.33333    G:0.22449

#46: WhiteTailedDeer
position  1:    T:0.14286    C:0.21429    A:0.31633    G:0.32653
position  2:    T:0.23469    C:0.24490    A:0.41837    G:0.10204
position  3:    T:0.16327    C:0.35714    A:0.22449    G:0.25510
Average         T:0.18027    C:0.27211    A:0.31973    G:0.22789

#47: Cattle         
position  1:    T:0.14286    C:0.21429    A:0.31633    G:0.32653
position  2:    T:0.23469    C:0.24490    A:0.41837    G:0.10204
position  3:    T:0.16327    C:0.32653    A:0.25510    G:0.25510
Average         T:0.18027    C:0.26190    A:0.32993    G:0.22789

#48: RoyalAntelope  
position  1:    T:0.14286    C:0.21429    A:0.32653    G:0.31633
position  2:    T:0.24490    C:0.23469    A:0.41837    G:0.10204
position  3:    T:0.14286    C:0.32653    A:0.24490    G:0.28571
Average         T:0.17687    C:0.25850    A:0.32993    G:0.23469

#49: Steenbok       
position  1:    T:0.14286    C:0.22449    A:0.30612    G:0.32653
position  2:    T:0.23469    C:0.25510    A:0.40816    G:0.10204
position  3:    T:0.15306    C:0.33673    A:0.20408    G:0.30612
Average         T:0.17687    C:0.27211    A:0.30612    G:0.24490

#50: Impala         
position  1:    T:0.14286    C:0.21429    A:0.30612    G:0.33673
position  2:    T:0.24490    C:0.23469    A:0.41837    G:0.10204
position  3:    T:0.15306    C:0.33673    A:0.22449    G:0.28571
Average         T:0.18027    C:0.26190    A:0.31633    G:0.24150

#51: Klipspringer   
position  1:    T:0.14286    C:0.21429    A:0.32653    G:0.31633
position  2:    T:0.22449    C:0.25510    A:0.41837    G:0.10204
