1
52 1
Argali 0.000000 0.141100 0.047700 0.158100 0.037000 0.000000 0.053500 0.053600 0.047800 0.087100 0.005200 0.054000 0.031700 0.048000 0.064400 0.059100 0.075400 0.064100 0.005100 0.053300 0.042400 0.015600 0.097900 0.087000 0.010400 0.037000 0.037200 0.042200 0.053500 0.053000 0.087300 0.037000 0.051600 0.026400 0.026400 0.059200 0.015700 0.064600 0.037100 0.087700 0.081100 0.047800 0.087100 0.070100 0.064800 0.042600 0.031600 0.064500 0.047700 0.070200 0.036900 0.064500
LesserMous 0.141100 0.000000 0.109000 0.178400 0.122000 0.141100 0.122200 0.128400 0.109400 0.137600 0.134900 0.111000 0.141200 0.122500 0.134200 0.134800 0.135000 0.122400 0.135100 0.115600 0.128100 0.146300 0.149000 0.119100 0.141700 0.122000 0.147800 0.115200 0.154200 0.115100 0.137900 0.109600 0.130700 0.135400 0.135100 0.122600 0.147900 0.135000 0.122400 0.126200 0.131000 0.134300 0.137600 0.119300 0.128800 0.128700 0.128600 0.141000 0.134100 0.129700 0.109400 0.128100
LesserKudu 0.047700 0.109000 0.000000 0.139000 0.020800 0.047700 0.036900 0.047800 0.010400 0.047600 0.042300 0.026500 0.058800 0.031500 0.036700 0.042300 0.047500 0.036600 0.042300 0.015600 0.036800 0.052900 0.058200 0.047500 0.047900 0.042200 0.064400 0.005200 0.058700 0.015500 0.047700 0.020800 0.045600 0.053400 0.053300 0.042500 0.053300 0.047800 0.031600 0.059000 0.042000 0.042100 0.047600 0.031400 0.037000 0.036900 0.026100 0.036900 0.031300 0.042300 0.010400 0.026200
KillerWhal 0.158100 0.178400 0.139000 0.000000 0.139100 0.158100 0.158700 0.143100 0.127400 0.146300 0.152200 0.129200 0.158100 0.146100 0.164000 0.177600 0.145400 0.133200 0.152300 0.133300 0.158000 0.163500 0.157400 0.139800 0.158900 0.152000 0.164600 0.133000 0.183800 0.132800 0.134400 0.139700 0.133400 0.152100 0.152000 0.140400 0.158600 0.151700 0.152800 0.147200 0.139600 0.164300 0.146200 0.140100 0.146700 0.158800 0.146000 0.158500 0.127400 0.134300 0.127400 0.146000
DefassaWat 0.037000 0.122000 0.020800 0.139100 0.000000 0.037000 0.037100 0.037200 0.020900 0.058900 0.031700 0.026600 0.048100 0.031700 0.047800 0.042500 0.047700 0.036800 0.031700 0.026200 0.026200 0.047200 0.069600 0.058800 0.037200 0.031600 0.053600 0.015600 0.048000 0.026100 0.053500 0.020900 0.040100 0.042700 0.053600 0.042700 0.042600 0.026300 0.021000 0.070600 0.053200 0.031600 0.058900 0.042400 0.037200 0.026300 0.015600 0.037000 0.031500 0.040700 0.010400 0.037000
Sheep 0.000000 0.141100 0.047700 0.158100 0.037000 0.000000 0.053500 0.053600 0.047800 0.087100 0.005200 0.054000 0.031700 0.048000 0.064400 0.059100 0.075400 0.064100 0.005100 0.053300 0.042400 0.015600 0.097900 0.087000 0.010400 0.037000 0.037200 0.042200 0.053500 0.053000 0.087300 0.037000 0.051600 0.026400 0.026400 0.059200 0.015700 0.064600 0.037100 0.087700 0.081100 0.047800 0.087100 0.070100 0.064800 0.042600 0.031600 0.064500 0.047700 0.070200 0.036900 0.064500
MaxwellsDu 0.053500 0.122200 0.036900 0.158700 0.037100 0.053500 0.000000 0.042700 0.037100 0.075900 0.048100 0.043100 0.053700 0.026400 0.053400 0.042600 0.064300 0.053200 0.048100 0.042500 0.031600 0.058800 0.086700 0.075800 0.053700 0.037100 0.059300 0.031600 0.053600 0.042300 0.076000 0.015700 0.063000 0.048300 0.048200 0.059400 0.059300 0.064800 0.026400 0.076400 0.070000 0.037000 0.075900 0.064200 0.053800 0.042600 0.031700 0.053600 0.037000 0.059100 0.026300 0.053600
GazellaPrz 0.053600 0.128400 0.047800 0.143100 0.037200 0.053600 0.042700 0.000000 0.037100 0.076000 0.048200 0.048600 0.042600 0.031800 0.064700 0.048200 0.064400 0.053300 0.048200 0.042500 0.031700 0.058900 0.086700 0.075900 0.053900 0.037200 0.048100 0.042400 0.053700 0.042300 0.076100 0.026300 0.074300 0.037300 0.048100 0.070800 0.053800 0.064900 0.026500 0.076600 0.070000 0.037100 0.076000 0.059100 0.065100 0.042700 0.028800 0.064800 0.053400 0.070500 0.037100 0.064800
MountainNy 0.047800 0.109400 0.010400 0.127400 0.020900 0.047800 0.037100 0.037100 0.000000 0.047800 0.042400 0.026600 0.059000 0.031600 0.047700 0.053400 0.036800 0.026100 0.042500 0.005200 0.036900 0.053100 0.058300 0.047700 0.048000 0.042400 0.064700 0.005200 0.058900 0.005200 0.047900 0.020900 0.045700 0.053600 0.053500 0.042700 0.053500 0.047900 0.031700 0.059200 0.042200 0.042200 0.047800 0.031500 0.037200 0.037000 0.026200 0.037000 0.031500 0.042400 0.010400 0.037100
MuntiacusM 0.087100 0.137600 0.047600 0.146300 0.058900 0.087100 0.075900 0.076000 0.047800 0.000000 0.081600 0.065300 0.099000 0.070200 0.075500 0.081500 0.064300 0.053200 0.081600 0.053200 0.075600 0.092400 0.042100 0.047700 0.081700 0.081500 0.105000 0.053100 0.087300 0.053000 0.010400 0.058800 0.075500 0.093400 0.093200 0.081900 0.093200 0.087400 0.070300 0.053700 0.026200 0.081200 0.000000 0.026200 0.076100 0.075900 0.064500 0.075800 0.058800 0.070300 0.047800 0.064500
goat 0.005200 0.134900 0.042300 0.152200 0.031700 0.005200 0.048100 0.048200 0.042400 0.081600 0.000000 0.048600 0.026400 0.042600 0.058900 0.053600 0.069900 0.058700 0.000000 0.047900 0.037000 0.010300 0.092400 0.081500 0.005200 0.031700 0.031800 0.036900 0.059200 0.047700 0.081700 0.031600 0.046000 0.021100 0.031800 0.053700 0.010400 0.059200 0.031800 0.082100 0.075600 0.042500 0.081500 0.064600 0.059300 0.037200 0.026300 0.059100 0.042400 0.064700 0.031600 0.059100
AfricanBuf 0.054000 0.111000 0.026500 0.129200 0.026600 0.054000 0.043100 0.048600 0.026600 0.065300 0.048600 0.000000 0.059800 0.026600 0.048400 0.059800 0.053800 0.042700 0.048600 0.032000 0.042900 0.059300 0.076100 0.065200 0.054300 0.048500 0.065500 0.021100 0.065400 0.031800 0.065400 0.026600 0.052000 0.054300 0.054200 0.026700 0.048600 0.043000 0.037600 0.077300 0.059400 0.048400 0.065300 0.048500 0.021300 0.043000 0.032000 0.043000 0.037300 0.037500 0.015800 0.043000
Topi 0.031700 0.141200 0.058800 0.158100 0.048100 0.031700 0.053700 0.042600 0.059000 0.099000 0.026400 0.059800 0.000000 0.042600 0.075800 0.059200 0.087000 0.075500 0.026400 0.064600 0.042500 0.037000 0.109900 0.098900 0.031900 0.037100 0.005200 0.053300 0.064800 0.064300 0.099200 0.037100 0.074400 0.005200 0.026400 0.070600 0.031800 0.076100 0.037300 0.087900 0.092800 0.048000 0.099000 0.081700 0.076400 0.053700 0.042600 0.076100 0.058900 0.081800 0.047900 0.076000
CommonDuik 0.048000 0.122500 0.031500 0.146100 0.031700 0.048000 0.026400 0.031800 0.031600 0.070200 0.042600 0.026600 0.042600 0.000000 0.047900 0.042600 0.058700 0.047700 0.042600 0.037000 0.026300 0.053200 0.080900 0.070100 0.048200 0.031700 0.048100 0.026200 0.048000 0.036800 0.070300 0.010400 0.057400 0.037300 0.037200 0.053800 0.042600 0.059100 0.021100 0.070700 0.064400 0.031600 0.070200 0.053500 0.048200 0.037200 0.026300 0.048000 0.031600 0.053600 0.020900 0.048000
Suni 0.064400 0.134200 0.036700 0.164000 0.047800 0.064400 0.053400 0.064700 0.047700 0.075500 0.058900 0.048400 0.075800 0.047900 0.000000 0.047900 0.064100 0.053000 0.059000 0.053200 0.042300 0.069600 0.075100 0.075400 0.064700 0.047900 0.081600 0.042200 0.064500 0.053000 0.075700 0.036900 0.074000 0.070400 0.070200 0.064700 0.070200 0.070100 0.048000 0.087500 0.069700 0.047800 0.075500 0.058800 0.059100 0.053400 0.042400 0.064400 0.047600 0.064400 0.036800 0.053300
Springbuck 0.059100 0.134800 0.042300 0.177600 0.042500 0.059100 0.042600 0.048200 0.053400 0.081500 0.053600 0.059800 0.059200 0.042600 0.047900 0.000000 0.081200 0.069800 0.053700 0.058900 0.026300 0.064300 0.081000 0.081400 0.059300 0.021000 0.064900 0.047800 0.037200 0.058700 0.081700 0.031600 0.080100 0.053800 0.064900 0.076300 0.064900 0.070400 0.031800 0.082100 0.075500 0.021000 0.081500 0.059000 0.070600 0.048100 0.037100 0.070300 0.047800 0.076000 0.042400 0.059000
Okapi 0.075400 0.135000 0.047500 0.145400 0.047700 0.075400 0.064300 0.064400 0.036800 0.064300 0.069900 0.053800 0.087000 0.058700 0.064100 0.081200 0.000000 0.010300 0.069900 0.042200 0.064100 0.080600 0.063900 0.064100 0.075700 0.069800 0.092800 0.042100 0.086900 0.042000 0.064400 0.047600 0.064100 0.081500 0.081300 0.070200 0.081300 0.075600 0.058900 0.064800 0.047600 0.069700 0.064200 0.047700 0.064500 0.064300 0.053200 0.064200 0.058500 0.058800 0.036800 0.064300
Giraffe 0.064100 0.122400 0.036600 0.133200 0.036800 0.064100 0.053200 0.053300 0.026100 0.053200 0.058700 0.042700 0.075500 0.047700 0.053000 0.069800 0.010300 0.000000 0.058700 0.031400 0.053000 0.069400 0.052800 0.053100 0.064400 0.058600 0.081300 0.031300 0.075400 0.031300 0.053200 0.036800 0.053000 0.070100 0.070000 0.058900 0.069900 0.064300 0.047800 0.053600 0.036700 0.058500 0.053100 0.036800 0.053400 0.053200 0.042200 0.053100 0.047500 0.047800 0.026100 0.053100
TibetanAnt 0.005100 0.135100 0.042300 0.152300 0.031700 0.005100 0.048100 0.048200 0.042500 0.081600 0.000000 0.048600 0.026400 0.042600 0.059000 0.053700 0.069900 0.058700 0.000000 0.047900 0.037100 0.010400 0.092400 0.081500 0.005100 0.031700 0.031800 0.036900 0.059200 0.047700 0.081800 0.031700 0.046200 0.021100 0.031800 0.053800 0.010400 0.059200 0.031800 0.082100 0.075600 0.042500 0.081600 0.064600 0.059300 0.037200 0.026400 0.059100 0.042400 0.064800 0.031600 0.059100
Sitatunga 0.053300 0.115600 0.015600 0.133300 0.026200 0.053300 0.042500 0.042500 0.005200 0.053200 0.047900 0.032000 0.064600 0.037000 0.053200 0.058900 0.042200 0.031400 0.047900 0.000000 0.042300 0.058500 0.063800 0.053200 0.053500 0.047800 0.070200 0.010400 0.064400 0.010200 0.053300 0.026200 0.051500 0.059200 0.059000 0.048100 0.059000 0.053400 0.037100 0.064800 0.047600 0.047700 0.053200 0.036900 0.042600 0.042400 0.031600 0.042400 0.036800 0.047900 0.015600 0.031600
Oribi 0.042400 0.128100 0.036800 0.158000 0.026200 0.042400 0.031600 0.031700 0.036900 0.075600 0.037000 0.042900 0.042500 0.026300 0.042300 0.026300 0.064100 0.053000 0.037100 0.042300 0.000000 0.047600 0.075100 0.075500 0.042600 0.015600 0.048000 0.031400 0.031600 0.042100 0.075700 0.015600 0.062800 0.037200 0.048000 0.059100 0.048000 0.051000 0.012000 0.076100 0.069700 0.015600 0.075600 0.058800 0.053500 0.031700 0.020900 0.042400 0.041100 0.058900 0.026200 0.053300
BarbaryShe 0.015600 0.146300 0.052900 0.163500 0.047200 0.015600 0.058800 0.058900 0.053100 0.092400 0.010300 0.059300 0.037000 0.053200 0.069600 0.064300 0.080600 0.069400 0.010400 0.058500 0.047600 0.000000 0.103200 0.092300 0.015600 0.042200 0.042400 0.047500 0.069800 0.058300 0.092600 0.042200 0.056600 0.031700 0.042400 0.064400 0.020900 0.073700 0.039400 0.093000 0.086400 0.053100 0.092400 0.075300 0.070100 0.042400 0.036800 0.069800 0.052900 0.075500 0.042200 0.069800
Daviddeer 0.097900 0.149000 0.058200 0.157400 0.069600 0.097900 0.086700 0.086700 0.058300 0.042100 0.092400 0.076100 0.109900 0.080900 0.075100 0.081000 0.063900 0.052800 0.092400 0.063800 0.075100 0.103200 0.000000 0.058300 0.098400 0.080900 0.115900 0.063700 0.086700 0.063600 0.042200 0.069500 0.086300 0.104400 0.104100 0.081200 0.104100 0.098200 0.081100 0.053300 0.015100 0.080700 0.042100 0.036700 0.075500 0.086700 0.075200 0.086600 0.069400 0.081000 0.058300 0.075200
Reindeer 0.087000 0.119100 0.047500 0.139800 0.058800 0.087000 0.075800 0.075900 0.047700 0.047700 0.081500 0.065200 0.098900 0.070100 0.075400 0.081400 0.064100 0.053100 0.081500 0.053200 0.075500 0.092300 0.058300 0.000000 0.087400 0.081300 0.104900 0.056500 0.087200 0.053000 0.047800 0.058700 0.075400 0.093300 0.093100 0.081800 0.093100 0.087200 0.070200 0.059100 0.042200 0.081100 0.047700 0.020900 0.076000 0.075800 0.064400 0.075700 0.069700 0.070300 0.051000 0.067900
Ibex 0.010400 0.141700 0.047900 0.158900 0.037200 0.010400 0.053700 0.053900 0.048000 0.081700 0.005200 0.054300 0.031900 0.048200 0.064700 0.059300 0.075700 0.064400 0.005100 0.053500 0.042600 0.015600 0.098400 0.087400 0.000000 0.037200 0.037300 0.042400 0.064900 0.053300 0.081800 0.037100 0.051900 0.026500 0.037300 0.059500 0.015800 0.064900 0.037300 0.088100 0.081500 0.048000 0.081600 0.070400 0.065100 0.042700 0.031800 0.064800 0.047900 0.070500 0.037100 0.064800
GyrantGaze 0.037000 0.122000 0.042200 0.152000 0.031600 0.037000 0.037100 0.037200 0.042400 0.081500 0.031700 0.048500 0.037100 0.031700 0.047900 0.021000 0.069800 0.058600 0.031700 0.047800 0.015600 0.042200 0.080900 0.081300 0.037200 0.000000 0.042600 0.036900 0.026300 0.047600 0.081600 0.020900 0.057200 0.031800 0.042600 0.053700 0.042600 0.056900 0.017900 0.070500 0.075500 0.010400 0.081400 0.064500 0.059200 0.037100 0.026300 0.059000 0.046700 0.064600 0.031600 0.059000
Hartebeest 0.037200 0.147800 0.064400 0.164600 0.053600 0.037200 0.059300 0.048100 0.064700 0.105000 0.031800 0.065500 0.005200 0.048100 0.081600 0.064900 0.092800 0.081300 0.031800 0.070200 0.048000 0.042400 0.115900 0.104900 0.037300 0.042600 0.000000 0.058900 0.070500 0.070000 0.105200 0.042600 0.080200 0.010400 0.031800 0.076400 0.037300 0.082000 0.042800 0.093900 0.098700 0.053500 0.104900 0.087500 0.082100 0.059400 0.048200 0.081900 0.064500 0.087700 0.053500 0.081800
Bongo 0.042200 0.115200 0.005200 0.133000 0.015600 0.042200 0.031600 0.042400 0.005200 0.053100 0.036900 0.021100 0.053300 0.026200 0.042200 0.047800 0.042100 0.031300 0.036900 0.010400 0.031400 0.047500 0.063700 0.056500 0.042400 0.036900 0.058900 0.000000 0.053200 0.010300 0.053200 0.015600 0.040100 0.047900 0.047800 0.037100 0.047800 0.042300 0.026200 0.064600 0.047500 0.036800 0.053100 0.036800 0.031700 0.031500 0.020800 0.031500 0.026100 0.035000 0.005100 0.031600
Gerenuk 0.053500 0.154200 0.058700 0.183800 0.048000 0.053500 0.053600 0.053700 0.058900 0.087300 0.059200 0.065400 0.064800 0.048000 0.064500 0.037200 0.086900 0.075400 0.059200 0.064400 0.031600 0.069800 0.086700 0.087200 0.064900 0.026300 0.070500 0.053200 0.000000 0.064200 0.087400 0.037000 0.085900 0.059400 0.059300 0.082000 0.070500 0.076000 0.037200 0.087900 0.081300 0.026300 0.087200 0.070200 0.076200 0.053600 0.042500 0.064600 0.064300 0.081700 0.047800 0.075900
CommonElan 0.053000 0.115100 0.015500 0.132800 0.026100 0.053000 0.042300 0.042300 0.005200 0.053000 0.047700 0.031800 0.064300 0.036800 0.053000 0.058700 0.042000 0.031300 0.047700 0.010200 0.042100 0.058300 0.063600 0.053000 0.053300 0.047600 0.070000 0.010300 0.064200 0.000000 0.053100 0.026100 0.051200 0.058900 0.058800 0.047900 0.058800 0.053200 0.036900 0.064500 0.047400 0.047500 0.053000 0.036700 0.042400 0.042300 0.031400 0.042200 0.036700 0.047700 0.015600 0.042300
MuntiacusR 0.087300 0.137900 0.047700 0.134400 0.053500 0.087300 0.076000 0.076100 0.047900 0.010400 0.081700 0.065400 0.099200 0.070300 0.075700 0.081700 0.064400 0.053200 0.081800 0.053300 0.075700 0.092600 0.042200 0.047800 0.081800 0.081600 0.105200 0.053200 0.087400 0.053100 0.000000 0.058900 0.064500 0.093600 0.093400 0.082100 0.093400 0.081700 0.070400 0.053800 0.026200 0.081400 0.010200 0.026300 0.076300 0.076000 0.064600 0.075900 0.058800 0.070400 0.047800 0.064600
HarveysDui 0.037000 0.109600 0.020800 0.139700 0.020900 0.037000 0.015700 0.026300 0.020900 0.058800 0.031600 0.026600 0.037100 0.010400 0.036900 0.031600 0.047600 0.036800 0.031700 0.026200 0.015600 0.042200 0.069500 0.058700 0.037100 0.020900 0.042600 0.015600 0.037000 0.026100 0.058900 0.000000 0.046000 0.031800 0.031700 0.042600 0.042500 0.047900 0.010400 0.059200 0.053100 0.020900 0.058800 0.042300 0.037200 0.026300 0.015700 0.037000 0.020900 0.042500 0.010400 0.037000
Pronghorn 0.051600 0.130700 0.045600 0.133400 0.040100 0.051600 0.063000 0.074300 0.045700 0.075500 0.046000 0.052000 0.074400 0.057400 0.074000 0.080100 0.064100 0.053000 0.046200 0.051500 0.062800 0.056600 0.086300 0.075400 0.051900 0.057200 0.080200 0.040100 0.085900 0.051200 0.064500 0.046000 0.000000 0.068900 0.068600 0.057200 0.057300 0.068500 0.057200 0.076000 0.069700 0.068300 0.075500 0.058800 0.062900 0.062900 0.051500 0.062700 0.057000 0.058800 0.034600 0.062600
BlueWildeb 0.026400 0.135400 0.053400 0.152100 0.042700 0.026400 0.048300 0.037300 0.053600 0.093400 0.021100 0.054300 0.005200 0.037300 0.070400 0.053800 0.081500 0.070100 0.021100 0.059200 0.037200 0.031700 0.104400 0.093300 0.026500 0.031800 0.010400 0.047900 0.059400 0.058900 0.093600 0.031800 0.068900 0.000000 0.021100 0.065200 0.026500 0.070700 0.031900 0.082400 0.087300 0.042600 0.093400 0.076200 0.070900 0.048300 0.037300 0.070600 0.053500 0.076300 0.042600 0.070600
Gemsbok 0.026400 0.135100 0.053300 0.152000 0.053600 0.026400 0.048200 0.048100 0.053500 0.093200 0.031800 0.054200 0.026400 0.037200 0.070200 0.064900 0.081300 0.070000 0.031800 0.059000 0.048000 0.042400 0.104100 0.093100 0.037300 0.042600 0.031800 0.047800 0.059300 0.058800 0.093400 0.031700 0.068600 0.021100 0.000000 0.065000 0.037300 0.081900 0.042700 0.082200 0.087100 0.053500 0.093200 0.076000 0.070700 0.059300 0.048100 0.070400 0.053400 0.076100 0.042500 0.070400
Yak 0.059200 0.122600 0.042500 0.140400 0.042700 0.059200 0.059400 0.070800 0.042700 0.081900 0.053700 0.026700 0.070600 0.053800 0.064700 0.076300 0.070200 0.058900 0.053800 0.048100 0.059100 0.064400 0.081200 0.081800 0.059500 0.053700 0.076400 0.037100 0.082000 0.047900 0.082100 0.042600 0.057200 0.065200 0.065000 0.000000 0.065000 0.059400 0.053900 0.082400 0.075900 0.064700 0.081900 0.064800 0.005200 0.059400 0.048200 0.059300 0.053500 0.053800 0.031800 0.059400
BlueSheep 0.015700 0.147900 0.053300 0.158600 0.042600 0.015700 0.059300 0.053800 0.053500 0.093200 0.010400 0.048600 0.031800 0.042600 0.070200 0.064900 0.081300 0.069900 0.010400 0.059000 0.048000 0.020900 0.104100 0.093100 0.015800 0.042600 0.037300 0.047800 0.070500 0.058800 0.093400 0.042500 0.057300 0.026500 0.037300 0.065000 0.000000 0.070500 0.042800 0.093800 0.087100 0.053500 0.093200 0.076000 0.070700 0.048200 0.037200 0.070400 0.053400 0.076100 0.042500 0.070400
BohorReedb 0.064600 0.135000 0.047800 0.151700 0.026300 0.064600 0.064800 0.064900 0.047900 0.087400 0.059200 0.043000 0.076100 0.059100 0.070100 0.070400 0.075600 0.064300 0.059200 0.053400 0.051000 0.073700 0.098200 0.087200 0.064900 0.056900 0.082000 0.042300 0.076000 0.053200 0.081700 0.047900 0.068500 0.070700 0.081900 0.059400 0.070500 0.000000 0.037100 0.099600 0.081300 0.056500 0.087300 0.070200 0.053800 0.053600 0.042600 0.064700 0.057900 0.057800 0.037000 0.064700
KirksDik 0.037100 0.122400 0.031600 0.152800 0.021000 0.037100 0.026400 0.026500 0.031700 0.070300 0.031800 0.037600 0.037300 0.021100 0.048000 0.031800 0.058900 0.047800 0.031800 0.037100 0.012000 0.039400 0.081100 0.070200 0.037300 0.017900 0.042800 0.026200 0.037200 0.036900 0.070400 0.010400 0.057200 0.031900 0.042700 0.053900 0.042800 0.037100 0.000000 0.070800 0.064400 0.017600 0.070300 0.053500 0.048300 0.026400 0.015700 0.048100 0.036400 0.053700 0.021000 0.048100
RoeDeer 0.087700 0.126200 0.059000 0.147200 0.070600 0.087700 0.076400 0.076600 0.059200 0.053700 0.082100 0.077300 0.087900 0.070700 0.087500 0.082100 0.064800 0.053600 0.082100 0.064800 0.076100 0.093000 0.053300 0.059100 0.088100 0.070500 0.093900 0.064600 0.087900 0.064500 0.053800 0.059200 0.076000 0.082400 0.082200 0.082400 0.093800 0.099600 0.070800 0.000000 0.037100 0.081800 0.053700 0.037200 0.088300 0.088000 0.076300 0.087900 0.081700 0.082300 0.059200 0.076300
WhiteLippe 0.081100 0.131000 0.042000 0.139600 0.053200 0.081100 0.070000 0.070000 0.042200 0.026200 0.075600 0.059400 0.092800 0.064400 0.069700 0.075500 0.047600 0.036700 0.075600 0.047600 0.069700 0.086400 0.015100 0.042200 0.081500 0.075500 0.098700 0.047500 0.081300 0.047400 0.026200 0.053100 0.069700 0.087300 0.087100 0.075900 0.087100 0.081300 0.064400 0.037100 0.000000 0.075300 0.026200 0.020800 0.070200 0.070000 0.058700 0.069900 0.053100 0.064500 0.042200 0.058700
ThomsonGaz 0.047800 0.134300 0.042100 0.164300 0.031600 0.047800 0.037000 0.037100 0.042200 0.081200 0.042500 0.048400 0.048000 0.031600 0.047800 0.021000 0.069700 0.058500 0.042500 0.047700 0.015600 0.053100 0.080700 0.081100 0.048000 0.010400 0.053500 0.036800 0.026300 0.047500 0.081400 0.020900 0.068300 0.042600 0.053500 0.064700 0.053500 0.056500 0.017600 0.081800 0.075300 0.000000 0.081200 0.064300 0.059100 0.037000 0.026200 0.058900 0.046300 0.064500 0.031500 0.058800
MuntiacusC 0.087100 0.137600 0.047600 0.146200 0.058900 0.087100 0.075900 0.076000 0.047800 0.000000 0.081500 0.065300 0.099000 0.070200 0.075500 0.081500 0.064200 0.053100 0.081600 0.053200 0.075600 0.092400 0.042100 0.047700 0.081600 0.081400 0.104900 0.053100 0.087200 0.053000 0.010200 0.058800 0.075500 0.093400 0.093200 0.081900 0.093200 0.087300 0.070300 0.053700 0.026200 0.081200 0.000000 0.026200 0.076100 0.075900 0.064500 0.075800 0.058700 0.070300 0.047700 0.064500
WhiteTaile 0.070100 0.119300 0.031400 0.140100 0.042400 0.070100 0.064200 0.059100 0.031500 0.026200 0.064600 0.048500 0.081700 0.053500 0.058800 0.059000 0.047700 0.036800 0.064600 0.036900 0.058800 0.075300 0.036700 0.020900 0.070400 0.064500 0.087500 0.036800 0.070200 0.036700 0.026300 0.042300 0.058800 0.076200 0.076000 0.064800 0.076000 0.070200 0.053500 0.037200 0.020800 0.064300 0.026200 0.000000 0.059200 0.059000 0.047900 0.059000 0.053200 0.053600 0.031600 0.047900
Cattle 0.064800 0.128800 0.037000 0.146700 0.037200 0.064800 0.053800 0.065100 0.037200 0.076100 0.059300 0.021300 0.076400 0.048200 0.059100 0.070600 0.064500 0.053400 0.059300 0.042600 0.053500 0.070100 0.075500 0.076000 0.065100 0.059200 0.082100 0.031700 0.076200 0.042400 0.076300 0.037200 0.062900 0.070900 0.070700 0.005200 0.070700 0.053800 0.048300 0.088300 0.070200 0.059100 0.076100 0.059200 0.000000 0.053800 0.042700 0.053700 0.047900 0.048200 0.026400 0.053700
RoyalAntel 0.042600 0.128700 0.036900 0.158800 0.026300 0.042600 0.042600 0.042700 0.037000 0.075900 0.037200 0.043000 0.053700 0.037200 0.053400 0.048100 0.064300 0.053200 0.037200 0.042400 0.031700 0.042400 0.086700 0.075800 0.042700 0.037100 0.059400 0.031500 0.053600 0.042300 0.076000 0.026300 0.062900 0.048300 0.059300 0.059400 0.048200 0.053600 0.026400 0.088000 0.070000 0.037000 0.075900 0.059000 0.053800 0.000000 0.021000 0.053600 0.037000 0.059200 0.026300 0.053500
Steenbok 0.031600 0.128600 0.026100 0.146000 0.015600 0.031600 0.031700 0.028800 0.026200 0.064500 0.026300 0.032000 0.042600 0.026300 0.042400 0.037100 0.053200 0.042200 0.026400 0.031600 0.020900 0.036800 0.075200 0.064400 0.031800 0.026300 0.048200 0.020800 0.042500 0.031400 0.064600 0.015700 0.051500 0.037300 0.048100 0.048200 0.037200 0.042600 0.015700 0.076300 0.058700 0.026200 0.064500 0.047900 0.042700 0.021000 0.000000 0.042500 0.031500 0.048000 0.015600 0.042500
Impala 0.064500 0.141000 0.036900 0.158500 0.037000 0.064500 0.053600 0.064800 0.037000 0.075800 0.059100 0.043000 0.076100 0.048000 0.064400 0.070300 0.064200 0.053100 0.059100 0.042400 0.042400 0.069800 0.086600 0.075700 0.064800 0.059000 0.081900 0.031500 0.064600 0.042200 0.075900 0.037000 0.062700 0.070600 0.070400 0.059300 0.070400 0.064700 0.048100 0.087900 0.069900 0.058900 0.075800 0.059000 0.053700 0.053600 0.042500 0.000000 0.047800 0.059100 0.026200 0.053500
Klipspring 0.047700 0.134100 0.031300 0.127400 0.031500 0.047700 0.037000 0.053400 0.031500 0.058800 0.042400 0.037300 0.058900 0.031600 0.047600 0.047800 0.058500 0.047500 0.042400 0.036800 0.041100 0.052900 0.069400 0.069700 0.047900 0.046700 0.064500 0.026100 0.064300 0.036700 0.058800 0.020900 0.057000 0.053500 0.053400 0.053500 0.053400 0.057900 0.036400 0.081700 0.053100 0.046300 0.058700 0.053200 0.047900 0.037000 0.031500 0.047800 0.000000 0.053300 0.020800 0.047700
ForestMusk 0.070200 0.129700 0.042300 0.134300 0.040700 0.070200 0.059100 0.070500 0.042400 0.070300 0.064700 0.037500 0.081800 0.053600 0.064400 0.076000 0.058800 0.047800 0.064800 0.047900 0.058900 0.075500 0.081000 0.070300 0.070500 0.064600 0.087700 0.035000 0.081700 0.047700 0.070400 0.042500 0.058800 0.076300 0.076100 0.053800 0.076100 0.057800 0.053700 0.082300 0.064500 0.064500 0.070300 0.053600 0.048200 0.059200 0.048000 0.059100 0.053300 0.000000 0.029500 0.057400
Bushbuck 0.036900 0.109400 0.010400 0.127400 0.010400 0.036900 0.026300 0.037100 0.010400 0.047800 0.031600 0.015800 0.047900 0.020900 0.036800 0.042400 0.036800 0.026100 0.031600 0.015600 0.026200 0.042200 0.058300 0.051000 0.037100 0.031600 0.053500 0.005100 0.047800 0.015600 0.047800 0.010400 0.034600 0.042600 0.042500 0.031800 0.042500 0.037000 0.021000 0.059200 0.042200 0.031500 0.047700 0.031600 0.026400 0.026300 0.015600 0.026200 0.020800 0.029500 0.000000 0.026300
GreaterKud 0.064500 0.128100 0.026200 0.146000 0.037000 0.064500 0.053600 0.064800 0.037100 0.064500 0.059100 0.043000 0.076000 0.048000 0.053300 0.059000 0.064300 0.053100 0.059100 0.031600 0.053300 0.069800 0.075200 0.067900 0.064800 0.059000 0.081800 0.031600 0.075900 0.042300 0.064600 0.037000 0.062600 0.070600 0.070400 0.059400 0.070400 0.064700 0.048100 0.076300 0.058700 0.058800 0.064500 0.047900 0.053700 0.053500 0.042500 0.053500 0.047700 0.057400 0.026300 0.000000
