CODONML (in paml version 4.10.7, June 2023)  /home/rachel/ruminants_paml/6406-phy-tree/ENSBTAT00000002617.fasta.phy
Model: free dN/dS Ratios for branches,  kappa = 2.000 fixed

Codon frequency model: F3x4
ns =  54  ls =  87

Codon usage in sequences
--------------------------------------------------------------------------------------------------------------------------------------
Phe TTT   5   4   5   5   5   5 | Ser TCT   5   4   4   4   3   3 | Tyr TAT   0   1   0   0   0   1 | Cys TGT   2   2   2   2   2   2
    TTC   1   2   1   1   2   2 |     TCC   3   3   3   3   3   4 |     TAC   3   2   3   3   2   1 |     TGC   0   0   0   0   0   0
Leu TTA   1   0   1   1   1   0 |     TCA   1   1   1   1   3   1 | *** TAA   0   0   0   0   0   0 | *** TGA   0   0   0   0   0   0
    TTG   0   0   0   0   0   0 |     TCG   1   2   2   2   1   2 |     TAG   0   0   0   0   0   0 | Trp TGG   0   0   0   0   0   0
--------------------------------------------------------------------------------------------------------------------------------------
Leu CTT   3   4   3   3   3   4 | Pro CCT   0   0   0   0   1   0 | His CAT   1   0   1   1   1   1 | Arg CGT   0   0   0   0   0   0
    CTC   2   3   2   2   2   3 |     CCC   1   1   1   1   1   0 |     CAC   0   1   0   0   0   1 |     CGC   0   0   0   0   0   0
    CTA   0   1   0   0   0   1 |     CCA   1   0   0   0   1   1 | Gln CAA   2   3   2   2   3   3 |     CGA   1   1   1   0   0   0
    CTG   9   7   9   9   8   7 |     CCG   0   1   1   1   0   0 |     CAG   1   0   1   1   1   0 |     CGG   1   1   1   2   1   1
--------------------------------------------------------------------------------------------------------------------------------------
Ile ATT   0   0   0   0   0   0 | Thr ACT   0   0   0   0   0   0 | Asn AAT   3   3   3   3   4   4 | Ser AGT   1   1   1   2   1   1
    ATC   3   2   3   2   2   2 |     ACC   1   2   1   1   0   1 |     AAC   2   2   2   1   1   1 |     AGC   0   0   0   0   0   0
    ATA   0   0   0   0   0   0 |     ACA   3   2   3   3   3   2 | Lys AAA   4   4   4   4   5   5 | Arg AGA   0   0   0   0   0   1
Met ATG   1   1   1   1   1   2 |     ACG   0   0   0   1   1   0 |     AAG   2   2   2   1   1   1 |     AGG   0   0   0   0   0   0
--------------------------------------------------------------------------------------------------------------------------------------
Val GTT   0   1   1   0   2   1 | Ala GCT   2   2   1   1   0   2 | Asp GAT   2   2   2   2   2   2 | Gly GGT   0   0   0   0   0   0
    GTC   4   5   3   4   3   4 |     GCC   1   2   2   3   2   2 |     GAC   2   3   2   1   3   3 |     GGC   0   0   0   1   1   1
    GTA   2   0   2   2   1   2 |     GCA   1   1   3   1   3   1 | Glu GAA   3   1   3   2   2   2 |     GGA   1   1   1   1   1   1
    GTG   1   2   1   2   2   1 |     GCG   2   1   0   1   1   1 |     GAG   2   3   2   3   1   1 |     GGG   0   0   0   0   0   0
--------------------------------------------------------------------------------------------------------------------------------------

--------------------------------------------------------------------------------------------------------------------------------------
Phe TTT   5   5   3   5   5   5 | Ser TCT   4   5   3   4   4   4 | Tyr TAT   0   0   0   0   0   0 | Cys TGT   2   2   2   2   2   2
    TTC   1   1   3   1   1   1 |     TCC   3   3   4   3   3   4 |     TAC   3   3   3   3   3   3 |     TGC   0   0   0   0   0   0
Leu TTA   0   1   1   1   1   1 |     TCA   1   1   1   1   1   1 | *** TAA   0   0   0   0   0   0 | *** TGA   0   0   0   0   0   0
    TTG   0   0   0   0   0   0 |     TCG   2   1   2   2   2   1 |     TAG   0   0   0   0   0   0 | Trp TGG   0   0   0   0   0   0
--------------------------------------------------------------------------------------------------------------------------------------
Leu CTT   3   3   3   3   3   3 | Pro CCT   0   0   0   0   0   0 | His CAT   1   1   1   1   1   1 | Arg CGT   0   0   0   0   0   0
    CTC   2   2   2   2   2   2 |     CCC   1   1   1   1   1   1 |     CAC   0   0   0   0   0   0 |     CGC   0   0   0   0   0   0
    CTA   1   0   0   0   0   0 |     CCA   0   0   0   0   0   1 | Gln CAA   2   2   0   2   2   2 |     CGA   1   1   0   1   1   1
    CTG   9   9   9   9   9   9 |     CCG   1   1   1   1   1   0 |     CAG   1   1   3   1   1   1 |     CGG   1   1   1   1   1   1
--------------------------------------------------------------------------------------------------------------------------------------
Ile ATT   0   0   0   0   0   0 | Thr ACT   0   0   0   0   0   0 | Asn AAT   3   3   3   3   3   3 | Ser AGT   1   1   1   1   1   1
    ATC   3   3   3   3   3   2 |     ACC   1   1   1   1   1   1 |     AAC   2   2   2   2   2   2 |     AGC   0   0   0   0   0   0
    ATA   0   0   0   0   0   0 |     ACA   2   3   2   3   3   3 | Lys AAA   2   4   4   4   4   4 | Arg AGA   0   0   1   0   0   0
Met ATG   1   1   1   1   1   1 |     ACG   1   0   1   0   0   0 |     AAG   4   2   2   2   2   2 |     AGG   0   0   0   0   0   0
--------------------------------------------------------------------------------------------------------------------------------------
Val GTT   1   0   1   1   1   1 | Ala GCT   2   2   2   2   1   1 | Asp GAT   2   2   1   2   2   2 | Gly GGT   0   0   0   0   0   0
    GTC   3   4   3   3   3   4 |     GCC   1   1   1   1   2   2 |     GAC   2   2   2   2   2   2 |     GGC   0   0   1   0   0   0
    GTA   0   2   2   2   2   2 |     GCA   2   1   2   2   3   2 | Glu GAA   3   3   3   3   3   3 |     GGA   1   1   1   1   1   1
    GTG   3   1   1   1   1   1 |     GCG   1   2   1   1   0   1 |     GAG   2   2   2   2   2   2 |     GGG   0   0   0   0   0   0
--------------------------------------------------------------------------------------------------------------------------------------

--------------------------------------------------------------------------------------------------------------------------------------
Phe TTT   5   5   5   5   4   5 | Ser TCT   5   4   4   4   4   3 | Tyr TAT   0   0   0   0   0   0 | Cys TGT   1   2   2   1   2   2
    TTC   1   1   1   1   2   1 |     TCC   3   4   3   3   3   3 |     TAC   3   3   3   3   3   3 |     TGC   1   0   0   1   0   0
Leu TTA   1   1   1   1   1   1 |     TCA   1   0   2   1   1   2 | *** TAA   0   0   0   0   0   0 | *** TGA   0   0   0   0   0   0
    TTG   0   0   0   0   0   0 |     TCG   1   2   1   2   2   2 |     TAG   0   0   0   0   0   0 | Trp TGG   0   0   0   0   0   0
--------------------------------------------------------------------------------------------------------------------------------------
Leu CTT   3   3   3   3   4   3 | Pro CCT   0   0   0   0   0   0 | His CAT   1   1   1   1   1   1 | Arg CGT   0   0   0   0   0   0
    CTC   2   2   2   2   2   3 |     CCC   1   1   1   1   1   1 |     CAC   0   0   0   0   0   0 |     CGC   0   0   0   0   0   0
    CTA   0   0   0   0   0   1 |     CCA   0   1   0   0   0   0 | Gln CAA   2   2   2   1   3   2 |     CGA   1   1   1   0   0   1
    CTG   9   9   9   9   8   7 |     CCG   1   0   1   1   1   1 |     CAG   1   1   1   2   1   1 |     CGG   1   1   1   1   1   1
--------------------------------------------------------------------------------------------------------------------------------------
Ile ATT   0   0   0   0   0   0 | Thr ACT   0   0   0   0   0   0 | Asn AAT   3   3   3   3   3   3 | Ser AGT   0   1   1   1   1   1
    ATC   3   3   3   3   2   2 |     ACC   1   1   1   1   1   1 |     AAC   2   2   2   1   2   2 |     AGC   1   0   0   1   0   0
    ATA   0   0   0   0   0   0 |     ACA   3   3   3   3   2   3 | Lys AAA   4   4   4   5   4   4 | Arg AGA   0   0   0   0   0   0
Met ATG   1   1   1   1   1   1 |     ACG   0   0   0   0   1   0 |     AAG   2   2   2   2   2   2 |     AGG   0   0   0   0   0   0
--------------------------------------------------------------------------------------------------------------------------------------
Val GTT   0   1   1   1   0   1 | Ala GCT   2   2   2   2   3   2 | Asp GAT   1   2   2   1   1   2 | Gly GGT   0   0   0   0   0   0
    GTC   4   3   3   3   5   4 |     GCC   1   1   1   1   0   1 |     GAC   3   2   2   2   3   2 |     GGC   0   0   0   1   0   0
    GTA   1   2   2   2   2   2 |     GCA   1   2   2   1   1   2 | Glu GAA   3   3   3   2   2   3 |     GGA   0   1   1   2   1   1
    GTG   2   1   1   1   1   1 |     GCG   2   1   1   2   2   1 |     GAG   2   2   2   2   3   2 |     GGG   1   0   0   0   0   0
--------------------------------------------------------------------------------------------------------------------------------------

--------------------------------------------------------------------------------------------------------------------------------------
Phe TTT   5   5   5   5   5   5 | Ser TCT   4   4   5   4   4   5 | Tyr TAT   0   0   0   0   0   0 | Cys TGT   2   2   2   2   2   2
    TTC   1   1   1   1   1   1 |     TCC   3   3   3   3   3   3 |     TAC   3   3   3   3   3   3 |     TGC   0   0   0   0   0   0
Leu TTA   1   1   1   1   1   1 |     TCA   2   2   1   1   2   1 | *** TAA   0   0   0   0   0   0 | *** TGA   0   0   0   0   0   0
    TTG   0   0   0   0   0   0 |     TCG   1   1   1   2   1   1 |     TAG   0   0   0   0   0   0 | Trp TGG   0   0   0   0   0   0
--------------------------------------------------------------------------------------------------------------------------------------
Leu CTT   4   3   3   3   3   3 | Pro CCT   0   0   0   0   0   0 | His CAT   1   1   1   1   1   1 | Arg CGT   0   0   0   0   0   0
    CTC   1   2   2   2   2   2 |     CCC   1   1   1   1   1   1 |     CAC   0   0   0   0   0   0 |     CGC   0   0   0   0   0   0
    CTA   0   0   0   0   0   0 |     CCA   1   1   1   0   0   0 | Gln CAA   2   2   2   2   2   2 |     CGA   0   0   1   1   1   0
    CTG   9   9   9   9   9   9 |     CCG   0   0   0   1   1   1 |     CAG   1   1   1   1   1   1 |     CGG   1   1   1   1   1   2
--------------------------------------------------------------------------------------------------------------------------------------
Ile ATT   0   0   0   0   0   0 | Thr ACT   0   0   0   0   0   0 | Asn AAT   3   3   3   3   3   3 | Ser AGT   1   1   1   1   1   0
    ATC   2   2   3   3   3   3 |     ACC   1   1   1   1   0   1 |     AAC   2   2   2   2   2   2 |     AGC   1   1   0   0   0   1
    ATA   0   0   1   0   0   0 |     ACA   3   3   3   3   3   2 | Lys AAA   4   4   4   4   4   4 | Arg AGA   1   1   0   0   0   0
Met ATG   2   2   1   1   1   1 |     ACG   0   0   0   0   1   1 |     AAG   2   2   2   2   2   2 |     AGG   0   0   0   0   0   0
--------------------------------------------------------------------------------------------------------------------------------------
Val GTT   1   1   1   1   1   0 | Ala GCT   1   1   2   1   2   2 | Asp GAT   2   2   2   2   2   1 | Gly GGT   0   0   0   0   0   0
    GTC   3   3   3   3   3   4 |     GCC   2   2   1   2   1   1 |     GAC   1   1   2   2   2   3 |     GGC   0   0   0   0   0   0
    GTA   2   2   1   2   2   1 |     GCA   2   2   2   3   2   1 | Glu GAA   3   3   3   3   3   3 |     GGA   1   1   1   1   1   1
    GTG   1   1   1   1   1   2 |     GCG   1   1   1   0   1   2 |     GAG   2   2   2   2   2   2 |     GGG   0   0   0   0   0   0
--------------------------------------------------------------------------------------------------------------------------------------

--------------------------------------------------------------------------------------------------------------------------------------
Phe TTT   5   5   5   5   5   5 | Ser TCT   4   5   5   4   3   4 | Tyr TAT   0   0   0   0   0   0 | Cys TGT   2   2   2   2   2   2
    TTC   1   1   1   1   1   1 |     TCC   4   2   3   3   4   3 |     TAC   3   3   3   3   3   3 |     TGC   0   0   0   0   0   0
Leu TTA   1   1   1   1   1   1 |     TCA   1   1   1   1   1   1 | *** TAA   0   0   0   0   0   0 | *** TGA   0   0   0   0   0   0
    TTG   0   0   0   0   0   0 |     TCG   1   2   1   2   2   2 |     TAG   0   0   0   0   0   0 | Trp TGG   0   0   0   0   0   0
--------------------------------------------------------------------------------------------------------------------------------------
Leu CTT   3   3   3   3   3   3 | Pro CCT   0   0   0   0   0   0 | His CAT   1   1   1   1   1   1 | Arg CGT   0   0   0   0   0   0
    CTC   2   2   2   2   2   2 |     CCC   1   1   1   1   1   1 |     CAC   0   0   0   0   0   0 |     CGC   0   0   0   0   0   0
    CTA   0   0   0   0   0   0 |     CCA   1   0   0   0   0   0 | Gln CAA   2   2   2   2   2   2 |     CGA   1   1   1   1   1   1
    CTG   9   9   9   9   9   9 |     CCG   0   1   1   1   1   1 |     CAG   1   1   1   1   1   1 |     CGG   1   1   1   1   1   1
--------------------------------------------------------------------------------------------------------------------------------------
Ile ATT   0   0   0   0   0   0 | Thr ACT   0   0   0   0   0   0 | Asn AAT   3   3   3   3   3   3 | Ser AGT   1   1   0   1   1   1
    ATC   3   2   3   3   3   3 |     ACC   1   1   1   1   1   1 |     AAC   2   2   2   2   2   2 |     AGC   0   0   1   0   0   0
    ATA   0   1   0   0   0   0 |     ACA   3   3   3   3   3   3 | Lys AAA   4   4   4   4   4   4 | Arg AGA   0   0   0   0   0   0
Met ATG   1   1   1   1   1   1 |     ACG   0   0   0   0   0   0 |     AAG   2   2   2   2   2   2 |     AGG   0   0   0   0   0   0
--------------------------------------------------------------------------------------------------------------------------------------
Val GTT   1   1   0   1   1   1 | Ala GCT   1   1   2   2   2   1 | Asp GAT   2   2   1   2   2   2 | Gly GGT   0   0   0   0   0   0
    GTC   3   4   4   3   3   3 |     GCC   2   2   1   1   1   2 |     GAC   2   2   3   2   2   2 |     GGC   0   0   0   0   0   0
    GTA   2   1   1   2   2   2 |     GCA   3   2   1   2   2   3 | Glu GAA   3   3   3   3   3   3 |     GGA   1   1   0   1   1   1
    GTG   1   1   2   1   1   1 |     GCG   0   1   2   1   1   0 |     GAG   2   2   2   2   2   2 |     GGG   0   0   1   0   0   0
--------------------------------------------------------------------------------------------------------------------------------------

--------------------------------------------------------------------------------------------------------------------------------------
Phe TTT   5   5   5   5   5   5 | Ser TCT   3   4   4   4   4   3 | Tyr TAT   0   0   0   0   0   0 | Cys TGT   2   2   2   2   2   2
    TTC   1   1   1   1   1   1 |     TCC   3   3   4   3   3   4 |     TAC   3   3   3   3   3   3 |     TGC   0   0   0   0   0   0
Leu TTA   1   1   1   1   1   1 |     TCA   1   1   1   1   3   1 | *** TAA   0   0   0   0   0   0 | *** TGA   0   0   0   0   0   0
    TTG   0   0   0   0   0   0 |     TCG   3   2   1   2   1   2 |     TAG   0   0   0   0   0   0 | Trp TGG   0   0   0   0   0   0
--------------------------------------------------------------------------------------------------------------------------------------
Leu CTT   3   3   3   3   3   3 | Pro CCT   0   0   0   0   0   0 | His CAT   1   1   1   1   1   1 | Arg CGT   0   0   0   0   0   0
    CTC   3   2   2   2   2   2 |     CCC   1   1   1   1   1   1 |     CAC   0   0   0   0   0   0 |     CGC   0   0   0   0   0   0
    CTA   0   0   0   0   0   0 |     CCA   0   0   1   0   0   0 | Gln CAA   2   2   2   2   2   2 |     CGA   1   1   1   0   1   1
    CTG   8   9   9   9   9   9 |     CCG   1   1   0   1   1   1 |     CAG   1   1   1   2   1   1 |     CGG   1   1   1   1   1   1
--------------------------------------------------------------------------------------------------------------------------------------
Ile ATT   0   0   0   0   0   0 | Thr ACT   0   0   0   0   0   0 | Asn AAT   3   3   3   3   3   3 | Ser AGT   1   1   1   1   1   1
    ATC   3   3   2   3   2   3 |     ACC   1   1   1   1   1   1 |     AAC   2   2   2   2   2   2 |     AGC   0   0   0   0   0   0
    ATA   0   0   0   0   1   0 |     ACA   3   3   3   3   2   3 | Lys AAA   4   4   4   4   3   4 | Arg AGA   0   0   0   0   0   0
Met ATG   1   1   1   1   1   1 |     ACG   0   0   0   0   0   0 |     AAG   2   2   2   2   3   2 |     AGG   0   0   0   0   0   0
--------------------------------------------------------------------------------------------------------------------------------------
Val GTT   1   1   1   1   1   1 | Ala GCT   2   1   1   2   2   2 | Asp GAT   2   2   2   2   2   2 | Gly GGT   0   0   0   0   0   0
    GTC   3   3   4   3   4   3 |     GCC   1   2   2   1   1   1 |     GAC   2   2   2   1   2   2 |     GGC   0   0   0   1   0   0
    GTA   2   2   2   2   1   2 |     GCA   2   3   3   2   2   2 | Glu GAA   3   3   3   3   2   3 |     GGA   1   1   1   1   2   1
    GTG   1   1   1   1   1   1 |     GCG   1   0   0   1   1   1 |     GAG   2   2   2   2   2   2 |     GGG   0   0   0   0   0   0
--------------------------------------------------------------------------------------------------------------------------------------

--------------------------------------------------------------------------------------------------------------------------------------
Phe TTT   5   5   5   5   5   5 | Ser TCT   4   4   5   4   4   4 | Tyr TAT   0   0   0   0   0   0 | Cys TGT   2   2   2   2   2   2
    TTC   1   1   1   1   1   1 |     TCC   3   3   3   3   3   3 |     TAC   3   3   3   3   3   3 |     TGC   0   0   0   0   0   0
Leu TTA   1   1   1   1   1   1 |     TCA   1   1   1   1   0   1 | *** TAA   0   0   0   0   0   0 | *** TGA   0   0   0   0   0   0
    TTG   0   0   0   0   0   0 |     TCG   2   2   1   2   3   2 |     TAG   0   0   0   0   0   0 | Trp TGG   0   0   0   0   0   0
--------------------------------------------------------------------------------------------------------------------------------------
Leu CTT   3   3   3   3   3   3 | Pro CCT   0   0   0   0   0   0 | His CAT   1   1   1   1   1   1 | Arg CGT   0   0   0   0   0   0
    CTC   2   2   2   2   2   2 |     CCC   1   1   1   1   1   1 |     CAC   0   0   0   0   0   0 |     CGC   0   0   0   0   0   0
    CTA   0   0   0   0   0   0 |     CCA   0   0   0   0   0   0 | Gln CAA   2   2   2   2   2   2 |     CGA   1   1   1   1   1   2
    CTG   9   9   9   9   9   9 |     CCG   1   1   1   1   1   1 |     CAG   1   1   1   1   1   1 |     CGG   1   1   1   1   1   0
--------------------------------------------------------------------------------------------------------------------------------------
Ile ATT   0   0   0   0   0   0 | Thr ACT   0   0   0   0   0   0 | Asn AAT   3   2   3   3   2   4 | Ser AGT   1   1   0   1   1   1
    ATC   3   3   3   3   3   2 |     ACC   1   1   1   1   1   1 |     AAC   2   3   2   2   3   1 |     AGC   0   0   1   0   0   0
    ATA   0   0   0   0   0   1 |     ACA   3   3   3   2   3   2 | Lys AAA   4   4   4   2   4   4 | Arg AGA   0   0   0   0   0   0
Met ATG   1   1   1   1   1   1 |     ACG   0   0   0   1   0   1 |     AAG   2   2   2   4   2   2 |     AGG   0   0   0   0   0   0
--------------------------------------------------------------------------------------------------------------------------------------
Val GTT   1   1   0   1   1   1 | Ala GCT   2   1   2   2   2   1 | Asp GAT   2   2   1   2   2   2 | Gly GGT   0   0   0   0   0   0
    GTC   3   3   4   3   3   4 |     GCC   1   2   1   1   1   2 |     GAC   2   2   3   2   2   2 |     GGC   0   0   0   0   0   0
    GTA   2   2   1   0   2   0 |     GCA   2   2   1   2   1   2 | Glu GAA   3   3   3   3   3   2 |     GGA   1   1   1   1   1   1
    GTG   1   1   2   3   1   2 |     GCG   1   1   2   1   2   1 |     GAG   2   2   2   2   2   3 |     GGG   0   0   0   0   0   0
--------------------------------------------------------------------------------------------------------------------------------------

--------------------------------------------------------------------------------------------------------------------------------------
Phe TTT   5   5   5   5   5   5 | Ser TCT   4   4   4   5   4   4 | Tyr TAT   0   0   0   0   0   0 | Cys TGT   2   2   2   2   2   2
    TTC   1   1   1   1   1   1 |     TCC   4   3   4   2   3   3 |     TAC   3   3   3   3   3   3 |     TGC   0   0   0   0   0   0
Leu TTA   1   1   1   1   1   1 |     TCA   1   1   1   1   1   1 | *** TAA   0   0   0   0   0   0 | *** TGA   0   0   0   0   0   0
    TTG   0   0   0   0   0   0 |     TCG   1   2   1   2   2   2 |     TAG   0   0   0   0   0   0 | Trp TGG   0   0   0   0   0   0
--------------------------------------------------------------------------------------------------------------------------------------
Leu CTT   3   3   3   3   3   3 | Pro CCT   0   0   0   0   0   0 | His CAT   1   1   1   1   1   1 | Arg CGT   0   0   0   0   0   0
    CTC   2   2   2   2   2   2 |     CCC   1   1   1   1   1   1 |     CAC   0   0   0   0   0   0 |     CGC   0   0   0   0   0   0
    CTA   0   0   0   0   0   0 |     CCA   1   0   1   0   0   0 | Gln CAA   2   2   2   2   2   2 |     CGA   1   1   1   1   1   0
    CTG   9   9   9   9   9   9 |     CCG   0   1   0   1   1   1 |     CAG   1   1   1   1   1   1 |     CGG   1   1   1   1   1   1
--------------------------------------------------------------------------------------------------------------------------------------
Ile ATT   1   0   0   0   0   0 | Thr ACT   0   0   0   0   0   0 | Asn AAT   3   3   3   3   2   3 | Ser AGT   1   1   1   1   1   1
    ATC   1   3   2   2   3   3 |     ACC   1   1   1   1   1   1 |     AAC   2   2   2   2   3   2 |     AGC   0   0   0   0   0   0
    ATA   0   0   0   1   0   0 |     ACA   3   3   3   3   3   3 | Lys AAA   5   4   4   4   4   4 | Arg AGA   0   0   0   0   0   1
Met ATG   1   1   1   1   1   1 |     ACG   0   1   0   0   0   0 |     AAG   1   2   2   2   2   2 |     AGG   0   0   0   0   0   0
--------------------------------------------------------------------------------------------------------------------------------------
Val GTT   1   1   1   1   1   1 | Ala GCT   1   2   1   1   1   2 | Asp GAT   2   2   2   2   2   2 | Gly GGT   0   0   0   0   0   0
    GTC   4   3   4   4   3   3 |     GCC   2   1   2   2   2   1 |     GAC   2   2   2   2   2   2 |     GGC   0   0   0   0   0   0
    GTA   2   2   2   1   2   2 |     GCA   2   2   2   2   2   2 | Glu GAA   3   3   3   3   3   3 |     GGA   1   1   1   1   1   1
    GTG   1   1   1   1   1   1 |     GCG   1   0   1   1   1   1 |     GAG   2   2   2   2   2   2 |     GGG   0   0   0   0   0   0
--------------------------------------------------------------------------------------------------------------------------------------

--------------------------------------------------------------------------------------------------------------------------------------
Phe TTT   5   5   5   5   5   5 | Ser TCT   4   4   4   4   4   4 | Tyr TAT   0   0   0   0   0   0 | Cys TGT   2   1   2   2   2   2
    TTC   1   1   1   1   1   1 |     TCC   3   4   3   3   3   3 |     TAC   3   3   3   3   3   3 |     TGC   0   1   0   0   0   0
Leu TTA   1   1   1   1   1   1 |     TCA   1   0   2   1   1   1 | *** TAA   0   0   0   0   0   0 | *** TGA   0   0   0   0   0   0
    TTG   1   0   0   0   0   0 |     TCG   2   2   1   2   2   2 |     TAG   0   0   0   0   0   0 | Trp TGG   0   0   0   0   0   0
--------------------------------------------------------------------------------------------------------------------------------------
Leu CTT   3   2   3   3   3   2 | Pro CCT   0   0   0   0   0   0 | His CAT   1   1   1   1   1   1 | Arg CGT   0   0   0   0   0   0
    CTC   2   3   2   2   2   3 |     CCC   1   1   1   1   1   1 |     CAC   0   0   0   0   0   0 |     CGC   0   0   0   0   0   0
    CTA   0   0   0   0   0   0 |     CCA   0   0   0   0   0   0 | Gln CAA   2   2   3   2   2   2 |     CGA   1   1   0   0   1   1
    CTG   8   9   9   9   9   9 |     CCG   1   1   1   1   1   1 |     CAG   1   1   1   1   1   1 |     CGG   1   1   1   2   1   1
--------------------------------------------------------------------------------------------------------------------------------------
Ile ATT   0   0   0   0   0   0 | Thr ACT   0   0   0   0   0   0 | Asn AAT   3   3   3   3   3   3 | Ser AGT   1   1   0   2   1   1
    ATC   3   2   3   2   3   3 |     ACC   1   1   1   1   1   1 |     AAC   2   2   3   1   2   2 |     AGC   0   0   1   0   0   0
    ATA   0   0   0   0   0   0 |     ACA   3   3   3   3   3   3 | Lys AAA   4   2   4   4   4   4 | Arg AGA   0   0   0   0   0   0
Met ATG   1   1   1   1   1   1 |     ACG   0   0   0   1   0   0 |     AAG   2   4   2   1   2   2 |     AGG   0   0   0   0   0   0
--------------------------------------------------------------------------------------------------------------------------------------
Val GTT   1   1   1   0   1   1 | Ala GCT   2   2   2   1   1   1 | Asp GAT   2   1   2   2   2   2 | Gly GGT   0   0   0   0   0   0
    GTC   3   4   3   4   3   3 |     GCC   1   1   1   3   2   2 |     GAC   2   3   1   1   2   2 |     GGC   0   0   0   1   0   0
    GTA   2   1   2   2   2   2 |     GCA   2   2   2   1   3   3 | Glu GAA   4   2   4   2   3   3 |     GGA   1   2   1   1   1   1
    GTG   1   2   2   2   1   1 |     GCG   1   1   0   1   0   0 |     GAG   1   2   1   3   2   2 |     GGG   0   0   0   0   0   0
--------------------------------------------------------------------------------------------------------------------------------------

Codon position x base (3x4) table for each sequence.

#1: Argali         
position  1:    T:0.25287    C:0.25287    A:0.22989    G:0.26437
position  2:    T:0.36782    C:0.25287    A:0.31034    G:0.06897
position  3:    T:0.27586    C:0.26437    A:0.22989    G:0.22989
Average         T:0.29885    C:0.25670    A:0.25670    G:0.18774

#2: LesserMouseDeer
position  1:    T:0.24138    C:0.26437    A:0.21839    G:0.27586
position  2:    T:0.36782    C:0.25287    A:0.31034    G:0.06897
position  3:    T:0.27586    C:0.32184    A:0.17241    G:0.22989
Average         T:0.29502    C:0.27969    A:0.23372    G:0.19157

#3: LesserKudu     
position  1:    T:0.25287    C:0.25287    A:0.22989    G:0.26437
position  2:    T:0.36782    C:0.25287    A:0.31034    G:0.06897
position  3:    T:0.26437    C:0.26437    A:0.24138    G:0.22989
Average         T:0.29502    C:0.25670    A:0.26054    G:0.18774

#4: ForestMuskDeer2
position  1:    T:0.25287    C:0.25287    A:0.21839    G:0.27586
position  2:    T:0.36782    C:0.26437    A:0.27586    G:0.09195
position  3:    T:0.26437    C:0.26437    A:0.19540    G:0.27586
Average         T:0.29502    C:0.26054    A:0.22989    G:0.21456

#5: Camel          
position  1:    T:0.25287    C:0.25287    A:0.21839    G:0.27586
position  2:    T:0.36782    C:0.26437    A:0.29885    G:0.06897
position  3:    T:0.27586    C:0.25287    A:0.26437    G:0.20690
Average         T:0.29885    C:0.25670    A:0.26054    G:0.18391

#6: KillerWhale    
position  1:    T:0.24138    C:0.25287    A:0.22989    G:0.27586
position  2:    T:0.39080    C:0.22989    A:0.29885    G:0.08046
position  3:    T:0.29885    C:0.28736    A:0.22989    G:0.18391
Average         T:0.31034    C:0.25670    A:0.25287    G:0.18008

#7: DefassaWaterbuck
position  1:    T:0.24138    C:0.26437    A:0.22989    G:0.26437
position  2:    T:0.36782    C:0.25287    A:0.31034    G:0.06897
position  3:    T:0.27586    C:0.25287    A:0.17241    G:0.29885
Average         T:0.29502    C:0.25670    A:0.23755    G:0.21073

#8: Sheep          
position  1:    T:0.25287    C:0.25287    A:0.22989    G:0.26437
position  2:    T:0.36782    C:0.25287    A:0.31034    G:0.06897
position  3:    T:0.27586    C:0.26437    A:0.21839    G:0.24138
Average         T:0.29885    C:0.25670    A:0.25287    G:0.19157

#9: MaxwellsDuiker 
position  1:    T:0.25287    C:0.24138    A:0.24138    G:0.26437
position  2:    T:0.36782    C:0.25287    A:0.29885    G:0.08046
position  3:    T:0.22989    C:0.29885    A:0.19540    G:0.27586
Average         T:0.28352    C:0.26437    A:0.24521    G:0.20690

#10: GazellaPrzewalskyi
position  1:    T:0.25287    C:0.25287    A:0.22989    G:0.26437
position  2:    T:0.36782    C:0.25287    A:0.31034    G:0.06897
position  3:    T:0.27586    C:0.25287    A:0.22989    G:0.24138
Average         T:0.29885    C:0.25287    A:0.25670    G:0.19157

#11: MountainNyala  
position  1:    T:0.25287    C:0.25287    A:0.22989    G:0.26437
position  2:    T:0.36782    C:0.25287    A:0.31034    G:0.06897
position  3:    T:0.26437    C:0.26437    A:0.24138    G:0.22989
Average         T:0.29502    C:0.25670    A:0.26054    G:0.18774

#12: MuntiacusMuntjak
position  1:    T:0.25287    C:0.25287    A:0.21839    G:0.27586
position  2:    T:0.36782    C:0.25287    A:0.31034    G:0.06897
position  3:    T:0.26437    C:0.27586    A:0.24138    G:0.21839
Average         T:0.29502    C:0.26054    A:0.25670    G:0.18774

#13: goat           
position  1:    T:0.25287    C:0.25287    A:0.22989    G:0.26437
position  2:    T:0.36782    C:0.25287    A:0.31034    G:0.06897
position  3:    T:0.24138    C:0.29885    A:0.19540    G:0.26437
Average         T:0.28736    C:0.26820    A:0.24521    G:0.19923

#14: AfricanBuffalo 
position  1:    T:0.25287    C:0.25287    A:0.22989    G:0.26437
position  2:    T:0.36782    C:0.25287    A:0.31034    G:0.06897
position  3:    T:0.27586    C:0.26437    A:0.22989    G:0.22989
Average         T:0.29885    C:0.25670    A:0.25670    G:0.18774

#15: Topi           
position  1:    T:0.25287    C:0.25287    A:0.22989    G:0.26437
position  2:    T:0.36782    C:0.25287    A:0.31034    G:0.06897
position  3:    T:0.27586    C:0.25287    A:0.24138    G:0.22989
Average         T:0.29885    C:0.25287    A:0.26054    G:0.18774

#16: CommonDuiker   
position  1:    T:0.25287    C:0.24138    A:0.24138    G:0.26437
position  2:    T:0.36782    C:0.25287    A:0.28736    G:0.09195
position  3:    T:0.25287    C:0.27586    A:0.20690    G:0.26437
Average         T:0.29119    C:0.25670    A:0.24521    G:0.20690

#17: Suni           
position  1:    T:0.25287    C:0.25287    A:0.21839    G:0.27586
position  2:    T:0.36782    C:0.25287    A:0.32184    G:0.05747
position  3:    T:0.26437    C:0.27586    A:0.19540    G:0.26437
Average         T:0.29502    C:0.26054    A:0.24521    G:0.19923

#18: Springbuck     
position  1:    T:0.25287    C:0.25287    A:0.21839    G:0.27586
position  2:    T:0.36782    C:0.25287    A:0.31034    G:0.06897
position  3:    T:0.26437    C:0.26437    A:0.25287    G:0.21839
Average         T:0.29502    C:0.25670    A:0.26054    G:0.18774

#19: Okapi          
position  1:    T:0.25287    C:0.24138    A:0.25287    G:0.25287
position  2:    T:0.36782    C:0.25287    A:0.29885    G:0.08046
position  3:    T:0.27586    C:0.24138    A:0.25287    G:0.22989
Average         T:0.29885    C:0.24521    A:0.26820    G:0.18774

#20: Giraffe        
position  1:    T:0.25287    C:0.24138    A:0.25287    G:0.25287
position  2:    T:0.36782    C:0.25287    A:0.29885    G:0.08046
position  3:    T:0.26437    C:0.25287    A:0.25287    G:0.22989
Average         T:0.29502    C:0.24904    A:0.26820    G:0.18774

#21: TibetanAntelope
position  1:    T:0.25287    C:0.25287    A:0.24138    G:0.25287
position  2:    T:0.36782    C:0.25287    A:0.31034    G:0.06897
position  3:    T:0.28736    C:0.25287    A:0.24138    G:0.21839
Average         T:0.30268    C:0.25287    A:0.26437    G:0.18008

#22: Sitatunga      
position  1:    T:0.25287    C:0.25287    A:0.22989    G:0.26437
position  2:    T:0.36782    C:0.25287    A:0.31034    G:0.06897
position  3:    T:0.26437    C:0.26437    A:0.24138    G:0.22989
Average         T:0.29502    C:0.25670    A:0.26054    G:0.18774

#23: Oribi          
position  1:    T:0.25287    C:0.25287    A:0.22989    G:0.26437
position  2:    T:0.36782    C:0.25287    A:0.31034    G:0.06897
position  3:    T:0.27586    C:0.24138    A:0.24138    G:0.24138
Average         T:0.29885    C:0.24904    A:0.26054    G:0.19157

#24: BarbarySheep   
position  1:    T:0.25287    C:0.25287    A:0.22989    G:0.26437
position  2:    T:0.36782    C:0.25287    A:0.31034    G:0.06897
position  3:    T:0.25287    C:0.28736    A:0.18391    G:0.27586
Average         T:0.29119    C:0.26437    A:0.24138    G:0.20307

#25: Daviddeer      
position  1:    T:0.25287    C:0.25287    A:0.22989    G:0.26437
position  2:    T:0.36782    C:0.25287    A:0.31034    G:0.06897
position  3:    T:0.26437    C:0.27586    A:0.25287    G:0.20690
Average         T:0.29502    C:0.26054    A:0.26437    G:0.18008

#26: Reindeer       
position  1:    T:0.25287    C:0.25287    A:0.22989    G:0.26437
position  2:    T:0.36782    C:0.25287    A:0.31034    G:0.06897
position  3:    T:0.27586    C:0.25287    A:0.22989    G:0.24138
Average         T:0.29885    C:0.25287    A:0.25670    G:0.19157

#27: Ibex           
position  1:    T:0.25287    C:0.25287    A:0.22989    G:0.26437
position  2:    T:0.36782    C:0.25287    A:0.31034    G:0.06897
position  3:    T:0.25287    C:0.28736    A:0.19540    G:0.26437
Average         T:0.29119    C:0.26437    A:0.24521    G:0.19923

#28: GyrantGazelle  
position  1:    T:0.25287    C:0.25287    A:0.22989    G:0.26437
position  2:    T:0.36782    C:0.25287    A:0.31034    G:0.06897
position  3:    T:0.27586    C:0.25287    A:0.22989    G:0.24138
Average         T:0.29885    C:0.25287    A:0.25670    G:0.19157

#29: Hartebeest     
position  1:    T:0.25287    C:0.25287    A:0.22989    G:0.26437
position  2:    T:0.36782    C:0.25287    A:0.31034    G:0.06897
position  3:    T:0.26437    C:0.26437    A:0.22989    G:0.24138
Average         T:0.29502    C:0.25670    A:0.25670    G:0.19157

#30: Bongo          
position  1:    T:0.25287    C:0.25287    A:0.22989    G:0.26437
position  2:    T:0.36782    C:0.25287    A:0.31034    G:0.06897
position  3:    T:0.26437    C:0.26437    A:0.24138    G:0.22989
Average         T:0.29502    C:0.25670    A:0.26054    G:0.18774

#31: Gerenuk        
position  1:    T:0.25287    C:0.25287    A:0.22989    G:0.26437
position  2:    T:0.36782    C:0.25287    A:0.31034    G:0.06897
position  3:    T:0.26437    C:0.26437    A:0.22989    G:0.24138
Average         T:0.29502    C:0.25670    A:0.25670    G:0.19157

#32: CommonEland    
position  1:    T:0.25287    C:0.25287    A:0.22989    G:0.26437
position  2:    T:0.36782    C:0.25287    A:0.31034    G:0.06897
position  3:    T:0.26437    C:0.26437    A:0.24138    G:0.22989
Average         T:0.29502    C:0.25670    A:0.26054    G:0.18774

#33: MuntiacusReevesi
position  1:    T:0.25287    C:0.25287    A:0.21839    G:0.27586
position  2:    T:0.36782    C:0.25287    A:0.31034    G:0.06897
position  3:    T:0.26437    C:0.27586    A:0.25287    G:0.20690
Average         T:0.29502    C:0.26054    A:0.26054    G:0.18391

#34: HarveysDuiker  
position  1:    T:0.25287    C:0.25287    A:0.22989    G:0.26437
position  2:    T:0.36782    C:0.25287    A:0.31034    G:0.06897
position  3:    T:0.27586    C:0.25287    A:0.21839    G:0.25287
Average         T:0.29885    C:0.25287    A:0.25287    G:0.19540

#35: Pronghorn      
position  1:    T:0.26437    C:0.25287    A:0.21839    G:0.26437
position  2:    T:0.36782    C:0.25287    A:0.29885    G:0.08046
position  3:    T:0.27586    C:0.25287    A:0.22989    G:0.24138
Average         T:0.30268    C:0.25287    A:0.24904    G:0.19540

#36: BlueWildebeest 
position  1:    T:0.25287    C:0.25287    A:0.22989    G:0.26437
position  2:    T:0.36782    C:0.25287    A:0.31034    G:0.06897
position  3:    T:0.26437    C:0.26437    A:0.22989    G:0.24138
Average         T:0.29502    C:0.25670    A:0.25670    G:0.19157

#37: Gemsbok        
position  1:    T:0.25287    C:0.25287    A:0.22989    G:0.26437
position  2:    T:0.36782    C:0.25287    A:0.31034    G:0.06897
position  3:    T:0.27586    C:0.25287    A:0.22989    G:0.24138
Average         T:0.29885    C:0.25287    A:0.25670    G:0.19157

#38: Yak            
position  1:    T:0.25287    C:0.25287    A:0.22989    G:0.26437
position  2:    T:0.36782    C:0.25287    A:0.31034    G:0.06897
position  3:    T:0.25287    C:0.27586    A:0.22989    G:0.24138
Average         T:0.29119    C:0.26054    A:0.25670    G:0.19157

#39: BlueSheep      
position  1:    T:0.25287    C:0.25287    A:0.22989    G:0.26437
position  2:    T:0.36782    C:0.25287    A:0.31034    G:0.06897
position  3:    T:0.25287    C:0.28736    A:0.20690    G:0.25287
Average         T:0.29119    C:0.26437    A:0.24904    G:0.19540

#40: BohorReedbuck  
position  1:    T:0.25287    C:0.25287    A:0.22989    G:0.26437
position  2:    T:0.36782    C:0.25287    A:0.31034    G:0.06897
position  3:    T:0.27586    C:0.25287    A:0.17241    G:0.29885
Average         T:0.29885    C:0.25287    A:0.23755    G:0.21073

#41: KirksDik       
position  1:    T:0.25287    C:0.25287    A:0.22989    G:0.26437
position  2:    T:0.36782    C:0.25287    A:0.31034    G:0.06897
position  3:    T:0.26437    C:0.26437    A:0.20690    G:0.26437
Average         T:0.29502    C:0.25670    A:0.24904    G:0.19923

#42: RoeDeer        
position  1:    T:0.25287    C:0.25287    A:0.22989    G:0.26437
position  2:    T:0.36782    C:0.25287    A:0.31034    G:0.06897
position  3:    T:0.27586    C:0.25287    A:0.20690    G:0.26437
Average         T:0.29885    C:0.25287    A:0.24904    G:0.19923

#43: WhiteLippedDeer
position  1:    T:0.25287    C:0.25287    A:0.21839    G:0.27586
position  2:    T:0.36782    C:0.25287    A:0.31034    G:0.06897
position  3:    T:0.27586    C:0.26437    A:0.25287    G:0.20690
Average         T:0.29885    C:0.25670    A:0.26054    G:0.18391

#44: ThomsonGazelle 
position  1:    T:0.25287    C:0.25287    A:0.24138    G:0.25287
position  2:    T:0.36782    C:0.25287    A:0.31034    G:0.06897
position  3:    T:0.27586    C:0.25287    A:0.22989    G:0.24138
Average         T:0.29885    C:0.25287    A:0.26054    G:0.18774

#45: MuntiacusCrinifrons
position  1:    T:0.25287    C:0.25287    A:0.21839    G:0.27586
position  2:    T:0.36782    C:0.25287    A:0.31034    G:0.06897
position  3:    T:0.26437    C:0.27586    A:0.24138    G:0.21839
Average         T:0.29502    C:0.26054    A:0.25670    G:0.18774

#46: WhiteTailedDeer
position  1:    T:0.25287    C:0.25287    A:0.22989    G:0.26437
position  2:    T:0.36782    C:0.25287    A:0.31034    G:0.06897
position  3:    T:0.27586    C:0.25287    A:0.22989    G:0.24138
Average         T:0.29885    C:0.25287    A:0.25670    G:0.19157

#47: Cattle         
position  1:    T:0.25287    C:0.25287    A:0.22989    G:0.26437
position  2:    T:0.36782    C:0.25287    A:0.31034    G:0.06897
position  3:    T:0.25287    C:0.27586    A:0.22989    G:0.24138
Average         T:0.29119    C:0.26054    A:0.25670    G:0.19157

#48: RoyalAntelope  
position  1:    T:0.25287    C:0.24138    A:0.24138    G:0.26437
position  2:    T:0.36782    C:0.25287    A:0.31034    G:0.06897
position  3:    T:0.27586    C:0.25287    A:0.22989    G:0.24138
Average         T:0.29885    C:0.24904    A:0.26054    G:0.19157

#49: Steenbok       
position  1:    T:0.26437    C:0.24138    A:0.22989    G:0.26437
position  2:    T:0.36782    C:0.25287    A:0.31034    G:0.06897
position  3:    T:0.27586    C:0.25287    A:0.24138    G:0.22989
Average         T:0.30268    C:0.24904    A:0.26054    G:0.18774

#50: Impala         
position  1:    T:0.25287    C:0.25287    A:0.21839    G:0.27586
position  2:    T:0.36782    C:0.25287    A:0.29885    G:0.08046
position  3:    T:0.24138    C:0.29885    A:0.18391    G:0.27586
Average         T:0.28736    C:0.26820    A:0.23372    G:0.21073

#51: Klipspringer   
position  1:    T:0.25287    C:0.25287    A:0.24138    G:0.25287
position  2:    T:0.37931    C:0.24138    A:0.32184    G:0.05747
