CODONML (in paml version 4.10.7, June 2023)  /home/rachel/ruminants_paml/6406-phy-tree/ENSBTAT00000025945.fasta.phy
Model: free dN/dS Ratios for branches,  kappa = 2.000 fixed

Codon frequency model: F3x4
ns =  54  ls =  34

Codon usage in sequences
--------------------------------------------------------------------------------------------------------------------------------------
Phe TTT   2   2   2   2   2   2 | Ser TCT   0   0   0   0   0   0 | Tyr TAT   0   0   1   1   1   1 | Cys TGT   1   0   0   0   0   0
    TTC   0   0   0   0   0   0 |     TCC   0   1   0   0   1   0 |     TAC   0   0   0   0   0   0 |     TGC   0   0   0   0   0   0
Leu TTA   1   0   1   1   0   0 |     TCA   1   1   2   2   1   2 | *** TAA   0   0   0   0   0   0 | *** TGA   0   0   0   0   0   0
    TTG   0   1   0   0   1   1 |     TCG   0   1   0   0   0   1 |     TAG   0   0   0   0   0   0 | Trp TGG   4   3   4   4   4   3
--------------------------------------------------------------------------------------------------------------------------------------
Leu CTT   2   2   2   1   1   2 | Pro CCT   0   0   0   0   0   0 | His CAT   0   0   0   0   0   0 | Arg CGT   0   0   0   0   0   0
    CTC   0   0   0   0   0   0 |     CCC   0   0   0   0   0   0 |     CAC   1   0   1   1   1   1 |     CGC   0   2   1   1   1   1
    CTA   0   0   0   0   0   0 |     CCA   2   2   1   1   0   0 | Gln CAA   0   0   0   0   0   0 |     CGA   1   0   0   0   0   0
    CTG   0   0   0   0   2   0 |     CCG   0   0   1   1   1   2 |     CAG   1   1   1   1   1   1 |     CGG   0   0   0   0   0   0
--------------------------------------------------------------------------------------------------------------------------------------
Ile ATT   0   0   0   1   0   1 | Thr ACT   1   1   1   1   1   1 | Asn AAT   0   2   1   1   0   1 | Ser AGT   0   0   0   0   0   0
    ATC   2   3   2   1   3   1 |     ACC   0   0   0   0   0   0 |     AAC   2   1   1   1   2   1 |     AGC   1   1   1   1   1   1
    ATA   0   0   0   0   0   0 |     ACA   1   0   0   0   0   0 | Lys AAA   1   1   1   1   1   1 | Arg AGA   1   0   0   1   1   1
Met ATG   1   1   1   1   0   1 |     ACG   0   0   0   0   0   0 |     AAG   0   0   0   0   0   0 |     AGG   0   1   1   0   0   0
--------------------------------------------------------------------------------------------------------------------------------------
Val GTT   0   2   1   1   2   2 | Ala GCT   0   0   0   0   1   0 | Asp GAT   0   0   0   0   0   0 | Gly GGT   0   0   0   0   0   0
    GTC   2   0   2   3   0   1 |     GCC   1   1   1   1   1   2 |     GAC   0   0   0   0   0   0 |     GGC   1   1   1   1   1   1
    GTA   0   0   0   0   0   0 |     GCA   1   0   0   0   0   0 | Glu GAA   0   0   0   0   0   0 |     GGA   0   0   0   0   0   0
    GTG   2   1   1   1   2   1 |     GCG   0   1   1   1   0   0 |     GAG   1   1   1   1   1   1 |     GGG   0   0   0   0   0   0
--------------------------------------------------------------------------------------------------------------------------------------

--------------------------------------------------------------------------------------------------------------------------------------
Phe TTT   2   2   2   2   2   2 | Ser TCT   0   0   0   0   0   0 | Tyr TAT   1   0   1   1   1   1 | Cys TGT   0   1   0   0   0   0
    TTC   0   0   0   0   0   0 |     TCC   0   0   0   0   0   0 |     TAC   0   0   0   0   0   0 |     TGC   0   0   0   0   0   0
Leu TTA   1   1   1   1   1   1 |     TCA   1   2   2   2   2   2 | *** TAA   0   0   0   0   0   0 | *** TGA   0   0   0   0   0   0
    TTG   0   0   0   0   0   0 |     TCG   1   0   0   0   0   0 |     TAG   0   0   0   0   0   0 | Trp TGG   4   4   4   4   4   4
--------------------------------------------------------------------------------------------------------------------------------------
Leu CTT   2   2   2   2   2   2 | Pro CCT   0   0   0   0   0   0 | His CAT   0   0   0   0   0   0 | Arg CGT   0   0   0   0   0   0
    CTC   0   0   0   0   0   0 |     CCC   0   0   0   0   0   0 |     CAC   1   1   1   1   1   1 |     CGC   1   0   1   1   1   1
    CTA   0   0   0   0   0   0 |     CCA   1   2   1   2   1   1 | Gln CAA   0   0   0   0   0   0 |     CGA   0   1   0   0   0   0
    CTG   0   0   0   0   0   0 |     CCG   1   0   1   0   1   1 |     CAG   1   1   1   1   1   0 |     CGG   0   0   0   0   0   1
--------------------------------------------------------------------------------------------------------------------------------------
Ile ATT   1   0   1   1   0   0 | Thr ACT   1   1   1   1   1   1 | Asn AAT   1   0   1   1   1   1 | Ser AGT   0   0   0   0   0   0
    ATC   1   2   1   1   2   2 |     ACC   0   0   0   0   0   0 |     AAC   1   2   1   1   1   1 |     AGC   1   1   1   1   1   1
    ATA   0   0   0   0   0   0 |     ACA   0   0   0   0   0   0 | Lys AAA   1   1   1   1   1   1 | Arg AGA   1   1   1   1   0   1
Met ATG   1   1   1   1   1   1 |     ACG   0   0   0   0   0   0 |     AAG   0   0   0   0   0   0 |     AGG   0   0   0   0   1   0
--------------------------------------------------------------------------------------------------------------------------------------
Val GTT   1   0   2   1   1   1 | Ala GCT   1   0   1   1   0   0 | Asp GAT   0   0   0   0   0   0 | Gly GGT   0   0   0   0   0   0
    GTC   2   2   1   2   2   2 |     GCC   0   1   0   0   1   1 |     GAC   0   0   0   0   0   0 |     GGC   1   1   1   1   1   1
    GTA   0   0   0   0   0   0 |     GCA   0   1   0   0   0   0 | Glu GAA   0   0   0   0   0   0 |     GGA   0   0   0   0   0   0
    GTG   1   2   1   1   1   1 |     GCG   1   0   1   1   1   1 |     GAG   1   1   1   1   1   1 |     GGG   0   0   0   0   0   0
--------------------------------------------------------------------------------------------------------------------------------------

--------------------------------------------------------------------------------------------------------------------------------------
Phe TTT   2   2   2   2   2   2 | Ser TCT   0   0   0   0   0   0 | Tyr TAT   0   1   1   1   1   1 | Cys TGT   1   0   0   0   0   0
    TTC   0   0   0   0   0   0 |     TCC   0   0   0   0   0   0 |     TAC   0   0   0   0   0   0 |     TGC   0   0   0   0   0   0
Leu TTA   1   1   1   1   1   1 |     TCA   2   2   2   2   2   2 | *** TAA   0   0   0   0   0   0 | *** TGA   0   0   0   0   0   0
    TTG   0   0   0   0   0   0 |     TCG   0   0   0   0   0   0 |     TAG   0   0   0   0   0   0 | Trp TGG   4   4   4   4   4   4
--------------------------------------------------------------------------------------------------------------------------------------
Leu CTT   2   2   2   2   2   2 | Pro CCT   0   0   0   0   0   0 | His CAT   0   0   0   0   0   0 | Arg CGT   0   0   0   0   0   0
    CTC   0   0   0   0   0   0 |     CCC   0   0   0   0   0   0 |     CAC   1   1   1   1   1   1 |     CGC   0   1   0   1   0   1
    CTA   0   0   0   0   0   0 |     CCA   2   1   2   1   2   1 | Gln CAA   0   0   0   0   0   0 |     CGA   1   0   1   0   1   0
    CTG   0   0   0   0   0   0 |     CCG   0   1   0   1   0   1 |     CAG   1   1   1   1   1   1 |     CGG   0   0   0   0   0   0
--------------------------------------------------------------------------------------------------------------------------------------
Ile ATT   1   0   0   1   0   1 | Thr ACT   1   1   1   1   1   1 | Asn AAT   0   1   0   1   0   1 | Ser AGT   0   0   0   0   0   0
    ATC   1   2   2   1   2   1 |     ACC   0   0   0   0   0   0 |     AAC   2   1   2   1   2   1 |     AGC   1   1   1   1   1   1
    ATA   0   0   0   0   0   0 |     ACA   0   0   0   0   0   0 | Lys AAA   1   1   1   1   1   1 | Arg AGA   1   1   1   1   1   1
Met ATG   1   1   1   1   1   1 |     ACG   0   0   0   0   0   0 |     AAG   0   0   0   0   0   0 |     AGG   0   0   0   0   0   0
--------------------------------------------------------------------------------------------------------------------------------------
Val GTT   0   1   0   1   1   1 | Ala GCT   0   0   0   1   0   1 | Asp GAT   0   0   0   0   0   0 | Gly GGT   0   0   0   0   0   0
    GTC   2   2   2   1   2   2 |     GCC   1   1   1   1   1   0 |     GAC   0   0   0   0   0   0 |     GGC   1   1   1   1   1   1
    GTA   0   0   0   0   0   0 |     GCA   1   0   1   0   1   0 | Glu GAA   0   0   0   0   0   0 |     GGA   0   0   0   0   0   0
    GTG   2   1   2   1   1   1 |     GCG   0   1   0   1   0   1 |     GAG   1   1   1   1   1   1 |     GGG   0   0   0   0   0   0
--------------------------------------------------------------------------------------------------------------------------------------

--------------------------------------------------------------------------------------------------------------------------------------
Phe TTT   2   2   2   2   2   2 | Ser TCT   0   0   0   0   0   0 | Tyr TAT   1   1   1   1   1   0 | Cys TGT   0   0   0   0   0   1
    TTC   0   0   0   0   0   0 |     TCC   0   0   0   0   0   0 |     TAC   0   0   0   0   0   0 |     TGC   0   0   0   0   0   0
Leu TTA   1   1   1   1   1   1 |     TCA   2   2   2   2   2   2 | *** TAA   0   0   0   0   0   0 | *** TGA   0   0   0   0   0   0
    TTG   0   0   0   0   0   0 |     TCG   0   0   0   0   0   0 |     TAG   0   0   0   0   0   0 | Trp TGG   4   4   4   4   4   4
--------------------------------------------------------------------------------------------------------------------------------------
Leu CTT   2   2   2   2   2   2 | Pro CCT   0   0   0   0   0   0 | His CAT   1   0   0   0   0   0 | Arg CGT   0   1   0   0   0   0
    CTC   0   0   0   0   0   0 |     CCC   0   0   0   0   0   0 |     CAC   0   1   1   1   1   1 |     CGC   1   0   0   1   1   0
    CTA   0   0   0   0   0   0 |     CCA   0   0   2   1   1   2 | Gln CAA   0   0   0   0   0   0 |     CGA   0   0   1   0   0   1
    CTG   0   0   0   0   0   0 |     CCG   2   2   0   1   1   0 |     CAG   1   1   1   1   1   1 |     CGG   0   0   0   0   0   0
--------------------------------------------------------------------------------------------------------------------------------------
Ile ATT   0   1   1   0   1   0 | Thr ACT   1   1   1   1   1   1 | Asn AAT   1   1   0   1   1   0 | Ser AGT   0   0   0   0   0   0
    ATC   2   1   1   2   1   2 |     ACC   0   0   0   0   0   0 |     AAC   1   1   2   1   1   2 |     AGC   1   1   1   1   1   1
    ATA   0   0   0   0   0   0 |     ACA   0   0   0   0   0   0 | Lys AAA   1   1   1   1   2   1 | Arg AGA   1   1   1   0   0   1
Met ATG   1   1   1   1   1   1 |     ACG   0   0   0   0   0   0 |     AAG   0   0   0   1   0   0 |     AGG   0   0   0   0   0   0
--------------------------------------------------------------------------------------------------------------------------------------
Val GTT   1   1   0   1   2   0 | Ala GCT   0   0   0   0   1   0 | Asp GAT   0   0   0   0   0   0 | Gly GGT   0   0   0   0   0   0
    GTC   2   2   2   2   1   2 |     GCC   1   1   1   1   0   1 |     GAC   0   0   0   0   0   0 |     GGC   1   1   1   1   1   1
    GTA   0   0   0   0   0   0 |     GCA   1   0   1   0   0   1 | Glu GAA   0   0   0   0   0   0 |     GGA   0   0   0   0   0   0
    GTG   1   1   2   1   2   2 |     GCG   0   1   0   1   0   0 |     GAG   1   1   1   1   1   1 |     GGG   0   0   0   0   0   0
--------------------------------------------------------------------------------------------------------------------------------------

--------------------------------------------------------------------------------------------------------------------------------------
Phe TTT   2   2   2   2   2   2 | Ser TCT   0   0   0   0   0   0 | Tyr TAT   1   1   0   1   1   1 | Cys TGT   0   0   1   0   0   0
    TTC   0   0   0   0   0   0 |     TCC   0   0   0   0   0   0 |     TAC   0   0   0   0   0   0 |     TGC   0   0   0   0   0   0
Leu TTA   1   1   1   1   1   1 |     TCA   2   2   2   2   2   2 | *** TAA   0   0   0   0   0   0 | *** TGA   0   0   0   0   0   0
    TTG   0   0   0   0   0   0 |     TCG   0   0   0   0   0   0 |     TAG   0   0   0   0   0   0 | Trp TGG   4   4   4   4   4   4
--------------------------------------------------------------------------------------------------------------------------------------
Leu CTT   2   2   2   2   2   2 | Pro CCT   0   0   0   0   0   0 | His CAT   0   0   0   0   0   0 | Arg CGT   0   0   0   0   0   0
    CTC   0   1   0   0   0   0 |     CCC   0   0   0   0   0   0 |     CAC   1   1   1   1   1   1 |     CGC   1   1   0   1   0   1
    CTA   0   0   0   0   0   0 |     CCA   1   1   2   1   2   1 | Gln CAA   0   0   0   0   0   0 |     CGA   0   0   1   0   1   0
    CTG   0   0   0   0   0   0 |     CCG   1   1   0   1   0   1 |     CAG   1   0   1   1   1   1 |     CGG   0   1   0   0   0   0
--------------------------------------------------------------------------------------------------------------------------------------
Ile ATT   0   0   1   1   0   0 | Thr ACT   1   1   1   1   1   1 | Asn AAT   1   1   0   0   0   1 | Ser AGT   0   0   0   1   0   0
    ATC   2   1   1   1   2   2 |     ACC   0   0   0   0   0   0 |     AAC   1   1   2   1   2   1 |     AGC   1   1   1   1   1   1
    ATA   0   0   0   0   0   0 |     ACA   0   0   0   0   0   0 | Lys AAA   1   1   1   1   1   1 | Arg AGA   1   1   1   1   1   0
Met ATG   1   1   1   1   1   1 |     ACG   0   0   0   0   0   0 |     AAG   0   0   0   0   0   0 |     AGG   0   0   0   0   0   1
--------------------------------------------------------------------------------------------------------------------------------------
Val GTT   1   1   0   1   0   1 | Ala GCT   0   0   0   0   0   0 | Asp GAT   0   0   0   0   0   0 | Gly GGT   0   0   0   0   0   0
    GTC   2   2   2   2   2   2 |     GCC   1   1   1   1   1   1 |     GAC   0   0   0   0   0   0 |     GGC   1   1   1   1   1   1
    GTA   0   0   0   0   0   0 |     GCA   0   0   1   0   1   1 | Glu GAA   0   0   0   0   0   0 |     GGA   0   0   0   0   0   0
    GTG   1   1   2   1   2   1 |     GCG   1   1   0   1   0   0 |     GAG   1   1   1   1   1   1 |     GGG   0   0   0   0   0   0
--------------------------------------------------------------------------------------------------------------------------------------

--------------------------------------------------------------------------------------------------------------------------------------
Phe TTT   2   2   2   2   2   2 | Ser TCT   0   0   0   1   0   0 | Tyr TAT   1   1   1   1   1   1 | Cys TGT   0   0   0   0   0   0
    TTC   0   0   0   0   0   0 |     TCC   0   0   0   0   0   0 |     TAC   0   0   0   0   0   0 |     TGC   0   0   0   0   0   0
Leu TTA   1   1   1   1   1   1 |     TCA   2   2   2   2   2   2 | *** TAA   0   0   0   0   0   0 | *** TGA   0   0   0   0   0   0
    TTG   0   0   0   0   0   0 |     TCG   0   0   0   0   0   0 |     TAG   0   0   0   0   0   0 | Trp TGG   4   4   4   4   4   4
--------------------------------------------------------------------------------------------------------------------------------------
Leu CTT   2   2   2   2   2   2 | Pro CCT   0   0   0   0   0   0 | His CAT   0   0   0   0   0   0 | Arg CGT   0   0   0   0   0   0
    CTC   0   0   0   0   0   0 |     CCC   0   0   0   0   0   0 |     CAC   1   1   1   1   1   1 |     CGC   1   1   1   1   1   0
    CTA   0   0   0   0   0   0 |     CCA   1   1   1   1   0   2 | Gln CAA   0   0   0   0   0   0 |     CGA   0   0   0   0   0   1
    CTG   0   0   0   0   0   0 |     CCG   1   1   1   1   2   0 |     CAG   1   1   0   1   1   1 |     CGG   0   0   1   0   0   0
--------------------------------------------------------------------------------------------------------------------------------------
Ile ATT   1   0   1   1   0   0 | Thr ACT   1   1   1   0   1   1 | Asn AAT   1   1   1   1   1   0 | Ser AGT   0   0   0   0   0   0
    ATC   1   2   1   1   2   2 |     ACC   0   0   0   0   0   0 |     AAC   1   1   1   1   1   2 |     AGC   1   1   1   1   1   1
    ATA   0   0   0   0   0   0 |     ACA   0   0   0   0   0   0 | Lys AAA   1   1   1   1   1   1 | Arg AGA   1   0   1   1   1   1
Met ATG   1   1   1   1   1   1 |     ACG   0   0   0   0   0   0 |     AAG   0   0   0   0   0   0 |     AGG   0   1   0   0   0   0
--------------------------------------------------------------------------------------------------------------------------------------
Val GTT   1   1   1   1   1   0 | Ala GCT   1   0   0   1   0   0 | Asp GAT   0   0   0   0   0   0 | Gly GGT   0   0   0   0   0   0
    GTC   2   2   2   1   2   2 |     GCC   0   1   1   1   1   1 |     GAC   0   0   0   0   0   0 |     GGC   1   1   1   1   1   1
    GTA   0   0   0   0   0   0 |     GCA   0   1   0   0   0   1 | Glu GAA   0   0   0   0   0   0 |     GGA   0   0   0   0   0   0
    GTG   1   1   1   1   1   2 |     GCG   1   0   1   1   1   0 |     GAG   1   1   1   1   1   1 |     GGG   0   0   0   0   0   0
--------------------------------------------------------------------------------------------------------------------------------------

--------------------------------------------------------------------------------------------------------------------------------------
Phe TTT   2   2   2   2   2   2 | Ser TCT   0   0   0   0   0   0 | Tyr TAT   1   0   0   1   1   1 | Cys TGT   0   1   1   0   0   0
    TTC   0   0   0   0   0   0 |     TCC   0   0   0   0   0   0 |     TAC   0   0   0   0   0   0 |     TGC   0   0   0   0   0   0
Leu TTA   1   1   1   1   1   1 |     TCA   2   1   2   1   2   2 | *** TAA   0   0   0   0   0   0 | *** TGA   0   0   0   0   0   0
    TTG   0   0   0   0   0   0 |     TCG   0   1   0   1   0   0 |     TAG   0   0   0   0   0   0 | Trp TGG   4   4   4   4   4   4
--------------------------------------------------------------------------------------------------------------------------------------
Leu CTT   2   2   2   2   2   2 | Pro CCT   0   0   0   0   0   0 | His CAT   0   0   0   0   0   0 | Arg CGT   0   0   0   0   0   0
    CTC   0   0   0   0   0   0 |     CCC   0   0   0   0   0   0 |     CAC   1   1   1   1   1   0 |     CGC   0   1   0   1   1   2
    CTA   0   0   0   0   0   0 |     CCA   2   1   2   1   1   1 | Gln CAA   0   0   0   0   0   0 |     CGA   1   0   1   0   0   0
    CTG   0   0   0   0   0   0 |     CCG   0   1   0   1   1   1 |     CAG   1   1   1   1   1   1 |     CGG   0   0   0   0   0   0
--------------------------------------------------------------------------------------------------------------------------------------
Ile ATT   1   0   0   1   1   0 | Thr ACT   1   1   1   1   1   1 | Asn AAT   0   1   0   1   1   0 | Ser AGT   0   0   0   0   0   0
    ATC   1   2   2   1   1   2 |     ACC   0   0   0   0   0   0 |     AAC   2   1   2   1   1   2 |     AGC   1   1   1   1   1   1
    ATA   0   0   0   0   0   0 |     ACA   0   0   0   0   0   0 | Lys AAA   1   1   1   1   1   1 | Arg AGA   1   1   1   1   1   1
Met ATG   1   1   1   1   1   1 |     ACG   0   0   0   0   0   0 |     AAG   0   0   0   0   0   0 |     AGG   0   0   0   0   0   0
--------------------------------------------------------------------------------------------------------------------------------------
Val GTT   0   1   0   1   1   1 | Ala GCT   0   0   0   1   1   0 | Asp GAT   0   0   0   0   0   0 | Gly GGT   0   0   0   0   0   0
    GTC   2   2   2   2   2   2 |     GCC   1   1   1   0   0   1 |     GAC   0   0   0   0   0   0 |     GGC   1   1   1   1   1   1
    GTA   0   0   0   0   0   0 |     GCA   1   1   1   0   0   0 | Glu GAA   0   0   0   0   0   0 |     GGA   0   0   0   0   0   0
    GTG   2   1   2   1   1   1 |     GCG   0   0   0   1   1   1 |     GAG   1   1   1   1   1   1 |     GGG   0   0   0   0   0   0
--------------------------------------------------------------------------------------------------------------------------------------

--------------------------------------------------------------------------------------------------------------------------------------
Phe TTT   2   2   2   2   2   2 | Ser TCT   0   0   0   0   0   0 | Tyr TAT   1   1   1   1   0   1 | Cys TGT   0   0   0   0   1   0
    TTC   0   0   0   0   0   0 |     TCC   0   0   0   0   0   0 |     TAC   0   0   0   0   0   0 |     TGC   0   0   0   0   0   0
Leu TTA   1   1   1   1   1   1 |     TCA   2   2   2   2   2   2 | *** TAA   0   0   0   0   0   0 | *** TGA   0   0   0   0   0   0
    TTG   0   0   0   0   0   0 |     TCG   0   0   0   0   0   0 |     TAG   0   0   0   0   0   0 | Trp TGG   4   4   4   4   4   4
--------------------------------------------------------------------------------------------------------------------------------------
Leu CTT   2   2   2   2   2   2 | Pro CCT   0   0   0   0   0   0 | His CAT   0   0   0   0   0   0 | Arg CGT   0   0   0   0   0   0
    CTC   0   0   0   1   0   0 |     CCC   0   0   0   0   0   0 |     CAC   1   1   1   1   1   1 |     CGC   1   1   1   1   1   1
    CTA   0   0   0   0   0   0 |     CCA   2   1   1   1   1   1 | Gln CAA   0   0   0   0   0   0 |     CGA   0   0   0   0   0   0
    CTG   0   0   0   0   0   0 |     CCG   0   1   1   1   1   1 |     CAG   1   1   0   0   1   0 |     CGG   0   0   1   1   0   1
--------------------------------------------------------------------------------------------------------------------------------------
Ile ATT   0   1   0   0   0   1 | Thr ACT   1   1   1   1   1   1 | Asn AAT   1   1   1   1   1   1 | Ser AGT   0   0   0   0   0   0
    ATC   2   1   2   1   2   1 |     ACC   0   0   0   0   0   0 |     AAC   1   1   1   1   1   1 |     AGC   1   1   1   1   1   1
    ATA   0   0   0   0   0   0 |     ACA   0   0   0   0   0   0 | Lys AAA   1   1   1   1   1   1 | Arg AGA   1   1   1   1   1   1
Met ATG   1   1   1   1   1   1 |     ACG   0   0   0   0   0   0 |     AAG   0   0   0   0   0   0 |     AGG   0   0   0   0   0   0
--------------------------------------------------------------------------------------------------------------------------------------
Val GTT   1   1   1   1   1   1 | Ala GCT   0   1   0   0   0   1 | Asp GAT   0   0   0   0   0   0 | Gly GGT   0   0   0   0   0   0
    GTC   2   2   2   2   2   2 |     GCC   1   0   1   1   1   0 |     GAC   0   0   0   0   0   0 |     GGC   1   1   1   1   1   1
    GTA   0   0   0   0   0   0 |     GCA   1   0   0   0   0   0 | Glu GAA   0   0   0   0   0   0 |     GGA   0   0   0   0   0   0
    GTG   1   2   1   1   1   1 |     GCG   0   0   1   1   1   1 |     GAG   1   1   1   1   1   1 |     GGG   0   0   0   0   0   0
--------------------------------------------------------------------------------------------------------------------------------------

--------------------------------------------------------------------------------------------------------------------------------------
Phe TTT   2   2   2   2   2   2 | Ser TCT   0   0   0   0   0   0 | Tyr TAT   1   1   1   1   1   1 | Cys TGT   0   0   0   0   0   0
    TTC   0   0   0   0   0   0 |     TCC   0   0   0   0   0   0 |     TAC   0   0   0   0   0   0 |     TGC   0   0   0   0   0   0
Leu TTA   1   1   1   1   1   1 |     TCA   2   2   2   2   2   2 | *** TAA   0   0   0   0   0   0 | *** TGA   0   0   0   0   0   0
    TTG   0   0   0   0   0   0 |     TCG   0   0   0   0   0   0 |     TAG   0   0   0   0   0   0 | Trp TGG   4   4   4   4   4   4
--------------------------------------------------------------------------------------------------------------------------------------
Leu CTT   2   1   2   1   2   2 | Pro CCT   0   0   0   0   0   0 | His CAT   0   0   0   0   0   0 | Arg CGT   0   1   0   0   0   0
    CTC   0   0   0   0   0   0 |     CCC   0   0   0   0   0   0 |     CAC   1   1   1   1   1   1 |     CGC   1   0   1   1   1   1
    CTA   0   0   0   0   0   0 |     CCA   1   1   1   1   1   1 | Gln CAA   0   0   0   0   0   0 |     CGA   0   0   0   0   0   0
    CTG   0   1   0   0   0   0 |     CCG   1   1   1   1   1   1 |     CAG   1   1   1   1   1   1 |     CGG   0   0   0   0   0   0
--------------------------------------------------------------------------------------------------------------------------------------
Ile ATT   1   1   1   1   0   0 | Thr ACT   1   1   1   1   1   1 | Asn AAT   1   1   1   1   1   1 | Ser AGT   0   0   0   0   0   0
    ATC   1   1   1   1   2   2 |     ACC   0   0   0   0   0   0 |     AAC   1   1   1   1   1   1 |     AGC   1   1   1   1   1   1
    ATA   0   0   0   0   0   0 |     ACA   0   0   0   0   0   0 | Lys AAA   1   1   1   1   1   1 | Arg AGA   1   1   1   1   0   0
Met ATG   1   1   1   1   1   1 |     ACG   0   0   0   0   0   0 |     AAG   0   0   0   0   0   0 |     AGG   0   0   0   0   1   1
--------------------------------------------------------------------------------------------------------------------------------------
Val GTT   1   1   1   1   1   1 | Ala GCT   1   0   1   0   0   0 | Asp GAT   0   0   0   0   0   0 | Gly GGT   0   0   0   0   0   0
    GTC   2   2   2   3   2   2 |     GCC   0   1   0   1   1   1 |     GAC   0   0   0   0   0   0 |     GGC   1   1   1   1   1   1
    GTA   0   0   0   0   0   0 |     GCA   0   0   0   0   0   1 | Glu GAA   0   0   0   0   0   0 |     GGA   0   0   0   0   0   0
    GTG   1   1   1   1   1   1 |     GCG   1   1   1   1   1   0 |     GAG   1   1   1   1   1   1 |     GGG   0   0   0   0   0   0
--------------------------------------------------------------------------------------------------------------------------------------

Codon position x base (3x4) table for each sequence.

#1: Argali         
position  1:    T:0.26471    C:0.20588    A:0.29412    G:0.23529
position  2:    T:0.35294    C:0.20588    A:0.17647    G:0.26471
position  3:    T:0.17647    C:0.29412    A:0.26471    G:0.26471
Average         T:0.26471    C:0.23529    A:0.24510    G:0.25490

#2: LesserMouseDeer
position  1:    T:0.26471    C:0.20588    A:0.32353    G:0.20588
position  2:    T:0.35294    C:0.23529    A:0.17647    G:0.23529
position  3:    T:0.26471    C:0.29412    A:0.11765    G:0.32353
Average         T:0.29412    C:0.24510    A:0.20588    G:0.25490

#3: LesserKudu     
position  1:    T:0.29412    C:0.20588    A:0.26471    G:0.23529
position  2:    T:0.35294    C:0.20588    A:0.20588    G:0.23529
position  3:    T:0.23529    C:0.29412    A:0.14706    G:0.32353
Average         T:0.29412    C:0.23529    A:0.20588    G:0.26471

#4: ForestMuskDeer2
position  1:    T:0.29412    C:0.17647    A:0.26471    G:0.26471
position  2:    T:0.35294    C:0.20588    A:0.20588    G:0.23529
position  3:    T:0.23529    C:0.29412    A:0.17647    G:0.29412
Average         T:0.29412    C:0.22549    A:0.21569    G:0.26471

#5: Camel          
position  1:    T:0.29412    C:0.20588    A:0.26471    G:0.23529
position  2:    T:0.38235    C:0.17647    A:0.20588    G:0.23529
position  3:    T:0.23529    C:0.32353    A:0.08824    G:0.35294
Average         T:0.30392    C:0.23529    A:0.18627    G:0.27451

#6: KillerWhale    
position  1:    T:0.29412    C:0.20588    A:0.26471    G:0.23529
position  2:    T:0.35294    C:0.23529    A:0.20588    G:0.20588
position  3:    T:0.29412    C:0.26471    A:0.11765    G:0.32353
Average         T:0.31373    C:0.23529    A:0.19608    G:0.25490

#7: DefassaWaterbuck
position  1:    T:0.29412    C:0.20588    A:0.26471    G:0.23529
position  2:    T:0.35294    C:0.20588    A:0.20588    G:0.23529
position  3:    T:0.29412    C:0.23529    A:0.14706    G:0.32353
Average         T:0.31373    C:0.21569    A:0.20588    G:0.26471

#8: Sheep          
position  1:    T:0.29412    C:0.20588    A:0.26471    G:0.23529
position  2:    T:0.35294    C:0.20588    A:0.17647    G:0.26471
position  3:    T:0.17647    C:0.29412    A:0.26471    G:0.26471
Average         T:0.27451    C:0.23529    A:0.23529    G:0.25490

#9: MaxwellsDuiker 
position  1:    T:0.29412    C:0.20588    A:0.26471    G:0.23529
position  2:    T:0.35294    C:0.20588    A:0.20588    G:0.23529
position  3:    T:0.32353    C:0.20588    A:0.17647    G:0.29412
Average         T:0.32353    C:0.20588    A:0.21569    G:0.25490

#10: GazellaPrzewalskyi
position  1:    T:0.29412    C:0.20588    A:0.26471    G:0.23529
position  2:    T:0.35294    C:0.20588    A:0.20588    G:0.23529
position  3:    T:0.29412    C:0.23529    A:0.20588    G:0.26471
Average         T:0.31373    C:0.21569    A:0.22549    G:0.24510

#11: MountainNyala  
position  1:    T:0.29412    C:0.20588    A:0.26471    G:0.23529
position  2:    T:0.35294    C:0.20588    A:0.20588    G:0.23529
position  3:    T:0.23529    C:0.29412    A:0.14706    G:0.32353
Average         T:0.29412    C:0.23529    A:0.20588    G:0.26471

#12: MuntiacusMuntjak
position  1:    T:0.29412    C:0.20588    A:0.26471    G:0.23529
position  2:    T:0.35294    C:0.20588    A:0.17647    G:0.26471
position  3:    T:0.23529    C:0.29412    A:0.17647    G:0.29412
Average         T:0.29412    C:0.23529    A:0.20588    G:0.26471

#13: goat           
position  1:    T:0.29412    C:0.20588    A:0.26471    G:0.23529
position  2:    T:0.35294    C:0.20588    A:0.17647    G:0.26471
position  3:    T:0.20588    C:0.26471    A:0.26471    G:0.26471
Average         T:0.28431    C:0.22549    A:0.23529    G:0.25490

#14: AfricanBuffalo 
position  1:    T:0.29412    C:0.20588    A:0.26471    G:0.23529
position  2:    T:0.35294    C:0.20588    A:0.20588    G:0.23529
position  3:    T:0.23529    C:0.29412    A:0.17647    G:0.29412
Average         T:0.29412    C:0.23529    A:0.21569    G:0.25490

#15: Topi           
position  1:    T:0.29412    C:0.20588    A:0.26471    G:0.23529
position  2:    T:0.35294    C:0.20588    A:0.20588    G:0.23529
position  3:    T:0.17647    C:0.29412    A:0.26471    G:0.26471
Average         T:0.27451    C:0.23529    A:0.24510    G:0.24510

#16: CommonDuiker   
position  1:    T:0.29412    C:0.20588    A:0.26471    G:0.23529
position  2:    T:0.32353    C:0.23529    A:0.20588    G:0.23529
position  3:    T:0.29412    C:0.23529    A:0.17647    G:0.29412
Average         T:0.30392    C:0.22549    A:0.21569    G:0.25490

#17: Suni           
position  1:    T:0.29412    C:0.20588    A:0.26471    G:0.23529
position  2:    T:0.35294    C:0.20588    A:0.20588    G:0.23529
position  3:    T:0.20588    C:0.29412    A:0.26471    G:0.23529
Average         T:0.28431    C:0.23529    A:0.24510    G:0.23529

#18: Springbuck     
position  1:    T:0.29412    C:0.20588    A:0.26471    G:0.23529
position  2:    T:0.35294    C:0.20588    A:0.20588    G:0.23529
position  3:    T:0.29412    C:0.23529    A:0.17647    G:0.29412
Average         T:0.31373    C:0.21569    A:0.21569    G:0.25490

#19: Okapi          
position  1:    T:0.29412    C:0.20588    A:0.26471    G:0.23529
position  2:    T:0.35294    C:0.20588    A:0.20588    G:0.23529
position  3:    T:0.26471    C:0.26471    A:0.17647    G:0.29412
Average         T:0.30392    C:0.22549    A:0.21569    G:0.25490

#20: Giraffe        
position  1:    T:0.29412    C:0.20588    A:0.26471    G:0.23529
position  2:    T:0.35294    C:0.20588    A:0.20588    G:0.23529
position  3:    T:0.29412    C:0.23529    A:0.14706    G:0.32353
Average         T:0.31373    C:0.21569    A:0.20588    G:0.26471

#21: TibetanAntelope
position  1:    T:0.29412    C:0.20588    A:0.26471    G:0.23529
position  2:    T:0.35294    C:0.20588    A:0.20588    G:0.23529
position  3:    T:0.20588    C:0.26471    A:0.26471    G:0.26471
Average         T:0.28431    C:0.22549    A:0.24510    G:0.24510

#22: Sitatunga      
position  1:    T:0.29412    C:0.20588    A:0.26471    G:0.23529
position  2:    T:0.35294    C:0.20588    A:0.23529    G:0.20588
position  3:    T:0.23529    C:0.29412    A:0.14706    G:0.32353
Average         T:0.29412    C:0.23529    A:0.21569    G:0.25490

#23: Oribi          
position  1:    T:0.29412    C:0.20588    A:0.26471    G:0.23529
position  2:    T:0.38235    C:0.17647    A:0.23529    G:0.20588
position  3:    T:0.32353    C:0.20588    A:0.17647    G:0.29412
Average         T:0.33333    C:0.19608    A:0.22549    G:0.24510

#24: BarbarySheep   
position  1:    T:0.29412    C:0.20588    A:0.26471    G:0.23529
position  2:    T:0.35294    C:0.20588    A:0.17647    G:0.26471
position  3:    T:0.17647    C:0.29412    A:0.26471    G:0.26471
Average         T:0.27451    C:0.23529    A:0.23529    G:0.25490

#25: Daviddeer      
position  1:    T:0.29412    C:0.20588    A:0.26471    G:0.23529
position  2:    T:0.35294    C:0.20588    A:0.20588    G:0.23529
position  3:    T:0.23529    C:0.29412    A:0.17647    G:0.29412
Average         T:0.29412    C:0.23529    A:0.21569    G:0.25490

#26: Reindeer       
position  1:    T:0.29412    C:0.23529    A:0.23529    G:0.23529
position  2:    T:0.35294    C:0.20588    A:0.17647    G:0.26471
position  3:    T:0.23529    C:0.29412    A:0.17647    G:0.29412
Average         T:0.29412    C:0.24510    A:0.19608    G:0.26471

#27: Ibex           
position  1:    T:0.29412    C:0.20588    A:0.26471    G:0.23529
position  2:    T:0.35294    C:0.20588    A:0.17647    G:0.26471
position  3:    T:0.20588    C:0.26471    A:0.26471    G:0.26471
Average         T:0.28431    C:0.22549    A:0.23529    G:0.25490

#28: GyrantGazelle  
position  1:    T:0.29412    C:0.20588    A:0.26471    G:0.23529
position  2:    T:0.35294    C:0.20588    A:0.17647    G:0.26471
position  3:    T:0.26471    C:0.26471    A:0.17647    G:0.29412
Average         T:0.30392    C:0.22549    A:0.20588    G:0.26471

#29: Hartebeest     
position  1:    T:0.29412    C:0.20588    A:0.26471    G:0.23529
position  2:    T:0.35294    C:0.20588    A:0.20588    G:0.23529
position  3:    T:0.17647    C:0.29412    A:0.26471    G:0.26471
Average         T:0.27451    C:0.23529    A:0.24510    G:0.24510

#30: Bongo          
position  1:    T:0.29412    C:0.20588    A:0.26471    G:0.23529
position  2:    T:0.35294    C:0.20588    A:0.20588    G:0.23529
position  3:    T:0.23529    C:0.29412    A:0.17647    G:0.29412
Average         T:0.29412    C:0.23529    A:0.21569    G:0.25490

#31: Gerenuk        
position  1:    T:0.29412    C:0.20588    A:0.26471    G:0.23529
position  2:    T:0.35294    C:0.20588    A:0.20588    G:0.23529
position  3:    T:0.29412    C:0.23529    A:0.17647    G:0.29412
Average         T:0.31373    C:0.21569    A:0.21569    G:0.25490

#32: CommonEland    
position  1:    T:0.29412    C:0.20588    A:0.26471    G:0.23529
position  2:    T:0.35294    C:0.20588    A:0.20588    G:0.23529
position  3:    T:0.23529    C:0.29412    A:0.17647    G:0.29412
Average         T:0.29412    C:0.23529    A:0.21569    G:0.25490

#33: MuntiacusReevesi
position  1:    T:0.29412    C:0.20588    A:0.26471    G:0.23529
position  2:    T:0.35294    C:0.20588    A:0.17647    G:0.26471
position  3:    T:0.26471    C:0.26471    A:0.17647    G:0.29412
Average         T:0.30392    C:0.22549    A:0.20588    G:0.26471

#34: HarveysDuiker  
position  1:    T:0.32353    C:0.20588    A:0.23529    G:0.23529
position  2:    T:0.32353    C:0.23529    A:0.20588    G:0.23529
position  3:    T:0.29412    C:0.23529    A:0.17647    G:0.29412
Average         T:0.31373    C:0.22549    A:0.20588    G:0.25490

#35: Pronghorn      
position  1:    T:0.29412    C:0.20588    A:0.26471    G:0.23529
position  2:    T:0.35294    C:0.20588    A:0.20588    G:0.23529
position  3:    T:0.23529    C:0.29412    A:0.14706    G:0.32353
Average         T:0.29412    C:0.23529    A:0.20588    G:0.26471

#36: BlueWildebeest 
position  1:    T:0.29412    C:0.20588    A:0.26471    G:0.23529
position  2:    T:0.35294    C:0.20588    A:0.20588    G:0.23529
position  3:    T:0.17647    C:0.29412    A:0.26471    G:0.26471
Average         T:0.27451    C:0.23529    A:0.24510    G:0.24510

#37: Gemsbok        
position  1:    T:0.29412    C:0.20588    A:0.26471    G:0.23529
position  2:    T:0.35294    C:0.20588    A:0.20588    G:0.23529
position  3:    T:0.20588    C:0.26471    A:0.26471    G:0.26471
Average         T:0.28431    C:0.22549    A:0.24510    G:0.24510

#38: Yak            
position  1:    T:0.29412    C:0.20588    A:0.26471    G:0.23529
position  2:    T:0.35294    C:0.20588    A:0.17647    G:0.26471
position  3:    T:0.23529    C:0.29412    A:0.17647    G:0.29412
Average         T:0.29412    C:0.23529    A:0.20588    G:0.26471

#39: BlueSheep      
position  1:    T:0.29412    C:0.20588    A:0.26471    G:0.23529
position  2:    T:0.35294    C:0.20588    A:0.17647    G:0.26471
position  3:    T:0.17647    C:0.29412    A:0.26471    G:0.26471
Average         T:0.27451    C:0.23529    A:0.23529    G:0.25490

#40: BohorReedbuck  
position  1:    T:0.29412    C:0.20588    A:0.26471    G:0.23529
position  2:    T:0.35294    C:0.20588    A:0.20588    G:0.23529
position  3:    T:0.29412    C:0.23529    A:0.14706    G:0.32353
Average         T:0.31373    C:0.21569    A:0.20588    G:0.26471

#41: KirksDik       
position  1:    T:0.29412    C:0.20588    A:0.26471    G:0.23529
position  2:    T:0.35294    C:0.20588    A:0.20588    G:0.23529
position  3:    T:0.29412    C:0.23529    A:0.17647    G:0.29412
Average         T:0.31373    C:0.21569    A:0.21569    G:0.25490

#42: RoeDeer        
position  1:    T:0.29412    C:0.20588    A:0.26471    G:0.23529
position  2:    T:0.35294    C:0.20588    A:0.17647    G:0.26471
position  3:    T:0.20588    C:0.32353    A:0.17647    G:0.29412
Average         T:0.28431    C:0.24510    A:0.20588    G:0.26471

#43: WhiteLippedDeer
position  1:    T:0.29412    C:0.20588    A:0.26471    G:0.23529
position  2:    T:0.35294    C:0.20588    A:0.20588    G:0.23529
position  3:    T:0.23529    C:0.29412    A:0.23529    G:0.23529
Average         T:0.29412    C:0.23529    A:0.23529    G:0.23529

#44: ThomsonGazelle 
position  1:    T:0.29412    C:0.20588    A:0.26471    G:0.23529
position  2:    T:0.38235    C:0.17647    A:0.20588    G:0.23529
position  3:    T:0.29412    C:0.23529    A:0.17647    G:0.29412
Average         T:0.32353    C:0.20588    A:0.21569    G:0.25490

#45: MuntiacusCrinifrons
position  1:    T:0.29412    C:0.20588    A:0.26471    G:0.23529
position  2:    T:0.35294    C:0.20588    A:0.17647    G:0.26471
position  3:    T:0.23529    C:0.29412    A:0.17647    G:0.29412
Average         T:0.29412    C:0.23529    A:0.20588    G:0.26471

#46: WhiteTailedDeer
position  1:    T:0.29412    C:0.23529    A:0.23529    G:0.23529
position  2:    T:0.35294    C:0.20588    A:0.17647    G:0.26471
position  3:    T:0.23529    C:0.29412    A:0.17647    G:0.29412
Average         T:0.29412    C:0.24510    A:0.19608    G:0.26471

#47: Cattle         
position  1:    T:0.29412    C:0.20588    A:0.26471    G:0.23529
position  2:    T:0.35294    C:0.20588    A:0.17647    G:0.26471
position  3:    T:0.23529    C:0.29412    A:0.17647    G:0.29412
Average         T:0.29412    C:0.23529    A:0.20588    G:0.26471

#48: RoyalAntelope  
position  1:    T:0.29412    C:0.20588    A:0.26471    G:0.23529
position  2:    T:0.35294    C:0.20588    A:0.17647    G:0.26471
position  3:    T:0.29412    C:0.23529    A:0.17647    G:0.29412
Average         T:0.31373    C:0.21569    A:0.20588    G:0.26471

#49: Steenbok       
position  1:    T:0.29412    C:0.20588    A:0.26471    G:0.23529
position  2:    T:0.35294    C:0.20588    A:0.20588    G:0.23529
position  3:    T:0.29412    C:0.23529    A:0.17647    G:0.29412
Average         T:0.31373    C:0.21569    A:0.21569    G:0.25490

#50: Impala         
position  1:    T:0.29412    C:0.20588    A:0.26471    G:0.23529
position  2:    T:0.35294    C:0.20588    A:0.20588    G:0.23529
position  3:    T:0.26471    C:0.23529    A:0.17647    G:0.32353
Average         T:0.30392    C:0.21569    A:0.21569    G:0.26471

#51: Klipspringer   
position  1:    T:0.29412    C:0.20588    A:0.26471    G:0.23529
position  2:    T:0.35294    C:0.20588    A:0.20588    G:0.23529
