1
52 1
Argali 0.000000 0.506200 0.407400 0.573700 0.124000 0.000000 0.124000 0.194200 0.303300 0.000000 0.059700 0.124400 0.057500 0.124000 0.124100 0.000000 0.289900 0.124100 0.059400 0.303300 0.125900 0.059700 0.000000 0.059200 0.059700 0.129500 0.000000 0.303300 0.059700 0.303300 0.000000 0.200200 0.390900 0.000000 0.059700 0.124400 0.059500 0.198400 0.277800 0.058300 0.000000 0.059700 0.000000 0.000200 0.125300 0.275300 0.124100 0.301900 0.124000 0.124000 0.303300 0.435600
LesserMous 0.506200 0.000000 1.125300 0.438600 0.501000 0.506200 0.499000 0.622200 1.003000 0.506200 0.388300 0.511900 0.387200 0.499000 0.494200 0.506200 0.637800 0.486400 0.524300 1.003000 0.278500 0.388300 0.506200 0.374500 0.388300 0.293000 0.506200 1.003000 0.388300 1.003000 0.506200 0.659700 0.386100 0.506200 0.388300 0.511900 0.388300 0.395200 0.798900 0.664300 0.506200 0.388300 0.506200 0.508600 0.705500 0.497800 0.494200 0.946200 0.499000 0.501000 1.003000 1.387200
LesserKudu 0.407400 1.125300 0.000000 1.023200 0.549600 0.407400 0.547700 0.701600 0.062500 0.407400 0.413000 0.306300 0.546900 0.547700 0.537500 0.407400 0.482400 0.322400 0.302500 0.062300 0.407400 0.413000 0.407400 0.402700 0.413000 0.576700 0.407400 0.062500 0.413000 0.062500 0.407400 0.781900 1.183700 0.407400 0.413000 0.306300 0.413000 0.727700 0.586000 0.554200 0.407400 0.413000 0.407400 0.409400 0.303800 0.931300 0.537500 0.635200 0.547700 0.314100 0.062500 0.133900
KillerWhal 0.573700 0.438600 1.023200 0.000000 1.002300 0.573700 1.150700 1.287300 0.883000 0.573700 0.782600 0.573800 0.435500 1.150700 1.033700 0.573700 1.649000 0.908700 0.822700 0.883000 0.590400 0.782600 0.573700 0.436500 0.782600 1.108400 0.573700 0.883000 0.782600 0.883000 0.573700 1.203000 1.339500 0.573700 0.782600 0.573800 0.782600 0.806000 1.630500 0.773500 0.573700 0.782600 0.573700 0.578700 0.597400 1.038400 1.033700 1.856600 1.150700 1.002300 0.883000 0.891700
DefassaWat 0.124000 0.501000 0.549600 1.002300 0.000000 0.124000 0.123500 0.059500 0.423200 0.124000 0.060000 0.125800 0.196300 0.123500 0.124200 0.124000 0.215000 0.126100 0.126200 0.423200 0.125200 0.060000 0.124000 0.197400 0.060000 0.130600 0.124000 0.423200 0.059200 0.423200 0.124000 0.196900 0.390500 0.124000 0.060000 0.125800 0.060000 0.061600 0.282400 0.197900 0.124000 0.060000 0.124000 0.123800 0.201700 0.125600 0.124200 0.307700 0.123500 0.125700 0.423200 0.593800
Sheep 0.000000 0.506200 0.407400 0.573700 0.124000 0.000000 0.124000 0.194200 0.303300 0.000000 0.059700 0.124400 0.058000 0.124000 0.124100 0.000000 0.289900 0.124400 0.059400 0.303300 0.125900 0.059700 0.000000 0.059200 0.059700 0.129500 0.000000 0.303300 0.059700 0.303300 0.000000 0.200200 0.390900 0.000000 0.059600 0.124400 0.059700 0.198400 0.277800 0.058400 0.000000 0.059700 0.000000 0.000200 0.125300 0.275300 0.124100 0.301900 0.124000 0.124000 0.303300 0.435600
MaxwellsDu 0.124000 0.499000 0.547700 1.150700 0.123500 0.124000 0.000000 0.193400 0.425100 0.124000 0.059500 0.123900 0.194700 0.000000 0.123600 0.124000 0.387500 0.123600 0.125500 0.425100 0.125700 0.059500 0.124000 0.200200 0.059500 0.128600 0.124000 0.425100 0.058600 0.425100 0.124000 0.059700 0.386400 0.124000 0.059500 0.123900 0.059500 0.197400 0.276400 0.196300 0.124000 0.059500 0.124000 0.124000 0.200600 0.273900 0.123600 0.297600 0.000000 0.123500 0.425100 0.629800
GazellaPrz 0.194200 0.622200 0.701600 1.287300 0.059500 0.194200 0.193400 0.000000 0.561600 0.194200 0.124200 0.196500 0.275300 0.193400 0.058400 0.194200 0.299800 0.195700 0.198400 0.561600 0.195800 0.124200 0.194200 0.278000 0.124200 0.204200 0.194200 0.561600 0.124200 0.561600 0.194200 0.276700 0.495900 0.194200 0.124200 0.196500 0.124200 0.127200 0.195400 0.277800 0.194200 0.124200 0.194200 0.194100 0.284700 0.059100 0.058800 0.406300 0.193400 0.196000 0.561600 0.806300
MountainNy 0.303300 1.003000 0.062500 0.883000 0.423200 0.303300 0.425100 0.561600 0.000000 0.303300 0.307800 0.211900 0.419400 0.425100 0.418600 0.303300 0.565900 0.413000 0.210700 0.000000 0.303300 0.307800 0.303300 0.299700 0.307800 0.447700 0.303300 0.000000 0.307800 0.000000 0.303300 0.629800 1.039400 0.303300 0.307800 0.211900 0.307800 0.571700 0.438100 0.424400 0.303300 0.307800 0.303300 0.303500 0.211300 0.768100 0.418600 0.478200 0.425100 0.215300 0.000000 0.061300
MuntiacusM 0.000000 0.506200 0.407400 0.573700 0.124000 0.000000 0.124000 0.194200 0.303300 0.000000 0.059700 0.124400 0.057800 0.124000 0.124100 0.000000 0.289900 0.124100 0.059400 0.303300 0.125900 0.059700 0.000000 0.059200 0.059700 0.129500 0.000000 0.303300 0.059700 0.303300 0.000000 0.200200 0.390900 0.000000 0.059700 0.124400 0.059700 0.198400 0.277800 0.058400 0.000000 0.058400 0.000000 0.000200 0.125300 0.275300 0.124100 0.301900 0.124000 0.124000 0.303300 0.435600
goat 0.059700 0.388300 0.413000 0.782600 0.060000 0.059700 0.059500 0.124200 0.307800 0.059700 0.000000 0.060000 0.124100 0.059500 0.059800 0.059700 0.296500 0.060200 0.060400 0.307800 0.060300 0.000000 0.059700 0.125900 0.000000 0.062700 0.059700 0.307800 0.000000 0.307800 0.058600 0.125700 0.295300 0.059700 0.000000 0.059000 0.000000 0.127200 0.197900 0.125100 0.059700 0.000000 0.059700 0.059600 0.127600 0.196300 0.059200 0.215700 0.059500 0.060000 0.307800 0.437100
AfricanBuf 0.124400 0.511900 0.306300 0.573800 0.125800 0.124400 0.123900 0.196500 0.211900 0.124400 0.060000 0.000000 0.196900 0.123900 0.124600 0.124400 0.404100 0.126100 0.126500 0.211900 0.125600 0.060000 0.124400 0.198600 0.060000 0.131100 0.124400 0.211900 0.060000 0.211900 0.124400 0.198200 0.396900 0.124400 0.059800 0.000000 0.059200 0.202700 0.283000 0.198500 0.124400 0.060000 0.124400 0.124300 0.059900 0.280400 0.124600 0.310200 0.123900 0.125800 0.211900 0.310700
Topi 0.057500 0.387200 0.546900 0.435500 0.196300 0.058000 0.194700 0.275300 0.419400 0.057800 0.124100 0.196900 0.000000 0.194700 0.194700 0.058000 0.393600 0.196200 0.123500 0.419400 0.197800 0.124100 0.057400 0.123000 0.124100 0.204100 0.057300 0.419400 0.124100 0.419400 0.058000 0.282600 0.288700 0.058000 0.124100 0.196900 0.124100 0.127100 0.376800 0.122300 0.058000 0.124100 0.058000 0.057800 0.198200 0.195800 0.194700 0.411500 0.194700 0.196300 0.419400 0.603000
CommonDuik 0.124000 0.499000 0.547700 1.150700 0.123500 0.124000 0.000000 0.193400 0.425100 0.124000 0.059500 0.123900 0.194700 0.000000 0.123600 0.124000 0.387500 0.123600 0.125500 0.425100 0.125700 0.059500 0.124000 0.200200 0.059500 0.128600 0.124000 0.425100 0.059500 0.425100 0.124000 0.059700 0.386400 0.124000 0.059500 0.123900 0.059000 0.197400 0.276400 0.196300 0.124000 0.059500 0.124000 0.124000 0.200600 0.273900 0.123600 0.297600 0.000000 0.123500 0.425100 0.629800
Suni 0.124100 0.494200 0.537500 1.033700 0.124200 0.124100 0.123600 0.058400 0.418600 0.124100 0.059800 0.124600 0.194700 0.123600 0.000000 0.124100 0.389100 0.124200 0.126000 0.418600 0.125200 0.059800 0.124100 0.198100 0.059800 0.130100 0.124100 0.418600 0.059500 0.418600 0.124100 0.197400 0.388800 0.124400 0.059800 0.124600 0.059800 0.197600 0.122900 0.196200 0.124100 0.059800 0.124100 0.124100 0.201200 0.122000 0.000000 0.301900 0.123600 0.124200 0.418600 0.595900
Springbuck 0.000000 0.506200 0.407400 0.573700 0.124000 0.000000 0.124000 0.194200 0.303300 0.000000 0.059700 0.124400 0.058000 0.124000 0.124100 0.000000 0.289900 0.124100 0.059400 0.303300 0.125900 0.059700 0.000000 0.059200 0.059700 0.129500 0.000000 0.303300 0.059700 0.303300 0.000000 0.200200 0.390900 0.000000 0.059500 0.124400 0.059700 0.198400 0.277800 0.058400 0.000000 0.059700 0.000000 0.000200 0.125300 0.275300 0.124100 0.301900 0.124000 0.124000 0.303300 0.435600
Okapi 0.289900 0.637800 0.482400 1.649000 0.215000 0.289900 0.387500 0.299800 0.565900 0.289900 0.296500 0.404100 0.393600 0.387500 0.389100 0.289900 0.000000 0.218000 0.207600 0.565900 0.393700 0.296500 0.289900 0.388100 0.296500 0.213800 0.289900 0.565900 0.296500 0.565900 0.289900 0.507500 0.502800 0.289900 0.296500 0.404100 0.296500 0.309500 0.671100 0.397300 0.289900 0.296500 0.289900 0.288900 0.397400 0.413700 0.389100 0.763500 0.387500 0.401600 0.565900 0.748600
Giraffe 0.124100 0.486400 0.322400 0.908700 0.126100 0.124400 0.123600 0.195700 0.413000 0.124100 0.060200 0.126100 0.196200 0.123600 0.124200 0.124100 0.218000 0.000000 0.126300 0.413000 0.125300 0.060200 0.124100 0.196800 0.060200 0.130500 0.124100 0.413000 0.060200 0.413000 0.124100 0.196300 0.384600 0.124100 0.060200 0.126100 0.060200 0.203200 0.281200 0.197800 0.124100 0.060200 0.124100 0.124000 0.200800 0.278700 0.124200 0.304000 0.123600 0.126100 0.413000 0.563400
TibetanAnt 0.059400 0.524300 0.302500 0.822700 0.126200 0.059400 0.125500 0.198400 0.210700 0.059400 0.060400 0.126500 0.123500 0.125500 0.126000 0.059400 0.207600 0.126300 0.000000 0.210700 0.127400 0.060500 0.059400 0.126000 0.060400 0.131800 0.059400 0.210700 0.060400 0.210700 0.059400 0.202700 0.401300 0.059400 0.060400 0.126500 0.060400 0.203200 0.285400 0.124900 0.058400 0.060400 0.059400 0.059300 0.125900 0.283000 0.126000 0.311700 0.125500 0.126200 0.210700 0.311400
Sitatunga 0.303300 1.003000 0.062300 0.883000 0.423200 0.303300 0.425100 0.561600 0.000000 0.303300 0.307800 0.211900 0.419400 0.425100 0.418600 0.303300 0.565900 0.413000 0.210700 0.000000 0.303300 0.307800 0.303300 0.299700 0.307800 0.447700 0.303300 0.000000 0.307800 0.000000 0.303300 0.629800 1.039400 0.303300 0.307800 0.211900 0.307800 0.571700 0.438100 0.424400 0.303300 0.307800 0.303300 0.303500 0.211300 0.768100 0.418600 0.478200 0.425100 0.215300 0.000000 0.061300
Oribi 0.125900 0.278500 0.407400 0.590400 0.125200 0.125900 0.125700 0.195800 0.303300 0.125900 0.060300 0.125600 0.197800 0.125700 0.125200 0.125900 0.393700 0.125300 0.127400 0.303300 0.000000 0.060300 0.125900 0.059000 0.060300 0.130200 0.125900 0.303300 0.060300 0.303300 0.125500 0.204000 0.390900 0.125900 0.060300 0.125600 0.060300 0.200200 0.279900 0.199500 0.125900 0.060300 0.125900 0.125900 0.204000 0.277300 0.125200 0.301300 0.125700 0.125200 0.303300 0.435600
BarbaryShe 0.059700 0.388300 0.413000 0.782600 0.060000 0.059700 0.059500 0.124200 0.307800 0.059700 0.000000 0.060000 0.124100 0.059500 0.059800 0.059700 0.296500 0.060200 0.060500 0.307800 0.060300 0.000000 0.059800 0.125900 0.000000 0.062700 0.059700 0.307800 0.000000 0.307800 0.059700 0.125700 0.295300 0.059700 0.000000 0.060000 0.000000 0.127200 0.197900 0.125100 0.059700 0.000000 0.059700 0.059600 0.127600 0.196300 0.059800 0.215700 0.059500 0.060000 0.307800 0.437100
Daviddeer 0.000000 0.506200 0.407400 0.573700 0.124000 0.000000 0.124000 0.194200 0.303300 0.000000 0.059700 0.124400 0.057400 0.124000 0.124100 0.000000 0.289900 0.124100 0.059400 0.303300 0.125900 0.059800 0.000000 0.059200 0.059700 0.129500 0.000000 0.303300 0.059700 0.303300 0.000000 0.200200 0.390900 0.000000 0.059700 0.124400 0.059700 0.198400 0.277800 0.058400 0.000000 0.059700 0.000000 0.000200 0.125300 0.275300 0.124100 0.301900 0.124000 0.124000 0.303300 0.435600
Reindeer 0.059200 0.374500 0.402700 0.436500 0.197400 0.059200 0.200200 0.278000 0.299700 0.059200 0.125900 0.198600 0.123000 0.200200 0.198100 0.059200 0.388100 0.196800 0.126000 0.299700 0.059000 0.125900 0.059200 0.000000 0.125900 0.205200 0.059200 0.299700 0.125900 0.299700 0.059200 0.297300 0.511000 0.059200 0.125900 0.198600 0.125900 0.282600 0.378000 0.123800 0.059200 0.125900 0.059200 0.059200 0.201600 0.374000 0.198100 0.405700 0.200200 0.197400 0.299700 0.435100
Ibex 0.059700 0.388300 0.413000 0.782600 0.060000 0.059700 0.059500 0.124200 0.307800 0.059700 0.000000 0.060000 0.124100 0.059500 0.059800 0.059700 0.296500 0.060200 0.060400 0.307800 0.060300 0.000000 0.059700 0.125900 0.000000 0.062700 0.059600 0.307800 0.000000 0.307800 0.059700 0.125700 0.295300 0.059700 0.000000 0.060000 0.000000 0.127200 0.197900 0.125100 0.058500 0.000000 0.059700 0.059600 0.127600 0.196300 0.059900 0.215700 0.059500 0.060000 0.307800 0.437100
GyrantGaze 0.129500 0.293000 0.576700 1.108400 0.130600 0.129500 0.128600 0.204200 0.447700 0.129500 0.062700 0.131100 0.204100 0.128600 0.130100 0.129500 0.213800 0.130500 0.131800 0.447700 0.130200 0.062700 0.129500 0.205200 0.062700 0.000000 0.129500 0.447700 0.062700 0.447700 0.129500 0.204100 0.213100 0.129500 0.062700 0.131100 0.062700 0.208600 0.293100 0.205900 0.129500 0.062700 0.129500 0.129400 0.212000 0.290300 0.130100 0.332100 0.128600 0.130600 0.447700 0.636700
Hartebeest 0.000000 0.506200 0.407400 0.573700 0.124000 0.000000 0.124000 0.194200 0.303300 0.000000 0.059700 0.124400 0.057300 0.124000 0.124100 0.000000 0.289900 0.124100 0.059400 0.303300 0.125900 0.059700 0.000000 0.059200 0.059600 0.129500 0.000000 0.303300 0.059700 0.303300 0.000000 0.200200 0.390900 0.000000 0.058100 0.124400 0.059700 0.198400 0.277800 0.058400 0.000000 0.059700 0.000000 0.000200 0.125300 0.275300 0.124100 0.301900 0.124000 0.124000 0.303300 0.435600
Bongo 0.303300 1.003000 0.062500 0.883000 0.423200 0.303300 0.425100 0.561600 0.000000 0.303300 0.307800 0.211900 0.419400 0.425100 0.418600 0.303300 0.565900 0.413000 0.210700 0.000000 0.303300 0.307800 0.303300 0.299700 0.307800 0.447700 0.303300 0.000000 0.307800 0.000000 0.303300 0.629800 1.039400 0.303300 0.307800 0.211900 0.307800 0.571700 0.438100 0.424400 0.303300 0.307800 0.303300 0.303500 0.211300 0.768100 0.418600 0.478200 0.425100 0.215300 0.000000 0.061300
Gerenuk 0.059700 0.388300 0.413000 0.782600 0.059200 0.059700 0.058600 0.124200 0.307800 0.059700 0.000000 0.060000 0.124100 0.059500 0.059500 0.059700 0.296500 0.060200 0.060400 0.307800 0.060300 0.000000 0.059700 0.125900 0.000000 0.062700 0.059700 0.307800 0.000000 0.307800 0.059700 0.125700 0.295300 0.059700 0.000000 0.060000 0.000000 0.127200 0.197900 0.125100 0.059700 0.000000 0.059700 0.059600 0.127600 0.196300 0.059800 0.215700 0.059500 0.060000 0.307800 0.437100
CommonElan 0.303300 1.003000 0.062500 0.883000 0.423200 0.303300 0.425100 0.561600 0.000000 0.303300 0.307800 0.211900 0.419400 0.425100 0.418600 0.303300 0.565900 0.413000 0.210700 0.000000 0.303300 0.307800 0.303300 0.299700 0.307800 0.447700 0.303300 0.000000 0.307800 0.000000 0.303300 0.629800 1.039400 0.303300 0.307800 0.211900 0.307800 0.571700 0.438100 0.424400 0.303300 0.307800 0.303300 0.303500 0.211300 0.768100 0.418600 0.478200 0.425100 0.215300 0.000000 0.061200
MuntiacusR 0.000000 0.506200 0.407400 0.573700 0.124000 0.000000 0.124000 0.194200 0.303300 0.000000 0.058600 0.124400 0.058000 0.124000 0.124100 0.000000 0.289900 0.124100 0.059400 0.303300 0.125500 0.059700 0.000000 0.059200 0.059700 0.129500 0.000000 0.303300 0.059700 0.303300 0.000000 0.200200 0.390900 0.000000 0.059700 0.124400 0.059700 0.198400 0.277800 0.058400 0.000000 0.059700 0.000000 0.000200 0.125300 0.275300 0.124100 0.301900 0.124000 0.124000 0.303300 0.435600
HarveysDui 0.200200 0.659700 0.781900 1.203000 0.196900 0.200200 0.059700 0.276700 0.629800 0.200200 0.125700 0.198200 0.282600 0.059700 0.197400 0.200200 0.507500 0.196300 0.202700 0.629800 0.204000 0.125700 0.200200 0.297300 0.125700 0.204100 0.200200 0.629800 0.125700 0.629800 0.200200 0.000000 0.504600 0.200200 0.125700 0.198200 0.125700 0.281500 0.375800 0.285400 0.200200 0.125700 0.200200 0.200500 0.293000 0.371800 0.197400 0.399500 0.059700 0.196900 0.629800 0.446600
Pronghorn 0.390900 0.386100 1.183700 1.339500 0.390500 0.390900 0.386400 0.495900 1.039400 0.390900 0.295300 0.396900 0.288700 0.386400 0.388800 0.390900 0.502800 0.384600 0.401300 1.039400 0.390900 0.295300 0.390900 0.511000 0.295300 0.213100 0.390900 1.039400 0.295300 1.039400 0.390900 0.504600 0.000000 0.390900 0.295300 0.396900 0.295300 0.293600 0.381700 0.285100 0.390900 0.295300 0.390900 0.384100 0.540600 0.386300 0.388800 0.771300 0.386400 0.390500 1.039400 1.408900
BlueWildeb 0.000000 0.506200 0.407400 0.573700 0.124000 0.000000 0.124000 0.194200 0.303300 0.000000 0.059700 0.124400 0.058000 0.124000 0.124400 0.000000 0.289900 0.124100 0.059400 0.303300 0.125900 0.059700 0.000000 0.059200 0.059700 0.129500 0.000000 0.303300 0.059700 0.303300 0.000000 0.200200 0.390900 0.000000 0.059500 0.124400 0.059000 0.198400 0.277800 0.058900 0.000000 0.059700 0.000000 0.000200 0.125300 0.275300 0.124100 0.301900 0.124000 0.124000 0.303300 0.435600
Gemsbok 0.059700 0.388300 0.413000 0.782600 0.060000 0.059600 0.059500 0.124200 0.307800 0.059700 0.000000 0.059800 0.124100 0.059500 0.059800 0.059500 0.296500 0.060200 0.060400 0.307800 0.060300 0.000000 0.059700 0.125900 0.000000 0.062700 0.058100 0.307800 0.000000 0.307800 0.059700 0.125700 0.295300 0.059500 0.000000 0.060000 0.000000 0.127200 0.197900 0.125100 0.059700 0.000000 0.059700 0.059600 0.127600 0.196300 0.059800 0.215700 0.059500 0.058900 0.307800 0.437100
Yak 0.124400 0.511900 0.306300 0.573800 0.125800 0.124400 0.123900 0.196500 0.211900 0.124400 0.059000 0.000000 0.196900 0.123900 0.124600 0.124400 0.404100 0.126100 0.126500 0.211900 0.125600 0.060000 0.124400 0.198600 0.060000 0.131100 0.124400 0.211900 0.060000 0.211900 0.124400 0.198200 0.396900 0.124400 0.060000 0.000000 0.060000 0.202700 0.283000 0.198500 0.124400 0.060000 0.124400 0.124300 0.059900 0.280400 0.124600 0.310200 0.123900 0.125800 0.211900 0.310700
BlueSheep 0.059500 0.388300 0.413000 0.782600 0.060000 0.059700 0.059500 0.124200 0.307800 0.059700 0.000000 0.059200 0.124100 0.059000 0.059800 0.059700 0.296500 0.060200 0.060400 0.307800 0.060300 0.000000 0.059700 0.125900 0.000000 0.062700 0.059700 0.307800 0.000000 0.307800 0.059700 0.125700 0.295300 0.059000 0.000000 0.060000 0.000000 0.127200 0.197900 0.125100 0.059700 0.000000 0.059700 0.059600 0.127600 0.196300 0.059800 0.215700 0.059500 0.060000 0.307800 0.437100
BohorReedb 0.198400 0.395200 0.727700 0.806000 0.061600 0.198400 0.197400 0.127200 0.571700 0.198400 0.127200 0.202700 0.127100 0.197400 0.197600 0.198400 0.309500 0.203200 0.203200 0.571700 0.200200 0.127200 0.198400 0.282600 0.127200 0.208600 0.198400 0.571700 0.127200 0.571700 0.198400 0.281500 0.293600 0.198400 0.127200 0.202700 0.127200 0.000000 0.386600 0.286200 0.198400 0.127200 0.198400 0.197100 0.290400 0.062100 0.197600 0.416800 0.197400 0.202900 0.571700 0.798000
KirksDik 0.277800 0.798900 0.586000 1.630500 0.282400 0.277800 0.276400 0.195400 0.438100 0.277800 0.197900 0.283000 0.376800 0.276400 0.122900 0.277800 0.671100 0.281200 0.285400 0.438100 0.279900 0.197900 0.277800 0.378000 0.197900 0.293100 0.277800 0.438100 0.197900 0.438100 0.277800 0.375800 0.381700 0.277800 0.197900 0.283000 0.197900 0.386600 0.000000 0.195800 0.277800 0.197900 0.277800 0.278100 0.390900 0.280400 0.122900 0.309100 0.276400 0.126600 0.438100 0.635100
RoeDeer 0.058300 0.664300 0.554200 0.773500 0.197900 0.058400 0.196300 0.277800 0.424400 0.058400 0.125100 0.198500 0.122300 0.196300 0.196200 0.058400 0.397300 0.197800 0.124900 0.424400 0.199500 0.125100 0.058400 0.123800 0.125100 0.205900 0.058400 0.424400 0.125100 0.424400 0.058400 0.285400 0.285100 0.058900 0.125100 0.198500 0.125100 0.286200 0.195800 0.000000 0.058400 0.125100 0.058400 0.058300 0.199800 0.376800 0.196200 0.416800 0.196300 0.197900 0.424400 0.614000
WhiteLippe 0.000000 0.506200 0.407400 0.573700 0.124000 0.000000 0.124000 0.194200 0.303300 0.000000 0.059700 0.124400 0.058000 0.124000 0.124100 0.000000 0.289900 0.124100 0.058400 0.303300 0.125900 0.059700 0.000000 0.059200 0.058500 0.129500 0.000000 0.303300 0.059700 0.303300 0.000000 0.200200 0.390900 0.000000 0.059700 0.124400 0.059700 0.198400 0.277800 0.058400 0.000000 0.059700 0.000000 0.000200 0.125300 0.275300 0.124100 0.301900 0.124000 0.124000 0.303300 0.435600
ThomsonGaz 0.059700 0.388300 0.413000 0.782600 0.060000 0.059700 0.059500 0.124200 0.307800 0.058400 0.000000 0.060000 0.124100 0.059500 0.059800 0.059700 0.296500 0.060200 0.060400 0.307800 0.060300 0.000000 0.059700 0.125900 0.000000 0.062700 0.059700 0.307800 0.000000 0.307800 0.059700 0.125700 0.295300 0.059700 0.000000 0.060000 0.000000 0.127200 0.197900 0.125100 0.059700 0.000000 0.059000 0.059600 0.127600 0.196300 0.059100 0.215700 0.059500 0.060000 0.307800 0.437100
MuntiacusC 0.000000 0.506200 0.407400 0.573700 0.124000 0.000000 0.124000 0.194200 0.303300 0.000000 0.059700 0.124400 0.058000 0.124000 0.124100 0.000000 0.289900 0.124100 0.059400 0.303300 0.125900 0.059700 0.000000 0.059200 0.059700 0.129500 0.000000 0.303300 0.059700 0.303300 0.000000 0.200200 0.390900 0.000000 0.059700 0.124400 0.059700 0.198400 0.277800 0.058400 0.000000 0.059000 0.000000 0.000200 0.125300 0.275300 0.124100 0.301900 0.124000 0.124000 0.303300 0.435600
WhiteTaile 0.000200 0.508600 0.409400 0.578700 0.123800 0.000200 0.124000 0.194100 0.303500 0.000200 0.059600 0.124300 0.057800 0.124000 0.124100 0.000200 0.288900 0.124000 0.059300 0.303500 0.125900 0.059600 0.000200 0.059200 0.059600 0.129400 0.000200 0.303500 0.059600 0.303500 0.000200 0.200500 0.384100 0.000200 0.059600 0.124300 0.059600 0.197100 0.278100 0.058300 0.000200 0.059600 0.000200 0.000000 0.125200 0.274700 0.124100 0.301400 0.124000 0.123800 0.303500 0.438000
Cattle 0.125300 0.705500 0.303800 0.597400 0.201700 0.125300 0.200600 0.284700 0.211300 0.125300 0.127600 0.059900 0.198200 0.200600 0.201200 0.125300 0.397400 0.200800 0.125900 0.211300 0.204000 0.127600 0.125300 0.201600 0.127600 0.212000 0.125300 0.211300 0.127600 0.211300 0.125300 0.293000 0.540600 0.125300 0.127600 0.059900 0.127600 0.290400 0.390900 0.199800 0.125300 0.127600 0.125300 0.125200 0.000000 0.386800 0.201200 0.436000 0.200600 0.201700 0.211300 0.312700
RoyalAntel 0.275300 0.497800 0.931300 1.038400 0.125600 0.275300 0.273900 0.059100 0.768100 0.275300 0.196300 0.280400 0.195800 0.273900 0.122000 0.275300 0.413700 0.278700 0.283000 0.768100 0.277300 0.196300 0.275300 0.374000 0.196300 0.290300 0.275300 0.768100 0.196300 0.768100 0.275300 0.371800 0.386300 0.275300 0.196300 0.280400 0.196300 0.062100 0.280400 0.376800 0.275300 0.196300 0.275300 0.274700 0.386800 0.000000 0.122000 0.540400 0.273900 0.279800 0.768100 1.120300
Steenbok 0.124100 0.494200 0.537500 1.033700 0.124200 0.124100 0.123600 0.058800 0.418600 0.124100 0.059200 0.124600 0.194700 0.123600 0.000000 0.124100 0.389100 0.124200 0.126000 0.418600 0.125200 0.059800 0.124100 0.198100 0.059900 0.130100 0.124100 0.418600 0.059800 0.418600 0.124100 0.197400 0.388800 0.124100 0.059800 0.124600 0.059800 0.197600 0.122900 0.196200 0.124100 0.059100 0.124100 0.124100 0.201200 0.122000 0.000000 0.301900 0.123600 0.124200 0.418600 0.595900
Impala 0.301900 0.946200 0.635200 1.856600 0.307700 0.301900 0.297600 0.406300 0.478200 0.301900 0.215700 0.310200 0.411500 0.297600 0.301900 0.301900 0.763500 0.304000 0.311700 0.478200 0.301300 0.215700 0.301900 0.405700 0.215700 0.332100 0.301900 0.478200 0.215700 0.478200 0.301900 0.399500 0.771300 0.301900 0.215700 0.310200 0.215700 0.416800 0.309100 0.416800 0.301900 0.215700 0.301900 0.301400 0.436000 0.540400 0.301900 0.000000 0.297600 0.135200 0.478200 0.693700
Klipspring 0.124000 0.499000 0.547700 1.150700 0.123500 0.124000 0.000000 0.193400 0.425100 0.124000 0.059500 0.123900 0.194700 0.000000 0.123600 0.124000 0.387500 0.123600 0.125500 0.425100 0.125700 0.059500 0.124000 0.200200 0.059500 0.128600 0.124000 0.425100 0.059500 0.425100 0.124000 0.059700 0.386400 0.124000 0.059500 0.123900 0.059500 0.197400 0.276400 0.196300 0.124000 0.059500 0.124000 0.124000 0.200600 0.273900 0.123600 0.297600 0.000000 0.123500 0.425100 0.629800
ForestMusk 0.124000 0.501000 0.314100 1.002300 0.125700 0.124000 0.123500 0.196000 0.215300 0.124000 0.060000 0.125800 0.196300 0.123500 0.124200 0.124000 0.401600 0.126100 0.126200 0.215300 0.125200 0.060000 0.124000 0.197400 0.060000 0.130600 0.124000 0.215300 0.060000 0.215300 0.124000 0.196900 0.390500 0.124000 0.058900 0.125800 0.060000 0.202900 0.126600 0.197900 0.124000 0.060000 0.124000 0.123800 0.201700 0.279800 0.124200 0.135200 0.123500 0.000000 0.215300 0.318100
Bushbuck 0.303300 1.003000 0.062500 0.883000 0.423200 0.303300 0.425100 0.561600 0.000000 0.303300 0.307800 0.211900 0.419400 0.425100 0.418600 0.303300 0.565900 0.413000 0.210700 0.000000 0.303300 0.307800 0.303300 0.299700 0.307800 0.447700 0.303300 0.000000 0.307800 0.000000 0.303300 0.629800 1.039400 0.303300 0.307800 0.211900 0.307800 0.571700 0.438100 0.424400 0.303300 0.307800 0.303300 0.303500 0.211300 0.768100 0.418600 0.478200 0.425100 0.215300 0.000000 0.061100
GreaterKud 0.435600 1.387200 0.133900 0.891700 0.593800 0.435600 0.629800 0.806300 0.061300 0.435600 0.437100 0.310700 0.603000 0.629800 0.595900 0.435600 0.748600 0.563400 0.311400 0.061300 0.435600 0.437100 0.435600 0.435100 0.437100 0.636700 0.435600 0.061300 0.437100 0.061200 0.435600 0.446600 1.408900 0.435600 0.437100 0.310700 0.437100 0.798000 0.635100 0.614000 0.435600 0.437100 0.435600 0.438000 0.312700 1.120300 0.595900 0.693700 0.629800 0.318100 0.061100 0.000000
