1
52 1
Argali 0.000000 0.247000 0.103600 0.215800 0.118200 0.000100 0.064900 0.092300 0.103200 0.140900 0.050900 0.113200 0.064100 0.077900 0.148900 0.075600 0.114500 0.142700 0.051600 0.103200 0.089200 0.062700 0.133400 0.116300 0.024800 0.074600 0.064100 0.102700 0.088600 0.103200 0.141400 0.065600 0.218100 0.064400 0.063600 0.113300 0.049800 0.078400 0.075900 0.155000 0.129000 0.086600 0.141900 0.130200 0.126300 0.121600 0.075500 0.120300 0.148200 0.137900 0.102400 0.111600
LesserMous 0.247000 0.000000 0.209800 0.190000 0.210800 0.229100 0.221800 0.299500 0.208800 0.262600 0.181700 0.248000 0.212600 0.236500 0.287900 0.243800 0.241000 0.276300 0.221300 0.208800 0.246900 0.198200 0.252200 0.243700 0.198600 0.274300 0.212600 0.223600 0.255000 0.209700 0.257700 0.222300 0.291800 0.213600 0.213900 0.215800 0.206500 0.237300 0.246000 0.272800 0.209900 0.287800 0.258300 0.260200 0.198800 0.314300 0.243800 0.230400 0.255200 0.250000 0.207300 0.206700
LesserKudu 0.103600 0.209800 0.000000 0.160900 0.115100 0.102600 0.064200 0.114400 0.000000 0.103700 0.064500 0.060300 0.063200 0.077100 0.084700 0.073000 0.039600 0.080200 0.076400 0.000000 0.088600 0.089200 0.085700 0.083400 0.076400 0.098900 0.063200 0.000100 0.086200 0.000200 0.103200 0.060600 0.142200 0.063500 0.063100 0.058400 0.089200 0.091100 0.075500 0.136100 0.083300 0.111200 0.104200 0.096600 0.070800 0.121000 0.075000 0.091200 0.145800 0.117600 0.000100 0.012000
KillerWhal 0.215800 0.190000 0.160900 0.000000 0.134000 0.214100 0.171200 0.220900 0.159800 0.184800 0.170600 0.165700 0.167500 0.185700 0.190500 0.147600 0.139100 0.182500 0.186400 0.159800 0.180200 0.198900 0.190100 0.184000 0.183800 0.176200 0.167500 0.159300 0.162600 0.160400 0.184800 0.163900 0.207300 0.168800 0.163700 0.107700 0.197800 0.201400 0.180100 0.210300 0.152900 0.189900 0.185400 0.199100 0.093200 0.240700 0.180200 0.174200 0.191900 0.200000 0.158900 0.143700
DefassaWat 0.118200 0.210800 0.115100 0.134000 0.000000 0.117200 0.078400 0.120700 0.114800 0.116600 0.089900 0.126500 0.077500 0.091400 0.134000 0.062600 0.101000 0.141900 0.092300 0.114800 0.102900 0.103700 0.133500 0.129700 0.090600 0.088000 0.077500 0.114500 0.075200 0.115000 0.117300 0.079000 0.203000 0.077700 0.075500 0.073800 0.103900 0.078000 0.089400 0.184300 0.101700 0.100000 0.117400 0.143700 0.060700 0.136300 0.088800 0.133700 0.133300 0.150000 0.114100 0.094400
Sheep 0.000100 0.229100 0.102600 0.214100 0.117200 0.000000 0.064300 0.091600 0.102200 0.140100 0.050500 0.112100 0.063500 0.077200 0.147800 0.074900 0.113800 0.141700 0.051200 0.102200 0.088500 0.062200 0.132200 0.115300 0.024600 0.074000 0.063500 0.101900 0.087900 0.102300 0.140600 0.064800 0.216300 0.063800 0.063100 0.112300 0.036900 0.077800 0.075300 0.153400 0.127800 0.085900 0.141200 0.129000 0.125100 0.120800 0.074900 0.119500 0.146700 0.136700 0.101400 0.110600
MaxwellsDu 0.064900 0.221800 0.064200 0.171200 0.078400 0.064300 0.000000 0.080200 0.063900 0.101100 0.039100 0.074900 0.025500 0.012600 0.107800 0.037600 0.076000 0.116400 0.038400 0.063900 0.050700 0.051300 0.093000 0.090300 0.038400 0.062900 0.025500 0.063800 0.050400 0.064100 0.101200 0.000100 0.177900 0.025600 0.025300 0.075000 0.051300 0.052300 0.037800 0.143600 0.089700 0.075100 0.101800 0.103900 0.087700 0.080900 0.037600 0.080000 0.092500 0.126000 0.063500 0.071600
GazellaPrz 0.092300 0.299500 0.114400 0.220900 0.120700 0.091600 0.080200 0.000000 0.114200 0.142300 0.080600 0.129000 0.079000 0.093500 0.152500 0.050900 0.117200 0.160200 0.093700 0.114200 0.077700 0.106100 0.151100 0.146800 0.092700 0.050200 0.079000 0.114200 0.063900 0.114500 0.142400 0.081100 0.208400 0.079300 0.078600 0.115600 0.119500 0.094300 0.064200 0.172500 0.145900 0.062500 0.142900 0.161300 0.128800 0.138800 0.063900 0.137300 0.166400 0.164600 0.113600 0.122400
MountainNy 0.103200 0.208800 0.000000 0.159800 0.114800 0.102200 0.063900 0.114200 0.000000 0.102800 0.064300 0.060000 0.063000 0.076800 0.084800 0.072900 0.039000 0.079600 0.076300 0.000000 0.088300 0.088900 0.085200 0.082900 0.076100 0.098600 0.063000 0.000100 0.086000 0.000100 0.102300 0.060600 0.142000 0.063200 0.062900 0.058400 0.088900 0.090900 0.075200 0.135600 0.082700 0.110800 0.103300 0.096100 0.070800 0.120600 0.074700 0.090800 0.145200 0.117800 0.000000 0.012000
MuntiacusM 0.140900 0.262600 0.103700 0.184800 0.116600 0.140100 0.101100 0.142300 0.102800 0.000000 0.114400 0.108000 0.099400 0.114300 0.128000 0.084700 0.082300 0.122900 0.113900 0.102800 0.126800 0.126700 0.074900 0.072900 0.113000 0.111100 0.099400 0.102400 0.070400 0.103400 0.000000 0.098500 0.201700 0.100100 0.089000 0.081500 0.126200 0.128300 0.112700 0.122700 0.072600 0.123500 0.000100 0.060300 0.085400 0.128100 0.110400 0.118500 0.171000 0.122000 0.102700 0.107900
goat 0.050900 0.181700 0.064500 0.170600 0.089900 0.050500 0.039100 0.080600 0.064300 0.114400 0.000000 0.086200 0.035800 0.052100 0.122300 0.050500 0.089200 0.130300 0.026000 0.064300 0.063800 0.037700 0.107000 0.103900 0.025100 0.076000 0.035800 0.064100 0.050600 0.064400 0.111400 0.039400 0.192000 0.035200 0.038300 0.086800 0.035100 0.066000 0.050700 0.157700 0.103300 0.088200 0.112300 0.117700 0.099700 0.095000 0.050500 0.090400 0.121300 0.139600 0.063800 0.071300
AfricanBuf 0.113200 0.248000 0.060300 0.165700 0.126500 0.112100 0.074900 0.129000 0.060000 0.108000 0.086200 0.000000 0.074000 0.087500 0.128300 0.085000 0.047100 0.084100 0.088100 0.060000 0.098300 0.099200 0.087300 0.085000 0.086600 0.109800 0.074000 0.059900 0.097400 0.060200 0.108900 0.073900 0.167900 0.074300 0.073600 0.046700 0.099400 0.101200 0.085500 0.135200 0.084500 0.121500 0.109500 0.097800 0.058400 0.130400 0.085000 0.101500 0.155000 0.118900 0.059600 0.072400
Topi 0.064100 0.212600 0.063200 0.167500 0.077500 0.063500 0.025500 0.079000 0.063000 0.099400 0.035800 0.074000 0.000000 0.038300 0.106500 0.037200 0.075100 0.115100 0.037500 0.063000 0.050200 0.050600 0.091800 0.089200 0.037900 0.062200 0.000000 0.062800 0.049700 0.063100 0.100400 0.025700 0.175800 0.000000 0.025100 0.073900 0.050700 0.051700 0.037400 0.141900 0.088700 0.074200 0.101100 0.102700 0.086500 0.080000 0.037200 0.079000 0.105600 0.124600 0.062600 0.070000
CommonDuik 0.077900 0.236500 0.077100 0.185700 0.091400 0.077200 0.012600 0.093500 0.076800 0.114300 0.052100 0.087500 0.038300 0.000000 0.119400 0.050100 0.088700 0.129600 0.051500 0.076800 0.063400 0.064100 0.106400 0.103300 0.051200 0.075400 0.038300 0.076600 0.063000 0.076900 0.114500 0.012700 0.191200 0.038400 0.038000 0.087600 0.038000 0.065400 0.050400 0.157000 0.102700 0.087600 0.115000 0.117200 0.100400 0.094400 0.050100 0.093400 0.105700 0.138800 0.076200 0.085300
Suni 0.148900 0.287900 0.084700 0.190500 0.134000 0.147800 0.107800 0.152500 0.084800 0.128000 0.122300 0.128300 0.106500 0.119400 0.000000 0.090000 0.071900 0.116000 0.122900 0.084800 0.127700 0.105600 0.150200 0.145900 0.120200 0.102900 0.106500 0.085300 0.103400 0.085300 0.128400 0.107500 0.206600 0.106800 0.105700 0.101100 0.148100 0.136500 0.118200 0.201900 0.145100 0.115300 0.128900 0.160500 0.114000 0.169100 0.117400 0.106400 0.195800 0.125600 0.084700 0.098800
Springbuck 0.075600 0.243800 0.073000 0.147600 0.062600 0.074900 0.037600 0.050900 0.072900 0.084700 0.050500 0.085000 0.037200 0.050100 0.090000 0.000000 0.060600 0.099200 0.049800 0.072900 0.036400 0.062300 0.103400 0.100500 0.049700 0.023700 0.037200 0.073000 0.011900 0.073200 0.084900 0.038000 0.185900 0.037300 0.036900 0.060000 0.075000 0.063500 0.024100 0.152700 0.100000 0.035300 0.085300 0.113900 0.072200 0.091300 0.024000 0.090400 0.116500 0.108700 0.072600 0.080500
Okapi 0.114500 0.241000 0.039600 0.139100 0.101000 0.113800 0.076000 0.117200 0.039000 0.082300 0.089200 0.047100 0.075100 0.088700 0.071900 0.060600 0.000000 0.035500 0.088800 0.039000 0.099700 0.100700 0.088400 0.086100 0.087900 0.085300 0.075100 0.040100 0.073100 0.040900 0.082400 0.074100 0.144300 0.075400 0.074600 0.047100 0.113800 0.102400 0.086500 0.137100 0.085700 0.097100 0.082900 0.099100 0.059000 0.131800 0.086100 0.102600 0.169200 0.070400 0.039300 0.053200
Giraffe 0.142700 0.276300 0.080200 0.182500 0.141900 0.141700 0.116400 0.160200 0.079600 0.122900 0.130300 0.084100 0.115100 0.129600 0.116000 0.099200 0.035500 0.000000 0.130500 0.079600 0.140300 0.141700 0.129200 0.099100 0.128300 0.124700 0.115100 0.079400 0.112200 0.080900 0.123300 0.115200 0.183200 0.115500 0.114300 0.084100 0.141800 0.143900 0.126400 0.178500 0.125000 0.136700 0.123800 0.112300 0.096400 0.175700 0.125900 0.144300 0.201000 0.107800 0.079500 0.092500
TibetanAnt 0.051600 0.221300 0.076400 0.186400 0.092300 0.051200 0.038400 0.093700 0.076300 0.113900 0.026000 0.088100 0.037500 0.051500 0.122900 0.049800 0.088800 0.130500 0.000000 0.076300 0.063300 0.038300 0.106900 0.103700 0.025500 0.076000 0.037500 0.076300 0.062900 0.076600 0.114100 0.038500 0.193100 0.037300 0.036400 0.088400 0.051200 0.065500 0.049800 0.158600 0.103300 0.088400 0.114800 0.117600 0.101500 0.094600 0.050100 0.093700 0.122000 0.140300 0.075900 0.084400
Sitatunga 0.103200 0.208800 0.000000 0.159800 0.114800 0.102200 0.063900 0.114200 0.000000 0.102800 0.064300 0.060000 0.063000 0.076800 0.084800 0.072900 0.039000 0.079600 0.076300 0.000000 0.088300 0.088900 0.085200 0.082900 0.076100 0.098600 0.063000 0.000100 0.086000 0.000100 0.102300 0.060600 0.142000 0.063200 0.062900 0.058400 0.088900 0.090900 0.075200 0.135600 0.082700 0.110800 0.103300 0.096100 0.070800 0.120600 0.074700 0.090800 0.145200 0.117800 0.000000 0.012000
Oribi 0.089200 0.246900 0.088600 0.180200 0.102900 0.088500 0.050700 0.077700 0.088300 0.126800 0.063800 0.098300 0.050200 0.063400 0.127700 0.036400 0.099700 0.140300 0.063300 0.088300 0.000000 0.075600 0.117700 0.114400 0.062800 0.061000 0.050200 0.088000 0.048800 0.088500 0.127200 0.051300 0.145400 0.050300 0.049800 0.098500 0.088500 0.077200 0.036600 0.139200 0.113700 0.072800 0.127700 0.128100 0.111300 0.106000 0.012000 0.097800 0.076000 0.096000 0.087700 0.096000
BarbaryShe 0.062700 0.198200 0.089200 0.198900 0.103700 0.062200 0.051300 0.106100 0.088900 0.126700 0.037700 0.099200 0.050600 0.064100 0.105600 0.062300 0.100700 0.141700 0.038300 0.088900 0.075600 0.000000 0.118500 0.115200 0.037000 0.074800 0.050600 0.088700 0.074900 0.089000 0.126800 0.051700 0.174300 0.050800 0.050300 0.099300 0.049600 0.078000 0.062600 0.168600 0.114600 0.086800 0.127400 0.129000 0.112000 0.107000 0.062300 0.105800 0.132900 0.150400 0.088200 0.097200
Daviddeer 0.133400 0.252200 0.085700 0.190100 0.133500 0.132200 0.093000 0.151100 0.085200 0.074900 0.107000 0.087300 0.091800 0.106400 0.150200 0.103400 0.088400 0.129200 0.106900 0.085200 0.117700 0.118500 0.000000 0.024100 0.105100 0.129800 0.091800 0.085000 0.089600 0.085600 0.075300 0.091400 0.148700 0.092100 0.089200 0.087400 0.118800 0.120700 0.103900 0.072900 0.024000 0.142200 0.075400 0.036400 0.087100 0.121100 0.102900 0.119500 0.164300 0.164500 0.085000 0.084800
Reindeer 0.116300 0.243700 0.083400 0.184000 0.129700 0.115300 0.090300 0.146800 0.082900 0.072900 0.103900 0.085000 0.089200 0.103300 0.145900 0.100500 0.086100 0.099100 0.103700 0.082900 0.114400 0.115200 0.024100 0.000000 0.102200 0.126200 0.089200 0.082700 0.087200 0.083200 0.073300 0.088700 0.144900 0.089500 0.086600 0.085100 0.115500 0.117300 0.101000 0.071000 0.023400 0.138300 0.073400 0.011700 0.084800 0.147900 0.100100 0.115900 0.159200 0.160100 0.082600 0.082500
Ibex 0.024800 0.198600 0.076400 0.183800 0.090600 0.024600 0.038400 0.092700 0.076100 0.113000 0.025100 0.086600 0.037900 0.051200 0.120200 0.049700 0.087900 0.128300 0.025500 0.076100 0.062800 0.037000 0.105100 0.102200 0.000000 0.074700 0.037900 0.075900 0.062400 0.076200 0.113200 0.038700 0.189000 0.038100 0.037700 0.086800 0.012200 0.064800 0.049900 0.155200 0.101600 0.086800 0.113800 0.115800 0.099400 0.093500 0.049700 0.092500 0.119300 0.111100 0.075600 0.084000
GyrantGaze 0.074600 0.274300 0.098900 0.176200 0.088000 0.074000 0.062900 0.050200 0.098600 0.111100 0.076000 0.109800 0.062200 0.075400 0.102900 0.023700 0.085300 0.124700 0.076000 0.098600 0.061000 0.074800 0.129800 0.126200 0.074700 0.000000 0.062200 0.098400 0.035800 0.098900 0.111400 0.063500 0.212100 0.062400 0.061700 0.084300 0.100300 0.076100 0.048400 0.150700 0.125500 0.011700 0.111900 0.139800 0.096700 0.117900 0.048200 0.116600 0.142900 0.133500 0.098000 0.107100
Hartebeest 0.064100 0.212600 0.063200 0.167500 0.077500 0.063500 0.025500 0.079000 0.063000 0.099400 0.035800 0.074000 0.000000 0.038300 0.106500 0.037200 0.075100 0.115100 0.037500 0.063000 0.050200 0.050600 0.091800 0.089200 0.037900 0.062200 0.000000 0.062800 0.049700 0.063100 0.100400 0.025700 0.175800 0.000000 0.025100 0.073900 0.050700 0.051700 0.037400 0.141900 0.088700 0.074200 0.101100 0.102700 0.086500 0.080000 0.037200 0.079000 0.105600 0.124600 0.062600 0.070000
Bongo 0.102700 0.223600 0.000100 0.159300 0.114500 0.101900 0.063800 0.114200 0.000100 0.102400 0.064100 0.059900 0.062800 0.076600 0.085300 0.073000 0.040100 0.079400 0.076300 0.000100 0.088000 0.088700 0.085000 0.082700 0.075900 0.098400 0.062800 0.000000 0.086000 0.000100 0.102000 0.060900 0.142000 0.063100 0.062800 0.058300 0.101600 0.090600 0.074900 0.135200 0.082500 0.110600 0.103000 0.095800 0.070600 0.120100 0.074400 0.090500 0.144600 0.117400 0.000000 0.012000
Gerenuk 0.088600 0.255000 0.086200 0.162600 0.075200 0.087900 0.050400 0.063900 0.086000 0.070400 0.050600 0.097400 0.049700 0.063000 0.103400 0.011900 0.073100 0.112200 0.062900 0.086000 0.048800 0.074900 0.089600 0.087200 0.062400 0.035800 0.049700 0.086000 0.000000 0.086300 0.070200 0.050900 0.199200 0.049800 0.049500 0.072100 0.087600 0.076600 0.036400 0.138600 0.086700 0.047500 0.070700 0.100300 0.084400 0.104800 0.036200 0.103500 0.130200 0.121400 0.085600 0.094100
CommonElan 0.103200 0.209700 0.000200 0.160400 0.115000 0.102300 0.064100 0.114500 0.000100 0.103400 0.064400 0.060200 0.063100 0.076900 0.085300 0.073200 0.040900 0.080900 0.076600 0.000100 0.088500 0.089000 0.085600 0.083200 0.076200 0.098900 0.063100 0.000100 0.086300 0.000000 0.102900 0.061100 0.142500 0.063400 0.063000 0.058700 0.089100 0.090900 0.075300 0.136000 0.083100 0.111100 0.104000 0.096400 0.071000 0.120700 0.074800 0.090900 0.145600 0.118200 0.000100 0.012000
MuntiacusR 0.141400 0.257700 0.103200 0.184800 0.117300 0.140600 0.101200 0.142400 0.102300 0.000000 0.111400 0.108900 0.100400 0.114500 0.128400 0.084900 0.082400 0.123300 0.114100 0.102300 0.127200 0.126800 0.075300 0.073300 0.113200 0.111400 0.100400 0.102000 0.070200 0.102900 0.000000 0.098200 0.202500 0.101200 0.089500 0.082400 0.127300 0.128700 0.113000 0.123300 0.072900 0.123900 0.000000 0.060600 0.085800 0.128600 0.110700 0.119200 0.171700 0.122700 0.102200 0.107700
HarveysDui 0.065600 0.222300 0.060600 0.163900 0.079000 0.064800 0.000100 0.081100 0.060600 0.098500 0.039400 0.073900 0.025700 0.012700 0.107500 0.038000 0.074100 0.115200 0.038500 0.060600 0.051300 0.051700 0.091400 0.088700 0.038700 0.063500 0.025700 0.060900 0.050900 0.061100 0.098200 0.000000 0.178700 0.025800 0.025600 0.074400 0.051700 0.052800 0.038200 0.143200 0.088400 0.075900 0.099200 0.102200 0.087400 0.081800 0.038000 0.077800 0.093500 0.125800 0.060500 0.064500
Pronghorn 0.218100 0.291800 0.142200 0.207300 0.203000 0.216300 0.177900 0.208400 0.142000 0.201700 0.192000 0.167900 0.175800 0.191200 0.206600 0.185900 0.144300 0.183200 0.193100 0.142000 0.145400 0.174300 0.148700 0.144900 0.189000 0.212100 0.175800 0.142000 0.199200 0.142500 0.202500 0.178700 0.000000 0.176300 0.173700 0.168100 0.216000 0.206600 0.186900 0.168700 0.144100 0.224100 0.202700 0.158400 0.154200 0.240300 0.157900 0.205000 0.201600 0.164100 0.141300 0.128300
BlueWildeb 0.064400 0.213600 0.063500 0.168800 0.077700 0.063800 0.025600 0.079300 0.063200 0.100100 0.035200 0.074300 0.000000 0.038400 0.106800 0.037300 0.075400 0.115500 0.037300 0.063200 0.050300 0.050800 0.092100 0.089500 0.038100 0.062400 0.000000 0.063100 0.049800 0.063400 0.101200 0.025800 0.176300 0.000000 0.025100 0.074400 0.050900 0.051800 0.037500 0.142200 0.089000 0.074500 0.101900 0.103000 0.087000 0.080200 0.037300 0.079300 0.106000 0.125000 0.062800 0.069900
Gemsbok 0.063600 0.213900 0.063100 0.163700 0.075500 0.063100 0.025300 0.078600 0.062900 0.089000 0.038300 0.073600 0.025100 0.038000 0.105700 0.036900 0.074600 0.114300 0.036400 0.062900 0.049800 0.050300 0.089200 0.086600 0.037700 0.061700 0.025100 0.062800 0.049500 0.063000 0.089500 0.025600 0.173700 0.025100 0.000000 0.073700 0.050400 0.051300 0.037100 0.139200 0.086300 0.073700 0.089600 0.099800 0.085300 0.079200 0.037000 0.078400 0.105000 0.123800 0.062500 0.066900
Yak 0.113300 0.215800 0.058400 0.107700 0.073800 0.112300 0.075000 0.115600 0.058400 0.081500 0.086800 0.046700 0.073900 0.087600 0.101100 0.060000 0.047100 0.084100 0.088400 0.058400 0.098500 0.099300 0.087400 0.085100 0.086800 0.084300 0.073900 0.058300 0.072100 0.058700 0.082400 0.074400 0.168100 0.074400 0.073700 0.000000 0.099600 0.101400 0.085600 0.135400 0.059600 0.095900 0.083000 0.098000 0.011400 0.130400 0.085200 0.101700 0.127500 0.118900 0.058200 0.070800
BlueSheep 0.049800 0.206500 0.089200 0.197800 0.103900 0.036900 0.051300 0.119500 0.088900 0.126200 0.035100 0.099400 0.050700 0.038000 0.148100 0.075000 0.113800 0.141800 0.051200 0.088900 0.088500 0.049600 0.118800 0.115500 0.012200 0.100300 0.050700 0.101600 0.087600 0.089100 0.127300 0.051700 0.216000 0.050900 0.050400 0.099600 0.000000 0.078000 0.075300 0.169100 0.114800 0.112300 0.127800 0.129300 0.112300 0.120900 0.075000 0.119800 0.146800 0.124000 0.088300 0.110500
BohorReedb 0.078400 0.237300 0.091100 0.201400 0.078000 0.077800 0.052300 0.094300 0.090900 0.128300 0.066000 0.101200 0.051700 0.065400 0.136500 0.063500 0.102400 0.143900 0.065500 0.090900 0.077200 0.078000 0.120700 0.117300 0.064800 0.076100 0.051700 0.090600 0.076600 0.090900 0.128700 0.052800 0.206600 0.051800 0.051300 0.101400 0.078000 0.000000 0.063800 0.159100 0.116700 0.088400 0.129300 0.131300 0.114400 0.109100 0.063500 0.107900 0.135800 0.153300 0.090200 0.098800
KirksDik 0.075900 0.246000 0.075500 0.180100 0.089400 0.075300 0.037800 0.064200 0.075200 0.112700 0.050700 0.085500 0.037400 0.050400 0.118200 0.024100 0.086500 0.126400 0.049800 0.075200 0.036600 0.062600 0.103900 0.101000 0.049900 0.048400 0.037400 0.074900 0.036400 0.075300 0.113000 0.038200 0.186900 0.037500 0.037100 0.085600 0.075300 0.063800 0.000000 0.153600 0.100500 0.060300 0.113500 0.114500 0.098200 0.091900 0.024100 0.090700 0.117300 0.135500 0.074700 0.082500
RoeDeer 0.155000 0.272800 0.136100 0.210300 0.184300 0.153400 0.143600 0.172500 0.135600 0.122700 0.157700 0.135200 0.141900 0.157000 0.201900 0.152700 0.137100 0.178500 0.158600 0.135600 0.139200 0.168600 0.072900 0.071000 0.155200 0.150700 0.141900 0.135200 0.138600 0.136000 0.123300 0.143200 0.168700 0.142200 0.139200 0.135400 0.169100 0.159100 0.153600 0.000000 0.070600 0.162700 0.123400 0.083500 0.134900 0.205200 0.124500 0.142100 0.184700 0.184600 0.134800 0.135200
WhiteLippe 0.129000 0.209900 0.083300 0.152900 0.101700 0.127800 0.089700 0.145900 0.082700 0.072600 0.103300 0.084500 0.088700 0.102700 0.145100 0.100000 0.085700 0.125000 0.103300 0.082700 0.113700 0.114600 0.024000 0.023400 0.101600 0.125500 0.088700 0.082500 0.086700 0.083100 0.072900 0.088400 0.144100 0.089000 0.086300 0.059600 0.114800 0.116700 0.100500 0.070600 0.000000 0.137500 0.073000 0.035300 0.059400 0.147100 0.099600 0.115400 0.129700 0.159400 0.082500 0.082300
ThomsonGaz 0.086600 0.287800 0.111200 0.189900 0.100000 0.085900 0.075100 0.062500 0.110800 0.123500 0.088200 0.121500 0.074200 0.087600 0.115300 0.035300 0.097100 0.136700 0.088400 0.110800 0.072800 0.086800 0.142200 0.138300 0.086800 0.011700 0.074200 0.110600 0.047500 0.111100 0.123900 0.075900 0.224100 0.074500 0.073700 0.095900 0.112300 0.088400 0.060300 0.162700 0.137500 0.000000 0.124300 0.152000 0.108300 0.130400 0.060000 0.129000 0.155200 0.145100 0.110200 0.119600
MuntiacusC 0.141900 0.258300 0.104200 0.185400 0.117400 0.141200 0.101800 0.142900 0.103300 0.000100 0.112300 0.109500 0.101100 0.115000 0.128900 0.085300 0.082900 0.123800 0.114800 0.103300 0.127700 0.127400 0.075400 0.073400 0.113800 0.111900 0.101100 0.103000 0.070700 0.104000 0.000000 0.099200 0.202700 0.101900 0.089600 0.083000 0.127800 0.129300 0.113500 0.123400 0.073000 0.124300 0.000000 0.060700 0.085900 0.129100 0.111200 0.119300 0.172200 0.122800 0.103200 0.108400
WhiteTaile 0.130200 0.260200 0.096600 0.199100 0.143700 0.129000 0.103900 0.161300 0.096100 0.060300 0.117700 0.097800 0.102700 0.117200 0.160500 0.113900 0.099100 0.112300 0.117600 0.096100 0.128100 0.129000 0.036400 0.011700 0.115800 0.139800 0.102700 0.095800 0.100300 0.096400 0.060600 0.102200 0.158400 0.103000 0.099800 0.098000 0.129300 0.131300 0.114500 0.083500 0.035300 0.152000 0.060700 0.000000 0.097600 0.133200 0.113500 0.130100 0.174000 0.173700 0.095700 0.095600
Cattle 0.126300 0.198800 0.070800 0.093200 0.060700 0.125100 0.087700 0.128800 0.070800 0.085400 0.099700 0.058400 0.086500 0.100400 0.114000 0.072200 0.059000 0.096400 0.101500 0.070800 0.111300 0.112000 0.087100 0.084800 0.099400 0.096700 0.086500 0.070600 0.084400 0.071000 0.085800 0.087400 0.154200 0.087000 0.085300 0.011400 0.112300 0.114400 0.098200 0.134900 0.059400 0.108300 0.085900 0.097600 0.000000 0.143900 0.097600 0.113700 0.140600 0.130500 0.070500 0.057500
RoyalAntel 0.121600 0.314300 0.121000 0.240700 0.136300 0.120800 0.080900 0.138800 0.120600 0.128100 0.095000 0.130400 0.080000 0.094400 0.169100 0.091300 0.131800 0.175700 0.094600 0.120600 0.106000 0.107000 0.121100 0.147900 0.093500 0.117900 0.080000 0.120100 0.104800 0.120700 0.128600 0.081800 0.240300 0.080200 0.079200 0.130400 0.120900 0.109100 0.091900 0.205200 0.147100 0.130400 0.129100 0.133200 0.143900 0.000000 0.091400 0.139000 0.168600 0.184800 0.119800 0.129000
Steenbok 0.075500 0.243800 0.075000 0.180200 0.088800 0.074900 0.037600 0.063900 0.074700 0.110400 0.050500 0.085000 0.037200 0.050100 0.117400 0.024000 0.086100 0.125900 0.050100 0.074700 0.012000 0.062300 0.102900 0.100100 0.049700 0.048200 0.037200 0.074400 0.036200 0.074800 0.110700 0.038000 0.157900 0.037300 0.037000 0.085200 0.075000 0.063500 0.024100 0.124500 0.099600 0.060000 0.111200 0.113500 0.097600 0.091400 0.000000 0.090300 0.089100 0.108600 0.074100 0.082600
Impala 0.120300 0.230400 0.091200 0.174200 0.133700 0.119500 0.080000 0.137300 0.090800 0.118500 0.090400 0.101500 0.079000 0.093400 0.106400 0.090400 0.102600 0.144300 0.093700 0.090800 0.097800 0.105800 0.119500 0.115900 0.092500 0.116600 0.079000 0.090500 0.103500 0.090900 0.119200 0.077800 0.205000 0.079300 0.078400 0.101700 0.119800 0.107900 0.090700 0.142100 0.115400 0.129000 0.119300 0.130100 0.113700 0.139000 0.090300 0.000000 0.165800 0.126200 0.090200 0.102500
Klipspring 0.148200 0.255200 0.145800 0.191900 0.133300 0.146700 0.092500 0.166400 0.145200 0.171000 0.121300 0.155000 0.105600 0.105700 0.195800 0.116500 0.169200 0.201000 0.122000 0.145200 0.076000 0.132900 0.164300 0.159200 0.119300 0.142900 0.105600 0.144600 0.130200 0.145600 0.171700 0.093500 0.201600 0.106000 0.105000 0.127500 0.146800 0.135800 0.117300 0.184700 0.129700 0.155200 0.172200 0.174000 0.140600 0.168600 0.089100 0.165800 0.000000 0.151500 0.144100 0.154600
ForestMusk 0.137900 0.250000 0.117600 0.200000 0.150000 0.136700 0.126000 0.164600 0.117800 0.122000 0.139600 0.118900 0.124600 0.138800 0.125600 0.108700 0.070400 0.107800 0.140300 0.117800 0.096000 0.150400 0.164500 0.160100 0.111100 0.133500 0.124600 0.117400 0.121400 0.118200 0.122700 0.125800 0.164100 0.125000 0.123800 0.118900 0.124000 0.153300 0.135500 0.184600 0.159400 0.145100 0.122800 0.173700 0.130500 0.184800 0.108600 0.126200 0.151500 0.000000 0.117300 0.128900
Bushbuck 0.102400 0.207300 0.000100 0.158900 0.114100 0.101400 0.063500 0.113600 0.000000 0.102700 0.063800 0.059600 0.062600 0.076200 0.084700 0.072600 0.039300 0.079500 0.075900 0.000000 0.087700 0.088200 0.085000 0.082600 0.075600 0.098000 0.062600 0.000000 0.085600 0.000100 0.102200 0.060500 0.141300 0.062800 0.062500 0.058200 0.088300 0.090200 0.074700 0.134800 0.082500 0.110200 0.103200 0.095700 0.070500 0.119800 0.074100 0.090200 0.144100 0.117300 0.000000 0.011900
GreaterKud 0.111600 0.206700 0.012000 0.143700 0.094400 0.110600 0.071600 0.122400 0.012000 0.107900 0.071300 0.072400 0.070000 0.085300 0.098800 0.080500 0.053200 0.092500 0.084400 0.012000 0.096000 0.097200 0.084800 0.082500 0.084000 0.107100 0.070000 0.012000 0.094100 0.012000 0.107700 0.064500 0.128300 0.069900 0.066900 0.070800 0.110500 0.098800 0.082500 0.135200 0.082300 0.119600 0.108400 0.095600 0.057500 0.129000 0.082600 0.102500 0.154600 0.128900 0.011900 0.000000
