1
52 1
Argali 0.000000 0.293700 0.129200 0.197900 0.083700 0.000000 0.145800 0.129100 0.098600 0.181100 0.040800 0.128500 0.070300 0.128400 0.100800 0.083300 0.159600 0.146300 0.040800 0.098600 0.083500 0.027100 0.130500 0.159800 0.040800 0.083500 0.070400 0.098600 0.083500 0.113600 0.181100 0.128400 0.177900 0.070400 0.054800 0.128600 0.040800 0.069100 0.198100 0.160500 0.145800 0.083500 0.180500 0.160100 0.128600 0.083200 0.084200 0.114400 0.069500 0.143300 0.100000 0.098600
LesserMous 0.293700 0.000000 0.271900 0.275600 0.286900 0.293700 0.253500 0.325000 0.271900 0.335900 0.268600 0.267100 0.272600 0.231400 0.237600 0.284700 0.304400 0.272200 0.268600 0.290800 0.284700 0.252000 0.314700 0.304800 0.268600 0.284700 0.272700 0.271900 0.284700 0.271800 0.335900 0.231400 0.287500 0.272700 0.251000 0.267500 0.268600 0.268100 0.333200 0.306600 0.333900 0.284700 0.334400 0.305600 0.267500 0.249600 0.288000 0.232800 0.269600 0.283800 0.276800 0.271900
LesserKudu 0.129200 0.271900 0.000000 0.131400 0.128700 0.129200 0.129800 0.176400 0.026700 0.115700 0.113400 0.053700 0.114900 0.112900 0.115500 0.128000 0.082800 0.084300 0.113400 0.040700 0.127300 0.129100 0.069700 0.082900 0.113400 0.128000 0.114900 0.026800 0.128000 0.040500 0.115700 0.113300 0.098400 0.114900 0.098500 0.054700 0.113400 0.113300 0.248900 0.083200 0.084100 0.128000 0.115400 0.082900 0.054400 0.128200 0.113800 0.160700 0.113600 0.067900 0.027200 0.026800
KillerWhal 0.197900 0.275600 0.131400 0.000000 0.129700 0.197900 0.163000 0.177900 0.100200 0.115100 0.146000 0.069300 0.148000 0.114400 0.148000 0.129100 0.098500 0.070600 0.146000 0.115600 0.129100 0.162600 0.099700 0.098700 0.146000 0.129100 0.148000 0.100200 0.129100 0.115500 0.115100 0.114400 0.114800 0.148000 0.130300 0.099000 0.146000 0.114300 0.288500 0.099000 0.114600 0.129100 0.114900 0.098700 0.099000 0.161500 0.146500 0.161900 0.146200 0.083600 0.101300 0.100200
DefassaWat 0.083700 0.286900 0.128700 0.129700 0.000000 0.083700 0.112700 0.097000 0.098100 0.114500 0.040300 0.068000 0.069200 0.096700 0.069700 0.053900 0.096500 0.083500 0.040300 0.113100 0.053900 0.054200 0.099100 0.096700 0.040300 0.053900 0.069500 0.098100 0.053900 0.113000 0.114500 0.096700 0.112500 0.069300 0.054300 0.096900 0.040300 0.013200 0.194200 0.097100 0.114000 0.053800 0.114000 0.096900 0.096900 0.082400 0.083100 0.082700 0.067700 0.081900 0.099600 0.098100
Sheep 0.000000 0.293700 0.129200 0.197900 0.083700 0.000000 0.145800 0.129100 0.098600 0.181100 0.040800 0.128500 0.070300 0.128400 0.100800 0.083800 0.159600 0.146300 0.040800 0.098600 0.083500 0.027200 0.130500 0.159800 0.040800 0.083500 0.069900 0.098600 0.083700 0.113600 0.181100 0.128400 0.177900 0.070100 0.055200 0.128600 0.040800 0.069100 0.198100 0.160500 0.145800 0.083500 0.180500 0.160100 0.128600 0.083600 0.084200 0.114400 0.070000 0.143300 0.100000 0.098600
MaxwellsDu 0.145800 0.253500 0.129800 0.163000 0.112700 0.145800 0.000000 0.128800 0.099000 0.146900 0.098200 0.097800 0.099500 0.040700 0.099400 0.083100 0.127700 0.130000 0.098200 0.114300 0.083100 0.113600 0.130800 0.127900 0.098200 0.083100 0.099400 0.099000 0.083100 0.114300 0.146900 0.040700 0.144700 0.099400 0.083600 0.098000 0.098200 0.097900 0.195300 0.113100 0.146200 0.083100 0.146900 0.127700 0.098000 0.112800 0.083800 0.113700 0.098400 0.112200 0.100100 0.099000
GazellaPrz 0.129100 0.325000 0.176400 0.177900 0.097000 0.129100 0.128800 0.000000 0.144000 0.161300 0.082900 0.111700 0.083700 0.111900 0.114100 0.040200 0.141700 0.144300 0.082900 0.144200 0.040200 0.097800 0.145100 0.141900 0.082900 0.040200 0.083900 0.144000 0.040200 0.160000 0.161300 0.111900 0.158800 0.083900 0.068600 0.112200 0.082900 0.082500 0.177200 0.142500 0.160700 0.040100 0.161200 0.141800 0.112200 0.097300 0.068400 0.097600 0.083000 0.126200 0.146200 0.144000
MountainNy 0.098600 0.271900 0.026700 0.100200 0.098100 0.098600 0.099000 0.144000 0.000000 0.085100 0.083400 0.026800 0.084500 0.083100 0.084900 0.097600 0.054200 0.055100 0.083400 0.013300 0.097600 0.098500 0.041000 0.053800 0.083700 0.097600 0.084500 0.000000 0.098000 0.013300 0.085100 0.082400 0.069000 0.084500 0.069000 0.026700 0.083400 0.083400 0.212800 0.054000 0.055000 0.097600 0.084900 0.054300 0.026700 0.097800 0.083700 0.128800 0.083500 0.040200 0.000100 0.000000
MuntiacusM 0.181100 0.335900 0.115700 0.115100 0.114500 0.181100 0.146900 0.161300 0.085100 0.000000 0.130100 0.055000 0.131800 0.129500 0.132700 0.113700 0.083700 0.085300 0.130100 0.100100 0.113700 0.146300 0.041400 0.055000 0.130100 0.113700 0.131900 0.085100 0.113700 0.100100 0.000000 0.129500 0.099600 0.131700 0.114800 0.084000 0.130100 0.099200 0.270700 0.055300 0.055600 0.113700 0.027100 0.055200 0.084000 0.145300 0.130600 0.145700 0.130200 0.069000 0.086300 0.085100
goat 0.040800 0.268600 0.113400 0.146000 0.040300 0.040800 0.098200 0.082900 0.083400 0.130100 0.000000 0.082500 0.027100 0.082300 0.055300 0.040000 0.111600 0.098500 0.000000 0.083500 0.040200 0.013300 0.114500 0.111800 0.000000 0.040200 0.027200 0.082800 0.040200 0.098200 0.130100 0.082300 0.128000 0.027100 0.013300 0.082500 0.000000 0.026600 0.145200 0.112200 0.129600 0.040200 0.129900 0.111800 0.082500 0.040300 0.040300 0.097700 0.026800 0.096300 0.084700 0.083400
AfricanBuf 0.128500 0.267100 0.053700 0.069300 0.068000 0.128500 0.097800 0.111700 0.026800 0.055000 0.082500 0.000000 0.083500 0.082600 0.083800 0.067700 0.026300 0.026800 0.082500 0.040400 0.067700 0.097200 0.040800 0.026400 0.082700 0.067700 0.083500 0.026600 0.067700 0.040300 0.055000 0.083000 0.040200 0.083200 0.068200 0.026500 0.082500 0.053900 0.209300 0.026500 0.054700 0.067300 0.054900 0.026400 0.026400 0.096700 0.082700 0.096900 0.082500 0.013100 0.027100 0.026700
Topi 0.070300 0.272600 0.114900 0.148000 0.069200 0.070300 0.099500 0.083700 0.084500 0.131800 0.027100 0.083500 0.000000 0.083400 0.055900 0.040700 0.113100 0.115200 0.027100 0.084600 0.040700 0.041100 0.116000 0.113200 0.027100 0.040700 0.013400 0.084500 0.040700 0.099500 0.131800 0.083400 0.129700 0.013400 0.013400 0.083600 0.027100 0.054900 0.147100 0.113700 0.131300 0.040700 0.131600 0.113200 0.083600 0.040500 0.040600 0.098900 0.026900 0.097900 0.085800 0.084500
CommonDuik 0.128400 0.231400 0.112900 0.114400 0.096700 0.128400 0.040700 0.111900 0.083100 0.129500 0.082300 0.082600 0.083400 0.000000 0.083700 0.067400 0.111100 0.113200 0.082900 0.097800 0.068100 0.097100 0.114000 0.111300 0.082300 0.067800 0.083400 0.083200 0.067800 0.097800 0.129500 0.000000 0.127400 0.083400 0.068100 0.082100 0.082300 0.082200 0.176400 0.111700 0.129000 0.067800 0.129300 0.111300 0.082100 0.096500 0.068400 0.097200 0.082400 0.096200 0.084300 0.083100
Suni 0.100800 0.237600 0.115500 0.148000 0.069700 0.100800 0.099400 0.114100 0.084900 0.132700 0.055300 0.083800 0.055900 0.083700 0.000000 0.069200 0.113500 0.115500 0.055300 0.099900 0.069200 0.069900 0.116700 0.113600 0.055300 0.069200 0.056000 0.084900 0.069200 0.099900 0.132700 0.083700 0.130400 0.056000 0.041200 0.083800 0.055300 0.055200 0.148500 0.114200 0.132000 0.069200 0.132100 0.113900 0.083800 0.069300 0.069800 0.069700 0.055300 0.098100 0.085900 0.084900
Springbuck 0.083300 0.284700 0.128000 0.129100 0.053900 0.083800 0.083100 0.040200 0.097600 0.113700 0.040000 0.067700 0.040700 0.067400 0.069200 0.000000 0.096100 0.097900 0.040300 0.097800 0.000000 0.054200 0.098500 0.096300 0.040200 0.000000 0.040700 0.097600 0.000000 0.112600 0.113700 0.067800 0.111900 0.040700 0.026700 0.096600 0.040200 0.040200 0.128800 0.096600 0.113200 0.000000 0.113500 0.096300 0.096600 0.053900 0.026700 0.054100 0.040600 0.081600 0.099100 0.097600
Okapi 0.159600 0.304400 0.082800 0.098500 0.096500 0.159600 0.127700 0.141700 0.054200 0.083700 0.111600 0.026300 0.113100 0.111100 0.113500 0.096100 0.000000 0.053900 0.111600 0.068300 0.096100 0.127000 0.069100 0.053500 0.111600 0.096100 0.113100 0.054200 0.096100 0.068300 0.084100 0.111100 0.067900 0.113100 0.096900 0.053600 0.111600 0.082100 0.243500 0.053700 0.083400 0.096100 0.083500 0.053500 0.053800 0.126300 0.112000 0.126500 0.111700 0.039500 0.054900 0.054200
Giraffe 0.146300 0.272200 0.084300 0.070600 0.083500 0.146300 0.130000 0.144300 0.055100 0.085300 0.098500 0.026800 0.115200 0.113200 0.115500 0.097900 0.053900 0.000000 0.099100 0.069600 0.097900 0.113800 0.070300 0.054500 0.098500 0.097800 0.115200 0.055000 0.097900 0.069500 0.085300 0.113200 0.068900 0.115200 0.098600 0.054600 0.098500 0.069000 0.248100 0.054600 0.085000 0.097900 0.085100 0.054500 0.054600 0.128600 0.114100 0.128800 0.113700 0.040000 0.055900 0.055200
TibetanAnt 0.040800 0.268600 0.113400 0.146000 0.040300 0.040800 0.098200 0.082900 0.083400 0.130100 0.000000 0.082500 0.027100 0.082900 0.055300 0.040300 0.111600 0.099100 0.000000 0.083500 0.040200 0.013300 0.114500 0.111800 0.000000 0.040200 0.027200 0.083400 0.040200 0.098200 0.130100 0.082300 0.128000 0.027100 0.013300 0.082500 0.000000 0.026600 0.145200 0.112200 0.129600 0.040200 0.129900 0.111800 0.082500 0.040300 0.040500 0.097700 0.026800 0.096600 0.084700 0.083400
Sitatunga 0.098600 0.290800 0.040700 0.115600 0.113100 0.098600 0.114300 0.144200 0.013300 0.100100 0.083500 0.040400 0.084600 0.097800 0.099900 0.097800 0.068300 0.069600 0.083500 0.000000 0.097800 0.098600 0.055200 0.068400 0.082700 0.097800 0.084600 0.013300 0.097800 0.026600 0.100100 0.097800 0.083500 0.084600 0.069100 0.040400 0.083500 0.098100 0.212800 0.068700 0.069300 0.097800 0.100000 0.068400 0.040400 0.098000 0.083800 0.144400 0.083700 0.054100 0.013400 0.013300
Oribi 0.083500 0.284700 0.127300 0.129100 0.053900 0.083500 0.083100 0.040200 0.097600 0.113700 0.040200 0.067700 0.040700 0.068100 0.069200 0.000000 0.096100 0.097900 0.040200 0.097800 0.000000 0.054200 0.098500 0.096300 0.040200 0.000000 0.040700 0.097600 0.000000 0.112600 0.113700 0.067800 0.111900 0.040800 0.026600 0.096600 0.040400 0.040100 0.128800 0.096600 0.113200 0.000000 0.113500 0.096300 0.096600 0.053900 0.026600 0.054100 0.040200 0.081600 0.099100 0.097600
BarbaryShe 0.027100 0.252000 0.129100 0.162600 0.054200 0.027200 0.113600 0.097800 0.098500 0.146300 0.013300 0.097200 0.041100 0.097100 0.069900 0.054200 0.127000 0.113800 0.013300 0.098600 0.054200 0.000000 0.130100 0.127100 0.013300 0.054200 0.041100 0.098500 0.054200 0.113600 0.146300 0.097100 0.143900 0.041100 0.026900 0.097300 0.013300 0.040400 0.162000 0.127700 0.145600 0.054200 0.146000 0.127200 0.097300 0.054200 0.054700 0.083400 0.040400 0.111600 0.099900 0.098500
Daviddeer 0.130500 0.314700 0.069700 0.099700 0.099100 0.130500 0.130800 0.145100 0.041000 0.041400 0.114500 0.040800 0.116000 0.114000 0.116700 0.098500 0.069100 0.070300 0.114500 0.055200 0.098500 0.130100 0.000000 0.040400 0.114500 0.098500 0.116000 0.040700 0.098500 0.055100 0.041400 0.114000 0.084500 0.116000 0.099400 0.069300 0.115300 0.084100 0.251600 0.041300 0.013400 0.098500 0.040700 0.041000 0.069300 0.129400 0.114900 0.129800 0.114500 0.054700 0.041600 0.040500
Reindeer 0.159800 0.304800 0.082900 0.098700 0.096700 0.159800 0.127900 0.141900 0.053800 0.055000 0.111800 0.026400 0.113200 0.111300 0.113600 0.096300 0.053500 0.054500 0.111800 0.068400 0.096300 0.127100 0.040400 0.000000 0.111800 0.096300 0.113200 0.054300 0.096300 0.068400 0.055000 0.111300 0.068000 0.113200 0.097400 0.053700 0.111800 0.082200 0.243700 0.026600 0.054800 0.096600 0.026800 0.026400 0.053700 0.126500 0.112200 0.126700 0.111900 0.039800 0.055000 0.054300
Ibex 0.040800 0.268600 0.113400 0.146000 0.040300 0.040800 0.098200 0.082900 0.083700 0.130100 0.000000 0.082700 0.027100 0.082300 0.055300 0.040200 0.111600 0.098500 0.000000 0.082700 0.040200 0.013300 0.114500 0.111800 0.000000 0.040200 0.027100 0.083400 0.040200 0.098200 0.130100 0.082300 0.128000 0.027100 0.013300 0.082500 0.000000 0.026600 0.145200 0.112200 0.129600 0.040200 0.129900 0.111800 0.082500 0.040300 0.040400 0.097700 0.026800 0.096600 0.084700 0.083400
GyrantGaze 0.083500 0.284700 0.128000 0.129100 0.053900 0.083500 0.083100 0.040200 0.097600 0.113700 0.040200 0.067700 0.040700 0.067800 0.069200 0.000000 0.096100 0.097800 0.040200 0.097800 0.000000 0.054200 0.098500 0.096300 0.040200 0.000000 0.040700 0.097600 0.000000 0.112300 0.113700 0.067800 0.111900 0.040600 0.026600 0.096600 0.040200 0.040100 0.128800 0.096700 0.113200 0.000000 0.113500 0.096300 0.096600 0.053700 0.026600 0.054100 0.040200 0.081600 0.099100 0.097600
Hartebeest 0.070400 0.272700 0.114900 0.148000 0.069500 0.069900 0.099400 0.083900 0.084500 0.131900 0.027200 0.083500 0.013400 0.083400 0.056000 0.040700 0.113100 0.115200 0.027200 0.084600 0.040700 0.041100 0.116000 0.113200 0.027100 0.040700 0.000000 0.084500 0.040900 0.099500 0.131900 0.082900 0.129700 0.000000 0.013500 0.083600 0.027100 0.055000 0.147300 0.113700 0.131300 0.040500 0.131600 0.113300 0.083600 0.040300 0.041100 0.098900 0.027100 0.097900 0.085800 0.084500
Bongo 0.098600 0.271900 0.026800 0.100200 0.098100 0.098600 0.099000 0.144000 0.000000 0.085100 0.082800 0.026600 0.084500 0.083200 0.084900 0.097600 0.054200 0.055000 0.083400 0.013300 0.097600 0.098500 0.040700 0.054300 0.083400 0.097600 0.084500 0.000000 0.097600 0.013300 0.085100 0.083100 0.069600 0.084500 0.069000 0.026600 0.083400 0.083400 0.212800 0.054500 0.055000 0.098400 0.084900 0.054300 0.026600 0.097800 0.083700 0.128800 0.083500 0.040000 0.000100 0.000000
Gerenuk 0.083500 0.284700 0.128000 0.129100 0.053900 0.083700 0.083100 0.040200 0.098000 0.113700 0.040200 0.067700 0.040700 0.067800 0.069200 0.000000 0.096100 0.097900 0.040200 0.097800 0.000000 0.054200 0.098500 0.096300 0.040200 0.000000 0.040900 0.097600 0.000000 0.112600 0.113700 0.067900 0.111900 0.040700 0.026600 0.096600 0.040200 0.040100 0.128800 0.096600 0.113200 0.000000 0.113500 0.096700 0.096600 0.053900 0.026700 0.054100 0.040200 0.081300 0.099100 0.097600
CommonElan 0.113600 0.271800 0.040500 0.115500 0.113000 0.113600 0.114300 0.160000 0.013300 0.100100 0.098200 0.040300 0.099500 0.097800 0.099900 0.112600 0.068300 0.069500 0.098200 0.026600 0.112600 0.113600 0.055100 0.068400 0.098200 0.112300 0.099500 0.013300 0.112600 0.000000 0.100100 0.097800 0.083500 0.099500 0.083700 0.040400 0.098200 0.098100 0.229800 0.068700 0.069300 0.112600 0.099900 0.068400 0.040400 0.112800 0.098500 0.113300 0.098400 0.054100 0.013500 0.013300
MuntiacusR 0.181100 0.335900 0.115700 0.115100 0.114500 0.181100 0.146900 0.161300 0.085100 0.000000 0.130100 0.055000 0.131800 0.129500 0.132700 0.113700 0.084100 0.085300 0.130100 0.100100 0.113700 0.146300 0.041400 0.055000 0.130100 0.113700 0.131900 0.085100 0.113700 0.100100 0.000000 0.129500 0.099600 0.131900 0.114800 0.084000 0.130100 0.099200 0.270700 0.055300 0.055600 0.113700 0.027100 0.055200 0.084000 0.145300 0.130600 0.145700 0.130200 0.069000 0.086300 0.085100
HarveysDui 0.128400 0.231400 0.113300 0.114400 0.096700 0.128400 0.040700 0.111900 0.082400 0.129500 0.082300 0.083000 0.083400 0.000000 0.083700 0.067800 0.111100 0.113200 0.082300 0.097800 0.067800 0.097100 0.114000 0.111300 0.082300 0.067800 0.082900 0.083100 0.067900 0.097800 0.129500 0.000000 0.127400 0.083400 0.068100 0.082100 0.082300 0.082200 0.176400 0.111700 0.129000 0.067800 0.129300 0.111300 0.082100 0.096500 0.068400 0.097200 0.082400 0.096200 0.084300 0.083100
Pronghorn 0.177900 0.287500 0.098400 0.114800 0.112500 0.177900 0.144700 0.158800 0.069000 0.099600 0.128000 0.040200 0.129700 0.127400 0.130400 0.111900 0.067900 0.068900 0.128000 0.083500 0.111900 0.143900 0.084500 0.068000 0.128000 0.111900 0.129700 0.069600 0.111900 0.083500 0.099600 0.127400 0.000000 0.129700 0.112900 0.068200 0.128000 0.097600 0.212600 0.068000 0.099200 0.111900 0.099300 0.068100 0.067700 0.143000 0.128400 0.143400 0.128100 0.053800 0.070000 0.069000
BlueWildeb 0.070400 0.272700 0.114900 0.148000 0.069300 0.070100 0.099400 0.083900 0.084500 0.131700 0.027100 0.083200 0.013400 0.083400 0.056000 0.040700 0.113100 0.115200 0.027100 0.084600 0.040800 0.041100 0.116000 0.113200 0.027100 0.040600 0.000000 0.084500 0.040700 0.099500 0.131900 0.083400 0.129700 0.000000 0.013500 0.083600 0.027100 0.055000 0.147300 0.113700 0.131300 0.040700 0.131600 0.113300 0.083600 0.040500 0.040600 0.098900 0.027000 0.097900 0.085800 0.084500
Gemsbok 0.054800 0.251000 0.098500 0.130300 0.054300 0.055200 0.083600 0.068600 0.069000 0.114800 0.013300 0.068200 0.013400 0.068100 0.041200 0.026700 0.096900 0.098600 0.013300 0.069100 0.026600 0.026900 0.099400 0.097400 0.013300 0.026600 0.013500 0.069000 0.026600 0.083700 0.114800 0.068100 0.112900 0.013500 0.000000 0.068900 0.013300 0.040400 0.129900 0.097500 0.114200 0.026800 0.114500 0.097100 0.068300 0.026700 0.026900 0.083900 0.013400 0.082200 0.070000 0.069000
Yak 0.128600 0.267500 0.054700 0.099000 0.096900 0.128600 0.098000 0.112200 0.026700 0.084000 0.082500 0.026500 0.083600 0.082100 0.083800 0.096600 0.053600 0.054600 0.082500 0.040400 0.096600 0.097300 0.069300 0.053700 0.082500 0.096600 0.083600 0.026600 0.096600 0.040400 0.084000 0.082100 0.068200 0.083600 0.068900 0.000000 0.082500 0.082400 0.209300 0.053900 0.083800 0.096600 0.083900 0.053700 0.000000 0.096800 0.082700 0.127200 0.082600 0.039900 0.027100 0.026600
BlueSheep 0.040800 0.268600 0.113400 0.146000 0.040300 0.040800 0.098200 0.082900 0.083400 0.130100 0.000000 0.082500 0.027100 0.082300 0.055300 0.040200 0.111600 0.098500 0.000000 0.083500 0.040400 0.013300 0.115300 0.111800 0.000000 0.040200 0.027100 0.083400 0.040200 0.098200 0.130100 0.082300 0.128000 0.027100 0.013300 0.082500 0.000000 0.026600 0.145200 0.112200 0.129600 0.040100 0.129900 0.111800 0.082500 0.040300 0.040500 0.097700 0.026800 0.096600 0.084700 0.083400
BohorReedb 0.069100 0.268100 0.113300 0.114300 0.013200 0.069100 0.097900 0.082500 0.083400 0.099200 0.026600 0.053900 0.054900 0.082200 0.055200 0.040200 0.082100 0.069000 0.026600 0.098100 0.040100 0.040400 0.084100 0.082200 0.026600 0.040100 0.055000 0.083400 0.040100 0.098100 0.099200 0.082200 0.097600 0.055000 0.040400 0.082400 0.026600 0.000000 0.177300 0.082500 0.098800 0.040100 0.098600 0.082300 0.082600 0.068200 0.068600 0.068300 0.054300 0.067700 0.084600 0.083400
KirksDik 0.198100 0.333200 0.248900 0.288500 0.194200 0.198100 0.195300 0.177200 0.212800 0.270700 0.145200 0.209300 0.147100 0.176400 0.148500 0.128800 0.243500 0.248100 0.145200 0.212800 0.128800 0.162000 0.251600 0.243700 0.145200 0.128800 0.147300 0.212800 0.128800 0.229800 0.270700 0.176400 0.212600 0.147300 0.129900 0.209300 0.145200 0.177300 0.000000 0.245200 0.269100 0.128800 0.268900 0.210300 0.209300 0.160300 0.130100 0.161600 0.145400 0.225000 0.216200 0.212800
RoeDeer 0.160500 0.306600 0.083200 0.099000 0.097100 0.160500 0.113100 0.142500 0.054000 0.055300 0.112200 0.026500 0.113700 0.111700 0.114200 0.096600 0.053700 0.054600 0.112200 0.068700 0.096600 0.127700 0.041300 0.026600 0.112200 0.096700 0.113700 0.054500 0.096600 0.068700 0.055300 0.111700 0.068000 0.113700 0.097500 0.053900 0.112200 0.082500 0.245200 0.000000 0.055000 0.096600 0.055100 0.026500 0.053900 0.127000 0.112600 0.127200 0.112300 0.039900 0.055200 0.054600
WhiteLippe 0.145800 0.333900 0.084100 0.114600 0.114000 0.145800 0.146200 0.160700 0.055000 0.055600 0.129600 0.054700 0.131300 0.129000 0.132000 0.113200 0.083400 0.085000 0.129600 0.069300 0.113200 0.145600 0.013400 0.054800 0.129600 0.113200 0.131300 0.055000 0.113200 0.069300 0.055600 0.129000 0.099200 0.131300 0.114200 0.083800 0.129600 0.098800 0.269100 0.055000 0.000000 0.113200 0.055300 0.054900 0.083700 0.144700 0.130100 0.145100 0.129600 0.068800 0.055800 0.055000
ThomsonGaz 0.083500 0.284700 0.128000 0.129100 0.053800 0.083500 0.083100 0.040100 0.097600 0.113700 0.040200 0.067300 0.040700 0.067800 0.069200 0.000000 0.096100 0.097900 0.040200 0.097800 0.000000 0.054200 0.098500 0.096600 0.040200 0.000000 0.040500 0.098400 0.000000 0.112600 0.113700 0.067800 0.111900 0.040700 0.026800 0.096600 0.040100 0.040100 0.128800 0.096600 0.113200 0.000000 0.113500 0.096300 0.096600 0.053900 0.026600 0.054100 0.040200 0.081600 0.099100 0.097600
MuntiacusC 0.180500 0.334400 0.115400 0.114900 0.114000 0.180500 0.146900 0.161200 0.084900 0.027100 0.129900 0.054900 0.131600 0.129300 0.132100 0.113500 0.083500 0.085100 0.129900 0.100000 0.113500 0.146000 0.040700 0.026800 0.129900 0.113500 0.131600 0.084900 0.113500 0.099900 0.027100 0.129300 0.099300 0.131600 0.114500 0.083900 0.129900 0.098600 0.268900 0.055100 0.055300 0.113500 0.000000 0.055200 0.084100 0.145100 0.130300 0.145400 0.130000 0.068900 0.086100 0.084900
WhiteTaile 0.160100 0.305600 0.082900 0.098700 0.096900 0.160100 0.127700 0.141800 0.054300 0.055200 0.111800 0.026400 0.113200 0.111300 0.113900 0.096300 0.053500 0.054500 0.111800 0.068400 0.096300 0.127200 0.041000 0.026400 0.111800 0.096300 0.113300 0.054300 0.096700 0.068400 0.055200 0.111300 0.068100 0.113300 0.097100 0.053700 0.111800 0.082300 0.210300 0.026500 0.054900 0.096300 0.055200 0.000000 0.053700 0.126400 0.112200 0.126700 0.111800 0.039800 0.055100 0.054300
Cattle 0.128600 0.267500 0.054400 0.099000 0.096900 0.128600 0.098000 0.112200 0.026700 0.084000 0.082500 0.026400 0.083600 0.082100 0.083800 0.096600 0.053800 0.054600 0.082500 0.040400 0.096600 0.097300 0.069300 0.053700 0.082500 0.096600 0.083600 0.026600 0.096600 0.040400 0.084000 0.082100 0.067700 0.083600 0.068300 0.000000 0.082500 0.082600 0.209300 0.053900 0.083700 0.096600 0.084100 0.053700 0.000000 0.096800 0.082700 0.127200 0.083000 0.039800 0.027100 0.026700
RoyalAntel 0.083200 0.249600 0.128200 0.161500 0.082400 0.083600 0.112800 0.097300 0.097800 0.145300 0.040300 0.096700 0.040500 0.096500 0.069300 0.053900 0.126300 0.128600 0.040300 0.098000 0.053900 0.054200 0.129400 0.126500 0.040300 0.053700 0.040300 0.097800 0.053900 0.112800 0.145300 0.096500 0.143000 0.040500 0.026700 0.096800 0.040300 0.068200 0.160300 0.127000 0.144700 0.053900 0.145100 0.126400 0.096800 0.000000 0.053900 0.112200 0.040100 0.111100 0.099300 0.097800
Steenbok 0.084200 0.288000 0.113800 0.146500 0.083100 0.084200 0.083800 0.068400 0.083700 0.130600 0.040300 0.082700 0.040600 0.068400 0.069800 0.026700 0.112000 0.114100 0.040500 0.083800 0.026600 0.054700 0.114900 0.112200 0.040400 0.026600 0.041100 0.083700 0.026700 0.098500 0.130600 0.068400 0.128400 0.040600 0.026900 0.082700 0.040500 0.068600 0.130100 0.112600 0.130100 0.026600 0.130300 0.112200 0.082700 0.053900 0.000000 0.083400 0.040400 0.097000 0.084900 0.083700
Impala 0.114400 0.232800 0.160700 0.161900 0.082700 0.114400 0.113700 0.097600 0.128800 0.145700 0.097700 0.096900 0.098900 0.097200 0.069700 0.054100 0.126500 0.128800 0.097700 0.144400 0.054100 0.083400 0.129800 0.126700 0.097700 0.054100 0.098900 0.128800 0.054100 0.113300 0.145700 0.097200 0.143400 0.098900 0.083900 0.127200 0.097700 0.068300 0.161600 0.127200 0.145100 0.054100 0.145400 0.126700 0.127200 0.112200 0.083400 0.000000 0.097800 0.111200 0.130700 0.128800
Klipspring 0.069500 0.269600 0.113600 0.146200 0.067700 0.070000 0.098400 0.083000 0.083500 0.130200 0.026800 0.082500 0.026900 0.082400 0.055300 0.040600 0.111700 0.113700 0.026800 0.083700 0.040200 0.040400 0.114500 0.111900 0.026800 0.040200 0.027100 0.083500 0.040200 0.098400 0.130200 0.082400 0.128100 0.027000 0.013400 0.082600 0.026800 0.054300 0.145400 0.112300 0.129600 0.040200 0.130000 0.111800 0.083000 0.040100 0.040400 0.097800 0.000000 0.096700 0.084700 0.083500
ForestMusk 0.143300 0.283800 0.067900 0.083600 0.081900 0.143300 0.112200 0.126200 0.040200 0.069000 0.096300 0.013100 0.097900 0.096200 0.098100 0.081600 0.039500 0.040000 0.096600 0.054100 0.081600 0.111600 0.054700 0.039800 0.096600 0.081600 0.097900 0.040000 0.081300 0.054100 0.069000 0.096200 0.053800 0.097900 0.082200 0.039900 0.096600 0.067700 0.225000 0.039900 0.068800 0.081600 0.068900 0.039800 0.039800 0.111100 0.097000 0.111200 0.096700 0.000000 0.040800 0.040000
Bushbuck 0.100000 0.276800 0.027200 0.101300 0.099600 0.100000 0.100100 0.146200 0.000100 0.086300 0.084700 0.027100 0.085800 0.084300 0.085900 0.099100 0.054900 0.055900 0.084700 0.013400 0.099100 0.099900 0.041600 0.055000 0.084700 0.099100 0.085800 0.000100 0.099100 0.013500 0.086300 0.084300 0.070000 0.085800 0.070000 0.027100 0.084700 0.084600 0.216200 0.055200 0.055800 0.099100 0.086100 0.055100 0.027100 0.099300 0.084900 0.130700 0.084700 0.040800 0.000000 0.000100
GreaterKud 0.098600 0.271900 0.026800 0.100200 0.098100 0.098600 0.099000 0.144000 0.000000 0.085100 0.083400 0.026700 0.084500 0.083100 0.084900 0.097600 0.054200 0.055200 0.083400 0.013300 0.097600 0.098500 0.040500 0.054300 0.083400 0.097600 0.084500 0.000000 0.097600 0.013300 0.085100 0.083100 0.069000 0.084500 0.069000 0.026600 0.083400 0.083400 0.212800 0.054600 0.055000 0.097600 0.084900 0.054300 0.026700 0.097800 0.083700 0.128800 0.083500 0.040000 0.000100 0.000000
