1
52 1
Argali 0.000000 0.388900 0.115000 0.236600 0.114300 0.000000 0.071100 0.104800 0.085400 0.060900 0.043800 0.077900 0.043200 0.061200 0.117300 0.070200 0.077700 0.051700 0.052300 0.105000 0.060500 0.043100 0.098700 0.116400 0.044100 0.096000 0.060200 0.105000 0.086500 0.105000 0.052200 0.087800 0.161400 0.042800 0.042200 0.061500 0.034400 0.088100 0.078900 0.069900 0.143200 0.086100 0.052200 0.141200 0.061700 0.070200 0.078200 0.098400 0.060700 0.116500 0.113800 0.113600
LesserMous 0.388900 0.000000 0.413800 0.372300 0.427900 0.388900 0.326800 0.401600 0.405800 0.380000 0.363100 0.363300 0.356600 0.360300 0.386900 0.384800 0.399200 0.366500 0.372000 0.398300 0.356300 0.384000 0.387100 0.409700 0.352500 0.415700 0.376400 0.398300 0.399900 0.398300 0.369200 0.369000 0.452400 0.356600 0.396700 0.347700 0.369200 0.408400 0.344600 0.394300 0.469700 0.398400 0.369200 0.422500 0.337700 0.398000 0.365500 0.386900 0.361200 0.371900 0.409000 0.409000
LesserKudu 0.115000 0.413800 0.000000 0.247500 0.162400 0.115000 0.118400 0.133000 0.076500 0.145200 0.108700 0.068800 0.107200 0.126800 0.126900 0.116900 0.086700 0.097200 0.098200 0.059400 0.125300 0.126500 0.127800 0.145500 0.109600 0.143200 0.105800 0.059400 0.113400 0.059200 0.136100 0.135100 0.191300 0.107200 0.123100 0.088800 0.116400 0.135600 0.145400 0.116500 0.153200 0.132400 0.136100 0.190200 0.089400 0.136300 0.124700 0.146800 0.146500 0.185900 0.067800 0.067800
KillerWhal 0.236600 0.372300 0.247500 0.000000 0.281300 0.236600 0.211000 0.247500 0.253500 0.250600 0.210400 0.236500 0.229100 0.219500 0.264900 0.230500 0.235600 0.216300 0.219300 0.245500 0.195400 0.230000 0.254300 0.250500 0.212400 0.259400 0.248100 0.245500 0.224900 0.245500 0.240500 0.228300 0.326700 0.229100 0.201600 0.197900 0.195800 0.262600 0.239200 0.239800 0.305000 0.245600 0.240500 0.278900 0.198500 0.218900 0.238000 0.229900 0.242700 0.264400 0.255300 0.255300
DefassaWat 0.114300 0.427900 0.162400 0.281300 0.000000 0.114300 0.117700 0.113500 0.149200 0.144300 0.108000 0.104800 0.106500 0.106900 0.165500 0.116300 0.123100 0.096500 0.098400 0.171000 0.105600 0.125600 0.166100 0.164300 0.108900 0.114200 0.086800 0.171000 0.095100 0.171000 0.135200 0.115200 0.170500 0.106500 0.103900 0.088700 0.096900 0.042700 0.125300 0.115700 0.191400 0.131600 0.135200 0.169200 0.107600 0.097500 0.105300 0.136300 0.088000 0.144600 0.160400 0.160400
Sheep 0.000000 0.388900 0.115000 0.236600 0.114300 0.000000 0.071100 0.104800 0.085400 0.060400 0.043800 0.077900 0.043200 0.061200 0.117300 0.070000 0.077700 0.051700 0.052100 0.105000 0.060200 0.043300 0.098700 0.116400 0.043800 0.096000 0.059700 0.105000 0.086500 0.105000 0.052200 0.087800 0.161400 0.043200 0.042200 0.061500 0.034200 0.088100 0.078900 0.069900 0.143200 0.086100 0.052200 0.141100 0.061700 0.070200 0.078200 0.098400 0.060300 0.116500 0.113800 0.113800
MaxwellsDu 0.071100 0.326800 0.118400 0.211000 0.117700 0.071100 0.000000 0.089200 0.087800 0.090800 0.044800 0.061800 0.062800 0.026500 0.101300 0.053800 0.079900 0.053200 0.054000 0.108000 0.043900 0.063000 0.101600 0.119900 0.045600 0.080300 0.080500 0.108000 0.069700 0.108000 0.081100 0.035200 0.166400 0.062800 0.078600 0.044800 0.053600 0.110000 0.035400 0.072000 0.147300 0.070300 0.080600 0.125800 0.044900 0.072000 0.053100 0.082300 0.063200 0.101100 0.117000 0.117000
GazellaPrz 0.104800 0.401600 0.133000 0.247500 0.113500 0.104800 0.089200 0.000000 0.139700 0.134300 0.079900 0.077400 0.097000 0.079000 0.116600 0.069800 0.113500 0.087300 0.070000 0.161200 0.078100 0.097300 0.156000 0.154000 0.080700 0.086600 0.077600 0.161200 0.068200 0.161200 0.125300 0.087400 0.141400 0.097000 0.112900 0.097800 0.087800 0.124900 0.096700 0.125100 0.181300 0.076900 0.125300 0.178700 0.098000 0.106800 0.077800 0.136100 0.116500 0.135000 0.170100 0.170100
MountainNy 0.085400 0.405800 0.076500 0.253500 0.149200 0.085400 0.087800 0.139700 0.000000 0.113700 0.078600 0.076200 0.077600 0.096000 0.133700 0.105100 0.093900 0.068300 0.085900 0.016500 0.095000 0.095900 0.096900 0.114200 0.079200 0.121300 0.095000 0.016500 0.121200 0.016300 0.104900 0.104200 0.197200 0.077700 0.093400 0.078200 0.086400 0.123200 0.113800 0.084800 0.122000 0.111500 0.104900 0.138500 0.078400 0.105100 0.112700 0.114900 0.114600 0.152300 0.024700 0.024700
MuntiacusM 0.060900 0.380000 0.145200 0.250600 0.144300 0.060400 0.090800 0.134300 0.113700 0.000000 0.071700 0.106500 0.070800 0.080400 0.128200 0.099300 0.106100 0.079500 0.080400 0.134500 0.088600 0.052200 0.071600 0.089300 0.072400 0.125300 0.088100 0.134500 0.115200 0.134500 0.008600 0.107700 0.153300 0.070800 0.087000 0.090000 0.061600 0.117500 0.070600 0.061200 0.115900 0.114700 0.008600 0.114400 0.090300 0.099000 0.088200 0.108900 0.128200 0.147000 0.143500 0.143500
goat 0.043800 0.363100 0.108700 0.210400 0.108000 0.043800 0.044800 0.079900 0.078600 0.071700 0.000000 0.070900 0.035300 0.035300 0.091700 0.044600 0.070600 0.043900 0.026700 0.098500 0.034900 0.035500 0.091900 0.110100 0.017800 0.070900 0.052700 0.098500 0.061400 0.098500 0.062800 0.062500 0.156000 0.035600 0.052200 0.053700 0.026300 0.081200 0.053500 0.062600 0.137400 0.061200 0.062800 0.135500 0.054100 0.044100 0.053000 0.072700 0.072500 0.091100 0.107400 0.107400
AfricanBuf 0.077900 0.363300 0.068800 0.236500 0.104800 0.077900 0.061800 0.077400 0.076200 0.106500 0.070900 0.000000 0.070000 0.070200 0.088600 0.061000 0.068600 0.059700 0.061200 0.095300 0.068800 0.088400 0.089100 0.106700 0.071500 0.086700 0.069000 0.095800 0.059600 0.095300 0.097600 0.078500 0.151400 0.070000 0.086100 0.052300 0.078900 0.097300 0.088000 0.077800 0.133200 0.077000 0.097200 0.131500 0.052500 0.097800 0.069100 0.107600 0.088600 0.125800 0.104000 0.104000
Topi 0.043200 0.356600 0.107200 0.229100 0.106500 0.043200 0.062800 0.097000 0.077600 0.070800 0.035300 0.070000 0.000000 0.051800 0.109300 0.062000 0.070200 0.043400 0.044000 0.097200 0.052400 0.052400 0.090600 0.108500 0.035300 0.088100 0.017100 0.097200 0.078600 0.097200 0.062400 0.079800 0.154000 0.000000 0.051500 0.053200 0.043300 0.080100 0.070900 0.061400 0.135500 0.079000 0.061800 0.133700 0.053400 0.062000 0.070200 0.090300 0.089300 0.089700 0.106000 0.106000
CommonDuik 0.061200 0.360300 0.126800 0.219500 0.106900 0.061200 0.026500 0.079000 0.096000 0.080400 0.035300 0.070200 0.051800 0.000000 0.109900 0.043700 0.088200 0.061700 0.044300 0.116300 0.034700 0.053200 0.110100 0.128300 0.035900 0.070100 0.070400 0.116300 0.060200 0.116300 0.071300 0.043700 0.174400 0.052900 0.069500 0.053400 0.043900 0.098100 0.044000 0.080500 0.155800 0.060600 0.071500 0.115300 0.053500 0.062000 0.043100 0.090800 0.071800 0.090100 0.125200 0.125200
Suni 0.117300 0.386900 0.126900 0.264900 0.165500 0.117300 0.101300 0.116600 0.133700 0.128200 0.091700 0.088600 0.109300 0.109900 0.000000 0.100100 0.107000 0.099000 0.081300 0.155500 0.108600 0.109700 0.150100 0.147500 0.082500 0.126700 0.107800 0.155500 0.097600 0.155500 0.138800 0.118300 0.174600 0.109300 0.125500 0.110100 0.099700 0.138200 0.108600 0.118700 0.176000 0.116000 0.138800 0.153800 0.110400 0.119500 0.108100 0.090400 0.129600 0.148900 0.164600 0.164600
Springbuck 0.070200 0.384800 0.116900 0.230500 0.116300 0.070000 0.053800 0.069800 0.105100 0.099300 0.044600 0.061000 0.062000 0.043700 0.100100 0.000000 0.097400 0.070800 0.053300 0.125700 0.043200 0.062200 0.119700 0.138000 0.044300 0.043300 0.079500 0.125200 0.034300 0.125700 0.088800 0.070900 0.164100 0.061100 0.078500 0.061800 0.052900 0.108600 0.062000 0.089700 0.165300 0.034200 0.089900 0.143500 0.062700 0.071500 0.061400 0.100300 0.080600 0.099400 0.134600 0.134600
Okapi 0.077700 0.399200 0.086700 0.235600 0.123100 0.077700 0.079900 0.113500 0.093900 0.106100 0.070600 0.068600 0.070200 0.088200 0.107000 0.097400 0.000000 0.042700 0.060400 0.113700 0.087200 0.088100 0.107600 0.106300 0.071200 0.123400 0.068800 0.113700 0.095100 0.113700 0.097300 0.096500 0.170300 0.069700 0.086100 0.070200 0.078000 0.096900 0.106300 0.078600 0.132800 0.092900 0.097300 0.150000 0.070400 0.097400 0.086900 0.107300 0.107000 0.125700 0.122400 0.122400
Giraffe 0.051700 0.366500 0.097200 0.216300 0.096500 0.051700 0.053200 0.087300 0.068300 0.079500 0.043900 0.059700 0.043400 0.061700 0.099000 0.070800 0.042700 0.000000 0.052300 0.087400 0.060900 0.061000 0.080600 0.098400 0.043900 0.096700 0.043000 0.087400 0.087100 0.087400 0.070700 0.052100 0.143200 0.043200 0.060000 0.043900 0.052400 0.088800 0.079600 0.052400 0.125100 0.068900 0.070700 0.123400 0.044000 0.070800 0.078800 0.080300 0.080100 0.098900 0.096100 0.095500
TibetanAnt 0.052300 0.372000 0.098200 0.219300 0.098400 0.052100 0.054000 0.070000 0.085900 0.080400 0.026700 0.061200 0.044000 0.044300 0.081300 0.053300 0.060400 0.052300 0.000000 0.106900 0.043400 0.044300 0.100500 0.099400 0.026700 0.079500 0.043400 0.106900 0.052000 0.106900 0.071400 0.071000 0.144800 0.044000 0.059900 0.062700 0.035000 0.071200 0.062200 0.071300 0.126200 0.069700 0.071400 0.143800 0.062800 0.053300 0.043600 0.081400 0.081300 0.099700 0.115800 0.115800
Sitatunga 0.105000 0.398300 0.059400 0.245500 0.171000 0.105000 0.108000 0.161200 0.016500 0.134500 0.098500 0.095300 0.097200 0.116300 0.155500 0.125700 0.113700 0.087400 0.106900 0.000000 0.115000 0.116200 0.116600 0.135100 0.099300 0.142600 0.114500 0.000000 0.141500 0.000000 0.125500 0.124700 0.220800 0.097200 0.113100 0.079300 0.106300 0.145000 0.134600 0.106300 0.143000 0.131900 0.125500 0.159800 0.079600 0.125800 0.133300 0.136100 0.135700 0.174700 0.008200 0.008200
Oribi 0.060500 0.356300 0.125300 0.195400 0.105600 0.060200 0.043900 0.078100 0.095000 0.088600 0.034900 0.068800 0.052400 0.034700 0.108600 0.043200 0.087200 0.060900 0.043400 0.115000 0.000000 0.052000 0.108800 0.107800 0.035100 0.068500 0.069600 0.115000 0.042700 0.115000 0.079700 0.060800 0.172300 0.052400 0.051200 0.052800 0.043600 0.098000 0.052300 0.079500 0.153800 0.059500 0.079700 0.132600 0.052900 0.061700 0.051800 0.089700 0.070900 0.089000 0.123800 0.123800
BarbaryShe 0.043100 0.384000 0.126500 0.230000 0.125600 0.043300 0.063000 0.097300 0.095900 0.052200 0.035500 0.088400 0.052400 0.053200 0.109700 0.062200 0.088100 0.061000 0.044300 0.116200 0.052000 0.000000 0.090900 0.108900 0.035800 0.088400 0.070200 0.116200 0.078800 0.116200 0.044200 0.080100 0.174000 0.053100 0.068500 0.071700 0.026200 0.098900 0.071100 0.062000 0.136000 0.078500 0.044000 0.134100 0.072000 0.062200 0.070400 0.090600 0.090400 0.109000 0.125100 0.125100
Daviddeer 0.098700 0.387100 0.127800 0.254300 0.166100 0.098700 0.101600 0.156000 0.096900 0.071600 0.091900 0.089100 0.090600 0.110100 0.150100 0.119700 0.107600 0.080600 0.100500 0.116600 0.108800 0.090900 0.000000 0.090600 0.092600 0.146500 0.108300 0.117400 0.136000 0.117400 0.062600 0.118700 0.196000 0.090600 0.107000 0.089700 0.099900 0.138800 0.128900 0.062500 0.061800 0.135500 0.062600 0.116000 0.091600 0.119600 0.126200 0.130200 0.129900 0.169400 0.126400 0.126400
Reindeer 0.116400 0.409700 0.145500 0.250500 0.164300 0.116400 0.119900 0.154000 0.114200 0.089300 0.110100 0.106700 0.108500 0.128300 0.147500 0.138000 0.106300 0.098400 0.099400 0.135100 0.107800 0.108900 0.090600 0.000000 0.111000 0.164700 0.107100 0.135100 0.115700 0.135100 0.080400 0.136700 0.173900 0.108500 0.106000 0.109400 0.117900 0.137200 0.145500 0.080200 0.079100 0.153400 0.080400 0.060000 0.109700 0.138000 0.126200 0.147800 0.148300 0.188300 0.144100 0.144100
Ibex 0.044100 0.352500 0.109600 0.212400 0.108900 0.043800 0.045600 0.080700 0.079200 0.072400 0.017800 0.071500 0.035300 0.035900 0.082500 0.044300 0.071200 0.043900 0.026700 0.099300 0.035100 0.035800 0.092600 0.111000 0.000000 0.071500 0.053300 0.099600 0.061300 0.099300 0.063300 0.063000 0.157400 0.035500 0.051900 0.054400 0.026500 0.081900 0.053900 0.063000 0.138500 0.061700 0.063400 0.136600 0.054600 0.045000 0.053400 0.063700 0.073200 0.082000 0.108300 0.108300
GyrantGaze 0.096000 0.415700 0.143200 0.259400 0.114200 0.096000 0.080300 0.086600 0.121300 0.125300 0.070900 0.086700 0.088100 0.070100 0.126700 0.043300 0.123400 0.096700 0.079500 0.142600 0.068500 0.088400 0.146500 0.164700 0.071500 0.000000 0.105400 0.142600 0.042300 0.142600 0.116300 0.096300 0.170700 0.088100 0.104100 0.070300 0.078900 0.115900 0.088100 0.097200 0.191900 0.025000 0.116300 0.150200 0.089000 0.079500 0.087200 0.126900 0.107500 0.106800 0.132300 0.132300
Hartebeest 0.060200 0.376400 0.105800 0.248100 0.086800 0.059700 0.080500 0.077600 0.095000 0.088100 0.052700 0.069000 0.017100 0.070400 0.107800 0.079500 0.068800 0.043000 0.043400 0.114500 0.069600 0.070200 0.108300 0.107100 0.053300 0.105400 0.000000 0.114500 0.077600 0.115000 0.079300 0.077600 0.132800 0.017100 0.068400 0.070000 0.061000 0.079000 0.088300 0.079100 0.133700 0.095300 0.079300 0.151000 0.070900 0.079500 0.069300 0.108000 0.107800 0.106300 0.124400 0.123200
Bongo 0.105000 0.398300 0.059400 0.245500 0.171000 0.105000 0.108000 0.161200 0.016500 0.134500 0.098500 0.095800 0.097200 0.116300 0.155500 0.125200 0.113700 0.087400 0.106900 0.000000 0.115000 0.116200 0.117400 0.135100 0.099600 0.142600 0.114500 0.000000 0.141500 0.000000 0.125500 0.124700 0.220800 0.097200 0.113100 0.079300 0.106300 0.144300 0.134600 0.106900 0.143000 0.131900 0.125500 0.159800 0.078700 0.125800 0.133300 0.136100 0.135200 0.174700 0.008200 0.008200
Gerenuk 0.086500 0.399900 0.113400 0.224900 0.095100 0.086500 0.069700 0.068200 0.121200 0.115200 0.061400 0.059600 0.078600 0.060200 0.097600 0.034300 0.095100 0.087100 0.052000 0.141500 0.042700 0.078800 0.136000 0.115700 0.061300 0.042300 0.077600 0.141500 0.000000 0.141500 0.106300 0.086400 0.140900 0.078600 0.076800 0.060300 0.069400 0.087500 0.078500 0.087500 0.161100 0.050500 0.106300 0.140000 0.079300 0.069300 0.059900 0.116700 0.097600 0.097000 0.131400 0.131400
CommonElan 0.105000 0.398300 0.059200 0.245500 0.171000 0.105000 0.108000 0.161200 0.016300 0.134500 0.098500 0.095300 0.097200 0.116300 0.155500 0.125700 0.113700 0.087400 0.106900 0.000000 0.115000 0.116200 0.117400 0.135100 0.099300 0.142600 0.115000 0.000000 0.141500 0.000000 0.125500 0.124600 0.220800 0.097200 0.113100 0.079300 0.106300 0.144300 0.134600 0.106300 0.143000 0.131900 0.125500 0.159800 0.079600 0.125800 0.133300 0.136100 0.135700 0.174700 0.008200 0.008200
MuntiacusR 0.052200 0.369200 0.136100 0.240500 0.135200 0.052200 0.081100 0.125300 0.104900 0.008600 0.062800 0.097600 0.062400 0.071300 0.138800 0.088800 0.097300 0.070700 0.071400 0.125500 0.079700 0.044200 0.062600 0.080400 0.063300 0.116300 0.079300 0.125500 0.106300 0.125500 0.000000 0.098700 0.163900 0.061700 0.077400 0.081000 0.052800 0.108400 0.080100 0.052300 0.107000 0.105900 0.000000 0.105600 0.081200 0.090000 0.079400 0.119200 0.119000 0.137900 0.134500 0.134500
HarveysDui 0.087800 0.369000 0.135100 0.228300 0.115200 0.087800 0.035200 0.087400 0.104200 0.107700 0.062500 0.078500 0.079800 0.043700 0.118300 0.070900 0.096500 0.052100 0.071000 0.124700 0.060800 0.080100 0.118700 0.136700 0.063000 0.096300 0.077600 0.124700 0.086400 0.124600 0.098700 0.000000 0.182600 0.079800 0.096000 0.061900 0.071200 0.126800 0.070600 0.088900 0.163900 0.086900 0.098700 0.142200 0.062100 0.089500 0.070000 0.099300 0.080300 0.117600 0.133500 0.133500
Pronghorn 0.161400 0.452400 0.191300 0.326700 0.170500 0.161400 0.166400 0.141400 0.197200 0.153300 0.156000 0.151400 0.154000 0.174400 0.174600 0.164100 0.170300 0.143200 0.144800 0.220800 0.172300 0.174000 0.196000 0.173900 0.157400 0.170700 0.132800 0.220800 0.140900 0.220800 0.163900 0.182600 0.000000 0.154000 0.169300 0.155100 0.163400 0.163300 0.153600 0.163500 0.221300 0.178900 0.163900 0.198500 0.175600 0.164200 0.171600 0.195400 0.215900 0.214500 0.209400 0.209400
BlueWildeb 0.042800 0.356600 0.107200 0.229100 0.106500 0.043200 0.062800 0.097000 0.077700 0.070800 0.035600 0.070000 0.000000 0.052900 0.109300 0.061100 0.069700 0.043200 0.044000 0.097200 0.052400 0.053100 0.090600 0.108500 0.035500 0.088100 0.017100 0.097200 0.078600 0.097200 0.061700 0.079800 0.154000 0.000000 0.051600 0.053200 0.043700 0.080100 0.070900 0.061800 0.135500 0.078200 0.061900 0.133700 0.053400 0.062200 0.070200 0.090300 0.090100 0.089700 0.106000 0.106000
Gemsbok 0.042200 0.396700 0.123100 0.201600 0.103900 0.042200 0.078600 0.112900 0.093400 0.087000 0.052200 0.086100 0.051500 0.069500 0.125500 0.078500 0.086100 0.060000 0.059900 0.113100 0.051200 0.068500 0.107000 0.106000 0.051900 0.104100 0.068400 0.113100 0.076800 0.113100 0.077400 0.096000 0.169300 0.051600 0.000000 0.069800 0.042300 0.077100 0.087200 0.078200 0.151200 0.094100 0.078300 0.148100 0.069700 0.078500 0.086300 0.088000 0.087300 0.106100 0.120600 0.121800
Yak 0.061500 0.347700 0.088800 0.197900 0.088700 0.061500 0.044800 0.097800 0.078200 0.090000 0.053700 0.052300 0.053200 0.053400 0.110100 0.061800 0.070200 0.043900 0.062700 0.079300 0.052800 0.071700 0.089700 0.109400 0.054400 0.070300 0.070000 0.079300 0.060300 0.079300 0.081000 0.061900 0.155100 0.053200 0.069800 0.000000 0.062200 0.080500 0.071400 0.044100 0.136500 0.078800 0.080600 0.097500 0.017600 0.063600 0.070700 0.091000 0.071900 0.090300 0.069800 0.069800
BlueSheep 0.034400 0.369200 0.116400 0.195800 0.096900 0.034200 0.053600 0.087800 0.086400 0.061600 0.026300 0.078900 0.043300 0.043900 0.099700 0.052900 0.078000 0.052400 0.035000 0.106300 0.043600 0.026200 0.099900 0.117900 0.026500 0.078900 0.061000 0.106300 0.069400 0.106300 0.052800 0.071200 0.163400 0.043700 0.042300 0.062200 0.000000 0.070700 0.061700 0.070400 0.145500 0.068500 0.053000 0.142900 0.062400 0.052900 0.061100 0.062300 0.080700 0.099000 0.115100 0.115100
BohorReedb 0.088100 0.408400 0.135600 0.262600 0.042700 0.088100 0.110000 0.124900 0.123200 0.117500 0.081200 0.097300 0.080100 0.098100 0.138200 0.108600 0.096900 0.088800 0.071200 0.145000 0.098000 0.098900 0.138800 0.137200 0.081900 0.115900 0.079000 0.144300 0.087500 0.144300 0.108400 0.126800 0.163300 0.080100 0.077100 0.080500 0.070700 0.000000 0.117700 0.087700 0.164400 0.124300 0.107000 0.162200 0.099900 0.089600 0.097600 0.118800 0.098900 0.137300 0.134000 0.134000
KirksDik 0.078900 0.344600 0.145400 0.239200 0.125300 0.078900 0.035400 0.096700 0.113800 0.070600 0.053500 0.088000 0.070900 0.044000 0.108600 0.062000 0.106300 0.079600 0.062200 0.134600 0.052300 0.071100 0.128900 0.145500 0.053900 0.088100 0.088300 0.134600 0.078500 0.134600 0.080100 0.070600 0.153600 0.070900 0.087200 0.071400 0.061700 0.117700 0.000000 0.098700 0.174500 0.078100 0.080100 0.152500 0.071600 0.080500 0.052100 0.089700 0.090100 0.108500 0.143600 0.143600
RoeDeer 0.069900 0.394300 0.116500 0.239800 0.115700 0.069900 0.072000 0.125100 0.084800 0.061200 0.062600 0.077800 0.061400 0.080500 0.118700 0.089700 0.078600 0.052400 0.071300 0.106300 0.079500 0.062000 0.062500 0.080200 0.063000 0.097200 0.079100 0.106900 0.087500 0.106300 0.052300 0.088900 0.163500 0.061800 0.078200 0.044100 0.070400 0.087700 0.098700 0.000000 0.106800 0.105600 0.052100 0.086900 0.062400 0.071100 0.097700 0.099600 0.099400 0.118000 0.096200 0.096500
WhiteLippe 0.143200 0.469700 0.153200 0.305000 0.191400 0.143200 0.147300 0.181300 0.122000 0.115900 0.137400 0.133200 0.135500 0.155800 0.176000 0.165300 0.132800 0.125100 0.126200 0.143000 0.153800 0.136000 0.061800 0.079100 0.138500 0.191900 0.133700 0.143000 0.161100 0.143000 0.107000 0.163900 0.221300 0.135500 0.151200 0.136500 0.145500 0.164400 0.174500 0.106800 0.000000 0.180300 0.107300 0.122500 0.137000 0.165200 0.153000 0.176300 0.175900 0.216100 0.151900 0.151900
ThomsonGaz 0.086100 0.398400 0.132400 0.245600 0.131600 0.086100 0.070300 0.076900 0.111500 0.114700 0.061200 0.077000 0.079000 0.060600 0.116000 0.034200 0.092900 0.068900 0.069700 0.131900 0.059500 0.078500 0.135500 0.153400 0.061700 0.025000 0.095300 0.131900 0.050500 0.131900 0.105900 0.086900 0.178900 0.078200 0.094100 0.078800 0.068500 0.124300 0.078100 0.105600 0.180300 0.000000 0.105900 0.158500 0.077800 0.087700 0.077400 0.116200 0.097100 0.096800 0.140700 0.140700
MuntiacusC 0.052200 0.369200 0.136100 0.240500 0.135200 0.052200 0.080600 0.125300 0.104900 0.008600 0.062800 0.097200 0.061800 0.071500 0.138800 0.089900 0.097300 0.070700 0.071400 0.125500 0.079700 0.044000 0.062600 0.080400 0.063400 0.116300 0.079300 0.125500 0.106300 0.125500 0.000000 0.098700 0.163900 0.061900 0.078300 0.080600 0.053000 0.107000 0.080100 0.052100 0.107300 0.105900 0.000000 0.105600 0.081200 0.089800 0.079400 0.119200 0.119000 0.137900 0.134500 0.134000
WhiteTaile 0.141200 0.422500 0.190200 0.278900 0.169200 0.141100 0.125800 0.178700 0.138500 0.114400 0.135500 0.131500 0.133700 0.115300 0.153800 0.143500 0.150000 0.123400 0.143800 0.159800 0.132600 0.134100 0.116000 0.060000 0.136600 0.150200 0.151000 0.159800 0.140000 0.159800 0.105600 0.142200 0.198500 0.133700 0.148100 0.097500 0.142900 0.162200 0.152500 0.086900 0.122500 0.158500 0.105600 0.000000 0.115900 0.143500 0.151000 0.173900 0.153600 0.172500 0.149400 0.149400
Cattle 0.061700 0.337700 0.089400 0.198500 0.107600 0.061700 0.044900 0.098000 0.078400 0.090300 0.054100 0.052500 0.053400 0.053500 0.110400 0.062700 0.070400 0.044000 0.062800 0.079600 0.052900 0.072000 0.091600 0.109700 0.054600 0.089000 0.070900 0.078700 0.079300 0.079600 0.081200 0.062100 0.175600 0.053400 0.069700 0.017600 0.062400 0.099900 0.071600 0.062400 0.137000 0.077800 0.081200 0.115900 0.000000 0.081400 0.069800 0.091300 0.072100 0.108200 0.088400 0.088400
RoyalAntel 0.070200 0.398000 0.136300 0.218900 0.097500 0.070200 0.072000 0.106800 0.105100 0.099000 0.044100 0.097800 0.062000 0.062000 0.119500 0.071500 0.097400 0.070800 0.053300 0.125800 0.061700 0.062200 0.119600 0.138000 0.045000 0.079500 0.079500 0.125800 0.069300 0.125800 0.090000 0.089500 0.164200 0.062200 0.078500 0.063600 0.052900 0.089600 0.080500 0.071100 0.165200 0.087700 0.089800 0.143500 0.081400 0.000000 0.079700 0.090800 0.081100 0.080600 0.115600 0.115600
Steenbok 0.078200 0.365500 0.124700 0.238000 0.105300 0.078200 0.053100 0.077800 0.112700 0.088200 0.053000 0.069100 0.070200 0.043100 0.108100 0.061400 0.086900 0.078800 0.043600 0.133300 0.051800 0.070400 0.126200 0.126200 0.053400 0.087200 0.069300 0.133300 0.059900 0.133300 0.079400 0.070000 0.171600 0.070200 0.086300 0.070700 0.061100 0.097600 0.052100 0.097700 0.153000 0.077400 0.079400 0.151000 0.069800 0.079700 0.000000 0.108300 0.089200 0.107400 0.142200 0.142200
Impala 0.098400 0.386900 0.146800 0.229900 0.136300 0.098400 0.082300 0.136100 0.114900 0.108900 0.072700 0.107600 0.090300 0.090800 0.090400 0.100300 0.107300 0.080300 0.081400 0.136100 0.089700 0.090600 0.130200 0.147800 0.063700 0.126900 0.108000 0.136100 0.116700 0.136100 0.119200 0.099300 0.195400 0.090300 0.088000 0.091000 0.062300 0.118800 0.089700 0.099600 0.176300 0.116200 0.119200 0.173900 0.091300 0.090800 0.108300 0.000000 0.100600 0.129200 0.145100 0.145100
Klipspring 0.060700 0.361200 0.146500 0.242700 0.088000 0.060300 0.063200 0.116500 0.114600 0.128200 0.072500 0.088600 0.089300 0.071800 0.129600 0.080600 0.107000 0.080100 0.081300 0.135700 0.070900 0.090400 0.129900 0.148300 0.073200 0.107500 0.107800 0.135200 0.097600 0.135700 0.119000 0.080300 0.215900 0.090100 0.087300 0.071900 0.080700 0.098900 0.090100 0.099400 0.175900 0.097100 0.119000 0.153600 0.072100 0.081100 0.089200 0.100600 0.000000 0.128800 0.144700 0.144700
ForestMusk 0.116500 0.371900 0.185900 0.264400 0.144600 0.116500 0.101100 0.135000 0.152300 0.147000 0.091100 0.125800 0.089700 0.090100 0.148900 0.099400 0.125700 0.098900 0.099700 0.174700 0.089000 0.109000 0.169400 0.188300 0.082000 0.106800 0.106300 0.174700 0.097000 0.174700 0.137900 0.117600 0.214500 0.089700 0.106100 0.090300 0.099000 0.137300 0.108500 0.118000 0.216100 0.096800 0.137900 0.172500 0.108200 0.080600 0.107400 0.129200 0.128800 0.000000 0.163700 0.163700
Bushbuck 0.113800 0.409000 0.067800 0.255300 0.160400 0.113800 0.117000 0.170100 0.024700 0.143500 0.107400 0.104000 0.106000 0.125200 0.164600 0.134600 0.122400 0.096100 0.115800 0.008200 0.123800 0.125100 0.126400 0.144100 0.108300 0.132300 0.124400 0.008200 0.131400 0.008200 0.134500 0.133500 0.209400 0.106000 0.120600 0.069800 0.115100 0.134000 0.143600 0.096200 0.151900 0.140700 0.134500 0.149400 0.088400 0.115600 0.142200 0.145100 0.144700 0.163700 0.000000 0.000000
GreaterKud 0.113600 0.409000 0.067800 0.255300 0.160400 0.113800 0.117000 0.170100 0.024700 0.143500 0.107400 0.104000 0.106000 0.125200 0.164600 0.134600 0.122400 0.095500 0.115800 0.008200 0.123800 0.125100 0.126400 0.144100 0.108300 0.132300 0.123200 0.008200 0.131400 0.008200 0.134500 0.133500 0.209400 0.106000 0.121800 0.069800 0.115100 0.134000 0.143600 0.096500 0.151900 0.140700 0.134000 0.149400 0.088400 0.115600 0.142200 0.145100 0.144700 0.163700 0.000000 0.000000
