CODONML (in paml version 4.10.7, June 2023)  /home/rachel/ruminants_paml/6406-phy-tree/ENSBTAT00000043366.fasta.phy
Model: free dN/dS Ratios for branches,  kappa = 2.000 fixed

Codon frequency model: F3x4
ns =  54  ls =  83

Codon usage in sequences
--------------------------------------------------------------------------------------------------------------------------------------
Phe TTT   1   1   1   1   1   1 | Ser TCT   0   0   0   0   0   0 | Tyr TAT   0   0   0   0   0   0 | Cys TGT   0   0   0   0   0   0
    TTC   0   0   0   0   0   0 |     TCC   0   0   0   0   0   0 |     TAC   3   3   3   3   3   3 |     TGC   0   0   0   0   0   0
Leu TTA   1   1   1   1   2   1 |     TCA   0   0   0   0   0   1 | *** TAA   0   0   0   0   0   0 | *** TGA   0   0   0   0   0   0
    TTG   3   4   4   4   3   3 |     TCG   0   1   0   0   0   0 |     TAG   0   0   0   0   0   0 | Trp TGG   1   1   1   1   1   1
--------------------------------------------------------------------------------------------------------------------------------------
Leu CTT   1   1   1   2   2   1 | Pro CCT   2   2   1   3   2   2 | His CAT   0   0   0   0   0   0 | Arg CGT   0   0   0   0   1   0
    CTC   2   2   2   1   1   1 |     CCC   1   1   3   0   0   0 |     CAC   1   1   1   1   1   1 |     CGC   2   2   2   2   1   2
    CTA   2   1   2   2   1   2 |     CCA   2   2   1   2   3   3 | Gln CAA   1   0   1   1   0   0 |     CGA   1   1   1   1   0   0
    CTG   3   2   2   2   3   3 |     CCG   0   0   0   0   0   0 |     CAG   4   5   4   4   6   6 |     CGG   0   0   0   0   0   0
--------------------------------------------------------------------------------------------------------------------------------------
Ile ATT   0   0   0   0   0   0 | Thr ACT   1   0   1   1   1   1 | Asn AAT   0   0   0   0   0   0 | Ser AGT   0   0   0   0   0   1
    ATC   0   0   1   0   2   1 |     ACC   0   1   0   0   0   0 |     AAC   1   1   1   1   1   1 |     AGC   1   1   2   1   1   1
    ATA   1   1   1   1   0   1 |     ACA   1   1   1   1   0   1 | Lys AAA   3   3   4   3   2   3 | Arg AGA   2   2   1   2   4   3
Met ATG   2   2   2   2   2   2 |     ACG   0   0   0   0   1   0 |     AAG   3   3   2   3   3   3 |     AGG   1   1   2   1   1   1
--------------------------------------------------------------------------------------------------------------------------------------
Val GTT   3   3   2   3   2   3 | Ala GCT   2   2   2   2   2   1 | Asp GAT   5   5   5   6   4   6 | Gly GGT   3   5   3   4   5   3
    GTC   3   4   3   2   3   1 |     GCC   2   1   2   3   2   3 |     GAC   4   3   4   3   4   3 |     GGC   2   0   1   1   0   1
    GTA   0   0   0   0   0   1 |     GCA   3   3   2   2   2   3 | Glu GAA   3   4   3   3   3   3 |     GGA   0   0   0   0   0   0
    GTG   1   1   1   2   1   1 |     GCG   0   0   1   0   1   0 |     GAG   5   5   5   5   5   4 |     GGG   0   0   0   0   0   0
--------------------------------------------------------------------------------------------------------------------------------------

--------------------------------------------------------------------------------------------------------------------------------------
Phe TTT   1   1   1   1   2   1 | Ser TCT   0   0   0   0   0   0 | Tyr TAT   0   0   0   0   0   0 | Cys TGT   0   0   0   0   0   0
    TTC   0   0   0   0   0   0 |     TCC   0   0   0   0   0   0 |     TAC   3   3   3   3   3   3 |     TGC   0   0   0   0   0   0
Leu TTA   1   1   1   1   1   1 |     TCA   0   0   0   0   0   0 | *** TAA   0   0   0   0   0   0 | *** TGA   0   0   0   0   0   0
    TTG   4   3   5   5   4   3 |     TCG   0   0   0   0   0   1 |     TAG   0   0   0   0   0   0 | Trp TGG   1   1   1   1   1   1
--------------------------------------------------------------------------------------------------------------------------------------
Leu CTT   1   1   1   2   0   2 | Pro CCT   2   2   2   2   1   2 | His CAT   0   0   0   0   0   0 | Arg CGT   0   0   0   1   0   0
    CTC   2   2   2   1   2   1 |     CCC   1   1   1   1   3   1 |     CAC   1   1   1   1   1   1 |     CGC   2   2   2   1   2   2
    CTA   2   2   2   2   2   1 |     CCA   2   2   2   2   1   2 | Gln CAA   1   1   1   1   1   1 |     CGA   1   1   1   1   1   1
    CTG   2   3   1   1   2   3 |     CCG   0   0   0   0   0   0 |     CAG   4   4   4   4   4   4 |     CGG   0   0   0   0   0   0
--------------------------------------------------------------------------------------------------------------------------------------
Ile ATT   0   0   0   0   0   0 | Thr ACT   1   1   1   1   1   2 | Asn AAT   0   0   0   0   0   0 | Ser AGT   0   0   0   0   0   0
    ATC   0   0   0   0   0   0 |     ACC   0   0   0   0   0   0 |     AAC   1   1   1   1   2   1 |     AGC   1   1   1   1   1   1
    ATA   1   1   1   1   1   1 |     ACA   1   1   1   1   1   0 | Lys AAA   3   3   2   3   3   1 | Arg AGA   2   2   2   2   1   2
Met ATG   2   2   2   2   2   2 |     ACG   0   0   0   0   0   0 |     AAG   3   3   4   3   3   5 |     AGG   1   1   1   1   2   1
--------------------------------------------------------------------------------------------------------------------------------------
Val GTT   3   3   3   3   2   3 | Ala GCT   3   2   2   2   2   2 | Asp GAT   6   5   6   5   6   7 | Gly GGT   3   3   3   3   3   3
    GTC   3   3   3   3   4   3 |     GCC   2   2   2   2   2   3 |     GAC   3   4   3   4   3   2 |     GGC   1   2   2   2   1   1
    GTA   0   0   0   0   0   0 |     GCA   3   3   3   3   2   3 | Glu GAA   2   3   3   4   3   3 |     GGA   0   0   0   0   0   0
    GTG   1   1   1   1   1   1 |     GCG   0   0   0   0   1   0 |     GAG   6   5   5   4   5   5 |     GGG   0   0   0   0   0   0
--------------------------------------------------------------------------------------------------------------------------------------

--------------------------------------------------------------------------------------------------------------------------------------
Phe TTT   1   1   1   1   1   1 | Ser TCT   0   0   0   0   0   0 | Tyr TAT   0   0   0   0   0   0 | Cys TGT   0   0   0   0   0   0
    TTC   0   0   0   0   0   0 |     TCC   0   0   0   0   0   0 |     TAC   3   3   3   3   3   3 |     TGC   0   0   0   0   0   0
Leu TTA   1   1   1   1   1   1 |     TCA   0   0   0   0   0   0 | *** TAA   0   0   0   0   0   0 | *** TGA   0   0   0   0   0   0
    TTG   4   5   5   5   5   4 |     TCG   0   0   0   0   0   0 |     TAG   0   0   0   0   0   0 | Trp TGG   1   1   1   1   1   1
--------------------------------------------------------------------------------------------------------------------------------------
Leu CTT   1   1   1   1   1   1 | Pro CCT   2   2   2   1   2   2 | His CAT   0   0   0   0   0   0 | Arg CGT   0   0   1   0   0   1
    CTC   2   2   2   2   2   2 |     CCC   1   2   1   2   1   1 |     CAC   1   1   1   1   1   1 |     CGC   2   2   1   2   2   1
    CTA   2   2   2   2   2   2 |     CCA   2   1   2   2   2   2 | Gln CAA   1   1   1   1   0   1 |     CGA   1   1   1   1   1   1
    CTG   2   1   1   1   1   2 |     CCG   0   0   0   0   0   0 |     CAG   4   4   4   4   5   4 |     CGG   0   0   0   0   0   0
--------------------------------------------------------------------------------------------------------------------------------------
Ile ATT   0   0   0   0   0   0 | Thr ACT   1   1   1   1   1   1 | Asn AAT   0   0   0   0   0   0 | Ser AGT   0   0   0   0   0   0
    ATC   0   0   0   0   0   0 |     ACC   0   0   0   0   0   0 |     AAC   1   1   1   1   1   1 |     AGC   1   2   1   1   1   1
    ATA   1   1   1   1   1   1 |     ACA   1   0   1   1   1   1 | Lys AAA   3   3   3   3   3   3 | Arg AGA   2   1   2   2   2   2
Met ATG   2   2   2   2   2   2 |     ACG   0   1   0   0   0   0 |     AAG   3   3   3   3   3   3 |     AGG   1   2   1   1   1   1
--------------------------------------------------------------------------------------------------------------------------------------
Val GTT   3   3   3   3   3   3 | Ala GCT   2   2   2   2   2   2 | Asp GAT   6   6   6   6   6   6 | Gly GGT   3   3   3   3   3   3
    GTC   3   3   3   3   3   3 |     GCC   2   2   2   2   2   2 |     GAC   3   3   3   3   3   3 |     GGC   2   1   2   2   1   2
    GTA   0   0   0   0   0   0 |     GCA   3   3   3   3   3   3 | Glu GAA   3   3   3   3   3   4 |     GGA   0   0   0   0   0   0
    GTG   1   1   1   1   1   1 |     GCG   0   0   0   0   0   0 |     GAG   5   5   5   5   5   4 |     GGG   0   0   0   0   1   0
--------------------------------------------------------------------------------------------------------------------------------------

--------------------------------------------------------------------------------------------------------------------------------------
Phe TTT   1   1   1   2   1   1 | Ser TCT   0   0   0   0   0   0 | Tyr TAT   0   0   0   0   0   0 | Cys TGT   0   0   0   0   0   0
    TTC   0   0   0   0   0   0 |     TCC   0   0   0   0   0   0 |     TAC   3   3   3   3   3   3 |     TGC   0   0   0   0   0   0
Leu TTA   1   1   1   1   1   1 |     TCA   0   0   0   0   0   0 | *** TAA   0   0   0   0   0   0 | *** TGA   0   0   0   0   0   0
    TTG   4   4   3   4   4   4 |     TCG   1   1   0   0   0   0 |     TAG   0   0   0   0   0   0 | Trp TGG   1   1   1   1   1   1
--------------------------------------------------------------------------------------------------------------------------------------
Leu CTT   2   2   1   0   1   1 | Pro CCT   2   2   2   1   2   2 | His CAT   0   0   0   0   0   0 | Arg CGT   0   0   0   0   0   0
    CTC   1   1   2   2   2   2 |     CCC   1   1   1   3   1   1 |     CAC   1   1   1   1   1   1 |     CGC   2   2   2   2   2   2
    CTA   1   2   2   2   2   2 |     CCA   2   2   2   1   2   2 | Gln CAA   1   1   1   1   1   1 |     CGA   1   1   1   1   1   1
    CTG   2   1   3   2   2   2 |     CCG   0   0   0   0   0   0 |     CAG   4   4   4   4   4   4 |     CGG   0   0   0   0   0   0
--------------------------------------------------------------------------------------------------------------------------------------
Ile ATT   0   0   0   0   0   0 | Thr ACT   1   1   1   1   1   1 | Asn AAT   0   0   0   0   0   0 | Ser AGT   0   0   0   0   0   0
    ATC   1   1   0   0   0   0 |     ACC   0   0   0   0   0   0 |     AAC   1   1   1   2   1   1 |     AGC   1   2   1   1   1   1
    ATA   1   1   1   1   1   1 |     ACA   1   1   1   0   1   1 | Lys AAA   3   3   3   3   3   3 | Arg AGA   2   2   2   1   2   2
Met ATG   2   2   2   2   2   2 |     ACG   0   0   0   1   0   0 |     AAG   3   3   3   3   3   3 |     AGG   1   1   1   2   1   1
--------------------------------------------------------------------------------------------------------------------------------------
Val GTT   3   3   3   2   3   3 | Ala GCT   3   2   2   2   2   2 | Asp GAT   6   6   6   6   6   6 | Gly GGT   3   3   3   3   3   3
    GTC   2   2   3   4   3   3 |     GCC   1   1   2   2   2   2 |     GAC   3   3   3   3   3   3 |     GGC   2   1   2   1   2   2
    GTA   0   0   0   0   0   0 |     GCA   3   3   3   2   3   3 | Glu GAA   4   4   3   3   3   3 |     GGA   0   0   0   0   0   0
    GTG   1   1   1   1   1   1 |     GCG   0   1   0   1   0   0 |     GAG   4   4   5   5   5   5 |     GGG   0   0   0   0   0   0
--------------------------------------------------------------------------------------------------------------------------------------

--------------------------------------------------------------------------------------------------------------------------------------
Phe TTT   1   1   1   1   1   2 | Ser TCT   0   0   0   0   0   0 | Tyr TAT   0   0   0   0   0   0 | Cys TGT   0   0   0   0   0   0
    TTC   0   0   0   0   0   0 |     TCC   0   0   0   0   0   0 |     TAC   3   3   3   3   3   3 |     TGC   0   0   0   0   0   0
Leu TTA   1   1   1   1   1   1 |     TCA   0   0   0   0   0   0 | *** TAA   0   0   0   0   0   0 | *** TGA   0   0   0   0   0   0
    TTG   3   3   4   4   5   4 |     TCG   1   0   0   0   0   0 |     TAG   0   0   0   0   0   0 | Trp TGG   1   1   1   1   1   1
--------------------------------------------------------------------------------------------------------------------------------------
Leu CTT   2   2   1   1   1   0 | Pro CCT   3   2   2   2   2   1 | His CAT   0   0   0   0   0   0 | Arg CGT   0   0   0   1   1   0
    CTC   1   1   2   3   2   2 |     CCC   0   1   1   1   1   3 |     CAC   1   1   1   1   1   1 |     CGC   2   2   2   1   1   2
    CTA   2   1   2   1   2   2 |     CCA   1   2   2   2   2   1 | Gln CAA   1   0   1   1   1   1 |     CGA   1   1   1   1   1   1
    CTG   2   4   2   2   1   2 |     CCG   1   0   0   0   0   0 |     CAG   4   5   4   4   4   4 |     CGG   0   0   0   0   0   0
--------------------------------------------------------------------------------------------------------------------------------------
Ile ATT   0   0   0   0   0   0 | Thr ACT   1   1   1   1   1   1 | Asn AAT   0   0   0   0   0   0 | Ser AGT   0   0   0   0   0   0
    ATC   0   0   0   0   0   0 |     ACC   0   0   0   0   0   0 |     AAC   1   1   1   1   1   2 |     AGC   1   1   1   1   1   1
    ATA   1   1   1   1   1   1 |     ACA   1   1   1   1   1   0 | Lys AAA   2   1   3   3   3   4 | Arg AGA   2   2   2   2   2   1
Met ATG   2   2   2   2   2   2 |     ACG   0   0   0   0   0   1 |     AAG   4   5   3   3   3   2 |     AGG   1   1   1   1   1   2
--------------------------------------------------------------------------------------------------------------------------------------
Val GTT   3   3   3   3   3   2 | Ala GCT   2   2   2   2   2   2 | Asp GAT   7   7   6   6   6   6 | Gly GGT   3   3   3   3   3   3
    GTC   3   3   3   3   3   4 |     GCC   2   2   2   2   2   2 |     GAC   2   2   3   3   3   3 |     GGC   2   2   2   2   2   1
    GTA   0   0   0   0   0   0 |     GCA   3   3   3   3   3   2 | Glu GAA   3   3   3   3   3   3 |     GGA   0   0   0   0   0   0
    GTG   1   1   1   1   1   1 |     GCG   0   0   0   0   0   1 |     GAG   5   5   5   5   5   5 |     GGG   0   0   0   0   0   0
--------------------------------------------------------------------------------------------------------------------------------------

--------------------------------------------------------------------------------------------------------------------------------------
Phe TTT   1   1   1   1   1   1 | Ser TCT   0   0   0   0   0   0 | Tyr TAT   0   0   0   0   0   0 | Cys TGT   0   0   0   0   0   0
    TTC   0   0   0   0   0   0 |     TCC   0   0   0   0   0   0 |     TAC   3   3   3   3   3   3 |     TGC   0   0   0   0   0   0
Leu TTA   1   1   1   1   1   1 |     TCA   0   0   0   0   1   0 | *** TAA   0   0   0   0   0   0 | *** TGA   0   0   0   0   0   0
    TTG   4   4   3   5   3   5 |     TCG   0   0   1   0   0   0 |     TAG   0   0   0   0   0   0 | Trp TGG   1   1   1   1   1   1
--------------------------------------------------------------------------------------------------------------------------------------
Leu CTT   1   1   2   1   2   1 | Pro CCT   2   1   2   2   2   3 | His CAT   1   0   0   0   0   0 | Arg CGT   0   0   0   0   0   1
    CTC   2   2   1   2   1   2 |     CCC   1   3   1   1   1   0 |     CAC   1   1   1   1   1   1 |     CGC   1   2   2   2   2   1
    CTA   2   2   1   2   1   2 |     CCA   2   1   2   2   2   2 | Gln CAA   1   1   1   1   1   1 |     CGA   1   1   1   1   1   1
    CTG   2   2   3   1   3   1 |     CCG   0   0   0   0   0   0 |     CAG   4   4   4   4   4   4 |     CGG   0   0   0   0   0   0
--------------------------------------------------------------------------------------------------------------------------------------
Ile ATT   0   0   0   0   0   0 | Thr ACT   1   1   1   1   1   1 | Asn AAT   0   0   0   0   0   0 | Ser AGT   0   0   0   0   0   0
    ATC   0   0   0   0   0   0 |     ACC   0   0   0   0   0   0 |     AAC   1   1   1   1   1   1 |     AGC   1   2   1   1   1   1
    ATA   1   1   1   1   1   1 |     ACA   1   1   1   1   1   1 | Lys AAA   3   4   1   3   2   3 | Arg AGA   2   1   2   2   1   2
Met ATG   2   2   2   2   2   2 |     ACG   0   0   0   0   0   0 |     AAG   3   2   5   3   4   3 |     AGG   1   2   1   1   2   1
--------------------------------------------------------------------------------------------------------------------------------------
Val GTT   3   2   3   3   3   3 | Ala GCT   2   2   2   2   1   2 | Asp GAT   6   6   7   6   4   6 | Gly GGT   4   3   3   3   3   3
    GTC   3   4   3   3   3   3 |     GCC   2   2   3   2   4   2 |     GAC   3   3   2   3   5   3 |     GGC   1   1   1   2   1   2
    GTA   0   0   0   0   0   0 |     GCA   3   2   3   3   1   3 | Glu GAA   3   3   3   3   2   3 |     GGA   0   0   0   0   1   0
    GTG   1   1   1   1   1   1 |     GCG   0   1   0   0   1   0 |     GAG   5   5   5   5   5   5 |     GGG   0   0   0   0   1   0
--------------------------------------------------------------------------------------------------------------------------------------

--------------------------------------------------------------------------------------------------------------------------------------
Phe TTT   1   1   1   1   1   1 | Ser TCT   0   0   0   0   0   0 | Tyr TAT   0   0   0   0   0   0 | Cys TGT   0   0   0   0   0   0
    TTC   0   0   0   0   0   0 |     TCC   0   0   0   0   0   0 |     TAC   3   3   3   3   3   3 |     TGC   0   0   0   0   0   0
Leu TTA   1   1   1   1   1   1 |     TCA   0   0   0   0   0   0 | *** TAA   0   0   0   0   0   0 | *** TGA   0   0   0   0   0   0
    TTG   5   4   3   4   3   3 |     TCG   0   0   0   0   0   1 |     TAG   0   0   0   0   0   0 | Trp TGG   1   1   1   1   1   1
--------------------------------------------------------------------------------------------------------------------------------------
Leu CTT   2   2   1   1   1   2 | Pro CCT   2   2   2   3   3   2 | His CAT   0   0   0   0   0   0 | Arg CGT   0   0   0   0   0   0
    CTC   1   1   2   2   2   0 |     CCC   1   2   1   0   0   1 |     CAC   1   1   1   1   1   1 |     CGC   2   2   2   2   2   2
    CTA   2   2   2   2   2   2 |     CCA   2   1   2   2   2   2 | Gln CAA   2   1   1   1   1   1 |     CGA   1   1   1   1   1   1
    CTG   1   2   3   2   3   3 |     CCG   0   0   0   0   0   0 |     CAG   3   4   4   4   4   4 |     CGG   0   0   0   0   0   0
--------------------------------------------------------------------------------------------------------------------------------------
Ile ATT   0   0   0   0   0   0 | Thr ACT   1   1   1   1   1   1 | Asn AAT   0   0   0   0   0   0 | Ser AGT   0   0   0   0   0   0
    ATC   0   0   0   1   0   0 |     ACC   0   0   0   0   0   0 |     AAC   1   1   1   1   1   1 |     AGC   2   1   1   1   2   1
    ATA   1   1   1   1   1   1 |     ACA   1   1   1   1   1   1 | Lys AAA   3   3   3   3   3   1 | Arg AGA   2   1   2   2   2   2
Met ATG   2   2   2   2   2   2 |     ACG   0   0   0   0   0   0 |     AAG   3   3   3   3   3   5 |     AGG   1   2   1   1   1   1
--------------------------------------------------------------------------------------------------------------------------------------
Val GTT   3   3   3   3   3   3 | Ala GCT   2   2   2   2   2   2 | Asp GAT   6   5   6   6   5   7 | Gly GGT   3   3   3   3   3   3
    GTC   3   3   3   2   3   3 |     GCC   2   2   2   3   2   2 |     GAC   3   4   3   3   4   2 |     GGC   1   2   2   1   1   2
    GTA   0   0   0   0   0   0 |     GCA   3   3   3   3   3   3 | Glu GAA   3   2   3   3   3   3 |     GGA   0   0   0   0   0   0
    GTG   1   1   1   1   1   1 |     GCG   0   0   0   0   0   0 |     GAG   5   6   5   5   5   5 |     GGG   0   0   0   0   0   0
--------------------------------------------------------------------------------------------------------------------------------------

--------------------------------------------------------------------------------------------------------------------------------------
Phe TTT   1   1   1   1   1   1 | Ser TCT   0   0   0   0   0   0 | Tyr TAT   0   0   0   0   0   0 | Cys TGT   0   0   0   0   0   0
    TTC   0   0   0   0   0   0 |     TCC   0   0   0   0   0   0 |     TAC   3   3   3   3   3   3 |     TGC   0   0   0   0   0   0
Leu TTA   1   1   1   1   1   1 |     TCA   0   0   0   0   0   0 | *** TAA   0   0   0   0   0   0 | *** TGA   0   0   0   0   0   0
    TTG   3   4   3   3   4   5 |     TCG   1   0   1   0   0   0 |     TAG   0   0   0   0   0   0 | Trp TGG   1   1   1   1   1   1
--------------------------------------------------------------------------------------------------------------------------------------
Leu CTT   2   1   2   2   2   2 | Pro CCT   3   2   2   2   2   2 | His CAT   0   0   0   0   0   0 | Arg CGT   0   0   0   0   0   0
    CTC   1   2   1   1   1   1 |     CCC   0   1   1   1   2   1 |     CAC   1   1   1   1   1   1 |     CGC   2   2   2   2   2   2
    CTA   2   2   1   2   2   2 |     CCA   1   2   2   2   1   2 | Gln CAA   1   1   1   2   1   1 |     CGA   1   1   1   1   1   1
    CTG   2   2   3   3   2   1 |     CCG   1   0   0   0   0   0 |     CAG   4   4   4   3   4   4 |     CGG   0   0   0   0   0   0
--------------------------------------------------------------------------------------------------------------------------------------
Ile ATT   0   0   0   0   0   0 | Thr ACT   1   1   1   1   1   1 | Asn AAT   0   0   0   1   0   0 | Ser AGT   0   0   0   0   0   0
    ATC   0   0   0   0   0   0 |     ACC   0   0   0   0   0   0 |     AAC   1   1   1   0   1   1 |     AGC   1   1   1   1   1   1
    ATA   1   1   1   1   1   1 |     ACA   1   1   1   1   1   1 | Lys AAA   1   3   1   1   3   3 | Arg AGA   2   2   2   2   1   2
Met ATG   2   2   2   2   2   2 |     ACG   0   0   0   0   0   0 |     AAG   5   3   5   5   3   3 |     AGG   1   1   1   1   2   1
--------------------------------------------------------------------------------------------------------------------------------------
Val GTT   3   3   3   3   3   3 | Ala GCT   2   2   2   2   2   2 | Asp GAT   7   6   7   6   5   6 | Gly GGT   3   3   3   4   3   3
    GTC   3   3   3   3   3   3 |     GCC   2   2   3   2   2   2 |     GAC   2   3   2   2   4   3 |     GGC   2   2   1   2   2   2
    GTA   0   0   0   0   0   0 |     GCA   3   3   3   3   3   3 | Glu GAA   3   3   3   3   2   3 |     GGA   0   0   0   0   0   0
    GTG   1   1   1   1   1   1 |     GCG   0   0   0   0   0   0 |     GAG   5   5   5   5   6   5 |     GGG   0   0   0   0   0   0
--------------------------------------------------------------------------------------------------------------------------------------

--------------------------------------------------------------------------------------------------------------------------------------
Phe TTT   1   1   1   1   2   1 | Ser TCT   0   0   0   0   0   0 | Tyr TAT   0   0   0   0   0   0 | Cys TGT   0   0   0   0   0   0
    TTC   0   0   0   0   0   0 |     TCC   0   0   0   0   0   0 |     TAC   3   3   3   3   3   3 |     TGC   0   0   0   0   0   0
Leu TTA   1   1   1   1   1   1 |     TCA   0   0   0   0   0   0 | *** TAA   0   0   0   0   0   0 | *** TGA   0   0   0   0   0   0
    TTG   4   5   4   4   4   4 |     TCG   0   0   0   0   0   0 |     TAG   0   0   0   0   0   0 | Trp TGG   1   1   1   1   1   1
--------------------------------------------------------------------------------------------------------------------------------------
Leu CTT   2   1   1   2   0   1 | Pro CCT   2   2   2   3   1   1 | His CAT   0   0   0   0   0   0 | Arg CGT   0   0   0   0   0   0
    CTC   1   2   2   1   2   2 |     CCC   1   1   1   0   3   3 |     CAC   1   1   1   1   1   1 |     CGC   2   2   2   2   2   2
    CTA   2   2   2   2   2   2 |     CCA   2   2   2   2   1   1 | Gln CAA   1   1   1   1   1   1 |     CGA   1   1   1   1   1   1
    CTG   2   1   2   2   2   2 |     CCG   0   0   0   0   0   0 |     CAG   4   4   5   4   4   4 |     CGG   0   0   0   0   0   0
--------------------------------------------------------------------------------------------------------------------------------------
Ile ATT   0   0   0   0   0   0 | Thr ACT   1   1   1   1   1   1 | Asn AAT   0   0   1   0   0   0 | Ser AGT   0   0   0   0   0   0
    ATC   0   1   0   0   0   0 |     ACC   0   0   0   0   0   0 |     AAC   1   1   0   1   2   1 |     AGC   1   1   1   1   1   2
    ATA   1   1   1   1   1   1 |     ACA   1   1   1   1   1   1 | Lys AAA   3   3   3   3   3   3 | Arg AGA   2   2   2   2   1   1
Met ATG   2   2   2   2   2   2 |     ACG   0   0   0   0   0   0 |     AAG   3   3   3   3   3   3 |     AGG   1   1   1   1   2   2
--------------------------------------------------------------------------------------------------------------------------------------
Val GTT   3   3   3   3   2   2 | Ala GCT   1   2   2   2   2   2 | Asp GAT   6   6   6   6   6   6 | Gly GGT   4   3   2   4   3   3
    GTC   3   2   3   2   4   4 |     GCC   2   2   2   3   2   2 |     GAC   3   3   3   3   3   3 |     GGC   1   2   3   1   1   1
    GTA   0   1   0   0   0   0 |     GCA   3   3   3   2   2   2 | Glu GAA   3   3   3   3   3   3 |     GGA   0   0   0   0   0   0
    GTG   1   0   1   2   1   1 |     GCG   1   0   0   0   1   1 |     GAG   5   5   4   5   5   5 |     GGG   0   0   0   0   0   0
--------------------------------------------------------------------------------------------------------------------------------------

Codon position x base (3x4) table for each sequence.

#1: Argali         
position  1:    T:0.10843    C:0.26506    A:0.19277    G:0.43373
position  2:    T:0.27711    C:0.16867    A:0.39759    G:0.15663
position  3:    T:0.21687    C:0.26506    A:0.24096    G:0.27711
Average         T:0.20080    C:0.23293    A:0.27711    G:0.28916

#2: LesserMouseDeer
position  1:    T:0.13253    C:0.24096    A:0.19277    G:0.43373
position  2:    T:0.27711    C:0.16867    A:0.39759    G:0.15663
position  3:    T:0.22892    C:0.24096    A:0.22892    G:0.30120
Average         T:0.21285    C:0.21687    A:0.27309    G:0.29719

#3: LesserKudu     
position  1:    T:0.12048    C:0.25301    A:0.21687    G:0.40964
position  2:    T:0.27711    C:0.16867    A:0.39759    G:0.15663
position  3:    T:0.19277    C:0.30120    A:0.21687    G:0.28916
Average         T:0.19679    C:0.24096    A:0.27711    G:0.28514

#4: ForestMuskDeer2
position  1:    T:0.12048    C:0.25301    A:0.19277    G:0.43373
position  2:    T:0.27711    C:0.16867    A:0.39759    G:0.15663
position  3:    T:0.26506    C:0.21687    A:0.22892    G:0.28916
Average         T:0.22088    C:0.21285    A:0.27309    G:0.29317

#5: Camel          
position  1:    T:0.12048    C:0.25301    A:0.21687    G:0.40964
position  2:    T:0.27711    C:0.16867    A:0.38554    G:0.16867
position  3:    T:0.24096    C:0.22892    A:0.20482    G:0.32530
Average         T:0.21285    C:0.21687    A:0.26908    G:0.30120

#6: KillerWhale    
position  1:    T:0.12048    C:0.25301    A:0.22892    G:0.39759
position  2:    T:0.26506    C:0.18072    A:0.39759    G:0.15663
position  3:    T:0.22892    C:0.21687    A:0.26506    G:0.28916
Average         T:0.20482    C:0.21687    A:0.29719    G:0.28112

#7: DefassaWaterbuck
position  1:    T:0.12048    C:0.25301    A:0.19277    G:0.43373
position  2:    T:0.27711    C:0.18072    A:0.39759    G:0.14458
position  3:    T:0.24096    C:0.24096    A:0.22892    G:0.28916
Average         T:0.21285    C:0.22490    A:0.27309    G:0.28916

#8: Sheep          
position  1:    T:0.10843    C:0.26506    A:0.19277    G:0.43373
position  2:    T:0.27711    C:0.16867    A:0.39759    G:0.15663
position  3:    T:0.21687    C:0.26506    A:0.24096    G:0.27711
Average         T:0.20080    C:0.23293    A:0.27711    G:0.28916

#9: MaxwellsDuiker 
position  1:    T:0.13253    C:0.24096    A:0.19277    G:0.43373
position  2:    T:0.27711    C:0.16867    A:0.39759    G:0.15663
position  3:    T:0.22892    C:0.25301    A:0.22892    G:0.28916
Average         T:0.21285    C:0.22088    A:0.27309    G:0.29317

#10: GazellaPrzewalskyi
position  1:    T:0.13253    C:0.24096    A:0.19277    G:0.43373
position  2:    T:0.27711    C:0.16867    A:0.39759    G:0.15663
position  3:    T:0.24096    C:0.24096    A:0.25301    G:0.26506
Average         T:0.21687    C:0.21687    A:0.28112    G:0.28514

#11: MountainNyala  
position  1:    T:0.13253    C:0.24096    A:0.20482    G:0.42169
position  2:    T:0.27711    C:0.16867    A:0.40964    G:0.14458
position  3:    T:0.20482    C:0.28916    A:0.20482    G:0.30120
Average         T:0.20482    C:0.23293    A:0.27309    G:0.28916

#12: MuntiacusMuntjak
position  1:    T:0.12048    C:0.25301    A:0.19277    G:0.43373
position  2:    T:0.26506    C:0.19277    A:0.39759    G:0.14458
position  3:    T:0.26506    C:0.22892    A:0.19277    G:0.31325
Average         T:0.21687    C:0.22490    A:0.26104    G:0.29719

#13: goat           
position  1:    T:0.12048    C:0.25301    A:0.19277    G:0.43373
position  2:    T:0.27711    C:0.16867    A:0.39759    G:0.15663
position  3:    T:0.22892    C:0.25301    A:0.24096    G:0.27711
Average         T:0.20884    C:0.22490    A:0.27711    G:0.28916

#14: AfricanBuffalo 
position  1:    T:0.13253    C:0.24096    A:0.20482    G:0.42169
position  2:    T:0.27711    C:0.16867    A:0.39759    G:0.15663
position  3:    T:0.22892    C:0.26506    A:0.20482    G:0.30120
Average         T:0.21285    C:0.22490    A:0.26908    G:0.29317

#15: Topi           
position  1:    T:0.13253    C:0.24096    A:0.19277    G:0.43373
position  2:    T:0.27711    C:0.16867    A:0.39759    G:0.15663
position  3:    T:0.24096    C:0.24096    A:0.24096    G:0.27711
Average         T:0.21687    C:0.21687    A:0.27711    G:0.28916

#16: CommonDuiker   
position  1:    T:0.13253    C:0.24096    A:0.19277    G:0.43373
position  2:    T:0.27711    C:0.16867    A:0.39759    G:0.15663
position  3:    T:0.21687    C:0.26506    A:0.24096    G:0.27711
Average         T:0.20884    C:0.22490    A:0.27711    G:0.28916

#17: Suni           
position  1:    T:0.13253    C:0.24096    A:0.19277    G:0.43373
position  2:    T:0.27711    C:0.16867    A:0.39759    G:0.15663
position  3:    T:0.22892    C:0.24096    A:0.22892    G:0.30120
Average         T:0.21285    C:0.21687    A:0.27309    G:0.29719

#18: Springbuck     
position  1:    T:0.12048    C:0.25301    A:0.19277    G:0.43373
position  2:    T:0.27711    C:0.16867    A:0.39759    G:0.15663
position  3:    T:0.24096    C:0.24096    A:0.25301    G:0.26506
Average         T:0.21285    C:0.22088    A:0.28112    G:0.28514

#19: Okapi          
position  1:    T:0.13253    C:0.24096    A:0.20482    G:0.42169
position  2:    T:0.26506    C:0.18072    A:0.39759    G:0.15663
position  3:    T:0.25301    C:0.22892    A:0.24096    G:0.27711
Average         T:0.21687    C:0.21687    A:0.28112    G:0.28514

#20: Giraffe        
position  1:    T:0.13253    C:0.24096    A:0.21687    G:0.40964
position  2:    T:0.26506    C:0.18072    A:0.39759    G:0.15663
position  3:    T:0.24096    C:0.22892    A:0.25301    G:0.27711
Average         T:0.21285    C:0.21687    A:0.28916    G:0.28112

#21: TibetanAntelope
position  1:    T:0.10843    C:0.26506    A:0.19277    G:0.43373
position  2:    T:0.27711    C:0.16867    A:0.39759    G:0.15663
position  3:    T:0.22892    C:0.25301    A:0.24096    G:0.27711
Average         T:0.20482    C:0.22892    A:0.27711    G:0.28916

#22: Sitatunga      
position  1:    T:0.13253    C:0.24096    A:0.20482    G:0.42169
position  2:    T:0.27711    C:0.16867    A:0.40964    G:0.14458
position  3:    T:0.20482    C:0.28916    A:0.19277    G:0.31325
Average         T:0.20482    C:0.23293    A:0.26908    G:0.29317

#23: Oribi          
position  1:    T:0.12048    C:0.25301    A:0.19277    G:0.43373
position  2:    T:0.27711    C:0.16867    A:0.39759    G:0.15663
position  3:    T:0.22892    C:0.25301    A:0.24096    G:0.27711
Average         T:0.20884    C:0.22490    A:0.27711    G:0.28916

#24: BarbarySheep   
position  1:    T:0.12048    C:0.25301    A:0.19277    G:0.43373
position  2:    T:0.27711    C:0.16867    A:0.39759    G:0.15663
position  3:    T:0.22892    C:0.25301    A:0.24096    G:0.27711
Average         T:0.20884    C:0.22490    A:0.27711    G:0.28916

#25: Daviddeer      
position  1:    T:0.12048    C:0.25301    A:0.19277    G:0.43373
position  2:    T:0.26506    C:0.18072    A:0.39759    G:0.15663
position  3:    T:0.26506    C:0.21687    A:0.21687    G:0.30120
Average         T:0.21687    C:0.21687    A:0.26908    G:0.29719

#26: Reindeer       
position  1:    T:0.10843    C:0.26506    A:0.19277    G:0.43373
position  2:    T:0.27711    C:0.16867    A:0.39759    G:0.15663
position  3:    T:0.25301    C:0.22892    A:0.19277    G:0.32530
Average         T:0.21285    C:0.22088    A:0.26104    G:0.30522

#27: Ibex           
position  1:    T:0.12048    C:0.25301    A:0.19277    G:0.43373
position  2:    T:0.27711    C:0.16867    A:0.39759    G:0.15663
position  3:    T:0.22892    C:0.25301    A:0.24096    G:0.27711
Average         T:0.20884    C:0.22490    A:0.27711    G:0.28916

#28: GyrantGazelle  
position  1:    T:0.12048    C:0.25301    A:0.19277    G:0.43373
position  2:    T:0.27711    C:0.16867    A:0.39759    G:0.15663
position  3:    T:0.24096    C:0.25301    A:0.22892    G:0.27711
Average         T:0.21285    C:0.22490    A:0.27309    G:0.28916

#29: Hartebeest     
position  1:    T:0.13253    C:0.24096    A:0.19277    G:0.43373
position  2:    T:0.27711    C:0.16867    A:0.39759    G:0.15663
position  3:    T:0.24096    C:0.24096    A:0.24096    G:0.27711
Average         T:0.21687    C:0.21687    A:0.27711    G:0.28916

#30: Bongo          
position  1:    T:0.13253    C:0.24096    A:0.20482    G:0.42169
position  2:    T:0.27711    C:0.16867    A:0.40964    G:0.14458
position  3:    T:0.20482    C:0.28916    A:0.20482    G:0.30120
Average         T:0.20482    C:0.23293    A:0.27309    G:0.28916

#31: Gerenuk        
position  1:    T:0.12048    C:0.25301    A:0.19277    G:0.43373
position  2:    T:0.27711    C:0.16867    A:0.40964    G:0.14458
position  3:    T:0.25301    C:0.22892    A:0.24096    G:0.27711
Average         T:0.21687    C:0.21687    A:0.28112    G:0.28514

#32: CommonEland    
position  1:    T:0.12048    C:0.25301    A:0.20482    G:0.42169
position  2:    T:0.27711    C:0.16867    A:0.39759    G:0.15663
position  3:    T:0.20482    C:0.28916    A:0.21687    G:0.28916
Average         T:0.20080    C:0.23695    A:0.27309    G:0.28916

#33: MuntiacusReevesi
position  1:    T:0.12048    C:0.25301    A:0.19277    G:0.43373
position  2:    T:0.26506    C:0.19277    A:0.39759    G:0.14458
position  3:    T:0.25301    C:0.22892    A:0.20482    G:0.31325
Average         T:0.21285    C:0.22490    A:0.26506    G:0.29719

#34: HarveysDuiker  
position  1:    T:0.13253    C:0.24096    A:0.19277    G:0.43373
position  2:    T:0.27711    C:0.16867    A:0.39759    G:0.15663
position  3:    T:0.22892    C:0.25301    A:0.24096    G:0.27711
Average         T:0.21285    C:0.22088    A:0.27711    G:0.28916

#35: Pronghorn      
position  1:    T:0.12048    C:0.25301    A:0.19277    G:0.43373
position  2:    T:0.26506    C:0.18072    A:0.38554    G:0.16867
position  3:    T:0.20482    C:0.27711    A:0.19277    G:0.32530
Average         T:0.19679    C:0.23695    A:0.25703    G:0.30924

#36: BlueWildebeest 
position  1:    T:0.13253    C:0.24096    A:0.19277    G:0.43373
position  2:    T:0.27711    C:0.16867    A:0.39759    G:0.15663
position  3:    T:0.25301    C:0.22892    A:0.24096    G:0.27711
Average         T:0.22088    C:0.21285    A:0.27711    G:0.28916

#37: Gemsbok        
position  1:    T:0.13253    C:0.24096    A:0.20482    G:0.42169
position  2:    T:0.27711    C:0.16867    A:0.39759    G:0.15663
position  3:    T:0.24096    C:0.24096    A:0.25301    G:0.26506
Average         T:0.21687    C:0.21687    A:0.28514    G:0.28112

#38: Yak            
position  1:    T:0.12048    C:0.25301    A:0.19277    G:0.43373
position  2:    T:0.27711    C:0.16867    A:0.39759    G:0.15663
position  3:    T:0.22892    C:0.26506    A:0.20482    G:0.30120
Average         T:0.20884    C:0.22892    A:0.26506    G:0.29719

#39: BlueSheep      
position  1:    T:0.10843    C:0.26506    A:0.19277    G:0.43373
position  2:    T:0.27711    C:0.16867    A:0.39759    G:0.15663
position  3:    T:0.22892    C:0.25301    A:0.24096    G:0.27711
Average         T:0.20482    C:0.22892    A:0.27711    G:0.28916

#40: BohorReedbuck  
position  1:    T:0.12048    C:0.25301    A:0.20482    G:0.42169
position  2:    T:0.27711    C:0.18072    A:0.39759    G:0.14458
position  3:    T:0.24096    C:0.24096    A:0.24096    G:0.27711
Average         T:0.21285    C:0.22490    A:0.28112    G:0.28112

#41: KirksDik       
position  1:    T:0.10843    C:0.26506    A:0.20482    G:0.42169
position  2:    T:0.27711    C:0.16867    A:0.39759    G:0.15663
position  3:    T:0.22892    C:0.25301    A:0.24096    G:0.27711
Average         T:0.20482    C:0.22892    A:0.28112    G:0.28514

#42: RoeDeer        
position  1:    T:0.12048    C:0.25301    A:0.19277    G:0.43373
position  2:    T:0.26506    C:0.18072    A:0.39759    G:0.15663
position  3:    T:0.25301    C:0.21687    A:0.21687    G:0.31325
Average         T:0.21285    C:0.21687    A:0.26908    G:0.30120

#43: WhiteLippedDeer
position  1:    T:0.12048    C:0.25301    A:0.19277    G:0.43373
position  2:    T:0.26506    C:0.18072    A:0.39759    G:0.15663
position  3:    T:0.26506    C:0.21687    A:0.20482    G:0.31325
Average         T:0.21687    C:0.21687    A:0.26506    G:0.30120

#44: ThomsonGazelle 
position  1:    T:0.12048    C:0.25301    A:0.19277    G:0.43373
position  2:    T:0.27711    C:0.16867    A:0.39759    G:0.15663
position  3:    T:0.22892    C:0.25301    A:0.24096    G:0.27711
Average         T:0.20884    C:0.22490    A:0.27711    G:0.28916

#45: MuntiacusCrinifrons
position  1:    T:0.12048    C:0.25301    A:0.19277    G:0.43373
position  2:    T:0.26506    C:0.19277    A:0.39759    G:0.14458
position  3:    T:0.25301    C:0.22892    A:0.20482    G:0.31325
Average         T:0.21285    C:0.22490    A:0.26506    G:0.29719

#46: WhiteTailedDeer
position  1:    T:0.10843    C:0.26506    A:0.19277    G:0.43373
position  2:    T:0.27711    C:0.16867    A:0.38554    G:0.16867
position  3:    T:0.26506    C:0.21687    A:0.22892    G:0.28916
Average         T:0.21687    C:0.21687    A:0.26908    G:0.29719

#47: Cattle         
position  1:    T:0.12048    C:0.25301    A:0.19277    G:0.43373
position  2:    T:0.27711    C:0.16867    A:0.39759    G:0.15663
position  3:    T:0.22892    C:0.26506    A:0.20482    G:0.30120
Average         T:0.20884    C:0.22892    A:0.26506    G:0.29719

#48: RoyalAntelope  
position  1:    T:0.13253    C:0.24096    A:0.19277    G:0.43373
position  2:    T:0.27711    C:0.16867    A:0.39759    G:0.15663
position  3:    T:0.24096    C:0.24096    A:0.24096    G:0.27711
Average         T:0.21687    C:0.21687    A:0.27711    G:0.28916

#49: Steenbok       
position  1:    T:0.12048    C:0.25301    A:0.19277    G:0.43373
position  2:    T:0.27711    C:0.16867    A:0.39759    G:0.15663
position  3:    T:0.24096    C:0.22892    A:0.24096    G:0.28916
Average         T:0.21285    C:0.21687    A:0.27711    G:0.29317

#50: Impala         
position  1:    T:0.13253    C:0.24096    A:0.20482    G:0.42169
position  2:    T:0.27711    C:0.16867    A:0.39759    G:0.15663
position  3:    T:0.22892    C:0.25301    A:0.25301    G:0.26506
Average         T:0.21285    C:0.22088    A:0.28514    G:0.28112

#51: Klipspringer   
position  1:    T:0.12048    C:0.26506    A:0.19277    G:0.42169
position  2:    T:0.27711    C:0.16867    A:0.39759    G:0.15663
