1
52 1
Argali 0.000000 0.269700 0.075800 0.260500 0.037300 0.036000 0.074100 0.037300 0.075800 0.097600 0.000000 0.140100 0.075900 0.037300 0.055900 0.095700 0.155500 0.175800 0.017500 0.075800 0.056100 0.017800 0.146600 0.183300 0.000000 0.091500 0.075900 0.075800 0.076100 0.117200 0.097600 0.056200 0.119300 0.095200 0.037300 0.164800 0.018000 0.036200 0.111800 0.101100 0.167600 0.073300 0.097600 0.218000 0.164800 0.111800 0.057300 0.112100 0.055800 0.077600 0.075800 0.095500
LesserMous 0.269700 0.000000 0.184800 0.315000 0.230300 0.315300 0.271300 0.230300 0.184800 0.259600 0.269700 0.312100 0.278400 0.230300 0.226800 0.275600 0.250800 0.273200 0.249400 0.184800 0.252400 0.290800 0.298300 0.310400 0.269700 0.240800 0.278400 0.184800 0.252700 0.233800 0.259600 0.252700 0.287100 0.253600 0.230300 0.263200 0.294600 0.230300 0.221600 0.323300 0.322600 0.267500 0.259600 0.345000 0.263200 0.268400 0.258300 0.202500 0.250800 0.236100 0.184800 0.207200
LesserKudu 0.075800 0.184800 0.000000 0.269000 0.037200 0.114800 0.076200 0.038300 0.000000 0.059300 0.075800 0.101300 0.078100 0.038300 0.057500 0.098400 0.117900 0.138200 0.057000 0.000000 0.057700 0.093800 0.106100 0.144100 0.075800 0.094000 0.078100 0.000000 0.078300 0.038900 0.059300 0.057700 0.080500 0.097900 0.038300 0.125100 0.095900 0.036200 0.075300 0.104200 0.127300 0.075300 0.059300 0.180000 0.125200 0.113300 0.059000 0.075500 0.057300 0.039300 0.000000 0.019000
KillerWhal 0.260500 0.315000 0.269000 0.000000 0.219300 0.306800 0.262000 0.219300 0.269000 0.248300 0.260500 0.250600 0.269300 0.219300 0.241300 0.243200 0.314900 0.339200 0.239200 0.269000 0.242400 0.282500 0.262300 0.354400 0.260500 0.230400 0.269300 0.269000 0.219600 0.271300 0.248300 0.242600 0.277000 0.243300 0.219300 0.226700 0.284700 0.219300 0.308100 0.206200 0.286800 0.258000 0.248300 0.391900 0.228000 0.258800 0.199100 0.259500 0.240400 0.276200 0.269000 0.293900
DefassaWat 0.037300 0.230300 0.037200 0.219300 0.000000 0.075200 0.037500 0.000000 0.036200 0.059200 0.037300 0.101200 0.038400 0.000000 0.018800 0.058000 0.117800 0.138000 0.018000 0.038300 0.018900 0.055900 0.106000 0.144000 0.037300 0.055400 0.038400 0.038300 0.038500 0.079000 0.059200 0.018900 0.080400 0.057800 0.000000 0.125100 0.056500 0.000000 0.075300 0.061400 0.127200 0.037000 0.059200 0.180200 0.125100 0.075300 0.018700 0.075500 0.018100 0.039300 0.038300 0.057900
Sheep 0.036000 0.315300 0.114800 0.306800 0.075200 0.000000 0.112300 0.075200 0.114800 0.138000 0.036000 0.138500 0.114900 0.075200 0.094000 0.135500 0.196500 0.217200 0.054900 0.114800 0.094400 0.017700 0.190500 0.226900 0.034300 0.129400 0.114900 0.114800 0.115300 0.157700 0.138000 0.094500 0.160800 0.134500 0.075200 0.186000 0.054600 0.075200 0.150500 0.142800 0.211600 0.110900 0.138000 0.260900 0.186100 0.150500 0.096400 0.150900 0.093800 0.117500 0.114800 0.135000
MaxwellsDu 0.074100 0.271300 0.076200 0.262000 0.037500 0.112300 0.000000 0.037500 0.076200 0.098100 0.074100 0.140900 0.076200 0.037500 0.056100 0.095700 0.156300 0.176600 0.055700 0.076200 0.035100 0.092700 0.147400 0.140100 0.074100 0.091900 0.076200 0.076200 0.076500 0.117800 0.098100 0.056400 0.119900 0.095600 0.037500 0.165700 0.093700 0.037500 0.112300 0.101600 0.170000 0.073600 0.098100 0.175100 0.165700 0.112300 0.057600 0.073600 0.056000 0.078000 0.076200 0.096000
GazellaPrz 0.037300 0.230300 0.038300 0.219300 0.000000 0.075200 0.037500 0.000000 0.038300 0.059200 0.035300 0.101200 0.038400 0.000000 0.018800 0.058000 0.117800 0.138000 0.018100 0.038300 0.018900 0.055900 0.106000 0.144000 0.037300 0.055400 0.038400 0.038300 0.038500 0.079000 0.059200 0.018900 0.080400 0.057800 0.000000 0.125100 0.056500 0.000000 0.075300 0.061400 0.127200 0.037000 0.059200 0.179900 0.125100 0.075300 0.018700 0.075500 0.018800 0.039300 0.038300 0.057900
MountainNy 0.075800 0.184800 0.000000 0.269000 0.036200 0.114800 0.076200 0.038300 0.000000 0.059300 0.075800 0.101300 0.078100 0.038300 0.057500 0.098400 0.117900 0.138200 0.057000 0.000000 0.057700 0.094800 0.106100 0.144100 0.075800 0.094000 0.078100 0.000000 0.078300 0.038900 0.059300 0.053900 0.080500 0.097900 0.038300 0.125100 0.095900 0.038300 0.075300 0.104200 0.127300 0.075300 0.059300 0.180000 0.125200 0.114800 0.059000 0.075500 0.057300 0.039300 0.000000 0.019000
MuntiacusM 0.097600 0.259600 0.059300 0.248300 0.059200 0.138000 0.098100 0.059200 0.059300 0.000000 0.097600 0.081800 0.100600 0.055600 0.078900 0.121900 0.099000 0.119300 0.078300 0.059300 0.079200 0.117100 0.085600 0.124500 0.097600 0.116000 0.100600 0.059300 0.100900 0.101800 0.000000 0.079300 0.060900 0.121100 0.058500 0.105200 0.118500 0.059200 0.138000 0.084100 0.106900 0.096800 0.000000 0.161100 0.105200 0.138000 0.081100 0.138400 0.078700 0.060700 0.059300 0.079600
goat 0.000000 0.269700 0.075800 0.260500 0.037300 0.036000 0.074100 0.035300 0.075800 0.097600 0.000000 0.140100 0.075900 0.037300 0.055900 0.095700 0.155500 0.175800 0.018200 0.075800 0.056100 0.017800 0.146600 0.183300 0.000000 0.091500 0.075900 0.075800 0.076000 0.117200 0.097600 0.056200 0.119300 0.095400 0.037300 0.164800 0.018000 0.035800 0.111800 0.101100 0.167600 0.073300 0.097600 0.218000 0.164800 0.111800 0.057300 0.112100 0.055800 0.077600 0.075800 0.095500
AfricanBuf 0.140100 0.312100 0.101300 0.250600 0.101200 0.138500 0.140900 0.101200 0.101300 0.081800 0.140100 0.000000 0.144400 0.101200 0.121400 0.167000 0.142100 0.163100 0.120400 0.101300 0.121900 0.117500 0.131900 0.170500 0.140100 0.158600 0.144400 0.101300 0.145000 0.146200 0.081800 0.122000 0.104100 0.165600 0.101200 0.151400 0.162200 0.101200 0.181800 0.129400 0.153700 0.138800 0.081800 0.206600 0.151400 0.181900 0.081700 0.180500 0.121000 0.103800 0.101300 0.122400
Topi 0.075900 0.278400 0.078100 0.269300 0.038400 0.114900 0.076200 0.038400 0.078100 0.100600 0.075900 0.144400 0.000000 0.038400 0.057500 0.098400 0.160200 0.181100 0.057100 0.078100 0.057700 0.094800 0.151400 0.186800 0.075900 0.094100 0.000000 0.078100 0.078400 0.120800 0.100600 0.057800 0.123000 0.018800 0.036200 0.170100 0.096000 0.036300 0.115200 0.104400 0.173400 0.075400 0.100600 0.224700 0.170100 0.115000 0.059000 0.115300 0.057400 0.079900 0.078100 0.098400
CommonDuik 0.037300 0.230300 0.038300 0.219300 0.000000 0.075200 0.037500 0.000000 0.038300 0.055600 0.037300 0.101200 0.038400 0.000000 0.018800 0.058000 0.117700 0.138000 0.018700 0.038300 0.018100 0.055900 0.106000 0.144000 0.037300 0.055400 0.038400 0.038300 0.038500 0.079000 0.059200 0.018900 0.080400 0.057800 0.000000 0.125100 0.056500 0.000000 0.075300 0.061400 0.127200 0.037000 0.059200 0.179900 0.125100 0.075300 0.018700 0.075500 0.018100 0.039300 0.038300 0.057900
Suni 0.055900 0.226800 0.057500 0.241300 0.018800 0.094000 0.056100 0.018800 0.057500 0.078900 0.055900 0.121400 0.057500 0.018800 0.000000 0.077300 0.117100 0.137300 0.037400 0.057500 0.037800 0.074500 0.127100 0.164600 0.055900 0.073900 0.057500 0.057500 0.057700 0.098700 0.078900 0.037800 0.100700 0.076900 0.018800 0.145800 0.075300 0.018800 0.094100 0.081800 0.148400 0.055500 0.078900 0.200000 0.145800 0.094000 0.038600 0.094300 0.037600 0.058800 0.057500 0.077200
Springbuck 0.095700 0.275600 0.098400 0.243200 0.058000 0.135500 0.095700 0.058000 0.098400 0.121900 0.095700 0.167000 0.098400 0.058000 0.077300 0.000000 0.181700 0.202800 0.076700 0.098400 0.077700 0.115000 0.174800 0.189400 0.095700 0.114000 0.098400 0.098400 0.058100 0.142000 0.121900 0.077700 0.123200 0.118600 0.058000 0.147100 0.096100 0.058000 0.135000 0.126100 0.196400 0.094900 0.121900 0.224600 0.147100 0.135200 0.079400 0.135700 0.077100 0.100900 0.098400 0.119000
Okapi 0.155500 0.250800 0.117900 0.314900 0.117800 0.196500 0.156300 0.117800 0.117900 0.099000 0.155500 0.142100 0.160200 0.117700 0.117100 0.181700 0.000000 0.056100 0.136400 0.117900 0.138000 0.175000 0.148800 0.141400 0.155500 0.173500 0.160200 0.117900 0.160600 0.162300 0.099000 0.138100 0.079400 0.180900 0.117800 0.167200 0.177200 0.117800 0.196800 0.146400 0.170300 0.154400 0.099000 0.176800 0.167300 0.196400 0.141100 0.176900 0.137100 0.120700 0.117900 0.138700
Giraffe 0.175800 0.273200 0.138200 0.339200 0.138000 0.217200 0.176600 0.138000 0.138200 0.119300 0.175800 0.163100 0.181100 0.138000 0.137300 0.202800 0.056100 0.000000 0.156600 0.138200 0.158400 0.195300 0.170900 0.162300 0.175800 0.193700 0.181100 0.138200 0.181500 0.183500 0.119300 0.137800 0.099700 0.202000 0.138000 0.188900 0.197800 0.138000 0.217700 0.168200 0.192500 0.174500 0.119300 0.197400 0.189000 0.217100 0.161900 0.197500 0.157400 0.141400 0.138200 0.159200
TibetanAnt 0.017500 0.249400 0.057000 0.239200 0.018000 0.054900 0.055700 0.018100 0.057000 0.078300 0.018200 0.120400 0.057100 0.018700 0.037400 0.076700 0.136400 0.156600 0.000000 0.057000 0.037500 0.036300 0.126000 0.163300 0.018200 0.073400 0.057100 0.057000 0.057200 0.098000 0.078300 0.037500 0.099700 0.076400 0.018000 0.144600 0.036700 0.018000 0.093500 0.081200 0.147200 0.055100 0.078300 0.198500 0.144600 0.093400 0.038300 0.093700 0.037300 0.058400 0.057000 0.076600
Sitatunga 0.075800 0.184800 0.000000 0.269000 0.038300 0.114800 0.076200 0.038300 0.000000 0.059300 0.075800 0.101300 0.078100 0.038300 0.057500 0.098400 0.117900 0.138200 0.057000 0.000000 0.057700 0.094800 0.106100 0.144100 0.075800 0.094000 0.078100 0.000000 0.078300 0.038900 0.059300 0.057700 0.080500 0.097900 0.038300 0.125100 0.095900 0.038300 0.075300 0.104200 0.127300 0.075300 0.059300 0.180000 0.125200 0.114800 0.059000 0.075500 0.057300 0.039300 0.000000 0.018200
Oribi 0.056100 0.252400 0.057700 0.242400 0.018900 0.094400 0.035100 0.018900 0.057700 0.079200 0.056100 0.121900 0.057700 0.018100 0.037800 0.077700 0.138000 0.158400 0.037500 0.057700 0.000000 0.074800 0.127600 0.143600 0.056100 0.074200 0.057700 0.057700 0.057900 0.099100 0.079200 0.038000 0.100900 0.077200 0.018900 0.146400 0.075700 0.018200 0.094400 0.082100 0.148900 0.055700 0.079200 0.179400 0.146400 0.094400 0.038800 0.075200 0.037700 0.059000 0.057700 0.077500
BarbaryShe 0.017800 0.290800 0.093800 0.282500 0.055900 0.017700 0.092700 0.055900 0.094800 0.117100 0.017800 0.117500 0.094800 0.055900 0.074500 0.115000 0.175000 0.195300 0.036300 0.094800 0.074800 0.000000 0.167500 0.203900 0.017100 0.109800 0.094800 0.094800 0.095100 0.136700 0.117100 0.074900 0.139200 0.114200 0.055900 0.185500 0.036000 0.055900 0.130300 0.121200 0.188500 0.091500 0.117100 0.238000 0.185500 0.130400 0.076400 0.130800 0.074300 0.097000 0.094800 0.114600
Daviddeer 0.146600 0.298300 0.106100 0.262300 0.106000 0.190500 0.147400 0.106000 0.106100 0.085600 0.146600 0.131900 0.151400 0.106000 0.127100 0.174800 0.148800 0.170900 0.126000 0.106100 0.127600 0.167500 0.000000 0.178900 0.146600 0.165900 0.151400 0.106100 0.152000 0.107000 0.085600 0.127700 0.109100 0.173800 0.106000 0.159000 0.169700 0.105600 0.190800 0.088500 0.066100 0.145300 0.085600 0.216600 0.158900 0.190600 0.130800 0.191100 0.126700 0.108800 0.106100 0.128200
Reindeer 0.183300 0.310400 0.144100 0.354400 0.144000 0.226900 0.140100 0.144000 0.144100 0.124500 0.183300 0.170500 0.186800 0.144000 0.164600 0.189400 0.141400 0.162300 0.163300 0.144100 0.143600 0.203900 0.178900 0.000000 0.183300 0.202000 0.186800 0.144100 0.189700 0.191400 0.124500 0.165500 0.124600 0.209400 0.144000 0.150000 0.181300 0.144000 0.226900 0.175800 0.201400 0.181800 0.124500 0.037000 0.150900 0.226700 0.169100 0.161100 0.164100 0.147700 0.144100 0.166000
Ibex 0.000000 0.269700 0.075800 0.260500 0.037300 0.034300 0.074100 0.037300 0.075800 0.097600 0.000000 0.140100 0.075900 0.037300 0.055900 0.095700 0.155500 0.175800 0.018200 0.075800 0.056100 0.017100 0.146600 0.183300 0.000000 0.091500 0.075900 0.075800 0.076100 0.117200 0.097600 0.056200 0.119300 0.095200 0.037300 0.164800 0.018000 0.035500 0.111800 0.101100 0.167600 0.073300 0.097600 0.218000 0.164800 0.111800 0.057300 0.112100 0.055800 0.077600 0.075800 0.095500
GyrantGaze 0.091500 0.240800 0.094000 0.230400 0.055400 0.129400 0.091900 0.055400 0.094000 0.116000 0.091500 0.158600 0.094100 0.055400 0.073900 0.114000 0.173500 0.193700 0.073400 0.094000 0.074200 0.109800 0.165900 0.202000 0.091500 0.000000 0.094100 0.094000 0.094300 0.135600 0.116000 0.074200 0.137900 0.113300 0.055400 0.139500 0.111100 0.052200 0.129500 0.120300 0.186900 0.053400 0.116000 0.236000 0.139600 0.129400 0.075700 0.129800 0.073700 0.096100 0.094000 0.113600
Hartebeest 0.075900 0.278400 0.078100 0.269300 0.038400 0.114900 0.076200 0.038400 0.078100 0.100600 0.075900 0.144400 0.000000 0.038400 0.057500 0.098400 0.160200 0.181100 0.057100 0.078100 0.057700 0.094800 0.151400 0.186800 0.075900 0.094100 0.000000 0.078100 0.078400 0.120800 0.100600 0.057800 0.123000 0.018800 0.038400 0.170100 0.096000 0.038400 0.115200 0.104400 0.173400 0.075400 0.101000 0.224700 0.170100 0.115000 0.059000 0.115300 0.057400 0.079900 0.078100 0.098400
Bongo 0.075800 0.184800 0.000000 0.269000 0.038300 0.114800 0.076200 0.038300 0.000000 0.059300 0.075800 0.101300 0.078100 0.038300 0.057500 0.098400 0.117900 0.138200 0.057000 0.000000 0.057700 0.094800 0.106100 0.144100 0.075800 0.094000 0.078100 0.000000 0.078300 0.038900 0.059300 0.057700 0.080500 0.097900 0.038300 0.125100 0.095900 0.038300 0.075300 0.104200 0.127300 0.075300 0.059300 0.180000 0.125200 0.114800 0.059000 0.075500 0.057300 0.039300 0.000000 0.018300
Gerenuk 0.076100 0.252700 0.078300 0.219600 0.038500 0.115300 0.076500 0.038500 0.078300 0.100900 0.076000 0.145000 0.078400 0.038500 0.057700 0.058100 0.160600 0.181500 0.057200 0.078300 0.057900 0.095100 0.152000 0.189700 0.076100 0.094300 0.078400 0.078300 0.000000 0.121200 0.100900 0.057900 0.123400 0.098300 0.038500 0.125200 0.096200 0.038500 0.115300 0.104700 0.173900 0.075500 0.100900 0.225200 0.125400 0.115300 0.059200 0.115700 0.057500 0.080200 0.078300 0.098600
CommonElan 0.117200 0.233800 0.038900 0.271300 0.079000 0.157700 0.117800 0.079000 0.038900 0.101800 0.117200 0.146200 0.120800 0.079000 0.098700 0.142000 0.162300 0.183500 0.098000 0.038900 0.099100 0.136700 0.107000 0.191400 0.117200 0.135600 0.120800 0.038900 0.121200 0.000000 0.101800 0.099100 0.124600 0.141500 0.079000 0.172300 0.138400 0.079000 0.116700 0.105400 0.128700 0.116400 0.101800 0.227400 0.172300 0.157900 0.101300 0.116800 0.098500 0.081000 0.038900 0.019100
MuntiacusR 0.097600 0.259600 0.059300 0.248300 0.059200 0.138000 0.098100 0.059200 0.059300 0.000000 0.097600 0.081800 0.100600 0.059200 0.078900 0.121900 0.099000 0.119300 0.078300 0.059300 0.079200 0.117100 0.085600 0.124500 0.097600 0.116000 0.100600 0.059300 0.100900 0.101800 0.000000 0.079300 0.060900 0.121100 0.059200 0.105200 0.118500 0.059200 0.138000 0.084100 0.106900 0.096800 0.000000 0.161100 0.105200 0.138000 0.081100 0.138400 0.078700 0.060700 0.059300 0.079600
HarveysDui 0.056200 0.252700 0.057700 0.242600 0.018900 0.094500 0.056400 0.018900 0.053900 0.079300 0.056200 0.122000 0.057800 0.018900 0.037800 0.077700 0.138100 0.137800 0.037500 0.057700 0.038000 0.074900 0.127700 0.165500 0.056200 0.074200 0.057800 0.057700 0.057900 0.099100 0.079300 0.000000 0.101000 0.077300 0.018900 0.146600 0.075700 0.018100 0.094500 0.082200 0.149000 0.055700 0.079300 0.201100 0.146600 0.094500 0.038800 0.094800 0.037700 0.059100 0.057700 0.077500
Pronghorn 0.119300 0.287100 0.080500 0.277000 0.080400 0.160800 0.119900 0.080400 0.080500 0.060900 0.119300 0.104100 0.123000 0.080400 0.100700 0.123200 0.079400 0.099700 0.099700 0.080500 0.100900 0.139200 0.109100 0.124600 0.119300 0.137900 0.123000 0.080500 0.123400 0.124600 0.060900 0.101000 0.000000 0.144000 0.080400 0.128700 0.097200 0.080400 0.160800 0.107200 0.130900 0.118300 0.060900 0.161200 0.128700 0.160700 0.103300 0.161100 0.100200 0.082500 0.080500 0.101400
BlueWildeb 0.095200 0.253600 0.097900 0.243300 0.057800 0.134500 0.095600 0.057800 0.097900 0.121100 0.095400 0.165600 0.018800 0.057800 0.076900 0.118600 0.180900 0.202000 0.076400 0.097900 0.077200 0.114200 0.173800 0.209400 0.095200 0.113300 0.018800 0.097900 0.098300 0.141500 0.121100 0.077300 0.144000 0.000000 0.057800 0.192200 0.115500 0.057800 0.134900 0.125900 0.196000 0.094500 0.121100 0.246200 0.192100 0.094700 0.078900 0.095000 0.076800 0.100200 0.097900 0.118400
Gemsbok 0.037300 0.230300 0.038300 0.219300 0.000000 0.075200 0.037500 0.000000 0.038300 0.058500 0.037300 0.101200 0.036200 0.000000 0.018800 0.058000 0.117800 0.138000 0.018000 0.038300 0.018900 0.055900 0.106000 0.144000 0.037300 0.055400 0.038400 0.038300 0.038500 0.079000 0.059200 0.018900 0.080400 0.057800 0.000000 0.125100 0.056500 0.000000 0.075300 0.061400 0.127200 0.037000 0.059200 0.179900 0.125100 0.075300 0.018700 0.075500 0.018800 0.039300 0.038300 0.057900
Yak 0.164800 0.263200 0.125100 0.226700 0.125100 0.186000 0.165700 0.125100 0.125100 0.105200 0.164800 0.151400 0.170100 0.125100 0.145800 0.147100 0.167200 0.188900 0.144600 0.125100 0.146400 0.185500 0.159000 0.150000 0.164800 0.139500 0.170100 0.125100 0.125200 0.172300 0.105200 0.146600 0.128700 0.192200 0.125100 0.000000 0.186800 0.125100 0.208300 0.156000 0.181800 0.163300 0.105200 0.187900 0.000000 0.208200 0.150000 0.208800 0.145400 0.128400 0.125100 0.147100
BlueSheep 0.018000 0.294600 0.095900 0.284700 0.056500 0.054600 0.093700 0.056500 0.095900 0.118500 0.018000 0.162200 0.096000 0.056500 0.075300 0.096100 0.177200 0.197800 0.036700 0.095900 0.075700 0.036000 0.169700 0.181300 0.018000 0.111100 0.096000 0.095900 0.096200 0.138400 0.118500 0.075700 0.097200 0.115500 0.056500 0.186800 0.000000 0.056500 0.132000 0.122800 0.191000 0.092600 0.118500 0.216700 0.187900 0.131900 0.077300 0.132300 0.075200 0.098100 0.095900 0.115900
BohorReedb 0.036200 0.230300 0.036200 0.219300 0.000000 0.075200 0.037500 0.000000 0.038300 0.059200 0.035800 0.101200 0.036300 0.000000 0.018800 0.058000 0.117800 0.138000 0.018000 0.038300 0.018200 0.055900 0.105600 0.144000 0.035500 0.052200 0.038400 0.038300 0.038500 0.079000 0.059200 0.018100 0.080400 0.057800 0.000000 0.125100 0.056500 0.000000 0.075300 0.061400 0.127200 0.037000 0.059200 0.179900 0.125100 0.075300 0.019300 0.075500 0.018800 0.039300 0.036300 0.057900
KirksDik 0.111800 0.221600 0.075300 0.308100 0.075300 0.150500 0.112300 0.075300 0.075300 0.138000 0.111800 0.181800 0.115200 0.075300 0.094100 0.135000 0.196800 0.217700 0.093500 0.075300 0.094400 0.130300 0.190800 0.226900 0.111800 0.129500 0.115200 0.075300 0.115300 0.116700 0.138000 0.094500 0.160800 0.134900 0.075300 0.208300 0.132000 0.075300 0.000000 0.143600 0.212900 0.111200 0.138000 0.261300 0.208300 0.150700 0.096400 0.111500 0.093900 0.117500 0.075300 0.095000
RoeDeer 0.101100 0.323300 0.104200 0.206200 0.061400 0.142800 0.101600 0.061400 0.104200 0.084100 0.101100 0.129400 0.104400 0.061400 0.081800 0.126100 0.146400 0.168200 0.081200 0.104200 0.082100 0.121200 0.088500 0.175800 0.101100 0.120300 0.104400 0.104200 0.104700 0.105400 0.084100 0.082200 0.107200 0.125900 0.061400 0.156000 0.122800 0.061400 0.143600 0.000000 0.110900 0.100400 0.084100 0.213400 0.155900 0.143200 0.084100 0.143600 0.081600 0.106800 0.104200 0.126200
WhiteLippe 0.167600 0.322600 0.127300 0.286800 0.127200 0.211600 0.170000 0.127200 0.127300 0.106900 0.167600 0.153700 0.173400 0.127200 0.148400 0.196400 0.170300 0.192500 0.147200 0.127300 0.148900 0.188500 0.066100 0.201400 0.167600 0.186900 0.173400 0.127300 0.173900 0.128700 0.106900 0.149000 0.130900 0.196000 0.127200 0.181800 0.191000 0.127200 0.212900 0.110900 0.000000 0.166400 0.106900 0.238900 0.181700 0.212200 0.152600 0.212800 0.147900 0.130500 0.127300 0.149800
ThomsonGaz 0.073300 0.267500 0.075300 0.258000 0.037000 0.110900 0.073600 0.037000 0.075300 0.096800 0.073300 0.138800 0.075400 0.037000 0.055500 0.094900 0.154400 0.174500 0.055100 0.075300 0.055700 0.091500 0.145300 0.181800 0.073300 0.053400 0.075400 0.075300 0.075500 0.116400 0.096800 0.055700 0.118300 0.094500 0.037000 0.163300 0.092600 0.037000 0.111200 0.100400 0.166400 0.000000 0.096800 0.216400 0.163400 0.111000 0.056900 0.111300 0.055400 0.077000 0.075300 0.094800
MuntiacusC 0.097600 0.259600 0.059300 0.248300 0.059200 0.138000 0.098100 0.059200 0.059300 0.000000 0.097600 0.081800 0.100600 0.059200 0.078900 0.121900 0.099000 0.119300 0.078300 0.059300 0.079200 0.117100 0.085600 0.124500 0.097600 0.116000 0.101000 0.059300 0.100900 0.101800 0.000000 0.079300 0.060900 0.121100 0.059200 0.105200 0.118500 0.059200 0.138000 0.084100 0.106900 0.096800 0.000000 0.161100 0.105200 0.138000 0.081100 0.138400 0.078700 0.060700 0.059300 0.079600
WhiteTaile 0.218000 0.345000 0.180000 0.391900 0.180200 0.260900 0.175100 0.179900 0.180000 0.161100 0.218000 0.206600 0.224700 0.179900 0.200000 0.224600 0.176800 0.197400 0.198500 0.180000 0.179400 0.238000 0.216600 0.037000 0.218000 0.236000 0.224700 0.180000 0.225200 0.227400 0.161100 0.201100 0.161200 0.246200 0.179900 0.187900 0.216700 0.179900 0.261300 0.213400 0.238900 0.216400 0.161100 0.000000 0.188000 0.260700 0.205200 0.195900 0.179200 0.184200 0.180000 0.201700
Cattle 0.164800 0.263200 0.125200 0.228000 0.125100 0.186100 0.165700 0.125100 0.125200 0.105200 0.164800 0.151400 0.170100 0.125100 0.145800 0.147100 0.167300 0.189000 0.144600 0.125200 0.146400 0.185500 0.158900 0.150900 0.164800 0.139600 0.170100 0.125200 0.125400 0.172300 0.105200 0.146600 0.128700 0.192100 0.125100 0.000000 0.187900 0.125100 0.208300 0.155900 0.181700 0.163400 0.105200 0.188000 0.000000 0.208200 0.150000 0.208800 0.145400 0.128400 0.125200 0.147100
RoyalAntel 0.111800 0.268400 0.113300 0.258800 0.075300 0.150500 0.112300 0.075300 0.114800 0.138000 0.111800 0.181900 0.115000 0.075300 0.094000 0.135200 0.196400 0.217100 0.093400 0.114800 0.094400 0.130400 0.190600 0.226700 0.111800 0.129400 0.115000 0.114800 0.115300 0.157900 0.138000 0.094500 0.160700 0.094700 0.075300 0.208200 0.131900 0.075300 0.150700 0.143200 0.212200 0.111000 0.138000 0.260700 0.208200 0.000000 0.096400 0.111500 0.093800 0.117500 0.114800 0.135000
Steenbok 0.057300 0.258300 0.059000 0.199100 0.018700 0.096400 0.057600 0.018700 0.059000 0.081100 0.057300 0.081700 0.059000 0.018700 0.038600 0.079400 0.141100 0.161900 0.038300 0.059000 0.038800 0.076400 0.130800 0.169100 0.057300 0.075700 0.059000 0.059000 0.059200 0.101300 0.081100 0.038800 0.103300 0.078900 0.018700 0.150000 0.077300 0.019300 0.096400 0.084100 0.152600 0.056900 0.081100 0.205200 0.150000 0.096400 0.000000 0.096700 0.036600 0.060400 0.059000 0.079200
Impala 0.112100 0.202500 0.075500 0.259500 0.075500 0.150900 0.073600 0.075500 0.075500 0.138400 0.112100 0.180500 0.115300 0.075500 0.094300 0.135700 0.176900 0.197500 0.093700 0.075500 0.075200 0.130800 0.191100 0.161100 0.112100 0.129800 0.115300 0.075500 0.115700 0.116800 0.138400 0.094800 0.161100 0.095000 0.075500 0.208800 0.132300 0.075500 0.111500 0.143600 0.212800 0.111300 0.138400 0.195900 0.208800 0.111500 0.096700 0.000000 0.094100 0.117900 0.075500 0.095200
Klipspring 0.055800 0.250800 0.057300 0.240400 0.018100 0.093800 0.056000 0.018800 0.057300 0.078700 0.055800 0.121000 0.057400 0.018100 0.037600 0.077100 0.137100 0.157400 0.037300 0.057300 0.037700 0.074300 0.126700 0.164100 0.055800 0.073700 0.057400 0.057300 0.057500 0.098500 0.078700 0.037700 0.100200 0.076800 0.018800 0.145400 0.075200 0.018800 0.093900 0.081600 0.147900 0.055400 0.078700 0.179200 0.145400 0.093800 0.036600 0.094100 0.000000 0.058700 0.057300 0.077000
ForestMusk 0.077600 0.236100 0.039300 0.276200 0.039300 0.117500 0.078000 0.039300 0.039300 0.060700 0.077600 0.103800 0.079900 0.039300 0.058800 0.100900 0.120700 0.141400 0.058400 0.039300 0.059000 0.097000 0.108800 0.147700 0.077600 0.096100 0.079900 0.039300 0.080200 0.081000 0.060700 0.059100 0.082500 0.100200 0.039300 0.128400 0.098100 0.039300 0.117500 0.106800 0.130500 0.077000 0.060700 0.184200 0.128400 0.117500 0.060400 0.117900 0.058700 0.000000 0.039300 0.059400
Bushbuck 0.075800 0.184800 0.000000 0.269000 0.038300 0.114800 0.076200 0.038300 0.000000 0.059300 0.075800 0.101300 0.078100 0.038300 0.057500 0.098400 0.117900 0.138200 0.057000 0.000000 0.057700 0.094800 0.106100 0.144100 0.075800 0.094000 0.078100 0.000000 0.078300 0.038900 0.059300 0.057700 0.080500 0.097900 0.038300 0.125100 0.095900 0.036300 0.075300 0.104200 0.127300 0.075300 0.059300 0.180000 0.125200 0.114800 0.059000 0.075500 0.057300 0.039300 0.000000 0.018200
GreaterKud 0.095500 0.207200 0.019000 0.293900 0.057900 0.135000 0.096000 0.057900 0.019000 0.079600 0.095500 0.122400 0.098400 0.057900 0.077200 0.119000 0.138700 0.159200 0.076600 0.018200 0.077500 0.114600 0.128200 0.166000 0.095500 0.113600 0.098400 0.018300 0.098600 0.019100 0.079600 0.077500 0.101400 0.118400 0.057900 0.147100 0.115900 0.057900 0.095000 0.126200 0.149800 0.094800 0.079600 0.201700 0.147100 0.135000 0.079200 0.095200 0.077000 0.059400 0.018200 0.000000
