1
52 1
Argali 0.000000 0.215100 0.051600 0.156100 0.034200 0.000000 0.064700 0.069100 0.029700 0.060600 0.016900 0.055700 0.034100 0.056400 0.047400 0.042700 0.042700 0.051500 0.034100 0.038300 0.052200 0.021300 0.087200 0.136000 0.017000 0.034000 0.034100 0.038400 0.029700 0.042700 0.056100 0.047400 0.126500 0.051600 0.025500 0.064500 0.012700 0.038600 0.055700 0.086600 0.073600 0.034000 0.056000 0.068600 0.059900 0.029900 0.038600 0.099400 0.081400 0.060700 0.038300 0.042600
LesserMous 0.215100 0.000000 0.179300 0.252300 0.205700 0.215100 0.204800 0.252300 0.194500 0.231200 0.206000 0.214700 0.205200 0.211300 0.227300 0.220600 0.199200 0.225600 0.215600 0.184000 0.234200 0.206200 0.208100 0.303000 0.206100 0.210200 0.205200 0.194600 0.194800 0.184000 0.231300 0.200300 0.268700 0.215300 0.216300 0.203600 0.200500 0.205800 0.204000 0.277700 0.203500 0.210200 0.225500 0.244300 0.219100 0.205900 0.205900 0.196300 0.265500 0.225600 0.183900 0.183700
LesserKudu 0.051600 0.179300 0.000000 0.152400 0.047300 0.051600 0.051700 0.082800 0.025400 0.051900 0.043100 0.047000 0.051800 0.070300 0.061000 0.056000 0.038500 0.056200 0.051700 0.016900 0.065700 0.047600 0.060400 0.141200 0.043100 0.047200 0.051800 0.025500 0.042900 0.012600 0.051900 0.061000 0.131700 0.070000 0.051900 0.042500 0.038600 0.051800 0.060300 0.096200 0.047200 0.047200 0.047400 0.068800 0.051200 0.038600 0.047600 0.094900 0.113600 0.056400 0.016800 0.012600
KillerWhal 0.156100 0.252300 0.152400 0.000000 0.142400 0.156100 0.177100 0.192600 0.127300 0.141900 0.147700 0.166400 0.157100 0.178900 0.157800 0.161400 0.131400 0.141300 0.146900 0.136800 0.169000 0.147800 0.181200 0.255700 0.147700 0.151500 0.157100 0.137100 0.146700 0.141900 0.151900 0.168000 0.228700 0.166700 0.157700 0.165900 0.142400 0.152600 0.176000 0.195300 0.166000 0.151500 0.146700 0.174700 0.170600 0.147700 0.157800 0.193900 0.219600 0.162200 0.136700 0.141600
DefassaWat 0.034200 0.205700 0.047300 0.142400 0.000000 0.034200 0.051700 0.060300 0.021200 0.047500 0.025700 0.060200 0.034200 0.038900 0.038800 0.034100 0.025500 0.042900 0.034200 0.029800 0.043300 0.030100 0.073900 0.146000 0.025700 0.025500 0.034200 0.029800 0.021200 0.034000 0.047500 0.030000 0.117500 0.052000 0.034300 0.060100 0.021300 0.012700 0.047100 0.091600 0.060500 0.025500 0.043000 0.073300 0.064400 0.025600 0.034400 0.081400 0.090700 0.047600 0.029700 0.034100
Sheep 0.000000 0.215100 0.051600 0.156100 0.034200 0.000000 0.064700 0.069100 0.029700 0.060600 0.016900 0.055700 0.034100 0.056400 0.047400 0.042700 0.042700 0.051500 0.034100 0.038300 0.052200 0.021300 0.087200 0.136000 0.017000 0.034000 0.034100 0.038400 0.029700 0.042700 0.056100 0.047400 0.126500 0.051600 0.025500 0.064500 0.012700 0.038600 0.055700 0.086600 0.073600 0.034000 0.056000 0.068600 0.059900 0.029900 0.038600 0.099400 0.081400 0.060700 0.038300 0.042600
MaxwellsDu 0.064700 0.204800 0.051700 0.177100 0.051700 0.064700 0.000000 0.082600 0.042700 0.078600 0.056400 0.073600 0.065100 0.042800 0.069700 0.064700 0.055900 0.073900 0.065100 0.042700 0.065500 0.060900 0.078100 0.169700 0.056400 0.055800 0.065100 0.051500 0.051400 0.047100 0.078600 0.034000 0.121600 0.083300 0.065300 0.073500 0.051800 0.056200 0.060000 0.123700 0.064700 0.055800 0.074000 0.095600 0.077800 0.056200 0.056200 0.090200 0.122400 0.074200 0.042600 0.047000
GazellaPrz 0.069100 0.252300 0.082800 0.192600 0.060300 0.069100 0.082600 0.000000 0.055700 0.092400 0.060600 0.086700 0.064800 0.083500 0.074200 0.069000 0.069200 0.087400 0.060300 0.064600 0.060800 0.065200 0.119700 0.184200 0.060600 0.060100 0.064800 0.064600 0.055800 0.068900 0.092300 0.074200 0.135500 0.074100 0.060500 0.077500 0.056000 0.064900 0.082300 0.137900 0.105700 0.060100 0.087600 0.109300 0.081900 0.060400 0.060700 0.126600 0.108200 0.087800 0.064400 0.069100
MountainNy 0.029700 0.194500 0.025400 0.127300 0.021200 0.029700 0.042700 0.055700 0.000000 0.034200 0.021300 0.038200 0.029800 0.043200 0.034300 0.029700 0.012600 0.029800 0.029800 0.008400 0.038800 0.025600 0.060300 0.121900 0.021300 0.021100 0.029800 0.008000 0.016900 0.012600 0.034200 0.034300 0.103500 0.047400 0.029900 0.038100 0.016900 0.025500 0.042600 0.077700 0.047100 0.021100 0.029800 0.051000 0.042300 0.021200 0.029900 0.076700 0.085900 0.029900 0.008400 0.012600
MuntiacusM 0.060600 0.231200 0.051900 0.141900 0.047500 0.060600 0.078600 0.092400 0.034200 0.000000 0.052200 0.064900 0.060900 0.079400 0.061000 0.065000 0.038400 0.047200 0.051900 0.042900 0.070500 0.047800 0.042500 0.112600 0.052200 0.056100 0.060900 0.043000 0.051700 0.047300 0.008000 0.070100 0.121800 0.079100 0.052100 0.064800 0.047600 0.061000 0.078300 0.059900 0.029700 0.056100 0.004000 0.042300 0.069100 0.047600 0.056500 0.113700 0.113600 0.056300 0.042800 0.047200
goat 0.016900 0.206000 0.043100 0.147700 0.025700 0.016900 0.056400 0.060600 0.021300 0.052200 0.000000 0.056000 0.025600 0.048000 0.039000 0.034300 0.034300 0.043100 0.025600 0.029900 0.043600 0.012200 0.078800 0.141800 0.008500 0.025600 0.025600 0.029900 0.021300 0.034200 0.052200 0.039000 0.127500 0.043200 0.025700 0.055900 0.004100 0.021400 0.047300 0.096600 0.065300 0.025600 0.047600 0.069200 0.060300 0.021400 0.030200 0.090800 0.091100 0.052300 0.029800 0.034300
AfricanBuf 0.055700 0.214700 0.047000 0.166400 0.060200 0.055700 0.073600 0.086700 0.038200 0.064900 0.056000 0.000000 0.064800 0.083500 0.074100 0.069000 0.051400 0.069200 0.064700 0.038200 0.078900 0.060600 0.082500 0.145100 0.056100 0.060100 0.064800 0.046900 0.055800 0.042500 0.064900 0.074100 0.112200 0.074000 0.056000 0.033600 0.051500 0.064800 0.073300 0.100100 0.069000 0.060100 0.060400 0.072800 0.029300 0.051500 0.060600 0.117300 0.108200 0.069500 0.038100 0.042500
Topi 0.034100 0.205200 0.051800 0.157100 0.034200 0.034100 0.065100 0.064800 0.029800 0.060900 0.025600 0.064800 0.000000 0.056800 0.047700 0.042900 0.042900 0.060800 0.034100 0.038500 0.052300 0.030000 0.087700 0.151000 0.025600 0.034200 0.000000 0.038500 0.029900 0.042800 0.060900 0.047700 0.122400 0.016900 0.034300 0.064600 0.021300 0.038700 0.056000 0.105500 0.074100 0.034200 0.056300 0.077900 0.068900 0.029900 0.038800 0.099700 0.100000 0.061000 0.038400 0.042900
CommonDuik 0.056400 0.211300 0.070300 0.178900 0.038900 0.056400 0.042800 0.083500 0.043200 0.079400 0.048000 0.083500 0.056800 0.000000 0.061400 0.056400 0.056400 0.074600 0.056700 0.051900 0.066300 0.052600 0.097300 0.171400 0.048000 0.047500 0.056800 0.052100 0.043100 0.056400 0.079400 0.008500 0.141800 0.075000 0.056900 0.083300 0.043500 0.043400 0.060600 0.124900 0.083500 0.047500 0.074700 0.096600 0.078500 0.047900 0.047900 0.100400 0.114300 0.070200 0.051900 0.056300
Suni 0.047400 0.227300 0.061000 0.157800 0.038800 0.047400 0.069700 0.074200 0.034300 0.061000 0.039000 0.074100 0.047700 0.061400 0.000000 0.047300 0.047400 0.065300 0.030000 0.042900 0.052500 0.043500 0.087900 0.160800 0.039000 0.038600 0.047700 0.043100 0.034200 0.047400 0.070100 0.052200 0.141400 0.065600 0.047800 0.073900 0.034500 0.043300 0.051600 0.105700 0.083300 0.038600 0.065400 0.087100 0.078300 0.030100 0.038900 0.104600 0.104600 0.056600 0.042900 0.047300
Springbuck 0.042700 0.220600 0.056000 0.161400 0.034100 0.042700 0.064700 0.069000 0.029700 0.065000 0.034300 0.069000 0.042900 0.056400 0.047300 0.000000 0.042700 0.060400 0.042900 0.038200 0.052100 0.038700 0.091700 0.148800 0.034300 0.016800 0.042900 0.038300 0.021100 0.042600 0.065000 0.047400 0.135600 0.060600 0.043000 0.068900 0.029900 0.038500 0.046900 0.109400 0.078100 0.016800 0.060400 0.081900 0.073200 0.034200 0.043000 0.090300 0.090300 0.060600 0.038200 0.042600
Okapi 0.042700 0.199200 0.038500 0.131400 0.025500 0.042700 0.055900 0.069200 0.012600 0.038400 0.034300 0.051400 0.042900 0.056400 0.047400 0.042700 0.000000 0.033800 0.042900 0.021100 0.052200 0.038800 0.064400 0.135500 0.034300 0.034000 0.042900 0.021100 0.029700 0.025400 0.038400 0.047400 0.107500 0.060700 0.043100 0.051300 0.029900 0.038600 0.055600 0.081900 0.051200 0.034000 0.034000 0.064000 0.055500 0.034200 0.043000 0.081300 0.099400 0.042800 0.021100 0.025300
Giraffe 0.051500 0.225600 0.056200 0.141300 0.042900 0.051500 0.073900 0.087400 0.029800 0.047200 0.043100 0.069200 0.060800 0.074600 0.065300 0.060400 0.033800 0.000000 0.060700 0.038400 0.070300 0.030000 0.073500 0.145300 0.043100 0.051500 0.060800 0.038500 0.047200 0.042700 0.047200 0.065400 0.126200 0.074300 0.061000 0.069100 0.038700 0.047400 0.073500 0.091100 0.060100 0.051500 0.042700 0.073000 0.073400 0.051900 0.060900 0.108700 0.108800 0.060600 0.038300 0.042700
TibetanAnt 0.034100 0.215600 0.051700 0.146900 0.034200 0.034100 0.065100 0.060300 0.029800 0.051900 0.025600 0.064700 0.034100 0.056700 0.030000 0.042900 0.042900 0.060700 0.000000 0.038500 0.047800 0.030000 0.078500 0.150900 0.025600 0.034100 0.034100 0.038500 0.029800 0.042800 0.060900 0.047700 0.127000 0.051900 0.034300 0.064600 0.021200 0.038600 0.055900 0.105500 0.074000 0.034100 0.056300 0.077800 0.068900 0.029900 0.038800 0.099500 0.099800 0.061000 0.038300 0.042800
Sitatunga 0.038300 0.184000 0.016900 0.136800 0.029800 0.038300 0.042700 0.064600 0.008400 0.042900 0.029900 0.038200 0.038500 0.051900 0.042900 0.038200 0.021100 0.038400 0.038500 0.000000 0.047700 0.034300 0.060200 0.131000 0.030000 0.029600 0.038500 0.008400 0.025400 0.004200 0.042800 0.043000 0.112400 0.056200 0.038600 0.038200 0.025600 0.034200 0.042500 0.086600 0.047000 0.029600 0.038400 0.059700 0.042400 0.029900 0.038600 0.085800 0.094700 0.038500 0.000000 0.004200
Oribi 0.052200 0.234200 0.065700 0.169000 0.043300 0.052200 0.065500 0.060800 0.038800 0.070500 0.043600 0.078900 0.052300 0.066300 0.052500 0.052100 0.052200 0.070300 0.047800 0.047700 0.000000 0.048100 0.102400 0.156700 0.043600 0.043300 0.052300 0.047600 0.038900 0.052000 0.075100 0.057100 0.137300 0.070700 0.052500 0.078700 0.039100 0.047900 0.065400 0.111000 0.088500 0.043300 0.070400 0.083000 0.083100 0.043400 0.043600 0.109500 0.109900 0.070600 0.047500 0.052100
BarbaryShe 0.021300 0.206200 0.047600 0.147800 0.030100 0.021300 0.060900 0.065200 0.025600 0.047800 0.012200 0.060600 0.030000 0.052600 0.043500 0.038700 0.038800 0.030000 0.030000 0.034300 0.048100 0.000000 0.074400 0.137300 0.012800 0.030000 0.030000 0.034300 0.025700 0.038600 0.047800 0.043500 0.132400 0.043300 0.030100 0.060500 0.008500 0.025700 0.051800 0.092200 0.060900 0.030000 0.043300 0.064800 0.064800 0.025700 0.034600 0.095500 0.086800 0.056900 0.034200 0.038700
Daviddeer 0.087200 0.208100 0.060400 0.181200 0.073900 0.087200 0.078100 0.119700 0.060300 0.042500 0.078800 0.082500 0.087700 0.097300 0.087900 0.091700 0.064400 0.073500 0.078500 0.060200 0.102400 0.074400 0.000000 0.140100 0.078900 0.082600 0.087700 0.069300 0.078100 0.064700 0.042500 0.087800 0.149500 0.106400 0.088000 0.082300 0.074200 0.087800 0.086800 0.081600 0.012500 0.082600 0.038100 0.068200 0.086700 0.074100 0.074100 0.113000 0.141100 0.092100 0.060200 0.064600
Reindeer 0.136000 0.303000 0.141200 0.255700 0.146000 0.136000 0.169700 0.184200 0.121900 0.112600 0.141800 0.145100 0.151000 0.171400 0.160800 0.148800 0.135500 0.145300 0.150900 0.131000 0.156700 0.137300 0.140100 0.000000 0.141900 0.135800 0.151000 0.131300 0.131200 0.135900 0.102800 0.161100 0.235600 0.170800 0.151300 0.154500 0.136800 0.151100 0.169000 0.097700 0.125900 0.135800 0.107800 0.075300 0.159000 0.136600 0.146200 0.196500 0.166900 0.155500 0.131000 0.135700
Ibex 0.017000 0.206100 0.043100 0.147700 0.025700 0.017000 0.056400 0.060600 0.021300 0.052200 0.008500 0.056100 0.025600 0.048000 0.039000 0.034300 0.034300 0.043100 0.025600 0.030000 0.043600 0.012800 0.078900 0.141900 0.000000 0.025600 0.025600 0.029900 0.021300 0.034200 0.052200 0.039000 0.127600 0.043300 0.025700 0.056000 0.004000 0.030100 0.047300 0.096700 0.065300 0.025600 0.047700 0.069200 0.060300 0.021400 0.030200 0.090900 0.091200 0.043400 0.029800 0.034300
GyrantGaze 0.034000 0.210200 0.047200 0.151500 0.025500 0.034000 0.055800 0.060100 0.021100 0.056100 0.025600 0.060100 0.034200 0.047500 0.038600 0.016800 0.034000 0.051500 0.034100 0.029600 0.043300 0.030000 0.082600 0.135800 0.025600 0.000000 0.034200 0.029700 0.012600 0.034000 0.056100 0.038600 0.126300 0.051700 0.034300 0.060000 0.021300 0.029800 0.038200 0.100200 0.069100 0.000000 0.051600 0.072900 0.064300 0.025500 0.034200 0.081300 0.081300 0.051700 0.029600 0.033900
Hartebeest 0.034100 0.205200 0.051800 0.157100 0.034200 0.034100 0.065100 0.064800 0.029800 0.060900 0.025600 0.064800 0.000000 0.056800 0.047700 0.042900 0.042900 0.060800 0.034100 0.038500 0.052300 0.030000 0.087700 0.151000 0.025600 0.034200 0.000000 0.038500 0.029900 0.042800 0.060900 0.047700 0.122400 0.016900 0.034300 0.064600 0.021300 0.038700 0.056000 0.105500 0.074100 0.034200 0.056300 0.077900 0.068900 0.029900 0.038800 0.099700 0.100000 0.061000 0.038400 0.042900
Bongo 0.038400 0.194600 0.025500 0.137100 0.029800 0.038400 0.051500 0.064600 0.008000 0.043000 0.029900 0.046900 0.038500 0.052100 0.043100 0.038300 0.021100 0.038500 0.038500 0.008400 0.047600 0.034300 0.069300 0.131300 0.029900 0.029700 0.038500 0.000000 0.025400 0.012600 0.043000 0.043100 0.112700 0.056300 0.038600 0.046800 0.025500 0.034100 0.051300 0.086800 0.055900 0.029700 0.038500 0.059800 0.051000 0.029800 0.038700 0.085600 0.094900 0.038600 0.008400 0.012600
Gerenuk 0.029700 0.194800 0.042900 0.146700 0.021200 0.029700 0.051400 0.055800 0.016900 0.051700 0.021300 0.055800 0.029900 0.043100 0.034200 0.021100 0.029700 0.047200 0.029800 0.025400 0.038900 0.025700 0.078100 0.131200 0.021300 0.012600 0.029900 0.025400 0.000000 0.029700 0.051700 0.034300 0.121700 0.047400 0.029900 0.055700 0.017000 0.025500 0.033900 0.095800 0.064700 0.012000 0.047200 0.068600 0.059900 0.021300 0.029900 0.068100 0.068100 0.047300 0.025400 0.029600
CommonElan 0.042700 0.184000 0.012600 0.141900 0.034000 0.042700 0.047100 0.068900 0.012600 0.047300 0.034200 0.042500 0.042800 0.056400 0.047400 0.042600 0.025400 0.042700 0.042800 0.004200 0.052000 0.038600 0.064700 0.135900 0.034200 0.034000 0.042800 0.012600 0.029700 0.000000 0.047300 0.047400 0.117100 0.060700 0.042900 0.042400 0.029800 0.038400 0.046900 0.091200 0.051400 0.034000 0.042800 0.064100 0.046600 0.034100 0.043000 0.090000 0.099300 0.042900 0.004000 0.000000
MuntiacusR 0.056100 0.231300 0.051900 0.151900 0.047500 0.056100 0.078600 0.092300 0.034200 0.008000 0.052200 0.064900 0.060900 0.079400 0.070100 0.065000 0.038400 0.047200 0.060900 0.042800 0.075100 0.047800 0.042500 0.102800 0.052200 0.056100 0.060900 0.043000 0.051700 0.047300 0.000000 0.070100 0.121900 0.079100 0.052100 0.064800 0.047600 0.061000 0.078300 0.055400 0.029600 0.056100 0.004200 0.042300 0.069100 0.047600 0.056500 0.113700 0.113600 0.056200 0.042800 0.047200
HarveysDui 0.047400 0.200300 0.061000 0.168000 0.030000 0.047400 0.034000 0.074200 0.034300 0.070100 0.039000 0.074100 0.047700 0.008500 0.052200 0.047400 0.047400 0.065400 0.047700 0.043000 0.057100 0.043500 0.087800 0.161100 0.039000 0.038600 0.047700 0.043100 0.034300 0.047400 0.070100 0.000000 0.132000 0.065700 0.047800 0.074000 0.034500 0.034500 0.051600 0.115100 0.074100 0.038600 0.065400 0.087100 0.078400 0.038900 0.038900 0.091000 0.104700 0.060900 0.042900 0.047300
Pronghorn 0.126500 0.268700 0.131700 0.228700 0.117500 0.126500 0.121600 0.135500 0.103500 0.121800 0.127500 0.112200 0.122400 0.141800 0.141400 0.135600 0.107500 0.126200 0.127000 0.112400 0.137300 0.132400 0.149500 0.235600 0.127600 0.126300 0.122400 0.112700 0.121700 0.117100 0.121900 0.132000 0.000000 0.122400 0.117900 0.125900 0.122700 0.131900 0.139900 0.177500 0.135200 0.126300 0.117000 0.157900 0.121000 0.127100 0.127100 0.166800 0.147500 0.126700 0.112400 0.116900
BlueWildeb 0.051600 0.215300 0.070000 0.166700 0.052000 0.051600 0.083300 0.074100 0.047400 0.079100 0.043200 0.074000 0.016900 0.075000 0.065600 0.060600 0.060700 0.074300 0.051900 0.056200 0.070700 0.043300 0.106400 0.170800 0.043300 0.051700 0.016900 0.056300 0.047400 0.060700 0.079100 0.065700 0.122400 0.000000 0.052100 0.064800 0.038800 0.052100 0.073900 0.124500 0.092400 0.051700 0.074400 0.096200 0.069100 0.047700 0.056600 0.118700 0.109200 0.079200 0.056200 0.060600
Gemsbok 0.025500 0.216300 0.051900 0.157700 0.034300 0.025500 0.065300 0.060500 0.029900 0.052100 0.025700 0.056000 0.034300 0.056900 0.047800 0.043000 0.043100 0.061000 0.034300 0.038600 0.052500 0.030100 0.088000 0.151300 0.025700 0.034300 0.034300 0.038600 0.029900 0.042900 0.052100 0.047800 0.117900 0.052100 0.000000 0.064800 0.021300 0.038800 0.056100 0.105900 0.074300 0.034300 0.047600 0.078100 0.060200 0.030000 0.039000 0.099900 0.091000 0.052200 0.038500 0.043000
Yak 0.064500 0.203600 0.042500 0.165900 0.060100 0.064500 0.073500 0.077500 0.038100 0.064800 0.055900 0.033600 0.064600 0.083300 0.073900 0.068900 0.051300 0.069100 0.064600 0.038200 0.078700 0.060500 0.082300 0.154500 0.056000 0.060000 0.064600 0.046800 0.055700 0.042400 0.064800 0.074000 0.125900 0.064800 0.064800 0.000000 0.051400 0.064700 0.073200 0.109200 0.068900 0.060000 0.060200 0.081600 0.012400 0.051400 0.060500 0.117000 0.108100 0.069400 0.038000 0.042500
BlueSheep 0.012700 0.200500 0.038600 0.142400 0.021300 0.012700 0.051800 0.056000 0.016900 0.047600 0.004100 0.051500 0.021300 0.043500 0.034500 0.029900 0.029900 0.038700 0.021200 0.025600 0.039100 0.008500 0.074200 0.136800 0.004000 0.021300 0.021300 0.025500 0.017000 0.029800 0.047600 0.034500 0.122700 0.038800 0.021300 0.051400 0.000000 0.025700 0.042900 0.091900 0.060700 0.021300 0.043100 0.064600 0.055700 0.017000 0.025800 0.086200 0.086500 0.047700 0.025500 0.029900
BohorReedb 0.038600 0.205800 0.051800 0.152600 0.012700 0.038600 0.056200 0.064900 0.025500 0.061000 0.021400 0.064800 0.038700 0.043400 0.043300 0.038500 0.038600 0.047400 0.038600 0.034200 0.047900 0.025700 0.087800 0.151100 0.030100 0.029800 0.038700 0.034100 0.025500 0.038400 0.061000 0.034500 0.131900 0.052100 0.038800 0.064700 0.025700 0.000000 0.051500 0.105600 0.074100 0.029800 0.056400 0.078000 0.069000 0.030000 0.038900 0.086000 0.095400 0.052100 0.034000 0.038500
KirksDik 0.055700 0.204000 0.060300 0.176000 0.047100 0.055700 0.060000 0.082300 0.042600 0.078300 0.047300 0.073300 0.056000 0.060600 0.051600 0.046900 0.055600 0.073500 0.055900 0.042500 0.065400 0.051800 0.086800 0.169000 0.047300 0.038200 0.056000 0.051300 0.033900 0.046900 0.078300 0.051600 0.139900 0.073900 0.056100 0.073200 0.042900 0.051500 0.000000 0.123100 0.073300 0.038200 0.073600 0.095200 0.077500 0.047200 0.047200 0.094500 0.103700 0.073900 0.042500 0.046800
RoeDeer 0.086600 0.277700 0.096200 0.195300 0.091600 0.086600 0.123700 0.137900 0.077700 0.059900 0.096600 0.100100 0.105500 0.124900 0.105700 0.109400 0.081900 0.091100 0.105500 0.086600 0.111000 0.092200 0.081600 0.097700 0.096700 0.100200 0.105500 0.086800 0.095800 0.091200 0.055400 0.115100 0.177500 0.124500 0.105900 0.109200 0.091900 0.105600 0.123100 0.000000 0.072800 0.100200 0.055400 0.041600 0.113600 0.082600 0.101000 0.159500 0.140100 0.100700 0.086600 0.091100
WhiteLippe 0.073600 0.203500 0.047200 0.166000 0.060500 0.073600 0.064700 0.105700 0.047100 0.029700 0.065300 0.069000 0.074100 0.083500 0.083300 0.078100 0.051200 0.060100 0.074000 0.047000 0.088500 0.060900 0.012500 0.125900 0.065300 0.069100 0.074100 0.055900 0.064700 0.051400 0.029600 0.074100 0.135200 0.092400 0.074300 0.068900 0.060700 0.074100 0.073300 0.072800 0.000000 0.069100 0.025300 0.055100 0.073200 0.060600 0.060600 0.099200 0.127000 0.078400 0.047000 0.051300
ThomsonGaz 0.034000 0.210200 0.047200 0.151500 0.025500 0.034000 0.055800 0.060100 0.021100 0.056100 0.025600 0.060100 0.034200 0.047500 0.038600 0.016800 0.034000 0.051500 0.034100 0.029600 0.043300 0.030000 0.082600 0.135800 0.025600 0.000000 0.034200 0.029700 0.012000 0.034000 0.056100 0.038600 0.126300 0.051700 0.034300 0.060000 0.021300 0.029800 0.038200 0.100200 0.069100 0.000000 0.051600 0.072900 0.064300 0.025500 0.034200 0.081300 0.081300 0.051700 0.029600 0.033900
MuntiacusC 0.056000 0.225500 0.047400 0.146700 0.043000 0.056000 0.074000 0.087600 0.029800 0.004000 0.047600 0.060400 0.056300 0.074700 0.065400 0.060400 0.034000 0.042700 0.056300 0.038400 0.070400 0.043300 0.038100 0.107800 0.047700 0.051600 0.056300 0.038500 0.047200 0.042800 0.004200 0.065400 0.117000 0.074400 0.047600 0.060200 0.043100 0.056400 0.073600 0.055400 0.025300 0.051600 0.000000 0.037900 0.064500 0.043100 0.052000 0.108900 0.108800 0.051700 0.038400 0.042800
WhiteTaile 0.068600 0.244300 0.068800 0.174700 0.073300 0.068600 0.095600 0.109300 0.051000 0.042300 0.069200 0.072800 0.077900 0.096600 0.087100 0.081900 0.064000 0.073000 0.077800 0.059700 0.083000 0.064800 0.068200 0.075300 0.069200 0.072900 0.077900 0.059800 0.068600 0.064100 0.042300 0.087100 0.157900 0.096200 0.078100 0.081600 0.064600 0.078000 0.095200 0.041600 0.055100 0.072900 0.037900 0.000000 0.086000 0.064500 0.073500 0.130600 0.112100 0.082200 0.059700 0.064000
Cattle 0.059900 0.219100 0.051200 0.170600 0.064400 0.059900 0.077800 0.081900 0.042300 0.069100 0.060300 0.029300 0.068900 0.078500 0.078300 0.073200 0.055500 0.073400 0.068900 0.042400 0.083100 0.064800 0.086700 0.159000 0.060300 0.064300 0.068900 0.051000 0.059900 0.046600 0.069100 0.078400 0.121000 0.069100 0.060200 0.012400 0.055700 0.069000 0.077500 0.113600 0.073200 0.064300 0.064500 0.086000 0.000000 0.055700 0.064800 0.121400 0.103300 0.073700 0.042200 0.046700
RoyalAntel 0.029900 0.205900 0.038600 0.147700 0.025600 0.029900 0.056200 0.060400 0.021200 0.047600 0.021400 0.051500 0.029900 0.047900 0.030100 0.034200 0.034200 0.051900 0.029900 0.029900 0.043400 0.025700 0.074100 0.136600 0.021400 0.025500 0.029900 0.029800 0.021300 0.034100 0.047600 0.038900 0.127100 0.047700 0.030000 0.051400 0.017000 0.030000 0.047200 0.082600 0.060600 0.025500 0.043100 0.064500 0.055700 0.000000 0.025700 0.090600 0.090900 0.043200 0.029700 0.034200
Steenbok 0.038600 0.205900 0.047600 0.157800 0.034400 0.038600 0.056200 0.060700 0.029900 0.056500 0.030200 0.060600 0.038800 0.047900 0.038900 0.043000 0.043000 0.060900 0.038800 0.038600 0.043600 0.034600 0.074100 0.146200 0.030200 0.034200 0.038800 0.038700 0.029900 0.043000 0.056500 0.038900 0.127100 0.056600 0.039000 0.060500 0.025800 0.038900 0.047200 0.101000 0.060600 0.034200 0.052000 0.073500 0.064800 0.025700 0.000000 0.090900 0.091000 0.061100 0.038600 0.042900
Impala 0.099400 0.196300 0.094900 0.193900 0.081400 0.099400 0.090200 0.126600 0.076700 0.113700 0.090800 0.117300 0.099700 0.100400 0.104600 0.090300 0.081300 0.108700 0.099500 0.085800 0.109500 0.095500 0.113000 0.196500 0.090900 0.081300 0.099700 0.085600 0.068100 0.090000 0.113700 0.091000 0.166800 0.118700 0.099900 0.117000 0.086200 0.086000 0.094500 0.159500 0.099200 0.081300 0.108900 0.130600 0.121400 0.090600 0.090900 0.000000 0.139200 0.109200 0.085400 0.090200
Klipspring 0.081400 0.265500 0.113600 0.219600 0.090700 0.081400 0.122400 0.108200 0.085900 0.113600 0.091100 0.108200 0.100000 0.114300 0.104600 0.090300 0.099400 0.108800 0.099800 0.094700 0.109900 0.086800 0.141100 0.166900 0.091200 0.081300 0.100000 0.094900 0.068100 0.099300 0.113600 0.104700 0.147500 0.109200 0.091000 0.108100 0.086500 0.095400 0.103700 0.140100 0.127000 0.081300 0.108800 0.112100 0.103300 0.090900 0.091000 0.139200 0.000000 0.109100 0.094700 0.099200
ForestMusk 0.060700 0.225600 0.056400 0.162200 0.047600 0.060700 0.074200 0.087800 0.029900 0.056300 0.052300 0.069500 0.061000 0.070200 0.056600 0.060600 0.042800 0.060600 0.061000 0.038500 0.070600 0.056900 0.092100 0.155500 0.043400 0.051700 0.061000 0.038600 0.047300 0.042900 0.056200 0.060900 0.126700 0.079200 0.052200 0.069400 0.047700 0.052100 0.073900 0.100700 0.078400 0.051700 0.051700 0.082200 0.073700 0.043200 0.061100 0.109200 0.109100 0.000000 0.038500 0.042900
Bushbuck 0.038300 0.183900 0.016800 0.136700 0.029700 0.038300 0.042600 0.064400 0.008400 0.042800 0.029800 0.038100 0.038400 0.051900 0.042900 0.038200 0.021100 0.038300 0.038300 0.000000 0.047500 0.034200 0.060200 0.131000 0.029800 0.029600 0.038400 0.008400 0.025400 0.004000 0.042800 0.042900 0.112400 0.056200 0.038500 0.038000 0.025500 0.034000 0.042500 0.086600 0.047000 0.029600 0.038400 0.059700 0.042200 0.029700 0.038600 0.085400 0.094700 0.038500 0.000000 0.004200
GreaterKud 0.042600 0.183700 0.012600 0.141600 0.034100 0.042600 0.047000 0.069100 0.012600 0.047200 0.034300 0.042500 0.042900 0.056300 0.047300 0.042600 0.025300 0.042700 0.042800 0.004200 0.052100 0.038700 0.064600 0.135700 0.034300 0.033900 0.042900 0.012600 0.029600 0.000000 0.047200 0.047300 0.116900 0.060600 0.043000 0.042500 0.029900 0.038500 0.046800 0.091100 0.051300 0.033900 0.042800 0.064000 0.046700 0.034200 0.042900 0.090200 0.099200 0.042900 0.004200 0.000000
