1
52 1
Argali 0.000000 0.219200 0.091900 0.206200 0.065700 0.009900 0.061500 0.073800 0.091800 0.106400 0.038500 0.065900 0.056900 0.067800 0.074400 0.064900 0.112300 0.112500 0.034400 0.087200 0.059300 0.036300 0.109900 0.105300 0.038100 0.070000 0.047000 0.091400 0.057100 0.080900 0.109400 0.065600 0.146200 0.046900 0.046200 0.077800 0.046800 0.055000 0.061100 0.105100 0.105200 0.063800 0.113700 0.103400 0.077700 0.069300 0.059400 0.080200 0.059300 0.072000 0.087500 0.087500
LesserMous 0.219200 0.000000 0.223200 0.214300 0.215400 0.216400 0.229100 0.225500 0.222400 0.206200 0.216600 0.215900 0.211600 0.226400 0.224200 0.222900 0.213200 0.203000 0.213900 0.222000 0.215600 0.219100 0.198600 0.202900 0.211200 0.221600 0.201400 0.226900 0.218900 0.220500 0.199200 0.218100 0.251000 0.206000 0.206100 0.222900 0.216400 0.210200 0.207500 0.198100 0.199700 0.225000 0.193600 0.201200 0.220200 0.220200 0.202100 0.212700 0.198300 0.205900 0.223100 0.223000
LesserKudu 0.091900 0.223200 0.000000 0.215900 0.078100 0.087400 0.084900 0.080000 0.023800 0.113000 0.085300 0.064000 0.080800 0.089100 0.087200 0.077500 0.112000 0.100900 0.072100 0.019700 0.071300 0.089600 0.116100 0.113900 0.083200 0.082400 0.070200 0.019600 0.071300 0.017700 0.111500 0.089100 0.151100 0.074300 0.059300 0.068900 0.083100 0.076000 0.073600 0.113700 0.109300 0.067600 0.115900 0.112000 0.071000 0.078300 0.080600 0.080300 0.071900 0.089100 0.021700 0.023700
KillerWhal 0.206200 0.214300 0.215900 0.000000 0.209800 0.203500 0.208200 0.206500 0.213800 0.216900 0.204300 0.199500 0.195200 0.205400 0.213300 0.206700 0.206200 0.203800 0.211000 0.210400 0.192600 0.211200 0.213300 0.211900 0.208500 0.202800 0.188400 0.212800 0.200800 0.209000 0.220200 0.207400 0.239300 0.188000 0.198400 0.205600 0.214000 0.204800 0.194900 0.209200 0.209300 0.205900 0.219800 0.205400 0.203000 0.199900 0.193300 0.204700 0.188000 0.195200 0.211300 0.203000
DefassaWat 0.065700 0.215400 0.078100 0.209800 0.000000 0.061400 0.059100 0.064900 0.077400 0.092700 0.057200 0.057400 0.058600 0.069600 0.061200 0.064500 0.096000 0.100500 0.046600 0.077200 0.054800 0.059200 0.095700 0.093500 0.057200 0.065300 0.048800 0.081400 0.061000 0.071700 0.095700 0.067400 0.120600 0.048700 0.050700 0.071400 0.061300 0.021900 0.060700 0.097800 0.088300 0.059200 0.099900 0.096100 0.075700 0.056900 0.063300 0.059000 0.059000 0.058600 0.078200 0.081800
Sheep 0.009900 0.216400 0.087400 0.203500 0.061400 0.000000 0.063500 0.069500 0.087300 0.104000 0.032300 0.061600 0.056800 0.069900 0.070000 0.060600 0.107700 0.107900 0.034300 0.082800 0.055000 0.030200 0.107500 0.102900 0.031800 0.069900 0.046900 0.087000 0.052900 0.076500 0.107000 0.065600 0.141600 0.046800 0.041900 0.073400 0.040500 0.050700 0.061000 0.102700 0.102900 0.059500 0.111300 0.101100 0.073300 0.065000 0.059300 0.075800 0.055000 0.067600 0.083000 0.087400
MaxwellsDu 0.061500 0.229100 0.084900 0.208200 0.059100 0.063500 0.000000 0.060800 0.084800 0.098900 0.057300 0.059700 0.058800 0.032100 0.065500 0.060300 0.104600 0.107600 0.055100 0.076000 0.059000 0.061400 0.104500 0.104300 0.059400 0.060500 0.053100 0.084500 0.056900 0.074000 0.102100 0.036200 0.130200 0.053000 0.045900 0.073600 0.067400 0.052700 0.048300 0.108600 0.099800 0.052900 0.110800 0.102500 0.077900 0.060500 0.052800 0.067500 0.067500 0.065200 0.082700 0.080600
GazellaPrz 0.073800 0.225500 0.080000 0.206500 0.064900 0.069500 0.060800 0.000000 0.079900 0.105400 0.069600 0.053000 0.071200 0.071300 0.060900 0.055900 0.108800 0.106800 0.064900 0.075500 0.050300 0.067400 0.110800 0.108100 0.069600 0.065100 0.061100 0.079700 0.048100 0.077800 0.108400 0.067000 0.137500 0.060900 0.050400 0.068500 0.065000 0.062700 0.056300 0.106100 0.100900 0.054800 0.112700 0.104300 0.072700 0.069200 0.050400 0.067000 0.067100 0.075400 0.075800 0.084300
MountainNy 0.091800 0.222400 0.023800 0.213800 0.077400 0.087300 0.084800 0.079900 0.000000 0.117000 0.085200 0.068400 0.080700 0.089000 0.087100 0.076800 0.118300 0.109400 0.076400 0.011700 0.069100 0.089500 0.120500 0.118300 0.087400 0.084000 0.070100 0.011700 0.071300 0.017700 0.116000 0.089000 0.151100 0.074200 0.059200 0.072800 0.083000 0.080200 0.073500 0.118100 0.113300 0.069200 0.120300 0.116500 0.074900 0.077700 0.080500 0.080300 0.071300 0.091000 0.023800 0.019700
MuntiacusM 0.106400 0.206200 0.113000 0.216900 0.092700 0.104000 0.098900 0.105400 0.117000 0.000000 0.104500 0.100000 0.101500 0.110600 0.095100 0.100600 0.098800 0.098200 0.084200 0.111600 0.099200 0.106600 0.046800 0.044500 0.104400 0.103100 0.091000 0.113000 0.094400 0.110700 0.017900 0.112800 0.129300 0.090800 0.093000 0.105700 0.106600 0.090000 0.087800 0.048600 0.044500 0.097000 0.017900 0.046800 0.110100 0.104000 0.094500 0.110500 0.094700 0.087200 0.113100 0.110300
goat 0.038500 0.216600 0.085300 0.204300 0.057200 0.032300 0.057300 0.069600 0.085200 0.104500 0.000000 0.061700 0.050600 0.070000 0.070200 0.065000 0.105600 0.105800 0.026200 0.080700 0.055100 0.026200 0.114400 0.109700 0.012000 0.070100 0.040700 0.084900 0.057200 0.074400 0.107500 0.057200 0.128100 0.040600 0.039900 0.073600 0.026100 0.050800 0.063200 0.105200 0.109000 0.059600 0.111800 0.107900 0.077800 0.058800 0.051000 0.063600 0.059300 0.067700 0.081000 0.085300
AfricanBuf 0.065900 0.215900 0.064000 0.199500 0.057400 0.061600 0.059700 0.053000 0.068400 0.100000 0.061700 0.000000 0.059200 0.064000 0.061800 0.058400 0.094600 0.094800 0.053500 0.059400 0.050900 0.061900 0.101200 0.096500 0.061700 0.063700 0.049200 0.063600 0.055100 0.057300 0.103200 0.061700 0.130100 0.049100 0.042900 0.026900 0.068200 0.051000 0.057100 0.100800 0.092100 0.057500 0.103000 0.094800 0.031000 0.055400 0.051100 0.059400 0.055500 0.059000 0.063900 0.063900
Topi 0.056900 0.211600 0.080800 0.195200 0.058600 0.056800 0.058800 0.071200 0.080700 0.101500 0.050600 0.059200 0.000000 0.065200 0.060900 0.070700 0.102300 0.102900 0.048800 0.076200 0.052200 0.056900 0.111700 0.102100 0.054200 0.067200 0.018000 0.080400 0.060700 0.069900 0.100200 0.066900 0.139300 0.013900 0.044600 0.069100 0.061200 0.050100 0.058400 0.101800 0.102500 0.065300 0.104400 0.099800 0.066900 0.058300 0.065300 0.068600 0.054500 0.064700 0.076500 0.076500
CommonDuik 0.067800 0.226400 0.089100 0.205400 0.069600 0.069900 0.032100 0.071300 0.089000 0.110600 0.070000 0.064000 0.065200 0.000000 0.067500 0.066700 0.109400 0.111900 0.065600 0.084500 0.065300 0.072000 0.109200 0.111300 0.070000 0.063200 0.059300 0.088700 0.067400 0.078200 0.104600 0.032100 0.148200 0.059200 0.056500 0.077800 0.078500 0.065200 0.054500 0.111200 0.102300 0.059200 0.113400 0.109400 0.073500 0.071200 0.063300 0.073800 0.065300 0.065100 0.089200 0.084800
Suni 0.074400 0.224200 0.087200 0.213300 0.061200 0.070000 0.065500 0.060900 0.087100 0.095100 0.070200 0.061800 0.060900 0.067500 0.000000 0.068900 0.102900 0.105300 0.059300 0.082600 0.063300 0.072200 0.102700 0.095900 0.069600 0.069800 0.055200 0.086800 0.061100 0.080600 0.098100 0.071800 0.125100 0.055100 0.059200 0.075900 0.078700 0.050600 0.060800 0.098000 0.093700 0.063100 0.102400 0.089600 0.080100 0.057000 0.067700 0.071200 0.059000 0.063100 0.082900 0.087200
Springbuck 0.064900 0.222900 0.077500 0.206700 0.064500 0.060600 0.060300 0.055900 0.076800 0.100600 0.065000 0.058400 0.070700 0.066700 0.068900 0.000000 0.105700 0.103800 0.058400 0.072100 0.040000 0.067000 0.097300 0.099300 0.065000 0.047800 0.053800 0.076400 0.023300 0.064500 0.101600 0.056000 0.140300 0.060600 0.045800 0.070200 0.064900 0.058100 0.045900 0.099200 0.094000 0.033500 0.108100 0.097500 0.072300 0.064500 0.046300 0.062300 0.054200 0.067900 0.073200 0.076800
Okapi 0.112300 0.213200 0.112000 0.206200 0.096000 0.107700 0.104600 0.108800 0.118300 0.098800 0.105600 0.094600 0.102300 0.109400 0.102900 0.105700 0.000000 0.046900 0.092000 0.112900 0.096000 0.109900 0.098000 0.089100 0.107800 0.111700 0.082900 0.117900 0.102600 0.106900 0.093100 0.107100 0.121000 0.091900 0.087500 0.100100 0.109900 0.087100 0.095100 0.080200 0.094600 0.100900 0.092900 0.087300 0.109000 0.098300 0.100700 0.111300 0.098600 0.080400 0.116600 0.116600
Giraffe 0.112500 0.203000 0.100900 0.203800 0.100500 0.107900 0.107600 0.106800 0.109400 0.098200 0.105800 0.094800 0.102900 0.111900 0.105300 0.103800 0.046900 0.000000 0.094500 0.104600 0.098400 0.107800 0.091400 0.091600 0.110300 0.109600 0.085800 0.109000 0.100700 0.104800 0.091200 0.116400 0.125600 0.092100 0.089900 0.100400 0.107600 0.093800 0.099700 0.089200 0.091300 0.101100 0.091000 0.085400 0.104400 0.105200 0.105400 0.113900 0.094100 0.080600 0.103200 0.112100
TibetanAnt 0.034400 0.213900 0.072100 0.211000 0.046600 0.034300 0.055100 0.064900 0.076400 0.084200 0.026200 0.053500 0.048800 0.065600 0.059300 0.058400 0.092000 0.094500 0.000000 0.071900 0.048700 0.032300 0.098500 0.093800 0.026200 0.063500 0.038600 0.076100 0.050800 0.065700 0.087300 0.057100 0.125300 0.038500 0.036400 0.063200 0.038400 0.040300 0.058900 0.093800 0.093900 0.053100 0.095900 0.092000 0.067400 0.055000 0.057200 0.057100 0.052900 0.061100 0.072200 0.076500
Sitatunga 0.087200 0.222000 0.019700 0.210400 0.077200 0.082800 0.076000 0.075500 0.011700 0.111600 0.080700 0.059400 0.076200 0.084500 0.082600 0.072100 0.112900 0.104600 0.071900 0.000000 0.064500 0.084900 0.115300 0.113000 0.082900 0.078800 0.065700 0.007800 0.066800 0.013700 0.110700 0.084500 0.141600 0.069800 0.054900 0.063700 0.077900 0.075800 0.069100 0.112700 0.108000 0.064700 0.115000 0.111200 0.065700 0.073100 0.076000 0.080100 0.066700 0.086300 0.023600 0.019600
Oribi 0.059300 0.215600 0.071300 0.192600 0.054800 0.055000 0.059000 0.050300 0.069100 0.099200 0.055100 0.050900 0.052200 0.065300 0.063300 0.040000 0.096000 0.098400 0.048700 0.064500 0.000000 0.057100 0.102500 0.093500 0.055100 0.054700 0.042500 0.068700 0.034000 0.060200 0.095700 0.058900 0.129700 0.046600 0.032100 0.062400 0.052900 0.052600 0.042000 0.093400 0.088100 0.037300 0.097700 0.096000 0.066600 0.056800 0.048500 0.061000 0.048500 0.065000 0.066900 0.069200
BarbaryShe 0.036300 0.219100 0.089600 0.211200 0.059200 0.030200 0.061400 0.067400 0.089500 0.106600 0.026200 0.061900 0.056900 0.072000 0.072200 0.067000 0.109900 0.107800 0.032300 0.084900 0.057100 0.000000 0.116500 0.111800 0.026100 0.067800 0.046900 0.089200 0.059200 0.078600 0.109500 0.063500 0.134800 0.046800 0.044100 0.071400 0.030200 0.052800 0.067400 0.111700 0.111800 0.061600 0.113800 0.110000 0.075600 0.062900 0.057200 0.065600 0.057100 0.069800 0.085200 0.089600
Daviddeer 0.109900 0.198600 0.116100 0.213300 0.095700 0.107500 0.104500 0.110800 0.120500 0.046800 0.114400 0.101200 0.111700 0.109200 0.102700 0.097300 0.098000 0.091400 0.098500 0.115300 0.102500 0.116500 0.000000 0.042600 0.114400 0.104400 0.092100 0.115700 0.102100 0.109300 0.044600 0.113700 0.130600 0.100700 0.094000 0.106600 0.116500 0.093500 0.091000 0.046600 0.018000 0.102600 0.044600 0.044800 0.111000 0.109300 0.093500 0.111500 0.095700 0.084600 0.116200 0.116200
Reindeer 0.105300 0.202900 0.113900 0.211900 0.093500 0.102900 0.104300 0.108100 0.118300 0.044500 0.109700 0.096500 0.102100 0.111300 0.095900 0.099300 0.089100 0.091600 0.093800 0.113000 0.093500 0.111800 0.042600 0.000000 0.109700 0.109200 0.087200 0.113400 0.100200 0.111600 0.042400 0.109000 0.123300 0.091700 0.089400 0.106500 0.111800 0.089000 0.086500 0.036100 0.036200 0.102800 0.042300 0.018000 0.110900 0.095700 0.097700 0.106700 0.091200 0.080200 0.114000 0.114000
Ibex 0.038100 0.211200 0.083200 0.208500 0.057200 0.031800 0.059400 0.069600 0.087400 0.104400 0.012000 0.061700 0.054200 0.070000 0.069600 0.065000 0.107800 0.110300 0.026200 0.082900 0.055100 0.026100 0.114400 0.109700 0.000000 0.070000 0.044200 0.087100 0.056600 0.076500 0.107400 0.057200 0.128100 0.044100 0.042000 0.073500 0.028200 0.050300 0.065300 0.105200 0.108900 0.059600 0.111700 0.107800 0.077800 0.060900 0.051000 0.055100 0.058900 0.067700 0.083100 0.087500
GyrantGaze 0.070000 0.221600 0.082400 0.202800 0.065300 0.069900 0.060500 0.065100 0.084000 0.103100 0.070100 0.063700 0.067200 0.063200 0.069800 0.047800 0.111700 0.109600 0.063500 0.078800 0.054700 0.067800 0.104400 0.109200 0.070000 0.000000 0.053100 0.083200 0.044300 0.073100 0.104300 0.069600 0.146000 0.057100 0.055000 0.077400 0.078500 0.063100 0.045700 0.104600 0.101000 0.021900 0.110800 0.107300 0.077300 0.073900 0.054900 0.064700 0.059000 0.073500 0.078100 0.078100
Hartebeest 0.047000 0.201400 0.070200 0.188400 0.048800 0.046900 0.053100 0.061100 0.070100 0.091000 0.040700 0.049200 0.018000 0.059300 0.055200 0.053800 0.082900 0.085800 0.038600 0.065700 0.042500 0.046900 0.092100 0.087200 0.044200 0.053100 0.000000 0.069800 0.046700 0.055200 0.085300 0.056700 0.123200 0.007900 0.030200 0.054900 0.053200 0.040400 0.044400 0.087000 0.087500 0.051100 0.089500 0.084800 0.059000 0.048300 0.046800 0.054300 0.040500 0.054700 0.065900 0.065900
Bongo 0.091400 0.226900 0.019600 0.212800 0.081400 0.087000 0.084500 0.079700 0.011700 0.113000 0.084900 0.063600 0.080400 0.088700 0.086800 0.076400 0.117900 0.109000 0.076100 0.007800 0.068700 0.089200 0.115700 0.113400 0.087100 0.083200 0.069800 0.000000 0.071000 0.013700 0.111200 0.088300 0.150500 0.073900 0.059000 0.067900 0.082700 0.080000 0.073300 0.113300 0.108400 0.068900 0.115500 0.111600 0.070000 0.077300 0.080200 0.084300 0.071000 0.090600 0.023600 0.019600
Gerenuk 0.057100 0.218900 0.071300 0.200800 0.061000 0.052900 0.056900 0.048100 0.071300 0.094400 0.057200 0.055100 0.060700 0.067400 0.061100 0.023300 0.102600 0.100700 0.050800 0.066800 0.034000 0.059200 0.102100 0.100200 0.056600 0.044300 0.046700 0.071000 0.000000 0.060500 0.095300 0.061000 0.135800 0.050700 0.038300 0.064600 0.057100 0.050400 0.045600 0.100000 0.096500 0.026000 0.101800 0.098300 0.068800 0.065300 0.046400 0.064100 0.046400 0.073500 0.065500 0.069700
CommonElan 0.080900 0.220500 0.017700 0.209000 0.071700 0.076500 0.074000 0.077800 0.017700 0.110700 0.074400 0.057300 0.069900 0.078200 0.080600 0.064500 0.106900 0.104800 0.065700 0.013700 0.060200 0.078600 0.109300 0.111600 0.076500 0.073100 0.055200 0.013700 0.060500 0.000000 0.104800 0.078200 0.148500 0.063500 0.048700 0.058200 0.076500 0.069600 0.063000 0.111400 0.107100 0.058400 0.113600 0.109700 0.064500 0.067600 0.069700 0.073900 0.060700 0.079900 0.021700 0.017700
MuntiacusR 0.109400 0.199200 0.111500 0.220200 0.095700 0.107000 0.102100 0.108400 0.116000 0.017900 0.107500 0.103200 0.100200 0.104600 0.098100 0.101600 0.093100 0.091200 0.087300 0.110700 0.095700 0.109500 0.044600 0.042400 0.107400 0.104300 0.085300 0.111200 0.095300 0.104800 0.000000 0.106800 0.132400 0.089500 0.087200 0.108600 0.109500 0.093000 0.084400 0.042300 0.042400 0.097900 0.015900 0.040400 0.113100 0.102400 0.099900 0.104600 0.089000 0.081700 0.111600 0.111700
HarveysDui 0.065600 0.218100 0.089100 0.207400 0.067400 0.065600 0.036200 0.067000 0.089000 0.112800 0.057200 0.061700 0.066900 0.032100 0.071800 0.056000 0.107100 0.116400 0.057100 0.084500 0.058900 0.063500 0.113700 0.109000 0.057200 0.069600 0.056700 0.088300 0.061000 0.078200 0.106800 0.000000 0.141400 0.057100 0.047800 0.075700 0.067700 0.061000 0.056500 0.102300 0.104500 0.060900 0.115600 0.107100 0.075600 0.062500 0.057000 0.061000 0.059000 0.067200 0.087000 0.087000
Pronghorn 0.146200 0.251000 0.151100 0.239300 0.120600 0.141600 0.130200 0.137500 0.151100 0.129300 0.128100 0.130100 0.139300 0.148200 0.125100 0.140300 0.121000 0.125600 0.125300 0.141600 0.129700 0.134800 0.130600 0.123300 0.128100 0.146000 0.123200 0.150500 0.135800 0.148500 0.132400 0.141400 0.000000 0.127800 0.125200 0.143000 0.132800 0.120300 0.135700 0.125200 0.126900 0.143200 0.132200 0.123700 0.147600 0.132000 0.129800 0.134600 0.132100 0.106400 0.151100 0.153400
BlueWildeb 0.046900 0.206000 0.074300 0.188000 0.048700 0.046800 0.053000 0.060900 0.074200 0.090800 0.040600 0.049100 0.013900 0.059200 0.055100 0.060600 0.091900 0.092100 0.038500 0.069800 0.046600 0.046800 0.100700 0.091700 0.044100 0.057100 0.007900 0.073900 0.050700 0.063500 0.089500 0.057100 0.127800 0.000000 0.034200 0.059000 0.053100 0.040300 0.048400 0.091600 0.091700 0.055200 0.093700 0.089300 0.056800 0.048700 0.055100 0.058400 0.044500 0.054600 0.070000 0.070000
Gemsbok 0.046200 0.206100 0.059300 0.198400 0.050700 0.041900 0.045900 0.050400 0.059200 0.093000 0.039900 0.042900 0.044600 0.056500 0.059200 0.045800 0.087500 0.089900 0.036400 0.054900 0.032100 0.044100 0.094000 0.089400 0.042000 0.055000 0.030200 0.059000 0.038300 0.048700 0.087200 0.047800 0.125200 0.034200 0.000000 0.052600 0.046200 0.044400 0.038100 0.089300 0.085000 0.038500 0.091500 0.087600 0.056800 0.046600 0.044600 0.052800 0.044500 0.056800 0.055100 0.059300
Yak 0.077800 0.222900 0.068900 0.205600 0.071400 0.073400 0.073600 0.068500 0.072800 0.105700 0.073600 0.026900 0.069100 0.077800 0.075900 0.070200 0.100100 0.100400 0.063200 0.063700 0.062400 0.071400 0.106600 0.106500 0.073500 0.077400 0.054900 0.067900 0.064600 0.058200 0.108600 0.075700 0.143000 0.059000 0.052600 0.000000 0.077700 0.065000 0.068500 0.112600 0.102000 0.071200 0.108500 0.104700 0.011800 0.071400 0.062700 0.073500 0.056700 0.073400 0.068900 0.068300
BlueSheep 0.046800 0.216400 0.083100 0.214000 0.061300 0.040500 0.067400 0.065000 0.083000 0.106600 0.026100 0.068200 0.061200 0.078500 0.078700 0.064900 0.109900 0.107600 0.038400 0.077900 0.052900 0.030200 0.116500 0.111800 0.028200 0.078500 0.053200 0.082700 0.057100 0.076500 0.109500 0.067700 0.132800 0.053100 0.046200 0.077700 0.000000 0.059100 0.069500 0.107200 0.111800 0.059500 0.113900 0.110000 0.082000 0.069300 0.059300 0.076300 0.063500 0.076300 0.078800 0.087500
BohorReedb 0.055000 0.210200 0.076000 0.204800 0.021900 0.050700 0.052700 0.062700 0.080200 0.090000 0.050800 0.051000 0.050100 0.065200 0.050600 0.058100 0.087100 0.093800 0.040300 0.075800 0.052600 0.052800 0.093500 0.089000 0.050300 0.063100 0.040400 0.080000 0.050400 0.069600 0.093000 0.061000 0.120300 0.040300 0.044400 0.065000 0.059100 0.000000 0.054400 0.093200 0.088100 0.057000 0.097200 0.091500 0.069100 0.050500 0.056800 0.056100 0.048400 0.052200 0.076100 0.080400
KirksDik 0.061100 0.207500 0.073600 0.194900 0.060700 0.061000 0.048300 0.056300 0.073500 0.087800 0.063200 0.057100 0.058400 0.054500 0.060800 0.045900 0.095100 0.099700 0.058900 0.069100 0.042000 0.067400 0.091000 0.086500 0.065300 0.045700 0.044400 0.073300 0.045600 0.063000 0.084400 0.056500 0.135700 0.048400 0.038100 0.068500 0.069500 0.054400 0.000000 0.086400 0.081200 0.041700 0.090700 0.089000 0.068400 0.060700 0.050300 0.062800 0.054400 0.060000 0.065100 0.069400
RoeDeer 0.105100 0.198100 0.113700 0.209200 0.097800 0.102700 0.108600 0.106100 0.118100 0.048600 0.105200 0.100800 0.101800 0.111200 0.098000 0.099200 0.080200 0.089200 0.093800 0.112700 0.093400 0.111700 0.046600 0.036100 0.105200 0.104600 0.087000 0.113300 0.100000 0.111400 0.042300 0.102300 0.125200 0.091600 0.089300 0.112600 0.107200 0.093200 0.086400 0.000000 0.043200 0.098000 0.042200 0.038300 0.112500 0.100000 0.097700 0.106700 0.086700 0.075600 0.113800 0.113800
WhiteLippe 0.105200 0.199700 0.109300 0.209300 0.088300 0.102900 0.099800 0.100900 0.113300 0.044500 0.109000 0.092100 0.102500 0.102300 0.093700 0.094000 0.094600 0.091300 0.093900 0.108000 0.088100 0.111800 0.018000 0.036200 0.108900 0.101000 0.087500 0.108400 0.096500 0.107100 0.042400 0.104500 0.126900 0.091700 0.085000 0.102000 0.111800 0.088100 0.081200 0.043200 0.000000 0.099200 0.042300 0.042500 0.102000 0.100200 0.092300 0.102300 0.085900 0.077700 0.108500 0.108000
ThomsonGaz 0.063800 0.225000 0.067600 0.205900 0.059200 0.059500 0.052900 0.054800 0.069200 0.097000 0.059600 0.057500 0.065300 0.059200 0.063100 0.033500 0.100900 0.101100 0.053100 0.064700 0.037300 0.061600 0.102600 0.102800 0.059600 0.021900 0.051100 0.068900 0.026000 0.058400 0.097900 0.060900 0.143200 0.055200 0.038500 0.071200 0.059500 0.057000 0.041700 0.098000 0.099200 0.000000 0.104500 0.101000 0.075500 0.067700 0.048700 0.062800 0.057100 0.071600 0.063400 0.067600
MuntiacusC 0.113700 0.193600 0.115900 0.219800 0.099900 0.111300 0.110800 0.112700 0.120300 0.017900 0.111800 0.103000 0.104400 0.113400 0.102400 0.108100 0.092900 0.091000 0.095900 0.115000 0.097700 0.113800 0.044600 0.042300 0.111700 0.110800 0.089500 0.115500 0.101800 0.113600 0.015900 0.115600 0.132200 0.093700 0.091500 0.108500 0.113900 0.097200 0.090700 0.042200 0.042300 0.104500 0.000000 0.040400 0.112900 0.106600 0.102000 0.113300 0.093200 0.085900 0.116000 0.116100
WhiteTaile 0.103400 0.201200 0.112000 0.205400 0.096100 0.101100 0.102500 0.104300 0.116500 0.046800 0.107900 0.094800 0.099800 0.109400 0.089600 0.097500 0.087300 0.085400 0.092000 0.111200 0.096000 0.110000 0.044800 0.018000 0.107800 0.107300 0.084800 0.111600 0.098300 0.109700 0.040400 0.107100 0.123700 0.089300 0.087600 0.104700 0.110000 0.091500 0.089000 0.038300 0.042500 0.101000 0.040400 0.000000 0.109100 0.089400 0.095900 0.104900 0.089300 0.074000 0.112200 0.112200
Cattle 0.077700 0.220200 0.071000 0.203000 0.075700 0.073300 0.077900 0.072700 0.074900 0.110100 0.077800 0.031000 0.066900 0.073500 0.080100 0.072300 0.109000 0.104400 0.067400 0.065700 0.066600 0.075600 0.111000 0.110900 0.077800 0.077300 0.059000 0.070000 0.068800 0.064500 0.113100 0.075600 0.147600 0.056800 0.056800 0.011800 0.082000 0.069100 0.068400 0.112500 0.102000 0.075500 0.112900 0.109100 0.000000 0.075300 0.071100 0.077800 0.056700 0.073300 0.071000 0.070400
RoyalAntel 0.069300 0.220200 0.078300 0.199900 0.056900 0.065000 0.060500 0.069200 0.077700 0.104000 0.058800 0.055400 0.058300 0.071200 0.057000 0.064500 0.098300 0.105200 0.055000 0.073100 0.056800 0.062900 0.109300 0.095700 0.060900 0.073900 0.048300 0.077300 0.065300 0.067600 0.102400 0.062500 0.132000 0.048700 0.046600 0.071400 0.069300 0.050500 0.060700 0.100000 0.100200 0.067700 0.106600 0.089400 0.075300 0.000000 0.067500 0.067400 0.059000 0.058700 0.074000 0.077800
Steenbok 0.059400 0.202100 0.080600 0.193300 0.063300 0.059300 0.052800 0.050400 0.080500 0.094500 0.051000 0.051100 0.065300 0.063300 0.067700 0.046300 0.100700 0.105400 0.057200 0.076000 0.048500 0.057200 0.093500 0.097700 0.051000 0.054900 0.046800 0.080200 0.046400 0.069700 0.099900 0.057000 0.129800 0.055100 0.044600 0.062700 0.059300 0.056800 0.050300 0.097700 0.092300 0.048700 0.102000 0.095900 0.071100 0.067500 0.000000 0.057000 0.061200 0.070000 0.076300 0.076300
Impala 0.080200 0.212700 0.080300 0.204700 0.059000 0.075800 0.067500 0.067000 0.080300 0.110500 0.063600 0.059400 0.068600 0.073800 0.071200 0.062300 0.111300 0.113900 0.057100 0.080100 0.061000 0.065600 0.111500 0.106700 0.055100 0.064700 0.054300 0.084300 0.064100 0.073900 0.104600 0.061000 0.134600 0.058400 0.052800 0.073500 0.076300 0.056100 0.062800 0.106700 0.102300 0.062800 0.113300 0.104900 0.077800 0.067400 0.057000 0.000000 0.060600 0.075500 0.080400 0.084700
Klipspring 0.059300 0.198300 0.071900 0.188000 0.059000 0.055000 0.067500 0.067100 0.071300 0.094700 0.059300 0.055500 0.054500 0.065300 0.059000 0.054200 0.098600 0.094100 0.052900 0.066700 0.048500 0.057100 0.095700 0.091200 0.058900 0.059000 0.040500 0.071000 0.046400 0.060700 0.089000 0.059000 0.132100 0.044500 0.044500 0.056700 0.063500 0.048400 0.054400 0.086700 0.085900 0.057100 0.093200 0.089300 0.056700 0.059000 0.061200 0.060600 0.000000 0.058700 0.067700 0.071300
ForestMusk 0.072000 0.205900 0.089100 0.195200 0.058600 0.067600 0.065200 0.075400 0.091000 0.087200 0.067700 0.059000 0.064700 0.065100 0.063100 0.067900 0.080400 0.080600 0.061100 0.086300 0.065000 0.069800 0.084600 0.080200 0.067700 0.073500 0.054700 0.090600 0.073500 0.079900 0.081700 0.067200 0.106400 0.054600 0.056800 0.073400 0.076300 0.052200 0.060000 0.075600 0.077700 0.071600 0.085900 0.074000 0.073300 0.058700 0.070000 0.075500 0.058700 0.000000 0.089100 0.089100
Bushbuck 0.087500 0.223100 0.021700 0.211300 0.078200 0.083000 0.082700 0.075800 0.023800 0.113100 0.081000 0.063900 0.076500 0.089200 0.082900 0.073200 0.116600 0.103200 0.072200 0.023600 0.066900 0.085200 0.116200 0.114000 0.083100 0.078100 0.065900 0.023600 0.065500 0.021700 0.111600 0.087000 0.151100 0.070000 0.055100 0.068900 0.078800 0.076100 0.065100 0.113800 0.108500 0.063400 0.116000 0.112200 0.071000 0.074000 0.076300 0.080400 0.067700 0.089100 0.000000 0.023700
GreaterKud 0.087500 0.223000 0.023700 0.203000 0.081800 0.087400 0.080600 0.084300 0.019700 0.110300 0.085300 0.063900 0.076500 0.084800 0.087200 0.076800 0.116600 0.112100 0.076500 0.019600 0.069200 0.089600 0.116200 0.114000 0.087500 0.078100 0.065900 0.019600 0.069700 0.017700 0.111700 0.087000 0.153400 0.070000 0.059300 0.068300 0.087500 0.080400 0.069400 0.113800 0.108000 0.067600 0.116100 0.112200 0.070400 0.077800 0.076300 0.084700 0.071300 0.089100 0.023700 0.000000
