CODONML (in paml version 4.10.7, June 2023)  /home/rachel/ruminants_paml/6406-phy-tree/ENSBTAT00000000925.fasta.phy
Model: free dN/dS Ratios for branches,  kappa = 2.000 fixed

Codon frequency model: F3x4
ns =  54  ls = 111

Codon usage in sequences
--------------------------------------------------------------------------------------------------------------------------------------
Phe TTT   0   0   0   0   0   0 | Ser TCT   2   2   2   2   2   2 | Tyr TAT   2   3   2   2   2   3 | Cys TGT   1   1   1   1   1   1
    TTC   0   0   0   0   0   0 |     TCC   1   1   1   1   1   1 |     TAC   3   2   3   3   3   2 |     TGC   2   2   2   2   2   2
Leu TTA   0   0   0   0   1   0 |     TCA   3   2   3   3   3   3 | *** TAA   0   0   0   0   0   0 | *** TGA   0   0   0   0   0   0
    TTG   2   2   2   2   2   2 |     TCG   1   1   1   1   1   1 |     TAG   0   0   0   0   0   0 | Trp TGG   2   2   2   2   2   2
--------------------------------------------------------------------------------------------------------------------------------------
Leu CTT   2   2   2   2   2   2 | Pro CCT   4   3   4   4   3   3 | His CAT   1   1   1   1   2   1 | Arg CGT   0   0   0   0   0   0
    CTC   0   0   0   0   0   0 |     CCC   2   3   2   2   3   2 |     CAC   1   1   1   1   0   1 |     CGC   0   0   0   0   0   0
    CTA   0   0   0   0   0   0 |     CCA   2   2   2   1   1   2 | Gln CAA   1   0   1   1   1   1 |     CGA   0   0   0   0   0   0
    CTG   2   2   2   2   1   2 |     CCG   0   0   0   1   1   1 |     CAG   2   3   2   2   2   2 |     CGG   0   0   0   0   0   0
--------------------------------------------------------------------------------------------------------------------------------------
Ile ATT   4   4   4   4   3   4 | Thr ACT   3   3   3   3   3   3 | Asn AAT   5   5   5   5   5   5 | Ser AGT   1   1   1   1   1   1
    ATC   1   1   1   1   1   1 |     ACC   1   1   1   1   1   1 |     AAC   2   2   2   2   2   2 |     AGC   1   1   1   1   1   1
    ATA   0   0   0   0   1   0 |     ACA   0   0   0   0   0   0 | Lys AAA   4   4   4   4   4   4 | Arg AGA   0   0   0   0   0   0
Met ATG   1   1   1   1   1   1 |     ACG   1   1   1   1   1   1 |     AAG   2   2   2   2   2   2 |     AGG   1   1   1   1   1   1
--------------------------------------------------------------------------------------------------------------------------------------
Val GTT   0   0   0   0   1   0 | Ala GCT   0   1   1   0   0   0 | Asp GAT  13   9  11  13  11  11 | Gly GGT   0   0   0   0   0   0
    GTC   2   2   2   2   2   2 |     GCC   3   1   2   2   3   3 |     GAC   7  11   9   7   9   9 |     GGC   0   0   0   0   0   0
    GTA   2   2   2   2   2   2 |     GCA   1   3   1   2   1   1 | Glu GAA   6   6   6   6   6   6 |     GGA   4   3   4   4   3   3
    GTG   3   3   3   3   2   3 |     GCG   1   1   1   1   1   1 |     GAG   6   6   6   5   6   6 |     GGG   0   1   0   1   1   1
--------------------------------------------------------------------------------------------------------------------------------------

--------------------------------------------------------------------------------------------------------------------------------------
Phe TTT   0   0   0   0   0   0 | Ser TCT   2   2   2   2   2   2 | Tyr TAT   2   2   2   2   2   4 | Cys TGT   1   1   1   1   1   1
    TTC   0   0   0   0   0   0 |     TCC   1   1   1   1   1   1 |     TAC   3   3   3   3   3   1 |     TGC   2   2   2   2   2   2
Leu TTA   0   0   0   0   0   0 |     TCA   3   3   3   3   3   3 | *** TAA   0   0   0   0   0   0 | *** TGA   0   0   0   0   0   0
    TTG   2   2   2   2   2   2 |     TCG   1   1   1   1   1   1 |     TAG   0   0   0   0   0   0 | Trp TGG   2   2   2   2   2   2
--------------------------------------------------------------------------------------------------------------------------------------
Leu CTT   2   2   2   2   2   2 | Pro CCT   4   4   4   4   4   4 | His CAT   1   1   1   1   1   1 | Arg CGT   0   0   0   0   0   0
    CTC   0   0   0   0   0   0 |     CCC   2   2   2   2   2   2 |     CAC   1   1   1   1   1   1 |     CGC   0   0   0   0   0   0
    CTA   0   0   0   0   0   0 |     CCA   2   2   2   2   2   1 | Gln CAA   1   1   1   1   1   1 |     CGA   0   0   0   0   0   0
    CTG   2   2   2   2   2   2 |     CCG   0   0   0   0   0   1 |     CAG   2   2   2   2   2   2 |     CGG   0   0   0   0   0   0
--------------------------------------------------------------------------------------------------------------------------------------
Ile ATT   4   4   4   4   5   3 | Thr ACT   3   3   3   3   3   3 | Asn AAT   5   5   5   5   5   4 | Ser AGT   1   1   1   1   1   1
    ATC   1   1   1   1   0   2 |     ACC   1   1   1   1   1   1 |     AAC   2   2   2   2   2   3 |     AGC   1   1   1   1   1   1
    ATA   0   0   0   0   0   0 |     ACA   0   0   0   0   0   0 | Lys AAA   4   4   4   4   4   4 | Arg AGA   0   0   0   0   0   0
Met ATG   1   1   1   1   1   1 |     ACG   1   1   1   1   1   1 |     AAG   2   2   2   2   2   2 |     AGG   1   1   1   1   1   1
--------------------------------------------------------------------------------------------------------------------------------------
Val GTT   0   0   0   0   0   0 | Ala GCT   0   0   0   1   1   0 | Asp GAT  13  13  13  13  12  10 | Gly GGT   0   0   0   0   0   0
    GTC   2   2   2   2   2   2 |     GCC   3   3   3   2   2   3 |     GAC   7   7   7   7   8  10 |     GGC   0   0   0   0   0   0
    GTA   2   2   2   2   2   2 |     GCA   1   1   1   1   1   1 | Glu GAA   6   6   6   6   6   6 |     GGA   4   4   4   4   4   4
    GTG   3   3   3   3   3   3 |     GCG   1   1   1   1   1   1 |     GAG   6   6   6   6   6   6 |     GGG   0   0   0   0   0   0
--------------------------------------------------------------------------------------------------------------------------------------

--------------------------------------------------------------------------------------------------------------------------------------
Phe TTT   0   0   0   0   0   0 | Ser TCT   2   2   2   2   2   2 | Tyr TAT   2   2   2   2   2   2 | Cys TGT   1   1   1   1   1   1
    TTC   0   0   0   0   0   0 |     TCC   1   1   1   1   1   1 |     TAC   3   3   3   3   3   3 |     TGC   2   2   2   2   2   2
Leu TTA   0   0   0   0   0   0 |     TCA   3   3   3   3   3   3 | *** TAA   0   0   0   0   0   0 | *** TGA   0   0   0   0   0   0
    TTG   2   2   2   2   2   2 |     TCG   1   1   1   1   1   1 |     TAG   0   0   0   0   0   0 | Trp TGG   2   2   2   2   2   2
--------------------------------------------------------------------------------------------------------------------------------------
Leu CTT   2   2   2   2   2   2 | Pro CCT   4   4   3   4   4   4 | His CAT   1   1   1   1   1   1 | Arg CGT   0   0   0   0   0   0
    CTC   0   0   0   0   0   0 |     CCC   2   2   2   2   2   2 |     CAC   1   1   1   1   1   1 |     CGC   0   0   0   0   0   0
    CTA   0   0   0   0   0   0 |     CCA   2   2   2   2   2   2 | Gln CAA   1   1   1   1   1   1 |     CGA   0   0   0   0   0   0
    CTG   2   2   2   2   2   2 |     CCG   0   0   1   0   0   0 |     CAG   2   2   2   2   2   2 |     CGG   0   0   0   0   0   0
--------------------------------------------------------------------------------------------------------------------------------------
Ile ATT   4   4   4   4   4   4 | Thr ACT   3   3   3   3   3   3 | Asn AAT   5   5   5   5   5   5 | Ser AGT   1   1   1   1   1   1
    ATC   1   1   1   1   1   1 |     ACC   1   1   1   1   1   1 |     AAC   2   2   2   2   2   2 |     AGC   1   1   1   1   1   1
    ATA   0   0   0   0   0   0 |     ACA   0   0   0   0   0   0 | Lys AAA   4   4   4   4   4   4 | Arg AGA   0   0   0   0   0   0
Met ATG   1   1   1   1   1   1 |     ACG   1   1   1   1   1   1 |     AAG   2   2   2   2   2   2 |     AGG   1   1   1   1   1   1
--------------------------------------------------------------------------------------------------------------------------------------
Val GTT   0   0   1   0   0   0 | Ala GCT   0   0   0   0   0   0 | Asp GAT  13  12  13  13  13  13 | Gly GGT   0   0   0   0   0   0
    GTC   2   2   1   2   2   2 |     GCC   3   3   3   3   3   3 |     GAC   7   8   7   7   7   7 |     GGC   0   0   0   0   0   0
    GTA   2   2   2   2   2   2 |     GCA   1   1   1   1   1   1 | Glu GAA   6   6   6   6   7   6 |     GGA   4   4   4   4   4   4
    GTG   3   3   3   3   3   3 |     GCG   1   1   1   1   1   1 |     GAG   6   6   6   6   5   6 |     GGG   0   0   0   0   0   0
--------------------------------------------------------------------------------------------------------------------------------------

--------------------------------------------------------------------------------------------------------------------------------------
Phe TTT   0   0   0   0   0   0 | Ser TCT   2   2   2   2   2   2 | Tyr TAT   3   3   2   2   2   2 | Cys TGT   1   1   1   1   1   1
    TTC   0   0   0   0   0   0 |     TCC   1   1   1   1   1   1 |     TAC   2   2   3   3   3   3 |     TGC   2   2   2   2   2   2
Leu TTA   0   0   0   0   0   0 |     TCA   3   3   3   3   3   3 | *** TAA   0   0   0   0   0   0 | *** TGA   0   0   0   0   0   0
    TTG   2   2   2   2   2   2 |     TCG   1   1   1   1   1   1 |     TAG   0   0   0   0   0   0 | Trp TGG   2   2   2   2   2   2
--------------------------------------------------------------------------------------------------------------------------------------
Leu CTT   2   2   2   2   2   2 | Pro CCT   4   4   4   4   4   4 | His CAT   1   1   1   1   1   1 | Arg CGT   0   0   0   0   0   0
    CTC   0   0   0   0   0   0 |     CCC   2   2   2   2   2   2 |     CAC   1   1   1   1   1   1 |     CGC   0   0   0   0   0   0
    CTA   0   0   0   0   0   0 |     CCA   2   1   2   2   2   2 | Gln CAA   1   1   1   1   1   1 |     CGA   0   0   0   0   0   0
    CTG   2   2   2   2   2   2 |     CCG   0   1   0   0   0   0 |     CAG   2   2   2   2   2   2 |     CGG   0   0   0   0   0   0
--------------------------------------------------------------------------------------------------------------------------------------
Ile ATT   4   4   4   4   4   4 | Thr ACT   3   3   3   3   3   3 | Asn AAT   5   5   5   5   5   5 | Ser AGT   1   1   1   1   1   1
    ATC   1   1   1   1   1   1 |     ACC   1   1   1   1   1   1 |     AAC   2   2   2   2   2   2 |     AGC   1   1   1   1   1   1
    ATA   0   0   0   0   0   0 |     ACA   0   0   1   0   0   0 | Lys AAA   4   4   4   4   4   4 | Arg AGA   0   0   0   0   0   0
Met ATG   1   1   1   1   1   1 |     ACG   1   1   0   1   1   1 |     AAG   2   2   2   2   2   2 |     AGG   1   1   1   1   1   1
--------------------------------------------------------------------------------------------------------------------------------------
Val GTT   0   0   0   0   0   0 | Ala GCT   0   0   0   1   0   0 | Asp GAT  12  12  13  12  14  13 | Gly GGT   0   0   0   0   0   0
    GTC   2   2   2   2   2   2 |     GCC   3   3   3   2   3   3 |     GAC   8   8   7   8   6   7 |     GGC   0   0   0   0   0   0
    GTA   2   2   2   2   2   2 |     GCA   1   1   1   1   1   1 | Glu GAA   6   6   6   6   6   6 |     GGA   4   4   4   4   4   4
    GTG   3   3   3   3   3   3 |     GCG   1   1   1   1   1   1 |     GAG   6   6   6   6   6   6 |     GGG   0   0   0   0   0   0
--------------------------------------------------------------------------------------------------------------------------------------

--------------------------------------------------------------------------------------------------------------------------------------
Phe TTT   0   0   0   0   0   0 | Ser TCT   2   2   2   2   2   2 | Tyr TAT   4   4   2   2   2   2 | Cys TGT   1   1   1   1   1   1
    TTC   0   0   0   0   0   0 |     TCC   1   1   1   1   1   1 |     TAC   1   1   3   3   3   3 |     TGC   2   2   2   2   2   2
Leu TTA   0   0   0   0   0   0 |     TCA   3   3   3   3   3   3 | *** TAA   0   0   0   0   0   0 | *** TGA   0   0   0   0   0   0
    TTG   2   2   2   2   2   2 |     TCG   1   1   1   1   1   1 |     TAG   0   0   0   0   0   0 | Trp TGG   2   2   2   2   2   2
--------------------------------------------------------------------------------------------------------------------------------------
Leu CTT   2   2   2   2   2   2 | Pro CCT   4   4   4   4   3   4 | His CAT   1   1   1   1   1   1 | Arg CGT   0   0   0   0   0   0
    CTC   0   0   0   0   0   0 |     CCC   2   2   2   2   2   2 |     CAC   1   1   1   1   1   1 |     CGC   0   0   0   0   0   0
    CTA   0   0   0   0   0   0 |     CCA   1   1   2   2   2   2 | Gln CAA   1   1   1   1   1   1 |     CGA   0   0   0   0   0   0
    CTG   2   2   2   2   2   2 |     CCG   1   1   0   0   1   0 |     CAG   2   2   2   2   2   2 |     CGG   0   0   0   0   0   0
--------------------------------------------------------------------------------------------------------------------------------------
Ile ATT   3   3   4   4   4   4 | Thr ACT   3   3   3   3   3   3 | Asn AAT   4   4   5   5   5   5 | Ser AGT   1   1   1   1   1   1
    ATC   2   2   1   1   1   1 |     ACC   1   1   1   1   1   1 |     AAC   3   3   2   2   2   2 |     AGC   1   1   1   1   1   1
    ATA   0   0   0   0   0   0 |     ACA   0   0   0   0   0   0 | Lys AAA   4   4   4   4   4   4 | Arg AGA   0   0   0   0   0   0
Met ATG   1   1   1   1   1   1 |     ACG   1   1   1   1   1   1 |     AAG   2   2   2   2   2   2 |     AGG   1   1   1   1   1   1
--------------------------------------------------------------------------------------------------------------------------------------
Val GTT   0   0   0   0   1   0 | Ala GCT   0   0   0   0   0   1 | Asp GAT  10   9  13  13  13  12 | Gly GGT   0   0   0   0   0   0
    GTC   2   2   2   2   1   2 |     GCC   3   3   3   3   3   2 |     GAC  10  11   7   7   7   8 |     GGC   0   0   0   0   0   0
    GTA   2   2   2   2   2   2 |     GCA   1   1   1   1   1   1 | Glu GAA   6   6   6   6   6   6 |     GGA   4   4   4   4   4   4
    GTG   3   3   3   3   3   3 |     GCG   1   1   1   1   1   1 |     GAG   6   6   6   6   6   6 |     GGG   0   0   0   0   0   0
--------------------------------------------------------------------------------------------------------------------------------------

--------------------------------------------------------------------------------------------------------------------------------------
Phe TTT   0   0   0   0   0   0 | Ser TCT   2   2   2   2   2   2 | Tyr TAT   2   2   4   2   3   3 | Cys TGT   1   1   1   1   1   1
    TTC   0   0   0   0   0   0 |     TCC   1   1   1   1   1   1 |     TAC   3   3   1   3   2   2 |     TGC   2   2   2   2   2   2
Leu TTA   0   0   0   0   0   0 |     TCA   3   3   3   3   4   3 | *** TAA   0   0   0   0   0   0 | *** TGA   0   0   0   0   0   0
    TTG   2   2   2   2   2   2 |     TCG   1   1   1   1   0   1 |     TAG   0   0   0   0   0   0 | Trp TGG   2   2   2   2   2   2
--------------------------------------------------------------------------------------------------------------------------------------
Leu CTT   2   2   2   2   2   2 | Pro CCT   4   4   4   4   4   3 | His CAT   1   1   1   1   1   1 | Arg CGT   0   0   0   0   0   0
    CTC   0   0   0   0   0   0 |     CCC   1   2   2   2   2   2 |     CAC   1   1   1   1   1   1 |     CGC   0   0   0   0   0   0
    CTA   0   0   0   0   0   0 |     CCA   3   2   1   2   1   2 | Gln CAA   1   1   1   1   1   1 |     CGA   0   0   0   0   0   0
    CTG   2   2   2   2   2   2 |     CCG   0   0   1   0   1   1 |     CAG   2   2   2   2   2   2 |     CGG   0   0   0   0   0   0
--------------------------------------------------------------------------------------------------------------------------------------
Ile ATT   4   4   3   4   4   4 | Thr ACT   3   3   3   3   3   3 | Asn AAT   5   5   4   5   5   5 | Ser AGT   1   1   1   1   1   1
    ATC   1   1   2   1   1   1 |     ACC   1   1   1   1   1   1 |     AAC   2   2   3   2   2   2 |     AGC   1   1   1   1   1   1
    ATA   0   0   0   0   0   0 |     ACA   0   0   0   0   0   0 | Lys AAA   4   4   4   4   5   4 | Arg AGA   0   0   0   0   0   0
Met ATG   1   1   1   1   1   1 |     ACG   1   1   1   1   1   1 |     AAG   2   2   2   2   1   2 |     AGG   1   1   1   1   1   1
--------------------------------------------------------------------------------------------------------------------------------------
Val GTT   0   0   0   0   0   1 | Ala GCT   0   1   0   0   0   0 | Asp GAT  13  12  11  13  12  13 | Gly GGT   0   0   0   0   0   0
    GTC   2   2   2   2   2   1 |     GCC   3   2   3   3   3   3 |     GAC   7   8   9   7   8   7 |     GGC   0   0   0   0   0   0
    GTA   2   2   2   2   2   2 |     GCA   1   1   1   1   1   1 | Glu GAA   6   6   6   6   6   6 |     GGA   4   4   4   4   4   4
    GTG   3   3   3   3   3   3 |     GCG   1   1   1   1   1   1 |     GAG   6   6   6   6   6   6 |     GGG   0   0   0   0   0   0
--------------------------------------------------------------------------------------------------------------------------------------

--------------------------------------------------------------------------------------------------------------------------------------
Phe TTT   0   0   0   0   0   0 | Ser TCT   2   2   2   2   1   2 | Tyr TAT   2   2   2   2   2   4 | Cys TGT   1   1   1   1   1   1
    TTC   0   0   0   0   0   0 |     TCC   1   1   1   1   2   1 |     TAC   3   3   3   3   3   1 |     TGC   2   2   2   2   2   2
Leu TTA   0   0   0   0   0   0 |     TCA   3   3   3   3   3   3 | *** TAA   0   0   0   0   0   0 | *** TGA   0   0   0   0   0   0
    TTG   2   2   2   2   2   2 |     TCG   1   1   1   1   1   1 |     TAG   0   0   0   0   0   0 | Trp TGG   2   2   2   2   2   2
--------------------------------------------------------------------------------------------------------------------------------------
Leu CTT   2   2   2   2   2   2 | Pro CCT   3   4   3   4   4   4 | His CAT   1   1   1   1   1   1 | Arg CGT   0   0   0   0   0   0
    CTC   0   0   0   0   0   0 |     CCC   3   2   2   2   2   2 |     CAC   1   1   1   1   1   1 |     CGC   0   0   0   0   0   0
    CTA   0   0   0   0   0   0 |     CCA   2   2   3   2   2   1 | Gln CAA   1   1   1   1   1   1 |     CGA   0   0   0   0   0   0
    CTG   2   2   2   2   2   2 |     CCG   0   0   0   0   0   1 |     CAG   2   2   2   2   2   2 |     CGG   0   0   0   0   0   0
--------------------------------------------------------------------------------------------------------------------------------------
Ile ATT   4   4   4   4   4   3 | Thr ACT   3   3   3   3   3   3 | Asn AAT   5   5   5   5   5   4 | Ser AGT   1   1   1   1   1   1
    ATC   1   1   1   1   1   2 |     ACC   1   1   1   1   1   1 |     AAC   2   2   2   2   2   3 |     AGC   1   1   1   1   1   1
    ATA   0   0   0   0   0   0 |     ACA   0   0   0   0   0   0 | Lys AAA   4   4   4   4   4   4 | Arg AGA   0   0   0   0   0   0
Met ATG   1   1   1   1   1   1 |     ACG   1   1   1   1   1   1 |     AAG   2   2   2   2   2   2 |     AGG   1   1   1   1   1   1
--------------------------------------------------------------------------------------------------------------------------------------
Val GTT   0   0   0   0   0   0 | Ala GCT   0   0   0   0   0   0 | Asp GAT  13  12  13  13  13  10 | Gly GGT   0   0   0   0   0   0
    GTC   2   2   2   2   2   2 |     GCC   3   3   3   3   3   3 |     GAC   7   8   7   7   7  10 |     GGC   0   0   0   0   0   0
    GTA   2   2   2   2   2   2 |     GCA   1   1   1   1   1   1 | Glu GAA   6   6   6   6   6   6 |     GGA   4   4   4   4   4   4
    GTG   3   3   3   3   3   3 |     GCG   1   1   1   1   1   1 |     GAG   6   6   6   6   6   6 |     GGG   0   0   0   0   0   0
--------------------------------------------------------------------------------------------------------------------------------------

--------------------------------------------------------------------------------------------------------------------------------------
Phe TTT   0   0   0   0   0   0 | Ser TCT   2   2   2   2   2   2 | Tyr TAT   4   2   4   4   2   2 | Cys TGT   1   1   1   1   1   1
    TTC   0   0   0   0   0   0 |     TCC   1   1   1   1   1   1 |     TAC   1   3   1   1   3   3 |     TGC   2   2   2   2   2   2
Leu TTA   0   0   0   1   0   0 |     TCA   3   3   3   3   3   3 | *** TAA   0   0   0   0   0   0 | *** TGA   0   0   0   0   0   0
    TTG   2   2   2   1   2   2 |     TCG   1   1   1   1   1   1 |     TAG   0   0   0   0   0   0 | Trp TGG   2   2   2   2   2   2
--------------------------------------------------------------------------------------------------------------------------------------
Leu CTT   2   3   2   2   2   2 | Pro CCT   4   4   4   4   4   4 | His CAT   1   1   1   1   1   1 | Arg CGT   0   0   0   0   0   0
    CTC   0   0   0   0   0   0 |     CCC   2   2   2   2   2   2 |     CAC   1   1   1   1   1   1 |     CGC   0   0   0   0   0   0
    CTA   0   0   0   0   0   0 |     CCA   1   2   1   1   2   2 | Gln CAA   1   1   1   1   1   1 |     CGA   0   0   0   0   0   0
    CTG   2   1   2   2   2   2 |     CCG   1   0   1   1   0   0 |     CAG   2   2   2   2   2   2 |     CGG   0   0   0   0   0   0
--------------------------------------------------------------------------------------------------------------------------------------
Ile ATT   3   4   4   3   4   4 | Thr ACT   3   3   3   3   3   3 | Asn AAT   4   5   4   4   5   5 | Ser AGT   1   1   1   1   1   1
    ATC   2   1   1   2   1   1 |     ACC   1   1   1   1   1   1 |     AAC   3   2   3   3   2   2 |     AGC   1   1   1   1   1   1
    ATA   0   0   0   0   0   0 |     ACA   0   0   0   0   0   0 | Lys AAA   4   4   4   4   4   4 | Arg AGA   0   0   0   0   0   0
Met ATG   1   1   1   1   1   1 |     ACG   1   1   1   1   1   1 |     AAG   2   2   2   2   2   2 |     AGG   1   1   1   1   1   1
--------------------------------------------------------------------------------------------------------------------------------------
Val GTT   0   0   0   0   0   0 | Ala GCT   0   0   0   0   0   1 | Asp GAT  10  13  10   9  12  13 | Gly GGT   0   0   0   0   0   0
    GTC   2   2   2   2   2   2 |     GCC   3   3   3   3   3   2 |     GAC  10   7  10  11   8   7 |     GGC   0   0   0   0   0   0
    GTA   2   2   2   2   2   2 |     GCA   1   1   1   1   1   1 | Glu GAA   6   6   6   6   6   5 |     GGA   4   4   4   4   4   4
    GTG   3   3   3   3   3   3 |     GCG   1   1   1   1   1   1 |     GAG   6   6   6   6   6   7 |     GGG   0   0   0   0   0   0
--------------------------------------------------------------------------------------------------------------------------------------

--------------------------------------------------------------------------------------------------------------------------------------
Phe TTT   0   0   0   0   0   0 | Ser TCT   2   2   2   2   2   2 | Tyr TAT   2   2   2   2   2   2 | Cys TGT   1   1   1   1   1   1
    TTC   0   0   0   0   0   0 |     TCC   1   1   1   1   1   1 |     TAC   3   3   3   3   3   3 |     TGC   2   2   2   2   2   2
Leu TTA   0   0   0   0   0   0 |     TCA   3   3   3   3   3   3 | *** TAA   0   0   0   0   0   0 | *** TGA   0   0   0   0   0   0
    TTG   2   2   2   2   2   2 |     TCG   1   1   1   1   1   1 |     TAG   0   0   0   0   0   0 | Trp TGG   2   2   2   2   2   2
--------------------------------------------------------------------------------------------------------------------------------------
Leu CTT   2   2   2   2   2   2 | Pro CCT   4   4   4   4   4   4 | His CAT   1   1   1   1   1   1 | Arg CGT   0   0   0   0   0   0
    CTC   0   0   0   0   0   0 |     CCC   2   2   2   2   2   2 |     CAC   1   1   1   1   1   1 |     CGC   0   0   0   0   0   0
    CTA   0   0   0   0   0   0 |     CCA   2   2   2   1   2   2 | Gln CAA   1   1   1   1   1   1 |     CGA   0   0   0   0   0   0
    CTG   2   2   2   2   2   2 |     CCG   0   0   0   1   0   0 |     CAG   2   2   2   2   2   2 |     CGG   0   0   0   0   0   0
--------------------------------------------------------------------------------------------------------------------------------------
Ile ATT   4   4   4   4   4   4 | Thr ACT   3   3   3   3   3   3 | Asn AAT   5   5   5   5   5   5 | Ser AGT   1   1   1   1   1   1
    ATC   1   1   1   1   1   1 |     ACC   1   1   1   1   1   1 |     AAC   2   2   2   2   2   2 |     AGC   1   1   1   1   1   1
    ATA   0   0   0   0   0   0 |     ACA   0   0   0   0   0   0 | Lys AAA   4   4   4   4   4   4 | Arg AGA   0   0   0   0   0   0
Met ATG   1   1   1   1   1   1 |     ACG   1   1   1   1   1   1 |     AAG   2   2   2   2   2   2 |     AGG   1   1   1   1   1   1
--------------------------------------------------------------------------------------------------------------------------------------
Val GTT   0   0   0   0   0   0 | Ala GCT   0   1   0   0   1   1 | Asp GAT  13  13  13  12  12  12 | Gly GGT   0   0   0   0   0   0
    GTC   2   2   2   2   2   2 |     GCC   3   2   3   2   2   2 |     GAC   7   7   7   8   8   8 |     GGC   0   0   0   0   0   0
    GTA   2   2   2   2   2   2 |     GCA   1   1   1   2   1   1 | Glu GAA   6   6   6   6   6   6 |     GGA   4   4   4   4   4   4
    GTG   3   3   3   3   3   3 |     GCG   1   1   1   1   1   1 |     GAG   6   6   6   6   6   6 |     GGG   0   0   0   0   0   0
--------------------------------------------------------------------------------------------------------------------------------------

Codon position x base (3x4) table for each sequence.

#1: Argali         
position  1:    T:0.17117    C:0.15315    A:0.24324    G:0.43243
position  2:    T:0.17117    C:0.22523    A:0.49550    G:0.10811
position  3:    T:0.34234    C:0.23423    A:0.20721    G:0.21622
Average         T:0.22823    C:0.20420    A:0.31532    G:0.25225

#2: LesserMouseDeer
position  1:    T:0.16216    C:0.15315    A:0.24324    G:0.44144
position  2:    T:0.17117    C:0.22523    A:0.49550    G:0.10811
position  3:    T:0.31532    C:0.25225    A:0.19820    G:0.23423
Average         T:0.21622    C:0.21021    A:0.31231    G:0.26126

#3: LesserKudu     
position  1:    T:0.17117    C:0.15315    A:0.24324    G:0.43243
position  2:    T:0.17117    C:0.22523    A:0.49550    G:0.10811
position  3:    T:0.33333    C:0.24324    A:0.20721    G:0.21622
Average         T:0.22523    C:0.20721    A:0.31532    G:0.25225

#4: ForestMuskDeer2
position  1:    T:0.17117    C:0.15315    A:0.24324    G:0.43243
position  2:    T:0.17117    C:0.22523    A:0.48649    G:0.11712
position  3:    T:0.34234    C:0.22523    A:0.20721    G:0.22523
Average         T:0.22823    C:0.20120    A:0.31231    G:0.25826

#5: Camel          
position  1:    T:0.18018    C:0.14414    A:0.24324    G:0.43243
position  2:    T:0.17117    C:0.22523    A:0.49550    G:0.10811
position  3:    T:0.32432    C:0.25225    A:0.20721    G:0.21622
Average         T:0.22523    C:0.20721    A:0.31532    G:0.25225

#6: KillerWhale    
position  1:    T:0.17117    C:0.15315    A:0.24324    G:0.43243
position  2:    T:0.17117    C:0.22523    A:0.49550    G:0.10811
position  3:    T:0.32432    C:0.24324    A:0.19820    G:0.23423
Average         T:0.22222    C:0.20721    A:0.31231    G:0.25826

#7: DefassaWaterbuck
position  1:    T:0.17117    C:0.15315    A:0.24324    G:0.43243
position  2:    T:0.17117    C:0.22523    A:0.49550    G:0.10811
position  3:    T:0.34234    C:0.23423    A:0.20721    G:0.21622
Average         T:0.22823    C:0.20420    A:0.31532    G:0.25225

#8: Sheep          
position  1:    T:0.17117    C:0.15315    A:0.24324    G:0.43243
position  2:    T:0.17117    C:0.22523    A:0.49550    G:0.10811
position  3:    T:0.34234    C:0.23423    A:0.20721    G:0.21622
Average         T:0.22823    C:0.20420    A:0.31532    G:0.25225

#9: MaxwellsDuiker 
position  1:    T:0.17117    C:0.15315    A:0.24324    G:0.43243
position  2:    T:0.17117    C:0.22523    A:0.49550    G:0.10811
position  3:    T:0.34234    C:0.23423    A:0.20721    G:0.21622
Average         T:0.22823    C:0.20420    A:0.31532    G:0.25225

#10: GazellaPrzewalskyi
position  1:    T:0.17117    C:0.15315    A:0.24324    G:0.43243
position  2:    T:0.17117    C:0.22523    A:0.49550    G:0.10811
position  3:    T:0.35135    C:0.22523    A:0.20721    G:0.21622
Average         T:0.23123    C:0.20120    A:0.31532    G:0.25225

#11: MountainNyala  
position  1:    T:0.17117    C:0.15315    A:0.24324    G:0.43243
position  2:    T:0.17117    C:0.22523    A:0.49550    G:0.10811
position  3:    T:0.35135    C:0.22523    A:0.20721    G:0.21622
Average         T:0.23123    C:0.20120    A:0.31532    G:0.25225

#12: MuntiacusMuntjak
position  1:    T:0.17117    C:0.15315    A:0.24324    G:0.43243
position  2:    T:0.17117    C:0.22523    A:0.49550    G:0.10811
position  3:    T:0.31532    C:0.26126    A:0.19820    G:0.22523
Average         T:0.21922    C:0.21321    A:0.31231    G:0.25526

#13: goat           
position  1:    T:0.17117    C:0.15315    A:0.24324    G:0.43243
position  2:    T:0.17117    C:0.22523    A:0.49550    G:0.10811
position  3:    T:0.34234    C:0.23423    A:0.20721    G:0.21622
Average         T:0.22823    C:0.20420    A:0.31532    G:0.25225

#14: AfricanBuffalo 
position  1:    T:0.17117    C:0.15315    A:0.24324    G:0.43243
position  2:    T:0.17117    C:0.22523    A:0.49550    G:0.10811
position  3:    T:0.33333    C:0.24324    A:0.20721    G:0.21622
Average         T:0.22523    C:0.20721    A:0.31532    G:0.25225

#15: Topi           
position  1:    T:0.17117    C:0.15315    A:0.24324    G:0.43243
position  2:    T:0.17117    C:0.22523    A:0.49550    G:0.10811
position  3:    T:0.34234    C:0.22523    A:0.20721    G:0.22523
Average         T:0.22823    C:0.20120    A:0.31532    G:0.25526

#16: CommonDuiker   
position  1:    T:0.17117    C:0.15315    A:0.24324    G:0.43243
position  2:    T:0.17117    C:0.22523    A:0.49550    G:0.10811
position  3:    T:0.34234    C:0.23423    A:0.20721    G:0.21622
Average         T:0.22823    C:0.20420    A:0.31532    G:0.25225

#17: Suni           
position  1:    T:0.17117    C:0.15315    A:0.24324    G:0.43243
position  2:    T:0.17117    C:0.22523    A:0.49550    G:0.10811
position  3:    T:0.34234    C:0.23423    A:0.21622    G:0.20721
Average         T:0.22823    C:0.20420    A:0.31832    G:0.24925

#18: Springbuck     
position  1:    T:0.17117    C:0.15315    A:0.24324    G:0.43243
position  2:    T:0.17117    C:0.22523    A:0.49550    G:0.10811
position  3:    T:0.34234    C:0.23423    A:0.20721    G:0.21622
Average         T:0.22823    C:0.20420    A:0.31532    G:0.25225

#19: Okapi          
position  1:    T:0.17117    C:0.15315    A:0.24324    G:0.43243
position  2:    T:0.17117    C:0.22523    A:0.49550    G:0.10811
position  3:    T:0.34234    C:0.23423    A:0.20721    G:0.21622
Average         T:0.22823    C:0.20420    A:0.31532    G:0.25225

#20: Giraffe        
position  1:    T:0.17117    C:0.15315    A:0.24324    G:0.43243
position  2:    T:0.17117    C:0.22523    A:0.49550    G:0.10811
position  3:    T:0.34234    C:0.23423    A:0.19820    G:0.22523
Average         T:0.22823    C:0.20420    A:0.31231    G:0.25526

#21: TibetanAntelope
position  1:    T:0.17117    C:0.15315    A:0.24324    G:0.43243
position  2:    T:0.17117    C:0.22523    A:0.49550    G:0.10811
position  3:    T:0.34234    C:0.23423    A:0.21622    G:0.20721
Average         T:0.22823    C:0.20420    A:0.31832    G:0.24925

#22: Sitatunga      
position  1:    T:0.17117    C:0.15315    A:0.24324    G:0.43243
position  2:    T:0.17117    C:0.22523    A:0.49550    G:0.10811
position  3:    T:0.34234    C:0.23423    A:0.20721    G:0.21622
Average         T:0.22823    C:0.20420    A:0.31532    G:0.25225

#23: Oribi          
position  1:    T:0.17117    C:0.15315    A:0.24324    G:0.43243
position  2:    T:0.17117    C:0.22523    A:0.49550    G:0.10811
position  3:    T:0.35135    C:0.22523    A:0.20721    G:0.21622
Average         T:0.23123    C:0.20120    A:0.31532    G:0.25225

#24: BarbarySheep   
position  1:    T:0.17117    C:0.15315    A:0.24324    G:0.43243
position  2:    T:0.17117    C:0.22523    A:0.49550    G:0.10811
position  3:    T:0.34234    C:0.23423    A:0.20721    G:0.21622
Average         T:0.22823    C:0.20420    A:0.31532    G:0.25225

#25: Daviddeer      
position  1:    T:0.17117    C:0.15315    A:0.24324    G:0.43243
position  2:    T:0.17117    C:0.22523    A:0.49550    G:0.10811
position  3:    T:0.31532    C:0.26126    A:0.19820    G:0.22523
Average         T:0.21922    C:0.21321    A:0.31231    G:0.25526

#26: Reindeer       
position  1:    T:0.17117    C:0.15315    A:0.24324    G:0.43243
position  2:    T:0.17117    C:0.22523    A:0.49550    G:0.10811
position  3:    T:0.30631    C:0.27027    A:0.19820    G:0.22523
Average         T:0.21622    C:0.21622    A:0.31231    G:0.25526

#27: Ibex           
position  1:    T:0.17117    C:0.15315    A:0.24324    G:0.43243
position  2:    T:0.17117    C:0.22523    A:0.49550    G:0.10811
position  3:    T:0.34234    C:0.23423    A:0.20721    G:0.21622
Average         T:0.22823    C:0.20420    A:0.31532    G:0.25225

#28: GyrantGazelle  
position  1:    T:0.17117    C:0.15315    A:0.24324    G:0.43243
position  2:    T:0.17117    C:0.22523    A:0.49550    G:0.10811
position  3:    T:0.34234    C:0.23423    A:0.20721    G:0.21622
Average         T:0.22823    C:0.20420    A:0.31532    G:0.25225

#29: Hartebeest     
position  1:    T:0.17117    C:0.15315    A:0.24324    G:0.43243
position  2:    T:0.17117    C:0.22523    A:0.49550    G:0.10811
position  3:    T:0.34234    C:0.22523    A:0.20721    G:0.22523
Average         T:0.22823    C:0.20120    A:0.31532    G:0.25526

#30: Bongo          
position  1:    T:0.17117    C:0.15315    A:0.24324    G:0.43243
position  2:    T:0.17117    C:0.22523    A:0.49550    G:0.10811
position  3:    T:0.34234    C:0.23423    A:0.20721    G:0.21622
Average         T:0.22823    C:0.20420    A:0.31532    G:0.25225

#31: Gerenuk        
position  1:    T:0.17117    C:0.15315    A:0.24324    G:0.43243
position  2:    T:0.17117    C:0.22523    A:0.49550    G:0.10811
position  3:    T:0.34234    C:0.22523    A:0.21622    G:0.21622
Average         T:0.22823    C:0.20120    A:0.31832    G:0.25225

#32: CommonEland    
position  1:    T:0.17117    C:0.15315    A:0.24324    G:0.43243
position  2:    T:0.17117    C:0.22523    A:0.49550    G:0.10811
position  3:    T:0.34234    C:0.23423    A:0.20721    G:0.21622
Average         T:0.22823    C:0.20420    A:0.31532    G:0.25225

#33: MuntiacusReevesi
position  1:    T:0.17117    C:0.15315    A:0.24324    G:0.43243
position  2:    T:0.17117    C:0.22523    A:0.49550    G:0.10811
position  3:    T:0.32432    C:0.25225    A:0.19820    G:0.22523
Average         T:0.22222    C:0.21021    A:0.31231    G:0.25526

#34: HarveysDuiker  
position  1:    T:0.17117    C:0.15315    A:0.24324    G:0.43243
position  2:    T:0.17117    C:0.22523    A:0.49550    G:0.10811
position  3:    T:0.34234    C:0.23423    A:0.20721    G:0.21622
Average         T:0.22823    C:0.20420    A:0.31532    G:0.25225

#35: Pronghorn      
position  1:    T:0.17117    C:0.15315    A:0.24324    G:0.43243
position  2:    T:0.17117    C:0.22523    A:0.49550    G:0.10811
position  3:    T:0.34234    C:0.23423    A:0.21622    G:0.20721
Average         T:0.22823    C:0.20420    A:0.31832    G:0.24925

#36: BlueWildebeest 
position  1:    T:0.17117    C:0.15315    A:0.24324    G:0.43243
position  2:    T:0.17117    C:0.22523    A:0.49550    G:0.10811
position  3:    T:0.35135    C:0.21622    A:0.20721    G:0.22523
Average         T:0.23123    C:0.19820    A:0.31532    G:0.25526

#37: Gemsbok        
position  1:    T:0.17117    C:0.15315    A:0.24324    G:0.43243
position  2:    T:0.17117    C:0.22523    A:0.49550    G:0.10811
position  3:    T:0.33333    C:0.24324    A:0.20721    G:0.21622
Average         T:0.22523    C:0.20721    A:0.31532    G:0.25225

#38: Yak            
position  1:    T:0.17117    C:0.15315    A:0.24324    G:0.43243
position  2:    T:0.17117    C:0.22523    A:0.49550    G:0.10811
position  3:    T:0.33333    C:0.24324    A:0.20721    G:0.21622
Average         T:0.22523    C:0.20721    A:0.31532    G:0.25225

#39: BlueSheep      
position  1:    T:0.17117    C:0.15315    A:0.24324    G:0.43243
position  2:    T:0.17117    C:0.22523    A:0.49550    G:0.10811
position  3:    T:0.33333    C:0.23423    A:0.21622    G:0.21622
Average         T:0.22523    C:0.20420    A:0.31832    G:0.25225

#40: BohorReedbuck  
position  1:    T:0.17117    C:0.15315    A:0.24324    G:0.43243
position  2:    T:0.17117    C:0.22523    A:0.49550    G:0.10811
position  3:    T:0.34234    C:0.23423    A:0.20721    G:0.21622
Average         T:0.22823    C:0.20420    A:0.31532    G:0.25225

#41: KirksDik       
position  1:    T:0.17117    C:0.15315    A:0.24324    G:0.43243
position  2:    T:0.17117    C:0.22523    A:0.49550    G:0.10811
position  3:    T:0.33333    C:0.24324    A:0.20721    G:0.21622
Average         T:0.22523    C:0.20721    A:0.31532    G:0.25225

#42: RoeDeer        
position  1:    T:0.17117    C:0.15315    A:0.24324    G:0.43243
position  2:    T:0.17117    C:0.22523    A:0.49550    G:0.10811
position  3:    T:0.31532    C:0.26126    A:0.19820    G:0.22523
Average         T:0.21922    C:0.21321    A:0.31231    G:0.25526

#43: WhiteLippedDeer
position  1:    T:0.17117    C:0.15315    A:0.24324    G:0.43243
position  2:    T:0.17117    C:0.22523    A:0.49550    G:0.10811
position  3:    T:0.31532    C:0.26126    A:0.19820    G:0.22523
Average         T:0.21922    C:0.21321    A:0.31231    G:0.25526

#44: ThomsonGazelle 
position  1:    T:0.17117    C:0.15315    A:0.24324    G:0.43243
position  2:    T:0.17117    C:0.22523    A:0.49550    G:0.10811
position  3:    T:0.35135    C:0.23423    A:0.20721    G:0.20721
Average         T:0.23123    C:0.20420    A:0.31532    G:0.24925

#45: MuntiacusCrinifrons
position  1:    T:0.17117    C:0.15315    A:0.24324    G:0.43243
position  2:    T:0.17117    C:0.22523    A:0.49550    G:0.10811
position  3:    T:0.32432    C:0.25225    A:0.19820    G:0.22523
Average         T:0.22222    C:0.21021    A:0.31231    G:0.25526

#46: WhiteTailedDeer
position  1:    T:0.17117    C:0.15315    A:0.24324    G:0.43243
position  2:    T:0.17117    C:0.22523    A:0.49550    G:0.10811
position  3:    T:0.30631    C:0.27027    A:0.20721    G:0.21622
Average         T:0.21622    C:0.21622    A:0.31532    G:0.25225

#47: Cattle         
position  1:    T:0.17117    C:0.15315    A:0.24324    G:0.43243
position  2:    T:0.17117    C:0.22523    A:0.49550    G:0.10811
position  3:    T:0.33333    C:0.24324    A:0.20721    G:0.21622
Average         T:0.22523    C:0.20721    A:0.31532    G:0.25225

#48: RoyalAntelope  
position  1:    T:0.17117    C:0.15315    A:0.24324    G:0.43243
position  2:    T:0.17117    C:0.22523    A:0.49550    G:0.10811
position  3:    T:0.35135    C:0.22523    A:0.19820    G:0.22523
Average         T:0.23123    C:0.20120    A:0.31231    G:0.25526

#49: Steenbok       
position  1:    T:0.17117    C:0.15315    A:0.24324    G:0.43243
position  2:    T:0.17117    C:0.22523    A:0.49550    G:0.10811
position  3:    T:0.34234    C:0.23423    A:0.20721    G:0.21622
Average         T:0.22823    C:0.20420    A:0.31532    G:0.25225

#50: Impala         
position  1:    T:0.17117    C:0.15315    A:0.24324    G:0.43243
position  2:    T:0.17117    C:0.22523    A:0.49550    G:0.10811
position  3:    T:0.35135    C:0.22523    A:0.20721    G:0.21622
Average         T:0.23123    C:0.20120    A:0.31532    G:0.25225

#51: Klipspringer   
position  1:    T:0.17117    C:0.15315    A:0.24324    G:0.43243
position  2:    T:0.17117    C:0.22523    A:0.49550    G:0.10811
