1
52 1
Argali 0.000000 0.196500 0.054900 0.325200 0.051300 0.006100 0.071200 0.061300 0.071800 0.067900 0.024400 0.051400 0.061400 0.061600 0.142900 0.048000 0.099100 0.078400 0.012500 0.068400 0.064600 0.015700 0.058100 0.078100 0.015700 0.054900 0.051400 0.061600 0.064600 0.065000 0.075100 0.061500 0.091500 0.061500 0.047800 0.054700 0.015400 0.054700 0.075000 0.109700 0.064600 0.058100 0.064500 0.078100 0.054700 0.068100 0.051400 0.067700 0.068100 0.058000 0.065000 0.061700
LesserMous 0.196500 0.000000 0.173300 0.321900 0.168300 0.196100 0.207700 0.168400 0.185200 0.179600 0.188100 0.188300 0.211100 0.192600 0.242600 0.168700 0.211600 0.184300 0.180300 0.181100 0.187600 0.176500 0.172800 0.176200 0.184200 0.184800 0.207600 0.177300 0.176100 0.177100 0.184900 0.196200 0.190800 0.215800 0.191400 0.188000 0.184400 0.164900 0.203200 0.192200 0.176100 0.184300 0.171900 0.183700 0.187800 0.172800 0.179600 0.184500 0.183900 0.184000 0.177300 0.173500
LesserKudu 0.054900 0.173300 0.000000 0.318400 0.022100 0.054800 0.048200 0.035000 0.015700 0.057900 0.044900 0.035100 0.068200 0.038400 0.113200 0.038300 0.088800 0.061500 0.041600 0.012500 0.048000 0.044800 0.048200 0.064700 0.044900 0.041700 0.058200 0.012500 0.051300 0.009200 0.065000 0.038300 0.061100 0.064900 0.051300 0.028500 0.044900 0.025300 0.058100 0.091900 0.054700 0.044800 0.054600 0.064700 0.028500 0.044800 0.041500 0.045000 0.048100 0.048100 0.009400 0.006200
KillerWhal 0.325200 0.321900 0.318400 0.000000 0.325200 0.326000 0.341300 0.311100 0.342300 0.324500 0.322300 0.322400 0.340300 0.328100 0.370100 0.302700 0.334100 0.308200 0.322000 0.332400 0.302200 0.326200 0.317800 0.334800 0.317300 0.313300 0.330800 0.332500 0.310600 0.332000 0.337400 0.327600 0.337000 0.339800 0.311600 0.326400 0.327200 0.330000 0.338100 0.369900 0.317400 0.317100 0.329200 0.325900 0.326100 0.330900 0.310500 0.339000 0.335800 0.349600 0.332600 0.327800
DefassaWat 0.051300 0.168300 0.022100 0.325200 0.000000 0.051200 0.051200 0.041200 0.038200 0.060900 0.044600 0.038100 0.064400 0.041400 0.116400 0.041300 0.084800 0.064500 0.038100 0.034900 0.051000 0.041300 0.051200 0.070900 0.041300 0.044700 0.054500 0.034900 0.057600 0.031700 0.068000 0.041300 0.070700 0.061100 0.054300 0.034800 0.041400 0.009400 0.061100 0.095100 0.057600 0.047800 0.057500 0.070900 0.034800 0.041300 0.044500 0.048000 0.051100 0.044500 0.031700 0.028500
Sheep 0.006100 0.196100 0.054800 0.326000 0.051200 0.000000 0.071100 0.061200 0.071700 0.067700 0.025100 0.044800 0.061300 0.061500 0.135200 0.047900 0.095500 0.071500 0.012500 0.068200 0.057800 0.015600 0.058000 0.077900 0.015600 0.054800 0.051300 0.061500 0.057800 0.064800 0.075000 0.061400 0.084500 0.061300 0.047700 0.048000 0.015400 0.054600 0.074800 0.109500 0.064500 0.057900 0.064400 0.071200 0.048000 0.068000 0.051300 0.067600 0.067900 0.057900 0.064900 0.061500
MaxwellsDu 0.071200 0.207700 0.048200 0.341300 0.051200 0.071100 0.000000 0.047900 0.065000 0.074000 0.064300 0.051400 0.084900 0.022100 0.131500 0.047700 0.109200 0.077900 0.057500 0.061500 0.057500 0.060800 0.064200 0.084400 0.060800 0.051000 0.074700 0.061500 0.064100 0.058200 0.081500 0.022100 0.090900 0.084900 0.067600 0.048000 0.061000 0.054600 0.061300 0.116400 0.070800 0.054000 0.070600 0.084400 0.048000 0.061200 0.051200 0.054900 0.064400 0.064000 0.058200 0.054900
GazellaPrz 0.061300 0.168400 0.035000 0.311100 0.041200 0.061200 0.047900 0.000000 0.051400 0.064300 0.054500 0.041400 0.074600 0.034900 0.105900 0.031500 0.098700 0.067900 0.047900 0.048100 0.047600 0.051200 0.054500 0.067700 0.051200 0.041400 0.064500 0.048100 0.041200 0.044800 0.071400 0.038100 0.080800 0.074600 0.057600 0.031600 0.051200 0.044600 0.051200 0.102300 0.061000 0.044600 0.060900 0.067700 0.031600 0.051000 0.034800 0.044800 0.054400 0.054400 0.044800 0.041500
MountainNy 0.071800 0.185200 0.015700 0.342300 0.038200 0.071700 0.065000 0.051400 0.000000 0.068000 0.061500 0.051500 0.085300 0.055000 0.117000 0.054800 0.102800 0.078600 0.058200 0.009400 0.064700 0.054800 0.058200 0.068100 0.061500 0.058300 0.075100 0.009400 0.068100 0.012500 0.075300 0.054900 0.074600 0.082000 0.068000 0.044900 0.061600 0.041600 0.075000 0.095400 0.064700 0.061500 0.064600 0.068100 0.044800 0.061500 0.058100 0.055000 0.064800 0.064700 0.006200 0.009400
MuntiacusM 0.067900 0.179600 0.057900 0.324500 0.060900 0.067700 0.074000 0.064300 0.068000 0.000000 0.061100 0.054400 0.074400 0.064600 0.145700 0.051000 0.084700 0.057800 0.054400 0.071300 0.067500 0.057700 0.028400 0.047600 0.057700 0.061200 0.071100 0.064500 0.060800 0.067900 0.018800 0.064500 0.067300 0.081300 0.057600 0.051100 0.057800 0.064300 0.074500 0.077800 0.034700 0.064400 0.015600 0.054200 0.057600 0.077800 0.051000 0.070500 0.057700 0.067600 0.067900 0.064600
goat 0.024400 0.188100 0.044900 0.322300 0.044600 0.025100 0.064300 0.054500 0.061500 0.061100 0.000000 0.044700 0.061200 0.054800 0.135200 0.041400 0.095400 0.071500 0.012500 0.058100 0.057800 0.015600 0.051300 0.071100 0.009400 0.048100 0.051300 0.051500 0.057800 0.054800 0.068200 0.054700 0.084400 0.061300 0.047700 0.048000 0.015500 0.048000 0.074800 0.102400 0.057800 0.051300 0.057700 0.071200 0.047900 0.061300 0.051200 0.060800 0.061200 0.051200 0.054800 0.051500
AfricanBuf 0.051400 0.188300 0.035100 0.322400 0.038100 0.044800 0.051400 0.041400 0.051500 0.054400 0.044700 0.000000 0.064600 0.041600 0.113400 0.034900 0.074600 0.058100 0.038200 0.048200 0.044600 0.041400 0.044700 0.064400 0.041400 0.044800 0.054600 0.041600 0.044600 0.044900 0.061500 0.041500 0.070900 0.064700 0.047900 0.022100 0.041500 0.041400 0.061300 0.095400 0.051200 0.048000 0.051100 0.057800 0.022100 0.054600 0.038100 0.048100 0.051300 0.051200 0.044900 0.041600
Topi 0.061400 0.211100 0.068200 0.340300 0.064400 0.061300 0.084900 0.074600 0.085300 0.074400 0.061200 0.064600 0.000000 0.075000 0.131500 0.061100 0.109300 0.092000 0.048000 0.081800 0.071100 0.051200 0.071300 0.088100 0.051300 0.064700 0.009400 0.074900 0.071000 0.078300 0.088700 0.074900 0.105000 0.018800 0.051100 0.067900 0.051300 0.067900 0.091800 0.116400 0.074600 0.067900 0.077800 0.091600 0.067800 0.074700 0.067800 0.077900 0.074600 0.071200 0.078400 0.075000
CommonDuik 0.061600 0.192600 0.038400 0.328100 0.041400 0.061500 0.022100 0.034900 0.055000 0.064600 0.054800 0.041600 0.075000 0.000000 0.120600 0.038200 0.099100 0.068200 0.048100 0.051600 0.047900 0.051400 0.054800 0.074700 0.051400 0.041600 0.064900 0.051600 0.054500 0.048300 0.071800 0.012600 0.081200 0.071600 0.057900 0.038300 0.051500 0.044800 0.058000 0.098900 0.061300 0.044800 0.061200 0.074700 0.038200 0.051300 0.041400 0.045000 0.054700 0.054700 0.048300 0.045000
Suni 0.142900 0.242600 0.113200 0.370100 0.116400 0.135200 0.131500 0.105900 0.117000 0.145700 0.135200 0.113400 0.131500 0.120600 0.000000 0.124000 0.168500 0.139000 0.127700 0.113300 0.116600 0.124100 0.131500 0.145800 0.131300 0.128100 0.120600 0.113300 0.131000 0.109700 0.142900 0.120500 0.152300 0.127700 0.131200 0.106000 0.131600 0.120200 0.146100 0.172100 0.142200 0.131300 0.134600 0.138500 0.106000 0.135000 0.127500 0.117000 0.120300 0.131000 0.109800 0.106200
Springbuck 0.048000 0.168700 0.038300 0.302700 0.041300 0.047900 0.047700 0.031500 0.054800 0.051000 0.041400 0.034900 0.061100 0.038200 0.124000 0.000000 0.084900 0.061200 0.034900 0.051400 0.034700 0.038100 0.041400 0.054400 0.038100 0.022100 0.051200 0.044800 0.015600 0.048100 0.058000 0.038100 0.074100 0.061200 0.044500 0.038100 0.038200 0.044600 0.051200 0.091300 0.041300 0.025200 0.047700 0.061000 0.038100 0.044500 0.028400 0.044200 0.044600 0.047900 0.048100 0.044800
Okapi 0.099100 0.211600 0.088800 0.334100 0.084800 0.095500 0.109200 0.098700 0.102800 0.084700 0.095400 0.074600 0.109300 0.099100 0.168500 0.084900 0.000000 0.047900 0.088400 0.099200 0.095200 0.091900 0.074800 0.087900 0.091900 0.095600 0.098800 0.095700 0.095200 0.099200 0.092200 0.099000 0.084500 0.105700 0.084700 0.085000 0.092000 0.088400 0.120200 0.120100 0.081400 0.098900 0.081300 0.088300 0.084900 0.109500 0.095200 0.102300 0.105800 0.102200 0.099300 0.095800
Giraffe 0.078400 0.184300 0.061500 0.308200 0.064500 0.071500 0.077900 0.067900 0.078600 0.057800 0.071500 0.058100 0.092000 0.068200 0.139000 0.061200 0.047900 0.000000 0.064700 0.075100 0.057700 0.068000 0.051400 0.064300 0.068000 0.064800 0.081700 0.075100 0.071200 0.071600 0.068300 0.068100 0.064300 0.092000 0.067900 0.054700 0.068100 0.068000 0.088500 0.098900 0.057900 0.068000 0.054500 0.064600 0.054600 0.081600 0.071300 0.071200 0.071300 0.071300 0.071700 0.068300
TibetanAnt 0.012500 0.180300 0.041600 0.322000 0.038100 0.012500 0.057500 0.047900 0.058200 0.054400 0.012500 0.038200 0.048000 0.048100 0.127700 0.034900 0.088400 0.064700 0.000000 0.054800 0.051100 0.003100 0.044700 0.064400 0.003100 0.041500 0.038200 0.048100 0.051100 0.051400 0.061400 0.048100 0.077600 0.048000 0.034700 0.041400 0.003100 0.041400 0.068000 0.095400 0.051200 0.044700 0.051100 0.064400 0.041400 0.054600 0.044600 0.054000 0.054600 0.044600 0.051500 0.048200
Sitatunga 0.068400 0.181100 0.012500 0.332400 0.034900 0.068200 0.061500 0.048100 0.009400 0.071300 0.058100 0.048200 0.081800 0.051600 0.113300 0.051400 0.099200 0.075100 0.054800 0.000000 0.061300 0.051500 0.061500 0.071400 0.058100 0.054900 0.071600 0.006200 0.064600 0.009400 0.078600 0.051500 0.074500 0.078400 0.064600 0.041500 0.058200 0.038300 0.071600 0.098800 0.068000 0.058100 0.067900 0.071500 0.041500 0.058100 0.054700 0.051600 0.061300 0.061300 0.003100 0.006200
Oribi 0.064600 0.187600 0.048000 0.302200 0.051000 0.057800 0.057500 0.047600 0.064700 0.067500 0.057800 0.044600 0.071100 0.047900 0.116600 0.034700 0.095200 0.057700 0.051100 0.061300 0.000000 0.054400 0.057800 0.070900 0.054400 0.037900 0.061100 0.061300 0.044400 0.057900 0.074700 0.047800 0.077400 0.071200 0.054300 0.041300 0.054500 0.054400 0.067700 0.109100 0.064300 0.040900 0.060800 0.071000 0.041300 0.047700 0.051000 0.060800 0.051100 0.057700 0.057900 0.054700
BarbaryShe 0.015700 0.176500 0.044800 0.326200 0.041300 0.015600 0.060800 0.051200 0.054800 0.057700 0.015600 0.041400 0.051200 0.051400 0.124100 0.038100 0.091900 0.068000 0.003100 0.051500 0.054400 0.000000 0.048000 0.061000 0.006200 0.044800 0.041400 0.044800 0.054400 0.048100 0.064700 0.051300 0.081000 0.051300 0.037900 0.044700 0.006200 0.044700 0.071300 0.091900 0.054400 0.048000 0.054300 0.061100 0.044600 0.057900 0.047900 0.050800 0.057800 0.047900 0.048200 0.044900
Daviddeer 0.058100 0.172800 0.048200 0.317800 0.051200 0.058000 0.064200 0.054500 0.058200 0.028400 0.051300 0.044700 0.071300 0.054800 0.131500 0.041400 0.074800 0.051400 0.044700 0.061500 0.057800 0.048000 0.000000 0.038100 0.048000 0.051500 0.061300 0.054800 0.057700 0.058100 0.035000 0.054700 0.064200 0.071400 0.047900 0.048000 0.048100 0.054600 0.074700 0.068000 0.025200 0.054600 0.025200 0.044600 0.047900 0.068000 0.051200 0.060900 0.057900 0.044600 0.058200 0.054800
Reindeer 0.078100 0.176200 0.064700 0.334800 0.070900 0.077900 0.084400 0.067700 0.068100 0.047600 0.071100 0.064400 0.088100 0.074700 0.145800 0.054400 0.087900 0.064300 0.064400 0.071400 0.070900 0.061000 0.038100 0.000000 0.067700 0.064600 0.081300 0.064700 0.064300 0.068000 0.054600 0.074600 0.084200 0.091600 0.067500 0.061100 0.067800 0.074400 0.095000 0.064300 0.038000 0.067800 0.044400 0.025100 0.061000 0.081300 0.071000 0.067300 0.074400 0.077800 0.068100 0.064700
Ibex 0.015700 0.184200 0.044900 0.317300 0.041300 0.015600 0.060800 0.051200 0.061500 0.057700 0.009400 0.041400 0.051300 0.051400 0.131300 0.038100 0.091900 0.068000 0.003100 0.058100 0.054400 0.006200 0.048000 0.067700 0.000000 0.044800 0.041500 0.051400 0.054400 0.054800 0.064800 0.051400 0.081000 0.051300 0.037900 0.044700 0.006200 0.044700 0.071300 0.098900 0.054500 0.048000 0.054400 0.067800 0.044600 0.057900 0.047900 0.057400 0.057900 0.047900 0.054800 0.051500
GyrantGaze 0.054900 0.184800 0.041700 0.313300 0.044700 0.054800 0.051000 0.041400 0.058300 0.061200 0.048100 0.044800 0.064700 0.041600 0.128100 0.022100 0.095600 0.064800 0.041500 0.054900 0.037900 0.044800 0.051500 0.064600 0.044800 0.000000 0.054800 0.054900 0.038200 0.051500 0.068400 0.041600 0.077800 0.064800 0.051200 0.041500 0.044900 0.048100 0.061300 0.095600 0.051400 0.009400 0.057800 0.071300 0.041500 0.048100 0.044700 0.054200 0.048100 0.051300 0.051600 0.048300
Hartebeest 0.051400 0.207600 0.058200 0.330800 0.054500 0.051300 0.074700 0.064500 0.075100 0.071100 0.051300 0.054600 0.009400 0.064900 0.120600 0.051200 0.098800 0.081700 0.038200 0.071600 0.061100 0.041400 0.061300 0.081300 0.041500 0.054800 0.000000 0.064800 0.067800 0.068200 0.078400 0.064800 0.094700 0.009300 0.041300 0.057900 0.041500 0.057900 0.085000 0.105900 0.067900 0.058000 0.067700 0.081300 0.057900 0.064600 0.061200 0.071200 0.071300 0.061200 0.068300 0.064900
Bongo 0.061600 0.177300 0.012500 0.332500 0.034900 0.061500 0.061500 0.048100 0.009400 0.064500 0.051500 0.041600 0.074900 0.051600 0.113300 0.044800 0.095700 0.075100 0.048100 0.006200 0.061300 0.044800 0.054800 0.064700 0.051400 0.054900 0.064800 0.000000 0.057900 0.009400 0.071800 0.051500 0.074500 0.071600 0.057900 0.041500 0.051500 0.038300 0.071600 0.091900 0.061300 0.058100 0.061200 0.064700 0.041500 0.058100 0.048100 0.051600 0.061400 0.061300 0.003100 0.006200
Gerenuk 0.064600 0.176100 0.051300 0.310600 0.057600 0.057800 0.064100 0.041200 0.068100 0.060800 0.057800 0.044600 0.071000 0.054500 0.131000 0.015600 0.095200 0.071200 0.051100 0.064600 0.044400 0.054400 0.057700 0.064300 0.054400 0.038200 0.067800 0.057900 0.000000 0.061300 0.074700 0.054400 0.077500 0.077900 0.060900 0.041300 0.054500 0.054400 0.064400 0.098100 0.057600 0.041300 0.064100 0.064300 0.041200 0.054400 0.041200 0.060800 0.054400 0.057700 0.061300 0.058000
CommonElan 0.065000 0.177100 0.009200 0.332000 0.031700 0.064800 0.058200 0.044800 0.012500 0.067900 0.054800 0.044900 0.078300 0.048300 0.109700 0.048100 0.099200 0.071600 0.051400 0.009400 0.057900 0.048100 0.058100 0.068000 0.054800 0.051500 0.068200 0.009400 0.061300 0.000000 0.075200 0.048200 0.071100 0.075000 0.061200 0.038300 0.054800 0.035000 0.061500 0.095300 0.064700 0.054700 0.064500 0.068100 0.038200 0.054700 0.051400 0.048300 0.058000 0.058000 0.006200 0.003100
MuntiacusR 0.075100 0.184900 0.065000 0.337400 0.068000 0.075000 0.081500 0.071400 0.075300 0.018800 0.068200 0.061500 0.088700 0.071800 0.142900 0.058000 0.092200 0.068300 0.061400 0.078600 0.074700 0.064700 0.035000 0.054600 0.064800 0.068400 0.078400 0.071800 0.074700 0.075200 0.000000 0.071700 0.074400 0.088800 0.064600 0.058100 0.064900 0.071500 0.085300 0.085200 0.041500 0.071600 0.022000 0.061300 0.064700 0.085200 0.061400 0.078000 0.071500 0.074800 0.075200 0.071900
HarveysDui 0.061500 0.196200 0.038300 0.327600 0.041300 0.061400 0.022100 0.038100 0.054900 0.064500 0.054700 0.041500 0.074900 0.012600 0.120500 0.038100 0.099000 0.068100 0.048100 0.051500 0.047800 0.051300 0.054700 0.074600 0.051400 0.041600 0.064800 0.051500 0.054400 0.048200 0.071700 0.000000 0.081000 0.068200 0.057900 0.031700 0.051400 0.044700 0.057900 0.106000 0.061300 0.044700 0.061100 0.074600 0.031700 0.051300 0.041400 0.044900 0.054600 0.054600 0.048200 0.044900
Pronghorn 0.091500 0.190800 0.061100 0.337000 0.070700 0.084500 0.090900 0.080800 0.074600 0.067300 0.084400 0.070900 0.105000 0.081200 0.152300 0.074100 0.084500 0.064300 0.077600 0.074500 0.077400 0.081000 0.064200 0.084200 0.081000 0.077800 0.094700 0.074500 0.077500 0.071100 0.074400 0.081000 0.000000 0.101600 0.080800 0.060800 0.081100 0.067500 0.094800 0.101800 0.070700 0.081000 0.063900 0.077500 0.067400 0.081000 0.084300 0.087600 0.080900 0.077500 0.071100 0.067800
BlueWildeb 0.061500 0.215800 0.064900 0.339800 0.061100 0.061300 0.084900 0.074600 0.082000 0.081300 0.061300 0.064700 0.018800 0.071600 0.127700 0.061200 0.105700 0.092000 0.048000 0.078400 0.071200 0.051300 0.071400 0.091600 0.051300 0.064800 0.009300 0.071600 0.077900 0.075000 0.088800 0.068200 0.101600 0.000000 0.051200 0.068000 0.051400 0.064600 0.095400 0.109400 0.078000 0.068000 0.077900 0.091700 0.067900 0.071400 0.071300 0.081400 0.081500 0.071300 0.075100 0.071700
Gemsbok 0.047800 0.191400 0.051300 0.311600 0.054300 0.047700 0.067600 0.057600 0.068000 0.057600 0.047700 0.047900 0.051100 0.057900 0.131200 0.044500 0.084700 0.067900 0.034700 0.064600 0.054300 0.037900 0.047900 0.067500 0.037900 0.051200 0.041300 0.057900 0.060900 0.061200 0.064600 0.057900 0.080800 0.051200 0.000000 0.051100 0.038000 0.047800 0.077900 0.091600 0.054300 0.054400 0.054200 0.067600 0.051000 0.071100 0.054300 0.064100 0.057700 0.054300 0.061300 0.058000
Yak 0.054700 0.188000 0.028500 0.326400 0.034800 0.048000 0.048000 0.031600 0.044900 0.051100 0.048000 0.022100 0.067900 0.038300 0.106000 0.038100 0.085000 0.054700 0.041400 0.041500 0.041300 0.044700 0.048000 0.061100 0.044700 0.041500 0.057900 0.041500 0.041300 0.038300 0.058100 0.031700 0.060800 0.068000 0.051100 0.000000 0.044700 0.038100 0.057900 0.095400 0.054500 0.044700 0.047800 0.054500 0.006200 0.051200 0.041400 0.044800 0.041400 0.047900 0.038300 0.035000
BlueSheep 0.015400 0.184400 0.044900 0.327200 0.041400 0.015400 0.061000 0.051200 0.061600 0.057800 0.015500 0.041500 0.051300 0.051500 0.131600 0.038200 0.092000 0.068100 0.003100 0.058200 0.054500 0.006200 0.048100 0.067800 0.006200 0.044900 0.041500 0.051500 0.054500 0.054800 0.064900 0.051400 0.081100 0.051400 0.038000 0.044700 0.000000 0.044700 0.071400 0.099000 0.054500 0.048000 0.054400 0.067800 0.044700 0.058000 0.048000 0.057500 0.057900 0.048000 0.054800 0.051500
BohorReedb 0.054700 0.164900 0.025300 0.330000 0.009400 0.054600 0.054600 0.044600 0.041600 0.064300 0.048000 0.041400 0.067900 0.044800 0.120200 0.044600 0.088400 0.068000 0.041400 0.038300 0.054400 0.044700 0.054600 0.074400 0.044700 0.048100 0.057900 0.038300 0.054400 0.035000 0.071500 0.044700 0.067500 0.064600 0.047800 0.038100 0.044700 0.000000 0.064600 0.085000 0.061100 0.051200 0.061000 0.074500 0.038100 0.038100 0.047900 0.051400 0.054500 0.034900 0.035000 0.031800
KirksDik 0.075000 0.203200 0.058100 0.338100 0.061100 0.074800 0.061300 0.051200 0.075000 0.074500 0.074800 0.061300 0.091800 0.058000 0.146100 0.051200 0.120200 0.088500 0.068000 0.071600 0.067700 0.071300 0.074700 0.095000 0.071300 0.061300 0.085000 0.071600 0.064400 0.061500 0.085300 0.057900 0.094800 0.095400 0.077900 0.057900 0.071400 0.064600 0.000000 0.127400 0.081400 0.064500 0.081200 0.095100 0.057800 0.071200 0.028400 0.064800 0.071300 0.074600 0.068200 0.064900
RoeDeer 0.109700 0.192200 0.091900 0.369900 0.095100 0.109500 0.116400 0.102300 0.095400 0.077800 0.102400 0.095400 0.116400 0.098900 0.172100 0.091300 0.120100 0.098900 0.095400 0.098800 0.109100 0.091900 0.068000 0.064300 0.098900 0.095600 0.105900 0.091900 0.098100 0.095300 0.085200 0.106000 0.101800 0.109400 0.091600 0.095400 0.099000 0.085000 0.127400 0.000000 0.074600 0.098900 0.074400 0.064400 0.095200 0.105900 0.102200 0.105800 0.112800 0.095300 0.095400 0.092000
WhiteLippe 0.064600 0.176100 0.054700 0.317400 0.057600 0.064500 0.070800 0.061000 0.064700 0.034700 0.057800 0.051200 0.074600 0.061300 0.142200 0.041300 0.081400 0.057900 0.051200 0.068000 0.064300 0.054400 0.025200 0.038000 0.054500 0.051400 0.067900 0.061300 0.057600 0.064700 0.041500 0.061300 0.070700 0.078000 0.054300 0.054500 0.054500 0.061100 0.081400 0.074600 0.000000 0.054500 0.031500 0.051000 0.054400 0.074600 0.057700 0.060700 0.067800 0.064400 0.064700 0.061400
ThomsonGaz 0.058100 0.184300 0.044800 0.317100 0.047800 0.057900 0.054000 0.044600 0.061500 0.064400 0.051300 0.048000 0.067900 0.044800 0.131300 0.025200 0.098900 0.068000 0.044700 0.058100 0.040900 0.048000 0.054600 0.067800 0.048000 0.009400 0.058000 0.058100 0.041300 0.054700 0.071600 0.044700 0.081000 0.068000 0.054400 0.044700 0.048000 0.051200 0.064500 0.098900 0.054500 0.000000 0.061000 0.071200 0.044600 0.051200 0.047900 0.057400 0.051300 0.054500 0.054800 0.051500
MuntiacusC 0.064500 0.171900 0.054600 0.329200 0.057500 0.064400 0.070600 0.060900 0.064600 0.015600 0.057700 0.051100 0.077800 0.061200 0.134600 0.047700 0.081300 0.054500 0.051100 0.067900 0.060800 0.054300 0.025200 0.044400 0.054400 0.057800 0.067700 0.061200 0.064100 0.064500 0.022000 0.061100 0.063900 0.077900 0.054200 0.047800 0.054400 0.061000 0.081200 0.074400 0.031500 0.061000 0.000000 0.050900 0.054300 0.074400 0.057600 0.067200 0.054300 0.064300 0.064600 0.061300
WhiteTaile 0.078100 0.183700 0.064700 0.325900 0.070900 0.071200 0.084400 0.067700 0.068100 0.054200 0.071200 0.057800 0.091600 0.074700 0.138500 0.061000 0.088300 0.064600 0.064400 0.071500 0.071000 0.061100 0.044600 0.025100 0.067800 0.071300 0.081300 0.064700 0.064300 0.068100 0.061300 0.074600 0.077500 0.091700 0.067600 0.054500 0.067800 0.074500 0.095100 0.064400 0.051000 0.071200 0.050900 0.000000 0.054400 0.088200 0.071000 0.074100 0.081300 0.077800 0.068100 0.064800
Cattle 0.054700 0.187800 0.028500 0.326100 0.034800 0.048000 0.048000 0.031600 0.044800 0.057600 0.047900 0.022100 0.067800 0.038200 0.106000 0.038100 0.084900 0.054600 0.041400 0.041500 0.041300 0.044600 0.047900 0.061000 0.044600 0.041500 0.057900 0.041500 0.041200 0.038200 0.064700 0.031700 0.067400 0.067900 0.051000 0.006200 0.044700 0.038100 0.057800 0.095200 0.054400 0.044600 0.054300 0.054400 0.000000 0.051200 0.041300 0.044800 0.047900 0.047800 0.038200 0.035000
RoyalAntel 0.068100 0.172800 0.044800 0.330900 0.041300 0.068000 0.061200 0.051000 0.061500 0.077800 0.061300 0.054600 0.074700 0.051300 0.135000 0.044500 0.109500 0.081600 0.054600 0.058100 0.047700 0.057900 0.068000 0.081300 0.057900 0.048100 0.064600 0.058100 0.054400 0.054700 0.085200 0.051300 0.081000 0.071400 0.071100 0.051200 0.058000 0.038100 0.071200 0.105900 0.074600 0.051200 0.074400 0.088200 0.051200 0.000000 0.054400 0.064800 0.061200 0.054500 0.054800 0.051500
Steenbok 0.051400 0.179600 0.041500 0.310500 0.044500 0.051300 0.051200 0.034800 0.058100 0.051000 0.051200 0.038100 0.067800 0.041400 0.127500 0.028400 0.095200 0.071300 0.044600 0.054700 0.051000 0.047900 0.051200 0.071000 0.047900 0.044700 0.061200 0.048100 0.041200 0.051400 0.061400 0.041400 0.084300 0.071300 0.054300 0.041400 0.048000 0.047900 0.028400 0.102200 0.057700 0.047900 0.057600 0.071000 0.041300 0.054400 0.000000 0.048100 0.054500 0.057800 0.051400 0.048100
Impala 0.067700 0.184500 0.045000 0.339000 0.048000 0.067600 0.054900 0.044800 0.055000 0.070500 0.060800 0.048100 0.077900 0.045000 0.117000 0.044200 0.102300 0.071200 0.054000 0.051600 0.060800 0.050800 0.060900 0.067300 0.057400 0.054200 0.071200 0.051600 0.060800 0.048300 0.078000 0.044900 0.087600 0.081400 0.064100 0.044800 0.057500 0.051400 0.064800 0.105800 0.060700 0.057400 0.067200 0.074100 0.044800 0.064800 0.048100 0.000000 0.061000 0.060700 0.048300 0.045000
Klipspring 0.068100 0.183900 0.048100 0.335800 0.051100 0.067900 0.064400 0.054400 0.064800 0.057700 0.061200 0.051300 0.074600 0.054700 0.120300 0.044600 0.105800 0.071300 0.054600 0.061300 0.051100 0.057800 0.057900 0.074400 0.057900 0.048100 0.071300 0.061400 0.054400 0.058000 0.071500 0.054600 0.080900 0.081500 0.057700 0.041400 0.057900 0.054500 0.071300 0.112800 0.067800 0.051300 0.054300 0.081300 0.047900 0.061200 0.054500 0.061000 0.000000 0.061100 0.058000 0.054700
ForestMusk 0.058000 0.184000 0.048100 0.349600 0.044500 0.057900 0.064000 0.054400 0.064700 0.067600 0.051200 0.051200 0.071200 0.054700 0.131000 0.047900 0.102200 0.071300 0.044600 0.061300 0.057700 0.047900 0.044600 0.077800 0.047900 0.051300 0.061200 0.061300 0.057700 0.058000 0.074800 0.054600 0.077500 0.071300 0.054300 0.047900 0.048000 0.034900 0.074600 0.095300 0.064400 0.054500 0.064300 0.077800 0.047800 0.054500 0.057800 0.060700 0.061100 0.000000 0.058000 0.054700
Bushbuck 0.065000 0.177300 0.009400 0.332600 0.031700 0.064900 0.058200 0.044800 0.006200 0.067900 0.054800 0.044900 0.078400 0.048300 0.109800 0.048100 0.099300 0.071700 0.051500 0.003100 0.057900 0.048200 0.058200 0.068100 0.054800 0.051600 0.068300 0.003100 0.061300 0.006200 0.075200 0.048200 0.071100 0.075100 0.061300 0.038300 0.054800 0.035000 0.068200 0.095400 0.064700 0.054800 0.064600 0.068100 0.038200 0.054800 0.051400 0.048300 0.058000 0.058000 0.000000 0.003100
GreaterKud 0.061700 0.173500 0.006200 0.327800 0.028500 0.061500 0.054900 0.041500 0.009400 0.064600 0.051500 0.041600 0.075000 0.045000 0.106200 0.044800 0.095800 0.068300 0.048200 0.006200 0.054700 0.044900 0.054800 0.064700 0.051500 0.048300 0.064900 0.006200 0.058000 0.003100 0.071900 0.044900 0.067800 0.071700 0.058000 0.035000 0.051500 0.031800 0.064900 0.092000 0.061400 0.051500 0.061300 0.064800 0.035000 0.051500 0.048100 0.045000 0.054700 0.054700 0.003100 0.000000
