CODONML (in paml version 4.10.7, June 2023)  /home/rachel/ruminants_paml/6406-phy-tree/ENSBTAT00000049768.fasta.phy
Model: free dN/dS Ratios for branches,  kappa = 2.000 fixed

Codon frequency model: F3x4
ns =  54  ls =  83

Codon usage in sequences
--------------------------------------------------------------------------------------------------------------------------------------
Phe TTT   3   3   3   3   3   3 | Ser TCT   0   1   0   0   0   0 | Tyr TAT   0   0   0   0   0   0 | Cys TGT   2   2   1   1   2   2
    TTC   1   1   1   1   1   1 |     TCC   1   0   2   1   1   1 |     TAC   1   1   1   1   1   1 |     TGC   0   0   1   1   0   0
Leu TTA   1   1   1   1   1   1 |     TCA   1   1   0   0   1   1 | *** TAA   0   0   0   0   0   0 | *** TGA   0   0   0   0   0   0
    TTG   1   0   1   1   2   0 |     TCG   0   0   0   1   0   0 |     TAG   0   0   0   0   0   0 | Trp TGG   1   1   1   1   1   1
--------------------------------------------------------------------------------------------------------------------------------------
Leu CTT   2   3   2   1   2   2 | Pro CCT   0   0   0   0   0   0 | His CAT   0   0   0   0   0   0 | Arg CGT   0   0   0   0   0   0
    CTC   3   1   2   3   2   2 |     CCC   0   0   0   0   0   1 |     CAC   0   0   0   0   0   0 |     CGC   0   0   0   0   0   0
    CTA   0   2   1   1   1   2 |     CCA   0   0   0   0   0   0 | Gln CAA   0   0   0   0   2   0 |     CGA   3   3   3   3   1   1
    CTG   3   3   3   3   2   3 |     CCG   0   0   0   0   0   0 |     CAG   3   3   3   3   1   3 |     CGG   1   1   1   1   1   2
--------------------------------------------------------------------------------------------------------------------------------------
Ile ATT   2   1   3   1   1   1 | Thr ACT   2   2   1   2   2   2 | Asn AAT   4   3   3   4   3   3 | Ser AGT   1   1   1   1   2   1
    ATC   3   3   1   3   3   3 |     ACC   2   2   2   2   1   2 |     AAC   3   4   4   3   4   3 |     AGC   1   1   1   1   0   2
    ATA   0   1   1   1   1   1 |     ACA   3   3   3   3   3   1 | Lys AAA   2   2   2   2   2   2 | Arg AGA   1   1   1   1   3   2
Met ATG   2   2   2   2   2   2 |     ACG   0   0   1   0   0   1 |     AAG   2   2   2   2   2   2 |     AGG   0   0   0   0   0   0
--------------------------------------------------------------------------------------------------------------------------------------
Val GTT   0   0   0   0   0   0 | Ala GCT   1   1   1   1   1   1 | Asp GAT   2   2   2   2   2   2 | Gly GGT   0   0   0   0   0   0
    GTC   2   2   2   2   1   2 |     GCC   3   3   3   4   6   3 |     GAC   2   2   2   2   2   2 |     GGC   0   0   0   0   0   0
    GTA   2   1   1   1   2   1 |     GCA   2   2   2   1   0   1 | Glu GAA   6   7   6   5   6   7 |     GGA   0   0   0   0   0   0
    GTG   0   1   1   1   1   1 |     GCG   2   2   2   2   2   3 |     GAG   4   3   4   5   4   3 |     GGG   2   2   2   2   2   2
--------------------------------------------------------------------------------------------------------------------------------------

--------------------------------------------------------------------------------------------------------------------------------------
Phe TTT   3   3   3   3   3   3 | Ser TCT   0   0   0   0   0   0 | Tyr TAT   0   0   0   0   0   0 | Cys TGT   1   1   1   1   1   1
    TTC   1   1   1   1   1   1 |     TCC   1   1   1   1   2   1 |     TAC   1   1   1   1   1   1 |     TGC   1   1   1   1   1   1
Leu TTA   1   1   1   1   1   1 |     TCA   1   1   1   1   0   1 | *** TAA   0   0   0   0   0   0 | *** TGA   0   0   0   0   0   0
    TTG   1   1   1   1   1   1 |     TCG   0   0   0   0   0   0 |     TAG   0   0   0   0   0   0 | Trp TGG   1   1   1   1   1   1
--------------------------------------------------------------------------------------------------------------------------------------
Leu CTT   2   3   2   2   2   1 | Pro CCT   0   0   0   0   0   0 | His CAT   0   0   0   0   0   0 | Arg CGT   0   0   0   0   0   0
    CTC   2   2   2   2   2   3 |     CCC   0   0   0   0   0   0 |     CAC   0   0   0   0   0   0 |     CGC   0   0   0   0   0   0
    CTA   1   0   1   1   1   1 |     CCA   0   0   0   0   0   0 | Gln CAA   0   0   0   0   0   0 |     CGA   3   3   3   3   3   3
    CTG   3   3   3   3   3   3 |     CCG   0   0   0   0   0   0 |     CAG   3   3   3   3   3   3 |     CGG   1   1   1   1   1   1
--------------------------------------------------------------------------------------------------------------------------------------
Ile ATT   2   2   2   2   3   2 | Thr ACT   2   2   2   2   1   3 | Asn AAT   3   4   4   4   3   4 | Ser AGT   1   1   1   1   1   1
    ATC   2   3   2   2   1   2 |     ACC   2   2   2   2   2   1 |     AAC   4   3   3   3   4   3 |     AGC   1   1   1   1   1   1
    ATA   1   0   1   1   1   1 |     ACA   3   3   3   3   3   3 | Lys AAA   2   2   2   2   2   2 | Arg AGA   1   1   0   1   1   0
Met ATG   2   2   2   2   2   2 |     ACG   0   0   0   0   1   0 |     AAG   2   2   2   2   2   2 |     AGG   0   0   1   0   0   1
--------------------------------------------------------------------------------------------------------------------------------------
Val GTT   0   0   0   0   0   0 | Ala GCT   1   1   1   1   1   1 | Asp GAT   2   2   2   2   2   2 | Gly GGT   0   0   0   0   0   0
    GTC   2   2   2   2   2   2 |     GCC   3   3   3   3   3   3 |     GAC   2   2   2   2   2   2 |     GGC   0   0   0   0   0   0
    GTA   1   2   2   1   1   1 |     GCA   2   2   2   2   2   1 | Glu GAA   6   6   6   6   6   4 |     GGA   0   0   0   0   0   0
    GTG   1   0   0   1   1   1 |     GCG   2   2   2   2   2   3 |     GAG   4   4   4   4   4   6 |     GGG   2   2   2   2   2   2
--------------------------------------------------------------------------------------------------------------------------------------

--------------------------------------------------------------------------------------------------------------------------------------
Phe TTT   3   3   3   3   3   3 | Ser TCT   0   0   0   0   0   0 | Tyr TAT   0   0   0   0   0   0 | Cys TGT   1   1   1   1   1   1
    TTC   1   1   1   1   1   1 |     TCC   1   1   1   1   1   2 |     TAC   1   1   1   1   1   1 |     TGC   1   1   1   1   1   1
Leu TTA   1   1   1   1   1   1 |     TCA   1   1   1   1   1   0 | *** TAA   0   0   0   0   0   0 | *** TGA   0   0   0   0   0   0
    TTG   1   1   1   1   1   1 |     TCG   0   0   0   0   0   0 |     TAG   0   0   0   0   0   0 | Trp TGG   1   1   1   1   1   1
--------------------------------------------------------------------------------------------------------------------------------------
Leu CTT   2   2   2   2   2   2 | Pro CCT   0   0   0   0   0   0 | His CAT   0   0   0   0   0   0 | Arg CGT   0   0   0   0   0   0
    CTC   3   2   2   2   2   2 |     CCC   0   0   0   0   0   0 |     CAC   0   0   0   0   0   0 |     CGC   0   0   0   0   0   0
    CTA   0   1   1   1   1   1 |     CCA   0   0   0   0   0   0 | Gln CAA   0   0   0   0   0   0 |     CGA   3   3   3   3   3   3
    CTG   3   3   3   3   3   3 |     CCG   0   0   0   0   0   0 |     CAG   3   3   3   3   3   3 |     CGG   1   1   1   1   1   1
--------------------------------------------------------------------------------------------------------------------------------------
Ile ATT   2   1   2   2   2   2 | Thr ACT   2   2   2   2   2   3 | Asn AAT   4   2   4   4   4   4 | Ser AGT   1   1   0   1   1   1
    ATC   3   3   2   2   2   2 |     ACC   2   2   2   2   2   1 |     AAC   3   5   3   3   3   3 |     AGC   1   1   2   1   1   1
    ATA   0   1   1   1   1   1 |     ACA   3   3   3   3   3   3 | Lys AAA   2   2   2   2   2   2 | Arg AGA   0   1   1   1   1   1
Met ATG   2   2   2   2   2   2 |     ACG   0   0   0   0   0   0 |     AAG   2   2   2   2   2   2 |     AGG   1   0   0   0   0   0
--------------------------------------------------------------------------------------------------------------------------------------
Val GTT   0   0   0   0   0   0 | Ala GCT   1   1   1   1   1   1 | Asp GAT   2   2   2   2   2   2 | Gly GGT   0   0   0   0   0   0
    GTC   2   2   2   2   2   2 |     GCC   3   3   3   3   3   3 |     GAC   2   2   2   2   2   2 |     GGC   0   0   0   0   0   0
    GTA   2   1   1   2   1   1 |     GCA   2   2   2   2   2   2 | Glu GAA   6   6   6   6   6   6 |     GGA   0   0   0   0   0   0
    GTG   0   1   1   0   1   1 |     GCG   2   2   2   2   2   2 |     GAG   4   4   4   4   4   4 |     GGG   2   2   2   2   2   2
--------------------------------------------------------------------------------------------------------------------------------------

--------------------------------------------------------------------------------------------------------------------------------------
Phe TTT   2   2   3   3   3   3 | Ser TCT   0   0   0   0   0   0 | Tyr TAT   0   0   0   0   0   0 | Cys TGT   0   0   1   1   1   1
    TTC   2   2   1   1   1   1 |     TCC   1   1   1   2   1   1 |     TAC   1   1   1   1   1   1 |     TGC   2   2   1   1   1   1
Leu TTA   2   2   1   1   1   1 |     TCA   1   1   1   0   1   1 | *** TAA   0   0   0   0   0   0 | *** TGA   0   0   0   0   0   0
    TTG   0   0   1   1   1   1 |     TCG   0   0   0   0   0   0 |     TAG   0   0   0   0   0   0 | Trp TGG   1   1   1   1   1   1
--------------------------------------------------------------------------------------------------------------------------------------
Leu CTT   3   4   2   2   2   2 | Pro CCT   0   0   0   0   0   0 | His CAT   0   0   0   0   0   0 | Arg CGT   0   0   0   0   0   0
    CTC   1   1   2   2   2   3 |     CCC   0   0   0   0   0   0 |     CAC   0   0   0   0   0   0 |     CGC   0   0   0   0   0   0
    CTA   1   0   1   1   1   0 |     CCA   0   0   0   0   0   0 | Gln CAA   0   0   0   0   0   0 |     CGA   3   3   3   3   3   3
    CTG   3   3   3   3   3   3 |     CCG   0   0   0   0   0   0 |     CAG   3   3   3   3   3   3 |     CGG   1   1   1   1   1   1
--------------------------------------------------------------------------------------------------------------------------------------
Ile ATT   2   2   2   3   2   2 | Thr ACT   2   2   2   1   3   2 | Asn AAT   3   4   4   3   4   4 | Ser AGT   1   1   1   1   1   1
    ATC   2   2   2   1   2   2 |     ACC   2   2   2   2   1   2 |     AAC   4   3   3   4   3   3 |     AGC   1   1   1   1   1   1
    ATA   1   1   1   1   1   1 |     ACA   3   3   3   3   3   3 | Lys AAA   1   1   2   2   2   2 | Arg AGA   1   1   1   1   1   1
Met ATG   2   2   2   2   2   2 |     ACG   0   0   0   1   0   0 |     AAG   3   3   2   2   2   2 |     AGG   0   0   0   0   0   0
--------------------------------------------------------------------------------------------------------------------------------------
Val GTT   0   0   0   0   0   0 | Ala GCT   1   1   1   1   1   1 | Asp GAT   2   2   2   2   2   2 | Gly GGT   0   0   0   0   0   0
    GTC   2   2   2   2   2   2 |     GCC   3   3   3   3   3   3 |     GAC   2   2   2   2   2   2 |     GGC   0   0   0   0   0   0
    GTA   1   1   2   1   1   2 |     GCA   2   2   2   2   2   2 | Glu GAA   6   6   6   6   6   5 |     GGA   0   0   0   0   0   0
    GTG   1   1   0   1   1   0 |     GCG   2   2   2   2   2   2 |     GAG   4   4   4   4   4   5 |     GGG   2   2   2   2   2   2
--------------------------------------------------------------------------------------------------------------------------------------

--------------------------------------------------------------------------------------------------------------------------------------
Phe TTT   3   3   3   3   3   3 | Ser TCT   0   0   0   0   0   0 | Tyr TAT   0   0   0   0   0   0 | Cys TGT   1   2   2   1   1   1
    TTC   1   1   1   1   1   1 |     TCC   1   1   1   1   1   2 |     TAC   1   1   1   1   1   1 |     TGC   1   0   0   1   1   1
Leu TTA   1   1   1   1   1   1 |     TCA   1   1   1   1   1   0 | *** TAA   0   0   0   0   0   0 | *** TGA   0   0   0   0   0   0
    TTG   1   1   1   1   1   1 |     TCG   0   0   0   0   0   0 |     TAG   0   0   0   0   0   0 | Trp TGG   1   1   1   1   1   1
--------------------------------------------------------------------------------------------------------------------------------------
Leu CTT   1   1   2   2   2   2 | Pro CCT   0   0   0   0   0   0 | His CAT   0   0   0   0   0   0 | Arg CGT   0   0   0   0   0   0
    CTC   3   3   3   2   2   2 |     CCC   0   0   0   0   0   0 |     CAC   0   0   0   0   0   0 |     CGC   0   0   0   0   0   0
    CTA   1   1   0   1   1   1 |     CCA   0   0   0   0   0   0 | Gln CAA   0   0   0   0   0   0 |     CGA   3   3   3   3   3   3
    CTG   3   3   3   3   3   3 |     CCG   0   0   0   0   0   0 |     CAG   3   3   3   3   3   3 |     CGG   1   1   1   1   1   1
--------------------------------------------------------------------------------------------------------------------------------------
Ile ATT   2   2   2   1   2   3 | Thr ACT   3   3   2   3   2   1 | Asn AAT   4   3   4   4   4   3 | Ser AGT   1   1   1   1   0   1
    ATC   2   2   3   3   2   1 |     ACC   1   1   2   1   2   2 |     AAC   3   4   3   3   3   4 |     AGC   1   1   1   1   2   1
    ATA   1   1   0   1   1   1 |     ACA   3   3   3   3   3   3 | Lys AAA   2   2   2   2   2   2 | Arg AGA   0   0   0   1   1   1
Met ATG   2   2   2   2   2   2 |     ACG   0   0   0   0   0   1 |     AAG   2   2   2   2   2   2 |     AGG   1   1   1   0   0   0
--------------------------------------------------------------------------------------------------------------------------------------
Val GTT   0   0   0   0   0   0 | Ala GCT   1   1   1   1   1   1 | Asp GAT   2   2   2   2   2   2 | Gly GGT   0   0   0   0   0   0
    GTC   2   2   2   2   2   2 |     GCC   3   3   3   3   3   3 |     GAC   2   2   2   2   2   2 |     GGC   0   0   0   0   0   0
    GTA   1   1   2   1   1   1 |     GCA   1   2   2   2   2   2 | Glu GAA   4   4   6   6   6   6 |     GGA   0   0   0   0   0   0
    GTG   1   1   0   1   1   1 |     GCG   3   2   2   2   2   2 |     GAG   6   6   4   4   4   4 |     GGG   2   2   2   2   2   2
--------------------------------------------------------------------------------------------------------------------------------------

--------------------------------------------------------------------------------------------------------------------------------------
Phe TTT   3   3   3   3   3   3 | Ser TCT   0   0   0   0   0   0 | Tyr TAT   0   0   0   0   0   0 | Cys TGT   0   1   1   2   1   1
    TTC   1   1   1   1   1   1 |     TCC   1   2   1   1   1   1 |     TAC   1   1   1   1   1   1 |     TGC   2   1   1   0   1   1
Leu TTA   1   1   1   1   2   1 |     TCA   1   0   1   1   1   1 | *** TAA   0   0   0   0   0   0 | *** TGA   0   0   0   0   0   0
    TTG   1   1   1   1   0   1 |     TCG   0   0   0   0   0   0 |     TAG   0   0   0   0   0   0 | Trp TGG   1   1   1   1   1   1
--------------------------------------------------------------------------------------------------------------------------------------
Leu CTT   2   2   1   3   2   2 | Pro CCT   0   0   0   0   0   0 | His CAT   0   0   0   0   0   0 | Arg CGT   0   0   0   0   0   0
    CTC   2   2   3   1   2   2 |     CCC   0   0   0   0   0   0 |     CAC   0   0   0   0   0   0 |     CGC   0   0   0   0   0   0
    CTA   1   1   1   1   1   1 |     CCA   0   0   0   0   0   0 | Gln CAA   0   0   0   0   0   0 |     CGA   2   3   3   3   3   3
    CTG   3   3   3   3   3   3 |     CCG   0   0   0   0   0   0 |     CAG   3   3   3   3   3   3 |     CGG   2   1   1   1   1   1
--------------------------------------------------------------------------------------------------------------------------------------
Ile ATT   2   3   2   2   1   2 | Thr ACT   3   1   3   2   2   2 | Asn AAT   4   3   3   4   2   4 | Ser AGT   1   1   1   1   1   0
    ATC   2   1   2   2   3   2 |     ACC   1   2   1   2   2   2 |     AAC   3   4   4   3   5   3 |     AGC   1   1   1   1   1   2
    ATA   1   1   1   1   1   1 |     ACA   3   3   3   3   3   3 | Lys AAA   2   2   2   2   1   2 | Arg AGA   1   1   0   1   1   1
Met ATG   2   2   2   2   2   2 |     ACG   0   1   0   0   0   0 |     AAG   2   2   2   2   3   2 |     AGG   0   0   1   0   0   0
--------------------------------------------------------------------------------------------------------------------------------------
Val GTT   0   0   0   0   0   0 | Ala GCT   1   1   1   1   1   1 | Asp GAT   2   2   2   2   2   2 | Gly GGT   0   0   0   0   0   0
    GTC   2   2   2   2   2   2 |     GCC   3   3   3   3   3   3 |     GAC   2   2   2   2   2   2 |     GGC   0   0   0   0   0   0
    GTA   1   1   1   2   1   1 |     GCA   2   2   1   2   1   2 | Glu GAA   6   6   4   6   6   6 |     GGA   0   0   0   0   0   0
    GTG   1   1   1   0   1   1 |     GCG   2   2   3   2   3   2 |     GAG   4   4   6   4   4   4 |     GGG   2   2   2   2   2   2
--------------------------------------------------------------------------------------------------------------------------------------

--------------------------------------------------------------------------------------------------------------------------------------
Phe TTT   3   3   3   3   3   3 | Ser TCT   0   0   0   0   0   0 | Tyr TAT   0   0   0   0   0   0 | Cys TGT   1   1   1   1   1   1
    TTC   1   1   1   1   1   1 |     TCC   1   1   1   1   1   1 |     TAC   1   1   1   1   1   1 |     TGC   1   1   1   1   1   1
Leu TTA   1   1   1   1   1   1 |     TCA   1   1   1   1   1   1 | *** TAA   0   0   0   0   0   0 | *** TGA   0   0   0   0   0   0
    TTG   1   1   1   1   1   1 |     TCG   0   0   0   0   0   0 |     TAG   0   0   0   0   0   0 | Trp TGG   1   1   1   1   1   1
--------------------------------------------------------------------------------------------------------------------------------------
Leu CTT   2   2   2   2   2   1 | Pro CCT   0   0   0   0   0   0 | His CAT   0   0   0   0   0   0 | Arg CGT   0   0   0   0   0   0
    CTC   2   2   3   2   2   3 |     CCC   0   0   0   0   0   0 |     CAC   0   0   0   0   0   0 |     CGC   0   0   0   0   0   0
    CTA   1   1   0   1   1   1 |     CCA   0   0   0   0   0   0 | Gln CAA   1   0   0   0   0   0 |     CGA   3   3   3   3   3   3
    CTG   3   3   3   3   3   3 |     CCG   0   0   0   0   0   0 |     CAG   2   3   3   3   3   3 |     CGG   1   1   1   1   1   1
--------------------------------------------------------------------------------------------------------------------------------------
Ile ATT   2   1   2   2   2   2 | Thr ACT   2   2   2   2   2   3 | Asn AAT   4   3   4   4   4   4 | Ser AGT   0   1   1   1   1   1
    ATC   2   3   2   2   2   2 |     ACC   2   2   2   2   2   1 |     AAC   3   4   3   3   3   3 |     AGC   2   1   1   1   1   1
    ATA   1   1   1   1   1   1 |     ACA   3   2   3   3   3   3 | Lys AAA   2   2   2   2   2   2 | Arg AGA   1   1   1   1   1   0
Met ATG   2   2   2   2   2   2 |     ACG   0   1   0   0   0   0 |     AAG   2   2   2   2   2   2 |     AGG   0   0   0   0   0   1
--------------------------------------------------------------------------------------------------------------------------------------
Val GTT   0   0   0   0   0   0 | Ala GCT   1   1   1   1   1   1 | Asp GAT   2   2   2   2   2   2 | Gly GGT   0   0   0   0   0   0
    GTC   2   2   2   2   2   2 |     GCC   3   3   3   3   3   3 |     GAC   2   2   2   2   2   2 |     GGC   0   0   0   0   0   0
    GTA   1   1   2   1   1   1 |     GCA   2   2   2   2   2   1 | Glu GAA   6   6   6   6   6   5 |     GGA   0   0   0   0   0   0
    GTG   1   1   0   1   1   1 |     GCG   2   2   2   2   2   3 |     GAG   4   4   4   4   4   5 |     GGG   2   2   2   2   2   2
--------------------------------------------------------------------------------------------------------------------------------------

--------------------------------------------------------------------------------------------------------------------------------------
Phe TTT   3   3   3   3   3   4 | Ser TCT   0   0   0   0   0   0 | Tyr TAT   0   0   0   0   0   0 | Cys TGT   1   1   1   1   1   2
    TTC   1   1   1   1   1   0 |     TCC   1   1   1   1   1   1 |     TAC   1   1   1   1   1   1 |     TGC   1   1   1   1   1   0
Leu TTA   1   1   1   1   1   1 |     TCA   1   1   1   1   1   1 | *** TAA   0   0   0   0   0   0 | *** TGA   0   0   0   0   0   0
    TTG   1   1   1   1   1   1 |     TCG   0   0   0   0   0   0 |     TAG   0   0   0   0   0   0 | Trp TGG   1   1   1   1   1   1
--------------------------------------------------------------------------------------------------------------------------------------
Leu CTT   1   2   1   1   2   1 | Pro CCT   0   0   0   0   0   0 | His CAT   0   0   0   0   0   0 | Arg CGT   0   0   0   0   0   0
    CTC   3   2   3   3   2   3 |     CCC   0   0   0   0   0   0 |     CAC   0   0   0   0   0   0 |     CGC   0   0   0   0   0   0
    CTA   1   1   1   1   1   1 |     CCA   0   0   0   0   0   0 | Gln CAA   0   0   0   0   0   0 |     CGA   3   3   3   3   3   3
    CTG   3   3   3   3   3   3 |     CCG   0   0   0   0   0   0 |     CAG   3   3   3   3   3   3 |     CGG   1   1   1   1   1   1
--------------------------------------------------------------------------------------------------------------------------------------
Ile ATT   2   2   2   2   1   2 | Thr ACT   3   3   3   3   2   2 | Asn AAT   3   4   3   3   3   4 | Ser AGT   1   1   1   1   1   1
    ATC   2   2   2   2   3   2 |     ACC   1   1   1   1   2   2 |     AAC   4   3   4   4   4   3 |     AGC   1   1   1   1   1   1
    ATA   1   1   1   1   1   1 |     ACA   3   3   3   3   2   3 | Lys AAA   2   2   2   2   2   2 | Arg AGA   0   1   0   0   1   1
Met ATG   2   2   2   2   2   2 |     ACG   0   0   0   0   1   0 |     AAG   2   2   2   2   2   2 |     AGG   1   0   1   1   0   0
--------------------------------------------------------------------------------------------------------------------------------------
Val GTT   0   0   0   0   0   0 | Ala GCT   1   1   1   1   1   1 | Asp GAT   2   2   2   2   2   2 | Gly GGT   0   0   0   0   0   0
    GTC   2   2   2   2   2   2 |     GCC   3   3   3   3   3   3 |     GAC   2   2   2   2   2   2 |     GGC   0   0   0   0   0   0
    GTA   1   1   1   1   1   1 |     GCA   1   2   1   2   2   2 | Glu GAA   4   6   4   4   6   6 |     GGA   0   0   0   0   0   0
    GTG   1   1   1   1   1   1 |     GCG   3   2   3   2   2   2 |     GAG   6   4   6   6   4   4 |     GGG   2   2   2   2   2   2
--------------------------------------------------------------------------------------------------------------------------------------

--------------------------------------------------------------------------------------------------------------------------------------
Phe TTT   3   3   3   3   3   3 | Ser TCT   0   1   0   0   0   1 | Tyr TAT   0   0   0   0   0   0 | Cys TGT   1   1   1   1   1   1
    TTC   1   1   1   1   1   1 |     TCC   1   0   1   1   2   1 |     TAC   1   1   1   1   1   1 |     TGC   1   1   1   1   1   1
Leu TTA   1   1   1   1   1   1 |     TCA   1   1   1   0   0   0 | *** TAA   0   0   0   0   0   0 | *** TGA   0   0   0   0   0   0
    TTG   1   1   1   1   1   1 |     TCG   0   0   0   1   0   0 |     TAG   0   0   0   0   0   0 | Trp TGG   1   1   1   1   1   1
--------------------------------------------------------------------------------------------------------------------------------------
Leu CTT   2   2   1   1   2   2 | Pro CCT   0   0   0   0   0   0 | His CAT   0   0   0   0   0   0 | Arg CGT   0   0   0   0   0   0
    CTC   2   2   3   3   2   2 |     CCC   0   0   0   0   0   0 |     CAC   0   0   0   0   0   0 |     CGC   0   0   0   0   0   0
    CTA   1   1   1   1   1   1 |     CCA   0   0   0   0   0   0 | Gln CAA   0   0   0   0   0   0 |     CGA   3   3   3   3   3   3
    CTG   3   3   3   3   3   3 |     CCG   0   0   0   0   0   0 |     CAG   3   3   3   3   3   3 |     CGG   1   1   1   1   1   1
--------------------------------------------------------------------------------------------------------------------------------------
Ile ATT   2   2   2   1   3   3 | Thr ACT   3   2   3   2   1   1 | Asn AAT   4   4   4   4   3   3 | Ser AGT   1   1   1   1   1   1
    ATC   2   2   2   3   1   1 |     ACC   1   1   1   2   2   2 |     AAC   3   3   3   3   4   4 |     AGC   1   1   1   1   1   1
    ATA   1   1   1   1   1   1 |     ACA   3   3   3   3   3   3 | Lys AAA   2   2   2   2   2   2 | Arg AGA   1   1   1   1   1   1
Met ATG   2   2   2   2   2   2 |     ACG   0   1   0   0   1   1 |     AAG   2   2   2   2   2   2 |     AGG   0   0   0   0   0   0
--------------------------------------------------------------------------------------------------------------------------------------
Val GTT   0   1   0   0   0   0 | Ala GCT   1   1   1   1   1   1 | Asp GAT   2   2   2   2   2   2 | Gly GGT   0   0   0   0   0   0
    GTC   2   1   2   2   2   2 |     GCC   3   3   3   4   3   3 |     GAC   2   2   2   2   2   2 |     GGC   0   0   0   0   0   0
    GTA   1   1   1   1   1   1 |     GCA   2   2   2   1   2   2 | Glu GAA   6   6   6   5   6   6 |     GGA   0   0   0   0   0   0
    GTG   1   1   1   1   1   1 |     GCG   2   2   2   2   2   2 |     GAG   4   4   4   5   4   4 |     GGG   2   2   2   2   2   2
--------------------------------------------------------------------------------------------------------------------------------------

Codon position x base (3x4) table for each sequence.

#1: Argali         
position  1:    T:0.14458    C:0.18072    A:0.33735    G:0.33735
position  2:    T:0.30120    C:0.20482    A:0.34940    G:0.14458
position  3:    T:0.22892    C:0.26506    A:0.25301    G:0.25301
Average         T:0.22490    C:0.21687    A:0.31325    G:0.24498

#2: LesserMouseDeer
position  1:    T:0.13253    C:0.19277    A:0.33735    G:0.33735
position  2:    T:0.30120    C:0.20482    A:0.34940    G:0.14458
position  3:    T:0.22892    C:0.24096    A:0.28916    G:0.24096
Average         T:0.22088    C:0.21285    A:0.32530    G:0.24096

#3: LesserKudu     
position  1:    T:0.14458    C:0.18072    A:0.33735    G:0.33735
position  2:    T:0.30120    C:0.20482    A:0.34940    G:0.14458
position  3:    T:0.20482    C:0.26506    A:0.25301    G:0.27711
Average         T:0.21687    C:0.21687    A:0.31325    G:0.25301

#4: ForestMuskDeer2
position  1:    T:0.14458    C:0.18072    A:0.33735    G:0.33735
position  2:    T:0.30120    C:0.20482    A:0.34940    G:0.14458
position  3:    T:0.19277    C:0.28916    A:0.22892    G:0.28916
Average         T:0.21285    C:0.22490    A:0.30522    G:0.25703

#5: Camel          
position  1:    T:0.15663    C:0.14458    A:0.34940    G:0.34940
position  2:    T:0.30120    C:0.20482    A:0.34940    G:0.14458
position  3:    T:0.21687    C:0.26506    A:0.27711    G:0.24096
Average         T:0.22490    C:0.20482    A:0.32530    G:0.24498

#6: KillerWhale    
position  1:    T:0.13253    C:0.19277    A:0.33735    G:0.33735
position  2:    T:0.30120    C:0.20482    A:0.33735    G:0.15663
position  3:    T:0.20482    C:0.27711    A:0.24096    G:0.27711
Average         T:0.21285    C:0.22490    A:0.30522    G:0.25703

#7: DefassaWaterbuck
position  1:    T:0.14458    C:0.18072    A:0.33735    G:0.33735
position  2:    T:0.30120    C:0.20482    A:0.34940    G:0.14458
position  3:    T:0.20482    C:0.26506    A:0.26506    G:0.26506
Average         T:0.21687    C:0.21687    A:0.31727    G:0.24900

#8: Sheep          
position  1:    T:0.14458    C:0.18072    A:0.33735    G:0.33735
position  2:    T:0.30120    C:0.20482    A:0.34940    G:0.14458
position  3:    T:0.22892    C:0.26506    A:0.25301    G:0.25301
Average         T:0.22490    C:0.21687    A:0.31325    G:0.24498

#9: MaxwellsDuiker 
position  1:    T:0.14458    C:0.18072    A:0.33735    G:0.33735
position  2:    T:0.30120    C:0.20482    A:0.34940    G:0.14458
position  3:    T:0.21687    C:0.25301    A:0.26506    G:0.26506
Average         T:0.22088    C:0.21285    A:0.31727    G:0.24900

#10: GazellaPrzewalskyi
position  1:    T:0.14458    C:0.18072    A:0.33735    G:0.33735
position  2:    T:0.30120    C:0.20482    A:0.34940    G:0.14458
position  3:    T:0.21687    C:0.25301    A:0.26506    G:0.26506
Average         T:0.22088    C:0.21285    A:0.31727    G:0.24900

#11: MountainNyala  
position  1:    T:0.14458    C:0.18072    A:0.33735    G:0.33735
position  2:    T:0.30120    C:0.20482    A:0.34940    G:0.14458
position  3:    T:0.20482    C:0.26506    A:0.25301    G:0.27711
Average         T:0.21687    C:0.21687    A:0.31325    G:0.25301

#12: MuntiacusMuntjak
position  1:    T:0.14458    C:0.18072    A:0.33735    G:0.33735
position  2:    T:0.30120    C:0.20482    A:0.34940    G:0.14458
position  3:    T:0.21687    C:0.25301    A:0.21687    G:0.31325
Average         T:0.22088    C:0.21285    A:0.30120    G:0.26506

#13: goat           
position  1:    T:0.14458    C:0.18072    A:0.33735    G:0.33735
position  2:    T:0.30120    C:0.20482    A:0.34940    G:0.14458
position  3:    T:0.21687    C:0.27711    A:0.24096    G:0.26506
Average         T:0.22088    C:0.22088    A:0.30924    G:0.24900

#14: AfricanBuffalo 
position  1:    T:0.14458    C:0.18072    A:0.33735    G:0.33735
position  2:    T:0.30120    C:0.20482    A:0.34940    G:0.14458
position  3:    T:0.18072    C:0.28916    A:0.26506    G:0.26506
Average         T:0.20884    C:0.22490    A:0.31727    G:0.24900

#15: Topi           
position  1:    T:0.14458    C:0.18072    A:0.33735    G:0.33735
position  2:    T:0.30120    C:0.20482    A:0.34940    G:0.14458
position  3:    T:0.20482    C:0.26506    A:0.26506    G:0.26506
Average         T:0.21687    C:0.21687    A:0.31727    G:0.24900

#16: CommonDuiker   
position  1:    T:0.14458    C:0.18072    A:0.33735    G:0.33735
position  2:    T:0.30120    C:0.20482    A:0.34940    G:0.14458
position  3:    T:0.21687    C:0.25301    A:0.27711    G:0.25301
Average         T:0.22088    C:0.21285    A:0.32129    G:0.24498

#17: Suni           
position  1:    T:0.14458    C:0.18072    A:0.33735    G:0.33735
position  2:    T:0.30120    C:0.20482    A:0.34940    G:0.14458
position  3:    T:0.21687    C:0.25301    A:0.26506    G:0.26506
Average         T:0.22088    C:0.21285    A:0.31727    G:0.24900

#18: Springbuck     
position  1:    T:0.14458    C:0.18072    A:0.33735    G:0.33735
position  2:    T:0.30120    C:0.20482    A:0.34940    G:0.14458
position  3:    T:0.22892    C:0.25301    A:0.25301    G:0.26506
Average         T:0.22490    C:0.21285    A:0.31325    G:0.24900

#19: Okapi          
position  1:    T:0.14458    C:0.18072    A:0.33735    G:0.33735
position  2:    T:0.30120    C:0.20482    A:0.34940    G:0.14458
position  3:    T:0.19277    C:0.27711    A:0.26506    G:0.26506
Average         T:0.21285    C:0.22088    A:0.31727    G:0.24900

#20: Giraffe        
position  1:    T:0.14458    C:0.18072    A:0.33735    G:0.33735
position  2:    T:0.30120    C:0.20482    A:0.34940    G:0.14458
position  3:    T:0.21687    C:0.26506    A:0.25301    G:0.26506
Average         T:0.22088    C:0.21687    A:0.31325    G:0.24900

#21: TibetanAntelope
position  1:    T:0.14458    C:0.18072    A:0.33735    G:0.33735
position  2:    T:0.30120    C:0.20482    A:0.34940    G:0.14458
position  3:    T:0.21687    C:0.25301    A:0.27711    G:0.25301
Average         T:0.22088    C:0.21285    A:0.32129    G:0.24498

#22: Sitatunga      
position  1:    T:0.14458    C:0.18072    A:0.33735    G:0.33735
position  2:    T:0.30120    C:0.20482    A:0.34940    G:0.14458
position  3:    T:0.20482    C:0.26506    A:0.25301    G:0.27711
Average         T:0.21687    C:0.21687    A:0.31325    G:0.25301

#23: Oribi          
position  1:    T:0.14458    C:0.18072    A:0.33735    G:0.33735
position  2:    T:0.30120    C:0.20482    A:0.34940    G:0.14458
position  3:    T:0.22892    C:0.24096    A:0.26506    G:0.26506
Average         T:0.22490    C:0.20884    A:0.31727    G:0.24900

#24: BarbarySheep   
position  1:    T:0.14458    C:0.18072    A:0.33735    G:0.33735
position  2:    T:0.30120    C:0.20482    A:0.34940    G:0.14458
position  3:    T:0.21687    C:0.26506    A:0.25301    G:0.26506
Average         T:0.22088    C:0.21687    A:0.31325    G:0.24900

#25: Daviddeer      
position  1:    T:0.14458    C:0.18072    A:0.33735    G:0.33735
position  2:    T:0.30120    C:0.20482    A:0.34940    G:0.14458
position  3:    T:0.21687    C:0.25301    A:0.21687    G:0.31325
Average         T:0.22088    C:0.21285    A:0.30120    G:0.26506

#26: Reindeer       
position  1:    T:0.14458    C:0.18072    A:0.33735    G:0.33735
position  2:    T:0.30120    C:0.20482    A:0.34940    G:0.14458
position  3:    T:0.21687    C:0.25301    A:0.22892    G:0.30120
Average         T:0.22088    C:0.21285    A:0.30522    G:0.26104

#27: Ibex           
position  1:    T:0.14458    C:0.18072    A:0.33735    G:0.33735
position  2:    T:0.30120    C:0.20482    A:0.34940    G:0.14458
position  3:    T:0.22892    C:0.26506    A:0.24096    G:0.26506
Average         T:0.22490    C:0.21687    A:0.30924    G:0.24900

#28: GyrantGazelle  
position  1:    T:0.14458    C:0.18072    A:0.33735    G:0.33735
position  2:    T:0.30120    C:0.20482    A:0.34940    G:0.14458
position  3:    T:0.21687    C:0.25301    A:0.26506    G:0.26506
Average         T:0.22088    C:0.21285    A:0.31727    G:0.24900

#29: Hartebeest     
position  1:    T:0.14458    C:0.18072    A:0.33735    G:0.33735
position  2:    T:0.30120    C:0.20482    A:0.34940    G:0.14458
position  3:    T:0.20482    C:0.26506    A:0.26506    G:0.26506
Average         T:0.21687    C:0.21687    A:0.31727    G:0.24900

#30: Bongo          
position  1:    T:0.14458    C:0.18072    A:0.33735    G:0.33735
position  2:    T:0.30120    C:0.20482    A:0.34940    G:0.14458
position  3:    T:0.20482    C:0.26506    A:0.25301    G:0.27711
Average         T:0.21687    C:0.21687    A:0.31325    G:0.25301

#31: Gerenuk        
position  1:    T:0.14458    C:0.18072    A:0.33735    G:0.33735
position  2:    T:0.30120    C:0.20482    A:0.34940    G:0.14458
position  3:    T:0.21687    C:0.25301    A:0.25301    G:0.27711
Average         T:0.22088    C:0.21285    A:0.31325    G:0.25301

#32: CommonEland    
position  1:    T:0.14458    C:0.18072    A:0.33735    G:0.33735
position  2:    T:0.30120    C:0.20482    A:0.34940    G:0.14458
position  3:    T:0.20482    C:0.26506    A:0.25301    G:0.27711
Average         T:0.21687    C:0.21687    A:0.31325    G:0.25301

#33: MuntiacusReevesi
position  1:    T:0.14458    C:0.18072    A:0.33735    G:0.33735
position  2:    T:0.30120    C:0.20482    A:0.34940    G:0.14458
position  3:    T:0.20482    C:0.26506    A:0.21687    G:0.31325
Average         T:0.21687    C:0.21687    A:0.30120    G:0.26506

#34: HarveysDuiker  
position  1:    T:0.14458    C:0.18072    A:0.33735    G:0.33735
position  2:    T:0.30120    C:0.20482    A:0.34940    G:0.14458
position  3:    T:0.24096    C:0.22892    A:0.27711    G:0.25301
Average         T:0.22892    C:0.20482    A:0.32129    G:0.24498

#35: Pronghorn      
position  1:    T:0.14458    C:0.18072    A:0.33735    G:0.33735
position  2:    T:0.30120    C:0.20482    A:0.34940    G:0.14458
position  3:    T:0.18072    C:0.28916    A:0.25301    G:0.27711
Average         T:0.20884    C:0.22490    A:0.31325    G:0.25301

#36: BlueWildebeest 
position  1:    T:0.14458    C:0.18072    A:0.33735    G:0.33735
position  2:    T:0.30120    C:0.20482    A:0.34940    G:0.14458
position  3:    T:0.20482    C:0.26506    A:0.26506    G:0.26506
Average         T:0.21687    C:0.21687    A:0.31727    G:0.24900

#37: Gemsbok        
position  1:    T:0.14458    C:0.18072    A:0.33735    G:0.33735
position  2:    T:0.30120    C:0.20482    A:0.34940    G:0.14458
position  3:    T:0.20482    C:0.26506    A:0.27711    G:0.25301
Average         T:0.21687    C:0.21687    A:0.32129    G:0.24498

#38: Yak            
position  1:    T:0.14458    C:0.18072    A:0.33735    G:0.33735
position  2:    T:0.30120    C:0.20482    A:0.34940    G:0.14458
position  3:    T:0.19277    C:0.27711    A:0.25301    G:0.27711
Average         T:0.21285    C:0.22088    A:0.31325    G:0.25301

#39: BlueSheep      
position  1:    T:0.14458    C:0.18072    A:0.33735    G:0.33735
position  2:    T:0.30120    C:0.20482    A:0.34940    G:0.14458
position  3:    T:0.21687    C:0.26506    A:0.26506    G:0.25301
Average         T:0.22088    C:0.21687    A:0.31727    G:0.24498

#40: BohorReedbuck  
position  1:    T:0.14458    C:0.18072    A:0.33735    G:0.33735
position  2:    T:0.30120    C:0.20482    A:0.34940    G:0.14458
position  3:    T:0.21687    C:0.25301    A:0.26506    G:0.26506
Average         T:0.22088    C:0.21285    A:0.31727    G:0.24900

#41: KirksDik       
position  1:    T:0.14458    C:0.18072    A:0.33735    G:0.33735
position  2:    T:0.30120    C:0.20482    A:0.34940    G:0.14458
position  3:    T:0.21687    C:0.25301    A:0.26506    G:0.26506
Average         T:0.22088    C:0.21285    A:0.31727    G:0.24900

#42: RoeDeer        
position  1:    T:0.14458    C:0.18072    A:0.33735    G:0.33735
position  2:    T:0.30120    C:0.20482    A:0.34940    G:0.14458
position  3:    T:0.21687    C:0.25301    A:0.22892    G:0.30120
Average         T:0.22088    C:0.21285    A:0.30522    G:0.26104

#43: WhiteLippedDeer
position  1:    T:0.14458    C:0.18072    A:0.33735    G:0.33735
position  2:    T:0.30120    C:0.20482    A:0.34940    G:0.14458
position  3:    T:0.20482    C:0.26506    A:0.21687    G:0.31325
Average         T:0.21687    C:0.21687    A:0.30120    G:0.26506

#44: ThomsonGazelle 
position  1:    T:0.14458    C:0.18072    A:0.33735    G:0.33735
position  2:    T:0.30120    C:0.20482    A:0.34940    G:0.14458
position  3:    T:0.22892    C:0.24096    A:0.26506    G:0.26506
Average         T:0.22490    C:0.20884    A:0.31727    G:0.24900

#45: MuntiacusCrinifrons
position  1:    T:0.14458    C:0.18072    A:0.33735    G:0.33735
position  2:    T:0.30120    C:0.20482    A:0.34940    G:0.14458
position  3:    T:0.20482    C:0.26506    A:0.21687    G:0.31325
Average         T:0.21687    C:0.21687    A:0.30120    G:0.26506

#46: WhiteTailedDeer
position  1:    T:0.14458    C:0.18072    A:0.33735    G:0.33735
position  2:    T:0.30120    C:0.20482    A:0.34940    G:0.14458
position  3:    T:0.20482    C:0.26506    A:0.22892    G:0.30120
Average         T:0.21687    C:0.21687    A:0.30522    G:0.26104

#47: Cattle         
position  1:    T:0.14458    C:0.18072    A:0.33735    G:0.33735
position  2:    T:0.30120    C:0.20482    A:0.34940    G:0.14458
position  3:    T:0.19277    C:0.27711    A:0.25301    G:0.27711
Average         T:0.21285    C:0.22088    A:0.31325    G:0.25301

#48: RoyalAntelope  
position  1:    T:0.14458    C:0.18072    A:0.33735    G:0.33735
position  2:    T:0.30120    C:0.20482    A:0.34940    G:0.14458
position  3:    T:0.22892    C:0.24096    A:0.26506    G:0.26506
Average         T:0.22490    C:0.20884    A:0.31727    G:0.24900

#49: Steenbok       
position  1:    T:0.14458    C:0.18072    A:0.33735    G:0.33735
position  2:    T:0.30120    C:0.20482    A:0.34940    G:0.14458
position  3:    T:0.22892    C:0.24096    A:0.26506    G:0.26506
Average         T:0.22490    C:0.20884    A:0.31727    G:0.24900

#50: Impala         
position  1:    T:0.14458    C:0.18072    A:0.33735    G:0.33735
position  2:    T:0.30120    C:0.20482    A:0.34940    G:0.14458
position  3:    T:0.24096    C:0.21687    A:0.26506    G:0.27711
Average         T:0.22892    C:0.20080    A:0.31727    G:0.25301

#51: Klipspringer   
position  1:    T:0.14458    C:0.18072    A:0.33735    G:0.33735
position  2:    T:0.30120    C:0.20482    A:0.34940    G:0.14458
