CODONML (in paml version 4.10.7, June 2023)  /home/rachel/ruminants_paml/6406-phy-tree/ENSBTAT00000040162.fasta.phy
Model: free dN/dS Ratios for branches,  kappa = 2.000 fixed

Codon frequency model: F3x4
ns =  54  ls =  37

Codon usage in sequences
--------------------------------------------------------------------------------------------------------------------------------------
Phe TTT   1   1   1   1   1   1 | Ser TCT   0   0   0   0   0   0 | Tyr TAT   0   0   0   0   0   0 | Cys TGT   1   1   1   1   1   1
    TTC   1   1   1   1   1   1 |     TCC   0   0   0   0   0   0 |     TAC   1   1   1   1   1   1 |     TGC   0   0   0   0   0   0
Leu TTA   0   0   0   0   0   0 |     TCA   0   0   0   0   0   0 | *** TAA   0   0   0   0   0   0 | *** TGA   0   0   0   0   0   0
    TTG   1   1   1   1   1   1 |     TCG   0   0   0   0   0   0 |     TAG   0   0   0   0   0   0 | Trp TGG   0   0   0   0   0   0
--------------------------------------------------------------------------------------------------------------------------------------
Leu CTT   0   0   0   0   0   0 | Pro CCT   0   0   0   0   0   0 | His CAT   0   0   0   0   0   0 | Arg CGT   0   0   0   0   0   0
    CTC   0   1   0   0   1   1 |     CCC   0   0   0   0   0   0 |     CAC   0   0   0   0   0   0 |     CGC   0   0   0   0   0   0
    CTA   0   0   0   0   0   0 |     CCA   0   0   0   0   0   0 | Gln CAA   0   0   0   0   0   0 |     CGA   0   0   0   0   0   0
    CTG   4   3   4   4   3   3 |     CCG   0   0   0   0   0   0 |     CAG   1   1   1   1   1   0 |     CGG   0   0   0   0   0   1
--------------------------------------------------------------------------------------------------------------------------------------
Ile ATT   1   1   1   1   2   1 | Thr ACT   0   0   0   0   0   0 | Asn AAT   0   0   0   0   0   1 | Ser AGT   1   1   1   1   1   1
    ATC   1   1   1   1   0   1 |     ACC   1   1   1   1   1   1 |     AAC   2   2   2   2   2   1 |     AGC   0   0   0   0   0   0
    ATA   0   0   0   0   0   0 |     ACA   0   0   0   0   0   0 | Lys AAA   2   2   2   2   2   2 | Arg AGA   0   0   0   0   0   0
Met ATG   0   0   0   0   0   0 |     ACG   0   0   0   0   0   0 |     AAG   5   5   5   4   5   5 |     AGG   0   0   0   1   0   0
--------------------------------------------------------------------------------------------------------------------------------------
Val GTT   1   1   1   1   1   1 | Ala GCT   1   0   1   1   1   1 | Asp GAT   1   1   1   1   1   1 | Gly GGT   1   2   1   1   1   1
    GTC   3   3   3   2   3   3 |     GCC   0   0   0   0   0   0 |     GAC   0   0   0   0   0   0 |     GGC   0   1   0   0   1   1
    GTA   0   0   0   0   0   0 |     GCA   0   0   0   0   0   0 | Glu GAA   0   0   0   0   0   0 |     GGA   1   0   1   1   0   0
    GTG   2   2   2   3   2   2 |     GCG   1   1   1   1   1   1 |     GAG   3   3   3   3   3   3 |     GGG   0   0   0   0   0   0
--------------------------------------------------------------------------------------------------------------------------------------

--------------------------------------------------------------------------------------------------------------------------------------
Phe TTT   1   1   1   1   1   1 | Ser TCT   0   0   0   0   0   0 | Tyr TAT   0   0   0   0   0   0 | Cys TGT   1   1   1   1   1   1
    TTC   1   1   1   1   1   1 |     TCC   0   0   0   0   0   0 |     TAC   1   1   1   1   1   1 |     TGC   0   0   0   0   0   0
Leu TTA   0   0   0   0   0   0 |     TCA   0   0   0   0   0   0 | *** TAA   0   0   0   0   0   0 | *** TGA   0   0   0   0   0   0
    TTG   1   1   1   1   1   1 |     TCG   0   0   0   0   0   0 |     TAG   0   0   0   0   0   0 | Trp TGG   0   0   0   0   0   0
--------------------------------------------------------------------------------------------------------------------------------------
Leu CTT   0   0   0   0   0   0 | Pro CCT   0   0   0   0   0   0 | His CAT   0   0   0   0   0   0 | Arg CGT   0   0   0   0   0   0
    CTC   0   0   0   0   0   0 |     CCC   0   0   0   0   0   0 |     CAC   0   0   0   0   0   0 |     CGC   0   0   0   0   0   0
    CTA   0   0   1   0   0   0 |     CCA   0   0   0   0   0   0 | Gln CAA   0   0   0   0   0   0 |     CGA   0   0   0   0   0   0
    CTG   4   4   3   4   4   4 |     CCG   0   0   0   0   0   0 |     CAG   1   1   1   1   1   1 |     CGG   0   0   0   0   0   0
--------------------------------------------------------------------------------------------------------------------------------------
Ile ATT   1   1   1   1   1   2 | Thr ACT   0   0   0   0   0   0 | Asn AAT   0   0   0   0   0   0 | Ser AGT   1   1   1   1   1   1
    ATC   1   1   1   1   1   0 |     ACC   1   1   1   1   1   1 |     AAC   2   2   2   2   2   2 |     AGC   0   0   0   0   0   0
    ATA   0   0   0   0   0   0 |     ACA   0   0   0   0   0   0 | Lys AAA   2   2   2   2   2   2 | Arg AGA   0   0   0   0   0   0
Met ATG   0   0   0   0   0   0 |     ACG   0   0   0   0   0   0 |     AAG   5   5   5   5   5   5 |     AGG   0   0   0   0   0   0
--------------------------------------------------------------------------------------------------------------------------------------
Val GTT   1   1   1   1   1   1 | Ala GCT   1   1   1   1   1   1 | Asp GAT   1   1   1   1   1   1 | Gly GGT   1   1   1   1   1   1
    GTC   3   3   3   3   3   3 |     GCC   0   0   0   0   0   0 |     GAC   0   0   0   0   0   0 |     GGC   0   0   0   0   0   0
    GTA   0   0   0   0   0   0 |     GCA   1   0   0   0   0   0 | Glu GAA   0   0   0   0   0   0 |     GGA   1   1   1   1   1   0
    GTG   2   2   2   2   2   2 |     GCG   0   1   1   1   1   1 |     GAG   3   3   3   3   3   3 |     GGG   0   0   0   0   0   1
--------------------------------------------------------------------------------------------------------------------------------------

--------------------------------------------------------------------------------------------------------------------------------------
Phe TTT   1   1   1   1   1   1 | Ser TCT   0   0   0   0   0   0 | Tyr TAT   0   0   0   0   0   0 | Cys TGT   1   1   1   1   1   1
    TTC   1   1   1   1   1   1 |     TCC   0   0   0   0   0   0 |     TAC   1   1   1   1   1   1 |     TGC   0   0   0   0   0   0
Leu TTA   0   0   0   0   0   0 |     TCA   0   0   0   0   0   0 | *** TAA   0   0   0   0   0   0 | *** TGA   0   0   0   0   0   0
    TTG   1   1   1   2   1   1 |     TCG   0   0   0   0   0   0 |     TAG   0   0   0   0   0   0 | Trp TGG   0   0   0   0   0   0
--------------------------------------------------------------------------------------------------------------------------------------
Leu CTT   0   0   0   0   0   0 | Pro CCT   0   0   0   0   0   0 | His CAT   0   0   0   0   0   0 | Arg CGT   0   0   0   0   0   0
    CTC   0   0   0   0   0   0 |     CCC   0   0   0   0   0   0 |     CAC   0   0   0   0   0   0 |     CGC   0   0   0   0   0   0
    CTA   0   0   0   0   0   0 |     CCA   0   0   0   0   0   0 | Gln CAA   0   0   0   0   0   0 |     CGA   0   0   0   0   0   0
    CTG   4   4   4   3   4   4 |     CCG   0   0   0   0   0   0 |     CAG   1   1   1   1   1   1 |     CGG   0   0   0   0   0   0
--------------------------------------------------------------------------------------------------------------------------------------
Ile ATT   1   1   1   1   2   1 | Thr ACT   0   0   0   0   0   0 | Asn AAT   0   0   0   0   0   0 | Ser AGT   1   1   1   1   1   1
    ATC   1   1   1   1   0   1 |     ACC   1   2   0   1   1   1 |     AAC   2   1   2   2   2   2 |     AGC   0   0   0   0   0   0
    ATA   0   0   0   0   0   0 |     ACA   0   0   0   0   0   0 | Lys AAA   2   2   2   2   2   2 | Arg AGA   0   0   0   0   0   0
Met ATG   0   0   0   0   0   0 |     ACG   0   0   1   0   0   0 |     AAG   5   5   5   5   5   5 |     AGG   0   0   0   0   0   0
--------------------------------------------------------------------------------------------------------------------------------------
Val GTT   1   1   0   1   1   1 | Ala GCT   1   1   1   1   1   1 | Asp GAT   1   1   1   1   1   1 | Gly GGT   1   1   1   1   1   1
    GTC   3   3   4   3   3   3 |     GCC   0   0   0   0   0   0 |     GAC   0   0   0   0   0   0 |     GGC   0   0   0   0   0   0
    GTA   0   0   0   0   0   0 |     GCA   0   0   0   0   0   0 | Glu GAA   0   0   0   0   0   0 |     GGA   1   1   0   1   1   1
    GTG   2   2   2   2   2   2 |     GCG   1   1   1   1   1   1 |     GAG   3   3   3   3   3   3 |     GGG   0   0   1   0   0   0
--------------------------------------------------------------------------------------------------------------------------------------

--------------------------------------------------------------------------------------------------------------------------------------
Phe TTT   1   1   1   1   0   1 | Ser TCT   0   0   0   0   0   0 | Tyr TAT   0   0   0   0   0   0 | Cys TGT   1   1   1   1   1   1
    TTC   1   1   1   1   2   1 |     TCC   0   0   0   0   0   0 |     TAC   1   1   1   1   1   1 |     TGC   0   0   0   0   0   0
Leu TTA   0   0   0   0   0   0 |     TCA   0   0   0   0   0   0 | *** TAA   0   0   0   0   0   0 | *** TGA   0   0   0   0   0   0
    TTG   1   1   1   1   1   1 |     TCG   0   0   0   0   0   0 |     TAG   0   0   0   0   0   0 | Trp TGG   0   0   0   0   0   0
--------------------------------------------------------------------------------------------------------------------------------------
Leu CTT   0   0   0   0   0   0 | Pro CCT   0   0   0   0   0   0 | His CAT   0   0   0   0   0   0 | Arg CGT   0   0   0   0   0   0
    CTC   0   0   0   0   0   0 |     CCC   0   0   0   0   0   0 |     CAC   0   0   0   0   0   0 |     CGC   0   0   0   0   0   0
    CTA   0   0   0   0   0   0 |     CCA   0   0   0   0   0   0 | Gln CAA   0   0   0   0   0   0 |     CGA   0   0   0   0   0   0
    CTG   4   4   4   4   4   4 |     CCG   0   0   0   0   0   0 |     CAG   1   1   1   1   1   1 |     CGG   0   0   0   0   0   0
--------------------------------------------------------------------------------------------------------------------------------------
Ile ATT   1   1   1   1   1   1 | Thr ACT   0   0   0   0   1   0 | Asn AAT   0   0   0   0   0   0 | Ser AGT   1   1   1   1   1   1
    ATC   1   1   1   1   1   1 |     ACC   1   1   1   1   0   1 |     AAC   2   2   2   2   2   2 |     AGC   0   0   0   0   0   0
    ATA   0   0   0   0   0   0 |     ACA   0   0   0   0   0   0 | Lys AAA   3   2   2   2   2   2 | Arg AGA   0   0   0   0   0   0
Met ATG   0   0   0   0   0   0 |     ACG   0   0   0   0   0   0 |     AAG   4   5   5   5   5   5 |     AGG   0   0   0   0   0   0
--------------------------------------------------------------------------------------------------------------------------------------
Val GTT   1   1   1   1   1   1 | Ala GCT   1   1   1   1   1   1 | Asp GAT   1   1   1   1   1   1 | Gly GGT   1   1   1   1   1   1
    GTC   3   3   3   3   3   3 |     GCC   0   0   0   0   0   0 |     GAC   0   0   0   0   0   0 |     GGC   1   0   0   0   0   0
    GTA   0   0   0   0   0   0 |     GCA   0   0   0   0   0   0 | Glu GAA   0   0   0   0   0   0 |     GGA   0   0   1   1   1   1
    GTG   2   3   2   2   2   2 |     GCG   1   0   1   1   1   1 |     GAG   3   3   3   3   3   3 |     GGG   0   1   0   0   0   0
--------------------------------------------------------------------------------------------------------------------------------------

--------------------------------------------------------------------------------------------------------------------------------------
Phe TTT   1   1   1   1   1   1 | Ser TCT   0   0   0   0   0   0 | Tyr TAT   0   0   0   0   0   0 | Cys TGT   1   1   1   1   1   1
    TTC   1   1   1   1   1   1 |     TCC   0   0   0   0   0   0 |     TAC   1   1   1   1   1   1 |     TGC   0   0   0   0   0   0
Leu TTA   0   0   0   0   0   0 |     TCA   0   0   0   0   0   0 | *** TAA   0   0   0   0   0   0 | *** TGA   0   0   0   0   0   0
    TTG   1   1   1   1   1   1 |     TCG   0   0   0   0   0   0 |     TAG   0   0   0   0   0   0 | Trp TGG   0   0   0   0   0   0
--------------------------------------------------------------------------------------------------------------------------------------
Leu CTT   0   0   0   0   0   0 | Pro CCT   0   0   0   0   0   0 | His CAT   0   0   0   0   0   0 | Arg CGT   0   0   0   0   0   0
    CTC   0   0   0   0   0   0 |     CCC   0   0   0   0   0   0 |     CAC   0   0   0   0   0   0 |     CGC   0   0   0   0   0   0
    CTA   0   0   0   0   0   0 |     CCA   0   0   0   0   0   0 | Gln CAA   0   0   0   0   0   0 |     CGA   0   0   0   0   0   0
    CTG   4   4   4   4   4   4 |     CCG   0   0   0   0   0   0 |     CAG   1   1   1   1   1   1 |     CGG   0   0   0   0   0   0
--------------------------------------------------------------------------------------------------------------------------------------
Ile ATT   1   1   1   1   1   1 | Thr ACT   0   0   0   0   0   0 | Asn AAT   0   0   0   0   0   0 | Ser AGT   1   1   1   1   1   1
    ATC   1   1   1   1   1   1 |     ACC   1   1   1   1   0   1 |     AAC   2   2   2   2   2   2 |     AGC   0   0   0   0   0   0
    ATA   0   0   0   0   0   0 |     ACA   0   0   0   0   0   0 | Lys AAA   2   2   2   2   2   2 | Arg AGA   0   0   0   0   0   0
Met ATG   0   0   0   0   0   0 |     ACG   0   0   0   0   1   0 |     AAG   5   5   5   5   5   5 |     AGG   0   0   0   0   0   0
--------------------------------------------------------------------------------------------------------------------------------------
Val GTT   1   1   1   1   0   1 | Ala GCT   1   1   1   1   1   1 | Asp GAT   1   1   1   1   1   1 | Gly GGT   1   1   1   1   1   1
    GTC   3   3   3   3   4   3 |     GCC   0   0   0   0   0   0 |     GAC   0   0   0   0   0   0 |     GGC   0   0   0   0   0   0
    GTA   0   0   0   0   0   0 |     GCA   0   0   0   0   0   0 | Glu GAA   0   0   0   0   0   0 |     GGA   0   0   1   1   0   1
    GTG   2   2   2   2   2   2 |     GCG   1   1   1   1   1   1 |     GAG   3   3   3   3   3   3 |     GGG   1   1   0   0   1   0
--------------------------------------------------------------------------------------------------------------------------------------

--------------------------------------------------------------------------------------------------------------------------------------
Phe TTT   1   1   1   1   1   1 | Ser TCT   0   0   0   0   0   0 | Tyr TAT   0   0   0   0   0   0 | Cys TGT   1   1   1   1   1   1
    TTC   1   1   1   1   1   1 |     TCC   0   0   0   0   0   0 |     TAC   1   1   1   1   1   1 |     TGC   0   0   0   0   0   0
Leu TTA   0   0   0   0   0   0 |     TCA   0   0   0   0   0   0 | *** TAA   0   0   0   0   0   0 | *** TGA   0   0   0   0   0   0
    TTG   0   1   1   1   1   1 |     TCG   0   0   0   0   0   0 |     TAG   0   0   0   0   0   0 | Trp TGG   0   0   0   0   0   0
--------------------------------------------------------------------------------------------------------------------------------------
Leu CTT   0   0   0   0   0   0 | Pro CCT   0   0   0   0   0   0 | His CAT   0   0   0   0   0   0 | Arg CGT   0   0   0   0   0   0
    CTC   0   0   0   0   1   0 |     CCC   0   0   0   0   0   0 |     CAC   0   0   0   0   0   0 |     CGC   0   0   0   0   0   0
    CTA   0   0   0   0   0   0 |     CCA   0   0   0   0   0   0 | Gln CAA   0   0   0   0   0   0 |     CGA   0   0   0   0   0   0
    CTG   5   4   4   4   3   4 |     CCG   0   0   0   0   0   0 |     CAG   1   1   1   1   1   1 |     CGG   0   0   0   0   0   0
--------------------------------------------------------------------------------------------------------------------------------------
Ile ATT   1   1   1   1   2   1 | Thr ACT   0   0   0   0   0   0 | Asn AAT   0   0   0   0   0   0 | Ser AGT   1   1   1   1   0   1
    ATC   1   1   1   1   0   1 |     ACC   1   1   1   1   1   0 |     AAC   2   2   2   2   2   2 |     AGC   0   0   0   0   1   0
    ATA   0   0   0   0   0   0 |     ACA   0   0   0   0   0   0 | Lys AAA   2   2   2   2   2   2 | Arg AGA   0   0   0   0   0   0
Met ATG   0   0   0   0   0   0 |     ACG   0   0   0   0   0   1 |     AAG   5   5   5   5   4   5 |     AGG   0   0   0   0   1   0
--------------------------------------------------------------------------------------------------------------------------------------
Val GTT   1   1   1   1   1   0 | Ala GCT   1   1   1   1   1   1 | Asp GAT   1   1   1   1   1   1 | Gly GGT   1   1   1   1   1   1
    GTC   3   3   3   3   3   4 |     GCC   0   0   0   0   0   0 |     GAC   0   0   0   0   0   0 |     GGC   0   0   0   0   0   0
    GTA   0   0   0   0   0   0 |     GCA   0   0   0   0   0   0 | Glu GAA   0   0   0   0   0   0 |     GGA   1   1   0   1   0   0
    GTG   2   2   2   2   2   2 |     GCG   1   1   1   1   0   1 |     GAG   3   3   3   3   4   3 |     GGG   0   0   1   0   1   1
--------------------------------------------------------------------------------------------------------------------------------------

--------------------------------------------------------------------------------------------------------------------------------------
Phe TTT   1   1   1   1   1   1 | Ser TCT   0   0   0   0   0   0 | Tyr TAT   0   0   0   0   0   0 | Cys TGT   1   1   1   1   1   1
    TTC   1   1   1   1   1   1 |     TCC   0   0   0   0   0   0 |     TAC   1   1   1   1   1   1 |     TGC   0   0   0   0   0   0
Leu TTA   0   0   0   0   0   0 |     TCA   0   0   0   0   0   0 | *** TAA   0   0   0   0   0   0 | *** TGA   0   0   0   0   0   0
    TTG   1   1   1   1   1   1 |     TCG   0   0   0   0   0   0 |     TAG   0   0   0   0   0   0 | Trp TGG   0   0   0   0   0   0
--------------------------------------------------------------------------------------------------------------------------------------
Leu CTT   0   0   0   0   0   0 | Pro CCT   0   0   0   0   0   0 | His CAT   0   0   0   0   0   0 | Arg CGT   0   0   0   0   0   0
    CTC   0   0   0   0   0   0 |     CCC   0   0   0   0   0   0 |     CAC   0   0   0   0   0   0 |     CGC   0   0   0   0   0   0
    CTA   0   0   0   0   0   0 |     CCA   0   0   0   0   0   0 | Gln CAA   0   0   0   0   0   0 |     CGA   0   0   0   0   0   0
    CTG   4   4   4   4   4   4 |     CCG   0   0   0   0   0   0 |     CAG   1   1   1   1   1   1 |     CGG   0   0   0   0   0   0
--------------------------------------------------------------------------------------------------------------------------------------
Ile ATT   1   1   1   1   1   1 | Thr ACT   0   0   0   0   0   0 | Asn AAT   0   0   0   0   0   0 | Ser AGT   1   1   1   1   1   1
    ATC   1   1   1   1   1   1 |     ACC   1   1   1   1   1   1 |     AAC   2   2   2   2   2   2 |     AGC   0   0   0   0   0   0
    ATA   0   0   0   0   0   0 |     ACA   0   0   0   0   0   0 | Lys AAA   2   2   2   2   2   2 | Arg AGA   0   0   0   0   0   0
Met ATG   0   0   0   0   0   0 |     ACG   0   0   0   0   0   0 |     AAG   5   5   5   5   5   5 |     AGG   0   0   0   0   0   0
--------------------------------------------------------------------------------------------------------------------------------------
Val GTT   1   1   1   1   1   1 | Ala GCT   1   1   1   1   1   1 | Asp GAT   1   1   1   1   1   1 | Gly GGT   1   1   1   1   1   1
    GTC   3   3   3   3   3   3 |     GCC   0   0   0   0   0   0 |     GAC   0   0   0   0   0   0 |     GGC   0   0   0   0   0   0
    GTA   0   0   0   0   0   0 |     GCA   0   0   0   1   0   1 | Glu GAA   0   0   0   0   0   0 |     GGA   1   1   1   1   1   0
    GTG   2   2   2   2   2   2 |     GCG   1   1   1   0   1   0 |     GAG   3   3   3   3   3   3 |     GGG   0   0   0   0   0   1
--------------------------------------------------------------------------------------------------------------------------------------

--------------------------------------------------------------------------------------------------------------------------------------
Phe TTT   1   1   1   1   1   1 | Ser TCT   0   0   0   0   0   0 | Tyr TAT   0   0   0   0   0   1 | Cys TGT   1   1   1   1   1   1
    TTC   1   1   1   1   1   1 |     TCC   0   0   0   0   0   0 |     TAC   1   1   1   1   1   0 |     TGC   0   0   0   0   0   0
Leu TTA   0   0   0   0   0   0 |     TCA   0   0   0   0   0   0 | *** TAA   0   0   0   0   0   0 | *** TGA   0   0   0   0   0   0
    TTG   1   1   1   1   1   1 |     TCG   0   0   0   0   0   0 |     TAG   0   0   0   0   0   0 | Trp TGG   0   0   0   0   0   0
--------------------------------------------------------------------------------------------------------------------------------------
Leu CTT   0   0   0   0   0   0 | Pro CCT   0   0   0   0   0   0 | His CAT   0   0   0   0   0   0 | Arg CGT   0   0   0   0   0   0
    CTC   0   0   0   0   0   0 |     CCC   0   0   0   0   0   0 |     CAC   0   0   0   0   0   0 |     CGC   0   0   0   0   0   0
    CTA   0   0   0   0   0   0 |     CCA   0   0   0   0   0   0 | Gln CAA   0   0   0   0   0   0 |     CGA   0   0   0   0   0   0
    CTG   4   4   4   4   4   4 |     CCG   0   0   0   0   0   0 |     CAG   1   1   1   1   1   1 |     CGG   0   0   0   0   0   0
--------------------------------------------------------------------------------------------------------------------------------------
Ile ATT   1   1   1   1   1   1 | Thr ACT   0   0   0   0   0   0 | Asn AAT   0   0   0   0   0   0 | Ser AGT   1   1   1   1   1   1
    ATC   1   1   1   1   1   1 |     ACC   1   1   1   1   1   1 |     AAC   2   2   2   2   2   2 |     AGC   0   0   0   0   0   0
    ATA   0   0   0   0   0   0 |     ACA   0   0   0   0   0   0 | Lys AAA   2   2   2   2   2   2 | Arg AGA   0   0   0   0   0   0
Met ATG   0   0   0   0   0   0 |     ACG   0   0   0   0   0   0 |     AAG   5   5   5   5   5   5 |     AGG   0   0   0   0   0   0
--------------------------------------------------------------------------------------------------------------------------------------
Val GTT   1   1   1   1   1   2 | Ala GCT   1   1   1   1   1   1 | Asp GAT   1   1   1   1   1   1 | Gly GGT   1   1   1   1   1   1
    GTC   3   3   3   3   3   2 |     GCC   0   0   0   0   0   0 |     GAC   0   0   0   0   0   0 |     GGC   0   0   0   0   0   0
    GTA   0   0   0   0   0   0 |     GCA   0   0   0   0   0   0 | Glu GAA   0   0   0   0   0   0 |     GGA   0   1   0   0   1   1
    GTG   2   2   2   2   2   2 |     GCG   1   1   1   1   1   1 |     GAG   3   3   3   3   3   3 |     GGG   1   0   1   1   0   0
--------------------------------------------------------------------------------------------------------------------------------------

--------------------------------------------------------------------------------------------------------------------------------------
Phe TTT   1   1   1   1   1   1 | Ser TCT   0   0   0   0   0   0 | Tyr TAT   0   0   0   0   0   0 | Cys TGT   1   1   1   1   1   1
    TTC   1   1   1   1   1   1 |     TCC   0   0   0   0   0   0 |     TAC   1   1   1   1   1   1 |     TGC   0   0   0   0   0   0
Leu TTA   0   0   0   0   0   0 |     TCA   0   0   0   0   0   0 | *** TAA   0   0   0   0   0   0 | *** TGA   0   0   0   0   0   0
    TTG   1   1   1   1   1   1 |     TCG   0   0   0   0   0   0 |     TAG   0   0   0   0   0   0 | Trp TGG   0   0   0   0   0   0
--------------------------------------------------------------------------------------------------------------------------------------
Leu CTT   0   0   1   0   0   0 | Pro CCT   0   0   0   0   0   0 | His CAT   0   0   0   0   0   0 | Arg CGT   0   0   0   0   0   0
    CTC   0   0   0   0   0   0 |     CCC   0   0   0   0   0   0 |     CAC   0   0   0   0   0   0 |     CGC   0   0   0   0   0   0
    CTA   0   0   0   0   0   0 |     CCA   0   0   0   0   0   0 | Gln CAA   0   0   0   0   0   0 |     CGA   0   0   0   0   0   0
    CTG   4   4   3   4   4   4 |     CCG   0   0   0   0   0   0 |     CAG   1   1   1   1   1   1 |     CGG   0   0   0   0   0   0
--------------------------------------------------------------------------------------------------------------------------------------
Ile ATT   2   2   1   1   1   1 | Thr ACT   0   0   0   0   0   0 | Asn AAT   0   0   0   0   0   0 | Ser AGT   1   1   1   1   1   1
    ATC   0   0   1   1   1   1 |     ACC   1   1   1   1   1   1 |     AAC   2   2   2   2   2   2 |     AGC   0   0   0   0   0   0
    ATA   0   0   0   0   0   0 |     ACA   0   0   0   0   0   0 | Lys AAA   2   2   2   2   2   2 | Arg AGA   0   0   0   0   0   0
Met ATG   1   0   0   0   0   0 |     ACG   0   0   0   0   0   0 |     AAG   5   5   5   4   5   5 |     AGG   0   0   0   1   0   0
--------------------------------------------------------------------------------------------------------------------------------------
Val GTT   1   0   1   1   1   1 | Ala GCT   1   1   1   1   1   1 | Asp GAT   1   1   1   1   1   1 | Gly GGT   1   1   1   1   1   1
    GTC   3   3   3   2   3   3 |     GCC   0   0   0   0   0   0 |     GAC   0   0   0   0   0   0 |     GGC   0   0   0   0   0   0
    GTA   0   1   0   0   0   0 |     GCA   0   0   0   0   0   0 | Glu GAA   0   0   0   0   0   0 |     GGA   1   1   1   1   1   1
    GTG   1   2   2   3   2   2 |     GCG   1   1   1   1   1   1 |     GAG   3   3   3   3   3   3 |     GGG   0   0   0   0   0   0
--------------------------------------------------------------------------------------------------------------------------------------

Codon position x base (3x4) table for each sequence.

#1: Argali         
position  1:    T:0.13514    C:0.13514    A:0.35135    G:0.37838
position  2:    T:0.40541    C:0.08108    A:0.40541    G:0.10811
position  3:    T:0.21622    C:0.24324    A:0.08108    G:0.45946
Average         T:0.25225    C:0.15315    A:0.27928    G:0.31532

#2: LesserMouseDeer
position  1:    T:0.13514    C:0.13514    A:0.35135    G:0.37838
position  2:    T:0.40541    C:0.05405    A:0.40541    G:0.13514
position  3:    T:0.21622    C:0.29730    A:0.05405    G:0.43243
Average         T:0.25225    C:0.16216    A:0.27027    G:0.31532

#3: LesserKudu     
position  1:    T:0.13514    C:0.13514    A:0.35135    G:0.37838
position  2:    T:0.40541    C:0.08108    A:0.40541    G:0.10811
position  3:    T:0.21622    C:0.24324    A:0.08108    G:0.45946
Average         T:0.25225    C:0.15315    A:0.27928    G:0.31532

#4: ForestMuskDeer2
position  1:    T:0.13514    C:0.13514    A:0.35135    G:0.37838
position  2:    T:0.40541    C:0.08108    A:0.37838    G:0.13514
position  3:    T:0.21622    C:0.21622    A:0.08108    G:0.48649
Average         T:0.25225    C:0.14414    A:0.27027    G:0.33333

#5: Camel          
position  1:    T:0.13514    C:0.13514    A:0.35135    G:0.37838
position  2:    T:0.40541    C:0.08108    A:0.40541    G:0.10811
position  3:    T:0.24324    C:0.27027    A:0.05405    G:0.43243
Average         T:0.26126    C:0.16216    A:0.27027    G:0.30631

#6: KillerWhale    
position  1:    T:0.13514    C:0.13514    A:0.35135    G:0.37838
position  2:    T:0.40541    C:0.08108    A:0.37838    G:0.13514
position  3:    T:0.24324    C:0.27027    A:0.05405    G:0.43243
Average         T:0.26126    C:0.16216    A:0.26126    G:0.31532

#7: DefassaWaterbuck
position  1:    T:0.13514    C:0.13514    A:0.35135    G:0.37838
position  2:    T:0.40541    C:0.08108    A:0.40541    G:0.10811
position  3:    T:0.21622    C:0.24324    A:0.10811    G:0.43243
Average         T:0.25225    C:0.15315    A:0.28829    G:0.30631

#8: Sheep          
position  1:    T:0.13514    C:0.13514    A:0.35135    G:0.37838
position  2:    T:0.40541    C:0.08108    A:0.40541    G:0.10811
position  3:    T:0.21622    C:0.24324    A:0.08108    G:0.45946
Average         T:0.25225    C:0.15315    A:0.27928    G:0.31532

#9: MaxwellsDuiker 
position  1:    T:0.13514    C:0.13514    A:0.35135    G:0.37838
position  2:    T:0.40541    C:0.08108    A:0.40541    G:0.10811
position  3:    T:0.21622    C:0.24324    A:0.10811    G:0.43243
Average         T:0.25225    C:0.15315    A:0.28829    G:0.30631

#10: GazellaPrzewalskyi
position  1:    T:0.13514    C:0.13514    A:0.35135    G:0.37838
position  2:    T:0.40541    C:0.08108    A:0.40541    G:0.10811
position  3:    T:0.21622    C:0.24324    A:0.08108    G:0.45946
Average         T:0.25225    C:0.15315    A:0.27928    G:0.31532

#11: MountainNyala  
position  1:    T:0.13514    C:0.13514    A:0.35135    G:0.37838
position  2:    T:0.40541    C:0.08108    A:0.40541    G:0.10811
position  3:    T:0.21622    C:0.24324    A:0.08108    G:0.45946
Average         T:0.25225    C:0.15315    A:0.27928    G:0.31532

#12: MuntiacusMuntjak
position  1:    T:0.13514    C:0.13514    A:0.35135    G:0.37838
position  2:    T:0.40541    C:0.08108    A:0.40541    G:0.10811
position  3:    T:0.24324    C:0.21622    A:0.05405    G:0.48649
Average         T:0.26126    C:0.14414    A:0.27027    G:0.32432

#13: goat           
position  1:    T:0.13514    C:0.13514    A:0.35135    G:0.37838
position  2:    T:0.40541    C:0.08108    A:0.40541    G:0.10811
position  3:    T:0.21622    C:0.24324    A:0.08108    G:0.45946
Average         T:0.25225    C:0.15315    A:0.27928    G:0.31532

#14: AfricanBuffalo 
position  1:    T:0.13514    C:0.13514    A:0.35135    G:0.37838
position  2:    T:0.40541    C:0.10811    A:0.37838    G:0.10811
position  3:    T:0.21622    C:0.24324    A:0.08108    G:0.45946
Average         T:0.25225    C:0.16216    A:0.27027    G:0.31532

#15: Topi           
position  1:    T:0.13514    C:0.13514    A:0.35135    G:0.37838
position  2:    T:0.40541    C:0.08108    A:0.40541    G:0.10811
position  3:    T:0.18919    C:0.24324    A:0.05405    G:0.51351
Average         T:0.24324    C:0.15315    A:0.27027    G:0.33333

#16: CommonDuiker   
position  1:    T:0.16216    C:0.10811    A:0.35135    G:0.37838
position  2:    T:0.40541    C:0.08108    A:0.40541    G:0.10811
position  3:    T:0.21622    C:0.24324    A:0.08108    G:0.45946
Average         T:0.26126    C:0.14414    A:0.27928    G:0.31532

#17: Suni           
position  1:    T:0.13514    C:0.13514    A:0.35135    G:0.37838
position  2:    T:0.40541    C:0.08108    A:0.40541    G:0.10811
position  3:    T:0.24324    C:0.21622    A:0.08108    G:0.45946
Average         T:0.26126    C:0.14414    A:0.27928    G:0.31532

#18: Springbuck     
position  1:    T:0.13514    C:0.13514    A:0.35135    G:0.37838
position  2:    T:0.40541    C:0.08108    A:0.40541    G:0.10811
position  3:    T:0.21622    C:0.24324    A:0.08108    G:0.45946
Average         T:0.25225    C:0.15315    A:0.27928    G:0.31532

#19: Okapi          
position  1:    T:0.13514    C:0.13514    A:0.35135    G:0.37838
position  2:    T:0.40541    C:0.08108    A:0.40541    G:0.10811
position  3:    T:0.21622    C:0.27027    A:0.08108    G:0.43243
Average         T:0.25225    C:0.16216    A:0.27928    G:0.30631

#20: Giraffe        
position  1:    T:0.13514    C:0.13514    A:0.35135    G:0.37838
position  2:    T:0.43243    C:0.05405    A:0.40541    G:0.10811
position  3:    T:0.21622    C:0.24324    A:0.05405    G:0.48649
Average         T:0.26126    C:0.14414    A:0.27027    G:0.32432

#21: TibetanAntelope
position  1:    T:0.13514    C:0.13514    A:0.35135    G:0.37838
position  2:    T:0.40541    C:0.08108    A:0.40541    G:0.10811
position  3:    T:0.21622    C:0.24324    A:0.08108    G:0.45946
Average         T:0.25225    C:0.15315    A:0.27928    G:0.31532

#22: Sitatunga      
position  1:    T:0.13514    C:0.13514    A:0.35135    G:0.37838
position  2:    T:0.40541    C:0.08108    A:0.40541    G:0.10811
position  3:    T:0.21622    C:0.24324    A:0.08108    G:0.45946
Average         T:0.25225    C:0.15315    A:0.27928    G:0.31532

#23: Oribi          
position  1:    T:0.13514    C:0.13514    A:0.35135    G:0.37838
position  2:    T:0.40541    C:0.08108    A:0.40541    G:0.10811
position  3:    T:0.21622    C:0.24324    A:0.08108    G:0.45946
Average         T:0.25225    C:0.15315    A:0.27928    G:0.31532

#24: BarbarySheep   
position  1:    T:0.13514    C:0.13514    A:0.35135    G:0.37838
position  2:    T:0.40541    C:0.08108    A:0.40541    G:0.10811
position  3:    T:0.21622    C:0.24324    A:0.08108    G:0.45946
Average         T:0.25225    C:0.15315    A:0.27928    G:0.31532

#25: Daviddeer      
position  1:    T:0.13514    C:0.13514    A:0.35135    G:0.37838
position  2:    T:0.40541    C:0.08108    A:0.40541    G:0.10811
position  3:    T:0.21622    C:0.24324    A:0.05405    G:0.48649
Average         T:0.25225    C:0.15315    A:0.27027    G:0.32432

#26: Reindeer       
position  1:    T:0.13514    C:0.13514    A:0.35135    G:0.37838
position  2:    T:0.40541    C:0.08108    A:0.40541    G:0.10811
position  3:    T:0.21622    C:0.24324    A:0.05405    G:0.48649
Average         T:0.25225    C:0.15315    A:0.27027    G:0.32432

#27: Ibex           
position  1:    T:0.13514    C:0.13514    A:0.35135    G:0.37838
position  2:    T:0.40541    C:0.08108    A:0.40541    G:0.10811
position  3:    T:0.21622    C:0.24324    A:0.08108    G:0.45946
Average         T:0.25225    C:0.15315    A:0.27928    G:0.31532

#28: GyrantGazelle  
position  1:    T:0.13514    C:0.13514    A:0.35135    G:0.37838
position  2:    T:0.40541    C:0.08108    A:0.40541    G:0.10811
position  3:    T:0.21622    C:0.24324    A:0.08108    G:0.45946
Average         T:0.25225    C:0.15315    A:0.27928    G:0.31532

#29: Hartebeest     
position  1:    T:0.13514    C:0.13514    A:0.35135    G:0.37838
position  2:    T:0.40541    C:0.08108    A:0.40541    G:0.10811
position  3:    T:0.18919    C:0.24324    A:0.05405    G:0.51351
Average         T:0.24324    C:0.15315    A:0.27027    G:0.33333

#30: Bongo          
position  1:    T:0.13514    C:0.13514    A:0.35135    G:0.37838
position  2:    T:0.40541    C:0.08108    A:0.40541    G:0.10811
position  3:    T:0.21622    C:0.24324    A:0.08108    G:0.45946
Average         T:0.25225    C:0.15315    A:0.27928    G:0.31532

#31: Gerenuk        
position  1:    T:0.10811    C:0.16216    A:0.35135    G:0.37838
position  2:    T:0.40541    C:0.08108    A:0.40541    G:0.10811
position  3:    T:0.21622    C:0.24324    A:0.08108    G:0.45946
Average         T:0.24324    C:0.16216    A:0.27928    G:0.31532

#32: CommonEland    
position  1:    T:0.13514    C:0.13514    A:0.35135    G:0.37838
position  2:    T:0.40541    C:0.08108    A:0.40541    G:0.10811
position  3:    T:0.21622    C:0.24324    A:0.08108    G:0.45946
Average         T:0.25225    C:0.15315    A:0.27928    G:0.31532

#33: MuntiacusReevesi
position  1:    T:0.13514    C:0.13514    A:0.35135    G:0.37838
position  2:    T:0.40541    C:0.08108    A:0.40541    G:0.10811
position  3:    T:0.21622    C:0.24324    A:0.05405    G:0.48649
Average         T:0.25225    C:0.15315    A:0.27027    G:0.32432

#34: HarveysDuiker  
position  1:    T:0.13514    C:0.13514    A:0.35135    G:0.37838
position  2:    T:0.40541    C:0.08108    A:0.40541    G:0.10811
position  3:    T:0.21622    C:0.24324    A:0.08108    G:0.45946
Average         T:0.25225    C:0.15315    A:0.27928    G:0.31532

#35: Pronghorn      
position  1:    T:0.13514    C:0.13514    A:0.35135    G:0.37838
position  2:    T:0.40541    C:0.05405    A:0.40541    G:0.13514
position  3:    T:0.21622    C:0.27027    A:0.05405    G:0.45946
Average         T:0.25225    C:0.15315    A:0.27027    G:0.32432

#36: BlueWildebeest 
position  1:    T:0.13514    C:0.13514    A:0.35135    G:0.37838
position  2:    T:0.40541    C:0.08108    A:0.40541    G:0.10811
position  3:    T:0.18919    C:0.24324    A:0.05405    G:0.51351
Average         T:0.24324    C:0.15315    A:0.27027    G:0.33333

#37: Gemsbok        
position  1:    T:0.13514    C:0.13514    A:0.35135    G:0.37838
position  2:    T:0.40541    C:0.08108    A:0.40541    G:0.10811
position  3:    T:0.21622    C:0.24324    A:0.08108    G:0.45946
Average         T:0.25225    C:0.15315    A:0.27928    G:0.31532

#38: Yak            
position  1:    T:0.13514    C:0.13514    A:0.35135    G:0.37838
position  2:    T:0.40541    C:0.08108    A:0.40541    G:0.10811
position  3:    T:0.21622    C:0.24324    A:0.08108    G:0.45946
Average         T:0.25225    C:0.15315    A:0.27928    G:0.31532

#39: BlueSheep      
position  1:    T:0.13514    C:0.13514    A:0.35135    G:0.37838
position  2:    T:0.40541    C:0.08108    A:0.40541    G:0.10811
position  3:    T:0.21622    C:0.24324    A:0.08108    G:0.45946
Average         T:0.25225    C:0.15315    A:0.27928    G:0.31532

#40: BohorReedbuck  
position  1:    T:0.13514    C:0.13514    A:0.35135    G:0.37838
position  2:    T:0.40541    C:0.08108    A:0.40541    G:0.10811
position  3:    T:0.21622    C:0.24324    A:0.10811    G:0.43243
Average         T:0.25225    C:0.15315    A:0.28829    G:0.30631

#41: KirksDik       
position  1:    T:0.13514    C:0.13514    A:0.35135    G:0.37838
position  2:    T:0.40541    C:0.08108    A:0.40541    G:0.10811
position  3:    T:0.21622    C:0.24324    A:0.08108    G:0.45946
Average         T:0.25225    C:0.15315    A:0.27928    G:0.31532

#42: RoeDeer        
position  1:    T:0.13514    C:0.13514    A:0.35135    G:0.37838
position  2:    T:0.40541    C:0.08108    A:0.40541    G:0.10811
position  3:    T:0.21622    C:0.24324    A:0.08108    G:0.45946
Average         T:0.25225    C:0.15315    A:0.27928    G:0.31532

#43: WhiteLippedDeer
position  1:    T:0.13514    C:0.13514    A:0.35135    G:0.37838
position  2:    T:0.40541    C:0.08108    A:0.40541    G:0.10811
position  3:    T:0.21622    C:0.24324    A:0.05405    G:0.48649
Average         T:0.25225    C:0.15315    A:0.27027    G:0.32432

#44: ThomsonGazelle 
position  1:    T:0.13514    C:0.13514    A:0.35135    G:0.37838
position  2:    T:0.40541    C:0.08108    A:0.40541    G:0.10811
position  3:    T:0.21622    C:0.24324    A:0.08108    G:0.45946
Average         T:0.25225    C:0.15315    A:0.27928    G:0.31532

#45: MuntiacusCrinifrons
position  1:    T:0.13514    C:0.13514    A:0.35135    G:0.37838
position  2:    T:0.40541    C:0.08108    A:0.40541    G:0.10811
position  3:    T:0.21622    C:0.24324    A:0.05405    G:0.48649
Average         T:0.25225    C:0.15315    A:0.27027    G:0.32432

#46: WhiteTailedDeer
position  1:    T:0.13514    C:0.13514    A:0.35135    G:0.37838
position  2:    T:0.40541    C:0.08108    A:0.40541    G:0.10811
position  3:    T:0.21622    C:0.24324    A:0.05405    G:0.48649
Average         T:0.25225    C:0.15315    A:0.27027    G:0.32432

#47: Cattle         
position  1:    T:0.13514    C:0.13514    A:0.35135    G:0.37838
position  2:    T:0.40541    C:0.08108    A:0.40541    G:0.10811
position  3:    T:0.21622    C:0.24324    A:0.08108    G:0.45946
Average         T:0.25225    C:0.15315    A:0.27928    G:0.31532

#48: RoyalAntelope  
position  1:    T:0.13514    C:0.13514    A:0.35135    G:0.37838
position  2:    T:0.40541    C:0.08108    A:0.40541    G:0.10811
position  3:    T:0.27027    C:0.18919    A:0.08108    G:0.45946
Average         T:0.27027    C:0.13514    A:0.27928    G:0.31532

#49: Steenbok       
position  1:    T:0.13514    C:0.13514    A:0.37838    G:0.35135
position  2:    T:0.40541    C:0.08108    A:0.40541    G:0.10811
position  3:    T:0.24324    C:0.21622    A:0.08108    G:0.45946
Average         T:0.26126    C:0.14414    A:0.28829    G:0.30631

#50: Impala         
position  1:    T:0.13514    C:0.13514    A:0.35135    G:0.37838
position  2:    T:0.40541    C:0.08108    A:0.40541    G:0.10811
position  3:    T:0.21622    C:0.21622    A:0.10811    G:0.45946
Average         T:0.25225    C:0.14414    A:0.28829    G:0.31532

#51: Klipspringer   
position  1:    T:0.13514    C:0.13514    A:0.35135    G:0.37838
position  2:    T:0.40541    C:0.08108    A:0.40541    G:0.10811
