CODONML (in paml version 4.10.7, June 2023)  /home/rachel/ruminants_paml/6406-phy-tree/ENSBTAT00000000276.fasta.phy
Model: free dN/dS Ratios for branches,  kappa = 2.000 fixed

Codon frequency model: F3x4
ns =  54  ls =  65

Codon usage in sequences
--------------------------------------------------------------------------------------------------------------------------------------
Phe TTT   2   1   2   1   2   2 | Ser TCT   2   2   2   2   2   2 | Tyr TAT   0   0   0   0   0   0 | Cys TGT   0   0   0   0   0   0
    TTC   0   0   0   1   0   0 |     TCC   0   0   0   0   0   0 |     TAC   3   3   3   3   3   3 |     TGC   0   0   0   0   0   0
Leu TTA   1   1   1   1   1   1 |     TCA   0   0   0   0   0   0 | *** TAA   0   0   0   0   0   0 | *** TGA   0   0   0   0   0   0
    TTG   0   0   0   0   0   0 |     TCG   0   0   0   0   0   0 |     TAG   0   0   0   0   0   0 | Trp TGG   0   0   0   0   0   0
--------------------------------------------------------------------------------------------------------------------------------------
Leu CTT   0   0   0   0   0   0 | Pro CCT   0   0   0   0   0   1 | His CAT   0   0   0   0   0   0 | Arg CGT   0   0   0   0   0   0
    CTC   1   1   1   1   1   1 |     CCC   0   2   0   0   0   0 |     CAC   2   2   2   2   1   2 |     CGC   0   0   0   0   0   0
    CTA   0   0   0   0   0   0 |     CCA   2   0   2   1   2   1 | Gln CAA   0   0   0   0   0   0 |     CGA   1   1   1   1   1   1
    CTG   2   3   2   2   2   2 |     CCG   0   0   0   1   0   0 |     CAG   1   1   1   1   2   1 |     CGG   0   0   0   0   0   0
--------------------------------------------------------------------------------------------------------------------------------------
Ile ATT   2   2   2   2   2   2 | Thr ACT   1   1   1   1   1   1 | Asn AAT   1   1   1   1   1   1 | Ser AGT   2   2   2   2   2   2
    ATC   1   2   1   1   1   1 |     ACC   0   0   0   0   0   0 |     AAC   3   3   3   3   3   3 |     AGC   0   0   0   0   0   0
    ATA   2   1   2   2   2   2 |     ACA   1   1   1   1   1   1 | Lys AAA   4   4   4   4   2   3 | Arg AGA   1   1   1   1   1   1
Met ATG   0   0   0   0   0   0 |     ACG   0   0   0   0   0   0 |     AAG   6   6   6   6   8   7 |     AGG   1   1   1   1   1   1
--------------------------------------------------------------------------------------------------------------------------------------
Val GTT   1   1   1   1   1   1 | Ala GCT   2   3   3   3   3   3 | Asp GAT   1   1   1   1   1   1 | Gly GGT   1   1   2   0   1   1
    GTC   0   0   0   0   0   0 |     GCC   2   1   1   1   1   1 |     GAC   0   0   0   0   0   0 |     GGC   1   1   1   2   1   1
    GTA   1   1   1   1   1   1 |     GCA   5   5   5   5   5   6 | Glu GAA   3   3   3   3   3   3 |     GGA   2   2   1   1   2   2
    GTG   2   2   2   2   2   2 |     GCG   1   1   1   1   1   0 |     GAG   1   1   1   1   1   1 |     GGG   0   0   0   1   0   0
--------------------------------------------------------------------------------------------------------------------------------------

--------------------------------------------------------------------------------------------------------------------------------------
Phe TTT   2   2   2   2   2   2 | Ser TCT   2   2   2   2   2   2 | Tyr TAT   0   0   0   0   0   0 | Cys TGT   0   0   0   0   0   0
    TTC   0   0   0   0   0   0 |     TCC   0   0   0   0   0   0 |     TAC   3   3   3   3   3   3 |     TGC   0   0   0   0   0   0
Leu TTA   1   1   1   1   1   1 |     TCA   0   0   0   0   0   0 | *** TAA   0   0   0   0   0   0 | *** TGA   0   0   0   0   0   0
    TTG   0   0   0   0   0   0 |     TCG   0   0   0   0   0   0 |     TAG   0   0   0   0   0   0 | Trp TGG   0   0   0   0   0   0
--------------------------------------------------------------------------------------------------------------------------------------
Leu CTT   0   0   0   0   0   0 | Pro CCT   0   0   0   0   0   0 | His CAT   0   0   0   0   0   0 | Arg CGT   0   0   0   0   0   0
    CTC   1   1   1   1   1   1 |     CCC   0   0   0   0   0   0 |     CAC   2   2   2   2   2   2 |     CGC   0   0   0   0   0   0
    CTA   0   0   0   0   0   1 |     CCA   2   2   2   2   2   2 | Gln CAA   0   0   0   0   0   0 |     CGA   1   1   1   1   1   1
    CTG   2   2   2   2   2   1 |     CCG   0   0   0   0   0   0 |     CAG   1   1   1   1   1   1 |     CGG   0   0   1   0   0   0
--------------------------------------------------------------------------------------------------------------------------------------
Ile ATT   2   2   2   2   2   2 | Thr ACT   1   1   1   1   1   1 | Asn AAT   1   1   1   1   1   1 | Ser AGT   2   2   2   2   2   2
    ATC   1   1   1   1   1   1 |     ACC   0   0   0   0   0   0 |     AAC   3   3   3   3   3   3 |     AGC   0   0   0   0   0   0
    ATA   2   2   2   2   2   2 |     ACA   1   1   1   1   1   1 | Lys AAA   4   4   3   4   4   4 | Arg AGA   1   1   1   1   1   1
Met ATG   0   0   0   0   0   0 |     ACG   0   0   0   0   0   0 |     AAG   6   6   7   6   6   6 |     AGG   1   1   0   1   1   1
--------------------------------------------------------------------------------------------------------------------------------------
Val GTT   1   1   1   1   1   1 | Ala GCT   2   2   2   2   3   2 | Asp GAT   1   1   1   1   1   1 | Gly GGT   1   1   1   1   1   1
    GTC   0   0   0   0   0   0 |     GCC   2   2   2   2   1   1 |     GAC   0   0   0   0   0   0 |     GGC   1   1   1   1   2   1
    GTA   1   1   1   1   1   1 |     GCA   5   5   5   6   5   6 | Glu GAA   3   3   3   3   3   3 |     GGA   2   2   2   2   1   2
    GTG   2   2   2   2   2   2 |     GCG   1   1   1   0   1   1 |     GAG   1   1   1   1   1   1 |     GGG   0   0   0   0   0   0
--------------------------------------------------------------------------------------------------------------------------------------

--------------------------------------------------------------------------------------------------------------------------------------
Phe TTT   2   2   2   2   2   2 | Ser TCT   2   2   2   2   2   2 | Tyr TAT   0   0   0   0   0   0 | Cys TGT   0   0   0   0   0   0
    TTC   0   0   0   0   0   0 |     TCC   0   0   0   0   0   0 |     TAC   3   3   3   4   3   3 |     TGC   0   0   0   0   0   0
Leu TTA   1   1   1   1   1   1 |     TCA   0   0   0   0   0   0 | *** TAA   0   0   0   0   0   0 | *** TGA   0   0   0   0   0   0
    TTG   0   0   0   0   0   0 |     TCG   0   0   0   0   0   0 |     TAG   0   0   0   0   0   0 | Trp TGG   0   0   0   0   0   0
--------------------------------------------------------------------------------------------------------------------------------------
Leu CTT   0   0   0   0   0   0 | Pro CCT   0   0   0   0   0   0 | His CAT   0   0   0   0   0   0 | Arg CGT   0   0   0   0   0   0
    CTC   1   1   1   1   1   1 |     CCC   0   0   0   0   0   0 |     CAC   2   2   2   1   2   2 |     CGC   0   0   0   0   0   0
    CTA   0   0   0   0   0   0 |     CCA   2   2   2   2   2   2 | Gln CAA   0   0   0   0   0   0 |     CGA   1   1   1   1   1   1
    CTG   2   2   2   2   2   2 |     CCG   0   0   0   0   0   0 |     CAG   1   1   1   1   1   1 |     CGG   0   0   0   1   0   0
--------------------------------------------------------------------------------------------------------------------------------------
Ile ATT   2   2   2   2   2   2 | Thr ACT   1   1   1   1   1   1 | Asn AAT   1   1   1   1   1   1 | Ser AGT   2   1   2   2   2   2
    ATC   1   1   1   1   1   1 |     ACC   0   0   0   0   0   0 |     AAC   3   3   3   3   3   3 |     AGC   0   1   0   0   0   0
    ATA   2   2   2   2   2   2 |     ACA   1   1   1   1   1   1 | Lys AAA   4   4   4   4   4   4 | Arg AGA   1   1   1   1   1   1
Met ATG   0   0   0   0   0   0 |     ACG   0   0   0   0   0   0 |     AAG   6   6   6   6   6   5 |     AGG   1   1   1   0   1   1
--------------------------------------------------------------------------------------------------------------------------------------
Val GTT   1   1   1   1   1   1 | Ala GCT   3   3   2   2   3   1 | Asp GAT   1   1   1   1   1   1 | Gly GGT   1   1   1   1   1   1
    GTC   0   0   0   0   0   0 |     GCC   1   1   2   2   1   1 |     GAC   0   0   0   0   0   0 |     GGC   1   1   1   1   1   1
    GTA   1   1   1   1   1   1 |     GCA   5   5   6   5   6   6 | Glu GAA   3   2   3   3   3   3 |     GGA   2   2   2   2   2   2
    GTG   2   2   2   2   2   2 |     GCG   1   1   0   1   0   2 |     GAG   1   2   1   1   1   2 |     GGG   0   0   0   0   0   0
--------------------------------------------------------------------------------------------------------------------------------------

--------------------------------------------------------------------------------------------------------------------------------------
Phe TTT   2   2   2   2   2   2 | Ser TCT   2   2   2   2   2   2 | Tyr TAT   0   0   0   0   0   0 | Cys TGT   0   0   0   0   0   0
    TTC   0   0   0   0   0   0 |     TCC   0   0   0   0   0   0 |     TAC   3   3   3   3   3   3 |     TGC   0   0   0   0   0   0
Leu TTA   1   1   1   1   1   1 |     TCA   0   0   0   0   0   0 | *** TAA   0   0   0   0   0   0 | *** TGA   0   0   0   0   0   0
    TTG   0   0   0   0   0   0 |     TCG   0   0   0   0   0   0 |     TAG   0   0   0   0   0   0 | Trp TGG   0   0   0   0   0   0
--------------------------------------------------------------------------------------------------------------------------------------
Leu CTT   0   0   0   0   0   0 | Pro CCT   0   0   0   0   0   0 | His CAT   0   0   0   0   0   0 | Arg CGT   0   0   0   0   0   0
    CTC   1   1   1   1   1   1 |     CCC   0   0   0   0   0   0 |     CAC   2   2   2   2   2   2 |     CGC   0   0   0   0   0   0
    CTA   0   0   0   0   0   0 |     CCA   2   2   2   2   2   2 | Gln CAA   0   0   0   0   0   0 |     CGA   1   1   1   1   1   1
    CTG   2   2   2   2   2   2 |     CCG   0   0   0   0   0   0 |     CAG   1   1   1   1   1   1 |     CGG   0   0   0   0   0   0
--------------------------------------------------------------------------------------------------------------------------------------
Ile ATT   2   2   2   2   2   2 | Thr ACT   1   1   1   1   1   1 | Asn AAT   1   1   1   1   1   1 | Ser AGT   2   2   2   2   2   2
    ATC   1   1   1   1   1   1 |     ACC   0   0   0   0   0   0 |     AAC   3   3   3   3   3   3 |     AGC   0   0   0   0   0   0
    ATA   2   2   2   2   2   2 |     ACA   1   0   1   1   1   1 | Lys AAA   3   4   4   4   4   4 | Arg AGA   2   1   1   1   1   1
Met ATG   0   0   0   0   0   0 |     ACG   0   1   0   0   0   0 |     AAG   6   6   6   6   6   6 |     AGG   1   1   1   1   1   1
--------------------------------------------------------------------------------------------------------------------------------------
Val GTT   1   1   1   1   1   1 | Ala GCT   3   3   2   3   1   2 | Asp GAT   1   1   0   1   1   1 | Gly GGT   1   1   1   1   1   1
    GTC   0   0   0   0   0   0 |     GCC   1   1   2   1   2   2 |     GAC   0   0   1   0   0   0 |     GGC   1   1   1   2   1   1
    GTA   1   1   1   1   1   1 |     GCA   5   5   5   5   5   5 | Glu GAA   3   3   3   3   3   3 |     GGA   1   2   2   1   2   2
    GTG   2   2   2   2   2   2 |     GCG   1   1   1   1   2   1 |     GAG   1   1   1   1   1   1 |     GGG   1   0   0   0   0   0
--------------------------------------------------------------------------------------------------------------------------------------

--------------------------------------------------------------------------------------------------------------------------------------
Phe TTT   2   2   2   2   2   2 | Ser TCT   2   2   2   2   2   2 | Tyr TAT   0   0   0   0   0   0 | Cys TGT   0   0   0   0   0   0
    TTC   0   0   0   0   0   0 |     TCC   0   0   0   0   0   0 |     TAC   3   3   3   3   3   3 |     TGC   0   0   0   0   0   0
Leu TTA   1   1   1   1   1   1 |     TCA   0   0   0   0   0   0 | *** TAA   0   0   0   0   0   0 | *** TGA   0   0   0   0   0   0
    TTG   0   0   0   0   0   0 |     TCG   0   0   0   0   0   0 |     TAG   0   0   0   0   0   0 | Trp TGG   0   0   0   0   0   0
--------------------------------------------------------------------------------------------------------------------------------------
Leu CTT   0   0   0   0   0   0 | Pro CCT   0   0   0   0   0   0 | His CAT   0   0   0   0   0   0 | Arg CGT   0   0   0   0   0   0
    CTC   1   1   1   1   1   1 |     CCC   0   0   0   0   0   0 |     CAC   2   2   2   2   2   2 |     CGC   0   0   0   0   0   0
    CTA   0   0   0   0   0   0 |     CCA   2   2   2   2   2   2 | Gln CAA   0   0   0   0   0   0 |     CGA   1   1   1   1   1   1
    CTG   2   2   2   2   2   2 |     CCG   0   0   0   0   0   0 |     CAG   1   1   1   1   1   1 |     CGG   0   0   0   0   0   0
--------------------------------------------------------------------------------------------------------------------------------------
Ile ATT   2   2   2   2   2   2 | Thr ACT   1   1   1   1   1   1 | Asn AAT   1   1   1   1   1   1 | Ser AGT   1   2   2   2   2   2
    ATC   1   1   1   1   1   1 |     ACC   0   0   0   0   0   0 |     AAC   3   3   3   3   3   3 |     AGC   1   0   0   0   0   0
    ATA   2   2   2   2   2   2 |     ACA   1   1   1   1   1   1 | Lys AAA   4   5   4   4   4   4 | Arg AGA   1   1   1   1   1   1
Met ATG   0   0   0   0   0   0 |     ACG   0   0   0   0   0   0 |     AAG   6   5   6   5   6   6 |     AGG   1   1   1   2   1   1
--------------------------------------------------------------------------------------------------------------------------------------
Val GTT   1   1   1   1   1   1 | Ala GCT   2   2   2   1   2   3 | Asp GAT   1   1   1   1   1   1 | Gly GGT   1   1   1   1   1   1
    GTC   0   0   0   0   0   0 |     GCC   1   1   2   2   2   1 |     GAC   0   0   0   0   0   0 |     GGC   1   1   1   1   1   2
    GTA   1   1   1   1   1   1 |     GCA   6   6   5   5   6   5 | Glu GAA   3   3   3   3   3   3 |     GGA   2   2   2   2   2   1
    GTG   2   2   2   2   2   2 |     GCG   1   1   1   2   0   1 |     GAG   1   1   1   1   1   1 |     GGG   0   0   0   0   0   0
--------------------------------------------------------------------------------------------------------------------------------------

--------------------------------------------------------------------------------------------------------------------------------------
Phe TTT   2   2   2   2   2   2 | Ser TCT   2   2   2   2   2   2 | Tyr TAT   0   0   0   0   0   0 | Cys TGT   0   0   0   0   0   0
    TTC   0   0   0   0   0   0 |     TCC   0   0   0   0   0   0 |     TAC   3   3   3   3   3   3 |     TGC   0   0   0   0   0   0
Leu TTA   1   1   1   1   1   1 |     TCA   0   0   0   0   0   0 | *** TAA   0   0   0   0   0   0 | *** TGA   0   0   0   0   0   0
    TTG   0   0   0   0   0   0 |     TCG   0   0   0   0   0   0 |     TAG   0   0   0   0   0   0 | Trp TGG   0   0   0   0   0   0
--------------------------------------------------------------------------------------------------------------------------------------
Leu CTT   0   0   0   0   0   0 | Pro CCT   0   0   0   0   0   0 | His CAT   0   0   0   0   0   0 | Arg CGT   0   0   0   0   0   0
    CTC   1   1   1   1   1   1 |     CCC   0   0   0   0   0   0 |     CAC   2   2   2   2   2   2 |     CGC   0   0   0   0   0   0
    CTA   0   0   1   0   0   0 |     CCA   2   2   2   2   1   2 | Gln CAA   0   0   0   0   0   0 |     CGA   1   1   1   1   1   1
    CTG   2   2   1   2   2   2 |     CCG   0   0   0   0   1   0 |     CAG   1   1   1   1   1   1 |     CGG   0   0   0   1   0   0
--------------------------------------------------------------------------------------------------------------------------------------
Ile ATT   2   2   2   2   2   2 | Thr ACT   1   1   1   1   1   1 | Asn AAT   1   1   1   1   0   1 | Ser AGT   2   2   2   2   2   2
    ATC   1   1   1   1   1   1 |     ACC   0   0   0   0   1   0 |     AAC   3   3   3   3   4   3 |     AGC   0   0   0   0   0   0
    ATA   2   2   2   2   2   2 |     ACA   1   1   1   1   0   1 | Lys AAA   4   4   4   4   4   4 | Arg AGA   1   1   1   1   1   1
Met ATG   0   0   0   0   0   0 |     ACG   0   0   0   0   0   0 |     AAG   5   6   6   6   5   6 |     AGG   1   1   1   0   2   1
--------------------------------------------------------------------------------------------------------------------------------------
Val GTT   1   1   1   1   1   1 | Ala GCT   1   3   2   2   3   2 | Asp GAT   1   1   1   1   1   1 | Gly GGT   1   1   1   1   1   1
    GTC   0   0   0   0   0   0 |     GCC   2   1   1   2   1   2 |     GAC   0   0   0   0   0   0 |     GGC   1   2   1   1   1   1
    GTA   1   1   1   1   0   1 |     GCA   5   5   6   5   6   6 | Glu GAA   3   3   3   3   3   3 |     GGA   2   1   2   2   2   2
    GTG   2   2   2   2   3   2 |     GCG   2   1   1   1   0   0 |     GAG   2   1   1   1   1   1 |     GGG   0   0   0   0   0   0
--------------------------------------------------------------------------------------------------------------------------------------

--------------------------------------------------------------------------------------------------------------------------------------
Phe TTT   2   2   2   2   2   1 | Ser TCT   2   2   2   2   2   2 | Tyr TAT   0   0   0   0   0   0 | Cys TGT   0   0   0   0   0   0
    TTC   0   0   0   0   0   1 |     TCC   0   0   0   0   0   0 |     TAC   3   3   3   3   3   3 |     TGC   0   0   0   0   0   0
Leu TTA   1   1   1   1   1   1 |     TCA   0   0   0   0   0   0 | *** TAA   0   0   0   0   0   0 | *** TGA   0   0   0   0   0   0
    TTG   0   0   0   0   0   0 |     TCG   0   0   0   0   0   0 |     TAG   0   0   0   0   0   0 | Trp TGG   0   0   0   0   0   0
--------------------------------------------------------------------------------------------------------------------------------------
Leu CTT   0   0   0   0   0   0 | Pro CCT   0   0   0   0   0   0 | His CAT   0   0   0   0   0   0 | Arg CGT   0   0   0   0   0   0
    CTC   1   1   1   1   1   1 |     CCC   0   0   0   0   0   0 |     CAC   2   2   2   2   2   2 |     CGC   0   0   0   0   0   0
    CTA   0   0   0   0   0   0 |     CCA   2   2   2   2   2   2 | Gln CAA   0   0   0   0   0   0 |     CGA   1   1   1   1   1   1
    CTG   2   2   2   2   2   2 |     CCG   0   0   0   0   0   0 |     CAG   1   1   1   1   1   1 |     CGG   0   0   0   0   0   0
--------------------------------------------------------------------------------------------------------------------------------------
Ile ATT   2   2   2   2   2   2 | Thr ACT   1   1   1   1   1   1 | Asn AAT   1   1   1   1   1   1 | Ser AGT   2   2   2   2   2   2
    ATC   1   1   1   1   1   1 |     ACC   0   0   0   0   0   0 |     AAC   3   3   3   3   3   3 |     AGC   0   0   0   0   0   0
    ATA   2   2   2   2   2   2 |     ACA   1   1   1   1   1   1 | Lys AAA   4   4   5   4   4   4 | Arg AGA   1   1   1   1   1   1
Met ATG   0   0   0   0   0   0 |     ACG   0   0   0   0   0   0 |     AAG   6   6   5   6   6   6 |     AGG   1   1   1   1   1   1
--------------------------------------------------------------------------------------------------------------------------------------
Val GTT   1   1   1   1   1   1 | Ala GCT   2   3   2   2   1   2 | Asp GAT   1   1   1   1   1   1 | Gly GGT   1   1   1   1   1   1
    GTC   0   0   0   0   0   1 |     GCC   2   1   2   2   2   1 |     GAC   0   0   0   0   0   0 |     GGC   1   1   1   1   1   1
    GTA   1   1   1   1   1   1 |     GCA   5   5   5   6   6   6 | Glu GAA   3   3   3   3   3   3 |     GGA   2   2   2   2   2   2
    GTG   2   2   2   2   2   1 |     GCG   1   1   1   0   1   1 |     GAG   1   1   1   1   1   1 |     GGG   0   0   0   0   0   0
--------------------------------------------------------------------------------------------------------------------------------------

--------------------------------------------------------------------------------------------------------------------------------------
Phe TTT   2   2   2   2   2   2 | Ser TCT   2   2   2   2   2   2 | Tyr TAT   0   0   0   0   0   0 | Cys TGT   0   0   0   0   0   0
    TTC   0   0   0   0   0   0 |     TCC   0   0   0   0   0   0 |     TAC   3   3   3   3   3   3 |     TGC   0   0   0   0   0   0
Leu TTA   1   1   1   1   1   1 |     TCA   0   0   0   0   0   0 | *** TAA   0   0   0   0   0   0 | *** TGA   0   0   0   0   0   0
    TTG   0   0   0   0   0   0 |     TCG   0   0   0   0   0   0 |     TAG   0   0   0   0   0   0 | Trp TGG   0   0   0   0   0   0
--------------------------------------------------------------------------------------------------------------------------------------
Leu CTT   0   0   0   0   0   0 | Pro CCT   0   0   0   0   0   0 | His CAT   0   0   0   0   0   0 | Arg CGT   0   0   0   0   0   0
    CTC   1   1   1   1   1   1 |     CCC   0   0   0   0   0   0 |     CAC   2   2   2   2   2   2 |     CGC   0   0   0   0   0   0
    CTA   0   0   1   0   0   0 |     CCA   2   2   2   2   2   2 | Gln CAA   0   0   0   0   0   0 |     CGA   1   1   1   1   1   1
    CTG   2   2   1   2   2   2 |     CCG   0   0   0   0   0   0 |     CAG   1   1   1   1   1   1 |     CGG   0   0   0   0   0   0
--------------------------------------------------------------------------------------------------------------------------------------
Ile ATT   2   2   2   2   2   1 | Thr ACT   1   1   1   1   1   1 | Asn AAT   1   1   1   1   1   1 | Ser AGT   1   2   2   2   2   1
    ATC   1   1   1   1   1   2 |     ACC   0   0   0   0   0   0 |     AAC   3   3   3   3   3   3 |     AGC   1   0   0   0   0   1
    ATA   2   2   2   2   2   2 |     ACA   1   1   1   1   1   1 | Lys AAA   4   4   4   4   4   4 | Arg AGA   1   1   1   1   1   1
Met ATG   0   0   0   0   0   0 |     ACG   0   0   0   0   0   0 |     AAG   6   6   6   6   6   6 |     AGG   1   1   1   1   1   1
--------------------------------------------------------------------------------------------------------------------------------------
Val GTT   1   1   1   1   1   1 | Ala GCT   2   1   2   2   3   2 | Asp GAT   1   1   1   1   1   1 | Gly GGT   1   1   1   1   1   1
    GTC   0   0   0   0   0   0 |     GCC   2   2   1   1   1   2 |     GAC   0   0   0   0   0   0 |     GGC   1   1   1   1   1   1
    GTA   1   1   1   1   1   1 |     GCA   6   5   6   6   5   5 | Glu GAA   3   3   3   3   3   3 |     GGA   2   2   2   2   2   2
    GTG   2   2   2   2   2   2 |     GCG   0   2   1   1   1   1 |     GAG   1   1   1   1   1   1 |     GGG   0   0   0   0   0   0
--------------------------------------------------------------------------------------------------------------------------------------

--------------------------------------------------------------------------------------------------------------------------------------
Phe TTT   2   2   2   1   2   2 | Ser TCT   2   2   2   2   2   2 | Tyr TAT   0   1   0   0   0   0 | Cys TGT   0   0   0   0   0   0
    TTC   0   0   0   1   0   0 |     TCC   0   0   0   0   0   0 |     TAC   3   2   3   3   3   3 |     TGC   0   0   0   0   0   0
Leu TTA   1   1   1   1   1   1 |     TCA   0   0   0   0   0   0 | *** TAA   0   0   0   0   0   0 | *** TGA   0   0   0   0   0   0
    TTG   0   0   0   0   0   0 |     TCG   0   0   0   0   0   0 |     TAG   0   0   0   0   0   0 | Trp TGG   0   0   0   0   0   0
--------------------------------------------------------------------------------------------------------------------------------------
Leu CTT   0   0   0   0   0   0 | Pro CCT   0   0   0   0   0   0 | His CAT   0   0   0   0   0   0 | Arg CGT   0   0   0   0   0   0
    CTC   1   1   1   1   1   1 |     CCC   0   0   0   0   0   0 |     CAC   2   2   2   2   2   2 |     CGC   0   0   0   0   0   0
    CTA   0   0   0   0   0   0 |     CCA   2   2   2   1   2   2 | Gln CAA   0   0   0   0   0   0 |     CGA   1   1   1   1   1   1
    CTG   2   2   2   2   2   2 |     CCG   0   0   0   1   0   0 |     CAG   1   1   1   1   1   1 |     CGG   0   0   0   0   0   0
--------------------------------------------------------------------------------------------------------------------------------------
Ile ATT   2   2   2   2   2   2 | Thr ACT   1   1   1   1   1   1 | Asn AAT   1   1   1   1   1   1 | Ser AGT   2   2   2   2   2   2
    ATC   1   1   1   1   1   1 |     ACC   0   0   0   0   0   0 |     AAC   3   3   3   3   3   3 |     AGC   0   0   0   0   0   0
    ATA   2   2   2   2   2   2 |     ACA   0   1   1   1   1   1 | Lys AAA   4   4   4   4   4   4 | Arg AGA   1   1   1   1   1   1
Met ATG   0   0   0   0   0   0 |     ACG   1   0   0   0   0   0 |     AAG   5   6   6   6   6   6 |     AGG   1   1   1   1   1   1
--------------------------------------------------------------------------------------------------------------------------------------
Val GTT   1   1   1   1   1   1 | Ala GCT   1   3   2   3   3   3 | Asp GAT   1   1   1   1   1   1 | Gly GGT   1   1   1   0   1   1
    GTC   0   0   0   0   0   0 |     GCC   2   1   2   1   1   1 |     GAC   0   0   0   0   0   0 |     GGC   1   1   1   2   2   2
    GTA   1   1   1   1   1   1 |     GCA   6   5   5   5   5   5 | Glu GAA   3   3   3   3   3   3 |     GGA   2   2   2   1   1   1
    GTG   2   2   2   2   2   2 |     GCG   1   1   1   1   1   1 |     GAG   2   1   1   1   1   1 |     GGG   0   0   0   1   0   0
--------------------------------------------------------------------------------------------------------------------------------------

Codon position x base (3x4) table for each sequence.

#1: Argali         
position  1:    T:0.12308    C:0.13846    A:0.38462    G:0.35385
position  2:    T:0.23077    C:0.24615    A:0.38462    G:0.13846
position  3:    T:0.23077    C:0.20000    A:0.35385    G:0.21538
Average         T:0.19487    C:0.19487    A:0.37436    G:0.23590

#2: LesserMouseDeer
position  1:    T:0.10769    C:0.15385    A:0.38462    G:0.35385
position  2:    T:0.23077    C:0.24615    A:0.38462    G:0.13846
position  3:    T:0.23077    C:0.23077    A:0.30769    G:0.23077
Average         T:0.18974    C:0.21026    A:0.35897    G:0.24103

#3: LesserKudu     
position  1:    T:0.12308    C:0.13846    A:0.38462    G:0.35385
position  2:    T:0.23077    C:0.24615    A:0.38462    G:0.13846
position  3:    T:0.26154    C:0.18462    A:0.33846    G:0.21538
Average         T:0.20513    C:0.18974    A:0.36923    G:0.23590

#4: ForestMuskDeer2
position  1:    T:0.12308    C:0.13846    A:0.38462    G:0.35385
position  2:    T:0.23077    C:0.24615    A:0.38462    G:0.13846
position  3:    T:0.21538    C:0.21538    A:0.32308    G:0.24615
Average         T:0.18974    C:0.20000    A:0.36410    G:0.24615

#5: Camel          
position  1:    T:0.12308    C:0.13846    A:0.38462    G:0.35385
position  2:    T:0.23077    C:0.24615    A:0.38462    G:0.13846
position  3:    T:0.24615    C:0.16923    A:0.32308    G:0.26154
Average         T:0.20000    C:0.18462    A:0.36410    G:0.25128

#6: KillerWhale    
position  1:    T:0.12308    C:0.13846    A:0.38462    G:0.35385
position  2:    T:0.23077    C:0.24615    A:0.38462    G:0.13846
position  3:    T:0.26154    C:0.18462    A:0.33846    G:0.21538
Average         T:0.20513    C:0.18974    A:0.36923    G:0.23590

#7: DefassaWaterbuck
position  1:    T:0.12308    C:0.13846    A:0.38462    G:0.35385
position  2:    T:0.23077    C:0.24615    A:0.38462    G:0.13846
position  3:    T:0.23077    C:0.20000    A:0.35385    G:0.21538
Average         T:0.19487    C:0.19487    A:0.37436    G:0.23590

#8: Sheep          
position  1:    T:0.12308    C:0.13846    A:0.38462    G:0.35385
position  2:    T:0.23077    C:0.24615    A:0.38462    G:0.13846
position  3:    T:0.23077    C:0.20000    A:0.35385    G:0.21538
Average         T:0.19487    C:0.19487    A:0.37436    G:0.23590

#9: MaxwellsDuiker 
position  1:    T:0.12308    C:0.15385    A:0.36923    G:0.35385
position  2:    T:0.23077    C:0.24615    A:0.38462    G:0.13846
position  3:    T:0.23077    C:0.20000    A:0.33846    G:0.23077
Average         T:0.19487    C:0.20000    A:0.36410    G:0.24103

#10: GazellaPrzewalskyi
position  1:    T:0.12308    C:0.13846    A:0.38462    G:0.35385
position  2:    T:0.23077    C:0.24615    A:0.38462    G:0.13846
position  3:    T:0.23077    C:0.20000    A:0.36923    G:0.20000
Average         T:0.19487    C:0.19487    A:0.37949    G:0.23077

#11: MountainNyala  
position  1:    T:0.12308    C:0.13846    A:0.38462    G:0.35385
position  2:    T:0.23077    C:0.24615    A:0.38462    G:0.13846
position  3:    T:0.24615    C:0.20000    A:0.33846    G:0.21538
Average         T:0.20000    C:0.19487    A:0.36923    G:0.23590

#12: MuntiacusMuntjak
position  1:    T:0.12308    C:0.13846    A:0.38462    G:0.35385
position  2:    T:0.23077    C:0.24615    A:0.38462    G:0.13846
position  3:    T:0.23077    C:0.18462    A:0.38462    G:0.20000
Average         T:0.19487    C:0.18974    A:0.38462    G:0.23077

#13: goat           
position  1:    T:0.12308    C:0.13846    A:0.38462    G:0.35385
position  2:    T:0.23077    C:0.24615    A:0.38462    G:0.13846
position  3:    T:0.24615    C:0.18462    A:0.35385    G:0.21538
Average         T:0.20000    C:0.18974    A:0.37436    G:0.23590

#14: AfricanBuffalo 
position  1:    T:0.12308    C:0.13846    A:0.38462    G:0.35385
position  2:    T:0.23077    C:0.24615    A:0.38462    G:0.13846
position  3:    T:0.23077    C:0.20000    A:0.33846    G:0.23077
Average         T:0.19487    C:0.19487    A:0.36923    G:0.24103

#15: Topi           
position  1:    T:0.12308    C:0.13846    A:0.38462    G:0.35385
position  2:    T:0.23077    C:0.24615    A:0.38462    G:0.13846
position  3:    T:0.23077    C:0.20000    A:0.36923    G:0.20000
Average         T:0.19487    C:0.19487    A:0.37949    G:0.23077

#16: CommonDuiker   
position  1:    T:0.13846    C:0.13846    A:0.36923    G:0.35385
position  2:    T:0.23077    C:0.24615    A:0.38462    G:0.13846
position  3:    T:0.23077    C:0.20000    A:0.35385    G:0.21538
Average         T:0.20000    C:0.19487    A:0.36923    G:0.23590

#17: Suni           
position  1:    T:0.12308    C:0.13846    A:0.38462    G:0.35385
position  2:    T:0.23077    C:0.24615    A:0.38462    G:0.13846
position  3:    T:0.24615    C:0.18462    A:0.36923    G:0.20000
Average         T:0.20000    C:0.18974    A:0.37949    G:0.23077

#18: Springbuck     
position  1:    T:0.12308    C:0.13846    A:0.36923    G:0.36923
position  2:    T:0.23077    C:0.24615    A:0.38462    G:0.13846
position  3:    T:0.21538    C:0.18462    A:0.36923    G:0.23077
Average         T:0.18974    C:0.18974    A:0.37436    G:0.24615

#19: Okapi          
position  1:    T:0.12308    C:0.13846    A:0.38462    G:0.35385
position  2:    T:0.23077    C:0.24615    A:0.36923    G:0.15385
position  3:    T:0.24615    C:0.18462    A:0.33846    G:0.23077
Average         T:0.20000    C:0.18974    A:0.36410    G:0.24615

#20: Giraffe        
position  1:    T:0.12308    C:0.13846    A:0.38462    G:0.35385
position  2:    T:0.23077    C:0.24615    A:0.38462    G:0.13846
position  3:    T:0.24615    C:0.18462    A:0.33846    G:0.23077
Average         T:0.20000    C:0.18974    A:0.36923    G:0.24103

#21: TibetanAntelope
position  1:    T:0.12308    C:0.13846    A:0.38462    G:0.35385
position  2:    T:0.23077    C:0.24615    A:0.38462    G:0.13846
position  3:    T:0.21538    C:0.21538    A:0.35385    G:0.21538
Average         T:0.18974    C:0.20000    A:0.37436    G:0.23590

#22: Sitatunga      
position  1:    T:0.12308    C:0.13846    A:0.38462    G:0.35385
position  2:    T:0.23077    C:0.24615    A:0.38462    G:0.13846
position  3:    T:0.24615    C:0.20000    A:0.33846    G:0.21538
Average         T:0.20000    C:0.19487    A:0.36923    G:0.23590

#23: Oribi          
position  1:    T:0.12308    C:0.13846    A:0.38462    G:0.35385
position  2:    T:0.23077    C:0.24615    A:0.38462    G:0.13846
position  3:    T:0.21538    C:0.20000    A:0.35385    G:0.23077
Average         T:0.18974    C:0.19487    A:0.37436    G:0.24103

#24: BarbarySheep   
position  1:    T:0.12308    C:0.13846    A:0.38462    G:0.35385
position  2:    T:0.23077    C:0.24615    A:0.38462    G:0.13846
position  3:    T:0.23077    C:0.20000    A:0.35385    G:0.21538
Average         T:0.19487    C:0.19487    A:0.37436    G:0.23590

#25: Daviddeer      
position  1:    T:0.12308    C:0.13846    A:0.38462    G:0.35385
position  2:    T:0.23077    C:0.24615    A:0.38462    G:0.13846
position  3:    T:0.21538    C:0.20000    A:0.36923    G:0.21538
Average         T:0.18974    C:0.19487    A:0.37949    G:0.23590

#26: Reindeer       
position  1:    T:0.12308    C:0.13846    A:0.38462    G:0.35385
position  2:    T:0.23077    C:0.24615    A:0.38462    G:0.13846
position  3:    T:0.23077    C:0.18462    A:0.38462    G:0.20000
Average         T:0.19487    C:0.18974    A:0.38462    G:0.23077

#27: Ibex           
position  1:    T:0.12308    C:0.13846    A:0.38462    G:0.35385
position  2:    T:0.23077    C:0.24615    A:0.38462    G:0.13846
position  3:    T:0.23077    C:0.20000    A:0.35385    G:0.21538
Average         T:0.19487    C:0.19487    A:0.37436    G:0.23590

#28: GyrantGazelle  
position  1:    T:0.12308    C:0.13846    A:0.38462    G:0.35385
position  2:    T:0.23077    C:0.24615    A:0.36923    G:0.15385
position  3:    T:0.21538    C:0.20000    A:0.35385    G:0.23077
Average         T:0.18974    C:0.19487    A:0.36923    G:0.24615

#29: Hartebeest     
position  1:    T:0.12308    C:0.13846    A:0.38462    G:0.35385
position  2:    T:0.23077    C:0.24615    A:0.38462    G:0.13846
position  3:    T:0.23077    C:0.20000    A:0.36923    G:0.20000
Average         T:0.19487    C:0.19487    A:0.37949    G:0.23077

#30: Bongo          
position  1:    T:0.12308    C:0.13846    A:0.38462    G:0.35385
position  2:    T:0.23077    C:0.24615    A:0.38462    G:0.13846
position  3:    T:0.24615    C:0.20000    A:0.33846    G:0.21538
Average         T:0.20000    C:0.19487    A:0.36923    G:0.23590

#31: Gerenuk        
position  1:    T:0.12308    C:0.13846    A:0.36923    G:0.36923
position  2:    T:0.23077    C:0.24615    A:0.38462    G:0.13846
position  3:    T:0.21538    C:0.20000    A:0.35385    G:0.23077
Average         T:0.18974    C:0.19487    A:0.36923    G:0.24615

#32: CommonEland    
position  1:    T:0.12308    C:0.13846    A:0.38462    G:0.35385
position  2:    T:0.23077    C:0.24615    A:0.38462    G:0.13846
position  3:    T:0.24615    C:0.20000    A:0.33846    G:0.21538
Average         T:0.20000    C:0.19487    A:0.36923    G:0.23590

#33: MuntiacusReevesi
position  1:    T:0.12308    C:0.13846    A:0.38462    G:0.35385
position  2:    T:0.23077    C:0.24615    A:0.38462    G:0.13846
position  3:    T:0.23077    C:0.18462    A:0.38462    G:0.20000
Average         T:0.19487    C:0.18974    A:0.38462    G:0.23077

#34: HarveysDuiker  
position  1:    T:0.12308    C:0.15385    A:0.36923    G:0.35385
position  2:    T:0.23077    C:0.24615    A:0.38462    G:0.13846
position  3:    T:0.23077    C:0.20000    A:0.35385    G:0.21538
Average         T:0.19487    C:0.20000    A:0.36923    G:0.23590

#35: Pronghorn      
position  1:    T:0.12308    C:0.13846    A:0.38462    G:0.35385
position  2:    T:0.23077    C:0.24615    A:0.36923    G:0.15385
position  3:    T:0.23077    C:0.21538    A:0.32308    G:0.23077
Average         T:0.19487    C:0.20000    A:0.35897    G:0.24615

#36: BlueWildebeest 
position  1:    T:0.12308    C:0.13846    A:0.38462    G:0.35385
position  2:    T:0.23077    C:0.24615    A:0.38462    G:0.13846
position  3:    T:0.23077    C:0.20000    A:0.36923    G:0.20000
Average         T:0.19487    C:0.19487    A:0.37949    G:0.23077

#37: Gemsbok        
position  1:    T:0.12308    C:0.13846    A:0.38462    G:0.35385
position  2:    T:0.23077    C:0.24615    A:0.38462    G:0.13846
position  3:    T:0.23077    C:0.20000    A:0.35385    G:0.21538
Average         T:0.19487    C:0.19487    A:0.37436    G:0.23590

#38: Yak            
position  1:    T:0.12308    C:0.13846    A:0.38462    G:0.35385
position  2:    T:0.23077    C:0.24615    A:0.38462    G:0.13846
position  3:    T:0.24615    C:0.18462    A:0.35385    G:0.21538
Average         T:0.20000    C:0.18974    A:0.37436    G:0.23590

#39: BlueSheep      
position  1:    T:0.12308    C:0.13846    A:0.38462    G:0.35385
position  2:    T:0.23077    C:0.24615    A:0.38462    G:0.13846
position  3:    T:0.23077    C:0.20000    A:0.36923    G:0.20000
Average         T:0.19487    C:0.19487    A:0.37949    G:0.23077

#40: BohorReedbuck  
position  1:    T:0.12308    C:0.13846    A:0.38462    G:0.35385
position  2:    T:0.23077    C:0.24615    A:0.38462    G:0.13846
position  3:    T:0.23077    C:0.20000    A:0.36923    G:0.20000
Average         T:0.19487    C:0.19487    A:0.37949    G:0.23077

#41: KirksDik       
position  1:    T:0.12308    C:0.13846    A:0.38462    G:0.35385
position  2:    T:0.23077    C:0.24615    A:0.38462    G:0.13846
position  3:    T:0.21538    C:0.20000    A:0.36923    G:0.21538
Average         T:0.18974    C:0.19487    A:0.37949    G:0.23590

#42: RoeDeer        
position  1:    T:0.12308    C:0.13846    A:0.38462    G:0.35385
position  2:    T:0.23077    C:0.24615    A:0.38462    G:0.13846
position  3:    T:0.21538    C:0.21538    A:0.36923    G:0.20000
Average         T:0.18974    C:0.20000    A:0.37949    G:0.23077

#43: WhiteLippedDeer
position  1:    T:0.12308    C:0.13846    A:0.38462    G:0.35385
position  2:    T:0.23077    C:0.24615    A:0.38462    G:0.13846
position  3:    T:0.21538    C:0.21538    A:0.36923    G:0.20000
Average         T:0.18974    C:0.20000    A:0.37949    G:0.23077

#44: ThomsonGazelle 
position  1:    T:0.12308    C:0.13846    A:0.38462    G:0.35385
position  2:    T:0.23077    C:0.24615    A:0.38462    G:0.13846
position  3:    T:0.21538    C:0.20000    A:0.35385    G:0.23077
Average         T:0.18974    C:0.19487    A:0.37436    G:0.24103

#45: MuntiacusCrinifrons
position  1:    T:0.12308    C:0.13846    A:0.38462    G:0.35385
position  2:    T:0.23077    C:0.24615    A:0.38462    G:0.13846
position  3:    T:0.23077    C:0.18462    A:0.38462    G:0.20000
Average         T:0.19487    C:0.18974    A:0.38462    G:0.23077

#46: WhiteTailedDeer
position  1:    T:0.12308    C:0.13846    A:0.38462    G:0.35385
position  2:    T:0.23077    C:0.24615    A:0.38462    G:0.13846
position  3:    T:0.23077    C:0.18462    A:0.36923    G:0.21538
Average         T:0.19487    C:0.18974    A:0.37949    G:0.23590

#47: Cattle         
position  1:    T:0.12308    C:0.13846    A:0.38462    G:0.35385
position  2:    T:0.23077    C:0.24615    A:0.38462    G:0.13846
position  3:    T:0.24615    C:0.18462    A:0.35385    G:0.21538
Average         T:0.20000    C:0.18974    A:0.37436    G:0.23590

#48: RoyalAntelope  
position  1:    T:0.12308    C:0.13846    A:0.38462    G:0.35385
position  2:    T:0.23077    C:0.24615    A:0.38462    G:0.13846
position  3:    T:0.20000    C:0.23077    A:0.35385    G:0.21538
Average         T:0.18462    C:0.20513    A:0.37436    G:0.23590

#49: Steenbok       
position  1:    T:0.12308    C:0.13846    A:0.36923    G:0.36923
position  2:    T:0.23077    C:0.24615    A:0.38462    G:0.13846
position  3:    T:0.21538    C:0.20000    A:0.35385    G:0.23077
Average         T:0.18974    C:0.19487    A:0.36923    G:0.24615

#50: Impala         
position  1:    T:0.12308    C:0.13846    A:0.38462    G:0.35385
position  2:    T:0.23077    C:0.24615    A:0.38462    G:0.13846
position  3:    T:0.26154    C:0.16923    A:0.35385    G:0.21538
Average         T:0.20513    C:0.18462    A:0.37436    G:0.23590

#51: Klipspringer   
position  1:    T:0.12308    C:0.13846    A:0.38462    G:0.35385
position  2:    T:0.23077    C:0.24615    A:0.38462    G:0.13846
