1
52 1
Argali 0.000000 0.127800 0.070200 0.221400 0.051400 0.000000 0.088100 0.106500 0.071700 0.105700 0.000100 0.051300 0.069400 0.069800 0.126400 0.087400 0.125600 0.069300 0.016700 0.071200 0.069800 0.000100 0.126900 0.088200 0.000000 0.051300 0.069400 0.052700 0.069800 0.052700 0.089200 0.069800 0.090300 0.088100 0.069700 0.105200 0.000000 0.068600 0.069800 0.124200 0.126300 0.051900 0.088200 0.147600 0.087100 0.069800 0.087100 0.088400 0.090500 0.105800 0.052700 0.052700
LesserMous 0.127800 0.000000 0.129000 0.206300 0.107800 0.127800 0.148200 0.168400 0.132200 0.126700 0.126500 0.107700 0.127200 0.128600 0.190200 0.147500 0.127600 0.089000 0.105500 0.131100 0.128600 0.125400 0.149200 0.109100 0.127800 0.107700 0.127200 0.110700 0.128600 0.110700 0.110100 0.128600 0.111600 0.147600 0.128300 0.166000 0.127800 0.087900 0.128600 0.146100 0.148800 0.108500 0.109100 0.171700 0.146000 0.128600 0.146300 0.149100 0.152900 0.126900 0.110700 0.110700
LesserKudu 0.070200 0.129000 0.000000 0.182000 0.051400 0.070200 0.017000 0.034300 0.035100 0.033900 0.070200 0.016800 0.069200 0.000100 0.052200 0.016900 0.051700 0.033900 0.051300 0.034900 0.000100 0.069300 0.052200 0.017000 0.070200 0.016800 0.069200 0.017200 0.000100 0.017200 0.017100 0.000100 0.053000 0.087700 0.069700 0.033900 0.070200 0.068500 0.000100 0.051000 0.052000 0.016900 0.017000 0.070900 0.016800 0.000100 0.016800 0.017100 0.053400 0.033900 0.017200 0.017200
KillerWhal 0.221400 0.206300 0.182000 0.000000 0.199800 0.221400 0.201700 0.222300 0.227300 0.179400 0.220500 0.160100 0.220300 0.181600 0.244900 0.200800 0.180600 0.140900 0.196100 0.225800 0.181600 0.218400 0.203300 0.161700 0.221400 0.160100 0.220300 0.204000 0.181600 0.204000 0.181000 0.181600 0.206100 0.242600 0.222100 0.219500 0.221400 0.218500 0.181600 0.198900 0.202700 0.161200 0.161700 0.224400 0.199000 0.181600 0.199100 0.202700 0.250700 0.179700 0.204000 0.204000
DefassaWat 0.051400 0.107800 0.051400 0.199800 0.000000 0.051400 0.068800 0.086500 0.052400 0.085800 0.051500 0.033400 0.050800 0.051000 0.105700 0.068300 0.104800 0.050700 0.033500 0.052100 0.051000 0.050900 0.105900 0.068800 0.051400 0.032100 0.050800 0.034300 0.051000 0.034300 0.069500 0.051000 0.070300 0.068700 0.051000 0.085600 0.051400 0.016400 0.051000 0.103600 0.105500 0.033700 0.068800 0.125800 0.068000 0.051000 0.068000 0.069000 0.070600 0.085900 0.034300 0.034300
Sheep 0.000000 0.127800 0.070200 0.221400 0.051400 0.000000 0.088100 0.106500 0.071700 0.105700 0.000100 0.051400 0.069400 0.069800 0.126400 0.087400 0.125600 0.069300 0.016700 0.071200 0.069800 0.000100 0.126900 0.088200 0.000000 0.051300 0.069400 0.052700 0.069800 0.052700 0.089200 0.069800 0.090300 0.088100 0.069100 0.105200 0.000000 0.068600 0.069800 0.124200 0.126300 0.051900 0.088200 0.147600 0.087100 0.069800 0.087100 0.088400 0.090500 0.105800 0.052700 0.052700
MaxwellsDu 0.088100 0.148200 0.017000 0.201700 0.068800 0.088100 0.000000 0.051600 0.052900 0.051100 0.088000 0.033800 0.086900 0.016900 0.070000 0.034000 0.069300 0.051200 0.068600 0.052600 0.016900 0.087000 0.070000 0.034100 0.088100 0.033800 0.086900 0.034600 0.016900 0.034600 0.034400 0.016900 0.071000 0.105700 0.087500 0.051100 0.088100 0.086000 0.016900 0.068400 0.034300 0.034000 0.034100 0.089200 0.033700 0.016900 0.033700 0.034400 0.071500 0.051100 0.034600 0.034600
GazellaPrz 0.106500 0.168400 0.034300 0.222300 0.086500 0.106500 0.051600 0.000000 0.071200 0.068700 0.106700 0.051000 0.105300 0.034100 0.088200 0.051300 0.087400 0.068800 0.086600 0.070800 0.034100 0.105400 0.088300 0.051700 0.106500 0.051000 0.105300 0.052300 0.034100 0.052300 0.052200 0.032900 0.089600 0.124600 0.105300 0.068500 0.106500 0.103800 0.034100 0.051000 0.088000 0.051500 0.051700 0.108100 0.051000 0.034100 0.051000 0.051800 0.089900 0.068800 0.052300 0.052300
MountainNy 0.071700 0.132200 0.035100 0.227300 0.052400 0.071700 0.052900 0.071200 0.000000 0.070300 0.071600 0.052300 0.070700 0.035000 0.053400 0.052700 0.089600 0.070400 0.052300 0.035000 0.035000 0.070700 0.090500 0.052900 0.071700 0.052300 0.070700 0.017300 0.035000 0.017300 0.053400 0.035000 0.054200 0.089500 0.071200 0.070300 0.071700 0.069800 0.035000 0.088500 0.090200 0.052700 0.052900 0.110900 0.052200 0.035000 0.052300 0.053300 0.054600 0.070400 0.017300 0.017600
MuntiacusM 0.105700 0.126700 0.033900 0.179400 0.085800 0.105700 0.051100 0.068700 0.070300 0.000000 0.105600 0.050600 0.104100 0.033800 0.087200 0.050900 0.051000 0.033500 0.085600 0.069900 0.033800 0.104300 0.051300 0.016400 0.105700 0.050600 0.104100 0.051700 0.033800 0.051700 0.016900 0.033800 0.052000 0.123100 0.104800 0.033400 0.105700 0.103100 0.033800 0.050400 0.051100 0.051000 0.016400 0.069600 0.016500 0.033800 0.050500 0.051400 0.089200 0.032200 0.051700 0.051700
goat 0.000100 0.126500 0.070200 0.220500 0.051500 0.000100 0.088000 0.106700 0.071600 0.105600 0.000000 0.051400 0.069400 0.069900 0.126300 0.087600 0.125400 0.069200 0.016600 0.071200 0.069900 0.000200 0.126900 0.088100 0.000100 0.051400 0.069400 0.052600 0.069900 0.052600 0.089100 0.069900 0.090200 0.088000 0.069900 0.105400 0.000100 0.068700 0.069900 0.124100 0.126300 0.051800 0.088100 0.147500 0.087000 0.069900 0.086900 0.088600 0.090700 0.105700 0.052600 0.052600
AfricanBuf 0.051300 0.107700 0.016800 0.160100 0.033400 0.051400 0.033800 0.051000 0.052300 0.050600 0.051400 0.000000 0.050800 0.016400 0.069200 0.033600 0.068600 0.016600 0.033400 0.052000 0.016400 0.050800 0.069300 0.033800 0.051300 0.000000 0.050800 0.034200 0.016400 0.034200 0.034100 0.016700 0.070200 0.068600 0.050900 0.050400 0.051300 0.050100 0.016700 0.067800 0.069100 0.000100 0.033800 0.088200 0.033400 0.016300 0.033400 0.033900 0.070500 0.050700 0.034200 0.034200
Topi 0.069400 0.127200 0.069200 0.220300 0.050800 0.069400 0.086900 0.105300 0.070700 0.104100 0.069400 0.050800 0.000000 0.069000 0.124700 0.086600 0.123500 0.068200 0.050600 0.069400 0.069000 0.068500 0.124900 0.086900 0.069400 0.050800 0.000000 0.052000 0.069000 0.052000 0.087800 0.069000 0.088900 0.016400 0.068900 0.104100 0.069400 0.067800 0.069000 0.085800 0.124500 0.051100 0.086900 0.107200 0.085900 0.069000 0.085900 0.086900 0.069700 0.104200 0.052000 0.052000
CommonDuik 0.069800 0.128600 0.000100 0.181600 0.051000 0.069800 0.016900 0.034100 0.035000 0.033800 0.069900 0.016400 0.069000 0.000000 0.052100 0.016800 0.051600 0.033900 0.051100 0.034800 0.000000 0.069100 0.052100 0.016900 0.069800 0.016400 0.069000 0.017200 0.000000 0.017200 0.017100 0.000000 0.052800 0.087500 0.069300 0.032900 0.069800 0.068100 0.000000 0.051000 0.051900 0.016900 0.016900 0.070800 0.016700 0.000000 0.016700 0.017000 0.053100 0.033800 0.017200 0.017200
Suni 0.126400 0.190200 0.052200 0.244900 0.105700 0.126400 0.070000 0.088200 0.053400 0.087200 0.126300 0.069200 0.124700 0.052100 0.000000 0.069700 0.106700 0.087400 0.105500 0.089900 0.052100 0.124800 0.107600 0.070000 0.126400 0.069200 0.124700 0.070900 0.052100 0.070900 0.070600 0.052100 0.109200 0.144500 0.125600 0.087200 0.126400 0.123300 0.052100 0.105300 0.107300 0.069700 0.070000 0.128200 0.069000 0.052100 0.069200 0.070400 0.110000 0.087400 0.070900 0.070900
Springbuck 0.087400 0.147500 0.016900 0.200800 0.068300 0.087400 0.034000 0.051300 0.052700 0.050900 0.087600 0.033600 0.086600 0.016800 0.069700 0.000000 0.069000 0.051000 0.068300 0.052400 0.016800 0.086600 0.069700 0.034000 0.087400 0.033600 0.086600 0.034400 0.016800 0.034400 0.034300 0.016500 0.070700 0.105300 0.086900 0.049400 0.087400 0.085400 0.016800 0.068200 0.069500 0.033900 0.034000 0.088800 0.033600 0.016500 0.033700 0.034100 0.071000 0.050900 0.034400 0.034400
Okapi 0.125600 0.127600 0.051700 0.180600 0.104800 0.125600 0.069300 0.087400 0.089600 0.051000 0.125400 0.068600 0.123500 0.051600 0.106700 0.069000 0.000000 0.051100 0.104600 0.089100 0.051600 0.123900 0.069900 0.034100 0.125600 0.068600 0.123500 0.070200 0.051600 0.070200 0.034400 0.051600 0.070800 0.143200 0.124600 0.086400 0.125600 0.122400 0.051600 0.068300 0.069600 0.069100 0.034100 0.089000 0.068400 0.051600 0.068500 0.069800 0.109100 0.051000 0.070200 0.070200
Giraffe 0.069300 0.089000 0.033900 0.140900 0.050700 0.069300 0.051200 0.068800 0.070400 0.033500 0.069200 0.016600 0.068200 0.033900 0.087400 0.051000 0.051100 0.000000 0.050600 0.070000 0.033900 0.068400 0.051600 0.016800 0.069300 0.016600 0.068200 0.051800 0.033900 0.051800 0.016900 0.033900 0.052300 0.086500 0.068800 0.068100 0.069300 0.067600 0.033900 0.050400 0.051400 0.016700 0.016800 0.070000 0.050600 0.033900 0.050600 0.051500 0.089300 0.033500 0.051800 0.051800
TibetanAnt 0.016700 0.105500 0.051300 0.196100 0.033500 0.016700 0.068600 0.086600 0.052300 0.085600 0.016600 0.033400 0.050600 0.051100 0.105500 0.068300 0.104600 0.050600 0.000000 0.052000 0.051100 0.016400 0.105700 0.068600 0.016700 0.033400 0.050600 0.034200 0.051100 0.034200 0.069400 0.051100 0.070200 0.068300 0.051100 0.085600 0.016700 0.050200 0.051100 0.103400 0.105300 0.033700 0.068600 0.125500 0.067900 0.051100 0.067800 0.069100 0.070700 0.085700 0.034200 0.034200
Sitatunga 0.071200 0.131100 0.034900 0.225800 0.052100 0.071200 0.052600 0.070800 0.035000 0.069900 0.071200 0.052000 0.069400 0.034800 0.089900 0.052400 0.089100 0.070000 0.052000 0.000000 0.034800 0.070300 0.089900 0.052600 0.071200 0.052000 0.069400 0.017400 0.034800 0.017400 0.053100 0.034800 0.053800 0.088200 0.070800 0.069900 0.071200 0.069400 0.034800 0.087900 0.089600 0.052400 0.052600 0.110100 0.051900 0.034800 0.052000 0.017400 0.053500 0.070000 0.017400 0.017400
Oribi 0.069800 0.128600 0.000100 0.181600 0.051000 0.069800 0.016900 0.034100 0.035000 0.033800 0.069900 0.016400 0.069000 0.000000 0.052100 0.016800 0.051600 0.033900 0.051100 0.034800 0.000000 0.069100 0.052100 0.016900 0.069800 0.016500 0.069000 0.017200 0.000000 0.017200 0.017100 0.000000 0.052800 0.087500 0.069300 0.032800 0.069800 0.068100 0.000000 0.051000 0.051900 0.016900 0.016900 0.070800 0.016700 0.000000 0.016700 0.017000 0.053100 0.033800 0.017200 0.017200
BarbaryShe 0.000100 0.125400 0.069300 0.218400 0.050900 0.000100 0.087000 0.105400 0.070700 0.104300 0.000200 0.050800 0.068500 0.069100 0.124800 0.086600 0.123900 0.068400 0.016400 0.070300 0.069100 0.000000 0.125200 0.087000 0.000100 0.050800 0.068500 0.052000 0.069100 0.052000 0.088000 0.069100 0.089000 0.086900 0.069000 0.104100 0.000100 0.067900 0.069100 0.122900 0.124600 0.051200 0.087000 0.145600 0.086000 0.069100 0.085900 0.087500 0.089600 0.104400 0.052000 0.052000
Daviddeer 0.126900 0.149200 0.052200 0.203300 0.105900 0.126900 0.070000 0.088300 0.090500 0.051300 0.126900 0.069300 0.124900 0.052100 0.107600 0.069700 0.069900 0.051600 0.105700 0.089900 0.052100 0.125200 0.000000 0.034300 0.126900 0.069300 0.124900 0.070900 0.052100 0.070900 0.034800 0.052100 0.071300 0.144900 0.125800 0.087300 0.126900 0.123700 0.052100 0.069100 0.050800 0.069800 0.034300 0.089500 0.069200 0.052100 0.069200 0.070500 0.091100 0.051400 0.070900 0.070900
Reindeer 0.088200 0.109100 0.017000 0.161700 0.068800 0.088200 0.034100 0.051700 0.052900 0.016400 0.088100 0.033800 0.086900 0.016900 0.070000 0.034000 0.034100 0.016800 0.068600 0.052600 0.016900 0.087000 0.034300 0.000000 0.088200 0.033800 0.086900 0.034600 0.016900 0.034600 0.000100 0.016900 0.034800 0.105700 0.087600 0.051100 0.088200 0.086000 0.016900 0.033700 0.034200 0.034000 0.000000 0.052400 0.033700 0.016900 0.033700 0.034400 0.071500 0.016400 0.034600 0.034600
Ibex 0.000000 0.127800 0.070200 0.221400 0.051400 0.000000 0.088100 0.106500 0.071700 0.105700 0.000100 0.051300 0.069400 0.069800 0.126400 0.087400 0.125600 0.069300 0.016700 0.071200 0.069800 0.000100 0.126900 0.088200 0.000000 0.051100 0.069400 0.052700 0.069800 0.052700 0.089200 0.069800 0.090300 0.088100 0.069700 0.105200 0.000000 0.068600 0.069800 0.124200 0.126300 0.051900 0.088200 0.147600 0.087100 0.069800 0.087100 0.088400 0.090500 0.105800 0.052700 0.052700
GyrantGaze 0.051300 0.107700 0.016800 0.160100 0.032100 0.051300 0.033800 0.051000 0.052300 0.050600 0.051400 0.000000 0.050800 0.016400 0.069200 0.033600 0.068600 0.016600 0.033400 0.052000 0.016500 0.050800 0.069300 0.033800 0.051100 0.000000 0.050800 0.034200 0.016300 0.034200 0.034100 0.016200 0.070200 0.068600 0.050900 0.050400 0.051300 0.050100 0.016300 0.067800 0.069100 0.000100 0.033800 0.088200 0.033400 0.016700 0.033400 0.033900 0.070500 0.050700 0.034200 0.034200
Hartebeest 0.069400 0.127200 0.069200 0.220300 0.050800 0.069400 0.086900 0.105300 0.070700 0.104100 0.069400 0.050800 0.000000 0.069000 0.124700 0.086600 0.123500 0.068200 0.050600 0.069400 0.069000 0.068500 0.124900 0.086900 0.069400 0.050800 0.000000 0.052000 0.069000 0.052000 0.087800 0.069000 0.088900 0.016100 0.068900 0.104100 0.069400 0.067800 0.069000 0.085800 0.124500 0.051100 0.086900 0.107200 0.085900 0.069000 0.085900 0.086900 0.069700 0.104200 0.052000 0.052000
Bongo 0.052700 0.110700 0.017200 0.204000 0.034300 0.052700 0.034600 0.052300 0.017300 0.051700 0.052600 0.034200 0.052000 0.017200 0.070900 0.034400 0.070200 0.051800 0.034200 0.017400 0.017200 0.052000 0.070900 0.034600 0.052700 0.034200 0.052000 0.000000 0.017200 0.000000 0.034900 0.017200 0.035400 0.070200 0.052400 0.051700 0.052700 0.051400 0.017200 0.069400 0.070700 0.034500 0.034600 0.090400 0.034100 0.017200 0.034200 0.034800 0.035700 0.051800 0.000000 0.000000
Gerenuk 0.069800 0.128600 0.000100 0.181600 0.051000 0.069800 0.016900 0.034100 0.035000 0.033800 0.069900 0.016400 0.069000 0.000000 0.052100 0.016800 0.051600 0.033900 0.051100 0.034800 0.000000 0.069100 0.052100 0.016900 0.069800 0.016300 0.069000 0.017200 0.000000 0.017200 0.017100 0.000000 0.052800 0.087500 0.069300 0.033700 0.069900 0.068100 0.000000 0.051000 0.051900 0.016900 0.016900 0.070800 0.016700 0.000000 0.016700 0.017000 0.053100 0.033800 0.017200 0.017200
CommonElan 0.052700 0.110700 0.017200 0.204000 0.034300 0.052700 0.034600 0.052300 0.017300 0.051700 0.052600 0.034200 0.052000 0.017200 0.070900 0.034400 0.070200 0.051800 0.034200 0.017400 0.017200 0.052000 0.070900 0.034600 0.052700 0.034200 0.052000 0.000000 0.017200 0.000000 0.034900 0.017200 0.035400 0.070200 0.052400 0.051700 0.052700 0.051400 0.017200 0.069400 0.070700 0.034500 0.034600 0.090400 0.034100 0.017200 0.034200 0.034800 0.035700 0.051800 0.000000 0.000000
MuntiacusR 0.089200 0.110100 0.017100 0.181000 0.069500 0.089200 0.034400 0.052200 0.053400 0.016900 0.089100 0.034100 0.087800 0.017100 0.070600 0.034300 0.034400 0.016900 0.069400 0.053100 0.017100 0.088000 0.034800 0.000100 0.089200 0.034100 0.087800 0.034900 0.017100 0.034900 0.000000 0.017100 0.035200 0.088100 0.088500 0.051600 0.089200 0.086900 0.017100 0.048100 0.034600 0.034400 0.000100 0.053100 0.034000 0.017100 0.034000 0.034700 0.072300 0.016900 0.034900 0.034900
HarveysDui 0.069800 0.128600 0.000100 0.181600 0.051000 0.069800 0.016900 0.032900 0.035000 0.033800 0.069900 0.016700 0.069000 0.000000 0.052100 0.016500 0.051600 0.033900 0.051100 0.034800 0.000000 0.069100 0.052100 0.016900 0.069800 0.016200 0.069000 0.017200 0.000000 0.017200 0.017100 0.000000 0.052800 0.087500 0.069300 0.033000 0.069800 0.068100 0.000000 0.051000 0.051900 0.016900 0.016900 0.070800 0.016700 0.000000 0.016700 0.017000 0.053100 0.033800 0.017200 0.017200
Pronghorn 0.090300 0.111600 0.053000 0.206100 0.070300 0.090300 0.071000 0.089600 0.054200 0.052000 0.090200 0.070200 0.088900 0.052800 0.109200 0.070700 0.070800 0.052300 0.070200 0.053800 0.052800 0.089000 0.071300 0.034800 0.090300 0.070200 0.088900 0.035400 0.052800 0.035400 0.035200 0.052800 0.000000 0.108200 0.089600 0.088500 0.090300 0.087900 0.052800 0.070100 0.071100 0.070800 0.034800 0.090900 0.070100 0.052800 0.070100 0.071500 0.073200 0.049200 0.035400 0.035400
BlueWildeb 0.088100 0.147600 0.087700 0.242600 0.068700 0.088100 0.105700 0.124600 0.089500 0.123100 0.088000 0.068600 0.016400 0.087500 0.144500 0.105300 0.143200 0.086500 0.068300 0.088200 0.087500 0.086900 0.144900 0.105700 0.088100 0.068600 0.016100 0.070200 0.087500 0.070200 0.088100 0.087500 0.108200 0.000000 0.087300 0.123100 0.088100 0.085900 0.087500 0.104500 0.144400 0.069100 0.105700 0.126900 0.104500 0.087500 0.104400 0.105800 0.088400 0.123200 0.070200 0.070200
Gemsbok 0.069700 0.128300 0.069700 0.222100 0.051000 0.069100 0.087500 0.105300 0.071200 0.104800 0.069900 0.050900 0.068900 0.069300 0.125600 0.086900 0.124600 0.068800 0.051100 0.070800 0.069300 0.069000 0.125800 0.087600 0.069700 0.050900 0.068900 0.052400 0.069300 0.052400 0.088500 0.069300 0.089600 0.087300 0.000000 0.104400 0.069700 0.068000 0.069300 0.123100 0.125400 0.051500 0.087600 0.108000 0.086400 0.069300 0.086500 0.087800 0.089900 0.104900 0.052400 0.052400
Yak 0.105200 0.166000 0.033900 0.219500 0.085600 0.105200 0.051100 0.068500 0.070300 0.033400 0.105400 0.050400 0.104100 0.032900 0.087200 0.049400 0.086400 0.068100 0.085600 0.069900 0.032800 0.104100 0.087300 0.051100 0.105200 0.050400 0.104100 0.051700 0.033700 0.051700 0.051600 0.033000 0.088500 0.123100 0.104400 0.000000 0.105200 0.102700 0.033700 0.085400 0.087000 0.051000 0.051100 0.106700 0.016500 0.033700 0.050500 0.051200 0.088800 0.068000 0.051700 0.051700
BlueSheep 0.000000 0.127800 0.070200 0.221400 0.051400 0.000000 0.088100 0.106500 0.071700 0.105700 0.000100 0.051300 0.069400 0.069800 0.126400 0.087400 0.125600 0.069300 0.016700 0.071200 0.069800 0.000100 0.126900 0.088200 0.000000 0.051300 0.069400 0.052700 0.069900 0.052700 0.089200 0.069800 0.090300 0.088100 0.069700 0.105200 0.000000 0.068600 0.069800 0.124200 0.126300 0.051900 0.088200 0.147600 0.087100 0.069800 0.087100 0.088400 0.090500 0.105800 0.052700 0.052700
BohorReedb 0.068600 0.087900 0.068500 0.218500 0.016400 0.068600 0.086000 0.103800 0.069800 0.103100 0.068700 0.050100 0.067800 0.068100 0.123300 0.085400 0.122400 0.067600 0.050200 0.069400 0.068100 0.067900 0.123700 0.086000 0.068600 0.050100 0.067800 0.051400 0.068100 0.051400 0.086900 0.068100 0.087900 0.085900 0.068000 0.102700 0.068600 0.000000 0.068100 0.120900 0.123200 0.050600 0.086000 0.143800 0.085000 0.068100 0.085000 0.086200 0.088200 0.103200 0.051400 0.051400
KirksDik 0.069800 0.128600 0.000100 0.181600 0.051000 0.069800 0.016900 0.034100 0.035000 0.033800 0.069900 0.016700 0.069000 0.000000 0.052100 0.016800 0.051600 0.033900 0.051100 0.034800 0.000000 0.069100 0.052100 0.016900 0.069800 0.016300 0.069000 0.017200 0.000000 0.017200 0.017100 0.000000 0.052800 0.087500 0.069300 0.033700 0.069800 0.068100 0.000000 0.051000 0.051900 0.016900 0.016900 0.070800 0.016700 0.000000 0.016700 0.017000 0.053100 0.033800 0.017200 0.017200
RoeDeer 0.124200 0.146100 0.051000 0.198900 0.103600 0.124200 0.068400 0.051000 0.088500 0.050400 0.124100 0.067800 0.085800 0.051000 0.105300 0.068200 0.068300 0.050400 0.103400 0.087900 0.051000 0.122900 0.069100 0.033700 0.124200 0.067800 0.085800 0.069400 0.051000 0.069400 0.048100 0.051000 0.070100 0.104500 0.123100 0.085400 0.124200 0.120900 0.051000 0.000000 0.068800 0.068300 0.033700 0.051900 0.067600 0.051000 0.067600 0.068900 0.107700 0.050400 0.069400 0.069400
WhiteLippe 0.126300 0.148800 0.052000 0.202700 0.105500 0.126300 0.034300 0.088000 0.090200 0.051100 0.126300 0.069100 0.124500 0.051900 0.107300 0.069500 0.069600 0.051400 0.105300 0.089600 0.051900 0.124600 0.050800 0.034200 0.126300 0.069100 0.124500 0.070700 0.051900 0.070700 0.034600 0.051900 0.071100 0.144400 0.125400 0.087000 0.126300 0.123200 0.051900 0.068800 0.000000 0.069600 0.034200 0.089300 0.068900 0.051900 0.069000 0.070200 0.109800 0.051200 0.070700 0.070700
ThomsonGaz 0.051900 0.108500 0.016900 0.161200 0.033700 0.051900 0.034000 0.051500 0.052700 0.051000 0.051800 0.000100 0.051100 0.016900 0.069700 0.033900 0.069100 0.016700 0.033700 0.052400 0.016900 0.051200 0.069800 0.034000 0.051900 0.000100 0.051100 0.034500 0.016900 0.034500 0.034400 0.016900 0.070800 0.069100 0.051500 0.051000 0.051900 0.050600 0.016900 0.068300 0.069600 0.000000 0.034000 0.088800 0.033700 0.016900 0.033600 0.034300 0.071300 0.051000 0.034500 0.034500
MuntiacusC 0.088200 0.109100 0.017000 0.161700 0.068800 0.088200 0.034100 0.051700 0.052900 0.016400 0.088100 0.033800 0.086900 0.016900 0.070000 0.034000 0.034100 0.016800 0.068600 0.052600 0.016900 0.087000 0.034300 0.000000 0.088200 0.033800 0.086900 0.034600 0.016900 0.034600 0.000100 0.016900 0.034800 0.105700 0.087600 0.051100 0.088200 0.086000 0.016900 0.033700 0.034200 0.034000 0.000000 0.052400 0.033700 0.016900 0.033700 0.034400 0.071500 0.016700 0.034600 0.034600
WhiteTaile 0.147600 0.171700 0.070900 0.224400 0.125800 0.147600 0.089200 0.108100 0.110900 0.069600 0.147500 0.088200 0.107200 0.070800 0.128200 0.088800 0.089000 0.070000 0.125500 0.110100 0.070800 0.145600 0.089500 0.052400 0.147600 0.088200 0.107200 0.090400 0.070800 0.090400 0.053100 0.070800 0.090900 0.126900 0.108000 0.106700 0.147600 0.143800 0.070800 0.051900 0.089300 0.088800 0.052400 0.000000 0.088000 0.070800 0.088200 0.089700 0.131200 0.069700 0.090400 0.090400
Cattle 0.087100 0.146000 0.016800 0.199000 0.068000 0.087100 0.033700 0.051000 0.052200 0.016500 0.087000 0.033400 0.085900 0.016700 0.069000 0.033600 0.068400 0.050600 0.067900 0.051900 0.016700 0.086000 0.069200 0.033700 0.087100 0.033400 0.085900 0.034100 0.016700 0.034100 0.034000 0.016700 0.070100 0.104500 0.086400 0.016500 0.087100 0.085000 0.016700 0.067600 0.068900 0.033700 0.033700 0.088000 0.000000 0.016700 0.033300 0.033900 0.070600 0.050500 0.034100 0.034100
RoyalAntel 0.069800 0.128600 0.000100 0.181600 0.051000 0.069800 0.016900 0.034100 0.035000 0.033800 0.069900 0.016300 0.069000 0.000000 0.052100 0.016500 0.051600 0.033900 0.051100 0.034800 0.000000 0.069100 0.052100 0.016900 0.069800 0.016700 0.069000 0.017200 0.000000 0.017200 0.017100 0.000000 0.052800 0.087500 0.069300 0.033700 0.069800 0.068100 0.000000 0.051000 0.051900 0.016900 0.016900 0.070800 0.016700 0.000000 0.016700 0.017000 0.053100 0.033800 0.017200 0.017200
Steenbok 0.087100 0.146300 0.016800 0.199100 0.068000 0.087100 0.033700 0.051000 0.052300 0.050500 0.086900 0.033400 0.085900 0.016700 0.069200 0.033700 0.068500 0.050600 0.067800 0.052000 0.016700 0.085900 0.069200 0.033700 0.087100 0.033400 0.085900 0.034200 0.016700 0.034200 0.034000 0.016700 0.070100 0.104400 0.086500 0.050500 0.087100 0.085000 0.016700 0.067600 0.069000 0.033600 0.033700 0.088200 0.033300 0.016700 0.000000 0.034000 0.070700 0.050500 0.034200 0.034200
Impala 0.088400 0.149100 0.017100 0.202700 0.069000 0.088400 0.034400 0.051800 0.053300 0.051400 0.088600 0.033900 0.086900 0.017000 0.070400 0.034100 0.069800 0.051500 0.069100 0.017400 0.017000 0.087500 0.070500 0.034400 0.088400 0.033900 0.086900 0.034800 0.017000 0.034800 0.034700 0.017000 0.071500 0.105800 0.087800 0.051200 0.088400 0.086200 0.017000 0.068900 0.070200 0.034300 0.034400 0.089700 0.033900 0.017000 0.034000 0.000000 0.071400 0.051500 0.034800 0.034800
Klipspring 0.090500 0.152900 0.053400 0.250700 0.070600 0.090500 0.071500 0.089900 0.054600 0.089200 0.090700 0.070500 0.069700 0.053100 0.110000 0.071000 0.109100 0.089300 0.070700 0.053500 0.053100 0.089600 0.091100 0.071500 0.090500 0.070500 0.069700 0.035700 0.053100 0.035700 0.072300 0.053100 0.073200 0.088400 0.089900 0.088800 0.090500 0.088200 0.053100 0.107700 0.109800 0.071300 0.071500 0.131200 0.070600 0.053100 0.070700 0.071400 0.000000 0.089300 0.035700 0.035700
ForestMusk 0.105800 0.126900 0.033900 0.179700 0.085900 0.105800 0.051100 0.068800 0.070400 0.032200 0.105700 0.050700 0.104200 0.033800 0.087400 0.050900 0.051000 0.033500 0.085700 0.070000 0.033800 0.104400 0.051400 0.016400 0.105800 0.050700 0.104200 0.051800 0.033800 0.051800 0.016900 0.033800 0.049200 0.123200 0.104900 0.068000 0.105800 0.103200 0.033800 0.050400 0.051200 0.051000 0.016700 0.069700 0.050500 0.033800 0.050500 0.051500 0.089300 0.000000 0.051800 0.051800
Bushbuck 0.052700 0.110700 0.017200 0.204000 0.034300 0.052700 0.034600 0.052300 0.017300 0.051700 0.052600 0.034200 0.052000 0.017200 0.070900 0.034400 0.070200 0.051800 0.034200 0.017400 0.017200 0.052000 0.070900 0.034600 0.052700 0.034200 0.052000 0.000000 0.017200 0.000000 0.034900 0.017200 0.035400 0.070200 0.052400 0.051700 0.052700 0.051400 0.017200 0.069400 0.070700 0.034500 0.034600 0.090400 0.034100 0.017200 0.034200 0.034800 0.035700 0.051800 0.000000 0.000000
GreaterKud 0.052700 0.110700 0.017200 0.204000 0.034300 0.052700 0.034600 0.052300 0.017600 0.051700 0.052600 0.034200 0.052000 0.017200 0.070900 0.034400 0.070200 0.051800 0.034200 0.017400 0.017200 0.052000 0.070900 0.034600 0.052700 0.034200 0.052000 0.000000 0.017200 0.000000 0.034900 0.017200 0.035400 0.070200 0.052400 0.051700 0.052700 0.051400 0.017200 0.069400 0.070700 0.034500 0.034600 0.090400 0.034100 0.017200 0.034200 0.034800 0.035700 0.051800 0.000000 0.000000
