1
52 1
Argali 0.000000 0.521000 0.151400 0.430100 0.020500 0.000000 0.105600 0.041400 0.145100 0.318100 0.078700 0.129500 0.020500 0.040600 0.107600 0.081900 0.336000 0.239200 0.101500 0.130600 0.100500 0.059800 0.267200 0.238000 0.059800 0.162700 0.040500 0.217300 0.101500 0.156600 0.285200 0.041300 0.313500 0.041200 0.021000 0.124500 0.056100 0.020700 0.101100 0.242700 0.264400 0.147400 0.318100 0.231800 0.143400 0.084200 0.061700 0.084800 0.087200 0.203500 0.130600 0.156900
LesserMous 0.521000 0.000000 0.586700 0.511700 0.487600 0.521000 0.591100 0.520300 0.519600 0.666500 0.408000 0.553300 0.487600 0.512600 0.480300 0.584300 0.611700 0.660400 0.491500 0.557200 0.518700 0.453900 0.712000 0.671700 0.453900 0.536300 0.436300 0.600300 0.604400 0.608200 0.525300 0.524300 0.637400 0.445600 0.500100 0.490800 0.380900 0.489200 0.598500 0.695300 0.596100 0.614100 0.666500 0.641400 0.442000 0.513000 0.555400 0.444200 0.510100 0.563100 0.557200 0.560900
LesserKudu 0.151400 0.586700 0.000000 0.384700 0.129100 0.151400 0.125500 0.151600 0.078100 0.306800 0.141400 0.103800 0.129100 0.149300 0.127900 0.194100 0.359200 0.207400 0.212500 0.019800 0.165400 0.122600 0.257000 0.230300 0.122600 0.230100 0.148700 0.098500 0.121300 0.040500 0.275000 0.151700 0.231400 0.151400 0.180800 0.144300 0.169500 0.129700 0.165000 0.233400 0.254500 0.167800 0.306800 0.224300 0.163000 0.198500 0.125800 0.104700 0.206400 0.223600 0.019800 0.040600
KillerWhal 0.430100 0.511700 0.384700 0.000000 0.399700 0.430100 0.493600 0.431300 0.431500 0.573400 0.335300 0.391800 0.399700 0.423500 0.463200 0.486600 0.425000 0.384700 0.500300 0.390800 0.370200 0.375200 0.516100 0.482700 0.375200 0.596800 0.355700 0.502900 0.438300 0.431700 0.529400 0.431000 0.526200 0.430100 0.409200 0.476000 0.444800 0.400400 0.504400 0.491500 0.508900 0.595500 0.573400 0.465900 0.428900 0.495500 0.460200 0.428600 0.445300 0.462300 0.390800 0.393300
DefassaWat 0.020500 0.487600 0.129100 0.399700 0.000000 0.020500 0.084100 0.020600 0.123700 0.289500 0.058800 0.107400 0.000000 0.020200 0.085700 0.061100 0.310000 0.214000 0.080800 0.108300 0.080100 0.039700 0.238800 0.210100 0.039700 0.141700 0.020100 0.194300 0.080800 0.133400 0.257400 0.020500 0.288800 0.020500 0.042700 0.103200 0.040200 0.000000 0.080500 0.214300 0.236400 0.125600 0.289500 0.204500 0.122200 0.062900 0.041000 0.063200 0.065100 0.179700 0.108300 0.133800
Sheep 0.000000 0.521000 0.151400 0.430100 0.020500 0.000000 0.105500 0.041400 0.145100 0.318100 0.078700 0.129500 0.020500 0.040600 0.107600 0.081900 0.336000 0.239200 0.101500 0.130600 0.100500 0.059800 0.267200 0.238000 0.059800 0.162700 0.040500 0.217300 0.101500 0.156600 0.285200 0.041300 0.313500 0.041200 0.021000 0.124500 0.060500 0.020700 0.101100 0.242700 0.264400 0.147400 0.318100 0.231800 0.143400 0.084200 0.061700 0.084800 0.087200 0.203500 0.130600 0.156900
MaxwellsDu 0.105600 0.591100 0.125500 0.493600 0.084100 0.105500 0.000000 0.106200 0.165800 0.309700 0.141400 0.104400 0.084100 0.104100 0.129000 0.147200 0.362000 0.263700 0.166800 0.105200 0.165300 0.122600 0.260000 0.231600 0.122600 0.183100 0.103700 0.189100 0.121700 0.129700 0.277700 0.105800 0.281900 0.105600 0.132300 0.145100 0.124100 0.084900 0.166300 0.236100 0.257400 0.122700 0.309800 0.169500 0.163800 0.105100 0.126800 0.106000 0.156900 0.175300 0.105200 0.129900
GazellaPrz 0.041400 0.520300 0.151600 0.431300 0.020600 0.041400 0.106200 0.000000 0.145200 0.318100 0.079200 0.130600 0.020600 0.020300 0.107700 0.040100 0.337000 0.239600 0.101600 0.130700 0.059200 0.060200 0.267300 0.239500 0.060200 0.119400 0.040700 0.217300 0.059400 0.156600 0.285200 0.041500 0.313100 0.041400 0.064800 0.125100 0.060900 0.020800 0.059200 0.242800 0.264700 0.102800 0.318100 0.232900 0.144100 0.084400 0.020100 0.084900 0.087300 0.203400 0.130700 0.157100
MountainNy 0.145100 0.519600 0.078100 0.431500 0.123700 0.145100 0.165800 0.145200 0.000000 0.324200 0.094600 0.100200 0.123700 0.143100 0.079600 0.186000 0.340700 0.197700 0.158800 0.058700 0.158900 0.076500 0.275600 0.249300 0.076500 0.176000 0.142500 0.055800 0.116700 0.080200 0.235900 0.145400 0.176800 0.145100 0.172800 0.096700 0.118800 0.124300 0.158500 0.252600 0.215900 0.117600 0.324200 0.243100 0.114700 0.143800 0.120700 0.058700 0.197000 0.191100 0.058700 0.080300
MuntiacusM 0.318100 0.666500 0.306800 0.573400 0.289500 0.318100 0.309700 0.318100 0.324200 0.000000 0.353600 0.281500 0.289500 0.313400 0.350000 0.371400 0.388300 0.281700 0.388400 0.282200 0.390000 0.332000 0.100100 0.075000 0.332000 0.408800 0.311800 0.387600 0.393800 0.317900 0.070300 0.318700 0.356700 0.318100 0.363900 0.241800 0.335400 0.290600 0.390400 0.075800 0.099200 0.396800 0.000000 0.126600 0.262900 0.345100 0.345100 0.254700 0.333500 0.342900 0.282200 0.283800
goat 0.078700 0.408000 0.141400 0.335300 0.058800 0.078700 0.141400 0.079200 0.094600 0.353600 0.000000 0.165100 0.058800 0.077700 0.100000 0.117600 0.313500 0.222200 0.094800 0.121800 0.055600 0.017800 0.304600 0.276000 0.017800 0.152400 0.037900 0.158100 0.095300 0.145700 0.262600 0.078800 0.243900 0.078700 0.102200 0.158900 0.056600 0.059300 0.135800 0.281400 0.242700 0.137300 0.353600 0.268600 0.134500 0.078500 0.098500 0.078700 0.124600 0.189000 0.121800 0.146200
AfricanBuf 0.129500 0.553300 0.103800 0.391800 0.107400 0.129500 0.104400 0.130600 0.100200 0.281500 0.165100 0.000000 0.107400 0.127700 0.154100 0.172000 0.335200 0.237900 0.191900 0.083600 0.190100 0.146100 0.232500 0.204000 0.146100 0.257100 0.127200 0.121800 0.192200 0.107200 0.250300 0.129800 0.311300 0.129500 0.157900 0.080300 0.147900 0.108600 0.191200 0.207900 0.230300 0.193500 0.281500 0.198700 0.099100 0.177200 0.151400 0.084100 0.183600 0.178100 0.083600 0.107500
Topi 0.020500 0.487600 0.129100 0.399700 0.000000 0.020500 0.084100 0.020600 0.123700 0.289500 0.058800 0.107400 0.000000 0.019300 0.085700 0.061100 0.310000 0.214000 0.080800 0.108300 0.080100 0.039700 0.238800 0.210100 0.039700 0.141700 0.020100 0.194300 0.080800 0.133400 0.257400 0.020500 0.288800 0.020500 0.042700 0.103200 0.038000 0.000000 0.080500 0.214300 0.236400 0.125600 0.289500 0.204500 0.122200 0.062900 0.041000 0.063200 0.065100 0.179700 0.108300 0.133800
CommonDuik 0.040600 0.512600 0.149300 0.423500 0.020200 0.040600 0.104100 0.020300 0.143100 0.313400 0.077700 0.127700 0.019300 0.000000 0.106100 0.060200 0.332100 0.235900 0.100000 0.128700 0.079000 0.059000 0.263000 0.234100 0.059000 0.139700 0.039900 0.214300 0.079600 0.154200 0.280900 0.040700 0.309200 0.040600 0.063400 0.122700 0.059700 0.020400 0.079300 0.238800 0.260300 0.123700 0.313400 0.227800 0.141500 0.083000 0.040300 0.083500 0.085900 0.200300 0.128700 0.154700
Suni 0.107600 0.480300 0.127900 0.463200 0.085700 0.107600 0.129000 0.107700 0.079600 0.350000 0.100000 0.154100 0.085700 0.106100 0.000000 0.149900 0.366100 0.266700 0.123300 0.107200 0.168100 0.081000 0.299000 0.270200 0.081000 0.098400 0.105600 0.141000 0.080100 0.126900 0.254000 0.107800 0.186300 0.107600 0.134900 0.147700 0.082100 0.086100 0.123100 0.272800 0.233200 0.081300 0.350000 0.202600 0.166700 0.062300 0.083400 0.062800 0.159500 0.177400 0.107200 0.132300
Springbuck 0.081900 0.584300 0.194100 0.486600 0.061100 0.081900 0.147200 0.040100 0.186000 0.371400 0.117600 0.172000 0.061100 0.060200 0.149900 0.000000 0.386100 0.287100 0.098300 0.173400 0.097500 0.099100 0.320500 0.290200 0.099100 0.157700 0.080400 0.235800 0.098300 0.176100 0.337000 0.039900 0.359100 0.081900 0.106600 0.165300 0.100300 0.061700 0.097900 0.296400 0.317000 0.142500 0.371400 0.282400 0.183800 0.125600 0.059700 0.126400 0.129900 0.247800 0.173400 0.201000
Okapi 0.336000 0.611700 0.359200 0.425000 0.310000 0.336000 0.362000 0.337000 0.340700 0.388300 0.313500 0.335200 0.310000 0.332100 0.366100 0.386100 0.000000 0.122600 0.400900 0.335400 0.346000 0.349200 0.337500 0.309100 0.349200 0.485500 0.274700 0.437900 0.406700 0.370700 0.353500 0.336500 0.240600 0.336000 0.378100 0.319000 0.352500 0.311200 0.404200 0.313900 0.333900 0.408500 0.388300 0.365400 0.285100 0.393900 0.362400 0.276400 0.411700 0.301000 0.335400 0.337700
Giraffe 0.239200 0.660400 0.207400 0.384700 0.214000 0.239200 0.263700 0.239600 0.197700 0.281700 0.222200 0.237900 0.214000 0.235900 0.266700 0.287100 0.122600 0.000000 0.304500 0.185100 0.251200 0.202200 0.231700 0.205100 0.202200 0.382900 0.234800 0.278900 0.252400 0.214400 0.250200 0.239600 0.160000 0.239200 0.276600 0.226800 0.257100 0.214900 0.305900 0.207800 0.229400 0.310300 0.281700 0.260000 0.246700 0.293400 0.263400 0.184300 0.306800 0.262000 0.185100 0.186300
TibetanAnt 0.101500 0.491500 0.212500 0.500300 0.080800 0.101500 0.166800 0.101600 0.158800 0.388400 0.094800 0.191900 0.080800 0.100000 0.123300 0.098300 0.400900 0.304500 0.000000 0.192100 0.158900 0.076700 0.340100 0.311700 0.076700 0.176400 0.099700 0.205400 0.159800 0.195100 0.293800 0.059400 0.321300 0.101500 0.126800 0.184200 0.058200 0.080900 0.159100 0.316000 0.275200 0.161900 0.388400 0.304000 0.202400 0.100700 0.121200 0.101100 0.149400 0.266500 0.192100 0.219600
Sitatunga 0.130600 0.557200 0.019800 0.390800 0.108300 0.130600 0.105200 0.130700 0.058700 0.282200 0.121800 0.083600 0.108300 0.128700 0.107200 0.173400 0.335400 0.185100 0.192100 0.000000 0.145400 0.102700 0.232400 0.205800 0.102700 0.210000 0.128200 0.079200 0.101600 0.020400 0.251000 0.130800 0.211000 0.130600 0.159200 0.124400 0.149100 0.108800 0.145100 0.208400 0.230100 0.147600 0.282200 0.200500 0.143300 0.177400 0.105400 0.084400 0.184500 0.202200 0.000000 0.020400
Oribi 0.100500 0.518700 0.165400 0.370200 0.080100 0.100500 0.165300 0.059200 0.158900 0.390000 0.055600 0.190100 0.080100 0.079000 0.168100 0.097500 0.346000 0.251200 0.158900 0.145400 0.000000 0.076500 0.339600 0.309700 0.076500 0.175000 0.058100 0.228800 0.075800 0.170400 0.355700 0.100700 0.321500 0.100500 0.125400 0.182800 0.118600 0.080900 0.115800 0.316100 0.335800 0.160100 0.390000 0.300800 0.158200 0.144100 0.078500 0.144800 0.148900 0.214900 0.145400 0.171200
BarbaryShe 0.059800 0.453900 0.122600 0.375200 0.039700 0.059800 0.122600 0.060200 0.076500 0.332000 0.017800 0.146100 0.039700 0.059000 0.081000 0.099100 0.349200 0.202200 0.076700 0.102700 0.076500 0.000000 0.282700 0.254200 0.000000 0.134700 0.058800 0.139800 0.077000 0.126400 0.241300 0.059900 0.225600 0.059800 0.082900 0.140600 0.038200 0.040100 0.117600 0.259200 0.221200 0.119000 0.332000 0.247400 0.158900 0.059600 0.079800 0.059700 0.105200 0.218100 0.102700 0.126800
Daviddeer 0.267200 0.712000 0.257000 0.516100 0.238800 0.267200 0.260000 0.267300 0.275600 0.100100 0.304600 0.232500 0.238800 0.263000 0.299000 0.320500 0.337500 0.231700 0.340100 0.232400 0.339600 0.282700 0.000000 0.025200 0.282700 0.427000 0.261600 0.337400 0.343100 0.266700 0.073500 0.267800 0.310500 0.267200 0.310800 0.251800 0.285900 0.240100 0.340500 0.025500 0.050100 0.346400 0.100100 0.076700 0.273500 0.295100 0.294000 0.205600 0.309000 0.292600 0.232400 0.233700
Reindeer 0.238000 0.671700 0.230300 0.482700 0.210100 0.238000 0.231600 0.239500 0.249300 0.075000 0.276000 0.204000 0.210100 0.234100 0.270200 0.290200 0.309100 0.205100 0.311700 0.205800 0.309700 0.254200 0.025200 0.000000 0.254200 0.395000 0.232900 0.309500 0.314800 0.239100 0.048900 0.238400 0.284800 0.238000 0.279300 0.224300 0.257100 0.212400 0.312400 0.000000 0.025000 0.315900 0.075000 0.050800 0.246000 0.266700 0.265900 0.179000 0.279600 0.264600 0.205800 0.207000
Ibex 0.059800 0.453900 0.122600 0.375200 0.039700 0.059800 0.122600 0.060200 0.076500 0.332000 0.017800 0.146100 0.039700 0.059000 0.081000 0.099100 0.349200 0.202200 0.076700 0.102700 0.076500 0.000000 0.282700 0.254200 0.000000 0.134700 0.058800 0.139800 0.077000 0.126400 0.241300 0.059900 0.225600 0.059800 0.082900 0.140600 0.038200 0.040100 0.117600 0.259200 0.221200 0.119000 0.332000 0.247400 0.158900 0.059600 0.079800 0.059700 0.105200 0.218100 0.102700 0.126800
GyrantGaze 0.162700 0.536300 0.230100 0.596800 0.141700 0.162700 0.183100 0.119400 0.176000 0.408800 0.152400 0.257100 0.141700 0.139700 0.098400 0.157700 0.485500 0.382900 0.176400 0.210000 0.175000 0.134700 0.427000 0.395000 0.134700 0.000000 0.160100 0.245900 0.093100 0.237200 0.313600 0.163000 0.286300 0.162700 0.190500 0.156000 0.136200 0.143000 0.092800 0.403900 0.355800 0.055000 0.408800 0.319700 0.173800 0.118500 0.096700 0.163200 0.193700 0.282400 0.210000 0.237900
Hartebeest 0.040500 0.436300 0.148700 0.355700 0.020100 0.040500 0.103700 0.040700 0.142500 0.311800 0.037900 0.127200 0.020100 0.039900 0.105600 0.080400 0.274700 0.234800 0.099700 0.128200 0.058100 0.058800 0.261600 0.232900 0.058800 0.160100 0.000000 0.213400 0.099800 0.153500 0.279500 0.040500 0.307800 0.040500 0.063200 0.122200 0.059500 0.020300 0.099400 0.237500 0.258900 0.144700 0.311800 0.226700 0.098400 0.082700 0.060700 0.083200 0.085500 0.151100 0.128200 0.154000
Bongo 0.217300 0.600300 0.098500 0.502900 0.194300 0.217300 0.189100 0.217300 0.055800 0.387600 0.158100 0.121800 0.194300 0.214300 0.141000 0.235800 0.437900 0.278900 0.205400 0.079200 0.228800 0.139800 0.337400 0.309500 0.139800 0.245900 0.213400 0.000000 0.183100 0.059200 0.292600 0.193500 0.248000 0.217300 0.249600 0.161400 0.186200 0.195100 0.228400 0.313900 0.272600 0.184400 0.387600 0.301400 0.179700 0.215300 0.189700 0.122400 0.276500 0.267900 0.079200 0.101700
Gerenuk 0.101500 0.604400 0.121300 0.438300 0.080800 0.101500 0.121700 0.059400 0.116700 0.393800 0.095300 0.192200 0.080800 0.079600 0.080100 0.098300 0.406700 0.252400 0.159800 0.101600 0.075800 0.077000 0.343100 0.314800 0.077000 0.093100 0.099800 0.183100 0.000000 0.125100 0.359000 0.101700 0.223000 0.101500 0.126900 0.184800 0.119600 0.081200 0.075100 0.319200 0.339000 0.076700 0.393800 0.245500 0.203100 0.100600 0.038300 0.146000 0.148700 0.215600 0.101600 0.125400
CommonElan 0.156600 0.608200 0.040500 0.431700 0.133400 0.156600 0.129700 0.156600 0.080200 0.317900 0.145700 0.107200 0.133400 0.154200 0.126900 0.176100 0.370700 0.214400 0.195100 0.020400 0.170400 0.126400 0.266700 0.239100 0.126400 0.237200 0.153500 0.059200 0.125100 0.000000 0.285000 0.132900 0.238800 0.156600 0.187300 0.149000 0.174900 0.134100 0.170200 0.242200 0.263900 0.173300 0.317900 0.232900 0.168200 0.205100 0.129900 0.108300 0.213600 0.231300 0.020400 0.041900
MuntiacusR 0.285200 0.525300 0.275000 0.529400 0.257400 0.285200 0.277700 0.285200 0.235900 0.070300 0.262600 0.250300 0.257400 0.280900 0.254000 0.337000 0.353500 0.250200 0.293800 0.251000 0.355700 0.241300 0.073500 0.048900 0.241300 0.313600 0.279500 0.292600 0.359000 0.285000 0.000000 0.285700 0.270500 0.285200 0.328000 0.213100 0.243900 0.258500 0.356100 0.049500 0.023600 0.299200 0.070300 0.099200 0.234100 0.250900 0.311400 0.168400 0.298500 0.309600 0.251000 0.252400
HarveysDui 0.041300 0.524300 0.151700 0.431000 0.020500 0.041300 0.105800 0.041500 0.145400 0.318700 0.078800 0.129800 0.020500 0.040700 0.107800 0.039900 0.336500 0.239600 0.059400 0.130800 0.100700 0.059900 0.267800 0.238400 0.059900 0.163000 0.040500 0.193500 0.101700 0.132900 0.285700 0.000000 0.314100 0.041300 0.064500 0.124700 0.060600 0.020800 0.101300 0.243200 0.265000 0.147700 0.318700 0.232300 0.143700 0.084400 0.061800 0.084900 0.087300 0.203900 0.130800 0.157100
Pronghorn 0.313500 0.637400 0.231400 0.526200 0.288800 0.313500 0.281900 0.313100 0.176800 0.356700 0.243900 0.311300 0.288800 0.309200 0.186300 0.359100 0.240600 0.160000 0.321300 0.211000 0.321500 0.225600 0.310500 0.284800 0.225600 0.286300 0.307800 0.248000 0.223000 0.238800 0.270500 0.314100 0.000000 0.313500 0.351400 0.298700 0.276500 0.289800 0.321000 0.288600 0.252100 0.224600 0.356700 0.279400 0.317100 0.257100 0.281800 0.209900 0.380600 0.281300 0.211000 0.212000
BlueWildeb 0.041200 0.445600 0.151400 0.430100 0.020500 0.041200 0.105600 0.041400 0.145100 0.318100 0.078700 0.129500 0.020500 0.040600 0.107600 0.081900 0.336000 0.239200 0.101500 0.130600 0.100500 0.059800 0.267200 0.238000 0.059800 0.162700 0.040500 0.217300 0.101500 0.156600 0.285200 0.041300 0.313500 0.000000 0.064400 0.124500 0.060500 0.020700 0.101100 0.242700 0.264400 0.147400 0.318100 0.231800 0.143400 0.084200 0.061700 0.084800 0.087200 0.203500 0.130600 0.156900
Gemsbok 0.021000 0.500100 0.180800 0.409200 0.042700 0.021000 0.132300 0.064800 0.172800 0.363900 0.102200 0.157900 0.042700 0.063400 0.134900 0.106600 0.378100 0.276600 0.126800 0.159200 0.125400 0.082900 0.310800 0.279300 0.082900 0.190500 0.063200 0.249600 0.126900 0.187300 0.328000 0.064500 0.351400 0.064400 0.000000 0.151400 0.083900 0.043200 0.126300 0.285400 0.307200 0.175800 0.363900 0.271700 0.170700 0.109700 0.085700 0.110600 0.066400 0.236900 0.159200 0.187500
Yak 0.124500 0.490800 0.144300 0.476000 0.103200 0.124500 0.145100 0.125100 0.096700 0.241800 0.158900 0.080300 0.103200 0.122700 0.147700 0.165300 0.319000 0.226800 0.184200 0.124400 0.182800 0.140600 0.251800 0.224300 0.140600 0.156000 0.122200 0.161400 0.184800 0.149000 0.213100 0.124700 0.298700 0.124500 0.151400 0.000000 0.142300 0.104100 0.139100 0.228500 0.249300 0.186100 0.241800 0.218800 0.017900 0.169700 0.145300 0.080800 0.153500 0.170700 0.124400 0.149200
BlueSheep 0.056100 0.380900 0.169500 0.444800 0.040200 0.060500 0.124100 0.060900 0.118800 0.335400 0.056600 0.147900 0.038000 0.059700 0.082100 0.100300 0.352500 0.257100 0.058200 0.149100 0.118600 0.038200 0.285900 0.257100 0.038200 0.136200 0.059500 0.186200 0.119600 0.174900 0.243900 0.060600 0.276500 0.060500 0.083900 0.142300 0.000000 0.040600 0.119100 0.262300 0.223800 0.120400 0.335400 0.250300 0.160700 0.060300 0.080700 0.060500 0.106600 0.220800 0.149100 0.175400
BohorReedb 0.020700 0.489200 0.129700 0.400400 0.000000 0.020700 0.084900 0.020800 0.124300 0.290600 0.059300 0.108600 0.000000 0.020400 0.086100 0.061700 0.311200 0.214900 0.080900 0.108800 0.080900 0.040100 0.240100 0.212400 0.040100 0.143000 0.020300 0.195100 0.081200 0.134100 0.258500 0.020800 0.289800 0.020700 0.043200 0.104100 0.040600 0.000000 0.080900 0.215200 0.237800 0.126900 0.290600 0.206700 0.123300 0.063300 0.041200 0.063600 0.065500 0.180600 0.108800 0.134400
KirksDik 0.101100 0.598500 0.165000 0.504400 0.080500 0.101100 0.166300 0.059200 0.158500 0.390400 0.135800 0.191200 0.080500 0.079300 0.123100 0.097900 0.404200 0.305900 0.159100 0.145100 0.115800 0.117600 0.340500 0.312400 0.117600 0.092800 0.099400 0.228400 0.075100 0.170200 0.356100 0.101300 0.321000 0.101100 0.126300 0.139100 0.119100 0.080900 0.000000 0.316900 0.336700 0.117700 0.390400 0.303900 0.157300 0.144200 0.038100 0.144800 0.148000 0.265700 0.145100 0.170600
RoeDeer 0.242700 0.695300 0.233400 0.491500 0.214300 0.242700 0.236100 0.242800 0.252600 0.075800 0.281400 0.207900 0.214300 0.238800 0.272800 0.296400 0.313900 0.207800 0.316000 0.208400 0.316100 0.259200 0.025500 0.000000 0.259200 0.403900 0.237500 0.313900 0.319200 0.242200 0.049500 0.243200 0.288600 0.242700 0.285400 0.228500 0.262300 0.215200 0.316900 0.000000 0.025300 0.322600 0.075800 0.051600 0.250500 0.270400 0.269600 0.181300 0.283800 0.268000 0.208400 0.209700
WhiteLippe 0.264400 0.596100 0.254500 0.508900 0.236400 0.264400 0.257400 0.264700 0.215900 0.099200 0.242700 0.230300 0.236400 0.260300 0.233200 0.317000 0.333900 0.229400 0.275200 0.230100 0.335800 0.221200 0.050100 0.025000 0.221200 0.355800 0.258900 0.272600 0.339000 0.263900 0.023600 0.265000 0.252100 0.264400 0.307200 0.249300 0.223800 0.237800 0.336700 0.025300 0.000000 0.279400 0.099200 0.076100 0.270700 0.230700 0.290800 0.147500 0.305400 0.289600 0.230100 0.231400
ThomsonGaz 0.147400 0.614100 0.167800 0.595500 0.125600 0.147400 0.122700 0.102800 0.117600 0.396800 0.137300 0.193500 0.125600 0.123700 0.081300 0.142500 0.408500 0.310300 0.161900 0.147600 0.160100 0.119000 0.346400 0.315900 0.119000 0.055000 0.144700 0.184400 0.076700 0.173300 0.299200 0.147700 0.224600 0.147400 0.175800 0.186100 0.120400 0.126900 0.117700 0.322600 0.279400 0.000000 0.396800 0.247100 0.204400 0.101900 0.079800 0.102700 0.201400 0.218400 0.147600 0.173500
MuntiacusC 0.318100 0.666500 0.306800 0.573400 0.289500 0.318100 0.309800 0.318100 0.324200 0.000000 0.353600 0.281500 0.289500 0.313400 0.350000 0.371400 0.388300 0.281700 0.388400 0.282200 0.390000 0.332000 0.100100 0.075000 0.332000 0.408800 0.311800 0.387600 0.393800 0.317900 0.070300 0.318700 0.356700 0.318100 0.363900 0.241800 0.335400 0.290600 0.390400 0.075800 0.099200 0.396800 0.000000 0.126600 0.262900 0.345100 0.345100 0.254700 0.333500 0.342900 0.282200 0.283800
WhiteTaile 0.231800 0.641400 0.224300 0.465900 0.204500 0.231800 0.169500 0.232900 0.243100 0.126600 0.268600 0.198700 0.204500 0.227800 0.202600 0.282400 0.365400 0.260000 0.304000 0.200500 0.300800 0.247400 0.076700 0.050800 0.247400 0.319700 0.226700 0.301400 0.245500 0.232900 0.099200 0.232300 0.279400 0.231800 0.271700 0.218800 0.250300 0.206700 0.303900 0.051600 0.076100 0.247100 0.126600 0.000000 0.239900 0.200200 0.258200 0.175200 0.271500 0.259300 0.200500 0.201400
Cattle 0.143400 0.442000 0.163000 0.428900 0.122200 0.143400 0.163800 0.144100 0.114700 0.262900 0.134500 0.099100 0.122200 0.141500 0.166700 0.183800 0.285100 0.246700 0.202400 0.143300 0.158200 0.158900 0.273500 0.246000 0.158900 0.173800 0.098400 0.179700 0.203100 0.168200 0.234100 0.143700 0.317100 0.143400 0.170700 0.017900 0.160700 0.123300 0.157300 0.250500 0.270700 0.204400 0.262900 0.239900 0.000000 0.188600 0.164200 0.099700 0.173100 0.143900 0.143300 0.168500
RoyalAntel 0.084200 0.513000 0.198500 0.495500 0.062900 0.084200 0.105100 0.084400 0.143800 0.345100 0.078500 0.177200 0.062900 0.083000 0.062300 0.125600 0.393900 0.293400 0.100700 0.177400 0.144100 0.059600 0.295100 0.266700 0.059600 0.118500 0.082700 0.215300 0.100600 0.205100 0.250900 0.084400 0.257100 0.084200 0.109700 0.169700 0.060300 0.063300 0.144200 0.270400 0.230700 0.101900 0.345100 0.200200 0.188600 0.000000 0.104800 0.084100 0.086600 0.200900 0.177400 0.205700
Steenbok 0.061700 0.555400 0.125800 0.460200 0.041000 0.061700 0.126800 0.020100 0.120700 0.345100 0.098500 0.151400 0.041000 0.040300 0.083400 0.059700 0.362400 0.263400 0.121200 0.105400 0.078500 0.079800 0.294000 0.265900 0.079800 0.096700 0.060700 0.189700 0.038300 0.129900 0.311400 0.061800 0.281800 0.061700 0.085700 0.145300 0.080700 0.041200 0.038100 0.269600 0.290800 0.079800 0.345100 0.258200 0.164200 0.104800 0.000000 0.105400 0.108200 0.225000 0.105400 0.130200
Impala 0.084800 0.444200 0.104700 0.428600 0.063200 0.084800 0.106000 0.084900 0.058700 0.254700 0.078700 0.084100 0.063200 0.083500 0.062800 0.126400 0.276400 0.184300 0.101100 0.084400 0.144800 0.059700 0.205600 0.179000 0.059700 0.163200 0.083200 0.122400 0.146000 0.108300 0.168400 0.084900 0.209900 0.084800 0.110600 0.080800 0.060500 0.063600 0.144800 0.181300 0.147500 0.102700 0.254700 0.175200 0.099700 0.084100 0.105400 0.000000 0.134200 0.153700 0.084400 0.108500
Klipspring 0.087200 0.510100 0.206400 0.445300 0.065100 0.087200 0.156900 0.087300 0.197000 0.333500 0.124600 0.183600 0.065100 0.085900 0.159500 0.129900 0.411700 0.306800 0.149400 0.184500 0.148900 0.105200 0.309000 0.279600 0.105200 0.193700 0.085500 0.276500 0.148700 0.213600 0.298500 0.087300 0.380600 0.087200 0.066400 0.153500 0.106600 0.065500 0.148000 0.283800 0.305400 0.201400 0.333500 0.271500 0.173100 0.086600 0.108200 0.134200 0.000000 0.263500 0.184500 0.214400
ForestMusk 0.203500 0.563100 0.223600 0.462300 0.179700 0.203500 0.175300 0.203400 0.191100 0.342900 0.189000 0.178100 0.179700 0.200300 0.177400 0.247800 0.301000 0.262000 0.266500 0.202200 0.214900 0.218100 0.292600 0.264600 0.218100 0.282400 0.151100 0.267900 0.215600 0.231300 0.309600 0.203900 0.281300 0.203500 0.236900 0.170700 0.220800 0.180600 0.265700 0.268000 0.289600 0.218400 0.342900 0.259300 0.143900 0.200900 0.225000 0.153700 0.263500 0.000000 0.202200 0.231600
Bushbuck 0.130600 0.557200 0.019800 0.390800 0.108300 0.130600 0.105200 0.130700 0.058700 0.282200 0.121800 0.083600 0.108300 0.128700 0.107200 0.173400 0.335400 0.185100 0.192100 0.000000 0.145400 0.102700 0.232400 0.205800 0.102700 0.210000 0.128200 0.079200 0.101600 0.020400 0.251000 0.130800 0.211000 0.130600 0.159200 0.124400 0.149100 0.108800 0.145100 0.208400 0.230100 0.147600 0.282200 0.200500 0.143300 0.177400 0.105400 0.084400 0.184500 0.202200 0.000000 0.020400
GreaterKud 0.156900 0.560900 0.040600 0.393300 0.133800 0.156900 0.129900 0.157100 0.080300 0.283800 0.146200 0.107500 0.133800 0.154700 0.132300 0.201000 0.337700 0.186300 0.219600 0.020400 0.171200 0.126800 0.233700 0.207000 0.126800 0.237900 0.154000 0.101700 0.125400 0.041900 0.252400 0.157100 0.212000 0.156900 0.187500 0.149200 0.175400 0.134400 0.170600 0.209700 0.231400 0.173500 0.283800 0.201400 0.168500 0.205700 0.130200 0.108500 0.214400 0.231600 0.020400 0.000000
