1
52 1
Argali 0.000000 0.176200 0.069100 0.283300 0.040200 0.013300 0.013300 0.040500 0.084700 0.041000 0.026800 0.040600 0.040700 0.000100 0.040500 0.040500 0.084700 0.084400 0.084600 0.070200 0.040500 0.013300 0.084100 0.087900 0.013300 0.040200 0.054400 0.085000 0.040700 0.084400 0.041000 0.000100 0.131300 0.040700 0.013300 0.040800 0.013300 0.055500 0.040200 0.118400 0.055600 0.069700 0.041000 0.070800 0.026900 0.055800 0.069700 0.040600 0.071900 0.069000 0.084700 0.069600
LesserMous 0.176200 0.000000 0.123300 0.198600 0.231000 0.196300 0.194100 0.232400 0.142000 0.160300 0.178000 0.123300 0.196500 0.176100 0.157200 0.232400 0.175900 0.212400 0.256700 0.161100 0.232400 0.158600 0.213700 0.202600 0.158600 0.229900 0.213700 0.179000 0.234400 0.177500 0.160300 0.176100 0.235300 0.196500 0.158600 0.159300 0.158600 0.254700 0.229100 0.258500 0.180100 0.278800 0.160300 0.198300 0.141600 0.219600 0.277900 0.233700 0.265300 0.157300 0.142000 0.159500
LesserKudu 0.069100 0.123300 0.000000 0.262500 0.113300 0.084200 0.083800 0.114100 0.013400 0.055200 0.069500 0.026800 0.084400 0.069300 0.083600 0.114000 0.069800 0.069400 0.099800 0.027200 0.114000 0.054800 0.098900 0.072300 0.054800 0.113200 0.098900 0.041100 0.114700 0.040900 0.055200 0.069300 0.084200 0.084400 0.054900 0.055100 0.054800 0.132200 0.113000 0.101700 0.070100 0.147900 0.055200 0.085800 0.040900 0.133200 0.147700 0.114400 0.153400 0.025100 0.013400 0.026900
KillerWhal 0.283300 0.198600 0.262500 0.000000 0.347300 0.306600 0.304500 0.302600 0.286400 0.287300 0.285400 0.222200 0.306900 0.283300 0.260600 0.351000 0.329600 0.376500 0.328600 0.310700 0.351000 0.262900 0.352400 0.341200 0.262900 0.346100 0.325700 0.333500 0.353300 0.329300 0.287300 0.283300 0.405400 0.306900 0.262900 0.308900 0.262900 0.326900 0.344500 0.410300 0.312500 0.380400 0.287300 0.333100 0.285800 0.336300 0.354700 0.304000 0.392600 0.306300 0.286400 0.308400
DefassaWat 0.040200 0.231000 0.113300 0.347300 0.000000 0.054200 0.054200 0.083000 0.130200 0.083900 0.068500 0.083000 0.083100 0.040300 0.054000 0.083000 0.129600 0.129800 0.130500 0.114900 0.083000 0.054200 0.098600 0.135300 0.054200 0.082300 0.097400 0.130700 0.083400 0.129600 0.083900 0.040300 0.180200 0.083100 0.054300 0.083400 0.054200 0.040900 0.053800 0.167600 0.099500 0.114400 0.083900 0.116000 0.068700 0.099900 0.114400 0.083200 0.117800 0.113800 0.130200 0.114100
Sheep 0.013300 0.196300 0.084200 0.306600 0.054200 0.000000 0.026800 0.054600 0.100300 0.055500 0.040800 0.054900 0.027000 0.013300 0.054600 0.054600 0.100400 0.099800 0.099900 0.085400 0.054600 0.026900 0.099500 0.104200 0.026900 0.054200 0.040600 0.100600 0.054900 0.099900 0.055500 0.013300 0.148000 0.027000 0.026900 0.055100 0.026900 0.070200 0.054200 0.134900 0.070500 0.084600 0.055500 0.086300 0.040900 0.070600 0.084500 0.054700 0.087600 0.084300 0.100300 0.084700
MaxwellsDu 0.013300 0.194100 0.083800 0.304500 0.054200 0.026800 0.000000 0.026800 0.099900 0.055300 0.040600 0.054700 0.054600 0.013200 0.054500 0.026800 0.100000 0.099600 0.100100 0.085100 0.026800 0.026800 0.099100 0.103800 0.026800 0.026600 0.068500 0.100300 0.026900 0.099500 0.055300 0.013200 0.147900 0.054600 0.026700 0.054700 0.026800 0.070300 0.054200 0.135200 0.070200 0.055200 0.055300 0.085900 0.040600 0.041400 0.055200 0.054800 0.087300 0.083100 0.099900 0.084500
GazellaPrz 0.040500 0.232400 0.114100 0.302600 0.083000 0.054600 0.026800 0.000000 0.131200 0.069600 0.069000 0.083500 0.083700 0.040600 0.083400 0.026700 0.131200 0.130900 0.100000 0.115800 0.026700 0.054600 0.083800 0.119600 0.054600 0.026500 0.098000 0.131800 0.026900 0.130600 0.069600 0.040600 0.182100 0.083700 0.054700 0.084100 0.054600 0.070200 0.054100 0.118300 0.084800 0.040900 0.069600 0.101000 0.069200 0.070500 0.055200 0.054700 0.118800 0.114600 0.131200 0.115000
MountainNy 0.084700 0.142000 0.013400 0.286400 0.130200 0.100300 0.099900 0.131200 0.000000 0.070400 0.085100 0.040900 0.100500 0.084800 0.099600 0.131100 0.085500 0.085000 0.116700 0.013500 0.131100 0.069900 0.115500 0.088700 0.069900 0.129900 0.115300 0.027300 0.132000 0.027100 0.070400 0.084800 0.100400 0.100500 0.070100 0.070200 0.069900 0.150300 0.129800 0.118900 0.085900 0.166600 0.070400 0.102300 0.055600 0.151600 0.166400 0.131600 0.173000 0.040000 0.000000 0.041200
MuntiacusM 0.041000 0.160300 0.055200 0.287300 0.083900 0.055500 0.055300 0.069600 0.070400 0.000000 0.070200 0.055200 0.085200 0.041100 0.084600 0.084500 0.070500 0.070100 0.116800 0.056000 0.084500 0.055400 0.040800 0.042700 0.055400 0.083900 0.099800 0.070600 0.085000 0.070200 0.000000 0.041100 0.116200 0.085200 0.055500 0.055600 0.055400 0.086000 0.083800 0.071500 0.013500 0.085000 0.000000 0.027600 0.041300 0.102300 0.116700 0.069800 0.121100 0.054700 0.070400 0.055600
goat 0.026800 0.178000 0.069500 0.285400 0.068500 0.040800 0.040600 0.069000 0.085100 0.070200 0.000000 0.040800 0.040900 0.026900 0.069100 0.069000 0.085200 0.115600 0.084800 0.070500 0.069000 0.013300 0.115200 0.120700 0.013300 0.068500 0.054700 0.085400 0.069400 0.084800 0.070200 0.026900 0.131700 0.040900 0.013300 0.041000 0.013300 0.085200 0.068400 0.151900 0.085600 0.099900 0.070200 0.101900 0.027000 0.085800 0.099800 0.069200 0.103600 0.069400 0.085100 0.070000
AfricanBuf 0.040600 0.123300 0.026800 0.222200 0.083000 0.054900 0.054700 0.083500 0.040900 0.055200 0.040800 0.000000 0.055000 0.040700 0.054500 0.083500 0.069800 0.099300 0.099800 0.055500 0.083500 0.026900 0.099000 0.103600 0.026900 0.083000 0.069100 0.069900 0.084000 0.069500 0.055200 0.040700 0.115000 0.055000 0.026900 0.055100 0.026900 0.100300 0.082900 0.134000 0.070100 0.115300 0.055200 0.085900 0.040900 0.101000 0.115200 0.083800 0.119500 0.054300 0.040900 0.055000
Topi 0.040700 0.196500 0.084400 0.306900 0.083100 0.027000 0.054600 0.083700 0.100500 0.085200 0.040900 0.055000 0.000000 0.040600 0.083800 0.083600 0.100600 0.131700 0.099900 0.085600 0.083600 0.026900 0.130900 0.137600 0.026900 0.083100 0.013200 0.100800 0.084200 0.100100 0.085200 0.040600 0.148300 0.000000 0.026900 0.055100 0.026900 0.100500 0.083000 0.169200 0.101100 0.115400 0.085200 0.118000 0.040900 0.101200 0.115300 0.083900 0.119700 0.083100 0.100500 0.084900
CommonDuik 0.000100 0.176100 0.069300 0.283300 0.040300 0.013300 0.013200 0.040600 0.084800 0.041100 0.026900 0.040700 0.040600 0.000000 0.040500 0.040600 0.084900 0.084600 0.084800 0.070300 0.040600 0.013300 0.084100 0.088100 0.013300 0.040300 0.054400 0.085200 0.040800 0.084600 0.041100 0.000000 0.131600 0.040600 0.013200 0.040700 0.013300 0.055600 0.040300 0.118700 0.055600 0.069800 0.041100 0.071000 0.026800 0.055900 0.069800 0.040700 0.072100 0.068200 0.084800 0.069800
Suni 0.040500 0.157200 0.083600 0.260600 0.054000 0.054600 0.054500 0.083400 0.099600 0.084600 0.069100 0.054500 0.083800 0.040500 0.000000 0.083400 0.131200 0.130800 0.131300 0.115900 0.083400 0.054600 0.130500 0.136600 0.054600 0.082800 0.098100 0.131800 0.083900 0.130800 0.084600 0.040500 0.181600 0.083800 0.054700 0.084100 0.049100 0.100200 0.082700 0.168800 0.100300 0.115100 0.084600 0.117000 0.069300 0.100700 0.115000 0.083600 0.118900 0.114800 0.099600 0.115100
Springbuck 0.040500 0.232400 0.114000 0.351000 0.083000 0.054600 0.026800 0.026700 0.131100 0.084500 0.069000 0.083500 0.083600 0.040600 0.083400 0.000000 0.131100 0.130800 0.131800 0.115700 0.000000 0.054500 0.099000 0.136400 0.054500 0.026500 0.098000 0.099900 0.026800 0.130500 0.084500 0.040600 0.181900 0.083600 0.054700 0.084000 0.054500 0.100600 0.054100 0.134500 0.100200 0.055100 0.084500 0.116800 0.069200 0.070400 0.027000 0.083900 0.118800 0.114600 0.131100 0.114900
Okapi 0.084700 0.175900 0.069800 0.329600 0.129600 0.100400 0.100000 0.131200 0.085500 0.070500 0.085200 0.069800 0.100600 0.084900 0.131200 0.131100 0.000000 0.027000 0.149400 0.070800 0.131100 0.070000 0.115500 0.103800 0.070000 0.130100 0.115400 0.085700 0.131900 0.085200 0.070500 0.084900 0.085300 0.100600 0.070200 0.070400 0.070000 0.132400 0.129800 0.117900 0.086000 0.166300 0.070500 0.086100 0.055700 0.151500 0.166200 0.115600 0.137300 0.069700 0.085500 0.070200
Giraffe 0.084400 0.212400 0.069400 0.376500 0.129800 0.099800 0.099600 0.130900 0.085000 0.070100 0.115600 0.099300 0.131700 0.084600 0.130800 0.130800 0.027000 0.000000 0.149100 0.070400 0.130800 0.099700 0.115100 0.072100 0.099700 0.129700 0.146900 0.085300 0.131600 0.084700 0.070100 0.084600 0.084900 0.131700 0.100000 0.100200 0.099700 0.132100 0.129500 0.086200 0.085500 0.166000 0.070100 0.085500 0.084900 0.150800 0.165800 0.115200 0.136500 0.069300 0.085000 0.069900
TibetanAnt 0.084600 0.256700 0.099800 0.328600 0.130500 0.099900 0.100100 0.100000 0.116700 0.116800 0.084800 0.099800 0.099900 0.084800 0.131300 0.131800 0.149400 0.149100 0.000000 0.101500 0.131800 0.069800 0.165900 0.138300 0.069800 0.130400 0.114500 0.117300 0.132500 0.116400 0.116800 0.084800 0.166700 0.099900 0.069900 0.085100 0.069800 0.117600 0.130300 0.171800 0.133600 0.150000 0.116800 0.151600 0.085000 0.151600 0.167300 0.100000 0.172300 0.100100 0.116700 0.100700
Sitatunga 0.070200 0.161100 0.027200 0.310700 0.114900 0.085400 0.085100 0.115800 0.013500 0.056000 0.070500 0.055500 0.085600 0.070300 0.115900 0.115700 0.070800 0.070400 0.101500 0.000000 0.115700 0.055700 0.100300 0.073500 0.055700 0.114700 0.100100 0.013600 0.116500 0.013500 0.056000 0.070300 0.085500 0.085600 0.055800 0.055900 0.055700 0.134300 0.114600 0.103400 0.071100 0.150200 0.056000 0.087100 0.041500 0.135400 0.150100 0.116100 0.156100 0.025200 0.013500 0.027400
Oribi 0.040500 0.232400 0.114000 0.351000 0.083000 0.054600 0.026800 0.026700 0.131100 0.084500 0.069000 0.083500 0.083600 0.040600 0.083400 0.000000 0.131100 0.130800 0.131800 0.115700 0.000000 0.054500 0.099000 0.136400 0.054500 0.026500 0.098000 0.099900 0.026800 0.130500 0.084500 0.040600 0.181900 0.083600 0.054700 0.084000 0.054500 0.100600 0.054100 0.134800 0.100200 0.055100 0.084500 0.116800 0.069200 0.070400 0.027000 0.083900 0.118800 0.114600 0.131100 0.114900
BarbaryShe 0.013300 0.158600 0.054800 0.262900 0.054200 0.026900 0.026800 0.054600 0.069900 0.055400 0.013300 0.026900 0.026900 0.013300 0.054600 0.054500 0.070000 0.099700 0.069800 0.055700 0.054500 0.000000 0.099400 0.104100 0.000000 0.054200 0.040500 0.070200 0.054900 0.069700 0.055400 0.013300 0.115500 0.026900 0.000100 0.027000 0.000000 0.070200 0.054100 0.134900 0.070400 0.084600 0.055400 0.086100 0.013400 0.070600 0.084500 0.054700 0.087500 0.054400 0.069900 0.055200
Daviddeer 0.084100 0.213700 0.098900 0.352400 0.098600 0.099500 0.099100 0.083800 0.115500 0.040800 0.115200 0.099000 0.130900 0.084100 0.130500 0.099000 0.115500 0.115100 0.165900 0.100300 0.099000 0.099400 0.000000 0.087300 0.099400 0.098200 0.146100 0.115900 0.099500 0.115000 0.040800 0.084100 0.164600 0.130900 0.099400 0.099600 0.099400 0.101000 0.068700 0.085900 0.055200 0.099400 0.040800 0.070300 0.084300 0.150400 0.131800 0.115000 0.171200 0.098500 0.115500 0.099700
Reindeer 0.087900 0.202600 0.072300 0.341200 0.135300 0.104200 0.103800 0.119600 0.088700 0.042700 0.120700 0.103600 0.137600 0.088100 0.136600 0.136400 0.103800 0.072100 0.138300 0.073500 0.136400 0.104100 0.087300 0.000000 0.104100 0.135000 0.153200 0.089000 0.137300 0.088300 0.042700 0.088100 0.137500 0.137600 0.104300 0.104600 0.104100 0.117700 0.134800 0.056600 0.057800 0.137200 0.042700 0.041800 0.088600 0.157900 0.173300 0.120000 0.122700 0.072100 0.088700 0.072900
Ibex 0.013300 0.158600 0.054800 0.262900 0.054200 0.026900 0.026800 0.054600 0.069900 0.055400 0.013300 0.026900 0.026900 0.013300 0.054600 0.054500 0.070000 0.099700 0.069800 0.055700 0.054500 0.000000 0.099400 0.104100 0.000000 0.054200 0.040500 0.070200 0.054900 0.069700 0.055400 0.013300 0.115500 0.026900 0.000100 0.027000 0.000000 0.070200 0.054100 0.134900 0.070400 0.084600 0.055400 0.086100 0.013400 0.070600 0.084500 0.054700 0.087500 0.054400 0.069900 0.055200
GyrantGaze 0.040200 0.229900 0.113200 0.346100 0.082300 0.054200 0.026600 0.026500 0.129900 0.083900 0.068500 0.083000 0.083100 0.040300 0.082800 0.026500 0.130100 0.129700 0.130400 0.114700 0.026500 0.054200 0.098200 0.135000 0.054200 0.000000 0.067800 0.130500 0.026600 0.098100 0.083900 0.040300 0.179900 0.083100 0.054300 0.083400 0.054200 0.099700 0.053700 0.133300 0.099400 0.054600 0.083900 0.115900 0.068700 0.069800 0.054700 0.083200 0.117600 0.113800 0.130000 0.114000
Hartebeest 0.054400 0.213700 0.098900 0.325700 0.097400 0.040600 0.068500 0.098000 0.115300 0.099800 0.054700 0.069100 0.013200 0.054400 0.098100 0.098000 0.115400 0.146900 0.114500 0.100100 0.098000 0.040500 0.146100 0.153200 0.040500 0.067800 0.000000 0.115500 0.098500 0.083900 0.099800 0.054400 0.163600 0.013200 0.040500 0.069100 0.040500 0.115200 0.097300 0.185100 0.116000 0.130300 0.099800 0.133200 0.054700 0.116000 0.130200 0.098300 0.134900 0.098000 0.115300 0.099400
Bongo 0.085000 0.179000 0.041100 0.333500 0.130700 0.100600 0.100300 0.131800 0.027300 0.070600 0.085400 0.069900 0.100800 0.085200 0.131800 0.099900 0.085700 0.085300 0.117300 0.013600 0.099900 0.070200 0.115900 0.089000 0.070200 0.130500 0.115500 0.000000 0.132600 0.027200 0.070600 0.085200 0.100800 0.100800 0.070300 0.070500 0.070200 0.151000 0.130300 0.119600 0.086100 0.167400 0.070600 0.102600 0.055800 0.152200 0.133200 0.132200 0.173700 0.040000 0.027300 0.041400
Gerenuk 0.040700 0.234400 0.114700 0.353300 0.083400 0.054900 0.026900 0.026900 0.132000 0.085000 0.069400 0.084000 0.084200 0.040800 0.083900 0.026800 0.131900 0.131600 0.132500 0.116500 0.026800 0.054900 0.099500 0.137300 0.054900 0.026600 0.098500 0.132600 0.000000 0.131300 0.085000 0.040800 0.182900 0.084200 0.055000 0.084500 0.054900 0.101100 0.054300 0.135500 0.100800 0.055400 0.085000 0.118400 0.069600 0.070800 0.055400 0.084300 0.119700 0.115200 0.132000 0.115700
CommonElan 0.084400 0.177500 0.040900 0.329300 0.129600 0.099900 0.099500 0.130600 0.027100 0.070200 0.084800 0.069500 0.100100 0.084600 0.130800 0.130500 0.085200 0.084700 0.116400 0.013500 0.130500 0.069700 0.115000 0.088300 0.069700 0.098100 0.083900 0.027200 0.131300 0.000000 0.070200 0.084600 0.100000 0.100100 0.069900 0.070000 0.069700 0.149500 0.129300 0.118400 0.085600 0.165600 0.070200 0.101900 0.055500 0.150700 0.165400 0.131000 0.171800 0.039900 0.027100 0.041100
MuntiacusR 0.041000 0.160300 0.055200 0.287300 0.083900 0.055500 0.055300 0.069600 0.070400 0.000000 0.070200 0.055200 0.085200 0.041100 0.084600 0.084500 0.070500 0.070100 0.116800 0.056000 0.084500 0.055400 0.040800 0.042700 0.055400 0.083900 0.099800 0.070600 0.085000 0.070200 0.000000 0.041100 0.116200 0.085200 0.055500 0.055600 0.055400 0.086000 0.083800 0.071500 0.013500 0.085000 0.000000 0.027600 0.041300 0.102300 0.116700 0.069800 0.121100 0.054700 0.070400 0.055600
HarveysDui 0.000100 0.176100 0.069300 0.283300 0.040300 0.013300 0.013200 0.040600 0.084800 0.041100 0.026900 0.040700 0.040600 0.000000 0.040500 0.040600 0.084900 0.084600 0.084800 0.070300 0.040600 0.013300 0.084100 0.088100 0.013300 0.040300 0.054400 0.085200 0.040800 0.084600 0.041100 0.000000 0.131600 0.040600 0.013200 0.040700 0.013300 0.055600 0.040300 0.118700 0.055600 0.069800 0.041100 0.071000 0.026800 0.055900 0.069800 0.040700 0.072100 0.068200 0.084800 0.069800
Pronghorn 0.131300 0.235300 0.084200 0.405400 0.180200 0.148000 0.147900 0.182100 0.100400 0.116200 0.131700 0.115000 0.148300 0.131600 0.181600 0.181900 0.085300 0.084900 0.166700 0.085500 0.181900 0.115500 0.164600 0.137500 0.115500 0.179900 0.163600 0.100800 0.182900 0.100000 0.116200 0.131600 0.000000 0.148300 0.115700 0.116000 0.115500 0.203500 0.179600 0.135400 0.133000 0.221300 0.116200 0.150800 0.100300 0.204800 0.221000 0.147900 0.228800 0.084300 0.100400 0.084900
BlueWildeb 0.040700 0.196500 0.084400 0.306900 0.083100 0.027000 0.054600 0.083700 0.100500 0.085200 0.040900 0.055000 0.000000 0.040600 0.083800 0.083600 0.100600 0.131700 0.099900 0.085600 0.083600 0.026900 0.130900 0.137600 0.026900 0.083100 0.013200 0.100800 0.084200 0.100100 0.085200 0.040600 0.148300 0.000000 0.026900 0.055100 0.026900 0.100500 0.083000 0.169200 0.101100 0.115400 0.085200 0.118000 0.040900 0.101200 0.115300 0.083900 0.119700 0.083100 0.100500 0.084900
Gemsbok 0.013300 0.158600 0.054900 0.262900 0.054300 0.026900 0.026700 0.054700 0.070100 0.055500 0.013300 0.026900 0.026900 0.013200 0.054700 0.054700 0.070200 0.100000 0.069900 0.055800 0.054700 0.000100 0.099400 0.104300 0.000100 0.054300 0.040500 0.070300 0.055000 0.069900 0.055500 0.013200 0.115700 0.026900 0.000000 0.026900 0.000100 0.070300 0.054200 0.135200 0.070500 0.084700 0.055500 0.086300 0.013300 0.070700 0.084700 0.054800 0.087700 0.053400 0.070100 0.055300
Yak 0.040800 0.159300 0.055100 0.308900 0.083400 0.055100 0.054700 0.084100 0.070200 0.055600 0.041000 0.055100 0.055100 0.040700 0.084100 0.084000 0.070400 0.100200 0.085100 0.055900 0.084000 0.027000 0.099600 0.104600 0.027000 0.083400 0.069100 0.070500 0.084500 0.070000 0.055600 0.040700 0.116000 0.055100 0.026900 0.000000 0.027000 0.101000 0.083300 0.135500 0.070700 0.116100 0.055600 0.086500 0.013300 0.101600 0.116000 0.084300 0.120100 0.053600 0.070200 0.055500
BlueSheep 0.013300 0.158600 0.054800 0.262900 0.054200 0.026900 0.026800 0.054600 0.069900 0.055400 0.013300 0.026900 0.026900 0.013300 0.049100 0.054500 0.070000 0.099700 0.069800 0.055700 0.054500 0.000000 0.099400 0.104100 0.000000 0.054200 0.040500 0.070200 0.054900 0.069700 0.055400 0.013300 0.115500 0.026900 0.000100 0.027000 0.000000 0.070200 0.054100 0.134900 0.070400 0.084600 0.055400 0.086100 0.013400 0.070600 0.084500 0.054700 0.087500 0.054400 0.069900 0.055200
BohorReedb 0.055500 0.254700 0.132200 0.326900 0.040900 0.070200 0.070300 0.070200 0.150300 0.086000 0.085200 0.100300 0.100500 0.055600 0.100200 0.100600 0.132400 0.132100 0.117600 0.134300 0.100600 0.070200 0.101000 0.117700 0.070200 0.099700 0.115200 0.151000 0.101100 0.149500 0.086000 0.055600 0.203500 0.100500 0.070300 0.101000 0.070200 0.000000 0.069700 0.149400 0.101900 0.117500 0.086000 0.099400 0.085500 0.118800 0.134100 0.070300 0.120000 0.132900 0.150300 0.133300
KirksDik 0.040200 0.229100 0.113000 0.344500 0.053800 0.054200 0.054200 0.054100 0.129800 0.083800 0.068400 0.082900 0.083000 0.040300 0.082700 0.054100 0.129800 0.129500 0.130300 0.114600 0.054100 0.054100 0.068700 0.134800 0.054100 0.053700 0.097300 0.130300 0.054300 0.129300 0.083800 0.040300 0.179600 0.083000 0.054200 0.083300 0.054100 0.069700 0.000000 0.133200 0.099300 0.083700 0.083800 0.115700 0.068600 0.099800 0.083700 0.083200 0.117400 0.113600 0.129800 0.113800
RoeDeer 0.118400 0.258500 0.101700 0.410300 0.167600 0.134900 0.135200 0.118300 0.118900 0.071500 0.151900 0.134000 0.169200 0.118700 0.168800 0.134500 0.117900 0.086200 0.171800 0.103400 0.134800 0.134900 0.085900 0.056600 0.134900 0.133300 0.185100 0.119600 0.135500 0.118400 0.071500 0.118700 0.135400 0.169200 0.135200 0.135500 0.134900 0.149400 0.133200 0.000000 0.087000 0.135400 0.071500 0.069900 0.118800 0.191800 0.171200 0.118600 0.193800 0.102000 0.118900 0.102600
WhiteLippe 0.055600 0.180100 0.070100 0.312500 0.099500 0.070500 0.070200 0.084800 0.085900 0.013500 0.085600 0.070100 0.101100 0.055600 0.100300 0.100200 0.086000 0.085500 0.133600 0.071100 0.100200 0.070400 0.055200 0.057800 0.070400 0.099400 0.116000 0.086100 0.100800 0.085600 0.013500 0.055600 0.133000 0.101100 0.070500 0.070700 0.070400 0.101900 0.099300 0.087000 0.000000 0.100700 0.013500 0.042000 0.055900 0.118900 0.133500 0.085100 0.138600 0.070000 0.085900 0.070600
ThomsonGaz 0.069700 0.278800 0.147900 0.380400 0.114400 0.084600 0.055200 0.040900 0.166600 0.085000 0.099900 0.115300 0.115400 0.069800 0.115100 0.055100 0.166300 0.166000 0.150000 0.150200 0.055100 0.084600 0.099400 0.137200 0.084600 0.054600 0.130300 0.167400 0.055400 0.165600 0.085000 0.069800 0.221300 0.115400 0.084700 0.116100 0.084600 0.117500 0.083700 0.135400 0.100700 0.000000 0.085000 0.117400 0.100200 0.102100 0.055900 0.100000 0.154300 0.148700 0.166600 0.149200
MuntiacusC 0.041000 0.160300 0.055200 0.287300 0.083900 0.055500 0.055300 0.069600 0.070400 0.000000 0.070200 0.055200 0.085200 0.041100 0.084600 0.084500 0.070500 0.070100 0.116800 0.056000 0.084500 0.055400 0.040800 0.042700 0.055400 0.083900 0.099800 0.070600 0.085000 0.070200 0.000000 0.041100 0.116200 0.085200 0.055500 0.055600 0.055400 0.086000 0.083800 0.071500 0.013500 0.085000 0.000000 0.027600 0.041300 0.102300 0.116700 0.069800 0.121100 0.054700 0.070400 0.055600
WhiteTaile 0.070800 0.198300 0.085800 0.333100 0.116000 0.086300 0.085900 0.101000 0.102300 0.027600 0.101900 0.085900 0.118000 0.071000 0.117000 0.116800 0.086100 0.085500 0.151600 0.087100 0.116800 0.086100 0.070300 0.041800 0.086100 0.115900 0.133200 0.102600 0.118400 0.101900 0.027600 0.071000 0.150800 0.118000 0.086300 0.086500 0.086100 0.099400 0.115700 0.069900 0.042000 0.117400 0.027600 0.000000 0.071300 0.136700 0.151400 0.101300 0.138500 0.086000 0.102300 0.086400
Cattle 0.026900 0.141600 0.040900 0.285800 0.068700 0.040900 0.040600 0.069200 0.055600 0.041300 0.027000 0.040900 0.040900 0.026800 0.069300 0.069200 0.055700 0.084900 0.085000 0.041500 0.069200 0.013400 0.084300 0.088600 0.013400 0.068700 0.054700 0.055800 0.069600 0.055500 0.041300 0.026800 0.100300 0.040900 0.013300 0.013300 0.013400 0.085500 0.068600 0.118800 0.055900 0.100200 0.041300 0.071300 0.000000 0.086000 0.100200 0.069400 0.103900 0.038700 0.055600 0.041200
RoyalAntel 0.055800 0.219600 0.133200 0.336300 0.099900 0.070600 0.041400 0.070500 0.151600 0.102300 0.085800 0.101000 0.101200 0.055900 0.100700 0.070400 0.151500 0.150800 0.151600 0.135400 0.070400 0.070600 0.150400 0.157900 0.070600 0.069800 0.116000 0.152200 0.070800 0.150700 0.102300 0.055900 0.204800 0.101200 0.070700 0.101600 0.070600 0.118800 0.099800 0.191800 0.118900 0.102100 0.102300 0.136700 0.086000 0.000000 0.102100 0.101100 0.139200 0.133900 0.151600 0.134300
Steenbok 0.069700 0.277900 0.147700 0.354700 0.114400 0.084500 0.055200 0.055200 0.166400 0.116700 0.099800 0.115200 0.115300 0.069800 0.115000 0.027000 0.166200 0.165800 0.167300 0.150100 0.027000 0.084500 0.131800 0.173300 0.084500 0.054700 0.130200 0.133200 0.055400 0.165400 0.116700 0.069800 0.221000 0.115300 0.084700 0.116000 0.084500 0.134100 0.083700 0.171200 0.133500 0.055900 0.116700 0.151400 0.100200 0.102100 0.000000 0.115800 0.154300 0.148500 0.166400 0.148900
Impala 0.040600 0.233700 0.114400 0.304000 0.083200 0.054700 0.054800 0.054700 0.131600 0.069800 0.069200 0.083800 0.083900 0.040700 0.083600 0.083900 0.115600 0.115200 0.100000 0.116100 0.083900 0.054700 0.115000 0.120000 0.054700 0.083200 0.098300 0.132200 0.084300 0.131000 0.069800 0.040700 0.147900 0.083900 0.054800 0.084300 0.054700 0.070300 0.083200 0.118600 0.085100 0.100000 0.069800 0.101300 0.069400 0.101100 0.115800 0.000000 0.119200 0.115000 0.131600 0.115300
Klipspring 0.071900 0.265300 0.153400 0.392600 0.117800 0.087600 0.087300 0.118800 0.173000 0.121100 0.103600 0.119500 0.119700 0.072100 0.118900 0.118800 0.137300 0.136500 0.172300 0.156100 0.118800 0.087500 0.171200 0.122700 0.087500 0.117600 0.134900 0.173700 0.119700 0.171800 0.121100 0.072100 0.228800 0.119700 0.087700 0.120100 0.087500 0.120000 0.117400 0.193800 0.138600 0.154300 0.121100 0.138500 0.103900 0.139200 0.154300 0.119200 0.000000 0.154100 0.173000 0.154600
ForestMusk 0.069000 0.157300 0.025100 0.306300 0.113800 0.084300 0.083100 0.114600 0.040000 0.054700 0.069400 0.054300 0.083100 0.068200 0.114800 0.114600 0.069700 0.069300 0.100100 0.025200 0.114600 0.054400 0.098500 0.072100 0.054400 0.113800 0.098000 0.040000 0.115200 0.039900 0.054700 0.068200 0.084300 0.083100 0.053400 0.053600 0.054400 0.132900 0.113600 0.102000 0.070000 0.148700 0.054700 0.086000 0.038700 0.133900 0.148500 0.115000 0.154100 0.000000 0.040000 0.025100
Bushbuck 0.084700 0.142000 0.013400 0.286400 0.130200 0.100300 0.099900 0.131200 0.000000 0.070400 0.085100 0.040900 0.100500 0.084800 0.099600 0.131100 0.085500 0.085000 0.116700 0.013500 0.131100 0.069900 0.115500 0.088700 0.069900 0.130000 0.115300 0.027300 0.132000 0.027100 0.070400 0.084800 0.100400 0.100500 0.070100 0.070200 0.069900 0.150300 0.129800 0.118900 0.085900 0.166600 0.070400 0.102300 0.055600 0.151600 0.166400 0.131600 0.173000 0.040000 0.000000 0.041200
GreaterKud 0.069600 0.159500 0.026900 0.308400 0.114100 0.084700 0.084500 0.115000 0.041200 0.055600 0.070000 0.055000 0.084900 0.069800 0.115100 0.114900 0.070200 0.069900 0.100700 0.027400 0.114900 0.055200 0.099700 0.072900 0.055200 0.114000 0.099400 0.041400 0.115700 0.041100 0.055600 0.069800 0.084900 0.084900 0.055300 0.055500 0.055200 0.133300 0.113800 0.102600 0.070600 0.149200 0.055600 0.086400 0.041200 0.134300 0.148900 0.115300 0.154600 0.025100 0.041200 0.000000
