1
52 1
Argali 0.000000 0.335100 0.134900 0.321900 0.127300 0.006300 0.129400 0.108000 0.135800 0.199700 0.025200 0.149100 0.096100 0.107300 0.144900 0.102500 0.235200 0.202600 0.044900 0.141900 0.074900 0.025900 0.283300 0.213000 0.019200 0.081300 0.083000 0.140100 0.101500 0.142200 0.176800 0.100800 0.163400 0.070300 0.071500 0.128800 0.032100 0.112000 0.084800 0.211900 0.172000 0.089300 0.189500 0.180000 0.143200 0.131100 0.102200 0.140100 0.085100 0.208700 0.141600 0.135100
LesserMous 0.335100 0.000000 0.344400 0.326300 0.326200 0.343500 0.348900 0.330500 0.328800 0.352300 0.321600 0.344200 0.407500 0.317600 0.323600 0.317300 0.305800 0.324200 0.362700 0.333300 0.320600 0.350000 0.391700 0.330200 0.346900 0.347200 0.391200 0.350000 0.332100 0.336100 0.341600 0.321100 0.292900 0.375400 0.390900 0.357500 0.365500 0.306000 0.339200 0.317900 0.293100 0.340500 0.319400 0.302700 0.359700 0.330300 0.326500 0.357500 0.354400 0.359900 0.315200 0.345600
LesserKudu 0.134900 0.344400 0.000000 0.298400 0.150100 0.140900 0.166400 0.158900 0.045700 0.223800 0.147400 0.120700 0.209700 0.157700 0.184700 0.154000 0.205200 0.202800 0.163800 0.052000 0.140300 0.144100 0.291700 0.213200 0.143000 0.147000 0.188300 0.051300 0.159800 0.038900 0.199500 0.151400 0.171200 0.197900 0.193200 0.135600 0.157400 0.149700 0.147800 0.226900 0.179900 0.155700 0.213100 0.164800 0.143500 0.209100 0.138800 0.191200 0.172100 0.224700 0.051900 0.045500
KillerWhal 0.321900 0.326300 0.298400 0.000000 0.329700 0.329300 0.284800 0.284700 0.299800 0.331200 0.326600 0.266400 0.320800 0.290400 0.311300 0.321800 0.299900 0.307500 0.346000 0.279500 0.291800 0.334500 0.376300 0.329100 0.332000 0.314900 0.322700 0.295400 0.318700 0.290400 0.305400 0.277000 0.284900 0.308800 0.321300 0.291900 0.348400 0.311800 0.278200 0.309900 0.286900 0.308800 0.318900 0.295500 0.293500 0.318200 0.281000 0.294000 0.306100 0.353900 0.288700 0.298500
DefassaWat 0.127300 0.326200 0.150100 0.329700 0.000000 0.134500 0.135300 0.129100 0.166500 0.227800 0.140400 0.165400 0.175000 0.127800 0.137400 0.108300 0.231700 0.229800 0.119700 0.172800 0.094100 0.121700 0.280000 0.208500 0.120700 0.116300 0.146000 0.171200 0.122100 0.142700 0.202300 0.121200 0.196700 0.147300 0.149900 0.143800 0.135600 0.042000 0.133000 0.224000 0.165700 0.109500 0.216600 0.174000 0.160100 0.162400 0.107900 0.147500 0.134900 0.236600 0.172500 0.165700
Sheep 0.006300 0.343500 0.140900 0.329300 0.134500 0.000000 0.136300 0.114800 0.142700 0.207100 0.031500 0.156000 0.102200 0.114000 0.152300 0.109500 0.242300 0.209800 0.051400 0.148800 0.081800 0.032400 0.290900 0.220300 0.025600 0.087800 0.089500 0.147500 0.108300 0.149200 0.183300 0.107700 0.170600 0.076700 0.078100 0.135700 0.038500 0.119100 0.091400 0.219100 0.179300 0.096300 0.196700 0.187400 0.150200 0.138100 0.109100 0.146900 0.091300 0.215900 0.148500 0.142800
MaxwellsDu 0.129400 0.348900 0.166400 0.284800 0.135300 0.136300 0.000000 0.087800 0.167400 0.226100 0.142100 0.122200 0.160400 0.059100 0.178900 0.096300 0.199400 0.228000 0.136500 0.173500 0.082700 0.138600 0.294800 0.200100 0.137500 0.118500 0.147100 0.164800 0.124000 0.159100 0.201500 0.053200 0.188800 0.133800 0.157600 0.146700 0.152100 0.119800 0.092400 0.191200 0.197900 0.111900 0.199600 0.190200 0.160900 0.203800 0.095900 0.134600 0.151300 0.203600 0.173200 0.166600
GazellaPrz 0.108000 0.330500 0.158900 0.284700 0.129100 0.114800 0.087800 0.000000 0.175000 0.234200 0.120600 0.129500 0.153300 0.094100 0.155300 0.089300 0.192200 0.204400 0.129400 0.173700 0.062000 0.102400 0.278300 0.231600 0.101600 0.082400 0.140000 0.172300 0.102500 0.166600 0.209500 0.087700 0.196300 0.126800 0.135900 0.123300 0.115700 0.113600 0.085600 0.199000 0.190000 0.090300 0.207400 0.198300 0.139000 0.195900 0.089000 0.099300 0.129600 0.226900 0.180800 0.174200
MountainNy 0.135800 0.328800 0.045700 0.299800 0.166500 0.142700 0.167400 0.175000 0.000000 0.225100 0.148300 0.121300 0.203700 0.158600 0.177500 0.154900 0.213400 0.195900 0.142500 0.019300 0.126300 0.145000 0.310500 0.221900 0.143900 0.163100 0.175300 0.019200 0.138300 0.019300 0.200700 0.152300 0.172300 0.184000 0.179200 0.136900 0.158400 0.166000 0.148700 0.229100 0.196900 0.156700 0.214300 0.172500 0.144900 0.226400 0.139600 0.192300 0.172400 0.225900 0.019300 0.013000
MuntiacusM 0.199700 0.352300 0.223800 0.331200 0.227800 0.207100 0.226100 0.234200 0.225100 0.000000 0.228100 0.223100 0.263400 0.216200 0.182000 0.213600 0.273200 0.272500 0.238900 0.231200 0.199300 0.226600 0.199400 0.132800 0.224700 0.206500 0.249100 0.229000 0.227300 0.215900 0.020200 0.209700 0.199900 0.235100 0.230600 0.217400 0.224300 0.226900 0.204700 0.117400 0.077200 0.200000 0.020000 0.084300 0.218600 0.300800 0.212900 0.235300 0.223500 0.221400 0.230700 0.224000
goat 0.025200 0.321600 0.147400 0.326600 0.140400 0.031500 0.142100 0.120600 0.148300 0.228100 0.000000 0.161600 0.107900 0.105800 0.158200 0.115400 0.232100 0.199800 0.057400 0.154400 0.087900 0.038600 0.296000 0.225600 0.018900 0.108700 0.094500 0.153000 0.114200 0.154800 0.204100 0.099500 0.191600 0.082600 0.084000 0.141400 0.031700 0.125100 0.097300 0.208900 0.185000 0.116600 0.217500 0.193000 0.155800 0.114900 0.100800 0.138300 0.097600 0.205800 0.139700 0.147700
AfricanBuf 0.149100 0.344200 0.120700 0.266400 0.165400 0.156000 0.122200 0.129500 0.121300 0.223100 0.161600 0.000000 0.209500 0.142700 0.192100 0.153600 0.168000 0.225400 0.156100 0.127500 0.125900 0.158500 0.274600 0.236300 0.157300 0.161700 0.196000 0.119500 0.166800 0.098400 0.198900 0.136400 0.186300 0.182600 0.192800 0.099400 0.171900 0.134400 0.147500 0.204000 0.195200 0.155300 0.197000 0.187600 0.106800 0.224600 0.138400 0.168900 0.171100 0.216200 0.127200 0.120800
Topi 0.096100 0.407500 0.209700 0.320800 0.175000 0.102200 0.160400 0.153300 0.203700 0.263400 0.107900 0.209500 0.000000 0.124200 0.185700 0.134000 0.258800 0.211600 0.082400 0.209600 0.120900 0.097300 0.315400 0.237200 0.089600 0.156200 0.024000 0.200700 0.139800 0.210100 0.238900 0.131900 0.258200 0.024200 0.075800 0.159100 0.102900 0.159500 0.115400 0.226800 0.204600 0.149900 0.252300 0.220400 0.173400 0.163200 0.147900 0.157000 0.129800 0.255500 0.209200 0.202800
CommonDuik 0.107300 0.317600 0.157700 0.290400 0.127800 0.114000 0.059100 0.094100 0.158600 0.216200 0.105800 0.142700 0.124200 0.000000 0.153800 0.074400 0.190300 0.187600 0.114100 0.164700 0.075000 0.115800 0.267600 0.190700 0.113900 0.095900 0.111000 0.156200 0.101600 0.150500 0.192100 0.032600 0.195000 0.098200 0.134800 0.122400 0.129100 0.112500 0.071500 0.181800 0.172700 0.089400 0.205600 0.180700 0.136300 0.178500 0.074100 0.126500 0.128500 0.179200 0.149700 0.157900
Suni 0.144900 0.323600 0.184700 0.311300 0.137400 0.152300 0.178900 0.155300 0.177500 0.182000 0.158200 0.192100 0.185700 0.153800 0.000000 0.134100 0.244200 0.242700 0.136800 0.183900 0.119500 0.139400 0.305400 0.179600 0.138200 0.142600 0.171600 0.182100 0.132300 0.168600 0.189800 0.147000 0.184700 0.165100 0.159900 0.146600 0.154400 0.136800 0.143300 0.203400 0.169200 0.135700 0.186200 0.160900 0.171100 0.191300 0.133600 0.158300 0.152800 0.200200 0.183500 0.176600
Springbuck 0.102500 0.317300 0.154000 0.321800 0.108300 0.109500 0.096300 0.089300 0.154900 0.213600 0.115400 0.153600 0.134000 0.074400 0.134100 0.000000 0.218000 0.216000 0.095300 0.161200 0.055400 0.096800 0.282700 0.195400 0.096000 0.062300 0.120000 0.159600 0.054300 0.146600 0.188900 0.067800 0.192000 0.107400 0.116200 0.132800 0.108700 0.092900 0.080000 0.194200 0.169200 0.055600 0.202700 0.177200 0.148500 0.175200 0.068900 0.108100 0.108500 0.191400 0.160800 0.154200
Okapi 0.235200 0.305800 0.205200 0.299900 0.231700 0.242300 0.199400 0.192200 0.213400 0.273200 0.232100 0.168000 0.258800 0.190300 0.244200 0.218000 0.000000 0.103800 0.226800 0.219300 0.189200 0.230700 0.292300 0.238100 0.229000 0.226700 0.245000 0.210200 0.215400 0.204800 0.248500 0.199100 0.236000 0.238900 0.250200 0.229400 0.244300 0.199500 0.224400 0.207400 0.213800 0.220400 0.246100 0.205800 0.230600 0.252300 0.186900 0.239100 0.227800 0.233800 0.203800 0.212400
Giraffe 0.202600 0.324200 0.202800 0.307500 0.229800 0.209800 0.228000 0.204400 0.195900 0.272500 0.199800 0.225400 0.211600 0.187600 0.242700 0.216000 0.103800 0.000000 0.194300 0.194500 0.186400 0.197800 0.275400 0.236500 0.196200 0.224800 0.212900 0.192900 0.197800 0.202500 0.247100 0.196600 0.201900 0.206700 0.217500 0.227600 0.211400 0.212800 0.208100 0.227700 0.195700 0.218400 0.260800 0.203400 0.228900 0.234500 0.184200 0.221600 0.210500 0.247800 0.186400 0.195000
TibetanAnt 0.044900 0.362700 0.163800 0.346000 0.119700 0.051400 0.136500 0.129400 0.142500 0.238900 0.057400 0.156100 0.082400 0.114100 0.136800 0.095300 0.226800 0.194300 0.000000 0.148600 0.081900 0.045700 0.308000 0.204600 0.038600 0.117200 0.069400 0.147300 0.094200 0.134700 0.214300 0.107800 0.201700 0.063700 0.078100 0.128700 0.051800 0.104600 0.105000 0.211700 0.195100 0.110800 0.227900 0.187100 0.143100 0.138300 0.109200 0.132900 0.092000 0.216100 0.148400 0.141900
Sitatunga 0.141900 0.333300 0.052000 0.279500 0.172800 0.148800 0.173500 0.173700 0.019300 0.231200 0.154400 0.127500 0.209600 0.164700 0.183900 0.161200 0.219300 0.194500 0.148600 0.000000 0.132600 0.151200 0.316500 0.228000 0.150000 0.169400 0.181300 0.025400 0.144500 0.025700 0.206800 0.158400 0.171000 0.190000 0.185300 0.143100 0.164500 0.172300 0.154700 0.235200 0.203100 0.163000 0.220300 0.179600 0.151100 0.232600 0.145800 0.190900 0.163500 0.232000 0.019100 0.019200
Oribi 0.074900 0.320600 0.140300 0.291800 0.094100 0.081800 0.082700 0.062000 0.126300 0.199300 0.087900 0.125900 0.120900 0.075000 0.119500 0.055400 0.189200 0.186400 0.081900 0.132600 0.000000 0.068900 0.268600 0.197000 0.068400 0.062300 0.107500 0.131400 0.054800 0.133000 0.174900 0.068100 0.161800 0.094200 0.088500 0.119000 0.082100 0.078800 0.066800 0.180300 0.154900 0.056100 0.188700 0.163000 0.134600 0.161000 0.055200 0.094700 0.096000 0.192900 0.132300 0.125600
BarbaryShe 0.025900 0.350000 0.144100 0.334500 0.121700 0.032400 0.138600 0.102400 0.145000 0.226600 0.038600 0.158500 0.097300 0.115800 0.139400 0.096800 0.230700 0.197800 0.045700 0.151200 0.068900 0.000000 0.295900 0.224100 0.019500 0.089900 0.083700 0.149800 0.096000 0.151600 0.202000 0.109400 0.189200 0.071500 0.059100 0.137900 0.032600 0.106300 0.092900 0.222900 0.182500 0.097900 0.215700 0.190700 0.145600 0.133500 0.096500 0.134900 0.079800 0.219500 0.150900 0.144400
Daviddeer 0.283300 0.391700 0.291700 0.376300 0.280000 0.290900 0.294800 0.278300 0.310500 0.199400 0.296000 0.274600 0.315400 0.267600 0.305400 0.282700 0.292300 0.275400 0.308000 0.316500 0.268600 0.295900 0.000000 0.189500 0.293500 0.292500 0.317500 0.305500 0.296600 0.300400 0.175700 0.261200 0.303100 0.303000 0.316200 0.252700 0.310200 0.262000 0.271100 0.188700 0.119000 0.286100 0.204800 0.156500 0.254100 0.354700 0.282000 0.303100 0.292000 0.289400 0.315800 0.308900
Reindeer 0.213000 0.330200 0.213200 0.329100 0.208500 0.220300 0.200100 0.231600 0.221900 0.132800 0.225600 0.236300 0.237200 0.190700 0.179600 0.195400 0.238100 0.236500 0.204600 0.228000 0.197000 0.224100 0.189500 0.000000 0.222300 0.220000 0.223300 0.225800 0.208400 0.212900 0.110400 0.182500 0.213400 0.217100 0.228100 0.207200 0.237900 0.207700 0.187400 0.087900 0.069200 0.213600 0.138500 0.047800 0.208300 0.279700 0.210500 0.217300 0.221000 0.204000 0.227500 0.220800
Ibex 0.019200 0.346900 0.143000 0.332000 0.120700 0.025600 0.137500 0.101600 0.143900 0.224700 0.018900 0.157300 0.089600 0.113900 0.138200 0.096000 0.229000 0.196200 0.038600 0.150000 0.068400 0.019500 0.293500 0.222300 0.000000 0.089200 0.076500 0.148700 0.095000 0.150400 0.200400 0.108600 0.187700 0.064100 0.065200 0.136800 0.012900 0.105400 0.092200 0.221100 0.181000 0.097100 0.214000 0.189100 0.151400 0.124700 0.095800 0.134500 0.078800 0.217700 0.149800 0.143200
GyrantGaze 0.081300 0.347200 0.147000 0.314900 0.116300 0.087800 0.118500 0.082400 0.163100 0.206500 0.108700 0.161700 0.156200 0.095900 0.142600 0.062300 0.226700 0.224800 0.117200 0.169400 0.062300 0.089900 0.292500 0.220000 0.089200 0.000000 0.141300 0.167700 0.075800 0.154700 0.181900 0.088800 0.184800 0.129200 0.123900 0.140700 0.103400 0.100700 0.087200 0.218800 0.177900 0.006900 0.195700 0.186200 0.156600 0.168100 0.076300 0.129900 0.117500 0.199900 0.169000 0.162300
Hartebeest 0.083000 0.391200 0.188300 0.322700 0.146000 0.089500 0.147100 0.140000 0.175300 0.249100 0.094500 0.196000 0.024000 0.111000 0.171600 0.120000 0.245000 0.212900 0.069400 0.181300 0.107500 0.083700 0.317500 0.223300 0.076500 0.141300 0.000000 0.172700 0.126500 0.181700 0.224900 0.119000 0.243900 0.012200 0.063200 0.145900 0.089000 0.145700 0.102400 0.213100 0.206000 0.136400 0.238200 0.206200 0.160100 0.149600 0.134600 0.157900 0.116800 0.241600 0.182100 0.174500
Bongo 0.140100 0.350000 0.051300 0.295400 0.171200 0.147500 0.164800 0.172300 0.019200 0.229000 0.153000 0.119500 0.200700 0.156200 0.182100 0.159600 0.210200 0.192900 0.147300 0.025400 0.131400 0.149800 0.305500 0.225800 0.148700 0.167700 0.172700 0.000000 0.143100 0.025400 0.204900 0.149900 0.176900 0.181300 0.183600 0.133200 0.163000 0.170700 0.146400 0.233000 0.201200 0.161400 0.218300 0.177800 0.142600 0.230400 0.144500 0.196400 0.176900 0.229700 0.025300 0.019000
Gerenuk 0.101500 0.332100 0.159800 0.318700 0.122100 0.108300 0.124000 0.102500 0.138300 0.227300 0.114200 0.166800 0.139800 0.101600 0.132300 0.054300 0.215400 0.197800 0.094200 0.144500 0.054800 0.096000 0.296600 0.208400 0.095000 0.075800 0.126500 0.143100 0.000000 0.144800 0.202600 0.095800 0.189800 0.120300 0.115000 0.123700 0.109200 0.106600 0.092900 0.215600 0.183000 0.069200 0.216300 0.175100 0.139500 0.188900 0.082300 0.135300 0.123000 0.220100 0.144200 0.137600
CommonElan 0.142200 0.336100 0.038900 0.290400 0.142700 0.149200 0.159100 0.166600 0.019300 0.215900 0.154800 0.098400 0.210100 0.150500 0.168600 0.146600 0.204800 0.202500 0.134700 0.025700 0.133000 0.151600 0.300400 0.212900 0.150400 0.154700 0.181700 0.025400 0.144800 0.000000 0.191800 0.144100 0.179100 0.190500 0.185800 0.114700 0.165000 0.142200 0.156600 0.220100 0.187900 0.148300 0.205300 0.164600 0.122400 0.217200 0.131500 0.183900 0.164200 0.217000 0.025600 0.019300
MuntiacusR 0.176800 0.341600 0.199500 0.305400 0.202300 0.183300 0.201500 0.209500 0.200700 0.020200 0.204100 0.198900 0.238900 0.192100 0.189800 0.188900 0.248500 0.247100 0.214300 0.206800 0.174900 0.202000 0.175700 0.110400 0.200400 0.181900 0.224900 0.204900 0.202600 0.191800 0.000000 0.185600 0.191200 0.211000 0.206300 0.193000 0.200000 0.201500 0.181200 0.095600 0.055100 0.175400 0.026600 0.062700 0.194100 0.273800 0.188300 0.211100 0.199200 0.213200 0.206400 0.199700
HarveysDui 0.100800 0.321100 0.151400 0.277000 0.121200 0.107700 0.053200 0.087700 0.152300 0.209700 0.099500 0.136400 0.131900 0.032600 0.147000 0.067800 0.199100 0.196600 0.107800 0.158400 0.068100 0.109400 0.261200 0.182500 0.108600 0.088800 0.119000 0.149900 0.095800 0.144100 0.185600 0.000000 0.188400 0.105700 0.128500 0.116000 0.122200 0.105900 0.065200 0.190900 0.166100 0.082900 0.199200 0.174100 0.131100 0.172000 0.053800 0.106200 0.122200 0.188100 0.158100 0.151500
Pronghorn 0.163400 0.292900 0.171200 0.284900 0.196700 0.170600 0.188800 0.196300 0.172300 0.199900 0.191600 0.186300 0.258200 0.195000 0.184700 0.192000 0.236000 0.201900 0.201700 0.171000 0.161800 0.189200 0.303100 0.213400 0.187700 0.184800 0.243900 0.176900 0.189800 0.179100 0.191200 0.188400 0.000000 0.229800 0.209300 0.211900 0.203200 0.179600 0.168600 0.244800 0.187200 0.176600 0.189300 0.179400 0.213100 0.226400 0.175500 0.213700 0.202200 0.216100 0.178200 0.171500
BlueWildeb 0.070300 0.375400 0.197900 0.308800 0.147300 0.076700 0.133800 0.126800 0.184000 0.235100 0.082600 0.182600 0.024200 0.098200 0.165100 0.107400 0.238900 0.206700 0.063700 0.190000 0.094200 0.071500 0.303000 0.217100 0.064100 0.129200 0.012200 0.181300 0.120300 0.190500 0.211000 0.105700 0.229800 0.000000 0.050600 0.147900 0.077300 0.131900 0.090900 0.216100 0.192000 0.122900 0.224400 0.199900 0.162300 0.136200 0.121200 0.144900 0.104000 0.227900 0.189700 0.183200
Gemsbok 0.071500 0.390900 0.193200 0.321300 0.149900 0.078100 0.157600 0.135900 0.179200 0.230600 0.084000 0.192800 0.075800 0.134800 0.159900 0.116200 0.250200 0.217500 0.078100 0.185300 0.088500 0.059100 0.316200 0.228100 0.065200 0.123900 0.063200 0.183600 0.115000 0.185800 0.206300 0.128500 0.209300 0.050600 0.000000 0.157400 0.078700 0.141400 0.098000 0.226900 0.187100 0.117500 0.219800 0.195100 0.165200 0.153400 0.115900 0.154000 0.092000 0.239000 0.184900 0.178400
Yak 0.128800 0.357500 0.135600 0.291900 0.143800 0.135700 0.146700 0.123300 0.136900 0.217400 0.141400 0.099400 0.159100 0.122400 0.146600 0.132800 0.229400 0.227600 0.128700 0.143100 0.119000 0.137900 0.252700 0.207200 0.136800 0.140700 0.145900 0.133200 0.123700 0.114700 0.193000 0.116000 0.211900 0.147900 0.157400 0.000000 0.151300 0.128100 0.113300 0.196900 0.173600 0.134200 0.206700 0.173900 0.019200 0.218700 0.132300 0.148700 0.150600 0.226100 0.142800 0.136200
BlueSheep 0.032100 0.365500 0.157400 0.348400 0.135600 0.038500 0.152100 0.115700 0.158400 0.224300 0.031700 0.171900 0.102900 0.129100 0.154400 0.108700 0.244300 0.211400 0.051800 0.164500 0.082100 0.032600 0.310200 0.237900 0.012900 0.103400 0.089000 0.163000 0.109200 0.165000 0.200000 0.122200 0.203200 0.077300 0.078700 0.151300 0.000000 0.120100 0.105900 0.236700 0.196600 0.111600 0.213600 0.204800 0.166100 0.139200 0.110000 0.148000 0.092400 0.233100 0.164200 0.157700
BohorReedb 0.112000 0.306000 0.149700 0.311800 0.042000 0.119100 0.119800 0.113600 0.166000 0.226900 0.125100 0.134400 0.159500 0.112500 0.136800 0.092900 0.199500 0.212800 0.104600 0.172300 0.078800 0.106300 0.262000 0.207700 0.105400 0.100700 0.145700 0.170700 0.106600 0.142200 0.201500 0.105900 0.179600 0.131900 0.141400 0.128100 0.120100 0.000000 0.117800 0.223100 0.165000 0.093900 0.215700 0.173300 0.144000 0.146200 0.092500 0.132100 0.119500 0.187800 0.172000 0.165200
KirksDik 0.084800 0.339200 0.147800 0.278200 0.133000 0.091400 0.092400 0.085600 0.148700 0.204700 0.097300 0.147500 0.115400 0.071500 0.143300 0.080000 0.224400 0.208100 0.105000 0.154700 0.066800 0.092900 0.271100 0.187400 0.092200 0.087200 0.102400 0.146400 0.092900 0.156600 0.181200 0.065200 0.168600 0.090900 0.098000 0.113300 0.105900 0.117800 0.000000 0.186400 0.162100 0.094400 0.194500 0.169900 0.128000 0.198600 0.093600 0.117600 0.119400 0.198500 0.154400 0.148000
RoeDeer 0.211900 0.317900 0.226900 0.309900 0.224000 0.219100 0.191200 0.199000 0.229100 0.117400 0.208900 0.204000 0.226800 0.181800 0.203400 0.194200 0.207400 0.227700 0.211700 0.235200 0.180300 0.222900 0.188700 0.087900 0.221100 0.218800 0.213100 0.233000 0.215600 0.220100 0.095600 0.190900 0.244800 0.216100 0.226900 0.196900 0.236700 0.223100 0.186400 0.000000 0.068900 0.212400 0.108900 0.069000 0.197900 0.278300 0.209300 0.201000 0.219900 0.202600 0.218800 0.228000
WhiteLippe 0.172000 0.293100 0.179900 0.286900 0.165700 0.179300 0.197900 0.190000 0.196900 0.077200 0.185000 0.195200 0.204600 0.172700 0.169200 0.169200 0.213800 0.195700 0.195100 0.203100 0.154900 0.182500 0.119000 0.069200 0.181000 0.177900 0.206000 0.201200 0.183000 0.187900 0.055100 0.166100 0.187200 0.192000 0.187100 0.173600 0.196600 0.165000 0.162100 0.068900 0.000000 0.171200 0.083500 0.035100 0.174500 0.236800 0.168600 0.176800 0.179900 0.194100 0.202700 0.195900
ThomsonGaz 0.089300 0.340500 0.155700 0.308800 0.109500 0.096300 0.111900 0.090300 0.156700 0.200000 0.116600 0.155300 0.149900 0.089400 0.135700 0.055600 0.220400 0.218400 0.110800 0.163000 0.056100 0.097900 0.286100 0.213600 0.097100 0.006900 0.136400 0.161400 0.069200 0.148300 0.175400 0.082900 0.176600 0.122900 0.117500 0.134200 0.111600 0.093900 0.094400 0.212400 0.171200 0.000000 0.189300 0.179600 0.150100 0.161500 0.069700 0.123600 0.111000 0.193500 0.162600 0.155900
MuntiacusC 0.189500 0.319400 0.213100 0.318900 0.216600 0.196700 0.199600 0.207400 0.214300 0.020000 0.217500 0.197000 0.252300 0.205600 0.186200 0.202700 0.246100 0.260800 0.227900 0.220300 0.188700 0.215700 0.204800 0.138500 0.214000 0.195700 0.238200 0.218300 0.216300 0.205300 0.026600 0.199200 0.189300 0.224400 0.219800 0.206700 0.213600 0.215700 0.194500 0.108900 0.083500 0.189300 0.000000 0.090800 0.207800 0.288100 0.202100 0.224500 0.212800 0.226600 0.219900 0.213200
WhiteTaile 0.180000 0.302700 0.164800 0.295500 0.174000 0.187400 0.190200 0.198300 0.172500 0.084300 0.193000 0.187600 0.220400 0.180700 0.160900 0.177200 0.205800 0.203400 0.187100 0.179600 0.163000 0.190700 0.156500 0.047800 0.189100 0.186200 0.206200 0.177800 0.175100 0.164600 0.062700 0.174100 0.179400 0.199900 0.195100 0.173900 0.204800 0.173300 0.169900 0.069000 0.035100 0.179600 0.090800 0.000000 0.174800 0.245500 0.176800 0.200200 0.188000 0.202200 0.179200 0.172400
Cattle 0.143200 0.359700 0.143500 0.293500 0.160100 0.150200 0.160900 0.139000 0.144900 0.218600 0.155800 0.106800 0.173400 0.136300 0.171100 0.148500 0.230600 0.228900 0.143100 0.151100 0.134600 0.145600 0.254100 0.208300 0.151400 0.156600 0.160100 0.142600 0.139500 0.122400 0.194100 0.131100 0.213100 0.162300 0.165200 0.019200 0.166100 0.144000 0.128000 0.197900 0.174500 0.150100 0.207800 0.174800 0.000000 0.234800 0.148000 0.164000 0.165300 0.227400 0.150800 0.144200
RoyalAntel 0.131100 0.330300 0.209100 0.318200 0.162400 0.138100 0.203800 0.195900 0.226400 0.300800 0.114900 0.224600 0.163200 0.178500 0.191300 0.175200 0.252300 0.234500 0.138300 0.232600 0.161000 0.133500 0.354700 0.279700 0.124700 0.168100 0.149600 0.230400 0.188900 0.217200 0.273800 0.172000 0.226400 0.136200 0.153400 0.218700 0.139200 0.146200 0.198600 0.278300 0.236800 0.161500 0.288100 0.245500 0.234800 0.000000 0.143600 0.197900 0.138600 0.257100 0.216000 0.225300
Steenbok 0.102200 0.326500 0.138800 0.281000 0.107900 0.109100 0.095900 0.089000 0.139600 0.212900 0.100800 0.138400 0.147900 0.074100 0.133600 0.068900 0.186900 0.184200 0.109200 0.145800 0.055200 0.096500 0.282000 0.210500 0.095800 0.076300 0.134600 0.144500 0.082300 0.131500 0.188300 0.053800 0.175500 0.121200 0.115900 0.132300 0.110000 0.092500 0.093600 0.209300 0.168600 0.069700 0.202100 0.176800 0.148000 0.143600 0.000000 0.107200 0.109400 0.206200 0.145500 0.138900
Impala 0.140100 0.357500 0.191200 0.294000 0.147500 0.146900 0.134600 0.099300 0.192300 0.235300 0.138300 0.168900 0.157000 0.126500 0.158300 0.108100 0.239100 0.221600 0.132900 0.190900 0.094700 0.134900 0.303100 0.217300 0.134500 0.129900 0.157900 0.196400 0.135300 0.183900 0.211100 0.106200 0.213700 0.144900 0.154000 0.148700 0.148000 0.132100 0.117600 0.201000 0.176800 0.123600 0.224500 0.200200 0.164000 0.197900 0.107200 0.000000 0.133000 0.228200 0.197900 0.191400
Klipspring 0.085100 0.354400 0.172100 0.306100 0.134900 0.091300 0.151300 0.129600 0.172400 0.223500 0.097600 0.171100 0.129800 0.128500 0.152800 0.108500 0.227800 0.210500 0.092000 0.163500 0.096000 0.079800 0.292000 0.221000 0.078800 0.117500 0.116800 0.176900 0.123000 0.164200 0.199200 0.122200 0.202200 0.104000 0.092000 0.150600 0.092400 0.119500 0.119400 0.219900 0.179900 0.111000 0.212800 0.188000 0.165300 0.138600 0.109400 0.133000 0.000000 0.216600 0.170800 0.171600
ForestMusk 0.208700 0.359900 0.224700 0.353900 0.236600 0.215900 0.203600 0.226900 0.225900 0.221400 0.205800 0.216200 0.255500 0.179200 0.200200 0.191400 0.233800 0.247800 0.216100 0.232000 0.192900 0.219500 0.289400 0.204000 0.217700 0.199900 0.241600 0.229700 0.220100 0.217000 0.213200 0.188100 0.216100 0.227900 0.239000 0.226100 0.233100 0.187800 0.198500 0.202600 0.194100 0.193500 0.226600 0.202200 0.227400 0.257100 0.206200 0.228200 0.216600 0.000000 0.215800 0.224900
Bushbuck 0.141600 0.315200 0.051900 0.288700 0.172500 0.148500 0.173200 0.180800 0.019300 0.230700 0.139700 0.127200 0.209200 0.149700 0.183500 0.160800 0.203800 0.186400 0.148400 0.019100 0.132300 0.150900 0.315800 0.227500 0.149800 0.169000 0.182100 0.025300 0.144200 0.025600 0.206400 0.158100 0.178200 0.189700 0.184900 0.142800 0.164200 0.172000 0.154400 0.218800 0.202700 0.162600 0.219900 0.179200 0.150800 0.216000 0.145500 0.197900 0.170800 0.215800 0.000000 0.019300
GreaterKud 0.135100 0.345600 0.045500 0.298500 0.165700 0.142800 0.166600 0.174200 0.013000 0.224000 0.147700 0.120800 0.202800 0.157900 0.176600 0.154200 0.212400 0.195000 0.141900 0.019200 0.125600 0.144400 0.308900 0.220800 0.143200 0.162300 0.174500 0.019000 0.137600 0.019300 0.199700 0.151500 0.171500 0.183200 0.178400 0.136200 0.157700 0.165200 0.148000 0.228000 0.195900 0.155900 0.213200 0.172400 0.144200 0.225300 0.138900 0.191400 0.171600 0.224900 0.019300 0.000000
