1
52 1
Argali 0.000000 0.411300 0.074900 0.243400 0.050200 0.008000 0.041800 0.067500 0.084500 0.122800 0.024500 0.058300 0.033500 0.076900 0.067200 0.085700 0.118100 0.109700 0.033400 0.092000 0.059200 0.032900 0.085200 0.104100 0.032800 0.068300 0.033200 0.084100 0.084800 0.075200 0.103700 0.076700 0.103000 0.024800 0.024700 0.067000 0.024100 0.041700 0.075400 0.130300 0.102400 0.058800 0.103400 0.122600 0.066500 0.033300 0.050200 0.050000 0.049900 0.076200 0.084200 0.075200
LesserMous 0.411300 0.000000 0.411100 0.431400 0.392500 0.398300 0.420400 0.432900 0.432100 0.410900 0.396800 0.413500 0.365600 0.438900 0.431100 0.392600 0.402400 0.391600 0.409000 0.437200 0.411800 0.439600 0.380300 0.341900 0.408700 0.410000 0.378000 0.430800 0.431700 0.442100 0.378700 0.452400 0.358500 0.365000 0.388900 0.412800 0.420600 0.392100 0.442000 0.364600 0.404000 0.404100 0.377600 0.369300 0.425200 0.379000 0.405400 0.387700 0.388100 0.361800 0.431700 0.442100
LesserKudu 0.074900 0.411100 0.000000 0.295600 0.093400 0.066300 0.084600 0.093300 0.008000 0.150300 0.083900 0.024200 0.059000 0.094400 0.093000 0.093700 0.108400 0.118000 0.076200 0.015800 0.085100 0.083600 0.111400 0.130900 0.092500 0.076400 0.058400 0.008000 0.092900 0.016000 0.130500 0.102900 0.111300 0.049800 0.066600 0.024200 0.082900 0.084600 0.083500 0.120100 0.128800 0.066900 0.130200 0.149700 0.024000 0.058600 0.058200 0.058200 0.075200 0.084500 0.008000 0.016000
KillerWhal 0.243400 0.431400 0.295600 0.000000 0.236000 0.233000 0.280000 0.290500 0.310900 0.294000 0.255600 0.297900 0.225200 0.271900 0.289200 0.304200 0.282400 0.272900 0.270200 0.316800 0.282200 0.265900 0.236100 0.227400 0.265600 0.282200 0.246600 0.310100 0.301400 0.296900 0.269500 0.304400 0.267200 0.235800 0.234000 0.287900 0.252000 0.235900 0.298300 0.256000 0.255700 0.279300 0.268700 0.248900 0.285700 0.247300 0.268100 0.265900 0.244500 0.278800 0.309800 0.296900
DefassaWat 0.050200 0.392500 0.093400 0.236000 0.000000 0.041700 0.077300 0.086100 0.103600 0.096200 0.059100 0.094200 0.051300 0.087300 0.085800 0.086600 0.092500 0.084100 0.068800 0.111000 0.077800 0.067700 0.077300 0.096200 0.067600 0.087200 0.050800 0.103100 0.085700 0.093700 0.095800 0.095800 0.095200 0.042100 0.059200 0.085400 0.041300 0.025100 0.094100 0.122600 0.094600 0.077200 0.077300 0.114700 0.084800 0.050900 0.068300 0.068100 0.050400 0.086100 0.103200 0.093700
Sheep 0.008000 0.398300 0.066300 0.233000 0.041700 0.000000 0.050300 0.058800 0.075800 0.113600 0.016300 0.049700 0.025100 0.068000 0.058600 0.076800 0.109200 0.100800 0.025000 0.083300 0.050600 0.024600 0.076400 0.095100 0.024500 0.059500 0.024800 0.075400 0.076000 0.066500 0.094600 0.067900 0.094000 0.016500 0.016400 0.058400 0.016100 0.033200 0.066800 0.121100 0.093500 0.050200 0.094400 0.113300 0.057900 0.024900 0.041600 0.041500 0.041400 0.067500 0.075500 0.066500
MaxwellsDu 0.041800 0.420400 0.084600 0.280000 0.077300 0.050300 0.000000 0.077200 0.094600 0.114500 0.067900 0.085300 0.042600 0.042100 0.094900 0.095800 0.119800 0.111300 0.060000 0.102100 0.068800 0.076700 0.095400 0.114800 0.076500 0.078100 0.042200 0.094100 0.086000 0.102800 0.114300 0.033300 0.104500 0.033600 0.050600 0.094500 0.067100 0.050800 0.085200 0.141500 0.112900 0.068400 0.114000 0.124300 0.093800 0.033600 0.059500 0.059400 0.068000 0.077300 0.094200 0.102800
GazellaPrz 0.067500 0.432900 0.093300 0.290500 0.086100 0.058800 0.077200 0.000000 0.103400 0.133200 0.076600 0.094000 0.051300 0.105500 0.103800 0.068400 0.137700 0.129100 0.068700 0.110900 0.042200 0.085400 0.104300 0.123900 0.085200 0.051100 0.050700 0.102900 0.067700 0.111700 0.123400 0.077600 0.122600 0.042100 0.059100 0.103300 0.075600 0.077200 0.058600 0.150700 0.121900 0.059300 0.123000 0.123500 0.102600 0.058800 0.033400 0.068000 0.085400 0.095000 0.103100 0.111700
MountainNy 0.084500 0.432100 0.008000 0.310900 0.103600 0.075800 0.094600 0.103400 0.000000 0.161800 0.093800 0.032700 0.068500 0.094900 0.103100 0.103900 0.118600 0.128400 0.086100 0.007900 0.095100 0.093400 0.121900 0.141900 0.102500 0.086300 0.067800 0.000000 0.103000 0.008000 0.141500 0.103400 0.121800 0.059000 0.076200 0.032800 0.092600 0.094500 0.093200 0.130800 0.139600 0.076400 0.141100 0.161200 0.032500 0.068000 0.067600 0.066200 0.084900 0.094400 0.000000 0.008000
MuntiacusM 0.122800 0.410900 0.150300 0.294000 0.096200 0.113600 0.114500 0.133200 0.161800 0.000000 0.132800 0.151200 0.106700 0.144700 0.161900 0.143800 0.093300 0.084900 0.125200 0.168900 0.125100 0.142000 0.051200 0.087800 0.141900 0.135000 0.105500 0.161000 0.133100 0.170200 0.032700 0.133900 0.114700 0.096300 0.114200 0.150900 0.112400 0.115000 0.141300 0.114400 0.068300 0.133800 0.016700 0.087700 0.160000 0.096200 0.114400 0.123700 0.123500 0.123900 0.161200 0.170200
goat 0.024500 0.396800 0.083900 0.255600 0.059100 0.016300 0.067900 0.076600 0.093800 0.132800 0.000000 0.067200 0.042300 0.086200 0.076300 0.095100 0.118800 0.110300 0.042100 0.101300 0.068300 0.024700 0.094600 0.113900 0.007900 0.077500 0.024900 0.093400 0.094100 0.084300 0.113300 0.086000 0.112600 0.033300 0.033200 0.076000 0.015800 0.050500 0.084600 0.140300 0.112000 0.067800 0.113000 0.132600 0.075500 0.042000 0.059000 0.058900 0.058700 0.085500 0.093500 0.084300
AfricanBuf 0.058300 0.413500 0.024200 0.297900 0.094200 0.049700 0.085300 0.094000 0.032700 0.151200 0.067200 0.000000 0.059500 0.104600 0.093800 0.103900 0.118500 0.118900 0.059300 0.040600 0.085800 0.066900 0.112300 0.132000 0.075600 0.086300 0.058800 0.032600 0.102900 0.040800 0.131300 0.103700 0.112200 0.050200 0.050000 0.032700 0.066300 0.085200 0.093200 0.130700 0.129800 0.076400 0.131000 0.151000 0.032500 0.059000 0.067600 0.058700 0.075800 0.085100 0.032600 0.040800
Topi 0.033500 0.365600 0.059000 0.225200 0.051300 0.025100 0.042600 0.051300 0.068500 0.106700 0.042300 0.059500 0.000000 0.069900 0.068700 0.069400 0.102500 0.094000 0.034100 0.076200 0.042900 0.050900 0.069100 0.088000 0.050800 0.051900 0.016300 0.068300 0.068400 0.076800 0.087600 0.060500 0.087000 0.008400 0.025200 0.068400 0.041800 0.042600 0.059200 0.114400 0.086500 0.042600 0.087300 0.106500 0.067900 0.016900 0.033900 0.033800 0.050700 0.060000 0.068200 0.076800
CommonDuik 0.076900 0.438900 0.094400 0.271900 0.087300 0.068000 0.042100 0.105500 0.094900 0.144700 0.086200 0.104600 0.069900 0.000000 0.105200 0.106100 0.139100 0.149500 0.087800 0.102500 0.097100 0.095000 0.124600 0.145100 0.095000 0.088100 0.069100 0.094500 0.096000 0.085200 0.144400 0.042000 0.134000 0.060200 0.077700 0.086300 0.085100 0.060200 0.095100 0.152700 0.142700 0.078000 0.144000 0.155100 0.085700 0.060200 0.069000 0.095400 0.077700 0.105700 0.094600 0.085200
Suni 0.067200 0.431100 0.093000 0.289200 0.085800 0.058600 0.094900 0.103800 0.103100 0.161900 0.076300 0.093800 0.068700 0.105200 0.000000 0.123000 0.137200 0.128700 0.068500 0.110500 0.095400 0.085100 0.122300 0.142400 0.084900 0.105000 0.068000 0.102700 0.121800 0.093400 0.141700 0.113700 0.122100 0.059200 0.076400 0.085100 0.075400 0.076900 0.111700 0.150200 0.140000 0.094700 0.141300 0.161600 0.084500 0.068200 0.085600 0.067800 0.067600 0.094800 0.102800 0.093400
Springbuck 0.085700 0.392600 0.093700 0.304200 0.086600 0.076800 0.095800 0.068400 0.103900 0.143800 0.095100 0.103900 0.069400 0.106100 0.123000 0.000000 0.129100 0.139300 0.087200 0.111400 0.042400 0.104000 0.114300 0.134400 0.103900 0.033900 0.068700 0.103500 0.033400 0.112200 0.133700 0.114800 0.132900 0.059800 0.077200 0.103800 0.093800 0.095800 0.058900 0.142000 0.132100 0.042200 0.133400 0.134000 0.103100 0.068900 0.033600 0.086300 0.085900 0.104800 0.103600 0.112200
Okapi 0.118100 0.402400 0.108400 0.282400 0.092500 0.109200 0.119800 0.137700 0.118600 0.093300 0.118800 0.118500 0.102500 0.139100 0.137200 0.129100 0.000000 0.007800 0.120200 0.125700 0.129500 0.127500 0.083600 0.120400 0.127400 0.120600 0.092600 0.118000 0.109800 0.126600 0.101600 0.138700 0.083500 0.092500 0.109800 0.118400 0.099500 0.110400 0.127000 0.109900 0.100500 0.110200 0.083600 0.120200 0.117600 0.093000 0.101200 0.101100 0.091800 0.092200 0.118200 0.126600
Giraffe 0.109700 0.391600 0.118000 0.272900 0.084100 0.100800 0.111300 0.129100 0.128400 0.084900 0.110300 0.118900 0.094000 0.149500 0.128700 0.139300 0.007800 0.000000 0.111700 0.135600 0.120900 0.119100 0.075300 0.111800 0.119000 0.130700 0.084300 0.127800 0.119500 0.136500 0.093200 0.130100 0.075200 0.084200 0.101400 0.128200 0.091300 0.102000 0.136900 0.119700 0.092100 0.120000 0.075300 0.111700 0.127400 0.084600 0.110800 0.092700 0.083500 0.083800 0.128000 0.136500
TibetanAnt 0.033400 0.409000 0.076200 0.270200 0.068800 0.025000 0.060000 0.068700 0.086100 0.125200 0.042100 0.059300 0.034100 0.087800 0.068500 0.087200 0.120200 0.111700 0.000000 0.093700 0.060300 0.050700 0.086800 0.106100 0.050600 0.069500 0.033800 0.085700 0.086400 0.094300 0.105600 0.078100 0.104600 0.025200 0.025100 0.085900 0.041600 0.060000 0.076800 0.132800 0.104300 0.059900 0.105300 0.124900 0.085300 0.033900 0.051100 0.050900 0.068200 0.077600 0.085800 0.094300
Sitatunga 0.092000 0.437200 0.015800 0.316800 0.111000 0.083300 0.102100 0.110900 0.007900 0.168900 0.101300 0.040600 0.076200 0.102500 0.110500 0.111400 0.125700 0.135600 0.093700 0.000000 0.102700 0.100800 0.129200 0.149200 0.109800 0.093900 0.075400 0.007900 0.110400 0.015800 0.148700 0.110800 0.129100 0.066700 0.083700 0.040600 0.100000 0.102000 0.100700 0.138000 0.146700 0.084100 0.148300 0.168300 0.040200 0.075700 0.075300 0.075200 0.092400 0.101900 0.007900 0.015800
Oribi 0.059200 0.411800 0.085100 0.282200 0.077800 0.050600 0.068800 0.042200 0.095100 0.125100 0.068300 0.085800 0.042900 0.097100 0.095400 0.042400 0.129500 0.120900 0.060300 0.102700 0.000000 0.077100 0.096000 0.115600 0.076900 0.025400 0.042400 0.094700 0.042000 0.103400 0.115200 0.087200 0.114200 0.033800 0.050800 0.095300 0.067400 0.068900 0.050400 0.142400 0.113600 0.033700 0.114900 0.115200 0.094300 0.042500 0.025100 0.059700 0.077100 0.086600 0.094800 0.103400
BarbaryShe 0.032900 0.439600 0.083600 0.265900 0.067700 0.024600 0.076700 0.085400 0.093400 0.142000 0.024700 0.066900 0.050900 0.095000 0.085100 0.104000 0.127500 0.119100 0.050700 0.100800 0.077100 0.000000 0.103500 0.123000 0.033000 0.086400 0.033300 0.093000 0.103000 0.083900 0.122400 0.095000 0.121500 0.041800 0.041600 0.075700 0.024400 0.059000 0.093300 0.149400 0.120900 0.076500 0.122000 0.141700 0.075200 0.050500 0.067600 0.067500 0.067300 0.100800 0.093100 0.083900
Daviddeer 0.085200 0.380300 0.111400 0.236100 0.077300 0.076400 0.095400 0.104300 0.121900 0.051200 0.094600 0.112300 0.069100 0.124600 0.122300 0.114300 0.083600 0.075300 0.086800 0.129200 0.096000 0.103500 0.000000 0.051100 0.103400 0.105700 0.068300 0.121400 0.113200 0.130200 0.033600 0.114200 0.085900 0.059500 0.076800 0.122100 0.093400 0.077300 0.112400 0.076700 0.016300 0.095200 0.033500 0.068700 0.120900 0.068500 0.086100 0.085900 0.094500 0.094900 0.121500 0.130200
Reindeer 0.104100 0.341900 0.130900 0.227400 0.096200 0.095100 0.114800 0.123900 0.141900 0.087800 0.113900 0.132000 0.088000 0.145100 0.142400 0.134400 0.120400 0.111800 0.106100 0.149200 0.115600 0.123000 0.051100 0.000000 0.122800 0.125600 0.087000 0.141300 0.133100 0.150300 0.069200 0.134300 0.105000 0.077900 0.095600 0.142200 0.112400 0.096200 0.132000 0.042200 0.068200 0.114700 0.069000 0.016800 0.140700 0.087200 0.105300 0.104900 0.113800 0.095600 0.141500 0.150300
Ibex 0.032800 0.408700 0.092500 0.265600 0.067600 0.024500 0.076500 0.085200 0.102500 0.141900 0.007900 0.075600 0.050800 0.095000 0.084900 0.103900 0.127400 0.119000 0.050600 0.109800 0.076900 0.033000 0.103400 0.122800 0.000000 0.086200 0.033200 0.102000 0.102800 0.092800 0.122200 0.094800 0.121400 0.041700 0.041500 0.084600 0.024300 0.058900 0.093200 0.149300 0.120800 0.076400 0.121900 0.141600 0.084000 0.050400 0.067500 0.067400 0.067100 0.094200 0.102100 0.092800
GyrantGaze 0.068300 0.410000 0.076400 0.282200 0.087200 0.059500 0.078100 0.051100 0.086300 0.135000 0.077500 0.086300 0.051900 0.088100 0.105000 0.033900 0.120600 0.130700 0.069500 0.093900 0.025400 0.086400 0.105700 0.125600 0.086200 0.000000 0.051300 0.085900 0.033600 0.094600 0.125000 0.096800 0.124100 0.042600 0.059800 0.086200 0.076500 0.078100 0.041900 0.133300 0.123500 0.025100 0.124700 0.125300 0.085600 0.051500 0.016700 0.068800 0.086400 0.096100 0.086000 0.094600
Hartebeest 0.033200 0.378000 0.058400 0.246600 0.050800 0.024800 0.042200 0.050700 0.067800 0.105500 0.024900 0.058800 0.016300 0.069100 0.068000 0.068700 0.092600 0.084300 0.033800 0.075400 0.042400 0.033300 0.068300 0.087000 0.033200 0.051300 0.000000 0.067500 0.067700 0.076000 0.086600 0.059800 0.086000 0.008300 0.024900 0.067700 0.024600 0.042200 0.058600 0.113200 0.085500 0.042100 0.086400 0.105300 0.067200 0.016700 0.033500 0.033400 0.050200 0.059400 0.067500 0.076000
Bongo 0.084100 0.430800 0.008000 0.310100 0.103100 0.075400 0.094100 0.102900 0.000000 0.161000 0.093400 0.032600 0.068300 0.094500 0.102700 0.103500 0.118000 0.127800 0.085700 0.007900 0.094700 0.093000 0.121400 0.141300 0.102000 0.085900 0.067500 0.000000 0.102500 0.008000 0.140900 0.102900 0.121200 0.058700 0.075800 0.032600 0.092200 0.094100 0.092800 0.130200 0.139000 0.076100 0.140500 0.160400 0.032300 0.067700 0.067300 0.067300 0.084500 0.094000 0.000000 0.008000
Gerenuk 0.084800 0.431700 0.092900 0.301400 0.085700 0.076000 0.086000 0.067700 0.103000 0.133100 0.094100 0.102900 0.068400 0.096000 0.121800 0.033400 0.109800 0.119500 0.086400 0.110400 0.042000 0.103000 0.113200 0.133100 0.102800 0.033600 0.067700 0.102500 0.000000 0.111200 0.132500 0.104600 0.112900 0.059200 0.076400 0.102800 0.093000 0.094900 0.058100 0.140700 0.130900 0.041800 0.132100 0.113800 0.102100 0.059500 0.033200 0.085500 0.067100 0.085600 0.102600 0.111200
CommonElan 0.075200 0.442100 0.016000 0.296900 0.093700 0.066500 0.102800 0.111700 0.008000 0.170200 0.084300 0.040800 0.076800 0.085200 0.093400 0.112200 0.126600 0.136500 0.094300 0.015800 0.103400 0.083900 0.130200 0.150300 0.092800 0.094600 0.076000 0.008000 0.111200 0.000000 0.149800 0.111700 0.130000 0.067200 0.084300 0.024300 0.083200 0.084900 0.101400 0.139000 0.147800 0.084700 0.149400 0.169500 0.024100 0.076200 0.075800 0.075800 0.075500 0.102700 0.008000 0.000000
MuntiacusR 0.103700 0.378700 0.130500 0.269500 0.095800 0.094600 0.114300 0.123400 0.141500 0.032700 0.113300 0.131300 0.087600 0.144400 0.141700 0.133700 0.101600 0.093200 0.105600 0.148700 0.115200 0.122400 0.033600 0.069200 0.122200 0.125000 0.086600 0.140900 0.132500 0.149800 0.000000 0.133700 0.104500 0.077600 0.095100 0.131100 0.111900 0.095800 0.131400 0.095200 0.050500 0.114100 0.016600 0.087200 0.140100 0.086900 0.104800 0.086100 0.113300 0.104500 0.141000 0.149800
HarveysDui 0.076700 0.452400 0.102900 0.304400 0.095800 0.067900 0.033300 0.077600 0.103400 0.133900 0.086000 0.103700 0.060500 0.042000 0.113700 0.114800 0.138700 0.130100 0.078100 0.110800 0.087200 0.095000 0.114200 0.134300 0.094800 0.096800 0.059800 0.102900 0.104600 0.111700 0.133700 0.000000 0.123500 0.051000 0.068300 0.113200 0.084900 0.068600 0.103700 0.161400 0.132100 0.086500 0.133300 0.144000 0.112400 0.051000 0.077500 0.077300 0.086100 0.095800 0.103100 0.111700
Pronghorn 0.103000 0.358500 0.111300 0.267200 0.095200 0.094000 0.104500 0.122600 0.121800 0.114700 0.112600 0.112200 0.087000 0.134000 0.122100 0.132900 0.083500 0.075200 0.104600 0.129100 0.114200 0.121500 0.085900 0.105000 0.121400 0.124100 0.086000 0.121200 0.112900 0.130000 0.104500 0.123500 0.000000 0.077100 0.094600 0.121600 0.111200 0.095200 0.130600 0.113000 0.103300 0.113400 0.104300 0.104900 0.120700 0.077400 0.104100 0.085700 0.076500 0.076700 0.121400 0.130000
BlueWildeb 0.024800 0.365000 0.049800 0.235800 0.042100 0.016500 0.033600 0.042100 0.059000 0.096300 0.033300 0.050200 0.008400 0.060200 0.059200 0.059800 0.092500 0.084200 0.025200 0.066700 0.033800 0.041800 0.059500 0.077900 0.041700 0.042600 0.008300 0.058700 0.059200 0.067200 0.077600 0.051000 0.077100 0.000000 0.016500 0.059000 0.032900 0.033600 0.050200 0.104000 0.076600 0.033500 0.077400 0.096100 0.058500 0.008300 0.025000 0.025000 0.041800 0.056800 0.058800 0.067200
Gemsbok 0.024700 0.388900 0.066600 0.234000 0.059200 0.016400 0.050600 0.059100 0.076200 0.114200 0.033200 0.050000 0.025200 0.077700 0.076400 0.077200 0.109800 0.101400 0.025100 0.083700 0.050800 0.041600 0.076800 0.095600 0.041500 0.059800 0.024900 0.075800 0.076400 0.084300 0.095100 0.068300 0.094600 0.016500 0.000000 0.076100 0.032800 0.050500 0.067100 0.121800 0.094000 0.050500 0.094900 0.113900 0.075600 0.025000 0.041800 0.041800 0.058700 0.067800 0.075900 0.084300
Yak 0.067000 0.412800 0.024200 0.287900 0.085400 0.058400 0.094500 0.103300 0.032800 0.150900 0.076000 0.032700 0.068400 0.086300 0.085100 0.103800 0.118400 0.128200 0.085900 0.040600 0.095300 0.075700 0.122100 0.142200 0.084600 0.086200 0.067700 0.032600 0.102800 0.024300 0.131100 0.113200 0.121600 0.059000 0.076100 0.000000 0.075100 0.076500 0.093200 0.130900 0.139800 0.076400 0.130800 0.161400 0.016100 0.067900 0.067500 0.067500 0.067300 0.094300 0.032700 0.024300
BlueSheep 0.024100 0.420600 0.082900 0.252000 0.041300 0.016100 0.067100 0.075600 0.092600 0.112400 0.015800 0.066300 0.041800 0.085100 0.075400 0.093800 0.099500 0.091300 0.041600 0.100000 0.067400 0.024400 0.093400 0.112400 0.024300 0.076500 0.024600 0.092200 0.093000 0.083200 0.111900 0.084900 0.111200 0.032900 0.032800 0.075100 0.000000 0.049800 0.083500 0.138500 0.110600 0.066900 0.093400 0.130800 0.074500 0.041500 0.058300 0.058200 0.057900 0.084400 0.092300 0.083200
BohorReedb 0.041700 0.392100 0.084600 0.235900 0.025100 0.033200 0.050800 0.077200 0.094500 0.115000 0.050500 0.085200 0.042600 0.060200 0.076900 0.095800 0.110400 0.102000 0.060000 0.102000 0.068900 0.059000 0.077300 0.096200 0.058900 0.078100 0.042200 0.094100 0.094900 0.084900 0.095800 0.068600 0.095200 0.033600 0.050500 0.076500 0.049800 0.000000 0.085200 0.122600 0.094600 0.068300 0.095500 0.114700 0.076000 0.042300 0.059500 0.059300 0.059100 0.086100 0.094200 0.084900
KirksDik 0.075400 0.442000 0.083500 0.298300 0.094100 0.066800 0.085200 0.058600 0.093200 0.141300 0.084600 0.093200 0.059200 0.095100 0.111700 0.058900 0.127000 0.136900 0.076800 0.100700 0.050400 0.093300 0.112400 0.132000 0.093200 0.041900 0.058600 0.092800 0.058100 0.101400 0.131400 0.103700 0.130600 0.050200 0.067100 0.093200 0.083500 0.085200 0.000000 0.139500 0.120700 0.050000 0.131100 0.131600 0.083800 0.059000 0.024600 0.076000 0.093000 0.103000 0.092900 0.101400
RoeDeer 0.130300 0.364600 0.120100 0.256000 0.122600 0.121100 0.141500 0.150700 0.130800 0.114400 0.140300 0.130700 0.114400 0.152700 0.150200 0.142000 0.109900 0.119700 0.132800 0.138000 0.142400 0.149400 0.076700 0.042200 0.149300 0.133300 0.113200 0.130200 0.140700 0.139000 0.095200 0.161400 0.113000 0.104000 0.121800 0.130900 0.138500 0.122600 0.139500 0.000000 0.093900 0.122300 0.095000 0.059700 0.129700 0.113600 0.112900 0.112900 0.121600 0.103500 0.130300 0.139000
WhiteLippe 0.102400 0.404000 0.128800 0.255700 0.094600 0.093500 0.112900 0.121900 0.139600 0.068300 0.112000 0.129800 0.086500 0.142700 0.140000 0.132100 0.100500 0.092100 0.104300 0.146700 0.113600 0.120900 0.016300 0.068200 0.120800 0.123500 0.085500 0.139000 0.130900 0.147800 0.050500 0.132100 0.103300 0.076600 0.094000 0.139800 0.110600 0.094600 0.120700 0.093900 0.000000 0.112700 0.050400 0.085900 0.119900 0.085800 0.103500 0.103200 0.111900 0.112300 0.139100 0.147800
ThomsonGaz 0.058800 0.404100 0.066900 0.279300 0.077200 0.050200 0.068400 0.059300 0.076400 0.133800 0.067800 0.076400 0.042600 0.078000 0.094700 0.042200 0.110200 0.120000 0.059900 0.084100 0.033700 0.076500 0.095200 0.114700 0.076400 0.025100 0.042100 0.076100 0.041800 0.084700 0.114100 0.086500 0.113400 0.033500 0.050500 0.076400 0.066900 0.068300 0.050000 0.122300 0.112700 0.000000 0.113800 0.133500 0.075800 0.042200 0.025000 0.059300 0.076600 0.086000 0.076200 0.084700
MuntiacusC 0.103400 0.377600 0.130200 0.268700 0.077300 0.094400 0.114000 0.123000 0.141100 0.016700 0.113000 0.131000 0.087300 0.144000 0.141300 0.133400 0.083600 0.075300 0.105300 0.148300 0.114900 0.122000 0.033500 0.069000 0.121900 0.124700 0.086400 0.140500 0.132100 0.149400 0.016600 0.133300 0.104300 0.077400 0.094900 0.130800 0.093400 0.095500 0.131100 0.095000 0.050400 0.113800 0.000000 0.087000 0.139700 0.086600 0.104500 0.104200 0.112900 0.113400 0.140600 0.149400
WhiteTaile 0.122600 0.369300 0.149700 0.248900 0.114700 0.113300 0.124300 0.123500 0.161200 0.087700 0.132600 0.151000 0.106500 0.155100 0.161600 0.134000 0.120200 0.111700 0.124900 0.168300 0.115200 0.141700 0.068700 0.016800 0.141600 0.125300 0.105300 0.160400 0.113800 0.169500 0.087200 0.144000 0.104900 0.096100 0.113900 0.161400 0.130800 0.114700 0.131600 0.059700 0.085900 0.133500 0.087000 0.000000 0.159700 0.096500 0.105000 0.123500 0.113500 0.095400 0.160700 0.169500
Cattle 0.066500 0.425200 0.024000 0.285700 0.084800 0.057900 0.093800 0.102600 0.032500 0.160000 0.075500 0.032500 0.067900 0.085700 0.084500 0.103100 0.117600 0.127400 0.085300 0.040200 0.094300 0.075200 0.120900 0.140700 0.084000 0.085600 0.067200 0.032300 0.102100 0.024100 0.140100 0.112400 0.120700 0.058500 0.075600 0.016100 0.074500 0.076000 0.083800 0.129700 0.119900 0.075800 0.139700 0.159700 0.000000 0.067400 0.067000 0.067100 0.066800 0.093700 0.032400 0.024100
RoyalAntel 0.033300 0.379000 0.058600 0.247300 0.050900 0.024900 0.033600 0.058800 0.068000 0.096200 0.042000 0.059000 0.016900 0.060200 0.068200 0.068900 0.093000 0.084600 0.033900 0.075700 0.042500 0.050500 0.068500 0.087200 0.050400 0.051500 0.016700 0.067700 0.059500 0.076200 0.086900 0.051000 0.077400 0.008300 0.025000 0.067900 0.041500 0.042300 0.059000 0.113600 0.085800 0.042200 0.086600 0.096500 0.067400 0.000000 0.033600 0.033500 0.042000 0.050900 0.067700 0.076200
Steenbok 0.050200 0.405400 0.058200 0.268100 0.068300 0.041600 0.059500 0.033400 0.067600 0.114400 0.059000 0.067600 0.033900 0.069000 0.085600 0.033600 0.101200 0.110800 0.051100 0.075300 0.025100 0.067600 0.086100 0.105300 0.067500 0.016700 0.033500 0.067300 0.033200 0.075800 0.104800 0.077500 0.104100 0.025000 0.041800 0.067500 0.058300 0.059500 0.024600 0.112900 0.103500 0.025000 0.104500 0.105000 0.067000 0.033600 0.000000 0.050500 0.067700 0.077000 0.067400 0.075800
Impala 0.050000 0.387700 0.058200 0.265900 0.068100 0.041500 0.059400 0.068000 0.066200 0.123700 0.058900 0.058700 0.033800 0.095400 0.067800 0.086300 0.101100 0.092700 0.050900 0.075200 0.059700 0.067500 0.085900 0.104900 0.067400 0.068800 0.033400 0.067300 0.085500 0.075800 0.086100 0.077300 0.085700 0.025000 0.041800 0.067500 0.058200 0.059300 0.076000 0.112900 0.103200 0.059300 0.104200 0.123500 0.067100 0.033500 0.050500 0.000000 0.050300 0.048900 0.067300 0.075800
Klipspring 0.049900 0.388100 0.075200 0.244500 0.050400 0.041400 0.068000 0.085400 0.084900 0.123500 0.058700 0.075800 0.050700 0.077700 0.067600 0.085900 0.091800 0.083500 0.068200 0.092400 0.077100 0.067300 0.094500 0.113800 0.067100 0.086400 0.050200 0.084500 0.067100 0.075500 0.113300 0.086100 0.076500 0.041800 0.058700 0.067300 0.057900 0.059100 0.093000 0.121600 0.111900 0.076600 0.112900 0.113500 0.066800 0.042000 0.067700 0.050300 0.000000 0.050300 0.084600 0.075500
ForestMusk 0.076200 0.361800 0.084500 0.278800 0.086100 0.067500 0.077300 0.095000 0.094400 0.123900 0.085500 0.085100 0.060000 0.105700 0.094800 0.104800 0.092200 0.083800 0.077600 0.101900 0.086600 0.100800 0.094900 0.095600 0.094200 0.096100 0.059400 0.094000 0.085600 0.102700 0.104500 0.095800 0.076700 0.056800 0.067800 0.094300 0.084400 0.086100 0.103000 0.103500 0.112300 0.086000 0.113400 0.095400 0.093700 0.050900 0.077000 0.048900 0.050300 0.000000 0.094100 0.102700
Bushbuck 0.084200 0.431700 0.008000 0.309800 0.103200 0.075500 0.094200 0.103100 0.000000 0.161200 0.093500 0.032600 0.068200 0.094600 0.102800 0.103600 0.118200 0.128000 0.085800 0.007900 0.094800 0.093100 0.121500 0.141500 0.102100 0.086000 0.067500 0.000000 0.102600 0.008000 0.141000 0.103100 0.121400 0.058800 0.075900 0.032700 0.092300 0.094200 0.092900 0.130300 0.139100 0.076200 0.140600 0.160700 0.032400 0.067700 0.067400 0.067300 0.084600 0.094100 0.000000 0.008000
GreaterKud 0.075200 0.442100 0.016000 0.296900 0.093700 0.066500 0.102800 0.111700 0.008000 0.170200 0.084300 0.040800 0.076800 0.085200 0.093400 0.112200 0.126600 0.136500 0.094300 0.015800 0.103400 0.083900 0.130200 0.150300 0.092800 0.094600 0.076000 0.008000 0.111200 0.000000 0.149800 0.111700 0.130000 0.067200 0.084300 0.024300 0.083200 0.084900 0.101400 0.139000 0.147800 0.084700 0.149400 0.169500 0.024100 0.076200 0.075800 0.075800 0.075500 0.102700 0.008000 0.000000
