1
52 1
Argali 0.000000 0.052500 0.023600 0.089900 0.021200 0.000000 0.012400 0.017100 0.025200 0.049900 0.004900 0.012400 0.008900 0.012400 0.022700 0.012900 0.028000 0.027500 0.007900 0.024700 0.014400 0.005400 0.044800 0.040700 0.003900 0.011400 0.008400 0.025200 0.013400 0.025100 0.053800 0.011900 0.031400 0.008400 0.011400 0.015400 0.003900 0.019200 0.024800 0.046500 0.043800 0.013000 0.050400 0.040100 0.016400 0.009900 0.016000 0.019500 0.012100 0.030200 0.025700 0.024600
LesserMous 0.052500 0.000000 0.062600 0.092600 0.063700 0.052500 0.055100 0.062300 0.059800 0.076500 0.050800 0.054000 0.049800 0.054500 0.060200 0.059200 0.051000 0.051500 0.051000 0.060300 0.059400 0.050900 0.072700 0.069700 0.050300 0.056000 0.049400 0.060800 0.058100 0.061900 0.080600 0.053500 0.060300 0.050400 0.054200 0.053400 0.050200 0.061100 0.071400 0.071900 0.072800 0.056700 0.077100 0.069600 0.053500 0.053600 0.060600 0.056100 0.052400 0.059800 0.060300 0.061500
LesserKudu 0.023600 0.062600 0.000000 0.093600 0.034200 0.023600 0.025300 0.030800 0.002500 0.053000 0.023600 0.017000 0.023100 0.027200 0.027600 0.026400 0.033900 0.035500 0.023200 0.002000 0.027900 0.023200 0.049600 0.047300 0.022600 0.025900 0.022700 0.002500 0.027900 0.002500 0.056900 0.027000 0.040200 0.022600 0.026300 0.015500 0.022600 0.032200 0.036300 0.054900 0.049600 0.026400 0.053500 0.047100 0.015500 0.026200 0.026500 0.031500 0.026500 0.034600 0.003000 0.002000
KillerWhal 0.089900 0.092600 0.093600 0.000000 0.094800 0.089900 0.090300 0.096400 0.093300 0.112200 0.088600 0.087600 0.086200 0.090600 0.094600 0.094300 0.088100 0.089700 0.086000 0.092600 0.091900 0.089100 0.106000 0.104300 0.087900 0.092000 0.085900 0.093100 0.091900 0.093200 0.116500 0.088700 0.091900 0.085900 0.087900 0.086000 0.087900 0.092300 0.103900 0.111200 0.106100 0.092800 0.112900 0.104600 0.086000 0.087700 0.094200 0.095500 0.087300 0.090200 0.092600 0.092700
DefassaWat 0.021200 0.063700 0.034200 0.094800 0.000000 0.021200 0.022800 0.030900 0.035700 0.057400 0.021200 0.025900 0.021200 0.023800 0.030700 0.027000 0.038300 0.038700 0.021200 0.035100 0.027100 0.022800 0.052400 0.048100 0.020200 0.023900 0.020700 0.035600 0.027000 0.035600 0.061400 0.024300 0.041200 0.021700 0.025400 0.026300 0.020200 0.005400 0.039200 0.054900 0.051300 0.024400 0.058000 0.048600 0.027300 0.022800 0.030800 0.029600 0.021900 0.038200 0.035100 0.035200
Sheep 0.000000 0.052500 0.023600 0.089900 0.021200 0.000000 0.012400 0.017100 0.025200 0.049900 0.004900 0.012400 0.008900 0.012400 0.022700 0.012900 0.028000 0.027500 0.007900 0.024700 0.014400 0.005400 0.044900 0.040700 0.003900 0.011400 0.008400 0.025200 0.013400 0.025100 0.053800 0.011900 0.031400 0.008400 0.011400 0.015400 0.003900 0.019200 0.024800 0.046500 0.043800 0.013000 0.050500 0.040200 0.016400 0.009900 0.016000 0.019500 0.012100 0.030200 0.025700 0.024600
MaxwellsDu 0.012400 0.055100 0.025300 0.090300 0.022800 0.012400 0.000000 0.016800 0.026800 0.049700 0.012400 0.016500 0.010400 0.007800 0.024800 0.015100 0.027400 0.028000 0.009400 0.026300 0.013600 0.011900 0.045300 0.039600 0.011400 0.012600 0.010000 0.026800 0.014600 0.026800 0.053600 0.008200 0.033400 0.010900 0.012000 0.017500 0.011400 0.019800 0.028100 0.046400 0.044300 0.014100 0.050300 0.039600 0.018500 0.013400 0.016700 0.023100 0.011100 0.031800 0.027300 0.026300
GazellaPrz 0.017100 0.062300 0.030800 0.096400 0.030900 0.017100 0.016800 0.000000 0.032600 0.051600 0.017600 0.021900 0.017200 0.019700 0.030300 0.014700 0.032400 0.031900 0.014700 0.032000 0.015100 0.017100 0.048000 0.043100 0.016600 0.011100 0.016800 0.032500 0.014100 0.032300 0.055000 0.017000 0.037200 0.017200 0.016800 0.024400 0.016600 0.028600 0.019400 0.048400 0.047000 0.012100 0.052200 0.042000 0.025400 0.019800 0.012100 0.029200 0.018200 0.038100 0.033000 0.031800
MountainNy 0.025200 0.059800 0.002500 0.093300 0.035700 0.025200 0.026800 0.032600 0.000000 0.052300 0.025200 0.017500 0.024600 0.028700 0.028100 0.027100 0.034000 0.035600 0.023700 0.000500 0.028600 0.024700 0.050100 0.047800 0.024200 0.026600 0.024200 0.001000 0.028600 0.002000 0.056300 0.028500 0.039600 0.024100 0.027800 0.016000 0.024200 0.033700 0.037900 0.055400 0.050100 0.027100 0.052900 0.047600 0.016000 0.026700 0.028200 0.032000 0.028000 0.034700 0.001500 0.001500
MuntiacusM 0.049900 0.076500 0.053000 0.112200 0.057400 0.049900 0.049700 0.051600 0.052300 0.000000 0.047600 0.045600 0.045400 0.051100 0.054900 0.048700 0.049100 0.048700 0.046400 0.051800 0.051500 0.047100 0.013500 0.025800 0.046500 0.048800 0.045000 0.052300 0.049200 0.052300 0.003500 0.049400 0.057100 0.045400 0.048300 0.047100 0.046500 0.056000 0.057500 0.029500 0.013500 0.050300 0.000500 0.025800 0.047200 0.050400 0.053200 0.052100 0.047200 0.055100 0.052900 0.052300
goat 0.004900 0.050800 0.023600 0.088600 0.021200 0.004900 0.012400 0.017600 0.025200 0.047600 0.000000 0.014400 0.008900 0.013400 0.022100 0.015400 0.027000 0.027500 0.008900 0.024700 0.015900 0.003500 0.043200 0.039600 0.001000 0.011900 0.008400 0.025200 0.014900 0.025100 0.051500 0.011900 0.031900 0.009400 0.011400 0.016400 0.001000 0.019200 0.025300 0.045400 0.042100 0.013500 0.048200 0.039600 0.017400 0.011900 0.017500 0.020500 0.012100 0.029100 0.025700 0.024600
AfricanBuf 0.012400 0.054000 0.017000 0.087600 0.025900 0.012400 0.016500 0.021900 0.017500 0.045600 0.014400 0.000000 0.013900 0.017800 0.023200 0.017000 0.025300 0.025800 0.010900 0.017000 0.017600 0.013900 0.040700 0.038700 0.013400 0.015600 0.013400 0.017500 0.016500 0.017500 0.049400 0.017200 0.031300 0.012400 0.015500 0.005400 0.013400 0.023900 0.030700 0.044000 0.040700 0.016600 0.046200 0.038000 0.006400 0.011900 0.019700 0.022100 0.018200 0.026100 0.018000 0.017000
Topi 0.008900 0.049800 0.023100 0.086200 0.021200 0.008900 0.010400 0.017200 0.024600 0.045400 0.008900 0.013900 0.000000 0.011400 0.021100 0.011500 0.024400 0.023900 0.006900 0.024100 0.014000 0.009400 0.040100 0.036500 0.007900 0.011000 0.000500 0.024600 0.012000 0.024600 0.049300 0.009900 0.030300 0.003400 0.010900 0.013900 0.007900 0.019200 0.026400 0.042200 0.040100 0.012500 0.046000 0.036500 0.014900 0.010900 0.015700 0.019500 0.011100 0.030100 0.024100 0.023600
CommonDuik 0.012400 0.054500 0.027200 0.090600 0.023800 0.012400 0.007800 0.019700 0.028700 0.051100 0.013400 0.017800 0.011400 0.000000 0.025800 0.017000 0.029300 0.029800 0.010400 0.028200 0.016500 0.012900 0.046700 0.042200 0.012400 0.014400 0.011000 0.028600 0.016500 0.028700 0.055100 0.007400 0.033600 0.010900 0.012000 0.019300 0.012400 0.021800 0.029500 0.049000 0.045700 0.016100 0.051700 0.041600 0.020400 0.013400 0.018600 0.022300 0.012500 0.033100 0.029200 0.028200
Suni 0.022700 0.060200 0.027600 0.094600 0.030700 0.022700 0.024800 0.030300 0.028100 0.054900 0.022100 0.023200 0.021100 0.025800 0.000000 0.024400 0.034600 0.036800 0.020100 0.027500 0.025400 0.022700 0.051000 0.048300 0.022100 0.024400 0.020600 0.028000 0.026000 0.028000 0.058800 0.025200 0.041400 0.019600 0.025300 0.023200 0.022100 0.029200 0.037200 0.053600 0.050000 0.026000 0.055400 0.048200 0.023200 0.023200 0.028700 0.021200 0.022300 0.031900 0.028600 0.027600
Springbuck 0.012900 0.059200 0.026400 0.094300 0.027000 0.012900 0.015100 0.014700 0.027100 0.048700 0.015400 0.017000 0.011500 0.017000 0.024400 0.000000 0.031600 0.031100 0.011000 0.026500 0.009400 0.016000 0.047300 0.042700 0.014400 0.005500 0.011000 0.027000 0.004500 0.026800 0.052600 0.015800 0.033300 0.011500 0.015600 0.019600 0.014400 0.025600 0.024200 0.049000 0.046300 0.007000 0.049200 0.041600 0.020600 0.014000 0.013500 0.024800 0.016200 0.033600 0.027600 0.025800
Okapi 0.028000 0.051000 0.033900 0.088100 0.038300 0.028000 0.027400 0.032400 0.034000 0.049100 0.027000 0.025300 0.024400 0.029300 0.034600 0.031600 0.000000 0.003500 0.023800 0.033400 0.031800 0.025400 0.043600 0.040400 0.025900 0.028700 0.024000 0.033900 0.030300 0.034000 0.053000 0.026400 0.032500 0.025500 0.026000 0.024800 0.025900 0.035600 0.043200 0.045800 0.043600 0.030300 0.049700 0.039100 0.024800 0.027500 0.031900 0.030800 0.026200 0.034600 0.033400 0.032900
Giraffe 0.027500 0.051500 0.035500 0.089700 0.038700 0.027500 0.028000 0.031900 0.035600 0.048700 0.027500 0.025800 0.023900 0.029800 0.036800 0.031100 0.003500 0.000000 0.024300 0.035100 0.031300 0.026000 0.043100 0.039900 0.026500 0.028100 0.023500 0.035600 0.029800 0.035600 0.052500 0.026000 0.032000 0.024900 0.026500 0.025300 0.026400 0.036000 0.042700 0.045300 0.043100 0.029700 0.049200 0.038600 0.026400 0.028000 0.031400 0.032300 0.027800 0.035100 0.035000 0.034500
TibetanAnt 0.007900 0.051000 0.023200 0.086000 0.021200 0.007900 0.009400 0.014700 0.023700 0.046400 0.008900 0.010900 0.006900 0.010400 0.020100 0.011000 0.023800 0.024300 0.000000 0.023200 0.011500 0.009400 0.040900 0.037100 0.007900 0.009500 0.006400 0.023600 0.010500 0.023700 0.049100 0.008900 0.029300 0.005400 0.006900 0.013900 0.007900 0.018200 0.024900 0.043900 0.039900 0.011100 0.046900 0.036600 0.014900 0.008900 0.014600 0.017500 0.009400 0.028200 0.024200 0.023200
Sitatunga 0.024700 0.060300 0.002000 0.092600 0.035100 0.024700 0.026300 0.032000 0.000500 0.051800 0.024700 0.017000 0.024100 0.028200 0.027500 0.026500 0.033400 0.035100 0.023200 0.000000 0.028100 0.024200 0.049500 0.047300 0.023600 0.026100 0.023700 0.000500 0.028100 0.001500 0.055700 0.028000 0.039100 0.023600 0.027300 0.015500 0.023600 0.033200 0.037400 0.054800 0.049500 0.026600 0.052400 0.047100 0.015500 0.026200 0.027700 0.031400 0.027500 0.034100 0.001000 0.001000
Oribi 0.014400 0.059400 0.027900 0.091900 0.027100 0.014400 0.013600 0.015100 0.028600 0.051500 0.015900 0.017600 0.014000 0.016500 0.025400 0.009400 0.031800 0.031300 0.011500 0.028100 0.000000 0.016500 0.045800 0.043200 0.014900 0.006900 0.013500 0.028600 0.008900 0.028400 0.055100 0.016300 0.035300 0.013000 0.015700 0.019100 0.014900 0.025600 0.024200 0.050100 0.044700 0.008500 0.051700 0.042100 0.020100 0.015500 0.013000 0.024000 0.015700 0.034800 0.029100 0.027900
BarbaryShe 0.005400 0.050900 0.023200 0.089100 0.022800 0.005400 0.011900 0.017100 0.024700 0.047100 0.003500 0.013900 0.009400 0.012900 0.022700 0.016000 0.025400 0.026000 0.009400 0.024200 0.016500 0.000000 0.042700 0.039100 0.002500 0.012500 0.008900 0.024700 0.015500 0.024600 0.051000 0.011400 0.030400 0.009900 0.011900 0.015900 0.002500 0.020800 0.024800 0.044900 0.041600 0.014000 0.047700 0.039100 0.016900 0.012400 0.015000 0.021000 0.011600 0.030200 0.025200 0.024200
Daviddeer 0.044800 0.072700 0.049600 0.106000 0.052400 0.044900 0.045300 0.048000 0.050100 0.013500 0.043200 0.040700 0.040100 0.046700 0.051000 0.047300 0.043600 0.043100 0.040900 0.049500 0.045800 0.042700 0.000000 0.018600 0.042100 0.045200 0.039600 0.050000 0.046700 0.049000 0.016100 0.045000 0.051400 0.040000 0.043800 0.040600 0.042100 0.050500 0.051800 0.023200 0.001000 0.046800 0.013000 0.019100 0.040700 0.045900 0.049500 0.047600 0.042900 0.050400 0.048400 0.049000
Reindeer 0.040700 0.069700 0.047300 0.104300 0.048100 0.040700 0.039600 0.043100 0.047800 0.025800 0.039600 0.038700 0.036500 0.042200 0.048300 0.042700 0.040400 0.039900 0.037100 0.047300 0.043200 0.039100 0.018600 0.000000 0.038500 0.039500 0.036100 0.047700 0.043200 0.046700 0.028500 0.040100 0.047000 0.037500 0.039800 0.039800 0.038500 0.046200 0.051400 0.011000 0.017600 0.041100 0.025300 0.003000 0.040900 0.041200 0.045300 0.044900 0.039100 0.047500 0.047800 0.046700
Ibex 0.003900 0.050300 0.022600 0.087900 0.020200 0.003900 0.011400 0.016600 0.024200 0.046500 0.001000 0.013400 0.007900 0.012400 0.022100 0.014400 0.025900 0.026500 0.007900 0.023600 0.014900 0.002500 0.042100 0.038500 0.000000 0.010900 0.007400 0.024100 0.013900 0.024100 0.050400 0.010900 0.030800 0.008400 0.010400 0.015400 0.000000 0.018200 0.024200 0.044300 0.041100 0.012500 0.047100 0.038500 0.016400 0.010900 0.016500 0.019500 0.011100 0.029600 0.024700 0.023600
GyrantGaze 0.011400 0.056000 0.025900 0.092000 0.023900 0.011400 0.012600 0.011100 0.026600 0.048800 0.011900 0.015600 0.011000 0.014400 0.024400 0.005500 0.028700 0.028100 0.009500 0.026100 0.006900 0.012500 0.045200 0.039500 0.010900 0.000000 0.010500 0.026500 0.005000 0.026400 0.052700 0.013300 0.033300 0.011000 0.013100 0.018100 0.010900 0.023500 0.019600 0.047500 0.044100 0.001500 0.049300 0.038400 0.019100 0.012500 0.011000 0.023300 0.013600 0.033100 0.027100 0.025900
Hartebeest 0.008400 0.049400 0.022700 0.085900 0.020700 0.008400 0.010000 0.016800 0.024200 0.045000 0.008400 0.013400 0.000500 0.011000 0.020600 0.011000 0.024000 0.023500 0.006400 0.023700 0.013500 0.008900 0.039600 0.036100 0.007400 0.010500 0.000000 0.024100 0.011500 0.024200 0.048900 0.009400 0.029800 0.003000 0.010400 0.013400 0.007400 0.018700 0.026000 0.041800 0.039600 0.012100 0.045600 0.036000 0.014400 0.010400 0.015300 0.019000 0.010600 0.029700 0.023600 0.023200
Bongo 0.025200 0.060800 0.002500 0.093100 0.035600 0.025200 0.026800 0.032500 0.001000 0.052300 0.025200 0.017500 0.024600 0.028600 0.028000 0.027000 0.033900 0.035600 0.023600 0.000500 0.028600 0.024700 0.050000 0.047700 0.024100 0.026500 0.024100 0.000000 0.028600 0.002000 0.056200 0.028500 0.039500 0.024100 0.027800 0.015900 0.024100 0.033700 0.037900 0.055300 0.050000 0.027100 0.052900 0.047500 0.016000 0.026600 0.028100 0.031900 0.028000 0.034600 0.001500 0.001500
Gerenuk 0.013400 0.058100 0.027900 0.091900 0.027000 0.013400 0.014600 0.014100 0.028600 0.049200 0.014900 0.016500 0.012000 0.016500 0.026000 0.004500 0.030300 0.029800 0.010500 0.028100 0.008900 0.015500 0.046700 0.043200 0.013900 0.005000 0.011500 0.028600 0.000000 0.028400 0.053100 0.015300 0.034300 0.013000 0.015100 0.019000 0.013900 0.025500 0.023700 0.049500 0.046700 0.006500 0.049700 0.042100 0.020100 0.014500 0.013000 0.025300 0.015600 0.033600 0.029100 0.027400
CommonElan 0.025100 0.061900 0.002500 0.093200 0.035600 0.025100 0.026800 0.032300 0.002000 0.052300 0.025100 0.017500 0.024600 0.028700 0.028000 0.026800 0.034000 0.035600 0.023700 0.001500 0.028400 0.024600 0.049000 0.046700 0.024100 0.026400 0.024200 0.002000 0.028400 0.000000 0.056200 0.028500 0.038500 0.024100 0.027800 0.016000 0.024100 0.033700 0.037900 0.054200 0.049000 0.026900 0.052900 0.046500 0.016000 0.026700 0.028000 0.031900 0.028000 0.034600 0.002500 0.001500
MuntiacusR 0.053800 0.080600 0.056900 0.116500 0.061400 0.053800 0.053600 0.055000 0.056300 0.003500 0.051500 0.049400 0.049300 0.055100 0.058800 0.052600 0.053000 0.052500 0.049100 0.055700 0.055100 0.051000 0.016100 0.028500 0.050400 0.052700 0.048900 0.056200 0.053100 0.056200 0.000000 0.053300 0.061000 0.049200 0.052200 0.051000 0.050400 0.060000 0.061700 0.032000 0.016100 0.054200 0.003000 0.028400 0.051000 0.054300 0.057100 0.056000 0.051100 0.057900 0.056800 0.056300
HarveysDui 0.011900 0.053500 0.027000 0.088700 0.024300 0.011900 0.008200 0.017000 0.028500 0.049400 0.011900 0.017200 0.009900 0.007400 0.025200 0.015800 0.026400 0.026000 0.008900 0.028000 0.016300 0.011400 0.045000 0.040100 0.010900 0.013300 0.009400 0.028500 0.015300 0.028500 0.053300 0.000000 0.032400 0.010400 0.011400 0.019200 0.010900 0.022300 0.027800 0.047000 0.044000 0.014800 0.049900 0.040100 0.020200 0.011900 0.016400 0.023600 0.011900 0.030100 0.029000 0.028000
Pronghorn 0.031400 0.060300 0.040200 0.091900 0.041200 0.031400 0.033400 0.037200 0.039600 0.057100 0.031900 0.031300 0.030300 0.033600 0.041400 0.033300 0.032500 0.032000 0.029300 0.039100 0.035300 0.030400 0.051400 0.047000 0.030800 0.033300 0.029800 0.039500 0.034300 0.038500 0.061000 0.032400 0.000000 0.031800 0.033600 0.032600 0.030800 0.039000 0.045800 0.052900 0.050300 0.034900 0.057700 0.047500 0.033600 0.033500 0.034400 0.038700 0.031100 0.038700 0.039000 0.038600
BlueWildeb 0.008400 0.050400 0.022600 0.085900 0.021700 0.008400 0.010900 0.017200 0.024100 0.045400 0.009400 0.012400 0.003400 0.010900 0.019600 0.011500 0.025500 0.024900 0.005400 0.023600 0.013000 0.009900 0.040000 0.037500 0.008400 0.011000 0.003000 0.024100 0.013000 0.024100 0.049200 0.010400 0.031800 0.000000 0.009400 0.013400 0.008400 0.019700 0.026400 0.043300 0.040000 0.012500 0.045900 0.037000 0.014400 0.010400 0.016100 0.017000 0.011600 0.030600 0.023600 0.023600
Gemsbok 0.011400 0.054200 0.026300 0.087900 0.025400 0.011400 0.012000 0.016800 0.027800 0.048300 0.011400 0.015500 0.010900 0.012000 0.025300 0.015600 0.026000 0.026500 0.006900 0.027300 0.015700 0.011900 0.043800 0.039800 0.010400 0.013100 0.010400 0.027800 0.015100 0.027800 0.052200 0.011400 0.033600 0.009400 0.000000 0.018500 0.010400 0.023400 0.026500 0.046400 0.042600 0.014600 0.048800 0.039200 0.019500 0.012900 0.017700 0.021100 0.012900 0.031900 0.028300 0.027300
Yak 0.015400 0.053400 0.015500 0.086000 0.026300 0.015400 0.017500 0.024400 0.016000 0.047100 0.016400 0.005400 0.013900 0.019300 0.023200 0.019600 0.024800 0.025300 0.013900 0.015500 0.019100 0.015900 0.040600 0.039800 0.015400 0.018100 0.013400 0.015900 0.019000 0.016000 0.051000 0.019200 0.032600 0.013400 0.018500 0.000000 0.015400 0.024400 0.032200 0.044000 0.041700 0.018600 0.047700 0.039600 0.001000 0.014900 0.022200 0.022000 0.019200 0.027600 0.015500 0.015500
BlueSheep 0.003900 0.050200 0.022600 0.087900 0.020200 0.003900 0.011400 0.016600 0.024200 0.046500 0.001000 0.013400 0.007900 0.012400 0.022100 0.014400 0.025900 0.026400 0.007900 0.023600 0.014900 0.002500 0.042100 0.038500 0.000000 0.010900 0.007400 0.024100 0.013900 0.024100 0.050400 0.010900 0.030800 0.008400 0.010400 0.015400 0.000000 0.018200 0.024200 0.044300 0.041000 0.012500 0.047100 0.038500 0.016400 0.010900 0.016500 0.019500 0.011100 0.029600 0.024700 0.023600
BohorReedb 0.019200 0.061100 0.032200 0.092300 0.005400 0.019200 0.019800 0.028600 0.033700 0.056000 0.019200 0.023900 0.019200 0.021800 0.029200 0.025600 0.035600 0.036000 0.018200 0.033200 0.025600 0.020800 0.050500 0.046200 0.018200 0.023500 0.018700 0.033700 0.025500 0.033700 0.060000 0.022300 0.039000 0.019700 0.023400 0.024400 0.018200 0.000000 0.037200 0.052700 0.049400 0.024100 0.056600 0.046700 0.025400 0.021300 0.028800 0.027600 0.019400 0.036300 0.033200 0.033200
KirksDik 0.024800 0.071400 0.036300 0.103900 0.039200 0.024800 0.028100 0.019400 0.037900 0.057500 0.025300 0.030700 0.026400 0.029500 0.037200 0.024200 0.043200 0.042700 0.024900 0.037400 0.024200 0.024800 0.051800 0.051400 0.024200 0.019600 0.026000 0.037900 0.023700 0.037900 0.061700 0.027800 0.045800 0.026400 0.026500 0.032200 0.024200 0.037200 0.000000 0.057400 0.050700 0.021200 0.058100 0.050800 0.032200 0.028000 0.020300 0.037700 0.029000 0.047900 0.037400 0.037200
RoeDeer 0.046500 0.071900 0.054900 0.111200 0.054900 0.046500 0.046400 0.048400 0.055400 0.029500 0.045400 0.044000 0.042200 0.049000 0.053600 0.049000 0.045800 0.045300 0.043900 0.054800 0.050100 0.044900 0.023200 0.011000 0.044300 0.047500 0.041800 0.055300 0.049500 0.054200 0.032000 0.047000 0.052900 0.043300 0.046400 0.044000 0.044300 0.052700 0.057400 0.000000 0.023200 0.049100 0.028900 0.012000 0.045100 0.047000 0.051700 0.051300 0.045400 0.051600 0.054800 0.054300
WhiteLippe 0.043800 0.072800 0.049600 0.106100 0.051300 0.043800 0.044300 0.047000 0.050100 0.013500 0.042100 0.040700 0.040100 0.045700 0.050000 0.046300 0.043600 0.043100 0.039900 0.049500 0.044700 0.041600 0.001000 0.017600 0.041100 0.044100 0.039600 0.050000 0.046700 0.049000 0.016100 0.044000 0.050300 0.040000 0.042600 0.041700 0.041000 0.049400 0.050700 0.023200 0.000000 0.045700 0.013000 0.018100 0.041700 0.044900 0.048400 0.047700 0.041800 0.050400 0.049500 0.049000
ThomsonGaz 0.013000 0.056700 0.026400 0.092800 0.024400 0.013000 0.014100 0.012100 0.027100 0.050300 0.013500 0.016600 0.012500 0.016100 0.026000 0.007000 0.030300 0.029700 0.011100 0.026600 0.008500 0.014000 0.046800 0.041100 0.012500 0.001500 0.012100 0.027100 0.006500 0.026900 0.054200 0.014800 0.034900 0.012500 0.014600 0.018600 0.012500 0.024100 0.021200 0.049100 0.045700 0.000000 0.050900 0.040000 0.019600 0.014100 0.012500 0.023800 0.014100 0.034700 0.027600 0.026400
MuntiacusC 0.050400 0.077100 0.053500 0.112900 0.058000 0.050500 0.050300 0.052200 0.052900 0.000500 0.048200 0.046200 0.046000 0.051700 0.055400 0.049200 0.049700 0.049200 0.046900 0.052400 0.051700 0.047700 0.013000 0.025300 0.047100 0.049300 0.045600 0.052900 0.049700 0.052900 0.003000 0.049900 0.057700 0.045900 0.048800 0.047700 0.047100 0.056600 0.058100 0.028900 0.013000 0.050900 0.000000 0.025300 0.047700 0.050900 0.053700 0.052700 0.047800 0.054600 0.053400 0.052900
WhiteTaile 0.040100 0.069600 0.047100 0.104600 0.048600 0.040200 0.039600 0.042000 0.047600 0.025800 0.039600 0.038000 0.036500 0.041600 0.048200 0.041600 0.039100 0.038600 0.036600 0.047100 0.042100 0.039100 0.019100 0.003000 0.038500 0.038400 0.036000 0.047500 0.042100 0.046500 0.028400 0.040100 0.047500 0.037000 0.039200 0.039600 0.038500 0.046700 0.050800 0.012000 0.018100 0.040000 0.025300 0.000000 0.040700 0.040700 0.044300 0.044300 0.039100 0.047400 0.048100 0.046500
Cattle 0.016400 0.053500 0.015500 0.086000 0.027300 0.016400 0.018500 0.025400 0.016000 0.047200 0.017400 0.006400 0.014900 0.020400 0.023200 0.020600 0.024800 0.026400 0.014900 0.015500 0.020100 0.016900 0.040700 0.040900 0.016400 0.019100 0.014400 0.016000 0.020100 0.016000 0.051000 0.020200 0.033600 0.014400 0.019500 0.001000 0.016400 0.025400 0.032200 0.045100 0.041700 0.019600 0.047700 0.040700 0.000000 0.015900 0.023200 0.022100 0.019200 0.028700 0.015500 0.015500
RoyalAntel 0.009900 0.053600 0.026200 0.087700 0.022800 0.009900 0.013400 0.019800 0.026700 0.050400 0.011900 0.011900 0.010900 0.013400 0.023200 0.014000 0.027500 0.028000 0.008900 0.026200 0.015500 0.012400 0.045900 0.041200 0.010900 0.012500 0.010400 0.026600 0.014500 0.026700 0.054300 0.011900 0.033500 0.010400 0.012900 0.014900 0.010900 0.021300 0.028000 0.047000 0.044900 0.014100 0.050900 0.040700 0.015900 0.000000 0.019700 0.021500 0.014100 0.029200 0.027200 0.026200
Steenbok 0.016000 0.060600 0.026500 0.094200 0.030800 0.016000 0.016700 0.012100 0.028200 0.053200 0.017500 0.019700 0.015700 0.018600 0.028700 0.013500 0.031900 0.031400 0.014600 0.027700 0.013000 0.015000 0.049500 0.045300 0.016500 0.011000 0.015300 0.028100 0.013000 0.028000 0.057100 0.016400 0.034400 0.016100 0.017700 0.022200 0.016500 0.028800 0.020300 0.051700 0.048400 0.012500 0.053700 0.044300 0.023200 0.019700 0.000000 0.029100 0.018100 0.036300 0.028700 0.027500
Impala 0.019500 0.056100 0.031500 0.095500 0.029600 0.019500 0.023100 0.029200 0.032000 0.052100 0.020500 0.022100 0.019500 0.022300 0.021200 0.024800 0.030800 0.032300 0.017500 0.031400 0.024000 0.021000 0.047600 0.044900 0.019500 0.023300 0.019000 0.031900 0.025300 0.031900 0.056000 0.023600 0.038700 0.017000 0.021100 0.022000 0.019500 0.027600 0.037700 0.051300 0.047700 0.023800 0.052700 0.044300 0.022100 0.021500 0.029100 0.000000 0.020200 0.036500 0.031400 0.031500
Klipspring 0.012100 0.052400 0.026500 0.087300 0.021900 0.012100 0.011100 0.018200 0.028000 0.047200 0.012100 0.018200 0.011100 0.012500 0.022300 0.016200 0.026200 0.027800 0.009400 0.027500 0.015700 0.011600 0.042900 0.039100 0.011100 0.013600 0.010600 0.028000 0.015600 0.028000 0.051100 0.011900 0.031100 0.011600 0.012900 0.019200 0.011100 0.019400 0.029000 0.045400 0.041800 0.014100 0.047800 0.039100 0.019200 0.014100 0.018100 0.020200 0.000000 0.031700 0.028500 0.027500
ForestMusk 0.030200 0.059800 0.034600 0.090200 0.038200 0.030200 0.031800 0.038100 0.034700 0.055100 0.029100 0.026100 0.030100 0.033100 0.031900 0.033600 0.034600 0.035100 0.028200 0.034100 0.034800 0.030200 0.050400 0.047500 0.029600 0.033100 0.029700 0.034600 0.033600 0.034600 0.057900 0.030100 0.038700 0.030600 0.031900 0.027600 0.029600 0.036300 0.047900 0.051600 0.050400 0.034700 0.054600 0.047400 0.028700 0.029200 0.036300 0.036500 0.031700 0.000000 0.035200 0.034200
Bushbuck 0.025700 0.060300 0.003000 0.092600 0.035100 0.025700 0.027300 0.033000 0.001500 0.052900 0.025700 0.018000 0.024100 0.029200 0.028600 0.027600 0.033400 0.035000 0.024200 0.001000 0.029100 0.025200 0.048400 0.047800 0.024700 0.027100 0.023600 0.001500 0.029100 0.002500 0.056800 0.029000 0.039000 0.023600 0.028300 0.015500 0.024700 0.033200 0.037400 0.054800 0.049500 0.027600 0.053400 0.048100 0.015500 0.027200 0.028700 0.031400 0.028500 0.035200 0.000000 0.002000
GreaterKud 0.024600 0.061500 0.002000 0.092700 0.035200 0.024600 0.026300 0.031800 0.001500 0.052300 0.024600 0.017000 0.023600 0.028200 0.027600 0.025800 0.032900 0.034500 0.023200 0.001000 0.027900 0.024200 0.049000 0.046700 0.023600 0.025900 0.023200 0.001500 0.027400 0.001500 0.056300 0.028000 0.038600 0.023600 0.027300 0.015500 0.023600 0.033200 0.037200 0.054300 0.049000 0.026400 0.052900 0.046500 0.015500 0.026200 0.027500 0.031500 0.027500 0.034200 0.002000 0.000000
