CODONML (in paml version 4.10.7, June 2023)  /home/rachel/ruminants_paml/6406-phy-tree/ENSBTAT00000048470.fasta.phy
Model: free dN/dS Ratios for branches,  kappa = 2.000 fixed

Codon frequency model: F3x4
ns =  54  ls =  13

Codon usage in sequences
--------------------------------------------------------------------------------------------------------------------------------------
Phe TTT   0   0   0   0   0   0 | Ser TCT   1   1   1   1   1   1 | Tyr TAT   0   0   0   0   0   0 | Cys TGT   0   0   0   0   0   0
    TTC   0   0   0   0   0   0 |     TCC   1   1   1   1   0   0 |     TAC   0   0   0   0   0   0 |     TGC   0   0   0   0   0   0
Leu TTA   0   0   0   0   0   0 |     TCA   0   1   1   0   2   2 | *** TAA   0   0   0   0   0   0 | *** TGA   0   0   0   0   0   0
    TTG   0   0   0   0   0   0 |     TCG   1   0   0   1   0   0 |     TAG   0   0   0   0   0   0 | Trp TGG   0   0   0   0   0   0
--------------------------------------------------------------------------------------------------------------------------------------
Leu CTT   0   0   0   0   0   0 | Pro CCT   0   0   0   0   0   0 | His CAT   0   0   0   0   0   0 | Arg CGT   0   0   0   0   0   0
    CTC   0   0   0   0   0   0 |     CCC   0   0   0   0   0   0 |     CAC   0   0   1   0   0   0 |     CGC   0   0   0   0   0   0
    CTA   0   0   0   0   0   0 |     CCA   0   0   0   0   0   0 | Gln CAA   0   0   0   0   0   0 |     CGA   0   0   0   0   0   0
    CTG   0   0   0   0   0   0 |     CCG   0   0   0   0   0   0 |     CAG   1   1   1   1   1   1 |     CGG   0   0   0   0   0   0
--------------------------------------------------------------------------------------------------------------------------------------
Ile ATT   0   0   0   0   1   0 | Thr ACT   1   0   1   0   0   0 | Asn AAT   1   0   1   0   1   1 | Ser AGT   0   0   0   0   0   1
    ATC   1   2   1   1   0   1 |     ACC   0   0   0   1   0   0 |     AAC   2   3   1   2   2   1 |     AGC   0   0   0   0   0   0
    ATA   0   0   0   0   1   0 |     ACA   0   0   0   0   0   0 | Lys AAA   0   0   0   0   0   0 | Arg AGA   0   0   0   0   0   0
Met ATG   0   0   0   0   0   0 |     ACG   0   0   0   0   0   0 |     AAG   0   0   0   0   0   0 |     AGG   0   0   0   0   0   0
--------------------------------------------------------------------------------------------------------------------------------------
Val GTT   0   0   0   0   0   0 | Ala GCT   0   0   0   0   0   0 | Asp GAT   0   1   0   0   1   0 | Gly GGT   0   0   0   0   0   0
    GTC   0   0   0   0   0   0 |     GCC   0   0   0   0   0   0 |     GAC   1   1   1   2   1   1 |     GGC   0   0   0   0   0   0
    GTA   0   0   0   0   0   1 |     GCA   0   0   0   0   0   0 | Glu GAA   0   0   0   0   0   1 |     GGA   0   0   0   0   0   0
    GTG   1   1   1   1   1   1 |     GCG   0   0   0   0   0   0 |     GAG   2   1   2   2   1   1 |     GGG   0   0   0   0   0   0
--------------------------------------------------------------------------------------------------------------------------------------

--------------------------------------------------------------------------------------------------------------------------------------
Phe TTT   0   0   0   0   0   0 | Ser TCT   1   1   1   0   1   1 | Tyr TAT   0   0   0   0   0   0 | Cys TGT   0   0   0   0   0   0
    TTC   0   0   0   0   0   0 |     TCC   1   1   1   2   1   1 |     TAC   0   0   0   0   0   0 |     TGC   0   0   0   0   0   0
Leu TTA   0   0   0   0   0   0 |     TCA   0   0   0   0   1   1 | *** TAA   0   0   0   0   0   0 | *** TGA   0   0   0   0   0   0
    TTG   0   0   0   0   0   0 |     TCG   1   1   1   1   0   0 |     TAG   0   0   0   0   0   0 | Trp TGG   0   0   0   0   0   0
--------------------------------------------------------------------------------------------------------------------------------------
Leu CTT   0   0   0   0   0   0 | Pro CCT   0   0   0   0   0   0 | His CAT   0   0   0   0   0   0 | Arg CGT   0   0   0   0   0   0
    CTC   0   0   0   0   0   0 |     CCC   0   0   0   0   0   0 |     CAC   0   0   0   0   1   0 |     CGC   0   0   0   0   0   0
    CTA   0   0   0   0   0   0 |     CCA   0   0   0   0   0   0 | Gln CAA   0   0   0   0   0   0 |     CGA   0   0   0   0   0   0
    CTG   0   0   0   0   0   0 |     CCG   0   0   0   0   0   0 |     CAG   1   1   1   1   1   1 |     CGG   0   0   0   0   0   0
--------------------------------------------------------------------------------------------------------------------------------------
Ile ATT   0   0   0   0   0   0 | Thr ACT   0   0   0   0   1   0 | Asn AAT   0   1   0   0   0   0 | Ser AGT   0   0   0   0   0   0
    ATC   1   1   1   1   1   1 |     ACC   1   1   1   1   0   1 |     AAC   3   2   3   3   2   3 |     AGC   0   0   0   0   0   0
    ATA   0   0   0   0   0   0 |     ACA   0   0   0   0   0   0 | Lys AAA   0   0   0   0   0   0 | Arg AGA   0   0   0   0   0   0
Met ATG   0   0   0   0   0   0 |     ACG   0   0   0   0   0   0 |     AAG   0   0   0   0   0   0 |     AGG   0   0   0   0   0   0
--------------------------------------------------------------------------------------------------------------------------------------
Val GTT   0   0   0   0   0   0 | Ala GCT   0   0   0   0   0   0 | Asp GAT   0   0   0   0   0   0 | Gly GGT   0   0   0   0   0   0
    GTC   0   0   0   0   0   0 |     GCC   0   0   0   0   0   0 |     GAC   1   1   1   1   1   1 |     GGC   0   0   0   0   0   0
    GTA   0   0   0   0   0   0 |     GCA   0   0   0   0   0   0 | Glu GAA   0   0   0   0   0   0 |     GGA   0   0   0   0   0   0
    GTG   1   1   1   1   1   1 |     GCG   0   0   0   0   0   0 |     GAG   2   2   2   2   2   2 |     GGG   0   0   0   0   0   0
--------------------------------------------------------------------------------------------------------------------------------------

--------------------------------------------------------------------------------------------------------------------------------------
Phe TTT   0   0   0   0   0   0 | Ser TCT   1   1   1   1   1   0 | Tyr TAT   0   0   0   0   0   0 | Cys TGT   0   0   0   0   0   0
    TTC   0   0   0   0   0   0 |     TCC   1   1   1   1   1   2 |     TAC   0   0   0   0   0   0 |     TGC   0   0   0   0   0   0
Leu TTA   0   0   0   0   0   0 |     TCA   0   0   0   0   0   0 | *** TAA   0   0   0   0   0   0 | *** TGA   0   0   0   0   0   0
    TTG   0   0   0   0   0   0 |     TCG   1   1   1   1   1   1 |     TAG   0   0   0   0   0   0 | Trp TGG   0   0   0   0   0   0
--------------------------------------------------------------------------------------------------------------------------------------
Leu CTT   0   0   0   0   0   0 | Pro CCT   0   0   0   0   0   0 | His CAT   0   0   0   0   0   0 | Arg CGT   0   0   0   0   0   0
    CTC   0   0   0   0   0   0 |     CCC   0   0   0   0   0   0 |     CAC   0   0   0   0   0   0 |     CGC   0   0   0   0   0   0
    CTA   0   0   0   0   0   0 |     CCA   0   0   0   0   0   0 | Gln CAA   0   0   0   0   0   0 |     CGA   0   0   0   0   0   0
    CTG   0   0   0   0   0   0 |     CCG   0   0   0   0   0   0 |     CAG   1   1   1   1   1   1 |     CGG   0   0   0   0   0   0
--------------------------------------------------------------------------------------------------------------------------------------
Ile ATT   0   0   0   0   0   0 | Thr ACT   0   0   0   1   0   0 | Asn AAT   0   0   1   0   0   0 | Ser AGT   0   0   0   0   0   0
    ATC   1   1   1   1   1   1 |     ACC   1   1   1   0   1   1 |     AAC   3   2   2   3   3   3 |     AGC   0   0   0   0   0   0
    ATA   0   0   0   0   0   0 |     ACA   0   0   0   0   0   0 | Lys AAA   0   0   0   0   0   0 | Arg AGA   0   0   0   0   0   0
Met ATG   0   0   0   0   0   0 |     ACG   0   0   0   0   0   0 |     AAG   0   0   0   0   0   0 |     AGG   0   0   0   0   0   0
--------------------------------------------------------------------------------------------------------------------------------------
Val GTT   0   0   0   0   0   0 | Ala GCT   0   0   0   0   0   0 | Asp GAT   0   0   0   0   0   0 | Gly GGT   0   0   0   0   0   0
    GTC   0   0   0   0   0   0 |     GCC   0   0   0   0   0   0 |     GAC   1   2   1   1   1   1 |     GGC   0   0   0   0   0   0
    GTA   0   0   0   0   0   0 |     GCA   0   0   0   0   0   0 | Glu GAA   0   0   0   0   0   0 |     GGA   0   0   0   0   0   0
    GTG   1   1   1   1   1   1 |     GCG   0   0   0   0   0   0 |     GAG   2   2   2   2   2   2 |     GGG   0   0   0   0   0   0
--------------------------------------------------------------------------------------------------------------------------------------

--------------------------------------------------------------------------------------------------------------------------------------
Phe TTT   0   0   0   0   0   0 | Ser TCT   1   0   1   1   1   1 | Tyr TAT   0   0   0   0   0   0 | Cys TGT   0   0   0   0   0   0
    TTC   0   0   0   0   0   0 |     TCC   1   1   1   1   1   1 |     TAC   0   0   0   0   0   0 |     TGC   0   0   0   0   0   0
Leu TTA   0   0   0   0   0   0 |     TCA   0   0   0   1   0   0 | *** TAA   0   0   0   0   0   0 | *** TGA   0   0   0   0   0   0
    TTG   0   0   0   0   0   0 |     TCG   1   2   1   0   1   1 |     TAG   0   0   0   0   0   0 | Trp TGG   0   0   0   0   0   0
--------------------------------------------------------------------------------------------------------------------------------------
Leu CTT   0   0   0   0   0   0 | Pro CCT   0   0   0   0   0   0 | His CAT   0   0   1   0   0   0 | Arg CGT   0   0   0   0   0   0
    CTC   0   0   0   0   0   0 |     CCC   0   0   0   0   0   0 |     CAC   0   0   0   1   0   0 |     CGC   0   0   0   0   0   0
    CTA   0   0   0   0   0   0 |     CCA   0   0   0   0   0   0 | Gln CAA   0   0   0   0   0   0 |     CGA   0   0   0   0   0   0
    CTG   0   0   0   0   0   0 |     CCG   0   0   0   0   0   0 |     CAG   1   1   1   1   1   1 |     CGG   0   0   0   0   0   0
--------------------------------------------------------------------------------------------------------------------------------------
Ile ATT   0   0   0   0   0   0 | Thr ACT   0   0   0   0   0   1 | Asn AAT   0   0   0   0   1   0 | Ser AGT   0   0   0   0   0   0
    ATC   1   1   1   1   1   1 |     ACC   0   0   1   1   1   0 |     AAC   2   3   1   2   2   3 |     AGC   1   0   1   0   0   0
    ATA   0   0   0   0   0   0 |     ACA   0   0   0   0   0   0 | Lys AAA   0   0   0   0   0   0 | Arg AGA   0   0   0   0   0   0
Met ATG   0   0   0   0   0   0 |     ACG   0   0   0   0   0   0 |     AAG   0   0   0   0   0   0 |     AGG   0   0   0   0   0   0
--------------------------------------------------------------------------------------------------------------------------------------
Val GTT   0   1   0   0   0   0 | Ala GCT   0   0   0   0   0   0 | Asp GAT   0   0   0   0   0   0 | Gly GGT   0   0   0   0   0   0
    GTC   1   0   0   0   0   0 |     GCC   0   0   0   0   0   0 |     GAC   1   1   1   1   1   1 |     GGC   0   0   0   0   0   0
    GTA   0   0   0   0   0   0 |     GCA   0   0   0   0   0   0 | Glu GAA   0   0   0   0   0   0 |     GGA   0   0   0   0   0   0
    GTG   1   1   1   1   1   1 |     GCG   0   0   0   0   0   0 |     GAG   2   2   2   2   2   2 |     GGG   0   0   0   0   0   0
--------------------------------------------------------------------------------------------------------------------------------------

--------------------------------------------------------------------------------------------------------------------------------------
Phe TTT   0   0   0   0   0   0 | Ser TCT   1   1   1   1   1   1 | Tyr TAT   0   0   0   0   0   0 | Cys TGT   0   0   0   0   0   0
    TTC   0   0   0   0   0   0 |     TCC   1   1   1   1   1   1 |     TAC   0   0   0   0   0   0 |     TGC   0   0   0   0   0   0
Leu TTA   0   0   0   0   0   0 |     TCA   0   0   0   0   0   1 | *** TAA   0   0   0   0   0   0 | *** TGA   0   0   0   0   0   0
    TTG   0   0   0   0   0   0 |     TCG   1   1   1   1   1   0 |     TAG   0   0   0   0   0   0 | Trp TGG   0   0   0   0   0   0
--------------------------------------------------------------------------------------------------------------------------------------
Leu CTT   0   0   0   0   0   0 | Pro CCT   0   0   0   0   0   0 | His CAT   0   0   0   0   0   0 | Arg CGT   0   0   0   0   0   0
    CTC   0   0   0   0   0   0 |     CCC   0   0   0   0   0   0 |     CAC   0   0   0   0   0   1 |     CGC   0   0   0   0   0   0
    CTA   0   0   0   0   0   0 |     CCA   0   0   0   0   0   0 | Gln CAA   0   0   0   0   0   0 |     CGA   0   0   0   0   0   0
    CTG   0   0   0   0   0   0 |     CCG   0   0   0   0   0   0 |     CAG   1   1   1   1   1   1 |     CGG   0   0   0   0   0   0
--------------------------------------------------------------------------------------------------------------------------------------
Ile ATT   0   0   0   0   0   0 | Thr ACT   0   1   0   0   0   0 | Asn AAT   0   0   0   0   1   0 | Ser AGT   0   1   0   0   0   0
    ATC   1   1   1   1   1   1 |     ACC   1   0   1   1   1   1 |     AAC   3   2   3   2   2   2 |     AGC   0   0   0   0   0   0
    ATA   0   0   0   0   0   0 |     ACA   0   0   0   0   0   0 | Lys AAA   0   0   0   0   0   0 | Arg AGA   0   0   0   0   0   0
Met ATG   0   0   0   0   0   0 |     ACG   0   0   0   0   0   0 |     AAG   0   0   0   0   0   0 |     AGG   0   0   0   0   0   0
--------------------------------------------------------------------------------------------------------------------------------------
Val GTT   0   0   0   0   0   0 | Ala GCT   0   0   0   0   0   0 | Asp GAT   0   0   0   0   0   0 | Gly GGT   0   0   0   0   0   0
    GTC   0   0   0   0   0   0 |     GCC   0   0   0   0   0   0 |     GAC   1   1   1   3   1   1 |     GGC   0   0   0   0   0   0
    GTA   0   0   0   0   0   0 |     GCA   0   0   0   0   0   0 | Glu GAA   0   0   0   0   0   0 |     GGA   0   0   0   0   0   0
    GTG   1   1   1   1   1   1 |     GCG   0   0   0   0   0   0 |     GAG   2   2   2   1   2   2 |     GGG   0   0   0   0   0   0
--------------------------------------------------------------------------------------------------------------------------------------

--------------------------------------------------------------------------------------------------------------------------------------
Phe TTT   0   0   0   0   0   0 | Ser TCT   0   1   1   1   1   1 | Tyr TAT   0   0   0   0   0   0 | Cys TGT   0   0   0   0   0   0
    TTC   0   0   0   0   0   0 |     TCC   2   1   1   1   0   1 |     TAC   0   0   0   0   0   0 |     TGC   0   0   0   0   0   0
Leu TTA   0   0   0   0   0   0 |     TCA   1   1   0   0   0   0 | *** TAA   0   0   0   0   0   0 | *** TGA   0   0   0   0   0   0
    TTG   0   0   0   0   0   0 |     TCG   0   0   1   1   1   1 |     TAG   0   0   0   0   0   0 | Trp TGG   0   0   0   0   0   0
--------------------------------------------------------------------------------------------------------------------------------------
Leu CTT   0   0   0   0   0   0 | Pro CCT   0   0   0   0   0   0 | His CAT   0   0   0   0   0   0 | Arg CGT   0   0   0   0   0   0
    CTC   0   0   0   0   0   0 |     CCC   0   0   0   0   1   0 |     CAC   0   1   0   0   0   0 |     CGC   0   0   0   0   0   0
    CTA   0   0   0   0   0   0 |     CCA   0   0   0   0   0   0 | Gln CAA   0   0   0   0   0   0 |     CGA   0   0   0   0   0   0
    CTG   0   0   0   0   0   0 |     CCG   0   0   0   0   0   0 |     CAG   1   1   1   1   0   1 |     CGG   0   0   0   0   1   0
--------------------------------------------------------------------------------------------------------------------------------------
Ile ATT   0   0   0   0   0   0 | Thr ACT   0   0   0   0   0   0 | Asn AAT   0   0   0   0   1   1 | Ser AGT   0   0   0   0   0   0
    ATC   1   1   1   1   1   1 |     ACC   1   1   1   1   0   1 |     AAC   3   2   3   3   1   2 |     AGC   0   0   0   0   1   0
    ATA   0   0   0   0   0   0 |     ACA   0   0   0   0   0   0 | Lys AAA   0   0   0   0   0   0 | Arg AGA   0   0   0   0   0   0
Met ATG   0   0   0   0   0   0 |     ACG   0   0   0   0   0   0 |     AAG   0   0   0   0   0   0 |     AGG   0   0   0   0   0   0
--------------------------------------------------------------------------------------------------------------------------------------
Val GTT   0   0   0   0   0   0 | Ala GCT   0   0   0   0   0   0 | Asp GAT   0   0   0   0   0   0 | Gly GGT   0   0   0   0   0   0
    GTC   0   0   0   0   1   0 |     GCC   0   0   0   0   0   0 |     GAC   1   0   1   1   1   1 |     GGC   0   0   0   0   0   0
    GTA   0   0   0   0   0   0 |     GCA   0   0   0   0   0   0 | Glu GAA   0   0   0   0   0   0 |     GGA   0   0   0   0   0   0
    GTG   1   1   1   1   1   1 |     GCG   0   0   0   0   0   0 |     GAG   2   3   2   2   2   2 |     GGG   0   0   0   0   0   0
--------------------------------------------------------------------------------------------------------------------------------------

--------------------------------------------------------------------------------------------------------------------------------------
Phe TTT   0   0   0   0   0   0 | Ser TCT   1   1   1   1   0   1 | Tyr TAT   0   0   0   0   0   0 | Cys TGT   0   0   0   0   0   0
    TTC   0   0   0   0   0   0 |     TCC   1   1   1   1   2   1 |     TAC   0   0   0   0   0   0 |     TGC   0   0   0   0   0   0
Leu TTA   0   0   0   0   0   0 |     TCA   0   0   0   0   0   1 | *** TAA   0   0   0   0   0   0 | *** TGA   0   0   0   0   0   0
    TTG   0   0   0   0   0   0 |     TCG   1   1   1   1   1   0 |     TAG   0   0   0   0   0   0 | Trp TGG   0   0   0   0   0   0
--------------------------------------------------------------------------------------------------------------------------------------
Leu CTT   0   0   0   0   0   0 | Pro CCT   0   0   0   0   0   0 | His CAT   0   0   0   0   0   0 | Arg CGT   0   0   0   0   0   0
    CTC   0   0   0   0   0   0 |     CCC   0   0   0   0   0   0 |     CAC   0   0   0   0   0   0 |     CGC   0   0   0   0   0   0
    CTA   0   0   0   0   0   0 |     CCA   0   0   0   0   0   0 | Gln CAA   0   0   0   0   0   0 |     CGA   0   0   0   0   0   0
    CTG   0   0   0   0   0   0 |     CCG   0   0   0   0   0   0 |     CAG   1   1   1   1   1   1 |     CGG   0   0   0   0   0   0
--------------------------------------------------------------------------------------------------------------------------------------
Ile ATT   0   0   0   0   0   0 | Thr ACT   1   0   0   0   1   1 | Asn AAT   0   0   0   1   1   0 | Ser AGT   0   0   0   0   0   0
    ATC   1   1   1   1   1   1 |     ACC   0   1   1   1   0   0 |     AAC   2   3   3   2   2   2 |     AGC   0   0   0   0   0   1
    ATA   0   0   0   0   0   0 |     ACA   0   0   0   0   0   0 | Lys AAA   0   0   0   0   0   0 | Arg AGA   0   0   0   0   0   0
Met ATG   0   0   0   0   0   0 |     ACG   0   0   0   0   0   0 |     AAG   0   0   0   0   0   0 |     AGG   0   0   0   0   0   0
--------------------------------------------------------------------------------------------------------------------------------------
Val GTT   0   0   0   0   0   0 | Ala GCT   0   0   0   0   0   0 | Asp GAT   1   0   0   0   0   0 | Gly GGT   0   0   0   0   0   0
    GTC   0   0   0   0   0   0 |     GCC   0   0   0   0   0   0 |     GAC   1   1   1   1   1   1 |     GGC   0   0   0   0   0   0
    GTA   0   0   0   0   0   0 |     GCA   0   0   0   0   0   0 | Glu GAA   0   0   0   0   0   0 |     GGA   0   0   0   0   0   0
    GTG   1   1   1   1   1   1 |     GCG   0   0   0   0   0   0 |     GAG   2   2   2   2   2   2 |     GGG   0   0   0   0   0   0
--------------------------------------------------------------------------------------------------------------------------------------

--------------------------------------------------------------------------------------------------------------------------------------
Phe TTT   0   0   0   0   0   0 | Ser TCT   1   0   1   1   1   1 | Tyr TAT   0   0   0   0   0   0 | Cys TGT   0   0   0   0   0   0
    TTC   0   0   0   0   0   0 |     TCC   1   2   1   1   1   1 |     TAC   0   0   0   0   0   0 |     TGC   0   0   0   0   0   0
Leu TTA   0   0   0   0   0   0 |     TCA   0   0   0   0   0   0 | *** TAA   0   0   0   0   0   0 | *** TGA   0   0   0   0   0   0
    TTG   0   0   0   0   0   0 |     TCG   1   1   1   1   1   1 |     TAG   0   0   0   0   0   0 | Trp TGG   0   0   0   0   0   0
--------------------------------------------------------------------------------------------------------------------------------------
Leu CTT   0   0   0   0   0   0 | Pro CCT   0   0   0   0   0   0 | His CAT   0   0   0   0   0   0 | Arg CGT   0   0   0   0   0   0
    CTC   0   0   0   0   0   0 |     CCC   0   0   0   0   0   0 |     CAC   0   0   0   0   0   0 |     CGC   0   0   0   0   0   0
    CTA   0   0   0   0   0   0 |     CCA   0   0   0   0   0   0 | Gln CAA   0   0   0   0   0   0 |     CGA   0   0   0   0   0   0
    CTG   0   0   0   0   0   0 |     CCG   0   0   0   0   0   0 |     CAG   1   1   1   1   1   1 |     CGG   0   0   0   0   0   0
--------------------------------------------------------------------------------------------------------------------------------------
Ile ATT   0   0   0   0   0   0 | Thr ACT   0   0   0   1   0   1 | Asn AAT   1   0   0   1   0   0 | Ser AGT   0   0   0   0   0   0
    ATC   1   1   1   1   1   1 |     ACC   1   1   1   0   1   0 |     AAC   2   2   3   2   3   3 |     AGC   0   1   0   0   0   0
    ATA   0   0   0   0   0   0 |     ACA   0   0   0   0   0   0 | Lys AAA   0   0   0   0   0   0 | Arg AGA   0   0   0   0   0   0
Met ATG   0   0   0   0   0   0 |     ACG   0   0   0   0   0   0 |     AAG   0   0   0   0   0   0 |     AGG   0   0   0   0   0   0
--------------------------------------------------------------------------------------------------------------------------------------
Val GTT   0   0   0   0   0   0 | Ala GCT   0   0   0   0   0   0 | Asp GAT   0   0   0   0   0   0 | Gly GGT   0   0   0   0   0   0
    GTC   0   0   0   0   0   0 |     GCC   0   0   0   0   0   0 |     GAC   1   2   1   1   1   1 |     GGC   0   0   0   0   0   0
    GTA   0   0   0   0   0   0 |     GCA   0   0   0   0   0   0 | Glu GAA   0   0   0   0   0   0 |     GGA   0   0   0   0   0   0
    GTG   1   1   1   1   1   1 |     GCG   0   0   0   0   0   0 |     GAG   2   1   2   2   2   2 |     GGG   0   0   0   0   0   0
--------------------------------------------------------------------------------------------------------------------------------------

--------------------------------------------------------------------------------------------------------------------------------------
Phe TTT   0   0   0   0   0   0 | Ser TCT   0   1   1   1   1   1 | Tyr TAT   0   0   0   0   0   0 | Cys TGT   0   0   0   0   0   0
    TTC   0   0   0   0   0   0 |     TCC   2   1   1   1   1   1 |     TAC   0   0   0   0   0   0 |     TGC   0   0   0   0   0   0
Leu TTA   0   0   0   0   0   0 |     TCA   0   0   1   0   1   1 | *** TAA   0   0   0   0   0   0 | *** TGA   0   0   0   0   0   0
    TTG   0   0   0   0   0   0 |     TCG   1   1   0   1   0   0 |     TAG   0   0   0   0   0   0 | Trp TGG   0   0   0   0   0   0
--------------------------------------------------------------------------------------------------------------------------------------
Leu CTT   0   0   0   0   0   0 | Pro CCT   0   0   0   0   0   0 | His CAT   0   0   0   0   0   0 | Arg CGT   0   0   0   0   0   0
    CTC   0   0   0   0   0   0 |     CCC   0   0   0   0   0   0 |     CAC   0   0   0   0   1   1 |     CGC   0   0   0   0   0   0
    CTA   0   0   0   0   0   0 |     CCA   0   0   0   0   0   0 | Gln CAA   0   0   0   0   0   0 |     CGA   0   0   0   0   0   0
    CTG   0   0   0   0   0   0 |     CCG   0   0   0   0   0   0 |     CAG   1   1   1   1   1   1 |     CGG   0   0   0   0   0   0
--------------------------------------------------------------------------------------------------------------------------------------
Ile ATT   0   0   0   0   0   0 | Thr ACT   0   0   1   0   0   0 | Asn AAT   0   0   0   0   0   0 | Ser AGT   0   0   0   0   0   0
    ATC   1   1   1   1   1   1 |     ACC   1   1   0   1   1   1 |     AAC   3   3   3   2   2   2 |     AGC   0   0   0   0   0   0
    ATA   0   0   0   0   0   0 |     ACA   0   0   0   0   0   0 | Lys AAA   0   0   0   0   0   0 | Arg AGA   0   0   0   0   0   0
Met ATG   0   0   0   0   0   0 |     ACG   0   0   0   0   0   0 |     AAG   0   0   0   0   0   0 |     AGG   0   0   0   0   0   0
--------------------------------------------------------------------------------------------------------------------------------------
Val GTT   0   0   0   0   0   0 | Ala GCT   0   0   0   0   0   0 | Asp GAT   0   0   0   0   0   0 | Gly GGT   0   0   0   0   0   0
    GTC   0   0   0   0   0   0 |     GCC   0   0   0   0   0   0 |     GAC   1   1   1   2   1   1 |     GGC   0   0   0   0   0   0
    GTA   0   0   0   0   0   0 |     GCA   0   0   0   0   0   0 | Glu GAA   0   0   0   0   0   0 |     GGA   0   0   0   0   0   0
    GTG   1   1   1   1   1   1 |     GCG   0   0   0   0   0   0 |     GAG   2   2   2   2   2   2 |     GGG   0   0   0   0   0   0
--------------------------------------------------------------------------------------------------------------------------------------

Codon position x base (3x4) table for each sequence.

#1: Argali         
position  1:    T:0.23077    C:0.07692    A:0.38462    G:0.30769
position  2:    T:0.15385    C:0.30769    A:0.53846    G:0.00000
position  3:    T:0.23077    C:0.38462    A:0.00000    G:0.38462
Average         T:0.20513    C:0.25641    A:0.30769    G:0.23077

#2: LesserMouseDeer
position  1:    T:0.23077    C:0.07692    A:0.38462    G:0.30769
position  2:    T:0.23077    C:0.23077    A:0.53846    G:0.00000
position  3:    T:0.15385    C:0.53846    A:0.07692    G:0.23077
Average         T:0.20513    C:0.28205    A:0.33333    G:0.17949

#3: LesserKudu     
position  1:    T:0.23077    C:0.15385    A:0.30769    G:0.30769
position  2:    T:0.15385    C:0.30769    A:0.53846    G:0.00000
position  3:    T:0.23077    C:0.38462    A:0.07692    G:0.30769
Average         T:0.20513    C:0.28205    A:0.30769    G:0.20513

#4: ForestMuskDeer2
position  1:    T:0.23077    C:0.07692    A:0.30769    G:0.38462
position  2:    T:0.15385    C:0.30769    A:0.53846    G:0.00000
position  3:    T:0.07692    C:0.53846    A:0.00000    G:0.38462
Average         T:0.15385    C:0.30769    A:0.28205    G:0.25641

#5: Camel          
position  1:    T:0.23077    C:0.07692    A:0.38462    G:0.30769
position  2:    T:0.23077    C:0.23077    A:0.53846    G:0.00000
position  3:    T:0.30769    C:0.23077    A:0.23077    G:0.23077
Average         T:0.25641    C:0.17949    A:0.38462    G:0.17949

#6: KillerWhale    
position  1:    T:0.23077    C:0.07692    A:0.30769    G:0.38462
position  2:    T:0.23077    C:0.23077    A:0.46154    G:0.07692
position  3:    T:0.23077    C:0.23077    A:0.30769    G:0.23077
Average         T:0.23077    C:0.17949    A:0.35897    G:0.23077

#7: DefassaWaterbuck
position  1:    T:0.23077    C:0.07692    A:0.38462    G:0.30769
position  2:    T:0.15385    C:0.30769    A:0.53846    G:0.00000
position  3:    T:0.07692    C:0.53846    A:0.00000    G:0.38462
Average         T:0.15385    C:0.30769    A:0.30769    G:0.23077

#8: Sheep          
position  1:    T:0.23077    C:0.07692    A:0.38462    G:0.30769
position  2:    T:0.15385    C:0.30769    A:0.53846    G:0.00000
position  3:    T:0.15385    C:0.46154    A:0.00000    G:0.38462
Average         T:0.17949    C:0.28205    A:0.30769    G:0.23077

#9: MaxwellsDuiker 
position  1:    T:0.23077    C:0.07692    A:0.38462    G:0.30769
position  2:    T:0.15385    C:0.30769    A:0.53846    G:0.00000
position  3:    T:0.07692    C:0.53846    A:0.00000    G:0.38462
Average         T:0.15385    C:0.30769    A:0.30769    G:0.23077

#10: GazellaPrzewalskyi
position  1:    T:0.23077    C:0.07692    A:0.38462    G:0.30769
position  2:    T:0.15385    C:0.30769    A:0.53846    G:0.00000
position  3:    T:0.00000    C:0.61538    A:0.00000    G:0.38462
Average         T:0.12821    C:0.33333    A:0.30769    G:0.23077

#11: MountainNyala  
position  1:    T:0.23077    C:0.15385    A:0.30769    G:0.30769
position  2:    T:0.15385    C:0.30769    A:0.53846    G:0.00000
position  3:    T:0.15385    C:0.46154    A:0.07692    G:0.30769
Average         T:0.17949    C:0.30769    A:0.30769    G:0.20513

#12: MuntiacusMuntjak
position  1:    T:0.23077    C:0.07692    A:0.38462    G:0.30769
position  2:    T:0.15385    C:0.30769    A:0.53846    G:0.00000
position  3:    T:0.07692    C:0.53846    A:0.07692    G:0.30769
Average         T:0.15385    C:0.30769    A:0.33333    G:0.20513

#13: goat           
position  1:    T:0.23077    C:0.07692    A:0.38462    G:0.30769
position  2:    T:0.15385    C:0.30769    A:0.53846    G:0.00000
position  3:    T:0.07692    C:0.53846    A:0.00000    G:0.38462
Average         T:0.15385    C:0.30769    A:0.30769    G:0.23077

#14: AfricanBuffalo 
position  1:    T:0.23077    C:0.07692    A:0.30769    G:0.38462
position  2:    T:0.15385    C:0.30769    A:0.53846    G:0.00000
position  3:    T:0.07692    C:0.53846    A:0.00000    G:0.38462
Average         T:0.15385    C:0.30769    A:0.28205    G:0.25641

#15: Topi           
position  1:    T:0.23077    C:0.07692    A:0.38462    G:0.30769
position  2:    T:0.15385    C:0.30769    A:0.53846    G:0.00000
position  3:    T:0.15385    C:0.46154    A:0.00000    G:0.38462
Average         T:0.17949    C:0.28205    A:0.30769    G:0.23077

#16: CommonDuiker   
position  1:    T:0.23077    C:0.07692    A:0.38462    G:0.30769
position  2:    T:0.15385    C:0.30769    A:0.53846    G:0.00000
position  3:    T:0.15385    C:0.46154    A:0.00000    G:0.38462
Average         T:0.17949    C:0.28205    A:0.30769    G:0.23077

#17: Suni           
position  1:    T:0.23077    C:0.07692    A:0.38462    G:0.30769
position  2:    T:0.15385    C:0.30769    A:0.53846    G:0.00000
position  3:    T:0.07692    C:0.53846    A:0.00000    G:0.38462
Average         T:0.15385    C:0.30769    A:0.30769    G:0.23077

#18: Springbuck     
position  1:    T:0.23077    C:0.07692    A:0.38462    G:0.30769
position  2:    T:0.15385    C:0.30769    A:0.53846    G:0.00000
position  3:    T:0.00000    C:0.61538    A:0.00000    G:0.38462
Average         T:0.12821    C:0.33333    A:0.30769    G:0.23077

#19: Okapi          
position  1:    T:0.23077    C:0.07692    A:0.30769    G:0.38462
position  2:    T:0.23077    C:0.23077    A:0.46154    G:0.07692
position  3:    T:0.07692    C:0.53846    A:0.00000    G:0.38462
Average         T:0.17949    C:0.28205    A:0.25641    G:0.28205

#20: Giraffe        
position  1:    T:0.23077    C:0.07692    A:0.30769    G:0.38462
position  2:    T:0.23077    C:0.23077    A:0.53846    G:0.00000
position  3:    T:0.07692    C:0.46154    A:0.00000    G:0.46154
Average         T:0.17949    C:0.25641    A:0.28205    G:0.28205

#21: TibetanAntelope
position  1:    T:0.23077    C:0.15385    A:0.30769    G:0.30769
position  2:    T:0.15385    C:0.30769    A:0.46154    G:0.07692
position  3:    T:0.15385    C:0.46154    A:0.00000    G:0.38462
Average         T:0.17949    C:0.30769    A:0.25641    G:0.25641

#22: Sitatunga      
position  1:    T:0.23077    C:0.15385    A:0.30769    G:0.30769
position  2:    T:0.15385    C:0.30769    A:0.53846    G:0.00000
position  3:    T:0.07692    C:0.53846    A:0.07692    G:0.30769
Average         T:0.15385    C:0.33333    A:0.30769    G:0.20513

#23: Oribi          
position  1:    T:0.23077    C:0.07692    A:0.38462    G:0.30769
position  2:    T:0.15385    C:0.30769    A:0.53846    G:0.00000
position  3:    T:0.15385    C:0.46154    A:0.00000    G:0.38462
Average         T:0.17949    C:0.28205    A:0.30769    G:0.23077

#24: BarbarySheep   
position  1:    T:0.23077    C:0.07692    A:0.38462    G:0.30769
position  2:    T:0.15385    C:0.30769    A:0.53846    G:0.00000
position  3:    T:0.15385    C:0.46154    A:0.00000    G:0.38462
Average         T:0.17949    C:0.28205    A:0.30769    G:0.23077

#25: Daviddeer      
position  1:    T:0.23077    C:0.07692    A:0.38462    G:0.30769
position  2:    T:0.15385    C:0.30769    A:0.53846    G:0.00000
position  3:    T:0.07692    C:0.53846    A:0.00000    G:0.38462
Average         T:0.15385    C:0.30769    A:0.30769    G:0.23077

#26: Reindeer       
position  1:    T:0.23077    C:0.07692    A:0.38462    G:0.30769
position  2:    T:0.15385    C:0.30769    A:0.46154    G:0.07692
position  3:    T:0.23077    C:0.38462    A:0.00000    G:0.38462
Average         T:0.20513    C:0.25641    A:0.28205    G:0.25641

#27: Ibex           
position  1:    T:0.23077    C:0.07692    A:0.38462    G:0.30769
position  2:    T:0.15385    C:0.30769    A:0.53846    G:0.00000
position  3:    T:0.07692    C:0.53846    A:0.00000    G:0.38462
Average         T:0.15385    C:0.30769    A:0.30769    G:0.23077

#28: GyrantGazelle  
position  1:    T:0.23077    C:0.07692    A:0.30769    G:0.38462
position  2:    T:0.15385    C:0.30769    A:0.53846    G:0.00000
position  3:    T:0.07692    C:0.61538    A:0.00000    G:0.30769
Average         T:0.15385    C:0.33333    A:0.28205    G:0.23077

#29: Hartebeest     
position  1:    T:0.23077    C:0.07692    A:0.38462    G:0.30769
position  2:    T:0.15385    C:0.30769    A:0.53846    G:0.00000
position  3:    T:0.15385    C:0.46154    A:0.00000    G:0.38462
Average         T:0.17949    C:0.28205    A:0.30769    G:0.23077

#30: Bongo          
position  1:    T:0.23077    C:0.15385    A:0.30769    G:0.30769
position  2:    T:0.15385    C:0.30769    A:0.53846    G:0.00000
position  3:    T:0.07692    C:0.53846    A:0.07692    G:0.30769
Average         T:0.15385    C:0.33333    A:0.30769    G:0.20513

#31: Gerenuk        
position  1:    T:0.23077    C:0.07692    A:0.38462    G:0.30769
position  2:    T:0.15385    C:0.30769    A:0.53846    G:0.00000
position  3:    T:0.00000    C:0.61538    A:0.07692    G:0.30769
Average         T:0.12821    C:0.33333    A:0.33333    G:0.20513

#32: CommonEland    
position  1:    T:0.23077    C:0.15385    A:0.30769    G:0.30769
position  2:    T:0.15385    C:0.30769    A:0.53846    G:0.00000
position  3:    T:0.07692    C:0.46154    A:0.07692    G:0.38462
Average         T:0.15385    C:0.30769    A:0.30769    G:0.23077

#33: MuntiacusReevesi
position  1:    T:0.23077    C:0.07692    A:0.38462    G:0.30769
position  2:    T:0.15385    C:0.30769    A:0.53846    G:0.00000
position  3:    T:0.07692    C:0.53846    A:0.00000    G:0.38462
Average         T:0.15385    C:0.30769    A:0.30769    G:0.23077

#34: HarveysDuiker  
position  1:    T:0.23077    C:0.07692    A:0.38462    G:0.30769
position  2:    T:0.15385    C:0.30769    A:0.53846    G:0.00000
position  3:    T:0.07692    C:0.53846    A:0.00000    G:0.38462
Average         T:0.15385    C:0.30769    A:0.30769    G:0.23077

#35: Pronghorn      
position  1:    T:0.15385    C:0.15385    A:0.30769    G:0.38462
position  2:    T:0.23077    C:0.23077    A:0.38462    G:0.15385
position  3:    T:0.15385    C:0.46154    A:0.00000    G:0.38462
Average         T:0.17949    C:0.28205    A:0.23077    G:0.30769

#36: BlueWildebeest 
position  1:    T:0.23077    C:0.07692    A:0.38462    G:0.30769
position  2:    T:0.15385    C:0.30769    A:0.53846    G:0.00000
position  3:    T:0.15385    C:0.46154    A:0.00000    G:0.38462
Average         T:0.17949    C:0.28205    A:0.30769    G:0.23077

#37: Gemsbok        
position  1:    T:0.23077    C:0.07692    A:0.30769    G:0.38462
position  2:    T:0.15385    C:0.30769    A:0.53846    G:0.00000
position  3:    T:0.23077    C:0.38462    A:0.00000    G:0.38462
Average         T:0.20513    C:0.25641    A:0.28205    G:0.25641

#38: Yak            
position  1:    T:0.23077    C:0.07692    A:0.38462    G:0.30769
position  2:    T:0.15385    C:0.30769    A:0.53846    G:0.00000
position  3:    T:0.07692    C:0.53846    A:0.00000    G:0.38462
Average         T:0.15385    C:0.30769    A:0.30769    G:0.23077

#39: BlueSheep      
position  1:    T:0.23077    C:0.07692    A:0.38462    G:0.30769
position  2:    T:0.15385    C:0.30769    A:0.53846    G:0.00000
position  3:    T:0.07692    C:0.53846    A:0.00000    G:0.38462
Average         T:0.15385    C:0.30769    A:0.30769    G:0.23077

#40: BohorReedbuck  
position  1:    T:0.23077    C:0.07692    A:0.38462    G:0.30769
position  2:    T:0.15385    C:0.30769    A:0.53846    G:0.00000
position  3:    T:0.15385    C:0.46154    A:0.00000    G:0.38462
Average         T:0.17949    C:0.28205    A:0.30769    G:0.23077

#41: KirksDik       
position  1:    T:0.23077    C:0.07692    A:0.38462    G:0.30769
position  2:    T:0.15385    C:0.30769    A:0.53846    G:0.00000
position  3:    T:0.15385    C:0.46154    A:0.00000    G:0.38462
Average         T:0.17949    C:0.28205    A:0.30769    G:0.23077

#42: RoeDeer        
position  1:    T:0.23077    C:0.07692    A:0.38462    G:0.30769
position  2:    T:0.15385    C:0.30769    A:0.46154    G:0.07692
position  3:    T:0.15385    C:0.46154    A:0.07692    G:0.30769
Average         T:0.17949    C:0.28205    A:0.30769    G:0.23077

#43: WhiteLippedDeer
position  1:    T:0.23077    C:0.07692    A:0.38462    G:0.30769
position  2:    T:0.15385    C:0.30769    A:0.53846    G:0.00000
position  3:    T:0.15385    C:0.46154    A:0.00000    G:0.38462
Average         T:0.17949    C:0.28205    A:0.30769    G:0.23077

#44: ThomsonGazelle 
position  1:    T:0.23077    C:0.07692    A:0.38462    G:0.30769
position  2:    T:0.15385    C:0.30769    A:0.46154    G:0.07692
position  3:    T:0.00000    C:0.69231    A:0.00000    G:0.30769
Average         T:0.12821    C:0.35897    A:0.28205    G:0.23077

#45: MuntiacusCrinifrons
position  1:    T:0.23077    C:0.07692    A:0.38462    G:0.30769
position  2:    T:0.15385    C:0.30769    A:0.53846    G:0.00000
position  3:    T:0.07692    C:0.53846    A:0.00000    G:0.38462
Average         T:0.15385    C:0.30769    A:0.30769    G:0.23077

#46: WhiteTailedDeer
position  1:    T:0.23077    C:0.07692    A:0.38462    G:0.30769
position  2:    T:0.15385    C:0.30769    A:0.53846    G:0.00000
position  3:    T:0.23077    C:0.38462    A:0.00000    G:0.38462
Average         T:0.20513    C:0.25641    A:0.30769    G:0.23077

#47: Cattle         
position  1:    T:0.23077    C:0.07692    A:0.38462    G:0.30769
position  2:    T:0.15385    C:0.30769    A:0.53846    G:0.00000
position  3:    T:0.07692    C:0.53846    A:0.00000    G:0.38462
Average         T:0.15385    C:0.30769    A:0.30769    G:0.23077

#48: RoyalAntelope  
position  1:    T:0.23077    C:0.07692    A:0.38462    G:0.30769
position  2:    T:0.15385    C:0.30769    A:0.53846    G:0.00000
position  3:    T:0.15385    C:0.46154    A:0.00000    G:0.38462
Average         T:0.17949    C:0.28205    A:0.30769    G:0.23077

#49: Steenbok       
position  1:    T:0.23077    C:0.07692    A:0.38462    G:0.30769
position  2:    T:0.15385    C:0.30769    A:0.53846    G:0.00000
position  3:    T:0.00000    C:0.61538    A:0.00000    G:0.38462
Average         T:0.12821    C:0.33333    A:0.30769    G:0.23077

#50: Impala         
position  1:    T:0.23077    C:0.07692    A:0.38462    G:0.30769
position  2:    T:0.15385    C:0.30769    A:0.53846    G:0.00000
position  3:    T:0.07692    C:0.53846    A:0.00000    G:0.38462
Average         T:0.15385    C:0.30769    A:0.30769    G:0.23077

#51: Klipspringer   
position  1:    T:0.23077    C:0.07692    A:0.38462    G:0.30769
position  2:    T:0.15385    C:0.30769    A:0.53846    G:0.00000
