1
52 1
Argali 0.000000 0.144300 0.032200 0.065900 0.000100 0.000000 0.000000 0.000100 0.044700 0.000000 0.000000 0.000000 0.000000 0.032900 0.000100 0.000100 0.000000 0.031500 0.000100 0.031200 0.000100 0.000000 0.000000 0.000100 0.000000 0.030500 0.000000 0.032200 0.000100 0.032200 0.000000 0.064800 0.000200 0.000000 0.000000 0.000000 0.000000 0.031600 0.068900 0.032300 0.000000 0.031100 0.000000 0.000000 0.000000 0.031400 0.030700 0.000100 0.031500 0.000200 0.032200 0.032200
LesserMous 0.144300 0.000000 0.192700 0.063300 0.190200 0.144300 0.144300 0.141500 0.224700 0.144300 0.144300 0.144300 0.144300 0.149400 0.144300 0.141500 0.144300 0.191800 0.144800 0.185900 0.141500 0.144300 0.144300 0.148200 0.144300 0.180700 0.144300 0.192700 0.141500 0.192700 0.144300 0.238200 0.153300 0.144300 0.144300 0.144300 0.144300 0.236200 0.251000 0.194900 0.144300 0.186100 0.144300 0.144300 0.144300 0.186100 0.183600 0.144200 0.189200 0.147400 0.192700 0.192700
LesserKudu 0.032200 0.192700 0.000000 0.104800 0.032700 0.032200 0.032200 0.031600 0.000400 0.032200 0.032200 0.032200 0.032200 0.069600 0.032000 0.031600 0.032200 0.066600 0.032300 0.000100 0.031600 0.032200 0.032200 0.032900 0.032200 0.064000 0.032200 0.000000 0.031600 0.000000 0.032200 0.102400 0.034000 0.032200 0.032200 0.032200 0.032200 0.066300 0.110100 0.000100 0.032200 0.065400 0.032200 0.032200 0.032200 0.065700 0.064500 0.032200 0.066500 0.032800 0.000000 0.000000
KillerWhal 0.065900 0.063300 0.104800 0.000000 0.103100 0.065900 0.065900 0.064700 0.125300 0.065900 0.065900 0.065900 0.065900 0.067300 0.065600 0.064700 0.065900 0.103200 0.065500 0.101100 0.064700 0.065900 0.065900 0.067300 0.065900 0.098500 0.065900 0.104800 0.064700 0.104800 0.065900 0.141400 0.069200 0.065900 0.065900 0.065900 0.065900 0.140600 0.151000 0.105600 0.065900 0.100700 0.065900 0.065900 0.065900 0.101300 0.099500 0.065900 0.102700 0.067300 0.104800 0.104800
DefassaWat 0.000100 0.190200 0.032700 0.103100 0.000000 0.000100 0.000100 0.000200 0.042200 0.000100 0.000100 0.000100 0.000100 0.033400 0.000200 0.000200 0.000100 0.032100 0.000200 0.031600 0.000200 0.000100 0.000100 0.000200 0.000100 0.030800 0.000100 0.032700 0.000200 0.032700 0.000100 0.065800 0.000400 0.000100 0.000100 0.000100 0.000100 0.031100 0.070100 0.032900 0.000100 0.031500 0.000100 0.000100 0.000100 0.031700 0.031100 0.000200 0.031900 0.000400 0.032700 0.032700
Sheep 0.000000 0.144300 0.032200 0.065900 0.000100 0.000000 0.000000 0.000100 0.044700 0.000000 0.000000 0.000000 0.000000 0.032900 0.000100 0.000100 0.000000 0.031500 0.000100 0.031200 0.000100 0.000000 0.000000 0.000100 0.000000 0.030500 0.000000 0.032200 0.000100 0.032200 0.000000 0.064800 0.000200 0.000000 0.000000 0.000000 0.000000 0.031600 0.068900 0.032300 0.000000 0.031100 0.000000 0.000000 0.000000 0.031400 0.030700 0.000100 0.031500 0.000200 0.032200 0.032200
MaxwellsDu 0.000000 0.144300 0.032200 0.065900 0.000100 0.000000 0.000000 0.000100 0.044700 0.000000 0.000000 0.000000 0.000000 0.032900 0.000100 0.000100 0.000000 0.031500 0.000100 0.031200 0.000100 0.000000 0.000000 0.000100 0.000000 0.030500 0.000000 0.032200 0.000100 0.032200 0.000000 0.064800 0.000200 0.000000 0.000000 0.000000 0.000000 0.031600 0.068900 0.032700 0.000000 0.031100 0.000000 0.000000 0.000000 0.031400 0.030700 0.000100 0.031800 0.000200 0.032200 0.032200
GazellaPrz 0.000100 0.141500 0.031600 0.064700 0.000200 0.000100 0.000100 0.000000 0.041100 0.000100 0.000100 0.000100 0.000100 0.032300 0.000200 0.000000 0.000100 0.031000 0.000200 0.030600 0.000000 0.000100 0.000100 0.000200 0.000100 0.030000 0.000100 0.031600 0.000000 0.031600 0.000100 0.063700 0.000400 0.000100 0.000100 0.000100 0.000100 0.030900 0.067500 0.031900 0.000100 0.030600 0.000100 0.000100 0.000100 0.030800 0.030100 0.000200 0.030900 0.000400 0.031600 0.031600
MountainNy 0.044700 0.224700 0.000400 0.125300 0.042200 0.044700 0.044700 0.041100 0.000000 0.044700 0.044700 0.044700 0.044700 0.088200 0.041900 0.041100 0.044700 0.087500 0.042500 0.000500 0.041100 0.044700 0.044700 0.043600 0.044700 0.077800 0.044700 0.000400 0.041100 0.000400 0.044700 0.129700 0.043900 0.044700 0.044700 0.044700 0.044700 0.080300 0.137000 0.000500 0.044700 0.080000 0.044700 0.044700 0.044700 0.082900 0.037400 0.042300 0.088100 0.041300 0.000400 0.000400
MuntiacusM 0.000000 0.144300 0.032200 0.065900 0.000100 0.000000 0.000000 0.000100 0.044700 0.000000 0.000000 0.000000 0.000000 0.032900 0.000100 0.000100 0.000000 0.031500 0.000100 0.031200 0.000100 0.000000 0.000000 0.000100 0.000000 0.030500 0.000000 0.032200 0.000100 0.032200 0.000000 0.064800 0.000200 0.000000 0.000000 0.000000 0.000000 0.031600 0.068900 0.032600 0.000000 0.031100 0.000000 0.000000 0.000000 0.031400 0.030700 0.000100 0.031500 0.000200 0.032200 0.032200
goat 0.000000 0.144300 0.032200 0.065900 0.000100 0.000000 0.000000 0.000100 0.044700 0.000000 0.000000 0.000000 0.000000 0.032900 0.000100 0.000100 0.000000 0.031500 0.000100 0.031200 0.000100 0.000000 0.000000 0.000100 0.000000 0.030500 0.000000 0.032200 0.000100 0.032200 0.000000 0.064800 0.000200 0.000000 0.000000 0.000000 0.000000 0.031600 0.068900 0.032300 0.000000 0.031100 0.000000 0.000000 0.000000 0.031400 0.030700 0.000100 0.031500 0.000200 0.032200 0.032200
AfricanBuf 0.000000 0.144300 0.032200 0.065900 0.000100 0.000000 0.000000 0.000100 0.044700 0.000000 0.000000 0.000000 0.000000 0.032900 0.000100 0.000100 0.000000 0.031500 0.000100 0.031200 0.000100 0.000000 0.000000 0.000100 0.000000 0.030500 0.000000 0.032200 0.000100 0.032200 0.000000 0.064800 0.000200 0.000000 0.000000 0.000000 0.000000 0.031600 0.068900 0.032300 0.000000 0.031100 0.000000 0.000000 0.000000 0.031400 0.030700 0.000100 0.031500 0.000200 0.032200 0.032200
Topi 0.000000 0.144300 0.032200 0.065900 0.000100 0.000000 0.000000 0.000100 0.044700 0.000000 0.000000 0.000000 0.000000 0.032900 0.000100 0.000100 0.000000 0.031500 0.000100 0.031200 0.000100 0.000000 0.000000 0.000100 0.000000 0.030500 0.000000 0.032200 0.000100 0.032200 0.000000 0.064800 0.000200 0.000000 0.000000 0.000000 0.000000 0.031600 0.068900 0.032300 0.000000 0.031100 0.000000 0.000000 0.000000 0.031400 0.030700 0.000100 0.031500 0.000200 0.032200 0.032200
CommonDuik 0.032900 0.149400 0.069600 0.067300 0.033400 0.032900 0.032900 0.032300 0.088200 0.032900 0.032900 0.032900 0.032900 0.000000 0.032800 0.032300 0.032900 0.068400 0.032800 0.067200 0.032300 0.032900 0.032900 0.033600 0.032900 0.065700 0.032900 0.069600 0.032300 0.069600 0.032900 0.105800 0.034600 0.032900 0.032900 0.032900 0.032900 0.068200 0.112400 0.070100 0.032900 0.067100 0.032900 0.032900 0.032900 0.067700 0.066300 0.032900 0.068000 0.033500 0.069600 0.069600
Suni 0.000100 0.144300 0.032000 0.065600 0.000200 0.000100 0.000100 0.000200 0.041900 0.000100 0.000100 0.000100 0.000100 0.032800 0.000000 0.000200 0.000100 0.031500 0.000200 0.031000 0.000200 0.000100 0.000100 0.000200 0.000100 0.030300 0.000100 0.032000 0.000200 0.032000 0.000100 0.064800 0.000400 0.000100 0.000100 0.000100 0.000100 0.031400 0.068200 0.032200 0.000100 0.031000 0.000100 0.000100 0.000100 0.031200 0.030600 0.000200 0.031400 0.000400 0.032000 0.032000
Springbuck 0.000100 0.141500 0.031600 0.064700 0.000200 0.000100 0.000100 0.000000 0.041100 0.000100 0.000100 0.000100 0.000100 0.032300 0.000200 0.000000 0.000100 0.031000 0.000200 0.030600 0.000000 0.000100 0.000100 0.000200 0.000100 0.030000 0.000100 0.031600 0.000000 0.031600 0.000100 0.063700 0.000400 0.000100 0.000100 0.000100 0.000100 0.030900 0.067100 0.031900 0.000100 0.030600 0.000100 0.000100 0.000100 0.030800 0.030100 0.000200 0.030900 0.000400 0.031600 0.031600
Okapi 0.000000 0.144300 0.032200 0.065900 0.000100 0.000000 0.000000 0.000100 0.044700 0.000000 0.000000 0.000000 0.000000 0.032900 0.000100 0.000100 0.000000 0.031500 0.000100 0.031200 0.000100 0.000000 0.000000 0.000100 0.000000 0.030500 0.000000 0.032200 0.000100 0.032200 0.000000 0.064800 0.000200 0.000000 0.000000 0.000000 0.000000 0.031600 0.068900 0.032300 0.000000 0.031100 0.000000 0.000000 0.000000 0.031400 0.030700 0.000100 0.031500 0.000200 0.032200 0.032200
Giraffe 0.031500 0.191800 0.066600 0.103200 0.032100 0.031500 0.031500 0.031000 0.087500 0.031500 0.031500 0.031500 0.031500 0.068400 0.031500 0.031000 0.031500 0.000000 0.031700 0.064500 0.031000 0.031500 0.031500 0.032300 0.031500 0.063200 0.031500 0.066600 0.031000 0.066600 0.031500 0.101200 0.033400 0.031500 0.031500 0.031500 0.032100 0.065500 0.106900 0.066900 0.031500 0.064700 0.031500 0.031500 0.031500 0.065000 0.063700 0.031600 0.065200 0.032200 0.066600 0.066600
TibetanAnt 0.000100 0.144800 0.032300 0.065500 0.000200 0.000100 0.000100 0.000200 0.042500 0.000100 0.000100 0.000100 0.000100 0.032800 0.000200 0.000200 0.000100 0.031700 0.000000 0.031200 0.000200 0.000100 0.000100 0.000200 0.000100 0.030500 0.000100 0.032300 0.000200 0.032300 0.000100 0.065100 0.000200 0.000100 0.000100 0.000100 0.000100 0.031600 0.069000 0.032500 0.000100 0.031100 0.000100 0.000100 0.000100 0.031400 0.030800 0.000200 0.031600 0.000400 0.032300 0.032300
Sitatunga 0.031200 0.185900 0.000100 0.101100 0.031600 0.031200 0.031200 0.030600 0.000500 0.031200 0.031200 0.031200 0.031200 0.067200 0.031000 0.030600 0.031200 0.064500 0.031200 0.000000 0.030600 0.031200 0.031200 0.031700 0.031200 0.061900 0.031200 0.000100 0.030600 0.000100 0.031200 0.099000 0.032900 0.031200 0.031200 0.031200 0.031200 0.064100 0.105800 0.000200 0.031200 0.063200 0.031200 0.031200 0.031200 0.063600 0.062400 0.031100 0.064200 0.031700 0.000100 0.000100
Oribi 0.000100 0.141500 0.031600 0.064700 0.000200 0.000100 0.000100 0.000000 0.041100 0.000100 0.000100 0.000100 0.000100 0.032300 0.000200 0.000000 0.000100 0.031000 0.000200 0.030600 0.000000 0.000100 0.000100 0.000200 0.000100 0.030000 0.000100 0.031600 0.000000 0.031600 0.000100 0.063700 0.000400 0.000100 0.000100 0.000100 0.000100 0.030900 0.067500 0.031900 0.000100 0.030600 0.000100 0.000100 0.000100 0.030800 0.030100 0.000200 0.030900 0.000400 0.031600 0.031600
BarbaryShe 0.000000 0.144300 0.032200 0.065900 0.000100 0.000000 0.000000 0.000100 0.044700 0.000000 0.000000 0.000000 0.000000 0.032900 0.000100 0.000100 0.000000 0.031500 0.000100 0.031200 0.000100 0.000000 0.000000 0.000100 0.000000 0.030500 0.000000 0.032200 0.000100 0.032200 0.000000 0.064800 0.000200 0.000000 0.000000 0.000000 0.000000 0.031600 0.068900 0.032300 0.000000 0.031100 0.000000 0.000000 0.000000 0.031400 0.030700 0.000100 0.031500 0.000200 0.032200 0.032200
Daviddeer 0.000000 0.144300 0.032200 0.065900 0.000100 0.000000 0.000000 0.000100 0.044700 0.000000 0.000000 0.000000 0.000000 0.032900 0.000100 0.000100 0.000000 0.031500 0.000100 0.031200 0.000100 0.000000 0.000000 0.000100 0.000000 0.030500 0.000000 0.032200 0.000100 0.032200 0.000000 0.064800 0.000200 0.000000 0.000000 0.000000 0.000000 0.031600 0.068900 0.032300 0.000000 0.031100 0.000000 0.000000 0.000000 0.031400 0.030700 0.000100 0.031500 0.000200 0.032200 0.032200
Reindeer 0.000100 0.148200 0.032900 0.067300 0.000200 0.000100 0.000100 0.000200 0.043600 0.000100 0.000100 0.000100 0.000100 0.033600 0.000200 0.000200 0.000100 0.032300 0.000200 0.031700 0.000200 0.000100 0.000100 0.000000 0.000100 0.031000 0.000100 0.032900 0.000200 0.032900 0.000100 0.066500 0.000400 0.000100 0.000100 0.000100 0.000100 0.032200 0.070400 0.033100 0.000100 0.031700 0.000100 0.000100 0.000100 0.032000 0.031300 0.000200 0.032200 0.000400 0.032900 0.032900
Ibex 0.000000 0.144300 0.032200 0.065900 0.000100 0.000000 0.000000 0.000100 0.044700 0.000000 0.000000 0.000000 0.000000 0.032900 0.000100 0.000100 0.000000 0.031500 0.000100 0.031200 0.000100 0.000000 0.000000 0.000100 0.000000 0.030500 0.000000 0.032200 0.000100 0.032200 0.000000 0.065600 0.000200 0.000000 0.000000 0.000000 0.000000 0.031600 0.068900 0.032300 0.000000 0.031100 0.000000 0.000000 0.000000 0.031400 0.030700 0.000100 0.031500 0.000200 0.032200 0.032200
GyrantGaze 0.030500 0.180700 0.064000 0.098500 0.030800 0.030500 0.030500 0.030000 0.077800 0.030500 0.030500 0.030500 0.030500 0.065700 0.030300 0.030000 0.030500 0.063200 0.030500 0.061900 0.030000 0.030500 0.030500 0.031000 0.030500 0.000000 0.030500 0.064000 0.030000 0.064000 0.030500 0.029900 0.032000 0.030500 0.030500 0.030500 0.030500 0.062900 0.102300 0.064500 0.030500 0.000200 0.030500 0.030500 0.030500 0.062700 0.061500 0.030300 0.062800 0.030600 0.064000 0.064000
Hartebeest 0.000000 0.144300 0.032200 0.065900 0.000100 0.000000 0.000000 0.000100 0.044700 0.000000 0.000000 0.000000 0.000000 0.032900 0.000100 0.000100 0.000000 0.031500 0.000100 0.031200 0.000100 0.000000 0.000000 0.000100 0.000000 0.030500 0.000000 0.032200 0.000100 0.032200 0.000000 0.064800 0.000200 0.000000 0.000000 0.000000 0.000000 0.031600 0.068900 0.032600 0.000000 0.031100 0.000000 0.000000 0.000000 0.031400 0.030700 0.000100 0.031500 0.000200 0.032200 0.032200
Bongo 0.032200 0.192700 0.000000 0.104800 0.032700 0.032200 0.032200 0.031600 0.000400 0.032200 0.032200 0.032200 0.032200 0.069600 0.032000 0.031600 0.032200 0.066600 0.032300 0.000100 0.031600 0.032200 0.032200 0.032900 0.032200 0.064000 0.032200 0.000000 0.031600 0.000000 0.032200 0.102400 0.034000 0.032200 0.032200 0.032200 0.032200 0.066300 0.110100 0.000100 0.032200 0.065400 0.032200 0.032200 0.032200 0.065700 0.064500 0.032200 0.066500 0.032800 0.000000 0.000000
Gerenuk 0.000100 0.141500 0.031600 0.064700 0.000200 0.000100 0.000100 0.000000 0.041100 0.000100 0.000100 0.000100 0.000100 0.032300 0.000200 0.000000 0.000100 0.031000 0.000200 0.030600 0.000000 0.000100 0.000100 0.000200 0.000100 0.030000 0.000100 0.031600 0.000000 0.031600 0.000100 0.063700 0.000400 0.000100 0.000100 0.000100 0.000100 0.030900 0.067500 0.031900 0.000100 0.030600 0.000100 0.000100 0.000100 0.030800 0.030100 0.000200 0.030900 0.000400 0.031600 0.031600
CommonElan 0.032200 0.192700 0.000000 0.104800 0.032700 0.032200 0.032200 0.031600 0.000400 0.032200 0.032200 0.032200 0.032200 0.069600 0.032000 0.031600 0.032200 0.066600 0.032300 0.000100 0.031600 0.032200 0.032200 0.032900 0.032200 0.064000 0.032200 0.000000 0.031600 0.000000 0.032200 0.102400 0.034000 0.032200 0.032200 0.032200 0.032200 0.066300 0.110100 0.000100 0.032200 0.065400 0.032200 0.032200 0.032200 0.065700 0.064500 0.032200 0.066500 0.032800 0.000000 0.000000
MuntiacusR 0.000000 0.144300 0.032200 0.065900 0.000100 0.000000 0.000000 0.000100 0.044700 0.000000 0.000000 0.000000 0.000000 0.032900 0.000100 0.000100 0.000000 0.031500 0.000100 0.031200 0.000100 0.000000 0.000000 0.000100 0.000000 0.030500 0.000000 0.032200 0.000100 0.032200 0.000000 0.064800 0.000200 0.000000 0.000000 0.000000 0.000000 0.031600 0.068900 0.032300 0.000000 0.031100 0.000000 0.000000 0.000000 0.031400 0.030700 0.000100 0.031500 0.000200 0.032200 0.032200
HarveysDui 0.064800 0.238200 0.102400 0.141400 0.065800 0.064800 0.064800 0.063700 0.129700 0.064800 0.064800 0.064800 0.064800 0.105800 0.064800 0.063700 0.064800 0.101200 0.065100 0.099000 0.063700 0.064800 0.064800 0.066500 0.065600 0.029900 0.064800 0.102400 0.063700 0.102400 0.064800 0.000000 0.068500 0.064800 0.064800 0.064800 0.064800 0.100900 0.145800 0.103000 0.064800 0.030600 0.064800 0.064800 0.064800 0.100100 0.098300 0.064900 0.100500 0.066000 0.102400 0.102400
Pronghorn 0.000200 0.153300 0.034000 0.069200 0.000400 0.000200 0.000200 0.000400 0.043900 0.000200 0.000200 0.000200 0.000200 0.034600 0.000400 0.000400 0.000200 0.033400 0.000200 0.032900 0.000400 0.000200 0.000200 0.000400 0.000200 0.032000 0.000200 0.034000 0.000400 0.034000 0.000200 0.068500 0.000000 0.000200 0.000200 0.000200 0.000200 0.033100 0.072000 0.034300 0.000200 0.032700 0.000200 0.000200 0.000200 0.033000 0.032300 0.000400 0.033100 0.000500 0.034000 0.034000
BlueWildeb 0.000000 0.144300 0.032200 0.065900 0.000100 0.000000 0.000000 0.000100 0.044700 0.000000 0.000000 0.000000 0.000000 0.032900 0.000100 0.000100 0.000000 0.031500 0.000100 0.031200 0.000100 0.000000 0.000000 0.000100 0.000000 0.030500 0.000000 0.032200 0.000100 0.032200 0.000000 0.064800 0.000200 0.000000 0.000000 0.000000 0.000000 0.031600 0.068900 0.032300 0.000000 0.031100 0.000000 0.000000 0.000000 0.031400 0.030700 0.000100 0.031500 0.000200 0.032200 0.032200
Gemsbok 0.000000 0.144300 0.032200 0.065900 0.000100 0.000000 0.000000 0.000100 0.044700 0.000000 0.000000 0.000000 0.000000 0.032900 0.000100 0.000100 0.000000 0.031500 0.000100 0.031200 0.000100 0.000000 0.000000 0.000100 0.000000 0.030500 0.000000 0.032200 0.000100 0.032200 0.000000 0.064800 0.000200 0.000000 0.000000 0.000000 0.000000 0.031600 0.068900 0.032300 0.000000 0.031100 0.000000 0.000000 0.000000 0.031400 0.030700 0.000100 0.031500 0.000200 0.032200 0.032200
Yak 0.000000 0.144300 0.032200 0.065900 0.000100 0.000000 0.000000 0.000100 0.044700 0.000000 0.000000 0.000000 0.000000 0.032900 0.000100 0.000100 0.000000 0.031500 0.000100 0.031200 0.000100 0.000000 0.000000 0.000100 0.000000 0.030500 0.000000 0.032200 0.000100 0.032200 0.000000 0.064800 0.000200 0.000000 0.000000 0.000000 0.000000 0.031600 0.068900 0.032300 0.000000 0.031100 0.000000 0.000000 0.000000 0.031400 0.030700 0.000100 0.031500 0.000200 0.032200 0.032200
BlueSheep 0.000000 0.144300 0.032200 0.065900 0.000100 0.000000 0.000000 0.000100 0.044700 0.000000 0.000000 0.000000 0.000000 0.032900 0.000100 0.000100 0.000000 0.032100 0.000100 0.031200 0.000100 0.000000 0.000000 0.000100 0.000000 0.030500 0.000000 0.032200 0.000100 0.032200 0.000000 0.064800 0.000200 0.000000 0.000000 0.000000 0.000000 0.031600 0.068900 0.032700 0.000000 0.031100 0.000000 0.000000 0.000000 0.031400 0.030700 0.000100 0.031500 0.000200 0.032200 0.032200
BohorReedb 0.031600 0.236200 0.066300 0.140600 0.031100 0.031600 0.031600 0.030900 0.080300 0.031600 0.031600 0.031600 0.031600 0.068200 0.031400 0.030900 0.031600 0.065500 0.031600 0.064100 0.030900 0.031600 0.031600 0.032200 0.031600 0.062900 0.031600 0.066300 0.030900 0.066300 0.031600 0.100900 0.033100 0.031600 0.031600 0.031600 0.031600 0.000000 0.106200 0.066900 0.031600 0.064300 0.031600 0.031600 0.031600 0.064700 0.063500 0.031500 0.065000 0.032000 0.066300 0.066300
KirksDik 0.068900 0.251000 0.110100 0.151000 0.070100 0.068900 0.068900 0.067500 0.137000 0.068900 0.068900 0.068900 0.068900 0.112400 0.068200 0.067100 0.068900 0.106900 0.069000 0.105800 0.067500 0.068900 0.068900 0.070400 0.068900 0.102300 0.068900 0.110100 0.067500 0.110100 0.068900 0.145800 0.072000 0.068900 0.068900 0.068900 0.068900 0.106200 0.000000 0.111000 0.068900 0.104800 0.068900 0.068900 0.068900 0.104800 0.103100 0.068800 0.107000 0.070400 0.110100 0.110100
RoeDeer 0.032300 0.194900 0.000100 0.105600 0.032900 0.032300 0.032700 0.031900 0.000500 0.032600 0.032300 0.032300 0.032300 0.070100 0.032200 0.031900 0.032300 0.066900 0.032500 0.000200 0.031900 0.032300 0.032300 0.033100 0.032300 0.064500 0.032600 0.000100 0.031900 0.000100 0.032300 0.103000 0.034300 0.032300 0.032300 0.032300 0.032700 0.066900 0.111000 0.000000 0.032300 0.065900 0.032300 0.032300 0.032300 0.066300 0.065000 0.032400 0.066800 0.033000 0.000100 0.000100
WhiteLippe 0.000000 0.144300 0.032200 0.065900 0.000100 0.000000 0.000000 0.000100 0.044700 0.000000 0.000000 0.000000 0.000000 0.032900 0.000100 0.000100 0.000000 0.031500 0.000100 0.031200 0.000100 0.000000 0.000000 0.000100 0.000000 0.030500 0.000000 0.032200 0.000100 0.032200 0.000000 0.064800 0.000200 0.000000 0.000000 0.000000 0.000000 0.031600 0.068900 0.032300 0.000000 0.031100 0.000000 0.000000 0.000000 0.031400 0.030700 0.000100 0.031500 0.000200 0.032200 0.032200
ThomsonGaz 0.031100 0.186100 0.065400 0.100700 0.031500 0.031100 0.031100 0.030600 0.080000 0.031100 0.031100 0.031100 0.031100 0.067100 0.031000 0.030600 0.031100 0.064700 0.031100 0.063200 0.030600 0.031100 0.031100 0.031700 0.031100 0.000200 0.031100 0.065400 0.030600 0.065400 0.031100 0.030600 0.032700 0.031100 0.031100 0.031100 0.031100 0.064300 0.104800 0.065900 0.031100 0.000000 0.031100 0.031100 0.031100 0.064100 0.062800 0.031000 0.064200 0.031400 0.065400 0.065400
MuntiacusC 0.000000 0.144300 0.032200 0.065900 0.000100 0.000000 0.000000 0.000100 0.044700 0.000000 0.000000 0.000000 0.000000 0.032900 0.000100 0.000100 0.000000 0.031500 0.000100 0.031200 0.000100 0.000000 0.000000 0.000100 0.000000 0.030500 0.000000 0.032200 0.000100 0.032200 0.000000 0.064800 0.000200 0.000000 0.000000 0.000000 0.000000 0.031600 0.068900 0.032300 0.000000 0.031100 0.000000 0.000000 0.000000 0.031400 0.030700 0.000100 0.031500 0.000200 0.032200 0.032200
WhiteTaile 0.000000 0.144300 0.032200 0.065900 0.000100 0.000000 0.000000 0.000100 0.044700 0.000000 0.000000 0.000000 0.000000 0.032900 0.000100 0.000100 0.000000 0.031500 0.000100 0.031200 0.000100 0.000000 0.000000 0.000100 0.000000 0.030500 0.000000 0.032200 0.000100 0.032200 0.000000 0.064800 0.000200 0.000000 0.000000 0.000000 0.000000 0.031600 0.068900 0.032300 0.000000 0.031100 0.000000 0.000000 0.000000 0.031400 0.030700 0.000100 0.031800 0.000200 0.032200 0.032200
Cattle 0.000000 0.144300 0.032200 0.065900 0.000100 0.000000 0.000000 0.000100 0.044700 0.000000 0.000000 0.000000 0.000000 0.032900 0.000100 0.000100 0.000000 0.031500 0.000100 0.031200 0.000100 0.000000 0.000000 0.000100 0.000000 0.030500 0.000000 0.032200 0.000100 0.032200 0.000000 0.064800 0.000200 0.000000 0.000000 0.000000 0.000000 0.031600 0.068900 0.032300 0.000000 0.031100 0.000000 0.000000 0.000000 0.031400 0.030700 0.000100 0.031500 0.000200 0.032200 0.032200
RoyalAntel 0.031400 0.186100 0.065700 0.101300 0.031700 0.031400 0.031400 0.030800 0.082900 0.031400 0.031400 0.031400 0.031400 0.067700 0.031200 0.030800 0.031400 0.065000 0.031400 0.063600 0.030800 0.031400 0.031400 0.032000 0.031400 0.062700 0.031400 0.065700 0.030800 0.065700 0.031400 0.100100 0.033000 0.031400 0.031400 0.031400 0.031400 0.064700 0.104800 0.066300 0.031400 0.064100 0.031400 0.031400 0.031400 0.000000 0.063000 0.031400 0.064600 0.031800 0.065700 0.065700
Steenbok 0.030700 0.183600 0.064500 0.099500 0.031100 0.030700 0.030700 0.030100 0.037400 0.030700 0.030700 0.030700 0.030700 0.066300 0.030600 0.030100 0.030700 0.063700 0.030800 0.062400 0.030100 0.030700 0.030700 0.031300 0.030700 0.061500 0.030700 0.064500 0.030100 0.064500 0.030700 0.098300 0.032300 0.030700 0.030700 0.030700 0.030700 0.063500 0.103100 0.065000 0.030700 0.062800 0.030700 0.030700 0.030700 0.063000 0.000000 0.030700 0.063400 0.031100 0.064500 0.064500
Impala 0.000100 0.144200 0.032200 0.065900 0.000200 0.000100 0.000100 0.000200 0.042300 0.000100 0.000100 0.000100 0.000100 0.032900 0.000200 0.000200 0.000100 0.031600 0.000200 0.031100 0.000200 0.000100 0.000100 0.000200 0.000100 0.030300 0.000100 0.032200 0.000200 0.032200 0.000100 0.064900 0.000400 0.000100 0.000100 0.000100 0.000100 0.031500 0.068800 0.032400 0.000100 0.031000 0.000100 0.000100 0.000100 0.031400 0.030700 0.000000 0.031500 0.000400 0.032200 0.032200
Klipspring 0.031500 0.189200 0.066500 0.102700 0.031900 0.031500 0.031800 0.030900 0.088100 0.031500 0.031500 0.031500 0.031500 0.068000 0.031400 0.030900 0.031500 0.065200 0.031600 0.064200 0.030900 0.031500 0.031500 0.032200 0.031500 0.062800 0.031500 0.066500 0.030900 0.066500 0.031500 0.100500 0.033100 0.031500 0.031500 0.031500 0.031500 0.065000 0.107000 0.066800 0.031500 0.064200 0.031500 0.031800 0.031500 0.064600 0.063400 0.031500 0.000000 0.031900 0.066500 0.066500
ForestMusk 0.000200 0.147400 0.032800 0.067300 0.000400 0.000200 0.000200 0.000400 0.041300 0.000200 0.000200 0.000200 0.000200 0.033500 0.000400 0.000400 0.000200 0.032200 0.000400 0.031700 0.000400 0.000200 0.000200 0.000400 0.000200 0.030600 0.000200 0.032800 0.000400 0.032800 0.000200 0.066000 0.000500 0.000200 0.000200 0.000200 0.000200 0.032000 0.070400 0.033000 0.000200 0.031400 0.000200 0.000200 0.000200 0.031800 0.031100 0.000400 0.031900 0.000000 0.032800 0.032800
Bushbuck 0.032200 0.192700 0.000000 0.104800 0.032700 0.032200 0.032200 0.031600 0.000400 0.032200 0.032200 0.032200 0.032200 0.069600 0.032000 0.031600 0.032200 0.066600 0.032300 0.000100 0.031600 0.032200 0.032200 0.032900 0.032200 0.064000 0.032200 0.000000 0.031600 0.000000 0.032200 0.102400 0.034000 0.032200 0.032200 0.032200 0.032200 0.066300 0.110100 0.000100 0.032200 0.065400 0.032200 0.032200 0.032200 0.065700 0.064500 0.032200 0.066500 0.032800 0.000000 0.000000
GreaterKud 0.032200 0.192700 0.000000 0.104800 0.032700 0.032200 0.032200 0.031600 0.000400 0.032200 0.032200 0.032200 0.032200 0.069600 0.032000 0.031600 0.032200 0.066600 0.032300 0.000100 0.031600 0.032200 0.032200 0.032900 0.032200 0.064000 0.032200 0.000000 0.031600 0.000000 0.032200 0.102400 0.034000 0.032200 0.032200 0.032200 0.032200 0.066300 0.110100 0.000100 0.032200 0.065400 0.032200 0.032200 0.032200 0.065700 0.064500 0.032200 0.066500 0.032800 0.000000 0.000000
