CODONML (in paml version 4.10.7, June 2023)  /home/rachel/ruminants_paml/6406-phy-tree/ENSBTAT00000006754.fasta.phy
Model: free dN/dS Ratios for branches,  kappa = 2.000 fixed

Codon frequency model: F3x4
ns =  54  ls = 159

Codon usage in sequences
--------------------------------------------------------------------------------------------------------------------------------------
Phe TTT   1   1   1   1   1   1 | Ser TCT   1   1   1   1   1   1 | Tyr TAT   2   1   2   2   2   2 | Cys TGT   3   3   3   3   3   2
    TTC   3   3   3   3   3   3 |     TCC   4   3   3   3   3   2 |     TAC   2   3   2   2   2   2 |     TGC   1   1   1   1   1   2
Leu TTA   1   1   1   1   1   1 |     TCA   1   3   2   3   2   2 | *** TAA   0   0   0   0   0   0 | *** TGA   0   0   0   0   0   0
    TTG   4   2   4   4   4   4 |     TCG   1   0   1   0   1   2 |     TAG   0   0   0   0   0   0 | Trp TGG   0   0   0   0   0   0
--------------------------------------------------------------------------------------------------------------------------------------
Leu CTT   2   2   2   2   2   2 | Pro CCT   6   6   7   6   6   6 | His CAT   3   3   3   3   4   3 | Arg CGT   1   1   1   1   1   1
    CTC   2   1   2   2   2   2 |     CCC   1   1   0   1   1   2 |     CAC   2   2   2   2   1   2 |     CGC   0   0   0   0   0   0
    CTA   1   0   1   1   1   1 |     CCA   4   5   4   4   5   4 | Gln CAA   2   1   0   0   1   0 |     CGA   1   1   1   1   1   1
    CTG   5   8   5   5   4   4 |     CCG   0   0   0   0   0   0 |     CAG   8   9  10  10   9  10 |     CGG   0   0   0   0   0   0
--------------------------------------------------------------------------------------------------------------------------------------
Ile ATT   1   2   1   1   1   1 | Thr ACT   2   4   3   3   2   3 | Asn AAT   4   4   4   4   5   4 | Ser AGT   1   2   1   1   1   2
    ATC   6   5   6   6   6   6 |     ACC   4   2   3   3   3   3 |     AAC   2   2   2   2   1   2 |     AGC   2   1   2   2   2   1
    ATA   2   2   2   2   2   2 |     ACA   1   2   1   1   2   2 | Lys AAA   7   6   7   7   8   7 | Arg AGA   3   3   3   3   2   3
Met ATG   6   6   6   6   6   6 |     ACG   1   0   1   1   1   0 |     AAG   4   5   4   4   3   4 |     AGG   0   0   0   0   1   0
--------------------------------------------------------------------------------------------------------------------------------------
Val GTT   4   4   4   4   5   3 | Ala GCT   5   4   5   5   5   5 | Asp GAT   6   6   6   5   4   6 | Gly GGT   1   1   0   1   2   1
    GTC   6   6   6   6   6   7 |     GCC   6   6   6   6   5   5 |     GAC   0   0   0   1   2   0 |     GGC   4   4   5   4   4   4
    GTA   0   0   0   0   0   0 |     GCA   1   2   1   1   2   2 | Glu GAA   5   5   6   5   5   5 |     GGA   4   3   4   3   2   3
    GTG   3   3   3   3   2   3 |     GCG   0   0   0   0   0   0 |     GAG   6   6   5   6   6   6 |     GGG   0   1   0   1   1   1
--------------------------------------------------------------------------------------------------------------------------------------

--------------------------------------------------------------------------------------------------------------------------------------
Phe TTT   1   1   1   1   1   1 | Ser TCT   1   1   1   1   1   1 | Tyr TAT   2   2   2   2   2   2 | Cys TGT   3   3   3   3   3   3
    TTC   3   3   3   3   3   3 |     TCC   4   4   4   4   3   3 |     TAC   2   2   2   2   2   2 |     TGC   1   1   1   1   1   1
Leu TTA   1   1   1   1   1   1 |     TCA   1   1   1   1   2   2 | *** TAA   0   0   0   0   0   0 | *** TGA   0   0   0   0   0   0
    TTG   4   4   4   4   4   4 |     TCG   1   1   1   1   1   1 |     TAG   0   0   0   0   0   0 | Trp TGG   0   0   0   0   0   0
--------------------------------------------------------------------------------------------------------------------------------------
Leu CTT   2   2   2   2   2   2 | Pro CCT   6   6   6   6   7   6 | His CAT   3   3   3   3   3   3 | Arg CGT   1   1   1   1   1   1
    CTC   2   2   2   2   2   2 |     CCC   0   1   0   0   0   1 |     CAC   2   2   2   2   2   2 |     CGC   0   0   0   0   0   0
    CTA   1   1   1   1   1   1 |     CCA   5   4   4   4   4   4 | Gln CAA   2   2   2   1   0   1 |     CGA   1   1   1   1   1   1
    CTG   5   5   5   5   5   5 |     CCG   0   0   1   1   0   0 |     CAG   8   8   8   9  10   9 |     CGG   0   0   0   0   0   0
--------------------------------------------------------------------------------------------------------------------------------------
Ile ATT   1   1   1   1   1   1 | Thr ACT   3   2   3   3   3   3 | Asn AAT   4   4   4   4   4   2 | Ser AGT   1   1   1   1   1   1
    ATC   6   6   6   6   6   6 |     ACC   3   4   3   3   2   3 |     AAC   2   2   2   2   2   4 |     AGC   2   2   2   2   2   2
    ATA   2   2   2   2   2   2 |     ACA   1   1   1   1   2   0 | Lys AAA   7   7   7   7   7   7 | Arg AGA   3   3   3   3   3   3
Met ATG   6   6   6   6   6   6 |     ACG   1   1   1   1   1   2 |     AAG   4   4   4   4   4   4 |     AGG   0   0   0   0   0   0
--------------------------------------------------------------------------------------------------------------------------------------
Val GTT   4   4   4   4   3   6 | Ala GCT   5   5   5   5   5   5 | Asp GAT   6   6   6   5   5   5 | Gly GGT   1   1   1   2   0   1
    GTC   6   6   6   6   7   5 |     GCC   6   6   6   6   6   6 |     GAC   0   0   0   1   1   1 |     GGC   4   4   4   3   5   4
    GTA   0   0   0   0   0   0 |     GCA   1   1   1   1   1   1 | Glu GAA   4   5   5   5   6   5 |     GGA   4   4   4   4   4   3
    GTG   3   3   3   3   3   2 |     GCG   0   0   0   0   0   0 |     GAG   7   6   6   6   5   6 |     GGG   0   0   0   0   0   1
--------------------------------------------------------------------------------------------------------------------------------------

--------------------------------------------------------------------------------------------------------------------------------------
Phe TTT   1   1   1   1   1   1 | Ser TCT   1   1   2   1   1   1 | Tyr TAT   2   2   3   2   2   2 | Cys TGT   3   3   3   3   3   3
    TTC   3   3   3   3   3   3 |     TCC   4   3   3   4   4   4 |     TAC   2   2   1   2   2   2 |     TGC   1   1   1   1   1   1
Leu TTA   1   1   1   1   2   1 |     TCA   1   2   1   1   2   1 | *** TAA   0   0   0   0   0   0 | *** TGA   0   0   0   0   0   0
    TTG   4   4   4   4   3   4 |     TCG   1   1   1   1   0   1 |     TAG   0   0   0   0   0   0 | Trp TGG   0   0   0   0   0   0
--------------------------------------------------------------------------------------------------------------------------------------
Leu CTT   2   2   3   2   2   2 | Pro CCT   7   7   6   6   6   6 | His CAT   4   3   3   3   3   3 | Arg CGT   1   1   1   1   1   1
    CTC   2   2   1   2   2   2 |     CCC   0   0   1   0   0   0 |     CAC   1   2   2   2   2   2 |     CGC   0   0   0   0   0   0
    CTA   1   1   1   1   1   1 |     CCA   4   4   4   5   4   3 | Gln CAA   1   0   2   2   2   1 |     CGA   1   1   1   1   1   1
    CTG   5   5   5   5   5   5 |     CCG   0   0   0   0   1   2 |     CAG   9  10   8   8   8   9 |     CGG   0   0   0   0   0   0
--------------------------------------------------------------------------------------------------------------------------------------
Ile ATT   1   1   1   1   1   1 | Thr ACT   2   3   3   3   3   4 | Asn AAT   4   4   4   4   4   4 | Ser AGT   1   1   1   1   1   1
    ATC   6   6   6   6   6   6 |     ACC   4   3   3   3   3   2 |     AAC   2   2   2   2   2   2 |     AGC   2   2   2   2   2   2
    ATA   2   2   2   2   2   2 |     ACA   1   1   2   1   1   1 | Lys AAA   7   7   7   7   7   7 | Arg AGA   3   3   3   3   3   3
Met ATG   6   6   6   6   6   6 |     ACG   1   1   0   1   1   1 |     AAG   4   4   4   4   4   4 |     AGG   0   0   0   0   0   0
--------------------------------------------------------------------------------------------------------------------------------------
Val GTT   5   4   4   4   4   4 | Ala GCT   5   5   5   5   5   6 | Asp GAT   5   5   5   5   5   5 | Gly GGT   1   1   1   1   2   0
    GTC   5   6   6   6   6   6 |     GCC   6   6   6   6   6   5 |     GAC   1   1   1   1   1   1 |     GGC   4   4   4   4   3   5
    GTA   0   0   0   0   1   0 |     GCA   1   1   1   1   1   1 | Glu GAA   5   6   5   5   5   5 |     GGA   4   4   4   4   4   4
    GTG   3   3   3   3   2   3 |     GCG   0   0   0   0   0   0 |     GAG   6   5   6   6   6   6 |     GGG   0   0   0   0   0   0
--------------------------------------------------------------------------------------------------------------------------------------

--------------------------------------------------------------------------------------------------------------------------------------
Phe TTT   1   1   1   1   1   1 | Ser TCT   1   1   1   1   1   1 | Tyr TAT   2   2   1   2   2   2 | Cys TGT   3   3   3   3   3   3
    TTC   3   3   3   3   3   3 |     TCC   3   3   4   3   4   4 |     TAC   2   2   3   2   2   2 |     TGC   1   1   1   1   1   1
Leu TTA   1   1   1   1   1   1 |     TCA   3   3   1   2   1   1 | *** TAA   0   0   0   0   0   0 | *** TGA   0   0   0   0   0   0
    TTG   5   5   4   4   4   4 |     TCG   0   0   1   1   1   1 |     TAG   0   0   0   0   0   0 | Trp TGG   0   0   0   0   0   0
--------------------------------------------------------------------------------------------------------------------------------------
Leu CTT   3   3   2   2   2   2 | Pro CCT   6   6   6   7   6   6 | His CAT   2   3   3   3   3   3 | Arg CGT   1   1   1   1   1   1
    CTC   2   2   2   2   2   2 |     CCC   1   1   1   0   0   1 |     CAC   3   2   2   2   2   2 |     CGC   0   0   0   0   0   0
    CTA   1   1   1   1   1   1 |     CCA   4   4   4   4   5   4 | Gln CAA   0   0   2   0   1   2 |     CGA   1   1   1   1   1   1
    CTG   3   3   5   5   5   5 |     CCG   0   0   0   0   0   0 |     CAG  10  10   8  10   9   8 |     CGG   0   0   0   0   0   0
--------------------------------------------------------------------------------------------------------------------------------------
Ile ATT   1   1   1   1   1   1 | Thr ACT   3   3   3   3   3   2 | Asn AAT   4   4   3   4   4   4 | Ser AGT   1   1   1   1   1   2
    ATC   6   6   7   6   6   6 |     ACC   3   3   2   3   3   4 |     AAC   2   2   3   2   2   2 |     AGC   2   2   2   2   2   1
    ATA   2   2   2   2   2   2 |     ACA   1   1   1   1   1   1 | Lys AAA   7   7   7   7   7   7 | Arg AGA   3   3   3   3   3   3
Met ATG   6   6   6   6   6   6 |     ACG   1   1   1   1   1   1 |     AAG   4   4   4   4   4   4 |     AGG   0   0   0   0   0   0
--------------------------------------------------------------------------------------------------------------------------------------
Val GTT   4   4   4   3   4   4 | Ala GCT   5   5   5   5   5   6 | Asp GAT   6   5   5   5   5   5 | Gly GGT   1   1   1   0   1   2
    GTC   6   6   6   7   6   6 |     GCC   6   6   6   6   6   5 |     GAC   0   1   1   1   1   1 |     GGC   4   4   4   5   4   3
    GTA   0   0   0   0   0   0 |     GCA   1   1   1   1   1   1 | Glu GAA   5   5   5   6   5   5 |     GGA   3   3   4   4   3   4
    GTG   3   3   3   3   3   3 |     GCG   0   0   0   0   0   0 |     GAG   6   6   6   5   6   6 |     GGG   1   1   0   0   1   0
--------------------------------------------------------------------------------------------------------------------------------------

--------------------------------------------------------------------------------------------------------------------------------------
Phe TTT   1   1   1   1   1   1 | Ser TCT   1   1   1   1   2   1 | Tyr TAT   2   2   2   2   3   2 | Cys TGT   3   3   3   3   3   3
    TTC   3   3   3   3   3   3 |     TCC   3   3   4   4   3   3 |     TAC   2   2   2   2   1   2 |     TGC   1   1   1   1   1   1
Leu TTA   1   1   1   1   1   1 |     TCA   2   3   1   1   1   1 | *** TAA   0   0   0   0   0   0 | *** TGA   0   0   0   0   0   0
    TTG   3   4   4   3   4   3 |     TCG   1   0   1   1   1   2 |     TAG   0   0   0   0   0   0 | Trp TGG   0   0   0   0   0   0
--------------------------------------------------------------------------------------------------------------------------------------
Leu CTT   2   2   2   2   2   2 | Pro CCT   6   6   7   6   6   7 | His CAT   3   4   4   3   3   3 | Arg CGT   1   1   1   1   0   1
    CTC   2   2   2   2   2   2 |     CCC   1   1   0   0   1   0 |     CAC   2   1   1   2   2   2 |     CGC   0   0   0   0   1   0
    CTA   1   1   1   1   1   1 |     CCA   4   4   4   4   4   4 | Gln CAA   1   1   1   1   2   0 |     CGA   1   1   1   1   1   1
    CTG   6   5   5   6   5   6 |     CCG   0   0   0   1   0   0 |     CAG   9   9   9   9   8  10 |     CGG   0   0   0   0   0   0
--------------------------------------------------------------------------------------------------------------------------------------
Ile ATT   2   1   1   1   1   1 | Thr ACT   3   3   2   4   3   3 | Asn AAT   2   3   4   5   4   3 | Ser AGT   1   1   1   1   1   1
    ATC   6   6   6   6   6   6 |     ACC   3   3   4   2   3   2 |     AAC   4   3   2   1   2   3 |     AGC   2   2   2   2   2   2
    ATA   1   2   2   2   2   2 |     ACA   1   1   1   1   2   2 | Lys AAA   7   7   7   7   7   7 | Arg AGA   3   3   3   3   3   3
Met ATG   6   6   6   6   6   6 |     ACG   1   1   1   1   0   1 |     AAG   4   4   4   4   4   4 |     AGG   0   0   0   0   0   0
--------------------------------------------------------------------------------------------------------------------------------------
Val GTT   5   4   4   4   4   3 | Ala GCT   4   5   5   6   5   5 | Asp GAT   5   5   5   5   5   5 | Gly GGT   1   1   1   0   1   0
    GTC   6   7   6   6   6   7 |     GCC   7   6   6   5   6   6 |     GAC   1   1   1   1   1   1 |     GGC   4   4   4   5   4   5
    GTA   0   0   0   0   0   0 |     GCA   1   1   1   1   1   1 | Glu GAA   5   5   5   5   5   6 |     GGA   3   3   4   4   4   4
    GTG   2   2   3   3   3   3 |     GCG   0   0   0   0   0   0 |     GAG   6   6   6   6   6   5 |     GGG   1   1   0   0   0   0
--------------------------------------------------------------------------------------------------------------------------------------

--------------------------------------------------------------------------------------------------------------------------------------
Phe TTT   1   1   1   1   1   1 | Ser TCT   1   1   1   1   1   2 | Tyr TAT   2   2   2   2   3   3 | Cys TGT   3   3   3   3   3   3
    TTC   3   3   3   3   3   3 |     TCC   4   3   3   4   3   3 |     TAC   2   2   2   2   1   1 |     TGC   1   1   1   1   1   1
Leu TTA   1   1   1   1   1   1 |     TCA   1   2   2   1   2   1 | *** TAA   0   0   0   0   0   0 | *** TGA   0   0   0   0   0   0
    TTG   4   4   4   4   4   4 |     TCG   1   1   1   1   1   1 |     TAG   0   0   0   0   0   0 | Trp TGG   0   0   0   0   0   0
--------------------------------------------------------------------------------------------------------------------------------------
Leu CTT   2   2   2   2   2   2 | Pro CCT   6   7   6   6   6   6 | His CAT   3   3   3   3   3   3 | Arg CGT   1   1   1   1   1   1
    CTC   2   2   2   2   2   2 |     CCC   0   0   1   0   1   1 |     CAC   2   2   2   2   2   2 |     CGC   0   0   0   0   0   0
    CTA   1   1   1   1   1   1 |     CCA   4   4   4   4   4   4 | Gln CAA   1   0   1   2   0   2 |     CGA   1   1   1   1   1   1
    CTG   5   5   5   5   5   5 |     CCG   1   0   0   1   0   0 |     CAG   9  10   9   8  10   8 |     CGG   0   0   0   0   0   0
--------------------------------------------------------------------------------------------------------------------------------------
Ile ATT   1   1   1   1   1   1 | Thr ACT   4   3   3   3   3   3 | Asn AAT   4   4   2   4   4   4 | Ser AGT   1   1   1   1   1   1
    ATC   6   6   6   6   6   6 |     ACC   1   3   3   3   3   3 |     AAC   2   2   4   2   2   2 |     AGC   2   2   2   2   2   2
    ATA   2   2   2   2   2   2 |     ACA   1   1   0   1   2   2 | Lys AAA   7   7   7   7   7   7 | Arg AGA   3   3   3   3   3   3
Met ATG   6   6   6   6   6   6 |     ACG   2   1   2   1   0   0 |     AAG   4   4   4   4   4   4 |     AGG   0   0   0   0   0   0
--------------------------------------------------------------------------------------------------------------------------------------
Val GTT   4   3   6   4   4   4 | Ala GCT   6   5   5   5   5   5 | Asp GAT   5   5   5   5   6   5 | Gly GGT   0   0   1   1   1   1
    GTC   6   7   5   6   6   6 |     GCC   5   6   6   6   6   6 |     GAC   1   1   1   1   0   1 |     GGC   5   5   4   4   4   4
    GTA   0   0   0   0   0   0 |     GCA   1   1   1   1   1   1 | Glu GAA   5   7   5   6   5   5 |     GGA   4   4   3   4   3   4
    GTG   3   3   2   3   3   3 |     GCG   0   0   0   0   0   0 |     GAG   6   4   6   5   6   6 |     GGG   0   0   1   0   1   0
--------------------------------------------------------------------------------------------------------------------------------------

--------------------------------------------------------------------------------------------------------------------------------------
Phe TTT   1   1   1   1   1   1 | Ser TCT   1   1   1   1   1   1 | Tyr TAT   3   2   2   2   2   2 | Cys TGT   3   3   3   3   3   2
    TTC   3   3   3   3   3   3 |     TCC   4   3   4   4   4   3 |     TAC   1   2   2   2   2   2 |     TGC   1   1   1   1   1   2
Leu TTA   1   1   1   1   1   1 |     TCA   1   2   1   1   1   3 | *** TAA   0   0   0   0   0   0 | *** TGA   0   0   0   0   0   0
    TTG   4   4   4   4   4   4 |     TCG   1   1   1   1   1   0 |     TAG   0   0   0   0   0   0 | Trp TGG   0   0   0   0   0   0
--------------------------------------------------------------------------------------------------------------------------------------
Leu CTT   2   2   2   2   2   2 | Pro CCT   6   7   6   6   6   6 | His CAT   3   3   3   4   3   4 | Arg CGT   1   1   1   1   1   1
    CTC   2   2   2   2   2   2 |     CCC   1   0   1   0   0   1 |     CAC   2   2   2   1   2   1 |     CGC   0   0   0   0   0   0
    CTA   1   1   1   1   1   1 |     CCA   4   4   4   5   4   4 | Gln CAA   2   0   2   2   1   0 |     CGA   1   1   1   1   1   1
    CTG   5   5   5   5   5   5 |     CCG   0   0   0   0   1   0 |     CAG   8  10   8   8   9  10 |     CGG   0   0   0   0   0   0
--------------------------------------------------------------------------------------------------------------------------------------
Ile ATT   1   1   1   1   1   1 | Thr ACT   3   3   3   3   4   3 | Asn AAT   4   4   4   4   4   3 | Ser AGT   1   1   1   1   1   1
    ATC   6   6   6   6   6   6 |     ACC   3   3   3   3   2   3 |     AAC   2   2   2   2   2   3 |     AGC   2   2   2   2   2   2
    ATA   2   2   2   2   2   2 |     ACA   2   1   1   1   1   1 | Lys AAA   7   7   7   7   7   7 | Arg AGA   3   3   3   3   3   3
Met ATG   6   6   6   6   6   6 |     ACG   0   1   1   1   1   1 |     AAG   4   4   4   4   4   4 |     AGG   0   0   0   0   0   0
--------------------------------------------------------------------------------------------------------------------------------------
Val GTT   4   4   4   4   4   4 | Ala GCT   5   5   5   5   5   5 | Asp GAT   5   5   5   5   6   5 | Gly GGT   1   1   1   1   1   1
    GTC   6   6   6   6   6   7 |     GCC   6   6   6   6   6   6 |     GAC   1   1   1   1   0   1 |     GGC   4   4   4   4   4   4
    GTA   0   0   0   0   0   0 |     GCA   1   1   1   1   1   1 | Glu GAA   5   6   5   4   5   5 |     GGA   4   4   4   4   4   3
    GTG   3   3   3   3   3   2 |     GCG   0   0   0   0   0   0 |     GAG   6   5   6   7   6   6 |     GGG   0   0   0   0   0   1
--------------------------------------------------------------------------------------------------------------------------------------

--------------------------------------------------------------------------------------------------------------------------------------
Phe TTT   1   1   1   1   1   1 | Ser TCT   1   1   1   1   1   1 | Tyr TAT   2   2   2   2   2   2 | Cys TGT   3   3   3   3   3   3
    TTC   3   3   3   3   3   3 |     TCC   3   4   3   3   3   4 |     TAC   2   2   2   2   2   2 |     TGC   1   1   1   1   1   1
Leu TTA   1   1   1   1   1   1 |     TCA   2   1   2   3   2   1 | *** TAA   0   0   0   0   0   0 | *** TGA   0   0   0   0   0   0
    TTG   3   3   4   4   4   5 |     TCG   1   1   1   0   1   1 |     TAG   0   0   0   0   0   0 | Trp TGG   0   0   0   0   0   0
--------------------------------------------------------------------------------------------------------------------------------------
Leu CTT   2   2   2   2   2   2 | Pro CCT   6   6   6   6   7   6 | His CAT   3   3   3   3   3   3 | Arg CGT   1   1   1   1   1   1
    CTC   2   2   2   2   2   1 |     CCC   1   0   1   1   0   0 |     CAC   2   2   2   2   2   2 |     CGC   0   0   0   0   0   0
    CTA   1   1   1   1   1   1 |     CCA   4   4   4   4   4   4 | Gln CAA   1   1   1   1   0   2 |     CGA   1   1   1   1   1   1
    CTG   6   6   5   5   5   5 |     CCG   0   1   0   0   0   1 |     CAG   9   9   9   9  10   8 |     CGG   0   0   0   0   0   0
--------------------------------------------------------------------------------------------------------------------------------------
Ile ATT   1   1   1   1   1   1 | Thr ACT   3   4   3   3   3   3 | Asn AAT   3   4   2   3   4   4 | Ser AGT   1   1   1   1   1   1
    ATC   6   6   6   6   6   6 |     ACC   3   2   3   3   3   3 |     AAC   3   2   4   3   2   2 |     AGC   2   2   2   2   2   2
    ATA   2   2   2   2   2   2 |     ACA   1   1   0   1   1   1 | Lys AAA   7   7   7   7   7   7 | Arg AGA   3   3   3   3   3   3
Met ATG   6   6   6   6   6   6 |     ACG   1   1   2   1   1   1 |     AAG   4   4   4   4   4   4 |     AGG   0   0   0   0   0   0
--------------------------------------------------------------------------------------------------------------------------------------
Val GTT   5   4   6   5   4   4 | Ala GCT   4   6   5   5   5   5 | Asp GAT   5   5   5   5   5   5 | Gly GGT   1   1   1   1   1   1
    GTC   6   6   5   6   6   6 |     GCC   7   5   6   6   6   6 |     GAC   1   1   1   1   1   1 |     GGC   4   4   4   4   4   4
    GTA   0   0   0   0   0   0 |     GCA   1   1   1   1   1   1 | Glu GAA   5   5   5   5   6   6 |     GGA   3   4   3   3   4   4
    GTG   2   3   2   2   3   3 |     GCG   0   0   0   0   0   0 |     GAG   6   6   6   6   5   5 |     GGG   1   0   1   1   0   0
--------------------------------------------------------------------------------------------------------------------------------------

--------------------------------------------------------------------------------------------------------------------------------------
Phe TTT   2   1   1   1   1   1 | Ser TCT   1   1   1   1   1   1 | Tyr TAT   2   2   2   2   2   2 | Cys TGT   3   3   3   3   3   3
    TTC   2   3   3   3   3   3 |     TCC   4   4   4   3   3   3 |     TAC   2   2   2   2   2   2 |     TGC   1   1   1   1   1   1
Leu TTA   1   1   1   1   1   1 |     TCA   1   1   1   3   2   2 | *** TAA   0   0   0   0   0   0 | *** TGA   0   0   0   0   0   0
    TTG   5   4   4   4   4   4 |     TCG   0   1   1   0   1   1 |     TAG   0   0   0   0   0   0 | Trp TGG   0   0   0   0   0   0
--------------------------------------------------------------------------------------------------------------------------------------
Leu CTT   2   2   2   2   2   2 | Pro CCT   6   6   6   6   7   7 | His CAT   3   3   3   3   3   3 | Arg CGT   1   1   1   1   1   1
    CTC   1   2   2   2   2   2 |     CCC   0   0   0   1   0   0 |     CAC   2   2   2   2   2   2 |     CGC   0   0   0   0   0   0
    CTA   1   1   1   1   1   1 |     CCA   4   5   4   4   4   4 | Gln CAA   2   2   2   0   0   0 |     CGA   1   1   1   1   1   1
    CTG   5   5   5   5   5   5 |     CCG   1   0   1   0   0   0 |     CAG   8   8   8  10  10  10 |     CGG   0   0   0   0   0   0
--------------------------------------------------------------------------------------------------------------------------------------
Ile ATT   1   1   1   1   1   1 | Thr ACT   3   3   3   3   3   3 | Asn AAT   4   4   4   4   4   4 | Ser AGT   1   1   2   1   1   1
    ATC   6   6   6   6   6   5 |     ACC   3   3   3   3   3   3 |     AAC   2   2   2   2   2   2 |     AGC   2   2   1   2   2   2
    ATA   1   2   2   2   2   3 |     ACA   1   1   1   1   1   1 | Lys AAA   8   7   7   7   7   7 | Arg AGA   3   3   3   3   3   3
Met ATG   6   6   6   6   6   6 |     ACG   1   1   1   1   1   1 |     AAG   4   4   4   4   4   4 |     AGG   0   0   0   0   0   0
--------------------------------------------------------------------------------------------------------------------------------------
Val GTT   4   4   4   4   3   4 | Ala GCT   5   5   5   5   5   5 | Asp GAT   5   5   6   5   5   5 | Gly GGT   1   1   1   1   0   0
    GTC   7   6   6   6   7   6 |     GCC   6   6   6   6   6   6 |     GAC   1   1   0   1   1   1 |     GGC   4   3   4   4   5   5
    GTA   0   0   0   0   0   0 |     GCA   1   1   1   1   1   1 | Glu GAA   6   5   5   5   6   6 |     GGA   4   4   4   3   4   4
    GTG   3   3   3   3   3   3 |     GCG   0   0   0   0   0   0 |     GAG   5   6   6   6   5   5 |     GGG   0   1   0   1   0   0
--------------------------------------------------------------------------------------------------------------------------------------

Codon position x base (3x4) table for each sequence.

#1: Argali         
position  1:    T:0.15094    C:0.23899    A:0.28931    G:0.32075
position  2:    T:0.29560    C:0.23899    A:0.33333    G:0.13208
position  3:    T:0.27044    C:0.28302    A:0.20755    G:0.23899
Average         T:0.23899    C:0.25367    A:0.27673    G:0.23061

#2: LesserMouseDeer
position  1:    T:0.13836    C:0.25157    A:0.28931    G:0.32075
position  2:    T:0.28931    C:0.24528    A:0.33333    G:0.13208
position  3:    T:0.28302    C:0.25157    A:0.21384    G:0.25157
Average         T:0.23690    C:0.24948    A:0.27883    G:0.23480

#3: LesserKudu     
position  1:    T:0.15094    C:0.23899    A:0.28931    G:0.32075
position  2:    T:0.29560    C:0.23899    A:0.33333    G:0.13208
position  3:    T:0.27673    C:0.27044    A:0.20755    G:0.24528
Average         T:0.24109    C:0.24948    A:0.27673    G:0.23270

#4: ForestMuskDeer2
position  1:    T:0.15094    C:0.23899    A:0.28931    G:0.32075
position  2:    T:0.29560    C:0.23899    A:0.33333    G:0.13208
position  3:    T:0.27044    C:0.27673    A:0.20126    G:0.25157
Average         T:0.23899    C:0.25157    A:0.27463    G:0.23480

#5: Camel          
position  1:    T:0.15094    C:0.23899    A:0.28931    G:0.32075
position  2:    T:0.28931    C:0.24528    A:0.33333    G:0.13208
position  3:    T:0.28302    C:0.26415    A:0.21384    G:0.23899
Average         T:0.24109    C:0.24948    A:0.27883    G:0.23061

#6: KillerWhale    
position  1:    T:0.15094    C:0.23899    A:0.28931    G:0.32075
position  2:    T:0.28931    C:0.24528    A:0.33333    G:0.13208
position  3:    T:0.27044    C:0.27044    A:0.20755    G:0.25157
Average         T:0.23690    C:0.25157    A:0.27673    G:0.23480

#7: DefassaWaterbuck
position  1:    T:0.15094    C:0.23899    A:0.28931    G:0.32075
position  2:    T:0.29560    C:0.23899    A:0.33333    G:0.13208
position  3:    T:0.27673    C:0.27044    A:0.20755    G:0.24528
Average         T:0.24109    C:0.24948    A:0.27673    G:0.23270

#8: Sheep          
position  1:    T:0.15094    C:0.23899    A:0.28931    G:0.32075
position  2:    T:0.29560    C:0.23899    A:0.33333    G:0.13208
position  3:    T:0.27044    C:0.28302    A:0.20755    G:0.23899
Average         T:0.23899    C:0.25367    A:0.27673    G:0.23061

#9: MaxwellsDuiker 
position  1:    T:0.15094    C:0.23899    A:0.28931    G:0.32075
position  2:    T:0.29560    C:0.23899    A:0.33333    G:0.13208
position  3:    T:0.27673    C:0.27044    A:0.20755    G:0.24528
Average         T:0.24109    C:0.24948    A:0.27673    G:0.23270

#10: GazellaPrzewalskyi
position  1:    T:0.15094    C:0.23899    A:0.28931    G:0.32075
position  2:    T:0.29560    C:0.23899    A:0.33333    G:0.13208
position  3:    T:0.27673    C:0.27044    A:0.20126    G:0.25157
Average         T:0.24109    C:0.24948    A:0.27463    G:0.23480

#11: MountainNyala  
position  1:    T:0.15094    C:0.23899    A:0.28931    G:0.32075
position  2:    T:0.29560    C:0.23899    A:0.33333    G:0.13208
position  3:    T:0.26415    C:0.27673    A:0.21384    G:0.24528
Average         T:0.23690    C:0.25157    A:0.27883    G:0.23270

#12: MuntiacusMuntjak
position  1:    T:0.15094    C:0.23899    A:0.28931    G:0.32075
position  2:    T:0.29560    C:0.23899    A:0.33333    G:0.13208
position  3:    T:0.27044    C:0.28302    A:0.19497    G:0.25157
Average         T:0.23899    C:0.25367    A:0.27254    G:0.23480

#13: goat           
position  1:    T:0.15094    C:0.23899    A:0.28931    G:0.32075
position  2:    T:0.29560    C:0.23899    A:0.33333    G:0.13208
position  3:    T:0.28302    C:0.27044    A:0.20126    G:0.24528
Average         T:0.24319    C:0.24948    A:0.27463    G:0.23270

#14: AfricanBuffalo 
position  1:    T:0.15094    C:0.23899    A:0.28931    G:0.32075
position  2:    T:0.29560    C:0.23899    A:0.33333    G:0.13208
position  3:    T:0.27673    C:0.27044    A:0.20755    G:0.24528
Average         T:0.24109    C:0.24948    A:0.27673    G:0.23270

#15: Topi           
position  1:    T:0.15094    C:0.23899    A:0.28931    G:0.32075
position  2:    T:0.29560    C:0.23899    A:0.33333    G:0.13208
position  3:    T:0.28931    C:0.26415    A:0.21384    G:0.23270
Average         T:0.24528    C:0.24738    A:0.27883    G:0.22851

#16: CommonDuiker   
position  1:    T:0.15094    C:0.23899    A:0.28931    G:0.32075
position  2:    T:0.29560    C:0.23899    A:0.33333    G:0.13208
position  3:    T:0.27044    C:0.27673    A:0.21384    G:0.23899
Average         T:0.23899    C:0.25157    A:0.27883    G:0.23061

#17: Suni           
position  1:    T:0.15094    C:0.23899    A:0.28931    G:0.32075
position  2:    T:0.29560    C:0.23899    A:0.33333    G:0.13208
position  3:    T:0.27673    C:0.27044    A:0.22642    G:0.22642
Average         T:0.24109    C:0.24948    A:0.28302    G:0.22642

#18: Springbuck     
position  1:    T:0.15094    C:0.23899    A:0.28931    G:0.32075
position  2:    T:0.29560    C:0.23899    A:0.33333    G:0.13208
position  3:    T:0.27673    C:0.27044    A:0.19497    G:0.25786
Average         T:0.24109    C:0.24948    A:0.27254    G:0.23690

#19: Okapi          
position  1:    T:0.15723    C:0.23270    A:0.28931    G:0.32075
position  2:    T:0.29560    C:0.23899    A:0.33333    G:0.13208
position  3:    T:0.27673    C:0.27673    A:0.20126    G:0.24528
Average         T:0.24319    C:0.24948    A:0.27463    G:0.23270

#20: Giraffe        
position  1:    T:0.15723    C:0.23270    A:0.28931    G:0.32075
position  2:    T:0.29560    C:0.23899    A:0.33333    G:0.13208
position  3:    T:0.27673    C:0.27673    A:0.20126    G:0.24528
Average         T:0.24319    C:0.24948    A:0.27463    G:0.23270

#21: TibetanAntelope
position  1:    T:0.15094    C:0.23899    A:0.28931    G:0.32075
position  2:    T:0.30189    C:0.23270    A:0.33333    G:0.13208
position  3:    T:0.25786    C:0.29560    A:0.20755    G:0.23899
Average         T:0.23690    C:0.25577    A:0.27673    G:0.23061

#22: Sitatunga      
position  1:    T:0.15094    C:0.23899    A:0.28931    G:0.32075
position  2:    T:0.29560    C:0.23899    A:0.33333    G:0.13208
position  3:    T:0.26415    C:0.28302    A:0.20755    G:0.24528
Average         T:0.23690    C:0.25367    A:0.27673    G:0.23270

#23: Oribi          
position  1:    T:0.15094    C:0.23899    A:0.28931    G:0.32075
position  2:    T:0.29560    C:0.23899    A:0.33333    G:0.13208
position  3:    T:0.27044    C:0.27673    A:0.20126    G:0.25157
Average         T:0.23899    C:0.25157    A:0.27463    G:0.23480

#24: BarbarySheep   
position  1:    T:0.15094    C:0.23899    A:0.28931    G:0.32075
position  2:    T:0.29560    C:0.23899    A:0.33333    G:0.13208
position  3:    T:0.28302    C:0.27044    A:0.20755    G:0.23899
Average         T:0.24319    C:0.24948    A:0.27673    G:0.23061

#25: Daviddeer      
position  1:    T:0.14465    C:0.24528    A:0.28931    G:0.32075
position  2:    T:0.29560    C:0.23899    A:0.33333    G:0.13208
position  3:    T:0.26415    C:0.29560    A:0.19497    G:0.24528
Average         T:0.23480    C:0.25996    A:0.27254    G:0.23270

#26: Reindeer       
position  1:    T:0.15094    C:0.23899    A:0.28931    G:0.32075
position  2:    T:0.29560    C:0.23899    A:0.33333    G:0.13208
position  3:    T:0.27044    C:0.28302    A:0.20755    G:0.23899
Average         T:0.23899    C:0.25367    A:0.27673    G:0.23061

#27: Ibex           
position  1:    T:0.15094    C:0.23899    A:0.28931    G:0.32075
position  2:    T:0.29560    C:0.23899    A:0.33333    G:0.13208
position  3:    T:0.27673    C:0.27673    A:0.20126    G:0.24528
Average         T:0.24109    C:0.25157    A:0.27463    G:0.23270

#28: GyrantGazelle  
position  1:    T:0.14465    C:0.24528    A:0.28931    G:0.32075
position  2:    T:0.29560    C:0.23899    A:0.33333    G:0.13208
position  3:    T:0.28302    C:0.26415    A:0.20126    G:0.25157
Average         T:0.24109    C:0.24948    A:0.27463    G:0.23480

#29: Hartebeest     
position  1:    T:0.15094    C:0.23899    A:0.28931    G:0.32075
position  2:    T:0.29560    C:0.23899    A:0.33333    G:0.13208
position  3:    T:0.27673    C:0.27673    A:0.21384    G:0.23270
Average         T:0.24109    C:0.25157    A:0.27883    G:0.22851

#30: Bongo          
position  1:    T:0.14465    C:0.24528    A:0.28931    G:0.32075
position  2:    T:0.29560    C:0.23899    A:0.33333    G:0.13208
position  3:    T:0.25786    C:0.28302    A:0.20755    G:0.25157
Average         T:0.23270    C:0.25577    A:0.27673    G:0.23480

#31: Gerenuk        
position  1:    T:0.15094    C:0.23899    A:0.28931    G:0.32075
position  2:    T:0.29560    C:0.23899    A:0.33333    G:0.13208
position  3:    T:0.27673    C:0.26415    A:0.20126    G:0.25786
Average         T:0.24109    C:0.24738    A:0.27463    G:0.23690

#32: CommonEland    
position  1:    T:0.15094    C:0.23899    A:0.28931    G:0.32075
position  2:    T:0.29560    C:0.23899    A:0.33333    G:0.13208
position  3:    T:0.26415    C:0.28302    A:0.21384    G:0.23899
Average         T:0.23690    C:0.25367    A:0.27883    G:0.23061

#33: MuntiacusReevesi
position  1:    T:0.15094    C:0.23899    A:0.28931    G:0.32075
position  2:    T:0.29560    C:0.23899    A:0.33333    G:0.13208
position  3:    T:0.27044    C:0.28302    A:0.19497    G:0.25157
Average         T:0.23899    C:0.25367    A:0.27254    G:0.23480

#34: HarveysDuiker  
position  1:    T:0.15094    C:0.23899    A:0.28931    G:0.32075
position  2:    T:0.29560    C:0.23899    A:0.33333    G:0.13208
position  3:    T:0.27044    C:0.27673    A:0.21384    G:0.23899
Average         T:0.23899    C:0.25157    A:0.27883    G:0.23061

#35: Pronghorn      
position  1:    T:0.15094    C:0.23899    A:0.28931    G:0.32075
position  2:    T:0.29560    C:0.23899    A:0.33333    G:0.13208
position  3:    T:0.28302    C:0.26415    A:0.20126    G:0.25157
Average         T:0.24319    C:0.24738    A:0.27463    G:0.23480

#36: BlueWildebeest 
position  1:    T:0.15094    C:0.23899    A:0.28931    G:0.32075
position  2:    T:0.29560    C:0.23899    A:0.33333    G:0.13208
position  3:    T:0.28302    C:0.27044    A:0.21384    G:0.23270
Average         T:0.24319    C:0.24948    A:0.27883    G:0.22851

#37: Gemsbok        
position  1:    T:0.15094    C:0.23899    A:0.28931    G:0.32075
position  2:    T:0.29560    C:0.23899    A:0.33333    G:0.13208
position  3:    T:0.27673    C:0.27673    A:0.21384    G:0.23270
Average         T:0.24109    C:0.25157    A:0.27883    G:0.22851

#38: Yak            
position  1:    T:0.15094    C:0.23899    A:0.28931    G:0.32075
position  2:    T:0.29560    C:0.23899    A:0.33333    G:0.13208
position  3:    T:0.27673    C:0.27044    A:0.20755    G:0.24528
Average         T:0.24109    C:0.24948    A:0.27673    G:0.23270

#39: BlueSheep      
position  1:    T:0.15094    C:0.23899    A:0.28931    G:0.32075
position  2:    T:0.29560    C:0.23899    A:0.33333    G:0.13208
position  3:    T:0.27044    C:0.28302    A:0.20755    G:0.23899
Average         T:0.23899    C:0.25367    A:0.27673    G:0.23061

#40: BohorReedbuck  
position  1:    T:0.15094    C:0.23899    A:0.28931    G:0.32075
position  2:    T:0.29560    C:0.23899    A:0.33333    G:0.13208
position  3:    T:0.27673    C:0.27044    A:0.20755    G:0.24528
Average         T:0.24109    C:0.24948    A:0.27673    G:0.23270

#41: KirksDik       
position  1:    T:0.15094    C:0.23899    A:0.28931    G:0.32075
position  2:    T:0.29560    C:0.23899    A:0.33333    G:0.13208
position  3:    T:0.28302    C:0.26415    A:0.20126    G:0.25157
Average         T:0.24319    C:0.24738    A:0.27463    G:0.23480

#42: RoeDeer        
position  1:    T:0.15094    C:0.23899    A:0.28931    G:0.32075
position  2:    T:0.29560    C:0.23899    A:0.33333    G:0.13208
position  3:    T:0.26415    C:0.28931    A:0.20126    G:0.24528
Average         T:0.23690    C:0.25577    A:0.27463    G:0.23270

#43: WhiteLippedDeer
position  1:    T:0.14465    C:0.24528    A:0.28931    G:0.32075
position  2:    T:0.29560    C:0.23899    A:0.33333    G:0.13208
position  3:    T:0.26415    C:0.28931    A:0.20126    G:0.24528
Average         T:0.23480    C:0.25786    A:0.27463    G:0.23270

#44: ThomsonGazelle 
position  1:    T:0.14465    C:0.24528    A:0.28931    G:0.32075
position  2:    T:0.29560    C:0.23899    A:0.33333    G:0.13208
position  3:    T:0.28302    C:0.26415    A:0.20126    G:0.25157
Average         T:0.24109    C:0.24948    A:0.27463    G:0.23480

#45: MuntiacusCrinifrons
position  1:    T:0.15094    C:0.23899    A:0.28931    G:0.32075
position  2:    T:0.29560    C:0.23899    A:0.33333    G:0.13208
position  3:    T:0.27044    C:0.28302    A:0.19497    G:0.25157
Average         T:0.23899    C:0.25367    A:0.27254    G:0.23480

#46: WhiteTailedDeer
position  1:    T:0.15094    C:0.23899    A:0.28931    G:0.32075
position  2:    T:0.29560    C:0.23899    A:0.33333    G:0.13208
position  3:    T:0.27044    C:0.28302    A:0.20755    G:0.23899
Average         T:0.23899    C:0.25367    A:0.27673    G:0.23061

#47: Cattle         
position  1:    T:0.15094    C:0.23899    A:0.28931    G:0.32075
position  2:    T:0.29560    C:0.23899    A:0.33333    G:0.13208
position  3:    T:0.27673    C:0.27044    A:0.20755    G:0.24528
Average         T:0.24109    C:0.24948    A:0.27673    G:0.23270

#48: RoyalAntelope  
position  1:    T:0.15723    C:0.23270    A:0.28931    G:0.32075
position  2:    T:0.29560    C:0.23899    A:0.33333    G:0.13208
position  3:    T:0.27044    C:0.27044    A:0.21384    G:0.24528
Average         T:0.24109    C:0.24738    A:0.27883    G:0.23270

#49: Steenbok       
position  1:    T:0.15094    C:0.23270    A:0.28931    G:0.32704
position  2:    T:0.29560    C:0.23270    A:0.33962    G:0.13208
position  3:    T:0.27673    C:0.27044    A:0.21384    G:0.23899
Average         T:0.24109    C:0.24528    A:0.28092    G:0.23270

#50: Impala         
position  1:    T:0.15094    C:0.23899    A:0.28931    G:0.32075
position  2:    T:0.29560    C:0.23899    A:0.33333    G:0.13208
position  3:    T:0.27044    C:0.27044    A:0.21384    G:0.24528
Average         T:0.23899    C:0.24948    A:0.27883    G:0.23270

#51: Klipspringer   
position  1:    T:0.15094    C:0.23899    A:0.28931    G:0.32075
position  2:    T:0.29560    C:0.23899    A:0.33333    G:0.13208
