CODONML (in paml version 4.10.7, June 2023)  /home/rachel/ruminants_paml/6406-phy-tree/ENSBTAT00000026158.fasta.phy
Model: free dN/dS Ratios for branches,  kappa = 2.000 fixed

Codon frequency model: F3x4
ns =  54  ls = 106

Codon usage in sequences
--------------------------------------------------------------------------------------------------------------------------------------
Phe TTT   0   1   0   0   0   0 | Ser TCT   0   0   0   0   0   0 | Tyr TAT   0   0   0   0   0   0 | Cys TGT   0   0   0   0   0   0
    TTC   3   2   3   3   3   3 |     TCC   1   1   1   1   1   1 |     TAC   0   0   0   0   0   0 |     TGC   4   4   4   4   4   4
Leu TTA   0   1   0   0   1   1 |     TCA   0   0   0   0   0   0 | *** TAA   0   0   0   0   0   0 | *** TGA   0   0   0   0   0   0
    TTG   0   0   0   0   0   0 |     TCG   0   0   0   0   0   0 |     TAG   0   0   0   0   0   0 | Trp TGG   2   2   2   2   2   2
--------------------------------------------------------------------------------------------------------------------------------------
Leu CTT   1   1   1   1   1   1 | Pro CCT   4   4   4   5   4   3 | His CAT   0   0   0   0   1   0 | Arg CGT   1   0   1   1   0   1
    CTC   0   0   0   0   0   0 |     CCC   2   3   2   1   4   3 |     CAC   2   2   2   2   1   2 |     CGC   1   2   1   1   2   1
    CTA   1   0   1   1   0   0 |     CCA   4   4   5   7   4   5 | Gln CAA   0   0   0   0   0   0 |     CGA   2   2   2   2   2   2
    CTG   3   3   3   3   4   3 |     CCG   3   1   2   0   0   0 |     CAG   0   1   0   0   1   1 |     CGG   0   0   0   0   0   0
--------------------------------------------------------------------------------------------------------------------------------------
Ile ATT   1   1   1   1   1   1 | Thr ACT   1   1   0   1   0   0 | Asn AAT   0   0   0   0   0   0 | Ser AGT   0   0   0   0   0   0
    ATC   2   2   2   2   2   1 |     ACC   2   2   2   2   2   2 |     AAC   1   1   1   1   1   1 |     AGC   2   2   2   2   1   2
    ATA   0   0   0   0   0   0 |     ACA   2   2   2   2   2   3 | Lys AAA   5   5   5   5   4   6 | Arg AGA   3   3   3   3   2   2
Met ATG   3   3   3   3   2   4 |     ACG   1   1   1   1   3   1 |     AAG   5   5   5   5   6   4 |     AGG   0   0   0   0   1   1
--------------------------------------------------------------------------------------------------------------------------------------
Val GTT   0   0   0   0   0   0 | Ala GCT   0   1   3   1   1   1 | Asp GAT   6   4   5   5   6   5 | Gly GGT   4   3   4   3   3   2
    GTC   0   0   0   0   0   0 |     GCC   3   3   1   2   2   2 |     GAC   1   4   2   2   2   2 |     GGC   6   7   6   7   6   7
    GTA   0   0   0   0   0   0 |     GCA   1   0   1   1   0   0 | Glu GAA   2   1   2   2   2   2 |     GGA   6   8   6   6   8   8
    GTG   2   2   2   2   2   2 |     GCG   0   0   0   0   0   1 |     GAG   4   4   4   4   4   5 |     GGG   9   7   9   9   8   8
--------------------------------------------------------------------------------------------------------------------------------------

--------------------------------------------------------------------------------------------------------------------------------------
Phe TTT   0   0   0   0   0   0 | Ser TCT   0   0   0   0   0   0 | Tyr TAT   0   0   0   0   0   0 | Cys TGT   0   0   0   0   0   0
    TTC   3   3   3   3   3   3 |     TCC   1   1   1   1   1   1 |     TAC   0   0   0   0   0   0 |     TGC   4   4   4   4   4   4
Leu TTA   0   0   0   0   0   0 |     TCA   0   0   0   0   0   0 | *** TAA   0   0   0   0   0   0 | *** TGA   0   0   0   0   0   0
    TTG   0   0   0   0   0   0 |     TCG   0   0   0   0   0   0 |     TAG   0   0   0   0   0   0 | Trp TGG   2   2   2   2   2   2
--------------------------------------------------------------------------------------------------------------------------------------
Leu CTT   1   1   1   1   1   1 | Pro CCT   3   4   4   4   4   4 | His CAT   0   0   0   0   0   0 | Arg CGT   1   1   1   1   1   1
    CTC   0   0   0   0   0   0 |     CCC   3   2   2   2   2   2 |     CAC   2   2   2   2   2   2 |     CGC   1   1   1   1   1   1
    CTA   1   1   1   1   1   1 |     CCA   5   4   5   5   5   6 | Gln CAA   0   0   0   0   0   0 |     CGA   2   2   2   2   2   2
    CTG   3   3   3   3   3   3 |     CCG   2   3   2   2   2   1 |     CAG   0   0   0   0   0   0 |     CGG   0   0   0   0   0   0
--------------------------------------------------------------------------------------------------------------------------------------
Ile ATT   1   1   1   1   1   1 | Thr ACT   1   1   1   1   0   0 | Asn AAT   0   0   0   0   0   0 | Ser AGT   0   0   0   0   0   1
    ATC   2   2   2   2   2   2 |     ACC   2   2   2   1   2   2 |     AAC   1   1   1   1   1   1 |     AGC   2   2   2   2   2   2
    ATA   0   0   0   0   0   0 |     ACA   3   2   2   3   2   2 | Lys AAA   5   5   5   5   5   5 | Arg AGA   3   3   3   3   3   3
Met ATG   3   3   3   3   3   3 |     ACG   0   1   1   1   1   1 |     AAG   5   5   5   5   5   5 |     AGG   0   0   0   0   0   0
--------------------------------------------------------------------------------------------------------------------------------------
Val GTT   0   0   0   0   0   0 | Ala GCT   1   0   1   1   3   1 | Asp GAT   7   6   6   6   6   5 | Gly GGT   4   4   4   4   4   4
    GTC   0   0   0   0   0   0 |     GCC   2   3   2   2   1   2 |     GAC   0   1   1   1   1   2 |     GGC   6   6   6   6   7   6
    GTA   0   0   0   0   0   0 |     GCA   1   1   1   1   1   1 | Glu GAA   2   2   2   2   3   2 |     GGA   6   6   6   6   5   6
    GTG   2   2   2   2   2   2 |     GCG   0   0   0   0   0   0 |     GAG   4   4   4   4   3   4 |     GGG   9   9   9   9   9   9
--------------------------------------------------------------------------------------------------------------------------------------

--------------------------------------------------------------------------------------------------------------------------------------
Phe TTT   0   0   0   0   0   0 | Ser TCT   0   0   0   0   0   0 | Tyr TAT   0   0   0   0   0   0 | Cys TGT   0   0   0   0   1   0
    TTC   3   3   3   3   3   3 |     TCC   1   1   1   1   1   1 |     TAC   0   0   0   0   0   0 |     TGC   4   4   4   4   3   4
Leu TTA   0   0   0   0   0   0 |     TCA   0   0   0   0   0   0 | *** TAA   0   0   0   0   0   0 | *** TGA   0   0   0   0   0   0
    TTG   0   0   0   0   0   0 |     TCG   0   0   0   0   0   0 |     TAG   0   0   0   0   0   0 | Trp TGG   2   2   2   2   2   2
--------------------------------------------------------------------------------------------------------------------------------------
Leu CTT   1   2   1   1   1   1 | Pro CCT   4   3   4   3   4   3 | His CAT   0   0   0   0   0   0 | Arg CGT   1   1   1   1   1   1
    CTC   0   0   0   0   0   0 |     CCC   2   3   2   3   2   2 |     CAC   2   2   2   2   2   2 |     CGC   1   1   1   1   1   1
    CTA   1   1   1   1   1   1 |     CCA   6   5   6   6   6   6 | Gln CAA   0   0   0   0   0   0 |     CGA   2   2   2   2   2   2
    CTG   3   2   3   3   3   3 |     CCG   1   2   1   1   1   2 |     CAG   0   0   0   0   0   0 |     CGG   0   0   0   0   0   0
--------------------------------------------------------------------------------------------------------------------------------------
Ile ATT   1   1   1   1   1   1 | Thr ACT   1   1   1   1   1   2 | Asn AAT   0   0   0   0   0   0 | Ser AGT   0   0   0   0   0   0
    ATC   2   2   2   2   2   2 |     ACC   2   2   2   2   2   1 |     AAC   1   1   1   1   1   1 |     AGC   2   2   2   2   2   2
    ATA   0   0   0   0   0   0 |     ACA   2   2   2   2   3   2 | Lys AAA   5   5   6   5   5   5 | Arg AGA   3   3   2   3   3   3
Met ATG   3   3   3   3   3   3 |     ACG   1   1   1   1   0   1 |     AAG   5   5   5   5   5   5 |     AGG   0   0   0   0   0   0
--------------------------------------------------------------------------------------------------------------------------------------
Val GTT   0   0   0   0   0   0 | Ala GCT   0   2   1   1   1   1 | Asp GAT   6   6   6   6   6   6 | Gly GGT   4   3   4   4   3   4
    GTC   0   0   0   0   0   0 |     GCC   3   1   2   2   2   2 |     GAC   1   1   1   1   1   1 |     GGC   6   7   6   6   6   6
    GTA   0   0   0   0   0   0 |     GCA   1   1   1   1   1   1 | Glu GAA   2   1   2   2   2   2 |     GGA   6   7   6   6   7   6
    GTG   2   2   2   2   2   2 |     GCG   0   0   0   0   0   0 |     GAG   4   5   4   4   4   4 |     GGG   9   8   9   9   9   9
--------------------------------------------------------------------------------------------------------------------------------------

--------------------------------------------------------------------------------------------------------------------------------------
Phe TTT   0   0   0   0   0   0 | Ser TCT   0   0   0   0   0   0 | Tyr TAT   0   0   0   0   0   0 | Cys TGT   0   0   0   0   0   0
    TTC   3   3   3   3   3   3 |     TCC   1   1   1   1   1   1 |     TAC   0   0   0   0   0   0 |     TGC   4   4   4   4   4   4
Leu TTA   0   0   0   0   0   0 |     TCA   0   0   0   0   0   0 | *** TAA   0   0   0   0   0   0 | *** TGA   0   0   0   0   0   0
    TTG   0   0   0   0   0   0 |     TCG   0   0   0   0   0   0 |     TAG   0   0   0   0   0   0 | Trp TGG   2   2   2   2   2   2
--------------------------------------------------------------------------------------------------------------------------------------
Leu CTT   2   2   1   1   1   1 | Pro CCT   4   4   4   4   3   4 | His CAT   0   0   0   1   0   1 | Arg CGT   1   1   1   1   1   1
    CTC   0   0   0   0   0   0 |     CCC   2   2   2   2   2   2 |     CAC   2   2   2   1   2   1 |     CGC   1   1   1   1   1   1
    CTA   1   1   1   1   1   1 |     CCA   6   7   5   5   6   5 | Gln CAA   0   0   0   0   0   0 |     CGA   2   2   2   2   2   2
    CTG   2   2   3   3   3   3 |     CCG   1   0   2   2   2   2 |     CAG   1   0   0   0   0   0 |     CGG   0   0   0   0   0   0
--------------------------------------------------------------------------------------------------------------------------------------
Ile ATT   1   1   1   1   1   1 | Thr ACT   1   1   1   0   1   1 | Asn AAT   0   0   0   0   0   0 | Ser AGT   0   0   1   0   0   0
    ATC   2   2   2   2   2   2 |     ACC   2   2   2   2   2   2 |     AAC   1   1   1   1   1   1 |     AGC   2   2   1   2   2   2
    ATA   0   0   0   0   0   0 |     ACA   2   2   2   2   2   2 | Lys AAA   5   5   5   5   6   5 | Arg AGA   3   3   3   3   2   3
Met ATG   3   3   3   3   3   3 |     ACG   1   1   1   1   1   1 |     AAG   4   5   5   5   5   5 |     AGG   0   0   0   0   0   0
--------------------------------------------------------------------------------------------------------------------------------------
Val GTT   0   0   0   0   0   0 | Ala GCT   1   1   0   3   1   0 | Asp GAT   6   6   6   6   6   6 | Gly GGT   3   3   4   4   4   4
    GTC   0   0   0   0   0   0 |     GCC   2   2   3   1   2   3 |     GAC   1   1   1   1   1   1 |     GGC   6   6   6   7   6   6
    GTA   0   0   0   0   0   0 |     GCA   1   1   1   1   1   1 | Glu GAA   2   2   2   3   2   2 |     GGA   7   7   6   5   6   6
    GTG   2   2   2   2   2   2 |     GCG   0   0   0   0   0   0 |     GAG   4   4   4   3   4   4 |     GGG   9   9   9   9   9   9
--------------------------------------------------------------------------------------------------------------------------------------

--------------------------------------------------------------------------------------------------------------------------------------
Phe TTT   0   0   0   0   0   0 | Ser TCT   0   0   0   0   0   0 | Tyr TAT   0   0   0   0   0   0 | Cys TGT   0   0   0   0   0   0
    TTC   3   3   3   3   3   3 |     TCC   1   1   1   1   1   1 |     TAC   0   0   0   0   0   0 |     TGC   4   4   4   4   4   4
Leu TTA   0   0   0   0   0   0 |     TCA   0   0   0   0   0   0 | *** TAA   0   0   0   0   0   0 | *** TGA   0   0   0   0   0   0
    TTG   0   0   0   0   0   0 |     TCG   0   0   0   0   0   0 |     TAG   0   0   0   0   0   0 | Trp TGG   2   2   2   2   2   2
--------------------------------------------------------------------------------------------------------------------------------------
Leu CTT   1   1   1   1   1   1 | Pro CCT   4   4   4   3   4   4 | His CAT   0   0   0   0   0   0 | Arg CGT   1   1   1   1   1   1
    CTC   0   0   0   0   0   0 |     CCC   2   2   2   2   2   2 |     CAC   2   2   2   2   2   2 |     CGC   1   1   1   1   1   1
    CTA   1   2   1   1   1   1 |     CCA   6   7   5   6   6   5 | Gln CAA   0   0   0   0   0   0 |     CGA   2   2   2   2   2   2
    CTG   3   2   3   3   3   3 |     CCG   1   0   2   2   1   2 |     CAG   0   0   0   0   0   0 |     CGG   0   0   0   0   0   0
--------------------------------------------------------------------------------------------------------------------------------------
Ile ATT   2   1   1   1   1   1 | Thr ACT   1   0   1   1   1   0 | Asn AAT   0   0   0   0   0   0 | Ser AGT   0   1   0   0   0   0
    ATC   1   2   2   2   2   2 |     ACC   2   2   2   2   2   2 |     AAC   1   1   1   1   1   1 |     AGC   2   2   2   2   2   2
    ATA   0   0   0   0   0   0 |     ACA   2   2   2   2   2   2 | Lys AAA   5   5   5   5   5   5 | Arg AGA   3   3   3   3   3   3
Met ATG   3   3   3   3   3   3 |     ACG   1   1   1   1   1   1 |     AAG   5   5   5   5   5   5 |     AGG   0   0   0   0   0   0
--------------------------------------------------------------------------------------------------------------------------------------
Val GTT   0   0   0   0   0   0 | Ala GCT   1   1   0   1   1   3 | Asp GAT   6   5   6   6   6   6 | Gly GGT   4   4   4   4   4   4
    GTC   0   0   0   0   0   0 |     GCC   2   2   3   2   2   1 |     GAC   1   2   1   1   1   1 |     GGC   6   7   6   6   6   7
    GTA   0   0   0   0   0   0 |     GCA   1   1   1   1   1   1 | Glu GAA   2   3   2   2   2   2 |     GGA   6   5   6   7   6   5
    GTG   2   2   2   2   2   2 |     GCG   0   0   0   0   0   0 |     GAG   4   3   4   4   4   4 |     GGG   9   9   9   8   9   9
--------------------------------------------------------------------------------------------------------------------------------------

--------------------------------------------------------------------------------------------------------------------------------------
Phe TTT   0   0   0   0   0   0 | Ser TCT   0   0   0   0   0   0 | Tyr TAT   0   0   0   0   0   0 | Cys TGT   0   1   0   0   0   0
    TTC   3   3   3   3   3   3 |     TCC   1   1   1   1   1   1 |     TAC   0   0   0   0   0   0 |     TGC   4   3   4   4   4   4
Leu TTA   0   0   0   0   0   0 |     TCA   0   0   0   0   0   0 | *** TAA   0   0   0   0   0   0 | *** TGA   0   0   0   0   0   0
    TTG   0   0   0   0   0   0 |     TCG   0   0   0   0   0   0 |     TAG   0   0   0   0   0   0 | Trp TGG   2   2   2   2   2   2
--------------------------------------------------------------------------------------------------------------------------------------
Leu CTT   1   1   1   1   1   1 | Pro CCT   3   4   4   4   4   4 | His CAT   0   0   0   0   0   0 | Arg CGT   1   1   1   1   1   1
    CTC   0   0   0   0   0   0 |     CCC   2   2   2   2   2   2 |     CAC   2   2   2   2   2   2 |     CGC   1   1   1   1   1   1
    CTA   1   1   1   1   1   1 |     CCA   7   4   6   5   5   6 | Gln CAA   0   0   0   0   0   0 |     CGA   2   2   2   2   2   2
    CTG   3   3   3   3   3   3 |     CCG   1   3   1   2   2   1 |     CAG   0   0   0   0   0   0 |     CGG   0   0   0   0   0   0
--------------------------------------------------------------------------------------------------------------------------------------
Ile ATT   1   1   1   1   1   1 | Thr ACT   1   0   0   1   0   1 | Asn AAT   0   0   0   0   0   0 | Ser AGT   0   0   1   0   1   0
    ATC   2   2   2   2   2   2 |     ACC   2   2   2   2   2   2 |     AAC   1   1   1   1   1   1 |     AGC   2   2   2   2   2   2
    ATA   0   0   0   0   0   0 |     ACA   2   2   2   2   2   2 | Lys AAA   5   5   5   5   5   5 | Arg AGA   3   3   3   3   3   3
Met ATG   3   3   3   3   3   3 |     ACG   1   1   1   1   1   1 |     AAG   5   5   5   5   4   5 |     AGG   0   0   0   0   1   0
--------------------------------------------------------------------------------------------------------------------------------------
Val GTT   0   0   0   0   0   0 | Ala GCT   1   3   1   1   1   1 | Asp GAT   6   6   5   6   6   6 | Gly GGT   4   4   5   4   3   4
    GTC   0   0   0   0   0   0 |     GCC   2   1   2   2   2   2 |     GAC   1   1   2   1   1   1 |     GGC   6   7   5   6   7   6
    GTA   0   0   0   0   0   0 |     GCA   1   1   1   1   1   1 | Glu GAA   2   1   2   2   1   2 |     GGA   6   5   6   6   5   6
    GTG   2   2   2   2   2   2 |     GCG   0   0   0   0   0   0 |     GAG   4   5   4   4   5   4 |     GGG   9   9   9   9  10   9
--------------------------------------------------------------------------------------------------------------------------------------

--------------------------------------------------------------------------------------------------------------------------------------
Phe TTT   0   0   0   0   0   0 | Ser TCT   0   0   0   0   0   0 | Tyr TAT   0   0   0   0   0   0 | Cys TGT   0   0   0   0   0   1
    TTC   3   3   3   3   3   3 |     TCC   1   1   1   1   1   1 |     TAC   0   0   0   0   0   0 |     TGC   4   4   4   4   4   3
Leu TTA   0   0   0   0   0   0 |     TCA   0   0   0   0   0   0 | *** TAA   0   0   0   0   0   0 | *** TGA   0   0   0   0   0   0
    TTG   0   0   0   0   0   0 |     TCG   0   0   0   0   0   0 |     TAG   0   0   0   0   0   0 | Trp TGG   2   2   2   2   2   2
--------------------------------------------------------------------------------------------------------------------------------------
Leu CTT   1   1   1   1   1   1 | Pro CCT   4   3   4   3   3   4 | His CAT   0   0   0   0   0   0 | Arg CGT   1   1   1   1   1   1
    CTC   0   0   0   0   0   0 |     CCC   2   3   2   3   2   2 |     CAC   2   2   2   2   2   2 |     CGC   1   1   1   1   1   1
    CTA   1   1   2   1   1   2 |     CCA   6   5   4   5   6   7 | Gln CAA   0   0   0   0   0   0 |     CGA   2   2   2   2   2   2
    CTG   3   3   2   3   3   2 |     CCG   1   2   3   2   2   0 |     CAG   0   0   0   0   0   0 |     CGG   0   0   0   0   0   0
--------------------------------------------------------------------------------------------------------------------------------------
Ile ATT   2   1   1   1   1   1 | Thr ACT   1   1   1   1   1   0 | Asn AAT   0   0   0   0   0   0 | Ser AGT   0   0   0   0   0   1
    ATC   1   2   2   2   2   2 |     ACC   2   2   2   2   2   2 |     AAC   1   1   1   1   1   1 |     AGC   2   2   2   2   2   2
    ATA   0   0   0   0   0   0 |     ACA   2   2   2   2   2   3 | Lys AAA   5   5   5   5   5   5 | Arg AGA   3   3   3   2   3   2
Met ATG   3   3   3   3   3   3 |     ACG   1   1   1   1   1   1 |     AAG   5   5   5   5   5   5 |     AGG   0   0   0   1   0   0
--------------------------------------------------------------------------------------------------------------------------------------
Val GTT   0   0   0   0   0   0 | Ala GCT   1   2   0   1   1   1 | Asp GAT   6   6   6   7   6   5 | Gly GGT   4   4   4   4   4   4
    GTC   0   0   0   0   0   0 |     GCC   2   1   3   2   2   2 |     GAC   1   1   1   0   1   2 |     GGC   6   6   6   6   6   6
    GTA   0   0   0   0   0   0 |     GCA   1   1   1   1   1   1 | Glu GAA   2   1   2   2   2   2 |     GGA   6   5   6   6   7   6
    GTG   2   2   2   2   2   2 |     GCG   0   0   0   0   0   0 |     GAG   4   5   4   4   4   4 |     GGG   9  10   9   9   8   9
--------------------------------------------------------------------------------------------------------------------------------------

--------------------------------------------------------------------------------------------------------------------------------------
Phe TTT   0   0   0   0   0   0 | Ser TCT   0   0   0   0   0   0 | Tyr TAT   0   0   0   0   0   0 | Cys TGT   0   0   0   0   0   0
    TTC   3   3   3   3   3   3 |     TCC   1   1   1   1   1   1 |     TAC   0   0   0   0   0   0 |     TGC   4   4   4   4   4   4
Leu TTA   0   0   0   0   0   0 |     TCA   0   0   0   0   0   0 | *** TAA   0   0   0   0   0   0 | *** TGA   0   0   0   0   0   0
    TTG   0   0   0   0   0   0 |     TCG   0   0   0   0   0   0 |     TAG   0   0   0   0   0   0 | Trp TGG   2   2   2   2   2   2
--------------------------------------------------------------------------------------------------------------------------------------
Leu CTT   1   1   1   1   1   1 | Pro CCT   4   3   4   4   3   3 | His CAT   0   0   0   0   0   0 | Arg CGT   1   1   1   1   1   1
    CTC   0   0   0   0   0   0 |     CCC   2   2   2   2   3   3 |     CAC   2   2   2   2   2   2 |     CGC   1   1   1   1   1   1
    CTA   1   1   1   2   1   1 |     CCA   6   6   6   7   5   6 | Gln CAA   0   0   0   0   0   0 |     CGA   2   2   2   2   2   2
    CTG   3   3   3   2   3   3 |     CCG   1   2   1   0   2   1 |     CAG   0   0   0   0   0   0 |     CGG   0   0   0   0   0   0
--------------------------------------------------------------------------------------------------------------------------------------
Ile ATT   1   1   1   1   1   1 | Thr ACT   2   1   0   0   1   1 | Asn AAT   0   0   0   0   0   0 | Ser AGT   0   0   1   1   0   0
    ATC   2   2   2   2   2   2 |     ACC   1   2   2   2   2   2 |     AAC   1   1   1   1   1   1 |     AGC   2   2   2   2   2   2
    ATA   0   0   0   0   0   0 |     ACA   2   2   2   2   2   2 | Lys AAA   4   5   5   5   5   5 | Arg AGA   3   3   3   3   3   3
Met ATG   3   3   3   3   3   3 |     ACG   1   1   1   1   1   1 |     AAG   6   5   5   5   5   5 |     AGG   0   0   0   0   0   0
--------------------------------------------------------------------------------------------------------------------------------------
Val GTT   0   0   0   0   0   0 | Ala GCT   1   1   1   1   2   1 | Asp GAT   5   6   5   6   6   6 | Gly GGT   4   4   4   4   4   5
    GTC   0   0   0   0   0   0 |     GCC   2   2   2   2   1   2 |     GAC   2   1   2   1   1   1 |     GGC   6   6   6   7   6   6
    GTA   0   0   0   0   0   0 |     GCA   1   1   1   1   1   1 | Glu GAA   2   2   2   3   1   2 |     GGA   6   6   6   5   5   6
    GTG   2   2   2   2   2   2 |     GCG   0   0   0   0   0   0 |     GAG   4   4   4   3   5   4 |     GGG   9   9   9   9  10   8
--------------------------------------------------------------------------------------------------------------------------------------

--------------------------------------------------------------------------------------------------------------------------------------
Phe TTT   0   0   0   0   0   0 | Ser TCT   0   0   0   0   0   0 | Tyr TAT   0   0   0   0   0   0 | Cys TGT   0   0   0   0   0   0
    TTC   3   3   3   3   3   3 |     TCC   1   1   1   1   1   1 |     TAC   0   0   0   0   0   0 |     TGC   4   4   4   4   4   4
Leu TTA   0   0   0   0   0   0 |     TCA   0   0   0   0   0   0 | *** TAA   0   0   0   0   0   0 | *** TGA   0   0   0   0   0   0
    TTG   0   0   0   0   0   0 |     TCG   0   0   0   0   0   0 |     TAG   0   0   0   0   0   0 | Trp TGG   2   2   2   2   2   2
--------------------------------------------------------------------------------------------------------------------------------------
Leu CTT   1   1   1   1   1   1 | Pro CCT   4   4   4   5   4   4 | His CAT   0   0   0   0   0   0 | Arg CGT   1   1   1   1   1   1
    CTC   0   0   0   0   0   0 |     CCC   2   2   2   1   2   2 |     CAC   2   2   2   2   2   2 |     CGC   1   1   1   1   1   1
    CTA   1   1   1   1   1   1 |     CCA   6   5   4   7   5   5 | Gln CAA   0   0   0   0   0   0 |     CGA   2   2   2   2   2   2
    CTG   3   3   3   3   3   3 |     CCG   1   2   3   0   2   2 |     CAG   0   0   0   0   0   0 |     CGG   0   0   0   0   0   0
--------------------------------------------------------------------------------------------------------------------------------------
Ile ATT   1   1   1   1   1   1 | Thr ACT   1   1   1   1   0   0 | Asn AAT   0   0   0   0   0   0 | Ser AGT   0   0   0   0   0   0
    ATC   2   2   2   2   2   2 |     ACC   2   2   2   2   2   2 |     AAC   1   1   1   1   1   1 |     AGC   2   2   2   2   2   2
    ATA   0   0   0   0   0   0 |     ACA   2   1   2   2   2   2 | Lys AAA   5   5   5   5   5   5 | Arg AGA   3   3   3   3   3   3
Met ATG   3   3   3   3   3   3 |     ACG   1   2   1   1   1   1 |     AAG   5   5   5   5   5   5 |     AGG   0   0   0   0   0   0
--------------------------------------------------------------------------------------------------------------------------------------
Val GTT   0   0   0   0   0   0 | Ala GCT   1   1   1   1   3   3 | Asp GAT   6   7   6   5   6   6 | Gly GGT   4   4   4   3   4   4
    GTC   0   0   0   0   0   0 |     GCC   2   2   2   2   1   1 |     GAC   1   0   1   2   1   1 |     GGC   6   6   6   7   7   7
    GTA   0   1   0   0   0   0 |     GCA   1   0   1   1   1   1 | Glu GAA   2   2   2   2   3   3 |     GGA   6   7   6   6   5   5
    GTG   2   2   2   2   2   2 |     GCG   0   0   0   0   0   0 |     GAG   4   4   4   4   3   3 |     GGG   9   8   9   9   9   9
--------------------------------------------------------------------------------------------------------------------------------------

Codon position x base (3x4) table for each sequence.

#1: Argali         
position  1:    T:0.09434    C:0.22642    A:0.26415    G:0.41509
position  2:    T:0.15094    C:0.22642    A:0.24528    G:0.37736
position  3:    T:0.16981    C:0.28302    A:0.24528    G:0.30189
Average         T:0.13836    C:0.24528    A:0.25157    G:0.36478

#2: LesserMouseDeer
position  1:    T:0.10377    C:0.21698    A:0.26415    G:0.41509
position  2:    T:0.15094    C:0.21698    A:0.25472    G:0.37736
position  3:    T:0.15094    C:0.33019    A:0.24528    G:0.27358
Average         T:0.13522    C:0.25472    A:0.25472    G:0.35535

#3: LesserKudu     
position  1:    T:0.09434    C:0.22642    A:0.25472    G:0.42453
position  2:    T:0.15094    C:0.22642    A:0.24528    G:0.37736
position  3:    T:0.17925    C:0.27358    A:0.25472    G:0.29245
Average         T:0.14151    C:0.24214    A:0.25157    G:0.36478

#4: ForestMuskDeer2
position  1:    T:0.09434    C:0.22642    A:0.26415    G:0.41509
position  2:    T:0.15094    C:0.22642    A:0.24528    G:0.37736
position  3:    T:0.16981    C:0.28302    A:0.27358    G:0.27358
Average         T:0.13836    C:0.24528    A:0.26101    G:0.35535

#5: Camel          
position  1:    T:0.10377    C:0.22642    A:0.25472    G:0.41509
position  2:    T:0.15094    C:0.21698    A:0.26415    G:0.36792
position  3:    T:0.16038    C:0.29245    A:0.23585    G:0.31132
Average         T:0.13836    C:0.24528    A:0.25157    G:0.36478

#6: KillerWhale    
position  1:    T:0.10377    C:0.20755    A:0.26415    G:0.42453
position  2:    T:0.15094    C:0.20755    A:0.26415    G:0.37736
position  3:    T:0.13208    C:0.29245    A:0.27358    G:0.30189
Average         T:0.12893    C:0.23585    A:0.26730    G:0.36792

#7: DefassaWaterbuck
position  1:    T:0.09434    C:0.22642    A:0.26415    G:0.41509
position  2:    T:0.15094    C:0.22642    A:0.24528    G:0.37736
position  3:    T:0.17925    C:0.27358    A:0.26415    G:0.28302
Average         T:0.14151    C:0.24214    A:0.25786    G:0.35849

#8: Sheep          
position  1:    T:0.09434    C:0.22642    A:0.26415    G:0.41509
position  2:    T:0.15094    C:0.22642    A:0.24528    G:0.37736
position  3:    T:0.16981    C:0.28302    A:0.24528    G:0.30189
Average         T:0.13836    C:0.24528    A:0.25157    G:0.36478

#9: MaxwellsDuiker 
position  1:    T:0.09434    C:0.22642    A:0.26415    G:0.41509
position  2:    T:0.15094    C:0.22642    A:0.24528    G:0.37736
position  3:    T:0.17925    C:0.27358    A:0.25472    G:0.29245
Average         T:0.14151    C:0.24214    A:0.25472    G:0.36164

#10: GazellaPrzewalskyi
position  1:    T:0.09434    C:0.22642    A:0.26415    G:0.41509
position  2:    T:0.15094    C:0.22642    A:0.24528    G:0.37736
position  3:    T:0.17925    C:0.26415    A:0.26415    G:0.29245
Average         T:0.14151    C:0.23899    A:0.25786    G:0.36164

#11: MountainNyala  
position  1:    T:0.09434    C:0.22642    A:0.25472    G:0.42453
position  2:    T:0.15094    C:0.22642    A:0.24528    G:0.37736
position  3:    T:0.18868    C:0.27358    A:0.25472    G:0.28302
Average         T:0.14465    C:0.24214    A:0.25157    G:0.36164

#12: MuntiacusMuntjak
position  1:    T:0.09434    C:0.22642    A:0.26415    G:0.41509
position  2:    T:0.15094    C:0.21698    A:0.24528    G:0.38679
position  3:    T:0.16981    C:0.28302    A:0.26415    G:0.28302
Average         T:0.13836    C:0.24214    A:0.25786    G:0.36164

#13: goat           
position  1:    T:0.09434    C:0.22642    A:0.26415    G:0.41509
position  2:    T:0.15094    C:0.22642    A:0.24528    G:0.37736
position  3:    T:0.16981    C:0.28302    A:0.26415    G:0.28302
Average         T:0.13836    C:0.24528    A:0.25786    G:0.35849

#14: AfricanBuffalo 
position  1:    T:0.09434    C:0.22642    A:0.26415    G:0.41509
position  2:    T:0.15094    C:0.22642    A:0.24528    G:0.37736
position  3:    T:0.17925    C:0.28302    A:0.25472    G:0.28302
Average         T:0.14151    C:0.24528    A:0.25472    G:0.35849

#15: Topi           
position  1:    T:0.09434    C:0.22642    A:0.26415    G:0.41509
position  2:    T:0.15094    C:0.22642    A:0.25472    G:0.36792
position  3:    T:0.17925    C:0.27358    A:0.26415    G:0.28302
Average         T:0.14151    C:0.24214    A:0.26101    G:0.35535

#16: CommonDuiker   
position  1:    T:0.09434    C:0.22642    A:0.26415    G:0.41509
position  2:    T:0.15094    C:0.22642    A:0.24528    G:0.37736
position  3:    T:0.16981    C:0.28302    A:0.26415    G:0.28302
Average         T:0.13836    C:0.24528    A:0.25786    G:0.35849

#17: Suni           
position  1:    T:0.09434    C:0.22642    A:0.26415    G:0.41509
position  2:    T:0.15094    C:0.22642    A:0.24528    G:0.37736
position  3:    T:0.17925    C:0.26415    A:0.28302    G:0.27358
Average         T:0.14151    C:0.23899    A:0.26415    G:0.35535

#18: Springbuck     
position  1:    T:0.09434    C:0.22642    A:0.26415    G:0.41509
position  2:    T:0.15094    C:0.22642    A:0.24528    G:0.37736
position  3:    T:0.17925    C:0.26415    A:0.26415    G:0.29245
Average         T:0.14151    C:0.23899    A:0.25786    G:0.36164

#19: Okapi          
position  1:    T:0.09434    C:0.23585    A:0.25472    G:0.41509
position  2:    T:0.15094    C:0.22642    A:0.24528    G:0.37736
position  3:    T:0.17925    C:0.27358    A:0.27358    G:0.27358
Average         T:0.14151    C:0.24528    A:0.25786    G:0.35535

#20: Giraffe        
position  1:    T:0.09434    C:0.22642    A:0.26415    G:0.41509
position  2:    T:0.15094    C:0.22642    A:0.24528    G:0.37736
position  3:    T:0.17925    C:0.27358    A:0.28302    G:0.26415
Average         T:0.14151    C:0.24214    A:0.26415    G:0.35220

#21: TibetanAntelope
position  1:    T:0.09434    C:0.22642    A:0.26415    G:0.41509
position  2:    T:0.15094    C:0.22642    A:0.24528    G:0.37736
position  3:    T:0.17925    C:0.27358    A:0.25472    G:0.29245
Average         T:0.14151    C:0.24214    A:0.25472    G:0.36164

#22: Sitatunga      
position  1:    T:0.09434    C:0.22642    A:0.25472    G:0.42453
position  2:    T:0.15094    C:0.22642    A:0.24528    G:0.37736
position  3:    T:0.19811    C:0.26415    A:0.25472    G:0.28302
Average         T:0.14780    C:0.23899    A:0.25157    G:0.36164

#23: Oribi          
position  1:    T:0.09434    C:0.22642    A:0.26415    G:0.41509
position  2:    T:0.15094    C:0.22642    A:0.25472    G:0.36792
position  3:    T:0.16981    C:0.27358    A:0.26415    G:0.29245
Average         T:0.13836    C:0.24214    A:0.26101    G:0.35849

#24: BarbarySheep   
position  1:    T:0.09434    C:0.22642    A:0.26415    G:0.41509
position  2:    T:0.15094    C:0.22642    A:0.24528    G:0.37736
position  3:    T:0.17925    C:0.27358    A:0.25472    G:0.29245
Average         T:0.14151    C:0.24214    A:0.25472    G:0.36164

#25: Daviddeer      
position  1:    T:0.09434    C:0.22642    A:0.26415    G:0.41509
position  2:    T:0.15094    C:0.22642    A:0.24528    G:0.37736
position  3:    T:0.18868    C:0.26415    A:0.26415    G:0.28302
Average         T:0.14465    C:0.23899    A:0.25786    G:0.35849

#26: Reindeer       
position  1:    T:0.09434    C:0.22642    A:0.26415    G:0.41509
position  2:    T:0.15094    C:0.21698    A:0.24528    G:0.38679
position  3:    T:0.16981    C:0.29245    A:0.28302    G:0.25472
Average         T:0.13836    C:0.24528    A:0.26415    G:0.35220

#27: Ibex           
position  1:    T:0.09434    C:0.22642    A:0.26415    G:0.41509
position  2:    T:0.15094    C:0.22642    A:0.24528    G:0.37736
position  3:    T:0.16981    C:0.28302    A:0.25472    G:0.29245
Average         T:0.13836    C:0.24528    A:0.25472    G:0.36164

#28: GyrantGazelle  
position  1:    T:0.09434    C:0.22642    A:0.26415    G:0.41509
position  2:    T:0.15094    C:0.22642    A:0.24528    G:0.37736
position  3:    T:0.16981    C:0.27358    A:0.27358    G:0.28302
Average         T:0.13836    C:0.24214    A:0.26101    G:0.35849

#29: Hartebeest     
position  1:    T:0.09434    C:0.22642    A:0.26415    G:0.41509
position  2:    T:0.15094    C:0.22642    A:0.24528    G:0.37736
position  3:    T:0.17925    C:0.27358    A:0.26415    G:0.28302
Average         T:0.14151    C:0.24214    A:0.25786    G:0.35849

#30: Bongo          
position  1:    T:0.09434    C:0.22642    A:0.25472    G:0.42453
position  2:    T:0.15094    C:0.22642    A:0.24528    G:0.37736
position  3:    T:0.18868    C:0.27358    A:0.24528    G:0.29245
Average         T:0.14465    C:0.24214    A:0.24843    G:0.36478

#31: Gerenuk        
position  1:    T:0.09434    C:0.22642    A:0.26415    G:0.41509
position  2:    T:0.15094    C:0.22642    A:0.24528    G:0.37736
position  3:    T:0.16981    C:0.27358    A:0.27358    G:0.28302
Average         T:0.13836    C:0.24214    A:0.26101    G:0.35849

#32: CommonEland    
position  1:    T:0.09434    C:0.22642    A:0.25472    G:0.42453
position  2:    T:0.15094    C:0.22642    A:0.24528    G:0.37736
position  3:    T:0.19811    C:0.26415    A:0.22642    G:0.31132
Average         T:0.14780    C:0.23899    A:0.24214    G:0.37107

#33: MuntiacusReevesi
position  1:    T:0.09434    C:0.22642    A:0.26415    G:0.41509
position  2:    T:0.15094    C:0.21698    A:0.24528    G:0.38679
position  3:    T:0.17925    C:0.27358    A:0.26415    G:0.28302
Average         T:0.14151    C:0.23899    A:0.25786    G:0.36164

#34: HarveysDuiker  
position  1:    T:0.09434    C:0.22642    A:0.26415    G:0.41509
position  2:    T:0.15094    C:0.22642    A:0.24528    G:0.37736
position  3:    T:0.17925    C:0.27358    A:0.25472    G:0.29245
Average         T:0.14151    C:0.24214    A:0.25472    G:0.36164

#35: Pronghorn      
position  1:    T:0.09434    C:0.22642    A:0.26415    G:0.41509
position  2:    T:0.15094    C:0.21698    A:0.23585    G:0.39623
position  3:    T:0.16981    C:0.28302    A:0.23585    G:0.31132
Average         T:0.13836    C:0.24214    A:0.24528    G:0.37421

#36: BlueWildebeest 
position  1:    T:0.09434    C:0.22642    A:0.26415    G:0.41509
position  2:    T:0.15094    C:0.22642    A:0.24528    G:0.37736
position  3:    T:0.17925    C:0.27358    A:0.26415    G:0.28302
Average         T:0.14151    C:0.24214    A:0.25786    G:0.35849

#37: Gemsbok        
position  1:    T:0.09434    C:0.22642    A:0.26415    G:0.41509
position  2:    T:0.15094    C:0.22642    A:0.24528    G:0.37736
position  3:    T:0.18868    C:0.26415    A:0.26415    G:0.28302
Average         T:0.14465    C:0.23899    A:0.25786    G:0.35849

#38: Yak            
position  1:    T:0.09434    C:0.22642    A:0.26415    G:0.41509
position  2:    T:0.15094    C:0.22642    A:0.24528    G:0.37736
position  3:    T:0.17925    C:0.27358    A:0.23585    G:0.31132
Average         T:0.14151    C:0.24214    A:0.24843    G:0.36792

#39: BlueSheep      
position  1:    T:0.09434    C:0.22642    A:0.26415    G:0.41509
position  2:    T:0.15094    C:0.22642    A:0.24528    G:0.37736
position  3:    T:0.16981    C:0.28302    A:0.25472    G:0.29245
Average         T:0.13836    C:0.24528    A:0.25472    G:0.36164

#40: BohorReedbuck  
position  1:    T:0.09434    C:0.22642    A:0.26415    G:0.41509
position  2:    T:0.15094    C:0.22642    A:0.24528    G:0.37736
position  3:    T:0.17925    C:0.27358    A:0.24528    G:0.30189
Average         T:0.14151    C:0.24214    A:0.25157    G:0.36478

#41: KirksDik       
position  1:    T:0.09434    C:0.22642    A:0.26415    G:0.41509
position  2:    T:0.15094    C:0.22642    A:0.24528    G:0.37736
position  3:    T:0.16981    C:0.27358    A:0.27358    G:0.28302
Average         T:0.13836    C:0.24214    A:0.26101    G:0.35849

#42: RoeDeer        
position  1:    T:0.09434    C:0.22642    A:0.26415    G:0.41509
position  2:    T:0.15094    C:0.22642    A:0.24528    G:0.37736
position  3:    T:0.17925    C:0.27358    A:0.28302    G:0.26415
Average         T:0.14151    C:0.24214    A:0.26415    G:0.35220

#43: WhiteLippedDeer
position  1:    T:0.09434    C:0.22642    A:0.26415    G:0.41509
position  2:    T:0.15094    C:0.22642    A:0.24528    G:0.37736
position  3:    T:0.17925    C:0.27358    A:0.25472    G:0.29245
Average         T:0.14151    C:0.24214    A:0.25472    G:0.36164

#44: ThomsonGazelle 
position  1:    T:0.09434    C:0.22642    A:0.26415    G:0.41509
position  2:    T:0.15094    C:0.22642    A:0.24528    G:0.37736
position  3:    T:0.16981    C:0.27358    A:0.26415    G:0.29245
Average         T:0.13836    C:0.24214    A:0.25786    G:0.36164

#45: MuntiacusCrinifrons
position  1:    T:0.09434    C:0.22642    A:0.26415    G:0.41509
position  2:    T:0.15094    C:0.21698    A:0.24528    G:0.38679
position  3:    T:0.16981    C:0.28302    A:0.26415    G:0.28302
Average         T:0.13836    C:0.24214    A:0.25786    G:0.36164

#46: WhiteTailedDeer
position  1:    T:0.09434    C:0.22642    A:0.26415    G:0.41509
position  2:    T:0.15094    C:0.21698    A:0.24528    G:0.38679
position  3:    T:0.17925    C:0.28302    A:0.28302    G:0.25472
Average         T:0.14151    C:0.24214    A:0.26415    G:0.35220

#47: Cattle         
position  1:    T:0.09434    C:0.22642    A:0.26415    G:0.41509
position  2:    T:0.15094    C:0.22642    A:0.24528    G:0.37736
position  3:    T:0.17925    C:0.27358    A:0.23585    G:0.31132
Average         T:0.14151    C:0.24214    A:0.24843    G:0.36792

#48: RoyalAntelope  
position  1:    T:0.09434    C:0.22642    A:0.26415    G:0.41509
position  2:    T:0.15094    C:0.22642    A:0.24528    G:0.37736
position  3:    T:0.17925    C:0.28302    A:0.26415    G:0.27358
Average         T:0.14151    C:0.24528    A:0.25786    G:0.35535

#49: Steenbok       
position  1:    T:0.09434    C:0.22642    A:0.26415    G:0.41509
position  2:    T:0.15094    C:0.22642    A:0.24528    G:0.37736
position  3:    T:0.17925    C:0.27358    A:0.26415    G:0.28302
Average         T:0.14151    C:0.24214    A:0.25786    G:0.35849

#50: Impala         
position  1:    T:0.09434    C:0.22642    A:0.26415    G:0.41509
position  2:    T:0.16038    C:0.21698    A:0.24528    G:0.37736
position  3:    T:0.18868    C:0.26415    A:0.25472    G:0.29245
Average         T:0.14780    C:0.23585    A:0.25472    G:0.36164

#51: Klipspringer   
position  1:    T:0.09434    C:0.22642    A:0.26415    G:0.41509
position  2:    T:0.15094    C:0.22642    A:0.24528    G:0.37736
