1
52 1
Argali 0.000000 0.205000 0.063500 0.187600 0.050300 0.000000 0.064400 0.064100 0.063500 0.129600 0.024900 0.116200 0.037300 0.037900 0.051000 0.076300 0.169900 0.155600 0.038200 0.063500 0.037900 0.024900 0.142800 0.128600 0.024900 0.063100 0.050400 0.063500 0.037900 0.063500 0.143200 0.050600 0.204900 0.037700 0.063200 0.088500 0.037400 0.037800 0.064600 0.128300 0.129700 0.050800 0.129600 0.128600 0.088500 0.038000 0.037900 0.062900 0.063900 0.102200 0.063500 0.063500
LesserMous 0.205000 0.000000 0.189600 0.127500 0.174400 0.205000 0.192400 0.191500 0.189600 0.101000 0.203700 0.248900 0.159000 0.161200 0.176300 0.160200 0.140400 0.126600 0.222600 0.189600 0.161200 0.203600 0.141000 0.100200 0.203700 0.159700 0.174600 0.189600 0.161200 0.189600 0.114300 0.175400 0.215900 0.160200 0.173900 0.216100 0.217800 0.160800 0.161600 0.100000 0.128000 0.175800 0.101000 0.100200 0.216100 0.162000 0.161600 0.173100 0.190700 0.128800 0.189600 0.189600
LesserKudu 0.063500 0.189600 0.000000 0.142100 0.037400 0.063500 0.038200 0.050700 0.000000 0.088700 0.063100 0.049200 0.024600 0.012500 0.037800 0.063000 0.127900 0.114200 0.077500 0.000000 0.025000 0.063100 0.128700 0.088100 0.063100 0.050000 0.037400 0.000000 0.025000 0.000000 0.101900 0.025000 0.189400 0.024800 0.050100 0.049500 0.075900 0.024900 0.051200 0.087900 0.115700 0.037700 0.088700 0.088100 0.049500 0.025100 0.025000 0.049800 0.050600 0.088600 0.000000 0.000000
KillerWhal 0.187600 0.127500 0.142100 0.000000 0.157700 0.187600 0.175100 0.173700 0.142100 0.098700 0.186500 0.198700 0.141600 0.144100 0.159500 0.114300 0.138200 0.124100 0.205300 0.142100 0.144100 0.186200 0.138500 0.097500 0.186500 0.142700 0.158000 0.142400 0.144100 0.142100 0.112200 0.158300 0.230000 0.143600 0.130900 0.198900 0.200600 0.143800 0.175500 0.097000 0.125900 0.158100 0.098700 0.097500 0.198900 0.144400 0.144400 0.141700 0.173900 0.126300 0.142100 0.142100
DefassaWat 0.050300 0.174400 0.037400 0.157700 0.000000 0.050300 0.037900 0.037700 0.037400 0.101900 0.049800 0.088600 0.012200 0.012400 0.024900 0.049900 0.141500 0.127600 0.063700 0.037400 0.012400 0.050000 0.142200 0.101100 0.049800 0.037200 0.024700 0.037400 0.012400 0.037400 0.115300 0.024900 0.203600 0.012300 0.037200 0.061800 0.062300 0.012400 0.038000 0.101000 0.129200 0.024900 0.101900 0.101100 0.060400 0.012400 0.012400 0.037100 0.037500 0.101600 0.037400 0.037400
Sheep 0.000000 0.205000 0.063500 0.187600 0.050300 0.000000 0.064400 0.064100 0.063500 0.129600 0.024900 0.116200 0.037300 0.037900 0.051000 0.076300 0.169900 0.155600 0.038200 0.063500 0.037900 0.024900 0.142800 0.128600 0.024900 0.063100 0.050400 0.063500 0.037900 0.063500 0.143200 0.050600 0.204900 0.037700 0.063200 0.088500 0.037400 0.037800 0.064600 0.128300 0.129700 0.050800 0.129600 0.128600 0.088500 0.038000 0.037900 0.062900 0.063900 0.102200 0.063500 0.063500
MaxwellsDu 0.064400 0.192400 0.038200 0.175100 0.037900 0.064400 0.000000 0.025400 0.038200 0.104000 0.064000 0.063700 0.025000 0.024900 0.038400 0.063900 0.144500 0.130300 0.078600 0.038200 0.025300 0.064000 0.116900 0.103200 0.064000 0.050700 0.038000 0.038200 0.025300 0.038200 0.117700 0.037400 0.177500 0.025200 0.025000 0.063400 0.076900 0.025300 0.051900 0.103100 0.103900 0.038200 0.104000 0.103200 0.063400 0.025500 0.025400 0.050600 0.051300 0.103800 0.038200 0.038200
GazellaPrz 0.064100 0.191500 0.050700 0.173700 0.037700 0.064100 0.025400 0.000000 0.050700 0.116800 0.063700 0.076200 0.024900 0.025200 0.038200 0.062600 0.157300 0.143000 0.078200 0.050700 0.024800 0.063600 0.129600 0.115900 0.063700 0.049700 0.037800 0.050800 0.024800 0.050700 0.130500 0.038000 0.175100 0.025100 0.024900 0.075800 0.076500 0.025200 0.050900 0.115700 0.116600 0.037500 0.116800 0.115900 0.075800 0.025400 0.024900 0.050300 0.025100 0.116500 0.050700 0.050700
MountainNy 0.063500 0.189600 0.000000 0.142100 0.037400 0.063500 0.038200 0.050700 0.000000 0.088700 0.063100 0.049200 0.024600 0.012500 0.037800 0.063000 0.127900 0.114200 0.077500 0.000000 0.025000 0.063100 0.128700 0.088100 0.063100 0.050000 0.037400 0.000000 0.025000 0.000000 0.101900 0.025000 0.189400 0.024800 0.050100 0.049500 0.075900 0.024900 0.051200 0.087900 0.115700 0.037700 0.088700 0.088100 0.049500 0.025100 0.025000 0.049800 0.050600 0.088600 0.000000 0.000000
MuntiacusM 0.129600 0.101000 0.088700 0.098700 0.101900 0.129600 0.104000 0.116800 0.088700 0.000000 0.128700 0.142100 0.088100 0.076300 0.102900 0.101500 0.035800 0.023700 0.144900 0.088700 0.089300 0.128700 0.035900 0.000000 0.128700 0.115100 0.102000 0.088700 0.089300 0.088700 0.011800 0.089500 0.113800 0.088800 0.088100 0.113800 0.141900 0.089000 0.117600 0.000100 0.023100 0.102700 0.000000 0.000000 0.113800 0.089700 0.089500 0.087700 0.116300 0.024000 0.088700 0.088700
goat 0.024900 0.203700 0.063100 0.186500 0.049800 0.024900 0.064000 0.063700 0.063100 0.128700 0.000000 0.115500 0.037100 0.037700 0.050400 0.075800 0.168800 0.154600 0.063800 0.063100 0.037700 0.000000 0.141900 0.127800 0.000000 0.062700 0.049900 0.063200 0.037700 0.063100 0.142300 0.050300 0.203700 0.037300 0.062800 0.087700 0.012200 0.037500 0.064300 0.127600 0.128900 0.050500 0.128700 0.127800 0.087700 0.037800 0.037700 0.062500 0.063200 0.101600 0.063100 0.063100
AfricanBuf 0.116200 0.248900 0.049200 0.198700 0.088600 0.116200 0.063700 0.076200 0.049200 0.142100 0.115500 0.000000 0.075100 0.063300 0.089600 0.115300 0.182800 0.168300 0.131200 0.049200 0.076200 0.115400 0.154900 0.141000 0.115500 0.101700 0.088700 0.049400 0.076200 0.049200 0.155900 0.076300 0.216900 0.075700 0.075200 0.049000 0.128500 0.075900 0.104100 0.140800 0.141900 0.089400 0.142100 0.141000 0.049000 0.076500 0.076300 0.101300 0.102800 0.141800 0.049200 0.049200
Topi 0.037300 0.159000 0.024600 0.141600 0.012200 0.037300 0.025000 0.024900 0.024600 0.088100 0.037100 0.075100 0.000000 0.000100 0.012300 0.037000 0.127000 0.113400 0.050600 0.024600 0.000100 0.037100 0.127700 0.087400 0.037100 0.024500 0.012200 0.024600 0.000100 0.024600 0.101200 0.012300 0.187900 0.000100 0.024500 0.049100 0.049500 0.000100 0.025100 0.087300 0.114900 0.012300 0.088100 0.087400 0.049100 0.000300 0.000200 0.024500 0.024800 0.087900 0.024600 0.024600
CommonDuik 0.037900 0.161200 0.012500 0.144100 0.012400 0.037900 0.024900 0.025200 0.012500 0.076300 0.037700 0.063300 0.000100 0.000000 0.012500 0.037500 0.115600 0.102000 0.051300 0.012500 0.000100 0.037600 0.116200 0.075800 0.037700 0.024900 0.012400 0.012500 0.000100 0.012500 0.089500 0.012200 0.176500 0.000000 0.024900 0.037300 0.050300 0.000100 0.025500 0.075700 0.103300 0.012500 0.076300 0.075800 0.037300 0.000200 0.000100 0.024800 0.025100 0.076200 0.012500 0.012500
Suni 0.051000 0.176300 0.037800 0.159500 0.024900 0.051000 0.038400 0.038200 0.037800 0.102900 0.050400 0.089600 0.012300 0.012500 0.000000 0.050500 0.142900 0.128800 0.064600 0.037800 0.012500 0.050600 0.143600 0.102200 0.050400 0.037600 0.024200 0.037800 0.012500 0.037800 0.116400 0.025100 0.206000 0.012400 0.037600 0.062500 0.063100 0.012500 0.038500 0.102000 0.130500 0.025200 0.102900 0.102200 0.062500 0.012600 0.012500 0.037500 0.037900 0.102700 0.037800 0.037800
Springbuck 0.076300 0.160200 0.063000 0.114300 0.049900 0.076300 0.063900 0.062600 0.063000 0.101500 0.075800 0.115300 0.037000 0.037500 0.050500 0.000000 0.141000 0.127200 0.090400 0.063000 0.036800 0.075800 0.141600 0.100700 0.075800 0.036500 0.050000 0.063000 0.036800 0.063000 0.114800 0.050200 0.233500 0.037300 0.037000 0.087900 0.088600 0.037400 0.062900 0.100600 0.128600 0.049600 0.101500 0.100700 0.087900 0.037700 0.037000 0.036900 0.063300 0.101200 0.063000 0.063000
Okapi 0.169900 0.140400 0.127900 0.138200 0.141500 0.169900 0.144500 0.157300 0.127900 0.035800 0.168800 0.182800 0.127000 0.115600 0.142900 0.141000 0.000000 0.035500 0.157400 0.127900 0.128800 0.168700 0.072700 0.035600 0.168800 0.155000 0.141700 0.128000 0.128800 0.127900 0.048100 0.102000 0.126100 0.128000 0.127200 0.153300 0.182200 0.128400 0.158300 0.035500 0.060500 0.142600 0.035800 0.035600 0.153300 0.129400 0.129000 0.100000 0.156700 0.060800 0.127900 0.127900
Giraffe 0.155600 0.126600 0.114200 0.124100 0.127600 0.155600 0.130300 0.143000 0.114200 0.023700 0.154600 0.168300 0.113400 0.102000 0.128800 0.127200 0.035500 0.000000 0.171400 0.114200 0.115000 0.154600 0.060100 0.023500 0.154600 0.113900 0.127800 0.114300 0.115000 0.114200 0.035700 0.115300 0.139900 0.114300 0.113600 0.139400 0.167900 0.114600 0.144000 0.023500 0.048000 0.128600 0.023700 0.023500 0.139400 0.115400 0.115200 0.113000 0.142400 0.048200 0.114200 0.114200
TibetanAnt 0.038200 0.222600 0.077500 0.205300 0.063700 0.038200 0.078600 0.078200 0.077500 0.144900 0.063800 0.131200 0.050600 0.051300 0.064600 0.090400 0.157400 0.171400 0.000000 0.077500 0.051300 0.064000 0.158300 0.143800 0.063800 0.077000 0.063800 0.077500 0.051300 0.077500 0.158900 0.038100 0.222400 0.050900 0.077100 0.102400 0.076600 0.051200 0.078900 0.143600 0.145100 0.064500 0.144900 0.143800 0.102400 0.051600 0.051400 0.050500 0.077700 0.116800 0.077500 0.077500
Sitatunga 0.063500 0.189600 0.000000 0.142100 0.037400 0.063500 0.038200 0.050700 0.000000 0.088700 0.063100 0.049200 0.024600 0.012500 0.037800 0.063000 0.127900 0.114200 0.077500 0.000000 0.025000 0.063100 0.128700 0.088100 0.063100 0.050000 0.037400 0.000000 0.025000 0.000000 0.101900 0.025000 0.189400 0.024800 0.050100 0.049500 0.075900 0.024900 0.051200 0.087900 0.115700 0.037700 0.088700 0.088100 0.049500 0.025100 0.025000 0.049800 0.050600 0.088600 0.000000 0.000000
Oribi 0.037900 0.161200 0.025000 0.144100 0.012400 0.037900 0.025300 0.024800 0.025000 0.089300 0.037700 0.076200 0.000100 0.000100 0.012500 0.036800 0.128800 0.115000 0.051300 0.025000 0.000000 0.037600 0.129500 0.088600 0.037700 0.024400 0.012400 0.025000 0.000000 0.025000 0.102600 0.012500 0.190500 0.000000 0.024900 0.049800 0.050300 0.000100 0.025000 0.088500 0.116400 0.012300 0.089300 0.088600 0.049800 0.000200 0.000000 0.024800 0.025100 0.089100 0.025000 0.025000
BarbaryShe 0.024900 0.203600 0.063100 0.186200 0.050000 0.024900 0.064000 0.063600 0.063100 0.128700 0.000000 0.115400 0.037100 0.037600 0.050600 0.075800 0.168700 0.154600 0.064000 0.063100 0.037600 0.000000 0.141900 0.127700 0.000000 0.062700 0.050100 0.063100 0.037600 0.063100 0.142200 0.050300 0.203500 0.037400 0.062800 0.088000 0.012200 0.037500 0.064300 0.127500 0.128900 0.050500 0.128700 0.127700 0.088000 0.037800 0.037700 0.062500 0.063400 0.101500 0.063100 0.063100
Daviddeer 0.142800 0.141000 0.128700 0.138500 0.142200 0.142800 0.116900 0.129600 0.128700 0.035900 0.141900 0.154900 0.127700 0.116200 0.143600 0.141600 0.072700 0.060100 0.158300 0.128700 0.129500 0.141900 0.000000 0.035700 0.141900 0.155800 0.142400 0.128700 0.129500 0.128700 0.048200 0.129700 0.100300 0.128700 0.100700 0.154200 0.155200 0.129100 0.159300 0.035600 0.011800 0.143400 0.035900 0.035700 0.154200 0.130000 0.129700 0.127200 0.157400 0.036200 0.128700 0.128700
Reindeer 0.128600 0.100200 0.088100 0.097500 0.101100 0.128600 0.103200 0.115900 0.088100 0.000000 0.127800 0.141000 0.087400 0.075800 0.102200 0.100700 0.035600 0.023500 0.143800 0.088100 0.088600 0.127700 0.035700 0.000000 0.127800 0.114200 0.101300 0.088100 0.088600 0.088100 0.011800 0.088800 0.113400 0.088100 0.087500 0.113200 0.140800 0.088400 0.116700 0.000000 0.023800 0.101900 0.000000 0.000000 0.113200 0.089000 0.088800 0.087100 0.115500 0.023900 0.088100 0.088100
Ibex 0.024900 0.203700 0.063100 0.186500 0.049800 0.024900 0.064000 0.063700 0.063100 0.128700 0.000000 0.115500 0.037100 0.037700 0.050400 0.075800 0.168800 0.154600 0.063800 0.063100 0.037700 0.000000 0.141900 0.127800 0.000000 0.062700 0.049900 0.063200 0.037700 0.063100 0.142300 0.050300 0.203700 0.037300 0.062800 0.087700 0.011800 0.037500 0.064300 0.127600 0.128900 0.050500 0.128700 0.127800 0.087400 0.037800 0.037700 0.062500 0.063200 0.101600 0.063100 0.063100
GyrantGaze 0.063100 0.159700 0.050000 0.142700 0.037200 0.063100 0.050700 0.049700 0.050000 0.115100 0.062700 0.101700 0.024500 0.024900 0.037600 0.036500 0.155000 0.113900 0.077000 0.050000 0.024400 0.062700 0.155800 0.114200 0.062700 0.000000 0.037200 0.050000 0.024400 0.050000 0.128600 0.037400 0.217800 0.024700 0.049800 0.074800 0.075400 0.024800 0.050000 0.114100 0.142700 0.036900 0.115100 0.114200 0.074800 0.024900 0.024500 0.049600 0.050300 0.114800 0.050000 0.050000
Hartebeest 0.050400 0.174600 0.037400 0.158000 0.024700 0.050400 0.038000 0.037800 0.037400 0.102000 0.049900 0.088700 0.012200 0.012400 0.024200 0.050000 0.141700 0.127800 0.063800 0.037400 0.012400 0.050100 0.142400 0.101300 0.049900 0.037200 0.000000 0.037400 0.012400 0.037400 0.115400 0.024900 0.203900 0.012300 0.037300 0.061900 0.062400 0.012400 0.038100 0.101100 0.129400 0.025000 0.102000 0.101300 0.061900 0.012500 0.012400 0.037100 0.037500 0.101800 0.037400 0.037400
Bongo 0.063500 0.189600 0.000000 0.142400 0.037400 0.063500 0.038200 0.050800 0.000000 0.088700 0.063200 0.049400 0.024600 0.012500 0.037800 0.063000 0.128000 0.114300 0.077500 0.000000 0.025000 0.063100 0.128700 0.088100 0.063200 0.050000 0.037400 0.000000 0.025000 0.000000 0.101900 0.025000 0.189500 0.024900 0.050100 0.049500 0.075900 0.024900 0.051200 0.088000 0.115800 0.037700 0.088700 0.088100 0.049500 0.025100 0.025000 0.049900 0.050600 0.088600 0.000000 0.000000
Gerenuk 0.037900 0.161200 0.025000 0.144100 0.012400 0.037900 0.025300 0.024800 0.025000 0.089300 0.037700 0.076200 0.000100 0.000100 0.012500 0.036800 0.128800 0.115000 0.051300 0.025000 0.000000 0.037600 0.129500 0.088600 0.037700 0.024400 0.012400 0.025000 0.000000 0.025000 0.102600 0.012500 0.190500 0.000000 0.024900 0.049800 0.050300 0.000100 0.025000 0.088500 0.116400 0.012300 0.089300 0.088600 0.049800 0.000200 0.000000 0.024800 0.025100 0.089100 0.025000 0.025000
CommonElan 0.063500 0.189600 0.000000 0.142100 0.037400 0.063500 0.038200 0.050700 0.000000 0.088700 0.063100 0.049200 0.024600 0.012500 0.037800 0.063000 0.127900 0.114200 0.077500 0.000000 0.025000 0.063100 0.128700 0.088100 0.063100 0.050000 0.037400 0.000000 0.025000 0.000000 0.101900 0.025000 0.189400 0.024800 0.050100 0.049500 0.075900 0.024900 0.051200 0.087900 0.115700 0.037700 0.088700 0.088100 0.049500 0.025100 0.025000 0.049800 0.050600 0.088600 0.000000 0.000000
MuntiacusR 0.143200 0.114300 0.101900 0.112200 0.115300 0.143200 0.117700 0.130500 0.101900 0.011800 0.142300 0.155900 0.101200 0.089500 0.116400 0.114800 0.048100 0.035700 0.158900 0.101900 0.102600 0.142200 0.048200 0.011800 0.142300 0.128600 0.115400 0.101900 0.102600 0.101900 0.000000 0.102800 0.127100 0.102000 0.101300 0.127100 0.155500 0.102300 0.131400 0.011800 0.036000 0.116100 0.011500 0.011800 0.127100 0.103000 0.102800 0.100800 0.130000 0.036300 0.101900 0.101900
HarveysDui 0.050600 0.175400 0.025000 0.158300 0.024900 0.050600 0.037400 0.038000 0.025000 0.089500 0.050300 0.076300 0.012300 0.012200 0.025100 0.050200 0.102000 0.115300 0.038100 0.025000 0.012500 0.050300 0.129700 0.088800 0.050300 0.037400 0.024900 0.025000 0.012500 0.025000 0.102800 0.000000 0.190700 0.012400 0.037500 0.049800 0.063000 0.012400 0.038300 0.088700 0.116700 0.025100 0.089500 0.088800 0.049800 0.012500 0.012500 0.012300 0.037800 0.089300 0.025000 0.025000
Pronghorn 0.204900 0.215900 0.189400 0.230000 0.203600 0.204900 0.177500 0.175100 0.189400 0.113800 0.203700 0.216900 0.187900 0.176500 0.206000 0.233500 0.126100 0.139900 0.222400 0.189400 0.190500 0.203500 0.100300 0.113400 0.203700 0.217800 0.203900 0.189500 0.190500 0.189400 0.127100 0.190700 0.000000 0.189300 0.187900 0.215700 0.217700 0.189900 0.223600 0.113200 0.087300 0.205400 0.113800 0.113400 0.215700 0.191400 0.190900 0.217200 0.175100 0.115200 0.189400 0.189400
BlueWildeb 0.037700 0.160200 0.024800 0.143600 0.012300 0.037700 0.025200 0.025100 0.024800 0.088800 0.037300 0.075700 0.000100 0.000000 0.012400 0.037300 0.128000 0.114300 0.050900 0.024800 0.000000 0.037400 0.128700 0.088100 0.037300 0.024700 0.012300 0.024900 0.000000 0.024800 0.102000 0.012400 0.189300 0.000000 0.024700 0.049300 0.049700 0.000000 0.025300 0.088000 0.115700 0.012400 0.088800 0.088100 0.049300 0.000100 0.000100 0.024600 0.024100 0.088600 0.024800 0.024800
Gemsbok 0.063200 0.173900 0.050100 0.130900 0.037200 0.063200 0.025000 0.024900 0.050100 0.088100 0.062800 0.075200 0.024500 0.024900 0.037600 0.037000 0.127200 0.113600 0.077100 0.050100 0.024900 0.062800 0.100700 0.087500 0.062800 0.049800 0.037300 0.050100 0.024900 0.050100 0.101300 0.037500 0.187900 0.024700 0.000000 0.074800 0.075500 0.024800 0.051000 0.087300 0.088000 0.037500 0.088100 0.087500 0.074800 0.025000 0.024900 0.024400 0.050400 0.087900 0.050100 0.050100
Yak 0.088500 0.216100 0.049500 0.198900 0.061800 0.088500 0.063400 0.075800 0.049500 0.113800 0.087700 0.049000 0.049100 0.037300 0.062500 0.087900 0.153300 0.139400 0.102400 0.049500 0.049800 0.088000 0.154200 0.113200 0.087700 0.074800 0.061900 0.049500 0.049800 0.049500 0.127100 0.049800 0.215700 0.049300 0.074800 0.000000 0.100400 0.049600 0.076600 0.113100 0.141100 0.062600 0.113800 0.113200 0.000000 0.050000 0.049900 0.074500 0.075200 0.113600 0.049500 0.049500
BlueSheep 0.037400 0.217800 0.075900 0.200600 0.062300 0.037400 0.076900 0.076500 0.075900 0.141900 0.012200 0.128500 0.049500 0.050300 0.063100 0.088600 0.182200 0.167900 0.076600 0.075900 0.050300 0.012200 0.155200 0.140800 0.011800 0.075400 0.062400 0.075900 0.050300 0.075900 0.155500 0.063000 0.217700 0.049700 0.075500 0.100400 0.000000 0.050100 0.077300 0.140600 0.142100 0.063200 0.141900 0.140800 0.100400 0.050400 0.050300 0.075100 0.075900 0.114500 0.075900 0.075900
BohorReedb 0.037800 0.160800 0.024900 0.143800 0.012400 0.037800 0.025300 0.025200 0.024900 0.089000 0.037500 0.075900 0.000100 0.000100 0.012500 0.037400 0.128400 0.114600 0.051200 0.024900 0.000100 0.037500 0.129100 0.088400 0.037500 0.024800 0.012400 0.024900 0.000100 0.024900 0.102300 0.012400 0.189900 0.000000 0.024800 0.049600 0.050100 0.000000 0.025400 0.088300 0.116100 0.012500 0.089000 0.088400 0.049600 0.000200 0.000100 0.024700 0.025100 0.088900 0.024900 0.024900
KirksDik 0.064600 0.161600 0.051200 0.175500 0.038000 0.064600 0.051900 0.050900 0.051200 0.117600 0.064300 0.104100 0.025100 0.025500 0.038500 0.062900 0.158300 0.144000 0.078900 0.051200 0.025000 0.064300 0.159300 0.116700 0.064300 0.050000 0.038100 0.051200 0.025000 0.051200 0.131400 0.038300 0.223600 0.025300 0.051000 0.076600 0.077300 0.025400 0.000000 0.116600 0.145900 0.037800 0.117600 0.116700 0.076600 0.025600 0.025100 0.050700 0.051500 0.117500 0.051200 0.051200
RoeDeer 0.128300 0.100000 0.087900 0.097000 0.101000 0.128300 0.103100 0.115700 0.087900 0.000100 0.127600 0.140800 0.087300 0.075700 0.102000 0.100600 0.035500 0.023500 0.143600 0.087900 0.088500 0.127500 0.035600 0.000000 0.127600 0.114100 0.101100 0.088000 0.088500 0.087900 0.011800 0.088700 0.113200 0.088000 0.087300 0.113100 0.140600 0.088300 0.116600 0.000000 0.023700 0.101800 0.000100 0.000000 0.113100 0.088900 0.088600 0.086900 0.115300 0.023900 0.087900 0.087900
WhiteLippe 0.129700 0.128000 0.115700 0.125900 0.129200 0.129700 0.103900 0.116600 0.115700 0.023100 0.128900 0.141900 0.114900 0.103300 0.130500 0.128600 0.060500 0.048000 0.145100 0.115700 0.116400 0.128900 0.011800 0.023800 0.128900 0.142700 0.129400 0.115800 0.116400 0.115700 0.036000 0.116700 0.087300 0.115700 0.088000 0.141100 0.142100 0.116100 0.145900 0.023700 0.000000 0.130200 0.023800 0.023800 0.141100 0.117000 0.116700 0.114400 0.144300 0.024100 0.115700 0.115700
ThomsonGaz 0.050800 0.175800 0.037700 0.158100 0.024900 0.050800 0.038200 0.037500 0.037700 0.102700 0.050500 0.089400 0.012300 0.012500 0.025200 0.049600 0.142600 0.128600 0.064500 0.037700 0.012300 0.050500 0.143400 0.101900 0.050500 0.036900 0.025000 0.037700 0.012300 0.037700 0.116100 0.025100 0.205400 0.012400 0.037500 0.062600 0.063200 0.012500 0.037800 0.101800 0.130200 0.000000 0.102700 0.101900 0.062600 0.012500 0.012300 0.037400 0.037900 0.102500 0.037700 0.037700
MuntiacusC 0.129600 0.101000 0.088700 0.098700 0.101900 0.129600 0.104000 0.116800 0.088700 0.000000 0.128700 0.142100 0.088100 0.076300 0.102900 0.101500 0.035800 0.023700 0.144900 0.088700 0.089300 0.128700 0.035900 0.000000 0.128700 0.115100 0.102000 0.088700 0.089300 0.088700 0.011500 0.089500 0.113800 0.088800 0.088100 0.113800 0.141900 0.089000 0.117600 0.000100 0.023800 0.102700 0.000000 0.000000 0.113800 0.089700 0.089500 0.087700 0.116300 0.024000 0.088700 0.088700
WhiteTaile 0.128600 0.100200 0.088100 0.097500 0.101100 0.128600 0.103200 0.115900 0.088100 0.000000 0.127800 0.141000 0.087400 0.075800 0.102200 0.100700 0.035600 0.023500 0.143800 0.088100 0.088600 0.127700 0.035700 0.000000 0.127800 0.114200 0.101300 0.088100 0.088600 0.088100 0.011800 0.088800 0.113400 0.088100 0.087500 0.113200 0.140800 0.088400 0.116700 0.000000 0.023800 0.101900 0.000000 0.000000 0.113200 0.089000 0.088800 0.087100 0.115500 0.023900 0.088100 0.088100
Cattle 0.088500 0.216100 0.049500 0.198900 0.060400 0.088500 0.063400 0.075800 0.049500 0.113800 0.087700 0.049000 0.049100 0.037300 0.062500 0.087900 0.153300 0.139400 0.102400 0.049500 0.049800 0.088000 0.154200 0.113200 0.087400 0.074800 0.061900 0.049500 0.049800 0.049500 0.127100 0.049800 0.215700 0.049300 0.074800 0.000000 0.100400 0.049600 0.076600 0.113100 0.141100 0.062600 0.113800 0.113200 0.000000 0.050000 0.049900 0.074500 0.075200 0.113600 0.049500 0.049500
RoyalAntel 0.038000 0.162000 0.025100 0.144400 0.012400 0.038000 0.025500 0.025400 0.025100 0.089700 0.037800 0.076500 0.000300 0.000200 0.012600 0.037700 0.129400 0.115400 0.051600 0.025100 0.000200 0.037800 0.130000 0.089000 0.037800 0.024900 0.012500 0.025100 0.000200 0.025100 0.103000 0.012500 0.191400 0.000100 0.025000 0.050000 0.050400 0.000200 0.025600 0.088900 0.117000 0.012500 0.089700 0.089000 0.050000 0.000000 0.000100 0.024900 0.025200 0.089500 0.025100 0.025100
Steenbok 0.037900 0.161600 0.025000 0.144400 0.012400 0.037900 0.025400 0.024900 0.025000 0.089500 0.037700 0.076300 0.000200 0.000100 0.012500 0.037000 0.129000 0.115200 0.051400 0.025000 0.000000 0.037700 0.129700 0.088800 0.037700 0.024500 0.012400 0.025000 0.000000 0.025000 0.102800 0.012500 0.190900 0.000100 0.024900 0.049900 0.050300 0.000100 0.025100 0.088600 0.116700 0.012300 0.089500 0.088800 0.049900 0.000100 0.000000 0.024800 0.025200 0.089300 0.025000 0.025000
Impala 0.062900 0.173100 0.049800 0.141700 0.037100 0.062900 0.050600 0.050300 0.049800 0.087700 0.062500 0.101300 0.024500 0.024800 0.037500 0.036900 0.100000 0.113000 0.050500 0.049800 0.024800 0.062500 0.127200 0.087100 0.062500 0.049600 0.037100 0.049900 0.024800 0.049800 0.100800 0.012300 0.217200 0.024600 0.024400 0.074500 0.075100 0.024700 0.050700 0.086900 0.114400 0.037400 0.087700 0.087100 0.074500 0.024900 0.024800 0.000000 0.050100 0.087500 0.049800 0.049800
Klipspring 0.063900 0.190700 0.050600 0.173900 0.037500 0.063900 0.051300 0.025100 0.050600 0.116300 0.063200 0.102800 0.024800 0.025100 0.037900 0.063300 0.156700 0.142400 0.077700 0.050600 0.025100 0.063400 0.157400 0.115500 0.063200 0.050300 0.037500 0.050600 0.025100 0.050600 0.130000 0.037800 0.175100 0.024100 0.050400 0.075200 0.075900 0.025100 0.051500 0.115300 0.144300 0.037900 0.116300 0.115500 0.075200 0.025200 0.025200 0.050100 0.000000 0.116000 0.050600 0.050600
ForestMusk 0.102200 0.128800 0.088600 0.126300 0.101600 0.102200 0.103800 0.116500 0.088600 0.024000 0.101600 0.141800 0.087900 0.076200 0.102700 0.101200 0.060800 0.048200 0.116800 0.088600 0.089100 0.101500 0.036200 0.023900 0.101600 0.114800 0.101800 0.088600 0.089100 0.088600 0.036300 0.089300 0.115200 0.088600 0.087900 0.113600 0.114500 0.088900 0.117500 0.023900 0.024100 0.102500 0.024000 0.023900 0.113600 0.089500 0.089300 0.087500 0.116000 0.000000 0.088600 0.088600
Bushbuck 0.063500 0.189600 0.000000 0.142100 0.037400 0.063500 0.038200 0.050700 0.000000 0.088700 0.063100 0.049200 0.024600 0.012500 0.037800 0.063000 0.127900 0.114200 0.077500 0.000000 0.025000 0.063100 0.128700 0.088100 0.063100 0.050000 0.037400 0.000000 0.025000 0.000000 0.101900 0.025000 0.189400 0.024800 0.050100 0.049500 0.075900 0.024900 0.051200 0.087900 0.115700 0.037700 0.088700 0.088100 0.049500 0.025100 0.025000 0.049800 0.050600 0.088600 0.000000 0.000000
GreaterKud 0.063500 0.189600 0.000000 0.142100 0.037400 0.063500 0.038200 0.050700 0.000000 0.088700 0.063100 0.049200 0.024600 0.012500 0.037800 0.063000 0.127900 0.114200 0.077500 0.000000 0.025000 0.063100 0.128700 0.088100 0.063100 0.050000 0.037400 0.000000 0.025000 0.000000 0.101900 0.025000 0.189400 0.024800 0.050100 0.049500 0.075900 0.024900 0.051200 0.087900 0.115700 0.037700 0.088700 0.088100 0.049500 0.025100 0.025000 0.049800 0.050600 0.088600 0.000000 0.000000
