CODONML (in paml version 4.10.7, June 2023)  /home/rachel/ruminants_paml/6406-phy-tree/ENSBTAT00000008767.fasta.phy
Model: free dN/dS Ratios for branches,  kappa = 2.000 fixed

Codon frequency model: F3x4
ns =  54  ls = 115

Codon usage in sequences
--------------------------------------------------------------------------------------------------------------------------------------
Phe TTT   7   6   7   5   6   5 | Ser TCT   2   0   3   3   2   1 | Tyr TAT   2   1   2   2   2   1 | Cys TGT   2   1   2   2   2   2
    TTC   7   7   7   8   6   6 |     TCC   2   4   1   1   2   2 |     TAC   1   2   1   1   1   2 |     TGC   0   1   0   0   0   0
Leu TTA   2   0   2   2   1   3 |     TCA   2   3   2   2   2   3 | *** TAA   0   0   0   0   0   0 | *** TGA   0   0   0   0   0   0
    TTG   1   3   1   1   2   1 |     TCG   0   0   0   0   0   0 |     TAG   0   0   0   0   0   0 | Trp TGG   5   5   5   5   5   5
--------------------------------------------------------------------------------------------------------------------------------------
Leu CTT   5   7   5   6   5   6 | Pro CCT   1   2   1   1   2   2 | His CAT   0   0   0   0   0   0 | Arg CGT   0   1   0   0   0   0
    CTC   4   4   4   4   5   4 |     CCC   2   1   2   2   0   0 |     CAC   0   0   0   0   0   0 |     CGC   0   0   0   0   0   0
    CTA   3   1   2   1   1   1 |     CCA   2   4   4   3   2   2 | Gln CAA   5   5   3   5   4   4 |     CGA   1   0   1   1   1   1
    CTG   2   2   2   3   2   2 |     CCG   1   0   0   1   1   1 |     CAG   1   1   3   1   1   2 |     CGG   0   0   0   0   0   0
--------------------------------------------------------------------------------------------------------------------------------------
Ile ATT   6   7   6   5   5   7 | Thr ACT   1   1   1   1   1   1 | Asn AAT   0   0   0   0   1   0 | Ser AGT   0   1   0   0   0   0
    ATC   2   2   2   2   1   1 |     ACC   1   1   1   1   4   3 |     AAC   1   1   1   1   0   1 |     AGC   1   0   1   1   0   0
    ATA   2   2   2   2   2   1 |     ACA   2   1   2   2   2   2 | Lys AAA   5   3   5   5   4   5 | Arg AGA   1   0   1   1   1   0
Met ATG   3   3   3   3   3   3 |     ACG   0   0   0   0   0   0 |     AAG   2   4   2   2   4   3 |     AGG   0   1   0   0   1   0
--------------------------------------------------------------------------------------------------------------------------------------
Val GTT   2   2   2   3   4   2 | Ala GCT   5   5   5   5   7   6 | Asp GAT   2   1   2   2   1   2 | Gly GGT   2   2   2   2   3   2
    GTC   1   1   1   1   1   1 |     GCC   4   3   4   4   1   3 |     GAC   0   1   0   0   0   0 |     GGC   2   1   1   1   0   1
    GTA   1   0   1   1   1   2 |     GCA   0   0   0   1   1   2 | Glu GAA   2   2   2   2   3   2 |     GGA   3   3   4   4   3   3
    GTG   1   2   1   1   3   3 |     GCG   1   1   1   0   0   0 |     GAG   2   2   2   2   2   2 |     GGG   0   1   0   0   1   1
--------------------------------------------------------------------------------------------------------------------------------------

--------------------------------------------------------------------------------------------------------------------------------------
Phe TTT   7   7   7   7   7   6 | Ser TCT   4   3   3   3   3   3 | Tyr TAT   2   2   2   2   2   3 | Cys TGT   2   2   2   2   2   2
    TTC   7   7   7   7   7   7 |     TCC   1   1   1   1   1   1 |     TAC   1   1   1   1   1   0 |     TGC   0   0   0   0   0   0
Leu TTA   2   2   2   2   2   2 |     TCA   1   2   2   2   2   2 | *** TAA   0   0   0   0   0   0 | *** TGA   0   0   0   0   0   0
    TTG   1   1   1   1   1   1 |     TCG   0   0   0   0   0   0 |     TAG   0   0   0   0   0   0 | Trp TGG   5   5   5   5   5   5
--------------------------------------------------------------------------------------------------------------------------------------
Leu CTT   5   5   5   5   5   6 | Pro CCT   1   1   1   1   1   2 | His CAT   0   0   0   0   0   0 | Arg CGT   0   0   0   0   0   0
    CTC   4   4   4   4   4   4 |     CCC   2   2   2   2   2   1 |     CAC   0   0   0   0   0   0 |     CGC   0   0   0   0   0   0
    CTA   2   3   2   2   2   2 |     CCA   3   2   3   4   4   3 | Gln CAA   5   5   5   5   3   5 |     CGA   1   1   1   1   1   1
    CTG   2   2   2   2   2   2 |     CCG   1   1   1   0   0   1 |     CAG   1   1   1   1   3   1 |     CGG   0   0   0   0   0   0
--------------------------------------------------------------------------------------------------------------------------------------
Ile ATT   6   6   6   5   6   6 | Thr ACT   0   1   1   1   1   1 | Asn AAT   0   0   0   0   0   0 | Ser AGT   0   0   0   0   0   0
    ATC   3   2   2   2   2   2 |     ACC   1   1   1   1   1   1 |     AAC   1   1   1   1   1   1 |     AGC   1   1   1   1   1   1
    ATA   2   2   2   2   2   2 |     ACA   2   2   2   2   2   2 | Lys AAA   5   5   5   5   5   5 | Arg AGA   1   1   1   1   1   1
Met ATG   3   3   3   3   3   3 |     ACG   1   0   0   0   0   0 |     AAG   2   2   2   2   2   2 |     AGG   0   0   0   0   0   0
--------------------------------------------------------------------------------------------------------------------------------------
Val GTT   2   2   2   3   2   1 | Ala GCT   5   5   5   5   5   5 | Asp GAT   2   2   1   2   2   2 | Gly GGT   2   2   2   2   2   2
    GTC   0   1   1   1   1   2 |     GCC   4   4   4   4   4   4 |     GAC   0   0   1   0   0   0 |     GGC   1   2   1   1   1   1
    GTA   1   1   1   1   1   1 |     GCA   1   0   0   0   0   1 | Glu GAA   2   2   2   2   2   2 |     GGA   3   3   4   4   4   4
    GTG   1   1   1   1   1   1 |     GCG   0   1   1   1   1   0 |     GAG   2   2   2   2   2   2 |     GGG   1   0   0   0   0   0
--------------------------------------------------------------------------------------------------------------------------------------

--------------------------------------------------------------------------------------------------------------------------------------
Phe TTT   7   7   7   7   7   7 | Ser TCT   3   3   3   3   2   3 | Tyr TAT   2   2   2   2   2   2 | Cys TGT   2   2   2   2   2   1
    TTC   7   7   7   7   7   7 |     TCC   1   1   1   1   1   1 |     TAC   1   1   1   1   1   1 |     TGC   0   0   0   0   0   1
Leu TTA   2   2   2   2   2   2 |     TCA   2   2   2   2   2   2 | *** TAA   0   0   0   0   0   0 | *** TGA   0   0   0   0   0   0
    TTG   1   1   1   1   1   1 |     TCG   0   0   0   0   0   0 |     TAG   0   0   0   0   0   0 | Trp TGG   5   5   5   5   5   5
--------------------------------------------------------------------------------------------------------------------------------------
Leu CTT   5   5   5   5   5   5 | Pro CCT   1   3   1   1   1   1 | His CAT   0   0   0   0   1   0 | Arg CGT   0   0   0   0   0   0
    CTC   4   4   4   4   4   4 |     CCC   2   1   2   2   2   2 |     CAC   0   0   0   0   0   0 |     CGC   0   0   0   0   0   0
    CTA   2   3   2   2   1   2 |     CCA   3   2   3   3   3   3 | Gln CAA   5   4   5   5   4   5 |     CGA   1   1   1   1   0   1
    CTG   2   1   2   2   3   2 |     CCG   1   1   1   1   1   1 |     CAG   1   2   1   1   1   1 |     CGG   0   0   0   0   0   0
--------------------------------------------------------------------------------------------------------------------------------------
Ile ATT   6   6   6   7   6   6 | Thr ACT   1   1   1   1   2   1 | Asn AAT   0   0   0   0   0   0 | Ser AGT   0   0   0   0   0   0
    ATC   2   2   2   2   2   1 |     ACC   1   1   1   1   1   1 |     AAC   1   1   1   1   1   1 |     AGC   1   1   1   1   1   1
    ATA   2   2   2   2   2   3 |     ACA   2   2   2   2   2   2 | Lys AAA   5   5   5   5   5   5 | Arg AGA   1   1   1   1   2   1
Met ATG   3   3   3   3   3   4 |     ACG   0   0   0   0   0   0 |     AAG   2   2   2   2   2   2 |     AGG   0   0   0   0   0   0
--------------------------------------------------------------------------------------------------------------------------------------
Val GTT   2   2   2   1   2   2 | Ala GCT   5   5   5   5   4   5 | Asp GAT   2   2   2   2   2   2 | Gly GGT   2   2   2   2   2   2
    GTC   1   1   1   1   1   1 |     GCC   4   4   4   4   5   4 |     GAC   0   0   0   0   0   0 |     GGC   1   1   1   1   1   1
    GTA   1   1   1   1   1   0 |     GCA   0   0   1   0   0   0 | Glu GAA   2   2   2   2   2   2 |     GGA   4   4   4   4   4   4
    GTG   1   1   1   1   1   1 |     GCG   1   1   0   1   1   1 |     GAG   2   2   2   2   2   2 |     GGG   0   0   0   0   0   0
--------------------------------------------------------------------------------------------------------------------------------------

--------------------------------------------------------------------------------------------------------------------------------------
Phe TTT   6   6   7   7   7   7 | Ser TCT   2   3   3   3   3   3 | Tyr TAT   2   2   2   2   2   2 | Cys TGT   2   2   2   2   2   2
    TTC   7   7   7   7   7   7 |     TCC   1   1   1   1   1   1 |     TAC   1   1   1   1   1   1 |     TGC   0   0   0   0   0   0
Leu TTA   1   2   2   2   2   2 |     TCA   2   3   2   2   2   2 | *** TAA   0   0   0   0   0   0 | *** TGA   0   0   0   0   0   0
    TTG   2   1   1   1   1   1 |     TCG   0   0   0   0   0   0 |     TAG   0   0   0   0   0   0 | Trp TGG   5   5   5   5   5   5
--------------------------------------------------------------------------------------------------------------------------------------
Leu CTT   6   7   5   5   5   5 | Pro CCT   2   1   1   1   1   1 | His CAT   0   0   0   0   0   0 | Arg CGT   0   0   0   0   0   0
    CTC   3   3   4   4   4   4 |     CCC   1   2   2   2   2   2 |     CAC   0   0   0   0   0   0 |     CGC   0   0   0   0   0   0
    CTA   2   1   2   2   2   2 |     CCA   4   3   3   4   3   3 | Gln CAA   4   4   5   3   5   5 |     CGA   1   1   1   1   1   1
    CTG   3   3   2   2   2   2 |     CCG   1   1   1   0   1   1 |     CAG   1   2   1   3   1   1 |     CGG   0   0   0   0   0   0
--------------------------------------------------------------------------------------------------------------------------------------
Ile ATT   5   6   6   6   6   6 | Thr ACT   1   1   1   1   0   1 | Asn AAT   0   0   0   0   0   0 | Ser AGT   0   0   0   0   0   0
    ATC   3   2   2   2   2   2 |     ACC   1   1   1   1   1   1 |     AAC   1   1   1   1   1   1 |     AGC   1   1   1   1   1   1
    ATA   2   2   2   2   3   2 |     ACA   1   1   2   2   2   2 | Lys AAA   5   5   5   5   5   5 | Arg AGA   1   1   1   1   1   1
Met ATG   3   3   3   3   3   3 |     ACG   0   0   0   0   1   0 |     AAG   2   2   2   2   2   2 |     AGG   0   0   0   0   0   0
--------------------------------------------------------------------------------------------------------------------------------------
Val GTT   2   2   2   2   2   2 | Ala GCT   5   5   5   5   5   5 | Asp GAT   2   2   2   2   2   2 | Gly GGT   1   1   2   2   2   2
    GTC   2   2   1   1   1   1 |     GCC   4   3   4   4   4   4 |     GAC   0   0   0   0   0   0 |     GGC   2   2   1   1   1   1
    GTA   1   1   1   1   0   1 |     GCA   0   0   0   0   0   0 | Glu GAA   3   2   2   2   2   2 |     GGA   3   4   4   4   4   4
    GTG   1   1   1   1   1   1 |     GCG   1   1   1   1   1   1 |     GAG   2   2   2   2   2   2 |     GGG   1   0   0   0   0   0
--------------------------------------------------------------------------------------------------------------------------------------

--------------------------------------------------------------------------------------------------------------------------------------
Phe TTT   6   6   7   7   7   7 | Ser TCT   2   3   3   3   3   3 | Tyr TAT   3   3   2   2   2   2 | Cys TGT   2   2   2   2   2   2
    TTC   7   7   7   7   7   7 |     TCC   1   1   1   1   1   1 |     TAC   0   0   1   1   1   1 |     TGC   0   0   0   0   0   0
Leu TTA   2   2   2   2   2   2 |     TCA   2   2   2   2   2   2 | *** TAA   0   0   0   0   0   0 | *** TGA   0   0   0   0   0   0
    TTG   1   1   1   2   1   1 |     TCG   1   0   0   0   0   0 |     TAG   0   0   0   0   0   0 | Trp TGG   5   5   5   5   5   5
--------------------------------------------------------------------------------------------------------------------------------------
Leu CTT   6   6   5   4   5   5 | Pro CCT   2   1   1   2   2   1 | His CAT   0   0   0   0   0   0 | Arg CGT   0   0   0   0   0   0
    CTC   4   4   4   4   4   4 |     CCC   1   2   2   1   1   2 |     CAC   0   0   0   0   0   0 |     CGC   0   0   0   0   0   0
    CTA   2   2   2   2   2   2 |     CCA   3   3   3   3   3   4 | Gln CAA   5   5   5   5   5   3 |     CGA   1   1   1   1   1   1
    CTG   2   2   2   2   2   2 |     CCG   1   1   1   1   1   0 |     CAG   1   1   1   1   1   3 |     CGG   0   0   0   0   0   0
--------------------------------------------------------------------------------------------------------------------------------------
Ile ATT   6   5   6   5   6   6 | Thr ACT   1   2   1   1   1   1 | Asn AAT   0   0   0   0   0   0 | Ser AGT   0   0   0   0   0   0
    ATC   2   2   2   3   2   2 |     ACC   1   1   1   1   1   1 |     AAC   1   1   1   1   1   1 |     AGC   1   1   1   1   1   1
    ATA   2   2   2   2   2   2 |     ACA   2   2   2   2   2   2 | Lys AAA   5   5   5   5   5   5 | Arg AGA   1   1   1   1   1   1
Met ATG   3   3   3   3   3   3 |     ACG   0   0   0   0   0   0 |     AAG   2   2   2   2   2   2 |     AGG   0   0   0   0   0   0
--------------------------------------------------------------------------------------------------------------------------------------
Val GTT   1   1   2   2   2   2 | Ala GCT   5   5   5   5   5   5 | Asp GAT   2   2   2   2   2   2 | Gly GGT   2   2   2   2   2   2
    GTC   2   2   1   1   1   1 |     GCC   4   4   4   4   4   4 |     GAC   0   0   0   0   0   0 |     GGC   1   1   1   1   1   1
    GTA   1   1   1   1   1   1 |     GCA   0   0   0   0   1   0 | Glu GAA   2   2   2   2   2   2 |     GGA   3   4   4   4   4   4
    GTG   1   1   1   1   1   1 |     GCG   1   1   1   1   0   1 |     GAG   2   2   2   2   2   2 |     GGG   1   0   0   0   0   0
--------------------------------------------------------------------------------------------------------------------------------------

--------------------------------------------------------------------------------------------------------------------------------------
Phe TTT   7   8   6   7   6   7 | Ser TCT   3   3   3   3   3   3 | Tyr TAT   2   2   3   2   2   2 | Cys TGT   2   2   2   2   2   2
    TTC   7   6   7   7   7   7 |     TCC   1   1   1   1   1   1 |     TAC   1   1   0   1   1   1 |     TGC   0   0   0   0   0   0
Leu TTA   2   2   2   2   2   2 |     TCA   2   2   2   2   2   2 | *** TAA   0   0   0   0   0   0 | *** TGA   0   0   0   0   0   0
    TTG   1   1   1   1   1   1 |     TCG   0   0   0   0   0   0 |     TAG   0   0   0   0   0   0 | Trp TGG   5   5   5   5   5   5
--------------------------------------------------------------------------------------------------------------------------------------
Leu CTT   5   6   6   5   5   5 | Pro CCT   1   1   2   1   1   1 | His CAT   0   0   0   1   0   0 | Arg CGT   0   0   0   0   0   0
    CTC   4   3   4   4   5   4 |     CCC   1   2   1   2   2   2 |     CAC   0   0   0   0   0   0 |     CGC   0   0   0   0   0   0
    CTA   2   2   2   2   3   2 |     CCA   3   4   3   3   2   3 | Gln CAA   5   3   5   4   5   5 |     CGA   1   1   1   1   1   1
    CTG   2   2   2   2   2   2 |     CCG   2   0   1   1   1   1 |     CAG   1   3   1   1   1   1 |     CGG   0   0   0   0   0   0
--------------------------------------------------------------------------------------------------------------------------------------
Ile ATT   6   6   6   6   6   6 | Thr ACT   1   1   1   1   1   1 | Asn AAT   0   0   0   0   0   0 | Ser AGT   0   0   0   0   0   0
    ATC   2   2   2   3   2   2 |     ACC   1   1   1   1   1   1 |     AAC   1   1   1   1   1   1 |     AGC   1   1   1   1   1   1
    ATA   3   2   2   2   2   2 |     ACA   2   2   2   2   2   2 | Lys AAA   5   5   5   5   5   5 | Arg AGA   1   1   1   1   1   1
Met ATG   3   3   3   3   3   3 |     ACG   0   0   0   0   0   0 |     AAG   2   2   2   2   2   2 |     AGG   0   0   0   0   0   0
--------------------------------------------------------------------------------------------------------------------------------------
Val GTT   2   2   1   1   2   2 | Ala GCT   5   5   5   5   5   5 | Asp GAT   2   2   2   2   2   2 | Gly GGT   2   2   2   2   2   2
    GTC   1   1   2   1   1   1 |     GCC   4   4   4   4   4   4 |     GAC   0   0   0   0   0   0 |     GGC   1   1   1   1   1   1
    GTA   0   1   1   1   1   1 |     GCA   0   0   0   0   1   0 | Glu GAA   2   2   2   2   2   2 |     GGA   4   4   4   4   4   4
    GTG   1   1   1   1   1   1 |     GCG   1   1   1   1   0   1 |     GAG   2   2   2   2   2   2 |     GGG   0   0   0   0   0   0
--------------------------------------------------------------------------------------------------------------------------------------

--------------------------------------------------------------------------------------------------------------------------------------
Phe TTT   7   7   7   7   6   6 | Ser TCT   3   3   3   4   3   2 | Tyr TAT   2   2   2   2   2   3 | Cys TGT   2   2   2   2   2   2
    TTC   7   7   7   7   8   7 |     TCC   1   1   1   1   1   3 |     TAC   1   1   1   1   1   0 |     TGC   0   0   0   0   0   0
Leu TTA   2   2   2   2   2   2 |     TCA   2   2   2   1   2   1 | *** TAA   0   0   0   0   0   0 | *** TGA   0   0   0   0   0   0
    TTG   1   1   1   1   1   1 |     TCG   0   0   0   0   0   0 |     TAG   0   0   0   0   0   0 | Trp TGG   5   5   5   5   5   5
--------------------------------------------------------------------------------------------------------------------------------------
Leu CTT   5   5   5   5   4   6 | Pro CCT   1   1   1   1   1   2 | His CAT   0   0   0   0   0   0 | Arg CGT   0   0   0   0   0   0
    CTC   3   4   4   3   4   4 |     CCC   2   2   2   2   2   1 |     CAC   0   0   0   0   0   0 |     CGC   0   0   0   0   0   0
    CTA   2   2   3   3   2   2 |     CCA   3   3   2   3   3   3 | Gln CAA   5   5   5   5   4   5 |     CGA   1   1   1   1   1   1
    CTG   3   2   2   2   3   2 |     CCG   1   1   1   1   1   1 |     CAG   1   1   1   1   2   1 |     CGG   0   0   0   0   0   0
--------------------------------------------------------------------------------------------------------------------------------------
Ile ATT   6   6   6   6   6   6 | Thr ACT   1   1   1   0   1   1 | Asn AAT   0   0   0   0   0   0 | Ser AGT   0   0   0   1   0   0
    ATC   2   2   2   3   2   2 |     ACC   1   1   1   1   1   1 |     AAC   1   1   1   1   1   1 |     AGC   1   1   1   1   1   1
    ATA   2   2   2   2   2   2 |     ACA   2   2   2   2   2   2 | Lys AAA   5   5   5   5   5   5 | Arg AGA   1   1   1   1   1   1
Met ATG   3   3   3   3   3   3 |     ACG   0   0   0   1   0   0 |     AAG   2   2   2   2   2   2 |     AGG   0   0   0   0   0   0
--------------------------------------------------------------------------------------------------------------------------------------
Val GTT   2   2   2   2   2   1 | Ala GCT   4   5   5   5   5   5 | Asp GAT   2   2   2   2   2   2 | Gly GGT   2   2   2   1   2   2
    GTC   1   1   1   0   1   2 |     GCC   4   4   4   4   4   4 |     GAC   0   0   0   0   0   0 |     GGC   1   1   1   1   1   1
    GTA   1   1   1   1   1   1 |     GCA   2   0   0   1   0   0 | Glu GAA   2   2   2   2   2   2 |     GGA   4   4   4   3   4   3
    GTG   1   1   1   1   1   1 |     GCG   0   1   1   0   1   1 |     GAG   2   2   2   2   2   2 |     GGG   0   0   0   1   0   1
--------------------------------------------------------------------------------------------------------------------------------------

--------------------------------------------------------------------------------------------------------------------------------------
Phe TTT   6   7   6   6   7   7 | Ser TCT   3   3   3   3   3   2 | Tyr TAT   3   2   3   3   2   2 | Cys TGT   2   2   2   2   2   2
    TTC   7   7   7   7   7   7 |     TCC   1   1   1   1   1   2 |     TAC   0   1   0   0   1   1 |     TGC   0   0   0   0   0   0
Leu TTA   2   2   2   2   2   2 |     TCA   2   2   2   2   2   2 | *** TAA   0   0   0   0   0   0 | *** TGA   0   0   0   0   0   0
    TTG   1   1   1   1   1   1 |     TCG   0   0   0   0   0   0 |     TAG   0   0   0   0   0   0 | Trp TGG   5   5   5   5   5   5
--------------------------------------------------------------------------------------------------------------------------------------
Leu CTT   6   5   6   6   5   3 | Pro CCT   1   3   2   2   1   1 | His CAT   0   0   0   0   0   0 | Arg CGT   0   0   0   0   0   0
    CTC   5   4   4   4   4   5 |     CCC   2   0   1   1   2   2 |     CAC   0   0   0   0   0   0 |     CGC   0   0   0   0   0   0
    CTA   1   1   2   1   2   1 |     CCA   3   3   3   3   3   2 | Gln CAA   5   5   5   5   5   5 |     CGA   1   1   1   1   1   1
    CTG   2   3   2   3   2   4 |     CCG   1   1   1   1   1   1 |     CAG   1   1   1   1   1   2 |     CGG   0   0   0   0   0   0
--------------------------------------------------------------------------------------------------------------------------------------
Ile ATT   6   6   6   6   5   6 | Thr ACT   1   1   1   1   1   1 | Asn AAT   0   0   0   0   0   0 | Ser AGT   0   0   0   0   0   0
    ATC   2   2   2   2   2   2 |     ACC   1   1   1   1   1   1 |     AAC   1   1   1   1   1   1 |     AGC   1   1   1   1   1   1
    ATA   2   2   2   2   2   2 |     ACA   2   2   2   2   2   2 | Lys AAA   5   5   5   5   5   5 | Arg AGA   1   1   1   1   1   1
Met ATG   3   3   3   3   3   3 |     ACG   0   0   0   0   0   0 |     AAG   2   2   2   2   2   2 |     AGG   0   0   0   0   0   0
--------------------------------------------------------------------------------------------------------------------------------------
Val GTT   1   2   1   1   3   2 | Ala GCT   5   5   5   5   5   5 | Asp GAT   2   2   2   2   2   2 | Gly GGT   2   2   2   2   2   2
    GTC   2   1   2   2   1   2 |     GCC   3   4   4   4   4   4 |     GAC   0   0   0   0   0   0 |     GGC   1   1   1   1   1   1
    GTA   1   1   1   1   1   1 |     GCA   0   0   0   0   0   1 | Glu GAA   2   2   2   2   1   2 |     GGA   3   4   4   4   4   4
    GTG   1   1   1   1   1   0 |     GCG   2   1   1   1   1   0 |     GAG   2   2   2   2   3   2 |     GGG   1   0   0   0   0   0
--------------------------------------------------------------------------------------------------------------------------------------

--------------------------------------------------------------------------------------------------------------------------------------
Phe TTT   7   6   7   5   7   7 | Ser TCT   2   3   2   3   3   3 | Tyr TAT   2   1   1   2   3   2 | Cys TGT   2   3   2   2   2   2
    TTC   7   8   7   8   7   7 |     TCC   2   1   1   1   1   1 |     TAC   1   1   2   1   0   1 |     TGC   0   0   0   0   0   0
Leu TTA   2   2   1   2   2   2 |     TCA   2   2   2   2   2   2 | *** TAA   0   0   0   0   0   0 | *** TGA   0   0   0   0   0   0
    TTG   1   1   2   1   1   1 |     TCG   0   0   0   0   0   0 |     TAG   0   0   0   0   0   0 | Trp TGG   5   5   5   5   5   5
--------------------------------------------------------------------------------------------------------------------------------------
Leu CTT   5   5   3   6   5   5 | Pro CCT   1   1   2   1   1   1 | His CAT   0   0   0   0   0   0 | Arg CGT   0   0   0   0   0   0
    CTC   4   4   5   4   4   4 |     CCC   2   2   1   2   2   2 |     CAC   0   0   0   0   0   0 |     CGC   0   0   0   0   0   0
    CTA   2   2   2   1   2   2 |     CCA   2   3   2   3   4   4 | Gln CAA   5   4   4   5   3   2 |     CGA   1   2   1   1   1   2
    CTG   2   2   3   3   2   2 |     CCG   2   1   1   1   0   0 |     CAG   1   2   2   1   3   3 |     CGG   0   0   0   0   0   0
--------------------------------------------------------------------------------------------------------------------------------------
Ile ATT   6   6   6   5   7   6 | Thr ACT   1   2   2   1   1   1 | Asn AAT   0   0   0   0   0   0 | Ser AGT   0   0   0   0   0   0
    ATC   2   2   2   2   2   2 |     ACC   1   1   1   1   1   1 |     AAC   1   1   1   1   1   1 |     AGC   1   1   1   1   1   1
    ATA   2   2   1   2   2   2 |     ACA   2   2   2   2   2   2 | Lys AAA   5   5   4   5   5   5 | Arg AGA   1   1   1   1   1   1
Met ATG   3   3   4   3   3   3 |     ACG   0   0   0   0   0   0 |     AAG   2   2   3   2   2   2 |     AGG   0   0   0   0   0   0
--------------------------------------------------------------------------------------------------------------------------------------
Val GTT   2   1   2   3   1   2 | Ala GCT   5   5   6   5   5   5 | Asp GAT   2   2   2   2   2   2 | Gly GGT   2   2   2   2   2   2
    GTC   1   1   1   1   1   1 |     GCC   4   4   4   4   4   4 |     GAC   0   0   0   0   0   0 |     GGC   1   1   1   1   1   1
    GTA   1   1   1   1   1   1 |     GCA   0   1   1   1   0   0 | Glu GAA   2   2   2   2   2   2 |     GGA   4   4   3   4   4   4
    GTG   1   1   1   1   1   1 |     GCG   1   0   0   0   1   1 |     GAG   2   1   2   2   2   2 |     GGG   0   0   1   0   0   0
--------------------------------------------------------------------------------------------------------------------------------------

Codon position x base (3x4) table for each sequence.

#1: Argali         
position  1:    T:0.28696    C:0.23478    A:0.23478    G:0.24348
position  2:    T:0.42609    C:0.22609    A:0.20000    G:0.14783
position  3:    T:0.32174    C:0.24348    A:0.26957    G:0.16522
Average         T:0.34493    C:0.23478    A:0.23478    G:0.18551

#2: LesserMouseDeer
position  1:    T:0.28696    C:0.24348    A:0.23478    G:0.23478
position  2:    T:0.42609    C:0.22609    A:0.20000    G:0.14783
position  3:    T:0.32174    C:0.25217    A:0.20870    G:0.21739
Average         T:0.34493    C:0.24058    A:0.21449    G:0.20000

#3: LesserKudu     
position  1:    T:0.28696    C:0.23478    A:0.23478    G:0.24348
position  2:    T:0.41739    C:0.23478    A:0.20000    G:0.14783
position  3:    T:0.33043    C:0.22609    A:0.26957    G:0.17391
Average         T:0.34493    C:0.23188    A:0.23478    G:0.18841

#4: ForestMuskDeer2
position  1:    T:0.27826    C:0.24348    A:0.22609    G:0.25217
position  2:    T:0.41739    C:0.23478    A:0.20000    G:0.14783
position  3:    T:0.32174    C:0.23478    A:0.27826    G:0.16522
Average         T:0.33913    C:0.23768    A:0.23478    G:0.18841

#5: Camel          
position  1:    T:0.26957    C:0.20870    A:0.25217    G:0.26957
position  2:    T:0.41739    C:0.23478    A:0.20000    G:0.14783
position  3:    T:0.35652    C:0.18261    A:0.24348    G:0.21739
Average         T:0.34783    C:0.20870    A:0.23188    G:0.21159

#6: KillerWhale    
position  1:    T:0.26957    C:0.21739    A:0.23478    G:0.27826
position  2:    T:0.41739    C:0.24348    A:0.20870    G:0.13043
position  3:    T:0.32174    C:0.20870    A:0.26957    G:0.20000
Average         T:0.33623    C:0.22319    A:0.23768    G:0.20290

#7: DefassaWaterbuck
position  1:    T:0.28696    C:0.23478    A:0.24348    G:0.23478
position  2:    T:0.41739    C:0.23478    A:0.20000    G:0.14783
position  3:    T:0.33043    C:0.22609    A:0.26957    G:0.17391
Average         T:0.34493    C:0.23188    A:0.23768    G:0.18551

#8: Sheep          
position  1:    T:0.28696    C:0.23478    A:0.23478    G:0.24348
position  2:    T:0.42609    C:0.22609    A:0.20000    G:0.14783
position  3:    T:0.33043    C:0.23478    A:0.26957    G:0.16522
Average         T:0.34783    C:0.23188    A:0.23478    G:0.18551

#9: MaxwellsDuiker 
position  1:    T:0.28696    C:0.23478    A:0.23478    G:0.24348
position  2:    T:0.41739    C:0.23478    A:0.20000    G:0.14783
position  3:    T:0.32174    C:0.23478    A:0.27826    G:0.16522
Average         T:0.34203    C:0.23478    A:0.23768    G:0.18551

#10: GazellaPrzewalskyi
position  1:    T:0.28696    C:0.23478    A:0.22609    G:0.25217
position  2:    T:0.41739    C:0.23478    A:0.20000    G:0.14783
position  3:    T:0.33043    C:0.22609    A:0.28696    G:0.15652
Average         T:0.34493    C:0.23188    A:0.23768    G:0.18551

#11: MountainNyala  
position  1:    T:0.28696    C:0.23478    A:0.23478    G:0.24348
position  2:    T:0.41739    C:0.23478    A:0.20000    G:0.14783
position  3:    T:0.33043    C:0.22609    A:0.26957    G:0.17391
Average         T:0.34493    C:0.23188    A:0.23478    G:0.18841

#12: MuntiacusMuntjak
position  1:    T:0.27826    C:0.24348    A:0.23478    G:0.24348
position  2:    T:0.41739    C:0.23478    A:0.20000    G:0.14783
position  3:    T:0.33913    C:0.21739    A:0.28696    G:0.15652
Average         T:0.34493    C:0.23188    A:0.24058    G:0.18261

#13: goat           
position  1:    T:0.28696    C:0.23478    A:0.23478    G:0.24348
position  2:    T:0.41739    C:0.23478    A:0.20000    G:0.14783
position  3:    T:0.33043    C:0.22609    A:0.27826    G:0.16522
Average         T:0.34493    C:0.23188    A:0.23768    G:0.18551

#14: AfricanBuffalo 
position  1:    T:0.28696    C:0.23478    A:0.23478    G:0.24348
position  2:    T:0.41739    C:0.23478    A:0.20000    G:0.14783
position  3:    T:0.34783    C:0.21739    A:0.26957    G:0.16522
Average         T:0.35072    C:0.22899    A:0.23478    G:0.18551

#15: Topi           
position  1:    T:0.28696    C:0.23478    A:0.23478    G:0.24348
position  2:    T:0.41739    C:0.23478    A:0.20000    G:0.14783
position  3:    T:0.33043    C:0.22609    A:0.28696    G:0.15652
Average         T:0.34493    C:0.23188    A:0.24058    G:0.18261

#16: CommonDuiker   
position  1:    T:0.28696    C:0.23478    A:0.24348    G:0.23478
position  2:    T:0.41739    C:0.23478    A:0.20000    G:0.14783
position  3:    T:0.33043    C:0.22609    A:0.27826    G:0.16522
Average         T:0.34493    C:0.23188    A:0.24058    G:0.18261

#17: Suni           
position  1:    T:0.27826    C:0.22609    A:0.25217    G:0.24348
position  2:    T:0.41739    C:0.23478    A:0.20000    G:0.14783
position  3:    T:0.33043    C:0.23478    A:0.26087    G:0.17391
Average         T:0.34203    C:0.23188    A:0.23768    G:0.18841

#18: Springbuck     
position  1:    T:0.28696    C:0.23478    A:0.24348    G:0.23478
position  2:    T:0.41739    C:0.23478    A:0.20000    G:0.14783
position  3:    T:0.32174    C:0.22609    A:0.27826    G:0.17391
Average         T:0.34203    C:0.23188    A:0.24058    G:0.18551

#19: Okapi          
position  1:    T:0.26957    C:0.24348    A:0.22609    G:0.26087
position  2:    T:0.42609    C:0.22609    A:0.20000    G:0.14783
position  3:    T:0.31304    C:0.23478    A:0.26087    G:0.19130
Average         T:0.33623    C:0.23478    A:0.22899    G:0.20000

#20: Giraffe        
position  1:    T:0.28696    C:0.24348    A:0.22609    G:0.24348
position  2:    T:0.42609    C:0.22609    A:0.20000    G:0.14783
position  3:    T:0.33043    C:0.22609    A:0.26087    G:0.18261
Average         T:0.34783    C:0.23188    A:0.22899    G:0.19130

#21: TibetanAntelope
position  1:    T:0.28696    C:0.23478    A:0.23478    G:0.24348
position  2:    T:0.41739    C:0.23478    A:0.20000    G:0.14783
position  3:    T:0.33043    C:0.22609    A:0.27826    G:0.16522
Average         T:0.34493    C:0.23188    A:0.23768    G:0.18551

#22: Sitatunga      
position  1:    T:0.28696    C:0.23478    A:0.23478    G:0.24348
position  2:    T:0.41739    C:0.23478    A:0.20000    G:0.14783
position  3:    T:0.33043    C:0.22609    A:0.26957    G:0.17391
Average         T:0.34493    C:0.23188    A:0.23478    G:0.18841

#23: Oribi          
position  1:    T:0.28696    C:0.23478    A:0.24348    G:0.23478
position  2:    T:0.41739    C:0.23478    A:0.20000    G:0.14783
position  3:    T:0.32174    C:0.22609    A:0.27826    G:0.17391
Average         T:0.34203    C:0.23188    A:0.24058    G:0.18551

#24: BarbarySheep   
position  1:    T:0.28696    C:0.23478    A:0.23478    G:0.24348
position  2:    T:0.41739    C:0.23478    A:0.20000    G:0.14783
position  3:    T:0.33043    C:0.22609    A:0.27826    G:0.16522
Average         T:0.34493    C:0.23188    A:0.23768    G:0.18551

#25: Daviddeer      
position  1:    T:0.27826    C:0.24348    A:0.23478    G:0.24348
position  2:    T:0.41739    C:0.23478    A:0.20000    G:0.14783
position  3:    T:0.33043    C:0.21739    A:0.26957    G:0.18261
Average         T:0.34203    C:0.23188    A:0.23478    G:0.19130

#26: Reindeer       
position  1:    T:0.27826    C:0.24348    A:0.23478    G:0.24348
position  2:    T:0.40870    C:0.24348    A:0.20000    G:0.14783
position  3:    T:0.33043    C:0.22609    A:0.27826    G:0.16522
Average         T:0.33913    C:0.23768    A:0.23768    G:0.18551

#27: Ibex           
position  1:    T:0.28696    C:0.23478    A:0.23478    G:0.24348
position  2:    T:0.41739    C:0.23478    A:0.20000    G:0.14783
position  3:    T:0.33043    C:0.22609    A:0.27826    G:0.16522
Average         T:0.34493    C:0.23188    A:0.23768    G:0.18551

#28: GyrantGazelle  
position  1:    T:0.29565    C:0.22609    A:0.23478    G:0.24348
position  2:    T:0.41739    C:0.23478    A:0.20000    G:0.14783
position  3:    T:0.32174    C:0.22609    A:0.27826    G:0.17391
Average         T:0.34493    C:0.22899    A:0.23768    G:0.18841

#29: Hartebeest     
position  1:    T:0.28696    C:0.23478    A:0.23478    G:0.24348
position  2:    T:0.41739    C:0.23478    A:0.20000    G:0.14783
position  3:    T:0.33913    C:0.21739    A:0.28696    G:0.15652
Average         T:0.34783    C:0.22899    A:0.24058    G:0.18261

#30: Bongo          
position  1:    T:0.28696    C:0.23478    A:0.23478    G:0.24348
position  2:    T:0.41739    C:0.23478    A:0.20000    G:0.14783
position  3:    T:0.33043    C:0.22609    A:0.26957    G:0.17391
Average         T:0.34493    C:0.23188    A:0.23478    G:0.18841

#31: Gerenuk        
position  1:    T:0.28696    C:0.23478    A:0.24348    G:0.23478
position  2:    T:0.41739    C:0.23478    A:0.20000    G:0.14783
position  3:    T:0.33043    C:0.21739    A:0.27826    G:0.17391
Average         T:0.34493    C:0.22899    A:0.24058    G:0.18551

#32: CommonEland    
position  1:    T:0.28696    C:0.23478    A:0.23478    G:0.24348
position  2:    T:0.41739    C:0.23478    A:0.20000    G:0.14783
position  3:    T:0.34783    C:0.20870    A:0.26957    G:0.17391
Average         T:0.35072    C:0.22609    A:0.23478    G:0.18841

#33: MuntiacusReevesi
position  1:    T:0.27826    C:0.24348    A:0.23478    G:0.24348
position  2:    T:0.41739    C:0.23478    A:0.20000    G:0.14783
position  3:    T:0.33913    C:0.21739    A:0.27826    G:0.16522
Average         T:0.34493    C:0.23188    A:0.23768    G:0.18551

#34: HarveysDuiker  
position  1:    T:0.28696    C:0.23478    A:0.24348    G:0.23478
position  2:    T:0.41739    C:0.23478    A:0.20000    G:0.14783
position  3:    T:0.33043    C:0.23478    A:0.26957    G:0.16522
Average         T:0.34493    C:0.23478    A:0.23768    G:0.18261

#35: Pronghorn      
position  1:    T:0.27826    C:0.24348    A:0.23478    G:0.24348
position  2:    T:0.42609    C:0.22609    A:0.20000    G:0.14783
position  3:    T:0.32174    C:0.23478    A:0.28696    G:0.15652
Average         T:0.34203    C:0.23478    A:0.24058    G:0.18261

#36: BlueWildebeest 
position  1:    T:0.28696    C:0.23478    A:0.23478    G:0.24348
position  2:    T:0.41739    C:0.23478    A:0.20000    G:0.14783
position  3:    T:0.33043    C:0.22609    A:0.27826    G:0.16522
Average         T:0.34493    C:0.23188    A:0.23768    G:0.18551

#37: Gemsbok        
position  1:    T:0.28696    C:0.23478    A:0.23478    G:0.24348
position  2:    T:0.41739    C:0.23478    A:0.20000    G:0.14783
position  3:    T:0.32174    C:0.21739    A:0.29565    G:0.16522
Average         T:0.34203    C:0.22899    A:0.24348    G:0.18551

#38: Yak            
position  1:    T:0.28696    C:0.23478    A:0.23478    G:0.24348
position  2:    T:0.41739    C:0.23478    A:0.20000    G:0.14783
position  3:    T:0.33043    C:0.22609    A:0.27826    G:0.16522
Average         T:0.34493    C:0.23188    A:0.23768    G:0.18551

#39: BlueSheep      
position  1:    T:0.28696    C:0.23478    A:0.23478    G:0.24348
position  2:    T:0.42609    C:0.22609    A:0.20000    G:0.14783
position  3:    T:0.33043    C:0.22609    A:0.27826    G:0.16522
Average         T:0.34783    C:0.22899    A:0.23768    G:0.18551

#40: BohorReedbuck  
position  1:    T:0.28696    C:0.23478    A:0.25217    G:0.22609
position  2:    T:0.41739    C:0.23478    A:0.20000    G:0.14783
position  3:    T:0.33043    C:0.21739    A:0.27826    G:0.17391
Average         T:0.34493    C:0.22899    A:0.24348    G:0.18261

#41: KirksDik       
position  1:    T:0.28696    C:0.23478    A:0.23478    G:0.24348
position  2:    T:0.41739    C:0.23478    A:0.20000    G:0.14783
position  3:    T:0.31304    C:0.23478    A:0.26957    G:0.18261
Average         T:0.33913    C:0.23478    A:0.23478    G:0.19130

#42: RoeDeer        
position  1:    T:0.27826    C:0.24348    A:0.23478    G:0.24348
position  2:    T:0.41739    C:0.23478    A:0.20000    G:0.14783
position  3:    T:0.33043    C:0.23478    A:0.26087    G:0.17391
Average         T:0.34203    C:0.23768    A:0.23188    G:0.18841

#43: WhiteLippedDeer
position  1:    T:0.27826    C:0.24348    A:0.23478    G:0.24348
position  2:    T:0.41739    C:0.23478    A:0.20000    G:0.14783
position  3:    T:0.33043    C:0.22609    A:0.26087    G:0.18261
Average         T:0.34203    C:0.23478    A:0.23188    G:0.19130

#44: ThomsonGazelle 
position  1:    T:0.28696    C:0.23478    A:0.23478    G:0.24348
position  2:    T:0.41739    C:0.23478    A:0.20000    G:0.14783
position  3:    T:0.34783    C:0.20870    A:0.26957    G:0.17391
Average         T:0.35072    C:0.22609    A:0.23478    G:0.18841

#45: MuntiacusCrinifrons
position  1:    T:0.27826    C:0.24348    A:0.23478    G:0.24348
position  2:    T:0.41739    C:0.23478    A:0.20000    G:0.14783
position  3:    T:0.33913    C:0.21739    A:0.27826    G:0.16522
Average         T:0.34493    C:0.23188    A:0.23768    G:0.18551

#46: WhiteTailedDeer
position  1:    T:0.27826    C:0.24348    A:0.23478    G:0.24348
position  2:    T:0.41739    C:0.23478    A:0.20000    G:0.14783
position  3:    T:0.33913    C:0.21739    A:0.26957    G:0.17391
Average         T:0.34493    C:0.23188    A:0.23478    G:0.18841

#47: Cattle         
position  1:    T:0.28696    C:0.23478    A:0.22609    G:0.25217
position  2:    T:0.41739    C:0.23478    A:0.20000    G:0.14783
position  3:    T:0.33043    C:0.22609    A:0.26957    G:0.17391
Average         T:0.34493    C:0.23188    A:0.23188    G:0.19130

#48: RoyalAntelope  
position  1:    T:0.28696    C:0.23478    A:0.23478    G:0.24348
position  2:    T:0.41739    C:0.22609    A:0.20870    G:0.14783
position  3:    T:0.30435    C:0.25217    A:0.26957    G:0.17391
Average         T:0.33623    C:0.23768    A:0.23768    G:0.18841

#49: Steenbok       
position  1:    T:0.28696    C:0.23478    A:0.23478    G:0.24348
position  2:    T:0.41739    C:0.23478    A:0.20000    G:0.14783
position  3:    T:0.32174    C:0.23478    A:0.26957    G:0.17391
Average         T:0.34203    C:0.23478    A:0.23478    G:0.18841

#50: Impala         
position  1:    T:0.28696    C:0.24348    A:0.24348    G:0.22609
position  2:    T:0.40870    C:0.24348    A:0.18261    G:0.16522
position  3:    T:0.32174    C:0.23478    A:0.28696    G:0.15652
Average         T:0.33913    C:0.24058    A:0.23768    G:0.18261

#51: Klipspringer   
position  1:    T:0.27826    C:0.22609    A:0.24348    G:0.25217
position  2:    T:0.41739    C:0.23478    A:0.20000    G:0.14783
