CODONML (in paml version 4.10.7, June 2023)  /home/rachel/ruminants_paml/6406-phy-tree/ENSBTAT00000003907.fasta.phy
Model: free dN/dS Ratios for branches,  kappa = 2.000 fixed

Codon frequency model: F3x4
ns =  54  ls =  30

Codon usage in sequences
--------------------------------------------------------------------------------------------------------------------------------------
Phe TTT   1   0   1   1   1   1 | Ser TCT   1   1   1   0   1   1 | Tyr TAT   1   1   2   1   1   1 | Cys TGT   0   0   0   0   0   0
    TTC   0   1   0   0   0   0 |     TCC   1   1   1   2   1   1 |     TAC   1   1   0   1   1   1 |     TGC   0   0   0   0   0   0
Leu TTA   0   0   0   0   0   0 |     TCA   0   0   0   0   0   0 | *** TAA   0   0   0   0   0   0 | *** TGA   0   0   0   0   0   0
    TTG   0   0   0   0   0   0 |     TCG   0   0   0   0   0   0 |     TAG   0   0   0   0   0   0 | Trp TGG   0   0   0   0   0   0
--------------------------------------------------------------------------------------------------------------------------------------
Leu CTT   1   1   1   1   1   1 | Pro CCT   0   0   0   0   0   0 | His CAT   0   0   0   0   0   0 | Arg CGT   1   1   1   0   1   1
    CTC   0   0   0   0   0   0 |     CCC   0   0   0   0   0   0 |     CAC   0   0   0   0   0   0 |     CGC   0   0   0   1   0   0
    CTA   0   0   0   0   0   0 |     CCA   0   1   0   0   0   1 | Gln CAA   0   0   0   0   0   0 |     CGA   0   0   0   0   0   0
    CTG   1   1   1   1   1   1 |     CCG   1   0   1   1   1   0 |     CAG   2   2   2   2   2   2 |     CGG   1   0   0   0   0   0
--------------------------------------------------------------------------------------------------------------------------------------
Ile ATT   0   0   0   0   0   1 | Thr ACT   0   0   0   0   0   0 | Asn AAT   0   0   0   0   0   0 | Ser AGT   1   1   1   1   1   1
    ATC   2   2   2   2   2   1 |     ACC   0   0   0   0   0   0 |     AAC   0   0   0   0   0   0 |     AGC   0   0   0   0   0   0
    ATA   1   1   1   1   1   1 |     ACA   0   0   0   0   0   0 | Lys AAA   0   1   1   1   1   1 | Arg AGA   0   0   0   0   0   0
Met ATG   0   0   0   0   0   0 |     ACG   0   0   0   0   0   0 |     AAG   1   0   0   0   0   0 |     AGG   0   1   1   1   1   1
--------------------------------------------------------------------------------------------------------------------------------------
Val GTT   1   1   1   1   1   1 | Ala GCT   2   1   2   2   2   2 | Asp GAT   0   1   0   1   0   0 | Gly GGT   0   0   0   0   0   0
    GTC   1   1   1   1   1   1 |     GCC   1   1   1   1   1   1 |     GAC   1   0   1   0   1   1 |     GGC   0   0   0   0   0   0
    GTA   1   1   1   1   1   1 |     GCA   2   2   2   2   1   2 | Glu GAA   0   0   0   0   0   0 |     GGA   0   0   0   0   0   0
    GTG   1   1   1   1   1   1 |     GCG   0   1   0   0   1   0 |     GAG   2   2   2   2   2   2 |     GGG   1   1   1   1   1   1
--------------------------------------------------------------------------------------------------------------------------------------

--------------------------------------------------------------------------------------------------------------------------------------
Phe TTT   0   1   0   0   1   0 | Ser TCT   1   1   1   1   1   1 | Tyr TAT   1   1   1   1   1   1 | Cys TGT   0   0   0   0   0   0
    TTC   1   0   1   1   0   1 |     TCC   1   1   1   1   1   1 |     TAC   1   1   1   1   1   1 |     TGC   0   0   0   0   0   0
Leu TTA   0   0   0   0   0   0 |     TCA   0   0   0   0   0   0 | *** TAA   0   0   0   0   0   0 | *** TGA   0   0   0   0   0   0
    TTG   0   0   0   0   0   1 |     TCG   0   0   0   0   0   0 |     TAG   0   0   0   0   0   0 | Trp TGG   0   0   0   0   0   0
--------------------------------------------------------------------------------------------------------------------------------------
Leu CTT   1   1   1   1   1   1 | Pro CCT   0   0   0   0   0   0 | His CAT   0   0   0   0   0   0 | Arg CGT   1   1   1   1   1   1
    CTC   0   0   0   0   0   0 |     CCC   0   0   0   0   0   0 |     CAC   0   0   0   0   0   0 |     CGC   0   0   0   0   0   0
    CTA   0   0   0   0   0   0 |     CCA   1   0   0   0   0   0 | Gln CAA   0   0   0   0   0   0 |     CGA   0   0   0   0   0   0
    CTG   1   1   1   1   1   0 |     CCG   0   1   1   1   1   1 |     CAG   2   2   2   2   2   2 |     CGG   0   1   0   0   0   0
--------------------------------------------------------------------------------------------------------------------------------------
Ile ATT   0   0   0   0   0   0 | Thr ACT   0   0   0   0   0   0 | Asn AAT   0   0   0   0   0   0 | Ser AGT   1   1   1   1   1   1
    ATC   2   2   2   2   2   2 |     ACC   0   0   0   0   0   0 |     AAC   0   0   0   0   0   0 |     AGC   0   0   0   0   0   0
    ATA   1   1   1   1   1   1 |     ACA   0   0   0   0   0   0 | Lys AAA   1   0   1   1   1   1 | Arg AGA   0   0   0   0   0   0
Met ATG   0   0   0   0   0   0 |     ACG   0   0   0   0   0   0 |     AAG   0   1   0   0   0   0 |     AGG   1   0   1   1   1   1
--------------------------------------------------------------------------------------------------------------------------------------
Val GTT   1   1   1   1   1   1 | Ala GCT   2   2   2   2   2   2 | Asp GAT   1   0   0   0   0   0 | Gly GGT   0   0   0   0   0   0
    GTC   1   1   1   1   1   1 |     GCC   1   1   1   1   1   1 |     GAC   0   1   1   1   1   1 |     GGC   0   0   0   0   0   0
    GTA   1   1   1   1   1   1 |     GCA   2   2   2   2   2   2 | Glu GAA   0   0   0   0   0   0 |     GGA   0   0   0   0   0   0
    GTG   1   1   1   1   1   1 |     GCG   0   0   0   0   0   0 |     GAG   2   2   2   2   2   2 |     GGG   1   1   1   1   1   1
--------------------------------------------------------------------------------------------------------------------------------------

--------------------------------------------------------------------------------------------------------------------------------------
Phe TTT   1   1   1   1   0   0 | Ser TCT   1   1   1   1   1   1 | Tyr TAT   1   1   1   1   1   1 | Cys TGT   0   0   0   0   0   0
    TTC   0   0   0   0   1   1 |     TCC   1   1   1   1   1   1 |     TAC   1   1   1   1   1   1 |     TGC   0   0   0   0   0   0
Leu TTA   0   0   0   0   0   0 |     TCA   0   0   0   0   0   0 | *** TAA   0   0   0   0   0   0 | *** TGA   0   0   0   0   0   0
    TTG   0   0   0   0   0   0 |     TCG   0   0   0   0   0   0 |     TAG   0   0   0   0   0   0 | Trp TGG   0   0   0   0   0   0
--------------------------------------------------------------------------------------------------------------------------------------
Leu CTT   1   1   1   1   1   1 | Pro CCT   0   0   0   1   0   0 | His CAT   0   0   0   0   0   0 | Arg CGT   1   1   1   0   1   1
    CTC   0   0   0   0   0   0 |     CCC   0   0   0   0   0   0 |     CAC   0   0   0   0   0   0 |     CGC   0   0   0   0   0   0
    CTA   0   0   0   0   0   0 |     CCA   0   0   0   0   1   1 | Gln CAA   0   0   0   0   0   0 |     CGA   0   0   0   0   0   0
    CTG   1   1   1   1   1   1 |     CCG   1   1   1   1   0   0 |     CAG   2   2   2   2   2   2 |     CGG   0   0   0   0   0   0
--------------------------------------------------------------------------------------------------------------------------------------
Ile ATT   0   0   0   0   0   0 | Thr ACT   0   0   0   0   0   0 | Asn AAT   0   0   0   0   0   0 | Ser AGT   1   1   1   1   1   1
    ATC   2   2   2   2   2   2 |     ACC   0   0   0   0   0   0 |     AAC   0   0   0   0   0   0 |     AGC   0   0   0   0   0   0
    ATA   1   1   1   1   1   1 |     ACA   0   0   0   0   0   0 | Lys AAA   0   1   1   1   1   1 | Arg AGA   0   0   0   0   0   0
Met ATG   0   0   0   0   0   0 |     ACG   0   0   0   0   0   0 |     AAG   1   0   0   0   0   0 |     AGG   1   1   1   1   1   1
--------------------------------------------------------------------------------------------------------------------------------------
Val GTT   1   1   1   1   1   1 | Ala GCT   2   2   2   2   2   2 | Asp GAT   0   0   0   0   0   0 | Gly GGT   0   0   0   0   0   0
    GTC   1   1   1   1   1   1 |     GCC   1   1   1   1   1   1 |     GAC   1   1   1   1   1   1 |     GGC   0   0   0   0   0   0
    GTA   1   1   1   1   1   1 |     GCA   2   2   2   2   2   2 | Glu GAA   0   0   0   0   0   0 |     GGA   0   0   0   0   0   0
    GTG   1   1   1   1   1   1 |     GCG   0   0   0   0   0   0 |     GAG   2   2   2   2   2   2 |     GGG   1   1   1   1   1   1
--------------------------------------------------------------------------------------------------------------------------------------

--------------------------------------------------------------------------------------------------------------------------------------
Phe TTT   0   0   1   1   0   1 | Ser TCT   1   1   1   1   1   1 | Tyr TAT   1   1   1   1   1   1 | Cys TGT   0   0   0   0   0   0
    TTC   1   1   0   0   1   0 |     TCC   1   1   1   1   1   1 |     TAC   1   1   1   1   1   1 |     TGC   0   0   0   0   0   0
Leu TTA   0   0   0   0   0   0 |     TCA   0   0   0   0   0   0 | *** TAA   0   0   0   0   0   0 | *** TGA   0   0   0   0   0   0
    TTG   0   0   0   0   0   0 |     TCG   0   0   0   0   0   0 |     TAG   0   0   0   0   0   0 | Trp TGG   0   0   0   0   0   0
--------------------------------------------------------------------------------------------------------------------------------------
Leu CTT   1   1   1   1   1   1 | Pro CCT   0   0   0   0   0   0 | His CAT   0   0   0   0   0   0 | Arg CGT   1   1   1   1   1   1
    CTC   0   0   0   0   0   0 |     CCC   0   0   0   0   0   0 |     CAC   0   0   0   0   0   0 |     CGC   0   0   0   0   0   0
    CTA   0   0   0   0   0   0 |     CCA   0   0   0   0   0   0 | Gln CAA   0   0   0   0   0   0 |     CGA   0   0   0   0   0   0
    CTG   1   1   1   1   1   1 |     CCG   1   1   1   1   1   1 |     CAG   2   2   2   2   2   2 |     CGG   0   0   0   0   0   0
--------------------------------------------------------------------------------------------------------------------------------------
Ile ATT   0   0   0   0   0   0 | Thr ACT   0   0   0   0   0   0 | Asn AAT   0   0   0   0   0   0 | Ser AGT   1   1   1   1   1   1
    ATC   2   2   2   2   2   2 |     ACC   0   0   0   0   0   0 |     AAC   0   0   0   0   0   0 |     AGC   0   0   0   0   0   0
    ATA   1   1   1   1   1   1 |     ACA   0   0   0   0   0   0 | Lys AAA   1   1   1   1   1   0 | Arg AGA   0   0   0   0   0   0
Met ATG   0   0   0   0   0   0 |     ACG   0   0   0   0   0   0 |     AAG   0   0   0   0   0   1 |     AGG   1   1   1   1   1   1
--------------------------------------------------------------------------------------------------------------------------------------
Val GTT   1   1   1   1   1   1 | Ala GCT   2   2   2   2   2   2 | Asp GAT   0   0   0   0   0   0 | Gly GGT   0   0   0   0   0   0
    GTC   1   1   1   1   1   1 |     GCC   1   1   1   1   1   1 |     GAC   1   1   1   1   1   1 |     GGC   0   0   0   0   0   0
    GTA   1   1   1   1   1   1 |     GCA   2   2   2   2   2   2 | Glu GAA   0   0   0   0   0   0 |     GGA   0   0   0   0   0   0
    GTG   1   1   1   1   1   1 |     GCG   0   0   0   0   0   0 |     GAG   2   2   2   2   2   2 |     GGG   1   1   1   1   1   1
--------------------------------------------------------------------------------------------------------------------------------------

--------------------------------------------------------------------------------------------------------------------------------------
Phe TTT   0   0   1   0   1   1 | Ser TCT   1   1   1   1   1   1 | Tyr TAT   1   1   1   1   1   1 | Cys TGT   0   0   0   0   0   0
    TTC   1   1   0   1   0   0 |     TCC   1   1   1   1   1   1 |     TAC   1   1   1   1   1   1 |     TGC   0   0   0   0   0   0
Leu TTA   0   0   0   0   0   0 |     TCA   0   0   0   0   0   0 | *** TAA   0   0   0   0   0   0 | *** TGA   0   0   0   0   0   0
    TTG   0   0   0   0   0   0 |     TCG   0   0   0   0   0   0 |     TAG   0   0   0   0   0   0 | Trp TGG   0   0   0   0   0   0
--------------------------------------------------------------------------------------------------------------------------------------
Leu CTT   1   1   1   1   1   1 | Pro CCT   0   0   0   0   0   0 | His CAT   0   0   0   0   0   0 | Arg CGT   1   1   1   1   1   1
    CTC   0   0   0   0   0   0 |     CCC   0   0   0   0   0   0 |     CAC   0   0   0   0   0   0 |     CGC   0   0   0   0   0   0
    CTA   0   0   0   0   0   0 |     CCA   0   0   0   0   0   1 | Gln CAA   0   0   0   0   0   0 |     CGA   0   0   0   0   0   0
    CTG   1   1   1   1   1   1 |     CCG   1   1   1   1   1   0 |     CAG   2   2   2   2   2   2 |     CGG   0   0   0   0   0   0
--------------------------------------------------------------------------------------------------------------------------------------
Ile ATT   0   0   0   0   0   0 | Thr ACT   0   0   0   0   0   0 | Asn AAT   0   0   0   0   0   0 | Ser AGT   1   0   1   1   1   1
    ATC   2   2   2   2   2   2 |     ACC   0   0   0   0   0   0 |     AAC   0   0   0   0   0   0 |     AGC   0   1   0   0   0   0
    ATA   1   1   1   1   1   1 |     ACA   0   0   0   0   0   0 | Lys AAA   1   1   0   1   1   1 | Arg AGA   0   0   0   0   0   0
Met ATG   0   0   0   0   0   0 |     ACG   0   0   0   0   0   0 |     AAG   0   0   1   0   0   0 |     AGG   1   1   1   1   1   1
--------------------------------------------------------------------------------------------------------------------------------------
Val GTT   1   1   1   1   1   1 | Ala GCT   2   2   2   2   2   2 | Asp GAT   0   0   0   0   0   0 | Gly GGT   0   0   0   0   0   0
    GTC   1   1   1   1   1   1 |     GCC   1   1   1   1   1   1 |     GAC   1   1   1   1   1   1 |     GGC   0   0   0   0   0   0
    GTA   1   1   1   1   1   1 |     GCA   2   2   2   2   2   2 | Glu GAA   0   0   0   0   0   0 |     GGA   0   0   0   0   0   0
    GTG   1   1   1   1   1   1 |     GCG   0   0   0   0   0   0 |     GAG   2   2   2   2   2   2 |     GGG   1   1   1   1   1   1
--------------------------------------------------------------------------------------------------------------------------------------

--------------------------------------------------------------------------------------------------------------------------------------
Phe TTT   0   1   0   1   0   1 | Ser TCT   1   1   1   1   1   1 | Tyr TAT   1   1   1   1   1   1 | Cys TGT   0   0   0   0   0   0
    TTC   1   0   1   0   1   0 |     TCC   1   1   1   1   1   1 |     TAC   1   1   1   1   1   1 |     TGC   0   0   0   0   0   0
Leu TTA   0   0   0   0   0   0 |     TCA   0   0   0   0   0   0 | *** TAA   0   0   0   0   0   0 | *** TGA   0   0   0   0   0   0
    TTG   0   0   0   0   0   0 |     TCG   0   0   0   0   0   0 |     TAG   0   0   0   0   0   0 | Trp TGG   0   0   0   0   0   0
--------------------------------------------------------------------------------------------------------------------------------------
Leu CTT   1   1   1   1   1   1 | Pro CCT   0   0   0   0   0   0 | His CAT   0   0   0   0   0   0 | Arg CGT   1   1   1   1   1   1
    CTC   0   0   0   0   0   0 |     CCC   0   0   0   0   0   0 |     CAC   0   0   0   0   0   0 |     CGC   0   0   0   0   0   0
    CTA   0   0   0   0   0   0 |     CCA   0   0   0   0   0   0 | Gln CAA   0   0   0   0   0   0 |     CGA   0   0   0   0   0   0
    CTG   1   1   1   1   1   1 |     CCG   1   1   1   1   1   1 |     CAG   2   2   2   2   2   2 |     CGG   0   0   0   0   0   0
--------------------------------------------------------------------------------------------------------------------------------------
Ile ATT   0   0   0   0   0   0 | Thr ACT   0   0   0   0   0   0 | Asn AAT   0   0   0   0   0   0 | Ser AGT   1   1   1   1   1   1
    ATC   2   2   2   2   2   2 |     ACC   0   0   0   0   0   0 |     AAC   0   0   0   0   0   0 |     AGC   0   0   0   0   0   0
    ATA   1   1   1   1   1   1 |     ACA   0   0   0   0   0   0 | Lys AAA   1   1   1   1   1   1 | Arg AGA   0   0   0   0   0   0
Met ATG   0   0   0   0   0   0 |     ACG   0   0   0   0   0   0 |     AAG   0   0   0   0   0   0 |     AGG   1   1   1   1   1   1
--------------------------------------------------------------------------------------------------------------------------------------
Val GTT   1   1   1   1   1   1 | Ala GCT   2   2   2   2   2   2 | Asp GAT   0   0   0   0   0   0 | Gly GGT   0   0   0   0   0   0
    GTC   1   1   1   1   1   1 |     GCC   1   1   1   1   1   1 |     GAC   1   1   1   1   1   1 |     GGC   0   0   0   0   0   0
    GTA   1   1   1   1   1   1 |     GCA   2   2   2   2   2   2 | Glu GAA   0   0   0   0   0   0 |     GGA   0   0   0   0   0   0
    GTG   1   1   1   1   1   1 |     GCG   0   0   0   0   0   0 |     GAG   2   2   2   2   2   2 |     GGG   1   1   1   1   1   1
--------------------------------------------------------------------------------------------------------------------------------------

--------------------------------------------------------------------------------------------------------------------------------------
Phe TTT   1   0   1   0   0   1 | Ser TCT   1   1   1   1   1   1 | Tyr TAT   1   2   1   1   1   1 | Cys TGT   0   0   0   0   0   0
    TTC   0   1   0   1   1   0 |     TCC   1   1   1   1   1   1 |     TAC   1   0   1   1   1   1 |     TGC   0   0   0   0   0   0
Leu TTA   0   0   0   0   0   0 |     TCA   0   0   0   0   0   0 | *** TAA   0   0   0   0   0   0 | *** TGA   0   0   0   0   0   0
    TTG   0   0   0   0   0   0 |     TCG   0   0   0   0   0   0 |     TAG   0   0   0   0   0   0 | Trp TGG   0   0   0   0   0   0
--------------------------------------------------------------------------------------------------------------------------------------
Leu CTT   1   1   1   1   1   1 | Pro CCT   0   0   0   0   0   0 | His CAT   0   0   0   0   0   0 | Arg CGT   1   1   1   1   1   1
    CTC   0   0   0   0   0   0 |     CCC   0   0   0   0   0   0 |     CAC   0   0   0   0   0   0 |     CGC   0   0   0   0   0   0
    CTA   0   0   0   0   0   0 |     CCA   0   0   0   1   0   0 | Gln CAA   0   0   0   0   0   0 |     CGA   0   0   0   0   0   0
    CTG   1   1   1   1   1   1 |     CCG   1   1   1   0   1   1 |     CAG   2   2   2   2   2   2 |     CGG   0   0   0   0   0   0
--------------------------------------------------------------------------------------------------------------------------------------
Ile ATT   0   0   0   0   0   0 | Thr ACT   0   0   0   0   0   0 | Asn AAT   0   0   0   0   0   0 | Ser AGT   1   1   1   1   1   1
    ATC   2   2   2   2   2   2 |     ACC   0   0   0   0   0   0 |     AAC   0   0   0   0   0   0 |     AGC   0   0   0   0   0   0
    ATA   1   1   1   1   1   1 |     ACA   0   0   0   0   0   0 | Lys AAA   1   1   0   1   1   1 | Arg AGA   0   0   0   0   0   0
Met ATG   0   0   0   0   0   0 |     ACG   0   0   0   0   0   0 |     AAG   0   0   1   0   0   0 |     AGG   1   1   1   1   1   1
--------------------------------------------------------------------------------------------------------------------------------------
Val GTT   1   1   1   1   1   1 | Ala GCT   2   2   2   2   2   2 | Asp GAT   0   0   0   1   0   0 | Gly GGT   0   0   0   0   0   0
    GTC   1   1   1   1   1   1 |     GCC   1   1   1   1   1   1 |     GAC   1   1   1   0   1   1 |     GGC   0   0   0   0   0   0
    GTA   1   1   1   1   1   1 |     GCA   2   2   2   2   2   2 | Glu GAA   0   0   0   0   0   0 |     GGA   0   0   0   0   0   0
    GTG   1   1   1   1   1   1 |     GCG   0   0   0   0   0   0 |     GAG   2   2   2   2   2   2 |     GGG   1   1   1   1   1   1
--------------------------------------------------------------------------------------------------------------------------------------

--------------------------------------------------------------------------------------------------------------------------------------
Phe TTT   0   0   0   0   1   1 | Ser TCT   1   1   1   1   1   1 | Tyr TAT   1   1   1   1   2   1 | Cys TGT   0   0   0   0   0   0
    TTC   1   1   1   1   0   0 |     TCC   1   1   1   1   1   1 |     TAC   1   1   1   1   0   1 |     TGC   0   0   0   0   0   0
Leu TTA   0   0   0   0   0   0 |     TCA   0   0   0   0   0   0 | *** TAA   0   0   0   0   0   0 | *** TGA   0   0   0   0   0   0
    TTG   0   0   0   0   0   0 |     TCG   0   0   0   0   0   0 |     TAG   0   0   0   0   0   0 | Trp TGG   0   0   0   0   0   0
--------------------------------------------------------------------------------------------------------------------------------------
Leu CTT   1   1   1   1   1   1 | Pro CCT   0   0   0   0   0   0 | His CAT   0   0   0   0   0   0 | Arg CGT   1   1   1   1   1   1
    CTC   0   0   0   0   0   0 |     CCC   0   0   0   0   0   0 |     CAC   0   0   0   0   0   0 |     CGC   0   0   0   0   0   0
    CTA   0   0   0   0   0   0 |     CCA   0   0   0   0   0   1 | Gln CAA   0   0   0   0   0   0 |     CGA   0   0   0   0   0   0
    CTG   1   1   1   1   1   1 |     CCG   1   1   1   1   1   0 |     CAG   2   2   2   2   2   2 |     CGG   0   0   0   0   0   0
--------------------------------------------------------------------------------------------------------------------------------------
Ile ATT   0   0   0   0   0   0 | Thr ACT   0   0   0   0   0   0 | Asn AAT   0   0   0   0   0   0 | Ser AGT   1   1   1   1   1   1
    ATC   2   2   2   2   2   2 |     ACC   0   0   0   0   0   0 |     AAC   0   0   0   0   0   0 |     AGC   0   0   0   0   0   0
    ATA   1   1   1   1   1   1 |     ACA   0   0   0   0   0   0 | Lys AAA   1   1   1   1   1   1 | Arg AGA   0   0   0   0   0   0
Met ATG   0   0   0   0   0   0 |     ACG   0   0   0   0   0   0 |     AAG   0   0   0   0   0   0 |     AGG   1   1   1   1   1   1
--------------------------------------------------------------------------------------------------------------------------------------
Val GTT   1   1   1   1   1   1 | Ala GCT   2   2   2   2   2   2 | Asp GAT   0   0   0   0   0   0 | Gly GGT   0   0   0   0   0   0
    GTC   1   1   1   1   1   1 |     GCC   1   1   1   1   1   1 |     GAC   1   1   1   1   1   1 |     GGC   0   0   0   0   0   0
    GTA   1   1   1   1   1   1 |     GCA   2   2   2   2   2   1 | Glu GAA   0   0   0   0   0   0 |     GGA   0   0   0   0   0   0
    GTG   1   1   1   1   1   1 |     GCG   0   0   0   0   0   1 |     GAG   2   2   2   2   2   2 |     GGG   1   1   1   1   1   1
--------------------------------------------------------------------------------------------------------------------------------------

--------------------------------------------------------------------------------------------------------------------------------------
Phe TTT   1   0   0   1   1   1 | Ser TCT   1   1   1   0   1   1 | Tyr TAT   1   1   1   1   1   1 | Cys TGT   0   0   0   0   0   0
    TTC   0   1   1   0   0   0 |     TCC   1   1   1   2   1   1 |     TAC   1   1   1   1   1   1 |     TGC   0   0   0   0   0   0
Leu TTA   0   0   0   0   0   0 |     TCA   0   0   0   0   0   0 | *** TAA   0   0   0   0   0   0 | *** TGA   0   0   0   0   0   0
    TTG   0   0   0   0   0   0 |     TCG   0   0   0   0   0   0 |     TAG   0   0   0   0   0   0 | Trp TGG   0   0   0   0   0   0
--------------------------------------------------------------------------------------------------------------------------------------
Leu CTT   1   1   1   1   1   1 | Pro CCT   0   0   0   0   0   0 | His CAT   0   0   0   0   0   0 | Arg CGT   1   1   1   0   1   1
    CTC   0   0   0   0   0   0 |     CCC   0   0   0   0   0   0 |     CAC   0   0   0   0   0   0 |     CGC   0   0   0   1   0   0
    CTA   0   0   0   0   0   0 |     CCA   0   0   0   0   0   0 | Gln CAA   1   0   0   0   0   0 |     CGA   0   0   0   0   0   0
    CTG   1   1   1   1   1   1 |     CCG   1   1   1   1   1   1 |     CAG   1   2   2   2   2   2 |     CGG   0   0   0   0   0   0
--------------------------------------------------------------------------------------------------------------------------------------
Ile ATT   0   0   0   0   0   0 | Thr ACT   0   0   0   0   0   0 | Asn AAT   0   0   0   0   0   0 | Ser AGT   1   1   1   1   1   1
    ATC   2   2   2   2   2   2 |     ACC   0   0   0   0   0   0 |     AAC   0   0   0   0   0   0 |     AGC   0   0   0   0   0   0
    ATA   1   1   1   1   1   1 |     ACA   0   0   0   0   0   0 | Lys AAA   1   1   1   1   1   1 | Arg AGA   0   0   0   0   0   0
Met ATG   0   0   0   0   0   0 |     ACG   0   0   0   0   0   0 |     AAG   0   0   0   0   0   0 |     AGG   1   1   1   1   1   1
--------------------------------------------------------------------------------------------------------------------------------------
Val GTT   1   2   1   1   1   1 | Ala GCT   2   2   2   2   2   2 | Asp GAT   0   1   0   1   0   0 | Gly GGT   0   0   0   0   0   0
    GTC   1   0   1   1   1   1 |     GCC   1   1   1   1   1   1 |     GAC   1   0   1   0   1   1 |     GGC   0   0   0   0   0   0
    GTA   1   1   1   1   1   1 |     GCA   2   1   2   2   2   2 | Glu GAA   0   0   0   0   0   0 |     GGA   0   0   0   0   0   0
    GTG   1   1   1   1   1   1 |     GCG   0   1   0   0   0   0 |     GAG   2   2   2   2   2   2 |     GGG   1   1   1   1   1   1
--------------------------------------------------------------------------------------------------------------------------------------

Codon position x base (3x4) table for each sequence.

#1: Argali         
position  1:    T:0.16667    C:0.23333    A:0.16667    G:0.43333
position  2:    T:0.33333    C:0.26667    A:0.26667    G:0.13333
position  3:    T:0.30000    C:0.23333    A:0.13333    G:0.33333
Average         T:0.26667    C:0.24444    A:0.18889    G:0.30000

#2: LesserMouseDeer
position  1:    T:0.16667    C:0.20000    A:0.20000    G:0.43333
position  2:    T:0.33333    C:0.26667    A:0.26667    G:0.13333
position  3:    T:0.26667    C:0.23333    A:0.20000    G:0.30000
Average         T:0.25556    C:0.23333    A:0.22222    G:0.28889

#3: LesserKudu     
position  1:    T:0.16667    C:0.20000    A:0.20000    G:0.43333
position  2:    T:0.33333    C:0.26667    A:0.26667    G:0.13333
position  3:    T:0.33333    C:0.20000    A:0.16667    G:0.30000
Average         T:0.27778    C:0.22222    A:0.21111    G:0.28889

#4: ForestMuskDeer2
position  1:    T:0.16667    C:0.20000    A:0.20000    G:0.43333
position  2:    T:0.33333    C:0.26667    A:0.26667    G:0.13333
position  3:    T:0.26667    C:0.26667    A:0.16667    G:0.30000
Average         T:0.25556    C:0.24444    A:0.21111    G:0.28889

#5: Camel          
position  1:    T:0.16667    C:0.20000    A:0.20000    G:0.43333
position  2:    T:0.33333    C:0.26667    A:0.26667    G:0.13333
position  3:    T:0.30000    C:0.23333    A:0.13333    G:0.33333
Average         T:0.26667    C:0.23333    A:0.20000    G:0.30000

#6: KillerWhale    
position  1:    T:0.16667    C:0.20000    A:0.20000    G:0.43333
position  2:    T:0.33333    C:0.26667    A:0.26667    G:0.13333
position  3:    T:0.33333    C:0.20000    A:0.20000    G:0.26667
Average         T:0.27778    C:0.22222    A:0.22222    G:0.27778

#7: DefassaWaterbuck
position  1:    T:0.16667    C:0.20000    A:0.20000    G:0.43333
position  2:    T:0.33333    C:0.26667    A:0.26667    G:0.13333
position  3:    T:0.30000    C:0.23333    A:0.20000    G:0.26667
Average         T:0.26667    C:0.23333    A:0.22222    G:0.27778

#8: Sheep          
position  1:    T:0.16667    C:0.23333    A:0.16667    G:0.43333
position  2:    T:0.33333    C:0.26667    A:0.26667    G:0.13333
position  3:    T:0.30000    C:0.23333    A:0.13333    G:0.33333
Average         T:0.26667    C:0.24444    A:0.18889    G:0.30000

#9: MaxwellsDuiker 
position  1:    T:0.16667    C:0.20000    A:0.20000    G:0.43333
position  2:    T:0.33333    C:0.26667    A:0.26667    G:0.13333
position  3:    T:0.26667    C:0.26667    A:0.16667    G:0.30000
Average         T:0.25556    C:0.24444    A:0.21111    G:0.28889

#10: GazellaPrzewalskyi
position  1:    T:0.16667    C:0.20000    A:0.20000    G:0.43333
position  2:    T:0.33333    C:0.26667    A:0.26667    G:0.13333
position  3:    T:0.26667    C:0.26667    A:0.16667    G:0.30000
Average         T:0.25556    C:0.24444    A:0.21111    G:0.28889

#11: MountainNyala  
position  1:    T:0.16667    C:0.20000    A:0.20000    G:0.43333
position  2:    T:0.33333    C:0.26667    A:0.26667    G:0.13333
position  3:    T:0.30000    C:0.23333    A:0.16667    G:0.30000
Average         T:0.26667    C:0.23333    A:0.21111    G:0.28889

#12: MuntiacusMuntjak
position  1:    T:0.20000    C:0.16667    A:0.20000    G:0.43333
position  2:    T:0.33333    C:0.26667    A:0.26667    G:0.13333
position  3:    T:0.26667    C:0.26667    A:0.16667    G:0.30000
Average         T:0.26667    C:0.23333    A:0.21111    G:0.28889

#13: goat           
position  1:    T:0.16667    C:0.20000    A:0.20000    G:0.43333
position  2:    T:0.33333    C:0.26667    A:0.26667    G:0.13333
position  3:    T:0.30000    C:0.23333    A:0.13333    G:0.33333
Average         T:0.26667    C:0.23333    A:0.20000    G:0.30000

#14: AfricanBuffalo 
position  1:    T:0.16667    C:0.20000    A:0.20000    G:0.43333
position  2:    T:0.33333    C:0.26667    A:0.26667    G:0.13333
position  3:    T:0.30000    C:0.23333    A:0.16667    G:0.30000
Average         T:0.26667    C:0.23333    A:0.21111    G:0.28889

#15: Topi           
position  1:    T:0.16667    C:0.20000    A:0.20000    G:0.43333
position  2:    T:0.33333    C:0.26667    A:0.26667    G:0.13333
position  3:    T:0.30000    C:0.23333    A:0.16667    G:0.30000
Average         T:0.26667    C:0.23333    A:0.21111    G:0.28889

#16: CommonDuiker   
position  1:    T:0.16667    C:0.20000    A:0.20000    G:0.43333
position  2:    T:0.33333    C:0.30000    A:0.26667    G:0.10000
position  3:    T:0.30000    C:0.23333    A:0.16667    G:0.30000
Average         T:0.26667    C:0.24444    A:0.21111    G:0.27778

#17: Suni           
position  1:    T:0.16667    C:0.20000    A:0.20000    G:0.43333
position  2:    T:0.33333    C:0.26667    A:0.26667    G:0.13333
position  3:    T:0.26667    C:0.26667    A:0.20000    G:0.26667
Average         T:0.25556    C:0.24444    A:0.22222    G:0.27778

#18: Springbuck     
position  1:    T:0.16667    C:0.20000    A:0.20000    G:0.43333
position  2:    T:0.33333    C:0.26667    A:0.26667    G:0.13333
position  3:    T:0.26667    C:0.26667    A:0.20000    G:0.26667
Average         T:0.25556    C:0.24444    A:0.22222    G:0.27778

#19: Okapi          
position  1:    T:0.16667    C:0.20000    A:0.20000    G:0.43333
position  2:    T:0.33333    C:0.26667    A:0.26667    G:0.13333
position  3:    T:0.26667    C:0.26667    A:0.16667    G:0.30000
Average         T:0.25556    C:0.24444    A:0.21111    G:0.28889

#20: Giraffe        
position  1:    T:0.16667    C:0.20000    A:0.20000    G:0.43333
position  2:    T:0.33333    C:0.26667    A:0.26667    G:0.13333
position  3:    T:0.26667    C:0.26667    A:0.16667    G:0.30000
Average         T:0.25556    C:0.24444    A:0.21111    G:0.28889

#21: TibetanAntelope
position  1:    T:0.16667    C:0.20000    A:0.20000    G:0.43333
position  2:    T:0.33333    C:0.26667    A:0.26667    G:0.13333
position  3:    T:0.30000    C:0.23333    A:0.16667    G:0.30000
Average         T:0.26667    C:0.23333    A:0.21111    G:0.28889

#22: Sitatunga      
position  1:    T:0.16667    C:0.20000    A:0.20000    G:0.43333
position  2:    T:0.33333    C:0.26667    A:0.26667    G:0.13333
position  3:    T:0.30000    C:0.23333    A:0.16667    G:0.30000
Average         T:0.26667    C:0.23333    A:0.21111    G:0.28889

#23: Oribi          
position  1:    T:0.16667    C:0.20000    A:0.20000    G:0.43333
position  2:    T:0.33333    C:0.26667    A:0.26667    G:0.13333
position  3:    T:0.26667    C:0.26667    A:0.16667    G:0.30000
Average         T:0.25556    C:0.24444    A:0.21111    G:0.28889

#24: BarbarySheep   
position  1:    T:0.16667    C:0.20000    A:0.20000    G:0.43333
position  2:    T:0.33333    C:0.26667    A:0.26667    G:0.13333
position  3:    T:0.30000    C:0.23333    A:0.13333    G:0.33333
Average         T:0.26667    C:0.23333    A:0.20000    G:0.30000

#25: Daviddeer      
position  1:    T:0.16667    C:0.20000    A:0.20000    G:0.43333
position  2:    T:0.33333    C:0.26667    A:0.26667    G:0.13333
position  3:    T:0.26667    C:0.26667    A:0.16667    G:0.30000
Average         T:0.25556    C:0.24444    A:0.21111    G:0.28889

#26: Reindeer       
position  1:    T:0.16667    C:0.20000    A:0.20000    G:0.43333
position  2:    T:0.33333    C:0.26667    A:0.26667    G:0.13333
position  3:    T:0.23333    C:0.30000    A:0.16667    G:0.30000
Average         T:0.24444    C:0.25556    A:0.21111    G:0.28889

#27: Ibex           
position  1:    T:0.16667    C:0.20000    A:0.20000    G:0.43333
position  2:    T:0.33333    C:0.26667    A:0.26667    G:0.13333
position  3:    T:0.30000    C:0.23333    A:0.13333    G:0.33333
Average         T:0.26667    C:0.23333    A:0.20000    G:0.30000

#28: GyrantGazelle  
position  1:    T:0.16667    C:0.20000    A:0.20000    G:0.43333
position  2:    T:0.33333    C:0.26667    A:0.26667    G:0.13333
position  3:    T:0.26667    C:0.26667    A:0.16667    G:0.30000
Average         T:0.25556    C:0.24444    A:0.21111    G:0.28889

#29: Hartebeest     
position  1:    T:0.16667    C:0.20000    A:0.20000    G:0.43333
position  2:    T:0.33333    C:0.26667    A:0.26667    G:0.13333
position  3:    T:0.30000    C:0.23333    A:0.16667    G:0.30000
Average         T:0.26667    C:0.23333    A:0.21111    G:0.28889

#30: Bongo          
position  1:    T:0.16667    C:0.20000    A:0.20000    G:0.43333
position  2:    T:0.33333    C:0.26667    A:0.26667    G:0.13333
position  3:    T:0.30000    C:0.23333    A:0.20000    G:0.26667
Average         T:0.26667    C:0.23333    A:0.22222    G:0.27778

#31: Gerenuk        
position  1:    T:0.16667    C:0.20000    A:0.20000    G:0.43333
position  2:    T:0.33333    C:0.26667    A:0.26667    G:0.13333
position  3:    T:0.26667    C:0.26667    A:0.16667    G:0.30000
Average         T:0.25556    C:0.24444    A:0.21111    G:0.28889

#32: CommonEland    
position  1:    T:0.16667    C:0.20000    A:0.20000    G:0.43333
position  2:    T:0.33333    C:0.26667    A:0.26667    G:0.13333
position  3:    T:0.30000    C:0.23333    A:0.16667    G:0.30000
Average         T:0.26667    C:0.23333    A:0.21111    G:0.28889

#33: MuntiacusReevesi
position  1:    T:0.16667    C:0.20000    A:0.20000    G:0.43333
position  2:    T:0.33333    C:0.26667    A:0.26667    G:0.13333
position  3:    T:0.26667    C:0.26667    A:0.16667    G:0.30000
Average         T:0.25556    C:0.24444    A:0.21111    G:0.28889

#34: HarveysDuiker  
position  1:    T:0.16667    C:0.20000    A:0.20000    G:0.43333
position  2:    T:0.33333    C:0.26667    A:0.26667    G:0.13333
position  3:    T:0.30000    C:0.23333    A:0.16667    G:0.30000
Average         T:0.26667    C:0.23333    A:0.21111    G:0.28889

#35: Pronghorn      
position  1:    T:0.16667    C:0.20000    A:0.20000    G:0.43333
position  2:    T:0.33333    C:0.26667    A:0.26667    G:0.13333
position  3:    T:0.26667    C:0.26667    A:0.16667    G:0.30000
Average         T:0.25556    C:0.24444    A:0.21111    G:0.28889

#36: BlueWildebeest 
position  1:    T:0.16667    C:0.20000    A:0.20000    G:0.43333
position  2:    T:0.33333    C:0.26667    A:0.26667    G:0.13333
position  3:    T:0.30000    C:0.23333    A:0.16667    G:0.30000
Average         T:0.26667    C:0.23333    A:0.21111    G:0.28889

#37: Gemsbok        
position  1:    T:0.16667    C:0.20000    A:0.20000    G:0.43333
position  2:    T:0.33333    C:0.26667    A:0.26667    G:0.13333
position  3:    T:0.30000    C:0.23333    A:0.16667    G:0.30000
Average         T:0.26667    C:0.23333    A:0.21111    G:0.28889

#38: Yak            
position  1:    T:0.16667    C:0.20000    A:0.20000    G:0.43333
position  2:    T:0.33333    C:0.26667    A:0.26667    G:0.13333
position  3:    T:0.30000    C:0.23333    A:0.16667    G:0.30000
Average         T:0.26667    C:0.23333    A:0.21111    G:0.28889

#39: BlueSheep      
position  1:    T:0.16667    C:0.20000    A:0.20000    G:0.43333
position  2:    T:0.33333    C:0.26667    A:0.26667    G:0.13333
position  3:    T:0.30000    C:0.23333    A:0.13333    G:0.33333
Average         T:0.26667    C:0.23333    A:0.20000    G:0.30000

#40: BohorReedbuck  
position  1:    T:0.16667    C:0.20000    A:0.20000    G:0.43333
position  2:    T:0.33333    C:0.26667    A:0.26667    G:0.13333
position  3:    T:0.30000    C:0.23333    A:0.20000    G:0.26667
Average         T:0.26667    C:0.23333    A:0.22222    G:0.27778

#41: KirksDik       
position  1:    T:0.16667    C:0.20000    A:0.20000    G:0.43333
position  2:    T:0.33333    C:0.26667    A:0.26667    G:0.13333
position  3:    T:0.26667    C:0.26667    A:0.16667    G:0.30000
Average         T:0.25556    C:0.24444    A:0.21111    G:0.28889

#42: RoeDeer        
position  1:    T:0.16667    C:0.20000    A:0.20000    G:0.43333
position  2:    T:0.33333    C:0.26667    A:0.26667    G:0.13333
position  3:    T:0.30000    C:0.23333    A:0.16667    G:0.30000
Average         T:0.26667    C:0.23333    A:0.21111    G:0.28889

#43: WhiteLippedDeer
position  1:    T:0.16667    C:0.20000    A:0.20000    G:0.43333
position  2:    T:0.33333    C:0.26667    A:0.26667    G:0.13333
position  3:    T:0.26667    C:0.26667    A:0.16667    G:0.30000
Average         T:0.25556    C:0.24444    A:0.21111    G:0.28889

#44: ThomsonGazelle 
position  1:    T:0.16667    C:0.20000    A:0.20000    G:0.43333
position  2:    T:0.33333    C:0.26667    A:0.26667    G:0.13333
position  3:    T:0.26667    C:0.26667    A:0.16667    G:0.30000
Average         T:0.25556    C:0.24444    A:0.21111    G:0.28889

#45: MuntiacusCrinifrons
position  1:    T:0.16667    C:0.20000    A:0.20000    G:0.43333
position  2:    T:0.33333    C:0.26667    A:0.26667    G:0.13333
position  3:    T:0.26667    C:0.26667    A:0.16667    G:0.30000
Average         T:0.25556    C:0.24444    A:0.21111    G:0.28889

#46: WhiteTailedDeer
position  1:    T:0.16667    C:0.20000    A:0.20000    G:0.43333
position  2:    T:0.33333    C:0.26667    A:0.26667    G:0.13333
position  3:    T:0.26667    C:0.26667    A:0.16667    G:0.30000
Average         T:0.25556    C:0.24444    A:0.21111    G:0.28889

#47: Cattle         
position  1:    T:0.16667    C:0.20000    A:0.20000    G:0.43333
position  2:    T:0.33333    C:0.26667    A:0.26667    G:0.13333
position  3:    T:0.33333    C:0.20000    A:0.16667    G:0.30000
Average         T:0.27778    C:0.22222    A:0.21111    G:0.28889

#48: RoyalAntelope  
position  1:    T:0.16667    C:0.20000    A:0.20000    G:0.43333
position  2:    T:0.33333    C:0.26667    A:0.26667    G:0.13333
position  3:    T:0.30000    C:0.23333    A:0.16667    G:0.30000
Average         T:0.26667    C:0.23333    A:0.21111    G:0.28889

#49: Steenbok       
position  1:    T:0.16667    C:0.20000    A:0.20000    G:0.43333
position  2:    T:0.33333    C:0.26667    A:0.26667    G:0.13333
position  3:    T:0.30000    C:0.23333    A:0.20000    G:0.26667
Average         T:0.26667    C:0.23333    A:0.22222    G:0.27778

#50: Impala         
position  1:    T:0.16667    C:0.20000    A:0.20000    G:0.43333
position  2:    T:0.33333    C:0.26667    A:0.26667    G:0.13333
position  3:    T:0.33333    C:0.20000    A:0.13333    G:0.33333
Average         T:0.27778    C:0.22222    A:0.20000    G:0.30000

#51: Klipspringer   
position  1:    T:0.16667    C:0.20000    A:0.20000    G:0.43333
position  2:    T:0.33333    C:0.26667    A:0.26667    G:0.13333
