CODONML (in paml version 4.10.7, June 2023)  /home/rachel/ruminants_paml/6406-phy-tree/ENSBTAT00000028590.fasta.phy
Model: free dN/dS Ratios for branches,  kappa = 2.000 fixed

Codon frequency model: F3x4
ns =  54  ls =  97

Codon usage in sequences
--------------------------------------------------------------------------------------------------------------------------------------
Phe TTT   5   5   5   5   5   5 | Ser TCT   0   0   0   0   0   0 | Tyr TAT   1   1   1   1   1   1 | Cys TGT   1   1   1   1   1   1
    TTC   1   1   1   1   1   1 |     TCC   1   1   1   1   1   1 |     TAC   0   0   0   0   0   0 |     TGC   0   0   0   0   0   0
Leu TTA   1   1   1   1   1   1 |     TCA   2   3   3   3   3   3 | *** TAA   0   0   0   0   0   0 | *** TGA   0   0   0   0   0   0
    TTG   0   0   0   0   0   0 |     TCG   1   0   0   0   0   0 |     TAG   0   0   0   0   0   0 | Trp TGG   2   2   2   2   2   2
--------------------------------------------------------------------------------------------------------------------------------------
Leu CTT   4   4   4   4   4   4 | Pro CCT   2   2   2   2   1   2 | His CAT   1   2   2   3   2   2 | Arg CGT   1   0   0   0   0   0
    CTC   0   0   1   0   0   0 |     CCC   0   0   0   0   1   0 |     CAC   1   1   1   0   1   1 |     CGC   0   0   0   0   0   0
    CTA   1   1   1   1   1   1 |     CCA   2   2   2   1   2   2 | Gln CAA   1   1   1   1   1   1 |     CGA   0   1   0   0   1   1
    CTG   3   3   2   3   3   3 |     CCG   0   0   0   1   0   0 |     CAG   0   0   0   0   0   0 |     CGG   2   1   2   2   1   1
--------------------------------------------------------------------------------------------------------------------------------------
Ile ATT   2   2   2   2   2   1 | Thr ACT   2   2   2   2   2   2 | Asn AAT   6   6   5   6   6   6 | Ser AGT   2   2   2   2   2   2
    ATC   2   2   2   2   2   3 |     ACC   1   1   1   1   1   1 |     AAC   0   0   1   0   0   0 |     AGC   0   0   0   0   0   0
    ATA   0   0   0   0   0   0 |     ACA   0   0   0   0   0   0 | Lys AAA   4   4   5   5   4   5 | Arg AGA   5   5   5   5   5   5
Met ATG   3   3   3   3   3   3 |     ACG   0   0   0   0   0   0 |     AAG   3   3   2   2   3   2 |     AGG   0   0   0   0   0   0
--------------------------------------------------------------------------------------------------------------------------------------
Val GTT   2   2   2   2   2   2 | Ala GCT   5   3   3   3   3   3 | Asp GAT   2   2   2   2   2   2 | Gly GGT   0   0   0   0   0   0
    GTC   3   3   3   3   3   3 |     GCC   0   3   2   2   2   2 |     GAC   2   2   2   2   2   2 |     GGC   1   2   1   1   1   1
    GTA   1   1   1   1   1   1 |     GCA   1   2   1   2   3   2 | Glu GAA   1   1   1   1   1   1 |     GGA   4   3   4   4   4   4
    GTG   6   6   6   6   6   6 |     GCG   2   0   2   1   0   1 |     GAG   4   4   4   4   4   4 |     GGG   0   0   0   0   0   0
--------------------------------------------------------------------------------------------------------------------------------------

--------------------------------------------------------------------------------------------------------------------------------------
Phe TTT   5   5   5   5   5   5 | Ser TCT   0   0   0   0   0   0 | Tyr TAT   1   1   1   1   1   1 | Cys TGT   1   1   1   1   1   1
    TTC   1   1   1   1   1   1 |     TCC   1   1   1   1   1   1 |     TAC   0   0   0   0   0   0 |     TGC   0   0   0   0   0   0
Leu TTA   1   1   1   1   1   1 |     TCA   3   2   3   3   3   3 | *** TAA   0   0   0   0   0   0 | *** TGA   0   0   0   0   0   0
    TTG   0   0   0   0   0   0 |     TCG   0   1   0   0   0   0 |     TAG   0   0   0   0   0   0 | Trp TGG   2   2   2   2   2   2
--------------------------------------------------------------------------------------------------------------------------------------
Leu CTT   4   4   4   4   4   4 | Pro CCT   2   2   2   2   1   2 | His CAT   2   1   1   2   2   2 | Arg CGT   0   1   0   0   0   0
    CTC   0   0   1   0   1   0 |     CCC   0   0   0   0   0   0 |     CAC   1   1   2   1   1   1 |     CGC   0   0   0   0   0   0
    CTA   1   1   0   1   1   1 |     CCA   2   2   2   2   3   2 | Gln CAA   1   1   1   1   1   1 |     CGA   0   0   0   0   0   0
    CTG   3   3   3   3   2   3 |     CCG   0   0   0   0   0   0 |     CAG   0   0   1   0   0   0 |     CGG   2   2   2   2   2   2
--------------------------------------------------------------------------------------------------------------------------------------
Ile ATT   2   2   2   2   2   2 | Thr ACT   2   2   2   2   2   2 | Asn AAT   6   6   6   6   5   6 | Ser AGT   2   2   2   2   2   2
    ATC   2   2   2   2   2   2 |     ACC   1   1   1   1   1   1 |     AAC   0   0   0   0   1   0 |     AGC   0   0   0   0   0   0
    ATA   0   0   0   0   0   0 |     ACA   0   0   0   0   0   0 | Lys AAA   5   5   5   5   5   5 | Arg AGA   5   5   4   5   5   5
Met ATG   3   3   3   3   3   3 |     ACG   0   0   0   0   0   0 |     AAG   2   2   2   2   2   2 |     AGG   0   0   1   0   0   0
--------------------------------------------------------------------------------------------------------------------------------------
Val GTT   3   2   2   2   2   2 | Ala GCT   4   5   4   4   3   3 | Asp GAT   2   2   2   2   2   2 | Gly GGT   0   0   0   0   0   0
    GTC   2   3   3   3   3   3 |     GCC   1   0   1   1   2   2 |     GAC   2   2   2   2   2   2 |     GGC   1   1   1   1   1   1
    GTA   1   1   1   1   1   1 |     GCA   1   1   1   1   1   1 | Glu GAA   2   1   0   1   1   1 |     GGA   4   4   4   4   4   4
    GTG   6   6   6   6   6   6 |     GCG   2   2   2   2   2   2 |     GAG   3   4   4   4   4   4 |     GGG   0   0   0   0   0   0
--------------------------------------------------------------------------------------------------------------------------------------

--------------------------------------------------------------------------------------------------------------------------------------
Phe TTT   5   5   5   5   4   5 | Ser TCT   0   0   0   0   0   0 | Tyr TAT   1   1   1   1   1   1 | Cys TGT   1   1   1   1   1   1
    TTC   1   1   1   1   2   1 |     TCC   1   1   1   1   1   1 |     TAC   0   0   0   0   0   0 |     TGC   0   0   0   0   0   0
Leu TTA   1   1   1   1   1   1 |     TCA   2   3   3   3   2   3 | *** TAA   0   0   0   0   0   0 | *** TGA   0   0   0   0   0   0
    TTG   0   0   0   0   0   0 |     TCG   1   0   0   0   1   0 |     TAG   0   0   0   0   0   0 | Trp TGG   2   2   2   2   2   2
--------------------------------------------------------------------------------------------------------------------------------------
Leu CTT   4   4   4   3   3   4 | Pro CCT   2   2   2   2   2   2 | His CAT   1   2   2   2   2   2 | Arg CGT   1   0   0   0   0   0
    CTC   0   1   0   2   1   0 |     CCC   0   0   0   0   0   0 |     CAC   1   1   1   1   1   1 |     CGC   0   0   0   0   0   0
    CTA   1   1   1   0   1   1 |     CCA   2   2   2   2   1   2 | Gln CAA   1   1   1   1   1   1 |     CGA   0   0   0   0   1   0
    CTG   3   2   3   3   3   3 |     CCG   0   0   0   0   1   0 |     CAG   0   0   0   1   0   0 |     CGG   2   2   2   2   2   2
--------------------------------------------------------------------------------------------------------------------------------------
Ile ATT   2   2   2   2   2   2 | Thr ACT   2   2   2   2   2   2 | Asn AAT   6   6   6   6   5   6 | Ser AGT   2   2   2   1   2   2
    ATC   2   2   2   2   2   2 |     ACC   1   1   1   1   1   1 |     AAC   0   0   0   0   1   0 |     AGC   0   0   0   1   0   0
    ATA   0   0   0   0   0   0 |     ACA   0   0   0   0   0   0 | Lys AAA   5   5   5   5   5   5 | Arg AGA   5   5   5   4   4   5
Met ATG   3   3   3   3   3   3 |     ACG   0   0   0   0   0   0 |     AAG   2   2   2   2   2   2 |     AGG   0   0   0   1   0   0
--------------------------------------------------------------------------------------------------------------------------------------
Val GTT   2   2   2   2   2   2 | Ala GCT   4   3   4   4   3   4 | Asp GAT   2   2   2   2   2   2 | Gly GGT   0   0   0   0   0   0
    GTC   3   3   3   3   3   3 |     GCC   1   2   1   1   2   1 |     GAC   2   2   2   1   2   2 |     GGC   1   1   1   3   1   1
    GTA   1   1   1   1   1   1 |     GCA   1   1   1   1   1   1 | Glu GAA   1   1   1   0   1   0 |     GGA   4   4   4   3   4   4
    GTG   6   6   6   6   6   6 |     GCG   2   2   2   2   2   2 |     GAG   4   4   4   4   4   5 |     GGG   0   0   0   0   0   0
--------------------------------------------------------------------------------------------------------------------------------------

--------------------------------------------------------------------------------------------------------------------------------------
Phe TTT   5   5   4   5   5   5 | Ser TCT   0   0   0   0   0   0 | Tyr TAT   1   1   1   1   1   1 | Cys TGT   1   1   1   1   1   1
    TTC   1   1   2   1   1   1 |     TCC   1   1   1   1   1   1 |     TAC   0   0   0   0   0   0 |     TGC   0   0   0   0   0   0
Leu TTA   1   1   1   1   1   1 |     TCA   2   2   3   3   3   2 | *** TAA   0   0   0   0   0   0 | *** TGA   0   0   0   0   0   0
    TTG   0   0   0   0   0   0 |     TCG   1   1   0   0   0   1 |     TAG   0   0   0   0   0   0 | Trp TGG   2   2   2   2   2   2
--------------------------------------------------------------------------------------------------------------------------------------
Leu CTT   4   4   4   4   4   4 | Pro CCT   2   2   2   1   2   2 | His CAT   2   2   2   2   2   1 | Arg CGT   0   0   0   0   0   1
    CTC   0   0   0   1   0   0 |     CCC   0   0   0   0   0   0 |     CAC   1   1   1   1   1   1 |     CGC   0   0   0   0   0   0
    CTA   1   1   1   1   1   1 |     CCA   2   2   2   3   2   1 | Gln CAA   1   1   1   1   1   1 |     CGA   1   1   0   0   0   0
    CTG   3   3   3   2   3   3 |     CCG   0   0   0   0   0   1 |     CAG   0   0   0   0   0   0 |     CGG   1   1   2   2   2   2
--------------------------------------------------------------------------------------------------------------------------------------
Ile ATT   1   1   2   2   2   2 | Thr ACT   2   2   3   2   2   2 | Asn AAT   5   6   6   5   6   6 | Ser AGT   2   2   2   2   2   2
    ATC   3   3   2   2   2   2 |     ACC   1   1   0   1   1   1 |     AAC   1   0   0   1   0   0 |     AGC   0   0   0   0   0   0
    ATA   0   0   0   0   0   0 |     ACA   0   0   0   0   0   0 | Lys AAA   5   5   5   5   5   5 | Arg AGA   5   5   5   5   5   5
Met ATG   3   3   3   3   3   3 |     ACG   0   0   0   0   0   0 |     AAG   2   2   2   2   2   2 |     AGG   0   0   0   0   0   0
--------------------------------------------------------------------------------------------------------------------------------------
Val GTT   2   2   2   2   2   2 | Ala GCT   3   3   4   3   4   4 | Asp GAT   2   2   2   2   2   2 | Gly GGT   0   0   0   0   0   0
    GTC   3   3   3   3   3   3 |     GCC   2   2   1   2   1   1 |     GAC   2   2   2   2   2   2 |     GGC   1   1   1   1   1   1
    GTA   1   1   1   1   1   1 |     GCA   3   3   1   1   2   1 | Glu GAA   1   1   1   1   1   1 |     GGA   4   4   4   4   4   4
    GTG   6   6   6   6   6   6 |     GCG   0   0   2   2   1   2 |     GAG   4   4   4   4   4   4 |     GGG   0   0   0   0   0   0
--------------------------------------------------------------------------------------------------------------------------------------

--------------------------------------------------------------------------------------------------------------------------------------
Phe TTT   5   5   5   5   5   5 | Ser TCT   0   0   0   0   0   0 | Tyr TAT   1   1   1   1   1   1 | Cys TGT   1   1   1   1   1   1
    TTC   1   1   1   1   1   1 |     TCC   1   1   1   1   1   1 |     TAC   0   0   0   0   0   0 |     TGC   0   0   0   0   0   0
Leu TTA   1   0   1   1   1   1 |     TCA   3   3   2   3   3   3 | *** TAA   0   0   0   0   0   0 | *** TGA   0   0   0   0   0   0
    TTG   0   0   0   0   0   0 |     TCG   0   0   1   0   0   0 |     TAG   0   0   0   0   0   0 | Trp TGG   2   2   2   2   2   2
--------------------------------------------------------------------------------------------------------------------------------------
Leu CTT   4   4   4   4   4   4 | Pro CCT   2   2   2   2   2   2 | His CAT   2   2   1   2   2   1 | Arg CGT   0   0   1   0   0   1
    CTC   0   0   0   0   0   1 |     CCC   0   0   0   0   0   0 |     CAC   1   1   1   1   1   1 |     CGC   0   0   0   0   0   0
    CTA   1   2   1   1   1   1 |     CCA   2   1   2   2   2   2 | Gln CAA   2   1   1   1   1   1 |     CGA   0   0   0   0   0   0
    CTG   3   3   3   3   3   2 |     CCG   0   1   0   0   0   0 |     CAG   0   0   0   0   0   0 |     CGG   2   2   2   2   2   2
--------------------------------------------------------------------------------------------------------------------------------------
Ile ATT   2   2   2   2   2   2 | Thr ACT   2   2   2   2   2   2 | Asn AAT   6   6   6   6   6   5 | Ser AGT   2   2   2   2   2   2
    ATC   2   2   2   2   2   2 |     ACC   1   1   1   1   1   1 |     AAC   0   0   0   0   0   1 |     AGC   0   0   0   0   0   0
    ATA   0   0   0   0   0   0 |     ACA   0   0   0   0   0   0 | Lys AAA   4   5   5   5   5   5 | Arg AGA   5   5   5   5   5   5
Met ATG   3   3   3   3   3   3 |     ACG   0   0   0   0   0   0 |     AAG   2   2   2   2   2   2 |     AGG   0   0   0   0   0   0
--------------------------------------------------------------------------------------------------------------------------------------
Val GTT   2   3   2   2   2   2 | Ala GCT   3   3   4   4   4   3 | Asp GAT   2   1   2   2   2   2 | Gly GGT   0   0   0   0   0   0
    GTC   3   2   3   3   3   3 |     GCC   2   2   1   1   1   2 |     GAC   2   3   2   2   2   2 |     GGC   1   1   1   1   1   1
    GTA   1   1   1   1   1   1 |     GCA   1   1   1   1   1   1 | Glu GAA   1   1   1   1   1   2 |     GGA   4   4   4   4   4   4
    GTG   6   6   6   6   6   6 |     GCG   2   2   2   2   2   2 |     GAG   4   4   4   4   4   3 |     GGG   0   0   0   0   0   0
--------------------------------------------------------------------------------------------------------------------------------------

--------------------------------------------------------------------------------------------------------------------------------------
Phe TTT   5   5   5   4   5   5 | Ser TCT   0   0   0   0   0   0 | Tyr TAT   0   1   1   1   0   1 | Cys TGT   1   1   1   1   1   1
    TTC   1   1   1   2   1   1 |     TCC   1   1   1   1   1   1 |     TAC   1   0   0   0   1   0 |     TGC   0   0   0   0   0   0
Leu TTA   1   1   1   1   1   1 |     TCA   3   3   3   3   3   3 | *** TAA   0   0   0   0   0   0 | *** TGA   0   0   0   0   0   0
    TTG   0   0   0   0   0   0 |     TCG   0   0   0   0   0   0 |     TAG   0   0   0   0   0   0 | Trp TGG   2   2   2   2   2   2
--------------------------------------------------------------------------------------------------------------------------------------
Leu CTT   3   4   4   5   4   4 | Pro CCT   2   1   2   2   2   2 | His CAT   2   3   3   2   1   2 | Arg CGT   0   0   0   0   0   0
    CTC   1   1   0   0   0   0 |     CCC   0   0   0   0   0   0 |     CAC   1   0   0   1   2   1 |     CGC   0   0   0   0   0   0
    CTA   1   1   1   0   1   1 |     CCA   2   3   2   2   2   2 | Gln CAA   1   1   1   1   1   1 |     CGA   0   0   0   0   1   0
    CTG   3   2   3   3   3   3 |     CCG   0   0   0   0   0   0 |     CAG   0   0   0   1   0   0 |     CGG   2   2   2   2   1   2
--------------------------------------------------------------------------------------------------------------------------------------
Ile ATT   2   2   2   2   2   2 | Thr ACT   2   2   2   2   2   2 | Asn AAT   5   5   6   6   6   6 | Ser AGT   2   2   2   2   2   1
    ATC   2   2   2   2   2   2 |     ACC   1   1   1   1   1   1 |     AAC   1   1   0   0   0   0 |     AGC   0   0   0   0   0   1
    ATA   0   0   0   0   0   0 |     ACA   0   0   0   0   0   0 | Lys AAA   5   5   5   5   4   5 | Arg AGA   5   5   5   5   6   5
Met ATG   3   3   3   3   3   3 |     ACG   0   0   0   0   0   0 |     AAG   2   2   2   2   2   2 |     AGG   0   0   0   0   0   0
--------------------------------------------------------------------------------------------------------------------------------------
Val GTT   2   2   2   2   2   2 | Ala GCT   4   3   3   4   3   4 | Asp GAT   2   2   2   2   2   2 | Gly GGT   0   0   0   0   0   0
    GTC   3   3   3   3   3   3 |     GCC   1   2   2   1   2   1 |     GAC   2   2   2   2   2   2 |     GGC   1   1   1   1   1   1
    GTA   1   1   1   1   1   1 |     GCA   1   1   1   1   3   1 | Glu GAA   1   1   1   0   1   1 |     GGA   4   4   4   4   4   4
    GTG   6   6   6   6   6   6 |     GCG   2   2   2   2   0   2 |     GAG   4   4   4   4   4   4 |     GGG   0   0   0   0   0   0
--------------------------------------------------------------------------------------------------------------------------------------

--------------------------------------------------------------------------------------------------------------------------------------
Phe TTT   5   5   5   4   5   5 | Ser TCT   0   0   0   0   1   0 | Tyr TAT   1   1   1   1   0   1 | Cys TGT   1   1   1   1   1   1
    TTC   1   1   1   2   1   1 |     TCC   1   1   1   1   1   1 |     TAC   0   0   0   0   1   0 |     TGC   0   0   0   0   0   0
Leu TTA   1   1   1   1   1   1 |     TCA   3   3   2   3   2   3 | *** TAA   0   0   0   0   0   0 | *** TGA   0   0   0   0   0   0
    TTG   0   0   0   0   0   0 |     TCG   0   0   1   0   0   0 |     TAG   0   0   0   0   0   0 | Trp TGG   2   2   2   2   2   2
--------------------------------------------------------------------------------------------------------------------------------------
Leu CTT   4   4   4   4   4   3 | Pro CCT   2   2   2   2   2   2 | His CAT   1   2   1   2   2   2 | Arg CGT   1   0   1   0   0   0
    CTC   0   1   0   0   0   0 |     CCC   0   0   0   0   0   0 |     CAC   1   1   1   1   1   1 |     CGC   0   0   0   0   0   0
    CTA   1   1   1   1   1   1 |     CCA   2   2   2   2   2   2 | Gln CAA   1   1   1   1   1   0 |     CGA   0   0   0   0   1   0
    CTG   3   2   3   3   3   4 |     CCG   0   0   0   0   0   0 |     CAG   0   0   0   0   0   1 |     CGG   2   2   2   2   1   2
--------------------------------------------------------------------------------------------------------------------------------------
Ile ATT   2   2   2   2   1   2 | Thr ACT   2   2   2   2   2   2 | Asn AAT   5   6   6   6   6   5 | Ser AGT   2   2   2   2   2   2
    ATC   2   2   2   2   3   2 |     ACC   1   1   1   1   1   1 |     AAC   1   0   0   0   0   1 |     AGC   0   0   0   0   0   0
    ATA   0   0   0   0   0   0 |     ACA   0   0   0   0   0   0 | Lys AAA   5   5   5   5   5   5 | Arg AGA   5   5   5   5   5   5
Met ATG   3   3   3   3   3   3 |     ACG   0   0   0   0   0   0 |     AAG   2   2   2   2   2   2 |     AGG   0   0   0   0   0   0
--------------------------------------------------------------------------------------------------------------------------------------
Val GTT   2   3   2   3   2   2 | Ala GCT   4   3   5   4   4   3 | Asp GAT   1   2   2   2   2   2 | Gly GGT   0   0   0   0   0   0
    GTC   3   3   3   2   3   3 |     GCC   1   2   0   1   1   2 |     GAC   3   2   2   2   2   2 |     GGC   1   1   1   1   1   1
    GTA   1   1   1   1   1   1 |     GCA   1   1   1   1   1   2 | Glu GAA   1   1   1   2   1   1 |     GGA   4   4   4   4   4   4
    GTG   6   5   6   6   6   6 |     GCG   3   2   2   2   2   1 |     GAG   3   4   4   3   4   4 |     GGG   0   0   0   0   0   0
--------------------------------------------------------------------------------------------------------------------------------------

--------------------------------------------------------------------------------------------------------------------------------------
Phe TTT   5   5   5   5   5   5 | Ser TCT   0   0   0   0   0   0 | Tyr TAT   1   1   1   1   1   1 | Cys TGT   1   1   1   1   1   1
    TTC   1   1   1   1   1   1 |     TCC   1   1   1   1   1   2 |     TAC   0   0   0   0   0   0 |     TGC   0   0   0   0   0   0
Leu TTA   1   1   1   0   1   1 |     TCA   3   3   3   3   3   2 | *** TAA   0   0   0   0   0   0 | *** TGA   0   0   0   0   0   0
    TTG   0   0   0   0   0   0 |     TCG   0   0   0   0   0   0 |     TAG   0   0   0   0   0   0 | Trp TGG   2   2   2   2   2   2
--------------------------------------------------------------------------------------------------------------------------------------
Leu CTT   4   4   4   4   4   4 | Pro CCT   2   2   2   2   2   2 | His CAT   2   2   2   2   2   2 | Arg CGT   0   0   0   0   0   0
    CTC   0   0   0   0   1   0 |     CCC   0   0   0   0   0   0 |     CAC   1   1   1   1   1   1 |     CGC   0   0   0   0   0   0
    CTA   1   1   1   2   1   1 |     CCA   2   2   2   1   2   2 | Gln CAA   1   1   1   1   1   1 |     CGA   0   0   0   0   0   0
    CTG   3   3   3   3   2   3 |     CCG   0   0   0   1   0   0 |     CAG   0   0   0   0   0   0 |     CGG   2   2   2   2   2   2
--------------------------------------------------------------------------------------------------------------------------------------
Ile ATT   2   2   2   2   2   2 | Thr ACT   2   2   2   2   2   2 | Asn AAT   6   6   6   6   6   5 | Ser AGT   2   2   2   2   2   2
    ATC   2   2   2   2   2   2 |     ACC   1   1   1   1   1   1 |     AAC   0   0   0   0   0   1 |     AGC   0   0   0   0   0   0
    ATA   0   0   0   0   0   0 |     ACA   0   0   0   0   0   0 | Lys AAA   5   5   5   5   5   5 | Arg AGA   5   5   5   5   5   5
Met ATG   3   3   3   3   3   3 |     ACG   0   0   0   0   0   0 |     AAG   2   2   2   2   2   2 |     AGG   0   0   0   0   0   0
--------------------------------------------------------------------------------------------------------------------------------------
Val GTT   2   2   2   3   3   2 | Ala GCT   3   4   3   3   3   4 | Asp GAT   2   2   2   1   2   2 | Gly GGT   0   0   0   0   0   0
    GTC   3   3   3   2   3   3 |     GCC   2   1   2   2   2   1 |     GAC   2   2   2   3   2   2 |     GGC   1   1   1   1   1   1
    GTA   1   1   1   1   1   1 |     GCA   2   1   1   1   1   1 | Glu GAA   1   1   1   1   1   1 |     GGA   4   4   4   4   4   4
    GTG   6   6   6   6   5   6 |     GCG   1   2   2   2   2   2 |     GAG   4   4   4   4   4   4 |     GGG   0   0   0   0   0   0
--------------------------------------------------------------------------------------------------------------------------------------

--------------------------------------------------------------------------------------------------------------------------------------
Phe TTT   5   5   5   5   5   5 | Ser TCT   0   0   0   0   0   0 | Tyr TAT   1   1   1   1   1   1 | Cys TGT   1   1   1   1   1   1
    TTC   1   1   1   1   1   1 |     TCC   2   1   1   1   1   1 |     TAC   0   0   0   0   0   0 |     TGC   0   0   0   0   0   0
Leu TTA   1   1   1   1   1   1 |     TCA   2   3   3   3   3   3 | *** TAA   0   0   0   0   0   0 | *** TGA   0   0   0   0   0   0
    TTG   0   0   0   0   0   0 |     TCG   0   0   0   0   0   0 |     TAG   0   0   0   0   0   0 | Trp TGG   2   2   2   2   2   2
--------------------------------------------------------------------------------------------------------------------------------------
Leu CTT   4   3   4   4   4   4 | Pro CCT   2   2   2   2   2   1 | His CAT   2   2   2   3   2   2 | Arg CGT   0   0   0   0   0   0
    CTC   0   1   0   0   1   1 |     CCC   0   0   0   0   0   0 |     CAC   1   1   1   0   1   1 |     CGC   0   0   0   0   0   0
    CTA   1   1   1   1   1   1 |     CCA   2   2   2   1   2   3 | Gln CAA   1   1   1   1   1   1 |     CGA   0   0   0   0   0   0
    CTG   3   3   3   3   2   2 |     CCG   0   0   0   1   0   0 |     CAG   0   0   0   0   0   0 |     CGG   2   2   2   2   2   2
--------------------------------------------------------------------------------------------------------------------------------------
Ile ATT   2   2   2   2   2   2 | Thr ACT   2   2   2   2   2   2 | Asn AAT   6   6   6   6   5   5 | Ser AGT   2   2   2   2   2   2
    ATC   2   2   2   2   2   2 |     ACC   1   1   1   1   1   1 |     AAC   0   0   0   0   1   1 |     AGC   0   0   0   0   0   0
    ATA   0   0   0   0   0   0 |     ACA   0   0   0   0   0   0 | Lys AAA   5   5   5   5   5   5 | Arg AGA   5   5   5   5   5   5
Met ATG   3   3   3   3   3   3 |     ACG   0   0   0   0   0   0 |     AAG   2   2   2   2   2   2 |     AGG   0   0   0   0   0   0
--------------------------------------------------------------------------------------------------------------------------------------
Val GTT   2   2   2   2   2   2 | Ala GCT   4   4   4   3   3   3 | Asp GAT   2   2   2   2   2   2 | Gly GGT   0   0   0   0   0   0
    GTC   3   3   3   3   3   3 |     GCC   1   1   1   2   2   2 |     GAC   2   2   2   2   2   2 |     GGC   1   1   1   1   1   1
    GTA   1   1   1   1   1   1 |     GCA   1   2   1   2   1   1 | Glu GAA   2   1   1   1   1   1 |     GGA   4   4   4   4   4   4
    GTG   6   6   6   6   6   6 |     GCG   2   1   2   1   2   2 |     GAG   3   4   4   4   4   4 |     GGG   0   0   0   0   0   0
--------------------------------------------------------------------------------------------------------------------------------------

Codon position x base (3x4) table for each sequence.

#1: Argali         
position  1:    T:0.15464    C:0.18557    A:0.30928    G:0.35052
position  2:    T:0.35052    C:0.19588    A:0.26804    G:0.18557
position  3:    T:0.37113    C:0.12371    A:0.23711    G:0.26804
Average         T:0.29210    C:0.16838    A:0.27148    G:0.26804

#2: LesserMouseDeer
position  1:    T:0.15464    C:0.18557    A:0.30928    G:0.35052
position  2:    T:0.35052    C:0.19588    A:0.27835    G:0.17526
position  3:    T:0.35052    C:0.16495    A:0.25773    G:0.22680
Average         T:0.28522    C:0.18213    A:0.28179    G:0.25086

#3: LesserKudu     
position  1:    T:0.15464    C:0.18557    A:0.30928    G:0.35052
position  2:    T:0.35052    C:0.19588    A:0.27835    G:0.17526
position  3:    T:0.34021    C:0.16495    A:0.25773    G:0.23711
Average         T:0.28179    C:0.18213    A:0.28179    G:0.25430

#4: ForestMuskDeer2
position  1:    T:0.15464    C:0.18557    A:0.30928    G:0.35052
position  2:    T:0.35052    C:0.19588    A:0.27835    G:0.17526
position  3:    T:0.36082    C:0.13402    A:0.25773    G:0.24742
Average         T:0.28866    C:0.17182    A:0.28179    G:0.25773

#5: Camel          
position  1:    T:0.15464    C:0.18557    A:0.30928    G:0.35052
position  2:    T:0.35052    C:0.19588    A:0.27835    G:0.17526
position  3:    T:0.34021    C:0.15464    A:0.27835    G:0.22680
Average         T:0.28179    C:0.17869    A:0.28866    G:0.25086

#6: KillerWhale    
position  1:    T:0.15464    C:0.18557    A:0.30928    G:0.35052
position  2:    T:0.35052    C:0.19588    A:0.27835    G:0.17526
position  3:    T:0.34021    C:0.15464    A:0.27835    G:0.22680
Average         T:0.28179    C:0.17869    A:0.28866    G:0.25086

#7: DefassaWaterbuck
position  1:    T:0.15464    C:0.18557    A:0.30928    G:0.35052
position  2:    T:0.35052    C:0.19588    A:0.27835    G:0.17526
position  3:    T:0.37113    C:0.12371    A:0.26804    G:0.23711
Average         T:0.29210    C:0.16838    A:0.28522    G:0.25430

#8: Sheep          
position  1:    T:0.15464    C:0.18557    A:0.30928    G:0.35052
position  2:    T:0.35052    C:0.19588    A:0.26804    G:0.18557
position  3:    T:0.37113    C:0.12371    A:0.24742    G:0.25773
Average         T:0.29210    C:0.16838    A:0.27491    G:0.26460

#9: MaxwellsDuiker 
position  1:    T:0.15464    C:0.19588    A:0.30928    G:0.34021
position  2:    T:0.35052    C:0.19588    A:0.27835    G:0.17526
position  3:    T:0.35052    C:0.15464    A:0.22680    G:0.26804
Average         T:0.28522    C:0.18213    A:0.27148    G:0.26117

#10: GazellaPrzewalskyi
position  1:    T:0.15464    C:0.18557    A:0.30928    G:0.35052
position  2:    T:0.35052    C:0.19588    A:0.27835    G:0.17526
position  3:    T:0.36082    C:0.13402    A:0.25773    G:0.24742
Average         T:0.28866    C:0.17182    A:0.28179    G:0.25773

#11: MountainNyala  
position  1:    T:0.15464    C:0.18557    A:0.30928    G:0.35052
position  2:    T:0.35052    C:0.19588    A:0.27835    G:0.17526
position  3:    T:0.32990    C:0.16495    A:0.26804    G:0.23711
Average         T:0.27835    C:0.18213    A:0.28522    G:0.25430

#12: MuntiacusMuntjak
position  1:    T:0.15464    C:0.18557    A:0.30928    G:0.35052
position  2:    T:0.35052    C:0.19588    A:0.27835    G:0.17526
position  3:    T:0.35052    C:0.14433    A:0.25773    G:0.24742
Average         T:0.28522    C:0.17526    A:0.28179    G:0.25773

#13: goat           
position  1:    T:0.15464    C:0.18557    A:0.30928    G:0.35052
position  2:    T:0.35052    C:0.19588    A:0.26804    G:0.18557
position  3:    T:0.36082    C:0.13402    A:0.24742    G:0.25773
Average         T:0.28866    C:0.17182    A:0.27491    G:0.26460

#14: AfricanBuffalo 
position  1:    T:0.15464    C:0.18557    A:0.30928    G:0.35052
position  2:    T:0.35052    C:0.19588    A:0.27835    G:0.17526
position  3:    T:0.35052    C:0.15464    A:0.25773    G:0.23711
Average         T:0.28522    C:0.17869    A:0.28179    G:0.25430

#15: Topi           
position  1:    T:0.15464    C:0.18557    A:0.30928    G:0.35052
position  2:    T:0.35052    C:0.19588    A:0.27835    G:0.17526
position  3:    T:0.36082    C:0.13402    A:0.25773    G:0.24742
Average         T:0.28866    C:0.17182    A:0.28179    G:0.25773

#16: CommonDuiker   
position  1:    T:0.15464    C:0.19588    A:0.30928    G:0.34021
position  2:    T:0.35052    C:0.19588    A:0.26804    G:0.18557
position  3:    T:0.34021    C:0.17526    A:0.21649    G:0.26804
Average         T:0.28179    C:0.18900    A:0.26460    G:0.26460

#17: Suni           
position  1:    T:0.15464    C:0.19588    A:0.29897    G:0.35052
position  2:    T:0.35052    C:0.19588    A:0.27835    G:0.17526
position  3:    T:0.31959    C:0.17526    A:0.23711    G:0.26804
Average         T:0.27491    C:0.18900    A:0.27148    G:0.26460

#18: Springbuck     
position  1:    T:0.15464    C:0.18557    A:0.30928    G:0.35052
position  2:    T:0.35052    C:0.19588    A:0.27835    G:0.17526
position  3:    T:0.36082    C:0.13402    A:0.24742    G:0.25773
Average         T:0.28866    C:0.17182    A:0.27835    G:0.26117

#19: Okapi          
position  1:    T:0.15464    C:0.18557    A:0.30928    G:0.35052
position  2:    T:0.35052    C:0.19588    A:0.27835    G:0.17526
position  3:    T:0.32990    C:0.16495    A:0.27835    G:0.22680
Average         T:0.27835    C:0.18213    A:0.28866    G:0.25086

#20: Giraffe        
position  1:    T:0.15464    C:0.18557    A:0.30928    G:0.35052
position  2:    T:0.35052    C:0.19588    A:0.27835    G:0.17526
position  3:    T:0.34021    C:0.15464    A:0.27835    G:0.22680
Average         T:0.28179    C:0.17869    A:0.28866    G:0.25086

#21: TibetanAntelope
position  1:    T:0.15464    C:0.18557    A:0.30928    G:0.35052
position  2:    T:0.35052    C:0.19588    A:0.27835    G:0.17526
position  3:    T:0.36082    C:0.13402    A:0.25773    G:0.24742
Average         T:0.28866    C:0.17182    A:0.28179    G:0.25773

#22: Sitatunga      
position  1:    T:0.15464    C:0.18557    A:0.30928    G:0.35052
position  2:    T:0.35052    C:0.19588    A:0.27835    G:0.17526
position  3:    T:0.32990    C:0.16495    A:0.26804    G:0.23711
Average         T:0.27835    C:0.18213    A:0.28522    G:0.25430

#23: Oribi          
position  1:    T:0.15464    C:0.18557    A:0.30928    G:0.35052
position  2:    T:0.35052    C:0.19588    A:0.27835    G:0.17526
position  3:    T:0.36082    C:0.13402    A:0.26804    G:0.23711
Average         T:0.28866    C:0.17182    A:0.28522    G:0.25430

#24: BarbarySheep   
position  1:    T:0.15464    C:0.18557    A:0.30928    G:0.35052
position  2:    T:0.35052    C:0.19588    A:0.26804    G:0.18557
position  3:    T:0.36082    C:0.13402    A:0.23711    G:0.26804
Average         T:0.28866    C:0.17182    A:0.27148    G:0.26804

#25: Daviddeer      
position  1:    T:0.15464    C:0.19588    A:0.29897    G:0.35052
position  2:    T:0.35052    C:0.19588    A:0.27835    G:0.17526
position  3:    T:0.35052    C:0.14433    A:0.25773    G:0.24742
Average         T:0.28522    C:0.17869    A:0.27835    G:0.25773

#26: Reindeer       
position  1:    T:0.14433    C:0.19588    A:0.30928    G:0.35052
position  2:    T:0.35052    C:0.19588    A:0.27835    G:0.17526
position  3:    T:0.35052    C:0.14433    A:0.24742    G:0.25773
Average         T:0.28179    C:0.17869    A:0.27835    G:0.26117

#27: Ibex           
position  1:    T:0.15464    C:0.18557    A:0.30928    G:0.35052
position  2:    T:0.35052    C:0.19588    A:0.26804    G:0.18557
position  3:    T:0.36082    C:0.13402    A:0.24742    G:0.25773
Average         T:0.28866    C:0.17182    A:0.27491    G:0.26460

#28: GyrantGazelle  
position  1:    T:0.15464    C:0.18557    A:0.30928    G:0.35052
position  2:    T:0.35052    C:0.19588    A:0.27835    G:0.17526
position  3:    T:0.36082    C:0.13402    A:0.25773    G:0.24742
Average         T:0.28866    C:0.17182    A:0.28179    G:0.25773

#29: Hartebeest     
position  1:    T:0.15464    C:0.18557    A:0.30928    G:0.35052
position  2:    T:0.35052    C:0.19588    A:0.27835    G:0.17526
position  3:    T:0.36082    C:0.13402    A:0.25773    G:0.24742
Average         T:0.28866    C:0.17182    A:0.28179    G:0.25773

#30: Bongo          
position  1:    T:0.15464    C:0.18557    A:0.30928    G:0.35052
position  2:    T:0.35052    C:0.19588    A:0.26804    G:0.18557
position  3:    T:0.34021    C:0.16495    A:0.26804    G:0.22680
Average         T:0.28179    C:0.18213    A:0.28179    G:0.25430

#31: Gerenuk        
position  1:    T:0.15464    C:0.18557    A:0.30928    G:0.35052
position  2:    T:0.35052    C:0.19588    A:0.27835    G:0.17526
position  3:    T:0.32990    C:0.16495    A:0.25773    G:0.24742
Average         T:0.27835    C:0.18213    A:0.28179    G:0.25773

#32: CommonEland    
position  1:    T:0.15464    C:0.18557    A:0.30928    G:0.35052
position  2:    T:0.35052    C:0.19588    A:0.27835    G:0.17526
position  3:    T:0.34021    C:0.15464    A:0.26804    G:0.23711
Average         T:0.28179    C:0.17869    A:0.28522    G:0.25430

#33: MuntiacusReevesi
position  1:    T:0.15464    C:0.18557    A:0.30928    G:0.35052
position  2:    T:0.35052    C:0.19588    A:0.27835    G:0.17526
position  3:    T:0.36082    C:0.13402    A:0.25773    G:0.24742
Average         T:0.28866    C:0.17182    A:0.28179    G:0.25773

#34: HarveysDuiker  
position  1:    T:0.15464    C:0.19588    A:0.30928    G:0.34021
position  2:    T:0.35052    C:0.19588    A:0.27835    G:0.17526
position  3:    T:0.36082    C:0.14433    A:0.23711    G:0.25773
Average         T:0.28866    C:0.17869    A:0.27491    G:0.25773

#35: Pronghorn      
position  1:    T:0.15464    C:0.18557    A:0.30928    G:0.35052
position  2:    T:0.35052    C:0.19588    A:0.26804    G:0.18557
position  3:    T:0.32990    C:0.16495    A:0.28866    G:0.21649
Average         T:0.27835    C:0.18213    A:0.28866    G:0.25086

#36: BlueWildebeest 
position  1:    T:0.15464    C:0.18557    A:0.30928    G:0.35052
position  2:    T:0.35052    C:0.19588    A:0.27835    G:0.17526
position  3:    T:0.35052    C:0.14433    A:0.25773    G:0.24742
Average         T:0.28522    C:0.17526    A:0.28179    G:0.25773

#37: Gemsbok        
position  1:    T:0.15464    C:0.18557    A:0.30928    G:0.35052
position  2:    T:0.35052    C:0.20619    A:0.25773    G:0.18557
position  3:    T:0.34021    C:0.15464    A:0.25773    G:0.24742
Average         T:0.28179    C:0.18213    A:0.27491    G:0.26117

#38: Yak            
position  1:    T:0.15464    C:0.18557    A:0.30928    G:0.35052
position  2:    T:0.35052    C:0.19588    A:0.27835    G:0.17526
position  3:    T:0.36082    C:0.15464    A:0.25773    G:0.22680
Average         T:0.28866    C:0.17869    A:0.28179    G:0.25086

#39: BlueSheep      
position  1:    T:0.15464    C:0.18557    A:0.30928    G:0.35052
position  2:    T:0.35052    C:0.19588    A:0.26804    G:0.18557
position  3:    T:0.37113    C:0.12371    A:0.24742    G:0.25773
Average         T:0.29210    C:0.16838    A:0.27491    G:0.26460

#40: BohorReedbuck  
position  1:    T:0.15464    C:0.18557    A:0.30928    G:0.35052
position  2:    T:0.35052    C:0.19588    A:0.27835    G:0.17526
position  3:    T:0.36082    C:0.13402    A:0.26804    G:0.23711
Average         T:0.28866    C:0.17182    A:0.28522    G:0.25430

#41: KirksDik       
position  1:    T:0.15464    C:0.18557    A:0.30928    G:0.35052
position  2:    T:0.35052    C:0.19588    A:0.27835    G:0.17526
position  3:    T:0.35052    C:0.15464    A:0.25773    G:0.23711
Average         T:0.28522    C:0.17869    A:0.28179    G:0.25430

#42: RoeDeer        
position  1:    T:0.15464    C:0.18557    A:0.30928    G:0.35052
position  2:    T:0.35052    C:0.19588    A:0.27835    G:0.17526
position  3:    T:0.32990    C:0.15464    A:0.25773    G:0.25773
Average         T:0.27835    C:0.17869    A:0.28179    G:0.26117

#43: WhiteLippedDeer
position  1:    T:0.15464    C:0.18557    A:0.30928    G:0.35052
position  2:    T:0.35052    C:0.19588    A:0.27835    G:0.17526
position  3:    T:0.35052    C:0.14433    A:0.26804    G:0.23711
Average         T:0.28522    C:0.17526    A:0.28522    G:0.25430

#44: ThomsonGazelle 
position  1:    T:0.15464    C:0.18557    A:0.30928    G:0.35052
position  2:    T:0.35052    C:0.19588    A:0.27835    G:0.17526
position  3:    T:0.36082    C:0.13402    A:0.25773    G:0.24742
Average         T:0.28866    C:0.17182    A:0.28179    G:0.25773

#45: MuntiacusCrinifrons
position  1:    T:0.15464    C:0.18557    A:0.30928    G:0.35052
position  2:    T:0.35052    C:0.19588    A:0.27835    G:0.17526
position  3:    T:0.35052    C:0.14433    A:0.25773    G:0.24742
Average         T:0.28522    C:0.17526    A:0.28179    G:0.25773

#46: WhiteTailedDeer
position  1:    T:0.14433    C:0.19588    A:0.30928    G:0.35052
position  2:    T:0.35052    C:0.19588    A:0.27835    G:0.17526
position  3:    T:0.35052    C:0.14433    A:0.24742    G:0.25773
Average         T:0.28179    C:0.17869    A:0.27835    G:0.26117

#47: Cattle         
position  1:    T:0.15464    C:0.18557    A:0.30928    G:0.35052
position  2:    T:0.35052    C:0.19588    A:0.27835    G:0.17526
position  3:    T:0.36082    C:0.15464    A:0.25773    G:0.22680
Average         T:0.28866    C:0.17869    A:0.28179    G:0.25086

#48: RoyalAntelope  
position  1:    T:0.15464    C:0.18557    A:0.30928    G:0.35052
position  2:    T:0.35052    C:0.19588    A:0.27835    G:0.17526
position  3:    T:0.35052    C:0.15464    A:0.24742    G:0.24742
Average         T:0.28522    C:0.17869    A:0.27835    G:0.25773

#49: Steenbok       
position  1:    T:0.15464    C:0.18557    A:0.30928    G:0.35052
position  2:    T:0.35052    C:0.19588    A:0.27835    G:0.17526
position  3:    T:0.36082    C:0.14433    A:0.25773    G:0.23711
Average         T:0.28866    C:0.17526    A:0.28179    G:0.25430

#50: Impala         
position  1:    T:0.15464    C:0.18557    A:0.30928    G:0.35052
position  2:    T:0.35052    C:0.19588    A:0.27835    G:0.17526
position  3:    T:0.35052    C:0.14433    A:0.26804    G:0.23711
Average         T:0.28522    C:0.17526    A:0.28522    G:0.25430

#51: Klipspringer   
position  1:    T:0.15464    C:0.18557    A:0.30928    G:0.35052
position  2:    T:0.35052    C:0.19588    A:0.27835    G:0.17526
