1
52 1
Argali 0.000000 1.080600 0.346200 2.523100 0.397900 0.095900 0.414600 0.287000 0.346200 0.504400 0.191500 0.724200 0.768900 0.310800 0.689300 0.495800 0.504400 0.601400 0.286400 0.346200 0.298800 0.095900 0.504400 0.344400 0.191500 0.382500 0.415400 0.346200 0.587000 0.346200 0.511100 0.526800 0.631800 0.608700 0.384300 1.029200 0.365400 0.397900 0.382500 0.504400 0.504400 0.382500 0.504400 0.344400 1.029200 0.310800 0.396400 0.548500 0.943900 0.526000 0.346200 0.346200
LesserMous 1.080600 0.000000 0.783200 0.984200 0.910300 0.925300 1.066800 1.390400 0.783200 1.071200 1.128300 0.918800 2.249300 1.112200 4.268900 1.603000 1.071200 1.186800 1.064300 0.783200 1.433600 0.925300 1.071200 1.214100 1.128300 1.650700 1.874600 0.783200 1.752600 0.783200 1.536700 1.243000 0.795300 1.570600 1.340200 1.199500 2.874200 0.910300 1.650700 1.071200 1.071200 1.650700 1.071200 1.214100 1.199500 1.112200 1.745700 2.739800 1.461200 1.019600 0.783200 0.783200
LesserKudu 0.346200 0.783200 0.000000 0.795800 0.141400 0.513300 0.620500 0.239600 0.000000 0.213100 0.637600 0.142300 1.115500 0.500800 0.782400 0.419500 0.213100 0.282300 0.606500 0.000000 0.650700 0.513300 0.213100 0.127000 0.637600 0.322900 0.346900 0.000000 0.500700 0.000000 0.312500 0.593300 0.130400 0.516600 0.324300 0.283700 1.084400 0.141400 0.322900 0.213100 0.213100 0.322900 0.213100 0.127000 0.283700 0.500800 0.451300 0.452900 0.596200 0.117000 0.000000 0.000000
KillerWhal 2.523100 0.984200 0.795800 0.000000 0.864100 2.357800 1.117700 1.162800 0.795800 0.679900 2.945700 0.856200 3.540700 1.499000 2.394000 1.354400 0.679900 0.540300 1.498800 0.795800 1.648000 2.357800 0.679900 0.783400 2.945700 1.369000 1.490600 0.795800 1.006000 0.795800 0.849700 1.660800 0.549100 0.683600 0.889800 0.781000 4.490000 0.864100 1.369000 0.679900 0.679900 1.369000 0.679900 0.783400 0.781000 1.499000 2.016000 1.112900 0.981700 0.513600 0.795800 0.795800
DefassaWat 0.397900 0.910300 0.141400 0.864100 0.000000 0.298100 0.389600 0.079000 0.141400 0.070100 0.403300 0.156100 0.751800 0.288300 0.516200 0.242500 0.070100 0.138100 0.383900 0.141400 0.410600 0.298100 0.070100 0.140300 0.403300 0.158000 0.170200 0.141400 0.318600 0.141400 0.153000 0.372400 0.141500 0.327200 0.158700 0.309300 0.680200 0.000000 0.158000 0.070100 0.070100 0.158000 0.070100 0.140300 0.309300 0.288300 0.262700 0.264200 0.385200 0.282300 0.141400 0.141400
Sheep 0.095900 0.925300 0.513300 2.357800 0.298100 0.000000 0.311300 0.192900 0.513300 0.400100 0.096800 0.595200 0.646600 0.208400 0.575100 0.395900 0.400100 0.493500 0.191900 0.513300 0.201600 0.000000 0.400100 0.504400 0.096800 0.288200 0.314400 0.513300 0.485200 0.513300 0.406600 0.418600 0.517500 0.502400 0.289600 0.865900 0.249200 0.298100 0.288200 0.400100 0.400100 0.288200 0.400100 0.504400 0.865900 0.208400 0.300100 0.439600 0.803100 0.738000 0.513300 0.513300
MaxwellsDu 0.414600 1.066800 0.620500 1.117700 0.389600 0.311300 0.000000 0.279800 0.620500 0.495900 0.420300 0.716000 0.605500 0.088000 0.681000 0.491600 0.495900 0.593300 0.532500 0.620500 0.560300 0.311300 0.495900 0.607400 0.420300 0.376300 0.408600 0.620500 0.583900 0.620500 0.502700 0.264800 0.626600 0.339600 0.164900 1.021700 0.708500 0.389600 0.376300 0.495900 0.495900 0.376300 0.495900 0.607400 1.021700 0.088000 0.534300 0.537400 0.537800 0.871100 0.620500 0.620500
GazellaPrz 0.287000 1.390400 0.239600 1.162800 0.079000 0.192900 0.279800 0.000000 0.239600 0.157700 0.290400 0.268300 0.582800 0.185900 0.393700 0.157200 0.157700 0.232900 0.388300 0.239600 0.295600 0.192900 0.157700 0.237000 0.290400 0.077400 0.083400 0.239600 0.230800 0.239600 0.160900 0.376500 0.240300 0.236600 0.077700 0.445600 0.508600 0.079000 0.077400 0.157700 0.157700 0.077400 0.157700 0.237000 0.445600 0.185900 0.170600 0.171700 0.390900 0.400000 0.239600 0.239600
MountainNy 0.346200 0.783200 0.000000 0.795800 0.141400 0.513300 0.620500 0.239600 0.000000 0.213100 0.637600 0.142300 1.115500 0.500800 0.782400 0.419500 0.213100 0.282300 0.606500 0.000000 0.650700 0.513300 0.213100 0.127000 0.637600 0.322900 0.346900 0.000000 0.500700 0.000000 0.312500 0.593300 0.130400 0.516600 0.324300 0.283700 1.084400 0.141400 0.322900 0.213100 0.213100 0.322900 0.213100 0.127000 0.283700 0.500800 0.451300 0.452900 0.596200 0.117000 0.000000 0.000000
MuntiacusM 0.504400 1.071200 0.213100 0.679900 0.070100 0.400100 0.495900 0.157700 0.213100 0.000000 0.511900 0.234400 0.906300 0.388800 0.634100 0.325800 0.000000 0.063400 0.255000 0.213100 0.270100 0.400100 0.000000 0.064300 0.511900 0.237400 0.255300 0.213100 0.403500 0.213100 0.069500 0.474400 0.064500 0.218900 0.238400 0.391300 0.848300 0.062000 0.237400 0.000000 0.000000 0.237400 0.000000 0.064300 0.391300 0.388800 0.351800 0.157700 0.257000 0.193300 0.213100 0.213100
goat 0.191500 1.128300 0.637600 2.945700 0.403300 0.096800 0.420300 0.290400 0.637600 0.511900 0.000000 0.744300 0.793100 0.314500 0.703600 0.504100 0.511900 0.611100 0.289200 0.637600 0.302300 0.096800 0.511900 0.625400 0.000000 0.387700 0.422000 0.637600 0.597600 0.637600 0.518600 0.535000 0.644300 0.620400 0.389500 1.076300 0.371700 0.403300 0.387700 0.511900 0.511900 0.387700 0.511900 0.625400 1.076300 0.314500 0.402300 0.558600 0.971500 0.895800 0.637600 0.637600
AfricanBuf 0.724200 0.918800 0.142300 0.856200 0.156100 0.595200 0.716000 0.268300 0.142300 0.234400 0.744300 0.000000 1.460600 0.573300 0.526500 0.472400 0.234400 0.308400 0.701800 0.142300 0.768800 0.595200 0.234400 0.313800 0.744300 0.361700 0.393200 0.142300 0.560600 0.142300 0.346600 0.679800 0.142500 0.582300 0.363500 0.139000 0.700500 0.156100 0.361700 0.234400 0.234400 0.361700 0.234400 0.313800 0.139000 0.573300 0.514800 0.266000 0.679800 0.283000 0.142300 0.142300
Topi 0.768900 2.249300 1.115500 3.540700 0.751800 0.646600 0.605500 0.582800 1.115500 0.906300 0.793100 1.460600 0.000000 0.621400 1.252700 0.932800 0.906300 1.023500 0.952900 1.115500 1.039100 0.646600 0.906300 1.050500 0.793100 0.724600 0.439100 1.115500 1.044200 1.115500 0.908000 0.940400 1.164900 0.885200 0.568000 1.978500 0.763300 0.751800 0.724600 0.906300 0.906300 0.724600 0.906300 1.050500 1.978500 0.621400 1.021600 1.007800 1.448800 1.464200 1.115500 1.115500
CommonDuik 0.310800 1.112200 0.500800 1.499000 0.288300 0.208400 0.088000 0.185900 0.500800 0.388800 0.314500 0.573300 0.621400 0.000000 0.555100 0.383300 0.388800 0.482600 0.421800 0.500800 0.442300 0.208400 0.388800 0.493400 0.314500 0.278600 0.302800 0.500800 0.472600 0.500800 0.395400 0.176300 0.504100 0.488500 0.279800 0.841100 0.553900 0.288300 0.278600 0.388800 0.388800 0.281600 0.388800 0.493400 0.841100 0.000000 0.418500 0.423500 0.431900 0.728200 0.500800 0.500800
Suni 0.689300 4.268900 0.782400 2.394000 0.516200 0.575100 0.681000 0.393700 0.782400 0.634100 0.703600 0.526500 1.252700 0.555100 0.000000 0.623800 0.634100 0.447700 0.843100 0.782400 0.672200 0.575100 0.634100 0.755600 0.703600 0.491100 0.542400 0.782400 0.436500 0.782400 0.643100 0.816100 0.797600 0.757600 0.499100 0.452500 0.661500 0.516200 0.494600 0.634100 0.634100 0.494600 0.634100 0.755600 0.452500 0.555100 0.686400 0.390900 1.166700 0.671500 0.782400 0.782400
Springbuck 0.495800 1.603000 0.419500 1.354400 0.242500 0.395900 0.491600 0.157200 0.419500 0.325800 0.504100 0.472400 0.932800 0.383300 0.623800 0.000000 0.325800 0.403500 0.617700 0.419500 0.515600 0.395900 0.325800 0.411300 0.504100 0.071400 0.255700 0.419500 0.064600 0.419500 0.331300 0.343700 0.421800 0.218100 0.238800 0.677000 0.849300 0.242500 0.071400 0.325600 0.325800 0.071400 0.325800 0.411300 0.677000 0.383000 0.156700 0.352100 0.603100 0.600800 0.419500 0.419500
Okapi 0.504400 1.071200 0.213100 0.679900 0.070100 0.400100 0.495900 0.157700 0.213100 0.000000 0.511900 0.234400 0.906300 0.388800 0.634100 0.325800 0.000000 0.063400 0.255000 0.213100 0.270100 0.400100 0.000000 0.064300 0.511900 0.237400 0.255300 0.213100 0.403500 0.213100 0.069500 0.474400 0.064500 0.218900 0.238400 0.391300 0.848300 0.070100 0.237400 0.000000 0.000000 0.237400 0.000000 0.056100 0.391300 0.388800 0.351800 0.157700 0.257000 0.193300 0.213100 0.213100
Giraffe 0.601400 1.186800 0.282300 0.540300 0.138100 0.493500 0.593300 0.232900 0.282300 0.063400 0.611100 0.308400 1.023500 0.482600 0.447700 0.403500 0.063400 0.000000 0.337000 0.282300 0.355300 0.493500 0.063400 0.127700 0.611100 0.312400 0.334900 0.282300 0.283700 0.282300 0.137500 0.569400 0.127700 0.289400 0.313700 0.278300 0.991600 0.138100 0.312400 0.063400 0.063400 0.312400 0.063400 0.127700 0.278300 0.482600 0.433700 0.233000 0.340000 0.118000 0.282300 0.282300
TibetanAnt 0.286400 1.064300 0.606500 1.498800 0.383900 0.191900 0.532500 0.388300 0.606500 0.255000 0.289200 0.701800 0.952900 0.421800 0.843100 0.617700 0.255000 0.337000 0.000000 0.606500 0.180700 0.191900 0.255000 0.343200 0.289200 0.489200 0.531500 0.606500 0.717700 0.606500 0.260000 0.368600 0.346000 0.445900 0.491300 1.009900 0.493000 0.383900 0.489200 0.255000 0.255000 0.489200 0.255000 0.343200 1.009900 0.421800 0.505800 0.389400 0.398800 0.527300 0.606500 0.606500
Sitatunga 0.346200 0.783200 0.000000 0.795800 0.141400 0.513300 0.620500 0.239600 0.000000 0.213100 0.637600 0.142300 1.115500 0.500800 0.782400 0.419500 0.213100 0.282300 0.606500 0.000000 0.650700 0.513300 0.213100 0.127000 0.637600 0.322900 0.346900 0.000000 0.500700 0.000000 0.312500 0.593300 0.130400 0.516600 0.324300 0.283700 1.084400 0.141400 0.322900 0.213100 0.213100 0.322900 0.213100 0.127000 0.283700 0.500800 0.451300 0.452900 0.596200 0.117000 0.000000 0.000000
Oribi 0.298800 1.433600 0.650700 1.648000 0.410600 0.201600 0.560300 0.295600 0.650700 0.270100 0.302300 0.768800 1.039100 0.442300 0.672200 0.515600 0.270100 0.355300 0.180700 0.650700 0.000000 0.201600 0.270100 0.362200 0.302300 0.395400 0.431400 0.650700 0.610500 0.650700 0.275500 0.689700 0.367400 0.358900 0.397400 1.124700 0.524800 0.410600 0.395400 0.270100 0.270100 0.395400 0.270100 0.362200 1.124700 0.442300 0.410900 0.296700 0.586800 0.556200 0.650700 0.650700
BarbaryShe 0.095900 0.925300 0.513300 2.357800 0.298100 0.000000 0.311300 0.192900 0.513300 0.400100 0.096800 0.595200 0.646600 0.208400 0.575100 0.395900 0.400100 0.493500 0.191900 0.513300 0.201600 0.000000 0.400100 0.504400 0.096800 0.288200 0.314400 0.513300 0.485200 0.513300 0.406600 0.418600 0.517500 0.502400 0.289600 0.865900 0.249200 0.298100 0.288200 0.400100 0.400100 0.288200 0.400100 0.504400 0.865900 0.208400 0.300100 0.439600 0.803100 0.738000 0.513300 0.513300
Daviddeer 0.504400 1.071200 0.213100 0.679900 0.070100 0.400100 0.495900 0.157700 0.213100 0.000000 0.511900 0.234400 0.906300 0.388800 0.634100 0.325800 0.000000 0.063400 0.255000 0.213100 0.270100 0.400100 0.000000 0.064300 0.511900 0.237400 0.255300 0.213100 0.403500 0.213100 0.069500 0.474400 0.064500 0.218900 0.238400 0.391300 0.848300 0.070100 0.237400 0.000000 0.000000 0.237400 0.000000 0.064300 0.391300 0.388800 0.351800 0.157700 0.257000 0.193300 0.213100 0.213100
Reindeer 0.344400 1.214100 0.127000 0.783400 0.140300 0.504400 0.607400 0.237000 0.127000 0.064300 0.625400 0.313800 1.050500 0.493400 0.755600 0.411300 0.064300 0.127700 0.343200 0.127000 0.362200 0.504400 0.064300 0.000000 0.625400 0.318000 0.341200 0.127000 0.491900 0.127000 0.139600 0.582600 0.129500 0.294200 0.319300 0.476800 1.024300 0.140300 0.318000 0.064300 0.064300 0.318000 0.064300 0.000000 0.476800 0.493400 0.442300 0.236900 0.346400 0.117100 0.127000 0.127000
Ibex 0.191500 1.128300 0.637600 2.945700 0.403300 0.096800 0.420300 0.290400 0.637600 0.511900 0.000000 0.744300 0.793100 0.314500 0.703600 0.504100 0.511900 0.611100 0.289200 0.637600 0.302300 0.096800 0.511900 0.625400 0.000000 0.387700 0.422000 0.637600 0.597600 0.637600 0.518600 0.535000 0.644300 0.620400 0.389500 1.076300 0.371700 0.403300 0.387700 0.511900 0.511900 0.387700 0.511900 0.625400 1.076300 0.314500 0.402300 0.558600 0.971500 0.895800 0.637600 0.637600
GyrantGaze 0.382500 1.650700 0.322900 1.369000 0.158000 0.288200 0.376300 0.077400 0.322900 0.237400 0.387700 0.361700 0.724600 0.278600 0.491100 0.071400 0.237400 0.312400 0.489200 0.322900 0.395400 0.288200 0.237400 0.318000 0.387700 0.000000 0.166600 0.322900 0.139700 0.322900 0.241700 0.250200 0.324100 0.319400 0.155600 0.545800 0.647100 0.158000 0.000000 0.237400 0.237400 0.000000 0.237400 0.318000 0.545800 0.278600 0.077100 0.257200 0.487100 0.488800 0.322900 0.322900
Hartebeest 0.415400 1.874600 0.346900 1.490600 0.170200 0.314400 0.408600 0.083400 0.346900 0.255300 0.422000 0.393200 0.439100 0.302800 0.542400 0.255700 0.255300 0.334900 0.531500 0.346900 0.431400 0.314400 0.255300 0.341200 0.422000 0.166600 0.000000 0.346900 0.333400 0.346900 0.260000 0.518000 0.348800 0.343500 0.167400 0.591600 0.720300 0.170200 0.166600 0.255300 0.255300 0.166600 0.255300 0.341200 0.591600 0.302800 0.277500 0.278800 0.530500 0.523300 0.346900 0.346900
Bongo 0.346200 0.783200 0.000000 0.795800 0.141400 0.513300 0.620500 0.239600 0.000000 0.213100 0.637600 0.142300 1.115500 0.500800 0.782400 0.419500 0.213100 0.282300 0.606500 0.000000 0.650700 0.513300 0.213100 0.127000 0.637600 0.322900 0.346900 0.000000 0.500700 0.000000 0.312500 0.593300 0.130400 0.516600 0.324300 0.283700 1.084400 0.141400 0.322900 0.213100 0.213100 0.322900 0.213100 0.127000 0.283700 0.500800 0.451300 0.452900 0.596200 0.117000 0.000000 0.000000
Gerenuk 0.587000 1.752600 0.500700 1.006000 0.318600 0.485200 0.583900 0.230800 0.500700 0.403500 0.597600 0.560600 1.044200 0.472600 0.436500 0.064600 0.403500 0.283700 0.717700 0.500700 0.610500 0.485200 0.403500 0.491900 0.597600 0.139700 0.333400 0.500700 0.000000 0.500700 0.409700 0.425500 0.503800 0.286500 0.312400 0.487900 0.982500 0.318600 0.139700 0.403500 0.403500 0.139700 0.403500 0.491900 0.487900 0.472600 0.229600 0.432400 0.694600 0.444900 0.500700 0.500700
CommonElan 0.346200 0.783200 0.000000 0.795800 0.141400 0.513300 0.620500 0.239600 0.000000 0.213100 0.637600 0.142300 1.115500 0.500800 0.782400 0.419500 0.213100 0.282300 0.606500 0.000000 0.650700 0.513300 0.213100 0.127000 0.637600 0.322900 0.346900 0.000000 0.500700 0.000000 0.312500 0.593300 0.130400 0.516600 0.324300 0.283700 1.084400 0.141400 0.322900 0.213100 0.213100 0.322900 0.213100 0.127000 0.283700 0.500800 0.451300 0.452900 0.596200 0.117000 0.000000 0.000000
MuntiacusR 0.511100 1.536700 0.312500 0.849700 0.153000 0.406600 0.502700 0.160900 0.312500 0.069500 0.518600 0.346600 0.908000 0.395400 0.643100 0.331300 0.069500 0.137500 0.260000 0.312500 0.275500 0.406600 0.069500 0.139600 0.518600 0.241700 0.260000 0.312500 0.409700 0.312500 0.000000 0.481200 0.140100 0.222900 0.242700 0.525200 0.850100 0.153000 0.241700 0.069500 0.069500 0.241700 0.069500 0.139600 0.525200 0.395400 0.357500 0.161000 0.263300 0.279200 0.312500 0.312500
HarveysDui 0.526800 1.243000 0.593300 1.660800 0.372400 0.418600 0.264800 0.376500 0.593300 0.474400 0.535000 0.679800 0.940400 0.176300 0.816100 0.343700 0.474400 0.569400 0.368600 0.593300 0.689700 0.418600 0.474400 0.582600 0.535000 0.250200 0.518000 0.593300 0.425500 0.593300 0.481200 0.000000 0.597900 0.735400 0.479700 0.972700 0.887700 0.372400 0.250200 0.474400 0.474400 0.250200 0.474400 0.582600 0.972700 0.176300 0.371800 0.662400 0.373000 0.836200 0.593300 0.593300
Pronghorn 0.631800 0.795300 0.130400 0.549100 0.141500 0.517500 0.626600 0.240300 0.130400 0.064500 0.644300 0.142500 1.164900 0.504100 0.797600 0.421800 0.064500 0.127700 0.346000 0.130400 0.367400 0.517500 0.064500 0.129500 0.644300 0.324100 0.348800 0.130400 0.503800 0.130400 0.140100 0.597900 0.000000 0.298700 0.325600 0.284100 1.138500 0.141500 0.324100 0.064500 0.064500 0.324100 0.064500 0.129500 0.284100 0.504100 0.454600 0.239300 0.346300 0.119100 0.130400 0.130400
BlueWildeb 0.608700 1.570600 0.516600 0.683600 0.327200 0.502400 0.339600 0.236600 0.516600 0.218900 0.620400 0.582300 0.885200 0.488500 0.757600 0.218100 0.218900 0.289400 0.445900 0.516600 0.358900 0.502400 0.218900 0.294200 0.620400 0.319400 0.343500 0.516600 0.286500 0.516600 0.222900 0.735400 0.298700 0.000000 0.141900 0.810500 1.059200 0.327200 0.319400 0.218900 0.218900 0.319400 0.218900 0.294200 0.810500 0.488500 0.446600 0.235600 0.443100 0.453700 0.516600 0.516600
Gemsbok 0.384300 1.340200 0.324300 0.889800 0.158700 0.289600 0.164900 0.077700 0.324300 0.238400 0.389500 0.363500 0.568000 0.279800 0.499100 0.238800 0.238400 0.313700 0.491300 0.324300 0.397400 0.289600 0.238400 0.319300 0.389500 0.155600 0.167400 0.324300 0.312400 0.324300 0.242700 0.479700 0.325600 0.141900 0.000000 0.548300 0.650400 0.158700 0.155600 0.238400 0.239100 0.155600 0.238400 0.319300 0.548300 0.279800 0.258700 0.258400 0.489000 0.490800 0.324300 0.324300
Yak 1.029200 1.199500 0.283700 0.781000 0.309300 0.865900 1.021700 0.445600 0.283700 0.391300 1.076300 0.139000 1.978500 0.841100 0.452500 0.677000 0.391300 0.278300 1.009900 0.283700 1.124700 0.865900 0.391300 0.476800 1.076300 0.545800 0.591600 0.283700 0.487900 0.283700 0.525200 0.972700 0.284100 0.810500 0.548300 0.000000 1.036200 0.309300 0.545800 0.391300 0.391300 0.545800 0.391300 0.476800 0.000000 0.841100 0.734600 0.440200 0.927000 0.258800 0.283700 0.283700
BlueSheep 0.365400 2.874200 1.084400 4.490000 0.680200 0.249200 0.708500 0.508600 1.084400 0.848300 0.371700 0.700500 0.763300 0.553900 0.661500 0.849300 0.848300 0.991600 0.493000 1.084400 0.524800 0.249200 0.848300 1.024300 0.371700 0.647100 0.720300 1.084400 0.982500 1.084400 0.850100 0.887700 1.138500 1.059200 0.650400 1.036200 0.000000 0.680200 0.647100 0.848300 0.848300 0.647100 0.848300 1.024300 1.036200 0.553900 0.675200 0.505300 1.796400 1.644100 1.084400 1.084400
BohorReedb 0.397900 0.910300 0.141400 0.864100 0.000000 0.298100 0.389600 0.079000 0.141400 0.062000 0.403300 0.156100 0.751800 0.288300 0.516200 0.242500 0.070100 0.138100 0.383900 0.141400 0.410600 0.298100 0.070100 0.140300 0.403300 0.158000 0.170200 0.141400 0.318600 0.141400 0.153000 0.372400 0.141500 0.327200 0.158700 0.309300 0.680200 0.000000 0.158000 0.070100 0.070100 0.158000 0.070100 0.140300 0.309300 0.288300 0.262700 0.264200 0.385200 0.282300 0.141400 0.141500
KirksDik 0.382500 1.650700 0.322900 1.369000 0.158000 0.288200 0.376300 0.077400 0.322900 0.237400 0.387700 0.361700 0.724600 0.278600 0.494600 0.071400 0.237400 0.312400 0.489200 0.322900 0.395400 0.288200 0.237400 0.318000 0.387700 0.000000 0.166600 0.322900 0.139700 0.322900 0.241700 0.250200 0.324100 0.319400 0.155600 0.545800 0.647100 0.158000 0.000000 0.237400 0.237400 0.000000 0.237400 0.318000 0.545800 0.278600 0.077100 0.257200 0.487100 0.488800 0.322900 0.322900
RoeDeer 0.504400 1.071200 0.213100 0.679900 0.070100 0.400100 0.495900 0.157700 0.213100 0.000000 0.511900 0.234400 0.906300 0.388800 0.634100 0.325600 0.000000 0.063400 0.255000 0.213100 0.270100 0.400100 0.000000 0.064300 0.511900 0.237400 0.255300 0.213100 0.403500 0.213100 0.069500 0.474400 0.064500 0.218900 0.238400 0.391300 0.848300 0.070100 0.237400 0.000000 0.000000 0.237400 0.000000 0.064300 0.391300 0.388800 0.351800 0.157700 0.257000 0.193300 0.213100 0.213100
WhiteLippe 0.504400 1.071200 0.213100 0.679900 0.070100 0.400100 0.495900 0.157700 0.213100 0.000000 0.511900 0.234400 0.906300 0.388800 0.634100 0.325800 0.000000 0.063400 0.255000 0.213100 0.270100 0.400100 0.000000 0.064300 0.511900 0.237400 0.255300 0.213100 0.403500 0.213100 0.069500 0.474400 0.064500 0.218900 0.239100 0.391300 0.848300 0.070100 0.237400 0.000000 0.000000 0.237400 0.000000 0.064300 0.391300 0.388800 0.351800 0.157700 0.257000 0.193300 0.213100 0.213100
ThomsonGaz 0.382500 1.650700 0.322900 1.369000 0.158000 0.288200 0.376300 0.077400 0.322900 0.237400 0.387700 0.361700 0.724600 0.281600 0.494600 0.071400 0.237400 0.312400 0.489200 0.322900 0.395400 0.288200 0.237400 0.318000 0.387700 0.000000 0.166600 0.322900 0.139700 0.322900 0.241700 0.250200 0.324100 0.319400 0.155600 0.545800 0.647100 0.158000 0.000000 0.237400 0.237400 0.000000 0.237400 0.318000 0.545800 0.278600 0.077100 0.257200 0.487100 0.488800 0.322900 0.322900
MuntiacusC 0.504400 1.071200 0.213100 0.679900 0.070100 0.400100 0.495900 0.157700 0.213100 0.000000 0.511900 0.234400 0.906300 0.388800 0.634100 0.325800 0.000000 0.063400 0.255000 0.213100 0.270100 0.400100 0.000000 0.064300 0.511900 0.237400 0.255300 0.213100 0.403500 0.213100 0.069500 0.474400 0.064500 0.218900 0.238400 0.391300 0.848300 0.070100 0.237400 0.000000 0.000000 0.237400 0.000000 0.064300 0.391300 0.388800 0.351800 0.157700 0.257000 0.193300 0.213100 0.213100
WhiteTaile 0.344400 1.214100 0.127000 0.783400 0.140300 0.504400 0.607400 0.237000 0.127000 0.064300 0.625400 0.313800 1.050500 0.493400 0.755600 0.411300 0.056100 0.127700 0.343200 0.127000 0.362200 0.504400 0.064300 0.000000 0.625400 0.318000 0.341200 0.127000 0.491900 0.127000 0.139600 0.582600 0.129500 0.294200 0.319300 0.476800 1.024300 0.140300 0.318000 0.064300 0.064300 0.318000 0.064300 0.000000 0.476800 0.493400 0.442300 0.236900 0.346400 0.117100 0.127000 0.127000
Cattle 1.029200 1.199500 0.283700 0.781000 0.309300 0.865900 1.021700 0.445600 0.283700 0.391300 1.076300 0.139000 1.978500 0.841100 0.452500 0.677000 0.391300 0.278300 1.009900 0.283700 1.124700 0.865900 0.391300 0.476800 1.076300 0.545800 0.591600 0.283700 0.487900 0.283700 0.525200 0.972700 0.284100 0.810500 0.548300 0.000000 1.036200 0.309300 0.545800 0.391300 0.391300 0.545800 0.391300 0.476800 0.000000 0.841100 0.734600 0.440200 0.927000 0.258800 0.283700 0.283700
RoyalAntel 0.310800 1.112200 0.500800 1.499000 0.288300 0.208400 0.088000 0.185900 0.500800 0.388800 0.314500 0.573300 0.621400 0.000000 0.555100 0.383000 0.388800 0.482600 0.421800 0.500800 0.442300 0.208400 0.388800 0.493400 0.314500 0.278600 0.302800 0.500800 0.472600 0.500800 0.395400 0.176300 0.504100 0.488500 0.279800 0.841100 0.553900 0.288300 0.278600 0.388800 0.388800 0.278600 0.388800 0.493400 0.841100 0.000000 0.418500 0.423500 0.431900 0.728200 0.500800 0.500800
Steenbok 0.396400 1.745700 0.451300 2.016000 0.262700 0.300100 0.534300 0.170600 0.451300 0.351800 0.402300 0.514800 1.021600 0.418500 0.686400 0.156700 0.351800 0.433700 0.505800 0.451300 0.410900 0.300100 0.351800 0.442300 0.402300 0.077100 0.277500 0.451300 0.229600 0.451300 0.357500 0.371800 0.454600 0.446600 0.258700 0.734600 0.675200 0.262700 0.077100 0.351800 0.351800 0.077100 0.351800 0.442300 0.734600 0.418500 0.000000 0.383500 0.663300 0.642200 0.451300 0.451300
Impala 0.548500 2.739800 0.452900 1.112900 0.264200 0.439600 0.537400 0.171700 0.452900 0.157700 0.558600 0.266000 1.007800 0.423500 0.390900 0.352100 0.157700 0.233000 0.389400 0.452900 0.296700 0.439600 0.157700 0.236900 0.558600 0.257200 0.278800 0.452900 0.432400 0.452900 0.161000 0.662400 0.239300 0.235600 0.258400 0.440200 0.505300 0.264200 0.257200 0.157700 0.157700 0.257200 0.157700 0.236900 0.440200 0.423500 0.383500 0.000000 0.393000 0.398300 0.452900 0.452900
Klipspring 0.943900 1.461200 0.596200 0.981700 0.385200 0.803100 0.537800 0.390900 0.596200 0.257000 0.971500 0.679800 1.448800 0.431900 1.166700 0.603100 0.257000 0.340000 0.398800 0.596200 0.586800 0.803100 0.257000 0.346400 0.971500 0.487100 0.530500 0.596200 0.694600 0.596200 0.263300 0.373000 0.346300 0.443100 0.489000 0.927000 1.796400 0.385200 0.487100 0.257000 0.257000 0.487100 0.257000 0.346400 0.927000 0.431900 0.663300 0.393000 0.000000 0.525600 0.596200 0.596200
ForestMusk 0.526000 1.019600 0.117000 0.513600 0.282300 0.738000 0.871100 0.400000 0.117000 0.193300 0.895800 0.283000 1.464200 0.728200 0.671500 0.600800 0.193300 0.118000 0.527300 0.117000 0.556200 0.738000 0.193300 0.117100 0.895800 0.488800 0.523300 0.117000 0.444900 0.117000 0.279200 0.836200 0.119100 0.453700 0.490800 0.258800 1.644100 0.282300 0.488800 0.193300 0.193300 0.488800 0.193300 0.117100 0.258800 0.728200 0.642200 0.398300 0.525600 0.000000 0.117000 0.117000
Bushbuck 0.346200 0.783200 0.000000 0.795800 0.141400 0.513300 0.620500 0.239600 0.000000 0.213100 0.637600 0.142300 1.115500 0.500800 0.782400 0.419500 0.213100 0.282300 0.606500 0.000000 0.650700 0.513300 0.213100 0.127000 0.637600 0.322900 0.346900 0.000000 0.500700 0.000000 0.312500 0.593300 0.130400 0.516600 0.324300 0.283700 1.084400 0.141400 0.322900 0.213100 0.213100 0.322900 0.213100 0.127000 0.283700 0.500800 0.451300 0.452900 0.596200 0.117000 0.000000 0.000000
GreaterKud 0.346200 0.783200 0.000000 0.795800 0.141400 0.513300 0.620500 0.239600 0.000000 0.213100 0.637600 0.142300 1.115500 0.500800 0.782400 0.419500 0.213100 0.282300 0.606500 0.000000 0.650700 0.513300 0.213100 0.127000 0.637600 0.322900 0.346900 0.000000 0.500700 0.000000 0.312500 0.593300 0.130400 0.516600 0.324300 0.283700 1.084400 0.141500 0.322900 0.213100 0.213100 0.322900 0.213100 0.127000 0.283700 0.500800 0.451300 0.452900 0.596200 0.117000 0.000000 0.000000
