CODONML (in paml version 4.10.7, June 2023)  /home/rachel/ruminants_paml/6406-phy-tree/ENSBTAT00000014447.fasta.phy
Model: free dN/dS Ratios for branches,  kappa = 2.000 fixed

Codon frequency model: F3x4
ns =  54  ls = 109

Codon usage in sequences
--------------------------------------------------------------------------------------------------------------------------------------
Phe TTT   1   1   1   1   1   1 | Ser TCT   1   1   1   1   0   0 | Tyr TAT   0   0   0   1   0   0 | Cys TGT   0   0   0   0   0   0
    TTC   4   4   4   4   4   4 |     TCC   2   3   2   2   3   3 |     TAC   5   5   5   4   5   5 |     TGC   1   1   1   1   1   1
Leu TTA   0   0   0   0   0   0 |     TCA   0   0   0   0   0   0 | *** TAA   0   0   0   0   0   0 | *** TGA   0   0   0   0   0   0
    TTG   0   0   0   0   0   0 |     TCG   2   1   2   2   2   2 |     TAG   0   0   0   0   0   0 | Trp TGG   1   1   1   1   1   1
--------------------------------------------------------------------------------------------------------------------------------------
Leu CTT   0   0   0   0   0   0 | Pro CCT   2   1   2   3   0   0 | His CAT   0   1   0   1   0   0 | Arg CGT   0   0   0   0   0   0
    CTC   4   6   4   4   4   4 |     CCC   2   5   2   2   5   5 |     CAC   3   2   3   2   3   3 |     CGC   8   8   8   8   7   8
    CTA   0   0   0   0   0   0 |     CCA   0   1   0   0   0   0 | Gln CAA   0   0   0   0   0   0 |     CGA   0   0   0   0   0   0
    CTG   9   7   9   9   9   9 |     CCG   3   0   3   2   2   2 |     CAG   7   7   7   7   7   7 |     CGG   2   2   2   2   2   2
--------------------------------------------------------------------------------------------------------------------------------------
Ile ATT   0   0   0   0   0   0 | Thr ACT   0   1   0   0   0   0 | Asn AAT   0   0   0   0   0   0 | Ser AGT   0   0   1   0   0   0
    ATC   2   2   2   2   2   2 |     ACC   5   5   5   5   5   3 |     AAC   2   2   2   2   2   2 |     AGC   4   4   3   4   4   5
    ATA   0   0   0   0   0   0 |     ACA   2   1   2   2   2   3 | Lys AAA   0   0   0   0   0   0 | Arg AGA   1   0   1   1   1   1
Met ATG   1   1   1   1   1   1 |     ACG   2   2   2   2   2   3 |     AAG   8   8   8   8   8   8 |     AGG   0   1   0   0   1   0
--------------------------------------------------------------------------------------------------------------------------------------
Val GTT   0   0   0   0   0   0 | Ala GCT   0   0   1   0   1   0 | Asp GAT   0   0   0   0   0   0 | Gly GGT   0   0   0   0   0   1
    GTC   1   1   1   1   0   0 |     GCC   9   7   9  10   7   9 |     GAC   0   0   0   0   0   0 |     GGC   2   2   2   2   3   1
    GTA   0   1   0   0   1   1 |     GCA   0   0   1   0   1   0 | Glu GAA   0   0   0   0   1   0 |     GGA   1   1   1   1   1   1
    GTG   3   2   3   3   3   3 |     GCG   3   5   1   2   3   3 |     GAG   5   5   5   5   4   5 |     GGG   1   1   1   1   0   0
--------------------------------------------------------------------------------------------------------------------------------------

--------------------------------------------------------------------------------------------------------------------------------------
Phe TTT   1   1   1   2   1   1 | Ser TCT   1   1   1   1   1   1 | Tyr TAT   0   0   0   0   0   0 | Cys TGT   0   0   0   0   0   0
    TTC   4   4   4   3   4   4 |     TCC   2   2   2   2   2   2 |     TAC   5   5   5   5   5   5 |     TGC   1   1   1   1   1   1
Leu TTA   0   0   0   0   0   0 |     TCA   0   0   0   0   0   0 | *** TAA   0   0   0   0   0   0 | *** TGA   0   0   0   0   0   0
    TTG   0   0   0   0   0   0 |     TCG   2   2   2   2   2   2 |     TAG   0   0   0   0   0   0 | Trp TGG   1   1   1   1   1   1
--------------------------------------------------------------------------------------------------------------------------------------
Leu CTT   0   0   0   0   0   0 | Pro CCT   2   2   2   2   2   3 | His CAT   0   0   0   0   0   0 | Arg CGT   0   0   0   0   0   0
    CTC   4   5   4   4   4   4 |     CCC   1   4   2   2   3   2 |     CAC   3   3   3   3   3   3 |     CGC   8   7   8   8   8   8
    CTA   0   0   0   0   0   1 |     CCA   0   0   0   0   0   0 | Gln CAA   0   0   0   0   0   1 |     CGA   0   0   0   0   0   0
    CTG   9   8   9   9   9   8 |     CCG   4   3   3   3   2   2 |     CAG   7   7   7   7   7   6 |     CGG   2   2   2   2   2   2
--------------------------------------------------------------------------------------------------------------------------------------
Ile ATT   0   0   1   0   0   0 | Thr ACT   0   0   0   0   0   0 | Asn AAT   0   1   0   0   0   0 | Ser AGT   0   0   0   0   1   2
    ATC   2   2   1   2   2   2 |     ACC   5   4   5   5   5   5 |     AAC   2   2   2   2   2   2 |     AGC   4   4   4   4   3   2
    ATA   0   0   0   0   0   0 |     ACA   2   2   2   2   2   2 | Lys AAA   0   0   0   1   0   0 | Arg AGA   1   1   1   1   1   1
Met ATG   1   1   1   1   1   1 |     ACG   2   2   2   3   2   2 |     AAG   8   7   8   7   8   8 |     AGG   0   0   0   0   0   0
--------------------------------------------------------------------------------------------------------------------------------------
Val GTT   0   0   0   0   0   0 | Ala GCT   0   0   0   0   0   0 | Asp GAT   0   0   0   0   0   0 | Gly GGT   0   0   0   0   0   0
    GTC   1   1   1   1   1   1 |     GCC  10   9   9   9   9   9 |     GAC   0   0   0   0   0   0 |     GGC   2   2   2   2   2   2
    GTA   0   0   0   0   0   0 |     GCA   0   0   0   0   1   0 | Glu GAA   0   0   0   1   0   0 |     GGA   1   1   1   1   1   1
    GTG   3   3   3   3   3   3 |     GCG   2   3   3   2   2   3 |     GAG   5   5   5   4   5   5 |     GGG   1   1   1   1   1   1
--------------------------------------------------------------------------------------------------------------------------------------

--------------------------------------------------------------------------------------------------------------------------------------
Phe TTT   1   1   1   1   1   2 | Ser TCT   1   1   1   1   1   1 | Tyr TAT   0   0   0   0   0   0 | Cys TGT   0   0   0   0   0   0
    TTC   4   4   4   4   4   3 |     TCC   2   2   2   2   2   2 |     TAC   5   5   5   5   5   5 |     TGC   1   1   1   1   1   1
Leu TTA   0   0   0   0   0   0 |     TCA   0   0   0   0   0   0 | *** TAA   0   0   0   0   0   0 | *** TGA   0   0   0   0   0   0
    TTG   0   0   0   0   0   0 |     TCG   2   2   2   2   2   2 |     TAG   0   0   0   0   0   0 | Trp TGG   1   1   1   1   1   1
--------------------------------------------------------------------------------------------------------------------------------------
Leu CTT   0   0   0   0   0   0 | Pro CCT   2   3   3   2   2   2 | His CAT   0   0   0   0   0   0 | Arg CGT   0   0   0   0   1   0
    CTC   4   4   4   4   4   4 |     CCC   2   2   1   2   2   1 |     CAC   3   3   3   3   3   3 |     CGC   8   8   8   8   7   8
    CTA   0   0   1   0   0   0 |     CCA   0   0   0   0   0   1 | Gln CAA   0   0   0   0   1   0 |     CGA   0   0   0   0   0   0
    CTG   9   9   8   9   9   9 |     CCG   3   2   3   3   3   3 |     CAG   7   7   7   7   6   7 |     CGG   2   2   1   2   2   2
--------------------------------------------------------------------------------------------------------------------------------------
Ile ATT   0   0   0   0   0   0 | Thr ACT   0   0   0   0   0   0 | Asn AAT   0   0   0   0   0   0 | Ser AGT   0   2   0   0   0   0
    ATC   2   2   2   2   2   2 |     ACC   5   5   5   5   5   5 |     AAC   2   2   2   2   2   2 |     AGC   4   2   4   4   4   4
    ATA   0   0   0   0   0   0 |     ACA   2   2   2   2   2   2 | Lys AAA   0   0   0   0   0   1 | Arg AGA   1   1   1   1   1   1
Met ATG   1   1   1   1   1   1 |     ACG   2   2   2   2   2   2 |     AAG   8   8   8   8   8   7 |     AGG   0   0   1   0   0   0
--------------------------------------------------------------------------------------------------------------------------------------
Val GTT   0   0   0   0   0   0 | Ala GCT   1   0   0   0   1   0 | Asp GAT   0   0   0   0   0   0 | Gly GGT   0   0   0   0   0   0
    GTC   1   0   1   1   1   1 |     GCC   8   9   9   9   9   9 |     GAC   0   0   0   0   0   0 |     GGC   2   2   2   2   2   2
    GTA   0   0   0   0   0   0 |     GCA   0   0   0   0   0   0 | Glu GAA   0   0   0   0   0   1 |     GGA   1   1   1   1   1   1
    GTG   3   4   3   3   3   3 |     GCG   3   3   3   3   2   3 |     GAG   5   5   5   5   5   4 |     GGG   1   1   1   1   1   1
--------------------------------------------------------------------------------------------------------------------------------------

--------------------------------------------------------------------------------------------------------------------------------------
Phe TTT   1   1   1   1   2   1 | Ser TCT   2   2   1   1   1   1 | Tyr TAT   0   0   0   0   0   0 | Cys TGT   0   0   0   0   0   0
    TTC   4   4   4   4   3   4 |     TCC   2   2   2   2   2   2 |     TAC   5   5   5   5   5   5 |     TGC   1   1   1   1   1   1
Leu TTA   0   0   0   0   0   0 |     TCA   1   0   0   0   0   0 | *** TAA   0   0   0   0   0   0 | *** TGA   0   0   0   0   0   0
    TTG   0   0   0   0   0   0 |     TCG   0   1   2   2   2   2 |     TAG   0   0   0   0   0   0 | Trp TGG   1   1   1   1   1   1
--------------------------------------------------------------------------------------------------------------------------------------
Leu CTT   0   0   0   0   0   0 | Pro CCT   3   3   3   3   2   2 | His CAT   0   1   0   0   0   0 | Arg CGT   0   0   0   0   0   0
    CTC   4   4   4   4   4   4 |     CCC   2   2   1   3   2   2 |     CAC   3   2   3   3   3   3 |     CGC   8   8   8   8   8   8
    CTA   0   0   0   0   0   0 |     CCA   0   0   0   0   0   1 | Gln CAA   0   0   0   0   0   0 |     CGA   0   0   0   0   0   0
    CTG   9   9   9   9   9   9 |     CCG   2   2   3   1   3   2 |     CAG   7   7   7   7   7   7 |     CGG   2   2   2   2   2   2
--------------------------------------------------------------------------------------------------------------------------------------
Ile ATT   0   0   0   0   0   0 | Thr ACT   0   0   0   0   0   0 | Asn AAT   0   0   0   0   0   0 | Ser AGT   1   1   0   1   0   0
    ATC   2   2   2   2   2   2 |     ACC   5   5   5   5   5   5 |     AAC   2   2   2   2   2   2 |     AGC   3   3   4   3   4   4
    ATA   0   0   0   0   0   0 |     ACA   2   2   2   2   3   2 | Lys AAA   0   0   0   0   1   0 | Arg AGA   1   1   1   1   1   1
Met ATG   1   1   1   1   1   1 |     ACG   2   2   2   2   1   2 |     AAG   8   8   8   8   7   8 |     AGG   0   0   0   0   0   0
--------------------------------------------------------------------------------------------------------------------------------------
Val GTT   0   0   0   0   0   0 | Ala GCT   0   0   0   0   0   0 | Asp GAT   0   0   0   0   0   0 | Gly GGT   0   0   0   0   0   0
    GTC   1   1   1   1   1   1 |     GCC   9   9   9   9   9   8 |     GAC   0   0   0   0   0   0 |     GGC   2   2   2   2   2   2
    GTA   0   0   0   0   0   0 |     GCA   0   0   0   1   0   0 | Glu GAA   0   0   0   0   1   0 |     GGA   2   2   1   1   1   1
    GTG   3   3   3   3   3   3 |     GCG   3   3   3   2   3   4 |     GAG   5   5   5   5   4   5 |     GGG   0   0   1   1   1   1
--------------------------------------------------------------------------------------------------------------------------------------

--------------------------------------------------------------------------------------------------------------------------------------
Phe TTT   0   1   1   1   1   1 | Ser TCT   1   1   1   1   1   1 | Tyr TAT   1   0   0   0   0   0 | Cys TGT   0   0   0   0   0   0
    TTC   5   4   4   4   4   4 |     TCC   2   2   2   2   2   2 |     TAC   4   5   5   5   5   5 |     TGC   1   1   1   1   1   1
Leu TTA   0   0   0   0   0   0 |     TCA   0   0   0   0   0   0 | *** TAA   0   0   0   0   0   0 | *** TGA   0   0   0   0   0   0
    TTG   0   0   0   0   0   0 |     TCG   2   2   2   2   2   2 |     TAG   0   0   0   0   0   0 | Trp TGG   1   1   1   1   1   1
--------------------------------------------------------------------------------------------------------------------------------------
Leu CTT   0   1   0   0   0   0 | Pro CCT   2   2   2   2   2   2 | His CAT   0   0   0   0   0   0 | Arg CGT   0   0   0   0   0   0
    CTC   4   3   4   4   4   4 |     CCC   3   3   2   2   2   3 |     CAC   3   3   3   3   3   3 |     CGC   8   8   8   8   8   8
    CTA   1   1   0   0   1   0 |     CCA   0   0   0   0   0   0 | Gln CAA   1   1   0   0   0   0 |     CGA   0   0   0   0   0   0
    CTG   8   8   9   9   8   9 |     CCG   2   2   3   3   3   2 |     CAG   6   6   7   7   7   7 |     CGG   2   2   2   2   2   2
--------------------------------------------------------------------------------------------------------------------------------------
Ile ATT   0   0   0   0   0   0 | Thr ACT   0   0   0   1   0   0 | Asn AAT   0   0   0   0   0   0 | Ser AGT   1   1   0   0   0   1
    ATC   2   2   2   2   2   2 |     ACC   5   5   5   4   5   5 |     AAC   2   2   2   2   2   2 |     AGC   3   3   4   4   4   3
    ATA   0   0   0   0   0   0 |     ACA   2   2   2   2   2   2 | Lys AAA   0   0   0   1   0   0 | Arg AGA   1   1   1   1   1   1
Met ATG   1   1   1   1   1   1 |     ACG   2   2   2   2   2   2 |     AAG   8   8   8   7   8   8 |     AGG   0   0   0   0   0   0
--------------------------------------------------------------------------------------------------------------------------------------
Val GTT   0   0   0   0   0   0 | Ala GCT   0   0   0   0   1   0 | Asp GAT   0   0   0   0   0   0 | Gly GGT   0   0   0   0   0   0
    GTC   0   1   1   1   1   1 |     GCC   8   9   9   9   8   9 |     GAC   0   0   0   0   0   0 |     GGC   2   2   2   2   2   2
    GTA   0   0   0   0   0   0 |     GCA   1   0   0   0   0   1 | Glu GAA   0   0   0   1   0   0 |     GGA   1   1   1   1   1   1
    GTG   4   3   3   3   3   3 |     GCG   3   3   3   3   3   2 |     GAG   5   5   5   4   5   5 |     GGG   1   1   1   1   1   1
--------------------------------------------------------------------------------------------------------------------------------------

--------------------------------------------------------------------------------------------------------------------------------------
Phe TTT   2   1   1   1   1   1 | Ser TCT   1   1   1   1   1   1 | Tyr TAT   0   0   0   0   0   0 | Cys TGT   0   0   0   0   0   0
    TTC   3   4   4   4   4   4 |     TCC   2   2   2   2   2   2 |     TAC   5   5   5   5   5   5 |     TGC   1   1   1   1   1   1
Leu TTA   0   0   0   0   0   0 |     TCA   0   0   0   0   0   0 | *** TAA   0   0   0   0   0   0 | *** TGA   0   0   0   0   0   0
    TTG   0   0   0   0   0   0 |     TCG   2   2   2   2   2   2 |     TAG   0   0   0   0   0   0 | Trp TGG   1   1   1   1   1   1
--------------------------------------------------------------------------------------------------------------------------------------
Leu CTT   0   0   0   0   0   0 | Pro CCT   2   2   3   1   3   2 | His CAT   0   0   0   0   1   0 | Arg CGT   0   0   0   0   0   0
    CTC   4   4   4   4   4   4 |     CCC   2   3   2   2   2   2 |     CAC   3   3   3   3   2   3 |     CGC   8   8   8   8   7   8
    CTA   0   0   1   0   0   1 |     CCA   0   0   0   0   0   0 | Gln CAA   0   0   1   0   0   0 |     CGA   0   0   0   0   0   0
    CTG   9   9   8   9   9   8 |     CCG   3   2   2   4   2   3 |     CAG   7   7   6   7   7   7 |     CGG   2   2   2   2   3   2
--------------------------------------------------------------------------------------------------------------------------------------
Ile ATT   0   0   0   0   0   0 | Thr ACT   0   0   0   0   0   0 | Asn AAT   1   0   0   0   0   0 | Ser AGT   0   1   2   0   1   0
    ATC   2   2   2   2   2   2 |     ACC   5   5   5   5   5   5 |     AAC   1   2   2   2   2   2 |     AGC   4   3   2   4   3   4
    ATA   0   0   0   0   0   0 |     ACA   2   2   2   2   2   2 | Lys AAA   1   0   0   0   0   0 | Arg AGA   1   1   1   1   1   1
Met ATG   1   1   1   1   1   1 |     ACG   2   2   2   2   2   2 |     AAG   7   8   8   8   8   8 |     AGG   0   0   0   0   0   0
--------------------------------------------------------------------------------------------------------------------------------------
Val GTT   0   0   0   0   0   0 | Ala GCT   1   0   0   0   0   1 | Asp GAT   0   0   0   0   0   0 | Gly GGT   0   0   0   0   0   0
    GTC   1   1   1   1   0   1 |     GCC   8   9   9   9   9   8 |     GAC   0   0   0   0   0   0 |     GGC   2   2   2   2   2   2
    GTA   0   0   0   0   1   0 |     GCA   1   1   0   0   1   0 | Glu GAA   1   0   0   0   0   0 |     GGA   1   1   1   1   1   1
    GTG   3   3   3   3   3   3 |     GCG   2   2   3   3   2   3 |     GAG   4   5   5   5   5   5 |     GGG   1   1   1   1   1   1
--------------------------------------------------------------------------------------------------------------------------------------

--------------------------------------------------------------------------------------------------------------------------------------
Phe TTT   1   1   1   1   2   1 | Ser TCT   1   1   1   1   1   1 | Tyr TAT   0   0   0   0   0   0 | Cys TGT   0   0   0   0   0   0
    TTC   4   4   4   4   3   4 |     TCC   2   2   2   2   2   2 |     TAC   5   5   5   5   5   5 |     TGC   1   1   1   1   1   1
Leu TTA   0   0   0   0   0   0 |     TCA   0   0   0   0   0   1 | *** TAA   0   0   0   0   0   0 | *** TGA   0   0   0   0   0   0
    TTG   0   0   0   0   0   0 |     TCG   2   2   2   2   2   1 |     TAG   0   0   0   0   0   0 | Trp TGG   1   1   1   1   1   1
--------------------------------------------------------------------------------------------------------------------------------------
Leu CTT   0   0   0   0   0   0 | Pro CCT   2   2   2   2   2   2 | His CAT   0   0   0   0   0   0 | Arg CGT   0   0   0   0   1   0
    CTC   4   4   4   4   4   4 |     CCC   2   3   2   1   2   3 |     CAC   3   3   3   3   3   3 |     CGC   8   8   8   8   7   8
    CTA   0   0   0   0   0   1 |     CCA   0   0   0   0   0   0 | Gln CAA   0   0   0   0   0   1 |     CGA   0   0   0   0   0   0
    CTG   9   9   9   9   9   8 |     CCG   3   2   3   4   3   2 |     CAG   7   7   7   7   7   6 |     CGG   2   2   2   2   2   2
--------------------------------------------------------------------------------------------------------------------------------------
Ile ATT   0   0   0   0   1   0 | Thr ACT   0   0   0   0   0   1 | Asn AAT   0   0   0   0   0   0 | Ser AGT   0   1   0   0   0   1
    ATC   2   2   2   2   1   2 |     ACC   5   5   5   5   5   4 |     AAC   2   2   2   2   2   2 |     AGC   4   3   4   4   4   3
    ATA   0   0   0   0   0   0 |     ACA   2   2   2   2   2   2 | Lys AAA   0   0   0   0   1   0 | Arg AGA   1   1   1   1   1   1
Met ATG   1   1   1   1   1   1 |     ACG   2   2   2   2   2   2 |     AAG   8   8   8   8   7   8 |     AGG   0   0   0   0   0   0
--------------------------------------------------------------------------------------------------------------------------------------
Val GTT   0   0   0   0   0   0 | Ala GCT   0   0   0   0   0   0 | Asp GAT   0   0   0   0   0   0 | Gly GGT   0   0   0   0   0   0
    GTC   1   0   1   1   1   1 |     GCC   8   9   9   9   9   8 |     GAC   0   0   0   0   0   0 |     GGC   2   2   2   2   2   2
    GTA   0   0   0   0   0   0 |     GCA   0   0   0   0   0   0 | Glu GAA   0   0   0   0   1   0 |     GGA   1   1   1   1   1   1
    GTG   3   4   3   3   3   3 |     GCG   4   3   3   3   3   4 |     GAG   5   5   5   5   4   5 |     GGG   1   1   1   1   1   1
--------------------------------------------------------------------------------------------------------------------------------------

--------------------------------------------------------------------------------------------------------------------------------------
Phe TTT   1   2   1   1   1   1 | Ser TCT   1   1   1   1   1   1 | Tyr TAT   1   0   0   0   0   0 | Cys TGT   0   0   0   0   0   0
    TTC   4   3   4   4   4   4 |     TCC   2   2   2   2   2   2 |     TAC   4   5   5   5   5   5 |     TGC   1   1   1   1   1   1
Leu TTA   0   0   0   0   0   0 |     TCA   0   0   0   0   0   0 | *** TAA   0   0   0   0   0   0 | *** TGA   0   0   0   0   0   0
    TTG   0   0   0   0   0   0 |     TCG   2   2   2   2   2   2 |     TAG   0   0   0   0   0   0 | Trp TGG   1   1   1   1   1   1
--------------------------------------------------------------------------------------------------------------------------------------
Leu CTT   0   0   0   1   0   0 | Pro CCT   2   2   3   2   2   2 | His CAT   0   0   0   0   0   0 | Arg CGT   0   0   0   0   0   0
    CTC   4   4   4   3   4   4 |     CCC   3   2   2   2   3   2 |     CAC   3   3   3   3   3   3 |     CGC   8   8   8   8   8   7
    CTA   1   0   1   1   0   0 |     CCA   0   1   0   0   0   1 | Gln CAA   1   0   1   1   0   0 |     CGA   0   0   0   0   0   1
    CTG   8   9   8   8   9   9 |     CCG   2   2   2   3   2   2 |     CAG   6   7   6   6   7   7 |     CGG   2   2   2   2   2   2
--------------------------------------------------------------------------------------------------------------------------------------
Ile ATT   0   0   0   0   0   0 | Thr ACT   0   0   0   0   0   0 | Asn AAT   0   0   0   0   0   0 | Ser AGT   1   0   2   1   1   0
    ATC   2   2   2   2   2   2 |     ACC   5   5   5   5   5   5 |     AAC   2   2   2   2   2   2 |     AGC   3   4   2   3   3   4
    ATA   0   0   0   0   0   0 |     ACA   2   2   2   2   2   2 | Lys AAA   0   1   0   0   0   0 | Arg AGA   1   1   1   1   1   1
Met ATG   1   1   1   1   1   1 |     ACG   2   2   2   2   2   2 |     AAG   8   7   8   8   8   8 |     AGG   0   0   0   0   0   0
--------------------------------------------------------------------------------------------------------------------------------------
Val GTT   0   0   0   0   0   0 | Ala GCT   1   0   0   0   0   0 | Asp GAT   0   0   0   0   0   0 | Gly GGT   0   0   0   0   0   0
    GTC   1   1   1   1   0   1 |     GCC   9   9   9   9   9   9 |     GAC   0   0   0   0   0   0 |     GGC   2   2   2   2   2   2
    GTA   0   0   0   0   0   0 |     GCA   0   0   0   0   0   0 | Glu GAA   0   1   0   0   0   1 |     GGA   1   1   1   1   1   1
    GTG   3   3   3   3   4   3 |     GCG   2   3   3   3   3   3 |     GAG   5   4   5   5   5   4 |     GGG   1   1   1   1   1   1
--------------------------------------------------------------------------------------------------------------------------------------

--------------------------------------------------------------------------------------------------------------------------------------
Phe TTT   2   1   1   1   1   1 | Ser TCT   2   1   1   1   1   1 | Tyr TAT   0   0   0   1   0   0 | Cys TGT   1   0   0   0   0   0
    TTC   3   4   4   4   4   4 |     TCC   1   2   2   2   2   2 |     TAC   5   5   5   4   5   5 |     TGC   0   1   1   1   1   1
Leu TTA   0   0   0   0   0   0 |     TCA   0   0   1   0   0   0 | *** TAA   0   0   0   0   0   0 | *** TGA   0   0   0   0   0   0
    TTG   1   1   0   0   0   0 |     TCG   2   2   1   2   2   2 |     TAG   0   0   0   0   0   0 | Trp TGG   1   1   1   1   1   1
--------------------------------------------------------------------------------------------------------------------------------------
Leu CTT   0   1   0   0   0   0 | Pro CCT   3   2   2   3   2   2 | His CAT   0   0   0   1   0   0 | Arg CGT   0   0   0   0   0   0
    CTC   4   4   4   4   4   4 |     CCC   2   2   2   2   3   3 |     CAC   3   3   3   2   3   3 |     CGC   8   8   8   8   8   8
    CTA   0   0   0   0   0   0 |     CCA   0   0   0   0   0   0 | Gln CAA   0   0   0   0   0   0 |     CGA   1   0   0   0   0   0
    CTG   8   7   9   9   9   9 |     CCG   2   3   3   2   2   2 |     CAG   7   7   7   7   7   7 |     CGG   1   2   2   2   2   2
--------------------------------------------------------------------------------------------------------------------------------------
Ile ATT   1   0   0   0   0   0 | Thr ACT   0   0   0   0   1   0 | Asn AAT   0   0   0   0   0   0 | Ser AGT   0   0   0   0   1   1
    ATC   1   2   2   2   2   2 |     ACC   5   5   5   5   5   5 |     AAC   2   2   2   2   2   2 |     AGC   4   4   4   4   3   3
    ATA   0   0   0   0   0   0 |     ACA   2   2   2   2   2   2 | Lys AAA   1   0   0   0   0   0 | Arg AGA   1   1   1   1   1   1
Met ATG   1   1   1   1   1   1 |     ACG   2   2   2   2   1   2 |     AAG   7   8   8   8   8   8 |     AGG   0   0   0   0   0   0
--------------------------------------------------------------------------------------------------------------------------------------
Val GTT   0   1   0   0   0   0 | Ala GCT   0   0   0   0   0   0 | Asp GAT   0   0   0   0   0   0 | Gly GGT   0   0   0   0   0   0
    GTC   1   0   1   1   1   1 |     GCC   9   9   9  10   9   9 |     GAC   0   0   0   0   0   0 |     GGC   2   2   2   2   2   2
    GTA   0   0   0   0   0   0 |     GCA   0   0   0   0   1   1 | Glu GAA   1   0   0   0   0   0 |     GGA   1   1   1   1   1   1
    GTG   3   3   3   3   3   3 |     GCG   3   3   3   2   2   2 |     GAG   4   5   5   5   5   5 |     GGG   1   1   1   1   1   1
--------------------------------------------------------------------------------------------------------------------------------------

Codon position x base (3x4) table for each sequence.

#1: Argali         
position  1:    T:0.15596    C:0.36697    A:0.24771    G:0.22936
position  2:    T:0.22936    C:0.30275    A:0.27523    G:0.19266
position  3:    T:0.03670    C:0.49541    A:0.03670    G:0.43119
Average         T:0.14067    C:0.38838    A:0.18654    G:0.28440

#2: LesserMouseDeer
position  1:    T:0.15596    C:0.36697    A:0.24771    G:0.22936
position  2:    T:0.22936    C:0.30275    A:0.27523    G:0.19266
position  3:    T:0.04587    C:0.52294    A:0.03670    G:0.39450
Average         T:0.14373    C:0.39755    A:0.18654    G:0.27217

#3: LesserKudu     
position  1:    T:0.15596    C:0.36697    A:0.24771    G:0.22936
position  2:    T:0.22936    C:0.30275    A:0.27523    G:0.19266
position  3:    T:0.05505    C:0.48624    A:0.04587    G:0.41284
Average         T:0.14679    C:0.38532    A:0.18960    G:0.27829

#4: ForestMuskDeer2
position  1:    T:0.15596    C:0.36697    A:0.24771    G:0.22936
position  2:    T:0.22936    C:0.30275    A:0.27523    G:0.19266
position  3:    T:0.06422    C:0.48624    A:0.03670    G:0.41284
Average         T:0.14985    C:0.38532    A:0.18654    G:0.27829

#5: Camel          
position  1:    T:0.15596    C:0.35780    A:0.25688    G:0.22936
position  2:    T:0.22936    C:0.30275    A:0.27523    G:0.19266
position  3:    T:0.01835    C:0.50459    A:0.06422    G:0.41284
Average         T:0.13456    C:0.38838    A:0.19878    G:0.27829

#6: KillerWhale    
position  1:    T:0.15596    C:0.36697    A:0.25688    G:0.22018
position  2:    T:0.22936    C:0.30275    A:0.27523    G:0.19266
position  3:    T:0.01835    C:0.50459    A:0.05505    G:0.42202
Average         T:0.13456    C:0.39144    A:0.19572    G:0.27829

#7: DefassaWaterbuck
position  1:    T:0.15596    C:0.36697    A:0.24771    G:0.22936
position  2:    T:0.22936    C:0.30275    A:0.27523    G:0.19266
position  3:    T:0.03670    C:0.49541    A:0.03670    G:0.43119
Average         T:0.14067    C:0.38838    A:0.18654    G:0.28440

#8: Sheep          
position  1:    T:0.15596    C:0.37615    A:0.23853    G:0.22936
position  2:    T:0.22936    C:0.31193    A:0.27523    G:0.18349
position  3:    T:0.04587    C:0.50459    A:0.03670    G:0.41284
Average         T:0.14373    C:0.39755    A:0.18349    G:0.27523

#9: MaxwellsDuiker 
position  1:    T:0.15596    C:0.36697    A:0.24771    G:0.22936
position  2:    T:0.22936    C:0.30275    A:0.27523    G:0.19266
position  3:    T:0.04587    C:0.48624    A:0.03670    G:0.43119
Average         T:0.14373    C:0.38532    A:0.18654    G:0.28440

#10: GazellaPrzewalskyi
position  1:    T:0.15596    C:0.36697    A:0.25688    G:0.22018
position  2:    T:0.22936    C:0.30275    A:0.27523    G:0.19266
position  3:    T:0.04587    C:0.48624    A:0.05505    G:0.41284
Average         T:0.14373    C:0.38532    A:0.19572    G:0.27523

#11: MountainNyala  
position  1:    T:0.15596    C:0.36697    A:0.24771    G:0.22936
position  2:    T:0.22936    C:0.30275    A:0.27523    G:0.19266
position  3:    T:0.04587    C:0.49541    A:0.04587    G:0.41284
Average         T:0.14373    C:0.38838    A:0.18960    G:0.27829

#12: MuntiacusMuntjak
position  1:    T:0.15596    C:0.36697    A:0.24771    G:0.22936
position  2:    T:0.22936    C:0.30275    A:0.27523    G:0.19266
position  3:    T:0.06422    C:0.47706    A:0.05505    G:0.40367
Average         T:0.14985    C:0.38226    A:0.19266    G:0.27523

#13: goat           
position  1:    T:0.15596    C:0.36697    A:0.24771    G:0.22936
position  2:    T:0.22936    C:0.30275    A:0.27523    G:0.19266
position  3:    T:0.04587    C:0.48624    A:0.03670    G:0.43119
Average         T:0.14373    C:0.38532    A:0.18654    G:0.28440

#14: AfricanBuffalo 
position  1:    T:0.15596    C:0.36697    A:0.24771    G:0.22936
position  2:    T:0.22936    C:0.30275    A:0.27523    G:0.19266
position  3:    T:0.06422    C:0.46789    A:0.03670    G:0.43119
Average         T:0.14985    C:0.37920    A:0.18654    G:0.28440

#15: Topi           
position  1:    T:0.15596    C:0.35780    A:0.25688    G:0.22936
position  2:    T:0.22936    C:0.30275    A:0.27523    G:0.19266
position  3:    T:0.04587    C:0.48624    A:0.04587    G:0.42202
Average         T:0.14373    C:0.38226    A:0.19266    G:0.28135

#16: CommonDuiker   
position  1:    T:0.15596    C:0.36697    A:0.24771    G:0.22936
position  2:    T:0.22936    C:0.30275    A:0.27523    G:0.19266
position  3:    T:0.03670    C:0.49541    A:0.03670    G:0.43119
Average         T:0.14067    C:0.38838    A:0.18654    G:0.28440

#17: Suni           
position  1:    T:0.15596    C:0.36697    A:0.24771    G:0.22936
position  2:    T:0.22936    C:0.30275    A:0.27523    G:0.19266
position  3:    T:0.05505    C:0.48624    A:0.04587    G:0.41284
Average         T:0.14679    C:0.38532    A:0.18960    G:0.27829

#18: Springbuck     
position  1:    T:0.15596    C:0.36697    A:0.24771    G:0.22936
position  2:    T:0.22936    C:0.30275    A:0.27523    G:0.19266
position  3:    T:0.04587    C:0.47706    A:0.06422    G:0.41284
Average         T:0.14373    C:0.38226    A:0.19572    G:0.27829

#19: Okapi          
position  1:    T:0.15596    C:0.36697    A:0.24771    G:0.22936
position  2:    T:0.22936    C:0.30275    A:0.27523    G:0.19266
position  3:    T:0.06422    C:0.48624    A:0.05505    G:0.39450
Average         T:0.14985    C:0.38532    A:0.19266    G:0.27217

#20: Giraffe        
position  1:    T:0.15596    C:0.36697    A:0.24771    G:0.22936
position  2:    T:0.22936    C:0.30275    A:0.27523    G:0.19266
position  3:    T:0.07339    C:0.47706    A:0.04587    G:0.40367
Average         T:0.15291    C:0.38226    A:0.18960    G:0.27523

#21: TibetanAntelope
position  1:    T:0.15596    C:0.36697    A:0.24771    G:0.22936
position  2:    T:0.22936    C:0.30275    A:0.27523    G:0.19266
position  3:    T:0.04587    C:0.48624    A:0.03670    G:0.43119
Average         T:0.14373    C:0.38532    A:0.18654    G:0.28440

#22: Sitatunga      
position  1:    T:0.15596    C:0.36697    A:0.24771    G:0.22936
position  2:    T:0.22936    C:0.30275    A:0.27523    G:0.19266
position  3:    T:0.05505    C:0.49541    A:0.04587    G:0.40367
Average         T:0.14679    C:0.38838    A:0.18960    G:0.27523

#23: Oribi          
position  1:    T:0.15596    C:0.36697    A:0.24771    G:0.22936
position  2:    T:0.22936    C:0.30275    A:0.27523    G:0.19266
position  3:    T:0.04587    C:0.48624    A:0.06422    G:0.40367
Average         T:0.14373    C:0.38532    A:0.19572    G:0.27523

#24: BarbarySheep   
position  1:    T:0.15596    C:0.36697    A:0.24771    G:0.22936
position  2:    T:0.22936    C:0.30275    A:0.27523    G:0.19266
position  3:    T:0.03670    C:0.48624    A:0.04587    G:0.43119
Average         T:0.14067    C:0.38532    A:0.18960    G:0.28440

#25: Daviddeer      
position  1:    T:0.15596    C:0.36697    A:0.24771    G:0.22936
position  2:    T:0.22936    C:0.30275    A:0.27523    G:0.19266
position  3:    T:0.04587    C:0.47706    A:0.06422    G:0.41284
Average         T:0.14373    C:0.38226    A:0.19572    G:0.27829

#26: Reindeer       
position  1:    T:0.15596    C:0.36697    A:0.24771    G:0.22936
position  2:    T:0.22936    C:0.30275    A:0.27523    G:0.19266
position  3:    T:0.05505    C:0.48624    A:0.05505    G:0.40367
Average         T:0.14679    C:0.38532    A:0.19266    G:0.27523

#27: Ibex           
position  1:    T:0.15596    C:0.36697    A:0.24771    G:0.22936
position  2:    T:0.22936    C:0.30275    A:0.27523    G:0.19266
position  3:    T:0.03670    C:0.49541    A:0.03670    G:0.43119
Average         T:0.14067    C:0.38838    A:0.18654    G:0.28440

#28: GyrantGazelle  
position  1:    T:0.15596    C:0.36697    A:0.24771    G:0.22936
position  2:    T:0.22936    C:0.30275    A:0.27523    G:0.19266
position  3:    T:0.04587    C:0.48624    A:0.05505    G:0.41284
Average         T:0.14373    C:0.38532    A:0.19266    G:0.27829

#29: Hartebeest     
position  1:    T:0.15596    C:0.36697    A:0.24771    G:0.22936
position  2:    T:0.22936    C:0.30275    A:0.27523    G:0.19266
position  3:    T:0.04587    C:0.48624    A:0.04587    G:0.42202
Average         T:0.14373    C:0.38532    A:0.18960    G:0.28135

#30: Bongo          
position  1:    T:0.15596    C:0.36697    A:0.24771    G:0.22936
position  2:    T:0.22936    C:0.30275    A:0.27523    G:0.19266
position  3:    T:0.04587    C:0.49541    A:0.04587    G:0.41284
Average         T:0.14373    C:0.38838    A:0.18960    G:0.27829

#31: Gerenuk        
position  1:    T:0.15596    C:0.36697    A:0.24771    G:0.22936
position  2:    T:0.22936    C:0.30275    A:0.27523    G:0.19266
position  3:    T:0.06422    C:0.46789    A:0.06422    G:0.40367
Average         T:0.14985    C:0.37920    A:0.19572    G:0.27523

#32: CommonEland    
position  1:    T:0.15596    C:0.36697    A:0.24771    G:0.22936
position  2:    T:0.22936    C:0.30275    A:0.27523    G:0.19266
position  3:    T:0.04587    C:0.49541    A:0.04587    G:0.41284
Average         T:0.14373    C:0.38838    A:0.18960    G:0.27829

#33: MuntiacusReevesi
position  1:    T:0.15596    C:0.36697    A:0.24771    G:0.22936
position  2:    T:0.22936    C:0.30275    A:0.27523    G:0.19266
position  3:    T:0.06422    C:0.47706    A:0.05505    G:0.40367
Average         T:0.14985    C:0.38226    A:0.19266    G:0.27523

#34: HarveysDuiker  
position  1:    T:0.15596    C:0.36697    A:0.24771    G:0.22936
position  2:    T:0.22936    C:0.30275    A:0.27523    G:0.19266
position  3:    T:0.02752    C:0.49541    A:0.03670    G:0.44037
Average         T:0.13761    C:0.38838    A:0.18654    G:0.28746

#35: Pronghorn      
position  1:    T:0.15596    C:0.36697    A:0.24771    G:0.22936
position  2:    T:0.22936    C:0.30275    A:0.27523    G:0.19266
position  3:    T:0.06422    C:0.45872    A:0.05505    G:0.42202
Average         T:0.14985    C:0.37615    A:0.19266    G:0.28135

#36: BlueWildebeest 
position  1:    T:0.15596    C:0.36697    A:0.24771    G:0.22936
position  2:    T:0.22936    C:0.30275    A:0.27523    G:0.19266
position  3:    T:0.04587    C:0.48624    A:0.04587    G:0.42202
Average         T:0.14373    C:0.38532    A:0.18960    G:0.28135

#37: Gemsbok        
position  1:    T:0.15596    C:0.36697    A:0.24771    G:0.22936
position  2:    T:0.22936    C:0.30275    A:0.27523    G:0.19266
position  3:    T:0.03670    C:0.48624    A:0.03670    G:0.44037
Average         T:0.14067    C:0.38532    A:0.18654    G:0.28746

#38: Yak            
position  1:    T:0.15596    C:0.36697    A:0.24771    G:0.22936
position  2:    T:0.22936    C:0.30275    A:0.27523    G:0.19266
position  3:    T:0.04587    C:0.48624    A:0.03670    G:0.43119
Average         T:0.14373    C:0.38532    A:0.18654    G:0.28440

#39: BlueSheep      
position  1:    T:0.15596    C:0.36697    A:0.24771    G:0.22936
position  2:    T:0.22936    C:0.30275    A:0.27523    G:0.19266
position  3:    T:0.03670    C:0.49541    A:0.03670    G:0.43119
Average         T:0.14067    C:0.38838    A:0.18654    G:0.28440

#40: BohorReedbuck  
position  1:    T:0.15596    C:0.36697    A:0.24771    G:0.22936
position  2:    T:0.22936    C:0.30275    A:0.27523    G:0.19266
position  3:    T:0.03670    C:0.48624    A:0.03670    G:0.44037
Average         T:0.14067    C:0.38532    A:0.18654    G:0.28746

#41: KirksDik       
position  1:    T:0.15596    C:0.36697    A:0.24771    G:0.22936
position  2:    T:0.22936    C:0.30275    A:0.27523    G:0.19266
position  3:    T:0.06422    C:0.46789    A:0.05505    G:0.41284
Average         T:0.14985    C:0.37920    A:0.19266    G:0.27829

#42: RoeDeer        
position  1:    T:0.15596    C:0.36697    A:0.24771    G:0.22936
position  2:    T:0.22936    C:0.30275    A:0.27523    G:0.19266
position  3:    T:0.05505    C:0.47706    A:0.06422    G:0.40367
Average         T:0.14679    C:0.38226    A:0.19572    G:0.27523

#43: WhiteLippedDeer
position  1:    T:0.15596    C:0.36697    A:0.24771    G:0.22936
position  2:    T:0.22936    C:0.30275    A:0.27523    G:0.19266
position  3:    T:0.06422    C:0.48624    A:0.05505    G:0.39450
Average         T:0.14985    C:0.38532    A:0.19266    G:0.27217

#44: ThomsonGazelle 
position  1:    T:0.15596    C:0.36697    A:0.24771    G:0.22936
position  2:    T:0.22936    C:0.30275    A:0.27523    G:0.19266
position  3:    T:0.04587    C:0.48624    A:0.06422    G:0.40367
Average         T:0.14373    C:0.38532    A:0.19572    G:0.27523

#45: MuntiacusCrinifrons
position  1:    T:0.15596    C:0.36697    A:0.24771    G:0.22936
position  2:    T:0.22936    C:0.30275    A:0.27523    G:0.19266
position  3:    T:0.06422    C:0.47706    A:0.05505    G:0.40367
Average         T:0.14985    C:0.38226    A:0.19266    G:0.27523

#46: WhiteTailedDeer
position  1:    T:0.15596    C:0.36697    A:0.24771    G:0.22936
position  2:    T:0.22936    C:0.30275    A:0.27523    G:0.19266
position  3:    T:0.05505    C:0.47706    A:0.05505    G:0.41284
Average         T:0.14679    C:0.38226    A:0.19266    G:0.27829

#47: Cattle         
position  1:    T:0.15596    C:0.36697    A:0.24771    G:0.22936
position  2:    T:0.22936    C:0.30275    A:0.27523    G:0.19266
position  3:    T:0.04587    C:0.48624    A:0.03670    G:0.43119
Average         T:0.14373    C:0.38532    A:0.18654    G:0.28440

#48: RoyalAntelope  
position  1:    T:0.15596    C:0.36697    A:0.24771    G:0.22936
position  2:    T:0.22936    C:0.30275    A:0.27523    G:0.19266
position  3:    T:0.03670    C:0.48624    A:0.06422    G:0.41284
Average         T:0.14067    C:0.38532    A:0.19572    G:0.27829

#49: Steenbok       
position  1:    T:0.16514    C:0.35780    A:0.24771    G:0.22936
position  2:    T:0.22936    C:0.30275    A:0.27523    G:0.19266
position  3:    T:0.08257    C:0.45872    A:0.06422    G:0.39450
Average         T:0.15902    C:0.37309    A:0.19572    G:0.27217

#50: Impala         
position  1:    T:0.16514    C:0.35780    A:0.24771    G:0.22936
position  2:    T:0.22936    C:0.30275    A:0.27523    G:0.19266
position  3:    T:0.05505    C:0.48624    A:0.03670    G:0.42202
Average         T:0.14985    C:0.38226    A:0.18654    G:0.28135

#51: Klipspringer   
position  1:    T:0.15596    C:0.36697    A:0.24771    G:0.22936
position  2:    T:0.22936    C:0.30275    A:0.27523    G:0.19266
