1
52 1
Argali 0.000000 0.284700 0.094400 0.427600 0.000000 0.000000 0.000000 0.031800 0.127400 0.065200 0.000000 0.031200 0.000000 0.033000 0.066100 0.031800 0.131000 0.128300 0.093900 0.161500 0.031800 0.000000 0.065200 0.128700 0.000000 0.099800 0.000000 0.062500 0.031300 0.062500 0.065200 0.000000 0.065200 0.000000 0.092100 0.064000 0.000000 0.032000 0.092300 0.098800 0.098500 0.062500 0.133000 0.065200 0.064000 0.095900 0.063500 0.095000 0.060700 0.133100 0.062500 0.062300
LesserMous 0.284700 0.000000 0.437200 0.538300 0.284700 0.284700 0.284700 0.340400 0.497800 0.241600 0.284700 0.335600 0.284700 0.359100 0.412000 0.340400 0.318800 0.315200 0.436200 0.565800 0.340400 0.284700 0.241600 0.317700 0.284700 0.397800 0.284700 0.385200 0.335200 0.385200 0.241600 0.284700 0.241600 0.284700 0.376000 0.391100 0.284700 0.340400 0.408800 0.287900 0.286500 0.372800 0.335500 0.241600 0.391100 0.319900 0.386100 0.430200 0.363600 0.336100 0.385200 0.382500
LesserKudu 0.094400 0.437200 0.000000 0.466400 0.094400 0.094400 0.094400 0.095400 0.027300 0.168900 0.094400 0.127600 0.094400 0.135400 0.133600 0.095400 0.237000 0.232700 0.122200 0.055800 0.095400 0.094400 0.168900 0.155900 0.094400 0.167700 0.094400 0.028700 0.094000 0.028700 0.168900 0.094400 0.168900 0.094400 0.123100 0.165400 0.094400 0.095400 0.154800 0.206200 0.128600 0.125200 0.244500 0.168900 0.165400 0.198700 0.127500 0.058500 0.156700 0.245000 0.028700 0.028300
KillerWhal 0.427600 0.538300 0.466400 0.000000 0.427600 0.427600 0.427600 0.498900 0.528200 0.303700 0.427600 0.491800 0.427600 0.395700 0.599500 0.498900 0.286500 0.196300 0.458100 0.446300 0.498900 0.427600 0.303700 0.377000 0.427600 0.669600 0.427600 0.414200 0.490600 0.414200 0.303700 0.427600 0.303700 0.427600 0.403600 0.563900 0.427600 0.498900 0.568800 0.349600 0.250600 0.531900 0.396500 0.303700 0.563900 0.403000 0.552500 0.458300 0.386600 0.290000 0.414200 0.549600
DefassaWat 0.000000 0.284700 0.094400 0.427600 0.000000 0.000000 0.000000 0.031800 0.127400 0.065200 0.000000 0.030900 0.000000 0.033000 0.066100 0.031800 0.131000 0.128300 0.093900 0.161500 0.031800 0.000000 0.065200 0.128700 0.000000 0.099800 0.000000 0.062500 0.031300 0.062500 0.065200 0.000000 0.065200 0.000000 0.094000 0.064000 0.000000 0.032100 0.094100 0.098800 0.098500 0.062500 0.133000 0.065200 0.064000 0.095900 0.063500 0.095000 0.060700 0.133100 0.062500 0.062300
Sheep 0.000000 0.284700 0.094400 0.427600 0.000000 0.000000 0.000000 0.032400 0.127400 0.065200 0.000000 0.031000 0.000000 0.033000 0.066100 0.031800 0.131000 0.128300 0.093900 0.161500 0.031800 0.000000 0.065200 0.128700 0.000000 0.099800 0.000000 0.062500 0.031300 0.062500 0.065200 0.000000 0.065200 0.000000 0.094000 0.064000 0.000000 0.031800 0.092300 0.098800 0.098500 0.062500 0.133000 0.065200 0.064000 0.095900 0.063500 0.095000 0.060700 0.131800 0.062500 0.062300
MaxwellsDu 0.000000 0.284700 0.094400 0.427600 0.000000 0.000000 0.000000 0.032100 0.127400 0.065200 0.000000 0.030900 0.000000 0.033000 0.066100 0.032100 0.131000 0.128300 0.093900 0.161500 0.031800 0.000000 0.065200 0.126900 0.000000 0.099800 0.000000 0.062500 0.031300 0.062500 0.065200 0.000000 0.065200 0.000000 0.092700 0.064000 0.000000 0.031800 0.092300 0.098800 0.098500 0.062500 0.133000 0.065200 0.064000 0.095900 0.063500 0.095000 0.060700 0.131800 0.062500 0.062300
GazellaPrz 0.031800 0.340400 0.095400 0.498900 0.031800 0.032400 0.032100 0.000000 0.128600 0.101500 0.032100 0.064300 0.032000 0.068500 0.103300 0.000000 0.170200 0.166500 0.094900 0.163100 0.000000 0.031800 0.101500 0.167200 0.032100 0.065000 0.032100 0.063200 0.031400 0.063200 0.101500 0.031800 0.101500 0.032200 0.129900 0.099900 0.032100 0.000000 0.061000 0.136900 0.136400 0.030700 0.172800 0.101500 0.099900 0.132800 0.031100 0.096100 0.094600 0.173800 0.063200 0.063000
MountainNy 0.127400 0.497800 0.027300 0.528200 0.127400 0.127400 0.127400 0.128600 0.000000 0.206200 0.127400 0.162000 0.127400 0.171500 0.169400 0.128600 0.275500 0.270900 0.155100 0.026300 0.128600 0.127400 0.206200 0.190200 0.127400 0.204500 0.127400 0.058000 0.126800 0.058000 0.206200 0.127400 0.206200 0.127400 0.156300 0.201400 0.127400 0.128600 0.188300 0.245500 0.163400 0.158300 0.197900 0.206200 0.201400 0.235500 0.161600 0.088700 0.190700 0.286800 0.058000 0.057300
MuntiacusM 0.065200 0.241600 0.168900 0.303700 0.065200 0.065200 0.065200 0.101500 0.206200 0.000000 0.064900 0.098900 0.065200 0.105800 0.141800 0.101500 0.060100 0.059000 0.168200 0.245500 0.101500 0.065200 0.000000 0.059100 0.065200 0.178700 0.065600 0.133700 0.099900 0.133700 0.000000 0.065200 0.000000 0.065200 0.168100 0.136800 0.065500 0.101700 0.163700 0.030700 0.030100 0.132800 0.060900 0.000000 0.136800 0.096700 0.135500 0.169400 0.129200 0.060700 0.133700 0.133200
goat 0.000000 0.284700 0.094400 0.427600 0.000000 0.000000 0.000000 0.032100 0.127400 0.064900 0.000000 0.030900 0.000000 0.033000 0.066100 0.031800 0.131000 0.128300 0.093900 0.161500 0.031800 0.000000 0.064900 0.128700 0.000000 0.099800 0.000000 0.062500 0.031300 0.062500 0.065200 0.000000 0.065200 0.000000 0.094000 0.064000 0.000000 0.031800 0.092300 0.098800 0.098500 0.062500 0.133000 0.065200 0.064000 0.095900 0.063500 0.095000 0.060700 0.133800 0.062500 0.062300
AfricanBuf 0.031200 0.335600 0.127600 0.491800 0.030900 0.031000 0.030900 0.064300 0.162000 0.098900 0.030900 0.000000 0.031100 0.066500 0.100300 0.063700 0.166000 0.162900 0.127000 0.198000 0.064000 0.030900 0.098900 0.163500 0.030900 0.134800 0.031100 0.094800 0.061600 0.094800 0.098900 0.030900 0.098900 0.031000 0.127100 0.097000 0.030900 0.064000 0.124400 0.133700 0.133200 0.094300 0.169300 0.098900 0.097000 0.129400 0.096100 0.128200 0.091300 0.169400 0.094800 0.094500
Topi 0.000000 0.284700 0.094400 0.427600 0.000000 0.000000 0.000000 0.032000 0.127400 0.065200 0.000000 0.031100 0.000000 0.033000 0.066100 0.031800 0.131000 0.128300 0.093900 0.161500 0.031800 0.000000 0.065400 0.128700 0.000000 0.099800 0.000000 0.062500 0.031300 0.062500 0.065200 0.000000 0.065200 0.000000 0.094000 0.064000 0.000000 0.031800 0.092300 0.098500 0.098500 0.062500 0.133000 0.065200 0.064000 0.095900 0.063500 0.094200 0.060700 0.133100 0.062500 0.062300
CommonDuik 0.033000 0.359100 0.135400 0.395700 0.033000 0.033000 0.033000 0.068500 0.171500 0.105800 0.033000 0.066500 0.033000 0.000000 0.107300 0.068500 0.175700 0.172400 0.134800 0.209000 0.067500 0.033000 0.105800 0.173200 0.033000 0.143800 0.033000 0.100900 0.067300 0.100900 0.105800 0.033000 0.105800 0.033000 0.135000 0.103400 0.033000 0.068500 0.131600 0.142700 0.142200 0.100400 0.180100 0.105800 0.103400 0.137700 0.102500 0.136100 0.097600 0.180100 0.100900 0.100500
Suni 0.066100 0.412000 0.133600 0.599500 0.066100 0.066100 0.066100 0.103300 0.169400 0.141800 0.066100 0.100300 0.066100 0.107300 0.000000 0.103100 0.213800 0.209700 0.170500 0.206800 0.103100 0.066100 0.141800 0.171000 0.066100 0.181500 0.066100 0.135800 0.101400 0.135800 0.141800 0.066100 0.141800 0.066100 0.170000 0.139100 0.066100 0.103100 0.166100 0.179900 0.179100 0.135000 0.218700 0.141800 0.139100 0.173400 0.137400 0.172300 0.131000 0.219600 0.135800 0.099000
Springbuck 0.031800 0.340400 0.095400 0.498900 0.031800 0.031800 0.032100 0.000000 0.128600 0.101500 0.031800 0.063700 0.031800 0.068500 0.103100 0.000000 0.170200 0.166500 0.094900 0.163100 0.000000 0.031800 0.101500 0.167200 0.031800 0.063700 0.031800 0.063200 0.031400 0.063200 0.101500 0.031800 0.101500 0.032100 0.129900 0.099900 0.031800 0.000000 0.060300 0.136900 0.136400 0.030700 0.172800 0.101500 0.099900 0.132800 0.031100 0.096100 0.094400 0.173300 0.063200 0.063000
Okapi 0.131000 0.318800 0.237000 0.286500 0.131000 0.131000 0.131000 0.170200 0.275500 0.060100 0.131000 0.166000 0.131000 0.175700 0.213800 0.170200 0.000000 0.056400 0.237400 0.316200 0.170200 0.131000 0.060100 0.118800 0.131000 0.252300 0.131000 0.201200 0.167500 0.201200 0.060100 0.131000 0.060100 0.131000 0.236100 0.207100 0.131000 0.170200 0.231100 0.090900 0.090600 0.201200 0.122000 0.060100 0.207100 0.161800 0.204400 0.238800 0.195300 0.122200 0.201200 0.200300
Giraffe 0.128300 0.315200 0.232700 0.196300 0.128300 0.128300 0.128300 0.166500 0.270900 0.059000 0.128300 0.162900 0.128300 0.172400 0.209700 0.166500 0.056400 0.000000 0.155300 0.224200 0.166500 0.128300 0.059000 0.116700 0.128300 0.247000 0.128300 0.197300 0.164100 0.197300 0.059000 0.128300 0.059000 0.128300 0.232300 0.202600 0.128300 0.166500 0.226500 0.089300 0.089000 0.196700 0.120000 0.059000 0.202600 0.158700 0.200300 0.234100 0.120000 0.056700 0.197300 0.196500
TibetanAnt 0.093900 0.436200 0.122200 0.458100 0.093900 0.093900 0.093900 0.094900 0.155100 0.168200 0.093900 0.127000 0.093900 0.134800 0.170500 0.094900 0.237400 0.155300 0.000000 0.118200 0.094900 0.093900 0.168200 0.234700 0.093900 0.167000 0.094900 0.090700 0.093500 0.090700 0.168200 0.093900 0.168200 0.093900 0.195000 0.164700 0.093900 0.094900 0.154200 0.205400 0.204600 0.124700 0.162300 0.168200 0.164700 0.197900 0.126900 0.122600 0.088000 0.162200 0.090700 0.090500
Sitatunga 0.161500 0.565800 0.055800 0.446300 0.161500 0.161500 0.161500 0.163100 0.026300 0.245500 0.161500 0.198000 0.161500 0.209000 0.206800 0.163100 0.316200 0.224200 0.118200 0.000000 0.163100 0.161500 0.245500 0.226100 0.161500 0.243300 0.161500 0.088100 0.160900 0.088100 0.245500 0.161500 0.245500 0.161500 0.191200 0.239200 0.161500 0.163100 0.223200 0.287400 0.199800 0.192700 0.235900 0.245500 0.239200 0.274400 0.197100 0.119700 0.151000 0.235700 0.088100 0.087000
Oribi 0.031800 0.340400 0.095400 0.498900 0.031800 0.031800 0.031800 0.000000 0.128600 0.101500 0.031800 0.064000 0.031800 0.067500 0.103100 0.000000 0.170200 0.166500 0.094900 0.163100 0.000000 0.032200 0.101500 0.167200 0.031800 0.065000 0.032100 0.063200 0.031400 0.063200 0.101500 0.031800 0.101500 0.031800 0.129900 0.099700 0.031800 0.000000 0.060300 0.136900 0.136400 0.030700 0.172800 0.101500 0.099900 0.132800 0.031100 0.096100 0.094400 0.173300 0.063200 0.063000
BarbaryShe 0.000000 0.284700 0.094400 0.427600 0.000000 0.000000 0.000000 0.031800 0.127400 0.065200 0.000000 0.030900 0.000000 0.033000 0.066100 0.031800 0.131000 0.128300 0.093900 0.161500 0.032200 0.000000 0.065200 0.128700 0.000000 0.099800 0.000000 0.062500 0.031300 0.062500 0.065200 0.000000 0.065200 0.000000 0.094000 0.064000 0.000000 0.031800 0.092300 0.098800 0.098500 0.062500 0.133000 0.065200 0.064000 0.095900 0.063500 0.095000 0.060700 0.133100 0.062500 0.062300
Daviddeer 0.065200 0.241600 0.168900 0.303700 0.065200 0.065200 0.065200 0.101500 0.206200 0.000000 0.064900 0.098900 0.065400 0.105800 0.141800 0.101500 0.060100 0.059000 0.168200 0.245500 0.101500 0.065200 0.000000 0.059100 0.065200 0.178700 0.065200 0.133700 0.099900 0.133700 0.000000 0.065200 0.000000 0.065200 0.168100 0.136800 0.065200 0.101500 0.163700 0.030800 0.030100 0.130800 0.060900 0.000000 0.136800 0.096700 0.135500 0.169400 0.129200 0.060700 0.133700 0.133200
Reindeer 0.128700 0.317700 0.155900 0.377000 0.128700 0.128700 0.126900 0.167200 0.190200 0.059100 0.128700 0.163500 0.128700 0.173200 0.171000 0.167200 0.118800 0.116700 0.234700 0.226100 0.167200 0.128700 0.059100 0.000000 0.128700 0.248600 0.128700 0.199200 0.164700 0.199200 0.059100 0.128700 0.059100 0.128700 0.234000 0.203400 0.128700 0.167200 0.227500 0.089600 0.089300 0.197400 0.120400 0.059100 0.203400 0.159300 0.201300 0.235600 0.192300 0.120400 0.199200 0.123100
Ibex 0.000000 0.284700 0.094400 0.427600 0.000000 0.000000 0.000000 0.032100 0.127400 0.065200 0.000000 0.030900 0.000000 0.033000 0.066100 0.031800 0.131000 0.128300 0.093900 0.161500 0.031800 0.000000 0.065200 0.128700 0.000000 0.099800 0.000000 0.062500 0.031300 0.062500 0.065200 0.000000 0.065000 0.000000 0.094000 0.064000 0.000000 0.032100 0.092300 0.098800 0.098500 0.062500 0.133000 0.065200 0.064000 0.095900 0.063500 0.095000 0.060700 0.133100 0.062500 0.062300
GyrantGaze 0.099800 0.397800 0.167700 0.669600 0.099800 0.099800 0.099800 0.065000 0.204500 0.178700 0.099800 0.134800 0.099800 0.143800 0.181500 0.063700 0.252300 0.247000 0.167000 0.243300 0.065000 0.099800 0.178700 0.248600 0.099800 0.000000 0.099800 0.132900 0.098500 0.132900 0.178700 0.099800 0.178700 0.099800 0.206100 0.175600 0.099800 0.064800 0.126000 0.218000 0.217100 0.095500 0.258100 0.178700 0.175600 0.210200 0.097400 0.168700 0.165400 0.259700 0.132900 0.132400
Hartebeest 0.000000 0.284700 0.094400 0.427600 0.000000 0.000000 0.000000 0.032100 0.127400 0.065600 0.000000 0.031100 0.000000 0.033000 0.066100 0.031800 0.131000 0.128300 0.094900 0.161500 0.032100 0.000000 0.065200 0.128700 0.000000 0.099800 0.000000 0.062500 0.031300 0.062500 0.065400 0.000000 0.065200 0.000000 0.094000 0.064000 0.000000 0.031800 0.092300 0.099200 0.098500 0.062500 0.133000 0.065200 0.064000 0.095600 0.063500 0.095000 0.060700 0.133100 0.062500 0.062300
Bongo 0.062500 0.385200 0.028700 0.414200 0.062500 0.062500 0.062500 0.063200 0.058000 0.133700 0.062500 0.094800 0.062500 0.100900 0.135800 0.063200 0.201200 0.197300 0.090700 0.088100 0.063200 0.062500 0.133700 0.199200 0.062500 0.132900 0.062500 0.000000 0.062200 0.000000 0.133700 0.062500 0.133700 0.062500 0.091300 0.131400 0.062500 0.063200 0.122900 0.169600 0.095400 0.093400 0.206300 0.133700 0.131400 0.164000 0.094800 0.029000 0.124300 0.206800 0.000000 0.059800
Gerenuk 0.031300 0.335200 0.094000 0.490600 0.031300 0.031300 0.031300 0.031400 0.126800 0.099900 0.031300 0.061600 0.031300 0.067300 0.101400 0.031400 0.167500 0.164100 0.093500 0.160900 0.031400 0.031300 0.099900 0.164700 0.031300 0.098500 0.031300 0.062200 0.000000 0.062200 0.099900 0.031300 0.099900 0.031300 0.128100 0.098200 0.031300 0.031400 0.091300 0.134900 0.134300 0.061700 0.170400 0.099900 0.098200 0.130700 0.062700 0.094600 0.093000 0.170700 0.062200 0.062000
CommonElan 0.062500 0.385200 0.028700 0.414200 0.062500 0.062500 0.062500 0.063200 0.058000 0.133700 0.062500 0.094800 0.062500 0.100900 0.135800 0.063200 0.201200 0.197300 0.090700 0.088100 0.063200 0.062500 0.133700 0.199200 0.062500 0.132900 0.062500 0.000000 0.062200 0.000000 0.133700 0.062500 0.133700 0.062500 0.091300 0.131400 0.062500 0.063200 0.122900 0.169600 0.095400 0.093400 0.206300 0.133700 0.131400 0.164000 0.094800 0.029000 0.124300 0.206800 0.000000 0.059800
MuntiacusR 0.065200 0.241600 0.168900 0.303700 0.065200 0.065200 0.065200 0.101500 0.206200 0.000000 0.065200 0.098900 0.065200 0.105800 0.141800 0.101500 0.060100 0.059000 0.168200 0.245500 0.101500 0.065200 0.000000 0.059100 0.065200 0.178700 0.065400 0.133700 0.099900 0.133700 0.000000 0.065200 0.000000 0.065200 0.168100 0.136800 0.065200 0.101500 0.163700 0.030200 0.030700 0.132800 0.060900 0.000000 0.136800 0.096700 0.135500 0.169400 0.129200 0.060700 0.133700 0.133200
HarveysDui 0.000000 0.284700 0.094400 0.427600 0.000000 0.000000 0.000000 0.031800 0.127400 0.065200 0.000000 0.030900 0.000000 0.033000 0.066100 0.031800 0.131000 0.128300 0.093900 0.161500 0.031800 0.000000 0.065200 0.128700 0.000000 0.099800 0.000000 0.062500 0.031300 0.062500 0.065200 0.000000 0.065200 0.000000 0.094000 0.064000 0.000000 0.031800 0.092300 0.098800 0.098500 0.062500 0.133000 0.065200 0.064000 0.095900 0.063500 0.095000 0.060700 0.133100 0.062500 0.062300
Pronghorn 0.065200 0.241600 0.168900 0.303700 0.065200 0.065200 0.065200 0.101500 0.206200 0.000000 0.065200 0.098900 0.065200 0.105800 0.141800 0.101500 0.060100 0.059000 0.168200 0.245500 0.101500 0.065200 0.000000 0.059100 0.065000 0.178700 0.065200 0.133700 0.099900 0.133700 0.000000 0.065200 0.000000 0.065200 0.168100 0.136800 0.065200 0.101500 0.163700 0.030700 0.030100 0.132800 0.060900 0.000000 0.136800 0.096700 0.135500 0.169400 0.129200 0.060700 0.133700 0.133200
BlueWildeb 0.000000 0.284700 0.094400 0.427600 0.000000 0.000000 0.000000 0.032200 0.127400 0.065200 0.000000 0.031000 0.000000 0.033000 0.066100 0.032100 0.131000 0.128300 0.093900 0.161500 0.031800 0.000000 0.065200 0.128700 0.000000 0.099800 0.000000 0.062500 0.031300 0.062500 0.065200 0.000000 0.065200 0.000000 0.094000 0.064000 0.000000 0.031800 0.092300 0.098800 0.097500 0.062500 0.133000 0.065200 0.064000 0.096700 0.063500 0.095000 0.061500 0.133100 0.062500 0.062300
Gemsbok 0.092100 0.376000 0.123100 0.403600 0.094000 0.094000 0.092700 0.129900 0.156300 0.168100 0.094000 0.127100 0.094000 0.135000 0.170000 0.129900 0.236100 0.232300 0.195000 0.191200 0.129900 0.094000 0.168100 0.234000 0.094000 0.206100 0.094000 0.091300 0.128100 0.091300 0.168100 0.094000 0.168100 0.094000 0.000000 0.163900 0.094000 0.129900 0.189500 0.205400 0.128100 0.159500 0.243500 0.168100 0.163900 0.197200 0.163000 0.123000 0.155700 0.243700 0.091300 0.160800
Yak 0.064000 0.391100 0.165400 0.563900 0.064000 0.064000 0.064000 0.099900 0.201400 0.136800 0.064000 0.097000 0.064000 0.103400 0.139100 0.099900 0.207100 0.202600 0.164700 0.239200 0.099700 0.064000 0.136800 0.203400 0.064000 0.175600 0.064000 0.131400 0.098200 0.131400 0.136800 0.064000 0.136800 0.064000 0.163900 0.000000 0.064000 0.099900 0.161300 0.173200 0.172500 0.131300 0.210200 0.136800 0.000000 0.167900 0.133000 0.166700 0.127200 0.211400 0.131400 0.130700
BlueSheep 0.000000 0.284700 0.094400 0.427600 0.000000 0.000000 0.000000 0.032100 0.127400 0.065500 0.000000 0.030900 0.000000 0.033000 0.066100 0.031800 0.131000 0.128300 0.093900 0.161500 0.031800 0.000000 0.065200 0.128700 0.000000 0.099800 0.000000 0.062500 0.031300 0.062500 0.065200 0.000000 0.065200 0.000000 0.094000 0.064000 0.000000 0.032100 0.092300 0.098800 0.098500 0.062500 0.133000 0.065200 0.064000 0.095900 0.063400 0.095000 0.060700 0.133100 0.062500 0.062300
BohorReedb 0.032000 0.340400 0.095400 0.498900 0.032100 0.031800 0.031800 0.000000 0.128600 0.101700 0.031800 0.064000 0.031800 0.068500 0.103100 0.000000 0.170200 0.166500 0.094900 0.163100 0.000000 0.031800 0.101500 0.167200 0.032100 0.064800 0.031800 0.063200 0.031400 0.063200 0.101500 0.031800 0.101500 0.031800 0.129900 0.099900 0.032100 0.000000 0.060300 0.136900 0.136400 0.031200 0.172800 0.101500 0.099900 0.132800 0.031100 0.096100 0.094400 0.173300 0.063200 0.063000
KirksDik 0.092300 0.408800 0.154800 0.568800 0.094100 0.092300 0.092300 0.061000 0.188300 0.163700 0.092300 0.124400 0.092300 0.131600 0.166100 0.060300 0.231100 0.226500 0.154200 0.223200 0.060300 0.092300 0.163700 0.227500 0.092300 0.126000 0.092300 0.122900 0.091300 0.122900 0.163700 0.092300 0.163700 0.092300 0.189500 0.161300 0.092300 0.060300 0.000000 0.199100 0.198400 0.089200 0.235100 0.163700 0.161300 0.192900 0.090300 0.155700 0.152900 0.236200 0.122900 0.122400
RoeDeer 0.098800 0.287900 0.206200 0.349600 0.098800 0.098800 0.098800 0.136900 0.245500 0.030700 0.098800 0.133700 0.098500 0.142700 0.179900 0.136900 0.090900 0.089300 0.205400 0.287400 0.136900 0.098800 0.030800 0.089600 0.098800 0.218000 0.099200 0.169600 0.134900 0.169600 0.030200 0.098800 0.030700 0.098800 0.205400 0.173200 0.098800 0.136900 0.199100 0.000000 0.060900 0.168000 0.092400 0.030200 0.173200 0.130400 0.171700 0.206300 0.163600 0.092200 0.169600 0.169000
WhiteLippe 0.098500 0.286500 0.128600 0.250600 0.098500 0.098500 0.098500 0.136400 0.163400 0.030100 0.098500 0.133200 0.098500 0.142200 0.179100 0.136400 0.090600 0.089000 0.204600 0.199800 0.136400 0.098500 0.030100 0.089300 0.098500 0.217100 0.098500 0.095400 0.134300 0.095400 0.030700 0.098500 0.030100 0.097500 0.128100 0.172500 0.098500 0.136400 0.198400 0.060900 0.000000 0.167300 0.092100 0.030100 0.172500 0.129900 0.171000 0.128600 0.163000 0.091900 0.095400 0.168600
ThomsonGaz 0.062500 0.372800 0.125200 0.531900 0.062500 0.062500 0.062500 0.030700 0.158300 0.132800 0.062500 0.094300 0.062500 0.100400 0.135000 0.030700 0.201200 0.196700 0.124700 0.192700 0.030700 0.062500 0.130800 0.197400 0.062500 0.095500 0.062500 0.093400 0.061700 0.093400 0.132800 0.062500 0.132800 0.062500 0.159500 0.131300 0.062500 0.031200 0.089200 0.168000 0.167300 0.000000 0.203600 0.132800 0.131300 0.163200 0.061100 0.126300 0.124000 0.204800 0.093400 0.093000
MuntiacusC 0.133000 0.335500 0.244500 0.396500 0.133000 0.133000 0.133000 0.172800 0.197900 0.060900 0.133000 0.169300 0.133000 0.180100 0.218700 0.172800 0.122000 0.120000 0.162300 0.235900 0.172800 0.133000 0.060900 0.120400 0.133000 0.258100 0.133000 0.206300 0.170400 0.206300 0.060900 0.133000 0.060900 0.133000 0.243500 0.210200 0.133000 0.172800 0.235100 0.092400 0.092100 0.203600 0.000000 0.060900 0.210200 0.164500 0.208600 0.243900 0.198600 0.124200 0.206300 0.205600
WhiteTaile 0.065200 0.241600 0.168900 0.303700 0.065200 0.065200 0.065200 0.101500 0.206200 0.000000 0.065200 0.098900 0.065200 0.105800 0.141800 0.101500 0.060100 0.059000 0.168200 0.245500 0.101500 0.065200 0.000000 0.059100 0.065200 0.178700 0.065200 0.133700 0.099900 0.133700 0.000000 0.065200 0.000000 0.065200 0.168100 0.136800 0.065200 0.101500 0.163700 0.030200 0.030100 0.132800 0.060900 0.000000 0.136800 0.096700 0.135500 0.169400 0.129200 0.060700 0.133700 0.133200
Cattle 0.064000 0.391100 0.165400 0.563900 0.064000 0.064000 0.064000 0.099900 0.201400 0.136800 0.064000 0.097000 0.064000 0.103400 0.139100 0.099900 0.207100 0.202600 0.164700 0.239200 0.099900 0.064000 0.136800 0.203400 0.064000 0.175600 0.064000 0.131400 0.098200 0.131400 0.136800 0.064000 0.136800 0.064000 0.163900 0.000000 0.064000 0.099900 0.161300 0.173200 0.172500 0.131300 0.210200 0.136800 0.000000 0.167900 0.133000 0.166700 0.126700 0.211400 0.131400 0.130700
RoyalAntel 0.095900 0.319900 0.198700 0.403000 0.095900 0.095900 0.095900 0.132800 0.235500 0.096700 0.095900 0.129400 0.095900 0.137700 0.173400 0.132800 0.161800 0.158700 0.197900 0.274400 0.132800 0.095900 0.096700 0.159300 0.095900 0.210200 0.095600 0.164000 0.130700 0.164000 0.096700 0.095900 0.096700 0.096700 0.197200 0.167900 0.095900 0.132800 0.192900 0.130400 0.129900 0.163200 0.164500 0.096700 0.167900 0.000000 0.166000 0.199400 0.090500 0.164800 0.164000 0.163400
Steenbok 0.063500 0.386100 0.127500 0.552500 0.063500 0.063500 0.063500 0.031100 0.161600 0.135500 0.063500 0.096100 0.063500 0.102500 0.137400 0.031100 0.204400 0.200300 0.126900 0.197100 0.031100 0.063500 0.135500 0.201300 0.063500 0.097400 0.063500 0.094800 0.062700 0.094800 0.135500 0.063500 0.135500 0.063500 0.163000 0.133000 0.063400 0.031100 0.090300 0.171700 0.171000 0.061100 0.208600 0.135500 0.133000 0.166000 0.000000 0.128200 0.125900 0.209100 0.094800 0.094500
Impala 0.095000 0.430200 0.058500 0.458300 0.095000 0.095000 0.095000 0.096100 0.088700 0.169400 0.095000 0.128200 0.094200 0.136100 0.172300 0.096100 0.238800 0.234100 0.122600 0.119700 0.096100 0.095000 0.169400 0.235600 0.095000 0.168700 0.095000 0.029000 0.094600 0.029000 0.169400 0.095000 0.169400 0.095000 0.123000 0.166700 0.095000 0.096100 0.155700 0.206300 0.128600 0.126300 0.243900 0.169400 0.166700 0.199400 0.128200 0.000000 0.157400 0.245100 0.029000 0.091500
Klipspring 0.060700 0.363600 0.156700 0.386600 0.060700 0.060700 0.060700 0.094600 0.190700 0.129200 0.060700 0.091300 0.060700 0.097600 0.131000 0.094400 0.195300 0.120000 0.088000 0.151000 0.094400 0.060700 0.129200 0.192300 0.060700 0.165400 0.060700 0.124300 0.093000 0.124300 0.129200 0.060700 0.129200 0.061500 0.155700 0.127200 0.060700 0.094400 0.152900 0.163600 0.163000 0.124000 0.198600 0.129200 0.126700 0.090500 0.125900 0.157400 0.000000 0.124400 0.124300 0.123800
ForestMusk 0.133100 0.336100 0.245000 0.290000 0.133100 0.131800 0.131800 0.173800 0.286800 0.060700 0.133800 0.169400 0.133100 0.180100 0.219600 0.173300 0.122200 0.056700 0.162200 0.235700 0.173300 0.133100 0.060700 0.120400 0.133100 0.259700 0.133100 0.206800 0.170700 0.206800 0.060700 0.133100 0.060700 0.133100 0.243700 0.211400 0.133100 0.173300 0.236200 0.092200 0.091900 0.204800 0.124200 0.060700 0.211400 0.164800 0.209100 0.245100 0.124400 0.000000 0.206800 0.205900
Bushbuck 0.062500 0.385200 0.028700 0.414200 0.062500 0.062500 0.062500 0.063200 0.058000 0.133700 0.062500 0.094800 0.062500 0.100900 0.135800 0.063200 0.201200 0.197300 0.090700 0.088100 0.063200 0.062500 0.133700 0.199200 0.062500 0.132900 0.062500 0.000000 0.062200 0.000000 0.133700 0.062500 0.133700 0.062500 0.091300 0.131400 0.062500 0.063200 0.122900 0.169600 0.095400 0.093400 0.206300 0.133700 0.131400 0.164000 0.094800 0.029000 0.124300 0.206800 0.000000 0.059800
GreaterKud 0.062300 0.382500 0.028300 0.549600 0.062300 0.062300 0.062300 0.063000 0.057300 0.133200 0.062300 0.094500 0.062300 0.100500 0.099000 0.063000 0.200300 0.196500 0.090500 0.087000 0.063000 0.062300 0.133200 0.123100 0.062300 0.132400 0.062300 0.059800 0.062000 0.059800 0.133200 0.062300 0.133200 0.062300 0.160800 0.130700 0.062300 0.063000 0.122400 0.169000 0.168600 0.093000 0.205600 0.133200 0.130700 0.163400 0.094500 0.091500 0.123800 0.205900 0.059800 0.000000
