1
52 1
Argali 0.000000 0.333800 0.057400 0.234200 0.036700 0.006500 0.019200 0.039700 0.060300 0.083200 0.006500 0.033300 0.033200 0.039500 0.061200 0.026400 0.081600 0.077700 0.026300 0.057000 0.029700 0.013100 0.083400 0.076300 0.006500 0.029800 0.029900 0.060600 0.036200 0.060300 0.076300 0.036200 0.085400 0.029800 0.036700 0.046900 0.009800 0.036700 0.033000 0.098000 0.083800 0.033400 0.117700 0.076100 0.040100 0.039900 0.043300 0.043700 0.043300 0.064000 0.070800 0.056900
LesserMous 0.333800 0.000000 0.357200 0.426800 0.317300 0.333500 0.332900 0.339800 0.358200 0.335600 0.338100 0.315000 0.354600 0.341000 0.353100 0.330700 0.358900 0.357800 0.325400 0.354000 0.340900 0.348400 0.342300 0.322200 0.338100 0.342700 0.362200 0.359800 0.342900 0.352800 0.326700 0.349700 0.355200 0.347200 0.355800 0.323900 0.343300 0.326300 0.335300 0.320400 0.332600 0.356800 0.378500 0.332000 0.314900 0.331200 0.347600 0.356800 0.344100 0.334500 0.363100 0.358800
LesserKudu 0.057400 0.357200 0.000000 0.247400 0.067500 0.057300 0.050300 0.063700 0.016300 0.101400 0.057200 0.050400 0.064300 0.063900 0.075200 0.046600 0.081500 0.081100 0.070900 0.013100 0.060300 0.057100 0.094100 0.094500 0.057200 0.050200 0.061000 0.019700 0.056500 0.016300 0.094400 0.074100 0.103400 0.060800 0.071600 0.071300 0.053700 0.067900 0.063800 0.109100 0.087100 0.050500 0.136800 0.094300 0.064400 0.064000 0.060500 0.068100 0.078500 0.081400 0.026300 0.019700
KillerWhal 0.234200 0.426800 0.247400 0.000000 0.261000 0.238800 0.242700 0.240800 0.249400 0.256000 0.242400 0.230400 0.251800 0.250200 0.271800 0.241600 0.259400 0.249400 0.232800 0.245700 0.245500 0.246600 0.246900 0.235100 0.242400 0.251100 0.257600 0.250500 0.239200 0.249200 0.248200 0.244200 0.246100 0.265000 0.252900 0.247200 0.234000 0.265500 0.245500 0.265600 0.248100 0.252700 0.266100 0.238700 0.248000 0.246300 0.250600 0.239000 0.256400 0.255500 0.253600 0.232300
DefassaWat 0.036700 0.317300 0.067500 0.261000 0.000000 0.029900 0.029900 0.043100 0.070500 0.086800 0.036600 0.036700 0.050400 0.050100 0.064700 0.036300 0.085000 0.081200 0.043200 0.067200 0.046600 0.043400 0.098100 0.079900 0.036600 0.039800 0.047200 0.070900 0.046100 0.070500 0.079900 0.060100 0.088900 0.046900 0.053800 0.050300 0.040000 0.013200 0.043200 0.101700 0.091100 0.043300 0.113700 0.079700 0.043600 0.050200 0.046700 0.047100 0.053700 0.074200 0.081100 0.073800
Sheep 0.006500 0.333500 0.057300 0.238800 0.029900 0.000000 0.019800 0.032900 0.060300 0.083200 0.006500 0.033200 0.033200 0.039800 0.061200 0.026400 0.081600 0.077700 0.026300 0.057000 0.029600 0.013100 0.090700 0.076300 0.006500 0.029800 0.029900 0.060600 0.036200 0.060300 0.076300 0.043000 0.085400 0.029800 0.036700 0.046800 0.009800 0.036700 0.033000 0.098000 0.083800 0.033400 0.117600 0.076100 0.040100 0.039900 0.043300 0.043600 0.043500 0.064000 0.070800 0.063900
MaxwellsDu 0.019200 0.332900 0.050300 0.242700 0.029900 0.019800 0.000000 0.032900 0.053300 0.075800 0.019700 0.033200 0.033200 0.026300 0.054100 0.019700 0.074400 0.070600 0.033000 0.050000 0.029600 0.026400 0.086900 0.069000 0.019700 0.023000 0.030000 0.053500 0.029400 0.053300 0.068900 0.041100 0.078100 0.029800 0.036700 0.046600 0.023100 0.029900 0.026200 0.090500 0.080000 0.026300 0.109900 0.068800 0.039900 0.033100 0.036400 0.036700 0.040000 0.063900 0.063700 0.056900
GazellaPrz 0.039700 0.339800 0.063700 0.240800 0.043100 0.032900 0.032900 0.000000 0.066600 0.089700 0.039600 0.046500 0.046400 0.052900 0.060500 0.026100 0.073800 0.070000 0.032800 0.063300 0.036000 0.039600 0.093500 0.082800 0.039600 0.029500 0.043200 0.066900 0.035800 0.066600 0.082800 0.063000 0.091700 0.043100 0.056900 0.053200 0.043000 0.039700 0.039400 0.093400 0.086500 0.033000 0.120400 0.082600 0.053400 0.053100 0.049600 0.056900 0.056700 0.070400 0.077100 0.063300
MountainNy 0.060300 0.358200 0.016300 0.249400 0.070500 0.060300 0.053300 0.066600 0.000000 0.104300 0.060200 0.053400 0.067200 0.066900 0.078100 0.049600 0.084400 0.084000 0.073900 0.003200 0.063200 0.060100 0.096900 0.097300 0.060200 0.053200 0.064000 0.009700 0.059500 0.012600 0.097300 0.077000 0.098900 0.063700 0.074500 0.074200 0.056700 0.070800 0.066700 0.111800 0.090000 0.053500 0.139500 0.097100 0.067300 0.066900 0.063400 0.071000 0.081400 0.084300 0.016100 0.022800
MuntiacusM 0.083200 0.335600 0.101400 0.256000 0.086800 0.083200 0.075800 0.089700 0.104300 0.000000 0.083000 0.075900 0.083100 0.082600 0.102100 0.082600 0.090000 0.085900 0.082700 0.100800 0.093400 0.090200 0.047900 0.030600 0.083000 0.086500 0.087200 0.100900 0.085500 0.104300 0.006600 0.100300 0.093700 0.094100 0.101800 0.083000 0.089900 0.094200 0.089800 0.051400 0.034100 0.090700 0.044600 0.030500 0.083200 0.100600 0.093400 0.087100 0.108900 0.086300 0.104200 0.108200
goat 0.006500 0.338100 0.057200 0.242400 0.036600 0.006500 0.019700 0.039600 0.060200 0.083000 0.000000 0.040000 0.033100 0.039700 0.061000 0.026300 0.081400 0.077500 0.032900 0.056900 0.029600 0.013000 0.090500 0.076100 0.000000 0.029700 0.029800 0.060400 0.036100 0.060200 0.076100 0.042900 0.085200 0.029700 0.036600 0.053700 0.009800 0.036600 0.032900 0.097800 0.083600 0.033300 0.117400 0.075900 0.046900 0.039800 0.043200 0.043500 0.050300 0.063900 0.070600 0.063800
AfricanBuf 0.033300 0.315000 0.050400 0.230400 0.036700 0.033200 0.033200 0.046500 0.053400 0.075900 0.040000 0.000000 0.053800 0.046700 0.057600 0.039800 0.074500 0.070600 0.039800 0.050100 0.050000 0.046800 0.079700 0.069100 0.040000 0.043300 0.050600 0.053600 0.049700 0.053400 0.069100 0.049800 0.078200 0.050400 0.057500 0.026400 0.036600 0.050400 0.046600 0.090600 0.080100 0.047100 0.110100 0.068900 0.019700 0.053600 0.050100 0.043600 0.050300 0.064000 0.063800 0.050000
Topi 0.033200 0.354600 0.064300 0.251800 0.050400 0.033200 0.033200 0.046400 0.067200 0.083100 0.033100 0.053800 0.000000 0.046600 0.068200 0.033000 0.081600 0.077700 0.039700 0.063900 0.043100 0.039800 0.083300 0.076200 0.033100 0.036500 0.009600 0.067500 0.036100 0.067200 0.076200 0.056600 0.092500 0.016400 0.050400 0.067700 0.036400 0.050400 0.046500 0.097800 0.076400 0.040200 0.113800 0.076000 0.060900 0.053600 0.057000 0.057500 0.064300 0.085100 0.070700 0.070800
CommonDuik 0.039500 0.341000 0.063900 0.250200 0.050100 0.039800 0.026300 0.052900 0.066900 0.082600 0.039700 0.046700 0.046600 0.000000 0.074900 0.039600 0.095400 0.091400 0.046400 0.063600 0.049700 0.046500 0.101100 0.083000 0.039700 0.043100 0.050300 0.067100 0.042600 0.066900 0.083000 0.029300 0.099200 0.050000 0.057100 0.063700 0.036400 0.050100 0.039500 0.104700 0.094100 0.046600 0.124400 0.082800 0.056900 0.053300 0.049800 0.057100 0.060400 0.084700 0.070300 0.070500
Suni 0.061200 0.353100 0.075200 0.271800 0.064700 0.061200 0.054100 0.060500 0.078100 0.102100 0.061000 0.057600 0.068200 0.074900 0.000000 0.046900 0.078400 0.074500 0.067800 0.074800 0.053700 0.054000 0.106000 0.095100 0.061000 0.050500 0.064900 0.078400 0.056800 0.078100 0.095000 0.085100 0.103900 0.064600 0.079100 0.068100 0.064500 0.071900 0.060700 0.102200 0.099000 0.054300 0.133800 0.094800 0.064700 0.075000 0.064400 0.050700 0.078800 0.074800 0.088800 0.074700
Springbuck 0.026400 0.330700 0.046600 0.241600 0.036300 0.026400 0.019700 0.026100 0.049600 0.082600 0.026300 0.039800 0.033000 0.039600 0.046900 0.000000 0.060100 0.063300 0.032900 0.046400 0.016200 0.026300 0.086400 0.068600 0.026300 0.009700 0.029800 0.049800 0.016100 0.049600 0.075800 0.049500 0.084800 0.029700 0.029800 0.053400 0.029600 0.036500 0.026100 0.082700 0.079500 0.016400 0.113100 0.075600 0.046700 0.039600 0.036200 0.043400 0.043200 0.053200 0.059900 0.046300
Okapi 0.081600 0.358900 0.081500 0.259400 0.085000 0.081600 0.074400 0.073800 0.084400 0.090000 0.081400 0.074500 0.081600 0.095400 0.078400 0.060100 0.000000 0.016200 0.081200 0.081000 0.077400 0.074300 0.086500 0.083000 0.081400 0.063700 0.078300 0.084600 0.069900 0.084400 0.083100 0.105700 0.077800 0.085100 0.092600 0.081500 0.085000 0.092400 0.073900 0.104700 0.079600 0.071200 0.120800 0.082800 0.081600 0.088300 0.070400 0.078300 0.099500 0.074100 0.095100 0.081000
Giraffe 0.077700 0.357800 0.081100 0.249400 0.081200 0.077700 0.070600 0.070000 0.084000 0.085900 0.077500 0.070600 0.077700 0.091400 0.074500 0.063300 0.016200 0.000000 0.077300 0.080700 0.073600 0.070500 0.082400 0.079000 0.077500 0.066900 0.074500 0.084300 0.073100 0.084000 0.079000 0.094500 0.074000 0.081200 0.095800 0.077600 0.081100 0.088400 0.070100 0.100500 0.075500 0.070800 0.112700 0.078800 0.077800 0.084400 0.066700 0.074500 0.102700 0.073700 0.094700 0.080600
TibetanAnt 0.026300 0.325400 0.070900 0.232800 0.043200 0.026300 0.033000 0.032800 0.073900 0.082700 0.032900 0.039800 0.039700 0.046400 0.067800 0.032900 0.081200 0.077300 0.000000 0.070600 0.042900 0.032900 0.082800 0.075800 0.032900 0.036300 0.043300 0.074200 0.035900 0.073800 0.075800 0.049500 0.092100 0.043100 0.050100 0.046600 0.036300 0.050100 0.039500 0.097400 0.083200 0.040000 0.113100 0.075600 0.046700 0.053300 0.049800 0.057200 0.050000 0.070600 0.077300 0.063500
Sitatunga 0.057000 0.354000 0.013100 0.245700 0.067200 0.057000 0.050000 0.063300 0.003200 0.100800 0.056900 0.050100 0.063900 0.063600 0.074800 0.046400 0.081000 0.080700 0.070600 0.000000 0.060000 0.056800 0.093500 0.093900 0.056900 0.049900 0.060700 0.006500 0.056200 0.009700 0.093900 0.073700 0.095500 0.060400 0.071200 0.070900 0.053400 0.067500 0.063400 0.108300 0.086600 0.050200 0.135900 0.093700 0.064000 0.063600 0.060100 0.067700 0.078100 0.081000 0.012900 0.019500
Oribi 0.029700 0.340900 0.060300 0.245500 0.046600 0.029600 0.029600 0.036000 0.063200 0.093400 0.029600 0.050000 0.043100 0.049700 0.053700 0.016200 0.077400 0.073600 0.042900 0.060000 0.000000 0.029500 0.097200 0.079300 0.029600 0.026200 0.039900 0.063500 0.032500 0.063200 0.086500 0.052800 0.095400 0.039700 0.043300 0.056800 0.032900 0.046600 0.036100 0.093500 0.090300 0.029700 0.124300 0.086300 0.056900 0.049700 0.046300 0.050200 0.060300 0.053200 0.073700 0.059900
BarbaryShe 0.013100 0.348400 0.057100 0.246600 0.043400 0.013100 0.026400 0.039600 0.060100 0.090200 0.013000 0.046800 0.039800 0.046500 0.054000 0.026300 0.074300 0.070500 0.032900 0.056800 0.029500 0.000000 0.097800 0.083200 0.013000 0.029700 0.036600 0.060400 0.036000 0.060100 0.083200 0.049600 0.092200 0.036400 0.043300 0.060500 0.016300 0.043400 0.032900 0.105000 0.090800 0.033200 0.121000 0.083000 0.053700 0.046500 0.036400 0.043500 0.057100 0.063800 0.070600 0.056800
Daviddeer 0.083400 0.342300 0.094100 0.246900 0.098100 0.090700 0.086900 0.093500 0.096900 0.047900 0.090500 0.079700 0.083300 0.101100 0.106000 0.086400 0.086500 0.082400 0.082800 0.093500 0.097200 0.097800 0.000000 0.037600 0.090500 0.090300 0.087400 0.097300 0.089300 0.089600 0.041100 0.104100 0.097600 0.090700 0.109600 0.086800 0.097500 0.105600 0.101000 0.058600 0.013400 0.094600 0.080900 0.037500 0.087000 0.097100 0.097200 0.098400 0.112800 0.090100 0.100500 0.093400
Reindeer 0.076300 0.322200 0.094500 0.235100 0.079900 0.076300 0.069000 0.082800 0.097300 0.030600 0.076100 0.069100 0.076200 0.083000 0.095100 0.068600 0.083000 0.079000 0.075800 0.093900 0.079300 0.083200 0.037600 0.000000 0.076100 0.079600 0.080300 0.097700 0.078700 0.097300 0.023800 0.093400 0.086800 0.087100 0.087500 0.076100 0.083000 0.087300 0.082900 0.041100 0.030800 0.083800 0.062800 0.006700 0.076400 0.093700 0.086500 0.080200 0.101900 0.072200 0.101000 0.101200
Ibex 0.006500 0.338100 0.057200 0.242400 0.036600 0.006500 0.019700 0.039600 0.060200 0.083000 0.000000 0.040000 0.033100 0.039700 0.061000 0.026300 0.081400 0.077500 0.032900 0.056900 0.029600 0.013000 0.090500 0.076100 0.000000 0.029700 0.029800 0.060400 0.036100 0.060200 0.076100 0.042900 0.085200 0.029700 0.036600 0.053700 0.009800 0.036600 0.032900 0.097800 0.083600 0.033300 0.117400 0.075900 0.046900 0.039800 0.043200 0.043500 0.050300 0.063900 0.070600 0.063800
GyrantGaze 0.029800 0.342700 0.050200 0.251100 0.039800 0.029800 0.023000 0.029500 0.053200 0.086500 0.029700 0.043300 0.036500 0.043100 0.050500 0.009700 0.063700 0.066900 0.036300 0.049900 0.026200 0.029700 0.090300 0.079600 0.029700 0.000000 0.033300 0.053400 0.019500 0.053200 0.079600 0.053000 0.088600 0.033100 0.040000 0.057000 0.033100 0.040000 0.029500 0.093900 0.083400 0.013100 0.117200 0.079400 0.050300 0.036300 0.039700 0.046900 0.046700 0.063800 0.063500 0.049900
Hartebeest 0.029900 0.362200 0.061000 0.257600 0.047200 0.029900 0.030000 0.043200 0.064000 0.087200 0.029800 0.050600 0.009600 0.050300 0.064900 0.029800 0.078300 0.074500 0.043300 0.060700 0.039900 0.036600 0.087400 0.080300 0.029800 0.033300 0.000000 0.064300 0.039600 0.064000 0.080200 0.060300 0.089300 0.013100 0.047100 0.064500 0.033200 0.047200 0.043300 0.102000 0.080400 0.036900 0.118200 0.080100 0.057600 0.050300 0.053800 0.054200 0.061100 0.081900 0.074500 0.067600
Bongo 0.060600 0.359800 0.019700 0.250500 0.070900 0.060600 0.053500 0.066900 0.009700 0.100900 0.060400 0.053600 0.067500 0.067100 0.078400 0.049800 0.084600 0.084300 0.074200 0.006500 0.063500 0.060400 0.097300 0.097700 0.060400 0.053400 0.064300 0.000000 0.059700 0.016200 0.094000 0.077300 0.099200 0.064000 0.074800 0.074500 0.057000 0.071100 0.067000 0.112200 0.090300 0.057100 0.136100 0.097400 0.067600 0.067200 0.063600 0.071300 0.081700 0.088100 0.012900 0.026200
Gerenuk 0.036200 0.342900 0.056500 0.239200 0.046100 0.036200 0.029400 0.035800 0.059500 0.085500 0.036100 0.049700 0.036100 0.042600 0.056800 0.016100 0.069900 0.073100 0.035900 0.056200 0.032500 0.036000 0.089300 0.078700 0.036100 0.019500 0.039600 0.059700 0.000000 0.059400 0.078700 0.052500 0.094800 0.039500 0.046400 0.063300 0.039400 0.046300 0.035900 0.092800 0.082400 0.026200 0.115800 0.078500 0.056600 0.049400 0.046000 0.053200 0.053100 0.070000 0.062900 0.056100
CommonElan 0.060300 0.352800 0.016300 0.249200 0.070500 0.060300 0.053300 0.066600 0.012600 0.104300 0.060200 0.053400 0.067200 0.066900 0.078100 0.049600 0.084400 0.084000 0.073800 0.009700 0.063200 0.060100 0.089600 0.097300 0.060200 0.053200 0.064000 0.016200 0.059400 0.000000 0.097300 0.076900 0.098900 0.060300 0.074500 0.074100 0.056700 0.070800 0.066700 0.111800 0.082700 0.053500 0.139400 0.097100 0.067300 0.059900 0.063400 0.071000 0.081300 0.077200 0.022600 0.022800
MuntiacusR 0.076300 0.326700 0.094400 0.248200 0.079900 0.076300 0.068900 0.082800 0.097300 0.006600 0.076100 0.069100 0.076200 0.083000 0.095000 0.075800 0.083100 0.079000 0.075800 0.093900 0.086500 0.083200 0.041100 0.023800 0.076100 0.079600 0.080200 0.094000 0.078700 0.097300 0.000000 0.093400 0.086800 0.087100 0.094800 0.076100 0.083000 0.087300 0.082900 0.044500 0.027300 0.083800 0.037800 0.023700 0.076300 0.093700 0.086500 0.080100 0.101800 0.079400 0.097300 0.101200
HarveysDui 0.036200 0.349700 0.074100 0.244200 0.060100 0.043000 0.041100 0.063000 0.077000 0.100300 0.042900 0.049800 0.056600 0.029300 0.085100 0.049500 0.105700 0.094500 0.049500 0.073700 0.052800 0.049600 0.104100 0.093400 0.042900 0.053000 0.060300 0.077300 0.052500 0.076900 0.093400 0.000000 0.109600 0.060100 0.067200 0.066900 0.039500 0.060200 0.042500 0.115200 0.104600 0.056800 0.135200 0.093100 0.060200 0.063300 0.059800 0.067300 0.067000 0.087800 0.080400 0.073600
Pronghorn 0.085400 0.355200 0.103400 0.246100 0.088900 0.085400 0.078100 0.091700 0.098900 0.093700 0.085200 0.078200 0.092500 0.099200 0.103900 0.084800 0.077800 0.074000 0.092100 0.095500 0.095400 0.092200 0.097600 0.086800 0.085200 0.088600 0.089300 0.099200 0.094800 0.098900 0.086800 0.109600 0.000000 0.092500 0.103400 0.085200 0.088700 0.096300 0.091800 0.116100 0.090600 0.092800 0.128600 0.086600 0.085400 0.084900 0.095400 0.081700 0.110700 0.081200 0.109800 0.110000
BlueWildeb 0.029800 0.347200 0.060800 0.265000 0.046900 0.029800 0.029800 0.043100 0.063700 0.094100 0.029700 0.050400 0.016400 0.050000 0.064600 0.029700 0.085100 0.081200 0.043100 0.060400 0.039700 0.036400 0.090700 0.087100 0.029700 0.033100 0.013100 0.064000 0.039500 0.060300 0.087100 0.060100 0.092500 0.000000 0.046900 0.064200 0.033100 0.047000 0.043100 0.101600 0.083700 0.036800 0.125200 0.086900 0.057400 0.046700 0.053500 0.054000 0.060800 0.078100 0.067300 0.067300
Gemsbok 0.036700 0.355800 0.071600 0.252900 0.053800 0.036700 0.036700 0.056900 0.074500 0.101800 0.036600 0.057500 0.050400 0.057100 0.079100 0.029800 0.092600 0.095800 0.050100 0.071200 0.043300 0.043300 0.109600 0.087500 0.036600 0.040000 0.047100 0.074800 0.046400 0.074500 0.094800 0.067200 0.103400 0.046900 0.000000 0.071500 0.040000 0.054100 0.050100 0.109500 0.102500 0.047200 0.137300 0.094600 0.064600 0.053800 0.060700 0.061200 0.061000 0.074800 0.085200 0.078200
Yak 0.046900 0.323900 0.071300 0.247200 0.050300 0.046800 0.046600 0.053200 0.074200 0.083000 0.053700 0.026400 0.067700 0.063700 0.068100 0.053400 0.081500 0.077600 0.046600 0.070900 0.056800 0.060500 0.086800 0.076100 0.053700 0.057000 0.064500 0.074500 0.063300 0.074100 0.076100 0.066900 0.085200 0.064200 0.071500 0.000000 0.057100 0.064300 0.060200 0.097800 0.087200 0.053800 0.117400 0.075900 0.013100 0.067400 0.070900 0.054000 0.064100 0.070900 0.084800 0.070700
BlueSheep 0.009800 0.343300 0.053700 0.234000 0.040000 0.009800 0.023100 0.043000 0.056700 0.089900 0.009800 0.036600 0.036400 0.036400 0.064500 0.029600 0.085000 0.081100 0.036300 0.053400 0.032900 0.016300 0.097500 0.083000 0.009800 0.033100 0.033200 0.057000 0.039400 0.056700 0.083000 0.039500 0.088700 0.033100 0.040000 0.057100 0.000000 0.040000 0.036300 0.097300 0.090600 0.036700 0.124500 0.082800 0.050300 0.043000 0.039800 0.047000 0.053700 0.067300 0.067100 0.060300
BohorReedb 0.036700 0.326300 0.067900 0.265500 0.013200 0.036700 0.029900 0.039700 0.070800 0.094200 0.036600 0.050400 0.050400 0.050100 0.071900 0.036500 0.092400 0.088400 0.050100 0.067500 0.046600 0.043400 0.105600 0.087300 0.036600 0.040000 0.047200 0.071100 0.046300 0.070800 0.087300 0.060200 0.096300 0.047000 0.054100 0.064300 0.040000 0.000000 0.043200 0.109300 0.098600 0.043700 0.121500 0.087100 0.057500 0.050200 0.046800 0.054100 0.060800 0.081700 0.081400 0.074200
KirksDik 0.033000 0.335300 0.063800 0.245500 0.043200 0.033000 0.026200 0.039400 0.066700 0.089800 0.032900 0.046600 0.046500 0.039500 0.060700 0.026100 0.073900 0.070100 0.039500 0.063400 0.036100 0.032900 0.101000 0.082900 0.032900 0.029500 0.043300 0.067000 0.035900 0.066700 0.082900 0.042500 0.091800 0.043100 0.050100 0.060200 0.036300 0.043200 0.000000 0.104600 0.094000 0.033100 0.120500 0.082700 0.053500 0.046300 0.042900 0.050100 0.056800 0.070500 0.077200 0.063400
RoeDeer 0.098000 0.320400 0.109100 0.265600 0.101700 0.098000 0.090500 0.093400 0.111800 0.051400 0.097800 0.090600 0.097800 0.104700 0.102200 0.082700 0.104700 0.100500 0.097400 0.108300 0.093500 0.105000 0.058600 0.041100 0.097800 0.093900 0.102000 0.112200 0.092800 0.111800 0.044500 0.115200 0.116100 0.101600 0.109500 0.097800 0.097300 0.109300 0.104600 0.000000 0.044600 0.098300 0.084500 0.048000 0.098100 0.115600 0.108300 0.102000 0.124200 0.093700 0.115500 0.115800
WhiteLippe 0.083800 0.332600 0.087100 0.248100 0.091100 0.083800 0.080000 0.086500 0.090000 0.034100 0.083600 0.080100 0.076400 0.094100 0.099000 0.079500 0.079600 0.075500 0.083200 0.086600 0.090300 0.090800 0.013400 0.030800 0.083600 0.083400 0.080400 0.090300 0.082400 0.082700 0.027300 0.104600 0.090600 0.083700 0.102500 0.087200 0.090600 0.098600 0.094000 0.044600 0.000000 0.087600 0.066600 0.030700 0.087500 0.090100 0.090300 0.091400 0.113400 0.083200 0.093600 0.093800
ThomsonGaz 0.033400 0.356800 0.050500 0.252700 0.043300 0.033400 0.026300 0.033000 0.053500 0.090700 0.033300 0.047100 0.040200 0.046600 0.054300 0.016400 0.071200 0.070800 0.040000 0.050200 0.029700 0.033200 0.094600 0.083800 0.033300 0.013100 0.036900 0.057100 0.026200 0.053500 0.083800 0.056800 0.092800 0.036800 0.047200 0.053800 0.036700 0.043700 0.033100 0.098300 0.087600 0.000000 0.121900 0.083600 0.054100 0.046900 0.043400 0.050700 0.053900 0.064100 0.063900 0.050100
MuntiacusC 0.117700 0.378500 0.136800 0.266100 0.113700 0.117600 0.109900 0.120400 0.139500 0.044600 0.117400 0.110100 0.113800 0.124400 0.133800 0.113100 0.120800 0.112700 0.113100 0.135900 0.124300 0.121000 0.080900 0.062800 0.117400 0.117200 0.118200 0.136100 0.115800 0.139400 0.037800 0.135200 0.128600 0.125200 0.137300 0.117400 0.124500 0.121500 0.120500 0.084500 0.066600 0.121900 0.000000 0.062700 0.117700 0.135700 0.124300 0.121900 0.144600 0.117000 0.139400 0.139800
WhiteTaile 0.076100 0.332000 0.094300 0.238700 0.079700 0.076100 0.068800 0.082600 0.097100 0.030500 0.075900 0.068900 0.076000 0.082800 0.094800 0.075600 0.082800 0.078800 0.075600 0.093700 0.086300 0.083000 0.037500 0.006700 0.075900 0.079400 0.080100 0.097400 0.078500 0.097100 0.023700 0.093100 0.086600 0.086900 0.094600 0.075900 0.082800 0.087100 0.082700 0.048000 0.030700 0.083600 0.062700 0.000000 0.076200 0.093500 0.086300 0.080000 0.101700 0.079200 0.100700 0.101000
Cattle 0.040100 0.314900 0.064400 0.248000 0.043600 0.040100 0.039900 0.053400 0.067300 0.083200 0.046900 0.019700 0.060900 0.056900 0.064700 0.046700 0.081600 0.077800 0.046700 0.064000 0.056900 0.053700 0.087000 0.076400 0.046900 0.050300 0.057600 0.067600 0.056600 0.067300 0.076300 0.060200 0.085400 0.057400 0.064600 0.013100 0.050300 0.057500 0.053500 0.098100 0.087500 0.054100 0.117700 0.076200 0.000000 0.060600 0.064100 0.050600 0.057200 0.071000 0.077900 0.063900
RoyalAntel 0.039900 0.331200 0.064000 0.246300 0.050200 0.039900 0.033100 0.053100 0.066900 0.100600 0.039800 0.053600 0.053600 0.053300 0.075000 0.039600 0.088300 0.084400 0.053300 0.063600 0.049700 0.046500 0.097100 0.093700 0.039800 0.036300 0.050300 0.067200 0.049400 0.059900 0.093700 0.063300 0.084900 0.046700 0.053800 0.067400 0.043000 0.050200 0.046300 0.115600 0.090100 0.046900 0.135700 0.093500 0.060600 0.000000 0.049900 0.057200 0.064000 0.077700 0.077400 0.070500
Steenbok 0.043300 0.347600 0.060500 0.250600 0.046700 0.043300 0.036400 0.049600 0.063400 0.093400 0.043200 0.050100 0.057000 0.049800 0.064400 0.036200 0.070400 0.066700 0.049800 0.060100 0.046300 0.036400 0.097200 0.086500 0.043200 0.039700 0.053800 0.063600 0.046000 0.063400 0.086500 0.059800 0.095400 0.053500 0.060700 0.070900 0.039800 0.046800 0.042900 0.108300 0.090300 0.043400 0.124300 0.086300 0.064100 0.049900 0.000000 0.053800 0.063900 0.073900 0.073900 0.060100
Impala 0.043700 0.356800 0.068100 0.239000 0.047100 0.043600 0.036700 0.056900 0.071000 0.087100 0.043500 0.043600 0.057500 0.057100 0.050700 0.043400 0.078300 0.074500 0.057200 0.067700 0.050200 0.043500 0.098400 0.080200 0.043500 0.046900 0.054200 0.071300 0.053200 0.071000 0.080100 0.067300 0.081700 0.054000 0.061200 0.054000 0.047000 0.054100 0.050100 0.102000 0.091400 0.050700 0.121900 0.080000 0.050600 0.057200 0.053800 0.000000 0.068100 0.074800 0.081600 0.074700
Klipspring 0.043300 0.344100 0.078500 0.256400 0.053700 0.043500 0.040000 0.056700 0.081400 0.108900 0.050300 0.050300 0.064300 0.060400 0.078800 0.043200 0.099500 0.102700 0.050000 0.078100 0.060300 0.057100 0.112800 0.101900 0.050300 0.046700 0.061100 0.081700 0.053100 0.081300 0.101800 0.067000 0.110700 0.060800 0.061000 0.064100 0.053700 0.060800 0.056800 0.124200 0.113400 0.053900 0.144600 0.101700 0.057200 0.064000 0.063900 0.068100 0.000000 0.092300 0.092100 0.077700
ForestMusk 0.064000 0.334500 0.081400 0.255500 0.074200 0.064000 0.063900 0.070400 0.084300 0.086300 0.063900 0.064000 0.085100 0.084700 0.074800 0.053200 0.074100 0.073700 0.070600 0.081000 0.053200 0.063800 0.090100 0.072200 0.063900 0.063800 0.081900 0.088100 0.070000 0.077200 0.079400 0.087800 0.081200 0.078100 0.074800 0.070900 0.067300 0.081700 0.070500 0.093700 0.083200 0.064100 0.117000 0.079200 0.071000 0.077700 0.073900 0.074800 0.092300 0.000000 0.095000 0.080900
Bushbuck 0.070800 0.363100 0.026300 0.253600 0.081100 0.070800 0.063700 0.077100 0.016100 0.104200 0.070600 0.063800 0.070700 0.070300 0.088800 0.059900 0.095100 0.094700 0.077300 0.012900 0.073700 0.070600 0.100500 0.101000 0.070600 0.063500 0.074500 0.012900 0.062900 0.022600 0.097300 0.080400 0.109800 0.067300 0.085200 0.084800 0.067100 0.081400 0.077200 0.115500 0.093600 0.063900 0.139400 0.100700 0.077900 0.077400 0.073900 0.081600 0.092100 0.095000 0.000000 0.032700
GreaterKud 0.056900 0.358800 0.019700 0.232300 0.073800 0.063900 0.056900 0.063300 0.022800 0.108200 0.063800 0.050000 0.070800 0.070500 0.074700 0.046300 0.081000 0.080600 0.063500 0.019500 0.059900 0.056800 0.093400 0.101200 0.063800 0.049900 0.067600 0.026200 0.056100 0.022800 0.101200 0.073600 0.110000 0.067300 0.078200 0.070700 0.060300 0.074200 0.063400 0.115800 0.093800 0.050100 0.139800 0.101000 0.063900 0.070500 0.060100 0.074700 0.077700 0.080900 0.032700 0.000000
