1
52 1
Argali 0.000000 0.103300 0.049100 0.197800 0.099700 0.000000 0.074900 0.102800 0.049100 0.130200 0.049100 0.073100 0.048500 0.049100 0.125700 0.074900 0.129400 0.076300 0.049100 0.049100 0.153000 0.023800 0.130200 0.130200 0.049100 0.074900 0.073200 0.049100 0.075100 0.049100 0.130200 0.073800 0.213600 0.049100 0.049100 0.049200 0.049100 0.125700 0.154700 0.160900 0.161300 0.074900 0.130200 0.130200 0.049100 0.074800 0.126700 0.125000 0.099200 0.101900 0.049100 0.049100
LesserMous 0.103300 0.000000 0.077100 0.075400 0.102500 0.103300 0.076900 0.105800 0.077100 0.105800 0.077100 0.102700 0.104200 0.077100 0.129400 0.076900 0.162900 0.107200 0.077100 0.077100 0.157200 0.076300 0.105800 0.105800 0.077100 0.076900 0.131000 0.077100 0.076900 0.077100 0.105800 0.103100 0.219900 0.077100 0.076900 0.077100 0.077100 0.129400 0.159400 0.136200 0.136500 0.076900 0.105800 0.105800 0.077100 0.104500 0.130100 0.128500 0.125900 0.050700 0.077100 0.077100
LesserKudu 0.049100 0.077100 0.000000 0.168900 0.049000 0.049100 0.024600 0.050600 0.000000 0.076700 0.000000 0.022900 0.049700 0.000000 0.074100 0.024600 0.131400 0.077700 0.000000 0.000000 0.099800 0.024300 0.076000 0.076700 0.000000 0.024600 0.074800 0.000000 0.024600 0.000000 0.076700 0.023100 0.156600 0.000000 0.000100 0.000000 0.000000 0.074100 0.101200 0.105400 0.105700 0.024600 0.076700 0.076700 0.000000 0.024600 0.074500 0.073600 0.074100 0.050100 0.000000 0.000000
KillerWhal 0.197800 0.075400 0.168900 0.000000 0.196200 0.197800 0.167900 0.202400 0.168900 0.135400 0.168900 0.197300 0.201300 0.168900 0.227000 0.167900 0.266300 0.204600 0.168900 0.168900 0.257700 0.167200 0.135400 0.135400 0.168900 0.167900 0.231900 0.168900 0.167900 0.168900 0.135400 0.198100 0.334700 0.168900 0.168100 0.168900 0.168900 0.227000 0.263000 0.167300 0.167600 0.167900 0.135400 0.135400 0.168900 0.199600 0.227300 0.225600 0.221400 0.138200 0.168900 0.168900
DefassaWat 0.099700 0.102500 0.049000 0.196200 0.000000 0.099700 0.024000 0.049300 0.049000 0.129700 0.049000 0.073400 0.100400 0.049000 0.072300 0.024000 0.130200 0.131700 0.049000 0.049000 0.047700 0.073700 0.129700 0.129700 0.049000 0.024000 0.126100 0.049000 0.024000 0.049000 0.129700 0.073600 0.099100 0.049000 0.049000 0.049000 0.049000 0.023500 0.048000 0.160200 0.160700 0.024000 0.129700 0.129700 0.049000 0.074700 0.023700 0.023400 0.073200 0.048800 0.049000 0.049000
Sheep 0.000000 0.103300 0.049100 0.197800 0.099700 0.000000 0.074900 0.102800 0.049100 0.130200 0.049100 0.073600 0.048600 0.049100 0.125700 0.074900 0.129400 0.076300 0.049100 0.049100 0.153000 0.023800 0.130200 0.130200 0.049100 0.074900 0.073200 0.049100 0.074900 0.049100 0.130200 0.073800 0.213600 0.049100 0.049100 0.049100 0.049000 0.125700 0.154700 0.160900 0.161300 0.074900 0.130200 0.130200 0.049100 0.074800 0.126700 0.125000 0.099200 0.101900 0.049100 0.049100
MaxwellsDu 0.074900 0.076900 0.024600 0.167900 0.024000 0.074900 0.000000 0.024700 0.024600 0.103900 0.024600 0.049000 0.075400 0.024600 0.048300 0.000000 0.161200 0.105700 0.024600 0.024600 0.073300 0.049200 0.103900 0.103900 0.023000 0.000000 0.101000 0.024600 0.000000 0.024600 0.103900 0.049100 0.127400 0.024600 0.024600 0.024600 0.024600 0.048300 0.073500 0.133900 0.134400 0.000000 0.103900 0.103900 0.024600 0.049900 0.048700 0.048000 0.100300 0.024500 0.024600 0.024600
GazellaPrz 0.102800 0.105800 0.050600 0.202400 0.049300 0.102800 0.024700 0.000000 0.050600 0.134000 0.050600 0.075600 0.103500 0.050600 0.074500 0.024700 0.194400 0.136600 0.050600 0.050600 0.100400 0.075900 0.134000 0.134000 0.050600 0.024700 0.129900 0.050600 0.024700 0.050600 0.134000 0.075800 0.157600 0.050600 0.050600 0.050600 0.050600 0.074500 0.101800 0.166200 0.166800 0.023900 0.134000 0.134000 0.050600 0.077200 0.075100 0.073900 0.129100 0.050400 0.050600 0.050600
MountainNy 0.049100 0.077100 0.000000 0.168900 0.049000 0.049100 0.024600 0.050600 0.000000 0.076700 0.000000 0.024200 0.049700 0.000000 0.074100 0.024600 0.131400 0.077700 0.000000 0.000000 0.099800 0.024300 0.076700 0.076700 0.000000 0.024600 0.074800 0.000000 0.024600 0.000000 0.076700 0.024200 0.156600 0.000000 0.000100 0.000000 0.000000 0.074100 0.101200 0.105400 0.105700 0.024600 0.076700 0.076700 0.000000 0.024600 0.074500 0.073600 0.074100 0.050100 0.000000 0.000000
MuntiacusM 0.130200 0.105800 0.076700 0.135400 0.129700 0.130200 0.103900 0.134000 0.076700 0.000000 0.076700 0.102100 0.131300 0.076700 0.157200 0.103900 0.105100 0.106400 0.076700 0.076700 0.185900 0.102600 0.000000 0.000000 0.076700 0.103900 0.158300 0.076700 0.103900 0.076700 0.000000 0.102400 0.251300 0.076700 0.076700 0.076700 0.076700 0.157200 0.188300 0.024700 0.024800 0.103900 0.000000 0.000000 0.076700 0.103900 0.158400 0.156100 0.157700 0.077100 0.076700 0.076700
goat 0.049100 0.077100 0.000000 0.168900 0.049000 0.049100 0.024600 0.050600 0.000000 0.076700 0.000000 0.024200 0.049700 0.000000 0.074100 0.024600 0.131400 0.077700 0.000000 0.000000 0.099800 0.024300 0.076700 0.076700 0.000000 0.024600 0.074800 0.000000 0.024600 0.000000 0.076700 0.024200 0.156600 0.000000 0.000100 0.000000 0.000000 0.074100 0.101200 0.105400 0.105700 0.024600 0.076700 0.076700 0.000000 0.024600 0.074500 0.073600 0.074100 0.050100 0.000000 0.000000
AfricanBuf 0.073100 0.102700 0.022900 0.197300 0.073400 0.073600 0.049000 0.075600 0.024200 0.102100 0.024200 0.000000 0.074400 0.024200 0.098700 0.049000 0.157500 0.102900 0.024200 0.024200 0.124800 0.048400 0.102100 0.102100 0.024200 0.049000 0.099700 0.024200 0.049000 0.024200 0.102100 0.048400 0.182700 0.024200 0.024100 0.024200 0.023300 0.098700 0.126300 0.131300 0.131700 0.049000 0.102100 0.102100 0.024200 0.049000 0.099200 0.098400 0.098900 0.074900 0.024200 0.024200
Topi 0.048500 0.104200 0.049700 0.201300 0.100400 0.048600 0.075400 0.103500 0.049700 0.131300 0.049700 0.074400 0.000000 0.049700 0.126600 0.075400 0.188800 0.132700 0.049700 0.049700 0.153500 0.024000 0.131300 0.131300 0.049700 0.075400 0.024000 0.049700 0.075400 0.049700 0.131300 0.074600 0.155000 0.049700 0.049700 0.049700 0.049700 0.126600 0.155800 0.162300 0.162700 0.075400 0.131300 0.131300 0.049700 0.075400 0.127100 0.125900 0.100300 0.102600 0.049700 0.049700
CommonDuik 0.049100 0.077100 0.000000 0.168900 0.049000 0.049100 0.024600 0.050600 0.000000 0.076700 0.000000 0.024200 0.049700 0.000000 0.074100 0.024600 0.131400 0.077700 0.000000 0.000000 0.099800 0.023400 0.076700 0.076700 0.000000 0.024600 0.075100 0.000000 0.024600 0.000000 0.076700 0.024200 0.156600 0.000000 0.000100 0.000000 0.000000 0.074100 0.101200 0.105400 0.105700 0.024600 0.076700 0.076700 0.000000 0.024600 0.074500 0.073600 0.074100 0.050100 0.000000 0.000000
Suni 0.125700 0.129400 0.074100 0.227000 0.072300 0.125700 0.048300 0.074500 0.074100 0.157200 0.074100 0.098700 0.126600 0.074100 0.000000 0.048300 0.217000 0.159700 0.074100 0.074100 0.123300 0.099200 0.157200 0.157200 0.074100 0.048300 0.152700 0.074100 0.048300 0.074100 0.157200 0.098900 0.124600 0.074100 0.074100 0.074100 0.074100 0.047300 0.124500 0.188700 0.189400 0.048300 0.157200 0.157200 0.074100 0.100400 0.098000 0.096700 0.098200 0.073900 0.074100 0.074100
Springbuck 0.074900 0.076900 0.024600 0.167900 0.024000 0.074900 0.000000 0.024700 0.024600 0.103900 0.024600 0.049000 0.075400 0.024600 0.048300 0.000000 0.161200 0.105700 0.024600 0.024600 0.073600 0.049200 0.103900 0.103900 0.022900 0.000000 0.101000 0.024600 0.000000 0.024600 0.103900 0.049100 0.127400 0.024600 0.024600 0.024600 0.024600 0.048300 0.074100 0.134300 0.134400 0.000000 0.103900 0.103900 0.024600 0.049900 0.048700 0.048000 0.100300 0.024500 0.024600 0.024600
Okapi 0.129400 0.162900 0.131400 0.266300 0.130200 0.129400 0.161200 0.194400 0.131400 0.105100 0.131400 0.157500 0.188800 0.131400 0.217000 0.161200 0.000000 0.049900 0.131400 0.131400 0.157300 0.158300 0.105100 0.105100 0.131400 0.161200 0.216600 0.131400 0.161200 0.131400 0.105100 0.158000 0.219200 0.131400 0.130900 0.131400 0.131400 0.157800 0.189100 0.135300 0.135600 0.161200 0.105100 0.105100 0.131400 0.131400 0.159700 0.156700 0.156500 0.132900 0.131400 0.131400
Giraffe 0.076300 0.107200 0.077700 0.204600 0.131700 0.076300 0.105700 0.136600 0.077700 0.106400 0.077700 0.102900 0.132700 0.077700 0.159700 0.105700 0.049900 0.000000 0.077700 0.077700 0.158400 0.103800 0.106400 0.106400 0.077700 0.105700 0.160000 0.077700 0.105700 0.077700 0.106400 0.103700 0.222200 0.077700 0.077700 0.077700 0.077700 0.159700 0.191400 0.137400 0.137800 0.105700 0.106400 0.106400 0.077700 0.077600 0.161200 0.158300 0.159400 0.078300 0.077700 0.077700
TibetanAnt 0.049100 0.077100 0.000000 0.168900 0.049000 0.049100 0.024600 0.050600 0.000000 0.076700 0.000000 0.024200 0.049700 0.000000 0.074100 0.024600 0.131400 0.077700 0.000000 0.000000 0.099800 0.024300 0.076700 0.076700 0.000000 0.024600 0.074800 0.000000 0.024600 0.000000 0.076700 0.024200 0.156600 0.000000 0.000100 0.000000 0.000000 0.074100 0.101200 0.105400 0.105700 0.024600 0.076700 0.076700 0.000000 0.024600 0.074500 0.073600 0.074100 0.050100 0.000000 0.000000
Sitatunga 0.049100 0.077100 0.000000 0.168900 0.049000 0.049100 0.024600 0.050600 0.000000 0.076700 0.000000 0.024200 0.049700 0.000000 0.074100 0.024600 0.131400 0.077700 0.000000 0.000000 0.099800 0.024300 0.076700 0.076700 0.000000 0.024600 0.074800 0.000000 0.024600 0.000000 0.076700 0.024200 0.156600 0.000000 0.000100 0.000000 0.000000 0.074100 0.101200 0.105400 0.105700 0.024600 0.076700 0.076700 0.000000 0.024600 0.074500 0.073600 0.074100 0.050100 0.000000 0.000000
Oribi 0.153000 0.157200 0.099800 0.257700 0.047700 0.153000 0.073300 0.100400 0.099800 0.185900 0.099800 0.124800 0.153500 0.099800 0.123300 0.073600 0.157300 0.158400 0.099800 0.099800 0.000000 0.125300 0.185900 0.185900 0.099800 0.073500 0.179800 0.099800 0.073300 0.099800 0.185900 0.125100 0.097900 0.099800 0.099700 0.099800 0.099800 0.072100 0.098300 0.218300 0.218800 0.073300 0.185900 0.185900 0.099800 0.073400 0.072700 0.071800 0.124800 0.099800 0.099800 0.099800
BarbaryShe 0.023800 0.076300 0.024300 0.167200 0.073700 0.023800 0.049200 0.075900 0.024300 0.102600 0.024300 0.048400 0.024000 0.023400 0.099200 0.049200 0.158300 0.103800 0.024300 0.024300 0.125300 0.000000 0.102600 0.101500 0.024300 0.049200 0.048300 0.024300 0.049200 0.024300 0.102600 0.048600 0.183600 0.024300 0.024300 0.024300 0.024300 0.099100 0.126900 0.131900 0.132300 0.049200 0.102600 0.102600 0.024300 0.049200 0.099600 0.098500 0.073500 0.075300 0.024300 0.024300
Daviddeer 0.130200 0.105800 0.076000 0.135400 0.129700 0.130200 0.103900 0.134000 0.076700 0.000000 0.076700 0.102100 0.131300 0.076700 0.157200 0.103900 0.105100 0.106400 0.076700 0.076700 0.185900 0.102600 0.000000 0.000000 0.076700 0.103900 0.158300 0.076700 0.103900 0.076700 0.000000 0.102400 0.251300 0.076700 0.076700 0.076700 0.077100 0.157200 0.188300 0.024700 0.024800 0.103900 0.000000 0.000000 0.076700 0.103900 0.158400 0.156100 0.157700 0.077100 0.076700 0.076700
Reindeer 0.130200 0.105800 0.076700 0.135400 0.129700 0.130200 0.103900 0.134000 0.076700 0.000000 0.076700 0.102100 0.131300 0.076700 0.157200 0.103900 0.105100 0.106400 0.076700 0.076700 0.185900 0.101500 0.000000 0.000000 0.076700 0.103900 0.158300 0.076700 0.103900 0.076700 0.000000 0.102400 0.251300 0.076700 0.076700 0.076700 0.076700 0.157200 0.188300 0.024700 0.024800 0.103900 0.000000 0.000000 0.076700 0.103900 0.158400 0.156100 0.157700 0.077100 0.076700 0.076700
Ibex 0.049100 0.077100 0.000000 0.168900 0.049000 0.049100 0.023000 0.050600 0.000000 0.076700 0.000000 0.024200 0.049700 0.000000 0.074100 0.022900 0.131400 0.077700 0.000000 0.000000 0.099800 0.024300 0.076700 0.076700 0.000000 0.024500 0.074800 0.000000 0.024600 0.000000 0.076700 0.024200 0.156600 0.000000 0.000100 0.000000 0.000000 0.074100 0.101200 0.105400 0.105700 0.024600 0.076700 0.076700 0.000000 0.024600 0.074500 0.073600 0.074100 0.050100 0.000000 0.000000
GyrantGaze 0.074900 0.076900 0.024600 0.167900 0.024000 0.074900 0.000000 0.024700 0.024600 0.103900 0.024600 0.049000 0.075400 0.024600 0.048300 0.000000 0.161200 0.105700 0.024600 0.024600 0.073500 0.049200 0.103900 0.103900 0.024500 0.000000 0.101000 0.024600 0.000000 0.024600 0.103900 0.049100 0.127400 0.024600 0.024600 0.024600 0.024600 0.048300 0.074100 0.133900 0.134400 0.000000 0.103900 0.103900 0.024600 0.049900 0.048700 0.047900 0.100300 0.023700 0.024600 0.024600
Hartebeest 0.073200 0.131000 0.074800 0.231900 0.126100 0.073200 0.101000 0.129900 0.074800 0.158300 0.074800 0.099700 0.024000 0.075100 0.152700 0.101000 0.216600 0.160000 0.074800 0.074800 0.179800 0.048300 0.158300 0.158300 0.074800 0.101000 0.000000 0.074800 0.101000 0.074800 0.158300 0.100000 0.181600 0.074800 0.074800 0.074800 0.074800 0.152700 0.182700 0.190100 0.190600 0.101000 0.158300 0.158300 0.074800 0.100900 0.153200 0.151900 0.126100 0.128800 0.074800 0.074800
Bongo 0.049100 0.077100 0.000000 0.168900 0.049000 0.049100 0.024600 0.050600 0.000000 0.076700 0.000000 0.024200 0.049700 0.000000 0.074100 0.024600 0.131400 0.077700 0.000000 0.000000 0.099800 0.024300 0.076700 0.076700 0.000000 0.024600 0.074800 0.000000 0.024600 0.000000 0.076700 0.024200 0.156600 0.000000 0.000100 0.000000 0.000000 0.074100 0.101200 0.105400 0.105700 0.024600 0.076700 0.076700 0.000000 0.024600 0.074500 0.073600 0.074100 0.050100 0.000000 0.000000
Gerenuk 0.075100 0.076900 0.024600 0.167900 0.024000 0.074900 0.000000 0.024700 0.024600 0.103900 0.024600 0.049000 0.075400 0.024600 0.048300 0.000000 0.161200 0.105700 0.024600 0.024600 0.073300 0.049200 0.103900 0.103900 0.024600 0.000000 0.101000 0.024600 0.000000 0.024600 0.103900 0.049100 0.127400 0.024600 0.024600 0.024600 0.024600 0.048300 0.074100 0.133900 0.134400 0.000000 0.103900 0.103900 0.024600 0.049900 0.048700 0.048000 0.100300 0.024500 0.024600 0.024600
CommonElan 0.049100 0.077100 0.000000 0.168900 0.049000 0.049100 0.024600 0.050600 0.000000 0.076700 0.000000 0.024200 0.049700 0.000000 0.074100 0.024600 0.131400 0.077700 0.000000 0.000000 0.099800 0.024300 0.076700 0.076700 0.000000 0.024600 0.074800 0.000000 0.024600 0.000000 0.076700 0.024200 0.156600 0.000000 0.000100 0.000000 0.000000 0.074100 0.101200 0.105400 0.105700 0.024600 0.076700 0.076700 0.000000 0.024600 0.074500 0.073600 0.074100 0.050100 0.000000 0.000000
MuntiacusR 0.130200 0.105800 0.076700 0.135400 0.129700 0.130200 0.103900 0.134000 0.076700 0.000000 0.076700 0.102100 0.131300 0.076700 0.157200 0.103900 0.105100 0.106400 0.076700 0.076700 0.185900 0.102600 0.000000 0.000000 0.076700 0.103900 0.158300 0.076700 0.103900 0.076700 0.000000 0.102400 0.251300 0.076700 0.076700 0.076700 0.076700 0.157200 0.188300 0.023200 0.024800 0.103900 0.000000 0.000000 0.076700 0.103900 0.158400 0.156100 0.157700 0.077100 0.076700 0.076700
HarveysDui 0.073800 0.103100 0.023100 0.198100 0.073600 0.073800 0.049100 0.075800 0.024200 0.102400 0.024200 0.048400 0.074600 0.024200 0.098900 0.049100 0.158000 0.103700 0.024200 0.024200 0.125100 0.048600 0.102400 0.102400 0.024200 0.049100 0.100000 0.024200 0.049100 0.024200 0.102400 0.000000 0.183300 0.024200 0.024200 0.024200 0.024200 0.098900 0.126700 0.131800 0.132100 0.049100 0.102400 0.102400 0.023700 0.049100 0.099500 0.098300 0.099200 0.075100 0.024200 0.024200
Pronghorn 0.213600 0.219900 0.156600 0.334700 0.099100 0.213600 0.127400 0.157600 0.156600 0.251300 0.156600 0.182700 0.155000 0.156600 0.124600 0.127400 0.219200 0.222200 0.156600 0.156600 0.097900 0.183600 0.251300 0.251300 0.156600 0.127400 0.181600 0.156600 0.127400 0.156600 0.251300 0.183300 0.000000 0.156600 0.156100 0.156600 0.156600 0.072800 0.153400 0.287900 0.288600 0.127400 0.251300 0.251300 0.156600 0.127500 0.126100 0.124500 0.125900 0.156600 0.156600 0.156600
BlueWildeb 0.049100 0.077100 0.000000 0.168900 0.049000 0.049100 0.024600 0.050600 0.000000 0.076700 0.000000 0.024200 0.049700 0.000000 0.074100 0.024600 0.131400 0.077700 0.000000 0.000000 0.099800 0.024300 0.076700 0.076700 0.000000 0.024600 0.074800 0.000000 0.024600 0.000000 0.076700 0.024200 0.156600 0.000000 0.000100 0.000000 0.000000 0.074100 0.101200 0.105400 0.105700 0.024600 0.076700 0.076700 0.000000 0.024600 0.074500 0.073600 0.074100 0.050100 0.000000 0.000000
Gemsbok 0.049100 0.076900 0.000100 0.168100 0.049000 0.049100 0.024600 0.050600 0.000100 0.076700 0.000100 0.024100 0.049700 0.000100 0.074100 0.024600 0.130900 0.077700 0.000100 0.000100 0.099700 0.024300 0.076700 0.076700 0.000100 0.024600 0.074800 0.000100 0.024600 0.000100 0.076700 0.024200 0.156100 0.000100 0.000000 0.000100 0.000100 0.074100 0.101200 0.105300 0.105700 0.024600 0.076700 0.076700 0.000100 0.024600 0.074500 0.073600 0.073900 0.050100 0.000100 0.000100
Yak 0.049200 0.077100 0.000000 0.168900 0.049000 0.049100 0.024600 0.050600 0.000000 0.076700 0.000000 0.024200 0.049700 0.000000 0.074100 0.024600 0.131400 0.077700 0.000000 0.000000 0.099800 0.024300 0.076700 0.076700 0.000000 0.024600 0.074800 0.000000 0.024600 0.000000 0.076700 0.024200 0.156600 0.000000 0.000100 0.000000 0.000000 0.074100 0.101200 0.105400 0.105700 0.024600 0.076700 0.076700 0.000000 0.024600 0.074500 0.073600 0.074100 0.050100 0.000000 0.000000
BlueSheep 0.049100 0.077100 0.000000 0.168900 0.049000 0.049000 0.024600 0.050600 0.000000 0.076700 0.000000 0.023300 0.049700 0.000000 0.074100 0.024600 0.131400 0.077700 0.000000 0.000000 0.099800 0.024300 0.077100 0.076700 0.000000 0.024600 0.074800 0.000000 0.024600 0.000000 0.076700 0.024200 0.156600 0.000000 0.000100 0.000000 0.000000 0.074100 0.101200 0.105400 0.105700 0.024600 0.076700 0.076700 0.000000 0.024600 0.074500 0.073600 0.074100 0.050100 0.000000 0.000000
BohorReedb 0.125700 0.129400 0.074100 0.227000 0.023500 0.125700 0.048300 0.074500 0.074100 0.157200 0.074100 0.098700 0.126600 0.074100 0.047300 0.048300 0.157800 0.159700 0.074100 0.074100 0.072100 0.099100 0.157200 0.157200 0.074100 0.048300 0.152700 0.074100 0.048300 0.074100 0.157200 0.098900 0.072800 0.074100 0.074100 0.074100 0.074100 0.000000 0.072600 0.188700 0.189400 0.048300 0.157200 0.157200 0.074100 0.100400 0.047700 0.047100 0.047800 0.073900 0.074100 0.074100
KirksDik 0.154700 0.159400 0.101200 0.263000 0.048000 0.154700 0.073500 0.101800 0.101200 0.188300 0.101200 0.126300 0.155800 0.101200 0.124500 0.074100 0.189100 0.191400 0.101200 0.101200 0.098300 0.126900 0.188300 0.188300 0.101200 0.074100 0.182700 0.101200 0.074100 0.101200 0.188300 0.126700 0.153400 0.101200 0.101200 0.101200 0.101200 0.072600 0.000000 0.221900 0.222400 0.074100 0.188300 0.188300 0.101200 0.128600 0.073200 0.072300 0.126000 0.100900 0.101200 0.101200
RoeDeer 0.160900 0.136200 0.105400 0.167300 0.160200 0.160900 0.133900 0.166200 0.105400 0.024700 0.105400 0.131300 0.162300 0.105400 0.188700 0.134300 0.135300 0.137400 0.105400 0.105400 0.218300 0.131900 0.024700 0.024700 0.105400 0.133900 0.190100 0.105400 0.133900 0.105400 0.023200 0.131800 0.287900 0.105400 0.105300 0.105400 0.105400 0.188700 0.221900 0.000000 0.051100 0.133900 0.024700 0.024700 0.105400 0.133900 0.190400 0.187300 0.189100 0.106000 0.105400 0.105400
WhiteLippe 0.161300 0.136500 0.105700 0.167600 0.160700 0.161300 0.134400 0.166800 0.105700 0.024800 0.105700 0.131700 0.162700 0.105700 0.189400 0.134400 0.135600 0.137800 0.105700 0.105700 0.218800 0.132300 0.024800 0.024800 0.105700 0.134400 0.190600 0.105700 0.134400 0.105700 0.024800 0.132100 0.288600 0.105700 0.105700 0.105700 0.105700 0.189400 0.222400 0.051100 0.000000 0.134400 0.024800 0.024800 0.105700 0.134300 0.190800 0.187700 0.189800 0.106300 0.105700 0.105700
ThomsonGaz 0.074900 0.076900 0.024600 0.167900 0.024000 0.074900 0.000000 0.023900 0.024600 0.103900 0.024600 0.049000 0.075400 0.024600 0.048300 0.000000 0.161200 0.105700 0.024600 0.024600 0.073300 0.049200 0.103900 0.103900 0.024600 0.000000 0.101000 0.024600 0.000000 0.024600 0.103900 0.049100 0.127400 0.024600 0.024600 0.024600 0.024600 0.048300 0.074100 0.133900 0.134400 0.000000 0.103900 0.103900 0.024600 0.049900 0.048700 0.048000 0.100300 0.024500 0.024600 0.024600
MuntiacusC 0.130200 0.105800 0.076700 0.135400 0.129700 0.130200 0.103900 0.134000 0.076700 0.000000 0.076700 0.102100 0.131300 0.076700 0.157200 0.103900 0.105100 0.106400 0.076700 0.076700 0.185900 0.102600 0.000000 0.000000 0.076700 0.103900 0.158300 0.076700 0.103900 0.076700 0.000000 0.102400 0.251300 0.076700 0.076700 0.076700 0.076700 0.157200 0.188300 0.024700 0.024800 0.103900 0.000000 0.000000 0.076700 0.103900 0.158400 0.156100 0.157700 0.077100 0.076700 0.076700
WhiteTaile 0.130200 0.105800 0.076700 0.135400 0.129700 0.130200 0.103900 0.134000 0.076700 0.000000 0.076700 0.102100 0.131300 0.076700 0.157200 0.103900 0.105100 0.106400 0.076700 0.076700 0.185900 0.102600 0.000000 0.000000 0.076700 0.103900 0.158300 0.076700 0.103900 0.076700 0.000000 0.102400 0.251300 0.076700 0.076700 0.076700 0.076700 0.157200 0.188300 0.024700 0.024800 0.103900 0.000000 0.000000 0.076700 0.103900 0.158400 0.156100 0.157700 0.077100 0.076700 0.076700
Cattle 0.049100 0.077100 0.000000 0.168900 0.049000 0.049100 0.024600 0.050600 0.000000 0.076700 0.000000 0.024200 0.049700 0.000000 0.074100 0.024600 0.131400 0.077700 0.000000 0.000000 0.099800 0.024300 0.076700 0.076700 0.000000 0.024600 0.074800 0.000000 0.024600 0.000000 0.076700 0.023700 0.156600 0.000000 0.000100 0.000000 0.000000 0.074100 0.101200 0.105400 0.105700 0.024600 0.076700 0.076700 0.000000 0.024600 0.074500 0.073600 0.074100 0.050100 0.000000 0.000000
RoyalAntel 0.074800 0.104500 0.024600 0.199600 0.074700 0.074800 0.049900 0.077200 0.024600 0.103900 0.024600 0.049000 0.075400 0.024600 0.100400 0.049900 0.131400 0.077600 0.024600 0.024600 0.073400 0.049200 0.103900 0.103900 0.024600 0.049900 0.100900 0.024600 0.049900 0.024600 0.103900 0.049100 0.127500 0.024600 0.024600 0.024600 0.024600 0.100400 0.128600 0.133900 0.134300 0.049900 0.103900 0.103900 0.024600 0.000000 0.101200 0.099700 0.100300 0.076400 0.024600 0.024600
Steenbok 0.126700 0.130100 0.074500 0.227300 0.023700 0.126700 0.048700 0.075100 0.074500 0.158400 0.074500 0.099200 0.127100 0.074500 0.098000 0.048700 0.159700 0.161200 0.074500 0.074500 0.072700 0.099600 0.158400 0.158400 0.074500 0.048700 0.153200 0.074500 0.048700 0.074500 0.158400 0.099500 0.126100 0.074500 0.074500 0.074500 0.074500 0.047700 0.073200 0.190400 0.190800 0.048700 0.158400 0.158400 0.074500 0.101200 0.000000 0.047400 0.099000 0.074400 0.074500 0.074500
Impala 0.125000 0.128500 0.073600 0.225600 0.023400 0.125000 0.048000 0.073900 0.073600 0.156100 0.073600 0.098400 0.125900 0.073600 0.096700 0.048000 0.156700 0.158300 0.073600 0.073600 0.071800 0.098500 0.156100 0.156100 0.073600 0.047900 0.151900 0.073600 0.048000 0.073600 0.156100 0.098300 0.124500 0.073600 0.073600 0.073600 0.073600 0.047100 0.072300 0.187300 0.187700 0.048000 0.156100 0.156100 0.073600 0.099700 0.047400 0.000000 0.098100 0.073300 0.073600 0.073600
Klipspring 0.099200 0.125900 0.074100 0.221400 0.073200 0.099200 0.100300 0.129100 0.074100 0.157700 0.074100 0.098900 0.100300 0.074100 0.098200 0.100300 0.156500 0.159400 0.074100 0.074100 0.124800 0.073500 0.157700 0.157700 0.074100 0.100300 0.126100 0.074100 0.100300 0.074100 0.157700 0.099200 0.125900 0.074100 0.073900 0.074100 0.074100 0.047800 0.126000 0.189100 0.189800 0.100300 0.157700 0.157700 0.074100 0.100300 0.099000 0.098100 0.000000 0.128200 0.074100 0.074100
ForestMusk 0.101900 0.050700 0.050100 0.138200 0.048800 0.101900 0.024500 0.050400 0.050100 0.077100 0.050100 0.074900 0.102600 0.050100 0.073900 0.024500 0.132900 0.078300 0.050100 0.050100 0.099800 0.075300 0.077100 0.077100 0.050100 0.023700 0.128800 0.050100 0.024500 0.050100 0.077100 0.075100 0.156600 0.050100 0.050100 0.050100 0.050100 0.073900 0.100900 0.106000 0.106300 0.024500 0.077100 0.077100 0.050100 0.076400 0.074400 0.073300 0.128200 0.000000 0.050100 0.050100
Bushbuck 0.049100 0.077100 0.000000 0.168900 0.049000 0.049100 0.024600 0.050600 0.000000 0.076700 0.000000 0.024200 0.049700 0.000000 0.074100 0.024600 0.131400 0.077700 0.000000 0.000000 0.099800 0.024300 0.076700 0.076700 0.000000 0.024600 0.074800 0.000000 0.024600 0.000000 0.076700 0.024200 0.156600 0.000000 0.000100 0.000000 0.000000 0.074100 0.101200 0.105400 0.105700 0.024600 0.076700 0.076700 0.000000 0.024600 0.074500 0.073600 0.074100 0.050100 0.000000 0.000000
GreaterKud 0.049100 0.077100 0.000000 0.168900 0.049000 0.049100 0.024600 0.050600 0.000000 0.076700 0.000000 0.024200 0.049700 0.000000 0.074100 0.024600 0.131400 0.077700 0.000000 0.000000 0.099800 0.024300 0.076700 0.076700 0.000000 0.024600 0.074800 0.000000 0.024600 0.000000 0.076700 0.024200 0.156600 0.000000 0.000100 0.000000 0.000000 0.074100 0.101200 0.105400 0.105700 0.024600 0.076700 0.076700 0.000000 0.024600 0.074500 0.073600 0.074100 0.050100 0.000000 0.000000
