1
52 1
Argali 0.000000 0.187400 0.051800 0.170100 0.027300 0.000000 0.045100 0.056600 0.045600 0.080800 0.034100 0.051200 0.028200 0.045200 0.056200 0.045400 0.062900 0.057200 0.051000 0.051300 0.045500 0.016500 0.069300 0.069300 0.028200 0.045000 0.028200 0.045600 0.039500 0.045600 0.087100 0.032800 0.104500 0.022600 0.028300 0.068800 0.017000 0.034200 0.044200 0.068900 0.063300 0.028000 0.080800 0.069000 0.063000 0.028100 0.044900 0.034200 0.063000 0.045200 0.057100 0.057100
LesserMous 0.187400 0.000000 0.182800 0.216300 0.194100 0.187400 0.199500 0.185900 0.174800 0.174500 0.201300 0.207700 0.188000 0.186500 0.198600 0.201200 0.194100 0.187900 0.213700 0.181000 0.194600 0.194700 0.136600 0.162400 0.207700 0.185700 0.188000 0.174800 0.193500 0.174800 0.181700 0.187500 0.220300 0.195200 0.208300 0.214000 0.196200 0.202900 0.186700 0.161400 0.143000 0.180300 0.174500 0.161800 0.207500 0.180400 0.198900 0.203200 0.207500 0.186700 0.187300 0.174200
LesserKudu 0.051800 0.182800 0.000000 0.125400 0.034200 0.051800 0.063200 0.063000 0.005600 0.087500 0.063800 0.034100 0.057400 0.063300 0.062800 0.069600 0.069500 0.063700 0.081000 0.011200 0.063600 0.046000 0.075900 0.075800 0.069700 0.074900 0.057400 0.005600 0.057400 0.005600 0.093900 0.051800 0.092400 0.051700 0.057500 0.039800 0.046200 0.040400 0.051500 0.075400 0.069800 0.057500 0.087500 0.075600 0.034100 0.034100 0.062900 0.040000 0.069500 0.051600 0.016900 0.016900
KillerWhal 0.170100 0.216300 0.125400 0.000000 0.150000 0.170100 0.168900 0.155200 0.118200 0.169900 0.170200 0.136900 0.176700 0.155900 0.167500 0.176600 0.149600 0.143600 0.202200 0.124200 0.169900 0.150400 0.157500 0.171100 0.176600 0.181400 0.176700 0.118200 0.162600 0.118200 0.177100 0.156800 0.181100 0.170600 0.150400 0.130100 0.165000 0.171500 0.142900 0.156700 0.164200 0.176000 0.169900 0.170500 0.136700 0.136900 0.168000 0.157800 0.176000 0.143500 0.124000 0.123900
DefassaWat 0.027300 0.194100 0.034200 0.150000 0.000000 0.028100 0.050900 0.050700 0.039700 0.086800 0.051400 0.045300 0.045400 0.051000 0.050200 0.045300 0.045200 0.038700 0.068400 0.045400 0.028100 0.022500 0.075000 0.075200 0.045400 0.050700 0.045400 0.039700 0.033700 0.038200 0.093100 0.039400 0.098300 0.039800 0.045500 0.062700 0.034200 0.016900 0.027200 0.062800 0.069200 0.033700 0.086800 0.074900 0.055800 0.022400 0.039100 0.028400 0.057000 0.050900 0.051100 0.051100
Sheep 0.000000 0.187400 0.051800 0.170100 0.028100 0.000000 0.045100 0.055400 0.044800 0.080800 0.034100 0.051200 0.028200 0.045200 0.056400 0.045400 0.062900 0.057200 0.051000 0.051300 0.045500 0.016900 0.069300 0.069300 0.028000 0.045000 0.028200 0.045600 0.039500 0.045600 0.087100 0.032800 0.104500 0.022600 0.028300 0.069100 0.017000 0.033400 0.045200 0.068900 0.063300 0.028000 0.080800 0.069000 0.063000 0.028100 0.044900 0.034200 0.063000 0.045200 0.057200 0.057000
MaxwellsDu 0.045100 0.199500 0.063200 0.168900 0.050900 0.045100 0.000000 0.067300 0.056900 0.080300 0.068700 0.074400 0.062700 0.044900 0.056000 0.068500 0.074300 0.068600 0.085900 0.062600 0.068600 0.051100 0.068800 0.068800 0.062600 0.067800 0.062700 0.056900 0.062300 0.056900 0.086500 0.032400 0.103700 0.057000 0.062800 0.080100 0.051400 0.045600 0.056500 0.068400 0.062800 0.050700 0.080300 0.068500 0.074300 0.039300 0.067700 0.057300 0.074300 0.068100 0.056600 0.056600
GazellaPrz 0.056600 0.185900 0.063000 0.155200 0.050700 0.055400 0.067300 0.000000 0.056700 0.092000 0.068400 0.062300 0.050800 0.067200 0.055900 0.051000 0.074100 0.068300 0.085600 0.062400 0.045000 0.050800 0.080500 0.080500 0.074300 0.056000 0.050800 0.056600 0.039000 0.056700 0.098400 0.056600 0.103500 0.056800 0.062500 0.068000 0.051200 0.057000 0.044800 0.080100 0.074500 0.039100 0.092000 0.080200 0.062300 0.038800 0.044500 0.057100 0.074000 0.068000 0.068100 0.056500
MountainNy 0.045600 0.174800 0.005600 0.118200 0.039700 0.044800 0.056900 0.056700 0.000000 0.081100 0.057400 0.028100 0.051500 0.057000 0.056500 0.063100 0.063100 0.057400 0.074700 0.005500 0.057300 0.039800 0.069500 0.069500 0.063300 0.068500 0.051500 0.000000 0.051100 0.000000 0.087500 0.045600 0.086300 0.045800 0.051500 0.032600 0.040200 0.046000 0.045300 0.069100 0.063500 0.051200 0.081100 0.069300 0.028100 0.027200 0.056600 0.034200 0.063100 0.045400 0.011100 0.011100
MuntiacusM 0.080800 0.174500 0.087500 0.169900 0.086800 0.080800 0.080300 0.092000 0.081100 0.000000 0.105500 0.099000 0.086800 0.080400 0.079800 0.093000 0.086900 0.081100 0.122800 0.087000 0.093100 0.087100 0.033900 0.027500 0.099000 0.092000 0.086800 0.081100 0.086500 0.081100 0.005400 0.069000 0.116400 0.093100 0.086800 0.092600 0.087500 0.081700 0.080500 0.033700 0.027300 0.074600 0.000000 0.022300 0.098900 0.074700 0.091900 0.093600 0.098800 0.092500 0.092900 0.080800
goat 0.034100 0.201300 0.063800 0.170200 0.051400 0.034100 0.068700 0.068400 0.057400 0.105500 0.000000 0.075100 0.039800 0.068800 0.068200 0.075100 0.087000 0.081200 0.062900 0.063200 0.069200 0.028100 0.081500 0.093700 0.028300 0.068400 0.039800 0.057400 0.062900 0.057400 0.112000 0.057400 0.117100 0.034200 0.039900 0.080900 0.017100 0.057800 0.057300 0.093200 0.087600 0.063000 0.105500 0.093400 0.075000 0.039700 0.068300 0.057900 0.075000 0.080800 0.069000 0.069000
AfricanBuf 0.051200 0.207700 0.034100 0.136900 0.045300 0.051200 0.074400 0.062300 0.028100 0.099000 0.075100 0.000000 0.069000 0.074500 0.073900 0.068800 0.068700 0.063000 0.092500 0.033800 0.062900 0.057200 0.087400 0.087400 0.080900 0.074100 0.069000 0.028100 0.056700 0.027500 0.105500 0.063000 0.104200 0.063200 0.069100 0.027300 0.057600 0.051600 0.062600 0.086900 0.081200 0.056800 0.099000 0.087100 0.021800 0.045300 0.062200 0.039800 0.068700 0.051000 0.038400 0.039400
Topi 0.028200 0.188000 0.057400 0.176700 0.045400 0.028200 0.062700 0.050800 0.051500 0.086800 0.039800 0.069000 0.000000 0.062800 0.050700 0.057200 0.068900 0.063200 0.045100 0.057200 0.051400 0.022600 0.075200 0.075200 0.045600 0.062500 0.000000 0.051500 0.045300 0.051500 0.093100 0.051400 0.085900 0.005500 0.022400 0.074700 0.022700 0.051800 0.039500 0.074700 0.069200 0.045400 0.086800 0.074900 0.068900 0.033800 0.050700 0.051500 0.068900 0.074700 0.063000 0.051200
CommonDuik 0.045200 0.186500 0.063300 0.155900 0.051000 0.045200 0.044900 0.067200 0.057000 0.080400 0.068800 0.074500 0.062800 0.000000 0.067700 0.056900 0.074500 0.068700 0.086000 0.062700 0.068600 0.050100 0.068900 0.068900 0.062700 0.067900 0.062800 0.057000 0.050800 0.057000 0.086700 0.010900 0.116200 0.057100 0.062900 0.080300 0.051500 0.045700 0.045000 0.068500 0.062900 0.050800 0.080400 0.068700 0.074400 0.039400 0.056200 0.057400 0.074400 0.056600 0.068500 0.068500
Suni 0.056200 0.198600 0.062800 0.167500 0.050200 0.056400 0.056000 0.055900 0.056500 0.079800 0.068200 0.073900 0.050700 0.067700 0.000000 0.061700 0.073800 0.068100 0.085300 0.062200 0.056500 0.050700 0.080300 0.080300 0.073400 0.067500 0.050700 0.056500 0.050400 0.056500 0.085900 0.056500 0.091200 0.056600 0.050700 0.067800 0.051100 0.056900 0.044600 0.079800 0.074200 0.050500 0.079800 0.080000 0.073800 0.039000 0.055400 0.056900 0.062200 0.079500 0.067900 0.056300
Springbuck 0.045400 0.201200 0.069600 0.176600 0.045300 0.045400 0.068500 0.051000 0.063100 0.093000 0.075100 0.068800 0.057200 0.056900 0.061700 0.000000 0.068700 0.063000 0.092400 0.068900 0.028000 0.057200 0.081400 0.081400 0.075000 0.033300 0.057200 0.063100 0.010900 0.063100 0.099400 0.057200 0.110700 0.063200 0.069100 0.086600 0.057700 0.050500 0.039500 0.080900 0.075300 0.016300 0.093000 0.081100 0.080700 0.044700 0.027800 0.034000 0.080700 0.056800 0.074700 0.062900
Okapi 0.062900 0.194100 0.069500 0.149600 0.045200 0.062900 0.074300 0.074100 0.063100 0.086900 0.087000 0.068700 0.068900 0.074500 0.073800 0.068700 0.000000 0.005500 0.104600 0.068900 0.051100 0.057100 0.075100 0.075300 0.068900 0.074100 0.068900 0.063100 0.056700 0.063100 0.093300 0.063000 0.098300 0.075100 0.068900 0.086500 0.069500 0.051600 0.050900 0.062900 0.069300 0.056800 0.086900 0.075000 0.080700 0.045200 0.062100 0.063500 0.092700 0.074400 0.074700 0.062800
Giraffe 0.057200 0.187900 0.063700 0.143600 0.038700 0.057200 0.068600 0.068300 0.057400 0.081100 0.081200 0.063000 0.063200 0.068700 0.068100 0.063000 0.005500 0.000000 0.098700 0.063100 0.045400 0.051600 0.069300 0.069500 0.075000 0.068300 0.063200 0.057400 0.051000 0.057400 0.087400 0.057300 0.092500 0.069300 0.063200 0.080700 0.063700 0.045900 0.045200 0.057200 0.063500 0.051100 0.081100 0.069300 0.074900 0.039600 0.056500 0.057700 0.086900 0.068700 0.068900 0.057100
TibetanAnt 0.051000 0.213700 0.081000 0.202200 0.068400 0.051000 0.085900 0.085600 0.074700 0.122800 0.062900 0.092500 0.045100 0.086000 0.085300 0.092400 0.104600 0.098700 0.000000 0.080500 0.086400 0.045300 0.111000 0.111100 0.068700 0.085600 0.045100 0.074700 0.080100 0.074700 0.129400 0.074600 0.122000 0.039500 0.056800 0.098300 0.045400 0.069100 0.074100 0.110400 0.104800 0.080100 0.122800 0.110700 0.092400 0.056700 0.085500 0.075000 0.080300 0.098100 0.074400 0.086300
Sitatunga 0.051300 0.181000 0.011200 0.124200 0.045400 0.051300 0.062600 0.062400 0.005500 0.087000 0.063200 0.033800 0.057200 0.062700 0.062200 0.068900 0.068900 0.063100 0.080500 0.000000 0.063000 0.045600 0.075400 0.075400 0.069100 0.074200 0.057200 0.005500 0.056900 0.005600 0.093300 0.051400 0.092100 0.051500 0.057300 0.039400 0.045900 0.051700 0.051000 0.074900 0.069300 0.056900 0.087000 0.075100 0.032600 0.033800 0.062300 0.039900 0.068900 0.051100 0.016700 0.016700
Oribi 0.045500 0.194600 0.063600 0.169900 0.028100 0.045500 0.068600 0.045000 0.057300 0.093100 0.069200 0.062900 0.051400 0.068600 0.056500 0.028000 0.051100 0.045400 0.086400 0.063000 0.000000 0.039700 0.081200 0.081400 0.063100 0.032500 0.051400 0.057300 0.016600 0.057300 0.099500 0.057200 0.104600 0.057400 0.063200 0.080700 0.051800 0.046000 0.033700 0.068900 0.075300 0.016600 0.093100 0.081100 0.074800 0.037900 0.033500 0.034000 0.074800 0.068600 0.068800 0.057100
BarbaryShe 0.016500 0.194700 0.046000 0.150400 0.022500 0.016900 0.051100 0.050800 0.039800 0.087100 0.028100 0.057200 0.022600 0.050100 0.050700 0.057200 0.057100 0.051600 0.045300 0.045600 0.039700 0.000000 0.075300 0.075500 0.022600 0.062600 0.022600 0.039800 0.045300 0.039600 0.093500 0.039800 0.098600 0.016900 0.022600 0.062900 0.011300 0.040100 0.027600 0.063100 0.069400 0.045400 0.087100 0.075200 0.056800 0.022100 0.050800 0.040100 0.057200 0.062900 0.051300 0.051300
Daviddeer 0.069300 0.136600 0.075900 0.157500 0.075000 0.069300 0.068800 0.080500 0.069500 0.033900 0.081500 0.087400 0.075200 0.068900 0.080300 0.081400 0.075100 0.069300 0.111000 0.075400 0.081200 0.075300 0.000000 0.022600 0.087200 0.068600 0.075200 0.069500 0.075000 0.069500 0.039800 0.057500 0.117100 0.081400 0.087400 0.093200 0.075900 0.070000 0.068800 0.021900 0.005600 0.063100 0.033900 0.022500 0.087300 0.063200 0.080400 0.081900 0.099500 0.080900 0.081200 0.069300
Reindeer 0.069300 0.162400 0.075800 0.171100 0.075200 0.069300 0.068800 0.080500 0.069500 0.027500 0.093700 0.087400 0.075200 0.068900 0.080300 0.081400 0.075300 0.069500 0.111100 0.075400 0.081400 0.075500 0.022600 0.000000 0.087300 0.080500 0.075200 0.069500 0.075000 0.069500 0.033300 0.057500 0.117200 0.081400 0.087300 0.093200 0.075800 0.070000 0.069000 0.022400 0.016800 0.063100 0.028100 0.005600 0.087300 0.063200 0.080400 0.081900 0.099500 0.080900 0.081200 0.069300
Ibex 0.028200 0.207700 0.069700 0.176600 0.045400 0.028000 0.062600 0.074300 0.063300 0.099000 0.028300 0.080900 0.045600 0.062700 0.073400 0.075000 0.068900 0.075000 0.068700 0.069100 0.063100 0.022600 0.087200 0.087300 0.000000 0.074200 0.045600 0.063300 0.068700 0.063300 0.105500 0.051400 0.123100 0.039900 0.045700 0.086800 0.022800 0.063700 0.051000 0.074800 0.081300 0.056900 0.099000 0.087000 0.080900 0.045400 0.074100 0.063800 0.080900 0.074600 0.074900 0.074900
GyrantGaze 0.045000 0.185700 0.074900 0.181400 0.050700 0.045000 0.067800 0.056000 0.068500 0.092000 0.068400 0.074100 0.062500 0.067900 0.067500 0.033300 0.074100 0.068300 0.085600 0.074200 0.032500 0.062600 0.068600 0.080500 0.074200 0.000000 0.062500 0.068500 0.027100 0.068500 0.098400 0.056600 0.103600 0.068600 0.074400 0.091900 0.063000 0.057000 0.056400 0.080000 0.074500 0.016200 0.092000 0.080200 0.086000 0.050700 0.044500 0.045200 0.074100 0.067900 0.080000 0.068200
Hartebeest 0.028200 0.188000 0.057400 0.176700 0.045400 0.028200 0.062700 0.050800 0.051500 0.086800 0.039800 0.069000 0.000000 0.062800 0.050700 0.057200 0.068900 0.063200 0.045100 0.057200 0.051400 0.022600 0.075200 0.075200 0.045600 0.062500 0.000000 0.051500 0.045300 0.051500 0.093100 0.051400 0.085900 0.005600 0.022400 0.074700 0.022700 0.051800 0.039500 0.074700 0.069200 0.045400 0.086800 0.074900 0.068900 0.033800 0.050700 0.051500 0.068900 0.074700 0.063000 0.051200
Bongo 0.045600 0.174800 0.005600 0.118200 0.039700 0.045600 0.056900 0.056600 0.000000 0.081100 0.057400 0.028100 0.051500 0.057000 0.056500 0.063100 0.063100 0.057400 0.074700 0.005500 0.057300 0.039800 0.069500 0.069500 0.063300 0.068500 0.051500 0.000000 0.051100 0.000000 0.087500 0.045600 0.086300 0.045800 0.051500 0.033000 0.040200 0.046000 0.044100 0.069100 0.063500 0.051200 0.081100 0.069300 0.027500 0.028200 0.056600 0.034200 0.063100 0.045400 0.011100 0.011000
Gerenuk 0.039500 0.193500 0.057400 0.162600 0.033700 0.039500 0.062300 0.039000 0.051100 0.086500 0.062900 0.056700 0.045300 0.050800 0.050400 0.010900 0.056700 0.051000 0.080100 0.056900 0.016600 0.045300 0.075000 0.075000 0.068700 0.027100 0.045300 0.051100 0.000000 0.051100 0.092900 0.051100 0.098000 0.051200 0.057000 0.074300 0.045700 0.039800 0.027400 0.074500 0.069000 0.011000 0.086500 0.074700 0.068500 0.033600 0.016200 0.028100 0.068500 0.050800 0.062600 0.051000
CommonElan 0.045600 0.174800 0.005600 0.118200 0.038200 0.045600 0.056900 0.056700 0.000000 0.081100 0.057400 0.027500 0.051500 0.057000 0.056500 0.063100 0.063100 0.057400 0.074700 0.005600 0.057300 0.039600 0.069500 0.069500 0.063300 0.068500 0.051500 0.000000 0.051100 0.000000 0.087500 0.045600 0.086300 0.045800 0.051500 0.033100 0.040200 0.046000 0.045300 0.069100 0.063500 0.051200 0.081100 0.069300 0.027500 0.028200 0.056600 0.034200 0.063100 0.045400 0.011000 0.011100
MuntiacusR 0.087100 0.181700 0.093900 0.177100 0.093100 0.087100 0.086500 0.098400 0.087500 0.005400 0.112000 0.105500 0.093100 0.086700 0.085900 0.099400 0.093300 0.087400 0.129400 0.093300 0.099500 0.093500 0.039800 0.033300 0.105500 0.098400 0.093100 0.087500 0.092900 0.087500 0.000000 0.075100 0.122900 0.099500 0.093100 0.099000 0.093900 0.088000 0.086800 0.039500 0.032700 0.080800 0.005500 0.027500 0.105400 0.080900 0.098200 0.100100 0.105300 0.098800 0.099300 0.087100
HarveysDui 0.032800 0.187500 0.051800 0.156800 0.039400 0.032800 0.032400 0.056600 0.045600 0.069000 0.057400 0.063000 0.051400 0.010900 0.056500 0.057200 0.063000 0.057300 0.074600 0.051400 0.057200 0.039800 0.057500 0.057500 0.051400 0.056600 0.051400 0.045600 0.051100 0.045600 0.075100 0.000000 0.104600 0.045700 0.051500 0.068800 0.040100 0.033100 0.045300 0.057100 0.051500 0.039500 0.069000 0.057300 0.063000 0.028100 0.056500 0.046000 0.063000 0.056900 0.057100 0.057100
Pronghorn 0.104500 0.220300 0.092400 0.181100 0.098300 0.104500 0.103700 0.103500 0.086300 0.116400 0.117100 0.104200 0.085900 0.116200 0.091200 0.110700 0.098300 0.092500 0.122000 0.092100 0.104600 0.098600 0.117100 0.117200 0.123100 0.103600 0.085900 0.086300 0.098000 0.086300 0.122900 0.104600 0.000000 0.092000 0.097900 0.097700 0.099000 0.105400 0.091900 0.116500 0.110800 0.098100 0.116400 0.116700 0.104100 0.086100 0.103400 0.098400 0.110300 0.116300 0.085800 0.074000
BlueWildeb 0.022600 0.195200 0.051700 0.170600 0.039800 0.022600 0.057000 0.056800 0.045800 0.093100 0.034200 0.063200 0.005500 0.057100 0.056600 0.063200 0.075100 0.069300 0.039500 0.051500 0.057400 0.016900 0.081400 0.081400 0.039900 0.068600 0.005600 0.045800 0.051200 0.045800 0.099500 0.045700 0.092000 0.000000 0.016500 0.069000 0.017000 0.046000 0.045400 0.080900 0.075300 0.051300 0.093100 0.081100 0.063200 0.028200 0.056700 0.045800 0.063200 0.068900 0.057300 0.057200
Gemsbok 0.028300 0.208300 0.057500 0.150400 0.045500 0.028300 0.062800 0.062500 0.051500 0.086800 0.039900 0.069100 0.022400 0.062900 0.050700 0.069100 0.068900 0.063200 0.056800 0.057300 0.063200 0.022600 0.087400 0.087300 0.045700 0.074400 0.022400 0.051500 0.057000 0.051500 0.093100 0.051500 0.097900 0.016500 0.000000 0.062900 0.022700 0.051900 0.051100 0.086800 0.081200 0.057100 0.086800 0.087000 0.069000 0.022500 0.062400 0.051600 0.057100 0.074800 0.063100 0.063000
Yak 0.068800 0.214000 0.039800 0.130100 0.062700 0.069100 0.080100 0.068000 0.032600 0.092600 0.080900 0.027300 0.074700 0.080300 0.067800 0.086600 0.086500 0.080700 0.098300 0.039400 0.080700 0.062900 0.093200 0.093200 0.086800 0.091900 0.074700 0.033000 0.074300 0.033100 0.099000 0.068800 0.097700 0.069000 0.062900 0.000000 0.063400 0.069300 0.068400 0.092700 0.087100 0.074400 0.092600 0.092900 0.005400 0.051000 0.079700 0.057300 0.075200 0.068500 0.045100 0.045100
BlueSheep 0.017000 0.196200 0.046200 0.165000 0.034200 0.017000 0.051400 0.051200 0.040200 0.087500 0.017100 0.057600 0.022700 0.051500 0.051100 0.057700 0.069500 0.063700 0.045400 0.045900 0.051800 0.011300 0.075900 0.075800 0.022800 0.063000 0.022700 0.040200 0.045700 0.040200 0.093900 0.040100 0.099000 0.017000 0.022700 0.063400 0.000000 0.040400 0.039800 0.075400 0.069800 0.045700 0.087500 0.075600 0.057600 0.022600 0.051100 0.040300 0.057600 0.063400 0.051700 0.051700
BohorReedb 0.034200 0.202900 0.040400 0.171500 0.016900 0.033400 0.045600 0.057000 0.046000 0.081700 0.057800 0.051600 0.051800 0.045700 0.056900 0.050500 0.051600 0.045900 0.069100 0.051700 0.046000 0.040100 0.070000 0.070000 0.063700 0.057000 0.051800 0.046000 0.039800 0.046000 0.088000 0.033100 0.105400 0.046000 0.051900 0.069300 0.040400 0.000000 0.045600 0.069600 0.063900 0.039800 0.081700 0.069700 0.063500 0.028300 0.045200 0.034500 0.063500 0.057300 0.057500 0.057500
KirksDik 0.044200 0.186700 0.051500 0.142900 0.027200 0.045200 0.056500 0.044800 0.045300 0.080500 0.057300 0.062600 0.039500 0.045000 0.044600 0.039500 0.050900 0.045200 0.074100 0.051000 0.033700 0.027600 0.068800 0.069000 0.051000 0.056400 0.039500 0.044100 0.027400 0.045300 0.086800 0.045300 0.091900 0.045400 0.051100 0.068400 0.039800 0.045600 0.000000 0.056800 0.063000 0.037700 0.080500 0.068700 0.061900 0.027900 0.032600 0.045700 0.062600 0.056600 0.056700 0.045100
RoeDeer 0.068900 0.161400 0.075400 0.156700 0.062800 0.068900 0.068400 0.080100 0.069100 0.033700 0.093200 0.086900 0.074700 0.068500 0.079800 0.080900 0.062900 0.057200 0.110400 0.074900 0.068900 0.063100 0.021900 0.022400 0.074800 0.080000 0.074700 0.069100 0.074500 0.069100 0.039500 0.057100 0.116500 0.080900 0.086800 0.092700 0.075400 0.069600 0.056800 0.000000 0.016800 0.062700 0.033700 0.022400 0.086800 0.062800 0.079900 0.081400 0.098900 0.080400 0.080800 0.068800
WhiteLippe 0.063300 0.143000 0.069800 0.164200 0.069200 0.063300 0.062800 0.074500 0.063500 0.027300 0.087600 0.081200 0.069200 0.062900 0.074200 0.075300 0.069300 0.063500 0.104800 0.069300 0.075300 0.069400 0.005600 0.016800 0.081300 0.074500 0.069200 0.063500 0.069000 0.063500 0.032700 0.051500 0.110800 0.075300 0.081200 0.087100 0.069800 0.063900 0.063000 0.016800 0.000000 0.057100 0.028000 0.016800 0.081200 0.057200 0.074400 0.075800 0.093300 0.074800 0.075100 0.063200
ThomsonGaz 0.028000 0.180300 0.057500 0.176000 0.033700 0.028000 0.050700 0.039100 0.051200 0.074600 0.063000 0.056800 0.045400 0.050800 0.050500 0.016300 0.056800 0.051100 0.080100 0.056900 0.016600 0.045400 0.063100 0.063100 0.056900 0.016200 0.045400 0.051200 0.011000 0.051200 0.080800 0.039500 0.098100 0.051300 0.057100 0.074400 0.045700 0.039800 0.037700 0.062700 0.057100 0.000000 0.074600 0.062900 0.068600 0.033700 0.027700 0.028200 0.068600 0.050800 0.062700 0.051000
MuntiacusC 0.080800 0.174500 0.087500 0.169900 0.086800 0.080800 0.080300 0.092000 0.081100 0.000000 0.105500 0.099000 0.086800 0.080400 0.079800 0.093000 0.086900 0.081100 0.122800 0.087000 0.093100 0.087100 0.033900 0.028100 0.099000 0.092000 0.086800 0.081100 0.086500 0.081100 0.005500 0.069000 0.116400 0.093100 0.086800 0.092600 0.087500 0.081700 0.080500 0.033700 0.028000 0.074600 0.000000 0.022300 0.098900 0.074700 0.091900 0.093600 0.098800 0.092500 0.092900 0.080800
WhiteTaile 0.069000 0.161800 0.075600 0.170500 0.074900 0.069000 0.068500 0.080200 0.069300 0.022300 0.093400 0.087100 0.074900 0.068700 0.080000 0.081100 0.075000 0.069300 0.110700 0.075100 0.081100 0.075200 0.022500 0.005600 0.087000 0.080200 0.074900 0.069300 0.074700 0.069300 0.027500 0.057300 0.116700 0.081100 0.087000 0.092900 0.075600 0.069700 0.068700 0.022400 0.016800 0.062900 0.022300 0.000000 0.087000 0.063000 0.080100 0.081600 0.099200 0.080600 0.081000 0.069000
Cattle 0.063000 0.207500 0.034100 0.136700 0.055800 0.063000 0.074300 0.062300 0.028100 0.098900 0.075000 0.021800 0.068900 0.074400 0.073800 0.080700 0.080700 0.074900 0.092400 0.032600 0.074800 0.056800 0.087300 0.087300 0.080900 0.086000 0.068900 0.027500 0.068500 0.027500 0.105400 0.063000 0.104100 0.063200 0.069000 0.005400 0.057600 0.063500 0.061900 0.086800 0.081200 0.068600 0.098900 0.087000 0.000000 0.045200 0.073900 0.051500 0.080600 0.062700 0.038900 0.039400
RoyalAntel 0.028100 0.180400 0.034100 0.136900 0.022400 0.028100 0.039300 0.038800 0.027200 0.074700 0.039700 0.045300 0.033800 0.039400 0.039000 0.044700 0.045200 0.039600 0.056700 0.033800 0.037900 0.022100 0.063200 0.063200 0.045400 0.050700 0.033800 0.028200 0.033600 0.028200 0.080900 0.028100 0.086100 0.028200 0.022500 0.051000 0.022600 0.028300 0.027900 0.062800 0.057200 0.033700 0.074700 0.063000 0.045200 0.000000 0.038600 0.028400 0.045300 0.050900 0.038000 0.039500
Steenbok 0.044900 0.198900 0.062900 0.168000 0.039100 0.044900 0.067700 0.044500 0.056600 0.091900 0.068300 0.062200 0.050700 0.056200 0.055400 0.027800 0.062100 0.056500 0.085500 0.062300 0.033500 0.050800 0.080400 0.080400 0.074100 0.044500 0.050700 0.056600 0.016200 0.056600 0.098200 0.056500 0.103400 0.056700 0.062400 0.079700 0.051100 0.045200 0.032600 0.079900 0.074400 0.027700 0.091900 0.080100 0.073900 0.038600 0.000000 0.045300 0.073900 0.056200 0.068000 0.056400
Impala 0.034200 0.203200 0.040000 0.157800 0.028400 0.034200 0.057300 0.057100 0.034200 0.093600 0.057900 0.039800 0.051500 0.057400 0.056900 0.034000 0.063500 0.057700 0.075000 0.039900 0.034000 0.040100 0.081900 0.081900 0.063800 0.045200 0.051500 0.034200 0.028100 0.034200 0.100100 0.046000 0.098400 0.045800 0.051600 0.057300 0.040300 0.034500 0.045700 0.081400 0.075800 0.028200 0.093600 0.081600 0.051500 0.028400 0.045300 0.000000 0.063600 0.057400 0.045600 0.045600
Klipspring 0.063000 0.207500 0.069500 0.176000 0.057000 0.063000 0.074300 0.074000 0.063100 0.098800 0.075000 0.068700 0.068900 0.074400 0.062200 0.080700 0.092700 0.086900 0.080300 0.068900 0.074800 0.057200 0.099500 0.099500 0.080900 0.074100 0.068900 0.063100 0.068500 0.063100 0.105300 0.063000 0.110300 0.063200 0.057100 0.075200 0.057600 0.063500 0.062600 0.098900 0.093300 0.068600 0.098800 0.099200 0.080600 0.045300 0.073900 0.063600 0.000000 0.086400 0.074700 0.074600
ForestMusk 0.045200 0.186700 0.051600 0.143500 0.050900 0.045200 0.068100 0.068000 0.045400 0.092500 0.080800 0.051000 0.074700 0.056600 0.079500 0.056800 0.074400 0.068700 0.098100 0.051100 0.068600 0.062900 0.080900 0.080900 0.074600 0.067900 0.074700 0.045400 0.050800 0.045400 0.098800 0.056900 0.116300 0.068900 0.074800 0.068500 0.063400 0.057300 0.056600 0.080400 0.074800 0.050800 0.092500 0.080600 0.062700 0.050900 0.056200 0.057400 0.086400 0.000000 0.055800 0.056800
Bushbuck 0.057100 0.187300 0.016900 0.124000 0.051100 0.057200 0.056600 0.068100 0.011100 0.092900 0.069000 0.038400 0.063000 0.068500 0.067900 0.074700 0.074700 0.068900 0.074400 0.016700 0.068800 0.051300 0.081200 0.081200 0.074900 0.080000 0.063000 0.011100 0.062600 0.011000 0.099300 0.057100 0.085800 0.057300 0.063100 0.045100 0.051700 0.057500 0.056700 0.080800 0.075100 0.062700 0.092900 0.081000 0.038900 0.038000 0.068000 0.045600 0.074700 0.055800 0.000000 0.011100
GreaterKud 0.057100 0.174200 0.016900 0.123900 0.051100 0.057000 0.056600 0.056500 0.011100 0.080800 0.069000 0.039400 0.051200 0.068500 0.056300 0.062900 0.062800 0.057100 0.086300 0.016700 0.057100 0.051300 0.069300 0.069300 0.074900 0.068200 0.051200 0.011000 0.051000 0.011100 0.087100 0.057100 0.074000 0.057200 0.063000 0.045100 0.051700 0.057500 0.045100 0.068800 0.063200 0.051000 0.080800 0.069000 0.039400 0.039500 0.056400 0.045600 0.074600 0.056800 0.011100 0.000000
