1
52 1
Argali 0.000000 0.318000 0.075900 0.551700 0.054300 0.054700 0.134800 0.114000 0.054800 0.202600 0.054700 0.139400 0.056400 0.119100 0.074900 0.074000 0.137700 0.072000 0.054500 0.115100 0.093400 0.036500 0.183300 0.218000 0.054700 0.109400 0.056400 0.034300 0.074000 0.075900 0.176500 0.142800 0.217900 0.056400 0.112600 0.075500 0.036500 0.053800 0.114100 0.209300 0.182700 0.072600 0.181400 0.219000 0.076800 0.038100 0.090000 0.112900 0.095800 0.111200 0.075900 0.095200
LesserMous 0.318000 0.000000 0.361700 0.694700 0.348300 0.352800 0.481600 0.444200 0.384400 0.514200 0.352500 0.368000 0.355700 0.477400 0.390000 0.380400 0.449900 0.343400 0.350300 0.413700 0.409000 0.329300 0.484100 0.567000 0.352500 0.418700 0.355700 0.349800 0.380400 0.361700 0.507900 0.483300 0.554000 0.355700 0.439900 0.357100 0.347800 0.348300 0.445900 0.570800 0.481500 0.370600 0.486000 0.567100 0.367100 0.348400 0.391000 0.440500 0.425500 0.374000 0.361700 0.385900
LesserKudu 0.075900 0.361700 0.000000 0.568800 0.056100 0.056600 0.099400 0.077300 0.019400 0.122800 0.056500 0.060300 0.013000 0.081900 0.037100 0.035300 0.059600 0.078800 0.056300 0.039000 0.056000 0.036700 0.102900 0.139600 0.056500 0.114300 0.013000 0.038700 0.035300 0.000000 0.140700 0.106100 0.182500 0.013000 0.076700 0.000100 0.035600 0.056100 0.119700 0.218400 0.102600 0.074600 0.101800 0.140800 0.000100 0.034900 0.092500 0.075600 0.056500 0.115700 0.000000 0.019400
KillerWhal 0.551700 0.694700 0.568800 0.000000 0.549700 0.526200 0.631300 0.590200 0.595000 0.721600 0.557400 0.649700 0.576000 0.623300 0.531200 0.585400 0.474300 0.465100 0.553200 0.596900 0.554000 0.529800 0.696100 0.604700 0.557400 0.673300 0.576000 0.555400 0.585400 0.568800 0.678100 0.668400 0.526400 0.576000 0.593700 0.555500 0.527200 0.549700 0.665400 0.482100 0.692100 0.611000 0.686800 0.606800 0.569900 0.590200 0.597900 0.628800 0.567700 0.490400 0.568800 0.528800
DefassaWat 0.054300 0.348300 0.056100 0.549700 0.000000 0.036100 0.114900 0.094500 0.075200 0.180900 0.035700 0.118700 0.037400 0.098700 0.055900 0.055200 0.117300 0.092900 0.036100 0.095200 0.074400 0.017800 0.161700 0.196400 0.036300 0.129800 0.037400 0.054500 0.055200 0.056100 0.155700 0.121700 0.241900 0.037400 0.093300 0.056400 0.018200 0.000000 0.094600 0.188500 0.161200 0.092300 0.160100 0.197200 0.057400 0.058300 0.071600 0.093600 0.076300 0.131900 0.056100 0.075400
Sheep 0.054700 0.352800 0.056600 0.526200 0.036100 0.000000 0.115900 0.095300 0.075900 0.182800 0.034800 0.119800 0.037700 0.099600 0.056400 0.055600 0.118300 0.093700 0.034900 0.055300 0.075000 0.017900 0.163400 0.198500 0.036500 0.130900 0.037700 0.054900 0.055600 0.056600 0.114900 0.122900 0.244400 0.037700 0.055100 0.056900 0.018300 0.036300 0.095400 0.148300 0.162800 0.093100 0.161700 0.199300 0.057900 0.058800 0.072100 0.055300 0.076900 0.133000 0.056600 0.076000
MaxwellsDu 0.134800 0.481600 0.099400 0.631300 0.114900 0.115900 0.000000 0.096900 0.119000 0.232400 0.115900 0.165400 0.078100 0.056400 0.057000 0.056500 0.163200 0.181400 0.115400 0.097600 0.076100 0.096700 0.212500 0.247900 0.115900 0.133100 0.078100 0.139000 0.056500 0.099400 0.203700 0.079300 0.241100 0.078100 0.136100 0.098000 0.096600 0.114900 0.116900 0.235500 0.211700 0.094600 0.210000 0.249300 0.099200 0.101500 0.112300 0.136800 0.119500 0.176500 0.099400 0.119300
GazellaPrz 0.114000 0.444200 0.077300 0.590200 0.094500 0.095300 0.096900 0.000000 0.096800 0.206700 0.095300 0.142000 0.057600 0.122300 0.076900 0.036500 0.140100 0.157500 0.094900 0.117500 0.055900 0.076400 0.187200 0.177500 0.095300 0.111600 0.057600 0.116400 0.036900 0.077300 0.179700 0.147000 0.267600 0.057600 0.115100 0.077000 0.076000 0.094500 0.116400 0.257000 0.186600 0.074300 0.185100 0.177900 0.078400 0.079700 0.092000 0.115000 0.057500 0.154000 0.077300 0.097000
MountainNy 0.054800 0.384400 0.019400 0.595000 0.075200 0.075900 0.119000 0.096800 0.000000 0.142600 0.075800 0.080000 0.035800 0.102200 0.056900 0.055000 0.079100 0.098200 0.075500 0.058200 0.075400 0.056400 0.122900 0.159000 0.075800 0.133300 0.035800 0.018900 0.055000 0.018500 0.160500 0.126800 0.202500 0.035800 0.095900 0.019000 0.055500 0.075200 0.139400 0.238200 0.122500 0.093700 0.121600 0.160400 0.019300 0.056400 0.111300 0.095000 0.076500 0.134900 0.019400 0.038600
MuntiacusM 0.202600 0.514200 0.122800 0.721600 0.180900 0.182800 0.232400 0.206700 0.142600 0.000000 0.182600 0.190100 0.143100 0.218400 0.163800 0.160200 0.142400 0.161800 0.181700 0.164500 0.182300 0.162500 0.019200 0.056100 0.182600 0.154400 0.143100 0.163100 0.160200 0.122800 0.056500 0.248100 0.273400 0.143100 0.204400 0.119900 0.161600 0.180900 0.254600 0.172400 0.019200 0.201500 0.018900 0.056600 0.122200 0.170200 0.219300 0.159700 0.187800 0.200800 0.122800 0.143000
goat 0.054700 0.352500 0.056500 0.557400 0.035700 0.034800 0.115900 0.095300 0.075800 0.182600 0.000000 0.119700 0.037700 0.099500 0.056400 0.055600 0.118300 0.093600 0.036000 0.096000 0.074900 0.017900 0.163300 0.198300 0.000000 0.130800 0.037700 0.054900 0.055600 0.056500 0.157000 0.122900 0.244200 0.037700 0.094000 0.056800 0.018300 0.036300 0.095300 0.190000 0.162700 0.093100 0.161600 0.199200 0.057800 0.058700 0.072100 0.094300 0.076900 0.133000 0.056500 0.076000
AfricanBuf 0.139400 0.368000 0.060300 0.649700 0.118700 0.119800 0.165400 0.142000 0.080000 0.190100 0.119700 0.000000 0.080400 0.149700 0.100500 0.098600 0.123000 0.142600 0.119100 0.100700 0.119600 0.099900 0.169900 0.205900 0.119700 0.178900 0.080400 0.100100 0.098600 0.060300 0.209800 0.176400 0.229600 0.080400 0.140700 0.058900 0.099400 0.118700 0.187500 0.267300 0.169200 0.138600 0.168100 0.207700 0.060000 0.104600 0.156500 0.159700 0.122900 0.161800 0.060300 0.059600
Topi 0.056400 0.355700 0.013000 0.576000 0.037400 0.037700 0.078100 0.057600 0.035800 0.143100 0.037700 0.080400 0.000000 0.060500 0.019000 0.018700 0.079400 0.096000 0.037500 0.056600 0.037700 0.018900 0.123400 0.159500 0.037700 0.094000 0.000000 0.056000 0.018700 0.013000 0.118400 0.083100 0.203500 0.000000 0.056900 0.019100 0.018800 0.037400 0.098200 0.195200 0.123000 0.056200 0.122100 0.159500 0.019400 0.019700 0.074000 0.056900 0.038700 0.095400 0.013000 0.035900
CommonDuik 0.119100 0.477400 0.081900 0.623300 0.098700 0.099600 0.056400 0.122300 0.102200 0.218400 0.099500 0.149700 0.060500 0.000000 0.039200 0.079100 0.147700 0.166200 0.099100 0.124000 0.100000 0.079800 0.197800 0.234100 0.099500 0.159400 0.060500 0.122900 0.079100 0.081900 0.189200 0.019900 0.227400 0.060500 0.120200 0.081000 0.079700 0.098700 0.143400 0.221600 0.197100 0.119100 0.195500 0.235300 0.082000 0.084000 0.137300 0.120800 0.102900 0.161800 0.081900 0.102500
Suni 0.074900 0.390000 0.037100 0.531200 0.055900 0.056400 0.057000 0.076900 0.056900 0.163800 0.056400 0.100500 0.019000 0.039200 0.000000 0.037400 0.099200 0.116600 0.056100 0.077200 0.056600 0.037100 0.144200 0.180000 0.056400 0.112900 0.019000 0.076500 0.037400 0.037100 0.138300 0.060500 0.224100 0.019000 0.075600 0.038200 0.037600 0.055900 0.117900 0.171000 0.143700 0.075000 0.142600 0.180700 0.038900 0.039500 0.092700 0.076000 0.058200 0.114500 0.037100 0.057000
Springbuck 0.074000 0.380400 0.035300 0.585400 0.055200 0.055600 0.056500 0.036500 0.055000 0.160200 0.055600 0.098600 0.018700 0.079100 0.037400 0.000000 0.097400 0.114000 0.055400 0.075100 0.018100 0.037100 0.141000 0.175900 0.055600 0.072300 0.018700 0.074500 0.000000 0.035300 0.135600 0.101700 0.219900 0.018700 0.074700 0.037500 0.037000 0.055200 0.075400 0.211100 0.140500 0.036200 0.139600 0.176200 0.038100 0.038700 0.053700 0.074500 0.057100 0.112600 0.035300 0.055200
Okapi 0.137700 0.449900 0.059600 0.474300 0.117300 0.118300 0.163200 0.140100 0.079100 0.142400 0.118300 0.123000 0.079400 0.147700 0.099200 0.097400 0.000000 0.057100 0.117700 0.099500 0.118200 0.098700 0.122900 0.116600 0.118300 0.176400 0.079400 0.098900 0.097400 0.059600 0.161800 0.174000 0.157300 0.079400 0.139000 0.058200 0.098500 0.117300 0.184800 0.196300 0.122500 0.136700 0.121700 0.117600 0.059300 0.103400 0.154500 0.138600 0.121500 0.096100 0.059600 0.079300
Giraffe 0.072000 0.343400 0.078800 0.465100 0.092900 0.093700 0.181400 0.157500 0.098200 0.161800 0.093600 0.142600 0.096000 0.166200 0.116600 0.114000 0.057100 0.000000 0.093200 0.118600 0.135100 0.074200 0.142400 0.135500 0.093600 0.150700 0.096000 0.076800 0.114000 0.078800 0.180200 0.192900 0.133900 0.096000 0.156700 0.077100 0.073600 0.092900 0.157700 0.170700 0.142000 0.111200 0.141000 0.136700 0.078400 0.075300 0.128800 0.155900 0.138200 0.072100 0.078800 0.098400
TibetanAnt 0.054500 0.350300 0.056300 0.553200 0.036100 0.034900 0.115400 0.094900 0.075500 0.181700 0.036000 0.119100 0.037500 0.099100 0.056100 0.055400 0.117700 0.093200 0.000000 0.095500 0.074600 0.017800 0.162500 0.197400 0.036400 0.130300 0.037500 0.054700 0.055400 0.056300 0.156300 0.122300 0.243000 0.037500 0.093600 0.056600 0.018200 0.035300 0.095000 0.189200 0.161900 0.092700 0.160800 0.198200 0.057600 0.058500 0.071900 0.093900 0.076600 0.132400 0.056300 0.075700
Sitatunga 0.115100 0.413700 0.039000 0.596900 0.095200 0.055300 0.097600 0.117500 0.058200 0.164500 0.096000 0.100700 0.056600 0.124000 0.077200 0.075100 0.099500 0.118600 0.095500 0.000000 0.095600 0.076600 0.144700 0.180700 0.096000 0.153900 0.056600 0.077600 0.075100 0.039000 0.137800 0.149400 0.224700 0.056600 0.075000 0.038300 0.075700 0.095200 0.160900 0.214400 0.144200 0.114000 0.143000 0.182300 0.039000 0.078100 0.131500 0.074000 0.097500 0.155600 0.037700 0.058300
Oribi 0.093400 0.409000 0.056000 0.554000 0.074400 0.075000 0.076100 0.055900 0.075400 0.182300 0.074900 0.119600 0.037700 0.100000 0.056600 0.018100 0.118200 0.135100 0.074600 0.095600 0.000000 0.056300 0.163000 0.197700 0.074900 0.091300 0.037700 0.094800 0.018100 0.056000 0.156800 0.123400 0.243100 0.037700 0.094300 0.056700 0.056000 0.074400 0.095200 0.233100 0.162400 0.054800 0.161300 0.198300 0.057700 0.058700 0.072300 0.094100 0.076900 0.132800 0.056000 0.075500
BarbaryShe 0.036500 0.329300 0.036700 0.529800 0.017800 0.017900 0.096700 0.076400 0.056400 0.162500 0.017900 0.099900 0.018900 0.079800 0.037100 0.037100 0.098700 0.074200 0.017800 0.076600 0.056300 0.000000 0.143100 0.178500 0.018300 0.112200 0.018900 0.035500 0.037100 0.036700 0.137400 0.102700 0.223400 0.018900 0.075200 0.038000 0.000000 0.018200 0.076400 0.170700 0.142600 0.074500 0.141600 0.179200 0.038700 0.039200 0.054100 0.075500 0.057800 0.114000 0.036700 0.056600
Daviddeer 0.183300 0.484100 0.102900 0.696100 0.161700 0.163400 0.212500 0.187200 0.122900 0.019200 0.163300 0.169900 0.123400 0.197800 0.144200 0.141000 0.122900 0.142400 0.162500 0.144700 0.163000 0.143100 0.000000 0.076900 0.163300 0.178700 0.123400 0.143400 0.141000 0.102900 0.038100 0.227100 0.253600 0.123400 0.185000 0.100500 0.142300 0.161700 0.234700 0.153900 0.000000 0.182400 0.000000 0.077600 0.102500 0.149900 0.200400 0.140500 0.168000 0.181800 0.102900 0.123200
Reindeer 0.218000 0.567000 0.139600 0.604700 0.196400 0.198500 0.247900 0.177500 0.159000 0.056100 0.198300 0.205900 0.159500 0.234100 0.180000 0.175900 0.116600 0.135500 0.197400 0.180700 0.197700 0.178500 0.076900 0.000000 0.198300 0.170300 0.159500 0.179100 0.175900 0.139600 0.113700 0.263500 0.242400 0.159500 0.219800 0.136500 0.178300 0.196400 0.269500 0.147800 0.076700 0.216800 0.076000 0.000000 0.138900 0.186200 0.234600 0.175800 0.159100 0.173300 0.139600 0.159400
Ibex 0.054700 0.352500 0.056500 0.557400 0.036300 0.036500 0.115900 0.095300 0.075800 0.182600 0.000000 0.119700 0.037700 0.099500 0.056400 0.055600 0.118300 0.093600 0.036400 0.096000 0.074900 0.018300 0.163300 0.198300 0.000000 0.130800 0.037700 0.054900 0.055600 0.056500 0.157000 0.122900 0.244200 0.037700 0.094000 0.056800 0.018300 0.035400 0.095300 0.190000 0.162700 0.093100 0.161600 0.199200 0.057800 0.058700 0.072100 0.094300 0.076900 0.133000 0.056500 0.076000
GyrantGaze 0.109400 0.418700 0.114300 0.673300 0.129800 0.130900 0.133100 0.111600 0.133300 0.154400 0.130800 0.178900 0.094000 0.159400 0.112900 0.072300 0.176400 0.150700 0.130300 0.153900 0.091300 0.112200 0.178700 0.170300 0.130800 0.000000 0.094000 0.152700 0.072300 0.114300 0.172000 0.184300 0.257100 0.094000 0.150700 0.113000 0.111600 0.129800 0.152100 0.247600 0.178000 0.035000 0.176700 0.170400 0.115100 0.076100 0.126700 0.150600 0.134000 0.147900 0.114300 0.133600
Hartebeest 0.056400 0.355700 0.013000 0.576000 0.037400 0.037700 0.078100 0.057600 0.035800 0.143100 0.037700 0.080400 0.000000 0.060500 0.019000 0.018700 0.079400 0.096000 0.037500 0.056600 0.037700 0.018900 0.123400 0.159500 0.037700 0.094000 0.000000 0.056000 0.018700 0.013000 0.118400 0.083100 0.203500 0.000000 0.056900 0.019100 0.018800 0.037400 0.098200 0.195200 0.123000 0.056200 0.122100 0.159500 0.019400 0.019700 0.074000 0.056900 0.038700 0.095400 0.013000 0.035900
Bongo 0.034300 0.349800 0.038700 0.555400 0.054500 0.054900 0.139000 0.116400 0.018900 0.163100 0.054900 0.100100 0.056000 0.122900 0.076500 0.074500 0.098900 0.076800 0.054700 0.077600 0.094800 0.035500 0.143400 0.179100 0.054900 0.152700 0.056000 0.000000 0.074500 0.038700 0.181000 0.148000 0.223700 0.056000 0.115500 0.038000 0.034300 0.054500 0.116400 0.213300 0.142900 0.113100 0.141900 0.180700 0.038700 0.077300 0.090000 0.114800 0.096600 0.154700 0.038700 0.057900
Gerenuk 0.074000 0.380400 0.035300 0.585400 0.055200 0.055600 0.056500 0.036900 0.055000 0.160200 0.055600 0.098600 0.018700 0.079100 0.037400 0.000000 0.097400 0.114000 0.055400 0.075100 0.018100 0.037100 0.141000 0.175900 0.055600 0.072300 0.018700 0.074500 0.000000 0.035300 0.135600 0.101700 0.219900 0.018700 0.074700 0.037500 0.037000 0.055200 0.075400 0.211100 0.140500 0.036200 0.139600 0.176200 0.038100 0.038700 0.053700 0.074500 0.057100 0.112600 0.035300 0.055200
CommonElan 0.075900 0.361700 0.000000 0.568800 0.056100 0.056600 0.099400 0.077300 0.018500 0.122800 0.056500 0.060300 0.013000 0.081900 0.037100 0.035300 0.059600 0.078800 0.056300 0.039000 0.056000 0.036700 0.102900 0.139600 0.056500 0.114300 0.013000 0.038700 0.035300 0.000000 0.140700 0.106100 0.182500 0.013000 0.076700 0.000100 0.035600 0.056100 0.119700 0.218400 0.102600 0.074600 0.101800 0.140800 0.000100 0.034900 0.092500 0.075600 0.056500 0.115700 0.000000 0.018700
MuntiacusR 0.176500 0.507900 0.140700 0.678100 0.155700 0.114900 0.203700 0.179700 0.160500 0.056500 0.157000 0.209800 0.118400 0.189200 0.138300 0.135600 0.161800 0.180200 0.156300 0.137800 0.156800 0.137400 0.038100 0.113700 0.157000 0.172000 0.118400 0.181000 0.135600 0.140700 0.000000 0.216700 0.294300 0.118400 0.135000 0.138500 0.136700 0.155700 0.225300 0.108900 0.037900 0.175500 0.035800 0.113700 0.141200 0.143800 0.193100 0.094100 0.161200 0.175400 0.140700 0.160900
HarveysDui 0.142800 0.483300 0.106100 0.668400 0.121700 0.122900 0.079300 0.147000 0.126800 0.248100 0.122900 0.176400 0.083100 0.019900 0.060500 0.101700 0.174000 0.192900 0.122300 0.149400 0.123400 0.102700 0.227100 0.263500 0.122900 0.184300 0.083100 0.148000 0.101700 0.106100 0.216700 0.000000 0.255000 0.083100 0.144200 0.104200 0.102600 0.121700 0.168700 0.248300 0.226200 0.142900 0.224300 0.265200 0.105600 0.108200 0.161300 0.145000 0.127200 0.187100 0.106100 0.127100
Pronghorn 0.217900 0.554000 0.182500 0.526400 0.241900 0.244400 0.241100 0.267600 0.202500 0.273400 0.244200 0.229600 0.203500 0.227400 0.224100 0.219900 0.157300 0.133900 0.243000 0.224700 0.243100 0.223400 0.253600 0.242400 0.244200 0.257100 0.203500 0.223700 0.219900 0.182500 0.294300 0.255000 0.000000 0.203500 0.267200 0.178200 0.222900 0.241900 0.292100 0.235400 0.252600 0.216000 0.251000 0.244700 0.180300 0.186000 0.280100 0.266400 0.249200 0.132200 0.182500 0.158200
BlueWildeb 0.056400 0.355700 0.013000 0.576000 0.037400 0.037700 0.078100 0.057600 0.035800 0.143100 0.037700 0.080400 0.000000 0.060500 0.019000 0.018700 0.079400 0.096000 0.037500 0.056600 0.037700 0.018900 0.123400 0.159500 0.037700 0.094000 0.000000 0.056000 0.018700 0.013000 0.118400 0.083100 0.203500 0.000000 0.056900 0.019100 0.018800 0.037400 0.098200 0.195200 0.123000 0.056200 0.122100 0.159500 0.019400 0.019700 0.074000 0.056900 0.038700 0.095400 0.013000 0.035900
Gemsbok 0.112600 0.439900 0.076700 0.593700 0.093300 0.055100 0.136100 0.115100 0.095900 0.204400 0.094000 0.140700 0.056900 0.120200 0.075600 0.074700 0.139000 0.156700 0.093600 0.075000 0.094300 0.075200 0.185000 0.219800 0.094000 0.150700 0.056900 0.115500 0.074700 0.076700 0.135000 0.144200 0.267200 0.056900 0.000000 0.076100 0.075200 0.093300 0.157300 0.210900 0.184300 0.112500 0.183100 0.220900 0.077500 0.078900 0.129900 0.074100 0.096800 0.153300 0.076700 0.096100
Yak 0.075500 0.357100 0.000100 0.555500 0.056400 0.056900 0.098000 0.077000 0.019000 0.119900 0.056800 0.058900 0.019100 0.081000 0.038200 0.037500 0.058200 0.077100 0.056600 0.038300 0.056700 0.038000 0.100500 0.136500 0.056800 0.113000 0.019100 0.038000 0.037500 0.000100 0.138500 0.104200 0.178200 0.019100 0.076100 0.000000 0.037800 0.056400 0.118300 0.214800 0.100200 0.075100 0.099400 0.137500 0.000100 0.039700 0.092800 0.076100 0.058200 0.114700 0.000100 0.019100
BlueSheep 0.036500 0.347800 0.035600 0.527200 0.018200 0.018300 0.096600 0.076000 0.055500 0.161600 0.018300 0.099400 0.018800 0.079700 0.037600 0.037000 0.098500 0.073600 0.018200 0.075700 0.056000 0.000000 0.142300 0.178300 0.018300 0.111600 0.018800 0.034300 0.037000 0.035600 0.136700 0.102600 0.222900 0.018800 0.075200 0.037800 0.000000 0.018200 0.076000 0.170400 0.141800 0.074200 0.140800 0.178700 0.038500 0.039100 0.053900 0.075200 0.057500 0.113700 0.035600 0.055600
BohorReedb 0.053800 0.348300 0.056100 0.549700 0.000000 0.036300 0.114900 0.094500 0.075200 0.180900 0.036300 0.118700 0.037400 0.098700 0.055900 0.055200 0.117300 0.092900 0.035300 0.095200 0.074400 0.018200 0.161700 0.196400 0.035400 0.129800 0.037400 0.054500 0.055200 0.056100 0.155700 0.121700 0.241900 0.037400 0.093300 0.056400 0.018200 0.000000 0.094600 0.188500 0.161200 0.092300 0.160100 0.197200 0.057400 0.058300 0.071600 0.093600 0.076300 0.131900 0.056100 0.075400
KirksDik 0.114100 0.445900 0.119700 0.665400 0.094600 0.095400 0.116900 0.116400 0.139400 0.254600 0.095300 0.187500 0.098200 0.143400 0.117900 0.075400 0.184800 0.157700 0.095000 0.160900 0.095200 0.076400 0.234700 0.269500 0.095300 0.152100 0.098200 0.116400 0.075400 0.119700 0.225300 0.168700 0.292100 0.098200 0.157300 0.118300 0.076000 0.094600 0.000000 0.257400 0.233800 0.114100 0.232100 0.271000 0.111400 0.122500 0.092000 0.157300 0.140200 0.197600 0.119700 0.139700
RoeDeer 0.209300 0.570800 0.218400 0.482100 0.188500 0.148300 0.235500 0.257000 0.238200 0.172400 0.190000 0.267300 0.195200 0.221600 0.171000 0.211100 0.196300 0.170700 0.189200 0.214400 0.233100 0.170700 0.153900 0.147800 0.190000 0.247600 0.195200 0.213300 0.211100 0.218400 0.108900 0.248300 0.235400 0.195200 0.210900 0.214800 0.170400 0.188500 0.257400 0.000000 0.153300 0.252000 0.152300 0.147700 0.218900 0.223300 0.225100 0.168100 0.239000 0.167100 0.218400 0.193400
WhiteLippe 0.182700 0.481500 0.102600 0.692100 0.161200 0.162800 0.211700 0.186600 0.122500 0.019200 0.162700 0.169200 0.123000 0.197100 0.143700 0.140500 0.122500 0.142000 0.161900 0.144200 0.162400 0.142600 0.000000 0.076700 0.162700 0.178000 0.123000 0.142900 0.140500 0.102600 0.037900 0.226200 0.252600 0.123000 0.184300 0.100200 0.141800 0.161200 0.233800 0.153300 0.000000 0.181700 0.000100 0.077300 0.102100 0.149200 0.199700 0.139900 0.167400 0.181100 0.102600 0.122800
ThomsonGaz 0.072600 0.370600 0.074600 0.611000 0.092300 0.093100 0.094600 0.074300 0.093700 0.201500 0.093100 0.138600 0.056200 0.119100 0.075000 0.036200 0.136700 0.111200 0.092700 0.114000 0.054800 0.074500 0.182400 0.216800 0.093100 0.035000 0.056200 0.113100 0.036200 0.074600 0.175500 0.142900 0.216000 0.056200 0.112500 0.075100 0.074200 0.092300 0.114100 0.252000 0.181700 0.000000 0.180400 0.217400 0.076400 0.037800 0.089900 0.112300 0.095400 0.110500 0.074600 0.093900
MuntiacusC 0.181400 0.486000 0.101800 0.686800 0.160100 0.161700 0.210000 0.185100 0.121600 0.018900 0.161600 0.168100 0.122100 0.195500 0.142600 0.139600 0.121700 0.141000 0.160800 0.143000 0.161300 0.141600 0.000000 0.076000 0.161600 0.176700 0.122100 0.141900 0.139600 0.101800 0.035800 0.224300 0.251000 0.122100 0.183100 0.099400 0.140800 0.160100 0.232100 0.152300 0.000100 0.180400 0.000000 0.076600 0.101300 0.148300 0.198200 0.138900 0.166200 0.180100 0.101800 0.121900
WhiteTaile 0.219000 0.567100 0.140800 0.606800 0.197200 0.199300 0.249300 0.177900 0.160400 0.056600 0.199200 0.207700 0.159500 0.235300 0.180700 0.176200 0.117600 0.136700 0.198200 0.182300 0.198300 0.179200 0.077600 0.000000 0.199200 0.170400 0.159500 0.180700 0.176200 0.140800 0.113700 0.265200 0.244700 0.159500 0.220900 0.137500 0.178700 0.197200 0.271000 0.147700 0.077300 0.217400 0.076600 0.000000 0.140000 0.185900 0.235100 0.175900 0.158500 0.173800 0.140800 0.160800
Cattle 0.076800 0.367100 0.000100 0.569900 0.057400 0.057900 0.099200 0.078400 0.019300 0.122200 0.057800 0.060000 0.019400 0.082000 0.038900 0.038100 0.059300 0.078400 0.057600 0.039000 0.057700 0.038700 0.102500 0.138900 0.057800 0.115100 0.019400 0.038700 0.038100 0.000100 0.141200 0.105600 0.180300 0.019400 0.077500 0.000100 0.038500 0.057400 0.111400 0.218900 0.102100 0.076400 0.101300 0.140000 0.000000 0.040400 0.094400 0.077500 0.059300 0.116800 0.000100 0.019400
RoyalAntel 0.038100 0.348400 0.034900 0.590200 0.058300 0.058800 0.101500 0.079700 0.056400 0.170200 0.058700 0.104600 0.019700 0.084000 0.039500 0.038700 0.103400 0.075300 0.058500 0.078100 0.058700 0.039200 0.149900 0.186200 0.058700 0.076100 0.019700 0.077300 0.038700 0.034900 0.143800 0.108200 0.186000 0.019700 0.078900 0.039700 0.039100 0.058300 0.122500 0.223300 0.149200 0.037800 0.148300 0.185900 0.040400 0.000000 0.096000 0.078600 0.060100 0.077500 0.034900 0.056600
Steenbok 0.090000 0.391000 0.092500 0.597900 0.071600 0.072100 0.112300 0.092000 0.111300 0.219300 0.072100 0.156500 0.074000 0.137300 0.092700 0.053700 0.154500 0.128800 0.071900 0.131500 0.072300 0.054100 0.200400 0.234600 0.072100 0.126700 0.074000 0.090000 0.053700 0.092500 0.193100 0.161300 0.280100 0.074000 0.129900 0.092800 0.053900 0.071600 0.092000 0.225100 0.199700 0.089900 0.198200 0.235100 0.094400 0.096000 0.000000 0.129900 0.113300 0.167900 0.092500 0.111500
Impala 0.112900 0.440500 0.075600 0.628800 0.093600 0.055300 0.136800 0.115000 0.095000 0.159700 0.094300 0.159700 0.056900 0.120800 0.076000 0.074500 0.138600 0.155900 0.093900 0.074000 0.094100 0.075500 0.140500 0.175800 0.094300 0.150600 0.056900 0.114800 0.074500 0.075600 0.094100 0.145000 0.266400 0.056900 0.074100 0.076100 0.075200 0.093600 0.157300 0.168100 0.139900 0.112300 0.138900 0.175900 0.077500 0.078600 0.129900 0.000000 0.096600 0.152700 0.075600 0.095200
Klipspring 0.095800 0.425500 0.056500 0.567700 0.076300 0.076900 0.119500 0.057500 0.076500 0.187800 0.076900 0.122900 0.038700 0.102900 0.058200 0.057100 0.121500 0.138200 0.076600 0.097500 0.076900 0.057800 0.168000 0.159100 0.076900 0.134000 0.038700 0.096600 0.057100 0.056500 0.161200 0.127200 0.249200 0.038700 0.096800 0.058200 0.057500 0.076300 0.140200 0.239000 0.167400 0.095400 0.166200 0.158500 0.059300 0.060100 0.113300 0.096600 0.000000 0.136100 0.056500 0.076700
ForestMusk 0.111200 0.374000 0.115700 0.490400 0.131900 0.133000 0.176500 0.154000 0.134900 0.200800 0.133000 0.161800 0.095400 0.161800 0.114500 0.112600 0.096100 0.072100 0.132400 0.155600 0.132800 0.114000 0.181800 0.173300 0.133000 0.147900 0.095400 0.154700 0.112600 0.115700 0.175400 0.187100 0.132200 0.095400 0.153300 0.114700 0.113700 0.131900 0.197600 0.167100 0.181100 0.110500 0.180100 0.173800 0.116800 0.077500 0.167900 0.152700 0.136100 0.000000 0.115700 0.093400
Bushbuck 0.075900 0.361700 0.000000 0.568800 0.056100 0.056600 0.099400 0.077300 0.019400 0.122800 0.056500 0.060300 0.013000 0.081900 0.037100 0.035300 0.059600 0.078800 0.056300 0.037700 0.056000 0.036700 0.102900 0.139600 0.056500 0.114300 0.013000 0.038700 0.035300 0.000000 0.140700 0.106100 0.182500 0.013000 0.076700 0.000100 0.035600 0.056100 0.119700 0.218400 0.102600 0.074600 0.101800 0.140800 0.000100 0.034900 0.092500 0.075600 0.056500 0.115700 0.000000 0.019400
GreaterKud 0.095200 0.385900 0.019400 0.528800 0.075400 0.076000 0.119300 0.097000 0.038600 0.143000 0.076000 0.059600 0.035900 0.102500 0.057000 0.055200 0.079300 0.098400 0.075700 0.058300 0.075500 0.056600 0.123200 0.159400 0.076000 0.133600 0.035900 0.057900 0.055200 0.018700 0.160900 0.127100 0.158200 0.035900 0.096100 0.019100 0.055600 0.075400 0.139700 0.193400 0.122800 0.093900 0.121900 0.160800 0.019400 0.056600 0.111500 0.095200 0.076700 0.093400 0.019400 0.000000
