CODONML (in paml version 4.10.7, June 2023)  /home/rachel/ruminants_paml/6406-phy-tree/ENSBTAT00000003869.fasta.phy
Model: free dN/dS Ratios for branches,  kappa = 2.000 fixed

Codon frequency model: F3x4
ns =  54  ls =  39

Codon usage in sequences
--------------------------------------------------------------------------------------------------------------------------------------
Phe TTT   0   0   0   0   0   0 | Ser TCT   4   4   4   4   4   4 | Tyr TAT   1   1   1   1   1   1 | Cys TGT   0   0   0   0   0   0
    TTC   1   1   1   1   1   1 |     TCC   1   1   1   1   1   1 |     TAC   0   0   0   0   0   0 |     TGC   1   1   1   1   1   1
Leu TTA   0   0   0   0   0   0 |     TCA   1   1   1   1   1   1 | *** TAA   0   0   0   0   0   0 | *** TGA   0   0   0   0   0   0
    TTG   1   1   1   1   1   1 |     TCG   0   0   0   0   0   0 |     TAG   0   0   0   0   0   0 | Trp TGG   0   0   0   0   0   0
--------------------------------------------------------------------------------------------------------------------------------------
Leu CTT   2   2   2   2   2   1 | Pro CCT   1   1   1   1   1   1 | His CAT   0   0   0   0   0   0 | Arg CGT   1   1   1   1   1   1
    CTC   0   0   0   0   0   0 |     CCC   0   0   0   0   0   0 |     CAC   1   1   1   1   1   1 |     CGC   0   0   0   0   0   0
    CTA   1   1   1   1   1   2 |     CCA   1   1   1   1   1   1 | Gln CAA   1   1   1   1   1   0 |     CGA   1   1   1   1   1   1
    CTG   1   1   1   1   1   1 |     CCG   0   0   0   0   0   0 |     CAG   0   0   0   0   0   0 |     CGG   0   0   0   0   0   0
--------------------------------------------------------------------------------------------------------------------------------------
Ile ATT   0   0   0   0   0   1 | Thr ACT   2   2   2   2   2   2 | Asn AAT   1   1   1   1   1   1 | Ser AGT   0   0   0   0   0   0
    ATC   0   0   0   0   0   0 |     ACC   1   1   1   1   1   1 |     AAC   1   1   1   1   0   0 |     AGC   0   0   0   0   1   0
    ATA   0   0   0   0   0   0 |     ACA   1   1   1   1   1   1 | Lys AAA   0   0   0   0   0   0 | Arg AGA   0   0   0   0   0   1
Met ATG   1   1   1   1   1   1 |     ACG   0   0   0   0   0   0 |     AAG   1   1   1   1   1   1 |     AGG   1   1   1   1   1   1
--------------------------------------------------------------------------------------------------------------------------------------
Val GTT   2   1   2   2   1   1 | Ala GCT   1   1   1   1   1   1 | Asp GAT   1   1   1   1   1   1 | Gly GGT   0   0   0   0   0   0
    GTC   1   1   1   1   1   1 |     GCC   1   1   1   1   1   1 |     GAC   0   0   0   0   0   0 |     GGC   0   0   0   0   0   0
    GTA   1   2   1   1   2   2 |     GCA   0   0   0   0   0   0 | Glu GAA   1   0   1   1   1   1 |     GGA   1   1   1   1   1   1
    GTG   1   1   1   1   1   1 |     GCG   0   0   0   0   0   0 |     GAG   0   1   0   0   0   0 |     GGG   0   0   0   0   0   0
--------------------------------------------------------------------------------------------------------------------------------------

--------------------------------------------------------------------------------------------------------------------------------------
Phe TTT   0   0   0   0   0   0 | Ser TCT   4   4   4   4   4   4 | Tyr TAT   1   1   1   1   1   1 | Cys TGT   0   0   0   0   0   0
    TTC   1   1   1   1   1   1 |     TCC   1   1   1   1   1   1 |     TAC   0   0   0   0   0   0 |     TGC   1   1   1   1   1   1
Leu TTA   0   0   0   0   0   0 |     TCA   1   1   1   1   1   1 | *** TAA   0   0   0   0   0   0 | *** TGA   0   0   0   0   0   0
    TTG   1   1   1   1   1   1 |     TCG   0   0   0   0   0   0 |     TAG   0   0   0   0   0   0 | Trp TGG   0   0   0   0   0   0
--------------------------------------------------------------------------------------------------------------------------------------
Leu CTT   2   2   2   2   2   2 | Pro CCT   1   1   1   1   1   1 | His CAT   0   0   0   0   0   0 | Arg CGT   1   1   1   1   1   1
    CTC   0   0   0   0   0   0 |     CCC   0   0   0   0   0   0 |     CAC   1   1   1   1   1   1 |     CGC   0   0   0   0   0   0
    CTA   1   1   1   0   1   1 |     CCA   1   1   1   1   1   1 | Gln CAA   1   1   1   1   1   1 |     CGA   1   1   1   1   1   1
    CTG   1   1   1   2   1   1 |     CCG   0   0   0   0   0   0 |     CAG   0   0   0   0   0   0 |     CGG   0   0   0   0   0   0
--------------------------------------------------------------------------------------------------------------------------------------
Ile ATT   0   0   0   0   0   0 | Thr ACT   2   2   2   2   2   2 | Asn AAT   1   1   1   1   1   1 | Ser AGT   0   0   0   0   0   0
    ATC   0   0   0   0   0   0 |     ACC   1   1   1   1   1   1 |     AAC   1   1   1   1   1   1 |     AGC   0   0   0   0   0   0
    ATA   0   0   0   0   0   0 |     ACA   1   1   1   1   1   1 | Lys AAA   0   0   0   0   0   0 | Arg AGA   0   0   0   0   0   0
Met ATG   1   1   1   1   1   1 |     ACG   0   0   0   0   0   0 |     AAG   1   1   1   1   1   1 |     AGG   1   1   1   1   1   1
--------------------------------------------------------------------------------------------------------------------------------------
Val GTT   2   2   2   2   2   2 | Ala GCT   1   1   1   1   1   1 | Asp GAT   1   1   1   1   1   1 | Gly GGT   0   0   0   0   0   0
    GTC   1   1   1   1   1   1 |     GCC   1   1   1   1   1   1 |     GAC   0   0   0   0   0   0 |     GGC   0   0   0   0   0   0
    GTA   1   1   1   1   1   1 |     GCA   0   0   0   0   0   0 | Glu GAA   1   1   1   1   1   1 |     GGA   1   1   1   1   1   1
    GTG   1   1   1   1   1   1 |     GCG   0   0   0   0   0   0 |     GAG   0   0   0   0   0   0 |     GGG   0   0   0   0   0   0
--------------------------------------------------------------------------------------------------------------------------------------

--------------------------------------------------------------------------------------------------------------------------------------
Phe TTT   0   0   0   0   0   0 | Ser TCT   4   4   4   4   3   4 | Tyr TAT   1   1   1   1   1   1 | Cys TGT   0   0   0   0   1   0
    TTC   1   1   1   1   1   1 |     TCC   1   1   1   1   1   1 |     TAC   0   0   0   0   0   0 |     TGC   1   1   1   1   1   1
Leu TTA   0   0   0   0   0   0 |     TCA   1   1   1   1   1   1 | *** TAA   0   0   0   0   0   0 | *** TGA   0   0   0   0   0   0
    TTG   1   1   1   1   1   1 |     TCG   0   0   0   0   0   0 |     TAG   0   0   0   0   0   0 | Trp TGG   0   0   0   0   0   0
--------------------------------------------------------------------------------------------------------------------------------------
Leu CTT   2   2   2   2   1   2 | Pro CCT   1   1   1   1   1   1 | His CAT   0   0   0   0   0   0 | Arg CGT   1   1   1   1   1   1
    CTC   0   0   0   0   0   0 |     CCC   0   0   0   0   0   0 |     CAC   1   1   1   1   1   1 |     CGC   0   0   0   0   0   0
    CTA   1   1   1   1   2   1 |     CCA   1   1   1   1   1   1 | Gln CAA   1   1   1   1   0   1 |     CGA   1   1   1   1   1   1
    CTG   1   1   1   1   1   1 |     CCG   0   0   0   0   0   0 |     CAG   0   0   0   0   0   0 |     CGG   0   0   0   0   0   0
--------------------------------------------------------------------------------------------------------------------------------------
Ile ATT   0   0   0   0   0   0 | Thr ACT   2   2   2   2   2   2 | Asn AAT   1   1   1   1   1   1 | Ser AGT   0   0   0   0   0   0
    ATC   0   0   0   0   0   0 |     ACC   1   1   1   1   1   1 |     AAC   1   1   1   1   1   1 |     AGC   0   0   0   0   0   0
    ATA   0   0   0   0   0   0 |     ACA   1   1   1   1   1   1 | Lys AAA   0   0   0   0   1   0 | Arg AGA   0   0   0   0   0   0
Met ATG   1   1   1   1   1   1 |     ACG   0   0   0   0   0   0 |     AAG   1   1   1   1   1   1 |     AGG   1   1   1   1   1   1
--------------------------------------------------------------------------------------------------------------------------------------
Val GTT   2   2   2   2   2   2 | Ala GCT   1   1   1   1   1   1 | Asp GAT   1   1   1   1   1   1 | Gly GGT   0   0   0   0   0   0
    GTC   1   1   1   1   1   1 |     GCC   1   1   1   1   1   1 |     GAC   0   0   0   0   0   0 |     GGC   0   0   0   0   0   0
    GTA   1   1   1   1   1   1 |     GCA   0   0   0   0   0   0 | Glu GAA   1   1   1   1   1   1 |     GGA   1   1   1   1   1   1
    GTG   1   1   1   1   1   1 |     GCG   0   0   0   0   0   0 |     GAG   0   0   0   0   0   0 |     GGG   0   0   0   0   0   0
--------------------------------------------------------------------------------------------------------------------------------------

--------------------------------------------------------------------------------------------------------------------------------------
Phe TTT   0   0   0   0   0   0 | Ser TCT   4   4   4   4   4   4 | Tyr TAT   1   1   1   1   1   1 | Cys TGT   0   0   0   0   0   0
    TTC   1   1   1   1   1   1 |     TCC   1   1   1   1   1   1 |     TAC   0   0   0   0   0   0 |     TGC   1   1   1   1   1   1
Leu TTA   0   0   0   0   0   0 |     TCA   1   1   1   1   1   1 | *** TAA   0   0   0   0   0   0 | *** TGA   0   0   0   0   0   0
    TTG   2   1   1   1   1   1 |     TCG   0   0   0   0   0   0 |     TAG   0   0   0   0   0   0 | Trp TGG   0   0   0   0   0   0
--------------------------------------------------------------------------------------------------------------------------------------
Leu CTT   2   2   2   2   2   1 | Pro CCT   1   1   1   1   1   1 | His CAT   0   0   0   0   0   0 | Arg CGT   1   1   1   1   1   1
    CTC   0   0   0   0   0   1 |     CCC   0   0   0   0   0   0 |     CAC   1   1   1   1   1   1 |     CGC   0   0   0   0   0   0
    CTA   1   1   1   1   1   1 |     CCA   1   1   1   1   1   1 | Gln CAA   1   1   1   1   1   1 |     CGA   1   1   1   1   1   1
    CTG   0   1   1   1   1   1 |     CCG   0   0   0   0   0   0 |     CAG   0   0   0   0   0   0 |     CGG   0   0   0   0   0   0
--------------------------------------------------------------------------------------------------------------------------------------
Ile ATT   0   0   0   0   0   0 | Thr ACT   2   2   2   2   2   2 | Asn AAT   1   1   1   1   1   1 | Ser AGT   0   0   0   0   0   0
    ATC   0   0   0   0   0   0 |     ACC   1   1   1   1   1   1 |     AAC   1   1   1   1   1   1 |     AGC   0   0   0   0   0   0
    ATA   0   0   0   0   0   0 |     ACA   1   1   1   1   1   1 | Lys AAA   0   0   0   0   0   0 | Arg AGA   0   0   0   0   0   0
Met ATG   1   1   1   1   1   1 |     ACG   0   0   0   0   0   0 |     AAG   1   1   1   1   1   1 |     AGG   1   1   1   1   1   1
--------------------------------------------------------------------------------------------------------------------------------------
Val GTT   2   2   2   2   2   2 | Ala GCT   1   1   1   1   1   1 | Asp GAT   1   1   1   1   1   1 | Gly GGT   0   0   0   0   0   0
    GTC   1   1   1   1   1   1 |     GCC   1   1   1   1   1   1 |     GAC   0   0   0   0   0   0 |     GGC   0   0   0   0   0   0
    GTA   1   1   1   1   1   1 |     GCA   0   0   0   0   0   0 | Glu GAA   1   1   1   1   1   1 |     GGA   1   1   1   1   1   1
    GTG   1   1   1   1   1   1 |     GCG   0   0   0   0   0   0 |     GAG   0   0   0   0   0   0 |     GGG   0   0   0   0   0   0
--------------------------------------------------------------------------------------------------------------------------------------

--------------------------------------------------------------------------------------------------------------------------------------
Phe TTT   0   0   0   0   0   0 | Ser TCT   4   4   4   2   4   4 | Tyr TAT   1   1   1   2   1   1 | Cys TGT   0   0   0   0   0   0
    TTC   1   1   1   1   1   1 |     TCC   1   1   1   1   1   1 |     TAC   0   0   0   0   0   0 |     TGC   1   1   1   1   1   1
Leu TTA   0   0   0   0   0   0 |     TCA   1   1   1   1   1   1 | *** TAA   0   0   0   0   0   0 | *** TGA   0   0   0   0   0   0
    TTG   1   1   1   1   1   1 |     TCG   0   0   0   0   0   0 |     TAG   0   0   0   0   0   0 | Trp TGG   0   0   0   0   0   0
--------------------------------------------------------------------------------------------------------------------------------------
Leu CTT   2   2   2   2   2   2 | Pro CCT   1   1   1   1   1   1 | His CAT   0   0   0   0   0   0 | Arg CGT   1   1   1   1   1   0
    CTC   0   0   0   0   0   0 |     CCC   0   0   0   0   0   0 |     CAC   1   1   1   1   1   1 |     CGC   0   0   0   0   0   1
    CTA   1   1   1   1   1   1 |     CCA   1   1   1   1   1   1 | Gln CAA   1   1   1   1   1   1 |     CGA   1   1   1   1   1   1
    CTG   1   1   1   1   1   1 |     CCG   0   0   0   0   0   0 |     CAG   0   0   0   0   0   0 |     CGG   0   0   0   0   0   0
--------------------------------------------------------------------------------------------------------------------------------------
Ile ATT   0   0   0   0   0   0 | Thr ACT   2   2   2   3   2   2 | Asn AAT   1   1   1   1   1   1 | Ser AGT   0   0   0   0   0   0
    ATC   0   0   0   0   0   0 |     ACC   1   1   1   1   1   1 |     AAC   1   1   1   1   1   1 |     AGC   0   0   0   0   0   0
    ATA   0   0   0   0   0   0 |     ACA   1   1   1   1   1   1 | Lys AAA   0   0   0   0   0   0 | Arg AGA   0   0   0   0   0   0
Met ATG   1   1   1   1   1   1 |     ACG   0   0   0   0   0   0 |     AAG   1   1   1   1   1   1 |     AGG   1   1   1   1   1   1
--------------------------------------------------------------------------------------------------------------------------------------
Val GTT   2   2   2   2   2   2 | Ala GCT   1   1   1   1   1   1 | Asp GAT   1   1   1   1   1   1 | Gly GGT   0   0   0   0   0   0
    GTC   1   1   1   1   1   1 |     GCC   1   1   1   1   1   1 |     GAC   0   0   0   0   0   0 |     GGC   0   0   0   0   0   0
    GTA   1   1   1   1   1   1 |     GCA   0   0   0   0   0   0 | Glu GAA   1   1   1   1   1   1 |     GGA   1   1   1   1   1   1
    GTG   1   1   1   1   1   1 |     GCG   0   0   0   0   0   0 |     GAG   0   0   0   0   0   0 |     GGG   0   0   0   0   0   0
--------------------------------------------------------------------------------------------------------------------------------------

--------------------------------------------------------------------------------------------------------------------------------------
Phe TTT   0   0   0   0   0   0 | Ser TCT   4   4   4   3   4   4 | Tyr TAT   1   1   1   1   1   1 | Cys TGT   0   0   0   1   0   0
    TTC   1   1   1   1   1   1 |     TCC   1   0   1   1   1   1 |     TAC   0   0   0   0   0   0 |     TGC   1   1   1   1   1   1
Leu TTA   0   0   0   0   0   0 |     TCA   1   1   1   1   1   1 | *** TAA   0   0   0   0   0   0 | *** TGA   0   0   0   0   0   0
    TTG   1   1   1   1   1   1 |     TCG   0   1   0   0   0   0 |     TAG   0   0   0   0   0   0 | Trp TGG   0   0   0   0   0   0
--------------------------------------------------------------------------------------------------------------------------------------
Leu CTT   2   2   2   2   2   2 | Pro CCT   1   1   1   1   1   1 | His CAT   0   0   0   0   0   0 | Arg CGT   1   1   1   1   1   1
    CTC   0   0   0   0   0   0 |     CCC   0   0   0   0   0   0 |     CAC   1   1   1   1   1   1 |     CGC   0   0   0   0   0   0
    CTA   1   1   1   1   1   1 |     CCA   1   1   1   1   1   1 | Gln CAA   1   1   1   1   1   1 |     CGA   1   1   1   1   1   1
    CTG   1   1   1   1   1   1 |     CCG   0   0   0   0   0   0 |     CAG   0   0   0   0   0   0 |     CGG   0   0   0   0   0   0
--------------------------------------------------------------------------------------------------------------------------------------
Ile ATT   0   0   0   0   0   0 | Thr ACT   2   2   2   2   2   2 | Asn AAT   1   1   1   1   1   1 | Ser AGT   0   0   0   0   0   0
    ATC   0   0   0   0   0   0 |     ACC   1   1   1   1   1   1 |     AAC   1   1   1   1   1   1 |     AGC   0   0   0   0   0   0
    ATA   0   0   0   0   0   0 |     ACA   1   1   1   1   1   1 | Lys AAA   0   0   0   0   0   0 | Arg AGA   0   0   0   0   0   0
Met ATG   1   1   1   1   1   1 |     ACG   0   0   0   0   0   0 |     AAG   1   1   1   1   1   1 |     AGG   1   1   1   1   1   1
--------------------------------------------------------------------------------------------------------------------------------------
Val GTT   2   2   2   2   2   2 | Ala GCT   1   1   1   1   1   1 | Asp GAT   1   1   1   1   1   1 | Gly GGT   0   0   0   0   0   0
    GTC   1   1   1   1   1   1 |     GCC   1   1   1   1   1   1 |     GAC   0   0   0   0   0   0 |     GGC   1   0   0   0   0   0
    GTA   1   1   1   1   1   1 |     GCA   0   0   0   0   0   0 | Glu GAA   1   1   1   1   1   1 |     GGA   0   1   1   1   1   1
    GTG   1   1   1   1   1   1 |     GCG   0   0   0   0   0   0 |     GAG   0   0   0   0   0   0 |     GGG   0   0   0   0   0   0
--------------------------------------------------------------------------------------------------------------------------------------

--------------------------------------------------------------------------------------------------------------------------------------
Phe TTT   0   0   0   0   0   0 | Ser TCT   4   4   4   4   4   4 | Tyr TAT   1   1   1   1   1   1 | Cys TGT   0   0   0   0   0   0
    TTC   1   1   1   1   1   1 |     TCC   1   1   1   1   1   1 |     TAC   0   0   0   0   0   0 |     TGC   1   1   1   1   1   1
Leu TTA   0   0   0   0   0   0 |     TCA   1   1   1   1   1   1 | *** TAA   0   0   0   0   0   0 | *** TGA   0   0   0   0   0   0
    TTG   1   1   1   1   1   1 |     TCG   0   0   0   0   0   0 |     TAG   0   0   0   0   0   0 | Trp TGG   0   0   0   0   0   0
--------------------------------------------------------------------------------------------------------------------------------------
Leu CTT   2   2   2   2   2   2 | Pro CCT   1   0   1   1   1   1 | His CAT   0   0   0   0   0   0 | Arg CGT   1   1   1   1   1   1
    CTC   0   0   0   0   0   0 |     CCC   0   1   0   0   0   0 |     CAC   1   1   1   1   1   1 |     CGC   0   0   0   0   0   0
    CTA   1   1   1   1   1   1 |     CCA   1   1   1   1   1   1 | Gln CAA   1   1   1   1   1   1 |     CGA   1   1   1   1   1   1
    CTG   1   1   1   1   1   1 |     CCG   0   0   0   0   0   0 |     CAG   0   0   0   0   0   0 |     CGG   0   0   0   0   0   0
--------------------------------------------------------------------------------------------------------------------------------------
Ile ATT   0   0   0   0   0   0 | Thr ACT   2   2   2   2   2   2 | Asn AAT   1   1   1   1   1   1 | Ser AGT   0   0   0   0   0   0
    ATC   0   0   0   0   0   0 |     ACC   1   1   1   1   1   1 |     AAC   1   1   1   1   1   1 |     AGC   0   0   0   0   0   0
    ATA   0   0   0   0   0   0 |     ACA   1   1   1   1   1   1 | Lys AAA   0   0   0   0   0   0 | Arg AGA   0   0   0   0   0   0
Met ATG   1   1   1   1   1   1 |     ACG   0   0   0   0   0   0 |     AAG   1   1   1   1   1   1 |     AGG   1   1   1   1   1   1
--------------------------------------------------------------------------------------------------------------------------------------
Val GTT   2   3   2   2   2   2 | Ala GCT   1   0   1   1   1   1 | Asp GAT   1   1   1   1   1   1 | Gly GGT   0   0   0   0   0   0
    GTC   1   1   1   1   1   1 |     GCC   1   1   1   1   1   1 |     GAC   0   0   0   0   0   0 |     GGC   0   0   0   0   0   0
    GTA   1   1   1   1   1   1 |     GCA   0   0   0   0   0   0 | Glu GAA   1   1   1   1   1   1 |     GGA   1   1   1   1   1   1
    GTG   1   1   1   1   1   1 |     GCG   0   0   0   0   0   0 |     GAG   0   0   0   0   0   0 |     GGG   0   0   0   0   0   0
--------------------------------------------------------------------------------------------------------------------------------------

--------------------------------------------------------------------------------------------------------------------------------------
Phe TTT   0   0   0   0   0   0 | Ser TCT   4   3   4   4   4   4 | Tyr TAT   1   2   1   1   1   1 | Cys TGT   0   0   0   0   0   0
    TTC   1   1   1   1   1   1 |     TCC   1   1   1   1   1   1 |     TAC   0   0   0   0   0   0 |     TGC   1   1   1   1   1   1
Leu TTA   0   0   0   0   0   0 |     TCA   1   1   1   1   1   1 | *** TAA   0   0   0   0   0   0 | *** TGA   0   0   0   0   0   0
    TTG   1   1   1   1   1   1 |     TCG   0   0   0   0   0   0 |     TAG   0   0   0   0   0   0 | Trp TGG   0   0   0   0   0   0
--------------------------------------------------------------------------------------------------------------------------------------
Leu CTT   2   2   2   2   2   2 | Pro CCT   1   1   1   1   0   1 | His CAT   0   0   0   0   0   0 | Arg CGT   1   1   1   1   1   1
    CTC   0   0   0   0   0   0 |     CCC   0   0   0   0   1   0 |     CAC   1   1   1   1   1   1 |     CGC   0   0   0   0   0   0
    CTA   1   1   1   1   1   1 |     CCA   1   1   1   1   1   1 | Gln CAA   1   1   1   1   1   1 |     CGA   1   1   1   1   1   1
    CTG   1   1   1   1   1   1 |     CCG   0   0   0   0   0   0 |     CAG   0   0   0   0   0   0 |     CGG   0   0   0   0   0   0
--------------------------------------------------------------------------------------------------------------------------------------
Ile ATT   0   0   0   0   0   0 | Thr ACT   2   2   2   2   2   2 | Asn AAT   1   1   1   1   1   1 | Ser AGT   0   0   0   0   0   0
    ATC   0   0   0   0   0   0 |     ACC   1   1   1   1   1   1 |     AAC   1   1   1   1   1   1 |     AGC   0   0   0   0   0   0
    ATA   0   0   0   0   0   0 |     ACA   1   1   1   1   1   1 | Lys AAA   0   0   0   0   0   0 | Arg AGA   0   0   0   0   0   0
Met ATG   1   1   1   1   1   1 |     ACG   0   0   0   0   0   0 |     AAG   1   1   1   1   1   1 |     AGG   1   1   1   1   1   1
--------------------------------------------------------------------------------------------------------------------------------------
Val GTT   2   2   2   2   2   2 | Ala GCT   1   1   1   1   1   1 | Asp GAT   1   1   1   1   1   1 | Gly GGT   0   0   0   0   0   0
    GTC   1   1   1   1   1   1 |     GCC   1   1   1   1   1   1 |     GAC   0   0   0   0   0   0 |     GGC   0   0   0   0   0   0
    GTA   1   1   1   1   1   1 |     GCA   0   0   0   0   0   0 | Glu GAA   1   1   1   1   1   1 |     GGA   1   1   1   1   1   1
    GTG   1   1   1   1   1   1 |     GCG   0   0   0   0   0   0 |     GAG   0   0   0   0   0   0 |     GGG   0   0   0   0   0   0
--------------------------------------------------------------------------------------------------------------------------------------

--------------------------------------------------------------------------------------------------------------------------------------
Phe TTT   0   0   0   0   0   0 | Ser TCT   4   4   4   4   4   4 | Tyr TAT   1   1   1   1   1   1 | Cys TGT   0   0   0   0   0   0
    TTC   1   1   1   1   1   1 |     TCC   1   1   1   1   1   1 |     TAC   0   0   0   0   0   0 |     TGC   1   1   1   1   1   1
Leu TTA   0   0   0   0   0   0 |     TCA   1   1   1   1   1   1 | *** TAA   0   0   0   0   0   0 | *** TGA   0   0   0   0   0   0
    TTG   1   1   1   1   1   1 |     TCG   0   0   0   0   0   0 |     TAG   0   0   0   0   0   0 | Trp TGG   0   0   0   0   0   0
--------------------------------------------------------------------------------------------------------------------------------------
Leu CTT   2   2   2   2   2   2 | Pro CCT   1   1   1   1   1   1 | His CAT   0   0   0   0   0   0 | Arg CGT   1   1   1   1   1   1
    CTC   0   0   0   0   0   0 |     CCC   0   0   0   0   0   0 |     CAC   1   1   1   1   1   1 |     CGC   0   0   0   0   0   0
    CTA   1   1   1   1   1   1 |     CCA   1   1   1   1   1   1 | Gln CAA   1   1   1   1   1   1 |     CGA   1   1   1   1   1   1
    CTG   1   1   1   1   1   1 |     CCG   0   0   0   0   0   0 |     CAG   0   0   0   0   0   0 |     CGG   0   0   0   0   0   0
--------------------------------------------------------------------------------------------------------------------------------------
Ile ATT   0   0   1   0   0   0 | Thr ACT   2   2   2   2   2   2 | Asn AAT   1   1   1   1   1   1 | Ser AGT   0   0   0   0   0   0
    ATC   0   0   0   0   0   0 |     ACC   1   1   1   1   1   1 |     AAC   1   1   1   1   1   1 |     AGC   0   0   0   0   0   0
    ATA   0   0   0   0   0   0 |     ACA   1   1   1   1   1   1 | Lys AAA   0   0   0   0   0   0 | Arg AGA   0   0   0   0   0   0
Met ATG   1   1   1   1   1   1 |     ACG   0   0   0   0   0   0 |     AAG   1   1   1   1   1   1 |     AGG   1   1   1   1   1   1
--------------------------------------------------------------------------------------------------------------------------------------
Val GTT   2   2   1   2   2   2 | Ala GCT   2   1   1   1   1   1 | Asp GAT   1   1   1   1   1   1 | Gly GGT   0   0   0   0   0   0
    GTC   1   1   1   1   1   1 |     GCC   0   1   1   1   1   1 |     GAC   0   0   0   0   0   0 |     GGC   0   0   0   0   0   0
    GTA   1   1   1   1   1   1 |     GCA   0   0   0   0   0   0 | Glu GAA   1   1   1   1   1   1 |     GGA   1   1   1   1   1   1
    GTG   1   1   1   1   1   1 |     GCG   0   0   0   0   0   0 |     GAG   0   0   0   0   0   0 |     GGG   0   0   0   0   0   0
--------------------------------------------------------------------------------------------------------------------------------------

Codon position x base (3x4) table for each sequence.

#1: Argali         
position  1:    T:0.25641    C:0.25641    A:0.23077    G:0.25641
position  2:    T:0.30769    C:0.35897    A:0.20513    G:0.12821
position  3:    T:0.41026    C:0.20513    A:0.23077    G:0.15385
Average         T:0.32479    C:0.27350    A:0.22222    G:0.17949

#2: LesserMouseDeer
position  1:    T:0.25641    C:0.25641    A:0.23077    G:0.25641
position  2:    T:0.30769    C:0.35897    A:0.20513    G:0.12821
position  3:    T:0.38462    C:0.20513    A:0.23077    G:0.17949
Average         T:0.31624    C:0.27350    A:0.22222    G:0.18803

#3: LesserKudu     
position  1:    T:0.25641    C:0.25641    A:0.23077    G:0.25641
position  2:    T:0.30769    C:0.35897    A:0.20513    G:0.12821
position  3:    T:0.41026    C:0.20513    A:0.23077    G:0.15385
Average         T:0.32479    C:0.27350    A:0.22222    G:0.17949

#4: ForestMuskDeer2
position  1:    T:0.25641    C:0.25641    A:0.23077    G:0.25641
position  2:    T:0.30769    C:0.35897    A:0.20513    G:0.12821
position  3:    T:0.41026    C:0.20513    A:0.23077    G:0.15385
Average         T:0.32479    C:0.27350    A:0.22222    G:0.17949

#5: Camel          
position  1:    T:0.25641    C:0.25641    A:0.23077    G:0.25641
position  2:    T:0.30769    C:0.35897    A:0.17949    G:0.15385
position  3:    T:0.38462    C:0.20513    A:0.25641    G:0.15385
Average         T:0.31624    C:0.27350    A:0.22222    G:0.18803

#6: KillerWhale    
position  1:    T:0.25641    C:0.23077    A:0.25641    G:0.25641
position  2:    T:0.33333    C:0.35897    A:0.15385    G:0.15385
position  3:    T:0.38462    C:0.17949    A:0.28205    G:0.15385
Average         T:0.32479    C:0.25641    A:0.23077    G:0.18803

#7: DefassaWaterbuck
position  1:    T:0.25641    C:0.25641    A:0.23077    G:0.25641
position  2:    T:0.30769    C:0.35897    A:0.20513    G:0.12821
position  3:    T:0.41026    C:0.20513    A:0.23077    G:0.15385
Average         T:0.32479    C:0.27350    A:0.22222    G:0.17949

#8: Sheep          
position  1:    T:0.25641    C:0.25641    A:0.23077    G:0.25641
position  2:    T:0.30769    C:0.35897    A:0.20513    G:0.12821
position  3:    T:0.41026    C:0.20513    A:0.23077    G:0.15385
Average         T:0.32479    C:0.27350    A:0.22222    G:0.17949

#9: MaxwellsDuiker 
position  1:    T:0.25641    C:0.25641    A:0.23077    G:0.25641
position  2:    T:0.30769    C:0.35897    A:0.20513    G:0.12821
position  3:    T:0.41026    C:0.20513    A:0.23077    G:0.15385
Average         T:0.32479    C:0.27350    A:0.22222    G:0.17949

#10: GazellaPrzewalskyi
position  1:    T:0.25641    C:0.25641    A:0.23077    G:0.25641
position  2:    T:0.30769    C:0.35897    A:0.20513    G:0.12821
position  3:    T:0.41026    C:0.20513    A:0.20513    G:0.17949
Average         T:0.32479    C:0.27350    A:0.21368    G:0.18803

#11: MountainNyala  
position  1:    T:0.25641    C:0.25641    A:0.23077    G:0.25641
position  2:    T:0.30769    C:0.35897    A:0.20513    G:0.12821
position  3:    T:0.41026    C:0.20513    A:0.23077    G:0.15385
Average         T:0.32479    C:0.27350    A:0.22222    G:0.17949

#12: MuntiacusMuntjak
position  1:    T:0.25641    C:0.25641    A:0.23077    G:0.25641
position  2:    T:0.30769    C:0.35897    A:0.20513    G:0.12821
position  3:    T:0.41026    C:0.20513    A:0.23077    G:0.15385
Average         T:0.32479    C:0.27350    A:0.22222    G:0.17949

#13: goat           
position  1:    T:0.25641    C:0.25641    A:0.23077    G:0.25641
position  2:    T:0.30769    C:0.35897    A:0.20513    G:0.12821
position  3:    T:0.41026    C:0.20513    A:0.23077    G:0.15385
Average         T:0.32479    C:0.27350    A:0.22222    G:0.17949

#14: AfricanBuffalo 
position  1:    T:0.25641    C:0.25641    A:0.23077    G:0.25641
position  2:    T:0.30769    C:0.35897    A:0.20513    G:0.12821
position  3:    T:0.41026    C:0.20513    A:0.23077    G:0.15385
Average         T:0.32479    C:0.27350    A:0.22222    G:0.17949

#15: Topi           
position  1:    T:0.25641    C:0.25641    A:0.23077    G:0.25641
position  2:    T:0.30769    C:0.35897    A:0.20513    G:0.12821
position  3:    T:0.41026    C:0.20513    A:0.23077    G:0.15385
Average         T:0.32479    C:0.27350    A:0.22222    G:0.17949

#16: CommonDuiker   
position  1:    T:0.25641    C:0.25641    A:0.23077    G:0.25641
position  2:    T:0.30769    C:0.35897    A:0.20513    G:0.12821
position  3:    T:0.41026    C:0.20513    A:0.23077    G:0.15385
Average         T:0.32479    C:0.27350    A:0.22222    G:0.17949

#17: Suni           
position  1:    T:0.25641    C:0.23077    A:0.25641    G:0.25641
position  2:    T:0.30769    C:0.33333    A:0.20513    G:0.15385
position  3:    T:0.38462    C:0.20513    A:0.25641    G:0.15385
Average         T:0.31624    C:0.25641    A:0.23932    G:0.18803

#18: Springbuck     
position  1:    T:0.25641    C:0.25641    A:0.23077    G:0.25641
position  2:    T:0.30769    C:0.35897    A:0.20513    G:0.12821
position  3:    T:0.41026    C:0.20513    A:0.23077    G:0.15385
Average         T:0.32479    C:0.27350    A:0.22222    G:0.17949

#19: Okapi          
position  1:    T:0.28205    C:0.23077    A:0.23077    G:0.25641
position  2:    T:0.30769    C:0.35897    A:0.20513    G:0.12821
position  3:    T:0.41026    C:0.20513    A:0.23077    G:0.15385
Average         T:0.33333    C:0.26496    A:0.22222    G:0.17949

#20: Giraffe        
position  1:    T:0.25641    C:0.25641    A:0.23077    G:0.25641
position  2:    T:0.30769    C:0.35897    A:0.20513    G:0.12821
position  3:    T:0.41026    C:0.20513    A:0.23077    G:0.15385
Average         T:0.32479    C:0.27350    A:0.22222    G:0.17949

#21: TibetanAntelope
position  1:    T:0.25641    C:0.25641    A:0.23077    G:0.25641
position  2:    T:0.30769    C:0.35897    A:0.20513    G:0.12821
position  3:    T:0.41026    C:0.20513    A:0.23077    G:0.15385
Average         T:0.32479    C:0.27350    A:0.22222    G:0.17949

#22: Sitatunga      
position  1:    T:0.25641    C:0.25641    A:0.23077    G:0.25641
position  2:    T:0.30769    C:0.35897    A:0.20513    G:0.12821
position  3:    T:0.41026    C:0.20513    A:0.23077    G:0.15385
Average         T:0.32479    C:0.27350    A:0.22222    G:0.17949

#23: Oribi          
position  1:    T:0.25641    C:0.25641    A:0.23077    G:0.25641
position  2:    T:0.30769    C:0.35897    A:0.20513    G:0.12821
position  3:    T:0.41026    C:0.20513    A:0.23077    G:0.15385
Average         T:0.32479    C:0.27350    A:0.22222    G:0.17949

#24: BarbarySheep   
position  1:    T:0.25641    C:0.25641    A:0.23077    G:0.25641
position  2:    T:0.30769    C:0.35897    A:0.20513    G:0.12821
position  3:    T:0.38462    C:0.23077    A:0.23077    G:0.15385
Average         T:0.31624    C:0.28205    A:0.22222    G:0.17949

#25: Daviddeer      
position  1:    T:0.25641    C:0.25641    A:0.23077    G:0.25641
position  2:    T:0.30769    C:0.35897    A:0.20513    G:0.12821
position  3:    T:0.41026    C:0.20513    A:0.23077    G:0.15385
Average         T:0.32479    C:0.27350    A:0.22222    G:0.17949

#26: Reindeer       
position  1:    T:0.25641    C:0.25641    A:0.23077    G:0.25641
position  2:    T:0.30769    C:0.35897    A:0.20513    G:0.12821
position  3:    T:0.41026    C:0.20513    A:0.23077    G:0.15385
Average         T:0.32479    C:0.27350    A:0.22222    G:0.17949

#27: Ibex           
position  1:    T:0.25641    C:0.25641    A:0.23077    G:0.25641
position  2:    T:0.30769    C:0.35897    A:0.20513    G:0.12821
position  3:    T:0.41026    C:0.20513    A:0.23077    G:0.15385
Average         T:0.32479    C:0.27350    A:0.22222    G:0.17949

#28: GyrantGazelle  
position  1:    T:0.23077    C:0.25641    A:0.25641    G:0.25641
position  2:    T:0.30769    C:0.33333    A:0.23077    G:0.12821
position  3:    T:0.41026    C:0.20513    A:0.23077    G:0.15385
Average         T:0.31624    C:0.26496    A:0.23932    G:0.17949

#29: Hartebeest     
position  1:    T:0.25641    C:0.25641    A:0.23077    G:0.25641
position  2:    T:0.30769    C:0.35897    A:0.20513    G:0.12821
position  3:    T:0.41026    C:0.20513    A:0.23077    G:0.15385
Average         T:0.32479    C:0.27350    A:0.22222    G:0.17949

#30: Bongo          
position  1:    T:0.25641    C:0.25641    A:0.23077    G:0.25641
position  2:    T:0.30769    C:0.35897    A:0.20513    G:0.12821
position  3:    T:0.38462    C:0.23077    A:0.23077    G:0.15385
Average         T:0.31624    C:0.28205    A:0.22222    G:0.17949

#31: Gerenuk        
position  1:    T:0.25641    C:0.25641    A:0.23077    G:0.25641
position  2:    T:0.30769    C:0.35897    A:0.20513    G:0.12821
position  3:    T:0.41026    C:0.23077    A:0.20513    G:0.15385
Average         T:0.32479    C:0.28205    A:0.21368    G:0.17949

#32: CommonEland    
position  1:    T:0.25641    C:0.25641    A:0.23077    G:0.25641
position  2:    T:0.30769    C:0.35897    A:0.20513    G:0.12821
position  3:    T:0.41026    C:0.17949    A:0.23077    G:0.17949
Average         T:0.32479    C:0.26496    A:0.22222    G:0.18803

#33: MuntiacusReevesi
position  1:    T:0.25641    C:0.25641    A:0.23077    G:0.25641
position  2:    T:0.30769    C:0.35897    A:0.20513    G:0.12821
position  3:    T:0.41026    C:0.20513    A:0.23077    G:0.15385
Average         T:0.32479    C:0.27350    A:0.22222    G:0.17949

#34: HarveysDuiker  
position  1:    T:0.25641    C:0.25641    A:0.23077    G:0.25641
position  2:    T:0.30769    C:0.33333    A:0.20513    G:0.15385
position  3:    T:0.41026    C:0.20513    A:0.23077    G:0.15385
Average         T:0.32479    C:0.26496    A:0.22222    G:0.18803

#35: Pronghorn      
position  1:    T:0.25641    C:0.25641    A:0.23077    G:0.25641
position  2:    T:0.30769    C:0.35897    A:0.20513    G:0.12821
position  3:    T:0.41026    C:0.20513    A:0.23077    G:0.15385
Average         T:0.32479    C:0.27350    A:0.22222    G:0.17949

#36: BlueWildebeest 
position  1:    T:0.25641    C:0.25641    A:0.23077    G:0.25641
position  2:    T:0.30769    C:0.35897    A:0.20513    G:0.12821
position  3:    T:0.41026    C:0.20513    A:0.23077    G:0.15385
Average         T:0.32479    C:0.27350    A:0.22222    G:0.17949

#37: Gemsbok        
position  1:    T:0.25641    C:0.25641    A:0.23077    G:0.25641
position  2:    T:0.30769    C:0.35897    A:0.20513    G:0.12821
position  3:    T:0.41026    C:0.20513    A:0.23077    G:0.15385
Average         T:0.32479    C:0.27350    A:0.22222    G:0.17949

#38: Yak            
position  1:    T:0.25641    C:0.25641    A:0.23077    G:0.25641
position  2:    T:0.33333    C:0.33333    A:0.20513    G:0.12821
position  3:    T:0.38462    C:0.23077    A:0.23077    G:0.15385
Average         T:0.32479    C:0.27350    A:0.22222    G:0.17949

#39: BlueSheep      
position  1:    T:0.25641    C:0.25641    A:0.23077    G:0.25641
position  2:    T:0.30769    C:0.35897    A:0.20513    G:0.12821
position  3:    T:0.41026    C:0.20513    A:0.23077    G:0.15385
Average         T:0.32479    C:0.27350    A:0.22222    G:0.17949

#40: BohorReedbuck  
position  1:    T:0.25641    C:0.25641    A:0.23077    G:0.25641
position  2:    T:0.30769    C:0.35897    A:0.20513    G:0.12821
position  3:    T:0.41026    C:0.20513    A:0.23077    G:0.15385
Average         T:0.32479    C:0.27350    A:0.22222    G:0.17949

#41: KirksDik       
position  1:    T:0.25641    C:0.25641    A:0.23077    G:0.25641
position  2:    T:0.30769    C:0.35897    A:0.20513    G:0.12821
position  3:    T:0.41026    C:0.20513    A:0.23077    G:0.15385
Average         T:0.32479    C:0.27350    A:0.22222    G:0.17949

#42: RoeDeer        
position  1:    T:0.25641    C:0.25641    A:0.23077    G:0.25641
position  2:    T:0.30769    C:0.35897    A:0.20513    G:0.12821
position  3:    T:0.41026    C:0.20513    A:0.23077    G:0.15385
Average         T:0.32479    C:0.27350    A:0.22222    G:0.17949

#43: WhiteLippedDeer
position  1:    T:0.25641    C:0.25641    A:0.23077    G:0.25641
position  2:    T:0.30769    C:0.35897    A:0.20513    G:0.12821
position  3:    T:0.41026    C:0.20513    A:0.23077    G:0.15385
Average         T:0.32479    C:0.27350    A:0.22222    G:0.17949

#44: ThomsonGazelle 
position  1:    T:0.25641    C:0.25641    A:0.23077    G:0.25641
position  2:    T:0.30769    C:0.33333    A:0.23077    G:0.12821
position  3:    T:0.41026    C:0.20513    A:0.23077    G:0.15385
Average         T:0.32479    C:0.26496    A:0.23077    G:0.17949

#45: MuntiacusCrinifrons
position  1:    T:0.25641    C:0.25641    A:0.23077    G:0.25641
position  2:    T:0.30769    C:0.35897    A:0.20513    G:0.12821
position  3:    T:0.41026    C:0.20513    A:0.23077    G:0.15385
Average         T:0.32479    C:0.27350    A:0.22222    G:0.17949

#46: WhiteTailedDeer
position  1:    T:0.25641    C:0.25641    A:0.23077    G:0.25641
position  2:    T:0.30769    C:0.35897    A:0.20513    G:0.12821
position  3:    T:0.41026    C:0.20513    A:0.23077    G:0.15385
Average         T:0.32479    C:0.27350    A:0.22222    G:0.17949

#47: Cattle         
position  1:    T:0.25641    C:0.25641    A:0.23077    G:0.25641
position  2:    T:0.30769    C:0.35897    A:0.20513    G:0.12821
position  3:    T:0.38462    C:0.23077    A:0.23077    G:0.15385
Average         T:0.31624    C:0.28205    A:0.22222    G:0.17949

#48: RoyalAntelope  
position  1:    T:0.25641    C:0.25641    A:0.23077    G:0.25641
position  2:    T:0.30769    C:0.35897    A:0.20513    G:0.12821
position  3:    T:0.41026    C:0.20513    A:0.23077    G:0.15385
Average         T:0.32479    C:0.27350    A:0.22222    G:0.17949

#49: Steenbok       
position  1:    T:0.25641    C:0.25641    A:0.23077    G:0.25641
position  2:    T:0.30769    C:0.35897    A:0.20513    G:0.12821
position  3:    T:0.43590    C:0.17949    A:0.23077    G:0.15385
Average         T:0.33333    C:0.26496    A:0.22222    G:0.17949

#50: Impala         
position  1:    T:0.25641    C:0.25641    A:0.23077    G:0.25641
position  2:    T:0.30769    C:0.35897    A:0.20513    G:0.12821
position  3:    T:0.41026    C:0.20513    A:0.23077    G:0.15385
Average         T:0.32479    C:0.27350    A:0.22222    G:0.17949

#51: Klipspringer   
position  1:    T:0.25641    C:0.25641    A:0.25641    G:0.23077
position  2:    T:0.30769    C:0.35897    A:0.20513    G:0.12821
