1
52 1
Argali 0.000000 0.166600 0.052900 0.205900 0.023100 0.011500 0.047200 0.084500 0.034900 0.109400 0.046800 0.040900 0.053400 0.059000 0.059200 0.047500 0.071800 0.059600 0.035200 0.034900 0.053100 0.047400 0.078200 0.084700 0.046800 0.053300 0.059700 0.028900 0.041100 0.028900 0.116200 0.065600 0.117000 0.053300 0.072100 0.040900 0.029000 0.029000 0.046700 0.103900 0.072000 0.053400 0.116300 0.091800 0.034800 0.059800 0.035200 0.035100 0.040600 0.059400 0.040900 0.040900
LesserMous 0.166600 0.000000 0.192000 0.162800 0.158000 0.186700 0.172800 0.209500 0.171700 0.185600 0.185500 0.166800 0.195400 0.171800 0.201000 0.188700 0.158600 0.145200 0.165900 0.171800 0.193900 0.174500 0.158700 0.157500 0.185600 0.194000 0.188600 0.164300 0.179900 0.164300 0.198100 0.195600 0.209500 0.195000 0.195500 0.183900 0.180200 0.163800 0.185900 0.173100 0.152000 0.198000 0.191400 0.166000 0.175800 0.188900 0.173300 0.165900 0.163600 0.158500 0.172200 0.179000
LesserKudu 0.052900 0.192000 0.000000 0.217200 0.028800 0.052700 0.063700 0.083400 0.017100 0.114700 0.052300 0.034600 0.052800 0.063400 0.052700 0.046800 0.077200 0.052600 0.040700 0.017100 0.052400 0.046900 0.083400 0.088900 0.052300 0.052600 0.057700 0.022900 0.040500 0.022900 0.121400 0.057700 0.122400 0.052700 0.070200 0.034500 0.046700 0.034600 0.052400 0.108100 0.077300 0.052700 0.121600 0.082900 0.028500 0.076700 0.034700 0.040700 0.046200 0.064900 0.011400 0.022900
KillerWhal 0.205900 0.162800 0.217200 0.000000 0.182900 0.212200 0.212600 0.244500 0.211300 0.203200 0.210900 0.192000 0.221000 0.211400 0.212600 0.214200 0.183000 0.169600 0.191200 0.211400 0.212200 0.199600 0.190200 0.191000 0.211000 0.219600 0.213900 0.203600 0.205200 0.203600 0.210900 0.221300 0.206000 0.220300 0.220600 0.206600 0.205400 0.189100 0.211500 0.190700 0.183400 0.224000 0.211300 0.199500 0.198700 0.228500 0.198500 0.190800 0.202600 0.168200 0.197700 0.204500
DefassaWat 0.023100 0.158000 0.028800 0.182900 0.000000 0.034700 0.034800 0.059000 0.022900 0.083100 0.022900 0.026700 0.029000 0.034600 0.034700 0.023200 0.046800 0.034900 0.011500 0.022900 0.028800 0.029100 0.052800 0.059100 0.022900 0.029000 0.035000 0.017100 0.017200 0.017100 0.089600 0.041000 0.090200 0.028900 0.046900 0.022800 0.017200 0.005700 0.022900 0.077500 0.046800 0.040600 0.089700 0.065700 0.014300 0.047100 0.011500 0.011500 0.017000 0.034900 0.017100 0.028800
Sheep 0.011500 0.186700 0.052700 0.212200 0.034700 0.000000 0.059100 0.084200 0.046700 0.109000 0.034700 0.046600 0.053200 0.058800 0.059000 0.047300 0.071500 0.059300 0.035000 0.046700 0.052900 0.047300 0.077800 0.084400 0.034800 0.058900 0.059400 0.040600 0.040900 0.040600 0.115700 0.065600 0.116600 0.053100 0.071800 0.046500 0.017300 0.034700 0.034800 0.103400 0.071700 0.059100 0.115900 0.091300 0.040400 0.071900 0.035000 0.035000 0.040400 0.053100 0.040800 0.052700
MaxwellsDu 0.047200 0.172800 0.063700 0.212600 0.034800 0.059100 0.000000 0.096900 0.046700 0.121900 0.052700 0.052800 0.065500 0.034600 0.064800 0.059500 0.071500 0.071600 0.047000 0.046700 0.065100 0.065700 0.090300 0.090600 0.052700 0.065300 0.059400 0.040700 0.053000 0.040700 0.128800 0.041000 0.123100 0.065300 0.071700 0.052700 0.053000 0.040700 0.052500 0.103300 0.084100 0.065500 0.129000 0.097600 0.046500 0.059500 0.047000 0.047000 0.052400 0.071500 0.052800 0.052800
GazellaPrz 0.084500 0.209500 0.083400 0.244500 0.059000 0.084200 0.096900 0.000000 0.077100 0.149100 0.083600 0.071100 0.090800 0.096500 0.096700 0.059500 0.109900 0.090500 0.071800 0.077200 0.065000 0.084600 0.116500 0.123600 0.083600 0.065300 0.097400 0.077200 0.052900 0.077200 0.156400 0.097100 0.157400 0.090600 0.110300 0.071100 0.077900 0.065100 0.083800 0.143600 0.110100 0.065500 0.156600 0.124000 0.064700 0.110500 0.047000 0.071600 0.076900 0.097000 0.071200 0.083500
MountainNy 0.034900 0.171700 0.017100 0.211300 0.022900 0.046700 0.046700 0.077100 0.000000 0.108200 0.046300 0.028700 0.052800 0.058400 0.046600 0.040800 0.071000 0.046700 0.034800 0.000000 0.046400 0.040900 0.077200 0.083800 0.046400 0.046600 0.059100 0.005700 0.034600 0.005700 0.114900 0.052800 0.115700 0.052700 0.071300 0.028600 0.040700 0.028700 0.046400 0.102700 0.071100 0.046700 0.115100 0.077800 0.022700 0.059200 0.028800 0.034800 0.040200 0.058800 0.005700 0.005500
MuntiacusM 0.109400 0.185600 0.114700 0.203200 0.083100 0.109000 0.121900 0.149100 0.108200 0.000000 0.095500 0.102100 0.115800 0.121300 0.121600 0.109700 0.083200 0.071000 0.089900 0.108300 0.096000 0.103400 0.040600 0.046800 0.095500 0.102700 0.122600 0.101700 0.089800 0.101700 0.005600 0.129200 0.128500 0.115500 0.129000 0.102100 0.089900 0.089300 0.108300 0.064900 0.034800 0.103000 0.005500 0.065400 0.095400 0.122800 0.096300 0.089700 0.101200 0.070800 0.102100 0.114800
goat 0.046800 0.185500 0.052300 0.210900 0.022900 0.034700 0.052700 0.083600 0.046300 0.095500 0.000000 0.040500 0.052800 0.058400 0.058500 0.046900 0.058600 0.058800 0.034800 0.046300 0.052500 0.041000 0.064900 0.071300 0.000000 0.046700 0.059000 0.040300 0.040600 0.040300 0.102100 0.065100 0.115600 0.052700 0.071200 0.040400 0.017200 0.028700 0.034600 0.077300 0.058800 0.046800 0.102200 0.078000 0.034400 0.059100 0.034800 0.034700 0.040200 0.046700 0.040500 0.052300
AfricanBuf 0.040900 0.166800 0.034600 0.192000 0.026700 0.046600 0.052800 0.071100 0.028700 0.102100 0.040500 0.000000 0.046900 0.052500 0.052700 0.035000 0.065100 0.040800 0.029000 0.028700 0.040600 0.029100 0.071200 0.077800 0.040500 0.040600 0.053100 0.034600 0.028800 0.034600 0.108800 0.046900 0.109500 0.046800 0.065300 0.022800 0.034900 0.022900 0.040600 0.096600 0.065200 0.040700 0.108900 0.071900 0.017000 0.065500 0.023000 0.029000 0.034400 0.046900 0.022900 0.034600
Topi 0.053400 0.195400 0.052800 0.221000 0.029000 0.053200 0.065500 0.090800 0.052800 0.115800 0.052800 0.046900 0.000000 0.059000 0.047000 0.053600 0.078000 0.065700 0.041100 0.052900 0.059100 0.059800 0.084400 0.091000 0.052800 0.059400 0.005700 0.046700 0.047100 0.046700 0.122700 0.059600 0.117000 0.011500 0.039800 0.046900 0.047100 0.034900 0.040900 0.110300 0.078100 0.059500 0.122900 0.098200 0.040700 0.078500 0.041100 0.041100 0.046500 0.065500 0.046900 0.059000
CommonDuik 0.059000 0.171800 0.063400 0.211400 0.034600 0.058800 0.034600 0.096500 0.058400 0.121300 0.058400 0.052500 0.059000 0.000000 0.064500 0.059200 0.083500 0.071200 0.046800 0.058500 0.064700 0.065400 0.089800 0.090100 0.058400 0.065000 0.053000 0.052300 0.052700 0.052300 0.128200 0.028900 0.115800 0.058800 0.071300 0.052400 0.052700 0.040500 0.052200 0.102700 0.083600 0.065100 0.128300 0.097100 0.046300 0.071400 0.046800 0.046700 0.040300 0.071100 0.052600 0.064600
Suni 0.059200 0.201000 0.052700 0.212600 0.034700 0.059000 0.064800 0.096700 0.046600 0.121600 0.058500 0.052700 0.047000 0.064500 0.000000 0.059400 0.083800 0.071500 0.046900 0.046600 0.064900 0.065600 0.090100 0.096900 0.058600 0.065200 0.053200 0.040600 0.052800 0.040600 0.128500 0.059000 0.129400 0.053000 0.071600 0.052600 0.052900 0.040600 0.034600 0.116100 0.083900 0.065300 0.128700 0.104000 0.046400 0.084300 0.046900 0.046900 0.040400 0.071300 0.040700 0.052700
Springbuck 0.047500 0.188700 0.046800 0.214200 0.023200 0.047300 0.059500 0.059500 0.040800 0.109700 0.046900 0.035000 0.053600 0.059200 0.059400 0.000000 0.072000 0.053400 0.035300 0.040800 0.029100 0.047500 0.078300 0.085000 0.047000 0.029200 0.059800 0.040900 0.017400 0.040900 0.116500 0.059600 0.117300 0.053400 0.072300 0.034900 0.041200 0.029100 0.047000 0.104100 0.072100 0.017400 0.116700 0.085300 0.028900 0.072400 0.011600 0.035200 0.040700 0.059600 0.035000 0.046900
Okapi 0.071800 0.158600 0.077200 0.183000 0.046800 0.071500 0.071500 0.109900 0.071000 0.083200 0.058600 0.065100 0.078000 0.083500 0.083800 0.072000 0.000000 0.035000 0.053100 0.071100 0.077500 0.078500 0.052900 0.059200 0.058700 0.071600 0.084500 0.064700 0.065200 0.064700 0.089700 0.090800 0.090300 0.077800 0.090700 0.065000 0.065300 0.052800 0.071100 0.052900 0.046900 0.071800 0.089800 0.065800 0.058700 0.097400 0.059300 0.053000 0.064500 0.046800 0.065000 0.077300
Giraffe 0.059600 0.145200 0.052600 0.169600 0.034900 0.059300 0.071600 0.090500 0.046700 0.071000 0.058800 0.040800 0.065700 0.071200 0.071500 0.053400 0.035000 0.000000 0.041100 0.046700 0.058900 0.053500 0.041000 0.047200 0.058900 0.059200 0.072100 0.052700 0.046900 0.052700 0.077400 0.065600 0.077200 0.065500 0.078200 0.028800 0.053200 0.040900 0.058900 0.065400 0.035000 0.059300 0.077500 0.041300 0.034700 0.084900 0.041000 0.041100 0.052500 0.034900 0.040800 0.052700
TibetanAnt 0.035200 0.165900 0.040700 0.191200 0.011500 0.035000 0.047000 0.071800 0.034800 0.089900 0.034800 0.029000 0.041100 0.046800 0.046900 0.035300 0.053100 0.041100 0.000000 0.034800 0.040900 0.041300 0.059200 0.065600 0.034800 0.041100 0.047300 0.028900 0.029100 0.028900 0.096500 0.053400 0.097000 0.041000 0.047200 0.028900 0.029100 0.017300 0.034900 0.084300 0.053200 0.041200 0.096600 0.072300 0.023000 0.059600 0.023200 0.011500 0.028700 0.041000 0.029000 0.040800
Sitatunga 0.034900 0.171800 0.017100 0.211400 0.022900 0.046700 0.046700 0.077200 0.000000 0.108300 0.046300 0.028700 0.052900 0.058500 0.046600 0.040800 0.071100 0.046700 0.034800 0.000000 0.046400 0.040900 0.077300 0.083900 0.046400 0.046600 0.059100 0.005700 0.034600 0.005700 0.115000 0.052800 0.115800 0.052700 0.071300 0.028600 0.040700 0.028700 0.046400 0.102700 0.071200 0.046700 0.115200 0.077900 0.022700 0.059200 0.028800 0.034800 0.040200 0.058800 0.005700 0.005700
Oribi 0.053100 0.193900 0.052400 0.212200 0.028800 0.052900 0.065100 0.065000 0.046400 0.096000 0.052500 0.040600 0.059100 0.064700 0.064900 0.029100 0.077500 0.058900 0.040900 0.046400 0.000000 0.053100 0.071400 0.077900 0.052500 0.023100 0.065400 0.046500 0.011400 0.046500 0.102600 0.065200 0.122800 0.059000 0.077800 0.040500 0.046800 0.034700 0.052600 0.096700 0.065300 0.023100 0.102700 0.090800 0.034500 0.077900 0.017200 0.040800 0.046300 0.065100 0.040600 0.052400
BarbaryShe 0.047400 0.174500 0.046900 0.199600 0.029100 0.047300 0.065700 0.084600 0.040900 0.103400 0.041000 0.029100 0.059800 0.065400 0.065600 0.047500 0.078500 0.053500 0.041300 0.040900 0.053100 0.000000 0.072200 0.078800 0.041000 0.053300 0.066200 0.046900 0.041100 0.046900 0.110200 0.059500 0.124200 0.059700 0.078700 0.035000 0.035200 0.035100 0.052900 0.097900 0.066000 0.053500 0.110400 0.072800 0.029000 0.066300 0.035200 0.041300 0.046700 0.053600 0.035000 0.047000
Daviddeer 0.078200 0.158700 0.083400 0.190200 0.052800 0.077800 0.090300 0.116500 0.077200 0.040600 0.064900 0.071200 0.084400 0.089800 0.090100 0.078300 0.052900 0.041000 0.059200 0.077300 0.071400 0.072200 0.000000 0.017400 0.064900 0.071600 0.090900 0.070900 0.059200 0.070900 0.046700 0.097300 0.096700 0.084100 0.097100 0.071200 0.059300 0.058900 0.077300 0.035000 0.005700 0.071800 0.046800 0.035300 0.064800 0.091100 0.065400 0.059100 0.070600 0.040900 0.071200 0.083600
Reindeer 0.084700 0.157500 0.088900 0.191000 0.059100 0.084400 0.090600 0.123600 0.083800 0.046800 0.071300 0.077800 0.091000 0.090100 0.096900 0.085000 0.059200 0.047200 0.065600 0.083900 0.077900 0.078800 0.017400 0.000000 0.071300 0.078200 0.091200 0.077400 0.065500 0.077400 0.052900 0.097600 0.097100 0.090800 0.097400 0.077700 0.065600 0.065200 0.083900 0.023100 0.011500 0.078400 0.053000 0.017300 0.071200 0.091400 0.071900 0.065500 0.077100 0.047000 0.077700 0.090300
Ibex 0.046800 0.185600 0.052300 0.211000 0.022900 0.034800 0.052700 0.083600 0.046400 0.095500 0.000000 0.040500 0.052800 0.058400 0.058600 0.047000 0.058700 0.058900 0.034800 0.046400 0.052500 0.041000 0.064900 0.071300 0.000000 0.046700 0.059000 0.040300 0.040600 0.040300 0.102100 0.065200 0.115600 0.052700 0.071200 0.040400 0.017200 0.028700 0.034600 0.077300 0.058900 0.046800 0.102200 0.078000 0.034400 0.059100 0.034800 0.034800 0.040200 0.046700 0.040500 0.052400
GyrantGaze 0.053300 0.194000 0.052600 0.219600 0.029000 0.058900 0.065300 0.065300 0.046600 0.102700 0.046700 0.040600 0.059400 0.065000 0.065200 0.029200 0.071600 0.059200 0.041100 0.046600 0.023100 0.053300 0.071600 0.078200 0.046700 0.000000 0.065700 0.046600 0.011500 0.046600 0.109400 0.065500 0.123200 0.059200 0.078100 0.040500 0.047000 0.023000 0.052800 0.090700 0.065500 0.011400 0.109600 0.091100 0.034500 0.078200 0.017300 0.041000 0.046400 0.059300 0.040700 0.052600
Hartebeest 0.059700 0.188600 0.057700 0.213900 0.035000 0.059400 0.059400 0.097400 0.059100 0.122600 0.059000 0.053100 0.005700 0.053000 0.053200 0.059800 0.084500 0.072100 0.047300 0.059100 0.065400 0.066200 0.090900 0.091200 0.059000 0.065700 0.000000 0.052900 0.053200 0.052900 0.129600 0.053500 0.123900 0.017300 0.035100 0.053000 0.053300 0.041000 0.047000 0.103900 0.084600 0.065800 0.129800 0.098300 0.046800 0.072300 0.047300 0.047200 0.052600 0.071900 0.053100 0.065300
Bongo 0.028900 0.164300 0.022900 0.203600 0.017100 0.040600 0.040700 0.077200 0.005700 0.101700 0.040300 0.034600 0.046700 0.052300 0.040600 0.040900 0.064700 0.052700 0.028900 0.005700 0.046500 0.046900 0.070900 0.077400 0.040300 0.046600 0.052900 0.000000 0.034700 0.000000 0.108300 0.059000 0.109000 0.046600 0.065000 0.034500 0.034700 0.022800 0.040400 0.096100 0.064800 0.046700 0.108400 0.084200 0.028600 0.053000 0.028800 0.028800 0.034300 0.052600 0.011400 0.011400
Gerenuk 0.041100 0.179900 0.040500 0.205200 0.017200 0.040900 0.053000 0.052900 0.034600 0.089800 0.040600 0.028800 0.047100 0.052700 0.052800 0.017400 0.065200 0.046900 0.029100 0.034600 0.011400 0.041100 0.059200 0.065500 0.040600 0.011500 0.053200 0.034700 0.000000 0.034700 0.096300 0.053100 0.109800 0.047000 0.065500 0.028800 0.035000 0.023000 0.040700 0.084200 0.053100 0.011500 0.096500 0.078300 0.022900 0.065600 0.005700 0.029000 0.034500 0.053000 0.028800 0.040600
CommonElan 0.028900 0.164300 0.022900 0.203600 0.017100 0.040600 0.040700 0.077200 0.005700 0.101700 0.040300 0.034600 0.046700 0.052300 0.040600 0.040900 0.064700 0.052700 0.028900 0.005700 0.046500 0.046900 0.070900 0.077400 0.040300 0.046600 0.052900 0.000000 0.034700 0.000000 0.108300 0.059000 0.109000 0.046600 0.065000 0.034500 0.034700 0.022800 0.040400 0.096100 0.064800 0.046700 0.108400 0.084200 0.028600 0.053000 0.028800 0.028800 0.034300 0.052600 0.011400 0.011400
MuntiacusR 0.116200 0.198100 0.121400 0.210900 0.089600 0.115700 0.128800 0.156400 0.114900 0.005600 0.102100 0.108800 0.122700 0.128200 0.128500 0.116500 0.089700 0.077400 0.096500 0.115000 0.102600 0.110200 0.046700 0.052900 0.102100 0.109400 0.129600 0.108300 0.096300 0.108300 0.000000 0.136200 0.135500 0.122400 0.136000 0.108800 0.096500 0.095900 0.115100 0.071200 0.040800 0.109700 0.011300 0.071800 0.102000 0.129800 0.103000 0.096300 0.107800 0.077200 0.108800 0.121600
HarveysDui 0.065600 0.195600 0.057700 0.221300 0.041000 0.065600 0.041000 0.097100 0.052800 0.129200 0.065100 0.046900 0.059600 0.028900 0.059000 0.059600 0.090800 0.065600 0.053400 0.052800 0.065200 0.059500 0.097300 0.097600 0.065200 0.065500 0.053500 0.059000 0.053100 0.059000 0.136200 0.000000 0.117000 0.065700 0.078400 0.046800 0.059200 0.047000 0.058700 0.110400 0.091000 0.065600 0.136400 0.091400 0.040700 0.078500 0.047100 0.053300 0.058700 0.078200 0.046900 0.059000
Pronghorn 0.117000 0.209500 0.122400 0.206000 0.090200 0.116600 0.123100 0.157400 0.115700 0.128500 0.115600 0.109500 0.117000 0.115800 0.129400 0.117300 0.090300 0.077200 0.097000 0.115800 0.122800 0.124200 0.096700 0.097100 0.115600 0.123200 0.123900 0.109000 0.109800 0.109000 0.135500 0.117000 0.000000 0.116700 0.130200 0.109400 0.110000 0.096500 0.115800 0.116400 0.090400 0.123600 0.135700 0.104300 0.102600 0.144200 0.103600 0.096900 0.108500 0.090300 0.109500 0.122400
BlueWildeb 0.053300 0.195000 0.052700 0.220300 0.028900 0.053100 0.065300 0.090600 0.052700 0.115500 0.052700 0.046800 0.011500 0.058800 0.053000 0.053400 0.077800 0.065500 0.041000 0.052700 0.059000 0.059700 0.084100 0.090800 0.052700 0.059200 0.017300 0.046600 0.047000 0.046600 0.122400 0.065700 0.116700 0.000000 0.039500 0.046700 0.047000 0.034800 0.040800 0.110000 0.077900 0.059400 0.122600 0.097900 0.040600 0.078300 0.041000 0.041000 0.046400 0.065400 0.046800 0.058800
Gemsbok 0.072100 0.195500 0.070200 0.220600 0.046900 0.071800 0.071700 0.110300 0.071300 0.129000 0.071200 0.065300 0.039800 0.071300 0.071600 0.072300 0.090700 0.078200 0.047200 0.071300 0.077800 0.078700 0.097100 0.097400 0.071200 0.078100 0.035100 0.065000 0.065500 0.065000 0.136000 0.078400 0.130200 0.039500 0.000000 0.065200 0.065600 0.053000 0.059100 0.110200 0.090800 0.078300 0.136200 0.104600 0.058900 0.084900 0.059500 0.047200 0.064700 0.078000 0.065300 0.077600
Yak 0.040900 0.183900 0.034500 0.206600 0.022800 0.046500 0.052700 0.071100 0.028600 0.102100 0.040400 0.022800 0.046900 0.052400 0.052600 0.034900 0.065000 0.028800 0.028900 0.028600 0.040500 0.035000 0.071200 0.077700 0.040400 0.040500 0.053000 0.034500 0.028800 0.034500 0.108800 0.046800 0.109400 0.046700 0.065200 0.000000 0.034800 0.022800 0.040500 0.096500 0.065100 0.040600 0.108900 0.071800 0.005600 0.065400 0.023000 0.028900 0.034400 0.046800 0.022900 0.034500
BlueSheep 0.029000 0.180200 0.046700 0.205400 0.017200 0.017300 0.053000 0.077900 0.040700 0.089900 0.017200 0.034900 0.047100 0.052700 0.052900 0.041200 0.065300 0.053200 0.029100 0.040700 0.046800 0.035200 0.059300 0.065600 0.017200 0.047000 0.053300 0.034700 0.035000 0.034700 0.096500 0.059200 0.110000 0.047000 0.065600 0.034800 0.000000 0.023100 0.028000 0.084300 0.053200 0.047100 0.096600 0.072400 0.028800 0.053400 0.029100 0.029100 0.034600 0.041000 0.034800 0.046700
BohorReedb 0.029000 0.163800 0.034600 0.189100 0.005700 0.034700 0.040700 0.065100 0.028700 0.089300 0.028700 0.022900 0.034900 0.040500 0.040600 0.029100 0.052800 0.040900 0.017300 0.028700 0.034700 0.035100 0.058900 0.065200 0.028700 0.023000 0.041000 0.022800 0.023000 0.022800 0.095900 0.047000 0.096500 0.034800 0.053000 0.022800 0.023100 0.000000 0.028800 0.083800 0.052900 0.034800 0.096000 0.071900 0.017000 0.053100 0.017200 0.017200 0.022800 0.034900 0.022900 0.034600
KirksDik 0.046700 0.185900 0.052400 0.211500 0.022900 0.034800 0.052500 0.083800 0.046400 0.108300 0.034600 0.040600 0.040900 0.052200 0.034600 0.047000 0.071100 0.058900 0.034900 0.046400 0.052600 0.052900 0.077300 0.083900 0.034600 0.052800 0.047000 0.040400 0.040700 0.040400 0.115100 0.058700 0.115800 0.040800 0.059100 0.040500 0.028000 0.028800 0.000000 0.102800 0.071200 0.052900 0.115200 0.090800 0.034500 0.071500 0.034800 0.034800 0.040300 0.058800 0.040600 0.052400
RoeDeer 0.103900 0.173100 0.108100 0.190700 0.077500 0.103400 0.103300 0.143600 0.102700 0.064900 0.077300 0.096600 0.110300 0.102700 0.116100 0.104100 0.052900 0.065400 0.084300 0.102700 0.096700 0.097900 0.035000 0.023100 0.077300 0.090700 0.103900 0.096100 0.084200 0.096100 0.071200 0.110400 0.116400 0.110000 0.110200 0.096500 0.084300 0.083800 0.102800 0.000000 0.029100 0.091000 0.071300 0.041200 0.089800 0.104100 0.090700 0.084200 0.095700 0.065200 0.096500 0.109200
WhiteLippe 0.072000 0.152000 0.077300 0.183400 0.046800 0.071700 0.084100 0.110100 0.071100 0.034800 0.058800 0.065200 0.078100 0.083600 0.083900 0.072100 0.046900 0.035000 0.053200 0.071200 0.065300 0.066000 0.005700 0.011500 0.058900 0.065500 0.084600 0.064800 0.053100 0.064800 0.040800 0.091000 0.090400 0.077900 0.090800 0.065100 0.053200 0.052900 0.071200 0.029100 0.000000 0.065700 0.040800 0.029300 0.058800 0.084800 0.059400 0.053100 0.064500 0.034900 0.065100 0.077400
ThomsonGaz 0.053400 0.198000 0.052700 0.224000 0.040600 0.059100 0.065500 0.065500 0.046700 0.103000 0.046800 0.040700 0.059500 0.065100 0.065300 0.017400 0.071800 0.059300 0.041200 0.046700 0.023100 0.053500 0.071800 0.078400 0.046800 0.011400 0.065800 0.046700 0.011500 0.046700 0.109700 0.065600 0.123600 0.059400 0.078300 0.040600 0.047100 0.034800 0.052900 0.091000 0.065700 0.000000 0.109900 0.091400 0.034600 0.078500 0.017300 0.041100 0.046500 0.059400 0.040800 0.052800
MuntiacusC 0.116300 0.191400 0.121600 0.211300 0.089700 0.115900 0.129000 0.156600 0.115100 0.005500 0.102200 0.108900 0.122900 0.128300 0.128700 0.116700 0.089800 0.077500 0.096600 0.115200 0.102700 0.110400 0.046800 0.053000 0.102200 0.109600 0.129800 0.108400 0.096500 0.108400 0.011300 0.136400 0.135700 0.122600 0.136200 0.108900 0.096600 0.096000 0.115200 0.071300 0.040800 0.109900 0.000000 0.071800 0.102100 0.130000 0.103100 0.096400 0.108000 0.077300 0.108900 0.121700
WhiteTaile 0.091800 0.166000 0.082900 0.199500 0.065700 0.091300 0.097600 0.124000 0.077800 0.065400 0.078000 0.071900 0.098200 0.097100 0.104000 0.085300 0.065800 0.041300 0.072300 0.077900 0.090800 0.072800 0.035300 0.017300 0.078000 0.091100 0.098300 0.084200 0.078300 0.084200 0.071800 0.091400 0.104300 0.097900 0.104600 0.071800 0.072400 0.071900 0.090800 0.041200 0.029300 0.091400 0.071800 0.000000 0.065300 0.098500 0.072200 0.072300 0.083800 0.053500 0.071800 0.084200
Cattle 0.034800 0.175800 0.028500 0.198700 0.014300 0.040400 0.046500 0.064700 0.022700 0.095400 0.034400 0.017000 0.040700 0.046300 0.046400 0.028900 0.058700 0.034700 0.023000 0.022700 0.034500 0.029000 0.064800 0.071200 0.034400 0.034500 0.046800 0.028600 0.022900 0.028600 0.102000 0.040700 0.102600 0.040600 0.058900 0.005600 0.028800 0.017000 0.034500 0.089800 0.058800 0.034600 0.102100 0.065300 0.000000 0.059000 0.017100 0.023000 0.028400 0.040700 0.017000 0.028600
RoyalAntel 0.059800 0.188900 0.076700 0.228500 0.047100 0.071900 0.059500 0.110500 0.059200 0.122800 0.059100 0.065500 0.078500 0.071400 0.084300 0.072400 0.097400 0.084900 0.059600 0.059200 0.077900 0.066300 0.091100 0.091400 0.059100 0.078200 0.072300 0.053000 0.065600 0.053000 0.129800 0.078500 0.144200 0.078300 0.084900 0.065400 0.053400 0.053100 0.071500 0.104100 0.084800 0.078500 0.130000 0.098500 0.059000 0.000000 0.059600 0.047300 0.052700 0.072100 0.065400 0.065400
Steenbok 0.035200 0.173300 0.034700 0.198500 0.011500 0.035000 0.047000 0.047000 0.028800 0.096300 0.034800 0.023000 0.041100 0.046800 0.046900 0.011600 0.059300 0.041000 0.023200 0.028800 0.017200 0.035200 0.065400 0.071900 0.034800 0.017300 0.047300 0.028800 0.005700 0.028800 0.103000 0.047100 0.103600 0.041000 0.059500 0.023000 0.029100 0.017200 0.034800 0.090700 0.059400 0.017300 0.103100 0.072200 0.017100 0.059600 0.000000 0.023200 0.028700 0.047100 0.023000 0.034700
Impala 0.035100 0.165900 0.040700 0.190800 0.011500 0.035000 0.047000 0.071600 0.034800 0.089700 0.034700 0.029000 0.041100 0.046700 0.046900 0.035200 0.053000 0.041100 0.011500 0.034800 0.040800 0.041300 0.059100 0.065500 0.034800 0.041000 0.047200 0.028800 0.029000 0.028800 0.096300 0.053300 0.096900 0.041000 0.047200 0.028900 0.029100 0.017200 0.034800 0.084200 0.053100 0.041100 0.096400 0.072300 0.023000 0.047300 0.023200 0.000000 0.028700 0.041000 0.028900 0.040800
Klipspring 0.040600 0.163600 0.046200 0.202600 0.017000 0.040400 0.052400 0.076900 0.040200 0.101200 0.040200 0.034400 0.046500 0.040300 0.040400 0.040700 0.064500 0.052500 0.028700 0.040200 0.046300 0.046700 0.070600 0.077100 0.040200 0.046400 0.052600 0.034300 0.034500 0.034300 0.107800 0.058700 0.108500 0.046400 0.064700 0.034400 0.034600 0.022800 0.040300 0.095700 0.064500 0.046500 0.108000 0.083800 0.028400 0.052700 0.028700 0.028700 0.000000 0.052400 0.034400 0.046200
ForestMusk 0.059400 0.158500 0.064900 0.168200 0.034900 0.053100 0.071500 0.097000 0.058800 0.070800 0.046700 0.046900 0.065500 0.071100 0.071300 0.059600 0.046800 0.034900 0.041000 0.058800 0.065100 0.053600 0.040900 0.047000 0.046700 0.059300 0.071900 0.052600 0.053000 0.052600 0.077200 0.078200 0.090300 0.065400 0.078000 0.046800 0.041000 0.034900 0.058800 0.065200 0.034900 0.059400 0.077300 0.053500 0.040700 0.072100 0.047100 0.041000 0.052400 0.000000 0.052800 0.065000
Bushbuck 0.040900 0.172200 0.011400 0.197700 0.017100 0.040800 0.052800 0.071200 0.005700 0.102100 0.040500 0.022900 0.046900 0.052600 0.040700 0.035000 0.065000 0.040800 0.029000 0.005700 0.040600 0.035000 0.071200 0.077700 0.040500 0.040700 0.053100 0.011400 0.028800 0.011400 0.108800 0.046900 0.109500 0.046800 0.065300 0.022900 0.034800 0.022900 0.040600 0.096500 0.065100 0.040800 0.108900 0.071800 0.017000 0.065400 0.023000 0.028900 0.034400 0.052800 0.000000 0.011400
GreaterKud 0.040900 0.179000 0.022900 0.204500 0.028800 0.052700 0.052800 0.083500 0.005500 0.114800 0.052300 0.034600 0.059000 0.064600 0.052700 0.046900 0.077300 0.052700 0.040800 0.005700 0.052400 0.047000 0.083600 0.090300 0.052400 0.052600 0.065300 0.011400 0.040600 0.011400 0.121600 0.059000 0.122400 0.058800 0.077600 0.034500 0.046700 0.034600 0.052400 0.109200 0.077400 0.052800 0.121700 0.084200 0.028600 0.065400 0.034700 0.040800 0.046200 0.065000 0.011400 0.000000
