CODONML (in paml version 4.10.7, June 2023)  /home/rachel/ruminants_paml/6406-phy-tree/ENSBTAT00000012765.fasta.phy
Model: free dN/dS Ratios for branches,  kappa = 2.000 fixed

Codon frequency model: F3x4
ns =  54  ls =  39

Codon usage in sequences
--------------------------------------------------------------------------------------------------------------------------------------
Phe TTT   0   0   0   1   0   0 | Ser TCT   0   0   0   0   0   0 | Tyr TAT   0   0   0   0   0   0 | Cys TGT   0   0   0   0   0   0
    TTC   1   1   1   0   1   1 |     TCC   0   0   0   0   0   1 |     TAC   2   2   2   2   2   2 |     TGC   0   0   0   0   0   0
Leu TTA   0   0   0   0   0   0 |     TCA   0   0   0   0   0   1 | *** TAA   0   0   0   0   0   0 | *** TGA   0   0   0   0   0   0
    TTG   0   0   0   0   0   0 |     TCG   1   1   1   1   1   0 |     TAG   0   0   0   0   0   0 | Trp TGG   0   0   0   0   0   0
--------------------------------------------------------------------------------------------------------------------------------------
Leu CTT   0   0   0   0   0   0 | Pro CCT   2   1   1   0   1   0 | His CAT   0   0   0   0   0   0 | Arg CGT   0   0   0   0   0   0
    CTC   0   0   0   0   0   0 |     CCC   2   3   3   4   2   4 |     CAC   1   1   1   1   2   1 |     CGC   2   2   2   2   2   3
    CTA   0   0   0   1   0   0 |     CCA   0   1   0   0   0   0 | Gln CAA   0   1   0   0   0   0 |     CGA   0   0   0   0   0   0
    CTG   4   4   4   3   4   4 |     CCG   1   0   1   1   1   1 |     CAG   2   1   2   2   2   1 |     CGG   2   2   2   2   2   2
--------------------------------------------------------------------------------------------------------------------------------------
Ile ATT   0   0   0   0   0   0 | Thr ACT   0   1   0   0   0   0 | Asn AAT   0   0   0   0   0   0 | Ser AGT   0   0   0   0   0   0
    ATC   0   0   0   0   0   0 |     ACC   1   0   1   1   0   1 |     AAC   0   0   0   0   1   0 |     AGC   0   0   0   0   0   0
    ATA   0   0   0   0   0   0 |     ACA   0   0   0   0   0   0 | Lys AAA   0   0   0   0   0   0 | Arg AGA   0   0   0   0   0   0
Met ATG   0   0   0   0   0   0 |     ACG   0   0   0   0   1   0 |     AAG   1   1   1   1   1   1 |     AGG   0   0   0   0   0   0
--------------------------------------------------------------------------------------------------------------------------------------
Val GTT   0   0   0   0   0   0 | Ala GCT   0   0   0   0   2   0 | Asp GAT   1   0   1   1   0   0 | Gly GGT   2   2   1   1   0   0
    GTC   0   0   0   0   0   0 |     GCC   1   1   1   1   0   0 |     GAC   2   3   2   2   2   3 |     GGC   1   1   2   2   3   3
    GTA   0   0   0   0   0   0 |     GCA   3   2   2   2   1   1 | Glu GAA   0   0   0   0   0   0 |     GGA   0   0   0   0   1   0
    GTG   4   3   4   4   4   4 |     GCG   0   2   1   1   1   2 |     GAG   1   1   1   1   1   1 |     GGG   2   2   2   2   1   2
--------------------------------------------------------------------------------------------------------------------------------------

--------------------------------------------------------------------------------------------------------------------------------------
Phe TTT   0   0   0   0   0   0 | Ser TCT   0   0   0   1   0   0 | Tyr TAT   1   0   1   0   0   0 | Cys TGT   0   0   0   0   0   0
    TTC   1   1   1   1   1   1 |     TCC   0   0   0   0   0   0 |     TAC   1   2   1   2   2   2 |     TGC   0   0   0   0   0   0
Leu TTA   0   0   0   0   0   0 |     TCA   0   0   0   0   0   0 | *** TAA   0   0   0   0   0   0 | *** TGA   0   0   0   0   0   0
    TTG   0   0   0   0   0   0 |     TCG   1   1   1   0   1   1 |     TAG   0   0   0   0   0   0 | Trp TGG   0   0   0   0   0   0
--------------------------------------------------------------------------------------------------------------------------------------
Leu CTT   0   0   0   0   0   0 | Pro CCT   1   1   1   1   1   1 | His CAT   0   0   0   0   0   0 | Arg CGT   0   0   0   0   0   0
    CTC   0   0   0   0   0   0 |     CCC   3   3   3   3   2   2 |     CAC   1   1   1   1   1   1 |     CGC   1   2   2   2   2   2
    CTA   0   0   0   0   0   0 |     CCA   0   0   0   0   0   0 | Gln CAA   0   0   0   0   0   0 |     CGA   1   0   0   0   0   0
    CTG   4   4   4   4   4   4 |     CCG   1   1   1   1   2   2 |     CAG   2   2   2   2   2   2 |     CGG   2   2   2   2   2   2
--------------------------------------------------------------------------------------------------------------------------------------
Ile ATT   0   0   0   0   0   0 | Thr ACT   0   0   0   0   0   0 | Asn AAT   0   0   0   0   0   0 | Ser AGT   0   0   0   0   0   0
    ATC   0   0   0   0   0   0 |     ACC   1   1   1   1   1   1 |     AAC   0   0   0   0   0   0 |     AGC   0   0   0   0   0   0
    ATA   0   0   0   0   0   0 |     ACA   0   0   0   0   0   0 | Lys AAA   0   0   0   0   0   0 | Arg AGA   0   0   0   0   0   0
Met ATG   0   0   0   0   0   0 |     ACG   0   0   0   0   0   0 |     AAG   1   1   1   1   1   1 |     AGG   0   0   0   0   0   0
--------------------------------------------------------------------------------------------------------------------------------------
Val GTT   0   0   0   0   0   0 | Ala GCT   0   0   0   0   0   0 | Asp GAT   1   1   1   1   1   1 | Gly GGT   1   2   1   1   1   1
    GTC   0   0   0   0   0   0 |     GCC   1   1   1   1   1   1 |     GAC   2   2   2   2   2   2 |     GGC   2   1   1   2   2   2
    GTA   0   0   0   0   0   0 |     GCA   3   3   3   3   2   3 | Glu GAA   0   0   0   0   0   0 |     GGA   0   0   1   0   0   0
    GTG   4   4   4   4   4   4 |     GCG   0   0   0   0   1   0 |     GAG   1   1   1   1   1   1 |     GGG   2   2   2   2   2   2
--------------------------------------------------------------------------------------------------------------------------------------

--------------------------------------------------------------------------------------------------------------------------------------
Phe TTT   0   0   0   0   0   0 | Ser TCT   0   0   0   0   0   1 | Tyr TAT   0   0   0   0   0   0 | Cys TGT   0   0   0   0   0   0
    TTC   1   1   1   1   1   1 |     TCC   0   0   0   0   0   0 |     TAC   2   2   2   2   2   2 |     TGC   0   0   0   0   0   0
Leu TTA   0   0   0   0   0   0 |     TCA   0   0   0   0   0   0 | *** TAA   0   0   0   0   0   0 | *** TGA   0   0   0   0   0   0
    TTG   0   0   0   0   0   0 |     TCG   1   1   1   1   1   0 |     TAG   0   0   0   0   0   0 | Trp TGG   0   0   0   0   0   0
--------------------------------------------------------------------------------------------------------------------------------------
Leu CTT   0   0   0   0   0   0 | Pro CCT   1   1   1   1   1   1 | His CAT   0   0   0   0   0   0 | Arg CGT   0   0   0   0   0   0
    CTC   0   0   0   0   0   0 |     CCC   3   3   3   3   2   3 |     CAC   1   1   1   1   1   1 |     CGC   2   2   2   2   2   2
    CTA   0   0   0   0   0   0 |     CCA   0   0   0   0   1   0 | Gln CAA   0   0   0   0   0   0 |     CGA   0   0   0   0   0   0
    CTG   4   4   4   4   4   4 |     CCG   1   1   1   1   1   1 |     CAG   2   2   2   2   2   2 |     CGG   2   2   2   2   2   2
--------------------------------------------------------------------------------------------------------------------------------------
Ile ATT   0   0   0   0   0   0 | Thr ACT   0   0   0   0   0   0 | Asn AAT   0   0   0   0   0   0 | Ser AGT   0   0   0   0   0   0
    ATC   0   0   0   0   0   0 |     ACC   1   1   1   1   1   1 |     AAC   0   0   0   0   0   0 |     AGC   0   0   0   0   0   0
    ATA   0   0   0   0   0   0 |     ACA   0   0   0   0   0   0 | Lys AAA   0   0   0   0   0   0 | Arg AGA   0   0   0   0   0   0
Met ATG   0   0   0   0   0   0 |     ACG   0   0   0   0   0   0 |     AAG   1   1   1   1   1   1 |     AGG   0   0   0   0   0   0
--------------------------------------------------------------------------------------------------------------------------------------
Val GTT   0   0   0   0   0   0 | Ala GCT   0   0   0   0   0   0 | Asp GAT   1   1   1   1   1   1 | Gly GGT   2   1   1   1   1   2
    GTC   0   0   0   0   0   0 |     GCC   1   1   1   1   1   1 |     GAC   2   2   2   2   2   2 |     GGC   1   2   2   1   2   1
    GTA   0   0   0   0   0   0 |     GCA   3   2   3   3   3   3 | Glu GAA   0   0   0   0   0   0 |     GGA   0   0   0   1   0   0
    GTG   4   4   4   4   4   4 |     GCG   0   1   0   0   0   0 |     GAG   1   1   1   1   1   1 |     GGG   2   2   2   2   2   2
--------------------------------------------------------------------------------------------------------------------------------------

--------------------------------------------------------------------------------------------------------------------------------------
Phe TTT   0   0   0   0   0   0 | Ser TCT   0   0   0   0   1   0 | Tyr TAT   0   0   0   0   0   0 | Cys TGT   0   0   0   0   0   0
    TTC   1   1   1   1   1   1 |     TCC   0   0   0   0   0   0 |     TAC   2   2   2   2   2   2 |     TGC   0   0   0   0   0   0
Leu TTA   0   0   0   0   0   0 |     TCA   0   0   0   0   0   0 | *** TAA   0   0   0   0   0   0 | *** TGA   0   0   0   0   0   0
    TTG   0   1   0   0   1   0 |     TCG   1   1   1   1   0   1 |     TAG   0   0   0   0   0   0 | Trp TGG   0   0   0   0   0   0
--------------------------------------------------------------------------------------------------------------------------------------
Leu CTT   0   0   0   0   0   0 | Pro CCT   1   1   1   1   1   1 | His CAT   0   0   0   0   0   0 | Arg CGT   0   0   0   0   0   0
    CTC   0   0   0   0   0   0 |     CCC   3   3   3   2   3   3 |     CAC   1   1   1   1   1   1 |     CGC   2   2   2   2   2   2
    CTA   0   0   0   0   1   0 |     CCA   0   0   0   0   0   0 | Gln CAA   1   1   0   0   0   0 |     CGA   0   0   0   0   0   0
    CTG   4   3   4   4   2   4 |     CCG   1   1   1   2   1   1 |     CAG   1   1   2   2   2   2 |     CGG   2   1   2   2   2   2
--------------------------------------------------------------------------------------------------------------------------------------
Ile ATT   0   0   0   0   0   0 | Thr ACT   0   0   0   0   0   0 | Asn AAT   0   0   0   0   0   0 | Ser AGT   0   0   0   0   0   0
    ATC   0   0   0   0   0   0 |     ACC   1   1   1   1   1   1 |     AAC   0   0   0   0   0   0 |     AGC   0   0   0   0   0   0
    ATA   0   0   0   0   0   0 |     ACA   0   0   0   0   1   0 | Lys AAA   0   0   0   0   0   0 | Arg AGA   0   0   0   0   0   0
Met ATG   0   0   0   0   0   0 |     ACG   0   0   0   0   0   0 |     AAG   1   1   1   1   1   1 |     AGG   0   1   0   0   0   0
--------------------------------------------------------------------------------------------------------------------------------------
Val GTT   0   0   0   0   0   0 | Ala GCT   0   0   0   0   0   0 | Asp GAT   1   1   1   1   1   1 | Gly GGT   1   1   2   1   1   2
    GTC   0   0   0   0   0   0 |     GCC   1   1   1   1   1   1 |     GAC   2   2   2   2   2   2 |     GGC   2   2   1   2   2   1
    GTA   0   0   0   0   0   0 |     GCA   2   2   3   3   2   3 | Glu GAA   0   0   0   0   0   0 |     GGA   0   0   0   0   0   0
    GTG   4   4   4   4   4   4 |     GCG   1   1   0   0   0   0 |     GAG   1   1   1   1   1   1 |     GGG   2   2   2   2   2   2
--------------------------------------------------------------------------------------------------------------------------------------

--------------------------------------------------------------------------------------------------------------------------------------
Phe TTT   0   0   0   0   0   0 | Ser TCT   0   0   0   1   0   0 | Tyr TAT   0   0   0   0   0   0 | Cys TGT   0   0   0   0   0   0
    TTC   1   1   1   1   1   1 |     TCC   0   0   0   0   0   0 |     TAC   2   2   2   2   2   2 |     TGC   0   0   0   0   0   0
Leu TTA   0   0   0   0   0   0 |     TCA   0   0   0   0   0   0 | *** TAA   0   0   0   0   0   0 | *** TGA   0   0   0   0   0   0
    TTG   0   0   0   0   0   0 |     TCG   1   1   1   0   1   1 |     TAG   0   0   0   0   0   0 | Trp TGG   0   0   0   0   0   0
--------------------------------------------------------------------------------------------------------------------------------------
Leu CTT   0   0   0   0   0   0 | Pro CCT   1   1   1   1   1   1 | His CAT   0   0   0   0   0   0 | Arg CGT   0   0   0   0   0   0
    CTC   0   0   0   0   0   0 |     CCC   2   1   3   3   3   2 |     CAC   1   1   1   1   1   1 |     CGC   2   2   2   2   2   2
    CTA   0   0   0   0   0   0 |     CCA   0   1   0   0   0   0 | Gln CAA   0   0   0   0   0   0 |     CGA   0   0   0   0   0   0
    CTG   4   4   4   4   4   4 |     CCG   2   2   1   1   1   2 |     CAG   2   2   2   2   2   2 |     CGG   2   2   2   2   2   2
--------------------------------------------------------------------------------------------------------------------------------------
Ile ATT   0   0   0   0   0   0 | Thr ACT   0   0   0   0   0   0 | Asn AAT   0   0   0   0   0   0 | Ser AGT   0   0   0   0   0   0
    ATC   0   0   0   0   0   0 |     ACC   1   1   1   1   1   1 |     AAC   0   0   0   0   0   0 |     AGC   0   0   0   0   0   0
    ATA   0   0   0   0   0   0 |     ACA   0   0   0   0   0   0 | Lys AAA   0   0   0   0   0   0 | Arg AGA   0   0   0   0   0   0
Met ATG   0   0   0   0   0   0 |     ACG   0   0   0   0   0   0 |     AAG   1   1   1   1   1   1 |     AGG   0   0   0   0   0   0
--------------------------------------------------------------------------------------------------------------------------------------
Val GTT   0   0   0   0   0   0 | Ala GCT   0   0   0   0   0   0 | Asp GAT   1   1   1   2   1   1 | Gly GGT   1   1   2   2   1   1
    GTC   0   0   0   0   0   0 |     GCC   1   1   1   1   1   1 |     GAC   2   2   2   1   2   2 |     GGC   2   2   1   1   2   2
    GTA   0   0   0   0   0   0 |     GCA   3   3   3   3   3   2 | Glu GAA   0   0   0   0   0   0 |     GGA   0   0   0   0   0   0
    GTG   4   4   4   4   4   4 |     GCG   0   0   0   0   0   1 |     GAG   1   1   1   1   1   1 |     GGG   2   2   2   2   2   2
--------------------------------------------------------------------------------------------------------------------------------------

--------------------------------------------------------------------------------------------------------------------------------------
Phe TTT   0   0   0   0   0   0 | Ser TCT   1   0   0   0   0   0 | Tyr TAT   0   0   0   0   0   0 | Cys TGT   0   0   0   0   0   0
    TTC   1   1   1   1   1   1 |     TCC   0   0   0   0   0   0 |     TAC   2   2   2   2   2   2 |     TGC   0   0   0   0   0   0
Leu TTA   0   0   0   0   0   0 |     TCA   0   0   0   0   0   0 | *** TAA   0   0   0   0   0   0 | *** TGA   0   0   0   0   0   0
    TTG   0   0   0   0   0   0 |     TCG   0   1   1   1   1   1 |     TAG   0   0   0   0   0   0 | Trp TGG   0   0   0   0   0   0
--------------------------------------------------------------------------------------------------------------------------------------
Leu CTT   0   0   0   0   0   0 | Pro CCT   2   1   1   1   1   1 | His CAT   0   0   0   0   0   0 | Arg CGT   0   0   0   0   1   0
    CTC   0   0   0   0   0   0 |     CCC   2   3   2   3   3   3 |     CAC   1   1   1   1   1   1 |     CGC   2   2   2   2   1   2
    CTA   0   0   0   0   0   0 |     CCA   0   0   0   0   0   0 | Gln CAA   0   0   0   0   0   0 |     CGA   0   0   0   0   0   0
    CTG   4   4   4   4   4   4 |     CCG   1   1   2   1   1   1 |     CAG   2   2   2   2   2   2 |     CGG   2   2   2   2   2   2
--------------------------------------------------------------------------------------------------------------------------------------
Ile ATT   0   0   0   0   0   0 | Thr ACT   0   0   0   0   0   0 | Asn AAT   0   0   0   0   0   0 | Ser AGT   0   0   0   0   0   0
    ATC   0   0   0   0   0   0 |     ACC   1   1   1   1   1   1 |     AAC   0   0   0   0   0   0 |     AGC   0   0   0   0   0   0
    ATA   0   0   0   0   0   0 |     ACA   0   0   0   0   0   0 | Lys AAA   0   0   0   0   0   0 | Arg AGA   0   0   0   0   0   0
Met ATG   0   0   0   0   0   0 |     ACG   0   0   0   0   0   0 |     AAG   1   1   1   1   2   1 |     AGG   0   0   0   0   0   0
--------------------------------------------------------------------------------------------------------------------------------------
Val GTT   0   0   0   0   0   0 | Ala GCT   0   0   0   0   0   0 | Asp GAT   1   1   1   1   1   1 | Gly GGT   2   2   1   1   1   1
    GTC   0   0   0   0   0   0 |     GCC   1   1   1   1   1   1 |     GAC   2   2   2   2   2   2 |     GGC   1   1   2   1   2   2
    GTA   0   0   0   0   0   0 |     GCA   3   2   3   3   2   3 | Glu GAA   0   0   0   0   0   0 |     GGA   0   0   1   1   0   0
    GTG   4   4   4   4   4   4 |     GCG   0   1   0   0   1   0 |     GAG   1   1   1   1   0   1 |     GGG   2   2   1   2   2   2
--------------------------------------------------------------------------------------------------------------------------------------

--------------------------------------------------------------------------------------------------------------------------------------
Phe TTT   0   0   0   0   0   0 | Ser TCT   0   0   0   0   1   0 | Tyr TAT   0   0   0   1   0   0 | Cys TGT   0   0   0   0   0   0
    TTC   1   1   1   1   1   1 |     TCC   0   0   0   0   0   0 |     TAC   2   2   2   1   2   2 |     TGC   0   0   0   0   0   0
Leu TTA   0   0   0   0   0   0 |     TCA   0   0   0   0   0   0 | *** TAA   0   0   0   0   0   0 | *** TGA   0   0   0   0   0   0
    TTG   0   0   0   0   0   0 |     TCG   1   1   1   1   0   1 |     TAG   0   0   0   0   0   0 | Trp TGG   0   0   0   0   0   0
--------------------------------------------------------------------------------------------------------------------------------------
Leu CTT   0   0   0   0   0   0 | Pro CCT   1   1   1   1   1   1 | His CAT   0   0   0   0   0   0 | Arg CGT   0   0   0   0   0   0
    CTC   0   0   0   0   0   0 |     CCC   3   3   3   3   3   2 |     CAC   1   1   1   1   1   1 |     CGC   2   2   2   1   2   2
    CTA   0   0   0   0   0   0 |     CCA   0   0   0   0   0   0 | Gln CAA   0   0   0   0   0   0 |     CGA   0   0   0   1   0   0
    CTG   4   4   4   4   4   4 |     CCG   1   1   1   1   0   2 |     CAG   2   2   2   2   2   2 |     CGG   2   2   2   2   3   2
--------------------------------------------------------------------------------------------------------------------------------------
Ile ATT   0   0   0   0   0   0 | Thr ACT   0   0   0   0   1   0 | Asn AAT   0   0   0   0   0   0 | Ser AGT   0   0   0   0   0   0
    ATC   0   0   0   0   0   0 |     ACC   1   1   1   1   0   1 |     AAC   0   0   0   0   0   0 |     AGC   0   0   0   0   0   0
    ATA   0   0   0   0   0   0 |     ACA   0   0   0   0   0   0 | Lys AAA   0   0   0   0   0   0 | Arg AGA   0   0   0   0   0   0
Met ATG   0   0   0   0   0   0 |     ACG   0   0   0   0   0   0 |     AAG   1   1   1   1   1   1 |     AGG   0   0   0   0   0   0
--------------------------------------------------------------------------------------------------------------------------------------
Val GTT   0   0   0   0   0   0 | Ala GCT   0   1   0   0   0   0 | Asp GAT   1   1   1   1   1   1 | Gly GGT   1   1   2   1   1   1
    GTC   0   0   0   0   0   0 |     GCC   1   0   1   1   1   1 |     GAC   2   2   2   2   2   2 |     GGC   2   2   1   2   2   2
    GTA   0   0   0   0   0   0 |     GCA   3   2   3   3   3   3 | Glu GAA   0   0   0   0   0   0 |     GGA   0   0   0   0   0   0
    GTG   4   4   4   4   4   4 |     GCG   0   1   0   0   0   0 |     GAG   1   1   1   1   1   1 |     GGG   2   2   2   2   2   2
--------------------------------------------------------------------------------------------------------------------------------------

--------------------------------------------------------------------------------------------------------------------------------------
Phe TTT   0   0   0   0   0   1 | Ser TCT   0   1   0   0   0   0 | Tyr TAT   0   0   0   0   0   0 | Cys TGT   0   0   0   0   0   0
    TTC   1   1   1   1   1   0 |     TCC   0   0   0   0   0   0 |     TAC   2   2   2   2   2   2 |     TGC   0   0   0   0   0   0
Leu TTA   0   0   0   0   0   0 |     TCA   0   0   0   0   0   0 | *** TAA   0   0   0   0   0   0 | *** TGA   0   0   0   0   0   0
    TTG   0   0   0   0   0   0 |     TCG   1   0   1   1   1   1 |     TAG   0   0   0   0   0   0 | Trp TGG   0   0   0   0   0   0
--------------------------------------------------------------------------------------------------------------------------------------
Leu CTT   0   0   0   0   0   0 | Pro CCT   1   1   1   1   1   1 | His CAT   0   0   0   0   0   0 | Arg CGT   0   0   0   0   0   0
    CTC   0   0   0   0   0   0 |     CCC   2   3   2   1   3   3 |     CAC   1   1   1   1   1   1 |     CGC   2   2   2   2   2   2
    CTA   0   0   0   0   0   0 |     CCA   0   0   0   0   0   0 | Gln CAA   0   0   0   0   0   0 |     CGA   0   0   0   0   0   0
    CTG   4   4   4   4   4   4 |     CCG   2   1   2   3   1   1 |     CAG   2   2   2   2   2   3 |     CGG   2   2   2   2   2   1
--------------------------------------------------------------------------------------------------------------------------------------
Ile ATT   0   0   0   0   0   0 | Thr ACT   0   0   0   0   0   0 | Asn AAT   0   0   0   0   0   0 | Ser AGT   0   0   0   0   0   0
    ATC   0   0   0   0   0   0 |     ACC   1   1   1   1   1   1 |     AAC   0   0   0   0   0   0 |     AGC   0   0   0   0   0   0
    ATA   0   0   0   0   0   0 |     ACA   0   0   0   0   0   0 | Lys AAA   0   0   0   0   0   0 | Arg AGA   0   0   0   0   0   0
Met ATG   0   0   0   0   0   0 |     ACG   0   0   0   0   0   0 |     AAG   1   1   1   1   1   2 |     AGG   0   0   0   0   0   0
--------------------------------------------------------------------------------------------------------------------------------------
Val GTT   0   0   0   0   0   0 | Ala GCT   0   0   0   0   0   0 | Asp GAT   1   2   1   1   1   1 | Gly GGT   1   2   1   1   1   1
    GTC   0   0   0   0   0   0 |     GCC   1   1   1   1   1   1 |     GAC   2   1   2   2   2   2 |     GGC   2   1   2   2   2   2
    GTA   0   0   0   0   0   0 |     GCA   3   3   3   3   2   2 | Glu GAA   0   0   0   0   0   1 |     GGA   0   0   0   0   0   0
    GTG   4   4   4   4   4   4 |     GCG   0   0   0   0   1   0 |     GAG   1   1   1   1   1   0 |     GGG   2   2   2   2   2   2
--------------------------------------------------------------------------------------------------------------------------------------

--------------------------------------------------------------------------------------------------------------------------------------
Phe TTT   0   0   0   1   0   0 | Ser TCT   1   0   0   0   0   0 | Tyr TAT   0   0   0   0   0   0 | Cys TGT   0   0   0   0   0   0
    TTC   1   1   1   0   1   1 |     TCC   0   0   0   0   0   0 |     TAC   2   2   2   2   2   2 |     TGC   0   0   0   0   0   0
Leu TTA   0   0   0   0   0   0 |     TCA   0   0   0   0   0   0 | *** TAA   0   0   0   0   0   0 | *** TGA   0   0   0   0   0   0
    TTG   0   0   0   0   0   0 |     TCG   0   1   1   1   1   1 |     TAG   0   0   0   0   0   0 | Trp TGG   0   0   0   0   0   0
--------------------------------------------------------------------------------------------------------------------------------------
Leu CTT   0   0   0   0   0   0 | Pro CCT   1   1   1   0   1   1 | His CAT   0   0   0   0   0   0 | Arg CGT   0   0   0   0   0   0
    CTC   0   0   0   0   0   0 |     CCC   3   3   3   4   2   3 |     CAC   1   1   1   1   1   1 |     CGC   2   2   2   2   2   2
    CTA   0   0   0   1   0   0 |     CCA   0   0   0   0   0   0 | Gln CAA   0   0   0   0   0   0 |     CGA   0   0   0   0   0   0
    CTG   4   4   4   3   4   4 |     CCG   1   1   1   1   2   1 |     CAG   2   2   2   2   2   2 |     CGG   2   2   2   2   2   2
--------------------------------------------------------------------------------------------------------------------------------------
Ile ATT   0   0   0   0   0   0 | Thr ACT   0   0   0   0   0   0 | Asn AAT   0   0   0   0   0   0 | Ser AGT   0   0   0   0   0   0
    ATC   0   0   0   0   0   0 |     ACC   1   1   1   1   1   1 |     AAC   0   0   0   0   0   0 |     AGC   0   0   0   0   0   0
    ATA   0   0   0   0   0   0 |     ACA   0   0   0   0   0   0 | Lys AAA   0   0   0   0   0   0 | Arg AGA   0   0   0   0   0   0
Met ATG   0   0   0   0   0   0 |     ACG   0   0   0   0   0   0 |     AAG   1   1   1   1   1   1 |     AGG   0   0   0   0   0   0
--------------------------------------------------------------------------------------------------------------------------------------
Val GTT   0   0   0   0   0   0 | Ala GCT   0   0   0   0   0   0 | Asp GAT   1   1   1   1   1   1 | Gly GGT   1   1   1   1   1   1
    GTC   0   0   0   0   0   0 |     GCC   1   1   2   1   1   1 |     GAC   2   2   2   2   2   2 |     GGC   2   2   2   2   2   2
    GTA   0   0   0   0   0   0 |     GCA   3   3   2   2   2   2 | Glu GAA   0   0   0   0   0   0 |     GGA   0   0   0   0   0   0
    GTG   4   4   4   4   4   4 |     GCG   0   0   0   1   1   1 |     GAG   1   1   1   1   1   1 |     GGG   2   2   2   2   2   2
--------------------------------------------------------------------------------------------------------------------------------------

Codon position x base (3x4) table for each sequence.

#1: Argali         
position  1:    T:0.10256    C:0.41026    A:0.05128    G:0.43590
position  2:    T:0.23077    C:0.28205    A:0.25641    G:0.23077
position  3:    T:0.12821    C:0.33333    A:0.07692    G:0.46154
Average         T:0.15385    C:0.34188    A:0.12821    G:0.37607

#2: LesserMouseDeer
position  1:    T:0.10256    C:0.41026    A:0.05128    G:0.43590
position  2:    T:0.20513    C:0.30769    A:0.25641    G:0.23077
position  3:    T:0.10256    C:0.35897    A:0.10256    G:0.43590
Average         T:0.13675    C:0.35897    A:0.13675    G:0.36752

#3: LesserKudu     
position  1:    T:0.10256    C:0.41026    A:0.05128    G:0.43590
position  2:    T:0.23077    C:0.28205    A:0.25641    G:0.23077
position  3:    T:0.07692    C:0.38462    A:0.05128    G:0.48718
Average         T:0.13675    C:0.35897    A:0.11966    G:0.38462

#4: ForestMuskDeer2
position  1:    T:0.10256    C:0.41026    A:0.05128    G:0.43590
position  2:    T:0.23077    C:0.28205    A:0.25641    G:0.23077
position  3:    T:0.07692    C:0.38462    A:0.07692    G:0.46154
Average         T:0.13675    C:0.35897    A:0.12821    G:0.37607

#5: Camel          
position  1:    T:0.10256    C:0.41026    A:0.07692    G:0.41026
position  2:    T:0.23077    C:0.25641    A:0.28205    G:0.23077
position  3:    T:0.07692    C:0.38462    A:0.05128    G:0.48718
Average         T:0.13675    C:0.35043    A:0.13675    G:0.37607

#6: KillerWhale    
position  1:    T:0.12821    C:0.41026    A:0.05128    G:0.41026
position  2:    T:0.23077    C:0.28205    A:0.23077    G:0.25641
position  3:    T:0.00000    C:0.48718    A:0.05128    G:0.46154
Average         T:0.11966    C:0.39316    A:0.11111    G:0.37607

#7: DefassaWaterbuck
position  1:    T:0.10256    C:0.41026    A:0.05128    G:0.43590
position  2:    T:0.23077    C:0.28205    A:0.25641    G:0.23077
position  3:    T:0.10256    C:0.33333    A:0.10256    G:0.46154
Average         T:0.14530    C:0.34188    A:0.13675    G:0.37607

#8: Sheep          
position  1:    T:0.10256    C:0.41026    A:0.05128    G:0.43590
position  2:    T:0.23077    C:0.28205    A:0.25641    G:0.23077
position  3:    T:0.10256    C:0.35897    A:0.07692    G:0.46154
Average         T:0.14530    C:0.35043    A:0.12821    G:0.37607

#9: MaxwellsDuiker 
position  1:    T:0.10256    C:0.41026    A:0.05128    G:0.43590
position  2:    T:0.23077    C:0.28205    A:0.25641    G:0.23077
position  3:    T:0.10256    C:0.33333    A:0.10256    G:0.46154
Average         T:0.14530    C:0.34188    A:0.13675    G:0.37607

#10: GazellaPrzewalskyi
position  1:    T:0.10256    C:0.41026    A:0.05128    G:0.43590
position  2:    T:0.23077    C:0.28205    A:0.25641    G:0.23077
position  3:    T:0.10256    C:0.38462    A:0.07692    G:0.43590
Average         T:0.14530    C:0.35897    A:0.12821    G:0.36752

#11: MountainNyala  
position  1:    T:0.10256    C:0.41026    A:0.05128    G:0.43590
position  2:    T:0.23077    C:0.28205    A:0.25641    G:0.23077
position  3:    T:0.07692    C:0.35897    A:0.05128    G:0.51282
Average         T:0.13675    C:0.35043    A:0.11966    G:0.39316

#12: MuntiacusMuntjak
position  1:    T:0.10256    C:0.41026    A:0.05128    G:0.43590
position  2:    T:0.23077    C:0.28205    A:0.25641    G:0.23077
position  3:    T:0.07692    C:0.35897    A:0.07692    G:0.48718
Average         T:0.13675    C:0.35043    A:0.12821    G:0.38462

#13: goat           
position  1:    T:0.10256    C:0.41026    A:0.05128    G:0.43590
position  2:    T:0.23077    C:0.28205    A:0.25641    G:0.23077
position  3:    T:0.10256    C:0.35897    A:0.07692    G:0.46154
Average         T:0.14530    C:0.35043    A:0.12821    G:0.37607

#14: AfricanBuffalo 
position  1:    T:0.10256    C:0.41026    A:0.05128    G:0.43590
position  2:    T:0.23077    C:0.28205    A:0.25641    G:0.23077
position  3:    T:0.07692    C:0.38462    A:0.05128    G:0.48718
Average         T:0.13675    C:0.35897    A:0.11966    G:0.38462

#15: Topi           
position  1:    T:0.10256    C:0.41026    A:0.05128    G:0.43590
position  2:    T:0.23077    C:0.28205    A:0.25641    G:0.23077
position  3:    T:0.07692    C:0.38462    A:0.07692    G:0.46154
Average         T:0.13675    C:0.35897    A:0.12821    G:0.37607

#16: CommonDuiker   
position  1:    T:0.10256    C:0.41026    A:0.05128    G:0.43590
position  2:    T:0.23077    C:0.28205    A:0.25641    G:0.23077
position  3:    T:0.07692    C:0.35897    A:0.10256    G:0.46154
Average         T:0.13675    C:0.35043    A:0.13675    G:0.37607

#17: Suni           
position  1:    T:0.10256    C:0.41026    A:0.05128    G:0.43590
position  2:    T:0.23077    C:0.28205    A:0.25641    G:0.23077
position  3:    T:0.07692    C:0.35897    A:0.10256    G:0.46154
Average         T:0.13675    C:0.35043    A:0.13675    G:0.37607

#18: Springbuck     
position  1:    T:0.10256    C:0.41026    A:0.05128    G:0.43590
position  2:    T:0.23077    C:0.28205    A:0.25641    G:0.23077
position  3:    T:0.12821    C:0.35897    A:0.07692    G:0.43590
Average         T:0.15385    C:0.35043    A:0.12821    G:0.36752

#19: Okapi          
position  1:    T:0.10256    C:0.41026    A:0.05128    G:0.43590
position  2:    T:0.23077    C:0.28205    A:0.25641    G:0.23077
position  3:    T:0.07692    C:0.38462    A:0.07692    G:0.46154
Average         T:0.13675    C:0.35897    A:0.12821    G:0.37607

#20: Giraffe        
position  1:    T:0.12821    C:0.35897    A:0.07692    G:0.43590
position  2:    T:0.23077    C:0.28205    A:0.25641    G:0.23077
position  3:    T:0.07692    C:0.38462    A:0.07692    G:0.46154
Average         T:0.14530    C:0.34188    A:0.13675    G:0.37607

#21: TibetanAntelope
position  1:    T:0.10256    C:0.41026    A:0.05128    G:0.43590
position  2:    T:0.23077    C:0.28205    A:0.25641    G:0.23077
position  3:    T:0.10256    C:0.35897    A:0.07692    G:0.46154
Average         T:0.14530    C:0.35043    A:0.12821    G:0.37607

#22: Sitatunga      
position  1:    T:0.10256    C:0.41026    A:0.05128    G:0.43590
position  2:    T:0.23077    C:0.28205    A:0.25641    G:0.23077
position  3:    T:0.07692    C:0.35897    A:0.07692    G:0.48718
Average         T:0.13675    C:0.35043    A:0.12821    G:0.38462

#23: Oribi          
position  1:    T:0.12821    C:0.38462    A:0.07692    G:0.41026
position  2:    T:0.23077    C:0.28205    A:0.25641    G:0.23077
position  3:    T:0.10256    C:0.38462    A:0.10256    G:0.41026
Average         T:0.15385    C:0.35043    A:0.14530    G:0.35043

#24: BarbarySheep   
position  1:    T:0.10256    C:0.41026    A:0.05128    G:0.43590
position  2:    T:0.23077    C:0.28205    A:0.25641    G:0.23077
position  3:    T:0.10256    C:0.35897    A:0.07692    G:0.46154
Average         T:0.14530    C:0.35043    A:0.12821    G:0.37607

#25: Daviddeer      
position  1:    T:0.10256    C:0.41026    A:0.05128    G:0.43590
position  2:    T:0.23077    C:0.28205    A:0.25641    G:0.23077
position  3:    T:0.07692    C:0.35897    A:0.07692    G:0.48718
Average         T:0.13675    C:0.35043    A:0.12821    G:0.38462

#26: Reindeer       
position  1:    T:0.10256    C:0.41026    A:0.05128    G:0.43590
position  2:    T:0.23077    C:0.28205    A:0.25641    G:0.23077
position  3:    T:0.07692    C:0.33333    A:0.10256    G:0.48718
Average         T:0.13675    C:0.34188    A:0.13675    G:0.38462

#27: Ibex           
position  1:    T:0.10256    C:0.41026    A:0.05128    G:0.43590
position  2:    T:0.23077    C:0.28205    A:0.25641    G:0.23077
position  3:    T:0.10256    C:0.35897    A:0.07692    G:0.46154
Average         T:0.14530    C:0.35043    A:0.12821    G:0.37607

#28: GyrantGazelle  
position  1:    T:0.10256    C:0.41026    A:0.05128    G:0.43590
position  2:    T:0.23077    C:0.28205    A:0.25641    G:0.23077
position  3:    T:0.15385    C:0.33333    A:0.07692    G:0.43590
Average         T:0.16239    C:0.34188    A:0.12821    G:0.36752

#29: Hartebeest     
position  1:    T:0.10256    C:0.41026    A:0.05128    G:0.43590
position  2:    T:0.23077    C:0.28205    A:0.25641    G:0.23077
position  3:    T:0.07692    C:0.38462    A:0.07692    G:0.46154
Average         T:0.13675    C:0.35897    A:0.12821    G:0.37607

#30: Bongo          
position  1:    T:0.10256    C:0.41026    A:0.05128    G:0.43590
position  2:    T:0.23077    C:0.28205    A:0.25641    G:0.23077
position  3:    T:0.07692    C:0.35897    A:0.05128    G:0.51282
Average         T:0.13675    C:0.35043    A:0.11966    G:0.39316

#31: Gerenuk        
position  1:    T:0.10256    C:0.41026    A:0.05128    G:0.43590
position  2:    T:0.23077    C:0.28205    A:0.25641    G:0.23077
position  3:    T:0.15385    C:0.33333    A:0.07692    G:0.43590
Average         T:0.16239    C:0.34188    A:0.12821    G:0.36752

#32: CommonEland    
position  1:    T:0.10256    C:0.41026    A:0.05128    G:0.43590
position  2:    T:0.23077    C:0.28205    A:0.25641    G:0.23077
position  3:    T:0.10256    C:0.35897    A:0.05128    G:0.48718
Average         T:0.14530    C:0.35043    A:0.11966    G:0.38462

#33: MuntiacusReevesi
position  1:    T:0.10256    C:0.41026    A:0.05128    G:0.43590
position  2:    T:0.23077    C:0.28205    A:0.25641    G:0.23077
position  3:    T:0.07692    C:0.35897    A:0.10256    G:0.46154
Average         T:0.13675    C:0.35043    A:0.13675    G:0.37607

#34: HarveysDuiker  
position  1:    T:0.10256    C:0.41026    A:0.05128    G:0.43590
position  2:    T:0.23077    C:0.28205    A:0.25641    G:0.23077
position  3:    T:0.07692    C:0.35897    A:0.10256    G:0.46154
Average         T:0.13675    C:0.35043    A:0.13675    G:0.37607

#35: Pronghorn      
position  1:    T:0.10256    C:0.41026    A:0.07692    G:0.41026
position  2:    T:0.23077    C:0.28205    A:0.25641    G:0.23077
position  3:    T:0.10256    C:0.35897    A:0.05128    G:0.48718
Average         T:0.14530    C:0.35043    A:0.12821    G:0.37607

#36: BlueWildebeest 
position  1:    T:0.10256    C:0.41026    A:0.05128    G:0.43590
position  2:    T:0.23077    C:0.28205    A:0.25641    G:0.23077
position  3:    T:0.07692    C:0.38462    A:0.07692    G:0.46154
Average         T:0.13675    C:0.35897    A:0.12821    G:0.37607

#37: Gemsbok        
position  1:    T:0.10256    C:0.41026    A:0.05128    G:0.43590
position  2:    T:0.23077    C:0.28205    A:0.25641    G:0.23077
position  3:    T:0.07692    C:0.38462    A:0.07692    G:0.46154
Average         T:0.13675    C:0.35897    A:0.12821    G:0.37607

#38: Yak            
position  1:    T:0.10256    C:0.41026    A:0.05128    G:0.43590
position  2:    T:0.23077    C:0.28205    A:0.25641    G:0.23077
position  3:    T:0.10256    C:0.35897    A:0.05128    G:0.48718
Average         T:0.14530    C:0.35043    A:0.11966    G:0.38462

#39: BlueSheep      
position  1:    T:0.10256    C:0.41026    A:0.05128    G:0.43590
position  2:    T:0.23077    C:0.28205    A:0.25641    G:0.23077
position  3:    T:0.10256    C:0.35897    A:0.07692    G:0.46154
Average         T:0.14530    C:0.35043    A:0.12821    G:0.37607

#40: BohorReedbuck  
position  1:    T:0.10256    C:0.41026    A:0.05128    G:0.43590
position  2:    T:0.23077    C:0.28205    A:0.25641    G:0.23077
position  3:    T:0.10256    C:0.33333    A:0.10256    G:0.46154
Average         T:0.14530    C:0.34188    A:0.13675    G:0.37607

#41: KirksDik       
position  1:    T:0.10256    C:0.41026    A:0.05128    G:0.43590
position  2:    T:0.23077    C:0.25641    A:0.25641    G:0.25641
position  3:    T:0.12821    C:0.35897    A:0.07692    G:0.43590
Average         T:0.15385    C:0.34188    A:0.12821    G:0.37607

#42: RoeDeer        
position  1:    T:0.10256    C:0.41026    A:0.05128    G:0.43590
position  2:    T:0.23077    C:0.28205    A:0.25641    G:0.23077
position  3:    T:0.07692    C:0.35897    A:0.07692    G:0.48718
Average         T:0.13675    C:0.35043    A:0.12821    G:0.38462

#43: WhiteLippedDeer
position  1:    T:0.10256    C:0.41026    A:0.05128    G:0.43590
position  2:    T:0.23077    C:0.28205    A:0.25641    G:0.23077
position  3:    T:0.07692    C:0.35897    A:0.07692    G:0.48718
Average         T:0.13675    C:0.35043    A:0.12821    G:0.38462

#44: ThomsonGazelle 
position  1:    T:0.10256    C:0.41026    A:0.05128    G:0.43590
position  2:    T:0.23077    C:0.28205    A:0.25641    G:0.23077
position  3:    T:0.15385    C:0.33333    A:0.07692    G:0.43590
Average         T:0.16239    C:0.34188    A:0.12821    G:0.36752

#45: MuntiacusCrinifrons
position  1:    T:0.10256    C:0.41026    A:0.05128    G:0.43590
position  2:    T:0.23077    C:0.28205    A:0.25641    G:0.23077
position  3:    T:0.07692    C:0.35897    A:0.07692    G:0.48718
Average         T:0.13675    C:0.35043    A:0.12821    G:0.38462

#46: WhiteTailedDeer
position  1:    T:0.10256    C:0.41026    A:0.05128    G:0.43590
position  2:    T:0.23077    C:0.28205    A:0.25641    G:0.23077
position  3:    T:0.07692    C:0.33333    A:0.07692    G:0.51282
Average         T:0.13675    C:0.34188    A:0.12821    G:0.39316

#47: Cattle         
position  1:    T:0.10256    C:0.41026    A:0.05128    G:0.43590
position  2:    T:0.23077    C:0.28205    A:0.25641    G:0.23077
position  3:    T:0.07692    C:0.38462    A:0.05128    G:0.48718
Average         T:0.13675    C:0.35897    A:0.11966    G:0.38462

#48: RoyalAntelope  
position  1:    T:0.10256    C:0.41026    A:0.07692    G:0.41026
position  2:    T:0.23077    C:0.25641    A:0.30769    G:0.20513
position  3:    T:0.10256    C:0.35897    A:0.07692    G:0.46154
Average         T:0.14530    C:0.34188    A:0.15385    G:0.35897

#49: Steenbok       
position  1:    T:0.10256    C:0.41026    A:0.05128    G:0.43590
position  2:    T:0.23077    C:0.28205    A:0.25641    G:0.23077
position  3:    T:0.10256    C:0.38462    A:0.07692    G:0.43590
Average         T:0.14530    C:0.35897    A:0.12821    G:0.36752

#50: Impala         
position  1:    T:0.10256    C:0.41026    A:0.05128    G:0.43590
position  2:    T:0.23077    C:0.28205    A:0.25641    G:0.23077
position  3:    T:0.07692    C:0.38462    A:0.07692    G:0.46154
Average         T:0.13675    C:0.35897    A:0.12821    G:0.37607

#51: Klipspringer   
position  1:    T:0.10256    C:0.41026    A:0.05128    G:0.43590
position  2:    T:0.23077    C:0.28205    A:0.25641    G:0.23077
