CODONML (in paml version 4.10.7, June 2023)  /home/rachel/ruminants_paml/6406-phy-tree/ENSBTAT00000000217.fasta.phy
Model: free dN/dS Ratios for branches,  kappa = 2.000 fixed

Codon frequency model: F3x4
ns =  54  ls = 148

Codon usage in sequences
--------------------------------------------------------------------------------------------------------------------------------------
Phe TTT   5   5   5   5   5   5 | Ser TCT   1   0   0   0   0   1 | Tyr TAT   4   4   5   4   5   5 | Cys TGT   1   1   1   1   1   1
    TTC   8   8   8   8   8   8 |     TCC   1   2   2   2   2   1 |     TAC   2   2   1   2   1   1 |     TGC   2   2   2   2   2   2
Leu TTA   2   2   2   2   2   2 |     TCA   0   0   0   0   0   0 | *** TAA   0   0   0   0   0   0 | *** TGA   0   0   0   0   0   0
    TTG   4   4   4   4   5   4 |     TCG   0   0   0   0   0   0 |     TAG   0   0   0   0   0   0 | Trp TGG   2   2   2   2   2   2
--------------------------------------------------------------------------------------------------------------------------------------
Leu CTT   1   1   1   1   1   1 | Pro CCT   4   4   4   4   4   4 | His CAT   0   0   0   0   0   0 | Arg CGT   0   0   0   0   0   0
    CTC   1   1   1   1   1   1 |     CCC   4   4   4   4   4   4 |     CAC   1   1   1   1   1   1 |     CGC   0   0   0   0   0   0
    CTA   1   1   1   1   1   2 |     CCA   3   3   3   3   3   3 | Gln CAA   1   0   1   1   2   3 |     CGA   1   1   2   1   1   1
    CTG   4   5   4   4   3   4 |     CCG   0   0   0   0   0   0 |     CAG   3   5   3   3   2   1 |     CGG   3   2   2   3   3   3
--------------------------------------------------------------------------------------------------------------------------------------
Ile ATT   1   1   1   1   1   2 | Thr ACT   0   1   0   0   1   1 | Asn AAT   2   3   3   2   2   5 | Ser AGT   1   2   1   1   1   1
    ATC   7   7   7   8   6   7 |     ACC   3   2   3   3   3   2 |     AAC   3   3   2   3   3   1 |     AGC   1   0   1   1   1   1
    ATA   1   0   1   1   0   0 |     ACA   3   3   3   3   2   2 | Lys AAA   3   3   3   3   3   3 | Arg AGA   1   1   1   1   1   1
Met ATG   8   8   8   8  10  10 |     ACG   0   0   0   0   1   1 |     AAG   4   4   4   4   4   4 |     AGG   2   2   2   2   1   1
--------------------------------------------------------------------------------------------------------------------------------------
Val GTT   2   2   3   2   3   2 | Ala GCT   3   3   3   2   5   1 | Asp GAT   3   1   3   3   3   2 | Gly GGT   4   5   3   3   4   3
    GTC   3   3   2   3   1   1 |     GCC   7   7   7   7   5   9 |     GAC   0   1   0   0   0   0 |     GGC   5   5   6   6   3   4
    GTA   0   1   1   1   1   1 |     GCA   2   2   1   2   2   2 | Glu GAA   2   3   2   2   3   4 |     GGA   3   2   3   3   3   3
    GTG   5   4   4   4   5   4 |     GCG   1   1   2   1   1   1 |     GAG   4   3   4   4   3   2 |     GGG   5   5   5   5   7   7
--------------------------------------------------------------------------------------------------------------------------------------

--------------------------------------------------------------------------------------------------------------------------------------
Phe TTT   5   5   5   5   5   5 | Ser TCT   0   1   0   0   0   0 | Tyr TAT   4   4   4   4   5   5 | Cys TGT   1   1   1   1   1   1
    TTC   8   8   8   8   8   8 |     TCC   2   1   2   2   2   2 |     TAC   2   2   2   2   1   1 |     TGC   2   2   2   2   2   2
Leu TTA   2   2   2   3   2   2 |     TCA   0   0   0   0   0   0 | *** TAA   0   0   0   0   0   0 | *** TGA   0   0   0   0   0   0
    TTG   4   4   4   3   3   4 |     TCG   0   0   0   0   0   0 |     TAG   0   0   0   0   0   0 | Trp TGG   2   2   2   2   2   2
--------------------------------------------------------------------------------------------------------------------------------------
Leu CTT   1   1   1   1   1   1 | Pro CCT   4   4   4   3   4   4 | His CAT   0   0   0   0   0   0 | Arg CGT   0   0   0   0   0   0
    CTC   1   1   1   1   1   1 |     CCC   4   4   4   4   4   4 |     CAC   1   1   1   1   1   1 |     CGC   0   0   0   0   0   0
    CTA   0   1   1   1   1   1 |     CCA   3   3   3   3   3   3 | Gln CAA   0   1   1   1   1   1 |     CGA   1   1   1   1   2   1
    CTG   5   4   4   4   5   4 |     CCG   0   0   0   1   0   0 |     CAG   4   3   3   3   3   3 |     CGG   3   3   3   3   2   3
--------------------------------------------------------------------------------------------------------------------------------------
Ile ATT   1   1   1   1   1   1 | Thr ACT   0   0   0   0   0   0 | Asn AAT   1   2   2   2   3   2 | Ser AGT   1   1   1   1   1   1
    ATC   7   7   7   7   7   7 |     ACC   3   3   3   3   3   3 |     AAC   4   3   3   2   2   3 |     AGC   1   1   1   2   1   1
    ATA   1   1   1   1   1   1 |     ACA   3   3   3   3   3   3 | Lys AAA   3   3   3   3   3   3 | Arg AGA   1   1   1   1   1   1
Met ATG   8   8   8   8   8   8 |     ACG   0   0   0   0   0   0 |     AAG   4   4   4   4   4   4 |     AGG   2   2   2   2   2   2
--------------------------------------------------------------------------------------------------------------------------------------
Val GTT   1   2   2   2   2   2 | Ala GCT   3   3   3   5   3   1 | Asp GAT   3   3   3   3   3   3 | Gly GGT   4   4   3   3   3   3
    GTC   4   3   3   3   3   3 |     GCC   7   7   7   5   7   8 |     GAC   0   0   0   0   0   0 |     GGC   5   5   6   6   6   6
    GTA   1   0   1   1   1   1 |     GCA   2   2   2   2   2   2 | Glu GAA   2   2   2   2   2   3 |     GGA   3   3   3   3   3   3
    GTG   4   5   4   4   4   4 |     GCG   1   1   1   1   1   2 |     GAG   4   4   4   4   4   3 |     GGG   5   5   5   5   5   5
--------------------------------------------------------------------------------------------------------------------------------------

--------------------------------------------------------------------------------------------------------------------------------------
Phe TTT   5   5   5   5   5   5 | Ser TCT   0   1   0   1   0   0 | Tyr TAT   4   4   4   4   4   4 | Cys TGT   1   1   1   1   0   1
    TTC   8   8   8   8   8   8 |     TCC   2   1   2   1   2   2 |     TAC   2   2   2   2   2   2 |     TGC   2   2   2   2   3   2
Leu TTA   2   0   3   3   2   2 |     TCA   0   0   0   0   0   0 | *** TAA   0   0   0   0   0   0 | *** TGA   0   0   0   0   0   0
    TTG   4   5   3   3   4   4 |     TCG   0   0   0   0   0   0 |     TAG   0   0   0   0   0   0 | Trp TGG   2   2   2   2   2   2
--------------------------------------------------------------------------------------------------------------------------------------
Leu CTT   1   1   1   1   1   1 | Pro CCT   4   4   4   4   4   4 | His CAT   0   0   0   0   0   0 | Arg CGT   0   0   0   0   0   0
    CTC   1   1   1   1   1   1 |     CCC   4   4   4   4   4   4 |     CAC   1   1   1   1   1   1 |     CGC   0   0   0   0   0   0
    CTA   1   2   1   1   1   1 |     CCA   3   3   2   3   3   3 | Gln CAA   1   1   1   1   1   1 |     CGA   1   2   1   1   1   1
    CTG   4   4   4   4   4   4 |     CCG   0   0   1   0   0   0 |     CAG   3   3   3   3   3   3 |     CGG   3   2   3   3   3   3
--------------------------------------------------------------------------------------------------------------------------------------
Ile ATT   1   1   1   1   1   1 | Thr ACT   0   0   0   0   0   1 | Asn AAT   2   2   4   2   2   2 | Ser AGT   1   1   1   1   1   1
    ATC   7   7   7   7   7   7 |     ACC   3   3   3   3   3   2 |     AAC   3   3   1   3   3   3 |     AGC   1   1   1   1   1   1
    ATA   1   1   1   1   1   1 |     ACA   3   3   3   3   3   3 | Lys AAA   3   3   3   3   3   3 | Arg AGA   1   1   1   1   1   1
Met ATG   8   8   8   8   8   8 |     ACG   0   0   0   0   0   0 |     AAG   4   4   4   4   4   4 |     AGG   2   2   2   2   2   2
--------------------------------------------------------------------------------------------------------------------------------------
Val GTT   3   2   2   2   2   2 | Ala GCT   3   3   3   3   3   3 | Asp GAT   3   3   3   3   3   3 | Gly GGT   4   3   3   3   3   3
    GTC   2   3   3   3   3   3 |     GCC   7   7   7   7   7   7 |     GAC   0   0   0   0   0   0 |     GGC   5   6   6   6   6   6
    GTA   0   1   0   1   1   1 |     GCA   2   2   2   2   2   2 | Glu GAA   2   2   2   2   2   2 |     GGA   3   3   3   3   3   4
    GTG   5   4   5   4   4   4 |     GCG   1   1   1   1   1   1 |     GAG   4   4   4   4   4   4 |     GGG   5   5   5   5   5   4
--------------------------------------------------------------------------------------------------------------------------------------

--------------------------------------------------------------------------------------------------------------------------------------
Phe TTT   7   6   5   5   5   5 | Ser TCT   1   1   0   0   1   0 | Tyr TAT   3   4   4   5   4   4 | Cys TGT   1   1   1   1   1   1
    TTC   6   7   8   8   8   8 |     TCC   1   1   2   2   1   2 |     TAC   3   2   2   1   2   2 |     TGC   2   2   2   2   2   2
Leu TTA   2   2   2   2   2   2 |     TCA   0   0   0   0   0   0 | *** TAA   0   0   0   0   0   0 | *** TGA   0   0   0   0   0   0
    TTG   4   4   4   4   4   4 |     TCG   0   0   0   0   0   0 |     TAG   0   0   0   0   0   0 | Trp TGG   2   2   2   2   2   2
--------------------------------------------------------------------------------------------------------------------------------------
Leu CTT   1   1   1   1   1   1 | Pro CCT   4   4   4   4   4   4 | His CAT   0   0   0   0   0   0 | Arg CGT   0   0   0   0   0   0
    CTC   1   1   1   1   1   1 |     CCC   4   4   4   4   4   4 |     CAC   1   1   1   1   1   1 |     CGC   0   0   0   0   0   0
    CTA   1   1   1   1   1   1 |     CCA   3   3   3   3   3   3 | Gln CAA   1   1   1   0   1   1 |     CGA   1   1   1   2   2   1
    CTG   4   4   4   4   4   4 |     CCG   0   0   0   0   0   0 |     CAG   3   3   3   4   3   3 |     CGG   3   3   3   2   2   3
--------------------------------------------------------------------------------------------------------------------------------------
Ile ATT   1   1   1   1   1   1 | Thr ACT   0   0   0   0   0   0 | Asn AAT   2   2   2   2   2   2 | Ser AGT   1   1   1   1   1   1
    ATC   7   7   7   7   7   7 |     ACC   3   3   3   3   3   3 |     AAC   3   2   3   3   3   3 |     AGC   1   2   1   1   1   1
    ATA   1   1   1   1   1   1 |     ACA   3   3   3   3   3   3 | Lys AAA   2   2   3   3   3   3 | Arg AGA   1   1   1   1   1   1
Met ATG   8   8   8   8   8   8 |     ACG   0   0   0   0   0   0 |     AAG   5   5   4   4   4   4 |     AGG   2   2   2   2   2   2
--------------------------------------------------------------------------------------------------------------------------------------
Val GTT   2   2   2   2   2   2 | Ala GCT   2   1   3   4   3   3 | Asp GAT   3   3   3   3   3   3 | Gly GGT   4   4   3   3   3   4
    GTC   3   3   3   3   3   3 |     GCC   8   9   7   6   7   7 |     GAC   0   0   0   0   0   0 |     GGC   5   5   6   6   6   5
    GTA   2   2   0   1   1   0 |     GCA   3   3   2   3   2   3 | Glu GAA   2   2   2   2   2   2 |     GGA   3   3   3   3   3   3
    GTG   3   3   5   4   4   5 |     GCG   0   0   1   0   1   0 |     GAG   4   4   4   4   4   4 |     GGG   5   5   5   5   5   5
--------------------------------------------------------------------------------------------------------------------------------------

--------------------------------------------------------------------------------------------------------------------------------------
Phe TTT   5   5   5   5   5   5 | Ser TCT   0   0   0   0   0   0 | Tyr TAT   5   4   4   4   4   5 | Cys TGT   1   1   1   1   1   1
    TTC   8   8   8   8   8   8 |     TCC   2   2   2   2   2   2 |     TAC   1   2   2   2   2   1 |     TGC   2   2   2   2   2   2
Leu TTA   2   2   2   2   3   2 |     TCA   0   0   0   0   0   0 | *** TAA   0   0   0   0   0   0 | *** TGA   0   0   0   0   0   0
    TTG   4   4   4   4   3   4 |     TCG   0   0   0   0   0   0 |     TAG   0   0   0   0   0   0 | Trp TGG   2   2   2   2   2   2
--------------------------------------------------------------------------------------------------------------------------------------
Leu CTT   1   1   1   1   1   1 | Pro CCT   4   4   4   4   4   4 | His CAT   0   0   0   0   0   0 | Arg CGT   0   0   0   0   0   0
    CTC   1   1   1   1   1   1 |     CCC   4   4   4   4   4   4 |     CAC   1   1   1   1   1   1 |     CGC   0   0   0   0   0   0
    CTA   1   1   1   1   1   1 |     CCA   3   3   3   3   2   3 | Gln CAA   1   1   1   1   1   1 |     CGA   1   1   1   1   1   2
    CTG   4   4   4   4   4   4 |     CCG   0   0   0   0   1   0 |     CAG   3   3   3   3   3   3 |     CGG   3   3   3   3   3   2
--------------------------------------------------------------------------------------------------------------------------------------
Ile ATT   1   1   1   1   1   1 | Thr ACT   0   0   0   1   0   0 | Asn AAT   2   2   2   3   4   2 | Ser AGT   1   1   1   1   1   1
    ATC   7   6   7   7   7   7 |     ACC   3   3   3   2   3   3 |     AAC   3   3   3   2   1   3 |     AGC   1   1   1   1   1   1
    ATA   1   1   1   1   1   1 |     ACA   3   3   3   3   3   3 | Lys AAA   4   3   3   3   3   3 | Arg AGA   1   1   1   1   1   1
Met ATG   8   8   8   8   8   8 |     ACG   0   0   0   0   0   0 |     AAG   3   4   4   4   4   4 |     AGG   2   2   2   2   2   2
--------------------------------------------------------------------------------------------------------------------------------------
Val GTT   2   2   2   2   2   2 | Ala GCT   2   1   3   3   3   3 | Asp GAT   3   3   3   3   3   3 | Gly GGT   3   3   4   3   3   3
    GTC   3   4   3   3   3   3 |     GCC   7   8   7   7   7   7 |     GAC   0   0   0   0   0   0 |     GGC   6   6   5   6   6   6
    GTA   1   1   0   1   0   1 |     GCA   2   2   2   2   2   2 | Glu GAA   2   2   2   2   2   2 |     GGA   3   3   3   3   3   3
    GTG   4   4   5   4   5   4 |     GCG   2   2   1   1   1   1 |     GAG   4   4   4   4   4   4 |     GGG   5   5   5   5   5   5
--------------------------------------------------------------------------------------------------------------------------------------

--------------------------------------------------------------------------------------------------------------------------------------
Phe TTT   5   5   5   5   5   5 | Ser TCT   0   0   1   0   0   0 | Tyr TAT   4   5   5   4   3   4 | Cys TGT   1   1   1   1   1   1
    TTC   8   8   8   8   8   8 |     TCC   2   2   1   2   2   2 |     TAC   2   1   1   2   3   2 |     TGC   2   2   2   2   2   2
Leu TTA   2   2   2   2   3   3 |     TCA   0   0   0   0   0   0 | *** TAA   0   0   0   0   0   0 | *** TGA   0   0   0   0   0   0
    TTG   4   4   4   4   3   3 |     TCG   0   0   0   0   0   0 |     TAG   0   0   0   0   0   0 | Trp TGG   2   2   2   2   2   2
--------------------------------------------------------------------------------------------------------------------------------------
Leu CTT   1   1   1   1   1   1 | Pro CCT   4   4   4   4   4   4 | His CAT   0   0   0   0   0   0 | Arg CGT   0   0   0   0   0   0
    CTC   1   1   1   1   1   1 |     CCC   4   4   4   4   4   4 |     CAC   1   1   1   1   1   1 |     CGC   0   0   0   0   0   0
    CTA   1   1   1   0   1   1 |     CCA   3   3   3   3   3   2 | Gln CAA   1   0   1   1   1   1 |     CGA   1   2   1   1   1   1
    CTG   4   4   4   5   4   4 |     CCG   0   0   0   0   0   1 |     CAG   3   4   3   3   3   3 |     CGG   3   2   3   3   3   3
--------------------------------------------------------------------------------------------------------------------------------------
Ile ATT   1   1   1   1   1   1 | Thr ACT   1   0   0   0   0   0 | Asn AAT   2   2   2   2   3   4 | Ser AGT   1   1   1   1   1   1
    ATC   7   7   7   7   7   7 |     ACC   2   3   3   3   3   3 |     AAC   3   3   3   3   2   1 |     AGC   1   1   1   1   1   1
    ATA   1   1   1   1   1   1 |     ACA   3   3   3   3   3   3 | Lys AAA   3   3   3   3   3   3 | Arg AGA   1   1   1   1   1   1
Met ATG   8   8   8   8   8   8 |     ACG   0   0   0   0   0   0 |     AAG   4   4   4   4   4   4 |     AGG   2   2   2   2   2   2
--------------------------------------------------------------------------------------------------------------------------------------
Val GTT   2   2   2   3   2   2 | Ala GCT   3   3   1   3   1   3 | Asp GAT   3   3   3   3   3   3 | Gly GGT   3   3   3   3   3   4
    GTC   3   3   3   2   3   3 |     GCC   7   7   8   7   9   7 |     GAC   0   0   0   0   0   0 |     GGC   6   6   6   6   7   5
    GTA   2   1   1   1   1   0 |     GCA   2   2   2   3   2   2 | Glu GAA   2   2   3   2   2   2 |     GGA   3   3   3   3   3   3
    GTG   3   4   4   4   4   5 |     GCG   1   1   2   0   1   1 |     GAG   4   4   3   4   4   4 |     GGG   5   5   5   5   4   5
--------------------------------------------------------------------------------------------------------------------------------------

--------------------------------------------------------------------------------------------------------------------------------------
Phe TTT   5   5   5   5   5   5 | Ser TCT   0   1   0   0   0   0 | Tyr TAT   4   4   5   4   3   4 | Cys TGT   1   1   1   1   1   1
    TTC   8   8   8   8   8   8 |     TCC   2   1   2   2   2   1 |     TAC   2   2   1   2   3   2 |     TGC   2   2   2   2   2   2
Leu TTA   2   1   2   2   2   2 |     TCA   0   0   0   0   0   0 | *** TAA   0   0   0   0   0   0 | *** TGA   0   0   0   0   0   0
    TTG   4   5   4   3   4   4 |     TCG   0   0   0   0   0   1 |     TAG   0   0   0   0   0   0 | Trp TGG   2   2   2   2   2   2
--------------------------------------------------------------------------------------------------------------------------------------
Leu CTT   1   1   1   1   0   1 | Pro CCT   4   4   4   4   4   4 | His CAT   0   0   0   0   0   0 | Arg CGT   0   0   0   0   0   0
    CTC   1   1   1   1   1   1 |     CCC   4   4   4   4   4   4 |     CAC   1   1   1   1   1   1 |     CGC   0   0   0   0   0   0
    CTA   1   1   1   1   1   1 |     CCA   3   3   3   3   3   3 | Gln CAA   1   1   1   0   1   1 |     CGA   1   2   1   1   1   1
    CTG   4   4   4   5   5   4 |     CCG   0   0   0   0   0   0 |     CAG   3   3   3   4   3   3 |     CGG   3   2   3   3   3   3
--------------------------------------------------------------------------------------------------------------------------------------
Ile ATT   1   1   1   1   1   1 | Thr ACT   0   0   0   0   0   0 | Asn AAT   2   3   2   2   2   2 | Ser AGT   1   1   1   1   1   1
    ATC   7   7   7   7   7   7 |     ACC   3   3   3   3   3   3 |     AAC   3   2   3   3   3   3 |     AGC   1   1   1   1   1   1
    ATA   1   1   1   1   1   1 |     ACA   3   3   3   3   3   3 | Lys AAA   3   3   3   3   3   3 | Arg AGA   1   1   1   1   1   1
Met ATG   8   8   8   8   8   8 |     ACG   0   0   0   0   0   0 |     AAG   4   4   4   4   4   4 |     AGG   2   2   2   2   2   2
--------------------------------------------------------------------------------------------------------------------------------------
Val GTT   2   2   2   1   2   2 | Ala GCT   3   4   3   3   3   1 | Asp GAT   3   3   3   3   3   3 | Gly GGT   3   3   4   4   3   3
    GTC   3   3   3   4   3   3 |     GCC   7   6   7   7   7   8 |     GAC   0   0   0   0   0   0 |     GGC   6   6   5   5   6   6
    GTA   0   1   0   1   2   1 |     GCA   2   2   2   2   2   2 | Glu GAA   2   2   2   2   2   2 |     GGA   3   3   3   3   3   3
    GTG   5   4   5   4   3   4 |     GCG   1   1   1   1   1   2 |     GAG   4   4   4   4   4   4 |     GGG   5   5   5   5   5   5
--------------------------------------------------------------------------------------------------------------------------------------

--------------------------------------------------------------------------------------------------------------------------------------
Phe TTT   5   5   5   5   5   5 | Ser TCT   0   0   0   0   1   0 | Tyr TAT   5   4   5   4   4   4 | Cys TGT   1   1   1   1   1   1
    TTC   8   8   8   8   8   8 |     TCC   2   2   2   2   1   2 |     TAC   1   2   1   2   2   2 |     TGC   2   2   2   2   2   2
Leu TTA   2   2   2   2   1   2 |     TCA   0   0   0   0   0   0 | *** TAA   0   0   0   0   0   0 | *** TGA   0   0   0   0   0   0
    TTG   4   4   4   4   5   4 |     TCG   0   0   0   0   0   0 |     TAG   0   0   0   0   0   0 | Trp TGG   2   2   2   2   2   2
--------------------------------------------------------------------------------------------------------------------------------------
Leu CTT   1   1   1   1   1   1 | Pro CCT   4   4   4   4   4   4 | His CAT   0   0   0   0   0   0 | Arg CGT   0   0   0   0   0   0
    CTC   1   1   1   1   1   2 |     CCC   4   4   4   4   4   4 |     CAC   1   1   1   1   1   1 |     CGC   0   0   0   0   0   0
    CTA   1   1   1   1   1   1 |     CCA   3   3   3   3   3   3 | Gln CAA   1   1   1   0   1   1 |     CGA   1   1   1   1   2   1
    CTG   4   4   4   4   4   4 |     CCG   0   0   0   0   0   0 |     CAG   3   3   3   4   3   3 |     CGG   3   3   3   3   2   3
--------------------------------------------------------------------------------------------------------------------------------------
Ile ATT   1   1   1   1   1   1 | Thr ACT   0   1   0   0   0   0 | Asn AAT   2   3   2   2   3   1 | Ser AGT   1   1   1   1   1   0
    ATC   7   7   7   7   7   7 |     ACC   3   2   3   3   3   3 |     AAC   3   2   3   3   2   3 |     AGC   1   1   1   1   1   2
    ATA   1   1   1   1   1   1 |     ACA   3   3   3   3   3   3 | Lys AAA   4   3   3   3   4   3 | Arg AGA   1   1   1   1   0   1
Met ATG   8   8   8   8   8   8 |     ACG   0   0   0   0   0   0 |     AAG   3   4   4   4   4   4 |     AGG   2   2   2   2   2   2
--------------------------------------------------------------------------------------------------------------------------------------
Val GTT   2   2   2   3   2   2 | Ala GCT   2   3   1   1   4   3 | Asp GAT   3   3   3   3   3   4 | Gly GGT   4   3   3   3   3   3
    GTC   3   3   3   2   3   3 |     GCC   7   7   8   8   6   7 |     GAC   0   0   0   0   0   0 |     GGC   5   6   6   6   6   6
    GTA   1   1   1   1   1   1 |     GCA   2   2   2   2   2   2 | Glu GAA   2   2   3   2   2   2 |     GGA   3   3   3   3   3   3
    GTG   4   4   4   4   4   3 |     GCG   2   1   2   2   1   1 |     GAG   4   4   3   4   4   4 |     GGG   5   5   5   5   5   5
--------------------------------------------------------------------------------------------------------------------------------------

--------------------------------------------------------------------------------------------------------------------------------------
Phe TTT   5   5   5   5   5   5 | Ser TCT   0   0   1   0   0   0 | Tyr TAT   4   5   3   4   5   5 | Cys TGT   1   1   1   1   1   1
    TTC   8   8   8   8   8   8 |     TCC   2   2   1   2   2   2 |     TAC   2   1   3   2   1   1 |     TGC   2   2   2   2   2   2
Leu TTA   2   2   3   2   2   2 |     TCA   0   0   0   0   0   0 | *** TAA   0   0   0   0   0   0 | *** TGA   0   0   0   0   0   0
    TTG   4   4   2   4   4   4 |     TCG   0   0   0   0   0   0 |     TAG   0   0   0   0   0   0 | Trp TGG   2   2   2   2   2   2
--------------------------------------------------------------------------------------------------------------------------------------
Leu CTT   1   1   1   1   1   1 | Pro CCT   4   4   4   4   4   4 | His CAT   0   0   0   0   0   0 | Arg CGT   0   0   0   0   0   0
    CTC   1   1   1   1   1   1 |     CCC   4   4   4   4   4   4 |     CAC   1   1   1   1   1   1 |     CGC   0   0   0   0   0   0
    CTA   1   1   1   1   1   1 |     CCA   3   3   3   3   3   3 | Gln CAA   1   1   1   1   0   0 |     CGA   1   1   1   1   2   2
    CTG   4   4   5   4   4   4 |     CCG   0   0   0   0   0   0 |     CAG   3   3   3   3   4   4 |     CGG   3   3   3   3   2   2
--------------------------------------------------------------------------------------------------------------------------------------
Ile ATT   1   1   1   1   1   1 | Thr ACT   0   0   0   0   0   0 | Asn AAT   2   2   3   2   2   2 | Ser AGT   1   1   1   1   1   1
    ATC   7   7   7   8   7   7 |     ACC   3   3   3   3   3   3 |     AAC   3   3   1   3   3   3 |     AGC   1   1   1   1   1   1
    ATA   1   1   1   1   1   1 |     ACA   3   3   2   3   3   3 | Lys AAA   4   2   3   3   3   3 | Arg AGA   0   1   1   1   1   1
Met ATG   8   8   8   8   8   8 |     ACG   0   0   0   0   0   0 |     AAG   4   5   4   4   4   4 |     AGG   2   2   2   2   2   2
--------------------------------------------------------------------------------------------------------------------------------------
Val GTT   2   2   2   2   2   2 | Ala GCT   3   3   5   2   3   3 | Asp GAT   3   3   3   3   3   3 | Gly GGT   3   3   3   3   3   3
    GTC   3   3   3   3   3   3 |     GCC   7   7   5   7   7   7 |     GAC   0   0   1   0   0   0 |     GGC   6   6   6   6   6   6
    GTA   1   1   1   1   1   1 |     GCA   3   2   3   2   2   2 | Glu GAA   3   2   2   2   2   2 |     GGA   3   3   3   3   3   3
    GTG   4   4   4   4   4   4 |     GCG   0   1   1   1   1   1 |     GAG   3   4   4   4   4   4 |     GGG   5   5   5   5   5   5
--------------------------------------------------------------------------------------------------------------------------------------

Codon position x base (3x4) table for each sequence.

#1: Argali         
position  1:    T:0.21622    C:0.18243    A:0.27027    G:0.33108
position  2:    T:0.35811    C:0.21622    A:0.21622    G:0.20946
position  3:    T:0.21622    C:0.32432    A:0.15541    G:0.30405
Average         T:0.26351    C:0.24099    A:0.21396    G:0.28153

#2: LesserMouseDeer
position  1:    T:0.21622    C:0.18919    A:0.27027    G:0.32432
position  2:    T:0.35811    C:0.21622    A:0.22297    G:0.20270
position  3:    T:0.22297    C:0.32432    A:0.14865    G:0.30405
Average         T:0.26577    C:0.24324    A:0.21396    G:0.27703

#3: LesserKudu     
position  1:    T:0.21622    C:0.18243    A:0.27027    G:0.33108
position  2:    T:0.35811    C:0.21622    A:0.21622    G:0.20946
position  3:    T:0.22297    C:0.31757    A:0.16216    G:0.29730
Average         T:0.26577    C:0.23874    A:0.21622    G:0.27928

#4: ForestMuskDeer2
position  1:    T:0.21622    C:0.18243    A:0.27703    G:0.32432
position  2:    T:0.36486    C:0.20946    A:0.21622    G:0.20946
position  3:    T:0.19595    C:0.34459    A:0.16216    G:0.29730
Average         T:0.25901    C:0.24550    A:0.21847    G:0.27703

#5: Camel          
position  1:    T:0.22297    C:0.17568    A:0.27027    G:0.33108
position  2:    T:0.35811    C:0.22297    A:0.21622    G:0.20270
position  3:    T:0.24324    C:0.27703    A:0.16216    G:0.31757
Average         T:0.27477    C:0.22523    A:0.21622    G:0.28378

#6: KillerWhale    
position  1:    T:0.21622    C:0.18919    A:0.28378    G:0.31081
position  2:    T:0.36486    C:0.21622    A:0.21622    G:0.20270
position  3:    T:0.22973    C:0.29054    A:0.18243    G:0.29730
Average         T:0.27027    C:0.23198    A:0.22748    G:0.27027

#7: DefassaWaterbuck
position  1:    T:0.21622    C:0.18243    A:0.27027    G:0.33108
position  2:    T:0.35811    C:0.21622    A:0.21622    G:0.20946
position  3:    T:0.19595    C:0.34459    A:0.14865    G:0.31081
Average         T:0.25676    C:0.24775    A:0.21171    G:0.28378

#8: Sheep          
position  1:    T:0.21622    C:0.18243    A:0.27027    G:0.33108
position  2:    T:0.35811    C:0.21622    A:0.21622    G:0.20946
position  3:    T:0.21622    C:0.32432    A:0.15541    G:0.30405
Average         T:0.26351    C:0.24099    A:0.21396    G:0.28153

#9: MaxwellsDuiker 
position  1:    T:0.21622    C:0.18243    A:0.27027    G:0.33108
position  2:    T:0.35811    C:0.21622    A:0.21622    G:0.20946
position  3:    T:0.20270    C:0.33784    A:0.16216    G:0.29730
Average         T:0.25901    C:0.24550    A:0.21622    G:0.27928

#10: GazellaPrzewalskyi
position  1:    T:0.21622    C:0.18243    A:0.27027    G:0.33108
position  2:    T:0.35811    C:0.21622    A:0.20946    G:0.21622
position  3:    T:0.20946    C:0.32432    A:0.16892    G:0.29730
Average         T:0.26126    C:0.24099    A:0.21622    G:0.28153

#11: MountainNyala  
position  1:    T:0.20946    C:0.18919    A:0.27027    G:0.33108
position  2:    T:0.35811    C:0.21622    A:0.21622    G:0.20946
position  3:    T:0.21622    C:0.32432    A:0.16892    G:0.29054
Average         T:0.26126    C:0.24324    A:0.21847    G:0.27703

#12: MuntiacusMuntjak
position  1:    T:0.21622    C:0.18243    A:0.27027    G:0.33108
position  2:    T:0.35811    C:0.21622    A:0.21622    G:0.20946
position  3:    T:0.19595    C:0.33784    A:0.16892    G:0.29730
Average         T:0.25676    C:0.24550    A:0.21847    G:0.27928

#13: goat           
position  1:    T:0.21622    C:0.18243    A:0.27027    G:0.33108
position  2:    T:0.35811    C:0.21622    A:0.21622    G:0.20946
position  3:    T:0.21622    C:0.32432    A:0.15541    G:0.30405
Average         T:0.26351    C:0.24099    A:0.21396    G:0.28153

#14: AfricanBuffalo 
position  1:    T:0.20946    C:0.18919    A:0.27027    G:0.33108
position  2:    T:0.35811    C:0.21622    A:0.21622    G:0.20946
position  3:    T:0.20946    C:0.33108    A:0.16216    G:0.29730
Average         T:0.25901    C:0.24550    A:0.21622    G:0.27928

#15: Topi           
position  1:    T:0.21622    C:0.18243    A:0.27027    G:0.33108
position  2:    T:0.35811    C:0.21622    A:0.21622    G:0.20946
position  3:    T:0.21622    C:0.32432    A:0.15541    G:0.30405
Average         T:0.26351    C:0.24099    A:0.21396    G:0.28153

#16: CommonDuiker   
position  1:    T:0.21622    C:0.18243    A:0.27027    G:0.33108
position  2:    T:0.35811    C:0.21622    A:0.21622    G:0.20946
position  3:    T:0.20946    C:0.33108    A:0.16892    G:0.29054
Average         T:0.26126    C:0.24324    A:0.21847    G:0.27703

#17: Suni           
position  1:    T:0.21622    C:0.18243    A:0.27027    G:0.33108
position  2:    T:0.35811    C:0.21622    A:0.21622    G:0.20946
position  3:    T:0.19595    C:0.34459    A:0.16216    G:0.29730
Average         T:0.25676    C:0.24775    A:0.21622    G:0.27928

#18: Springbuck     
position  1:    T:0.21622    C:0.18243    A:0.27027    G:0.33108
position  2:    T:0.35811    C:0.21622    A:0.21622    G:0.20946
position  3:    T:0.20946    C:0.33108    A:0.16892    G:0.29054
Average         T:0.26126    C:0.24324    A:0.21847    G:0.27703

#19: Okapi          
position  1:    T:0.21622    C:0.18243    A:0.27027    G:0.33108
position  2:    T:0.35811    C:0.21622    A:0.21622    G:0.20946
position  3:    T:0.21622    C:0.32432    A:0.16892    G:0.29054
Average         T:0.26351    C:0.24099    A:0.21847    G:0.27703

#20: Giraffe        
position  1:    T:0.21622    C:0.18243    A:0.27027    G:0.33108
position  2:    T:0.35811    C:0.21622    A:0.20946    G:0.21622
position  3:    T:0.20946    C:0.33108    A:0.16892    G:0.29054
Average         T:0.26126    C:0.24324    A:0.21622    G:0.27928

#21: TibetanAntelope
position  1:    T:0.21622    C:0.18243    A:0.27027    G:0.33108
position  2:    T:0.35811    C:0.21622    A:0.21622    G:0.20946
position  3:    T:0.20270    C:0.33784    A:0.15541    G:0.30405
Average         T:0.25901    C:0.24550    A:0.21396    G:0.28153

#22: Sitatunga      
position  1:    T:0.21622    C:0.18243    A:0.27027    G:0.33108
position  2:    T:0.35811    C:0.21622    A:0.21622    G:0.20946
position  3:    T:0.21622    C:0.32432    A:0.16892    G:0.29054
Average         T:0.26351    C:0.24099    A:0.21847    G:0.27703

#23: Oribi          
position  1:    T:0.21622    C:0.18243    A:0.27027    G:0.33108
position  2:    T:0.35811    C:0.21622    A:0.21622    G:0.20946
position  3:    T:0.20946    C:0.33108    A:0.16892    G:0.29054
Average         T:0.26126    C:0.24324    A:0.21847    G:0.27703

#24: BarbarySheep   
position  1:    T:0.21622    C:0.18243    A:0.27027    G:0.33108
position  2:    T:0.35811    C:0.21622    A:0.21622    G:0.20946
position  3:    T:0.20946    C:0.33108    A:0.16216    G:0.29730
Average         T:0.26126    C:0.24324    A:0.21622    G:0.27928

#25: Daviddeer      
position  1:    T:0.21622    C:0.18243    A:0.27027    G:0.33108
position  2:    T:0.35811    C:0.21622    A:0.21622    G:0.20946
position  3:    T:0.20270    C:0.33108    A:0.16892    G:0.29730
Average         T:0.25901    C:0.24324    A:0.21847    G:0.27928

#26: Reindeer       
position  1:    T:0.21622    C:0.18243    A:0.26351    G:0.33784
position  2:    T:0.35811    C:0.21622    A:0.21622    G:0.20946
position  3:    T:0.18919    C:0.34459    A:0.16216    G:0.30405
Average         T:0.25450    C:0.24775    A:0.21396    G:0.28378

#27: Ibex           
position  1:    T:0.21622    C:0.18243    A:0.27027    G:0.33108
position  2:    T:0.35811    C:0.21622    A:0.21622    G:0.20946
position  3:    T:0.20946    C:0.33108    A:0.15541    G:0.30405
Average         T:0.26126    C:0.24324    A:0.21396    G:0.28153

#28: GyrantGazelle  
position  1:    T:0.21622    C:0.18243    A:0.27027    G:0.33108
position  2:    T:0.35811    C:0.21622    A:0.21622    G:0.20946
position  3:    T:0.21622    C:0.32432    A:0.16216    G:0.29730
Average         T:0.26351    C:0.24099    A:0.21622    G:0.27928

#29: Hartebeest     
position  1:    T:0.21622    C:0.18243    A:0.27027    G:0.33108
position  2:    T:0.35811    C:0.21622    A:0.21622    G:0.20946
position  3:    T:0.21622    C:0.32432    A:0.15541    G:0.30405
Average         T:0.26351    C:0.24099    A:0.21396    G:0.28153

#30: Bongo          
position  1:    T:0.21622    C:0.18243    A:0.27027    G:0.33108
position  2:    T:0.35811    C:0.21622    A:0.21622    G:0.20946
position  3:    T:0.20946    C:0.33108    A:0.16892    G:0.29054
Average         T:0.26126    C:0.24324    A:0.21847    G:0.27703

#31: Gerenuk        
position  1:    T:0.21622    C:0.18243    A:0.27027    G:0.33108
position  2:    T:0.35811    C:0.21622    A:0.21622    G:0.20946
position  3:    T:0.20946    C:0.33108    A:0.16892    G:0.29054
Average         T:0.26126    C:0.24324    A:0.21847    G:0.27703

#32: CommonEland    
position  1:    T:0.21622    C:0.18243    A:0.27027    G:0.33108
position  2:    T:0.35811    C:0.21622    A:0.21622    G:0.20946
position  3:    T:0.20946    C:0.33108    A:0.16216    G:0.29730
Average         T:0.26126    C:0.24324    A:0.21622    G:0.27928

#33: MuntiacusReevesi
position  1:    T:0.21622    C:0.18243    A:0.27027    G:0.33108
position  2:    T:0.35811    C:0.21622    A:0.21622    G:0.20946
position  3:    T:0.20270    C:0.33108    A:0.16892    G:0.29730
Average         T:0.25901    C:0.24324    A:0.21847    G:0.27928

#34: HarveysDuiker  
position  1:    T:0.21622    C:0.18243    A:0.27027    G:0.33108
position  2:    T:0.35811    C:0.21622    A:0.21622    G:0.20946
position  3:    T:0.20946    C:0.33108    A:0.16216    G:0.29730
Average         T:0.26126    C:0.24324    A:0.21622    G:0.27928

#35: Pronghorn      
position  1:    T:0.21622    C:0.18243    A:0.27027    G:0.33108
position  2:    T:0.35811    C:0.21622    A:0.21622    G:0.20946
position  3:    T:0.18919    C:0.35811    A:0.16892    G:0.28378
Average         T:0.25450    C:0.25225    A:0.21847    G:0.27477

#36: BlueWildebeest 
position  1:    T:0.21622    C:0.18243    A:0.27027    G:0.33108
position  2:    T:0.35811    C:0.21622    A:0.21622    G:0.20946
position  3:    T:0.22297    C:0.31757    A:0.15541    G:0.30405
Average         T:0.26577    C:0.23874    A:0.21396    G:0.28153

#37: Gemsbok        
position  1:    T:0.21622    C:0.18243    A:0.27027    G:0.33108
position  2:    T:0.35811    C:0.21622    A:0.21622    G:0.20946
position  3:    T:0.20270    C:0.33784    A:0.15541    G:0.30405
Average         T:0.25901    C:0.24550    A:0.21396    G:0.28153

#38: Yak            
position  1:    T:0.21622    C:0.18243    A:0.27027    G:0.33108
position  2:    T:0.35811    C:0.21622    A:0.21622    G:0.20946
position  3:    T:0.22297    C:0.31757    A:0.16216    G:0.29730
Average         T:0.26577    C:0.23874    A:0.21622    G:0.27928

#39: BlueSheep      
position  1:    T:0.21622    C:0.18243    A:0.27027    G:0.33108
position  2:    T:0.35811    C:0.21622    A:0.21622    G:0.20946
position  3:    T:0.21622    C:0.32432    A:0.15541    G:0.30405
Average         T:0.26351    C:0.24099    A:0.21396    G:0.28153

#40: BohorReedbuck  
position  1:    T:0.20946    C:0.18919    A:0.27027    G:0.33108
position  2:    T:0.35811    C:0.21622    A:0.21622    G:0.20946
position  3:    T:0.20270    C:0.33784    A:0.15541    G:0.30405
Average         T:0.25676    C:0.24775    A:0.21396    G:0.28153

#41: KirksDik       
position  1:    T:0.21622    C:0.18243    A:0.27027    G:0.33108
position  2:    T:0.35811    C:0.21622    A:0.21622    G:0.20946
position  3:    T:0.18919    C:0.34459    A:0.16892    G:0.29730
Average         T:0.25450    C:0.24775    A:0.21847    G:0.27928

#42: RoeDeer        
position  1:    T:0.21622    C:0.18243    A:0.27027    G:0.33108
position  2:    T:0.35811    C:0.21622    A:0.21622    G:0.20946
position  3:    T:0.18919    C:0.33784    A:0.16216    G:0.31081
Average         T:0.25450    C:0.24550    A:0.21622    G:0.28378

#43: WhiteLippedDeer
position  1:    T:0.21622    C:0.18243    A:0.27027    G:0.33108
position  2:    T:0.35811    C:0.21622    A:0.21622    G:0.20946
position  3:    T:0.20946    C:0.32432    A:0.16892    G:0.29730
Average         T:0.26126    C:0.24099    A:0.21847    G:0.27928

#44: ThomsonGazelle 
position  1:    T:0.21622    C:0.18243    A:0.27027    G:0.33108
position  2:    T:0.35811    C:0.21622    A:0.21622    G:0.20946
position  3:    T:0.21622    C:0.32432    A:0.16216    G:0.29730
Average         T:0.26351    C:0.24099    A:0.21622    G:0.27928

#45: MuntiacusCrinifrons
position  1:    T:0.21622    C:0.18243    A:0.27027    G:0.33108
position  2:    T:0.35811    C:0.21622    A:0.21622    G:0.20946
position  3:    T:0.19595    C:0.33784    A:0.16892    G:0.29730
Average         T:0.25676    C:0.24550    A:0.21847    G:0.27928

#46: WhiteTailedDeer
position  1:    T:0.21622    C:0.18243    A:0.27027    G:0.33108
position  2:    T:0.35811    C:0.21622    A:0.21622    G:0.20946
position  3:    T:0.19595    C:0.33784    A:0.15541    G:0.31081
Average         T:0.25676    C:0.24550    A:0.21396    G:0.28378

#47: Cattle         
position  1:    T:0.21622    C:0.18243    A:0.27027    G:0.33108
position  2:    T:0.35811    C:0.21622    A:0.22297    G:0.20270
position  3:    T:0.22297    C:0.31757    A:0.16216    G:0.29730
Average         T:0.26577    C:0.23874    A:0.21847    G:0.27703

#48: RoyalAntelope  
position  1:    T:0.21622    C:0.18919    A:0.26351    G:0.33108
position  2:    T:0.35811    C:0.21622    A:0.21622    G:0.20946
position  3:    T:0.19595    C:0.35135    A:0.16216    G:0.29054
Average         T:0.25676    C:0.25225    A:0.21396    G:0.27703

#49: Steenbok       
position  1:    T:0.21622    C:0.18243    A:0.27027    G:0.33108
position  2:    T:0.35811    C:0.21622    A:0.22297    G:0.20270
position  3:    T:0.20270    C:0.33784    A:0.17568    G:0.28378
Average         T:0.25901    C:0.24550    A:0.22297    G:0.27252

#50: Impala         
position  1:    T:0.21622    C:0.18243    A:0.27027    G:0.33108
position  2:    T:0.35811    C:0.21622    A:0.21622    G:0.20946
position  3:    T:0.20946    C:0.33108    A:0.15541    G:0.30405
Average         T:0.26126    C:0.24324    A:0.21396    G:0.28153

#51: Klipspringer   
position  1:    T:0.20946    C:0.18919    A:0.25676    G:0.34459
position  2:    T:0.35811    C:0.21622    A:0.21622    G:0.20946
