CODONML (in paml version 4.10.7, June 2023)  /home/rachel/ruminants_paml/6406-phy-tree/ENSBTAT00000023778.fasta.phy
Model: free dN/dS Ratios for branches,  kappa = 2.000 fixed

Codon frequency model: F3x4
ns =  54  ls =  86

Codon usage in sequences
--------------------------------------------------------------------------------------------------------------------------------------
Phe TTT   0   0   0   0   1   0 | Ser TCT   3   3   3   3   2   3 | Tyr TAT   1   1   1   1   1   1 | Cys TGT   0   0   0   0   0   0
    TTC   2   2   2   2   1   2 |     TCC   1   1   2   1   1   1 |     TAC   0   0   0   0   0   0 |     TGC   0   0   0   0   0   0
Leu TTA   0   0   0   0   0   0 |     TCA   1   1   1   1   1   1 | *** TAA   0   0   0   0   0   0 | *** TGA   0   0   0   0   0   0
    TTG   2   0   2   2   2   2 |     TCG   0   0   0   0   0   0 |     TAG   0   0   0   0   0   0 | Trp TGG   0   0   0   0   0   0
--------------------------------------------------------------------------------------------------------------------------------------
Leu CTT   3   2   3   2   3   3 | Pro CCT   2   2   2   1   2   2 | His CAT   2   1   2   2   1   0 | Arg CGT   3   2   3   3   2   2
    CTC   2   4   3   2   2   2 |     CCC   0   0   0   0   0   0 |     CAC   0   0   0   0   0   1 |     CGC   1   2   1   1   1   2
    CTA   0   0   0   0   0   0 |     CCA   0   0   0   1   0   0 | Gln CAA   3   2   3   3   4   3 |     CGA   0   0   0   0   0   0
    CTG   2   4   1   3   2   2 |     CCG   0   0   0   0   0   0 |     CAG   2   4   2   2   2   3 |     CGG   0   0   0   0   1   0
--------------------------------------------------------------------------------------------------------------------------------------
Ile ATT   2   2   2   2   1   4 | Thr ACT   1   0   1   0   1   0 | Asn AAT   0   0   0   0   0   0 | Ser AGT   0   0   0   0   0   0
    ATC   6   5   6   6   6   4 |     ACC   1   2   1   2   2   2 |     AAC   0   0   0   0   0   0 |     AGC   0   0   0   0   0   0
    ATA   1   1   1   1   2   1 |     ACA   1   1   1   1   0   1 | Lys AAA   3   2   3   3   1   2 | Arg AGA   1   1   1   1   1   1
Met ATG   5   4   5   5   5   4 |     ACG   0   1   0   0   0   0 |     AAG   5   6   5   5   7   6 |     AGG   0   0   0   0   0   0
--------------------------------------------------------------------------------------------------------------------------------------
Val GTT   2   2   3   3   2   2 | Ala GCT   0   0   0   0   1   0 | Asp GAT   5   3   6   5   6   6 | Gly GGT   0   0   0   0   0   0
    GTC   2   1   1   1   1   2 |     GCC   2   2   1   2   2   2 |     GAC   2   4   1   2   1   1 |     GGC   2   2   2   2   2   2
    GTA   0   0   0   0   0   0 |     GCA   1   1   1   1   1   1 | Glu GAA   5   3   5   5   6   7 |     GGA   5   3   5   5   5   5
    GTG   1   2   1   1   2   2 |     GCG   0   0   0   0   0   0 |     GAG   3   5   3   3   2   1 |     GGG   0   2   0   0   0   0
--------------------------------------------------------------------------------------------------------------------------------------

--------------------------------------------------------------------------------------------------------------------------------------
Phe TTT   0   0   0   0   0   0 | Ser TCT   3   3   3   3   3   3 | Tyr TAT   1   1   1   1   1   1 | Cys TGT   0   0   0   0   0   0
    TTC   2   2   1   2   2   2 |     TCC   1   1   1   1   1   1 |     TAC   0   0   0   0   0   0 |     TGC   0   0   2   0   0   0
Leu TTA   0   0   0   0   0   0 |     TCA   1   1   1   1   1   1 | *** TAA   0   0   0   0   0   0 | *** TGA   0   0   0   0   0   0
    TTG   2   2   2   2   2   2 |     TCG   0   0   0   0   0   0 |     TAG   0   0   0   0   0   0 | Trp TGG   0   0   0   0   0   0
--------------------------------------------------------------------------------------------------------------------------------------
Leu CTT   3   3   2   3   3   3 | Pro CCT   2   2   2   2   2   2 | His CAT   2   2   2   2   2   2 | Arg CGT   3   3   1   3   3   3
    CTC   2   2   3   2   3   2 |     CCC   0   0   0   0   0   0 |     CAC   0   0   1   0   0   0 |     CGC   1   1   0   1   1   1
    CTA   0   0   0   0   0   1 |     CCA   0   0   0   0   0   0 | Gln CAA   2   3   3   3   3   3 |     CGA   0   0   0   0   0   0
    CTG   2   2   2   2   1   1 |     CCG   0   0   0   0   0   0 |     CAG   3   2   2   2   2   2 |     CGG   0   0   0   0   0   0
--------------------------------------------------------------------------------------------------------------------------------------
Ile ATT   2   2   2   2   2   3 | Thr ACT   1   1   1   1   1   0 | Asn AAT   0   0   0   0   0   0 | Ser AGT   0   0   0   0   0   0
    ATC   6   6   6   6   6   5 |     ACC   1   1   1   1   1   2 |     AAC   0   0   1   0   0   0 |     AGC   0   0   0   0   0   0
    ATA   1   1   1   1   1   1 |     ACA   1   1   1   1   1   1 | Lys AAA   2   3   4   3   3   4 | Arg AGA   1   1   1   1   1   1
Met ATG   5   5   5   5   5   5 |     ACG   0   0   0   0   0   0 |     AAG   6   5   5   5   5   4 |     AGG   0   0   0   0   0   0
--------------------------------------------------------------------------------------------------------------------------------------
Val GTT   2   2   2   2   3   3 | Ala GCT   0   0   0   0   0   0 | Asp GAT   5   5   5   4   7   5 | Gly GGT   0   0   1   0   0   0
    GTC   2   2   2   2   1   1 |     GCC   2   2   2   2   2   2 |     GAC   2   2   1   3   0   2 |     GGC   2   2   2   2   2   2
    GTA   0   0   1   0   0   0 |     GCA   1   1   1   1   1   1 | Glu GAA   5   5   4   5   5   5 |     GGA   5   5   4   5   5   5
    GTG   1   1   1   1   1   1 |     GCG   0   0   0   0   0   0 |     GAG   3   3   3   3   3   3 |     GGG   0   0   0   0   0   0
--------------------------------------------------------------------------------------------------------------------------------------

--------------------------------------------------------------------------------------------------------------------------------------
Phe TTT   0   0   0   0   0   0 | Ser TCT   3   3   3   3   3   3 | Tyr TAT   1   1   1   1   0   1 | Cys TGT   0   0   0   0   0   0
    TTC   2   2   2   2   2   2 |     TCC   1   1   1   1   1   1 |     TAC   0   0   0   0   0   0 |     TGC   0   0   0   0   1   0
Leu TTA   0   0   0   0   0   0 |     TCA   1   1   1   1   1   1 | *** TAA   0   0   0   0   0   0 | *** TGA   0   0   0   0   0   0
    TTG   2   2   2   2   2   2 |     TCG   0   0   0   0   0   0 |     TAG   0   0   0   0   0   0 | Trp TGG   0   0   0   0   0   0
--------------------------------------------------------------------------------------------------------------------------------------
Leu CTT   3   3   3   3   4   3 | Pro CCT   2   2   2   2   1   2 | His CAT   2   1   2   1   4   2 | Arg CGT   3   3   2   3   1   3
    CTC   2   2   1   2   2   2 |     CCC   0   0   0   0   0   0 |     CAC   0   1   0   1   0   0 |     CGC   1   1   2   1   0   1
    CTA   0   0   0   0   1   0 |     CCA   0   0   0   0   0   0 | Gln CAA   3   3   3   3   3   3 |     CGA   0   0   0   0   0   0
    CTG   2   2   3   2   1   2 |     CCG   0   0   0   0   0   0 |     CAG   2   2   2   2   2   2 |     CGG   0   0   0   0   0   0
--------------------------------------------------------------------------------------------------------------------------------------
Ile ATT   2   3   2   2   2   2 | Thr ACT   1   1   1   1   1   1 | Asn AAT   0   0   0   0   1   0 | Ser AGT   0   0   0   0   0   0
    ATC   6   5   6   6   6   6 |     ACC   1   1   1   1   1   1 |     AAC   0   0   0   0   1   0 |     AGC   0   0   0   0   0   0
    ATA   1   1   1   1   1   1 |     ACA   1   1   1   1   1   1 | Lys AAA   3   3   3   3   4   3 | Arg AGA   1   1   1   1   1   1
Met ATG   5   5   5   5   5   5 |     ACG   0   0   0   0   0   0 |     AAG   5   5   5   5   5   5 |     AGG   0   0   0   0   0   0
--------------------------------------------------------------------------------------------------------------------------------------
Val GTT   2   3   2   2   2   2 | Ala GCT   0   0   0   0   0   0 | Asp GAT   4   5   4   5   3   4 | Gly GGT   0   0   0   0   0   0
    GTC   2   1   2   2   2   2 |     GCC   2   2   2   2   2   2 |     GAC   3   2   3   2   3   3 |     GGC   2   2   2   3   2   2
    GTA   0   0   0   0   1   0 |     GCA   1   1   1   1   1   1 | Glu GAA   5   5   5   6   4   5 |     GGA   5   5   5   4   4   5
    GTG   1   1   1   1   1   1 |     GCG   0   0   0   0   0   0 |     GAG   3   3   3   2   3   3 |     GGG   0   0   0   0   0   0
--------------------------------------------------------------------------------------------------------------------------------------

--------------------------------------------------------------------------------------------------------------------------------------
Phe TTT   0   1   0   0   0   0 | Ser TCT   3   3   3   3   3   3 | Tyr TAT   1   1   1   0   0   1 | Cys TGT   0   0   0   0   0   0
    TTC   2   1   2   2   2   2 |     TCC   1   1   1   1   1   1 |     TAC   0   0   0   1   1   0 |     TGC   0   0   0   0   0   0
Leu TTA   0   0   0   0   0   0 |     TCA   1   1   1   1   1   1 | *** TAA   0   0   0   0   0   0 | *** TGA   0   0   0   0   0   0
    TTG   2   2   2   2   2   2 |     TCG   0   0   0   0   0   0 |     TAG   0   0   0   0   0   0 | Trp TGG   0   0   0   0   0   0
--------------------------------------------------------------------------------------------------------------------------------------
Leu CTT   3   3   3   3   3   2 | Pro CCT   2   1   2   2   2   2 | His CAT   2   2   2   2   2   2 | Arg CGT   3   3   3   3   3   3
    CTC   2   2   2   2   2   3 |     CCC   0   1   0   0   0   0 |     CAC   0   0   0   0   0   0 |     CGC   1   1   1   1   1   1
    CTA   0   0   0   0   0   0 |     CCA   0   0   0   0   0   0 | Gln CAA   3   3   3   2   3   3 |     CGA   0   0   0   0   0   0
    CTG   2   2   2   2   2   2 |     CCG   0   0   0   0   0   0 |     CAG   2   2   2   3   2   2 |     CGG   0   0   0   0   0   0
--------------------------------------------------------------------------------------------------------------------------------------
Ile ATT   4   4   2   2   2   2 | Thr ACT   0   0   1   1   1   1 | Asn AAT   0   0   0   0   0   0 | Ser AGT   0   0   0   0   0   0
    ATC   4   4   6   6   6   6 |     ACC   2   2   1   1   1   1 |     AAC   0   0   0   0   0   0 |     AGC   0   0   0   0   0   0
    ATA   1   1   1   1   1   1 |     ACA   0   0   1   1   1   1 | Lys AAA   4   4   3   3   3   3 | Arg AGA   1   1   1   1   1   1
Met ATG   5   5   5   5   5   5 |     ACG   1   1   0   0   0   0 |     AAG   4   4   5   5   5   5 |     AGG   0   0   0   0   0   0
--------------------------------------------------------------------------------------------------------------------------------------
Val GTT   3   3   2   3   2   2 | Ala GCT   0   0   0   0   0   0 | Asp GAT   4   4   5   6   4   5 | Gly GGT   0   0   0   0   0   0
    GTC   1   1   2   1   2   2 |     GCC   2   2   2   2   2   2 |     GAC   3   3   2   1   3   2 |     GGC   2   2   2   2   2   2
    GTA   0   0   0   0   0   0 |     GCA   1   1   1   1   1   1 | Glu GAA   4   4   6   5   5   5 |     GGA   4   5   5   5   5   5
    GTG   1   1   1   1   1   1 |     GCG   0   0   0   0   0   0 |     GAG   4   4   2   3   3   3 |     GGG   1   0   0   0   0   0
--------------------------------------------------------------------------------------------------------------------------------------

--------------------------------------------------------------------------------------------------------------------------------------
Phe TTT   0   0   0   0   0   0 | Ser TCT   3   3   3   3   3   3 | Tyr TAT   1   1   1   1   1   1 | Cys TGT   0   0   0   0   0   0
    TTC   2   2   2   2   2   2 |     TCC   1   1   1   1   1   1 |     TAC   0   0   0   0   0   0 |     TGC   0   0   0   0   0   0
Leu TTA   0   0   0   0   0   0 |     TCA   1   1   1   1   1   1 | *** TAA   0   0   0   0   0   0 | *** TGA   0   0   0   0   0   0
    TTG   2   2   2   2   2   2 |     TCG   0   0   0   0   0   0 |     TAG   0   0   0   0   0   0 | Trp TGG   0   0   0   0   0   0
--------------------------------------------------------------------------------------------------------------------------------------
Leu CTT   3   3   3   3   3   3 | Pro CCT   2   2   2   1   2   2 | His CAT   2   2   2   2   2   2 | Arg CGT   3   3   3   2   2   3
    CTC   2   2   2   2   1   2 |     CCC   0   0   0   0   0   0 |     CAC   0   0   0   0   0   0 |     CGC   1   1   1   2   2   1
    CTA   0   0   0   0   0   0 |     CCA   0   0   0   1   0   0 | Gln CAA   3   3   3   3   3   3 |     CGA   0   0   0   0   0   0
    CTG   2   2   2   2   3   2 |     CCG   0   0   0   0   0   0 |     CAG   2   2   2   2   2   2 |     CGG   0   0   0   0   0   0
--------------------------------------------------------------------------------------------------------------------------------------
Ile ATT   3   3   2   2   2   1 | Thr ACT   0   0   1   1   1   1 | Asn AAT   0   0   0   0   0   0 | Ser AGT   0   0   0   0   0   0
    ATC   5   5   6   6   6   7 |     ACC   2   2   1   1   1   1 |     AAC   0   0   0   0   0   0 |     AGC   0   0   0   0   0   0
    ATA   1   1   1   1   1   1 |     ACA   1   1   1   1   1   1 | Lys AAA   3   3   3   3   3   3 | Arg AGA   1   1   1   1   1   1
Met ATG   5   5   5   5   5   5 |     ACG   0   0   0   0   0   0 |     AAG   5   5   5   5   5   5 |     AGG   0   0   0   0   0   0
--------------------------------------------------------------------------------------------------------------------------------------
Val GTT   3   3   2   2   2   3 | Ala GCT   0   0   0   0   0   0 | Asp GAT   4   4   4   4   4   7 | Gly GGT   0   0   0   0   0   0
    GTC   1   1   2   2   2   1 |     GCC   2   2   2   2   2   2 |     GAC   3   3   3   3   3   0 |     GGC   1   2   2   2   2   2
    GTA   0   0   0   0   0   0 |     GCA   1   1   1   1   1   1 | Glu GAA   5   5   5   5   5   5 |     GGA   5   5   5   5   5   5
    GTG   1   1   1   1   1   1 |     GCG   0   0   0   0   0   0 |     GAG   3   3   3   3   3   3 |     GGG   1   0   0   0   0   0
--------------------------------------------------------------------------------------------------------------------------------------

--------------------------------------------------------------------------------------------------------------------------------------
Phe TTT   0   0   0   0   0   0 | Ser TCT   3   3   3   3   3   3 | Tyr TAT   1   1   1   1   1   2 | Cys TGT   0   0   0   0   0   0
    TTC   2   2   2   2   2   2 |     TCC   1   1   1   1   1   1 |     TAC   0   0   0   0   0   0 |     TGC   0   0   0   0   0   0
Leu TTA   0   0   0   0   0   0 |     TCA   1   1   1   1   1   1 | *** TAA   0   0   0   0   0   0 | *** TGA   0   0   0   0   0   0
    TTG   2   2   2   2   2   2 |     TCG   0   0   0   0   0   0 |     TAG   0   0   0   0   0   0 | Trp TGG   0   0   0   0   0   0
--------------------------------------------------------------------------------------------------------------------------------------
Leu CTT   3   3   3   3   2   3 | Pro CCT   2   2   2   2   2   2 | His CAT   2   2   2   1   2   1 | Arg CGT   3   3   3   3   2   3
    CTC   2   2   2   2   3   1 |     CCC   0   0   0   0   0   0 |     CAC   0   0   0   1   0   0 |     CGC   1   1   1   1   2   1
    CTA   1   0   1   0   0   0 |     CCA   0   0   0   0   0   0 | Gln CAA   3   3   3   3   3   3 |     CGA   0   0   0   0   0   0
    CTG   1   2   1   2   2   3 |     CCG   0   0   0   0   0   0 |     CAG   2   2   2   2   2   2 |     CGG   0   0   0   0   0   0
--------------------------------------------------------------------------------------------------------------------------------------
Ile ATT   2   2   3   2   4   2 | Thr ACT   1   1   0   1   0   1 | Asn AAT   0   0   0   0   0   0 | Ser AGT   0   0   0   0   0   0
    ATC   6   6   5   6   4   6 |     ACC   1   1   2   1   2   1 |     AAC   0   0   0   0   0   0 |     AGC   0   0   0   0   0   0
    ATA   1   1   1   1   1   1 |     ACA   1   1   1   1   1   1 | Lys AAA   3   3   3   3   3   3 | Arg AGA   1   1   1   1   1   1
Met ATG   5   5   5   5   5   5 |     ACG   0   0   0   0   0   0 |     AAG   5   5   5   5   5   5 |     AGG   0   0   0   0   0   0
--------------------------------------------------------------------------------------------------------------------------------------
Val GTT   2   3   3   2   3   2 | Ala GCT   0   0   0   0   0   0 | Asp GAT   4   6   5   5   5   4 | Gly GGT   0   0   0   0   0   0
    GTC   2   1   1   2   1   2 |     GCC   2   2   2   2   2   2 |     GAC   3   1   2   2   2   3 |     GGC   2   2   2   2   3   2
    GTA   0   0   0   0   0   0 |     GCA   1   1   1   1   1   1 | Glu GAA   5   5   5   5   4   5 |     GGA   5   5   5   4   4   5
    GTG   1   1   1   1   1   1 |     GCG   0   0   0   0   0   0 |     GAG   3   3   3   3   4   3 |     GGG   0   0   0   1   0   0
--------------------------------------------------------------------------------------------------------------------------------------

--------------------------------------------------------------------------------------------------------------------------------------
Phe TTT   0   0   0   0   0   0 | Ser TCT   3   3   2   3   3   3 | Tyr TAT   1   1   1   1   1   1 | Cys TGT   0   0   0   0   0   0
    TTC   2   2   2   2   2   2 |     TCC   1   1   1   1   1   1 |     TAC   0   0   0   0   0   0 |     TGC   0   0   0   0   0   0
Leu TTA   0   0   0   0   0   0 |     TCA   1   1   1   1   1   1 | *** TAA   0   0   0   0   0   0 | *** TGA   0   0   0   0   0   0
    TTG   2   2   2   2   2   2 |     TCG   0   0   1   0   0   0 |     TAG   0   0   0   0   0   0 | Trp TGG   0   0   0   0   0   0
--------------------------------------------------------------------------------------------------------------------------------------
Leu CTT   3   3   3   3   3   3 | Pro CCT   2   2   2   2   2   2 | His CAT   2   1   2   2   2   2 | Arg CGT   3   3   3   3   3   3
    CTC   2   2   2   2   2   2 |     CCC   0   0   0   0   0   0 |     CAC   0   1   0   0   0   0 |     CGC   1   1   1   1   1   1
    CTA   0   0   0   0   0   0 |     CCA   0   0   0   0   0   0 | Gln CAA   3   3   3   2   2   3 |     CGA   0   0   0   0   0   0
    CTG   2   2   2   2   2   2 |     CCG   0   0   0   0   0   0 |     CAG   2   2   2   3   3   2 |     CGG   0   0   0   0   0   0
--------------------------------------------------------------------------------------------------------------------------------------
Ile ATT   2   3   2   2   1   3 | Thr ACT   1   1   1   1   0   0 | Asn AAT   0   0   0   0   0   0 | Ser AGT   0   0   0   0   0   0
    ATC   6   5   6   6   7   5 |     ACC   1   1   1   1   1   2 |     AAC   0   0   0   0   0   0 |     AGC   0   0   0   0   0   0
    ATA   1   1   1   1   1   1 |     ACA   1   1   1   1   1   1 | Lys AAA   3   3   3   2   3   3 | Arg AGA   1   1   1   1   1   1
Met ATG   5   5   5   5   5   5 |     ACG   0   0   0   0   1   0 |     AAG   5   5   5   6   5   5 |     AGG   0   0   0   0   0   0
--------------------------------------------------------------------------------------------------------------------------------------
Val GTT   2   3   2   2   2   3 | Ala GCT   0   0   0   0   0   0 | Asp GAT   5   5   4   5   4   4 | Gly GGT   0   0   0   0   0   0
    GTC   2   1   3   2   2   1 |     GCC   1   2   2   2   2   2 |     GAC   2   2   3   2   3   3 |     GGC   2   2   2   2   2   2
    GTA   0   0   0   0   0   0 |     GCA   2   1   1   1   1   1 | Glu GAA   5   5   5   4   5   5 |     GGA   5   5   5   5   5   5
    GTG   1   1   0   1   1   1 |     GCG   0   0   0   0   0   0 |     GAG   3   3   3   4   3   3 |     GGG   0   0   0   0   0   0
--------------------------------------------------------------------------------------------------------------------------------------

--------------------------------------------------------------------------------------------------------------------------------------
Phe TTT   0   0   0   0   0   0 | Ser TCT   3   3   3   3   3   3 | Tyr TAT   1   1   1   1   1   1 | Cys TGT   0   0   0   0   0   0
    TTC   2   2   2   2   2   2 |     TCC   1   1   1   1   1   1 |     TAC   0   0   0   0   0   0 |     TGC   0   0   0   0   0   0
Leu TTA   0   0   0   0   0   0 |     TCA   1   1   1   1   1   1 | *** TAA   0   0   0   0   0   0 | *** TGA   0   0   0   0   0   0
    TTG   2   2   2   2   2   2 |     TCG   0   0   0   0   0   0 |     TAG   0   0   0   0   0   0 | Trp TGG   0   0   0   0   0   0
--------------------------------------------------------------------------------------------------------------------------------------
Leu CTT   3   3   3   3   3   3 | Pro CCT   2   1   2   1   2   2 | His CAT   2   2   2   2   1   2 | Arg CGT   3   2   3   3   3   3
    CTC   2   2   2   2   2   2 |     CCC   0   0   0   0   0   0 |     CAC   0   0   0   0   1   0 |     CGC   1   2   1   1   1   1
    CTA   0   0   1   0   0   0 |     CCA   0   1   0   0   0   0 | Gln CAA   3   3   3   3   3   3 |     CGA   0   0   0   0   0   0
    CTG   2   2   1   2   2   2 |     CCG   0   0   0   1   0   0 |     CAG   2   2   2   2   2   2 |     CGG   0   0   0   0   0   0
--------------------------------------------------------------------------------------------------------------------------------------
Ile ATT   3   2   3   3   2   2 | Thr ACT   0   1   0   0   1   1 | Asn AAT   0   0   0   0   0   0 | Ser AGT   0   0   0   0   0   0
    ATC   5   6   5   5   6   6 |     ACC   2   1   2   2   1   1 |     AAC   0   0   0   0   0   0 |     AGC   0   0   0   0   0   0
    ATA   1   1   1   1   1   1 |     ACA   1   1   1   1   1   1 | Lys AAA   3   3   4   3   3   3 | Arg AGA   1   1   1   1   1   1
Met ATG   5   5   5   5   5   5 |     ACG   0   0   0   0   0   0 |     AAG   5   5   4   5   5   5 |     AGG   0   0   0   0   0   0
--------------------------------------------------------------------------------------------------------------------------------------
Val GTT   3   2   3   3   3   2 | Ala GCT   0   0   0   0   0   0 | Asp GAT   4   4   5   4   5   5 | Gly GGT   0   0   0   0   0   0
    GTC   1   2   1   1   1   2 |     GCC   2   2   2   2   2   2 |     GAC   3   3   2   3   2   2 |     GGC   2   2   2   2   2   2
    GTA   0   0   0   0   0   0 |     GCA   1   1   1   1   1   1 | Glu GAA   5   5   5   5   5   6 |     GGA   5   5   5   5   5   5
    GTG   1   1   1   1   1   1 |     GCG   0   0   0   0   0   0 |     GAG   3   3   3   3   3   2 |     GGG   0   0   0   0   0   0
--------------------------------------------------------------------------------------------------------------------------------------

--------------------------------------------------------------------------------------------------------------------------------------
Phe TTT   0   0   0   0   0   0 | Ser TCT   3   3   3   3   3   3 | Tyr TAT   2   1   1   1   1   1 | Cys TGT   0   0   0   0   0   0
    TTC   2   2   2   2   2   2 |     TCC   1   1   1   1   2   1 |     TAC   0   0   0   0   0   0 |     TGC   1   0   0   0   1   0
Leu TTA   0   0   0   0   0   0 |     TCA   1   1   1   1   1   1 | *** TAA   0   0   0   0   0   0 | *** TGA   0   0   0   0   0   0
    TTG   2   2   2   2   2   2 |     TCG   0   0   0   0   0   0 |     TAG   0   0   0   0   0   0 | Trp TGG   0   0   0   0   0   0
--------------------------------------------------------------------------------------------------------------------------------------
Leu CTT   3   3   3   2   3   3 | Pro CCT   2   2   2   1   2   2 | His CAT   3   2   2   2   2   2 | Arg CGT   0   3   3   3   3   3
    CTC   2   2   2   2   2   3 |     CCC   0   0   0   0   0   0 |     CAC   0   0   0   0   0   0 |     CGC   0   1   1   1   0   1
    CTA   0   0   0   0   0   0 |     CCA   0   0   0   1   0   0 | Gln CAA   2   3   3   3   2   3 |     CGA   0   0   0   0   0   0
    CTG   2   2   2   3   2   1 |     CCG   0   0   0   0   0   0 |     CAG   4   2   2   2   3   2 |     CGG   0   0   0   0   0   0
--------------------------------------------------------------------------------------------------------------------------------------
Ile ATT   0   2   1   2   2   2 | Thr ACT   3   1   1   0   1   1 | Asn AAT   0   0   0   0   0   0 | Ser AGT   1   0   0   0   0   0
    ATC   5   6   7   6   6   6 |     ACC   2   1   1   2   1   1 |     AAC   0   0   0   0   0   0 |     AGC   1   0   0   0   0   0
    ATA   1   1   1   1   1   1 |     ACA   1   1   1   1   1   1 | Lys AAA   4   3   3   3   3   3 | Arg AGA   1   1   1   1   1   1
Met ATG   5   5   5   5   5   5 |     ACG   0   0   0   0   0   0 |     AAG   4   5   5   5   5   5 |     AGG   0   0   0   0   0   0
--------------------------------------------------------------------------------------------------------------------------------------
Val GTT   3   2   2   3   3   3 | Ala GCT   1   0   0   0   0   0 | Asp GAT   4   5   5   5   6   6 | Gly GGT   0   0   0   0   0   0
    GTC   1   2   2   1   1   1 |     GCC   1   2   2   2   1   2 |     GAC   3   2   2   2   1   1 |     GGC   2   2   2   2   2   2
    GTA   2   0   0   0   0   0 |     GCA   0   1   1   1   1   1 | Glu GAA   4   5   5   5   5   5 |     GGA   4   5   5   5   5   4
    GTG   1   1   1   1   1   1 |     GCG   0   0   0   0   0   0 |     GAG   2   3   3   3   3   3 |     GGG   0   0   0   0   0   1
--------------------------------------------------------------------------------------------------------------------------------------

Codon position x base (3x4) table for each sequence.

#1: Argali         
position  1:    T:0.11628    C:0.23256    A:0.30233    G:0.34884
position  2:    T:0.34884    C:0.15116    A:0.36047    G:0.13953
position  3:    T:0.27907    C:0.24419    A:0.24419    G:0.23256
Average         T:0.24806    C:0.20930    A:0.30233    G:0.24031

#2: LesserMouseDeer
position  1:    T:0.09302    C:0.26744    A:0.29070    G:0.34884
position  2:    T:0.33721    C:0.16279    A:0.36047    G:0.13953
position  3:    T:0.20930    C:0.29070    A:0.17442    G:0.32558
Average         T:0.21318    C:0.24031    A:0.27519    G:0.27132

#3: LesserKudu     
position  1:    T:0.12791    C:0.23256    A:0.30233    G:0.33721
position  2:    T:0.34884    C:0.15116    A:0.36047    G:0.13953
position  3:    T:0.30233    C:0.23256    A:0.24419    G:0.22093
Average         T:0.25969    C:0.20543    A:0.30233    G:0.23256

#4: ForestMuskDeer2
position  1:    T:0.11628    C:0.23256    A:0.30233    G:0.34884
position  2:    T:0.34884    C:0.15116    A:0.36047    G:0.13953
position  3:    T:0.25581    C:0.24419    A:0.25581    G:0.24419
Average         T:0.24031    C:0.20930    A:0.30620    G:0.24419

#5: Camel          
position  1:    T:0.10465    C:0.23256    A:0.30233    G:0.36047
position  2:    T:0.34884    C:0.15116    A:0.36047    G:0.13953
position  3:    T:0.26744    C:0.22093    A:0.24419    G:0.26744
Average         T:0.24031    C:0.20155    A:0.30233    G:0.25581

#6: KillerWhale    
position  1:    T:0.11628    C:0.23256    A:0.29070    G:0.36047
position  2:    T:0.34884    C:0.15116    A:0.36047    G:0.13953
position  3:    T:0.26744    C:0.24419    A:0.25581    G:0.23256
Average         T:0.24419    C:0.20930    A:0.30233    G:0.24419

#7: DefassaWaterbuck
position  1:    T:0.11628    C:0.23256    A:0.30233    G:0.34884
position  2:    T:0.34884    C:0.15116    A:0.36047    G:0.13953
position  3:    T:0.27907    C:0.24419    A:0.22093    G:0.25581
Average         T:0.24806    C:0.20930    A:0.29457    G:0.24806

#8: Sheep          
position  1:    T:0.11628    C:0.23256    A:0.30233    G:0.34884
position  2:    T:0.34884    C:0.15116    A:0.36047    G:0.13953
position  3:    T:0.27907    C:0.24419    A:0.24419    G:0.23256
Average         T:0.24806    C:0.20930    A:0.30233    G:0.24031

#9: MaxwellsDuiker 
position  1:    T:0.12791    C:0.20930    A:0.32558    G:0.33721
position  2:    T:0.34884    C:0.15116    A:0.37209    G:0.12791
position  3:    T:0.25581    C:0.26744    A:0.24419    G:0.23256
Average         T:0.24419    C:0.20930    A:0.31395    G:0.23256

#10: GazellaPrzewalskyi
position  1:    T:0.11628    C:0.23256    A:0.30233    G:0.34884
position  2:    T:0.34884    C:0.15116    A:0.36047    G:0.13953
position  3:    T:0.26744    C:0.25581    A:0.24419    G:0.23256
Average         T:0.24419    C:0.21318    A:0.30233    G:0.24031

#11: MountainNyala  
position  1:    T:0.11628    C:0.23256    A:0.30233    G:0.34884
position  2:    T:0.34884    C:0.15116    A:0.36047    G:0.13953
position  3:    T:0.31395    C:0.22093    A:0.24419    G:0.22093
Average         T:0.25969    C:0.20155    A:0.30233    G:0.23643

#12: MuntiacusMuntjak
position  1:    T:0.11628    C:0.23256    A:0.30233    G:0.34884
position  2:    T:0.34884    C:0.15116    A:0.36047    G:0.13953
position  3:    T:0.29070    C:0.23256    A:0.26744    G:0.20930
Average         T:0.25194    C:0.20543    A:0.31008    G:0.23256

#13: goat           
position  1:    T:0.11628    C:0.23256    A:0.30233    G:0.34884
position  2:    T:0.34884    C:0.15116    A:0.36047    G:0.13953
position  3:    T:0.26744    C:0.25581    A:0.24419    G:0.23256
Average         T:0.24419    C:0.21318    A:0.30233    G:0.24031

#14: AfricanBuffalo 
position  1:    T:0.11628    C:0.23256    A:0.30233    G:0.34884
position  2:    T:0.34884    C:0.15116    A:0.36047    G:0.13953
position  3:    T:0.29070    C:0.23256    A:0.24419    G:0.23256
Average         T:0.25194    C:0.20543    A:0.30233    G:0.24031

#15: Topi           
position  1:    T:0.11628    C:0.23256    A:0.30233    G:0.34884
position  2:    T:0.34884    C:0.15116    A:0.36047    G:0.13953
position  3:    T:0.25581    C:0.25581    A:0.24419    G:0.24419
Average         T:0.24031    C:0.21318    A:0.30233    G:0.24419

#16: CommonDuiker   
position  1:    T:0.11628    C:0.23256    A:0.30233    G:0.34884
position  2:    T:0.34884    C:0.15116    A:0.36047    G:0.13953
position  3:    T:0.26744    C:0.26744    A:0.24419    G:0.22093
Average         T:0.24419    C:0.21705    A:0.30233    G:0.23643

#17: Suni           
position  1:    T:0.11628    C:0.22093    A:0.33721    G:0.32558
position  2:    T:0.37209    C:0.13953    A:0.38372    G:0.10465
position  3:    T:0.25581    C:0.26744    A:0.25581    G:0.22093
Average         T:0.24806    C:0.20930    A:0.32558    G:0.21705

#18: Springbuck     
position  1:    T:0.11628    C:0.23256    A:0.30233    G:0.34884
position  2:    T:0.34884    C:0.15116    A:0.36047    G:0.13953
position  3:    T:0.26744    C:0.25581    A:0.24419    G:0.23256
Average         T:0.24419    C:0.21318    A:0.30233    G:0.24031

#19: Okapi          
position  1:    T:0.11628    C:0.23256    A:0.30233    G:0.34884
position  2:    T:0.34884    C:0.15116    A:0.36047    G:0.13953
position  3:    T:0.29070    C:0.23256    A:0.22093    G:0.25581
Average         T:0.25194    C:0.20543    A:0.29457    G:0.24806

#20: Giraffe        
position  1:    T:0.11628    C:0.23256    A:0.30233    G:0.34884
position  2:    T:0.34884    C:0.15116    A:0.36047    G:0.13953
position  3:    T:0.29070    C:0.23256    A:0.23256    G:0.24419
Average         T:0.25194    C:0.20543    A:0.29845    G:0.24419

#21: TibetanAntelope
position  1:    T:0.11628    C:0.23256    A:0.30233    G:0.34884
position  2:    T:0.34884    C:0.15116    A:0.36047    G:0.13953
position  3:    T:0.27907    C:0.24419    A:0.25581    G:0.22093
Average         T:0.24806    C:0.20930    A:0.30620    G:0.23643

#22: Sitatunga      
position  1:    T:0.11628    C:0.23256    A:0.30233    G:0.34884
position  2:    T:0.34884    C:0.15116    A:0.36047    G:0.13953
position  3:    T:0.29070    C:0.23256    A:0.23256    G:0.24419
Average         T:0.25194    C:0.20543    A:0.29845    G:0.24419

#23: Oribi          
position  1:    T:0.11628    C:0.23256    A:0.30233    G:0.34884
position  2:    T:0.34884    C:0.15116    A:0.36047    G:0.13953
position  3:    T:0.25581    C:0.26744    A:0.24419    G:0.23256
Average         T:0.24031    C:0.21705    A:0.30233    G:0.24031

#24: BarbarySheep   
position  1:    T:0.11628    C:0.23256    A:0.30233    G:0.34884
position  2:    T:0.34884    C:0.15116    A:0.36047    G:0.13953
position  3:    T:0.26744    C:0.25581    A:0.24419    G:0.23256
Average         T:0.24419    C:0.21318    A:0.30233    G:0.24031

#25: Daviddeer      
position  1:    T:0.11628    C:0.23256    A:0.30233    G:0.34884
position  2:    T:0.34884    C:0.15116    A:0.36047    G:0.13953
position  3:    T:0.27907    C:0.23256    A:0.24419    G:0.24419
Average         T:0.24806    C:0.20543    A:0.30233    G:0.24419

#26: Reindeer       
position  1:    T:0.11628    C:0.23256    A:0.30233    G:0.34884
position  2:    T:0.34884    C:0.15116    A:0.36047    G:0.13953
position  3:    T:0.27907    C:0.24419    A:0.24419    G:0.23256
Average         T:0.24806    C:0.20930    A:0.30233    G:0.24031

#27: Ibex           
position  1:    T:0.11628    C:0.23256    A:0.30233    G:0.34884
position  2:    T:0.34884    C:0.15116    A:0.36047    G:0.13953
position  3:    T:0.26744    C:0.25581    A:0.24419    G:0.23256
Average         T:0.24419    C:0.21318    A:0.30233    G:0.24031

#28: GyrantGazelle  
position  1:    T:0.11628    C:0.23256    A:0.30233    G:0.34884
position  2:    T:0.34884    C:0.15116    A:0.36047    G:0.13953
position  3:    T:0.24419    C:0.26744    A:0.25581    G:0.23256
Average         T:0.23643    C:0.21705    A:0.30620    G:0.24031

#29: Hartebeest     
position  1:    T:0.11628    C:0.23256    A:0.30233    G:0.34884
position  2:    T:0.34884    C:0.15116    A:0.36047    G:0.13953
position  3:    T:0.25581    C:0.25581    A:0.24419    G:0.24419
Average         T:0.24031    C:0.21318    A:0.30233    G:0.24419

#30: Bongo          
position  1:    T:0.11628    C:0.23256    A:0.30233    G:0.34884
position  2:    T:0.34884    C:0.15116    A:0.36047    G:0.13953
position  3:    T:0.30233    C:0.22093    A:0.24419    G:0.23256
Average         T:0.25581    C:0.20155    A:0.30233    G:0.24031

#31: Gerenuk        
position  1:    T:0.11628    C:0.23256    A:0.30233    G:0.34884
position  2:    T:0.34884    C:0.15116    A:0.36047    G:0.13953
position  3:    T:0.26744    C:0.25581    A:0.25581    G:0.22093
Average         T:0.24419    C:0.21318    A:0.30620    G:0.23643

#32: CommonEland    
position  1:    T:0.11628    C:0.23256    A:0.30233    G:0.34884
position  2:    T:0.34884    C:0.15116    A:0.36047    G:0.13953
position  3:    T:0.30233    C:0.22093    A:0.24419    G:0.23256
Average         T:0.25581    C:0.20155    A:0.30233    G:0.24031

#33: MuntiacusReevesi
position  1:    T:0.11628    C:0.23256    A:0.30233    G:0.34884
position  2:    T:0.34884    C:0.15116    A:0.36047    G:0.13953
position  3:    T:0.29070    C:0.23256    A:0.25581    G:0.22093
Average         T:0.25194    C:0.20543    A:0.30620    G:0.23643

#34: HarveysDuiker  
position  1:    T:0.11628    C:0.23256    A:0.30233    G:0.34884
position  2:    T:0.34884    C:0.15116    A:0.36047    G:0.13953
position  3:    T:0.26744    C:0.25581    A:0.23256    G:0.24419
Average         T:0.24419    C:0.21318    A:0.29845    G:0.24419

#35: Pronghorn      
position  1:    T:0.11628    C:0.23256    A:0.30233    G:0.34884
position  2:    T:0.34884    C:0.15116    A:0.36047    G:0.13953
position  3:    T:0.27907    C:0.25581    A:0.22093    G:0.24419
Average         T:0.24806    C:0.21318    A:0.29457    G:0.24419

#36: BlueWildebeest 
position  1:    T:0.12791    C:0.22093    A:0.30233    G:0.34884
position  2:    T:0.34884    C:0.15116    A:0.36047    G:0.13953
position  3:    T:0.26744    C:0.24419    A:0.24419    G:0.24419
Average         T:0.24806    C:0.20543    A:0.30233    G:0.24419

#37: Gemsbok        
position  1:    T:0.11628    C:0.23256    A:0.30233    G:0.34884
position  2:    T:0.34884    C:0.15116    A:0.36047    G:0.13953
position  3:    T:0.27907    C:0.23256    A:0.25581    G:0.23256
Average         T:0.24806    C:0.20543    A:0.30620    G:0.24031

#38: Yak            
position  1:    T:0.11628    C:0.23256    A:0.30233    G:0.34884
position  2:    T:0.34884    C:0.15116    A:0.36047    G:0.13953
position  3:    T:0.29070    C:0.23256    A:0.24419    G:0.23256
Average         T:0.25194    C:0.20543    A:0.30233    G:0.24031

#39: BlueSheep      
position  1:    T:0.11628    C:0.23256    A:0.30233    G:0.34884
position  2:    T:0.34884    C:0.15116    A:0.36047    G:0.13953
position  3:    T:0.25581    C:0.26744    A:0.24419    G:0.23256
Average         T:0.24031    C:0.21705    A:0.30233    G:0.24031

#40: BohorReedbuck  
position  1:    T:0.11628    C:0.23256    A:0.30233    G:0.34884
position  2:    T:0.34884    C:0.15116    A:0.36047    G:0.13953
position  3:    T:0.27907    C:0.24419    A:0.20930    G:0.26744
Average         T:0.24806    C:0.20930    A:0.29070    G:0.25194

#41: KirksDik       
position  1:    T:0.11628    C:0.23256    A:0.30233    G:0.34884
position  2:    T:0.34884    C:0.15116    A:0.36047    G:0.13953
position  3:    T:0.24419    C:0.26744    A:0.23256    G:0.25581
Average         T:0.23643    C:0.21705    A:0.29845    G:0.24806

#42: RoeDeer        
position  1:    T:0.11628    C:0.23256    A:0.30233    G:0.34884
position  2:    T:0.34884    C:0.15116    A:0.36047    G:0.13953
position  3:    T:0.27907    C:0.24419    A:0.24419    G:0.23256
Average         T:0.24806    C:0.20930    A:0.30233    G:0.24031

#43: WhiteLippedDeer
position  1:    T:0.11628    C:0.23256    A:0.30233    G:0.34884
position  2:    T:0.34884    C:0.15116    A:0.36047    G:0.13953
position  3:    T:0.27907    C:0.24419    A:0.24419    G:0.23256
Average         T:0.24806    C:0.20930    A:0.30233    G:0.24031

#44: ThomsonGazelle 
position  1:    T:0.11628    C:0.23256    A:0.30233    G:0.34884
position  2:    T:0.34884    C:0.15116    A:0.36047    G:0.13953
position  3:    T:0.24419    C:0.26744    A:0.25581    G:0.23256
Average         T:0.23643    C:0.21705    A:0.30620    G:0.24031

#45: MuntiacusCrinifrons
position  1:    T:0.11628    C:0.23256    A:0.30233    G:0.34884
position  2:    T:0.34884    C:0.15116    A:0.36047    G:0.13953
position  3:    T:0.29070    C:0.23256    A:0.26744    G:0.20930
Average         T:0.25194    C:0.20543    A:0.31008    G:0.23256

#46: WhiteTailedDeer
position  1:    T:0.11628    C:0.23256    A:0.30233    G:0.34884
position  2:    T:0.34884    C:0.15116    A:0.36047    G:0.13953
position  3:    T:0.26744    C:0.24419    A:0.24419    G:0.24419
Average         T:0.24419    C:0.20930    A:0.30233    G:0.24419

#47: Cattle         
position  1:    T:0.11628    C:0.23256    A:0.30233    G:0.34884
position  2:    T:0.34884    C:0.15116    A:0.36047    G:0.13953
position  3:    T:0.27907    C:0.24419    A:0.24419    G:0.23256
Average         T:0.24806    C:0.20930    A:0.30233    G:0.24031

#48: RoyalAntelope  
position  1:    T:0.11628    C:0.23256    A:0.30233    G:0.34884
position  2:    T:0.34884    C:0.15116    A:0.36047    G:0.13953
position  3:    T:0.27907    C:0.24419    A:0.25581    G:0.22093
Average         T:0.24806    C:0.20930    A:0.30620    G:0.23643

#49: Steenbok       
position  1:    T:0.13953    C:0.20930    A:0.32558    G:0.32558
position  2:    T:0.33721    C:0.17442    A:0.37209    G:0.11628
position  3:    T:0.29070    C:0.24419    A:0.23256    G:0.23256
Average         T:0.25581    C:0.20930    A:0.31008    G:0.22481

#50: Impala         
position  1:    T:0.11628    C:0.23256    A:0.30233    G:0.34884
position  2:    T:0.34884    C:0.15116    A:0.36047    G:0.13953
position  3:    T:0.27907    C:0.24419    A:0.24419    G:0.23256
Average         T:0.24806    C:0.20930    A:0.30233    G:0.24031

#51: Klipspringer   
position  1:    T:0.11628    C:0.23256    A:0.30233    G:0.34884
position  2:    T:0.34884    C:0.15116    A:0.36047    G:0.13953
