CODONML (in paml version 4.10.7, June 2023)  /home/rachel/ruminants_paml/6406-phy-tree/ENSBTAT00000001572.fasta.phy
Model: free dN/dS Ratios for branches,  kappa = 2.000 fixed

Codon frequency model: F3x4
ns =  54  ls =  29

Codon usage in sequences
--------------------------------------------------------------------------------------------------------------------------------------
Phe TTT   0   0   0   0   0   0 | Ser TCT   1   1   1   1   1   1 | Tyr TAT   1   1   1   1   1   1 | Cys TGT   0   0   0   0   0   0
    TTC   0   0   0   0   0   0 |     TCC   0   0   0   0   0   0 |     TAC   0   0   0   0   0   0 |     TGC   0   0   0   0   0   0
Leu TTA   0   0   0   0   0   0 |     TCA   0   1   0   1   0   0 | *** TAA   0   0   0   0   0   0 | *** TGA   0   0   0   0   0   0
    TTG   0   0   0   0   0   0 |     TCG   1   0   1   0   1   1 |     TAG   0   0   0   0   0   0 | Trp TGG   2   2   2   2   2   2
--------------------------------------------------------------------------------------------------------------------------------------
Leu CTT   0   0   0   0   0   0 | Pro CCT   0   0   0   0   0   0 | His CAT   0   0   0   0   0   0 | Arg CGT   0   0   0   0   0   0
    CTC   0   0   0   0   0   0 |     CCC   0   0   0   0   0   0 |     CAC   0   0   0   0   0   0 |     CGC   0   0   0   0   0   0
    CTA   0   0   0   0   0   0 |     CCA   0   0   0   0   0   0 | Gln CAA   1   2   2   1   3   2 |     CGA   0   0   0   0   0   0
    CTG   0   0   0   0   0   0 |     CCG   0   0   0   0   0   0 |     CAG   2   2   1   2   1   2 |     CGG   0   0   0   0   0   0
--------------------------------------------------------------------------------------------------------------------------------------
Ile ATT   1   1   1   1   1   1 | Thr ACT   0   0   0   0   0   0 | Asn AAT   0   0   0   0   0   0 | Ser AGT   0   0   0   0   0   0
    ATC   0   0   0   0   0   0 |     ACC   1   1   1   1   1   1 |     AAC   1   1   1   1   1   0 |     AGC   0   0   0   0   0   1
    ATA   1   2   2   2   2   1 |     ACA   2   0   0   0   0   0 | Lys AAA   2   3   3   4   4   2 | Arg AGA   1   0   1   1   0   1
Met ATG   0   0   0   0   0   0 |     ACG   0   0   0   0   0   0 |     AAG   1   2   1   0   1   2 |     AGG   0   0   0   1   0   0
--------------------------------------------------------------------------------------------------------------------------------------
Val GTT   0   0   0   0   0   0 | Ala GCT   1   0   1   1   0   0 | Asp GAT   3   2   3   3   2   3 | Gly GGT   0   0   0   0   1   0
    GTC   0   0   0   0   0   0 |     GCC   0   1   0   0   1   1 |     GAC   0   1   0   0   0   0 |     GGC   0   0   0   0   0   0
    GTA   0   0   0   0   0   1 |     GCA   0   0   0   0   0   0 | Glu GAA   4   4   4   4   4   4 |     GGA   0   0   0   0   0   0
    GTG   0   0   0   0   0   0 |     GCG   0   0   0   0   0   0 |     GAG   3   2   3   2   2   2 |     GGG   0   0   0   0   0   0
--------------------------------------------------------------------------------------------------------------------------------------

--------------------------------------------------------------------------------------------------------------------------------------
Phe TTT   0   0   0   0   0   0 | Ser TCT   1   1   1   1   1   1 | Tyr TAT   1   1   1   1   1   1 | Cys TGT   0   0   0   0   0   0
    TTC   0   0   0   0   0   0 |     TCC   0   0   0   0   0   0 |     TAC   0   0   0   0   0   0 |     TGC   0   0   0   0   0   0
Leu TTA   0   0   0   0   0   0 |     TCA   1   0   0   0   0   0 | *** TAA   0   0   0   0   0   0 | *** TGA   0   0   0   0   0   0
    TTG   0   0   0   0   0   0 |     TCG   0   1   1   1   1   1 |     TAG   0   0   0   0   0   0 | Trp TGG   2   2   2   2   2   2
--------------------------------------------------------------------------------------------------------------------------------------
Leu CTT   0   0   0   0   0   0 | Pro CCT   0   0   0   0   0   0 | His CAT   0   0   0   0   0   0 | Arg CGT   0   0   0   0   0   0
    CTC   0   0   0   0   0   0 |     CCC   0   0   0   0   0   0 |     CAC   0   0   0   0   0   0 |     CGC   0   0   0   0   0   0
    CTA   0   0   0   0   0   0 |     CCA   0   0   0   0   0   0 | Gln CAA   2   1   2   2   2   2 |     CGA   0   0   0   0   0   0
    CTG   0   0   0   0   0   0 |     CCG   0   0   0   0   0   0 |     CAG   1   2   1   1   1   2 |     CGG   0   0   0   0   0   0
--------------------------------------------------------------------------------------------------------------------------------------
Ile ATT   1   1   1   1   1   1 | Thr ACT   0   0   0   0   0   0 | Asn AAT   0   0   0   0   0   0 | Ser AGT   0   0   0   0   0   0
    ATC   0   0   0   0   0   0 |     ACC   1   1   0   1   1   1 |     AAC   1   1   1   1   1   1 |     AGC   0   0   0   0   0   0
    ATA   2   1   2   2   2   2 |     ACA   0   2   0   0   0   0 | Lys AAA   3   2   3   3   3   3 | Arg AGA   1   1   1   1   1   1
Met ATG   0   0   0   0   0   0 |     ACG   0   0   1   0   0   0 |     AAG   1   1   1   1   1   1 |     AGG   0   0   0   0   0   0
--------------------------------------------------------------------------------------------------------------------------------------
Val GTT   0   0   0   0   0   0 | Ala GCT   1   1   1   1   1   0 | Asp GAT   3   3   3   3   3   3 | Gly GGT   0   0   0   0   0   0
    GTC   0   0   0   0   0   0 |     GCC   0   0   0   0   0   1 |     GAC   0   0   0   0   0   0 |     GGC   0   0   0   0   0   0
    GTA   0   0   0   0   0   0 |     GCA   0   0   0   0   0   0 | Glu GAA   4   4   4   4   4   4 |     GGA   0   0   0   0   0   0
    GTG   0   0   0   0   0   0 |     GCG   0   0   0   0   0   0 |     GAG   3   3   3   3   3   2 |     GGG   0   0   0   0   0   0
--------------------------------------------------------------------------------------------------------------------------------------

--------------------------------------------------------------------------------------------------------------------------------------
Phe TTT   0   0   0   0   0   0 | Ser TCT   1   1   1   1   1   2 | Tyr TAT   1   1   1   1   1   1 | Cys TGT   0   0   0   0   0   0
    TTC   0   0   0   0   0   0 |     TCC   0   0   0   0   0   0 |     TAC   0   0   0   0   0   0 |     TGC   0   0   0   0   0   0
Leu TTA   0   0   0   0   0   0 |     TCA   0   0   0   0   0   0 | *** TAA   0   0   0   0   0   0 | *** TGA   0   0   0   0   0   0
    TTG   0   0   0   0   0   0 |     TCG   1   1   1   1   1   0 |     TAG   0   0   0   0   0   0 | Trp TGG   2   2   2   2   2   2
--------------------------------------------------------------------------------------------------------------------------------------
Leu CTT   0   0   0   0   0   0 | Pro CCT   0   0   0   0   0   0 | His CAT   0   0   0   0   0   0 | Arg CGT   0   0   0   0   0   0
    CTC   0   0   0   0   0   0 |     CCC   0   0   0   0   0   0 |     CAC   0   0   0   0   0   0 |     CGC   0   0   0   0   0   0
    CTA   0   0   0   0   0   0 |     CCA   0   0   0   0   0   0 | Gln CAA   2   2   1   2   2   2 |     CGA   0   0   0   0   0   0
    CTG   0   0   0   0   0   0 |     CCG   0   0   0   0   0   0 |     CAG   1   1   2   1   1   1 |     CGG   0   0   0   0   0   0
--------------------------------------------------------------------------------------------------------------------------------------
Ile ATT   1   1   1   1   1   1 | Thr ACT   0   0   0   0   0   0 | Asn AAT   0   0   0   0   0   0 | Ser AGT   0   0   0   0   0   0
    ATC   0   0   0   0   0   0 |     ACC   1   1   1   1   1   1 |     AAC   1   1   1   1   1   1 |     AGC   0   0   0   0   0   0
    ATA   1   2   2   2   2   2 |     ACA   2   0   0   0   0   0 | Lys AAA   2   3   3   3   3   3 | Arg AGA   1   1   1   1   1   1
Met ATG   0   0   0   0   0   0 |     ACG   0   0   0   0   0   0 |     AAG   1   1   1   1   1   1 |     AGG   0   0   0   0   0   0
--------------------------------------------------------------------------------------------------------------------------------------
Val GTT   0   0   0   0   0   0 | Ala GCT   1   1   1   1   1   1 | Asp GAT   3   3   3   3   3   3 | Gly GGT   0   0   0   0   0   0
    GTC   0   0   0   0   0   0 |     GCC   0   0   0   0   0   0 |     GAC   0   0   0   0   1   0 |     GGC   0   0   0   0   0   0
    GTA   0   0   0   0   0   0 |     GCA   0   0   0   0   0   0 | Glu GAA   5   4   4   4   3   4 |     GGA   0   0   0   0   0   0
    GTG   0   0   0   0   0   0 |     GCG   0   0   0   0   0   0 |     GAG   2   3   3   3   3   3 |     GGG   0   0   0   0   0   0
--------------------------------------------------------------------------------------------------------------------------------------

--------------------------------------------------------------------------------------------------------------------------------------
Phe TTT   0   0   0   0   0   0 | Ser TCT   1   1   1   1   1   1 | Tyr TAT   0   0   1   1   1   1 | Cys TGT   0   0   0   0   0   0
    TTC   0   0   0   0   0   0 |     TCC   0   0   0   0   0   0 |     TAC   1   1   0   0   0   0 |     TGC   0   0   0   0   0   0
Leu TTA   0   0   0   0   0   0 |     TCA   1   0   0   0   0   0 | *** TAA   0   0   0   0   0   0 | *** TGA   0   0   0   0   0   0
    TTG   0   0   0   0   0   0 |     TCG   0   1   1   1   1   1 |     TAG   0   0   0   0   0   0 | Trp TGG   2   2   2   2   2   2
--------------------------------------------------------------------------------------------------------------------------------------
Leu CTT   0   0   0   0   0   0 | Pro CCT   0   0   0   0   0   0 | His CAT   0   0   0   0   0   0 | Arg CGT   0   0   0   0   0   0
    CTC   0   0   0   0   0   0 |     CCC   0   0   0   0   0   0 |     CAC   0   0   0   0   0   0 |     CGC   0   0   0   0   0   0
    CTA   0   0   0   0   0   0 |     CCA   0   0   0   0   0   0 | Gln CAA   2   2   2   2   2   2 |     CGA   0   0   0   0   0   0
    CTG   0   0   0   0   0   0 |     CCG   0   0   0   0   0   0 |     CAG   2   2   1   1   1   1 |     CGG   0   0   0   0   0   0
--------------------------------------------------------------------------------------------------------------------------------------
Ile ATT   1   1   1   1   1   1 | Thr ACT   0   0   0   0   0   0 | Asn AAT   0   0   0   0   0   0 | Ser AGT   0   0   0   0   0   0
    ATC   0   0   0   0   0   0 |     ACC   1   1   1   1   1   1 |     AAC   1   1   1   1   1   1 |     AGC   0   0   0   0   0   0
    ATA   2   2   1   2   2   1 |     ACA   0   0   1   0   0   2 | Lys AAA   3   3   3   3   3   2 | Arg AGA   1   1   1   1   1   1
Met ATG   0   0   0   0   0   0 |     ACG   0   0   0   0   0   0 |     AAG   1   1   1   1   1   1 |     AGG   0   0   0   0   0   0
--------------------------------------------------------------------------------------------------------------------------------------
Val GTT   0   0   0   0   0   0 | Ala GCT   1   1   1   1   1   1 | Asp GAT   3   2   3   3   3   3 | Gly GGT   0   0   0   0   0   0
    GTC   0   0   0   0   0   0 |     GCC   0   0   0   0   0   0 |     GAC   0   0   0   0   0   0 |     GGC   0   0   0   0   0   0
    GTA   0   0   0   0   0   0 |     GCA   0   0   0   0   0   0 | Glu GAA   4   5   5   4   4   4 |     GGA   0   0   0   0   0   0
    GTG   0   0   0   0   0   0 |     GCG   0   0   0   0   0   0 |     GAG   2   2   2   3   3   3 |     GGG   0   0   0   0   0   0
--------------------------------------------------------------------------------------------------------------------------------------

--------------------------------------------------------------------------------------------------------------------------------------
Phe TTT   0   0   0   0   0   0 | Ser TCT   1   1   1   1   1   1 | Tyr TAT   1   1   1   1   1   1 | Cys TGT   0   0   0   0   0   0
    TTC   0   0   0   0   0   0 |     TCC   0   0   0   0   0   0 |     TAC   0   0   0   0   0   0 |     TGC   0   0   0   0   0   0
Leu TTA   0   0   0   0   0   0 |     TCA   0   1   0   0   0   0 | *** TAA   0   0   0   0   0   0 | *** TGA   0   0   0   0   0   0
    TTG   0   0   0   0   0   0 |     TCG   1   0   1   1   1   1 |     TAG   0   0   0   0   0   0 | Trp TGG   2   2   2   2   2   2
--------------------------------------------------------------------------------------------------------------------------------------
Leu CTT   0   0   0   0   0   0 | Pro CCT   0   0   0   0   0   0 | His CAT   0   0   0   0   0   0 | Arg CGT   0   0   0   0   0   0
    CTC   0   0   0   0   0   0 |     CCC   0   0   0   0   0   0 |     CAC   0   0   0   0   0   0 |     CGC   0   0   0   0   0   0
    CTA   0   0   0   0   0   0 |     CCA   0   0   0   0   0   0 | Gln CAA   2   2   2   2   1   2 |     CGA   0   0   0   0   0   0
    CTG   0   0   0   0   0   0 |     CCG   0   0   0   0   0   0 |     CAG   2   2   1   1   2   1 |     CGG   0   0   0   0   0   0
--------------------------------------------------------------------------------------------------------------------------------------
Ile ATT   1   1   1   1   1   1 | Thr ACT   0   0   0   0   0   0 | Asn AAT   0   0   0   0   0   0 | Ser AGT   0   0   0   0   0   0
    ATC   0   0   0   0   0   0 |     ACC   1   1   1   1   1   1 |     AAC   1   1   1   1   1   1 |     AGC   0   0   0   0   0   0
    ATA   1   2   1   2   2   2 |     ACA   0   0   2   0   0   0 | Lys AAA   3   3   2   2   3   3 | Arg AGA   1   1   1   1   1   1
Met ATG   0   0   0   0   0   0 |     ACG   0   0   0   0   0   0 |     AAG   1   1   1   2   1   1 |     AGG   0   0   0   0   0   0
--------------------------------------------------------------------------------------------------------------------------------------
Val GTT   0   0   0   0   0   0 | Ala GCT   0   0   1   1   1   1 | Asp GAT   3   3   3   3   3   3 | Gly GGT   0   0   0   0   0   0
    GTC   0   0   0   0   0   0 |     GCC   1   1   0   0   0   0 |     GAC   0   0   0   0   0   0 |     GGC   0   0   0   0   0   0
    GTA   1   0   0   0   0   0 |     GCA   0   0   0   0   0   0 | Glu GAA   4   4   5   4   4   4 |     GGA   0   0   0   0   0   0
    GTG   0   0   0   0   0   0 |     GCG   0   0   0   0   0   0 |     GAG   2   2   2   3   3   3 |     GGG   0   0   0   0   0   0
--------------------------------------------------------------------------------------------------------------------------------------

--------------------------------------------------------------------------------------------------------------------------------------
Phe TTT   0   0   0   0   0   0 | Ser TCT   1   1   1   1   1   1 | Tyr TAT   1   1   1   1   1   1 | Cys TGT   0   0   0   0   0   0
    TTC   0   0   0   0   0   0 |     TCC   0   0   0   0   0   0 |     TAC   0   0   0   0   0   0 |     TGC   0   0   0   0   0   0
Leu TTA   0   0   0   0   0   0 |     TCA   0   0   0   0   0   0 | *** TAA   0   0   0   0   0   0 | *** TGA   0   0   0   0   0   0
    TTG   0   0   0   0   0   0 |     TCG   1   1   1   1   1   1 |     TAG   0   0   0   0   0   0 | Trp TGG   2   2   2   2   2   2
--------------------------------------------------------------------------------------------------------------------------------------
Leu CTT   0   0   0   0   0   0 | Pro CCT   0   0   0   0   0   0 | His CAT   0   0   0   0   0   0 | Arg CGT   0   0   0   0   0   0
    CTC   0   0   0   0   0   0 |     CCC   0   0   0   0   0   0 |     CAC   0   0   0   0   0   0 |     CGC   0   0   0   0   0   0
    CTA   0   0   0   0   0   0 |     CCA   0   0   0   0   0   0 | Gln CAA   2   2   2   2   2   1 |     CGA   0   0   0   0   0   0
    CTG   0   0   0   0   0   0 |     CCG   0   0   0   0   0   0 |     CAG   1   1   2   1   2   2 |     CGG   0   0   0   0   0   0
--------------------------------------------------------------------------------------------------------------------------------------
Ile ATT   1   1   1   1   1   1 | Thr ACT   0   0   0   0   0   0 | Asn AAT   0   0   0   0   0   0 | Ser AGT   0   0   0   0   0   0
    ATC   0   0   0   0   0   0 |     ACC   1   1   1   0   1   1 |     AAC   1   1   1   1   1   1 |     AGC   0   0   0   0   0   0
    ATA   2   2   2   2   2   2 |     ACA   0   0   0   0   0   0 | Lys AAA   3   3   3   2   3   3 | Arg AGA   1   1   1   1   1   1
Met ATG   0   0   0   0   0   0 |     ACG   0   0   0   1   0   0 |     AAG   1   1   1   2   1   1 |     AGG   0   0   0   0   0   0
--------------------------------------------------------------------------------------------------------------------------------------
Val GTT   0   0   0   0   0   0 | Ala GCT   1   1   0   1   1   1 | Asp GAT   3   3   3   3   3   3 | Gly GGT   0   0   0   0   0   0
    GTC   0   0   0   0   0   0 |     GCC   0   0   1   0   0   0 |     GAC   0   0   0   0   0   0 |     GGC   0   0   0   0   0   0
    GTA   0   0   0   0   0   0 |     GCA   0   0   0   0   0   0 | Glu GAA   4   4   4   4   4   4 |     GGA   0   0   0   0   0   0
    GTG   0   0   0   0   0   0 |     GCG   0   0   0   0   0   0 |     GAG   3   3   2   3   2   3 |     GGG   0   0   0   0   0   0
--------------------------------------------------------------------------------------------------------------------------------------

--------------------------------------------------------------------------------------------------------------------------------------
Phe TTT   0   0   0   0   0   0 | Ser TCT   1   1   1   1   1   1 | Tyr TAT   1   1   1   1   1   1 | Cys TGT   0   0   0   0   0   0
    TTC   0   0   0   0   0   0 |     TCC   0   0   0   0   0   0 |     TAC   0   0   0   0   0   0 |     TGC   0   0   0   0   0   0
Leu TTA   0   0   0   0   0   0 |     TCA   0   0   0   1   0   0 | *** TAA   0   0   0   0   0   0 | *** TGA   0   0   0   0   0   0
    TTG   0   0   0   0   0   0 |     TCG   1   1   1   0   1   1 |     TAG   0   0   0   0   0   0 | Trp TGG   2   2   2   2   2   2
--------------------------------------------------------------------------------------------------------------------------------------
Leu CTT   0   0   0   0   0   0 | Pro CCT   0   0   0   0   0   0 | His CAT   0   0   0   0   0   0 | Arg CGT   0   0   0   0   0   0
    CTC   0   0   0   0   0   0 |     CCC   0   0   0   0   0   0 |     CAC   0   0   0   0   0   0 |     CGC   0   0   0   0   0   0
    CTA   0   0   0   0   0   0 |     CCA   0   0   0   0   0   0 | Gln CAA   1   2   2   2   1   2 |     CGA   0   0   0   0   0   0
    CTG   0   0   0   0   0   0 |     CCG   0   0   0   0   0   0 |     CAG   2   1   1   1   2   2 |     CGG   0   0   0   0   0   0
--------------------------------------------------------------------------------------------------------------------------------------
Ile ATT   1   1   1   1   1   1 | Thr ACT   0   0   0   0   0   0 | Asn AAT   0   0   0   0   0   0 | Ser AGT   0   0   0   0   0   0
    ATC   0   0   0   0   0   0 |     ACC   1   1   1   1   1   1 |     AAC   1   1   1   1   1   1 |     AGC   0   0   0   0   0   0
    ATA   2   2   1   2   2   2 |     ACA   0   0   2   0   0   0 | Lys AAA   3   3   2   3   3   3 | Arg AGA   1   1   1   1   1   1
Met ATG   0   0   0   0   0   0 |     ACG   0   0   0   0   0   0 |     AAG   1   1   1   1   1   1 |     AGG   0   0   0   0   0   0
--------------------------------------------------------------------------------------------------------------------------------------
Val GTT   0   0   0   0   0   0 | Ala GCT   1   1   1   1   1   0 | Asp GAT   3   3   3   3   3   3 | Gly GGT   0   0   0   0   0   0
    GTC   0   0   0   0   0   0 |     GCC   0   0   0   0   0   1 |     GAC   0   0   0   0   0   0 |     GGC   0   0   0   0   0   0
    GTA   0   0   0   0   0   0 |     GCA   0   0   0   0   0   0 | Glu GAA   4   4   4   4   4   4 |     GGA   0   0   0   0   0   0
    GTG   0   0   0   0   0   0 |     GCG   0   0   0   0   0   0 |     GAG   3   3   3   3   3   2 |     GGG   0   0   0   0   0   0
--------------------------------------------------------------------------------------------------------------------------------------

--------------------------------------------------------------------------------------------------------------------------------------
Phe TTT   0   0   0   0   0   0 | Ser TCT   1   1   1   1   1   1 | Tyr TAT   1   1   1   1   1   1 | Cys TGT   0   0   0   0   0   0
    TTC   0   0   0   0   0   0 |     TCC   0   0   0   0   0   0 |     TAC   0   0   0   0   0   0 |     TGC   0   0   0   0   0   0
Leu TTA   0   0   0   0   0   0 |     TCA   0   0   0   1   0   0 | *** TAA   0   0   0   0   0   0 | *** TGA   0   0   0   0   0   0
    TTG   0   0   0   0   0   0 |     TCG   1   1   1   0   1   1 |     TAG   0   0   0   0   0   0 | Trp TGG   2   2   2   2   2   2
--------------------------------------------------------------------------------------------------------------------------------------
Leu CTT   0   0   0   0   0   0 | Pro CCT   0   0   0   0   0   0 | His CAT   0   0   0   0   0   0 | Arg CGT   0   0   0   0   0   0
    CTC   0   0   0   0   0   0 |     CCC   0   0   0   0   0   0 |     CAC   0   0   0   0   0   0 |     CGC   0   0   0   0   0   0
    CTA   0   0   0   0   0   0 |     CCA   0   0   0   0   0   0 | Gln CAA   2   2   2   2   2   2 |     CGA   0   0   0   0   0   0
    CTG   0   0   0   0   0   0 |     CCG   0   0   0   0   0   0 |     CAG   2   1   2   2   1   1 |     CGG   0   0   0   0   0   0
--------------------------------------------------------------------------------------------------------------------------------------
Ile ATT   1   1   1   1   1   1 | Thr ACT   0   0   0   0   0   0 | Asn AAT   0   0   0   0   0   0 | Ser AGT   0   0   0   0   0   0
    ATC   0   0   0   0   0   0 |     ACC   1   1   1   1   1   1 |     AAC   1   1   1   1   1   1 |     AGC   0   0   0   0   0   0
    ATA   2   2   2   2   2   2 |     ACA   0   0   0   0   0   0 | Lys AAA   3   2   3   3   3   3 | Arg AGA   1   1   1   1   1   1
Met ATG   0   0   0   0   0   0 |     ACG   0   0   0   0   0   0 |     AAG   1   2   1   1   1   1 |     AGG   0   0   0   0   0   0
--------------------------------------------------------------------------------------------------------------------------------------
Val GTT   0   0   0   0   0   0 | Ala GCT   0   1   0   0   1   1 | Asp GAT   3   3   3   3   3   3 | Gly GGT   0   0   0   0   0   0
    GTC   0   0   0   0   0   0 |     GCC   1   0   1   1   0   0 |     GAC   0   0   0   0   0   0 |     GGC   0   0   0   0   0   0
    GTA   0   0   0   0   0   0 |     GCA   0   0   0   0   0   0 | Glu GAA   4   4   4   4   4   4 |     GGA   0   0   0   0   0   0
    GTG   0   0   0   0   0   0 |     GCG   0   0   0   0   0   0 |     GAG   2   3   2   2   3   3 |     GGG   0   0   0   0   0   0
--------------------------------------------------------------------------------------------------------------------------------------

--------------------------------------------------------------------------------------------------------------------------------------
Phe TTT   0   0   0   0   0   0 | Ser TCT   1   1   1   1   1   1 | Tyr TAT   1   1   1   1   1   1 | Cys TGT   0   0   0   0   0   0
    TTC   0   0   0   0   0   0 |     TCC   0   0   0   0   0   0 |     TAC   0   0   0   0   0   0 |     TGC   0   0   0   0   0   0
Leu TTA   0   0   0   0   0   0 |     TCA   0   0   0   1   0   0 | *** TAA   0   0   0   0   0   0 | *** TGA   0   0   0   0   0   0
    TTG   0   0   0   0   0   0 |     TCG   1   1   1   0   1   1 |     TAG   0   0   0   0   0   0 | Trp TGG   2   2   2   2   2   2
--------------------------------------------------------------------------------------------------------------------------------------
Leu CTT   0   0   0   0   0   0 | Pro CCT   0   0   0   0   0   0 | His CAT   0   0   0   0   0   0 | Arg CGT   0   0   0   0   0   0
    CTC   0   0   0   0   0   0 |     CCC   0   0   0   0   0   0 |     CAC   0   0   0   0   0   0 |     CGC   0   0   0   0   0   0
    CTA   0   0   0   0   0   0 |     CCA   0   0   0   0   0   0 | Gln CAA   2   2   2   1   2   2 |     CGA   0   0   0   0   0   0
    CTG   0   0   0   0   0   0 |     CCG   0   0   0   0   0   0 |     CAG   1   1   1   2   1   1 |     CGG   0   0   0   0   0   0
--------------------------------------------------------------------------------------------------------------------------------------
Ile ATT   1   1   1   1   1   1 | Thr ACT   0   0   0   0   0   0 | Asn AAT   0   0   0   0   0   0 | Ser AGT   0   0   0   0   0   0
    ATC   0   0   0   0   0   0 |     ACC   1   1   1   1   1   1 |     AAC   1   1   1   1   1   1 |     AGC   0   0   0   0   0   0
    ATA   2   2   2   2   2   2 |     ACA   0   0   0   0   0   0 | Lys AAA   2   3   3   4   3   2 | Arg AGA   1   1   0   1   1   2
Met ATG   0   0   0   0   0   0 |     ACG   0   0   0   0   0   0 |     AAG   2   1   1   0   1   1 |     AGG   0   0   1   1   0   0
--------------------------------------------------------------------------------------------------------------------------------------
Val GTT   0   0   0   0   0   0 | Ala GCT   1   1   1   1   1   1 | Asp GAT   3   3   3   3   3   3 | Gly GGT   0   0   0   0   0   0
    GTC   0   0   0   0   0   0 |     GCC   0   0   0   0   0   0 |     GAC   0   0   0   0   0   0 |     GGC   0   0   0   0   0   0
    GTA   0   0   0   0   0   0 |     GCA   0   0   0   0   0   0 | Glu GAA   4   4   4   4   4   4 |     GGA   0   0   0   0   0   0
    GTG   0   0   0   0   0   0 |     GCG   0   0   0   0   0   0 |     GAG   3   3   3   2   3   3 |     GGG   0   0   0   0   0   0
--------------------------------------------------------------------------------------------------------------------------------------

Codon position x base (3x4) table for each sequence.

#1: Argali         
position  1:    T:0.17241    C:0.10345    A:0.34483    G:0.37931
position  2:    T:0.06897    C:0.20690    A:0.62069    G:0.10345
position  3:    T:0.24138    C:0.06897    A:0.37931    G:0.31034
Average         T:0.16092    C:0.12644    A:0.44828    G:0.26437

#2: LesserMouseDeer
position  1:    T:0.17241    C:0.13793    A:0.34483    G:0.34483
position  2:    T:0.10345    C:0.13793    A:0.68966    G:0.06897
position  3:    T:0.17241    C:0.13793    A:0.41379    G:0.27586
Average         T:0.14943    C:0.13793    A:0.48276    G:0.22989

#3: LesserKudu     
position  1:    T:0.17241    C:0.10345    A:0.34483    G:0.37931
position  2:    T:0.10345    C:0.13793    A:0.65517    G:0.10345
position  3:    T:0.24138    C:0.06897    A:0.41379    G:0.27586
Average         T:0.17241    C:0.10345    A:0.47126    G:0.25287

#4: ForestMuskDeer2
position  1:    T:0.17241    C:0.10345    A:0.37931    G:0.34483
position  2:    T:0.10345    C:0.13793    A:0.62069    G:0.13793
position  3:    T:0.24138    C:0.06897    A:0.44828    G:0.24138
Average         T:0.17241    C:0.10345    A:0.48276    G:0.24138

#5: Camel          
position  1:    T:0.17241    C:0.13793    A:0.34483    G:0.34483
position  2:    T:0.10345    C:0.13793    A:0.65517    G:0.10345
position  3:    T:0.20690    C:0.10345    A:0.44828    G:0.24138
Average         T:0.16092    C:0.12644    A:0.48276    G:0.22989

#6: KillerWhale    
position  1:    T:0.17241    C:0.13793    A:0.31034    G:0.37931
position  2:    T:0.10345    C:0.13793    A:0.62069    G:0.13793
position  3:    T:0.20690    C:0.10345    A:0.37931    G:0.31034
Average         T:0.16092    C:0.12644    A:0.43678    G:0.27586

#7: DefassaWaterbuck
position  1:    T:0.17241    C:0.10345    A:0.34483    G:0.37931
position  2:    T:0.10345    C:0.13793    A:0.65517    G:0.10345
position  3:    T:0.24138    C:0.06897    A:0.44828    G:0.24138
Average         T:0.17241    C:0.10345    A:0.48276    G:0.24138

#8: Sheep          
position  1:    T:0.17241    C:0.10345    A:0.34483    G:0.37931
position  2:    T:0.06897    C:0.20690    A:0.62069    G:0.10345
position  3:    T:0.24138    C:0.06897    A:0.37931    G:0.31034
Average         T:0.16092    C:0.12644    A:0.44828    G:0.26437

#9: MaxwellsDuiker 
position  1:    T:0.17241    C:0.10345    A:0.34483    G:0.37931
position  2:    T:0.10345    C:0.13793    A:0.65517    G:0.10345
position  3:    T:0.24138    C:0.03448    A:0.41379    G:0.31034
Average         T:0.17241    C:0.09195    A:0.47126    G:0.26437

#10: GazellaPrzewalskyi
position  1:    T:0.17241    C:0.10345    A:0.34483    G:0.37931
position  2:    T:0.10345    C:0.13793    A:0.65517    G:0.10345
position  3:    T:0.24138    C:0.06897    A:0.41379    G:0.27586
Average         T:0.17241    C:0.10345    A:0.47126    G:0.25287

#11: MountainNyala  
position  1:    T:0.17241    C:0.10345    A:0.34483    G:0.37931
position  2:    T:0.10345    C:0.13793    A:0.65517    G:0.10345
position  3:    T:0.24138    C:0.06897    A:0.41379    G:0.27586
Average         T:0.17241    C:0.10345    A:0.47126    G:0.25287

#12: MuntiacusMuntjak
position  1:    T:0.17241    C:0.13793    A:0.34483    G:0.34483
position  2:    T:0.10345    C:0.13793    A:0.65517    G:0.10345
position  3:    T:0.20690    C:0.10345    A:0.41379    G:0.27586
Average         T:0.16092    C:0.12644    A:0.47126    G:0.24138

#13: goat           
position  1:    T:0.17241    C:0.10345    A:0.34483    G:0.37931
position  2:    T:0.06897    C:0.20690    A:0.62069    G:0.10345
position  3:    T:0.24138    C:0.06897    A:0.44828    G:0.24138
Average         T:0.16092    C:0.12644    A:0.47126    G:0.24138

#14: AfricanBuffalo 
position  1:    T:0.17241    C:0.10345    A:0.34483    G:0.37931
position  2:    T:0.10345    C:0.13793    A:0.65517    G:0.10345
position  3:    T:0.24138    C:0.06897    A:0.41379    G:0.27586
Average         T:0.17241    C:0.10345    A:0.47126    G:0.25287

#15: Topi           
position  1:    T:0.17241    C:0.10345    A:0.34483    G:0.37931
position  2:    T:0.10345    C:0.13793    A:0.65517    G:0.10345
position  3:    T:0.24138    C:0.06897    A:0.37931    G:0.31034
Average         T:0.17241    C:0.10345    A:0.45977    G:0.26437

#16: CommonDuiker   
position  1:    T:0.17241    C:0.10345    A:0.34483    G:0.37931
position  2:    T:0.10345    C:0.13793    A:0.65517    G:0.10345
position  3:    T:0.24138    C:0.06897    A:0.41379    G:0.27586
Average         T:0.17241    C:0.10345    A:0.47126    G:0.25287

#17: Suni           
position  1:    T:0.17241    C:0.10345    A:0.34483    G:0.37931
position  2:    T:0.10345    C:0.13793    A:0.65517    G:0.10345
position  3:    T:0.24138    C:0.10345    A:0.37931    G:0.27586
Average         T:0.17241    C:0.11494    A:0.45977    G:0.25287

#18: Springbuck     
position  1:    T:0.17241    C:0.10345    A:0.34483    G:0.37931
position  2:    T:0.10345    C:0.13793    A:0.65517    G:0.10345
position  3:    T:0.27586    C:0.06897    A:0.41379    G:0.24138
Average         T:0.18391    C:0.10345    A:0.47126    G:0.24138

#19: Okapi          
position  1:    T:0.17241    C:0.13793    A:0.34483    G:0.34483
position  2:    T:0.10345    C:0.13793    A:0.65517    G:0.10345
position  3:    T:0.20690    C:0.10345    A:0.44828    G:0.24138
Average         T:0.16092    C:0.12644    A:0.48276    G:0.22989

#20: Giraffe        
position  1:    T:0.17241    C:0.13793    A:0.34483    G:0.34483
position  2:    T:0.10345    C:0.13793    A:0.65517    G:0.10345
position  3:    T:0.17241    C:0.10345    A:0.44828    G:0.27586
Average         T:0.14943    C:0.12644    A:0.48276    G:0.24138

#21: TibetanAntelope
position  1:    T:0.17241    C:0.10345    A:0.34483    G:0.37931
position  2:    T:0.06897    C:0.17241    A:0.65517    G:0.10345
position  3:    T:0.24138    C:0.06897    A:0.44828    G:0.24138
Average         T:0.16092    C:0.11494    A:0.48276    G:0.24138

#22: Sitatunga      
position  1:    T:0.17241    C:0.10345    A:0.34483    G:0.37931
position  2:    T:0.10345    C:0.13793    A:0.65517    G:0.10345
position  3:    T:0.24138    C:0.06897    A:0.41379    G:0.27586
Average         T:0.17241    C:0.10345    A:0.47126    G:0.25287

#23: Oribi          
position  1:    T:0.17241    C:0.10345    A:0.34483    G:0.37931
position  2:    T:0.10345    C:0.13793    A:0.65517    G:0.10345
position  3:    T:0.24138    C:0.06897    A:0.41379    G:0.27586
Average         T:0.17241    C:0.10345    A:0.47126    G:0.25287

#24: BarbarySheep   
position  1:    T:0.17241    C:0.10345    A:0.34483    G:0.37931
position  2:    T:0.06897    C:0.20690    A:0.62069    G:0.10345
position  3:    T:0.24138    C:0.06897    A:0.41379    G:0.27586
Average         T:0.16092    C:0.12644    A:0.45977    G:0.25287

#25: Daviddeer      
position  1:    T:0.17241    C:0.13793    A:0.31034    G:0.37931
position  2:    T:0.10345    C:0.13793    A:0.65517    G:0.10345
position  3:    T:0.20690    C:0.10345    A:0.41379    G:0.27586
Average         T:0.16092    C:0.12644    A:0.45977    G:0.25287

#26: Reindeer       
position  1:    T:0.17241    C:0.13793    A:0.34483    G:0.34483
position  2:    T:0.10345    C:0.13793    A:0.65517    G:0.10345
position  3:    T:0.20690    C:0.10345    A:0.44828    G:0.24138
Average         T:0.16092    C:0.12644    A:0.48276    G:0.22989

#27: Ibex           
position  1:    T:0.17241    C:0.10345    A:0.34483    G:0.37931
position  2:    T:0.06897    C:0.20690    A:0.62069    G:0.10345
position  3:    T:0.24138    C:0.06897    A:0.44828    G:0.24138
Average         T:0.16092    C:0.12644    A:0.47126    G:0.24138

#28: GyrantGazelle  
position  1:    T:0.17241    C:0.10345    A:0.34483    G:0.37931
position  2:    T:0.10345    C:0.13793    A:0.65517    G:0.10345
position  3:    T:0.24138    C:0.06897    A:0.37931    G:0.31034
Average         T:0.17241    C:0.10345    A:0.45977    G:0.26437

#29: Hartebeest     
position  1:    T:0.17241    C:0.10345    A:0.34483    G:0.37931
position  2:    T:0.10345    C:0.13793    A:0.65517    G:0.10345
position  3:    T:0.24138    C:0.06897    A:0.37931    G:0.31034
Average         T:0.17241    C:0.10345    A:0.45977    G:0.26437

#30: Bongo          
position  1:    T:0.17241    C:0.10345    A:0.34483    G:0.37931
position  2:    T:0.10345    C:0.13793    A:0.65517    G:0.10345
position  3:    T:0.24138    C:0.06897    A:0.41379    G:0.27586
Average         T:0.17241    C:0.10345    A:0.47126    G:0.25287

#31: Gerenuk        
position  1:    T:0.17241    C:0.10345    A:0.34483    G:0.37931
position  2:    T:0.10345    C:0.13793    A:0.65517    G:0.10345
position  3:    T:0.24138    C:0.06897    A:0.41379    G:0.27586
Average         T:0.17241    C:0.10345    A:0.47126    G:0.25287

#32: CommonEland    
position  1:    T:0.17241    C:0.10345    A:0.34483    G:0.37931
position  2:    T:0.10345    C:0.13793    A:0.65517    G:0.10345
position  3:    T:0.24138    C:0.06897    A:0.41379    G:0.27586
Average         T:0.17241    C:0.10345    A:0.47126    G:0.25287

#33: MuntiacusReevesi
position  1:    T:0.17241    C:0.13793    A:0.34483    G:0.34483
position  2:    T:0.10345    C:0.13793    A:0.65517    G:0.10345
position  3:    T:0.20690    C:0.10345    A:0.41379    G:0.27586
Average         T:0.16092    C:0.12644    A:0.47126    G:0.24138

#34: HarveysDuiker  
position  1:    T:0.17241    C:0.10345    A:0.34483    G:0.37931
position  2:    T:0.10345    C:0.13793    A:0.65517    G:0.10345
position  3:    T:0.24138    C:0.03448    A:0.37931    G:0.34483
Average         T:0.17241    C:0.09195    A:0.45977    G:0.27586

#35: Pronghorn      
position  1:    T:0.17241    C:0.13793    A:0.34483    G:0.34483
position  2:    T:0.10345    C:0.13793    A:0.65517    G:0.10345
position  3:    T:0.24138    C:0.06897    A:0.41379    G:0.27586
Average         T:0.17241    C:0.11494    A:0.47126    G:0.24138

#36: BlueWildebeest 
position  1:    T:0.17241    C:0.10345    A:0.34483    G:0.37931
position  2:    T:0.10345    C:0.13793    A:0.65517    G:0.10345
position  3:    T:0.24138    C:0.06897    A:0.37931    G:0.31034
Average         T:0.17241    C:0.10345    A:0.45977    G:0.26437

#37: Gemsbok        
position  1:    T:0.17241    C:0.10345    A:0.34483    G:0.37931
position  2:    T:0.10345    C:0.13793    A:0.65517    G:0.10345
position  3:    T:0.24138    C:0.06897    A:0.37931    G:0.31034
Average         T:0.17241    C:0.10345    A:0.45977    G:0.26437

#38: Yak            
position  1:    T:0.17241    C:0.10345    A:0.34483    G:0.37931
position  2:    T:0.10345    C:0.13793    A:0.65517    G:0.10345
position  3:    T:0.24138    C:0.06897    A:0.41379    G:0.27586
Average         T:0.17241    C:0.10345    A:0.47126    G:0.25287

#39: BlueSheep      
position  1:    T:0.17241    C:0.10345    A:0.34483    G:0.37931
position  2:    T:0.06897    C:0.20690    A:0.62069    G:0.10345
position  3:    T:0.24138    C:0.06897    A:0.41379    G:0.27586
Average         T:0.16092    C:0.12644    A:0.45977    G:0.25287

#40: BohorReedbuck  
position  1:    T:0.17241    C:0.10345    A:0.34483    G:0.37931
position  2:    T:0.10345    C:0.13793    A:0.65517    G:0.10345
position  3:    T:0.24138    C:0.06897    A:0.44828    G:0.24138
Average         T:0.17241    C:0.10345    A:0.48276    G:0.24138

#41: KirksDik       
position  1:    T:0.17241    C:0.10345    A:0.34483    G:0.37931
position  2:    T:0.10345    C:0.13793    A:0.65517    G:0.10345
position  3:    T:0.24138    C:0.06897    A:0.37931    G:0.31034
Average         T:0.17241    C:0.10345    A:0.45977    G:0.26437

#42: RoeDeer        
position  1:    T:0.17241    C:0.13793    A:0.34483    G:0.34483
position  2:    T:0.10345    C:0.13793    A:0.65517    G:0.10345
position  3:    T:0.20690    C:0.10345    A:0.41379    G:0.27586
Average         T:0.16092    C:0.12644    A:0.47126    G:0.24138

#43: WhiteLippedDeer
position  1:    T:0.17241    C:0.13793    A:0.34483    G:0.34483
position  2:    T:0.10345    C:0.13793    A:0.65517    G:0.10345
position  3:    T:0.20690    C:0.10345    A:0.41379    G:0.27586
Average         T:0.16092    C:0.12644    A:0.47126    G:0.24138

#44: ThomsonGazelle 
position  1:    T:0.17241    C:0.10345    A:0.34483    G:0.37931
position  2:    T:0.10345    C:0.13793    A:0.65517    G:0.10345
position  3:    T:0.24138    C:0.06897    A:0.37931    G:0.31034
Average         T:0.17241    C:0.10345    A:0.45977    G:0.26437

#45: MuntiacusCrinifrons
position  1:    T:0.17241    C:0.13793    A:0.34483    G:0.34483
position  2:    T:0.10345    C:0.13793    A:0.65517    G:0.10345
position  3:    T:0.20690    C:0.10345    A:0.41379    G:0.27586
Average         T:0.16092    C:0.12644    A:0.47126    G:0.24138

#46: WhiteTailedDeer
position  1:    T:0.17241    C:0.13793    A:0.34483    G:0.34483
position  2:    T:0.10345    C:0.13793    A:0.65517    G:0.10345
position  3:    T:0.20690    C:0.10345    A:0.44828    G:0.24138
Average         T:0.16092    C:0.12644    A:0.48276    G:0.22989

#47: Cattle         
position  1:    T:0.17241    C:0.10345    A:0.34483    G:0.37931
position  2:    T:0.10345    C:0.13793    A:0.65517    G:0.10345
position  3:    T:0.24138    C:0.06897    A:0.41379    G:0.27586
Average         T:0.17241    C:0.10345    A:0.47126    G:0.25287

#48: RoyalAntelope  
position  1:    T:0.17241    C:0.10345    A:0.34483    G:0.37931
position  2:    T:0.10345    C:0.13793    A:0.65517    G:0.10345
position  3:    T:0.24138    C:0.06897    A:0.41379    G:0.27586
Average         T:0.17241    C:0.10345    A:0.47126    G:0.25287

#49: Steenbok       
position  1:    T:0.17241    C:0.10345    A:0.34483    G:0.37931
position  2:    T:0.10345    C:0.13793    A:0.65517    G:0.10345
position  3:    T:0.24138    C:0.06897    A:0.37931    G:0.31034
Average         T:0.17241    C:0.10345    A:0.45977    G:0.26437

#50: Impala         
position  1:    T:0.17241    C:0.10345    A:0.34483    G:0.37931
position  2:    T:0.10345    C:0.13793    A:0.65517    G:0.10345
position  3:    T:0.24138    C:0.06897    A:0.41379    G:0.27586
Average         T:0.17241    C:0.10345    A:0.47126    G:0.25287

#51: Klipspringer   
position  1:    T:0.17241    C:0.10345    A:0.34483    G:0.37931
position  2:    T:0.10345    C:0.13793    A:0.65517    G:0.10345
