1
52 1
Argali 0.000000 0.280400 0.074700 0.224800 0.062600 0.005400 0.051100 0.033600 0.071700 0.077900 0.016700 0.065800 0.057100 0.054100 0.080200 0.039300 0.086700 0.105400 0.042500 0.065700 0.042300 0.016700 0.077800 0.083400 0.016400 0.068200 0.057000 0.071600 0.033600 0.080600 0.084100 0.054100 0.102400 0.048200 0.045500 0.069100 0.021700 0.051000 0.062500 0.086400 0.071700 0.056700 0.075000 0.083500 0.063100 0.068900 0.053800 0.066100 0.057200 0.080900 0.071600 0.065700
LesserMous 0.280400 0.000000 0.302700 0.310600 0.310000 0.288400 0.276400 0.286000 0.302300 0.323900 0.296500 0.284100 0.313000 0.296200 0.326700 0.302400 0.274500 0.315800 0.300900 0.302400 0.291000 0.296400 0.323400 0.305300 0.296000 0.307600 0.304800 0.310000 0.290000 0.306200 0.332800 0.296500 0.309600 0.300600 0.297800 0.293300 0.292000 0.299100 0.290400 0.317500 0.314700 0.310300 0.320200 0.313900 0.300600 0.315600 0.298500 0.290200 0.301000 0.303900 0.302300 0.298800
LesserKudu 0.074700 0.302700 0.000000 0.250400 0.080400 0.080700 0.068700 0.062500 0.025100 0.083900 0.074800 0.054000 0.077800 0.071800 0.104700 0.068500 0.083600 0.108400 0.083900 0.019400 0.065600 0.074700 0.083800 0.086400 0.074700 0.095200 0.080800 0.025000 0.068500 0.033600 0.090100 0.077800 0.092900 0.071800 0.075000 0.057200 0.071600 0.074600 0.083300 0.089400 0.077600 0.080300 0.081000 0.080500 0.057000 0.077800 0.065500 0.078100 0.084100 0.074800 0.025000 0.019400
KillerWhal 0.224800 0.310600 0.250400 0.000000 0.256200 0.232000 0.239000 0.245000 0.246300 0.273300 0.246600 0.235700 0.254000 0.246600 0.256600 0.256300 0.248900 0.260700 0.265100 0.239000 0.245800 0.239200 0.269100 0.234800 0.246400 0.277900 0.253700 0.246100 0.245500 0.242900 0.281000 0.246600 0.264000 0.242700 0.243100 0.247500 0.235500 0.253000 0.252700 0.245400 0.257400 0.271100 0.269700 0.242300 0.254400 0.257400 0.263200 0.247800 0.266000 0.239600 0.239100 0.235600
DefassaWat 0.062600 0.310000 0.080400 0.256200 0.000000 0.068500 0.050900 0.056400 0.071300 0.086600 0.068500 0.065500 0.056800 0.053900 0.086100 0.056500 0.098400 0.104900 0.071600 0.065400 0.053700 0.056700 0.089400 0.095000 0.062500 0.079800 0.056800 0.071200 0.056500 0.074200 0.092800 0.059700 0.101900 0.048000 0.056900 0.068800 0.062500 0.022200 0.080000 0.092000 0.083300 0.074100 0.083600 0.095200 0.068700 0.068600 0.065400 0.071800 0.062900 0.086500 0.071300 0.065400
Sheep 0.005400 0.288400 0.080700 0.232000 0.068500 0.000000 0.056900 0.039300 0.077700 0.080900 0.022300 0.071800 0.057100 0.060000 0.086200 0.039300 0.092800 0.111600 0.048300 0.071700 0.048100 0.022400 0.080800 0.086400 0.022300 0.074200 0.063000 0.077600 0.033600 0.086700 0.087100 0.060000 0.102400 0.054100 0.045500 0.075100 0.028000 0.056900 0.068500 0.089500 0.074700 0.062600 0.078000 0.086500 0.069000 0.068900 0.059700 0.072100 0.057200 0.087000 0.077600 0.071700
MaxwellsDu 0.051100 0.276400 0.068700 0.239000 0.050900 0.056900 0.000000 0.039300 0.071600 0.083900 0.057000 0.054000 0.057000 0.025200 0.080500 0.039300 0.074600 0.099200 0.065900 0.065600 0.042300 0.056900 0.083800 0.083300 0.056900 0.068200 0.057000 0.071500 0.045100 0.080600 0.090100 0.030900 0.090100 0.048200 0.051300 0.057200 0.056800 0.045200 0.062400 0.086400 0.077600 0.056600 0.081000 0.083400 0.063100 0.062900 0.053800 0.054200 0.057200 0.074700 0.071500 0.065700
GazellaPrz 0.033600 0.286000 0.062500 0.245000 0.056400 0.039300 0.039300 0.000000 0.065400 0.071500 0.039300 0.059600 0.050900 0.042200 0.068200 0.027800 0.074200 0.098600 0.042300 0.059500 0.030700 0.039300 0.071400 0.077000 0.039300 0.050500 0.050900 0.065300 0.027800 0.074200 0.077600 0.042200 0.095700 0.042200 0.045200 0.062800 0.045000 0.045000 0.050600 0.080000 0.065400 0.033400 0.068600 0.071200 0.056900 0.056700 0.036300 0.054000 0.039500 0.080400 0.065300 0.059500
MountainNy 0.071700 0.302300 0.025100 0.246300 0.071300 0.077700 0.071600 0.065400 0.000000 0.074800 0.071700 0.051000 0.071700 0.068800 0.095400 0.071400 0.089500 0.108300 0.080800 0.005500 0.068500 0.065700 0.074600 0.080200 0.065700 0.098100 0.071700 0.010800 0.071400 0.024900 0.080900 0.074700 0.092800 0.062800 0.066000 0.054200 0.062700 0.065600 0.089200 0.080300 0.068600 0.083300 0.071800 0.074400 0.054100 0.074700 0.071400 0.069000 0.081000 0.071700 0.010800 0.010800
MuntiacusM 0.077900 0.323900 0.083900 0.273300 0.086600 0.080900 0.083900 0.071500 0.074800 0.000000 0.084000 0.069000 0.090100 0.075100 0.089600 0.071600 0.080700 0.089800 0.080800 0.068800 0.074700 0.077900 0.033700 0.039200 0.077900 0.101600 0.093200 0.068800 0.074600 0.077800 0.011100 0.081000 0.090200 0.084000 0.075000 0.072300 0.077800 0.077800 0.101700 0.039300 0.027900 0.095700 0.002700 0.033600 0.072100 0.084100 0.083700 0.075300 0.078300 0.083900 0.074700 0.068800
goat 0.016700 0.296500 0.074800 0.246600 0.068500 0.022300 0.057000 0.039300 0.071700 0.084000 0.000000 0.071800 0.063000 0.060100 0.086200 0.045200 0.092900 0.111700 0.048400 0.065700 0.048100 0.016800 0.083900 0.089500 0.016400 0.074200 0.063000 0.071600 0.039400 0.080600 0.090200 0.060000 0.108700 0.054100 0.051400 0.075200 0.021800 0.056900 0.068500 0.092600 0.077700 0.062600 0.081000 0.089600 0.069100 0.075000 0.059700 0.072200 0.063200 0.087000 0.071600 0.065800
AfricanBuf 0.065800 0.284100 0.054000 0.235700 0.065500 0.071800 0.054000 0.059600 0.051000 0.069000 0.071800 0.000000 0.071900 0.057100 0.077500 0.059700 0.071700 0.090100 0.081000 0.045200 0.056800 0.071800 0.068800 0.068500 0.071800 0.089200 0.071900 0.051000 0.065600 0.059800 0.069000 0.063000 0.081000 0.062900 0.060200 0.014000 0.071700 0.059800 0.077300 0.077400 0.062800 0.077400 0.066000 0.074500 0.019600 0.077900 0.071500 0.063200 0.078100 0.065900 0.051000 0.045300
Topi 0.057100 0.313000 0.077800 0.254000 0.056800 0.057100 0.057000 0.050900 0.071700 0.090100 0.063000 0.071900 0.000000 0.054200 0.092700 0.051000 0.086800 0.111800 0.066000 0.065800 0.059900 0.057100 0.093000 0.086400 0.057000 0.080200 0.010900 0.071700 0.056800 0.080700 0.096400 0.060100 0.102500 0.013600 0.039700 0.075200 0.057000 0.050900 0.068500 0.095600 0.086800 0.068600 0.087200 0.080500 0.075200 0.068900 0.059800 0.060300 0.057300 0.081000 0.071700 0.065800
CommonDuik 0.054100 0.296200 0.071800 0.246600 0.053900 0.060000 0.025200 0.042200 0.068800 0.075100 0.060100 0.057100 0.054200 0.000000 0.077600 0.042300 0.071800 0.096300 0.057200 0.062800 0.045300 0.054100 0.080900 0.080500 0.054100 0.065400 0.054200 0.062800 0.048100 0.071700 0.081200 0.022300 0.087300 0.045400 0.042600 0.060300 0.054000 0.036600 0.065500 0.077500 0.074800 0.059700 0.072100 0.074600 0.066200 0.060000 0.051000 0.045500 0.054200 0.071900 0.068700 0.062900
Suni 0.080200 0.326700 0.104700 0.256600 0.086100 0.086200 0.080500 0.068200 0.095400 0.089600 0.086200 0.077500 0.092700 0.077600 0.000000 0.074200 0.098500 0.111200 0.083700 0.089300 0.071300 0.071500 0.089400 0.086000 0.080100 0.098000 0.092600 0.095300 0.080200 0.092300 0.089700 0.077600 0.114300 0.083500 0.086800 0.086900 0.074100 0.074300 0.086100 0.101300 0.083300 0.086100 0.086600 0.098300 0.086700 0.098800 0.086200 0.083800 0.086900 0.098600 0.095300 0.089300
Springbuck 0.039300 0.302400 0.068500 0.256300 0.056500 0.039300 0.039300 0.027800 0.071400 0.071600 0.045200 0.059700 0.051000 0.042300 0.074200 0.000000 0.080000 0.098500 0.053800 0.065400 0.029500 0.045100 0.071500 0.077100 0.039400 0.044700 0.056800 0.071300 0.021900 0.080300 0.077700 0.042300 0.089700 0.048000 0.045300 0.062900 0.045100 0.045100 0.056300 0.080100 0.065500 0.039000 0.068700 0.077200 0.057000 0.051000 0.041900 0.060000 0.039500 0.086500 0.071300 0.065500
Okapi 0.086700 0.274500 0.083600 0.248900 0.098400 0.092800 0.074600 0.074200 0.089500 0.080700 0.092900 0.071700 0.086800 0.071800 0.098500 0.080000 0.000000 0.056600 0.090100 0.083500 0.077200 0.092800 0.086600 0.080100 0.092800 0.091800 0.092900 0.083500 0.080000 0.086500 0.086900 0.083700 0.080600 0.083800 0.081000 0.075000 0.092700 0.077600 0.091900 0.083200 0.080400 0.092000 0.077800 0.074200 0.081000 0.105100 0.080000 0.078100 0.093200 0.092700 0.089500 0.083500
Giraffe 0.105400 0.315800 0.108400 0.260700 0.104900 0.111600 0.099200 0.098600 0.108300 0.089800 0.111700 0.090100 0.111800 0.096300 0.111200 0.098500 0.056600 0.000000 0.108900 0.102100 0.095500 0.111600 0.095900 0.098400 0.111500 0.122800 0.118000 0.102000 0.104500 0.111400 0.096100 0.102400 0.093000 0.108600 0.102600 0.093500 0.111400 0.090000 0.116700 0.095600 0.089700 0.116900 0.086900 0.092600 0.093400 0.124300 0.098500 0.096700 0.112200 0.099100 0.108200 0.102100
TibetanAnt 0.042500 0.300900 0.083900 0.265100 0.071600 0.048300 0.065900 0.042300 0.080800 0.080800 0.048400 0.081000 0.066000 0.057200 0.083700 0.053800 0.090100 0.108900 0.000000 0.074800 0.057000 0.042500 0.086800 0.092400 0.042500 0.071400 0.066000 0.074800 0.048000 0.083900 0.087000 0.063100 0.108700 0.057100 0.054300 0.084400 0.048300 0.054100 0.077600 0.089500 0.080500 0.065700 0.077800 0.086500 0.078200 0.077900 0.062800 0.069300 0.066100 0.096300 0.080800 0.074800
Sitatunga 0.065700 0.302400 0.019400 0.239000 0.065400 0.071700 0.065600 0.059500 0.005500 0.068800 0.065700 0.045200 0.065800 0.062800 0.089300 0.065400 0.083500 0.102100 0.074800 0.000000 0.062600 0.059800 0.068700 0.074200 0.059800 0.092000 0.065800 0.005400 0.065500 0.019000 0.074800 0.068700 0.086700 0.056900 0.060000 0.048300 0.056800 0.059700 0.083200 0.074300 0.062700 0.077300 0.065900 0.068400 0.048200 0.068800 0.065500 0.063100 0.074900 0.065800 0.005400 0.005400
Oribi 0.042300 0.291000 0.065600 0.245800 0.053700 0.048100 0.042300 0.030700 0.068500 0.074700 0.048100 0.056800 0.059900 0.045300 0.071300 0.029500 0.077200 0.095500 0.057000 0.062600 0.000000 0.048100 0.074600 0.080100 0.048100 0.059100 0.059800 0.068400 0.036300 0.077400 0.080800 0.045200 0.089900 0.051000 0.054100 0.060000 0.048000 0.042300 0.047700 0.083200 0.068500 0.046400 0.071800 0.080300 0.054100 0.059900 0.039200 0.057100 0.048300 0.083600 0.068400 0.062600
BarbaryShe 0.016700 0.296400 0.074700 0.239200 0.056700 0.022400 0.056900 0.039300 0.065700 0.077900 0.016800 0.071800 0.057100 0.054100 0.071500 0.045100 0.092800 0.111600 0.042500 0.059800 0.048100 0.000000 0.077800 0.077300 0.011100 0.074200 0.057000 0.065600 0.039300 0.068600 0.084100 0.054100 0.102400 0.048200 0.045500 0.075100 0.016700 0.045200 0.068500 0.080400 0.071700 0.062600 0.075000 0.077500 0.069000 0.068900 0.059700 0.066100 0.057200 0.080900 0.065600 0.059800
Daviddeer 0.077800 0.323400 0.083800 0.269100 0.089400 0.080800 0.083800 0.071400 0.074600 0.033700 0.083900 0.068800 0.093000 0.080900 0.089400 0.071500 0.086600 0.095900 0.086800 0.068700 0.074600 0.077800 0.000000 0.037500 0.077700 0.107500 0.096000 0.074600 0.074500 0.083600 0.039400 0.080900 0.096100 0.086900 0.087100 0.072100 0.077700 0.083600 0.095400 0.050500 0.016600 0.095500 0.030800 0.044900 0.072000 0.084000 0.089500 0.081200 0.081200 0.086800 0.074600 0.068700
Reindeer 0.083400 0.305300 0.086400 0.234800 0.095000 0.086400 0.083300 0.077000 0.080200 0.039200 0.089500 0.068500 0.086400 0.080500 0.086000 0.077100 0.080100 0.098400 0.092400 0.074200 0.080100 0.077300 0.037500 0.000000 0.083300 0.113200 0.095500 0.080200 0.080100 0.089300 0.045000 0.080400 0.095600 0.080300 0.086600 0.077700 0.083300 0.083200 0.082900 0.032400 0.033400 0.101100 0.036400 0.022100 0.083700 0.089600 0.089000 0.086800 0.086800 0.086300 0.080200 0.074300
Ibex 0.016400 0.296000 0.074700 0.246400 0.062500 0.022300 0.056900 0.039300 0.065700 0.077900 0.016400 0.071800 0.057000 0.054100 0.080100 0.039400 0.092800 0.111500 0.042500 0.059800 0.048100 0.011100 0.077700 0.083300 0.000000 0.068300 0.057000 0.065600 0.039300 0.074600 0.084000 0.054000 0.108600 0.048200 0.045500 0.075100 0.016200 0.051000 0.068400 0.086400 0.071600 0.062500 0.074900 0.083500 0.069000 0.068900 0.059700 0.066100 0.057200 0.080800 0.065600 0.059800
GyrantGaze 0.068200 0.307600 0.095200 0.277900 0.079800 0.074200 0.068200 0.050500 0.098100 0.101600 0.074200 0.089200 0.080200 0.065400 0.098000 0.044700 0.091800 0.122800 0.071400 0.092000 0.059100 0.074200 0.107500 0.113200 0.068300 0.000000 0.074200 0.092000 0.044600 0.095100 0.107900 0.071300 0.120300 0.071200 0.074500 0.092600 0.074100 0.062300 0.082400 0.110200 0.101200 0.038500 0.098600 0.107200 0.086500 0.092300 0.062000 0.077500 0.074500 0.116800 0.098100 0.092100
Hartebeest 0.057000 0.304800 0.080800 0.253700 0.056800 0.063000 0.057000 0.050900 0.071700 0.093200 0.063000 0.071900 0.010900 0.054200 0.092600 0.056800 0.092900 0.118000 0.066000 0.065800 0.059800 0.057000 0.096000 0.095500 0.057000 0.074200 0.000000 0.071600 0.062600 0.080700 0.099400 0.060000 0.108700 0.013600 0.045500 0.075200 0.056900 0.050900 0.074500 0.098600 0.089800 0.062600 0.090200 0.089600 0.075100 0.074900 0.065700 0.060300 0.063200 0.080900 0.071700 0.065800
Bongo 0.071600 0.310000 0.025000 0.246100 0.071200 0.077600 0.071500 0.065300 0.010800 0.068800 0.071600 0.051000 0.071700 0.062800 0.095300 0.071300 0.083500 0.102000 0.074800 0.005400 0.068400 0.065600 0.074600 0.080200 0.065600 0.092000 0.071600 0.000000 0.071300 0.018800 0.074800 0.074600 0.086700 0.062700 0.060000 0.054200 0.062600 0.059700 0.089100 0.074300 0.068500 0.083200 0.065900 0.068400 0.054000 0.074700 0.065500 0.063000 0.080900 0.071700 0.010800 0.010800
Gerenuk 0.033600 0.290000 0.068500 0.245500 0.056500 0.033600 0.045100 0.027800 0.071400 0.074600 0.039400 0.065600 0.056800 0.048100 0.080200 0.021900 0.080000 0.104500 0.048000 0.065500 0.036300 0.039300 0.074500 0.080100 0.039300 0.044600 0.062600 0.071300 0.000000 0.068400 0.080700 0.048000 0.095800 0.053800 0.051100 0.068800 0.045100 0.045000 0.062000 0.083100 0.068400 0.044700 0.071700 0.080200 0.062800 0.056800 0.047700 0.059900 0.045300 0.086500 0.071300 0.065500
CommonElan 0.080600 0.306200 0.033600 0.242900 0.074200 0.086700 0.080600 0.074200 0.024900 0.077800 0.080600 0.059800 0.080700 0.071700 0.092300 0.080300 0.086500 0.111400 0.083900 0.019000 0.077400 0.068600 0.083600 0.089300 0.074600 0.095100 0.080700 0.018800 0.068400 0.000000 0.083900 0.083700 0.089800 0.071700 0.068900 0.063000 0.065600 0.062600 0.098300 0.083300 0.077500 0.092300 0.074900 0.077400 0.062900 0.083700 0.074400 0.066000 0.090100 0.080700 0.024400 0.019300
MuntiacusR 0.084100 0.332800 0.090100 0.281000 0.092800 0.087100 0.090100 0.077600 0.080900 0.011100 0.090200 0.069000 0.096400 0.081200 0.089700 0.077700 0.086900 0.096100 0.087000 0.074800 0.080800 0.084100 0.039400 0.045000 0.084000 0.107900 0.099400 0.074800 0.080700 0.083900 0.000000 0.087200 0.096400 0.090200 0.075200 0.072400 0.083900 0.083900 0.108000 0.045100 0.033700 0.101900 0.008300 0.039300 0.072200 0.090300 0.089800 0.081400 0.084500 0.084000 0.080800 0.074900
HarveysDui 0.054100 0.296500 0.077800 0.246600 0.059700 0.060000 0.030900 0.042200 0.074700 0.081000 0.060000 0.063000 0.060100 0.022300 0.077600 0.042300 0.083700 0.102400 0.063100 0.068700 0.045200 0.054100 0.080900 0.080400 0.054000 0.071300 0.060000 0.074600 0.048000 0.083700 0.087200 0.000000 0.099500 0.045400 0.054300 0.066300 0.054000 0.048200 0.065500 0.083500 0.074700 0.059700 0.078100 0.080600 0.066100 0.066000 0.056800 0.051300 0.054200 0.077900 0.074700 0.068800
Pronghorn 0.102400 0.309600 0.092900 0.264000 0.101900 0.102400 0.090100 0.095700 0.092800 0.090200 0.108700 0.081000 0.102500 0.087300 0.114300 0.089700 0.080600 0.093000 0.108700 0.086700 0.089900 0.102400 0.096100 0.095600 0.108600 0.120300 0.108700 0.086700 0.095800 0.089800 0.096400 0.099500 0.000000 0.099400 0.090500 0.084500 0.105400 0.080900 0.120400 0.089500 0.089900 0.114300 0.087200 0.089700 0.090300 0.102300 0.102000 0.093800 0.102800 0.099300 0.092800 0.083800
BlueWildeb 0.048200 0.300600 0.071800 0.242700 0.048000 0.054100 0.048200 0.042200 0.062800 0.084000 0.054100 0.062900 0.013600 0.045400 0.083500 0.048000 0.083800 0.108600 0.057100 0.056900 0.051000 0.048200 0.086900 0.080300 0.048200 0.071200 0.013600 0.062700 0.053800 0.071700 0.090200 0.045400 0.099400 0.000000 0.036800 0.066200 0.048200 0.042200 0.065600 0.083400 0.080700 0.059700 0.081100 0.074500 0.066100 0.065900 0.056800 0.051400 0.054300 0.071900 0.062800 0.056900
Gemsbok 0.045500 0.297800 0.075000 0.243100 0.056900 0.045500 0.051300 0.045200 0.066000 0.075000 0.051400 0.060200 0.039700 0.042600 0.086800 0.045300 0.081000 0.102600 0.054300 0.060000 0.054100 0.045500 0.087100 0.086600 0.045500 0.074500 0.045500 0.060000 0.051100 0.068900 0.075200 0.054300 0.090500 0.036800 0.000000 0.063400 0.045400 0.039600 0.068800 0.083700 0.080900 0.062800 0.072100 0.074800 0.063400 0.063100 0.054100 0.054500 0.057400 0.069200 0.065900 0.060100
Yak 0.069100 0.293300 0.057200 0.247500 0.068800 0.075100 0.057200 0.062800 0.054200 0.072300 0.075200 0.014000 0.075200 0.060300 0.086900 0.062900 0.075000 0.093500 0.084400 0.048300 0.060000 0.075100 0.072100 0.077700 0.075100 0.092600 0.075200 0.054200 0.068800 0.063000 0.072400 0.066300 0.084500 0.066200 0.063400 0.000000 0.075000 0.063100 0.086700 0.080800 0.066000 0.080800 0.069300 0.077800 0.011200 0.081300 0.074800 0.066500 0.081500 0.069200 0.054200 0.048400
BlueSheep 0.021700 0.292000 0.071600 0.235500 0.062500 0.028000 0.056800 0.045000 0.062700 0.077800 0.021800 0.071700 0.057000 0.054000 0.074100 0.045100 0.092700 0.111400 0.048300 0.056800 0.048000 0.016700 0.077700 0.083300 0.016200 0.074100 0.056900 0.062600 0.045100 0.065600 0.083900 0.054000 0.105400 0.048200 0.045400 0.075000 0.000000 0.050900 0.062400 0.080300 0.071600 0.062500 0.074900 0.083400 0.068900 0.062800 0.059600 0.066000 0.048300 0.080800 0.062600 0.056800
BohorReedb 0.051000 0.299100 0.074600 0.253000 0.022200 0.056900 0.045200 0.045000 0.065600 0.077800 0.056900 0.059800 0.050900 0.036600 0.074300 0.045100 0.077600 0.090000 0.054100 0.059700 0.042300 0.045200 0.083600 0.083200 0.051000 0.062300 0.050900 0.059700 0.045000 0.062600 0.083900 0.048200 0.080900 0.042200 0.039600 0.063100 0.050900 0.000000 0.068400 0.080300 0.077500 0.062500 0.074900 0.077400 0.063000 0.062800 0.048000 0.054200 0.057100 0.080700 0.065500 0.059700
KirksDik 0.062500 0.290400 0.083300 0.252700 0.080000 0.068500 0.062400 0.050600 0.089200 0.101700 0.068500 0.077300 0.068500 0.065500 0.086100 0.056300 0.091900 0.116700 0.077600 0.083200 0.047700 0.068500 0.095400 0.082900 0.068400 0.082400 0.074500 0.089100 0.062000 0.098300 0.108000 0.065500 0.120400 0.065600 0.068800 0.086700 0.062400 0.068400 0.000000 0.110300 0.089200 0.067900 0.098700 0.095100 0.080600 0.092500 0.047600 0.077700 0.071700 0.092400 0.089200 0.083200
RoeDeer 0.086400 0.317500 0.089400 0.245400 0.092000 0.089500 0.086400 0.080000 0.080300 0.039300 0.092600 0.077400 0.095600 0.077500 0.101300 0.080100 0.083200 0.095600 0.089500 0.074300 0.083200 0.080400 0.050500 0.032400 0.086400 0.110200 0.098600 0.074300 0.083100 0.083300 0.045100 0.083500 0.089500 0.083400 0.083700 0.080800 0.080300 0.080300 0.110300 0.000000 0.044800 0.104200 0.036400 0.027700 0.086700 0.086500 0.092200 0.083800 0.083700 0.089300 0.080200 0.074300
WhiteLippe 0.071700 0.314700 0.077600 0.257400 0.083300 0.074700 0.077600 0.065400 0.068600 0.027900 0.077700 0.062800 0.086800 0.074800 0.083300 0.065500 0.080400 0.089700 0.080500 0.062700 0.068500 0.071700 0.016600 0.033400 0.071600 0.101200 0.089800 0.068500 0.068400 0.077500 0.033700 0.074700 0.089900 0.080700 0.080900 0.066000 0.071600 0.077500 0.089200 0.044800 0.000000 0.089300 0.025100 0.039100 0.065900 0.077800 0.083300 0.075000 0.075000 0.080600 0.068500 0.062700
ThomsonGaz 0.056700 0.310300 0.080300 0.271100 0.074100 0.062600 0.056600 0.033400 0.083300 0.095700 0.062600 0.077400 0.068600 0.059700 0.086100 0.039000 0.092000 0.116900 0.065700 0.077300 0.046400 0.062600 0.095500 0.101100 0.062500 0.038500 0.062600 0.083200 0.044700 0.092300 0.101900 0.059700 0.114300 0.059700 0.062800 0.080800 0.062500 0.062500 0.067900 0.104200 0.089300 0.000000 0.092700 0.089100 0.074700 0.080500 0.053400 0.068800 0.062600 0.098700 0.083200 0.077300
MuntiacusC 0.075000 0.320200 0.081000 0.269700 0.083600 0.078000 0.081000 0.068600 0.071800 0.002700 0.081000 0.066000 0.087200 0.072100 0.086600 0.068700 0.077800 0.086900 0.077800 0.065900 0.071800 0.075000 0.030800 0.036400 0.074900 0.098600 0.090200 0.065900 0.071700 0.074900 0.008300 0.078100 0.087200 0.081100 0.072100 0.069300 0.074900 0.074900 0.098700 0.036400 0.025100 0.092700 0.000000 0.030800 0.069200 0.081100 0.080700 0.072300 0.075300 0.081000 0.071800 0.065900
WhiteTaile 0.083500 0.313900 0.080500 0.242300 0.095200 0.086500 0.083400 0.071200 0.074400 0.033600 0.089600 0.074500 0.080500 0.074600 0.098300 0.077200 0.074200 0.092600 0.086500 0.068400 0.080300 0.077500 0.044900 0.022100 0.083500 0.107200 0.089600 0.068400 0.080200 0.077400 0.039300 0.080600 0.089700 0.074500 0.074800 0.077800 0.083400 0.077400 0.095100 0.027700 0.039100 0.089100 0.030800 0.000000 0.083800 0.089700 0.077200 0.071900 0.086900 0.080400 0.074400 0.068500
Cattle 0.063100 0.300600 0.057000 0.254400 0.068700 0.069000 0.063100 0.056900 0.054100 0.072100 0.069100 0.019600 0.075200 0.066200 0.086700 0.057000 0.081000 0.093400 0.078200 0.048200 0.054100 0.069000 0.072000 0.083700 0.069000 0.086500 0.075100 0.054000 0.062800 0.062900 0.072200 0.066100 0.090300 0.066100 0.063400 0.011200 0.068900 0.063000 0.080600 0.086700 0.065900 0.074700 0.069200 0.083800 0.000000 0.081200 0.068800 0.066400 0.075400 0.075100 0.054000 0.048200
RoyalAntel 0.068900 0.315600 0.077800 0.257400 0.068600 0.068900 0.062900 0.056700 0.074700 0.084100 0.075000 0.077900 0.068900 0.060000 0.098800 0.051000 0.105100 0.124300 0.077900 0.068800 0.059900 0.068900 0.084000 0.089600 0.068900 0.092300 0.074900 0.074700 0.056800 0.083700 0.090300 0.066000 0.102300 0.065900 0.063100 0.081300 0.062800 0.062800 0.092500 0.086500 0.077800 0.080500 0.081100 0.089700 0.081200 0.000000 0.077600 0.084300 0.057000 0.099300 0.074700 0.065800
Steenbok 0.053800 0.298500 0.065500 0.263200 0.065400 0.059700 0.053800 0.036300 0.071400 0.083700 0.059700 0.071500 0.059800 0.051000 0.086200 0.041900 0.080000 0.098500 0.062800 0.065500 0.039200 0.059700 0.089500 0.089000 0.059700 0.062000 0.065700 0.065500 0.047700 0.074400 0.089800 0.056800 0.102000 0.056800 0.054100 0.074800 0.059600 0.048000 0.047600 0.092200 0.083300 0.053400 0.080700 0.077200 0.068800 0.077600 0.000000 0.063000 0.060000 0.092600 0.071400 0.065500
Impala 0.066100 0.290200 0.078100 0.247800 0.071800 0.072100 0.054200 0.054000 0.069000 0.075300 0.072200 0.063200 0.060300 0.045500 0.083800 0.060000 0.078100 0.096700 0.069300 0.063100 0.057100 0.066100 0.081200 0.086800 0.066100 0.077500 0.060300 0.063000 0.059900 0.066000 0.081400 0.051300 0.093800 0.051400 0.054500 0.066500 0.066000 0.054200 0.077700 0.083800 0.075000 0.068800 0.072300 0.071900 0.066400 0.084300 0.063000 0.000000 0.066400 0.078300 0.069000 0.063100
Klipspring 0.057200 0.301000 0.084100 0.266000 0.062900 0.057200 0.057200 0.039500 0.081000 0.078300 0.063200 0.078100 0.057300 0.054200 0.086900 0.039500 0.093200 0.112200 0.066100 0.074900 0.048300 0.057200 0.081200 0.086800 0.057200 0.074500 0.063200 0.080900 0.045300 0.090100 0.084500 0.054200 0.102800 0.054300 0.057400 0.081500 0.048300 0.057100 0.071700 0.083700 0.075000 0.062600 0.075300 0.086900 0.075400 0.057000 0.060000 0.066400 0.000000 0.093400 0.080900 0.075000
ForestMusk 0.080900 0.303900 0.074800 0.239600 0.086500 0.087000 0.074700 0.080400 0.071700 0.083900 0.087000 0.065900 0.081000 0.071900 0.098600 0.086500 0.092700 0.099100 0.096300 0.065800 0.083600 0.080900 0.086800 0.086300 0.080800 0.116800 0.080900 0.071700 0.086500 0.080700 0.084000 0.077900 0.099300 0.071900 0.069200 0.069200 0.080800 0.080700 0.092400 0.089300 0.080600 0.098700 0.081000 0.080400 0.075100 0.099300 0.092600 0.078300 0.093400 0.000000 0.071700 0.065800
Bushbuck 0.071600 0.302300 0.025000 0.239100 0.071300 0.077600 0.071500 0.065300 0.010800 0.074700 0.071600 0.051000 0.071700 0.068700 0.095300 0.071300 0.089500 0.108200 0.080800 0.005400 0.068400 0.065600 0.074600 0.080200 0.065600 0.098100 0.071700 0.010800 0.071300 0.024400 0.080800 0.074700 0.092800 0.062800 0.065900 0.054200 0.062600 0.065500 0.089200 0.080200 0.068500 0.083200 0.071800 0.074400 0.054000 0.074700 0.071400 0.069000 0.080900 0.071700 0.000000 0.010800
GreaterKud 0.065700 0.298800 0.019400 0.235600 0.065400 0.071700 0.065700 0.059500 0.010800 0.068800 0.065800 0.045300 0.065800 0.062900 0.089300 0.065500 0.083500 0.102100 0.074800 0.005400 0.062600 0.059800 0.068700 0.074300 0.059800 0.092100 0.065800 0.010800 0.065500 0.019300 0.074900 0.068800 0.083800 0.056900 0.060100 0.048400 0.056800 0.059700 0.083200 0.074300 0.062700 0.077300 0.065900 0.068500 0.048200 0.065800 0.065500 0.063100 0.075000 0.065800 0.010800 0.000000
