1
52 1
Argali 0.000000 0.234100 0.000100 0.259400 0.052600 0.000000 0.026100 0.054300 0.000100 0.026300 0.000000 0.000000 0.054000 0.027600 0.025800 0.000000 0.145700 0.119000 0.000000 0.000100 0.000100 0.000000 0.053800 0.026300 0.000000 0.026800 0.026800 0.000100 0.000000 0.000100 0.054000 0.027600 0.165700 0.026800 0.026900 0.000000 0.000000 0.026200 0.052000 0.026300 0.079500 0.000000 0.026000 0.079000 0.000000 0.055400 0.053800 0.000000 0.123000 0.081400 0.000100 0.026700
LesserMous 0.234100 0.000000 0.232900 0.182500 0.289300 0.234100 0.198400 0.200100 0.232900 0.196300 0.234100 0.234100 0.228500 0.272300 0.262900 0.234100 0.348000 0.322500 0.234100 0.232900 0.232900 0.234100 0.229900 0.196300 0.234100 0.265300 0.198400 0.232900 0.234100 0.232900 0.168400 0.272300 0.288200 0.198400 0.197500 0.234100 0.234100 0.258500 0.286300 0.196300 0.193100 0.234100 0.196300 0.254400 0.234100 0.234500 0.227200 0.234100 0.409100 0.135400 0.232900 0.261700
LesserKudu 0.000100 0.232900 0.000000 0.256300 0.052600 0.000100 0.026900 0.054400 0.000000 0.026300 0.000100 0.000100 0.054100 0.027400 0.026500 0.000100 0.146300 0.119500 0.000100 0.000000 0.000000 0.000100 0.053800 0.026300 0.000100 0.026900 0.026900 0.000000 0.000100 0.000000 0.054000 0.027000 0.164200 0.026900 0.026600 0.000100 0.000100 0.026200 0.052000 0.026300 0.079500 0.000100 0.026300 0.079100 0.000100 0.055300 0.053800 0.000100 0.122800 0.080700 0.000000 0.026500
KillerWhal 0.259400 0.182500 0.256300 0.000000 0.319300 0.259400 0.218700 0.253500 0.256300 0.216300 0.259400 0.259400 0.251500 0.301400 0.291200 0.259400 0.342500 0.315200 0.259400 0.256300 0.256300 0.259400 0.254600 0.216300 0.259400 0.293600 0.218700 0.256300 0.259400 0.256300 0.185900 0.301400 0.315100 0.218700 0.216400 0.259400 0.259400 0.285600 0.315900 0.216300 0.212700 0.259400 0.216300 0.279800 0.259400 0.259800 0.249900 0.259400 0.369100 0.148700 0.256300 0.287400
DefassaWat 0.052600 0.289300 0.052600 0.319300 0.000000 0.052600 0.079400 0.107200 0.052600 0.077800 0.052600 0.053000 0.106700 0.081500 0.078500 0.052600 0.138400 0.112800 0.052600 0.052600 0.052600 0.052600 0.106000 0.077800 0.052600 0.079400 0.079400 0.052600 0.052600 0.052600 0.106300 0.081500 0.158200 0.079400 0.079500 0.052600 0.052600 0.025200 0.102700 0.077800 0.130700 0.052600 0.077800 0.130300 0.052600 0.108900 0.106200 0.052600 0.181000 0.133800 0.052600 0.079000
Sheep 0.000000 0.234100 0.000100 0.259400 0.052600 0.000000 0.026800 0.054300 0.000100 0.026300 0.000000 0.000000 0.054300 0.027600 0.026500 0.000000 0.145700 0.119000 0.000000 0.000100 0.000100 0.000000 0.053800 0.025800 0.000000 0.026800 0.026800 0.000100 0.000000 0.000100 0.054000 0.027600 0.165700 0.026100 0.026900 0.000000 0.000000 0.026200 0.052000 0.026300 0.079500 0.000000 0.026300 0.079000 0.000000 0.055300 0.053300 0.000000 0.123000 0.081400 0.000100 0.026700
MaxwellsDu 0.026100 0.198400 0.026900 0.218700 0.079400 0.026800 0.000000 0.026500 0.026900 0.052800 0.026800 0.026600 0.025800 0.055500 0.053300 0.026800 0.175600 0.149400 0.026800 0.026900 0.026900 0.026800 0.081100 0.052800 0.026800 0.054000 0.000000 0.026900 0.026800 0.026900 0.081300 0.055500 0.194700 0.000000 0.000100 0.026100 0.026800 0.052600 0.078400 0.052800 0.106300 0.026800 0.052800 0.106100 0.026000 0.026300 0.026200 0.026800 0.154300 0.052700 0.026900 0.053800
GazellaPrz 0.054300 0.200100 0.054400 0.253500 0.107200 0.054300 0.026500 0.000000 0.054400 0.080200 0.054300 0.054300 0.053300 0.084200 0.080900 0.054300 0.207500 0.181400 0.053700 0.054400 0.054400 0.054300 0.109200 0.080200 0.051100 0.082000 0.026500 0.054400 0.054300 0.054400 0.109600 0.084200 0.226000 0.026500 0.026500 0.054300 0.054300 0.079900 0.105800 0.080200 0.134600 0.054300 0.080200 0.134400 0.054300 0.054400 0.053100 0.054300 0.187100 0.080100 0.054400 0.081600
MountainNy 0.000100 0.232900 0.000000 0.256300 0.052600 0.000100 0.026900 0.054400 0.000000 0.026300 0.000100 0.000100 0.054100 0.027000 0.026500 0.000100 0.146300 0.119500 0.000100 0.000000 0.000000 0.000100 0.053800 0.026300 0.000100 0.026900 0.026900 0.000000 0.000100 0.000000 0.054000 0.027400 0.164200 0.026900 0.026600 0.000100 0.000100 0.026200 0.052000 0.026300 0.079500 0.000100 0.026300 0.079100 0.000100 0.055300 0.053800 0.000100 0.122800 0.080700 0.000000 0.026500
MuntiacusM 0.026300 0.196300 0.026300 0.216300 0.077800 0.026300 0.052800 0.080200 0.026300 0.000000 0.026300 0.026300 0.079700 0.054400 0.052200 0.026300 0.172400 0.146300 0.026300 0.026300 0.026300 0.025800 0.079500 0.000000 0.026300 0.052800 0.052800 0.026300 0.026300 0.026300 0.025900 0.054400 0.132500 0.051400 0.052900 0.026300 0.026000 0.051300 0.076900 0.000000 0.051000 0.026300 0.000000 0.050600 0.025800 0.081600 0.079300 0.026300 0.150800 0.052100 0.026300 0.052600
goat 0.000000 0.234100 0.000100 0.259400 0.052600 0.000000 0.026800 0.054300 0.000100 0.026300 0.000000 0.000000 0.053500 0.027600 0.026500 0.000000 0.145700 0.119000 0.000000 0.000100 0.000100 0.000000 0.053800 0.026000 0.000000 0.026800 0.026100 0.000100 0.000000 0.000100 0.054000 0.027600 0.165700 0.026100 0.026900 0.000000 0.000000 0.025800 0.052000 0.026300 0.079500 0.000000 0.026300 0.079000 0.000000 0.055300 0.053800 0.000000 0.123000 0.081400 0.000100 0.026700
AfricanBuf 0.000000 0.234100 0.000100 0.259400 0.053000 0.000000 0.026600 0.054300 0.000100 0.026300 0.000000 0.000000 0.054000 0.027600 0.026500 0.000000 0.145700 0.119000 0.000000 0.000100 0.000100 0.000000 0.053800 0.026300 0.000000 0.026500 0.026100 0.000100 0.000000 0.000100 0.054000 0.027600 0.165700 0.026800 0.026900 0.000000 0.000000 0.026200 0.052000 0.026300 0.079500 0.000000 0.026300 0.079000 0.000000 0.055300 0.053800 0.000000 0.123000 0.081400 0.000100 0.026700
Topi 0.054000 0.228500 0.054100 0.251500 0.106700 0.054300 0.025800 0.053300 0.054100 0.079700 0.053500 0.054000 0.000000 0.083600 0.080500 0.054000 0.206000 0.180200 0.054000 0.054100 0.054100 0.054000 0.108500 0.079700 0.054000 0.081600 0.026300 0.054100 0.054000 0.054100 0.108900 0.083600 0.224500 0.026300 0.026400 0.054000 0.054000 0.079400 0.105100 0.079700 0.133600 0.054000 0.079700 0.133800 0.054000 0.054100 0.052900 0.054000 0.186000 0.079600 0.054100 0.081300
CommonDuik 0.027600 0.272300 0.027400 0.301400 0.081500 0.027600 0.055500 0.084200 0.027000 0.054400 0.027600 0.027600 0.083600 0.000000 0.054900 0.027600 0.147500 0.120500 0.027600 0.027400 0.027400 0.027600 0.083600 0.054400 0.027600 0.055500 0.055500 0.026900 0.027600 0.027100 0.084000 0.000000 0.198200 0.055500 0.054900 0.027600 0.027600 0.054100 0.080700 0.054400 0.109900 0.027600 0.054400 0.108900 0.027600 0.086000 0.083200 0.027600 0.159900 0.111200 0.027400 0.054600
Suni 0.025800 0.262900 0.026500 0.291200 0.078500 0.026500 0.053300 0.080900 0.026500 0.052200 0.026500 0.026500 0.080500 0.054900 0.000000 0.026500 0.174200 0.148000 0.025700 0.026500 0.026500 0.026500 0.080200 0.052200 0.025700 0.053300 0.053300 0.026500 0.026500 0.026500 0.080500 0.054900 0.192800 0.053300 0.053300 0.026400 0.025800 0.051000 0.077600 0.052200 0.105500 0.026500 0.052200 0.105300 0.026500 0.082400 0.080100 0.026500 0.152700 0.107900 0.026500 0.053000
Springbuck 0.000000 0.234100 0.000100 0.259400 0.052600 0.000000 0.026800 0.054300 0.000100 0.026300 0.000000 0.000000 0.054000 0.027600 0.026500 0.000000 0.145700 0.119000 0.000000 0.000100 0.000100 0.000000 0.053800 0.025900 0.000000 0.026300 0.026300 0.000100 0.000000 0.000100 0.054000 0.027600 0.165700 0.026800 0.026900 0.000000 0.000000 0.026200 0.052000 0.026300 0.079500 0.000000 0.026100 0.079000 0.000000 0.055300 0.053800 0.000000 0.123000 0.081400 0.000100 0.026700
Okapi 0.145700 0.348000 0.146300 0.342500 0.138400 0.145700 0.175600 0.207500 0.146300 0.172400 0.145700 0.145700 0.206000 0.147500 0.174200 0.145700 0.000000 0.027700 0.145700 0.146300 0.146300 0.145700 0.143500 0.172400 0.145700 0.175600 0.175600 0.146300 0.145700 0.146300 0.144000 0.147500 0.199200 0.175600 0.176300 0.145700 0.145700 0.171600 0.199200 0.172400 0.169900 0.145700 0.172400 0.230900 0.145000 0.212600 0.204900 0.145700 0.309100 0.174200 0.146300 0.175000
Giraffe 0.119000 0.322500 0.119500 0.315200 0.112800 0.119000 0.149400 0.181400 0.119500 0.146300 0.119000 0.119000 0.180200 0.120500 0.148000 0.119000 0.027700 0.000000 0.119000 0.119500 0.119500 0.118900 0.116900 0.146300 0.119000 0.149400 0.149400 0.119500 0.119000 0.119500 0.117400 0.120500 0.173800 0.149400 0.150000 0.119000 0.119000 0.145700 0.173800 0.146300 0.144000 0.119000 0.146300 0.205700 0.119000 0.185900 0.179200 0.119000 0.281100 0.147900 0.119500 0.148900
TibetanAnt 0.000000 0.234100 0.000100 0.259400 0.052600 0.000000 0.026800 0.053700 0.000100 0.026300 0.000000 0.000000 0.054000 0.027600 0.025700 0.000000 0.145700 0.119000 0.000000 0.000100 0.000100 0.000000 0.053800 0.026300 0.000000 0.026500 0.026800 0.000100 0.000000 0.000100 0.052800 0.027600 0.165700 0.026000 0.026900 0.000000 0.000000 0.025800 0.052000 0.026300 0.079500 0.000000 0.026300 0.079000 0.000000 0.055300 0.053800 0.000000 0.123000 0.081400 0.000100 0.026700
Sitatunga 0.000100 0.232900 0.000000 0.256300 0.052600 0.000100 0.026900 0.054400 0.000000 0.026300 0.000100 0.000100 0.054100 0.027400 0.026500 0.000100 0.146300 0.119500 0.000100 0.000000 0.000000 0.000100 0.053800 0.026300 0.000100 0.026900 0.026900 0.000000 0.000100 0.000000 0.054000 0.027400 0.164200 0.026900 0.026600 0.000100 0.000100 0.026200 0.052000 0.026300 0.079500 0.000100 0.026300 0.079100 0.000100 0.055300 0.053800 0.000100 0.122800 0.080700 0.000000 0.026500
Oribi 0.000100 0.232900 0.000000 0.256300 0.052600 0.000100 0.026900 0.054400 0.000000 0.026300 0.000100 0.000100 0.054100 0.027400 0.026500 0.000100 0.146300 0.119500 0.000100 0.000000 0.000000 0.000100 0.053800 0.026300 0.000100 0.026900 0.026900 0.000000 0.000100 0.000000 0.054000 0.027400 0.164200 0.026900 0.026600 0.000100 0.000100 0.026200 0.052000 0.026300 0.079500 0.000100 0.026300 0.079100 0.000100 0.055300 0.053800 0.000100 0.122800 0.080700 0.000000 0.026500
BarbaryShe 0.000000 0.234100 0.000100 0.259400 0.052600 0.000000 0.026800 0.054300 0.000100 0.025800 0.000000 0.000000 0.054000 0.027600 0.026500 0.000000 0.145700 0.118900 0.000000 0.000100 0.000100 0.000000 0.053800 0.026000 0.000000 0.026800 0.026800 0.000100 0.000000 0.000100 0.054000 0.027600 0.165700 0.026300 0.026900 0.000000 0.000000 0.026200 0.052000 0.026300 0.079500 0.000000 0.026300 0.079000 0.000000 0.055300 0.053900 0.000000 0.123000 0.081400 0.000100 0.026700
Daviddeer 0.053800 0.229900 0.053800 0.254600 0.106000 0.053800 0.081100 0.109200 0.053800 0.079500 0.053800 0.053800 0.108500 0.083600 0.080200 0.053800 0.143500 0.116900 0.053800 0.053800 0.053800 0.053800 0.000000 0.079500 0.053800 0.081000 0.081000 0.053800 0.053800 0.053800 0.053100 0.083600 0.162800 0.081000 0.081000 0.053800 0.053800 0.079200 0.105000 0.079500 0.025500 0.053800 0.079500 0.132700 0.053800 0.111700 0.107900 0.053800 0.186300 0.080000 0.053800 0.080500
Reindeer 0.026300 0.196300 0.026300 0.216300 0.077800 0.025800 0.052800 0.080200 0.026300 0.000000 0.026000 0.026300 0.079700 0.054400 0.052200 0.025900 0.172400 0.146300 0.026300 0.026300 0.026300 0.026000 0.079500 0.000000 0.025800 0.052800 0.052800 0.026300 0.025800 0.026300 0.025900 0.054400 0.132500 0.052800 0.052900 0.026300 0.025900 0.051600 0.076900 0.000000 0.051000 0.026300 0.000000 0.050600 0.026000 0.081600 0.079300 0.026300 0.150800 0.052100 0.026300 0.052600
Ibex 0.000000 0.234100 0.000100 0.259400 0.052600 0.000000 0.026800 0.051100 0.000100 0.026300 0.000000 0.000000 0.054000 0.027600 0.025700 0.000000 0.145700 0.119000 0.000000 0.000100 0.000100 0.000000 0.053800 0.025800 0.000000 0.026100 0.026800 0.000100 0.000000 0.000100 0.054000 0.027600 0.165700 0.026800 0.026900 0.000000 0.000000 0.025800 0.052000 0.026300 0.079500 0.000000 0.026300 0.079000 0.000000 0.055300 0.053800 0.000000 0.123000 0.081400 0.000100 0.026700
GyrantGaze 0.026800 0.265300 0.026900 0.293600 0.079400 0.026800 0.054000 0.082000 0.026900 0.052800 0.026800 0.026500 0.081600 0.055500 0.053300 0.026300 0.175600 0.149400 0.026500 0.026900 0.026900 0.026800 0.081000 0.052800 0.026100 0.000000 0.054000 0.026900 0.026300 0.026900 0.081300 0.055500 0.194700 0.054000 0.054100 0.026100 0.026100 0.051700 0.078400 0.052800 0.106300 0.026800 0.052800 0.106100 0.026300 0.083400 0.081200 0.026800 0.154300 0.109100 0.026900 0.053800
Hartebeest 0.026800 0.198400 0.026900 0.218700 0.079400 0.026800 0.000000 0.026500 0.026900 0.052800 0.026100 0.026100 0.026300 0.055500 0.053300 0.026300 0.175600 0.149400 0.026800 0.026900 0.026900 0.026800 0.081000 0.052800 0.026800 0.054000 0.000000 0.026900 0.026800 0.026900 0.081300 0.055500 0.194700 0.000000 0.000100 0.026800 0.026800 0.052600 0.078400 0.052800 0.106300 0.026100 0.052800 0.106100 0.026800 0.026900 0.026000 0.026400 0.154300 0.052700 0.026900 0.053800
Bongo 0.000100 0.232900 0.000000 0.256300 0.052600 0.000100 0.026900 0.054400 0.000000 0.026300 0.000100 0.000100 0.054100 0.026900 0.026500 0.000100 0.146300 0.119500 0.000100 0.000000 0.000000 0.000100 0.053800 0.026300 0.000100 0.026900 0.026900 0.000000 0.000100 0.000000 0.054000 0.027400 0.164200 0.026900 0.026600 0.000100 0.000100 0.026200 0.052000 0.026300 0.079500 0.000100 0.026300 0.079100 0.000100 0.055300 0.053800 0.000100 0.122800 0.080700 0.000000 0.026500
Gerenuk 0.000000 0.234100 0.000100 0.259400 0.052600 0.000000 0.026800 0.054300 0.000100 0.026300 0.000000 0.000000 0.054000 0.027600 0.026500 0.000000 0.145700 0.119000 0.000000 0.000100 0.000100 0.000000 0.053800 0.025800 0.000000 0.026300 0.026800 0.000100 0.000000 0.000100 0.054000 0.027600 0.165700 0.026800 0.026900 0.000000 0.000000 0.026200 0.051600 0.026300 0.079500 0.000000 0.026300 0.079000 0.000000 0.055400 0.053800 0.000000 0.123000 0.081400 0.000100 0.026700
CommonElan 0.000100 0.232900 0.000000 0.256300 0.052600 0.000100 0.026900 0.054400 0.000000 0.026300 0.000100 0.000100 0.054100 0.027100 0.026500 0.000100 0.146300 0.119500 0.000100 0.000000 0.000000 0.000100 0.053800 0.026300 0.000100 0.026900 0.026900 0.000000 0.000100 0.000000 0.054000 0.026900 0.164200 0.026900 0.026200 0.000100 0.000100 0.026200 0.052000 0.026300 0.079500 0.000100 0.026300 0.079100 0.000100 0.055300 0.053800 0.000100 0.122800 0.080700 0.000000 0.026500
MuntiacusR 0.054000 0.168400 0.054000 0.185900 0.106300 0.054000 0.081300 0.109600 0.054000 0.025900 0.054000 0.054000 0.108900 0.084000 0.080500 0.054000 0.144000 0.117400 0.052800 0.054000 0.054000 0.054000 0.053100 0.025900 0.054000 0.081300 0.081300 0.054000 0.054000 0.054000 0.000000 0.084000 0.106000 0.081300 0.081400 0.054000 0.054000 0.079500 0.105300 0.025900 0.025600 0.054000 0.025500 0.077800 0.054000 0.111900 0.108300 0.054000 0.187000 0.026100 0.054000 0.080900
HarveysDui 0.027600 0.272300 0.027000 0.301400 0.081500 0.027600 0.055500 0.084200 0.027400 0.054400 0.027600 0.027600 0.083600 0.000000 0.054900 0.027600 0.147500 0.120500 0.027600 0.027400 0.027400 0.027600 0.083600 0.054400 0.027600 0.055500 0.055500 0.027400 0.027600 0.026900 0.084000 0.000000 0.198200 0.055500 0.054900 0.027600 0.027600 0.054100 0.080700 0.054400 0.109900 0.027600 0.054400 0.108900 0.027600 0.086000 0.083200 0.027600 0.159900 0.111200 0.027400 0.053800
Pronghorn 0.165700 0.288200 0.164200 0.315100 0.158200 0.165700 0.194700 0.226000 0.164200 0.132500 0.165700 0.165700 0.224500 0.198200 0.192800 0.165700 0.199200 0.173800 0.165700 0.164200 0.164200 0.165700 0.162800 0.132500 0.165700 0.194700 0.194700 0.164200 0.165700 0.164200 0.106000 0.198200 0.000000 0.194700 0.193100 0.165700 0.165700 0.190000 0.216300 0.132500 0.130400 0.165700 0.132500 0.187000 0.165700 0.229800 0.223400 0.165700 0.318200 0.132200 0.164200 0.191800
BlueWildeb 0.026800 0.198400 0.026900 0.218700 0.079400 0.026100 0.000000 0.026500 0.026900 0.051400 0.026100 0.026800 0.026300 0.055500 0.053300 0.026800 0.175600 0.149400 0.026000 0.026900 0.026900 0.026300 0.081000 0.052800 0.026800 0.054000 0.000000 0.026900 0.026800 0.026900 0.081300 0.055500 0.194700 0.000000 0.000100 0.026800 0.026000 0.052600 0.078400 0.052800 0.106300 0.026800 0.052800 0.106100 0.026300 0.026900 0.026200 0.026300 0.154300 0.052700 0.026900 0.053800
Gemsbok 0.026900 0.197500 0.026600 0.216400 0.079500 0.026900 0.000100 0.026500 0.026600 0.052900 0.026900 0.026900 0.026400 0.054900 0.053300 0.026900 0.176300 0.150000 0.026900 0.026600 0.026600 0.026900 0.081000 0.052900 0.026900 0.054100 0.000100 0.026600 0.026900 0.026200 0.081400 0.054900 0.193100 0.000100 0.000000 0.026900 0.026900 0.052600 0.078400 0.052900 0.106500 0.026900 0.052900 0.106300 0.026900 0.026900 0.026200 0.026900 0.154000 0.052300 0.026600 0.052600
Yak 0.000000 0.234100 0.000100 0.259400 0.052600 0.000000 0.026100 0.054300 0.000100 0.026300 0.000000 0.000000 0.054000 0.027600 0.026400 0.000000 0.145700 0.119000 0.000000 0.000100 0.000100 0.000000 0.053800 0.026300 0.000000 0.026100 0.026800 0.000100 0.000000 0.000100 0.054000 0.027600 0.165700 0.026800 0.026900 0.000000 0.000000 0.025800 0.052000 0.026300 0.079500 0.000000 0.026300 0.079000 0.000000 0.055300 0.053800 0.000000 0.123000 0.081400 0.000100 0.026700
BlueSheep 0.000000 0.234100 0.000100 0.259400 0.052600 0.000000 0.026800 0.054300 0.000100 0.026000 0.000000 0.000000 0.054000 0.027600 0.025800 0.000000 0.145700 0.119000 0.000000 0.000100 0.000100 0.000000 0.053800 0.025900 0.000000 0.026100 0.026800 0.000100 0.000000 0.000100 0.054000 0.027600 0.165700 0.026000 0.026900 0.000000 0.000000 0.025800 0.052000 0.025900 0.079500 0.000000 0.025900 0.079000 0.000000 0.055200 0.053800 0.000000 0.123000 0.081400 0.000100 0.026700
BohorReedb 0.026200 0.258500 0.026200 0.285600 0.025200 0.026200 0.052600 0.079900 0.026200 0.051300 0.025800 0.026200 0.079400 0.054100 0.051000 0.026200 0.171600 0.145700 0.025800 0.026200 0.026200 0.026200 0.079200 0.051600 0.025800 0.051700 0.052600 0.026200 0.026200 0.026200 0.079500 0.054100 0.190000 0.052600 0.052600 0.025800 0.025800 0.000000 0.076700 0.051600 0.104200 0.026200 0.051600 0.103500 0.026200 0.081300 0.079000 0.025800 0.150300 0.106500 0.026200 0.052300
KirksDik 0.052000 0.286300 0.052000 0.315900 0.102700 0.052000 0.078400 0.105800 0.052000 0.076900 0.052000 0.052000 0.105100 0.080700 0.077600 0.052000 0.199200 0.173800 0.052000 0.052000 0.052000 0.052000 0.105000 0.076900 0.052000 0.078400 0.078400 0.052000 0.051600 0.052000 0.105300 0.080700 0.216300 0.078400 0.078400 0.052000 0.052000 0.076700 0.000000 0.076900 0.129600 0.052000 0.076900 0.128600 0.052000 0.107600 0.104600 0.052000 0.178800 0.132400 0.052000 0.078000
RoeDeer 0.026300 0.196300 0.026300 0.216300 0.077800 0.026300 0.052800 0.080200 0.026300 0.000000 0.026300 0.026300 0.079700 0.054400 0.052200 0.026300 0.172400 0.146300 0.026300 0.026300 0.026300 0.026300 0.079500 0.000000 0.026300 0.052800 0.052800 0.026300 0.026300 0.026300 0.025900 0.054400 0.132500 0.052800 0.052900 0.026300 0.025900 0.051600 0.076900 0.000000 0.051000 0.025800 0.000000 0.050600 0.026300 0.081600 0.079300 0.025800 0.150800 0.052100 0.026300 0.052600
WhiteLippe 0.079500 0.193100 0.079500 0.212700 0.130700 0.079500 0.106300 0.134600 0.079500 0.051000 0.079500 0.079500 0.133600 0.109900 0.105500 0.079500 0.169900 0.144000 0.079500 0.079500 0.079500 0.079500 0.025500 0.051000 0.079500 0.106300 0.106300 0.079500 0.079500 0.079500 0.025600 0.109900 0.130400 0.106300 0.106500 0.079500 0.079500 0.104200 0.129600 0.051000 0.000000 0.079800 0.051000 0.102100 0.079000 0.137300 0.132900 0.079500 0.213600 0.051300 0.079500 0.105800
ThomsonGaz 0.000000 0.234100 0.000100 0.259400 0.052600 0.000000 0.026800 0.054300 0.000100 0.026300 0.000000 0.000000 0.054000 0.027600 0.026500 0.000000 0.145700 0.119000 0.000000 0.000100 0.000100 0.000000 0.053800 0.026300 0.000000 0.026800 0.026100 0.000100 0.000000 0.000100 0.054000 0.027600 0.165700 0.026800 0.026900 0.000000 0.000000 0.026200 0.052000 0.025800 0.079800 0.000000 0.026300 0.079000 0.000000 0.055300 0.053800 0.000000 0.123000 0.081400 0.000100 0.026700
MuntiacusC 0.026000 0.196300 0.026300 0.216300 0.077800 0.026300 0.052800 0.080200 0.026300 0.000000 0.026300 0.026300 0.079700 0.054400 0.052200 0.026100 0.172400 0.146300 0.026300 0.026300 0.026300 0.026300 0.079500 0.000000 0.026300 0.052800 0.052800 0.026300 0.026300 0.026300 0.025500 0.054400 0.132500 0.052800 0.052900 0.026300 0.025900 0.051600 0.076900 0.000000 0.051000 0.026300 0.000000 0.050600 0.025800 0.081600 0.079300 0.025800 0.150800 0.052100 0.026300 0.052600
WhiteTaile 0.079000 0.254400 0.079100 0.279800 0.130300 0.079000 0.106100 0.134400 0.079100 0.050600 0.079000 0.079000 0.133800 0.108900 0.105300 0.079000 0.230900 0.205700 0.079000 0.079100 0.079100 0.079000 0.132700 0.050600 0.079000 0.106100 0.106100 0.079100 0.079000 0.079100 0.077800 0.108900 0.187000 0.106100 0.106300 0.079000 0.079000 0.103500 0.128600 0.050600 0.102100 0.079000 0.050600 0.000000 0.079000 0.136500 0.077800 0.079000 0.211600 0.104600 0.079100 0.105600
Cattle 0.000000 0.234100 0.000100 0.259400 0.052600 0.000000 0.026000 0.054300 0.000100 0.025800 0.000000 0.000000 0.054000 0.027600 0.026500 0.000000 0.145000 0.119000 0.000000 0.000100 0.000100 0.000000 0.053800 0.026000 0.000000 0.026300 0.026800 0.000100 0.000000 0.000100 0.054000 0.027600 0.165700 0.026300 0.026900 0.000000 0.000000 0.026200 0.052000 0.026300 0.079000 0.000000 0.025800 0.079000 0.000000 0.055300 0.053800 0.000000 0.123000 0.081400 0.000100 0.026700
RoyalAntel 0.055400 0.234500 0.055300 0.259800 0.108900 0.055300 0.026300 0.054400 0.055300 0.081600 0.055300 0.055300 0.054100 0.086000 0.082400 0.055300 0.212600 0.185900 0.055300 0.055300 0.055300 0.055300 0.111700 0.081600 0.055300 0.083400 0.026900 0.055300 0.055400 0.055300 0.111900 0.086000 0.229800 0.026900 0.026900 0.055300 0.055200 0.081300 0.107600 0.081600 0.137300 0.055300 0.081600 0.136500 0.055300 0.000000 0.053800 0.055300 0.123100 0.081500 0.055300 0.082900
Steenbok 0.053800 0.227200 0.053800 0.249900 0.106200 0.053300 0.026200 0.053100 0.053800 0.079300 0.053800 0.053800 0.052900 0.083200 0.080100 0.053800 0.204900 0.179200 0.053800 0.053800 0.053800 0.053900 0.107900 0.079300 0.053800 0.081200 0.026000 0.053800 0.053800 0.053800 0.108300 0.083200 0.223400 0.026200 0.026200 0.053800 0.053800 0.079000 0.104600 0.079300 0.132900 0.053800 0.079300 0.077800 0.053800 0.053800 0.000000 0.053800 0.185000 0.079200 0.053800 0.080900
Impala 0.000000 0.234100 0.000100 0.259400 0.052600 0.000000 0.026800 0.054300 0.000100 0.026300 0.000000 0.000000 0.054000 0.027600 0.026500 0.000000 0.145700 0.119000 0.000000 0.000100 0.000100 0.000000 0.053800 0.026300 0.000000 0.026800 0.026400 0.000100 0.000000 0.000100 0.054000 0.027600 0.165700 0.026300 0.026900 0.000000 0.000000 0.025800 0.052000 0.025800 0.079500 0.000000 0.025800 0.079000 0.000000 0.055300 0.053800 0.000000 0.123000 0.081400 0.000100 0.026700
Klipspring 0.123000 0.409100 0.122800 0.369100 0.181000 0.123000 0.154300 0.187100 0.122800 0.150800 0.123000 0.123000 0.186000 0.159900 0.152700 0.123000 0.309100 0.281100 0.123000 0.122800 0.122800 0.123000 0.186300 0.150800 0.123000 0.154300 0.154300 0.122800 0.123000 0.122800 0.187000 0.159900 0.318200 0.154300 0.154000 0.123000 0.123000 0.150300 0.178800 0.150800 0.213600 0.123000 0.150800 0.211600 0.123000 0.123100 0.185000 0.123000 0.000000 0.218600 0.122800 0.153000
ForestMusk 0.081400 0.135400 0.080700 0.148700 0.133800 0.081400 0.052700 0.080100 0.080700 0.052100 0.081400 0.081400 0.079600 0.111200 0.107900 0.081400 0.174200 0.147900 0.081400 0.080700 0.080700 0.081400 0.080000 0.052100 0.081400 0.109100 0.052700 0.080700 0.081400 0.080700 0.026100 0.111200 0.132200 0.052700 0.052300 0.081400 0.081400 0.106500 0.132400 0.052100 0.051300 0.081400 0.052100 0.104600 0.081400 0.081500 0.079200 0.081400 0.218600 0.000000 0.080700 0.107500
Bushbuck 0.000100 0.232900 0.000000 0.256300 0.052600 0.000100 0.026900 0.054400 0.000000 0.026300 0.000100 0.000100 0.054100 0.027400 0.026500 0.000100 0.146300 0.119500 0.000100 0.000000 0.000000 0.000100 0.053800 0.026300 0.000100 0.026900 0.026900 0.000000 0.000100 0.000000 0.054000 0.027400 0.164200 0.026900 0.026600 0.000100 0.000100 0.026200 0.052000 0.026300 0.079500 0.000100 0.026300 0.079100 0.000100 0.055300 0.053800 0.000100 0.122800 0.080700 0.000000 0.026200
GreaterKud 0.026700 0.261700 0.026500 0.287400 0.079000 0.026700 0.053800 0.081600 0.026500 0.052600 0.026700 0.026700 0.081300 0.054600 0.053000 0.026700 0.175000 0.148900 0.026700 0.026500 0.026500 0.026700 0.080500 0.052600 0.026700 0.053800 0.053800 0.026500 0.026700 0.026500 0.080900 0.053800 0.191800 0.053800 0.052600 0.026700 0.026700 0.052300 0.078000 0.052600 0.105800 0.026700 0.052600 0.105600 0.026700 0.082900 0.080900 0.026700 0.153000 0.107500 0.026200 0.000000
