1
52 1
Argali 0.000000 0.383100 0.227300 0.307100 0.046300 0.000300 0.085500 0.043500 0.220900 0.217100 0.000000 0.203700 0.044400 0.000100 0.134400 0.043500 0.193600 0.206000 0.000000 0.216500 0.043500 0.042200 0.220900 0.288400 0.000000 0.088400 0.043200 0.216500 0.092400 0.231400 0.199100 0.043500 0.049300 0.084300 0.085300 0.091200 0.000100 0.045800 0.132800 0.286000 0.220900 0.088500 0.217100 0.172200 0.091200 0.128800 0.043500 0.091200 0.129000 0.046200 0.219800 0.216500
LesserMous 0.383100 0.000000 0.352400 0.368900 0.455700 0.372800 0.354800 0.310100 0.396400 0.405300 0.383100 0.399200 0.439200 0.392500 0.560300 0.310100 0.520600 0.410900 0.383100 0.389500 0.310100 0.302400 0.403400 0.473700 0.383100 0.316100 0.426300 0.389500 0.378700 0.357600 0.420200 0.426800 0.350200 0.473100 0.348700 0.264900 0.382000 0.456800 0.299200 0.466800 0.403400 0.316100 0.405300 0.365800 0.264900 0.529800 0.310100 0.262500 0.526000 0.332200 0.395100 0.389500
LesserKudu 0.227300 0.352400 0.000000 0.467500 0.287000 0.221700 0.314800 0.271700 0.075400 0.365800 0.227300 0.235800 0.276200 0.232400 0.380200 0.271700 0.463000 0.361700 0.227300 0.074100 0.271700 0.215100 0.374000 0.447400 0.227300 0.324700 0.268700 0.074100 0.336200 0.000200 0.358900 0.269500 0.312100 0.309700 0.209700 0.128600 0.226800 0.285700 0.319700 0.448300 0.374000 0.324700 0.365800 0.332100 0.128600 0.359000 0.271700 0.336500 0.357700 0.182100 0.075400 0.074100
KillerWhal 0.307100 0.368900 0.467500 0.000000 0.377600 0.298800 0.408100 0.357900 0.455200 0.328100 0.307100 0.463600 0.364900 0.315500 0.493600 0.357900 0.449100 0.334200 0.307100 0.445600 0.357900 0.347500 0.326100 0.396100 0.307100 0.423200 0.355600 0.445600 0.306600 0.483200 0.338800 0.352800 0.269400 0.403400 0.398300 0.304300 0.306600 0.376100 0.481200 0.391800 0.326100 0.423200 0.328100 0.283900 0.304300 0.451300 0.357900 0.306000 0.452900 0.255400 0.452500 0.445600
DefassaWat 0.046300 0.455700 0.287000 0.377600 0.000000 0.045200 0.135800 0.092000 0.277000 0.289000 0.046300 0.275600 0.093700 0.047400 0.189100 0.092000 0.251800 0.268000 0.046300 0.272900 0.092000 0.088700 0.291900 0.364900 0.046300 0.140300 0.091100 0.272900 0.146300 0.292200 0.273200 0.091800 0.103500 0.133800 0.135700 0.145100 0.046100 0.000100 0.185600 0.359600 0.291900 0.140300 0.289000 0.243900 0.145100 0.181500 0.092000 0.144300 0.179500 0.097200 0.277100 0.272900
Sheep 0.000300 0.372800 0.221700 0.298800 0.045200 0.000000 0.084000 0.042700 0.215000 0.206200 0.000300 0.200100 0.043200 0.000400 0.130000 0.042700 0.188200 0.199900 0.000300 0.210700 0.042700 0.041200 0.209900 0.275500 0.000300 0.086900 0.042200 0.210700 0.090300 0.225600 0.179700 0.042200 0.048200 0.082800 0.083800 0.089500 0.000200 0.044900 0.130300 0.273300 0.209900 0.086900 0.206200 0.162700 0.089500 0.126000 0.042700 0.089300 0.126100 0.045000 0.213900 0.210700
MaxwellsDu 0.085500 0.354800 0.314800 0.408100 0.135800 0.084000 0.000000 0.127800 0.306800 0.319400 0.085500 0.302200 0.130300 0.088000 0.220600 0.127800 0.286600 0.304500 0.085500 0.300400 0.127800 0.124000 0.322900 0.394200 0.085500 0.173700 0.126600 0.300400 0.181100 0.321800 0.315300 0.127900 0.144300 0.165800 0.167800 0.179000 0.085700 0.134500 0.218100 0.391000 0.322900 0.173700 0.319400 0.279400 0.179000 0.211600 0.127800 0.178800 0.211800 0.134700 0.304400 0.300400
GazellaPrz 0.043500 0.310100 0.271700 0.357900 0.092000 0.042700 0.127800 0.000000 0.264400 0.269300 0.043500 0.255200 0.086500 0.044800 0.178200 0.000000 0.240200 0.255600 0.043500 0.258900 0.000000 0.083900 0.272300 0.341300 0.043500 0.041600 0.085700 0.258900 0.043600 0.277100 0.259600 0.086700 0.097800 0.126000 0.127800 0.136200 0.043600 0.091200 0.083600 0.338000 0.272300 0.041800 0.269300 0.226300 0.136200 0.171600 0.000000 0.135800 0.171600 0.091200 0.262600 0.258900
MountainNy 0.220900 0.396400 0.075400 0.455200 0.277000 0.215000 0.306800 0.264400 0.000000 0.359100 0.220900 0.228400 0.268800 0.226500 0.257600 0.264400 0.318800 0.229500 0.220900 0.000100 0.264400 0.256500 0.365500 0.436700 0.220900 0.316200 0.261500 0.000100 0.327400 0.076100 0.352800 0.262100 0.296200 0.302100 0.204300 0.125100 0.220100 0.277500 0.314400 0.372700 0.365500 0.316200 0.359100 0.325900 0.125100 0.348800 0.264400 0.326700 0.348600 0.176800 0.000200 0.000100
MuntiacusM 0.217100 0.405300 0.365800 0.328100 0.289000 0.206200 0.319400 0.269300 0.359100 0.000000 0.217100 0.371300 0.271200 0.222800 0.391400 0.269300 0.348600 0.233500 0.217100 0.352200 0.269300 0.258300 0.000200 0.045600 0.217100 0.333200 0.265300 0.352200 0.350000 0.376600 0.048900 0.265000 0.168800 0.312300 0.314100 0.215600 0.215400 0.288500 0.392800 0.044600 0.000200 0.333200 0.000000 0.048100 0.215600 0.367800 0.269300 0.215000 0.368000 0.162400 0.356500 0.352200
goat 0.000000 0.383100 0.227300 0.307100 0.046300 0.000300 0.085500 0.043500 0.220900 0.217100 0.000000 0.203700 0.044400 0.000100 0.134400 0.043100 0.193600 0.206000 0.000000 0.216500 0.043100 0.042200 0.220900 0.288400 0.000000 0.088400 0.043100 0.216500 0.092400 0.231400 0.199100 0.043500 0.049300 0.084300 0.085300 0.091200 0.000100 0.046300 0.132800 0.286000 0.220900 0.089000 0.217100 0.172200 0.091200 0.128800 0.043500 0.091200 0.129000 0.046000 0.219800 0.216500
AfricanBuf 0.203700 0.399200 0.235800 0.463600 0.275600 0.200100 0.302200 0.255200 0.228400 0.371300 0.203700 0.000000 0.259700 0.210400 0.372400 0.255200 0.471100 0.346900 0.203700 0.224300 0.255200 0.245400 0.375600 0.462500 0.203700 0.312600 0.251900 0.224300 0.328600 0.240600 0.370600 0.254200 0.295100 0.296100 0.187900 0.095100 0.205100 0.270300 0.370700 0.461200 0.375600 0.312600 0.371300 0.327900 0.095100 0.236200 0.255200 0.322400 0.355600 0.152100 0.227500 0.224300
Topi 0.044400 0.439200 0.276200 0.364900 0.093700 0.043200 0.130300 0.086500 0.268800 0.271200 0.044400 0.259700 0.000000 0.045400 0.181200 0.086500 0.244500 0.260000 0.044400 0.262800 0.086500 0.085800 0.274400 0.345200 0.044400 0.133500 0.000200 0.262800 0.139600 0.281300 0.253000 0.088000 0.099200 0.041000 0.130500 0.139200 0.044300 0.093200 0.179500 0.341800 0.274400 0.133500 0.271200 0.227600 0.139200 0.174100 0.086500 0.138800 0.174600 0.093200 0.267300 0.262800
CommonDuik 0.000100 0.392500 0.232400 0.315500 0.047400 0.000400 0.088000 0.044800 0.226500 0.222800 0.000100 0.210400 0.045400 0.000000 0.137900 0.044800 0.198400 0.211400 0.000100 0.222100 0.044800 0.043300 0.226500 0.296100 0.000100 0.091000 0.044300 0.222100 0.094700 0.236800 0.199600 0.044500 0.050000 0.086700 0.087700 0.094000 0.000200 0.047200 0.136800 0.293600 0.226500 0.091000 0.222800 0.176600 0.094000 0.131600 0.044800 0.094000 0.131900 0.047400 0.225400 0.222100
Suni 0.134400 0.560300 0.380200 0.493600 0.189100 0.130000 0.220600 0.178200 0.257600 0.391400 0.134400 0.372400 0.181200 0.137900 0.000000 0.178200 0.175300 0.179900 0.134400 0.252400 0.178200 0.172700 0.396100 0.473800 0.134400 0.228300 0.176400 0.252400 0.237100 0.384400 0.388400 0.175800 0.201500 0.217300 0.218500 0.235500 0.134000 0.187800 0.275000 0.469100 0.396100 0.228300 0.391400 0.354500 0.235500 0.264500 0.178200 0.234800 0.264000 0.189400 0.256400 0.252400
Springbuck 0.043500 0.310100 0.271700 0.357900 0.092000 0.042700 0.127800 0.000000 0.264400 0.269300 0.043100 0.255200 0.086500 0.044800 0.178200 0.000000 0.240200 0.255600 0.043300 0.258900 0.000000 0.083900 0.272300 0.341300 0.043500 0.041800 0.085700 0.258900 0.043600 0.277100 0.259600 0.086700 0.097800 0.126000 0.127800 0.136900 0.043600 0.091600 0.083600 0.338000 0.272300 0.041800 0.269300 0.226300 0.136200 0.171600 0.000000 0.135800 0.171600 0.091200 0.262600 0.258900
Okapi 0.193600 0.520600 0.463000 0.449100 0.251800 0.188200 0.286600 0.240200 0.318800 0.348600 0.193600 0.471100 0.244500 0.198400 0.175300 0.240200 0.000000 0.094300 0.193600 0.317800 0.240200 0.234100 0.353000 0.429700 0.193600 0.296200 0.237300 0.317800 0.307400 0.474700 0.335300 0.237100 0.152600 0.281700 0.281000 0.305400 0.192700 0.252800 0.287600 0.350400 0.353000 0.296200 0.348600 0.310700 0.305400 0.333100 0.240200 0.192400 0.331400 0.256300 0.323300 0.317800
Giraffe 0.206000 0.410900 0.361700 0.334200 0.268000 0.199900 0.304500 0.255600 0.229500 0.233500 0.206000 0.346900 0.260000 0.211400 0.179900 0.255600 0.094300 0.000000 0.206000 0.228600 0.255600 0.248700 0.239000 0.313100 0.206000 0.315100 0.252000 0.228600 0.328700 0.365600 0.203000 0.251500 0.162700 0.298700 0.298100 0.204600 0.205000 0.269900 0.305300 0.238300 0.239000 0.315100 0.233500 0.187800 0.204600 0.350800 0.255600 0.204900 0.351600 0.155000 0.233100 0.228600
TibetanAnt 0.000000 0.383100 0.227300 0.307100 0.046300 0.000300 0.085500 0.043500 0.220900 0.217100 0.000000 0.203700 0.044400 0.000100 0.134400 0.043300 0.193600 0.206000 0.000000 0.216500 0.043100 0.042200 0.220900 0.288400 0.000000 0.088400 0.043100 0.216500 0.092400 0.231400 0.199100 0.043500 0.049300 0.084300 0.085300 0.091200 0.000100 0.045800 0.132800 0.286000 0.220900 0.088400 0.217100 0.172200 0.091200 0.128800 0.043400 0.091200 0.129000 0.046000 0.219800 0.216500
Sitatunga 0.216500 0.389500 0.074100 0.445600 0.272900 0.210700 0.300400 0.258900 0.000100 0.352200 0.216500 0.224300 0.262800 0.222100 0.252400 0.258900 0.317800 0.228600 0.216500 0.000000 0.258900 0.251300 0.359000 0.427800 0.216500 0.309700 0.256100 0.000000 0.320200 0.074900 0.348500 0.256900 0.292100 0.295700 0.200300 0.122700 0.215800 0.271500 0.356400 0.424300 0.359000 0.309700 0.352200 0.320200 0.122700 0.342800 0.258900 0.320400 0.341100 0.173300 0.000100 0.000000
Oribi 0.043500 0.310100 0.271700 0.357900 0.092000 0.042700 0.127800 0.000000 0.264400 0.269300 0.043100 0.255200 0.086500 0.044800 0.178200 0.000000 0.240200 0.255600 0.043100 0.258900 0.000000 0.083900 0.272300 0.341300 0.043500 0.041800 0.085700 0.258900 0.043600 0.277100 0.259600 0.086700 0.097800 0.126000 0.127800 0.136200 0.043600 0.090900 0.083600 0.338000 0.272300 0.041800 0.269300 0.226300 0.136200 0.171600 0.000000 0.135800 0.171600 0.091000 0.262600 0.258900
BarbaryShe 0.042200 0.302400 0.215100 0.347500 0.088700 0.041200 0.124000 0.083900 0.256500 0.258300 0.042200 0.245400 0.085800 0.043300 0.172700 0.083900 0.234100 0.248700 0.042200 0.251300 0.083900 0.000000 0.262400 0.329200 0.042200 0.128300 0.083600 0.251300 0.132900 0.219400 0.244400 0.083600 0.094600 0.123100 0.123700 0.132000 0.042100 0.088200 0.081100 0.326200 0.262400 0.128300 0.258300 0.217000 0.132000 0.165600 0.083900 0.132300 0.165500 0.088500 0.254800 0.251300
Daviddeer 0.220900 0.403400 0.374000 0.326100 0.291900 0.209900 0.322900 0.272300 0.365500 0.000200 0.220900 0.375600 0.274400 0.226500 0.396100 0.272300 0.353000 0.239000 0.220900 0.359000 0.272300 0.262400 0.000000 0.045600 0.220900 0.335700 0.268500 0.359000 0.352900 0.384600 0.049000 0.268300 0.172900 0.316000 0.316700 0.219300 0.219100 0.292000 0.395900 0.045100 0.000000 0.335700 0.000200 0.048300 0.219300 0.371100 0.272300 0.219800 0.370900 0.167400 0.363100 0.359000
Reindeer 0.288400 0.473700 0.447400 0.396100 0.364900 0.275500 0.394200 0.341300 0.436700 0.045600 0.288400 0.462500 0.345200 0.296100 0.473800 0.341300 0.429700 0.313100 0.288400 0.427800 0.341300 0.329200 0.045600 0.000000 0.288400 0.408500 0.336700 0.427800 0.430800 0.460700 0.101600 0.336000 0.243700 0.385700 0.385800 0.286400 0.286700 0.364900 0.475000 0.093300 0.045600 0.408500 0.045600 0.099900 0.286400 0.444100 0.341300 0.286400 0.311600 0.233700 0.433000 0.427800
Ibex 0.000000 0.383100 0.227300 0.307100 0.046300 0.000300 0.085500 0.043500 0.220900 0.217100 0.000000 0.203700 0.044400 0.000100 0.134400 0.043500 0.193600 0.206000 0.000000 0.216500 0.043500 0.042200 0.220900 0.288400 0.000000 0.088400 0.043100 0.216500 0.092400 0.231400 0.199100 0.043500 0.049300 0.084300 0.084800 0.091100 0.000100 0.045800 0.132800 0.286000 0.220900 0.088400 0.217100 0.172200 0.091200 0.128800 0.043200 0.091100 0.129000 0.046000 0.219800 0.216500
GyrantGaze 0.088400 0.316100 0.324700 0.423200 0.140300 0.086900 0.173700 0.041600 0.316200 0.333200 0.088400 0.312600 0.133500 0.091000 0.228300 0.041800 0.296200 0.315100 0.088400 0.309700 0.041800 0.128300 0.335700 0.408500 0.088400 0.000000 0.130700 0.309700 0.088600 0.332300 0.329000 0.132100 0.149600 0.171200 0.173000 0.185000 0.088700 0.137500 0.127700 0.403900 0.335700 0.000000 0.333200 0.292000 0.185000 0.218300 0.041800 0.137800 0.218300 0.139400 0.314000 0.309700
Hartebeest 0.043200 0.426300 0.268700 0.355600 0.091100 0.042200 0.126600 0.085700 0.261500 0.265300 0.043100 0.251900 0.000200 0.044300 0.176400 0.085700 0.237300 0.252000 0.043100 0.256100 0.085700 0.083600 0.268500 0.336700 0.043100 0.130700 0.000000 0.256100 0.136500 0.273600 0.255500 0.085900 0.096600 0.039800 0.126600 0.134800 0.043200 0.090300 0.175000 0.333600 0.268500 0.130700 0.265300 0.223300 0.134800 0.169800 0.085700 0.134300 0.170200 0.090300 0.259700 0.256100
Bongo 0.216500 0.389500 0.074100 0.445600 0.272900 0.210700 0.300400 0.258900 0.000100 0.352200 0.216500 0.224300 0.262800 0.222100 0.252400 0.258900 0.317800 0.228600 0.216500 0.000000 0.258900 0.251300 0.359000 0.427800 0.216500 0.309700 0.256100 0.000000 0.320200 0.074900 0.348500 0.256900 0.292100 0.295700 0.200300 0.122700 0.215800 0.271500 0.356400 0.424300 0.359000 0.309700 0.352200 0.320200 0.122700 0.342800 0.258900 0.320400 0.341100 0.173300 0.000100 0.000000
Gerenuk 0.092400 0.378700 0.336200 0.306600 0.146300 0.090300 0.181100 0.043600 0.327400 0.350000 0.092400 0.328600 0.139600 0.094700 0.237100 0.043600 0.307400 0.328700 0.092400 0.320200 0.043600 0.132900 0.352900 0.430800 0.092400 0.088600 0.136500 0.320200 0.000000 0.344400 0.339500 0.137300 0.155900 0.178300 0.180700 0.193600 0.092300 0.145600 0.133000 0.426300 0.352900 0.088600 0.350000 0.307200 0.193600 0.226500 0.043600 0.193300 0.226600 0.145900 0.325400 0.320200
CommonElan 0.231400 0.357600 0.000200 0.483200 0.292200 0.225600 0.321800 0.277100 0.076100 0.376600 0.231400 0.240600 0.281300 0.236800 0.384400 0.277100 0.474700 0.365600 0.231400 0.074900 0.277100 0.219400 0.384600 0.460700 0.231400 0.332300 0.273600 0.074900 0.344400 0.000000 0.369100 0.274300 0.312600 0.316300 0.212800 0.130300 0.230600 0.291400 0.326600 0.461600 0.384600 0.332300 0.376600 0.342700 0.130300 0.366100 0.277100 0.343700 0.365700 0.184900 0.076200 0.074900
MuntiacusR 0.199100 0.420200 0.358900 0.338800 0.273200 0.179700 0.315300 0.259600 0.352800 0.048900 0.199100 0.370600 0.253000 0.199600 0.388400 0.259600 0.335300 0.203000 0.199100 0.348500 0.259600 0.244400 0.049000 0.101600 0.199100 0.329000 0.255500 0.348500 0.339500 0.369100 0.000000 0.250700 0.131600 0.308300 0.310500 0.197500 0.193000 0.277000 0.394400 0.100200 0.049000 0.329000 0.048900 0.107500 0.197500 0.365100 0.259600 0.195700 0.365400 0.133500 0.350000 0.348500
HarveysDui 0.043500 0.426800 0.269500 0.352800 0.091800 0.042200 0.127900 0.086700 0.262100 0.265000 0.043500 0.254200 0.088000 0.044500 0.175800 0.086700 0.237100 0.251500 0.043500 0.256900 0.086700 0.083600 0.268300 0.336000 0.043500 0.132100 0.085900 0.256900 0.137300 0.274300 0.250700 0.000000 0.097200 0.126100 0.128000 0.136200 0.043400 0.091300 0.176700 0.333200 0.268300 0.132100 0.265000 0.222500 0.136200 0.170700 0.086700 0.135800 0.171000 0.091200 0.260700 0.256900
Pronghorn 0.049300 0.350200 0.312100 0.269400 0.103500 0.048200 0.144300 0.097800 0.296200 0.168800 0.049300 0.295100 0.099200 0.050000 0.201500 0.097800 0.152600 0.162700 0.049300 0.292100 0.097800 0.094600 0.172900 0.243700 0.049300 0.149600 0.096600 0.292100 0.155900 0.312600 0.131600 0.097200 0.000000 0.141900 0.143200 0.154900 0.049100 0.103500 0.193600 0.233200 0.172900 0.149600 0.168800 0.113600 0.154900 0.191600 0.097800 0.048500 0.191700 0.104100 0.296500 0.292100
BlueWildeb 0.084300 0.473100 0.309700 0.403400 0.133800 0.082800 0.165800 0.126000 0.302100 0.312300 0.084300 0.296100 0.041000 0.086700 0.217300 0.126000 0.281700 0.298700 0.084300 0.295700 0.126000 0.123100 0.316000 0.385700 0.084300 0.171200 0.039800 0.295700 0.178300 0.316300 0.308300 0.126100 0.141900 0.000000 0.165400 0.176200 0.084600 0.132500 0.215100 0.382400 0.316000 0.171200 0.312300 0.273900 0.176200 0.118000 0.126000 0.176000 0.208800 0.132600 0.299800 0.295700
Gemsbok 0.085300 0.348700 0.209700 0.398300 0.135700 0.083800 0.167800 0.127800 0.204300 0.314100 0.085300 0.187900 0.130500 0.087700 0.218500 0.127800 0.281000 0.298100 0.085300 0.200300 0.127800 0.123700 0.316700 0.385800 0.084800 0.173000 0.126600 0.200300 0.180700 0.212800 0.310500 0.128000 0.143200 0.165400 0.000000 0.084700 0.085500 0.134500 0.217500 0.382100 0.316700 0.173000 0.314100 0.273000 0.084600 0.121400 0.127800 0.177200 0.211700 0.134000 0.203100 0.200300
Yak 0.091200 0.264900 0.128600 0.304300 0.145100 0.089500 0.179000 0.136200 0.125100 0.215600 0.091200 0.095100 0.139200 0.094000 0.235500 0.136900 0.305400 0.204600 0.091200 0.122700 0.136200 0.132000 0.219300 0.286400 0.091100 0.185000 0.134800 0.122700 0.193600 0.130300 0.197500 0.136200 0.154900 0.176200 0.084700 0.000000 0.091500 0.143700 0.232500 0.283900 0.219300 0.185000 0.215600 0.171000 0.000000 0.224900 0.136200 0.191000 0.225000 0.045700 0.124600 0.122700
BlueSheep 0.000100 0.382000 0.226800 0.306600 0.046100 0.000200 0.085700 0.043600 0.220100 0.215400 0.000100 0.205100 0.044300 0.000200 0.134000 0.043600 0.192700 0.205000 0.000100 0.215800 0.043600 0.042100 0.219100 0.286700 0.000100 0.088700 0.043200 0.215800 0.092300 0.230600 0.193000 0.043400 0.049100 0.084600 0.085500 0.091500 0.000000 0.045900 0.133300 0.284200 0.219100 0.088700 0.215400 0.172100 0.091500 0.128500 0.043600 0.091300 0.128800 0.046100 0.219100 0.215800
BohorReedb 0.045800 0.456800 0.285700 0.376100 0.000100 0.044900 0.134500 0.091200 0.277500 0.288500 0.046300 0.270300 0.093200 0.047200 0.187800 0.091600 0.252800 0.269900 0.045800 0.271500 0.090900 0.088200 0.292000 0.364900 0.045800 0.137500 0.090300 0.271500 0.145600 0.291400 0.277000 0.091300 0.103500 0.132500 0.134500 0.143700 0.045900 0.000000 0.186300 0.363400 0.292000 0.138900 0.288500 0.244100 0.143700 0.180400 0.091200 0.143100 0.179200 0.096100 0.275600 0.271500
KirksDik 0.132800 0.299200 0.319700 0.481200 0.185600 0.130300 0.218100 0.083600 0.314400 0.392800 0.132800 0.370700 0.179500 0.136800 0.275000 0.083600 0.287600 0.305300 0.132800 0.356400 0.083600 0.081100 0.395900 0.475000 0.132800 0.127700 0.175000 0.356400 0.133000 0.326600 0.394400 0.176700 0.193600 0.215100 0.217500 0.232500 0.133300 0.186300 0.000000 0.327200 0.395900 0.127700 0.392800 0.352600 0.232500 0.263900 0.083600 0.231800 0.263500 0.186400 0.360900 0.356400
RoeDeer 0.286000 0.466800 0.448300 0.391800 0.359600 0.273300 0.391000 0.338000 0.372700 0.044600 0.286000 0.461200 0.341800 0.293600 0.469100 0.338000 0.350400 0.238300 0.286000 0.424300 0.338000 0.326200 0.045100 0.093300 0.286000 0.403900 0.333600 0.424300 0.426300 0.461600 0.100200 0.333200 0.233200 0.382400 0.382100 0.283900 0.284200 0.363400 0.327200 0.000000 0.045100 0.403900 0.044600 0.098200 0.283900 0.441800 0.338000 0.284200 0.438300 0.232300 0.429100 0.424300
WhiteLippe 0.220900 0.403400 0.374000 0.326100 0.291900 0.209900 0.322900 0.272300 0.365500 0.000200 0.220900 0.375600 0.274400 0.226500 0.396100 0.272300 0.353000 0.239000 0.220900 0.359000 0.272300 0.262400 0.000000 0.045600 0.220900 0.335700 0.268500 0.359000 0.352900 0.384600 0.049000 0.268300 0.172900 0.316000 0.316700 0.219300 0.219100 0.292000 0.395900 0.045100 0.000000 0.335700 0.000200 0.048300 0.219300 0.371100 0.272300 0.219800 0.370900 0.167400 0.363100 0.359000
ThomsonGaz 0.088500 0.316100 0.324700 0.423200 0.140300 0.086900 0.173700 0.041800 0.316200 0.333200 0.089000 0.312600 0.133500 0.091000 0.228300 0.041800 0.296200 0.315100 0.088400 0.309700 0.041800 0.128300 0.335700 0.408500 0.088400 0.000000 0.130700 0.309700 0.088600 0.332300 0.329000 0.132100 0.149600 0.171200 0.173000 0.185000 0.088700 0.138900 0.127700 0.403900 0.335700 0.000000 0.333200 0.292000 0.185000 0.218300 0.041600 0.137800 0.218300 0.139400 0.314000 0.309700
MuntiacusC 0.217100 0.405300 0.365800 0.328100 0.289000 0.206200 0.319400 0.269300 0.359100 0.000000 0.217100 0.371300 0.271200 0.222800 0.391400 0.269300 0.348600 0.233500 0.217100 0.352200 0.269300 0.258300 0.000200 0.045600 0.217100 0.333200 0.265300 0.352200 0.350000 0.376600 0.048900 0.265000 0.168800 0.312300 0.314100 0.215600 0.215400 0.288500 0.392800 0.044600 0.000200 0.333200 0.000000 0.048100 0.215600 0.367800 0.269300 0.215000 0.368000 0.162400 0.356500 0.352200
WhiteTaile 0.172200 0.365800 0.332100 0.283900 0.243900 0.162700 0.279400 0.226300 0.325900 0.048100 0.172200 0.327900 0.227600 0.176600 0.354500 0.226300 0.310700 0.187800 0.172200 0.320200 0.226300 0.217000 0.048300 0.099900 0.172200 0.292000 0.223300 0.320200 0.307200 0.342700 0.107500 0.222500 0.113600 0.273900 0.273000 0.171000 0.172100 0.244100 0.352600 0.098200 0.048300 0.292000 0.048100 0.000000 0.171000 0.330000 0.226300 0.171000 0.329300 0.113600 0.323600 0.320200
Cattle 0.091200 0.264900 0.128600 0.304300 0.145100 0.089500 0.179000 0.136200 0.125100 0.215600 0.091200 0.095100 0.139200 0.094000 0.235500 0.136200 0.305400 0.204600 0.091200 0.122700 0.136200 0.132000 0.219300 0.286400 0.091200 0.185000 0.134800 0.122700 0.193600 0.130300 0.197500 0.136200 0.154900 0.176200 0.084600 0.000000 0.091500 0.143700 0.232500 0.283900 0.219300 0.185000 0.215600 0.171000 0.000000 0.224900 0.136200 0.191000 0.225000 0.046100 0.124600 0.122700
RoyalAntel 0.128800 0.529800 0.359000 0.451300 0.181500 0.126000 0.211600 0.171600 0.348800 0.367800 0.128800 0.236200 0.174100 0.131600 0.264500 0.171600 0.333100 0.350800 0.128800 0.342800 0.171600 0.165600 0.371100 0.444100 0.128800 0.218300 0.169800 0.342800 0.226500 0.366100 0.365100 0.170700 0.191600 0.118000 0.121400 0.224900 0.128500 0.180400 0.263900 0.441800 0.371100 0.218300 0.367800 0.330000 0.224900 0.000000 0.171600 0.223600 0.254900 0.180100 0.347400 0.342800
Steenbok 0.043500 0.310100 0.271700 0.357900 0.092000 0.042700 0.127800 0.000000 0.264400 0.269300 0.043500 0.255200 0.086500 0.044800 0.178200 0.000000 0.240200 0.255600 0.043400 0.258900 0.000000 0.083900 0.272300 0.341300 0.043200 0.041800 0.085700 0.258900 0.043600 0.277100 0.259600 0.086700 0.097800 0.126000 0.127800 0.136200 0.043600 0.091200 0.083600 0.338000 0.272300 0.041600 0.269300 0.226300 0.136200 0.171600 0.000000 0.135800 0.171600 0.091200 0.262600 0.258900
Impala 0.091200 0.262500 0.336500 0.306000 0.144300 0.089300 0.178800 0.135800 0.326700 0.215000 0.091200 0.322400 0.138800 0.094000 0.234800 0.135800 0.192400 0.204900 0.091200 0.320400 0.135800 0.132300 0.219800 0.286400 0.091100 0.137800 0.134300 0.320400 0.193300 0.343700 0.195700 0.135800 0.048500 0.176000 0.177200 0.191000 0.091300 0.143100 0.231800 0.284200 0.219800 0.137800 0.215000 0.171000 0.191000 0.223600 0.135800 0.000000 0.223900 0.144200 0.325200 0.320400
Klipspring 0.129000 0.526000 0.357700 0.452900 0.179500 0.126100 0.211800 0.171600 0.348600 0.368000 0.129000 0.355600 0.174600 0.131900 0.264000 0.171600 0.331400 0.351600 0.129000 0.341100 0.171600 0.165500 0.370900 0.311600 0.129000 0.218300 0.170200 0.341100 0.226600 0.365700 0.365400 0.171000 0.191700 0.208800 0.211700 0.225000 0.128800 0.179200 0.263500 0.438300 0.370900 0.218300 0.368000 0.329300 0.225000 0.254900 0.171600 0.223900 0.000000 0.180400 0.345800 0.341100
ForestMusk 0.046200 0.332200 0.182100 0.255400 0.097200 0.045000 0.134700 0.091200 0.176800 0.162400 0.046000 0.152100 0.093200 0.047400 0.189400 0.091200 0.256300 0.155000 0.046000 0.173300 0.091000 0.088500 0.167400 0.233700 0.046000 0.139400 0.090300 0.173300 0.145900 0.184900 0.133500 0.091200 0.104100 0.132600 0.134000 0.045700 0.046100 0.096100 0.186400 0.232300 0.167400 0.139400 0.162400 0.113600 0.046100 0.180100 0.091200 0.144200 0.180400 0.000000 0.176200 0.173300
Bushbuck 0.219800 0.395100 0.075400 0.452500 0.277100 0.213900 0.304400 0.262600 0.000200 0.356500 0.219800 0.227500 0.267300 0.225400 0.256400 0.262600 0.323300 0.233100 0.219800 0.000100 0.262600 0.254800 0.363100 0.433000 0.219800 0.314000 0.259700 0.000100 0.325400 0.076200 0.350000 0.260700 0.296500 0.299800 0.203100 0.124600 0.219100 0.275600 0.360900 0.429100 0.363100 0.314000 0.356500 0.323600 0.124600 0.347400 0.262600 0.325200 0.345800 0.176200 0.000000 0.000100
GreaterKud 0.216500 0.389500 0.074100 0.445600 0.272900 0.210700 0.300400 0.258900 0.000100 0.352200 0.216500 0.224300 0.262800 0.222100 0.252400 0.258900 0.317800 0.228600 0.216500 0.000000 0.258900 0.251300 0.359000 0.427800 0.216500 0.309700 0.256100 0.000000 0.320200 0.074900 0.348500 0.256900 0.292100 0.295700 0.200300 0.122700 0.215800 0.271500 0.356400 0.424300 0.359000 0.309700 0.352200 0.320200 0.122700 0.342800 0.258900 0.320400 0.341100 0.173300 0.000100 0.000000
