1
52 1
Argali 0.000000 0.135100 0.093800 0.133500 0.057500 0.005600 0.022400 0.028000 0.093300 0.016800 0.011100 0.051400 0.039600 0.028300 0.039700 0.033900 0.082300 0.094500 0.016700 0.093400 0.033700 0.016700 0.016800 0.033900 0.022300 0.039900 0.016700 0.093300 0.028200 0.093400 0.022500 0.033900 0.069100 0.016700 0.011100 0.063300 0.011100 0.028000 0.022400 0.028300 0.028100 0.033900 0.016800 0.034000 0.063300 0.033800 0.033900 0.045600 0.022300 0.045200 0.099900 0.080900
LesserMous 0.135100 0.000000 0.219700 0.190600 0.176800 0.141500 0.141200 0.154200 0.218100 0.142200 0.135200 0.176100 0.169800 0.149300 0.170100 0.155000 0.178000 0.207200 0.155000 0.218200 0.161300 0.128400 0.142000 0.148900 0.134800 0.163200 0.155300 0.218200 0.134900 0.218200 0.142300 0.155400 0.168600 0.148700 0.149200 0.175700 0.134800 0.154600 0.148700 0.157000 0.155400 0.155000 0.142200 0.149100 0.175800 0.161700 0.162300 0.175300 0.147400 0.160700 0.211400 0.203100
LesserKudu 0.093800 0.219700 0.000000 0.217100 0.119200 0.099900 0.106100 0.099400 0.022100 0.100200 0.093900 0.112400 0.139400 0.113300 0.126100 0.119000 0.133200 0.160000 0.112400 0.021900 0.118500 0.100200 0.100100 0.106400 0.106200 0.126500 0.112700 0.027500 0.100100 0.022000 0.106800 0.119300 0.151800 0.113100 0.106700 0.099400 0.093700 0.112200 0.106400 0.113700 0.112700 0.119100 0.100200 0.093900 0.086900 0.105900 0.106300 0.131900 0.093000 0.092800 0.027600 0.022300
KillerWhal 0.133500 0.190600 0.217100 0.000000 0.160500 0.139900 0.139500 0.152500 0.215600 0.140200 0.147000 0.173700 0.160700 0.147400 0.153700 0.153100 0.190200 0.204200 0.153000 0.201100 0.159500 0.140300 0.126500 0.146800 0.160200 0.147100 0.146600 0.201300 0.146900 0.201100 0.147200 0.139600 0.166700 0.146900 0.147300 0.188000 0.146600 0.125800 0.146800 0.147900 0.153200 0.153100 0.140200 0.161000 0.188100 0.159800 0.146700 0.174800 0.145600 0.159200 0.223600 0.200900
DefassaWat 0.057500 0.176800 0.119200 0.160500 0.000000 0.063400 0.069300 0.075100 0.118500 0.063600 0.069600 0.100400 0.100800 0.076000 0.088100 0.081700 0.120300 0.140400 0.075100 0.118600 0.081300 0.075700 0.063500 0.081900 0.081400 0.088500 0.075500 0.118500 0.063500 0.118600 0.069800 0.081800 0.100000 0.075800 0.069700 0.075000 0.069400 0.027700 0.069500 0.076200 0.075600 0.081700 0.063600 0.069600 0.075000 0.051200 0.081700 0.093900 0.069000 0.081000 0.125300 0.118600
Sheep 0.005600 0.141500 0.099900 0.139900 0.063400 0.000000 0.028000 0.033600 0.099400 0.022400 0.016700 0.057200 0.045400 0.034000 0.045500 0.039600 0.088400 0.100600 0.022200 0.099400 0.039400 0.022300 0.022400 0.039700 0.027900 0.045700 0.022300 0.099400 0.033900 0.099400 0.028200 0.039700 0.075000 0.022300 0.016700 0.069200 0.016600 0.033600 0.028100 0.034100 0.033800 0.039600 0.022400 0.039800 0.069200 0.039500 0.039600 0.051400 0.027900 0.051000 0.106000 0.086900
MaxwellsDu 0.022400 0.141200 0.106100 0.139500 0.069300 0.028000 0.000000 0.039300 0.105500 0.028100 0.033900 0.051200 0.063400 0.028200 0.051300 0.033700 0.094600 0.107000 0.039500 0.105600 0.045200 0.039700 0.028100 0.045500 0.045400 0.039700 0.039500 0.105600 0.028100 0.105600 0.033900 0.033800 0.081000 0.028100 0.033900 0.063000 0.033800 0.039400 0.033800 0.039900 0.028000 0.033700 0.028100 0.045600 0.063100 0.045200 0.045400 0.057300 0.033500 0.056800 0.112200 0.093000
GazellaPrz 0.028000 0.154200 0.099400 0.152500 0.075100 0.033600 0.039300 0.000000 0.098900 0.033700 0.039500 0.056900 0.069100 0.045500 0.057100 0.039200 0.100500 0.112900 0.045100 0.098900 0.039100 0.045300 0.033700 0.051100 0.051000 0.045300 0.045200 0.098900 0.033600 0.098900 0.039600 0.051100 0.086900 0.045300 0.039600 0.068800 0.039400 0.045000 0.027800 0.045600 0.045200 0.027800 0.033700 0.051200 0.068900 0.050900 0.039200 0.063000 0.039200 0.062500 0.105400 0.086500
MountainNy 0.093300 0.218100 0.022100 0.215600 0.118500 0.099400 0.105500 0.098900 0.000000 0.099700 0.093400 0.099200 0.138500 0.112700 0.125400 0.118400 0.132500 0.159000 0.111800 0.010800 0.117900 0.099700 0.099600 0.105900 0.105600 0.125800 0.112100 0.016400 0.099500 0.010900 0.106200 0.118600 0.150900 0.112400 0.106200 0.086600 0.093100 0.111600 0.105800 0.113000 0.112000 0.118500 0.099700 0.093400 0.074400 0.105300 0.105700 0.131200 0.092500 0.092300 0.016500 0.010800
MuntiacusM 0.016800 0.142200 0.100200 0.140200 0.063600 0.022400 0.028100 0.033700 0.099700 0.000000 0.028200 0.057400 0.057600 0.034100 0.045600 0.039700 0.088600 0.088300 0.033900 0.099700 0.039500 0.034000 0.011200 0.028200 0.039700 0.045800 0.033900 0.099700 0.034000 0.099700 0.005600 0.039800 0.075200 0.034000 0.028300 0.069400 0.028100 0.033700 0.028200 0.022600 0.022500 0.039700 0.000000 0.028300 0.069400 0.039600 0.039700 0.051500 0.028000 0.051100 0.106300 0.087200
goat 0.011100 0.135200 0.093900 0.147000 0.069600 0.016700 0.033900 0.039500 0.093400 0.028200 0.000000 0.063400 0.051400 0.039900 0.051600 0.045500 0.070000 0.094600 0.028000 0.093500 0.045400 0.005500 0.028200 0.045600 0.011100 0.051800 0.028000 0.093500 0.039800 0.093500 0.034100 0.045600 0.081300 0.028100 0.022400 0.075500 0.000000 0.039500 0.033900 0.040000 0.039700 0.045600 0.028200 0.045700 0.075500 0.045400 0.045600 0.057500 0.033700 0.045200 0.100000 0.081000
AfricanBuf 0.051400 0.176100 0.112400 0.173700 0.100400 0.057200 0.051200 0.056900 0.099200 0.057400 0.063400 0.000000 0.094200 0.057500 0.081600 0.063100 0.119500 0.133000 0.069100 0.099300 0.075000 0.069400 0.057300 0.075400 0.075300 0.069600 0.069200 0.099300 0.057300 0.099300 0.063500 0.063200 0.112400 0.057300 0.063500 0.033700 0.063200 0.068800 0.063300 0.069800 0.069300 0.063100 0.057400 0.075700 0.033700 0.075000 0.075300 0.075400 0.062800 0.087000 0.105800 0.086800
Topi 0.039600 0.169800 0.139400 0.160700 0.100800 0.045400 0.063400 0.069100 0.138500 0.057600 0.051400 0.094200 0.000000 0.069900 0.081800 0.075600 0.127500 0.140500 0.057100 0.138600 0.075200 0.057400 0.057500 0.075700 0.063200 0.082200 0.022200 0.138600 0.069700 0.138600 0.063700 0.075700 0.100000 0.033600 0.051500 0.106800 0.051300 0.069200 0.063500 0.070100 0.069500 0.075500 0.057600 0.075900 0.106900 0.075300 0.075600 0.069600 0.063000 0.075000 0.145600 0.125300
CommonDuik 0.028300 0.149300 0.113300 0.147400 0.076000 0.034000 0.028200 0.045500 0.112700 0.034100 0.039900 0.057500 0.069900 0.000000 0.057700 0.039800 0.101700 0.114300 0.045600 0.112800 0.051400 0.045400 0.034100 0.051700 0.051600 0.045900 0.045700 0.112700 0.034100 0.112800 0.040000 0.028100 0.087700 0.034100 0.040000 0.069500 0.039800 0.045500 0.039900 0.046100 0.045800 0.039800 0.034100 0.051900 0.069600 0.051400 0.051600 0.063700 0.039600 0.063200 0.119500 0.099900
Suni 0.039700 0.170100 0.126100 0.153700 0.088100 0.045500 0.051300 0.057100 0.125400 0.045600 0.051600 0.081600 0.081800 0.057700 0.000000 0.063300 0.114300 0.127100 0.057300 0.125400 0.063100 0.057500 0.033900 0.063500 0.063400 0.057600 0.057300 0.125400 0.057500 0.125400 0.051700 0.063500 0.087400 0.057500 0.051600 0.094100 0.051400 0.057100 0.051500 0.051800 0.057400 0.063300 0.045600 0.063600 0.094100 0.063200 0.057400 0.063200 0.051100 0.074900 0.132300 0.112300
Springbuck 0.033900 0.155000 0.119000 0.153100 0.081700 0.039600 0.033700 0.039200 0.118400 0.039700 0.045500 0.063100 0.075600 0.039800 0.063300 0.000000 0.107400 0.120000 0.051200 0.118400 0.033500 0.051400 0.039700 0.057300 0.057200 0.016700 0.051300 0.118400 0.016700 0.118400 0.045600 0.045400 0.093500 0.039600 0.045600 0.075200 0.045400 0.051100 0.033700 0.051700 0.051300 0.022200 0.039700 0.057500 0.075200 0.057000 0.033700 0.069400 0.045100 0.068700 0.125200 0.105600
Okapi 0.082300 0.178000 0.133200 0.190200 0.120300 0.088400 0.094600 0.100500 0.132500 0.088600 0.070000 0.119500 0.127500 0.101700 0.114300 0.107400 0.000000 0.039500 0.100900 0.132600 0.107000 0.076100 0.088500 0.082300 0.082100 0.114700 0.101100 0.132600 0.101300 0.132600 0.095100 0.107600 0.113600 0.101400 0.082300 0.140200 0.069800 0.087700 0.094900 0.102000 0.101100 0.107500 0.088600 0.095100 0.140200 0.094200 0.094700 0.120800 0.081600 0.094000 0.139500 0.119300
Giraffe 0.094500 0.207200 0.160000 0.204200 0.140400 0.100600 0.107000 0.112900 0.159000 0.088300 0.094600 0.133000 0.140500 0.114300 0.127100 0.120000 0.039500 0.000000 0.113300 0.159100 0.119500 0.101000 0.088200 0.094600 0.107100 0.127500 0.113500 0.159100 0.113800 0.159100 0.094800 0.120200 0.119500 0.113900 0.094500 0.153400 0.094400 0.106600 0.100800 0.101600 0.100800 0.120000 0.088300 0.107600 0.153400 0.100000 0.107100 0.133700 0.106400 0.119100 0.166400 0.145400
TibetanAnt 0.016700 0.155000 0.112400 0.153000 0.075100 0.022200 0.039500 0.045100 0.111800 0.033900 0.028000 0.069100 0.057100 0.045600 0.057300 0.051200 0.100900 0.113300 0.000000 0.111900 0.051000 0.033700 0.033800 0.051300 0.039300 0.057500 0.033600 0.111800 0.045500 0.111900 0.039700 0.051300 0.087100 0.033700 0.028000 0.081300 0.027900 0.045000 0.028100 0.045700 0.045400 0.051200 0.033900 0.051500 0.081300 0.051100 0.051300 0.063200 0.039300 0.062700 0.118500 0.099200
Sitatunga 0.093400 0.218200 0.021900 0.201100 0.118600 0.099400 0.105600 0.098900 0.010800 0.099700 0.093500 0.099300 0.138600 0.112800 0.125400 0.118400 0.132600 0.159100 0.111900 0.000000 0.118000 0.099700 0.099600 0.105900 0.105700 0.125800 0.112100 0.005500 0.099600 0.000000 0.106200 0.118700 0.150900 0.112500 0.106200 0.086700 0.093200 0.111600 0.105900 0.113100 0.112100 0.118500 0.099700 0.093400 0.074400 0.105300 0.105700 0.131200 0.092600 0.092400 0.016400 0.011000
Oribi 0.033700 0.161300 0.118500 0.159500 0.081300 0.039400 0.045200 0.039100 0.117900 0.039500 0.045400 0.075000 0.075200 0.051400 0.063100 0.033500 0.107000 0.119500 0.051000 0.118000 0.000000 0.051200 0.039500 0.057100 0.057000 0.039500 0.051100 0.118000 0.027900 0.118000 0.045400 0.057100 0.093100 0.051200 0.045400 0.087200 0.045200 0.050900 0.033500 0.051500 0.051100 0.033500 0.039500 0.057200 0.087200 0.056800 0.045100 0.069100 0.045000 0.068500 0.124700 0.105200
BarbaryShe 0.016700 0.128400 0.100200 0.140300 0.075700 0.022300 0.039700 0.045300 0.099700 0.034000 0.005500 0.069400 0.057400 0.045400 0.057500 0.051400 0.076100 0.101000 0.033700 0.099700 0.051200 0.000000 0.034000 0.051500 0.016700 0.057800 0.033800 0.099700 0.045700 0.099700 0.039900 0.051400 0.087500 0.033900 0.028100 0.081600 0.005500 0.045300 0.039700 0.045900 0.045600 0.051400 0.034000 0.051700 0.081700 0.051300 0.051500 0.063500 0.039500 0.051100 0.106300 0.087200
Daviddeer 0.016800 0.142000 0.100100 0.126500 0.063500 0.022400 0.028100 0.033700 0.099600 0.011200 0.028200 0.057300 0.057500 0.034100 0.033900 0.039700 0.088500 0.088200 0.033800 0.099600 0.039500 0.034000 0.000000 0.028200 0.039700 0.034000 0.033900 0.099600 0.034000 0.099600 0.016800 0.039700 0.075100 0.034000 0.028200 0.069300 0.028100 0.033700 0.028200 0.022600 0.022400 0.039700 0.011200 0.028200 0.069400 0.039500 0.039700 0.051500 0.027900 0.051100 0.106200 0.087100
Reindeer 0.033900 0.148900 0.106400 0.146800 0.081900 0.039700 0.045500 0.051100 0.105900 0.028200 0.045600 0.075400 0.075700 0.051700 0.063500 0.057300 0.082300 0.094600 0.051300 0.105900 0.057100 0.051500 0.028200 0.000000 0.057400 0.063700 0.051400 0.105900 0.051600 0.105900 0.034000 0.057400 0.081200 0.051500 0.045700 0.087800 0.045500 0.051200 0.045600 0.028100 0.039700 0.057300 0.028200 0.011100 0.087800 0.057100 0.057400 0.069500 0.033600 0.056900 0.112500 0.093300
Ibex 0.022300 0.134800 0.106200 0.160200 0.081400 0.027900 0.045400 0.051000 0.105600 0.039700 0.011100 0.075300 0.063200 0.051600 0.063400 0.057200 0.082100 0.107100 0.039300 0.105700 0.057000 0.016700 0.039700 0.057400 0.000000 0.063600 0.039400 0.105700 0.051500 0.105700 0.045700 0.057300 0.093400 0.039500 0.033800 0.087600 0.011100 0.050900 0.045500 0.051700 0.051400 0.057200 0.039700 0.057500 0.087600 0.057000 0.057300 0.069400 0.045100 0.056800 0.112300 0.093100
GyrantGaze 0.039900 0.163200 0.126500 0.147100 0.088500 0.045700 0.039700 0.045300 0.125800 0.045800 0.051800 0.069600 0.082200 0.045900 0.057600 0.016700 0.114700 0.127500 0.057500 0.125800 0.039500 0.057800 0.034000 0.063700 0.063600 0.000000 0.057500 0.125800 0.022400 0.125800 0.051900 0.051600 0.100400 0.045700 0.051900 0.081800 0.051600 0.057300 0.039700 0.058100 0.057700 0.016700 0.045800 0.063900 0.081900 0.063400 0.051400 0.076000 0.051300 0.075200 0.132700 0.112700
Hartebeest 0.016700 0.155300 0.112700 0.146600 0.075500 0.022300 0.039500 0.045200 0.112100 0.033900 0.028000 0.069200 0.022200 0.045700 0.057300 0.051300 0.101100 0.113500 0.033600 0.112100 0.051100 0.033800 0.033900 0.051400 0.039400 0.057500 0.000000 0.112100 0.045600 0.112200 0.039800 0.051400 0.075000 0.011000 0.028100 0.081400 0.027900 0.045200 0.039600 0.045800 0.045400 0.051200 0.033900 0.051500 0.081500 0.051200 0.051300 0.045500 0.039300 0.050900 0.118900 0.099400
Bongo 0.093300 0.218200 0.027500 0.201300 0.118500 0.099400 0.105600 0.098900 0.016400 0.099700 0.093500 0.099300 0.138600 0.112700 0.125400 0.118400 0.132600 0.159100 0.111800 0.005500 0.118000 0.099700 0.099600 0.105900 0.105700 0.125800 0.112100 0.000000 0.099600 0.005400 0.106200 0.118700 0.150900 0.112500 0.106200 0.086700 0.093200 0.111600 0.105800 0.113100 0.112100 0.118500 0.099700 0.093400 0.074400 0.105300 0.105700 0.131200 0.092600 0.092400 0.021900 0.016300
Gerenuk 0.028200 0.134900 0.100100 0.146900 0.063500 0.033900 0.028100 0.033600 0.099500 0.034000 0.039800 0.057300 0.069700 0.034100 0.057500 0.016700 0.101300 0.113800 0.045500 0.099600 0.027900 0.045700 0.034000 0.051600 0.051500 0.022400 0.045600 0.099600 0.000000 0.099600 0.039900 0.039700 0.087500 0.034000 0.039900 0.057200 0.039700 0.045400 0.028100 0.046000 0.045600 0.016700 0.034000 0.039800 0.057300 0.051300 0.039600 0.062500 0.039500 0.051000 0.106100 0.087000
CommonElan 0.093400 0.218200 0.022000 0.201100 0.118600 0.099400 0.105600 0.098900 0.010900 0.099700 0.093500 0.099300 0.138600 0.112800 0.125400 0.118400 0.132600 0.159100 0.111900 0.000000 0.118000 0.099700 0.099600 0.105900 0.105700 0.125800 0.112200 0.005400 0.099600 0.000000 0.106200 0.118700 0.150900 0.112500 0.106200 0.086700 0.093200 0.111600 0.105900 0.113100 0.112100 0.118500 0.099700 0.093500 0.074400 0.105300 0.105800 0.131100 0.092600 0.092400 0.016400 0.010900
MuntiacusR 0.022500 0.142300 0.106800 0.147200 0.069800 0.028200 0.033900 0.039600 0.106200 0.005600 0.034100 0.063500 0.063700 0.040000 0.051700 0.045600 0.095100 0.094800 0.039700 0.106200 0.045400 0.039900 0.016800 0.034000 0.045700 0.051900 0.039800 0.106200 0.039900 0.106200 0.000000 0.045700 0.081400 0.039900 0.034100 0.075600 0.034000 0.039600 0.034000 0.028400 0.028200 0.045600 0.005600 0.034100 0.075700 0.045500 0.045700 0.057600 0.033700 0.057100 0.112900 0.093500
HarveysDui 0.033900 0.155400 0.119300 0.139600 0.081800 0.039700 0.033800 0.051100 0.118600 0.039800 0.045600 0.063200 0.075700 0.028100 0.063500 0.045400 0.107600 0.120200 0.051300 0.118700 0.057100 0.051400 0.039700 0.057400 0.057300 0.051600 0.051400 0.118700 0.039700 0.118700 0.045700 0.000000 0.093700 0.039700 0.045700 0.075300 0.045500 0.051100 0.045500 0.045900 0.051400 0.045400 0.039800 0.057600 0.075300 0.057100 0.057300 0.069500 0.045200 0.068900 0.125500 0.105800
Pronghorn 0.069100 0.168600 0.151800 0.166700 0.100000 0.075000 0.081000 0.086900 0.150900 0.075200 0.081300 0.112400 0.100000 0.087700 0.087400 0.093500 0.113600 0.119500 0.087100 0.150900 0.093100 0.087500 0.075100 0.081200 0.093400 0.100400 0.075000 0.150900 0.087500 0.150900 0.081400 0.093700 0.000000 0.087600 0.081500 0.112300 0.081100 0.080800 0.081200 0.088000 0.087300 0.093500 0.075200 0.093800 0.112400 0.074800 0.087300 0.106400 0.080600 0.105300 0.158000 0.144100
BlueWildeb 0.016700 0.148700 0.113100 0.146900 0.075800 0.022300 0.028100 0.045300 0.112400 0.034000 0.028100 0.057300 0.033600 0.034100 0.057500 0.039600 0.101400 0.113900 0.033700 0.112500 0.051200 0.033900 0.034000 0.051500 0.039500 0.045700 0.011000 0.112500 0.034000 0.112500 0.039900 0.039700 0.087600 0.000000 0.028200 0.069300 0.028000 0.045400 0.039800 0.045900 0.045600 0.039600 0.034000 0.051700 0.069400 0.051300 0.051500 0.045600 0.039500 0.051100 0.119200 0.099700
Gemsbok 0.011100 0.149200 0.106700 0.147300 0.069700 0.016700 0.033900 0.039600 0.106200 0.028300 0.022400 0.063500 0.051500 0.040000 0.051600 0.045600 0.082300 0.094500 0.028000 0.106200 0.045400 0.028100 0.028200 0.045700 0.033800 0.051900 0.028100 0.106200 0.039900 0.106200 0.034100 0.045700 0.081500 0.028200 0.000000 0.075600 0.022400 0.039600 0.034000 0.040100 0.039800 0.045600 0.028300 0.045800 0.075600 0.039600 0.045600 0.057600 0.033700 0.057100 0.112900 0.093500
Yak 0.063300 0.175700 0.099400 0.188000 0.075000 0.069200 0.063000 0.068800 0.086600 0.069400 0.075500 0.033700 0.106800 0.069500 0.094100 0.075200 0.140200 0.153400 0.081300 0.086700 0.087200 0.081600 0.069300 0.087800 0.087600 0.081800 0.081400 0.086700 0.057200 0.086700 0.075600 0.075300 0.112300 0.069300 0.075600 0.000000 0.075300 0.081000 0.075400 0.082100 0.081500 0.075200 0.069400 0.075500 0.011000 0.074900 0.087600 0.087100 0.074800 0.086800 0.093000 0.086700
BlueSheep 0.011100 0.134800 0.093700 0.146600 0.069400 0.016600 0.033800 0.039400 0.093100 0.028100 0.000000 0.063200 0.051300 0.039800 0.051400 0.045400 0.069800 0.094400 0.027900 0.093200 0.045200 0.005500 0.028100 0.045500 0.011100 0.051600 0.027900 0.093200 0.039700 0.093200 0.034000 0.045500 0.081100 0.028000 0.022400 0.075300 0.000000 0.039400 0.033800 0.039900 0.039600 0.045400 0.028100 0.045600 0.075300 0.045300 0.045400 0.057300 0.033600 0.045100 0.099700 0.080800
BohorReedb 0.028000 0.154600 0.112200 0.125800 0.027700 0.033600 0.039400 0.045000 0.111600 0.033700 0.039500 0.068800 0.069200 0.045500 0.057100 0.051100 0.087700 0.106600 0.045000 0.111600 0.050900 0.045300 0.033700 0.051200 0.050900 0.057300 0.045200 0.111600 0.045400 0.111600 0.039600 0.051100 0.080800 0.045400 0.039600 0.081000 0.039400 0.000000 0.039500 0.045600 0.045300 0.051100 0.033700 0.051300 0.081000 0.033500 0.051100 0.063100 0.039200 0.062500 0.118300 0.098900
KirksDik 0.022400 0.148700 0.106400 0.146800 0.069500 0.028100 0.033800 0.027800 0.105800 0.028200 0.033900 0.063300 0.063500 0.039900 0.051500 0.033700 0.094900 0.100800 0.028100 0.105900 0.033500 0.039700 0.028200 0.045600 0.045500 0.039700 0.039600 0.105800 0.028100 0.105900 0.034000 0.045500 0.081200 0.039800 0.034000 0.075400 0.033800 0.039500 0.000000 0.040000 0.039700 0.033700 0.028200 0.045700 0.075400 0.045300 0.033700 0.057400 0.033600 0.056900 0.112500 0.093200
RoeDeer 0.028300 0.157000 0.113700 0.147900 0.076200 0.034100 0.039900 0.045600 0.113000 0.022600 0.040000 0.069800 0.070100 0.046100 0.051800 0.051700 0.102000 0.101600 0.045700 0.113100 0.051500 0.045900 0.022600 0.028100 0.051700 0.058100 0.045800 0.113100 0.046000 0.113100 0.028400 0.045900 0.088000 0.045900 0.040100 0.082100 0.039900 0.045600 0.040000 0.000000 0.034100 0.051700 0.022600 0.028200 0.082200 0.051600 0.051800 0.063900 0.039700 0.063300 0.119900 0.100200
WhiteLippe 0.028100 0.155400 0.112700 0.153200 0.075600 0.033800 0.028000 0.045200 0.112000 0.022500 0.039700 0.069300 0.069500 0.045800 0.057400 0.051300 0.101100 0.100800 0.045400 0.112100 0.051100 0.045600 0.022400 0.039700 0.051400 0.057700 0.045400 0.112100 0.045600 0.112100 0.028200 0.051400 0.087300 0.045600 0.039800 0.081500 0.039600 0.045300 0.039700 0.034100 0.000000 0.051400 0.022500 0.039800 0.081500 0.051200 0.051400 0.063400 0.039400 0.062800 0.118800 0.099400
ThomsonGaz 0.033900 0.155000 0.119100 0.153100 0.081700 0.039600 0.033700 0.027800 0.118500 0.039700 0.045600 0.063100 0.075500 0.039800 0.063300 0.022200 0.107500 0.120000 0.051200 0.118500 0.033500 0.051400 0.039700 0.057300 0.057200 0.016700 0.051200 0.118500 0.016700 0.118500 0.045600 0.045400 0.093500 0.039600 0.045600 0.075200 0.045400 0.051100 0.033700 0.051700 0.051400 0.000000 0.039700 0.057500 0.075200 0.057100 0.045200 0.069400 0.045200 0.068700 0.125200 0.105600
MuntiacusC 0.016800 0.142200 0.100200 0.140200 0.063600 0.022400 0.028100 0.033700 0.099700 0.000000 0.028200 0.057400 0.057600 0.034100 0.045600 0.039700 0.088600 0.088300 0.033900 0.099700 0.039500 0.034000 0.011200 0.028200 0.039700 0.045800 0.033900 0.099700 0.034000 0.099700 0.005600 0.039800 0.075200 0.034000 0.028300 0.069400 0.028100 0.033700 0.028200 0.022600 0.022500 0.039700 0.000000 0.028300 0.069400 0.039600 0.039700 0.051500 0.028000 0.051100 0.106300 0.087200
WhiteTaile 0.034000 0.149100 0.093900 0.161000 0.069600 0.039800 0.045600 0.051200 0.093400 0.028300 0.045700 0.075700 0.075900 0.051900 0.063600 0.057500 0.095100 0.107600 0.051500 0.093400 0.057200 0.051700 0.028200 0.011100 0.057500 0.063900 0.051500 0.093400 0.039800 0.093500 0.034100 0.057600 0.093800 0.051700 0.045800 0.075500 0.045600 0.051300 0.045700 0.028200 0.039800 0.057500 0.028300 0.000000 0.075500 0.057300 0.057500 0.068400 0.033700 0.045200 0.099900 0.081000
Cattle 0.063300 0.175800 0.086900 0.188100 0.075000 0.069200 0.063100 0.068900 0.074400 0.069400 0.075500 0.033700 0.106900 0.069600 0.094100 0.075200 0.140200 0.153400 0.081300 0.074400 0.087200 0.081700 0.069400 0.087800 0.087600 0.081900 0.081500 0.074400 0.057300 0.074400 0.075700 0.075300 0.112400 0.069400 0.075600 0.011000 0.075300 0.081000 0.075400 0.082200 0.081500 0.075200 0.069400 0.075500 0.000000 0.075000 0.087700 0.087200 0.074800 0.086900 0.080700 0.074500
RoyalAntel 0.033800 0.161700 0.105900 0.159800 0.051200 0.039500 0.045200 0.050900 0.105300 0.039600 0.045400 0.075000 0.075300 0.051400 0.063200 0.057000 0.094200 0.100000 0.051100 0.105300 0.056800 0.051300 0.039500 0.057100 0.057000 0.063400 0.051200 0.105300 0.051300 0.105300 0.045500 0.057100 0.074800 0.051300 0.039600 0.074900 0.045300 0.033500 0.045300 0.051600 0.051200 0.057100 0.039600 0.057300 0.075000 0.000000 0.057100 0.069200 0.045000 0.068600 0.111900 0.105300
Steenbok 0.033900 0.162300 0.106300 0.146700 0.081700 0.039600 0.045400 0.039200 0.105700 0.039700 0.045600 0.075300 0.075600 0.051600 0.057400 0.033700 0.094700 0.107100 0.051300 0.105700 0.045100 0.051500 0.039700 0.057400 0.057300 0.051400 0.051300 0.105700 0.039600 0.105800 0.045700 0.057300 0.087300 0.051500 0.045600 0.087600 0.045400 0.051100 0.033700 0.051800 0.051400 0.045200 0.039700 0.057500 0.087700 0.057100 0.000000 0.069400 0.045200 0.068800 0.112400 0.093100
Impala 0.045600 0.175300 0.131900 0.174800 0.093900 0.051400 0.057300 0.063000 0.131200 0.051500 0.057500 0.075400 0.069600 0.063700 0.063200 0.069400 0.120800 0.133700 0.063200 0.131200 0.069100 0.063500 0.051500 0.069500 0.069400 0.076000 0.045500 0.131200 0.062500 0.131100 0.057600 0.069500 0.106400 0.045600 0.057600 0.087100 0.057300 0.063100 0.057400 0.063900 0.063400 0.069400 0.051500 0.068400 0.087200 0.069200 0.069400 0.000000 0.057000 0.067900 0.138200 0.118000
Klipspring 0.022300 0.147400 0.093000 0.145600 0.069000 0.027900 0.033500 0.039200 0.092500 0.028000 0.033700 0.062800 0.063000 0.039600 0.051100 0.045100 0.081600 0.106400 0.039300 0.092600 0.045000 0.039500 0.027900 0.033600 0.045100 0.051300 0.039300 0.092600 0.039500 0.092600 0.033700 0.045200 0.080600 0.039500 0.033700 0.074800 0.033600 0.039200 0.033600 0.039700 0.039400 0.045200 0.028000 0.033700 0.074800 0.045000 0.045200 0.057000 0.000000 0.044800 0.099000 0.080300
ForestMusk 0.045200 0.160700 0.092800 0.159200 0.081000 0.051000 0.056800 0.062500 0.092300 0.051100 0.045200 0.087000 0.075000 0.063200 0.074900 0.068700 0.094000 0.119100 0.062700 0.092400 0.068500 0.051100 0.051100 0.056900 0.056800 0.075200 0.050900 0.092400 0.051000 0.092400 0.057100 0.068900 0.105300 0.051100 0.057100 0.086800 0.045100 0.062500 0.056900 0.063300 0.062800 0.068700 0.051100 0.045200 0.086900 0.068600 0.068800 0.067900 0.044800 0.000000 0.098800 0.080100
Bushbuck 0.099900 0.211400 0.027600 0.223600 0.125300 0.106000 0.112200 0.105400 0.016500 0.106300 0.100000 0.105800 0.145600 0.119500 0.132300 0.125200 0.139500 0.166400 0.118500 0.016400 0.124700 0.106300 0.106200 0.112500 0.112300 0.132700 0.118900 0.021900 0.106100 0.016400 0.112900 0.125500 0.158000 0.119200 0.112900 0.093000 0.099700 0.118300 0.112500 0.119900 0.118800 0.125200 0.106300 0.099900 0.080700 0.111900 0.112400 0.138200 0.099000 0.098800 0.000000 0.016400
GreaterKud 0.080900 0.203100 0.022300 0.200900 0.118600 0.086900 0.093000 0.086500 0.010800 0.087200 0.081000 0.086800 0.125300 0.099900 0.112300 0.105600 0.119300 0.145400 0.099200 0.011000 0.105200 0.087200 0.087100 0.093300 0.093100 0.112700 0.099400 0.016300 0.087000 0.010900 0.093500 0.105800 0.144100 0.099700 0.093500 0.086700 0.080800 0.098900 0.093200 0.100200 0.099400 0.105600 0.087200 0.081000 0.074500 0.105300 0.093100 0.118000 0.080300 0.080100 0.016400 0.000000
