1
52 1
Argali 0.000000 0.237900 0.085800 0.222600 0.048500 0.019800 0.052700 0.099000 0.069300 0.099000 0.031800 0.061100 0.061100 0.052500 0.069400 0.085400 0.085800 0.086100 0.048400 0.081800 0.056400 0.044100 0.102800 0.094000 0.035800 0.081200 0.048500 0.073600 0.106500 0.069300 0.098800 0.052500 0.101900 0.052500 0.044500 0.056800 0.027800 0.048400 0.073000 0.107700 0.094600 0.073200 0.094600 0.085300 0.065200 0.052300 0.085400 0.052300 0.073600 0.094300 0.099000 0.090200
LesserMous 0.237900 0.000000 0.230100 0.299000 0.216900 0.237700 0.242800 0.272300 0.211900 0.251700 0.212800 0.237700 0.218000 0.236800 0.232300 0.239200 0.260800 0.230800 0.243700 0.226000 0.210700 0.216800 0.245400 0.244900 0.207200 0.244800 0.222800 0.226500 0.264500 0.231700 0.240900 0.237100 0.252800 0.216800 0.223600 0.241900 0.218100 0.212200 0.240000 0.271600 0.241500 0.246100 0.246200 0.233800 0.241800 0.236200 0.229300 0.196000 0.242300 0.245100 0.225800 0.225600
LesserKudu 0.085800 0.230100 0.000000 0.241100 0.060300 0.081400 0.064500 0.093600 0.023600 0.085100 0.060400 0.056200 0.081400 0.072600 0.072700 0.105700 0.072100 0.076300 0.077000 0.019500 0.076500 0.064100 0.093200 0.097200 0.056100 0.093000 0.077100 0.019600 0.135800 0.023600 0.084900 0.081100 0.087600 0.072600 0.056400 0.060100 0.064700 0.068500 0.084800 0.110900 0.080900 0.110800 0.080700 0.097000 0.068500 0.072400 0.097100 0.072300 0.068500 0.072200 0.035400 0.027400
KillerWhal 0.222600 0.299000 0.241100 0.000000 0.203100 0.227600 0.238100 0.247500 0.232500 0.226700 0.212400 0.212800 0.212600 0.242000 0.217300 0.239800 0.230700 0.221600 0.243500 0.237100 0.216000 0.226900 0.225400 0.229800 0.217000 0.235400 0.217200 0.227900 0.244500 0.222200 0.216200 0.232300 0.239100 0.221400 0.223000 0.216700 0.217800 0.207700 0.235600 0.231500 0.211700 0.226600 0.221400 0.219100 0.227100 0.231400 0.239900 0.211000 0.257500 0.240900 0.246900 0.236600
DefassaWat 0.048500 0.216900 0.060300 0.203100 0.000000 0.044300 0.044300 0.080800 0.044200 0.081600 0.023900 0.052600 0.044300 0.044100 0.052500 0.068400 0.077100 0.071200 0.039600 0.056400 0.039800 0.035600 0.089700 0.085400 0.019800 0.064400 0.040200 0.056600 0.089200 0.052400 0.081400 0.044100 0.084200 0.036000 0.028000 0.056600 0.028000 0.023800 0.048000 0.098800 0.077400 0.064700 0.077300 0.085200 0.056600 0.035800 0.060100 0.035800 0.048300 0.077100 0.073000 0.064600
Sheep 0.019800 0.237700 0.081400 0.227600 0.044300 0.000000 0.048400 0.094500 0.065000 0.094500 0.027800 0.056800 0.056800 0.048300 0.065000 0.089500 0.081400 0.081700 0.044100 0.077400 0.052100 0.039900 0.098300 0.098200 0.031800 0.076900 0.044300 0.069200 0.110700 0.073400 0.094300 0.048300 0.097300 0.048300 0.040300 0.060800 0.023800 0.044200 0.068700 0.111900 0.090200 0.068900 0.090100 0.089400 0.060900 0.044000 0.081000 0.048100 0.069300 0.089900 0.094500 0.085800
MaxwellsDu 0.052700 0.242800 0.064500 0.238100 0.044300 0.048400 0.000000 0.077400 0.048300 0.085800 0.036100 0.065100 0.065200 0.031800 0.056600 0.072600 0.072800 0.077400 0.052600 0.060500 0.043900 0.048400 0.102600 0.098200 0.040100 0.068500 0.052600 0.052400 0.102000 0.056500 0.085600 0.031800 0.088500 0.056600 0.032100 0.069200 0.040300 0.052400 0.052100 0.094200 0.090100 0.077300 0.081500 0.098000 0.069200 0.039900 0.064200 0.048000 0.060800 0.089800 0.077300 0.068700
GazellaPrz 0.099000 0.272300 0.093600 0.247500 0.080800 0.094500 0.077400 0.000000 0.102900 0.115400 0.073100 0.085900 0.112000 0.077100 0.111600 0.080300 0.110900 0.097800 0.099000 0.098200 0.055900 0.085600 0.114800 0.123500 0.077200 0.076300 0.098800 0.089900 0.097000 0.094200 0.115100 0.081400 0.136200 0.102800 0.077500 0.098500 0.077400 0.090000 0.068300 0.133400 0.102400 0.064200 0.110900 0.127300 0.098000 0.085300 0.059700 0.085100 0.107200 0.106000 0.115500 0.106600
MountainNy 0.069300 0.211900 0.023600 0.232500 0.044200 0.065000 0.048300 0.102900 0.000000 0.077100 0.044200 0.056600 0.065000 0.064700 0.056500 0.088900 0.064200 0.068400 0.060800 0.011800 0.060100 0.048100 0.093700 0.089400 0.040000 0.085200 0.060800 0.019800 0.119100 0.023700 0.076900 0.064800 0.079900 0.056400 0.040200 0.060600 0.048400 0.052300 0.068500 0.102900 0.081400 0.094200 0.072800 0.089200 0.060600 0.056300 0.080800 0.056200 0.060600 0.081100 0.027700 0.019000
MuntiacusM 0.099000 0.251700 0.085100 0.226700 0.081600 0.094500 0.085800 0.115400 0.077100 0.000000 0.064700 0.077400 0.103300 0.094100 0.077100 0.110300 0.076500 0.072700 0.090400 0.081200 0.080900 0.077200 0.051700 0.051400 0.068800 0.106200 0.090200 0.064600 0.127300 0.077100 0.007600 0.081300 0.101000 0.094200 0.077600 0.081400 0.069000 0.090000 0.089200 0.056100 0.043800 0.111100 0.003800 0.051500 0.081400 0.085300 0.110300 0.068300 0.089900 0.102200 0.098100 0.080900
goat 0.031800 0.212800 0.060400 0.212400 0.023900 0.027800 0.036100 0.073100 0.044200 0.064700 0.000000 0.044300 0.044400 0.036000 0.044300 0.060100 0.068700 0.056400 0.023700 0.056500 0.023700 0.011800 0.068600 0.068500 0.003800 0.056100 0.032000 0.048400 0.080700 0.052500 0.064600 0.036000 0.075900 0.036000 0.019900 0.048300 0.003900 0.032000 0.039800 0.081600 0.060600 0.056300 0.060500 0.068400 0.048400 0.027800 0.051900 0.019700 0.048400 0.068700 0.073100 0.064700
AfricanBuf 0.061100 0.237700 0.056200 0.212800 0.052600 0.056800 0.065100 0.085900 0.056600 0.077400 0.044300 0.000000 0.073700 0.056500 0.065000 0.098000 0.064500 0.069000 0.061000 0.052300 0.060400 0.056700 0.085500 0.081000 0.048400 0.093900 0.060900 0.044200 0.119400 0.048300 0.077200 0.064900 0.079900 0.064900 0.048600 0.044100 0.048500 0.060800 0.077100 0.094500 0.073200 0.085900 0.073100 0.080900 0.044200 0.056400 0.089500 0.056300 0.069200 0.064500 0.068800 0.060400
Topi 0.061100 0.218000 0.081400 0.212600 0.044300 0.056800 0.065200 0.112000 0.065000 0.103300 0.044400 0.073700 0.000000 0.065000 0.077500 0.098100 0.089900 0.085400 0.060900 0.077400 0.060400 0.056500 0.111500 0.107000 0.040100 0.085400 0.011500 0.077800 0.110800 0.073400 0.094400 0.065000 0.106200 0.007800 0.031900 0.077700 0.048600 0.036000 0.077200 0.120900 0.098900 0.085800 0.098800 0.098100 0.077800 0.056400 0.089600 0.048100 0.069000 0.090000 0.085900 0.077300
CommonDuik 0.052500 0.236800 0.072600 0.242000 0.044100 0.048300 0.031800 0.077100 0.064700 0.094100 0.036000 0.056500 0.065000 0.000000 0.064800 0.080700 0.089500 0.077100 0.044000 0.068600 0.035700 0.048200 0.102300 0.080800 0.040000 0.076700 0.052400 0.060500 0.093200 0.064700 0.093900 0.031700 0.079500 0.056400 0.040100 0.060500 0.040100 0.052300 0.060100 0.094200 0.089800 0.077000 0.089700 0.089100 0.060600 0.039800 0.072400 0.039700 0.060600 0.081000 0.085500 0.068500
Suni 0.069400 0.232300 0.072700 0.217300 0.052500 0.065000 0.056600 0.111600 0.056500 0.077100 0.044300 0.065000 0.077500 0.064800 0.000000 0.089200 0.081100 0.085800 0.052700 0.068800 0.060300 0.056600 0.098100 0.089300 0.048300 0.085200 0.064700 0.052300 0.110500 0.064800 0.076900 0.048200 0.083800 0.068600 0.052300 0.069000 0.048400 0.056500 0.068500 0.102800 0.090000 0.094200 0.072800 0.089200 0.069000 0.056300 0.089300 0.047900 0.072900 0.089600 0.085600 0.068600
Springbuck 0.085400 0.239200 0.105700 0.239800 0.068400 0.089500 0.072600 0.080300 0.088900 0.110300 0.060100 0.098000 0.098100 0.080700 0.089200 0.000000 0.114200 0.101800 0.085500 0.101700 0.043200 0.072400 0.122500 0.109700 0.064100 0.043100 0.085200 0.093500 0.067100 0.089100 0.110000 0.080800 0.121900 0.089200 0.072700 0.093500 0.064300 0.076600 0.055500 0.127800 0.110100 0.051400 0.105800 0.113500 0.101700 0.072100 0.055300 0.071900 0.085100 0.101300 0.110300 0.109700
Okapi 0.085800 0.260800 0.072100 0.230700 0.077100 0.081400 0.072800 0.110900 0.064200 0.076500 0.068700 0.064500 0.089900 0.089500 0.081100 0.114200 0.000000 0.059800 0.085700 0.068200 0.084800 0.081200 0.093000 0.097100 0.072800 0.101500 0.077100 0.060200 0.135700 0.064300 0.076300 0.089600 0.099000 0.081100 0.064600 0.076800 0.073000 0.076900 0.093200 0.102100 0.080700 0.110800 0.072200 0.096900 0.068400 0.080800 0.105600 0.080600 0.085400 0.088300 0.084900 0.076400
Giraffe 0.086100 0.230800 0.076300 0.221600 0.071200 0.081700 0.077400 0.097800 0.068400 0.072700 0.056400 0.069000 0.085400 0.077100 0.085800 0.101800 0.059800 0.000000 0.081700 0.072400 0.064200 0.068800 0.080700 0.084800 0.060100 0.102000 0.072800 0.064600 0.123100 0.068400 0.072500 0.085700 0.103600 0.076400 0.064500 0.081300 0.060700 0.077000 0.089300 0.089500 0.068500 0.102500 0.068400 0.080500 0.081300 0.076900 0.093200 0.060100 0.089300 0.093700 0.089300 0.080700
TibetanAnt 0.048400 0.243700 0.077000 0.243500 0.039600 0.044100 0.052600 0.099000 0.060800 0.090400 0.023700 0.061000 0.060900 0.044000 0.052700 0.085500 0.085700 0.081700 0.000000 0.073100 0.048000 0.035900 0.094300 0.094200 0.027500 0.081300 0.048500 0.065100 0.106700 0.069100 0.090200 0.052400 0.075700 0.052100 0.036100 0.064900 0.027800 0.043500 0.056300 0.099100 0.086000 0.081700 0.086000 0.093900 0.065000 0.035700 0.077000 0.043900 0.064800 0.085800 0.090200 0.073100
Sitatunga 0.081800 0.226000 0.019500 0.237100 0.056400 0.077400 0.060500 0.098200 0.011800 0.081200 0.056500 0.052300 0.077400 0.068600 0.068800 0.101700 0.068200 0.072400 0.073100 0.000000 0.072500 0.060200 0.097800 0.093300 0.052200 0.097700 0.073200 0.015700 0.131900 0.019700 0.081000 0.077200 0.083700 0.068700 0.052400 0.064500 0.060700 0.064600 0.080800 0.106900 0.085500 0.106800 0.076800 0.093100 0.064500 0.068500 0.093200 0.068400 0.064500 0.076600 0.023600 0.015600
Oribi 0.056400 0.210700 0.076500 0.216000 0.039800 0.052100 0.043900 0.055900 0.060100 0.080900 0.023700 0.060400 0.060400 0.035700 0.060300 0.043200 0.084800 0.064200 0.048000 0.072500 0.000000 0.035700 0.088900 0.080400 0.027700 0.039400 0.048000 0.064500 0.063500 0.068600 0.080700 0.043800 0.092300 0.052000 0.035900 0.064400 0.027800 0.047900 0.039500 0.097900 0.076700 0.039600 0.076600 0.084500 0.064400 0.035600 0.035300 0.027500 0.064400 0.076400 0.089300 0.080500
BarbaryShe 0.044100 0.216800 0.064100 0.226900 0.035600 0.039900 0.048400 0.085600 0.048100 0.077200 0.011800 0.056700 0.056500 0.048200 0.056600 0.072400 0.081200 0.068800 0.035900 0.060200 0.035700 0.000000 0.081100 0.081000 0.015400 0.068400 0.044300 0.052400 0.093300 0.064700 0.077100 0.048200 0.088400 0.047900 0.032000 0.060700 0.015800 0.043900 0.052000 0.094300 0.073000 0.060400 0.072900 0.080800 0.060800 0.039900 0.064100 0.031700 0.060500 0.081200 0.077000 0.068500
Daviddeer 0.102800 0.245400 0.093200 0.225400 0.089700 0.098300 0.102600 0.114800 0.093700 0.051700 0.068600 0.085500 0.111500 0.102300 0.098100 0.122500 0.093000 0.080700 0.094300 0.097800 0.088900 0.081100 0.000000 0.055500 0.072600 0.118400 0.098300 0.085300 0.135200 0.093700 0.051600 0.098000 0.117800 0.102300 0.085700 0.098000 0.072900 0.098100 0.101600 0.068200 0.019500 0.119000 0.047600 0.055000 0.097400 0.093400 0.118500 0.080600 0.106700 0.106000 0.114900 0.101900
Reindeer 0.094000 0.244900 0.097200 0.229800 0.085400 0.098200 0.098200 0.123500 0.089400 0.051400 0.068500 0.081000 0.107000 0.080800 0.089300 0.109700 0.097100 0.084800 0.094200 0.093300 0.080400 0.081000 0.055500 0.000000 0.072600 0.114300 0.093900 0.076600 0.113700 0.080800 0.051300 0.089300 0.113400 0.097900 0.081300 0.076500 0.072800 0.093700 0.101500 0.051600 0.055700 0.114800 0.047200 0.023300 0.085100 0.089100 0.109700 0.072000 0.093600 0.101500 0.110300 0.093000
Ibex 0.035800 0.207200 0.056100 0.217000 0.019800 0.031800 0.040100 0.077200 0.040000 0.068800 0.003800 0.048400 0.040100 0.040000 0.048300 0.064100 0.072800 0.060100 0.027500 0.052200 0.027700 0.015400 0.072600 0.072600 0.000000 0.060100 0.036000 0.052400 0.084800 0.048200 0.068600 0.040000 0.080000 0.031900 0.023900 0.052400 0.007800 0.027800 0.043800 0.085700 0.064600 0.060400 0.064500 0.072400 0.052400 0.031800 0.055900 0.023700 0.044100 0.072800 0.068800 0.060300
GyrantGaze 0.081200 0.244800 0.093000 0.235400 0.064400 0.076900 0.068500 0.076300 0.085200 0.106200 0.056100 0.093900 0.085400 0.076700 0.085200 0.043100 0.101500 0.102000 0.081300 0.097700 0.039400 0.068400 0.118400 0.114300 0.060100 0.000000 0.072700 0.089500 0.071400 0.093600 0.105900 0.076700 0.117700 0.076600 0.068700 0.098000 0.060300 0.055900 0.051500 0.123600 0.106000 0.031300 0.101800 0.109400 0.097600 0.068100 0.059400 0.067900 0.081000 0.105500 0.114800 0.106000
Hartebeest 0.048500 0.222800 0.077100 0.217200 0.040200 0.044300 0.052600 0.098800 0.060800 0.090200 0.032000 0.060900 0.011500 0.052400 0.064700 0.085200 0.077100 0.072800 0.048500 0.073200 0.048000 0.044300 0.098300 0.093900 0.036000 0.072700 0.000000 0.065000 0.097800 0.069200 0.081500 0.052400 0.093000 0.003900 0.019800 0.065000 0.036200 0.031900 0.064500 0.107500 0.085900 0.073000 0.085800 0.085200 0.065000 0.044000 0.076800 0.035800 0.064800 0.085600 0.081600 0.073000
Bongo 0.073600 0.226500 0.019600 0.227900 0.056600 0.069200 0.052400 0.089900 0.019800 0.064600 0.048400 0.044200 0.077800 0.060500 0.052300 0.093500 0.060200 0.064600 0.065100 0.015700 0.064500 0.052400 0.085300 0.076600 0.052400 0.089500 0.065000 0.000000 0.123600 0.019800 0.064400 0.060600 0.075600 0.069000 0.044300 0.056400 0.052600 0.064900 0.072700 0.090000 0.077300 0.098500 0.060300 0.076500 0.056400 0.060400 0.085100 0.052000 0.064800 0.068500 0.031700 0.015700
Gerenuk 0.106500 0.264500 0.135800 0.244500 0.089200 0.110700 0.102000 0.097000 0.119100 0.127300 0.080700 0.119400 0.110800 0.093200 0.110500 0.067100 0.135700 0.123100 0.106700 0.131900 0.063500 0.093300 0.135200 0.113700 0.084800 0.071400 0.097800 0.123600 0.000000 0.119000 0.118400 0.084700 0.139200 0.101800 0.093600 0.114700 0.085000 0.089100 0.084200 0.131800 0.122700 0.063400 0.122800 0.126000 0.123100 0.092900 0.083900 0.084300 0.106100 0.131300 0.131800 0.131700
CommonElan 0.069300 0.231700 0.023600 0.222200 0.052400 0.073400 0.056500 0.094200 0.023700 0.077100 0.052500 0.048300 0.073400 0.064700 0.064800 0.089100 0.064300 0.068400 0.069100 0.019700 0.068600 0.064700 0.093700 0.080800 0.048200 0.093600 0.069200 0.019800 0.119000 0.000000 0.076900 0.073200 0.079800 0.064700 0.048400 0.052200 0.056700 0.060600 0.076800 0.094200 0.081400 0.102700 0.072800 0.080600 0.060600 0.064500 0.089200 0.064400 0.060600 0.072600 0.035700 0.027600
MuntiacusR 0.098800 0.240900 0.084900 0.216200 0.081400 0.094300 0.085600 0.115100 0.076900 0.007600 0.064600 0.077200 0.094400 0.093900 0.076900 0.110000 0.076300 0.072500 0.090200 0.081000 0.080700 0.077100 0.051600 0.051300 0.068600 0.105900 0.081500 0.064400 0.118400 0.076900 0.000000 0.081200 0.100800 0.085500 0.077400 0.081200 0.068900 0.081300 0.089000 0.055900 0.043700 0.110900 0.003800 0.051400 0.081200 0.085100 0.110100 0.059900 0.089700 0.101900 0.089400 0.072400
HarveysDui 0.052500 0.237100 0.081100 0.232300 0.044100 0.048300 0.031800 0.081400 0.064800 0.081300 0.036000 0.064900 0.065000 0.031700 0.048200 0.080800 0.089600 0.085700 0.052400 0.077200 0.043800 0.048200 0.098000 0.089300 0.040000 0.076700 0.052400 0.060600 0.084700 0.073200 0.081200 0.000000 0.092600 0.056400 0.040200 0.069000 0.040100 0.052300 0.060200 0.094200 0.089900 0.068600 0.077000 0.089100 0.069000 0.039800 0.072400 0.039700 0.069000 0.089600 0.094100 0.076900
Pronghorn 0.101900 0.252800 0.087600 0.239100 0.084200 0.097300 0.088500 0.136200 0.079900 0.101000 0.075900 0.079900 0.106200 0.079500 0.083800 0.121900 0.099000 0.103600 0.075700 0.083700 0.092300 0.088400 0.117800 0.113400 0.080000 0.117700 0.093000 0.075600 0.139200 0.079800 0.100800 0.092600 0.000000 0.096900 0.080300 0.095000 0.080300 0.092800 0.092100 0.109500 0.105100 0.118200 0.096600 0.121600 0.095100 0.079500 0.122000 0.088100 0.092700 0.105300 0.100800 0.083800
BlueWildeb 0.052500 0.216800 0.072600 0.221400 0.036000 0.048300 0.056600 0.102800 0.056400 0.094200 0.036000 0.064900 0.007800 0.056400 0.068600 0.089200 0.081100 0.076400 0.052100 0.068700 0.052000 0.047900 0.102300 0.097900 0.031900 0.076600 0.003900 0.069000 0.101800 0.064700 0.085500 0.056400 0.096900 0.000000 0.023800 0.069000 0.040100 0.027800 0.068500 0.111600 0.089900 0.077000 0.089800 0.089100 0.069000 0.048000 0.080800 0.039800 0.060400 0.089600 0.077100 0.068600
Gemsbok 0.044500 0.223600 0.056400 0.223000 0.028000 0.040300 0.032100 0.077500 0.040200 0.077600 0.019900 0.048600 0.031900 0.040100 0.052300 0.072700 0.064600 0.064500 0.036100 0.052400 0.035900 0.032000 0.085700 0.081300 0.023900 0.068700 0.019800 0.044300 0.093600 0.048400 0.077400 0.040200 0.080300 0.023800 0.000000 0.052600 0.024000 0.036100 0.052200 0.094800 0.073400 0.069000 0.073300 0.081200 0.052600 0.031900 0.056100 0.031800 0.052400 0.073100 0.069100 0.060600
Yak 0.056800 0.241900 0.060100 0.216700 0.056600 0.060800 0.069200 0.098500 0.060600 0.081400 0.048300 0.044100 0.077700 0.060500 0.069000 0.093500 0.076800 0.081300 0.064900 0.064500 0.064400 0.060700 0.098000 0.076500 0.052400 0.098000 0.065000 0.056400 0.114700 0.052200 0.081200 0.069000 0.095000 0.069000 0.052600 0.000000 0.052600 0.064800 0.081100 0.098400 0.085600 0.089900 0.077000 0.076400 0.015800 0.060400 0.093500 0.060300 0.073200 0.067400 0.081200 0.072700
BlueSheep 0.027800 0.218100 0.064700 0.217800 0.028000 0.023800 0.040300 0.077400 0.048400 0.069000 0.003900 0.048500 0.048600 0.040100 0.048400 0.064300 0.073000 0.060700 0.027800 0.060700 0.027800 0.015800 0.072900 0.072800 0.007800 0.060300 0.036200 0.052600 0.085000 0.056700 0.068900 0.040100 0.080300 0.040100 0.024000 0.052600 0.000000 0.036100 0.043900 0.086000 0.064800 0.060600 0.064800 0.072700 0.052600 0.031900 0.056100 0.023800 0.052600 0.073000 0.077500 0.068900
BohorReedb 0.048400 0.212200 0.068500 0.207700 0.023800 0.044200 0.052400 0.090000 0.052300 0.090000 0.032000 0.060800 0.036000 0.052300 0.056500 0.076600 0.076900 0.077000 0.043500 0.064600 0.047900 0.043900 0.098100 0.093700 0.027800 0.055900 0.031900 0.064900 0.089100 0.060600 0.081300 0.052300 0.092800 0.027800 0.036100 0.064800 0.036100 0.000000 0.056100 0.107300 0.085700 0.064500 0.085600 0.085000 0.064900 0.043900 0.068300 0.035700 0.056500 0.085400 0.072900 0.064500
KirksDik 0.073000 0.240000 0.084800 0.235600 0.048000 0.068700 0.052100 0.068300 0.068500 0.089200 0.039800 0.077100 0.077200 0.060100 0.068500 0.055500 0.093200 0.089300 0.056300 0.080800 0.039500 0.052000 0.101600 0.101500 0.043800 0.051500 0.064500 0.072700 0.084200 0.076800 0.089000 0.060200 0.092100 0.068500 0.052200 0.081100 0.043900 0.056100 0.000000 0.106500 0.089300 0.060000 0.084900 0.101200 0.080900 0.043600 0.043300 0.051600 0.072700 0.093200 0.097700 0.089100
RoeDeer 0.107700 0.271600 0.110900 0.231500 0.098800 0.111900 0.094200 0.133400 0.102900 0.056100 0.081600 0.094500 0.120900 0.094200 0.102800 0.127800 0.102100 0.089500 0.099100 0.106900 0.097900 0.094300 0.068200 0.051600 0.085700 0.123600 0.107500 0.090000 0.131800 0.094200 0.055900 0.094200 0.109500 0.111600 0.094800 0.098400 0.086000 0.107300 0.106500 0.000000 0.060200 0.133100 0.051900 0.059700 0.107200 0.093900 0.127800 0.085100 0.116100 0.110700 0.124300 0.106600
WhiteLippe 0.094600 0.241500 0.080900 0.211700 0.077400 0.090200 0.090100 0.102400 0.081400 0.043800 0.060600 0.073200 0.098900 0.089800 0.090000 0.110100 0.080700 0.068500 0.086000 0.085500 0.076700 0.073000 0.019500 0.055700 0.064600 0.106000 0.085900 0.077300 0.122700 0.081400 0.043700 0.089900 0.105100 0.089900 0.073400 0.085600 0.064800 0.085700 0.089300 0.060200 0.000000 0.106500 0.039700 0.055000 0.084800 0.081100 0.106000 0.072500 0.094300 0.093600 0.102500 0.093800
ThomsonGaz 0.073200 0.246100 0.110800 0.226600 0.064700 0.068900 0.077300 0.064200 0.094200 0.111100 0.056300 0.085900 0.085800 0.077000 0.094200 0.051400 0.110800 0.102500 0.081700 0.106800 0.039600 0.060400 0.119000 0.114800 0.060400 0.031300 0.073000 0.098500 0.063400 0.102700 0.110900 0.068600 0.118200 0.077000 0.069000 0.089900 0.060600 0.064500 0.060000 0.133100 0.106500 0.000000 0.106600 0.109800 0.089500 0.068400 0.059700 0.068200 0.090000 0.105900 0.124200 0.115300
MuntiacusC 0.094600 0.246200 0.080700 0.221400 0.077300 0.090100 0.081500 0.110900 0.072800 0.003800 0.060500 0.073100 0.098800 0.089700 0.072800 0.105800 0.072200 0.068400 0.086000 0.076800 0.076600 0.072900 0.047600 0.047200 0.064500 0.101800 0.085800 0.060300 0.122800 0.072800 0.003800 0.077000 0.096600 0.089800 0.073300 0.077000 0.064800 0.085600 0.084900 0.051900 0.039700 0.106600 0.000000 0.047400 0.077100 0.081000 0.105900 0.064100 0.085600 0.097800 0.093700 0.076600
WhiteTaile 0.085300 0.233800 0.097000 0.219100 0.085200 0.089400 0.098000 0.127300 0.089200 0.051500 0.068400 0.080900 0.098100 0.089100 0.089200 0.113500 0.096900 0.080500 0.093900 0.093100 0.084500 0.080800 0.055000 0.023300 0.072400 0.109400 0.085200 0.076500 0.126000 0.080600 0.051400 0.089100 0.121600 0.089100 0.081200 0.076400 0.072700 0.085000 0.101200 0.059700 0.055000 0.109800 0.047400 0.000000 0.084900 0.088900 0.113800 0.071900 0.093500 0.105400 0.110100 0.092800
Cattle 0.065200 0.241800 0.068500 0.227100 0.056600 0.060900 0.069200 0.098000 0.060600 0.081400 0.048400 0.044200 0.077800 0.060600 0.069000 0.101700 0.068400 0.081300 0.065000 0.064500 0.064400 0.060800 0.097400 0.085100 0.052400 0.097600 0.065000 0.056400 0.123100 0.060600 0.081200 0.069000 0.095100 0.069000 0.052600 0.015800 0.052600 0.064900 0.080900 0.107200 0.084800 0.089500 0.077100 0.084900 0.000000 0.060400 0.093600 0.060300 0.073300 0.067100 0.081300 0.072800
RoyalAntel 0.052300 0.236200 0.072400 0.231400 0.035800 0.044000 0.039900 0.085300 0.056300 0.085300 0.027800 0.056400 0.056400 0.039800 0.056300 0.072100 0.080800 0.076900 0.035700 0.068500 0.035600 0.039900 0.093400 0.089100 0.031800 0.068100 0.044000 0.060400 0.092900 0.064500 0.085100 0.039800 0.079500 0.048000 0.031900 0.060400 0.031900 0.043900 0.043600 0.093900 0.081100 0.068400 0.081000 0.088900 0.060400 0.000000 0.063900 0.039600 0.060400 0.080800 0.085300 0.076700
Steenbok 0.085400 0.229300 0.097100 0.239900 0.060100 0.081000 0.064200 0.059700 0.080800 0.110300 0.051900 0.089500 0.089600 0.072400 0.089300 0.055300 0.105600 0.093200 0.077000 0.093200 0.035300 0.064100 0.118500 0.109700 0.055900 0.059400 0.076800 0.085100 0.083900 0.089200 0.110100 0.072400 0.122000 0.080800 0.056100 0.093500 0.056100 0.068300 0.043300 0.127800 0.106000 0.059700 0.105900 0.113800 0.093600 0.063900 0.000000 0.055500 0.093600 0.097000 0.101700 0.101500
Impala 0.052300 0.196000 0.072300 0.211000 0.035800 0.048100 0.048000 0.085100 0.056200 0.068300 0.019700 0.056300 0.048100 0.039700 0.047900 0.071900 0.080600 0.060100 0.043900 0.068400 0.027500 0.031700 0.080600 0.072000 0.023700 0.067900 0.035800 0.052000 0.084300 0.064400 0.059900 0.039700 0.088100 0.039800 0.031800 0.060300 0.023800 0.035700 0.051600 0.085100 0.072500 0.068200 0.064100 0.071900 0.060300 0.039600 0.055500 0.000000 0.060300 0.080700 0.076700 0.060000
Klipspring 0.073600 0.242300 0.068500 0.257500 0.048300 0.069300 0.060800 0.107200 0.060600 0.089900 0.048400 0.069200 0.069000 0.060600 0.072900 0.085100 0.085400 0.089300 0.064800 0.064500 0.064400 0.060500 0.106700 0.093600 0.044100 0.081000 0.064800 0.064800 0.106100 0.060600 0.089700 0.069000 0.092700 0.060400 0.052400 0.073200 0.052600 0.056500 0.072700 0.116100 0.094300 0.090000 0.085600 0.093500 0.073300 0.060400 0.093600 0.060300 0.000000 0.093900 0.081300 0.072800
ForestMusk 0.094300 0.245100 0.072200 0.240900 0.077100 0.089900 0.089800 0.106000 0.081100 0.102200 0.068700 0.064500 0.090000 0.081000 0.089600 0.101300 0.088300 0.093700 0.085800 0.076600 0.076400 0.081200 0.106000 0.101500 0.072800 0.105500 0.085600 0.068500 0.131300 0.072600 0.101900 0.089600 0.105300 0.089600 0.073100 0.067400 0.073000 0.085400 0.093200 0.110700 0.093600 0.105900 0.097800 0.105400 0.067100 0.080800 0.097000 0.080700 0.093900 0.000000 0.085000 0.084900
Bushbuck 0.099000 0.225800 0.035400 0.246900 0.073000 0.094500 0.077300 0.115500 0.027700 0.098100 0.073100 0.068800 0.085900 0.085500 0.085600 0.110300 0.084900 0.089300 0.090200 0.023600 0.089300 0.077000 0.114900 0.110300 0.068800 0.114800 0.081600 0.031700 0.131800 0.035700 0.089400 0.094100 0.100800 0.077100 0.069100 0.081200 0.077500 0.072900 0.097700 0.124300 0.102500 0.124200 0.093700 0.110100 0.081300 0.085300 0.101700 0.076700 0.081300 0.085000 0.000000 0.023500
GreaterKud 0.090200 0.225600 0.027400 0.236600 0.064600 0.085800 0.068700 0.106600 0.019000 0.080900 0.064700 0.060400 0.077300 0.068500 0.068600 0.109700 0.076400 0.080700 0.073100 0.015600 0.080500 0.068500 0.101900 0.093000 0.060300 0.106000 0.073000 0.015700 0.131700 0.027600 0.072400 0.076900 0.083800 0.068600 0.060600 0.072700 0.068900 0.064500 0.089100 0.106600 0.093800 0.115300 0.076600 0.092800 0.072800 0.076700 0.101500 0.060000 0.072800 0.084900 0.023500 0.000000
