1
52 1
Argali 0.000000 0.272100 0.102200 0.243300 0.081900 0.010900 0.068700 0.133300 0.101800 0.091600 0.033500 0.164600 0.092300 0.069500 0.160900 0.127600 0.093300 0.092200 0.055200 0.090800 0.104100 0.033100 0.092800 0.092900 0.044500 0.116200 0.080600 0.102200 0.127800 0.090800 0.091400 0.145000 0.130400 0.080600 0.057200 0.122800 0.043400 0.168200 0.123800 0.103700 0.092500 0.117600 0.090900 0.105800 0.111800 0.104400 0.067900 0.082100 0.090400 0.079500 0.090800 0.078200
LesserMous 0.272100 0.000000 0.287700 0.319700 0.284400 0.258700 0.263600 0.320100 0.287300 0.276300 0.261100 0.280400 0.330800 0.268200 0.329900 0.340400 0.266400 0.260600 0.238000 0.273900 0.325700 0.258000 0.246300 0.280900 0.275200 0.305700 0.314800 0.288200 0.305100 0.273900 0.276300 0.337900 0.354500 0.314800 0.283200 0.291700 0.266600 0.385100 0.246900 0.309700 0.245300 0.309000 0.274600 0.302200 0.278800 0.312800 0.275300 0.287100 0.238300 0.250100 0.273900 0.255000
LesserKudu 0.102200 0.287700 0.000000 0.254100 0.106200 0.115700 0.079700 0.144400 0.021100 0.102200 0.116500 0.150200 0.103200 0.080600 0.146700 0.113900 0.104200 0.102700 0.113300 0.010500 0.115400 0.090800 0.103600 0.079400 0.127900 0.102500 0.091500 0.021100 0.089800 0.010500 0.102000 0.156600 0.141600 0.091500 0.067600 0.109800 0.124900 0.179000 0.110500 0.139800 0.103400 0.128500 0.101600 0.116400 0.098900 0.103300 0.079000 0.118200 0.125900 0.079800 0.010500 0.021100
KillerWhal 0.243300 0.319700 0.254100 0.000000 0.202300 0.230600 0.216200 0.257700 0.253200 0.211700 0.232200 0.332700 0.291200 0.218800 0.309900 0.180700 0.227700 0.225500 0.255200 0.240500 0.183500 0.229500 0.183700 0.215700 0.245300 0.258800 0.275500 0.254100 0.210400 0.240500 0.211500 0.318700 0.311500 0.275500 0.233200 0.308400 0.269600 0.242300 0.290600 0.227000 0.183200 0.262300 0.210300 0.200900 0.295700 0.214100 0.212900 0.236000 0.240600 0.186200 0.240500 0.266100
DefassaWat 0.081900 0.284400 0.106200 0.202300 0.000000 0.070400 0.046900 0.124200 0.105700 0.082000 0.070900 0.144000 0.095800 0.047400 0.115100 0.081600 0.083600 0.107500 0.081300 0.094300 0.058200 0.070100 0.083100 0.083200 0.082500 0.069900 0.083600 0.106200 0.081700 0.094300 0.081800 0.097300 0.148400 0.083600 0.071200 0.102400 0.105100 0.069300 0.128400 0.119900 0.082900 0.082700 0.081400 0.096100 0.091200 0.058300 0.046300 0.072000 0.069300 0.058900 0.094300 0.106000
Sheep 0.010900 0.258700 0.115700 0.230600 0.070400 0.000000 0.057500 0.122400 0.115300 0.080300 0.022400 0.153100 0.081000 0.058100 0.149600 0.116300 0.081900 0.080900 0.044300 0.104100 0.092800 0.021900 0.081400 0.081500 0.033500 0.104900 0.069300 0.115700 0.116500 0.104100 0.080200 0.133300 0.118900 0.069300 0.045900 0.111800 0.055300 0.156600 0.112700 0.092400 0.081200 0.106200 0.079800 0.094300 0.100800 0.093100 0.056800 0.070600 0.079300 0.067900 0.104100 0.091100
MaxwellsDu 0.068700 0.263600 0.079700 0.216200 0.046900 0.057500 0.000000 0.111400 0.079400 0.068800 0.057900 0.116200 0.069300 0.022900 0.113100 0.080200 0.070100 0.093600 0.056100 0.068300 0.057200 0.057200 0.069700 0.069700 0.069200 0.068900 0.057700 0.079700 0.080300 0.068300 0.068600 0.095500 0.132900 0.057700 0.058100 0.100700 0.091500 0.118100 0.101500 0.105500 0.069500 0.094300 0.068300 0.082300 0.089700 0.057400 0.022400 0.058700 0.067900 0.046100 0.068300 0.079600
GazellaPrz 0.133300 0.320100 0.144400 0.257700 0.124200 0.122400 0.111400 0.000000 0.143900 0.086200 0.123200 0.168700 0.134800 0.112400 0.152300 0.097300 0.111600 0.159000 0.120100 0.133100 0.098400 0.122100 0.075900 0.087600 0.110000 0.109800 0.123200 0.144400 0.097400 0.133100 0.096400 0.149300 0.173500 0.123200 0.149000 0.140000 0.155600 0.183900 0.141100 0.097600 0.075700 0.134900 0.096100 0.099200 0.129400 0.097700 0.086700 0.125000 0.063000 0.111500 0.133100 0.120300
MountainNy 0.101800 0.287300 0.021100 0.253200 0.105700 0.115300 0.079400 0.143900 0.000000 0.101900 0.116200 0.149800 0.102700 0.080300 0.146300 0.113400 0.103800 0.102300 0.112900 0.010500 0.114800 0.090500 0.103200 0.079100 0.127600 0.102000 0.091100 0.021100 0.089400 0.010500 0.101600 0.156000 0.141700 0.091100 0.067300 0.109400 0.124600 0.177500 0.110200 0.139300 0.102900 0.127900 0.101200 0.115900 0.098600 0.102900 0.078600 0.117700 0.125400 0.079500 0.010500 0.021100
MuntiacusM 0.091600 0.276300 0.102200 0.211700 0.082000 0.080300 0.068800 0.086200 0.101900 0.000000 0.081000 0.164400 0.092100 0.069500 0.135500 0.102700 0.045300 0.092200 0.102400 0.090900 0.104100 0.080000 0.022200 0.022200 0.068100 0.116200 0.080400 0.102200 0.102900 0.090900 0.000100 0.106100 0.105300 0.080400 0.081200 0.122800 0.114400 0.168000 0.123900 0.055800 0.022100 0.117500 0.000100 0.022300 0.111900 0.079900 0.044600 0.057900 0.090400 0.045400 0.090900 0.102200
goat 0.033500 0.261100 0.116500 0.232200 0.070900 0.022400 0.057900 0.123200 0.116200 0.081000 0.000000 0.154200 0.081600 0.058600 0.150800 0.117100 0.082600 0.081600 0.044600 0.104900 0.093500 0.022200 0.082000 0.082200 0.010900 0.105600 0.069800 0.116500 0.117300 0.104900 0.080800 0.134200 0.146500 0.069800 0.046200 0.112700 0.032400 0.157700 0.113600 0.093100 0.081800 0.106900 0.080400 0.095100 0.101600 0.093800 0.057200 0.071200 0.079800 0.068500 0.104900 0.091800
AfricanBuf 0.164600 0.280400 0.150200 0.332700 0.144000 0.153100 0.116200 0.168700 0.149800 0.164400 0.154200 0.000000 0.140300 0.143100 0.184200 0.204500 0.168000 0.192400 0.124800 0.138500 0.179300 0.127100 0.152000 0.140900 0.165800 0.165200 0.128100 0.150200 0.177500 0.138500 0.164100 0.182500 0.208600 0.128100 0.155200 0.097300 0.161900 0.219600 0.146400 0.178000 0.151500 0.193500 0.163300 0.181100 0.086600 0.166500 0.140100 0.183900 0.100700 0.168100 0.138500 0.125000
Topi 0.092300 0.330800 0.103200 0.291200 0.095800 0.081000 0.069300 0.134800 0.102700 0.092100 0.081600 0.140300 0.000000 0.070000 0.136800 0.129100 0.093800 0.117800 0.079100 0.091700 0.105300 0.056700 0.093300 0.069000 0.092900 0.117400 0.011100 0.103200 0.129300 0.091700 0.091900 0.133400 0.131400 0.011100 0.057600 0.099800 0.115200 0.169800 0.150100 0.129900 0.093100 0.144800 0.091500 0.106200 0.088900 0.093100 0.068600 0.107800 0.091300 0.094100 0.091700 0.103100
CommonDuik 0.069500 0.268200 0.080600 0.218800 0.047400 0.058100 0.022900 0.112400 0.080300 0.069500 0.058600 0.143100 0.070000 0.000000 0.114300 0.081000 0.070900 0.094800 0.056700 0.069100 0.057800 0.057900 0.070400 0.070500 0.070100 0.069600 0.058300 0.080600 0.081200 0.069100 0.069400 0.096500 0.134300 0.058300 0.058500 0.101800 0.092600 0.119800 0.102600 0.106700 0.070300 0.095300 0.069000 0.083200 0.090700 0.058000 0.022600 0.059400 0.068700 0.046600 0.069100 0.080600
Suni 0.160900 0.329900 0.146700 0.309900 0.115100 0.149600 0.113100 0.152300 0.146300 0.135500 0.150800 0.184200 0.136800 0.114300 0.000000 0.147100 0.164300 0.188000 0.122000 0.135300 0.123900 0.124200 0.137300 0.112900 0.136600 0.135800 0.125000 0.146700 0.147400 0.135300 0.135200 0.164500 0.202000 0.125000 0.125900 0.118800 0.158500 0.187100 0.168300 0.173800 0.136900 0.162200 0.134500 0.150700 0.131800 0.088300 0.088300 0.127000 0.110000 0.138200 0.135300 0.146800
Springbuck 0.127600 0.340400 0.113900 0.180700 0.081600 0.116300 0.080200 0.097300 0.113400 0.102700 0.117100 0.204500 0.129100 0.081000 0.147100 0.000000 0.104700 0.128100 0.113800 0.102400 0.021900 0.116000 0.104300 0.104500 0.128400 0.079000 0.117000 0.113900 0.021300 0.102400 0.113900 0.157600 0.169200 0.117000 0.117900 0.159600 0.150500 0.114400 0.135200 0.140300 0.104000 0.103700 0.113400 0.092300 0.148300 0.090600 0.079200 0.118900 0.101700 0.080200 0.102400 0.113800
Okapi 0.093300 0.266400 0.104200 0.227700 0.083600 0.081900 0.070100 0.111600 0.103800 0.045300 0.082600 0.168000 0.093800 0.070900 0.164300 0.104700 0.000000 0.068900 0.104100 0.092600 0.106200 0.081600 0.045900 0.045900 0.094200 0.118500 0.081900 0.104200 0.104900 0.092600 0.045200 0.135000 0.093600 0.081900 0.082800 0.113500 0.116600 0.171700 0.126300 0.081000 0.045800 0.119900 0.045000 0.058000 0.102300 0.107000 0.069300 0.083600 0.092100 0.046200 0.092600 0.104200
Giraffe 0.092200 0.260600 0.102700 0.225500 0.107500 0.080900 0.093600 0.159000 0.102300 0.092200 0.081600 0.192400 0.117800 0.094800 0.188000 0.128100 0.068900 0.000000 0.103200 0.091300 0.129900 0.080700 0.093400 0.093500 0.093200 0.116600 0.105800 0.102700 0.103400 0.091300 0.092000 0.173200 0.143200 0.105800 0.081800 0.148200 0.115400 0.169700 0.124500 0.129700 0.093100 0.118100 0.091600 0.106300 0.137100 0.130700 0.092600 0.108100 0.140600 0.069400 0.091300 0.102700
TibetanAnt 0.055200 0.238000 0.113300 0.255200 0.081300 0.044300 0.056100 0.120100 0.112900 0.102400 0.044600 0.124800 0.079100 0.056700 0.122000 0.113800 0.104100 0.103200 0.000000 0.101900 0.090700 0.044100 0.103800 0.103900 0.055600 0.102500 0.067700 0.113300 0.114000 0.101900 0.102200 0.130300 0.168200 0.067700 0.068200 0.109600 0.054400 0.153100 0.086900 0.114500 0.103500 0.128400 0.101700 0.116700 0.098800 0.091000 0.055500 0.093200 0.054600 0.080000 0.101900 0.089200
Sitatunga 0.090800 0.273900 0.010500 0.240500 0.094300 0.104100 0.068300 0.133100 0.010500 0.090900 0.104900 0.138500 0.091700 0.069100 0.135300 0.102400 0.092600 0.091300 0.101900 0.000000 0.103700 0.079500 0.092100 0.068000 0.116300 0.091100 0.080000 0.010500 0.078500 0.000000 0.090700 0.144300 0.129600 0.080000 0.056300 0.098700 0.113600 0.166800 0.099400 0.128100 0.091800 0.116700 0.090200 0.104700 0.087900 0.091800 0.067700 0.106300 0.114300 0.068400 0.000000 0.010600
Oribi 0.104100 0.325700 0.115400 0.183500 0.058200 0.092800 0.057200 0.098400 0.114800 0.104100 0.093500 0.179300 0.105300 0.057800 0.123900 0.021900 0.106200 0.129900 0.090700 0.103700 0.000000 0.092600 0.105700 0.106000 0.104800 0.056300 0.093400 0.115400 0.044400 0.103700 0.115500 0.132900 0.171600 0.093400 0.094000 0.136100 0.126900 0.104500 0.136800 0.142300 0.105400 0.080900 0.115100 0.093600 0.124900 0.067700 0.056500 0.094900 0.078900 0.081400 0.103700 0.115200
BarbaryShe 0.033100 0.258000 0.090800 0.229500 0.070100 0.021900 0.057200 0.122100 0.090500 0.080000 0.022200 0.127100 0.056700 0.057900 0.124200 0.116000 0.081600 0.080700 0.044100 0.079500 0.092600 0.000000 0.081100 0.057100 0.033300 0.104600 0.045300 0.090800 0.116200 0.079500 0.079800 0.132700 0.118600 0.045300 0.022500 0.087900 0.054600 0.156000 0.112300 0.092200 0.080900 0.105900 0.079500 0.093900 0.077000 0.080700 0.056600 0.070300 0.078900 0.067600 0.079500 0.067100
Daviddeer 0.092800 0.246300 0.103600 0.183700 0.083100 0.081400 0.069700 0.075900 0.103200 0.022200 0.082000 0.152000 0.093300 0.070400 0.137300 0.104300 0.045900 0.093400 0.103800 0.092100 0.105700 0.081100 0.000000 0.022500 0.069000 0.117900 0.081500 0.103600 0.104400 0.092100 0.022100 0.107800 0.106700 0.081500 0.082400 0.124400 0.115800 0.170700 0.125600 0.056500 0.000000 0.119300 0.022000 0.034000 0.113300 0.081000 0.045200 0.058600 0.079700 0.046000 0.092100 0.103500
Reindeer 0.092900 0.280900 0.079400 0.215700 0.083200 0.081500 0.069700 0.087600 0.079100 0.022200 0.082200 0.140900 0.069000 0.070500 0.112900 0.104500 0.045900 0.093500 0.103900 0.068000 0.106000 0.057100 0.022500 0.000000 0.069100 0.118100 0.057400 0.079400 0.104600 0.068000 0.022100 0.107900 0.081700 0.057400 0.058000 0.100300 0.116100 0.171000 0.125700 0.056700 0.022400 0.119700 0.022000 0.034000 0.089400 0.069100 0.045300 0.059000 0.091800 0.045900 0.068000 0.079400
Ibex 0.044500 0.275200 0.127900 0.245300 0.082500 0.033500 0.069200 0.110000 0.127600 0.068100 0.010900 0.165800 0.092900 0.070100 0.136600 0.128400 0.094200 0.093200 0.055600 0.116300 0.104800 0.033300 0.069000 0.069100 0.000000 0.117000 0.081200 0.127900 0.128700 0.116300 0.067900 0.119500 0.158500 0.081200 0.057600 0.123800 0.042900 0.169400 0.124900 0.079900 0.068800 0.118300 0.067600 0.081600 0.112700 0.080500 0.044900 0.058200 0.090900 0.080200 0.116300 0.103100
GyrantGaze 0.116200 0.305700 0.102500 0.258800 0.069900 0.104900 0.068900 0.109800 0.102000 0.116200 0.105600 0.165200 0.117400 0.069600 0.135800 0.079000 0.118500 0.116600 0.102500 0.091100 0.056300 0.104600 0.117900 0.118100 0.117000 0.000000 0.105500 0.102500 0.055600 0.091100 0.127500 0.145600 0.184500 0.105500 0.106200 0.123200 0.139100 0.141700 0.123800 0.154900 0.117600 0.022300 0.127000 0.131000 0.112200 0.079100 0.068000 0.107100 0.090500 0.093300 0.091100 0.102400
Hartebeest 0.080600 0.314800 0.091500 0.275500 0.083600 0.069300 0.057700 0.123200 0.091100 0.080400 0.069800 0.128100 0.011100 0.058300 0.125000 0.117000 0.081900 0.105800 0.067700 0.080000 0.093400 0.045300 0.081500 0.057400 0.081200 0.105500 0.000000 0.091500 0.117100 0.080000 0.080200 0.120800 0.119100 0.000000 0.046000 0.088500 0.103500 0.157200 0.138000 0.117800 0.081300 0.132300 0.079900 0.094200 0.077600 0.081300 0.057100 0.095700 0.079600 0.082100 0.080000 0.091400
Bongo 0.102200 0.288200 0.021100 0.254100 0.106200 0.115700 0.079700 0.144400 0.021100 0.102200 0.116500 0.150200 0.103200 0.080600 0.146700 0.113900 0.104200 0.102700 0.113300 0.010500 0.115400 0.090800 0.103600 0.079400 0.127900 0.102500 0.091500 0.000000 0.089800 0.010500 0.102000 0.156600 0.141600 0.091500 0.067600 0.109800 0.124900 0.179000 0.110500 0.139800 0.103400 0.128500 0.101600 0.116400 0.098900 0.103300 0.079000 0.118200 0.125900 0.079800 0.010500 0.021100
Gerenuk 0.127800 0.305100 0.089800 0.210400 0.081700 0.116500 0.080300 0.097400 0.089400 0.102900 0.117300 0.177500 0.129300 0.081200 0.147400 0.021300 0.104900 0.103400 0.114000 0.078500 0.044400 0.116200 0.104400 0.104600 0.128700 0.055600 0.117100 0.089800 0.000000 0.078500 0.113900 0.157800 0.169600 0.117100 0.118100 0.134800 0.150900 0.114500 0.111100 0.140500 0.104100 0.079800 0.113400 0.092300 0.123600 0.090400 0.079300 0.119000 0.101800 0.080400 0.078500 0.089700
CommonElan 0.090800 0.273900 0.010500 0.240500 0.094300 0.104100 0.068300 0.133100 0.010500 0.090900 0.104900 0.138500 0.091700 0.069100 0.135300 0.102400 0.092600 0.091300 0.101900 0.000000 0.103700 0.079500 0.092100 0.068000 0.116300 0.091100 0.080000 0.010500 0.078500 0.000000 0.090700 0.144300 0.129600 0.080000 0.056300 0.098700 0.113600 0.166800 0.099400 0.128100 0.091800 0.116700 0.090200 0.104700 0.087900 0.091800 0.067700 0.106300 0.114300 0.068400 0.000000 0.010600
MuntiacusR 0.091400 0.276300 0.102000 0.211500 0.081800 0.080200 0.068600 0.096400 0.101600 0.000100 0.080800 0.164100 0.091900 0.069400 0.135200 0.113900 0.045200 0.092000 0.102200 0.090700 0.115500 0.079800 0.022100 0.022100 0.067900 0.127500 0.080200 0.102000 0.113900 0.090700 0.000000 0.106000 0.105000 0.080200 0.081000 0.122500 0.114200 0.164200 0.123700 0.066400 0.022100 0.129100 0.000000 0.022300 0.111600 0.079800 0.055000 0.057700 0.090300 0.045200 0.090700 0.102000
HarveysDui 0.145000 0.337900 0.156600 0.318700 0.097300 0.133300 0.095500 0.149300 0.156000 0.106100 0.134200 0.182500 0.133400 0.096500 0.164500 0.157600 0.135000 0.173200 0.130300 0.144300 0.132900 0.132700 0.107800 0.107900 0.119500 0.145600 0.120800 0.156600 0.157800 0.144300 0.106000 0.000000 0.204200 0.120800 0.135000 0.138200 0.168700 0.172400 0.137800 0.145100 0.107400 0.174200 0.105500 0.121200 0.126900 0.107000 0.069500 0.109700 0.130800 0.121500 0.144300 0.156300
Pronghorn 0.130400 0.354500 0.141600 0.311500 0.148400 0.118900 0.132900 0.173500 0.141700 0.105300 0.146500 0.208600 0.131400 0.134300 0.202000 0.169200 0.093600 0.143200 0.168200 0.129600 0.171600 0.118600 0.106700 0.081700 0.158500 0.184500 0.119100 0.141600 0.169600 0.129600 0.105000 0.204200 0.000000 0.119100 0.120400 0.162300 0.181200 0.242300 0.190400 0.144100 0.106400 0.187100 0.104500 0.119800 0.151000 0.158700 0.131600 0.148900 0.155000 0.107400 0.129600 0.141400
BlueWildeb 0.080600 0.314800 0.091500 0.275500 0.083600 0.069300 0.057700 0.123200 0.091100 0.080400 0.069800 0.128100 0.011100 0.058300 0.125000 0.117000 0.081900 0.105800 0.067700 0.080000 0.093400 0.045300 0.081500 0.057400 0.081200 0.105500 0.000000 0.091500 0.117100 0.080000 0.080200 0.120800 0.119100 0.000000 0.046000 0.088500 0.103500 0.157200 0.138000 0.117800 0.081300 0.132300 0.079900 0.094200 0.077600 0.081300 0.057100 0.095700 0.079600 0.082100 0.080000 0.091400
Gemsbok 0.057200 0.283200 0.067600 0.233200 0.071200 0.045900 0.058100 0.149000 0.067300 0.081200 0.046200 0.155200 0.057600 0.058500 0.125900 0.117900 0.082800 0.081800 0.068200 0.056300 0.094000 0.022500 0.082400 0.058000 0.057600 0.106200 0.046000 0.067600 0.118100 0.056300 0.081000 0.135000 0.120400 0.046000 0.000000 0.113200 0.079900 0.158300 0.139000 0.119100 0.082100 0.107600 0.080700 0.095200 0.102100 0.081800 0.057400 0.071300 0.104700 0.058300 0.056300 0.067500
Yak 0.122800 0.291700 0.109800 0.308400 0.102400 0.111800 0.100700 0.140000 0.109400 0.122800 0.112700 0.097300 0.099800 0.101800 0.118800 0.159600 0.113500 0.148200 0.109600 0.098700 0.136100 0.087900 0.124400 0.100300 0.123800 0.123200 0.088500 0.109800 0.134800 0.098700 0.122500 0.138200 0.162300 0.088500 0.113200 0.000000 0.145400 0.173400 0.130700 0.135000 0.124000 0.149100 0.122000 0.137300 0.010100 0.124100 0.099800 0.139200 0.098000 0.125300 0.098700 0.086500
BlueSheep 0.043400 0.266600 0.124900 0.269600 0.105100 0.055300 0.091500 0.155600 0.124600 0.114400 0.032400 0.161900 0.115200 0.092600 0.158500 0.150500 0.116600 0.115400 0.054400 0.113600 0.126900 0.054600 0.115800 0.116100 0.042900 0.139100 0.103500 0.124900 0.150900 0.113600 0.114200 0.168700 0.181200 0.103500 0.079900 0.145400 0.000000 0.192100 0.122000 0.126600 0.115500 0.140700 0.113600 0.129300 0.134400 0.127600 0.090500 0.105500 0.088800 0.102900 0.113600 0.100800
BohorReedb 0.168200 0.385100 0.179000 0.242300 0.069300 0.156600 0.118100 0.183900 0.177500 0.168000 0.157700 0.219600 0.169800 0.119800 0.187100 0.114400 0.171700 0.169700 0.153100 0.166800 0.104500 0.156000 0.170700 0.171000 0.169400 0.141700 0.157200 0.179000 0.114500 0.166800 0.164200 0.172400 0.242300 0.157200 0.158300 0.173400 0.192100 0.000000 0.201800 0.209500 0.170200 0.169500 0.167100 0.158000 0.162100 0.129800 0.117100 0.160100 0.139700 0.144800 0.166800 0.178000
KirksDik 0.123800 0.246900 0.110500 0.290600 0.128400 0.112700 0.101500 0.141100 0.110200 0.123900 0.113600 0.146400 0.150100 0.102600 0.168300 0.135200 0.126300 0.124500 0.086900 0.099400 0.136800 0.112300 0.125600 0.125700 0.124900 0.123800 0.138000 0.110500 0.111100 0.099400 0.123700 0.137800 0.190400 0.138000 0.139000 0.130700 0.122000 0.201800 0.000000 0.136100 0.125200 0.149700 0.123100 0.138600 0.119900 0.137500 0.100500 0.140600 0.098800 0.101600 0.099400 0.087100
RoeDeer 0.103700 0.309700 0.139800 0.227000 0.119900 0.092400 0.105500 0.097600 0.139300 0.055800 0.093100 0.178000 0.129900 0.106700 0.173800 0.140300 0.081000 0.129700 0.114500 0.128100 0.142300 0.092200 0.056500 0.056700 0.079900 0.154900 0.117800 0.139800 0.140500 0.128100 0.066400 0.145100 0.144100 0.117800 0.119100 0.135000 0.126600 0.209500 0.136100 0.000000 0.056400 0.156600 0.066200 0.068600 0.124000 0.116100 0.079800 0.094500 0.102400 0.081000 0.128100 0.114600
WhiteLippe 0.092500 0.245300 0.103400 0.183200 0.082900 0.081200 0.069500 0.075700 0.102900 0.022100 0.081800 0.151500 0.093100 0.070300 0.136900 0.104000 0.045800 0.093100 0.103500 0.091800 0.105400 0.080900 0.000000 0.022400 0.068800 0.117600 0.081300 0.103400 0.104100 0.091800 0.022100 0.107400 0.106400 0.081300 0.082100 0.124000 0.115500 0.170200 0.125200 0.056400 0.000000 0.118900 0.022000 0.033900 0.113000 0.080800 0.045100 0.058400 0.079500 0.045800 0.091800 0.103200
ThomsonGaz 0.117600 0.309000 0.128500 0.262300 0.082700 0.106200 0.094300 0.134900 0.127900 0.117500 0.106900 0.193500 0.144800 0.095300 0.162200 0.103700 0.119900 0.118100 0.128400 0.116700 0.080900 0.105900 0.119300 0.119700 0.118300 0.022300 0.132300 0.128500 0.079800 0.116700 0.129100 0.174200 0.187100 0.132300 0.107600 0.149100 0.140700 0.169500 0.149700 0.156600 0.118900 0.000000 0.128500 0.132700 0.137900 0.105000 0.093000 0.108500 0.116000 0.094700 0.116700 0.128300
MuntiacusC 0.090900 0.274600 0.101600 0.210300 0.081400 0.079800 0.068300 0.096100 0.101200 0.000100 0.080400 0.163300 0.091500 0.069000 0.134500 0.113400 0.045000 0.091600 0.101700 0.090200 0.115100 0.079500 0.022000 0.022000 0.067600 0.127000 0.079900 0.101600 0.113400 0.090200 0.000000 0.105500 0.104500 0.079900 0.080700 0.122000 0.113600 0.167100 0.123100 0.066200 0.022000 0.128500 0.000000 0.022200 0.111100 0.079500 0.054900 0.057400 0.089800 0.045000 0.090200 0.101500
WhiteTaile 0.105800 0.302200 0.116400 0.200900 0.096100 0.094300 0.082300 0.099200 0.115900 0.022300 0.095100 0.181100 0.106200 0.083200 0.150700 0.092300 0.058000 0.106300 0.116700 0.104700 0.093600 0.093900 0.034000 0.034000 0.081600 0.131000 0.094200 0.116400 0.092300 0.104700 0.022300 0.121200 0.119800 0.094200 0.095200 0.137300 0.129300 0.158000 0.138600 0.068600 0.033900 0.132700 0.022200 0.000000 0.126100 0.093700 0.057100 0.071300 0.104300 0.058000 0.104700 0.116400
Cattle 0.111800 0.278800 0.098900 0.295700 0.091200 0.100800 0.089700 0.129400 0.098600 0.111900 0.101600 0.086600 0.088900 0.090700 0.131800 0.148300 0.102300 0.137100 0.098800 0.087900 0.124900 0.077000 0.113300 0.089400 0.112700 0.112200 0.077600 0.098900 0.123600 0.087900 0.111600 0.126900 0.151000 0.077600 0.102100 0.010100 0.134400 0.162100 0.119900 0.124000 0.113000 0.137900 0.111100 0.126100 0.000000 0.113000 0.088900 0.127900 0.087300 0.114100 0.087900 0.075800
RoyalAntel 0.104400 0.312800 0.103300 0.214100 0.058300 0.093100 0.057400 0.097700 0.102900 0.079900 0.093800 0.166500 0.093100 0.058000 0.088300 0.090600 0.107000 0.130700 0.091000 0.091800 0.067700 0.080700 0.081000 0.069100 0.080500 0.079100 0.081300 0.103300 0.090400 0.091800 0.079800 0.107000 0.158700 0.081300 0.081800 0.124100 0.127600 0.129800 0.137500 0.116100 0.080800 0.105000 0.079500 0.093700 0.113000 0.000000 0.031700 0.070200 0.079100 0.081700 0.091800 0.103300
Steenbok 0.067900 0.275300 0.079000 0.212900 0.046300 0.056800 0.022400 0.086700 0.078600 0.044600 0.057200 0.140100 0.068600 0.022600 0.088300 0.079200 0.069300 0.092600 0.055500 0.067700 0.056500 0.056600 0.045200 0.045300 0.044900 0.068000 0.057100 0.079000 0.079300 0.067700 0.055000 0.069500 0.131600 0.057100 0.057400 0.099800 0.090500 0.117100 0.100500 0.079800 0.045100 0.093000 0.054900 0.057100 0.088900 0.031700 0.000000 0.034200 0.067300 0.045500 0.067700 0.078900
Impala 0.082100 0.287100 0.118200 0.236000 0.072000 0.070600 0.058700 0.125000 0.117700 0.057900 0.071200 0.183900 0.107800 0.059400 0.127000 0.118900 0.083600 0.108100 0.093200 0.106300 0.094900 0.070300 0.058600 0.059000 0.058200 0.107100 0.095700 0.118200 0.119000 0.106300 0.057700 0.109700 0.148900 0.095700 0.071300 0.139200 0.105500 0.160100 0.140600 0.094500 0.058400 0.108500 0.057400 0.071300 0.127900 0.070200 0.034200 0.000000 0.105900 0.059000 0.106300 0.118100
Klipspring 0.090400 0.238300 0.125900 0.240600 0.069300 0.079300 0.067900 0.063000 0.125400 0.090400 0.079800 0.100700 0.091300 0.068700 0.110000 0.101700 0.092100 0.140600 0.054600 0.114300 0.078900 0.078900 0.079700 0.091800 0.090900 0.090500 0.079600 0.125900 0.101800 0.114300 0.090300 0.130800 0.155000 0.079600 0.104700 0.098000 0.088800 0.139700 0.098800 0.102400 0.079500 0.116000 0.089800 0.104300 0.087300 0.079100 0.067300 0.105900 0.000000 0.092300 0.114300 0.101300
ForestMusk 0.079500 0.250100 0.079800 0.186200 0.058900 0.067900 0.046100 0.111500 0.079500 0.045400 0.068500 0.168100 0.094100 0.046600 0.138200 0.080200 0.046200 0.069400 0.080000 0.068400 0.081400 0.067600 0.046000 0.045900 0.080200 0.093300 0.082100 0.079800 0.080400 0.068400 0.045200 0.121500 0.107400 0.082100 0.058300 0.125300 0.102900 0.144800 0.101600 0.081000 0.045800 0.094700 0.045000 0.058000 0.114100 0.081700 0.045500 0.059000 0.092300 0.000000 0.068400 0.079800
Bushbuck 0.090800 0.273900 0.010500 0.240500 0.094300 0.104100 0.068300 0.133100 0.010500 0.090900 0.104900 0.138500 0.091700 0.069100 0.135300 0.102400 0.092600 0.091300 0.101900 0.000000 0.103700 0.079500 0.092100 0.068000 0.116300 0.091100 0.080000 0.010500 0.078500 0.000000 0.090700 0.144300 0.129600 0.080000 0.056300 0.098700 0.113600 0.166800 0.099400 0.128100 0.091800 0.116700 0.090200 0.104700 0.087900 0.091800 0.067700 0.106300 0.114300 0.068400 0.000000 0.010600
GreaterKud 0.078200 0.255000 0.021100 0.266100 0.106000 0.091100 0.079600 0.120300 0.021100 0.102200 0.091800 0.125000 0.103100 0.080600 0.146800 0.113800 0.104200 0.102700 0.089200 0.010600 0.115200 0.067100 0.103500 0.079400 0.103100 0.102400 0.091400 0.021100 0.089700 0.010600 0.102000 0.156300 0.141400 0.091400 0.067500 0.086500 0.100800 0.178000 0.087100 0.114600 0.103200 0.128300 0.101500 0.116400 0.075800 0.103300 0.078900 0.118100 0.101300 0.079800 0.010600 0.000000
