CODONML (in paml version 4.10.7, June 2023)  /home/rachel/ruminants_paml/6406-phy-tree/ENSBTAT00000046490.fasta.phy
Model: free dN/dS Ratios for branches,  kappa = 2.000 fixed

Codon frequency model: F3x4
ns =  54  ls =  68

Codon usage in sequences
--------------------------------------------------------------------------------------------------------------------------------------
Phe TTT   0   0   0   0   0   1 | Ser TCT   2   3   2   2   2   1 | Tyr TAT   3   2   3   2   4   4 | Cys TGT   3   2   3   3   3   1
    TTC   2   1   2   2   0   0 |     TCC   1   1   1   1   1   1 |     TAC   9  10   9  10   9   8 |     TGC   1   3   1   1   0   0
Leu TTA   0   0   0   0   0   0 |     TCA   2   1   2   2   2   1 | *** TAA   0   0   0   0   0   0 | *** TGA   0   0   0   0   0   0
    TTG   1   1   1   1   0   1 |     TCG   1   1   1   1   1   2 |     TAG   0   0   0   0   0   0 | Trp TGG   1   1   1   1   1   1
--------------------------------------------------------------------------------------------------------------------------------------
Leu CTT   2   2   2   2   2   2 | Pro CCT   2   3   2   2   2   2 | His CAT   0   0   0   0   0   0 | Arg CGT   0   0   0   0   0   2
    CTC   3   3   3   3   3   3 |     CCC   2   1   2   2   2   2 |     CAC   0   0   0   0   0   1 |     CGC   1   1   1   1   1   1
    CTA   0   0   0   0   1   0 |     CCA   1   1   1   1   1   0 | Gln CAA   0   0   0   0   0   0 |     CGA   0   0   0   0   0   1
    CTG   2   2   2   2   2   2 |     CCG   1   1   1   1   1   2 |     CAG   0   0   0   0   2   1 |     CGG   4   4   4   4   3   3
--------------------------------------------------------------------------------------------------------------------------------------
Ile ATT   0   0   0   0   0   0 | Thr ACT   1   1   1   1   1   1 | Asn AAT   0   0   0   0   0   0 | Ser AGT   0   0   0   0   0   0
    ATC   2   2   2   2   4   5 |     ACC   2   2   2   1   1   1 |     AAC   1   1   1   1   1   2 |     AGC   0   0   0   0   0   0
    ATA   0   0   0   0   0   0 |     ACA   2   1   2   3   2   2 | Lys AAA   2   2   2   2   3   3 | Arg AGA   0   1   0   0   0   0
Met ATG   1   1   1   1   1   1 |     ACG   0   1   0   0   0   0 |     AAG   4   3   4   4   3   3 |     AGG   2   2   2   2   2   2
--------------------------------------------------------------------------------------------------------------------------------------
Val GTT   0   0   0   0   0   0 | Ala GCT   0   0   0   0   0   0 | Asp GAT   0   0   0   0   0   0 | Gly GGT   0   0   0   0   0   0
    GTC   0   0   0   0   1   0 |     GCC   1   1   1   1   1   1 |     GAC   1   1   1   1   1   0 |     GGC   0   0   0   0   0   0
    GTA   0   0   0   0   0   0 |     GCA   0   0   0   0   0   0 | Glu GAA   1   1   1   1   2   1 |     GGA   1   1   1   1   1   1
    GTG   1   0   0   0   0   0 |     GCG   0   0   0   0   0   0 |     GAG   2   3   3   3   1   2 |     GGG   0   0   0   0   0   0
--------------------------------------------------------------------------------------------------------------------------------------

--------------------------------------------------------------------------------------------------------------------------------------
Phe TTT   0   0   0   0   0   0 | Ser TCT   2   2   2   2   2   2 | Tyr TAT   3   3   3   3   3   3 | Cys TGT   3   3   3   3   3   3
    TTC   2   2   2   2   2   2 |     TCC   1   1   1   1   1   1 |     TAC   9   9   9   9   9   9 |     TGC   1   1   1   1   1   1
Leu TTA   0   0   0   0   0   0 |     TCA   2   2   1   2   2   2 | *** TAA   0   0   0   0   0   0 | *** TGA   0   0   0   0   0   0
    TTG   1   1   1   1   1   1 |     TCG   1   1   1   1   1   1 |     TAG   0   0   0   0   0   0 | Trp TGG   1   1   1   1   1   1
--------------------------------------------------------------------------------------------------------------------------------------
Leu CTT   2   2   2   2   2   2 | Pro CCT   2   2   2   2   2   2 | His CAT   0   0   0   0   0   0 | Arg CGT   0   0   0   0   0   0
    CTC   3   3   3   3   3   3 |     CCC   2   2   2   2   2   2 |     CAC   0   0   0   0   0   0 |     CGC   1   1   1   1   1   1
    CTA   0   0   0   0   0   0 |     CCA   1   1   2   1   1   1 | Gln CAA   0   0   0   0   0   0 |     CGA   0   0   0   0   0   0
    CTG   2   2   2   2   2   2 |     CCG   1   1   1   1   1   1 |     CAG   0   0   0   0   0   0 |     CGG   4   4   4   4   4   4
--------------------------------------------------------------------------------------------------------------------------------------
Ile ATT   0   0   0   0   0   0 | Thr ACT   1   1   1   1   1   1 | Asn AAT   0   0   0   0   0   0 | Ser AGT   0   0   0   0   0   0
    ATC   2   2   1   2   2   2 |     ACC   2   2   3   2   2   2 |     AAC   1   1   1   1   1   1 |     AGC   0   0   0   0   0   0
    ATA   0   0   0   0   0   0 |     ACA   2   2   2   2   2   2 | Lys AAA   2   2   2   2   2   1 | Arg AGA   0   0   0   0   0   1
Met ATG   1   1   1   1   1   1 |     ACG   0   0   0   0   0   0 |     AAG   4   4   4   4   4   4 |     AGG   2   2   2   2   2   2
--------------------------------------------------------------------------------------------------------------------------------------
Val GTT   0   0   0   0   0   0 | Ala GCT   0   0   0   0   0   0 | Asp GAT   0   0   0   0   0   0 | Gly GGT   0   0   0   0   0   0
    GTC   0   0   0   0   0   0 |     GCC   1   1   0   1   1   1 |     GAC   1   1   1   1   1   1 |     GGC   0   0   0   0   0   0
    GTA   0   0   0   0   0   0 |     GCA   0   0   1   0   0   0 | Glu GAA   1   1   1   1   1   1 |     GGA   1   1   1   1   1   1
    GTG   0   1   0   1   0   0 |     GCG   0   0   0   0   0   0 |     GAG   3   2   3   2   3   3 |     GGG   0   0   0   0   0   0
--------------------------------------------------------------------------------------------------------------------------------------

--------------------------------------------------------------------------------------------------------------------------------------
Phe TTT   0   0   0   0   0   0 | Ser TCT   2   2   2   2   2   2 | Tyr TAT   3   4   3   3   3   2 | Cys TGT   2   3   3   3   3   3
    TTC   2   3   2   2   2   2 |     TCC   1   1   1   1   2   1 |     TAC   9   8   9   9   9  10 |     TGC   2   0   1   1   1   1
Leu TTA   0   0   0   0   0   0 |     TCA   2   2   2   1   2   2 | *** TAA   0   0   0   0   0   0 | *** TGA   0   0   0   0   0   0
    TTG   1   1   1   1   1   1 |     TCG   1   1   1   1   0   1 |     TAG   0   0   0   0   0   0 | Trp TGG   1   1   1   1   1   1
--------------------------------------------------------------------------------------------------------------------------------------
Leu CTT   2   2   2   2   2   2 | Pro CCT   2   2   3   2   2   2 | His CAT   0   0   0   0   0   0 | Arg CGT   0   0   0   0   0   0
    CTC   3   3   3   3   3   3 |     CCC   2   2   1   2   2   2 |     CAC   0   0   0   0   0   0 |     CGC   1   1   1   1   1   1
    CTA   0   0   0   0   0   0 |     CCA   1   1   1   2   1   1 | Gln CAA   0   0   0   0   0   0 |     CGA   0   0   0   0   0   0
    CTG   2   2   2   2   2   2 |     CCG   1   1   1   1   1   1 |     CAG   0   0   0   0   0   0 |     CGG   4   4   4   4   4   4
--------------------------------------------------------------------------------------------------------------------------------------
Ile ATT   0   0   1   0   0   0 | Thr ACT   1   1   1   1   1   1 | Asn AAT   0   0   0   0   0   0 | Ser AGT   0   0   0   0   0   0
    ATC   2   2   1   1   1   2 |     ACC   2   2   2   3   2   2 |     AAC   1   1   1   1   1   1 |     AGC   0   0   0   0   0   0
    ATA   0   0   0   0   0   0 |     ACA   2   2   2   2   2   2 | Lys AAA   2   2   2   2   1   2 | Arg AGA   0   0   0   0   0   0
Met ATG   1   1   1   1   1   1 |     ACG   0   0   0   0   0   0 |     AAG   4   4   4   4   5   4 |     AGG   2   2   2   2   2   2
--------------------------------------------------------------------------------------------------------------------------------------
Val GTT   0   0   0   0   0   0 | Ala GCT   0   0   0   0   0   0 | Asp GAT   0   0   0   0   0   0 | Gly GGT   0   0   0   0   0   0
    GTC   0   0   0   0   1   0 |     GCC   1   1   1   1   1   1 |     GAC   1   1   1   1   1   1 |     GGC   0   0   0   0   0   0
    GTA   0   0   0   0   0   0 |     GCA   0   0   0   0   0   0 | Glu GAA   1   1   1   1   1   1 |     GGA   1   1   1   1   1   1
    GTG   1   0   0   0   0   1 |     GCG   0   0   0   0   0   0 |     GAG   2   3   3   3   3   2 |     GGG   0   0   0   0   0   0
--------------------------------------------------------------------------------------------------------------------------------------

--------------------------------------------------------------------------------------------------------------------------------------
Phe TTT   0   0   0   0   0   0 | Ser TCT   2   2   2   2   2   2 | Tyr TAT   3   3   3   3   3   3 | Cys TGT   3   3   3   3   3   3
    TTC   2   2   2   2   2   2 |     TCC   2   1   1   1   1   1 |     TAC   9   9   9   9   9   9 |     TGC   1   1   1   1   1   1
Leu TTA   0   0   0   0   0   0 |     TCA   1   2   2   2   1   2 | *** TAA   0   0   0   0   0   0 | *** TGA   0   0   0   0   0   0
    TTG   1   1   1   1   1   1 |     TCG   1   1   1   1   2   1 |     TAG   0   0   0   0   0   0 | Trp TGG   1   1   1   1   1   1
--------------------------------------------------------------------------------------------------------------------------------------
Leu CTT   2   2   2   2   2   2 | Pro CCT   2   2   2   2   2   3 | His CAT   0   0   0   0   0   0 | Arg CGT   0   0   0   0   0   0
    CTC   3   3   3   3   3   3 |     CCC   2   2   2   2   2   1 |     CAC   0   0   0   0   0   0 |     CGC   1   1   1   1   1   1
    CTA   0   0   0   0   0   0 |     CCA   1   1   1   1   2   2 | Gln CAA   0   0   0   0   0   0 |     CGA   0   0   0   0   0   0
    CTG   2   2   2   2   2   2 |     CCG   1   1   1   1   0   0 |     CAG   0   0   0   0   0   0 |     CGG   4   4   4   4   4   4
--------------------------------------------------------------------------------------------------------------------------------------
Ile ATT   0   0   0   0   0   0 | Thr ACT   1   1   1   1   1   1 | Asn AAT   0   0   0   0   0   0 | Ser AGT   0   0   0   0   0   0
    ATC   2   2   2   2   2   2 |     ACC   2   2   2   2   2   2 |     AAC   1   1   1   1   1   1 |     AGC   0   0   0   0   0   0
    ATA   0   0   0   0   0   0 |     ACA   2   2   2   2   2   2 | Lys AAA   1   1   2   2   2   2 | Arg AGA   1   1   0   0   0   0
Met ATG   1   1   1   1   1   1 |     ACG   0   0   0   0   0   0 |     AAG   4   4   4   4   4   4 |     AGG   2   2   2   2   2   2
--------------------------------------------------------------------------------------------------------------------------------------
Val GTT   0   0   0   0   0   0 | Ala GCT   0   0   0   0   0   0 | Asp GAT   0   0   0   0   0   0 | Gly GGT   0   0   0   0   0   0
    GTC   0   0   0   0   0   0 |     GCC   1   1   1   1   1   1 |     GAC   1   1   1   1   1   1 |     GGC   0   0   0   0   0   0
    GTA   0   0   0   0   0   0 |     GCA   0   0   0   0   0   0 | Glu GAA   1   1   1   1   1   1 |     GGA   1   1   1   1   1   1
    GTG   0   0   0   0   1   1 |     GCG   0   0   0   0   0   0 |     GAG   3   3   3   3   2   2 |     GGG   0   0   0   0   0   0
--------------------------------------------------------------------------------------------------------------------------------------

--------------------------------------------------------------------------------------------------------------------------------------
Phe TTT   0   0   0   0   0   0 | Ser TCT   2   2   2   2   2   2 | Tyr TAT   3   3   3   2   3   3 | Cys TGT   3   3   3   3   3   3
    TTC   2   2   2   2   2   2 |     TCC   1   1   1   1   1   1 |     TAC   9   9   9   9   9   9 |     TGC   1   1   1   1   1   1
Leu TTA   0   0   0   0   0   0 |     TCA   2   2   2   3   2   2 | *** TAA   0   0   0   0   0   0 | *** TGA   0   0   0   0   0   0
    TTG   1   1   1   1   1   1 |     TCG   1   1   1   0   1   1 |     TAG   0   0   0   0   0   0 | Trp TGG   1   1   1   1   1   1
--------------------------------------------------------------------------------------------------------------------------------------
Leu CTT   2   2   2   2   2   2 | Pro CCT   2   2   2   1   3   2 | His CAT   0   0   0   0   0   0 | Arg CGT   0   0   0   0   0   0
    CTC   3   3   3   3   3   3 |     CCC   2   2   2   2   1   2 |     CAC   0   0   0   1   0   0 |     CGC   1   1   1   1   1   1
    CTA   0   0   0   0   0   0 |     CCA   1   1   1   2   1   1 | Gln CAA   0   0   0   0   0   0 |     CGA   0   0   0   0   0   0
    CTG   2   2   2   2   2   2 |     CCG   1   1   1   1   1   1 |     CAG   0   0   0   0   0   0 |     CGG   4   4   4   4   4   4
--------------------------------------------------------------------------------------------------------------------------------------
Ile ATT   0   0   0   0   1   0 | Thr ACT   1   1   1   1   1   1 | Asn AAT   0   0   0   0   0   0 | Ser AGT   0   0   0   0   0   0
    ATC   2   2   2   2   1   2 |     ACC   2   2   2   2   2   2 |     AAC   1   1   1   1   1   1 |     AGC   0   0   0   0   0   0
    ATA   0   0   0   0   0   0 |     ACA   2   2   2   2   2   2 | Lys AAA   1   1   2   2   2   2 | Arg AGA   1   1   0   0   0   0
Met ATG   1   1   1   1   1   1 |     ACG   0   0   0   0   0   0 |     AAG   4   4   4   4   4   4 |     AGG   2   2   2   2   2   2
--------------------------------------------------------------------------------------------------------------------------------------
Val GTT   0   0   0   0   0   0 | Ala GCT   0   0   0   0   0   0 | Asp GAT   0   0   0   0   0   0 | Gly GGT   0   0   0   0   0   0
    GTC   0   0   0   0   0   0 |     GCC   1   1   1   1   1   1 |     GAC   1   1   1   1   1   1 |     GGC   0   0   0   0   0   0
    GTA   0   0   0   0   0   0 |     GCA   0   0   0   0   0   0 | Glu GAA   1   1   1   1   1   1 |     GGA   1   1   1   1   1   1
    GTG   0   0   1   1   0   0 |     GCG   0   0   0   0   0   0 |     GAG   3   3   2   2   3   3 |     GGG   0   0   0   0   0   0
--------------------------------------------------------------------------------------------------------------------------------------

--------------------------------------------------------------------------------------------------------------------------------------
Phe TTT   0   0   0   0   0   0 | Ser TCT   2   2   2   2   2   2 | Tyr TAT   2   3   3   3   4   3 | Cys TGT   3   3   3   3   3   3
    TTC   2   2   2   2   2   2 |     TCC   1   1   1   1   1   1 |     TAC  10   9   9   9   8   9 |     TGC   1   1   1   1   1   1
Leu TTA   0   0   0   0   0   0 |     TCA   2   2   2   1   2   2 | *** TAA   0   0   0   0   0   0 | *** TGA   0   0   0   0   0   0
    TTG   1   1   1   1   1   1 |     TCG   1   1   1   1   1   1 |     TAG   0   0   0   0   0   0 | Trp TGG   1   1   1   1   1   1
--------------------------------------------------------------------------------------------------------------------------------------
Leu CTT   2   2   2   2   2   2 | Pro CCT   2   2   2   3   2   3 | His CAT   0   0   0   0   0   0 | Arg CGT   0   0   0   0   0   0
    CTC   3   3   3   3   3   3 |     CCC   2   2   2   2   2   1 |     CAC   0   0   0   0   0   0 |     CGC   1   1   1   1   1   1
    CTA   0   0   0   0   0   0 |     CCA   1   1   1   2   1   1 | Gln CAA   0   0   0   0   0   0 |     CGA   0   0   0   0   0   0
    CTG   2   2   2   2   2   2 |     CCG   1   1   1   0   1   1 |     CAG   1   0   0   0   0   0 |     CGG   3   4   4   4   4   4
--------------------------------------------------------------------------------------------------------------------------------------
Ile ATT   0   0   0   0   0   0 | Thr ACT   1   1   1   1   1   1 | Asn AAT   0   0   0   0   0   0 | Ser AGT   0   0   0   0   0   0
    ATC   2   2   2   1   1   2 |     ACC   2   2   2   3   2   2 |     AAC   1   1   1   1   1   1 |     AGC   0   0   0   0   0   0
    ATA   0   0   0   0   0   0 |     ACA   2   2   2   2   2   2 | Lys AAA   2   2   1   2   2   2 | Arg AGA   0   0   1   0   0   0
Met ATG   1   1   1   1   1   1 |     ACG   0   0   0   0   0   0 |     AAG   4   4   4   4   4   4 |     AGG   2   2   2   2   2   2
--------------------------------------------------------------------------------------------------------------------------------------
Val GTT   0   0   0   0   0   0 | Ala GCT   0   0   0   0   0   0 | Asp GAT   0   0   0   0   0   0 | Gly GGT   0   0   0   0   0   0
    GTC   0   0   0   0   1   0 |     GCC   1   1   1   1   1   1 |     GAC   1   1   1   1   1   1 |     GGC   0   0   0   0   0   0
    GTA   0   0   0   0   0   0 |     GCA   0   0   0   0   0   0 | Glu GAA   1   1   1   1   1   1 |     GGA   1   1   1   1   1   1
    GTG   1   0   0   0   0   0 |     GCG   0   0   0   0   0   0 |     GAG   2   3   3   3   3   3 |     GGG   0   0   0   0   0   0
--------------------------------------------------------------------------------------------------------------------------------------

--------------------------------------------------------------------------------------------------------------------------------------
Phe TTT   0   0   0   0   0   0 | Ser TCT   2   2   2   2   2   2 | Tyr TAT   3   3   3   3   2   3 | Cys TGT   3   3   3   2   3   3
    TTC   1   2   2   2   2   2 |     TCC   2   1   1   1   1   1 |     TAC   9   9   9   9  10   9 |     TGC   1   1   1   2   1   1
Leu TTA   0   0   0   0   0   0 |     TCA   2   2   2   2   2   2 | *** TAA   0   0   0   0   0   0 | *** TGA   0   0   0   0   0   0
    TTG   1   1   1   1   1   1 |     TCG   1   1   1   1   1   1 |     TAG   0   0   0   0   0   0 | Trp TGG   1   1   1   1   1   1
--------------------------------------------------------------------------------------------------------------------------------------
Leu CTT   3   2   2   2   2   2 | Pro CCT   2   2   2   2   2   2 | His CAT   0   0   0   0   0   0 | Arg CGT   0   0   0   0   0   0
    CTC   2   3   3   3   3   3 |     CCC   2   2   2   2   2   2 |     CAC   0   0   0   0   0   0 |     CGC   1   1   1   1   1   1
    CTA   0   0   0   0   0   0 |     CCA   1   1   1   1   1   1 | Gln CAA   0   0   0   0   0   0 |     CGA   0   0   0   0   0   0
    CTG   2   2   2   2   2   2 |     CCG   1   1   1   1   1   1 |     CAG   0   0   0   0   0   0 |     CGG   4   4   4   4   4   4
--------------------------------------------------------------------------------------------------------------------------------------
Ile ATT   0   0   0   0   0   0 | Thr ACT   1   1   1   1   1   1 | Asn AAT   0   0   0   0   0   0 | Ser AGT   0   0   0   0   0   0
    ATC   2   2   2   2   2   2 |     ACC   2   2   2   2   2   2 |     AAC   1   1   1   1   1   1 |     AGC   0   0   0   0   0   0
    ATA   0   0   0   0   0   0 |     ACA   2   2   2   2   2   2 | Lys AAA   2   2   2   2   2   1 | Arg AGA   0   0   0   0   0   1
Met ATG   1   1   1   1   1   1 |     ACG   0   0   0   0   0   0 |     AAG   4   4   4   4   4   4 |     AGG   2   2   2   2   2   2
--------------------------------------------------------------------------------------------------------------------------------------
Val GTT   0   0   0   0   0   0 | Ala GCT   0   0   0   0   0   0 | Asp GAT   0   0   0   0   0   0 | Gly GGT   0   0   0   0   0   0
    GTC   0   0   0   0   0   0 |     GCC   1   1   1   1   1   1 |     GAC   1   1   1   1   1   1 |     GGC   0   0   0   0   0   0
    GTA   0   0   0   0   0   0 |     GCA   0   0   0   0   0   0 | Glu GAA   1   1   1   1   1   1 |     GGA   1   1   1   1   1   1
    GTG   0   0   1   0   1   0 |     GCG   0   0   0   0   0   0 |     GAG   3   3   2   3   2   3 |     GGG   0   0   0   0   0   0
--------------------------------------------------------------------------------------------------------------------------------------

--------------------------------------------------------------------------------------------------------------------------------------
Phe TTT   0   0   0   0   0   1 | Ser TCT   2   2   2   2   2   2 | Tyr TAT   2   2   3   3   3   2 | Cys TGT   3   3   3   2   3   3
    TTC   2   2   2   2   2   2 |     TCC   1   1   1   1   1   1 |     TAC  10   9   9   9   9   9 |     TGC   1   1   1   2   1   1
Leu TTA   0   0   0   1   0   0 |     TCA   2   2   2   2   2   2 | *** TAA   0   0   0   0   0   0 | *** TGA   0   0   0   0   0   0
    TTG   1   1   1   0   1   1 |     TCG   1   1   1   1   1   1 |     TAG   0   0   0   0   0   0 | Trp TGG   1   1   1   1   1   0
--------------------------------------------------------------------------------------------------------------------------------------
Leu CTT   2   2   2   2   2   2 | Pro CCT   2   1   2   1   2   2 | His CAT   0   0   0   0   0   0 | Arg CGT   0   0   0   0   0   0
    CTC   3   3   3   3   3   3 |     CCC   2   2   2   3   2   2 |     CAC   0   1   0   0   0   0 |     CGC   1   1   1   1   1   1
    CTA   0   0   0   0   0   0 |     CCA   1   2   1   1   1   1 | Gln CAA   0   0   0   0   0   0 |     CGA   0   0   0   0   0   0
    CTG   2   2   2   2   2   2 |     CCG   1   1   1   1   1   1 |     CAG   0   0   0   0   0   0 |     CGG   4   4   4   4   4   5
--------------------------------------------------------------------------------------------------------------------------------------
Ile ATT   0   0   0   0   0   0 | Thr ACT   1   1   1   1   1   1 | Asn AAT   0   0   0   0   0   0 | Ser AGT   0   0   0   0   0   0
    ATC   2   2   2   2   2   2 |     ACC   2   2   2   2   2   2 |     AAC   1   1   1   1   1   1 |     AGC   0   0   0   0   0   0
    ATA   0   0   0   0   0   0 |     ACA   2   2   2   2   2   2 | Lys AAA   1   2   1   1   2   2 | Arg AGA   1   0   1   1   0   0
Met ATG   1   1   1   1   1   1 |     ACG   0   0   0   0   0   0 |     AAG   4   4   4   4   4   4 |     AGG   2   2   2   2   2   2
--------------------------------------------------------------------------------------------------------------------------------------
Val GTT   0   0   0   0   0   0 | Ala GCT   0   0   0   0   0   0 | Asp GAT   0   0   0   0   0   0 | Gly GGT   0   0   0   0   0   0
    GTC   0   0   0   0   0   0 |     GCC   1   1   1   1   1   1 |     GAC   1   1   1   1   1   1 |     GGC   0   0   0   0   0   0
    GTA   0   0   0   0   0   0 |     GCA   0   0   0   0   0   0 | Glu GAA   1   1   1   1   1   1 |     GGA   1   1   1   0   1   1
    GTG   0   1   0   0   0   0 |     GCG   0   0   0   0   0   0 |     GAG   3   2   3   3   3   3 |     GGG   0   0   0   1   0   0
--------------------------------------------------------------------------------------------------------------------------------------

--------------------------------------------------------------------------------------------------------------------------------------
Phe TTT   0   0   1   0   0   0 | Ser TCT   2   2   2   2   2   2 | Tyr TAT   3   3   2   2   3   3 | Cys TGT   3   3   3   3   3   3
    TTC   2   2   2   2   2   2 |     TCC   1   1   1   1   1   1 |     TAC   9   9   9  10   9   9 |     TGC   1   1   1   1   1   1
Leu TTA   0   0   0   0   0   0 |     TCA   2   2   1   2   2   2 | *** TAA   0   0   0   0   0   0 | *** TGA   0   0   0   0   0   0
    TTG   1   1   1   1   0   1 |     TCG   1   1   2   1   1   1 |     TAG   0   0   0   0   0   0 | Trp TGG   1   1   1   1   1   1
--------------------------------------------------------------------------------------------------------------------------------------
Leu CTT   2   2   2   3   2   2 | Pro CCT   2   2   2   2   2   2 | His CAT   0   0   0   0   0   0 | Arg CGT   0   0   0   0   0   0
    CTC   3   3   3   2   3   3 |     CCC   2   2   2   2   2   2 |     CAC   0   0   0   0   0   0 |     CGC   1   1   1   1   1   1
    CTA   0   0   0   0   0   0 |     CCA   1   1   1   1   1   1 | Gln CAA   0   0   0   0   0   0 |     CGA   0   0   0   0   0   0
    CTG   2   2   2   2   3   2 |     CCG   1   1   1   1   1   1 |     CAG   0   0   0   0   0   0 |     CGG   4   4   4   4   4   4
--------------------------------------------------------------------------------------------------------------------------------------
Ile ATT   0   0   0   0   0   0 | Thr ACT   1   1   1   1   1   1 | Asn AAT   0   0   0   0   0   0 | Ser AGT   0   0   0   0   0   0
    ATC   2   2   2   2   2   2 |     ACC   2   2   2   1   2   2 |     AAC   1   1   1   1   1   1 |     AGC   0   0   0   0   0   0
    ATA   0   0   0   0   0   0 |     ACA   2   2   2   2   2   2 | Lys AAA   2   2   2   2   2   2 | Arg AGA   0   0   0   0   0   0
Met ATG   1   1   1   1   1   1 |     ACG   0   0   0   1   0   0 |     AAG   4   4   4   4   4   4 |     AGG   2   2   2   2   2   2
--------------------------------------------------------------------------------------------------------------------------------------
Val GTT   0   0   0   0   0   0 | Ala GCT   0   0   0   0   0   0 | Asp GAT   0   0   0   0   0   0 | Gly GGT   0   0   0   0   0   0
    GTC   0   0   0   0   0   0 |     GCC   1   1   1   1   1   1 |     GAC   1   1   1   1   1   1 |     GGC   0   0   0   0   0   0
    GTA   0   0   0   0   0   0 |     GCA   0   0   0   0   0   0 | Glu GAA   1   1   1   1   1   1 |     GGA   1   1   1   1   1   1
    GTG   1   0   0   0   0   0 |     GCG   0   0   0   0   0   0 |     GAG   2   3   3   3   3   3 |     GGG   0   0   0   0   0   0
--------------------------------------------------------------------------------------------------------------------------------------

Codon position x base (3x4) table for each sequence.

#1: Argali         
position  1:    T:0.38235    C:0.26471    A:0.25000    G:0.10294
position  2:    T:0.20588    C:0.26471    A:0.33824    G:0.19118
position  3:    T:0.19118    C:0.38235    A:0.13235    G:0.29412
Average         T:0.25980    C:0.30392    A:0.24020    G:0.19608

#2: LesserMouseDeer
position  1:    T:0.38235    C:0.26471    A:0.25000    G:0.10294
position  2:    T:0.17647    C:0.26471    A:0.33824    G:0.22059
position  3:    T:0.19118    C:0.39706    A:0.11765    G:0.29412
Average         T:0.25000    C:0.30882    A:0.23529    G:0.20588

#3: LesserKudu     
position  1:    T:0.38235    C:0.26471    A:0.25000    G:0.10294
position  2:    T:0.19118    C:0.26471    A:0.35294    G:0.19118
position  3:    T:0.19118    C:0.38235    A:0.13235    G:0.29412
Average         T:0.25490    C:0.30392    A:0.24510    G:0.19608

#4: ForestMuskDeer2
position  1:    T:0.38235    C:0.26471    A:0.25000    G:0.10294
position  2:    T:0.19118    C:0.26471    A:0.35294    G:0.19118
position  3:    T:0.17647    C:0.38235    A:0.14706    G:0.29412
Average         T:0.25000    C:0.30392    A:0.25000    G:0.19608

#5: Camel          
position  1:    T:0.33824    C:0.29412    A:0.26471    G:0.10294
position  2:    T:0.20588    C:0.25000    A:0.38235    G:0.16176
position  3:    T:0.20588    C:0.36765    A:0.17647    G:0.25000
Average         T:0.25000    C:0.30392    A:0.27451    G:0.17157

#6: KillerWhale    
position  1:    T:0.30882    C:0.32353    A:0.29412    G:0.07353
position  2:    T:0.22059    C:0.23529    A:0.36765    G:0.17647
position  3:    T:0.20588    C:0.36765    A:0.13235    G:0.29412
Average         T:0.24510    C:0.30882    A:0.26471    G:0.18137

#7: DefassaWaterbuck
position  1:    T:0.38235    C:0.26471    A:0.25000    G:0.10294
position  2:    T:0.19118    C:0.26471    A:0.35294    G:0.19118
position  3:    T:0.19118    C:0.38235    A:0.13235    G:0.29412
Average         T:0.25490    C:0.30392    A:0.24510    G:0.19608

#8: Sheep          
position  1:    T:0.38235    C:0.26471    A:0.25000    G:0.10294
position  2:    T:0.20588    C:0.26471    A:0.33824    G:0.19118
position  3:    T:0.19118    C:0.38235    A:0.13235    G:0.29412
Average         T:0.25980    C:0.30392    A:0.24020    G:0.19608

#9: MaxwellsDuiker 
position  1:    T:0.36765    C:0.27941    A:0.25000    G:0.10294
position  2:    T:0.17647    C:0.27941    A:0.35294    G:0.19118
position  3:    T:0.19118    C:0.36765    A:0.14706    G:0.29412
Average         T:0.24510    C:0.30882    A:0.25000    G:0.19608

#10: GazellaPrzewalskyi
position  1:    T:0.38235    C:0.26471    A:0.25000    G:0.10294
position  2:    T:0.20588    C:0.26471    A:0.33824    G:0.19118
position  3:    T:0.19118    C:0.38235    A:0.13235    G:0.29412
Average         T:0.25980    C:0.30392    A:0.24020    G:0.19608

#11: MountainNyala  
position  1:    T:0.38235    C:0.26471    A:0.25000    G:0.10294
position  2:    T:0.19118    C:0.26471    A:0.35294    G:0.19118
position  3:    T:0.19118    C:0.38235    A:0.13235    G:0.29412
Average         T:0.25490    C:0.30392    A:0.24510    G:0.19608

#12: MuntiacusMuntjak
position  1:    T:0.38235    C:0.26471    A:0.25000    G:0.10294
position  2:    T:0.19118    C:0.26471    A:0.33824    G:0.20588
position  3:    T:0.19118    C:0.38235    A:0.13235    G:0.29412
Average         T:0.25490    C:0.30392    A:0.24020    G:0.20098

#13: goat           
position  1:    T:0.38235    C:0.26471    A:0.25000    G:0.10294
position  2:    T:0.20588    C:0.26471    A:0.33824    G:0.19118
position  3:    T:0.17647    C:0.39706    A:0.13235    G:0.29412
Average         T:0.25490    C:0.30882    A:0.24020    G:0.19608

#14: AfricanBuffalo 
position  1:    T:0.38235    C:0.26471    A:0.25000    G:0.10294
position  2:    T:0.20588    C:0.26471    A:0.35294    G:0.17647
position  3:    T:0.20588    C:0.36765    A:0.13235    G:0.29412
Average         T:0.26471    C:0.29902    A:0.24510    G:0.19118

#15: Topi           
position  1:    T:0.38235    C:0.26471    A:0.25000    G:0.10294
position  2:    T:0.19118    C:0.26471    A:0.35294    G:0.19118
position  3:    T:0.22059    C:0.35294    A:0.13235    G:0.29412
Average         T:0.26471    C:0.29412    A:0.24510    G:0.19608

#16: CommonDuiker   
position  1:    T:0.36765    C:0.27941    A:0.25000    G:0.10294
position  2:    T:0.17647    C:0.27941    A:0.35294    G:0.19118
position  3:    T:0.19118    C:0.38235    A:0.13235    G:0.29412
Average         T:0.24510    C:0.31373    A:0.24510    G:0.19608

#17: Suni           
position  1:    T:0.38235    C:0.26471    A:0.23529    G:0.11765
position  2:    T:0.19118    C:0.26471    A:0.35294    G:0.19118
position  3:    T:0.19118    C:0.39706    A:0.11765    G:0.29412
Average         T:0.25490    C:0.30882    A:0.23529    G:0.20098

#18: Springbuck     
position  1:    T:0.38235    C:0.26471    A:0.25000    G:0.10294
position  2:    T:0.20588    C:0.26471    A:0.33824    G:0.19118
position  3:    T:0.17647    C:0.39706    A:0.13235    G:0.29412
Average         T:0.25490    C:0.30882    A:0.24020    G:0.19608

#19: Okapi          
position  1:    T:0.38235    C:0.26471    A:0.25000    G:0.10294
position  2:    T:0.19118    C:0.26471    A:0.33824    G:0.20588
position  3:    T:0.19118    C:0.39706    A:0.11765    G:0.29412
Average         T:0.25490    C:0.30882    A:0.23529    G:0.20098

#20: Giraffe        
position  1:    T:0.38235    C:0.26471    A:0.25000    G:0.10294
position  2:    T:0.19118    C:0.26471    A:0.33824    G:0.20588
position  3:    T:0.19118    C:0.38235    A:0.13235    G:0.29412
Average         T:0.25490    C:0.30392    A:0.24020    G:0.20098

#21: TibetanAntelope
position  1:    T:0.38235    C:0.26471    A:0.25000    G:0.10294
position  2:    T:0.19118    C:0.26471    A:0.35294    G:0.19118
position  3:    T:0.19118    C:0.38235    A:0.13235    G:0.29412
Average         T:0.25490    C:0.30392    A:0.24510    G:0.19608

#22: Sitatunga      
position  1:    T:0.38235    C:0.26471    A:0.25000    G:0.10294
position  2:    T:0.19118    C:0.26471    A:0.35294    G:0.19118
position  3:    T:0.19118    C:0.38235    A:0.13235    G:0.29412
Average         T:0.25490    C:0.30392    A:0.24510    G:0.19608

#23: Oribi          
position  1:    T:0.38235    C:0.26471    A:0.25000    G:0.10294
position  2:    T:0.20588    C:0.26471    A:0.33824    G:0.19118
position  3:    T:0.19118    C:0.38235    A:0.13235    G:0.29412
Average         T:0.25980    C:0.30392    A:0.24020    G:0.19608

#24: BarbarySheep   
position  1:    T:0.38235    C:0.26471    A:0.25000    G:0.10294
position  2:    T:0.20588    C:0.26471    A:0.33824    G:0.19118
position  3:    T:0.20588    C:0.36765    A:0.14706    G:0.27941
Average         T:0.26471    C:0.29902    A:0.24510    G:0.19118

#25: Daviddeer      
position  1:    T:0.38235    C:0.26471    A:0.25000    G:0.10294
position  2:    T:0.19118    C:0.26471    A:0.33824    G:0.20588
position  3:    T:0.19118    C:0.38235    A:0.13235    G:0.29412
Average         T:0.25490    C:0.30392    A:0.24020    G:0.20098

#26: Reindeer       
position  1:    T:0.38235    C:0.26471    A:0.25000    G:0.10294
position  2:    T:0.19118    C:0.26471    A:0.33824    G:0.20588
position  3:    T:0.19118    C:0.38235    A:0.13235    G:0.29412
Average         T:0.25490    C:0.30392    A:0.24020    G:0.20098

#27: Ibex           
position  1:    T:0.38235    C:0.26471    A:0.25000    G:0.10294
position  2:    T:0.20588    C:0.26471    A:0.33824    G:0.19118
position  3:    T:0.19118    C:0.38235    A:0.13235    G:0.29412
Average         T:0.25980    C:0.30392    A:0.24020    G:0.19608

#28: GyrantGazelle  
position  1:    T:0.36765    C:0.27941    A:0.25000    G:0.10294
position  2:    T:0.20588    C:0.26471    A:0.33824    G:0.19118
position  3:    T:0.16176    C:0.39706    A:0.16176    G:0.27941
Average         T:0.24510    C:0.31373    A:0.25000    G:0.19118

#29: Hartebeest     
position  1:    T:0.38235    C:0.26471    A:0.25000    G:0.10294
position  2:    T:0.19118    C:0.26471    A:0.35294    G:0.19118
position  3:    T:0.22059    C:0.35294    A:0.13235    G:0.29412
Average         T:0.26471    C:0.29412    A:0.24510    G:0.19608

#30: Bongo          
position  1:    T:0.38235    C:0.26471    A:0.25000    G:0.10294
position  2:    T:0.19118    C:0.26471    A:0.35294    G:0.19118
position  3:    T:0.19118    C:0.38235    A:0.13235    G:0.29412
Average         T:0.25490    C:0.30392    A:0.24510    G:0.19608

#31: Gerenuk        
position  1:    T:0.38235    C:0.26471    A:0.25000    G:0.10294
position  2:    T:0.20588    C:0.26471    A:0.35294    G:0.17647
position  3:    T:0.17647    C:0.39706    A:0.13235    G:0.29412
Average         T:0.25490    C:0.30882    A:0.24510    G:0.19118

#32: CommonEland    
position  1:    T:0.38235    C:0.26471    A:0.25000    G:0.10294
position  2:    T:0.19118    C:0.26471    A:0.35294    G:0.19118
position  3:    T:0.19118    C:0.38235    A:0.13235    G:0.29412
Average         T:0.25490    C:0.30392    A:0.24510    G:0.19608

#33: MuntiacusReevesi
position  1:    T:0.38235    C:0.26471    A:0.25000    G:0.10294
position  2:    T:0.19118    C:0.26471    A:0.33824    G:0.20588
position  3:    T:0.19118    C:0.38235    A:0.13235    G:0.29412
Average         T:0.25490    C:0.30392    A:0.24020    G:0.20098

#34: HarveysDuiker  
position  1:    T:0.36765    C:0.27941    A:0.25000    G:0.10294
position  2:    T:0.17647    C:0.27941    A:0.35294    G:0.19118
position  3:    T:0.20588    C:0.38235    A:0.13235    G:0.27941
Average         T:0.25000    C:0.31373    A:0.24510    G:0.19118

#35: Pronghorn      
position  1:    T:0.38235    C:0.26471    A:0.23529    G:0.11765
position  2:    T:0.19118    C:0.26471    A:0.35294    G:0.19118
position  3:    T:0.20588    C:0.36765    A:0.13235    G:0.29412
Average         T:0.25980    C:0.29902    A:0.24020    G:0.20098

#36: BlueWildebeest 
position  1:    T:0.38235    C:0.26471    A:0.25000    G:0.10294
position  2:    T:0.19118    C:0.26471    A:0.35294    G:0.19118
position  3:    T:0.20588    C:0.36765    A:0.13235    G:0.29412
Average         T:0.25980    C:0.29902    A:0.24510    G:0.19608

#37: Gemsbok        
position  1:    T:0.38235    C:0.26471    A:0.25000    G:0.10294
position  2:    T:0.17647    C:0.27941    A:0.35294    G:0.19118
position  3:    T:0.20588    C:0.36765    A:0.13235    G:0.29412
Average         T:0.25490    C:0.30392    A:0.24510    G:0.19608

#38: Yak            
position  1:    T:0.38235    C:0.26471    A:0.25000    G:0.10294
position  2:    T:0.19118    C:0.26471    A:0.35294    G:0.19118
position  3:    T:0.19118    C:0.38235    A:0.13235    G:0.29412
Average         T:0.25490    C:0.30392    A:0.24510    G:0.19608

#39: BlueSheep      
position  1:    T:0.38235    C:0.26471    A:0.25000    G:0.10294
position  2:    T:0.20588    C:0.26471    A:0.33824    G:0.19118
position  3:    T:0.19118    C:0.38235    A:0.13235    G:0.29412
Average         T:0.25980    C:0.30392    A:0.24020    G:0.19608

#40: BohorReedbuck  
position  1:    T:0.38235    C:0.26471    A:0.25000    G:0.10294
position  2:    T:0.19118    C:0.26471    A:0.35294    G:0.19118
position  3:    T:0.17647    C:0.39706    A:0.13235    G:0.29412
Average         T:0.25000    C:0.30882    A:0.24510    G:0.19608

#41: KirksDik       
position  1:    T:0.38235    C:0.26471    A:0.25000    G:0.10294
position  2:    T:0.20588    C:0.26471    A:0.33824    G:0.19118
position  3:    T:0.17647    C:0.39706    A:0.13235    G:0.29412
Average         T:0.25490    C:0.30882    A:0.24020    G:0.19608

#42: RoeDeer        
position  1:    T:0.38235    C:0.26471    A:0.25000    G:0.10294
position  2:    T:0.19118    C:0.26471    A:0.33824    G:0.20588
position  3:    T:0.19118    C:0.38235    A:0.13235    G:0.29412
Average         T:0.25490    C:0.30392    A:0.24020    G:0.20098

#43: WhiteLippedDeer
position  1:    T:0.38235    C:0.26471    A:0.25000    G:0.10294
position  2:    T:0.19118    C:0.26471    A:0.33824    G:0.20588
position  3:    T:0.17647    C:0.39706    A:0.13235    G:0.29412
Average         T:0.25000    C:0.30882    A:0.24020    G:0.20098

#44: ThomsonGazelle 
position  1:    T:0.36765    C:0.27941    A:0.25000    G:0.10294
position  2:    T:0.20588    C:0.26471    A:0.33824    G:0.19118
position  3:    T:0.16176    C:0.39706    A:0.14706    G:0.29412
Average         T:0.24510    C:0.31373    A:0.24510    G:0.19608

#45: MuntiacusCrinifrons
position  1:    T:0.38235    C:0.26471    A:0.25000    G:0.10294
position  2:    T:0.19118    C:0.26471    A:0.33824    G:0.20588
position  3:    T:0.19118    C:0.38235    A:0.13235    G:0.29412
Average         T:0.25490    C:0.30392    A:0.24020    G:0.20098

#46: WhiteTailedDeer
position  1:    T:0.38235    C:0.26471    A:0.25000    G:0.10294
position  2:    T:0.19118    C:0.26471    A:0.33824    G:0.20588
position  3:    T:0.16176    C:0.41176    A:0.13235    G:0.29412
Average         T:0.24510    C:0.31373    A:0.24020    G:0.20098

#47: Cattle         
position  1:    T:0.38235    C:0.26471    A:0.25000    G:0.10294
position  2:    T:0.19118    C:0.26471    A:0.35294    G:0.19118
position  3:    T:0.19118    C:0.38235    A:0.13235    G:0.29412
Average         T:0.25490    C:0.30392    A:0.24510    G:0.19608

#48: RoyalAntelope  
position  1:    T:0.36765    C:0.27941    A:0.25000    G:0.10294
position  2:    T:0.20588    C:0.26471    A:0.33824    G:0.19118
position  3:    T:0.19118    C:0.38235    A:0.13235    G:0.29412
Average         T:0.25490    C:0.30882    A:0.24020    G:0.19608

#49: Steenbok       
position  1:    T:0.38235    C:0.26471    A:0.25000    G:0.10294
position  2:    T:0.20588    C:0.26471    A:0.33824    G:0.19118
position  3:    T:0.19118    C:0.38235    A:0.13235    G:0.29412
Average         T:0.25980    C:0.30392    A:0.24020    G:0.19608

#50: Impala         
position  1:    T:0.38235    C:0.26471    A:0.25000    G:0.10294
position  2:    T:0.19118    C:0.26471    A:0.35294    G:0.19118
position  3:    T:0.19118    C:0.38235    A:0.13235    G:0.29412
Average         T:0.25490    C:0.30392    A:0.24510    G:0.19608

#51: Klipspringer   
position  1:    T:0.38235    C:0.26471    A:0.25000    G:0.10294
position  2:    T:0.20588    C:0.26471    A:0.33824    G:0.19118
