1
52 1
Argali 0.000000 0.387200 0.112200 0.324500 0.084500 0.000000 0.108800 0.103100 0.110500 0.166200 0.009800 0.116200 0.092300 0.120800 0.116900 0.125500 0.326600 0.153900 0.049800 0.102000 0.129100 0.019800 0.212200 0.155600 0.019500 0.137000 0.102100 0.111900 0.135500 0.112100 0.155200 0.105700 0.188100 0.112900 0.073000 0.082200 0.019600 0.096400 0.147300 0.183300 0.190600 0.127100 0.339600 0.180800 0.093400 0.153200 0.137900 0.104700 0.116900 0.185900 0.089100 0.112100
LesserMous 0.387200 0.000000 0.332000 0.320700 0.353900 0.387200 0.415000 0.386600 0.341500 0.370600 0.376100 0.382400 0.405000 0.364200 0.348500 0.354000 0.404800 0.340000 0.372000 0.382100 0.366800 0.376700 0.493300 0.379500 0.387200 0.388000 0.416600 0.394000 0.398900 0.362300 0.377600 0.434300 0.348100 0.434200 0.386500 0.358800 0.355800 0.359700 0.453100 0.370300 0.428800 0.392900 0.404900 0.380700 0.313600 0.399400 0.481200 0.394900 0.346000 0.473500 0.386500 0.362700
LesserKudu 0.112200 0.332000 0.000000 0.304400 0.116500 0.112200 0.141900 0.112500 0.018800 0.127500 0.102500 0.103500 0.123500 0.154200 0.126000 0.112500 0.306700 0.163400 0.123300 0.028500 0.138500 0.113400 0.185300 0.141300 0.112200 0.113000 0.133300 0.038100 0.144700 0.019000 0.140900 0.126700 0.210600 0.144000 0.127000 0.091700 0.091000 0.128900 0.156600 0.167900 0.200300 0.103200 0.304300 0.153400 0.081400 0.139100 0.147400 0.092400 0.126400 0.221200 0.037500 0.019100
KillerWhal 0.324500 0.320700 0.304400 0.000000 0.248300 0.324500 0.313600 0.323400 0.328000 0.323900 0.313700 0.257900 0.294800 0.299900 0.318000 0.294200 0.401000 0.249200 0.277300 0.351800 0.289800 0.298200 0.350900 0.268200 0.324500 0.309600 0.305600 0.363400 0.276500 0.333400 0.297300 0.318600 0.351700 0.319900 0.290100 0.254700 0.295900 0.236700 0.337300 0.287400 0.295400 0.314600 0.421600 0.268800 0.256100 0.337700 0.374600 0.330000 0.272800 0.394600 0.356500 0.333700
DefassaWat 0.084500 0.353900 0.116500 0.248300 0.000000 0.084500 0.066300 0.084500 0.114600 0.159200 0.074300 0.053000 0.073700 0.078200 0.075500 0.062900 0.266400 0.111800 0.073700 0.105900 0.087300 0.085500 0.195000 0.112800 0.084500 0.096200 0.083900 0.116100 0.073000 0.116400 0.136900 0.086800 0.158000 0.094900 0.053700 0.063200 0.062900 0.032100 0.106800 0.139500 0.172900 0.086000 0.306900 0.137500 0.052700 0.099100 0.119700 0.086200 0.098200 0.167600 0.114300 0.116300
Sheep 0.000000 0.387200 0.112200 0.324500 0.084500 0.000000 0.108800 0.103100 0.110500 0.166200 0.009800 0.116200 0.092300 0.120800 0.116900 0.125500 0.326600 0.153900 0.049800 0.102000 0.129100 0.019800 0.212200 0.155600 0.019500 0.137000 0.102100 0.111900 0.135500 0.112100 0.155200 0.105700 0.188100 0.112900 0.073000 0.082200 0.019600 0.096400 0.147300 0.183300 0.190600 0.127100 0.339600 0.180800 0.093400 0.153200 0.137900 0.104700 0.116900 0.185900 0.089100 0.112100
MaxwellsDu 0.108800 0.415000 0.141900 0.313600 0.066300 0.108800 0.000000 0.063800 0.139500 0.162200 0.098400 0.099500 0.097500 0.032900 0.088100 0.064000 0.316400 0.138300 0.097600 0.107900 0.065900 0.110000 0.198800 0.139700 0.108800 0.075100 0.107900 0.118300 0.074400 0.141600 0.139700 0.042700 0.199900 0.118600 0.077400 0.086800 0.086300 0.078500 0.085900 0.168200 0.176400 0.064800 0.330300 0.165700 0.076000 0.089300 0.098300 0.110900 0.099900 0.169000 0.139100 0.118500
GazellaPrz 0.103100 0.386600 0.112500 0.323400 0.084500 0.103100 0.063800 0.000000 0.110800 0.141600 0.093200 0.094000 0.071100 0.053100 0.116700 0.040100 0.326000 0.153700 0.114100 0.080900 0.041100 0.104100 0.163300 0.131700 0.103100 0.071300 0.080900 0.090800 0.029700 0.112400 0.131600 0.062000 0.164200 0.090700 0.095000 0.082100 0.081800 0.096400 0.060400 0.158200 0.142100 0.061400 0.340200 0.156100 0.050800 0.106900 0.071800 0.083000 0.094500 0.211800 0.110500 0.091000
MountainNy 0.110500 0.341500 0.018800 0.328000 0.114600 0.110500 0.139500 0.110800 0.000000 0.148500 0.100900 0.101800 0.121600 0.151700 0.124000 0.110800 0.288200 0.184500 0.121400 0.028400 0.136300 0.111700 0.182200 0.162400 0.110500 0.111300 0.131300 0.037800 0.142600 0.018500 0.162000 0.124700 0.207100 0.141800 0.125000 0.090300 0.089600 0.126700 0.154300 0.189600 0.196800 0.101600 0.298700 0.174900 0.080200 0.136900 0.145100 0.091000 0.124500 0.217100 0.037300 0.018800
MuntiacusM 0.166200 0.370600 0.127500 0.323900 0.159200 0.166200 0.162200 0.141600 0.148500 0.000000 0.155800 0.168600 0.140700 0.175600 0.144800 0.129400 0.308800 0.159600 0.153100 0.116900 0.157700 0.167900 0.109100 0.065600 0.166200 0.141400 0.151000 0.127300 0.163900 0.151000 0.021400 0.170900 0.195400 0.162900 0.170400 0.130000 0.142400 0.148300 0.152300 0.090500 0.087800 0.107500 0.192600 0.089100 0.143100 0.209600 0.180600 0.131300 0.195700 0.193400 0.148100 0.127300
goat 0.009800 0.376100 0.102500 0.313700 0.074300 0.009800 0.098400 0.093200 0.100900 0.155800 0.000000 0.106100 0.082400 0.110400 0.106800 0.115500 0.316000 0.143700 0.040000 0.092100 0.118800 0.010000 0.201900 0.145300 0.009800 0.127000 0.092300 0.102100 0.125600 0.102400 0.144800 0.095500 0.177900 0.103100 0.062900 0.093900 0.009800 0.086100 0.137400 0.172800 0.180300 0.117000 0.328600 0.170400 0.083400 0.142800 0.127900 0.094700 0.106700 0.175200 0.079500 0.102300
AfricanBuf 0.116200 0.382400 0.103500 0.257900 0.053000 0.116200 0.099500 0.094000 0.101800 0.168600 0.106100 0.000000 0.083300 0.111500 0.107600 0.072500 0.291500 0.145400 0.105300 0.093000 0.097000 0.117600 0.204000 0.122600 0.116200 0.105700 0.093300 0.103100 0.082400 0.103400 0.146500 0.119100 0.205500 0.103700 0.085800 0.072900 0.094200 0.064500 0.116200 0.149400 0.182300 0.095700 0.332900 0.146400 0.062100 0.120500 0.129100 0.073600 0.130700 0.177500 0.101500 0.103200
Topi 0.092300 0.405000 0.123500 0.294800 0.073700 0.092300 0.097500 0.071100 0.121600 0.140700 0.082400 0.083300 0.000000 0.109300 0.105700 0.092700 0.283800 0.142400 0.071200 0.113100 0.095200 0.093300 0.174800 0.120100 0.092300 0.103800 0.009700 0.123100 0.081200 0.112700 0.119600 0.117000 0.176700 0.019500 0.041000 0.050500 0.071200 0.085400 0.070900 0.146200 0.153700 0.072100 0.323600 0.144100 0.061400 0.141600 0.126700 0.072400 0.128300 0.199200 0.099900 0.123300
CommonDuik 0.120800 0.364200 0.154200 0.299900 0.078200 0.120800 0.032900 0.053100 0.151700 0.175600 0.110400 0.111500 0.109300 0.000000 0.111900 0.053300 0.333200 0.151100 0.109300 0.119700 0.032500 0.122100 0.212700 0.152800 0.120800 0.086700 0.119700 0.130300 0.063700 0.154000 0.152800 0.053800 0.187700 0.130800 0.089200 0.098500 0.097900 0.067200 0.097500 0.181900 0.190000 0.076300 0.348500 0.179300 0.065000 0.101500 0.110400 0.123100 0.088600 0.183000 0.151200 0.130500
Suni 0.116900 0.348500 0.126000 0.318000 0.075500 0.116900 0.088100 0.116700 0.124000 0.144800 0.106800 0.107600 0.105700 0.111900 0.000000 0.094600 0.306700 0.145900 0.105700 0.115400 0.120500 0.118200 0.204800 0.123100 0.117100 0.105900 0.115800 0.125600 0.127300 0.125900 0.147100 0.119900 0.206500 0.114800 0.086100 0.095100 0.094800 0.087500 0.139400 0.149800 0.183000 0.095800 0.319100 0.147800 0.084500 0.144900 0.153300 0.096200 0.131700 0.177400 0.123800 0.125700
Springbuck 0.125500 0.354000 0.112500 0.294200 0.062900 0.125500 0.064000 0.040100 0.110800 0.129400 0.115500 0.072500 0.092700 0.053300 0.094600 0.000000 0.313900 0.154500 0.114600 0.080900 0.041300 0.126800 0.188100 0.132100 0.125500 0.050400 0.102700 0.090900 0.029700 0.112400 0.132000 0.083800 0.189300 0.113500 0.095400 0.082500 0.103700 0.074300 0.081700 0.158700 0.166700 0.040600 0.326600 0.156600 0.051000 0.107300 0.093600 0.105400 0.117100 0.186000 0.110500 0.091000
Okapi 0.326600 0.404800 0.306700 0.401000 0.266400 0.326600 0.316400 0.326000 0.288200 0.308800 0.316000 0.291500 0.283800 0.333200 0.306700 0.313900 0.000000 0.239300 0.299900 0.309300 0.337100 0.331100 0.367700 0.299300 0.326600 0.315600 0.294500 0.320500 0.338500 0.321700 0.297600 0.321200 0.322900 0.308700 0.294000 0.272000 0.298800 0.298900 0.324400 0.318300 0.358000 0.275400 0.145300 0.316900 0.288900 0.336000 0.375800 0.333800 0.334000 0.361800 0.315200 0.321400
Giraffe 0.153900 0.340000 0.163400 0.249200 0.111800 0.153900 0.138300 0.153700 0.184500 0.159600 0.143700 0.145400 0.142400 0.151100 0.145900 0.154500 0.239300 0.000000 0.142500 0.176500 0.158900 0.155800 0.195200 0.113000 0.153900 0.166900 0.152700 0.187000 0.164700 0.187500 0.137100 0.157900 0.171100 0.164100 0.122800 0.131500 0.130700 0.124800 0.177800 0.114900 0.173300 0.156700 0.324300 0.113200 0.120500 0.184900 0.192800 0.157100 0.157400 0.222700 0.183900 0.187400
TibetanAnt 0.049800 0.372000 0.123300 0.277300 0.073700 0.049800 0.097600 0.114100 0.121400 0.153100 0.040000 0.105300 0.071200 0.109300 0.105700 0.114600 0.299900 0.142500 0.000000 0.112900 0.117700 0.050300 0.212900 0.143800 0.049800 0.126000 0.081000 0.122900 0.124500 0.123300 0.131600 0.117000 0.176400 0.091700 0.062300 0.082400 0.029600 0.085400 0.125300 0.171000 0.191300 0.105100 0.310500 0.168600 0.082700 0.141600 0.149600 0.093900 0.128300 0.199400 0.099700 0.123100
Sitatunga 0.102000 0.382100 0.028500 0.351800 0.105900 0.102000 0.107900 0.080900 0.028400 0.116900 0.092100 0.093000 0.113100 0.119700 0.115400 0.080900 0.309300 0.176500 0.112900 0.000000 0.105300 0.103000 0.150500 0.154100 0.102000 0.081300 0.122900 0.009500 0.112500 0.028800 0.130200 0.094000 0.199300 0.133500 0.116300 0.102900 0.080900 0.118100 0.123900 0.181500 0.164600 0.071500 0.292100 0.166700 0.092600 0.128400 0.114500 0.082000 0.138500 0.209200 0.028100 0.009500
Oribi 0.129100 0.366800 0.138500 0.289800 0.087300 0.129100 0.065900 0.041100 0.136300 0.157700 0.118800 0.097000 0.095200 0.032500 0.120500 0.041300 0.337100 0.158900 0.117700 0.105300 0.000000 0.130400 0.168400 0.136000 0.129100 0.073500 0.105400 0.115600 0.051500 0.138300 0.136000 0.063900 0.194800 0.116500 0.098100 0.084700 0.106600 0.076700 0.083900 0.163400 0.146700 0.063300 0.352300 0.161200 0.052400 0.110400 0.096200 0.108200 0.097500 0.219600 0.136000 0.115800
BarbaryShe 0.019800 0.376700 0.113400 0.298200 0.085500 0.019800 0.110000 0.104100 0.111700 0.167900 0.010000 0.117600 0.093300 0.122100 0.118200 0.126800 0.331100 0.155800 0.050300 0.103000 0.130400 0.000000 0.214700 0.157500 0.019800 0.115700 0.103200 0.113100 0.136900 0.113300 0.157000 0.106800 0.190300 0.114200 0.073800 0.105000 0.019800 0.097500 0.148900 0.185700 0.193000 0.128500 0.344100 0.183100 0.094400 0.154800 0.139500 0.105900 0.118100 0.188200 0.090000 0.113300
Daviddeer 0.212200 0.493300 0.185300 0.350900 0.195000 0.212200 0.198800 0.163300 0.182200 0.109100 0.201900 0.204000 0.174800 0.212700 0.204800 0.188100 0.367700 0.195200 0.212900 0.150500 0.168400 0.214700 0.000000 0.122300 0.212200 0.176200 0.185100 0.160900 0.198400 0.185000 0.099000 0.143300 0.205700 0.172600 0.206200 0.164100 0.187900 0.184000 0.186400 0.124900 0.042100 0.141700 0.288900 0.099400 0.177700 0.247000 0.152900 0.190700 0.217200 0.260700 0.181600 0.161300
Reindeer 0.155600 0.379500 0.141300 0.268200 0.112800 0.155600 0.139700 0.131700 0.162400 0.065600 0.145300 0.122600 0.120100 0.152800 0.123100 0.132100 0.299300 0.113000 0.143800 0.154100 0.136000 0.157500 0.122300 0.000000 0.155600 0.144200 0.130400 0.164700 0.142500 0.165000 0.043900 0.159800 0.173100 0.142100 0.123900 0.109200 0.132100 0.101900 0.155100 0.044800 0.100700 0.133900 0.237800 0.021600 0.098300 0.186900 0.169900 0.110300 0.159300 0.170300 0.161900 0.165100
Ibex 0.019500 0.387200 0.112200 0.324500 0.084500 0.019500 0.108800 0.103100 0.110500 0.166200 0.009800 0.116200 0.092300 0.120800 0.117100 0.125500 0.326600 0.153900 0.049800 0.102000 0.129100 0.019800 0.212200 0.155600 0.000000 0.137000 0.102100 0.111900 0.135500 0.112100 0.155200 0.105700 0.188100 0.112900 0.073000 0.103800 0.019600 0.096400 0.147300 0.183300 0.190600 0.127100 0.339600 0.180800 0.093400 0.153200 0.137900 0.104700 0.116900 0.185900 0.068600 0.112100
GyrantGaze 0.137000 0.388000 0.113000 0.309600 0.096200 0.137000 0.075100 0.071300 0.111300 0.141400 0.127000 0.105700 0.103800 0.086700 0.105900 0.050400 0.315600 0.166900 0.126000 0.081300 0.073500 0.115700 0.176200 0.144200 0.137000 0.000000 0.113700 0.091200 0.081500 0.112900 0.144100 0.073000 0.201900 0.124800 0.106800 0.093500 0.114900 0.108400 0.092600 0.171400 0.179200 0.030300 0.328200 0.144700 0.083100 0.118800 0.104700 0.116800 0.128700 0.199400 0.111000 0.091300
Hartebeest 0.102100 0.416600 0.133300 0.305600 0.083900 0.102100 0.107900 0.080900 0.131300 0.151000 0.092300 0.093300 0.009700 0.119700 0.115800 0.102700 0.294500 0.152700 0.081000 0.122900 0.105400 0.103200 0.185100 0.130400 0.102100 0.113700 0.000000 0.132900 0.091000 0.122500 0.129900 0.127100 0.187100 0.028900 0.051100 0.060400 0.081000 0.095700 0.080700 0.156700 0.164100 0.082100 0.334800 0.154500 0.071300 0.151800 0.136800 0.082400 0.138400 0.210000 0.109500 0.133100
Bongo 0.111900 0.394000 0.038100 0.363400 0.116100 0.111900 0.118300 0.090800 0.037800 0.127300 0.102100 0.103100 0.123100 0.130300 0.125600 0.090900 0.320500 0.187000 0.122900 0.009500 0.115600 0.113100 0.160900 0.164700 0.111900 0.091200 0.132900 0.000000 0.122500 0.038300 0.140700 0.104200 0.209800 0.143500 0.126600 0.113000 0.090800 0.128500 0.133900 0.192300 0.175100 0.081500 0.303600 0.177400 0.102600 0.138800 0.124600 0.092100 0.148800 0.220200 0.037900 0.019000
Gerenuk 0.135500 0.398900 0.144700 0.276500 0.073000 0.135500 0.074400 0.029700 0.142600 0.163900 0.125600 0.082400 0.081200 0.063700 0.127300 0.029700 0.338500 0.164700 0.124500 0.112500 0.051500 0.136900 0.198400 0.142500 0.135500 0.081500 0.091000 0.122500 0.000000 0.144600 0.142400 0.093100 0.175200 0.101600 0.105600 0.092400 0.113600 0.084600 0.070200 0.169100 0.177000 0.071700 0.352600 0.167000 0.061000 0.117700 0.103600 0.093400 0.126900 0.223600 0.142300 0.122600
CommonElan 0.112100 0.362300 0.019000 0.333400 0.116400 0.112100 0.141600 0.112400 0.018500 0.151000 0.102400 0.103400 0.112700 0.154000 0.125900 0.112400 0.321700 0.187500 0.123300 0.028800 0.138300 0.113300 0.185000 0.165000 0.112100 0.112900 0.122500 0.038300 0.144600 0.000000 0.164500 0.126600 0.210300 0.133000 0.115800 0.091600 0.091000 0.128700 0.156500 0.192800 0.199900 0.103200 0.333400 0.177700 0.081400 0.138900 0.147300 0.092300 0.126300 0.220700 0.037800 0.019100
MuntiacusR 0.155200 0.377600 0.140900 0.297300 0.136900 0.155200 0.139700 0.131600 0.162000 0.021400 0.144800 0.146500 0.119600 0.152800 0.147100 0.132000 0.297600 0.137100 0.131600 0.130200 0.136000 0.157000 0.099000 0.043900 0.155200 0.144100 0.129900 0.140700 0.142400 0.164500 0.000000 0.159800 0.172600 0.141600 0.148100 0.108900 0.131700 0.125900 0.130900 0.067900 0.077500 0.109900 0.181400 0.066900 0.121500 0.186900 0.169800 0.110000 0.184300 0.197200 0.161500 0.141000
HarveysDui 0.105700 0.434300 0.126700 0.318600 0.086800 0.105700 0.042700 0.062000 0.124700 0.170900 0.095500 0.119100 0.117000 0.053800 0.119900 0.083800 0.321200 0.157900 0.117000 0.094000 0.063900 0.106800 0.143300 0.159800 0.105700 0.073000 0.127100 0.104200 0.093100 0.126600 0.159800 0.000000 0.193500 0.138400 0.097500 0.106400 0.083800 0.099000 0.105000 0.188300 0.145800 0.062900 0.335900 0.160400 0.095800 0.109600 0.095600 0.130600 0.096500 0.188900 0.124400 0.104300
Pronghorn 0.188100 0.348100 0.210600 0.351700 0.158000 0.188100 0.199900 0.164200 0.207100 0.195400 0.177900 0.205500 0.176700 0.187700 0.206500 0.189300 0.322900 0.171100 0.176400 0.199300 0.194800 0.190300 0.205700 0.173100 0.188100 0.201900 0.187100 0.209800 0.175200 0.210300 0.172600 0.193500 0.000000 0.199300 0.182200 0.190200 0.164300 0.159900 0.212900 0.176000 0.209500 0.191800 0.304400 0.148300 0.154700 0.193700 0.243000 0.167200 0.218400 0.262500 0.206400 0.210300
BlueWildeb 0.112900 0.434200 0.144000 0.319900 0.094900 0.112900 0.118600 0.090700 0.141800 0.162900 0.103100 0.103700 0.019500 0.130800 0.114800 0.113500 0.308700 0.164100 0.091700 0.133500 0.116500 0.114200 0.172600 0.142100 0.112900 0.124800 0.028900 0.143500 0.101600 0.133000 0.141600 0.138400 0.199300 0.000000 0.061600 0.069700 0.091600 0.106900 0.091300 0.168400 0.176100 0.092800 0.350100 0.166600 0.081100 0.162900 0.125100 0.093300 0.149900 0.223200 0.119600 0.143600
Gemsbok 0.073000 0.386500 0.127000 0.290100 0.053700 0.073000 0.077400 0.095000 0.125000 0.170400 0.062900 0.085800 0.041000 0.089200 0.086100 0.095400 0.294000 0.122800 0.062300 0.116300 0.098100 0.073800 0.206200 0.123900 0.073000 0.106800 0.051100 0.126600 0.105600 0.115800 0.148100 0.097500 0.182200 0.061600 0.000000 0.073700 0.051700 0.065300 0.117400 0.151000 0.184300 0.096700 0.336500 0.148800 0.063100 0.122000 0.130500 0.096800 0.108900 0.179500 0.102600 0.126800
Yak 0.082200 0.358800 0.091700 0.254700 0.063200 0.082200 0.086800 0.082100 0.090300 0.130000 0.093900 0.072900 0.050500 0.098500 0.095100 0.082500 0.272000 0.131500 0.082400 0.102900 0.084700 0.105000 0.164100 0.109200 0.103800 0.093500 0.060400 0.113000 0.092400 0.091600 0.108900 0.106400 0.190200 0.069700 0.073700 0.000000 0.082300 0.074800 0.081900 0.135000 0.142900 0.061800 0.311600 0.133100 0.030400 0.107700 0.116300 0.083700 0.095200 0.188000 0.111200 0.091500
BlueSheep 0.019600 0.355800 0.091000 0.295900 0.062900 0.019600 0.086300 0.081800 0.089600 0.142400 0.009800 0.094200 0.071200 0.097900 0.094800 0.103700 0.298800 0.130700 0.029600 0.080900 0.106600 0.019800 0.187900 0.132100 0.019600 0.114900 0.081000 0.090800 0.113600 0.091000 0.131700 0.083800 0.164300 0.091600 0.051700 0.082300 0.000000 0.074300 0.125200 0.158800 0.166500 0.105000 0.310500 0.156600 0.072000 0.130100 0.115700 0.083100 0.094800 0.186400 0.068700 0.090900
BohorReedb 0.096400 0.359700 0.128900 0.236700 0.032100 0.096400 0.078500 0.096400 0.126700 0.148300 0.086100 0.064500 0.085400 0.067200 0.087500 0.074300 0.298900 0.124800 0.085400 0.118100 0.076700 0.097500 0.184000 0.101900 0.096400 0.108400 0.095700 0.128500 0.084600 0.128700 0.125900 0.099000 0.159900 0.106900 0.065300 0.074800 0.074300 0.000000 0.119100 0.128400 0.161900 0.098100 0.311300 0.126500 0.064100 0.124000 0.132400 0.098300 0.087500 0.156200 0.126400 0.128600
KirksDik 0.147300 0.453100 0.156600 0.337300 0.106800 0.147300 0.085900 0.060400 0.154300 0.152300 0.137400 0.116200 0.070900 0.097500 0.139400 0.081700 0.324400 0.177800 0.125300 0.123900 0.083900 0.148900 0.186400 0.155100 0.147300 0.092600 0.080700 0.133900 0.070200 0.156500 0.130900 0.105000 0.212900 0.091300 0.117400 0.081900 0.125200 0.119100 0.000000 0.182600 0.165300 0.061300 0.336800 0.180100 0.093400 0.129500 0.115100 0.094100 0.138700 0.238100 0.153900 0.134100
RoeDeer 0.183300 0.370300 0.167900 0.287400 0.139500 0.183300 0.168200 0.158200 0.189600 0.090500 0.172800 0.149400 0.146200 0.181900 0.149800 0.158700 0.318300 0.114900 0.171000 0.181500 0.163400 0.185700 0.124900 0.044800 0.183300 0.171400 0.156700 0.192300 0.169100 0.192800 0.067900 0.188300 0.176000 0.168400 0.151000 0.135000 0.158800 0.128400 0.182600 0.000000 0.102900 0.160900 0.255400 0.044900 0.123800 0.216900 0.198500 0.136400 0.187600 0.201000 0.189000 0.192700
WhiteLippe 0.190600 0.428800 0.200300 0.295400 0.172900 0.190600 0.176400 0.142100 0.196800 0.087800 0.180300 0.182300 0.153700 0.190000 0.183000 0.166700 0.358000 0.173300 0.191300 0.164600 0.146700 0.193000 0.042100 0.100700 0.190600 0.179200 0.164100 0.175100 0.177000 0.199900 0.077500 0.145800 0.209500 0.176100 0.184300 0.142900 0.166500 0.161900 0.165300 0.102900 0.000000 0.144200 0.278700 0.101300 0.156200 0.224400 0.156100 0.169000 0.195100 0.237200 0.196100 0.175500
ThomsonGaz 0.127100 0.392900 0.103200 0.314600 0.086000 0.127100 0.064800 0.061400 0.101600 0.107500 0.117000 0.095700 0.072100 0.076300 0.095800 0.040600 0.275400 0.156700 0.105100 0.071500 0.063300 0.128500 0.141700 0.133900 0.127100 0.030300 0.082100 0.081500 0.071700 0.103200 0.109900 0.062900 0.191800 0.092800 0.096700 0.061800 0.105000 0.098100 0.061300 0.160900 0.144200 0.000000 0.286100 0.134300 0.073100 0.108600 0.094800 0.106800 0.118600 0.188700 0.101400 0.081600
MuntiacusC 0.339600 0.404900 0.304300 0.421600 0.306900 0.339600 0.330300 0.340200 0.298700 0.192600 0.328600 0.332900 0.323600 0.348500 0.319100 0.326600 0.145300 0.324300 0.310500 0.292100 0.352300 0.344100 0.288900 0.237800 0.339600 0.328200 0.334800 0.303600 0.352600 0.333400 0.181400 0.335900 0.304400 0.350100 0.336500 0.311600 0.310500 0.311300 0.336800 0.255400 0.278700 0.286100 0.000000 0.254200 0.330600 0.350400 0.392200 0.314700 0.381300 0.344100 0.326900 0.304500
WhiteTaile 0.180800 0.380700 0.153400 0.268800 0.137500 0.180800 0.165700 0.156100 0.174900 0.089100 0.170400 0.146400 0.144100 0.179300 0.147800 0.156600 0.316900 0.113200 0.168600 0.166700 0.161200 0.183100 0.099400 0.021600 0.180800 0.144700 0.154500 0.177400 0.167000 0.177700 0.066900 0.160400 0.148300 0.166600 0.148800 0.133100 0.156600 0.126500 0.180100 0.044900 0.101300 0.134300 0.254200 0.000000 0.122000 0.213200 0.195800 0.133600 0.185100 0.198200 0.174400 0.177700
Cattle 0.093400 0.313600 0.081400 0.256100 0.052700 0.093400 0.076000 0.050800 0.080200 0.143100 0.083400 0.062100 0.061400 0.065000 0.084500 0.051000 0.288900 0.120500 0.082700 0.092600 0.052400 0.094400 0.177700 0.098300 0.093400 0.083100 0.071300 0.102600 0.061000 0.081400 0.121500 0.095800 0.154700 0.081100 0.063100 0.030400 0.072000 0.064100 0.093400 0.123800 0.156200 0.073100 0.330600 0.122000 0.000000 0.097000 0.105700 0.073200 0.084700 0.176100 0.101100 0.081300
RoyalAntel 0.153200 0.399400 0.139100 0.337700 0.099100 0.153200 0.089300 0.106900 0.136900 0.209600 0.142800 0.120500 0.141600 0.101500 0.144900 0.107300 0.336000 0.184900 0.141600 0.128400 0.110400 0.154800 0.247000 0.186900 0.153200 0.118800 0.151800 0.138800 0.117700 0.138900 0.186900 0.109600 0.193700 0.162900 0.122000 0.107700 0.130100 0.124000 0.129500 0.216900 0.224400 0.108600 0.350400 0.213200 0.097000 0.000000 0.143000 0.132000 0.121300 0.220900 0.159400 0.116300
Steenbok 0.137900 0.481200 0.147400 0.374600 0.119700 0.137900 0.098300 0.071800 0.145100 0.180600 0.127900 0.129100 0.126700 0.110400 0.153300 0.093600 0.375800 0.192800 0.149600 0.114500 0.096200 0.139500 0.152900 0.169900 0.137900 0.104700 0.136800 0.124600 0.103600 0.147300 0.169800 0.095600 0.243000 0.125100 0.130500 0.116300 0.115700 0.132400 0.115100 0.198500 0.156100 0.094800 0.392200 0.195800 0.105700 0.143000 0.000000 0.140500 0.129600 0.255800 0.144800 0.124800
Impala 0.104700 0.394900 0.092400 0.330000 0.086200 0.104700 0.110900 0.083000 0.091000 0.131300 0.094700 0.073600 0.072400 0.123100 0.096200 0.105400 0.333800 0.157100 0.093900 0.082000 0.108200 0.105900 0.190700 0.110300 0.104700 0.116800 0.082400 0.092100 0.093400 0.092300 0.110000 0.130600 0.167200 0.093300 0.096800 0.083700 0.083100 0.098300 0.094100 0.136400 0.169000 0.106800 0.314700 0.133600 0.073200 0.132000 0.140500 0.000000 0.142300 0.216300 0.090700 0.092200
Klipspring 0.116900 0.346000 0.126400 0.272800 0.098200 0.116900 0.099900 0.094500 0.124500 0.195700 0.106700 0.130700 0.128300 0.088600 0.131700 0.117100 0.334000 0.157400 0.128300 0.138500 0.097500 0.118100 0.217200 0.159300 0.116900 0.128700 0.138400 0.148800 0.126900 0.126300 0.184300 0.096500 0.218400 0.149900 0.108900 0.095200 0.094800 0.087500 0.138700 0.187600 0.195100 0.118600 0.381300 0.185100 0.084700 0.121300 0.129600 0.142300 0.000000 0.217200 0.146500 0.126300
ForestMusk 0.185900 0.473500 0.221200 0.394600 0.167600 0.185900 0.169000 0.211800 0.217100 0.193400 0.175200 0.177500 0.199200 0.183000 0.177400 0.186000 0.361800 0.222700 0.199400 0.209200 0.219600 0.188200 0.260700 0.170300 0.185900 0.199400 0.210000 0.220200 0.223600 0.220700 0.197200 0.188900 0.262500 0.223200 0.179500 0.188000 0.186400 0.156200 0.238100 0.201000 0.237200 0.188700 0.344100 0.198200 0.176100 0.220900 0.255800 0.216300 0.217200 0.000000 0.216300 0.220900
Bushbuck 0.089100 0.386500 0.037500 0.356500 0.114300 0.089100 0.139100 0.110500 0.037300 0.148100 0.079500 0.101500 0.099900 0.151200 0.123800 0.110500 0.315200 0.183900 0.099700 0.028100 0.136000 0.090000 0.181600 0.161900 0.068600 0.111000 0.109500 0.037900 0.142300 0.037800 0.161500 0.124400 0.206400 0.119600 0.102600 0.111200 0.068700 0.126400 0.153900 0.189000 0.196100 0.101400 0.326900 0.174400 0.101100 0.159400 0.144800 0.090700 0.146500 0.216300 0.000000 0.037900
GreaterKud 0.112100 0.362700 0.019100 0.333700 0.116300 0.112100 0.118500 0.091000 0.018800 0.127300 0.102300 0.103200 0.123300 0.130500 0.125700 0.091000 0.321400 0.187400 0.123100 0.009500 0.115800 0.113300 0.161300 0.165100 0.112100 0.091300 0.133100 0.019000 0.122600 0.019100 0.141000 0.104300 0.210300 0.143600 0.126800 0.091500 0.090900 0.128600 0.134100 0.192700 0.175500 0.081600 0.304500 0.177700 0.081300 0.116300 0.124800 0.092200 0.126300 0.220900 0.037900 0.000000
