CODONML (in paml version 4.10.7, June 2023)  /home/rachel/ruminants_paml/6406-phy-tree/ENSBTAT00000002084.fasta.phy
Model: free dN/dS Ratios for branches,  kappa = 2.000 fixed

Codon frequency model: F3x4
ns =  54  ls =  74

Codon usage in sequences
--------------------------------------------------------------------------------------------------------------------------------------
Phe TTT   2   2   2   2   1   3 | Ser TCT   1   0   1   1   1   1 | Tyr TAT   1   1   1   1   0   1 | Cys TGT   0   0   0   0   0   0
    TTC   4   4   4   4   5   3 |     TCC   3   5   3   3   3   3 |     TAC   3   3   3   3   4   3 |     TGC   1   1   1   1   1   1
Leu TTA   1   1   1   1   0   1 |     TCA   1   1   1   1   1   1 | *** TAA   0   0   0   0   0   0 | *** TGA   0   0   0   0   0   0
    TTG   1   1   1   1   3   3 |     TCG   1   0   1   1   1   1 |     TAG   0   0   0   0   0   0 | Trp TGG   3   3   3   3   3   3
--------------------------------------------------------------------------------------------------------------------------------------
Leu CTT   0   3   0   1   2   3 | Pro CCT   0   0   0   0   0   0 | His CAT   0   0   0   0   0   0 | Arg CGT   1   1   1   1   1   1
    CTC   3   3   4   3   4   3 |     CCC   1   1   1   1   1   0 |     CAC   0   0   0   0   0   0 |     CGC   1   1   1   1   1   1
    CTA   0   0   0   0   1   0 |     CCA   1   0   1   0   1   0 | Gln CAA   0   0   0   0   0   0 |     CGA   0   0   0   0   0   0
    CTG  10   7   9   9   5   4 |     CCG   0   1   0   1   0   2 |     CAG   3   3   3   3   3   3 |     CGG   0   0   0   0   0   0
--------------------------------------------------------------------------------------------------------------------------------------
Ile ATT   0   1   1   0   0   0 | Thr ACT   0   0   0   0   0   1 | Asn AAT   1   1   1   1   1   2 | Ser AGT   1   1   1   1   1   0
    ATC   4   3   4   5   5   5 |     ACC   1   1   1   1   2   1 |     AAC   1   1   1   1   1   0 |     AGC   0   0   0   0   0   1
    ATA   1   1   0   0   0   0 |     ACA   2   3   2   3   1   1 | Lys AAA   1   1   1   1   1   1 | Arg AGA   1   1   1   1   1   1
Met ATG   0   0   0   0   0   0 |     ACG   2   1   2   1   2   2 |     AAG   0   0   0   0   0   0 |     AGG   0   0   0   0   0   0
--------------------------------------------------------------------------------------------------------------------------------------
Val GTT   1   0   1   1   1   1 | Ala GCT   0   0   0   0   1   0 | Asp GAT   3   1   1   2   1   1 | Gly GGT   0   0   0   0   1   1
    GTC   1   2   1   1   1   1 |     GCC   3   4   3   3   3   4 |     GAC   0   2   2   1   2   2 |     GGC   3   3   3   3   3   2
    GTA   0   0   0   0   0   0 |     GCA   2   1   1   1   0   1 | Glu GAA   0   0   0   0   0   0 |     GGA   2   1   2   2   1   1
    GTG   1   1   1   1   1   2 |     GCG   0   0   1   1   1   0 |     GAG   0   0   0   0   0   0 |     GGG   1   2   1   1   1   2
--------------------------------------------------------------------------------------------------------------------------------------

--------------------------------------------------------------------------------------------------------------------------------------
Phe TTT   2   2   2   1   2   2 | Ser TCT   1   1   0   1   1   1 | Tyr TAT   1   1   0   1   1   1 | Cys TGT   0   0   0   0   0   0
    TTC   4   4   4   5   4   4 |     TCC   3   3   4   3   3   3 |     TAC   3   3   4   3   3   3 |     TGC   1   1   1   1   1   1
Leu TTA   1   1   0   1   1   1 |     TCA   1   1   2   0   1   1 | *** TAA   0   0   0   0   0   0 | *** TGA   0   0   0   0   0   0
    TTG   1   1   1   1   1   1 |     TCG   1   1   0   2   1   1 |     TAG   0   0   0   0   0   0 | Trp TGG   3   3   3   3   3   3
--------------------------------------------------------------------------------------------------------------------------------------
Leu CTT   0   0   0   0   0   0 | Pro CCT   0   0   0   0   0   0 | His CAT   0   0   0   0   0   0 | Arg CGT   1   1   1   1   1   1
    CTC   3   3   3   5   4   5 |     CCC   1   1   1   1   1   1 |     CAC   0   0   0   0   0   0 |     CGC   1   1   1   1   1   1
    CTA   0   0   1   0   0   0 |     CCA   1   1   1   1   1   1 | Gln CAA   0   0   0   0   0   0 |     CGA   0   0   0   0   0   0
    CTG  10  10  10   8   9   8 |     CCG   0   0   0   0   0   0 |     CAG   3   3   3   3   3   3 |     CGG   0   0   0   0   0   0
--------------------------------------------------------------------------------------------------------------------------------------
Ile ATT   0   0   0   0   0   0 | Thr ACT   0   0   0   0   0   0 | Asn AAT   1   1   1   1   1   2 | Ser AGT   1   1   1   1   1   1
    ATC   4   4   5   4   5   4 |     ACC   1   1   2   1   1   1 |     AAC   1   1   1   1   1   0 |     AGC   0   0   0   0   0   0
    ATA   1   1   0   1   0   1 |     ACA   2   2   0   1   2   1 | Lys AAA   1   1   1   1   1   1 | Arg AGA   1   1   1   0   1   1
Met ATG   0   0   0   0   0   0 |     ACG   2   2   3   3   2   3 |     AAG   0   0   0   0   0   0 |     AGG   0   0   0   1   0   0
--------------------------------------------------------------------------------------------------------------------------------------
Val GTT   1   1   1   0   1   1 | Ala GCT   0   0   0   0   0   0 | Asp GAT   2   3   2   1   1   2 | Gly GGT   0   0   0   0   0   0
    GTC   2   1   1   2   1   1 |     GCC   2   3   3   3   3   4 |     GAC   1   0   1   2   2   1 |     GGC   3   3   3   3   3   3
    GTA   0   0   0   0   0   0 |     GCA   1   2   1   1   1   1 | Glu GAA   0   0   0   0   0   0 |     GGA   2   2   2   2   2   1
    GTG   1   1   1   1   1   1 |     GCG   1   0   1   1   1   0 |     GAG   0   0   0   0   0   0 |     GGG   1   1   1   1   1   2
--------------------------------------------------------------------------------------------------------------------------------------

--------------------------------------------------------------------------------------------------------------------------------------
Phe TTT   2   2   2   2   3   1 | Ser TCT   1   1   1   1   1   0 | Tyr TAT   1   1   1   1   1   1 | Cys TGT   0   0   0   0   0   0
    TTC   4   4   4   4   3   5 |     TCC   3   3   3   3   3   4 |     TAC   3   3   3   3   3   3 |     TGC   1   1   1   1   1   1
Leu TTA   1   1   1   1   1   1 |     TCA   1   1   1   1   1   0 | *** TAA   0   0   0   0   0   0 | *** TGA   0   0   0   0   0   0
    TTG   1   1   1   1   1   1 |     TCG   1   1   1   1   1   2 |     TAG   0   0   0   0   0   0 | Trp TGG   3   3   3   3   3   3
--------------------------------------------------------------------------------------------------------------------------------------
Leu CTT   0   0   0   0   1   0 | Pro CCT   0   0   0   0   0   0 | His CAT   0   0   0   0   0   0 | Arg CGT   1   1   1   1   1   1
    CTC   3   4   3   3   3   5 |     CCC   1   1   1   1   1   1 |     CAC   0   0   0   0   0   0 |     CGC   1   1   1   1   1   1
    CTA   0   0   0   0   0   0 |     CCA   1   1   1   1   0   1 | Gln CAA   0   0   0   0   0   0 |     CGA   0   0   0   0   0   0
    CTG  10   9  10  10   9   8 |     CCG   0   0   0   0   1   0 |     CAG   3   3   3   3   3   3 |     CGG   0   0   0   0   0   0
--------------------------------------------------------------------------------------------------------------------------------------
Ile ATT   0   0   0   0   0   0 | Thr ACT   0   0   0   0   0   0 | Asn AAT   1   1   1   1   1   1 | Ser AGT   1   1   1   1   1   1
    ATC   4   5   4   4   4   4 |     ACC   1   1   1   1   1   1 |     AAC   1   1   1   1   1   1 |     AGC   0   0   0   0   0   0
    ATA   1   0   1   1   1   0 |     ACA   2   2   3   1   3   1 | Lys AAA   1   1   1   1   1   1 | Arg AGA   1   1   1   1   1   0
Met ATG   0   0   0   0   0   0 |     ACG   2   2   1   3   1   3 |     AAG   0   0   0   0   0   0 |     AGG   0   0   0   0   0   1
--------------------------------------------------------------------------------------------------------------------------------------
Val GTT   1   1   1   1   1   0 | Ala GCT   0   0   0   0   0   0 | Asp GAT   1   1   2   2   1   2 | Gly GGT   0   0   0   0   0   0
    GTC   1   1   1   1   1   2 |     GCC   3   3   3   3   3   3 |     GAC   2   2   1   1   2   1 |     GGC   3   3   3   3   3   3
    GTA   0   0   0   0   0   1 |     GCA   2   2   1   1   1   1 | Glu GAA   0   0   0   0   0   0 |     GGA   2   2   2   2   2   2
    GTG   1   1   1   1   1   2 |     GCG   0   0   1   1   1   0 |     GAG   0   0   0   0   0   0 |     GGG   1   1   1   1   1   1
--------------------------------------------------------------------------------------------------------------------------------------

--------------------------------------------------------------------------------------------------------------------------------------
Phe TTT   2   4   2   2   1   2 | Ser TCT   1   0   1   1   1   1 | Tyr TAT   1   1   1   1   1   1 | Cys TGT   0   0   0   0   0   0
    TTC   4   2   4   4   5   4 |     TCC   3   3   3   3   3   3 |     TAC   3   3   3   3   3   3 |     TGC   1   1   1   1   1   1
Leu TTA   1   1   1   1   1   1 |     TCA   1   1   1   1   0   1 | *** TAA   0   0   0   0   0   0 | *** TGA   0   0   0   0   0   0
    TTG   1   2   1   1   1   1 |     TCG   1   2   1   1   2   1 |     TAG   0   0   0   0   0   0 | Trp TGG   3   3   3   3   3   3
--------------------------------------------------------------------------------------------------------------------------------------
Leu CTT   2   0   0   0   0   0 | Pro CCT   0   0   0   0   0   0 | His CAT   0   0   0   0   0   0 | Arg CGT   1   1   1   1   0   1
    CTC   3   4   3   4   5   3 |     CCC   1   1   1   1   1   1 |     CAC   0   0   0   0   0   0 |     CGC   1   1   1   1   2   1
    CTA   0   0   0   0   0   0 |     CCA   1   1   1   1   1   1 | Gln CAA   1   0   0   0   0   0 |     CGA   0   0   0   0   0   0
    CTG   8   8  10   9   8  10 |     CCG   0   0   0   0   0   0 |     CAG   2   3   3   3   3   3 |     CGG   0   0   0   0   1   0
--------------------------------------------------------------------------------------------------------------------------------------
Ile ATT   1   0   0   0   0   0 | Thr ACT   0   0   0   0   0   0 | Asn AAT   1   1   1   2   1   1 | Ser AGT   1   1   1   1   1   1
    ATC   3   4   4   5   4   4 |     ACC   1   1   1   1   1   1 |     AAC   1   1   1   0   1   1 |     AGC   0   0   0   0   0   0
    ATA   1   1   1   0   1   1 |     ACA   1   1   2   2   1   3 | Lys AAA   1   1   1   1   1   1 | Arg AGA   1   1   1   1   0   1
Met ATG   0   0   0   0   0   0 |     ACG   3   3   2   2   3   1 |     AAG   0   0   0   0   0   0 |     AGG   0   0   0   0   0   0
--------------------------------------------------------------------------------------------------------------------------------------
Val GTT   1   1   1   1   0   1 | Ala GCT   0   0   0   0   0   0 | Asp GAT   1   1   2   1   1   1 | Gly GGT   0   0   0   0   0   0
    GTC   1   1   1   1   2   1 |     GCC   4   4   3   3   3   3 |     GAC   2   2   1   2   2   2 |     GGC   3   3   3   3   3   3
    GTA   0   0   0   0   0   0 |     GCA   1   1   2   1   1   2 | Glu GAA   0   0   0   0   0   0 |     GGA   2   2   2   2   2   2
    GTG   1   1   1   1   1   1 |     GCG   0   0   0   1   1   0 |     GAG   0   0   0   0   0   0 |     GGG   1   1   1   1   1   1
--------------------------------------------------------------------------------------------------------------------------------------

--------------------------------------------------------------------------------------------------------------------------------------
Phe TTT   2   2   2   1   2   2 | Ser TCT   1   1   1   1   1   1 | Tyr TAT   1   1   1   1   1   1 | Cys TGT   0   0   0   0   0   0
    TTC   4   4   4   5   4   4 |     TCC   3   3   3   3   3   3 |     TAC   3   3   3   3   3   3 |     TGC   1   1   1   1   1   1
Leu TTA   1   1   1   1   1   1 |     TCA   1   1   1   0   1   1 | *** TAA   0   0   0   0   0   0 | *** TGA   0   0   0   0   0   0
    TTG   1   1   1   1   1   1 |     TCG   1   1   1   2   1   1 |     TAG   0   0   0   0   0   0 | Trp TGG   3   3   3   3   3   3
--------------------------------------------------------------------------------------------------------------------------------------
Leu CTT   0   0   0   0   0   0 | Pro CCT   0   0   0   0   0   0 | His CAT   0   0   0   0   0   0 | Arg CGT   1   1   1   1   1   1
    CTC   5   5   3   5   3   4 |     CCC   1   1   1   1   1   1 |     CAC   0   0   0   0   0   0 |     CGC   1   1   1   1   1   1
    CTA   0   0   0   0   0   0 |     CCA   1   1   1   1   1   1 | Gln CAA   0   0   0   0   0   0 |     CGA   0   0   0   0   0   0
    CTG   8   8  10   8  10   9 |     CCG   0   0   0   0   0   0 |     CAG   3   3   3   3   3   3 |     CGG   0   0   0   0   0   0
--------------------------------------------------------------------------------------------------------------------------------------
Ile ATT   1   0   0   0   0   0 | Thr ACT   0   0   0   0   0   0 | Asn AAT   2   2   1   1   1   1 | Ser AGT   0   0   1   1   1   1
    ATC   3   4   4   4   4   5 |     ACC   1   1   1   1   1   1 |     AAC   0   0   1   1   1   1 |     AGC   1   1   0   0   0   0
    ATA   1   1   1   1   1   0 |     ACA   1   1   2   2   3   2 | Lys AAA   1   1   1   1   1   1 | Arg AGA   1   1   1   0   1   1
Met ATG   0   0   0   0   0   0 |     ACG   3   3   2   2   1   2 |     AAG   0   0   0   0   0   0 |     AGG   0   0   0   1   0   0
--------------------------------------------------------------------------------------------------------------------------------------
Val GTT   1   1   1   0   1   1 | Ala GCT   0   0   0   0   0   0 | Asp GAT   2   2   1   2   2   1 | Gly GGT   0   0   0   0   0   0
    GTC   1   1   1   2   1   1 |     GCC   4   4   3   3   3   3 |     GAC   1   1   2   1   1   2 |     GGC   3   3   3   3   3   3
    GTA   0   0   0   0   0   0 |     GCA   1   1   2   1   1   1 | Glu GAA   0   0   0   0   0   0 |     GGA   1   1   2   2   2   2
    GTG   1   1   1   1   1   1 |     GCG   0   0   0   1   1   1 |     GAG   0   0   0   0   0   0 |     GGG   2   2   1   1   1   1
--------------------------------------------------------------------------------------------------------------------------------------

--------------------------------------------------------------------------------------------------------------------------------------
Phe TTT   1   2   2   2   3   2 | Ser TCT   1   1   1   1   2   1 | Tyr TAT   1   1   1   1   1   1 | Cys TGT   0   0   0   0   0   0
    TTC   5   4   4   4   3   4 |     TCC   3   3   3   3   2   3 |     TAC   3   3   3   3   3   3 |     TGC   1   1   1   1   1   1
Leu TTA   1   1   1   1   1   1 |     TCA   0   1   1   1   1   1 | *** TAA   0   0   0   0   0   0 | *** TGA   0   0   0   0   0   0
    TTG   1   1   1   1   2   1 |     TCG   2   1   1   1   1   1 |     TAG   0   0   0   0   0   0 | Trp TGG   3   3   3   3   3   3
--------------------------------------------------------------------------------------------------------------------------------------
Leu CTT   0   0   0   0   2   0 | Pro CCT   0   0   0   0   0   0 | His CAT   0   0   0   0   0   0 | Arg CGT   1   1   1   1   1   1
    CTC   5   4   5   3   4   3 |     CCC   1   1   1   1   1   1 |     CAC   0   0   0   0   0   0 |     CGC   1   1   1   1   1   1
    CTA   0   0   0   0   0   0 |     CCA   1   1   1   1   1   1 | Gln CAA   0   0   0   0   0   0 |     CGA   0   0   0   0   0   0
    CTG   8   9   8  10   6  10 |     CCG   0   0   0   0   0   0 |     CAG   3   3   3   3   3   3 |     CGG   0   0   0   0   0   0
--------------------------------------------------------------------------------------------------------------------------------------
Ile ATT   0   0   0   0   0   0 | Thr ACT   0   0   0   0   0   0 | Asn AAT   1   1   2   1   1   1 | Ser AGT   1   0   0   1   1   1
    ATC   4   5   5   4   4   4 |     ACC   1   1   1   1   1   1 |     AAC   1   1   0   1   1   1 |     AGC   0   1   1   0   0   0
    ATA   1   0   0   1   1   1 |     ACA   2   2   1   1   2   3 | Lys AAA   1   1   1   1   1   1 | Arg AGA   0   1   1   1   1   1
Met ATG   0   0   0   0   0   0 |     ACG   2   2   3   3   2   1 |     AAG   0   0   0   0   0   0 |     AGG   1   0   0   0   0   0
--------------------------------------------------------------------------------------------------------------------------------------
Val GTT   0   1   1   1   1   1 | Ala GCT   0   0   0   0   0   0 | Asp GAT   2   1   2   2   2   2 | Gly GGT   0   0   0   0   0   0
    GTC   2   1   1   1   1   1 |     GCC   3   3   4   3   4   3 |     GAC   1   2   1   1   1   1 |     GGC   3   3   3   3   3   3
    GTA   0   0   0   0   0   0 |     GCA   1   1   1   1   1   1 | Glu GAA   0   0   0   0   0   0 |     GGA   2   2   1   2   2   2
    GTG   1   1   1   1   1   1 |     GCG   1   1   0   1   0   1 |     GAG   0   0   0   0   0   0 |     GGG   1   1   2   1   1   1
--------------------------------------------------------------------------------------------------------------------------------------

--------------------------------------------------------------------------------------------------------------------------------------
Phe TTT   2   2   2   2   1   2 | Ser TCT   3   1   1   1   1   1 | Tyr TAT   1   1   1   1   1   1 | Cys TGT   0   0   0   0   0   0
    TTC   4   4   4   4   5   4 |     TCC   1   3   3   3   3   3 |     TAC   3   3   3   3   3   3 |     TGC   1   1   1   1   1   1
Leu TTA   1   1   1   1   1   1 |     TCA   1   1   1   1   0   1 | *** TAA   0   0   0   0   0   0 | *** TGA   0   0   0   0   0   0
    TTG   1   1   1   1   1   1 |     TCG   1   1   1   1   2   1 |     TAG   0   0   0   0   0   0 | Trp TGG   3   3   3   3   3   3
--------------------------------------------------------------------------------------------------------------------------------------
Leu CTT   0   0   0   0   0   0 | Pro CCT   0   0   0   0   0   0 | His CAT   0   0   0   0   0   0 | Arg CGT   1   1   1   1   1   1
    CTC   3   4   3   3   5   5 |     CCC   1   1   1   1   1   1 |     CAC   0   0   0   0   0   0 |     CGC   1   1   1   1   1   1
    CTA   0   0   0   0   0   0 |     CCA   1   1   1   1   1   1 | Gln CAA   0   0   0   0   0   0 |     CGA   0   0   0   0   0   0
    CTG  10   9  10  10   8   8 |     CCG   0   0   0   0   0   0 |     CAG   3   3   3   3   3   3 |     CGG   0   0   0   0   0   0
--------------------------------------------------------------------------------------------------------------------------------------
Ile ATT   0   0   0   0   0   0 | Thr ACT   0   0   0   0   0   0 | Asn AAT   1   1   1   1   1   2 | Ser AGT   1   1   1   1   1   0
    ATC   4   5   4   4   4   5 |     ACC   1   1   1   1   0   1 |     AAC   1   1   1   1   1   0 |     AGC   0   0   0   0   0   1
    ATA   1   0   1   1   1   0 |     ACA   2   2   2   2   1   2 | Lys AAA   1   1   1   1   1   1 | Arg AGA   1   1   1   1   0   1
Met ATG   0   0   0   0   0   0 |     ACG   2   2   2   2   4   2 |     AAG   0   0   0   0   0   0 |     AGG   0   0   0   0   1   0
--------------------------------------------------------------------------------------------------------------------------------------
Val GTT   1   1   1   1   0   1 | Ala GCT   0   0   0   0   0   0 | Asp GAT   2   1   1   2   2   1 | Gly GGT   0   0   0   0   0   0
    GTC   1   1   1   2   2   1 |     GCC   3   3   3   2   3   4 |     GAC   1   2   2   1   1   2 |     GGC   3   3   3   3   3   3
    GTA   0   0   0   0   0   0 |     GCA   1   1   2   1   1   1 | Glu GAA   0   0   0   0   0   0 |     GGA   2   2   2   2   2   1
    GTG   1   1   1   1   1   1 |     GCG   1   1   0   1   1   0 |     GAG   0   0   0   0   0   0 |     GGG   1   1   1   1   1   2
--------------------------------------------------------------------------------------------------------------------------------------

--------------------------------------------------------------------------------------------------------------------------------------
Phe TTT   2   0   2   2   2   2 | Ser TCT   1   1   1   1   1   1 | Tyr TAT   1   1   1   1   1   1 | Cys TGT   0   0   0   0   0   0
    TTC   4   6   4   4   4   4 |     TCC   3   3   3   3   3   3 |     TAC   3   3   3   3   3   3 |     TGC   1   1   1   1   1   1
Leu TTA   1   0   1   1   1   1 |     TCA   1   0   1   1   1   1 | *** TAA   0   0   0   0   0   0 | *** TGA   0   0   0   0   0   0
    TTG   1   2   1   1   1   1 |     TCG   1   2   1   1   1   1 |     TAG   0   0   0   0   0   0 | Trp TGG   3   3   3   3   3   3
--------------------------------------------------------------------------------------------------------------------------------------
Leu CTT   0   0   0   0   0   0 | Pro CCT   0   0   0   0   0   0 | His CAT   0   0   0   0   0   0 | Arg CGT   1   0   1   1   1   1
    CTC   5   5   5   5   4   3 |     CCC   1   1   1   1   1   1 |     CAC   0   0   0   0   0   0 |     CGC   1   1   1   1   1   1
    CTA   0   0   0   0   0   1 |     CCA   1   1   1   1   1   1 | Gln CAA   0   0   0   0   0   0 |     CGA   0   0   0   0   0   0
    CTG   8   8   8   8   9   9 |     CCG   0   0   0   0   0   0 |     CAG   3   3   3   3   3   3 |     CGG   0   1   0   0   0   0
--------------------------------------------------------------------------------------------------------------------------------------
Ile ATT   0   0   0   0   0   0 | Thr ACT   0   0   0   0   0   0 | Asn AAT   2   1   2   2   1   1 | Ser AGT   0   1   1   0   1   1
    ATC   4   4   4   4   5   4 |     ACC   1   1   1   1   1   1 |     AAC   0   1   0   0   1   1 |     AGC   1   0   0   1   0   0
    ATA   1   0   1   1   0   1 |     ACA   1   1   1   1   2   2 | Lys AAA   1   1   1   1   1   1 | Arg AGA   1   0   1   1   1   1
Met ATG   0   0   0   0   0   0 |     ACG   3   3   3   3   2   2 |     AAG   0   0   0   0   0   0 |     AGG   0   1   0   0   0   0
--------------------------------------------------------------------------------------------------------------------------------------
Val GTT   1   0   1   1   1   1 | Ala GCT   0   0   0   0   0   0 | Asp GAT   2   2   2   2   1   2 | Gly GGT   0   0   0   0   0   0
    GTC   1   2   1   1   1   1 |     GCC   4   3   4   4   3   3 |     GAC   1   1   1   1   2   1 |     GGC   3   3   3   3   3   3
    GTA   0   1   0   0   0   0 |     GCA   1   0   1   1   1   1 | Glu GAA   0   0   0   0   0   0 |     GGA   1   2   1   1   2   2
    GTG   1   1   1   1   1   1 |     GCG   0   2   0   0   1   1 |     GAG   0   0   0   0   0   0 |     GGG   2   1   2   2   1   1
--------------------------------------------------------------------------------------------------------------------------------------

--------------------------------------------------------------------------------------------------------------------------------------
Phe TTT   1   2   2   2   2   2 | Ser TCT   1   1   1   1   1   1 | Tyr TAT   1   1   1   1   1   1 | Cys TGT   0   0   0   0   0   0
    TTC   5   4   4   4   4   4 |     TCC   3   3   3   3   3   3 |     TAC   3   3   3   3   3   3 |     TGC   1   1   1   1   1   1
Leu TTA   1   1   1   1   1   1 |     TCA   0   1   1   1   1   1 | *** TAA   0   0   0   0   0   0 | *** TGA   0   0   0   0   0   0
    TTG   1   1   1   1   1   1 |     TCG   2   1   1   1   1   1 |     TAG   0   0   0   0   0   0 | Trp TGG   3   3   3   3   3   3
--------------------------------------------------------------------------------------------------------------------------------------
Leu CTT   0   0   0   0   0   0 | Pro CCT   0   0   0   0   0   0 | His CAT   0   0   0   0   0   0 | Arg CGT   1   1   1   1   1   1
    CTC   5   3   3   4   4   4 |     CCC   1   1   1   1   1   1 |     CAC   0   0   0   0   0   0 |     CGC   1   1   1   1   1   1
    CTA   0   0   0   0   0   0 |     CCA   1   1   1   0   1   1 | Gln CAA   0   0   0   0   0   0 |     CGA   0   0   0   0   0   0
    CTG   8  10  10   9   9   9 |     CCG   0   0   0   1   0   0 |     CAG   3   3   3   3   3   3 |     CGG   0   0   0   0   0   0
--------------------------------------------------------------------------------------------------------------------------------------
Ile ATT   0   1   0   0   0   0 | Thr ACT   0   0   0   0   0   0 | Asn AAT   1   1   1   1   1   1 | Ser AGT   1   1   1   1   1   0
    ATC   4   4   4   5   5   5 |     ACC   1   1   1   1   1   1 |     AAC   1   1   1   1   1   1 |     AGC   0   0   0   0   0   1
    ATA   1   1   1   0   0   0 |     ACA   2   2   2   3   2   2 | Lys AAA   1   1   1   1   1   1 | Arg AGA   0   1   1   1   1   1
Met ATG   0   0   0   0   0   0 |     ACG   2   2   2   1   2   2 |     AAG   0   0   0   0   0   0 |     AGG   1   0   0   0   0   0
--------------------------------------------------------------------------------------------------------------------------------------
Val GTT   0   0   1   1   1   1 | Ala GCT   0   0   0   0   0   0 | Asp GAT   2   2   2   2   1   1 | Gly GGT   0   0   0   0   0   0
    GTC   1   1   1   1   1   1 |     GCC   3   3   3   3   3   3 |     GAC   1   1   1   1   2   2 |     GGC   3   3   3   3   3   3
    GTA   0   0   0   0   0   0 |     GCA   1   1   1   1   1   1 | Glu GAA   0   0   0   0   0   0 |     GGA   2   2   2   2   2   2
    GTG   2   1   1   1   1   1 |     GCG   1   1   1   1   1   1 |     GAG   0   0   0   0   0   0 |     GGG   1   1   1   1   1   1
--------------------------------------------------------------------------------------------------------------------------------------

Codon position x base (3x4) table for each sequence.

#1: Argali         
position  1:    T:0.29730    C:0.27027    A:0.20270    G:0.22973
position  2:    T:0.39189    C:0.24324    A:0.17568    G:0.18919
position  3:    T:0.14865    C:0.39189    A:0.16216    G:0.29730
Average         T:0.27928    C:0.30180    A:0.18018    G:0.23874

#2: LesserMouseDeer
position  1:    T:0.29730    C:0.27027    A:0.20270    G:0.22973
position  2:    T:0.39189    C:0.24324    A:0.17568    G:0.18919
position  3:    T:0.14865    C:0.45946    A:0.13514    G:0.25676
Average         T:0.27928    C:0.32432    A:0.17117    G:0.22523

#3: LesserKudu     
position  1:    T:0.29730    C:0.27027    A:0.20270    G:0.22973
position  2:    T:0.39189    C:0.24324    A:0.17568    G:0.18919
position  3:    T:0.13514    C:0.43243    A:0.13514    G:0.29730
Average         T:0.27477    C:0.31532    A:0.17117    G:0.23874

#4: ForestMuskDeer2
position  1:    T:0.29730    C:0.27027    A:0.20270    G:0.22973
position  2:    T:0.39189    C:0.24324    A:0.17568    G:0.18919
position  3:    T:0.14865    C:0.41892    A:0.13514    G:0.29730
Average         T:0.27928    C:0.31081    A:0.17117    G:0.23874

#5: Camel          
position  1:    T:0.31081    C:0.25676    A:0.20270    G:0.22973
position  2:    T:0.39189    C:0.24324    A:0.17568    G:0.18919
position  3:    T:0.14865    C:0.48649    A:0.09459    G:0.27027
Average         T:0.28378    C:0.32883    A:0.15766    G:0.22973

#6: KillerWhale    
position  1:    T:0.32432    C:0.22973    A:0.20270    G:0.24324
position  2:    T:0.39189    C:0.24324    A:0.17568    G:0.18919
position  3:    T:0.20270    C:0.40541    A:0.09459    G:0.29730
Average         T:0.30631    C:0.29279    A:0.15766    G:0.24324

#7: DefassaWaterbuck
position  1:    T:0.29730    C:0.27027    A:0.20270    G:0.22973
position  2:    T:0.40541    C:0.22973    A:0.17568    G:0.18919
position  3:    T:0.13514    C:0.40541    A:0.14865    G:0.31081
Average         T:0.27928    C:0.30180    A:0.17568    G:0.24324

#8: Sheep          
position  1:    T:0.29730    C:0.27027    A:0.20270    G:0.22973
position  2:    T:0.39189    C:0.24324    A:0.17568    G:0.18919
position  3:    T:0.14865    C:0.39189    A:0.16216    G:0.29730
Average         T:0.27928    C:0.30180    A:0.18018    G:0.23874

#9: MaxwellsDuiker 
position  1:    T:0.28378    C:0.28378    A:0.20270    G:0.22973
position  2:    T:0.39189    C:0.24324    A:0.17568    G:0.18919
position  3:    T:0.10811    C:0.45946    A:0.12162    G:0.31081
Average         T:0.26126    C:0.32883    A:0.16667    G:0.24324

#10: GazellaPrzewalskyi
position  1:    T:0.29730    C:0.27027    A:0.20270    G:0.22973
position  2:    T:0.39189    C:0.24324    A:0.17568    G:0.18919
position  3:    T:0.09459    C:0.47297    A:0.10811    G:0.32432
Average         T:0.26126    C:0.32883    A:0.16216    G:0.24775

#11: MountainNyala  
position  1:    T:0.29730    C:0.27027    A:0.20270    G:0.22973
position  2:    T:0.39189    C:0.24324    A:0.17568    G:0.18919
position  3:    T:0.12162    C:0.44595    A:0.13514    G:0.29730
Average         T:0.27027    C:0.31982    A:0.17117    G:0.23874

#12: MuntiacusMuntjak
position  1:    T:0.29730    C:0.27027    A:0.20270    G:0.22973
position  2:    T:0.39189    C:0.24324    A:0.17568    G:0.18919
position  3:    T:0.14865    C:0.43243    A:0.12162    G:0.29730
Average         T:0.27928    C:0.31532    A:0.16667    G:0.23874

#13: goat           
position  1:    T:0.29730    C:0.27027    A:0.20270    G:0.22973
position  2:    T:0.39189    C:0.24324    A:0.17568    G:0.18919
position  3:    T:0.12162    C:0.41892    A:0.16216    G:0.29730
Average         T:0.27027    C:0.31081    A:0.18018    G:0.23874

#14: AfricanBuffalo 
position  1:    T:0.29730    C:0.27027    A:0.20270    G:0.22973
position  2:    T:0.39189    C:0.24324    A:0.17568    G:0.18919
position  3:    T:0.12162    C:0.44595    A:0.14865    G:0.28378
Average         T:0.27027    C:0.31982    A:0.17568    G:0.23423

#15: Topi           
position  1:    T:0.29730    C:0.27027    A:0.20270    G:0.22973
position  2:    T:0.39189    C:0.24324    A:0.17568    G:0.18919
position  3:    T:0.13514    C:0.40541    A:0.16216    G:0.29730
Average         T:0.27477    C:0.30631    A:0.18018    G:0.23874

#16: CommonDuiker   
position  1:    T:0.29730    C:0.27027    A:0.20270    G:0.22973
position  2:    T:0.39189    C:0.24324    A:0.17568    G:0.18919
position  3:    T:0.13514    C:0.40541    A:0.13514    G:0.32432
Average         T:0.27477    C:0.30631    A:0.17117    G:0.24775

#17: Suni           
position  1:    T:0.29730    C:0.27027    A:0.20270    G:0.22973
position  2:    T:0.39189    C:0.24324    A:0.17568    G:0.18919
position  3:    T:0.14865    C:0.40541    A:0.14865    G:0.29730
Average         T:0.27928    C:0.30631    A:0.17568    G:0.23874

#18: Springbuck     
position  1:    T:0.29730    C:0.27027    A:0.18919    G:0.24324
position  2:    T:0.40541    C:0.22973    A:0.17568    G:0.18919
position  3:    T:0.09459    C:0.47297    A:0.10811    G:0.32432
Average         T:0.26577    C:0.32432    A:0.15766    G:0.25225

#19: Okapi          
position  1:    T:0.29730    C:0.27027    A:0.20270    G:0.22973
position  2:    T:0.39189    C:0.24324    A:0.17568    G:0.18919
position  3:    T:0.16216    C:0.41892    A:0.14865    G:0.27027
Average         T:0.28378    C:0.31081    A:0.17568    G:0.22973

#20: Giraffe        
position  1:    T:0.31081    C:0.25676    A:0.20270    G:0.22973
position  2:    T:0.39189    C:0.24324    A:0.17568    G:0.18919
position  3:    T:0.13514    C:0.41892    A:0.13514    G:0.31081
Average         T:0.27928    C:0.30631    A:0.17117    G:0.24324

#21: TibetanAntelope
position  1:    T:0.29730    C:0.27027    A:0.20270    G:0.22973
position  2:    T:0.39189    C:0.24324    A:0.17568    G:0.18919
position  3:    T:0.13514    C:0.40541    A:0.16216    G:0.29730
Average         T:0.27477    C:0.30631    A:0.18018    G:0.23874

#22: Sitatunga      
position  1:    T:0.29730    C:0.27027    A:0.20270    G:0.22973
position  2:    T:0.39189    C:0.24324    A:0.17568    G:0.18919
position  3:    T:0.13514    C:0.43243    A:0.13514    G:0.29730
Average         T:0.27477    C:0.31532    A:0.17117    G:0.23874

#23: Oribi          
position  1:    T:0.29730    C:0.28378    A:0.18919    G:0.22973
position  2:    T:0.39189    C:0.24324    A:0.17568    G:0.18919
position  3:    T:0.08108    C:0.48649    A:0.10811    G:0.32432
Average         T:0.25676    C:0.33784    A:0.15766    G:0.24775

#24: BarbarySheep   
position  1:    T:0.29730    C:0.27027    A:0.20270    G:0.22973
position  2:    T:0.39189    C:0.24324    A:0.17568    G:0.18919
position  3:    T:0.12162    C:0.41892    A:0.17568    G:0.28378
Average         T:0.27027    C:0.31081    A:0.18468    G:0.23423

#25: Daviddeer      
position  1:    T:0.29730    C:0.27027    A:0.20270    G:0.22973
position  2:    T:0.39189    C:0.24324    A:0.17568    G:0.18919
position  3:    T:0.14865    C:0.43243    A:0.12162    G:0.29730
Average         T:0.27928    C:0.31532    A:0.16667    G:0.23874

#26: Reindeer       
position  1:    T:0.29730    C:0.27027    A:0.20270    G:0.22973
position  2:    T:0.39189    C:0.24324    A:0.17568    G:0.18919
position  3:    T:0.13514    C:0.44595    A:0.12162    G:0.29730
Average         T:0.27477    C:0.31982    A:0.16667    G:0.23874

#27: Ibex           
position  1:    T:0.29730    C:0.27027    A:0.20270    G:0.22973
position  2:    T:0.39189    C:0.24324    A:0.17568    G:0.18919
position  3:    T:0.12162    C:0.41892    A:0.16216    G:0.29730
Average         T:0.27027    C:0.31081    A:0.18018    G:0.23874

#28: GyrantGazelle  
position  1:    T:0.29730    C:0.27027    A:0.20270    G:0.22973
position  2:    T:0.39189    C:0.24324    A:0.17568    G:0.18919
position  3:    T:0.10811    C:0.45946    A:0.12162    G:0.31081
Average         T:0.26577    C:0.32432    A:0.16667    G:0.24324

#29: Hartebeest     
position  1:    T:0.29730    C:0.27027    A:0.20270    G:0.22973
position  2:    T:0.39189    C:0.24324    A:0.17568    G:0.18919
position  3:    T:0.13514    C:0.40541    A:0.16216    G:0.29730
Average         T:0.27477    C:0.30631    A:0.18018    G:0.23874

#30: Bongo          
position  1:    T:0.29730    C:0.27027    A:0.20270    G:0.22973
position  2:    T:0.39189    C:0.24324    A:0.17568    G:0.18919
position  3:    T:0.12162    C:0.44595    A:0.13514    G:0.29730
Average         T:0.27027    C:0.31982    A:0.17117    G:0.23874

#31: Gerenuk        
position  1:    T:0.29730    C:0.27027    A:0.20270    G:0.22973
position  2:    T:0.39189    C:0.24324    A:0.17568    G:0.18919
position  3:    T:0.10811    C:0.45946    A:0.12162    G:0.31081
Average         T:0.26577    C:0.32432    A:0.16667    G:0.24324

#32: CommonEland    
position  1:    T:0.29730    C:0.27027    A:0.20270    G:0.22973
position  2:    T:0.39189    C:0.24324    A:0.17568    G:0.18919
position  3:    T:0.10811    C:0.45946    A:0.13514    G:0.29730
Average         T:0.26577    C:0.32432    A:0.17117    G:0.23874

#33: MuntiacusReevesi
position  1:    T:0.29730    C:0.27027    A:0.20270    G:0.22973
position  2:    T:0.39189    C:0.24324    A:0.17568    G:0.18919
position  3:    T:0.13514    C:0.45946    A:0.10811    G:0.29730
Average         T:0.27477    C:0.32432    A:0.16216    G:0.23874

#34: HarveysDuiker  
position  1:    T:0.29730    C:0.27027    A:0.20270    G:0.22973
position  2:    T:0.39189    C:0.24324    A:0.17568    G:0.18919
position  3:    T:0.13514    C:0.40541    A:0.13514    G:0.32432
Average         T:0.27477    C:0.30631    A:0.17117    G:0.24775

#35: Pronghorn      
position  1:    T:0.31081    C:0.25676    A:0.20270    G:0.22973
position  2:    T:0.39189    C:0.24324    A:0.17568    G:0.18919
position  3:    T:0.18919    C:0.40541    A:0.14865    G:0.25676
Average         T:0.29730    C:0.30180    A:0.17568    G:0.22523

#36: BlueWildebeest 
position  1:    T:0.29730    C:0.27027    A:0.20270    G:0.22973
position  2:    T:0.39189    C:0.24324    A:0.17568    G:0.18919
position  3:    T:0.13514    C:0.40541    A:0.16216    G:0.29730
Average         T:0.27477    C:0.30631    A:0.18018    G:0.23874

#37: Gemsbok        
position  1:    T:0.29730    C:0.27027    A:0.20270    G:0.22973
position  2:    T:0.39189    C:0.24324    A:0.17568    G:0.18919
position  3:    T:0.16216    C:0.37838    A:0.14865    G:0.31081
Average         T:0.28378    C:0.29730    A:0.17568    G:0.24324

#38: Yak            
position  1:    T:0.29730    C:0.27027    A:0.20270    G:0.22973
position  2:    T:0.39189    C:0.24324    A:0.17568    G:0.18919
position  3:    T:0.12162    C:0.44595    A:0.13514    G:0.29730
Average         T:0.27027    C:0.31982    A:0.17117    G:0.23874

#39: BlueSheep      
position  1:    T:0.29730    C:0.27027    A:0.20270    G:0.22973
position  2:    T:0.39189    C:0.24324    A:0.17568    G:0.18919
position  3:    T:0.12162    C:0.41892    A:0.16216    G:0.29730
Average         T:0.27027    C:0.31081    A:0.18018    G:0.23874

#40: BohorReedbuck  
position  1:    T:0.29730    C:0.27027    A:0.20270    G:0.22973
position  2:    T:0.40541    C:0.22973    A:0.17568    G:0.18919
position  3:    T:0.13514    C:0.40541    A:0.14865    G:0.31081
Average         T:0.27928    C:0.30180    A:0.17568    G:0.24324

#41: KirksDik       
position  1:    T:0.29730    C:0.27027    A:0.20270    G:0.22973
position  2:    T:0.39189    C:0.24324    A:0.17568    G:0.18919
position  3:    T:0.10811    C:0.44595    A:0.10811    G:0.33784
Average         T:0.26577    C:0.31982    A:0.16216    G:0.25225

#42: RoeDeer        
position  1:    T:0.29730    C:0.27027    A:0.20270    G:0.22973
position  2:    T:0.39189    C:0.24324    A:0.17568    G:0.18919
position  3:    T:0.12162    C:0.47297    A:0.12162    G:0.28378
Average         T:0.27027    C:0.32883    A:0.16667    G:0.23423

#43: WhiteLippedDeer
position  1:    T:0.29730    C:0.27027    A:0.20270    G:0.22973
position  2:    T:0.39189    C:0.24324    A:0.17568    G:0.18919
position  3:    T:0.13514    C:0.44595    A:0.12162    G:0.29730
Average         T:0.27477    C:0.31982    A:0.16667    G:0.23874

#44: ThomsonGazelle 
position  1:    T:0.29730    C:0.27027    A:0.18919    G:0.24324
position  2:    T:0.39189    C:0.24324    A:0.17568    G:0.18919
position  3:    T:0.08108    C:0.47297    A:0.08108    G:0.36486
Average         T:0.25676    C:0.32883    A:0.14865    G:0.26577

#45: MuntiacusCrinifrons
position  1:    T:0.29730    C:0.27027    A:0.20270    G:0.22973
position  2:    T:0.39189    C:0.24324    A:0.17568    G:0.18919
position  3:    T:0.14865    C:0.43243    A:0.12162    G:0.29730
Average         T:0.27928    C:0.31532    A:0.16667    G:0.23874

#46: WhiteTailedDeer
position  1:    T:0.29730    C:0.27027    A:0.20270    G:0.22973
position  2:    T:0.39189    C:0.24324    A:0.17568    G:0.18919
position  3:    T:0.13514    C:0.44595    A:0.12162    G:0.29730
Average         T:0.27477    C:0.31982    A:0.16667    G:0.23874

#47: Cattle         
position  1:    T:0.29730    C:0.27027    A:0.20270    G:0.22973
position  2:    T:0.39189    C:0.24324    A:0.17568    G:0.18919
position  3:    T:0.12162    C:0.44595    A:0.13514    G:0.29730
Average         T:0.27027    C:0.31982    A:0.17117    G:0.23874

#48: RoyalAntelope  
position  1:    T:0.29730    C:0.27027    A:0.20270    G:0.22973
position  2:    T:0.39189    C:0.24324    A:0.17568    G:0.18919
position  3:    T:0.13514    C:0.40541    A:0.16216    G:0.29730
Average         T:0.27477    C:0.30631    A:0.18018    G:0.23874

#49: Steenbok       
position  1:    T:0.29730    C:0.27027    A:0.20270    G:0.22973
position  2:    T:0.39189    C:0.24324    A:0.17568    G:0.18919
position  3:    T:0.10811    C:0.44595    A:0.12162    G:0.32432
Average         T:0.26577    C:0.31982    A:0.16667    G:0.24775

#50: Impala         
position  1:    T:0.29730    C:0.27027    A:0.21622    G:0.21622
position  2:    T:0.39189    C:0.24324    A:0.17568    G:0.18919
position  3:    T:0.13514    C:0.40541    A:0.14865    G:0.31081
Average         T:0.27477    C:0.30631    A:0.18018    G:0.23874

#51: Klipspringer   
position  1:    T:0.29730    C:0.27027    A:0.20270    G:0.22973
position  2:    T:0.39189    C:0.24324    A:0.17568    G:0.18919
