1
52 1
Argali 0.000000 0.500000 0.079000 0.283700 0.170000 0.000100 0.168200 0.038300 0.118000 0.238400 0.116600 0.038700 0.079200 0.127000 0.077500 0.078500 0.319100 0.274400 0.039600 0.079000 0.079100 0.078300 0.204100 0.202200 0.116600 0.039400 0.079200 0.117200 0.039400 0.079000 0.238400 0.168500 0.197500 0.081300 0.040500 0.038700 0.078600 0.121400 0.117900 0.237800 0.204100 0.039400 0.238400 0.200500 0.038700 0.155000 0.154200 0.077500 0.039600 0.251100 0.123000 0.079000
LesserMous 0.500000 0.000000 0.475900 0.278500 0.484600 0.545800 0.544400 0.411600 0.465200 0.334400 0.457100 0.417200 0.478000 0.492000 0.459700 0.414000 0.315400 0.272900 0.423600 0.475900 0.475700 0.467800 0.299200 0.396800 0.457100 0.423600 0.478000 0.519800 0.423600 0.475900 0.334400 0.481200 0.195600 0.486800 0.436000 0.417200 0.413900 0.532000 0.517000 0.434500 0.299200 0.423600 0.334400 0.439100 0.417200 0.557500 0.498400 0.407900 0.423600 0.303300 0.473900 0.475900
LesserKudu 0.079000 0.475900 0.000000 0.271400 0.162300 0.078300 0.160500 0.036500 0.036000 0.227300 0.111600 0.037000 0.075600 0.120900 0.074200 0.074900 0.307100 0.263900 0.037700 0.000000 0.075100 0.074800 0.194600 0.192100 0.111600 0.037400 0.075600 0.035800 0.037400 0.000000 0.227300 0.160600 0.189300 0.077700 0.038300 0.037000 0.075100 0.116100 0.112700 0.226700 0.194600 0.037400 0.227300 0.190200 0.037000 0.148600 0.147600 0.074200 0.037700 0.242500 0.037500 0.000000
KillerWhal 0.283700 0.278500 0.271400 0.000000 0.280800 0.279500 0.382800 0.221100 0.265500 0.161900 0.263800 0.227300 0.268900 0.337700 0.264900 0.221100 0.159300 0.118400 0.228200 0.271400 0.244200 0.270000 0.130300 0.210700 0.263800 0.226300 0.268900 0.313100 0.226300 0.271400 0.161900 0.330400 0.042300 0.276700 0.231600 0.227300 0.223000 0.322200 0.311600 0.248300 0.130300 0.226300 0.161900 0.207700 0.227300 0.321700 0.301500 0.220700 0.228200 0.230000 0.325200 0.271400
DefassaWat 0.170000 0.484600 0.162300 0.280800 0.000000 0.168300 0.259300 0.117900 0.202100 0.233000 0.199400 0.119100 0.162200 0.217100 0.118000 0.161000 0.313600 0.269800 0.121500 0.162300 0.162500 0.160500 0.199700 0.197700 0.199400 0.121600 0.162200 0.200900 0.121600 0.162300 0.233000 0.259500 0.193900 0.166800 0.125000 0.119100 0.161000 0.037800 0.202000 0.232500 0.199700 0.121600 0.233000 0.195900 0.119100 0.238000 0.237900 0.159000 0.121500 0.333000 0.210500 0.162300
Sheep 0.000100 0.545800 0.078300 0.279500 0.168300 0.000000 0.166600 0.037900 0.117000 0.236100 0.115400 0.038300 0.078500 0.125900 0.076700 0.077600 0.316200 0.272100 0.039200 0.078300 0.078300 0.077500 0.201900 0.200200 0.115400 0.039000 0.078500 0.116200 0.039000 0.078300 0.236100 0.166900 0.196000 0.080500 0.040000 0.038300 0.077800 0.120200 0.116700 0.235600 0.201900 0.039000 0.236100 0.199300 0.038300 0.153500 0.152600 0.076800 0.039200 0.248600 0.121900 0.078300
MaxwellsDu 0.168200 0.544400 0.160500 0.382800 0.259300 0.166600 0.000000 0.116500 0.200000 0.324800 0.197500 0.117800 0.160400 0.038300 0.157200 0.159200 0.409800 0.360500 0.120100 0.160500 0.160700 0.158900 0.291200 0.288300 0.197500 0.120100 0.160400 0.199000 0.120100 0.160500 0.324800 0.075100 0.281600 0.164900 0.123200 0.117800 0.159200 0.205200 0.199800 0.323800 0.291200 0.120100 0.324800 0.286000 0.117800 0.235700 0.235700 0.156300 0.120100 0.331700 0.208100 0.160500
GazellaPrz 0.038300 0.411600 0.036500 0.221100 0.117900 0.037900 0.116500 0.000000 0.073000 0.184800 0.072200 0.000300 0.036700 0.078100 0.036100 0.036600 0.260600 0.219500 0.000200 0.036500 0.036800 0.036400 0.151900 0.150100 0.072200 0.000200 0.036700 0.072600 0.000200 0.036500 0.184800 0.116400 0.147100 0.037700 0.000400 0.000300 0.036400 0.075000 0.073100 0.184400 0.151900 0.000200 0.184800 0.148800 0.000300 0.107800 0.107600 0.036000 0.000200 0.201500 0.075900 0.036500
MountainNy 0.118000 0.465200 0.036000 0.265500 0.202100 0.117000 0.200000 0.073000 0.000000 0.264300 0.071100 0.073700 0.113000 0.160600 0.110800 0.035600 0.301500 0.259000 0.075100 0.036000 0.112400 0.111600 0.232600 0.229800 0.071100 0.074900 0.113000 0.070100 0.074900 0.036000 0.264300 0.115000 0.185600 0.115900 0.076600 0.073700 0.035900 0.154300 0.149700 0.263500 0.232600 0.074900 0.264300 0.227700 0.073700 0.184900 0.105800 0.035400 0.075100 0.198700 0.074600 0.036000
MuntiacusM 0.238400 0.334400 0.227300 0.161900 0.233000 0.236100 0.324800 0.184800 0.264300 0.000000 0.263400 0.186000 0.224400 0.284100 0.223600 0.226100 0.207200 0.170600 0.190100 0.227300 0.229300 0.227100 0.068900 0.105300 0.263400 0.189700 0.224400 0.264100 0.189700 0.227300 0.000000 0.323400 0.102800 0.230600 0.193800 0.186000 0.226700 0.270300 0.265500 0.138300 0.068900 0.189700 0.000000 0.104600 0.186000 0.300600 0.298600 0.223900 0.190100 0.230300 0.274100 0.227300
goat 0.116600 0.457100 0.111600 0.263800 0.199400 0.115400 0.197500 0.072200 0.071100 0.263400 0.000000 0.073000 0.111600 0.158500 0.109500 0.035500 0.215300 0.176500 0.074000 0.111600 0.111900 0.035500 0.230900 0.228500 0.000000 0.074300 0.111600 0.071300 0.074300 0.111600 0.263400 0.113400 0.145600 0.114600 0.076200 0.073000 0.035400 0.152100 0.071600 0.262900 0.230900 0.074300 0.263400 0.226700 0.073000 0.182700 0.033900 0.035100 0.074000 0.126600 0.154200 0.111600
AfricanBuf 0.038700 0.417200 0.037000 0.227300 0.119100 0.038300 0.117800 0.000300 0.073700 0.186000 0.073000 0.000000 0.037000 0.078900 0.036400 0.036900 0.263900 0.222100 0.000300 0.037000 0.037000 0.036700 0.152500 0.150700 0.073000 0.000400 0.037000 0.073400 0.000400 0.037000 0.186000 0.117700 0.148600 0.038100 0.000500 0.000000 0.036800 0.075800 0.073800 0.185500 0.152500 0.000400 0.186000 0.149400 0.000000 0.109300 0.108700 0.036400 0.000300 0.203900 0.076600 0.037000
Topi 0.079200 0.478000 0.075600 0.268900 0.162200 0.078500 0.160400 0.036700 0.113000 0.224400 0.111600 0.037000 0.000000 0.121000 0.074200 0.075000 0.305700 0.263300 0.037900 0.075600 0.075400 0.074900 0.192500 0.187700 0.111600 0.037700 0.000000 0.112300 0.037700 0.075600 0.224400 0.160500 0.189300 0.077400 0.038700 0.037000 0.075200 0.116100 0.112600 0.224000 0.192500 0.037700 0.224400 0.185100 0.037000 0.147800 0.147500 0.074200 0.037900 0.243600 0.117600 0.075600
CommonDuik 0.127000 0.492000 0.120900 0.337700 0.217100 0.125900 0.038300 0.078100 0.160600 0.284100 0.158500 0.078900 0.121000 0.000000 0.118600 0.120100 0.368200 0.320700 0.080500 0.120900 0.120900 0.119600 0.250300 0.248100 0.158500 0.080600 0.121000 0.159600 0.080600 0.120900 0.284100 0.038300 0.241700 0.124300 0.082600 0.078900 0.120000 0.165100 0.160500 0.283300 0.250300 0.080600 0.284100 0.246100 0.078900 0.196800 0.197000 0.117800 0.080500 0.294600 0.167400 0.120900
Suni 0.077500 0.459700 0.074200 0.264900 0.118000 0.076700 0.157200 0.036100 0.110800 0.223600 0.109500 0.036400 0.074200 0.118600 0.000000 0.073600 0.299900 0.257600 0.037100 0.074200 0.074200 0.073500 0.191500 0.189400 0.109500 0.037000 0.074200 0.110300 0.037000 0.074200 0.223600 0.157300 0.185100 0.076200 0.038000 0.036400 0.073600 0.075100 0.110800 0.223300 0.191500 0.037000 0.223600 0.187700 0.036400 0.145100 0.144900 0.072800 0.037100 0.237200 0.115400 0.074200
Springbuck 0.078500 0.414000 0.074900 0.221100 0.161000 0.077600 0.159200 0.036600 0.035600 0.226100 0.035500 0.036900 0.075000 0.120100 0.073600 0.000000 0.261700 0.220100 0.037500 0.074900 0.074800 0.074300 0.193500 0.191500 0.035500 0.037200 0.075000 0.111300 0.036800 0.074900 0.226100 0.076400 0.147800 0.077000 0.038400 0.036900 0.000200 0.115100 0.111700 0.226000 0.193500 0.036900 0.226100 0.189900 0.036900 0.146700 0.070300 0.000200 0.037500 0.164400 0.116700 0.074900
Okapi 0.319100 0.315400 0.307100 0.159300 0.313600 0.316200 0.409800 0.260600 0.301500 0.207200 0.215300 0.263900 0.305700 0.368200 0.299900 0.261700 0.000000 0.094800 0.266900 0.307100 0.307700 0.219400 0.176200 0.251800 0.215300 0.266800 0.305700 0.257000 0.266800 0.307100 0.207200 0.361400 0.065000 0.313900 0.271800 0.263900 0.261900 0.351800 0.256900 0.285400 0.176200 0.266800 0.207200 0.249900 0.263900 0.379000 0.249400 0.258800 0.266900 0.189500 0.357300 0.307100
Giraffe 0.274400 0.272900 0.263900 0.118400 0.269800 0.272100 0.360500 0.219500 0.259000 0.170600 0.176500 0.222100 0.263300 0.320700 0.257600 0.220100 0.094800 0.000000 0.225000 0.263900 0.263000 0.179800 0.138400 0.213800 0.176500 0.224400 0.263300 0.216500 0.224400 0.263900 0.170600 0.314800 0.032100 0.270200 0.229000 0.222100 0.220700 0.307200 0.215700 0.246500 0.138400 0.224400 0.170600 0.212100 0.222100 0.332800 0.209800 0.217900 0.225000 0.155200 0.312200 0.263900
TibetanAnt 0.039600 0.423600 0.037700 0.228200 0.121500 0.039200 0.120100 0.000200 0.075100 0.190100 0.074000 0.000300 0.037900 0.080500 0.037100 0.037500 0.266900 0.225000 0.000000 0.037700 0.037800 0.037300 0.156100 0.154500 0.074000 0.000200 0.037900 0.074800 0.000200 0.037700 0.190100 0.120000 0.151000 0.038900 0.000200 0.000300 0.037300 0.077300 0.075200 0.189800 0.156100 0.000200 0.190100 0.153200 0.000300 0.110900 0.110600 0.037100 0.000000 0.206500 0.078200 0.037700
Sitatunga 0.079000 0.475900 0.000000 0.271400 0.162300 0.078300 0.160500 0.036500 0.036000 0.227300 0.111600 0.037000 0.075600 0.120900 0.074200 0.074900 0.307100 0.263900 0.037700 0.000000 0.075100 0.074800 0.194600 0.192100 0.111600 0.037400 0.075600 0.035800 0.037400 0.000000 0.227300 0.160600 0.189300 0.077700 0.038300 0.037000 0.075100 0.116100 0.112700 0.226700 0.194600 0.037400 0.227300 0.190200 0.037000 0.148600 0.147600 0.074200 0.037700 0.242500 0.037500 0.000000
Oribi 0.079100 0.475700 0.075100 0.244200 0.162500 0.078300 0.160700 0.036800 0.112400 0.229300 0.111900 0.037000 0.075400 0.120900 0.074200 0.074800 0.307700 0.263000 0.037800 0.075100 0.000000 0.075100 0.195700 0.193300 0.111900 0.037700 0.075400 0.112100 0.037700 0.075100 0.229300 0.160400 0.189400 0.077700 0.038500 0.037000 0.075100 0.116000 0.112900 0.229300 0.195700 0.037700 0.229300 0.191700 0.037000 0.148700 0.147600 0.074200 0.037800 0.242200 0.117100 0.075100
BarbaryShe 0.078300 0.467800 0.074800 0.270000 0.160500 0.077500 0.158900 0.036400 0.111600 0.227100 0.035500 0.036700 0.074900 0.119600 0.073500 0.074300 0.219400 0.179800 0.037300 0.074800 0.075100 0.000000 0.193700 0.191500 0.034900 0.037400 0.074900 0.035800 0.037400 0.074800 0.227100 0.158500 0.148500 0.077000 0.038400 0.036700 0.074000 0.114700 0.036100 0.226800 0.193700 0.037400 0.227100 0.189900 0.036700 0.147100 0.070700 0.073500 0.036800 0.165300 0.116100 0.074800
Daviddeer 0.204100 0.299200 0.194600 0.130300 0.199700 0.201900 0.291200 0.151900 0.232600 0.068900 0.230900 0.152500 0.192500 0.250300 0.191500 0.193500 0.176200 0.138400 0.156100 0.194600 0.195700 0.193700 0.000000 0.034800 0.230900 0.156000 0.192500 0.231800 0.156000 0.194600 0.068900 0.290600 0.070500 0.197900 0.159900 0.152500 0.193800 0.238100 0.148900 0.068400 0.000000 0.156000 0.068900 0.034500 0.152500 0.268900 0.267100 0.191500 0.156100 0.201500 0.241700 0.194600
Reindeer 0.202200 0.396800 0.192100 0.210700 0.197700 0.200200 0.288300 0.150100 0.229800 0.105300 0.228500 0.150700 0.187700 0.248100 0.189400 0.191500 0.251800 0.213800 0.154500 0.192100 0.193300 0.191500 0.034800 0.000000 0.228500 0.154100 0.187700 0.228600 0.154100 0.192100 0.105300 0.288300 0.143200 0.192900 0.157700 0.150700 0.192000 0.235900 0.146800 0.104400 0.034800 0.154100 0.105300 0.000100 0.150700 0.265600 0.264200 0.189600 0.154500 0.274700 0.238900 0.192100
Ibex 0.116600 0.457100 0.111600 0.263800 0.199400 0.115400 0.197500 0.072200 0.071100 0.263400 0.000000 0.073000 0.111600 0.158500 0.109500 0.035500 0.215300 0.176500 0.074000 0.111600 0.111900 0.034900 0.230900 0.228500 0.000000 0.074300 0.111600 0.071300 0.074300 0.111600 0.263400 0.113400 0.145600 0.114600 0.076200 0.073000 0.034800 0.152100 0.071600 0.262900 0.230900 0.074300 0.263400 0.226700 0.073000 0.182700 0.033900 0.035100 0.074000 0.126600 0.154200 0.111600
GyrantGaze 0.039400 0.423600 0.037400 0.226300 0.121600 0.039000 0.120100 0.000200 0.074900 0.189700 0.074300 0.000400 0.037700 0.080600 0.037000 0.037200 0.266800 0.224400 0.000200 0.037400 0.037700 0.037400 0.156000 0.154100 0.074300 0.000000 0.037700 0.074500 0.000000 0.037400 0.189700 0.120100 0.150800 0.038800 0.000500 0.000400 0.037500 0.077200 0.075000 0.189700 0.156000 0.000000 0.189700 0.152700 0.000400 0.110800 0.110200 0.037000 0.000200 0.206400 0.078100 0.037400
Hartebeest 0.079200 0.478000 0.075600 0.268900 0.162200 0.078500 0.160400 0.036700 0.113000 0.224400 0.111600 0.037000 0.000000 0.121000 0.074200 0.075000 0.305700 0.263300 0.037900 0.075600 0.075400 0.074900 0.192500 0.187700 0.111600 0.037700 0.000000 0.112300 0.037700 0.075600 0.224400 0.160500 0.189300 0.077400 0.038700 0.037000 0.075200 0.116100 0.112600 0.224000 0.192500 0.037700 0.224400 0.185100 0.037000 0.147800 0.147500 0.074200 0.037900 0.243600 0.117600 0.075600
Bongo 0.117200 0.519800 0.035800 0.313100 0.200900 0.116200 0.199000 0.072600 0.070100 0.264100 0.071300 0.073400 0.112300 0.159600 0.110300 0.111300 0.257000 0.216500 0.074800 0.035800 0.112100 0.035800 0.231800 0.228600 0.071300 0.074500 0.112300 0.000000 0.074500 0.035300 0.264100 0.198900 0.186000 0.115300 0.076000 0.073400 0.111600 0.153200 0.071900 0.263400 0.231800 0.074500 0.264100 0.226400 0.073400 0.184600 0.106000 0.110300 0.074800 0.199100 0.074100 0.035800
Gerenuk 0.039400 0.423600 0.037400 0.226300 0.121600 0.039000 0.120100 0.000200 0.074900 0.189700 0.074300 0.000400 0.037700 0.080600 0.037000 0.036800 0.266800 0.224400 0.000200 0.037400 0.037700 0.037400 0.156000 0.154100 0.074300 0.000000 0.037700 0.074500 0.000000 0.037400 0.189700 0.120100 0.150800 0.038800 0.000500 0.000400 0.037500 0.077200 0.075000 0.189700 0.156000 0.000000 0.189700 0.152700 0.000400 0.110800 0.110200 0.037000 0.000200 0.206400 0.078100 0.037400
CommonElan 0.079000 0.475900 0.000000 0.271400 0.162300 0.078300 0.160500 0.036500 0.036000 0.227300 0.111600 0.037000 0.075600 0.120900 0.074200 0.074900 0.307100 0.263900 0.037700 0.000000 0.075100 0.074800 0.194600 0.192100 0.111600 0.037400 0.075600 0.035300 0.037400 0.000000 0.227300 0.160600 0.189300 0.077700 0.038300 0.037000 0.075100 0.116100 0.112700 0.226700 0.194600 0.037400 0.227300 0.190200 0.037000 0.148600 0.147600 0.074200 0.037700 0.242500 0.037500 0.000000
MuntiacusR 0.238400 0.334400 0.227300 0.161900 0.233000 0.236100 0.324800 0.184800 0.264300 0.000000 0.263400 0.186000 0.224400 0.284100 0.223600 0.226100 0.207200 0.170600 0.190100 0.227300 0.229300 0.227100 0.068900 0.105300 0.263400 0.189700 0.224400 0.264100 0.189700 0.227300 0.000000 0.323400 0.102800 0.230600 0.193800 0.186000 0.226700 0.270300 0.265500 0.138700 0.068900 0.189700 0.000000 0.104600 0.186000 0.300600 0.298600 0.223900 0.190100 0.230300 0.274100 0.227300
HarveysDui 0.168500 0.481200 0.160600 0.330400 0.259500 0.166900 0.075100 0.116400 0.115000 0.323400 0.113400 0.117700 0.160500 0.038300 0.157300 0.076400 0.361400 0.314800 0.120000 0.160600 0.160400 0.158500 0.290600 0.288300 0.113400 0.120100 0.160500 0.198900 0.120100 0.160600 0.323400 0.000000 0.237000 0.164800 0.123100 0.117700 0.076400 0.205600 0.199700 0.322400 0.290600 0.120100 0.323400 0.286100 0.117700 0.235100 0.150300 0.075000 0.120000 0.246100 0.208700 0.160600
Pronghorn 0.197500 0.195600 0.189300 0.042300 0.193900 0.196000 0.281600 0.147100 0.185600 0.102800 0.145600 0.148600 0.189300 0.241700 0.185100 0.147800 0.065000 0.032100 0.151000 0.189300 0.189400 0.148500 0.070500 0.143200 0.145600 0.150800 0.189300 0.186000 0.150800 0.189300 0.102800 0.237000 0.000000 0.194400 0.154400 0.148600 0.148100 0.231500 0.185700 0.176800 0.070500 0.150800 0.102800 0.142100 0.148600 0.260400 0.180200 0.146100 0.151000 0.126500 0.235000 0.189300
BlueWildeb 0.081300 0.486800 0.077700 0.276700 0.166800 0.080500 0.164900 0.037700 0.115900 0.230600 0.114600 0.038100 0.077400 0.124300 0.076200 0.077000 0.313900 0.270200 0.038900 0.077700 0.077700 0.077000 0.197900 0.192900 0.114600 0.038800 0.077400 0.115300 0.038800 0.077700 0.230600 0.164800 0.194400 0.000000 0.039900 0.038100 0.077100 0.119200 0.115900 0.230200 0.197900 0.038800 0.230600 0.190200 0.038100 0.152000 0.151600 0.076200 0.038900 0.247800 0.120800 0.077700
Gemsbok 0.040500 0.436000 0.038300 0.231600 0.125000 0.040000 0.123200 0.000400 0.076600 0.193800 0.076200 0.000500 0.038700 0.082600 0.038000 0.038400 0.271800 0.229000 0.000200 0.038300 0.038500 0.038400 0.159900 0.157700 0.076200 0.000500 0.038700 0.076000 0.000500 0.038300 0.193800 0.123100 0.154400 0.039900 0.000000 0.000500 0.038500 0.079400 0.076900 0.194000 0.159900 0.000500 0.193800 0.156100 0.000500 0.113600 0.112900 0.038000 0.000200 0.210200 0.079800 0.038300
Yak 0.038700 0.417200 0.037000 0.227300 0.119100 0.038300 0.117800 0.000300 0.073700 0.186000 0.073000 0.000000 0.037000 0.078900 0.036400 0.036900 0.263900 0.222100 0.000300 0.037000 0.037000 0.036700 0.152500 0.150700 0.073000 0.000400 0.037000 0.073400 0.000400 0.037000 0.186000 0.117700 0.148600 0.038100 0.000500 0.000000 0.036800 0.075800 0.073800 0.185500 0.152500 0.000400 0.186000 0.149400 0.000000 0.109300 0.108700 0.036400 0.000300 0.203900 0.076600 0.037000
BlueSheep 0.078600 0.413900 0.075100 0.223000 0.161000 0.077800 0.159200 0.036400 0.035900 0.226700 0.035400 0.036800 0.075200 0.120000 0.073600 0.000200 0.261900 0.220700 0.037300 0.075100 0.075100 0.074000 0.193800 0.192000 0.034800 0.037500 0.075200 0.111600 0.037500 0.075100 0.226700 0.076400 0.148100 0.077100 0.038500 0.036800 0.000000 0.115200 0.112000 0.226300 0.193800 0.037500 0.226700 0.190500 0.036800 0.146900 0.070500 0.000100 0.036800 0.164600 0.116800 0.075100
BohorReedb 0.121400 0.532000 0.116100 0.322200 0.037800 0.120200 0.205200 0.075000 0.154300 0.270300 0.152100 0.075800 0.116100 0.165100 0.075100 0.115100 0.351800 0.307200 0.077300 0.116100 0.116000 0.114700 0.238100 0.235900 0.152100 0.077200 0.116100 0.153200 0.077200 0.116100 0.270300 0.205600 0.231500 0.119200 0.079400 0.075800 0.115200 0.000000 0.153900 0.269600 0.238100 0.077200 0.270300 0.233900 0.075800 0.188900 0.189000 0.113700 0.077300 0.282500 0.160600 0.116100
KirksDik 0.117900 0.517000 0.112700 0.311600 0.202000 0.116700 0.199800 0.073100 0.149700 0.265500 0.071600 0.073800 0.112600 0.160500 0.110800 0.111700 0.256900 0.215700 0.075200 0.112700 0.112900 0.036100 0.148900 0.146800 0.071600 0.075000 0.112600 0.071900 0.075000 0.112700 0.265500 0.199700 0.185700 0.115900 0.076900 0.073800 0.112000 0.153900 0.000000 0.181200 0.148900 0.075000 0.265500 0.145400 0.073800 0.184800 0.106400 0.110700 0.075200 0.199100 0.156000 0.112700
RoeDeer 0.237800 0.434500 0.226700 0.248300 0.232500 0.235600 0.323800 0.184400 0.263500 0.138300 0.262900 0.185500 0.224000 0.283300 0.223300 0.226000 0.285400 0.246500 0.189800 0.226700 0.229300 0.226800 0.068400 0.104400 0.262900 0.189700 0.224000 0.263400 0.189700 0.226700 0.138700 0.322400 0.176800 0.230200 0.194000 0.185500 0.226300 0.269600 0.181200 0.000000 0.068400 0.189700 0.138300 0.103600 0.185500 0.300100 0.298200 0.223500 0.189800 0.305700 0.273200 0.226700
WhiteLippe 0.204100 0.299200 0.194600 0.130300 0.199700 0.201900 0.291200 0.151900 0.232600 0.068900 0.230900 0.152500 0.192500 0.250300 0.191500 0.193500 0.176200 0.138400 0.156100 0.194600 0.195700 0.193700 0.000000 0.034800 0.230900 0.156000 0.192500 0.231800 0.156000 0.194600 0.068900 0.290600 0.070500 0.197900 0.159900 0.152500 0.193800 0.238100 0.148900 0.068400 0.000000 0.156000 0.068900 0.034500 0.152500 0.268900 0.267100 0.191500 0.156100 0.201500 0.241700 0.194600
ThomsonGaz 0.039400 0.423600 0.037400 0.226300 0.121600 0.039000 0.120100 0.000200 0.074900 0.189700 0.074300 0.000400 0.037700 0.080600 0.037000 0.036900 0.266800 0.224400 0.000200 0.037400 0.037700 0.037400 0.156000 0.154100 0.074300 0.000000 0.037700 0.074500 0.000000 0.037400 0.189700 0.120100 0.150800 0.038800 0.000500 0.000400 0.037500 0.077200 0.075000 0.189700 0.156000 0.000000 0.189700 0.152700 0.000400 0.110800 0.110200 0.037000 0.000200 0.206400 0.078100 0.037400
MuntiacusC 0.238400 0.334400 0.227300 0.161900 0.233000 0.236100 0.324800 0.184800 0.264300 0.000000 0.263400 0.186000 0.224400 0.284100 0.223600 0.226100 0.207200 0.170600 0.190100 0.227300 0.229300 0.227100 0.068900 0.105300 0.263400 0.189700 0.224400 0.264100 0.189700 0.227300 0.000000 0.323400 0.102800 0.230600 0.193800 0.186000 0.226700 0.270300 0.265500 0.138300 0.068900 0.189700 0.000000 0.104600 0.186000 0.300600 0.298600 0.223900 0.190100 0.230300 0.274100 0.227300
WhiteTaile 0.200500 0.439100 0.190200 0.207700 0.195900 0.199300 0.286000 0.148800 0.227700 0.104600 0.226700 0.149400 0.185100 0.246100 0.187700 0.189900 0.249900 0.212100 0.153200 0.190200 0.191700 0.189900 0.034500 0.000100 0.226700 0.152700 0.185100 0.226400 0.152700 0.190200 0.104600 0.286100 0.142100 0.190200 0.156100 0.149400 0.190500 0.233900 0.145400 0.103600 0.034500 0.152700 0.104600 0.000000 0.149400 0.263500 0.261800 0.188000 0.153200 0.272300 0.236700 0.190200
Cattle 0.038700 0.417200 0.037000 0.227300 0.119100 0.038300 0.117800 0.000300 0.073700 0.186000 0.073000 0.000000 0.037000 0.078900 0.036400 0.036900 0.263900 0.222100 0.000300 0.037000 0.037000 0.036700 0.152500 0.150700 0.073000 0.000400 0.037000 0.073400 0.000400 0.037000 0.186000 0.117700 0.148600 0.038100 0.000500 0.000000 0.036800 0.075800 0.073800 0.185500 0.152500 0.000400 0.186000 0.149400 0.000000 0.109300 0.108700 0.036400 0.000300 0.203900 0.076600 0.037000
RoyalAntel 0.155000 0.557500 0.148600 0.321700 0.238000 0.153500 0.235700 0.107800 0.184900 0.300600 0.182700 0.109300 0.147800 0.196800 0.145100 0.146700 0.379000 0.332800 0.110900 0.148600 0.148700 0.147100 0.268900 0.265600 0.182700 0.110800 0.147800 0.184600 0.110800 0.148600 0.300600 0.235100 0.260400 0.152000 0.113600 0.109300 0.146900 0.188900 0.184800 0.300100 0.268900 0.110800 0.300600 0.263500 0.109300 0.000000 0.217900 0.145200 0.110900 0.306700 0.192200 0.148600
Steenbok 0.154200 0.498400 0.147600 0.301500 0.237900 0.152600 0.235700 0.107600 0.105800 0.298600 0.033900 0.108700 0.147500 0.197000 0.144900 0.070300 0.249400 0.209800 0.110600 0.147600 0.147600 0.070700 0.267100 0.264200 0.033900 0.110200 0.147500 0.106000 0.110200 0.147600 0.298600 0.150300 0.180200 0.151600 0.112900 0.108700 0.070500 0.189000 0.106400 0.298200 0.267100 0.110200 0.298600 0.261800 0.108700 0.217900 0.000000 0.069700 0.110600 0.157700 0.191500 0.147600
Impala 0.077500 0.407900 0.074200 0.220700 0.159000 0.076800 0.156300 0.036000 0.035400 0.223900 0.035100 0.036400 0.074200 0.117800 0.072800 0.000200 0.258800 0.217900 0.037100 0.074200 0.074200 0.073500 0.191500 0.189600 0.035100 0.037000 0.074200 0.110300 0.037000 0.074200 0.223900 0.075000 0.146100 0.076200 0.038000 0.036400 0.000100 0.113700 0.110700 0.223500 0.191500 0.037000 0.223900 0.188000 0.036400 0.145200 0.069700 0.000000 0.037100 0.163000 0.115300 0.074200
Klipspring 0.039600 0.423600 0.037700 0.228200 0.121500 0.039200 0.120100 0.000200 0.075100 0.190100 0.074000 0.000300 0.037900 0.080500 0.037100 0.037500 0.266900 0.225000 0.000000 0.037700 0.037800 0.036800 0.156100 0.154500 0.074000 0.000200 0.037900 0.074800 0.000200 0.037700 0.190100 0.120000 0.151000 0.038900 0.000200 0.000300 0.036800 0.077300 0.075200 0.189800 0.156100 0.000200 0.190100 0.153200 0.000300 0.110900 0.110600 0.037100 0.000000 0.206500 0.078200 0.037700
ForestMusk 0.251100 0.303300 0.242500 0.230000 0.333000 0.248600 0.331700 0.201500 0.198700 0.230300 0.126600 0.203900 0.243600 0.294600 0.237200 0.164400 0.189500 0.155200 0.206500 0.242500 0.242200 0.165300 0.201500 0.274700 0.126600 0.206400 0.243600 0.199100 0.206400 0.242500 0.230300 0.246100 0.126500 0.247800 0.210200 0.203900 0.164600 0.282500 0.199100 0.305700 0.201500 0.206400 0.230300 0.272300 0.203900 0.306700 0.157700 0.163000 0.206500 0.000000 0.286800 0.242500
Bushbuck 0.123000 0.473900 0.037500 0.325200 0.210500 0.121900 0.208100 0.075900 0.074600 0.274100 0.154200 0.076600 0.117600 0.167400 0.115400 0.116700 0.357300 0.312200 0.078200 0.037500 0.117100 0.116100 0.241700 0.238900 0.154200 0.078100 0.117600 0.074100 0.078100 0.037500 0.274100 0.208700 0.235000 0.120800 0.079800 0.076600 0.116800 0.160600 0.156000 0.273200 0.241700 0.078100 0.274100 0.236700 0.076600 0.192200 0.191500 0.115300 0.078200 0.286800 0.000000 0.037500
GreaterKud 0.079000 0.475900 0.000000 0.271400 0.162300 0.078300 0.160500 0.036500 0.036000 0.227300 0.111600 0.037000 0.075600 0.120900 0.074200 0.074900 0.307100 0.263900 0.037700 0.000000 0.075100 0.074800 0.194600 0.192100 0.111600 0.037400 0.075600 0.035800 0.037400 0.000000 0.227300 0.160600 0.189300 0.077700 0.038300 0.037000 0.075100 0.116100 0.112700 0.226700 0.194600 0.037400 0.227300 0.190200 0.037000 0.148600 0.147600 0.074200 0.037700 0.242500 0.037500 0.000000
