CODONML (in paml version 4.10.7, June 2023)  /home/rachel/ruminants_paml/6406-phy-tree/ENSBTAT00000000569.fasta.phy
Model: free dN/dS Ratios for branches,  kappa = 2.000 fixed

Codon frequency model: F3x4
ns =  54  ls =  62

Codon usage in sequences
--------------------------------------------------------------------------------------------------------------------------------------
Phe TTT   1   1   1   1   1   1 | Ser TCT   2   2   2   2   2   1 | Tyr TAT   0   0   0   0   0   0 | Cys TGT   1   1   1   1   1   1
    TTC   0   0   0   0   0   0 |     TCC   3   3   3   3   3   3 |     TAC   2   2   2   2   2   2 |     TGC   0   0   0   0   0   0
Leu TTA   0   1   0   0   0   1 |     TCA   1   1   1   1   0   1 | *** TAA   0   0   0   0   0   0 | *** TGA   0   0   0   0   0   0
    TTG   3   2   3   3   3   2 |     TCG   0   0   0   0   0   1 |     TAG   0   0   0   0   0   0 | Trp TGG   1   1   1   1   1   1
--------------------------------------------------------------------------------------------------------------------------------------
Leu CTT   1   1   1   1   2   1 | Pro CCT   1   2   1   1   1   2 | His CAT   0   1   0   0   0   1 | Arg CGT   0   0   0   0   0   0
    CTC   1   1   1   1   0   1 |     CCC   1   0   1   1   1   0 |     CAC   4   3   4   4   4   3 |     CGC   0   0   0   0   0   0
    CTA   2   2   2   2   2   1 |     CCA   1   2   2   1   2   2 | Gln CAA   0   0   0   0   0   0 |     CGA   0   0   0   0   0   0
    CTG   1   1   1   1   1   2 |     CCG   1   0   0   1   0   0 |     CAG   0   0   0   0   0   0 |     CGG   0   0   0   0   0   0
--------------------------------------------------------------------------------------------------------------------------------------
Ile ATT   0   0   0   0   0   0 | Thr ACT   1   1   1   1   1   2 | Asn AAT   1   1   1   1   1   1 | Ser AGT   2   1   2   2   2   2
    ATC   1   1   1   1   1   1 |     ACC   0   0   0   0   1   0 |     AAC   0   0   0   0   0   0 |     AGC   0   1   0   0   0   0
    ATA   0   0   0   0   0   0 |     ACA   5   6   4   4   4   4 | Lys AAA   2   1   2   2   3   2 | Arg AGA   0   0   0   0   0   0
Met ATG   1   1   1   2   1   1 |     ACG   1   0   2   1   1   0 |     AAG   2   3   2   2   1   2 |     AGG   2   2   2   2   2   2
--------------------------------------------------------------------------------------------------------------------------------------
Val GTT   2   1   2   2   2   2 | Ala GCT   1   1   1   1   1   1 | Asp GAT   1   1   1   1   1   1 | Gly GGT   2   2   2   2   2   2
    GTC   0   1   0   0   0   0 |     GCC   0   0   0   0   0   0 |     GAC   2   2   2   2   2   2 |     GGC   1   0   1   1   0   0
    GTA   0   0   0   0   0   0 |     GCA   1   1   1   1   2   1 | Glu GAA   2   2   2   2   2   2 |     GGA   2   3   2   2   3   3
    GTG   0   0   0   0   0   0 |     GCG   0   0   0   0   0   1 |     GAG   2   2   2   2   2   2 |     GGG   1   1   1   1   1   1
--------------------------------------------------------------------------------------------------------------------------------------

--------------------------------------------------------------------------------------------------------------------------------------
Phe TTT   1   1   1   1   1   1 | Ser TCT   2   2   2   2   2   2 | Tyr TAT   0   0   1   0   0   0 | Cys TGT   1   1   1   1   1   1
    TTC   0   0   0   0   0   0 |     TCC   3   3   3   3   3   3 |     TAC   2   2   1   2   2   2 |     TGC   0   0   0   0   0   0
Leu TTA   0   0   0   0   0   0 |     TCA   1   1   1   1   1   1 | *** TAA   0   0   0   0   0   0 | *** TGA   0   0   0   0   0   0
    TTG   3   3   3   2   3   3 |     TCG   0   0   0   0   0   0 |     TAG   0   0   0   0   0   0 | Trp TGG   1   1   1   1   1   1
--------------------------------------------------------------------------------------------------------------------------------------
Leu CTT   1   1   1   1   1   1 | Pro CCT   1   1   1   1   1   1 | His CAT   0   0   0   0   0   0 | Arg CGT   0   0   0   0   0   0
    CTC   1   1   1   1   1   1 |     CCC   1   1   1   1   1   1 |     CAC   4   4   4   4   4   4 |     CGC   0   0   0   0   0   0
    CTA   2   2   2   2   2   2 |     CCA   1   1   1   2   2   1 | Gln CAA   0   0   0   0   0   0 |     CGA   0   0   0   0   0   0
    CTG   1   1   1   2   1   1 |     CCG   1   1   1   0   0   1 |     CAG   0   0   0   0   0   0 |     CGG   0   0   0   0   0   0
--------------------------------------------------------------------------------------------------------------------------------------
Ile ATT   0   0   0   0   0   0 | Thr ACT   1   1   2   1   1   2 | Asn AAT   1   1   1   1   1   1 | Ser AGT   2   2   2   2   2   2
    ATC   1   1   1   1   1   1 |     ACC   0   0   0   0   0   0 |     AAC   0   0   0   0   0   0 |     AGC   0   0   0   0   0   0
    ATA   0   0   0   0   0   0 |     ACA   5   5   4   5   4   3 | Lys AAA   2   2   2   2   2   1 | Arg AGA   0   0   0   0   0   0
Met ATG   1   1   1   1   1   1 |     ACG   1   1   1   1   2   2 |     AAG   2   2   2   2   2   3 |     AGG   2   2   2   2   2   2
--------------------------------------------------------------------------------------------------------------------------------------
Val GTT   2   2   2   2   2   2 | Ala GCT   1   1   1   1   1   1 | Asp GAT   1   1   1   1   1   1 | Gly GGT   2   2   2   2   2   2
    GTC   0   0   0   0   0   0 |     GCC   0   0   0   0   0   0 |     GAC   2   2   2   2   2   2 |     GGC   1   1   1   1   1   1
    GTA   0   0   0   0   0   0 |     GCA   1   1   1   0   1   1 | Glu GAA   2   2   2   2   2   2 |     GGA   2   2   2   2   2   2
    GTG   0   0   0   0   0   0 |     GCG   0   0   0   1   0   0 |     GAG   2   2   2   2   2   2 |     GGG   1   1   1   1   1   1
--------------------------------------------------------------------------------------------------------------------------------------

--------------------------------------------------------------------------------------------------------------------------------------
Phe TTT   1   1   1   1   1   1 | Ser TCT   2   2   2   2   2   2 | Tyr TAT   0   0   1   1   0   0 | Cys TGT   1   1   1   1   1   1
    TTC   0   0   0   0   0   0 |     TCC   3   3   3   3   3   3 |     TAC   2   2   1   1   2   2 |     TGC   0   0   0   0   0   0
Leu TTA   0   0   0   0   0   0 |     TCA   1   1   1   1   1   1 | *** TAA   0   0   0   0   0   0 | *** TGA   0   0   0   0   0   0
    TTG   3   3   3   3   3   2 |     TCG   0   0   0   0   0   0 |     TAG   0   0   0   0   0   0 | Trp TGG   1   1   1   1   1   1
--------------------------------------------------------------------------------------------------------------------------------------
Leu CTT   1   1   1   1   1   1 | Pro CCT   1   1   1   1   1   1 | His CAT   0   0   1   0   0   0 | Arg CGT   0   0   0   0   0   0
    CTC   1   1   1   1   1   1 |     CCC   1   1   1   1   1   1 |     CAC   4   4   3   4   4   4 |     CGC   0   0   0   0   0   0
    CTA   2   2   2   2   2   2 |     CCA   1   1   1   1   2   1 | Gln CAA   0   0   0   0   0   0 |     CGA   0   0   0   0   0   0
    CTG   1   1   1   1   1   2 |     CCG   1   1   1   1   0   1 |     CAG   0   0   0   0   0   0 |     CGG   0   0   0   0   0   0
--------------------------------------------------------------------------------------------------------------------------------------
Ile ATT   0   0   0   0   0   0 | Thr ACT   1   1   1   2   1   1 | Asn AAT   1   1   1   1   1   1 | Ser AGT   2   1   2   2   2   2
    ATC   1   1   1   1   1   1 |     ACC   0   0   0   0   0   0 |     AAC   0   0   0   0   0   0 |     AGC   0   1   0   0   0   0
    ATA   0   0   0   0   0   0 |     ACA   5   4   5   4   4   5 | Lys AAA   2   2   2   2   2   2 | Arg AGA   0   0   0   0   0   0
Met ATG   1   2   1   1   1   1 |     ACG   1   1   1   1   2   1 |     AAG   2   2   2   2   2   2 |     AGG   2   2   2   2   2   2
--------------------------------------------------------------------------------------------------------------------------------------
Val GTT   2   2   2   2   2   2 | Ala GCT   1   1   1   1   1   1 | Asp GAT   1   1   1   1   1   1 | Gly GGT   2   2   2   2   2   2
    GTC   0   0   0   0   0   0 |     GCC   0   0   0   0   0   0 |     GAC   2   2   2   2   2   2 |     GGC   1   1   1   1   1   1
    GTA   0   0   0   0   0   0 |     GCA   1   1   1   1   1   1 | Glu GAA   2   2   2   2   2   2 |     GGA   2   2   2   2   2   2
    GTG   0   0   0   0   0   0 |     GCG   0   0   0   0   0   0 |     GAG   2   2   2   2   2   2 |     GGG   1   1   1   1   1   1
--------------------------------------------------------------------------------------------------------------------------------------

--------------------------------------------------------------------------------------------------------------------------------------
Phe TTT   1   1   1   1   1   1 | Ser TCT   2   2   2   2   2   2 | Tyr TAT   0   0   0   0   0   0 | Cys TGT   1   1   1   1   1   1
    TTC   0   0   0   0   0   0 |     TCC   3   3   3   3   3   3 |     TAC   2   2   2   2   2   2 |     TGC   0   0   0   0   0   0
Leu TTA   0   0   0   0   0   0 |     TCA   1   1   1   1   1   1 | *** TAA   0   0   0   0   0   0 | *** TGA   0   0   0   0   0   0
    TTG   3   3   3   3   2   3 |     TCG   0   0   0   0   0   0 |     TAG   0   0   0   0   0   0 | Trp TGG   1   1   1   1   1   1
--------------------------------------------------------------------------------------------------------------------------------------
Leu CTT   1   1   1   1   1   1 | Pro CCT   1   1   1   1   1   1 | His CAT   0   0   1   0   0   0 | Arg CGT   0   0   0   0   0   0
    CTC   1   1   1   1   1   1 |     CCC   1   1   1   1   1   1 |     CAC   4   4   3   4   4   4 |     CGC   0   0   0   0   0   0
    CTA   2   2   2   2   2   2 |     CCA   1   1   1   2   1   1 | Gln CAA   0   0   0   0   0   0 |     CGA   0   0   0   0   0   0
    CTG   1   1   1   1   2   1 |     CCG   1   1   1   0   1   1 |     CAG   0   0   0   0   0   0 |     CGG   0   0   0   0   0   0
--------------------------------------------------------------------------------------------------------------------------------------
Ile ATT   0   0   0   0   0   0 | Thr ACT   1   1   1   1   1   1 | Asn AAT   1   1   1   1   1   1 | Ser AGT   2   2   2   2   2   2
    ATC   1   1   1   1   1   1 |     ACC   0   0   0   0   0   0 |     AAC   0   0   0   0   0   0 |     AGC   0   0   0   0   0   0
    ATA   0   0   0   0   0   0 |     ACA   3   4   5   5   5   5 | Lys AAA   1   1   2   2   2   2 | Arg AGA   0   0   0   0   0   0
Met ATG   1   1   1   1   1   1 |     ACG   3   2   1   1   1   1 |     AAG   3   3   2   2   2   2 |     AGG   2   2   2   2   2   2
--------------------------------------------------------------------------------------------------------------------------------------
Val GTT   2   2   2   2   2   2 | Ala GCT   1   1   1   1   1   1 | Asp GAT   1   1   1   1   1   1 | Gly GGT   2   2   2   2   2   2
    GTC   0   0   0   0   0   0 |     GCC   0   0   0   0   0   0 |     GAC   2   2   2   2   2   2 |     GGC   1   2   1   1   1   1
    GTA   0   0   0   0   0   0 |     GCA   1   1   1   1   1   1 | Glu GAA   2   2   2   2   2   2 |     GGA   2   1   2   2   2   2
    GTG   0   0   0   0   0   0 |     GCG   0   0   0   0   0   0 |     GAG   2   2   2   2   2   2 |     GGG   1   1   1   1   1   1
--------------------------------------------------------------------------------------------------------------------------------------

--------------------------------------------------------------------------------------------------------------------------------------
Phe TTT   1   1   1   1   1   1 | Ser TCT   2   2   2   2   2   2 | Tyr TAT   0   0   0   0   1   0 | Cys TGT   1   1   1   1   1   1
    TTC   0   0   0   0   0   0 |     TCC   3   3   3   3   3   3 |     TAC   2   2   2   2   1   2 |     TGC   0   0   0   0   0   0
Leu TTA   0   0   0   0   0   0 |     TCA   1   1   1   1   1   1 | *** TAA   0   0   0   0   0   0 | *** TGA   0   0   0   0   0   0
    TTG   3   3   3   2   3   3 |     TCG   0   0   0   0   0   0 |     TAG   0   0   0   0   0   0 | Trp TGG   1   1   1   1   1   1
--------------------------------------------------------------------------------------------------------------------------------------
Leu CTT   2   1   1   1   1   1 | Pro CCT   1   1   1   1   1   1 | His CAT   0   0   0   0   0   0 | Arg CGT   0   0   0   0   0   0
    CTC   0   1   1   1   1   1 |     CCC   1   1   1   1   1   1 |     CAC   4   4   4   4   4   4 |     CGC   0   0   0   0   0   0
    CTA   2   2   2   2   2   2 |     CCA   1   1   1   1   2   2 | Gln CAA   0   0   0   0   0   0 |     CGA   0   0   0   0   0   0
    CTG   1   1   1   2   1   1 |     CCG   1   1   1   1   0   0 |     CAG   0   0   0   0   0   0 |     CGG   0   0   0   0   0   0
--------------------------------------------------------------------------------------------------------------------------------------
Ile ATT   0   0   0   0   0   0 | Thr ACT   1   2   1   1   1   1 | Asn AAT   1   1   1   1   1   1 | Ser AGT   2   2   2   2   2   2
    ATC   1   1   1   1   1   1 |     ACC   2   0   0   0   0   0 |     AAC   0   0   0   0   0   0 |     AGC   0   0   0   0   0   0
    ATA   0   0   0   0   0   0 |     ACA   3   3   5   5   5   4 | Lys AAA   1   1   2   2   2   2 | Arg AGA   0   0   0   0   0   0
Met ATG   1   1   1   1   1   1 |     ACG   1   2   1   1   1   2 |     AAG   3   3   2   2   2   2 |     AGG   2   2   2   2   2   2
--------------------------------------------------------------------------------------------------------------------------------------
Val GTT   2   2   2   2   2   2 | Ala GCT   1   1   1   1   1   1 | Asp GAT   1   1   1   1   1   1 | Gly GGT   2   2   2   2   2   2
    GTC   0   0   0   0   0   0 |     GCC   0   0   0   0   0   0 |     GAC   2   2   2   2   2   2 |     GGC   1   1   1   1   1   1
    GTA   0   0   0   0   0   0 |     GCA   1   1   1   1   1   1 | Glu GAA   2   2   2   2   2   2 |     GGA   2   2   2   2   2   2
    GTG   0   0   0   0   0   0 |     GCG   0   0   0   0   0   0 |     GAG   2   2   2   2   2   2 |     GGG   1   1   1   1   1   1
--------------------------------------------------------------------------------------------------------------------------------------

--------------------------------------------------------------------------------------------------------------------------------------
Phe TTT   1   1   1   1   1   1 | Ser TCT   2   2   2   2   2   2 | Tyr TAT   0   0   0   1   0   1 | Cys TGT   1   1   1   1   1   1
    TTC   0   0   0   0   0   0 |     TCC   3   3   3   3   3   3 |     TAC   2   2   2   1   2   1 |     TGC   0   0   0   0   0   0
Leu TTA   0   0   0   0   0   0 |     TCA   1   1   1   1   1   1 | *** TAA   0   0   0   0   0   0 | *** TGA   0   0   0   0   0   0
    TTG   2   3   3   3   3   3 |     TCG   0   0   0   0   0   0 |     TAG   0   0   0   0   0   0 | Trp TGG   1   1   1   1   1   1
--------------------------------------------------------------------------------------------------------------------------------------
Leu CTT   2   1   1   1   1   1 | Pro CCT   1   1   1   1   1   1 | His CAT   0   0   0   0   0   0 | Arg CGT   0   0   0   0   0   0
    CTC   0   1   1   1   1   1 |     CCC   1   1   1   1   1   1 |     CAC   4   4   4   4   4   4 |     CGC   0   0   0   0   0   0
    CTA   2   2   2   2   2   2 |     CCA   1   2   1   1   2   1 | Gln CAA   0   0   0   0   0   0 |     CGA   0   0   0   0   0   0
    CTG   2   1   1   1   1   1 |     CCG   1   0   1   1   0   1 |     CAG   0   0   0   0   0   0 |     CGG   0   0   0   0   0   0
--------------------------------------------------------------------------------------------------------------------------------------
Ile ATT   0   0   0   0   0   0 | Thr ACT   1   1   2   2   1   1 | Asn AAT   1   1   1   1   1   1 | Ser AGT   2   2   2   2   2   2
    ATC   1   1   1   1   1   1 |     ACC   0   0   0   0   0   0 |     AAC   0   0   0   0   0   0 |     AGC   0   0   0   0   0   0
    ATA   0   0   0   0   0   0 |     ACA   5   4   3   4   3   5 | Lys AAA   2   2   1   2   2   2 | Arg AGA   0   0   0   0   0   0
Met ATG   1   1   1   1   2   1 |     ACG   1   2   2   1   2   1 |     AAG   2   2   3   2   2   2 |     AGG   2   2   2   2   2   2
--------------------------------------------------------------------------------------------------------------------------------------
Val GTT   2   2   2   2   2   2 | Ala GCT   1   1   1   1   1   1 | Asp GAT   1   1   1   1   1   1 | Gly GGT   2   2   2   2   2   2
    GTC   0   0   0   0   0   0 |     GCC   0   0   0   0   0   0 |     GAC   2   2   2   2   2   2 |     GGC   1   1   1   1   1   1
    GTA   0   0   0   0   0   0 |     GCA   1   1   1   1   1   1 | Glu GAA   2   2   2   2   2   2 |     GGA   2   2   2   2   2   2
    GTG   0   0   0   0   0   0 |     GCG   0   0   0   0   0   0 |     GAG   2   2   2   2   2   2 |     GGG   1   1   1   1   1   1
--------------------------------------------------------------------------------------------------------------------------------------

--------------------------------------------------------------------------------------------------------------------------------------
Phe TTT   1   1   1   1   1   1 | Ser TCT   2   2   2   1   2   2 | Tyr TAT   0   0   0   0   0   0 | Cys TGT   1   1   1   1   1   1
    TTC   0   0   0   0   0   0 |     TCC   3   3   3   4   3   3 |     TAC   2   2   2   2   2   2 |     TGC   0   0   0   0   0   0
Leu TTA   0   0   0   0   0   0 |     TCA   1   1   1   1   1   1 | *** TAA   0   0   0   0   0   0 | *** TGA   0   0   0   0   0   0
    TTG   3   3   3   3   2   3 |     TCG   0   0   0   0   0   0 |     TAG   0   0   0   0   0   0 | Trp TGG   1   1   1   1   1   1
--------------------------------------------------------------------------------------------------------------------------------------
Leu CTT   1   1   1   1   1   1 | Pro CCT   1   1   1   1   1   1 | His CAT   0   0   0   0   0   1 | Arg CGT   0   0   0   0   0   0
    CTC   1   1   1   1   1   1 |     CCC   1   1   1   1   1   1 |     CAC   4   4   4   4   4   3 |     CGC   0   0   0   0   0   0
    CTA   2   2   2   1   2   2 |     CCA   1   1   1   1   2   2 | Gln CAA   0   0   0   0   0   0 |     CGA   0   0   0   0   0   0
    CTG   1   1   1   2   2   1 |     CCG   1   1   1   1   0   0 |     CAG   0   0   0   0   0   0 |     CGG   0   0   0   0   0   0
--------------------------------------------------------------------------------------------------------------------------------------
Ile ATT   0   0   0   0   0   0 | Thr ACT   1   1   1   1   1   1 | Asn AAT   1   1   1   1   1   1 | Ser AGT   2   2   2   2   2   2
    ATC   1   1   1   1   1   1 |     ACC   0   0   0   0   0   0 |     AAC   0   0   0   0   0   0 |     AGC   0   0   0   0   0   0
    ATA   0   0   0   0   0   0 |     ACA   4   4   5   4   4   4 | Lys AAA   2   2   2   2   2   1 | Arg AGA   0   0   0   0   0   0
Met ATG   1   1   1   1   1   1 |     ACG   2   2   1   2   2   2 |     AAG   2   2   2   2   2   3 |     AGG   2   2   2   2   2   2
--------------------------------------------------------------------------------------------------------------------------------------
Val GTT   2   2   2   2   2   2 | Ala GCT   1   1   1   1   1   1 | Asp GAT   1   1   1   1   1   1 | Gly GGT   2   2   2   2   2   2
    GTC   0   0   0   0   0   0 |     GCC   0   0   0   0   0   0 |     GAC   2   2   2   2   2   2 |     GGC   1   1   1   1   1   1
    GTA   0   0   0   0   0   0 |     GCA   1   1   1   1   1   1 | Glu GAA   2   2   2   2   2   2 |     GGA   2   2   2   2   2   2
    GTG   0   0   0   0   0   0 |     GCG   0   0   0   0   0   0 |     GAG   2   2   2   2   2   2 |     GGG   1   1   1   1   1   1
--------------------------------------------------------------------------------------------------------------------------------------

--------------------------------------------------------------------------------------------------------------------------------------
Phe TTT   1   1   1   1   1   1 | Ser TCT   2   2   2   2   2   2 | Tyr TAT   0   0   0   0   1   0 | Cys TGT   1   1   1   1   1   1
    TTC   0   0   0   0   0   0 |     TCC   3   3   3   3   3   3 |     TAC   2   2   2   2   1   2 |     TGC   0   0   0   0   0   0
Leu TTA   0   0   0   0   0   0 |     TCA   1   1   1   1   1   1 | *** TAA   0   0   0   0   0   0 | *** TGA   0   0   0   0   0   0
    TTG   3   2   3   3   3   3 |     TCG   0   0   0   0   0   0 |     TAG   0   0   0   0   0   0 | Trp TGG   1   1   1   1   1   1
--------------------------------------------------------------------------------------------------------------------------------------
Leu CTT   2   1   1   1   1   1 | Pro CCT   1   1   1   1   1   1 | His CAT   0   0   0   0   0   0 | Arg CGT   0   0   0   0   0   0
    CTC   0   1   1   2   1   0 |     CCC   1   1   1   1   1   1 |     CAC   4   4   4   4   4   4 |     CGC   0   0   0   0   0   0
    CTA   2   2   2   1   2   2 |     CCA   1   1   1   1   1   1 | Gln CAA   0   0   0   0   0   0 |     CGA   0   0   0   0   0   0
    CTG   1   2   1   1   1   2 |     CCG   1   1   1   1   1   1 |     CAG   0   0   0   0   0   0 |     CGG   0   0   0   0   0   0
--------------------------------------------------------------------------------------------------------------------------------------
Ile ATT   0   0   0   0   1   1 | Thr ACT   1   1   2   2   1   1 | Asn AAT   1   1   1   1   1   2 | Ser AGT   2   2   2   2   2   2
    ATC   1   1   1   1   1   0 |     ACC   1   0   0   0   0   0 |     AAC   0   0   0   0   0   0 |     AGC   0   0   0   0   0   0
    ATA   0   0   0   0   0   0 |     ACA   3   5   3   3   4   5 | Lys AAA   1   2   1   1   2   2 | Arg AGA   0   0   0   0   0   0
Met ATG   1   1   1   1   2   1 |     ACG   2   1   2   2   1   1 |     AAG   3   2   3   3   2   2 |     AGG   2   2   2   2   2   2
--------------------------------------------------------------------------------------------------------------------------------------
Val GTT   2   2   2   2   1   2 | Ala GCT   1   1   1   1   1   1 | Asp GAT   1   1   1   1   1   0 | Gly GGT   2   2   2   2   2   2
    GTC   0   0   0   0   0   0 |     GCC   0   0   0   0   0   0 |     GAC   2   2   2   2   2   2 |     GGC   1   1   1   1   1   1
    GTA   0   0   0   0   0   0 |     GCA   1   1   1   1   1   1 | Glu GAA   2   2   2   2   2   2 |     GGA   2   2   2   2   2   2
    GTG   0   0   0   0   0   0 |     GCG   0   0   0   0   0   0 |     GAG   2   2   2   2   2   2 |     GGG   1   1   1   1   1   1
--------------------------------------------------------------------------------------------------------------------------------------

--------------------------------------------------------------------------------------------------------------------------------------
Phe TTT   1   1   1   1   1   1 | Ser TCT   2   2   2   2   2   2 | Tyr TAT   0   0   0   0   0   0 | Cys TGT   1   1   1   1   1   1
    TTC   0   0   0   0   0   0 |     TCC   3   3   3   3   3   3 |     TAC   2   2   2   2   2   2 |     TGC   0   0   0   0   0   0
Leu TTA   0   0   0   0   0   0 |     TCA   1   1   1   1   1   1 | *** TAA   0   0   0   0   0   0 | *** TGA   0   0   0   0   0   0
    TTG   2   3   3   3   3   3 |     TCG   0   0   0   0   0   0 |     TAG   0   0   0   0   0   0 | Trp TGG   1   1   1   1   1   1
--------------------------------------------------------------------------------------------------------------------------------------
Leu CTT   1   1   1   1   1   1 | Pro CCT   2   1   1   1   1   1 | His CAT   1   1   2   0   0   0 | Arg CGT   0   0   0   0   0   0
    CTC   1   1   1   1   1   1 |     CCC   0   1   1   1   1   1 |     CAC   3   3   2   4   4   4 |     CGC   0   0   0   0   0   0
    CTA   2   2   2   2   2   2 |     CCA   2   2   1   1   2   2 | Gln CAA   0   0   0   0   0   0 |     CGA   0   0   0   0   0   0
    CTG   2   1   1   1   1   1 |     CCG   0   0   1   1   0   0 |     CAG   0   0   0   0   0   0 |     CGG   0   0   0   0   0   0
--------------------------------------------------------------------------------------------------------------------------------------
Ile ATT   0   0   0   0   0   0 | Thr ACT   1   1   1   1   1   1 | Asn AAT   1   1   1   1   1   1 | Ser AGT   2   2   2   2   2   2
    ATC   1   1   1   1   1   1 |     ACC   0   0   0   0   0   0 |     AAC   0   0   0   0   0   0 |     AGC   0   0   0   0   0   0
    ATA   0   0   0   0   0   0 |     ACA   5   5   5   4   5   4 | Lys AAA   2   2   2   2   2   2 | Arg AGA   0   0   0   0   0   0
Met ATG   1   1   1   2   1   1 |     ACG   0   1   0   1   1   2 |     AAG   2   2   2   2   2   2 |     AGG   2   2   2   2   2   2
--------------------------------------------------------------------------------------------------------------------------------------
Val GTT   2   2   2   2   2   2 | Ala GCT   1   1   1   1   1   1 | Asp GAT   1   1   1   1   1   1 | Gly GGT   2   2   2   2   2   2
    GTC   0   0   0   0   0   0 |     GCC   0   0   0   0   0   0 |     GAC   2   2   2   2   2   2 |     GGC   1   1   1   1   1   1
    GTA   0   0   0   0   0   0 |     GCA   1   1   1   1   1   1 | Glu GAA   2   3   2   2   2   2 |     GGA   2   2   2   2   2   2
    GTG   0   0   0   0   0   0 |     GCG   1   0   1   0   0   0 |     GAG   2   1   2   2   2   2 |     GGG   1   1   1   1   1   1
--------------------------------------------------------------------------------------------------------------------------------------

Codon position x base (3x4) table for each sequence.

#1: Argali         
position  1:    T:0.22581    C:0.20968    A:0.29032    G:0.27419
position  2:    T:0.20968    C:0.30645    A:0.29032    G:0.19355
position  3:    T:0.25806    C:0.24194    A:0.25806    G:0.24194
Average         T:0.23118    C:0.25269    A:0.27957    G:0.23656

#2: LesserMouseDeer
position  1:    T:0.22581    C:0.20968    A:0.29032    G:0.27419
position  2:    T:0.20968    C:0.30645    A:0.29032    G:0.19355
position  3:    T:0.25806    C:0.22581    A:0.30645    G:0.20968
Average         T:0.23118    C:0.24731    A:0.29570    G:0.22581

#3: LesserKudu     
position  1:    T:0.22581    C:0.20968    A:0.29032    G:0.27419
position  2:    T:0.20968    C:0.30645    A:0.29032    G:0.19355
position  3:    T:0.25806    C:0.24194    A:0.25806    G:0.24194
Average         T:0.23118    C:0.25269    A:0.27957    G:0.23656

#4: ForestMuskDeer2
position  1:    T:0.22581    C:0.20968    A:0.29032    G:0.27419
position  2:    T:0.22581    C:0.29032    A:0.29032    G:0.19355
position  3:    T:0.25806    C:0.24194    A:0.24194    G:0.25806
Average         T:0.23656    C:0.24731    A:0.27419    G:0.24194

#5: Camel          
position  1:    T:0.20968    C:0.20968    A:0.29032    G:0.29032
position  2:    T:0.20968    C:0.30645    A:0.29032    G:0.19355
position  3:    T:0.27419    C:0.22581    A:0.29032    G:0.20968
Average         T:0.23118    C:0.24731    A:0.29032    G:0.23118

#6: KillerWhale    
position  1:    T:0.22581    C:0.20968    A:0.27419    G:0.29032
position  2:    T:0.20968    C:0.30645    A:0.29032    G:0.19355
position  3:    T:0.29032    C:0.19355    A:0.27419    G:0.24194
Average         T:0.24194    C:0.23656    A:0.27957    G:0.24194

#7: DefassaWaterbuck
position  1:    T:0.22581    C:0.20968    A:0.29032    G:0.27419
position  2:    T:0.20968    C:0.30645    A:0.29032    G:0.19355
position  3:    T:0.25806    C:0.24194    A:0.25806    G:0.24194
Average         T:0.23118    C:0.25269    A:0.27957    G:0.23656

#8: Sheep          
position  1:    T:0.22581    C:0.20968    A:0.29032    G:0.27419
position  2:    T:0.20968    C:0.30645    A:0.29032    G:0.19355
position  3:    T:0.25806    C:0.24194    A:0.25806    G:0.24194
Average         T:0.23118    C:0.25269    A:0.27957    G:0.23656

#9: MaxwellsDuiker 
position  1:    T:0.22581    C:0.20968    A:0.29032    G:0.27419
position  2:    T:0.20968    C:0.30645    A:0.29032    G:0.19355
position  3:    T:0.29032    C:0.22581    A:0.24194    G:0.24194
Average         T:0.24194    C:0.24731    A:0.27419    G:0.23656

#10: GazellaPrzewalskyi
position  1:    T:0.20968    C:0.22581    A:0.29032    G:0.27419
position  2:    T:0.20968    C:0.30645    A:0.29032    G:0.19355
position  3:    T:0.25806    C:0.24194    A:0.25806    G:0.24194
Average         T:0.22581    C:0.25806    A:0.27957    G:0.23656

#11: MountainNyala  
position  1:    T:0.22581    C:0.20968    A:0.29032    G:0.27419
position  2:    T:0.20968    C:0.30645    A:0.29032    G:0.19355
position  3:    T:0.25806    C:0.24194    A:0.25806    G:0.24194
Average         T:0.23118    C:0.25269    A:0.27957    G:0.23656

#12: MuntiacusMuntjak
position  1:    T:0.22581    C:0.20968    A:0.29032    G:0.27419
position  2:    T:0.20968    C:0.30645    A:0.29032    G:0.19355
position  3:    T:0.27419    C:0.24194    A:0.20968    G:0.27419
Average         T:0.23656    C:0.25269    A:0.26344    G:0.24731

#13: goat           
position  1:    T:0.22581    C:0.20968    A:0.29032    G:0.27419
position  2:    T:0.20968    C:0.30645    A:0.29032    G:0.19355
position  3:    T:0.25806    C:0.24194    A:0.25806    G:0.24194
Average         T:0.23118    C:0.25269    A:0.27957    G:0.23656

#14: AfricanBuffalo 
position  1:    T:0.22581    C:0.20968    A:0.29032    G:0.27419
position  2:    T:0.22581    C:0.29032    A:0.29032    G:0.19355
position  3:    T:0.24194    C:0.25806    A:0.24194    G:0.25806
Average         T:0.23118    C:0.25269    A:0.27419    G:0.24194

#15: Topi           
position  1:    T:0.22581    C:0.20968    A:0.29032    G:0.27419
position  2:    T:0.20968    C:0.30645    A:0.29032    G:0.19355
position  3:    T:0.29032    C:0.20968    A:0.25806    G:0.24194
Average         T:0.24194    C:0.24194    A:0.27957    G:0.23656

#16: CommonDuiker   
position  1:    T:0.22581    C:0.20968    A:0.29032    G:0.27419
position  2:    T:0.20968    C:0.30645    A:0.29032    G:0.19355
position  3:    T:0.29032    C:0.22581    A:0.24194    G:0.24194
Average         T:0.24194    C:0.24731    A:0.27419    G:0.23656

#17: Suni           
position  1:    T:0.22581    C:0.20968    A:0.29032    G:0.27419
position  2:    T:0.20968    C:0.30645    A:0.29032    G:0.19355
position  3:    T:0.25806    C:0.24194    A:0.25806    G:0.24194
Average         T:0.23118    C:0.25269    A:0.27957    G:0.23656

#18: Springbuck     
position  1:    T:0.20968    C:0.22581    A:0.29032    G:0.27419
position  2:    T:0.20968    C:0.30645    A:0.29032    G:0.19355
position  3:    T:0.25806    C:0.24194    A:0.25806    G:0.24194
Average         T:0.22581    C:0.25806    A:0.27957    G:0.23656

#19: Okapi          
position  1:    T:0.22581    C:0.20968    A:0.29032    G:0.27419
position  2:    T:0.20968    C:0.30645    A:0.29032    G:0.19355
position  3:    T:0.25806    C:0.24194    A:0.20968    G:0.29032
Average         T:0.23118    C:0.25269    A:0.26344    G:0.25269

#20: Giraffe        
position  1:    T:0.22581    C:0.20968    A:0.29032    G:0.27419
position  2:    T:0.20968    C:0.30645    A:0.29032    G:0.19355
position  3:    T:0.25806    C:0.25806    A:0.20968    G:0.27419
Average         T:0.23118    C:0.25806    A:0.26344    G:0.24731

#21: TibetanAntelope
position  1:    T:0.22581    C:0.20968    A:0.29032    G:0.27419
position  2:    T:0.20968    C:0.30645    A:0.29032    G:0.19355
position  3:    T:0.27419    C:0.22581    A:0.25806    G:0.24194
Average         T:0.23656    C:0.24731    A:0.27957    G:0.23656

#22: Sitatunga      
position  1:    T:0.22581    C:0.20968    A:0.29032    G:0.27419
position  2:    T:0.20968    C:0.30645    A:0.29032    G:0.19355
position  3:    T:0.25806    C:0.24194    A:0.27419    G:0.22581
Average         T:0.23118    C:0.25269    A:0.28495    G:0.23118

#23: Oribi          
position  1:    T:0.20968    C:0.22581    A:0.29032    G:0.27419
position  2:    T:0.20968    C:0.30645    A:0.29032    G:0.19355
position  3:    T:0.25806    C:0.24194    A:0.25806    G:0.24194
Average         T:0.22581    C:0.25806    A:0.27957    G:0.23656

#24: BarbarySheep   
position  1:    T:0.22581    C:0.20968    A:0.29032    G:0.27419
position  2:    T:0.20968    C:0.30645    A:0.29032    G:0.19355
position  3:    T:0.25806    C:0.24194    A:0.25806    G:0.24194
Average         T:0.23118    C:0.25269    A:0.27957    G:0.23656

#25: Daviddeer      
position  1:    T:0.22581    C:0.20968    A:0.29032    G:0.27419
position  2:    T:0.20968    C:0.30645    A:0.29032    G:0.19355
position  3:    T:0.27419    C:0.25806    A:0.20968    G:0.25806
Average         T:0.23656    C:0.25806    A:0.26344    G:0.24194

#26: Reindeer       
position  1:    T:0.22581    C:0.20968    A:0.29032    G:0.27419
position  2:    T:0.20968    C:0.30645    A:0.29032    G:0.19355
position  3:    T:0.27419    C:0.24194    A:0.20968    G:0.27419
Average         T:0.23656    C:0.25269    A:0.26344    G:0.24731

#27: Ibex           
position  1:    T:0.22581    C:0.20968    A:0.29032    G:0.27419
position  2:    T:0.20968    C:0.30645    A:0.29032    G:0.19355
position  3:    T:0.25806    C:0.24194    A:0.25806    G:0.24194
Average         T:0.23118    C:0.25269    A:0.27957    G:0.23656

#28: GyrantGazelle  
position  1:    T:0.20968    C:0.22581    A:0.29032    G:0.27419
position  2:    T:0.20968    C:0.30645    A:0.29032    G:0.19355
position  3:    T:0.25806    C:0.24194    A:0.25806    G:0.24194
Average         T:0.22581    C:0.25806    A:0.27957    G:0.23656

#29: Hartebeest     
position  1:    T:0.22581    C:0.20968    A:0.29032    G:0.27419
position  2:    T:0.20968    C:0.30645    A:0.29032    G:0.19355
position  3:    T:0.27419    C:0.22581    A:0.27419    G:0.22581
Average         T:0.23656    C:0.24731    A:0.28495    G:0.23118

#30: Bongo          
position  1:    T:0.22581    C:0.20968    A:0.29032    G:0.27419
position  2:    T:0.20968    C:0.30645    A:0.29032    G:0.19355
position  3:    T:0.25806    C:0.24194    A:0.25806    G:0.24194
Average         T:0.23118    C:0.25269    A:0.27957    G:0.23656

#31: Gerenuk        
position  1:    T:0.20968    C:0.22581    A:0.29032    G:0.27419
position  2:    T:0.20968    C:0.30645    A:0.29032    G:0.19355
position  3:    T:0.27419    C:0.22581    A:0.25806    G:0.24194
Average         T:0.23118    C:0.25269    A:0.27957    G:0.23656

#32: CommonEland    
position  1:    T:0.22581    C:0.20968    A:0.29032    G:0.27419
position  2:    T:0.20968    C:0.30645    A:0.29032    G:0.19355
position  3:    T:0.25806    C:0.24194    A:0.25806    G:0.24194
Average         T:0.23118    C:0.25269    A:0.27957    G:0.23656

#33: MuntiacusReevesi
position  1:    T:0.22581    C:0.20968    A:0.29032    G:0.27419
position  2:    T:0.20968    C:0.30645    A:0.29032    G:0.19355
position  3:    T:0.27419    C:0.24194    A:0.20968    G:0.27419
Average         T:0.23656    C:0.25269    A:0.26344    G:0.24731

#34: HarveysDuiker  
position  1:    T:0.22581    C:0.20968    A:0.29032    G:0.27419
position  2:    T:0.20968    C:0.30645    A:0.29032    G:0.19355
position  3:    T:0.29032    C:0.22581    A:0.24194    G:0.24194
Average         T:0.24194    C:0.24731    A:0.27419    G:0.23656

#35: Pronghorn      
position  1:    T:0.22581    C:0.20968    A:0.29032    G:0.27419
position  2:    T:0.22581    C:0.29032    A:0.29032    G:0.19355
position  3:    T:0.25806    C:0.24194    A:0.24194    G:0.25806
Average         T:0.23656    C:0.24731    A:0.27419    G:0.24194

#36: BlueWildebeest 
position  1:    T:0.22581    C:0.20968    A:0.29032    G:0.27419
position  2:    T:0.20968    C:0.30645    A:0.29032    G:0.19355
position  3:    T:0.27419    C:0.22581    A:0.25806    G:0.24194
Average         T:0.23656    C:0.24731    A:0.27957    G:0.23656

#37: Gemsbok        
position  1:    T:0.22581    C:0.20968    A:0.29032    G:0.27419
position  2:    T:0.20968    C:0.30645    A:0.29032    G:0.19355
position  3:    T:0.25806    C:0.24194    A:0.24194    G:0.25806
Average         T:0.23118    C:0.25269    A:0.27419    G:0.24194

#38: Yak            
position  1:    T:0.22581    C:0.20968    A:0.29032    G:0.27419
position  2:    T:0.20968    C:0.30645    A:0.29032    G:0.19355
position  3:    T:0.25806    C:0.24194    A:0.24194    G:0.25806
Average         T:0.23118    C:0.25269    A:0.27419    G:0.24194

#39: BlueSheep      
position  1:    T:0.22581    C:0.20968    A:0.29032    G:0.27419
position  2:    T:0.20968    C:0.30645    A:0.29032    G:0.19355
position  3:    T:0.25806    C:0.24194    A:0.25806    G:0.24194
Average         T:0.23118    C:0.25269    A:0.27957    G:0.23656

#40: BohorReedbuck  
position  1:    T:0.22581    C:0.20968    A:0.29032    G:0.27419
position  2:    T:0.20968    C:0.30645    A:0.29032    G:0.19355
position  3:    T:0.24194    C:0.25806    A:0.22581    G:0.27419
Average         T:0.22581    C:0.25806    A:0.26882    G:0.24731

#41: KirksDik       
position  1:    T:0.20968    C:0.22581    A:0.29032    G:0.27419
position  2:    T:0.20968    C:0.30645    A:0.29032    G:0.19355
position  3:    T:0.25806    C:0.24194    A:0.25806    G:0.24194
Average         T:0.22581    C:0.25806    A:0.27957    G:0.23656

#42: RoeDeer        
position  1:    T:0.22581    C:0.20968    A:0.29032    G:0.27419
position  2:    T:0.20968    C:0.30645    A:0.29032    G:0.19355
position  3:    T:0.27419    C:0.22581    A:0.24194    G:0.25806
Average         T:0.23656    C:0.24731    A:0.27419    G:0.24194

#43: WhiteLippedDeer
position  1:    T:0.22581    C:0.20968    A:0.29032    G:0.27419
position  2:    T:0.20968    C:0.30645    A:0.29032    G:0.19355
position  3:    T:0.27419    C:0.24194    A:0.20968    G:0.27419
Average         T:0.23656    C:0.25269    A:0.26344    G:0.24731

#44: ThomsonGazelle 
position  1:    T:0.20968    C:0.22581    A:0.29032    G:0.27419
position  2:    T:0.20968    C:0.30645    A:0.29032    G:0.19355
position  3:    T:0.25806    C:0.24194    A:0.25806    G:0.24194
Average         T:0.22581    C:0.25806    A:0.27957    G:0.23656

#45: MuntiacusCrinifrons
position  1:    T:0.22581    C:0.20968    A:0.29032    G:0.27419
position  2:    T:0.20968    C:0.30645    A:0.29032    G:0.19355
position  3:    T:0.27419    C:0.24194    A:0.20968    G:0.27419
Average         T:0.23656    C:0.25269    A:0.26344    G:0.24731

#46: WhiteTailedDeer
position  1:    T:0.22581    C:0.20968    A:0.29032    G:0.27419
position  2:    T:0.20968    C:0.30645    A:0.29032    G:0.19355
position  3:    T:0.27419    C:0.25806    A:0.19355    G:0.27419
Average         T:0.23656    C:0.25806    A:0.25806    G:0.24731

#47: Cattle         
position  1:    T:0.22581    C:0.20968    A:0.30645    G:0.25806
position  2:    T:0.22581    C:0.29032    A:0.29032    G:0.19355
position  3:    T:0.27419    C:0.22581    A:0.24194    G:0.25806
Average         T:0.24194    C:0.24194    A:0.27957    G:0.23656

#48: RoyalAntelope  
position  1:    T:0.22581    C:0.20968    A:0.30645    G:0.25806
position  2:    T:0.20968    C:0.30645    A:0.29032    G:0.19355
position  3:    T:0.27419    C:0.20968    A:0.25806    G:0.25806
Average         T:0.23656    C:0.24194    A:0.28495    G:0.23656

#49: Steenbok       
position  1:    T:0.20968    C:0.22581    A:0.27419    G:0.29032
position  2:    T:0.20968    C:0.30645    A:0.29032    G:0.19355
position  3:    T:0.29032    C:0.20968    A:0.27419    G:0.22581
Average         T:0.23656    C:0.24731    A:0.27957    G:0.23656

#50: Impala         
position  1:    T:0.22581    C:0.20968    A:0.29032    G:0.27419
position  2:    T:0.20968    C:0.30645    A:0.29032    G:0.19355
position  3:    T:0.27419    C:0.22581    A:0.29032    G:0.20968
Average         T:0.23656    C:0.24731    A:0.29032    G:0.22581

#51: Klipspringer   
position  1:    T:0.22581    C:0.20968    A:0.27419    G:0.29032
position  2:    T:0.20968    C:0.30645    A:0.29032    G:0.19355
