CODONML (in paml version 4.10.7, June 2023)  /home/rachel/ruminants_paml/6406-phy-tree/ENSBTAT00000011563.fasta.phy
Model: free dN/dS Ratios for branches,  kappa = 2.000 fixed

Codon frequency model: F3x4
ns =  54  ls =  33

Codon usage in sequences
--------------------------------------------------------------------------------------------------------------------------------------
Phe TTT   1   0   1   1   0   1 | Ser TCT   1   1   1   1   1   0 | Tyr TAT   0   0   0   0   0   0 | Cys TGT   0   0   0   0   0   0
    TTC   2   3   2   2   3   2 |     TCC   1   1   1   1   1   2 |     TAC   0   0   0   0   0   0 |     TGC   1   1   1   1   1   1
Leu TTA   0   0   0   0   0   0 |     TCA   0   0   0   0   0   1 | *** TAA   0   0   0   0   0   0 | *** TGA   0   0   0   0   0   0
    TTG   1   0   1   1   0   0 |     TCG   1   1   1   1   1   0 |     TAG   0   0   0   0   0   0 | Trp TGG   1   1   1   1   1   1
--------------------------------------------------------------------------------------------------------------------------------------
Leu CTT   0   0   0   0   0   0 | Pro CCT   0   1   1   1   1   1 | His CAT   0   0   0   0   0   0 | Arg CGT   0   0   0   0   0   0
    CTC   0   0   0   0   0   0 |     CCC   2   1   1   1   1   0 |     CAC   0   0   0   0   0   0 |     CGC   1   1   1   1   1   1
    CTA   0   0   0   0   0   0 |     CCA   0   0   0   0   0   0 | Gln CAA   0   0   0   1   0   0 |     CGA   0   0   0   0   0   0
    CTG   2   3   2   2   3   3 |     CCG   0   0   0   0   0   1 |     CAG   2   2   2   1   2   2 |     CGG   0   0   0   0   0   0
--------------------------------------------------------------------------------------------------------------------------------------
Ile ATT   0   0   0   0   0   0 | Thr ACT   0   0   1   0   0   0 | Asn AAT   0   0   0   0   0   0 | Ser AGT   0   0   0   0   0   0
    ATC   1   0   1   2   0   0 |     ACC   1   0   0   1   1   0 |     AAC   0   0   0   0   0   0 |     AGC   0   0   0   0   0   0
    ATA   0   1   0   0   1   1 |     ACA   1   0   1   1   1   0 | Lys AAA   0   0   0   0   0   0 | Arg AGA   0   0   0   0   0   0
Met ATG   0   0   0   0   0   0 |     ACG   1   3   1   1   1   3 |     AAG   0   0   0   0   0   0 |     AGG   0   0   0   0   0   0
--------------------------------------------------------------------------------------------------------------------------------------
Val GTT   0   0   0   0   0   0 | Ala GCT   0   0   0   0   0   0 | Asp GAT   0   0   0   0   0   0 | Gly GGT   0   0   0   0   0   0
    GTC   1   1   1   0   1   1 |     GCC   1   1   1   1   1   1 |     GAC   3   3   3   3   3   3 |     GGC   1   1   1   1   0   1
    GTA   0   0   0   0   0   0 |     GCA   0   0   0   0   0   0 | Glu GAA   0   1   0   0   0   0 |     GGA   0   0   0   0   1   0
    GTG   1   3   1   1   2   2 |     GCG   2   0   2   2   1   1 |     GAG   2   1   2   2   2   2 |     GGG   2   2   2   2   2   2
--------------------------------------------------------------------------------------------------------------------------------------

--------------------------------------------------------------------------------------------------------------------------------------
Phe TTT   1   1   1   1   1   1 | Ser TCT   1   1   1   1   1   1 | Tyr TAT   0   0   0   0   0   0 | Cys TGT   0   0   0   0   0   0
    TTC   2   2   2   2   2   2 |     TCC   1   1   1   1   1   1 |     TAC   0   0   0   0   0   0 |     TGC   1   1   1   1   1   1
Leu TTA   0   0   0   0   0   0 |     TCA   0   0   0   0   0   0 | *** TAA   0   0   0   0   0   0 | *** TGA   0   0   0   0   0   0
    TTG   1   1   0   1   1   1 |     TCG   1   1   1   1   1   1 |     TAG   0   0   0   0   0   0 | Trp TGG   1   1   1   1   1   1
--------------------------------------------------------------------------------------------------------------------------------------
Leu CTT   0   0   0   0   0   0 | Pro CCT   1   0   1   1   1   1 | His CAT   0   0   0   0   0   0 | Arg CGT   0   0   0   0   0   0
    CTC   0   0   0   0   0   0 |     CCC   1   2   1   1   1   1 |     CAC   0   0   0   0   0   0 |     CGC   1   1   1   1   1   1
    CTA   0   0   0   0   0   0 |     CCA   0   0   0   0   0   0 | Gln CAA   0   0   0   0   0   0 |     CGA   0   0   0   0   0   0
    CTG   2   2   4   2   2   2 |     CCG   0   0   0   0   0   0 |     CAG   2   2   0   2   2   2 |     CGG   0   0   1   0   0   0
--------------------------------------------------------------------------------------------------------------------------------------
Ile ATT   0   0   0   0   0   0 | Thr ACT   0   0   0   0   1   0 | Asn AAT   0   0   0   0   0   0 | Ser AGT   0   0   0   0   0   0
    ATC   1   1   1   1   1   0 |     ACC   1   1   1   1   0   1 |     AAC   0   0   0   0   0   0 |     AGC   0   0   0   0   0   0
    ATA   0   0   0   0   0   1 |     ACA   1   1   1   1   2   1 | Lys AAA   0   0   0   0   0   0 | Arg AGA   0   0   0   0   0   0
Met ATG   0   0   0   0   0   0 |     ACG   1   1   1   1   0   1 |     AAG   0   0   0   0   0   0 |     AGG   0   0   0   0   0   0
--------------------------------------------------------------------------------------------------------------------------------------
Val GTT   0   0   0   0   0   0 | Ala GCT   0   0   0   0   0   0 | Asp GAT   0   0   0   0   0   0 | Gly GGT   0   0   0   1   0   0
    GTC   1   1   1   1   1   1 |     GCC   1   1   1   1   1   1 |     GAC   3   3   3   3   3   3 |     GGC   1   1   1   0   1   1
    GTA   0   0   0   0   0   0 |     GCA   1   0   0   0   0   0 | Glu GAA   0   0   0   0   0   0 |     GGA   0   0   0   0   0   0
    GTG   1   1   1   1   1   1 |     GCG   1   2   3   2   2   2 |     GAG   2   2   2   2   2   1 |     GGG   2   2   1   2   2   3
--------------------------------------------------------------------------------------------------------------------------------------

--------------------------------------------------------------------------------------------------------------------------------------
Phe TTT   1   1   1   1   1   1 | Ser TCT   1   1   1   1   1   1 | Tyr TAT   0   0   0   0   0   0 | Cys TGT   0   0   0   0   0   0
    TTC   2   2   2   2   2   2 |     TCC   1   1   1   1   1   1 |     TAC   0   0   0   0   0   0 |     TGC   1   1   1   1   1   1
Leu TTA   0   0   0   0   0   0 |     TCA   0   0   0   0   0   0 | *** TAA   0   0   0   0   0   0 | *** TGA   0   0   0   0   0   0
    TTG   1   1   1   0   1   1 |     TCG   1   1   1   1   1   1 |     TAG   0   0   0   0   0   0 | Trp TGG   1   1   1   1   1   1
--------------------------------------------------------------------------------------------------------------------------------------
Leu CTT   0   0   0   0   0   0 | Pro CCT   1   1   1   1   1   1 | His CAT   0   0   0   0   0   0 | Arg CGT   0   0   0   0   0   0
    CTC   0   0   0   0   0   0 |     CCC   1   1   1   1   0   1 |     CAC   0   0   0   0   0   0 |     CGC   1   1   1   1   1   1
    CTA   0   0   0   0   0   0 |     CCA   0   0   0   0   0   0 | Gln CAA   0   0   0   0   0   0 |     CGA   0   0   0   0   0   0
    CTG   2   2   2   3   2   2 |     CCG   0   0   0   0   1   0 |     CAG   2   2   2   0   2   2 |     CGG   0   0   0   2   0   0
--------------------------------------------------------------------------------------------------------------------------------------
Ile ATT   0   0   0   0   0   0 | Thr ACT   0   0   0   0   0   0 | Asn AAT   0   0   0   0   0   0 | Ser AGT   0   0   0   0   0   0
    ATC   1   1   1   1   1   1 |     ACC   1   2   1   1   1   1 |     AAC   0   0   0   0   0   0 |     AGC   0   0   0   0   0   0
    ATA   0   0   0   0   0   0 |     ACA   1   1   1   1   1   1 | Lys AAA   0   0   0   0   0   0 | Arg AGA   0   0   0   0   0   0
Met ATG   0   0   0   0   0   0 |     ACG   1   0   1   1   1   1 |     AAG   0   0   0   0   0   0 |     AGG   0   0   0   0   0   0
--------------------------------------------------------------------------------------------------------------------------------------
Val GTT   0   0   0   0   0   0 | Ala GCT   0   0   0   0   0   0 | Asp GAT   0   0   0   0   0   0 | Gly GGT   0   0   0   0   0   0
    GTC   1   1   1   1   1   1 |     GCC   1   1   1   1   1   1 |     GAC   3   3   3   3   3   3 |     GGC   1   1   1   1   1   1
    GTA   0   0   0   0   0   0 |     GCA   0   1   0   1   0   0 | Glu GAA   0   0   0   0   0   0 |     GGA   0   1   0   0   0   0
    GTG   1   1   1   1   1   1 |     GCG   1   1   2   1   2   2 |     GAG   3   2   2   2   2   2 |     GGG   2   1   2   2   2   2
--------------------------------------------------------------------------------------------------------------------------------------

--------------------------------------------------------------------------------------------------------------------------------------
Phe TTT   1   1   1   1   1   1 | Ser TCT   1   1   1   1   1   1 | Tyr TAT   0   0   0   0   0   0 | Cys TGT   0   0   0   0   0   0
    TTC   2   2   2   2   2   2 |     TCC   1   1   1   1   1   1 |     TAC   0   0   0   0   0   0 |     TGC   1   1   1   1   1   1
Leu TTA   0   0   0   0   0   0 |     TCA   0   0   1   0   0   0 | *** TAA   0   0   0   0   0   0 | *** TGA   0   0   0   0   0   0
    TTG   0   0   1   1   1   1 |     TCG   1   1   0   1   1   1 |     TAG   0   0   0   0   0   0 | Trp TGG   1   1   1   1   1   1
--------------------------------------------------------------------------------------------------------------------------------------
Leu CTT   0   0   0   0   0   0 | Pro CCT   1   1   1   1   1   1 | His CAT   0   0   0   0   0   0 | Arg CGT   0   0   0   0   0   0
    CTC   0   0   0   0   0   0 |     CCC   1   1   1   1   1   1 |     CAC   0   0   0   0   0   0 |     CGC   1   1   1   1   1   1
    CTA   0   0   0   0   0   0 |     CCA   0   0   0   0   0   0 | Gln CAA   0   0   0   0   0   0 |     CGA   0   0   0   0   0   0
    CTG   3   3   2   2   2   2 |     CCG   0   0   0   0   0   0 |     CAG   2   2   2   2   2   2 |     CGG   0   0   0   0   0   0
--------------------------------------------------------------------------------------------------------------------------------------
Ile ATT   0   0   0   0   0   0 | Thr ACT   0   0   0   1   0   0 | Asn AAT   0   0   0   0   0   0 | Ser AGT   0   0   0   0   0   0
    ATC   0   0   1   1   0   1 |     ACC   1   1   1   0   1   1 |     AAC   0   0   0   0   0   0 |     AGC   0   0   0   0   0   0
    ATA   1   1   0   0   1   0 |     ACA   1   1   1   2   1   1 | Lys AAA   0   0   0   0   0   0 | Arg AGA   0   0   0   0   0   0
Met ATG   1   0   0   0   0   0 |     ACG   0   1   1   0   1   1 |     AAG   0   0   0   0   0   0 |     AGG   0   0   0   0   0   0
--------------------------------------------------------------------------------------------------------------------------------------
Val GTT   0   0   0   0   0   0 | Ala GCT   0   0   0   0   0   0 | Asp GAT   0   0   0   0   0   0 | Gly GGT   0   0   0   0   0   0
    GTC   1   1   1   1   1   1 |     GCC   1   1   1   1   1   1 |     GAC   3   3   3   3   3   3 |     GGC   1   1   1   1   1   1
    GTA   0   0   0   0   0   0 |     GCA   1   1   0   0   0   0 | Glu GAA   0   0   0   0   0   0 |     GGA   0   0   0   0   0   0
    GTG   2   2   1   1   1   1 |     GCG   0   0   2   1   2   2 |     GAG   2   2   2   3   2   2 |     GGG   2   2   2   2   2   2
--------------------------------------------------------------------------------------------------------------------------------------

--------------------------------------------------------------------------------------------------------------------------------------
Phe TTT   1   1   1   1   1   1 | Ser TCT   1   1   1   1   1   1 | Tyr TAT   0   0   0   0   0   0 | Cys TGT   0   0   0   0   0   0
    TTC   2   2   2   2   2   2 |     TCC   1   1   1   1   1   1 |     TAC   0   0   0   0   0   0 |     TGC   1   1   1   1   1   1
Leu TTA   0   0   0   0   0   0 |     TCA   0   0   0   0   0   0 | *** TAA   0   0   0   0   0   0 | *** TGA   0   0   0   0   0   0
    TTG   1   2   1   1   1   1 |     TCG   1   1   1   1   1   1 |     TAG   0   0   0   0   0   0 | Trp TGG   1   1   1   1   1   1
--------------------------------------------------------------------------------------------------------------------------------------
Leu CTT   0   0   0   0   0   0 | Pro CCT   1   1   1   1   1   1 | His CAT   0   0   0   0   0   0 | Arg CGT   0   0   0   0   0   0
    CTC   1   0   0   0   0   0 |     CCC   0   1   1   1   1   1 |     CAC   0   0   0   0   0   0 |     CGC   1   1   1   1   1   1
    CTA   0   0   0   0   0   0 |     CCA   0   0   0   0   0   0 | Gln CAA   0   0   0   0   0   0 |     CGA   0   0   0   0   0   0
    CTG   1   1   2   2   2   2 |     CCG   1   0   0   0   0   0 |     CAG   2   2   2   2   2   2 |     CGG   0   0   0   0   0   0
--------------------------------------------------------------------------------------------------------------------------------------
Ile ATT   0   0   0   0   0   0 | Thr ACT   0   0   0   0   0   1 | Asn AAT   0   0   0   0   0   0 | Ser AGT   0   0   0   0   0   0
    ATC   0   0   1   1   1   1 |     ACC   1   1   1   1   1   0 |     AAC   0   0   0   0   0   0 |     AGC   0   0   0   0   0   0
    ATA   1   1   0   0   0   0 |     ACA   1   1   1   1   1   2 | Lys AAA   0   0   0   0   0   0 | Arg AGA   0   0   0   0   0   0
Met ATG   0   1   0   0   0   0 |     ACG   1   0   1   1   1   0 |     AAG   0   0   0   0   0   0 |     AGG   0   0   0   0   0   0
--------------------------------------------------------------------------------------------------------------------------------------
Val GTT   0   0   0   0   0   0 | Ala GCT   0   0   0   1   0   0 | Asp GAT   0   0   0   0   0   0 | Gly GGT   0   0   0   0   0   0
    GTC   1   1   1   1   1   1 |     GCC   1   1   1   1   1   1 |     GAC   3   3   3   3   3   3 |     GGC   1   1   1   1   1   1
    GTA   0   0   0   0   0   0 |     GCA   0   0   0   0   0   0 | Glu GAA   0   0   0   0   0   0 |     GGA   0   0   0   0   0   0
    GTG   1   3   1   2   1   1 |     GCG   2   0   2   0   2   2 |     GAG   1   2   2   2   2   2 |     GGG   3   2   2   2   2   2
--------------------------------------------------------------------------------------------------------------------------------------

--------------------------------------------------------------------------------------------------------------------------------------
Phe TTT   1   1   1   1   1   1 | Ser TCT   1   1   1   1   1   1 | Tyr TAT   0   0   0   0   0   0 | Cys TGT   0   0   0   0   0   0
    TTC   2   2   2   2   2   2 |     TCC   1   1   1   1   1   1 |     TAC   0   0   0   0   0   0 |     TGC   1   1   1   1   1   1
Leu TTA   0   0   0   0   0   0 |     TCA   0   0   0   0   0   0 | *** TAA   0   0   0   0   0   0 | *** TGA   0   0   0   0   0   0
    TTG   1   1   1   0   0   1 |     TCG   1   1   1   1   1   1 |     TAG   0   0   0   0   0   0 | Trp TGG   1   1   1   1   1   1
--------------------------------------------------------------------------------------------------------------------------------------
Leu CTT   0   0   0   0   0   0 | Pro CCT   1   1   1   1   1   1 | His CAT   0   0   0   0   0   0 | Arg CGT   0   0   0   0   0   0
    CTC   0   0   0   0   0   0 |     CCC   1   1   1   1   1   1 |     CAC   0   0   0   0   0   0 |     CGC   1   1   1   1   1   1
    CTA   0   0   0   0   1   0 |     CCA   0   0   0   0   0   0 | Gln CAA   0   0   0   0   0   0 |     CGA   0   0   0   0   0   0
    CTG   2   2   2   3   2   2 |     CCG   0   0   0   0   0   0 |     CAG   2   2   2   0   2   2 |     CGG   0   0   0   2   0   0
--------------------------------------------------------------------------------------------------------------------------------------
Ile ATT   0   0   0   0   0   0 | Thr ACT   0   1   0   0   0   0 | Asn AAT   0   0   0   0   0   0 | Ser AGT   0   0   0   0   0   0
    ATC   1   1   0   1   0   1 |     ACC   1   0   1   1   1   1 |     AAC   0   0   0   0   0   0 |     AGC   0   0   0   0   0   0
    ATA   0   0   1   0   1   0 |     ACA   1   2   1   1   2   1 | Lys AAA   0   0   0   0   0   0 | Arg AGA   0   0   0   0   0   0
Met ATG   0   0   0   0   0   0 |     ACG   1   0   1   1   0   1 |     AAG   0   0   0   0   0   0 |     AGG   0   0   0   0   0   0
--------------------------------------------------------------------------------------------------------------------------------------
Val GTT   0   0   0   0   0   0 | Ala GCT   0   0   0   0   0   0 | Asp GAT   0   0   0   0   0   0 | Gly GGT   0   0   0   0   0   0
    GTC   1   1   1   1   1   1 |     GCC   1   1   1   1   1   1 |     GAC   3   3   3   3   3   3 |     GGC   1   1   1   1   1   1
    GTA   0   0   0   0   0   0 |     GCA   0   0   0   0   2   1 | Glu GAA   0   0   0   0   1   0 |     GGA   0   0   0   0   0   0
    GTG   1   1   1   2   1   1 |     GCG   2   1   3   1   0   1 |     GAG   2   3   1   2   1   2 |     GGG   2   2   2   2   2   2
--------------------------------------------------------------------------------------------------------------------------------------

--------------------------------------------------------------------------------------------------------------------------------------
Phe TTT   1   1   1   1   1   1 | Ser TCT   1   1   1   1   1   1 | Tyr TAT   0   0   0   0   0   0 | Cys TGT   0   0   0   0   0   0
    TTC   2   2   2   2   2   2 |     TCC   1   1   1   1   1   1 |     TAC   0   0   0   0   0   0 |     TGC   1   1   1   1   1   1
Leu TTA   0   0   0   0   0   0 |     TCA   0   1   0   0   0   0 | *** TAA   0   0   0   0   0   0 | *** TGA   0   0   0   0   0   0
    TTG   1   1   1   1   0   1 |     TCG   1   0   1   1   1   1 |     TAG   0   0   0   0   0   0 | Trp TGG   1   1   1   1   1   1
--------------------------------------------------------------------------------------------------------------------------------------
Leu CTT   0   0   0   0   0   0 | Pro CCT   1   1   1   1   1   1 | His CAT   0   0   0   0   0   0 | Arg CGT   0   0   0   0   0   0
    CTC   0   0   0   0   0   0 |     CCC   1   1   1   1   1   1 |     CAC   0   0   0   0   0   0 |     CGC   1   1   1   1   1   1
    CTA   0   0   0   0   0   0 |     CCA   0   0   0   0   0   0 | Gln CAA   0   0   0   0   0   0 |     CGA   0   0   0   0   0   0
    CTG   2   2   2   2   3   2 |     CCG   0   0   0   0   0   0 |     CAG   2   2   2   2   2   2 |     CGG   0   0   0   0   0   0
--------------------------------------------------------------------------------------------------------------------------------------
Ile ATT   0   0   0   0   0   0 | Thr ACT   0   0   0   0   0   0 | Asn AAT   0   0   0   0   0   0 | Ser AGT   0   0   0   0   0   0
    ATC   1   1   1   1   1   0 |     ACC   1   1   1   1   1   1 |     AAC   0   0   0   0   0   0 |     AGC   0   0   0   0   0   0
    ATA   0   0   0   0   0   1 |     ACA   1   1   1   1   1   1 | Lys AAA   0   0   0   0   0   0 | Arg AGA   0   0   0   0   0   0
Met ATG   1   0   0   0   0   0 |     ACG   0   1   1   1   1   1 |     AAG   0   0   0   0   0   0 |     AGG   0   0   0   0   0   0
--------------------------------------------------------------------------------------------------------------------------------------
Val GTT   0   0   0   0   0   0 | Ala GCT   0   0   0   0   0   0 | Asp GAT   1   0   0   0   0   0 | Gly GGT   0   0   0   0   0   0
    GTC   1   1   1   1   1   1 |     GCC   1   1   1   1   1   1 |     GAC   2   3   3   3   3   3 |     GGC   1   1   2   1   1   1
    GTA   1   0   0   0   0   0 |     GCA   1   1   0   1   0   1 | Glu GAA   0   0   0   0   0   0 |     GGA   0   1   0   0   0   0
    GTG   0   1   1   1   1   2 |     GCG   1   1   2   1   2   0 |     GAG   2   2   2   2   2   2 |     GGG   2   1   1   2   2   2
--------------------------------------------------------------------------------------------------------------------------------------

--------------------------------------------------------------------------------------------------------------------------------------
Phe TTT   1   1   1   1   1   1 | Ser TCT   1   1   1   1   1   1 | Tyr TAT   0   0   0   0   0   0 | Cys TGT   0   0   0   0   0   0
    TTC   2   2   2   2   2   2 |     TCC   1   1   1   1   1   1 |     TAC   0   0   0   0   0   0 |     TGC   1   1   1   1   1   1
Leu TTA   0   0   0   0   0   0 |     TCA   0   0   0   0   0   0 | *** TAA   0   0   0   0   0   0 | *** TGA   0   0   0   0   0   0
    TTG   1   1   1   2   1   0 |     TCG   1   1   1   1   1   1 |     TAG   0   0   0   0   0   0 | Trp TGG   1   1   1   1   1   1
--------------------------------------------------------------------------------------------------------------------------------------
Leu CTT   0   0   0   0   0   0 | Pro CCT   1   1   1   1   1   1 | His CAT   0   0   0   0   0   0 | Arg CGT   0   0   0   0   0   0
    CTC   1   0   0   0   0   0 |     CCC   1   1   1   1   1   1 |     CAC   0   0   0   0   0   0 |     CGC   1   1   1   1   1   1
    CTA   0   0   0   0   0   0 |     CCA   0   0   0   0   0   0 | Gln CAA   0   0   0   0   0   0 |     CGA   0   0   0   0   0   0
    CTG   1   2   2   1   2   3 |     CCG   0   0   0   0   0   0 |     CAG   2   2   2   2   2   2 |     CGG   0   0   0   0   0   0
--------------------------------------------------------------------------------------------------------------------------------------
Ile ATT   0   0   0   0   0   0 | Thr ACT   0   0   0   0   0   0 | Asn AAT   0   0   0   0   0   0 | Ser AGT   0   0   0   0   0   0
    ATC   0   1   0   0   1   1 |     ACC   1   1   1   1   1   1 |     AAC   0   0   0   0   0   0 |     AGC   0   0   0   0   0   0
    ATA   1   0   1   1   0   0 |     ACA   1   1   1   1   1   1 | Lys AAA   0   0   0   0   0   0 | Arg AGA   0   0   0   0   0   0
Met ATG   0   0   0   1   0   0 |     ACG   1   1   1   0   1   1 |     AAG   0   0   0   0   0   0 |     AGG   0   0   0   0   0   0
--------------------------------------------------------------------------------------------------------------------------------------
Val GTT   0   0   0   0   0   0 | Ala GCT   0   0   0   0   0   0 | Asp GAT   0   0   0   0   0   0 | Gly GGT   0   0   0   0   0   0
    GTC   1   1   1   1   1   1 |     GCC   1   1   1   1   1   1 |     GAC   3   3   3   3   3   3 |     GGC   1   1   1   1   1   2
    GTA   0   0   0   0   0   0 |     GCA   0   0   0   0   0   0 | Glu GAA   0   0   0   0   0   0 |     GGA   0   0   0   0   1   0
    GTG   1   1   1   3   1   1 |     GCG   2   2   2   0   2   2 |     GAG   1   2   1   2   2   2 |     GGG   3   2   3   2   1   1
--------------------------------------------------------------------------------------------------------------------------------------

--------------------------------------------------------------------------------------------------------------------------------------
Phe TTT   1   1   1   1   1   1 | Ser TCT   1   1   1   1   1   1 | Tyr TAT   0   0   0   0   0   0 | Cys TGT   0   0   0   0   0   0
    TTC   2   2   2   2   2   2 |     TCC   1   1   1   1   1   1 |     TAC   0   0   0   0   0   0 |     TGC   1   1   1   1   1   1
Leu TTA   0   0   0   0   0   0 |     TCA   0   0   0   0   0   0 | *** TAA   0   0   0   0   0   0 | *** TGA   0   0   0   0   0   0
    TTG   1   1   1   1   1   1 |     TCG   1   1   1   1   1   1 |     TAG   0   0   0   0   0   0 | Trp TGG   1   1   1   1   1   1
--------------------------------------------------------------------------------------------------------------------------------------
Leu CTT   0   0   0   0   0   0 | Pro CCT   0   1   1   1   1   1 | His CAT   0   0   0   0   0   0 | Arg CGT   0   0   1   0   0   0
    CTC   0   0   0   0   0   0 |     CCC   2   0   1   1   1   1 |     CAC   0   0   0   0   0   0 |     CGC   1   1   0   1   1   1
    CTA   0   0   0   0   0   0 |     CCA   0   0   0   0   0   0 | Gln CAA   0   0   0   1   0   0 |     CGA   0   0   0   0   0   0
    CTG   2   2   2   2   2   2 |     CCG   0   0   0   0   0   0 |     CAG   2   2   2   1   2   2 |     CGG   0   0   0   0   0   0
--------------------------------------------------------------------------------------------------------------------------------------
Ile ATT   0   0   0   0   0   0 | Thr ACT   0   0   0   0   1   1 | Asn AAT   0   0   0   0   0   0 | Ser AGT   0   0   0   0   0   0
    ATC   1   1   1   2   1   1 |     ACC   1   1   1   1   0   0 |     AAC   0   0   0   0   0   0 |     AGC   0   0   0   0   0   0
    ATA   0   0   0   0   0   0 |     ACA   2   1   2   1   2   2 | Lys AAA   0   0   0   0   0   0 | Arg AGA   0   0   0   0   0   0
Met ATG   0   0   0   0   0   0 |     ACG   0   1   0   1   0   0 |     AAG   0   0   0   0   0   0 |     AGG   0   0   0   0   0   0
--------------------------------------------------------------------------------------------------------------------------------------
Val GTT   0   0   0   0   0   0 | Ala GCT   0   0   0   0   0   0 | Asp GAT   0   0   0   0   0   0 | Gly GGT   0   0   0   0   0   0
    GTC   1   1   1   0   1   1 |     GCC   1   2   1   1   1   1 |     GAC   3   3   3   3   3   3 |     GGC   1   1   1   1   1   1
    GTA   0   0   0   0   0   0 |     GCA   0   0   1   0   0   1 | Glu GAA   0   0   0   0   0   0 |     GGA   0   0   0   0   0   0
    GTG   1   1   1   1   1   1 |     GCG   2   2   1   2   2   1 |     GAG   2   2   2   2   2   2 |     GGG   2   2   2   2   2   2
--------------------------------------------------------------------------------------------------------------------------------------

Codon position x base (3x4) table for each sequence.

#1: Argali         
position  1:    T:0.27273    C:0.21212    A:0.12121    G:0.39394
position  2:    T:0.27273    C:0.33333    A:0.21212    G:0.18182
position  3:    T:0.06061    C:0.45455    A:0.03030    G:0.45455
Average         T:0.20202    C:0.33333    A:0.12121    G:0.34343

#2: LesserMouseDeer
position  1:    T:0.24242    C:0.24242    A:0.12121    G:0.39394
position  2:    T:0.33333    C:0.27273    A:0.21212    G:0.18182
position  3:    T:0.06061    C:0.39394    A:0.06061    G:0.48485
Average         T:0.21212    C:0.30303    A:0.13131    G:0.35354

#3: LesserKudu     
position  1:    T:0.27273    C:0.21212    A:0.12121    G:0.39394
position  2:    T:0.27273    C:0.33333    A:0.21212    G:0.18182
position  3:    T:0.12121    C:0.39394    A:0.03030    G:0.45455
Average         T:0.22222    C:0.31313    A:0.12121    G:0.34343

#4: ForestMuskDeer2
position  1:    T:0.27273    C:0.21212    A:0.15152    G:0.36364
position  2:    T:0.27273    C:0.33333    A:0.21212    G:0.18182
position  3:    T:0.09091    C:0.42424    A:0.06061    G:0.42424
Average         T:0.21212    C:0.32323    A:0.14141    G:0.32323

#5: Camel          
position  1:    T:0.24242    C:0.24242    A:0.12121    G:0.39394
position  2:    T:0.30303    C:0.30303    A:0.21212    G:0.18182
position  3:    T:0.06061    C:0.39394    A:0.09091    G:0.45455
Average         T:0.20202    C:0.31313    A:0.14141    G:0.34343

#6: KillerWhale    
position  1:    T:0.24242    C:0.24242    A:0.12121    G:0.39394
position  2:    T:0.30303    C:0.30303    A:0.21212    G:0.18182
position  3:    T:0.06061    C:0.36364    A:0.06061    G:0.51515
Average         T:0.20202    C:0.30303    A:0.13131    G:0.36364

#7: DefassaWaterbuck
position  1:    T:0.27273    C:0.21212    A:0.12121    G:0.39394
position  2:    T:0.27273    C:0.33333    A:0.21212    G:0.18182
position  3:    T:0.09091    C:0.42424    A:0.06061    G:0.42424
Average         T:0.21212    C:0.32323    A:0.13131    G:0.33333

#8: Sheep          
position  1:    T:0.27273    C:0.21212    A:0.12121    G:0.39394
position  2:    T:0.27273    C:0.33333    A:0.21212    G:0.18182
position  3:    T:0.06061    C:0.45455    A:0.03030    G:0.45455
Average         T:0.20202    C:0.33333    A:0.12121    G:0.34343

#9: MaxwellsDuiker 
position  1:    T:0.24242    C:0.24242    A:0.12121    G:0.39394
position  2:    T:0.30303    C:0.36364    A:0.15152    G:0.18182
position  3:    T:0.09091    C:0.42424    A:0.03030    G:0.45455
Average         T:0.21212    C:0.34343    A:0.10101    G:0.34343

#10: GazellaPrzewalskyi
position  1:    T:0.27273    C:0.21212    A:0.12121    G:0.39394
position  2:    T:0.27273    C:0.33333    A:0.21212    G:0.18182
position  3:    T:0.12121    C:0.39394    A:0.03030    G:0.45455
Average         T:0.22222    C:0.31313    A:0.12121    G:0.34343

#11: MountainNyala  
position  1:    T:0.27273    C:0.21212    A:0.12121    G:0.39394
position  2:    T:0.27273    C:0.33333    A:0.21212    G:0.18182
position  3:    T:0.12121    C:0.39394    A:0.06061    G:0.42424
Average         T:0.22222    C:0.31313    A:0.13131    G:0.33333

#12: MuntiacusMuntjak
position  1:    T:0.27273    C:0.21212    A:0.12121    G:0.39394
position  2:    T:0.27273    C:0.33333    A:0.18182    G:0.21212
position  3:    T:0.09091    C:0.39394    A:0.06061    G:0.45455
Average         T:0.21212    C:0.31313    A:0.12121    G:0.35354

#13: goat           
position  1:    T:0.27273    C:0.21212    A:0.12121    G:0.39394
position  2:    T:0.27273    C:0.30303    A:0.24242    G:0.18182
position  3:    T:0.09091    C:0.42424    A:0.03030    G:0.45455
Average         T:0.21212    C:0.31313    A:0.13131    G:0.34343

#14: AfricanBuffalo 
position  1:    T:0.27273    C:0.21212    A:0.12121    G:0.39394
position  2:    T:0.27273    C:0.33333    A:0.21212    G:0.18182
position  3:    T:0.09091    C:0.45455    A:0.09091    G:0.36364
Average         T:0.21212    C:0.33333    A:0.14141    G:0.31313

#15: Topi           
position  1:    T:0.27273    C:0.21212    A:0.12121    G:0.39394
position  2:    T:0.27273    C:0.33333    A:0.21212    G:0.18182
position  3:    T:0.09091    C:0.42424    A:0.03030    G:0.45455
Average         T:0.21212    C:0.32323    A:0.12121    G:0.34343

#16: CommonDuiker   
position  1:    T:0.24242    C:0.24242    A:0.12121    G:0.39394
position  2:    T:0.27273    C:0.33333    A:0.15152    G:0.24242
position  3:    T:0.09091    C:0.42424    A:0.06061    G:0.42424
Average         T:0.20202    C:0.33333    A:0.11111    G:0.35354

#17: Suni           
position  1:    T:0.27273    C:0.21212    A:0.12121    G:0.39394
position  2:    T:0.27273    C:0.33333    A:0.21212    G:0.18182
position  3:    T:0.09091    C:0.39394    A:0.03030    G:0.48485
Average         T:0.21212    C:0.31313    A:0.12121    G:0.35354

#18: Springbuck     
position  1:    T:0.27273    C:0.21212    A:0.12121    G:0.39394
position  2:    T:0.27273    C:0.33333    A:0.21212    G:0.18182
position  3:    T:0.09091    C:0.42424    A:0.03030    G:0.45455
Average         T:0.21212    C:0.32323    A:0.12121    G:0.34343

#19: Okapi          
position  1:    T:0.24242    C:0.24242    A:0.12121    G:0.39394
position  2:    T:0.33333    C:0.27273    A:0.21212    G:0.18182
position  3:    T:0.09091    C:0.39394    A:0.09091    G:0.42424
Average         T:0.22222    C:0.30303    A:0.14141    G:0.33333

#20: Giraffe        
position  1:    T:0.24242    C:0.24242    A:0.12121    G:0.39394
position  2:    T:0.30303    C:0.30303    A:0.21212    G:0.18182
position  3:    T:0.09091    C:0.39394    A:0.09091    G:0.42424
Average         T:0.21212    C:0.31313    A:0.14141    G:0.33333

#21: TibetanAntelope
position  1:    T:0.27273    C:0.21212    A:0.12121    G:0.39394
position  2:    T:0.27273    C:0.33333    A:0.21212    G:0.18182
position  3:    T:0.09091    C:0.42424    A:0.06061    G:0.42424
Average         T:0.21212    C:0.32323    A:0.13131    G:0.33333

#22: Sitatunga      
position  1:    T:0.27273    C:0.21212    A:0.12121    G:0.39394
position  2:    T:0.27273    C:0.30303    A:0.24242    G:0.18182
position  3:    T:0.12121    C:0.39394    A:0.06061    G:0.42424
Average         T:0.22222    C:0.30303    A:0.14141    G:0.33333

#23: Oribi          
position  1:    T:0.27273    C:0.21212    A:0.12121    G:0.39394
position  2:    T:0.27273    C:0.33333    A:0.21212    G:0.18182
position  3:    T:0.09091    C:0.39394    A:0.06061    G:0.45455
Average         T:0.21212    C:0.31313    A:0.13131    G:0.34343

#24: BarbarySheep   
position  1:    T:0.27273    C:0.21212    A:0.12121    G:0.39394
position  2:    T:0.27273    C:0.33333    A:0.21212    G:0.18182
position  3:    T:0.09091    C:0.42424    A:0.03030    G:0.45455
Average         T:0.21212    C:0.32323    A:0.12121    G:0.34343

#25: Daviddeer      
position  1:    T:0.27273    C:0.21212    A:0.12121    G:0.39394
position  2:    T:0.27273    C:0.33333    A:0.18182    G:0.21212
position  3:    T:0.09091    C:0.39394    A:0.06061    G:0.45455
Average         T:0.21212    C:0.31313    A:0.12121    G:0.35354

#26: Reindeer       
position  1:    T:0.30303    C:0.18182    A:0.12121    G:0.39394
position  2:    T:0.36364    C:0.24242    A:0.21212    G:0.18182
position  3:    T:0.09091    C:0.39394    A:0.06061    G:0.45455
Average         T:0.25253    C:0.27273    A:0.13131    G:0.34343

#27: Ibex           
position  1:    T:0.27273    C:0.21212    A:0.12121    G:0.39394
position  2:    T:0.27273    C:0.33333    A:0.21212    G:0.18182
position  3:    T:0.09091    C:0.42424    A:0.03030    G:0.45455
Average         T:0.21212    C:0.32323    A:0.12121    G:0.34343

#28: GyrantGazelle  
position  1:    T:0.27273    C:0.21212    A:0.12121    G:0.39394
position  2:    T:0.30303    C:0.30303    A:0.21212    G:0.18182
position  3:    T:0.12121    C:0.42424    A:0.03030    G:0.42424
Average         T:0.23232    C:0.31313    A:0.12121    G:0.33333

#29: Hartebeest     
position  1:    T:0.27273    C:0.21212    A:0.12121    G:0.39394
position  2:    T:0.27273    C:0.33333    A:0.21212    G:0.18182
position  3:    T:0.09091    C:0.42424    A:0.03030    G:0.45455
Average         T:0.21212    C:0.32323    A:0.12121    G:0.34343

#30: Bongo          
position  1:    T:0.27273    C:0.21212    A:0.12121    G:0.39394
position  2:    T:0.27273    C:0.33333    A:0.21212    G:0.18182
position  3:    T:0.12121    C:0.39394    A:0.06061    G:0.42424
Average         T:0.22222    C:0.31313    A:0.13131    G:0.33333

#31: Gerenuk        
position  1:    T:0.27273    C:0.21212    A:0.12121    G:0.39394
position  2:    T:0.27273    C:0.33333    A:0.21212    G:0.18182
position  3:    T:0.09091    C:0.42424    A:0.03030    G:0.45455
Average         T:0.21212    C:0.32323    A:0.12121    G:0.34343

#32: CommonEland    
position  1:    T:0.27273    C:0.21212    A:0.12121    G:0.39394
position  2:    T:0.27273    C:0.30303    A:0.24242    G:0.18182
position  3:    T:0.12121    C:0.39394    A:0.06061    G:0.42424
Average         T:0.22222    C:0.30303    A:0.14141    G:0.33333

#33: MuntiacusReevesi
position  1:    T:0.27273    C:0.21212    A:0.12121    G:0.39394
position  2:    T:0.27273    C:0.36364    A:0.18182    G:0.18182
position  3:    T:0.09091    C:0.39394    A:0.06061    G:0.45455
Average         T:0.21212    C:0.32323    A:0.12121    G:0.34343

#34: HarveysDuiker  
position  1:    T:0.24242    C:0.24242    A:0.12121    G:0.39394
position  2:    T:0.30303    C:0.30303    A:0.15152    G:0.24242
position  3:    T:0.09091    C:0.42424    A:0.03030    G:0.45455
Average         T:0.21212    C:0.32323    A:0.10101    G:0.36364

#35: Pronghorn      
position  1:    T:0.24242    C:0.24242    A:0.12121    G:0.39394
position  2:    T:0.27273    C:0.33333    A:0.21212    G:0.18182
position  3:    T:0.09091    C:0.39394    A:0.21212    G:0.30303
Average         T:0.20202    C:0.32323    A:0.18182    G:0.29293

#36: BlueWildebeest 
position  1:    T:0.27273    C:0.21212    A:0.12121    G:0.39394
position  2:    T:0.27273    C:0.33333    A:0.21212    G:0.18182
position  3:    T:0.09091    C:0.42424    A:0.06061    G:0.42424
Average         T:0.21212    C:0.32323    A:0.13131    G:0.33333

#37: Gemsbok        
position  1:    T:0.27273    C:0.21212    A:0.12121    G:0.39394
position  2:    T:0.30303    C:0.30303    A:0.21212    G:0.18182
position  3:    T:0.12121    C:0.39394    A:0.09091    G:0.39394
Average         T:0.23232    C:0.30303    A:0.14141    G:0.32323

#38: Yak            
position  1:    T:0.27273    C:0.21212    A:0.12121    G:0.39394
position  2:    T:0.27273    C:0.33333    A:0.21212    G:0.18182
position  3:    T:0.09091    C:0.42424    A:0.12121    G:0.36364
Average         T:0.21212    C:0.32323    A:0.15152    G:0.31313

#39: BlueSheep      
position  1:    T:0.27273    C:0.21212    A:0.12121    G:0.39394
position  2:    T:0.27273    C:0.33333    A:0.21212    G:0.18182
position  3:    T:0.09091    C:0.45455    A:0.03030    G:0.42424
Average         T:0.21212    C:0.33333    A:0.12121    G:0.33333

#40: BohorReedbuck  
position  1:    T:0.27273    C:0.21212    A:0.12121    G:0.39394
position  2:    T:0.27273    C:0.33333    A:0.21212    G:0.18182
position  3:    T:0.09091    C:0.42424    A:0.06061    G:0.42424
Average         T:0.21212    C:0.32323    A:0.13131    G:0.33333

#41: KirksDik       
position  1:    T:0.24242    C:0.24242    A:0.12121    G:0.39394
position  2:    T:0.27273    C:0.33333    A:0.21212    G:0.18182
position  3:    T:0.09091    C:0.42424    A:0.03030    G:0.45455
Average         T:0.20202    C:0.33333    A:0.12121    G:0.34343

#42: RoeDeer        
position  1:    T:0.27273    C:0.21212    A:0.12121    G:0.39394
position  2:    T:0.30303    C:0.30303    A:0.21212    G:0.18182
position  3:    T:0.09091    C:0.39394    A:0.09091    G:0.42424
Average         T:0.22222    C:0.30303    A:0.14141    G:0.33333

#43: WhiteLippedDeer
position  1:    T:0.27273    C:0.21212    A:0.12121    G:0.39394
position  2:    T:0.27273    C:0.33333    A:0.18182    G:0.21212
position  3:    T:0.09091    C:0.42424    A:0.06061    G:0.42424
Average         T:0.21212    C:0.32323    A:0.12121    G:0.34343

#44: ThomsonGazelle 
position  1:    T:0.27273    C:0.21212    A:0.12121    G:0.39394
position  2:    T:0.27273    C:0.33333    A:0.21212    G:0.18182
position  3:    T:0.09091    C:0.42424    A:0.03030    G:0.45455
Average         T:0.21212    C:0.32323    A:0.12121    G:0.34343

#45: MuntiacusCrinifrons
position  1:    T:0.27273    C:0.21212    A:0.12121    G:0.39394
position  2:    T:0.27273    C:0.33333    A:0.18182    G:0.21212
position  3:    T:0.09091    C:0.39394    A:0.06061    G:0.45455
Average         T:0.21212    C:0.31313    A:0.12121    G:0.35354

#46: WhiteTailedDeer
position  1:    T:0.30303    C:0.18182    A:0.12121    G:0.39394
position  2:    T:0.36364    C:0.24242    A:0.21212    G:0.18182
position  3:    T:0.09091    C:0.39394    A:0.06061    G:0.45455
Average         T:0.25253    C:0.27273    A:0.13131    G:0.34343

#47: Cattle         
position  1:    T:0.27273    C:0.21212    A:0.12121    G:0.39394
position  2:    T:0.27273    C:0.33333    A:0.21212    G:0.18182
position  3:    T:0.09091    C:0.42424    A:0.06061    G:0.42424
Average         T:0.21212    C:0.32323    A:0.13131    G:0.33333

#48: RoyalAntelope  
position  1:    T:0.24242    C:0.24242    A:0.12121    G:0.39394
position  2:    T:0.27273    C:0.33333    A:0.21212    G:0.18182
position  3:    T:0.09091    C:0.45455    A:0.03030    G:0.42424
Average         T:0.20202    C:0.34343    A:0.12121    G:0.33333

#49: Steenbok       
position  1:    T:0.27273    C:0.21212    A:0.12121    G:0.39394
position  2:    T:0.27273    C:0.33333    A:0.21212    G:0.18182
position  3:    T:0.06061    C:0.45455    A:0.06061    G:0.42424
Average         T:0.20202    C:0.33333    A:0.13131    G:0.33333

#50: Impala         
position  1:    T:0.27273    C:0.18182    A:0.12121    G:0.42424
position  2:    T:0.27273    C:0.33333    A:0.21212    G:0.18182
position  3:    T:0.09091    C:0.42424    A:0.03030    G:0.45455
Average         T:0.21212    C:0.31313    A:0.12121    G:0.35354

#51: Klipspringer   
position  1:    T:0.27273    C:0.21212    A:0.12121    G:0.39394
position  2:    T:0.27273    C:0.33333    A:0.21212    G:0.18182
