CODONML (in paml version 4.10.7, June 2023)  /home/rachel/ruminants_paml/6406-phy-tree/ENSBTAT00000021265.fasta.phy
Model: free dN/dS Ratios for branches,  kappa = 2.000 fixed

Codon frequency model: F3x4
ns =  54  ls =  30

Codon usage in sequences
--------------------------------------------------------------------------------------------------------------------------------------
Phe TTT   1   1   1   1   1   1 | Ser TCT   0   1   0   1   0   0 | Tyr TAT   0   0   0   0   0   0 | Cys TGT   0   0   0   0   0   0
    TTC   0   0   0   0   0   0 |     TCC   1   1   1   1   1   1 |     TAC   0   0   0   0   0   0 |     TGC   0   0   0   0   0   0
Leu TTA   0   0   0   0   0   0 |     TCA   3   1   4   2   3   3 | *** TAA   0   0   0   0   0   0 | *** TGA   0   0   0   0   0   0
    TTG   2   2   2   2   2   2 |     TCG   2   1   1   2   1   1 |     TAG   0   0   0   0   0   0 | Trp TGG   0   0   0   0   0   0
--------------------------------------------------------------------------------------------------------------------------------------
Leu CTT   1   1   1   1   1   1 | Pro CCT   0   1   0   0   1   1 | His CAT   0   0   0   0   0   0 | Arg CGT   0   0   0   0   0   0
    CTC   0   0   0   0   0   0 |     CCC   0   0   0   0   0   0 |     CAC   0   0   0   0   0   0 |     CGC   1   1   1   1   1   1
    CTA   0   0   0   0   0   0 |     CCA   0   1   0   0   1   1 | Gln CAA   0   0   0   0   0   0 |     CGA   0   0   0   0   0   0
    CTG   2   2   2   2   2   2 |     CCG   3   3   3   3   2   2 |     CAG   1   1   1   1   1   1 |     CGG   0   0   0   0   0   0
--------------------------------------------------------------------------------------------------------------------------------------
Ile ATT   0   0   0   0   0   1 | Thr ACT   0   0   0   0   0   0 | Asn AAT   1   1   1   1   1   1 | Ser AGT   0   0   0   0   0   0
    ATC   0   0   0   0   0   0 |     ACC   0   0   0   0   0   0 |     AAC   0   0   0   0   0   0 |     AGC   0   0   0   0   0   0
    ATA   0   0   0   0   0   0 |     ACA   0   0   0   0   0   0 | Lys AAA   1   1   1   1   1   1 | Arg AGA   0   0   0   0   0   0
Met ATG   1   1   1   1   2   1 |     ACG   0   0   0   0   0   0 |     AAG   2   2   2   2   2   2 |     AGG   0   0   0   0   0   0
--------------------------------------------------------------------------------------------------------------------------------------
Val GTT   1   1   1   1   0   0 | Ala GCT   0   0   0   0   0   0 | Asp GAT   0   0   0   0   0   0 | Gly GGT   1   1   1   1   1   1
    GTC   1   1   1   1   1   1 |     GCC   1   1   1   1   1   1 |     GAC   0   0   0   0   0   0 |     GGC   0   0   0   0   0   0
    GTA   1   1   1   1   1   1 |     GCA   0   0   0   0   0   0 | Glu GAA   0   0   0   0   1   1 |     GGA   2   1   1   1   1   1
    GTG   0   0   0   0   0   0 |     GCG   0   0   0   0   0   0 |     GAG   1   1   1   1   0   0 |     GGG   0   1   1   1   1   1
--------------------------------------------------------------------------------------------------------------------------------------

--------------------------------------------------------------------------------------------------------------------------------------
Phe TTT   1   1   1   1   1   1 | Ser TCT   0   0   0   0   0   0 | Tyr TAT   0   0   0   0   0   0 | Cys TGT   0   0   0   0   0   0
    TTC   0   0   0   0   0   0 |     TCC   1   1   1   1   1   1 |     TAC   0   0   0   0   0   0 |     TGC   0   0   0   0   0   0
Leu TTA   0   0   0   0   0   0 |     TCA   2   3   3   3   2   1 | *** TAA   0   0   0   0   0   0 | *** TGA   0   0   0   0   0   0
    TTG   2   2   2   2   3   2 |     TCG   3   2   2   2   1   3 |     TAG   0   0   0   0   0   0 | Trp TGG   0   0   0   0   0   0
--------------------------------------------------------------------------------------------------------------------------------------
Leu CTT   1   1   1   1   1   1 | Pro CCT   0   0   0   0   0   0 | His CAT   0   0   0   0   0   0 | Arg CGT   0   0   0   0   0   0
    CTC   0   0   0   0   0   0 |     CCC   0   0   0   0   0   0 |     CAC   0   0   0   0   0   0 |     CGC   1   1   1   1   1   1
    CTA   0   0   0   0   0   0 |     CCA   0   0   0   0   1   1 | Gln CAA   0   0   0   0   0   0 |     CGA   0   0   0   0   0   0
    CTG   2   2   2   2   2   2 |     CCG   3   3   3   3   3   3 |     CAG   1   1   1   1   1   1 |     CGG   0   0   0   0   0   0
--------------------------------------------------------------------------------------------------------------------------------------
Ile ATT   0   0   0   0   0   0 | Thr ACT   0   0   0   0   0   0 | Asn AAT   1   1   1   1   1   0 | Ser AGT   0   0   0   0   0   1
    ATC   0   0   0   0   0   0 |     ACC   0   0   0   0   0   0 |     AAC   0   0   0   0   0   0 |     AGC   0   0   0   0   0   0
    ATA   0   0   0   0   0   0 |     ACA   0   0   0   0   0   0 | Lys AAA   1   1   1   1   1   1 | Arg AGA   0   0   0   0   0   0
Met ATG   1   1   1   1   1   1 |     ACG   0   0   0   0   0   0 |     AAG   2   2   2   2   2   2 |     AGG   0   0   0   0   0   0
--------------------------------------------------------------------------------------------------------------------------------------
Val GTT   1   1   1   1   1   1 | Ala GCT   0   0   0   0   0   0 | Asp GAT   0   0   0   0   0   0 | Gly GGT   1   1   1   1   1   1
    GTC   1   1   1   1   1   1 |     GCC   1   1   1   1   1   1 |     GAC   0   0   0   0   0   0 |     GGC   0   0   0   0   0   0
    GTA   1   1   1   1   1   1 |     GCA   0   0   0   0   0   0 | Glu GAA   0   0   0   0   0   0 |     GGA   1   2   1   1   1   1
    GTG   0   0   0   0   0   0 |     GCG   0   0   0   0   0   0 |     GAG   1   1   1   1   1   1 |     GGG   1   0   1   1   1   1
--------------------------------------------------------------------------------------------------------------------------------------

--------------------------------------------------------------------------------------------------------------------------------------
Phe TTT   1   1   1   1   1   1 | Ser TCT   0   0   0   0   0   0 | Tyr TAT   0   0   0   0   0   0 | Cys TGT   0   0   0   0   0   0
    TTC   0   0   0   0   0   0 |     TCC   1   1   1   1   1   1 |     TAC   0   0   0   0   0   0 |     TGC   0   0   0   0   0   0
Leu TTA   0   0   0   0   0   0 |     TCA   3   2   3   3   3   3 | *** TAA   0   0   0   0   0   0 | *** TGA   0   0   0   0   0   0
    TTG   2   2   2   2   2   2 |     TCG   2   3   2   2   2   2 |     TAG   0   0   0   0   0   0 | Trp TGG   0   0   0   0   0   0
--------------------------------------------------------------------------------------------------------------------------------------
Leu CTT   1   1   1   1   1   1 | Pro CCT   0   0   0   0   0   0 | His CAT   0   0   0   0   0   0 | Arg CGT   0   0   0   0   0   0
    CTC   0   0   0   0   0   0 |     CCC   0   0   0   0   0   0 |     CAC   0   0   0   0   0   0 |     CGC   1   1   1   1   1   1
    CTA   0   0   0   0   0   0 |     CCA   0   0   0   0   1   1 | Gln CAA   0   0   0   0   0   0 |     CGA   0   0   0   0   0   0
    CTG   2   3   2   2   2   2 |     CCG   3   2   3   2   2   2 |     CAG   1   1   1   1   1   1 |     CGG   0   0   0   0   0   0
--------------------------------------------------------------------------------------------------------------------------------------
Ile ATT   0   0   0   0   0   0 | Thr ACT   0   0   0   0   0   0 | Asn AAT   1   1   1   1   1   1 | Ser AGT   0   0   0   0   0   0
    ATC   0   0   0   0   0   0 |     ACC   0   0   0   0   0   0 |     AAC   0   0   0   0   0   0 |     AGC   0   0   0   0   0   0
    ATA   0   0   0   0   0   0 |     ACA   0   0   0   0   0   0 | Lys AAA   1   1   1   1   1   1 | Arg AGA   0   0   0   0   0   0
Met ATG   1   1   1   1   1   1 |     ACG   0   0   0   0   0   0 |     AAG   2   2   2   2   2   2 |     AGG   0   0   0   0   0   0
--------------------------------------------------------------------------------------------------------------------------------------
Val GTT   1   1   1   1   1   1 | Ala GCT   0   0   0   0   0   0 | Asp GAT   0   0   0   0   0   0 | Gly GGT   1   1   1   1   1   1
    GTC   1   1   1   1   1   1 |     GCC   1   1   1   1   1   1 |     GAC   0   0   0   0   0   0 |     GGC   0   0   0   0   0   0
    GTA   1   1   1   1   1   1 |     GCA   0   0   0   0   0   0 | Glu GAA   0   0   0   0   0   0 |     GGA   1   1   1   1   1   1
    GTG   0   0   0   0   0   0 |     GCG   0   0   0   1   0   0 |     GAG   1   1   1   1   1   1 |     GGG   1   1   1   1   1   1
--------------------------------------------------------------------------------------------------------------------------------------

--------------------------------------------------------------------------------------------------------------------------------------
Phe TTT   1   1   1   1   1   1 | Ser TCT   0   0   0   0   0   0 | Tyr TAT   0   0   0   0   0   0 | Cys TGT   0   0   0   0   0   0
    TTC   0   0   0   0   0   0 |     TCC   1   1   1   1   1   1 |     TAC   0   0   0   0   0   0 |     TGC   0   0   0   0   0   0
Leu TTA   0   0   0   0   0   0 |     TCA   3   3   3   2   3   3 | *** TAA   0   0   0   0   0   0 | *** TGA   0   0   0   0   0   0
    TTG   2   2   2   3   2   2 |     TCG   1   1   2   1   2   2 |     TAG   0   0   0   0   0   0 | Trp TGG   0   0   0   0   0   0
--------------------------------------------------------------------------------------------------------------------------------------
Leu CTT   1   1   1   1   1   1 | Pro CCT   0   0   0   0   0   0 | His CAT   0   0   0   0   0   0 | Arg CGT   0   0   0   0   0   0
    CTC   0   0   0   0   0   0 |     CCC   0   0   0   0   0   0 |     CAC   0   0   0   0   0   0 |     CGC   1   1   1   1   1   1
    CTA   0   0   0   0   0   0 |     CCA   0   0   0   1   2   0 | Gln CAA   0   0   0   0   0   0 |     CGA   0   0   0   0   0   0
    CTG   2   3   2   2   2   2 |     CCG   4   3   3   3   1   3 |     CAG   1   1   1   1   1   1 |     CGG   0   0   0   0   0   0
--------------------------------------------------------------------------------------------------------------------------------------
Ile ATT   0   0   0   0   0   0 | Thr ACT   0   0   0   0   0   0 | Asn AAT   0   0   1   1   1   1 | Ser AGT   1   0   0   0   0   0
    ATC   0   0   0   0   0   0 |     ACC   0   0   0   0   0   0 |     AAC   0   1   0   0   0   0 |     AGC   0   0   0   0   0   0
    ATA   0   0   0   0   0   0 |     ACA   0   0   0   0   0   0 | Lys AAA   1   1   1   1   1   1 | Arg AGA   0   0   0   0   0   0
Met ATG   1   1   1   1   1   1 |     ACG   0   0   0   0   0   0 |     AAG   2   2   2   2   2   2 |     AGG   0   0   0   0   0   0
--------------------------------------------------------------------------------------------------------------------------------------
Val GTT   1   1   1   1   1   1 | Ala GCT   0   0   0   0   0   0 | Asp GAT   0   0   0   0   0   0 | Gly GGT   1   1   1   1   1   1
    GTC   1   1   1   1   1   1 |     GCC   1   1   1   1   1   1 |     GAC   0   0   0   0   0   0 |     GGC   0   0   0   0   0   0
    GTA   1   1   0   1   1   1 |     GCA   0   0   0   0   0   0 | Glu GAA   0   0   0   0   0   0 |     GGA   1   1   1   1   1   2
    GTG   0   0   1   0   0   0 |     GCG   0   0   0   0   0   0 |     GAG   1   1   1   1   1   1 |     GGG   1   1   1   1   1   0
--------------------------------------------------------------------------------------------------------------------------------------

--------------------------------------------------------------------------------------------------------------------------------------
Phe TTT   1   1   1   1   1   1 | Ser TCT   0   0   0   0   0   0 | Tyr TAT   0   0   0   0   0   0 | Cys TGT   0   0   0   0   0   0
    TTC   0   0   0   0   0   0 |     TCC   1   1   1   1   1   1 |     TAC   0   0   0   0   0   0 |     TGC   0   0   0   0   0   0
Leu TTA   0   0   0   0   0   0 |     TCA   2   3   3   3   3   2 | *** TAA   0   0   0   0   0   0 | *** TGA   0   0   0   0   0   0
    TTG   2   2   2   2   2   3 |     TCG   2   2   2   2   2   1 |     TAG   0   0   0   0   0   0 | Trp TGG   0   0   0   0   0   0
--------------------------------------------------------------------------------------------------------------------------------------
Leu CTT   1   1   1   1   1   1 | Pro CCT   0   0   0   0   0   0 | His CAT   0   0   0   0   0   0 | Arg CGT   0   0   0   0   0   0
    CTC   0   0   0   0   0   0 |     CCC   0   0   0   0   0   0 |     CAC   0   0   0   0   0   0 |     CGC   1   1   1   1   1   1
    CTA   0   0   0   0   0   0 |     CCA   1   0   0   0   0   1 | Gln CAA   0   0   0   0   0   0 |     CGA   0   0   0   0   0   0
    CTG   2   2   2   2   2   2 |     CCG   3   3   3   3   3   3 |     CAG   1   1   1   1   1   1 |     CGG   0   0   0   0   0   0
--------------------------------------------------------------------------------------------------------------------------------------
Ile ATT   0   0   0   0   0   0 | Thr ACT   0   0   0   0   0   0 | Asn AAT   0   1   1   1   1   1 | Ser AGT   1   0   0   0   0   0
    ATC   0   0   0   0   0   0 |     ACC   0   0   0   0   0   0 |     AAC   0   0   0   0   0   0 |     AGC   0   0   0   0   0   0
    ATA   0   0   0   0   0   0 |     ACA   0   0   0   0   0   0 | Lys AAA   1   1   1   1   1   1 | Arg AGA   0   0   0   0   0   0
Met ATG   1   1   1   1   1   1 |     ACG   0   0   0   0   0   0 |     AAG   2   2   2   2   2   2 |     AGG   0   0   0   0   0   0
--------------------------------------------------------------------------------------------------------------------------------------
Val GTT   1   1   1   1   1   1 | Ala GCT   0   0   0   0   0   0 | Asp GAT   0   0   0   0   0   0 | Gly GGT   1   1   1   1   1   1
    GTC   1   1   1   1   1   1 |     GCC   1   1   1   1   1   1 |     GAC   0   0   0   0   0   0 |     GGC   0   0   0   0   0   0
    GTA   1   1   1   1   1   1 |     GCA   0   0   0   0   0   0 | Glu GAA   0   0   0   0   0   0 |     GGA   1   1   1   1   1   1
    GTG   0   0   0   0   0   0 |     GCG   0   0   0   0   0   0 |     GAG   1   1   1   1   1   1 |     GGG   1   1   1   1   1   1
--------------------------------------------------------------------------------------------------------------------------------------

--------------------------------------------------------------------------------------------------------------------------------------
Phe TTT   1   1   1   1   1   1 | Ser TCT   0   0   0   0   1   0 | Tyr TAT   0   0   0   0   0   0 | Cys TGT   0   0   0   0   0   0
    TTC   0   0   0   0   0   0 |     TCC   1   1   1   1   1   1 |     TAC   0   0   0   0   0   0 |     TGC   0   0   0   0   0   0
Leu TTA   0   0   0   0   0   0 |     TCA   3   2   1   3   1   3 | *** TAA   0   0   0   0   0   0 | *** TGA   0   0   0   0   0   0
    TTG   2   3   2   2   2   2 |     TCG   2   1   3   2   3   2 |     TAG   0   0   0   0   0   0 | Trp TGG   0   0   0   0   0   0
--------------------------------------------------------------------------------------------------------------------------------------
Leu CTT   1   1   1   1   1   1 | Pro CCT   0   0   0   0   0   0 | His CAT   0   0   0   0   0   0 | Arg CGT   0   0   0   0   0   0
    CTC   0   0   0   0   0   0 |     CCC   0   0   0   0   0   0 |     CAC   0   0   0   0   0   0 |     CGC   1   1   1   1   1   1
    CTA   0   0   0   0   0   0 |     CCA   0   1   1   0   1   0 | Gln CAA   0   0   0   0   0   0 |     CGA   0   0   0   0   0   0
    CTG   2   2   2   2   2   2 |     CCG   3   3   3   3   2   3 |     CAG   1   1   1   1   1   1 |     CGG   0   0   0   0   0   0
--------------------------------------------------------------------------------------------------------------------------------------
Ile ATT   0   0   0   0   0   0 | Thr ACT   0   0   0   0   0   0 | Asn AAT   1   1   0   1   1   1 | Ser AGT   0   0   1   0   0   0
    ATC   0   0   0   0   0   0 |     ACC   0   0   0   0   0   0 |     AAC   0   0   0   0   0   0 |     AGC   0   0   0   0   0   0
    ATA   0   0   0   0   0   0 |     ACA   0   0   0   0   0   0 | Lys AAA   1   1   1   1   1   1 | Arg AGA   0   0   0   0   0   0
Met ATG   1   1   1   1   1   1 |     ACG   0   0   0   0   0   0 |     AAG   2   2   2   2   2   2 |     AGG   0   0   0   0   0   0
--------------------------------------------------------------------------------------------------------------------------------------
Val GTT   1   1   1   1   1   1 | Ala GCT   0   0   0   0   0   0 | Asp GAT   0   0   0   0   0   0 | Gly GGT   1   1   1   1   1   1
    GTC   1   1   1   1   1   1 |     GCC   1   1   1   1   1   1 |     GAC   0   0   0   0   0   0 |     GGC   0   0   0   0   0   0
    GTA   1   1   1   1   1   1 |     GCA   0   0   0   0   0   0 | Glu GAA   0   0   0   0   0   0 |     GGA   1   1   1   1   1   1
    GTG   0   0   0   0   0   0 |     GCG   0   0   0   0   0   0 |     GAG   1   1   1   1   1   1 |     GGG   1   1   1   1   1   1
--------------------------------------------------------------------------------------------------------------------------------------

--------------------------------------------------------------------------------------------------------------------------------------
Phe TTT   1   1   1   1   1   1 | Ser TCT   0   0   0   0   0   0 | Tyr TAT   0   0   0   0   0   0 | Cys TGT   0   0   0   0   0   0
    TTC   0   0   0   0   0   0 |     TCC   1   1   1   1   1   1 |     TAC   0   0   0   0   0   0 |     TGC   0   0   0   0   0   0
Leu TTA   0   0   0   0   1   0 |     TCA   3   2   3   2   3   3 | *** TAA   0   0   0   0   0   0 | *** TGA   0   0   0   0   0   0
    TTG   2   2   2   2   1   2 |     TCG   2   3   2   3   2   2 |     TAG   0   0   0   0   0   0 | Trp TGG   0   0   0   0   0   0
--------------------------------------------------------------------------------------------------------------------------------------
Leu CTT   1   1   1   1   1   1 | Pro CCT   0   0   0   0   0   0 | His CAT   0   0   0   0   0   0 | Arg CGT   0   0   0   0   0   0
    CTC   0   0   0   0   0   0 |     CCC   0   0   0   0   0   0 |     CAC   0   0   0   0   0   0 |     CGC   1   1   1   1   1   1
    CTA   0   0   0   0   0   0 |     CCA   0   2   0   0   0   0 | Gln CAA   0   0   0   0   0   0 |     CGA   0   0   0   0   0   0
    CTG   2   2   2   2   2   2 |     CCG   3   1   3   3   3   3 |     CAG   1   1   1   1   1   1 |     CGG   0   0   0   0   0   0
--------------------------------------------------------------------------------------------------------------------------------------
Ile ATT   0   0   0   0   0   0 | Thr ACT   0   0   0   0   0   0 | Asn AAT   1   1   1   1   1   1 | Ser AGT   0   0   0   0   0   0
    ATC   0   0   0   0   0   0 |     ACC   0   0   0   0   0   0 |     AAC   0   0   0   0   0   0 |     AGC   0   0   0   0   0   0
    ATA   0   0   0   0   0   0 |     ACA   0   0   0   0   0   0 | Lys AAA   1   1   1   1   1   1 | Arg AGA   0   0   0   0   0   0
Met ATG   1   1   1   1   1   1 |     ACG   0   0   0   0   0   0 |     AAG   2   2   2   2   2   2 |     AGG   0   0   0   0   0   0
--------------------------------------------------------------------------------------------------------------------------------------
Val GTT   1   1   1   1   1   1 | Ala GCT   0   0   0   0   0   0 | Asp GAT   0   0   0   0   0   0 | Gly GGT   1   1   1   1   1   1
    GTC   1   1   1   1   1   1 |     GCC   1   1   1   1   1   1 |     GAC   0   0   0   0   0   0 |     GGC   0   0   0   0   0   0
    GTA   1   1   1   1   1   1 |     GCA   0   0   0   0   0   0 | Glu GAA   0   0   0   0   0   0 |     GGA   1   1   1   1   1   1
    GTG   0   0   0   0   0   0 |     GCG   0   0   0   0   0   0 |     GAG   1   1   1   1   1   1 |     GGG   1   1   1   1   1   1
--------------------------------------------------------------------------------------------------------------------------------------

--------------------------------------------------------------------------------------------------------------------------------------
Phe TTT   1   1   1   1   1   1 | Ser TCT   0   0   0   0   0   0 | Tyr TAT   0   0   0   0   0   0 | Cys TGT   0   0   0   0   0   0
    TTC   0   0   0   0   0   0 |     TCC   1   1   1   2   1   1 |     TAC   0   0   0   0   0   0 |     TGC   0   0   0   0   0   0
Leu TTA   0   0   0   0   0   0 |     TCA   2   3   1   2   2   4 | *** TAA   0   0   0   0   0   0 | *** TGA   0   0   0   0   0   0
    TTG   2   2   2   2   2   2 |     TCG   2   2   3   2   3   1 |     TAG   0   0   0   0   0   0 | Trp TGG   0   0   0   0   0   0
--------------------------------------------------------------------------------------------------------------------------------------
Leu CTT   1   1   1   1   1   1 | Pro CCT   0   0   0   0   0   0 | His CAT   0   0   0   0   0   0 | Arg CGT   0   0   0   0   0   0
    CTC   0   0   0   0   0   0 |     CCC   0   0   0   0   0   0 |     CAC   0   0   0   0   0   0 |     CGC   1   1   1   1   1   1
    CTA   0   0   0   0   0   0 |     CCA   1   0   1   0   0   0 | Gln CAA   0   0   0   0   0   0 |     CGA   0   0   0   0   0   0
    CTG   2   2   2   2   2   2 |     CCG   2   3   3   3   3   3 |     CAG   1   1   1   1   1   1 |     CGG   0   0   0   0   0   0
--------------------------------------------------------------------------------------------------------------------------------------
Ile ATT   0   0   0   0   0   0 | Thr ACT   0   0   0   0   0   0 | Asn AAT   0   1   0   1   1   1 | Ser AGT   1   0   1   0   0   0
    ATC   0   0   0   0   0   0 |     ACC   0   0   0   0   0   0 |     AAC   0   0   0   0   0   0 |     AGC   0   0   0   0   0   0
    ATA   0   0   0   0   0   0 |     ACA   0   0   0   0   0   0 | Lys AAA   1   1   1   1   1   1 | Arg AGA   0   0   0   0   0   0
Met ATG   1   1   1   1   1   1 |     ACG   0   0   0   0   0   0 |     AAG   2   2   2   2   2   2 |     AGG   0   0   0   0   0   0
--------------------------------------------------------------------------------------------------------------------------------------
Val GTT   1   1   1   1   1   1 | Ala GCT   0   0   0   0   0   0 | Asp GAT   0   0   0   0   0   0 | Gly GGT   1   1   1   1   1   1
    GTC   1   1   1   1   1   1 |     GCC   1   1   1   1   1   1 |     GAC   0   0   0   0   0   0 |     GGC   0   0   0   0   0   0
    GTA   1   1   1   1   1   1 |     GCA   0   0   0   0   0   0 | Glu GAA   0   0   0   0   0   0 |     GGA   1   1   1   1   1   1
    GTG   0   0   0   0   0   0 |     GCG   1   0   0   0   0   0 |     GAG   1   1   1   1   1   1 |     GGG   1   1   1   1   1   1
--------------------------------------------------------------------------------------------------------------------------------------

--------------------------------------------------------------------------------------------------------------------------------------
Phe TTT   1   1   1   1   1   1 | Ser TCT   0   0   0   0   0   0 | Tyr TAT   0   0   0   0   0   0 | Cys TGT   0   0   0   0   0   0
    TTC   0   0   0   0   0   0 |     TCC   1   1   1   1   1   1 |     TAC   0   0   0   0   0   0 |     TGC   0   0   0   0   0   0
Leu TTA   0   0   0   0   0   0 |     TCA   3   3   2   2   2   2 | *** TAA   0   0   0   0   0   0 | *** TGA   0   0   0   0   0   0
    TTG   2   2   1   2   2   3 |     TCG   2   2   3   3   1   1 |     TAG   0   0   0   0   0   0 | Trp TGG   0   0   0   0   0   0
--------------------------------------------------------------------------------------------------------------------------------------
Leu CTT   1   1   1   1   1   1 | Pro CCT   0   0   0   0   0   0 | His CAT   0   0   0   0   0   0 | Arg CGT   0   0   0   0   0   0
    CTC   0   0   0   0   0   0 |     CCC   0   0   0   0   0   0 |     CAC   0   0   0   0   0   0 |     CGC   1   1   1   1   1   1
    CTA   0   0   0   0   0   0 |     CCA   1   0   0   0   1   1 | Gln CAA   0   0   0   0   0   0 |     CGA   0   0   0   0   0   0
    CTG   3   2   2   2   3   2 |     CCG   1   3   4   3   3   3 |     CAG   1   1   1   1   1   1 |     CGG   0   0   0   0   0   0
--------------------------------------------------------------------------------------------------------------------------------------
Ile ATT   0   0   0   0   0   0 | Thr ACT   0   0   0   0   0   0 | Asn AAT   0   1   1   1   1   1 | Ser AGT   0   0   0   0   0   0
    ATC   0   0   0   0   0   0 |     ACC   0   0   0   0   0   0 |     AAC   0   0   0   0   0   0 |     AGC   0   0   0   0   0   0
    ATA   0   0   0   0   0   0 |     ACA   0   0   0   0   0   0 | Lys AAA   0   1   1   1   1   1 | Arg AGA   0   0   0   0   0   0
Met ATG   1   1   1   1   1   1 |     ACG   0   0   0   0   0   0 |     AAG   2   2   2   2   2   2 |     AGG   0   0   0   0   0   0
--------------------------------------------------------------------------------------------------------------------------------------
Val GTT   1   1   1   1   1   1 | Ala GCT   0   0   0   0   0   0 | Asp GAT   1   0   0   0   0   0 | Gly GGT   1   1   1   1   1   1
    GTC   1   1   1   1   1   1 |     GCC   1   1   1   1   1   1 |     GAC   0   0   0   0   0   0 |     GGC   0   0   0   0   0   0
    GTA   1   1   1   1   1   1 |     GCA   0   0   0   0   0   0 | Glu GAA   1   0   0   0   0   0 |     GGA   1   1   1   1   1   1
    GTG   0   0   0   0   0   0 |     GCG   0   0   0   0   0   0 |     GAG   1   1   1   1   1   1 |     GGG   1   1   1   1   1   1
--------------------------------------------------------------------------------------------------------------------------------------

Codon position x base (3x4) table for each sequence.

#1: Argali         
position  1:    T:0.30000    C:0.26667    A:0.16667    G:0.26667
position  2:    T:0.33333    C:0.33333    A:0.20000    G:0.13333
position  3:    T:0.16667    C:0.13333    A:0.23333    G:0.46667
Average         T:0.26667    C:0.24444    A:0.20000    G:0.28889

#2: LesserMouseDeer
position  1:    T:0.23333    C:0.33333    A:0.16667    G:0.26667
position  2:    T:0.33333    C:0.33333    A:0.20000    G:0.13333
position  3:    T:0.23333    C:0.13333    A:0.16667    G:0.46667
Average         T:0.26667    C:0.26667    A:0.17778    G:0.28889

#3: LesserKudu     
position  1:    T:0.30000    C:0.26667    A:0.16667    G:0.26667
position  2:    T:0.33333    C:0.33333    A:0.20000    G:0.13333
position  3:    T:0.16667    C:0.13333    A:0.23333    G:0.46667
Average         T:0.26667    C:0.24444    A:0.20000    G:0.28889

#4: ForestMuskDeer2
position  1:    T:0.30000    C:0.26667    A:0.16667    G:0.26667
position  2:    T:0.33333    C:0.33333    A:0.20000    G:0.13333
position  3:    T:0.20000    C:0.13333    A:0.16667    G:0.50000
Average         T:0.27778    C:0.24444    A:0.17778    G:0.30000

#5: Camel          
position  1:    T:0.26667    C:0.30000    A:0.20000    G:0.23333
position  2:    T:0.33333    C:0.33333    A:0.20000    G:0.13333
position  3:    T:0.16667    C:0.13333    A:0.26667    G:0.43333
Average         T:0.25556    C:0.25556    A:0.22222    G:0.26667

#6: KillerWhale    
position  1:    T:0.26667    C:0.30000    A:0.20000    G:0.23333
position  2:    T:0.33333    C:0.33333    A:0.20000    G:0.13333
position  3:    T:0.20000    C:0.13333    A:0.26667    G:0.40000
Average         T:0.26667    C:0.25556    A:0.22222    G:0.25556

#7: DefassaWaterbuck
position  1:    T:0.30000    C:0.26667    A:0.16667    G:0.26667
position  2:    T:0.33333    C:0.33333    A:0.20000    G:0.13333
position  3:    T:0.16667    C:0.13333    A:0.16667    G:0.53333
Average         T:0.26667    C:0.24444    A:0.17778    G:0.31111

#8: Sheep          
position  1:    T:0.30000    C:0.26667    A:0.16667    G:0.26667
position  2:    T:0.33333    C:0.33333    A:0.20000    G:0.13333
position  3:    T:0.16667    C:0.13333    A:0.23333    G:0.46667
Average         T:0.26667    C:0.24444    A:0.20000    G:0.28889

#9: MaxwellsDuiker 
position  1:    T:0.30000    C:0.26667    A:0.16667    G:0.26667
position  2:    T:0.33333    C:0.33333    A:0.20000    G:0.13333
position  3:    T:0.16667    C:0.13333    A:0.20000    G:0.50000
Average         T:0.26667    C:0.24444    A:0.18889    G:0.30000

#10: GazellaPrzewalskyi
position  1:    T:0.30000    C:0.26667    A:0.16667    G:0.26667
position  2:    T:0.33333    C:0.33333    A:0.20000    G:0.13333
position  3:    T:0.16667    C:0.13333    A:0.20000    G:0.50000
Average         T:0.26667    C:0.24444    A:0.18889    G:0.30000

#11: MountainNyala  
position  1:    T:0.26667    C:0.30000    A:0.16667    G:0.26667
position  2:    T:0.36667    C:0.30000    A:0.20000    G:0.13333
position  3:    T:0.16667    C:0.13333    A:0.20000    G:0.50000
Average         T:0.26667    C:0.24444    A:0.18889    G:0.30000

#12: MuntiacusMuntjak
position  1:    T:0.26667    C:0.30000    A:0.16667    G:0.26667
position  2:    T:0.33333    C:0.33333    A:0.16667    G:0.16667
position  3:    T:0.16667    C:0.13333    A:0.16667    G:0.53333
Average         T:0.25556    C:0.25556    A:0.16667    G:0.32222

#13: goat           
position  1:    T:0.30000    C:0.26667    A:0.16667    G:0.26667
position  2:    T:0.33333    C:0.33333    A:0.20000    G:0.13333
position  3:    T:0.16667    C:0.13333    A:0.20000    G:0.50000
Average         T:0.26667    C:0.24444    A:0.18889    G:0.30000

#14: AfricanBuffalo 
position  1:    T:0.30000    C:0.26667    A:0.16667    G:0.26667
position  2:    T:0.36667    C:0.30000    A:0.20000    G:0.13333
position  3:    T:0.16667    C:0.13333    A:0.16667    G:0.53333
Average         T:0.27778    C:0.23333    A:0.17778    G:0.31111

#15: Topi           
position  1:    T:0.30000    C:0.26667    A:0.16667    G:0.26667
position  2:    T:0.33333    C:0.33333    A:0.20000    G:0.13333
position  3:    T:0.16667    C:0.13333    A:0.20000    G:0.50000
Average         T:0.26667    C:0.24444    A:0.18889    G:0.30000

#16: CommonDuiker   
position  1:    T:0.30000    C:0.23333    A:0.16667    G:0.30000
position  2:    T:0.33333    C:0.33333    A:0.20000    G:0.13333
position  3:    T:0.16667    C:0.13333    A:0.20000    G:0.50000
Average         T:0.26667    C:0.23333    A:0.18889    G:0.31111

#17: Suni           
position  1:    T:0.30000    C:0.26667    A:0.16667    G:0.26667
position  2:    T:0.33333    C:0.33333    A:0.20000    G:0.13333
position  3:    T:0.16667    C:0.13333    A:0.23333    G:0.46667
Average         T:0.26667    C:0.24444    A:0.20000    G:0.28889

#18: Springbuck     
position  1:    T:0.30000    C:0.26667    A:0.16667    G:0.26667
position  2:    T:0.33333    C:0.33333    A:0.20000    G:0.13333
position  3:    T:0.16667    C:0.13333    A:0.23333    G:0.46667
Average         T:0.26667    C:0.24444    A:0.20000    G:0.28889

#19: Okapi          
position  1:    T:0.26667    C:0.30000    A:0.16667    G:0.26667
position  2:    T:0.33333    C:0.33333    A:0.16667    G:0.16667
position  3:    T:0.16667    C:0.13333    A:0.20000    G:0.50000
Average         T:0.25556    C:0.25556    A:0.17778    G:0.31111

#20: Giraffe        
position  1:    T:0.26667    C:0.30000    A:0.16667    G:0.26667
position  2:    T:0.36667    C:0.30000    A:0.20000    G:0.13333
position  3:    T:0.13333    C:0.16667    A:0.20000    G:0.50000
Average         T:0.25556    C:0.25556    A:0.18889    G:0.30000

#21: TibetanAntelope
position  1:    T:0.30000    C:0.26667    A:0.16667    G:0.26667
position  2:    T:0.33333    C:0.33333    A:0.20000    G:0.13333
position  3:    T:0.16667    C:0.13333    A:0.16667    G:0.53333
Average         T:0.26667    C:0.24444    A:0.17778    G:0.31111

#22: Sitatunga      
position  1:    T:0.26667    C:0.30000    A:0.16667    G:0.26667
position  2:    T:0.36667    C:0.30000    A:0.20000    G:0.13333
position  3:    T:0.16667    C:0.13333    A:0.20000    G:0.50000
Average         T:0.26667    C:0.24444    A:0.18889    G:0.30000

#23: Oribi          
position  1:    T:0.30000    C:0.26667    A:0.16667    G:0.26667
position  2:    T:0.33333    C:0.33333    A:0.20000    G:0.13333
position  3:    T:0.16667    C:0.13333    A:0.26667    G:0.43333
Average         T:0.26667    C:0.24444    A:0.21111    G:0.27778

#24: BarbarySheep   
position  1:    T:0.30000    C:0.26667    A:0.16667    G:0.26667
position  2:    T:0.33333    C:0.33333    A:0.20000    G:0.13333
position  3:    T:0.16667    C:0.13333    A:0.23333    G:0.46667
Average         T:0.26667    C:0.24444    A:0.20000    G:0.28889

#25: Daviddeer      
position  1:    T:0.26667    C:0.30000    A:0.16667    G:0.26667
position  2:    T:0.33333    C:0.33333    A:0.16667    G:0.16667
position  3:    T:0.16667    C:0.13333    A:0.20000    G:0.50000
Average         T:0.25556    C:0.25556    A:0.17778    G:0.31111

#26: Reindeer       
position  1:    T:0.30000    C:0.26667    A:0.16667    G:0.26667
position  2:    T:0.33333    C:0.33333    A:0.20000    G:0.13333
position  3:    T:0.16667    C:0.13333    A:0.20000    G:0.50000
Average         T:0.26667    C:0.24444    A:0.18889    G:0.30000

#27: Ibex           
position  1:    T:0.30000    C:0.26667    A:0.16667    G:0.26667
position  2:    T:0.33333    C:0.33333    A:0.20000    G:0.13333
position  3:    T:0.16667    C:0.13333    A:0.20000    G:0.50000
Average         T:0.26667    C:0.24444    A:0.18889    G:0.30000

#28: GyrantGazelle  
position  1:    T:0.30000    C:0.26667    A:0.16667    G:0.26667
position  2:    T:0.33333    C:0.33333    A:0.20000    G:0.13333
position  3:    T:0.16667    C:0.13333    A:0.20000    G:0.50000
Average         T:0.26667    C:0.24444    A:0.18889    G:0.30000

#29: Hartebeest     
position  1:    T:0.30000    C:0.26667    A:0.16667    G:0.26667
position  2:    T:0.33333    C:0.33333    A:0.20000    G:0.13333
position  3:    T:0.16667    C:0.13333    A:0.20000    G:0.50000
Average         T:0.26667    C:0.24444    A:0.18889    G:0.30000

#30: Bongo          
position  1:    T:0.26667    C:0.30000    A:0.16667    G:0.26667
position  2:    T:0.36667    C:0.30000    A:0.20000    G:0.13333
position  3:    T:0.16667    C:0.13333    A:0.20000    G:0.50000
Average         T:0.26667    C:0.24444    A:0.18889    G:0.30000

#31: Gerenuk        
position  1:    T:0.30000    C:0.26667    A:0.16667    G:0.26667
position  2:    T:0.33333    C:0.33333    A:0.20000    G:0.13333
position  3:    T:0.16667    C:0.13333    A:0.20000    G:0.50000
Average         T:0.26667    C:0.24444    A:0.18889    G:0.30000

#32: CommonEland    
position  1:    T:0.26667    C:0.30000    A:0.16667    G:0.26667
position  2:    T:0.36667    C:0.30000    A:0.20000    G:0.13333
position  3:    T:0.16667    C:0.13333    A:0.20000    G:0.50000
Average         T:0.26667    C:0.24444    A:0.18889    G:0.30000

#33: MuntiacusReevesi
position  1:    T:0.26667    C:0.30000    A:0.16667    G:0.26667
position  2:    T:0.33333    C:0.33333    A:0.16667    G:0.16667
position  3:    T:0.16667    C:0.13333    A:0.16667    G:0.53333
Average         T:0.25556    C:0.25556    A:0.16667    G:0.32222

#34: HarveysDuiker  
position  1:    T:0.30000    C:0.26667    A:0.16667    G:0.26667
position  2:    T:0.33333    C:0.33333    A:0.20000    G:0.13333
position  3:    T:0.16667    C:0.13333    A:0.20000    G:0.50000
Average         T:0.26667    C:0.24444    A:0.18889    G:0.30000

#35: Pronghorn      
position  1:    T:0.30000    C:0.26667    A:0.16667    G:0.26667
position  2:    T:0.33333    C:0.33333    A:0.20000    G:0.13333
position  3:    T:0.20000    C:0.13333    A:0.16667    G:0.50000
Average         T:0.27778    C:0.24444    A:0.17778    G:0.30000

#36: BlueWildebeest 
position  1:    T:0.30000    C:0.26667    A:0.16667    G:0.26667
position  2:    T:0.33333    C:0.33333    A:0.20000    G:0.13333
position  3:    T:0.16667    C:0.13333    A:0.20000    G:0.50000
Average         T:0.26667    C:0.24444    A:0.18889    G:0.30000

#37: Gemsbok        
position  1:    T:0.30000    C:0.26667    A:0.16667    G:0.26667
position  2:    T:0.33333    C:0.33333    A:0.20000    G:0.13333
position  3:    T:0.16667    C:0.13333    A:0.20000    G:0.50000
Average         T:0.26667    C:0.24444    A:0.18889    G:0.30000

#38: Yak            
position  1:    T:0.30000    C:0.26667    A:0.16667    G:0.26667
position  2:    T:0.33333    C:0.33333    A:0.20000    G:0.13333
position  3:    T:0.16667    C:0.13333    A:0.23333    G:0.46667
Average         T:0.26667    C:0.24444    A:0.20000    G:0.28889

#39: BlueSheep      
position  1:    T:0.30000    C:0.26667    A:0.16667    G:0.26667
position  2:    T:0.33333    C:0.33333    A:0.20000    G:0.13333
position  3:    T:0.16667    C:0.13333    A:0.20000    G:0.50000
Average         T:0.26667    C:0.24444    A:0.18889    G:0.30000

#40: BohorReedbuck  
position  1:    T:0.30000    C:0.26667    A:0.16667    G:0.26667
position  2:    T:0.33333    C:0.33333    A:0.20000    G:0.13333
position  3:    T:0.16667    C:0.13333    A:0.16667    G:0.53333
Average         T:0.26667    C:0.24444    A:0.17778    G:0.31111

#41: KirksDik       
position  1:    T:0.30000    C:0.26667    A:0.16667    G:0.26667
position  2:    T:0.33333    C:0.33333    A:0.20000    G:0.13333
position  3:    T:0.16667    C:0.13333    A:0.23333    G:0.46667
Average         T:0.26667    C:0.24444    A:0.20000    G:0.28889

#42: RoeDeer        
position  1:    T:0.30000    C:0.26667    A:0.16667    G:0.26667
position  2:    T:0.33333    C:0.33333    A:0.20000    G:0.13333
position  3:    T:0.16667    C:0.13333    A:0.20000    G:0.50000
Average         T:0.26667    C:0.24444    A:0.18889    G:0.30000

#43: WhiteLippedDeer
position  1:    T:0.26667    C:0.26667    A:0.16667    G:0.30000
position  2:    T:0.33333    C:0.33333    A:0.16667    G:0.16667
position  3:    T:0.16667    C:0.13333    A:0.20000    G:0.50000
Average         T:0.25556    C:0.24444    A:0.17778    G:0.32222

#44: ThomsonGazelle 
position  1:    T:0.30000    C:0.26667    A:0.16667    G:0.26667
position  2:    T:0.33333    C:0.33333    A:0.20000    G:0.13333
position  3:    T:0.16667    C:0.13333    A:0.20000    G:0.50000
Average         T:0.26667    C:0.24444    A:0.18889    G:0.30000

#45: MuntiacusCrinifrons
position  1:    T:0.26667    C:0.30000    A:0.16667    G:0.26667
position  2:    T:0.33333    C:0.33333    A:0.16667    G:0.16667
position  3:    T:0.16667    C:0.13333    A:0.16667    G:0.53333
Average         T:0.25556    C:0.25556    A:0.16667    G:0.32222

#46: WhiteTailedDeer
position  1:    T:0.30000    C:0.26667    A:0.16667    G:0.26667
position  2:    T:0.33333    C:0.33333    A:0.20000    G:0.13333
position  3:    T:0.16667    C:0.16667    A:0.16667    G:0.50000
Average         T:0.26667    C:0.25556    A:0.17778    G:0.30000

#47: Cattle         
position  1:    T:0.30000    C:0.26667    A:0.16667    G:0.26667
position  2:    T:0.33333    C:0.33333    A:0.20000    G:0.13333
position  3:    T:0.16667    C:0.13333    A:0.16667    G:0.53333
Average         T:0.26667    C:0.24444    A:0.17778    G:0.31111

#48: RoyalAntelope  
position  1:    T:0.30000    C:0.26667    A:0.16667    G:0.26667
position  2:    T:0.33333    C:0.33333    A:0.20000    G:0.13333
position  3:    T:0.16667    C:0.13333    A:0.23333    G:0.46667
Average         T:0.26667    C:0.24444    A:0.20000    G:0.28889

#49: Steenbok       
position  1:    T:0.30000    C:0.26667    A:0.10000    G:0.33333
position  2:    T:0.36667    C:0.30000    A:0.20000    G:0.13333
position  3:    T:0.16667    C:0.13333    A:0.23333    G:0.46667
Average         T:0.27778    C:0.23333    A:0.17778    G:0.31111

#50: Impala         
position  1:    T:0.30000    C:0.26667    A:0.16667    G:0.26667
position  2:    T:0.33333    C:0.33333    A:0.20000    G:0.13333
position  3:    T:0.16667    C:0.13333    A:0.20000    G:0.50000
Average         T:0.26667    C:0.24444    A:0.18889    G:0.30000

#51: Klipspringer   
position  1:    T:0.26667    C:0.30000    A:0.16667    G:0.26667
position  2:    T:0.30000    C:0.36667    A:0.20000    G:0.13333
