CODONML (in paml version 4.10.7, June 2023)  /home/rachel/ruminants_paml/6406-phy-tree/ENSBTAT00000021350.fasta.phy
Model: free dN/dS Ratios for branches,  kappa = 2.000 fixed

Codon frequency model: F3x4
ns =  54  ls = 103

Codon usage in sequences
--------------------------------------------------------------------------------------------------------------------------------------
Phe TTT   0   0   0   0   0   0 | Ser TCT   0   0   0   0   0   0 | Tyr TAT   1   1   1   1   1   1 | Cys TGT   1   0   1   1   1   1
    TTC   0   0   0   0   0   0 |     TCC   0   0   0   0   0   0 |     TAC   1   1   1   1   1   1 |     TGC   0   1   0   0   0   0
Leu TTA   0   1   1   1   0   0 |     TCA   0   0   0   0   0   0 | *** TAA   0   0   0   0   0   0 | *** TGA   0   0   0   0   0   0
    TTG   4   2   4   4   5   4 |     TCG   0   0   0   0   0   0 |     TAG   0   0   0   0   0   0 | Trp TGG   1   1   1   1   1   1
--------------------------------------------------------------------------------------------------------------------------------------
Leu CTT   4   4   4   3   4   4 | Pro CCT   1   1   1   1   2   1 | His CAT   5   6   5   6   4   6 | Arg CGT   1   2   1   1   1   3
    CTC   1   1   1   2   1   1 |     CCC   0   0   0   0   0   0 |     CAC   2   1   2   1   3   1 |     CGC   2   1   2   2   1   0
    CTA   1   1   0   0   0   1 |     CCA   1   1   2   2   1   3 | Gln CAA   1   2   1   1   1   1 |     CGA   1   2   1   1   1   1
    CTG   3   4   3   3   3   3 |     CCG   1   2   1   1   1   0 |     CAG   2   1   2   2   2   2 |     CGG   0   0   0   0   1   0
--------------------------------------------------------------------------------------------------------------------------------------
Ile ATT   0   0   0   0   0   0 | Thr ACT   1   1   1   1   0   1 | Asn AAT   1   2   2   2   0   2 | Ser AGT   0   0   0   0   0   0
    ATC   1   1   1   1   1   1 |     ACC   0   0   0   0   1   0 |     AAC   3   2   2   2   4   2 |     AGC   0   0   0   0   0   0
    ATA   2   2   2   2   2   2 |     ACA   0   0   0   0   0   0 | Lys AAA   6   7   6   6   7   6 | Arg AGA   6   5   6   6   6   6
Met ATG   3   3   3   3   3   3 |     ACG   0   0   0   0   0   0 |     AAG   6   5   6   6   5   6 |     AGG   0   0   0   0   0   0
--------------------------------------------------------------------------------------------------------------------------------------
Val GTT   2   1   2   3   3   3 | Ala GCT   8   8   8   9   7   7 | Asp GAT   3   3   3   3   3   3 | Gly GGT   0   0   0   0   0   0
    GTC   0   2   0   0   0   0 |     GCC   3   2   3   2   3   3 |     GAC   1   1   1   1   1   1 |     GGC   2   1   1   1   1   1
    GTA   0   0   0   0   0   0 |     GCA   4   4   3   3   3   4 | Glu GAA   9   9   9   8   9  10 |     GGA   0   2   1   2   2   1
    GTG   2   1   2   1   1   1 |     GCG   0   0   0   0   1   0 |     GAG   4   4   4   5   4   3 |     GGG   2   1   2   1   1   2
--------------------------------------------------------------------------------------------------------------------------------------

--------------------------------------------------------------------------------------------------------------------------------------
Phe TTT   0   0   0   0   0   0 | Ser TCT   0   0   0   0   0   0 | Tyr TAT   1   1   1   1   1   2 | Cys TGT   1   1   1   1   1   1
    TTC   0   0   0   0   0   0 |     TCC   0   0   0   0   0   0 |     TAC   1   1   1   1   1   0 |     TGC   0   0   0   0   0   0
Leu TTA   1   0   1   1   1   0 |     TCA   0   0   0   0   0   0 | *** TAA   0   0   0   0   0   0 | *** TGA   0   0   0   0   0   0
    TTG   4   4   4   4   4   3 |     TCG   0   0   0   0   0   0 |     TAG   0   0   0   0   0   0 | Trp TGG   1   1   1   1   1   1
--------------------------------------------------------------------------------------------------------------------------------------
Leu CTT   4   4   4   4   3   4 | Pro CCT   1   1   1   1   1   1 | His CAT   4   5   5   5   5   5 | Arg CGT   1   1   1   1   1   1
    CTC   1   1   1   1   2   1 |     CCC   1   0   0   0   0   1 |     CAC   3   2   2   2   2   2 |     CGC   2   2   2   2   2   2
    CTA   0   1   0   0   0   1 |     CCA   0   1   1   1   2   1 | Gln CAA   1   1   1   2   1   0 |     CGA   1   1   1   1   1   2
    CTG   3   3   3   3   3   4 |     CCG   1   1   1   1   1   1 |     CAG   2   2   2   1   2   3 |     CGG   0   0   0   0   0   0
--------------------------------------------------------------------------------------------------------------------------------------
Ile ATT   0   0   0   0   0   0 | Thr ACT   1   1   1   1   1   0 | Asn AAT   1   2   1   1   2   2 | Ser AGT   0   0   0   0   0   0
    ATC   1   1   1   1   1   1 |     ACC   0   0   0   0   0   1 |     AAC   3   3   3   3   2   2 |     AGC   0   0   0   0   0   0
    ATA   2   2   2   2   2   2 |     ACA   0   0   0   0   0   0 | Lys AAA   6   6   6   6   6   6 | Arg AGA   6   6   6   6   6   4
Met ATG   3   3   3   3   3   3 |     ACG   0   0   0   0   0   0 |     AAG   6   5   6   6   6   6 |     AGG   0   0   0   0   0   1
--------------------------------------------------------------------------------------------------------------------------------------
Val GTT   2   2   3   2   2   3 | Ala GCT   8   8   7   7   8   8 | Asp GAT   3   2   3   3   3   3 | Gly GGT   0   0   0   0   0   0
    GTC   0   0   0   0   0   0 |     GCC   3   3   3   4   3   3 |     GAC   1   1   1   1   1   1 |     GGC   2   2   2   2   1   1
    GTA   0   1   0   0   0   0 |     GCA   3   4   3   3   3   3 | Glu GAA   9   9  10   9   9   9 |     GGA   0   0   0   0   1   2
    GTG   2   2   2   2   2   1 |     GCG   1   0   1   1   0   0 |     GAG   4   4   3   4   4   4 |     GGG   2   2   2   2   2   1
--------------------------------------------------------------------------------------------------------------------------------------

--------------------------------------------------------------------------------------------------------------------------------------
Phe TTT   0   0   0   0   0   0 | Ser TCT   0   0   0   0   0   0 | Tyr TAT   1   1   1   1   1   1 | Cys TGT   1   1   1   1   1   1
    TTC   0   0   0   0   0   0 |     TCC   0   0   0   0   0   0 |     TAC   1   1   1   1   1   1 |     TGC   0   0   0   0   0   0
Leu TTA   0   1   1   1   2   1 |     TCA   0   0   0   0   0   0 | *** TAA   0   0   0   0   0   0 | *** TGA   0   0   0   0   0   0
    TTG   4   4   3   4   3   4 |     TCG   0   0   0   0   0   0 |     TAG   0   0   0   0   0   0 | Trp TGG   1   1   1   1   1   1
--------------------------------------------------------------------------------------------------------------------------------------
Leu CTT   3   4   4   4   4   4 | Pro CCT   1   1   1   1   1   1 | His CAT   5   4   5   5   5   4 | Arg CGT   1   1   1   1   1   1
    CTC   1   1   1   1   1   1 |     CCC   0   0   0   0   0   0 |     CAC   2   3   2   2   2   3 |     CGC   2   2   2   2   2   2
    CTA   1   0   0   0   0   0 |     CCA   1   2   1   1   2   1 | Gln CAA   1   1   1   1   1   1 |     CGA   1   1   1   1   1   1
    CTG   4   3   4   3   3   3 |     CCG   1   1   1   1   0   1 |     CAG   2   2   2   2   2   2 |     CGG   0   0   0   0   0   0
--------------------------------------------------------------------------------------------------------------------------------------
Ile ATT   0   0   0   0   0   0 | Thr ACT   1   1   1   1   1   1 | Asn AAT   1   2   1   1   1   1 | Ser AGT   0   0   0   0   0   0
    ATC   1   1   1   1   1   1 |     ACC   0   0   0   0   0   0 |     AAC   3   2   3   3   3   3 |     AGC   0   0   0   0   0   0
    ATA   2   2   2   2   2   2 |     ACA   0   0   0   0   0   0 | Lys AAA   6   7   6   6   7   6 | Arg AGA   6   6   6   6   5   6
Met ATG   3   3   3   3   3   3 |     ACG   0   0   0   0   0   0 |     AAG   6   5   6   6   5   6 |     AGG   0   0   0   0   1   0
--------------------------------------------------------------------------------------------------------------------------------------
Val GTT   2   2   2   3   2   2 | Ala GCT   8   8   8   7   7   8 | Asp GAT   3   3   3   3   3   3 | Gly GGT   0   0   0   0   0   0
    GTC   0   0   0   0   0   0 |     GCC   3   3   3   3   4   3 |     GAC   1   1   1   1   1   1 |     GGC   2   1   2   2   2   2
    GTA   0   0   0   0   0   0 |     GCA   4   3   3   3   3   3 | Glu GAA   9  10   9   9   9   9 |     GGA   0   2   0   0   0   0
    GTG   2   2   3   2   2   2 |     GCG   0   0   0   1   1   1 |     GAG   4   3   4   4   4   4 |     GGG   2   1   2   2   2   2
--------------------------------------------------------------------------------------------------------------------------------------

--------------------------------------------------------------------------------------------------------------------------------------
Phe TTT   0   0   0   0   0   0 | Ser TCT   0   0   0   0   0   0 | Tyr TAT   1   1   1   1   1   1 | Cys TGT   1   1   1   1   1   1
    TTC   0   0   0   0   0   0 |     TCC   0   0   0   0   0   0 |     TAC   1   1   1   1   1   1 |     TGC   0   0   0   0   0   0
Leu TTA   1   1   1   1   1   0 |     TCA   0   0   0   0   0   0 | *** TAA   0   0   0   0   0   0 | *** TGA   0   0   0   0   0   0
    TTG   3   3   4   4   3   4 |     TCG   0   0   0   0   0   0 |     TAG   0   0   0   0   0   0 | Trp TGG   1   1   1   1   1   1
--------------------------------------------------------------------------------------------------------------------------------------
Leu CTT   4   4   4   4   4   4 | Pro CCT   1   1   1   1   1   1 | His CAT   5   6   5   5   5   5 | Arg CGT   1   1   1   1   1   1
    CTC   1   1   1   1   1   1 |     CCC   0   0   0   0   0   0 |     CAC   1   1   2   2   2   2 |     CGC   2   2   2   2   2   2
    CTA   0   0   0   0   0   1 |     CCA   3   3   1   2   1   2 | Gln CAA   1   1   1   1   1   1 |     CGA   1   1   1   1   1   1
    CTG   4   4   3   3   4   3 |     CCG   0   0   1   1   1   0 |     CAG   3   2   2   2   2   2 |     CGG   0   0   0   0   0   0
--------------------------------------------------------------------------------------------------------------------------------------
Ile ATT   0   0   0   0   0   0 | Thr ACT   1   1   1   1   1   1 | Asn AAT   2   2   1   2   1   1 | Ser AGT   0   0   0   0   0   0
    ATC   1   1   1   1   1   1 |     ACC   0   0   0   0   0   0 |     AAC   2   2   3   2   3   3 |     AGC   0   0   0   0   0   0
    ATA   2   2   2   2   2   2 |     ACA   0   0   0   0   0   0 | Lys AAA   6   6   7   6   6   6 | Arg AGA   6   6   6   6   6   5
Met ATG   3   3   3   3   3   3 |     ACG   0   0   0   0   0   0 |     AAG   6   6   5   6   6   6 |     AGG   0   0   0   0   0   1
--------------------------------------------------------------------------------------------------------------------------------------
Val GTT   3   3   2   2   2   2 | Ala GCT   7   7   9   8   8   9 | Asp GAT   3   3   3   3   3   3 | Gly GGT   0   0   0   0   0   0
    GTC   0   0   0   0   0   0 |     GCC   3   3   3   3   3   3 |     GAC   1   1   1   1   1   1 |     GGC   1   1   2   1   2   2
    GTA   0   0   0   0   0   0 |     GCA   4   4   3   3   3   3 | Glu GAA   9   9   9   9   9   9 |     GGA   2   2   0   1   0   0
    GTG   1   1   2   2   2   2 |     GCG   0   0   0   0   1   0 |     GAG   4   4   4   4   4   4 |     GGG   1   1   2   2   2   2
--------------------------------------------------------------------------------------------------------------------------------------

--------------------------------------------------------------------------------------------------------------------------------------
Phe TTT   0   0   0   0   0   0 | Ser TCT   0   0   0   0   0   0 | Tyr TAT   2   2   1   1   1   1 | Cys TGT   0   1   1   1   1   1
    TTC   0   0   0   0   0   0 |     TCC   0   0   0   0   0   0 |     TAC   0   0   1   1   1   1 |     TGC   1   0   0   0   0   0
Leu TTA   1   1   0   1   1   1 |     TCA   0   0   0   0   0   0 | *** TAA   0   0   0   0   0   0 | *** TGA   0   0   0   0   0   0
    TTG   3   3   4   3   3   4 |     TCG   0   0   0   0   0   0 |     TAG   0   0   0   0   0   0 | Trp TGG   1   1   1   1   1   1
--------------------------------------------------------------------------------------------------------------------------------------
Leu CTT   4   4   4   4   4   3 | Pro CCT   1   1   1   1   1   1 | His CAT   5   5   5   4   5   5 | Arg CGT   1   1   1   1   1   1
    CTC   1   1   1   1   1   2 |     CCC   1   1   0   0   0   0 |     CAC   2   2   2   3   2   2 |     CGC   2   1   2   2   2   2
    CTA   0   0   1   0   0   0 |     CCA   0   1   1   1   1   2 | Gln CAA   1   1   1   1   1   1 |     CGA   2   3   1   1   1   1
    CTG   4   4   3   4   4   3 |     CCG   2   1   1   1   1   1 |     CAG   2   2   2   2   2   2 |     CGG   0   0   0   0   0   0
--------------------------------------------------------------------------------------------------------------------------------------
Ile ATT   0   0   0   1   0   0 | Thr ACT   0   1   1   1   1   1 | Asn AAT   2   2   1   1   1   2 | Ser AGT   0   0   0   0   0   0
    ATC   1   1   1   0   1   1 |     ACC   1   0   0   0   0   0 |     AAC   2   2   3   3   3   2 |     AGC   0   0   0   0   0   0
    ATA   2   2   2   2   2   2 |     ACA   0   0   0   0   0   0 | Lys AAA   6   6   6   6   6   6 | Arg AGA   4   5   6   6   6   6
Met ATG   3   3   3   3   3   3 |     ACG   0   0   0   0   0   0 |     AAG   6   6   6   6   6   6 |     AGG   1   0   0   0   0   0
--------------------------------------------------------------------------------------------------------------------------------------
Val GTT   3   3   2   2   2   2 | Ala GCT   8   8   8   8   8   8 | Asp GAT   3   3   3   3   3   3 | Gly GGT   0   0   0   0   0   0
    GTC   0   0   0   0   0   0 |     GCC   3   3   3   3   3   3 |     GAC   1   1   1   1   1   1 |     GGC   1   1   2   2   2   1
    GTA   0   0   0   0   0   0 |     GCA   3   3   4   3   3   3 | Glu GAA   9   9   9   9   9   9 |     GGA   3   2   0   0   0   1
    GTG   1   1   2   2   3   2 |     GCG   0   0   0   1   0   0 |     GAG   4   4   4   4   4   4 |     GGG   0   1   2   2   2   2
--------------------------------------------------------------------------------------------------------------------------------------

--------------------------------------------------------------------------------------------------------------------------------------
Phe TTT   0   0   0   0   0   0 | Ser TCT   0   0   0   0   0   0 | Tyr TAT   1   1   2   1   1   1 | Cys TGT   1   1   1   1   1   1
    TTC   0   0   0   0   0   0 |     TCC   0   0   0   0   0   0 |     TAC   1   1   0   1   1   1 |     TGC   0   0   0   0   0   0
Leu TTA   1   1   0   1   1   1 |     TCA   0   0   0   0   0   0 | *** TAA   0   0   0   0   0   0 | *** TGA   0   0   0   0   0   0
    TTG   4   4   3   4   4   3 |     TCG   0   0   0   0   0   0 |     TAG   0   0   0   0   0   0 | Trp TGG   1   1   1   1   1   1
--------------------------------------------------------------------------------------------------------------------------------------
Leu CTT   4   3   4   4   4   4 | Pro CCT   1   1   1   1   0   1 | His CAT   4   5   5   5   6   5 | Arg CGT   1   1   1   1   1   1
    CTC   1   2   1   1   1   1 |     CCC   0   0   1   0   1   0 |     CAC   3   2   2   2   1   2 |     CGC   2   2   2   2   2   2
    CTA   0   0   1   0   1   0 |     CCA   2   2   1   1   3   1 | Gln CAA   1   1   0   1   1   1 |     CGA   1   1   2   1   1   1
    CTG   3   3   4   3   2   4 |     CCG   0   1   1   1   0   1 |     CAG   2   2   3   2   2   2 |     CGG   0   0   0   0   0   0
--------------------------------------------------------------------------------------------------------------------------------------
Ile ATT   0   0   0   0   0   0 | Thr ACT   1   1   0   1   1   1 | Asn AAT   1   2   2   1   2   1 | Ser AGT   0   0   0   0   0   0
    ATC   1   1   1   1   1   1 |     ACC   0   0   1   0   0   0 |     AAC   3   2   2   3   2   3 |     AGC   0   0   0   0   0   0
    ATA   2   2   2   2   2   2 |     ACA   0   0   0   0   0   0 | Lys AAA   6   6   6   6   6   6 | Arg AGA   6   6   4   6   6   6
Met ATG   3   3   3   3   3   3 |     ACG   0   0   0   0   0   0 |     AAG   6   6   6   6   6   6 |     AGG   0   0   1   0   0   0
--------------------------------------------------------------------------------------------------------------------------------------
Val GTT   2   2   3   3   3   2 | Ala GCT   8   8   8   7   7   8 | Asp GAT   3   3   3   3   3   3 | Gly GGT   0   0   0   0   0   0
    GTC   0   0   0   0   0   0 |     GCC   3   3   3   3   3   3 |     GAC   1   1   1   1   1   1 |     GGC   2   1   1   2   1   2
    GTA   0   0   0   0   0   0 |     GCA   3   3   3   3   4   3 | Glu GAA   9   9   9   9   9   9 |     GGA   0   1   2   0   2   0
    GTG   2   2   1   2   1   2 |     GCG   1   0   0   1   0   1 |     GAG   4   4   4   4   4   4 |     GGG   2   2   1   2   1   2
--------------------------------------------------------------------------------------------------------------------------------------

--------------------------------------------------------------------------------------------------------------------------------------
Phe TTT   0   0   0   0   0   0 | Ser TCT   0   0   0   0   0   0 | Tyr TAT   1   1   1   1   1   2 | Cys TGT   1   1   1   1   1   1
    TTC   0   0   0   0   0   0 |     TCC   0   0   0   0   0   0 |     TAC   1   1   1   1   1   0 |     TGC   0   0   0   0   0   0
Leu TTA   1   1   0   1   1   1 |     TCA   0   0   0   0   0   0 | *** TAA   0   0   0   0   0   0 | *** TGA   0   0   0   0   0   0
    TTG   3   4   4   4   4   3 |     TCG   0   0   0   0   0   0 |     TAG   0   0   0   0   0   0 | Trp TGG   1   1   1   1   1   1
--------------------------------------------------------------------------------------------------------------------------------------
Leu CTT   4   3   4   4   4   4 | Pro CCT   1   1   1   1   1   1 | His CAT   5   5   5   4   4   5 | Arg CGT   1   1   1   1   1   1
    CTC   1   2   1   1   1   1 |     CCC   0   0   0   0   0   1 |     CAC   2   2   2   3   3   2 |     CGC   2   2   2   2   2   2
    CTA   0   0   1   0   0   0 |     CCA   1   2   1   1   1   1 | Gln CAA   1   0   1   1   1   1 |     CGA   1   1   1   1   1   2
    CTG   4   3   3   3   3   4 |     CCG   1   1   1   1   1   1 |     CAG   2   3   2   2   2   2 |     CGG   0   0   0   0   0   0
--------------------------------------------------------------------------------------------------------------------------------------
Ile ATT   0   0   0   0   0   0 | Thr ACT   1   1   1   1   1   1 | Asn AAT   1   2   1   1   1   2 | Ser AGT   0   0   0   0   0   0
    ATC   1   1   1   1   1   1 |     ACC   0   0   0   0   0   0 |     AAC   3   2   3   3   3   2 |     AGC   0   0   0   0   0   0
    ATA   2   2   2   2   2   2 |     ACA   0   0   0   0   0   0 | Lys AAA   6   6   6   6   6   7 | Arg AGA   6   6   6   6   5   5
Met ATG   3   3   3   3   3   3 |     ACG   1   0   0   0   0   0 |     AAG   6   6   6   6   6   5 |     AGG   0   0   0   0   1   0
--------------------------------------------------------------------------------------------------------------------------------------
Val GTT   2   2   2   2   2   3 | Ala GCT   8   8   9   8   8   8 | Asp GAT   3   3   3   3   3   3 | Gly GGT   0   0   0   0   0   0
    GTC   0   0   0   0   0   0 |     GCC   3   3   3   3   3   3 |     GAC   1   1   1   1   1   1 |     GGC   2   1   2   2   3   1
    GTA   0   0   0   0   0   0 |     GCA   3   3   3   3   3   3 | Glu GAA   9  10   9   9   9   9 |     GGA   0   2   0   0   0   2
    GTG   2   2   2   2   2   1 |     GCG   0   0   0   1   1   0 |     GAG   4   3   4   4   4   4 |     GGG   2   1   2   2   1   1
--------------------------------------------------------------------------------------------------------------------------------------

--------------------------------------------------------------------------------------------------------------------------------------
Phe TTT   0   0   0   0   0   0 | Ser TCT   0   0   0   0   0   0 | Tyr TAT   2   1   2   2   1   1 | Cys TGT   0   1   1   1   1   1
    TTC   0   0   0   0   0   0 |     TCC   0   0   0   0   0   0 |     TAC   0   1   0   0   1   1 |     TGC   1   0   0   0   0   0
Leu TTA   1   1   0   1   1   1 |     TCA   0   0   0   0   0   0 | *** TAA   0   0   0   0   0   0 | *** TGA   0   0   0   0   0   0
    TTG   3   3   3   3   4   4 |     TCG   0   0   0   0   0   0 |     TAG   0   0   0   0   0   0 | Trp TGG   1   1   1   1   1   1
--------------------------------------------------------------------------------------------------------------------------------------
Leu CTT   4   4   4   4   3   4 | Pro CCT   1   1   1   1   1   1 | His CAT   5   4   5   5   5   5 | Arg CGT   1   1   1   1   1   1
    CTC   1   1   1   1   2   1 |     CCC   1   0   1   1   0   0 |     CAC   2   3   2   2   2   2 |     CGC   2   2   2   2   2   2
    CTA   1   0   1   0   0   1 |     CCA   0   1   1   1   2   2 | Gln CAA   1   1   0   1   0   1 |     CGA   2   1   2   2   1   1
    CTG   3   4   4   4   3   2 |     CCG   2   1   1   1   1   0 |     CAG   2   2   3   2   3   2 |     CGG   0   0   0   0   0   0
--------------------------------------------------------------------------------------------------------------------------------------
Ile ATT   0   1   0   0   0   0 | Thr ACT   0   1   0   1   1   1 | Asn AAT   2   1   2   2   2   1 | Ser AGT   0   0   0   0   0   0
    ATC   1   0   1   1   1   1 |     ACC   1   0   1   0   0   0 |     AAC   2   3   2   2   2   3 |     AGC   0   0   0   0   0   0
    ATA   2   2   2   2   2   2 |     ACA   0   0   0   0   0   0 | Lys AAA   6   6   6   6   6   6 | Arg AGA   4   6   4   5   6   6
Met ATG   3   3   3   3   3   3 |     ACG   0   0   0   0   0   0 |     AAG   6   6   6   6   6   6 |     AGG   1   0   1   0   0   0
--------------------------------------------------------------------------------------------------------------------------------------
Val GTT   3   2   3   3   2   2 | Ala GCT   8   8   8   8   8   8 | Asp GAT   3   3   3   3   3   3 | Gly GGT   0   0   0   0   0   0
    GTC   0   0   0   0   0   0 |     GCC   3   3   3   3   3   3 |     GAC   1   1   1   1   1   1 |     GGC   1   2   1   1   1   2
    GTA   0   0   0   0   0   1 |     GCA   3   3   3   3   3   3 | Glu GAA   9   9   9   9  10   9 |     GGA   2   0   2   2   2   0
    GTG   1   2   1   1   2   1 |     GCG   0   1   0   0   0   1 |     GAG   4   4   4   4   3   4 |     GGG   1   2   1   1   1   2
--------------------------------------------------------------------------------------------------------------------------------------

--------------------------------------------------------------------------------------------------------------------------------------
Phe TTT   0   0   0   0   0   0 | Ser TCT   0   0   0   0   0   0 | Tyr TAT   1   1   1   1   1   1 | Cys TGT   1   1   1   1   1   1
    TTC   0   0   0   0   0   0 |     TCC   0   0   0   0   0   0 |     TAC   1   1   1   1   1   1 |     TGC   0   0   0   0   0   0
Leu TTA   1   1   1   1   1   1 |     TCA   0   0   0   0   0   0 | *** TAA   0   0   0   0   0   0 | *** TGA   0   0   0   0   0   0
    TTG   4   4   4   4   4   4 |     TCG   0   0   0   0   0   0 |     TAG   0   0   0   0   0   0 | Trp TGG   1   1   1   1   1   1
--------------------------------------------------------------------------------------------------------------------------------------
Leu CTT   4   3   4   3   3   4 | Pro CCT   2   1   1   1   1   1 | His CAT   5   6   4   6   5   5 | Arg CGT   1   1   1   1   1   1
    CTC   1   2   1   2   2   1 |     CCC   0   0   0   0   0   0 |     CAC   2   1   3   1   2   2 |     CGC   2   2   2   2   2   2
    CTA   0   0   0   0   0   0 |     CCA   1   2   1   2   2   3 | Gln CAA   1   1   1   1   1   1 |     CGA   1   1   1   1   1   1
    CTG   3   3   3   3   3   3 |     CCG   0   0   1   1   1   0 |     CAG   2   2   2   2   2   2 |     CGG   0   0   0   0   0   0
--------------------------------------------------------------------------------------------------------------------------------------
Ile ATT   0   0   0   0   0   0 | Thr ACT   0   1   1   1   0   1 | Asn AAT   1   2   1   2   2   2 | Ser AGT   0   0   0   0   0   0
    ATC   1   1   1   1   1   1 |     ACC   1   0   0   0   1   0 |     AAC   3   2   3   2   2   2 |     AGC   0   0   0   0   0   0
    ATA   2   2   2   2   2   2 |     ACA   0   0   0   0   0   0 | Lys AAA   6   6   6   6   6   6 | Arg AGA   6   6   6   6   6   6
Met ATG   3   3   3   3   3   3 |     ACG   0   0   0   0   0   0 |     AAG   6   6   6   6   6   6 |     AGG   0   0   0   0   0   0
--------------------------------------------------------------------------------------------------------------------------------------
Val GTT   2   2   2   3   2   2 | Ala GCT   7   8   8   9   8   8 | Asp GAT   3   3   3   3   3   3 | Gly GGT   0   0   0   0   0   0
    GTC   0   0   0   0   0   0 |     GCC   6   3   3   2   3   3 |     GAC   1   1   1   1   1   1 |     GGC   2   2   2   1   1   1
    GTA   0   0   0   0   0   0 |     GCA   2   3   3   3   3   3 | Glu GAA   9   9   9   8   9   9 |     GGA   0   0   0   2   1   1
    GTG   2   2   2   1   2   2 |     GCG   0   1   1   0   0   0 |     GAG   4   4   4   5   4   4 |     GGG   2   2   2   1   2   2
--------------------------------------------------------------------------------------------------------------------------------------

Codon position x base (3x4) table for each sequence.

#1: Argali         
position  1:    T:0.07767    C:0.25243    A:0.28155    G:0.38835
position  2:    T:0.22330    C:0.18447    A:0.43689    G:0.15534
position  3:    T:0.27184    C:0.15534    A:0.30097    G:0.27184
Average         T:0.19094    C:0.19741    A:0.33981    G:0.27184

#2: LesserMouseDeer
position  1:    T:0.06796    C:0.28155    A:0.27184    G:0.37864
position  2:    T:0.22330    C:0.18447    A:0.43689    G:0.15534
position  3:    T:0.28155    C:0.13592    A:0.34951    G:0.23301
Average         T:0.19094    C:0.20065    A:0.35275    G:0.25566

#3: LesserKudu     
position  1:    T:0.08738    C:0.25243    A:0.28155    G:0.37864
position  2:    T:0.22330    C:0.18447    A:0.43689    G:0.15534
position  3:    T:0.28155    C:0.13592    A:0.31068    G:0.27184
Average         T:0.19741    C:0.19094    A:0.34304    G:0.26861

#4: ForestMuskDeer2
position  1:    T:0.08738    C:0.25243    A:0.28155    G:0.37864
position  2:    T:0.22330    C:0.18447    A:0.43689    G:0.15534
position  3:    T:0.30097    C:0.12621    A:0.31068    G:0.26214
Average         T:0.20388    C:0.18770    A:0.34304    G:0.26537

#5: Camel          
position  1:    T:0.08738    C:0.25243    A:0.28155    G:0.37864
position  2:    T:0.22330    C:0.18447    A:0.43689    G:0.15534
position  3:    T:0.25243    C:0.16505    A:0.31068    G:0.27184
Average         T:0.18770    C:0.20065    A:0.34304    G:0.26861

#6: KillerWhale    
position  1:    T:0.07767    C:0.26214    A:0.28155    G:0.37864
position  2:    T:0.22330    C:0.18447    A:0.43689    G:0.15534
position  3:    T:0.31068    C:0.10680    A:0.33981    G:0.24272
Average         T:0.20388    C:0.18447    A:0.35275    G:0.25890

#7: DefassaWaterbuck
position  1:    T:0.08738    C:0.24272    A:0.28155    G:0.38835
position  2:    T:0.22330    C:0.18447    A:0.43689    G:0.15534
position  3:    T:0.26214    C:0.17476    A:0.28155    G:0.28155
Average         T:0.19094    C:0.20065    A:0.33333    G:0.27508

#8: Sheep          
position  1:    T:0.07767    C:0.25243    A:0.28155    G:0.38835
position  2:    T:0.23301    C:0.18447    A:0.42718    G:0.15534
position  3:    T:0.27184    C:0.15534    A:0.31068    G:0.26214
Average         T:0.19417    C:0.19741    A:0.33981    G:0.26861

#9: MaxwellsDuiker 
position  1:    T:0.08738    C:0.24272    A:0.28155    G:0.38835
position  2:    T:0.23301    C:0.17476    A:0.43689    G:0.15534
position  3:    T:0.27184    C:0.15534    A:0.30097    G:0.27184
Average         T:0.19741    C:0.19094    A:0.33981    G:0.27184

#10: GazellaPrzewalskyi
position  1:    T:0.08738    C:0.24272    A:0.28155    G:0.38835
position  2:    T:0.22330    C:0.18447    A:0.43689    G:0.15534
position  3:    T:0.26214    C:0.16505    A:0.30097    G:0.27184
Average         T:0.19094    C:0.19741    A:0.33981    G:0.27184

#11: MountainNyala  
position  1:    T:0.08738    C:0.25243    A:0.28155    G:0.37864
position  2:    T:0.22330    C:0.18447    A:0.43689    G:0.15534
position  3:    T:0.27184    C:0.14563    A:0.31068    G:0.27184
Average         T:0.19417    C:0.19417    A:0.34304    G:0.26861

#12: MuntiacusMuntjak
position  1:    T:0.06796    C:0.28155    A:0.27184    G:0.37864
position  2:    T:0.22330    C:0.18447    A:0.43689    G:0.15534
position  3:    T:0.29126    C:0.14563    A:0.29126    G:0.27184
Average         T:0.19417    C:0.20388    A:0.33333    G:0.26861

#13: goat           
position  1:    T:0.07767    C:0.25243    A:0.28155    G:0.38835
position  2:    T:0.22330    C:0.18447    A:0.43689    G:0.15534
position  3:    T:0.26214    C:0.15534    A:0.30097    G:0.28155
Average         T:0.18770    C:0.19741    A:0.33981    G:0.27508

#14: AfricanBuffalo 
position  1:    T:0.08738    C:0.25243    A:0.28155    G:0.37864
position  2:    T:0.22330    C:0.18447    A:0.43689    G:0.15534
position  3:    T:0.27184    C:0.14563    A:0.33981    G:0.24272
Average         T:0.19417    C:0.19417    A:0.35275    G:0.25890

#15: Topi           
position  1:    T:0.07767    C:0.25243    A:0.28155    G:0.38835
position  2:    T:0.23301    C:0.17476    A:0.43689    G:0.15534
position  3:    T:0.27184    C:0.15534    A:0.29126    G:0.28155
Average         T:0.19417    C:0.19417    A:0.33657    G:0.27508

#16: CommonDuiker   
position  1:    T:0.08738    C:0.24272    A:0.28155    G:0.38835
position  2:    T:0.23301    C:0.17476    A:0.43689    G:0.15534
position  3:    T:0.27184    C:0.15534    A:0.29126    G:0.28155
Average         T:0.19741    C:0.19094    A:0.33657    G:0.27508

#17: Suni           
position  1:    T:0.08738    C:0.24272    A:0.28155    G:0.38835
position  2:    T:0.22330    C:0.18447    A:0.43689    G:0.15534
position  3:    T:0.26214    C:0.16505    A:0.31068    G:0.26214
Average         T:0.19094    C:0.19741    A:0.34304    G:0.26861

#18: Springbuck     
position  1:    T:0.08738    C:0.24272    A:0.28155    G:0.38835
position  2:    T:0.22330    C:0.18447    A:0.43689    G:0.15534
position  3:    T:0.26214    C:0.16505    A:0.29126    G:0.28155
Average         T:0.19094    C:0.19741    A:0.33657    G:0.27508

#19: Okapi          
position  1:    T:0.07767    C:0.26214    A:0.28155    G:0.37864
position  2:    T:0.22330    C:0.18447    A:0.43689    G:0.15534
position  3:    T:0.28155    C:0.12621    A:0.33981    G:0.25243
Average         T:0.19417    C:0.19094    A:0.35275    G:0.26214

#20: Giraffe        
position  1:    T:0.07767    C:0.26214    A:0.28155    G:0.37864
position  2:    T:0.22330    C:0.18447    A:0.43689    G:0.15534
position  3:    T:0.29126    C:0.12621    A:0.33981    G:0.24272
Average         T:0.19741    C:0.19094    A:0.35275    G:0.25890

#21: TibetanAntelope
position  1:    T:0.08738    C:0.24272    A:0.28155    G:0.38835
position  2:    T:0.22330    C:0.18447    A:0.43689    G:0.15534
position  3:    T:0.28155    C:0.15534    A:0.30097    G:0.26214
Average         T:0.19741    C:0.19417    A:0.33981    G:0.26861

#22: Sitatunga      
position  1:    T:0.08738    C:0.25243    A:0.28155    G:0.37864
position  2:    T:0.22330    C:0.18447    A:0.43689    G:0.15534
position  3:    T:0.28155    C:0.13592    A:0.31068    G:0.27184
Average         T:0.19741    C:0.19094    A:0.34304    G:0.26861

#23: Oribi          
position  1:    T:0.07767    C:0.25243    A:0.28155    G:0.38835
position  2:    T:0.22330    C:0.18447    A:0.43689    G:0.15534
position  3:    T:0.27184    C:0.15534    A:0.29126    G:0.28155
Average         T:0.19094    C:0.19741    A:0.33657    G:0.27508

#24: BarbarySheep   
position  1:    T:0.07767    C:0.25243    A:0.28155    G:0.38835
position  2:    T:0.22330    C:0.18447    A:0.43689    G:0.15534
position  3:    T:0.28155    C:0.15534    A:0.29126    G:0.27184
Average         T:0.19417    C:0.19741    A:0.33657    G:0.27184

#25: Daviddeer      
position  1:    T:0.07767    C:0.27184    A:0.27184    G:0.37864
position  2:    T:0.22330    C:0.18447    A:0.43689    G:0.15534
position  3:    T:0.28155    C:0.15534    A:0.30097    G:0.26214
Average         T:0.19417    C:0.20388    A:0.33657    G:0.26537

#26: Reindeer       
position  1:    T:0.07767    C:0.27184    A:0.27184    G:0.37864
position  2:    T:0.22330    C:0.18447    A:0.43689    G:0.15534
position  3:    T:0.30097    C:0.12621    A:0.32039    G:0.25243
Average         T:0.20065    C:0.19417    A:0.34304    G:0.26214

#27: Ibex           
position  1:    T:0.07767    C:0.25243    A:0.28155    G:0.38835
position  2:    T:0.22330    C:0.18447    A:0.43689    G:0.15534
position  3:    T:0.27184    C:0.15534    A:0.30097    G:0.27184
Average         T:0.19094    C:0.19741    A:0.33981    G:0.27184

#28: GyrantGazelle  
position  1:    T:0.07767    C:0.25243    A:0.28155    G:0.38835
position  2:    T:0.22330    C:0.18447    A:0.43689    G:0.15534
position  3:    T:0.27184    C:0.15534    A:0.29126    G:0.28155
Average         T:0.19094    C:0.19741    A:0.33657    G:0.27508

#29: Hartebeest     
position  1:    T:0.07767    C:0.25243    A:0.28155    G:0.38835
position  2:    T:0.23301    C:0.17476    A:0.43689    G:0.15534
position  3:    T:0.27184    C:0.15534    A:0.29126    G:0.28155
Average         T:0.19417    C:0.19417    A:0.33657    G:0.27508

#30: Bongo          
position  1:    T:0.08738    C:0.25243    A:0.28155    G:0.37864
position  2:    T:0.22330    C:0.18447    A:0.43689    G:0.15534
position  3:    T:0.27184    C:0.14563    A:0.31068    G:0.27184
Average         T:0.19417    C:0.19417    A:0.34304    G:0.26861

#31: Gerenuk        
position  1:    T:0.08738    C:0.24272    A:0.28155    G:0.38835
position  2:    T:0.22330    C:0.18447    A:0.43689    G:0.15534
position  3:    T:0.26214    C:0.16505    A:0.30097    G:0.27184
Average         T:0.19094    C:0.19741    A:0.33981    G:0.27184

#32: CommonEland    
position  1:    T:0.08738    C:0.25243    A:0.28155    G:0.37864
position  2:    T:0.22330    C:0.18447    A:0.43689    G:0.15534
position  3:    T:0.27184    C:0.14563    A:0.31068    G:0.27184
Average         T:0.19417    C:0.19417    A:0.34304    G:0.26861

#33: MuntiacusReevesi
position  1:    T:0.06796    C:0.28155    A:0.27184    G:0.37864
position  2:    T:0.22330    C:0.18447    A:0.43689    G:0.15534
position  3:    T:0.29126    C:0.14563    A:0.29126    G:0.27184
Average         T:0.19417    C:0.20388    A:0.33333    G:0.26861

#34: HarveysDuiker  
position  1:    T:0.08738    C:0.24272    A:0.28155    G:0.38835
position  2:    T:0.23301    C:0.17476    A:0.43689    G:0.15534
position  3:    T:0.27184    C:0.15534    A:0.29126    G:0.28155
Average         T:0.19741    C:0.19094    A:0.33657    G:0.27508

#35: Pronghorn      
position  1:    T:0.08738    C:0.25243    A:0.28155    G:0.37864
position  2:    T:0.22330    C:0.18447    A:0.43689    G:0.15534
position  3:    T:0.28155    C:0.13592    A:0.34951    G:0.23301
Average         T:0.19741    C:0.19094    A:0.35599    G:0.25566

#36: BlueWildebeest 
position  1:    T:0.07767    C:0.25243    A:0.28155    G:0.38835
position  2:    T:0.22330    C:0.18447    A:0.43689    G:0.15534
position  3:    T:0.27184    C:0.15534    A:0.29126    G:0.28155
Average         T:0.19094    C:0.19741    A:0.33657    G:0.27508

#37: Gemsbok        
position  1:    T:0.07767    C:0.25243    A:0.29126    G:0.37864
position  2:    T:0.22330    C:0.18447    A:0.43689    G:0.15534
position  3:    T:0.27184    C:0.15534    A:0.29126    G:0.28155
Average         T:0.19094    C:0.19741    A:0.33981    G:0.27184

#38: Yak            
position  1:    T:0.08738    C:0.25243    A:0.28155    G:0.37864
position  2:    T:0.22330    C:0.18447    A:0.43689    G:0.15534
position  3:    T:0.27184    C:0.14563    A:0.32039    G:0.26214
Average         T:0.19417    C:0.19417    A:0.34628    G:0.26537

#39: BlueSheep      
position  1:    T:0.07767    C:0.25243    A:0.28155    G:0.38835
position  2:    T:0.22330    C:0.18447    A:0.43689    G:0.15534
position  3:    T:0.28155    C:0.15534    A:0.29126    G:0.27184
Average         T:0.19417    C:0.19741    A:0.33657    G:0.27184

#40: BohorReedbuck  
position  1:    T:0.08738    C:0.24272    A:0.28155    G:0.38835
position  2:    T:0.22330    C:0.18447    A:0.43689    G:0.15534
position  3:    T:0.26214    C:0.16505    A:0.29126    G:0.28155
Average         T:0.19094    C:0.19741    A:0.33657    G:0.27508

#41: KirksDik       
position  1:    T:0.08738    C:0.24272    A:0.28155    G:0.38835
position  2:    T:0.22330    C:0.18447    A:0.43689    G:0.15534
position  3:    T:0.26214    C:0.17476    A:0.28155    G:0.28155
Average         T:0.19094    C:0.20065    A:0.33333    G:0.27508

#42: RoeDeer        
position  1:    T:0.07767    C:0.27184    A:0.27184    G:0.37864
position  2:    T:0.22330    C:0.18447    A:0.43689    G:0.15534
position  3:    T:0.30097    C:0.13592    A:0.32039    G:0.24272
Average         T:0.20065    C:0.19741    A:0.34304    G:0.25890

#43: WhiteLippedDeer
position  1:    T:0.07767    C:0.27184    A:0.27184    G:0.37864
position  2:    T:0.22330    C:0.18447    A:0.43689    G:0.15534
position  3:    T:0.28155    C:0.15534    A:0.30097    G:0.26214
Average         T:0.19417    C:0.20388    A:0.33657    G:0.26537

#44: ThomsonGazelle 
position  1:    T:0.07767    C:0.25243    A:0.28155    G:0.38835
position  2:    T:0.22330    C:0.18447    A:0.43689    G:0.15534
position  3:    T:0.27184    C:0.15534    A:0.29126    G:0.28155
Average         T:0.19094    C:0.19741    A:0.33657    G:0.27508

#45: MuntiacusCrinifrons
position  1:    T:0.06796    C:0.28155    A:0.27184    G:0.37864
position  2:    T:0.22330    C:0.18447    A:0.43689    G:0.15534
position  3:    T:0.29126    C:0.14563    A:0.29126    G:0.27184
Average         T:0.19417    C:0.20388    A:0.33333    G:0.26861

#46: WhiteTailedDeer
position  1:    T:0.07767    C:0.27184    A:0.27184    G:0.37864
position  2:    T:0.22330    C:0.18447    A:0.43689    G:0.15534
position  3:    T:0.30097    C:0.13592    A:0.31068    G:0.25243
Average         T:0.20065    C:0.19741    A:0.33981    G:0.26214

#47: Cattle         
position  1:    T:0.08738    C:0.25243    A:0.28155    G:0.37864
position  2:    T:0.22330    C:0.18447    A:0.43689    G:0.15534
position  3:    T:0.27184    C:0.14563    A:0.32039    G:0.26214
Average         T:0.19417    C:0.19417    A:0.34628    G:0.26537

#48: RoyalAntelope  
position  1:    T:0.08738    C:0.24272    A:0.28155    G:0.38835
position  2:    T:0.22330    C:0.18447    A:0.43689    G:0.15534
position  3:    T:0.27184    C:0.15534    A:0.32039    G:0.25243
Average         T:0.19417    C:0.19417    A:0.34628    G:0.26537

#49: Steenbok       
position  1:    T:0.08738    C:0.24272    A:0.28155    G:0.38835
position  2:    T:0.22330    C:0.18447    A:0.43689    G:0.15534
position  3:    T:0.26214    C:0.19417    A:0.28155    G:0.26214
Average         T:0.19094    C:0.20712    A:0.33333    G:0.26861

#50: Impala         
position  1:    T:0.08738    C:0.24272    A:0.28155    G:0.38835
position  2:    T:0.22330    C:0.18447    A:0.43689    G:0.15534
position  3:    T:0.28155    C:0.14563    A:0.30097    G:0.27184
Average         T:0.19741    C:0.19094    A:0.33981    G:0.27184

#51: Klipspringer   
position  1:    T:0.08738    C:0.24272    A:0.28155    G:0.38835
position  2:    T:0.22330    C:0.18447    A:0.43689    G:0.15534
