CODONML (in paml version 4.10.7, June 2023)  /home/rachel/ruminants_paml/6406-phy-tree/ENSBTAT00000018026.fasta.phy
Model: free dN/dS Ratios for branches,  kappa = 2.000 fixed

Codon frequency model: F3x4
ns =  54  ls =  50

Codon usage in sequences
--------------------------------------------------------------------------------------------------------------------------------------
Phe TTT   1   2   1   2   3   2 | Ser TCT   4   4   4   4   2   4 | Tyr TAT   0   0   0   0   0   0 | Cys TGT   0   0   0   0   0   0
    TTC   1   0   1   0   0   0 |     TCC   1   0   1   1   1   1 |     TAC   1   1   1   1   1   1 |     TGC   0   0   0   0   0   0
Leu TTA   0   0   0   0   1   0 |     TCA   1   2   1   1   2   1 | *** TAA   0   0   0   0   0   0 | *** TGA   0   0   0   0   0   0
    TTG   0   0   1   1   0   0 |     TCG   0   0   0   0   0   0 |     TAG   0   0   0   0   0   0 | Trp TGG   1   1   1   1   1   1
--------------------------------------------------------------------------------------------------------------------------------------
Leu CTT   1   2   2   2   3   2 | Pro CCT   1   1   1   1   1   1 | His CAT   0   1   1   1   1   1 | Arg CGT   0   0   0   0   0   0
    CTC   2   1   1   1   0   1 |     CCC   0   0   0   0   0   0 |     CAC   2   1   1   1   1   1 |     CGC   0   0   0   0   0   0
    CTA   1   1   1   0   0   1 |     CCA   0   0   0   0   0   0 | Gln CAA   0   0   0   0   0   0 |     CGA   0   0   0   0   0   0
    CTG   2   2   1   2   2   2 |     CCG   0   0   0   0   0   0 |     CAG   2   2   2   2   2   2 |     CGG   0   0   1   0   0   0
--------------------------------------------------------------------------------------------------------------------------------------
Ile ATT   2   1   2   2   1   1 | Thr ACT   0   1   0   0   0   1 | Asn AAT   0   0   0   0   0   0 | Ser AGT   1   1   1   1   1   1
    ATC   1   1   1   1   1   1 |     ACC   0   0   0   0   0   0 |     AAC   1   1   1   1   1   1 |     AGC   0   0   0   0   0   0
    ATA   0   0   0   0   0   0 |     ACA   1   3   2   2   2   2 | Lys AAA   0   0   0   0   0   0 | Arg AGA   0   0   0   0   0   0
Met ATG   2   2   2   2   2   2 |     ACG   2   0   1   1   2   1 |     AAG   2   2   2   2   2   2 |     AGG   1   1   0   1   1   1
--------------------------------------------------------------------------------------------------------------------------------------
Val GTT   0   1   0   0   0   0 | Ala GCT   2   2   2   2   4   4 | Asp GAT   1   1   1   1   1   1 | Gly GGT   1   1   1   1   1   1
    GTC   0   0   0   0   0   0 |     GCC   2   2   2   2   1   1 |     GAC   1   1   1   1   1   1 |     GGC   1   0   1   1   1   1
    GTA   0   0   0   1   0   0 |     GCA   1   1   1   1   1   1 | Glu GAA   3   4   3   4   3   4 |     GGA   1   2   1   1   1   1
    GTG   1   1   1   0   1   1 |     GCG   1   0   1   1   0   0 |     GAG   1   0   1   0   1   0 |     GGG   0   0   0   0   0   0
--------------------------------------------------------------------------------------------------------------------------------------

--------------------------------------------------------------------------------------------------------------------------------------
Phe TTT   1   1   1   1   1   2 | Ser TCT   4   4   4   4   4   4 | Tyr TAT   0   0   0   0   0   0 | Cys TGT   0   0   0   0   0   0
    TTC   1   1   1   1   1   0 |     TCC   1   1   1   2   1   1 |     TAC   1   1   1   1   1   1 |     TGC   0   0   0   0   0   0
Leu TTA   0   0   0   0   0   0 |     TCA   1   1   1   0   1   1 | *** TAA   0   0   0   0   0   0 | *** TGA   0   0   0   0   0   0
    TTG   0   0   0   0   1   1 |     TCG   0   0   0   0   0   0 |     TAG   0   0   0   0   0   0 | Trp TGG   1   1   1   1   1   1
--------------------------------------------------------------------------------------------------------------------------------------
Leu CTT   1   1   1   1   1   0 | Pro CCT   1   1   1   1   1   1 | His CAT   0   0   0   0   1   0 | Arg CGT   0   0   0   0   0   0
    CTC   2   2   2   2   2   3 |     CCC   0   0   0   0   0   0 |     CAC   2   2   2   2   1   2 |     CGC   0   0   0   0   0   0
    CTA   1   1   1   1   1   2 |     CCA   0   0   0   0   0   0 | Gln CAA   0   0   0   0   0   0 |     CGA   0   0   0   0   0   0
    CTG   2   2   2   2   1   0 |     CCG   0   0   0   0   0   0 |     CAG   2   2   2   2   2   2 |     CGG   0   0   0   0   0   0
--------------------------------------------------------------------------------------------------------------------------------------
Ile ATT   2   1   2   2   2   2 | Thr ACT   0   1   0   0   0   0 | Asn AAT   0   0   0   0   0   0 | Ser AGT   1   1   1   1   1   1
    ATC   1   1   1   1   1   1 |     ACC   0   0   0   0   0   0 |     AAC   1   1   1   1   1   1 |     AGC   0   0   0   0   0   0
    ATA   0   0   0   0   0   0 |     ACA   1   1   1   1   2   2 | Lys AAA   0   0   0   0   0   0 | Arg AGA   0   0   0   0   0   0
Met ATG   2   2   2   2   2   2 |     ACG   2   2   2   2   1   1 |     AAG   2   2   2   2   2   2 |     AGG   1   1   1   1   1   1
--------------------------------------------------------------------------------------------------------------------------------------
Val GTT   0   0   0   0   0   0 | Ala GCT   2   2   2   2   2   1 | Asp GAT   1   1   1   1   1   1 | Gly GGT   1   1   1   1   1   1
    GTC   0   0   0   0   0   0 |     GCC   2   2   2   2   2   3 |     GAC   1   1   1   1   1   1 |     GGC   1   1   1   1   1   1
    GTA   0   0   0   0   0   0 |     GCA   1   1   1   1   0   1 | Glu GAA   3   3   3   3   3   2 |     GGA   1   1   1   1   1   0
    GTG   1   1   1   1   1   1 |     GCG   1   1   1   1   2   1 |     GAG   1   1   1   1   1   2 |     GGG   0   0   0   0   0   1
--------------------------------------------------------------------------------------------------------------------------------------

--------------------------------------------------------------------------------------------------------------------------------------
Phe TTT   1   1   1   1   1   1 | Ser TCT   4   4   5   4   4   5 | Tyr TAT   0   0   0   0   0   0 | Cys TGT   0   0   0   0   0   0
    TTC   1   1   1   1   1   1 |     TCC   1   1   0   1   1   0 |     TAC   1   1   1   1   1   1 |     TGC   0   0   0   0   0   0
Leu TTA   0   0   0   0   0   0 |     TCA   1   1   1   1   1   1 | *** TAA   0   0   0   0   0   0 | *** TGA   0   0   0   0   0   0
    TTG   0   0   0   0   0   0 |     TCG   0   0   0   0   0   0 |     TAG   0   0   0   0   0   0 | Trp TGG   1   1   1   1   1   1
--------------------------------------------------------------------------------------------------------------------------------------
Leu CTT   1   1   1   1   1   1 | Pro CCT   1   1   1   1   1   1 | His CAT   0   1   0   0   0   1 | Arg CGT   0   0   0   0   0   0
    CTC   2   2   2   2   2   2 |     CCC   0   0   0   0   0   0 |     CAC   2   1   2   2   2   1 |     CGC   0   0   0   0   0   0
    CTA   1   1   1   1   1   1 |     CCA   0   0   0   0   0   0 | Gln CAA   0   0   0   0   0   0 |     CGA   0   0   0   0   0   0
    CTG   2   2   2   2   2   2 |     CCG   0   0   0   0   0   0 |     CAG   2   2   2   2   2   2 |     CGG   0   0   0   0   0   0
--------------------------------------------------------------------------------------------------------------------------------------
Ile ATT   1   2   1   1   2   2 | Thr ACT   1   0   1   1   0   0 | Asn AAT   0   0   0   0   0   0 | Ser AGT   1   1   1   1   1   1
    ATC   1   1   1   1   1   1 |     ACC   0   0   0   0   0   0 |     AAC   1   1   1   1   1   1 |     AGC   0   0   0   0   0   0
    ATA   0   0   0   0   0   0 |     ACA   3   1   2   0   1   0 | Lys AAA   0   0   0   0   0   0 | Arg AGA   0   0   0   0   0   0
Met ATG   2   2   2   2   2   2 |     ACG   0   2   1   3   2   3 |     AAG   2   2   2   2   2   2 |     AGG   1   1   1   1   1   1
--------------------------------------------------------------------------------------------------------------------------------------
Val GTT   0   0   0   0   0   0 | Ala GCT   2   2   2   2   2   2 | Asp GAT   1   1   1   1   1   1 | Gly GGT   1   1   1   1   1   1
    GTC   0   0   0   0   0   0 |     GCC   2   2   2   2   2   2 |     GAC   1   1   1   1   1   1 |     GGC   1   1   1   1   1   1
    GTA   0   0   0   0   0   0 |     GCA   1   1   1   1   1   1 | Glu GAA   3   3   3   3   2   3 |     GGA   1   1   1   1   1   1
    GTG   1   1   1   1   1   1 |     GCG   1   1   1   1   1   1 |     GAG   1   1   1   1   2   1 |     GGG   0   0   0   0   0   0
--------------------------------------------------------------------------------------------------------------------------------------

--------------------------------------------------------------------------------------------------------------------------------------
Phe TTT   2   2   1   1   1   1 | Ser TCT   3   3   4   4   5   4 | Tyr TAT   0   0   0   0   0   0 | Cys TGT   0   0   0   0   0   0
    TTC   0   1   1   1   1   1 |     TCC   2   1   1   1   0   1 |     TAC   1   1   1   1   1   1 |     TGC   0   0   0   0   0   0
Leu TTA   0   0   0   0   0   0 |     TCA   0   0   1   1   1   1 | *** TAA   0   0   0   0   0   0 | *** TGA   0   0   0   0   0   0
    TTG   0   0   0   1   0   0 |     TCG   1   1   0   0   0   0 |     TAG   0   0   0   0   0   0 | Trp TGG   1   1   1   1   1   1
--------------------------------------------------------------------------------------------------------------------------------------
Leu CTT   1   1   2   1   1   3 | Pro CCT   1   1   1   1   1   1 | His CAT   1   1   0   1   0   0 | Arg CGT   0   1   0   0   0   0
    CTC   2   2   1   2   2   0 |     CCC   0   0   0   0   0   0 |     CAC   1   1   2   1   2   2 |     CGC   0   0   0   0   0   0
    CTA   1   1   1   0   1   1 |     CCA   0   0   0   0   0   0 | Gln CAA   0   0   0   0   0   0 |     CGA   0   0   0   0   0   0
    CTG   2   2   2   2   2   2 |     CCG   0   0   0   0   0   0 |     CAG   2   2   1   2   2   2 |     CGG   0   0   0   1   0   0
--------------------------------------------------------------------------------------------------------------------------------------
Ile ATT   2   1   1   1   2   1 | Thr ACT   0   1   1   1   0   1 | Asn AAT   0   1   0   0   0   0 | Ser AGT   1   1   1   1   1   1
    ATC   1   1   1   1   1   1 |     ACC   0   0   0   0   0   0 |     AAC   1   0   1   1   1   1 |     AGC   0   0   0   0   0   0
    ATA   0   0   0   0   0   0 |     ACA   2   2   2   2   0   2 | Lys AAA   0   0   0   0   0   0 | Arg AGA   0   0   0   0   0   0
Met ATG   2   2   2   2   2   2 |     ACG   1   1   1   1   3   1 |     AAG   2   2   2   2   2   2 |     AGG   1   1   1   0   1   1
--------------------------------------------------------------------------------------------------------------------------------------
Val GTT   0   0   0   0   0   0 | Ala GCT   2   2   1   2   2   2 | Asp GAT   1   1   1   1   1   1 | Gly GGT   1   0   2   1   1   1
    GTC   0   0   0   0   0   0 |     GCC   2   2   2   2   2   2 |     GAC   1   1   1   2   1   1 |     GGC   1   1   1   0   1   1
    GTA   0   0   0   0   0   0 |     GCA   1   1   1   0   1   1 | Glu GAA   4   4   3   3   3   3 |     GGA   1   1   1   1   1   1
    GTG   1   1   1   1   1   1 |     GCG   1   1   1   2   1   1 |     GAG   0   0   2   1   1   1 |     GGG   0   0   0   0   0   0
--------------------------------------------------------------------------------------------------------------------------------------

--------------------------------------------------------------------------------------------------------------------------------------
Phe TTT   2   2   1   1   1   1 | Ser TCT   4   4   4   5   5   4 | Tyr TAT   0   0   0   0   0   0 | Cys TGT   0   0   0   0   0   0
    TTC   0   0   1   1   1   1 |     TCC   1   1   1   0   0   1 |     TAC   1   1   1   1   1   1 |     TGC   0   0   0   0   0   0
Leu TTA   0   0   0   0   0   0 |     TCA   1   1   1   1   1   1 | *** TAA   0   0   0   0   0   0 | *** TGA   0   0   0   0   0   0
    TTG   0   0   0   0   0   1 |     TCG   0   0   0   0   0   0 |     TAG   0   0   0   0   0   0 | Trp TGG   1   1   1   1   1   1
--------------------------------------------------------------------------------------------------------------------------------------
Leu CTT   1   0   1   1   1   1 | Pro CCT   1   1   1   1   1   1 | His CAT   0   1   0   0   0   1 | Arg CGT   0   0   0   0   0   0
    CTC   2   2   2   2   2   2 |     CCC   0   0   0   0   0   0 |     CAC   2   1   2   2   2   1 |     CGC   0   0   0   0   0   0
    CTA   2   3   1   1   1   0 |     CCA   0   0   0   0   0   0 | Gln CAA   0   0   0   0   0   0 |     CGA   0   0   0   0   0   0
    CTG   1   1   2   2   2   2 |     CCG   0   0   0   0   0   0 |     CAG   1   2   2   2   2   2 |     CGG   0   0   0   0   0   0
--------------------------------------------------------------------------------------------------------------------------------------
Ile ATT   2   1   1   2   1   2 | Thr ACT   0   0   1   0   1   0 | Asn AAT   0   0   0   0   0   0 | Ser AGT   1   1   1   1   1   1
    ATC   1   1   1   1   1   1 |     ACC   1   0   0   0   0   0 |     AAC   1   1   1   1   1   1 |     AGC   0   0   0   0   0   0
    ATA   0   0   0   0   0   0 |     ACA   2   2   2   0   2   2 | Lys AAA   0   0   0   0   0   0 | Arg AGA   0   0   0   0   0   0
Met ATG   2   2   2   2   2   2 |     ACG   1   1   1   3   1   1 |     AAG   2   2   2   2   2   2 |     AGG   1   1   1   1   1   1
--------------------------------------------------------------------------------------------------------------------------------------
Val GTT   0   1   0   0   0   0 | Ala GCT   1   1   2   2   2   2 | Asp GAT   1   1   1   1   1   1 | Gly GGT   1   1   1   1   1   1
    GTC   0   0   0   0   0   0 |     GCC   2   3   2   2   2   2 |     GAC   1   1   1   1   1   1 |     GGC   1   1   1   1   1   1
    GTA   0   0   0   0   0   0 |     GCA   2   1   1   1   1   1 | Glu GAA   3   3   3   3   3   3 |     GGA   0   0   1   1   1   1
    GTG   1   1   1   1   1   1 |     GCG   0   1   1   1   1   1 |     GAG   2   1   1   1   1   1 |     GGG   1   1   0   0   0   0
--------------------------------------------------------------------------------------------------------------------------------------

--------------------------------------------------------------------------------------------------------------------------------------
Phe TTT   1   1   2   1   2   1 | Ser TCT   5   4   4   4   2   5 | Tyr TAT   0   0   0   0   1   0 | Cys TGT   0   0   0   0   0   0
    TTC   1   1   0   1   0   1 |     TCC   0   1   1   1   1   0 |     TAC   1   1   1   1   0   1 |     TGC   0   0   0   0   0   0
Leu TTA   0   0   0   0   0   0 |     TCA   1   1   1   1   1   1 | *** TAA   0   0   0   0   0   0 | *** TGA   0   0   0   0   0   0
    TTG   0   1   1   0   0   0 |     TCG   0   0   0   0   2   0 |     TAG   0   0   0   0   0   0 | Trp TGG   1   1   1   1   1   1
--------------------------------------------------------------------------------------------------------------------------------------
Leu CTT   2   1   0   1   2   1 | Pro CCT   1   1   1   1   1   1 | His CAT   1   1   0   0   1   1 | Arg CGT   0   0   0   0   0   0
    CTC   1   2   3   2   1   2 |     CCC   0   0   0   0   0   0 |     CAC   1   1   2   2   1   1 |     CGC   0   0   0   0   0   0
    CTA   1   1   2   1   1   1 |     CCA   0   0   0   0   0   0 | Gln CAA   0   0   0   0   0   0 |     CGA   0   0   0   0   0   0
    CTG   2   1   0   2   2   2 |     CCG   0   0   0   0   0   0 |     CAG   2   2   2   2   2   2 |     CGG   0   0   0   0   0   0
--------------------------------------------------------------------------------------------------------------------------------------
Ile ATT   2   2   2   2   1   1 | Thr ACT   0   0   0   0   1   1 | Asn AAT   0   0   0   0   0   0 | Ser AGT   1   1   1   1   1   1
    ATC   1   1   1   1   1   1 |     ACC   0   0   0   0   0   0 |     AAC   1   1   1   1   1   1 |     AGC   0   0   0   0   0   0
    ATA   0   0   0   0   0   0 |     ACA   0   2   2   0   3   2 | Lys AAA   0   0   0   0   0   0 | Arg AGA   0   0   0   0   0   0
Met ATG   2   2   2   2   2   2 |     ACG   3   1   1   3   0   1 |     AAG   2   2   2   2   2   2 |     AGG   1   1   1   1   1   1
--------------------------------------------------------------------------------------------------------------------------------------
Val GTT   0   0   0   0   0   0 | Ala GCT   2   2   1   2   2   2 | Asp GAT   1   1   1   1   1   1 | Gly GGT   1   1   1   1   0   1
    GTC   0   0   0   0   0   0 |     GCC   2   2   3   2   2   2 |     GAC   1   1   1   1   1   1 |     GGC   1   1   1   1   1   1
    GTA   0   0   0   0   0   0 |     GCA   1   1   1   2   1   1 | Glu GAA   3   3   2   3   4   3 |     GGA   1   1   0   1   1   1
    GTG   1   1   1   1   1   1 |     GCG   1   1   1   0   1   1 |     GAG   1   1   2   1   0   1 |     GGG   0   0   1   0   1   0
--------------------------------------------------------------------------------------------------------------------------------------

--------------------------------------------------------------------------------------------------------------------------------------
Phe TTT   1   1   1   1   0   2 | Ser TCT   4   4   4   4   5   4 | Tyr TAT   0   0   0   0   0   0 | Cys TGT   0   0   0   0   0   0
    TTC   1   1   1   1   2   0 |     TCC   1   1   1   1   0   1 |     TAC   1   1   1   1   1   1 |     TGC   0   0   0   0   0   0
Leu TTA   0   0   0   0   0   0 |     TCA   1   1   1   1   1   1 | *** TAA   0   0   0   0   0   0 | *** TGA   0   0   0   0   0   0
    TTG   0   0   0   0   0   0 |     TCG   0   0   0   0   0   0 |     TAG   0   0   0   0   0   0 | Trp TGG   1   1   1   1   1   1
--------------------------------------------------------------------------------------------------------------------------------------
Leu CTT   1   2   1   1   1   1 | Pro CCT   1   0   1   1   1   1 | His CAT   0   1   0   0   0   1 | Arg CGT   0   0   0   0   0   0
    CTC   2   1   2   2   2   2 |     CCC   0   1   0   0   0   0 |     CAC   2   1   2   2   2   1 |     CGC   0   0   0   0   0   0
    CTA   1   1   1   1   1   3 |     CCA   0   0   0   0   0   0 | Gln CAA   0   1   0   0   0   0 |     CGA   0   0   0   0   0   0
    CTG   2   2   2   2   2   0 |     CCG   0   0   0   0   0   0 |     CAG   2   1   2   2   2   2 |     CGG   0   0   0   0   0   0
--------------------------------------------------------------------------------------------------------------------------------------
Ile ATT   1   2   1   2   1   1 | Thr ACT   1   0   1   0   1   0 | Asn AAT   0   0   0   0   0   0 | Ser AGT   1   1   1   1   1   1
    ATC   1   1   1   1   1   1 |     ACC   0   0   0   0   0   1 |     AAC   1   1   1   1   1   1 |     AGC   0   0   0   0   0   0
    ATA   0   0   0   0   0   0 |     ACA   2   1   2   1   0   3 | Lys AAA   0   0   0   0   0   0 | Arg AGA   1   0   0   0   0   0
Met ATG   2   2   2   2   2   2 |     ACG   1   2   1   2   3   0 |     AAG   2   2   2   2   2   2 |     AGG   0   1   1   1   1   1
--------------------------------------------------------------------------------------------------------------------------------------
Val GTT   0   0   0   0   0   0 | Ala GCT   3   2   2   2   2   1 | Asp GAT   1   1   1   1   1   1 | Gly GGT   1   1   1   1   1   1
    GTC   0   0   0   0   0   1 |     GCC   1   2   2   2   2   2 |     GAC   1   1   1   1   1   1 |     GGC   1   1   1   1   1   1
    GTA   0   0   0   0   0   0 |     GCA   1   1   1   1   1   1 | Glu GAA   2   3   3   3   3   3 |     GGA   1   1   1   1   1   0
    GTG   1   1   1   1   1   1 |     GCG   1   1   1   1   1   1 |     GAG   2   1   1   1   1   1 |     GGG   0   0   0   0   0   1
--------------------------------------------------------------------------------------------------------------------------------------

--------------------------------------------------------------------------------------------------------------------------------------
Phe TTT   2   1   2   2   1   1 | Ser TCT   4   5   4   4   5   4 | Tyr TAT   0   0   0   0   0   0 | Cys TGT   0   0   0   0   0   0
    TTC   0   1   0   0   1   1 |     TCC   1   0   1   1   0   1 |     TAC   1   1   1   1   1   1 |     TGC   0   0   0   0   0   0
Leu TTA   0   0   0   0   0   0 |     TCA   1   1   1   1   1   1 | *** TAA   0   0   0   0   0   0 | *** TGA   0   0   0   0   0   0
    TTG   0   0   1   0   0   0 |     TCG   0   0   0   0   0   0 |     TAG   0   0   0   0   0   0 | Trp TGG   1   1   1   1   1   1
--------------------------------------------------------------------------------------------------------------------------------------
Leu CTT   1   1   0   0   1   2 | Pro CCT   1   1   1   1   0   1 | His CAT   0   0   0   1   1   0 | Arg CGT   0   0   0   0   0   0
    CTC   2   2   3   3   2   1 |     CCC   0   0   0   0   1   0 |     CAC   2   2   2   1   1   2 |     CGC   0   0   0   0   0   0
    CTA   2   1   2   2   1   1 |     CCA   0   0   0   0   0   0 | Gln CAA   0   0   0   0   1   0 |     CGA   0   0   0   0   0   0
    CTG   1   2   0   1   2   2 |     CCG   0   0   0   0   0   0 |     CAG   1   2   2   2   1   2 |     CGG   0   0   0   0   0   0
--------------------------------------------------------------------------------------------------------------------------------------
Ile ATT   2   2   2   1   2   2 | Thr ACT   0   0   0   0   0   0 | Asn AAT   0   0   0   0   0   0 | Ser AGT   1   1   1   1   1   1
    ATC   1   1   1   1   1   1 |     ACC   0   0   0   0   0   0 |     AAC   1   1   1   1   1   1 |     AGC   0   0   0   0   0   0
    ATA   0   0   0   0   0   0 |     ACA   2   0   2   2   1   0 | Lys AAA   0   0   0   0   0   0 | Arg AGA   0   0   0   0   0   0
Met ATG   2   2   2   2   2   2 |     ACG   1   3   1   1   2   3 |     AAG   2   2   2   2   2   2 |     AGG   1   1   1   1   1   1
--------------------------------------------------------------------------------------------------------------------------------------
Val GTT   0   0   0   1   0   0 | Ala GCT   1   2   1   1   2   2 | Asp GAT   1   1   1   1   1   1 | Gly GGT   1   1   1   1   1   1
    GTC   0   0   0   0   0   0 |     GCC   3   2   3   3   2   2 |     GAC   1   1   1   1   1   1 |     GGC   1   1   1   1   1   1
    GTA   0   0   0   0   0   0 |     GCA   2   2   1   1   2   0 | Glu GAA   3   3   2   3   3   3 |     GGA   0   1   0   0   1   1
    GTG   1   1   1   1   1   1 |     GCG   0   0   1   1   0   2 |     GAG   2   1   2   1   1   1 |     GGG   1   0   1   1   0   0
--------------------------------------------------------------------------------------------------------------------------------------

--------------------------------------------------------------------------------------------------------------------------------------
Phe TTT   1   1   1   2   1   1 | Ser TCT   5   4   4   4   4   4 | Tyr TAT   0   0   0   0   0   0 | Cys TGT   0   0   0   0   0   0
    TTC   1   1   1   0   1   1 |     TCC   0   1   2   1   1   1 |     TAC   1   1   1   1   1   1 |     TGC   0   0   0   0   0   0
Leu TTA   0   0   0   0   0   0 |     TCA   1   1   0   1   1   1 | *** TAA   0   0   0   0   0   0 | *** TGA   0   0   0   0   0   0
    TTG   0   0   0   1   1   1 |     TCG   0   0   0   0   0   0 |     TAG   0   0   0   0   0   0 | Trp TGG   1   1   1   1   1   1
--------------------------------------------------------------------------------------------------------------------------------------
Leu CTT   1   1   1   2   1   1 | Pro CCT   1   1   1   1   1   1 | His CAT   1   0   0   1   1   1 | Arg CGT   0   0   0   0   0   0
    CTC   2   2   3   1   2   2 |     CCC   0   0   0   0   0   0 |     CAC   1   2   2   1   1   1 |     CGC   0   0   0   0   0   0
    CTA   1   1   1   0   1   1 |     CCA   0   0   0   0   0   0 | Gln CAA   0   0   0   0   0   1 |     CGA   0   0   0   0   0   0
    CTG   2   2   1   2   1   1 |     CCG   0   0   0   0   0   0 |     CAG   2   2   2   2   2   1 |     CGG   0   0   0   0   0   0
--------------------------------------------------------------------------------------------------------------------------------------
Ile ATT   2   0   2   2   1   2 | Thr ACT   0   1   0   0   1   0 | Asn AAT   0   0   0   0   0   0 | Ser AGT   1   1   1   1   1   1
    ATC   1   2   1   1   1   1 |     ACC   0   0   0   0   0   0 |     AAC   1   1   1   1   1   1 |     AGC   0   0   0   0   0   0
    ATA   0   0   0   0   0   0 |     ACA   0   3   0   2   2   2 | Lys AAA   0   0   0   0   0   0 | Arg AGA   0   0   0   0   0   0
Met ATG   2   2   2   2   2   2 |     ACG   3   0   3   1   1   1 |     AAG   1   2   2   2   2   2 |     AGG   2   1   1   1   1   1
--------------------------------------------------------------------------------------------------------------------------------------
Val GTT   0   0   0   0   0   0 | Ala GCT   2   2   2   2   2   2 | Asp GAT   1   1   1   1   1   1 | Gly GGT   1   1   1   1   1   1
    GTC   0   0   0   0   0   0 |     GCC   2   2   2   2   2   2 |     GAC   1   1   1   1   2   1 |     GGC   1   1   1   1   0   1
    GTA   0   0   1   1   0   0 |     GCA   1   1   1   1   1   1 | Glu GAA   3   3   3   4   3   3 |     GGA   1   1   1   1   1   1
    GTG   1   1   0   0   1   1 |     GCG   1   1   1   1   1   1 |     GAG   1   1   1   0   1   1 |     GGG   0   0   0   0   0   0
--------------------------------------------------------------------------------------------------------------------------------------

Codon position x base (3x4) table for each sequence.

#1: Argali         
position  1:    T:0.20000    C:0.22000    A:0.26000    G:0.32000
position  2:    T:0.28000    C:0.32000    A:0.28000    G:0.12000
position  3:    T:0.28000    C:0.26000    A:0.16000    G:0.30000
Average         T:0.25333    C:0.26667    A:0.23333    G:0.24667

#2: LesserMouseDeer
position  1:    T:0.20000    C:0.22000    A:0.26000    G:0.32000
position  2:    T:0.28000    C:0.32000    A:0.28000    G:0.12000
position  3:    T:0.36000    C:0.16000    A:0.26000    G:0.22000
Average         T:0.28000    C:0.23333    A:0.26667    G:0.22000

#3: LesserKudu     
position  1:    T:0.22000    C:0.22000    A:0.24000    G:0.32000
position  2:    T:0.28000    C:0.32000    A:0.28000    G:0.12000
position  3:    T:0.32000    C:0.22000    A:0.18000    G:0.28000
Average         T:0.27333    C:0.25333    A:0.23333    G:0.24000

#4: ForestMuskDeer2
position  1:    T:0.22000    C:0.20000    A:0.26000    G:0.32000
position  2:    T:0.28000    C:0.32000    A:0.28000    G:0.12000
position  3:    T:0.34000    C:0.20000    A:0.20000    G:0.26000
Average         T:0.28000    C:0.24000    A:0.24667    G:0.23333

#5: Camel          
position  1:    T:0.22000    C:0.20000    A:0.26000    G:0.32000
position  2:    T:0.28000    C:0.32000    A:0.28000    G:0.12000
position  3:    T:0.36000    C:0.16000    A:0.20000    G:0.28000
Average         T:0.28667    C:0.22667    A:0.24667    G:0.24000

#6: KillerWhale    
position  1:    T:0.20000    C:0.22000    A:0.26000    G:0.32000
position  2:    T:0.26000    C:0.34000    A:0.28000    G:0.12000
position  3:    T:0.38000    C:0.18000    A:0.20000    G:0.24000
Average         T:0.28000    C:0.24667    A:0.24667    G:0.22667

#7: DefassaWaterbuck
position  1:    T:0.20000    C:0.22000    A:0.26000    G:0.32000
position  2:    T:0.28000    C:0.32000    A:0.28000    G:0.12000
position  3:    T:0.28000    C:0.26000    A:0.16000    G:0.30000
Average         T:0.25333    C:0.26667    A:0.23333    G:0.24667

#8: Sheep          
position  1:    T:0.20000    C:0.22000    A:0.26000    G:0.32000
position  2:    T:0.26000    C:0.34000    A:0.28000    G:0.12000
position  3:    T:0.28000    C:0.26000    A:0.16000    G:0.30000
Average         T:0.24667    C:0.27333    A:0.23333    G:0.24667

#9: MaxwellsDuiker 
position  1:    T:0.20000    C:0.22000    A:0.26000    G:0.32000
position  2:    T:0.28000    C:0.32000    A:0.28000    G:0.12000
position  3:    T:0.28000    C:0.26000    A:0.16000    G:0.30000
Average         T:0.25333    C:0.26667    A:0.23333    G:0.24667

#10: GazellaPrzewalskyi
position  1:    T:0.20000    C:0.22000    A:0.26000    G:0.32000
position  2:    T:0.28000    C:0.32000    A:0.28000    G:0.12000
position  3:    T:0.28000    C:0.28000    A:0.14000    G:0.30000
Average         T:0.25333    C:0.27333    A:0.22667    G:0.24667

#11: MountainNyala  
position  1:    T:0.22000    C:0.20000    A:0.26000    G:0.32000
position  2:    T:0.28000    C:0.32000    A:0.28000    G:0.12000
position  3:    T:0.30000    C:0.24000    A:0.16000    G:0.30000
Average         T:0.26667    C:0.25333    A:0.23333    G:0.24667

#12: MuntiacusMuntjak
position  1:    T:0.22000    C:0.20000    A:0.26000    G:0.32000
position  2:    T:0.28000    C:0.32000    A:0.28000    G:0.12000
position  3:    T:0.26000    C:0.28000    A:0.16000    G:0.30000
Average         T:0.25333    C:0.26667    A:0.23333    G:0.24667

#13: goat           
position  1:    T:0.20000    C:0.22000    A:0.26000    G:0.32000
position  2:    T:0.26000    C:0.34000    A:0.28000    G:0.12000
position  3:    T:0.28000    C:0.26000    A:0.20000    G:0.26000
Average         T:0.24667    C:0.27333    A:0.24667    G:0.23333

#14: AfricanBuffalo 
position  1:    T:0.20000    C:0.22000    A:0.26000    G:0.32000
position  2:    T:0.28000    C:0.32000    A:0.28000    G:0.12000
position  3:    T:0.30000    C:0.24000    A:0.16000    G:0.30000
Average         T:0.26000    C:0.26000    A:0.23333    G:0.24667

#15: Topi           
position  1:    T:0.20000    C:0.22000    A:0.26000    G:0.32000
position  2:    T:0.26000    C:0.34000    A:0.28000    G:0.12000
position  3:    T:0.30000    C:0.24000    A:0.18000    G:0.28000
Average         T:0.25333    C:0.26667    A:0.24000    G:0.24000

#16: CommonDuiker   
position  1:    T:0.20000    C:0.22000    A:0.26000    G:0.32000
position  2:    T:0.26000    C:0.34000    A:0.28000    G:0.12000
position  3:    T:0.28000    C:0.26000    A:0.14000    G:0.32000
Average         T:0.24667    C:0.27333    A:0.22667    G:0.25333

#17: Suni           
position  1:    T:0.20000    C:0.22000    A:0.26000    G:0.32000
position  2:    T:0.28000    C:0.32000    A:0.28000    G:0.12000
position  3:    T:0.28000    C:0.26000    A:0.14000    G:0.32000
Average         T:0.25333    C:0.26667    A:0.22667    G:0.25333

#18: Springbuck     
position  1:    T:0.20000    C:0.22000    A:0.26000    G:0.32000
position  2:    T:0.28000    C:0.32000    A:0.28000    G:0.12000
position  3:    T:0.32000    C:0.22000    A:0.14000    G:0.32000
Average         T:0.26667    C:0.25333    A:0.22667    G:0.25333

#19: Okapi          
position  1:    T:0.20000    C:0.22000    A:0.26000    G:0.32000
position  2:    T:0.28000    C:0.32000    A:0.28000    G:0.12000
position  3:    T:0.30000    C:0.24000    A:0.18000    G:0.28000
Average         T:0.26000    C:0.26000    A:0.24000    G:0.24000

#20: Giraffe        
position  1:    T:0.20000    C:0.24000    A:0.26000    G:0.30000
position  2:    T:0.28000    C:0.32000    A:0.28000    G:0.12000
position  3:    T:0.32000    C:0.22000    A:0.18000    G:0.28000
Average         T:0.26667    C:0.26000    A:0.24000    G:0.23333

#21: TibetanAntelope
position  1:    T:0.20000    C:0.20000    A:0.26000    G:0.34000
position  2:    T:0.26000    C:0.32000    A:0.28000    G:0.14000
position  3:    T:0.30000    C:0.24000    A:0.18000    G:0.28000
Average         T:0.25333    C:0.25333    A:0.24000    G:0.25333

#22: Sitatunga      
position  1:    T:0.22000    C:0.22000    A:0.24000    G:0.32000
position  2:    T:0.26000    C:0.34000    A:0.30000    G:0.10000
position  3:    T:0.30000    C:0.24000    A:0.14000    G:0.32000
Average         T:0.26000    C:0.26667    A:0.22667    G:0.24667

#23: Oribi          
position  1:    T:0.20000    C:0.22000    A:0.26000    G:0.32000
position  2:    T:0.28000    C:0.32000    A:0.28000    G:0.12000
position  3:    T:0.30000    C:0.24000    A:0.14000    G:0.32000
Average         T:0.26000    C:0.26000    A:0.22667    G:0.25333

#24: BarbarySheep   
position  1:    T:0.20000    C:0.22000    A:0.26000    G:0.32000
position  2:    T:0.26000    C:0.34000    A:0.28000    G:0.12000
position  3:    T:0.32000    C:0.22000    A:0.18000    G:0.28000
Average         T:0.26000    C:0.26000    A:0.24000    G:0.24000

#25: Daviddeer      
position  1:    T:0.20000    C:0.20000    A:0.28000    G:0.32000
position  2:    T:0.28000    C:0.32000    A:0.28000    G:0.12000
position  3:    T:0.28000    C:0.26000    A:0.20000    G:0.26000
Average         T:0.25333    C:0.26000    A:0.25333    G:0.23333

#26: Reindeer       
position  1:    T:0.20000    C:0.22000    A:0.24000    G:0.34000
position  2:    T:0.28000    C:0.32000    A:0.28000    G:0.12000
position  3:    T:0.28000    C:0.24000    A:0.20000    G:0.28000
Average         T:0.25333    C:0.26000    A:0.24000    G:0.24667

#27: Ibex           
position  1:    T:0.20000    C:0.22000    A:0.26000    G:0.32000
position  2:    T:0.26000    C:0.34000    A:0.28000    G:0.12000
position  3:    T:0.28000    C:0.26000    A:0.18000    G:0.28000
Average         T:0.24667    C:0.27333    A:0.24000    G:0.24000

#28: GyrantGazelle  
position  1:    T:0.20000    C:0.22000    A:0.26000    G:0.32000
position  2:    T:0.28000    C:0.32000    A:0.28000    G:0.12000
position  3:    T:0.30000    C:0.24000    A:0.14000    G:0.32000
Average         T:0.26000    C:0.26000    A:0.22667    G:0.25333

#29: Hartebeest     
position  1:    T:0.20000    C:0.22000    A:0.26000    G:0.32000
position  2:    T:0.26000    C:0.34000    A:0.28000    G:0.12000
position  3:    T:0.30000    C:0.24000    A:0.18000    G:0.28000
Average         T:0.25333    C:0.26667    A:0.24000    G:0.24000

#30: Bongo          
position  1:    T:0.22000    C:0.20000    A:0.26000    G:0.32000
position  2:    T:0.28000    C:0.32000    A:0.28000    G:0.12000
position  3:    T:0.30000    C:0.24000    A:0.16000    G:0.30000
Average         T:0.26667    C:0.25333    A:0.23333    G:0.24667

#31: Gerenuk        
position  1:    T:0.20000    C:0.22000    A:0.26000    G:0.32000
position  2:    T:0.28000    C:0.32000    A:0.28000    G:0.12000
position  3:    T:0.34000    C:0.20000    A:0.14000    G:0.32000
Average         T:0.27333    C:0.24667    A:0.22667    G:0.25333

#32: CommonEland    
position  1:    T:0.22000    C:0.20000    A:0.26000    G:0.32000
position  2:    T:0.28000    C:0.32000    A:0.28000    G:0.12000
position  3:    T:0.30000    C:0.24000    A:0.18000    G:0.28000
Average         T:0.26667    C:0.25333    A:0.24000    G:0.24000

#33: MuntiacusReevesi
position  1:    T:0.22000    C:0.20000    A:0.26000    G:0.32000
position  2:    T:0.28000    C:0.32000    A:0.28000    G:0.12000
position  3:    T:0.26000    C:0.28000    A:0.16000    G:0.30000
Average         T:0.25333    C:0.26667    A:0.23333    G:0.24667

#34: HarveysDuiker  
position  1:    T:0.20000    C:0.22000    A:0.26000    G:0.32000
position  2:    T:0.28000    C:0.32000    A:0.28000    G:0.12000
position  3:    T:0.28000    C:0.26000    A:0.16000    G:0.30000
Average         T:0.25333    C:0.26667    A:0.23333    G:0.24667

#35: Pronghorn      
position  1:    T:0.20000    C:0.22000    A:0.26000    G:0.32000
position  2:    T:0.26000    C:0.34000    A:0.28000    G:0.12000
position  3:    T:0.30000    C:0.18000    A:0.22000    G:0.30000
Average         T:0.25333    C:0.24667    A:0.25333    G:0.24667

#36: BlueWildebeest 
position  1:    T:0.20000    C:0.22000    A:0.26000    G:0.32000
position  2:    T:0.26000    C:0.34000    A:0.28000    G:0.12000
position  3:    T:0.32000    C:0.22000    A:0.18000    G:0.28000
Average         T:0.26000    C:0.26000    A:0.24000    G:0.24000

#37: Gemsbok        
position  1:    T:0.20000    C:0.22000    A:0.26000    G:0.32000
position  2:    T:0.26000    C:0.34000    A:0.28000    G:0.12000
position  3:    T:0.30000    C:0.24000    A:0.18000    G:0.28000
Average         T:0.25333    C:0.26667    A:0.24000    G:0.24000

#38: Yak            
position  1:    T:0.20000    C:0.22000    A:0.26000    G:0.32000
position  2:    T:0.28000    C:0.32000    A:0.28000    G:0.12000
position  3:    T:0.30000    C:0.24000    A:0.18000    G:0.28000
Average         T:0.26000    C:0.26000    A:0.24000    G:0.24000

#39: BlueSheep      
position  1:    T:0.20000    C:0.22000    A:0.26000    G:0.32000
position  2:    T:0.26000    C:0.34000    A:0.28000    G:0.12000
position  3:    T:0.28000    C:0.26000    A:0.18000    G:0.28000
Average         T:0.24667    C:0.27333    A:0.24000    G:0.24000

#40: BohorReedbuck  
position  1:    T:0.20000    C:0.22000    A:0.26000    G:0.32000
position  2:    T:0.28000    C:0.32000    A:0.28000    G:0.12000
position  3:    T:0.28000    C:0.26000    A:0.16000    G:0.30000
Average         T:0.25333    C:0.26667    A:0.23333    G:0.24667

#41: KirksDik       
position  1:    T:0.20000    C:0.22000    A:0.26000    G:0.32000
position  2:    T:0.26000    C:0.34000    A:0.28000    G:0.12000
position  3:    T:0.28000    C:0.26000    A:0.14000    G:0.32000
Average         T:0.24667    C:0.27333    A:0.22667    G:0.25333

#42: RoeDeer        
position  1:    T:0.20000    C:0.22000    A:0.26000    G:0.32000
position  2:    T:0.28000    C:0.32000    A:0.28000    G:0.12000
position  3:    T:0.28000    C:0.26000    A:0.22000    G:0.24000
Average         T:0.25333    C:0.26667    A:0.25333    G:0.22667

#43: WhiteLippedDeer
position  1:    T:0.20000    C:0.20000    A:0.26000    G:0.34000
position  2:    T:0.28000    C:0.32000    A:0.28000    G:0.12000
position  3:    T:0.28000    C:0.26000    A:0.20000    G:0.26000
Average         T:0.25333    C:0.26000    A:0.24667    G:0.24000

#44: ThomsonGazelle 
position  1:    T:0.20000    C:0.22000    A:0.26000    G:0.32000
position  2:    T:0.28000    C:0.32000    A:0.28000    G:0.12000
position  3:    T:0.30000    C:0.24000    A:0.16000    G:0.30000
Average         T:0.26000    C:0.26000    A:0.23333    G:0.24667

#45: MuntiacusCrinifrons
position  1:    T:0.22000    C:0.20000    A:0.26000    G:0.32000
position  2:    T:0.28000    C:0.32000    A:0.28000    G:0.12000
position  3:    T:0.26000    C:0.28000    A:0.16000    G:0.30000
Average         T:0.25333    C:0.26667    A:0.23333    G:0.24667

#46: WhiteTailedDeer
position  1:    T:0.20000    C:0.22000    A:0.24000    G:0.34000
position  2:    T:0.28000    C:0.32000    A:0.28000    G:0.12000
position  3:    T:0.28000    C:0.26000    A:0.18000    G:0.28000
Average         T:0.25333    C:0.26667    A:0.23333    G:0.24667

#47: Cattle         
position  1:    T:0.20000    C:0.22000    A:0.26000    G:0.32000
position  2:    T:0.28000    C:0.32000    A:0.28000    G:0.12000
position  3:    T:0.30000    C:0.24000    A:0.20000    G:0.26000
Average         T:0.26000    C:0.26000    A:0.24667    G:0.23333

#48: RoyalAntelope  
position  1:    T:0.20000    C:0.22000    A:0.26000    G:0.32000
position  2:    T:0.28000    C:0.32000    A:0.28000    G:0.12000
position  3:    T:0.30000    C:0.24000    A:0.12000    G:0.34000
Average         T:0.26000    C:0.26000    A:0.22000    G:0.26000

#49: Steenbok       
position  1:    T:0.20000    C:0.22000    A:0.26000    G:0.32000
position  2:    T:0.28000    C:0.32000    A:0.26000    G:0.14000
position  3:    T:0.32000    C:0.22000    A:0.14000    G:0.32000
Average         T:0.26667    C:0.25333    A:0.22000    G:0.26000

#50: Impala         
position  1:    T:0.20000    C:0.22000    A:0.26000    G:0.32000
position  2:    T:0.26000    C:0.34000    A:0.28000    G:0.12000
position  3:    T:0.26000    C:0.28000    A:0.20000    G:0.26000
Average         T:0.24000    C:0.28000    A:0.24667    G:0.23333

#51: Klipspringer   
position  1:    T:0.20000    C:0.22000    A:0.26000    G:0.32000
position  2:    T:0.28000    C:0.32000    A:0.28000    G:0.12000
