CODONML (in paml version 4.10.7, June 2023)  /home/rachel/ruminants_paml/6406-phy-tree/ENSBTAT00000012345.fasta.phy
Model: free dN/dS Ratios for branches,  kappa = 2.000 fixed

Codon frequency model: F3x4
ns =  54  ls =  15

Codon usage in sequences
--------------------------------------------------------------------------------------------------------------------------------------
Phe TTT   0   0   0   0   0   0 | Ser TCT   0   0   0   0   0   0 | Tyr TAT   0   0   0   0   0   0 | Cys TGT   0   0   0   0   0   0
    TTC   1   1   1   1   1   1 |     TCC   0   0   0   0   0   0 |     TAC   0   0   0   0   0   0 |     TGC   0   0   0   0   0   0
Leu TTA   0   0   0   0   0   0 |     TCA   0   0   0   0   0   0 | *** TAA   0   0   0   0   0   0 | *** TGA   0   0   0   0   0   0
    TTG   0   0   0   0   0   0 |     TCG   0   0   0   0   0   0 |     TAG   0   0   0   0   0   0 | Trp TGG   0   0   0   0   0   0
--------------------------------------------------------------------------------------------------------------------------------------
Leu CTT   0   0   0   0   0   0 | Pro CCT   1   1   1   1   1   1 | His CAT   0   0   0   0   0   0 | Arg CGT   0   1   0   0   0   0
    CTC   1   1   1   1   1   1 |     CCC   0   0   0   0   0   0 |     CAC   0   0   0   0   0   0 |     CGC   1   0   1   1   0   0
    CTA   0   0   0   0   0   0 |     CCA   0   0   0   0   0   0 | Gln CAA   0   0   0   0   0   0 |     CGA   0   0   0   0   0   0
    CTG   1   1   1   1   1   1 |     CCG   0   0   0   0   0   0 |     CAG   1   1   1   1   1   1 |     CGG   0   0   0   0   1   1
--------------------------------------------------------------------------------------------------------------------------------------
Ile ATT   1   0   0   0   0   0 | Thr ACT   0   0   0   0   0   0 | Asn AAT   0   0   0   0   1   1 | Ser AGT   0   0   0   0   0   0
    ATC   0   1   1   1   1   1 |     ACC   0   0   0   0   0   0 |     AAC   2   2   2   2   1   1 |     AGC   0   0   0   0   0   0
    ATA   0   0   0   0   0   0 |     ACA   0   0   0   0   0   0 | Lys AAA   0   0   0   0   0   1 | Arg AGA   0   0   0   0   0   0
Met ATG   0   0   0   0   0   0 |     ACG   0   0   0   0   0   0 |     AAG   2   2   2   2   2   1 |     AGG   0   0   0   0   0   0
--------------------------------------------------------------------------------------------------------------------------------------
Val GTT   0   0   0   0   0   0 | Ala GCT   0   0   0   0   0   0 | Asp GAT   0   0   0   0   0   0 | Gly GGT   0   0   0   0   0   0
    GTC   0   0   0   0   0   0 |     GCC   0   0   0   0   0   0 |     GAC   1   1   1   1   1   1 |     GGC   0   0   0   0   0   0
    GTA   0   0   0   0   0   0 |     GCA   1   1   1   1   1   1 | Glu GAA   0   0   0   0   0   0 |     GGA   0   0   0   0   0   0
    GTG   1   1   1   1   1   1 |     GCG   0   0   0   0   0   0 |     GAG   1   1   1   1   1   1 |     GGG   0   0   0   0   0   0
--------------------------------------------------------------------------------------------------------------------------------------

--------------------------------------------------------------------------------------------------------------------------------------
Phe TTT   0   0   0   0   0   0 | Ser TCT   0   0   0   0   0   0 | Tyr TAT   0   0   0   0   0   0 | Cys TGT   0   0   0   0   0   0
    TTC   1   1   1   1   1   1 |     TCC   0   0   0   0   0   0 |     TAC   0   0   0   0   0   0 |     TGC   0   0   0   0   0   0
Leu TTA   0   0   0   0   0   0 |     TCA   0   0   0   0   0   0 | *** TAA   0   0   0   0   0   0 | *** TGA   0   0   0   0   0   0
    TTG   0   0   0   0   0   0 |     TCG   0   0   0   0   0   0 |     TAG   0   0   0   0   0   0 | Trp TGG   0   0   0   0   0   0
--------------------------------------------------------------------------------------------------------------------------------------
Leu CTT   0   0   0   0   0   0 | Pro CCT   1   1   1   1   1   1 | His CAT   0   0   0   0   0   0 | Arg CGT   0   0   0   0   0   0
    CTC   1   1   1   1   1   1 |     CCC   0   0   0   0   0   0 |     CAC   0   0   0   0   0   0 |     CGC   1   1   1   1   1   1
    CTA   0   0   0   0   0   0 |     CCA   0   0   0   0   0   0 | Gln CAA   0   0   0   0   0   0 |     CGA   0   0   0   0   0   0
    CTG   1   1   1   1   1   1 |     CCG   0   0   0   0   0   0 |     CAG   1   1   1   1   1   1 |     CGG   0   0   0   0   0   0
--------------------------------------------------------------------------------------------------------------------------------------
Ile ATT   0   1   0   0   0   0 | Thr ACT   0   0   0   0   0   0 | Asn AAT   0   0   0   0   0   0 | Ser AGT   0   0   0   0   0   0
    ATC   1   0   1   1   1   1 |     ACC   0   0   0   0   0   0 |     AAC   2   2   2   2   2   1 |     AGC   0   0   0   0   0   1
    ATA   0   0   0   0   0   0 |     ACA   0   0   1   0   0   0 | Lys AAA   0   0   0   0   0   0 | Arg AGA   0   0   0   0   0   0
Met ATG   0   0   0   0   0   0 |     ACG   0   0   0   0   0   0 |     AAG   2   2   2   2   2   2 |     AGG   0   0   0   0   0   0
--------------------------------------------------------------------------------------------------------------------------------------
Val GTT   0   0   0   0   0   0 | Ala GCT   0   0   0   0   0   0 | Asp GAT   0   0   0   0   0   0 | Gly GGT   0   0   0   0   0   0
    GTC   0   0   0   0   0   0 |     GCC   0   0   0   0   0   0 |     GAC   1   1   1   1   1   1 |     GGC   0   0   0   0   0   0
    GTA   0   0   0   0   0   0 |     GCA   1   1   0   1   1   1 | Glu GAA   0   0   0   0   0   0 |     GGA   0   0   0   0   0   0
    GTG   1   1   1   1   1   1 |     GCG   0   0   0   0   0   0 |     GAG   1   1   1   1   1   1 |     GGG   0   0   0   0   0   0
--------------------------------------------------------------------------------------------------------------------------------------

--------------------------------------------------------------------------------------------------------------------------------------
Phe TTT   0   0   0   0   0   0 | Ser TCT   0   0   0   0   0   0 | Tyr TAT   0   0   0   0   0   0 | Cys TGT   0   0   0   0   0   0
    TTC   1   1   1   1   1   1 |     TCC   0   0   0   0   0   0 |     TAC   0   0   0   0   0   0 |     TGC   0   0   0   0   0   0
Leu TTA   0   0   0   0   0   0 |     TCA   0   0   0   0   0   0 | *** TAA   0   0   0   0   0   0 | *** TGA   0   0   0   0   0   0
    TTG   0   0   0   0   0   0 |     TCG   0   0   0   0   0   0 |     TAG   0   0   0   0   0   0 | Trp TGG   0   0   0   0   0   0
--------------------------------------------------------------------------------------------------------------------------------------
Leu CTT   0   0   0   0   0   0 | Pro CCT   1   1   1   1   1   1 | His CAT   0   0   0   0   0   0 | Arg CGT   0   0   0   1   0   0
    CTC   1   1   1   1   1   1 |     CCC   0   0   0   0   0   0 |     CAC   0   0   0   0   0   0 |     CGC   1   1   1   0   1   1
    CTA   0   0   0   0   0   0 |     CCA   0   0   0   0   0   0 | Gln CAA   0   0   0   0   0   0 |     CGA   0   0   0   0   0   0
    CTG   1   1   1   1   1   1 |     CCG   0   0   0   0   0   0 |     CAG   1   1   1   1   1   1 |     CGG   0   0   0   0   0   0
--------------------------------------------------------------------------------------------------------------------------------------
Ile ATT   0   0   0   0   0   0 | Thr ACT   0   0   0   0   0   0 | Asn AAT   0   0   0   0   0   1 | Ser AGT   0   0   0   0   0   0
    ATC   1   1   1   1   1   1 |     ACC   0   0   0   0   0   0 |     AAC   1   2   2   2   2   1 |     AGC   1   0   0   0   0   0
    ATA   0   0   0   0   0   0 |     ACA   0   0   0   1   0   0 | Lys AAA   0   0   0   0   0   0 | Arg AGA   0   0   0   0   0   0
Met ATG   0   0   1   0   0   0 |     ACG   0   0   0   0   0   0 |     AAG   2   2   2   2   2   2 |     AGG   0   0   0   0   0   0
--------------------------------------------------------------------------------------------------------------------------------------
Val GTT   0   0   0   0   0   0 | Ala GCT   0   0   0   0   0   0 | Asp GAT   0   0   0   0   0   0 | Gly GGT   0   0   0   0   0   0
    GTC   0   0   0   0   0   0 |     GCC   0   0   0   0   0   0 |     GAC   1   1   1   1   1   1 |     GGC   0   0   0   0   0   0
    GTA   0   0   0   0   0   0 |     GCA   1   1   1   0   1   1 | Glu GAA   0   0   0   0   0   0 |     GGA   0   0   0   0   0   0
    GTG   1   1   0   1   1   1 |     GCG   0   0   0   0   0   0 |     GAG   1   1   1   1   1   1 |     GGG   0   0   0   0   0   0
--------------------------------------------------------------------------------------------------------------------------------------

--------------------------------------------------------------------------------------------------------------------------------------
Phe TTT   0   0   0   0   0   0 | Ser TCT   0   0   0   0   0   0 | Tyr TAT   0   0   0   0   0   0 | Cys TGT   0   0   0   0   0   0
    TTC   1   1   1   1   1   1 |     TCC   0   0   0   0   0   0 |     TAC   0   0   0   0   0   0 |     TGC   0   0   0   0   0   0
Leu TTA   0   0   0   0   0   0 |     TCA   0   0   0   0   0   0 | *** TAA   0   0   0   0   0   0 | *** TGA   0   0   0   0   0   0
    TTG   0   0   0   0   0   0 |     TCG   0   0   0   0   0   0 |     TAG   0   0   0   0   0   0 | Trp TGG   0   0   0   0   0   0
--------------------------------------------------------------------------------------------------------------------------------------
Leu CTT   0   0   0   0   0   0 | Pro CCT   1   1   1   1   0   1 | His CAT   0   0   0   0   0   0 | Arg CGT   1   1   0   1   0   0
    CTC   1   1   1   1   1   1 |     CCC   0   0   0   0   1   0 |     CAC   0   0   0   0   0   0 |     CGC   0   0   1   0   1   1
    CTA   0   0   0   0   0   0 |     CCA   0   0   0   0   0   0 | Gln CAA   0   0   0   0   0   0 |     CGA   0   0   0   0   0   0
    CTG   1   1   1   1   1   1 |     CCG   0   0   0   0   0   0 |     CAG   1   1   1   1   1   1 |     CGG   0   0   0   0   0   0
--------------------------------------------------------------------------------------------------------------------------------------
Ile ATT   0   0   0   0   0   0 | Thr ACT   0   0   0   0   0   0 | Asn AAT   0   0   0   0   0   0 | Ser AGT   0   0   0   0   0   0
    ATC   1   1   1   1   1   1 |     ACC   0   0   0   0   0   0 |     AAC   1   2   2   2   2   2 |     AGC   1   0   0   0   0   0
    ATA   0   0   0   0   0   0 |     ACA   0   0   0   0   0   0 | Lys AAA   0   0   0   0   1   0 | Arg AGA   0   0   0   0   0   0
Met ATG   0   0   0   0   0   0 |     ACG   0   0   0   0   0   0 |     AAG   2   2   2   2   1   2 |     AGG   0   0   0   0   0   0
--------------------------------------------------------------------------------------------------------------------------------------
Val GTT   0   0   0   0   0   0 | Ala GCT   0   0   0   0   0   0 | Asp GAT   0   0   0   0   0   0 | Gly GGT   0   0   0   0   0   0
    GTC   0   0   0   0   0   0 |     GCC   0   0   0   0   0   0 |     GAC   1   1   1   1   1   1 |     GGC   0   0   0   0   0   0
    GTA   0   0   0   0   0   0 |     GCA   1   1   1   1   1   1 | Glu GAA   0   0   0   0   0   0 |     GGA   0   0   0   0   0   0
    GTG   1   1   1   1   1   1 |     GCG   0   0   0   0   0   0 |     GAG   1   1   1   1   1   1 |     GGG   0   0   0   0   0   0
--------------------------------------------------------------------------------------------------------------------------------------

--------------------------------------------------------------------------------------------------------------------------------------
Phe TTT   0   0   0   0   0   0 | Ser TCT   0   0   0   0   0   0 | Tyr TAT   0   0   0   0   0   0 | Cys TGT   0   0   0   0   0   0
    TTC   1   1   1   1   1   1 |     TCC   0   0   0   0   0   0 |     TAC   0   0   0   0   0   0 |     TGC   0   0   0   0   0   0
Leu TTA   0   0   0   0   0   0 |     TCA   0   0   0   0   0   0 | *** TAA   0   0   0   0   0   0 | *** TGA   0   0   0   0   0   0
    TTG   0   0   0   0   0   0 |     TCG   0   0   0   0   0   0 |     TAG   0   0   0   0   0   0 | Trp TGG   0   0   0   0   0   0
--------------------------------------------------------------------------------------------------------------------------------------
Leu CTT   0   0   0   0   0   0 | Pro CCT   1   1   1   1   1   1 | His CAT   0   0   0   0   0   0 | Arg CGT   0   0   0   0   0   0
    CTC   0   1   1   1   1   1 |     CCC   0   0   0   0   0   0 |     CAC   0   0   0   0   0   0 |     CGC   1   1   1   1   1   1
    CTA   0   0   0   0   0   0 |     CCA   0   0   0   0   0   0 | Gln CAA   0   0   0   0   0   0 |     CGA   0   0   0   0   0   0
    CTG   2   1   1   1   1   1 |     CCG   0   0   0   0   0   0 |     CAG   1   1   1   1   1   1 |     CGG   0   0   0   0   0   0
--------------------------------------------------------------------------------------------------------------------------------------
Ile ATT   0   0   0   0   0   0 | Thr ACT   0   0   0   0   0   0 | Asn AAT   0   0   0   0   0   0 | Ser AGT   0   0   0   0   0   0
    ATC   1   1   1   1   1   1 |     ACC   0   0   0   0   0   0 |     AAC   1   1   1   2   2   2 |     AGC   1   1   1   0   0   0
    ATA   0   0   0   0   0   0 |     ACA   0   0   0   0   0   0 | Lys AAA   0   0   0   0   0   0 | Arg AGA   0   0   0   0   0   0
Met ATG   0   0   0   0   1   0 |     ACG   0   0   0   0   0   0 |     AAG   2   2   2   2   2   2 |     AGG   0   0   0   0   0   0
--------------------------------------------------------------------------------------------------------------------------------------
Val GTT   0   0   0   0   0   0 | Ala GCT   0   0   0   0   0   0 | Asp GAT   0   0   0   0   0   0 | Gly GGT   0   0   0   0   0   0
    GTC   0   0   0   0   0   0 |     GCC   0   0   0   0   0   0 |     GAC   1   1   1   1   1   1 |     GGC   0   0   0   0   0   0
    GTA   0   0   0   0   0   0 |     GCA   1   1   1   1   1   1 | Glu GAA   0   0   0   0   0   0 |     GGA   0   0   0   0   0   0
    GTG   1   1   1   1   0   1 |     GCG   0   0   0   0   0   0 |     GAG   1   1   1   1   1   1 |     GGG   0   0   0   0   0   0
--------------------------------------------------------------------------------------------------------------------------------------

--------------------------------------------------------------------------------------------------------------------------------------
Phe TTT   0   0   0   0   0   0 | Ser TCT   0   0   0   0   0   0 | Tyr TAT   0   0   0   0   0   0 | Cys TGT   0   0   0   0   0   0
    TTC   1   1   1   1   1   1 |     TCC   0   0   0   0   0   0 |     TAC   0   0   0   0   0   0 |     TGC   0   0   0   0   0   0
Leu TTA   0   0   0   0   0   0 |     TCA   0   0   0   0   0   0 | *** TAA   0   0   0   0   0   0 | *** TGA   0   0   0   0   0   0
    TTG   0   0   0   0   0   0 |     TCG   0   0   0   0   0   0 |     TAG   0   0   0   0   0   0 | Trp TGG   0   0   0   0   0   0
--------------------------------------------------------------------------------------------------------------------------------------
Leu CTT   0   0   0   0   0   0 | Pro CCT   1   1   1   1   1   1 | His CAT   0   0   0   0   0   0 | Arg CGT   0   0   0   0   0   0
    CTC   1   1   1   1   1   1 |     CCC   0   0   0   0   0   0 |     CAC   0   0   0   0   0   0 |     CGC   1   1   1   1   1   1
    CTA   0   0   0   0   0   0 |     CCA   0   0   0   0   0   0 | Gln CAA   0   0   0   0   0   0 |     CGA   0   0   0   0   0   0
    CTG   1   1   1   1   1   1 |     CCG   0   0   0   0   0   0 |     CAG   1   1   1   1   1   1 |     CGG   0   0   0   0   0   0
--------------------------------------------------------------------------------------------------------------------------------------
Ile ATT   0   0   0   0   0   0 | Thr ACT   0   0   0   0   0   0 | Asn AAT   1   0   0   0   0   0 | Ser AGT   0   0   0   0   0   0
    ATC   1   1   1   1   1   1 |     ACC   0   0   0   0   0   0 |     AAC   1   2   1   2   2   2 |     AGC   0   0   1   0   0   0
    ATA   0   0   0   0   0   0 |     ACA   0   0   0   1   0   0 | Lys AAA   0   0   0   0   0   0 | Arg AGA   0   0   0   0   0   0
Met ATG   0   0   0   0   0   1 |     ACG   0   0   0   0   0   0 |     AAG   2   2   2   2   2   2 |     AGG   0   0   0   0   0   0
--------------------------------------------------------------------------------------------------------------------------------------
Val GTT   0   0   0   0   0   0 | Ala GCT   0   0   0   0   0   0 | Asp GAT   0   0   0   0   0   0 | Gly GGT   0   0   0   0   0   0
    GTC   0   0   0   0   0   0 |     GCC   0   0   0   0   0   0 |     GAC   1   1   1   1   1   1 |     GGC   0   0   0   0   0   0
    GTA   0   0   0   0   0   0 |     GCA   1   1   1   0   1   1 | Glu GAA   0   0   0   0   0   0 |     GGA   0   0   0   0   0   0
    GTG   1   1   1   1   1   0 |     GCG   0   0   0   0   0   0 |     GAG   1   1   1   1   1   1 |     GGG   0   0   0   0   0   0
--------------------------------------------------------------------------------------------------------------------------------------

--------------------------------------------------------------------------------------------------------------------------------------
Phe TTT   0   0   0   0   0   0 | Ser TCT   0   0   0   0   0   0 | Tyr TAT   0   0   0   0   0   0 | Cys TGT   0   0   0   0   0   0
    TTC   1   1   1   1   1   1 |     TCC   0   0   0   0   0   0 |     TAC   0   0   0   0   0   0 |     TGC   0   0   0   0   0   0
Leu TTA   0   0   0   0   0   0 |     TCA   0   0   0   0   0   0 | *** TAA   0   0   0   0   0   0 | *** TGA   0   0   0   0   0   0
    TTG   0   0   0   0   0   1 |     TCG   0   0   0   0   0   0 |     TAG   0   0   0   0   0   0 | Trp TGG   0   0   0   0   0   0
--------------------------------------------------------------------------------------------------------------------------------------
Leu CTT   0   0   0   0   0   0 | Pro CCT   1   1   1   1   1   1 | His CAT   0   0   0   0   0   0 | Arg CGT   0   0   0   0   0   0
    CTC   1   1   1   1   1   1 |     CCC   0   0   0   0   0   0 |     CAC   0   0   0   0   0   0 |     CGC   1   1   1   1   1   1
    CTA   0   0   0   0   0   0 |     CCA   0   0   0   0   0   0 | Gln CAA   0   0   0   0   0   0 |     CGA   0   0   0   0   0   0
    CTG   1   1   1   1   1   0 |     CCG   0   0   0   0   0   0 |     CAG   1   1   1   1   1   1 |     CGG   0   0   0   0   0   0
--------------------------------------------------------------------------------------------------------------------------------------
Ile ATT   0   0   0   0   0   1 | Thr ACT   0   0   0   0   0   0 | Asn AAT   0   0   0   0   0   0 | Ser AGT   0   0   0   0   0   0
    ATC   1   1   1   1   1   0 |     ACC   0   0   0   0   0   0 |     AAC   2   2   1   2   2   1 |     AGC   0   0   1   0   0   1
    ATA   0   0   0   0   0   0 |     ACA   0   0   0   0   0   0 | Lys AAA   0   0   0   0   0   0 | Arg AGA   0   0   0   0   0   0
Met ATG   1   0   0   0   1   0 |     ACG   0   0   0   0   0   0 |     AAG   2   2   2   2   2   2 |     AGG   0   0   0   0   0   0
--------------------------------------------------------------------------------------------------------------------------------------
Val GTT   0   0   0   0   0   0 | Ala GCT   0   0   0   0   0   0 | Asp GAT   0   0   0   0   0   0 | Gly GGT   0   0   0   0   0   0
    GTC   0   0   0   0   0   0 |     GCC   0   0   0   0   0   0 |     GAC   1   1   1   1   1   1 |     GGC   0   0   0   0   0   0
    GTA   0   0   0   0   0   0 |     GCA   1   1   1   1   1   1 | Glu GAA   0   0   0   0   0   0 |     GGA   0   0   0   0   0   0
    GTG   0   1   1   1   0   1 |     GCG   0   0   0   0   0   0 |     GAG   1   1   1   1   1   1 |     GGG   0   0   0   0   0   0
--------------------------------------------------------------------------------------------------------------------------------------

--------------------------------------------------------------------------------------------------------------------------------------
Phe TTT   0   0   0   0   0   0 | Ser TCT   0   0   0   0   0   0 | Tyr TAT   0   0   0   0   0   0 | Cys TGT   0   0   0   0   0   0
    TTC   1   1   1   1   1   1 |     TCC   0   0   0   0   0   0 |     TAC   0   0   0   0   0   0 |     TGC   0   0   0   0   0   0
Leu TTA   0   0   0   0   0   0 |     TCA   0   0   0   0   0   0 | *** TAA   0   0   0   0   0   0 | *** TGA   0   0   0   0   0   0
    TTG   0   0   0   0   0   0 |     TCG   0   0   0   0   0   0 |     TAG   0   0   0   0   0   0 | Trp TGG   0   0   0   0   0   0
--------------------------------------------------------------------------------------------------------------------------------------
Leu CTT   0   0   0   0   0   0 | Pro CCT   1   1   1   1   1   1 | His CAT   0   0   0   0   0   0 | Arg CGT   0   0   0   0   0   0
    CTC   0   1   1   1   1   1 |     CCC   0   0   0   0   0   0 |     CAC   0   0   0   0   0   0 |     CGC   1   1   1   1   1   1
    CTA   0   0   0   0   0   0 |     CCA   0   0   0   0   0   0 | Gln CAA   0   0   0   0   0   0 |     CGA   0   0   0   0   0   0
    CTG   2   1   1   1   1   1 |     CCG   0   0   0   0   0   0 |     CAG   1   1   1   1   1   1 |     CGG   0   0   0   0   0   0
--------------------------------------------------------------------------------------------------------------------------------------
Ile ATT   0   0   0   0   0   0 | Thr ACT   0   0   0   0   0   0 | Asn AAT   0   0   0   0   0   0 | Ser AGT   0   0   0   0   0   0
    ATC   1   1   1   1   1   1 |     ACC   0   0   0   0   0   0 |     AAC   1   2   1   1   2   2 |     AGC   1   0   1   1   0   0
    ATA   0   0   0   0   0   0 |     ACA   0   0   0   0   0   0 | Lys AAA   0   0   0   0   0   0 | Arg AGA   0   0   0   0   0   0
Met ATG   0   0   0   0   0   0 |     ACG   0   0   0   0   0   0 |     AAG   2   2   2   2   2   2 |     AGG   0   0   0   0   0   0
--------------------------------------------------------------------------------------------------------------------------------------
Val GTT   0   0   0   0   0   0 | Ala GCT   0   0   0   0   0   0 | Asp GAT   0   0   0   0   0   0 | Gly GGT   0   0   0   0   0   0
    GTC   0   0   0   0   0   0 |     GCC   0   0   0   0   0   0 |     GAC   1   1   1   1   1   1 |     GGC   0   0   0   0   0   0
    GTA   0   0   0   0   0   0 |     GCA   1   1   1   1   1   1 | Glu GAA   0   0   0   0   0   0 |     GGA   0   0   0   0   0   0
    GTG   1   1   1   1   1   1 |     GCG   0   0   0   0   0   0 |     GAG   1   1   1   1   1   1 |     GGG   0   0   0   0   0   0
--------------------------------------------------------------------------------------------------------------------------------------

--------------------------------------------------------------------------------------------------------------------------------------
Phe TTT   0   0   0   0   0   0 | Ser TCT   0   0   0   0   0   0 | Tyr TAT   0   0   0   0   0   0 | Cys TGT   0   0   0   0   0   0
    TTC   1   1   1   1   1   1 |     TCC   0   0   0   0   0   0 |     TAC   0   0   0   0   0   0 |     TGC   0   0   0   0   0   0
Leu TTA   0   0   0   0   0   0 |     TCA   0   0   0   0   0   0 | *** TAA   0   0   0   0   0   0 | *** TGA   0   0   0   0   0   0
    TTG   0   0   0   0   0   0 |     TCG   0   0   0   0   0   0 |     TAG   0   0   0   0   0   0 | Trp TGG   0   0   0   0   0   0
--------------------------------------------------------------------------------------------------------------------------------------
Leu CTT   0   0   0   0   0   0 | Pro CCT   1   1   1   1   1   1 | His CAT   0   0   0   0   0   0 | Arg CGT   0   0   0   0   0   0
    CTC   1   1   1   1   1   1 |     CCC   0   0   0   0   0   0 |     CAC   0   0   0   0   0   0 |     CGC   1   1   1   1   1   1
    CTA   0   0   0   0   0   0 |     CCA   0   0   0   0   0   0 | Gln CAA   0   0   0   0   0   0 |     CGA   0   0   0   0   0   0
    CTG   1   1   1   1   1   1 |     CCG   0   0   0   0   0   0 |     CAG   1   1   1   1   1   1 |     CGG   0   0   0   0   0   0
--------------------------------------------------------------------------------------------------------------------------------------
Ile ATT   0   0   0   0   0   0 | Thr ACT   0   0   0   0   0   0 | Asn AAT   0   0   0   0   0   0 | Ser AGT   0   0   0   0   0   0
    ATC   1   1   1   1   1   1 |     ACC   0   0   0   0   0   0 |     AAC   2   2   1   2   2   2 |     AGC   0   0   1   0   0   0
    ATA   0   0   0   0   0   0 |     ACA   0   0   0   0   0   0 | Lys AAA   0   0   0   0   0   0 | Arg AGA   0   0   0   0   0   0
Met ATG   0   0   1   0   0   0 |     ACG   0   0   0   0   0   0 |     AAG   2   2   2   2   2   2 |     AGG   0   0   0   0   0   0
--------------------------------------------------------------------------------------------------------------------------------------
Val GTT   0   0   0   0   0   0 | Ala GCT   0   0   0   0   0   0 | Asp GAT   0   0   0   0   0   0 | Gly GGT   0   0   0   0   0   0
    GTC   0   0   0   0   0   0 |     GCC   0   0   0   0   0   0 |     GAC   1   1   1   1   1   1 |     GGC   0   0   0   0   0   0
    GTA   0   0   0   0   0   0 |     GCA   1   1   1   1   1   1 | Glu GAA   0   0   0   0   0   0 |     GGA   0   0   0   0   0   0
    GTG   1   1   0   1   1   1 |     GCG   0   0   0   0   0   0 |     GAG   1   1   1   1   1   1 |     GGG   0   0   0   0   0   0
--------------------------------------------------------------------------------------------------------------------------------------

Codon position x base (3x4) table for each sequence.

#1: Argali         
position  1:    T:0.06667    C:0.33333    A:0.33333    G:0.26667
position  2:    T:0.33333    C:0.13333    A:0.46667    G:0.06667
position  3:    T:0.13333    C:0.40000    A:0.06667    G:0.40000
Average         T:0.17778    C:0.28889    A:0.28889    G:0.24444

#2: LesserMouseDeer
position  1:    T:0.06667    C:0.33333    A:0.33333    G:0.26667
position  2:    T:0.33333    C:0.13333    A:0.46667    G:0.06667
position  3:    T:0.13333    C:0.40000    A:0.06667    G:0.40000
Average         T:0.17778    C:0.28889    A:0.28889    G:0.24444

#3: LesserKudu     
position  1:    T:0.06667    C:0.33333    A:0.33333    G:0.26667
position  2:    T:0.33333    C:0.13333    A:0.46667    G:0.06667
position  3:    T:0.06667    C:0.46667    A:0.06667    G:0.40000
Average         T:0.15556    C:0.31111    A:0.28889    G:0.24444

#4: ForestMuskDeer2
position  1:    T:0.06667    C:0.33333    A:0.33333    G:0.26667
position  2:    T:0.33333    C:0.13333    A:0.46667    G:0.06667
position  3:    T:0.06667    C:0.46667    A:0.06667    G:0.40000
Average         T:0.15556    C:0.31111    A:0.28889    G:0.24444

#5: Camel          
position  1:    T:0.06667    C:0.33333    A:0.33333    G:0.26667
position  2:    T:0.33333    C:0.13333    A:0.46667    G:0.06667
position  3:    T:0.13333    C:0.33333    A:0.06667    G:0.46667
Average         T:0.17778    C:0.26667    A:0.28889    G:0.26667

#6: KillerWhale    
position  1:    T:0.06667    C:0.33333    A:0.33333    G:0.26667
position  2:    T:0.33333    C:0.13333    A:0.46667    G:0.06667
position  3:    T:0.13333    C:0.33333    A:0.13333    G:0.40000
Average         T:0.17778    C:0.26667    A:0.31111    G:0.24444

#7: DefassaWaterbuck
position  1:    T:0.06667    C:0.33333    A:0.33333    G:0.26667
position  2:    T:0.33333    C:0.13333    A:0.46667    G:0.06667
position  3:    T:0.06667    C:0.46667    A:0.06667    G:0.40000
Average         T:0.15556    C:0.31111    A:0.28889    G:0.24444

#8: Sheep          
position  1:    T:0.06667    C:0.33333    A:0.33333    G:0.26667
position  2:    T:0.33333    C:0.13333    A:0.46667    G:0.06667
position  3:    T:0.13333    C:0.40000    A:0.06667    G:0.40000
Average         T:0.17778    C:0.28889    A:0.28889    G:0.24444

#9: MaxwellsDuiker 
position  1:    T:0.06667    C:0.33333    A:0.40000    G:0.20000
position  2:    T:0.33333    C:0.13333    A:0.46667    G:0.06667
position  3:    T:0.06667    C:0.46667    A:0.06667    G:0.40000
Average         T:0.15556    C:0.31111    A:0.31111    G:0.22222

#10: GazellaPrzewalskyi
position  1:    T:0.06667    C:0.33333    A:0.33333    G:0.26667
position  2:    T:0.33333    C:0.13333    A:0.46667    G:0.06667
position  3:    T:0.06667    C:0.46667    A:0.06667    G:0.40000
Average         T:0.15556    C:0.31111    A:0.28889    G:0.24444

#11: MountainNyala  
position  1:    T:0.06667    C:0.33333    A:0.33333    G:0.26667
position  2:    T:0.33333    C:0.13333    A:0.46667    G:0.06667
position  3:    T:0.06667    C:0.46667    A:0.06667    G:0.40000
Average         T:0.15556    C:0.31111    A:0.28889    G:0.24444

#12: MuntiacusMuntjak
position  1:    T:0.06667    C:0.33333    A:0.33333    G:0.26667
position  2:    T:0.33333    C:0.13333    A:0.40000    G:0.13333
position  3:    T:0.06667    C:0.46667    A:0.06667    G:0.40000
Average         T:0.15556    C:0.31111    A:0.26667    G:0.26667

#13: goat           
position  1:    T:0.06667    C:0.33333    A:0.33333    G:0.26667
position  2:    T:0.33333    C:0.13333    A:0.40000    G:0.13333
position  3:    T:0.06667    C:0.46667    A:0.06667    G:0.40000
Average         T:0.15556    C:0.31111    A:0.26667    G:0.26667

#14: AfricanBuffalo 
position  1:    T:0.06667    C:0.33333    A:0.33333    G:0.26667
position  2:    T:0.33333    C:0.13333    A:0.46667    G:0.06667
position  3:    T:0.06667    C:0.46667    A:0.06667    G:0.40000
Average         T:0.15556    C:0.31111    A:0.28889    G:0.24444

#15: Topi           
position  1:    T:0.06667    C:0.33333    A:0.40000    G:0.20000
position  2:    T:0.33333    C:0.13333    A:0.46667    G:0.06667
position  3:    T:0.06667    C:0.46667    A:0.06667    G:0.40000
Average         T:0.15556    C:0.31111    A:0.31111    G:0.22222

#16: CommonDuiker   
position  1:    T:0.06667    C:0.33333    A:0.40000    G:0.20000
position  2:    T:0.33333    C:0.13333    A:0.46667    G:0.06667
position  3:    T:0.13333    C:0.40000    A:0.06667    G:0.40000
Average         T:0.17778    C:0.28889    A:0.31111    G:0.22222

#17: Suni           
position  1:    T:0.06667    C:0.33333    A:0.33333    G:0.26667
position  2:    T:0.33333    C:0.13333    A:0.46667    G:0.06667
position  3:    T:0.06667    C:0.46667    A:0.06667    G:0.40000
Average         T:0.15556    C:0.31111    A:0.28889    G:0.24444

#18: Springbuck     
position  1:    T:0.06667    C:0.33333    A:0.33333    G:0.26667
position  2:    T:0.33333    C:0.13333    A:0.46667    G:0.06667
position  3:    T:0.13333    C:0.40000    A:0.06667    G:0.40000
Average         T:0.17778    C:0.28889    A:0.28889    G:0.24444

#19: Okapi          
position  1:    T:0.06667    C:0.33333    A:0.33333    G:0.26667
position  2:    T:0.33333    C:0.13333    A:0.40000    G:0.13333
position  3:    T:0.13333    C:0.40000    A:0.06667    G:0.40000
Average         T:0.17778    C:0.28889    A:0.26667    G:0.26667

#20: Giraffe        
position  1:    T:0.06667    C:0.33333    A:0.33333    G:0.26667
position  2:    T:0.33333    C:0.13333    A:0.46667    G:0.06667
position  3:    T:0.13333    C:0.40000    A:0.06667    G:0.40000
Average         T:0.17778    C:0.28889    A:0.28889    G:0.24444

#21: TibetanAntelope
position  1:    T:0.06667    C:0.33333    A:0.33333    G:0.26667
position  2:    T:0.33333    C:0.13333    A:0.46667    G:0.06667
position  3:    T:0.06667    C:0.46667    A:0.06667    G:0.40000
Average         T:0.15556    C:0.31111    A:0.28889    G:0.24444

#22: Sitatunga      
position  1:    T:0.06667    C:0.33333    A:0.33333    G:0.26667
position  2:    T:0.33333    C:0.13333    A:0.46667    G:0.06667
position  3:    T:0.13333    C:0.40000    A:0.06667    G:0.40000
Average         T:0.17778    C:0.28889    A:0.28889    G:0.24444

#23: Oribi          
position  1:    T:0.06667    C:0.33333    A:0.33333    G:0.26667
position  2:    T:0.33333    C:0.13333    A:0.46667    G:0.06667
position  3:    T:0.00000    C:0.53333    A:0.13333    G:0.33333
Average         T:0.13333    C:0.33333    A:0.31111    G:0.22222

#24: BarbarySheep   
position  1:    T:0.06667    C:0.33333    A:0.33333    G:0.26667
position  2:    T:0.33333    C:0.13333    A:0.46667    G:0.06667
position  3:    T:0.06667    C:0.46667    A:0.06667    G:0.40000
Average         T:0.15556    C:0.31111    A:0.28889    G:0.24444

#25: Daviddeer      
position  1:    T:0.06667    C:0.33333    A:0.33333    G:0.26667
position  2:    T:0.33333    C:0.13333    A:0.40000    G:0.13333
position  3:    T:0.06667    C:0.40000    A:0.06667    G:0.46667
Average         T:0.15556    C:0.28889    A:0.26667    G:0.28889

#26: Reindeer       
position  1:    T:0.06667    C:0.33333    A:0.33333    G:0.26667
position  2:    T:0.33333    C:0.13333    A:0.40000    G:0.13333
position  3:    T:0.06667    C:0.46667    A:0.06667    G:0.40000
Average         T:0.15556    C:0.31111    A:0.26667    G:0.26667

#27: Ibex           
position  1:    T:0.06667    C:0.33333    A:0.33333    G:0.26667
position  2:    T:0.33333    C:0.13333    A:0.40000    G:0.13333
position  3:    T:0.06667    C:0.46667    A:0.06667    G:0.40000
Average         T:0.15556    C:0.31111    A:0.26667    G:0.26667

#28: GyrantGazelle  
position  1:    T:0.06667    C:0.33333    A:0.33333    G:0.26667
position  2:    T:0.33333    C:0.13333    A:0.46667    G:0.06667
position  3:    T:0.06667    C:0.46667    A:0.06667    G:0.40000
Average         T:0.15556    C:0.31111    A:0.28889    G:0.24444

#29: Hartebeest     
position  1:    T:0.06667    C:0.33333    A:0.40000    G:0.20000
position  2:    T:0.33333    C:0.13333    A:0.46667    G:0.06667
position  3:    T:0.06667    C:0.46667    A:0.06667    G:0.40000
Average         T:0.15556    C:0.31111    A:0.31111    G:0.22222

#30: Bongo          
position  1:    T:0.06667    C:0.33333    A:0.33333    G:0.26667
position  2:    T:0.33333    C:0.13333    A:0.46667    G:0.06667
position  3:    T:0.06667    C:0.46667    A:0.06667    G:0.40000
Average         T:0.15556    C:0.31111    A:0.28889    G:0.24444

#31: Gerenuk        
position  1:    T:0.06667    C:0.33333    A:0.33333    G:0.26667
position  2:    T:0.33333    C:0.13333    A:0.46667    G:0.06667
position  3:    T:0.13333    C:0.40000    A:0.06667    G:0.40000
Average         T:0.17778    C:0.28889    A:0.28889    G:0.24444

#32: CommonEland    
position  1:    T:0.06667    C:0.33333    A:0.33333    G:0.26667
position  2:    T:0.33333    C:0.13333    A:0.46667    G:0.06667
position  3:    T:0.06667    C:0.46667    A:0.06667    G:0.40000
Average         T:0.15556    C:0.31111    A:0.28889    G:0.24444

#33: MuntiacusReevesi
position  1:    T:0.06667    C:0.33333    A:0.33333    G:0.26667
position  2:    T:0.33333    C:0.13333    A:0.40000    G:0.13333
position  3:    T:0.06667    C:0.46667    A:0.06667    G:0.40000
Average         T:0.15556    C:0.31111    A:0.26667    G:0.26667

#34: HarveysDuiker  
position  1:    T:0.06667    C:0.33333    A:0.40000    G:0.20000
position  2:    T:0.33333    C:0.13333    A:0.46667    G:0.06667
position  3:    T:0.06667    C:0.46667    A:0.06667    G:0.40000
Average         T:0.15556    C:0.31111    A:0.31111    G:0.22222

#35: Pronghorn      
position  1:    T:0.06667    C:0.33333    A:0.33333    G:0.26667
position  2:    T:0.33333    C:0.13333    A:0.46667    G:0.06667
position  3:    T:0.06667    C:0.46667    A:0.06667    G:0.40000
Average         T:0.15556    C:0.31111    A:0.28889    G:0.24444

#36: BlueWildebeest 
position  1:    T:0.06667    C:0.33333    A:0.40000    G:0.20000
position  2:    T:0.33333    C:0.13333    A:0.46667    G:0.06667
position  3:    T:0.06667    C:0.46667    A:0.06667    G:0.40000
Average         T:0.15556    C:0.31111    A:0.31111    G:0.22222

#37: Gemsbok        
position  1:    T:0.06667    C:0.33333    A:0.40000    G:0.20000
position  2:    T:0.33333    C:0.13333    A:0.46667    G:0.06667
position  3:    T:0.06667    C:0.46667    A:0.06667    G:0.40000
Average         T:0.15556    C:0.31111    A:0.31111    G:0.22222

#38: Yak            
position  1:    T:0.06667    C:0.33333    A:0.33333    G:0.26667
position  2:    T:0.33333    C:0.13333    A:0.46667    G:0.06667
position  3:    T:0.06667    C:0.46667    A:0.06667    G:0.40000
Average         T:0.15556    C:0.31111    A:0.28889    G:0.24444

#39: BlueSheep      
position  1:    T:0.06667    C:0.33333    A:0.33333    G:0.26667
position  2:    T:0.33333    C:0.13333    A:0.40000    G:0.13333
position  3:    T:0.06667    C:0.46667    A:0.06667    G:0.40000
Average         T:0.15556    C:0.31111    A:0.26667    G:0.26667

#40: BohorReedbuck  
position  1:    T:0.06667    C:0.33333    A:0.33333    G:0.26667
position  2:    T:0.33333    C:0.13333    A:0.46667    G:0.06667
position  3:    T:0.06667    C:0.46667    A:0.06667    G:0.40000
Average         T:0.15556    C:0.31111    A:0.28889    G:0.24444

#41: KirksDik       
position  1:    T:0.06667    C:0.33333    A:0.40000    G:0.20000
position  2:    T:0.33333    C:0.13333    A:0.46667    G:0.06667
position  3:    T:0.06667    C:0.46667    A:0.06667    G:0.40000
Average         T:0.15556    C:0.31111    A:0.31111    G:0.22222

#42: RoeDeer        
position  1:    T:0.13333    C:0.26667    A:0.33333    G:0.26667
position  2:    T:0.33333    C:0.13333    A:0.40000    G:0.13333
position  3:    T:0.13333    C:0.40000    A:0.06667    G:0.40000
Average         T:0.20000    C:0.26667    A:0.26667    G:0.26667

#43: WhiteLippedDeer
position  1:    T:0.06667    C:0.33333    A:0.33333    G:0.26667
position  2:    T:0.33333    C:0.13333    A:0.40000    G:0.13333
position  3:    T:0.06667    C:0.40000    A:0.06667    G:0.46667
Average         T:0.15556    C:0.28889    A:0.26667    G:0.28889

#44: ThomsonGazelle 
position  1:    T:0.06667    C:0.33333    A:0.33333    G:0.26667
position  2:    T:0.33333    C:0.13333    A:0.46667    G:0.06667
position  3:    T:0.06667    C:0.46667    A:0.06667    G:0.40000
Average         T:0.15556    C:0.31111    A:0.28889    G:0.24444

#45: MuntiacusCrinifrons
position  1:    T:0.06667    C:0.33333    A:0.33333    G:0.26667
position  2:    T:0.33333    C:0.13333    A:0.40000    G:0.13333
position  3:    T:0.06667    C:0.46667    A:0.06667    G:0.40000
Average         T:0.15556    C:0.31111    A:0.26667    G:0.26667

#46: WhiteTailedDeer
position  1:    T:0.06667    C:0.33333    A:0.33333    G:0.26667
position  2:    T:0.33333    C:0.13333    A:0.40000    G:0.13333
position  3:    T:0.06667    C:0.46667    A:0.06667    G:0.40000
Average         T:0.15556    C:0.31111    A:0.26667    G:0.26667

#47: Cattle         
position  1:    T:0.06667    C:0.33333    A:0.33333    G:0.26667
position  2:    T:0.33333    C:0.13333    A:0.46667    G:0.06667
position  3:    T:0.06667    C:0.46667    A:0.06667    G:0.40000
Average         T:0.15556    C:0.31111    A:0.28889    G:0.24444

#48: RoyalAntelope  
position  1:    T:0.06667    C:0.33333    A:0.33333    G:0.26667
position  2:    T:0.33333    C:0.13333    A:0.46667    G:0.06667
position  3:    T:0.06667    C:0.46667    A:0.06667    G:0.40000
Average         T:0.15556    C:0.31111    A:0.28889    G:0.24444

#49: Steenbok       
position  1:    T:0.06667    C:0.33333    A:0.33333    G:0.26667
position  2:    T:0.33333    C:0.13333    A:0.46667    G:0.06667
position  3:    T:0.06667    C:0.46667    A:0.06667    G:0.40000
Average         T:0.15556    C:0.31111    A:0.28889    G:0.24444

#50: Impala         
position  1:    T:0.06667    C:0.33333    A:0.33333    G:0.26667
position  2:    T:0.33333    C:0.13333    A:0.46667    G:0.06667
position  3:    T:0.06667    C:0.46667    A:0.06667    G:0.40000
Average         T:0.15556    C:0.31111    A:0.28889    G:0.24444

#51: Klipspringer   
position  1:    T:0.06667    C:0.33333    A:0.40000    G:0.20000
position  2:    T:0.33333    C:0.13333    A:0.40000    G:0.13333
