1
52 1
Argali 0.000000 0.123400 0.068000 0.128500 0.049900 0.005300 0.027300 0.038600 0.061900 0.055800 0.021700 0.027300 0.027400 0.032900 0.032800 0.071900 0.091400 0.090700 0.044200 0.062000 0.032800 0.043700 0.078400 0.049500 0.021700 0.054900 0.027400 0.056100 0.084000 0.050200 0.049700 0.027300 0.114100 0.027400 0.038600 0.050100 0.032200 0.055500 0.055600 0.061600 0.078400 0.060600 0.055300 0.078400 0.038700 0.038300 0.038300 0.038800 0.038500 0.038500 0.050200 0.056100
LesserMous 0.123400 0.000000 0.130800 0.147700 0.129200 0.117500 0.104100 0.116600 0.130400 0.116900 0.104400 0.104100 0.098100 0.110200 0.110500 0.160000 0.155800 0.154400 0.117500 0.130900 0.110000 0.128500 0.141000 0.109200 0.104400 0.141200 0.098100 0.124200 0.173200 0.117500 0.109900 0.104100 0.166500 0.098100 0.098300 0.122500 0.110400 0.129000 0.122800 0.123100 0.141000 0.147500 0.115700 0.140900 0.110100 0.115900 0.123000 0.118000 0.104100 0.103800 0.117500 0.124200
LesserKudu 0.068000 0.130800 0.000000 0.148200 0.061600 0.062300 0.038700 0.050100 0.027700 0.067700 0.044500 0.038700 0.041500 0.044300 0.050200 0.096300 0.103900 0.103000 0.068000 0.027800 0.044200 0.067200 0.090600 0.072700 0.044500 0.078800 0.044500 0.022100 0.108500 0.016500 0.061400 0.038700 0.114200 0.044500 0.056000 0.061900 0.055900 0.067300 0.073800 0.073500 0.090600 0.084600 0.067000 0.090500 0.050300 0.049800 0.061700 0.033400 0.050000 0.050000 0.016500 0.022100
KillerWhal 0.128500 0.147700 0.148200 0.000000 0.127600 0.122600 0.102900 0.115200 0.141300 0.115400 0.109300 0.102900 0.109200 0.108900 0.115500 0.157500 0.160400 0.152700 0.116200 0.141800 0.108600 0.121100 0.139300 0.120300 0.109300 0.138900 0.109200 0.135100 0.164200 0.128400 0.108500 0.102900 0.151500 0.109200 0.121800 0.115700 0.121600 0.133800 0.141100 0.121600 0.139300 0.145100 0.114300 0.139300 0.115700 0.114500 0.127900 0.122800 0.096700 0.102500 0.128400 0.135100
DefassaWat 0.049900 0.129200 0.061600 0.127600 0.000000 0.044300 0.021000 0.021500 0.055700 0.044000 0.027200 0.021700 0.027200 0.027200 0.031700 0.072000 0.084800 0.084300 0.050000 0.055800 0.027100 0.049400 0.048800 0.054800 0.027200 0.055200 0.027200 0.050000 0.083800 0.044200 0.043800 0.021700 0.095500 0.026900 0.038400 0.044100 0.038400 0.016100 0.049900 0.049700 0.048800 0.060600 0.049300 0.072100 0.032900 0.032500 0.044000 0.038700 0.032700 0.032600 0.044200 0.050000
Sheep 0.005300 0.117500 0.062300 0.122600 0.044300 0.000000 0.021900 0.033100 0.056300 0.050200 0.016100 0.021600 0.021900 0.027400 0.027300 0.066400 0.085600 0.085000 0.038700 0.056400 0.026200 0.038300 0.072800 0.055300 0.015900 0.049400 0.021900 0.050500 0.078100 0.044600 0.044200 0.021900 0.108300 0.021900 0.033100 0.044500 0.027300 0.050000 0.050100 0.056000 0.072800 0.055300 0.049700 0.072800 0.033200 0.032800 0.032900 0.033200 0.033000 0.033000 0.044600 0.050500
MaxwellsDu 0.027300 0.104100 0.038700 0.102900 0.021000 0.021900 0.000000 0.010800 0.033000 0.027300 0.005300 0.000000 0.005300 0.005400 0.010500 0.054800 0.061300 0.061100 0.027400 0.033000 0.005400 0.027100 0.049300 0.032500 0.005200 0.038100 0.005300 0.027400 0.066400 0.020800 0.021600 0.000000 0.083500 0.005400 0.016200 0.021800 0.016200 0.027100 0.032900 0.032800 0.049300 0.043700 0.026300 0.049200 0.010500 0.010500 0.021500 0.016400 0.010800 0.010700 0.021800 0.027400
GazellaPrz 0.038600 0.116600 0.050100 0.115200 0.021500 0.033100 0.010800 0.000000 0.044300 0.038500 0.016300 0.010800 0.016200 0.016100 0.021700 0.060600 0.072900 0.072600 0.038700 0.044400 0.015600 0.038300 0.048900 0.043600 0.016300 0.043700 0.015900 0.038700 0.072200 0.032900 0.032600 0.010800 0.095500 0.016000 0.027300 0.032900 0.027200 0.026900 0.038600 0.032800 0.048900 0.049300 0.038100 0.049300 0.021800 0.021600 0.032800 0.027500 0.021700 0.021600 0.032900 0.038700
MountainNy 0.061900 0.130400 0.027700 0.141300 0.055700 0.056300 0.033000 0.044300 0.000000 0.061700 0.038700 0.033000 0.038700 0.038600 0.044300 0.090100 0.097500 0.096700 0.062000 0.011000 0.038500 0.061200 0.084400 0.066700 0.038700 0.072700 0.038700 0.005500 0.102200 0.010700 0.055500 0.033000 0.107900 0.038700 0.050100 0.055700 0.050000 0.061400 0.067700 0.067500 0.084400 0.078500 0.061100 0.084300 0.044500 0.044000 0.052000 0.027700 0.041700 0.044200 0.010900 0.005500
MuntiacusM 0.055800 0.116900 0.067700 0.115400 0.044000 0.050200 0.027300 0.038500 0.061700 0.000000 0.032900 0.027300 0.032900 0.032800 0.038500 0.083900 0.079000 0.078500 0.055900 0.061800 0.032700 0.055300 0.027000 0.026900 0.032900 0.066600 0.032900 0.055900 0.095800 0.050000 0.005200 0.025900 0.095600 0.032900 0.044200 0.049900 0.044100 0.055300 0.061600 0.027200 0.027000 0.072400 0.010600 0.043600 0.038600 0.038200 0.049800 0.044600 0.038400 0.027200 0.050000 0.055900
goat 0.021700 0.104400 0.044500 0.109300 0.027200 0.016100 0.005300 0.016300 0.038700 0.032900 0.000000 0.005400 0.005300 0.010600 0.010500 0.049000 0.067300 0.066900 0.021800 0.038800 0.010500 0.021500 0.055100 0.038100 0.000000 0.032400 0.005400 0.033100 0.060300 0.027400 0.027200 0.005300 0.089700 0.005400 0.016300 0.027400 0.010700 0.032800 0.032800 0.038500 0.055100 0.037900 0.032600 0.055000 0.016300 0.016200 0.016200 0.016300 0.016200 0.015800 0.027400 0.033100
AfricanBuf 0.027300 0.104100 0.038700 0.102900 0.021700 0.021600 0.000000 0.010800 0.033000 0.027300 0.005400 0.000000 0.005400 0.005400 0.010600 0.054800 0.061300 0.060900 0.027400 0.033000 0.005400 0.027100 0.049300 0.032500 0.005300 0.038100 0.005400 0.027400 0.066300 0.021800 0.021600 0.000000 0.083500 0.005400 0.016200 0.021800 0.016200 0.027100 0.032900 0.032800 0.049300 0.043700 0.027000 0.049200 0.010800 0.010500 0.021700 0.016400 0.010500 0.010700 0.021800 0.027400
Topi 0.027400 0.098100 0.041500 0.109200 0.027200 0.021900 0.005300 0.016200 0.038700 0.032900 0.005300 0.005400 0.000000 0.010500 0.010500 0.054900 0.067300 0.066800 0.027400 0.038800 0.010800 0.027100 0.055000 0.038100 0.005300 0.038200 0.000000 0.033100 0.066400 0.027400 0.027100 0.005300 0.089500 0.000000 0.010800 0.027300 0.016200 0.032700 0.033000 0.038500 0.055000 0.043700 0.032600 0.055000 0.016300 0.016100 0.021100 0.016400 0.015900 0.016200 0.027400 0.033100
CommonDuik 0.032900 0.110200 0.044300 0.108900 0.027200 0.027400 0.005400 0.016100 0.038600 0.032800 0.010600 0.005400 0.010500 0.000000 0.015800 0.060500 0.066400 0.066700 0.033000 0.038600 0.010700 0.032600 0.054900 0.038000 0.010800 0.043700 0.010600 0.033000 0.072100 0.027300 0.027100 0.005400 0.089400 0.010800 0.021700 0.027300 0.021700 0.032800 0.038500 0.038400 0.054900 0.049300 0.032500 0.054900 0.016300 0.016100 0.027200 0.021900 0.016200 0.015900 0.027300 0.033000
Suni 0.032800 0.110500 0.050200 0.115500 0.031700 0.027300 0.010500 0.021700 0.044300 0.038500 0.010500 0.010600 0.010500 0.015800 0.000000 0.060300 0.073100 0.072600 0.032900 0.044500 0.015900 0.032500 0.060700 0.043700 0.010800 0.043500 0.010800 0.038700 0.071800 0.033000 0.032700 0.010800 0.095500 0.010600 0.021800 0.032900 0.021600 0.038300 0.032800 0.044100 0.060700 0.049100 0.038100 0.060700 0.021800 0.021000 0.027100 0.016300 0.021700 0.021700 0.033000 0.038700
Springbuck 0.071900 0.160000 0.096300 0.157500 0.072000 0.066400 0.054800 0.060600 0.090100 0.083900 0.049000 0.054800 0.054900 0.060500 0.060300 0.000000 0.089900 0.089400 0.072100 0.090300 0.049000 0.060000 0.077300 0.088900 0.049000 0.015800 0.055000 0.084300 0.015800 0.078200 0.077400 0.054800 0.118700 0.054900 0.066400 0.078100 0.060200 0.077700 0.060400 0.078100 0.077300 0.020500 0.083200 0.107000 0.066600 0.054500 0.054600 0.066600 0.060400 0.066100 0.078200 0.084300
Okapi 0.091400 0.155800 0.103900 0.160400 0.084800 0.085600 0.061300 0.072900 0.097500 0.079000 0.067300 0.061300 0.067300 0.066400 0.073100 0.089900 0.000000 0.026800 0.078700 0.097800 0.066900 0.071900 0.102100 0.084000 0.067300 0.090300 0.067300 0.091600 0.101900 0.085300 0.072600 0.061300 0.101200 0.067300 0.079100 0.085100 0.067200 0.078700 0.079400 0.085000 0.102100 0.096200 0.078300 0.089300 0.073300 0.072600 0.085000 0.079800 0.072900 0.049700 0.085300 0.091600
Giraffe 0.090700 0.154400 0.103000 0.152700 0.084300 0.085000 0.061100 0.072600 0.096700 0.078500 0.066900 0.060900 0.066800 0.066700 0.072600 0.089400 0.026800 0.000000 0.084900 0.096900 0.066500 0.066400 0.101400 0.083500 0.066900 0.089700 0.066800 0.090800 0.101500 0.084600 0.072200 0.060900 0.100700 0.066800 0.078600 0.084500 0.066700 0.078200 0.090400 0.084400 0.101400 0.095600 0.077900 0.095500 0.072900 0.072100 0.084500 0.079200 0.072400 0.049400 0.084600 0.090800
TibetanAnt 0.044200 0.117500 0.068000 0.116200 0.050000 0.038700 0.027400 0.038700 0.062000 0.055900 0.021800 0.027400 0.027400 0.033000 0.032900 0.072100 0.078700 0.084900 0.000000 0.062100 0.032900 0.038200 0.078600 0.061000 0.021800 0.055100 0.027400 0.056200 0.083900 0.050300 0.049800 0.027400 0.108000 0.027400 0.038600 0.050200 0.032800 0.055600 0.055800 0.061700 0.078600 0.060700 0.055300 0.065900 0.038800 0.038400 0.038400 0.038700 0.027400 0.038500 0.050300 0.056200
Sitatunga 0.062000 0.130900 0.027800 0.141800 0.055800 0.056400 0.033000 0.044400 0.011000 0.061800 0.038800 0.033000 0.038800 0.038600 0.044500 0.090300 0.097800 0.096900 0.062100 0.000000 0.038600 0.061300 0.084400 0.066900 0.038800 0.072900 0.038800 0.005500 0.102300 0.010600 0.055600 0.033000 0.108100 0.038800 0.050200 0.056000 0.050200 0.061500 0.067800 0.067600 0.084600 0.078700 0.061200 0.084500 0.044600 0.044100 0.055900 0.027800 0.044300 0.044300 0.011000 0.005400
Oribi 0.032800 0.110000 0.044200 0.108600 0.027100 0.026200 0.005400 0.015600 0.038500 0.032700 0.010500 0.005400 0.010800 0.010700 0.015900 0.049000 0.066900 0.066500 0.032900 0.038600 0.000000 0.032500 0.043500 0.037900 0.010800 0.032400 0.010800 0.032900 0.060500 0.027300 0.027000 0.005200 0.089200 0.010800 0.021700 0.027200 0.021600 0.032600 0.027200 0.038300 0.043500 0.037900 0.032400 0.054700 0.016200 0.005200 0.016200 0.021800 0.015700 0.015700 0.026300 0.032900
BarbaryShe 0.043700 0.128500 0.067200 0.121100 0.049400 0.038300 0.027100 0.038300 0.061200 0.055300 0.021500 0.027100 0.027100 0.032600 0.032500 0.060000 0.071900 0.066400 0.038200 0.061300 0.032500 0.000000 0.077700 0.060400 0.021500 0.054500 0.027100 0.055500 0.071500 0.049700 0.049300 0.027100 0.101100 0.027100 0.038300 0.038400 0.032400 0.055000 0.055100 0.061000 0.077700 0.060100 0.054800 0.071900 0.038400 0.038000 0.038000 0.038400 0.038200 0.038100 0.049700 0.055500
Daviddeer 0.078400 0.141000 0.090600 0.139300 0.048800 0.072800 0.049300 0.048900 0.084400 0.027000 0.055100 0.049300 0.055000 0.054900 0.060700 0.077300 0.102100 0.101400 0.078600 0.084400 0.043500 0.077700 0.000000 0.048700 0.055100 0.060300 0.055000 0.078600 0.089000 0.072500 0.026800 0.049300 0.118900 0.055000 0.066500 0.072400 0.066500 0.065700 0.066600 0.043600 0.010500 0.065900 0.032200 0.065700 0.060900 0.048900 0.060700 0.067100 0.060500 0.049100 0.072500 0.078600
Reindeer 0.049500 0.109200 0.072700 0.120300 0.054800 0.055300 0.032500 0.043600 0.066700 0.026900 0.038100 0.032500 0.038100 0.038000 0.043700 0.088900 0.084000 0.083500 0.061000 0.066900 0.037900 0.060400 0.048700 0.000000 0.038100 0.071700 0.038100 0.061000 0.100800 0.055100 0.021400 0.032500 0.100600 0.038100 0.049300 0.055000 0.049300 0.060400 0.065900 0.032500 0.048300 0.077400 0.026100 0.037700 0.043800 0.043300 0.055000 0.049700 0.043500 0.032400 0.055100 0.061000
Ibex 0.021700 0.104400 0.044500 0.109300 0.027200 0.015900 0.005200 0.016300 0.038700 0.032900 0.000000 0.005300 0.005300 0.010800 0.010800 0.049000 0.067300 0.066900 0.021800 0.038800 0.010800 0.021500 0.055100 0.038100 0.000000 0.032400 0.005400 0.033100 0.060300 0.027400 0.027200 0.005400 0.089700 0.005300 0.016300 0.027400 0.010500 0.032800 0.032800 0.038500 0.055100 0.037900 0.032600 0.055000 0.016300 0.016200 0.016200 0.016300 0.015900 0.016200 0.027400 0.033000
GyrantGaze 0.054900 0.141200 0.078800 0.138900 0.055200 0.049400 0.038100 0.043700 0.072700 0.066600 0.032400 0.038100 0.038200 0.043700 0.043500 0.015800 0.090300 0.089700 0.055100 0.072900 0.032400 0.054500 0.060300 0.071700 0.032400 0.000000 0.038200 0.067000 0.031900 0.061000 0.060500 0.038100 0.113000 0.038200 0.049400 0.060900 0.043500 0.060600 0.043600 0.060900 0.060300 0.005200 0.066100 0.089400 0.049600 0.037900 0.037900 0.049600 0.043600 0.049200 0.061000 0.067000
Hartebeest 0.027400 0.098100 0.044500 0.109200 0.027200 0.021900 0.005300 0.015900 0.038700 0.032900 0.005400 0.005400 0.000000 0.010600 0.010800 0.055000 0.067300 0.066800 0.027400 0.038800 0.010800 0.027100 0.055000 0.038100 0.005400 0.038200 0.000000 0.033100 0.066400 0.027400 0.027100 0.005300 0.089500 0.000000 0.010800 0.027300 0.016000 0.032700 0.033000 0.038500 0.055000 0.043700 0.032600 0.055000 0.016300 0.015700 0.021100 0.016400 0.016200 0.016200 0.027400 0.033100
Bongo 0.056100 0.124200 0.022100 0.135100 0.050000 0.050500 0.027400 0.038700 0.005500 0.055900 0.033100 0.027400 0.033100 0.033000 0.038700 0.084300 0.091600 0.090800 0.056200 0.005500 0.032900 0.055500 0.078600 0.061000 0.033100 0.067000 0.033100 0.000000 0.096200 0.005300 0.049800 0.027400 0.101900 0.033100 0.044400 0.050200 0.044400 0.055700 0.061900 0.061700 0.078600 0.072700 0.055400 0.078500 0.038800 0.038400 0.050100 0.022100 0.038600 0.036600 0.005500 0.000000
Gerenuk 0.084000 0.173200 0.108500 0.164200 0.083800 0.078100 0.066400 0.072200 0.102200 0.095800 0.060300 0.066300 0.066400 0.072100 0.071800 0.015800 0.101900 0.101500 0.083900 0.102300 0.060500 0.071500 0.089000 0.100800 0.060300 0.031900 0.066400 0.096200 0.000000 0.090400 0.089300 0.066300 0.131200 0.066400 0.078100 0.089700 0.071700 0.089500 0.060500 0.089900 0.089000 0.037400 0.095000 0.119200 0.078300 0.065900 0.066000 0.078200 0.072000 0.077700 0.090000 0.096200
CommonElan 0.050200 0.117500 0.016500 0.128400 0.044200 0.044600 0.020800 0.032900 0.010700 0.050000 0.027400 0.021800 0.027400 0.027300 0.033000 0.078200 0.085300 0.084600 0.050300 0.010600 0.027300 0.049700 0.072500 0.055100 0.027400 0.061000 0.027400 0.005300 0.090400 0.000000 0.044000 0.021800 0.095700 0.027400 0.038600 0.044300 0.038600 0.049800 0.055900 0.055700 0.072500 0.066700 0.049500 0.072400 0.033100 0.032700 0.044300 0.016500 0.032900 0.032800 0.000000 0.005300
MuntiacusR 0.049700 0.109900 0.061400 0.108500 0.043800 0.044200 0.021600 0.032600 0.055500 0.005200 0.027200 0.021600 0.027100 0.027100 0.032700 0.077400 0.072600 0.072200 0.049800 0.055600 0.027000 0.049300 0.026800 0.021400 0.027200 0.060500 0.027100 0.049800 0.089300 0.044000 0.000000 0.021600 0.089100 0.027100 0.038300 0.043900 0.038200 0.049300 0.055400 0.021600 0.026800 0.066200 0.005200 0.037800 0.032800 0.032400 0.043900 0.038600 0.032600 0.021500 0.044000 0.049800
HarveysDui 0.027300 0.104100 0.038700 0.102900 0.021700 0.021900 0.000000 0.010800 0.033000 0.025900 0.005300 0.000000 0.005300 0.005400 0.010800 0.054800 0.061300 0.060900 0.027400 0.033000 0.005200 0.027100 0.049300 0.032500 0.005400 0.038100 0.005300 0.027400 0.066300 0.021800 0.021600 0.000000 0.083500 0.005400 0.016200 0.021800 0.016200 0.027100 0.032900 0.032800 0.049300 0.043700 0.027000 0.049200 0.010800 0.010500 0.021500 0.016400 0.010500 0.010700 0.021800 0.027400
Pronghorn 0.114100 0.166500 0.114200 0.151500 0.095500 0.108300 0.083500 0.095500 0.107900 0.095600 0.089700 0.083500 0.089500 0.089400 0.095500 0.118700 0.101200 0.100700 0.108000 0.108100 0.089200 0.101100 0.118900 0.100600 0.089700 0.113000 0.089500 0.101900 0.131200 0.095700 0.089100 0.083500 0.000000 0.089500 0.101400 0.101800 0.101500 0.101300 0.120200 0.101700 0.112800 0.119000 0.094800 0.118700 0.089900 0.094900 0.107700 0.090100 0.095200 0.083300 0.095700 0.101900
BlueWildeb 0.027400 0.098100 0.044500 0.109200 0.026900 0.021900 0.005400 0.016000 0.038700 0.032900 0.005400 0.005400 0.000000 0.010800 0.010600 0.054900 0.067300 0.066800 0.027400 0.038800 0.010800 0.027100 0.055000 0.038100 0.005300 0.038200 0.000000 0.033100 0.066400 0.027400 0.027100 0.005400 0.089500 0.000000 0.010800 0.027300 0.015800 0.032700 0.033000 0.038500 0.055000 0.043700 0.032600 0.055000 0.016300 0.016100 0.021800 0.016400 0.015700 0.016200 0.027400 0.033100
Gemsbok 0.038600 0.098300 0.056000 0.121800 0.038400 0.033100 0.016200 0.027300 0.050100 0.044200 0.016300 0.016200 0.010800 0.021700 0.021800 0.066400 0.079100 0.078600 0.038600 0.050200 0.021700 0.038300 0.066500 0.049300 0.016300 0.049400 0.010800 0.044400 0.078100 0.038600 0.038300 0.016200 0.101400 0.010800 0.000000 0.038600 0.027300 0.044000 0.044300 0.049900 0.066500 0.055100 0.043800 0.066400 0.027400 0.027100 0.032900 0.027500 0.027200 0.027200 0.038600 0.044400
Yak 0.050100 0.122500 0.061900 0.115700 0.044100 0.044500 0.021800 0.032900 0.055700 0.049900 0.027400 0.021800 0.027300 0.027300 0.032900 0.078100 0.085100 0.084500 0.050200 0.056000 0.027200 0.038400 0.072400 0.055000 0.027400 0.060900 0.027300 0.050200 0.089700 0.044300 0.043900 0.021800 0.101800 0.027300 0.038600 0.000000 0.038500 0.049700 0.055800 0.055700 0.072400 0.066600 0.049400 0.072400 0.010500 0.032600 0.044200 0.038900 0.032800 0.032800 0.044300 0.050200
BlueSheep 0.032200 0.110400 0.055900 0.121600 0.038400 0.027300 0.016200 0.027200 0.050000 0.044100 0.010700 0.016200 0.016200 0.021700 0.021600 0.060200 0.067200 0.066700 0.032800 0.050200 0.021600 0.032400 0.066500 0.049300 0.010500 0.043500 0.016000 0.044400 0.071700 0.038600 0.038200 0.016200 0.101500 0.015800 0.027300 0.038500 0.000000 0.032700 0.038400 0.049800 0.066200 0.049000 0.043700 0.066400 0.027400 0.027100 0.027100 0.027400 0.027200 0.027200 0.038600 0.044400
BohorReedb 0.055500 0.129000 0.067300 0.133800 0.016100 0.050000 0.027100 0.026900 0.061400 0.055300 0.032800 0.027100 0.032700 0.032800 0.038300 0.077700 0.078700 0.078200 0.055600 0.061500 0.032600 0.055000 0.065700 0.060400 0.032800 0.060600 0.032700 0.055700 0.089500 0.049800 0.049300 0.027100 0.101300 0.032700 0.044000 0.049700 0.032700 0.000000 0.049700 0.055300 0.065700 0.060900 0.054800 0.077800 0.038400 0.038000 0.049600 0.044300 0.038200 0.038200 0.049600 0.055700
KirksDik 0.055600 0.122800 0.073800 0.141100 0.049900 0.050100 0.032900 0.038600 0.067700 0.061600 0.032800 0.032900 0.033000 0.038500 0.032800 0.060400 0.079400 0.090400 0.055800 0.067800 0.027200 0.055100 0.066600 0.065900 0.032800 0.043600 0.033000 0.061900 0.060500 0.055900 0.055400 0.032900 0.120200 0.033000 0.044300 0.055800 0.038400 0.049700 0.000000 0.055700 0.066600 0.049200 0.061000 0.084300 0.044400 0.032700 0.038400 0.038800 0.044100 0.044100 0.055900 0.061900
RoeDeer 0.061600 0.123100 0.073500 0.121600 0.049700 0.056000 0.032800 0.032800 0.067500 0.027200 0.038500 0.032800 0.038500 0.038400 0.044100 0.078100 0.085000 0.084400 0.061700 0.067600 0.038300 0.061000 0.043600 0.032500 0.038500 0.060900 0.038500 0.061700 0.089900 0.055700 0.021600 0.032800 0.101700 0.038500 0.049900 0.055700 0.049800 0.055300 0.055700 0.000000 0.043600 0.066600 0.027000 0.043600 0.044300 0.043800 0.055100 0.050300 0.044000 0.032700 0.055700 0.061700
WhiteLippe 0.078400 0.141000 0.090600 0.139300 0.048800 0.072800 0.049300 0.048900 0.084400 0.027000 0.055100 0.049300 0.055000 0.054900 0.060700 0.077300 0.102100 0.101400 0.078600 0.084600 0.043500 0.077700 0.010500 0.048300 0.055100 0.060300 0.055000 0.078600 0.089000 0.072500 0.026800 0.049300 0.112800 0.055000 0.066500 0.072400 0.066200 0.065700 0.066600 0.043600 0.000000 0.065900 0.032200 0.065700 0.060900 0.048900 0.060700 0.067100 0.060500 0.049100 0.072500 0.078600
ThomsonGaz 0.060600 0.147500 0.084600 0.145100 0.060600 0.055300 0.043700 0.049300 0.078500 0.072400 0.037900 0.043700 0.043700 0.049300 0.049100 0.020500 0.096200 0.095600 0.060700 0.078700 0.037900 0.060100 0.065900 0.077400 0.037900 0.005200 0.043700 0.072700 0.037400 0.066700 0.066200 0.043700 0.119000 0.043700 0.055100 0.066600 0.049000 0.060900 0.049200 0.066600 0.065900 0.000000 0.071700 0.095200 0.055200 0.043400 0.043400 0.055200 0.049200 0.054800 0.066700 0.072700
MuntiacusC 0.055300 0.115700 0.067000 0.114300 0.049300 0.049700 0.026300 0.038100 0.061100 0.010600 0.032600 0.027000 0.032600 0.032500 0.038100 0.083200 0.078300 0.077900 0.055300 0.061200 0.032400 0.054800 0.032200 0.026100 0.032600 0.066100 0.032600 0.055400 0.095000 0.049500 0.005200 0.027000 0.094800 0.032600 0.043800 0.049400 0.043700 0.054800 0.061000 0.027000 0.032200 0.071700 0.000000 0.043200 0.038200 0.037900 0.049400 0.044100 0.038000 0.026900 0.046700 0.055400
WhiteTaile 0.078400 0.140900 0.090500 0.139300 0.072100 0.072800 0.049200 0.049300 0.084300 0.043600 0.055000 0.049200 0.055000 0.054900 0.060700 0.107000 0.089300 0.095500 0.065900 0.084500 0.054700 0.071900 0.065700 0.037700 0.055000 0.089400 0.055000 0.078500 0.119200 0.072400 0.037800 0.049200 0.118700 0.055000 0.066400 0.072400 0.066400 0.077800 0.084300 0.043600 0.065700 0.095200 0.043200 0.000000 0.060900 0.060300 0.072300 0.066900 0.060500 0.049100 0.072400 0.078500
Cattle 0.038700 0.110100 0.050300 0.115700 0.032900 0.033200 0.010500 0.021800 0.044500 0.038600 0.016300 0.010800 0.016300 0.016300 0.021800 0.066600 0.073300 0.072900 0.038800 0.044600 0.016200 0.038400 0.060900 0.043800 0.016300 0.049600 0.016300 0.038800 0.078300 0.033100 0.032800 0.010800 0.089900 0.016300 0.027400 0.010500 0.027400 0.038400 0.044400 0.044300 0.060900 0.055200 0.038200 0.060900 0.000000 0.021700 0.033000 0.027600 0.021800 0.021700 0.033100 0.037900
RoyalAntel 0.038300 0.115900 0.049800 0.114500 0.032500 0.032800 0.010500 0.021600 0.044000 0.038200 0.016200 0.010500 0.016100 0.016100 0.021000 0.054500 0.072600 0.072100 0.038400 0.044100 0.005200 0.038000 0.048900 0.043300 0.016200 0.037900 0.015700 0.038400 0.065900 0.032700 0.032400 0.010500 0.094900 0.016100 0.027100 0.032600 0.027100 0.038000 0.032700 0.043800 0.048900 0.043400 0.037900 0.060300 0.021700 0.000000 0.021600 0.027300 0.021000 0.021500 0.032700 0.038400
Steenbok 0.038300 0.123000 0.061700 0.127900 0.044000 0.032900 0.021500 0.032800 0.052000 0.049800 0.016200 0.021700 0.021100 0.027200 0.027100 0.054600 0.085000 0.084500 0.038400 0.055900 0.016200 0.038000 0.060700 0.055000 0.016200 0.037900 0.021100 0.050100 0.066000 0.044300 0.043900 0.021500 0.107700 0.021800 0.032900 0.044200 0.027100 0.049600 0.038400 0.055100 0.060700 0.043400 0.049400 0.072300 0.033000 0.021600 0.000000 0.033000 0.032800 0.032700 0.044300 0.050100
Impala 0.038800 0.118000 0.033400 0.122800 0.038700 0.033200 0.016400 0.027500 0.027700 0.044600 0.016300 0.016400 0.016400 0.021900 0.016300 0.066600 0.079800 0.079200 0.038700 0.027800 0.021800 0.038400 0.067100 0.049700 0.016300 0.049600 0.016400 0.022100 0.078200 0.016500 0.038600 0.016400 0.090100 0.016400 0.027500 0.038900 0.027400 0.044300 0.038800 0.050300 0.067100 0.055200 0.044100 0.066900 0.027600 0.027300 0.033000 0.000000 0.027500 0.027400 0.016500 0.022100
Klipspring 0.038500 0.104100 0.050000 0.096700 0.032700 0.033000 0.010800 0.021700 0.041700 0.038400 0.016200 0.010500 0.015900 0.016200 0.021700 0.060400 0.072900 0.072400 0.027400 0.044300 0.015700 0.038200 0.060500 0.043500 0.015900 0.043600 0.016200 0.038600 0.072000 0.032900 0.032600 0.010500 0.095200 0.015700 0.027200 0.032800 0.027200 0.038200 0.044100 0.044000 0.060500 0.049200 0.038000 0.060500 0.021800 0.021000 0.032800 0.027500 0.000000 0.021600 0.031800 0.038300
ForestMusk 0.038500 0.103800 0.050000 0.102500 0.032600 0.033000 0.010700 0.021600 0.044200 0.027200 0.015800 0.010700 0.016200 0.015900 0.021700 0.066100 0.049700 0.049400 0.038500 0.044300 0.015700 0.038100 0.049100 0.032400 0.016200 0.049200 0.016200 0.036600 0.077700 0.032800 0.021500 0.010700 0.083300 0.016200 0.027200 0.032800 0.027200 0.038200 0.044100 0.032700 0.049100 0.054800 0.026900 0.049100 0.021700 0.021500 0.032700 0.027400 0.021600 0.000000 0.032800 0.038600
Bushbuck 0.050200 0.117500 0.016500 0.128400 0.044200 0.044600 0.021800 0.032900 0.010900 0.050000 0.027400 0.021800 0.027400 0.027300 0.033000 0.078200 0.085300 0.084600 0.050300 0.011000 0.026300 0.049700 0.072500 0.055100 0.027400 0.061000 0.027400 0.005500 0.090000 0.000000 0.044000 0.021800 0.095700 0.027400 0.038600 0.044300 0.038600 0.049600 0.055900 0.055700 0.072500 0.066700 0.046700 0.072400 0.033100 0.032700 0.044300 0.016500 0.031800 0.032800 0.000000 0.005300
GreaterKud 0.056100 0.124200 0.022100 0.135100 0.050000 0.050500 0.027400 0.038700 0.005500 0.055900 0.033100 0.027400 0.033100 0.033000 0.038700 0.084300 0.091600 0.090800 0.056200 0.005400 0.032900 0.055500 0.078600 0.061000 0.033000 0.067000 0.033100 0.000000 0.096200 0.005300 0.049800 0.027400 0.101900 0.033100 0.044400 0.050200 0.044400 0.055700 0.061900 0.061700 0.078600 0.072700 0.055400 0.078500 0.037900 0.038400 0.050100 0.022100 0.038300 0.038600 0.005300 0.000000
