1
52 1
Argali 0.000000 0.132300 0.036800 0.138900 0.075500 0.000100 0.036800 0.036900 0.036800 0.051700 0.012100 0.024200 0.012100 0.036900 0.036900 0.036700 0.129400 0.101500 0.024300 0.049300 0.036900 0.011700 0.074200 0.050200 0.012100 0.076800 0.012100 0.036800 0.024400 0.024400 0.051700 0.041000 0.157900 0.024200 0.012200 0.062900 0.024500 0.100700 0.024600 0.050300 0.074200 0.063500 0.050900 0.088200 0.063000 0.012100 0.037500 0.024200 0.037100 0.115700 0.024400 0.026700
LesserMous 0.132300 0.000000 0.163400 0.222800 0.164100 0.131700 0.177400 0.148800 0.163400 0.198300 0.147400 0.144400 0.146300 0.141900 0.162400 0.177600 0.256100 0.222900 0.163200 0.177900 0.177800 0.147600 0.159600 0.157700 0.147400 0.197400 0.147200 0.163400 0.163000 0.149400 0.198300 0.147000 0.255200 0.131300 0.149500 0.170900 0.163300 0.221500 0.164200 0.157900 0.159700 0.181200 0.195400 0.140400 0.171000 0.141300 0.181100 0.159100 0.149100 0.273000 0.149400 0.153800
LesserKudu 0.036800 0.163400 0.000000 0.123600 0.050100 0.036700 0.049600 0.050100 0.000000 0.037900 0.024300 0.035700 0.024200 0.049900 0.048600 0.044200 0.114900 0.084300 0.037200 0.011700 0.050100 0.024300 0.062000 0.037400 0.024300 0.091400 0.024200 0.000000 0.030700 0.011500 0.037900 0.052400 0.145400 0.036700 0.024400 0.076200 0.037200 0.075500 0.037600 0.024300 0.062200 0.077500 0.037500 0.076000 0.076100 0.024400 0.051100 0.037000 0.050400 0.099600 0.011500 0.011700
KillerWhal 0.138900 0.222800 0.123600 0.000000 0.170700 0.138200 0.151900 0.123300 0.123600 0.145200 0.125100 0.137700 0.123800 0.155700 0.153500 0.151500 0.188900 0.188700 0.111500 0.137100 0.152500 0.125400 0.164600 0.140800 0.125100 0.201800 0.124400 0.123600 0.137600 0.139000 0.145200 0.160200 0.217300 0.137400 0.126400 0.184900 0.111300 0.198400 0.109100 0.140900 0.165500 0.185100 0.143000 0.182700 0.184800 0.125000 0.137500 0.139600 0.126100 0.199000 0.139000 0.145400
DefassaWat 0.075500 0.164100 0.050100 0.170700 0.000000 0.075700 0.089600 0.089900 0.050100 0.080100 0.063100 0.063100 0.063000 0.063400 0.076600 0.089500 0.160000 0.130600 0.076200 0.062700 0.089900 0.062800 0.101700 0.077600 0.063100 0.134100 0.063300 0.050100 0.076400 0.063500 0.080100 0.069600 0.190100 0.075600 0.063900 0.090900 0.076700 0.049300 0.076900 0.051100 0.101800 0.119500 0.078800 0.116800 0.091000 0.063300 0.091400 0.075800 0.090400 0.145900 0.063500 0.068400
Sheep 0.000100 0.131700 0.036700 0.138200 0.075700 0.000000 0.036700 0.036900 0.036700 0.051600 0.012100 0.024100 0.012000 0.036900 0.036900 0.036700 0.125500 0.101400 0.024400 0.049200 0.036900 0.012100 0.074100 0.050100 0.012100 0.076800 0.012100 0.036700 0.024300 0.024300 0.051600 0.040300 0.157800 0.024100 0.012200 0.062800 0.024500 0.101100 0.024500 0.050200 0.074200 0.063400 0.050800 0.088200 0.062800 0.012100 0.037500 0.024300 0.037100 0.115700 0.024300 0.023900
MaxwellsDu 0.036800 0.177400 0.049600 0.151900 0.089600 0.036700 0.000000 0.049900 0.049600 0.065100 0.024500 0.036800 0.024400 0.036900 0.055800 0.049600 0.144200 0.115600 0.037100 0.062200 0.049900 0.024500 0.087200 0.063300 0.024500 0.090800 0.024500 0.049600 0.037100 0.037000 0.065100 0.037100 0.173600 0.036700 0.024800 0.076500 0.037200 0.115400 0.037300 0.063500 0.087300 0.077200 0.064100 0.101800 0.076500 0.024600 0.050600 0.036900 0.050100 0.130400 0.037000 0.040000
GazellaPrz 0.036900 0.148800 0.050100 0.123300 0.089900 0.036900 0.049900 0.000000 0.050100 0.065700 0.024600 0.036700 0.024500 0.050100 0.055900 0.049800 0.144800 0.088900 0.037300 0.062800 0.049900 0.024600 0.087800 0.063700 0.024600 0.091300 0.024500 0.050100 0.037100 0.037300 0.065700 0.055900 0.174100 0.036800 0.024900 0.076700 0.037300 0.115700 0.035100 0.063900 0.087900 0.077500 0.064600 0.102500 0.076700 0.024700 0.050600 0.037100 0.050300 0.130900 0.037300 0.040400
MountainNy 0.036800 0.163400 0.000000 0.123600 0.050100 0.036700 0.049600 0.050100 0.000000 0.037900 0.024300 0.035700 0.024200 0.049900 0.048600 0.044200 0.114900 0.084300 0.037200 0.011700 0.050100 0.024300 0.062000 0.037400 0.024300 0.091400 0.024200 0.000000 0.030700 0.011500 0.037900 0.052400 0.145400 0.036700 0.024400 0.076200 0.037200 0.075500 0.037600 0.024300 0.062200 0.077500 0.037500 0.076000 0.076100 0.024400 0.051100 0.037000 0.050400 0.099600 0.011500 0.011700
MuntiacusM 0.051700 0.198300 0.037900 0.145200 0.080100 0.051600 0.065100 0.065700 0.037900 0.000000 0.038600 0.051300 0.038500 0.066000 0.065600 0.065400 0.133800 0.103900 0.052300 0.050900 0.065700 0.038700 0.076600 0.025600 0.038600 0.110100 0.038700 0.037900 0.052100 0.051600 0.000000 0.069900 0.167800 0.051500 0.039100 0.093400 0.052400 0.106700 0.052500 0.025700 0.076600 0.095200 0.000000 0.064200 0.093500 0.038900 0.066900 0.046500 0.066300 0.122400 0.051600 0.054900
goat 0.012100 0.147400 0.024300 0.125100 0.063100 0.012100 0.024500 0.024600 0.024300 0.038600 0.000000 0.012000 0.000100 0.024600 0.024600 0.024500 0.116200 0.088700 0.012200 0.036700 0.024600 0.000000 0.061700 0.037600 0.000000 0.064000 0.000200 0.024300 0.012200 0.011700 0.038600 0.027200 0.144400 0.012100 0.000100 0.050200 0.012200 0.088300 0.012300 0.037700 0.061700 0.050700 0.038100 0.075500 0.050200 0.000100 0.025000 0.012100 0.024700 0.102800 0.011700 0.012800
AfricanBuf 0.024200 0.144400 0.035700 0.137700 0.063100 0.024100 0.036800 0.036700 0.035700 0.051300 0.012000 0.000000 0.011900 0.037100 0.036700 0.037000 0.130700 0.102400 0.024600 0.047900 0.036700 0.012000 0.074800 0.050500 0.012000 0.077300 0.011900 0.035700 0.024500 0.023700 0.051300 0.039400 0.159800 0.024300 0.012100 0.037200 0.024600 0.088600 0.024600 0.037700 0.074900 0.063700 0.050500 0.089100 0.037200 0.012000 0.037700 0.024400 0.037400 0.121700 0.023700 0.027300
Topi 0.012100 0.146300 0.024200 0.123800 0.063000 0.012000 0.024400 0.024500 0.024200 0.038500 0.000100 0.011900 0.000000 0.024600 0.024500 0.024400 0.115800 0.088400 0.012200 0.036600 0.024500 0.000100 0.061500 0.037500 0.000100 0.063800 0.000100 0.024200 0.012200 0.011600 0.038500 0.026500 0.143900 0.012000 0.000200 0.050100 0.012200 0.088100 0.012300 0.037600 0.061600 0.050500 0.038000 0.075300 0.050100 0.000200 0.024900 0.012100 0.024700 0.102400 0.011600 0.012500
CommonDuik 0.036900 0.141900 0.049900 0.155700 0.063400 0.036900 0.036900 0.050100 0.049900 0.066000 0.024600 0.037100 0.024600 0.000000 0.050100 0.049800 0.145400 0.116500 0.037300 0.062500 0.050100 0.024600 0.088200 0.063900 0.024600 0.091400 0.024700 0.049900 0.037200 0.037300 0.066000 0.024700 0.174600 0.036900 0.024900 0.050600 0.037400 0.115900 0.037500 0.064100 0.088200 0.077500 0.065000 0.102800 0.050700 0.024700 0.050900 0.037100 0.050400 0.131300 0.037300 0.040700
Suni 0.036900 0.162400 0.048600 0.153500 0.076600 0.036900 0.055800 0.055900 0.048600 0.065600 0.024600 0.036700 0.024500 0.050100 0.000000 0.055200 0.116200 0.116100 0.037300 0.061000 0.055900 0.024600 0.087900 0.063800 0.024600 0.083900 0.024600 0.048600 0.042100 0.036300 0.065600 0.058800 0.169900 0.036800 0.024900 0.076900 0.037400 0.102300 0.042400 0.050800 0.087900 0.069400 0.064600 0.075700 0.076900 0.024700 0.042800 0.037100 0.050300 0.103200 0.036300 0.039100
Springbuck 0.036700 0.177600 0.044200 0.151500 0.089500 0.036700 0.049600 0.049800 0.044200 0.065400 0.024500 0.037000 0.024400 0.049800 0.055200 0.000000 0.115200 0.087900 0.037100 0.057400 0.049800 0.024500 0.087500 0.063500 0.024500 0.090800 0.024600 0.044200 0.012100 0.030500 0.065400 0.055200 0.170500 0.036600 0.024800 0.050000 0.037200 0.115200 0.037200 0.063600 0.087500 0.077100 0.064300 0.102000 0.049900 0.024600 0.050500 0.036900 0.050000 0.101800 0.030500 0.024200
Okapi 0.129400 0.256100 0.114900 0.188900 0.160000 0.125500 0.144200 0.144800 0.114900 0.133800 0.116200 0.130700 0.115800 0.145400 0.116200 0.115200 0.000000 0.046800 0.102600 0.128200 0.116600 0.116200 0.129100 0.132500 0.116200 0.133100 0.116400 0.114900 0.102000 0.129700 0.133800 0.151800 0.219400 0.129100 0.117700 0.176100 0.102900 0.157300 0.103200 0.132800 0.129200 0.118700 0.131800 0.144600 0.176200 0.116800 0.132400 0.126600 0.089600 0.164800 0.129700 0.115900
Giraffe 0.101500 0.222900 0.084300 0.188700 0.130600 0.101400 0.115600 0.088900 0.084300 0.103900 0.088700 0.102400 0.088400 0.116500 0.116100 0.087900 0.046800 0.000000 0.102500 0.097500 0.116100 0.088600 0.101200 0.103900 0.088700 0.118400 0.088900 0.084300 0.075000 0.098800 0.103900 0.121900 0.186200 0.101300 0.089700 0.145900 0.102700 0.128500 0.103000 0.104100 0.101300 0.104300 0.102400 0.115900 0.146000 0.089100 0.117900 0.098100 0.089500 0.150000 0.098800 0.088500
TibetanAnt 0.024300 0.163200 0.037200 0.111500 0.076200 0.024400 0.037100 0.037300 0.037200 0.052300 0.012200 0.024600 0.012200 0.037300 0.037300 0.037100 0.102600 0.102500 0.000000 0.049800 0.037300 0.011800 0.074900 0.050700 0.012200 0.077600 0.012300 0.037200 0.024600 0.024700 0.052300 0.041400 0.159400 0.024400 0.012400 0.063600 0.000000 0.101700 0.000100 0.050900 0.075000 0.064100 0.051500 0.089100 0.063700 0.012300 0.037900 0.024400 0.012300 0.103000 0.024700 0.027100
Sitatunga 0.049300 0.177900 0.011700 0.137100 0.062700 0.049200 0.062200 0.062800 0.011700 0.050900 0.036700 0.047900 0.036600 0.062500 0.061000 0.057400 0.128200 0.097500 0.049800 0.000000 0.062800 0.036800 0.074600 0.050100 0.036700 0.104700 0.036700 0.011700 0.044200 0.023700 0.050900 0.065500 0.159000 0.049200 0.037000 0.088900 0.049800 0.088200 0.050200 0.037000 0.074800 0.090700 0.050200 0.088800 0.088900 0.036900 0.063900 0.049500 0.063100 0.113400 0.023700 0.023500
Oribi 0.036900 0.177800 0.050100 0.152500 0.089900 0.036900 0.049900 0.049900 0.050100 0.065700 0.024600 0.036700 0.024500 0.050100 0.055900 0.049800 0.116600 0.116100 0.037300 0.062800 0.000000 0.024600 0.087800 0.063700 0.024600 0.091300 0.024500 0.050100 0.037100 0.037300 0.065700 0.055900 0.145200 0.036800 0.024900 0.076700 0.037300 0.115700 0.037300 0.063900 0.087900 0.077500 0.064600 0.102500 0.076600 0.024700 0.050600 0.037100 0.050300 0.130900 0.037300 0.040400
BarbaryShe 0.011700 0.147600 0.024300 0.125400 0.062800 0.012100 0.024500 0.024600 0.024300 0.038700 0.000000 0.012000 0.000100 0.024600 0.024600 0.024500 0.116200 0.088600 0.011800 0.036800 0.024600 0.000000 0.061700 0.037600 0.000000 0.063900 0.000200 0.024300 0.012200 0.011800 0.038700 0.027500 0.144400 0.012100 0.000100 0.050200 0.012200 0.088000 0.012300 0.037700 0.061700 0.050700 0.038100 0.075500 0.050300 0.000100 0.025000 0.011700 0.024700 0.102700 0.011800 0.013000
Daviddeer 0.074200 0.159600 0.062000 0.164600 0.101700 0.074100 0.087200 0.087800 0.062000 0.076600 0.061700 0.074800 0.061500 0.088200 0.087900 0.087500 0.129100 0.101200 0.074900 0.074600 0.087800 0.061700 0.000000 0.048900 0.061700 0.103200 0.061900 0.062000 0.074700 0.075300 0.076600 0.092500 0.101800 0.074000 0.062400 0.115900 0.075100 0.127500 0.075200 0.074500 0.000100 0.089600 0.075600 0.060600 0.116000 0.062000 0.089300 0.070200 0.062300 0.129000 0.075300 0.079400
Reindeer 0.050200 0.157700 0.037400 0.140800 0.077600 0.050100 0.063300 0.063700 0.037400 0.025600 0.037600 0.050500 0.037500 0.063900 0.063800 0.063500 0.132500 0.103900 0.050700 0.050100 0.063700 0.037600 0.048900 0.000000 0.037600 0.106500 0.037700 0.037400 0.050600 0.050700 0.025600 0.068000 0.133100 0.050100 0.038000 0.091700 0.050800 0.103400 0.050900 0.024900 0.048900 0.092300 0.025200 0.036700 0.091800 0.037700 0.064900 0.045900 0.064200 0.118500 0.050700 0.053800
Ibex 0.012100 0.147400 0.024300 0.125100 0.063100 0.012100 0.024500 0.024600 0.024300 0.038600 0.000000 0.012000 0.000100 0.024600 0.024600 0.024500 0.116200 0.088700 0.012200 0.036700 0.024600 0.000000 0.061700 0.037600 0.000000 0.064000 0.000200 0.024300 0.012200 0.011700 0.038600 0.027200 0.144400 0.012100 0.000100 0.050200 0.012200 0.088300 0.012300 0.037700 0.061700 0.050700 0.038100 0.075500 0.050200 0.000100 0.025000 0.012100 0.024700 0.102800 0.011700 0.012800
GyrantGaze 0.076800 0.197400 0.091400 0.201800 0.134100 0.076800 0.090800 0.091300 0.091400 0.110100 0.064000 0.077300 0.063800 0.091400 0.083900 0.090800 0.133100 0.118400 0.077600 0.104700 0.091300 0.063900 0.103200 0.106500 0.064000 0.000000 0.059000 0.091400 0.077500 0.078200 0.110100 0.098700 0.177700 0.076700 0.076400 0.120300 0.077800 0.161200 0.078100 0.106700 0.103300 0.012200 0.108200 0.118600 0.120400 0.064300 0.078300 0.077200 0.064600 0.178000 0.078200 0.083100
Hartebeest 0.012100 0.147200 0.024200 0.124400 0.063300 0.012100 0.024500 0.024500 0.024200 0.038700 0.000200 0.011900 0.000100 0.024700 0.024600 0.024600 0.116400 0.088900 0.012300 0.036700 0.024500 0.000200 0.061900 0.037700 0.000200 0.059000 0.000000 0.024200 0.012200 0.011600 0.038700 0.026500 0.144800 0.012100 0.000200 0.050400 0.012300 0.088700 0.012300 0.037800 0.061900 0.044300 0.038100 0.075700 0.050300 0.000300 0.015100 0.012200 0.024800 0.103100 0.011600 0.012400
Bongo 0.036800 0.163400 0.000000 0.123600 0.050100 0.036700 0.049600 0.050100 0.000000 0.037900 0.024300 0.035700 0.024200 0.049900 0.048600 0.044200 0.114900 0.084300 0.037200 0.011700 0.050100 0.024300 0.062000 0.037400 0.024300 0.091400 0.024200 0.000000 0.030700 0.011500 0.037900 0.052400 0.145400 0.036700 0.024400 0.076200 0.037200 0.075500 0.037600 0.024300 0.062200 0.077500 0.037500 0.076000 0.076100 0.024400 0.051100 0.037000 0.050400 0.099600 0.011600 0.011700
Gerenuk 0.024400 0.163000 0.030700 0.137600 0.076400 0.024300 0.037100 0.037100 0.030700 0.052100 0.012200 0.024500 0.012200 0.037200 0.042100 0.012100 0.102000 0.075000 0.024600 0.044200 0.037100 0.012200 0.074700 0.050600 0.012200 0.077500 0.012200 0.030700 0.000000 0.016100 0.052100 0.042000 0.156400 0.024300 0.012300 0.063500 0.024700 0.101900 0.024600 0.050700 0.074700 0.064000 0.051300 0.089000 0.063500 0.012200 0.037600 0.024500 0.037400 0.088700 0.016100 0.011500
CommonElan 0.024400 0.149400 0.011500 0.139000 0.063500 0.024300 0.037000 0.037300 0.011500 0.051600 0.011700 0.023700 0.011600 0.037300 0.036300 0.030500 0.129700 0.098800 0.024700 0.023700 0.037300 0.011800 0.075300 0.050700 0.011700 0.078200 0.011600 0.011500 0.016100 0.000000 0.051600 0.039100 0.160800 0.024300 0.011800 0.063400 0.024700 0.089300 0.024900 0.037500 0.075500 0.064400 0.050900 0.089800 0.063300 0.011700 0.038200 0.024600 0.037700 0.114400 0.000000 0.000100
MuntiacusR 0.051700 0.198300 0.037900 0.145200 0.080100 0.051600 0.065100 0.065700 0.037900 0.000000 0.038600 0.051300 0.038500 0.066000 0.065600 0.065400 0.133800 0.103900 0.052300 0.050900 0.065700 0.038700 0.076600 0.025600 0.038600 0.110100 0.038700 0.037900 0.052100 0.051600 0.000000 0.069900 0.167800 0.051500 0.039100 0.093400 0.052400 0.106700 0.052500 0.025700 0.076600 0.095200 0.000000 0.064200 0.093500 0.038900 0.066900 0.046500 0.066300 0.122400 0.051600 0.054900
HarveysDui 0.041000 0.147000 0.052400 0.160200 0.069600 0.040300 0.037100 0.055900 0.052400 0.069900 0.027200 0.039400 0.026500 0.024700 0.058800 0.055200 0.151800 0.121900 0.041400 0.065500 0.055900 0.027500 0.092500 0.068000 0.027200 0.098700 0.026500 0.052400 0.042000 0.039100 0.069900 0.000000 0.182700 0.039800 0.027300 0.053800 0.041000 0.125300 0.042100 0.068000 0.092800 0.083700 0.068800 0.108900 0.053500 0.027200 0.056800 0.041300 0.055000 0.138900 0.039100 0.041900
Pronghorn 0.157900 0.255200 0.145400 0.217300 0.190100 0.157800 0.173600 0.174100 0.145400 0.167800 0.144400 0.159800 0.143900 0.174600 0.169900 0.170500 0.219400 0.186200 0.159400 0.159000 0.145200 0.144400 0.101800 0.133100 0.144400 0.177700 0.144800 0.145400 0.156400 0.160800 0.167800 0.182700 0.000000 0.157600 0.146300 0.207500 0.159800 0.218600 0.160300 0.162800 0.101800 0.178100 0.165000 0.145000 0.207800 0.144900 0.177000 0.155900 0.145800 0.218700 0.160800 0.168500
BlueWildeb 0.024200 0.131300 0.036700 0.137400 0.075600 0.024100 0.036700 0.036800 0.036700 0.051500 0.012100 0.024300 0.012000 0.036900 0.036800 0.036600 0.129100 0.101300 0.024400 0.049200 0.036800 0.012100 0.074000 0.050100 0.012100 0.076700 0.012100 0.036700 0.024300 0.024300 0.051500 0.039800 0.157600 0.000000 0.012200 0.062900 0.024500 0.100900 0.024500 0.050200 0.074100 0.063400 0.050800 0.062000 0.062900 0.012100 0.037400 0.024300 0.037100 0.115400 0.024300 0.026400
Gemsbok 0.012200 0.149500 0.024400 0.126400 0.063900 0.012200 0.024800 0.024900 0.024400 0.039100 0.000100 0.012100 0.000200 0.024900 0.024900 0.024800 0.117700 0.089700 0.012400 0.037000 0.024900 0.000100 0.062400 0.038000 0.000100 0.076400 0.000200 0.024400 0.012300 0.011800 0.039100 0.027300 0.146300 0.012200 0.000000 0.050800 0.012400 0.089500 0.012400 0.038100 0.062400 0.063100 0.038500 0.076400 0.050800 0.000200 0.025300 0.012300 0.025000 0.104000 0.011800 0.012800
Yak 0.062900 0.170900 0.076200 0.184900 0.090900 0.062800 0.076500 0.076700 0.076200 0.093400 0.050200 0.037200 0.050100 0.050600 0.076900 0.050000 0.176100 0.145900 0.063600 0.088900 0.076700 0.050200 0.115900 0.091700 0.050200 0.120300 0.050400 0.076200 0.063500 0.063400 0.093400 0.053800 0.207500 0.062900 0.050800 0.000000 0.063800 0.145200 0.063900 0.092000 0.116000 0.105800 0.091900 0.131800 0.000100 0.050500 0.078200 0.063300 0.077400 0.161700 0.063400 0.067400
BlueSheep 0.024500 0.163300 0.037200 0.111300 0.076700 0.024500 0.037200 0.037300 0.037200 0.052400 0.012200 0.024600 0.012200 0.037400 0.037400 0.037200 0.102900 0.102700 0.000000 0.049800 0.037300 0.012200 0.075100 0.050800 0.012200 0.077800 0.012300 0.037200 0.024700 0.024700 0.052400 0.041000 0.159800 0.024500 0.012400 0.063800 0.000000 0.102300 0.000100 0.050900 0.075100 0.064200 0.051600 0.089300 0.063800 0.012300 0.037900 0.024600 0.012300 0.103200 0.024700 0.026900
BohorReedb 0.100700 0.221500 0.075500 0.198400 0.049300 0.101100 0.115400 0.115700 0.075500 0.106700 0.088300 0.088600 0.088100 0.115900 0.102300 0.115200 0.157300 0.128500 0.101700 0.088200 0.115700 0.088000 0.127500 0.103400 0.088300 0.161200 0.088700 0.075500 0.101900 0.089300 0.106700 0.125300 0.218600 0.100900 0.089500 0.145200 0.102300 0.000000 0.102600 0.076600 0.127600 0.146500 0.105000 0.143000 0.145400 0.088600 0.117600 0.101100 0.116300 0.172800 0.089300 0.095400
KirksDik 0.024600 0.164200 0.037600 0.109100 0.076900 0.024500 0.037300 0.035100 0.037600 0.052500 0.012300 0.024600 0.012300 0.037500 0.042400 0.037200 0.103200 0.103000 0.000100 0.050200 0.037300 0.012300 0.075200 0.050900 0.012300 0.078100 0.012300 0.037600 0.024600 0.024900 0.052500 0.042100 0.160300 0.024500 0.012400 0.063900 0.000100 0.102600 0.000000 0.051000 0.075300 0.064500 0.051700 0.089600 0.063900 0.012300 0.037900 0.024700 0.012400 0.103500 0.024900 0.027200
RoeDeer 0.050300 0.157900 0.024300 0.140900 0.051100 0.050200 0.063500 0.063900 0.024300 0.025700 0.037700 0.037700 0.037600 0.064100 0.050800 0.063600 0.132800 0.104100 0.050900 0.037000 0.063900 0.037700 0.074500 0.024900 0.037700 0.106700 0.037800 0.024300 0.050700 0.037500 0.025700 0.068000 0.162800 0.050200 0.038100 0.092000 0.050900 0.076600 0.051000 0.000000 0.074500 0.092400 0.025300 0.062400 0.092100 0.037800 0.065100 0.045600 0.064400 0.118800 0.037500 0.039800
WhiteLippe 0.074200 0.159700 0.062200 0.165500 0.101800 0.074200 0.087300 0.087900 0.062200 0.076600 0.061700 0.074900 0.061600 0.088200 0.087900 0.087500 0.129200 0.101300 0.075000 0.074800 0.087900 0.061700 0.000100 0.048900 0.061700 0.103300 0.061900 0.062200 0.074700 0.075500 0.076600 0.092800 0.101800 0.074100 0.062400 0.116000 0.075100 0.127600 0.075300 0.074500 0.000000 0.089600 0.075600 0.060600 0.116000 0.062000 0.089300 0.074500 0.062400 0.129500 0.075500 0.079900
ThomsonGaz 0.063500 0.181200 0.077500 0.185100 0.119500 0.063400 0.077200 0.077500 0.077500 0.095200 0.050700 0.063700 0.050500 0.077500 0.069400 0.077100 0.118700 0.104300 0.064100 0.090700 0.077500 0.050700 0.089600 0.092300 0.050700 0.012200 0.044300 0.077500 0.064000 0.064400 0.095200 0.083700 0.178100 0.063400 0.063100 0.105800 0.064200 0.146500 0.064500 0.092400 0.089600 0.000000 0.093700 0.104500 0.105800 0.050900 0.064600 0.063800 0.051200 0.162700 0.064400 0.068500
MuntiacusC 0.050900 0.195400 0.037500 0.143000 0.078800 0.050800 0.064100 0.064600 0.037500 0.000000 0.038100 0.050500 0.038000 0.065000 0.064600 0.064300 0.131800 0.102400 0.051500 0.050200 0.064600 0.038100 0.075600 0.025200 0.038100 0.108200 0.038100 0.037500 0.051300 0.050900 0.000000 0.068800 0.165000 0.050800 0.038500 0.091900 0.051600 0.105000 0.051700 0.025300 0.075600 0.093700 0.000000 0.063200 0.092000 0.038300 0.065800 0.046100 0.065300 0.120500 0.050900 0.054200
WhiteTaile 0.088200 0.140400 0.076000 0.182700 0.116800 0.088200 0.101800 0.102500 0.076000 0.064200 0.075500 0.089100 0.075300 0.102800 0.075700 0.102000 0.144600 0.115900 0.089100 0.088800 0.102500 0.075500 0.060600 0.036700 0.075500 0.118600 0.075700 0.076000 0.089000 0.089800 0.064200 0.108900 0.145000 0.062000 0.076400 0.131800 0.089300 0.143000 0.089600 0.062400 0.060600 0.104500 0.063200 0.000000 0.131900 0.075900 0.104100 0.085800 0.076300 0.130300 0.089800 0.094500
Cattle 0.063000 0.171000 0.076100 0.184800 0.091000 0.062800 0.076500 0.076700 0.076100 0.093500 0.050200 0.037200 0.050100 0.050700 0.076900 0.049900 0.176200 0.146000 0.063700 0.088900 0.076600 0.050300 0.116000 0.091800 0.050200 0.120400 0.050300 0.076100 0.063500 0.063300 0.093500 0.053500 0.207800 0.062900 0.050800 0.000100 0.063800 0.145400 0.063900 0.092100 0.116000 0.105800 0.092000 0.131900 0.000000 0.050500 0.078200 0.063300 0.077500 0.161900 0.063300 0.066900
RoyalAntel 0.012100 0.141300 0.024400 0.125000 0.063300 0.012100 0.024600 0.024700 0.024400 0.038900 0.000100 0.012000 0.000200 0.024700 0.024700 0.024600 0.116800 0.089100 0.012300 0.036900 0.024700 0.000100 0.062000 0.037700 0.000100 0.064300 0.000300 0.024400 0.012200 0.011700 0.038900 0.027200 0.144900 0.012100 0.000200 0.050500 0.012300 0.088600 0.012300 0.037800 0.062000 0.050900 0.038300 0.075900 0.050500 0.000000 0.025100 0.012200 0.024800 0.103200 0.011700 0.012700
Steenbok 0.037500 0.181100 0.051100 0.137500 0.091400 0.037500 0.050600 0.050600 0.051100 0.066900 0.025000 0.037700 0.024900 0.050900 0.042800 0.050500 0.132400 0.117900 0.037900 0.063900 0.050600 0.025000 0.089300 0.064900 0.025000 0.078300 0.015100 0.051100 0.037600 0.038200 0.066900 0.056800 0.177000 0.037400 0.025300 0.078200 0.037900 0.117600 0.037900 0.065100 0.089300 0.064600 0.065800 0.104100 0.078200 0.025100 0.000000 0.037600 0.051100 0.133100 0.038200 0.041500
Impala 0.024200 0.159100 0.037000 0.139600 0.075800 0.024300 0.036900 0.037100 0.037000 0.046500 0.012100 0.024400 0.012100 0.037100 0.037100 0.036900 0.126600 0.098100 0.024400 0.049500 0.037100 0.011700 0.070200 0.045900 0.012100 0.077200 0.012200 0.037000 0.024500 0.024600 0.046500 0.041300 0.155900 0.024300 0.012300 0.063300 0.024600 0.101100 0.024700 0.045600 0.074500 0.063800 0.046100 0.085800 0.063300 0.012200 0.037600 0.000000 0.037300 0.115500 0.024600 0.027100
Klipspring 0.037100 0.149100 0.050400 0.126100 0.090400 0.037100 0.050100 0.050300 0.050400 0.066300 0.024700 0.037400 0.024700 0.050400 0.050300 0.050000 0.089600 0.089500 0.012300 0.063100 0.050300 0.024700 0.062300 0.064200 0.024700 0.064600 0.024800 0.050400 0.037400 0.037700 0.066300 0.055000 0.145800 0.037100 0.025000 0.077400 0.012300 0.116300 0.012400 0.064400 0.062400 0.051200 0.065300 0.076300 0.077500 0.024800 0.051100 0.037300 0.000000 0.117300 0.037700 0.040900
ForestMusk 0.115700 0.273000 0.099600 0.199000 0.145900 0.115700 0.130400 0.130900 0.099600 0.122400 0.102800 0.121700 0.102400 0.131300 0.103200 0.101800 0.164800 0.150000 0.103000 0.113400 0.130900 0.102700 0.129000 0.118500 0.102800 0.178000 0.103100 0.099600 0.088700 0.114400 0.122400 0.138900 0.218700 0.115400 0.104000 0.161700 0.103200 0.172800 0.103500 0.118800 0.129500 0.162700 0.120500 0.130300 0.161900 0.103200 0.133100 0.115500 0.117300 0.000000 0.114400 0.102500
Bushbuck 0.024400 0.149400 0.011500 0.139000 0.063500 0.024300 0.037000 0.037300 0.011500 0.051600 0.011700 0.023700 0.011600 0.037300 0.036300 0.030500 0.129700 0.098800 0.024700 0.023700 0.037300 0.011800 0.075300 0.050700 0.011700 0.078200 0.011600 0.011600 0.016100 0.000000 0.051600 0.039100 0.160800 0.024300 0.011800 0.063400 0.024700 0.089300 0.024900 0.037500 0.075500 0.064400 0.050900 0.089800 0.063300 0.011700 0.038200 0.024600 0.037700 0.114400 0.000000 0.000100
GreaterKud 0.026700 0.153800 0.011700 0.145400 0.068400 0.023900 0.040000 0.040400 0.011700 0.054900 0.012800 0.027300 0.012500 0.040700 0.039100 0.024200 0.115900 0.088500 0.027100 0.023500 0.040400 0.013000 0.079400 0.053800 0.012800 0.083100 0.012400 0.011700 0.011500 0.000100 0.054900 0.041900 0.168500 0.026400 0.012800 0.067400 0.026900 0.095400 0.027200 0.039800 0.079900 0.068500 0.054200 0.094500 0.066900 0.012700 0.041500 0.027100 0.040900 0.102500 0.000100 0.000000
