1
52 1
Argali 0.000000 0.070500 0.019000 0.065000 0.018400 0.001600 0.020000 0.023200 0.018400 0.026400 0.005700 0.015800 0.018900 0.018400 0.018900 0.017300 0.029100 0.028600 0.013600 0.018400 0.019100 0.009900 0.025900 0.025900 0.007300 0.020000 0.013600 0.016300 0.018400 0.019500 0.024800 0.017800 0.036100 0.013600 0.015700 0.015800 0.008400 0.019500 0.023700 0.026900 0.025900 0.021000 0.029100 0.025900 0.015200 0.018600 0.018100 0.017900 0.017300 0.024900 0.019000 0.019500
LesserMous 0.070500 0.000000 0.074900 0.077200 0.071600 0.069900 0.071800 0.075400 0.073000 0.068600 0.067600 0.066000 0.073000 0.072200 0.073800 0.072300 0.067300 0.071400 0.074500 0.071100 0.074600 0.069300 0.067500 0.067300 0.069400 0.075100 0.068900 0.071800 0.073300 0.072600 0.068100 0.071200 0.072500 0.067600 0.072300 0.067100 0.068200 0.070500 0.078000 0.066400 0.069200 0.076200 0.071400 0.068100 0.067600 0.071800 0.071700 0.070600 0.074000 0.072400 0.073000 0.075400
LesserKudu 0.019000 0.074900 0.000000 0.068800 0.019600 0.019500 0.022800 0.025500 0.007500 0.025500 0.016300 0.017000 0.023400 0.021100 0.022100 0.021600 0.028700 0.030800 0.021200 0.009000 0.021800 0.021100 0.024900 0.026500 0.018000 0.023700 0.018000 0.006400 0.022100 0.009000 0.023900 0.018400 0.036700 0.018000 0.020000 0.016900 0.018400 0.022200 0.026000 0.029800 0.024900 0.024900 0.028100 0.026600 0.016400 0.021400 0.021200 0.020900 0.021100 0.025700 0.008500 0.009000
KillerWhal 0.065000 0.077200 0.068800 0.000000 0.066400 0.064500 0.066600 0.070600 0.066000 0.063500 0.064000 0.062900 0.068500 0.065500 0.066200 0.065000 0.063000 0.061900 0.068000 0.065900 0.066900 0.065100 0.061800 0.062900 0.065700 0.067800 0.065200 0.064700 0.066200 0.068200 0.062400 0.065900 0.067600 0.064600 0.065200 0.064000 0.064600 0.065300 0.072100 0.066200 0.061800 0.070200 0.066300 0.062800 0.063400 0.065900 0.065200 0.065700 0.067900 0.067000 0.067600 0.069300
DefassaWat 0.018400 0.071600 0.019600 0.066400 0.000000 0.017900 0.020000 0.022600 0.016900 0.025800 0.013600 0.018400 0.021600 0.018400 0.021500 0.017300 0.031200 0.032800 0.019400 0.017500 0.019500 0.017300 0.024200 0.024800 0.015200 0.018400 0.016300 0.015900 0.015800 0.018500 0.024200 0.017800 0.036300 0.016300 0.018400 0.018400 0.015700 0.006300 0.023200 0.029600 0.025300 0.019400 0.028500 0.024300 0.017900 0.019100 0.019400 0.018600 0.016800 0.023300 0.018500 0.020100
Sheep 0.001600 0.069900 0.019500 0.064500 0.017900 0.000000 0.019500 0.022600 0.017900 0.025900 0.005200 0.015200 0.018400 0.017900 0.018400 0.016800 0.028500 0.028000 0.013100 0.017900 0.018500 0.009400 0.025300 0.025300 0.006800 0.019400 0.013100 0.016800 0.017800 0.019000 0.024300 0.017300 0.035300 0.013100 0.015200 0.015200 0.007800 0.018900 0.023200 0.027500 0.025300 0.020500 0.028500 0.025300 0.014700 0.018100 0.017500 0.017300 0.016800 0.024400 0.018400 0.020000
MaxwellsDu 0.020000 0.071800 0.022800 0.066600 0.020000 0.019500 0.000000 0.026400 0.021100 0.026400 0.015200 0.019100 0.023200 0.009900 0.021700 0.021000 0.032500 0.034500 0.022100 0.021100 0.023300 0.019400 0.025700 0.026900 0.016800 0.022600 0.017900 0.020000 0.021600 0.022100 0.024800 0.011600 0.038500 0.017900 0.020000 0.018400 0.017300 0.022100 0.027300 0.030100 0.025600 0.024200 0.029100 0.025300 0.017900 0.019600 0.022100 0.020200 0.019000 0.026000 0.021600 0.022100
GazellaPrz 0.023200 0.075400 0.025500 0.070600 0.022600 0.022600 0.026400 0.000000 0.023900 0.031900 0.018400 0.022100 0.023200 0.023700 0.024900 0.013600 0.034200 0.035200 0.024200 0.024400 0.019100 0.023200 0.031300 0.033500 0.020000 0.018300 0.018900 0.022800 0.015200 0.024400 0.030300 0.023100 0.039200 0.018900 0.022300 0.023200 0.021000 0.023700 0.022100 0.035200 0.031300 0.018400 0.034600 0.033000 0.022600 0.021800 0.016800 0.023200 0.021600 0.027200 0.024400 0.026200
MountainNy 0.018400 0.073000 0.007500 0.066000 0.016900 0.017900 0.021100 0.023900 0.000000 0.023700 0.014700 0.015200 0.021600 0.019500 0.021200 0.020000 0.027000 0.029100 0.019500 0.007300 0.018000 0.019600 0.023200 0.024800 0.015200 0.020000 0.016300 0.002600 0.020500 0.006300 0.022100 0.018000 0.034700 0.016300 0.018400 0.015200 0.016800 0.019500 0.024400 0.029100 0.023200 0.022100 0.026400 0.024800 0.014700 0.019700 0.018600 0.019300 0.018400 0.023900 0.005800 0.006300
MuntiacusM 0.026400 0.068600 0.025500 0.063500 0.025800 0.025900 0.026400 0.031900 0.023700 0.000000 0.021600 0.023200 0.028600 0.024800 0.027500 0.026400 0.024200 0.028000 0.026400 0.023700 0.028700 0.026400 0.008900 0.012000 0.023200 0.028600 0.023200 0.022700 0.025900 0.024800 0.005700 0.025400 0.030900 0.023200 0.024200 0.022700 0.022700 0.026900 0.032500 0.016300 0.008900 0.029800 0.005700 0.012600 0.022100 0.023900 0.027000 0.026600 0.023700 0.022300 0.024300 0.025900
goat 0.005700 0.067600 0.016300 0.064000 0.013600 0.005200 0.015200 0.018400 0.014700 0.021600 0.000000 0.012100 0.013100 0.013600 0.014100 0.013100 0.026400 0.026900 0.009900 0.014700 0.015300 0.006800 0.021100 0.022100 0.001600 0.015200 0.007800 0.013600 0.013600 0.015800 0.020000 0.013100 0.032000 0.007800 0.011000 0.012100 0.004200 0.014700 0.018900 0.024300 0.021100 0.016300 0.024300 0.021600 0.011500 0.014900 0.014200 0.013100 0.012600 0.020100 0.015200 0.016800
AfricanBuf 0.015800 0.066000 0.017000 0.062900 0.018400 0.015200 0.019100 0.022100 0.015200 0.023200 0.012100 0.000000 0.018900 0.016400 0.019400 0.018900 0.027000 0.028000 0.016800 0.015200 0.020300 0.016800 0.022100 0.023200 0.013600 0.021000 0.013100 0.014200 0.019500 0.016300 0.021600 0.016500 0.032600 0.013600 0.014700 0.010500 0.013100 0.017400 0.025000 0.026900 0.021100 0.022100 0.025900 0.023200 0.011000 0.018600 0.017900 0.016800 0.018400 0.022800 0.015800 0.017400
Topi 0.018900 0.073000 0.023400 0.068500 0.021600 0.018400 0.023200 0.023200 0.021600 0.028600 0.013100 0.018900 0.000000 0.021600 0.021000 0.020000 0.031200 0.032900 0.020000 0.021600 0.022300 0.018900 0.028000 0.030200 0.014700 0.022100 0.007300 0.020500 0.020500 0.022700 0.026900 0.021700 0.036400 0.007300 0.015700 0.020000 0.016300 0.020500 0.026600 0.032300 0.028000 0.023200 0.031300 0.029600 0.019500 0.020200 0.020000 0.021100 0.017900 0.026000 0.022200 0.023700
CommonDuik 0.018400 0.072200 0.021100 0.065500 0.018400 0.017900 0.009900 0.023700 0.019500 0.024800 0.013600 0.016400 0.021600 0.000000 0.018900 0.018400 0.030800 0.031800 0.019100 0.019500 0.020700 0.016800 0.024100 0.025300 0.015200 0.020500 0.016300 0.018400 0.018900 0.020600 0.023200 0.007800 0.034800 0.016300 0.017300 0.015800 0.015300 0.019500 0.024500 0.028500 0.024000 0.021600 0.027500 0.022700 0.015200 0.017000 0.019500 0.017400 0.016800 0.023300 0.020000 0.021600
Suni 0.018900 0.073800 0.022100 0.066200 0.021500 0.018400 0.021700 0.024900 0.021200 0.027500 0.014100 0.019400 0.021000 0.018900 0.000000 0.019900 0.032000 0.032100 0.021000 0.022100 0.022200 0.018900 0.027000 0.028400 0.015700 0.022000 0.016800 0.020000 0.020500 0.023200 0.026000 0.019400 0.037000 0.015700 0.016800 0.019400 0.016300 0.022600 0.024800 0.030800 0.027000 0.022600 0.030200 0.027600 0.019400 0.020700 0.020100 0.020000 0.018300 0.026600 0.022700 0.023300
Springbuck 0.017300 0.072300 0.021600 0.065000 0.017300 0.016800 0.021000 0.013600 0.020000 0.026400 0.013100 0.018900 0.020000 0.018400 0.019900 0.000000 0.029200 0.029600 0.018900 0.019600 0.013700 0.018000 0.025900 0.028100 0.014700 0.011000 0.014700 0.018900 0.006800 0.020700 0.024900 0.017800 0.034700 0.014800 0.016800 0.018900 0.015700 0.019400 0.016800 0.030300 0.025900 0.011000 0.028100 0.027600 0.018400 0.017500 0.012600 0.016300 0.016200 0.023800 0.020500 0.022100
Okapi 0.029100 0.067300 0.028700 0.063000 0.031200 0.028500 0.032500 0.034200 0.027000 0.024200 0.026400 0.027000 0.031200 0.030800 0.032000 0.029200 0.000000 0.011000 0.031400 0.027000 0.031200 0.031200 0.025900 0.028000 0.028000 0.032400 0.028000 0.025900 0.030800 0.028100 0.023700 0.030400 0.030900 0.028000 0.028000 0.027700 0.028600 0.031200 0.035300 0.030700 0.025900 0.033500 0.026900 0.028500 0.027100 0.029900 0.028900 0.030500 0.028600 0.028700 0.026400 0.028000
Giraffe 0.028600 0.071400 0.030800 0.061900 0.032800 0.028000 0.034500 0.035200 0.029100 0.028000 0.026900 0.028000 0.032900 0.031800 0.032100 0.029600 0.011000 0.000000 0.032900 0.029100 0.030800 0.031800 0.028500 0.029600 0.028600 0.033400 0.028600 0.028000 0.031800 0.030200 0.026400 0.031300 0.030400 0.028600 0.029600 0.028600 0.029100 0.032900 0.036300 0.034500 0.028500 0.034100 0.030700 0.030200 0.028000 0.030900 0.028600 0.031300 0.030700 0.029200 0.028600 0.030200
TibetanAnt 0.013600 0.074500 0.021200 0.068000 0.019400 0.013100 0.022100 0.024200 0.019500 0.026400 0.009900 0.016800 0.020000 0.019100 0.021000 0.018900 0.031400 0.032900 0.000000 0.019500 0.021200 0.011500 0.025900 0.028000 0.011500 0.021000 0.014700 0.018400 0.019400 0.020600 0.024800 0.019000 0.038000 0.014700 0.016800 0.016800 0.009400 0.019600 0.025000 0.030100 0.026900 0.022100 0.029100 0.027500 0.016300 0.020800 0.020000 0.018900 0.018400 0.024000 0.020000 0.021600
Sitatunga 0.018400 0.071100 0.009000 0.065900 0.017500 0.017900 0.021100 0.024400 0.007300 0.023700 0.014700 0.015200 0.021600 0.019500 0.022100 0.019600 0.027000 0.029100 0.019500 0.000000 0.020700 0.018400 0.023200 0.024800 0.015200 0.021700 0.016300 0.006800 0.019500 0.004200 0.022200 0.017400 0.034800 0.015200 0.018400 0.015200 0.016800 0.020000 0.026000 0.029100 0.023200 0.022700 0.026400 0.024800 0.014700 0.019100 0.019100 0.018800 0.019500 0.023300 0.005800 0.008400
Oribi 0.019100 0.074600 0.021800 0.066900 0.019500 0.018500 0.023300 0.019100 0.018000 0.028700 0.015300 0.020300 0.022300 0.020700 0.022200 0.013700 0.031200 0.030800 0.021200 0.020700 0.000000 0.020100 0.028200 0.029300 0.016900 0.015800 0.016900 0.018000 0.014300 0.020700 0.027200 0.020200 0.036000 0.016900 0.020100 0.020100 0.018000 0.020600 0.021300 0.033700 0.028300 0.016900 0.031400 0.029900 0.019600 0.019800 0.014800 0.020100 0.017400 0.026100 0.020700 0.021200
BarbaryShe 0.009900 0.069300 0.021100 0.065100 0.017300 0.009400 0.019400 0.023200 0.019600 0.026400 0.006800 0.016800 0.018900 0.016800 0.018900 0.018000 0.031200 0.031800 0.011500 0.018400 0.020100 0.000000 0.024800 0.026900 0.008400 0.020100 0.013600 0.018400 0.018400 0.019500 0.024800 0.017300 0.036900 0.012600 0.015700 0.015700 0.008400 0.018400 0.022600 0.028500 0.025800 0.021000 0.029100 0.024800 0.015200 0.019700 0.019000 0.017900 0.017300 0.024100 0.020000 0.021600
Daviddeer 0.025900 0.067500 0.024900 0.061800 0.024200 0.025300 0.025700 0.031300 0.023200 0.008900 0.021100 0.022100 0.028000 0.024100 0.027000 0.025900 0.025900 0.028500 0.025900 0.023200 0.028200 0.024800 0.000000 0.010500 0.022700 0.028000 0.022700 0.022100 0.025400 0.024300 0.007300 0.024500 0.030400 0.022700 0.024800 0.022100 0.022100 0.025300 0.031600 0.015700 0.004200 0.029200 0.011000 0.009900 0.021600 0.023400 0.026500 0.026100 0.023200 0.021800 0.023800 0.025300
Reindeer 0.025900 0.067300 0.026500 0.062900 0.024800 0.025300 0.026900 0.033500 0.024800 0.012000 0.022100 0.023200 0.030200 0.025300 0.028400 0.028100 0.028000 0.029600 0.028000 0.024800 0.029300 0.026900 0.010500 0.000000 0.023700 0.030300 0.024800 0.023700 0.027600 0.025900 0.011500 0.025900 0.033600 0.024800 0.025800 0.022700 0.023200 0.025900 0.033700 0.016800 0.010500 0.031400 0.014700 0.007800 0.022100 0.025500 0.027600 0.027100 0.025300 0.025000 0.025400 0.026900
Ibex 0.007300 0.069400 0.018000 0.065700 0.015200 0.006800 0.016800 0.020000 0.015200 0.023200 0.001600 0.013600 0.014700 0.015200 0.015700 0.014700 0.028000 0.028600 0.011500 0.015200 0.016900 0.008400 0.022700 0.023700 0.000000 0.016800 0.009400 0.014200 0.015200 0.016300 0.021600 0.014800 0.033700 0.009400 0.012600 0.013600 0.005700 0.016300 0.020800 0.025900 0.022700 0.017900 0.025300 0.023200 0.013100 0.016500 0.015700 0.014700 0.014100 0.021700 0.015800 0.017300
GyrantGaze 0.020000 0.075100 0.023700 0.067800 0.018400 0.019400 0.022600 0.018300 0.020000 0.028600 0.015200 0.021000 0.022100 0.020500 0.022000 0.011000 0.032400 0.033400 0.021000 0.021700 0.015800 0.020100 0.028000 0.030300 0.016800 0.000000 0.016800 0.020000 0.011000 0.022800 0.027000 0.019900 0.037900 0.016900 0.019900 0.021000 0.017800 0.020500 0.019900 0.033000 0.028000 0.007300 0.031300 0.029800 0.020500 0.019600 0.015700 0.020000 0.018300 0.025400 0.022700 0.023700
Hartebeest 0.013600 0.068900 0.018000 0.065200 0.016300 0.013100 0.017900 0.018900 0.016300 0.023200 0.007800 0.013100 0.007300 0.016300 0.016800 0.014700 0.028000 0.028600 0.014700 0.016300 0.016900 0.013600 0.022700 0.024800 0.009400 0.016800 0.000000 0.015200 0.015200 0.017400 0.021600 0.016400 0.031500 0.003100 0.011500 0.014700 0.011000 0.015200 0.021200 0.026900 0.022700 0.017900 0.025900 0.024300 0.014200 0.014900 0.014700 0.015800 0.014200 0.021700 0.016800 0.018400
Bongo 0.016300 0.071800 0.006400 0.064700 0.015900 0.016800 0.020000 0.022800 0.002600 0.022700 0.013600 0.014200 0.020500 0.018400 0.020000 0.018900 0.025900 0.028000 0.018400 0.006800 0.018000 0.018400 0.022100 0.023700 0.014200 0.020000 0.015200 0.000000 0.019400 0.005700 0.021100 0.016900 0.033800 0.015200 0.017300 0.014200 0.015800 0.018400 0.024400 0.026900 0.022100 0.022100 0.025300 0.023700 0.013600 0.018600 0.018500 0.018200 0.018400 0.022800 0.005200 0.005700
Gerenuk 0.018400 0.073300 0.022100 0.066200 0.015800 0.017800 0.021600 0.015200 0.020500 0.025900 0.013600 0.019500 0.020500 0.018900 0.020500 0.006800 0.030800 0.031800 0.019400 0.019500 0.014300 0.018400 0.025400 0.027600 0.015200 0.011000 0.015200 0.019400 0.000000 0.021100 0.024300 0.018400 0.036300 0.015200 0.018400 0.019500 0.016300 0.017900 0.017300 0.030800 0.025400 0.011000 0.028600 0.027100 0.018900 0.018000 0.014100 0.018400 0.016800 0.024300 0.020500 0.022600
CommonElan 0.019500 0.072600 0.009000 0.068200 0.018500 0.019000 0.022100 0.024400 0.006300 0.024800 0.015800 0.016300 0.022700 0.020600 0.023200 0.020700 0.028100 0.030200 0.020600 0.004200 0.020700 0.019500 0.024300 0.025900 0.016300 0.022800 0.017400 0.005700 0.021100 0.000000 0.023200 0.018500 0.035900 0.016300 0.019500 0.016300 0.017900 0.021100 0.027100 0.030200 0.024300 0.023700 0.027500 0.025900 0.015800 0.020200 0.020200 0.019800 0.020500 0.024500 0.005800 0.007300
MuntiacusR 0.024800 0.068100 0.023900 0.062400 0.024200 0.024300 0.024800 0.030300 0.022100 0.005700 0.020000 0.021600 0.026900 0.023200 0.026000 0.024900 0.023700 0.026400 0.024800 0.022200 0.027200 0.024800 0.007300 0.011500 0.021600 0.027000 0.021600 0.021100 0.024300 0.023200 0.000000 0.023800 0.029300 0.021600 0.023700 0.021100 0.021100 0.025300 0.031000 0.014700 0.007300 0.028200 0.007300 0.011000 0.020500 0.022300 0.025400 0.025000 0.022100 0.020700 0.022700 0.024300
HarveysDui 0.017800 0.071200 0.018400 0.065900 0.017800 0.017300 0.011600 0.023100 0.018000 0.025400 0.013100 0.016500 0.021700 0.007800 0.019400 0.017800 0.030400 0.031300 0.019000 0.017400 0.020200 0.017300 0.024500 0.025900 0.014800 0.019900 0.016400 0.016900 0.018400 0.018500 0.023800 0.000000 0.035400 0.016400 0.017300 0.015800 0.015200 0.018900 0.022800 0.028600 0.024400 0.021100 0.028100 0.024300 0.015300 0.016500 0.018900 0.016300 0.017300 0.022800 0.018500 0.020100
Pronghorn 0.036100 0.072500 0.036700 0.067600 0.036300 0.035300 0.038500 0.039200 0.034700 0.030900 0.032000 0.032600 0.036400 0.034800 0.037000 0.034700 0.030900 0.030400 0.038000 0.034800 0.036000 0.036900 0.030400 0.033600 0.033700 0.037900 0.031500 0.033800 0.036300 0.035900 0.029300 0.035400 0.000000 0.033100 0.034700 0.031500 0.033700 0.036900 0.041600 0.037700 0.031500 0.039100 0.034700 0.034200 0.030900 0.034100 0.033600 0.037600 0.034300 0.031600 0.035300 0.037100
BlueWildeb 0.013600 0.067600 0.018000 0.064600 0.016300 0.013100 0.017900 0.018900 0.016300 0.023200 0.007800 0.013600 0.007300 0.016300 0.015700 0.014800 0.028000 0.028600 0.014700 0.015200 0.016900 0.012600 0.022700 0.024800 0.009400 0.016900 0.003100 0.015200 0.015200 0.016300 0.021600 0.016400 0.033100 0.000000 0.009400 0.014700 0.011000 0.015200 0.021200 0.026900 0.022700 0.017800 0.025900 0.024300 0.014200 0.015400 0.014700 0.015800 0.014200 0.021700 0.016800 0.018400
Gemsbok 0.015700 0.072300 0.020000 0.065200 0.018400 0.015200 0.020000 0.022300 0.018400 0.024200 0.011000 0.014700 0.015700 0.017300 0.016800 0.016800 0.028000 0.029600 0.016800 0.018400 0.020100 0.015700 0.024800 0.025800 0.012600 0.019900 0.011500 0.017300 0.018400 0.019500 0.023700 0.017300 0.034700 0.009400 0.000000 0.015700 0.013100 0.018400 0.023700 0.029100 0.024800 0.021000 0.025800 0.025300 0.015200 0.018100 0.016800 0.016300 0.017400 0.023800 0.018900 0.019500
Yak 0.015800 0.067100 0.016900 0.064000 0.018400 0.015200 0.018400 0.023200 0.015200 0.022700 0.012100 0.010500 0.020000 0.015800 0.019400 0.018900 0.027700 0.028600 0.016800 0.015200 0.020100 0.015700 0.022100 0.022700 0.013600 0.021000 0.014700 0.014200 0.019500 0.016300 0.021100 0.015800 0.031500 0.014700 0.015700 0.000000 0.014200 0.019500 0.025000 0.026400 0.022100 0.022100 0.025300 0.022700 0.003600 0.017500 0.018000 0.016800 0.017300 0.020900 0.015800 0.016900
BlueSheep 0.008400 0.068200 0.018400 0.064600 0.015700 0.007800 0.017300 0.021000 0.016800 0.022700 0.004200 0.013100 0.016300 0.015300 0.016300 0.015700 0.028600 0.029100 0.009400 0.016800 0.018000 0.008400 0.022100 0.023200 0.005700 0.017800 0.011000 0.015800 0.016300 0.017900 0.021100 0.015200 0.033700 0.011000 0.013100 0.014200 0.000000 0.016800 0.021600 0.025900 0.022100 0.018900 0.025300 0.022700 0.013600 0.017000 0.016800 0.015200 0.014700 0.022400 0.017400 0.018900
BohorReedb 0.019500 0.070500 0.022200 0.065300 0.006300 0.018900 0.022100 0.023700 0.019500 0.026900 0.014700 0.017400 0.020500 0.019500 0.022600 0.019400 0.031200 0.032900 0.019600 0.020000 0.020600 0.018400 0.025300 0.025900 0.016300 0.020500 0.015200 0.018400 0.017900 0.021100 0.025300 0.018900 0.036900 0.015200 0.018400 0.019500 0.016800 0.000000 0.025300 0.030700 0.026400 0.020500 0.029600 0.024300 0.018900 0.019100 0.019500 0.019500 0.016800 0.023300 0.021100 0.022700
KirksDik 0.023700 0.078000 0.026000 0.072100 0.023200 0.023200 0.027300 0.022100 0.024400 0.032500 0.018900 0.025000 0.026600 0.024500 0.024800 0.016800 0.035300 0.036300 0.025000 0.026000 0.021300 0.022600 0.031600 0.033700 0.020800 0.019900 0.021200 0.024400 0.017300 0.027100 0.031000 0.022800 0.041600 0.021200 0.023700 0.025000 0.021600 0.025300 0.000000 0.037000 0.032000 0.020100 0.034200 0.033200 0.024400 0.023500 0.015700 0.023900 0.022600 0.029900 0.027100 0.028700
RoeDeer 0.026900 0.066400 0.029800 0.066200 0.029600 0.027500 0.030100 0.035200 0.029100 0.016300 0.024300 0.026900 0.032300 0.028500 0.030800 0.030300 0.030700 0.034500 0.030100 0.029100 0.033700 0.028500 0.015700 0.016800 0.025900 0.033000 0.026900 0.026900 0.030800 0.030200 0.014700 0.028600 0.037700 0.026900 0.029100 0.026400 0.025900 0.030700 0.037000 0.000000 0.015700 0.034100 0.018900 0.015200 0.025900 0.028500 0.032000 0.030400 0.028500 0.028700 0.028600 0.030200
WhiteLippe 0.025900 0.069200 0.024900 0.061800 0.025300 0.025300 0.025600 0.031300 0.023200 0.008900 0.021100 0.021100 0.028000 0.024000 0.027000 0.025900 0.025900 0.028500 0.026900 0.023200 0.028300 0.025800 0.004200 0.010500 0.022700 0.028000 0.022700 0.022100 0.025400 0.024300 0.007300 0.024400 0.031500 0.022700 0.024800 0.022100 0.022100 0.026400 0.032000 0.015700 0.000000 0.029200 0.011500 0.009900 0.021600 0.023400 0.026500 0.026100 0.023200 0.022900 0.023700 0.025300
ThomsonGaz 0.021000 0.076200 0.024900 0.070200 0.019400 0.020500 0.024200 0.018400 0.022100 0.029800 0.016300 0.022100 0.023200 0.021600 0.022600 0.011000 0.033500 0.034100 0.022100 0.022700 0.016900 0.021000 0.029200 0.031400 0.017900 0.007300 0.017900 0.022100 0.011000 0.023700 0.028200 0.021100 0.039100 0.017800 0.021000 0.022100 0.018900 0.020500 0.020100 0.034100 0.029200 0.000000 0.032500 0.029800 0.021600 0.020700 0.015700 0.021100 0.018400 0.025400 0.023700 0.025300
MuntiacusC 0.029100 0.071400 0.028100 0.066300 0.028500 0.028500 0.029100 0.034600 0.026400 0.005700 0.024300 0.025900 0.031300 0.027500 0.030200 0.028100 0.026900 0.030700 0.029100 0.026400 0.031400 0.029100 0.011000 0.014700 0.025300 0.031300 0.025900 0.025300 0.028600 0.027500 0.007300 0.028100 0.034700 0.025900 0.025800 0.025300 0.025300 0.029600 0.034200 0.018900 0.011500 0.032500 0.000000 0.015200 0.024800 0.026600 0.028600 0.028700 0.026400 0.025000 0.027000 0.028500
WhiteTaile 0.025900 0.068100 0.026600 0.062800 0.024300 0.025300 0.025300 0.033000 0.024800 0.012600 0.021600 0.023200 0.029600 0.022700 0.027600 0.027600 0.028500 0.030200 0.027500 0.024800 0.029900 0.024800 0.009900 0.007800 0.023200 0.029800 0.024300 0.023700 0.027100 0.025900 0.011000 0.024300 0.034200 0.024300 0.025300 0.022700 0.022700 0.024300 0.033200 0.015200 0.009900 0.029800 0.015200 0.000000 0.022100 0.025000 0.028100 0.026600 0.024800 0.024500 0.025400 0.027000
Cattle 0.015200 0.067600 0.016400 0.063400 0.017900 0.014700 0.017900 0.022600 0.014700 0.022100 0.011500 0.011000 0.019500 0.015200 0.019400 0.018400 0.027100 0.028000 0.016300 0.014700 0.019600 0.015200 0.021600 0.022100 0.013100 0.020500 0.014200 0.013600 0.018900 0.015800 0.020500 0.015300 0.030900 0.014200 0.015200 0.003600 0.013600 0.018900 0.024400 0.025900 0.021600 0.021600 0.024800 0.022100 0.000000 0.015900 0.018400 0.016300 0.016800 0.020200 0.015200 0.016800
RoyalAntel 0.018600 0.071800 0.021400 0.065900 0.019100 0.018100 0.019600 0.021800 0.019700 0.023900 0.014900 0.018600 0.020200 0.017000 0.020700 0.017500 0.029900 0.030900 0.020800 0.019100 0.019800 0.019700 0.023400 0.025500 0.016500 0.019600 0.014900 0.018600 0.018000 0.020200 0.022300 0.016500 0.034100 0.015400 0.018100 0.017500 0.017000 0.019100 0.023500 0.028500 0.023400 0.020700 0.026600 0.025000 0.015900 0.000000 0.018000 0.017100 0.016900 0.021300 0.020200 0.021800
Steenbok 0.018100 0.071700 0.021200 0.065200 0.019400 0.017500 0.022100 0.016800 0.018600 0.027000 0.014200 0.017900 0.020000 0.019500 0.020100 0.012600 0.028900 0.028600 0.020000 0.019100 0.014800 0.019000 0.026500 0.027600 0.015700 0.015700 0.014700 0.018500 0.014100 0.020200 0.025400 0.018900 0.033600 0.014700 0.016800 0.018000 0.016800 0.019500 0.015700 0.032000 0.026500 0.015700 0.028600 0.028100 0.018400 0.018000 0.000000 0.018400 0.017300 0.024400 0.020200 0.021700
Impala 0.017900 0.070600 0.020900 0.065700 0.018600 0.017300 0.020200 0.023200 0.019300 0.026600 0.013100 0.016800 0.021100 0.017400 0.020000 0.016300 0.030500 0.031300 0.018900 0.018800 0.020100 0.017900 0.026100 0.027100 0.014700 0.020000 0.015800 0.018200 0.018400 0.019800 0.025000 0.016300 0.037600 0.015800 0.016300 0.016800 0.015200 0.019500 0.023900 0.030400 0.026100 0.021100 0.028700 0.026600 0.016300 0.017100 0.018400 0.000000 0.018400 0.023800 0.019800 0.021400
Klipspring 0.017300 0.074000 0.021100 0.067900 0.016800 0.016800 0.019000 0.021600 0.018400 0.023700 0.012600 0.018400 0.017900 0.016800 0.018300 0.016200 0.028600 0.030700 0.018400 0.019500 0.017400 0.017300 0.023200 0.025300 0.014100 0.018300 0.014200 0.018400 0.016800 0.020500 0.022100 0.017300 0.034300 0.014200 0.017400 0.017300 0.014700 0.016800 0.022600 0.028500 0.023200 0.018400 0.026400 0.024800 0.016800 0.016900 0.017300 0.018400 0.000000 0.020100 0.020000 0.020500
ForestMusk 0.024900 0.072400 0.025700 0.067000 0.023300 0.024400 0.026000 0.027200 0.023900 0.022300 0.020100 0.022800 0.026000 0.023300 0.026600 0.023800 0.028700 0.029200 0.024000 0.023300 0.026100 0.024100 0.021800 0.025000 0.021700 0.025400 0.021700 0.022800 0.024300 0.024500 0.020700 0.022800 0.031600 0.021700 0.023800 0.020900 0.022400 0.023300 0.029900 0.028700 0.022900 0.025400 0.025000 0.024500 0.020200 0.021300 0.024400 0.023800 0.020100 0.000000 0.024400 0.026100
Bushbuck 0.019000 0.073000 0.008500 0.067600 0.018500 0.018400 0.021600 0.024400 0.005800 0.024300 0.015200 0.015800 0.022200 0.020000 0.022700 0.020500 0.026400 0.028600 0.020000 0.005800 0.020700 0.020000 0.023800 0.025400 0.015800 0.022700 0.016800 0.005200 0.020500 0.005800 0.022700 0.018500 0.035300 0.016800 0.018900 0.015800 0.017400 0.021100 0.027100 0.028600 0.023700 0.023700 0.027000 0.025400 0.015200 0.020200 0.020200 0.019800 0.020000 0.024400 0.000000 0.005700
GreaterKud 0.019500 0.075400 0.009000 0.069300 0.020100 0.020000 0.022100 0.026200 0.006300 0.025900 0.016800 0.017400 0.023700 0.021600 0.023300 0.022100 0.028000 0.030200 0.021600 0.008400 0.021200 0.021600 0.025300 0.026900 0.017300 0.023700 0.018400 0.005700 0.022600 0.007300 0.024300 0.020100 0.037100 0.018400 0.019500 0.016900 0.018900 0.022700 0.028700 0.030200 0.025300 0.025300 0.028500 0.027000 0.016800 0.021800 0.021700 0.021400 0.020500 0.026100 0.005700 0.000000
