1
52 1
Argali 0.000000 0.099000 0.029600 0.096400 0.015800 0.003000 0.014200 0.019600 0.031200 0.036000 0.005200 0.027200 0.011300 0.019600 0.028200 0.016500 0.032200 0.029100 0.009700 0.032700 0.017400 0.011300 0.033600 0.035900 0.008200 0.017400 0.010500 0.032000 0.028100 0.031200 0.040000 0.016600 0.036700 0.012000 0.016600 0.028300 0.006700 0.016600 0.021900 0.041000 0.032000 0.018100 0.038400 0.042200 0.027600 0.018900 0.022000 0.023500 0.023500 0.027600 0.031200 0.031200
LesserMous 0.099000 0.000000 0.106900 0.127200 0.105300 0.099800 0.103700 0.106400 0.110300 0.108000 0.100500 0.104000 0.105400 0.108000 0.115100 0.103200 0.100500 0.098400 0.102900 0.111300 0.102800 0.105700 0.104400 0.106800 0.103800 0.103600 0.104200 0.111700 0.115700 0.110800 0.111600 0.104900 0.110000 0.106100 0.107000 0.109200 0.101600 0.106500 0.107700 0.110600 0.103500 0.102900 0.108900 0.112000 0.108300 0.110400 0.111600 0.109200 0.106500 0.097300 0.110300 0.110400
LesserKudu 0.029600 0.106900 0.000000 0.101400 0.033500 0.029600 0.033400 0.039900 0.006000 0.041400 0.028100 0.028700 0.033600 0.038900 0.045400 0.036500 0.039300 0.034600 0.031900 0.007500 0.034300 0.033500 0.037500 0.039700 0.031900 0.037400 0.032600 0.006700 0.046800 0.006000 0.045400 0.035800 0.042500 0.034200 0.035800 0.029900 0.028800 0.034300 0.042900 0.042200 0.035900 0.039700 0.043800 0.046000 0.029100 0.038200 0.042200 0.039700 0.041900 0.028700 0.006000 0.006000
KillerWhal 0.096400 0.127200 0.101400 0.000000 0.102100 0.096400 0.102900 0.102000 0.105700 0.109600 0.094800 0.097900 0.098900 0.105800 0.110700 0.101100 0.101200 0.098700 0.097100 0.107600 0.098900 0.099400 0.105400 0.105700 0.098000 0.103600 0.097500 0.107100 0.110400 0.105800 0.111500 0.105300 0.106200 0.100100 0.100400 0.100500 0.095900 0.103300 0.107300 0.110400 0.103600 0.104600 0.109600 0.113100 0.099700 0.106200 0.109600 0.107200 0.105300 0.097100 0.105700 0.105800
DefassaWat 0.015800 0.105300 0.033500 0.102100 0.000000 0.015800 0.019600 0.024900 0.035100 0.038400 0.015100 0.032600 0.019700 0.025000 0.032100 0.022100 0.036500 0.034600 0.016600 0.036700 0.022700 0.018900 0.037600 0.038000 0.016600 0.022700 0.018800 0.035800 0.032000 0.035100 0.042400 0.021900 0.041200 0.020400 0.025000 0.033900 0.016600 0.003700 0.028100 0.041500 0.036100 0.024900 0.040700 0.044300 0.033100 0.021200 0.027400 0.028900 0.028500 0.032100 0.035100 0.035100
Sheep 0.003000 0.099800 0.029600 0.096400 0.015800 0.000000 0.014200 0.019600 0.031200 0.036000 0.005200 0.027200 0.011300 0.019600 0.028200 0.016500 0.032200 0.029100 0.009700 0.032700 0.017400 0.011300 0.033600 0.035900 0.008200 0.017400 0.010500 0.031900 0.028100 0.031200 0.040000 0.016600 0.036700 0.012000 0.016600 0.028300 0.006700 0.016600 0.021200 0.041000 0.032000 0.018100 0.038400 0.042200 0.027500 0.018900 0.020500 0.023500 0.023500 0.027600 0.031200 0.031200
MaxwellsDu 0.014200 0.103700 0.033400 0.102900 0.019600 0.014200 0.000000 0.024800 0.034900 0.038300 0.013500 0.031000 0.018100 0.011600 0.032000 0.021800 0.036000 0.032900 0.016500 0.036500 0.022600 0.019600 0.035800 0.039600 0.016500 0.022600 0.017200 0.035700 0.033400 0.034900 0.042300 0.008500 0.041100 0.018800 0.023400 0.031100 0.015000 0.020300 0.028000 0.044500 0.034200 0.024900 0.040600 0.046000 0.030300 0.022900 0.028800 0.024900 0.028000 0.031900 0.034900 0.034900
GazellaPrz 0.019600 0.106400 0.039900 0.102000 0.024900 0.019600 0.024800 0.000000 0.041500 0.046600 0.018800 0.034200 0.023800 0.030300 0.037500 0.018000 0.042100 0.040700 0.021900 0.043100 0.018800 0.025000 0.044300 0.045700 0.021900 0.018800 0.022900 0.040700 0.029500 0.041500 0.050700 0.027200 0.048700 0.024500 0.028400 0.035500 0.020300 0.024100 0.024100 0.052200 0.042700 0.019500 0.049100 0.053700 0.034700 0.029500 0.025000 0.031100 0.031900 0.037800 0.041500 0.041500
MountainNy 0.031200 0.110300 0.006000 0.105700 0.035100 0.031200 0.034900 0.041500 0.000000 0.041400 0.030400 0.030200 0.032000 0.040500 0.047700 0.038100 0.040800 0.036100 0.033400 0.004500 0.037400 0.036600 0.037400 0.039700 0.033500 0.038900 0.031100 0.003700 0.048400 0.003000 0.045400 0.037300 0.041700 0.032700 0.037400 0.031500 0.030300 0.035800 0.044400 0.043700 0.035800 0.041200 0.043800 0.046000 0.030700 0.040000 0.043800 0.041300 0.043500 0.031800 0.003000 0.006000
MuntiacusM 0.036000 0.108000 0.041400 0.109600 0.038400 0.036000 0.038300 0.046600 0.041400 0.000000 0.035200 0.042200 0.038400 0.042300 0.049900 0.043000 0.039400 0.037900 0.037500 0.043000 0.044200 0.041500 0.012000 0.021100 0.038300 0.042300 0.037500 0.042500 0.055000 0.041400 0.003700 0.040100 0.047600 0.039100 0.045400 0.043000 0.036700 0.039400 0.049400 0.027400 0.010500 0.046500 0.002200 0.028800 0.041900 0.043800 0.048800 0.047400 0.047900 0.036800 0.041600 0.043000
goat 0.005200 0.100500 0.028100 0.094800 0.015100 0.005200 0.013500 0.018800 0.030400 0.035200 0.000000 0.026500 0.010600 0.018100 0.027400 0.015800 0.031500 0.028400 0.009000 0.032000 0.016600 0.010500 0.032900 0.035100 0.004500 0.016600 0.009700 0.031200 0.027300 0.030400 0.039200 0.015100 0.036600 0.010500 0.015800 0.027600 0.006000 0.015800 0.021900 0.040200 0.031300 0.017300 0.037600 0.041400 0.026800 0.017700 0.021200 0.022700 0.023500 0.027400 0.030400 0.030400
AfricanBuf 0.027200 0.104000 0.028700 0.097900 0.032600 0.027200 0.031000 0.034200 0.030200 0.042200 0.026500 0.000000 0.031400 0.034900 0.042000 0.033300 0.036400 0.033300 0.029500 0.030200 0.035000 0.031100 0.038100 0.038900 0.029500 0.035000 0.030500 0.029400 0.042800 0.030200 0.046200 0.031800 0.040700 0.032100 0.035300 0.013000 0.026400 0.031800 0.040400 0.042900 0.036500 0.035700 0.044600 0.048400 0.013800 0.034100 0.039800 0.032600 0.037300 0.031200 0.030200 0.030200
Topi 0.011300 0.105400 0.033600 0.098900 0.019700 0.011300 0.018100 0.023800 0.032000 0.038400 0.010600 0.031400 0.000000 0.023600 0.032600 0.020400 0.036200 0.033100 0.013600 0.033600 0.021300 0.016700 0.036000 0.038200 0.013600 0.021300 0.003000 0.033100 0.032100 0.032000 0.042400 0.020500 0.041300 0.006000 0.018100 0.032600 0.012100 0.020800 0.026600 0.043100 0.034400 0.023900 0.040800 0.043000 0.031800 0.022800 0.025900 0.026200 0.028600 0.032100 0.032000 0.033600
CommonDuik 0.019600 0.108000 0.038900 0.105800 0.025000 0.019600 0.011600 0.030300 0.040500 0.042300 0.018100 0.034900 0.023600 0.000000 0.034400 0.027200 0.041700 0.037700 0.021900 0.042100 0.027700 0.023500 0.041400 0.045300 0.021100 0.028100 0.022600 0.041300 0.037100 0.040500 0.046400 0.009000 0.045100 0.023400 0.028800 0.037700 0.020400 0.025700 0.031900 0.048600 0.039800 0.030300 0.044700 0.051700 0.036900 0.025200 0.032800 0.028800 0.033200 0.037500 0.040600 0.040500
Suni 0.028200 0.115100 0.045400 0.110700 0.032100 0.028200 0.032000 0.037500 0.047700 0.049900 0.027400 0.042000 0.032600 0.034400 0.000000 0.035900 0.046100 0.044000 0.028900 0.049400 0.035300 0.031300 0.050100 0.050900 0.029000 0.036800 0.031600 0.047000 0.043900 0.047800 0.052300 0.034400 0.053500 0.033200 0.036500 0.043400 0.028900 0.032900 0.040100 0.055700 0.048600 0.035900 0.052300 0.057300 0.042500 0.036000 0.041600 0.035200 0.037700 0.044200 0.047700 0.047800
Springbuck 0.016500 0.103200 0.036500 0.101100 0.022100 0.016500 0.021800 0.018000 0.038100 0.043000 0.015800 0.033300 0.020400 0.027200 0.035900 0.000000 0.038200 0.036700 0.018800 0.039600 0.015800 0.021900 0.040600 0.043600 0.018800 0.011200 0.019500 0.038800 0.016800 0.038100 0.047000 0.024100 0.045000 0.021100 0.025700 0.034500 0.017300 0.022800 0.018000 0.048500 0.039000 0.013400 0.045300 0.050000 0.033700 0.024900 0.020400 0.031100 0.030400 0.034300 0.038100 0.038100
Okapi 0.032200 0.100500 0.039300 0.101200 0.036500 0.032200 0.036000 0.042100 0.040800 0.039400 0.031500 0.036400 0.036200 0.041700 0.046100 0.038200 0.000000 0.019900 0.034500 0.042500 0.037800 0.034600 0.038700 0.039300 0.033000 0.039300 0.035300 0.042100 0.048800 0.040900 0.043500 0.038500 0.040700 0.035400 0.041700 0.037600 0.033400 0.038900 0.043200 0.044900 0.037200 0.041900 0.041800 0.047200 0.036800 0.039300 0.045700 0.044400 0.041300 0.034600 0.040800 0.040900
Giraffe 0.029100 0.098400 0.034600 0.098700 0.034600 0.029100 0.032900 0.040700 0.036100 0.037900 0.028400 0.033300 0.033100 0.037700 0.044000 0.036700 0.019900 0.000000 0.031400 0.037700 0.037800 0.033000 0.033900 0.036200 0.030700 0.037700 0.032200 0.037400 0.047200 0.036200 0.041900 0.035400 0.036000 0.032200 0.036900 0.034500 0.025200 0.035700 0.041700 0.041800 0.032300 0.040400 0.040200 0.043200 0.033700 0.036100 0.044100 0.041300 0.039700 0.028400 0.036100 0.036200
TibetanAnt 0.009700 0.102900 0.031900 0.097100 0.016600 0.009700 0.016500 0.021900 0.033400 0.037500 0.009000 0.029500 0.013600 0.021900 0.028900 0.018800 0.034500 0.031400 0.000000 0.035000 0.019600 0.015100 0.035900 0.038200 0.012000 0.019600 0.012700 0.034200 0.030400 0.033500 0.041500 0.018800 0.039600 0.014300 0.018800 0.030700 0.010500 0.017300 0.025000 0.041700 0.034300 0.021900 0.039900 0.044500 0.029900 0.019600 0.025800 0.025700 0.026600 0.030400 0.033400 0.033600
Sitatunga 0.032700 0.111300 0.007500 0.107600 0.036700 0.032700 0.036500 0.043100 0.004500 0.043000 0.032000 0.030200 0.033600 0.042100 0.049400 0.039600 0.042500 0.037700 0.035000 0.000000 0.039000 0.038200 0.039000 0.041300 0.035000 0.040500 0.032700 0.003700 0.050000 0.003000 0.047000 0.038900 0.044000 0.034200 0.039000 0.031500 0.031900 0.037400 0.046000 0.045300 0.037400 0.042800 0.045400 0.047600 0.031500 0.041700 0.045400 0.042900 0.045100 0.033400 0.004500 0.007400
Oribi 0.017400 0.102800 0.034300 0.098900 0.022700 0.017400 0.022600 0.018800 0.037400 0.044200 0.016600 0.035000 0.021300 0.027700 0.035300 0.015800 0.037800 0.037800 0.019600 0.039000 0.000000 0.021200 0.041900 0.044900 0.019700 0.015100 0.020400 0.038200 0.027000 0.037500 0.048300 0.025000 0.045900 0.021900 0.026600 0.036200 0.017400 0.023500 0.021900 0.046600 0.040200 0.017300 0.046600 0.050500 0.035400 0.027300 0.022800 0.032000 0.029700 0.035200 0.037400 0.037500
BarbaryShe 0.011300 0.105700 0.033500 0.099400 0.018900 0.011300 0.019600 0.025000 0.036600 0.041500 0.010500 0.031100 0.016700 0.023500 0.031300 0.021900 0.034600 0.033000 0.015100 0.038200 0.021200 0.000000 0.039100 0.039800 0.010500 0.022700 0.015800 0.037400 0.030400 0.036700 0.045500 0.020400 0.041300 0.015800 0.021900 0.032300 0.012000 0.021200 0.026500 0.041800 0.037600 0.023400 0.043900 0.046200 0.033000 0.021200 0.027400 0.027300 0.028100 0.030500 0.036600 0.036600
Daviddeer 0.033600 0.104400 0.037500 0.105400 0.037600 0.033600 0.035800 0.044300 0.037400 0.012000 0.032900 0.038100 0.036000 0.041400 0.050100 0.040600 0.038700 0.033900 0.035900 0.039000 0.041900 0.039100 0.000000 0.017300 0.035900 0.039900 0.035100 0.038600 0.051000 0.037500 0.015900 0.037700 0.043600 0.036700 0.041500 0.038900 0.032800 0.038600 0.047000 0.023500 0.003000 0.044100 0.014300 0.025000 0.037800 0.042200 0.046400 0.045000 0.045500 0.032800 0.037700 0.039000
Reindeer 0.035900 0.106800 0.039700 0.105700 0.038000 0.035900 0.039600 0.045700 0.039700 0.021100 0.035100 0.038900 0.038200 0.045300 0.050900 0.043600 0.039300 0.036200 0.038200 0.041300 0.044900 0.039800 0.017300 0.000000 0.036600 0.042900 0.037300 0.040800 0.052500 0.039700 0.025000 0.041500 0.045100 0.038900 0.043700 0.039600 0.035000 0.040300 0.050000 0.016500 0.015900 0.047200 0.023400 0.012000 0.038500 0.044100 0.049400 0.046400 0.046200 0.035100 0.039900 0.041300
Ibex 0.008200 0.103800 0.031900 0.098000 0.016600 0.008200 0.016500 0.021900 0.033500 0.038300 0.004500 0.029500 0.013600 0.021100 0.029000 0.018800 0.033000 0.030700 0.012000 0.035000 0.019700 0.010500 0.035900 0.036600 0.000000 0.019600 0.012700 0.034200 0.028800 0.033500 0.042300 0.018100 0.039600 0.013500 0.018900 0.029100 0.009000 0.018900 0.025000 0.041700 0.034400 0.020300 0.040700 0.042100 0.029900 0.021100 0.024300 0.025700 0.025000 0.030500 0.033500 0.033500
GyrantGaze 0.017400 0.103600 0.037400 0.103600 0.022700 0.017400 0.022600 0.018800 0.038900 0.042300 0.016600 0.035000 0.021300 0.028100 0.036800 0.011200 0.039300 0.037700 0.019600 0.040500 0.015100 0.022700 0.039900 0.042900 0.019600 0.000000 0.020400 0.039700 0.022600 0.039000 0.046300 0.025000 0.046000 0.021900 0.025000 0.036200 0.018100 0.023400 0.020400 0.044700 0.038300 0.006700 0.044700 0.049300 0.034900 0.027300 0.022700 0.032000 0.030900 0.036700 0.039000 0.039000
Hartebeest 0.010500 0.104200 0.032600 0.097500 0.018800 0.010500 0.017200 0.022900 0.031100 0.037500 0.009700 0.030500 0.003000 0.022600 0.031600 0.019500 0.035300 0.032200 0.012700 0.032700 0.020400 0.015800 0.035100 0.037300 0.012700 0.020400 0.000000 0.032200 0.031100 0.031100 0.041500 0.019600 0.040400 0.004500 0.016500 0.031700 0.011200 0.019900 0.025700 0.042200 0.033500 0.023000 0.039800 0.043600 0.030900 0.021900 0.025000 0.025300 0.026900 0.031200 0.031100 0.032700
Bongo 0.032000 0.111700 0.006700 0.107100 0.035800 0.031900 0.035700 0.040700 0.003700 0.042500 0.031200 0.029400 0.033100 0.041300 0.047000 0.038800 0.042100 0.037400 0.034200 0.003700 0.038200 0.037400 0.038600 0.040800 0.034200 0.039700 0.032200 0.000000 0.049200 0.002200 0.046600 0.038100 0.043600 0.033800 0.038600 0.030700 0.031100 0.035000 0.045200 0.044900 0.037000 0.040400 0.044900 0.047200 0.029900 0.040800 0.044600 0.040500 0.042700 0.032900 0.003700 0.006700
Gerenuk 0.028100 0.115700 0.046800 0.110400 0.032000 0.028100 0.033400 0.029500 0.048400 0.055000 0.027300 0.042800 0.032100 0.037100 0.043900 0.016800 0.048800 0.047200 0.030400 0.050000 0.027000 0.030400 0.051000 0.052500 0.028800 0.022600 0.031100 0.049200 0.000000 0.048400 0.059200 0.034300 0.053500 0.032700 0.035900 0.045600 0.027300 0.034300 0.030600 0.055800 0.049500 0.024900 0.057500 0.058900 0.044800 0.036600 0.033100 0.041300 0.040600 0.046200 0.048400 0.048400
CommonElan 0.031200 0.110800 0.006000 0.105800 0.035100 0.031200 0.034900 0.041500 0.003000 0.041400 0.030400 0.030200 0.032000 0.040500 0.047800 0.038100 0.040900 0.036200 0.033500 0.003000 0.037500 0.036700 0.037500 0.039700 0.033500 0.039000 0.031100 0.002200 0.048400 0.000000 0.045500 0.037400 0.042500 0.032700 0.037400 0.031500 0.030400 0.035900 0.044500 0.043800 0.035900 0.041300 0.043800 0.046100 0.030700 0.040100 0.043800 0.041300 0.043500 0.031800 0.003000 0.006000
MuntiacusR 0.040000 0.111600 0.045400 0.111500 0.042400 0.040000 0.042300 0.050700 0.045400 0.003700 0.039200 0.046200 0.042400 0.046400 0.052300 0.047000 0.043500 0.041900 0.041500 0.047000 0.048300 0.045500 0.015900 0.025000 0.042300 0.046300 0.041500 0.046600 0.059200 0.045500 0.000000 0.044200 0.050900 0.043100 0.049500 0.047000 0.040700 0.043500 0.052800 0.031300 0.014300 0.049000 0.004500 0.032400 0.045900 0.047800 0.052800 0.049900 0.052000 0.040800 0.045700 0.047000
HarveysDui 0.016600 0.104900 0.035800 0.105300 0.021900 0.016600 0.008500 0.027200 0.037300 0.040100 0.015100 0.031800 0.020500 0.009000 0.034400 0.024100 0.038500 0.035400 0.018800 0.038900 0.025000 0.020400 0.037700 0.041500 0.018100 0.025000 0.019600 0.038100 0.034300 0.037400 0.044200 0.000000 0.043600 0.020300 0.025700 0.034600 0.017300 0.022700 0.030400 0.044800 0.036100 0.027200 0.042500 0.047900 0.033800 0.022100 0.031200 0.025000 0.030400 0.034300 0.037300 0.037400
Pronghorn 0.036700 0.110000 0.042500 0.106200 0.041200 0.036700 0.041100 0.048700 0.041700 0.047600 0.036600 0.040700 0.041300 0.045100 0.053500 0.045000 0.040700 0.036000 0.039600 0.044000 0.045900 0.041300 0.043600 0.045100 0.039600 0.046000 0.040400 0.043600 0.053500 0.042500 0.050900 0.043600 0.000000 0.040400 0.045200 0.041900 0.036500 0.042300 0.048100 0.050900 0.042000 0.047800 0.050000 0.053800 0.041100 0.042800 0.051600 0.049400 0.047900 0.035800 0.042400 0.044000
BlueWildeb 0.012000 0.106100 0.034200 0.100100 0.020400 0.012000 0.018800 0.024500 0.032700 0.039100 0.010500 0.032100 0.006000 0.023400 0.033200 0.021100 0.035400 0.032200 0.014300 0.034200 0.021900 0.015800 0.036700 0.038900 0.013500 0.021900 0.004500 0.033800 0.032700 0.032700 0.043100 0.020300 0.040400 0.000000 0.018100 0.033300 0.012700 0.021500 0.025700 0.043800 0.035100 0.024500 0.041500 0.045300 0.032500 0.021500 0.026600 0.026900 0.029300 0.032800 0.032700 0.034200
Gemsbok 0.016600 0.107000 0.035800 0.100400 0.025000 0.016600 0.023400 0.028400 0.037400 0.045400 0.015800 0.035300 0.018100 0.028800 0.036500 0.025700 0.041700 0.036900 0.018800 0.039000 0.026600 0.021900 0.041500 0.043700 0.018900 0.025000 0.016500 0.038600 0.035900 0.037400 0.049500 0.025700 0.045200 0.018100 0.000000 0.036500 0.015800 0.026200 0.031900 0.048600 0.039800 0.027600 0.047800 0.050100 0.035700 0.028100 0.032800 0.033100 0.034000 0.035900 0.037400 0.037400
Yak 0.028300 0.109200 0.029900 0.100500 0.033900 0.028300 0.031100 0.035500 0.031500 0.043000 0.027600 0.013000 0.032600 0.037700 0.043400 0.034500 0.037600 0.034500 0.030700 0.031500 0.036200 0.032300 0.038900 0.039600 0.029100 0.036200 0.031700 0.030700 0.045600 0.031500 0.047000 0.034600 0.041900 0.033300 0.036500 0.000000 0.027500 0.033000 0.041700 0.045300 0.037300 0.036900 0.045400 0.049200 0.003700 0.036900 0.041000 0.036900 0.038600 0.032400 0.031400 0.031500
BlueSheep 0.006700 0.101600 0.028800 0.095900 0.016600 0.006700 0.015000 0.020300 0.030300 0.036700 0.006000 0.026400 0.012100 0.020400 0.028900 0.017300 0.033400 0.025200 0.010500 0.031900 0.017400 0.012000 0.032800 0.035000 0.009000 0.018100 0.011200 0.031100 0.027300 0.030400 0.040700 0.017300 0.036500 0.012700 0.015800 0.027500 0.000000 0.017300 0.023400 0.040100 0.031200 0.018800 0.039100 0.041600 0.026700 0.019600 0.022700 0.024200 0.025000 0.027300 0.030300 0.030300
BohorReedb 0.016600 0.106500 0.034300 0.103300 0.003700 0.016600 0.020300 0.024100 0.035800 0.039400 0.015800 0.031800 0.020800 0.025700 0.032900 0.022800 0.038900 0.035700 0.017300 0.037400 0.023500 0.021200 0.038600 0.040300 0.018900 0.023400 0.019900 0.035000 0.034300 0.035900 0.043500 0.022700 0.042300 0.021500 0.026200 0.033000 0.017300 0.000000 0.028800 0.043800 0.037000 0.024200 0.041800 0.046700 0.032300 0.020400 0.028100 0.028100 0.028900 0.033100 0.035800 0.035800
KirksDik 0.021900 0.107700 0.042900 0.107300 0.028100 0.021200 0.028000 0.024100 0.044400 0.049400 0.021900 0.040400 0.026600 0.031900 0.040100 0.018000 0.043200 0.041700 0.025000 0.046000 0.021900 0.026500 0.047000 0.050000 0.025000 0.020400 0.025700 0.045200 0.030600 0.044500 0.052800 0.030400 0.048100 0.025700 0.031900 0.041700 0.023400 0.028800 0.000000 0.052600 0.045300 0.021300 0.051800 0.056500 0.040900 0.031100 0.023500 0.037400 0.036700 0.042300 0.044400 0.044400
RoeDeer 0.041000 0.110600 0.042200 0.110400 0.041500 0.041000 0.044500 0.052200 0.043700 0.027400 0.040200 0.042900 0.043100 0.048600 0.055700 0.048500 0.044900 0.041800 0.041700 0.045300 0.046600 0.041800 0.023500 0.016500 0.041700 0.044700 0.042200 0.044900 0.055800 0.043800 0.031300 0.044800 0.050900 0.043800 0.048600 0.045300 0.040100 0.043800 0.052600 0.000000 0.022100 0.050500 0.029700 0.024200 0.044200 0.045800 0.054400 0.052100 0.051100 0.038600 0.044000 0.045300
WhiteLippe 0.032000 0.103500 0.035900 0.103600 0.036100 0.032000 0.034200 0.042700 0.035800 0.010500 0.031300 0.036500 0.034400 0.039800 0.048600 0.039000 0.037200 0.032300 0.034300 0.037400 0.040200 0.037600 0.003000 0.015900 0.034400 0.038300 0.033500 0.037000 0.049500 0.035900 0.014300 0.036100 0.042000 0.035100 0.039800 0.037300 0.031200 0.037000 0.045300 0.022100 0.000000 0.042500 0.012800 0.023600 0.036200 0.040600 0.044700 0.043300 0.044000 0.031200 0.036100 0.037400
ThomsonGaz 0.018100 0.102900 0.039700 0.104600 0.024900 0.018100 0.024900 0.019500 0.041200 0.046500 0.017300 0.035700 0.023900 0.030300 0.035900 0.013400 0.041900 0.040400 0.021900 0.042800 0.017300 0.023400 0.044100 0.047200 0.020300 0.006700 0.023000 0.040400 0.024900 0.041300 0.049000 0.027200 0.047800 0.024500 0.027600 0.036900 0.018800 0.024200 0.021300 0.050500 0.042500 0.000000 0.048900 0.053600 0.036100 0.029600 0.023400 0.031100 0.032000 0.039300 0.041200 0.041200
MuntiacusC 0.038400 0.108900 0.043800 0.109600 0.040700 0.038400 0.040600 0.049100 0.043800 0.002200 0.037600 0.044600 0.040800 0.044700 0.052300 0.045300 0.041800 0.040200 0.039900 0.045400 0.046600 0.043900 0.014300 0.023400 0.040700 0.044700 0.039800 0.044900 0.057500 0.043800 0.004500 0.042500 0.050000 0.041500 0.047800 0.045400 0.039100 0.041800 0.051800 0.029700 0.012800 0.048900 0.000000 0.031200 0.044300 0.046200 0.050400 0.049900 0.050400 0.039100 0.044000 0.045400
WhiteTaile 0.042200 0.112000 0.046000 0.113100 0.044300 0.042200 0.046000 0.053700 0.046000 0.028800 0.041400 0.048400 0.043000 0.051700 0.057300 0.050000 0.047200 0.043200 0.044500 0.047600 0.050500 0.046200 0.025000 0.012000 0.042100 0.049300 0.043600 0.047200 0.058900 0.046100 0.032400 0.047900 0.053800 0.045300 0.050100 0.049200 0.041600 0.046700 0.056500 0.024200 0.023600 0.053600 0.031200 0.000000 0.048100 0.050500 0.055900 0.053600 0.052600 0.042300 0.046300 0.047600
Cattle 0.027600 0.108300 0.029100 0.099700 0.033100 0.027500 0.030300 0.034700 0.030700 0.041900 0.026800 0.013800 0.031800 0.036900 0.042500 0.033700 0.036800 0.033700 0.029900 0.031500 0.035400 0.033000 0.037800 0.038500 0.029900 0.034900 0.030900 0.029900 0.044800 0.030700 0.045900 0.033800 0.041100 0.032500 0.035700 0.003700 0.026700 0.032300 0.040900 0.044200 0.036200 0.036100 0.044300 0.048100 0.000000 0.036100 0.040200 0.036100 0.036200 0.031600 0.030600 0.030700
RoyalAntel 0.018900 0.110400 0.038200 0.106200 0.021200 0.018900 0.022900 0.029500 0.040000 0.043800 0.017700 0.034100 0.022800 0.025200 0.036000 0.024900 0.039300 0.036100 0.019600 0.041700 0.027300 0.021200 0.042200 0.044100 0.021100 0.027300 0.021900 0.040800 0.036600 0.040100 0.047800 0.022100 0.042800 0.021500 0.028100 0.036900 0.019600 0.020400 0.031100 0.045800 0.040600 0.029600 0.046200 0.050500 0.036100 0.000000 0.033600 0.029600 0.032400 0.036700 0.040000 0.040100
Steenbok 0.022000 0.111600 0.042200 0.109600 0.027400 0.020500 0.028800 0.025000 0.043800 0.048800 0.021200 0.039800 0.025900 0.032800 0.041600 0.020400 0.045700 0.044100 0.025800 0.045400 0.022800 0.027400 0.046400 0.049400 0.024300 0.022700 0.025000 0.044600 0.033100 0.043800 0.052800 0.031200 0.051600 0.026600 0.032800 0.041000 0.022700 0.028100 0.023500 0.054400 0.044700 0.023400 0.050400 0.055900 0.040200 0.033600 0.000000 0.036000 0.037600 0.041600 0.043800 0.043800
Impala 0.023500 0.109200 0.039700 0.107200 0.028900 0.023500 0.024900 0.031100 0.041300 0.047400 0.022700 0.032600 0.026200 0.028800 0.035200 0.031100 0.044400 0.041300 0.025700 0.042900 0.032000 0.027300 0.045000 0.046400 0.025700 0.032000 0.025300 0.040500 0.041300 0.041300 0.049900 0.025000 0.049400 0.026900 0.033100 0.036900 0.024200 0.028100 0.037400 0.052100 0.043300 0.031100 0.049900 0.053600 0.036100 0.029600 0.036000 0.000000 0.034300 0.040200 0.041300 0.041300
Klipspring 0.023500 0.106500 0.041900 0.105300 0.028500 0.023500 0.028000 0.031900 0.043500 0.047900 0.023500 0.037300 0.028600 0.033200 0.037700 0.030400 0.041300 0.039700 0.026600 0.045100 0.029700 0.028100 0.045500 0.046200 0.025000 0.030900 0.026900 0.042700 0.040600 0.043500 0.052000 0.030400 0.047900 0.029300 0.034000 0.038600 0.025000 0.028900 0.036700 0.051100 0.044000 0.032000 0.050400 0.052600 0.036200 0.032400 0.037600 0.034300 0.000000 0.037800 0.043400 0.042700
ForestMusk 0.027600 0.097300 0.028700 0.097100 0.032100 0.027600 0.031900 0.037800 0.031800 0.036800 0.027400 0.031200 0.032100 0.037500 0.044200 0.034300 0.034600 0.028400 0.030400 0.033400 0.035200 0.030500 0.032800 0.035100 0.030500 0.036700 0.031200 0.032900 0.046200 0.031800 0.040800 0.034300 0.035800 0.032800 0.035900 0.032400 0.027300 0.033100 0.042300 0.038600 0.031200 0.039300 0.039100 0.042300 0.031600 0.036700 0.041600 0.040200 0.037800 0.000000 0.031700 0.031800
Bushbuck 0.031200 0.110300 0.006000 0.105700 0.035100 0.031200 0.034900 0.041500 0.003000 0.041600 0.030400 0.030200 0.032000 0.040600 0.047700 0.038100 0.040800 0.036100 0.033400 0.004500 0.037400 0.036600 0.037700 0.039900 0.033500 0.039000 0.031100 0.003700 0.048400 0.003000 0.045700 0.037300 0.042400 0.032700 0.037400 0.031400 0.030300 0.035800 0.044400 0.044000 0.036100 0.041200 0.044000 0.046300 0.030600 0.040000 0.043800 0.041300 0.043400 0.031700 0.000000 0.006000
GreaterKud 0.031200 0.110400 0.006000 0.105800 0.035100 0.031200 0.034900 0.041500 0.006000 0.043000 0.030400 0.030200 0.033600 0.040500 0.047800 0.038100 0.040900 0.036200 0.033600 0.007400 0.037500 0.036600 0.039000 0.041300 0.033500 0.039000 0.032700 0.006700 0.048400 0.006000 0.047000 0.037400 0.044000 0.034200 0.037400 0.031500 0.030300 0.035800 0.044400 0.045300 0.037400 0.041200 0.045400 0.047600 0.030700 0.040100 0.043800 0.041300 0.042700 0.031800 0.006000 0.000000
