CODONML (in paml version 4.10.7, June 2023)  /home/rachel/ruminants_paml/6406-phy-tree/ENSBTAT00000021449.fasta.phy
Model: free dN/dS Ratios for branches,  kappa = 2.000 fixed

Codon frequency model: F3x4
ns =  54  ls =  36

Codon usage in sequences
--------------------------------------------------------------------------------------------------------------------------------------
Phe TTT   1   1   1   1   0   1 | Ser TCT   0   0   0   0   0   0 | Tyr TAT   0   0   0   0   0   0 | Cys TGT   0   0   0   0   0   0
    TTC   0   0   0   0   1   0 |     TCC   2   2   2   2   1   1 |     TAC   0   0   0   0   0   0 |     TGC   0   0   0   0   0   0
Leu TTA   0   0   0   0   0   0 |     TCA   0   0   0   0   0   0 | *** TAA   0   0   0   0   0   0 | *** TGA   0   0   0   0   0   0
    TTG   0   0   0   0   0   0 |     TCG   0   0   0   0   0   0 |     TAG   0   0   0   0   0   0 | Trp TGG   0   0   0   0   0   0
--------------------------------------------------------------------------------------------------------------------------------------
Leu CTT   0   0   0   0   0   0 | Pro CCT   0   0   0   0   0   0 | His CAT   0   1   0   0   0   0 | Arg CGT   0   0   0   0   0   0
    CTC   2   2   2   2   1   2 |     CCC   0   0   0   0   1   1 |     CAC   0   0   0   0   0   0 |     CGC   0   0   0   0   0   0
    CTA   0   0   0   0   0   0 |     CCA   0   0   0   0   0   0 | Gln CAA   0   0   0   0   1   0 |     CGA   0   0   0   0   0   0
    CTG   1   1   1   1   2   1 |     CCG   0   0   0   0   0   0 |     CAG   5   4   5   5   4   5 |     CGG   0   0   0   0   0   0
--------------------------------------------------------------------------------------------------------------------------------------
Ile ATT   1   1   1   0   1   1 | Thr ACT   1   0   0   0   0   1 | Asn AAT   1   0   1   0   0   0 | Ser AGT   0   0   0   0   0   0
    ATC   1   1   1   1   1   1 |     ACC   0   1   1   1   1   1 |     AAC   0   1   0   1   1   1 |     AGC   0   0   0   0   0   0
    ATA   0   0   0   0   0   0 |     ACA   0   0   0   0   0   0 | Lys AAA   0   0   0   0   0   0 | Arg AGA   0   0   0   0   0   0
Met ATG   1   1   1   1   1   1 |     ACG   1   1   1   1   1   0 |     AAG   1   1   1   1   1   1 |     AGG   1   1   1   1   1   1
--------------------------------------------------------------------------------------------------------------------------------------
Val GTT   0   1   0   1   0   1 | Ala GCT   1   1   0   0   1   0 | Asp GAT   0   2   1   1   2   0 | Gly GGT   0   0   0   0   0   0
    GTC   2   2   2   2   3   2 |     GCC   1   1   2   2   1   2 |     GAC   4   2   3   3   2   4 |     GGC   1   1   1   1   2   1
    GTA   0   0   0   0   0   0 |     GCA   0   0   0   0   0   0 | Glu GAA   2   2   2   2   2   2 |     GGA   2   2   2   2   0   2
    GTG   1   0   1   1   0   0 |     GCG   0   0   0   0   0   0 |     GAG   3   3   3   3   3   3 |     GGG   0   0   0   0   1   0
--------------------------------------------------------------------------------------------------------------------------------------

--------------------------------------------------------------------------------------------------------------------------------------
Phe TTT   1   1   1   1   1   1 | Ser TCT   0   0   0   0   0   0 | Tyr TAT   0   0   0   0   0   0 | Cys TGT   0   0   0   0   0   0
    TTC   0   0   0   0   0   0 |     TCC   2   2   2   2   2   2 |     TAC   0   0   0   0   0   0 |     TGC   0   0   0   0   0   0
Leu TTA   0   0   0   0   0   0 |     TCA   0   0   0   0   0   0 | *** TAA   0   0   0   0   0   0 | *** TGA   0   0   0   0   0   0
    TTG   0   0   0   0   0   0 |     TCG   0   0   0   0   0   0 |     TAG   0   0   0   0   0   0 | Trp TGG   0   0   0   0   0   0
--------------------------------------------------------------------------------------------------------------------------------------
Leu CTT   1   0   0   0   0   0 | Pro CCT   0   0   0   0   0   0 | His CAT   0   0   0   0   0   0 | Arg CGT   0   0   0   0   0   0
    CTC   1   2   2   2   2   1 |     CCC   0   0   0   0   0   0 |     CAC   0   0   0   0   0   0 |     CGC   0   0   0   0   0   0
    CTA   0   0   0   0   0   0 |     CCA   0   0   0   0   0   0 | Gln CAA   0   0   0   0   0   0 |     CGA   0   0   0   0   0   0
    CTG   1   1   1   1   1   2 |     CCG   0   0   0   0   0   0 |     CAG   5   5   5   5   5   5 |     CGG   0   0   0   0   0   0
--------------------------------------------------------------------------------------------------------------------------------------
Ile ATT   1   1   1   1   1   0 | Thr ACT   0   1   0   0   0   0 | Asn AAT   0   1   1   1   1   1 | Ser AGT   0   0   0   0   0   0
    ATC   1   1   1   1   1   1 |     ACC   1   0   1   1   1   1 |     AAC   1   0   0   0   0   0 |     AGC   0   0   0   0   0   0
    ATA   0   0   0   0   0   0 |     ACA   0   0   0   0   0   0 | Lys AAA   0   0   0   0   0   1 | Arg AGA   0   0   0   1   0   0
Met ATG   1   1   1   1   1   1 |     ACG   1   1   1   1   1   1 |     AAG   1   1   1   1   1   0 |     AGG   1   1   1   0   1   1
--------------------------------------------------------------------------------------------------------------------------------------
Val GTT   0   0   0   0   0   1 | Ala GCT   1   1   0   0   0   0 | Asp GAT   1   0   0   0   1   1 | Gly GGT   0   0   0   0   0   0
    GTC   2   2   2   2   2   2 |     GCC   1   1   1   2   2   2 |     GAC   3   4   4   4   3   3 |     GGC   1   1   1   1   1   1
    GTA   0   0   0   0   0   0 |     GCA   0   0   0   0   0   0 | Glu GAA   2   2   2   2   2   1 |     GGA   2   2   2   2   2   1
    GTG   1   1   1   1   1   1 |     GCG   0   0   1   0   0   0 |     GAG   3   3   3   3   3   4 |     GGG   0   0   0   0   0   1
--------------------------------------------------------------------------------------------------------------------------------------

--------------------------------------------------------------------------------------------------------------------------------------
Phe TTT   1   1   1   1   1   1 | Ser TCT   0   0   0   0   0   0 | Tyr TAT   0   0   0   0   0   0 | Cys TGT   0   0   0   0   0   0
    TTC   0   0   0   0   0   0 |     TCC   2   2   2   2   2   2 |     TAC   0   0   0   0   0   0 |     TGC   0   0   0   0   0   0
Leu TTA   0   0   0   0   0   0 |     TCA   0   0   0   0   0   0 | *** TAA   0   0   0   0   0   0 | *** TGA   0   0   0   0   0   0
    TTG   0   0   0   0   0   0 |     TCG   0   0   0   0   0   0 |     TAG   0   0   0   0   0   0 | Trp TGG   0   0   0   0   0   0
--------------------------------------------------------------------------------------------------------------------------------------
Leu CTT   0   0   0   0   0   0 | Pro CCT   0   0   0   0   0   0 | His CAT   0   0   0   0   0   0 | Arg CGT   0   0   0   0   0   0
    CTC   2   2   2   2   2   2 |     CCC   0   0   0   0   0   0 |     CAC   0   0   0   0   0   0 |     CGC   0   0   0   0   0   0
    CTA   0   0   1   0   0   0 |     CCA   0   0   0   0   0   0 | Gln CAA   0   0   0   0   0   0 |     CGA   0   0   0   0   0   0
    CTG   1   1   0   1   1   1 |     CCG   0   0   0   0   0   0 |     CAG   5   5   5   5   5   5 |     CGG   0   0   0   0   0   0
--------------------------------------------------------------------------------------------------------------------------------------
Ile ATT   1   1   1   1   1   1 | Thr ACT   0   0   0   0   0   0 | Asn AAT   1   1   1   1   0   1 | Ser AGT   0   0   0   0   0   0
    ATC   1   1   1   1   1   1 |     ACC   1   1   1   1   1   1 |     AAC   0   0   0   0   1   0 |     AGC   0   0   0   0   0   0
    ATA   0   0   0   0   0   0 |     ACA   0   0   1   0   1   0 | Lys AAA   0   0   0   0   0   0 | Arg AGA   0   0   0   0   0   0
Met ATG   1   1   1   1   1   1 |     ACG   1   1   0   1   0   1 |     AAG   1   1   1   1   1   1 |     AGG   1   1   1   1   1   1
--------------------------------------------------------------------------------------------------------------------------------------
Val GTT   0   0   0   0   0   0 | Ala GCT   0   0   1   0   0   0 | Asp GAT   0   1   1   0   1   0 | Gly GGT   0   0   0   0   0   0
    GTC   2   2   2   2   2   2 |     GCC   2   2   1   1   2   2 |     GAC   4   3   3   4   3   4 |     GGC   1   1   1   1   1   1
    GTA   0   0   0   0   0   0 |     GCA   0   0   0   0   0   0 | Glu GAA   2   2   2   2   2   2 |     GGA   2   2   2   2   2   2
    GTG   1   1   1   1   1   1 |     GCG   0   0   0   1   0   0 |     GAG   3   3   3   3   3   3 |     GGG   0   0   0   0   0   0
--------------------------------------------------------------------------------------------------------------------------------------

--------------------------------------------------------------------------------------------------------------------------------------
Phe TTT   1   1   1   1   1   1 | Ser TCT   0   0   0   0   0   0 | Tyr TAT   0   0   0   0   0   0 | Cys TGT   0   0   0   0   0   0
    TTC   0   0   0   0   0   0 |     TCC   2   2   2   2   2   2 |     TAC   0   0   0   0   0   0 |     TGC   0   0   0   0   0   0
Leu TTA   0   0   0   0   0   0 |     TCA   0   0   0   0   0   0 | *** TAA   0   0   0   0   0   0 | *** TGA   0   0   0   0   0   0
    TTG   0   0   0   0   0   0 |     TCG   0   0   0   0   0   0 |     TAG   0   0   0   0   0   0 | Trp TGG   0   0   0   0   0   0
--------------------------------------------------------------------------------------------------------------------------------------
Leu CTT   0   0   0   0   0   0 | Pro CCT   0   0   0   0   0   0 | His CAT   0   0   0   0   0   0 | Arg CGT   0   0   0   0   0   0
    CTC   2   2   2   2   2   2 |     CCC   0   0   0   0   0   0 |     CAC   0   0   0   0   0   0 |     CGC   0   0   0   0   0   0
    CTA   0   0   0   0   0   0 |     CCA   0   0   0   0   0   0 | Gln CAA   0   0   0   0   0   0 |     CGA   0   0   0   0   0   0
    CTG   1   1   1   1   1   1 |     CCG   0   0   0   0   0   0 |     CAG   5   5   5   5   5   5 |     CGG   0   0   0   0   0   0
--------------------------------------------------------------------------------------------------------------------------------------
Ile ATT   0   1   1   1   1   1 | Thr ACT   0   1   0   0   0   0 | Asn AAT   1   1   1   1   1   1 | Ser AGT   0   0   0   0   0   0
    ATC   1   1   1   1   1   1 |     ACC   1   0   1   1   1   1 |     AAC   0   0   0   0   0   0 |     AGC   0   0   0   0   0   0
    ATA   0   0   0   0   0   0 |     ACA   0   0   0   0   0   0 | Lys AAA   0   0   0   0   0   0 | Arg AGA   0   0   0   0   0   0
Met ATG   1   1   1   1   1   1 |     ACG   1   1   1   1   1   1 |     AAG   1   1   1   1   1   1 |     AGG   1   1   1   1   1   1
--------------------------------------------------------------------------------------------------------------------------------------
Val GTT   1   0   0   0   0   0 | Ala GCT   0   0   0   0   0   0 | Asp GAT   1   1   0   1   0   0 | Gly GGT   0   0   0   0   0   0
    GTC   2   2   2   2   2   2 |     GCC   2   2   2   2   2   2 |     GAC   3   3   4   3   4   4 |     GGC   1   1   1   1   1   1
    GTA   0   0   0   0   0   0 |     GCA   0   0   0   0   0   0 | Glu GAA   2   2   2   2   2   2 |     GGA   2   2   2   2   2   2
    GTG   1   1   1   1   1   1 |     GCG   0   0   0   0   0   0 |     GAG   3   3   3   3   3   3 |     GGG   0   0   0   0   0   0
--------------------------------------------------------------------------------------------------------------------------------------

--------------------------------------------------------------------------------------------------------------------------------------
Phe TTT   1   1   1   1   1   1 | Ser TCT   0   0   0   0   0   0 | Tyr TAT   0   0   0   0   0   0 | Cys TGT   0   0   0   0   0   0
    TTC   0   0   0   0   0   0 |     TCC   2   2   2   2   2   2 |     TAC   0   0   0   0   0   0 |     TGC   0   0   0   0   0   0
Leu TTA   0   0   0   0   0   0 |     TCA   0   0   0   0   0   0 | *** TAA   0   0   0   0   0   0 | *** TGA   0   0   0   0   0   0
    TTG   0   0   0   0   0   0 |     TCG   0   0   0   0   0   0 |     TAG   0   0   0   0   0   0 | Trp TGG   0   0   0   0   0   0
--------------------------------------------------------------------------------------------------------------------------------------
Leu CTT   0   0   0   0   0   0 | Pro CCT   0   0   0   0   0   0 | His CAT   0   0   0   0   0   0 | Arg CGT   0   0   0   0   0   0
    CTC   1   1   2   2   2   2 |     CCC   0   0   0   0   0   0 |     CAC   0   0   0   0   0   0 |     CGC   0   0   0   0   0   0
    CTA   0   0   0   0   1   0 |     CCA   0   0   0   0   0   0 | Gln CAA   0   0   0   0   0   0 |     CGA   0   0   0   0   0   0
    CTG   2   2   1   1   0   1 |     CCG   0   0   0   0   0   0 |     CAG   5   5   5   5   5   5 |     CGG   0   0   0   0   0   0
--------------------------------------------------------------------------------------------------------------------------------------
Ile ATT   0   0   1   1   1   1 | Thr ACT   0   0   0   0   0   0 | Asn AAT   1   1   1   1   1   1 | Ser AGT   0   0   0   0   0   0
    ATC   1   1   1   1   1   1 |     ACC   1   1   1   1   1   1 |     AAC   0   0   0   0   0   0 |     AGC   0   0   0   0   0   0
    ATA   0   0   0   0   0   0 |     ACA   0   0   0   0   1   0 | Lys AAA   0   1   0   0   0   0 | Arg AGA   0   0   0   0   0   0
Met ATG   1   1   1   1   1   1 |     ACG   1   1   1   1   0   1 |     AAG   1   0   1   1   1   1 |     AGG   1   1   1   1   1   1
--------------------------------------------------------------------------------------------------------------------------------------
Val GTT   1   1   0   0   0   0 | Ala GCT   0   0   0   0   1   0 | Asp GAT   0   0   1   0   1   1 | Gly GGT   0   0   0   0   0   0
    GTC   2   2   2   2   2   2 |     GCC   2   2   2   2   1   2 |     GAC   4   4   3   4   3   3 |     GGC   1   1   1   1   1   1
    GTA   0   0   0   0   0   0 |     GCA   0   0   0   0   0   0 | Glu GAA   1   1   2   1   2   2 |     GGA   0   1   2   2   2   2
    GTG   1   1   1   1   1   1 |     GCG   0   0   0   0   0   0 |     GAG   4   4   3   4   3   3 |     GGG   2   1   0   0   0   0
--------------------------------------------------------------------------------------------------------------------------------------

--------------------------------------------------------------------------------------------------------------------------------------
Phe TTT   1   1   1   1   1   1 | Ser TCT   0   0   0   0   0   0 | Tyr TAT   0   0   0   0   0   0 | Cys TGT   0   0   0   0   0   0
    TTC   0   0   0   0   0   0 |     TCC   1   2   2   2   2   2 |     TAC   0   0   0   0   0   0 |     TGC   0   0   0   0   0   0
Leu TTA   0   0   0   0   0   0 |     TCA   0   0   0   0   0   0 | *** TAA   0   0   0   0   0   0 | *** TGA   0   0   0   0   0   0
    TTG   0   0   0   0   0   0 |     TCG   0   0   0   0   0   0 |     TAG   0   0   0   0   0   0 | Trp TGG   0   0   0   0   0   0
--------------------------------------------------------------------------------------------------------------------------------------
Leu CTT   0   0   0   0   0   0 | Pro CCT   0   0   0   0   0   0 | His CAT   0   0   0   0   0   0 | Arg CGT   0   0   0   0   0   0
    CTC   2   2   1   2   1   2 |     CCC   1   0   0   0   0   0 |     CAC   0   0   0   0   0   0 |     CGC   0   0   0   0   0   0
    CTA   0   0   0   0   0   1 |     CCA   0   0   0   0   0   0 | Gln CAA   0   0   0   1   0   0 |     CGA   0   0   0   0   0   0
    CTG   1   1   2   1   2   0 |     CCG   0   0   0   0   0   0 |     CAG   5   5   5   4   5   5 |     CGG   0   0   0   0   0   0
--------------------------------------------------------------------------------------------------------------------------------------
Ile ATT   0   1   0   1   0   1 | Thr ACT   0   0   0   0   1   0 | Asn AAT   1   1   1   1   0   1 | Ser AGT   0   0   0   0   0   0
    ATC   2   1   1   1   1   1 |     ACC   2   1   1   1   0   1 |     AAC   0   0   0   0   1   0 |     AGC   0   0   0   0   0   0
    ATA   0   0   0   0   0   0 |     ACA   0   0   0   0   0   1 | Lys AAA   1   0   0   0   0   0 | Arg AGA   0   0   0   0   0   0
Met ATG   1   1   1   1   1   1 |     ACG   1   1   1   1   1   0 |     AAG   0   1   1   1   1   1 |     AGG   1   1   1   1   1   1
--------------------------------------------------------------------------------------------------------------------------------------
Val GTT   0   0   1   0   2   0 | Ala GCT   0   0   0   1   1   1 | Asp GAT   0   1   1   0   2   1 | Gly GGT   0   0   0   0   0   0
    GTC   2   2   2   2   1   2 |     GCC   1   2   2   0   1   1 |     GAC   4   3   3   4   2   3 |     GGC   1   1   1   1   1   1
    GTA   0   0   0   0   0   0 |     GCA   0   0   0   0   0   0 | Glu GAA   2   2   1   1   2   2 |     GGA   2   2   1   2   2   2
    GTG   1   1   1   1   1   1 |     GCG   0   0   0   1   0   0 |     GAG   3   3   4   4   3   3 |     GGG   0   0   1   0   0   0
--------------------------------------------------------------------------------------------------------------------------------------

--------------------------------------------------------------------------------------------------------------------------------------
Phe TTT   1   1   1   1   1   1 | Ser TCT   0   0   0   0   0   0 | Tyr TAT   0   0   0   0   0   0 | Cys TGT   0   0   0   0   0   0
    TTC   0   0   0   0   0   0 |     TCC   2   2   2   2   2   2 |     TAC   0   0   0   0   0   0 |     TGC   0   0   0   0   0   0
Leu TTA   0   0   0   0   0   0 |     TCA   0   0   0   0   0   0 | *** TAA   0   0   0   0   0   0 | *** TGA   0   0   0   0   0   0
    TTG   0   0   0   0   0   0 |     TCG   0   0   0   0   0   0 |     TAG   0   0   0   0   0   0 | Trp TGG   0   0   0   0   0   0
--------------------------------------------------------------------------------------------------------------------------------------
Leu CTT   0   0   1   0   1   0 | Pro CCT   0   0   0   0   0   0 | His CAT   0   0   0   0   0   0 | Arg CGT   0   0   0   0   0   0
    CTC   2   2   1   2   1   1 |     CCC   0   0   0   0   0   0 |     CAC   0   0   0   0   0   0 |     CGC   0   0   0   0   0   0
    CTA   0   0   0   0   0   0 |     CCA   0   0   0   0   0   0 | Gln CAA   0   1   0   0   0   0 |     CGA   0   0   0   0   0   0
    CTG   1   1   1   1   1   2 |     CCG   0   0   0   0   0   0 |     CAG   5   4   5   5   5   5 |     CGG   0   0   0   0   0   0
--------------------------------------------------------------------------------------------------------------------------------------
Ile ATT   1   1   1   1   1   0 | Thr ACT   0   0   0   0   0   0 | Asn AAT   1   1   1   0   1   1 | Ser AGT   0   0   0   0   0   0
    ATC   1   1   1   1   1   1 |     ACC   1   1   1   1   1   2 |     AAC   0   0   0   1   0   0 |     AGC   0   0   0   0   0   0
    ATA   0   0   0   0   0   0 |     ACA   1   0   0   0   1   0 | Lys AAA   0   0   0   0   0   0 | Arg AGA   0   0   0   0   0   0
Met ATG   1   1   1   1   1   1 |     ACG   0   1   1   1   0   0 |     AAG   1   1   1   1   1   1 |     AGG   1   1   1   1   1   1
--------------------------------------------------------------------------------------------------------------------------------------
Val GTT   0   0   0   0   0   2 | Ala GCT   0   1   1   0   0   0 | Asp GAT   0   0   0   1   0   1 | Gly GGT   0   0   0   0   1   0
    GTC   2   2   2   2   2   2 |     GCC   2   1   1   2   2   2 |     GAC   4   4   4   3   4   3 |     GGC   1   1   1   1   0   1
    GTA   0   0   0   0   0   0 |     GCA   0   0   0   0   0   0 | Glu GAA   2   2   2   2   2   1 |     GGA   2   2   2   2   2   1
    GTG   1   1   1   1   1   0 |     GCG   0   0   0   0   0   0 |     GAG   3   3   3   3   3   4 |     GGG   0   0   0   0   0   1
--------------------------------------------------------------------------------------------------------------------------------------

--------------------------------------------------------------------------------------------------------------------------------------
Phe TTT   1   1   1   1   1   1 | Ser TCT   0   0   0   0   0   0 | Tyr TAT   0   0   0   0   0   0 | Cys TGT   0   0   0   0   0   0
    TTC   0   0   0   0   0   0 |     TCC   2   2   2   2   2   2 |     TAC   0   0   0   0   0   0 |     TGC   0   0   0   0   0   0
Leu TTA   0   0   0   0   0   0 |     TCA   0   0   0   0   0   0 | *** TAA   0   0   0   0   0   0 | *** TGA   0   0   0   0   0   0
    TTG   0   0   0   0   0   0 |     TCG   0   0   0   0   0   0 |     TAG   0   0   0   0   0   0 | Trp TGG   0   0   0   0   0   0
--------------------------------------------------------------------------------------------------------------------------------------
Leu CTT   0   0   0   0   0   0 | Pro CCT   0   0   0   0   0   0 | His CAT   0   0   0   0   0   0 | Arg CGT   0   0   0   0   0   0
    CTC   1   2   1   1   2   2 |     CCC   0   0   0   0   0   0 |     CAC   0   0   0   0   0   0 |     CGC   0   0   0   0   0   0
    CTA   0   0   0   0   0   0 |     CCA   0   0   0   0   0   0 | Gln CAA   0   0   0   0   1   0 |     CGA   0   0   0   0   0   0
    CTG   2   1   2   2   1   1 |     CCG   0   0   0   0   0   0 |     CAG   5   5   5   5   4   5 |     CGG   0   0   0   0   0   0
--------------------------------------------------------------------------------------------------------------------------------------
Ile ATT   0   1   0   0   1   1 | Thr ACT   0   0   0   0   0   0 | Asn AAT   1   1   1   1   1   1 | Ser AGT   0   0   0   0   0   0
    ATC   1   1   1   1   1   1 |     ACC   1   1   1   1   1   1 |     AAC   0   0   0   0   0   0 |     AGC   0   0   0   0   0   0
    ATA   0   0   0   0   0   0 |     ACA   0   0   0   0   0   0 | Lys AAA   0   0   0   0   0   0 | Arg AGA   0   0   0   0   0   0
Met ATG   1   1   1   1   1   1 |     ACG   1   1   1   1   1   1 |     AAG   1   1   1   1   1   1 |     AGG   1   1   1   1   1   1
--------------------------------------------------------------------------------------------------------------------------------------
Val GTT   1   0   1   1   0   0 | Ala GCT   0   0   0   1   0   0 | Asp GAT   0   0   1   0   1   0 | Gly GGT   0   0   0   0   0   0
    GTC   2   2   2   2   2   2 |     GCC   2   2   2   1   2   2 |     GAC   4   4   3   4   3   4 |     GGC   1   1   1   1   1   1
    GTA   0   0   0   0   0   0 |     GCA   0   0   0   0   0   0 | Glu GAA   1   1   1   1   2   2 |     GGA   1   2   1   1   2   2
    GTG   1   1   1   1   1   1 |     GCG   0   0   0   0   0   0 |     GAG   4   4   4   4   3   3 |     GGG   1   0   1   1   0   0
--------------------------------------------------------------------------------------------------------------------------------------

--------------------------------------------------------------------------------------------------------------------------------------
Phe TTT   1   1   1   1   1   1 | Ser TCT   0   0   0   1   0   0 | Tyr TAT   0   0   0   0   0   0 | Cys TGT   0   0   0   0   0   0
    TTC   0   0   0   0   0   0 |     TCC   2   2   2   1   2   2 |     TAC   0   0   0   0   0   0 |     TGC   0   0   0   0   0   0
Leu TTA   0   0   0   0   0   0 |     TCA   0   0   0   0   0   0 | *** TAA   0   0   0   0   0   0 | *** TGA   0   0   0   0   0   0
    TTG   0   0   0   0   0   0 |     TCG   0   0   0   0   0   0 |     TAG   0   0   0   0   0   0 | Trp TGG   0   0   0   0   0   0
--------------------------------------------------------------------------------------------------------------------------------------
Leu CTT   0   0   0   0   1   0 | Pro CCT   0   0   0   0   0   0 | His CAT   0   0   0   0   0   0 | Arg CGT   0   0   0   0   0   0
    CTC   2   2   2   2   1   2 |     CCC   0   0   0   0   0   0 |     CAC   0   0   0   0   0   0 |     CGC   0   0   0   0   0   0
    CTA   0   0   0   0   0   0 |     CCA   0   0   0   0   0   0 | Gln CAA   0   0   0   0   0   0 |     CGA   0   0   0   0   0   0
    CTG   1   1   1   1   1   1 |     CCG   0   0   0   0   0   0 |     CAG   5   5   5   5   5   5 |     CGG   0   0   0   0   0   0
--------------------------------------------------------------------------------------------------------------------------------------
Ile ATT   1   1   1   0   1   1 | Thr ACT   0   0   0   0   0   0 | Asn AAT   1   1   1   0   1   1 | Ser AGT   0   0   0   0   0   0
    ATC   1   0   1   1   1   1 |     ACC   1   1   1   1   1   1 |     AAC   0   0   0   1   0   0 |     AGC   0   0   0   0   0   0
    ATA   0   1   0   0   0   0 |     ACA   0   0   0   0   0   0 | Lys AAA   0   0   0   0   0   0 | Arg AGA   0   0   0   0   0   0
Met ATG   1   1   1   1   1   1 |     ACG   1   1   1   1   1   1 |     AAG   1   1   1   1   1   1 |     AGG   1   1   1   1   1   1
--------------------------------------------------------------------------------------------------------------------------------------
Val GTT   0   0   0   1   0   0 | Ala GCT   0   0   0   0   0   0 | Asp GAT   1   1   0   1   1   1 | Gly GGT   0   0   0   0   0   0
    GTC   2   2   2   2   2   2 |     GCC   2   2   2   2   2   2 |     GAC   3   3   4   3   3   3 |     GGC   1   1   1   1   1   1
    GTA   0   0   0   0   0   0 |     GCA   0   0   0   0   0   0 | Glu GAA   2   2   2   2   2   2 |     GGA   2   2   2   2   2   2
    GTG   1   1   1   1   1   1 |     GCG   0   0   0   0   0   0 |     GAG   3   3   3   3   3   3 |     GGG   0   0   0   0   0   0
--------------------------------------------------------------------------------------------------------------------------------------

Codon position x base (3x4) table for each sequence.

#1: Argali         
position  1:    T:0.08333    C:0.22222    A:0.22222    G:0.47222
position  2:    T:0.27778    C:0.16667    A:0.44444    G:0.11111
position  3:    T:0.13889    C:0.36111    A:0.11111    G:0.38889
Average         T:0.16667    C:0.25000    A:0.25926    G:0.32407

#2: LesserMouseDeer
position  1:    T:0.08333    C:0.22222    A:0.22222    G:0.47222
position  2:    T:0.27778    C:0.16667    A:0.44444    G:0.11111
position  3:    T:0.19444    C:0.36111    A:0.11111    G:0.33333
Average         T:0.18519    C:0.25000    A:0.25926    G:0.30556

#3: LesserKudu     
position  1:    T:0.08333    C:0.22222    A:0.22222    G:0.47222
position  2:    T:0.27778    C:0.16667    A:0.44444    G:0.11111
position  3:    T:0.11111    C:0.38889    A:0.11111    G:0.38889
Average         T:0.15741    C:0.25926    A:0.25926    G:0.32407

#4: ForestMuskDeer2
position  1:    T:0.08333    C:0.22222    A:0.19444    G:0.50000
position  2:    T:0.27778    C:0.16667    A:0.44444    G:0.11111
position  3:    T:0.08333    C:0.41667    A:0.11111    G:0.38889
Average         T:0.14815    C:0.26852    A:0.25000    G:0.33333

#5: Camel          
position  1:    T:0.05556    C:0.25000    A:0.22222    G:0.47222
position  2:    T:0.27778    C:0.16667    A:0.44444    G:0.11111
position  3:    T:0.11111    C:0.41667    A:0.08333    G:0.38889
Average         T:0.14815    C:0.27778    A:0.25000    G:0.32407

#6: KillerWhale    
position  1:    T:0.05556    C:0.25000    A:0.22222    G:0.47222
position  2:    T:0.27778    C:0.16667    A:0.44444    G:0.11111
position  3:    T:0.11111    C:0.44444    A:0.11111    G:0.33333
Average         T:0.14815    C:0.28704    A:0.25926    G:0.30556

#7: DefassaWaterbuck
position  1:    T:0.08333    C:0.22222    A:0.22222    G:0.47222
position  2:    T:0.27778    C:0.16667    A:0.44444    G:0.11111
position  3:    T:0.13889    C:0.36111    A:0.11111    G:0.38889
Average         T:0.16667    C:0.25000    A:0.25926    G:0.32407

#8: Sheep          
position  1:    T:0.08333    C:0.22222    A:0.22222    G:0.47222
position  2:    T:0.27778    C:0.16667    A:0.44444    G:0.11111
position  3:    T:0.13889    C:0.36111    A:0.11111    G:0.38889
Average         T:0.16667    C:0.25000    A:0.25926    G:0.32407

#9: MaxwellsDuiker 
position  1:    T:0.08333    C:0.22222    A:0.22222    G:0.47222
position  2:    T:0.27778    C:0.16667    A:0.44444    G:0.11111
position  3:    T:0.08333    C:0.38889    A:0.11111    G:0.41667
Average         T:0.14815    C:0.25926    A:0.25926    G:0.33333

#10: GazellaPrzewalskyi
position  1:    T:0.08333    C:0.22222    A:0.22222    G:0.47222
position  2:    T:0.27778    C:0.16667    A:0.44444    G:0.11111
position  3:    T:0.08333    C:0.41667    A:0.13889    G:0.36111
Average         T:0.14815    C:0.26852    A:0.26852    G:0.31481

#11: MountainNyala  
position  1:    T:0.08333    C:0.22222    A:0.22222    G:0.47222
position  2:    T:0.27778    C:0.16667    A:0.44444    G:0.11111
position  3:    T:0.11111    C:0.38889    A:0.11111    G:0.38889
Average         T:0.15741    C:0.25926    A:0.25926    G:0.32407

#12: MuntiacusMuntjak
position  1:    T:0.08333    C:0.22222    A:0.19444    G:0.50000
position  2:    T:0.27778    C:0.16667    A:0.44444    G:0.11111
position  3:    T:0.11111    C:0.36111    A:0.08333    G:0.44444
Average         T:0.15741    C:0.25000    A:0.24074    G:0.35185

#13: goat           
position  1:    T:0.08333    C:0.22222    A:0.22222    G:0.47222
position  2:    T:0.27778    C:0.16667    A:0.44444    G:0.11111
position  3:    T:0.08333    C:0.41667    A:0.11111    G:0.38889
Average         T:0.14815    C:0.26852    A:0.25926    G:0.32407

#14: AfricanBuffalo 
position  1:    T:0.08333    C:0.22222    A:0.22222    G:0.47222
position  2:    T:0.27778    C:0.16667    A:0.44444    G:0.11111
position  3:    T:0.11111    C:0.38889    A:0.11111    G:0.38889
Average         T:0.15741    C:0.25926    A:0.25926    G:0.32407

#15: Topi           
position  1:    T:0.08333    C:0.22222    A:0.22222    G:0.47222
position  2:    T:0.27778    C:0.16667    A:0.44444    G:0.11111
position  3:    T:0.13889    C:0.36111    A:0.16667    G:0.33333
Average         T:0.16667    C:0.25000    A:0.27778    G:0.30556

#16: CommonDuiker   
position  1:    T:0.08333    C:0.22222    A:0.22222    G:0.47222
position  2:    T:0.27778    C:0.16667    A:0.44444    G:0.11111
position  3:    T:0.08333    C:0.38889    A:0.11111    G:0.41667
Average         T:0.14815    C:0.25926    A:0.25926    G:0.33333

#17: Suni           
position  1:    T:0.08333    C:0.22222    A:0.22222    G:0.47222
position  2:    T:0.27778    C:0.16667    A:0.44444    G:0.11111
position  3:    T:0.08333    C:0.41667    A:0.13889    G:0.36111
Average         T:0.14815    C:0.26852    A:0.26852    G:0.31481

#18: Springbuck     
position  1:    T:0.08333    C:0.22222    A:0.22222    G:0.47222
position  2:    T:0.27778    C:0.16667    A:0.44444    G:0.11111
position  3:    T:0.08333    C:0.41667    A:0.11111    G:0.38889
Average         T:0.14815    C:0.26852    A:0.25926    G:0.32407

#19: Okapi          
position  1:    T:0.08333    C:0.22222    A:0.19444    G:0.50000
position  2:    T:0.27778    C:0.16667    A:0.44444    G:0.11111
position  3:    T:0.11111    C:0.38889    A:0.11111    G:0.38889
Average         T:0.15741    C:0.25926    A:0.25000    G:0.33333

#20: Giraffe        
position  1:    T:0.08333    C:0.22222    A:0.22222    G:0.47222
position  2:    T:0.27778    C:0.16667    A:0.44444    G:0.11111
position  3:    T:0.13889    C:0.36111    A:0.11111    G:0.38889
Average         T:0.16667    C:0.25000    A:0.25926    G:0.32407

#21: TibetanAntelope
position  1:    T:0.08333    C:0.22222    A:0.22222    G:0.47222
position  2:    T:0.27778    C:0.16667    A:0.44444    G:0.11111
position  3:    T:0.08333    C:0.41667    A:0.11111    G:0.38889
Average         T:0.14815    C:0.26852    A:0.25926    G:0.32407

#22: Sitatunga      
position  1:    T:0.08333    C:0.22222    A:0.22222    G:0.47222
position  2:    T:0.27778    C:0.16667    A:0.44444    G:0.11111
position  3:    T:0.11111    C:0.38889    A:0.11111    G:0.38889
Average         T:0.15741    C:0.25926    A:0.25926    G:0.32407

#23: Oribi          
position  1:    T:0.08333    C:0.22222    A:0.22222    G:0.47222
position  2:    T:0.27778    C:0.16667    A:0.44444    G:0.11111
position  3:    T:0.08333    C:0.41667    A:0.11111    G:0.38889
Average         T:0.14815    C:0.26852    A:0.25926    G:0.32407

#24: BarbarySheep   
position  1:    T:0.08333    C:0.22222    A:0.22222    G:0.47222
position  2:    T:0.27778    C:0.16667    A:0.44444    G:0.11111
position  3:    T:0.08333    C:0.41667    A:0.11111    G:0.38889
Average         T:0.14815    C:0.26852    A:0.25926    G:0.32407

#25: Daviddeer      
position  1:    T:0.08333    C:0.22222    A:0.19444    G:0.50000
position  2:    T:0.27778    C:0.16667    A:0.44444    G:0.11111
position  3:    T:0.08333    C:0.38889    A:0.02778    G:0.50000
Average         T:0.14815    C:0.25926    A:0.22222    G:0.37037

#26: Reindeer       
position  1:    T:0.08333    C:0.22222    A:0.19444    G:0.50000
position  2:    T:0.27778    C:0.16667    A:0.44444    G:0.11111
position  3:    T:0.08333    C:0.38889    A:0.08333    G:0.44444
Average         T:0.14815    C:0.25926    A:0.24074    G:0.35185

#27: Ibex           
position  1:    T:0.08333    C:0.22222    A:0.22222    G:0.47222
position  2:    T:0.27778    C:0.16667    A:0.44444    G:0.11111
position  3:    T:0.11111    C:0.38889    A:0.11111    G:0.38889
Average         T:0.15741    C:0.25926    A:0.25926    G:0.32407

#28: GyrantGazelle  
position  1:    T:0.08333    C:0.22222    A:0.22222    G:0.47222
position  2:    T:0.27778    C:0.16667    A:0.44444    G:0.11111
position  3:    T:0.08333    C:0.41667    A:0.08333    G:0.41667
Average         T:0.14815    C:0.26852    A:0.25000    G:0.33333

#29: Hartebeest     
position  1:    T:0.08333    C:0.22222    A:0.22222    G:0.47222
position  2:    T:0.27778    C:0.16667    A:0.44444    G:0.11111
position  3:    T:0.13889    C:0.36111    A:0.16667    G:0.33333
Average         T:0.16667    C:0.25000    A:0.27778    G:0.30556

#30: Bongo          
position  1:    T:0.08333    C:0.22222    A:0.22222    G:0.47222
position  2:    T:0.27778    C:0.16667    A:0.44444    G:0.11111
position  3:    T:0.11111    C:0.38889    A:0.11111    G:0.38889
Average         T:0.15741    C:0.25926    A:0.25926    G:0.32407

#31: Gerenuk        
position  1:    T:0.05556    C:0.25000    A:0.25000    G:0.44444
position  2:    T:0.27778    C:0.16667    A:0.44444    G:0.11111
position  3:    T:0.05556    C:0.44444    A:0.13889    G:0.36111
Average         T:0.12963    C:0.28704    A:0.27778    G:0.30556

#32: CommonEland    
position  1:    T:0.08333    C:0.22222    A:0.22222    G:0.47222
position  2:    T:0.27778    C:0.16667    A:0.44444    G:0.11111
position  3:    T:0.11111    C:0.38889    A:0.11111    G:0.38889
Average         T:0.15741    C:0.25926    A:0.25926    G:0.32407

#33: MuntiacusReevesi
position  1:    T:0.08333    C:0.22222    A:0.19444    G:0.50000
position  2:    T:0.27778    C:0.16667    A:0.44444    G:0.11111
position  3:    T:0.11111    C:0.36111    A:0.05556    G:0.47222
Average         T:0.15741    C:0.25000    A:0.23148    G:0.36111

#34: HarveysDuiker  
position  1:    T:0.08333    C:0.22222    A:0.22222    G:0.47222
position  2:    T:0.27778    C:0.16667    A:0.44444    G:0.11111
position  3:    T:0.11111    C:0.36111    A:0.11111    G:0.41667
Average         T:0.15741    C:0.25000    A:0.25926    G:0.33333

#35: Pronghorn      
position  1:    T:0.08333    C:0.22222    A:0.19444    G:0.50000
position  2:    T:0.27778    C:0.16667    A:0.44444    G:0.11111
position  3:    T:0.19444    C:0.27778    A:0.11111    G:0.41667
Average         T:0.18519    C:0.22222    A:0.25000    G:0.34259

#36: BlueWildebeest 
position  1:    T:0.08333    C:0.22222    A:0.22222    G:0.47222
position  2:    T:0.27778    C:0.16667    A:0.44444    G:0.11111
position  3:    T:0.13889    C:0.36111    A:0.16667    G:0.33333
Average         T:0.16667    C:0.25000    A:0.27778    G:0.30556

#37: Gemsbok        
position  1:    T:0.08333    C:0.22222    A:0.22222    G:0.47222
position  2:    T:0.27778    C:0.16667    A:0.44444    G:0.11111
position  3:    T:0.08333    C:0.41667    A:0.13889    G:0.36111
Average         T:0.14815    C:0.26852    A:0.26852    G:0.31481

#38: Yak            
position  1:    T:0.08333    C:0.22222    A:0.22222    G:0.47222
position  2:    T:0.27778    C:0.16667    A:0.44444    G:0.11111
position  3:    T:0.11111    C:0.38889    A:0.13889    G:0.36111
Average         T:0.15741    C:0.25926    A:0.26852    G:0.31481

#39: BlueSheep      
position  1:    T:0.08333    C:0.22222    A:0.22222    G:0.47222
position  2:    T:0.27778    C:0.16667    A:0.44444    G:0.11111
position  3:    T:0.13889    C:0.36111    A:0.11111    G:0.38889
Average         T:0.16667    C:0.25000    A:0.25926    G:0.32407

#40: BohorReedbuck  
position  1:    T:0.08333    C:0.22222    A:0.22222    G:0.47222
position  2:    T:0.27778    C:0.16667    A:0.44444    G:0.11111
position  3:    T:0.08333    C:0.41667    A:0.11111    G:0.38889
Average         T:0.14815    C:0.26852    A:0.25926    G:0.32407

#41: KirksDik       
position  1:    T:0.08333    C:0.22222    A:0.22222    G:0.47222
position  2:    T:0.27778    C:0.16667    A:0.44444    G:0.11111
position  3:    T:0.13889    C:0.36111    A:0.13889    G:0.36111
Average         T:0.16667    C:0.25000    A:0.26852    G:0.31481

#42: RoeDeer        
position  1:    T:0.08333    C:0.22222    A:0.19444    G:0.50000
position  2:    T:0.27778    C:0.16667    A:0.44444    G:0.11111
position  3:    T:0.13889    C:0.38889    A:0.05556    G:0.41667
Average         T:0.16667    C:0.25926    A:0.23148    G:0.34259

#43: WhiteLippedDeer
position  1:    T:0.08333    C:0.22222    A:0.19444    G:0.50000
position  2:    T:0.27778    C:0.16667    A:0.44444    G:0.11111
position  3:    T:0.08333    C:0.38889    A:0.05556    G:0.47222
Average         T:0.14815    C:0.25926    A:0.23148    G:0.36111

#44: ThomsonGazelle 
position  1:    T:0.08333    C:0.22222    A:0.22222    G:0.47222
position  2:    T:0.27778    C:0.16667    A:0.44444    G:0.11111
position  3:    T:0.08333    C:0.41667    A:0.08333    G:0.41667
Average         T:0.14815    C:0.26852    A:0.25000    G:0.33333

#45: MuntiacusCrinifrons
position  1:    T:0.08333    C:0.22222    A:0.19444    G:0.50000
position  2:    T:0.27778    C:0.16667    A:0.44444    G:0.11111
position  3:    T:0.11111    C:0.36111    A:0.05556    G:0.47222
Average         T:0.15741    C:0.25000    A:0.23148    G:0.36111

#46: WhiteTailedDeer
position  1:    T:0.08333    C:0.22222    A:0.19444    G:0.50000
position  2:    T:0.27778    C:0.16667    A:0.44444    G:0.11111
position  3:    T:0.11111    C:0.36111    A:0.05556    G:0.47222
Average         T:0.15741    C:0.25000    A:0.23148    G:0.36111

#47: Cattle         
position  1:    T:0.08333    C:0.22222    A:0.22222    G:0.47222
position  2:    T:0.27778    C:0.16667    A:0.44444    G:0.11111
position  3:    T:0.11111    C:0.38889    A:0.13889    G:0.36111
Average         T:0.15741    C:0.25926    A:0.26852    G:0.31481

#48: RoyalAntelope  
position  1:    T:0.08333    C:0.22222    A:0.22222    G:0.47222
position  2:    T:0.27778    C:0.16667    A:0.44444    G:0.11111
position  3:    T:0.08333    C:0.41667    A:0.11111    G:0.38889
Average         T:0.14815    C:0.26852    A:0.25926    G:0.32407

#49: Steenbok       
position  1:    T:0.08333    C:0.22222    A:0.22222    G:0.47222
position  2:    T:0.27778    C:0.16667    A:0.44444    G:0.11111
position  3:    T:0.11111    C:0.38889    A:0.11111    G:0.38889
Average         T:0.15741    C:0.25926    A:0.25926    G:0.32407

#50: Impala         
position  1:    T:0.08333    C:0.22222    A:0.22222    G:0.47222
position  2:    T:0.27778    C:0.16667    A:0.44444    G:0.11111
position  3:    T:0.11111    C:0.36111    A:0.13889    G:0.38889
Average         T:0.15741    C:0.25000    A:0.26852    G:0.32407

#51: Klipspringer   
position  1:    T:0.08333    C:0.22222    A:0.22222    G:0.47222
position  2:    T:0.27778    C:0.16667    A:0.44444    G:0.11111
