1
52 1
Argali 0.000000 0.356500 0.156700 0.316500 0.156700 0.000000 0.134000 0.134000 0.156700 0.188100 0.019700 0.134000 0.060600 0.156700 0.134000 0.134000 0.189400 0.220500 0.039400 0.156700 0.134000 0.019500 0.179300 0.332300 0.040000 0.134000 0.082800 0.156700 0.134000 0.156700 0.188100 0.159500 0.191300 0.060600 0.060600 0.134000 0.019700 0.156700 0.134000 0.186000 0.131500 0.158100 0.188100 0.370000 0.134000 0.134000 0.134000 0.128400 0.161300 0.190000 0.156700 0.134000
LesserMous 0.356500 0.000000 0.280000 0.333100 0.280000 0.356500 0.254100 0.254100 0.280000 0.292500 0.328400 0.254100 0.298400 0.280000 0.254100 0.254100 0.326000 0.370000 0.430100 0.280000 0.254100 0.328400 0.239600 0.281600 0.301100 0.254100 0.335400 0.280000 0.254100 0.280000 0.292500 0.286200 0.298600 0.298400 0.298400 0.254100 0.328400 0.280000 0.254100 0.288600 0.243000 0.285500 0.292500 0.319600 0.254100 0.254100 0.254100 0.337800 0.292000 0.294300 0.280000 0.254100
LesserKudu 0.156700 0.280000 0.000000 0.184200 0.044400 0.156700 0.022200 0.021600 0.000000 0.094200 0.134000 0.022200 0.134600 0.000000 0.022200 0.022200 0.095100 0.123600 0.208500 0.000000 0.022200 0.134000 0.138100 0.253300 0.111500 0.022200 0.161600 0.000000 0.022200 0.000000 0.094200 0.045300 0.071000 0.134600 0.134600 0.022100 0.134000 0.044400 0.022200 0.069000 0.090600 0.044900 0.094200 0.289800 0.021300 0.021500 0.021400 0.112600 0.046200 0.070800 0.000000 0.022200
KillerWhal 0.316500 0.333100 0.184200 0.000000 0.184200 0.316500 0.158800 0.158800 0.184200 0.185600 0.290700 0.158800 0.294000 0.184200 0.158800 0.158800 0.187200 0.225800 0.389600 0.184200 0.158800 0.290700 0.270100 0.379400 0.265000 0.158800 0.333500 0.184200 0.158800 0.184200 0.185600 0.188900 0.160300 0.294000 0.294000 0.158800 0.290700 0.184200 0.158800 0.183000 0.211400 0.188700 0.185600 0.432400 0.158800 0.158800 0.158800 0.271800 0.194900 0.158800 0.184200 0.158800
DefassaWat 0.156700 0.280000 0.044400 0.184200 0.000000 0.156700 0.022200 0.022200 0.044400 0.094200 0.134000 0.022200 0.134600 0.044400 0.022200 0.022200 0.095100 0.123600 0.208500 0.044400 0.022200 0.134000 0.138100 0.253300 0.111500 0.022200 0.161600 0.044400 0.022200 0.044400 0.094200 0.045300 0.071000 0.134600 0.134600 0.022200 0.134000 0.000000 0.022200 0.069000 0.090600 0.042000 0.094200 0.289800 0.021700 0.022200 0.021500 0.112600 0.046200 0.070800 0.044400 0.022200
Sheep 0.000000 0.356500 0.156700 0.316500 0.156700 0.000000 0.134000 0.134000 0.156700 0.188100 0.019500 0.134000 0.060800 0.156700 0.134000 0.134000 0.189400 0.220500 0.039400 0.156700 0.134000 0.019500 0.179300 0.332300 0.040000 0.134000 0.082800 0.156700 0.134000 0.156700 0.188100 0.159500 0.191300 0.060600 0.061300 0.134000 0.019500 0.156700 0.134000 0.186000 0.131500 0.158100 0.188100 0.370000 0.134000 0.134000 0.134000 0.128400 0.161300 0.190000 0.156700 0.134000
MaxwellsDu 0.134000 0.254100 0.022200 0.158800 0.022200 0.134000 0.000000 0.000000 0.022200 0.070900 0.111500 0.000000 0.112000 0.022200 0.000000 0.000000 0.071500 0.099500 0.185000 0.022200 0.000000 0.111500 0.115200 0.227500 0.089200 0.000000 0.138300 0.021500 0.000000 0.022200 0.070900 0.022700 0.047500 0.112000 0.111300 0.000000 0.111500 0.022200 0.000000 0.046200 0.068100 0.022500 0.070900 0.263500 0.000000 0.000000 0.000000 0.090200 0.023200 0.047400 0.022200 0.000000
GazellaPrz 0.134000 0.254100 0.021600 0.158800 0.022200 0.134000 0.000000 0.000000 0.022200 0.070900 0.111500 0.000000 0.112000 0.022200 0.000000 0.000000 0.071500 0.099500 0.185000 0.022200 0.000000 0.111500 0.115200 0.227500 0.089200 0.000000 0.138300 0.022200 0.000000 0.022200 0.070900 0.022700 0.047500 0.112000 0.112000 0.000000 0.111500 0.022200 0.000000 0.046200 0.068100 0.022500 0.070900 0.263500 0.000000 0.000000 0.000000 0.090200 0.023200 0.046900 0.022200 0.000000
MountainNy 0.156700 0.280000 0.000000 0.184200 0.044400 0.156700 0.022200 0.022200 0.000000 0.094200 0.134000 0.022200 0.134600 0.000000 0.022200 0.022200 0.095100 0.123600 0.208500 0.000000 0.021600 0.134000 0.138100 0.253300 0.111500 0.022200 0.161600 0.000000 0.022200 0.000000 0.094200 0.045300 0.071000 0.134600 0.134600 0.022200 0.134000 0.044400 0.022200 0.069000 0.090600 0.044900 0.094200 0.289800 0.022200 0.021600 0.022200 0.112600 0.046200 0.070800 0.000000 0.022200
MuntiacusM 0.188100 0.292500 0.094200 0.185600 0.094200 0.188100 0.070900 0.070900 0.094200 0.000000 0.164300 0.070900 0.165200 0.094200 0.070900 0.070900 0.095200 0.124300 0.244700 0.094200 0.070900 0.164300 0.112000 0.255500 0.140800 0.070900 0.194600 0.094200 0.070900 0.094200 0.000000 0.096300 0.071200 0.165200 0.165200 0.070900 0.164300 0.094200 0.070900 0.093400 0.066500 0.095800 0.000000 0.293400 0.070900 0.070900 0.070900 0.169000 0.098500 0.070900 0.094200 0.070900
goat 0.019700 0.328400 0.134000 0.290700 0.134000 0.019500 0.111500 0.111500 0.134000 0.164300 0.000000 0.111500 0.040000 0.134000 0.111500 0.111500 0.165500 0.196200 0.060400 0.134000 0.111500 0.000000 0.207500 0.366700 0.019900 0.111500 0.061500 0.134000 0.111500 0.134000 0.164300 0.136500 0.167200 0.040000 0.040000 0.111500 0.000000 0.134000 0.111500 0.162500 0.158200 0.135400 0.164300 0.406800 0.111500 0.111500 0.111500 0.106500 0.138400 0.166100 0.134000 0.111500
AfricanBuf 0.134000 0.254100 0.022200 0.158800 0.022200 0.134000 0.000000 0.000000 0.022200 0.070900 0.111500 0.000000 0.112000 0.022200 0.000000 0.000000 0.071500 0.099500 0.185000 0.022200 0.000000 0.111500 0.115200 0.227500 0.089200 0.000000 0.138300 0.021700 0.000000 0.022200 0.070900 0.022700 0.047500 0.112000 0.112000 0.000000 0.111500 0.022200 0.000000 0.046200 0.068100 0.022500 0.070900 0.263500 0.000000 0.000000 0.000000 0.090200 0.023200 0.047400 0.022200 0.000000
Topi 0.060600 0.298400 0.134600 0.294000 0.134600 0.060800 0.112000 0.112000 0.134600 0.165200 0.040000 0.112000 0.000000 0.134600 0.112000 0.112000 0.192600 0.224900 0.104200 0.134600 0.112000 0.040000 0.208800 0.302200 0.061700 0.112000 0.019800 0.134600 0.112000 0.134600 0.165200 0.137100 0.168200 0.000000 0.000000 0.112000 0.040000 0.134600 0.112000 0.163400 0.158900 0.136000 0.165200 0.338800 0.112000 0.112000 0.112000 0.106600 0.139100 0.167000 0.134600 0.112000
CommonDuik 0.156700 0.280000 0.000000 0.184200 0.044400 0.156700 0.022200 0.022200 0.000000 0.094200 0.134000 0.022200 0.134600 0.000000 0.022200 0.022200 0.095100 0.122600 0.208500 0.000000 0.022200 0.134000 0.138100 0.253300 0.111500 0.022100 0.161600 0.000000 0.022200 0.000000 0.094200 0.045300 0.071000 0.134600 0.134600 0.022200 0.134000 0.044400 0.022200 0.069000 0.090600 0.044900 0.094200 0.289800 0.022200 0.022200 0.022200 0.112600 0.046200 0.070800 0.000000 0.022200
Suni 0.134000 0.254100 0.022200 0.158800 0.022200 0.134000 0.000000 0.000000 0.022200 0.070900 0.111500 0.000000 0.112000 0.022200 0.000000 0.000000 0.071200 0.099500 0.185000 0.022200 0.000000 0.111500 0.115200 0.227500 0.089200 0.000000 0.138300 0.022200 0.000000 0.022200 0.070900 0.022700 0.047500 0.112000 0.112000 0.000000 0.111500 0.022200 0.000000 0.046200 0.068100 0.022500 0.070900 0.263500 0.000000 0.000000 0.000000 0.090200 0.023200 0.047400 0.022200 0.000000
Springbuck 0.134000 0.254100 0.022200 0.158800 0.022200 0.134000 0.000000 0.000000 0.022200 0.070900 0.111500 0.000000 0.112000 0.022200 0.000000 0.000000 0.071500 0.099500 0.185000 0.022200 0.000000 0.111500 0.115200 0.227500 0.089200 0.000000 0.138300 0.021700 0.000000 0.022200 0.070900 0.022700 0.047500 0.112000 0.112000 0.000000 0.111500 0.021600 0.000000 0.046200 0.068100 0.021900 0.070900 0.263500 0.000000 0.000000 0.000000 0.090200 0.023200 0.047400 0.022200 0.000000
Okapi 0.189400 0.326000 0.095100 0.187200 0.095100 0.189400 0.071500 0.071500 0.095100 0.095200 0.165500 0.071500 0.192600 0.095100 0.071200 0.071500 0.000000 0.070400 0.246300 0.095100 0.071500 0.165500 0.169900 0.255300 0.141800 0.071500 0.223700 0.095100 0.071500 0.095100 0.095200 0.097200 0.071700 0.192600 0.192600 0.071500 0.165500 0.095100 0.071500 0.093900 0.119300 0.096500 0.095200 0.293100 0.071500 0.071500 0.071500 0.143700 0.099400 0.071500 0.095100 0.071500
Giraffe 0.220500 0.370000 0.123600 0.225800 0.123600 0.220500 0.099500 0.099500 0.123600 0.124300 0.196200 0.099500 0.224900 0.122600 0.099500 0.099500 0.070400 0.000000 0.281000 0.123600 0.099500 0.196200 0.202000 0.229600 0.172100 0.099500 0.258000 0.123600 0.099500 0.123600 0.124300 0.126500 0.100200 0.224900 0.224900 0.099500 0.196200 0.123600 0.099500 0.070800 0.148900 0.126200 0.124300 0.202700 0.099500 0.099500 0.099500 0.120100 0.074700 0.099500 0.123600 0.099500
TibetanAnt 0.039400 0.430100 0.208500 0.389600 0.208500 0.039400 0.185000 0.185000 0.208500 0.244700 0.060400 0.185000 0.104200 0.208500 0.185000 0.185000 0.246300 0.281000 0.000000 0.208500 0.185000 0.060400 0.233000 0.403800 0.082500 0.185000 0.128400 0.208500 0.185000 0.208500 0.244700 0.212500 0.249100 0.104200 0.104200 0.185000 0.060400 0.208500 0.185000 0.241800 0.181800 0.210800 0.244700 0.446700 0.185000 0.185000 0.185000 0.177300 0.215200 0.246600 0.208500 0.185000
Sitatunga 0.156700 0.280000 0.000000 0.184200 0.044400 0.156700 0.022200 0.022200 0.000000 0.094200 0.134000 0.022200 0.134600 0.000000 0.022200 0.022200 0.095100 0.123600 0.208500 0.000000 0.022200 0.134000 0.138100 0.253300 0.111500 0.021200 0.161600 0.000000 0.021700 0.000000 0.094200 0.045300 0.071000 0.134600 0.134600 0.022200 0.134000 0.044400 0.021500 0.069000 0.090600 0.044900 0.094200 0.289800 0.021300 0.022200 0.022200 0.112600 0.046200 0.070800 0.000000 0.021400
Oribi 0.134000 0.254100 0.022200 0.158800 0.022200 0.134000 0.000000 0.000000 0.021600 0.070900 0.111500 0.000000 0.112000 0.022200 0.000000 0.000000 0.071500 0.099500 0.185000 0.022200 0.000000 0.111500 0.115200 0.227500 0.089200 0.000000 0.138300 0.022200 0.000000 0.022200 0.070900 0.022700 0.047500 0.112000 0.112000 0.000000 0.111500 0.022200 0.000000 0.046200 0.068100 0.022500 0.070900 0.263500 0.000000 0.000000 0.000000 0.090200 0.023200 0.047400 0.022200 0.000000
BarbaryShe 0.019500 0.328400 0.134000 0.290700 0.134000 0.019500 0.111500 0.111500 0.134000 0.164300 0.000000 0.111500 0.040000 0.134000 0.111500 0.111500 0.165500 0.196200 0.060400 0.134000 0.111500 0.000000 0.207500 0.366700 0.019900 0.111500 0.061500 0.134000 0.111500 0.134000 0.164300 0.136500 0.167200 0.040000 0.040000 0.111500 0.000000 0.134000 0.111500 0.162500 0.158200 0.135400 0.164300 0.406800 0.111500 0.111500 0.111500 0.106500 0.138400 0.166100 0.134000 0.111500
Daviddeer 0.179300 0.239600 0.138100 0.270100 0.138100 0.179300 0.115200 0.115200 0.138100 0.112000 0.207500 0.115200 0.208800 0.138100 0.115200 0.115200 0.169900 0.202000 0.233000 0.138100 0.115200 0.207500 0.000000 0.219400 0.184000 0.115200 0.239000 0.138100 0.115200 0.138100 0.112000 0.140800 0.145300 0.208800 0.208800 0.115200 0.207500 0.138100 0.115200 0.141200 0.040600 0.140100 0.112000 0.253000 0.115200 0.115200 0.115200 0.212600 0.143500 0.144400 0.138100 0.115200
Reindeer 0.332300 0.281600 0.253300 0.379400 0.253300 0.332300 0.227500 0.227500 0.253300 0.255500 0.366700 0.227500 0.302200 0.253300 0.227500 0.227500 0.255300 0.229600 0.403800 0.253300 0.227500 0.366700 0.219400 0.000000 0.338900 0.227500 0.337800 0.253300 0.227500 0.253300 0.255500 0.258100 0.231200 0.302200 0.302200 0.227500 0.366700 0.253300 0.227500 0.192700 0.222200 0.258800 0.255500 0.019500 0.227500 0.227500 0.227500 0.217100 0.263500 0.227500 0.253300 0.227500
Ibex 0.040000 0.301100 0.111500 0.265000 0.111500 0.040000 0.089200 0.089200 0.111500 0.140800 0.019900 0.089200 0.061700 0.111500 0.089200 0.089200 0.141800 0.172100 0.082500 0.111500 0.089200 0.019900 0.184000 0.338900 0.000000 0.089200 0.084300 0.111700 0.089200 0.111500 0.140800 0.113700 0.143300 0.061700 0.061700 0.089200 0.020100 0.111500 0.089200 0.139300 0.135400 0.112800 0.140800 0.378800 0.089200 0.089200 0.089200 0.084900 0.115500 0.142400 0.111500 0.089200
GyrantGaze 0.134000 0.254100 0.022200 0.158800 0.022200 0.134000 0.000000 0.000000 0.022200 0.070900 0.111500 0.000000 0.112000 0.022100 0.000000 0.000000 0.071500 0.099500 0.185000 0.021200 0.000000 0.111500 0.115200 0.227500 0.089200 0.000000 0.138300 0.022200 0.000000 0.021300 0.070900 0.022700 0.047500 0.112000 0.112000 0.000000 0.111500 0.022200 0.000000 0.046200 0.068100 0.022500 0.070900 0.263500 0.000000 0.000000 0.000000 0.090200 0.023200 0.047400 0.022200 0.000000
Hartebeest 0.082800 0.335400 0.161600 0.333500 0.161600 0.082800 0.138300 0.138300 0.161600 0.194600 0.061500 0.138300 0.019800 0.161600 0.138300 0.138300 0.223700 0.258000 0.128400 0.161600 0.138300 0.061500 0.239000 0.337800 0.084300 0.138300 0.000000 0.161600 0.138300 0.161600 0.194600 0.164800 0.198200 0.019800 0.019800 0.138300 0.061500 0.161600 0.138300 0.192300 0.186800 0.163300 0.194600 0.377200 0.138300 0.138300 0.138300 0.131200 0.167300 0.196800 0.161600 0.138300
Bongo 0.156700 0.280000 0.000000 0.184200 0.044400 0.156700 0.021500 0.022200 0.000000 0.094200 0.134000 0.021700 0.134600 0.000000 0.022200 0.021700 0.095100 0.123600 0.208500 0.000000 0.022200 0.134000 0.138100 0.253300 0.111700 0.022200 0.161600 0.000000 0.021500 0.000000 0.094200 0.045300 0.071000 0.134600 0.134600 0.022200 0.134000 0.044400 0.022200 0.069000 0.090700 0.044900 0.094200 0.289800 0.022200 0.022200 0.022200 0.112600 0.046200 0.070800 0.000000 0.022200
Gerenuk 0.134000 0.254100 0.022200 0.158800 0.022200 0.134000 0.000000 0.000000 0.022200 0.070900 0.111500 0.000000 0.112000 0.022200 0.000000 0.000000 0.071500 0.099500 0.185000 0.021700 0.000000 0.111500 0.115200 0.227500 0.089200 0.000000 0.138300 0.021500 0.000000 0.022200 0.070900 0.022700 0.047500 0.112000 0.112000 0.000000 0.111500 0.022200 0.000000 0.046200 0.068100 0.022500 0.070900 0.263500 0.000000 0.000000 0.000000 0.090200 0.023200 0.047400 0.022200 0.000000
CommonElan 0.156700 0.280000 0.000000 0.184200 0.044400 0.156700 0.022200 0.022200 0.000000 0.094200 0.134000 0.022200 0.134600 0.000000 0.022200 0.022200 0.095100 0.123600 0.208500 0.000000 0.022200 0.134000 0.138100 0.253300 0.111500 0.021300 0.161600 0.000000 0.022200 0.000000 0.094200 0.045300 0.071000 0.134600 0.134600 0.022200 0.134000 0.044400 0.022200 0.069000 0.090600 0.044900 0.094200 0.289800 0.022200 0.022200 0.022200 0.112600 0.046200 0.070800 0.000000 0.022200
MuntiacusR 0.188100 0.292500 0.094200 0.185600 0.094200 0.188100 0.070900 0.070900 0.094200 0.000000 0.164300 0.070900 0.165200 0.094200 0.070900 0.070900 0.095200 0.124300 0.244700 0.094200 0.070900 0.164300 0.112000 0.255500 0.140800 0.070900 0.194600 0.094200 0.070900 0.094200 0.000000 0.096300 0.071200 0.165200 0.165200 0.070900 0.164300 0.094200 0.070900 0.093400 0.066200 0.095800 0.000000 0.293400 0.070900 0.070900 0.070900 0.169000 0.098500 0.070900 0.094200 0.070900
HarveysDui 0.159500 0.286200 0.045300 0.188900 0.045300 0.159500 0.022700 0.022700 0.045300 0.096300 0.136500 0.022700 0.137100 0.045300 0.022700 0.022700 0.097200 0.126500 0.212500 0.045300 0.022700 0.136500 0.140800 0.258100 0.113700 0.022700 0.164800 0.045300 0.022700 0.045300 0.096300 0.000000 0.072500 0.137100 0.137100 0.022700 0.136500 0.045300 0.022700 0.070400 0.092400 0.045900 0.096300 0.295900 0.022700 0.022700 0.022700 0.114800 0.047200 0.072400 0.045300 0.022700
Pronghorn 0.191300 0.298600 0.071000 0.160300 0.071000 0.191300 0.047500 0.047500 0.071000 0.071200 0.167200 0.047500 0.168200 0.071000 0.047500 0.047500 0.071700 0.100200 0.249100 0.071000 0.047500 0.167200 0.145300 0.231200 0.143300 0.047500 0.198200 0.071000 0.047500 0.071000 0.071200 0.072500 0.000000 0.168200 0.168200 0.047500 0.167200 0.071000 0.047500 0.070500 0.095200 0.047200 0.071200 0.268700 0.047500 0.047500 0.047500 0.145700 0.074300 0.047500 0.071000 0.047500
BlueWildeb 0.060600 0.298400 0.134600 0.294000 0.134600 0.060600 0.112000 0.112000 0.134600 0.165200 0.040000 0.112000 0.000000 0.134600 0.112000 0.112000 0.192600 0.224900 0.104200 0.134600 0.112000 0.040000 0.208800 0.302200 0.061700 0.112000 0.019800 0.134600 0.112000 0.134600 0.165200 0.137100 0.168200 0.000000 0.000000 0.112000 0.040000 0.134600 0.112000 0.163400 0.158900 0.136000 0.165200 0.338800 0.112000 0.112000 0.112000 0.106600 0.139100 0.167000 0.134600 0.112000
Gemsbok 0.060600 0.298400 0.134600 0.294000 0.134600 0.061300 0.111300 0.112000 0.134600 0.165200 0.040000 0.112000 0.000000 0.134600 0.112000 0.112000 0.192600 0.224900 0.104200 0.134600 0.112000 0.040000 0.208800 0.302200 0.061700 0.112000 0.019800 0.134600 0.112000 0.134600 0.165200 0.137100 0.168200 0.000000 0.000000 0.112000 0.040000 0.134600 0.112000 0.163400 0.158900 0.136000 0.165200 0.338800 0.112000 0.112000 0.112000 0.106600 0.139100 0.167000 0.134600 0.112000
Yak 0.134000 0.254100 0.022100 0.158800 0.022200 0.134000 0.000000 0.000000 0.022200 0.070900 0.111500 0.000000 0.112000 0.022200 0.000000 0.000000 0.071500 0.099500 0.185000 0.022200 0.000000 0.111500 0.115200 0.227500 0.089200 0.000000 0.138300 0.022200 0.000000 0.022200 0.070900 0.022700 0.047500 0.112000 0.112000 0.000000 0.111500 0.021600 0.000000 0.046200 0.068100 0.022500 0.070900 0.263500 0.000000 0.000000 0.000000 0.090200 0.023200 0.047400 0.022200 0.000000
BlueSheep 0.019700 0.328400 0.134000 0.290700 0.134000 0.019500 0.111500 0.111500 0.134000 0.164300 0.000000 0.111500 0.040000 0.134000 0.111500 0.111500 0.165500 0.196200 0.060400 0.134000 0.111500 0.000000 0.207500 0.366700 0.020100 0.111500 0.061500 0.134000 0.111500 0.134000 0.164300 0.136500 0.167200 0.040000 0.040000 0.111500 0.000000 0.134000 0.111500 0.162500 0.158200 0.135400 0.164300 0.406800 0.111500 0.111500 0.111500 0.106800 0.138400 0.166100 0.134000 0.111500
BohorReedb 0.156700 0.280000 0.044400 0.184200 0.000000 0.156700 0.022200 0.022200 0.044400 0.094200 0.134000 0.022200 0.134600 0.044400 0.022200 0.021600 0.095100 0.123600 0.208500 0.044400 0.022200 0.134000 0.138100 0.253300 0.111500 0.022200 0.161600 0.044400 0.022200 0.044400 0.094200 0.045300 0.071000 0.134600 0.134600 0.021600 0.134000 0.000000 0.022200 0.069000 0.090600 0.044900 0.094200 0.289800 0.021600 0.022200 0.021600 0.112600 0.046200 0.070800 0.044400 0.022200
KirksDik 0.134000 0.254100 0.022200 0.158800 0.022200 0.134000 0.000000 0.000000 0.022200 0.070900 0.111500 0.000000 0.112000 0.022200 0.000000 0.000000 0.071500 0.099500 0.185000 0.021500 0.000000 0.111500 0.115200 0.227500 0.089200 0.000000 0.138300 0.022200 0.000000 0.022200 0.070900 0.022700 0.047500 0.112000 0.112000 0.000000 0.111500 0.022200 0.000000 0.046200 0.068100 0.022500 0.070900 0.263500 0.000000 0.000000 0.000000 0.090200 0.023200 0.047400 0.021200 0.000000
RoeDeer 0.186000 0.288600 0.069000 0.183000 0.069000 0.186000 0.046200 0.046200 0.069000 0.093400 0.162500 0.046200 0.163400 0.069000 0.046200 0.046200 0.093900 0.070800 0.241800 0.069000 0.046200 0.162500 0.141200 0.192700 0.139300 0.046200 0.192300 0.069000 0.046200 0.069000 0.093400 0.070400 0.070500 0.163400 0.163400 0.046200 0.162500 0.069000 0.046200 0.000000 0.092500 0.070200 0.093400 0.225300 0.046200 0.046200 0.046200 0.090700 0.072100 0.070100 0.069000 0.046200
WhiteLippe 0.131500 0.243000 0.090600 0.211400 0.090600 0.131500 0.068100 0.068100 0.090600 0.066500 0.158200 0.068100 0.158900 0.090600 0.068100 0.068100 0.119300 0.148900 0.181800 0.090600 0.068100 0.158200 0.040600 0.222200 0.135400 0.068100 0.186800 0.090700 0.068100 0.090600 0.066200 0.092400 0.095200 0.158900 0.158900 0.068100 0.158200 0.090600 0.068100 0.092500 0.000000 0.091900 0.066200 0.256500 0.068100 0.068100 0.068100 0.162000 0.094300 0.094700 0.090600 0.068100
ThomsonGaz 0.158100 0.285500 0.044900 0.188700 0.042000 0.158100 0.022500 0.022500 0.044900 0.095800 0.135400 0.022500 0.136000 0.044900 0.022500 0.021900 0.096500 0.126200 0.210800 0.044900 0.022500 0.135400 0.140100 0.258800 0.112800 0.022500 0.163300 0.044900 0.022500 0.044900 0.095800 0.045900 0.047200 0.136000 0.136000 0.022500 0.135400 0.044900 0.022500 0.070200 0.091900 0.000000 0.095800 0.297400 0.022500 0.022500 0.022500 0.114300 0.046900 0.071900 0.044900 0.022500
MuntiacusC 0.188100 0.292500 0.094200 0.185600 0.094200 0.188100 0.070900 0.070900 0.094200 0.000000 0.164300 0.070900 0.165200 0.094200 0.070900 0.070900 0.095200 0.124300 0.244700 0.094200 0.070900 0.164300 0.112000 0.255500 0.140800 0.070900 0.194600 0.094200 0.070900 0.094200 0.000000 0.096300 0.071200 0.165200 0.165200 0.070900 0.164300 0.094200 0.070900 0.093400 0.066200 0.095800 0.000000 0.293400 0.070900 0.070900 0.070900 0.169000 0.098500 0.070900 0.094200 0.070900
WhiteTaile 0.370000 0.319600 0.289800 0.432400 0.289800 0.370000 0.263500 0.263500 0.289800 0.293400 0.406800 0.263500 0.338800 0.289800 0.263500 0.263500 0.293100 0.202700 0.446700 0.289800 0.263500 0.406800 0.253000 0.019500 0.378800 0.263500 0.377200 0.289800 0.263500 0.289800 0.293400 0.295900 0.268700 0.338800 0.338800 0.263500 0.406800 0.289800 0.263500 0.225300 0.256500 0.297400 0.293400 0.000000 0.263500 0.263500 0.263500 0.250100 0.235300 0.263500 0.289800 0.263500
Cattle 0.134000 0.254100 0.021300 0.158800 0.021700 0.134000 0.000000 0.000000 0.022200 0.070900 0.111500 0.000000 0.112000 0.022200 0.000000 0.000000 0.071500 0.099500 0.185000 0.021300 0.000000 0.111500 0.115200 0.227500 0.089200 0.000000 0.138300 0.022200 0.000000 0.022200 0.070900 0.022700 0.047500 0.112000 0.112000 0.000000 0.111500 0.021600 0.000000 0.046200 0.068100 0.022500 0.070900 0.263500 0.000000 0.000000 0.000000 0.090200 0.023200 0.047400 0.022200 0.000000
RoyalAntel 0.134000 0.254100 0.021500 0.158800 0.022200 0.134000 0.000000 0.000000 0.021600 0.070900 0.111500 0.000000 0.112000 0.022200 0.000000 0.000000 0.071500 0.099500 0.185000 0.022200 0.000000 0.111500 0.115200 0.227500 0.089200 0.000000 0.138300 0.022200 0.000000 0.022200 0.070900 0.022700 0.047500 0.112000 0.112000 0.000000 0.111500 0.022200 0.000000 0.046200 0.068100 0.022500 0.070900 0.263500 0.000000 0.000000 0.000000 0.090200 0.023200 0.047400 0.022200 0.000000
Steenbok 0.134000 0.254100 0.021400 0.158800 0.021500 0.134000 0.000000 0.000000 0.022200 0.070900 0.111500 0.000000 0.112000 0.022200 0.000000 0.000000 0.071500 0.099500 0.185000 0.022200 0.000000 0.111500 0.115200 0.227500 0.089200 0.000000 0.138300 0.022200 0.000000 0.022200 0.070900 0.022700 0.047500 0.112000 0.112000 0.000000 0.111500 0.021600 0.000000 0.046200 0.068100 0.022500 0.070900 0.263500 0.000000 0.000000 0.000000 0.090200 0.023200 0.047400 0.022100 0.000000
Impala 0.128400 0.337800 0.112600 0.271800 0.112600 0.128400 0.090200 0.090200 0.112600 0.169000 0.106500 0.090200 0.106600 0.112600 0.090200 0.090200 0.143700 0.120100 0.177300 0.112600 0.090200 0.106500 0.212600 0.217100 0.084900 0.090200 0.131200 0.112600 0.090200 0.112600 0.169000 0.114800 0.145700 0.106600 0.106600 0.090200 0.106800 0.112600 0.090200 0.090700 0.162000 0.114300 0.169000 0.250100 0.090200 0.090200 0.090200 0.000000 0.117200 0.144400 0.112600 0.090200
Klipspring 0.161300 0.292000 0.046200 0.194900 0.046200 0.161300 0.023200 0.023200 0.046200 0.098500 0.138400 0.023200 0.139100 0.046200 0.023200 0.023200 0.099400 0.074700 0.215200 0.046200 0.023200 0.138400 0.143500 0.263500 0.115500 0.023200 0.167300 0.046200 0.023200 0.046200 0.098500 0.047200 0.074300 0.139100 0.139100 0.023200 0.138400 0.046200 0.023200 0.072100 0.094300 0.046900 0.098500 0.235300 0.023200 0.023200 0.023200 0.117200 0.000000 0.065300 0.046200 0.023200
ForestMusk 0.190000 0.294300 0.070800 0.158800 0.070800 0.190000 0.047400 0.046900 0.070800 0.070900 0.166100 0.047400 0.167000 0.070800 0.047400 0.047400 0.071500 0.099500 0.246600 0.070800 0.047400 0.166100 0.144400 0.227500 0.142400 0.047400 0.196800 0.070800 0.047400 0.070800 0.070900 0.072400 0.047500 0.167000 0.167000 0.047400 0.166100 0.070800 0.047400 0.070100 0.094700 0.071900 0.070900 0.263500 0.047400 0.047400 0.047400 0.144400 0.065300 0.000000 0.070800 0.047400
Bushbuck 0.156700 0.280000 0.000000 0.184200 0.044400 0.156700 0.022200 0.022200 0.000000 0.094200 0.134000 0.022200 0.134600 0.000000 0.022200 0.022200 0.095100 0.123600 0.208500 0.000000 0.022200 0.134000 0.138100 0.253300 0.111500 0.022200 0.161600 0.000000 0.022200 0.000000 0.094200 0.045300 0.071000 0.134600 0.134600 0.022200 0.134000 0.044400 0.021200 0.069000 0.090600 0.044900 0.094200 0.289800 0.022200 0.022200 0.022100 0.112600 0.046200 0.070800 0.000000 0.022200
GreaterKud 0.134000 0.254100 0.022200 0.158800 0.022200 0.134000 0.000000 0.000000 0.022200 0.070900 0.111500 0.000000 0.112000 0.022200 0.000000 0.000000 0.071500 0.099500 0.185000 0.021400 0.000000 0.111500 0.115200 0.227500 0.089200 0.000000 0.138300 0.022200 0.000000 0.022200 0.070900 0.022700 0.047500 0.112000 0.112000 0.000000 0.111500 0.022200 0.000000 0.046200 0.068100 0.022500 0.070900 0.263500 0.000000 0.000000 0.000000 0.090200 0.023200 0.047400 0.022200 0.000000
