CODONML (in paml version 4.10.7, June 2023)  /home/rachel/ruminants_paml/6406-phy-tree/ENSBTAT00000061274.fasta.phy
Model: free dN/dS Ratios for branches,  kappa = 2.000 fixed

Codon frequency model: F3x4
ns =  54  ls =  42

Codon usage in sequences
--------------------------------------------------------------------------------------------------------------------------------------
Phe TTT   0   0   0   0   0   0 | Ser TCT   0   0   0   0   0   0 | Tyr TAT   0   1   0   0   0   0 | Cys TGT   1   2   1   2   4   2
    TTC   0   0   0   0   0   0 |     TCC   1   1   1   1   1   1 |     TAC   1   0   1   1   1   1 |     TGC   8   7   8   7   5   7
Leu TTA   0   0   0   0   0   0 |     TCA   0   0   0   0   0   0 | *** TAA   0   0   0   0   0   0 | *** TGA   0   0   0   0   0   0
    TTG   0   0   0   0   0   0 |     TCG   0   0   0   0   0   0 |     TAG   0   0   0   0   0   0 | Trp TGG   0   0   0   0   0   0
--------------------------------------------------------------------------------------------------------------------------------------
Leu CTT   0   0   0   0   0   0 | Pro CCT   1   0   0   0   0   1 | His CAT   0   0   0   0   0   0 | Arg CGT   0   0   0   0   0   0
    CTC   0   0   0   0   0   0 |     CCC   1   2   2   2   4   1 |     CAC   0   0   0   0   0   0 |     CGC   1   1   1   1   1   1
    CTA   0   0   0   0   0   0 |     CCA   1   1   1   1   0   2 | Gln CAA   0   0   0   0   0   0 |     CGA   0   0   0   0   0   0
    CTG   1   1   1   1   1   1 |     CCG   2   2   2   2   1   1 |     CAG   2   2   2   2   2   2 |     CGG   1   1   1   1   1   1
--------------------------------------------------------------------------------------------------------------------------------------
Ile ATT   0   0   0   0   0   0 | Thr ACT   1   0   0   0   0   0 | Asn AAT   0   0   0   0   0   0 | Ser AGT   0   0   0   0   0   0
    ATC   1   1   1   1   1   1 |     ACC   0   0   1   1   0   1 |     AAC   1   1   1   1   1   1 |     AGC   1   1   1   1   1   1
    ATA   0   0   0   0   0   0 |     ACA   0   0   0   0   0   0 | Lys AAA   1   1   1   1   0   1 | Arg AGA   0   0   0   0   0   0
Met ATG   0   0   0   0   0   0 |     ACG   0   2   0   0   2   0 |     AAG   0   0   0   0   1   0 |     AGG   0   0   0   0   0   0
--------------------------------------------------------------------------------------------------------------------------------------
Val GTT   0   0   0   0   0   0 | Ala GCT   0   0   0   0   0   0 | Asp GAT   0   0   0   0   0   0 | Gly GGT   0   0   0   0   0   0
    GTC   0   0   0   0   0   0 |     GCC   1   1   1   1   1   1 |     GAC   2   2   2   2   2   2 |     GGC   0   0   0   0   0   0
    GTA   0   0   0   1   0   0 |     GCA   0   0   0   0   0   0 | Glu GAA   1   1   1   1   1   1 |     GGA   0   0   0   0   0   0
    GTG   5   5   5   4   5   5 |     GCG   2   1   2   2   1   2 |     GAG   4   4   4   4   4   4 |     GGG   1   1   1   1   1   1
--------------------------------------------------------------------------------------------------------------------------------------

--------------------------------------------------------------------------------------------------------------------------------------
Phe TTT   0   0   0   0   0   0 | Ser TCT   0   0   0   0   0   0 | Tyr TAT   0   0   0   0   0   0 | Cys TGT   1   1   1   1   2   2
    TTC   0   0   0   0   0   0 |     TCC   1   1   1   1   1   1 |     TAC   1   1   1   1   1   1 |     TGC   8   8   8   8   7   7
Leu TTA   0   0   0   0   0   0 |     TCA   0   0   0   0   0   0 | *** TAA   0   0   0   0   0   0 | *** TGA   0   0   0   0   0   0
    TTG   0   0   0   0   0   0 |     TCG   0   0   0   0   0   0 |     TAG   0   0   0   0   0   0 | Trp TGG   0   0   0   0   0   0
--------------------------------------------------------------------------------------------------------------------------------------
Leu CTT   0   0   0   0   0   0 | Pro CCT   0   1   0   0   0   0 | His CAT   0   0   0   0   0   0 | Arg CGT   0   0   0   0   0   0
    CTC   0   0   0   0   0   0 |     CCC   2   1   2   2   2   2 |     CAC   0   0   0   0   0   0 |     CGC   1   1   1   1   1   1
    CTA   0   0   0   0   0   0 |     CCA   2   1   1   1   1   0 | Gln CAA   0   0   0   0   0   0 |     CGA   0   0   0   0   0   0
    CTG   1   1   1   1   1   1 |     CCG   1   2   2   2   2   3 |     CAG   2   2   2   2   2   2 |     CGG   1   1   1   1   1   1
--------------------------------------------------------------------------------------------------------------------------------------
Ile ATT   0   0   0   0   0   0 | Thr ACT   0   0   0   0   0   0 | Asn AAT   0   0   0   0   0   0 | Ser AGT   0   0   0   0   0   0
    ATC   1   1   1   1   1   1 |     ACC   1   0   1   1   1   1 |     AAC   1   1   1   1   1   1 |     AGC   1   1   1   1   1   1
    ATA   0   0   0   0   0   0 |     ACA   0   0   0   0   0   0 | Lys AAA   1   1   1   1   1   1 | Arg AGA   0   0   0   0   0   0
Met ATG   0   0   0   0   0   0 |     ACG   0   1   0   0   0   0 |     AAG   0   0   0   0   0   0 |     AGG   0   0   0   0   0   0
--------------------------------------------------------------------------------------------------------------------------------------
Val GTT   0   0   0   0   0   0 | Ala GCT   0   0   0   0   0   0 | Asp GAT   0   0   0   0   0   0 | Gly GGT   0   0   0   0   0   0
    GTC   0   0   0   0   0   0 |     GCC   1   1   1   1   1   1 |     GAC   2   2   2   2   2   2 |     GGC   0   0   0   0   0   0
    GTA   0   0   0   0   0   0 |     GCA   0   0   0   0   0   0 | Glu GAA   1   1   1   1   1   1 |     GGA   0   0   0   0   0   0
    GTG   5   5   5   5   5   5 |     GCG   2   2   2   2   2   2 |     GAG   4   4   4   4   4   4 |     GGG   1   1   1   1   1   1
--------------------------------------------------------------------------------------------------------------------------------------

--------------------------------------------------------------------------------------------------------------------------------------
Phe TTT   0   0   0   0   0   0 | Ser TCT   0   0   0   0   0   0 | Tyr TAT   0   0   0   0   0   0 | Cys TGT   0   1   1   2   1   1
    TTC   0   0   0   0   0   0 |     TCC   1   1   1   1   1   1 |     TAC   1   1   1   1   1   1 |     TGC   9   8   8   7   8   8
Leu TTA   0   0   0   0   0   0 |     TCA   0   0   0   0   0   0 | *** TAA   0   0   0   0   0   0 | *** TGA   0   0   0   0   0   0
    TTG   0   0   0   0   0   0 |     TCG   0   0   0   0   0   0 |     TAG   0   0   0   0   0   0 | Trp TGG   0   0   0   0   0   0
--------------------------------------------------------------------------------------------------------------------------------------
Leu CTT   0   0   0   0   0   0 | Pro CCT   0   0   0   0   0   0 | His CAT   0   0   0   0   0   0 | Arg CGT   0   0   0   0   0   0
    CTC   0   0   0   0   0   0 |     CCC   2   2   2   2   2   1 |     CAC   0   0   0   0   0   0 |     CGC   1   1   1   1   1   1
    CTA   0   0   0   0   0   0 |     CCA   1   1   1   1   1   2 | Gln CAA   0   0   0   0   0   0 |     CGA   0   0   0   0   0   0
    CTG   1   1   1   1   1   1 |     CCG   2   2   2   2   2   2 |     CAG   2   2   2   2   2   2 |     CGG   1   1   1   1   1   1
--------------------------------------------------------------------------------------------------------------------------------------
Ile ATT   0   0   0   0   0   0 | Thr ACT   1   0   0   0   0   0 | Asn AAT   0   0   0   0   0   0 | Ser AGT   0   0   0   0   0   0
    ATC   1   1   1   1   1   1 |     ACC   0   1   1   1   1   1 |     AAC   1   1   1   1   1   1 |     AGC   1   1   1   1   1   1
    ATA   0   0   0   0   0   0 |     ACA   0   0   0   0   0   0 | Lys AAA   1   1   1   1   1   1 | Arg AGA   0   0   0   0   0   0
Met ATG   0   0   0   0   0   0 |     ACG   0   0   0   0   0   0 |     AAG   0   0   0   0   0   0 |     AGG   0   0   0   0   0   0
--------------------------------------------------------------------------------------------------------------------------------------
Val GTT   0   0   0   0   0   0 | Ala GCT   0   0   0   0   0   0 | Asp GAT   0   0   0   0   0   0 | Gly GGT   0   0   0   0   0   0
    GTC   0   0   0   0   0   0 |     GCC   1   1   1   1   1   1 |     GAC   2   2   2   2   2   2 |     GGC   0   0   0   0   0   0
    GTA   0   0   0   0   0   0 |     GCA   0   0   0   0   0   0 | Glu GAA   1   1   1   1   1   1 |     GGA   0   0   0   0   0   0
    GTG   5   5   5   5   5   5 |     GCG   2   2   2   2   2   2 |     GAG   4   4   4   4   4   4 |     GGG   1   1   1   1   1   1
--------------------------------------------------------------------------------------------------------------------------------------

--------------------------------------------------------------------------------------------------------------------------------------
Phe TTT   0   0   0   0   0   0 | Ser TCT   1   1   0   0   0   0 | Tyr TAT   0   0   1   0   0   0 | Cys TGT   1   1   2   2   1   1
    TTC   0   0   0   0   0   0 |     TCC   0   0   1   1   1   1 |     TAC   1   1   0   1   1   1 |     TGC   8   8   7   7   8   8
Leu TTA   0   0   0   0   0   0 |     TCA   0   0   0   0   0   0 | *** TAA   0   0   0   0   0   0 | *** TGA   0   0   0   0   0   0
    TTG   0   0   0   0   0   0 |     TCG   0   0   0   0   0   0 |     TAG   0   0   0   0   0   0 | Trp TGG   0   0   0   0   0   0
--------------------------------------------------------------------------------------------------------------------------------------
Leu CTT   0   0   0   0   0   0 | Pro CCT   0   1   0   1   0   1 | His CAT   0   0   0   0   0   0 | Arg CGT   0   0   0   0   0   0
    CTC   0   0   0   0   0   0 |     CCC   1   1   2   1   2   1 |     CAC   0   0   0   0   0   0 |     CGC   1   1   1   1   1   1
    CTA   0   0   0   0   0   0 |     CCA   2   2   1   1   1   1 | Gln CAA   0   0   0   0   0   0 |     CGA   0   0   0   0   0   0
    CTG   1   1   1   1   1   1 |     CCG   2   1   2   2   2   2 |     CAG   2   2   2   2   2   2 |     CGG   1   1   1   1   1   1
--------------------------------------------------------------------------------------------------------------------------------------
Ile ATT   0   0   0   0   0   0 | Thr ACT   0   0   0   0   0   0 | Asn AAT   0   0   0   0   0   0 | Ser AGT   0   0   0   0   0   0
    ATC   1   1   1   1   1   1 |     ACC   1   1   1   0   1   1 |     AAC   1   1   1   1   1   1 |     AGC   1   1   1   1   1   1
    ATA   0   0   0   0   0   0 |     ACA   0   0   0   0   0   0 | Lys AAA   1   1   1   1   1   1 | Arg AGA   0   0   0   0   0   0
Met ATG   0   0   0   0   0   0 |     ACG   0   0   0   1   0   0 |     AAG   0   0   0   0   0   0 |     AGG   0   0   0   0   0   0
--------------------------------------------------------------------------------------------------------------------------------------
Val GTT   0   0   0   0   0   0 | Ala GCT   0   0   0   0   0   0 | Asp GAT   0   0   0   0   0   0 | Gly GGT   0   0   0   0   0   0
    GTC   0   0   0   0   0   0 |     GCC   2   2   1   1   1   1 |     GAC   2   2   2   2   2   2 |     GGC   0   0   0   0   0   0
    GTA   0   0   0   0   0   0 |     GCA   1   1   0   0   0   0 | Glu GAA   1   1   1   1   1   1 |     GGA   0   0   0   0   0   0
    GTG   5   5   5   5   5   5 |     GCG   0   0   2   2   2   2 |     GAG   4   4   4   4   4   4 |     GGG   1   1   1   1   1   1
--------------------------------------------------------------------------------------------------------------------------------------

--------------------------------------------------------------------------------------------------------------------------------------
Phe TTT   0   0   0   0   0   0 | Ser TCT   0   0   0   0   0   0 | Tyr TAT   0   0   0   0   1   1 | Cys TGT   3   1   1   1   1   2
    TTC   0   0   0   0   0   0 |     TCC   1   1   1   1   1   1 |     TAC   1   1   1   1   0   0 |     TGC   6   8   8   8   8   7
Leu TTA   0   0   0   0   0   0 |     TCA   0   0   0   0   0   0 | *** TAA   0   0   0   0   0   0 | *** TGA   0   0   0   0   0   0
    TTG   0   0   0   0   0   0 |     TCG   0   0   0   0   0   0 |     TAG   0   0   0   0   0   0 | Trp TGG   0   0   0   0   0   0
--------------------------------------------------------------------------------------------------------------------------------------
Leu CTT   0   0   0   0   0   0 | Pro CCT   0   0   1   0   0   0 | His CAT   0   0   0   0   0   0 | Arg CGT   0   0   0   0   0   0
    CTC   0   0   0   0   0   0 |     CCC   2   2   1   2   2   2 |     CAC   0   0   0   0   0   0 |     CGC   1   1   1   1   1   1
    CTA   0   0   0   0   0   0 |     CCA   0   0   1   1   1   1 | Gln CAA   0   0   0   0   0   0 |     CGA   0   0   0   0   0   0
    CTG   1   1   1   1   1   1 |     CCG   3   3   2   2   2   2 |     CAG   2   2   2   2   2   2 |     CGG   1   1   1   1   1   1
--------------------------------------------------------------------------------------------------------------------------------------
Ile ATT   0   0   0   0   0   0 | Thr ACT   0   0   1   0   0   0 | Asn AAT   0   0   0   0   0   0 | Ser AGT   0   0   0   0   0   0
    ATC   1   1   1   1   1   1 |     ACC   1   1   0   1   1   1 |     AAC   1   1   1   1   1   1 |     AGC   1   1   1   1   1   1
    ATA   0   0   0   0   0   0 |     ACA   0   0   0   0   0   0 | Lys AAA   1   1   1   1   1   1 | Arg AGA   0   0   0   0   0   0
Met ATG   0   0   0   0   0   0 |     ACG   0   0   0   0   0   0 |     AAG   0   0   0   0   0   0 |     AGG   0   0   0   0   0   0
--------------------------------------------------------------------------------------------------------------------------------------
Val GTT   0   0   0   0   0   1 | Ala GCT   0   0   0   0   0   0 | Asp GAT   0   0   0   0   0   0 | Gly GGT   0   0   0   0   0   0
    GTC   0   0   0   0   0   0 |     GCC   1   1   1   1   1   1 |     GAC   2   2   2   2   2   2 |     GGC   0   0   0   0   0   0
    GTA   0   0   0   0   0   0 |     GCA   0   0   0   0   0   0 | Glu GAA   1   0   1   1   1   1 |     GGA   0   0   0   0   0   0
    GTG   5   5   5   5   5   4 |     GCG   2   2   2   2   2   2 |     GAG   4   5   4   4   4   4 |     GGG   1   1   1   1   1   1
--------------------------------------------------------------------------------------------------------------------------------------

--------------------------------------------------------------------------------------------------------------------------------------
Phe TTT   0   0   0   0   0   0 | Ser TCT   0   0   0   0   0   0 | Tyr TAT   0   0   0   0   0   0 | Cys TGT   1   2   2   1   1   1
    TTC   0   0   0   0   0   0 |     TCC   1   1   1   1   1   1 |     TAC   1   1   1   1   1   1 |     TGC   8   7   7   8   8   8
Leu TTA   0   0   0   0   0   0 |     TCA   0   0   0   0   0   0 | *** TAA   0   0   0   0   0   0 | *** TGA   0   0   0   0   0   0
    TTG   0   0   0   0   0   0 |     TCG   0   0   0   0   0   0 |     TAG   0   0   0   0   0   0 | Trp TGG   0   0   0   0   0   0
--------------------------------------------------------------------------------------------------------------------------------------
Leu CTT   0   0   0   0   0   0 | Pro CCT   0   0   0   0   0   0 | His CAT   0   0   0   0   0   0 | Arg CGT   0   0   0   0   0   0
    CTC   0   0   0   0   0   0 |     CCC   2   1   2   2   2   2 |     CAC   0   0   0   0   0   0 |     CGC   1   1   0   1   1   1
    CTA   0   0   0   0   0   0 |     CCA   1   1   0   1   0   1 | Gln CAA   0   0   0   0   0   0 |     CGA   0   0   1   0   0   0
    CTG   1   1   1   1   1   1 |     CCG   2   3   3   2   3   2 |     CAG   2   2   2   2   2   2 |     CGG   1   1   1   1   1   1
--------------------------------------------------------------------------------------------------------------------------------------
Ile ATT   0   0   0   0   0   0 | Thr ACT   0   0   0   0   0   0 | Asn AAT   0   0   1   0   0   0 | Ser AGT   0   0   0   0   0   0
    ATC   1   1   1   1   1   1 |     ACC   1   1   1   1   1   1 |     AAC   1   1   0   1   1   1 |     AGC   1   1   1   1   1   1
    ATA   0   0   0   0   0   0 |     ACA   0   0   0   0   0   0 | Lys AAA   1   1   1   1   0   1 | Arg AGA   0   0   0   0   1   0
Met ATG   0   0   0   0   0   0 |     ACG   0   0   0   0   0   0 |     AAG   0   0   0   0   0   0 |     AGG   0   0   0   0   0   0
--------------------------------------------------------------------------------------------------------------------------------------
Val GTT   0   1   0   0   0   0 | Ala GCT   0   0   0   0   0   0 | Asp GAT   0   0   0   0   0   0 | Gly GGT   0   0   0   0   0   0
    GTC   0   0   0   0   0   0 |     GCC   1   1   1   1   1   1 |     GAC   2   2   2   2   2   2 |     GGC   0   0   0   0   0   0
    GTA   0   0   0   0   0   0 |     GCA   0   0   0   0   0   0 | Glu GAA   1   1   1   1   1   1 |     GGA   0   0   0   0   0   0
    GTG   5   4   5   5   5   5 |     GCG   2   2   2   2   2   2 |     GAG   4   4   4   4   4   4 |     GGG   1   1   1   1   1   1
--------------------------------------------------------------------------------------------------------------------------------------

--------------------------------------------------------------------------------------------------------------------------------------
Phe TTT   0   0   0   0   0   0 | Ser TCT   0   0   0   1   0   0 | Tyr TAT   0   0   0   0   0   0 | Cys TGT   2   1   1   1   1   1
    TTC   0   0   0   0   0   0 |     TCC   1   1   1   0   1   1 |     TAC   1   1   1   1   1   1 |     TGC   7   8   8   8   8   8
Leu TTA   0   0   0   0   0   0 |     TCA   0   0   0   0   0   0 | *** TAA   0   0   0   0   0   0 | *** TGA   0   0   0   0   0   0
    TTG   0   0   0   0   0   0 |     TCG   0   0   0   0   0   0 |     TAG   0   0   0   0   0   0 | Trp TGG   0   0   0   0   0   0
--------------------------------------------------------------------------------------------------------------------------------------
Leu CTT   0   0   0   0   0   0 | Pro CCT   0   0   1   0   0   0 | His CAT   0   0   0   0   0   0 | Arg CGT   0   0   0   0   0   0
    CTC   0   0   0   0   0   0 |     CCC   2   2   1   2   3   2 |     CAC   0   0   0   0   0   0 |     CGC   1   1   1   1   1   1
    CTA   0   0   0   0   0   0 |     CCA   1   1   1   2   1   0 | Gln CAA   0   0   0   0   0   0 |     CGA   0   0   0   0   0   0
    CTG   1   1   1   1   1   1 |     CCG   2   2   2   1   2   3 |     CAG   2   2   2   2   2   2 |     CGG   1   1   1   1   1   1
--------------------------------------------------------------------------------------------------------------------------------------
Ile ATT   0   0   0   0   0   0 | Thr ACT   0   0   1   0   0   0 | Asn AAT   0   0   0   0   0   0 | Ser AGT   0   0   0   0   0   0
    ATC   1   1   1   1   1   1 |     ACC   1   1   0   1   1   1 |     AAC   1   1   1   1   1   1 |     AGC   1   1   1   1   1   1
    ATA   0   0   0   0   0   0 |     ACA   0   0   0   0   0   0 | Lys AAA   1   1   1   1   1   1 | Arg AGA   0   0   0   0   0   0
Met ATG   0   0   0   0   0   0 |     ACG   0   0   0   0   0   0 |     AAG   0   0   0   0   0   0 |     AGG   0   0   0   0   0   0
--------------------------------------------------------------------------------------------------------------------------------------
Val GTT   0   0   0   0   0   0 | Ala GCT   0   0   0   0   0   0 | Asp GAT   0   0   0   0   0   0 | Gly GGT   0   0   0   0   0   0
    GTC   0   0   0   0   0   0 |     GCC   1   1   1   1   0   1 |     GAC   2   2   2   2   2   2 |     GGC   0   0   0   0   0   0
    GTA   0   0   0   0   0   0 |     GCA   0   0   0   1   0   0 | Glu GAA   1   1   1   1   1   0 |     GGA   0   0   0   0   0   0
    GTG   5   5   5   5   5   5 |     GCG   2   2   2   1   2   2 |     GAG   4   4   4   4   4   5 |     GGG   1   1   1   1   1   1
--------------------------------------------------------------------------------------------------------------------------------------

--------------------------------------------------------------------------------------------------------------------------------------
Phe TTT   0   0   0   0   0   0 | Ser TCT   0   0   0   0   0   0 | Tyr TAT   0   0   0   0   0   0 | Cys TGT   3   1   2   1   1   1
    TTC   0   0   0   0   0   0 |     TCC   1   1   1   1   1   1 |     TAC   1   1   1   1   1   1 |     TGC   6   8   7   8   8   8
Leu TTA   0   0   0   0   0   0 |     TCA   0   0   0   0   0   0 | *** TAA   0   0   0   0   0   0 | *** TGA   0   0   0   0   0   0
    TTG   0   0   0   0   0   0 |     TCG   0   0   0   0   0   0 |     TAG   0   0   0   0   0   0 | Trp TGG   0   0   0   0   0   0
--------------------------------------------------------------------------------------------------------------------------------------
Leu CTT   0   0   0   0   0   0 | Pro CCT   0   0   0   0   0   0 | His CAT   0   0   0   0   0   0 | Arg CGT   0   0   0   0   0   0
    CTC   0   0   0   0   0   0 |     CCC   2   2   2   2   2   2 |     CAC   0   0   0   0   0   0 |     CGC   1   1   1   1   1   1
    CTA   0   0   0   0   0   0 |     CCA   1   1   0   0   1   1 | Gln CAA   0   0   0   0   0   0 |     CGA   0   0   0   0   0   0
    CTG   1   1   1   1   1   1 |     CCG   2   2   3   3   2   2 |     CAG   2   2   2   2   2   2 |     CGG   1   1   1   1   1   1
--------------------------------------------------------------------------------------------------------------------------------------
Ile ATT   0   0   0   0   0   0 | Thr ACT   0   0   0   0   0   0 | Asn AAT   0   0   0   0   0   0 | Ser AGT   0   0   0   0   0   0
    ATC   1   1   1   1   1   1 |     ACC   1   1   1   1   1   1 |     AAC   1   1   1   1   1   1 |     AGC   1   1   1   1   1   1
    ATA   0   0   0   0   0   0 |     ACA   0   0   0   0   0   0 | Lys AAA   1   1   1   1   1   0 | Arg AGA   0   0   0   0   0   0
Met ATG   0   0   0   0   0   0 |     ACG   0   0   0   0   0   0 |     AAG   0   0   0   0   0   1 |     AGG   0   0   0   0   0   0
--------------------------------------------------------------------------------------------------------------------------------------
Val GTT   0   0   0   0   0   0 | Ala GCT   0   0   0   0   0   0 | Asp GAT   0   0   0   0   0   0 | Gly GGT   0   0   0   0   0   0
    GTC   0   0   0   0   0   0 |     GCC   1   1   1   2   1   1 |     GAC   2   2   2   2   2   2 |     GGC   0   0   0   0   0   0
    GTA   0   0   0   0   0   0 |     GCA   0   0   0   0   0   0 | Glu GAA   1   1   1   0   1   1 |     GGA   0   0   0   0   0   0
    GTG   5   5   5   5   5   5 |     GCG   2   2   2   1   2   2 |     GAG   4   4   4   5   4   4 |     GGG   1   1   1   1   1   1
--------------------------------------------------------------------------------------------------------------------------------------

--------------------------------------------------------------------------------------------------------------------------------------
Phe TTT   0   0   0   0   0   0 | Ser TCT   0   0   0   0   1   0 | Tyr TAT   0   0   1   0   0   0 | Cys TGT   1   1   1   2   2   2
    TTC   0   0   0   0   0   0 |     TCC   1   1   1   1   0   1 |     TAC   1   1   0   1   1   1 |     TGC   8   8   8   7   7   7
Leu TTA   0   0   0   0   0   0 |     TCA   0   0   0   0   0   0 | *** TAA   0   0   0   0   0   0 | *** TGA   0   0   0   0   0   0
    TTG   0   0   0   0   0   0 |     TCG   0   0   0   0   0   0 |     TAG   0   0   0   0   0   0 | Trp TGG   0   0   0   0   0   0
--------------------------------------------------------------------------------------------------------------------------------------
Leu CTT   0   0   0   0   0   0 | Pro CCT   0   0   0   0   0   0 | His CAT   0   0   0   0   0   0 | Arg CGT   0   0   0   0   0   0
    CTC   0   0   0   0   0   0 |     CCC   2   2   2   2   2   2 |     CAC   0   0   0   0   0   0 |     CGC   1   1   1   1   1   1
    CTA   0   0   0   0   0   0 |     CCA   1   1   1   1   1   1 | Gln CAA   0   0   0   0   0   0 |     CGA   0   0   0   0   0   0
    CTG   1   1   1   1   1   1 |     CCG   2   2   2   2   2   2 |     CAG   2   2   2   2   2   2 |     CGG   1   1   1   1   1   1
--------------------------------------------------------------------------------------------------------------------------------------
Ile ATT   0   1   0   0   0   0 | Thr ACT   0   0   0   0   0   0 | Asn AAT   0   0   0   0   0   0 | Ser AGT   0   0   0   0   0   0
    ATC   1   0   1   1   1   1 |     ACC   1   1   1   1   1   1 |     AAC   1   1   1   1   1   1 |     AGC   1   1   1   1   1   1
    ATA   0   0   0   0   0   0 |     ACA   0   0   0   0   0   0 | Lys AAA   1   1   1   1   1   1 | Arg AGA   0   0   0   0   0   0
Met ATG   0   0   0   0   0   0 |     ACG   0   0   0   0   0   0 |     AAG   0   0   0   0   0   0 |     AGG   0   0   0   0   0   0
--------------------------------------------------------------------------------------------------------------------------------------
Val GTT   0   0   0   0   1   0 | Ala GCT   0   0   0   0   0   0 | Asp GAT   0   0   0   0   0   0 | Gly GGT   0   0   0   0   0   0
    GTC   0   0   0   0   0   0 |     GCC   1   1   1   1   1   1 |     GAC   2   2   2   2   2   2 |     GGC   0   0   0   0   0   0
    GTA   0   0   0   1   0   0 |     GCA   0   0   1   0   0   0 | Glu GAA   1   1   1   1   1   1 |     GGA   0   0   0   0   0   0
    GTG   5   5   5   4   4   5 |     GCG   2   2   1   2   2   2 |     GAG   4   4   4   4   4   4 |     GGG   1   1   1   1   1   1
--------------------------------------------------------------------------------------------------------------------------------------

Codon position x base (3x4) table for each sequence.

#1: Argali         
position  1:    T:0.26190    C:0.23810    A:0.11905    G:0.38095
position  2:    T:0.16667    C:0.23810    A:0.28571    G:0.30952
position  3:    T:0.07143    C:0.42857    A:0.07143    G:0.42857
Average         T:0.16667    C:0.30159    A:0.15873    G:0.37302

#2: LesserMouseDeer
position  1:    T:0.26190    C:0.23810    A:0.14286    G:0.35714
position  2:    T:0.16667    C:0.23810    A:0.28571    G:0.30952
position  3:    T:0.07143    C:0.40476    A:0.07143    G:0.45238
Average         T:0.16667    C:0.29365    A:0.16667    G:0.37302

#3: LesserKudu     
position  1:    T:0.26190    C:0.23810    A:0.11905    G:0.38095
position  2:    T:0.16667    C:0.23810    A:0.28571    G:0.30952
position  3:    T:0.02381    C:0.47619    A:0.07143    G:0.42857
Average         T:0.15079    C:0.31746    A:0.15873    G:0.37302

#4: ForestMuskDeer2
position  1:    T:0.26190    C:0.23810    A:0.11905    G:0.38095
position  2:    T:0.16667    C:0.23810    A:0.28571    G:0.30952
position  3:    T:0.04762    C:0.45238    A:0.09524    G:0.40476
Average         T:0.15873    C:0.30952    A:0.16667    G:0.36508

#5: Camel          
position  1:    T:0.26190    C:0.23810    A:0.14286    G:0.35714
position  2:    T:0.16667    C:0.23810    A:0.28571    G:0.30952
position  3:    T:0.09524    C:0.42857    A:0.02381    G:0.45238
Average         T:0.17460    C:0.30159    A:0.15079    G:0.37302

#6: KillerWhale    
position  1:    T:0.26190    C:0.23810    A:0.11905    G:0.38095
position  2:    T:0.16667    C:0.23810    A:0.28571    G:0.30952
position  3:    T:0.07143    C:0.42857    A:0.09524    G:0.40476
Average         T:0.16667    C:0.30159    A:0.16667    G:0.36508

#7: DefassaWaterbuck
position  1:    T:0.26190    C:0.23810    A:0.11905    G:0.38095
position  2:    T:0.16667    C:0.23810    A:0.28571    G:0.30952
position  3:    T:0.02381    C:0.47619    A:0.09524    G:0.40476
Average         T:0.15079    C:0.31746    A:0.16667    G:0.36508

#8: Sheep          
position  1:    T:0.26190    C:0.23810    A:0.11905    G:0.38095
position  2:    T:0.16667    C:0.23810    A:0.28571    G:0.30952
position  3:    T:0.04762    C:0.42857    A:0.07143    G:0.45238
Average         T:0.15873    C:0.30159    A:0.15873    G:0.38095

#9: MaxwellsDuiker 
position  1:    T:0.26190    C:0.23810    A:0.11905    G:0.38095
position  2:    T:0.16667    C:0.23810    A:0.28571    G:0.30952
position  3:    T:0.02381    C:0.47619    A:0.07143    G:0.42857
Average         T:0.15079    C:0.31746    A:0.15873    G:0.37302

#10: GazellaPrzewalskyi
position  1:    T:0.26190    C:0.23810    A:0.11905    G:0.38095
position  2:    T:0.16667    C:0.23810    A:0.28571    G:0.30952
position  3:    T:0.02381    C:0.47619    A:0.07143    G:0.42857
Average         T:0.15079    C:0.31746    A:0.15873    G:0.37302

#11: MountainNyala  
position  1:    T:0.26190    C:0.23810    A:0.11905    G:0.38095
position  2:    T:0.16667    C:0.23810    A:0.28571    G:0.30952
position  3:    T:0.04762    C:0.45238    A:0.07143    G:0.42857
Average         T:0.15873    C:0.30952    A:0.15873    G:0.37302

#12: MuntiacusMuntjak
position  1:    T:0.26190    C:0.23810    A:0.11905    G:0.38095
position  2:    T:0.16667    C:0.23810    A:0.28571    G:0.30952
position  3:    T:0.04762    C:0.45238    A:0.04762    G:0.45238
Average         T:0.15873    C:0.30952    A:0.15079    G:0.38095

#13: goat           
position  1:    T:0.26190    C:0.23810    A:0.11905    G:0.38095
position  2:    T:0.16667    C:0.23810    A:0.28571    G:0.30952
position  3:    T:0.02381    C:0.47619    A:0.07143    G:0.42857
Average         T:0.15079    C:0.31746    A:0.15873    G:0.37302

#14: AfricanBuffalo 
position  1:    T:0.26190    C:0.23810    A:0.11905    G:0.38095
position  2:    T:0.16667    C:0.23810    A:0.28571    G:0.30952
position  3:    T:0.02381    C:0.47619    A:0.07143    G:0.42857
Average         T:0.15079    C:0.31746    A:0.15873    G:0.37302

#15: Topi           
position  1:    T:0.26190    C:0.23810    A:0.11905    G:0.38095
position  2:    T:0.16667    C:0.23810    A:0.28571    G:0.30952
position  3:    T:0.02381    C:0.47619    A:0.07143    G:0.42857
Average         T:0.15079    C:0.31746    A:0.15873    G:0.37302

#16: CommonDuiker   
position  1:    T:0.26190    C:0.23810    A:0.11905    G:0.38095
position  2:    T:0.16667    C:0.23810    A:0.28571    G:0.30952
position  3:    T:0.04762    C:0.45238    A:0.07143    G:0.42857
Average         T:0.15873    C:0.30952    A:0.15873    G:0.37302

#17: Suni           
position  1:    T:0.26190    C:0.23810    A:0.11905    G:0.38095
position  2:    T:0.16667    C:0.23810    A:0.28571    G:0.30952
position  3:    T:0.02381    C:0.47619    A:0.07143    G:0.42857
Average         T:0.15079    C:0.31746    A:0.15873    G:0.37302

#18: Springbuck     
position  1:    T:0.26190    C:0.23810    A:0.11905    G:0.38095
position  2:    T:0.16667    C:0.23810    A:0.28571    G:0.30952
position  3:    T:0.02381    C:0.45238    A:0.09524    G:0.42857
Average         T:0.15079    C:0.30952    A:0.16667    G:0.37302

#19: Okapi          
position  1:    T:0.26190    C:0.23810    A:0.11905    G:0.38095
position  2:    T:0.16667    C:0.23810    A:0.28571    G:0.30952
position  3:    T:0.04762    C:0.45238    A:0.11905    G:0.38095
Average         T:0.15873    C:0.30952    A:0.17460    G:0.35714

#20: Giraffe        
position  1:    T:0.26190    C:0.23810    A:0.11905    G:0.38095
position  2:    T:0.16667    C:0.23810    A:0.28571    G:0.30952
position  3:    T:0.07143    C:0.45238    A:0.11905    G:0.35714
Average         T:0.16667    C:0.30952    A:0.17460    G:0.34921

#21: TibetanAntelope
position  1:    T:0.26190    C:0.23810    A:0.11905    G:0.38095
position  2:    T:0.16667    C:0.23810    A:0.28571    G:0.30952
position  3:    T:0.07143    C:0.42857    A:0.07143    G:0.42857
Average         T:0.16667    C:0.30159    A:0.15873    G:0.37302

#22: Sitatunga      
position  1:    T:0.26190    C:0.23810    A:0.11905    G:0.38095
position  2:    T:0.16667    C:0.23810    A:0.28571    G:0.30952
position  3:    T:0.07143    C:0.40476    A:0.07143    G:0.45238
Average         T:0.16667    C:0.29365    A:0.15873    G:0.38095

#23: Oribi          
position  1:    T:0.26190    C:0.23810    A:0.11905    G:0.38095
position  2:    T:0.16667    C:0.23810    A:0.28571    G:0.30952
position  3:    T:0.02381    C:0.47619    A:0.07143    G:0.42857
Average         T:0.15079    C:0.31746    A:0.15873    G:0.37302

#24: BarbarySheep   
position  1:    T:0.26190    C:0.23810    A:0.11905    G:0.38095
position  2:    T:0.16667    C:0.23810    A:0.28571    G:0.30952
position  3:    T:0.04762    C:0.45238    A:0.07143    G:0.42857
Average         T:0.15873    C:0.30952    A:0.15873    G:0.37302

#25: Daviddeer      
position  1:    T:0.26190    C:0.23810    A:0.11905    G:0.38095
position  2:    T:0.16667    C:0.23810    A:0.28571    G:0.30952
position  3:    T:0.07143    C:0.42857    A:0.04762    G:0.45238
Average         T:0.16667    C:0.30159    A:0.15079    G:0.38095

#26: Reindeer       
position  1:    T:0.26190    C:0.23810    A:0.11905    G:0.38095
position  2:    T:0.16667    C:0.23810    A:0.28571    G:0.30952
position  3:    T:0.02381    C:0.47619    A:0.02381    G:0.47619
Average         T:0.15079    C:0.31746    A:0.14286    G:0.38889

#27: Ibex           
position  1:    T:0.26190    C:0.23810    A:0.11905    G:0.38095
position  2:    T:0.16667    C:0.23810    A:0.28571    G:0.30952
position  3:    T:0.07143    C:0.42857    A:0.07143    G:0.42857
Average         T:0.16667    C:0.30159    A:0.15873    G:0.37302

#28: GyrantGazelle  
position  1:    T:0.26190    C:0.23810    A:0.11905    G:0.38095
position  2:    T:0.16667    C:0.23810    A:0.28571    G:0.30952
position  3:    T:0.02381    C:0.47619    A:0.07143    G:0.42857
Average         T:0.15079    C:0.31746    A:0.15873    G:0.37302

#29: Hartebeest     
position  1:    T:0.26190    C:0.23810    A:0.11905    G:0.38095
position  2:    T:0.16667    C:0.23810    A:0.28571    G:0.30952
position  3:    T:0.04762    C:0.45238    A:0.07143    G:0.42857
Average         T:0.15873    C:0.30952    A:0.15873    G:0.37302

#30: Bongo          
position  1:    T:0.26190    C:0.23810    A:0.11905    G:0.38095
position  2:    T:0.16667    C:0.23810    A:0.28571    G:0.30952
position  3:    T:0.09524    C:0.42857    A:0.07143    G:0.40476
Average         T:0.17460    C:0.30159    A:0.15873    G:0.36508

#31: Gerenuk        
position  1:    T:0.26190    C:0.23810    A:0.11905    G:0.38095
position  2:    T:0.16667    C:0.23810    A:0.28571    G:0.30952
position  3:    T:0.02381    C:0.47619    A:0.07143    G:0.42857
Average         T:0.15079    C:0.31746    A:0.15873    G:0.37302

#32: CommonEland    
position  1:    T:0.26190    C:0.23810    A:0.11905    G:0.38095
position  2:    T:0.16667    C:0.23810    A:0.28571    G:0.30952
position  3:    T:0.07143    C:0.42857    A:0.07143    G:0.42857
Average         T:0.16667    C:0.30159    A:0.15873    G:0.37302

#33: MuntiacusReevesi
position  1:    T:0.26190    C:0.23810    A:0.11905    G:0.38095
position  2:    T:0.16667    C:0.23810    A:0.28571    G:0.30952
position  3:    T:0.07143    C:0.40476    A:0.07143    G:0.45238
Average         T:0.16667    C:0.29365    A:0.15873    G:0.38095

#34: HarveysDuiker  
position  1:    T:0.26190    C:0.23810    A:0.11905    G:0.38095
position  2:    T:0.16667    C:0.23810    A:0.28571    G:0.30952
position  3:    T:0.02381    C:0.47619    A:0.07143    G:0.42857
Average         T:0.15079    C:0.31746    A:0.15873    G:0.37302

#35: Pronghorn      
position  1:    T:0.26190    C:0.23810    A:0.11905    G:0.38095
position  2:    T:0.16667    C:0.23810    A:0.26190    G:0.33333
position  3:    T:0.02381    C:0.47619    A:0.04762    G:0.45238
Average         T:0.15079    C:0.31746    A:0.14286    G:0.38889

#36: BlueWildebeest 
position  1:    T:0.26190    C:0.23810    A:0.11905    G:0.38095
position  2:    T:0.16667    C:0.23810    A:0.28571    G:0.30952
position  3:    T:0.02381    C:0.47619    A:0.07143    G:0.42857
Average         T:0.15079    C:0.31746    A:0.15873    G:0.37302

#37: Gemsbok        
position  1:    T:0.26190    C:0.23810    A:0.11905    G:0.38095
position  2:    T:0.16667    C:0.23810    A:0.28571    G:0.30952
position  3:    T:0.04762    C:0.45238    A:0.07143    G:0.42857
Average         T:0.15873    C:0.30952    A:0.15873    G:0.37302

#38: Yak            
position  1:    T:0.26190    C:0.23810    A:0.11905    G:0.38095
position  2:    T:0.16667    C:0.23810    A:0.28571    G:0.30952
position  3:    T:0.02381    C:0.47619    A:0.07143    G:0.42857
Average         T:0.15079    C:0.31746    A:0.15873    G:0.37302

#39: BlueSheep      
position  1:    T:0.26190    C:0.23810    A:0.11905    G:0.38095
position  2:    T:0.16667    C:0.23810    A:0.28571    G:0.30952
position  3:    T:0.07143    C:0.42857    A:0.07143    G:0.42857
Average         T:0.16667    C:0.30159    A:0.15873    G:0.37302

#40: BohorReedbuck  
position  1:    T:0.26190    C:0.23810    A:0.11905    G:0.38095
position  2:    T:0.16667    C:0.23810    A:0.28571    G:0.30952
position  3:    T:0.04762    C:0.45238    A:0.11905    G:0.38095
Average         T:0.15873    C:0.30952    A:0.17460    G:0.35714

#41: KirksDik       
position  1:    T:0.26190    C:0.26190    A:0.11905    G:0.35714
position  2:    T:0.16667    C:0.23810    A:0.28571    G:0.30952
position  3:    T:0.02381    C:0.47619    A:0.07143    G:0.42857
Average         T:0.15079    C:0.32540    A:0.15873    G:0.36508

#42: RoeDeer        
position  1:    T:0.26190    C:0.23810    A:0.11905    G:0.38095
position  2:    T:0.16667    C:0.23810    A:0.28571    G:0.30952
position  3:    T:0.02381    C:0.47619    A:0.02381    G:0.47619
Average         T:0.15079    C:0.31746    A:0.14286    G:0.38889

#43: WhiteLippedDeer
position  1:    T:0.26190    C:0.23810    A:0.11905    G:0.38095
position  2:    T:0.16667    C:0.23810    A:0.28571    G:0.30952
position  3:    T:0.07143    C:0.42857    A:0.07143    G:0.42857
Average         T:0.16667    C:0.30159    A:0.15873    G:0.37302

#44: ThomsonGazelle 
position  1:    T:0.26190    C:0.23810    A:0.11905    G:0.38095
position  2:    T:0.16667    C:0.23810    A:0.28571    G:0.30952
position  3:    T:0.02381    C:0.47619    A:0.07143    G:0.42857
Average         T:0.15079    C:0.31746    A:0.15873    G:0.37302

#45: MuntiacusCrinifrons
position  1:    T:0.26190    C:0.23810    A:0.11905    G:0.38095
position  2:    T:0.16667    C:0.23810    A:0.28571    G:0.30952
position  3:    T:0.04762    C:0.45238    A:0.04762    G:0.45238
Average         T:0.15873    C:0.30952    A:0.15079    G:0.38095

#46: WhiteTailedDeer
position  1:    T:0.26190    C:0.23810    A:0.11905    G:0.38095
position  2:    T:0.16667    C:0.23810    A:0.28571    G:0.30952
position  3:    T:0.02381    C:0.50000    A:0.02381    G:0.45238
Average         T:0.15079    C:0.32540    A:0.14286    G:0.38095

#47: Cattle         
position  1:    T:0.26190    C:0.23810    A:0.11905    G:0.38095
position  2:    T:0.16667    C:0.23810    A:0.28571    G:0.30952
position  3:    T:0.02381    C:0.47619    A:0.07143    G:0.42857
Average         T:0.15079    C:0.31746    A:0.15873    G:0.37302

#48: RoyalAntelope  
position  1:    T:0.26190    C:0.23810    A:0.11905    G:0.38095
position  2:    T:0.16667    C:0.23810    A:0.28571    G:0.30952
position  3:    T:0.02381    C:0.47619    A:0.04762    G:0.45238
Average         T:0.15079    C:0.31746    A:0.15079    G:0.38095

#49: Steenbok       
position  1:    T:0.26190    C:0.23810    A:0.11905    G:0.38095
position  2:    T:0.16667    C:0.23810    A:0.28571    G:0.30952
position  3:    T:0.02381    C:0.47619    A:0.07143    G:0.42857
Average         T:0.15079    C:0.31746    A:0.15873    G:0.37302

#50: Impala         
position  1:    T:0.26190    C:0.23810    A:0.11905    G:0.38095
position  2:    T:0.16667    C:0.23810    A:0.28571    G:0.30952
position  3:    T:0.04762    C:0.45238    A:0.07143    G:0.42857
Average         T:0.15873    C:0.30952    A:0.15873    G:0.37302

#51: Klipspringer   
position  1:    T:0.26190    C:0.23810    A:0.11905    G:0.38095
position  2:    T:0.16667    C:0.23810    A:0.28571    G:0.30952
