CODONML (in paml version 4.10.7, June 2023)  /home/rachel/ruminants_paml/6406-phy-tree/ENSBTAT00000031116.fasta.phy
Model: free dN/dS Ratios for branches,  kappa = 2.000 fixed

Codon frequency model: F3x4
ns =  54  ls =  26

Codon usage in sequences
--------------------------------------------------------------------------------------------------------------------------------------
Phe TTT   1   0   2   3   3   1 | Ser TCT   0   0   0   0   0   0 | Tyr TAT   0   0   0   0   0   0 | Cys TGT   0   0   0   0   0   0
    TTC   2   3   1   0   0   2 |     TCC   0   0   0   0   0   0 |     TAC   0   0   0   0   0   0 |     TGC   0   0   0   0   0   0
Leu TTA   0   0   0   0   0   0 |     TCA   2   0   2   1   0   0 | *** TAA   0   0   0   0   0   0 | *** TGA   0   0   0   0   0   0
    TTG   0   0   0   0   0   0 |     TCG   0   1   0   1   1   0 |     TAG   0   0   0   0   0   0 | Trp TGG   1   1   1   1   1   1
--------------------------------------------------------------------------------------------------------------------------------------
Leu CTT   0   0   0   0   0   0 | Pro CCT   0   0   0   0   0   0 | His CAT   0   0   0   0   0   0 | Arg CGT   0   0   1   0   0   0
    CTC   1   1   1   1   1   1 |     CCC   0   0   0   0   0   0 |     CAC   0   0   1   0   1   0 |     CGC   3   4   1   3   3   3
    CTA   0   0   0   0   0   0 |     CCA   1   0   1   0   0   0 | Gln CAA   0   0   0   0   0   0 |     CGA   0   0   0   0   0   0
    CTG   3   3   3   3   3   3 |     CCG   0   1   0   1   1   1 |     CAG   1   1   1   1   1   1 |     CGG   1   1   1   1   0   1
--------------------------------------------------------------------------------------------------------------------------------------
Ile ATT   0   0   0   0   0   0 | Thr ACT   0   0   0   0   0   0 | Asn AAT   1   0   1   1   0   0 | Ser AGT   0   0   0   0   0   0
    ATC   0   0   0   0   0   0 |     ACC   0   1   0   0   0   0 |     AAC   1   0   1   1   2   2 |     AGC   0   1   0   0   0   0
    ATA   0   0   0   0   0   0 |     ACA   0   0   0   0   0   0 | Lys AAA   1   0   1   1   1   0 | Arg AGA   0   0   0   0   0   0
Met ATG   0   0   0   0   0   0 |     ACG   0   0   0   0   1   0 |     AAG   0   1   0   0   0   1 |     AGG   1   0   1   1   1   1
--------------------------------------------------------------------------------------------------------------------------------------
Val GTT   0   0   0   0   0   0 | Ala GCT   0   0   0   0   0   0 | Asp GAT   0   0   0   0   0   0 | Gly GGT   0   0   0   0   0   0
    GTC   1   1   1   1   1   1 |     GCC   1   1   1   1   1   1 |     GAC   0   0   0   0   0   0 |     GGC   0   0   0   0   0   0
    GTA   0   0   0   0   0   0 |     GCA   0   1   0   0   1   1 | Glu GAA   0   0   0   0   0   0 |     GGA   0   0   0   0   0   0
    GTG   1   1   1   1   0   1 |     GCG   0   0   0   0   0   1 |     GAG   2   2   2   2   2   2 |     GGG   1   1   1   1   1   1
--------------------------------------------------------------------------------------------------------------------------------------

--------------------------------------------------------------------------------------------------------------------------------------
Phe TTT   1   1   2   2   2   1 | Ser TCT   0   0   0   0   0   0 | Tyr TAT   0   0   0   0   0   0 | Cys TGT   0   0   0   0   0   0
    TTC   2   2   1   1   1   2 |     TCC   0   0   0   0   0   0 |     TAC   0   0   0   0   0   0 |     TGC   0   0   0   0   0   0
Leu TTA   0   0   0   0   0   0 |     TCA   2   2   2   2   1   1 | *** TAA   0   0   0   0   0   0 | *** TGA   0   0   0   0   0   0
    TTG   0   0   0   0   0   0 |     TCG   0   0   0   0   1   1 |     TAG   0   0   0   0   0   0 | Trp TGG   1   1   1   1   1   1
--------------------------------------------------------------------------------------------------------------------------------------
Leu CTT   0   0   0   0   0   0 | Pro CCT   0   0   0   0   0   0 | His CAT   0   0   0   0   0   0 | Arg CGT   0   0   0   0   1   0
    CTC   1   1   1   1   1   1 |     CCC   1   0   0   0   0   0 |     CAC   0   0   0   0   1   0 |     CGC   3   3   3   3   1   3
    CTA   0   0   0   0   0   0 |     CCA   0   1   1   1   1   1 | Gln CAA   0   0   0   0   0   0 |     CGA   0   0   0   0   0   0
    CTG   3   3   3   3   3   3 |     CCG   0   0   0   0   0   0 |     CAG   1   1   1   1   1   1 |     CGG   1   1   1   1   1   1
--------------------------------------------------------------------------------------------------------------------------------------
Ile ATT   0   0   0   0   0   0 | Thr ACT   0   0   0   0   0   0 | Asn AAT   1   1   1   1   1   0 | Ser AGT   0   0   0   0   0   0
    ATC   0   0   0   0   0   0 |     ACC   0   0   0   0   0   0 |     AAC   1   1   1   1   1   2 |     AGC   0   0   0   0   0   0
    ATA   0   0   0   0   0   0 |     ACA   0   0   0   0   0   0 | Lys AAA   1   1   1   1   1   1 | Arg AGA   0   0   0   0   0   0
Met ATG   0   0   0   0   0   0 |     ACG   0   0   0   0   0   0 |     AAG   0   0   0   0   0   0 |     AGG   1   1   1   1   1   1
--------------------------------------------------------------------------------------------------------------------------------------
Val GTT   0   0   0   0   0   0 | Ala GCT   0   0   0   0   0   0 | Asp GAT   0   0   0   0   0   0 | Gly GGT   0   0   0   0   0   0
    GTC   1   1   1   1   1   1 |     GCC   1   1   1   1   1   1 |     GAC   0   0   0   0   0   0 |     GGC   0   0   0   0   0   0
    GTA   0   0   0   0   0   0 |     GCA   0   0   0   0   0   0 | Glu GAA   0   0   0   0   0   0 |     GGA   0   0   1   0   0   0
    GTG   1   1   1   1   1   1 |     GCG   0   0   0   0   0   0 |     GAG   2   2   2   2   2   2 |     GGG   1   1   0   1   1   1
--------------------------------------------------------------------------------------------------------------------------------------

--------------------------------------------------------------------------------------------------------------------------------------
Phe TTT   1   2   1   1   1   1 | Ser TCT   0   0   0   0   0   0 | Tyr TAT   0   0   0   0   0   0 | Cys TGT   0   0   0   0   0   0
    TTC   2   1   2   2   2   2 |     TCC   0   0   0   0   0   0 |     TAC   0   0   0   0   0   0 |     TGC   0   0   0   0   0   0
Leu TTA   0   0   0   0   0   0 |     TCA   2   1   2   2   2   2 | *** TAA   0   0   0   0   0   0 | *** TGA   0   0   0   0   0   0
    TTG   0   0   0   0   0   0 |     TCG   0   1   0   0   0   0 |     TAG   0   0   0   0   0   0 | Trp TGG   1   1   1   1   1   1
--------------------------------------------------------------------------------------------------------------------------------------
Leu CTT   0   0   0   0   0   0 | Pro CCT   0   0   0   0   0   0 | His CAT   0   0   0   0   0   0 | Arg CGT   0   0   0   0   0   0
    CTC   1   1   1   1   1   1 |     CCC   0   0   0   0   0   0 |     CAC   0   1   0   0   0   0 |     CGC   3   2   3   3   3   3
    CTA   0   0   0   0   0   0 |     CCA   1   1   0   1   1   1 | Gln CAA   0   0   0   0   0   0 |     CGA   0   0   0   1   0   0
    CTG   3   3   3   3   3   3 |     CCG   0   0   1   0   0   0 |     CAG   1   1   1   1   1   1 |     CGG   1   1   1   0   0   1
--------------------------------------------------------------------------------------------------------------------------------------
Ile ATT   0   0   0   0   0   0 | Thr ACT   0   0   0   0   0   0 | Asn AAT   1   1   1   1   1   0 | Ser AGT   0   0   0   0   0   0
    ATC   0   0   0   0   0   0 |     ACC   0   0   0   0   0   0 |     AAC   1   1   1   1   1   2 |     AGC   0   0   0   0   0   0
    ATA   0   0   0   0   0   0 |     ACA   0   0   0   0   0   0 | Lys AAA   1   1   1   1   1   1 | Arg AGA   0   0   0   0   0   0
Met ATG   0   0   0   0   0   0 |     ACG   0   0   0   0   0   0 |     AAG   0   0   0   0   0   0 |     AGG   1   1   1   1   2   1
--------------------------------------------------------------------------------------------------------------------------------------
Val GTT   0   0   1   0   0   0 | Ala GCT   0   0   0   0   0   0 | Asp GAT   0   0   0   0   0   0 | Gly GGT   0   0   0   0   0   0
    GTC   1   1   0   1   1   1 |     GCC   1   1   1   1   1   1 |     GAC   0   0   0   0   0   0 |     GGC   0   0   0   0   0   0
    GTA   0   0   0   0   0   0 |     GCA   0   0   0   0   0   0 | Glu GAA   0   0   0   0   0   0 |     GGA   0   0   0   1   0   0
    GTG   1   1   1   1   1   1 |     GCG   0   0   0   0   0   0 |     GAG   2   2   2   2   2   2 |     GGG   1   1   1   0   1   1
--------------------------------------------------------------------------------------------------------------------------------------

--------------------------------------------------------------------------------------------------------------------------------------
Phe TTT   1   1   1   2   2   1 | Ser TCT   0   0   0   0   0   0 | Tyr TAT   0   0   0   0   0   0 | Cys TGT   0   0   0   0   0   0
    TTC   2   2   2   1   1   2 |     TCC   0   0   0   0   0   0 |     TAC   0   0   0   0   0   0 |     TGC   0   0   0   0   0   0
Leu TTA   0   0   0   0   0   0 |     TCA   1   1   2   1   2   2 | *** TAA   0   0   0   0   0   0 | *** TGA   0   0   0   0   0   0
    TTG   0   0   0   0   0   1 |     TCG   1   1   0   1   0   0 |     TAG   0   0   0   0   0   0 | Trp TGG   1   1   1   1   1   1
--------------------------------------------------------------------------------------------------------------------------------------
Leu CTT   0   0   0   0   0   0 | Pro CCT   0   0   0   0   0   0 | His CAT   0   0   0   0   0   0 | Arg CGT   0   0   0   1   0   0
    CTC   1   1   1   1   1   1 |     CCC   0   0   0   0   0   0 |     CAC   0   0   0   1   1   0 |     CGC   3   3   3   1   2   3
    CTA   0   1   0   0   0   0 |     CCA   1   1   1   1   1   1 | Gln CAA   0   0   0   0   0   0 |     CGA   0   0   0   0   0   0
    CTG   3   2   3   3   3   2 |     CCG   0   0   0   0   0   0 |     CAG   1   1   1   1   1   1 |     CGG   1   1   1   1   1   1
--------------------------------------------------------------------------------------------------------------------------------------
Ile ATT   0   0   0   0   0   0 | Thr ACT   0   0   0   0   0   0 | Asn AAT   0   0   1   1   0   1 | Ser AGT   0   0   0   0   0   0
    ATC   0   0   0   0   0   0 |     ACC   0   0   0   0   0   0 |     AAC   2   2   1   1   2   1 |     AGC   0   0   0   0   0   0
    ATA   0   0   0   0   0   0 |     ACA   0   0   0   0   0   0 | Lys AAA   1   1   1   1   1   1 | Arg AGA   0   0   0   0   0   0
Met ATG   0   0   0   0   0   0 |     ACG   0   0   0   0   0   0 |     AAG   0   0   0   0   0   0 |     AGG   1   1   1   1   1   1
--------------------------------------------------------------------------------------------------------------------------------------
Val GTT   0   0   0   0   0   0 | Ala GCT   0   0   0   0   0   0 | Asp GAT   0   0   0   0   0   0 | Gly GGT   0   0   0   0   0   0
    GTC   1   1   1   1   1   1 |     GCC   1   1   1   1   1   1 |     GAC   0   0   0   0   0   0 |     GGC   0   0   0   0   0   0
    GTA   0   0   0   0   0   0 |     GCA   0   0   0   0   0   0 | Glu GAA   0   0   0   0   0   0 |     GGA   0   0   0   0   0   0
    GTG   1   1   1   1   1   1 |     GCG   0   0   0   0   0   0 |     GAG   2   2   2   2   2   2 |     GGG   1   1   1   1   1   1
--------------------------------------------------------------------------------------------------------------------------------------

--------------------------------------------------------------------------------------------------------------------------------------
Phe TTT   1   2   1   2   1   2 | Ser TCT   0   0   0   0   0   0 | Tyr TAT   0   0   0   0   0   0 | Cys TGT   0   0   0   0   0   0
    TTC   2   1   2   1   2   1 |     TCC   0   0   0   0   0   0 |     TAC   0   0   0   0   0   0 |     TGC   0   0   0   0   0   0
Leu TTA   0   0   0   0   0   0 |     TCA   1   1   2   2   2   1 | *** TAA   0   0   0   0   0   0 | *** TGA   0   0   0   0   0   0
    TTG   0   0   0   0   0   0 |     TCG   1   1   0   0   0   1 |     TAG   0   0   0   0   0   0 | Trp TGG   1   1   1   1   1   1
--------------------------------------------------------------------------------------------------------------------------------------
Leu CTT   0   0   0   0   0   0 | Pro CCT   0   0   0   0   0   0 | His CAT   0   0   0   0   0   0 | Arg CGT   0   0   0   0   0   1
    CTC   1   1   1   1   1   1 |     CCC   0   0   0   0   0   0 |     CAC   0   0   0   0   0   1 |     CGC   3   3   3   3   3   1
    CTA   0   0   0   0   0   0 |     CCA   1   1   1   1   0   1 | Gln CAA   0   0   0   0   0   0 |     CGA   0   0   0   0   0   0
    CTG   3   3   3   3   3   3 |     CCG   0   0   0   0   1   0 |     CAG   1   1   1   1   1   1 |     CGG   0   1   1   1   1   1
--------------------------------------------------------------------------------------------------------------------------------------
Ile ATT   0   0   0   0   0   0 | Thr ACT   0   0   0   0   0   0 | Asn AAT   0   0   1   0   1   1 | Ser AGT   0   0   0   0   0   0
    ATC   0   0   0   0   0   0 |     ACC   0   0   0   0   0   0 |     AAC   2   2   1   2   1   1 |     AGC   0   0   0   0   0   0
    ATA   0   0   0   0   0   0 |     ACA   0   0   0   0   0   0 | Lys AAA   1   1   1   1   1   1 | Arg AGA   0   0   0   0   0   0
Met ATG   0   0   0   0   0   0 |     ACG   0   0   0   0   0   0 |     AAG   0   0   0   0   0   0 |     AGG   2   1   1   1   1   1
--------------------------------------------------------------------------------------------------------------------------------------
Val GTT   0   0   0   0   1   0 | Ala GCT   0   0   0   0   0   0 | Asp GAT   0   0   0   0   0   0 | Gly GGT   0   0   0   0   0   0
    GTC   1   1   1   1   0   1 |     GCC   1   1   1   1   1   1 |     GAC   0   0   0   0   0   0 |     GGC   0   0   0   0   0   0
    GTA   0   0   0   0   0   0 |     GCA   0   0   0   0   0   0 | Glu GAA   0   0   0   0   0   0 |     GGA   0   0   0   0   0   0
    GTG   1   1   1   1   1   1 |     GCG   0   0   0   0   0   0 |     GAG   2   2   2   2   2   2 |     GGG   1   1   1   1   1   1
--------------------------------------------------------------------------------------------------------------------------------------

--------------------------------------------------------------------------------------------------------------------------------------
Phe TTT   1   2   1   1   1   1 | Ser TCT   0   0   0   0   0   0 | Tyr TAT   0   0   0   0   0   0 | Cys TGT   0   0   0   0   0   0
    TTC   2   1   2   2   2   2 |     TCC   0   0   0   0   0   0 |     TAC   0   0   0   0   0   0 |     TGC   0   0   0   0   0   0
Leu TTA   0   0   0   0   0   0 |     TCA   2   1   1   2   1   2 | *** TAA   0   0   0   0   0   0 | *** TGA   0   0   0   0   0   0
    TTG   0   0   0   0   0   0 |     TCG   0   1   1   0   1   0 |     TAG   0   0   0   0   0   0 | Trp TGG   1   1   1   1   1   1
--------------------------------------------------------------------------------------------------------------------------------------
Leu CTT   1   0   0   0   0   0 | Pro CCT   0   0   0   0   0   0 | His CAT   0   0   0   0   0   0 | Arg CGT   0   1   0   0   0   0
    CTC   0   1   1   1   1   1 |     CCC   0   0   0   0   0   0 |     CAC   0   1   0   0   0   0 |     CGC   3   1   3   3   3   3
    CTA   0   0   0   0   0   0 |     CCA   1   1   1   1   0   0 | Gln CAA   0   0   0   0   0   0 |     CGA   0   0   0   0   0   0
    CTG   3   3   3   3   3   3 |     CCG   0   0   0   0   1   1 |     CAG   1   1   1   1   1   1 |     CGG   1   1   1   1   1   1
--------------------------------------------------------------------------------------------------------------------------------------
Ile ATT   0   0   0   0   0   0 | Thr ACT   0   0   0   0   0   0 | Asn AAT   0   1   0   1   0   1 | Ser AGT   0   0   0   0   0   0
    ATC   0   0   0   0   0   0 |     ACC   0   0   0   0   0   0 |     AAC   2   1   2   1   2   1 |     AGC   0   0   0   0   0   0
    ATA   0   0   0   0   0   0 |     ACA   0   0   0   0   0   0 | Lys AAA   1   1   1   1   1   1 | Arg AGA   0   0   0   0   0   0
Met ATG   0   0   0   0   0   0 |     ACG   0   0   0   0   0   0 |     AAG   0   0   0   0   0   0 |     AGG   1   1   1   1   1   1
--------------------------------------------------------------------------------------------------------------------------------------
Val GTT   0   0   0   0   0   0 | Ala GCT   0   0   0   0   0   0 | Asp GAT   0   0   0   0   0   0 | Gly GGT   0   0   0   0   0   0
    GTC   1   1   1   1   1   1 |     GCC   1   1   1   1   1   1 |     GAC   0   0   0   0   0   0 |     GGC   0   0   0   0   0   0
    GTA   0   0   0   0   0   0 |     GCA   0   0   0   0   0   0 | Glu GAA   0   0   0   0   0   0 |     GGA   0   0   0   1   0   0
    GTG   1   1   1   1   1   1 |     GCG   0   0   0   0   0   0 |     GAG   2   2   2   2   2   2 |     GGG   1   1   1   0   1   1
--------------------------------------------------------------------------------------------------------------------------------------

--------------------------------------------------------------------------------------------------------------------------------------
Phe TTT   1   2   1   1   1   2 | Ser TCT   0   0   0   0   0   0 | Tyr TAT   0   0   0   0   0   0 | Cys TGT   0   0   0   0   0   0
    TTC   2   1   2   2   2   1 |     TCC   0   0   0   0   0   0 |     TAC   0   0   0   0   0   0 |     TGC   0   0   0   0   0   0
Leu TTA   0   0   0   0   0   0 |     TCA   2   1   2   1   2   1 | *** TAA   0   0   0   0   0   0 | *** TGA   0   0   0   0   0   0
    TTG   0   0   0   0   0   0 |     TCG   0   1   0   1   0   1 |     TAG   0   0   0   0   0   0 | Trp TGG   1   1   1   1   1   1
--------------------------------------------------------------------------------------------------------------------------------------
Leu CTT   0   0   0   0   0   0 | Pro CCT   0   0   0   0   0   0 | His CAT   0   0   0   0   0   0 | Arg CGT   0   0   0   0   0   0
    CTC   1   1   1   1   1   1 |     CCC   0   0   0   1   0   0 |     CAC   0   1   0   0   0   1 |     CGC   3   2   3   3   3   2
    CTA   0   0   0   0   0   0 |     CCA   0   1   1   0   1   1 | Gln CAA   0   0   0   0   0   0 |     CGA   0   0   0   0   0   0
    CTG   3   3   3   3   3   3 |     CCG   1   0   0   0   0   0 |     CAG   1   1   1   1   1   1 |     CGG   1   0   1   1   1   1
--------------------------------------------------------------------------------------------------------------------------------------
Ile ATT   0   0   0   0   0   0 | Thr ACT   0   0   0   0   0   0 | Asn AAT   0   1   1   1   1   0 | Ser AGT   1   0   0   0   0   0
    ATC   0   0   0   0   0   0 |     ACC   0   0   0   0   0   0 |     AAC   1   1   1   1   1   2 |     AGC   0   0   0   0   0   0
    ATA   0   0   0   0   0   0 |     ACA   0   0   0   0   0   0 | Lys AAA   1   1   1   1   1   1 | Arg AGA   0   0   0   0   0   0
Met ATG   0   0   0   0   0   0 |     ACG   0   0   0   0   0   0 |     AAG   0   0   0   0   0   0 |     AGG   1   2   1   1   1   1
--------------------------------------------------------------------------------------------------------------------------------------
Val GTT   0   0   0   0   0   0 | Ala GCT   0   0   0   0   0   0 | Asp GAT   0   0   0   0   0   0 | Gly GGT   0   0   0   0   0   0
    GTC   1   1   1   1   1   1 |     GCC   1   1   1   1   1   1 |     GAC   0   0   0   0   0   0 |     GGC   0   0   0   0   0   0
    GTA   0   0   0   0   0   0 |     GCA   0   0   0   0   0   0 | Glu GAA   0   0   0   0   0   0 |     GGA   0   0   0   0   0   0
    GTG   1   1   1   1   1   1 |     GCG   0   0   0   0   0   0 |     GAG   2   2   2   2   2   2 |     GGG   1   1   1   1   1   1
--------------------------------------------------------------------------------------------------------------------------------------

--------------------------------------------------------------------------------------------------------------------------------------
Phe TTT   2   2   1   2   2   1 | Ser TCT   0   0   0   0   0   0 | Tyr TAT   0   0   0   0   0   0 | Cys TGT   0   0   0   0   0   0
    TTC   1   1   2   1   1   2 |     TCC   0   0   0   0   0   0 |     TAC   0   0   0   0   0   0 |     TGC   0   0   0   0   0   0
Leu TTA   0   0   0   0   0   0 |     TCA   1   2   1   1   1   2 | *** TAA   0   0   0   0   0   0 | *** TGA   0   0   0   0   0   0
    TTG   0   0   0   0   0   0 |     TCG   1   0   1   1   1   0 |     TAG   0   0   0   0   0   0 | Trp TGG   1   1   1   1   1   1
--------------------------------------------------------------------------------------------------------------------------------------
Leu CTT   0   0   0   0   0   0 | Pro CCT   0   0   0   0   0   0 | His CAT   0   0   0   0   0   0 | Arg CGT   0   0   0   0   0   1
    CTC   1   1   1   1   1   1 |     CCC   0   0   0   0   0   0 |     CAC   0   0   0   0   1   0 |     CGC   3   3   3   3   2   2
    CTA   0   0   0   0   0   0 |     CCA   1   1   1   1   1   1 | Gln CAA   0   0   0   0   0   0 |     CGA   0   0   0   0   0   0
    CTG   3   3   3   3   3   3 |     CCG   0   0   0   0   0   0 |     CAG   1   1   1   1   1   1 |     CGG   0   1   1   1   1   1
--------------------------------------------------------------------------------------------------------------------------------------
Ile ATT   0   0   0   0   0   0 | Thr ACT   0   0   0   0   0   0 | Asn AAT   0   0   0   0   1   1 | Ser AGT   0   0   0   0   0   0
    ATC   0   0   0   0   0   0 |     ACC   0   0   0   0   0   0 |     AAC   2   2   2   2   1   1 |     AGC   0   0   0   0   0   0
    ATA   0   0   0   0   0   0 |     ACA   0   0   0   0   0   0 | Lys AAA   1   1   1   1   1   1 | Arg AGA   0   0   0   0   0   1
Met ATG   0   0   0   0   0   0 |     ACG   0   0   0   0   0   0 |     AAG   0   0   0   0   0   0 |     AGG   2   1   1   1   1   0
--------------------------------------------------------------------------------------------------------------------------------------
Val GTT   0   0   0   0   0   0 | Ala GCT   0   0   0   0   0   0 | Asp GAT   0   0   0   0   0   0 | Gly GGT   0   0   0   0   0   0
    GTC   1   1   1   1   1   1 |     GCC   1   1   1   1   1   1 |     GAC   0   0   0   0   0   0 |     GGC   0   0   0   0   0   0
    GTA   0   0   0   0   0   0 |     GCA   0   0   0   0   0   0 | Glu GAA   0   0   0   0   0   0 |     GGA   0   0   0   0   0   0
    GTG   1   1   1   1   1   1 |     GCG   0   0   0   0   0   0 |     GAG   2   2   2   2   2   2 |     GGG   1   1   1   1   1   1
--------------------------------------------------------------------------------------------------------------------------------------

--------------------------------------------------------------------------------------------------------------------------------------
Phe TTT   1   1   1   2   2   2 | Ser TCT   0   0   0   0   0   0 | Tyr TAT   0   0   0   0   0   0 | Cys TGT   0   0   0   0   0   0
    TTC   2   2   2   1   1   1 |     TCC   0   0   0   0   0   0 |     TAC   0   0   0   0   0   0 |     TGC   0   0   0   0   0   0
Leu TTA   0   0   0   0   0   0 |     TCA   2   2   2   1   1   1 | *** TAA   0   0   0   0   0   0 | *** TGA   0   0   0   0   0   0
    TTG   0   0   0   0   0   0 |     TCG   0   0   0   1   1   1 |     TAG   0   0   0   0   0   0 | Trp TGG   1   1   1   1   1   1
--------------------------------------------------------------------------------------------------------------------------------------
Leu CTT   0   0   0   0   0   0 | Pro CCT   0   0   0   0   0   0 | His CAT   0   0   0   0   0   0 | Arg CGT   0   0   0   0   1   1
    CTC   1   1   1   1   1   1 |     CCC   0   0   0   0   0   0 |     CAC   0   1   0   0   1   1 |     CGC   3   2   4   3   1   1
    CTA   0   0   0   0   0   0 |     CCA   1   1   1   0   1   1 | Gln CAA   0   0   0   0   0   0 |     CGA   0   0   0   0   0   0
    CTG   3   2   3   3   3   3 |     CCG   0   1   0   1   0   0 |     CAG   1   1   1   1   1   1 |     CGG   1   1   0   1   1   1
--------------------------------------------------------------------------------------------------------------------------------------
Ile ATT   0   0   0   0   0   0 | Thr ACT   0   0   0   0   0   0 | Asn AAT   1   1   1   1   1   1 | Ser AGT   0   0   0   0   0   0
    ATC   0   0   0   0   0   0 |     ACC   0   0   0   0   0   0 |     AAC   1   1   1   1   1   1 |     AGC   0   0   0   0   0   0
    ATA   0   0   0   0   0   0 |     ACA   0   0   0   0   0   0 | Lys AAA   1   0   1   1   1   1 | Arg AGA   0   0   0   0   0   0
Met ATG   0   0   0   0   0   0 |     ACG   0   0   0   0   0   0 |     AAG   0   1   0   0   0   0 |     AGG   1   1   1   1   1   1
--------------------------------------------------------------------------------------------------------------------------------------
Val GTT   0   0   0   0   0   0 | Ala GCT   0   0   0   0   0   0 | Asp GAT   0   0   0   0   0   0 | Gly GGT   0   0   0   0   0   0
    GTC   1   1   1   1   1   1 |     GCC   1   1   1   1   1   1 |     GAC   0   0   0   0   0   0 |     GGC   0   0   0   0   0   0
    GTA   0   0   0   0   0   0 |     GCA   0   0   0   0   0   0 | Glu GAA   0   0   1   0   0   0 |     GGA   0   0   0   0   0   0
    GTG   1   1   1   1   1   1 |     GCG   0   0   0   0   0   0 |     GAG   2   2   1   2   2   2 |     GGG   1   1   1   1   1   1
--------------------------------------------------------------------------------------------------------------------------------------

Codon position x base (3x4) table for each sequence.

#1: Argali         
position  1:    T:0.23077    C:0.38462    A:0.15385    G:0.23077
position  2:    T:0.34615    C:0.15385    A:0.23077    G:0.26923
position  3:    T:0.07692    C:0.34615    A:0.15385    G:0.42308
Average         T:0.21795    C:0.29487    A:0.17949    G:0.30769

#2: LesserMouseDeer
position  1:    T:0.19231    C:0.42308    A:0.11538    G:0.26923
position  2:    T:0.34615    C:0.19231    A:0.15385    G:0.30769
position  3:    T:0.00000    C:0.46154    A:0.03846    G:0.50000
Average         T:0.17949    C:0.35897    A:0.10256    G:0.35897

#3: LesserKudu     
position  1:    T:0.23077    C:0.38462    A:0.15385    G:0.23077
position  2:    T:0.34615    C:0.15385    A:0.26923    G:0.23077
position  3:    T:0.15385    C:0.26923    A:0.15385    G:0.42308
Average         T:0.24359    C:0.26923    A:0.19231    G:0.29487

#4: ForestMuskDeer2
position  1:    T:0.23077    C:0.38462    A:0.15385    G:0.23077
position  2:    T:0.34615    C:0.15385    A:0.23077    G:0.26923
position  3:    T:0.15385    C:0.26923    A:0.07692    G:0.50000
Average         T:0.24359    C:0.26923    A:0.15385    G:0.33333

#5: Camel          
position  1:    T:0.19231    C:0.38462    A:0.19231    G:0.23077
position  2:    T:0.30769    C:0.19231    A:0.26923    G:0.23077
position  3:    T:0.11538    C:0.34615    A:0.07692    G:0.46154
Average         T:0.20513    C:0.30769    A:0.17949    G:0.30769

#6: KillerWhale    
position  1:    T:0.15385    C:0.38462    A:0.15385    G:0.30769
position  2:    T:0.34615    C:0.15385    A:0.23077    G:0.26923
position  3:    T:0.03846    C:0.38462    A:0.03846    G:0.53846
Average         T:0.17949    C:0.30769    A:0.14103    G:0.37179

#7: DefassaWaterbuck
position  1:    T:0.23077    C:0.38462    A:0.15385    G:0.23077
position  2:    T:0.34615    C:0.15385    A:0.23077    G:0.26923
position  3:    T:0.07692    C:0.38462    A:0.11538    G:0.42308
Average         T:0.21795    C:0.30769    A:0.16667    G:0.30769

#8: Sheep          
position  1:    T:0.23077    C:0.38462    A:0.15385    G:0.23077
position  2:    T:0.34615    C:0.15385    A:0.23077    G:0.26923
position  3:    T:0.07692    C:0.34615    A:0.15385    G:0.42308
Average         T:0.21795    C:0.29487    A:0.17949    G:0.30769

#9: MaxwellsDuiker 
position  1:    T:0.23077    C:0.38462    A:0.15385    G:0.23077
position  2:    T:0.34615    C:0.15385    A:0.23077    G:0.26923
position  3:    T:0.11538    C:0.30769    A:0.19231    G:0.38462
Average         T:0.23077    C:0.28205    A:0.19231    G:0.29487

#10: GazellaPrzewalskyi
position  1:    T:0.23077    C:0.38462    A:0.15385    G:0.23077
position  2:    T:0.34615    C:0.15385    A:0.23077    G:0.26923
position  3:    T:0.11538    C:0.30769    A:0.15385    G:0.42308
Average         T:0.23077    C:0.28205    A:0.17949    G:0.30769

#11: MountainNyala  
position  1:    T:0.23077    C:0.38462    A:0.15385    G:0.23077
position  2:    T:0.34615    C:0.15385    A:0.26923    G:0.23077
position  3:    T:0.15385    C:0.26923    A:0.11538    G:0.46154
Average         T:0.24359    C:0.26923    A:0.17949    G:0.30769

#12: MuntiacusMuntjak
position  1:    T:0.23077    C:0.38462    A:0.15385    G:0.23077
position  2:    T:0.34615    C:0.15385    A:0.23077    G:0.26923
position  3:    T:0.03846    C:0.38462    A:0.11538    G:0.46154
Average         T:0.20513    C:0.30769    A:0.16667    G:0.32051

#13: goat           
position  1:    T:0.23077    C:0.38462    A:0.15385    G:0.23077
position  2:    T:0.34615    C:0.15385    A:0.23077    G:0.26923
position  3:    T:0.07692    C:0.34615    A:0.15385    G:0.42308
Average         T:0.21795    C:0.29487    A:0.17949    G:0.30769

#14: AfricanBuffalo 
position  1:    T:0.23077    C:0.38462    A:0.15385    G:0.23077
position  2:    T:0.34615    C:0.15385    A:0.26923    G:0.23077
position  3:    T:0.11538    C:0.30769    A:0.11538    G:0.46154
Average         T:0.23077    C:0.28205    A:0.17949    G:0.30769

#15: Topi           
position  1:    T:0.23077    C:0.38462    A:0.15385    G:0.23077
position  2:    T:0.34615    C:0.15385    A:0.23077    G:0.26923
position  3:    T:0.11538    C:0.30769    A:0.11538    G:0.46154
Average         T:0.23077    C:0.28205    A:0.16667    G:0.32051

#16: CommonDuiker   
position  1:    T:0.23077    C:0.38462    A:0.15385    G:0.23077
position  2:    T:0.34615    C:0.15385    A:0.23077    G:0.26923
position  3:    T:0.07692    C:0.34615    A:0.23077    G:0.34615
Average         T:0.21795    C:0.29487    A:0.20513    G:0.28205

#17: Suni           
position  1:    T:0.23077    C:0.34615    A:0.19231    G:0.23077
position  2:    T:0.34615    C:0.15385    A:0.23077    G:0.26923
position  3:    T:0.07692    C:0.34615    A:0.15385    G:0.42308
Average         T:0.21795    C:0.28205    A:0.19231    G:0.30769

#18: Springbuck     
position  1:    T:0.23077    C:0.38462    A:0.15385    G:0.23077
position  2:    T:0.34615    C:0.15385    A:0.23077    G:0.26923
position  3:    T:0.03846    C:0.38462    A:0.15385    G:0.42308
Average         T:0.20513    C:0.30769    A:0.17949    G:0.30769

#19: Okapi          
position  1:    T:0.23077    C:0.38462    A:0.15385    G:0.23077
position  2:    T:0.34615    C:0.15385    A:0.23077    G:0.26923
position  3:    T:0.03846    C:0.38462    A:0.11538    G:0.46154
Average         T:0.20513    C:0.30769    A:0.16667    G:0.32051

#20: Giraffe        
position  1:    T:0.23077    C:0.38462    A:0.15385    G:0.23077
position  2:    T:0.34615    C:0.15385    A:0.23077    G:0.26923
position  3:    T:0.03846    C:0.38462    A:0.15385    G:0.42308
Average         T:0.20513    C:0.30769    A:0.17949    G:0.30769

#21: TibetanAntelope
position  1:    T:0.23077    C:0.38462    A:0.15385    G:0.23077
position  2:    T:0.34615    C:0.15385    A:0.23077    G:0.26923
position  3:    T:0.07692    C:0.34615    A:0.15385    G:0.42308
Average         T:0.21795    C:0.29487    A:0.17949    G:0.30769

#22: Sitatunga      
position  1:    T:0.23077    C:0.38462    A:0.15385    G:0.23077
position  2:    T:0.34615    C:0.15385    A:0.26923    G:0.23077
position  3:    T:0.15385    C:0.26923    A:0.11538    G:0.46154
Average         T:0.24359    C:0.26923    A:0.17949    G:0.30769

#23: Oribi          
position  1:    T:0.23077    C:0.38462    A:0.15385    G:0.23077
position  2:    T:0.34615    C:0.15385    A:0.26923    G:0.23077
position  3:    T:0.07692    C:0.34615    A:0.15385    G:0.42308
Average         T:0.21795    C:0.29487    A:0.19231    G:0.29487

#24: BarbarySheep   
position  1:    T:0.26923    C:0.34615    A:0.15385    G:0.23077
position  2:    T:0.34615    C:0.15385    A:0.23077    G:0.26923
position  3:    T:0.07692    C:0.34615    A:0.15385    G:0.42308
Average         T:0.23077    C:0.28205    A:0.17949    G:0.30769

#25: Daviddeer      
position  1:    T:0.23077    C:0.34615    A:0.19231    G:0.23077
position  2:    T:0.34615    C:0.15385    A:0.23077    G:0.26923
position  3:    T:0.03846    C:0.38462    A:0.11538    G:0.46154
Average         T:0.20513    C:0.29487    A:0.17949    G:0.32051

#26: Reindeer       
position  1:    T:0.23077    C:0.38462    A:0.15385    G:0.23077
position  2:    T:0.34615    C:0.15385    A:0.23077    G:0.26923
position  3:    T:0.07692    C:0.34615    A:0.11538    G:0.46154
Average         T:0.21795    C:0.29487    A:0.16667    G:0.32051

#27: Ibex           
position  1:    T:0.23077    C:0.38462    A:0.15385    G:0.23077
position  2:    T:0.34615    C:0.15385    A:0.23077    G:0.26923
position  3:    T:0.07692    C:0.34615    A:0.15385    G:0.42308
Average         T:0.21795    C:0.29487    A:0.17949    G:0.30769

#28: GyrantGazelle  
position  1:    T:0.23077    C:0.38462    A:0.15385    G:0.23077
position  2:    T:0.34615    C:0.15385    A:0.23077    G:0.26923
position  3:    T:0.07692    C:0.34615    A:0.15385    G:0.42308
Average         T:0.21795    C:0.29487    A:0.17949    G:0.30769

#29: Hartebeest     
position  1:    T:0.23077    C:0.38462    A:0.15385    G:0.23077
position  2:    T:0.34615    C:0.15385    A:0.23077    G:0.26923
position  3:    T:0.11538    C:0.30769    A:0.11538    G:0.46154
Average         T:0.23077    C:0.28205    A:0.16667    G:0.32051

#30: Bongo          
position  1:    T:0.23077    C:0.38462    A:0.15385    G:0.23077
position  2:    T:0.34615    C:0.15385    A:0.26923    G:0.23077
position  3:    T:0.15385    C:0.26923    A:0.11538    G:0.46154
Average         T:0.24359    C:0.26923    A:0.17949    G:0.30769

#31: Gerenuk        
position  1:    T:0.23077    C:0.38462    A:0.15385    G:0.23077
position  2:    T:0.34615    C:0.15385    A:0.23077    G:0.26923
position  3:    T:0.07692    C:0.34615    A:0.15385    G:0.42308
Average         T:0.21795    C:0.29487    A:0.17949    G:0.30769

#32: CommonEland    
position  1:    T:0.23077    C:0.38462    A:0.15385    G:0.23077
position  2:    T:0.34615    C:0.15385    A:0.26923    G:0.23077
position  3:    T:0.15385    C:0.26923    A:0.11538    G:0.46154
Average         T:0.24359    C:0.26923    A:0.17949    G:0.30769

#33: MuntiacusReevesi
position  1:    T:0.23077    C:0.38462    A:0.15385    G:0.23077
position  2:    T:0.34615    C:0.15385    A:0.23077    G:0.26923
position  3:    T:0.03846    C:0.38462    A:0.11538    G:0.46154
Average         T:0.20513    C:0.30769    A:0.16667    G:0.32051

#34: HarveysDuiker  
position  1:    T:0.23077    C:0.38462    A:0.15385    G:0.23077
position  2:    T:0.34615    C:0.15385    A:0.23077    G:0.26923
position  3:    T:0.07692    C:0.34615    A:0.19231    G:0.38462
Average         T:0.21795    C:0.29487    A:0.19231    G:0.29487

#35: Pronghorn      
position  1:    T:0.23077    C:0.38462    A:0.15385    G:0.23077
position  2:    T:0.34615    C:0.15385    A:0.23077    G:0.26923
position  3:    T:0.03846    C:0.38462    A:0.07692    G:0.50000
Average         T:0.20513    C:0.30769    A:0.15385    G:0.33333

#36: BlueWildebeest 
position  1:    T:0.23077    C:0.38462    A:0.15385    G:0.23077
position  2:    T:0.34615    C:0.15385    A:0.23077    G:0.26923
position  3:    T:0.07692    C:0.34615    A:0.11538    G:0.46154
Average         T:0.21795    C:0.29487    A:0.16667    G:0.32051

#37: Gemsbok        
position  1:    T:0.23077    C:0.38462    A:0.15385    G:0.23077
position  2:    T:0.34615    C:0.15385    A:0.19231    G:0.30769
position  3:    T:0.07692    C:0.34615    A:0.11538    G:0.46154
Average         T:0.21795    C:0.29487    A:0.15385    G:0.33333

#38: Yak            
position  1:    T:0.23077    C:0.34615    A:0.19231    G:0.23077
position  2:    T:0.34615    C:0.15385    A:0.26923    G:0.23077
position  3:    T:0.11538    C:0.30769    A:0.11538    G:0.46154
Average         T:0.23077    C:0.26923    A:0.19231    G:0.30769

#39: BlueSheep      
position  1:    T:0.23077    C:0.38462    A:0.15385    G:0.23077
position  2:    T:0.34615    C:0.15385    A:0.23077    G:0.26923
position  3:    T:0.07692    C:0.34615    A:0.15385    G:0.42308
Average         T:0.21795    C:0.29487    A:0.17949    G:0.30769

#40: BohorReedbuck  
position  1:    T:0.23077    C:0.38462    A:0.15385    G:0.23077
position  2:    T:0.34615    C:0.15385    A:0.23077    G:0.26923
position  3:    T:0.07692    C:0.38462    A:0.07692    G:0.46154
Average         T:0.21795    C:0.30769    A:0.15385    G:0.32051

#41: KirksDik       
position  1:    T:0.23077    C:0.38462    A:0.15385    G:0.23077
position  2:    T:0.34615    C:0.15385    A:0.23077    G:0.26923
position  3:    T:0.07692    C:0.34615    A:0.15385    G:0.42308
Average         T:0.21795    C:0.29487    A:0.17949    G:0.30769

#42: RoeDeer        
position  1:    T:0.23077    C:0.38462    A:0.15385    G:0.23077
position  2:    T:0.34615    C:0.15385    A:0.26923    G:0.23077
position  3:    T:0.07692    C:0.34615    A:0.11538    G:0.46154
Average         T:0.21795    C:0.29487    A:0.17949    G:0.30769

#43: WhiteLippedDeer
position  1:    T:0.23077    C:0.34615    A:0.19231    G:0.23077
position  2:    T:0.34615    C:0.15385    A:0.23077    G:0.26923
position  3:    T:0.07692    C:0.34615    A:0.11538    G:0.46154
Average         T:0.21795    C:0.28205    A:0.17949    G:0.32051

#44: ThomsonGazelle 
position  1:    T:0.23077    C:0.38462    A:0.15385    G:0.23077
position  2:    T:0.34615    C:0.15385    A:0.23077    G:0.26923
position  3:    T:0.07692    C:0.34615    A:0.15385    G:0.42308
Average         T:0.21795    C:0.29487    A:0.17949    G:0.30769

#45: MuntiacusCrinifrons
position  1:    T:0.23077    C:0.38462    A:0.15385    G:0.23077
position  2:    T:0.34615    C:0.15385    A:0.23077    G:0.26923
position  3:    T:0.03846    C:0.38462    A:0.11538    G:0.46154
Average         T:0.20513    C:0.30769    A:0.16667    G:0.32051

#46: WhiteTailedDeer
position  1:    T:0.23077    C:0.38462    A:0.15385    G:0.23077
position  2:    T:0.34615    C:0.15385    A:0.23077    G:0.26923
position  3:    T:0.07692    C:0.34615    A:0.11538    G:0.46154
Average         T:0.21795    C:0.29487    A:0.16667    G:0.32051

#47: Cattle         
position  1:    T:0.23077    C:0.38462    A:0.15385    G:0.23077
position  2:    T:0.34615    C:0.15385    A:0.26923    G:0.23077
position  3:    T:0.11538    C:0.30769    A:0.11538    G:0.46154
Average         T:0.23077    C:0.28205    A:0.17949    G:0.30769

#48: RoyalAntelope  
position  1:    T:0.23077    C:0.38462    A:0.15385    G:0.23077
position  2:    T:0.34615    C:0.15385    A:0.23077    G:0.26923
position  3:    T:0.11538    C:0.30769    A:0.19231    G:0.38462
Average         T:0.23077    C:0.28205    A:0.19231    G:0.29487

#49: Steenbok       
position  1:    T:0.23077    C:0.38462    A:0.15385    G:0.23077
position  2:    T:0.34615    C:0.15385    A:0.23077    G:0.26923
position  3:    T:0.07692    C:0.34615    A:0.15385    G:0.42308
Average         T:0.21795    C:0.29487    A:0.17949    G:0.30769

#50: Impala         
position  1:    T:0.23077    C:0.38462    A:0.15385    G:0.23077
position  2:    T:0.30769    C:0.19231    A:0.26923    G:0.23077
position  3:    T:0.07692    C:0.34615    A:0.11538    G:0.46154
Average         T:0.20513    C:0.30769    A:0.17949    G:0.30769

#51: Klipspringer   
position  1:    T:0.23077    C:0.38462    A:0.15385    G:0.23077
position  2:    T:0.34615    C:0.15385    A:0.23077    G:0.26923
