1
52 1
Argali 0.000000 0.299400 0.074600 0.162300 0.024400 0.023400 0.062000 0.117300 0.062000 0.116500 0.012100 0.075200 0.049000 0.048900 0.074000 0.090000 0.024500 0.036800 0.061200 0.062800 0.090000 0.012100 0.103800 0.089500 0.024400 0.131500 0.024400 0.075500 0.103500 0.036700 0.102600 0.074400 0.102300 0.037000 0.061400 0.087400 0.012100 0.024400 0.088500 0.103400 0.103800 0.143600 0.088600 0.076600 0.074200 0.048400 0.076100 0.086300 0.045600 0.037100 0.049500 0.062000
LesserMous 0.299400 0.000000 0.299900 0.328700 0.268000 0.301800 0.321000 0.288200 0.266200 0.307900 0.283600 0.301700 0.300800 0.299200 0.332300 0.237400 0.267700 0.283400 0.277700 0.287900 0.237400 0.283600 0.273300 0.328500 0.303900 0.288200 0.304500 0.303800 0.253500 0.248900 0.307300 0.298600 0.286200 0.301900 0.244500 0.353600 0.283600 0.303700 0.216000 0.328500 0.273300 0.301000 0.286500 0.311800 0.333600 0.275700 0.236000 0.275000 0.303500 0.253000 0.268300 0.284300
LesserKudu 0.074600 0.299900 0.000000 0.147900 0.049500 0.075100 0.088300 0.145500 0.036800 0.117000 0.062100 0.024400 0.074700 0.074500 0.099900 0.117800 0.075500 0.088300 0.061200 0.037200 0.117800 0.062100 0.104200 0.089700 0.075500 0.131200 0.075500 0.024500 0.131500 0.036700 0.102900 0.100900 0.102100 0.088900 0.061300 0.061600 0.062100 0.075400 0.115700 0.103700 0.104200 0.115300 0.114500 0.104100 0.048900 0.099700 0.103200 0.086300 0.075300 0.062800 0.024500 0.012100
KillerWhal 0.162300 0.328700 0.147900 0.000000 0.134500 0.163300 0.178800 0.212700 0.133700 0.213300 0.148400 0.163500 0.162800 0.162100 0.206500 0.182600 0.134400 0.148200 0.175800 0.150200 0.182600 0.148400 0.166500 0.198200 0.164400 0.214000 0.149000 0.164300 0.197800 0.119400 0.196500 0.192800 0.180200 0.179600 0.161900 0.176900 0.148400 0.164100 0.179200 0.213800 0.166500 0.226800 0.179600 0.199000 0.191600 0.174600 0.165800 0.190200 0.148600 0.121000 0.134700 0.134200
DefassaWat 0.024400 0.268000 0.049500 0.134500 0.000000 0.024600 0.037000 0.090700 0.037100 0.117900 0.012200 0.049900 0.024400 0.024300 0.074700 0.064100 0.024700 0.037100 0.036500 0.037500 0.064100 0.012200 0.105100 0.090600 0.024700 0.104600 0.024700 0.050100 0.077200 0.012200 0.103700 0.049400 0.076300 0.037400 0.036700 0.088300 0.011800 0.024600 0.062900 0.104600 0.105100 0.116800 0.089500 0.077500 0.074900 0.048800 0.050500 0.061300 0.024600 0.012300 0.024700 0.037100
Sheep 0.023400 0.301800 0.075100 0.163300 0.024600 0.000000 0.062400 0.117900 0.062400 0.117300 0.012100 0.075600 0.049300 0.049200 0.049000 0.090600 0.024600 0.037000 0.061500 0.063200 0.090600 0.012100 0.104500 0.090100 0.024600 0.132200 0.024600 0.076000 0.104100 0.036900 0.103200 0.074800 0.102900 0.037200 0.061700 0.087900 0.012100 0.049800 0.089000 0.104000 0.104500 0.144400 0.089100 0.077100 0.074600 0.048600 0.076600 0.086800 0.049700 0.037300 0.049800 0.062400
MaxwellsDu 0.062000 0.321000 0.088300 0.178800 0.037000 0.062400 0.000000 0.131800 0.075500 0.160400 0.049500 0.088800 0.062100 0.036500 0.087200 0.104400 0.062700 0.075400 0.074100 0.076300 0.104400 0.049500 0.147300 0.131800 0.049900 0.146500 0.062800 0.089200 0.118000 0.049500 0.145400 0.036600 0.116600 0.075900 0.074700 0.114900 0.049500 0.062600 0.102600 0.146500 0.147300 0.158700 0.130300 0.118400 0.101100 0.087000 0.090000 0.073800 0.062600 0.050100 0.062800 0.075500
GazellaPrz 0.117300 0.288200 0.145500 0.212700 0.090700 0.117900 0.131800 0.000000 0.130900 0.163800 0.103900 0.117200 0.117200 0.116800 0.173000 0.051100 0.090800 0.104000 0.101900 0.133700 0.051100 0.103900 0.150400 0.134600 0.118600 0.058700 0.118700 0.147500 0.050500 0.103900 0.148500 0.116300 0.090200 0.133200 0.102200 0.188800 0.103900 0.118400 0.050400 0.149100 0.150400 0.076100 0.133100 0.121000 0.173700 0.114600 0.037800 0.128400 0.118100 0.077800 0.118500 0.131900
MountainNy 0.062000 0.266200 0.036800 0.133700 0.037100 0.062400 0.075500 0.130900 0.000000 0.103800 0.049500 0.037000 0.062200 0.062000 0.114200 0.103700 0.062600 0.075200 0.074400 0.024800 0.103700 0.049500 0.077500 0.104200 0.062800 0.145500 0.062800 0.037200 0.116400 0.024400 0.089900 0.088200 0.116600 0.076000 0.074700 0.074900 0.049500 0.062700 0.102300 0.090100 0.077500 0.158200 0.102500 0.091000 0.061900 0.060900 0.089500 0.100100 0.062600 0.050100 0.012200 0.024500
MuntiacusM 0.116500 0.307900 0.117000 0.213300 0.117900 0.117300 0.160400 0.163800 0.103800 0.000000 0.103300 0.117800 0.145000 0.144500 0.172200 0.119600 0.090500 0.103700 0.157800 0.105000 0.119600 0.103300 0.038600 0.051500 0.117900 0.162800 0.118100 0.118400 0.133500 0.103000 0.012500 0.173800 0.176600 0.132200 0.158400 0.130300 0.103300 0.146400 0.132600 0.065000 0.038600 0.159900 0.024900 0.038600 0.116000 0.142600 0.119700 0.185900 0.146300 0.104900 0.090600 0.103800
goat 0.012100 0.283600 0.062100 0.148400 0.012200 0.012100 0.049500 0.103900 0.049500 0.103300 0.000000 0.062500 0.036700 0.036600 0.061500 0.077000 0.012200 0.024500 0.048900 0.050100 0.077000 0.000000 0.090700 0.076600 0.012200 0.118000 0.012200 0.062800 0.090300 0.024400 0.089600 0.061900 0.089300 0.024600 0.049000 0.074700 0.000000 0.037000 0.075700 0.090300 0.090700 0.130200 0.075700 0.063800 0.061700 0.036200 0.063300 0.073800 0.037000 0.024700 0.036600 0.049500
AfricanBuf 0.075200 0.301700 0.024400 0.163500 0.049900 0.075600 0.088800 0.117200 0.037000 0.117800 0.062500 0.000000 0.075200 0.075000 0.128000 0.118600 0.076200 0.089100 0.061600 0.037500 0.118600 0.062500 0.104900 0.118300 0.076100 0.131500 0.076100 0.024700 0.117200 0.036900 0.103600 0.101500 0.115700 0.089600 0.087900 0.062000 0.062500 0.075900 0.116500 0.104500 0.104900 0.115500 0.116400 0.104900 0.049200 0.100400 0.103900 0.113600 0.075800 0.063300 0.024600 0.037000
Topi 0.049000 0.300800 0.074700 0.162800 0.024400 0.049300 0.062100 0.117200 0.062200 0.145000 0.036700 0.075200 0.000000 0.048900 0.100200 0.090200 0.049600 0.062200 0.061300 0.062800 0.090200 0.036700 0.132100 0.117100 0.049600 0.131600 0.049600 0.075600 0.103600 0.036700 0.130400 0.074600 0.102400 0.062600 0.061500 0.114300 0.036700 0.049500 0.088600 0.131400 0.132100 0.143700 0.115700 0.103800 0.100600 0.073700 0.076200 0.086500 0.049500 0.037100 0.049500 0.062200
CommonDuik 0.048900 0.299200 0.074500 0.162100 0.024300 0.049200 0.036500 0.116800 0.062000 0.144500 0.036600 0.075000 0.048900 0.000000 0.073600 0.089800 0.049400 0.061900 0.061100 0.062600 0.089800 0.036600 0.131700 0.116700 0.036900 0.131000 0.049500 0.075300 0.103200 0.036600 0.130000 0.024100 0.102000 0.062300 0.061300 0.113900 0.036600 0.049300 0.088300 0.131000 0.131700 0.143100 0.115300 0.103500 0.100200 0.073400 0.075900 0.060600 0.049300 0.037000 0.049400 0.062000
Suni 0.074000 0.332300 0.099900 0.206500 0.074700 0.049000 0.087200 0.173000 0.114200 0.172200 0.061500 0.128000 0.100200 0.073600 0.000000 0.144600 0.074800 0.087500 0.112600 0.115300 0.144600 0.061500 0.159300 0.115500 0.061900 0.158200 0.074800 0.128500 0.158600 0.087400 0.157300 0.099700 0.128400 0.088100 0.086300 0.140500 0.061500 0.101000 0.142200 0.158500 0.159300 0.170300 0.142200 0.130400 0.126500 0.098800 0.129600 0.085400 0.100900 0.088300 0.101200 0.087200
Springbuck 0.090000 0.237400 0.117800 0.182600 0.064100 0.090600 0.104400 0.051100 0.103700 0.119600 0.077000 0.118600 0.090200 0.089800 0.144600 0.000000 0.064100 0.077000 0.075600 0.105800 0.000000 0.077000 0.121800 0.106600 0.091100 0.037900 0.091300 0.119200 0.012500 0.077000 0.120200 0.089600 0.105400 0.105100 0.075900 0.160100 0.077000 0.091000 0.025000 0.120700 0.121800 0.063200 0.105200 0.093200 0.145200 0.088100 0.012100 0.101600 0.090900 0.051300 0.091200 0.104500
Okapi 0.024500 0.267700 0.075500 0.134400 0.024700 0.024600 0.062700 0.090800 0.062600 0.090500 0.012200 0.076200 0.049600 0.049400 0.074800 0.064100 0.000000 0.012200 0.061900 0.063600 0.064100 0.012200 0.077800 0.063900 0.024700 0.104700 0.024800 0.076500 0.077200 0.037100 0.076900 0.075200 0.076600 0.037500 0.062100 0.088400 0.012200 0.050100 0.062900 0.077200 0.077800 0.116900 0.063200 0.051100 0.075000 0.048800 0.050500 0.087300 0.050000 0.012400 0.050200 0.062800
Giraffe 0.036800 0.283400 0.088300 0.148200 0.037100 0.037000 0.075400 0.104000 0.075200 0.103700 0.024500 0.089100 0.062200 0.061900 0.087500 0.077000 0.012200 0.000000 0.074500 0.076500 0.077000 0.024500 0.090900 0.076900 0.037200 0.118000 0.037200 0.089500 0.090300 0.049600 0.089900 0.088000 0.089600 0.050100 0.074600 0.101300 0.024500 0.062800 0.075700 0.090300 0.090900 0.130200 0.076000 0.064000 0.087800 0.061100 0.063300 0.100000 0.062600 0.024800 0.062800 0.075500
TibetanAnt 0.061200 0.277700 0.061200 0.175800 0.036500 0.061500 0.074100 0.101900 0.074400 0.157800 0.048900 0.061600 0.061300 0.061100 0.112600 0.075600 0.061900 0.074500 0.000000 0.075200 0.075600 0.048900 0.144900 0.129700 0.061900 0.115800 0.061900 0.061900 0.088700 0.048800 0.143100 0.060900 0.101600 0.074900 0.048200 0.099800 0.048900 0.061700 0.074400 0.116100 0.144900 0.100600 0.128300 0.116500 0.086500 0.060200 0.062200 0.072700 0.061700 0.045600 0.061900 0.074400
Sitatunga 0.062800 0.287900 0.037200 0.150200 0.037500 0.063200 0.076300 0.133700 0.024800 0.105000 0.050100 0.037500 0.062800 0.062600 0.115300 0.105800 0.063600 0.076500 0.075200 0.000000 0.105800 0.050100 0.092100 0.105500 0.063500 0.148500 0.063600 0.012400 0.119500 0.024700 0.090900 0.089000 0.117900 0.076900 0.075600 0.075700 0.050100 0.063400 0.103800 0.119800 0.092100 0.160700 0.103700 0.092100 0.062500 0.087900 0.091200 0.101000 0.063400 0.050700 0.012400 0.024800
Oribi 0.090000 0.237400 0.117800 0.182600 0.064100 0.090600 0.104400 0.051100 0.103700 0.119600 0.077000 0.118600 0.090200 0.089800 0.144600 0.000000 0.064100 0.077000 0.075600 0.105800 0.000000 0.077000 0.121800 0.106600 0.091100 0.037900 0.091300 0.119200 0.012500 0.077000 0.120200 0.089600 0.105400 0.105100 0.075900 0.160100 0.077000 0.091000 0.025000 0.120700 0.121800 0.063200 0.105200 0.093200 0.145200 0.088100 0.012100 0.101600 0.090900 0.051300 0.091200 0.104500
BarbaryShe 0.012100 0.283600 0.062100 0.148400 0.012200 0.012100 0.049500 0.103900 0.049500 0.103300 0.000000 0.062500 0.036700 0.036600 0.061500 0.077000 0.012200 0.024500 0.048900 0.050100 0.077000 0.000000 0.090700 0.076600 0.011700 0.118000 0.012200 0.062800 0.090300 0.024400 0.089600 0.061900 0.089300 0.024600 0.049000 0.074700 0.000000 0.037000 0.075700 0.090300 0.090700 0.130200 0.076000 0.063800 0.061700 0.036200 0.063300 0.073800 0.037000 0.024700 0.037100 0.049500
Daviddeer 0.103800 0.273300 0.104200 0.166500 0.105100 0.104500 0.147300 0.150400 0.077500 0.038600 0.090700 0.104900 0.132100 0.131700 0.159300 0.121800 0.077800 0.090900 0.144900 0.092100 0.121800 0.090700 0.000000 0.038800 0.105100 0.165700 0.105200 0.105500 0.136000 0.090600 0.025500 0.160800 0.163300 0.119300 0.145600 0.117600 0.090700 0.133400 0.119600 0.038900 0.000000 0.178100 0.038100 0.025800 0.103400 0.116200 0.106700 0.173000 0.133300 0.092000 0.077800 0.091000
Reindeer 0.089500 0.328500 0.089700 0.198200 0.090600 0.090100 0.131800 0.134600 0.104200 0.051500 0.076600 0.118300 0.117100 0.116700 0.115500 0.106600 0.063900 0.076900 0.129700 0.105500 0.106600 0.076600 0.038800 0.000000 0.090600 0.120100 0.090700 0.118900 0.120500 0.103800 0.038300 0.145000 0.117800 0.104500 0.102300 0.130800 0.076600 0.118200 0.104700 0.038600 0.038800 0.132400 0.050900 0.012700 0.116500 0.115200 0.091900 0.128500 0.118100 0.077700 0.091000 0.076800
Ibex 0.024400 0.303900 0.075500 0.164400 0.024700 0.024600 0.049900 0.118600 0.062800 0.117900 0.012200 0.076100 0.049600 0.036900 0.061900 0.091100 0.024700 0.037200 0.061900 0.063500 0.091100 0.011700 0.105100 0.090600 0.000000 0.133000 0.024700 0.076400 0.104700 0.037100 0.103800 0.062300 0.103500 0.037400 0.062100 0.088400 0.012200 0.050000 0.089600 0.104600 0.105100 0.145200 0.089600 0.077500 0.075100 0.048900 0.077000 0.074400 0.050000 0.037500 0.050100 0.062800
GyrantGaze 0.131500 0.288200 0.131200 0.214000 0.104600 0.132200 0.146500 0.058700 0.145500 0.162800 0.118000 0.131500 0.131600 0.131000 0.158200 0.037900 0.104700 0.118000 0.115800 0.148500 0.037900 0.118000 0.165700 0.120100 0.133000 0.000000 0.133100 0.162400 0.037500 0.118000 0.163700 0.130600 0.103900 0.147700 0.088800 0.204800 0.118000 0.132800 0.063600 0.164300 0.165700 0.024300 0.147800 0.135700 0.189000 0.128600 0.050900 0.114700 0.132600 0.091600 0.133000 0.117800
Hartebeest 0.024400 0.304500 0.075500 0.149000 0.024700 0.024600 0.062800 0.118700 0.062800 0.118100 0.012200 0.076100 0.049600 0.049500 0.074800 0.091300 0.024800 0.037200 0.061900 0.063600 0.091300 0.012200 0.105200 0.090700 0.024700 0.133100 0.000000 0.076500 0.104800 0.037100 0.103900 0.075300 0.103500 0.037400 0.062100 0.088400 0.012200 0.050100 0.089600 0.104700 0.105200 0.145400 0.089600 0.077700 0.075000 0.048900 0.077100 0.087300 0.024600 0.037600 0.050200 0.062800
Bongo 0.075500 0.303800 0.024500 0.164300 0.050100 0.076000 0.089200 0.147500 0.037200 0.118400 0.062800 0.024700 0.075600 0.075300 0.128500 0.119200 0.076500 0.089500 0.061900 0.012400 0.119200 0.062800 0.105500 0.118900 0.076400 0.162400 0.076500 0.000000 0.133100 0.037100 0.104100 0.101900 0.131400 0.090000 0.088200 0.062300 0.062800 0.076300 0.117100 0.105000 0.105500 0.145200 0.117000 0.105500 0.049300 0.100800 0.104400 0.114000 0.076200 0.063600 0.024800 0.037200
Gerenuk 0.103500 0.253500 0.131500 0.197800 0.077200 0.104100 0.118000 0.050500 0.116400 0.133500 0.090300 0.117200 0.103600 0.103200 0.158600 0.012500 0.077200 0.090300 0.088700 0.119500 0.012500 0.090300 0.136000 0.120500 0.104700 0.037500 0.104800 0.133100 0.000000 0.090300 0.134200 0.102900 0.090000 0.118900 0.089000 0.174400 0.090300 0.104600 0.037600 0.134800 0.136000 0.062500 0.119000 0.106900 0.159300 0.101200 0.025100 0.115000 0.104400 0.064400 0.104700 0.118100
CommonElan 0.036700 0.248900 0.036700 0.119400 0.012200 0.036900 0.049500 0.103900 0.024400 0.103000 0.024400 0.036900 0.036700 0.036600 0.087400 0.077000 0.037100 0.049600 0.048800 0.024700 0.077000 0.024400 0.090600 0.103800 0.037100 0.118000 0.037100 0.037100 0.090300 0.000000 0.089500 0.061900 0.089200 0.049900 0.049000 0.074700 0.024400 0.037000 0.075700 0.117900 0.090600 0.130100 0.075700 0.090600 0.061600 0.061200 0.063300 0.073900 0.037000 0.024700 0.012200 0.024400
MuntiacusR 0.102600 0.307300 0.102900 0.196500 0.103700 0.103200 0.145400 0.148500 0.089900 0.012500 0.089600 0.103600 0.130400 0.130000 0.157300 0.120200 0.076900 0.089900 0.143100 0.090900 0.120200 0.089600 0.025500 0.038300 0.103800 0.163700 0.103900 0.104100 0.134200 0.089500 0.000000 0.158600 0.161200 0.117800 0.143700 0.116000 0.089600 0.131700 0.118000 0.051500 0.025500 0.176000 0.011800 0.025500 0.102100 0.128300 0.105300 0.170700 0.131500 0.090800 0.076800 0.089800
HarveysDui 0.074400 0.298600 0.100900 0.192800 0.049400 0.074800 0.036600 0.116300 0.088200 0.173800 0.061900 0.101500 0.074600 0.024100 0.099700 0.089600 0.075200 0.088000 0.060900 0.089000 0.089600 0.061900 0.160800 0.145000 0.062300 0.130600 0.075300 0.101900 0.102900 0.061900 0.158600 0.000000 0.115800 0.088500 0.061200 0.141600 0.061900 0.075100 0.088100 0.159800 0.160800 0.142700 0.143300 0.130700 0.127400 0.073200 0.075700 0.060500 0.075100 0.062500 0.075300 0.088100
Pronghorn 0.102300 0.286200 0.102100 0.180200 0.076300 0.102900 0.116600 0.090200 0.116600 0.176600 0.089300 0.115700 0.102400 0.102000 0.128400 0.105400 0.076600 0.089600 0.101600 0.117900 0.105400 0.089300 0.163300 0.117800 0.103500 0.103900 0.103500 0.131400 0.090000 0.089200 0.161200 0.115800 0.000000 0.117600 0.049200 0.172300 0.089300 0.103200 0.076300 0.162500 0.163300 0.116000 0.145700 0.133600 0.157600 0.114600 0.090900 0.074300 0.103100 0.063600 0.103400 0.089100
BlueWildeb 0.037000 0.301900 0.088900 0.179600 0.037400 0.037200 0.075900 0.133200 0.076000 0.132200 0.024600 0.089600 0.062600 0.062300 0.088100 0.105100 0.037500 0.050100 0.074900 0.076900 0.105100 0.024600 0.119300 0.104500 0.037400 0.147700 0.037400 0.090000 0.118900 0.049900 0.117800 0.088500 0.117600 0.000000 0.075100 0.101900 0.024600 0.063200 0.103200 0.118800 0.119300 0.160100 0.103400 0.091300 0.088300 0.061700 0.090700 0.100700 0.063000 0.050600 0.063200 0.076000
Gemsbok 0.061400 0.244500 0.061300 0.161900 0.036700 0.061700 0.074700 0.102200 0.074700 0.158400 0.049000 0.087900 0.061500 0.061300 0.086300 0.075900 0.062100 0.074600 0.048200 0.075600 0.075900 0.049000 0.145600 0.102300 0.062100 0.088800 0.062100 0.088200 0.089000 0.049000 0.143700 0.061200 0.049200 0.075100 0.000000 0.127300 0.049000 0.061900 0.048900 0.144800 0.145600 0.100700 0.128800 0.116900 0.113400 0.060400 0.062400 0.023600 0.061900 0.049500 0.062100 0.049000
Yak 0.087400 0.353600 0.061600 0.176900 0.088300 0.087900 0.114900 0.188800 0.074900 0.130300 0.074700 0.062000 0.114300 0.113900 0.140500 0.160100 0.088400 0.101300 0.099800 0.075700 0.160100 0.074700 0.117600 0.130800 0.088400 0.204800 0.088400 0.062300 0.174400 0.074700 0.116000 0.141600 0.172300 0.101900 0.127300 0.000000 0.074700 0.115200 0.157400 0.117100 0.117600 0.186500 0.128800 0.117300 0.011800 0.112700 0.144600 0.153800 0.115100 0.102200 0.062300 0.074900
BlueSheep 0.012100 0.283600 0.062100 0.148400 0.011800 0.012100 0.049500 0.103900 0.049500 0.103300 0.000000 0.062500 0.036700 0.036600 0.061500 0.077000 0.012200 0.024500 0.048900 0.050100 0.077000 0.000000 0.090700 0.076600 0.012200 0.118000 0.012200 0.062800 0.090300 0.024400 0.089600 0.061900 0.089300 0.024600 0.049000 0.074700 0.000000 0.037000 0.075700 0.090300 0.090700 0.130200 0.075700 0.063800 0.061700 0.036200 0.063300 0.073800 0.037000 0.024700 0.037100 0.049500
BohorReedb 0.024400 0.303700 0.075400 0.164100 0.024600 0.049800 0.062600 0.118400 0.062700 0.146400 0.037000 0.075900 0.049500 0.049300 0.101000 0.091000 0.050100 0.062800 0.061700 0.063400 0.091000 0.037000 0.133400 0.118200 0.050000 0.132800 0.050100 0.076300 0.104600 0.037000 0.131700 0.075100 0.103200 0.063200 0.061900 0.115200 0.037000 0.000000 0.089400 0.132700 0.133400 0.145000 0.116800 0.104900 0.101400 0.074300 0.076900 0.087100 0.049400 0.037500 0.050000 0.062700
KirksDik 0.088500 0.216000 0.115700 0.179200 0.062900 0.089000 0.102600 0.050400 0.102300 0.132600 0.075700 0.116500 0.088600 0.088300 0.142200 0.025000 0.062900 0.075700 0.074400 0.103800 0.025000 0.075700 0.119600 0.104700 0.089600 0.063600 0.089600 0.117100 0.037600 0.075700 0.118000 0.088100 0.076300 0.103200 0.048900 0.157400 0.075700 0.089400 0.000000 0.118500 0.119600 0.075700 0.103300 0.091400 0.142800 0.086700 0.012300 0.073700 0.089400 0.050400 0.089600 0.102700
RoeDeer 0.103400 0.328500 0.103700 0.213800 0.104600 0.104000 0.146500 0.149100 0.090100 0.065000 0.090300 0.104500 0.131400 0.131000 0.158500 0.120700 0.077200 0.090300 0.116100 0.119800 0.120700 0.090300 0.038900 0.038600 0.104600 0.164300 0.104700 0.105000 0.134800 0.117900 0.051500 0.159800 0.162500 0.118800 0.144800 0.117100 0.090300 0.132700 0.118500 0.000000 0.038900 0.146900 0.064200 0.025700 0.103000 0.101300 0.105700 0.172000 0.132500 0.091600 0.105000 0.118400
WhiteLippe 0.103800 0.273300 0.104200 0.166500 0.105100 0.104500 0.147300 0.150400 0.077500 0.038600 0.090700 0.104900 0.132100 0.131700 0.159300 0.121800 0.077800 0.090900 0.144900 0.092100 0.121800 0.090700 0.000000 0.038800 0.105100 0.165700 0.105200 0.105500 0.136000 0.090600 0.025500 0.160800 0.163300 0.119300 0.145600 0.117600 0.090700 0.133400 0.119600 0.038900 0.000000 0.178100 0.038100 0.025800 0.103400 0.116200 0.106700 0.173000 0.133300 0.092000 0.077800 0.091000
ThomsonGaz 0.143600 0.301000 0.115300 0.226800 0.116800 0.144400 0.158700 0.076100 0.158200 0.159900 0.130200 0.115500 0.143700 0.143100 0.170300 0.063200 0.116900 0.130200 0.100600 0.160700 0.063200 0.130200 0.178100 0.132400 0.145200 0.024300 0.145400 0.145200 0.062500 0.130100 0.176000 0.142700 0.116000 0.160100 0.100700 0.186500 0.130200 0.145000 0.075700 0.146900 0.178100 0.000000 0.160100 0.148100 0.171400 0.140500 0.063300 0.126600 0.144800 0.103900 0.145200 0.129900
MuntiacusC 0.088600 0.286500 0.114500 0.179600 0.089500 0.089100 0.130300 0.133100 0.102500 0.024900 0.075700 0.116400 0.115700 0.115300 0.142200 0.105200 0.063200 0.076000 0.128300 0.103700 0.105200 0.076000 0.038100 0.050900 0.089600 0.147800 0.089600 0.117000 0.119000 0.075700 0.011800 0.143300 0.145700 0.103400 0.128800 0.128800 0.075700 0.116800 0.103300 0.064200 0.038100 0.160100 0.000000 0.038100 0.114800 0.114000 0.090700 0.155400 0.116700 0.076800 0.089500 0.102500
WhiteTaile 0.076600 0.311800 0.104100 0.199000 0.077500 0.077100 0.118400 0.121000 0.091000 0.038600 0.063800 0.104900 0.103800 0.103500 0.130400 0.093200 0.051100 0.064000 0.116500 0.092100 0.093200 0.063800 0.025800 0.012700 0.077500 0.135700 0.077700 0.105500 0.106900 0.090600 0.025500 0.130700 0.133600 0.091300 0.116900 0.117300 0.063800 0.104900 0.091400 0.025700 0.025800 0.148100 0.038100 0.000000 0.103300 0.102200 0.078700 0.143500 0.104800 0.064700 0.077800 0.091000
Cattle 0.074200 0.333600 0.048900 0.191600 0.074900 0.074600 0.101100 0.173700 0.061900 0.116000 0.061700 0.049200 0.100600 0.100200 0.126500 0.145200 0.075000 0.087800 0.086500 0.062500 0.145200 0.061700 0.103400 0.116500 0.075100 0.189000 0.075000 0.049300 0.159300 0.061600 0.102100 0.127400 0.157600 0.088300 0.113400 0.011800 0.061700 0.101400 0.142800 0.103000 0.103400 0.171400 0.114800 0.103300 0.000000 0.099200 0.130100 0.139500 0.101300 0.088600 0.049300 0.061800
RoyalAntel 0.048400 0.275700 0.099700 0.174600 0.048800 0.048600 0.087000 0.114600 0.060900 0.142600 0.036200 0.100400 0.073700 0.073400 0.098800 0.088100 0.048800 0.061100 0.060200 0.087900 0.088100 0.036200 0.116200 0.115200 0.048900 0.128600 0.048900 0.100800 0.101200 0.061200 0.128300 0.073200 0.114600 0.061700 0.060400 0.112700 0.036200 0.074300 0.086700 0.101300 0.116200 0.140500 0.114000 0.102200 0.099200 0.000000 0.074500 0.085100 0.074200 0.061800 0.074400 0.087000
Steenbok 0.076100 0.236000 0.103200 0.165800 0.050500 0.076600 0.090000 0.037800 0.089500 0.119700 0.063300 0.103900 0.076200 0.075900 0.129600 0.012100 0.050500 0.063300 0.062200 0.091200 0.012100 0.063300 0.106700 0.091900 0.077000 0.050900 0.077100 0.104400 0.025100 0.063300 0.105300 0.075700 0.090900 0.090700 0.062400 0.144600 0.063300 0.076900 0.012300 0.105700 0.106700 0.063300 0.090700 0.078700 0.130100 0.074500 0.000000 0.087700 0.076800 0.038000 0.077100 0.090100
Impala 0.086300 0.275000 0.086300 0.190200 0.061300 0.086800 0.073800 0.128400 0.100100 0.185900 0.073800 0.113600 0.086500 0.060600 0.085400 0.101600 0.087300 0.100000 0.072700 0.101000 0.101600 0.073800 0.173000 0.128500 0.074400 0.114700 0.087300 0.114000 0.115000 0.073900 0.170700 0.060500 0.074300 0.100700 0.023600 0.153800 0.073800 0.087100 0.073700 0.172000 0.173000 0.126600 0.155400 0.143500 0.139500 0.085100 0.087700 0.000000 0.087100 0.074500 0.087300 0.073800
Klipspring 0.045600 0.303500 0.075300 0.148600 0.024600 0.049700 0.062600 0.118100 0.062600 0.146300 0.037000 0.075800 0.049500 0.049300 0.100900 0.090900 0.050000 0.062600 0.061700 0.063400 0.090900 0.037000 0.133300 0.118100 0.050000 0.132600 0.024600 0.076200 0.104400 0.037000 0.131500 0.075100 0.103100 0.063000 0.061900 0.115100 0.037000 0.049400 0.089400 0.132500 0.133300 0.144800 0.116700 0.104800 0.101300 0.074200 0.076800 0.087100 0.000000 0.037400 0.050000 0.062700
ForestMusk 0.037100 0.253000 0.062800 0.121000 0.012300 0.037300 0.050100 0.077800 0.050100 0.104900 0.024700 0.063300 0.037100 0.037000 0.088300 0.051300 0.012400 0.024800 0.045600 0.050700 0.051300 0.024700 0.092000 0.077700 0.037500 0.091600 0.037600 0.063600 0.064400 0.024700 0.090800 0.062500 0.063600 0.050600 0.049500 0.102200 0.024700 0.037500 0.050400 0.091600 0.092000 0.103900 0.076800 0.064700 0.088600 0.061800 0.038000 0.074500 0.037400 0.000000 0.037500 0.050100
Bushbuck 0.049500 0.268300 0.024500 0.134700 0.024700 0.049800 0.062800 0.118500 0.012200 0.090600 0.036600 0.024600 0.049500 0.049400 0.101200 0.091200 0.050200 0.062800 0.061900 0.012400 0.091200 0.037100 0.077800 0.091000 0.050100 0.133000 0.050200 0.024800 0.104700 0.012200 0.076800 0.075300 0.103400 0.063200 0.062100 0.062300 0.037100 0.050000 0.089600 0.105000 0.077800 0.145200 0.089500 0.077800 0.049300 0.074400 0.077100 0.087300 0.050000 0.037500 0.000000 0.011700
GreaterKud 0.062000 0.284300 0.012100 0.134200 0.037100 0.062400 0.075500 0.131900 0.024500 0.103800 0.049500 0.037000 0.062200 0.062000 0.087200 0.104500 0.062800 0.075500 0.074400 0.024800 0.104500 0.049500 0.091000 0.076800 0.062800 0.117800 0.062800 0.037200 0.118100 0.024400 0.089800 0.088100 0.089100 0.076000 0.049000 0.074900 0.049500 0.062700 0.102700 0.118400 0.091000 0.129900 0.102500 0.091000 0.061800 0.087000 0.090100 0.073800 0.062700 0.050100 0.011700 0.000000
