1
52 1
Argali 0.000000 0.102400 0.070500 0.144400 0.013500 0.000000 0.027100 0.013500 0.055700 0.041400 0.013200 0.055500 0.027400 0.027300 0.040400 0.069800 0.070300 0.070900 0.013600 0.055700 0.013200 0.013400 0.041400 0.193600 0.000000 0.069300 0.027400 0.055700 0.013500 0.055700 0.041400 0.027100 0.145300 0.027400 0.027400 0.055300 0.013500 0.013500 0.069600 0.132700 0.041200 0.040900 0.041400 0.262900 0.070000 0.068500 0.013500 0.083200 0.026600 0.055500 0.070900 0.055700
LesserMous 0.102400 0.000000 0.118900 0.096300 0.087000 0.102400 0.101800 0.087100 0.102500 0.086700 0.118000 0.101900 0.072400 0.103200 0.116600 0.150600 0.095000 0.086800 0.118400 0.102500 0.087100 0.117100 0.086700 0.250900 0.102400 0.148900 0.072400 0.102500 0.087000 0.102500 0.086700 0.102400 0.162900 0.072400 0.072400 0.101400 0.117800 0.087100 0.118300 0.186600 0.086400 0.117800 0.086700 0.326500 0.117600 0.147400 0.087200 0.164900 0.103200 0.101700 0.119500 0.102500
LesserKudu 0.070500 0.118900 0.000000 0.161100 0.056000 0.070500 0.070200 0.056000 0.013100 0.055800 0.085400 0.070300 0.071100 0.071000 0.084400 0.116100 0.085800 0.086400 0.085700 0.013500 0.056000 0.084700 0.055800 0.212300 0.070500 0.115100 0.071100 0.013500 0.055900 0.013500 0.055800 0.070500 0.162300 0.071100 0.071100 0.069900 0.085200 0.056000 0.115600 0.149900 0.055600 0.085200 0.055900 0.283800 0.085000 0.113800 0.056100 0.130100 0.071000 0.070200 0.027500 0.013200
KillerWhal 0.144400 0.096300 0.161100 0.000000 0.127600 0.144400 0.143100 0.128100 0.143500 0.127500 0.161200 0.143700 0.145100 0.145300 0.159600 0.179600 0.159700 0.161800 0.161200 0.143500 0.128100 0.159500 0.127600 0.305900 0.144400 0.193500 0.145100 0.143500 0.127500 0.143500 0.127500 0.144400 0.210500 0.145100 0.145100 0.143100 0.160800 0.128100 0.145600 0.235400 0.127600 0.160900 0.127200 0.388000 0.160200 0.191900 0.128000 0.211100 0.145200 0.108500 0.162100 0.143500
DefassaWat 0.013500 0.087000 0.056000 0.127600 0.000000 0.013500 0.013400 0.000000 0.041400 0.027400 0.027200 0.041300 0.013600 0.013600 0.026900 0.055300 0.055800 0.056300 0.027300 0.041400 0.000000 0.027000 0.027300 0.177600 0.013500 0.054900 0.013600 0.041400 0.000100 0.041400 0.027400 0.013500 0.129700 0.013600 0.013600 0.041100 0.027100 0.000000 0.055200 0.117100 0.027200 0.027100 0.027400 0.246000 0.055500 0.054400 0.000100 0.069000 0.013600 0.041200 0.056200 0.041400
Sheep 0.000000 0.102400 0.070500 0.144400 0.013500 0.000000 0.027100 0.013500 0.055700 0.041400 0.013200 0.055500 0.027400 0.026600 0.040600 0.069800 0.070300 0.070900 0.013600 0.055700 0.013200 0.013400 0.041400 0.193600 0.000000 0.069300 0.027400 0.055700 0.013500 0.055700 0.041400 0.027100 0.145300 0.027400 0.027400 0.055300 0.013500 0.013100 0.069600 0.132700 0.041200 0.040900 0.041400 0.262900 0.070000 0.068500 0.013500 0.083200 0.027300 0.055500 0.070900 0.055700
MaxwellsDu 0.027100 0.101800 0.070200 0.143100 0.013400 0.027100 0.000000 0.013400 0.055400 0.041100 0.040900 0.055200 0.027200 0.027200 0.040500 0.069400 0.069900 0.070600 0.041100 0.055400 0.013400 0.040600 0.041100 0.193000 0.027100 0.068800 0.027200 0.055400 0.013400 0.055400 0.041100 0.027100 0.144600 0.027200 0.027200 0.055000 0.040800 0.013400 0.069100 0.132100 0.041000 0.040800 0.041200 0.262200 0.069600 0.068100 0.013400 0.083100 0.027200 0.055100 0.070500 0.055400
GazellaPrz 0.013500 0.087100 0.056000 0.128100 0.000000 0.013500 0.013400 0.000000 0.041400 0.027400 0.026100 0.041300 0.013600 0.013200 0.026000 0.055400 0.055900 0.056400 0.027300 0.041400 0.000000 0.027000 0.027400 0.177700 0.013500 0.054900 0.013600 0.041400 0.000000 0.041400 0.027400 0.013200 0.129800 0.013600 0.013600 0.041100 0.026400 0.000000 0.055200 0.117200 0.027300 0.027100 0.027400 0.246100 0.055500 0.054400 0.000000 0.068800 0.013500 0.041300 0.056300 0.041400
MountainNy 0.055700 0.102500 0.013100 0.143500 0.041400 0.055700 0.055400 0.041400 0.000000 0.041300 0.070200 0.055500 0.056100 0.056000 0.069400 0.100100 0.070500 0.071000 0.070400 0.000000 0.041400 0.069700 0.041300 0.194300 0.055700 0.099300 0.056100 0.000000 0.041400 0.000000 0.041300 0.055700 0.145300 0.056100 0.056100 0.055200 0.070000 0.041400 0.099700 0.132900 0.041200 0.070000 0.041400 0.264000 0.069900 0.098200 0.041500 0.114100 0.056000 0.055400 0.013600 0.000000
MuntiacusM 0.041400 0.086700 0.055800 0.127500 0.027400 0.041400 0.041100 0.027400 0.041300 0.000000 0.055600 0.041200 0.041700 0.041600 0.055000 0.085100 0.055600 0.056200 0.055900 0.041300 0.027400 0.055300 0.013300 0.158400 0.041400 0.055400 0.041700 0.041300 0.027300 0.041300 0.000000 0.041400 0.099300 0.041700 0.041700 0.041100 0.055500 0.027400 0.084800 0.099700 0.013300 0.055500 0.000000 0.224100 0.055400 0.083600 0.027400 0.084400 0.041600 0.041200 0.056100 0.041300
goat 0.013200 0.118000 0.085400 0.161200 0.027200 0.013200 0.040900 0.026100 0.070200 0.055600 0.000000 0.069900 0.041400 0.041200 0.054500 0.084400 0.085100 0.085900 0.027400 0.070200 0.026400 0.027100 0.055600 0.210900 0.013500 0.083700 0.041400 0.070200 0.027200 0.070200 0.055600 0.041000 0.161400 0.041400 0.041400 0.069600 0.027100 0.027100 0.084100 0.148900 0.055400 0.055000 0.055700 0.281900 0.084600 0.082900 0.027300 0.097800 0.041200 0.069900 0.085800 0.070200
AfricanBuf 0.055500 0.101900 0.070300 0.143700 0.041300 0.055500 0.055200 0.041300 0.055500 0.041200 0.069900 0.000000 0.055900 0.055800 0.069200 0.099900 0.070300 0.070800 0.070200 0.055500 0.041300 0.069400 0.041200 0.194300 0.055500 0.099000 0.055900 0.055500 0.041200 0.055500 0.041200 0.055500 0.145100 0.055900 0.055900 0.027000 0.069800 0.041300 0.099400 0.132700 0.041100 0.069800 0.041300 0.264200 0.041000 0.098000 0.041400 0.113700 0.055800 0.055200 0.070700 0.055500
Topi 0.027400 0.072400 0.071100 0.145100 0.013600 0.027400 0.027200 0.013600 0.056100 0.041700 0.041400 0.055900 0.000000 0.027600 0.040900 0.070200 0.070900 0.071600 0.041600 0.056100 0.013600 0.041100 0.041600 0.195400 0.027400 0.069700 0.000000 0.056100 0.013600 0.056100 0.041700 0.027400 0.146600 0.000000 0.000000 0.055600 0.041300 0.013600 0.070100 0.133900 0.041500 0.041300 0.041700 0.265600 0.070500 0.069000 0.013600 0.084100 0.027600 0.055800 0.071400 0.056100
CommonDuik 0.027300 0.103200 0.071000 0.145300 0.013600 0.026600 0.027200 0.013200 0.056000 0.041600 0.041200 0.055800 0.027600 0.000000 0.040800 0.070200 0.070800 0.071500 0.041600 0.056000 0.013500 0.041100 0.041600 0.195000 0.027300 0.069600 0.027600 0.056000 0.013600 0.056000 0.041600 0.026600 0.146400 0.027600 0.027600 0.055600 0.041200 0.013200 0.070000 0.133700 0.041500 0.041200 0.041600 0.265000 0.070400 0.068900 0.013600 0.083700 0.027500 0.055800 0.071400 0.056000
Suni 0.040400 0.116600 0.084400 0.159600 0.026900 0.040600 0.040500 0.026000 0.069400 0.055000 0.054500 0.069200 0.040900 0.040800 0.000000 0.083500 0.084100 0.084900 0.054900 0.069400 0.026800 0.054300 0.055000 0.176500 0.040600 0.082900 0.040900 0.069400 0.026900 0.069400 0.055000 0.040300 0.098600 0.040900 0.040900 0.068900 0.054400 0.026800 0.083200 0.147300 0.054800 0.054400 0.055100 0.244500 0.083700 0.082100 0.027000 0.096800 0.040700 0.069100 0.084800 0.069400
Springbuck 0.069800 0.150600 0.116100 0.179600 0.055300 0.069800 0.069400 0.055400 0.100100 0.085100 0.084400 0.099900 0.070200 0.070200 0.083500 0.000000 0.085100 0.085900 0.084800 0.100100 0.055400 0.083900 0.085000 0.229800 0.069800 0.112000 0.070200 0.100100 0.055300 0.100100 0.085100 0.069800 0.195100 0.070200 0.070200 0.099400 0.084200 0.055400 0.084200 0.166000 0.084800 0.084200 0.085200 0.303000 0.115100 0.112700 0.055500 0.128700 0.070100 0.099700 0.116700 0.100100
Okapi 0.070300 0.095000 0.085800 0.159700 0.055800 0.070300 0.069900 0.055900 0.070500 0.055600 0.085100 0.070300 0.070900 0.070800 0.084100 0.085100 0.000000 0.027400 0.085300 0.070500 0.055900 0.084400 0.055600 0.211600 0.070300 0.111500 0.070900 0.070500 0.055800 0.070500 0.055600 0.070300 0.097800 0.070900 0.070900 0.069900 0.084900 0.055900 0.115100 0.149500 0.055500 0.085000 0.055700 0.246100 0.085000 0.113300 0.056000 0.129600 0.070800 0.070000 0.086200 0.070500
Giraffe 0.070900 0.086800 0.086400 0.161800 0.056300 0.070900 0.070600 0.056400 0.071000 0.056200 0.085900 0.070800 0.071600 0.071500 0.084900 0.085900 0.027400 0.000000 0.086100 0.071000 0.056400 0.085200 0.056200 0.180800 0.070900 0.113000 0.071600 0.071000 0.056300 0.071000 0.056200 0.070900 0.129500 0.071600 0.071600 0.070400 0.085700 0.056400 0.116300 0.119200 0.056000 0.085700 0.056200 0.250700 0.085600 0.114500 0.056500 0.131000 0.071500 0.070700 0.086900 0.071000
TibetanAnt 0.013600 0.118400 0.085700 0.161200 0.027300 0.013600 0.041100 0.027300 0.070400 0.055900 0.027400 0.070200 0.041600 0.041600 0.054900 0.084800 0.085300 0.086100 0.000000 0.070400 0.027300 0.027200 0.055800 0.210700 0.013600 0.084200 0.041600 0.070400 0.027300 0.070400 0.055900 0.013600 0.161800 0.041600 0.041600 0.069900 0.027300 0.027300 0.084600 0.149100 0.055600 0.055400 0.055900 0.281300 0.085000 0.083300 0.027400 0.098700 0.041600 0.070200 0.086100 0.070400
Sitatunga 0.055700 0.102500 0.013500 0.143500 0.041400 0.055700 0.055400 0.041400 0.000000 0.041300 0.070200 0.055500 0.056100 0.056000 0.069400 0.100100 0.070500 0.071000 0.070400 0.000000 0.041400 0.069700 0.041300 0.194300 0.055700 0.099300 0.056100 0.000000 0.041400 0.000000 0.041300 0.055700 0.145300 0.056100 0.056100 0.055200 0.070000 0.041400 0.099700 0.132900 0.041200 0.070000 0.041400 0.264000 0.069900 0.098200 0.041500 0.114100 0.056000 0.055400 0.013200 0.000000
Oribi 0.013200 0.087100 0.056000 0.128100 0.000000 0.013200 0.013400 0.000000 0.041400 0.027400 0.026400 0.041300 0.013600 0.013500 0.026800 0.055400 0.055900 0.056400 0.027300 0.041400 0.000000 0.027000 0.027400 0.177700 0.013500 0.054900 0.013600 0.041400 0.000000 0.041400 0.027400 0.013500 0.129800 0.013600 0.013600 0.041100 0.027100 0.000000 0.055200 0.117200 0.027300 0.026400 0.027400 0.246100 0.055500 0.054400 0.000000 0.068800 0.013300 0.041300 0.056300 0.041400
BarbaryShe 0.013400 0.117100 0.084700 0.159500 0.027000 0.013400 0.040600 0.027000 0.069700 0.055300 0.027100 0.069400 0.041100 0.041100 0.054300 0.083900 0.084400 0.085200 0.027200 0.069700 0.027000 0.000000 0.055200 0.209500 0.013400 0.083300 0.041100 0.069700 0.027000 0.069700 0.055300 0.040900 0.160100 0.041100 0.041100 0.069200 0.027000 0.027000 0.083600 0.147800 0.055100 0.054800 0.055300 0.279900 0.084100 0.054200 0.027100 0.097600 0.041100 0.069400 0.085100 0.069700
Daviddeer 0.041400 0.086700 0.055800 0.127600 0.027300 0.041400 0.041100 0.027400 0.041300 0.013300 0.055600 0.041200 0.041600 0.041600 0.055000 0.085000 0.055600 0.056200 0.055800 0.041300 0.027400 0.055200 0.000000 0.143300 0.041400 0.055400 0.041600 0.041300 0.027300 0.041300 0.013300 0.041400 0.099300 0.041600 0.041600 0.041000 0.055500 0.027400 0.084700 0.084900 0.000000 0.055500 0.013300 0.208200 0.055400 0.083600 0.027400 0.084300 0.041600 0.041200 0.056100 0.041300
Reindeer 0.193600 0.250900 0.212300 0.305900 0.177600 0.193600 0.193000 0.177700 0.194300 0.158400 0.210900 0.194300 0.195400 0.195000 0.176500 0.229800 0.211600 0.180800 0.210700 0.194300 0.177700 0.209500 0.143300 0.000000 0.193600 0.210600 0.195400 0.194300 0.177500 0.194300 0.158400 0.193600 0.229900 0.195400 0.195400 0.176800 0.210400 0.177700 0.245400 0.099900 0.142700 0.210500 0.158600 0.054700 0.193700 0.243000 0.178200 0.244600 0.194800 0.193400 0.213800 0.194300
Ibex 0.000000 0.102400 0.070500 0.144400 0.013500 0.000000 0.027100 0.013500 0.055700 0.041400 0.013500 0.055500 0.027400 0.027300 0.040600 0.069800 0.070300 0.070900 0.013600 0.055700 0.013500 0.013400 0.041400 0.193600 0.000000 0.069300 0.027400 0.055700 0.013500 0.055700 0.041400 0.027100 0.145300 0.027400 0.027400 0.055300 0.013500 0.013500 0.069600 0.132700 0.041200 0.040900 0.041400 0.262900 0.070000 0.068500 0.013500 0.083200 0.027300 0.055500 0.070900 0.055700
GyrantGaze 0.069300 0.148900 0.115100 0.193500 0.054900 0.069300 0.068800 0.054900 0.099300 0.055400 0.083700 0.099000 0.069700 0.069600 0.082900 0.112000 0.111500 0.113000 0.084200 0.099300 0.054900 0.083300 0.055400 0.210600 0.069300 0.000000 0.069700 0.099300 0.054900 0.099300 0.055400 0.069300 0.161000 0.069700 0.069700 0.098600 0.083600 0.054900 0.113500 0.148300 0.055200 0.027100 0.055400 0.281600 0.114100 0.111900 0.055000 0.127700 0.069600 0.098900 0.115600 0.099300
Hartebeest 0.027400 0.072400 0.071100 0.145100 0.013600 0.027400 0.027200 0.013600 0.056100 0.041700 0.041400 0.055900 0.000000 0.027600 0.040900 0.070200 0.070900 0.071600 0.041600 0.056100 0.013600 0.041100 0.041600 0.195400 0.027400 0.069700 0.000000 0.056100 0.013600 0.056100 0.041700 0.027400 0.146600 0.000000 0.000000 0.055600 0.041300 0.013600 0.070100 0.133900 0.041500 0.041300 0.041700 0.265600 0.070500 0.069000 0.013600 0.084100 0.027600 0.055800 0.071400 0.056100
Bongo 0.055700 0.102500 0.013500 0.143500 0.041400 0.055700 0.055400 0.041400 0.000000 0.041300 0.070200 0.055500 0.056100 0.056000 0.069400 0.100100 0.070500 0.071000 0.070400 0.000000 0.041400 0.069700 0.041300 0.194300 0.055700 0.099300 0.056100 0.000000 0.041400 0.000000 0.041300 0.055700 0.145300 0.056100 0.056100 0.055200 0.070000 0.041400 0.099700 0.132900 0.041200 0.070000 0.041400 0.264000 0.069900 0.098200 0.041500 0.114100 0.056000 0.055400 0.013600 0.000000
Gerenuk 0.013500 0.087000 0.055900 0.127500 0.000100 0.013500 0.013400 0.000000 0.041400 0.027300 0.027200 0.041200 0.013600 0.013600 0.026900 0.055300 0.055800 0.056300 0.027300 0.041400 0.000000 0.027000 0.027300 0.177500 0.013500 0.054900 0.013600 0.041400 0.000000 0.041400 0.027300 0.013500 0.129600 0.013600 0.013600 0.041100 0.027100 0.000000 0.055200 0.117100 0.027200 0.027100 0.027400 0.245800 0.055500 0.054300 0.000100 0.069000 0.013600 0.041200 0.056200 0.041400
CommonElan 0.055700 0.102500 0.013500 0.143500 0.041400 0.055700 0.055400 0.041400 0.000000 0.041300 0.070200 0.055500 0.056100 0.056000 0.069400 0.100100 0.070500 0.071000 0.070400 0.000000 0.041400 0.069700 0.041300 0.194300 0.055700 0.099300 0.056100 0.000000 0.041400 0.000000 0.041300 0.055700 0.145300 0.056100 0.056100 0.055200 0.070000 0.041400 0.099700 0.132900 0.041200 0.070000 0.041400 0.264000 0.069900 0.098200 0.041500 0.114100 0.056000 0.055400 0.013200 0.000000
MuntiacusR 0.041400 0.086700 0.055800 0.127500 0.027400 0.041400 0.041100 0.027400 0.041300 0.000000 0.055600 0.041200 0.041700 0.041600 0.055000 0.085100 0.055600 0.056200 0.055900 0.041300 0.027400 0.055300 0.013300 0.158400 0.041400 0.055400 0.041700 0.041300 0.027300 0.041300 0.000000 0.041400 0.099300 0.041700 0.041700 0.041100 0.055500 0.027400 0.084800 0.099700 0.013300 0.055500 0.000000 0.224100 0.055400 0.083600 0.027400 0.084400 0.041600 0.041200 0.056100 0.041300
HarveysDui 0.027100 0.102400 0.070500 0.144400 0.013500 0.027100 0.027100 0.013200 0.055700 0.041400 0.041000 0.055500 0.027400 0.026600 0.040300 0.069800 0.070300 0.070900 0.013600 0.055700 0.013500 0.040900 0.041400 0.193600 0.027100 0.069300 0.027400 0.055700 0.013500 0.055700 0.041400 0.000000 0.145300 0.027400 0.027400 0.055300 0.040900 0.013200 0.069600 0.132700 0.041200 0.040900 0.041400 0.262900 0.070000 0.068500 0.013500 0.083200 0.027300 0.055500 0.070900 0.055700
Pronghorn 0.145300 0.162900 0.162300 0.210500 0.129700 0.145300 0.144600 0.129800 0.145300 0.099300 0.161400 0.145100 0.146600 0.146400 0.098600 0.195100 0.097800 0.129500 0.161800 0.145300 0.129800 0.160100 0.099300 0.229900 0.145300 0.161000 0.146600 0.145300 0.129600 0.145300 0.099300 0.145300 0.000000 0.146600 0.146600 0.144300 0.161000 0.129800 0.194100 0.199200 0.098900 0.161000 0.099400 0.265500 0.160800 0.191200 0.130100 0.208900 0.146300 0.144600 0.163200 0.145300
BlueWildeb 0.027400 0.072400 0.071100 0.145100 0.013600 0.027400 0.027200 0.013600 0.056100 0.041700 0.041400 0.055900 0.000000 0.027600 0.040900 0.070200 0.070900 0.071600 0.041600 0.056100 0.013600 0.041100 0.041600 0.195400 0.027400 0.069700 0.000000 0.056100 0.013600 0.056100 0.041700 0.027400 0.146600 0.000000 0.000000 0.055600 0.041300 0.013600 0.070100 0.133900 0.041500 0.041300 0.041700 0.265600 0.070500 0.069000 0.013600 0.084100 0.027600 0.055800 0.071400 0.056100
Gemsbok 0.027400 0.072400 0.071100 0.145100 0.013600 0.027400 0.027200 0.013600 0.056100 0.041700 0.041400 0.055900 0.000000 0.027600 0.040900 0.070200 0.070900 0.071600 0.041600 0.056100 0.013600 0.041100 0.041600 0.195400 0.027400 0.069700 0.000000 0.056100 0.013600 0.056100 0.041700 0.027400 0.146600 0.000000 0.000000 0.055600 0.041300 0.013600 0.070100 0.133900 0.041500 0.041300 0.041700 0.265600 0.070500 0.069000 0.013600 0.084100 0.027600 0.055800 0.071400 0.056100
Yak 0.055300 0.101400 0.069900 0.143100 0.041100 0.055300 0.055000 0.041100 0.055200 0.041100 0.069600 0.027000 0.055600 0.055600 0.068900 0.099400 0.069900 0.070400 0.069900 0.055200 0.041100 0.069200 0.041000 0.176800 0.055300 0.098600 0.055600 0.055200 0.041100 0.055200 0.041100 0.055300 0.144300 0.055600 0.055600 0.000000 0.069500 0.041100 0.099000 0.131900 0.040900 0.069500 0.041100 0.244900 0.013400 0.097700 0.041200 0.113300 0.055500 0.055000 0.070300 0.055200
BlueSheep 0.013500 0.117800 0.085200 0.160800 0.027100 0.013500 0.040800 0.026400 0.070000 0.055500 0.027100 0.069800 0.041300 0.041200 0.054400 0.084200 0.084900 0.085700 0.027300 0.070000 0.027100 0.027000 0.055500 0.210400 0.013500 0.083600 0.041300 0.070000 0.027100 0.070000 0.055500 0.040900 0.161000 0.041300 0.041300 0.069500 0.000000 0.027100 0.084000 0.148600 0.055300 0.054900 0.055500 0.281200 0.084500 0.082700 0.027200 0.097600 0.040800 0.069700 0.085600 0.070000
BohorReedb 0.013500 0.087100 0.056000 0.128100 0.000000 0.013100 0.013400 0.000000 0.041400 0.027400 0.027100 0.041300 0.013600 0.013200 0.026800 0.055400 0.055900 0.056400 0.027300 0.041400 0.000000 0.027000 0.027400 0.177700 0.013500 0.054900 0.013600 0.041400 0.000000 0.041400 0.027400 0.013200 0.129800 0.013600 0.013600 0.041100 0.027100 0.000000 0.055200 0.117200 0.027300 0.027100 0.027400 0.246100 0.055500 0.054400 0.000000 0.068800 0.013200 0.041300 0.056300 0.041400
KirksDik 0.069600 0.118300 0.115600 0.145600 0.055200 0.069600 0.069100 0.055200 0.099700 0.084800 0.084100 0.099400 0.070100 0.070000 0.083200 0.084200 0.115100 0.116300 0.084600 0.099700 0.055200 0.083600 0.084700 0.245400 0.069600 0.113500 0.070100 0.099700 0.055200 0.099700 0.084800 0.069600 0.194100 0.070100 0.070100 0.099000 0.084000 0.055200 0.000000 0.181800 0.084500 0.084000 0.084800 0.319100 0.114600 0.112100 0.055300 0.128200 0.070000 0.099300 0.116100 0.099700
RoeDeer 0.132700 0.186600 0.149900 0.235400 0.117100 0.132700 0.132100 0.117200 0.132900 0.099700 0.148900 0.132700 0.133900 0.133700 0.147300 0.166000 0.149500 0.119200 0.149100 0.132900 0.117200 0.147800 0.084900 0.099900 0.132700 0.148300 0.133900 0.132900 0.117100 0.132900 0.099700 0.132700 0.199200 0.133900 0.133900 0.131900 0.148600 0.117200 0.181800 0.000000 0.084600 0.148600 0.099800 0.162900 0.148500 0.179300 0.117400 0.148500 0.133600 0.132300 0.150800 0.132900
WhiteLippe 0.041200 0.086400 0.055600 0.127600 0.027200 0.041200 0.041000 0.027300 0.041200 0.013300 0.055400 0.041100 0.041500 0.041500 0.054800 0.084800 0.055500 0.056000 0.055600 0.041200 0.027300 0.055100 0.000000 0.142700 0.041200 0.055200 0.041500 0.041200 0.027200 0.041200 0.013300 0.041200 0.098900 0.041500 0.041500 0.040900 0.055300 0.027300 0.084500 0.084600 0.000000 0.055300 0.013300 0.207300 0.055200 0.083300 0.027300 0.084100 0.041400 0.041000 0.055900 0.041200
ThomsonGaz 0.040900 0.117800 0.085200 0.160900 0.027100 0.040900 0.040800 0.027100 0.070000 0.055500 0.055000 0.069800 0.041300 0.041200 0.054400 0.084200 0.085000 0.085700 0.055400 0.070000 0.026400 0.054800 0.055500 0.210500 0.040900 0.027100 0.041300 0.070000 0.027100 0.070000 0.055500 0.040900 0.161000 0.041300 0.041300 0.069500 0.054900 0.027100 0.084000 0.148600 0.055300 0.000000 0.055500 0.281200 0.084500 0.082700 0.027200 0.097700 0.040300 0.069700 0.085600 0.070000
MuntiacusC 0.041400 0.086700 0.055900 0.127200 0.027400 0.041400 0.041200 0.027400 0.041400 0.000000 0.055700 0.041300 0.041700 0.041600 0.055100 0.085200 0.055700 0.056200 0.055900 0.041400 0.027400 0.055300 0.013300 0.158600 0.041400 0.055400 0.041700 0.041400 0.027400 0.041400 0.000000 0.041400 0.099400 0.041700 0.041700 0.041100 0.055500 0.027400 0.084800 0.099800 0.013300 0.055500 0.000000 0.224400 0.055500 0.083700 0.027400 0.084500 0.041600 0.041200 0.056200 0.041400
WhiteTaile 0.262900 0.326500 0.283800 0.388000 0.246000 0.262900 0.262200 0.246100 0.264000 0.224100 0.281900 0.264200 0.265600 0.265000 0.244500 0.303000 0.246100 0.250700 0.281300 0.264000 0.246100 0.279900 0.208200 0.054700 0.262900 0.281600 0.265600 0.264000 0.245800 0.264000 0.224100 0.262900 0.265500 0.265600 0.265600 0.244900 0.281200 0.246100 0.319100 0.162900 0.207300 0.281200 0.224400 0.000000 0.263100 0.316100 0.246700 0.318200 0.264600 0.262600 0.286000 0.264000
Cattle 0.070000 0.117600 0.085000 0.160200 0.055500 0.070000 0.069600 0.055500 0.069900 0.055400 0.084600 0.041000 0.070500 0.070400 0.083700 0.115100 0.085000 0.085600 0.085000 0.069900 0.055500 0.084100 0.055400 0.193700 0.070000 0.114100 0.070500 0.069900 0.055500 0.069900 0.055400 0.070000 0.160800 0.070500 0.070500 0.013400 0.084500 0.055500 0.114600 0.148500 0.055200 0.084500 0.055500 0.263100 0.000000 0.113000 0.055700 0.129100 0.041600 0.069600 0.085400 0.069900
RoyalAntel 0.068500 0.147400 0.113800 0.191900 0.054400 0.068500 0.068100 0.054400 0.098200 0.083600 0.082900 0.098000 0.069000 0.068900 0.082100 0.112700 0.113300 0.114500 0.083300 0.098200 0.054400 0.054200 0.083600 0.243000 0.068500 0.111900 0.069000 0.098200 0.054300 0.098200 0.083600 0.068500 0.191200 0.069000 0.069000 0.097700 0.082700 0.054400 0.112100 0.179300 0.083300 0.082700 0.083700 0.316100 0.113000 0.000000 0.054500 0.126400 0.068800 0.098000 0.114400 0.098200
Steenbok 0.013500 0.087200 0.056100 0.128000 0.000100 0.013500 0.013400 0.000000 0.041500 0.027400 0.027300 0.041400 0.013600 0.013600 0.027000 0.055500 0.056000 0.056500 0.027400 0.041500 0.000000 0.027100 0.027400 0.178200 0.013500 0.055000 0.013600 0.041500 0.000100 0.041500 0.027400 0.013500 0.130100 0.013600 0.013600 0.041200 0.027200 0.000000 0.055300 0.117400 0.027300 0.027200 0.027400 0.246700 0.055700 0.054500 0.000000 0.069200 0.013600 0.041300 0.056400 0.041500
Impala 0.083200 0.164900 0.130100 0.211100 0.069000 0.083200 0.083100 0.068800 0.114100 0.084400 0.097800 0.113700 0.084100 0.083700 0.096800 0.128700 0.129600 0.131000 0.098700 0.114100 0.068800 0.097600 0.084300 0.244600 0.083200 0.127700 0.084100 0.114100 0.069000 0.114100 0.084400 0.083200 0.208900 0.084100 0.084100 0.113300 0.097600 0.068800 0.128200 0.148500 0.084100 0.097700 0.084500 0.318200 0.129100 0.126400 0.069200 0.000000 0.083600 0.113600 0.130700 0.114100
Klipspring 0.026600 0.103200 0.071000 0.145200 0.013600 0.027300 0.027200 0.013500 0.056000 0.041600 0.041200 0.055800 0.027600 0.027500 0.040700 0.070100 0.070800 0.071500 0.041600 0.056000 0.013300 0.041100 0.041600 0.194800 0.027300 0.069600 0.027600 0.056000 0.013600 0.056000 0.041600 0.027300 0.146300 0.027600 0.027600 0.055500 0.040800 0.013200 0.070000 0.133600 0.041400 0.040300 0.041600 0.264600 0.041600 0.068800 0.013600 0.083600 0.000000 0.055700 0.071300 0.056000
ForestMusk 0.055500 0.101700 0.070200 0.108500 0.041200 0.055500 0.055100 0.041300 0.055400 0.041200 0.069900 0.055200 0.055800 0.055800 0.069100 0.099700 0.070000 0.070700 0.070200 0.055400 0.041300 0.069400 0.041200 0.193400 0.055500 0.098900 0.055800 0.055400 0.041200 0.055400 0.041200 0.055500 0.144600 0.055800 0.055800 0.055000 0.069700 0.041300 0.099300 0.132300 0.041000 0.069700 0.041200 0.262600 0.069600 0.098000 0.041300 0.113600 0.055700 0.000000 0.070500 0.055400
Bushbuck 0.070900 0.119500 0.027500 0.162100 0.056200 0.070900 0.070500 0.056300 0.013600 0.056100 0.085800 0.070700 0.071400 0.071400 0.084800 0.116700 0.086200 0.086900 0.086100 0.013200 0.056300 0.085100 0.056100 0.213800 0.070900 0.115600 0.071400 0.013600 0.056200 0.013200 0.056100 0.070900 0.163200 0.071400 0.071400 0.070300 0.085600 0.056300 0.116100 0.150800 0.055900 0.085600 0.056200 0.286000 0.085400 0.114400 0.056400 0.130700 0.071300 0.070500 0.000000 0.013600
GreaterKud 0.055700 0.102500 0.013200 0.143500 0.041400 0.055700 0.055400 0.041400 0.000000 0.041300 0.070200 0.055500 0.056100 0.056000 0.069400 0.100100 0.070500 0.071000 0.070400 0.000000 0.041400 0.069700 0.041300 0.194300 0.055700 0.099300 0.056100 0.000000 0.041400 0.000000 0.041300 0.055700 0.145300 0.056100 0.056100 0.055200 0.070000 0.041400 0.099700 0.132900 0.041200 0.070000 0.041400 0.264000 0.069900 0.098200 0.041500 0.114100 0.056000 0.055400 0.013600 0.000000
