1
52 1
Argali 0.000000 0.385600 0.135800 0.471800 0.113200 0.007800 0.111800 0.083000 0.137800 0.196500 0.023500 0.165300 0.077000 0.107900 0.101000 0.099300 0.259300 0.275400 0.044400 0.128900 0.103300 0.056400 0.205800 0.198200 0.032100 0.078900 0.064700 0.148300 0.103200 0.134600 0.195900 0.109200 0.227100 0.064600 0.073900 0.143000 0.035600 0.092700 0.118600 0.177300 0.204000 0.087500 0.180900 0.213900 0.147900 0.065100 0.087200 0.097300 0.090700 0.169600 0.116500 0.164700
LesserMous 0.385600 0.000000 0.403100 0.486900 0.394500 0.372900 0.390800 0.384600 0.364400 0.388600 0.363100 0.419900 0.388200 0.386300 0.392400 0.376900 0.367100 0.387300 0.384800 0.380400 0.382200 0.380100 0.390400 0.372100 0.364000 0.379600 0.378500 0.381600 0.402800 0.363200 0.387400 0.384400 0.416500 0.384300 0.404400 0.361700 0.362800 0.369100 0.403100 0.392600 0.386100 0.391800 0.382200 0.379500 0.369000 0.360000 0.369100 0.376300 0.415300 0.422700 0.394700 0.445100
LesserKudu 0.135800 0.403100 0.000000 0.443000 0.155800 0.126900 0.152700 0.123300 0.046200 0.160500 0.122700 0.120800 0.153700 0.149700 0.147800 0.140500 0.246400 0.257200 0.127600 0.037700 0.144800 0.135900 0.158300 0.167500 0.132400 0.119200 0.140200 0.037800 0.154100 0.033700 0.159900 0.141700 0.276600 0.140100 0.132100 0.099000 0.144400 0.134300 0.160200 0.167300 0.156800 0.123400 0.155500 0.183000 0.103700 0.126700 0.127900 0.159400 0.145400 0.169900 0.033800 0.062900
KillerWhal 0.471800 0.486900 0.443000 0.000000 0.459300 0.462500 0.491300 0.489100 0.426000 0.402200 0.446600 0.480900 0.495900 0.485600 0.454300 0.484300 0.394600 0.403900 0.488000 0.435400 0.471000 0.443700 0.419200 0.430300 0.447800 0.489700 0.485700 0.436500 0.522200 0.432200 0.386400 0.477700 0.479000 0.490900 0.466400 0.470000 0.465700 0.443500 0.514800 0.433100 0.414600 0.480700 0.395600 0.401700 0.473400 0.465700 0.473700 0.487800 0.478200 0.521100 0.440800 0.463400
DefassaWat 0.113200 0.394500 0.155800 0.459300 0.000000 0.104600 0.116600 0.096700 0.147700 0.181300 0.087400 0.161100 0.116700 0.103800 0.119500 0.104300 0.231700 0.247500 0.091900 0.138900 0.108200 0.113200 0.179400 0.209300 0.096400 0.083700 0.104000 0.168200 0.117100 0.154400 0.180700 0.096000 0.271900 0.103900 0.087300 0.143400 0.117000 0.020100 0.127700 0.187900 0.177800 0.096700 0.165900 0.203500 0.148300 0.091200 0.092100 0.120700 0.108700 0.196000 0.155100 0.175200
Sheep 0.007800 0.372900 0.126900 0.462500 0.104600 0.000000 0.103400 0.074600 0.129000 0.186800 0.015900 0.156100 0.077200 0.099600 0.092500 0.090900 0.248100 0.264700 0.044600 0.120100 0.094900 0.048300 0.195600 0.198800 0.024000 0.070500 0.064900 0.139300 0.103600 0.125700 0.186000 0.100700 0.227800 0.064800 0.065500 0.133900 0.035800 0.084200 0.110300 0.167800 0.193900 0.079000 0.171100 0.214500 0.138700 0.056900 0.078800 0.088700 0.082400 0.160200 0.117000 0.155800
MaxwellsDu 0.111800 0.390800 0.152700 0.491300 0.116600 0.103400 0.000000 0.086600 0.164200 0.189500 0.095100 0.157700 0.124200 0.076700 0.118000 0.102800 0.274100 0.249800 0.108500 0.155000 0.085200 0.102900 0.198300 0.217200 0.104000 0.082700 0.111600 0.165300 0.115500 0.161100 0.199300 0.069000 0.268300 0.111500 0.103700 0.121000 0.115600 0.096300 0.126300 0.195700 0.196500 0.095500 0.184300 0.206300 0.126000 0.098900 0.090900 0.128400 0.103000 0.193200 0.142500 0.181900
GazellaPrz 0.083000 0.384600 0.123300 0.489100 0.096700 0.074600 0.086600 0.000000 0.135000 0.167800 0.075000 0.138000 0.086700 0.091600 0.107000 0.048800 0.240300 0.222200 0.079500 0.126000 0.052800 0.091900 0.176300 0.174600 0.083900 0.028600 0.074200 0.135900 0.061100 0.131700 0.167200 0.083700 0.230400 0.074100 0.066300 0.106200 0.095700 0.076100 0.064000 0.164200 0.164200 0.041000 0.152500 0.190000 0.111000 0.079000 0.036800 0.098800 0.078800 0.172200 0.122800 0.142800
MountainNy 0.137800 0.364400 0.046200 0.426000 0.147700 0.129000 0.164200 0.135000 0.000000 0.194600 0.124900 0.152900 0.155400 0.161100 0.159300 0.142500 0.257900 0.256800 0.129700 0.024500 0.156100 0.137900 0.192800 0.201300 0.134400 0.130900 0.137600 0.032600 0.156000 0.020500 0.193900 0.153200 0.299800 0.142000 0.143600 0.120700 0.146200 0.126700 0.161700 0.201000 0.191100 0.135000 0.178700 0.217200 0.125500 0.119400 0.139500 0.171100 0.156800 0.203300 0.054600 0.074600
MuntiacusM 0.196500 0.388600 0.160500 0.402200 0.181300 0.186800 0.189500 0.167800 0.194600 0.000000 0.177400 0.145400 0.210500 0.175000 0.178200 0.185700 0.173300 0.200800 0.193600 0.184600 0.190400 0.191500 0.059800 0.071400 0.177700 0.163400 0.196100 0.185200 0.200400 0.180800 0.017500 0.166800 0.215700 0.195900 0.166600 0.137900 0.200400 0.159000 0.200400 0.090300 0.059200 0.167800 0.013200 0.085400 0.143000 0.191900 0.151900 0.185800 0.201900 0.186100 0.171100 0.213700
goat 0.023500 0.363100 0.122700 0.446600 0.087400 0.015900 0.095100 0.075000 0.124900 0.177400 0.000000 0.157100 0.069100 0.082400 0.088400 0.091400 0.227800 0.255200 0.036500 0.116100 0.095500 0.040200 0.175400 0.194800 0.008000 0.070900 0.056800 0.135200 0.104200 0.121600 0.176900 0.083300 0.223900 0.056700 0.048900 0.125000 0.027800 0.067000 0.115200 0.153600 0.173900 0.075000 0.162000 0.199800 0.129800 0.061400 0.079300 0.089300 0.078400 0.161400 0.112800 0.151700
AfricanBuf 0.165300 0.419900 0.120800 0.480900 0.161100 0.156100 0.157700 0.138000 0.152900 0.145400 0.157100 0.000000 0.178700 0.154900 0.173200 0.155300 0.252500 0.257300 0.162200 0.143600 0.149900 0.160600 0.153500 0.173500 0.157400 0.133900 0.165000 0.144000 0.169200 0.139700 0.144900 0.146800 0.277700 0.164700 0.156800 0.070900 0.179300 0.149300 0.189800 0.183800 0.152200 0.147900 0.140500 0.189000 0.075500 0.151000 0.142700 0.164700 0.170300 0.170600 0.130600 0.170900
Topi 0.077000 0.388200 0.153700 0.495900 0.116700 0.077200 0.124200 0.086700 0.155400 0.210500 0.069100 0.178700 0.000000 0.107100 0.109000 0.085600 0.262700 0.255900 0.065000 0.146400 0.089600 0.077100 0.209000 0.206500 0.077700 0.078400 0.019500 0.156400 0.098100 0.152300 0.209900 0.112700 0.246400 0.019600 0.060600 0.137000 0.080800 0.096400 0.135200 0.195600 0.207200 0.091200 0.194800 0.211400 0.141800 0.090200 0.090900 0.110100 0.098800 0.193400 0.143500 0.192400
CommonDuik 0.107900 0.386300 0.149700 0.485600 0.103800 0.099600 0.076700 0.091600 0.161100 0.175000 0.082400 0.154900 0.107100 0.000000 0.114100 0.099000 0.235600 0.251200 0.104500 0.152000 0.098700 0.099100 0.183400 0.213200 0.082500 0.078800 0.107700 0.152500 0.120700 0.158100 0.184600 0.048400 0.275900 0.107600 0.091000 0.118300 0.111900 0.083500 0.140400 0.191800 0.181800 0.074200 0.169900 0.207400 0.122900 0.103800 0.095900 0.097000 0.112400 0.189200 0.149100 0.178700
Suni 0.101000 0.392400 0.147800 0.454300 0.119500 0.092500 0.118000 0.107000 0.159300 0.178200 0.088400 0.173200 0.109000 0.114100 0.000000 0.114500 0.246500 0.250700 0.102000 0.150200 0.127800 0.105500 0.165700 0.195600 0.097500 0.102900 0.105200 0.150600 0.136900 0.146300 0.177600 0.115400 0.230400 0.105100 0.097200 0.145200 0.109300 0.098700 0.147600 0.164200 0.174700 0.107000 0.162700 0.189900 0.150200 0.092300 0.111400 0.085100 0.083200 0.167200 0.137400 0.177100
Springbuck 0.099300 0.376900 0.140500 0.484300 0.104300 0.090900 0.102800 0.048800 0.142500 0.185700 0.091400 0.155300 0.085600 0.099000 0.114500 0.000000 0.259400 0.251600 0.096000 0.133600 0.068800 0.108300 0.194600 0.192300 0.100300 0.036500 0.081800 0.143300 0.043900 0.139200 0.185100 0.100200 0.259500 0.081800 0.082500 0.114100 0.103100 0.083900 0.096700 0.181800 0.192900 0.048900 0.170300 0.207800 0.118800 0.095300 0.052900 0.106400 0.104000 0.179700 0.139900 0.169400
Okapi 0.259300 0.367100 0.246400 0.394600 0.231700 0.248100 0.274100 0.240300 0.257900 0.173300 0.227800 0.252500 0.262700 0.235600 0.246500 0.259400 0.000000 0.066300 0.256700 0.259000 0.247200 0.231600 0.193900 0.202500 0.217000 0.236000 0.247500 0.260000 0.263000 0.255500 0.162000 0.243700 0.177600 0.247000 0.227300 0.209600 0.262900 0.209000 0.273000 0.201900 0.180700 0.240400 0.168000 0.207800 0.215500 0.242700 0.234300 0.231600 0.253700 0.234300 0.245200 0.266300
Giraffe 0.275400 0.387300 0.257200 0.403900 0.247500 0.264700 0.249800 0.222200 0.256800 0.200800 0.255200 0.257300 0.255900 0.251200 0.250700 0.251600 0.066300 0.000000 0.250000 0.258300 0.213700 0.236300 0.222200 0.218700 0.244300 0.228900 0.251900 0.270700 0.254800 0.266300 0.189200 0.248100 0.172500 0.240700 0.243200 0.203300 0.279000 0.235900 0.265600 0.218500 0.208600 0.244400 0.184400 0.224000 0.208800 0.247100 0.227500 0.247700 0.258000 0.262400 0.256100 0.276900
TibetanAnt 0.044400 0.384800 0.127600 0.488000 0.091900 0.044600 0.108500 0.079500 0.129700 0.193600 0.036500 0.162200 0.065000 0.104500 0.102000 0.096000 0.256700 0.250000 0.000000 0.111600 0.100000 0.052800 0.191900 0.200400 0.044800 0.075500 0.052700 0.140100 0.099900 0.126400 0.193000 0.096700 0.240800 0.052700 0.061800 0.129900 0.048300 0.080300 0.119800 0.179100 0.190200 0.088400 0.177800 0.205500 0.134800 0.074300 0.083800 0.103000 0.091700 0.187100 0.117600 0.166400
Sitatunga 0.128900 0.380400 0.037700 0.435400 0.138900 0.120100 0.155000 0.126000 0.024500 0.184600 0.116100 0.143600 0.146400 0.152000 0.150200 0.133600 0.259000 0.258300 0.111600 0.000000 0.147100 0.129000 0.182700 0.195900 0.125500 0.121900 0.128700 0.033000 0.147000 0.012300 0.184000 0.144200 0.277100 0.133100 0.134700 0.111600 0.137400 0.127300 0.162400 0.180600 0.181100 0.126000 0.179600 0.196400 0.116300 0.119900 0.130500 0.161700 0.147800 0.193600 0.046100 0.066200
Oribi 0.103300 0.382200 0.144800 0.471000 0.108200 0.094900 0.085200 0.052800 0.156100 0.190400 0.095500 0.149900 0.089600 0.098700 0.127800 0.068800 0.247200 0.213700 0.100000 0.147100 0.000000 0.090400 0.199400 0.197000 0.100000 0.048800 0.085800 0.157200 0.081200 0.153100 0.179500 0.095300 0.253700 0.077200 0.086600 0.113600 0.116000 0.087900 0.100600 0.186400 0.197600 0.061300 0.174900 0.201800 0.118300 0.099400 0.056900 0.115200 0.107900 0.184100 0.144200 0.178600
BarbaryShe 0.056400 0.380100 0.135900 0.443700 0.113200 0.048300 0.102900 0.091900 0.137900 0.191500 0.040200 0.160600 0.077100 0.099100 0.105500 0.108300 0.231600 0.236300 0.052800 0.129000 0.090400 0.000000 0.189800 0.208900 0.040300 0.087900 0.064800 0.148400 0.121200 0.134700 0.190900 0.100200 0.227500 0.064800 0.074000 0.119100 0.060300 0.092800 0.132000 0.177300 0.188100 0.100900 0.175900 0.213900 0.123800 0.077900 0.096200 0.106500 0.095100 0.185100 0.125900 0.155200
Daviddeer 0.205800 0.390400 0.158300 0.419200 0.179400 0.195600 0.198300 0.176300 0.192800 0.059800 0.175400 0.153500 0.209000 0.183400 0.165700 0.194600 0.193900 0.222200 0.191900 0.182700 0.199400 0.189800 0.000000 0.096900 0.175800 0.171800 0.194400 0.183300 0.209600 0.178800 0.059500 0.175100 0.213900 0.194200 0.164400 0.135300 0.198800 0.156800 0.199100 0.106700 0.027200 0.176200 0.055100 0.101500 0.140500 0.190100 0.160100 0.195100 0.200200 0.195500 0.169000 0.206600
Reindeer 0.198200 0.372100 0.167500 0.430300 0.209300 0.198800 0.217200 0.174600 0.201300 0.071400 0.194800 0.173500 0.206500 0.213200 0.195600 0.192300 0.202500 0.218700 0.200400 0.195900 0.197000 0.208900 0.096900 0.000000 0.195200 0.170400 0.192300 0.192000 0.196500 0.187600 0.071100 0.205200 0.211100 0.192100 0.183900 0.150600 0.212800 0.187000 0.206800 0.070000 0.096000 0.164300 0.066800 0.038300 0.155800 0.198500 0.169100 0.214500 0.208700 0.214700 0.167700 0.220200
Ibex 0.032100 0.364000 0.132400 0.447800 0.096400 0.024000 0.104000 0.083900 0.134400 0.177700 0.008000 0.157400 0.077700 0.082500 0.097500 0.100300 0.217000 0.244300 0.044800 0.125500 0.100000 0.040300 0.175800 0.195200 0.000000 0.079800 0.065300 0.145000 0.113200 0.131200 0.177200 0.092300 0.224300 0.065200 0.057400 0.115600 0.036000 0.075800 0.124200 0.153900 0.174200 0.083900 0.162300 0.200200 0.120300 0.070000 0.088200 0.089400 0.087200 0.171600 0.122300 0.151900
GyrantGaze 0.078900 0.379600 0.119200 0.489700 0.083700 0.070500 0.082700 0.028600 0.130900 0.163400 0.070900 0.133900 0.078400 0.078800 0.102900 0.036500 0.236000 0.228900 0.075500 0.121900 0.048800 0.087900 0.171800 0.170400 0.079800 0.000000 0.070200 0.131800 0.048800 0.127600 0.162800 0.079700 0.237100 0.070100 0.062200 0.102000 0.091600 0.063200 0.076900 0.160000 0.170300 0.020400 0.148100 0.185700 0.106700 0.075000 0.032700 0.094600 0.092400 0.168000 0.118700 0.158100
Hartebeest 0.064700 0.378500 0.140200 0.485700 0.104000 0.064900 0.111600 0.074200 0.137600 0.196100 0.056800 0.165000 0.019500 0.107700 0.105200 0.081800 0.247500 0.251900 0.052700 0.128700 0.085800 0.064800 0.194400 0.192300 0.065300 0.070200 0.000000 0.148000 0.085700 0.134400 0.195400 0.100000 0.242500 0.015700 0.048400 0.123500 0.068500 0.083700 0.122600 0.181600 0.192700 0.082900 0.180500 0.197100 0.128200 0.077700 0.078400 0.106200 0.086200 0.179500 0.130200 0.178900
Bongo 0.148300 0.381600 0.037800 0.436500 0.168200 0.139300 0.165300 0.135900 0.032600 0.185200 0.135200 0.144000 0.156400 0.152500 0.150600 0.143300 0.260000 0.270700 0.140100 0.033000 0.157200 0.148400 0.183300 0.192000 0.145000 0.131800 0.148000 0.000000 0.166600 0.029000 0.174000 0.154300 0.290000 0.152500 0.144600 0.111800 0.156800 0.146900 0.172400 0.191700 0.181700 0.135900 0.180100 0.207800 0.116600 0.139100 0.140500 0.157400 0.157900 0.183700 0.046200 0.075100
Gerenuk 0.103200 0.402800 0.154100 0.522200 0.117100 0.103600 0.115500 0.061100 0.156000 0.200400 0.104200 0.169200 0.098100 0.120700 0.136900 0.043900 0.263000 0.254800 0.099900 0.147000 0.081200 0.121200 0.209600 0.196500 0.113200 0.048800 0.085700 0.166600 0.000000 0.152900 0.199700 0.113000 0.263700 0.085700 0.095200 0.127600 0.115900 0.096800 0.109100 0.196200 0.207800 0.057100 0.184800 0.212000 0.127400 0.108000 0.065300 0.128800 0.116800 0.194000 0.143900 0.173300
CommonElan 0.134600 0.363200 0.033700 0.432200 0.154400 0.125700 0.161100 0.131700 0.020500 0.180800 0.121600 0.139700 0.152300 0.158100 0.146300 0.139200 0.255500 0.266300 0.126400 0.012300 0.153100 0.134700 0.178800 0.187600 0.131200 0.127600 0.134400 0.029000 0.152900 0.000000 0.180100 0.150100 0.285600 0.138800 0.140500 0.107600 0.143100 0.133100 0.168400 0.187300 0.177200 0.131800 0.175600 0.203400 0.112300 0.125500 0.136300 0.157800 0.153800 0.189800 0.042100 0.062400
MuntiacusR 0.195900 0.387400 0.159900 0.386400 0.180700 0.186000 0.199300 0.167200 0.193900 0.017500 0.176900 0.144900 0.209900 0.184600 0.177600 0.185100 0.162000 0.189200 0.193000 0.184000 0.179500 0.190900 0.059500 0.071100 0.177200 0.162800 0.195400 0.174000 0.199700 0.180100 0.000000 0.176500 0.215000 0.195300 0.166100 0.137400 0.199800 0.158500 0.199800 0.089900 0.059000 0.167200 0.013100 0.085000 0.142600 0.191200 0.151400 0.185200 0.201400 0.174800 0.170500 0.213000
HarveysDui 0.109200 0.384400 0.141700 0.477700 0.096000 0.100700 0.069000 0.083700 0.153200 0.166800 0.083300 0.146800 0.112700 0.048400 0.115400 0.100200 0.243700 0.248100 0.096700 0.144200 0.095300 0.100200 0.175100 0.205200 0.092300 0.079700 0.100000 0.154300 0.113000 0.150100 0.176500 0.000000 0.273100 0.099900 0.083200 0.119600 0.104200 0.075600 0.132800 0.183700 0.173500 0.075000 0.161700 0.188900 0.124400 0.096100 0.088000 0.111200 0.104700 0.191600 0.141200 0.180800
Pronghorn 0.227100 0.416500 0.276600 0.479000 0.271900 0.227800 0.268300 0.230400 0.299800 0.215700 0.223900 0.277700 0.246400 0.275900 0.230400 0.259500 0.177600 0.172500 0.240800 0.277100 0.253700 0.227500 0.213900 0.211100 0.224300 0.237100 0.242500 0.290000 0.263700 0.285600 0.215000 0.273100 0.000000 0.231700 0.245300 0.234500 0.235900 0.249300 0.284900 0.194400 0.211700 0.252600 0.210400 0.221500 0.240300 0.249300 0.235500 0.255400 0.248500 0.263900 0.252000 0.295700
BlueWildeb 0.064600 0.384300 0.140100 0.490900 0.103900 0.064800 0.111500 0.074100 0.142000 0.195900 0.056700 0.164700 0.019600 0.107600 0.105100 0.081800 0.247000 0.240700 0.052700 0.133100 0.077200 0.064800 0.194200 0.192100 0.065200 0.070100 0.015700 0.152500 0.085700 0.138800 0.195300 0.099900 0.231700 0.000000 0.048400 0.123400 0.068500 0.083600 0.122600 0.181400 0.192500 0.082900 0.180300 0.197000 0.128100 0.077700 0.078300 0.106200 0.086200 0.179400 0.130100 0.178800
Gemsbok 0.073900 0.404400 0.132100 0.466400 0.087300 0.065500 0.103700 0.066300 0.143600 0.166600 0.048900 0.156800 0.060600 0.091000 0.097200 0.082500 0.227300 0.243200 0.061800 0.134700 0.086600 0.074000 0.164400 0.183900 0.057400 0.062200 0.048400 0.144600 0.095200 0.140500 0.166100 0.083200 0.245300 0.048400 0.000000 0.124700 0.069200 0.066900 0.106100 0.163100 0.163000 0.066300 0.151400 0.188800 0.129500 0.078500 0.061800 0.098200 0.087100 0.181300 0.131500 0.170900
Yak 0.143000 0.361700 0.099000 0.470000 0.143400 0.133900 0.121000 0.106200 0.120700 0.137900 0.125000 0.070900 0.137000 0.118300 0.145200 0.114100 0.209600 0.203300 0.129900 0.111600 0.113600 0.119100 0.135300 0.150600 0.115600 0.102000 0.123500 0.111800 0.127600 0.107600 0.137400 0.119600 0.234500 0.123400 0.124700 0.000000 0.147000 0.121700 0.157900 0.150500 0.134100 0.115800 0.132900 0.160600 0.004300 0.128900 0.110800 0.136800 0.133300 0.153300 0.098500 0.128900
BlueSheep 0.035600 0.362800 0.144400 0.465700 0.117000 0.035800 0.115600 0.095700 0.146200 0.200400 0.027800 0.179300 0.080800 0.111900 0.109300 0.103100 0.262900 0.279000 0.048300 0.137400 0.116000 0.060300 0.198800 0.212800 0.036000 0.091600 0.068500 0.156800 0.115900 0.143100 0.199800 0.104200 0.235900 0.068500 0.069200 0.147000 0.000000 0.096700 0.126600 0.186200 0.197000 0.104700 0.184800 0.207400 0.151900 0.073300 0.091100 0.110400 0.090300 0.183500 0.125000 0.173200
BohorReedb 0.092700 0.369100 0.134300 0.443500 0.020100 0.084200 0.096300 0.076100 0.126700 0.159000 0.067000 0.149300 0.096400 0.083500 0.098700 0.083900 0.209000 0.235900 0.080300 0.127300 0.087900 0.092800 0.156800 0.187000 0.075800 0.063200 0.083700 0.146900 0.096800 0.133100 0.158500 0.075600 0.249300 0.083600 0.066900 0.121700 0.096700 0.000000 0.107700 0.166000 0.155400 0.076200 0.143700 0.181400 0.126600 0.070900 0.071600 0.099700 0.088300 0.174000 0.133700 0.163800
KirksDik 0.118600 0.403100 0.160200 0.514800 0.127700 0.110300 0.126300 0.064000 0.161700 0.200400 0.115200 0.189800 0.135200 0.140400 0.147600 0.096700 0.273000 0.265600 0.119800 0.162400 0.100600 0.132000 0.199100 0.206800 0.124200 0.076900 0.122600 0.172400 0.109100 0.168400 0.199800 0.132800 0.284900 0.122600 0.106100 0.157900 0.126600 0.107700 0.000000 0.206600 0.197100 0.080800 0.185100 0.222200 0.162700 0.110000 0.068000 0.149000 0.118600 0.220000 0.159600 0.188600
RoeDeer 0.177300 0.392600 0.167300 0.433100 0.187900 0.167800 0.195700 0.164200 0.201000 0.090300 0.153600 0.183800 0.195600 0.191800 0.164200 0.181800 0.201900 0.218500 0.179100 0.180600 0.186400 0.177300 0.106700 0.070000 0.153900 0.160000 0.181600 0.191700 0.196200 0.187300 0.089900 0.183700 0.194400 0.181400 0.163100 0.150500 0.186200 0.166000 0.206600 0.000000 0.105800 0.154000 0.085600 0.074400 0.155600 0.167400 0.169000 0.192500 0.187200 0.203500 0.177900 0.198500
WhiteLippe 0.204000 0.386100 0.156800 0.414600 0.177800 0.193900 0.196500 0.164200 0.191100 0.059200 0.173900 0.152200 0.207200 0.181800 0.174700 0.192900 0.180700 0.208600 0.190200 0.181100 0.197600 0.188100 0.027200 0.096000 0.174200 0.170300 0.192700 0.181700 0.207800 0.177200 0.059000 0.173500 0.211700 0.192500 0.163000 0.134100 0.197000 0.155400 0.197100 0.105800 0.000000 0.174700 0.054600 0.100700 0.139200 0.188400 0.158700 0.193300 0.187700 0.193700 0.167500 0.193800
ThomsonGaz 0.087500 0.391800 0.123400 0.480700 0.096700 0.079000 0.095500 0.041000 0.135000 0.167800 0.075000 0.147900 0.091200 0.074200 0.107000 0.048900 0.240400 0.244400 0.088400 0.126000 0.061300 0.100900 0.176200 0.164300 0.083900 0.020400 0.082900 0.135900 0.057100 0.131800 0.167200 0.075000 0.252600 0.082900 0.066300 0.115800 0.104700 0.076200 0.080800 0.154000 0.174700 0.000000 0.152500 0.179400 0.120600 0.079100 0.045200 0.108000 0.096400 0.182500 0.122900 0.157500
MuntiacusC 0.180900 0.382200 0.155500 0.395600 0.165900 0.171100 0.184300 0.152500 0.178700 0.013200 0.162000 0.140500 0.194800 0.169900 0.162700 0.170300 0.168000 0.184400 0.177800 0.179600 0.174900 0.175900 0.055100 0.066800 0.162300 0.148100 0.180500 0.180100 0.184800 0.175600 0.013100 0.161700 0.210400 0.180300 0.151400 0.132900 0.184800 0.143700 0.185100 0.085600 0.054600 0.152500 0.000000 0.080700 0.138000 0.176300 0.136900 0.170000 0.186100 0.181000 0.166100 0.208500
WhiteTaile 0.213900 0.379500 0.183000 0.401700 0.203500 0.214500 0.206300 0.190000 0.217200 0.085400 0.199800 0.189000 0.211400 0.207400 0.189900 0.207800 0.207800 0.224000 0.205500 0.196400 0.201800 0.213900 0.101500 0.038300 0.200200 0.185700 0.197100 0.207800 0.212000 0.203400 0.085000 0.188900 0.221500 0.197000 0.188800 0.160600 0.207400 0.181400 0.222200 0.074400 0.100700 0.179400 0.080700 0.000000 0.165800 0.203400 0.184300 0.219700 0.202800 0.231200 0.183100 0.236300
Cattle 0.147900 0.369000 0.103700 0.473400 0.148300 0.138700 0.126000 0.111000 0.125500 0.143000 0.129800 0.075500 0.141800 0.122900 0.150200 0.118800 0.215500 0.208800 0.134800 0.116300 0.118300 0.123800 0.140500 0.155800 0.120300 0.106700 0.128200 0.116600 0.127400 0.112300 0.142600 0.124400 0.240300 0.128100 0.129500 0.004300 0.151900 0.126600 0.162700 0.155600 0.139200 0.120600 0.138000 0.165800 0.000000 0.133700 0.115500 0.141700 0.138100 0.158400 0.103300 0.133700
RoyalAntel 0.065100 0.360000 0.126700 0.465700 0.091200 0.056900 0.098900 0.079000 0.119400 0.191900 0.061400 0.151000 0.090200 0.103800 0.092300 0.095300 0.242700 0.247100 0.074300 0.119900 0.099400 0.077900 0.190100 0.198500 0.070000 0.075000 0.077700 0.139100 0.108000 0.125500 0.191200 0.096100 0.249300 0.077700 0.078500 0.128900 0.073300 0.070900 0.110000 0.167400 0.188400 0.079100 0.176300 0.203400 0.133700 0.000000 0.083300 0.111400 0.073700 0.175100 0.116700 0.155500
Steenbok 0.087200 0.369100 0.127900 0.473700 0.092100 0.078800 0.090900 0.036800 0.139500 0.151900 0.079300 0.142700 0.090900 0.095900 0.111400 0.052900 0.234300 0.227500 0.083800 0.130500 0.056900 0.096200 0.160100 0.169100 0.088200 0.032700 0.078400 0.140500 0.065300 0.136300 0.151400 0.088000 0.235500 0.078300 0.061800 0.110800 0.091100 0.071600 0.068000 0.169000 0.158700 0.045200 0.136900 0.184300 0.115500 0.083300 0.000000 0.103200 0.100700 0.177000 0.127400 0.166800
Impala 0.097300 0.376300 0.159400 0.487800 0.120700 0.088700 0.128400 0.098800 0.171100 0.185800 0.089300 0.164700 0.110100 0.097000 0.085100 0.106400 0.231600 0.247700 0.103000 0.161700 0.115200 0.106500 0.195100 0.214500 0.089400 0.094600 0.106200 0.157400 0.128800 0.157800 0.185200 0.111200 0.255400 0.106200 0.098200 0.136800 0.110400 0.099700 0.149000 0.192500 0.193300 0.108000 0.170000 0.219700 0.141700 0.111400 0.103200 0.000000 0.111100 0.169000 0.158800 0.189300
Klipspring 0.090700 0.415300 0.145400 0.478200 0.108700 0.082400 0.103000 0.078800 0.156800 0.201900 0.078400 0.170300 0.098800 0.112400 0.083200 0.104000 0.253700 0.258000 0.091700 0.147800 0.107900 0.095100 0.200200 0.208700 0.087200 0.092400 0.086200 0.157900 0.116800 0.153800 0.201400 0.104700 0.248500 0.086200 0.087100 0.133300 0.090300 0.088300 0.118600 0.187200 0.187700 0.096400 0.186100 0.202800 0.138100 0.073700 0.100700 0.111100 0.000000 0.174800 0.135200 0.164600
ForestMusk 0.169600 0.422700 0.169900 0.521100 0.196000 0.160200 0.193200 0.172200 0.203300 0.186100 0.161400 0.170600 0.193400 0.189200 0.167200 0.179700 0.234300 0.262400 0.187100 0.193600 0.184100 0.185100 0.195500 0.214700 0.171600 0.168000 0.179500 0.183700 0.194000 0.189800 0.174800 0.191600 0.263900 0.179400 0.181300 0.153300 0.183500 0.174000 0.220000 0.203500 0.193700 0.182500 0.181000 0.231200 0.158400 0.175100 0.177000 0.169000 0.174800 0.000000 0.170000 0.211200
Bushbuck 0.116500 0.394700 0.033800 0.440800 0.155100 0.117000 0.142500 0.122800 0.054600 0.171100 0.112800 0.130600 0.143500 0.149100 0.137400 0.139900 0.245200 0.256100 0.117600 0.046100 0.144200 0.125900 0.169000 0.167700 0.122300 0.118700 0.130200 0.046200 0.143900 0.042100 0.170500 0.141200 0.252000 0.130100 0.131500 0.098500 0.125000 0.133700 0.159600 0.177900 0.167500 0.122900 0.166100 0.183100 0.103300 0.116700 0.127400 0.158800 0.135200 0.170000 0.000000 0.053900
GreaterKud 0.164700 0.445100 0.062900 0.463400 0.175200 0.155800 0.181900 0.142800 0.074600 0.213700 0.151700 0.170900 0.192400 0.178700 0.177100 0.169400 0.266300 0.276900 0.166400 0.066200 0.178600 0.155200 0.206600 0.220200 0.151900 0.158100 0.178900 0.075100 0.173300 0.062400 0.213000 0.180800 0.295700 0.178800 0.170900 0.128900 0.173200 0.163800 0.188600 0.198500 0.193800 0.157500 0.208500 0.236300 0.133700 0.155500 0.166800 0.189300 0.164600 0.211200 0.053900 0.000000
