CODONML (in paml version 4.10.7, June 2023)  /home/rachel/ruminants_paml/6406-phy-tree/ENSBTAT00000008723.fasta.phy
Model: free dN/dS Ratios for branches,  kappa = 2.000 fixed

Codon frequency model: F3x4
ns =  54  ls =  49

Codon usage in sequences
--------------------------------------------------------------------------------------------------------------------------------------
Phe TTT   0   0   0   0   0   0 | Ser TCT   0   0   0   0   0   0 | Tyr TAT   0   0   0   0   0   0 | Cys TGT   0   0   0   0   0   0
    TTC   0   0   0   0   0   0 |     TCC   0   0   0   0   0   0 |     TAC   0   0   0   0   0   0 |     TGC   0   0   0   0   0   0
Leu TTA   2   3   2   2   2   2 |     TCA   1   1   1   1   1   1 | *** TAA   0   0   0   0   0   0 | *** TGA   0   0   0   0   0   0
    TTG   4   2   4   3   3   2 |     TCG   0   0   0   0   0   0 |     TAG   0   0   0   0   0   0 | Trp TGG   0   0   0   0   0   0
--------------------------------------------------------------------------------------------------------------------------------------
Leu CTT   0   0   0   0   0   0 | Pro CCT   1   1   1   1   0   0 | His CAT   0   0   0   0   0   0 | Arg CGT   0   0   0   0   0   0
    CTC   0   0   0   0   0   0 |     CCC   3   2   3   3   2   2 |     CAC   0   1   0   0   0   1 |     CGC   0   0   0   0   0   0
    CTA   0   0   0   0   0   0 |     CCA   1   2   1   1   4   2 | Gln CAA   0   0   0   0   0   0 |     CGA   1   1   1   1   0   1
    CTG   4   5   4   5   5   6 |     CCG   0   0   0   0   0   0 |     CAG   2   2   2   2   2   2 |     CGG   0   0   0   0   1   0
--------------------------------------------------------------------------------------------------------------------------------------
Ile ATT   0   0   0   0   0   0 | Thr ACT   0   1   0   0   1   1 | Asn AAT   0   0   0   0   0   0 | Ser AGT   0   0   0   0   0   0
    ATC   2   2   2   2   2   2 |     ACC   1   1   1   1   0   0 |     AAC   2   1   2   2   2   2 |     AGC   0   0   0   0   0   0
    ATA   0   0   0   0   0   0 |     ACA   1   1   1   1   1   1 | Lys AAA   1   0   1   0   0   0 | Arg AGA   0   0   0   0   0   0
Met ATG   0   0   0   0   0   0 |     ACG   0   0   0   0   0   0 |     AAG   2   3   2   3   3   3 |     AGG   0   0   0   0   0   0
--------------------------------------------------------------------------------------------------------------------------------------
Val GTT   1   1   1   1   0   1 | Ala GCT   1   0   1   1   1   1 | Asp GAT   0   0   0   0   0   0 | Gly GGT   1   1   1   2   1   1
    GTC   1   1   2   1   1   1 |     GCC   2   4   2   2   2   2 |     GAC   2   2   2   2   2   2 |     GGC   1   1   1   0   1   1
    GTA   0   0   0   0   0   1 |     GCA   3   2   3   3   3   2 | Glu GAA   3   2   3   3   2   3 |     GGA   0   0   0   0   0   0
    GTG   2   2   1   2   2   2 |     GCG   0   0   0   0   0   0 |     GAG   4   4   4   4   5   3 |     GGG   0   0   0   0   0   1
--------------------------------------------------------------------------------------------------------------------------------------

--------------------------------------------------------------------------------------------------------------------------------------
Phe TTT   0   0   0   0   0   0 | Ser TCT   0   0   0   0   0   0 | Tyr TAT   0   0   0   0   0   0 | Cys TGT   0   0   0   0   0   1
    TTC   0   0   0   0   0   0 |     TCC   0   0   0   0   0   0 |     TAC   0   0   0   0   0   0 |     TGC   0   0   0   0   0   0
Leu TTA   2   2   2   2   2   2 |     TCA   1   1   1   1   1   1 | *** TAA   0   0   0   0   0   0 | *** TGA   0   0   0   0   0   0
    TTG   4   4   4   4   4   4 |     TCG   0   0   0   0   0   0 |     TAG   0   0   0   0   0   0 | Trp TGG   0   0   0   0   0   0
--------------------------------------------------------------------------------------------------------------------------------------
Leu CTT   0   0   0   0   0   0 | Pro CCT   1   1   2   1   1   1 | His CAT   0   0   0   0   0   0 | Arg CGT   0   0   0   0   0   0
    CTC   0   0   0   0   0   0 |     CCC   3   3   2   3   3   3 |     CAC   0   0   0   0   0   0 |     CGC   0   0   0   0   0   0
    CTA   0   0   0   0   0   0 |     CCA   1   1   1   1   1   1 | Gln CAA   0   0   0   0   0   0 |     CGA   1   1   1   1   1   1
    CTG   4   4   4   4   4   4 |     CCG   0   0   0   0   0   0 |     CAG   2   2   2   2   2   2 |     CGG   0   0   0   0   0   0
--------------------------------------------------------------------------------------------------------------------------------------
Ile ATT   0   0   0   0   0   0 | Thr ACT   0   0   0   0   0   0 | Asn AAT   0   0   0   0   0   1 | Ser AGT   0   0   0   0   0   0
    ATC   2   2   2   2   2   2 |     ACC   1   1   1   1   1   1 |     AAC   2   2   2   2   2   1 |     AGC   0   0   0   0   0   0
    ATA   0   0   0   0   0   0 |     ACA   1   1   1   1   1   1 | Lys AAA   1   1   1   1   1   0 | Arg AGA   0   0   0   0   0   0
Met ATG   0   0   0   0   0   0 |     ACG   0   0   0   0   0   0 |     AAG   2   2   2   2   2   3 |     AGG   0   0   0   0   0   0
--------------------------------------------------------------------------------------------------------------------------------------
Val GTT   1   1   1   1   1   1 | Ala GCT   1   1   1   1   1   1 | Asp GAT   0   0   0   0   0   0 | Gly GGT   1   1   1   1   1   0
    GTC   1   1   1   1   2   1 |     GCC   2   2   2   1   2   2 |     GAC   2   2   2   2   2   2 |     GGC   1   1   1   1   1   1
    GTA   0   0   0   0   0   0 |     GCA   3   3   3   4   3   3 | Glu GAA   3   3   3   3   3   3 |     GGA   0   0   0   0   0   0
    GTG   2   2   2   2   1   2 |     GCG   0   0   0   0   0   0 |     GAG   4   4   4   4   4   4 |     GGG   0   0   0   0   0   0
--------------------------------------------------------------------------------------------------------------------------------------

--------------------------------------------------------------------------------------------------------------------------------------
Phe TTT   0   0   0   0   1   0 | Ser TCT   0   0   0   0   0   0 | Tyr TAT   0   0   0   0   0   0 | Cys TGT   0   0   0   0   0   0
    TTC   0   0   0   0   0   0 |     TCC   0   0   0   0   0   0 |     TAC   0   0   0   0   0   0 |     TGC   0   0   0   0   0   0
Leu TTA   2   2   2   2   2   2 |     TCA   1   1   1   1   1   1 | *** TAA   0   0   0   0   0   0 | *** TGA   0   0   0   0   0   0
    TTG   4   4   4   4   3   4 |     TCG   0   0   0   0   0   0 |     TAG   0   0   0   0   0   0 | Trp TGG   0   0   0   0   0   0
--------------------------------------------------------------------------------------------------------------------------------------
Leu CTT   0   0   0   0   1   0 | Pro CCT   1   1   1   2   1   1 | His CAT   0   0   0   0   0   0 | Arg CGT   0   0   0   0   0   0
    CTC   0   0   0   0   0   0 |     CCC   3   3   3   2   3   3 |     CAC   0   0   0   0   0   0 |     CGC   0   0   0   0   0   0
    CTA   0   0   0   0   0   0 |     CCA   1   1   1   1   1   1 | Gln CAA   0   0   0   0   0   0 |     CGA   1   1   1   1   1   1
    CTG   4   4   4   4   3   4 |     CCG   0   0   0   0   0   0 |     CAG   2   2   2   2   2   2 |     CGG   0   0   0   0   0   0
--------------------------------------------------------------------------------------------------------------------------------------
Ile ATT   0   0   0   0   0   0 | Thr ACT   0   0   0   0   0   0 | Asn AAT   0   0   0   0   0   0 | Ser AGT   0   0   0   0   0   0
    ATC   2   2   2   2   2   2 |     ACC   1   1   1   1   1   1 |     AAC   2   2   2   2   2   2 |     AGC   0   0   0   0   0   0
    ATA   0   0   0   0   0   0 |     ACA   1   1   1   1   1   1 | Lys AAA   1   1   1   1   1   1 | Arg AGA   0   0   0   0   0   0
Met ATG   0   0   0   0   0   0 |     ACG   0   0   0   0   0   0 |     AAG   2   2   2   2   2   2 |     AGG   0   0   0   0   0   0
--------------------------------------------------------------------------------------------------------------------------------------
Val GTT   1   1   1   1   1   1 | Ala GCT   1   1   1   1   1   1 | Asp GAT   1   0   0   0   0   0 | Gly GGT   1   1   1   1   1   1
    GTC   1   2   1   1   1   1 |     GCC   2   2   2   2   2   2 |     GAC   1   2   2   2   2   2 |     GGC   1   1   1   1   1   1
    GTA   0   0   0   0   0   0 |     GCA   3   3   3   3   3   3 | Glu GAA   3   3   3   3   3   3 |     GGA   0   0   0   0   0   0
    GTG   2   1   2   2   2   2 |     GCG   0   0   0   0   0   0 |     GAG   4   4   4   4   4   4 |     GGG   0   0   0   0   0   0
--------------------------------------------------------------------------------------------------------------------------------------

--------------------------------------------------------------------------------------------------------------------------------------
Phe TTT   0   0   0   0   0   0 | Ser TCT   0   0   0   0   0   0 | Tyr TAT   0   0   0   0   0   0 | Cys TGT   0   0   0   0   0   0
    TTC   0   0   0   0   0   0 |     TCC   0   0   0   0   0   0 |     TAC   0   0   0   0   0   0 |     TGC   0   0   0   0   0   0
Leu TTA   2   2   2   2   2   2 |     TCA   1   1   1   1   1   1 | *** TAA   0   0   0   0   0   0 | *** TGA   0   0   0   0   0   0
    TTG   5   4   4   4   4   4 |     TCG   0   0   0   0   0   0 |     TAG   0   0   0   0   0   0 | Trp TGG   0   0   0   0   0   0
--------------------------------------------------------------------------------------------------------------------------------------
Leu CTT   0   0   0   0   0   0 | Pro CCT   1   2   1   1   1   1 | His CAT   0   0   0   0   0   0 | Arg CGT   0   0   0   0   0   0
    CTC   0   0   0   0   0   0 |     CCC   3   2   3   3   3   3 |     CAC   0   0   0   0   0   0 |     CGC   0   0   0   0   0   0
    CTA   0   0   0   0   0   0 |     CCA   1   1   1   1   1   1 | Gln CAA   0   0   0   0   0   0 |     CGA   1   1   1   1   1   1
    CTG   3   4   4   4   4   4 |     CCG   0   0   0   0   0   0 |     CAG   2   2   2   2   2   2 |     CGG   0   0   0   0   0   0
--------------------------------------------------------------------------------------------------------------------------------------
Ile ATT   0   0   0   0   0   0 | Thr ACT   0   0   0   0   0   0 | Asn AAT   0   0   0   0   0   0 | Ser AGT   0   0   0   0   0   0
    ATC   2   2   2   2   2   2 |     ACC   1   1   1   1   1   1 |     AAC   2   2   2   2   2   2 |     AGC   0   0   0   0   0   0
    ATA   0   0   0   0   0   0 |     ACA   1   1   1   1   1   1 | Lys AAA   0   0   1   1   1   1 | Arg AGA   0   0   0   0   0   0
Met ATG   0   0   0   0   0   0 |     ACG   0   0   0   0   0   0 |     AAG   3   3   2   2   2   2 |     AGG   0   0   0   0   0   0
--------------------------------------------------------------------------------------------------------------------------------------
Val GTT   1   1   1   1   1   1 | Ala GCT   1   1   1   1   1   1 | Asp GAT   0   0   0   0   0   1 | Gly GGT   1   1   1   1   1   1
    GTC   1   1   1   2   1   1 |     GCC   2   2   2   2   2   2 |     GAC   2   2   2   2   2   1 |     GGC   1   1   1   1   1   1
    GTA   0   0   0   0   0   0 |     GCA   3   3   3   3   3   3 | Glu GAA   3   3   3   3   3   3 |     GGA   0   0   0   0   0   0
    GTG   2   2   2   1   2   2 |     GCG   0   0   0   0   0   0 |     GAG   4   4   4   4   4   4 |     GGG   0   0   0   0   0   0
--------------------------------------------------------------------------------------------------------------------------------------

--------------------------------------------------------------------------------------------------------------------------------------
Phe TTT   0   0   0   0   0   0 | Ser TCT   0   0   0   0   0   0 | Tyr TAT   0   0   0   0   0   0 | Cys TGT   1   1   0   0   0   0
    TTC   0   0   0   0   0   0 |     TCC   0   0   0   0   0   0 |     TAC   0   0   0   0   0   0 |     TGC   0   0   0   0   0   0
Leu TTA   2   2   2   2   2   2 |     TCA   1   1   1   1   1   1 | *** TAA   0   0   0   0   0   0 | *** TGA   0   0   0   0   0   0
    TTG   4   4   4   4   4   4 |     TCG   0   0   0   0   0   0 |     TAG   0   0   0   0   0   0 | Trp TGG   0   0   0   0   0   0
--------------------------------------------------------------------------------------------------------------------------------------
Leu CTT   0   0   0   0   0   0 | Pro CCT   1   1   1   1   1   1 | His CAT   0   0   0   0   0   0 | Arg CGT   0   0   0   0   0   0
    CTC   0   0   0   0   0   0 |     CCC   3   3   3   3   3   3 |     CAC   0   0   0   0   0   0 |     CGC   0   0   0   0   0   0
    CTA   0   0   0   0   0   0 |     CCA   1   1   1   1   1   1 | Gln CAA   0   0   0   0   0   0 |     CGA   1   1   1   1   1   1
    CTG   4   4   4   4   4   4 |     CCG   0   0   0   0   0   0 |     CAG   2   2   2   2   2   2 |     CGG   0   0   0   0   0   0
--------------------------------------------------------------------------------------------------------------------------------------
Ile ATT   0   0   0   0   0   0 | Thr ACT   0   0   0   0   0   0 | Asn AAT   1   1   0   0   0   0 | Ser AGT   0   0   0   0   0   0
    ATC   2   2   2   2   2   2 |     ACC   1   1   1   1   1   1 |     AAC   1   1   2   2   2   2 |     AGC   0   0   0   0   0   0
    ATA   0   0   0   0   0   0 |     ACA   1   1   1   1   1   1 | Lys AAA   0   0   1   1   1   1 | Arg AGA   0   0   0   0   0   0
Met ATG   0   0   0   0   0   0 |     ACG   0   0   0   0   0   0 |     AAG   3   3   2   2   2   2 |     AGG   0   0   0   0   0   0
--------------------------------------------------------------------------------------------------------------------------------------
Val GTT   1   1   1   1   1   1 | Ala GCT   1   1   1   1   1   1 | Asp GAT   0   0   1   0   0   0 | Gly GGT   0   0   1   1   1   1
    GTC   1   1   1   1   1   2 |     GCC   2   2   2   2   2   2 |     GAC   2   2   1   2   2   2 |     GGC   1   1   1   1   1   1
    GTA   0   0   0   0   0   0 |     GCA   3   3   3   3   3   3 | Glu GAA   3   3   3   3   3   3 |     GGA   0   0   0   0   0   0
    GTG   2   2   2   2   2   1 |     GCG   0   0   0   0   0   0 |     GAG   4   4   4   4   4   4 |     GGG   0   0   0   0   0   0
--------------------------------------------------------------------------------------------------------------------------------------

--------------------------------------------------------------------------------------------------------------------------------------
Phe TTT   0   0   0   0   0   0 | Ser TCT   0   0   0   0   0   0 | Tyr TAT   0   0   0   0   0   0 | Cys TGT   0   0   1   0   0   0
    TTC   0   0   0   0   0   0 |     TCC   0   0   0   0   0   0 |     TAC   0   0   0   0   0   0 |     TGC   0   0   0   0   0   0
Leu TTA   2   2   2   2   2   2 |     TCA   1   1   1   1   1   1 | *** TAA   0   0   0   0   0   0 | *** TGA   0   0   0   0   0   0
    TTG   4   4   4   4   3   4 |     TCG   0   0   0   0   0   0 |     TAG   0   0   0   0   0   0 | Trp TGG   0   0   0   0   0   0
--------------------------------------------------------------------------------------------------------------------------------------
Leu CTT   0   0   0   0   0   0 | Pro CCT   1   1   1   2   1   1 | His CAT   0   0   0   0   0   0 | Arg CGT   0   0   0   0   0   0
    CTC   0   0   0   0   0   0 |     CCC   3   3   3   2   3   3 |     CAC   0   0   0   0   0   0 |     CGC   0   0   0   0   0   0
    CTA   0   0   0   0   0   0 |     CCA   1   1   1   1   1   1 | Gln CAA   0   0   0   0   0   0 |     CGA   1   1   1   1   1   1
    CTG   4   4   4   4   5   4 |     CCG   0   0   0   0   0   0 |     CAG   2   2   2   2   2   2 |     CGG   0   0   0   0   0   0
--------------------------------------------------------------------------------------------------------------------------------------
Ile ATT   0   0   0   0   0   0 | Thr ACT   0   0   0   0   0   0 | Asn AAT   0   0   1   0   0   0 | Ser AGT   0   0   0   0   0   0
    ATC   2   2   2   2   3   2 |     ACC   1   1   1   1   1   1 |     AAC   2   2   1   2   2   1 |     AGC   0   0   0   0   0   1
    ATA   0   0   0   0   0   0 |     ACA   1   1   1   1   1   1 | Lys AAA   1   1   0   1   0   1 | Arg AGA   0   0   0   0   0   0
Met ATG   0   0   0   0   0   0 |     ACG   0   0   0   0   0   0 |     AAG   2   2   3   2   3   2 |     AGG   0   0   0   0   0   0
--------------------------------------------------------------------------------------------------------------------------------------
Val GTT   1   1   1   1   1   1 | Ala GCT   1   1   1   1   1   1 | Asp GAT   0   0   0   0   0   0 | Gly GGT   1   1   0   1   1   1
    GTC   1   2   1   1   0   1 |     GCC   2   2   2   2   1   2 |     GAC   2   2   2   2   2   2 |     GGC   1   1   1   1   1   1
    GTA   0   0   0   0   0   0 |     GCA   3   3   3   3   3   3 | Glu GAA   3   3   3   3   3   3 |     GGA   0   0   0   0   0   0
    GTG   2   1   2   2   3   2 |     GCG   0   0   0   0   0   0 |     GAG   4   4   4   4   4   4 |     GGG   0   0   0   0   0   0
--------------------------------------------------------------------------------------------------------------------------------------

--------------------------------------------------------------------------------------------------------------------------------------
Phe TTT   0   0   0   0   0   0 | Ser TCT   0   0   0   0   0   0 | Tyr TAT   0   0   0   0   0   0 | Cys TGT   0   0   0   0   0   1
    TTC   0   0   0   0   0   0 |     TCC   0   0   0   0   0   0 |     TAC   0   0   0   0   0   0 |     TGC   0   0   0   0   0   0
Leu TTA   2   2   2   2   2   2 |     TCA   1   1   1   1   1   1 | *** TAA   0   0   0   0   0   0 | *** TGA   0   0   0   0   0   0
    TTG   4   4   4   4   4   4 |     TCG   0   0   0   0   0   0 |     TAG   0   0   0   0   0   0 | Trp TGG   0   0   0   0   0   0
--------------------------------------------------------------------------------------------------------------------------------------
Leu CTT   0   0   0   0   0   0 | Pro CCT   1   2   1   1   1   1 | His CAT   0   0   0   0   0   0 | Arg CGT   0   0   0   0   0   0
    CTC   0   0   0   0   0   0 |     CCC   3   2   3   3   3   3 |     CAC   0   0   0   0   0   0 |     CGC   0   0   0   0   0   0
    CTA   0   0   0   0   0   0 |     CCA   1   1   1   1   1   1 | Gln CAA   0   0   0   0   0   0 |     CGA   1   1   0   1   1   1
    CTG   4   4   4   4   4   4 |     CCG   0   0   0   0   0   0 |     CAG   2   2   2   2   2   2 |     CGG   0   0   0   0   0   0
--------------------------------------------------------------------------------------------------------------------------------------
Ile ATT   0   0   0   0   0   0 | Thr ACT   0   0   0   0   0   0 | Asn AAT   0   0   0   0   0   1 | Ser AGT   0   0   0   0   0   0
    ATC   2   2   2   2   2   2 |     ACC   1   1   1   1   1   1 |     AAC   2   2   2   2   2   1 |     AGC   0   0   0   0   0   0
    ATA   0   0   0   0   0   0 |     ACA   1   1   1   1   1   1 | Lys AAA   1   1   1   1   1   0 | Arg AGA   0   0   1   0   0   0
Met ATG   0   0   0   0   0   0 |     ACG   0   0   0   0   0   0 |     AAG   2   2   2   2   2   3 |     AGG   0   0   0   0   0   0
--------------------------------------------------------------------------------------------------------------------------------------
Val GTT   1   1   1   1   1   1 | Ala GCT   1   1   1   1   1   1 | Asp GAT   0   0   0   0   1   0 | Gly GGT   1   1   1   1   1   0
    GTC   1   2   1   1   1   1 |     GCC   1   2   2   2   1   2 |     GAC   2   2   2   2   1   2 |     GGC   1   1   1   1   1   1
    GTA   0   0   0   0   0   0 |     GCA   4   3   3   3   4   3 | Glu GAA   3   3   3   3   3   3 |     GGA   0   0   0   0   0   0
    GTG   2   1   2   2   2   2 |     GCG   0   0   0   0   0   0 |     GAG   4   4   4   4   4   4 |     GGG   0   0   0   0   0   0
--------------------------------------------------------------------------------------------------------------------------------------

--------------------------------------------------------------------------------------------------------------------------------------
Phe TTT   0   0   0   0   0   0 | Ser TCT   0   0   0   0   0   0 | Tyr TAT   0   0   0   0   0   0 | Cys TGT   1   0   1   1   0   0
    TTC   0   0   0   0   0   0 |     TCC   0   0   0   0   0   0 |     TAC   0   0   0   0   0   0 |     TGC   0   0   0   0   0   0
Leu TTA   2   2   2   2   2   2 |     TCA   1   1   1   1   1   1 | *** TAA   0   0   0   0   0   0 | *** TGA   0   0   0   0   0   0
    TTG   4   4   4   4   4   4 |     TCG   0   0   0   0   0   0 |     TAG   0   0   0   0   0   0 | Trp TGG   0   0   0   0   0   0
--------------------------------------------------------------------------------------------------------------------------------------
Leu CTT   0   0   0   0   0   0 | Pro CCT   1   1   1   1   1   1 | His CAT   0   0   0   0   0   0 | Arg CGT   0   0   0   0   0   0
    CTC   0   0   0   0   0   0 |     CCC   3   3   3   3   3   3 |     CAC   0   0   0   0   0   0 |     CGC   0   0   0   0   0   0
    CTA   0   0   0   0   0   0 |     CCA   1   1   1   1   1   1 | Gln CAA   0   0   0   0   0   0 |     CGA   1   1   1   1   1   1
    CTG   4   4   4   4   4   4 |     CCG   0   0   0   0   0   0 |     CAG   2   2   2   2   2   2 |     CGG   0   0   0   0   0   0
--------------------------------------------------------------------------------------------------------------------------------------
Ile ATT   0   0   0   0   0   0 | Thr ACT   0   0   0   0   0   0 | Asn AAT   1   0   1   1   0   0 | Ser AGT   0   0   0   0   0   0
    ATC   2   2   2   2   2   2 |     ACC   1   1   1   1   1   1 |     AAC   1   2   1   1   2   2 |     AGC   0   0   0   0   0   0
    ATA   0   0   0   0   0   0 |     ACA   1   1   1   1   1   1 | Lys AAA   0   1   0   0   1   1 | Arg AGA   0   0   0   0   0   0
Met ATG   0   0   0   0   0   0 |     ACG   0   0   0   0   0   0 |     AAG   3   2   3   3   2   2 |     AGG   0   0   0   0   0   0
--------------------------------------------------------------------------------------------------------------------------------------
Val GTT   1   1   1   1   1   1 | Ala GCT   1   1   1   0   1   1 | Asp GAT   0   0   0   0   0   0 | Gly GGT   0   1   0   0   1   1
    GTC   1   1   1   2   2   1 |     GCC   2   2   2   1   2   2 |     GAC   2   2   2   2   2   2 |     GGC   1   1   1   1   1   1
    GTA   0   0   0   0   0   0 |     GCA   3   3   3   4   3   3 | Glu GAA   3   3   3   3   3   4 |     GGA   0   0   0   0   0   0
    GTG   2   2   2   2   1   2 |     GCG   0   0   0   0   0   0 |     GAG   4   4   4   4   4   3 |     GGG   0   0   0   0   0   0
--------------------------------------------------------------------------------------------------------------------------------------

--------------------------------------------------------------------------------------------------------------------------------------
Phe TTT   0   0   0   0   0   0 | Ser TCT   0   0   0   0   0   0 | Tyr TAT   0   0   0   0   0   0 | Cys TGT   0   0   1   0   0   0
    TTC   0   0   0   0   0   0 |     TCC   0   0   0   0   0   0 |     TAC   0   0   0   0   0   0 |     TGC   0   0   0   0   0   0
Leu TTA   2   2   2   2   2   2 |     TCA   1   1   1   1   1   1 | *** TAA   0   0   0   0   0   0 | *** TGA   0   0   0   0   0   0
    TTG   4   4   4   3   4   4 |     TCG   0   0   0   0   0   0 |     TAG   0   0   0   0   0   0 | Trp TGG   0   0   0   0   0   0
--------------------------------------------------------------------------------------------------------------------------------------
Leu CTT   0   1   0   0   0   0 | Pro CCT   1   1   1   1   1   1 | His CAT   0   0   0   0   0   0 | Arg CGT   0   0   0   0   0   0
    CTC   0   0   0   0   0   0 |     CCC   3   3   3   3   3   3 |     CAC   0   0   0   0   0   0 |     CGC   0   0   0   0   0   0
    CTA   0   0   0   0   0   0 |     CCA   1   1   1   1   1   1 | Gln CAA   0   0   0   0   0   0 |     CGA   1   1   1   1   1   1
    CTG   4   3   4   5   4   4 |     CCG   0   0   0   0   0   0 |     CAG   2   2   2   2   2   2 |     CGG   0   0   0   0   0   0
--------------------------------------------------------------------------------------------------------------------------------------
Ile ATT   0   0   0   0   0   0 | Thr ACT   0   0   0   0   0   0 | Asn AAT   0   0   0   0   0   0 | Ser AGT   0   0   0   0   0   0
    ATC   2   2   2   2   2   2 |     ACC   1   1   1   1   1   1 |     AAC   2   2   2   2   2   2 |     AGC   0   0   0   0   0   0
    ATA   0   0   0   0   0   0 |     ACA   1   1   1   1   1   1 | Lys AAA   1   1   1   0   1   1 | Arg AGA   0   0   0   0   0   0
Met ATG   0   0   0   0   0   0 |     ACG   0   0   0   0   0   0 |     AAG   2   2   2   3   2   2 |     AGG   0   0   0   0   0   0
--------------------------------------------------------------------------------------------------------------------------------------
Val GTT   1   1   1   1   1   1 | Ala GCT   1   1   1   1   1   1 | Asp GAT   0   0   0   0   0   0 | Gly GGT   1   1   0   2   1   1
    GTC   1   1   1   1   2   2 |     GCC   2   2   2   2   2   2 |     GAC   2   2   2   2   2   2 |     GGC   1   1   1   0   1   1
    GTA   0   0   0   0   0   0 |     GCA   3   3   3   3   3   3 | Glu GAA   3   3   3   3   3   3 |     GGA   0   0   0   0   0   0
    GTG   2   2   2   2   1   1 |     GCG   0   0   0   0   0   0 |     GAG   4   4   4   4   4   4 |     GGG   0   0   0   0   0   0
--------------------------------------------------------------------------------------------------------------------------------------

Codon position x base (3x4) table for each sequence.

#1: Argali         
position  1:    T:0.14286    C:0.24490    A:0.18367    G:0.42857
position  2:    T:0.32653    C:0.28571    A:0.32653    G:0.06122
position  3:    T:0.08163    C:0.28571    A:0.26531    G:0.36735
Average         T:0.18367    C:0.27211    A:0.25850    G:0.28571

#2: LesserMouseDeer
position  1:    T:0.12245    C:0.28571    A:0.18367    G:0.40816
position  2:    T:0.32653    C:0.30612    A:0.30612    G:0.06122
position  3:    T:0.08163    C:0.30612    A:0.24490    G:0.36735
Average         T:0.17687    C:0.29932    A:0.24490    G:0.27891

#3: LesserKudu     
position  1:    T:0.14286    C:0.24490    A:0.18367    G:0.42857
position  2:    T:0.32653    C:0.28571    A:0.32653    G:0.06122
position  3:    T:0.08163    C:0.30612    A:0.26531    G:0.34694
Average         T:0.18367    C:0.27891    A:0.25850    G:0.27891

#4: ForestMuskDeer2
position  1:    T:0.12245    C:0.26531    A:0.18367    G:0.42857
position  2:    T:0.32653    C:0.28571    A:0.32653    G:0.06122
position  3:    T:0.10204    C:0.26531    A:0.24490    G:0.38776
Average         T:0.18367    C:0.27211    A:0.25170    G:0.29252

#5: Camel          
position  1:    T:0.12245    C:0.28571    A:0.18367    G:0.40816
position  2:    T:0.30612    C:0.30612    A:0.32653    G:0.06122
position  3:    T:0.06122    C:0.24490    A:0.26531    G:0.42857
Average         T:0.16327    C:0.27891    A:0.25850    G:0.29932

#6: KillerWhale    
position  1:    T:0.10204    C:0.28571    A:0.18367    G:0.42857
position  2:    T:0.34694    C:0.24490    A:0.32653    G:0.08163
position  3:    T:0.08163    C:0.26531    A:0.26531    G:0.38776
Average         T:0.17687    C:0.26531    A:0.25850    G:0.29932

#7: DefassaWaterbuck
position  1:    T:0.14286    C:0.24490    A:0.18367    G:0.42857
position  2:    T:0.32653    C:0.28571    A:0.32653    G:0.06122
position  3:    T:0.08163    C:0.28571    A:0.26531    G:0.36735
Average         T:0.18367    C:0.27211    A:0.25850    G:0.28571

#8: Sheep          
position  1:    T:0.14286    C:0.24490    A:0.18367    G:0.42857
position  2:    T:0.32653    C:0.28571    A:0.32653    G:0.06122
position  3:    T:0.08163    C:0.28571    A:0.26531    G:0.36735
Average         T:0.18367    C:0.27211    A:0.25850    G:0.28571

#9: MaxwellsDuiker 
position  1:    T:0.14286    C:0.24490    A:0.18367    G:0.42857
position  2:    T:0.32653    C:0.28571    A:0.32653    G:0.06122
position  3:    T:0.10204    C:0.26531    A:0.26531    G:0.36735
Average         T:0.19048    C:0.26531    A:0.25850    G:0.28571

#10: GazellaPrzewalskyi
position  1:    T:0.14286    C:0.24490    A:0.18367    G:0.42857
position  2:    T:0.32653    C:0.28571    A:0.32653    G:0.06122
position  3:    T:0.08163    C:0.26531    A:0.28571    G:0.36735
Average         T:0.18367    C:0.26531    A:0.26531    G:0.28571

#11: MountainNyala  
position  1:    T:0.14286    C:0.24490    A:0.18367    G:0.42857
position  2:    T:0.32653    C:0.28571    A:0.32653    G:0.06122
position  3:    T:0.08163    C:0.30612    A:0.26531    G:0.34694
Average         T:0.18367    C:0.27891    A:0.25850    G:0.27891

#12: MuntiacusMuntjak
position  1:    T:0.16327    C:0.24490    A:0.18367    G:0.40816
position  2:    T:0.32653    C:0.28571    A:0.32653    G:0.06122
position  3:    T:0.10204    C:0.26531    A:0.24490    G:0.38776
Average         T:0.19728    C:0.26531    A:0.25170    G:0.28571

#13: goat           
position  1:    T:0.14286    C:0.24490    A:0.18367    G:0.42857
position  2:    T:0.32653    C:0.28571    A:0.32653    G:0.06122
position  3:    T:0.10204    C:0.26531    A:0.26531    G:0.36735
Average         T:0.19048    C:0.26531    A:0.25850    G:0.28571

#14: AfricanBuffalo 
position  1:    T:0.14286    C:0.24490    A:0.18367    G:0.42857
position  2:    T:0.32653    C:0.28571    A:0.32653    G:0.06122
position  3:    T:0.08163    C:0.30612    A:0.26531    G:0.34694
Average         T:0.18367    C:0.27891    A:0.25850    G:0.27891

#15: Topi           
position  1:    T:0.14286    C:0.24490    A:0.18367    G:0.42857
position  2:    T:0.32653    C:0.28571    A:0.32653    G:0.06122
position  3:    T:0.08163    C:0.28571    A:0.26531    G:0.36735
Average         T:0.18367    C:0.27211    A:0.25850    G:0.28571

#16: CommonDuiker   
position  1:    T:0.14286    C:0.24490    A:0.18367    G:0.42857
position  2:    T:0.32653    C:0.28571    A:0.32653    G:0.06122
position  3:    T:0.10204    C:0.26531    A:0.26531    G:0.36735
Average         T:0.19048    C:0.26531    A:0.25850    G:0.28571

#17: Suni           
position  1:    T:0.14286    C:0.24490    A:0.18367    G:0.42857
position  2:    T:0.32653    C:0.28571    A:0.32653    G:0.06122
position  3:    T:0.12245    C:0.28571    A:0.26531    G:0.32653
Average         T:0.19728    C:0.27211    A:0.25850    G:0.27211

#18: Springbuck     
position  1:    T:0.14286    C:0.24490    A:0.18367    G:0.42857
position  2:    T:0.32653    C:0.28571    A:0.32653    G:0.06122
position  3:    T:0.08163    C:0.28571    A:0.26531    G:0.36735
Average         T:0.18367    C:0.27211    A:0.25850    G:0.28571

#19: Okapi          
position  1:    T:0.16327    C:0.22449    A:0.18367    G:0.42857
position  2:    T:0.32653    C:0.28571    A:0.32653    G:0.06122
position  3:    T:0.08163    C:0.28571    A:0.24490    G:0.38776
Average         T:0.19048    C:0.26531    A:0.25170    G:0.29252

#20: Giraffe        
position  1:    T:0.14286    C:0.24490    A:0.18367    G:0.42857
position  2:    T:0.32653    C:0.28571    A:0.32653    G:0.06122
position  3:    T:0.10204    C:0.26531    A:0.24490    G:0.38776
Average         T:0.19048    C:0.26531    A:0.25170    G:0.29252

#21: TibetanAntelope
position  1:    T:0.14286    C:0.24490    A:0.18367    G:0.42857
position  2:    T:0.32653    C:0.28571    A:0.32653    G:0.06122
position  3:    T:0.08163    C:0.28571    A:0.26531    G:0.36735
Average         T:0.18367    C:0.27211    A:0.25850    G:0.28571

#22: Sitatunga      
position  1:    T:0.14286    C:0.24490    A:0.18367    G:0.42857
position  2:    T:0.32653    C:0.28571    A:0.32653    G:0.06122
position  3:    T:0.08163    C:0.30612    A:0.26531    G:0.34694
Average         T:0.18367    C:0.27891    A:0.25850    G:0.27891

#23: Oribi          
position  1:    T:0.14286    C:0.24490    A:0.18367    G:0.42857
position  2:    T:0.32653    C:0.28571    A:0.32653    G:0.06122
position  3:    T:0.08163    C:0.28571    A:0.26531    G:0.36735
Average         T:0.18367    C:0.27211    A:0.25850    G:0.28571

#24: BarbarySheep   
position  1:    T:0.14286    C:0.24490    A:0.18367    G:0.42857
position  2:    T:0.32653    C:0.28571    A:0.32653    G:0.06122
position  3:    T:0.10204    C:0.26531    A:0.26531    G:0.36735
Average         T:0.19048    C:0.26531    A:0.25850    G:0.28571

#25: Daviddeer      
position  1:    T:0.16327    C:0.24490    A:0.18367    G:0.40816
position  2:    T:0.32653    C:0.28571    A:0.32653    G:0.06122
position  3:    T:0.10204    C:0.26531    A:0.24490    G:0.38776
Average         T:0.19728    C:0.26531    A:0.25170    G:0.28571

#26: Reindeer       
position  1:    T:0.16327    C:0.24490    A:0.18367    G:0.40816
position  2:    T:0.32653    C:0.28571    A:0.32653    G:0.06122
position  3:    T:0.10204    C:0.26531    A:0.24490    G:0.38776
Average         T:0.19728    C:0.26531    A:0.25170    G:0.28571

#27: Ibex           
position  1:    T:0.14286    C:0.24490    A:0.18367    G:0.42857
position  2:    T:0.32653    C:0.28571    A:0.32653    G:0.06122
position  3:    T:0.10204    C:0.26531    A:0.26531    G:0.36735
Average         T:0.19048    C:0.26531    A:0.25850    G:0.28571

#28: GyrantGazelle  
position  1:    T:0.14286    C:0.24490    A:0.18367    G:0.42857
position  2:    T:0.32653    C:0.28571    A:0.32653    G:0.06122
position  3:    T:0.08163    C:0.28571    A:0.26531    G:0.36735
Average         T:0.18367    C:0.27211    A:0.25850    G:0.28571

#29: Hartebeest     
position  1:    T:0.14286    C:0.24490    A:0.18367    G:0.42857
position  2:    T:0.32653    C:0.28571    A:0.32653    G:0.06122
position  3:    T:0.08163    C:0.28571    A:0.26531    G:0.36735
Average         T:0.18367    C:0.27211    A:0.25850    G:0.28571

#30: Bongo          
position  1:    T:0.14286    C:0.24490    A:0.18367    G:0.42857
position  2:    T:0.32653    C:0.28571    A:0.32653    G:0.06122
position  3:    T:0.08163    C:0.30612    A:0.26531    G:0.34694
Average         T:0.18367    C:0.27891    A:0.25850    G:0.27891

#31: Gerenuk        
position  1:    T:0.14286    C:0.24490    A:0.18367    G:0.42857
position  2:    T:0.32653    C:0.28571    A:0.32653    G:0.06122
position  3:    T:0.08163    C:0.28571    A:0.26531    G:0.36735
Average         T:0.18367    C:0.27211    A:0.25850    G:0.28571

#32: CommonEland    
position  1:    T:0.14286    C:0.24490    A:0.18367    G:0.42857
position  2:    T:0.32653    C:0.28571    A:0.32653    G:0.06122
position  3:    T:0.08163    C:0.30612    A:0.26531    G:0.34694
Average         T:0.18367    C:0.27891    A:0.25850    G:0.27891

#33: MuntiacusReevesi
position  1:    T:0.16327    C:0.24490    A:0.18367    G:0.40816
position  2:    T:0.32653    C:0.28571    A:0.32653    G:0.06122
position  3:    T:0.10204    C:0.26531    A:0.24490    G:0.38776
Average         T:0.19728    C:0.26531    A:0.25170    G:0.28571

#34: HarveysDuiker  
position  1:    T:0.14286    C:0.24490    A:0.18367    G:0.42857
position  2:    T:0.32653    C:0.28571    A:0.32653    G:0.06122
position  3:    T:0.10204    C:0.26531    A:0.26531    G:0.36735
Average         T:0.19048    C:0.26531    A:0.25850    G:0.28571

#35: Pronghorn      
position  1:    T:0.12245    C:0.26531    A:0.20408    G:0.40816
position  2:    T:0.34694    C:0.26531    A:0.32653    G:0.06122
position  3:    T:0.08163    C:0.26531    A:0.24490    G:0.40816
Average         T:0.18367    C:0.26531    A:0.25850    G:0.29252

#36: BlueWildebeest 
position  1:    T:0.14286    C:0.24490    A:0.18367    G:0.42857
position  2:    T:0.32653    C:0.28571    A:0.30612    G:0.08163
position  3:    T:0.08163    C:0.28571    A:0.26531    G:0.36735
Average         T:0.18367    C:0.27211    A:0.25170    G:0.29252

#37: Gemsbok        
position  1:    T:0.14286    C:0.24490    A:0.18367    G:0.42857
position  2:    T:0.32653    C:0.28571    A:0.32653    G:0.06122
position  3:    T:0.08163    C:0.26531    A:0.28571    G:0.36735
Average         T:0.18367    C:0.26531    A:0.26531    G:0.28571

#38: Yak            
position  1:    T:0.14286    C:0.24490    A:0.18367    G:0.42857
position  2:    T:0.32653    C:0.28571    A:0.32653    G:0.06122
position  3:    T:0.10204    C:0.28571    A:0.26531    G:0.34694
Average         T:0.19048    C:0.27211    A:0.25850    G:0.27891

#39: BlueSheep      
position  1:    T:0.14286    C:0.22449    A:0.20408    G:0.42857
position  2:    T:0.32653    C:0.28571    A:0.32653    G:0.06122
position  3:    T:0.08163    C:0.28571    A:0.26531    G:0.36735
Average         T:0.18367    C:0.26531    A:0.26531    G:0.28571

#40: BohorReedbuck  
position  1:    T:0.14286    C:0.24490    A:0.18367    G:0.42857
position  2:    T:0.32653    C:0.28571    A:0.32653    G:0.06122
position  3:    T:0.08163    C:0.28571    A:0.26531    G:0.36735
Average         T:0.18367    C:0.27211    A:0.25850    G:0.28571

#41: KirksDik       
position  1:    T:0.14286    C:0.24490    A:0.18367    G:0.42857
position  2:    T:0.32653    C:0.28571    A:0.32653    G:0.06122
position  3:    T:0.10204    C:0.24490    A:0.28571    G:0.36735
Average         T:0.19048    C:0.25850    A:0.26531    G:0.28571

#42: RoeDeer        
position  1:    T:0.16327    C:0.24490    A:0.18367    G:0.40816
position  2:    T:0.32653    C:0.28571    A:0.32653    G:0.06122
position  3:    T:0.10204    C:0.26531    A:0.24490    G:0.38776
Average         T:0.19728    C:0.26531    A:0.25170    G:0.28571

#43: WhiteLippedDeer
position  1:    T:0.16327    C:0.24490    A:0.18367    G:0.40816
position  2:    T:0.32653    C:0.28571    A:0.32653    G:0.06122
position  3:    T:0.10204    C:0.26531    A:0.24490    G:0.38776
Average         T:0.19728    C:0.26531    A:0.25170    G:0.28571

#44: ThomsonGazelle 
position  1:    T:0.14286    C:0.24490    A:0.18367    G:0.42857
position  2:    T:0.32653    C:0.28571    A:0.32653    G:0.06122
position  3:    T:0.08163    C:0.28571    A:0.26531    G:0.36735
Average         T:0.18367    C:0.27211    A:0.25850    G:0.28571

#45: MuntiacusCrinifrons
position  1:    T:0.16327    C:0.24490    A:0.18367    G:0.40816
position  2:    T:0.32653    C:0.28571    A:0.32653    G:0.06122
position  3:    T:0.10204    C:0.26531    A:0.24490    G:0.38776
Average         T:0.19728    C:0.26531    A:0.25170    G:0.28571

#46: WhiteTailedDeer
position  1:    T:0.16327    C:0.24490    A:0.18367    G:0.40816
position  2:    T:0.34694    C:0.26531    A:0.32653    G:0.06122
position  3:    T:0.08163    C:0.26531    A:0.26531    G:0.38776
Average         T:0.19728    C:0.25850    A:0.25850    G:0.28571

#47: Cattle         
position  1:    T:0.14286    C:0.24490    A:0.18367    G:0.42857
position  2:    T:0.32653    C:0.28571    A:0.32653    G:0.06122
position  3:    T:0.08163    C:0.30612    A:0.26531    G:0.34694
Average         T:0.18367    C:0.27891    A:0.25850    G:0.27891

#48: RoyalAntelope  
position  1:    T:0.14286    C:0.24490    A:0.18367    G:0.42857
position  2:    T:0.32653    C:0.28571    A:0.32653    G:0.06122
position  3:    T:0.08163    C:0.28571    A:0.28571    G:0.34694
Average         T:0.18367    C:0.27211    A:0.26531    G:0.27891

#49: Steenbok       
position  1:    T:0.14286    C:0.24490    A:0.18367    G:0.42857
position  2:    T:0.32653    C:0.28571    A:0.32653    G:0.06122
position  3:    T:0.08163    C:0.28571    A:0.26531    G:0.36735
Average         T:0.18367    C:0.27211    A:0.25850    G:0.28571

#50: Impala         
position  1:    T:0.14286    C:0.24490    A:0.18367    G:0.42857
position  2:    T:0.32653    C:0.28571    A:0.32653    G:0.06122
position  3:    T:0.10204    C:0.28571    A:0.26531    G:0.34694
Average         T:0.19048    C:0.27211    A:0.25850    G:0.27891

#51: Klipspringer   
position  1:    T:0.16327    C:0.24490    A:0.18367    G:0.40816
position  2:    T:0.32653    C:0.28571    A:0.32653    G:0.06122
