CODONML (in paml version 4.10.7, June 2023)  /home/rachel/ruminants_paml/6406-phy-tree/ENSBTAT00000010660.fasta.phy
Model: free dN/dS Ratios for branches,  kappa = 2.000 fixed

Codon frequency model: F3x4
ns =  54  ls =  27

Codon usage in sequences
--------------------------------------------------------------------------------------------------------------------------------------
Phe TTT   0   0   0   0   0   0 | Ser TCT   0   1   0   0   1   0 | Tyr TAT   0   1   0   0   0   0 | Cys TGT   0   0   0   0   0   0
    TTC   0   0   0   0   0   0 |     TCC   1   1   1   1   1   1 |     TAC   2   1   2   2   2   2 |     TGC   0   0   0   0   0   0
Leu TTA   0   0   0   0   0   0 |     TCA   0   0   0   0   0   1 | *** TAA   0   0   0   0   0   0 | *** TGA   0   0   0   0   0   0
    TTG   0   0   0   0   0   0 |     TCG   1   1   1   1   1   1 |     TAG   0   0   0   0   0   0 | Trp TGG   0   0   0   0   0   0
--------------------------------------------------------------------------------------------------------------------------------------
Leu CTT   0   0   0   0   0   0 | Pro CCT   1   0   1   1   0   0 | His CAT   0   0   0   0   0   0 | Arg CGT   0   0   0   0   0   0
    CTC   0   0   0   0   0   0 |     CCC   2   2   2   2   2   2 |     CAC   1   1   1   1   1   1 |     CGC   0   0   0   0   0   0
    CTA   0   0   0   0   0   0 |     CCA   2   1   3   2   2   2 | Gln CAA   1   1   1   1   1   1 |     CGA   0   0   0   0   0   0
    CTG   2   2   2   2   2   2 |     CCG   2   3   1   2   2   2 |     CAG   1   1   1   1   1   1 |     CGG   0   0   0   0   0   0
--------------------------------------------------------------------------------------------------------------------------------------
Ile ATT   0   0   0   0   0   0 | Thr ACT   0   0   0   1   1   0 | Asn AAT   0   0   0   0   0   0 | Ser AGT   0   0   0   0   0   0
    ATC   3   3   3   3   3   3 |     ACC   1   2   1   0   0   1 |     AAC   0   0   0   0   0   0 |     AGC   1   1   1   1   1   1
    ATA   0   0   0   0   0   0 |     ACA   0   0   0   0   0   0 | Lys AAA   0   0   0   0   0   0 | Arg AGA   0   0   0   0   0   0
Met ATG   0   0   0   0   0   0 |     ACG   0   0   0   0   0   0 |     AAG   0   0   0   0   0   0 |     AGG   0   0   0   0   0   0
--------------------------------------------------------------------------------------------------------------------------------------
Val GTT   0   0   0   0   0   0 | Ala GCT   1   0   0   0   0   0 | Asp GAT   0   0   0   0   0   0 | Gly GGT   0   0   0   0   0   0
    GTC   1   1   1   1   1   1 |     GCC   2   2   3   3   3   2 |     GAC   0   0   0   0   0   0 |     GGC   0   0   0   0   0   0
    GTA   0   0   0   0   0   0 |     GCA   0   0   0   0   0   0 | Glu GAA   0   0   0   0   0   0 |     GGA   0   0   0   0   0   0
    GTG   2   2   2   2   2   2 |     GCG   0   0   0   0   0   1 |     GAG   0   0   0   0   0   0 |     GGG   0   0   0   0   0   0
--------------------------------------------------------------------------------------------------------------------------------------

--------------------------------------------------------------------------------------------------------------------------------------
Phe TTT   0   0   0   0   0   0 | Ser TCT   0   0   0   0   0   0 | Tyr TAT   0   0   0   0   0   0 | Cys TGT   0   0   0   0   0   0
    TTC   0   0   0   0   0   0 |     TCC   1   1   1   1   1   1 |     TAC   2   2   2   2   2   2 |     TGC   0   0   0   0   0   0
Leu TTA   0   0   0   0   0   0 |     TCA   1   0   0   0   0   0 | *** TAA   0   0   0   0   0   0 | *** TGA   0   0   0   0   0   0
    TTG   0   0   0   0   0   0 |     TCG   0   1   1   1   1   1 |     TAG   0   0   0   0   0   0 | Trp TGG   0   0   0   0   0   0
--------------------------------------------------------------------------------------------------------------------------------------
Leu CTT   0   0   0   0   0   0 | Pro CCT   1   1   1   1   1   0 | His CAT   0   0   0   0   0   0 | Arg CGT   0   0   0   0   0   0
    CTC   0   0   0   0   0   0 |     CCC   2   2   2   2   2   2 |     CAC   1   1   1   1   1   1 |     CGC   0   0   0   0   0   0
    CTA   0   0   0   0   0   0 |     CCA   2   2   2   2   3   2 | Gln CAA   1   1   1   1   1   1 |     CGA   0   0   0   0   0   0
    CTG   2   2   2   2   2   2 |     CCG   2   2   2   2   1   3 |     CAG   1   1   1   1   1   1 |     CGG   0   0   0   0   0   0
--------------------------------------------------------------------------------------------------------------------------------------
Ile ATT   0   0   0   0   0   0 | Thr ACT   0   0   0   0   0   0 | Asn AAT   0   0   0   0   0   0 | Ser AGT   0   0   0   0   0   0
    ATC   3   3   3   3   3   3 |     ACC   1   1   1   1   1   1 |     AAC   0   0   0   0   0   0 |     AGC   1   1   1   1   1   1
    ATA   0   0   0   0   0   0 |     ACA   0   0   0   0   0   0 | Lys AAA   0   0   0   0   0   0 | Arg AGA   0   0   0   0   0   0
Met ATG   0   0   0   0   0   0 |     ACG   0   0   0   0   0   0 |     AAG   0   0   0   0   0   0 |     AGG   0   0   0   0   0   0
--------------------------------------------------------------------------------------------------------------------------------------
Val GTT   0   0   0   0   0   0 | Ala GCT   0   1   1   1   0   0 | Asp GAT   0   0   0   0   0   0 | Gly GGT   0   0   0   0   0   0
    GTC   1   1   1   1   1   1 |     GCC   3   2   2   2   3   3 |     GAC   0   0   0   0   0   0 |     GGC   0   0   0   0   0   0
    GTA   0   0   0   0   0   0 |     GCA   0   0   0   0   0   0 | Glu GAA   0   0   0   0   0   0 |     GGA   0   0   0   0   0   0
    GTG   2   2   2   2   2   2 |     GCG   0   0   0   0   0   0 |     GAG   0   0   0   0   0   0 |     GGG   0   0   0   0   0   0
--------------------------------------------------------------------------------------------------------------------------------------

--------------------------------------------------------------------------------------------------------------------------------------
Phe TTT   0   0   0   0   0   0 | Ser TCT   0   0   0   0   0   0 | Tyr TAT   0   0   0   0   0   0 | Cys TGT   0   0   0   0   0   0
    TTC   0   0   0   0   0   0 |     TCC   1   1   1   1   1   1 |     TAC   2   2   2   2   2   2 |     TGC   0   0   0   0   0   0
Leu TTA   0   0   0   0   0   0 |     TCA   0   0   0   0   1   0 | *** TAA   0   0   0   0   0   0 | *** TGA   0   0   0   0   0   0
    TTG   0   0   0   0   0   0 |     TCG   1   1   1   1   0   1 |     TAG   0   0   0   0   0   0 | Trp TGG   0   0   0   0   0   0
--------------------------------------------------------------------------------------------------------------------------------------
Leu CTT   0   0   0   0   0   0 | Pro CCT   1   1   1   1   1   1 | His CAT   0   0   0   0   0   0 | Arg CGT   0   0   0   0   0   0
    CTC   0   0   0   0   0   0 |     CCC   2   2   2   2   2   2 |     CAC   1   1   1   1   1   1 |     CGC   0   0   0   0   0   0
    CTA   0   0   0   0   0   0 |     CCA   2   3   2   2   2   2 | Gln CAA   1   1   1   1   1   1 |     CGA   0   0   0   0   0   0
    CTG   2   2   2   2   2   2 |     CCG   2   1   2   2   2   2 |     CAG   1   1   1   1   1   1 |     CGG   0   0   0   0   0   0
--------------------------------------------------------------------------------------------------------------------------------------
Ile ATT   0   0   0   0   0   0 | Thr ACT   0   0   0   0   0   0 | Asn AAT   0   0   0   0   0   0 | Ser AGT   0   0   0   0   0   0
    ATC   3   3   3   3   3   3 |     ACC   1   1   1   1   1   1 |     AAC   0   0   0   0   0   0 |     AGC   1   1   1   1   1   1
    ATA   0   0   0   0   0   0 |     ACA   0   0   0   0   0   0 | Lys AAA   0   0   0   0   0   0 | Arg AGA   0   0   0   0   0   0
Met ATG   0   0   0   0   0   0 |     ACG   0   0   0   0   0   0 |     AAG   0   0   0   0   0   0 |     AGG   0   0   0   0   0   0
--------------------------------------------------------------------------------------------------------------------------------------
Val GTT   0   0   0   0   0   0 | Ala GCT   1   0   1   2   1   1 | Asp GAT   0   0   0   0   0   0 | Gly GGT   0   0   0   0   0   0
    GTC   1   1   1   1   1   1 |     GCC   2   3   2   1   2   2 |     GAC   0   0   0   0   0   0 |     GGC   0   0   0   0   0   0
    GTA   0   0   0   0   0   0 |     GCA   0   0   0   0   0   0 | Glu GAA   0   0   0   0   0   0 |     GGA   0   0   0   0   0   0
    GTG   2   2   2   2   2   2 |     GCG   0   0   0   0   0   0 |     GAG   0   0   0   0   0   0 |     GGG   0   0   0   0   0   0
--------------------------------------------------------------------------------------------------------------------------------------

--------------------------------------------------------------------------------------------------------------------------------------
Phe TTT   0   0   0   0   0   0 | Ser TCT   0   0   0   0   0   1 | Tyr TAT   0   0   0   0   0   0 | Cys TGT   0   0   0   0   0   0
    TTC   0   0   0   0   0   0 |     TCC   1   1   1   1   1   1 |     TAC   2   2   2   2   2   2 |     TGC   0   0   0   0   0   0
Leu TTA   0   0   0   0   0   0 |     TCA   0   0   1   0   0   0 | *** TAA   0   0   0   0   0   0 | *** TGA   0   0   0   0   0   0
    TTG   0   0   0   0   0   0 |     TCG   1   1   0   1   1   1 |     TAG   0   0   0   0   0   0 | Trp TGG   0   0   0   0   0   0
--------------------------------------------------------------------------------------------------------------------------------------
Leu CTT   0   0   0   0   0   0 | Pro CCT   1   1   1   1   1   0 | His CAT   0   0   0   0   0   0 | Arg CGT   0   0   0   0   0   0
    CTC   0   0   0   0   0   0 |     CCC   2   2   2   2   2   2 |     CAC   1   1   1   1   1   1 |     CGC   0   0   0   0   0   0
    CTA   0   0   0   0   0   0 |     CCA   3   2   2   3   2   2 | Gln CAA   1   1   1   1   1   1 |     CGA   0   0   0   0   0   0
    CTG   2   2   2   2   2   2 |     CCG   1   2   2   1   2   2 |     CAG   1   1   1   1   1   1 |     CGG   0   0   0   0   0   0
--------------------------------------------------------------------------------------------------------------------------------------
Ile ATT   0   0   0   0   0   0 | Thr ACT   0   0   0   0   0   0 | Asn AAT   0   0   0   0   0   0 | Ser AGT   1   1   0   0   0   0
    ATC   3   3   3   3   3   3 |     ACC   1   1   1   1   1   1 |     AAC   0   0   0   0   0   0 |     AGC   0   0   1   1   1   1
    ATA   0   0   0   0   0   0 |     ACA   0   0   0   0   0   0 | Lys AAA   0   0   0   0   0   0 | Arg AGA   0   0   0   0   0   0
Met ATG   0   0   0   0   0   0 |     ACG   0   0   0   0   0   0 |     AAG   0   0   0   0   0   0 |     AGG   0   0   0   0   0   0
--------------------------------------------------------------------------------------------------------------------------------------
Val GTT   0   0   0   0   0   0 | Ala GCT   1   1   1   0   1   1 | Asp GAT   0   0   0   0   0   0 | Gly GGT   0   0   0   0   0   0
    GTC   1   1   1   1   1   1 |     GCC   2   2   2   3   2   2 |     GAC   0   0   0   0   0   0 |     GGC   0   0   0   0   0   0
    GTA   0   0   0   0   0   0 |     GCA   0   0   0   0   0   0 | Glu GAA   0   0   0   0   0   0 |     GGA   0   0   0   0   0   0
    GTG   2   2   2   2   2   2 |     GCG   0   0   0   0   0   0 |     GAG   0   0   0   0   0   0 |     GGG   0   0   0   0   0   0
--------------------------------------------------------------------------------------------------------------------------------------

--------------------------------------------------------------------------------------------------------------------------------------
Phe TTT   0   0   0   0   0   0 | Ser TCT   0   0   0   0   0   0 | Tyr TAT   0   0   0   0   0   0 | Cys TGT   0   0   0   0   0   0
    TTC   0   0   0   0   0   0 |     TCC   1   1   1   1   1   1 |     TAC   1   2   2   2   2   2 |     TGC   0   0   0   0   0   0
Leu TTA   0   0   0   0   0   0 |     TCA   0   0   0   0   0   0 | *** TAA   0   0   0   0   0   0 | *** TGA   0   0   0   0   0   0
    TTG   0   0   0   0   0   0 |     TCG   1   1   1   1   1   1 |     TAG   0   0   0   0   0   0 | Trp TGG   0   0   0   0   0   0
--------------------------------------------------------------------------------------------------------------------------------------
Leu CTT   0   0   0   0   0   0 | Pro CCT   0   0   1   1   1   1 | His CAT   0   0   0   0   0   0 | Arg CGT   0   0   0   0   0   0
    CTC   0   0   0   0   0   0 |     CCC   2   2   2   2   2   2 |     CAC   2   1   1   1   1   1 |     CGC   0   0   0   0   0   0
    CTA   0   0   0   0   0   0 |     CCA   2   3   2   2   2   3 | Gln CAA   1   1   1   1   1   1 |     CGA   0   0   0   0   0   0
    CTG   2   2   2   2   2   2 |     CCG   3   2   2   2   2   1 |     CAG   1   1   1   1   1   1 |     CGG   0   0   0   0   0   0
--------------------------------------------------------------------------------------------------------------------------------------
Ile ATT   0   0   0   1   0   0 | Thr ACT   0   0   0   0   0   0 | Asn AAT   0   0   0   0   0   0 | Ser AGT   0   0   0   0   0   0
    ATC   2   3   3   2   3   3 |     ACC   1   1   1   1   1   1 |     AAC   0   0   0   0   0   0 |     AGC   2   1   1   1   1   1
    ATA   0   0   0   0   0   0 |     ACA   0   0   0   0   0   0 | Lys AAA   0   0   0   0   0   0 | Arg AGA   0   0   0   0   0   0
Met ATG   0   0   0   0   0   0 |     ACG   0   0   0   0   0   0 |     AAG   0   0   0   0   0   0 |     AGG   0   0   0   0   0   0
--------------------------------------------------------------------------------------------------------------------------------------
Val GTT   0   0   0   0   0   0 | Ala GCT   0   1   1   1   1   0 | Asp GAT   0   0   0   0   0   0 | Gly GGT   0   0   0   0   0   0
    GTC   1   1   1   1   1   1 |     GCC   3   2   2   2   2   3 |     GAC   0   0   0   0   0   0 |     GGC   0   0   0   0   0   0
    GTA   1   0   0   0   0   0 |     GCA   0   0   0   0   0   0 | Glu GAA   0   0   0   0   0   0 |     GGA   0   0   0   0   0   0
    GTG   1   2   2   2   2   2 |     GCG   0   0   0   0   0   0 |     GAG   0   0   0   0   0   0 |     GGG   0   0   0   0   0   0
--------------------------------------------------------------------------------------------------------------------------------------

--------------------------------------------------------------------------------------------------------------------------------------
Phe TTT   0   0   0   0   0   0 | Ser TCT   0   0   0   0   0   0 | Tyr TAT   0   0   0   0   0   0 | Cys TGT   0   0   0   0   0   0
    TTC   0   0   0   0   0   0 |     TCC   1   1   1   1   1   1 |     TAC   2   2   2   2   2   2 |     TGC   0   0   0   0   0   0
Leu TTA   0   0   0   0   0   0 |     TCA   0   0   0   0   0   0 | *** TAA   0   0   0   0   0   0 | *** TGA   0   0   0   0   0   0
    TTG   0   0   0   0   0   0 |     TCG   1   1   1   1   1   1 |     TAG   0   0   0   0   0   0 | Trp TGG   0   0   0   0   0   0
--------------------------------------------------------------------------------------------------------------------------------------
Leu CTT   0   0   0   0   0   0 | Pro CCT   1   1   0   1   1   1 | His CAT   0   0   0   0   0   0 | Arg CGT   0   0   0   0   0   0
    CTC   0   0   0   0   0   0 |     CCC   2   2   2   2   2   2 |     CAC   1   1   1   1   1   1 |     CGC   0   0   0   0   0   0
    CTA   0   0   0   0   0   0 |     CCA   2   3   3   2   2   2 | Gln CAA   1   1   1   1   1   1 |     CGA   0   0   0   0   0   0
    CTG   2   2   2   2   2   2 |     CCG   2   1   2   2   2   2 |     CAG   1   1   1   1   1   1 |     CGG   0   0   0   0   0   0
--------------------------------------------------------------------------------------------------------------------------------------
Ile ATT   0   0   0   0   0   0 | Thr ACT   0   0   0   0   0   0 | Asn AAT   0   0   0   0   0   0 | Ser AGT   0   0   0   0   0   0
    ATC   4   3   3   3   3   3 |     ACC   1   1   1   1   2   1 |     AAC   0   0   0   0   0   0 |     AGC   1   1   1   1   1   1
    ATA   0   0   0   0   0   0 |     ACA   0   0   0   0   0   0 | Lys AAA   0   0   0   0   0   0 | Arg AGA   0   0   0   0   0   0
Met ATG   0   0   0   0   0   0 |     ACG   0   0   0   0   0   0 |     AAG   0   0   0   0   0   0 |     AGG   0   0   0   0   0   0
--------------------------------------------------------------------------------------------------------------------------------------
Val GTT   0   0   0   0   0   0 | Ala GCT   1   0   0   2   0   1 | Asp GAT   0   0   0   0   0   0 | Gly GGT   0   0   0   0   0   0
    GTC   0   1   1   1   1   1 |     GCC   2   3   3   1   2   2 |     GAC   0   0   0   0   0   0 |     GGC   0   0   0   0   0   0
    GTA   0   0   0   0   0   0 |     GCA   0   0   0   0   0   0 | Glu GAA   0   0   0   0   0   0 |     GGA   0   0   0   0   0   0
    GTG   2   2   2   2   2   2 |     GCG   0   0   0   0   0   0 |     GAG   0   0   0   0   0   0 |     GGG   0   0   0   0   0   0
--------------------------------------------------------------------------------------------------------------------------------------

--------------------------------------------------------------------------------------------------------------------------------------
Phe TTT   0   0   0   0   0   0 | Ser TCT   0   0   0   0   0   0 | Tyr TAT   0   0   0   0   0   0 | Cys TGT   0   0   0   0   0   0
    TTC   0   0   0   0   0   0 |     TCC   1   1   1   1   1   1 |     TAC   2   2   2   2   2   2 |     TGC   0   0   0   0   0   0
Leu TTA   0   0   0   0   0   0 |     TCA   0   0   0   1   0   0 | *** TAA   0   0   0   0   0   0 | *** TGA   0   0   0   0   0   0
    TTG   0   0   0   0   0   0 |     TCG   1   1   1   0   1   1 |     TAG   0   0   0   0   0   0 | Trp TGG   0   0   0   0   0   0
--------------------------------------------------------------------------------------------------------------------------------------
Leu CTT   0   0   0   0   0   0 | Pro CCT   1   1   1   1   1   0 | His CAT   0   0   0   0   0   0 | Arg CGT   0   0   0   0   0   0
    CTC   0   0   0   0   0   0 |     CCC   2   2   2   2   2   2 |     CAC   1   1   1   1   1   1 |     CGC   0   0   0   0   0   0
    CTA   0   0   0   0   0   0 |     CCA   2   3   2   2   4   2 | Gln CAA   1   1   1   1   1   1 |     CGA   0   0   0   0   0   0
    CTG   2   2   2   2   2   2 |     CCG   2   1   2   2   0   3 |     CAG   1   1   1   1   1   1 |     CGG   0   0   0   0   0   0
--------------------------------------------------------------------------------------------------------------------------------------
Ile ATT   0   0   0   0   0   0 | Thr ACT   0   0   0   0   0   0 | Asn AAT   0   0   0   0   0   0 | Ser AGT   0   0   0   0   0   1
    ATC   3   3   3   3   3   3 |     ACC   1   1   1   1   1   2 |     AAC   0   0   0   0   0   0 |     AGC   1   1   1   1   1   0
    ATA   0   0   0   0   0   0 |     ACA   0   0   0   0   0   0 | Lys AAA   0   0   0   0   0   0 | Arg AGA   0   0   0   0   0   0
Met ATG   0   0   0   0   0   0 |     ACG   0   0   0   0   0   0 |     AAG   0   0   0   0   0   0 |     AGG   0   0   0   0   0   0
--------------------------------------------------------------------------------------------------------------------------------------
Val GTT   0   0   0   0   0   0 | Ala GCT   1   0   1   0   1   0 | Asp GAT   0   0   0   0   0   0 | Gly GGT   0   0   0   0   0   0
    GTC   1   1   1   1   1   1 |     GCC   2   3   2   3   2   2 |     GAC   0   0   0   0   0   0 |     GGC   0   0   0   0   0   0
    GTA   0   0   0   0   0   0 |     GCA   0   0   0   0   0   0 | Glu GAA   0   0   0   0   0   0 |     GGA   0   0   0   0   0   0
    GTG   2   2   2   2   2   2 |     GCG   0   0   0   0   0   0 |     GAG   0   0   0   0   0   0 |     GGG   0   0   0   0   0   0
--------------------------------------------------------------------------------------------------------------------------------------

--------------------------------------------------------------------------------------------------------------------------------------
Phe TTT   0   0   0   0   0   0 | Ser TCT   0   0   0   0   0   0 | Tyr TAT   0   0   0   0   0   0 | Cys TGT   0   0   0   0   0   0
    TTC   0   0   0   0   0   0 |     TCC   1   1   1   1   1   1 |     TAC   2   2   2   2   2   2 |     TGC   0   0   0   0   0   0
Leu TTA   0   0   0   0   0   0 |     TCA   0   0   0   0   0   0 | *** TAA   0   0   0   0   0   0 | *** TGA   0   0   0   0   0   0
    TTG   0   0   0   0   0   0 |     TCG   1   1   1   1   1   1 |     TAG   0   0   0   0   0   0 | Trp TGG   0   0   0   0   0   0
--------------------------------------------------------------------------------------------------------------------------------------
Leu CTT   0   0   0   0   0   0 | Pro CCT   0   1   0   0   1   1 | His CAT   0   0   0   0   0   0 | Arg CGT   0   0   0   0   0   0
    CTC   0   0   0   0   0   0 |     CCC   2   2   2   2   2   2 |     CAC   1   1   1   1   1   1 |     CGC   0   0   0   0   0   0
    CTA   0   0   0   0   0   0 |     CCA   2   2   2   2   3   3 | Gln CAA   1   1   1   1   1   1 |     CGA   0   0   0   0   0   0
    CTG   2   2   2   2   2   2 |     CCG   3   2   3   3   1   1 |     CAG   1   1   1   1   1   1 |     CGG   0   0   0   0   0   0
--------------------------------------------------------------------------------------------------------------------------------------
Ile ATT   0   0   0   0   0   0 | Thr ACT   0   0   0   0   0   0 | Asn AAT   0   0   0   0   0   0 | Ser AGT   0   1   0   0   0   0
    ATC   3   3   3   3   3   3 |     ACC   2   1   1   1   1   1 |     AAC   0   0   0   0   0   0 |     AGC   1   0   1   1   1   1
    ATA   0   0   0   0   0   0 |     ACA   0   0   0   0   0   0 | Lys AAA   0   0   0   0   0   0 | Arg AGA   0   0   0   0   0   0
Met ATG   0   0   0   0   0   0 |     ACG   0   0   0   0   0   0 |     AAG   0   0   0   0   0   0 |     AGG   0   0   0   0   0   0
--------------------------------------------------------------------------------------------------------------------------------------
Val GTT   0   0   0   0   0   0 | Ala GCT   0   1   0   0   0   1 | Asp GAT   0   0   0   0   0   0 | Gly GGT   0   0   0   0   0   0
    GTC   1   1   1   1   1   1 |     GCC   2   2   3   3   3   2 |     GAC   0   0   0   0   0   0 |     GGC   0   0   0   0   0   0
    GTA   0   0   0   0   0   0 |     GCA   0   0   0   0   0   0 | Glu GAA   0   0   0   0   0   0 |     GGA   0   0   0   0   0   0
    GTG   2   2   2   2   2   2 |     GCG   0   0   0   0   0   0 |     GAG   0   0   0   0   0   0 |     GGG   0   0   0   0   0   0
--------------------------------------------------------------------------------------------------------------------------------------

--------------------------------------------------------------------------------------------------------------------------------------
Phe TTT   0   0   0   0   0   0 | Ser TCT   0   0   0   0   0   0 | Tyr TAT   0   0   0   0   0   0 | Cys TGT   0   0   0   0   0   0
    TTC   0   0   0   0   0   0 |     TCC   1   1   1   1   1   1 |     TAC   2   2   2   2   2   2 |     TGC   0   0   0   0   0   0
Leu TTA   0   0   0   0   0   0 |     TCA   0   0   0   0   0   0 | *** TAA   0   0   0   0   0   0 | *** TGA   0   0   0   0   0   0
    TTG   0   0   0   0   0   0 |     TCG   1   1   1   1   1   1 |     TAG   0   0   0   0   0   0 | Trp TGG   0   0   0   0   0   0
--------------------------------------------------------------------------------------------------------------------------------------
Leu CTT   0   0   0   0   0   0 | Pro CCT   1   1   1   1   1   1 | His CAT   0   0   0   0   0   0 | Arg CGT   0   0   0   0   0   0
    CTC   0   0   0   0   0   0 |     CCC   2   2   2   2   2   2 |     CAC   1   1   1   1   1   1 |     CGC   0   0   0   0   0   0
    CTA   0   0   0   0   0   0 |     CCA   2   2   2   2   3   3 | Gln CAA   1   1   1   1   1   1 |     CGA   0   0   0   0   0   0
    CTG   2   2   2   2   2   2 |     CCG   2   2   2   2   1   1 |     CAG   1   1   1   1   1   1 |     CGG   0   0   0   0   0   0
--------------------------------------------------------------------------------------------------------------------------------------
Ile ATT   0   0   0   0   0   0 | Thr ACT   0   0   0   1   0   0 | Asn AAT   0   0   0   0   0   0 | Ser AGT   0   0   0   0   0   0
    ATC   3   3   3   3   3   3 |     ACC   1   1   1   0   1   1 |     AAC   0   0   0   0   0   0 |     AGC   1   1   1   1   1   1
    ATA   0   0   0   0   0   0 |     ACA   0   0   0   0   0   0 | Lys AAA   0   0   0   0   0   0 | Arg AGA   0   0   0   0   0   0
Met ATG   0   0   0   0   0   0 |     ACG   0   0   0   0   0   0 |     AAG   0   0   0   0   0   0 |     AGG   0   0   0   0   0   0
--------------------------------------------------------------------------------------------------------------------------------------
Val GTT   0   0   0   0   0   0 | Ala GCT   1   1   1   0   0   0 | Asp GAT   0   0   0   0   0   0 | Gly GGT   0   0   0   0   0   0
    GTC   1   1   1   1   1   1 |     GCC   2   2   2   3   3   3 |     GAC   0   0   0   0   0   0 |     GGC   0   0   0   0   0   0
    GTA   0   0   0   0   0   0 |     GCA   0   0   0   0   0   0 | Glu GAA   0   0   0   0   0   0 |     GGA   0   0   0   0   0   0
    GTG   2   2   2   2   2   2 |     GCG   0   0   0   0   0   0 |     GAG   0   0   0   0   0   0 |     GGG   0   0   0   0   0   0
--------------------------------------------------------------------------------------------------------------------------------------

Codon position x base (3x4) table for each sequence.

#1: Argali         
position  1:    T:0.14815    C:0.44444    A:0.18519    G:0.22222
position  2:    T:0.29630    C:0.48148    A:0.18519    G:0.03704
position  3:    T:0.07407    C:0.51852    A:0.11111    G:0.29630
Average         T:0.17284    C:0.48148    A:0.16049    G:0.18519

#2: LesserMouseDeer
position  1:    T:0.18519    C:0.40741    A:0.22222    G:0.18519
position  2:    T:0.29630    C:0.48148    A:0.18519    G:0.03704
position  3:    T:0.07407    C:0.51852    A:0.07407    G:0.33333
Average         T:0.18519    C:0.46914    A:0.16049    G:0.18519

#3: LesserKudu     
position  1:    T:0.14815    C:0.44444    A:0.18519    G:0.22222
position  2:    T:0.29630    C:0.48148    A:0.18519    G:0.03704
position  3:    T:0.03704    C:0.55556    A:0.14815    G:0.25926
Average         T:0.16049    C:0.49383    A:0.17284    G:0.17284

#4: ForestMuskDeer2
position  1:    T:0.14815    C:0.44444    A:0.18519    G:0.22222
position  2:    T:0.29630    C:0.48148    A:0.18519    G:0.03704
position  3:    T:0.07407    C:0.51852    A:0.11111    G:0.29630
Average         T:0.17284    C:0.48148    A:0.16049    G:0.18519

#5: Camel          
position  1:    T:0.18519    C:0.40741    A:0.18519    G:0.22222
position  2:    T:0.29630    C:0.48148    A:0.18519    G:0.03704
position  3:    T:0.07407    C:0.51852    A:0.11111    G:0.29630
Average         T:0.18519    C:0.46914    A:0.16049    G:0.18519

#6: KillerWhale    
position  1:    T:0.18519    C:0.40741    A:0.18519    G:0.22222
position  2:    T:0.29630    C:0.48148    A:0.18519    G:0.03704
position  3:    T:0.00000    C:0.51852    A:0.14815    G:0.33333
Average         T:0.16049    C:0.46914    A:0.17284    G:0.19753

#7: DefassaWaterbuck
position  1:    T:0.14815    C:0.44444    A:0.18519    G:0.22222
position  2:    T:0.29630    C:0.48148    A:0.18519    G:0.03704
position  3:    T:0.03704    C:0.55556    A:0.14815    G:0.25926
Average         T:0.16049    C:0.49383    A:0.17284    G:0.17284

#8: Sheep          
position  1:    T:0.14815    C:0.44444    A:0.18519    G:0.22222
position  2:    T:0.29630    C:0.48148    A:0.18519    G:0.03704
position  3:    T:0.07407    C:0.51852    A:0.11111    G:0.29630
Average         T:0.17284    C:0.48148    A:0.16049    G:0.18519

#9: MaxwellsDuiker 
position  1:    T:0.14815    C:0.44444    A:0.18519    G:0.22222
position  2:    T:0.29630    C:0.48148    A:0.18519    G:0.03704
position  3:    T:0.07407    C:0.51852    A:0.11111    G:0.29630
Average         T:0.17284    C:0.48148    A:0.16049    G:0.18519

#10: GazellaPrzewalskyi
position  1:    T:0.14815    C:0.44444    A:0.18519    G:0.22222
position  2:    T:0.29630    C:0.48148    A:0.18519    G:0.03704
position  3:    T:0.07407    C:0.51852    A:0.11111    G:0.29630
Average         T:0.17284    C:0.48148    A:0.16049    G:0.18519

#11: MountainNyala  
position  1:    T:0.14815    C:0.44444    A:0.18519    G:0.22222
position  2:    T:0.29630    C:0.48148    A:0.18519    G:0.03704
position  3:    T:0.03704    C:0.55556    A:0.14815    G:0.25926
Average         T:0.16049    C:0.49383    A:0.17284    G:0.17284

#12: MuntiacusMuntjak
position  1:    T:0.14815    C:0.44444    A:0.18519    G:0.22222
position  2:    T:0.29630    C:0.48148    A:0.18519    G:0.03704
position  3:    T:0.00000    C:0.55556    A:0.11111    G:0.33333
Average         T:0.14815    C:0.49383    A:0.16049    G:0.19753

#13: goat           
position  1:    T:0.14815    C:0.44444    A:0.18519    G:0.22222
position  2:    T:0.29630    C:0.48148    A:0.18519    G:0.03704
position  3:    T:0.07407    C:0.51852    A:0.11111    G:0.29630
Average         T:0.17284    C:0.48148    A:0.16049    G:0.18519

#14: AfricanBuffalo 
position  1:    T:0.14815    C:0.44444    A:0.18519    G:0.22222
position  2:    T:0.29630    C:0.48148    A:0.18519    G:0.03704
position  3:    T:0.03704    C:0.55556    A:0.14815    G:0.25926
Average         T:0.16049    C:0.49383    A:0.17284    G:0.17284

#15: Topi           
position  1:    T:0.14815    C:0.44444    A:0.18519    G:0.22222
position  2:    T:0.29630    C:0.48148    A:0.18519    G:0.03704
position  3:    T:0.07407    C:0.51852    A:0.11111    G:0.29630
Average         T:0.17284    C:0.48148    A:0.16049    G:0.18519

#16: CommonDuiker   
position  1:    T:0.14815    C:0.44444    A:0.18519    G:0.22222
position  2:    T:0.29630    C:0.48148    A:0.18519    G:0.03704
position  3:    T:0.11111    C:0.48148    A:0.11111    G:0.29630
Average         T:0.18519    C:0.46914    A:0.16049    G:0.18519

#17: Suni           
position  1:    T:0.14815    C:0.44444    A:0.18519    G:0.22222
position  2:    T:0.29630    C:0.48148    A:0.18519    G:0.03704
position  3:    T:0.07407    C:0.51852    A:0.14815    G:0.25926
Average         T:0.17284    C:0.48148    A:0.17284    G:0.17284

#18: Springbuck     
position  1:    T:0.14815    C:0.44444    A:0.18519    G:0.22222
position  2:    T:0.29630    C:0.48148    A:0.18519    G:0.03704
position  3:    T:0.07407    C:0.51852    A:0.11111    G:0.29630
Average         T:0.17284    C:0.48148    A:0.16049    G:0.18519

#19: Okapi          
position  1:    T:0.14815    C:0.44444    A:0.18519    G:0.22222
position  2:    T:0.29630    C:0.48148    A:0.18519    G:0.03704
position  3:    T:0.11111    C:0.48148    A:0.14815    G:0.25926
Average         T:0.18519    C:0.46914    A:0.17284    G:0.17284

#20: Giraffe        
position  1:    T:0.14815    C:0.44444    A:0.18519    G:0.22222
position  2:    T:0.29630    C:0.48148    A:0.18519    G:0.03704
position  3:    T:0.11111    C:0.48148    A:0.11111    G:0.29630
Average         T:0.18519    C:0.46914    A:0.16049    G:0.18519

#21: TibetanAntelope
position  1:    T:0.14815    C:0.44444    A:0.18519    G:0.22222
position  2:    T:0.29630    C:0.48148    A:0.18519    G:0.03704
position  3:    T:0.07407    C:0.51852    A:0.14815    G:0.25926
Average         T:0.17284    C:0.48148    A:0.17284    G:0.17284

#22: Sitatunga      
position  1:    T:0.14815    C:0.44444    A:0.18519    G:0.22222
position  2:    T:0.29630    C:0.48148    A:0.18519    G:0.03704
position  3:    T:0.03704    C:0.55556    A:0.14815    G:0.25926
Average         T:0.16049    C:0.49383    A:0.17284    G:0.17284

#23: Oribi          
position  1:    T:0.14815    C:0.44444    A:0.18519    G:0.22222
position  2:    T:0.29630    C:0.48148    A:0.18519    G:0.03704
position  3:    T:0.07407    C:0.51852    A:0.11111    G:0.29630
Average         T:0.17284    C:0.48148    A:0.16049    G:0.18519

#24: BarbarySheep   
position  1:    T:0.18519    C:0.40741    A:0.18519    G:0.22222
position  2:    T:0.29630    C:0.48148    A:0.18519    G:0.03704
position  3:    T:0.07407    C:0.51852    A:0.11111    G:0.29630
Average         T:0.18519    C:0.46914    A:0.16049    G:0.18519

#25: Daviddeer      
position  1:    T:0.11111    C:0.48148    A:0.18519    G:0.22222
position  2:    T:0.25926    C:0.48148    A:0.18519    G:0.07407
position  3:    T:0.00000    C:0.55556    A:0.14815    G:0.29630
Average         T:0.12346    C:0.50617    A:0.17284    G:0.19753

#26: Reindeer       
position  1:    T:0.14815    C:0.44444    A:0.18519    G:0.22222
position  2:    T:0.29630    C:0.48148    A:0.18519    G:0.03704
position  3:    T:0.03704    C:0.51852    A:0.14815    G:0.29630
Average         T:0.16049    C:0.48148    A:0.17284    G:0.18519

#27: Ibex           
position  1:    T:0.14815    C:0.44444    A:0.18519    G:0.22222
position  2:    T:0.29630    C:0.48148    A:0.18519    G:0.03704
position  3:    T:0.07407    C:0.51852    A:0.11111    G:0.29630
Average         T:0.17284    C:0.48148    A:0.16049    G:0.18519

#28: GyrantGazelle  
position  1:    T:0.14815    C:0.44444    A:0.18519    G:0.22222
position  2:    T:0.29630    C:0.48148    A:0.18519    G:0.03704
position  3:    T:0.11111    C:0.48148    A:0.11111    G:0.29630
Average         T:0.18519    C:0.46914    A:0.16049    G:0.18519

#29: Hartebeest     
position  1:    T:0.14815    C:0.44444    A:0.18519    G:0.22222
position  2:    T:0.29630    C:0.48148    A:0.18519    G:0.03704
position  3:    T:0.07407    C:0.51852    A:0.11111    G:0.29630
Average         T:0.17284    C:0.48148    A:0.16049    G:0.18519

#30: Bongo          
position  1:    T:0.14815    C:0.44444    A:0.18519    G:0.22222
position  2:    T:0.29630    C:0.48148    A:0.18519    G:0.03704
position  3:    T:0.03704    C:0.55556    A:0.14815    G:0.25926
Average         T:0.16049    C:0.49383    A:0.17284    G:0.17284

#31: Gerenuk        
position  1:    T:0.14815    C:0.44444    A:0.22222    G:0.18519
position  2:    T:0.29630    C:0.48148    A:0.18519    G:0.03704
position  3:    T:0.07407    C:0.51852    A:0.11111    G:0.29630
Average         T:0.17284    C:0.48148    A:0.17284    G:0.17284

#32: CommonEland    
position  1:    T:0.14815    C:0.44444    A:0.18519    G:0.22222
position  2:    T:0.29630    C:0.48148    A:0.18519    G:0.03704
position  3:    T:0.03704    C:0.55556    A:0.14815    G:0.25926
Average         T:0.16049    C:0.49383    A:0.17284    G:0.17284

#33: MuntiacusReevesi
position  1:    T:0.14815    C:0.44444    A:0.18519    G:0.22222
position  2:    T:0.29630    C:0.48148    A:0.18519    G:0.03704
position  3:    T:0.00000    C:0.55556    A:0.14815    G:0.29630
Average         T:0.14815    C:0.49383    A:0.17284    G:0.18519

#34: HarveysDuiker  
position  1:    T:0.14815    C:0.44444    A:0.18519    G:0.22222
position  2:    T:0.29630    C:0.48148    A:0.18519    G:0.03704
position  3:    T:0.11111    C:0.48148    A:0.11111    G:0.29630
Average         T:0.18519    C:0.46914    A:0.16049    G:0.18519

#35: Pronghorn      
position  1:    T:0.14815    C:0.44444    A:0.22222    G:0.18519
position  2:    T:0.29630    C:0.48148    A:0.18519    G:0.03704
position  3:    T:0.03704    C:0.55556    A:0.11111    G:0.29630
Average         T:0.16049    C:0.49383    A:0.17284    G:0.17284

#36: BlueWildebeest 
position  1:    T:0.14815    C:0.44444    A:0.18519    G:0.22222
position  2:    T:0.29630    C:0.48148    A:0.18519    G:0.03704
position  3:    T:0.07407    C:0.51852    A:0.11111    G:0.29630
Average         T:0.17284    C:0.48148    A:0.16049    G:0.18519

#37: Gemsbok        
position  1:    T:0.14815    C:0.44444    A:0.18519    G:0.22222
position  2:    T:0.29630    C:0.48148    A:0.18519    G:0.03704
position  3:    T:0.07407    C:0.51852    A:0.11111    G:0.29630
Average         T:0.17284    C:0.48148    A:0.16049    G:0.18519

#38: Yak            
position  1:    T:0.14815    C:0.44444    A:0.18519    G:0.22222
position  2:    T:0.29630    C:0.48148    A:0.18519    G:0.03704
position  3:    T:0.03704    C:0.55556    A:0.14815    G:0.25926
Average         T:0.16049    C:0.49383    A:0.17284    G:0.17284

#39: BlueSheep      
position  1:    T:0.14815    C:0.44444    A:0.18519    G:0.22222
position  2:    T:0.29630    C:0.48148    A:0.18519    G:0.03704
position  3:    T:0.07407    C:0.51852    A:0.11111    G:0.29630
Average         T:0.17284    C:0.48148    A:0.16049    G:0.18519

#40: BohorReedbuck  
position  1:    T:0.14815    C:0.44444    A:0.18519    G:0.22222
position  2:    T:0.29630    C:0.48148    A:0.18519    G:0.03704
position  3:    T:0.03704    C:0.55556    A:0.14815    G:0.25926
Average         T:0.16049    C:0.49383    A:0.17284    G:0.17284

#41: KirksDik       
position  1:    T:0.14815    C:0.44444    A:0.18519    G:0.22222
position  2:    T:0.29630    C:0.48148    A:0.18519    G:0.03704
position  3:    T:0.07407    C:0.51852    A:0.18519    G:0.22222
Average         T:0.17284    C:0.48148    A:0.18519    G:0.16049

#42: RoeDeer        
position  1:    T:0.14815    C:0.44444    A:0.22222    G:0.18519
position  2:    T:0.29630    C:0.48148    A:0.18519    G:0.03704
position  3:    T:0.03704    C:0.51852    A:0.11111    G:0.33333
Average         T:0.16049    C:0.48148    A:0.17284    G:0.18519

#43: WhiteLippedDeer
position  1:    T:0.14815    C:0.44444    A:0.22222    G:0.18519
position  2:    T:0.29630    C:0.48148    A:0.18519    G:0.03704
position  3:    T:0.00000    C:0.55556    A:0.11111    G:0.33333
Average         T:0.14815    C:0.49383    A:0.17284    G:0.18519

#44: ThomsonGazelle 
position  1:    T:0.14815    C:0.44444    A:0.18519    G:0.22222
position  2:    T:0.29630    C:0.48148    A:0.18519    G:0.03704
position  3:    T:0.11111    C:0.48148    A:0.11111    G:0.29630
Average         T:0.18519    C:0.46914    A:0.16049    G:0.18519

#45: MuntiacusCrinifrons
position  1:    T:0.14815    C:0.44444    A:0.18519    G:0.22222
position  2:    T:0.29630    C:0.48148    A:0.18519    G:0.03704
position  3:    T:0.00000    C:0.55556    A:0.11111    G:0.33333
Average         T:0.14815    C:0.49383    A:0.16049    G:0.19753

#46: WhiteTailedDeer
position  1:    T:0.14815    C:0.44444    A:0.18519    G:0.22222
position  2:    T:0.29630    C:0.48148    A:0.18519    G:0.03704
position  3:    T:0.00000    C:0.55556    A:0.11111    G:0.33333
Average         T:0.14815    C:0.49383    A:0.16049    G:0.19753

#47: Cattle         
position  1:    T:0.14815    C:0.44444    A:0.18519    G:0.22222
position  2:    T:0.29630    C:0.48148    A:0.18519    G:0.03704
position  3:    T:0.03704    C:0.55556    A:0.14815    G:0.25926
Average         T:0.16049    C:0.49383    A:0.17284    G:0.17284

#48: RoyalAntelope  
position  1:    T:0.14815    C:0.44444    A:0.18519    G:0.22222
position  2:    T:0.29630    C:0.48148    A:0.18519    G:0.03704
position  3:    T:0.07407    C:0.51852    A:0.14815    G:0.25926
Average         T:0.17284    C:0.48148    A:0.17284    G:0.17284

#49: Steenbok       
position  1:    T:0.14815    C:0.44444    A:0.18519    G:0.22222
position  2:    T:0.29630    C:0.48148    A:0.18519    G:0.03704
position  3:    T:0.07407    C:0.51852    A:0.11111    G:0.29630
Average         T:0.17284    C:0.48148    A:0.16049    G:0.18519

#50: Impala         
position  1:    T:0.14815    C:0.44444    A:0.18519    G:0.22222
position  2:    T:0.29630    C:0.48148    A:0.18519    G:0.03704
position  3:    T:0.07407    C:0.51852    A:0.11111    G:0.29630
Average         T:0.17284    C:0.48148    A:0.16049    G:0.18519

#51: Klipspringer   
position  1:    T:0.14815    C:0.44444    A:0.18519    G:0.22222
position  2:    T:0.29630    C:0.48148    A:0.18519    G:0.03704
