1
52 1
Argali 0.000000 0.207000 0.122400 0.128100 0.000200 0.000000 0.028900 0.000000 0.059100 0.123900 0.000100 0.029000 0.028900 0.000000 0.124200 0.000100 0.061000 0.062500 0.000000 0.059100 0.000000 0.029500 0.155900 0.029500 0.000000 0.000100 0.000000 0.122400 0.000200 0.058300 0.123900 0.000000 0.030800 0.000000 0.000000 0.000200 0.000000 0.000200 0.123000 0.128800 0.191300 0.000100 0.090500 0.417600 0.000200 0.028800 0.000000 0.028800 0.000200 0.029500 0.122400 0.059100
LesserMous 0.207000 0.000000 0.384900 0.381700 0.214200 0.207000 0.248600 0.207000 0.290800 0.271100 0.208100 0.249700 0.205900 0.207000 0.390200 0.205100 0.240600 0.248200 0.207000 0.290800 0.207000 0.252700 0.224500 0.239900 0.207000 0.205100 0.207000 0.384900 0.205400 0.288200 0.271100 0.207000 0.197800 0.207000 0.207000 0.207800 0.207000 0.214200 0.385500 0.380000 0.262500 0.205100 0.317000 0.431800 0.207800 0.244400 0.207000 0.278400 0.205700 0.240100 0.384900 0.290800
LesserKudu 0.122400 0.384900 0.000000 0.281300 0.128400 0.122400 0.156100 0.122400 0.058100 0.273800 0.122700 0.155100 0.157100 0.122400 0.265800 0.121800 0.201000 0.207500 0.122400 0.058100 0.122400 0.159400 0.311700 0.091600 0.122400 0.121800 0.122400 0.000000 0.122200 0.057200 0.273800 0.122400 0.168400 0.122400 0.122400 0.121700 0.122400 0.128400 0.154200 0.128900 0.355000 0.121800 0.232800 0.322800 0.121700 0.155800 0.122400 0.155000 0.121600 0.160900 0.000000 0.058100
KillerWhal 0.128100 0.381700 0.281300 0.000000 0.132200 0.128100 0.163600 0.128100 0.201300 0.120400 0.128700 0.164100 0.127500 0.128100 0.202100 0.127400 0.198000 0.203700 0.128100 0.201300 0.128100 0.166800 0.151700 0.158400 0.128100 0.127400 0.128100 0.281300 0.127800 0.198800 0.120400 0.128100 0.166200 0.128100 0.128100 0.128400 0.128100 0.132200 0.281600 0.272200 0.186400 0.127400 0.088000 0.440300 0.128400 0.161900 0.128100 0.188800 0.127300 0.158600 0.281300 0.201300
DefassaWat 0.000200 0.214200 0.128400 0.132200 0.000000 0.000200 0.031900 0.000200 0.061600 0.127200 0.000300 0.030300 0.031900 0.000200 0.132400 0.000300 0.061800 0.063900 0.000200 0.061600 0.000200 0.032700 0.159100 0.030400 0.000200 0.000300 0.000200 0.128400 0.000300 0.059900 0.127200 0.000200 0.031800 0.000200 0.000200 0.000300 0.000200 0.000000 0.129800 0.131300 0.196600 0.000300 0.092400 0.431800 0.000300 0.030400 0.000200 0.030500 0.000300 0.030200 0.128400 0.061600
Sheep 0.000000 0.207000 0.122400 0.128100 0.000200 0.000000 0.028900 0.000000 0.059100 0.123900 0.000100 0.029000 0.028900 0.000000 0.124200 0.000100 0.061000 0.062500 0.000000 0.059100 0.000000 0.029500 0.155900 0.029500 0.000000 0.000100 0.000000 0.122400 0.000200 0.058300 0.123900 0.000000 0.030800 0.000000 0.000000 0.000200 0.000000 0.000200 0.123000 0.128800 0.191300 0.000100 0.090500 0.417600 0.000200 0.028800 0.000000 0.028800 0.000200 0.029500 0.122400 0.059100
MaxwellsDu 0.028900 0.248600 0.156100 0.163600 0.031900 0.028900 0.000000 0.028900 0.090100 0.158200 0.029100 0.058800 0.058700 0.028900 0.158600 0.028900 0.087300 0.091200 0.028900 0.090100 0.028900 0.059900 0.191600 0.060000 0.028900 0.028900 0.028900 0.156100 0.029100 0.089100 0.158200 0.028900 0.062700 0.028900 0.028900 0.028900 0.028900 0.031900 0.088900 0.165100 0.229200 0.028900 0.123200 0.473100 0.028900 0.058500 0.028900 0.058500 0.028800 0.060000 0.156100 0.090100
GazellaPrz 0.000000 0.207000 0.122400 0.128100 0.000200 0.000000 0.028900 0.000000 0.059100 0.123900 0.000100 0.029000 0.028900 0.000000 0.124200 0.000100 0.061000 0.062500 0.000000 0.059100 0.000000 0.029500 0.155900 0.029500 0.000000 0.000100 0.000000 0.122400 0.000200 0.058300 0.123900 0.000000 0.030800 0.000000 0.000000 0.000200 0.000000 0.000200 0.123000 0.128800 0.191300 0.000100 0.090500 0.417600 0.000200 0.028800 0.000000 0.028800 0.000200 0.029500 0.122400 0.059100
MountainNy 0.059100 0.290800 0.058100 0.201300 0.061600 0.059100 0.090100 0.059100 0.000000 0.195800 0.059100 0.089600 0.090800 0.059100 0.191400 0.058800 0.128200 0.131900 0.059100 0.000000 0.059100 0.092300 0.230300 0.092700 0.059100 0.058800 0.059100 0.058100 0.059000 0.057800 0.195800 0.059100 0.096900 0.059100 0.059100 0.058800 0.059100 0.061600 0.122000 0.128900 0.269000 0.058800 0.158900 0.328000 0.058800 0.090100 0.059100 0.089600 0.058600 0.092800 0.058100 0.000000
MuntiacusM 0.123900 0.271100 0.273800 0.120400 0.127200 0.123900 0.158200 0.123900 0.195800 0.000000 0.123900 0.158500 0.123600 0.123900 0.193600 0.123100 0.191700 0.197000 0.123900 0.195800 0.123900 0.161200 0.026900 0.153500 0.123900 0.123100 0.123900 0.273800 0.123300 0.192500 0.000000 0.123900 0.161000 0.123900 0.123900 0.124200 0.123900 0.127200 0.272300 0.265800 0.054900 0.123100 0.026400 0.495500 0.124200 0.157500 0.123900 0.178600 0.123200 0.154000 0.273800 0.195800
goat 0.000100 0.208100 0.122700 0.128700 0.000300 0.000100 0.029100 0.000100 0.059100 0.123900 0.000000 0.029100 0.029100 0.000100 0.124900 0.000200 0.061100 0.062700 0.000100 0.059100 0.000100 0.029700 0.192600 0.029500 0.000100 0.000200 0.000100 0.122700 0.000300 0.058400 0.123900 0.000100 0.030900 0.000100 0.000100 0.000300 0.000100 0.000300 0.197000 0.129100 0.191800 0.000200 0.090500 0.416500 0.000300 0.028800 0.000100 0.028900 0.000300 0.029600 0.122700 0.059100
AfricanBuf 0.029000 0.249700 0.155100 0.164100 0.030300 0.029000 0.058800 0.029000 0.089600 0.158500 0.029100 0.000000 0.058900 0.029000 0.158400 0.028900 0.093500 0.095900 0.029000 0.089600 0.029000 0.060200 0.191900 0.060300 0.029000 0.028900 0.029000 0.155100 0.029100 0.089000 0.158500 0.029000 0.063000 0.029000 0.029000 0.028800 0.029000 0.030300 0.156700 0.127600 0.229400 0.028900 0.123500 0.470200 0.028800 0.058400 0.029000 0.058500 0.028800 0.029400 0.155100 0.089600
Topi 0.028900 0.205900 0.157100 0.127500 0.031900 0.028900 0.058700 0.028900 0.090800 0.123600 0.029100 0.058900 0.000000 0.028900 0.157400 0.029000 0.060700 0.062200 0.028900 0.090800 0.028900 0.060100 0.155400 0.029300 0.028900 0.029000 0.028900 0.157100 0.029100 0.089200 0.123600 0.028900 0.030700 0.028900 0.028900 0.028900 0.028900 0.031900 0.157400 0.128500 0.190700 0.029000 0.090300 0.416700 0.028900 0.058800 0.028900 0.058700 0.028800 0.029400 0.157100 0.090800
CommonDuik 0.000000 0.207000 0.122400 0.128100 0.000200 0.000000 0.028900 0.000000 0.059100 0.123900 0.000100 0.029000 0.028900 0.000000 0.124200 0.000100 0.061000 0.062500 0.000000 0.059100 0.000000 0.029500 0.155900 0.029500 0.000000 0.000100 0.000000 0.122400 0.000200 0.058300 0.123900 0.000000 0.030800 0.000000 0.000000 0.000200 0.000000 0.000200 0.123000 0.128800 0.191300 0.000100 0.090500 0.417600 0.000200 0.028800 0.000000 0.028800 0.000200 0.029500 0.122400 0.059100
Suni 0.124200 0.390200 0.265800 0.202100 0.132400 0.124200 0.158600 0.124200 0.191400 0.193600 0.124900 0.158400 0.157400 0.124200 0.000000 0.123500 0.199400 0.205600 0.124200 0.191400 0.124200 0.161600 0.229700 0.160500 0.124200 0.123500 0.124200 0.265800 0.123900 0.190700 0.193600 0.124200 0.168800 0.124200 0.124200 0.123900 0.124200 0.132400 0.270700 0.283600 0.271200 0.123500 0.156700 0.641200 0.123900 0.155900 0.124200 0.157100 0.123500 0.160300 0.265800 0.191400
Springbuck 0.000100 0.205100 0.121800 0.127400 0.000300 0.000100 0.028900 0.000100 0.058800 0.123100 0.000200 0.028900 0.029000 0.000100 0.123500 0.000000 0.060800 0.062300 0.000100 0.058800 0.000100 0.029600 0.154700 0.029300 0.000100 0.000000 0.000100 0.121800 0.000100 0.058000 0.123100 0.000100 0.030700 0.000100 0.000100 0.000300 0.000100 0.000300 0.122600 0.128000 0.189800 0.000000 0.090000 0.410000 0.000300 0.028700 0.000100 0.028700 0.000300 0.029500 0.121800 0.058800
Okapi 0.061000 0.240600 0.201000 0.198000 0.061800 0.061000 0.087300 0.061000 0.128200 0.191700 0.061100 0.093500 0.060700 0.061000 0.199400 0.060800 0.000000 0.000200 0.061000 0.128200 0.061000 0.095300 0.226500 0.090300 0.061000 0.060800 0.061000 0.201000 0.061200 0.126400 0.191700 0.061000 0.029600 0.061000 0.061000 0.061200 0.061000 0.061800 0.194800 0.235300 0.264900 0.060800 0.155300 0.471200 0.061200 0.092700 0.061000 0.108700 0.060700 0.090700 0.201000 0.128200
Giraffe 0.062500 0.248200 0.207500 0.203700 0.063900 0.062500 0.091200 0.062500 0.131900 0.197000 0.062700 0.095900 0.062200 0.062500 0.205600 0.062300 0.000200 0.000000 0.062500 0.131900 0.062500 0.097800 0.232300 0.092600 0.062500 0.062300 0.062500 0.207500 0.062700 0.130000 0.197000 0.062500 0.030200 0.062500 0.062500 0.062800 0.062500 0.063900 0.201700 0.242200 0.271500 0.062300 0.159400 0.479700 0.062800 0.095100 0.062500 0.115500 0.062200 0.093000 0.207500 0.131900
TibetanAnt 0.000000 0.207000 0.122400 0.128100 0.000200 0.000000 0.028900 0.000000 0.059100 0.123900 0.000100 0.029000 0.028900 0.000000 0.124200 0.000100 0.061000 0.062500 0.000000 0.059100 0.000000 0.029500 0.155900 0.029500 0.000000 0.000100 0.000000 0.122400 0.000200 0.058300 0.123900 0.000000 0.030800 0.000000 0.000000 0.000200 0.000000 0.000200 0.123000 0.128800 0.191300 0.000100 0.090500 0.417600 0.000200 0.028800 0.000000 0.028800 0.000200 0.029500 0.122400 0.059100
Sitatunga 0.059100 0.290800 0.058100 0.201300 0.061600 0.059100 0.090100 0.059100 0.000000 0.195800 0.059100 0.089600 0.090800 0.059100 0.191400 0.058800 0.128200 0.131900 0.059100 0.000000 0.059100 0.092300 0.230300 0.092700 0.059100 0.058800 0.059100 0.058100 0.059000 0.057800 0.195800 0.059100 0.096900 0.059100 0.059100 0.058800 0.059100 0.061600 0.122000 0.128900 0.269000 0.058800 0.158900 0.328000 0.058800 0.090100 0.059100 0.089600 0.058600 0.092800 0.058100 0.000000
Oribi 0.000000 0.207000 0.122400 0.128100 0.000200 0.000000 0.028900 0.000000 0.059100 0.123900 0.000100 0.029000 0.028900 0.000000 0.124200 0.000100 0.061000 0.062500 0.000000 0.059100 0.000000 0.029500 0.155900 0.029500 0.000000 0.000100 0.000000 0.122400 0.000200 0.058300 0.123900 0.000000 0.030800 0.000000 0.000000 0.000200 0.000000 0.000200 0.123000 0.128800 0.191300 0.000100 0.090500 0.417600 0.000200 0.028800 0.000000 0.028800 0.000200 0.029500 0.122400 0.059100
BarbaryShe 0.029500 0.252700 0.159400 0.166800 0.032700 0.029500 0.059900 0.029500 0.092300 0.161200 0.029700 0.060200 0.060100 0.029500 0.161600 0.029600 0.095300 0.097800 0.029500 0.092300 0.029500 0.000000 0.195000 0.061200 0.029500 0.029600 0.029500 0.159400 0.029700 0.090900 0.161200 0.029500 0.064200 0.029500 0.029500 0.029600 0.029500 0.032700 0.159800 0.167600 0.232400 0.029600 0.125500 0.479900 0.029600 0.059900 0.029500 0.059800 0.029500 0.061400 0.159400 0.092300
Daviddeer 0.155900 0.224500 0.311700 0.151700 0.159100 0.155900 0.191600 0.155900 0.230300 0.026900 0.192600 0.191900 0.155400 0.155900 0.229700 0.154700 0.226500 0.232300 0.155900 0.230300 0.155900 0.195000 0.000000 0.185500 0.155900 0.154700 0.155900 0.311700 0.155000 0.226700 0.026900 0.155900 0.194900 0.155900 0.155900 0.156200 0.155900 0.159100 0.311100 0.302600 0.026300 0.154700 0.055200 0.434800 0.156200 0.190800 0.155900 0.212300 0.155400 0.186400 0.311700 0.230300
Reindeer 0.029500 0.239900 0.091600 0.158400 0.030400 0.029500 0.060000 0.029500 0.092700 0.153500 0.029500 0.060300 0.029300 0.029500 0.160500 0.029300 0.090300 0.092600 0.029500 0.092700 0.029500 0.061200 0.185500 0.000000 0.029500 0.029300 0.029500 0.091600 0.029400 0.028900 0.153500 0.029500 0.060900 0.029500 0.029500 0.029600 0.029500 0.030400 0.160400 0.122700 0.221200 0.029300 0.119700 0.453300 0.029600 0.059500 0.029500 0.080400 0.029100 0.058300 0.091600 0.092700
Ibex 0.000000 0.207000 0.122400 0.128100 0.000200 0.000000 0.028900 0.000000 0.059100 0.123900 0.000100 0.029000 0.028900 0.000000 0.124200 0.000100 0.061000 0.062500 0.000000 0.059100 0.000000 0.029500 0.155900 0.029500 0.000000 0.000100 0.000000 0.122400 0.000200 0.058300 0.123900 0.000000 0.030800 0.000000 0.000000 0.000200 0.000000 0.000200 0.123000 0.128800 0.191300 0.000100 0.090500 0.417600 0.000200 0.028800 0.000000 0.028800 0.000200 0.029500 0.122400 0.059100
GyrantGaze 0.000100 0.205100 0.121800 0.127400 0.000300 0.000100 0.028900 0.000100 0.058800 0.123100 0.000200 0.028900 0.029000 0.000100 0.123500 0.000000 0.060800 0.062300 0.000100 0.058800 0.000100 0.029600 0.154700 0.029300 0.000100 0.000000 0.000100 0.121800 0.000100 0.058000 0.123100 0.000100 0.030700 0.000100 0.000100 0.000300 0.000100 0.000300 0.122600 0.128000 0.189800 0.000000 0.090000 0.410000 0.000300 0.028700 0.000100 0.028700 0.000300 0.029500 0.121800 0.058800
Hartebeest 0.000000 0.207000 0.122400 0.128100 0.000200 0.000000 0.028900 0.000000 0.059100 0.123900 0.000100 0.029000 0.028900 0.000000 0.124200 0.000100 0.061000 0.062500 0.000000 0.059100 0.000000 0.029500 0.155900 0.029500 0.000000 0.000100 0.000000 0.122400 0.000200 0.058300 0.123900 0.000000 0.030800 0.000000 0.000000 0.000200 0.000000 0.000200 0.123000 0.128800 0.191300 0.000100 0.090500 0.417600 0.000200 0.028800 0.000000 0.028800 0.000200 0.029500 0.122400 0.059100
Bongo 0.122400 0.384900 0.000000 0.281300 0.128400 0.122400 0.156100 0.122400 0.058100 0.273800 0.122700 0.155100 0.157100 0.122400 0.265800 0.121800 0.201000 0.207500 0.122400 0.058100 0.122400 0.159400 0.311700 0.091600 0.122400 0.121800 0.122400 0.000000 0.122200 0.057200 0.273800 0.122400 0.168400 0.122400 0.122400 0.121700 0.122400 0.128400 0.154200 0.128900 0.355000 0.121800 0.232800 0.322800 0.121700 0.155800 0.122400 0.155000 0.121600 0.160900 0.000000 0.058100
Gerenuk 0.000200 0.205400 0.122200 0.127800 0.000300 0.000200 0.029100 0.000200 0.059000 0.123300 0.000300 0.029100 0.029100 0.000200 0.123900 0.000100 0.061200 0.062700 0.000200 0.059000 0.000200 0.029700 0.155000 0.029400 0.000200 0.000100 0.000200 0.122200 0.000000 0.058200 0.123300 0.000200 0.030900 0.000200 0.000200 0.000300 0.000200 0.000300 0.123500 0.128800 0.191200 0.000100 0.090100 0.410000 0.000300 0.028700 0.000200 0.028900 0.000300 0.029700 0.122200 0.059000
CommonElan 0.058300 0.288200 0.057200 0.198800 0.059900 0.058300 0.089100 0.058300 0.057800 0.192500 0.058400 0.089000 0.089200 0.058300 0.190700 0.058000 0.126400 0.130000 0.058300 0.057800 0.058300 0.090900 0.226700 0.028900 0.058300 0.058000 0.058300 0.057200 0.058200 0.000000 0.192500 0.058300 0.095400 0.058300 0.058300 0.058300 0.058300 0.059900 0.120400 0.127000 0.265400 0.058000 0.156200 0.411600 0.058300 0.088400 0.058300 0.088500 0.057900 0.091200 0.057200 0.057800
MuntiacusR 0.123900 0.271100 0.273800 0.120400 0.127200 0.123900 0.158200 0.123900 0.195800 0.000000 0.123900 0.158500 0.123600 0.123900 0.193600 0.123100 0.191700 0.197000 0.123900 0.195800 0.123900 0.161200 0.026900 0.153500 0.123900 0.123100 0.123900 0.273800 0.123300 0.192500 0.000000 0.123900 0.161000 0.123900 0.123900 0.124200 0.123900 0.127200 0.272300 0.265800 0.054900 0.123100 0.027400 0.495500 0.124200 0.157500 0.123900 0.178600 0.123200 0.154000 0.273800 0.195800
HarveysDui 0.000000 0.207000 0.122400 0.128100 0.000200 0.000000 0.028900 0.000000 0.059100 0.123900 0.000100 0.029000 0.028900 0.000000 0.124200 0.000100 0.061000 0.062500 0.000000 0.059100 0.000000 0.029500 0.155900 0.029500 0.000000 0.000100 0.000000 0.122400 0.000200 0.058300 0.123900 0.000000 0.030800 0.000000 0.000000 0.000200 0.000000 0.000200 0.123000 0.128800 0.191300 0.000100 0.090500 0.417600 0.000200 0.028800 0.000000 0.028800 0.000200 0.029500 0.122400 0.059100
Pronghorn 0.030800 0.197800 0.168400 0.166200 0.031800 0.030800 0.062700 0.030800 0.096900 0.161000 0.030900 0.063000 0.030700 0.030800 0.168800 0.030700 0.029600 0.030200 0.030800 0.096900 0.030800 0.064200 0.194900 0.060900 0.030800 0.030700 0.030800 0.168400 0.030900 0.095400 0.161000 0.030800 0.000000 0.030800 0.030800 0.031000 0.030800 0.031800 0.167900 0.202900 0.232400 0.030700 0.125400 0.435300 0.031000 0.062400 0.030800 0.080700 0.030700 0.061100 0.168400 0.096900
BlueWildeb 0.000000 0.207000 0.122400 0.128100 0.000200 0.000000 0.028900 0.000000 0.059100 0.123900 0.000100 0.029000 0.028900 0.000000 0.124200 0.000100 0.061000 0.062500 0.000000 0.059100 0.000000 0.029500 0.155900 0.029500 0.000000 0.000100 0.000000 0.122400 0.000200 0.058300 0.123900 0.000000 0.030800 0.000000 0.000000 0.000200 0.000000 0.000200 0.123000 0.128800 0.191300 0.000100 0.090500 0.417600 0.000200 0.028800 0.000000 0.028800 0.000200 0.029500 0.122400 0.059100
Gemsbok 0.000000 0.207000 0.122400 0.128100 0.000200 0.000000 0.028900 0.000000 0.059100 0.123900 0.000100 0.029000 0.028900 0.000000 0.124200 0.000100 0.061000 0.062500 0.000000 0.059100 0.000000 0.029500 0.155900 0.029500 0.000000 0.000100 0.000000 0.122400 0.000200 0.058300 0.123900 0.000000 0.030800 0.000000 0.000000 0.000200 0.000000 0.000200 0.123000 0.128800 0.191300 0.000100 0.090500 0.417600 0.000200 0.028800 0.000000 0.028800 0.000200 0.029500 0.122400 0.059100
Yak 0.000200 0.207800 0.121700 0.128400 0.000300 0.000200 0.028900 0.000200 0.058800 0.124200 0.000300 0.028800 0.028900 0.000200 0.123900 0.000300 0.061200 0.062800 0.000200 0.058800 0.000200 0.029600 0.156200 0.029600 0.000200 0.000300 0.000200 0.121700 0.000300 0.058300 0.124200 0.000200 0.031000 0.000200 0.000200 0.000000 0.000200 0.000300 0.122600 0.128400 0.191600 0.000300 0.090700 0.415200 0.000000 0.028600 0.000200 0.028800 0.000300 0.029700 0.121700 0.058800
BlueSheep 0.000000 0.207000 0.122400 0.128100 0.000200 0.000000 0.028900 0.000000 0.059100 0.123900 0.000100 0.029000 0.028900 0.000000 0.124200 0.000100 0.061000 0.062500 0.000000 0.059100 0.000000 0.029500 0.155900 0.029500 0.000000 0.000100 0.000000 0.122400 0.000200 0.058300 0.123900 0.000000 0.030800 0.000000 0.000000 0.000200 0.000000 0.000200 0.123000 0.128800 0.191300 0.000100 0.090500 0.417600 0.000200 0.028800 0.000000 0.028800 0.000200 0.029500 0.122400 0.059100
BohorReedb 0.000200 0.214200 0.128400 0.132200 0.000000 0.000200 0.031900 0.000200 0.061600 0.127200 0.000300 0.030300 0.031900 0.000200 0.132400 0.000300 0.061800 0.063900 0.000200 0.061600 0.000200 0.032700 0.159100 0.030400 0.000200 0.000300 0.000200 0.128400 0.000300 0.059900 0.127200 0.000200 0.031800 0.000200 0.000200 0.000300 0.000200 0.000000 0.129800 0.131300 0.196600 0.000300 0.092400 0.431800 0.000300 0.030400 0.000200 0.030500 0.000300 0.030200 0.128400 0.061600
KirksDik 0.123000 0.385500 0.154200 0.281600 0.129800 0.123000 0.088900 0.123000 0.122000 0.272300 0.197000 0.156700 0.157400 0.123000 0.270700 0.122600 0.194800 0.201700 0.123000 0.122000 0.123000 0.159800 0.311100 0.160400 0.123000 0.122600 0.123000 0.154200 0.123500 0.120400 0.272300 0.123000 0.167900 0.123000 0.123000 0.122600 0.123000 0.129800 0.000000 0.288700 0.273500 0.122600 0.231600 0.472100 0.122600 0.155900 0.123000 0.155900 0.122000 0.160100 0.154200 0.122000
RoeDeer 0.128800 0.380000 0.128900 0.272200 0.131300 0.128800 0.165100 0.128800 0.128900 0.265800 0.129100 0.127600 0.128500 0.128800 0.283600 0.128000 0.235300 0.242200 0.128800 0.128900 0.128800 0.167600 0.302600 0.122700 0.128800 0.128000 0.128800 0.128900 0.128800 0.127000 0.265800 0.128800 0.202900 0.128800 0.128800 0.128400 0.128800 0.131300 0.288700 0.000000 0.348700 0.128000 0.226600 0.507200 0.128400 0.163800 0.128800 0.181300 0.128200 0.155600 0.128900 0.128900
WhiteLippe 0.191300 0.262500 0.355000 0.186400 0.196600 0.191300 0.229200 0.191300 0.269000 0.054900 0.191800 0.229400 0.190700 0.191300 0.271200 0.189800 0.264900 0.271500 0.191300 0.269000 0.191300 0.232400 0.026300 0.221200 0.191300 0.189800 0.191300 0.355000 0.191200 0.265400 0.054900 0.191300 0.232400 0.191300 0.191300 0.191600 0.191300 0.196600 0.273500 0.348700 0.000000 0.189800 0.084600 0.490200 0.191600 0.227600 0.191300 0.254300 0.190700 0.222000 0.355000 0.269000
ThomsonGaz 0.000100 0.205100 0.121800 0.127400 0.000300 0.000100 0.028900 0.000100 0.058800 0.123100 0.000200 0.028900 0.029000 0.000100 0.123500 0.000000 0.060800 0.062300 0.000100 0.058800 0.000100 0.029600 0.154700 0.029300 0.000100 0.000000 0.000100 0.121800 0.000100 0.058000 0.123100 0.000100 0.030700 0.000100 0.000100 0.000300 0.000100 0.000300 0.122600 0.128000 0.189800 0.000000 0.090000 0.410000 0.000300 0.028700 0.000100 0.028700 0.000300 0.029500 0.121800 0.058800
MuntiacusC 0.090500 0.317000 0.232800 0.088000 0.092400 0.090500 0.123200 0.090500 0.158900 0.026400 0.090500 0.123500 0.090300 0.090500 0.156700 0.090000 0.155300 0.159400 0.090500 0.158900 0.090500 0.125500 0.055200 0.119700 0.090500 0.090000 0.090500 0.232800 0.090100 0.156200 0.027400 0.090500 0.125400 0.090500 0.090500 0.090700 0.090500 0.092400 0.231600 0.226600 0.084600 0.090000 0.000000 0.444300 0.090700 0.122800 0.090500 0.141200 0.090000 0.120100 0.232800 0.158900
WhiteTaile 0.417600 0.431800 0.322800 0.440300 0.431800 0.417600 0.473100 0.417600 0.328000 0.495500 0.416500 0.470200 0.416700 0.417600 0.641200 0.410000 0.471200 0.479700 0.417600 0.328000 0.417600 0.479900 0.434800 0.453300 0.417600 0.410000 0.417600 0.322800 0.410000 0.411600 0.495500 0.417600 0.435300 0.417600 0.417600 0.415200 0.417600 0.431800 0.472100 0.507200 0.490200 0.410000 0.444300 0.000000 0.415200 0.481700 0.417600 0.505000 0.423100 0.466200 0.322800 0.328000
Cattle 0.000200 0.207800 0.121700 0.128400 0.000300 0.000200 0.028900 0.000200 0.058800 0.124200 0.000300 0.028800 0.028900 0.000200 0.123900 0.000300 0.061200 0.062800 0.000200 0.058800 0.000200 0.029600 0.156200 0.029600 0.000200 0.000300 0.000200 0.121700 0.000300 0.058300 0.124200 0.000200 0.031000 0.000200 0.000200 0.000000 0.000200 0.000300 0.122600 0.128400 0.191600 0.000300 0.090700 0.415200 0.000000 0.028600 0.000200 0.028800 0.000300 0.029700 0.121700 0.058800
RoyalAntel 0.028800 0.244400 0.155800 0.161900 0.030400 0.028800 0.058500 0.028800 0.090100 0.157500 0.028800 0.058400 0.058800 0.028800 0.155900 0.028700 0.092700 0.095100 0.028800 0.090100 0.028800 0.059900 0.190800 0.059500 0.028800 0.028700 0.028800 0.155800 0.028700 0.088400 0.157500 0.028800 0.062400 0.028800 0.028800 0.028600 0.028800 0.030400 0.155900 0.163800 0.227600 0.028700 0.122800 0.481700 0.028600 0.000000 0.028800 0.058200 0.028700 0.059800 0.155800 0.090100
Steenbok 0.000000 0.207000 0.122400 0.128100 0.000200 0.000000 0.028900 0.000000 0.059100 0.123900 0.000100 0.029000 0.028900 0.000000 0.124200 0.000100 0.061000 0.062500 0.000000 0.059100 0.000000 0.029500 0.155900 0.029500 0.000000 0.000100 0.000000 0.122400 0.000200 0.058300 0.123900 0.000000 0.030800 0.000000 0.000000 0.000200 0.000000 0.000200 0.123000 0.128800 0.191300 0.000100 0.090500 0.417600 0.000200 0.028800 0.000000 0.028800 0.000200 0.029500 0.122400 0.059100
Impala 0.028800 0.278400 0.155000 0.188800 0.030500 0.028800 0.058500 0.028800 0.089600 0.178600 0.028900 0.058500 0.058700 0.028800 0.157100 0.028700 0.108700 0.115500 0.028800 0.089600 0.028800 0.059800 0.212300 0.080400 0.028800 0.028700 0.028800 0.155000 0.028900 0.088500 0.178600 0.028800 0.080700 0.028800 0.028800 0.028800 0.028800 0.030500 0.155900 0.181300 0.254300 0.028700 0.141200 0.505000 0.028800 0.058200 0.028800 0.000000 0.028700 0.075700 0.155000 0.089600
Klipspring 0.000200 0.205700 0.121600 0.127300 0.000300 0.000200 0.028800 0.000200 0.058600 0.123200 0.000300 0.028800 0.028800 0.000200 0.123500 0.000300 0.060700 0.062200 0.000200 0.058600 0.000200 0.029500 0.155400 0.029100 0.000200 0.000300 0.000200 0.121600 0.000300 0.057900 0.123200 0.000200 0.030700 0.000200 0.000200 0.000300 0.000200 0.000300 0.122000 0.128200 0.190700 0.000300 0.090000 0.423100 0.000300 0.028700 0.000200 0.028700 0.000000 0.029400 0.121600 0.058600
ForestMusk 0.029500 0.240100 0.160900 0.158600 0.030200 0.029500 0.060000 0.029500 0.092800 0.154000 0.029600 0.029400 0.029400 0.029500 0.160300 0.029500 0.090700 0.093000 0.029500 0.092800 0.029500 0.061400 0.186400 0.058300 0.029500 0.029500 0.029500 0.160900 0.029700 0.091200 0.154000 0.029500 0.061100 0.029500 0.029500 0.029700 0.029500 0.030200 0.160100 0.155600 0.222000 0.029500 0.120100 0.466200 0.029700 0.059800 0.029500 0.075700 0.029400 0.000000 0.160900 0.092800
Bushbuck 0.122400 0.384900 0.000000 0.281300 0.128400 0.122400 0.156100 0.122400 0.058100 0.273800 0.122700 0.155100 0.157100 0.122400 0.265800 0.121800 0.201000 0.207500 0.122400 0.058100 0.122400 0.159400 0.311700 0.091600 0.122400 0.121800 0.122400 0.000000 0.122200 0.057200 0.273800 0.122400 0.168400 0.122400 0.122400 0.121700 0.122400 0.128400 0.154200 0.128900 0.355000 0.121800 0.232800 0.322800 0.121700 0.155800 0.122400 0.155000 0.121600 0.160900 0.000000 0.058100
GreaterKud 0.059100 0.290800 0.058100 0.201300 0.061600 0.059100 0.090100 0.059100 0.000000 0.195800 0.059100 0.089600 0.090800 0.059100 0.191400 0.058800 0.128200 0.131900 0.059100 0.000000 0.059100 0.092300 0.230300 0.092700 0.059100 0.058800 0.059100 0.058100 0.059000 0.057800 0.195800 0.059100 0.096900 0.059100 0.059100 0.058800 0.059100 0.061600 0.122000 0.128900 0.269000 0.058800 0.158900 0.328000 0.058800 0.090100 0.059100 0.089600 0.058600 0.092800 0.058100 0.000000
