CODONML (in paml version 4.10.7, June 2023)  /home/rachel/ruminants_paml/6406-phy-tree/ENSBTAT00000000445.fasta.phy
Model: free dN/dS Ratios for branches,  kappa = 2.000 fixed

Codon frequency model: F3x4
ns =  54  ls =  58

Codon usage in sequences
--------------------------------------------------------------------------------------------------------------------------------------
Phe TTT   3   2   3   3   2   2 | Ser TCT   2   3   2   1   2   2 | Tyr TAT   0   0   0   0   0   0 | Cys TGT   1   1   1   1   1   0
    TTC   0   0   0   0   1   1 |     TCC   1   1   1   1   1   1 |     TAC   0   0   0   0   0   0 |     TGC   0   0   0   0   0   1
Leu TTA   0   0   0   0   0   0 |     TCA   1   1   1   0   0   1 | *** TAA   0   0   0   0   0   0 | *** TGA   0   0   0   0   0   0
    TTG   0   0   0   0   0   0 |     TCG   0   0   0   2   1   0 |     TAG   0   0   0   0   0   0 | Trp TGG   1   1   1   1   1   1
--------------------------------------------------------------------------------------------------------------------------------------
Leu CTT   0   0   0   0   0   0 | Pro CCT   4   5   5   5   4   5 | His CAT   0   0   0   0   0   0 | Arg CGT   0   0   0   0   0   0
    CTC   0   0   0   0   0   0 |     CCC   1   0   0   0   1   0 |     CAC   1   1   1   1   1   1 |     CGC   0   0   0   0   0   0
    CTA   0   0   0   0   0   0 |     CCA   2   2   0   3   3   2 | Gln CAA   1   1   2   2   2   1 |     CGA   0   0   0   0   0   0
    CTG   0   0   0   0   0   0 |     CCG   1   1   2   1   2   0 |     CAG   1   1   1   0   0   2 |     CGG   0   0   0   0   0   0
--------------------------------------------------------------------------------------------------------------------------------------
Ile ATT   0   0   0   0   0   0 | Thr ACT   0   0   0   0   0   0 | Asn AAT   1   1   1   1   1   1 | Ser AGT   2   1   1   1   1   1
    ATC   1   1   1   1   1   1 |     ACC   1   1   1   1   1   1 |     AAC   3   3   3   3   3   3 |     AGC   1   2   2   2   2   2
    ATA   1   1   1   0   1   1 |     ACA   1   1   0   0   0   2 | Lys AAA   3   3   3   2   2   3 | Arg AGA   0   0   0   1   0   0
Met ATG   1   1   1   1   1   1 |     ACG   1   1   1   1   0   0 |     AAG   1   1   1   1   2   1 |     AGG   0   0   0   0   0   0
--------------------------------------------------------------------------------------------------------------------------------------
Val GTT   3   3   3   3   3   3 | Ala GCT   1   0   1   1   1   1 | Asp GAT   2   2   2   1   2   2 | Gly GGT   1   1   1   0   2   1
    GTC   0   0   0   0   0   0 |     GCC   0   0   0   0   0   0 |     GAC   3   3   3   4   2   3 |     GGC   1   1   1   2   1   1
    GTA   1   1   1   0   1   1 |     GCA   0   0   1   0   0   0 | Glu GAA   2   2   2   2   3   2 |     GGA   1   1   1   1   1   1
    GTG   1   0   1   3   1   1 |     GCG   0   2   0   0   0   0 |     GAG   5   5   5   5   4   5 |     GGG   0   0   0   0   0   0
--------------------------------------------------------------------------------------------------------------------------------------

--------------------------------------------------------------------------------------------------------------------------------------
Phe TTT   3   3   3   3   3   3 | Ser TCT   3   2   1   2   2   2 | Tyr TAT   0   0   0   0   0   0 | Cys TGT   1   1   1   1   1   0
    TTC   0   0   0   0   0   0 |     TCC   0   1   2   1   1   1 |     TAC   0   0   0   0   0   0 |     TGC   0   0   0   0   0   1
Leu TTA   0   0   0   0   0   0 |     TCA   1   1   1   1   1   1 | *** TAA   0   0   0   0   0   0 | *** TGA   0   0   0   0   0   0
    TTG   0   0   0   0   0   0 |     TCG   0   0   0   0   0   0 |     TAG   0   0   0   0   0   0 | Trp TGG   1   1   1   1   1   1
--------------------------------------------------------------------------------------------------------------------------------------
Leu CTT   0   0   0   0   0   0 | Pro CCT   4   4   4   4   5   5 | His CAT   0   0   0   0   0   0 | Arg CGT   0   0   0   0   0   0
    CTC   0   0   0   0   0   0 |     CCC   1   1   1   1   0   0 |     CAC   1   1   1   1   1   1 |     CGC   0   0   0   0   0   0
    CTA   0   0   0   0   0   0 |     CCA   2   2   2   2   0   2 | Gln CAA   1   1   1   1   2   1 |     CGA   0   0   0   0   0   0
    CTG   0   0   0   0   0   0 |     CCG   1   1   1   1   2   1 |     CAG   1   1   1   1   1   1 |     CGG   0   0   0   0   0   0
--------------------------------------------------------------------------------------------------------------------------------------
Ile ATT   0   0   0   0   0   0 | Thr ACT   0   0   0   0   0   0 | Asn AAT   1   1   0   1   1   1 | Ser AGT   1   2   1   1   1   1
    ATC   1   1   1   1   1   0 |     ACC   1   1   1   1   1   1 |     AAC   3   3   4   3   3   3 |     AGC   2   1   2   2   2   2
    ATA   1   1   1   0   1   1 |     ACA   0   1   1   1   0   1 | Lys AAA   3   3   3   3   3   2 | Arg AGA   0   0   0   0   0   0
Met ATG   1   1   1   1   1   1 |     ACG   1   1   1   1   1   1 |     AAG   1   1   1   1   1   2 |     AGG   0   0   0   0   0   0
--------------------------------------------------------------------------------------------------------------------------------------
Val GTT   3   3   3   3   3   3 | Ala GCT   1   1   1   1   1   1 | Asp GAT   2   2   2   3   2   2 | Gly GGT   1   1   1   1   1   1
    GTC   0   0   0   0   0   1 |     GCC   0   0   0   0   0   0 |     GAC   3   3   3   2   3   3 |     GGC   1   1   1   1   1   1
    GTA   1   1   1   2   1   1 |     GCA   1   0   0   0   1   0 | Glu GAA   2   2   2   3   2   2 |     GGA   1   1   1   1   1   1
    GTG   1   1   1   1   1   1 |     GCG   0   0   0   0   0   0 |     GAG   5   5   5   4   5   5 |     GGG   0   0   0   0   0   0
--------------------------------------------------------------------------------------------------------------------------------------

--------------------------------------------------------------------------------------------------------------------------------------
Phe TTT   3   3   3   3   3   3 | Ser TCT   2   2   2   2   2   2 | Tyr TAT   0   0   0   0   0   0 | Cys TGT   1   1   1   1   1   1
    TTC   0   0   0   0   0   0 |     TCC   1   1   1   1   1   1 |     TAC   0   0   0   0   0   0 |     TGC   0   0   0   0   0   0
Leu TTA   0   0   0   0   0   0 |     TCA   1   1   1   1   1   1 | *** TAA   0   0   0   0   0   0 | *** TGA   0   0   0   0   0   0
    TTG   0   0   0   0   0   0 |     TCG   0   0   0   0   0   0 |     TAG   0   0   0   0   0   0 | Trp TGG   1   1   1   1   1   1
--------------------------------------------------------------------------------------------------------------------------------------
Leu CTT   0   0   0   0   0   0 | Pro CCT   4   5   4   4   5   4 | His CAT   0   0   0   0   0   0 | Arg CGT   0   0   0   0   0   0
    CTC   0   0   0   0   1   0 |     CCC   1   0   1   1   0   1 |     CAC   1   1   1   1   1   1 |     CGC   0   0   0   0   0   0
    CTA   0   0   0   0   0   0 |     CCA   2   2   2   2   2   2 | Gln CAA   1   1   1   1   1   1 |     CGA   0   0   0   0   0   0
    CTG   0   0   0   0   0   0 |     CCG   1   1   1   1   1   1 |     CAG   1   1   1   1   1   1 |     CGG   0   0   0   0   0   0
--------------------------------------------------------------------------------------------------------------------------------------
Ile ATT   0   0   0   0   0   0 | Thr ACT   0   0   0   0   0   0 | Asn AAT   1   1   1   0   1   1 | Ser AGT   1   1   1   1   1   1
    ATC   1   1   1   1   0   1 |     ACC   1   1   1   1   1   1 |     AAC   3   3   3   4   2   3 |     AGC   2   2   2   2   3   2
    ATA   1   1   1   1   1   1 |     ACA   1   1   1   1   0   1 | Lys AAA   3   3   3   3   2   3 | Arg AGA   0   0   0   0   0   0
Met ATG   1   1   1   1   1   1 |     ACG   1   0   1   1   1   1 |     AAG   1   1   1   1   2   1 |     AGG   0   0   0   0   0   0
--------------------------------------------------------------------------------------------------------------------------------------
Val GTT   3   3   3   3   2   3 | Ala GCT   1   1   1   1   1   1 | Asp GAT   2   2   2   2   2   3 | Gly GGT   1   1   1   1   0   1
    GTC   0   0   0   0   1   0 |     GCC   0   0   0   0   0   0 |     GAC   3   3   3   3   3   2 |     GGC   1   1   1   1   2   1
    GTA   1   1   1   1   1   1 |     GCA   0   1   0   0   1   0 | Glu GAA   2   2   2   2   2   2 |     GGA   1   1   0   1   1   1
    GTG   1   1   1   1   1   1 |     GCG   0   0   0   0   0   0 |     GAG   5   5   5   5   5   5 |     GGG   0   0   1   0   0   0
--------------------------------------------------------------------------------------------------------------------------------------

--------------------------------------------------------------------------------------------------------------------------------------
Phe TTT   3   3   3   3   3   3 | Ser TCT   2   2   2   2   2   2 | Tyr TAT   0   0   0   0   0   0 | Cys TGT   1   1   1   1   1   1
    TTC   0   0   0   0   0   0 |     TCC   1   1   1   1   1   1 |     TAC   0   0   0   0   0   0 |     TGC   0   0   0   0   0   0
Leu TTA   0   0   0   0   0   0 |     TCA   1   1   1   1   1   1 | *** TAA   0   0   0   0   0   0 | *** TGA   0   0   0   0   0   0
    TTG   0   0   0   0   0   0 |     TCG   1   0   0   0   0   0 |     TAG   0   0   0   0   0   0 | Trp TGG   1   1   1   1   1   1
--------------------------------------------------------------------------------------------------------------------------------------
Leu CTT   0   0   0   0   0   0 | Pro CCT   4   4   4   5   4   3 | His CAT   0   0   0   0   0   0 | Arg CGT   0   0   0   0   0   0
    CTC   0   0   0   0   0   0 |     CCC   1   1   1   0   1   1 |     CAC   1   1   1   1   1   1 |     CGC   0   0   0   0   0   0
    CTA   0   0   0   0   0   0 |     CCA   2   1   2   0   2   3 | Gln CAA   2   2   1   2   1   1 |     CGA   0   0   0   0   0   0
    CTG   0   0   0   0   0   0 |     CCG   0   2   1   2   1   1 |     CAG   0   0   1   1   1   1 |     CGG   0   0   0   0   0   0
--------------------------------------------------------------------------------------------------------------------------------------
Ile ATT   0   0   0   0   0   0 | Thr ACT   0   0   0   0   0   0 | Asn AAT   1   1   1   1   1   1 | Ser AGT   1   1   1   1   1   1
    ATC   1   1   1   1   1   1 |     ACC   1   1   1   1   1   1 |     AAC   3   3   3   3   3   3 |     AGC   2   2   2   2   2   2
    ATA   1   1   1   1   1   1 |     ACA   1   1   1   0   1   1 | Lys AAA   3   3   3   3   3   3 | Arg AGA   0   0   0   0   0   0
Met ATG   1   1   1   1   1   1 |     ACG   1   1   1   1   1   1 |     AAG   1   1   1   1   1   1 |     AGG   0   0   0   0   0   0
--------------------------------------------------------------------------------------------------------------------------------------
Val GTT   3   3   3   3   3   3 | Ala GCT   1   1   1   1   1   1 | Asp GAT   2   3   2   2   3   2 | Gly GGT   1   1   1   1   1   1
    GTC   0   0   0   0   0   0 |     GCC   0   0   0   0   0   0 |     GAC   3   2   3   3   2   3 |     GGC   1   1   1   1   1   1
    GTA   1   1   1   1   1   1 |     GCA   0   0   0   1   0   0 | Glu GAA   2   2   2   2   1   2 |     GGA   1   1   1   1   1   1
    GTG   1   1   1   1   1   1 |     GCG   0   0   0   0   0   0 |     GAG   5   5   5   5   6   5 |     GGG   0   0   0   0   0   0
--------------------------------------------------------------------------------------------------------------------------------------

--------------------------------------------------------------------------------------------------------------------------------------
Phe TTT   3   3   3   3   3   3 | Ser TCT   2   2   2   2   2   2 | Tyr TAT   0   0   0   0   0   0 | Cys TGT   1   1   1   1   1   1
    TTC   0   0   0   0   0   0 |     TCC   1   1   1   1   1   1 |     TAC   0   0   0   0   0   0 |     TGC   0   0   0   0   0   0
Leu TTA   0   0   0   0   0   0 |     TCA   1   1   1   1   1   1 | *** TAA   0   0   0   0   0   0 | *** TGA   0   0   0   0   0   0
    TTG   0   0   0   0   0   0 |     TCG   0   0   0   0   0   0 |     TAG   0   0   0   0   0   0 | Trp TGG   1   1   1   1   1   1
--------------------------------------------------------------------------------------------------------------------------------------
Leu CTT   0   0   0   0   0   0 | Pro CCT   5   5   4   4   4   5 | His CAT   0   0   0   0   0   0 | Arg CGT   0   0   0   0   0   0
    CTC   0   0   0   0   0   0 |     CCC   0   0   1   1   1   0 |     CAC   1   1   1   1   1   1 |     CGC   0   0   0   0   0   0
    CTA   0   0   0   0   0   0 |     CCA   2   2   2   2   2   0 | Gln CAA   2   2   1   1   1   2 |     CGA   0   0   0   0   0   0
    CTG   0   0   0   0   0   0 |     CCG   1   1   1   1   1   2 |     CAG   0   0   1   1   1   1 |     CGG   0   0   0   0   0   0
--------------------------------------------------------------------------------------------------------------------------------------
Ile ATT   0   0   0   0   0   0 | Thr ACT   0   0   0   0   0   0 | Asn AAT   1   1   1   1   1   1 | Ser AGT   1   1   1   1   1   1
    ATC   0   0   1   1   1   1 |     ACC   1   1   1   1   1   1 |     AAC   3   3   3   3   3   3 |     AGC   2   2   2   2   2   2
    ATA   1   1   1   1   1   1 |     ACA   1   1   1   1   1   0 | Lys AAA   3   3   3   3   3   3 | Arg AGA   0   0   0   0   0   0
Met ATG   1   1   1   1   1   1 |     ACG   1   1   1   1   1   1 |     AAG   1   1   1   1   1   1 |     AGG   0   0   0   0   0   0
--------------------------------------------------------------------------------------------------------------------------------------
Val GTT   3   3   3   3   3   3 | Ala GCT   1   1   1   1   1   1 | Asp GAT   2   2   2   3   2   2 | Gly GGT   1   1   1   1   1   1
    GTC   1   1   0   0   0   0 |     GCC   0   0   0   0   0   0 |     GAC   3   3   3   2   3   3 |     GGC   1   1   1   1   1   1
    GTA   1   1   1   1   1   1 |     GCA   0   0   0   0   0   1 | Glu GAA   2   3   2   2   2   2 |     GGA   1   1   1   1   0   1
    GTG   1   1   1   1   1   1 |     GCG   0   0   0   0   0   0 |     GAG   5   4   5   5   5   5 |     GGG   0   0   0   0   1   0
--------------------------------------------------------------------------------------------------------------------------------------

--------------------------------------------------------------------------------------------------------------------------------------
Phe TTT   3   3   3   3   3   3 | Ser TCT   2   2   2   2   2   2 | Tyr TAT   0   0   0   0   0   0 | Cys TGT   1   1   0   1   1   1
    TTC   0   0   0   0   0   0 |     TCC   1   1   1   1   1   1 |     TAC   0   0   0   0   0   0 |     TGC   0   0   1   0   0   0
Leu TTA   0   0   0   0   0   0 |     TCA   1   1   1   1   0   1 | *** TAA   0   0   0   0   0   0 | *** TGA   0   0   0   0   0   0
    TTG   0   0   0   0   0   0 |     TCG   0   0   0   0   1   0 |     TAG   0   0   0   0   0   0 | Trp TGG   1   1   1   1   1   1
--------------------------------------------------------------------------------------------------------------------------------------
Leu CTT   0   0   0   0   0   0 | Pro CCT   4   5   5   4   5   4 | His CAT   0   0   0   0   0   0 | Arg CGT   0   0   0   0   0   0
    CTC   0   0   0   0   0   0 |     CCC   1   0   0   1   0   1 |     CAC   1   1   1   1   1   1 |     CGC   0   0   0   0   0   0
    CTA   0   0   0   0   0   0 |     CCA   2   0   2   2   1   2 | Gln CAA   1   2   1   1   2   1 |     CGA   0   0   0   0   0   0
    CTG   0   0   0   0   0   0 |     CCG   1   2   0   1   2   1 |     CAG   1   1   2   1   0   1 |     CGG   0   0   0   0   0   0
--------------------------------------------------------------------------------------------------------------------------------------
Ile ATT   0   0   0   0   0   0 | Thr ACT   0   0   0   0   0   0 | Asn AAT   1   1   1   0   1   1 | Ser AGT   1   1   1   1   1   1
    ATC   1   1   0   1   1   1 |     ACC   1   1   1   1   1   1 |     AAC   3   3   3   4   3   3 |     AGC   2   2   2   2   2   2
    ATA   1   1   1   1   1   1 |     ACA   1   0   1   1   1   1 | Lys AAA   3   3   2   3   3   3 | Arg AGA   0   0   0   0   0   0
Met ATG   1   1   1   1   1   1 |     ACG   1   1   1   1   1   1 |     AAG   1   1   2   1   1   1 |     AGG   0   0   0   0   0   0
--------------------------------------------------------------------------------------------------------------------------------------
Val GTT   3   3   3   3   3   3 | Ala GCT   1   1   1   1   1   1 | Asp GAT   3   2   2   2   2   2 | Gly GGT   1   1   1   1   1   1
    GTC   0   0   1   0   0   0 |     GCC   0   0   0   0   0   0 |     GAC   2   3   3   3   3   3 |     GGC   1   1   1   1   1   1
    GTA   1   1   1   1   1   1 |     GCA   0   1   0   0   0   0 | Glu GAA   2   2   2   2   2   2 |     GGA   1   1   1   1   1   0
    GTG   1   1   1   1   1   1 |     GCG   0   0   0   0   0   0 |     GAG   5   5   5   5   5   5 |     GGG   0   0   0   0   0   1
--------------------------------------------------------------------------------------------------------------------------------------

--------------------------------------------------------------------------------------------------------------------------------------
Phe TTT   3   3   3   3   3   3 | Ser TCT   2   2   2   3   2   2 | Tyr TAT   0   0   0   0   0   0 | Cys TGT   1   1   1   1   1   1
    TTC   0   0   0   0   0   0 |     TCC   1   1   1   0   1   1 |     TAC   0   0   0   0   0   0 |     TGC   0   0   0   0   0   0
Leu TTA   0   0   0   0   0   0 |     TCA   1   1   1   1   1   1 | *** TAA   0   0   0   0   0   0 | *** TGA   0   0   0   0   0   0
    TTG   0   0   0   0   0   0 |     TCG   0   0   0   0   0   0 |     TAG   0   0   0   0   0   0 | Trp TGG   1   1   1   1   1   1
--------------------------------------------------------------------------------------------------------------------------------------
Leu CTT   0   0   0   0   0   0 | Pro CCT   3   5   4   4   3   5 | His CAT   0   0   0   0   0   0 | Arg CGT   0   0   0   0   0   0
    CTC   0   0   0   0   0   0 |     CCC   1   0   1   1   2   0 |     CAC   1   1   1   1   1   1 |     CGC   0   0   0   0   0   0
    CTA   0   0   0   0   0   0 |     CCA   2   2   2   2   2   2 | Gln CAA   1   1   1   1   1   2 |     CGA   0   0   0   0   0   0
    CTG   0   0   0   0   0   0 |     CCG   2   1   1   1   1   1 |     CAG   1   1   1   1   1   0 |     CGG   0   0   0   0   0   0
--------------------------------------------------------------------------------------------------------------------------------------
Ile ATT   0   0   0   0   0   0 | Thr ACT   0   0   0   0   0   0 | Asn AAT   1   1   1   1   1   1 | Ser AGT   1   1   1   1   1   1
    ATC   1   1   1   1   1   0 |     ACC   1   1   1   1   1   1 |     AAC   3   3   3   3   3   3 |     AGC   2   2   2   2   2   2
    ATA   1   1   1   1   1   1 |     ACA   2   0   1   0   1   1 | Lys AAA   3   3   3   3   3   3 | Arg AGA   0   0   0   0   0   0
Met ATG   1   1   1   1   1   1 |     ACG   0   1   1   1   1   1 |     AAG   1   1   1   1   1   1 |     AGG   0   0   0   0   0   0
--------------------------------------------------------------------------------------------------------------------------------------
Val GTT   3   3   3   3   2   3 | Ala GCT   1   1   1   1   1   1 | Asp GAT   2   1   2   2   3   2 | Gly GGT   1   1   1   1   1   1
    GTC   0   0   0   0   0   1 |     GCC   0   0   0   0   0   0 |     GAC   3   4   3   3   2   3 |     GGC   1   1   1   1   1   1
    GTA   1   1   1   1   1   1 |     GCA   0   1   0   1   0   0 | Glu GAA   2   2   2   2   2   3 |     GGA   1   1   1   1   1   1
    GTG   1   1   1   1   2   1 |     GCG   0   0   0   0   0   0 |     GAG   5   5   5   5   5   4 |     GGG   0   0   0   0   0   0
--------------------------------------------------------------------------------------------------------------------------------------

--------------------------------------------------------------------------------------------------------------------------------------
Phe TTT   3   3   3   3   3   3 | Ser TCT   2   2   2   2   2   2 | Tyr TAT   0   0   0   0   0   0 | Cys TGT   1   1   0   1   1   1
    TTC   0   0   0   0   0   0 |     TCC   1   1   1   1   1   1 |     TAC   0   0   0   0   0   0 |     TGC   0   0   1   0   0   0
Leu TTA   0   0   0   0   0   0 |     TCA   1   1   1   1   1   1 | *** TAA   0   0   0   0   0   0 | *** TGA   0   0   0   0   0   0
    TTG   0   0   0   0   0   0 |     TCG   0   0   0   0   0   0 |     TAG   0   0   0   0   0   0 | Trp TGG   1   1   1   1   1   1
--------------------------------------------------------------------------------------------------------------------------------------
Leu CTT   0   0   0   0   0   0 | Pro CCT   5   4   5   5   5   4 | His CAT   0   0   0   0   0   0 | Arg CGT   0   0   0   0   0   0
    CTC   0   0   0   0   0   0 |     CCC   0   1   0   0   0   1 |     CAC   1   1   1   1   1   1 |     CGC   0   0   0   0   0   0
    CTA   0   0   0   0   0   0 |     CCA   2   2   2   2   2   2 | Gln CAA   2   1   1   2   1   1 |     CGA   0   0   0   0   0   0
    CTG   0   0   0   0   0   0 |     CCG   1   1   1   1   1   1 |     CAG   0   1   1   0   1   1 |     CGG   0   0   0   0   0   0
--------------------------------------------------------------------------------------------------------------------------------------
Ile ATT   0   0   0   0   0   0 | Thr ACT   0   0   0   0   0   0 | Asn AAT   1   1   1   1   1   1 | Ser AGT   1   1   1   1   1   2
    ATC   0   1   0   0   1   1 |     ACC   1   1   1   1   1   1 |     AAC   3   3   3   3   3   3 |     AGC   2   2   2   2   2   1
    ATA   1   1   1   1   1   1 |     ACA   1   1   1   1   0   1 | Lys AAA   3   3   2   3   3   3 | Arg AGA   0   0   0   0   0   0
Met ATG   1   1   1   1   1   1 |     ACG   1   1   1   1   1   1 |     AAG   1   1   2   1   1   1 |     AGG   0   0   0   0   0   0
--------------------------------------------------------------------------------------------------------------------------------------
Val GTT   3   3   3   3   3   3 | Ala GCT   1   1   1   1   1   1 | Asp GAT   2   3   2   2   2   2 | Gly GGT   1   1   1   1   1   1
    GTC   1   0   1   1   0   0 |     GCC   0   0   0   0   0   0 |     GAC   3   2   3   3   3   3 |     GGC   1   1   1   1   1   1
    GTA   1   1   1   1   1   1 |     GCA   0   0   0   0   1   0 | Glu GAA   2   2   2   3   2   2 |     GGA   1   1   1   1   1   1
    GTG   1   1   1   1   1   1 |     GCG   0   0   0   0   0   0 |     GAG   5   5   5   4   5   5 |     GGG   0   0   0   0   0   0
--------------------------------------------------------------------------------------------------------------------------------------

--------------------------------------------------------------------------------------------------------------------------------------
Phe TTT   3   3   3   3   3   3 | Ser TCT   2   2   2   1   2   2 | Tyr TAT   0   0   0   0   0   0 | Cys TGT   1   1   1   1   1   1
    TTC   0   0   0   0   0   0 |     TCC   1   1   1   1   1   1 |     TAC   0   0   0   0   0   0 |     TGC   0   0   0   0   0   0
Leu TTA   0   0   0   0   0   0 |     TCA   1   1   1   0   1   1 | *** TAA   0   0   0   0   0   0 | *** TGA   0   0   0   0   0   0
    TTG   0   0   0   0   0   0 |     TCG   0   0   0   2   0   0 |     TAG   0   0   0   0   0   0 | Trp TGG   1   1   1   1   1   1
--------------------------------------------------------------------------------------------------------------------------------------
Leu CTT   0   0   0   0   0   0 | Pro CCT   4   3   4   5   5   5 | His CAT   0   0   0   0   0   0 | Arg CGT   0   0   0   0   0   0
    CTC   0   0   0   0   0   0 |     CCC   1   2   1   0   0   0 |     CAC   1   1   1   1   1   1 |     CGC   0   0   0   0   0   0
    CTA   0   0   0   0   0   0 |     CCA   3   2   2   3   0   0 | Gln CAA   1   0   1   2   2   1 |     CGA   0   0   0   0   0   0
    CTG   0   0   0   0   0   0 |     CCG   1   1   1   1   2   2 |     CAG   1   2   1   0   1   2 |     CGG   0   0   0   0   0   0
--------------------------------------------------------------------------------------------------------------------------------------
Ile ATT   0   0   0   0   0   0 | Thr ACT   0   0   1   0   0   0 | Asn AAT   1   1   1   1   1   1 | Ser AGT   1   1   1   1   1   1
    ATC   1   1   1   1   1   1 |     ACC   1   1   1   1   1   1 |     AAC   3   3   3   3   3   3 |     AGC   2   2   2   2   2   2
    ATA   1   1   1   0   1   1 |     ACA   0   0   1   0   0   0 | Lys AAA   3   3   3   2   3   3 | Arg AGA   0   0   0   1   0   0
Met ATG   1   1   1   1   1   1 |     ACG   1   1   0   1   1   1 |     AAG   1   1   1   1   1   1 |     AGG   0   0   0   0   0   0
--------------------------------------------------------------------------------------------------------------------------------------
Val GTT   3   3   3   3   3   3 | Ala GCT   1   1   0   1   1   1 | Asp GAT   3   2   1   1   2   2 | Gly GGT   1   1   1   0   1   1
    GTC   0   0   0   0   0   0 |     GCC   0   0   1   0   0   0 |     GAC   2   3   3   4   3   3 |     GGC   1   1   1   2   1   1
    GTA   1   1   1   0   1   1 |     GCA   0   1   0   0   1   1 | Glu GAA   1   2   2   2   2   2 |     GGA   1   1   1   1   1   1
    GTG   1   1   1   3   1   1 |     GCG   0   0   0   0   0   0 |     GAG   6   5   6   5   5   5 |     GGG   0   0   0   0   0   0
--------------------------------------------------------------------------------------------------------------------------------------

Codon position x base (3x4) table for each sequence.

#1: Argali         
position  1:    T:0.15517    C:0.18966    A:0.29310    G:0.36207
position  2:    T:0.18966    C:0.27586    A:0.39655    G:0.13793
position  3:    T:0.34483    C:0.22414    A:0.22414    G:0.20690
Average         T:0.22989    C:0.22989    A:0.30460    G:0.23563

#2: LesserMouseDeer
position  1:    T:0.15517    C:0.18966    A:0.29310    G:0.36207
position  2:    T:0.15517    C:0.31034    A:0.39655    G:0.13793
position  3:    T:0.32759    C:0.22414    A:0.22414    G:0.22414
Average         T:0.21264    C:0.24138    A:0.30460    G:0.24138

#3: LesserKudu     
position  1:    T:0.15517    C:0.18966    A:0.27586    G:0.37931
position  2:    T:0.18966    C:0.25862    A:0.41379    G:0.13793
position  3:    T:0.34483    C:0.22414    A:0.20690    G:0.22414
Average         T:0.22989    C:0.22414    A:0.29885    G:0.24713

#4: ForestMuskDeer2
position  1:    T:0.15517    C:0.20690    A:0.25862    G:0.37931
position  2:    T:0.18966    C:0.27586    A:0.37931    G:0.15517
position  3:    T:0.29310    C:0.25862    A:0.18966    G:0.25862
Average         T:0.21264    C:0.24713    A:0.27586    G:0.26437

#5: Camel          
position  1:    T:0.15517    C:0.22414    A:0.25862    G:0.36207
position  2:    T:0.18966    C:0.27586    A:0.37931    G:0.15517
position  3:    T:0.32759    C:0.24138    A:0.22414    G:0.20690
Average         T:0.22414    C:0.24713    A:0.28736    G:0.24138

#6: KillerWhale    
position  1:    T:0.15517    C:0.18966    A:0.29310    G:0.36207
position  2:    T:0.18966    C:0.25862    A:0.41379    G:0.13793
position  3:    T:0.31034    C:0.25862    A:0.24138    G:0.18966
Average         T:0.21839    C:0.23563    A:0.31609    G:0.22989

#7: DefassaWaterbuck
position  1:    T:0.15517    C:0.18966    A:0.27586    G:0.37931
position  2:    T:0.18966    C:0.27586    A:0.39655    G:0.13793
position  3:    T:0.34483    C:0.22414    A:0.22414    G:0.20690
Average         T:0.22989    C:0.22989    A:0.29885    G:0.24138

#8: Sheep          
position  1:    T:0.15517    C:0.18966    A:0.29310    G:0.36207
position  2:    T:0.18966    C:0.27586    A:0.39655    G:0.13793
position  3:    T:0.34483    C:0.22414    A:0.22414    G:0.20690
Average         T:0.22989    C:0.22989    A:0.30460    G:0.23563

#9: MaxwellsDuiker 
position  1:    T:0.15517    C:0.18966    A:0.29310    G:0.36207
position  2:    T:0.18966    C:0.27586    A:0.39655    G:0.13793
position  3:    T:0.29310    C:0.27586    A:0.22414    G:0.20690
Average         T:0.21264    C:0.24713    A:0.30460    G:0.23563

#10: GazellaPrzewalskyi
position  1:    T:0.15517    C:0.18966    A:0.27586    G:0.37931
position  2:    T:0.18966    C:0.27586    A:0.39655    G:0.13793
position  3:    T:0.34483    C:0.22414    A:0.24138    G:0.18966
Average         T:0.22989    C:0.22989    A:0.30460    G:0.23563

#11: MountainNyala  
position  1:    T:0.15517    C:0.18966    A:0.27586    G:0.37931
position  2:    T:0.18966    C:0.25862    A:0.41379    G:0.13793
position  3:    T:0.34483    C:0.22414    A:0.20690    G:0.22414
Average         T:0.22989    C:0.22414    A:0.29885    G:0.24713

#12: MuntiacusMuntjak
position  1:    T:0.15517    C:0.18966    A:0.27586    G:0.37931
position  2:    T:0.18966    C:0.27586    A:0.39655    G:0.13793
position  3:    T:0.32759    C:0.24138    A:0.20690    G:0.22414
Average         T:0.22414    C:0.23563    A:0.29310    G:0.24713

#13: goat           
position  1:    T:0.15517    C:0.18966    A:0.29310    G:0.36207
position  2:    T:0.18966    C:0.27586    A:0.39655    G:0.13793
position  3:    T:0.32759    C:0.24138    A:0.22414    G:0.20690
Average         T:0.22414    C:0.23563    A:0.30460    G:0.23563

#14: AfricanBuffalo 
position  1:    T:0.15517    C:0.18966    A:0.27586    G:0.37931
position  2:    T:0.18966    C:0.27586    A:0.39655    G:0.13793
position  3:    T:0.34483    C:0.22414    A:0.24138    G:0.18966
Average         T:0.22989    C:0.22989    A:0.30460    G:0.23563

#15: Topi           
position  1:    T:0.15517    C:0.18966    A:0.29310    G:0.36207
position  2:    T:0.18966    C:0.27586    A:0.39655    G:0.13793
position  3:    T:0.32759    C:0.24138    A:0.20690    G:0.22414
Average         T:0.22414    C:0.23563    A:0.29885    G:0.24138

#16: CommonDuiker   
position  1:    T:0.15517    C:0.18966    A:0.29310    G:0.36207
position  2:    T:0.18966    C:0.27586    A:0.39655    G:0.13793
position  3:    T:0.31034    C:0.25862    A:0.22414    G:0.20690
Average         T:0.21839    C:0.24138    A:0.30460    G:0.23563

#17: Suni           
position  1:    T:0.15517    C:0.20690    A:0.25862    G:0.37931
position  2:    T:0.18966    C:0.27586    A:0.37931    G:0.15517
position  3:    T:0.31034    C:0.25862    A:0.20690    G:0.22414
Average         T:0.21839    C:0.24713    A:0.28161    G:0.25287

#18: Springbuck     
position  1:    T:0.15517    C:0.18966    A:0.29310    G:0.36207
position  2:    T:0.18966    C:0.27586    A:0.39655    G:0.13793
position  3:    T:0.34483    C:0.22414    A:0.22414    G:0.20690
Average         T:0.22989    C:0.22989    A:0.30460    G:0.23563

#19: Okapi          
position  1:    T:0.17241    C:0.17241    A:0.29310    G:0.36207
position  2:    T:0.18966    C:0.27586    A:0.39655    G:0.13793
position  3:    T:0.32759    C:0.24138    A:0.24138    G:0.18966
Average         T:0.22989    C:0.22989    A:0.31034    G:0.22989

#20: Giraffe        
position  1:    T:0.15517    C:0.18966    A:0.29310    G:0.36207
position  2:    T:0.18966    C:0.27586    A:0.39655    G:0.13793
position  3:    T:0.34483    C:0.22414    A:0.22414    G:0.20690
Average         T:0.22989    C:0.22989    A:0.30460    G:0.23563

#21: TibetanAntelope
position  1:    T:0.15517    C:0.18966    A:0.29310    G:0.36207
position  2:    T:0.18966    C:0.27586    A:0.39655    G:0.13793
position  3:    T:0.32759    C:0.24138    A:0.22414    G:0.20690
Average         T:0.22414    C:0.23563    A:0.30460    G:0.23563

#22: Sitatunga      
position  1:    T:0.15517    C:0.18966    A:0.27586    G:0.37931
position  2:    T:0.18966    C:0.25862    A:0.41379    G:0.13793
position  3:    T:0.34483    C:0.22414    A:0.20690    G:0.22414
Average         T:0.22989    C:0.22414    A:0.29885    G:0.24713

#23: Oribi          
position  1:    T:0.15517    C:0.18966    A:0.29310    G:0.36207
position  2:    T:0.18966    C:0.27586    A:0.39655    G:0.13793
position  3:    T:0.34483    C:0.22414    A:0.20690    G:0.22414
Average         T:0.22989    C:0.22989    A:0.29885    G:0.24138

#24: BarbarySheep   
position  1:    T:0.15517    C:0.18966    A:0.29310    G:0.36207
position  2:    T:0.18966    C:0.27586    A:0.39655    G:0.13793
position  3:    T:0.31034    C:0.24138    A:0.24138    G:0.20690
Average         T:0.21839    C:0.23563    A:0.31034    G:0.23563

#25: Daviddeer      
position  1:    T:0.15517    C:0.18966    A:0.27586    G:0.37931
position  2:    T:0.18966    C:0.27586    A:0.39655    G:0.13793
position  3:    T:0.34483    C:0.22414    A:0.24138    G:0.18966
Average         T:0.22989    C:0.22989    A:0.30460    G:0.23563

#26: Reindeer       
position  1:    T:0.15517    C:0.18966    A:0.27586    G:0.37931
position  2:    T:0.18966    C:0.27586    A:0.39655    G:0.13793
position  3:    T:0.34483    C:0.22414    A:0.25862    G:0.17241
Average         T:0.22989    C:0.22989    A:0.31034    G:0.22989

#27: Ibex           
position  1:    T:0.15517    C:0.18966    A:0.29310    G:0.36207
position  2:    T:0.18966    C:0.27586    A:0.39655    G:0.13793
position  3:    T:0.32759    C:0.24138    A:0.22414    G:0.20690
Average         T:0.22414    C:0.23563    A:0.30460    G:0.23563

#28: GyrantGazelle  
position  1:    T:0.15517    C:0.18966    A:0.29310    G:0.36207
position  2:    T:0.18966    C:0.27586    A:0.39655    G:0.13793
position  3:    T:0.34483    C:0.22414    A:0.22414    G:0.20690
Average         T:0.22989    C:0.22989    A:0.30460    G:0.23563

#29: Hartebeest     
position  1:    T:0.15517    C:0.18966    A:0.29310    G:0.36207
position  2:    T:0.18966    C:0.27586    A:0.39655    G:0.13793
position  3:    T:0.32759    C:0.24138    A:0.20690    G:0.22414
Average         T:0.22414    C:0.23563    A:0.29885    G:0.24138

#30: Bongo          
position  1:    T:0.15517    C:0.18966    A:0.27586    G:0.37931
position  2:    T:0.18966    C:0.25862    A:0.41379    G:0.13793
position  3:    T:0.34483    C:0.22414    A:0.20690    G:0.22414
Average         T:0.22989    C:0.22414    A:0.29885    G:0.24713

#31: Gerenuk        
position  1:    T:0.15517    C:0.18966    A:0.29310    G:0.36207
position  2:    T:0.18966    C:0.27586    A:0.39655    G:0.13793
position  3:    T:0.34483    C:0.22414    A:0.22414    G:0.20690
Average         T:0.22989    C:0.22989    A:0.30460    G:0.23563

#32: CommonEland    
position  1:    T:0.15517    C:0.18966    A:0.27586    G:0.37931
position  2:    T:0.18966    C:0.25862    A:0.41379    G:0.13793
position  3:    T:0.34483    C:0.22414    A:0.20690    G:0.22414
Average         T:0.22989    C:0.22414    A:0.29885    G:0.24713

#33: MuntiacusReevesi
position  1:    T:0.15517    C:0.18966    A:0.27586    G:0.37931
position  2:    T:0.18966    C:0.25862    A:0.41379    G:0.13793
position  3:    T:0.32759    C:0.24138    A:0.20690    G:0.22414
Average         T:0.22414    C:0.22989    A:0.29885    G:0.24713

#34: HarveysDuiker  
position  1:    T:0.15517    C:0.18966    A:0.29310    G:0.36207
position  2:    T:0.18966    C:0.27586    A:0.39655    G:0.13793
position  3:    T:0.31034    C:0.25862    A:0.22414    G:0.20690
Average         T:0.21839    C:0.24138    A:0.30460    G:0.23563

#35: Pronghorn      
position  1:    T:0.15517    C:0.18966    A:0.29310    G:0.36207
position  2:    T:0.18966    C:0.27586    A:0.39655    G:0.13793
position  3:    T:0.34483    C:0.22414    A:0.20690    G:0.22414
Average         T:0.22989    C:0.22989    A:0.29885    G:0.24138

#36: BlueWildebeest 
position  1:    T:0.15517    C:0.18966    A:0.29310    G:0.36207
position  2:    T:0.18966    C:0.27586    A:0.39655    G:0.13793
position  3:    T:0.32759    C:0.24138    A:0.20690    G:0.22414
Average         T:0.22414    C:0.23563    A:0.29885    G:0.24138

#37: Gemsbok        
position  1:    T:0.15517    C:0.18966    A:0.29310    G:0.36207
position  2:    T:0.18966    C:0.27586    A:0.39655    G:0.13793
position  3:    T:0.31034    C:0.24138    A:0.24138    G:0.20690
Average         T:0.21839    C:0.23563    A:0.31034    G:0.23563

#38: Yak            
position  1:    T:0.15517    C:0.18966    A:0.27586    G:0.37931
position  2:    T:0.18966    C:0.27586    A:0.39655    G:0.13793
position  3:    T:0.32759    C:0.24138    A:0.22414    G:0.20690
Average         T:0.22414    C:0.23563    A:0.29885    G:0.24138

#39: BlueSheep      
position  1:    T:0.15517    C:0.18966    A:0.29310    G:0.36207
position  2:    T:0.18966    C:0.27586    A:0.39655    G:0.13793
position  3:    T:0.32759    C:0.24138    A:0.22414    G:0.20690
Average         T:0.22414    C:0.23563    A:0.30460    G:0.23563

#40: BohorReedbuck  
position  1:    T:0.15517    C:0.18966    A:0.27586    G:0.37931
position  2:    T:0.18966    C:0.27586    A:0.39655    G:0.13793
position  3:    T:0.34483    C:0.22414    A:0.22414    G:0.20690
Average         T:0.22989    C:0.22989    A:0.29885    G:0.24138

#41: KirksDik       
position  1:    T:0.15517    C:0.18966    A:0.29310    G:0.36207
position  2:    T:0.18966    C:0.27586    A:0.39655    G:0.13793
position  3:    T:0.31034    C:0.24138    A:0.22414    G:0.22414
Average         T:0.21839    C:0.23563    A:0.30460    G:0.24138

#42: RoeDeer        
position  1:    T:0.15517    C:0.18966    A:0.27586    G:0.37931
position  2:    T:0.18966    C:0.27586    A:0.39655    G:0.13793
position  3:    T:0.34483    C:0.22414    A:0.25862    G:0.17241
Average         T:0.22989    C:0.22989    A:0.31034    G:0.22989

#43: WhiteLippedDeer
position  1:    T:0.15517    C:0.18966    A:0.27586    G:0.37931
position  2:    T:0.18966    C:0.27586    A:0.39655    G:0.13793
position  3:    T:0.34483    C:0.22414    A:0.24138    G:0.18966
Average         T:0.22989    C:0.22989    A:0.30460    G:0.23563

#44: ThomsonGazelle 
position  1:    T:0.15517    C:0.18966    A:0.29310    G:0.36207
position  2:    T:0.18966    C:0.27586    A:0.39655    G:0.13793
position  3:    T:0.34483    C:0.22414    A:0.22414    G:0.20690
Average         T:0.22989    C:0.22989    A:0.30460    G:0.23563

#45: MuntiacusCrinifrons
position  1:    T:0.15517    C:0.18966    A:0.27586    G:0.37931
position  2:    T:0.18966    C:0.27586    A:0.39655    G:0.13793
position  3:    T:0.32759    C:0.24138    A:0.20690    G:0.22414
Average         T:0.22414    C:0.23563    A:0.29310    G:0.24713

#46: WhiteTailedDeer
position  1:    T:0.15517    C:0.18966    A:0.27586    G:0.37931
position  2:    T:0.18966    C:0.27586    A:0.39655    G:0.13793
position  3:    T:0.34483    C:0.22414    A:0.25862    G:0.17241
Average         T:0.22989    C:0.22989    A:0.31034    G:0.22989

#47: Cattle         
position  1:    T:0.15517    C:0.18966    A:0.27586    G:0.37931
position  2:    T:0.18966    C:0.27586    A:0.39655    G:0.13793
position  3:    T:0.34483    C:0.22414    A:0.22414    G:0.20690
Average         T:0.22989    C:0.22989    A:0.29885    G:0.24138

#48: RoyalAntelope  
position  1:    T:0.15517    C:0.18966    A:0.29310    G:0.36207
position  2:    T:0.18966    C:0.27586    A:0.39655    G:0.13793
position  3:    T:0.34483    C:0.22414    A:0.22414    G:0.20690
Average         T:0.22989    C:0.22989    A:0.30460    G:0.23563

#49: Steenbok       
position  1:    T:0.15517    C:0.20690    A:0.27586    G:0.36207
position  2:    T:0.18966    C:0.27586    A:0.39655    G:0.13793
position  3:    T:0.34483    C:0.22414    A:0.20690    G:0.22414
Average         T:0.22989    C:0.23563    A:0.29310    G:0.24138

#50: Impala         
position  1:    T:0.15517    C:0.18966    A:0.27586    G:0.37931
position  2:    T:0.18966    C:0.27586    A:0.39655    G:0.13793
position  3:    T:0.31034    C:0.25862    A:0.20690    G:0.22414
Average         T:0.21839    C:0.24138    A:0.29310    G:0.24713

#51: Klipspringer   
position  1:    T:0.15517    C:0.18966    A:0.29310    G:0.36207
position  2:    T:0.18966    C:0.27586    A:0.39655    G:0.13793
