1
52 1
Argali 0.000000 0.211800 0.144400 0.345200 0.149600 0.000000 0.107600 0.144200 0.145200 0.198100 0.092000 0.097700 0.000000 0.155600 0.141000 0.049700 0.098600 0.098600 0.046200 0.098600 0.049700 0.000000 0.192400 0.140700 0.093600 0.098700 0.000000 0.098600 0.049700 0.098600 0.198100 0.107600 0.141900 0.000000 0.000000 0.049700 0.000000 0.143400 0.049700 0.180700 0.145000 0.098700 0.198100 0.141700 0.049700 0.107600 0.049700 0.049700 0.256000 0.140300 0.098600 0.098600
LesserMous 0.211800 0.000000 0.257200 0.278600 0.267100 0.211800 0.231500 0.257200 0.258900 0.318000 0.311400 0.208900 0.211800 0.278400 0.250700 0.159500 0.211100 0.211100 0.259900 0.211100 0.159500 0.211800 0.309000 0.250000 0.317100 0.211300 0.211800 0.211100 0.159500 0.211100 0.318000 0.231500 0.252400 0.211800 0.211800 0.159500 0.211800 0.255400 0.159500 0.288400 0.258600 0.211300 0.318000 0.252000 0.159500 0.231500 0.159500 0.159500 0.385000 0.249300 0.211100 0.211100
LesserKudu 0.144400 0.257200 0.000000 0.391800 0.194200 0.144400 0.156600 0.187700 0.089600 0.241500 0.236300 0.142600 0.144400 0.201800 0.183700 0.096700 0.143900 0.143900 0.189400 0.045600 0.096700 0.144400 0.234500 0.183000 0.240200 0.144100 0.144400 0.045600 0.096700 0.045600 0.241500 0.156600 0.184600 0.144400 0.144400 0.096700 0.144400 0.186400 0.096700 0.221000 0.188400 0.144100 0.241500 0.184300 0.096700 0.156600 0.096700 0.096700 0.298800 0.182800 0.045600 0.045600
KillerWhal 0.345200 0.278600 0.391800 0.000000 0.407600 0.345200 0.380500 0.393800 0.394600 0.465000 0.453600 0.339600 0.345200 0.428100 0.383000 0.288900 0.343900 0.343900 0.396600 0.343500 0.288900 0.345200 0.447200 0.379900 0.460900 0.344000 0.345200 0.343500 0.288900 0.343500 0.465000 0.380500 0.205800 0.345200 0.345200 0.288900 0.345200 0.388400 0.288900 0.417800 0.393500 0.344000 0.465000 0.383300 0.288900 0.380500 0.288900 0.288900 0.541700 0.381000 0.343500 0.343500
DefassaWat 0.149600 0.267100 0.194200 0.407600 0.000000 0.149600 0.162700 0.194200 0.195300 0.249800 0.244400 0.147700 0.149600 0.209300 0.189900 0.100300 0.149200 0.149200 0.196000 0.149100 0.100300 0.149600 0.242400 0.189200 0.248600 0.149300 0.149600 0.149100 0.100300 0.149100 0.249800 0.162700 0.190900 0.149600 0.149600 0.100300 0.149600 0.092600 0.100300 0.228100 0.194900 0.149300 0.249800 0.190600 0.100300 0.162700 0.100300 0.100300 0.309400 0.189000 0.149100 0.149100
Sheep 0.000000 0.211800 0.144400 0.345200 0.149600 0.000000 0.107600 0.144200 0.144500 0.198100 0.092000 0.097700 0.000000 0.155600 0.141000 0.049700 0.098600 0.098600 0.046200 0.098600 0.049700 0.000000 0.192400 0.140700 0.093600 0.098700 0.000000 0.098600 0.049700 0.098600 0.198100 0.107600 0.141900 0.000000 0.000000 0.049700 0.000000 0.143400 0.049700 0.180700 0.145000 0.098700 0.198100 0.141700 0.049700 0.107600 0.049700 0.049700 0.256000 0.139700 0.098600 0.098600
MaxwellsDu 0.107600 0.231500 0.156600 0.380500 0.162700 0.107600 0.000000 0.156400 0.157500 0.215300 0.210100 0.106100 0.107600 0.053400 0.152600 0.054100 0.107200 0.107200 0.158100 0.107200 0.054100 0.107600 0.208500 0.152200 0.214200 0.107400 0.107600 0.107200 0.054100 0.107200 0.215300 0.000000 0.153700 0.107600 0.107600 0.054100 0.107600 0.155400 0.054100 0.194900 0.157200 0.107400 0.215300 0.153500 0.054100 0.000000 0.054100 0.054100 0.157600 0.151800 0.107200 0.107200
GazellaPrz 0.144200 0.257200 0.187700 0.393800 0.194200 0.144200 0.156400 0.000000 0.188700 0.241900 0.236500 0.142400 0.144200 0.201900 0.183800 0.096500 0.094600 0.094600 0.189300 0.143700 0.096500 0.144200 0.234400 0.183000 0.240200 0.143900 0.144200 0.143700 0.096500 0.143700 0.241900 0.156400 0.184600 0.144200 0.144200 0.096500 0.144200 0.186300 0.096500 0.221200 0.188200 0.143900 0.241900 0.184300 0.096500 0.156400 0.096500 0.096500 0.299000 0.183000 0.143700 0.143700
MountainNy 0.145200 0.258900 0.089600 0.394600 0.195300 0.144500 0.157500 0.188700 0.000000 0.242800 0.237500 0.143400 0.145200 0.203000 0.184500 0.097200 0.144700 0.144700 0.190300 0.045800 0.083400 0.145200 0.235700 0.184000 0.241500 0.144900 0.145200 0.045800 0.097200 0.045800 0.242800 0.157500 0.185600 0.145200 0.145200 0.097200 0.145200 0.187300 0.097200 0.222000 0.189400 0.144900 0.242800 0.185300 0.097200 0.157500 0.097200 0.097200 0.300500 0.183700 0.045800 0.045800
MuntiacusM 0.198100 0.318000 0.241500 0.465000 0.249800 0.198100 0.215300 0.241900 0.242800 0.000000 0.292100 0.093700 0.198100 0.260400 0.236600 0.149300 0.197400 0.197400 0.243800 0.197300 0.149300 0.198100 0.184400 0.135400 0.296500 0.197600 0.198100 0.197300 0.149300 0.197300 0.000000 0.215300 0.237400 0.198100 0.198100 0.149300 0.198100 0.239600 0.149300 0.174400 0.139000 0.197600 0.000000 0.136300 0.149300 0.215300 0.149300 0.149300 0.244600 0.235600 0.197300 0.197300
goat 0.092000 0.311400 0.236300 0.453600 0.244400 0.092000 0.210100 0.236500 0.237500 0.292100 0.000000 0.191300 0.092000 0.254100 0.230900 0.145700 0.193100 0.193100 0.135700 0.193100 0.145700 0.092000 0.284200 0.230300 0.084400 0.193300 0.092000 0.193100 0.145700 0.193100 0.292100 0.210100 0.232400 0.092000 0.092000 0.145700 0.092000 0.234500 0.145700 0.267100 0.237400 0.193300 0.292100 0.232000 0.145700 0.210100 0.145700 0.145700 0.352400 0.229900 0.193100 0.193100
AfricanBuf 0.097700 0.208900 0.142600 0.339600 0.147700 0.097700 0.106100 0.142400 0.143400 0.093700 0.191300 0.000000 0.097700 0.153500 0.139200 0.049100 0.097400 0.097400 0.143800 0.097400 0.049100 0.097700 0.091200 0.044500 0.194700 0.097500 0.097700 0.097400 0.049100 0.097400 0.093700 0.106100 0.140200 0.097700 0.097700 0.049100 0.097700 0.141600 0.049100 0.085900 0.045800 0.097500 0.093700 0.044800 0.049100 0.106100 0.049100 0.049100 0.145000 0.138500 0.097400 0.097400
Topi 0.000000 0.211800 0.144400 0.345200 0.149600 0.000000 0.107600 0.144200 0.145200 0.198100 0.092000 0.097700 0.000000 0.155600 0.141000 0.049700 0.098600 0.098600 0.046200 0.098600 0.049700 0.000000 0.192400 0.140700 0.093600 0.098700 0.000000 0.098600 0.049700 0.084700 0.198100 0.107600 0.141900 0.000000 0.000000 0.049700 0.000000 0.143400 0.049700 0.180700 0.145000 0.098700 0.198100 0.141700 0.049700 0.107600 0.049700 0.049700 0.256000 0.140300 0.098600 0.098600
CommonDuik 0.155600 0.278400 0.201800 0.428100 0.209300 0.155600 0.053400 0.201900 0.203000 0.260400 0.254100 0.153500 0.155600 0.000000 0.197200 0.104200 0.155000 0.155000 0.203800 0.155000 0.104200 0.155600 0.251800 0.196400 0.258600 0.155200 0.155600 0.155000 0.104200 0.155000 0.260400 0.053400 0.198200 0.155600 0.155600 0.104200 0.155600 0.200300 0.104200 0.236500 0.202500 0.155200 0.260400 0.094600 0.104200 0.053400 0.104200 0.104200 0.202500 0.196300 0.155000 0.155000
Suni 0.141000 0.250700 0.183700 0.383000 0.189900 0.141000 0.152600 0.183800 0.184500 0.236600 0.230900 0.139200 0.141000 0.197200 0.000000 0.094500 0.140500 0.140500 0.185200 0.140500 0.094500 0.141000 0.228500 0.086100 0.234000 0.140700 0.141000 0.140500 0.094500 0.140500 0.236600 0.152600 0.180700 0.141000 0.141000 0.094500 0.141000 0.086700 0.094500 0.216800 0.183800 0.140700 0.236600 0.180400 0.094500 0.152600 0.094500 0.094500 0.291000 0.179500 0.140500 0.140500
Springbuck 0.049700 0.159500 0.096700 0.288900 0.100300 0.049700 0.054100 0.096500 0.097200 0.149300 0.145700 0.049100 0.049700 0.104200 0.094500 0.000000 0.049500 0.049500 0.097500 0.049600 0.000000 0.049700 0.144500 0.094200 0.148100 0.049600 0.049700 0.049700 0.000000 0.049600 0.149300 0.054100 0.095000 0.049700 0.049700 0.000000 0.049700 0.096000 0.000000 0.136100 0.096900 0.049600 0.149300 0.094900 0.000000 0.054100 0.000000 0.000000 0.205100 0.094000 0.049600 0.049600
Okapi 0.098600 0.211100 0.143900 0.343900 0.149200 0.098600 0.107200 0.094600 0.144700 0.197400 0.193100 0.097400 0.098600 0.155000 0.140500 0.049500 0.000000 0.000000 0.145200 0.098300 0.049500 0.098600 0.191800 0.140300 0.196500 0.098400 0.098600 0.098300 0.049500 0.098300 0.197400 0.090400 0.141500 0.098600 0.098600 0.049500 0.098600 0.143000 0.049500 0.180200 0.144500 0.098400 0.197400 0.141300 0.049500 0.107200 0.049500 0.049500 0.255100 0.139900 0.098300 0.098300
Giraffe 0.098600 0.211100 0.143900 0.343900 0.149200 0.098600 0.107200 0.094600 0.144700 0.197400 0.193100 0.097400 0.098600 0.155000 0.140500 0.049500 0.000000 0.000000 0.145200 0.098300 0.049500 0.098600 0.191800 0.140300 0.196500 0.098400 0.098600 0.098300 0.049500 0.098300 0.197400 0.107200 0.141500 0.098600 0.098600 0.049500 0.097700 0.143000 0.049500 0.180200 0.144500 0.098400 0.197400 0.141300 0.049500 0.107200 0.049500 0.049500 0.255100 0.139900 0.098300 0.098300
TibetanAnt 0.046200 0.259900 0.189400 0.396600 0.196000 0.046200 0.158100 0.189300 0.190300 0.243800 0.135700 0.143800 0.046200 0.203800 0.185200 0.097500 0.145200 0.145200 0.000000 0.145200 0.097500 0.046200 0.236500 0.184600 0.137900 0.145400 0.046200 0.145200 0.097500 0.145200 0.243800 0.158100 0.186200 0.046200 0.046200 0.097500 0.046200 0.188000 0.097500 0.222800 0.190000 0.145400 0.243800 0.185900 0.097500 0.158100 0.097500 0.097500 0.301800 0.184400 0.145200 0.145200
Sitatunga 0.098600 0.211100 0.045600 0.343500 0.149100 0.098600 0.107200 0.143700 0.045800 0.197300 0.193100 0.097400 0.098600 0.155000 0.140500 0.049600 0.098300 0.098300 0.145200 0.000000 0.049600 0.098600 0.191800 0.140300 0.196600 0.098400 0.098600 0.000000 0.049600 0.000000 0.197300 0.107200 0.141500 0.098600 0.098600 0.049600 0.098600 0.143000 0.049600 0.180200 0.144500 0.098400 0.197300 0.141300 0.049600 0.107200 0.049600 0.049600 0.255000 0.139800 0.000000 0.000000
Oribi 0.049700 0.159500 0.096700 0.288900 0.100300 0.049700 0.054100 0.096500 0.083400 0.149300 0.145700 0.049100 0.049700 0.104200 0.094500 0.000000 0.049500 0.049500 0.097500 0.049600 0.000000 0.049700 0.144500 0.094200 0.148100 0.049600 0.049700 0.049600 0.000000 0.049600 0.149300 0.054100 0.095000 0.049700 0.049700 0.000000 0.049700 0.096000 0.000000 0.136100 0.096900 0.049600 0.149300 0.094900 0.000000 0.054100 0.000000 0.000000 0.205100 0.094000 0.049600 0.049600
BarbaryShe 0.000000 0.211800 0.144400 0.345200 0.149600 0.000000 0.107600 0.144200 0.145200 0.198100 0.092000 0.097700 0.000000 0.155600 0.141000 0.049700 0.098600 0.098600 0.046200 0.098600 0.049700 0.000000 0.192400 0.140700 0.093600 0.098700 0.000000 0.098600 0.049700 0.098600 0.198100 0.107600 0.140000 0.000000 0.000000 0.049700 0.000000 0.143400 0.049700 0.180700 0.145000 0.098700 0.198100 0.141700 0.049700 0.107600 0.049700 0.049700 0.256000 0.140300 0.098600 0.098600
Daviddeer 0.192400 0.309000 0.234500 0.447200 0.242400 0.192400 0.208500 0.234400 0.235700 0.184400 0.284200 0.091200 0.192400 0.251800 0.228500 0.144500 0.191800 0.191800 0.236500 0.191800 0.144500 0.192400 0.000000 0.131600 0.289800 0.192100 0.192400 0.191800 0.144500 0.191800 0.184400 0.208500 0.230500 0.192400 0.192400 0.144500 0.192400 0.232800 0.144500 0.169400 0.135600 0.192100 0.184400 0.132500 0.144500 0.208500 0.144500 0.144500 0.239100 0.227500 0.191800 0.191800
Reindeer 0.140700 0.250000 0.183000 0.379900 0.189200 0.140700 0.152200 0.183000 0.184000 0.135400 0.230300 0.044500 0.140700 0.196400 0.086100 0.094200 0.140300 0.140300 0.184600 0.140300 0.094200 0.140700 0.131600 0.000000 0.234000 0.140400 0.140700 0.140300 0.094200 0.140300 0.135400 0.152200 0.180100 0.140700 0.140700 0.094200 0.140700 0.181800 0.094200 0.124500 0.087800 0.140400 0.135400 0.086400 0.094200 0.152200 0.094200 0.094200 0.185600 0.178400 0.140300 0.140300
Ibex 0.093600 0.317100 0.240200 0.460900 0.248600 0.093600 0.214200 0.240200 0.241500 0.296500 0.084400 0.194700 0.093600 0.258600 0.234000 0.148100 0.196500 0.196500 0.137900 0.196600 0.148100 0.093600 0.289800 0.234000 0.000000 0.196800 0.093600 0.196600 0.148100 0.196600 0.296500 0.214200 0.236100 0.093600 0.093600 0.148100 0.093600 0.238500 0.148100 0.270800 0.241800 0.196800 0.296500 0.235700 0.148100 0.214200 0.148100 0.148100 0.359800 0.233000 0.196600 0.196600
GyrantGaze 0.098700 0.211300 0.144100 0.344000 0.149300 0.098700 0.107400 0.143900 0.144900 0.197600 0.193300 0.097500 0.098700 0.155200 0.140700 0.049600 0.098400 0.098400 0.145400 0.098400 0.049600 0.098700 0.192100 0.140400 0.196800 0.000000 0.098700 0.098400 0.049600 0.098400 0.197600 0.107400 0.141600 0.098700 0.098700 0.049600 0.098700 0.143100 0.049600 0.180400 0.144700 0.000000 0.197600 0.141400 0.049600 0.107400 0.049600 0.049600 0.255300 0.140000 0.098400 0.098400
Hartebeest 0.000000 0.211800 0.144400 0.345200 0.149600 0.000000 0.107600 0.144200 0.145200 0.198100 0.092000 0.097700 0.000000 0.155600 0.141000 0.049700 0.098600 0.098600 0.046200 0.098600 0.049700 0.000000 0.192400 0.140700 0.093600 0.098700 0.000000 0.098600 0.049700 0.098600 0.198100 0.107600 0.141900 0.000000 0.000000 0.049700 0.000000 0.143400 0.049700 0.180700 0.145000 0.098700 0.198100 0.141700 0.049700 0.107600 0.049700 0.049700 0.256000 0.140300 0.098600 0.098600
Bongo 0.098600 0.211100 0.045600 0.343500 0.149100 0.098600 0.107200 0.143700 0.045800 0.197300 0.193100 0.097400 0.098600 0.155000 0.140500 0.049700 0.098300 0.098300 0.145200 0.000000 0.049600 0.098600 0.191800 0.140300 0.196600 0.098400 0.098600 0.000000 0.049600 0.000000 0.197300 0.107200 0.141500 0.098600 0.098600 0.049600 0.098600 0.143000 0.049600 0.180200 0.144500 0.098400 0.197300 0.141300 0.049600 0.107200 0.049600 0.049600 0.255000 0.139800 0.000000 0.000000
Gerenuk 0.049700 0.159500 0.096700 0.288900 0.100300 0.049700 0.054100 0.096500 0.097200 0.149300 0.145700 0.049100 0.049700 0.104200 0.094500 0.000000 0.049500 0.049500 0.097500 0.049600 0.000000 0.049700 0.144500 0.094200 0.148100 0.049600 0.049700 0.049600 0.000000 0.049600 0.149300 0.054100 0.095000 0.049700 0.049700 0.000000 0.049700 0.096000 0.000000 0.136100 0.096900 0.049600 0.149300 0.094900 0.000000 0.054100 0.000000 0.000000 0.205100 0.094000 0.049600 0.049600
CommonElan 0.098600 0.211100 0.045600 0.343500 0.149100 0.098600 0.107200 0.143700 0.045800 0.197300 0.193100 0.097400 0.084700 0.155000 0.140500 0.049600 0.098300 0.098300 0.145200 0.000000 0.049600 0.098600 0.191800 0.140300 0.196600 0.098400 0.098600 0.000000 0.049600 0.000000 0.197300 0.107200 0.141500 0.098600 0.083800 0.049600 0.098600 0.143000 0.049600 0.180200 0.144500 0.098400 0.197300 0.141300 0.049600 0.107200 0.049600 0.049600 0.255000 0.139800 0.000000 0.000000
MuntiacusR 0.198100 0.318000 0.241500 0.465000 0.249800 0.198100 0.215300 0.241900 0.242800 0.000000 0.292100 0.093700 0.198100 0.260400 0.236600 0.149300 0.197400 0.197400 0.243800 0.197300 0.149300 0.198100 0.184400 0.135400 0.296500 0.197600 0.198100 0.197300 0.149300 0.197300 0.000000 0.215300 0.237400 0.198100 0.198100 0.149300 0.198100 0.239600 0.149300 0.174400 0.139000 0.197600 0.000000 0.136300 0.149300 0.215300 0.149300 0.149300 0.244600 0.235600 0.197300 0.197300
HarveysDui 0.107600 0.231500 0.156600 0.380500 0.162700 0.107600 0.000000 0.156400 0.157500 0.215300 0.210100 0.106100 0.107600 0.053400 0.152600 0.054100 0.090400 0.107200 0.158100 0.107200 0.054100 0.107600 0.208500 0.152200 0.214200 0.107400 0.107600 0.107200 0.054100 0.107200 0.215300 0.000000 0.153700 0.107600 0.107600 0.054100 0.107600 0.156000 0.054100 0.194900 0.157200 0.107400 0.215300 0.153500 0.054100 0.000000 0.054100 0.054100 0.157600 0.151800 0.107200 0.107200
Pronghorn 0.141900 0.252400 0.184600 0.205800 0.190900 0.141900 0.153700 0.184600 0.185600 0.237400 0.232400 0.140200 0.141900 0.198200 0.180700 0.095000 0.141500 0.141500 0.186200 0.141500 0.095000 0.140000 0.230500 0.180100 0.236100 0.141600 0.141900 0.141500 0.095000 0.141500 0.237400 0.153700 0.000000 0.141900 0.141900 0.095000 0.141900 0.183300 0.095000 0.217500 0.185200 0.141600 0.237400 0.181300 0.095000 0.153700 0.095000 0.095000 0.293500 0.179900 0.141500 0.141500
BlueWildeb 0.000000 0.211800 0.144400 0.345200 0.149600 0.000000 0.107600 0.144200 0.145200 0.198100 0.092000 0.097700 0.000000 0.155600 0.141000 0.049700 0.098600 0.098600 0.046200 0.098600 0.049700 0.000000 0.192400 0.140700 0.093600 0.098700 0.000000 0.098600 0.049700 0.098600 0.198100 0.107600 0.141900 0.000000 0.000000 0.049700 0.000000 0.143400 0.049700 0.180700 0.145000 0.098700 0.198100 0.141700 0.049700 0.107600 0.049700 0.049700 0.256000 0.140300 0.098600 0.098600
Gemsbok 0.000000 0.211800 0.144400 0.345200 0.149600 0.000000 0.107600 0.144200 0.145200 0.198100 0.092000 0.097700 0.000000 0.155600 0.141000 0.049700 0.098600 0.098600 0.046200 0.098600 0.049700 0.000000 0.192400 0.140700 0.093600 0.098700 0.000000 0.098600 0.049700 0.083800 0.198100 0.107600 0.141900 0.000000 0.000000 0.049700 0.000000 0.143400 0.049700 0.180700 0.145000 0.098700 0.198100 0.141700 0.049700 0.107600 0.049700 0.049700 0.256000 0.140300 0.098600 0.084900
Yak 0.049700 0.159500 0.096700 0.288900 0.100300 0.049700 0.054100 0.096500 0.097200 0.149300 0.145700 0.049100 0.049700 0.104200 0.094500 0.000000 0.049500 0.049500 0.097500 0.049600 0.000000 0.049700 0.144500 0.094200 0.148100 0.049600 0.049700 0.049600 0.000000 0.049600 0.149300 0.054100 0.095000 0.049700 0.049700 0.000000 0.049700 0.096000 0.000000 0.136100 0.096900 0.049600 0.149300 0.094900 0.000000 0.054100 0.000000 0.000000 0.205100 0.094000 0.049600 0.049600
BlueSheep 0.000000 0.211800 0.144400 0.345200 0.149600 0.000000 0.107600 0.144200 0.145200 0.198100 0.092000 0.097700 0.000000 0.155600 0.141000 0.049700 0.098600 0.097700 0.046200 0.098600 0.049700 0.000000 0.192400 0.140700 0.093600 0.098700 0.000000 0.098600 0.049700 0.098600 0.198100 0.107600 0.141900 0.000000 0.000000 0.049700 0.000000 0.143400 0.049700 0.180700 0.145000 0.098700 0.198100 0.141700 0.049700 0.107600 0.049700 0.049700 0.256000 0.140300 0.098600 0.098600
BohorReedb 0.143400 0.255400 0.186400 0.388400 0.092600 0.143400 0.155400 0.186300 0.187300 0.239600 0.234500 0.141600 0.143400 0.200300 0.086700 0.096000 0.143000 0.143000 0.188000 0.143000 0.096000 0.143400 0.232800 0.181800 0.238500 0.143100 0.143400 0.143000 0.096000 0.143000 0.239600 0.156000 0.183300 0.143400 0.143400 0.096000 0.143400 0.000000 0.096000 0.219400 0.187000 0.143100 0.239600 0.183000 0.096000 0.155400 0.096000 0.096000 0.296500 0.181500 0.143000 0.143000
KirksDik 0.049700 0.159500 0.096700 0.288900 0.100300 0.049700 0.054100 0.096500 0.097200 0.149300 0.145700 0.049100 0.049700 0.104200 0.094500 0.000000 0.049500 0.049500 0.097500 0.049600 0.000000 0.049700 0.144500 0.094200 0.148100 0.049600 0.049700 0.049600 0.000000 0.049600 0.149300 0.054100 0.095000 0.049700 0.049700 0.000000 0.049700 0.096000 0.000000 0.136100 0.096900 0.049600 0.149300 0.094900 0.000000 0.054100 0.000000 0.000000 0.205100 0.094000 0.049600 0.049600
RoeDeer 0.180700 0.288400 0.221000 0.417800 0.228100 0.180700 0.194900 0.221200 0.222000 0.174400 0.267100 0.085900 0.180700 0.236500 0.216800 0.136100 0.180200 0.180200 0.222800 0.180200 0.136100 0.180700 0.169400 0.124500 0.270800 0.180400 0.180700 0.180200 0.136100 0.180200 0.174400 0.194900 0.217500 0.180700 0.180700 0.136100 0.180700 0.219400 0.136100 0.000000 0.127600 0.180400 0.174400 0.125300 0.136100 0.194900 0.136100 0.136100 0.223600 0.216000 0.180200 0.180200
WhiteLippe 0.145000 0.258600 0.188400 0.393500 0.194900 0.145000 0.157200 0.188200 0.189400 0.139000 0.237400 0.045800 0.145000 0.202500 0.183800 0.096900 0.144500 0.144500 0.190000 0.144500 0.096900 0.145000 0.135600 0.087800 0.241800 0.144700 0.145000 0.144500 0.096900 0.144500 0.139000 0.157200 0.185200 0.145000 0.145000 0.096900 0.145000 0.187000 0.096900 0.127600 0.000000 0.144700 0.139000 0.088700 0.096900 0.157200 0.096900 0.096900 0.191600 0.183400 0.144500 0.144500
ThomsonGaz 0.098700 0.211300 0.144100 0.344000 0.149300 0.098700 0.107400 0.143900 0.144900 0.197600 0.193300 0.097500 0.098700 0.155200 0.140700 0.049600 0.098400 0.098400 0.145400 0.098400 0.049600 0.098700 0.192100 0.140400 0.196800 0.000000 0.098700 0.098400 0.049600 0.098400 0.197600 0.107400 0.141600 0.098700 0.098700 0.049600 0.098700 0.143100 0.049600 0.180400 0.144700 0.000000 0.197600 0.141400 0.049600 0.107400 0.049600 0.049600 0.255300 0.140000 0.098400 0.098400
MuntiacusC 0.198100 0.318000 0.241500 0.465000 0.249800 0.198100 0.215300 0.241900 0.242800 0.000000 0.292100 0.093700 0.198100 0.260400 0.236600 0.149300 0.197400 0.197400 0.243800 0.197300 0.149300 0.198100 0.184400 0.135400 0.296500 0.197600 0.198100 0.197300 0.149300 0.197300 0.000000 0.215300 0.237400 0.198100 0.198100 0.149300 0.198100 0.239600 0.149300 0.174400 0.139000 0.197600 0.000000 0.136300 0.149300 0.215300 0.149300 0.149300 0.244600 0.234300 0.197300 0.197300
WhiteTaile 0.141700 0.252000 0.184300 0.383300 0.190600 0.141700 0.153500 0.184300 0.185300 0.136300 0.232000 0.044800 0.141700 0.094600 0.180400 0.094900 0.141300 0.141300 0.185900 0.141300 0.094900 0.141700 0.132500 0.086400 0.235700 0.141400 0.141700 0.141300 0.094900 0.141300 0.136300 0.153500 0.181300 0.141700 0.141700 0.094900 0.141700 0.183000 0.094900 0.125300 0.088700 0.141400 0.136300 0.000000 0.094900 0.153500 0.094900 0.094900 0.187000 0.179600 0.141300 0.141300
Cattle 0.049700 0.159500 0.096700 0.288900 0.100300 0.049700 0.054100 0.096500 0.097200 0.149300 0.145700 0.049100 0.049700 0.104200 0.094500 0.000000 0.049500 0.049500 0.097500 0.049600 0.000000 0.049700 0.144500 0.094200 0.148100 0.049600 0.049700 0.049600 0.000000 0.049600 0.149300 0.054100 0.095000 0.049700 0.049700 0.000000 0.049700 0.096000 0.000000 0.136100 0.096900 0.049600 0.149300 0.094900 0.000000 0.054100 0.000000 0.000000 0.205100 0.094000 0.049600 0.049600
RoyalAntel 0.107600 0.231500 0.156600 0.380500 0.162700 0.107600 0.000000 0.156400 0.157500 0.215300 0.210100 0.106100 0.107600 0.053400 0.152600 0.054100 0.107200 0.107200 0.158100 0.107200 0.054100 0.107600 0.208500 0.152200 0.214200 0.107400 0.107600 0.107200 0.054100 0.107200 0.215300 0.000000 0.153700 0.107600 0.107600 0.054100 0.107600 0.155400 0.054100 0.194900 0.157200 0.107400 0.215300 0.153500 0.054100 0.000000 0.054100 0.054100 0.157600 0.151800 0.107200 0.107200
Steenbok 0.049700 0.159500 0.096700 0.288900 0.100300 0.049700 0.054100 0.096500 0.097200 0.149300 0.145700 0.049100 0.049700 0.104200 0.094500 0.000000 0.049500 0.049500 0.097500 0.049600 0.000000 0.049700 0.144500 0.094200 0.148100 0.049600 0.049700 0.049600 0.000000 0.049600 0.149300 0.054100 0.095000 0.049700 0.049700 0.000000 0.049700 0.096000 0.000000 0.136100 0.096900 0.049600 0.149300 0.094900 0.000000 0.054100 0.000000 0.000000 0.205100 0.094000 0.049600 0.049600
Impala 0.049700 0.159500 0.096700 0.288900 0.100300 0.049700 0.054100 0.096500 0.097200 0.149300 0.145700 0.049100 0.049700 0.104200 0.094500 0.000000 0.049500 0.049500 0.097500 0.049600 0.000000 0.049700 0.144500 0.094200 0.148100 0.049600 0.049700 0.049600 0.000000 0.049600 0.149300 0.054100 0.095000 0.049700 0.049700 0.000000 0.049700 0.096000 0.000000 0.136100 0.096900 0.049600 0.149300 0.094900 0.000000 0.054100 0.000000 0.000000 0.205100 0.094000 0.049600 0.049600
Klipspring 0.256000 0.385000 0.298800 0.541700 0.309400 0.256000 0.157600 0.299000 0.300500 0.244600 0.352400 0.145000 0.256000 0.202500 0.291000 0.205100 0.255100 0.255100 0.301800 0.255000 0.205100 0.256000 0.239100 0.185600 0.359800 0.255300 0.256000 0.255000 0.205100 0.255000 0.244600 0.157600 0.293500 0.256000 0.256000 0.205100 0.256000 0.296500 0.205100 0.223600 0.191600 0.255300 0.244600 0.187000 0.205100 0.157600 0.205100 0.205100 0.000000 0.289700 0.255000 0.255000
ForestMusk 0.140300 0.249300 0.182800 0.381000 0.189000 0.139700 0.151800 0.183000 0.183700 0.235600 0.229900 0.138500 0.140300 0.196300 0.179500 0.094000 0.139900 0.139900 0.184400 0.139800 0.094000 0.140300 0.227500 0.178400 0.233000 0.140000 0.140300 0.139800 0.094000 0.139800 0.235600 0.151800 0.179900 0.140300 0.140300 0.094000 0.140300 0.181500 0.094000 0.216000 0.183400 0.140000 0.234300 0.179600 0.094000 0.151800 0.094000 0.094000 0.289700 0.000000 0.139800 0.139800
Bushbuck 0.098600 0.211100 0.045600 0.343500 0.149100 0.098600 0.107200 0.143700 0.045800 0.197300 0.193100 0.097400 0.098600 0.155000 0.140500 0.049600 0.098300 0.098300 0.145200 0.000000 0.049600 0.098600 0.191800 0.140300 0.196600 0.098400 0.098600 0.000000 0.049600 0.000000 0.197300 0.107200 0.141500 0.098600 0.098600 0.049600 0.098600 0.143000 0.049600 0.180200 0.144500 0.098400 0.197300 0.141300 0.049600 0.107200 0.049600 0.049600 0.255000 0.139800 0.000000 0.000000
GreaterKud 0.098600 0.211100 0.045600 0.343500 0.149100 0.098600 0.107200 0.143700 0.045800 0.197300 0.193100 0.097400 0.098600 0.155000 0.140500 0.049600 0.098300 0.098300 0.145200 0.000000 0.049600 0.098600 0.191800 0.140300 0.196600 0.098400 0.098600 0.000000 0.049600 0.000000 0.197300 0.107200 0.141500 0.098600 0.084900 0.049600 0.098600 0.143000 0.049600 0.180200 0.144500 0.098400 0.197300 0.141300 0.049600 0.107200 0.049600 0.049600 0.255000 0.139800 0.000000 0.000000
