CODONML (in paml version 4.10.7, June 2023)  /home/rachel/ruminants_paml/6406-phy-tree/ENSBTAT00000009341.fasta.phy
Model: free dN/dS Ratios for branches,  kappa = 2.000 fixed

Codon frequency model: F3x4
ns =  54  ls =  36

Codon usage in sequences
--------------------------------------------------------------------------------------------------------------------------------------
Phe TTT   2   1   1   1   1   1 | Ser TCT   0   0   0   0   0   0 | Tyr TAT   1   2   2   3   2   3 | Cys TGT   0   0   0   0   0   0
    TTC   1   2   2   2   2   2 |     TCC   2   0   2   2   1   1 |     TAC   3   2   2   1   2   1 |     TGC   0   0   0   0   0   0
Leu TTA   0   0   0   0   0   1 |     TCA   0   1   0   0   1   1 | *** TAA   0   0   0   0   0   0 | *** TGA   0   0   0   0   0   0
    TTG   1   0   1   1   0   1 |     TCG   0   0   0   0   0   0 |     TAG   0   0   0   0   0   0 | Trp TGG   1   1   1   1   1   1
--------------------------------------------------------------------------------------------------------------------------------------
Leu CTT   1   1   0   1   1   1 | Pro CCT   0   0   0   0   0   1 | His CAT   0   0   0   0   0   0 | Arg CGT   0   0   0   0   0   0
    CTC   1   2   1   1   2   1 |     CCC   1   1   1   1   1   0 |     CAC   0   0   0   0   0   0 |     CGC   0   0   0   1   0   1
    CTA   2   0   2   1   2   1 |     CCA   0   1   1   1   0   0 | Gln CAA   0   0   0   0   0   0 |     CGA   0   0   0   0   0   0
    CTG   0   2   1   0   0   0 |     CCG   1   0   0   0   1   1 |     CAG   0   1   0   1   0   0 |     CGG   1   1   1   0   1   0
--------------------------------------------------------------------------------------------------------------------------------------
Ile ATT   0   0   0   0   0   0 | Thr ACT   0   0   0   0   0   0 | Asn AAT   1   1   1   1   1   1 | Ser AGT   1   1   1   1   1   1
    ATC   0   0   0   0   0   0 |     ACC   0   0   0   0   0   0 |     AAC   1   1   1   1   1   1 |     AGC   1   1   1   1   1   1
    ATA   0   0   0   0   0   1 |     ACA   3   3   3   2   2   2 | Lys AAA   1   1   0   1   0   0 | Arg AGA   0   0   0   0   1   1
Met ATG   0   0   0   0   0   0 |     ACG   0   0   0   1   1   0 |     AAG   2   2   3   2   2   2 |     AGG   0   0   0   0   0   0
--------------------------------------------------------------------------------------------------------------------------------------
Val GTT   1   1   1   1   1   1 | Ala GCT   1   1   1   1   1   1 | Asp GAT   1   0   1   1   0   1 | Gly GGT   0   1   0   0   0   0
    GTC   0   0   0   0   0   0 |     GCC   0   1   0   0   0   0 |     GAC   1   1   1   2   2   1 |     GGC   1   1   1   1   1   1
    GTA   0   0   0   0   0   0 |     GCA   0   0   0   0   0   0 | Glu GAA   0   0   0   0   0   0 |     GGA   1   1   1   1   1   1
    GTG   0   0   0   0   0   0 |     GCG   0   0   0   0   0   0 |     GAG   2   1   2   1   2   2 |     GGG   0   0   0   0   0   0
--------------------------------------------------------------------------------------------------------------------------------------

--------------------------------------------------------------------------------------------------------------------------------------
Phe TTT   2   2   2   2   1   1 | Ser TCT   0   0   0   0   0   0 | Tyr TAT   2   2   2   2   2   3 | Cys TGT   0   0   0   0   0   0
    TTC   1   1   1   1   2   2 |     TCC   2   2   2   2   2   2 |     TAC   2   2   2   2   2   1 |     TGC   0   0   0   0   0   0
Leu TTA   0   0   0   0   0   0 |     TCA   0   0   0   0   0   0 | *** TAA   0   0   0   0   0   0 | *** TGA   0   0   0   0   0   0
    TTG   1   1   1   1   1   1 |     TCG   0   0   0   0   0   0 |     TAG   0   0   0   0   0   0 | Trp TGG   1   1   1   1   1   1
--------------------------------------------------------------------------------------------------------------------------------------
Leu CTT   1   1   1   1   0   1 | Pro CCT   0   0   0   0   0   0 | His CAT   0   0   0   0   0   0 | Arg CGT   0   0   0   0   0   0
    CTC   1   1   1   1   1   1 |     CCC   1   1   1   1   1   1 |     CAC   0   0   0   0   0   0 |     CGC   0   0   0   0   0   0
    CTA   2   2   2   2   2   2 |     CCA   0   0   0   0   1   1 | Gln CAA   0   0   0   0   0   0 |     CGA   0   0   0   0   0   0
    CTG   0   0   0   0   1   0 |     CCG   1   1   1   1   0   0 |     CAG   0   0   0   0   0   0 |     CGG   1   1   1   1   1   1
--------------------------------------------------------------------------------------------------------------------------------------
Ile ATT   0   0   0   0   0   0 | Thr ACT   0   0   0   0   0   0 | Asn AAT   1   1   1   1   1   1 | Ser AGT   1   1   1   1   1   1
    ATC   0   0   0   0   0   0 |     ACC   0   0   0   0   0   0 |     AAC   1   1   1   1   1   1 |     AGC   1   1   1   1   1   1
    ATA   0   0   0   0   0   0 |     ACA   3   3   3   3   3   2 | Lys AAA   1   1   1   1   0   1 | Arg AGA   0   0   0   0   0   0
Met ATG   0   0   0   0   0   0 |     ACG   0   0   0   0   0   1 |     AAG   2   2   2   2   3   2 |     AGG   0   0   0   0   0   0
--------------------------------------------------------------------------------------------------------------------------------------
Val GTT   1   1   1   1   1   1 | Ala GCT   1   1   1   1   1   1 | Asp GAT   1   1   1   1   1   1 | Gly GGT   0   0   0   0   0   0
    GTC   0   0   0   0   0   0 |     GCC   0   0   0   0   0   0 |     GAC   1   1   1   1   1   1 |     GGC   1   1   1   1   1   1
    GTA   0   0   0   0   0   0 |     GCA   0   0   0   0   0   0 | Glu GAA   0   0   0   0   0   0 |     GGA   1   1   1   1   1   1
    GTG   0   0   0   0   0   0 |     GCG   0   0   0   0   0   0 |     GAG   2   2   2   2   2   2 |     GGG   0   0   0   0   0   0
--------------------------------------------------------------------------------------------------------------------------------------

--------------------------------------------------------------------------------------------------------------------------------------
Phe TTT   2   1   2   2   2   2 | Ser TCT   0   0   0   0   0   0 | Tyr TAT   1   2   2   2   2   2 | Cys TGT   0   0   0   0   0   0
    TTC   1   2   1   1   1   1 |     TCC   2   2   2   2   2   2 |     TAC   3   2   2   2   2   2 |     TGC   0   0   0   0   0   0
Leu TTA   0   0   0   0   0   0 |     TCA   0   0   0   0   0   0 | *** TAA   0   0   0   0   0   0 | *** TGA   0   0   0   0   0   0
    TTG   1   1   0   1   1   1 |     TCG   0   0   0   0   0   0 |     TAG   0   0   0   0   0   0 | Trp TGG   1   1   1   1   1   1
--------------------------------------------------------------------------------------------------------------------------------------
Leu CTT   1   1   1   1   1   1 | Pro CCT   0   0   0   0   0   0 | His CAT   0   0   0   0   0   0 | Arg CGT   0   0   0   0   0   0
    CTC   1   1   1   1   1   1 |     CCC   1   1   1   1   1   1 |     CAC   0   0   0   0   0   0 |     CGC   0   0   0   0   0   0
    CTA   2   2   2   2   2   2 |     CCA   0   0   0   0   0   0 | Gln CAA   0   0   0   0   0   0 |     CGA   0   0   0   0   0   0
    CTG   0   0   1   0   1   0 |     CCG   1   1   1   1   0   1 |     CAG   0   0   0   0   0   0 |     CGG   1   1   1   1   1   1
--------------------------------------------------------------------------------------------------------------------------------------
Ile ATT   0   0   0   0   0   0 | Thr ACT   0   0   0   0   0   0 | Asn AAT   1   1   1   1   1   1 | Ser AGT   1   1   1   1   1   1
    ATC   0   0   0   0   0   0 |     ACC   0   0   0   0   0   0 |     AAC   1   1   1   1   1   1 |     AGC   1   1   1   1   1   1
    ATA   0   0   0   0   0   0 |     ACA   3   3   3   3   2   3 | Lys AAA   1   1   1   1   1   1 | Arg AGA   0   0   0   0   0   0
Met ATG   0   0   0   0   0   0 |     ACG   0   0   0   0   1   0 |     AAG   2   2   2   2   2   2 |     AGG   0   0   0   0   0   0
--------------------------------------------------------------------------------------------------------------------------------------
Val GTT   1   1   1   1   1   1 | Ala GCT   1   1   1   1   1   1 | Asp GAT   1   1   1   1   2   1 | Gly GGT   0   0   0   0   0   0
    GTC   0   0   0   0   0   0 |     GCC   0   0   0   0   0   0 |     GAC   1   1   1   1   0   1 |     GGC   1   1   1   1   1   1
    GTA   0   0   0   0   0   0 |     GCA   0   0   0   0   0   0 | Glu GAA   0   0   0   0   0   0 |     GGA   1   1   1   1   1   1
    GTG   0   0   0   0   0   0 |     GCG   0   0   0   0   1   0 |     GAG   2   2   2   2   1   2 |     GGG   0   0   0   0   0   0
--------------------------------------------------------------------------------------------------------------------------------------

--------------------------------------------------------------------------------------------------------------------------------------
Phe TTT   1   1   2   1   2   2 | Ser TCT   0   0   0   0   0   0 | Tyr TAT   3   3   2   2   2   2 | Cys TGT   0   0   0   0   0   0
    TTC   2   2   1   2   1   1 |     TCC   2   2   2   2   2   2 |     TAC   1   1   2   2   2   2 |     TGC   0   0   0   0   0   0
Leu TTA   0   0   0   0   0   0 |     TCA   0   0   0   0   0   0 | *** TAA   0   0   0   0   0   0 | *** TGA   0   0   0   0   0   0
    TTG   1   1   1   1   1   1 |     TCG   0   0   0   0   0   0 |     TAG   0   0   0   0   0   0 | Trp TGG   1   1   1   1   1   1
--------------------------------------------------------------------------------------------------------------------------------------
Leu CTT   1   1   1   0   1   1 | Pro CCT   0   0   0   0   0   0 | His CAT   0   0   0   0   0   0 | Arg CGT   0   0   0   0   0   0
    CTC   1   1   1   1   1   1 |     CCC   1   1   1   1   1   1 |     CAC   0   0   0   0   0   0 |     CGC   0   0   0   0   0   0
    CTA   2   2   2   2   2   2 |     CCA   0   0   0   1   0   0 | Gln CAA   0   0   0   0   0   0 |     CGA   0   0   0   0   0   0
    CTG   0   0   0   1   0   0 |     CCG   0   0   1   0   1   1 |     CAG   0   0   0   0   0   0 |     CGG   2   2   1   1   1   1
--------------------------------------------------------------------------------------------------------------------------------------
Ile ATT   0   0   0   0   0   0 | Thr ACT   0   0   0   0   0   0 | Asn AAT   1   1   1   1   1   1 | Ser AGT   1   1   1   1   1   1
    ATC   0   0   0   0   0   0 |     ACC   0   0   0   0   0   0 |     AAC   1   1   1   1   1   1 |     AGC   1   1   1   1   1   1
    ATA   0   0   0   0   0   0 |     ACA   3   3   3   3   3   3 | Lys AAA   1   1   1   0   1   1 | Arg AGA   0   0   0   0   0   0
Met ATG   0   0   0   0   0   0 |     ACG   0   0   0   0   0   0 |     AAG   2   2   2   3   2   2 |     AGG   0   0   0   0   0   0
--------------------------------------------------------------------------------------------------------------------------------------
Val GTT   1   1   1   1   1   1 | Ala GCT   1   1   1   1   1   1 | Asp GAT   2   2   1   1   1   1 | Gly GGT   0   0   0   0   0   0
    GTC   0   0   0   0   0   0 |     GCC   0   0   0   0   0   0 |     GAC   0   0   1   1   1   1 |     GGC   1   1   1   1   1   1
    GTA   0   0   0   0   0   0 |     GCA   0   0   0   0   0   0 | Glu GAA   0   0   0   0   0   0 |     GGA   1   1   1   1   1   1
    GTG   0   0   0   0   0   0 |     GCG   0   0   0   0   0   0 |     GAG   2   2   2   2   2   2 |     GGG   0   0   0   0   0   0
--------------------------------------------------------------------------------------------------------------------------------------

--------------------------------------------------------------------------------------------------------------------------------------
Phe TTT   1   1   2   2   2   1 | Ser TCT   0   0   0   0   0   0 | Tyr TAT   3   3   1   2   2   2 | Cys TGT   0   0   0   0   0   0
    TTC   2   2   1   1   1   2 |     TCC   2   2   2   2   2   2 |     TAC   1   1   3   2   2   2 |     TGC   0   0   0   0   0   0
Leu TTA   0   0   0   0   0   0 |     TCA   0   0   0   0   0   0 | *** TAA   0   0   0   0   0   0 | *** TGA   0   0   0   0   0   0
    TTG   1   1   1   1   0   1 |     TCG   0   0   0   0   0   0 |     TAG   0   0   0   0   0   0 | Trp TGG   1   1   1   1   1   1
--------------------------------------------------------------------------------------------------------------------------------------
Leu CTT   1   1   1   1   1   0 | Pro CCT   0   0   0   0   0   0 | His CAT   0   0   0   0   0   0 | Arg CGT   0   0   0   0   0   0
    CTC   1   1   1   1   1   1 |     CCC   1   1   1   1   1   1 |     CAC   0   0   0   0   0   0 |     CGC   0   0   0   0   0   0
    CTA   2   2   2   2   2   2 |     CCA   1   1   0   0   0   1 | Gln CAA   0   0   0   0   0   0 |     CGA   0   0   0   0   0   0
    CTG   0   0   0   0   1   1 |     CCG   0   0   1   1   1   0 |     CAG   0   0   0   0   0   0 |     CGG   1   1   1   1   1   1
--------------------------------------------------------------------------------------------------------------------------------------
Ile ATT   0   0   0   0   0   0 | Thr ACT   0   0   0   0   0   0 | Asn AAT   1   1   1   1   1   1 | Ser AGT   1   1   1   1   1   1
    ATC   0   0   0   0   0   0 |     ACC   0   0   0   0   0   0 |     AAC   1   1   1   1   1   1 |     AGC   1   1   1   1   1   1
    ATA   0   0   0   0   0   0 |     ACA   3   3   3   3   3   3 | Lys AAA   1   1   1   1   1   0 | Arg AGA   0   0   0   0   0   0
Met ATG   0   0   0   0   0   0 |     ACG   0   0   0   0   0   0 |     AAG   2   2   2   2   2   3 |     AGG   0   0   0   0   0   0
--------------------------------------------------------------------------------------------------------------------------------------
Val GTT   1   1   1   1   1   1 | Ala GCT   1   1   1   1   1   1 | Asp GAT   1   1   1   1   1   1 | Gly GGT   0   0   0   0   0   0
    GTC   0   0   0   0   0   0 |     GCC   0   0   0   0   0   0 |     GAC   1   1   1   1   1   1 |     GGC   1   1   1   1   1   1
    GTA   0   0   0   0   0   0 |     GCA   0   0   0   0   0   0 | Glu GAA   0   0   0   0   0   0 |     GGA   1   1   1   1   1   1
    GTG   0   0   0   0   0   0 |     GCG   0   0   0   0   0   0 |     GAG   2   2   2   2   2   2 |     GGG   0   0   0   0   0   0
--------------------------------------------------------------------------------------------------------------------------------------

--------------------------------------------------------------------------------------------------------------------------------------
Phe TTT   2   1   1   2   1   2 | Ser TCT   0   0   0   0   0   0 | Tyr TAT   2   2   3   2   3   2 | Cys TGT   0   0   0   0   0   0
    TTC   1   2   2   1   2   1 |     TCC   2   2   2   2   2   2 |     TAC   2   2   1   2   1   2 |     TGC   0   0   0   0   0   0
Leu TTA   0   0   0   1   0   0 |     TCA   0   0   0   0   0   0 | *** TAA   0   0   0   0   0   0 | *** TGA   0   0   0   0   0   0
    TTG   1   1   1   1   1   0 |     TCG   0   0   0   0   0   0 |     TAG   0   0   0   0   0   0 | Trp TGG   1   1   1   1   1   1
--------------------------------------------------------------------------------------------------------------------------------------
Leu CTT   1   0   1   1   1   1 | Pro CCT   0   0   0   0   0   0 | His CAT   0   0   0   0   0   0 | Arg CGT   0   0   0   0   0   0
    CTC   1   1   1   1   1   1 |     CCC   1   1   1   1   1   1 |     CAC   0   0   0   0   0   0 |     CGC   0   0   0   0   0   0
    CTA   2   2   2   1   2   2 |     CCA   0   1   1   0   0   0 | Gln CAA   0   0   0   0   0   0 |     CGA   0   0   0   0   0   0
    CTG   0   1   0   0   0   1 |     CCG   1   0   0   1   1   1 |     CAG   0   0   0   0   0   0 |     CGG   1   1   1   1   1   1
--------------------------------------------------------------------------------------------------------------------------------------
Ile ATT   0   0   0   0   0   0 | Thr ACT   0   0   0   0   0   0 | Asn AAT   1   1   1   1   1   1 | Ser AGT   1   1   1   1   1   1
    ATC   0   0   0   0   0   0 |     ACC   0   0   0   0   0   0 |     AAC   1   1   1   1   1   1 |     AGC   1   1   1   1   1   1
    ATA   0   0   0   0   0   0 |     ACA   3   3   2   3   3   3 | Lys AAA   1   0   1   1   1   1 | Arg AGA   0   0   0   0   0   0
Met ATG   0   0   0   0   0   0 |     ACG   0   0   1   0   0   0 |     AAG   2   3   2   2   2   2 |     AGG   0   0   0   0   0   0
--------------------------------------------------------------------------------------------------------------------------------------
Val GTT   1   1   1   1   1   1 | Ala GCT   1   1   1   1   1   1 | Asp GAT   1   1   1   1   1   1 | Gly GGT   0   0   0   0   0   0
    GTC   0   0   0   0   0   0 |     GCC   0   0   0   0   0   0 |     GAC   1   1   1   1   1   1 |     GGC   1   1   1   1   1   1
    GTA   0   0   0   0   0   0 |     GCA   0   0   0   0   0   0 | Glu GAA   0   0   0   0   0   0 |     GGA   1   1   1   1   1   1
    GTG   0   0   0   0   0   0 |     GCG   0   0   0   0   0   0 |     GAG   2   2   2   2   2   2 |     GGG   0   0   0   0   0   0
--------------------------------------------------------------------------------------------------------------------------------------

--------------------------------------------------------------------------------------------------------------------------------------
Phe TTT   2   1   2   2   2   1 | Ser TCT   0   0   0   0   0   0 | Tyr TAT   2   1   2   2   2   3 | Cys TGT   0   0   0   0   0   0
    TTC   1   2   1   1   1   2 |     TCC   2   2   2   2   2   2 |     TAC   2   3   2   2   2   1 |     TGC   0   0   0   0   0   0
Leu TTA   0   0   0   0   0   0 |     TCA   0   0   0   0   0   0 | *** TAA   0   0   0   0   0   0 | *** TGA   0   0   0   0   0   0
    TTG   1   1   1   1   1   1 |     TCG   0   0   0   0   0   0 |     TAG   0   0   0   0   0   0 | Trp TGG   1   1   1   1   1   1
--------------------------------------------------------------------------------------------------------------------------------------
Leu CTT   1   1   1   1   1   1 | Pro CCT   0   0   0   0   0   0 | His CAT   0   0   0   0   0   0 | Arg CGT   0   0   0   0   0   0
    CTC   1   1   1   1   1   1 |     CCC   1   1   1   1   1   1 |     CAC   0   0   0   0   0   0 |     CGC   0   0   0   0   0   0
    CTA   2   2   2   2   2   2 |     CCA   1   0   0   0   0   1 | Gln CAA   0   0   0   0   0   0 |     CGA   0   0   0   0   0   0
    CTG   0   0   0   0   0   0 |     CCG   0   1   1   1   1   0 |     CAG   0   0   0   0   0   0 |     CGG   1   1   1   1   1   1
--------------------------------------------------------------------------------------------------------------------------------------
Ile ATT   0   0   0   0   0   0 | Thr ACT   0   0   0   0   0   0 | Asn AAT   1   1   1   1   1   1 | Ser AGT   1   1   1   1   1   1
    ATC   0   0   0   0   0   0 |     ACC   0   0   0   0   0   0 |     AAC   1   1   1   1   1   1 |     AGC   1   1   1   1   1   1
    ATA   0   0   0   0   0   0 |     ACA   3   3   3   3   3   2 | Lys AAA   1   1   1   1   1   1 | Arg AGA   0   0   0   0   0   0
Met ATG   0   0   0   0   0   0 |     ACG   0   0   0   0   0   1 |     AAG   2   2   2   2   2   2 |     AGG   0   0   0   0   0   0
--------------------------------------------------------------------------------------------------------------------------------------
Val GTT   1   1   1   1   1   1 | Ala GCT   1   1   1   1   1   1 | Asp GAT   1   1   1   1   1   1 | Gly GGT   0   0   0   0   0   0
    GTC   0   0   0   0   0   0 |     GCC   0   0   0   0   0   0 |     GAC   1   1   1   1   2   1 |     GGC   1   1   1   1   1   1
    GTA   0   0   0   0   0   0 |     GCA   0   0   0   0   0   0 | Glu GAA   0   0   0   0   0   0 |     GGA   1   1   1   1   1   1
    GTG   0   0   0   0   0   0 |     GCG   0   0   0   0   0   0 |     GAG   2   2   2   2   1   2 |     GGG   0   0   0   0   0   0
--------------------------------------------------------------------------------------------------------------------------------------

--------------------------------------------------------------------------------------------------------------------------------------
Phe TTT   1   2   1   1   1   2 | Ser TCT   0   0   0   0   0   0 | Tyr TAT   3   2   3   3   1   2 | Cys TGT   0   0   0   0   0   0
    TTC   2   1   2   2   2   1 |     TCC   2   2   2   2   2   1 |     TAC   1   2   1   1   3   2 |     TGC   0   0   0   0   0   0
Leu TTA   0   0   0   0   0   0 |     TCA   0   0   0   0   0   0 | *** TAA   0   0   0   0   0   0 | *** TGA   0   0   0   0   0   0
    TTG   1   1   1   1   1   1 |     TCG   0   0   0   0   0   0 |     TAG   0   0   0   0   0   0 | Trp TGG   1   1   1   1   1   1
--------------------------------------------------------------------------------------------------------------------------------------
Leu CTT   1   1   1   1   1   1 | Pro CCT   0   0   0   0   0   0 | His CAT   0   0   0   0   0   0 | Arg CGT   0   0   0   0   0   0
    CTC   1   1   1   1   1   1 |     CCC   1   1   1   1   1   1 |     CAC   0   0   0   0   0   0 |     CGC   0   0   0   0   0   0
    CTA   2   2   2   2   2   2 |     CCA   1   0   1   1   0   0 | Gln CAA   0   0   0   0   0   0 |     CGA   0   0   0   0   0   0
    CTG   0   0   0   0   0   0 |     CCG   0   1   0   0   1   1 |     CAG   0   0   0   0   0   0 |     CGG   1   1   1   1   1   1
--------------------------------------------------------------------------------------------------------------------------------------
Ile ATT   0   0   0   0   0   0 | Thr ACT   0   0   0   0   0   0 | Asn AAT   1   1   1   1   1   1 | Ser AGT   2   1   1   1   1   1
    ATC   0   0   0   0   0   0 |     ACC   0   0   0   0   0   0 |     AAC   1   1   1   1   1   1 |     AGC   0   1   1   0   1   1
    ATA   0   0   0   0   0   0 |     ACA   3   3   2   3   3   3 | Lys AAA   1   1   1   1   1   1 | Arg AGA   0   0   0   1   0   0
Met ATG   0   0   0   0   0   0 |     ACG   0   0   1   0   0   0 |     AAG   2   2   2   2   2   1 |     AGG   0   0   0   0   0   1
--------------------------------------------------------------------------------------------------------------------------------------
Val GTT   1   1   1   1   1   1 | Ala GCT   1   1   1   1   1   1 | Asp GAT   1   1   1   1   1   1 | Gly GGT   0   0   0   0   0   0
    GTC   0   0   0   0   0   0 |     GCC   0   0   0   0   0   1 |     GAC   1   1   1   1   1   1 |     GGC   1   1   1   1   1   1
    GTA   0   0   0   0   0   0 |     GCA   0   0   0   0   0   0 | Glu GAA   0   0   0   0   0   0 |     GGA   1   1   1   1   1   1
    GTG   0   0   0   0   0   0 |     GCG   0   0   0   0   0   0 |     GAG   2   2   2   2   2   2 |     GGG   0   0   0   0   0   0
--------------------------------------------------------------------------------------------------------------------------------------

--------------------------------------------------------------------------------------------------------------------------------------
Phe TTT   2   2   2   1   1   1 | Ser TCT   0   0   0   0   0   0 | Tyr TAT   2   2   2   3   2   2 | Cys TGT   0   0   0   0   0   0
    TTC   1   1   1   2   2   2 |     TCC   2   1   2   2   2   2 |     TAC   2   2   2   1   2   2 |     TGC   0   0   0   0   0   0
Leu TTA   0   0   0   0   0   0 |     TCA   0   0   0   0   0   0 | *** TAA   0   0   0   0   0   0 | *** TGA   0   0   0   0   0   0
    TTG   1   1   1   1   1   1 |     TCG   0   0   0   0   0   0 |     TAG   0   0   0   0   0   0 | Trp TGG   1   1   2   1   1   1
--------------------------------------------------------------------------------------------------------------------------------------
Leu CTT   1   1   1   1   0   0 | Pro CCT   0   0   0   0   0   0 | His CAT   0   0   0   0   0   0 | Arg CGT   0   0   0   0   0   0
    CTC   1   1   1   1   1   1 |     CCC   1   1   1   1   1   1 |     CAC   0   0   0   0   0   0 |     CGC   0   0   0   1   0   0
    CTA   2   1   2   1   2   2 |     CCA   1   0   1   1   1   1 | Gln CAA   0   0   0   0   0   0 |     CGA   0   0   0   0   0   0
    CTG   0   1   0   0   1   1 |     CCG   0   1   0   0   0   0 |     CAG   0   0   0   1   0   0 |     CGG   1   1   0   0   1   1
--------------------------------------------------------------------------------------------------------------------------------------
Ile ATT   0   0   0   0   0   0 | Thr ACT   0   0   0   0   0   0 | Asn AAT   1   1   1   1   1   1 | Ser AGT   1   1   1   1   1   1
    ATC   0   0   0   0   0   0 |     ACC   0   0   0   0   0   0 |     AAC   1   1   1   1   1   1 |     AGC   1   1   1   1   1   1
    ATA   0   0   0   0   0   0 |     ACA   3   3   3   2   3   3 | Lys AAA   1   0   1   1   0   0 | Arg AGA   0   0   0   0   0   0
Met ATG   0   0   0   0   0   0 |     ACG   0   0   0   1   0   0 |     AAG   2   3   2   2   3   3 |     AGG   0   0   0   0   0   0
--------------------------------------------------------------------------------------------------------------------------------------
Val GTT   1   1   1   1   1   1 | Ala GCT   1   1   1   1   1   1 | Asp GAT   1   1   1   1   1   1 | Gly GGT   0   0   0   0   0   0
    GTC   0   0   0   0   0   0 |     GCC   0   1   0   0   0   0 |     GAC   1   1   1   2   1   1 |     GGC   1   1   1   1   1   1
    GTA   0   0   0   0   0   0 |     GCA   0   0   0   0   0   0 | Glu GAA   0   0   0   0   0   0 |     GGA   1   1   1   1   1   1
    GTG   0   0   0   0   0   0 |     GCG   0   0   0   0   0   0 |     GAG   2   2   1   1   2   2 |     GGG   0   0   1   0   0   0
--------------------------------------------------------------------------------------------------------------------------------------

Codon position x base (3x4) table for each sequence.

#1: Argali         
position  1:    T:0.30556    C:0.19444    A:0.27778    G:0.22222
position  2:    T:0.25000    C:0.22222    A:0.36111    G:0.16667
position  3:    T:0.25000    C:0.33333    A:0.19444    G:0.22222
Average         T:0.26852    C:0.25000    A:0.27778    G:0.20370

#2: LesserMouseDeer
position  1:    T:0.25000    C:0.25000    A:0.27778    G:0.22222
position  2:    T:0.25000    C:0.22222    A:0.33333    G:0.19444
position  3:    T:0.25000    C:0.33333    A:0.19444    G:0.22222
Average         T:0.25000    C:0.26852    A:0.26852    G:0.21296

#3: LesserKudu     
position  1:    T:0.30556    C:0.19444    A:0.27778    G:0.22222
position  2:    T:0.25000    C:0.22222    A:0.36111    G:0.16667
position  3:    T:0.22222    C:0.33333    A:0.19444    G:0.25000
Average         T:0.25926    C:0.25000    A:0.27778    G:0.21296

#4: ForestMuskDeer2
position  1:    T:0.30556    C:0.19444    A:0.27778    G:0.22222
position  2:    T:0.22222    C:0.22222    A:0.38889    G:0.16667
position  3:    T:0.27778    C:0.36111    A:0.16667    G:0.19444
Average         T:0.26852    C:0.25926    A:0.27778    G:0.19444

#5: Camel          
position  1:    T:0.27778    C:0.22222    A:0.27778    G:0.22222
position  2:    T:0.25000    C:0.22222    A:0.33333    G:0.19444
position  3:    T:0.22222    C:0.36111    A:0.19444    G:0.22222
Average         T:0.25000    C:0.26852    A:0.26852    G:0.21296

#6: KillerWhale    
position  1:    T:0.33333    C:0.16667    A:0.27778    G:0.22222
position  2:    T:0.27778    C:0.19444    A:0.33333    G:0.19444
position  3:    T:0.30556    C:0.27778    A:0.22222    G:0.19444
Average         T:0.30556    C:0.21296    A:0.27778    G:0.20370

#7: DefassaWaterbuck
position  1:    T:0.30556    C:0.19444    A:0.27778    G:0.22222
position  2:    T:0.25000    C:0.22222    A:0.36111    G:0.16667
position  3:    T:0.27778    C:0.30556    A:0.19444    G:0.22222
Average         T:0.27778    C:0.24074    A:0.27778    G:0.20370

#8: Sheep          
position  1:    T:0.30556    C:0.19444    A:0.27778    G:0.22222
position  2:    T:0.25000    C:0.22222    A:0.36111    G:0.16667
position  3:    T:0.27778    C:0.30556    A:0.19444    G:0.22222
Average         T:0.27778    C:0.24074    A:0.27778    G:0.20370

#9: MaxwellsDuiker 
position  1:    T:0.30556    C:0.19444    A:0.27778    G:0.22222
position  2:    T:0.25000    C:0.22222    A:0.36111    G:0.16667
position  3:    T:0.27778    C:0.30556    A:0.19444    G:0.22222
Average         T:0.27778    C:0.24074    A:0.27778    G:0.20370

#10: GazellaPrzewalskyi
position  1:    T:0.30556    C:0.19444    A:0.27778    G:0.22222
position  2:    T:0.25000    C:0.22222    A:0.36111    G:0.16667
position  3:    T:0.27778    C:0.30556    A:0.19444    G:0.22222
Average         T:0.27778    C:0.24074    A:0.27778    G:0.20370

#11: MountainNyala  
position  1:    T:0.30556    C:0.19444    A:0.27778    G:0.22222
position  2:    T:0.25000    C:0.22222    A:0.36111    G:0.16667
position  3:    T:0.22222    C:0.33333    A:0.19444    G:0.25000
Average         T:0.25926    C:0.25000    A:0.27778    G:0.21296

#12: MuntiacusMuntjak
position  1:    T:0.30556    C:0.19444    A:0.27778    G:0.22222
position  2:    T:0.25000    C:0.22222    A:0.36111    G:0.16667
position  3:    T:0.27778    C:0.30556    A:0.19444    G:0.22222
Average         T:0.27778    C:0.24074    A:0.27778    G:0.20370

#13: goat           
position  1:    T:0.30556    C:0.19444    A:0.27778    G:0.22222
position  2:    T:0.25000    C:0.22222    A:0.36111    G:0.16667
position  3:    T:0.25000    C:0.33333    A:0.19444    G:0.22222
Average         T:0.26852    C:0.25000    A:0.27778    G:0.20370

#14: AfricanBuffalo 
position  1:    T:0.30556    C:0.19444    A:0.27778    G:0.22222
position  2:    T:0.25000    C:0.22222    A:0.36111    G:0.16667
position  3:    T:0.25000    C:0.33333    A:0.19444    G:0.22222
Average         T:0.26852    C:0.25000    A:0.27778    G:0.20370

#15: Topi           
position  1:    T:0.27778    C:0.22222    A:0.27778    G:0.22222
position  2:    T:0.25000    C:0.22222    A:0.36111    G:0.16667
position  3:    T:0.27778    C:0.30556    A:0.19444    G:0.22222
Average         T:0.26852    C:0.25000    A:0.27778    G:0.20370

#16: CommonDuiker   
position  1:    T:0.30556    C:0.19444    A:0.27778    G:0.22222
position  2:    T:0.25000    C:0.22222    A:0.36111    G:0.16667
position  3:    T:0.27778    C:0.30556    A:0.19444    G:0.22222
Average         T:0.27778    C:0.24074    A:0.27778    G:0.20370

#17: Suni           
position  1:    T:0.30556    C:0.19444    A:0.27778    G:0.22222
position  2:    T:0.27778    C:0.22222    A:0.33333    G:0.16667
position  3:    T:0.30556    C:0.27778    A:0.16667    G:0.25000
Average         T:0.29630    C:0.23148    A:0.25926    G:0.21296

#18: Springbuck     
position  1:    T:0.30556    C:0.19444    A:0.27778    G:0.22222
position  2:    T:0.25000    C:0.22222    A:0.36111    G:0.16667
position  3:    T:0.27778    C:0.30556    A:0.19444    G:0.22222
Average         T:0.27778    C:0.24074    A:0.27778    G:0.20370

#19: Okapi          
position  1:    T:0.30556    C:0.19444    A:0.27778    G:0.22222
position  2:    T:0.25000    C:0.19444    A:0.36111    G:0.19444
position  3:    T:0.30556    C:0.27778    A:0.19444    G:0.22222
Average         T:0.28704    C:0.22222    A:0.27778    G:0.21296

#20: Giraffe        
position  1:    T:0.30556    C:0.19444    A:0.27778    G:0.22222
position  2:    T:0.25000    C:0.19444    A:0.36111    G:0.19444
position  3:    T:0.30556    C:0.27778    A:0.19444    G:0.22222
Average         T:0.28704    C:0.22222    A:0.27778    G:0.21296

#21: TibetanAntelope
position  1:    T:0.30556    C:0.19444    A:0.27778    G:0.22222
position  2:    T:0.25000    C:0.22222    A:0.36111    G:0.16667
position  3:    T:0.27778    C:0.30556    A:0.19444    G:0.22222
Average         T:0.27778    C:0.24074    A:0.27778    G:0.20370

#22: Sitatunga      
position  1:    T:0.30556    C:0.19444    A:0.27778    G:0.22222
position  2:    T:0.25000    C:0.22222    A:0.36111    G:0.16667
position  3:    T:0.22222    C:0.33333    A:0.19444    G:0.25000
Average         T:0.25926    C:0.25000    A:0.27778    G:0.21296

#23: Oribi          
position  1:    T:0.30556    C:0.19444    A:0.27778    G:0.22222
position  2:    T:0.25000    C:0.22222    A:0.36111    G:0.16667
position  3:    T:0.27778    C:0.30556    A:0.19444    G:0.22222
Average         T:0.27778    C:0.24074    A:0.27778    G:0.20370

#24: BarbarySheep   
position  1:    T:0.30556    C:0.19444    A:0.27778    G:0.22222
position  2:    T:0.25000    C:0.22222    A:0.36111    G:0.16667
position  3:    T:0.27778    C:0.30556    A:0.19444    G:0.22222
Average         T:0.27778    C:0.24074    A:0.27778    G:0.20370

#25: Daviddeer      
position  1:    T:0.30556    C:0.19444    A:0.27778    G:0.22222
position  2:    T:0.25000    C:0.22222    A:0.36111    G:0.16667
position  3:    T:0.27778    C:0.30556    A:0.22222    G:0.19444
Average         T:0.27778    C:0.24074    A:0.28704    G:0.19444

#26: Reindeer       
position  1:    T:0.30556    C:0.19444    A:0.27778    G:0.22222
position  2:    T:0.25000    C:0.22222    A:0.36111    G:0.16667
position  3:    T:0.27778    C:0.30556    A:0.22222    G:0.19444
Average         T:0.27778    C:0.24074    A:0.28704    G:0.19444

#27: Ibex           
position  1:    T:0.30556    C:0.19444    A:0.27778    G:0.22222
position  2:    T:0.25000    C:0.22222    A:0.36111    G:0.16667
position  3:    T:0.25000    C:0.33333    A:0.19444    G:0.22222
Average         T:0.26852    C:0.25000    A:0.27778    G:0.20370

#28: GyrantGazelle  
position  1:    T:0.30556    C:0.19444    A:0.27778    G:0.22222
position  2:    T:0.25000    C:0.22222    A:0.36111    G:0.16667
position  3:    T:0.27778    C:0.30556    A:0.19444    G:0.22222
Average         T:0.27778    C:0.24074    A:0.27778    G:0.20370

#29: Hartebeest     
position  1:    T:0.27778    C:0.22222    A:0.27778    G:0.22222
position  2:    T:0.25000    C:0.22222    A:0.36111    G:0.16667
position  3:    T:0.27778    C:0.30556    A:0.19444    G:0.22222
Average         T:0.26852    C:0.25000    A:0.27778    G:0.20370

#30: Bongo          
position  1:    T:0.30556    C:0.19444    A:0.27778    G:0.22222
position  2:    T:0.25000    C:0.22222    A:0.36111    G:0.16667
position  3:    T:0.22222    C:0.33333    A:0.19444    G:0.25000
Average         T:0.25926    C:0.25000    A:0.27778    G:0.21296

#31: Gerenuk        
position  1:    T:0.30556    C:0.19444    A:0.27778    G:0.22222
position  2:    T:0.25000    C:0.22222    A:0.36111    G:0.16667
position  3:    T:0.27778    C:0.30556    A:0.19444    G:0.22222
Average         T:0.27778    C:0.24074    A:0.27778    G:0.20370

#32: CommonEland    
position  1:    T:0.30556    C:0.19444    A:0.27778    G:0.22222
position  2:    T:0.25000    C:0.22222    A:0.36111    G:0.16667
position  3:    T:0.22222    C:0.33333    A:0.19444    G:0.25000
Average         T:0.25926    C:0.25000    A:0.27778    G:0.21296

#33: MuntiacusReevesi
position  1:    T:0.30556    C:0.19444    A:0.27778    G:0.22222
position  2:    T:0.25000    C:0.22222    A:0.36111    G:0.16667
position  3:    T:0.27778    C:0.30556    A:0.19444    G:0.22222
Average         T:0.27778    C:0.24074    A:0.27778    G:0.20370

#34: HarveysDuiker  
position  1:    T:0.33333    C:0.16667    A:0.27778    G:0.22222
position  2:    T:0.25000    C:0.22222    A:0.36111    G:0.16667
position  3:    T:0.27778    C:0.30556    A:0.19444    G:0.22222
Average         T:0.28704    C:0.23148    A:0.27778    G:0.20370

#35: Pronghorn      
position  1:    T:0.30556    C:0.19444    A:0.27778    G:0.22222
position  2:    T:0.25000    C:0.22222    A:0.36111    G:0.16667
position  3:    T:0.27778    C:0.30556    A:0.19444    G:0.22222
Average         T:0.27778    C:0.24074    A:0.27778    G:0.20370

#36: BlueWildebeest 
position  1:    T:0.27778    C:0.22222    A:0.27778    G:0.22222
position  2:    T:0.25000    C:0.22222    A:0.36111    G:0.16667
position  3:    T:0.27778    C:0.30556    A:0.19444    G:0.22222
Average         T:0.26852    C:0.25000    A:0.27778    G:0.20370

#37: Gemsbok        
position  1:    T:0.30556    C:0.19444    A:0.27778    G:0.22222
position  2:    T:0.25000    C:0.22222    A:0.36111    G:0.16667
position  3:    T:0.27778    C:0.30556    A:0.22222    G:0.19444
Average         T:0.27778    C:0.24074    A:0.28704    G:0.19444

#38: Yak            
position  1:    T:0.30556    C:0.19444    A:0.27778    G:0.22222
position  2:    T:0.25000    C:0.22222    A:0.36111    G:0.16667
position  3:    T:0.22222    C:0.36111    A:0.19444    G:0.22222
Average         T:0.25926    C:0.25926    A:0.27778    G:0.20370

#39: BlueSheep      
position  1:    T:0.30556    C:0.19444    A:0.27778    G:0.22222
position  2:    T:0.25000    C:0.22222    A:0.36111    G:0.16667
position  3:    T:0.27778    C:0.30556    A:0.19444    G:0.22222
Average         T:0.27778    C:0.24074    A:0.27778    G:0.20370

#40: BohorReedbuck  
position  1:    T:0.30556    C:0.19444    A:0.27778    G:0.22222
position  2:    T:0.25000    C:0.22222    A:0.36111    G:0.16667
position  3:    T:0.27778    C:0.30556    A:0.19444    G:0.22222
Average         T:0.27778    C:0.24074    A:0.27778    G:0.20370

#41: KirksDik       
position  1:    T:0.30556    C:0.19444    A:0.27778    G:0.22222
position  2:    T:0.25000    C:0.22222    A:0.36111    G:0.16667
position  3:    T:0.27778    C:0.33333    A:0.19444    G:0.19444
Average         T:0.27778    C:0.25000    A:0.27778    G:0.19444

#42: RoeDeer        
position  1:    T:0.30556    C:0.19444    A:0.27778    G:0.22222
position  2:    T:0.25000    C:0.22222    A:0.36111    G:0.16667
position  3:    T:0.27778    C:0.30556    A:0.19444    G:0.22222
Average         T:0.27778    C:0.24074    A:0.27778    G:0.20370

#43: WhiteLippedDeer
position  1:    T:0.30556    C:0.19444    A:0.27778    G:0.22222
position  2:    T:0.25000    C:0.22222    A:0.36111    G:0.16667
position  3:    T:0.30556    C:0.27778    A:0.22222    G:0.19444
Average         T:0.28704    C:0.23148    A:0.28704    G:0.19444

#44: ThomsonGazelle 
position  1:    T:0.30556    C:0.19444    A:0.27778    G:0.22222
position  2:    T:0.25000    C:0.22222    A:0.36111    G:0.16667
position  3:    T:0.27778    C:0.30556    A:0.19444    G:0.22222
Average         T:0.27778    C:0.24074    A:0.27778    G:0.20370

#45: MuntiacusCrinifrons
position  1:    T:0.30556    C:0.19444    A:0.27778    G:0.22222
position  2:    T:0.25000    C:0.22222    A:0.36111    G:0.16667
position  3:    T:0.27778    C:0.30556    A:0.19444    G:0.22222
Average         T:0.27778    C:0.24074    A:0.27778    G:0.20370

#46: WhiteTailedDeer
position  1:    T:0.30556    C:0.19444    A:0.27778    G:0.22222
position  2:    T:0.25000    C:0.22222    A:0.36111    G:0.16667
position  3:    T:0.27778    C:0.27778    A:0.25000    G:0.19444
Average         T:0.27778    C:0.23148    A:0.29630    G:0.19444

#47: Cattle         
position  1:    T:0.30556    C:0.19444    A:0.27778    G:0.22222
position  2:    T:0.25000    C:0.22222    A:0.36111    G:0.16667
position  3:    T:0.22222    C:0.36111    A:0.19444    G:0.22222
Average         T:0.25926    C:0.25926    A:0.27778    G:0.20370

#48: RoyalAntelope  
position  1:    T:0.27778    C:0.19444    A:0.27778    G:0.25000
position  2:    T:0.25000    C:0.22222    A:0.33333    G:0.19444
position  3:    T:0.27778    C:0.30556    A:0.19444    G:0.22222
Average         T:0.26852    C:0.24074    A:0.26852    G:0.22222

#49: Steenbok       
position  1:    T:0.30556    C:0.19444    A:0.27778    G:0.22222
position  2:    T:0.25000    C:0.22222    A:0.36111    G:0.16667
position  3:    T:0.27778    C:0.30556    A:0.22222    G:0.19444
Average         T:0.27778    C:0.24074    A:0.28704    G:0.19444

#50: Impala         
position  1:    T:0.27778    C:0.19444    A:0.27778    G:0.25000
position  2:    T:0.25000    C:0.22222    A:0.36111    G:0.16667
position  3:    T:0.27778    C:0.30556    A:0.13889    G:0.27778
Average         T:0.26852    C:0.24074    A:0.25926    G:0.23148

#51: Klipspringer   
position  1:    T:0.33333    C:0.16667    A:0.27778    G:0.22222
position  2:    T:0.25000    C:0.22222    A:0.33333    G:0.19444
