1
52 1
Argali 0.000000 0.330700 0.123800 0.263300 0.086600 0.003200 0.102700 0.127500 0.115400 0.161000 0.029600 0.122000 0.074600 0.109300 0.106000 0.133000 0.159100 0.168900 0.063900 0.119200 0.115800 0.039700 0.162200 0.154300 0.036300 0.136700 0.064000 0.116700 0.126700 0.120500 0.171800 0.095400 0.213500 0.067700 0.080900 0.103200 0.026600 0.082500 0.144500 0.159700 0.169300 0.147800 0.168400 0.162300 0.103100 0.147800 0.126300 0.088400 0.125900 0.134800 0.127300 0.130700
LesserMous 0.330700 0.000000 0.295500 0.280000 0.322900 0.334300 0.334000 0.328400 0.278500 0.315300 0.325300 0.300300 0.328200 0.325800 0.339400 0.344000 0.309300 0.324600 0.322700 0.297600 0.337100 0.311700 0.318000 0.308300 0.325600 0.347000 0.318300 0.281900 0.361500 0.291900 0.318100 0.319500 0.347700 0.323800 0.309100 0.285100 0.305900 0.320600 0.353400 0.298600 0.326000 0.350600 0.314400 0.327800 0.284700 0.381700 0.335700 0.326400 0.325700 0.330600 0.304300 0.280800
LesserKudu 0.123800 0.295500 0.000000 0.229900 0.086000 0.127100 0.109600 0.111600 0.032200 0.132800 0.119900 0.084800 0.095500 0.105000 0.090700 0.124600 0.127300 0.140300 0.106200 0.038800 0.107400 0.109300 0.133700 0.133700 0.123800 0.131600 0.092000 0.022700 0.129100 0.029200 0.143300 0.098600 0.179600 0.095800 0.109100 0.066900 0.106600 0.085400 0.117000 0.150900 0.140600 0.135100 0.139900 0.141700 0.060000 0.157800 0.103000 0.102100 0.084800 0.093700 0.039000 0.039000
KillerWhal 0.263300 0.280000 0.229900 0.000000 0.251900 0.266600 0.269900 0.261500 0.223300 0.280500 0.267100 0.245600 0.282400 0.258700 0.255300 0.280100 0.229500 0.251000 0.260700 0.216000 0.282900 0.259400 0.269100 0.265300 0.258900 0.292100 0.269500 0.217700 0.295400 0.226400 0.283300 0.261300 0.246400 0.274300 0.262000 0.232000 0.257700 0.250400 0.302000 0.273800 0.276800 0.281900 0.279800 0.283000 0.223400 0.336600 0.268500 0.252200 0.259000 0.274000 0.237800 0.233300
DefassaWat 0.086600 0.322900 0.086000 0.251900 0.000000 0.089900 0.067400 0.096200 0.085100 0.125000 0.082800 0.094600 0.079900 0.070600 0.071900 0.102200 0.135000 0.148600 0.065500 0.081700 0.081100 0.075800 0.125900 0.125900 0.090100 0.102000 0.069100 0.078900 0.095300 0.082600 0.135700 0.056600 0.181400 0.072900 0.079200 0.076100 0.073000 0.016900 0.105900 0.139200 0.132900 0.112900 0.132200 0.133800 0.072400 0.123500 0.076800 0.068600 0.087500 0.107700 0.089400 0.092800
Sheep 0.003200 0.334300 0.127100 0.266600 0.089900 0.000000 0.106100 0.130900 0.111400 0.164400 0.032700 0.125300 0.077800 0.112600 0.109300 0.128900 0.162500 0.172300 0.067200 0.122500 0.119100 0.043000 0.165500 0.157700 0.039600 0.140000 0.067300 0.120000 0.122500 0.123700 0.175200 0.098900 0.217000 0.071000 0.084200 0.106500 0.029800 0.085800 0.147800 0.163000 0.172700 0.151200 0.171800 0.165700 0.106400 0.151300 0.129700 0.091700 0.129200 0.138100 0.130600 0.133900
MaxwellsDu 0.102700 0.334000 0.109600 0.269900 0.067400 0.106100 0.000000 0.116900 0.108500 0.155100 0.098800 0.115100 0.091900 0.031600 0.091300 0.115300 0.145100 0.151300 0.081000 0.112400 0.096900 0.087900 0.156300 0.152100 0.106400 0.118700 0.080800 0.102300 0.116000 0.106100 0.166200 0.017600 0.200900 0.084700 0.091000 0.095800 0.088900 0.063400 0.126600 0.170000 0.163600 0.133900 0.162700 0.152200 0.095700 0.121500 0.100400 0.084300 0.107700 0.132100 0.113100 0.116600
GazellaPrz 0.127500 0.328400 0.111600 0.261500 0.096200 0.130900 0.116900 0.000000 0.114700 0.153000 0.123500 0.132300 0.120500 0.112200 0.115700 0.065000 0.166600 0.188500 0.109400 0.110900 0.055000 0.120100 0.170300 0.154200 0.127500 0.075400 0.113500 0.108600 0.069000 0.112000 0.163900 0.105600 0.201900 0.117500 0.119700 0.112900 0.109800 0.099300 0.083100 0.172000 0.177600 0.078800 0.160500 0.162300 0.105300 0.142300 0.075800 0.120300 0.116900 0.145000 0.122800 0.122300
MountainNy 0.115400 0.278500 0.032200 0.223300 0.085100 0.111400 0.108500 0.114700 0.000000 0.131900 0.111600 0.077200 0.084100 0.096600 0.093700 0.120200 0.130100 0.150500 0.098000 0.035100 0.110400 0.101100 0.132800 0.132800 0.111600 0.134600 0.084000 0.015700 0.124700 0.018900 0.142300 0.097600 0.174700 0.087700 0.100900 0.066500 0.098700 0.084600 0.127400 0.141900 0.139600 0.138100 0.139000 0.140700 0.059300 0.160800 0.113400 0.101100 0.095100 0.096300 0.042000 0.035300
MuntiacusM 0.161000 0.315300 0.132800 0.280500 0.125000 0.164400 0.155100 0.153000 0.131900 0.000000 0.164500 0.131100 0.154400 0.149900 0.137200 0.162500 0.148900 0.166200 0.146500 0.139400 0.144600 0.153400 0.040600 0.040800 0.168800 0.170000 0.142800 0.125900 0.159800 0.125800 0.023300 0.135600 0.191400 0.147000 0.152900 0.108300 0.143000 0.128400 0.166400 0.075200 0.047300 0.181700 0.013200 0.062000 0.115600 0.185900 0.159300 0.138000 0.139200 0.143700 0.140200 0.121100
goat 0.029600 0.325300 0.119900 0.267100 0.082800 0.032700 0.098800 0.123500 0.111600 0.164500 0.000000 0.118100 0.077900 0.105300 0.095100 0.129300 0.155000 0.160900 0.060300 0.115400 0.111800 0.039700 0.165700 0.150200 0.006500 0.132700 0.067400 0.112800 0.122900 0.116600 0.175300 0.091600 0.209200 0.071000 0.077200 0.106700 0.026500 0.078800 0.140400 0.155500 0.172800 0.143800 0.171900 0.165900 0.106500 0.147400 0.122400 0.091800 0.122000 0.134500 0.123400 0.126700
AfricanBuf 0.122000 0.300300 0.084800 0.245600 0.094600 0.125300 0.115100 0.132300 0.077200 0.131100 0.118100 0.000000 0.115400 0.118000 0.099400 0.141800 0.137000 0.161900 0.104100 0.091300 0.124400 0.107300 0.132000 0.124500 0.122000 0.141500 0.104400 0.078000 0.139100 0.078000 0.134100 0.104000 0.182700 0.108300 0.107200 0.040200 0.101000 0.090400 0.141700 0.130300 0.139100 0.152800 0.130700 0.143800 0.040200 0.168600 0.127200 0.100100 0.115600 0.102500 0.084700 0.088100
Topi 0.074600 0.328200 0.095500 0.282400 0.079900 0.077800 0.091900 0.120500 0.084100 0.154400 0.077900 0.115400 0.000000 0.099000 0.106800 0.126400 0.163900 0.177600 0.078500 0.094900 0.101300 0.067600 0.155500 0.147700 0.085100 0.125800 0.009900 0.085100 0.127200 0.088700 0.165200 0.088700 0.211400 0.013200 0.039900 0.104000 0.068300 0.079400 0.122400 0.161000 0.162600 0.133300 0.161800 0.155700 0.096600 0.160900 0.108000 0.089100 0.123200 0.124600 0.102700 0.102500
CommonDuik 0.109300 0.325800 0.105000 0.258700 0.070600 0.112600 0.031600 0.112200 0.096600 0.149900 0.105300 0.118000 0.099000 0.000000 0.094200 0.114300 0.151600 0.157700 0.087700 0.100500 0.099900 0.094500 0.151000 0.146900 0.112900 0.121500 0.091500 0.090400 0.118900 0.094200 0.160900 0.021000 0.186800 0.095400 0.101700 0.098800 0.095600 0.066500 0.129400 0.164600 0.158200 0.136600 0.157400 0.147000 0.098600 0.124400 0.103400 0.090900 0.103100 0.134800 0.108400 0.104500
Suni 0.106000 0.339400 0.090700 0.255300 0.071900 0.109300 0.091300 0.115700 0.093700 0.137200 0.095100 0.099400 0.106800 0.094200 0.000000 0.121300 0.154500 0.167900 0.095700 0.090100 0.096800 0.091800 0.153500 0.138200 0.098800 0.121000 0.095900 0.087700 0.118500 0.091000 0.140200 0.080500 0.176500 0.099800 0.102400 0.081200 0.096100 0.061000 0.113800 0.170900 0.160500 0.124600 0.144400 0.153600 0.081100 0.131300 0.096300 0.077500 0.085300 0.112000 0.083700 0.101100
Springbuck 0.133000 0.344000 0.124600 0.280100 0.102200 0.128900 0.115300 0.065000 0.120200 0.162500 0.129300 0.141800 0.126400 0.114300 0.121300 0.000000 0.164300 0.178000 0.111400 0.131200 0.057700 0.129600 0.171700 0.163800 0.133300 0.056900 0.119400 0.121600 0.029900 0.125100 0.165500 0.107800 0.198800 0.119700 0.133200 0.122500 0.119400 0.101500 0.096200 0.189700 0.178900 0.067200 0.170000 0.172000 0.122300 0.148100 0.078300 0.125900 0.111400 0.146700 0.139400 0.135200
Okapi 0.159100 0.309300 0.127300 0.229500 0.135000 0.162500 0.145100 0.166600 0.130100 0.148900 0.155000 0.137000 0.163900 0.151600 0.154500 0.164300 0.000000 0.062400 0.133200 0.141600 0.150500 0.144000 0.157800 0.153900 0.162900 0.167700 0.152300 0.124200 0.173400 0.128000 0.163500 0.129600 0.161100 0.148700 0.154700 0.117900 0.141500 0.130400 0.175700 0.167300 0.164900 0.187200 0.152300 0.169800 0.117700 0.204100 0.153300 0.132300 0.145300 0.149200 0.134900 0.130900
Giraffe 0.168900 0.324600 0.140300 0.251000 0.148600 0.172300 0.151300 0.188500 0.150500 0.166200 0.160900 0.161900 0.177600 0.157700 0.167900 0.178000 0.062400 0.000000 0.146700 0.158500 0.164300 0.157500 0.167400 0.171300 0.168700 0.173600 0.165900 0.144700 0.183300 0.148600 0.180800 0.135900 0.186100 0.170200 0.160700 0.142400 0.155100 0.144000 0.181400 0.176900 0.166800 0.193100 0.161900 0.183600 0.142200 0.201800 0.159100 0.145700 0.162600 0.154900 0.140600 0.151300
TibetanAnt 0.063900 0.322700 0.106200 0.260700 0.065500 0.067200 0.081000 0.109400 0.098000 0.146500 0.060300 0.104100 0.078500 0.087700 0.095700 0.111400 0.133200 0.146700 0.000000 0.109000 0.094200 0.057100 0.132000 0.147500 0.067400 0.111200 0.067900 0.099100 0.104900 0.099300 0.157200 0.073900 0.178600 0.071600 0.077900 0.092900 0.050700 0.065100 0.111400 0.152900 0.146800 0.122100 0.153800 0.151700 0.092800 0.140600 0.093600 0.085300 0.104400 0.113300 0.106100 0.113000
Sitatunga 0.119200 0.297600 0.038800 0.216000 0.081700 0.122500 0.112400 0.110900 0.035100 0.139400 0.115400 0.091300 0.094900 0.100500 0.090100 0.131200 0.141600 0.158500 0.109000 0.000000 0.114000 0.104900 0.140400 0.140500 0.119200 0.130900 0.094900 0.019000 0.135800 0.022400 0.149900 0.101500 0.182600 0.098600 0.111900 0.073500 0.098700 0.081200 0.131000 0.153500 0.147300 0.141700 0.146600 0.140700 0.066200 0.160800 0.106100 0.097700 0.098600 0.106800 0.045400 0.038000
Oribi 0.115800 0.337100 0.107400 0.282900 0.081100 0.119100 0.096900 0.055000 0.110400 0.144600 0.111800 0.124400 0.101300 0.099900 0.096800 0.057700 0.150500 0.164300 0.094200 0.114000 0.000000 0.108400 0.161600 0.149500 0.115800 0.061000 0.094400 0.104300 0.054600 0.107800 0.147600 0.078400 0.197000 0.098300 0.097200 0.105200 0.098200 0.084200 0.072000 0.179600 0.168900 0.064400 0.152000 0.157600 0.097700 0.129700 0.068500 0.108600 0.109000 0.122000 0.114800 0.110500
BarbaryShe 0.039700 0.311700 0.109300 0.259400 0.075800 0.043000 0.087900 0.120100 0.101100 0.153400 0.039700 0.107300 0.067600 0.094500 0.091800 0.129600 0.144000 0.157500 0.057100 0.104900 0.108400 0.000000 0.154400 0.146700 0.046500 0.129300 0.057100 0.102300 0.126800 0.106000 0.164100 0.080800 0.205700 0.060700 0.067000 0.096100 0.026600 0.071800 0.129500 0.152100 0.161500 0.140400 0.160700 0.154600 0.095900 0.159700 0.111500 0.081300 0.115000 0.123700 0.112800 0.116200
Daviddeer 0.162200 0.318000 0.133700 0.269100 0.125900 0.165500 0.156300 0.170300 0.132800 0.040600 0.165700 0.132000 0.155500 0.151000 0.153500 0.171700 0.157800 0.167400 0.132000 0.140400 0.161600 0.154400 0.000000 0.048100 0.169900 0.179300 0.143800 0.126700 0.169000 0.123000 0.043900 0.144600 0.188800 0.148000 0.161700 0.116600 0.144000 0.129300 0.183700 0.068600 0.020000 0.191100 0.039600 0.069600 0.116400 0.204100 0.164600 0.146700 0.148000 0.160100 0.137400 0.129400
Reindeer 0.154300 0.308300 0.133700 0.265300 0.125900 0.157700 0.152100 0.154200 0.132800 0.040800 0.150200 0.124500 0.147700 0.146900 0.138200 0.163800 0.153900 0.171300 0.147500 0.140500 0.149500 0.146700 0.048100 0.000000 0.146700 0.171300 0.136100 0.126800 0.161100 0.126700 0.044000 0.140500 0.188700 0.140200 0.154000 0.109100 0.136200 0.129300 0.179400 0.061500 0.054900 0.183100 0.040700 0.034100 0.108900 0.195700 0.164300 0.131400 0.148000 0.152400 0.141200 0.129500
Ibex 0.036300 0.325600 0.123800 0.258900 0.090100 0.039600 0.106400 0.127500 0.111600 0.168800 0.006500 0.122000 0.085100 0.112900 0.098800 0.133300 0.162900 0.168700 0.067400 0.119200 0.115800 0.046500 0.169900 0.146700 0.000000 0.136700 0.074400 0.112900 0.126800 0.120400 0.179600 0.099100 0.213600 0.078100 0.084300 0.110500 0.029900 0.086000 0.144500 0.155700 0.177100 0.147800 0.176200 0.162300 0.110400 0.151600 0.126300 0.091900 0.125900 0.138400 0.127300 0.130600
GyrantGaze 0.136700 0.347000 0.131600 0.292100 0.102000 0.140000 0.118700 0.075400 0.134600 0.170000 0.132700 0.141500 0.125800 0.121500 0.121000 0.056900 0.167700 0.173600 0.111200 0.130900 0.061000 0.129300 0.179300 0.171300 0.136700 0.000000 0.122700 0.128700 0.060700 0.132200 0.172900 0.107600 0.214300 0.126800 0.125500 0.122200 0.119100 0.101300 0.099500 0.197100 0.178500 0.029600 0.169600 0.179400 0.122000 0.155100 0.074500 0.125600 0.126000 0.138800 0.131800 0.142300
Hartebeest 0.064000 0.318300 0.092000 0.269500 0.069100 0.067300 0.080800 0.113500 0.084000 0.142800 0.067400 0.104400 0.009900 0.091500 0.095900 0.119400 0.152300 0.165900 0.067900 0.094900 0.094400 0.057100 0.143800 0.136100 0.074400 0.122700 0.000000 0.085000 0.120100 0.088600 0.153500 0.077600 0.203000 0.003300 0.029800 0.093100 0.057700 0.068700 0.115500 0.149400 0.150900 0.126300 0.150100 0.144000 0.085800 0.149000 0.104900 0.078400 0.112000 0.113500 0.102600 0.102400
Bongo 0.116700 0.281900 0.022700 0.217700 0.078900 0.120000 0.102300 0.108600 0.015700 0.125900 0.112800 0.078000 0.085100 0.090400 0.087700 0.121600 0.124200 0.144700 0.099100 0.019000 0.104300 0.102300 0.126700 0.126800 0.112900 0.128700 0.085000 0.000000 0.126100 0.009500 0.136400 0.091400 0.169000 0.088800 0.102100 0.060300 0.099800 0.078500 0.121400 0.143600 0.133700 0.132200 0.133000 0.134700 0.053200 0.154900 0.107300 0.095100 0.088900 0.097400 0.032500 0.025500
Gerenuk 0.126700 0.361500 0.129100 0.295400 0.095300 0.122500 0.116000 0.069000 0.124700 0.159800 0.122900 0.139100 0.127200 0.118900 0.118500 0.029900 0.173400 0.183300 0.104900 0.135800 0.054600 0.126800 0.169000 0.161100 0.126800 0.060700 0.120100 0.126100 0.000000 0.129600 0.162800 0.104800 0.204100 0.124200 0.130400 0.119600 0.112900 0.094700 0.093200 0.187100 0.176300 0.071100 0.167300 0.169300 0.119400 0.145300 0.075300 0.123100 0.123500 0.144000 0.129300 0.139800
CommonElan 0.120500 0.291900 0.029200 0.226400 0.082600 0.123700 0.106100 0.112000 0.018900 0.125800 0.116600 0.078000 0.088700 0.094200 0.091000 0.125100 0.128000 0.148600 0.099300 0.022400 0.107800 0.106000 0.123000 0.126700 0.120400 0.132200 0.088600 0.009500 0.129600 0.000000 0.136300 0.095200 0.172500 0.092400 0.105700 0.060300 0.099700 0.082100 0.124900 0.147500 0.133600 0.135700 0.132900 0.134600 0.053100 0.158500 0.110800 0.098700 0.092400 0.100700 0.029100 0.028800
MuntiacusR 0.171800 0.318100 0.143300 0.283300 0.135700 0.175200 0.166200 0.163900 0.142300 0.023300 0.175300 0.134100 0.165200 0.160900 0.140200 0.165500 0.163500 0.180800 0.157200 0.149900 0.147600 0.164100 0.043900 0.044000 0.179600 0.172900 0.153500 0.136400 0.162800 0.136300 0.000000 0.154500 0.186300 0.157700 0.171400 0.111400 0.153800 0.139100 0.185300 0.078300 0.050700 0.184500 0.023200 0.065200 0.118600 0.205400 0.170300 0.148600 0.149900 0.161900 0.150700 0.139000
HarveysDui 0.095400 0.319500 0.098600 0.261300 0.056600 0.098900 0.017600 0.105600 0.097600 0.135600 0.091600 0.104000 0.088700 0.021000 0.080500 0.107800 0.129600 0.135900 0.073900 0.101500 0.078400 0.080800 0.144600 0.140500 0.099100 0.107600 0.077600 0.091400 0.104800 0.095200 0.154500 0.000000 0.188800 0.081500 0.080600 0.084900 0.081700 0.052700 0.107700 0.158400 0.151800 0.122600 0.143000 0.140600 0.084800 0.102300 0.089400 0.077200 0.096600 0.113300 0.102200 0.098200
Pronghorn 0.213500 0.347700 0.179600 0.246400 0.181400 0.217000 0.200900 0.201900 0.174700 0.191400 0.209200 0.182700 0.211400 0.186800 0.176500 0.198800 0.161100 0.186100 0.178600 0.182600 0.197000 0.205700 0.188800 0.188700 0.213600 0.214300 0.203000 0.169000 0.204100 0.172500 0.186300 0.188800 0.000000 0.199200 0.209400 0.158800 0.199200 0.172400 0.198400 0.206400 0.204000 0.218200 0.190900 0.205100 0.162300 0.236200 0.179800 0.189400 0.179400 0.182600 0.171800 0.183000
BlueWildeb 0.067700 0.323800 0.095800 0.274300 0.072900 0.071000 0.084700 0.117500 0.087700 0.147000 0.071000 0.108300 0.013200 0.095400 0.099800 0.119700 0.148700 0.170200 0.071600 0.098600 0.098300 0.060700 0.148000 0.140200 0.078100 0.126800 0.003300 0.088800 0.124200 0.092400 0.157700 0.081500 0.199200 0.000000 0.033200 0.096900 0.061400 0.072400 0.119400 0.153600 0.155100 0.130300 0.154300 0.148200 0.089500 0.153200 0.108900 0.082100 0.112300 0.117400 0.106500 0.106300
Gemsbok 0.080900 0.309100 0.109100 0.262000 0.079200 0.084200 0.091000 0.119700 0.100900 0.152900 0.077200 0.107200 0.039900 0.101700 0.102400 0.133200 0.154700 0.160700 0.077900 0.111900 0.097200 0.067000 0.161700 0.154000 0.084300 0.125500 0.029800 0.102100 0.130400 0.105700 0.171400 0.080600 0.209400 0.033200 0.000000 0.103100 0.067700 0.078700 0.114500 0.167100 0.161000 0.129000 0.152500 0.161900 0.095700 0.159200 0.115100 0.091900 0.122100 0.123400 0.101900 0.108600
Yak 0.103200 0.285100 0.066900 0.232000 0.076100 0.106500 0.095800 0.112900 0.066500 0.108300 0.106700 0.040200 0.104000 0.098800 0.081200 0.122500 0.117900 0.142400 0.092900 0.073500 0.105200 0.096100 0.116600 0.109100 0.110500 0.122200 0.093100 0.060300 0.119600 0.060300 0.111400 0.084900 0.158800 0.096900 0.103100 0.000000 0.089700 0.072100 0.122400 0.129900 0.123500 0.133200 0.108000 0.124200 0.006600 0.148200 0.108100 0.088800 0.096800 0.091400 0.066600 0.070200
BlueSheep 0.026600 0.305900 0.106600 0.257700 0.073000 0.029800 0.088900 0.109800 0.098700 0.143000 0.026500 0.101000 0.068300 0.095600 0.096100 0.119400 0.141500 0.155100 0.050700 0.098700 0.098200 0.026600 0.144000 0.136200 0.029900 0.119100 0.057700 0.099800 0.112900 0.099700 0.153800 0.081700 0.199200 0.061400 0.067700 0.089700 0.000000 0.069100 0.126800 0.149600 0.151100 0.130200 0.150300 0.144100 0.089600 0.149100 0.108800 0.082200 0.108400 0.117300 0.106600 0.109900
BohorReedb 0.082500 0.320600 0.085400 0.250400 0.016900 0.085800 0.063400 0.099300 0.084600 0.128400 0.078800 0.090400 0.079400 0.066500 0.061000 0.101500 0.130400 0.144000 0.065100 0.081200 0.084200 0.071800 0.129300 0.129300 0.086000 0.101300 0.068700 0.078500 0.094700 0.082100 0.139100 0.052700 0.172400 0.072400 0.078700 0.072100 0.069100 0.000000 0.108800 0.142700 0.136300 0.108500 0.135600 0.137200 0.072000 0.126500 0.072800 0.064700 0.087000 0.099700 0.088900 0.092200
KirksDik 0.144500 0.353400 0.117000 0.302000 0.105900 0.147800 0.126600 0.083100 0.127400 0.166400 0.140400 0.141700 0.122400 0.129400 0.113800 0.096200 0.175700 0.181400 0.111400 0.131000 0.072000 0.129500 0.183700 0.179400 0.144500 0.099500 0.115500 0.121400 0.093200 0.124900 0.185300 0.107700 0.198400 0.119400 0.114500 0.122400 0.126800 0.108800 0.000000 0.205400 0.191000 0.099400 0.173800 0.187700 0.114800 0.156300 0.064500 0.118300 0.130700 0.131500 0.117000 0.127600
RoeDeer 0.159700 0.298600 0.150900 0.273800 0.139200 0.163000 0.170000 0.172000 0.141900 0.075200 0.155500 0.130300 0.161000 0.164600 0.170900 0.189700 0.167300 0.176900 0.152900 0.153500 0.179600 0.152100 0.068600 0.061500 0.155700 0.197100 0.149400 0.143600 0.187100 0.147500 0.078300 0.158400 0.206400 0.153600 0.167100 0.129900 0.149600 0.142700 0.205400 0.000000 0.082500 0.209100 0.075000 0.083100 0.129700 0.222600 0.186200 0.144700 0.173500 0.161900 0.162000 0.150200
WhiteLippe 0.169300 0.326000 0.140600 0.276800 0.132900 0.172700 0.163600 0.177600 0.139600 0.047300 0.172800 0.139100 0.162600 0.158200 0.160500 0.178900 0.164900 0.166800 0.146800 0.147300 0.168900 0.161500 0.020000 0.054900 0.177100 0.178500 0.150900 0.133700 0.176300 0.133600 0.050700 0.151800 0.204000 0.155100 0.161000 0.123500 0.151100 0.136300 0.191000 0.082500 0.000000 0.190300 0.040300 0.076500 0.123300 0.203200 0.171800 0.153700 0.155100 0.167100 0.140600 0.136300
ThomsonGaz 0.147800 0.350600 0.135100 0.281900 0.112900 0.151200 0.133900 0.078800 0.138100 0.181700 0.143800 0.152800 0.133300 0.136600 0.124600 0.067200 0.187200 0.193100 0.122100 0.141700 0.064400 0.140400 0.191100 0.183100 0.147800 0.029600 0.126300 0.132200 0.071100 0.135700 0.184500 0.122600 0.218200 0.130300 0.129000 0.133200 0.130200 0.108500 0.099400 0.209100 0.190300 0.000000 0.181200 0.191400 0.125500 0.170600 0.088600 0.136700 0.133500 0.149900 0.135300 0.145800
MuntiacusC 0.168400 0.314400 0.139900 0.279800 0.132200 0.171800 0.162700 0.160500 0.139000 0.013200 0.171900 0.130700 0.161800 0.157400 0.144400 0.170000 0.152300 0.161900 0.153800 0.146600 0.152000 0.160700 0.039600 0.040700 0.176200 0.169600 0.150100 0.133000 0.167300 0.132900 0.023200 0.143000 0.190900 0.154300 0.152500 0.108000 0.150300 0.135600 0.173800 0.075000 0.040300 0.181200 0.000000 0.061800 0.115200 0.193600 0.166800 0.145200 0.146500 0.150900 0.139900 0.128200
WhiteTaile 0.162300 0.327800 0.141700 0.283000 0.133800 0.165700 0.152200 0.162300 0.140700 0.062000 0.165900 0.143800 0.155700 0.147000 0.153600 0.172000 0.169800 0.183600 0.151700 0.140700 0.157600 0.154600 0.069600 0.034100 0.162300 0.179400 0.144000 0.134700 0.169300 0.134600 0.065200 0.140600 0.205100 0.148200 0.161900 0.124200 0.144100 0.137200 0.187700 0.083100 0.076500 0.191400 0.061800 0.000000 0.124000 0.204300 0.164600 0.131500 0.148300 0.168000 0.149200 0.137300
Cattle 0.103100 0.284700 0.060000 0.223400 0.072400 0.106400 0.095700 0.105300 0.059300 0.115600 0.106500 0.040200 0.096600 0.098600 0.081100 0.122300 0.117700 0.142200 0.092800 0.066200 0.097700 0.095900 0.116400 0.108900 0.110400 0.122000 0.085800 0.053200 0.119400 0.053100 0.118600 0.084800 0.162300 0.089500 0.095700 0.006600 0.089600 0.072000 0.114800 0.129700 0.123300 0.125500 0.115200 0.124000 0.000000 0.148000 0.108000 0.088700 0.096700 0.090900 0.059900 0.063000
RoyalAntel 0.147800 0.381700 0.157800 0.336600 0.123500 0.151300 0.121500 0.142300 0.160800 0.185900 0.147400 0.168600 0.160900 0.124400 0.131300 0.148100 0.204100 0.201800 0.140600 0.160800 0.129700 0.159700 0.204100 0.195700 0.151600 0.155100 0.149000 0.154900 0.145300 0.158500 0.205400 0.102300 0.236200 0.153200 0.159200 0.148200 0.149100 0.126500 0.156300 0.222600 0.203200 0.170600 0.193600 0.204300 0.148000 0.000000 0.129200 0.136300 0.148400 0.173200 0.165600 0.153300
Steenbok 0.126300 0.335700 0.103000 0.268500 0.076800 0.129700 0.100400 0.075800 0.113400 0.159300 0.122400 0.127200 0.108000 0.103400 0.096300 0.078300 0.153300 0.159100 0.093600 0.106100 0.068500 0.111500 0.164600 0.164300 0.126300 0.074500 0.104900 0.107300 0.075300 0.110800 0.170300 0.089400 0.179800 0.108900 0.115100 0.108100 0.108800 0.072800 0.064500 0.186200 0.171800 0.088600 0.166800 0.164600 0.108000 0.129200 0.000000 0.104100 0.108300 0.124800 0.110400 0.120900
Impala 0.088400 0.326400 0.102100 0.252200 0.068600 0.091700 0.084300 0.120300 0.101100 0.138000 0.091800 0.100100 0.089100 0.090900 0.077500 0.125900 0.132300 0.145700 0.085300 0.097700 0.108600 0.081300 0.146700 0.131400 0.091900 0.125600 0.078400 0.095100 0.123100 0.098700 0.148600 0.077200 0.189400 0.082100 0.091900 0.088800 0.082200 0.064700 0.118300 0.144700 0.153700 0.136700 0.145200 0.131500 0.088700 0.136300 0.104100 0.000000 0.107600 0.123700 0.098300 0.108800
Klipspring 0.125900 0.325700 0.084800 0.259000 0.087500 0.129200 0.107700 0.116900 0.095100 0.139200 0.122000 0.115600 0.123200 0.103100 0.085300 0.111400 0.145300 0.162600 0.104400 0.098600 0.109000 0.115000 0.148000 0.148000 0.125900 0.126000 0.112000 0.088900 0.123500 0.092400 0.149900 0.096600 0.179400 0.112300 0.122100 0.096800 0.108400 0.087000 0.130700 0.173500 0.155100 0.133500 0.146500 0.148300 0.096700 0.148400 0.108300 0.107600 0.000000 0.128200 0.099300 0.102400
ForestMusk 0.134800 0.330600 0.093700 0.274000 0.107700 0.138100 0.132100 0.145000 0.096300 0.143700 0.134500 0.102500 0.124600 0.134800 0.112000 0.146700 0.149200 0.154900 0.113300 0.106800 0.122000 0.123700 0.160100 0.152400 0.138400 0.138800 0.113500 0.097400 0.144000 0.100700 0.161900 0.113300 0.182600 0.117400 0.123400 0.091400 0.117300 0.099700 0.131500 0.161900 0.167100 0.149900 0.150900 0.168000 0.090900 0.173200 0.124800 0.123700 0.128200 0.000000 0.107900 0.107200
Bushbuck 0.127300 0.304300 0.039000 0.237800 0.089400 0.130600 0.113100 0.122800 0.042000 0.140200 0.123400 0.084700 0.102700 0.108400 0.083700 0.139400 0.134900 0.140600 0.106100 0.045400 0.114800 0.112800 0.137400 0.141200 0.127300 0.131800 0.102600 0.032500 0.129300 0.029100 0.150700 0.102200 0.171800 0.106500 0.101900 0.066600 0.106600 0.088900 0.117000 0.162000 0.140600 0.135300 0.139900 0.149200 0.059900 0.165600 0.110400 0.098300 0.099300 0.107900 0.000000 0.042200
GreaterKud 0.130700 0.280800 0.039000 0.233300 0.092800 0.133900 0.116600 0.122300 0.035300 0.121100 0.126700 0.088100 0.102500 0.104500 0.101100 0.135200 0.130900 0.151300 0.113000 0.038000 0.110500 0.116200 0.129400 0.129500 0.130600 0.142300 0.102400 0.025500 0.139800 0.028800 0.139000 0.098200 0.183000 0.106300 0.108600 0.070200 0.109900 0.092200 0.127600 0.150200 0.136300 0.145800 0.128200 0.137300 0.063000 0.153300 0.120900 0.108800 0.102400 0.107200 0.042200 0.000000
