1
52 1
Argali 0.000000 0.415600 0.075300 0.151600 0.102500 0.000000 0.056000 0.049400 0.068700 0.109300 0.012000 0.088400 0.036600 0.062300 0.081800 0.068900 0.062300 0.088800 0.030400 0.068700 0.062000 0.018000 0.068700 0.088500 0.012000 0.062300 0.036600 0.081900 0.062100 0.068700 0.109300 0.055800 0.123200 0.049100 0.024300 0.082000 0.018100 0.102400 0.055800 0.068700 0.081800 0.055900 0.109300 0.081800 0.075300 0.089000 0.062300 0.088600 0.043200 0.081800 0.068700 0.075300
LesserMous 0.415600 0.000000 0.392600 0.375600 0.335200 0.415600 0.341400 0.352900 0.382900 0.394300 0.394100 0.437500 0.372800 0.351600 0.382200 0.403700 0.393500 0.405700 0.409200 0.382900 0.391900 0.402800 0.360600 0.354500 0.394100 0.393200 0.372800 0.404400 0.382600 0.382900 0.394300 0.342200 0.404800 0.382000 0.374100 0.430900 0.393300 0.335300 0.382400 0.360600 0.360400 0.384300 0.394300 0.361500 0.417600 0.385500 0.395800 0.411900 0.363300 0.382500 0.382900 0.394300
LesserKudu 0.075300 0.392600 0.000000 0.108800 0.089100 0.075300 0.056400 0.049600 0.006000 0.068700 0.062400 0.036500 0.062200 0.062700 0.082000 0.069300 0.036200 0.062200 0.081900 0.006000 0.055700 0.068800 0.030400 0.049400 0.062400 0.062700 0.062200 0.018100 0.061600 0.006000 0.068700 0.056200 0.108300 0.068800 0.049600 0.030100 0.062400 0.088400 0.056000 0.030100 0.042900 0.056200 0.068700 0.043000 0.024000 0.089100 0.062400 0.062300 0.043300 0.042900 0.006000 0.012000
KillerWhal 0.151600 0.375600 0.108800 0.000000 0.167200 0.151600 0.124300 0.109400 0.101900 0.115700 0.137400 0.122400 0.137100 0.138200 0.158800 0.131100 0.108700 0.122900 0.158800 0.101900 0.129900 0.144300 0.088400 0.108900 0.137400 0.138100 0.137100 0.115600 0.137400 0.101900 0.115700 0.130900 0.203400 0.144300 0.123400 0.115700 0.137400 0.167100 0.131000 0.088400 0.088500 0.131100 0.115700 0.088700 0.108700 0.166900 0.137600 0.136900 0.116700 0.101600 0.101900 0.108700
DefassaWat 0.102500 0.335200 0.089100 0.167200 0.000000 0.102500 0.083000 0.075800 0.082300 0.124000 0.089100 0.116200 0.088800 0.076000 0.082200 0.096400 0.075800 0.103000 0.095800 0.082300 0.088700 0.095700 0.082300 0.102900 0.089100 0.089400 0.088800 0.095800 0.089000 0.082300 0.124000 0.069400 0.145400 0.082100 0.074800 0.109600 0.089100 0.012100 0.082500 0.082300 0.095800 0.082800 0.124000 0.096000 0.102500 0.117000 0.089200 0.089100 0.069400 0.095700 0.082300 0.089100
Sheep 0.000000 0.415600 0.075300 0.151600 0.102500 0.000000 0.056000 0.049400 0.068700 0.109300 0.012000 0.088400 0.036600 0.062300 0.081800 0.068900 0.062300 0.088800 0.030400 0.068700 0.062000 0.018000 0.068700 0.088500 0.012000 0.062300 0.036600 0.081900 0.062100 0.068700 0.109300 0.055800 0.123200 0.049100 0.024300 0.082000 0.018100 0.102400 0.055800 0.068700 0.081800 0.055900 0.109300 0.081800 0.075300 0.089000 0.062300 0.088600 0.043200 0.081800 0.068700 0.075300
MaxwellsDu 0.056000 0.341400 0.056400 0.124300 0.083000 0.056000 0.000000 0.030800 0.049900 0.089700 0.043300 0.082500 0.043300 0.030800 0.062700 0.050100 0.056300 0.082900 0.062700 0.049900 0.043300 0.049600 0.049900 0.069400 0.043300 0.042900 0.043300 0.062900 0.037100 0.049900 0.089700 0.024500 0.138400 0.049700 0.030800 0.076000 0.043300 0.083000 0.037200 0.049900 0.062800 0.036700 0.089700 0.062800 0.069300 0.069600 0.043500 0.069500 0.024600 0.062800 0.049900 0.056300
GazellaPrz 0.049400 0.352900 0.049600 0.109400 0.075800 0.049400 0.030800 0.000000 0.043200 0.069200 0.036900 0.075300 0.036400 0.037100 0.055900 0.037000 0.049600 0.074700 0.055800 0.043200 0.030400 0.043100 0.030600 0.049700 0.036900 0.030700 0.036400 0.056000 0.030500 0.043200 0.069200 0.030700 0.130600 0.043100 0.024400 0.068900 0.036900 0.075700 0.030600 0.030200 0.043200 0.024500 0.069200 0.043300 0.062500 0.062700 0.030200 0.062500 0.018200 0.055200 0.043200 0.048900
MountainNy 0.068700 0.382900 0.006000 0.101900 0.082300 0.068700 0.049900 0.043200 0.000000 0.062200 0.055800 0.030100 0.055700 0.056200 0.075300 0.062700 0.030600 0.055300 0.074900 0.000000 0.049300 0.062200 0.024100 0.043000 0.055800 0.056200 0.055700 0.012000 0.055800 0.000000 0.061500 0.049700 0.101500 0.062200 0.042700 0.024200 0.055800 0.082300 0.049400 0.024100 0.036300 0.049700 0.062300 0.036700 0.018100 0.082300 0.055900 0.055800 0.036900 0.036600 0.000000 0.006000
MuntiacusM 0.109300 0.394300 0.068700 0.115700 0.124000 0.109300 0.089700 0.069200 0.062200 0.000000 0.095800 0.094900 0.094700 0.096300 0.102600 0.103300 0.068700 0.095500 0.102400 0.062100 0.089600 0.102500 0.036800 0.056000 0.095800 0.096300 0.095600 0.068700 0.095700 0.062200 0.000000 0.089400 0.158800 0.103000 0.082400 0.088400 0.095800 0.123800 0.089200 0.036800 0.049400 0.089500 0.000000 0.049500 0.081700 0.124000 0.075500 0.082100 0.074800 0.062000 0.062200 0.062300
goat 0.012000 0.394100 0.062400 0.137400 0.089100 0.012000 0.043300 0.036900 0.055800 0.095800 0.000000 0.088400 0.024200 0.049600 0.068800 0.056100 0.049500 0.075700 0.018200 0.055800 0.049300 0.006000 0.055900 0.075400 0.000000 0.049600 0.024200 0.068900 0.049400 0.055800 0.095800 0.043200 0.109500 0.036700 0.012100 0.082000 0.006000 0.089000 0.043200 0.055900 0.068800 0.043200 0.095800 0.068800 0.075300 0.075800 0.049600 0.075500 0.030700 0.068800 0.055800 0.062300
AfricanBuf 0.088400 0.437500 0.036500 0.122400 0.116200 0.088400 0.082500 0.075300 0.030100 0.094900 0.088400 0.000000 0.088200 0.088900 0.108600 0.095800 0.061800 0.088100 0.108500 0.030200 0.081500 0.095000 0.054700 0.074900 0.088400 0.075700 0.088200 0.042800 0.088500 0.030300 0.094900 0.082200 0.135700 0.094900 0.075300 0.018000 0.088400 0.116100 0.081900 0.055000 0.068300 0.069100 0.094900 0.068400 0.012000 0.116000 0.088400 0.088300 0.068900 0.068200 0.030300 0.036200
Topi 0.036600 0.372800 0.062200 0.137100 0.088800 0.036600 0.043300 0.036400 0.055700 0.094700 0.024200 0.088200 0.000000 0.049600 0.067900 0.056100 0.062200 0.088800 0.042800 0.055700 0.049200 0.030400 0.055600 0.075400 0.024200 0.049600 0.000000 0.068700 0.049300 0.055100 0.095600 0.043200 0.123000 0.011900 0.012000 0.081800 0.030400 0.088800 0.043100 0.055800 0.068700 0.043200 0.095600 0.068800 0.075500 0.075600 0.048800 0.074200 0.030600 0.068600 0.055700 0.062200
CommonDuik 0.062300 0.351600 0.062700 0.138200 0.076000 0.062300 0.030800 0.037100 0.056200 0.096300 0.049600 0.088900 0.049600 0.000000 0.069100 0.056400 0.062700 0.089500 0.069000 0.056200 0.049600 0.055900 0.056200 0.075800 0.049600 0.049700 0.049600 0.069300 0.049700 0.056200 0.096300 0.006000 0.130800 0.056000 0.037000 0.082400 0.049600 0.076000 0.030700 0.056200 0.069200 0.042900 0.096300 0.069200 0.075700 0.076100 0.049800 0.075900 0.030800 0.069200 0.056200 0.062700
Suni 0.081800 0.382200 0.082000 0.158800 0.082200 0.081800 0.062700 0.055900 0.075300 0.102600 0.068800 0.108600 0.067900 0.069100 0.000000 0.075800 0.082000 0.109300 0.088400 0.075300 0.068500 0.075200 0.075300 0.082300 0.068800 0.069100 0.068600 0.088600 0.068700 0.075300 0.102600 0.062500 0.166400 0.062000 0.055900 0.102000 0.068800 0.095600 0.062400 0.075300 0.088600 0.062600 0.103000 0.075600 0.095200 0.095800 0.068900 0.068900 0.049600 0.088500 0.075300 0.081900
Springbuck 0.068900 0.403700 0.069300 0.131100 0.096400 0.068900 0.050100 0.037000 0.062700 0.103300 0.056100 0.095800 0.056100 0.056400 0.075800 0.000000 0.069300 0.096300 0.075700 0.062700 0.043100 0.062400 0.062800 0.082500 0.056100 0.043400 0.056100 0.075900 0.030700 0.062700 0.103300 0.049900 0.152700 0.062600 0.043400 0.089200 0.056100 0.096300 0.049900 0.062800 0.075900 0.037000 0.103300 0.075900 0.082400 0.082900 0.043300 0.082700 0.037200 0.075800 0.062700 0.069300
Okapi 0.062300 0.393500 0.036200 0.108700 0.075800 0.062300 0.056300 0.049600 0.030600 0.068700 0.049500 0.061800 0.062200 0.062700 0.082000 0.069300 0.000000 0.024300 0.068800 0.030600 0.055700 0.055800 0.030400 0.049400 0.049500 0.062700 0.062200 0.042900 0.062300 0.030100 0.068700 0.056200 0.081800 0.068800 0.049600 0.055500 0.049500 0.075700 0.056000 0.030500 0.042900 0.056200 0.068000 0.043000 0.049100 0.089000 0.062500 0.062300 0.043300 0.042900 0.030400 0.036600
Giraffe 0.088800 0.405700 0.062200 0.122900 0.103000 0.088800 0.082900 0.074700 0.055300 0.095500 0.075700 0.088100 0.088800 0.089500 0.109300 0.096300 0.024300 0.000000 0.095500 0.055700 0.082000 0.082200 0.055800 0.075400 0.075700 0.089400 0.088800 0.068700 0.088900 0.055700 0.095500 0.082600 0.108900 0.095500 0.075700 0.081700 0.075700 0.102900 0.082400 0.055800 0.068700 0.082700 0.095500 0.055900 0.075000 0.116800 0.089100 0.088800 0.069300 0.068800 0.056100 0.062200
TibetanAnt 0.030400 0.409200 0.081900 0.158800 0.095800 0.030400 0.062700 0.055800 0.074900 0.102400 0.018200 0.108500 0.042800 0.069000 0.088400 0.075700 0.068800 0.095500 0.000000 0.075200 0.068400 0.024300 0.075300 0.095600 0.018200 0.069000 0.042800 0.088500 0.068600 0.075200 0.102400 0.062400 0.130500 0.055500 0.030500 0.102100 0.024300 0.095700 0.061400 0.075300 0.088500 0.062500 0.102400 0.088700 0.095200 0.095800 0.055900 0.082000 0.049500 0.088400 0.075200 0.081900
Sitatunga 0.068700 0.382900 0.006000 0.101900 0.082300 0.068700 0.049900 0.043200 0.000000 0.062100 0.055800 0.030200 0.055700 0.056200 0.075300 0.062700 0.030600 0.055700 0.075200 0.000000 0.049300 0.062200 0.024000 0.043000 0.055800 0.056200 0.055700 0.012100 0.055800 0.000000 0.062200 0.049700 0.101500 0.062200 0.043200 0.024200 0.055800 0.082300 0.049600 0.024200 0.036600 0.049700 0.062200 0.036700 0.018100 0.082300 0.055900 0.055900 0.036900 0.036600 0.000000 0.006000
Oribi 0.062000 0.391900 0.055700 0.129900 0.088700 0.062000 0.043300 0.030400 0.049300 0.089600 0.049300 0.081500 0.049200 0.049600 0.068500 0.043100 0.055700 0.082000 0.068400 0.049300 0.000000 0.055600 0.049100 0.068800 0.049300 0.036800 0.049200 0.062200 0.036200 0.049300 0.088700 0.043100 0.136900 0.055500 0.036700 0.075100 0.049300 0.088600 0.043000 0.049300 0.062100 0.030500 0.088700 0.062300 0.068500 0.075400 0.036600 0.075300 0.030600 0.062100 0.049300 0.055700
BarbaryShe 0.018000 0.402800 0.068800 0.144300 0.095700 0.018000 0.049600 0.043100 0.062200 0.102500 0.006000 0.095000 0.030400 0.055900 0.075200 0.062400 0.055800 0.082200 0.024300 0.062200 0.055600 0.000000 0.062300 0.081900 0.006000 0.055900 0.030400 0.075300 0.055700 0.062200 0.102500 0.049500 0.116200 0.042900 0.018200 0.088500 0.012000 0.095600 0.049500 0.062300 0.075300 0.049500 0.102500 0.075300 0.081800 0.082300 0.055900 0.082000 0.036900 0.075200 0.062200 0.068700
Daviddeer 0.068700 0.360600 0.030400 0.088400 0.082300 0.068700 0.049900 0.030600 0.024100 0.036800 0.055900 0.054700 0.055600 0.056200 0.075300 0.062800 0.030400 0.055800 0.075300 0.024000 0.049100 0.062300 0.000000 0.018200 0.055900 0.056200 0.055800 0.036600 0.055800 0.024200 0.036800 0.049700 0.115500 0.062200 0.043200 0.049200 0.055900 0.082300 0.049600 0.000000 0.012000 0.049800 0.036700 0.012100 0.042300 0.082400 0.056000 0.055800 0.037000 0.036600 0.024200 0.030400
Reindeer 0.088500 0.354500 0.049400 0.108900 0.102900 0.088500 0.069400 0.049700 0.043000 0.056000 0.075400 0.074900 0.075400 0.075800 0.082300 0.082500 0.049400 0.075400 0.095600 0.043000 0.068800 0.081900 0.018200 0.000000 0.075400 0.075800 0.075400 0.055700 0.075500 0.043000 0.056000 0.069100 0.123100 0.082100 0.062600 0.068600 0.075400 0.102800 0.069100 0.018200 0.030500 0.069200 0.056000 0.018100 0.062000 0.089500 0.075700 0.075500 0.056200 0.055700 0.043000 0.049300
Ibex 0.012000 0.394100 0.062400 0.137400 0.089100 0.012000 0.043300 0.036900 0.055800 0.095800 0.000000 0.088400 0.024200 0.049600 0.068800 0.056100 0.049500 0.075700 0.018200 0.055800 0.049300 0.006000 0.055900 0.075400 0.000000 0.049600 0.024200 0.068900 0.049400 0.055800 0.095800 0.043200 0.109500 0.036700 0.012100 0.082000 0.006000 0.089000 0.043200 0.055900 0.068800 0.043200 0.095800 0.068800 0.075300 0.075800 0.049600 0.075500 0.030700 0.068800 0.055800 0.062300
GyrantGaze 0.062300 0.393200 0.062700 0.138100 0.089400 0.062300 0.042900 0.030700 0.056200 0.096300 0.049600 0.075700 0.049600 0.049700 0.069100 0.043400 0.062700 0.089400 0.069000 0.056200 0.036800 0.055900 0.056200 0.075800 0.049600 0.000000 0.049600 0.069200 0.036900 0.056200 0.096300 0.043300 0.145200 0.056000 0.037000 0.082400 0.049600 0.089300 0.043400 0.056200 0.069200 0.006000 0.096300 0.069200 0.075700 0.076100 0.036900 0.075900 0.030800 0.069100 0.056200 0.062700
Hartebeest 0.036600 0.372800 0.062200 0.137100 0.088800 0.036600 0.043300 0.036400 0.055700 0.095600 0.024200 0.088200 0.000000 0.049600 0.068600 0.056100 0.062200 0.088800 0.042800 0.055700 0.049200 0.030400 0.055800 0.075400 0.024200 0.049600 0.000000 0.068700 0.049300 0.055700 0.095600 0.043200 0.123000 0.012000 0.012000 0.081800 0.030400 0.088800 0.043100 0.055800 0.068700 0.043200 0.095600 0.068800 0.075100 0.076000 0.049400 0.076000 0.030800 0.068600 0.055700 0.062200
Bongo 0.081900 0.404400 0.018100 0.115600 0.095800 0.081900 0.062900 0.056000 0.012000 0.068700 0.068900 0.042800 0.068700 0.069300 0.088600 0.075900 0.042900 0.068700 0.088500 0.012100 0.062200 0.075300 0.036600 0.055700 0.068900 0.069200 0.068700 0.000000 0.068800 0.012000 0.068700 0.062600 0.115200 0.075200 0.056000 0.036600 0.068900 0.095800 0.062500 0.036600 0.049200 0.062700 0.068400 0.049300 0.030300 0.095800 0.062400 0.068800 0.049700 0.049200 0.012000 0.006000
Gerenuk 0.062100 0.382600 0.061600 0.137400 0.089000 0.062100 0.037100 0.030500 0.055800 0.095700 0.049400 0.088500 0.049300 0.049700 0.068700 0.030700 0.062300 0.088900 0.068600 0.055800 0.036200 0.055700 0.055800 0.075500 0.049400 0.036900 0.049300 0.068800 0.000000 0.055800 0.095700 0.043300 0.144400 0.055700 0.036800 0.082000 0.049400 0.088900 0.042800 0.055800 0.068100 0.030600 0.095700 0.069000 0.075300 0.075600 0.036800 0.075600 0.030500 0.068800 0.055800 0.061600
CommonElan 0.068700 0.382900 0.006000 0.101900 0.082300 0.068700 0.049900 0.043200 0.000000 0.062200 0.055800 0.030300 0.055100 0.056200 0.075300 0.062700 0.030100 0.055700 0.075200 0.000000 0.049300 0.062200 0.024200 0.043000 0.055800 0.056200 0.055700 0.012000 0.055800 0.000000 0.062200 0.049700 0.101500 0.062200 0.043200 0.024000 0.055800 0.082300 0.049600 0.024200 0.036200 0.049700 0.062200 0.036700 0.018100 0.082300 0.055200 0.055800 0.036900 0.036600 0.000000 0.006000
MuntiacusR 0.109300 0.394300 0.068700 0.115700 0.124000 0.109300 0.089700 0.069200 0.061500 0.000000 0.095800 0.094900 0.095600 0.096300 0.102600 0.103300 0.068700 0.095500 0.102400 0.062200 0.088700 0.102500 0.036800 0.056000 0.095800 0.096300 0.095600 0.068700 0.095700 0.062200 0.000000 0.089400 0.158800 0.103100 0.082400 0.088400 0.095800 0.123800 0.089200 0.036800 0.049400 0.089500 0.000000 0.049500 0.081700 0.124000 0.075500 0.082100 0.075200 0.062000 0.062200 0.062200
HarveysDui 0.055800 0.342200 0.056200 0.130900 0.069400 0.055800 0.024500 0.030700 0.049700 0.089400 0.043200 0.082200 0.043200 0.006000 0.062500 0.049900 0.056200 0.082600 0.062400 0.049700 0.043100 0.049500 0.049700 0.069100 0.043200 0.043300 0.043200 0.062600 0.043300 0.049700 0.089400 0.000000 0.123600 0.049600 0.030700 0.075700 0.043200 0.069300 0.037000 0.049700 0.062600 0.036500 0.089400 0.062600 0.069000 0.069400 0.043300 0.069300 0.024600 0.062600 0.049700 0.056100
Pronghorn 0.123200 0.404800 0.108300 0.203400 0.145400 0.123200 0.138400 0.130600 0.101500 0.158800 0.109500 0.135700 0.123000 0.130800 0.166400 0.152700 0.081800 0.108900 0.130500 0.101500 0.136900 0.116200 0.115500 0.123100 0.109500 0.145200 0.123000 0.115200 0.144400 0.101500 0.158800 0.123600 0.000000 0.130000 0.109600 0.129200 0.109500 0.145200 0.137500 0.115500 0.115100 0.138100 0.158800 0.129600 0.122000 0.160700 0.145000 0.143900 0.123600 0.129300 0.101500 0.108400
BlueWildeb 0.049100 0.382000 0.068800 0.144300 0.082100 0.049100 0.049700 0.043100 0.062200 0.103000 0.036700 0.094900 0.011900 0.056000 0.062000 0.062600 0.068800 0.095500 0.055500 0.062200 0.055500 0.042900 0.062200 0.082100 0.036700 0.056000 0.012000 0.075200 0.055700 0.062200 0.103100 0.049600 0.130000 0.000000 0.024100 0.088400 0.030400 0.095500 0.049400 0.062200 0.075200 0.049600 0.102400 0.075400 0.081700 0.082200 0.055800 0.068800 0.036900 0.075200 0.062200 0.068700
Gemsbok 0.024300 0.374100 0.049600 0.123400 0.074800 0.024300 0.030800 0.024400 0.042700 0.082400 0.012100 0.075300 0.012000 0.037000 0.055900 0.043400 0.049600 0.075700 0.030500 0.043200 0.036700 0.018200 0.043200 0.062600 0.012100 0.037000 0.012000 0.056000 0.036800 0.043200 0.082400 0.030700 0.109600 0.024100 0.000000 0.068900 0.018200 0.075700 0.030600 0.042700 0.055900 0.030800 0.082400 0.056100 0.062300 0.062700 0.036900 0.062500 0.018300 0.055600 0.042800 0.049100
Yak 0.082000 0.430900 0.030100 0.115700 0.109600 0.082000 0.076000 0.068900 0.024200 0.088400 0.082000 0.018000 0.081800 0.082400 0.102000 0.089200 0.055500 0.081700 0.102100 0.024200 0.075100 0.088500 0.049200 0.068600 0.082000 0.082400 0.081800 0.036600 0.082000 0.024000 0.088400 0.075700 0.129200 0.088400 0.068900 0.000000 0.082000 0.109500 0.075500 0.048600 0.061900 0.075800 0.088400 0.062100 0.006000 0.109500 0.082100 0.081800 0.062300 0.061900 0.024200 0.030400
BlueSheep 0.018100 0.393300 0.062400 0.137400 0.089100 0.018100 0.043300 0.036900 0.055800 0.095800 0.006000 0.088400 0.030400 0.049600 0.068800 0.056100 0.049500 0.075700 0.024300 0.055800 0.049300 0.012000 0.055900 0.075400 0.006000 0.049600 0.030400 0.068900 0.049400 0.055800 0.095800 0.043200 0.109500 0.030400 0.018200 0.082000 0.000000 0.089000 0.043200 0.055900 0.068800 0.043200 0.095800 0.068800 0.075300 0.075800 0.049600 0.075500 0.030700 0.068800 0.055800 0.062300
BohorReedb 0.102400 0.335300 0.088400 0.167100 0.012100 0.102400 0.083000 0.075700 0.082300 0.123800 0.089000 0.116100 0.088800 0.076000 0.095600 0.096300 0.075700 0.102900 0.095700 0.082300 0.088600 0.095600 0.082300 0.102800 0.089000 0.089300 0.088800 0.095800 0.088900 0.082300 0.123800 0.069300 0.145200 0.095500 0.075700 0.109500 0.089000 0.000000 0.082400 0.082300 0.095700 0.082700 0.123800 0.095900 0.102500 0.116800 0.089100 0.101600 0.069300 0.095700 0.082300 0.089000
KirksDik 0.055800 0.382400 0.056000 0.131000 0.082500 0.055800 0.037200 0.030600 0.049400 0.089200 0.043200 0.081900 0.043100 0.030700 0.062400 0.049900 0.056000 0.082400 0.061400 0.049600 0.043000 0.049500 0.049600 0.069100 0.043200 0.043400 0.043100 0.062500 0.042800 0.049600 0.089200 0.037000 0.137500 0.049400 0.030600 0.075500 0.043200 0.082400 0.000000 0.049600 0.062500 0.037100 0.089200 0.062600 0.068900 0.069200 0.043200 0.062600 0.024300 0.062400 0.049600 0.056000
RoeDeer 0.068700 0.360600 0.030100 0.088400 0.082300 0.068700 0.049900 0.030200 0.024100 0.036800 0.055900 0.055000 0.055800 0.056200 0.075300 0.062800 0.030500 0.055800 0.075300 0.024200 0.049300 0.062300 0.000000 0.018200 0.055900 0.056200 0.055800 0.036600 0.055800 0.024200 0.036800 0.049700 0.115500 0.062200 0.042700 0.048600 0.055900 0.082300 0.049600 0.000000 0.012000 0.049800 0.036800 0.012100 0.042800 0.082400 0.056000 0.055800 0.036400 0.036500 0.024200 0.030400
WhiteLippe 0.081800 0.360400 0.042900 0.088500 0.095800 0.081800 0.062800 0.043200 0.036300 0.049400 0.068800 0.068300 0.068700 0.069200 0.088600 0.075900 0.042900 0.068700 0.088500 0.036600 0.062100 0.075300 0.012000 0.030500 0.068800 0.069200 0.068700 0.049200 0.068100 0.036200 0.049400 0.062600 0.115100 0.075200 0.055900 0.061900 0.068800 0.095700 0.062500 0.012000 0.000000 0.062700 0.049400 0.024300 0.055500 0.095800 0.068900 0.068700 0.049700 0.049000 0.036600 0.042900
ThomsonGaz 0.055900 0.384300 0.056200 0.131100 0.082800 0.055900 0.036700 0.024500 0.049700 0.089500 0.043200 0.069100 0.043200 0.042900 0.062600 0.037000 0.056200 0.082700 0.062500 0.049700 0.030500 0.049500 0.049800 0.069200 0.043200 0.006000 0.043200 0.062700 0.030600 0.049700 0.089500 0.036500 0.138100 0.049600 0.030800 0.075800 0.043200 0.082700 0.037100 0.049800 0.062700 0.000000 0.089500 0.062700 0.069100 0.069500 0.030700 0.069300 0.024600 0.062600 0.049700 0.056200
MuntiacusC 0.109300 0.394300 0.068700 0.115700 0.124000 0.109300 0.089700 0.069200 0.062300 0.000000 0.095800 0.094900 0.095600 0.096300 0.103000 0.103300 0.068000 0.095500 0.102400 0.062200 0.088700 0.102500 0.036700 0.056000 0.095800 0.096300 0.095600 0.068400 0.095700 0.062200 0.000000 0.089400 0.158800 0.102400 0.082400 0.088400 0.095800 0.123800 0.089200 0.036800 0.049400 0.089500 0.000000 0.049500 0.081700 0.124000 0.075500 0.082100 0.076000 0.062000 0.062200 0.062200
WhiteTaile 0.081800 0.361500 0.043000 0.088700 0.096000 0.081800 0.062800 0.043300 0.036700 0.049500 0.068800 0.068400 0.068800 0.069200 0.075600 0.075900 0.043000 0.055900 0.088700 0.036700 0.062300 0.075300 0.012100 0.018100 0.068800 0.069200 0.068800 0.049300 0.069000 0.036700 0.049500 0.062600 0.129600 0.075400 0.056100 0.062100 0.068800 0.095900 0.062600 0.012100 0.024300 0.062700 0.049500 0.000000 0.055600 0.096000 0.069100 0.068900 0.049800 0.049300 0.036700 0.043000
Cattle 0.075300 0.417600 0.024000 0.108700 0.102500 0.075300 0.069300 0.062500 0.018100 0.081700 0.075300 0.012000 0.075500 0.075700 0.095200 0.082400 0.049100 0.075000 0.095200 0.018100 0.068500 0.081800 0.042300 0.062000 0.075300 0.075700 0.075100 0.030300 0.075300 0.018100 0.081700 0.069000 0.122000 0.081700 0.062300 0.006000 0.075300 0.102500 0.068900 0.042800 0.055500 0.069100 0.081700 0.055600 0.000000 0.102500 0.075400 0.075100 0.055600 0.055400 0.018000 0.024000
RoyalAntel 0.089000 0.385500 0.089100 0.166900 0.117000 0.089000 0.069600 0.062700 0.082300 0.124000 0.075800 0.116000 0.075600 0.076100 0.095800 0.082900 0.089000 0.116800 0.095800 0.082300 0.075400 0.082300 0.082400 0.089500 0.075800 0.076100 0.076000 0.095800 0.075600 0.082300 0.124000 0.069400 0.160700 0.082200 0.062700 0.109500 0.075800 0.116800 0.069200 0.082400 0.095800 0.069500 0.124000 0.096000 0.102500 0.000000 0.075900 0.102700 0.056300 0.095700 0.082300 0.089100
Steenbok 0.062300 0.395800 0.062400 0.137600 0.089200 0.062300 0.043500 0.030200 0.055900 0.075500 0.049600 0.088400 0.048800 0.049800 0.068900 0.043300 0.062500 0.089100 0.055900 0.055900 0.036600 0.055900 0.056000 0.075700 0.049600 0.036900 0.049400 0.062400 0.036800 0.055200 0.075500 0.043300 0.145000 0.055800 0.036900 0.082100 0.049600 0.089100 0.043200 0.056000 0.068900 0.030700 0.075500 0.069100 0.075400 0.075900 0.000000 0.062500 0.030700 0.068900 0.055900 0.055900
Impala 0.088600 0.411900 0.062300 0.136900 0.089100 0.088600 0.069500 0.062500 0.055800 0.082100 0.075500 0.088300 0.074200 0.075900 0.068900 0.082700 0.062300 0.088800 0.082000 0.055900 0.075300 0.082000 0.055800 0.075500 0.075500 0.075900 0.076000 0.068800 0.075600 0.055800 0.082100 0.069300 0.143900 0.068800 0.062500 0.081800 0.075500 0.101600 0.062600 0.055800 0.068700 0.069300 0.082100 0.068900 0.075100 0.102700 0.062500 0.000000 0.056200 0.068600 0.055800 0.062300
Klipspring 0.043200 0.363300 0.043300 0.116700 0.069400 0.043200 0.024600 0.018200 0.036900 0.074800 0.030700 0.068900 0.030600 0.030800 0.049600 0.037200 0.043300 0.069300 0.049500 0.036900 0.030600 0.036900 0.037000 0.056200 0.030700 0.030800 0.030800 0.049700 0.030500 0.036900 0.075200 0.024600 0.123600 0.036900 0.018300 0.062300 0.030700 0.069300 0.024300 0.036400 0.049700 0.024600 0.076000 0.049800 0.055600 0.056300 0.030700 0.056200 0.000000 0.049600 0.036900 0.043300
ForestMusk 0.081800 0.382500 0.042900 0.101600 0.095700 0.081800 0.062800 0.055200 0.036600 0.062000 0.068800 0.068200 0.068600 0.069200 0.088500 0.075800 0.042900 0.068800 0.088400 0.036600 0.062100 0.075200 0.036600 0.055700 0.068800 0.069100 0.068600 0.049200 0.068800 0.036600 0.062000 0.062600 0.129300 0.075200 0.055600 0.061900 0.068800 0.095700 0.062400 0.036500 0.049000 0.062600 0.062000 0.049300 0.055400 0.095700 0.068900 0.068600 0.049600 0.000000 0.036200 0.042900
Bushbuck 0.068700 0.382900 0.006000 0.101900 0.082300 0.068700 0.049900 0.043200 0.000000 0.062200 0.055800 0.030300 0.055700 0.056200 0.075300 0.062700 0.030400 0.056100 0.075200 0.000000 0.049300 0.062200 0.024200 0.043000 0.055800 0.056200 0.055700 0.012000 0.055800 0.000000 0.062200 0.049700 0.101500 0.062200 0.042800 0.024200 0.055800 0.082300 0.049600 0.024200 0.036600 0.049700 0.062200 0.036700 0.018000 0.082300 0.055900 0.055800 0.036900 0.036200 0.000000 0.006000
GreaterKud 0.075300 0.394300 0.012000 0.108700 0.089100 0.075300 0.056300 0.048900 0.006000 0.062300 0.062300 0.036200 0.062200 0.062700 0.081900 0.069300 0.036600 0.062200 0.081900 0.006000 0.055700 0.068700 0.030400 0.049300 0.062300 0.062700 0.062200 0.006000 0.061600 0.006000 0.062200 0.056100 0.108400 0.068700 0.049100 0.030400 0.062300 0.089000 0.056000 0.030400 0.042900 0.056200 0.062200 0.043000 0.024000 0.089100 0.055900 0.062300 0.043300 0.042900 0.006000 0.000000
