1
52 1
Argali 0.000000 0.243000 0.104100 0.262700 0.074000 0.021800 0.050500 0.044300 0.092300 0.073800 0.016500 0.086900 0.056400 0.044700 0.086100 0.062600 0.085600 0.104500 0.050400 0.104700 0.050400 0.022100 0.085800 0.073800 0.022100 0.080800 0.050400 0.104900 0.057000 0.098900 0.086300 0.056500 0.096600 0.050500 0.033100 0.086800 0.016500 0.067900 0.056600 0.123400 0.085700 0.086700 0.073900 0.073900 0.086800 0.062900 0.039000 0.081400 0.098700 0.097700 0.098500 0.098800
LesserMous 0.243000 0.000000 0.249600 0.222100 0.234800 0.243500 0.207400 0.241800 0.228900 0.221600 0.236800 0.238500 0.242700 0.214600 0.236600 0.260100 0.186000 0.214500 0.282300 0.221700 0.235700 0.245500 0.221400 0.221400 0.244600 0.269200 0.235600 0.237000 0.239300 0.237400 0.222700 0.215900 0.220300 0.251000 0.249800 0.238000 0.236800 0.242100 0.238100 0.234000 0.235600 0.275700 0.221800 0.221800 0.238000 0.239200 0.222000 0.232100 0.237200 0.266300 0.236500 0.235500
LesserKudu 0.104100 0.249600 0.000000 0.286500 0.098000 0.104300 0.098100 0.103400 0.022000 0.085600 0.098200 0.050800 0.116800 0.104200 0.136000 0.124100 0.110300 0.129900 0.134900 0.033200 0.110400 0.104800 0.110500 0.085500 0.104500 0.137000 0.122800 0.033300 0.105200 0.027800 0.098200 0.117200 0.148400 0.122900 0.103700 0.050700 0.098200 0.104000 0.117400 0.110600 0.110300 0.156400 0.085700 0.085700 0.050700 0.099400 0.110600 0.118400 0.123700 0.129400 0.027600 0.027800
KillerWhal 0.262700 0.222100 0.286500 0.000000 0.253500 0.240400 0.233100 0.260600 0.264900 0.236100 0.248300 0.270200 0.286700 0.255600 0.232100 0.296000 0.206900 0.260000 0.278700 0.280700 0.261800 0.257200 0.250900 0.235900 0.241600 0.289000 0.262300 0.281400 0.274400 0.273900 0.258100 0.241500 0.235900 0.278300 0.253600 0.269700 0.248300 0.230500 0.280600 0.263600 0.250200 0.297400 0.236200 0.236300 0.269700 0.251100 0.263700 0.276300 0.234700 0.272800 0.272400 0.271600
DefassaWat 0.074000 0.234800 0.098000 0.253500 0.000000 0.062300 0.044800 0.061800 0.086400 0.080000 0.056500 0.081000 0.074300 0.050600 0.092400 0.086700 0.091900 0.098600 0.092200 0.098700 0.080100 0.062600 0.092100 0.080000 0.062400 0.105700 0.068100 0.098900 0.081100 0.098500 0.080400 0.062500 0.116600 0.068200 0.073700 0.093200 0.056500 0.027300 0.080600 0.117400 0.092000 0.124500 0.080100 0.080100 0.093200 0.057100 0.056400 0.075500 0.080600 0.097600 0.092600 0.092900
Sheep 0.021800 0.243500 0.104300 0.240400 0.062300 0.000000 0.039100 0.044400 0.080400 0.062200 0.005500 0.075000 0.045000 0.033400 0.062400 0.062700 0.073900 0.092500 0.039100 0.092600 0.050500 0.011000 0.074100 0.062200 0.011000 0.068900 0.039100 0.092800 0.057100 0.086900 0.074500 0.045000 0.097000 0.039100 0.033200 0.074900 0.005500 0.044700 0.056800 0.111200 0.074000 0.086900 0.062300 0.062300 0.074900 0.051200 0.039100 0.069500 0.086700 0.085600 0.086600 0.086800
MaxwellsDu 0.050500 0.207400 0.098100 0.233100 0.044800 0.039100 0.000000 0.050200 0.074400 0.056400 0.033400 0.069000 0.050700 0.016500 0.056500 0.062700 0.067900 0.086400 0.068100 0.086500 0.056400 0.039300 0.068200 0.056400 0.039200 0.081000 0.044800 0.086700 0.057100 0.080800 0.056600 0.027900 0.092100 0.044900 0.050300 0.068900 0.033400 0.050500 0.056700 0.104900 0.068000 0.099300 0.056400 0.056400 0.068900 0.045400 0.033400 0.063500 0.056800 0.073300 0.080500 0.080700
GazellaPrz 0.044300 0.241800 0.103400 0.260600 0.061800 0.044400 0.050200 0.000000 0.091800 0.073400 0.038800 0.086400 0.067700 0.044400 0.085600 0.050500 0.073300 0.091700 0.073400 0.091800 0.038700 0.044600 0.085300 0.073400 0.044500 0.068300 0.061600 0.104300 0.045000 0.098300 0.085700 0.056200 0.097200 0.061700 0.044200 0.086200 0.038800 0.055900 0.056300 0.122700 0.085100 0.086200 0.073400 0.073500 0.086200 0.062500 0.038700 0.087000 0.098100 0.096800 0.097900 0.098200
MountainNy 0.092300 0.228900 0.022000 0.264900 0.086400 0.080400 0.074400 0.091800 0.000000 0.062300 0.074500 0.028000 0.092700 0.080400 0.111400 0.112100 0.086300 0.105400 0.110200 0.011000 0.098600 0.080800 0.086600 0.062200 0.080600 0.124900 0.098600 0.011000 0.093400 0.005500 0.074600 0.093000 0.123600 0.098700 0.091900 0.028000 0.074500 0.080200 0.093200 0.105000 0.086400 0.144100 0.062300 0.062300 0.028000 0.075400 0.086600 0.094000 0.099300 0.104600 0.005500 0.005500
MuntiacusM 0.073800 0.221600 0.085600 0.236100 0.080000 0.062200 0.056400 0.073400 0.062300 0.000000 0.056400 0.061300 0.074400 0.062200 0.080100 0.092900 0.067900 0.086300 0.090900 0.074200 0.080000 0.062500 0.022200 0.000000 0.062400 0.111900 0.068200 0.074300 0.068700 0.068500 0.011000 0.074400 0.092000 0.068300 0.073600 0.056800 0.056400 0.073800 0.086600 0.050700 0.022100 0.130800 0.000000 0.000000 0.056800 0.081100 0.068100 0.100200 0.092600 0.079300 0.068300 0.068400
goat 0.016500 0.236800 0.098200 0.248300 0.056500 0.005500 0.033400 0.038800 0.074500 0.056400 0.000000 0.069000 0.039200 0.027600 0.068300 0.056900 0.068000 0.086400 0.033400 0.086600 0.044800 0.005500 0.068200 0.056400 0.005500 0.075000 0.033400 0.086800 0.051300 0.080900 0.068500 0.039300 0.092000 0.033400 0.027600 0.068900 0.000000 0.050500 0.050900 0.105000 0.068100 0.093100 0.056400 0.056500 0.068900 0.045400 0.033400 0.063600 0.080700 0.092000 0.080500 0.080800
AfricanBuf 0.086900 0.238500 0.050800 0.270200 0.081000 0.075000 0.069000 0.086400 0.028000 0.061300 0.069000 0.000000 0.087300 0.075000 0.106000 0.106800 0.080900 0.087500 0.105000 0.039500 0.093300 0.075400 0.086200 0.061200 0.075200 0.119700 0.093200 0.039600 0.088000 0.039600 0.073700 0.087600 0.118300 0.093400 0.086600 0.022400 0.069000 0.074700 0.087700 0.117100 0.086000 0.139000 0.061300 0.061200 0.022400 0.082200 0.081200 0.101200 0.106400 0.099400 0.033800 0.033900
Topi 0.056400 0.242700 0.116800 0.286700 0.074300 0.045000 0.050700 0.067700 0.092700 0.074400 0.039200 0.087300 0.000000 0.044800 0.098700 0.080800 0.098200 0.117500 0.074200 0.105000 0.074200 0.045100 0.086400 0.074300 0.045000 0.093300 0.016500 0.105300 0.069100 0.099300 0.074700 0.056800 0.129500 0.016600 0.044700 0.087200 0.039200 0.080000 0.062700 0.124100 0.086200 0.111900 0.074400 0.074400 0.087200 0.051300 0.050700 0.088000 0.086800 0.117100 0.098900 0.099200
CommonDuik 0.044700 0.214600 0.104200 0.255600 0.050600 0.033400 0.016500 0.044400 0.080400 0.062200 0.027600 0.075000 0.044800 0.000000 0.074200 0.056800 0.073900 0.092400 0.062100 0.092600 0.050500 0.033500 0.074100 0.062200 0.033400 0.074800 0.039000 0.092800 0.051200 0.086900 0.062500 0.022200 0.110400 0.039000 0.044500 0.074800 0.027400 0.056300 0.050800 0.111100 0.073900 0.093000 0.062200 0.062300 0.074800 0.039500 0.027700 0.063400 0.074500 0.079500 0.086500 0.086800
Suni 0.086100 0.236600 0.136000 0.232100 0.092400 0.062400 0.056500 0.085600 0.111400 0.080100 0.068300 0.106000 0.098700 0.074200 0.000000 0.105500 0.092100 0.104800 0.104600 0.124100 0.080000 0.074600 0.092200 0.080100 0.074400 0.099300 0.080100 0.124400 0.099800 0.118200 0.092700 0.074500 0.116900 0.092400 0.085800 0.105800 0.068300 0.074100 0.099100 0.128900 0.092100 0.117900 0.080100 0.080200 0.105800 0.081100 0.080300 0.113100 0.080500 0.104200 0.117800 0.116900
Springbuck 0.062600 0.260100 0.124100 0.296000 0.086700 0.062700 0.062700 0.050500 0.112100 0.092900 0.056900 0.106800 0.080800 0.056800 0.105500 0.000000 0.092600 0.111900 0.092700 0.112100 0.033600 0.063000 0.093000 0.092900 0.062900 0.039700 0.074500 0.125200 0.016800 0.119100 0.099500 0.069000 0.130300 0.074700 0.062300 0.106600 0.056900 0.086500 0.051100 0.131300 0.092900 0.057200 0.093000 0.093000 0.106600 0.075700 0.051000 0.101200 0.099800 0.123200 0.118600 0.118900
Okapi 0.085600 0.186000 0.110300 0.206900 0.091900 0.073900 0.067900 0.073300 0.086300 0.067900 0.068000 0.080900 0.098200 0.073900 0.092100 0.092600 0.000000 0.050600 0.104000 0.086400 0.079800 0.074300 0.079900 0.067900 0.074100 0.111600 0.079700 0.098800 0.086900 0.092900 0.080200 0.074200 0.085800 0.091900 0.073400 0.080800 0.068000 0.085700 0.086400 0.116100 0.079700 0.130500 0.068000 0.068000 0.080800 0.093200 0.068000 0.100000 0.104800 0.104200 0.092500 0.091400
Giraffe 0.104500 0.214500 0.129900 0.260000 0.098600 0.092500 0.086400 0.091700 0.105400 0.086300 0.086400 0.087500 0.117500 0.092400 0.104800 0.111900 0.050600 0.000000 0.123500 0.105400 0.098500 0.092900 0.098600 0.086300 0.092700 0.131500 0.098400 0.118300 0.106100 0.112200 0.104400 0.092800 0.110900 0.111000 0.104100 0.099800 0.086400 0.092200 0.093100 0.136100 0.098400 0.150900 0.086400 0.086400 0.099800 0.112600 0.086500 0.119700 0.124300 0.124100 0.111800 0.110800
TibetanAnt 0.050400 0.282300 0.134900 0.278700 0.092200 0.039100 0.068100 0.073400 0.110200 0.090900 0.033400 0.105000 0.074200 0.062100 0.104600 0.092700 0.104000 0.123500 0.000000 0.122900 0.079900 0.039200 0.104300 0.090900 0.039100 0.111800 0.068100 0.123200 0.086600 0.117000 0.103700 0.074300 0.129100 0.068200 0.061800 0.092400 0.033400 0.085800 0.086500 0.128800 0.104100 0.117900 0.091000 0.090900 0.092400 0.081000 0.068100 0.100100 0.117600 0.129600 0.116600 0.116700
Sitatunga 0.104700 0.221700 0.033200 0.280700 0.098700 0.092600 0.086500 0.091800 0.011000 0.074200 0.086600 0.039500 0.105000 0.092600 0.124100 0.112100 0.086400 0.105400 0.122900 0.000000 0.098600 0.093100 0.098800 0.074100 0.092800 0.124800 0.111000 0.011000 0.093400 0.016700 0.086600 0.105400 0.123600 0.111100 0.104300 0.039400 0.086600 0.092300 0.093200 0.111300 0.098600 0.144100 0.074200 0.074200 0.039400 0.087700 0.086600 0.106600 0.111800 0.117400 0.016600 0.016700
Oribi 0.050400 0.235700 0.110400 0.261800 0.080100 0.050500 0.056400 0.038700 0.098600 0.080000 0.044800 0.093300 0.074200 0.050500 0.080000 0.033600 0.079800 0.098500 0.079900 0.098600 0.000000 0.050800 0.092100 0.080000 0.050600 0.039400 0.068000 0.111400 0.028100 0.105400 0.092600 0.062500 0.116600 0.068100 0.050200 0.093100 0.044800 0.073900 0.050900 0.130100 0.091900 0.056800 0.080000 0.080100 0.093100 0.056900 0.044800 0.094000 0.080400 0.116700 0.104900 0.105300
BarbaryShe 0.022100 0.245500 0.104800 0.257200 0.062600 0.011000 0.039300 0.044600 0.080800 0.062500 0.005500 0.075400 0.045100 0.033500 0.074600 0.063000 0.074300 0.092900 0.039200 0.093100 0.050800 0.000000 0.074400 0.062500 0.011100 0.081400 0.039200 0.093300 0.057400 0.087400 0.074800 0.045200 0.098600 0.039300 0.033300 0.075300 0.005500 0.056500 0.057000 0.111700 0.074300 0.099800 0.062600 0.062600 0.075300 0.051500 0.039300 0.069900 0.087100 0.098500 0.087000 0.087300
Daviddeer 0.085800 0.221400 0.110500 0.250900 0.092100 0.074100 0.068200 0.085300 0.086600 0.022200 0.068200 0.086200 0.086400 0.074100 0.092200 0.093000 0.079900 0.098600 0.104300 0.098800 0.092100 0.074400 0.000000 0.022200 0.074300 0.112100 0.080100 0.099100 0.081200 0.093100 0.027900 0.086600 0.104200 0.080200 0.085500 0.081000 0.068200 0.085800 0.098900 0.056900 0.011000 0.131000 0.022200 0.022200 0.081000 0.093400 0.080100 0.112900 0.105000 0.091700 0.092800 0.093000
Reindeer 0.073800 0.221400 0.085500 0.235900 0.080000 0.062200 0.056400 0.073400 0.062200 0.000000 0.056400 0.061200 0.074300 0.062200 0.080100 0.092900 0.067900 0.086300 0.090900 0.074100 0.080000 0.062500 0.022200 0.000000 0.062400 0.111900 0.068100 0.074300 0.068700 0.068500 0.011000 0.074400 0.091900 0.068200 0.073500 0.056800 0.056400 0.073800 0.086600 0.050700 0.022100 0.130800 0.000000 0.000000 0.056800 0.081100 0.068100 0.100100 0.092600 0.079300 0.068200 0.068400
Ibex 0.022100 0.244600 0.104500 0.241600 0.062400 0.011000 0.039200 0.044500 0.080600 0.062400 0.005500 0.075200 0.045000 0.033400 0.074400 0.062900 0.074100 0.092700 0.039100 0.092800 0.050600 0.011100 0.074300 0.062400 0.000000 0.081200 0.039200 0.093100 0.057300 0.087200 0.074600 0.045100 0.098300 0.039200 0.033300 0.075100 0.005500 0.056400 0.056900 0.111400 0.074100 0.099500 0.062400 0.062400 0.075100 0.051400 0.039200 0.069700 0.074900 0.098300 0.086800 0.087000
GyrantGaze 0.080800 0.269200 0.137000 0.289000 0.105700 0.068900 0.081000 0.068300 0.124900 0.111900 0.075000 0.119700 0.093300 0.074800 0.099300 0.039700 0.111600 0.131500 0.111800 0.124800 0.039400 0.081400 0.112100 0.111900 0.081200 0.000000 0.093100 0.138200 0.034000 0.132000 0.118800 0.075100 0.150300 0.093200 0.080500 0.119500 0.075000 0.093000 0.063000 0.151500 0.111800 0.027900 0.112000 0.112000 0.119500 0.075600 0.068900 0.120600 0.099700 0.123900 0.131400 0.131800
Hartebeest 0.050400 0.235600 0.122800 0.262300 0.068100 0.039100 0.044800 0.061600 0.098600 0.068200 0.033400 0.093200 0.016500 0.039000 0.080100 0.074500 0.079700 0.098400 0.068100 0.111000 0.068000 0.039200 0.080100 0.068100 0.039200 0.093100 0.000000 0.111300 0.062900 0.105300 0.068500 0.039200 0.129100 0.011000 0.038800 0.093100 0.033400 0.073800 0.068500 0.116100 0.079900 0.111600 0.068200 0.068200 0.093100 0.057000 0.044700 0.081600 0.092700 0.110400 0.104800 0.104000
Bongo 0.104900 0.237000 0.033300 0.281400 0.098900 0.092800 0.086700 0.104300 0.011000 0.074300 0.086800 0.039600 0.105300 0.092800 0.124400 0.125200 0.098800 0.118300 0.123200 0.011000 0.111400 0.093300 0.099100 0.074300 0.093100 0.138200 0.111300 0.000000 0.106200 0.016700 0.086900 0.105600 0.136800 0.111400 0.104500 0.039500 0.086800 0.092500 0.105900 0.111600 0.098900 0.157800 0.074400 0.074400 0.039500 0.087900 0.099100 0.106900 0.112100 0.117700 0.016600 0.016700
Gerenuk 0.057000 0.239300 0.105200 0.274400 0.081100 0.057100 0.057100 0.045000 0.093400 0.068700 0.051300 0.088000 0.069100 0.051200 0.099800 0.016800 0.086900 0.106100 0.086600 0.093400 0.028100 0.057400 0.081200 0.068700 0.057300 0.034000 0.062900 0.106200 0.000000 0.100100 0.075100 0.063300 0.124500 0.063000 0.056800 0.087900 0.051300 0.080900 0.045500 0.112100 0.081000 0.051500 0.068800 0.068800 0.087900 0.069900 0.045300 0.095300 0.094000 0.111400 0.099700 0.100000
CommonElan 0.098900 0.237400 0.027800 0.273900 0.098500 0.086900 0.080800 0.098300 0.005500 0.068500 0.080900 0.039600 0.099300 0.086900 0.118200 0.119100 0.092900 0.112200 0.117000 0.016700 0.105400 0.087400 0.093100 0.068500 0.087200 0.132000 0.105300 0.016700 0.100100 0.000000 0.081000 0.099600 0.130600 0.105400 0.098500 0.039500 0.080900 0.092100 0.099900 0.111800 0.092900 0.151500 0.068600 0.068600 0.039500 0.081900 0.093200 0.088400 0.093700 0.111400 0.011100 0.011100
MuntiacusR 0.086300 0.222700 0.098200 0.258100 0.080400 0.074500 0.056600 0.085700 0.074600 0.011000 0.068500 0.073700 0.074700 0.062500 0.092700 0.099500 0.080200 0.104400 0.103700 0.086600 0.092600 0.074800 0.027900 0.011000 0.074600 0.118800 0.068500 0.086900 0.075100 0.081000 0.000000 0.074800 0.104800 0.068600 0.085900 0.069000 0.068500 0.086200 0.093100 0.062800 0.027900 0.138000 0.011000 0.011000 0.069000 0.081500 0.068500 0.100800 0.093100 0.090500 0.080600 0.080900
HarveysDui 0.056500 0.215900 0.117200 0.241500 0.062500 0.045000 0.027900 0.056200 0.093000 0.074400 0.039300 0.087600 0.056800 0.022200 0.074500 0.069000 0.074200 0.092800 0.074300 0.105400 0.062500 0.045200 0.086600 0.074400 0.045100 0.075100 0.039200 0.105600 0.063300 0.099600 0.074800 0.000000 0.123600 0.050800 0.056300 0.087400 0.039300 0.068300 0.062900 0.122900 0.086400 0.093300 0.074500 0.074500 0.087400 0.051400 0.039200 0.075900 0.087100 0.092000 0.099200 0.098100
Pronghorn 0.096600 0.220300 0.148400 0.235900 0.116600 0.097000 0.092100 0.097200 0.123600 0.092000 0.092000 0.118300 0.129500 0.110400 0.116900 0.130300 0.085800 0.110900 0.129100 0.123600 0.116600 0.098600 0.104200 0.091900 0.098300 0.150300 0.129100 0.136800 0.124500 0.130600 0.104800 0.123600 0.000000 0.129300 0.115900 0.118100 0.092000 0.110100 0.123700 0.142700 0.104000 0.156600 0.092000 0.092100 0.118100 0.131100 0.092000 0.119200 0.130100 0.104200 0.130100 0.130500
BlueWildeb 0.050500 0.251000 0.122900 0.278300 0.068200 0.039100 0.044900 0.061700 0.098700 0.068300 0.033400 0.093400 0.016600 0.039000 0.092400 0.074700 0.091900 0.111000 0.068200 0.111100 0.068100 0.039300 0.080200 0.068200 0.039200 0.093200 0.011000 0.111400 0.063000 0.105400 0.068600 0.050800 0.129300 0.000000 0.038900 0.093200 0.033400 0.073900 0.068600 0.117600 0.080100 0.111800 0.068300 0.068300 0.093200 0.057100 0.044800 0.081700 0.092800 0.110500 0.105000 0.105300
Gemsbok 0.033100 0.249800 0.103700 0.253600 0.073700 0.033200 0.050300 0.044200 0.091900 0.073600 0.027600 0.086600 0.044700 0.044500 0.085800 0.062300 0.073400 0.104100 0.061800 0.104300 0.050200 0.033300 0.085500 0.073500 0.033300 0.080500 0.038800 0.104500 0.056800 0.098500 0.085900 0.056300 0.115900 0.038900 0.000000 0.086400 0.027600 0.067600 0.068100 0.122900 0.085300 0.098700 0.073600 0.073600 0.086400 0.062600 0.050300 0.087200 0.098300 0.109700 0.098100 0.098400
Yak 0.086800 0.238000 0.050700 0.269700 0.093200 0.074900 0.068900 0.086200 0.028000 0.056800 0.068900 0.022400 0.087200 0.074800 0.105800 0.106600 0.080800 0.099800 0.092400 0.039400 0.093100 0.075300 0.081000 0.056800 0.075100 0.119500 0.093100 0.039500 0.087900 0.039500 0.069000 0.087400 0.118100 0.093200 0.086400 0.000000 0.068900 0.086700 0.087600 0.112000 0.080900 0.125700 0.056800 0.056900 0.000000 0.082000 0.081000 0.101000 0.106300 0.099200 0.033700 0.033800
BlueSheep 0.016500 0.236800 0.098200 0.248300 0.056500 0.005500 0.033400 0.038800 0.074500 0.056400 0.000000 0.069000 0.039200 0.027400 0.068300 0.056900 0.068000 0.086400 0.033400 0.086600 0.044800 0.005500 0.068200 0.056400 0.005500 0.075000 0.033400 0.086800 0.051300 0.080900 0.068500 0.039300 0.092000 0.033400 0.027600 0.068900 0.000000 0.050500 0.050900 0.105000 0.068100 0.093100 0.056400 0.056500 0.068900 0.045400 0.033400 0.063600 0.080700 0.092000 0.080500 0.080800
BohorReedb 0.067900 0.242100 0.104000 0.230500 0.027300 0.044700 0.050500 0.055900 0.080200 0.073800 0.050500 0.074700 0.080000 0.056300 0.074100 0.086500 0.085700 0.092200 0.085800 0.092300 0.073900 0.056500 0.085800 0.073800 0.056400 0.093000 0.073800 0.092500 0.080900 0.092100 0.086200 0.068300 0.110100 0.073900 0.067600 0.086700 0.050500 0.000000 0.080400 0.110800 0.085600 0.111500 0.073900 0.073900 0.086700 0.062900 0.062200 0.081400 0.086400 0.085100 0.086300 0.086500
KirksDik 0.056600 0.238100 0.117400 0.280600 0.080600 0.056800 0.056700 0.056300 0.093200 0.086600 0.050900 0.087700 0.062700 0.050800 0.099100 0.051100 0.086400 0.093100 0.086500 0.093200 0.050900 0.057000 0.098900 0.086600 0.056900 0.063000 0.068500 0.105900 0.045500 0.099900 0.093100 0.062900 0.123700 0.068600 0.068100 0.087600 0.050900 0.080400 0.000000 0.137400 0.098700 0.080900 0.086700 0.086700 0.087600 0.057400 0.045100 0.094600 0.081100 0.110700 0.099400 0.099700
RoeDeer 0.123400 0.234000 0.110600 0.263600 0.117400 0.111200 0.104900 0.122700 0.105000 0.050700 0.105000 0.117100 0.124100 0.111100 0.128900 0.131300 0.116100 0.136100 0.128800 0.111300 0.130100 0.111700 0.056900 0.050700 0.111400 0.151500 0.116100 0.111600 0.112100 0.111800 0.062800 0.122900 0.142700 0.117600 0.122900 0.112000 0.105000 0.110800 0.137400 0.000000 0.056800 0.171300 0.050800 0.050800 0.112000 0.119000 0.117600 0.139200 0.130700 0.130000 0.111300 0.111700
WhiteLippe 0.085700 0.235600 0.110300 0.250200 0.092000 0.074000 0.068000 0.085100 0.086400 0.022100 0.068100 0.086000 0.086200 0.073900 0.092100 0.092900 0.079700 0.098400 0.104100 0.098600 0.091900 0.074300 0.011000 0.022100 0.074100 0.111800 0.079900 0.098900 0.081000 0.092900 0.027900 0.086400 0.104000 0.080100 0.085300 0.080900 0.068100 0.085600 0.098700 0.056800 0.000000 0.130700 0.022100 0.022100 0.080900 0.093300 0.080000 0.112700 0.104800 0.091400 0.092600 0.092800
ThomsonGaz 0.086700 0.275700 0.156400 0.297400 0.124500 0.086900 0.099300 0.086200 0.144100 0.130800 0.093100 0.139000 0.111900 0.093000 0.117900 0.057200 0.130500 0.150900 0.117900 0.144100 0.056800 0.099800 0.131000 0.130800 0.099500 0.027900 0.111600 0.157800 0.051500 0.151500 0.138000 0.093300 0.156600 0.111800 0.098700 0.125700 0.093100 0.111500 0.080900 0.171300 0.130700 0.000000 0.130900 0.131000 0.125700 0.093900 0.074800 0.140100 0.118500 0.117000 0.150800 0.151200
MuntiacusC 0.073900 0.221800 0.085700 0.236200 0.080100 0.062300 0.056400 0.073400 0.062300 0.000000 0.056400 0.061300 0.074400 0.062200 0.080100 0.093000 0.068000 0.086400 0.091000 0.074200 0.080000 0.062600 0.022200 0.000000 0.062400 0.112000 0.068200 0.074400 0.068800 0.068600 0.011000 0.074500 0.092000 0.068300 0.073600 0.056800 0.056400 0.073900 0.086700 0.050800 0.022100 0.130900 0.000000 0.000100 0.056800 0.081200 0.068200 0.100300 0.092700 0.079300 0.068300 0.068500
WhiteTaile 0.073900 0.221800 0.085700 0.236300 0.080100 0.062300 0.056400 0.073500 0.062300 0.000000 0.056500 0.061200 0.074400 0.062300 0.080200 0.093000 0.068000 0.086400 0.090900 0.074200 0.080100 0.062600 0.022200 0.000000 0.062400 0.112000 0.068200 0.074400 0.068800 0.068600 0.011000 0.074500 0.092100 0.068300 0.073600 0.056900 0.056500 0.073900 0.086700 0.050800 0.022100 0.131000 0.000100 0.000000 0.056900 0.081200 0.068200 0.100300 0.092700 0.079300 0.068300 0.068500
Cattle 0.086800 0.238000 0.050700 0.269700 0.093200 0.074900 0.068900 0.086200 0.028000 0.056800 0.068900 0.022400 0.087200 0.074800 0.105800 0.106600 0.080800 0.099800 0.092400 0.039400 0.093100 0.075300 0.081000 0.056800 0.075100 0.119500 0.093100 0.039500 0.087900 0.039500 0.069000 0.087400 0.118100 0.093200 0.086400 0.000000 0.068900 0.086700 0.087600 0.112000 0.080900 0.125700 0.056800 0.056900 0.000000 0.082000 0.081000 0.101000 0.106300 0.099200 0.033700 0.033800
RoyalAntel 0.062900 0.239200 0.099400 0.251100 0.057100 0.051200 0.045400 0.062500 0.075400 0.081100 0.045400 0.082200 0.051300 0.039500 0.081100 0.075700 0.093200 0.112600 0.081000 0.087700 0.056900 0.051500 0.093400 0.081100 0.051400 0.075600 0.057000 0.087900 0.069900 0.081900 0.081500 0.051400 0.131100 0.057100 0.062600 0.082000 0.045400 0.062900 0.057400 0.119000 0.093300 0.093900 0.081200 0.081200 0.082000 0.000000 0.045400 0.070500 0.057300 0.112100 0.081600 0.081800
Steenbok 0.039000 0.222000 0.110600 0.263700 0.056400 0.039100 0.033400 0.038700 0.086600 0.068100 0.033400 0.081200 0.050700 0.027700 0.080300 0.051000 0.068000 0.086500 0.068100 0.086600 0.044800 0.039300 0.080100 0.068100 0.039200 0.068900 0.044700 0.099100 0.045300 0.093200 0.068500 0.039200 0.092000 0.044800 0.050300 0.081000 0.033400 0.062200 0.045100 0.117600 0.080000 0.074800 0.068200 0.068200 0.081000 0.045400 0.000000 0.069500 0.080600 0.085500 0.092800 0.093100
Impala 0.081400 0.232100 0.118400 0.276300 0.075500 0.069500 0.063500 0.087000 0.094000 0.100200 0.063600 0.101200 0.088000 0.063400 0.113100 0.101200 0.100000 0.119700 0.100100 0.106600 0.094000 0.069900 0.112900 0.100100 0.069700 0.120600 0.081600 0.106900 0.095300 0.088400 0.100800 0.075900 0.119200 0.081700 0.087200 0.101000 0.063600 0.081400 0.094600 0.139200 0.112700 0.140100 0.100300 0.100300 0.101000 0.070500 0.069500 0.000000 0.088500 0.125600 0.100400 0.100700
Klipspring 0.098700 0.237200 0.123700 0.234700 0.080600 0.086700 0.056800 0.098100 0.099300 0.092600 0.080700 0.106400 0.086800 0.074500 0.080500 0.099800 0.104800 0.124300 0.117600 0.111800 0.080400 0.087100 0.105000 0.092600 0.074900 0.099700 0.092700 0.112100 0.094000 0.093700 0.093100 0.087100 0.130100 0.092800 0.098300 0.106300 0.080700 0.086400 0.081100 0.130700 0.104800 0.118500 0.092700 0.092700 0.106300 0.057300 0.080600 0.088500 0.000000 0.123900 0.105600 0.105900
ForestMusk 0.097700 0.266300 0.129400 0.272800 0.097600 0.085600 0.073300 0.096800 0.104600 0.079300 0.092000 0.099400 0.117100 0.079500 0.104200 0.123200 0.104200 0.124100 0.129600 0.117400 0.116700 0.098500 0.091700 0.079300 0.098300 0.123900 0.110400 0.117700 0.111400 0.111400 0.090500 0.092000 0.104200 0.110500 0.109700 0.099200 0.092000 0.085100 0.110700 0.130000 0.091400 0.117000 0.079300 0.079300 0.099200 0.112100 0.085500 0.125600 0.123900 0.000000 0.111000 0.111100
Bushbuck 0.098500 0.236500 0.027600 0.272400 0.092600 0.086600 0.080500 0.097900 0.005500 0.068300 0.080500 0.033800 0.098900 0.086500 0.117800 0.118600 0.092500 0.111800 0.116600 0.016600 0.104900 0.087000 0.092800 0.068200 0.086800 0.131400 0.104800 0.016600 0.099700 0.011100 0.080600 0.099200 0.130100 0.105000 0.098100 0.033700 0.080500 0.086300 0.099400 0.111300 0.092600 0.150800 0.068300 0.068300 0.033700 0.081600 0.092800 0.100400 0.105600 0.111000 0.000000 0.011100
GreaterKud 0.098800 0.235500 0.027800 0.271600 0.092900 0.086800 0.080700 0.098200 0.005500 0.068400 0.080800 0.033900 0.099200 0.086800 0.116900 0.118900 0.091400 0.110800 0.116700 0.016700 0.105300 0.087300 0.093000 0.068400 0.087000 0.131800 0.104000 0.016700 0.100000 0.011100 0.080900 0.098100 0.130500 0.105300 0.098400 0.033800 0.080800 0.086500 0.099700 0.111700 0.092800 0.151200 0.068500 0.068500 0.033800 0.081800 0.093100 0.100700 0.105900 0.111100 0.011100 0.000000
