1
52 1
Argali 0.000000 0.272100 0.121500 0.288100 0.097900 0.038500 0.139800 0.123100 0.101500 0.216100 0.076400 0.184600 0.078900 0.100200 0.137400 0.183600 0.117300 0.205100 0.059100 0.138900 0.123300 0.078500 0.189800 0.188200 0.018800 0.188300 0.078900 0.138900 0.189500 0.140600 0.210900 0.080600 0.209900 0.097900 0.122600 0.183400 0.058300 0.117600 0.217100 0.203100 0.237500 0.188300 0.216100 0.167600 0.144300 0.237700 0.175000 0.080600 0.078400 0.142500 0.158700 0.139500
LesserMous 0.272100 0.000000 0.306400 0.210200 0.300300 0.280000 0.300300 0.339400 0.284700 0.340900 0.272000 0.183000 0.232200 0.257700 0.295700 0.299600 0.223700 0.272500 0.258900 0.321300 0.236000 0.279700 0.363000 0.308000 0.300900 0.361300 0.232200 0.321300 0.362500 0.325500 0.386300 0.237500 0.229600 0.251600 0.235500 0.249300 0.305700 0.322600 0.399300 0.321100 0.309800 0.361300 0.340900 0.286200 0.210000 0.362600 0.353900 0.237500 0.230800 0.256000 0.343500 0.272100
LesserKudu 0.121500 0.306400 0.000000 0.295800 0.122500 0.124600 0.166600 0.197400 0.040100 0.198200 0.187300 0.167200 0.169300 0.125400 0.187300 0.261900 0.142500 0.188200 0.125900 0.057900 0.150100 0.146400 0.171900 0.170500 0.101500 0.218600 0.169300 0.057900 0.270500 0.079300 0.193300 0.105200 0.192500 0.189100 0.149300 0.166100 0.147100 0.120200 0.249900 0.186200 0.220000 0.218600 0.198200 0.149500 0.126100 0.219600 0.205900 0.105200 0.146300 0.146200 0.077200 0.058200
KillerWhal 0.288100 0.210200 0.295800 0.000000 0.289400 0.269300 0.289800 0.251100 0.273600 0.332100 0.287900 0.191200 0.193600 0.245800 0.337400 0.317900 0.211100 0.288100 0.247300 0.311900 0.174900 0.268700 0.354800 0.297400 0.290800 0.298000 0.193600 0.311900 0.329900 0.315400 0.379000 0.225000 0.266700 0.213600 0.274700 0.288600 0.295800 0.312300 0.334300 0.363100 0.355600 0.298000 0.332100 0.275100 0.247500 0.355200 0.288700 0.225000 0.244300 0.238900 0.334100 0.261200
DefassaWat 0.097900 0.300300 0.122500 0.289400 0.000000 0.100300 0.078200 0.146800 0.102300 0.194100 0.139600 0.164000 0.121700 0.080200 0.098100 0.208600 0.139800 0.140800 0.080500 0.139800 0.102700 0.058900 0.168500 0.167100 0.078500 0.167300 0.121700 0.139800 0.215000 0.141800 0.189500 0.060500 0.143400 0.140900 0.102100 0.163000 0.121700 0.057600 0.195200 0.118700 0.215500 0.167300 0.194100 0.146500 0.123600 0.169000 0.152900 0.060500 0.100300 0.143400 0.160000 0.140500
Sheep 0.038500 0.280000 0.124600 0.269300 0.100300 0.000000 0.100500 0.082800 0.104200 0.174100 0.078600 0.144400 0.059900 0.060500 0.098600 0.189100 0.120300 0.210300 0.019900 0.142500 0.082900 0.039600 0.195000 0.147200 0.019300 0.147500 0.059900 0.142500 0.195700 0.144100 0.216600 0.040700 0.215500 0.079400 0.082300 0.143500 0.019600 0.120400 0.174900 0.208100 0.195400 0.147500 0.174100 0.126500 0.103900 0.195800 0.132400 0.040700 0.080700 0.123700 0.162600 0.143200
MaxwellsDu 0.139800 0.300300 0.166600 0.289800 0.078200 0.100500 0.000000 0.147000 0.146200 0.171400 0.139800 0.164100 0.121800 0.080300 0.140000 0.208800 0.183500 0.228900 0.080600 0.183600 0.102900 0.058900 0.192200 0.145200 0.120100 0.167500 0.121800 0.183600 0.168000 0.185900 0.213500 0.060600 0.188300 0.141100 0.102300 0.163100 0.121900 0.097800 0.195400 0.184000 0.192600 0.167500 0.171400 0.124800 0.123800 0.216000 0.153200 0.060600 0.100300 0.143500 0.204100 0.184600
GazellaPrz 0.123100 0.339400 0.197400 0.251100 0.146800 0.082800 0.147000 0.000000 0.176100 0.228400 0.123100 0.194400 0.104400 0.105500 0.190100 0.147400 0.167700 0.264800 0.062300 0.214900 0.084900 0.082600 0.250200 0.198400 0.103000 0.105700 0.104400 0.214900 0.152700 0.217200 0.273000 0.085000 0.271500 0.124300 0.129300 0.193000 0.104600 0.167900 0.131700 0.261700 0.250800 0.105700 0.228400 0.176800 0.152300 0.201000 0.088700 0.085000 0.126500 0.172600 0.236100 0.216100
MountainNy 0.101500 0.284700 0.040100 0.273600 0.102300 0.104200 0.146200 0.176100 0.000000 0.176800 0.166900 0.146700 0.148500 0.104800 0.166700 0.240500 0.122500 0.167500 0.105300 0.058900 0.129200 0.125800 0.150900 0.149500 0.081400 0.197300 0.148500 0.058900 0.249000 0.039500 0.172300 0.084400 0.171500 0.168500 0.128400 0.145700 0.126500 0.122800 0.227800 0.165700 0.198500 0.197300 0.176800 0.128500 0.105500 0.249300 0.183800 0.084400 0.125700 0.125600 0.078500 0.059200
MuntiacusM 0.216100 0.340900 0.198200 0.332100 0.194100 0.174100 0.171400 0.228400 0.176800 0.000000 0.192600 0.195200 0.197700 0.151700 0.239200 0.269700 0.215600 0.217000 0.152600 0.215800 0.178500 0.173600 0.061900 0.082200 0.195000 0.225300 0.197700 0.215800 0.254100 0.218200 0.040400 0.131000 0.272700 0.218200 0.177200 0.147700 0.198300 0.215900 0.283900 0.142100 0.062000 0.225300 0.000000 0.061800 0.152800 0.306200 0.238600 0.131000 0.173400 0.173300 0.237100 0.217000
goat 0.076400 0.272000 0.187300 0.287900 0.139600 0.078600 0.139800 0.123100 0.166900 0.192600 0.000000 0.184500 0.078900 0.059000 0.180900 0.139400 0.117300 0.205100 0.059100 0.204000 0.123300 0.078500 0.167200 0.165700 0.097900 0.142900 0.078900 0.204000 0.143800 0.206400 0.234700 0.080600 0.257300 0.097900 0.122500 0.139800 0.099300 0.159800 0.170000 0.226000 0.167500 0.142900 0.192600 0.145300 0.144300 0.237500 0.174900 0.080600 0.058600 0.099800 0.224500 0.205100
AfricanBuf 0.184600 0.183000 0.167200 0.191200 0.164000 0.144400 0.164100 0.194400 0.146700 0.195200 0.184500 0.000000 0.122300 0.123500 0.206600 0.234900 0.097700 0.184700 0.124100 0.184200 0.103100 0.144200 0.216100 0.167900 0.164400 0.215200 0.122300 0.184200 0.266400 0.186500 0.237800 0.103600 0.143300 0.141700 0.147000 0.120000 0.167000 0.184700 0.245900 0.228800 0.216600 0.215200 0.195200 0.147200 0.081000 0.216400 0.202700 0.103600 0.144100 0.144000 0.204700 0.140500
Topi 0.078900 0.232200 0.169300 0.193600 0.121700 0.059900 0.121800 0.104400 0.148500 0.197700 0.078900 0.122300 0.000000 0.081500 0.163400 0.189700 0.099100 0.187100 0.040100 0.186500 0.104500 0.059900 0.218900 0.170000 0.079600 0.170200 0.000000 0.186500 0.196100 0.188900 0.240900 0.061500 0.191500 0.019200 0.103900 0.165700 0.080800 0.142200 0.198800 0.231700 0.219400 0.170200 0.197700 0.149100 0.125800 0.219700 0.155900 0.061500 0.081000 0.122800 0.207300 0.187500
CommonDuik 0.100200 0.257700 0.125400 0.245800 0.080200 0.060500 0.080300 0.105500 0.104800 0.151700 0.059000 0.123500 0.081500 0.000000 0.121000 0.167500 0.100300 0.144100 0.040500 0.143200 0.062000 0.060500 0.126900 0.125800 0.080400 0.126100 0.081500 0.143200 0.173100 0.145000 0.194200 0.020300 0.193400 0.101100 0.061600 0.080300 0.081600 0.100300 0.106800 0.186900 0.127200 0.126100 0.151700 0.105100 0.082900 0.173400 0.110000 0.020300 0.040200 0.060600 0.163600 0.143900
Suni 0.137400 0.295700 0.187300 0.337400 0.098100 0.098600 0.140000 0.190100 0.166700 0.239200 0.180900 0.206600 0.163400 0.121000 0.000000 0.252500 0.226000 0.181900 0.121400 0.203600 0.144600 0.120400 0.260300 0.210600 0.118000 0.210700 0.163400 0.203600 0.260100 0.206500 0.282300 0.101400 0.209600 0.182500 0.100600 0.205200 0.119700 0.160200 0.240400 0.200600 0.212100 0.210700 0.239200 0.189800 0.165900 0.212800 0.197900 0.101400 0.141300 0.185800 0.224400 0.204700
Springbuck 0.183600 0.299600 0.261900 0.317900 0.208600 0.189100 0.208800 0.147400 0.240500 0.269700 0.139400 0.234900 0.189700 0.167500 0.252500 0.000000 0.277800 0.329700 0.168400 0.278000 0.147300 0.188700 0.291300 0.239000 0.209300 0.123000 0.189700 0.278000 0.080600 0.281100 0.313900 0.147600 0.338000 0.209400 0.192500 0.255800 0.212700 0.229800 0.195800 0.301700 0.291900 0.123000 0.269700 0.217700 0.215900 0.266000 0.153600 0.147600 0.143300 0.213100 0.299400 0.279600
Okapi 0.117300 0.223700 0.142500 0.211100 0.139800 0.120300 0.183500 0.167700 0.122500 0.215600 0.117300 0.097700 0.099100 0.100300 0.226000 0.277800 0.000000 0.117700 0.100500 0.159700 0.122900 0.120100 0.144300 0.187800 0.098000 0.235400 0.099100 0.159700 0.287100 0.161600 0.210400 0.123500 0.119700 0.118100 0.166900 0.139600 0.142000 0.160000 0.217400 0.202600 0.189800 0.235400 0.215600 0.167300 0.144000 0.236600 0.223800 0.123500 0.142700 0.120200 0.179600 0.117500
Giraffe 0.205100 0.272500 0.188200 0.288100 0.140800 0.210300 0.228900 0.264800 0.167500 0.217000 0.205100 0.184700 0.187100 0.144100 0.181900 0.329700 0.117700 0.000000 0.189700 0.204500 0.215400 0.210200 0.145200 0.235800 0.184900 0.286100 0.187100 0.204500 0.340200 0.207400 0.211800 0.168900 0.164200 0.206400 0.167500 0.184200 0.234300 0.205600 0.268400 0.204000 0.145100 0.286100 0.217000 0.214700 0.189900 0.289200 0.276100 0.168900 0.188500 0.164600 0.225400 0.205600
TibetanAnt 0.059100 0.258900 0.125900 0.247300 0.080500 0.019900 0.080600 0.062300 0.105300 0.152600 0.059100 0.124100 0.040100 0.040500 0.121400 0.168400 0.100500 0.189700 0.000000 0.143900 0.062300 0.019800 0.173700 0.126400 0.039500 0.126700 0.040100 0.143900 0.174300 0.145600 0.195300 0.020400 0.194300 0.059700 0.061900 0.123300 0.040200 0.100700 0.153400 0.187600 0.174000 0.126700 0.152600 0.105700 0.083300 0.174400 0.110600 0.020400 0.060700 0.103300 0.164300 0.144700
Sitatunga 0.138900 0.321300 0.057900 0.311900 0.139800 0.142500 0.183600 0.214900 0.058900 0.215800 0.204000 0.184200 0.186500 0.143200 0.203600 0.278000 0.159700 0.204500 0.143900 0.000000 0.168100 0.163800 0.189500 0.187900 0.119300 0.235500 0.186500 0.000000 0.287700 0.097100 0.210500 0.123500 0.209300 0.205900 0.167000 0.183000 0.164900 0.159900 0.266700 0.202600 0.237100 0.235500 0.215800 0.166400 0.144100 0.287700 0.223900 0.123500 0.163700 0.163500 0.094600 0.076100
Oribi 0.123300 0.236000 0.150100 0.174900 0.102700 0.082900 0.102900 0.084900 0.129200 0.178500 0.123300 0.103100 0.104500 0.062000 0.144600 0.147300 0.122900 0.215400 0.062300 0.168100 0.000000 0.082700 0.199900 0.150800 0.103100 0.105600 0.104500 0.168100 0.152600 0.170000 0.222000 0.041700 0.172000 0.124500 0.084400 0.146900 0.104800 0.123300 0.131600 0.213000 0.200300 0.105600 0.178500 0.129700 0.106500 0.152100 0.088600 0.041700 0.082600 0.126700 0.188800 0.123600
BarbaryShe 0.078500 0.279700 0.146400 0.268700 0.058900 0.039600 0.058900 0.082600 0.125800 0.173600 0.078500 0.144200 0.059900 0.060500 0.120400 0.188700 0.120100 0.210200 0.019800 0.163800 0.082700 0.000000 0.194600 0.146900 0.059100 0.147200 0.059900 0.163800 0.195000 0.165900 0.216100 0.040600 0.168000 0.079200 0.082200 0.143300 0.059900 0.078500 0.174500 0.186000 0.195000 0.147200 0.173600 0.126300 0.103700 0.195300 0.132100 0.040600 0.080600 0.123500 0.184300 0.164700
Daviddeer 0.189800 0.363000 0.171900 0.354800 0.168500 0.195000 0.192200 0.250200 0.150900 0.061900 0.167200 0.216100 0.218900 0.126900 0.260300 0.291300 0.144300 0.145200 0.173700 0.189500 0.199900 0.194600 0.000000 0.102300 0.169100 0.246900 0.218900 0.189500 0.276000 0.191700 0.060400 0.152100 0.243500 0.239200 0.198600 0.168200 0.219500 0.189800 0.253400 0.119200 0.040400 0.246900 0.061900 0.082100 0.173900 0.328700 0.261300 0.152100 0.172300 0.148000 0.210400 0.190500
Reindeer 0.188200 0.308000 0.170500 0.297400 0.167100 0.147200 0.145200 0.198400 0.149500 0.082200 0.165700 0.167900 0.170000 0.125800 0.210600 0.239000 0.187800 0.235800 0.126400 0.187900 0.150800 0.146900 0.102300 0.000000 0.167600 0.195900 0.170000 0.187900 0.222700 0.190200 0.122700 0.105500 0.241600 0.189900 0.149800 0.166800 0.170300 0.188300 0.251100 0.097000 0.102500 0.195900 0.082200 0.019700 0.126600 0.272700 0.206900 0.105500 0.146800 0.146700 0.208800 0.188900
Ibex 0.018800 0.300900 0.101500 0.290800 0.078500 0.019300 0.120100 0.103000 0.081400 0.195000 0.097900 0.164400 0.079600 0.080400 0.118000 0.209300 0.098000 0.184900 0.039500 0.119300 0.103100 0.059100 0.169100 0.167600 0.000000 0.167900 0.079600 0.119300 0.216500 0.120800 0.190200 0.060700 0.189200 0.098800 0.102400 0.163400 0.039000 0.098200 0.195900 0.183000 0.216400 0.167900 0.195000 0.147000 0.124100 0.216700 0.153700 0.060700 0.100400 0.143700 0.139100 0.119900
GyrantGaze 0.188300 0.361300 0.218600 0.298000 0.167300 0.147500 0.167500 0.105700 0.197300 0.225300 0.142900 0.215200 0.170200 0.126100 0.210700 0.123000 0.235400 0.286100 0.126700 0.235500 0.105600 0.147200 0.246900 0.195900 0.167900 0.000000 0.170200 0.235500 0.127100 0.238300 0.269400 0.105800 0.293300 0.190100 0.150200 0.213700 0.170600 0.188400 0.152900 0.258700 0.247500 0.000000 0.225300 0.174600 0.173200 0.222300 0.110300 0.105800 0.147000 0.193500 0.208900 0.236900
Hartebeest 0.078900 0.232200 0.169300 0.193600 0.121700 0.059900 0.121800 0.104400 0.148500 0.197700 0.078900 0.122300 0.000000 0.081500 0.163400 0.189700 0.099100 0.187100 0.040100 0.186500 0.104500 0.059900 0.218900 0.170000 0.079600 0.170200 0.000000 0.186500 0.196100 0.188900 0.240900 0.061500 0.191500 0.019200 0.103900 0.165700 0.080800 0.142200 0.198800 0.231700 0.219400 0.170200 0.197700 0.149100 0.125800 0.219700 0.155900 0.061500 0.081000 0.122800 0.207300 0.187500
Bongo 0.138900 0.321300 0.057900 0.311900 0.139800 0.142500 0.183600 0.214900 0.058900 0.215800 0.204000 0.184200 0.186500 0.143200 0.203600 0.278000 0.159700 0.204500 0.143900 0.000000 0.168100 0.163800 0.189500 0.187900 0.119300 0.235500 0.186500 0.000000 0.287700 0.097100 0.210500 0.123500 0.209300 0.205900 0.167000 0.183000 0.164900 0.159900 0.266700 0.202600 0.237100 0.235500 0.215800 0.167400 0.144100 0.287700 0.223900 0.123500 0.163700 0.163500 0.094600 0.076100
Gerenuk 0.189500 0.362500 0.270500 0.329900 0.215000 0.195700 0.168000 0.152700 0.249000 0.254100 0.143800 0.266400 0.196100 0.173100 0.260100 0.080600 0.287100 0.340200 0.174300 0.287700 0.152600 0.195000 0.276000 0.222700 0.216500 0.127100 0.196100 0.287700 0.000000 0.290100 0.298900 0.152700 0.349500 0.216500 0.199200 0.264200 0.220300 0.236700 0.202900 0.286000 0.276600 0.127100 0.254100 0.201100 0.223500 0.275800 0.159500 0.152700 0.147900 0.220200 0.308900 0.289300
CommonElan 0.140600 0.325500 0.079300 0.315400 0.141800 0.144100 0.185900 0.217200 0.039500 0.218200 0.206400 0.186500 0.188900 0.145000 0.206500 0.281100 0.161600 0.207400 0.145600 0.097100 0.170000 0.165900 0.191700 0.190200 0.120800 0.238300 0.188900 0.097100 0.290100 0.000000 0.213000 0.125100 0.212100 0.208400 0.169100 0.185400 0.166600 0.162300 0.269800 0.205400 0.239800 0.238300 0.218200 0.168700 0.145800 0.290800 0.226400 0.125100 0.165800 0.165700 0.116600 0.097600
MuntiacusR 0.210900 0.386300 0.193300 0.379000 0.189500 0.216600 0.213500 0.273000 0.172300 0.040400 0.234700 0.237800 0.240900 0.194200 0.282300 0.313900 0.210400 0.211800 0.195300 0.210500 0.222000 0.216100 0.060400 0.122700 0.190200 0.269400 0.240900 0.210500 0.298900 0.213000 0.000000 0.173700 0.265800 0.261100 0.220600 0.189100 0.241500 0.210900 0.272100 0.139000 0.102700 0.269400 0.040400 0.102500 0.195500 0.352500 0.285000 0.173700 0.215900 0.215800 0.231600 0.211700
HarveysDui 0.080600 0.237500 0.105200 0.225000 0.060500 0.040700 0.060600 0.085000 0.084400 0.131000 0.080600 0.103600 0.061500 0.020300 0.101400 0.147600 0.123500 0.168900 0.020400 0.123500 0.041700 0.040600 0.152100 0.105500 0.060700 0.105800 0.061500 0.123500 0.152700 0.125100 0.173700 0.000000 0.173000 0.081400 0.041400 0.103000 0.061600 0.080700 0.131800 0.166900 0.152500 0.105800 0.131000 0.084700 0.062700 0.152800 0.078900 0.000000 0.040600 0.082900 0.144000 0.124100
Pronghorn 0.209900 0.229600 0.192500 0.266700 0.143400 0.215500 0.188300 0.271500 0.171500 0.272700 0.257300 0.143300 0.191500 0.193400 0.209600 0.338000 0.119700 0.164200 0.194300 0.209300 0.172000 0.168000 0.243500 0.241600 0.189200 0.293300 0.191500 0.209300 0.349500 0.212100 0.265800 0.173000 0.000000 0.211200 0.171500 0.235000 0.240100 0.164200 0.328700 0.232900 0.243100 0.293300 0.272700 0.220000 0.194600 0.294700 0.283500 0.173000 0.215100 0.214900 0.230500 0.164000
BlueWildeb 0.097900 0.251600 0.189100 0.213600 0.140900 0.079400 0.141100 0.124300 0.168500 0.218200 0.097900 0.141700 0.019200 0.101100 0.182500 0.209400 0.118100 0.206400 0.059700 0.205900 0.124500 0.079200 0.239200 0.189900 0.098800 0.190100 0.019200 0.205900 0.216500 0.208400 0.261100 0.081400 0.211200 0.000000 0.123700 0.185100 0.100300 0.161300 0.219300 0.251200 0.239700 0.190100 0.218200 0.169200 0.145700 0.240000 0.176800 0.081400 0.100500 0.142200 0.226500 0.162200
Gemsbok 0.122600 0.235500 0.149300 0.274700 0.102100 0.082300 0.102300 0.129300 0.128400 0.177200 0.122500 0.147000 0.103900 0.061600 0.100600 0.192500 0.166900 0.167500 0.061900 0.167000 0.084400 0.082200 0.198600 0.149800 0.102400 0.150200 0.103900 0.167000 0.199200 0.169100 0.220600 0.041400 0.171500 0.123700 0.000000 0.146100 0.104000 0.122700 0.178300 0.211900 0.151100 0.150200 0.177200 0.128800 0.105800 0.199500 0.135000 0.041400 0.082100 0.126000 0.187800 0.167900
Yak 0.183400 0.249300 0.166100 0.288600 0.163000 0.143500 0.163100 0.193000 0.145700 0.147700 0.139800 0.120000 0.165700 0.080300 0.205200 0.255800 0.139600 0.184200 0.123300 0.183000 0.146900 0.143300 0.168200 0.166800 0.163400 0.213700 0.165700 0.183000 0.264200 0.185400 0.189100 0.103000 0.235000 0.185100 0.146100 0.000000 0.165900 0.183600 0.195500 0.227400 0.168500 0.213700 0.147700 0.146300 0.039300 0.264800 0.201100 0.103000 0.122400 0.100300 0.203500 0.184000
BlueSheep 0.058300 0.305700 0.147100 0.295800 0.121700 0.019600 0.121900 0.104600 0.126500 0.198300 0.099300 0.167000 0.080800 0.081600 0.119700 0.212700 0.142000 0.234300 0.040200 0.164900 0.104800 0.059900 0.219500 0.170300 0.039000 0.170600 0.080800 0.164900 0.220300 0.166600 0.241500 0.061600 0.240100 0.100300 0.104000 0.165900 0.000000 0.142100 0.199100 0.232000 0.220000 0.170600 0.198300 0.149400 0.126100 0.220300 0.156200 0.061600 0.101900 0.145900 0.185200 0.165700
BohorReedb 0.117600 0.322600 0.120200 0.312300 0.057600 0.120400 0.097800 0.167900 0.122800 0.215900 0.159800 0.184700 0.142200 0.100300 0.160200 0.229800 0.160000 0.205600 0.100700 0.159900 0.123300 0.078500 0.189800 0.188300 0.098200 0.188400 0.142200 0.159900 0.236700 0.162300 0.210900 0.080700 0.164200 0.161300 0.122700 0.183600 0.142100 0.000000 0.217200 0.182000 0.237400 0.188400 0.215900 0.167600 0.144400 0.211600 0.174900 0.080700 0.120400 0.164200 0.180300 0.160800
KirksDik 0.217100 0.399300 0.249900 0.334300 0.195200 0.174900 0.195400 0.131700 0.227800 0.283900 0.170000 0.245900 0.198800 0.106800 0.240400 0.195800 0.217400 0.268400 0.153400 0.266700 0.131600 0.174500 0.253400 0.251100 0.195900 0.152900 0.198800 0.266700 0.202900 0.269800 0.272100 0.131800 0.328700 0.219300 0.178300 0.195500 0.199100 0.217200 0.000000 0.316500 0.254000 0.152900 0.283900 0.228800 0.202500 0.254400 0.043900 0.131800 0.152200 0.174900 0.288700 0.268200
RoeDeer 0.203100 0.321100 0.186200 0.363100 0.118700 0.208100 0.184000 0.261700 0.165700 0.142100 0.226000 0.228800 0.231700 0.186900 0.200600 0.301700 0.202600 0.204000 0.187600 0.202600 0.213000 0.186000 0.119200 0.097000 0.183000 0.258700 0.231700 0.202600 0.286000 0.205400 0.139000 0.166900 0.232900 0.251200 0.211900 0.227400 0.232000 0.182000 0.316500 0.000000 0.162300 0.258700 0.142100 0.077800 0.187800 0.285800 0.272500 0.166900 0.207900 0.207700 0.223400 0.203700
WhiteLippe 0.237500 0.309800 0.220000 0.355600 0.215500 0.195400 0.192600 0.250800 0.198500 0.062000 0.167500 0.216600 0.219400 0.127200 0.212100 0.291900 0.189800 0.145100 0.174000 0.237100 0.200300 0.195000 0.040400 0.102500 0.216400 0.247500 0.219400 0.237100 0.276600 0.239800 0.102700 0.152500 0.243100 0.239700 0.151100 0.168500 0.220000 0.237400 0.254000 0.162300 0.000000 0.247500 0.062000 0.082200 0.174300 0.329500 0.261900 0.152500 0.172600 0.148300 0.258600 0.238500
ThomsonGaz 0.188300 0.361300 0.218600 0.298000 0.167300 0.147500 0.167500 0.105700 0.197300 0.225300 0.142900 0.215200 0.170200 0.126100 0.210700 0.123000 0.235400 0.286100 0.126700 0.235500 0.105600 0.147200 0.246900 0.195900 0.167900 0.000000 0.170200 0.235500 0.127100 0.238300 0.269400 0.105800 0.293300 0.190100 0.150200 0.213700 0.170600 0.188400 0.152900 0.258700 0.247500 0.000000 0.225300 0.174600 0.173200 0.222300 0.110300 0.105800 0.147000 0.193500 0.208900 0.236900
MuntiacusC 0.216100 0.340900 0.198200 0.332100 0.194100 0.174100 0.171400 0.228400 0.176800 0.000000 0.192600 0.195200 0.197700 0.151700 0.239200 0.269700 0.215600 0.217000 0.152600 0.215800 0.178500 0.173600 0.061900 0.082200 0.195000 0.225300 0.197700 0.215800 0.254100 0.218200 0.040400 0.131000 0.272700 0.218200 0.177200 0.147700 0.198300 0.215900 0.283900 0.142100 0.062000 0.225300 0.000000 0.061800 0.152800 0.306200 0.238600 0.131000 0.173400 0.173300 0.237100 0.217000
WhiteTaile 0.167600 0.286200 0.149500 0.275100 0.146500 0.126500 0.124800 0.176800 0.128500 0.061800 0.145300 0.147200 0.149100 0.105100 0.189800 0.217700 0.167300 0.214700 0.105700 0.166400 0.129700 0.126300 0.082100 0.019700 0.147000 0.174600 0.149100 0.167400 0.201100 0.168700 0.102500 0.084700 0.220000 0.169200 0.128800 0.146300 0.149400 0.167600 0.228800 0.077800 0.082200 0.174600 0.061800 0.000000 0.105800 0.250600 0.184500 0.084700 0.126200 0.126100 0.188200 0.168300
Cattle 0.144300 0.210000 0.126100 0.247500 0.123600 0.103900 0.123800 0.152300 0.105500 0.152800 0.144300 0.081000 0.125800 0.082900 0.165900 0.215900 0.144000 0.189900 0.083300 0.144100 0.106500 0.103700 0.173900 0.126600 0.124100 0.173200 0.125800 0.144100 0.223500 0.145800 0.195500 0.062700 0.194600 0.145700 0.105800 0.039300 0.126100 0.144400 0.202500 0.187800 0.174300 0.173200 0.152800 0.105800 0.000000 0.223700 0.159000 0.062700 0.103600 0.103500 0.164500 0.144900
RoyalAntel 0.237700 0.362600 0.219600 0.355200 0.169000 0.195800 0.216000 0.201000 0.249300 0.306200 0.237500 0.216400 0.219700 0.173400 0.212800 0.266000 0.236600 0.289200 0.174400 0.287700 0.152100 0.195300 0.328700 0.272700 0.216700 0.222300 0.219700 0.287700 0.275800 0.290800 0.352500 0.152800 0.294700 0.240000 0.199500 0.264800 0.220300 0.211600 0.254400 0.285800 0.329500 0.222300 0.306200 0.250600 0.223700 0.000000 0.210000 0.152800 0.195100 0.244400 0.309600 0.238100
Steenbok 0.175000 0.353900 0.205900 0.288700 0.152900 0.132400 0.153200 0.088700 0.183800 0.238600 0.174900 0.202700 0.155900 0.110000 0.197900 0.153600 0.223800 0.276100 0.110600 0.223900 0.088600 0.132100 0.261300 0.206900 0.153700 0.110300 0.155900 0.223900 0.159500 0.226400 0.285000 0.078900 0.283500 0.176800 0.135000 0.201100 0.156200 0.174900 0.043900 0.272500 0.261900 0.110300 0.238600 0.184500 0.159000 0.210000 0.000000 0.088700 0.131900 0.180100 0.245700 0.225200
Impala 0.080600 0.237500 0.105200 0.225000 0.060500 0.040700 0.060600 0.085000 0.084400 0.131000 0.080600 0.103600 0.061500 0.020300 0.101400 0.147600 0.123500 0.168900 0.020400 0.123500 0.041700 0.040600 0.152100 0.105500 0.060700 0.105800 0.061500 0.123500 0.152700 0.125100 0.173700 0.000000 0.173000 0.081400 0.041400 0.103000 0.061600 0.080700 0.131800 0.166900 0.152500 0.105800 0.131000 0.084700 0.062700 0.152800 0.088700 0.000000 0.040600 0.082900 0.144000 0.124100
Klipspring 0.078400 0.230800 0.146300 0.244300 0.100300 0.080700 0.100300 0.126500 0.125700 0.173400 0.058600 0.144100 0.081000 0.040200 0.141300 0.143300 0.142700 0.188500 0.060700 0.163700 0.082600 0.080600 0.172300 0.146800 0.100400 0.147000 0.081000 0.163700 0.147900 0.165800 0.215900 0.040600 0.215100 0.100500 0.082100 0.122400 0.101900 0.120400 0.152200 0.207900 0.172600 0.147000 0.173400 0.126200 0.103600 0.195100 0.131900 0.040600 0.000000 0.081600 0.184200 0.164500
ForestMusk 0.142500 0.256000 0.146200 0.238900 0.143400 0.123700 0.143500 0.172600 0.125600 0.173300 0.099800 0.144000 0.122800 0.060600 0.185800 0.213100 0.120200 0.164600 0.103300 0.163500 0.126700 0.123500 0.148000 0.146700 0.143700 0.193500 0.122800 0.163500 0.220200 0.165700 0.215800 0.082900 0.214900 0.142200 0.126000 0.100300 0.145900 0.164200 0.174900 0.207700 0.148300 0.193500 0.173300 0.126100 0.103500 0.244400 0.180100 0.082900 0.081600 0.000000 0.184100 0.164400
Bushbuck 0.158700 0.343500 0.077200 0.334100 0.160000 0.162600 0.204100 0.236100 0.078500 0.237100 0.224500 0.204700 0.207300 0.163600 0.224400 0.299400 0.179600 0.225400 0.164300 0.094600 0.188800 0.184300 0.210400 0.208800 0.139100 0.208900 0.207300 0.094600 0.308900 0.116600 0.231600 0.144000 0.230500 0.226500 0.187800 0.203500 0.185200 0.180300 0.288700 0.223400 0.258600 0.208900 0.237100 0.188200 0.164500 0.309600 0.245700 0.144000 0.184200 0.184100 0.000000 0.095000
GreaterKud 0.139500 0.272100 0.058200 0.261200 0.140500 0.143200 0.184600 0.216100 0.059200 0.217000 0.205100 0.140500 0.187500 0.143900 0.204700 0.279600 0.117500 0.205600 0.144700 0.076100 0.123600 0.164700 0.190500 0.188900 0.119900 0.236900 0.187500 0.076100 0.289300 0.097600 0.211700 0.124100 0.164000 0.162200 0.167900 0.184000 0.165700 0.160800 0.268200 0.203700 0.238500 0.236900 0.217000 0.168300 0.144900 0.238100 0.225200 0.124100 0.164500 0.164400 0.095000 0.000000
