CODONML (in paml version 4.10.7, June 2023)  /home/rachel/ruminants_paml/6406-phy-tree/ENSBTAT00000049542.fasta.phy
Model: free dN/dS Ratios for branches,  kappa = 2.000 fixed

Codon frequency model: F3x4
ns =  54  ls =  17

Codon usage in sequences
--------------------------------------------------------------------------------------------------------------------------------------
Phe TTT   0   0   0   0   0   0 | Ser TCT   1   1   1   1   0   0 | Tyr TAT   0   0   0   0   0   0 | Cys TGT   0   0   0   0   0   0
    TTC   0   0   0   0   0   0 |     TCC   0   0   0   0   1   1 |     TAC   0   0   0   0   0   0 |     TGC   0   0   0   0   0   0
Leu TTA   0   0   0   0   0   1 |     TCA   1   1   1   1   1   1 | *** TAA   0   0   0   0   0   0 | *** TGA   0   0   0   0   0   0
    TTG   2   2   2   2   2   1 |     TCG   0   0   0   0   0   0 |     TAG   0   0   0   0   0   0 | Trp TGG   0   0   0   0   0   0
--------------------------------------------------------------------------------------------------------------------------------------
Leu CTT   0   0   0   0   0   0 | Pro CCT   0   0   0   0   0   0 | His CAT   0   0   0   0   0   0 | Arg CGT   0   0   0   0   0   0
    CTC   0   0   0   0   0   0 |     CCC   0   0   0   0   0   0 |     CAC   0   0   0   0   0   0 |     CGC   0   0   0   0   0   0
    CTA   0   0   0   0   0   0 |     CCA   0   0   0   0   0   0 | Gln CAA   0   0   0   0   0   0 |     CGA   0   0   0   0   0   0
    CTG   0   0   0   0   0   0 |     CCG   0   0   0   0   0   0 |     CAG   2   2   2   2   2   2 |     CGG   0   0   0   0   0   1
--------------------------------------------------------------------------------------------------------------------------------------
Ile ATT   1   1   1   1   1   1 | Thr ACT   0   0   0   0   0   0 | Asn AAT   0   0   0   0   0   0 | Ser AGT   0   0   0   0   0   0
    ATC   0   0   0   0   0   0 |     ACC   0   0   0   0   0   0 |     AAC   0   0   0   0   0   0 |     AGC   0   0   0   0   0   0
    ATA   0   0   0   0   0   0 |     ACA   0   0   0   0   0   0 | Lys AAA   2   2   2   2   2   2 | Arg AGA   0   0   0   0   0   0
Met ATG   2   2   2   2   2   2 |     ACG   0   0   0   0   0   0 |     AAG   2   2   2   2   2   1 |     AGG   0   0   0   0   0   0
--------------------------------------------------------------------------------------------------------------------------------------
Val GTT   0   0   0   0   0   0 | Ala GCT   0   0   0   0   0   0 | Asp GAT   0   0   0   0   0   0 | Gly GGT   0   0   0   0   0   0
    GTC   0   0   0   0   0   0 |     GCC   0   0   0   0   0   0 |     GAC   1   1   1   1   1   1 |     GGC   0   0   0   0   0   0
    GTA   0   0   0   0   0   0 |     GCA   0   0   0   0   0   0 | Glu GAA   2   2   2   2   2   2 |     GGA   0   0   0   0   0   0
    GTG   1   1   1   1   1   1 |     GCG   0   0   0   0   0   0 |     GAG   0   0   0   0   0   0 |     GGG   0   0   0   0   0   0
--------------------------------------------------------------------------------------------------------------------------------------

--------------------------------------------------------------------------------------------------------------------------------------
Phe TTT   0   0   0   0   0   0 | Ser TCT   1   1   1   1   1   1 | Tyr TAT   0   0   0   0   0   0 | Cys TGT   0   0   0   0   0   0
    TTC   0   0   0   0   0   0 |     TCC   0   0   0   0   0   0 |     TAC   0   0   0   0   0   0 |     TGC   0   0   0   0   0   0
Leu TTA   0   0   0   0   0   1 |     TCA   1   1   1   1   1   1 | *** TAA   0   0   0   0   0   0 | *** TGA   0   0   0   0   0   0
    TTG   2   2   2   2   2   1 |     TCG   0   0   0   0   0   0 |     TAG   0   0   0   0   0   0 | Trp TGG   0   0   0   0   0   0
--------------------------------------------------------------------------------------------------------------------------------------
Leu CTT   0   0   0   0   0   0 | Pro CCT   0   0   0   0   0   0 | His CAT   0   0   0   0   0   0 | Arg CGT   0   0   0   0   0   0
    CTC   0   0   0   0   0   0 |     CCC   0   0   0   0   0   0 |     CAC   0   0   0   0   0   0 |     CGC   0   0   0   0   0   0
    CTA   0   0   0   0   0   0 |     CCA   0   0   0   0   0   0 | Gln CAA   0   0   0   0   0   0 |     CGA   0   0   0   0   0   0
    CTG   0   0   0   0   0   0 |     CCG   0   0   0   0   0   0 |     CAG   2   2   2   2   2   2 |     CGG   0   0   0   0   0   0
--------------------------------------------------------------------------------------------------------------------------------------
Ile ATT   1   1   1   1   1   1 | Thr ACT   0   0   0   0   0   0 | Asn AAT   0   0   0   0   0   0 | Ser AGT   0   0   0   0   0   0
    ATC   0   0   0   0   0   0 |     ACC   0   0   0   0   0   0 |     AAC   0   0   0   0   0   0 |     AGC   0   0   0   0   0   0
    ATA   0   0   0   0   0   0 |     ACA   0   0   0   0   0   0 | Lys AAA   2   2   2   2   2   2 | Arg AGA   0   0   0   0   0   0
Met ATG   2   2   2   2   2   2 |     ACG   0   0   0   0   0   0 |     AAG   2   2   2   2   2   2 |     AGG   0   0   0   0   0   0
--------------------------------------------------------------------------------------------------------------------------------------
Val GTT   0   0   0   0   0   0 | Ala GCT   0   0   0   0   0   0 | Asp GAT   0   0   0   0   0   0 | Gly GGT   0   0   0   0   0   0
    GTC   0   0   0   0   0   0 |     GCC   0   0   0   0   0   0 |     GAC   1   1   1   1   1   1 |     GGC   0   0   0   0   0   0
    GTA   0   0   0   0   0   0 |     GCA   0   0   0   0   0   0 | Glu GAA   2   2   2   2   2   1 |     GGA   0   0   0   0   0   1
    GTG   1   1   1   1   1   1 |     GCG   0   0   0   0   0   0 |     GAG   0   0   0   0   0   0 |     GGG   0   0   0   0   0   0
--------------------------------------------------------------------------------------------------------------------------------------

--------------------------------------------------------------------------------------------------------------------------------------
Phe TTT   0   0   0   0   0   0 | Ser TCT   1   1   1   1   1   1 | Tyr TAT   0   0   0   0   0   0 | Cys TGT   0   0   0   0   0   0
    TTC   0   0   0   0   0   0 |     TCC   0   0   0   0   0   0 |     TAC   0   0   0   0   0   0 |     TGC   0   0   0   0   0   0
Leu TTA   0   0   0   0   0   0 |     TCA   1   1   1   1   1   1 | *** TAA   0   0   0   0   0   0 | *** TGA   0   0   0   0   0   0
    TTG   2   2   2   2   2   2 |     TCG   0   0   0   0   0   0 |     TAG   0   0   0   0   0   0 | Trp TGG   0   0   0   0   0   0
--------------------------------------------------------------------------------------------------------------------------------------
Leu CTT   0   0   0   0   0   0 | Pro CCT   0   0   0   0   0   0 | His CAT   0   0   0   0   0   0 | Arg CGT   0   0   0   0   0   0
    CTC   0   0   0   0   0   0 |     CCC   0   0   0   0   0   0 |     CAC   0   0   0   0   0   0 |     CGC   0   0   0   0   0   0
    CTA   0   0   0   0   0   0 |     CCA   0   0   0   0   0   0 | Gln CAA   0   0   0   0   0   0 |     CGA   0   0   0   0   0   0
    CTG   0   0   0   1   0   0 |     CCG   0   0   0   0   0   0 |     CAG   2   2   2   1   2   2 |     CGG   0   0   0   0   0   0
--------------------------------------------------------------------------------------------------------------------------------------
Ile ATT   1   1   1   0   1   1 | Thr ACT   0   0   0   0   0   0 | Asn AAT   0   0   0   0   0   0 | Ser AGT   0   0   0   0   0   0
    ATC   0   0   0   0   0   0 |     ACC   0   0   0   1   0   0 |     AAC   0   0   0   0   0   0 |     AGC   0   0   0   0   0   0
    ATA   0   0   0   0   0   0 |     ACA   0   0   0   0   0   0 | Lys AAA   2   2   2   2   2   2 | Arg AGA   0   0   0   0   0   0
Met ATG   2   2   2   1   2   2 |     ACG   0   0   0   0   0   0 |     AAG   2   2   2   2   2   2 |     AGG   0   0   0   0   0   0
--------------------------------------------------------------------------------------------------------------------------------------
Val GTT   0   0   0   0   0   0 | Ala GCT   0   0   0   0   0   0 | Asp GAT   0   0   0   0   0   0 | Gly GGT   0   0   0   0   0   0
    GTC   0   0   0   0   0   0 |     GCC   0   0   0   0   0   0 |     GAC   1   1   1   1   1   1 |     GGC   0   0   0   0   0   0
    GTA   0   0   0   0   0   0 |     GCA   0   0   0   0   0   0 | Glu GAA   2   2   2   2   2   2 |     GGA   0   0   0   0   0   0
    GTG   1   1   0   1   1   1 |     GCG   0   0   1   0   0   0 |     GAG   0   0   0   1   0   0 |     GGG   0   0   0   0   0   0
--------------------------------------------------------------------------------------------------------------------------------------

--------------------------------------------------------------------------------------------------------------------------------------
Phe TTT   0   0   0   0   0   0 | Ser TCT   1   1   1   1   1   1 | Tyr TAT   0   0   0   0   0   0 | Cys TGT   0   0   0   0   0   0
    TTC   0   0   0   0   0   0 |     TCC   0   0   0   0   0   0 |     TAC   0   0   0   0   0   0 |     TGC   0   0   0   0   0   0
Leu TTA   0   0   0   0   0   0 |     TCA   1   1   1   1   1   1 | *** TAA   0   0   0   0   0   0 | *** TGA   0   0   0   0   0   0
    TTG   2   2   2   2   2   2 |     TCG   0   0   0   0   0   0 |     TAG   0   0   0   0   0   0 | Trp TGG   0   0   0   0   0   0
--------------------------------------------------------------------------------------------------------------------------------------
Leu CTT   0   0   0   0   0   0 | Pro CCT   0   0   0   0   0   0 | His CAT   0   0   0   0   0   0 | Arg CGT   0   0   0   0   0   0
    CTC   0   0   0   0   0   0 |     CCC   0   0   0   0   0   0 |     CAC   0   0   0   0   0   0 |     CGC   0   0   0   0   0   0
    CTA   0   0   0   0   0   0 |     CCA   0   0   0   0   0   0 | Gln CAA   0   0   0   0   0   0 |     CGA   0   0   0   0   0   0
    CTG   0   0   0   0   0   0 |     CCG   0   0   0   0   0   0 |     CAG   2   2   2   2   2   2 |     CGG   0   0   0   0   0   0
--------------------------------------------------------------------------------------------------------------------------------------
Ile ATT   1   1   1   1   1   1 | Thr ACT   0   0   0   0   0   0 | Asn AAT   0   0   0   0   0   0 | Ser AGT   0   0   0   0   0   0
    ATC   0   0   0   0   0   0 |     ACC   0   0   0   0   0   0 |     AAC   0   0   0   0   0   0 |     AGC   0   0   0   0   0   0
    ATA   0   0   0   0   0   0 |     ACA   0   0   0   0   0   0 | Lys AAA   2   2   2   2   2   2 | Arg AGA   0   0   0   0   0   0
Met ATG   2   2   2   2   2   2 |     ACG   0   0   0   0   0   0 |     AAG   2   2   2   2   2   2 |     AGG   0   0   0   0   0   0
--------------------------------------------------------------------------------------------------------------------------------------
Val GTT   0   0   0   0   0   0 | Ala GCT   0   0   0   0   0   0 | Asp GAT   0   0   0   0   0   0 | Gly GGT   0   0   0   0   0   0
    GTC   0   0   0   0   0   0 |     GCC   0   0   0   0   0   0 |     GAC   1   1   1   1   1   1 |     GGC   0   0   0   0   0   0
    GTA   0   0   0   0   0   0 |     GCA   0   0   0   0   0   0 | Glu GAA   2   2   2   2   2   2 |     GGA   0   0   0   0   0   0
    GTG   1   1   1   1   1   1 |     GCG   0   0   0   0   0   0 |     GAG   0   0   0   0   0   0 |     GGG   0   0   0   0   0   0
--------------------------------------------------------------------------------------------------------------------------------------

--------------------------------------------------------------------------------------------------------------------------------------
Phe TTT   0   0   0   0   0   0 | Ser TCT   1   1   1   1   1   1 | Tyr TAT   0   0   0   0   0   0 | Cys TGT   0   0   0   0   0   0
    TTC   0   0   0   0   0   0 |     TCC   0   0   0   0   0   0 |     TAC   0   0   0   0   0   0 |     TGC   0   0   0   0   0   0
Leu TTA   0   0   0   0   0   0 |     TCA   1   1   1   1   1   1 | *** TAA   0   0   0   0   0   0 | *** TGA   0   0   0   0   0   0
    TTG   2   2   2   2   2   2 |     TCG   0   0   0   0   0   0 |     TAG   0   0   0   0   0   0 | Trp TGG   0   0   0   0   0   0
--------------------------------------------------------------------------------------------------------------------------------------
Leu CTT   0   0   0   0   0   0 | Pro CCT   0   0   0   0   0   0 | His CAT   0   0   0   0   0   0 | Arg CGT   0   0   0   0   0   0
    CTC   0   0   0   0   0   0 |     CCC   0   0   0   0   0   0 |     CAC   0   0   0   0   0   0 |     CGC   0   0   0   0   0   0
    CTA   0   0   0   0   0   0 |     CCA   0   0   0   0   0   0 | Gln CAA   0   0   0   0   0   0 |     CGA   0   0   0   0   0   0
    CTG   0   0   0   0   0   0 |     CCG   0   0   0   0   0   0 |     CAG   2   2   2   2   2   2 |     CGG   0   0   0   0   0   0
--------------------------------------------------------------------------------------------------------------------------------------
Ile ATT   1   1   1   0   1   1 | Thr ACT   0   0   0   1   0   0 | Asn AAT   0   0   0   0   0   0 | Ser AGT   0   0   0   0   0   0
    ATC   0   0   0   0   0   0 |     ACC   0   0   0   0   0   0 |     AAC   0   0   0   0   0   0 |     AGC   0   0   0   0   0   0
    ATA   0   0   0   0   0   0 |     ACA   0   0   0   0   0   0 | Lys AAA   2   2   2   2   2   2 | Arg AGA   0   0   0   0   0   0
Met ATG   2   2   2   2   2   2 |     ACG   0   0   0   0   0   0 |     AAG   2   2   2   2   2   2 |     AGG   0   0   0   0   0   0
--------------------------------------------------------------------------------------------------------------------------------------
Val GTT   0   0   0   0   0   0 | Ala GCT   0   0   0   0   0   0 | Asp GAT   0   0   0   0   0   0 | Gly GGT   0   0   0   0   0   0
    GTC   0   0   0   0   0   0 |     GCC   0   0   0   0   0   0 |     GAC   1   1   1   1   1   1 |     GGC   0   0   0   0   0   0
    GTA   0   0   0   0   0   0 |     GCA   0   0   0   0   0   0 | Glu GAA   1   1   2   2   2   2 |     GGA   1   1   0   0   0   0
    GTG   1   1   1   1   0   1 |     GCG   0   0   0   0   1   0 |     GAG   0   0   0   0   0   0 |     GGG   0   0   0   0   0   0
--------------------------------------------------------------------------------------------------------------------------------------

--------------------------------------------------------------------------------------------------------------------------------------
Phe TTT   0   0   0   0   0   0 | Ser TCT   1   1   1   1   1   1 | Tyr TAT   0   0   0   0   0   0 | Cys TGT   0   0   0   0   0   0
    TTC   0   0   0   0   0   0 |     TCC   0   0   0   0   0   0 |     TAC   0   0   0   0   0   0 |     TGC   0   0   0   0   0   0
Leu TTA   0   0   1   0   0   0 |     TCA   1   1   1   1   1   1 | *** TAA   0   0   0   0   0   0 | *** TGA   0   0   0   0   0   0
    TTG   2   2   1   2   1   2 |     TCG   0   0   0   0   0   0 |     TAG   0   0   0   0   0   0 | Trp TGG   0   0   0   0   0   0
--------------------------------------------------------------------------------------------------------------------------------------
Leu CTT   0   0   0   0   0   0 | Pro CCT   0   0   0   0   0   0 | His CAT   0   0   0   0   0   0 | Arg CGT   0   0   0   0   0   0
    CTC   0   0   0   0   0   0 |     CCC   0   0   0   0   0   0 |     CAC   0   0   0   0   0   0 |     CGC   0   0   0   0   0   0
    CTA   0   0   0   0   0   0 |     CCA   0   0   0   0   0   0 | Gln CAA   0   0   0   0   0   0 |     CGA   0   0   0   0   0   0
    CTG   0   0   0   0   2   0 |     CCG   0   0   0   0   0   0 |     CAG   2   2   2   2   1   2 |     CGG   0   0   0   0   0   0
--------------------------------------------------------------------------------------------------------------------------------------
Ile ATT   1   1   1   0   0   1 | Thr ACT   0   0   0   0   1   0 | Asn AAT   0   0   0   0   0   0 | Ser AGT   0   0   0   0   0   0
    ATC   0   0   0   1   0   0 |     ACC   0   0   0   0   0   0 |     AAC   0   0   0   0   0   0 |     AGC   0   0   0   0   0   0
    ATA   0   0   0   0   0   0 |     ACA   0   0   0   0   0   0 | Lys AAA   2   2   2   2   2   2 | Arg AGA   0   0   0   0   0   0
Met ATG   2   2   2   2   1   2 |     ACG   0   0   0   0   0   0 |     AAG   2   2   2   2   3   2 |     AGG   0   0   0   0   0   0
--------------------------------------------------------------------------------------------------------------------------------------
Val GTT   0   0   0   0   0   0 | Ala GCT   0   0   0   0   0   0 | Asp GAT   0   0   0   0   0   0 | Gly GGT   0   0   0   0   0   0
    GTC   0   0   0   0   0   0 |     GCC   0   0   0   0   0   0 |     GAC   1   1   1   1   1   1 |     GGC   0   0   0   0   0   0
    GTA   0   0   0   0   0   0 |     GCA   0   0   0   0   0   0 | Glu GAA   2   2   1   2   2   1 |     GGA   0   0   1   0   0   0
    GTG   1   1   1   1   1   0 |     GCG   0   0   0   0   0   1 |     GAG   0   0   0   0   0   1 |     GGG   0   0   0   0   0   0
--------------------------------------------------------------------------------------------------------------------------------------

--------------------------------------------------------------------------------------------------------------------------------------
Phe TTT   0   0   0   0   0   0 | Ser TCT   1   1   1   1   1   1 | Tyr TAT   0   0   0   0   0   0 | Cys TGT   0   0   0   0   0   0
    TTC   0   0   0   0   0   0 |     TCC   0   0   0   0   0   0 |     TAC   0   0   0   0   0   0 |     TGC   0   0   0   0   0   0
Leu TTA   0   0   0   0   0   0 |     TCA   1   1   1   1   1   1 | *** TAA   0   0   0   0   0   0 | *** TGA   0   0   0   0   0   0
    TTG   2   2   2   2   2   2 |     TCG   0   0   0   0   0   0 |     TAG   0   0   0   0   0   0 | Trp TGG   0   0   0   0   0   0
--------------------------------------------------------------------------------------------------------------------------------------
Leu CTT   0   0   0   0   0   0 | Pro CCT   0   0   0   0   0   0 | His CAT   0   0   0   0   0   0 | Arg CGT   0   0   0   0   0   0
    CTC   0   0   0   0   0   0 |     CCC   0   0   0   0   0   0 |     CAC   0   0   0   0   0   0 |     CGC   0   0   0   0   0   0
    CTA   0   0   0   0   0   0 |     CCA   0   0   0   0   0   0 | Gln CAA   0   0   0   0   0   0 |     CGA   0   0   0   0   0   0
    CTG   0   0   0   0   0   0 |     CCG   0   0   0   0   0   0 |     CAG   2   2   2   2   2   2 |     CGG   0   0   0   0   0   0
--------------------------------------------------------------------------------------------------------------------------------------
Ile ATT   1   1   1   1   1   1 | Thr ACT   0   0   0   0   0   0 | Asn AAT   0   0   0   0   0   0 | Ser AGT   0   0   0   0   0   0
    ATC   0   0   0   0   0   0 |     ACC   0   0   0   0   0   0 |     AAC   0   0   0   0   0   0 |     AGC   0   0   0   0   0   0
    ATA   0   0   0   0   0   0 |     ACA   0   0   0   0   0   0 | Lys AAA   2   2   2   2   2   2 | Arg AGA   0   0   0   0   0   0
Met ATG   2   2   2   2   2   2 |     ACG   0   0   0   0   0   0 |     AAG   2   2   2   2   2   2 |     AGG   0   0   0   0   0   0
--------------------------------------------------------------------------------------------------------------------------------------
Val GTT   0   0   0   0   0   0 | Ala GCT   0   0   0   0   0   0 | Asp GAT   0   0   0   0   0   0 | Gly GGT   0   0   0   0   0   0
    GTC   0   0   0   0   0   0 |     GCC   0   0   0   0   0   0 |     GAC   1   1   1   1   1   1 |     GGC   0   0   0   0   0   0
    GTA   0   0   0   0   0   0 |     GCA   0   0   0   0   0   0 | Glu GAA   2   2   2   2   2   1 |     GGA   0   0   0   0   0   1
    GTG   1   1   1   1   1   1 |     GCG   0   0   0   0   0   0 |     GAG   0   0   0   0   0   0 |     GGG   0   0   0   0   0   0
--------------------------------------------------------------------------------------------------------------------------------------

--------------------------------------------------------------------------------------------------------------------------------------
Phe TTT   0   0   0   0   0   0 | Ser TCT   1   1   1   1   1   1 | Tyr TAT   0   0   0   0   0   0 | Cys TGT   0   0   0   0   0   0
    TTC   0   0   0   0   0   0 |     TCC   0   0   0   0   0   0 |     TAC   0   0   0   0   0   0 |     TGC   0   0   0   0   0   0
Leu TTA   0   0   1   0   0   0 |     TCA   1   0   1   1   1   1 | *** TAA   0   0   0   0   0   0 | *** TGA   0   0   0   0   0   0
    TTG   2   2   1   2   2   2 |     TCG   0   0   0   0   0   0 |     TAG   0   0   0   0   0   0 | Trp TGG   0   0   0   0   0   0
--------------------------------------------------------------------------------------------------------------------------------------
Leu CTT   0   0   0   0   0   0 | Pro CCT   0   0   0   0   0   0 | His CAT   0   0   0   0   0   0 | Arg CGT   0   0   0   0   0   0
    CTC   0   0   0   0   0   0 |     CCC   0   0   0   0   0   0 |     CAC   0   0   0   0   0   0 |     CGC   0   0   0   0   0   0
    CTA   0   0   0   0   0   0 |     CCA   0   1   0   0   0   0 | Gln CAA   0   0   0   0   0   0 |     CGA   0   0   0   0   0   0
    CTG   0   0   0   0   0   0 |     CCG   0   0   0   0   0   0 |     CAG   2   2   2   2   2   1 |     CGG   0   0   0   0   0   0
--------------------------------------------------------------------------------------------------------------------------------------
Ile ATT   1   1   1   1   1   0 | Thr ACT   0   0   0   0   0   1 | Asn AAT   0   0   0   0   0   0 | Ser AGT   0   0   0   0   0   0
    ATC   0   0   0   0   0   0 |     ACC   0   0   0   0   0   0 |     AAC   0   0   0   0   0   0 |     AGC   0   0   0   0   0   0
    ATA   0   0   0   0   0   0 |     ACA   0   0   0   0   0   0 | Lys AAA   2   2   2   2   2   2 | Arg AGA   0   0   0   0   0   0
Met ATG   2   2   2   2   2   1 |     ACG   0   0   0   0   0   0 |     AAG   2   2   2   2   2   2 |     AGG   0   0   0   0   0   0
--------------------------------------------------------------------------------------------------------------------------------------
Val GTT   0   0   0   0   0   0 | Ala GCT   0   0   0   0   0   0 | Asp GAT   0   0   0   0   0   0 | Gly GGT   0   0   0   0   0   0
    GTC   0   0   0   0   0   0 |     GCC   0   0   0   0   0   0 |     GAC   1   1   1   1   1   1 |     GGC   0   0   0   0   0   0
    GTA   0   0   0   0   0   0 |     GCA   0   0   0   0   0   0 | Glu GAA   1   2   1   1   2   2 |     GGA   1   0   1   1   0   0
    GTG   1   1   1   1   1   2 |     GCG   0   0   0   0   0   0 |     GAG   0   0   0   0   0   1 |     GGG   0   0   0   0   0   0
--------------------------------------------------------------------------------------------------------------------------------------

--------------------------------------------------------------------------------------------------------------------------------------
Phe TTT   0   0   0   0   0   0 | Ser TCT   1   1   1   1   1   1 | Tyr TAT   0   0   0   0   0   0 | Cys TGT   0   0   0   0   0   0
    TTC   0   0   0   0   0   0 |     TCC   0   0   0   0   0   0 |     TAC   0   0   0   0   0   0 |     TGC   0   0   0   0   0   0
Leu TTA   0   0   0   0   0   0 |     TCA   1   1   1   1   1   1 | *** TAA   0   0   0   0   0   0 | *** TGA   0   0   0   0   0   0
    TTG   2   2   2   2   2   2 |     TCG   0   0   0   0   0   0 |     TAG   0   0   0   0   0   0 | Trp TGG   0   0   0   0   0   0
--------------------------------------------------------------------------------------------------------------------------------------
Leu CTT   0   0   0   0   0   0 | Pro CCT   0   0   0   0   0   0 | His CAT   0   0   0   0   0   0 | Arg CGT   0   0   0   0   0   0
    CTC   0   0   0   0   0   0 |     CCC   0   0   0   0   0   0 |     CAC   0   0   0   0   0   0 |     CGC   0   0   0   0   0   0
    CTA   0   0   0   0   0   0 |     CCA   0   0   0   0   0   0 | Gln CAA   0   0   0   0   0   0 |     CGA   0   0   0   0   0   0
    CTG   0   0   0   0   0   0 |     CCG   0   0   0   0   0   0 |     CAG   2   2   2   2   2   2 |     CGG   0   0   0   0   0   0
--------------------------------------------------------------------------------------------------------------------------------------
Ile ATT   1   1   1   1   1   1 | Thr ACT   0   0   0   0   0   0 | Asn AAT   0   0   0   0   0   0 | Ser AGT   0   0   0   0   0   0
    ATC   0   0   0   0   0   0 |     ACC   0   0   0   0   0   0 |     AAC   0   0   0   0   0   0 |     AGC   0   0   0   0   0   0
    ATA   0   0   0   0   0   0 |     ACA   0   0   0   0   0   0 | Lys AAA   2   2   2   2   2   2 | Arg AGA   0   0   0   0   0   0
Met ATG   2   2   2   2   2   2 |     ACG   0   0   0   0   0   0 |     AAG   2   2   2   2   2   2 |     AGG   0   0   0   0   0   0
--------------------------------------------------------------------------------------------------------------------------------------
Val GTT   0   0   0   0   0   0 | Ala GCT   0   0   0   0   0   0 | Asp GAT   0   0   0   0   0   0 | Gly GGT   0   0   0   0   0   0
    GTC   0   0   0   0   0   0 |     GCC   0   0   0   0   0   0 |     GAC   1   1   1   1   1   1 |     GGC   0   0   0   0   0   0
    GTA   0   0   0   0   0   0 |     GCA   0   0   0   0   0   0 | Glu GAA   2   2   2   2   2   2 |     GGA   0   0   0   0   0   0
    GTG   1   1   1   1   1   1 |     GCG   0   0   0   0   0   0 |     GAG   0   0   0   0   0   0 |     GGG   0   0   0   0   0   0
--------------------------------------------------------------------------------------------------------------------------------------

Codon position x base (3x4) table for each sequence.

#1: Argali         
position  1:    T:0.23529    C:0.11765    A:0.41176    G:0.23529
position  2:    T:0.35294    C:0.11765    A:0.52941    G:0.00000
position  3:    T:0.11765    C:0.05882    A:0.29412    G:0.52941
Average         T:0.23529    C:0.09804    A:0.41176    G:0.25490

#2: LesserMouseDeer
position  1:    T:0.23529    C:0.11765    A:0.41176    G:0.23529
position  2:    T:0.35294    C:0.11765    A:0.52941    G:0.00000
position  3:    T:0.11765    C:0.05882    A:0.29412    G:0.52941
Average         T:0.23529    C:0.09804    A:0.41176    G:0.25490

#3: LesserKudu     
position  1:    T:0.23529    C:0.11765    A:0.41176    G:0.23529
position  2:    T:0.35294    C:0.11765    A:0.52941    G:0.00000
position  3:    T:0.11765    C:0.05882    A:0.29412    G:0.52941
Average         T:0.23529    C:0.09804    A:0.41176    G:0.25490

#4: ForestMuskDeer2
position  1:    T:0.23529    C:0.11765    A:0.41176    G:0.23529
position  2:    T:0.35294    C:0.11765    A:0.52941    G:0.00000
position  3:    T:0.11765    C:0.05882    A:0.29412    G:0.52941
Average         T:0.23529    C:0.09804    A:0.41176    G:0.25490

#5: Camel          
position  1:    T:0.23529    C:0.11765    A:0.41176    G:0.23529
position  2:    T:0.35294    C:0.11765    A:0.52941    G:0.00000
position  3:    T:0.05882    C:0.11765    A:0.29412    G:0.52941
Average         T:0.21569    C:0.11765    A:0.41176    G:0.25490

#6: KillerWhale    
position  1:    T:0.23529    C:0.17647    A:0.35294    G:0.23529
position  2:    T:0.35294    C:0.11765    A:0.47059    G:0.05882
position  3:    T:0.05882    C:0.11765    A:0.35294    G:0.47059
Average         T:0.21569    C:0.13725    A:0.39216    G:0.25490

#7: DefassaWaterbuck
position  1:    T:0.23529    C:0.11765    A:0.41176    G:0.23529
position  2:    T:0.35294    C:0.11765    A:0.52941    G:0.00000
position  3:    T:0.11765    C:0.05882    A:0.29412    G:0.52941
Average         T:0.23529    C:0.09804    A:0.41176    G:0.25490

#8: Sheep          
position  1:    T:0.23529    C:0.11765    A:0.41176    G:0.23529
position  2:    T:0.35294    C:0.11765    A:0.52941    G:0.00000
position  3:    T:0.11765    C:0.05882    A:0.29412    G:0.52941
Average         T:0.23529    C:0.09804    A:0.41176    G:0.25490

#9: MaxwellsDuiker 
position  1:    T:0.23529    C:0.11765    A:0.41176    G:0.23529
position  2:    T:0.35294    C:0.11765    A:0.52941    G:0.00000
position  3:    T:0.11765    C:0.05882    A:0.29412    G:0.52941
Average         T:0.23529    C:0.09804    A:0.41176    G:0.25490

#10: GazellaPrzewalskyi
position  1:    T:0.23529    C:0.11765    A:0.41176    G:0.23529
position  2:    T:0.35294    C:0.11765    A:0.52941    G:0.00000
position  3:    T:0.11765    C:0.05882    A:0.29412    G:0.52941
Average         T:0.23529    C:0.09804    A:0.41176    G:0.25490

#11: MountainNyala  
position  1:    T:0.23529    C:0.11765    A:0.41176    G:0.23529
position  2:    T:0.35294    C:0.11765    A:0.52941    G:0.00000
position  3:    T:0.11765    C:0.05882    A:0.29412    G:0.52941
Average         T:0.23529    C:0.09804    A:0.41176    G:0.25490

#12: MuntiacusMuntjak
position  1:    T:0.23529    C:0.11765    A:0.41176    G:0.23529
position  2:    T:0.35294    C:0.11765    A:0.47059    G:0.05882
position  3:    T:0.11765    C:0.05882    A:0.35294    G:0.47059
Average         T:0.23529    C:0.09804    A:0.41176    G:0.25490

#13: goat           
position  1:    T:0.23529    C:0.11765    A:0.41176    G:0.23529
position  2:    T:0.35294    C:0.11765    A:0.52941    G:0.00000
position  3:    T:0.11765    C:0.05882    A:0.29412    G:0.52941
Average         T:0.23529    C:0.09804    A:0.41176    G:0.25490

#14: AfricanBuffalo 
position  1:    T:0.23529    C:0.11765    A:0.41176    G:0.23529
position  2:    T:0.35294    C:0.11765    A:0.52941    G:0.00000
position  3:    T:0.11765    C:0.05882    A:0.29412    G:0.52941
Average         T:0.23529    C:0.09804    A:0.41176    G:0.25490

#15: Topi           
position  1:    T:0.23529    C:0.11765    A:0.41176    G:0.23529
position  2:    T:0.29412    C:0.17647    A:0.52941    G:0.00000
position  3:    T:0.11765    C:0.05882    A:0.29412    G:0.52941
Average         T:0.21569    C:0.11765    A:0.41176    G:0.25490

#16: CommonDuiker   
position  1:    T:0.23529    C:0.11765    A:0.35294    G:0.29412
position  2:    T:0.29412    C:0.17647    A:0.52941    G:0.00000
position  3:    T:0.05882    C:0.11765    A:0.29412    G:0.52941
Average         T:0.19608    C:0.13725    A:0.39216    G:0.27451

#17: Suni           
position  1:    T:0.23529    C:0.11765    A:0.41176    G:0.23529
position  2:    T:0.35294    C:0.11765    A:0.52941    G:0.00000
position  3:    T:0.11765    C:0.05882    A:0.29412    G:0.52941
Average         T:0.23529    C:0.09804    A:0.41176    G:0.25490

#18: Springbuck     
position  1:    T:0.23529    C:0.11765    A:0.41176    G:0.23529
position  2:    T:0.35294    C:0.11765    A:0.52941    G:0.00000
position  3:    T:0.11765    C:0.05882    A:0.29412    G:0.52941
Average         T:0.23529    C:0.09804    A:0.41176    G:0.25490

#19: Okapi          
position  1:    T:0.23529    C:0.11765    A:0.41176    G:0.23529
position  2:    T:0.35294    C:0.11765    A:0.52941    G:0.00000
position  3:    T:0.11765    C:0.05882    A:0.29412    G:0.52941
Average         T:0.23529    C:0.09804    A:0.41176    G:0.25490

#20: Giraffe        
position  1:    T:0.23529    C:0.11765    A:0.41176    G:0.23529
position  2:    T:0.35294    C:0.11765    A:0.52941    G:0.00000
position  3:    T:0.11765    C:0.05882    A:0.29412    G:0.52941
Average         T:0.23529    C:0.09804    A:0.41176    G:0.25490

#21: TibetanAntelope
position  1:    T:0.23529    C:0.11765    A:0.41176    G:0.23529
position  2:    T:0.35294    C:0.11765    A:0.52941    G:0.00000
position  3:    T:0.11765    C:0.05882    A:0.29412    G:0.52941
Average         T:0.23529    C:0.09804    A:0.41176    G:0.25490

#22: Sitatunga      
position  1:    T:0.23529    C:0.11765    A:0.41176    G:0.23529
position  2:    T:0.35294    C:0.11765    A:0.52941    G:0.00000
position  3:    T:0.11765    C:0.05882    A:0.29412    G:0.52941
Average         T:0.23529    C:0.09804    A:0.41176    G:0.25490

#23: Oribi          
position  1:    T:0.23529    C:0.11765    A:0.41176    G:0.23529
position  2:    T:0.35294    C:0.11765    A:0.52941    G:0.00000
position  3:    T:0.11765    C:0.05882    A:0.29412    G:0.52941
Average         T:0.23529    C:0.09804    A:0.41176    G:0.25490

#24: BarbarySheep   
position  1:    T:0.23529    C:0.11765    A:0.41176    G:0.23529
position  2:    T:0.35294    C:0.11765    A:0.52941    G:0.00000
position  3:    T:0.11765    C:0.05882    A:0.29412    G:0.52941
Average         T:0.23529    C:0.09804    A:0.41176    G:0.25490

#25: Daviddeer      
position  1:    T:0.23529    C:0.11765    A:0.41176    G:0.23529
position  2:    T:0.35294    C:0.11765    A:0.47059    G:0.05882
position  3:    T:0.11765    C:0.05882    A:0.29412    G:0.52941
Average         T:0.23529    C:0.09804    A:0.39216    G:0.27451

#26: Reindeer       
position  1:    T:0.23529    C:0.11765    A:0.41176    G:0.23529
position  2:    T:0.35294    C:0.11765    A:0.47059    G:0.05882
position  3:    T:0.11765    C:0.05882    A:0.29412    G:0.52941
Average         T:0.23529    C:0.09804    A:0.39216    G:0.27451

#27: Ibex           
position  1:    T:0.23529    C:0.11765    A:0.41176    G:0.23529
position  2:    T:0.35294    C:0.11765    A:0.52941    G:0.00000
position  3:    T:0.11765    C:0.05882    A:0.29412    G:0.52941
Average         T:0.23529    C:0.09804    A:0.41176    G:0.25490

#28: GyrantGazelle  
position  1:    T:0.23529    C:0.11765    A:0.41176    G:0.23529
position  2:    T:0.29412    C:0.17647    A:0.52941    G:0.00000
position  3:    T:0.11765    C:0.05882    A:0.29412    G:0.52941
Average         T:0.21569    C:0.11765    A:0.41176    G:0.25490

#29: Hartebeest     
position  1:    T:0.23529    C:0.11765    A:0.41176    G:0.23529
position  2:    T:0.29412    C:0.17647    A:0.52941    G:0.00000
position  3:    T:0.11765    C:0.05882    A:0.29412    G:0.52941
Average         T:0.21569    C:0.11765    A:0.41176    G:0.25490

#30: Bongo          
position  1:    T:0.23529    C:0.11765    A:0.41176    G:0.23529
position  2:    T:0.35294    C:0.11765    A:0.52941    G:0.00000
position  3:    T:0.11765    C:0.05882    A:0.29412    G:0.52941
Average         T:0.23529    C:0.09804    A:0.41176    G:0.25490

#31: Gerenuk        
position  1:    T:0.23529    C:0.11765    A:0.41176    G:0.23529
position  2:    T:0.35294    C:0.11765    A:0.52941    G:0.00000
position  3:    T:0.11765    C:0.05882    A:0.29412    G:0.52941
Average         T:0.23529    C:0.09804    A:0.41176    G:0.25490

#32: CommonEland    
position  1:    T:0.23529    C:0.11765    A:0.41176    G:0.23529
position  2:    T:0.35294    C:0.11765    A:0.52941    G:0.00000
position  3:    T:0.11765    C:0.05882    A:0.29412    G:0.52941
Average         T:0.23529    C:0.09804    A:0.41176    G:0.25490

#33: MuntiacusReevesi
position  1:    T:0.23529    C:0.11765    A:0.41176    G:0.23529
position  2:    T:0.35294    C:0.11765    A:0.47059    G:0.05882
position  3:    T:0.11765    C:0.05882    A:0.35294    G:0.47059
Average         T:0.23529    C:0.09804    A:0.41176    G:0.25490

#34: HarveysDuiker  
position  1:    T:0.23529    C:0.11765    A:0.41176    G:0.23529
position  2:    T:0.35294    C:0.11765    A:0.52941    G:0.00000
position  3:    T:0.05882    C:0.11765    A:0.29412    G:0.52941
Average         T:0.21569    C:0.11765    A:0.41176    G:0.25490

#35: Pronghorn      
position  1:    T:0.17647    C:0.17647    A:0.41176    G:0.23529
position  2:    T:0.29412    C:0.17647    A:0.52941    G:0.00000
position  3:    T:0.11765    C:0.05882    A:0.29412    G:0.52941
Average         T:0.19608    C:0.13725    A:0.41176    G:0.25490

#36: BlueWildebeest 
position  1:    T:0.23529    C:0.11765    A:0.41176    G:0.23529
position  2:    T:0.29412    C:0.17647    A:0.52941    G:0.00000
position  3:    T:0.11765    C:0.05882    A:0.23529    G:0.58824
Average         T:0.21569    C:0.11765    A:0.39216    G:0.27451

#37: Gemsbok        
position  1:    T:0.23529    C:0.11765    A:0.41176    G:0.23529
position  2:    T:0.35294    C:0.11765    A:0.52941    G:0.00000
position  3:    T:0.11765    C:0.05882    A:0.29412    G:0.52941
Average         T:0.23529    C:0.09804    A:0.41176    G:0.25490

#38: Yak            
position  1:    T:0.23529    C:0.11765    A:0.41176    G:0.23529
position  2:    T:0.35294    C:0.11765    A:0.52941    G:0.00000
position  3:    T:0.11765    C:0.05882    A:0.29412    G:0.52941
Average         T:0.23529    C:0.09804    A:0.41176    G:0.25490

#39: BlueSheep      
position  1:    T:0.23529    C:0.11765    A:0.41176    G:0.23529
position  2:    T:0.35294    C:0.11765    A:0.52941    G:0.00000
position  3:    T:0.11765    C:0.05882    A:0.29412    G:0.52941
Average         T:0.23529    C:0.09804    A:0.41176    G:0.25490

#40: BohorReedbuck  
position  1:    T:0.23529    C:0.11765    A:0.41176    G:0.23529
position  2:    T:0.35294    C:0.11765    A:0.52941    G:0.00000
position  3:    T:0.11765    C:0.05882    A:0.29412    G:0.52941
Average         T:0.23529    C:0.09804    A:0.41176    G:0.25490

#41: KirksDik       
position  1:    T:0.23529    C:0.11765    A:0.41176    G:0.23529
position  2:    T:0.35294    C:0.11765    A:0.52941    G:0.00000
position  3:    T:0.11765    C:0.05882    A:0.29412    G:0.52941
Average         T:0.23529    C:0.09804    A:0.41176    G:0.25490

#42: RoeDeer        
position  1:    T:0.23529    C:0.11765    A:0.41176    G:0.23529
position  2:    T:0.35294    C:0.11765    A:0.47059    G:0.05882
position  3:    T:0.11765    C:0.05882    A:0.29412    G:0.52941
Average         T:0.23529    C:0.09804    A:0.39216    G:0.27451

#43: WhiteLippedDeer
position  1:    T:0.23529    C:0.11765    A:0.41176    G:0.23529
position  2:    T:0.35294    C:0.11765    A:0.47059    G:0.05882
position  3:    T:0.11765    C:0.05882    A:0.29412    G:0.52941
Average         T:0.23529    C:0.09804    A:0.39216    G:0.27451

#44: ThomsonGazelle 
position  1:    T:0.17647    C:0.17647    A:0.41176    G:0.23529
position  2:    T:0.35294    C:0.11765    A:0.52941    G:0.00000
position  3:    T:0.11765    C:0.05882    A:0.29412    G:0.52941
Average         T:0.21569    C:0.11765    A:0.41176    G:0.25490

#45: MuntiacusCrinifrons
position  1:    T:0.23529    C:0.11765    A:0.41176    G:0.23529
position  2:    T:0.35294    C:0.11765    A:0.47059    G:0.05882
position  3:    T:0.11765    C:0.05882    A:0.35294    G:0.47059
Average         T:0.23529    C:0.09804    A:0.41176    G:0.25490

#46: WhiteTailedDeer
position  1:    T:0.23529    C:0.11765    A:0.41176    G:0.23529
position  2:    T:0.35294    C:0.11765    A:0.47059    G:0.05882
position  3:    T:0.11765    C:0.05882    A:0.29412    G:0.52941
Average         T:0.23529    C:0.09804    A:0.39216    G:0.27451

#47: Cattle         
position  1:    T:0.23529    C:0.11765    A:0.41176    G:0.23529
position  2:    T:0.35294    C:0.11765    A:0.52941    G:0.00000
position  3:    T:0.11765    C:0.05882    A:0.29412    G:0.52941
Average         T:0.23529    C:0.09804    A:0.41176    G:0.25490

#48: RoyalAntelope  
position  1:    T:0.23529    C:0.05882    A:0.35294    G:0.35294
position  2:    T:0.29412    C:0.17647    A:0.52941    G:0.00000
position  3:    T:0.11765    C:0.05882    A:0.29412    G:0.52941
Average         T:0.21569    C:0.09804    A:0.39216    G:0.29412

#49: Steenbok       
position  1:    T:0.23529    C:0.11765    A:0.41176    G:0.23529
position  2:    T:0.35294    C:0.11765    A:0.52941    G:0.00000
position  3:    T:0.11765    C:0.05882    A:0.29412    G:0.52941
Average         T:0.23529    C:0.09804    A:0.41176    G:0.25490

#50: Impala         
position  1:    T:0.23529    C:0.11765    A:0.41176    G:0.23529
position  2:    T:0.35294    C:0.11765    A:0.52941    G:0.00000
position  3:    T:0.11765    C:0.05882    A:0.29412    G:0.52941
Average         T:0.23529    C:0.09804    A:0.41176    G:0.25490

#51: Klipspringer   
position  1:    T:0.23529    C:0.11765    A:0.41176    G:0.23529
position  2:    T:0.35294    C:0.11765    A:0.52941    G:0.00000
