CODONML (in paml version 4.10.7, June 2023)  /home/rachel/ruminants_paml/6406-phy-tree/ENSBTAT00000001212.fasta.phy
Model: free dN/dS Ratios for branches,  kappa = 2.000 fixed

Codon frequency model: F3x4
ns =  54  ls =  22

Codon usage in sequences
--------------------------------------------------------------------------------------------------------------------------------------
Phe TTT   0   0   0   0   0   0 | Ser TCT   0   0   0   0   0   0 | Tyr TAT   0   0   0   0   0   0 | Cys TGT   0   0   0   0   0   0
    TTC   1   1   1   1   1   1 |     TCC   0   0   0   0   0   0 |     TAC   0   0   0   0   0   0 |     TGC   0   0   0   0   0   0
Leu TTA   0   0   0   0   0   0 |     TCA   0   0   0   0   0   0 | *** TAA   0   0   0   0   0   0 | *** TGA   0   0   0   0   0   0
    TTG   2   0   2   2   2   2 |     TCG   0   0   0   0   0   0 |     TAG   0   0   0   0   0   0 | Trp TGG   0   0   0   0   0   0
--------------------------------------------------------------------------------------------------------------------------------------
Leu CTT   2   1   2   2   3   3 | Pro CCT   2   3   2   2   1   2 | His CAT   0   0   0   0   0   0 | Arg CGT   0   0   0   0   0   0
    CTC   0   1   0   0   0   0 |     CCC   0   0   0   0   1   0 |     CAC   1   0   0   1   1   1 |     CGC   0   1   0   0   0   0
    CTA   0   0   0   0   0   0 |     CCA   0   0   0   0   0   0 | Gln CAA   1   0   2   0   1   1 |     CGA   0   0   0   0   0   0
    CTG   1   3   1   1   0   0 |     CCG   0   0   0   0   0   0 |     CAG   0   0   0   1   0   0 |     CGG   0   1   0   0   0   0
--------------------------------------------------------------------------------------------------------------------------------------
Ile ATT   0   0   0   0   0   0 | Thr ACT   0   0   0   0   0   0 | Asn AAT   1   1   1   1   2   2 | Ser AGT   0   0   0   0   0   0
    ATC   1   0   1   1   1   1 |     ACC   0   0   0   0   0   0 |     AAC   1   1   1   1   0   0 |     AGC   0   0   0   0   0   0
    ATA   0   0   0   0   0   0 |     ACA   0   0   0   0   0   0 | Lys AAA   2   0   2   2   2   2 | Arg AGA   0   0   0   0   0   0
Met ATG   1   1   1   1   1   1 |     ACG   0   0   0   0   0   0 |     AAG   0   0   0   0   0   0 |     AGG   0   0   0   0   0   0
--------------------------------------------------------------------------------------------------------------------------------------
Val GTT   0   0   0   0   0   0 | Ala GCT   0   0   0   0   0   0 | Asp GAT   1   1   1   1   1   1 | Gly GGT   1   1   1   1   1   1
    GTC   0   0   0   0   0   0 |     GCC   0   0   0   0   0   0 |     GAC   0   0   0   0   0   0 |     GGC   0   0   0   0   0   0
    GTA   0   0   0   0   0   0 |     GCA   2   2   2   2   2   2 | Glu GAA   1   2   0   0   0   0 |     GGA   1   1   1   1   1   1
    GTG   0   0   0   0   0   0 |     GCG   0   0   0   0   0   0 |     GAG   0   1   1   1   1   1 |     GGG   0   0   0   0   0   0
--------------------------------------------------------------------------------------------------------------------------------------

--------------------------------------------------------------------------------------------------------------------------------------
Phe TTT   0   0   0   0   0   0 | Ser TCT   0   0   0   0   0   0 | Tyr TAT   0   0   0   0   0   0 | Cys TGT   0   0   0   0   0   0
    TTC   1   1   1   1   1   1 |     TCC   0   0   0   0   0   0 |     TAC   0   0   0   0   0   0 |     TGC   0   0   0   0   0   0
Leu TTA   0   0   0   0   0   0 |     TCA   0   0   0   0   0   0 | *** TAA   0   0   0   0   0   0 | *** TGA   0   0   0   0   0   0
    TTG   2   2   2   2   2   2 |     TCG   0   0   0   0   0   0 |     TAG   0   0   0   0   0   0 | Trp TGG   0   0   0   0   0   0
--------------------------------------------------------------------------------------------------------------------------------------
Leu CTT   2   2   2   2   2   1 | Pro CCT   2   2   2   2   2   2 | His CAT   0   0   0   0   0   0 | Arg CGT   0   0   0   0   0   0
    CTC   0   0   0   0   0   0 |     CCC   0   0   0   0   0   0 |     CAC   1   1   1   1   0   1 |     CGC   0   0   0   0   0   0
    CTA   0   0   0   1   0   0 |     CCA   0   0   0   0   0   0 | Gln CAA   1   1   0   0   2   0 |     CGA   0   0   0   0   0   0
    CTG   1   1   1   0   1   1 |     CCG   0   0   0   0   0   0 |     CAG   0   0   1   1   0   1 |     CGG   0   0   0   0   0   0
--------------------------------------------------------------------------------------------------------------------------------------
Ile ATT   0   0   0   0   0   0 | Thr ACT   0   0   0   0   0   0 | Asn AAT   1   1   1   1   1   1 | Ser AGT   0   0   0   0   0   0
    ATC   1   1   1   1   1   1 |     ACC   0   0   0   0   0   0 |     AAC   1   1   1   1   1   1 |     AGC   0   0   0   0   0   0
    ATA   0   0   0   0   0   0 |     ACA   0   0   0   0   1   0 | Lys AAA   2   2   2   1   1   2 | Arg AGA   0   0   0   0   0   0
Met ATG   1   1   1   1   1   1 |     ACG   0   0   0   0   0   0 |     AAG   0   0   0   0   0   0 |     AGG   0   0   0   0   0   0
--------------------------------------------------------------------------------------------------------------------------------------
Val GTT   0   0   0   0   0   1 | Ala GCT   0   0   0   0   0   0 | Asp GAT   1   1   1   0   1   1 | Gly GGT   1   1   1   1   1   1
    GTC   0   0   0   0   0   0 |     GCC   0   0   0   0   0   0 |     GAC   0   0   0   1   0   0 |     GGC   0   0   1   0   0   0
    GTA   0   0   0   0   0   0 |     GCA   2   2   2   2   2   2 | Glu GAA   0   1   0   1   0   0 |     GGA   1   1   0   1   1   1
    GTG   0   0   0   0   0   0 |     GCG   0   0   0   0   0   0 |     GAG   1   0   1   1   1   1 |     GGG   0   0   0   0   0   0
--------------------------------------------------------------------------------------------------------------------------------------

--------------------------------------------------------------------------------------------------------------------------------------
Phe TTT   0   0   0   0   0   0 | Ser TCT   0   0   0   0   0   0 | Tyr TAT   0   0   0   0   0   0 | Cys TGT   0   0   0   0   0   0
    TTC   1   1   1   1   1   1 |     TCC   0   0   0   0   0   0 |     TAC   0   0   0   0   0   0 |     TGC   0   0   0   0   0   0
Leu TTA   0   0   0   0   0   0 |     TCA   0   0   0   0   0   0 | *** TAA   0   0   0   0   0   0 | *** TGA   0   0   0   0   0   0
    TTG   2   2   2   2   1   2 |     TCG   0   0   0   0   0   0 |     TAG   0   0   0   0   0   0 | Trp TGG   0   0   0   0   0   0
--------------------------------------------------------------------------------------------------------------------------------------
Leu CTT   2   2   2   2   2   2 | Pro CCT   2   2   2   2   2   2 | His CAT   0   0   0   0   0   0 | Arg CGT   0   0   0   0   0   0
    CTC   0   0   0   0   0   0 |     CCC   0   0   0   0   0   0 |     CAC   1   1   1   1   1   1 |     CGC   0   0   0   0   0   0
    CTA   0   0   0   0   0   0 |     CCA   0   0   0   0   0   0 | Gln CAA   1   1   0   1   1   0 |     CGA   0   0   0   0   0   0
    CTG   1   1   1   1   2   1 |     CCG   0   0   0   0   0   0 |     CAG   0   0   1   0   0   1 |     CGG   0   0   0   0   0   0
--------------------------------------------------------------------------------------------------------------------------------------
Ile ATT   0   0   0   0   0   0 | Thr ACT   0   0   0   0   0   0 | Asn AAT   1   1   1   1   0   1 | Ser AGT   0   0   0   0   0   0
    ATC   1   1   1   1   1   1 |     ACC   0   0   0   0   0   0 |     AAC   1   1   1   1   2   1 |     AGC   0   0   0   0   0   0
    ATA   0   0   0   0   0   0 |     ACA   0   0   0   0   0   0 | Lys AAA   2   2   2   2   2   2 | Arg AGA   0   0   0   0   0   0
Met ATG   1   1   1   1   1   1 |     ACG   0   0   0   0   0   0 |     AAG   0   0   0   0   0   0 |     AGG   0   0   0   0   0   0
--------------------------------------------------------------------------------------------------------------------------------------
Val GTT   0   0   0   0   0   0 | Ala GCT   0   0   0   0   0   0 | Asp GAT   1   1   1   1   1   0 | Gly GGT   1   1   1   1   1   1
    GTC   0   0   0   0   0   0 |     GCC   0   0   0   0   0   0 |     GAC   0   0   0   0   0   1 |     GGC   0   0   0   0   0   0
    GTA   0   0   0   0   0   0 |     GCA   2   2   2   2   2   2 | Glu GAA   1   0   1   0   0   0 |     GGA   1   1   1   1   1   1
    GTG   0   0   0   0   0   0 |     GCG   0   0   0   0   0   0 |     GAG   0   1   0   1   1   1 |     GGG   0   0   0   0   0   0
--------------------------------------------------------------------------------------------------------------------------------------

--------------------------------------------------------------------------------------------------------------------------------------
Phe TTT   0   0   0   0   0   0 | Ser TCT   0   0   0   0   0   0 | Tyr TAT   0   0   0   0   0   0 | Cys TGT   0   0   0   0   0   0
    TTC   1   1   1   1   1   1 |     TCC   0   0   0   0   0   0 |     TAC   0   0   0   0   0   0 |     TGC   0   0   0   0   0   0
Leu TTA   0   0   0   0   0   0 |     TCA   0   0   0   0   0   0 | *** TAA   0   0   0   0   0   0 | *** TGA   0   0   0   0   0   0
    TTG   2   1   2   2   2   2 |     TCG   0   1   0   0   0   0 |     TAG   0   0   0   0   0   0 | Trp TGG   0   0   0   0   0   0
--------------------------------------------------------------------------------------------------------------------------------------
Leu CTT   2   2   2   2   2   2 | Pro CCT   2   2   2   2   2   2 | His CAT   0   0   0   0   0   0 | Arg CGT   0   0   0   0   0   0
    CTC   0   0   0   0   0   0 |     CCC   0   0   0   0   0   0 |     CAC   1   1   1   0   1   1 |     CGC   0   0   0   0   0   0
    CTA   0   0   0   0   0   0 |     CCA   0   0   0   0   0   0 | Gln CAA   1   1   1   2   0   1 |     CGA   0   0   0   0   0   0
    CTG   1   1   1   1   1   1 |     CCG   0   0   0   0   0   0 |     CAG   0   0   0   0   1   0 |     CGG   0   0   0   0   0   0
--------------------------------------------------------------------------------------------------------------------------------------
Ile ATT   0   0   0   0   0   0 | Thr ACT   0   0   0   0   0   0 | Asn AAT   1   1   1   1   1   1 | Ser AGT   0   0   0   0   0   0
    ATC   1   1   1   1   1   1 |     ACC   0   0   0   0   0   0 |     AAC   1   1   1   1   1   1 |     AGC   0   0   0   0   0   0
    ATA   0   0   0   0   0   0 |     ACA   0   0   0   0   0   0 | Lys AAA   2   2   2   2   2   2 | Arg AGA   0   0   0   0   0   0
Met ATG   1   1   1   1   1   1 |     ACG   0   0   0   0   0   0 |     AAG   0   0   0   0   0   0 |     AGG   0   0   0   0   0   0
--------------------------------------------------------------------------------------------------------------------------------------
Val GTT   0   0   0   0   0   0 | Ala GCT   0   0   0   0   0   0 | Asp GAT   1   1   1   1   1   1 | Gly GGT   1   1   1   1   1   1
    GTC   0   0   0   0   0   0 |     GCC   0   0   0   0   0   0 |     GAC   0   0   0   0   0   0 |     GGC   0   0   0   0   0   0
    GTA   0   0   0   0   0   0 |     GCA   2   2   2   2   2   2 | Glu GAA   0   0   1   0   0   1 |     GGA   1   1   1   1   1   1
    GTG   0   0   0   0   0   0 |     GCG   0   0   0   0   0   0 |     GAG   1   1   0   1   1   0 |     GGG   0   0   0   0   0   0
--------------------------------------------------------------------------------------------------------------------------------------

--------------------------------------------------------------------------------------------------------------------------------------
Phe TTT   0   0   0   0   0   0 | Ser TCT   0   0   0   0   0   0 | Tyr TAT   0   0   0   0   0   0 | Cys TGT   0   0   0   0   0   0
    TTC   1   1   1   1   1   1 |     TCC   0   0   0   0   0   0 |     TAC   0   0   0   0   0   0 |     TGC   0   0   0   0   0   0
Leu TTA   0   0   0   0   0   0 |     TCA   0   0   0   0   0   0 | *** TAA   0   0   0   0   0   0 | *** TGA   0   0   0   0   0   0
    TTG   2   2   2   2   2   2 |     TCG   0   0   0   0   0   0 |     TAG   0   0   0   0   0   0 | Trp TGG   0   0   0   0   0   0
--------------------------------------------------------------------------------------------------------------------------------------
Leu CTT   1   2   2   2   2   2 | Pro CCT   2   2   2   2   2   2 | His CAT   0   0   0   0   0   0 | Arg CGT   0   0   0   0   0   0
    CTC   0   0   0   0   0   0 |     CCC   0   0   0   0   0   0 |     CAC   1   1   1   1   1   0 |     CGC   0   0   0   0   0   0
    CTA   0   0   0   0   0   0 |     CCA   0   0   0   0   0   0 | Gln CAA   1   1   1   0   0   2 |     CGA   0   0   0   0   0   0
    CTG   1   1   1   1   1   1 |     CCG   0   0   0   0   0   0 |     CAG   0   0   0   1   1   0 |     CGG   0   0   0   0   0   0
--------------------------------------------------------------------------------------------------------------------------------------
Ile ATT   0   0   0   0   0   0 | Thr ACT   0   0   0   0   0   0 | Asn AAT   1   1   1   1   1   1 | Ser AGT   0   0   0   0   0   0
    ATC   1   1   1   1   1   1 |     ACC   0   0   0   0   0   0 |     AAC   1   1   1   1   1   1 |     AGC   0   0   0   0   0   0
    ATA   0   0   0   0   0   0 |     ACA   0   0   0   0   0   0 | Lys AAA   2   2   2   2   2   2 | Arg AGA   0   0   0   0   0   0
Met ATG   1   1   1   1   1   1 |     ACG   0   0   0   0   0   0 |     AAG   0   0   0   0   0   0 |     AGG   0   0   0   0   0   0
--------------------------------------------------------------------------------------------------------------------------------------
Val GTT   1   0   0   0   0   0 | Ala GCT   0   0   0   0   0   0 | Asp GAT   1   1   1   0   1   1 | Gly GGT   1   1   1   1   1   1
    GTC   0   0   0   0   0   0 |     GCC   0   0   0   0   0   0 |     GAC   0   0   0   1   0   0 |     GGC   0   0   0   0   0   0
    GTA   0   0   0   0   0   0 |     GCA   2   2   2   2   2   2 | Glu GAA   0   0   1   0   1   0 |     GGA   1   1   1   1   1   1
    GTG   0   0   0   0   0   0 |     GCG   0   0   0   0   0   0 |     GAG   1   1   0   1   0   1 |     GGG   0   0   0   0   0   0
--------------------------------------------------------------------------------------------------------------------------------------

--------------------------------------------------------------------------------------------------------------------------------------
Phe TTT   0   0   0   0   0   0 | Ser TCT   0   0   0   0   0   0 | Tyr TAT   0   0   0   0   0   0 | Cys TGT   0   0   0   0   0   0
    TTC   1   1   1   1   1   1 |     TCC   0   0   0   0   0   0 |     TAC   0   0   0   0   0   0 |     TGC   0   0   0   0   0   0
Leu TTA   0   0   0   0   0   0 |     TCA   0   0   0   0   0   0 | *** TAA   0   0   0   0   0   0 | *** TGA   0   0   0   0   0   0
    TTG   2   2   2   2   2   2 |     TCG   0   0   0   0   0   0 |     TAG   0   0   0   0   0   0 | Trp TGG   0   0   0   0   0   0
--------------------------------------------------------------------------------------------------------------------------------------
Leu CTT   2   2   1   2   2   2 | Pro CCT   2   2   2   2   2   2 | His CAT   0   0   0   0   0   0 | Arg CGT   0   0   0   0   0   0
    CTC   0   0   0   0   0   0 |     CCC   0   0   0   0   0   0 |     CAC   1   0   1   1   1   1 |     CGC   0   0   0   0   0   0
    CTA   0   0   0   0   0   0 |     CCA   0   0   0   0   0   0 | Gln CAA   0   2   0   1   0   0 |     CGA   0   0   0   0   0   0
    CTG   1   1   1   1   1   1 |     CCG   0   0   0   0   0   0 |     CAG   1   0   1   0   1   1 |     CGG   0   0   0   0   0   0
--------------------------------------------------------------------------------------------------------------------------------------
Ile ATT   0   0   0   0   0   0 | Thr ACT   0   0   0   0   0   0 | Asn AAT   1   1   1   1   1   1 | Ser AGT   0   0   0   0   0   0
    ATC   1   1   1   1   1   1 |     ACC   0   0   0   0   0   0 |     AAC   1   1   1   1   1   1 |     AGC   0   0   0   0   0   0
    ATA   0   0   0   0   0   0 |     ACA   0   0   0   0   0   0 | Lys AAA   2   2   2   2   2   2 | Arg AGA   0   0   0   0   0   0
Met ATG   1   1   1   1   1   1 |     ACG   0   0   0   0   0   0 |     AAG   0   0   0   0   0   0 |     AGG   0   0   0   0   0   0
--------------------------------------------------------------------------------------------------------------------------------------
Val GTT   0   0   1   0   0   0 | Ala GCT   0   0   0   0   0   0 | Asp GAT   0   1   1   1   1   1 | Gly GGT   1   1   1   1   1   1
    GTC   0   0   0   0   0   0 |     GCC   0   0   0   0   0   0 |     GAC   1   0   0   0   0   0 |     GGC   0   0   0   0   0   0
    GTA   0   0   0   0   0   0 |     GCA   2   2   2   2   2   2 | Glu GAA   0   0   0   0   0   1 |     GGA   1   1   1   1   1   1
    GTG   0   0   0   0   0   0 |     GCG   0   0   0   0   0   0 |     GAG   1   1   1   1   1   0 |     GGG   0   0   0   0   0   0
--------------------------------------------------------------------------------------------------------------------------------------

--------------------------------------------------------------------------------------------------------------------------------------
Phe TTT   0   0   0   0   0   0 | Ser TCT   0   0   0   0   0   0 | Tyr TAT   0   0   0   0   0   0 | Cys TGT   0   0   0   0   0   0
    TTC   1   1   1   1   1   1 |     TCC   0   0   0   0   0   0 |     TAC   0   0   0   0   0   0 |     TGC   0   0   0   0   0   0
Leu TTA   0   0   0   0   0   0 |     TCA   0   0   0   0   0   0 | *** TAA   0   0   0   0   0   0 | *** TGA   0   0   0   0   0   0
    TTG   2   2   2   2   2   1 |     TCG   0   0   0   0   0   0 |     TAG   0   0   0   0   0   0 | Trp TGG   0   0   0   0   0   0
--------------------------------------------------------------------------------------------------------------------------------------
Leu CTT   2   2   2   2   2   1 | Pro CCT   2   2   2   2   2   2 | His CAT   0   0   0   0   0   0 | Arg CGT   0   0   0   0   0   0
    CTC   0   0   0   0   0   0 |     CCC   0   0   0   0   0   0 |     CAC   1   1   1   1   1   1 |     CGC   0   0   0   0   0   0
    CTA   0   0   0   0   0   0 |     CCA   0   0   0   0   0   0 | Gln CAA   0   1   1   1   0   1 |     CGA   0   0   0   0   0   0
    CTG   1   1   1   1   1   2 |     CCG   0   0   0   0   0   0 |     CAG   1   0   0   0   1   0 |     CGG   0   0   0   0   0   0
--------------------------------------------------------------------------------------------------------------------------------------
Ile ATT   0   0   0   0   0   0 | Thr ACT   0   0   0   0   0   0 | Asn AAT   1   1   1   1   1   2 | Ser AGT   0   0   0   0   0   0
    ATC   1   1   1   1   1   1 |     ACC   0   0   0   0   0   0 |     AAC   1   1   1   1   1   0 |     AGC   0   0   0   0   0   0
    ATA   0   0   0   0   0   0 |     ACA   0   0   0   0   0   0 | Lys AAA   2   2   2   2   2   2 | Arg AGA   0   0   0   0   0   0
Met ATG   1   1   1   1   1   1 |     ACG   0   0   0   0   0   0 |     AAG   0   0   0   0   0   0 |     AGG   0   0   0   0   0   0
--------------------------------------------------------------------------------------------------------------------------------------
Val GTT   0   0   0   0   0   1 | Ala GCT   0   0   0   0   0   0 | Asp GAT   1   1   1   1   0   1 | Gly GGT   0   1   1   1   1   1
    GTC   0   0   0   0   0   0 |     GCC   0   0   0   0   0   0 |     GAC   0   0   0   0   1   0 |     GGC   0   0   0   0   0   0
    GTA   0   0   0   0   0   0 |     GCA   2   2   2   2   2   2 | Glu GAA   1   0   1   0   0   0 |     GGA   1   1   1   1   1   1
    GTG   0   0   0   0   0   0 |     GCG   0   0   0   0   0   0 |     GAG   0   1   0   1   1   1 |     GGG   1   0   0   0   0   0
--------------------------------------------------------------------------------------------------------------------------------------

--------------------------------------------------------------------------------------------------------------------------------------
Phe TTT   0   0   0   0   0   0 | Ser TCT   0   0   0   0   0   0 | Tyr TAT   0   0   0   0   0   0 | Cys TGT   0   0   0   0   0   0
    TTC   1   1   1   1   1   1 |     TCC   0   0   0   0   0   0 |     TAC   0   0   0   0   0   0 |     TGC   0   0   0   0   0   0
Leu TTA   0   0   0   0   0   0 |     TCA   0   0   0   0   0   0 | *** TAA   0   0   0   0   0   0 | *** TGA   0   0   0   0   0   0
    TTG   2   2   2   2   2   2 |     TCG   0   0   0   0   0   0 |     TAG   0   0   0   0   0   0 | Trp TGG   0   0   0   0   0   0
--------------------------------------------------------------------------------------------------------------------------------------
Leu CTT   1   2   1   1   2   2 | Pro CCT   2   2   2   2   2   2 | His CAT   0   0   0   0   0   0 | Arg CGT   0   0   0   0   0   0
    CTC   0   0   0   0   0   0 |     CCC   0   0   0   0   0   0 |     CAC   1   1   1   1   1   1 |     CGC   0   0   0   0   0   0
    CTA   0   0   0   0   0   0 |     CCA   0   0   0   0   0   0 | Gln CAA   0   0   0   1   1   1 |     CGA   0   0   0   0   0   0
    CTG   1   1   1   1   1   1 |     CCG   0   0   0   0   0   0 |     CAG   1   1   1   0   0   0 |     CGG   0   0   0   0   0   0
--------------------------------------------------------------------------------------------------------------------------------------
Ile ATT   1   0   0   0   0   0 | Thr ACT   0   0   0   0   0   0 | Asn AAT   0   1   1   1   1   1 | Ser AGT   0   0   0   0   0   0
    ATC   1   1   1   1   1   1 |     ACC   0   0   0   0   0   0 |     AAC   1   1   1   1   1   1 |     AGC   0   0   0   0   0   0
    ATA   0   0   0   0   0   0 |     ACA   0   0   0   0   0   0 | Lys AAA   2   2   2   2   2   2 | Arg AGA   0   0   0   0   0   0
Met ATG   1   1   1   1   1   1 |     ACG   0   0   0   0   0   0 |     AAG   0   0   0   0   0   0 |     AGG   0   0   0   0   0   0
--------------------------------------------------------------------------------------------------------------------------------------
Val GTT   1   0   1   1   0   0 | Ala GCT   0   0   0   0   0   0 | Asp GAT   1   0   1   1   1   1 | Gly GGT   1   1   1   1   1   1
    GTC   0   0   0   0   0   0 |     GCC   0   0   0   0   0   0 |     GAC   0   1   0   0   0   0 |     GGC   0   0   0   0   0   0
    GTA   0   0   0   0   0   0 |     GCA   2   2   2   2   2   2 | Glu GAA   0   0   0   0   0   0 |     GGA   1   1   1   1   1   1
    GTG   0   0   0   0   0   0 |     GCG   0   0   0   0   0   0 |     GAG   1   1   1   1   1   1 |     GGG   0   0   0   0   0   0
--------------------------------------------------------------------------------------------------------------------------------------

--------------------------------------------------------------------------------------------------------------------------------------
Phe TTT   0   0   0   0   0   0 | Ser TCT   0   0   0   0   0   0 | Tyr TAT   0   0   0   0   0   0 | Cys TGT   0   0   0   0   0   0
    TTC   1   1   1   1   1   1 |     TCC   0   0   0   0   0   0 |     TAC   0   0   0   0   0   0 |     TGC   0   0   0   0   0   0
Leu TTA   0   0   0   0   0   0 |     TCA   0   0   0   0   0   0 | *** TAA   0   0   0   0   0   0 | *** TGA   0   0   0   0   0   0
    TTG   2   2   2   2   2   2 |     TCG   0   0   0   0   0   0 |     TAG   0   0   0   0   0   0 | Trp TGG   0   0   0   0   0   0
--------------------------------------------------------------------------------------------------------------------------------------
Leu CTT   2   2   2   2   2   2 | Pro CCT   2   2   2   2   2   2 | His CAT   0   0   0   0   0   0 | Arg CGT   0   0   0   0   0   0
    CTC   0   0   0   0   0   0 |     CCC   0   0   0   0   0   0 |     CAC   1   1   1   1   0   0 |     CGC   0   0   0   0   0   0
    CTA   0   0   0   0   0   0 |     CCA   0   0   0   0   0   0 | Gln CAA   0   1   0   0   2   2 |     CGA   0   0   0   0   0   0
    CTG   1   1   1   1   1   1 |     CCG   0   0   0   0   0   0 |     CAG   1   0   1   1   0   0 |     CGG   0   0   0   0   0   0
--------------------------------------------------------------------------------------------------------------------------------------
Ile ATT   0   0   0   0   0   0 | Thr ACT   0   0   0   0   0   0 | Asn AAT   1   1   1   1   1   1 | Ser AGT   0   0   0   0   0   0
    ATC   1   0   1   1   1   1 |     ACC   0   0   0   0   0   0 |     AAC   1   1   1   1   1   1 |     AGC   0   0   0   0   0   0
    ATA   0   0   0   0   0   0 |     ACA   0   0   0   0   0   0 | Lys AAA   2   2   2   2   2   2 | Arg AGA   0   0   0   0   0   0
Met ATG   1   1   1   1   1   1 |     ACG   0   0   0   0   0   0 |     AAG   0   0   0   0   0   0 |     AGG   0   0   0   0   0   0
--------------------------------------------------------------------------------------------------------------------------------------
Val GTT   0   0   0   0   0   0 | Ala GCT   0   0   0   0   0   0 | Asp GAT   0   1   1   1   1   1 | Gly GGT   1   1   1   1   1   1
    GTC   0   1   0   0   0   0 |     GCC   0   0   0   0   0   0 |     GAC   1   0   0   0   0   0 |     GGC   0   0   0   0   0   0
    GTA   0   0   0   0   0   0 |     GCA   1   2   2   2   2   2 | Glu GAA   0   0   0   0   0   0 |     GGA   1   1   1   1   1   1
    GTG   0   0   0   0   0   0 |     GCG   1   0   0   0   0   0 |     GAG   1   1   1   1   1   1 |     GGG   0   0   0   0   0   0
--------------------------------------------------------------------------------------------------------------------------------------

Codon position x base (3x4) table for each sequence.

#1: Argali         
position  1:    T:0.13636    C:0.31818    A:0.27273    G:0.27273
position  2:    T:0.36364    C:0.18182    A:0.36364    G:0.09091
position  3:    T:0.31818    C:0.18182    A:0.31818    G:0.18182
Average         T:0.27273    C:0.22727    A:0.31818    G:0.18182

#2: LesserMouseDeer
position  1:    T:0.04545    C:0.45455    A:0.13636    G:0.36364
position  2:    T:0.31818    C:0.22727    A:0.27273    G:0.18182
position  3:    T:0.31818    C:0.18182    A:0.22727    G:0.27273
Average         T:0.22727    C:0.28788    A:0.21212    G:0.27273

#3: LesserKudu     
position  1:    T:0.13636    C:0.31818    A:0.27273    G:0.27273
position  2:    T:0.36364    C:0.18182    A:0.36364    G:0.09091
position  3:    T:0.31818    C:0.13636    A:0.31818    G:0.22727
Average         T:0.27273    C:0.21212    A:0.31818    G:0.19697

#4: ForestMuskDeer2
position  1:    T:0.13636    C:0.31818    A:0.27273    G:0.27273
position  2:    T:0.36364    C:0.18182    A:0.36364    G:0.09091
position  3:    T:0.31818    C:0.18182    A:0.22727    G:0.27273
Average         T:0.27273    C:0.22727    A:0.28788    G:0.21212

#5: Camel          
position  1:    T:0.13636    C:0.31818    A:0.27273    G:0.27273
position  2:    T:0.36364    C:0.18182    A:0.36364    G:0.09091
position  3:    T:0.36364    C:0.18182    A:0.27273    G:0.18182
Average         T:0.28788    C:0.22727    A:0.30303    G:0.18182

#6: KillerWhale    
position  1:    T:0.13636    C:0.31818    A:0.27273    G:0.27273
position  2:    T:0.36364    C:0.18182    A:0.36364    G:0.09091
position  3:    T:0.40909    C:0.13636    A:0.27273    G:0.18182
Average         T:0.30303    C:0.21212    A:0.30303    G:0.18182

#7: DefassaWaterbuck
position  1:    T:0.13636    C:0.31818    A:0.27273    G:0.27273
position  2:    T:0.36364    C:0.18182    A:0.36364    G:0.09091
position  3:    T:0.31818    C:0.18182    A:0.27273    G:0.22727
Average         T:0.27273    C:0.22727    A:0.30303    G:0.19697

#8: Sheep          
position  1:    T:0.13636    C:0.31818    A:0.27273    G:0.27273
position  2:    T:0.36364    C:0.18182    A:0.36364    G:0.09091
position  3:    T:0.31818    C:0.18182    A:0.31818    G:0.18182
Average         T:0.27273    C:0.22727    A:0.31818    G:0.18182

#9: MaxwellsDuiker 
position  1:    T:0.13636    C:0.31818    A:0.27273    G:0.27273
position  2:    T:0.36364    C:0.18182    A:0.36364    G:0.09091
position  3:    T:0.31818    C:0.22727    A:0.18182    G:0.27273
Average         T:0.27273    C:0.24242    A:0.27273    G:0.21212

#10: GazellaPrzewalskyi
position  1:    T:0.13636    C:0.31818    A:0.22727    G:0.31818
position  2:    T:0.36364    C:0.18182    A:0.36364    G:0.09091
position  3:    T:0.27273    C:0.22727    A:0.27273    G:0.22727
Average         T:0.25758    C:0.24242    A:0.28788    G:0.21212

#11: MountainNyala  
position  1:    T:0.13636    C:0.31818    A:0.27273    G:0.27273
position  2:    T:0.36364    C:0.22727    A:0.31818    G:0.09091
position  3:    T:0.31818    C:0.13636    A:0.31818    G:0.22727
Average         T:0.27273    C:0.22727    A:0.30303    G:0.19697

#12: MuntiacusMuntjak
position  1:    T:0.13636    C:0.27273    A:0.27273    G:0.31818
position  2:    T:0.36364    C:0.18182    A:0.36364    G:0.09091
position  3:    T:0.31818    C:0.18182    A:0.22727    G:0.27273
Average         T:0.27273    C:0.21212    A:0.28788    G:0.22727

#13: goat           
position  1:    T:0.13636    C:0.31818    A:0.27273    G:0.27273
position  2:    T:0.36364    C:0.18182    A:0.36364    G:0.09091
position  3:    T:0.31818    C:0.18182    A:0.31818    G:0.18182
Average         T:0.27273    C:0.22727    A:0.31818    G:0.18182

#14: AfricanBuffalo 
position  1:    T:0.13636    C:0.31818    A:0.27273    G:0.27273
position  2:    T:0.36364    C:0.18182    A:0.36364    G:0.09091
position  3:    T:0.31818    C:0.18182    A:0.27273    G:0.22727
Average         T:0.27273    C:0.22727    A:0.30303    G:0.19697

#15: Topi           
position  1:    T:0.13636    C:0.31818    A:0.27273    G:0.27273
position  2:    T:0.36364    C:0.18182    A:0.36364    G:0.09091
position  3:    T:0.31818    C:0.18182    A:0.27273    G:0.22727
Average         T:0.27273    C:0.22727    A:0.30303    G:0.19697

#16: CommonDuiker   
position  1:    T:0.13636    C:0.31818    A:0.27273    G:0.27273
position  2:    T:0.36364    C:0.18182    A:0.36364    G:0.09091
position  3:    T:0.31818    C:0.18182    A:0.27273    G:0.22727
Average         T:0.27273    C:0.22727    A:0.30303    G:0.19697

#17: Suni           
position  1:    T:0.09091    C:0.36364    A:0.27273    G:0.27273
position  2:    T:0.36364    C:0.18182    A:0.36364    G:0.09091
position  3:    T:0.27273    C:0.22727    A:0.27273    G:0.22727
Average         T:0.24242    C:0.25758    A:0.30303    G:0.19697

#18: Springbuck     
position  1:    T:0.13636    C:0.31818    A:0.27273    G:0.27273
position  2:    T:0.36364    C:0.18182    A:0.36364    G:0.09091
position  3:    T:0.27273    C:0.22727    A:0.22727    G:0.27273
Average         T:0.25758    C:0.24242    A:0.28788    G:0.21212

#19: Okapi          
position  1:    T:0.13636    C:0.31818    A:0.27273    G:0.27273
position  2:    T:0.36364    C:0.18182    A:0.36364    G:0.09091
position  3:    T:0.31818    C:0.18182    A:0.27273    G:0.22727
Average         T:0.27273    C:0.22727    A:0.30303    G:0.19697

#20: Giraffe        
position  1:    T:0.13636    C:0.31818    A:0.27273    G:0.27273
position  2:    T:0.31818    C:0.22727    A:0.36364    G:0.09091
position  3:    T:0.31818    C:0.18182    A:0.27273    G:0.22727
Average         T:0.25758    C:0.24242    A:0.30303    G:0.19697

#21: TibetanAntelope
position  1:    T:0.13636    C:0.31818    A:0.27273    G:0.27273
position  2:    T:0.36364    C:0.18182    A:0.36364    G:0.09091
position  3:    T:0.31818    C:0.18182    A:0.31818    G:0.18182
Average         T:0.27273    C:0.22727    A:0.31818    G:0.18182

#22: Sitatunga      
position  1:    T:0.13636    C:0.31818    A:0.27273    G:0.27273
position  2:    T:0.36364    C:0.18182    A:0.36364    G:0.09091
position  3:    T:0.31818    C:0.13636    A:0.31818    G:0.22727
Average         T:0.27273    C:0.21212    A:0.31818    G:0.19697

#23: Oribi          
position  1:    T:0.13636    C:0.31818    A:0.27273    G:0.27273
position  2:    T:0.36364    C:0.18182    A:0.36364    G:0.09091
position  3:    T:0.31818    C:0.18182    A:0.22727    G:0.27273
Average         T:0.27273    C:0.22727    A:0.28788    G:0.21212

#24: BarbarySheep   
position  1:    T:0.13636    C:0.31818    A:0.27273    G:0.27273
position  2:    T:0.36364    C:0.18182    A:0.36364    G:0.09091
position  3:    T:0.31818    C:0.18182    A:0.31818    G:0.18182
Average         T:0.27273    C:0.22727    A:0.31818    G:0.18182

#25: Daviddeer      
position  1:    T:0.13636    C:0.27273    A:0.27273    G:0.31818
position  2:    T:0.36364    C:0.18182    A:0.36364    G:0.09091
position  3:    T:0.31818    C:0.18182    A:0.27273    G:0.22727
Average         T:0.27273    C:0.21212    A:0.30303    G:0.21212

#26: Reindeer       
position  1:    T:0.13636    C:0.31818    A:0.27273    G:0.27273
position  2:    T:0.36364    C:0.18182    A:0.36364    G:0.09091
position  3:    T:0.31818    C:0.18182    A:0.27273    G:0.22727
Average         T:0.27273    C:0.22727    A:0.30303    G:0.19697

#27: Ibex           
position  1:    T:0.13636    C:0.31818    A:0.27273    G:0.27273
position  2:    T:0.36364    C:0.18182    A:0.36364    G:0.09091
position  3:    T:0.31818    C:0.18182    A:0.31818    G:0.18182
Average         T:0.27273    C:0.22727    A:0.31818    G:0.18182

#28: GyrantGazelle  
position  1:    T:0.13636    C:0.31818    A:0.27273    G:0.27273
position  2:    T:0.36364    C:0.18182    A:0.36364    G:0.09091
position  3:    T:0.27273    C:0.22727    A:0.22727    G:0.27273
Average         T:0.25758    C:0.24242    A:0.28788    G:0.21212

#29: Hartebeest     
position  1:    T:0.13636    C:0.31818    A:0.27273    G:0.27273
position  2:    T:0.36364    C:0.18182    A:0.36364    G:0.09091
position  3:    T:0.31818    C:0.18182    A:0.27273    G:0.22727
Average         T:0.27273    C:0.22727    A:0.30303    G:0.19697

#30: Bongo          
position  1:    T:0.13636    C:0.31818    A:0.27273    G:0.27273
position  2:    T:0.36364    C:0.18182    A:0.36364    G:0.09091
position  3:    T:0.31818    C:0.13636    A:0.31818    G:0.22727
Average         T:0.27273    C:0.21212    A:0.31818    G:0.19697

#31: Gerenuk        
position  1:    T:0.13636    C:0.31818    A:0.27273    G:0.27273
position  2:    T:0.36364    C:0.18182    A:0.36364    G:0.09091
position  3:    T:0.27273    C:0.22727    A:0.22727    G:0.27273
Average         T:0.25758    C:0.24242    A:0.28788    G:0.21212

#32: CommonEland    
position  1:    T:0.13636    C:0.31818    A:0.27273    G:0.27273
position  2:    T:0.36364    C:0.18182    A:0.36364    G:0.09091
position  3:    T:0.31818    C:0.13636    A:0.31818    G:0.22727
Average         T:0.27273    C:0.21212    A:0.31818    G:0.19697

#33: MuntiacusReevesi
position  1:    T:0.13636    C:0.27273    A:0.27273    G:0.31818
position  2:    T:0.36364    C:0.18182    A:0.36364    G:0.09091
position  3:    T:0.31818    C:0.18182    A:0.22727    G:0.27273
Average         T:0.27273    C:0.21212    A:0.28788    G:0.22727

#34: HarveysDuiker  
position  1:    T:0.13636    C:0.31818    A:0.27273    G:0.27273
position  2:    T:0.36364    C:0.18182    A:0.36364    G:0.09091
position  3:    T:0.31818    C:0.18182    A:0.27273    G:0.22727
Average         T:0.27273    C:0.22727    A:0.30303    G:0.19697

#35: Pronghorn      
position  1:    T:0.13636    C:0.31818    A:0.27273    G:0.27273
position  2:    T:0.36364    C:0.18182    A:0.36364    G:0.09091
position  3:    T:0.31818    C:0.18182    A:0.22727    G:0.27273
Average         T:0.27273    C:0.22727    A:0.28788    G:0.21212

#36: BlueWildebeest 
position  1:    T:0.13636    C:0.31818    A:0.27273    G:0.27273
position  2:    T:0.36364    C:0.18182    A:0.36364    G:0.09091
position  3:    T:0.31818    C:0.18182    A:0.27273    G:0.22727
Average         T:0.27273    C:0.22727    A:0.30303    G:0.19697

#37: Gemsbok        
position  1:    T:0.13636    C:0.31818    A:0.27273    G:0.27273
position  2:    T:0.36364    C:0.18182    A:0.36364    G:0.09091
position  3:    T:0.27273    C:0.18182    A:0.27273    G:0.27273
Average         T:0.25758    C:0.22727    A:0.30303    G:0.21212

#38: Yak            
position  1:    T:0.13636    C:0.31818    A:0.27273    G:0.27273
position  2:    T:0.36364    C:0.18182    A:0.36364    G:0.09091
position  3:    T:0.31818    C:0.18182    A:0.27273    G:0.22727
Average         T:0.27273    C:0.22727    A:0.30303    G:0.19697

#39: BlueSheep      
position  1:    T:0.13636    C:0.31818    A:0.27273    G:0.27273
position  2:    T:0.36364    C:0.18182    A:0.36364    G:0.09091
position  3:    T:0.31818    C:0.18182    A:0.31818    G:0.18182
Average         T:0.27273    C:0.22727    A:0.31818    G:0.18182

#40: BohorReedbuck  
position  1:    T:0.13636    C:0.31818    A:0.27273    G:0.27273
position  2:    T:0.36364    C:0.18182    A:0.36364    G:0.09091
position  3:    T:0.31818    C:0.18182    A:0.27273    G:0.22727
Average         T:0.27273    C:0.22727    A:0.30303    G:0.19697

#41: KirksDik       
position  1:    T:0.13636    C:0.31818    A:0.27273    G:0.27273
position  2:    T:0.36364    C:0.18182    A:0.36364    G:0.09091
position  3:    T:0.27273    C:0.22727    A:0.22727    G:0.27273
Average         T:0.25758    C:0.24242    A:0.28788    G:0.21212

#42: RoeDeer        
position  1:    T:0.09091    C:0.31818    A:0.27273    G:0.31818
position  2:    T:0.36364    C:0.18182    A:0.36364    G:0.09091
position  3:    T:0.36364    C:0.13636    A:0.27273    G:0.22727
Average         T:0.27273    C:0.21212    A:0.30303    G:0.21212

#43: WhiteLippedDeer
position  1:    T:0.13636    C:0.27273    A:0.27273    G:0.31818
position  2:    T:0.40909    C:0.18182    A:0.31818    G:0.09091
position  3:    T:0.31818    C:0.18182    A:0.22727    G:0.27273
Average         T:0.28788    C:0.21212    A:0.27273    G:0.22727

#44: ThomsonGazelle 
position  1:    T:0.13636    C:0.31818    A:0.27273    G:0.27273
position  2:    T:0.36364    C:0.18182    A:0.36364    G:0.09091
position  3:    T:0.27273    C:0.22727    A:0.22727    G:0.27273
Average         T:0.25758    C:0.24242    A:0.28788    G:0.21212

#45: MuntiacusCrinifrons
position  1:    T:0.13636    C:0.27273    A:0.27273    G:0.31818
position  2:    T:0.36364    C:0.18182    A:0.36364    G:0.09091
position  3:    T:0.31818    C:0.18182    A:0.22727    G:0.27273
Average         T:0.27273    C:0.21212    A:0.28788    G:0.22727

#46: WhiteTailedDeer
position  1:    T:0.13636    C:0.27273    A:0.27273    G:0.31818
position  2:    T:0.36364    C:0.18182    A:0.36364    G:0.09091
position  3:    T:0.31818    C:0.18182    A:0.27273    G:0.22727
Average         T:0.27273    C:0.21212    A:0.30303    G:0.21212

#47: Cattle         
position  1:    T:0.13636    C:0.31818    A:0.27273    G:0.27273
position  2:    T:0.36364    C:0.18182    A:0.36364    G:0.09091
position  3:    T:0.31818    C:0.18182    A:0.27273    G:0.22727
Average         T:0.27273    C:0.22727    A:0.30303    G:0.19697

#48: RoyalAntelope  
position  1:    T:0.13636    C:0.31818    A:0.27273    G:0.27273
position  2:    T:0.36364    C:0.18182    A:0.36364    G:0.09091
position  3:    T:0.31818    C:0.18182    A:0.27273    G:0.22727
Average         T:0.27273    C:0.22727    A:0.30303    G:0.19697

#49: Steenbok       
position  1:    T:0.13636    C:0.31818    A:0.27273    G:0.27273
position  2:    T:0.36364    C:0.18182    A:0.36364    G:0.09091
position  3:    T:0.27273    C:0.22727    A:0.18182    G:0.31818
Average         T:0.25758    C:0.24242    A:0.27273    G:0.22727

#50: Impala         
position  1:    T:0.13636    C:0.31818    A:0.22727    G:0.31818
position  2:    T:0.36364    C:0.18182    A:0.36364    G:0.09091
position  3:    T:0.31818    C:0.18182    A:0.27273    G:0.22727
Average         T:0.27273    C:0.22727    A:0.28788    G:0.21212

#51: Klipspringer   
position  1:    T:0.13636    C:0.31818    A:0.27273    G:0.27273
position  2:    T:0.36364    C:0.18182    A:0.36364    G:0.09091
