CODONML (in paml version 4.10.7, June 2023)  /home/rachel/ruminants_paml/6406-phy-tree/ENSBTAT00000013748.fasta.phy
Model: free dN/dS Ratios for branches,  kappa = 2.000 fixed

Codon frequency model: F3x4
ns =  54  ls =  23

Codon usage in sequences
--------------------------------------------------------------------------------------------------------------------------------------
Phe TTT   1   1   1   1   1   1 | Ser TCT   0   0   0   0   0   0 | Tyr TAT   0   0   0   0   0   0 | Cys TGT   1   1   1   1   1   1
    TTC   2   2   2   2   2   2 |     TCC   0   0   0   0   0   0 |     TAC   2   2   2   2   2   2 |     TGC   0   0   0   0   0   0
Leu TTA   0   0   0   0   0   0 |     TCA   0   0   0   0   0   0 | *** TAA   0   0   0   0   0   0 | *** TGA   0   0   0   0   0   0
    TTG   0   1   0   0   1   1 |     TCG   1   1   1   1   1   1 |     TAG   0   0   0   0   0   0 | Trp TGG   0   0   0   0   0   0
--------------------------------------------------------------------------------------------------------------------------------------
Leu CTT   1   1   1   1   1   1 | Pro CCT   0   0   0   0   0   0 | His CAT   0   0   0   0   0   0 | Arg CGT   0   0   0   0   0   0
    CTC   0   1   0   0   0   0 |     CCC   0   0   0   0   0   0 |     CAC   0   0   0   0   0   0 |     CGC   0   0   0   0   0   0
    CTA   0   0   0   0   0   0 |     CCA   0   0   0   0   0   0 | Gln CAA   0   0   0   0   0   0 |     CGA   0   0   0   0   0   0
    CTG   3   1   3   3   2   2 |     CCG   0   0   0   0   0   0 |     CAG   0   0   0   0   0   0 |     CGG   0   0   0   0   0   0
--------------------------------------------------------------------------------------------------------------------------------------
Ile ATT   0   0   0   1   0   0 | Thr ACT   0   0   0   0   0   0 | Asn AAT   0   0   0   0   0   0 | Ser AGT   1   1   1   1   1   1
    ATC   2   1   2   1   2   2 |     ACC   0   0   0   0   0   0 |     AAC   0   0   0   0   0   0 |     AGC   0   0   0   0   0   0
    ATA   0   0   0   0   0   0 |     ACA   0   0   0   0   0   0 | Lys AAA   0   0   0   0   0   0 | Arg AGA   1   1   1   1   1   1
Met ATG   0   0   0   0   0   0 |     ACG   0   0   0   0   0   0 |     AAG   0   0   0   0   0   0 |     AGG   0   0   0   0   0   0
--------------------------------------------------------------------------------------------------------------------------------------
Val GTT   1   1   1   1   1   1 | Ala GCT   0   0   0   0   0   0 | Asp GAT   0   0   0   0   0   0 | Gly GGT   0   0   0   0   0   0
    GTC   1   2   1   1   1   1 |     GCC   0   0   0   0   0   0 |     GAC   1   1   1   1   1   1 |     GGC   1   1   1   1   1   1
    GTA   0   0   0   0   0   0 |     GCA   1   0   1   1   1   1 | Glu GAA   1   1   1   1   1   1 |     GGA   0   0   0   0   0   0
    GTG   1   1   1   1   1   1 |     GCG   0   1   0   0   0   0 |     GAG   1   1   1   1   1   1 |     GGG   0   0   0   0   0   0
--------------------------------------------------------------------------------------------------------------------------------------

--------------------------------------------------------------------------------------------------------------------------------------
Phe TTT   1   1   1   1   1   1 | Ser TCT   0   0   0   0   0   1 | Tyr TAT   0   0   0   0   0   0 | Cys TGT   1   1   1   1   1   1
    TTC   2   2   2   2   2   2 |     TCC   0   0   0   0   0   0 |     TAC   2   2   2   2   2   2 |     TGC   0   0   0   0   0   0
Leu TTA   0   0   0   0   0   0 |     TCA   0   0   0   1   0   0 | *** TAA   0   0   0   0   0   0 | *** TGA   0   0   0   0   0   0
    TTG   0   0   0   0   0   0 |     TCG   1   1   1   0   1   0 |     TAG   0   0   0   0   0   0 | Trp TGG   0   0   0   0   0   0
--------------------------------------------------------------------------------------------------------------------------------------
Leu CTT   1   1   1   0   1   1 | Pro CCT   0   0   0   0   0   0 | His CAT   0   0   0   0   0   0 | Arg CGT   0   0   0   0   0   0
    CTC   0   0   0   1   0   0 |     CCC   0   0   0   0   0   0 |     CAC   0   0   0   0   0   0 |     CGC   0   0   0   0   0   0
    CTA   0   0   0   0   0   0 |     CCA   0   0   0   0   0   0 | Gln CAA   0   0   0   0   0   0 |     CGA   0   0   0   0   0   0
    CTG   3   3   3   3   3   3 |     CCG   0   0   0   0   0   0 |     CAG   0   0   0   0   0   0 |     CGG   0   0   0   0   0   0
--------------------------------------------------------------------------------------------------------------------------------------
Ile ATT   0   0   0   0   0   0 | Thr ACT   0   0   0   0   0   0 | Asn AAT   0   0   0   0   0   0 | Ser AGT   1   1   1   1   1   1
    ATC   2   2   2   2   2   2 |     ACC   0   0   0   0   0   0 |     AAC   0   0   0   0   0   0 |     AGC   0   0   0   0   0   0
    ATA   0   0   0   0   0   0 |     ACA   0   0   0   0   0   0 | Lys AAA   0   0   0   0   0   0 | Arg AGA   1   1   1   1   1   1
Met ATG   0   0   0   0   0   0 |     ACG   0   0   0   0   0   0 |     AAG   0   0   0   0   0   0 |     AGG   0   0   0   0   0   0
--------------------------------------------------------------------------------------------------------------------------------------
Val GTT   1   1   1   1   1   1 | Ala GCT   0   0   0   0   0   0 | Asp GAT   0   0   0   0   0   0 | Gly GGT   0   0   0   0   0   0
    GTC   1   1   1   1   1   1 |     GCC   0   0   0   0   0   0 |     GAC   1   1   1   1   1   1 |     GGC   1   1   1   1   1   1
    GTA   0   0   0   0   0   0 |     GCA   1   1   1   0   1   1 | Glu GAA   1   1   1   1   1   1 |     GGA   0   0   0   0   0   0
    GTG   1   1   1   1   1   1 |     GCG   0   0   0   1   0   0 |     GAG   1   1   1   1   1   1 |     GGG   0   0   0   0   0   0
--------------------------------------------------------------------------------------------------------------------------------------

--------------------------------------------------------------------------------------------------------------------------------------
Phe TTT   1   1   1   1   1   1 | Ser TCT   0   0   0   0   0   0 | Tyr TAT   0   0   0   0   0   0 | Cys TGT   1   1   1   1   1   0
    TTC   2   2   2   2   2   2 |     TCC   0   0   0   0   0   0 |     TAC   2   2   2   2   2   2 |     TGC   0   0   0   0   0   1
Leu TTA   0   0   0   0   0   0 |     TCA   0   0   0   0   0   0 | *** TAA   0   0   0   0   0   0 | *** TGA   0   0   0   0   0   0
    TTG   0   0   0   0   0   0 |     TCG   1   1   1   1   1   1 |     TAG   0   0   0   0   0   0 | Trp TGG   0   0   0   0   0   0
--------------------------------------------------------------------------------------------------------------------------------------
Leu CTT   1   1   1   1   1   0 | Pro CCT   0   0   0   0   0   0 | His CAT   0   0   0   0   0   0 | Arg CGT   0   0   0   0   0   0
    CTC   0   0   0   0   0   1 |     CCC   0   0   0   0   0   0 |     CAC   0   0   0   0   0   0 |     CGC   0   0   0   0   0   0
    CTA   0   0   0   0   0   0 |     CCA   0   0   0   0   0   0 | Gln CAA   0   0   0   0   0   0 |     CGA   0   0   0   0   0   0
    CTG   3   3   3   3   3   3 |     CCG   0   0   0   0   0   0 |     CAG   0   0   0   0   0   0 |     CGG   0   0   0   0   0   0
--------------------------------------------------------------------------------------------------------------------------------------
Ile ATT   0   0   0   0   0   0 | Thr ACT   0   0   0   0   0   0 | Asn AAT   0   0   0   0   0   0 | Ser AGT   1   1   1   1   1   1
    ATC   2   2   2   2   2   2 |     ACC   0   0   0   0   0   0 |     AAC   0   0   0   0   0   0 |     AGC   0   0   0   0   0   0
    ATA   0   0   0   0   0   0 |     ACA   0   0   0   0   0   0 | Lys AAA   0   0   0   0   0   0 | Arg AGA   1   1   1   1   1   0
Met ATG   0   0   0   0   0   0 |     ACG   0   0   0   0   0   0 |     AAG   0   0   0   0   0   0 |     AGG   0   0   0   0   0   1
--------------------------------------------------------------------------------------------------------------------------------------
Val GTT   1   1   1   1   1   1 | Ala GCT   0   0   0   0   0   0 | Asp GAT   0   0   0   0   0   0 | Gly GGT   0   0   0   0   0   0
    GTC   1   1   1   1   1   1 |     GCC   0   0   0   0   0   0 |     GAC   1   1   1   1   1   1 |     GGC   1   1   1   1   1   1
    GTA   0   0   0   0   0   0 |     GCA   1   1   1   1   1   0 | Glu GAA   1   1   1   1   1   1 |     GGA   0   0   0   0   0   0
    GTG   1   1   1   1   1   1 |     GCG   0   0   0   0   0   1 |     GAG   1   1   1   1   1   1 |     GGG   0   0   0   0   0   0
--------------------------------------------------------------------------------------------------------------------------------------

--------------------------------------------------------------------------------------------------------------------------------------
Phe TTT   1   1   1   1   1   1 | Ser TCT   0   0   0   0   0   0 | Tyr TAT   0   0   0   0   0   0 | Cys TGT   1   1   1   1   0   1
    TTC   2   2   2   2   2   2 |     TCC   0   0   0   0   0   0 |     TAC   2   2   2   2   2   2 |     TGC   0   0   0   0   1   0
Leu TTA   0   0   0   0   0   0 |     TCA   0   0   0   0   0   0 | *** TAA   0   0   0   0   0   0 | *** TGA   0   0   0   0   0   0
    TTG   0   0   0   0   0   0 |     TCG   1   1   1   1   1   1 |     TAG   0   0   0   0   0   0 | Trp TGG   0   0   0   0   0   0
--------------------------------------------------------------------------------------------------------------------------------------
Leu CTT   1   1   1   1   0   1 | Pro CCT   0   0   0   0   0   0 | His CAT   0   0   0   0   0   0 | Arg CGT   0   0   0   0   0   0
    CTC   0   0   0   0   1   0 |     CCC   0   0   0   0   0   0 |     CAC   0   0   0   0   0   0 |     CGC   0   0   0   0   0   0
    CTA   0   0   0   0   0   0 |     CCA   0   0   0   0   0   0 | Gln CAA   0   0   0   0   0   0 |     CGA   0   0   0   0   0   0
    CTG   3   3   3   3   3   3 |     CCG   0   0   0   0   0   0 |     CAG   0   0   0   0   0   0 |     CGG   0   0   0   0   0   0
--------------------------------------------------------------------------------------------------------------------------------------
Ile ATT   0   0   0   0   0   0 | Thr ACT   0   0   0   0   0   0 | Asn AAT   0   0   0   0   0   0 | Ser AGT   1   1   1   1   1   1
    ATC   2   2   2   2   2   2 |     ACC   0   0   0   0   0   0 |     AAC   0   0   0   0   0   0 |     AGC   0   0   0   0   0   0
    ATA   0   0   0   0   0   0 |     ACA   0   0   0   0   0   0 | Lys AAA   0   0   0   0   0   0 | Arg AGA   1   1   1   1   1   1
Met ATG   0   0   0   0   0   0 |     ACG   0   0   0   0   0   0 |     AAG   0   0   0   0   0   0 |     AGG   0   0   0   0   0   0
--------------------------------------------------------------------------------------------------------------------------------------
Val GTT   1   1   1   1   1   1 | Ala GCT   0   0   0   0   0   0 | Asp GAT   0   0   0   0   0   0 | Gly GGT   0   0   0   0   0   0
    GTC   1   1   1   1   1   1 |     GCC   0   0   0   0   0   0 |     GAC   1   1   1   1   1   1 |     GGC   1   1   1   1   1   1
    GTA   0   0   0   0   0   0 |     GCA   1   1   1   1   0   1 | Glu GAA   1   1   1   1   1   1 |     GGA   0   0   0   0   0   0
    GTG   1   1   1   1   1   1 |     GCG   0   0   0   0   1   0 |     GAG   1   1   1   1   1   1 |     GGG   0   0   0   0   0   0
--------------------------------------------------------------------------------------------------------------------------------------

--------------------------------------------------------------------------------------------------------------------------------------
Phe TTT   1   1   1   1   1   1 | Ser TCT   0   0   0   0   0   0 | Tyr TAT   0   0   0   0   0   0 | Cys TGT   1   1   1   0   1   1
    TTC   2   2   2   2   2   2 |     TCC   1   1   0   0   0   0 |     TAC   2   2   2   2   2   2 |     TGC   0   0   0   1   0   0
Leu TTA   0   0   0   0   0   0 |     TCA   0   0   0   0   0   0 | *** TAA   0   0   0   0   0   0 | *** TGA   0   0   0   0   0   0
    TTG   0   0   0   0   0   0 |     TCG   0   0   1   1   1   1 |     TAG   0   0   0   0   0   0 | Trp TGG   0   0   0   0   0   0
--------------------------------------------------------------------------------------------------------------------------------------
Leu CTT   1   1   1   0   1   1 | Pro CCT   0   0   0   0   0   0 | His CAT   0   0   0   0   0   0 | Arg CGT   0   0   0   0   0   0
    CTC   0   0   0   1   0   0 |     CCC   0   0   0   0   0   0 |     CAC   0   0   0   0   0   0 |     CGC   0   0   0   0   0   0
    CTA   0   0   0   0   0   0 |     CCA   0   0   0   0   0   0 | Gln CAA   0   0   0   0   0   0 |     CGA   0   0   0   0   0   0
    CTG   3   3   3   3   3   3 |     CCG   0   0   0   0   0   0 |     CAG   0   0   0   0   0   0 |     CGG   0   0   0   0   0   0
--------------------------------------------------------------------------------------------------------------------------------------
Ile ATT   0   0   0   0   0   0 | Thr ACT   0   0   0   0   0   0 | Asn AAT   0   0   0   0   0   0 | Ser AGT   1   1   1   1   1   1
    ATC   2   2   2   2   2   2 |     ACC   0   0   0   0   0   0 |     AAC   0   0   0   0   0   0 |     AGC   0   0   0   0   0   0
    ATA   0   0   0   0   0   0 |     ACA   0   0   0   0   0   0 | Lys AAA   0   0   0   0   0   0 | Arg AGA   1   1   1   0   1   1
Met ATG   0   0   0   0   0   0 |     ACG   0   0   0   0   0   0 |     AAG   0   0   0   0   0   0 |     AGG   0   0   0   1   0   0
--------------------------------------------------------------------------------------------------------------------------------------
Val GTT   1   1   1   1   1   1 | Ala GCT   0   0   0   0   0   0 | Asp GAT   0   0   0   0   0   0 | Gly GGT   0   0   0   0   0   0
    GTC   1   1   1   1   1   1 |     GCC   0   0   0   0   0   0 |     GAC   1   1   1   1   1   1 |     GGC   1   1   1   1   1   1
    GTA   0   0   0   0   0   0 |     GCA   1   1   1   0   1   1 | Glu GAA   1   1   1   1   1   1 |     GGA   0   0   0   0   0   0
    GTG   1   1   1   1   1   1 |     GCG   0   0   0   1   0   0 |     GAG   1   1   1   1   1   1 |     GGG   0   0   0   0   0   0
--------------------------------------------------------------------------------------------------------------------------------------

--------------------------------------------------------------------------------------------------------------------------------------
Phe TTT   1   1   1   1   1   1 | Ser TCT   0   0   0   0   0   0 | Tyr TAT   0   0   0   0   0   0 | Cys TGT   0   1   1   1   1   1
    TTC   2   2   2   2   2   2 |     TCC   0   0   1   0   0   0 |     TAC   2   2   2   2   2   2 |     TGC   1   0   0   0   0   0
Leu TTA   0   0   0   0   0   0 |     TCA   0   0   0   0   0   0 | *** TAA   0   0   0   0   0   0 | *** TGA   0   0   0   0   0   0
    TTG   0   0   0   0   0   0 |     TCG   1   1   0   1   1   1 |     TAG   0   0   0   0   0   0 | Trp TGG   0   0   0   0   0   0
--------------------------------------------------------------------------------------------------------------------------------------
Leu CTT   0   1   1   1   0   1 | Pro CCT   0   0   0   0   0   0 | His CAT   0   0   0   0   0   0 | Arg CGT   0   0   0   0   0   0
    CTC   1   0   0   0   1   0 |     CCC   0   0   0   0   0   0 |     CAC   0   0   0   0   0   0 |     CGC   0   0   0   0   0   0
    CTA   1   0   0   0   0   0 |     CCA   0   0   0   0   0   0 | Gln CAA   0   0   0   0   0   0 |     CGA   0   0   0   0   0   0
    CTG   2   3   3   3   3   3 |     CCG   0   0   0   0   0   0 |     CAG   0   0   0   0   0   0 |     CGG   0   0   0   0   0   0
--------------------------------------------------------------------------------------------------------------------------------------
Ile ATT   0   1   0   0   0   0 | Thr ACT   0   0   0   0   0   0 | Asn AAT   0   0   0   0   0   0 | Ser AGT   1   1   1   1   1   1
    ATC   2   1   2   2   2   2 |     ACC   0   0   0   0   0   0 |     AAC   0   0   0   0   0   0 |     AGC   0   0   0   0   0   0
    ATA   0   0   0   0   0   0 |     ACA   0   0   0   0   0   0 | Lys AAA   0   0   0   0   0   0 | Arg AGA   0   1   1   1   1   1
Met ATG   0   0   0   0   0   0 |     ACG   0   0   0   0   0   0 |     AAG   0   0   0   0   0   0 |     AGG   1   0   0   0   0   0
--------------------------------------------------------------------------------------------------------------------------------------
Val GTT   1   1   1   1   1   1 | Ala GCT   0   0   0   0   0   0 | Asp GAT   0   0   0   0   0   0 | Gly GGT   0   0   0   0   0   0
    GTC   1   1   1   1   1   1 |     GCC   0   0   0   0   0   0 |     GAC   1   1   1   1   1   1 |     GGC   1   1   1   1   1   1
    GTA   0   0   0   0   0   0 |     GCA   0   1   1   1   0   1 | Glu GAA   1   1   1   1   1   1 |     GGA   0   0   0   0   0   0
    GTG   1   1   1   1   1   1 |     GCG   1   0   0   0   1   0 |     GAG   1   1   1   1   1   1 |     GGG   0   0   0   0   0   0
--------------------------------------------------------------------------------------------------------------------------------------

--------------------------------------------------------------------------------------------------------------------------------------
Phe TTT   1   1   1   1   1   1 | Ser TCT   0   0   0   0   0   1 | Tyr TAT   0   0   0   0   0   0 | Cys TGT   1   1   1   1   1   1
    TTC   2   2   2   2   2   2 |     TCC   0   0   0   0   0   0 |     TAC   2   2   2   2   2   2 |     TGC   0   0   0   0   0   0
Leu TTA   0   0   0   0   0   0 |     TCA   0   0   0   0   0   0 | *** TAA   0   0   0   0   0   0 | *** TGA   0   0   0   0   0   0
    TTG   0   0   0   0   0   0 |     TCG   1   1   1   1   1   0 |     TAG   0   0   0   0   0   0 | Trp TGG   0   0   0   0   0   0
--------------------------------------------------------------------------------------------------------------------------------------
Leu CTT   1   1   1   1   0   1 | Pro CCT   0   0   0   0   0   0 | His CAT   0   0   0   0   0   0 | Arg CGT   0   0   0   0   0   0
    CTC   0   0   0   0   1   0 |     CCC   0   0   0   0   0   0 |     CAC   0   0   0   0   0   0 |     CGC   0   0   0   0   0   0
    CTA   0   0   0   0   0   0 |     CCA   0   0   0   0   0   0 | Gln CAA   0   0   0   0   0   0 |     CGA   0   0   0   0   0   0
    CTG   3   3   3   3   3   3 |     CCG   0   0   0   0   0   0 |     CAG   0   0   0   0   0   0 |     CGG   0   0   0   0   0   0
--------------------------------------------------------------------------------------------------------------------------------------
Ile ATT   0   0   0   0   0   0 | Thr ACT   0   0   0   0   0   0 | Asn AAT   0   0   0   0   0   0 | Ser AGT   1   1   1   1   1   1
    ATC   2   2   2   2   2   2 |     ACC   0   0   0   0   0   0 |     AAC   0   0   0   0   0   0 |     AGC   0   0   0   0   0   0
    ATA   0   0   0   0   0   0 |     ACA   0   0   0   0   0   0 | Lys AAA   0   0   0   0   0   0 | Arg AGA   1   1   1   1   1   1
Met ATG   0   0   0   0   0   0 |     ACG   0   0   0   0   0   0 |     AAG   0   0   0   0   0   0 |     AGG   0   0   0   0   0   0
--------------------------------------------------------------------------------------------------------------------------------------
Val GTT   1   1   1   1   1   1 | Ala GCT   0   0   0   0   0   0 | Asp GAT   0   0   0   0   0   0 | Gly GGT   0   0   0   0   0   0
    GTC   1   1   1   1   1   1 |     GCC   0   0   0   0   0   0 |     GAC   1   1   1   1   1   1 |     GGC   1   1   1   1   1   1
    GTA   0   0   0   0   0   0 |     GCA   1   1   1   1   0   1 | Glu GAA   1   1   1   1   1   1 |     GGA   0   0   0   0   0   0
    GTG   1   1   1   1   1   1 |     GCG   0   0   0   0   1   0 |     GAG   1   1   1   1   1   1 |     GGG   0   0   0   0   0   0
--------------------------------------------------------------------------------------------------------------------------------------

--------------------------------------------------------------------------------------------------------------------------------------
Phe TTT   1   1   1   1   1   1 | Ser TCT   0   0   1   0   0   0 | Tyr TAT   0   0   0   0   0   0 | Cys TGT   1   0   1   1   1   1
    TTC   2   2   2   2   2   2 |     TCC   1   0   0   1   0   0 |     TAC   2   2   2   2   2   2 |     TGC   0   1   0   0   0   0
Leu TTA   0   0   0   0   0   0 |     TCA   0   0   0   0   0   0 | *** TAA   0   0   0   0   0   0 | *** TGA   0   0   0   0   0   0
    TTG   0   0   0   0   0   0 |     TCG   0   1   0   0   1   1 |     TAG   0   0   0   0   0   0 | Trp TGG   0   0   0   0   0   0
--------------------------------------------------------------------------------------------------------------------------------------
Leu CTT   1   1   1   1   1   1 | Pro CCT   0   0   0   0   0   0 | His CAT   0   0   0   0   0   0 | Arg CGT   0   0   0   0   0   0
    CTC   0   0   0   0   0   0 |     CCC   0   0   0   0   0   0 |     CAC   0   0   0   0   0   0 |     CGC   0   0   0   0   0   0
    CTA   0   0   0   0   0   0 |     CCA   0   0   0   0   0   0 | Gln CAA   0   0   0   0   0   0 |     CGA   0   0   0   0   0   0
    CTG   3   3   3   3   3   3 |     CCG   0   0   0   0   0   0 |     CAG   0   0   0   0   0   0 |     CGG   0   0   0   0   0   0
--------------------------------------------------------------------------------------------------------------------------------------
Ile ATT   0   0   0   0   0   0 | Thr ACT   0   0   0   0   0   0 | Asn AAT   0   0   0   0   0   0 | Ser AGT   1   1   1   1   1   1
    ATC   2   2   2   2   2   2 |     ACC   0   0   0   0   0   0 |     AAC   0   0   0   0   0   0 |     AGC   0   0   0   0   0   0
    ATA   0   0   0   0   0   0 |     ACA   0   0   0   0   0   0 | Lys AAA   0   0   0   0   0   0 | Arg AGA   1   0   1   1   1   1
Met ATG   0   0   0   0   0   0 |     ACG   0   0   0   0   0   0 |     AAG   0   0   0   0   0   0 |     AGG   0   1   0   0   0   0
--------------------------------------------------------------------------------------------------------------------------------------
Val GTT   1   1   1   1   1   1 | Ala GCT   0   0   0   0   0   0 | Asp GAT   0   0   0   0   0   0 | Gly GGT   0   0   0   0   0   0
    GTC   1   1   1   1   1   1 |     GCC   0   0   0   0   0   0 |     GAC   1   1   1   1   1   1 |     GGC   1   1   1   1   1   1
    GTA   0   0   0   0   0   0 |     GCA   1   0   1   1   1   1 | Glu GAA   1   1   1   1   1   1 |     GGA   0   0   0   0   0   0
    GTG   1   1   1   1   1   1 |     GCG   0   1   0   0   0   0 |     GAG   1   1   1   1   1   1 |     GGG   0   0   0   0   0   0
--------------------------------------------------------------------------------------------------------------------------------------

--------------------------------------------------------------------------------------------------------------------------------------
Phe TTT   1   1   1   1   1   1 | Ser TCT   0   0   0   0   0   0 | Tyr TAT   0   0   0   0   0   0 | Cys TGT   1   1   1   1   1   1
    TTC   2   2   2   2   2   2 |     TCC   0   0   0   0   0   0 |     TAC   2   2   2   2   2   2 |     TGC   0   0   0   0   0   0
Leu TTA   0   0   0   0   0   0 |     TCA   0   0   0   0   0   0 | *** TAA   0   0   0   0   0   0 | *** TGA   0   0   0   0   0   0
    TTG   0   0   0   0   0   0 |     TCG   1   1   1   1   1   1 |     TAG   0   0   0   0   0   0 | Trp TGG   0   0   0   0   0   0
--------------------------------------------------------------------------------------------------------------------------------------
Leu CTT   0   1   1   1   1   1 | Pro CCT   0   0   0   0   0   0 | His CAT   0   0   0   0   0   0 | Arg CGT   0   0   0   0   0   0
    CTC   2   0   0   0   0   0 |     CCC   0   0   0   0   0   0 |     CAC   0   0   0   0   0   0 |     CGC   0   0   0   0   0   0
    CTA   0   0   0   0   0   0 |     CCA   0   0   0   0   0   0 | Gln CAA   0   0   0   0   0   0 |     CGA   0   0   0   0   0   0
    CTG   2   3   3   3   3   3 |     CCG   0   0   0   0   0   0 |     CAG   0   0   0   0   0   0 |     CGG   0   0   0   0   0   0
--------------------------------------------------------------------------------------------------------------------------------------
Ile ATT   0   0   0   1   0   0 | Thr ACT   0   0   0   0   0   0 | Asn AAT   0   0   0   0   0   0 | Ser AGT   1   1   1   1   1   1
    ATC   2   2   2   1   2   2 |     ACC   0   0   0   0   0   0 |     AAC   0   0   0   0   0   0 |     AGC   0   0   0   0   0   0
    ATA   0   0   0   0   0   0 |     ACA   0   0   0   0   0   0 | Lys AAA   0   0   0   0   0   0 | Arg AGA   1   1   1   1   1   1
Met ATG   0   0   0   0   0   0 |     ACG   0   0   0   0   0   0 |     AAG   0   0   0   0   0   0 |     AGG   0   0   0   0   0   0
--------------------------------------------------------------------------------------------------------------------------------------
Val GTT   1   1   1   1   1   1 | Ala GCT   0   0   0   0   0   0 | Asp GAT   0   0   0   0   0   0 | Gly GGT   0   0   0   0   0   0
    GTC   1   1   1   1   1   1 |     GCC   0   0   0   0   0   0 |     GAC   1   1   1   1   1   1 |     GGC   1   1   1   1   1   1
    GTA   0   0   0   0   0   0 |     GCA   1   1   1   1   1   1 | Glu GAA   1   1   1   1   1   1 |     GGA   0   0   0   0   0   0
    GTG   1   1   1   1   1   1 |     GCG   0   0   0   0   0   0 |     GAG   1   1   1   1   1   1 |     GGG   0   0   0   0   0   0
--------------------------------------------------------------------------------------------------------------------------------------

Codon position x base (3x4) table for each sequence.

#1: Argali         
position  1:    T:0.30435    C:0.17391    A:0.17391    G:0.34783
position  2:    T:0.52174    C:0.08696    A:0.21739    G:0.17391
position  3:    T:0.21739    C:0.39130    A:0.13043    G:0.26087
Average         T:0.34783    C:0.21739    A:0.17391    G:0.26087

#2: LesserMouseDeer
position  1:    T:0.34783    C:0.13043    A:0.13043    G:0.39130
position  2:    T:0.52174    C:0.08696    A:0.21739    G:0.17391
position  3:    T:0.21739    C:0.43478    A:0.08696    G:0.26087
Average         T:0.36232    C:0.21739    A:0.14493    G:0.27536

#3: LesserKudu     
position  1:    T:0.30435    C:0.17391    A:0.17391    G:0.34783
position  2:    T:0.52174    C:0.08696    A:0.21739    G:0.17391
position  3:    T:0.21739    C:0.39130    A:0.13043    G:0.26087
Average         T:0.34783    C:0.21739    A:0.17391    G:0.26087

#4: ForestMuskDeer2
position  1:    T:0.30435    C:0.17391    A:0.17391    G:0.34783
position  2:    T:0.52174    C:0.08696    A:0.21739    G:0.17391
position  3:    T:0.26087    C:0.34783    A:0.13043    G:0.26087
Average         T:0.36232    C:0.20290    A:0.17391    G:0.26087

#5: Camel          
position  1:    T:0.34783    C:0.13043    A:0.17391    G:0.34783
position  2:    T:0.52174    C:0.08696    A:0.21739    G:0.17391
position  3:    T:0.21739    C:0.39130    A:0.13043    G:0.26087
Average         T:0.36232    C:0.20290    A:0.17391    G:0.26087

#6: KillerWhale    
position  1:    T:0.34783    C:0.13043    A:0.17391    G:0.34783
position  2:    T:0.52174    C:0.08696    A:0.21739    G:0.17391
position  3:    T:0.21739    C:0.39130    A:0.13043    G:0.26087
Average         T:0.36232    C:0.20290    A:0.17391    G:0.26087

#7: DefassaWaterbuck
position  1:    T:0.30435    C:0.17391    A:0.17391    G:0.34783
position  2:    T:0.52174    C:0.08696    A:0.21739    G:0.17391
position  3:    T:0.21739    C:0.39130    A:0.13043    G:0.26087
Average         T:0.34783    C:0.21739    A:0.17391    G:0.26087

#8: Sheep          
position  1:    T:0.30435    C:0.17391    A:0.17391    G:0.34783
position  2:    T:0.52174    C:0.08696    A:0.21739    G:0.17391
position  3:    T:0.21739    C:0.39130    A:0.13043    G:0.26087
Average         T:0.34783    C:0.21739    A:0.17391    G:0.26087

#9: MaxwellsDuiker 
position  1:    T:0.30435    C:0.17391    A:0.17391    G:0.34783
position  2:    T:0.52174    C:0.08696    A:0.21739    G:0.17391
position  3:    T:0.21739    C:0.39130    A:0.13043    G:0.26087
Average         T:0.34783    C:0.21739    A:0.17391    G:0.26087

#10: GazellaPrzewalskyi
position  1:    T:0.30435    C:0.17391    A:0.17391    G:0.34783
position  2:    T:0.52174    C:0.08696    A:0.21739    G:0.17391
position  3:    T:0.17391    C:0.43478    A:0.13043    G:0.26087
Average         T:0.33333    C:0.23188    A:0.17391    G:0.26087

#11: MountainNyala  
position  1:    T:0.30435    C:0.17391    A:0.17391    G:0.34783
position  2:    T:0.52174    C:0.08696    A:0.21739    G:0.17391
position  3:    T:0.21739    C:0.39130    A:0.13043    G:0.26087
Average         T:0.34783    C:0.21739    A:0.17391    G:0.26087

#12: MuntiacusMuntjak
position  1:    T:0.30435    C:0.17391    A:0.17391    G:0.34783
position  2:    T:0.52174    C:0.08696    A:0.21739    G:0.17391
position  3:    T:0.26087    C:0.39130    A:0.13043    G:0.21739
Average         T:0.36232    C:0.21739    A:0.17391    G:0.24638

#13: goat           
position  1:    T:0.30435    C:0.17391    A:0.17391    G:0.34783
position  2:    T:0.52174    C:0.08696    A:0.21739    G:0.17391
position  3:    T:0.21739    C:0.39130    A:0.13043    G:0.26087
Average         T:0.34783    C:0.21739    A:0.17391    G:0.26087

#14: AfricanBuffalo 
position  1:    T:0.30435    C:0.17391    A:0.17391    G:0.34783
position  2:    T:0.52174    C:0.08696    A:0.21739    G:0.17391
position  3:    T:0.21739    C:0.39130    A:0.13043    G:0.26087
Average         T:0.34783    C:0.21739    A:0.17391    G:0.26087

#15: Topi           
position  1:    T:0.30435    C:0.17391    A:0.17391    G:0.34783
position  2:    T:0.52174    C:0.08696    A:0.21739    G:0.17391
position  3:    T:0.21739    C:0.39130    A:0.13043    G:0.26087
Average         T:0.34783    C:0.21739    A:0.17391    G:0.26087

#16: CommonDuiker   
position  1:    T:0.30435    C:0.17391    A:0.17391    G:0.34783
position  2:    T:0.52174    C:0.08696    A:0.21739    G:0.17391
position  3:    T:0.21739    C:0.39130    A:0.13043    G:0.26087
Average         T:0.34783    C:0.21739    A:0.17391    G:0.26087

#17: Suni           
position  1:    T:0.30435    C:0.17391    A:0.17391    G:0.34783
position  2:    T:0.52174    C:0.08696    A:0.21739    G:0.17391
position  3:    T:0.21739    C:0.39130    A:0.13043    G:0.26087
Average         T:0.34783    C:0.21739    A:0.17391    G:0.26087

#18: Springbuck     
position  1:    T:0.30435    C:0.17391    A:0.17391    G:0.34783
position  2:    T:0.52174    C:0.08696    A:0.21739    G:0.17391
position  3:    T:0.13043    C:0.47826    A:0.04348    G:0.34783
Average         T:0.31884    C:0.24638    A:0.14493    G:0.28986

#19: Okapi          
position  1:    T:0.30435    C:0.17391    A:0.17391    G:0.34783
position  2:    T:0.52174    C:0.08696    A:0.21739    G:0.17391
position  3:    T:0.21739    C:0.39130    A:0.13043    G:0.26087
Average         T:0.34783    C:0.21739    A:0.17391    G:0.26087

#20: Giraffe        
position  1:    T:0.30435    C:0.17391    A:0.17391    G:0.34783
position  2:    T:0.52174    C:0.08696    A:0.21739    G:0.17391
position  3:    T:0.21739    C:0.39130    A:0.13043    G:0.26087
Average         T:0.34783    C:0.21739    A:0.17391    G:0.26087

#21: TibetanAntelope
position  1:    T:0.30435    C:0.17391    A:0.17391    G:0.34783
position  2:    T:0.52174    C:0.08696    A:0.21739    G:0.17391
position  3:    T:0.21739    C:0.39130    A:0.13043    G:0.26087
Average         T:0.34783    C:0.21739    A:0.17391    G:0.26087

#22: Sitatunga      
position  1:    T:0.30435    C:0.17391    A:0.17391    G:0.34783
position  2:    T:0.52174    C:0.08696    A:0.21739    G:0.17391
position  3:    T:0.21739    C:0.39130    A:0.13043    G:0.26087
Average         T:0.34783    C:0.21739    A:0.17391    G:0.26087

#23: Oribi          
position  1:    T:0.30435    C:0.17391    A:0.17391    G:0.34783
position  2:    T:0.52174    C:0.08696    A:0.21739    G:0.17391
position  3:    T:0.13043    C:0.47826    A:0.08696    G:0.30435
Average         T:0.31884    C:0.24638    A:0.15942    G:0.27536

#24: BarbarySheep   
position  1:    T:0.30435    C:0.17391    A:0.17391    G:0.34783
position  2:    T:0.52174    C:0.08696    A:0.21739    G:0.17391
position  3:    T:0.21739    C:0.39130    A:0.13043    G:0.26087
Average         T:0.34783    C:0.21739    A:0.17391    G:0.26087

#25: Daviddeer      
position  1:    T:0.30435    C:0.17391    A:0.17391    G:0.34783
position  2:    T:0.52174    C:0.08696    A:0.21739    G:0.17391
position  3:    T:0.21739    C:0.43478    A:0.13043    G:0.21739
Average         T:0.34783    C:0.23188    A:0.17391    G:0.24638

#26: Reindeer       
position  1:    T:0.30435    C:0.17391    A:0.17391    G:0.34783
position  2:    T:0.52174    C:0.08696    A:0.21739    G:0.17391
position  3:    T:0.21739    C:0.43478    A:0.13043    G:0.21739
Average         T:0.34783    C:0.23188    A:0.17391    G:0.24638

#27: Ibex           
position  1:    T:0.30435    C:0.17391    A:0.17391    G:0.34783
position  2:    T:0.52174    C:0.08696    A:0.21739    G:0.17391
position  3:    T:0.21739    C:0.39130    A:0.13043    G:0.26087
Average         T:0.34783    C:0.21739    A:0.17391    G:0.26087

#28: GyrantGazelle  
position  1:    T:0.30435    C:0.17391    A:0.17391    G:0.34783
position  2:    T:0.52174    C:0.08696    A:0.21739    G:0.17391
position  3:    T:0.13043    C:0.47826    A:0.04348    G:0.34783
Average         T:0.31884    C:0.24638    A:0.14493    G:0.28986

#29: Hartebeest     
position  1:    T:0.30435    C:0.17391    A:0.17391    G:0.34783
position  2:    T:0.52174    C:0.08696    A:0.21739    G:0.17391
position  3:    T:0.21739    C:0.39130    A:0.13043    G:0.26087
Average         T:0.34783    C:0.21739    A:0.17391    G:0.26087

#30: Bongo          
position  1:    T:0.30435    C:0.17391    A:0.17391    G:0.34783
position  2:    T:0.52174    C:0.08696    A:0.21739    G:0.17391
position  3:    T:0.21739    C:0.39130    A:0.13043    G:0.26087
Average         T:0.34783    C:0.21739    A:0.17391    G:0.26087

#31: Gerenuk        
position  1:    T:0.30435    C:0.17391    A:0.17391    G:0.34783
position  2:    T:0.52174    C:0.08696    A:0.21739    G:0.17391
position  3:    T:0.13043    C:0.47826    A:0.08696    G:0.30435
Average         T:0.31884    C:0.24638    A:0.15942    G:0.27536

#32: CommonEland    
position  1:    T:0.30435    C:0.17391    A:0.17391    G:0.34783
position  2:    T:0.52174    C:0.08696    A:0.21739    G:0.17391
position  3:    T:0.26087    C:0.34783    A:0.13043    G:0.26087
Average         T:0.36232    C:0.20290    A:0.17391    G:0.26087

#33: MuntiacusReevesi
position  1:    T:0.30435    C:0.17391    A:0.17391    G:0.34783
position  2:    T:0.52174    C:0.08696    A:0.21739    G:0.17391
position  3:    T:0.21739    C:0.43478    A:0.13043    G:0.21739
Average         T:0.34783    C:0.23188    A:0.17391    G:0.24638

#34: HarveysDuiker  
position  1:    T:0.30435    C:0.17391    A:0.17391    G:0.34783
position  2:    T:0.52174    C:0.08696    A:0.21739    G:0.17391
position  3:    T:0.21739    C:0.39130    A:0.13043    G:0.26087
Average         T:0.34783    C:0.21739    A:0.17391    G:0.26087

#35: Pronghorn      
position  1:    T:0.30435    C:0.17391    A:0.17391    G:0.34783
position  2:    T:0.52174    C:0.08696    A:0.21739    G:0.17391
position  3:    T:0.17391    C:0.43478    A:0.08696    G:0.30435
Average         T:0.33333    C:0.23188    A:0.15942    G:0.27536

#36: BlueWildebeest 
position  1:    T:0.30435    C:0.17391    A:0.17391    G:0.34783
position  2:    T:0.52174    C:0.08696    A:0.21739    G:0.17391
position  3:    T:0.21739    C:0.39130    A:0.13043    G:0.26087
Average         T:0.34783    C:0.21739    A:0.17391    G:0.26087

#37: Gemsbok        
position  1:    T:0.30435    C:0.17391    A:0.17391    G:0.34783
position  2:    T:0.52174    C:0.08696    A:0.21739    G:0.17391
position  3:    T:0.21739    C:0.39130    A:0.13043    G:0.26087
Average         T:0.34783    C:0.21739    A:0.17391    G:0.26087

#38: Yak            
position  1:    T:0.30435    C:0.17391    A:0.17391    G:0.34783
position  2:    T:0.52174    C:0.08696    A:0.21739    G:0.17391
position  3:    T:0.21739    C:0.39130    A:0.13043    G:0.26087
Average         T:0.34783    C:0.21739    A:0.17391    G:0.26087

#39: BlueSheep      
position  1:    T:0.30435    C:0.17391    A:0.17391    G:0.34783
position  2:    T:0.52174    C:0.08696    A:0.21739    G:0.17391
position  3:    T:0.21739    C:0.39130    A:0.13043    G:0.26087
Average         T:0.34783    C:0.21739    A:0.17391    G:0.26087

#40: BohorReedbuck  
position  1:    T:0.30435    C:0.17391    A:0.17391    G:0.34783
position  2:    T:0.52174    C:0.08696    A:0.21739    G:0.17391
position  3:    T:0.21739    C:0.39130    A:0.13043    G:0.26087
Average         T:0.34783    C:0.21739    A:0.17391    G:0.26087

#41: KirksDik       
position  1:    T:0.30435    C:0.17391    A:0.17391    G:0.34783
position  2:    T:0.52174    C:0.08696    A:0.21739    G:0.17391
position  3:    T:0.17391    C:0.43478    A:0.08696    G:0.30435
Average         T:0.33333    C:0.23188    A:0.15942    G:0.27536

#42: RoeDeer        
position  1:    T:0.30435    C:0.17391    A:0.17391    G:0.34783
position  2:    T:0.52174    C:0.08696    A:0.21739    G:0.17391
position  3:    T:0.26087    C:0.39130    A:0.13043    G:0.21739
Average         T:0.36232    C:0.21739    A:0.17391    G:0.24638

#43: WhiteLippedDeer
position  1:    T:0.30435    C:0.17391    A:0.17391    G:0.34783
position  2:    T:0.52174    C:0.08696    A:0.21739    G:0.17391
position  3:    T:0.21739    C:0.43478    A:0.13043    G:0.21739
Average         T:0.34783    C:0.23188    A:0.17391    G:0.24638

#44: ThomsonGazelle 
position  1:    T:0.30435    C:0.17391    A:0.17391    G:0.34783
position  2:    T:0.52174    C:0.08696    A:0.21739    G:0.17391
position  3:    T:0.17391    C:0.43478    A:0.04348    G:0.34783
Average         T:0.33333    C:0.23188    A:0.14493    G:0.28986

#45: MuntiacusCrinifrons
position  1:    T:0.30435    C:0.17391    A:0.17391    G:0.34783
position  2:    T:0.52174    C:0.08696    A:0.21739    G:0.17391
position  3:    T:0.26087    C:0.39130    A:0.13043    G:0.21739
Average         T:0.36232    C:0.21739    A:0.17391    G:0.24638

#46: WhiteTailedDeer
position  1:    T:0.30435    C:0.17391    A:0.17391    G:0.34783
position  2:    T:0.52174    C:0.08696    A:0.21739    G:0.17391
position  3:    T:0.21739    C:0.43478    A:0.13043    G:0.21739
Average         T:0.34783    C:0.23188    A:0.17391    G:0.24638

#47: Cattle         
position  1:    T:0.30435    C:0.17391    A:0.17391    G:0.34783
position  2:    T:0.52174    C:0.08696    A:0.21739    G:0.17391
position  3:    T:0.21739    C:0.39130    A:0.13043    G:0.26087
Average         T:0.34783    C:0.21739    A:0.17391    G:0.26087

#48: RoyalAntelope  
position  1:    T:0.30435    C:0.17391    A:0.17391    G:0.34783
position  2:    T:0.52174    C:0.08696    A:0.21739    G:0.17391
position  3:    T:0.21739    C:0.39130    A:0.13043    G:0.26087
Average         T:0.34783    C:0.21739    A:0.17391    G:0.26087

#49: Steenbok       
position  1:    T:0.30435    C:0.17391    A:0.17391    G:0.34783
position  2:    T:0.52174    C:0.08696    A:0.21739    G:0.17391
position  3:    T:0.17391    C:0.47826    A:0.13043    G:0.21739
Average         T:0.33333    C:0.24638    A:0.17391    G:0.24638

#50: Impala         
position  1:    T:0.30435    C:0.17391    A:0.17391    G:0.34783
position  2:    T:0.52174    C:0.08696    A:0.21739    G:0.17391
position  3:    T:0.21739    C:0.39130    A:0.13043    G:0.26087
Average         T:0.34783    C:0.21739    A:0.17391    G:0.26087

#51: Klipspringer   
position  1:    T:0.30435    C:0.17391    A:0.17391    G:0.34783
position  2:    T:0.52174    C:0.08696    A:0.21739    G:0.17391
