1
52 1
Argali 0.000000 0.202600 0.084800 0.196200 0.070700 0.005100 0.054100 0.087600 0.090200 0.087300 0.026400 0.047100 0.047400 0.047800 0.063900 0.058700 0.057900 0.063200 0.042500 0.079100 0.058900 0.037200 0.129600 0.087300 0.021000 0.063900 0.041600 0.084900 0.081000 0.084800 0.087300 0.053400 0.086600 0.036900 0.048000 0.036900 0.010200 0.065200 0.069200 0.087300 0.110800 0.058600 0.093300 0.081700 0.042400 0.064200 0.064200 0.075700 0.058600 0.070700 0.096200 0.074300
LesserMous 0.202600 0.000000 0.179500 0.196500 0.191100 0.209300 0.184900 0.197300 0.173600 0.215600 0.210000 0.182400 0.158000 0.164300 0.182400 0.182300 0.168700 0.162200 0.189100 0.185400 0.195500 0.197400 0.242900 0.222000 0.203000 0.163400 0.164300 0.191700 0.201000 0.179600 0.215600 0.152700 0.188600 0.170700 0.165100 0.158100 0.190500 0.197800 0.181100 0.202400 0.242600 0.158100 0.222600 0.196900 0.164400 0.194500 0.170400 0.177800 0.171100 0.210200 0.180100 0.180500
LesserKudu 0.084800 0.179500 0.000000 0.191700 0.090600 0.090500 0.085300 0.096300 0.014500 0.107200 0.079600 0.078300 0.067500 0.078700 0.083900 0.089500 0.077700 0.082900 0.073400 0.014800 0.089900 0.068600 0.149300 0.112900 0.073800 0.094600 0.062300 0.019200 0.111900 0.019300 0.107200 0.084300 0.106200 0.067800 0.068200 0.067600 0.073900 0.085200 0.088800 0.118600 0.130800 0.089400 0.113200 0.101700 0.072900 0.073000 0.095400 0.095900 0.078800 0.102000 0.019600 0.019500
KillerWhal 0.196200 0.196500 0.191700 0.000000 0.184800 0.202900 0.178800 0.197900 0.185700 0.209300 0.203700 0.176400 0.164000 0.158400 0.176500 0.164100 0.162800 0.156300 0.182800 0.185500 0.177200 0.184900 0.250500 0.215700 0.196600 0.157500 0.158300 0.204000 0.200800 0.191700 0.209300 0.170800 0.188400 0.164600 0.171900 0.152200 0.184200 0.191400 0.181100 0.208900 0.235700 0.164100 0.216200 0.203100 0.158400 0.200500 0.164400 0.196200 0.165000 0.203800 0.198500 0.192700
DefassaWat 0.070700 0.191100 0.090600 0.184800 0.000000 0.076400 0.059900 0.082200 0.085000 0.093400 0.076700 0.052600 0.053200 0.053500 0.058800 0.064400 0.052700 0.058000 0.059200 0.084900 0.064700 0.076700 0.136100 0.099100 0.070700 0.058600 0.047800 0.090700 0.075700 0.079600 0.093400 0.059100 0.104100 0.042600 0.042800 0.042400 0.059500 0.005100 0.063800 0.093400 0.117200 0.053300 0.099400 0.087800 0.042500 0.069900 0.070300 0.064500 0.042600 0.088100 0.102100 0.080000
Sheep 0.005100 0.209300 0.090500 0.202900 0.076400 0.000000 0.059700 0.081800 0.096000 0.093100 0.031800 0.052700 0.052900 0.053400 0.069600 0.053100 0.063500 0.068800 0.048000 0.084800 0.053400 0.042700 0.135800 0.093200 0.026300 0.058300 0.047600 0.090600 0.075300 0.090500 0.093100 0.058900 0.092400 0.042300 0.053500 0.042300 0.015300 0.071000 0.074800 0.093200 0.116900 0.053000 0.099200 0.087600 0.047900 0.069800 0.069800 0.081500 0.064300 0.076500 0.102000 0.079900
MaxwellsDu 0.054100 0.184900 0.085300 0.178800 0.059900 0.059700 0.000000 0.076800 0.090800 0.076400 0.059900 0.036000 0.037000 0.025400 0.053500 0.048000 0.047400 0.052700 0.042800 0.079600 0.048300 0.060000 0.106500 0.082100 0.054100 0.053300 0.031700 0.085400 0.070300 0.085400 0.076400 0.031600 0.075600 0.026500 0.037500 0.026400 0.043100 0.054400 0.058600 0.076400 0.088200 0.048000 0.082300 0.070900 0.031800 0.064600 0.064900 0.065200 0.048200 0.071200 0.096800 0.074700
GazellaPrz 0.087600 0.197300 0.096300 0.197900 0.082200 0.081800 0.076800 0.000000 0.101900 0.099300 0.093900 0.069400 0.058700 0.070100 0.075500 0.053000 0.069100 0.074500 0.075800 0.090600 0.058800 0.093900 0.142500 0.105100 0.087800 0.063900 0.053300 0.107700 0.075100 0.107600 0.099300 0.075800 0.109900 0.059000 0.053800 0.053300 0.076400 0.076700 0.069100 0.111000 0.123300 0.058300 0.105400 0.093700 0.059000 0.075400 0.075600 0.099200 0.081400 0.093900 0.107900 0.096900
MountainNy 0.090200 0.173600 0.014500 0.185700 0.085000 0.096000 0.090800 0.101900 0.000000 0.112800 0.085000 0.083800 0.072800 0.084100 0.089400 0.095000 0.072300 0.077500 0.078700 0.019800 0.095400 0.074000 0.155200 0.118500 0.079200 0.089000 0.067600 0.024800 0.117400 0.014500 0.112800 0.089700 0.111700 0.073200 0.073600 0.073000 0.079300 0.090700 0.094200 0.124200 0.136600 0.083800 0.118800 0.107200 0.078300 0.078300 0.089800 0.101400 0.073300 0.107600 0.024800 0.024900
MuntiacusM 0.087300 0.215600 0.107200 0.209300 0.093400 0.093100 0.076400 0.099300 0.112800 0.000000 0.081900 0.069500 0.058400 0.069800 0.080700 0.080800 0.057600 0.062900 0.075500 0.101400 0.081200 0.093500 0.058900 0.034900 0.087400 0.086000 0.053100 0.118700 0.103600 0.118600 0.000000 0.075400 0.097400 0.058700 0.070300 0.058600 0.076000 0.087900 0.080100 0.031300 0.047700 0.080700 0.005100 0.026100 0.064200 0.097700 0.086800 0.098700 0.081100 0.081900 0.119000 0.107900
goat 0.026400 0.210000 0.079600 0.203700 0.076700 0.031800 0.059900 0.093900 0.085000 0.081900 0.000000 0.052900 0.053000 0.053600 0.069800 0.064500 0.063700 0.069000 0.048200 0.074000 0.064800 0.042800 0.124100 0.081900 0.005200 0.069700 0.047700 0.079700 0.087100 0.079600 0.081900 0.059100 0.092700 0.042400 0.053700 0.042500 0.015400 0.071200 0.075100 0.082000 0.105400 0.064400 0.087900 0.087900 0.048000 0.070000 0.070100 0.081700 0.064500 0.076800 0.090900 0.069000
AfricanBuf 0.047100 0.182400 0.078300 0.176400 0.052600 0.052700 0.036000 0.069400 0.083800 0.069500 0.052900 0.000000 0.030200 0.030000 0.046700 0.040900 0.041100 0.046300 0.035600 0.073000 0.030100 0.052900 0.110600 0.075100 0.047200 0.045900 0.024800 0.078400 0.063000 0.078300 0.069500 0.035500 0.080100 0.019400 0.030600 0.020700 0.036200 0.047100 0.051500 0.069500 0.092500 0.040900 0.075300 0.064000 0.025400 0.057400 0.046600 0.058200 0.041400 0.058500 0.089400 0.057100
Topi 0.047400 0.158000 0.067500 0.164000 0.053200 0.052900 0.037000 0.058700 0.072800 0.058400 0.053000 0.030200 0.000000 0.031200 0.046900 0.041800 0.030800 0.035900 0.036600 0.062100 0.042000 0.053100 0.098600 0.063900 0.046400 0.046900 0.005100 0.078400 0.063400 0.078300 0.058400 0.026000 0.068900 0.010300 0.031300 0.020600 0.036700 0.047900 0.052100 0.069400 0.069800 0.031100 0.064100 0.042200 0.025900 0.057900 0.047300 0.047400 0.041800 0.053300 0.067700 0.067900
CommonDuik 0.047800 0.164300 0.078700 0.158400 0.053500 0.053400 0.025400 0.070100 0.084100 0.069800 0.053600 0.030000 0.031200 0.000000 0.047400 0.042000 0.041500 0.046700 0.036800 0.073200 0.042200 0.053600 0.110800 0.075400 0.047900 0.036500 0.026000 0.078800 0.063800 0.078800 0.069800 0.020700 0.074700 0.020800 0.031600 0.020800 0.037100 0.048200 0.041600 0.058700 0.092700 0.031300 0.075600 0.064400 0.026100 0.058200 0.047500 0.058800 0.042100 0.064600 0.090000 0.068300
Suni 0.063900 0.182400 0.083900 0.176500 0.058800 0.069600 0.053500 0.075500 0.089400 0.080700 0.069800 0.046700 0.046900 0.047400 0.000000 0.058100 0.057400 0.062600 0.052900 0.078400 0.047500 0.069800 0.116300 0.086300 0.064000 0.063300 0.041700 0.084000 0.069100 0.084000 0.080700 0.042000 0.085700 0.036500 0.036700 0.036500 0.053000 0.053500 0.057600 0.069500 0.103800 0.058000 0.086500 0.075200 0.042000 0.063500 0.074900 0.074700 0.058100 0.081300 0.095200 0.073500
Springbuck 0.058700 0.182300 0.089500 0.164100 0.064400 0.053100 0.048000 0.053000 0.095000 0.080800 0.064500 0.040900 0.041800 0.042000 0.058100 0.000000 0.052100 0.057300 0.047500 0.083900 0.030300 0.064500 0.122400 0.086500 0.058700 0.036300 0.036500 0.089600 0.041700 0.089600 0.080800 0.047400 0.080100 0.031300 0.042300 0.020700 0.047800 0.059100 0.052100 0.080900 0.104100 0.031000 0.086700 0.075300 0.026000 0.058100 0.058200 0.069700 0.052900 0.075600 0.100900 0.079100
Okapi 0.057900 0.168700 0.077700 0.162800 0.052700 0.063500 0.047400 0.069100 0.072300 0.057600 0.063700 0.041100 0.030800 0.041500 0.057400 0.052100 0.000000 0.015000 0.046900 0.072200 0.052300 0.063700 0.097200 0.063000 0.058000 0.046500 0.025700 0.088600 0.073700 0.077700 0.057600 0.046800 0.057100 0.031000 0.041800 0.030900 0.047200 0.058300 0.051600 0.068500 0.079800 0.041400 0.063200 0.052300 0.036200 0.068100 0.046900 0.068800 0.041500 0.063700 0.088800 0.078100
Giraffe 0.063200 0.162200 0.082900 0.156300 0.058000 0.068800 0.052700 0.074500 0.077500 0.062900 0.069000 0.046300 0.035900 0.046700 0.062600 0.057300 0.015000 0.000000 0.052100 0.077400 0.057500 0.069000 0.102700 0.068300 0.063300 0.041100 0.030800 0.093800 0.079000 0.082900 0.062900 0.052100 0.062300 0.036100 0.047000 0.036000 0.052400 0.063600 0.056800 0.074500 0.085200 0.046500 0.068500 0.057600 0.041400 0.073400 0.052100 0.063100 0.046800 0.069000 0.094100 0.083400
TibetanAnt 0.042500 0.189100 0.073400 0.182800 0.059200 0.048000 0.042800 0.075800 0.078700 0.075500 0.048200 0.035600 0.036600 0.036800 0.052900 0.047500 0.046900 0.052100 0.000000 0.067900 0.047700 0.037300 0.116900 0.081100 0.042600 0.052700 0.031400 0.073500 0.069400 0.073400 0.075500 0.042200 0.075000 0.026100 0.037100 0.026100 0.031700 0.053800 0.057900 0.075600 0.098600 0.047400 0.081400 0.070000 0.031400 0.052900 0.064100 0.064400 0.047600 0.070400 0.084500 0.063000
Sitatunga 0.079100 0.185400 0.014800 0.185500 0.084900 0.084800 0.079600 0.090600 0.019800 0.101400 0.074000 0.073000 0.062100 0.073200 0.078400 0.083900 0.072200 0.077400 0.067900 0.000000 0.084300 0.063100 0.143200 0.107100 0.068200 0.089000 0.056900 0.024900 0.106100 0.024900 0.101400 0.078700 0.100500 0.062400 0.062700 0.062200 0.068300 0.079600 0.083200 0.112700 0.124800 0.083800 0.107400 0.095900 0.067700 0.078300 0.089800 0.101400 0.073300 0.096300 0.024900 0.025000
Oribi 0.058900 0.195500 0.089900 0.177200 0.064700 0.053400 0.048300 0.058800 0.095400 0.081200 0.064800 0.030100 0.042000 0.042200 0.047500 0.030300 0.052300 0.057500 0.047700 0.084300 0.000000 0.064800 0.116700 0.086800 0.059000 0.036500 0.036700 0.090000 0.052600 0.089900 0.081200 0.047600 0.091800 0.031500 0.042500 0.031400 0.048000 0.059300 0.052300 0.081200 0.098500 0.031200 0.087100 0.075700 0.036800 0.058400 0.047500 0.070000 0.053100 0.076000 0.101300 0.068400
BarbaryShe 0.037200 0.197400 0.068600 0.184900 0.076700 0.042700 0.060000 0.093900 0.074000 0.093500 0.042800 0.052900 0.053100 0.053600 0.069800 0.064500 0.063700 0.069000 0.037300 0.063100 0.064800 0.000000 0.136300 0.099300 0.036300 0.069700 0.047700 0.068700 0.087100 0.068600 0.093500 0.059100 0.070000 0.042500 0.053700 0.042500 0.026500 0.071300 0.075100 0.093500 0.117400 0.064400 0.099600 0.087900 0.048100 0.059000 0.070100 0.081700 0.053500 0.076800 0.079800 0.058100
Daviddeer 0.129600 0.242900 0.149300 0.250500 0.136100 0.135800 0.106500 0.142500 0.155200 0.058900 0.124100 0.110600 0.098600 0.110800 0.116300 0.122400 0.097200 0.102700 0.116900 0.143200 0.116700 0.136300 0.000000 0.075500 0.129700 0.127700 0.093100 0.161500 0.134500 0.161400 0.058900 0.111000 0.133800 0.099200 0.111600 0.098800 0.117800 0.130500 0.121300 0.064300 0.047900 0.122200 0.064600 0.064600 0.104900 0.140200 0.128900 0.141700 0.122800 0.136400 0.161900 0.150300
Reindeer 0.087300 0.222000 0.112900 0.215700 0.099100 0.093200 0.082100 0.105100 0.118500 0.034900 0.081900 0.075100 0.063900 0.075400 0.086300 0.086500 0.063000 0.068300 0.081100 0.107100 0.086800 0.099300 0.075500 0.000000 0.087400 0.080400 0.058500 0.124400 0.109400 0.124400 0.036600 0.081100 0.103100 0.064200 0.075900 0.064000 0.076000 0.093600 0.074400 0.047400 0.058600 0.086300 0.042100 0.042100 0.069700 0.103500 0.092500 0.104500 0.086700 0.099300 0.124700 0.113600
Ibex 0.021000 0.203000 0.073800 0.196600 0.070700 0.026300 0.054100 0.087800 0.079200 0.087400 0.005200 0.047200 0.046400 0.047900 0.064000 0.058700 0.058000 0.063300 0.042600 0.068200 0.059000 0.036300 0.129700 0.087400 0.000000 0.064000 0.042200 0.073900 0.081100 0.073800 0.087400 0.053400 0.086700 0.036900 0.045600 0.036900 0.010400 0.065300 0.069200 0.087400 0.111000 0.058600 0.093400 0.081800 0.042400 0.064200 0.064200 0.075800 0.058700 0.070800 0.085000 0.063300
GyrantGaze 0.063900 0.163400 0.094600 0.157500 0.058600 0.058300 0.053300 0.063900 0.089000 0.086000 0.069700 0.045900 0.046900 0.036500 0.063300 0.036300 0.046500 0.041100 0.052700 0.089000 0.036500 0.069700 0.127700 0.080400 0.064000 0.000000 0.041700 0.094700 0.057800 0.083700 0.086000 0.047200 0.096600 0.036500 0.047500 0.036400 0.053000 0.064300 0.036100 0.074800 0.109300 0.015400 0.091900 0.080600 0.041800 0.063300 0.041900 0.063800 0.047200 0.080900 0.106000 0.084200
Hartebeest 0.041600 0.164300 0.062300 0.158300 0.047800 0.047600 0.031700 0.053300 0.067600 0.053100 0.047700 0.024800 0.005100 0.026000 0.041700 0.036500 0.025700 0.030800 0.031400 0.056900 0.036700 0.047700 0.093100 0.058500 0.042200 0.041700 0.000000 0.073100 0.058100 0.073100 0.053100 0.031300 0.063600 0.005000 0.026100 0.015500 0.030300 0.042500 0.046900 0.064100 0.064400 0.036500 0.058700 0.047700 0.020700 0.052600 0.042100 0.052900 0.035700 0.047900 0.073300 0.062700
Bongo 0.084900 0.191700 0.019200 0.204000 0.090700 0.090600 0.085400 0.107700 0.024800 0.118700 0.079700 0.078400 0.078400 0.078800 0.084000 0.089600 0.088600 0.093800 0.073500 0.024900 0.090000 0.068700 0.161500 0.124400 0.073900 0.094700 0.073100 0.000000 0.112100 0.009900 0.118700 0.084400 0.117600 0.067900 0.068300 0.067700 0.073900 0.085400 0.088900 0.118700 0.142600 0.089500 0.124800 0.113100 0.073000 0.073100 0.106700 0.096000 0.078900 0.113500 0.029900 0.019900
Gerenuk 0.081000 0.201000 0.111900 0.200800 0.075700 0.075300 0.070300 0.075100 0.117400 0.103600 0.087100 0.063000 0.063400 0.063800 0.069100 0.041700 0.073700 0.079000 0.069400 0.106100 0.052600 0.087100 0.134500 0.109400 0.081100 0.057800 0.058100 0.112100 0.000000 0.112000 0.103600 0.069400 0.114300 0.052800 0.064200 0.041900 0.069900 0.070300 0.073900 0.103700 0.115700 0.052300 0.109700 0.098100 0.047400 0.080300 0.080300 0.092300 0.074900 0.092600 0.123600 0.101300
CommonElan 0.084800 0.179600 0.019300 0.191700 0.079600 0.090500 0.085400 0.107600 0.014500 0.118600 0.079600 0.078300 0.078300 0.078800 0.084000 0.089600 0.077700 0.082900 0.073400 0.024900 0.089900 0.068600 0.161400 0.124400 0.073800 0.083700 0.073100 0.009900 0.112000 0.000000 0.118600 0.084300 0.117500 0.067900 0.068300 0.067700 0.073900 0.085300 0.088800 0.118600 0.142600 0.078500 0.124700 0.113000 0.073000 0.073000 0.095500 0.095900 0.068000 0.113500 0.029500 0.019900
MuntiacusR 0.087300 0.215600 0.107200 0.209300 0.093400 0.093100 0.076400 0.099300 0.112800 0.000000 0.081900 0.069500 0.058400 0.069800 0.080700 0.080800 0.057600 0.062900 0.075500 0.101400 0.081200 0.093500 0.058900 0.036600 0.087400 0.086000 0.053100 0.118700 0.103600 0.118600 0.000000 0.075400 0.097400 0.058700 0.070300 0.058600 0.076000 0.087900 0.080100 0.031300 0.047700 0.080700 0.005100 0.026100 0.064200 0.097700 0.086800 0.098700 0.081100 0.081900 0.119000 0.107900
HarveysDui 0.053400 0.152700 0.084300 0.170800 0.059100 0.058900 0.031600 0.075800 0.089700 0.075400 0.059100 0.035500 0.026000 0.020700 0.042000 0.047400 0.046800 0.052100 0.042200 0.078700 0.047600 0.059100 0.111000 0.081100 0.053400 0.047200 0.031300 0.084400 0.069400 0.084300 0.075400 0.000000 0.069200 0.026100 0.037000 0.026000 0.042500 0.053700 0.052500 0.058800 0.098500 0.031300 0.081300 0.058900 0.031400 0.063800 0.058600 0.053300 0.047600 0.070300 0.084500 0.073800
Pronghorn 0.086600 0.188600 0.106200 0.188400 0.104100 0.092400 0.075600 0.109900 0.111700 0.097400 0.092700 0.080100 0.068900 0.074700 0.085700 0.080100 0.057100 0.062300 0.075000 0.100500 0.091800 0.070000 0.133800 0.103100 0.086700 0.096600 0.063600 0.117600 0.114300 0.117500 0.097400 0.069200 0.000000 0.069200 0.080900 0.069000 0.075400 0.098600 0.090600 0.097300 0.121000 0.091200 0.103400 0.091900 0.074700 0.085800 0.097500 0.109500 0.091700 0.092700 0.117800 0.106900
BlueWildeb 0.036900 0.170700 0.067800 0.164600 0.042600 0.042300 0.026500 0.059000 0.073200 0.058700 0.042400 0.019400 0.010300 0.020800 0.036500 0.031300 0.031000 0.036100 0.026100 0.062400 0.031500 0.042500 0.099200 0.064200 0.036900 0.036500 0.005000 0.067900 0.052800 0.067900 0.058700 0.026100 0.069200 0.000000 0.020900 0.010300 0.026200 0.037200 0.041700 0.058700 0.070100 0.031300 0.064400 0.053300 0.015600 0.047400 0.047600 0.047600 0.030500 0.053500 0.078900 0.057400
Gemsbok 0.048000 0.165100 0.068200 0.171900 0.042800 0.053500 0.037500 0.053800 0.073600 0.070300 0.053700 0.030600 0.031300 0.031600 0.036700 0.042300 0.041800 0.047000 0.037100 0.062700 0.042500 0.053700 0.111600 0.075900 0.045600 0.047500 0.026100 0.068300 0.064200 0.068300 0.070300 0.037000 0.080900 0.020900 0.000000 0.020900 0.037200 0.037500 0.041900 0.070300 0.093400 0.042200 0.076100 0.064800 0.026300 0.047600 0.058900 0.058900 0.042300 0.065100 0.079400 0.057800
Yak 0.036900 0.158100 0.067600 0.152200 0.042400 0.042300 0.026400 0.053300 0.073000 0.058600 0.042500 0.020700 0.020600 0.020800 0.036500 0.020700 0.030900 0.036000 0.026100 0.062200 0.031400 0.042500 0.098800 0.064000 0.036900 0.036400 0.015500 0.067700 0.041900 0.067700 0.058600 0.026000 0.069000 0.010300 0.020900 0.000000 0.026200 0.037100 0.041500 0.058600 0.081100 0.031200 0.064200 0.053200 0.005100 0.047200 0.047400 0.047600 0.031300 0.053400 0.078700 0.057300
BlueSheep 0.010200 0.190500 0.073900 0.184200 0.059500 0.015300 0.043100 0.076400 0.079300 0.076000 0.015400 0.036200 0.036700 0.037100 0.053000 0.047800 0.047200 0.052400 0.031700 0.068300 0.048000 0.026500 0.117800 0.076000 0.010400 0.053000 0.030300 0.073900 0.069900 0.073900 0.076000 0.042500 0.075400 0.026200 0.037200 0.026200 0.000000 0.054100 0.058300 0.076100 0.099300 0.047700 0.081900 0.070500 0.031700 0.053200 0.053300 0.064600 0.047800 0.059600 0.085100 0.063400
BohorReedb 0.065200 0.197800 0.085200 0.191400 0.005100 0.071000 0.054400 0.076700 0.090700 0.087900 0.071200 0.047100 0.047900 0.048200 0.053500 0.059100 0.058300 0.063600 0.053800 0.079600 0.059300 0.071300 0.130500 0.093600 0.065300 0.064300 0.042500 0.085400 0.070300 0.085300 0.087900 0.053700 0.098600 0.037200 0.037500 0.037100 0.054100 0.000000 0.058500 0.087900 0.111600 0.059000 0.093900 0.082300 0.037200 0.064500 0.076100 0.059100 0.048200 0.082600 0.096700 0.074700
KirksDik 0.069200 0.181100 0.088800 0.181100 0.063800 0.074800 0.058600 0.069100 0.094200 0.080100 0.075100 0.051500 0.052100 0.041600 0.057600 0.052100 0.051600 0.056800 0.057900 0.083200 0.052300 0.075100 0.121300 0.074400 0.069200 0.036100 0.046900 0.088900 0.073900 0.088800 0.080100 0.052500 0.090600 0.041700 0.041900 0.041500 0.058300 0.058500 0.000000 0.069000 0.103100 0.041300 0.085900 0.074700 0.047000 0.057600 0.057600 0.080200 0.063300 0.086300 0.100000 0.078400
RoeDeer 0.087300 0.202400 0.118600 0.208900 0.093400 0.093200 0.076400 0.111000 0.124200 0.031300 0.082000 0.069500 0.069400 0.058700 0.069500 0.080900 0.068500 0.074500 0.075600 0.112700 0.081200 0.093500 0.064300 0.047400 0.087400 0.074800 0.064100 0.118700 0.103700 0.118600 0.031300 0.058800 0.097300 0.058700 0.070300 0.058600 0.076100 0.087900 0.069000 0.000000 0.058600 0.069500 0.036800 0.036800 0.064200 0.097800 0.086800 0.098800 0.081100 0.105100 0.130500 0.107900
WhiteLippe 0.110800 0.242600 0.130800 0.235700 0.117200 0.116900 0.088200 0.123300 0.136600 0.047700 0.105400 0.092500 0.069800 0.092700 0.103800 0.104100 0.079800 0.085200 0.098600 0.124800 0.098500 0.117400 0.047900 0.058600 0.111000 0.109300 0.064400 0.142600 0.115700 0.142600 0.047700 0.098500 0.121000 0.070100 0.093400 0.081100 0.099300 0.111600 0.103100 0.058600 0.000000 0.103900 0.053300 0.053300 0.087000 0.121300 0.110300 0.122600 0.104400 0.117400 0.143000 0.131600
ThomsonGaz 0.058600 0.158100 0.089400 0.164100 0.053300 0.053000 0.048000 0.058300 0.083800 0.080700 0.064400 0.040900 0.031100 0.031300 0.058000 0.031000 0.041400 0.046500 0.047400 0.083800 0.031200 0.064400 0.122200 0.086300 0.058600 0.015400 0.036500 0.089500 0.052300 0.078500 0.080700 0.031300 0.091200 0.031300 0.042200 0.031200 0.047700 0.059000 0.041300 0.069500 0.103900 0.000000 0.086600 0.064100 0.036600 0.058000 0.036500 0.058500 0.042000 0.075500 0.089600 0.078900
MuntiacusC 0.093300 0.222600 0.113200 0.216200 0.099400 0.099200 0.082300 0.105400 0.118800 0.005100 0.087900 0.075300 0.064100 0.075600 0.086500 0.086700 0.063200 0.068500 0.081400 0.107400 0.087100 0.099600 0.064600 0.042100 0.093400 0.091900 0.058700 0.124800 0.109700 0.124700 0.005100 0.081300 0.103400 0.064400 0.076100 0.064200 0.081900 0.093900 0.085900 0.036800 0.053300 0.086600 0.000000 0.031500 0.070000 0.103800 0.092800 0.104800 0.087000 0.087900 0.125100 0.113900
WhiteTaile 0.081700 0.196900 0.101700 0.203100 0.087800 0.087600 0.070900 0.093700 0.107200 0.026100 0.087900 0.064000 0.042200 0.064400 0.075200 0.075300 0.052300 0.057600 0.070000 0.095900 0.075700 0.087900 0.064600 0.042100 0.081800 0.080600 0.047700 0.113100 0.098100 0.113000 0.026100 0.058900 0.091900 0.053300 0.064800 0.053200 0.070500 0.082300 0.074700 0.036800 0.053300 0.064100 0.031500 0.000000 0.058800 0.092200 0.081300 0.081700 0.075600 0.087900 0.102000 0.102300
Cattle 0.042400 0.164400 0.072900 0.158400 0.042500 0.047900 0.031800 0.059000 0.078300 0.064200 0.048000 0.025400 0.025900 0.026100 0.042000 0.026000 0.036200 0.041400 0.031400 0.067700 0.036800 0.048100 0.104900 0.069700 0.042400 0.041800 0.020700 0.073000 0.047400 0.073000 0.064200 0.031400 0.074700 0.015600 0.026300 0.005100 0.031700 0.037200 0.047000 0.064200 0.087000 0.036600 0.070000 0.058800 0.000000 0.052700 0.053000 0.047700 0.036800 0.059000 0.084000 0.062600
RoyalAntel 0.064200 0.194500 0.073000 0.200500 0.069900 0.069800 0.064600 0.075400 0.078300 0.097700 0.070000 0.057400 0.057900 0.058200 0.063500 0.058100 0.068100 0.073400 0.052900 0.078300 0.058400 0.059000 0.140200 0.103500 0.064200 0.063300 0.052600 0.073100 0.080300 0.073000 0.097700 0.063800 0.085800 0.047400 0.047600 0.047200 0.053200 0.064500 0.057600 0.097800 0.121300 0.058000 0.103800 0.092200 0.052700 0.000000 0.074900 0.075300 0.069300 0.081200 0.084100 0.062600
Steenbok 0.064200 0.170400 0.095400 0.164400 0.070300 0.069800 0.064900 0.075600 0.089800 0.086800 0.070100 0.046600 0.047300 0.047500 0.074900 0.058200 0.046900 0.052100 0.064100 0.089800 0.047500 0.070100 0.128900 0.092500 0.064200 0.041900 0.042100 0.106700 0.080300 0.095500 0.086800 0.058600 0.097500 0.047600 0.058900 0.047400 0.053300 0.076100 0.057600 0.086800 0.110300 0.036500 0.092800 0.081300 0.053000 0.074900 0.000000 0.086800 0.058600 0.081700 0.107000 0.084900
Impala 0.075700 0.177800 0.095900 0.196200 0.064500 0.081500 0.065200 0.099200 0.101400 0.098700 0.081700 0.058200 0.047400 0.058800 0.074700 0.069700 0.068800 0.063100 0.064400 0.101400 0.070000 0.081700 0.141700 0.104500 0.075800 0.063800 0.052900 0.096000 0.092300 0.095900 0.098700 0.053300 0.109500 0.047600 0.058900 0.047600 0.064600 0.059100 0.080200 0.098800 0.122600 0.058500 0.104800 0.081700 0.047700 0.075300 0.086800 0.000000 0.058500 0.093500 0.096100 0.085300
Klipspring 0.058600 0.171100 0.078800 0.165000 0.042600 0.064300 0.048200 0.081400 0.073300 0.081100 0.064500 0.041400 0.041800 0.042100 0.058100 0.052900 0.041500 0.046800 0.047600 0.073300 0.053100 0.053500 0.122800 0.086700 0.058700 0.047200 0.035700 0.078900 0.074900 0.068000 0.081100 0.047600 0.091700 0.030500 0.042300 0.031300 0.047800 0.048200 0.063300 0.081100 0.104400 0.042000 0.087000 0.075600 0.036800 0.069300 0.058600 0.058500 0.000000 0.075900 0.090100 0.068400
ForestMusk 0.070700 0.210200 0.102000 0.203800 0.088100 0.076500 0.071200 0.093900 0.107600 0.081900 0.076800 0.058500 0.053300 0.064600 0.081300 0.075600 0.063700 0.069000 0.070400 0.096300 0.076000 0.076800 0.136400 0.099300 0.070800 0.080900 0.047900 0.113500 0.092600 0.113500 0.081900 0.070300 0.092700 0.053500 0.065100 0.053400 0.059600 0.082600 0.086300 0.105100 0.117400 0.075500 0.087900 0.087900 0.059000 0.081200 0.081700 0.093500 0.075900 0.000000 0.113700 0.102700
Bushbuck 0.096200 0.180100 0.019600 0.198500 0.102100 0.102000 0.096800 0.107900 0.024800 0.119000 0.090900 0.089400 0.067700 0.090000 0.095200 0.100900 0.088800 0.094100 0.084500 0.024900 0.101300 0.079800 0.161900 0.124700 0.085000 0.106000 0.073300 0.029900 0.123600 0.029500 0.119000 0.084500 0.117800 0.078900 0.079400 0.078700 0.085100 0.096700 0.100000 0.130500 0.143000 0.089600 0.125100 0.102000 0.084000 0.084100 0.107000 0.096100 0.090100 0.113700 0.000000 0.030100
GreaterKud 0.074300 0.180500 0.019500 0.192700 0.080000 0.079900 0.074700 0.096900 0.024900 0.107900 0.069000 0.057100 0.067900 0.068300 0.073500 0.079100 0.078100 0.083400 0.063000 0.025000 0.068400 0.058100 0.150300 0.113600 0.063300 0.084200 0.062700 0.019900 0.101300 0.019900 0.107900 0.073800 0.106900 0.057400 0.057800 0.057300 0.063400 0.074700 0.078400 0.107900 0.131600 0.078900 0.113900 0.102300 0.062600 0.062600 0.084900 0.085300 0.068400 0.102700 0.030100 0.000000
