1
52 1
Argali 0.000000 0.288300 0.068500 0.254400 0.065900 0.002600 0.091100 0.071400 0.071400 0.097400 0.020600 0.082000 0.049800 0.077600 0.060200 0.063500 0.093700 0.099600 0.044500 0.063000 0.063300 0.023200 0.117200 0.113700 0.020600 0.071400 0.049800 0.065600 0.068700 0.062900 0.094400 0.091000 0.111300 0.052500 0.051500 0.066200 0.023200 0.065900 0.082300 0.108500 0.111400 0.068500 0.097300 0.105500 0.066100 0.077200 0.065800 0.065700 0.077200 0.093400 0.063000 0.062800
LesserMous 0.288300 0.000000 0.279400 0.338500 0.276500 0.284200 0.302600 0.280400 0.283800 0.294900 0.279800 0.271300 0.270100 0.290300 0.285600 0.274900 0.264700 0.283700 0.295700 0.271700 0.269000 0.276500 0.282400 0.302800 0.279800 0.276000 0.270100 0.281900 0.273300 0.279000 0.290700 0.309600 0.298500 0.266800 0.260000 0.277000 0.273900 0.269800 0.283200 0.282700 0.300500 0.275500 0.294700 0.311800 0.277000 0.280100 0.272400 0.265300 0.303400 0.302000 0.271700 0.278300
LesserKudu 0.068500 0.279400 0.000000 0.218200 0.049500 0.071100 0.074200 0.038900 0.017900 0.077400 0.068300 0.038700 0.044300 0.060900 0.044000 0.036500 0.071300 0.082500 0.082500 0.010200 0.041600 0.065700 0.085600 0.088000 0.068300 0.044200 0.044400 0.017900 0.038900 0.015300 0.080100 0.068600 0.077100 0.047100 0.047100 0.028500 0.065600 0.049500 0.049500 0.094000 0.080100 0.036200 0.077400 0.080000 0.028500 0.054300 0.044200 0.041500 0.060500 0.076500 0.010200 0.010200
KillerWhal 0.254400 0.338500 0.218200 0.000000 0.228300 0.250900 0.247900 0.207800 0.215800 0.234500 0.253300 0.214200 0.232000 0.238800 0.227100 0.206200 0.220700 0.230800 0.268800 0.211400 0.207700 0.237200 0.244900 0.247100 0.253300 0.218400 0.232200 0.217800 0.198900 0.214600 0.244400 0.234200 0.230800 0.228900 0.231200 0.219200 0.237100 0.234800 0.221200 0.248300 0.244300 0.205000 0.234700 0.235000 0.219200 0.234900 0.214600 0.221300 0.245000 0.234500 0.204900 0.217700
DefassaWat 0.065900 0.276500 0.049500 0.228300 0.000000 0.068500 0.071600 0.052300 0.049600 0.077500 0.054900 0.060100 0.041700 0.063700 0.052100 0.041800 0.068600 0.079900 0.068800 0.044100 0.039000 0.052300 0.097000 0.090900 0.054900 0.039000 0.041800 0.052100 0.041600 0.049400 0.080200 0.077000 0.085600 0.044400 0.044500 0.047100 0.052300 0.015400 0.054900 0.099800 0.085700 0.044200 0.077500 0.091200 0.047100 0.055200 0.046900 0.046800 0.063300 0.071100 0.044100 0.049400
Sheep 0.002600 0.284200 0.071100 0.250900 0.068500 0.000000 0.093800 0.074100 0.074100 0.100100 0.023200 0.084700 0.052400 0.080300 0.062800 0.066200 0.096300 0.102300 0.047200 0.065600 0.065900 0.025800 0.120000 0.116500 0.023200 0.074100 0.052400 0.068300 0.071300 0.065600 0.097100 0.093700 0.114000 0.055200 0.054100 0.068800 0.025800 0.068600 0.084900 0.111300 0.114100 0.071200 0.100100 0.108300 0.068800 0.079900 0.068400 0.063000 0.079800 0.096100 0.065600 0.065500
MaxwellsDu 0.091100 0.302600 0.074200 0.247900 0.071600 0.093800 0.000000 0.071500 0.077200 0.091900 0.079700 0.084900 0.071800 0.033800 0.076800 0.052700 0.077200 0.085800 0.088700 0.068600 0.057900 0.082600 0.117600 0.108300 0.085300 0.060500 0.071800 0.076800 0.057900 0.074100 0.100400 0.041500 0.097200 0.074600 0.073900 0.069000 0.082600 0.066200 0.076900 0.117500 0.106000 0.063200 0.097600 0.111600 0.069000 0.080100 0.065900 0.071400 0.085500 0.111000 0.068600 0.074000
GazellaPrz 0.071400 0.280400 0.038900 0.207800 0.052300 0.074100 0.071500 0.000000 0.041700 0.083200 0.071200 0.049300 0.047100 0.058200 0.052100 0.033800 0.074200 0.085500 0.085500 0.033600 0.039000 0.068600 0.091400 0.093800 0.071200 0.041600 0.047100 0.041500 0.038900 0.038900 0.085900 0.071400 0.077400 0.049900 0.049900 0.039100 0.068500 0.052400 0.052200 0.099900 0.085800 0.038900 0.083200 0.085700 0.039100 0.063400 0.041500 0.046900 0.068900 0.085100 0.033600 0.038800
MountainNy 0.071400 0.283800 0.017900 0.215800 0.049600 0.074100 0.077200 0.041700 0.000000 0.077600 0.071200 0.036200 0.046700 0.063800 0.046800 0.033900 0.071400 0.082700 0.085500 0.012800 0.044400 0.068600 0.085800 0.082600 0.071200 0.041700 0.046600 0.020500 0.036400 0.017900 0.080300 0.071600 0.077300 0.049400 0.048100 0.031200 0.068600 0.049700 0.046900 0.094300 0.080300 0.039000 0.077600 0.080200 0.031200 0.051700 0.047000 0.044200 0.068900 0.076700 0.012800 0.017900
MuntiacusM 0.097400 0.294900 0.077400 0.234500 0.077500 0.100100 0.091900 0.083200 0.077600 0.000000 0.091400 0.091200 0.066700 0.081100 0.082800 0.064100 0.052600 0.058200 0.106300 0.071800 0.074900 0.094400 0.036700 0.044500 0.091400 0.074800 0.066700 0.079800 0.069300 0.077300 0.007600 0.091800 0.069300 0.069500 0.061200 0.075100 0.094400 0.072100 0.080200 0.050200 0.031400 0.066400 0.005100 0.042000 0.075100 0.075000 0.077500 0.069100 0.088800 0.091400 0.066200 0.077200
goat 0.020600 0.279800 0.068300 0.253300 0.054900 0.023200 0.079700 0.071200 0.071200 0.091400 0.000000 0.081800 0.039000 0.071900 0.054600 0.063300 0.087800 0.093600 0.039100 0.057400 0.057700 0.012800 0.111100 0.107700 0.005100 0.060300 0.044300 0.065400 0.063100 0.062700 0.088500 0.085200 0.105200 0.047000 0.047000 0.065900 0.012800 0.054900 0.076500 0.102500 0.099600 0.062900 0.091400 0.105200 0.065900 0.066000 0.060200 0.060200 0.077000 0.093200 0.062800 0.062600
AfricanBuf 0.082000 0.271300 0.038700 0.214200 0.060100 0.084700 0.084900 0.049300 0.036200 0.091200 0.081800 0.000000 0.057600 0.071500 0.062600 0.041600 0.082100 0.093500 0.096200 0.033400 0.049400 0.073600 0.099400 0.096100 0.081800 0.049400 0.057700 0.038700 0.046700 0.038700 0.093900 0.084900 0.082400 0.060400 0.060400 0.028300 0.079100 0.060200 0.049300 0.105100 0.093800 0.052000 0.091200 0.088200 0.028300 0.063100 0.054600 0.057400 0.079500 0.087500 0.033400 0.038600
Topi 0.049800 0.270100 0.044300 0.232000 0.041700 0.052400 0.071800 0.047100 0.046700 0.066700 0.039000 0.057600 0.000000 0.053000 0.041500 0.039300 0.068800 0.074500 0.058100 0.033700 0.039100 0.047100 0.086000 0.082800 0.039000 0.041800 0.005100 0.041600 0.039100 0.038900 0.069400 0.066300 0.080300 0.012900 0.018100 0.041900 0.047000 0.041800 0.052400 0.088800 0.074800 0.039100 0.066700 0.080300 0.041900 0.047300 0.036400 0.031100 0.052700 0.068600 0.039000 0.044200
CommonDuik 0.077600 0.290300 0.060900 0.238800 0.063700 0.080300 0.033800 0.058200 0.063800 0.081100 0.071900 0.071500 0.053000 0.000000 0.063400 0.044800 0.080400 0.091900 0.086300 0.055300 0.050000 0.074700 0.098000 0.089000 0.071900 0.052700 0.053000 0.063500 0.044600 0.060800 0.083900 0.028500 0.089300 0.055700 0.055800 0.055600 0.074700 0.063700 0.063500 0.098000 0.092300 0.049900 0.081100 0.092100 0.055600 0.066600 0.052600 0.052700 0.072300 0.091600 0.055300 0.060700
Suni 0.060200 0.285600 0.044000 0.227100 0.052100 0.062800 0.076800 0.052100 0.046800 0.082800 0.054600 0.062600 0.041500 0.063400 0.000000 0.044300 0.073800 0.085100 0.074000 0.033400 0.044200 0.062800 0.096600 0.087700 0.054600 0.052100 0.046900 0.046600 0.049400 0.043900 0.079900 0.071200 0.090900 0.049600 0.049600 0.046900 0.062800 0.052100 0.062800 0.093800 0.085400 0.044000 0.082800 0.085300 0.046900 0.052300 0.052000 0.044000 0.063100 0.084700 0.038700 0.038600
Springbuck 0.063500 0.274900 0.036500 0.206200 0.041800 0.066200 0.052700 0.033800 0.033900 0.064100 0.063300 0.041600 0.039300 0.044800 0.044300 0.000000 0.060800 0.066400 0.077500 0.031100 0.031200 0.060700 0.083400 0.074600 0.063300 0.028500 0.039300 0.039100 0.020700 0.036400 0.072300 0.058100 0.063800 0.042000 0.042000 0.031300 0.060700 0.041900 0.039000 0.080700 0.072300 0.031100 0.069600 0.072200 0.031300 0.044700 0.033800 0.039100 0.061000 0.077100 0.031100 0.036400
Okapi 0.093700 0.264700 0.071300 0.220700 0.068600 0.096300 0.077200 0.074200 0.071400 0.052600 0.087800 0.082100 0.068800 0.080400 0.073800 0.060800 0.000000 0.025700 0.102500 0.065700 0.055000 0.085200 0.068800 0.060300 0.087800 0.060500 0.068900 0.073600 0.060500 0.071200 0.055200 0.088200 0.062900 0.066100 0.063400 0.068900 0.085100 0.063200 0.068600 0.066000 0.057900 0.057700 0.052600 0.057800 0.068900 0.063400 0.068600 0.063000 0.079700 0.079200 0.060200 0.071100
Giraffe 0.099600 0.283700 0.082500 0.230800 0.079900 0.102300 0.085800 0.085500 0.082700 0.058200 0.093600 0.093500 0.074500 0.091900 0.085100 0.066400 0.025700 0.000000 0.108400 0.076900 0.060600 0.091000 0.080000 0.071300 0.093600 0.071600 0.074600 0.079300 0.071700 0.076800 0.063600 0.099800 0.076900 0.071800 0.069000 0.080200 0.090900 0.074400 0.085300 0.071700 0.069000 0.068700 0.060900 0.066100 0.080200 0.074600 0.074200 0.079700 0.091200 0.090600 0.071300 0.082300
TibetanAnt 0.044500 0.295700 0.082500 0.268800 0.068800 0.047200 0.088700 0.085500 0.085500 0.106300 0.039100 0.096200 0.058100 0.086300 0.074000 0.077500 0.102500 0.108400 0.000000 0.076800 0.071700 0.041800 0.126400 0.122800 0.039100 0.079900 0.058100 0.079500 0.077200 0.076800 0.103300 0.099800 0.120300 0.060900 0.060900 0.080200 0.041800 0.074400 0.085200 0.117600 0.120500 0.077000 0.106300 0.120300 0.080200 0.085800 0.074200 0.074200 0.088600 0.102200 0.076800 0.076700
Sitatunga 0.063000 0.271700 0.010200 0.211400 0.044100 0.065600 0.068600 0.033600 0.012800 0.071800 0.057400 0.033400 0.033700 0.055300 0.033400 0.031100 0.065700 0.076900 0.076800 0.000000 0.036300 0.060200 0.079900 0.082300 0.057400 0.038900 0.039000 0.012700 0.033600 0.010200 0.074500 0.063100 0.071500 0.041700 0.041700 0.023200 0.060200 0.044200 0.044100 0.088300 0.068900 0.030900 0.071800 0.074300 0.023200 0.043300 0.038800 0.036100 0.060500 0.070900 0.005100 0.010100
Oribi 0.063300 0.269000 0.041600 0.207700 0.039000 0.065900 0.057900 0.039000 0.044400 0.074900 0.057700 0.049400 0.039100 0.050000 0.044200 0.031200 0.055000 0.060600 0.071700 0.036300 0.000000 0.049600 0.088700 0.085500 0.057700 0.033700 0.039200 0.044200 0.025800 0.041500 0.077600 0.063300 0.074600 0.041800 0.041900 0.036400 0.055000 0.039000 0.044200 0.085900 0.077500 0.025800 0.074900 0.083000 0.036400 0.049900 0.033600 0.039000 0.049900 0.065500 0.036300 0.041500
BarbaryShe 0.023200 0.276500 0.065700 0.237200 0.052300 0.025800 0.082600 0.068600 0.068600 0.094400 0.012800 0.073600 0.047100 0.074700 0.062800 0.060700 0.085200 0.091000 0.041800 0.060200 0.049600 0.000000 0.114100 0.110700 0.012800 0.057700 0.047100 0.062800 0.055000 0.060100 0.091400 0.088100 0.102500 0.049800 0.049800 0.063300 0.010200 0.052300 0.073900 0.105500 0.102700 0.054900 0.094400 0.108200 0.063300 0.074400 0.057600 0.062900 0.076500 0.090500 0.060200 0.060000
Daviddeer 0.117200 0.282400 0.085600 0.244900 0.097000 0.120000 0.117600 0.091400 0.085800 0.036700 0.111100 0.099400 0.086000 0.098000 0.096600 0.083400 0.068800 0.080000 0.126400 0.079900 0.088700 0.114100 0.000000 0.049800 0.111100 0.088600 0.086100 0.087900 0.077500 0.085500 0.039400 0.105800 0.080300 0.083300 0.079500 0.089000 0.108300 0.091400 0.082800 0.055500 0.020700 0.080000 0.036700 0.052700 0.088900 0.088900 0.080100 0.074400 0.102900 0.102500 0.074300 0.085300
Reindeer 0.113700 0.302800 0.088000 0.247100 0.090900 0.116500 0.108300 0.093800 0.082600 0.044500 0.107700 0.096100 0.082800 0.089000 0.087700 0.074600 0.060300 0.071300 0.122800 0.082300 0.085500 0.110700 0.049800 0.000000 0.107700 0.079800 0.082900 0.090300 0.074300 0.082300 0.047200 0.096800 0.082200 0.080100 0.077300 0.085700 0.110700 0.091000 0.085200 0.052500 0.049800 0.076900 0.044500 0.023200 0.085700 0.074500 0.088100 0.076900 0.099500 0.099200 0.076700 0.082200
Ibex 0.020600 0.279800 0.068300 0.253300 0.054900 0.023200 0.085300 0.071200 0.071200 0.091400 0.005100 0.081800 0.039000 0.071900 0.054600 0.063300 0.087800 0.093600 0.039100 0.057400 0.057700 0.012800 0.111100 0.107700 0.000000 0.060400 0.044300 0.065400 0.063100 0.062800 0.088500 0.085200 0.105300 0.047000 0.047100 0.066000 0.012800 0.055000 0.076500 0.102500 0.099600 0.062900 0.091400 0.105200 0.065900 0.066000 0.060200 0.060200 0.077000 0.093200 0.062800 0.062700
GyrantGaze 0.071400 0.276000 0.044200 0.218400 0.039000 0.074100 0.060500 0.041600 0.041700 0.074800 0.060300 0.049400 0.041800 0.052700 0.052100 0.028500 0.060500 0.071600 0.079900 0.038900 0.033700 0.057700 0.088600 0.079800 0.060400 0.000000 0.041800 0.046800 0.028400 0.044200 0.077500 0.066000 0.074600 0.044500 0.044500 0.039100 0.057700 0.039000 0.041500 0.091400 0.077400 0.017900 0.074800 0.082900 0.039100 0.049900 0.036300 0.041600 0.060700 0.076800 0.038900 0.044100
Hartebeest 0.049800 0.270100 0.044400 0.232200 0.041800 0.052400 0.071800 0.047100 0.046600 0.066700 0.044300 0.057700 0.005100 0.053000 0.046900 0.039300 0.068900 0.074600 0.058100 0.039000 0.039200 0.047100 0.086100 0.082900 0.044300 0.041800 0.000000 0.041600 0.039100 0.039000 0.069400 0.066300 0.080300 0.012900 0.018100 0.041900 0.047000 0.041800 0.052400 0.088900 0.080500 0.039100 0.066700 0.080300 0.041900 0.052700 0.036400 0.031100 0.052700 0.068600 0.039000 0.044200
Bongo 0.065600 0.281900 0.017900 0.217800 0.052100 0.068300 0.076800 0.041500 0.020500 0.079800 0.065400 0.038700 0.041600 0.063500 0.046600 0.039100 0.073600 0.079300 0.079500 0.012700 0.044200 0.062800 0.087900 0.090300 0.065400 0.046800 0.041600 0.000000 0.041500 0.012700 0.082500 0.071300 0.079500 0.044300 0.043500 0.023200 0.062800 0.052100 0.052100 0.090700 0.082400 0.038800 0.079700 0.082300 0.023200 0.056200 0.041400 0.044000 0.068600 0.073500 0.012700 0.017800
Gerenuk 0.068700 0.273300 0.038900 0.198900 0.041600 0.071300 0.057900 0.038900 0.036400 0.069300 0.063100 0.046700 0.039100 0.044600 0.049400 0.020700 0.060500 0.071700 0.077200 0.033600 0.025800 0.055000 0.077500 0.074300 0.063100 0.028400 0.039100 0.041500 0.000000 0.038900 0.072000 0.057800 0.063600 0.036500 0.041900 0.036400 0.055000 0.041700 0.033600 0.085800 0.066400 0.025700 0.069300 0.077400 0.036400 0.044500 0.028400 0.038400 0.055200 0.065700 0.033600 0.038800
CommonElan 0.062900 0.279000 0.015300 0.214600 0.049400 0.065600 0.074100 0.038900 0.017900 0.077300 0.062700 0.038700 0.038900 0.060800 0.043900 0.036400 0.071200 0.076800 0.076800 0.010200 0.041500 0.060100 0.085500 0.082300 0.062800 0.044200 0.039000 0.012700 0.038900 0.000000 0.080000 0.068500 0.077000 0.041600 0.041700 0.028400 0.060100 0.049500 0.049400 0.093900 0.079900 0.036200 0.077300 0.074300 0.028400 0.054300 0.038800 0.041400 0.065900 0.070900 0.010200 0.010000
MuntiacusR 0.094400 0.290700 0.080100 0.244400 0.080200 0.097100 0.100400 0.085900 0.080300 0.007600 0.088500 0.093900 0.069400 0.083900 0.079900 0.072300 0.055200 0.063600 0.103300 0.074500 0.077600 0.091400 0.039400 0.047200 0.088500 0.077500 0.069400 0.082500 0.072000 0.080000 0.000000 0.094500 0.077600 0.072300 0.063900 0.077800 0.091400 0.074800 0.082900 0.047400 0.034000 0.069100 0.007700 0.044600 0.077800 0.077800 0.080200 0.071800 0.091500 0.094100 0.068900 0.074300
HarveysDui 0.091000 0.309600 0.068600 0.234200 0.077000 0.093700 0.041500 0.071400 0.071600 0.091800 0.085200 0.084900 0.066300 0.028500 0.071200 0.058100 0.088200 0.099800 0.099800 0.063100 0.063300 0.088100 0.105800 0.096800 0.085200 0.066000 0.066300 0.071300 0.057800 0.068500 0.094500 0.000000 0.102900 0.069100 0.069100 0.068900 0.088100 0.077000 0.071300 0.105800 0.094400 0.052300 0.091800 0.094200 0.068900 0.080000 0.065800 0.063200 0.080100 0.105200 0.057600 0.068400
Pronghorn 0.111300 0.298500 0.077100 0.230800 0.085600 0.114000 0.097200 0.077400 0.077300 0.069300 0.105200 0.082400 0.080300 0.089300 0.090900 0.063800 0.062900 0.076900 0.120300 0.071500 0.074600 0.102500 0.080300 0.082200 0.105300 0.074600 0.080300 0.079500 0.063600 0.077000 0.077600 0.102900 0.000000 0.082700 0.074800 0.072000 0.102500 0.080100 0.088400 0.082800 0.074700 0.071700 0.074900 0.079700 0.072000 0.079800 0.077200 0.074400 0.097000 0.085400 0.071500 0.076900
BlueWildeb 0.052500 0.266800 0.047100 0.228900 0.044400 0.055200 0.074600 0.049900 0.049400 0.069500 0.047000 0.060400 0.012900 0.055700 0.049600 0.042000 0.066100 0.071800 0.060900 0.041700 0.041800 0.049800 0.083300 0.080100 0.047000 0.044500 0.012900 0.044300 0.036500 0.041600 0.072300 0.069100 0.082700 0.000000 0.020800 0.044600 0.044400 0.044500 0.049800 0.086100 0.077700 0.041800 0.069500 0.077600 0.044600 0.050000 0.033800 0.033800 0.055500 0.071400 0.041700 0.046900
Gemsbok 0.051500 0.260000 0.047100 0.231200 0.044500 0.054100 0.073900 0.049900 0.048100 0.061200 0.047000 0.060400 0.018100 0.055800 0.049600 0.042000 0.063400 0.069000 0.060900 0.041700 0.041900 0.049800 0.079500 0.077300 0.047100 0.044500 0.018100 0.043500 0.041900 0.041700 0.063900 0.069100 0.074800 0.020800 0.000000 0.044700 0.048600 0.044500 0.055200 0.083300 0.074900 0.041800 0.061200 0.074800 0.044700 0.048900 0.039100 0.039100 0.059500 0.071200 0.041700 0.046900
Yak 0.066200 0.277000 0.028500 0.219200 0.047100 0.068800 0.069000 0.039100 0.031200 0.075100 0.065900 0.028300 0.041900 0.055600 0.046900 0.031300 0.068900 0.080200 0.080200 0.023200 0.036400 0.063300 0.089000 0.085700 0.066000 0.039100 0.041900 0.023200 0.036400 0.028400 0.077800 0.068900 0.072000 0.044600 0.044700 0.000000 0.063300 0.047200 0.044300 0.088900 0.077700 0.036400 0.075100 0.077600 0.000000 0.052700 0.033700 0.041700 0.063600 0.074200 0.023200 0.028400
BlueSheep 0.023200 0.273900 0.065600 0.237100 0.052300 0.025800 0.082600 0.068500 0.068600 0.094400 0.012800 0.079100 0.047000 0.074700 0.062800 0.060700 0.085100 0.090900 0.041800 0.060200 0.055000 0.010200 0.108300 0.110700 0.012800 0.057700 0.047000 0.062800 0.055000 0.060100 0.091400 0.088100 0.102500 0.044400 0.048600 0.063300 0.000000 0.052300 0.068400 0.105500 0.096900 0.060300 0.094300 0.108200 0.063300 0.074300 0.052200 0.062900 0.079800 0.096100 0.060100 0.060000
BohorReedb 0.065900 0.269800 0.049500 0.234800 0.015400 0.068600 0.066200 0.052400 0.049700 0.072100 0.054900 0.060200 0.041800 0.063700 0.052100 0.041900 0.063200 0.074400 0.074400 0.044200 0.039000 0.052300 0.091400 0.091000 0.055000 0.039000 0.041800 0.052100 0.041700 0.049500 0.074800 0.077000 0.080100 0.044500 0.044500 0.047200 0.052300 0.000000 0.055000 0.094300 0.085800 0.044300 0.072000 0.091300 0.047100 0.055300 0.046900 0.046900 0.063400 0.082300 0.044200 0.049400
KirksDik 0.082300 0.283200 0.049500 0.221200 0.054900 0.084900 0.076900 0.052200 0.046900 0.080200 0.076500 0.049300 0.052400 0.063500 0.062800 0.039000 0.068600 0.085300 0.085200 0.044100 0.044200 0.073900 0.082800 0.085200 0.076500 0.041500 0.052400 0.052100 0.033600 0.049400 0.082900 0.071300 0.088400 0.049800 0.055200 0.044300 0.068400 0.055000 0.000000 0.096900 0.071700 0.038800 0.080200 0.088300 0.044300 0.057900 0.030900 0.046800 0.074200 0.085000 0.038800 0.049300
RoeDeer 0.108500 0.282700 0.094000 0.248300 0.099800 0.111300 0.117500 0.099900 0.094300 0.050200 0.102500 0.105100 0.088800 0.098000 0.093800 0.080700 0.066000 0.071700 0.117600 0.088300 0.085900 0.105500 0.055500 0.052500 0.102500 0.091400 0.088900 0.090700 0.085800 0.093900 0.047400 0.105800 0.082800 0.086100 0.083300 0.088900 0.105500 0.094300 0.096900 0.000000 0.055500 0.082800 0.050200 0.050000 0.088900 0.077600 0.094100 0.082800 0.105700 0.099700 0.082600 0.088100
WhiteLippe 0.111400 0.300500 0.080100 0.244300 0.085700 0.114100 0.106000 0.085800 0.080300 0.031400 0.099600 0.093800 0.074800 0.092300 0.085400 0.072300 0.057900 0.069000 0.120500 0.068900 0.077500 0.102700 0.020700 0.049800 0.099600 0.077400 0.080500 0.082400 0.066400 0.079900 0.034000 0.094400 0.074700 0.077700 0.074900 0.077700 0.096900 0.085800 0.071700 0.055500 0.000000 0.069000 0.031400 0.047300 0.077700 0.077600 0.069000 0.068900 0.094300 0.096800 0.068900 0.079800
ThomsonGaz 0.068500 0.275500 0.036200 0.205000 0.044200 0.071200 0.063200 0.038900 0.039000 0.066400 0.062900 0.052000 0.039100 0.049900 0.044000 0.031100 0.057700 0.068700 0.077000 0.030900 0.025800 0.054900 0.080000 0.076900 0.062900 0.017900 0.039100 0.038800 0.025700 0.036200 0.069100 0.052300 0.071700 0.041800 0.041800 0.036400 0.060300 0.044300 0.038800 0.082800 0.069000 0.000000 0.066300 0.074400 0.036400 0.052500 0.033600 0.036200 0.052400 0.068400 0.025700 0.036100
MuntiacusC 0.097300 0.294700 0.077400 0.234700 0.077500 0.100100 0.097600 0.083200 0.077600 0.005100 0.091400 0.091200 0.066700 0.081100 0.082800 0.069600 0.052600 0.060900 0.106300 0.071800 0.074900 0.094400 0.036700 0.044500 0.091400 0.074800 0.066700 0.079700 0.069300 0.077300 0.007700 0.091800 0.074900 0.069500 0.061200 0.075100 0.094300 0.072000 0.080200 0.050200 0.031400 0.066300 0.000000 0.042000 0.075100 0.075000 0.077500 0.069100 0.088800 0.091300 0.066200 0.077200
WhiteTaile 0.105500 0.311800 0.080000 0.235000 0.091200 0.108300 0.111600 0.085700 0.080200 0.042000 0.105200 0.088200 0.080300 0.092100 0.085300 0.072200 0.057800 0.066100 0.120300 0.074300 0.083000 0.108200 0.052700 0.023200 0.105200 0.082900 0.080300 0.082300 0.077400 0.074300 0.044600 0.094200 0.079700 0.077600 0.074800 0.077600 0.108200 0.091300 0.088300 0.050000 0.047300 0.074400 0.042000 0.000000 0.077600 0.077500 0.085600 0.074400 0.091300 0.096700 0.068800 0.074200
Cattle 0.066100 0.277000 0.028500 0.219200 0.047100 0.068800 0.069000 0.039100 0.031200 0.075100 0.065900 0.028300 0.041900 0.055600 0.046900 0.031300 0.068900 0.080200 0.080200 0.023200 0.036400 0.063300 0.088900 0.085700 0.065900 0.039100 0.041900 0.023200 0.036400 0.028400 0.077800 0.068900 0.072000 0.044600 0.044700 0.000000 0.063300 0.047100 0.044300 0.088900 0.077700 0.036400 0.075100 0.077600 0.000000 0.052700 0.033700 0.041700 0.063600 0.074200 0.023200 0.028400
RoyalAntel 0.077200 0.280100 0.054300 0.234900 0.055200 0.079900 0.080100 0.063400 0.051700 0.075000 0.066000 0.063100 0.047300 0.066600 0.052300 0.044700 0.063400 0.074600 0.085800 0.043300 0.049900 0.074400 0.088900 0.074500 0.066000 0.049900 0.052700 0.056200 0.044500 0.054300 0.077800 0.080000 0.079800 0.050000 0.048900 0.052700 0.074300 0.055300 0.057900 0.077600 0.077600 0.052500 0.075000 0.077500 0.052700 0.000000 0.057900 0.052400 0.060400 0.079700 0.048800 0.054200
Steenbok 0.065800 0.272400 0.044200 0.214600 0.046900 0.068400 0.065900 0.041500 0.047000 0.077500 0.060200 0.054600 0.036400 0.052600 0.052000 0.033800 0.068600 0.074200 0.074200 0.038800 0.033600 0.057600 0.080100 0.088100 0.060200 0.036300 0.036400 0.041400 0.028400 0.038800 0.080200 0.065800 0.077200 0.033800 0.039100 0.033700 0.052200 0.046900 0.030900 0.094100 0.069000 0.033600 0.077500 0.085600 0.033700 0.057900 0.000000 0.030900 0.063300 0.073900 0.038800 0.044100
Impala 0.065700 0.265300 0.041500 0.221300 0.046800 0.063000 0.071400 0.046900 0.044200 0.069100 0.060200 0.057400 0.031100 0.052700 0.044000 0.039100 0.063000 0.079700 0.074200 0.036100 0.039000 0.062900 0.074400 0.076900 0.060200 0.041600 0.031100 0.044000 0.038400 0.041400 0.071800 0.063200 0.074400 0.033800 0.039100 0.041700 0.062900 0.046900 0.046800 0.082800 0.068900 0.036200 0.069100 0.074400 0.041700 0.052400 0.030900 0.000000 0.052400 0.068300 0.036200 0.041300
Klipspring 0.077200 0.303400 0.060500 0.245000 0.063300 0.079800 0.085500 0.068900 0.068900 0.088800 0.077000 0.079500 0.052700 0.072300 0.063100 0.061000 0.079700 0.091200 0.088600 0.060500 0.049900 0.076500 0.102900 0.099500 0.077000 0.060700 0.052700 0.068600 0.055200 0.065900 0.091500 0.080100 0.097000 0.055500 0.059500 0.063600 0.079800 0.063400 0.074200 0.105700 0.094300 0.052400 0.088800 0.091300 0.063600 0.060400 0.063300 0.052400 0.000000 0.079600 0.060400 0.065800
ForestMusk 0.093400 0.302000 0.076500 0.234500 0.071100 0.096100 0.111000 0.085100 0.076700 0.091400 0.093200 0.087500 0.068600 0.091600 0.084700 0.077100 0.079200 0.090600 0.102200 0.070900 0.065500 0.090500 0.102500 0.099200 0.093200 0.076800 0.068600 0.073500 0.065700 0.070900 0.094100 0.105200 0.085400 0.071400 0.071200 0.074200 0.096100 0.082300 0.085000 0.099700 0.096800 0.068400 0.091300 0.096700 0.074200 0.079700 0.073900 0.068300 0.079600 0.000000 0.070900 0.076300
Bushbuck 0.063000 0.271700 0.010200 0.204900 0.044100 0.065600 0.068600 0.033600 0.012800 0.066200 0.062800 0.033400 0.039000 0.055300 0.038700 0.031100 0.060200 0.071300 0.076800 0.005100 0.036300 0.060200 0.074300 0.076700 0.062800 0.038900 0.039000 0.012700 0.033600 0.010200 0.068900 0.057600 0.071500 0.041700 0.041700 0.023200 0.060100 0.044200 0.038800 0.082600 0.068900 0.025700 0.066200 0.068800 0.023200 0.048800 0.038800 0.036200 0.060400 0.070900 0.000000 0.010100
GreaterKud 0.062800 0.278300 0.010200 0.217700 0.049400 0.065500 0.074000 0.038800 0.017900 0.077200 0.062600 0.038600 0.044200 0.060700 0.038600 0.036400 0.071100 0.082300 0.076700 0.010100 0.041500 0.060000 0.085300 0.082200 0.062700 0.044100 0.044200 0.017800 0.038800 0.010000 0.074300 0.068400 0.076900 0.046900 0.046900 0.028400 0.060000 0.049400 0.049300 0.088100 0.079800 0.036100 0.077200 0.074200 0.028400 0.054200 0.044100 0.041300 0.065800 0.076300 0.010100 0.000000
