1
52 1
Argali 0.000000 0.089200 0.034900 0.130300 0.017800 0.000000 0.026400 0.036500 0.055600 0.036500 0.000000 0.018000 0.027000 0.036200 0.055900 0.027100 0.036600 0.027200 0.000000 0.045800 0.018100 0.008600 0.027100 0.118200 0.000000 0.036600 0.035900 0.045800 0.027100 0.045800 0.045300 0.027000 0.017900 0.026900 0.008700 0.009000 0.008700 0.026200 0.018000 0.073400 0.018000 0.026300 0.036500 0.054700 0.008900 0.046000 0.017500 0.008700 0.036600 0.036300 0.045800 0.045800
LesserMous 0.089200 0.000000 0.090800 0.124700 0.089200 0.089200 0.079300 0.069500 0.112400 0.111800 0.089200 0.089600 0.099600 0.089600 0.121500 0.058800 0.110000 0.100500 0.089300 0.100800 0.069400 0.099100 0.100600 0.224400 0.089200 0.069400 0.109700 0.100800 0.058800 0.100800 0.120600 0.079300 0.068900 0.099500 0.079000 0.079500 0.089700 0.078600 0.069200 0.131100 0.089800 0.079800 0.111800 0.131600 0.079000 0.101300 0.069200 0.079000 0.069900 0.090000 0.100800 0.100800
LesserKudu 0.034900 0.090800 0.000000 0.132600 0.035900 0.036600 0.026700 0.037100 0.017800 0.046400 0.036600 0.036800 0.046200 0.036800 0.076500 0.027500 0.056300 0.046500 0.036800 0.008800 0.018400 0.045800 0.046400 0.140100 0.036600 0.037200 0.055300 0.008800 0.027500 0.008800 0.065100 0.027500 0.036700 0.043400 0.027400 0.027600 0.046200 0.045900 0.017700 0.074600 0.036800 0.027600 0.046400 0.055500 0.027400 0.046700 0.017700 0.027400 0.035300 0.036900 0.008800 0.008800
KillerWhal 0.130300 0.124700 0.132600 0.000000 0.130200 0.130300 0.120200 0.132100 0.155100 0.154200 0.130300 0.130800 0.141100 0.130900 0.164500 0.120200 0.152500 0.142100 0.130300 0.142700 0.110200 0.118900 0.142300 0.257400 0.130300 0.131800 0.151300 0.142700 0.120200 0.142700 0.162600 0.120200 0.130700 0.140900 0.119700 0.120500 0.141800 0.140800 0.109800 0.162300 0.131000 0.120800 0.154200 0.163000 0.119700 0.143400 0.109800 0.119700 0.110800 0.131400 0.142700 0.142700
DefassaWat 0.017800 0.089200 0.035900 0.130200 0.000000 0.017300 0.008900 0.035400 0.055600 0.036500 0.017800 0.017400 0.027000 0.017800 0.055900 0.026400 0.036500 0.027200 0.017900 0.045700 0.018100 0.026000 0.027100 0.138000 0.017300 0.036500 0.035900 0.043000 0.026400 0.045700 0.045200 0.008900 0.017900 0.026900 0.008900 0.009000 0.027000 0.008800 0.018000 0.073300 0.017900 0.027100 0.036500 0.054600 0.008900 0.045900 0.018000 0.008600 0.036500 0.036300 0.044200 0.045200
Sheep 0.000000 0.089200 0.036600 0.130300 0.017300 0.000000 0.026200 0.036500 0.052100 0.036500 0.000000 0.017900 0.027000 0.036200 0.055900 0.027100 0.036600 0.027200 0.000000 0.045800 0.018100 0.008800 0.027100 0.118000 0.000000 0.036600 0.035900 0.045800 0.027100 0.045800 0.043900 0.027000 0.017300 0.026900 0.008900 0.009000 0.008700 0.026900 0.017400 0.073400 0.017300 0.027200 0.036500 0.054700 0.008600 0.046000 0.018000 0.008900 0.036600 0.036300 0.045800 0.045800
MaxwellsDu 0.026400 0.079300 0.026700 0.120200 0.008900 0.026200 0.000000 0.027400 0.046300 0.046100 0.026600 0.027100 0.036400 0.008700 0.065900 0.018000 0.046200 0.036600 0.027200 0.036600 0.009000 0.036000 0.036500 0.148700 0.027000 0.027400 0.045300 0.036600 0.018000 0.036600 0.054800 0.000000 0.027100 0.036200 0.017400 0.018100 0.036400 0.017300 0.009000 0.064200 0.027200 0.018100 0.043500 0.064400 0.017400 0.036800 0.008800 0.017500 0.027400 0.027300 0.036600 0.035800
GazellaPrz 0.036500 0.069500 0.037100 0.132100 0.035400 0.036500 0.027400 0.000000 0.056400 0.056100 0.036500 0.036600 0.046000 0.036700 0.076300 0.009000 0.056100 0.046300 0.036700 0.046400 0.018300 0.043000 0.046200 0.160200 0.035100 0.018300 0.055100 0.043800 0.008900 0.046400 0.064800 0.027400 0.036600 0.045800 0.027300 0.027500 0.035300 0.027200 0.018200 0.074400 0.036700 0.027300 0.056100 0.074600 0.027300 0.046600 0.018200 0.027300 0.037100 0.036800 0.046400 0.046400
MountainNy 0.055600 0.112400 0.017800 0.155100 0.055600 0.052100 0.046300 0.056400 0.000000 0.065800 0.055600 0.055800 0.065400 0.055900 0.086500 0.046400 0.076000 0.065800 0.055800 0.008800 0.037200 0.064800 0.065700 0.160800 0.055600 0.056400 0.074600 0.008700 0.046400 0.009000 0.085200 0.046300 0.055700 0.065100 0.046100 0.046600 0.065500 0.065100 0.037000 0.094400 0.055900 0.046500 0.065800 0.074800 0.046100 0.066200 0.037000 0.046100 0.056400 0.056100 0.008700 0.009000
MuntiacusM 0.036500 0.111800 0.046400 0.154200 0.036500 0.036500 0.046100 0.056100 0.065800 0.000000 0.036500 0.036700 0.046100 0.055600 0.076300 0.046100 0.056100 0.046300 0.036700 0.055700 0.037000 0.045600 0.027400 0.139200 0.036500 0.056100 0.055100 0.055700 0.043800 0.055700 0.027200 0.046100 0.036600 0.045900 0.027300 0.027500 0.043700 0.045800 0.036800 0.074100 0.018100 0.046100 0.000000 0.055200 0.026400 0.065900 0.036800 0.026500 0.056200 0.055800 0.055700 0.055900
goat 0.000000 0.089200 0.036600 0.130300 0.017800 0.000000 0.026600 0.036500 0.055600 0.036500 0.000000 0.017900 0.027000 0.036200 0.055900 0.027100 0.036600 0.027200 0.000000 0.045800 0.018100 0.008600 0.027100 0.118200 0.000000 0.036600 0.035900 0.045800 0.026100 0.045800 0.045300 0.027000 0.017400 0.026900 0.008700 0.009000 0.008700 0.026900 0.017500 0.073400 0.017400 0.026200 0.036500 0.054700 0.008700 0.046000 0.017500 0.008700 0.034700 0.036300 0.045800 0.044400
AfricanBuf 0.018000 0.089600 0.036800 0.130800 0.017400 0.017900 0.027100 0.036600 0.055800 0.036700 0.017900 0.000000 0.027100 0.036300 0.056200 0.027100 0.018200 0.009000 0.018000 0.045900 0.018100 0.026900 0.027200 0.138100 0.017900 0.036700 0.036000 0.045900 0.027100 0.045900 0.044100 0.027100 0.018000 0.027000 0.008700 0.009000 0.027100 0.026900 0.017500 0.073500 0.018000 0.027300 0.036700 0.054800 0.008900 0.027400 0.017500 0.008900 0.036700 0.036500 0.045900 0.043100
Topi 0.027000 0.099600 0.046200 0.141100 0.027000 0.027000 0.036400 0.046000 0.065400 0.046100 0.027000 0.027100 0.000000 0.045700 0.065500 0.036400 0.045900 0.036400 0.027000 0.055400 0.027300 0.036000 0.036400 0.138700 0.027000 0.045900 0.008800 0.055400 0.036400 0.055400 0.036200 0.036400 0.027100 0.000000 0.017900 0.018000 0.036400 0.036100 0.027200 0.073200 0.027200 0.036500 0.046100 0.064300 0.017900 0.055600 0.027200 0.017900 0.036500 0.027200 0.055400 0.055400
CommonDuik 0.036200 0.089600 0.036800 0.130900 0.017800 0.036200 0.008700 0.036700 0.055900 0.055600 0.036200 0.036300 0.045700 0.000000 0.075300 0.027200 0.055600 0.045900 0.036400 0.046000 0.018200 0.045200 0.045800 0.158900 0.036200 0.036700 0.054600 0.046000 0.027200 0.046000 0.064300 0.008900 0.036300 0.045500 0.027100 0.027300 0.045700 0.026300 0.017500 0.073700 0.036400 0.027300 0.055600 0.073900 0.027100 0.043500 0.018100 0.027100 0.036700 0.036500 0.046000 0.046000
Suni 0.055900 0.121500 0.076500 0.164500 0.055900 0.055900 0.065900 0.076300 0.086500 0.076300 0.055900 0.056200 0.065500 0.075300 0.000000 0.065900 0.056700 0.066100 0.055900 0.086000 0.056500 0.065200 0.066100 0.181600 0.055900 0.076100 0.074900 0.086000 0.065900 0.086000 0.084900 0.065900 0.056100 0.065500 0.046400 0.046700 0.065800 0.065400 0.056300 0.114700 0.056200 0.066200 0.076300 0.094900 0.046400 0.086500 0.056300 0.046400 0.076500 0.075900 0.086000 0.086000
Springbuck 0.027100 0.058800 0.027500 0.120200 0.026400 0.027100 0.018000 0.009000 0.046400 0.046100 0.027100 0.027100 0.036400 0.027200 0.065900 0.000000 0.046200 0.036600 0.027200 0.036600 0.009000 0.034200 0.036500 0.148800 0.027100 0.009000 0.045300 0.036600 0.000000 0.035000 0.054900 0.017600 0.027100 0.036200 0.018000 0.018100 0.027200 0.017500 0.009000 0.064200 0.027200 0.017600 0.046100 0.064400 0.018000 0.036800 0.008800 0.018000 0.027400 0.027300 0.036600 0.036600
Okapi 0.036600 0.110000 0.056300 0.152500 0.036500 0.036600 0.046200 0.056100 0.076000 0.056100 0.036600 0.018200 0.045900 0.055600 0.056700 0.046200 0.000000 0.026200 0.036500 0.065600 0.036900 0.045700 0.046300 0.159400 0.036600 0.056000 0.055100 0.065600 0.046200 0.065600 0.064800 0.046200 0.036700 0.045900 0.027300 0.027500 0.046100 0.045800 0.036800 0.093800 0.036800 0.046400 0.056100 0.074500 0.027300 0.046700 0.036800 0.027300 0.056200 0.036800 0.065600 0.065600
Giraffe 0.027200 0.100500 0.046500 0.142100 0.027200 0.027200 0.036600 0.046300 0.065800 0.046300 0.027200 0.009000 0.036400 0.045900 0.066100 0.036600 0.026200 0.000000 0.027100 0.055700 0.027400 0.036200 0.036700 0.148900 0.027200 0.046200 0.045500 0.055700 0.036600 0.055700 0.055000 0.036600 0.027300 0.036400 0.018100 0.018100 0.036600 0.036300 0.027400 0.083600 0.027300 0.036800 0.046300 0.064600 0.018100 0.037000 0.027400 0.018100 0.046400 0.046100 0.055700 0.055700
TibetanAnt 0.000000 0.089300 0.036800 0.130300 0.017900 0.000000 0.027200 0.036700 0.055800 0.036700 0.000000 0.018000 0.027000 0.036400 0.055900 0.027200 0.036500 0.027100 0.000000 0.046000 0.018100 0.008900 0.027200 0.118700 0.000000 0.036600 0.036100 0.046000 0.027200 0.046000 0.045400 0.027200 0.018000 0.027000 0.008900 0.009000 0.008900 0.027000 0.018000 0.073700 0.018000 0.027300 0.036700 0.054900 0.008900 0.046100 0.018000 0.008900 0.036700 0.036500 0.046000 0.046000
Sitatunga 0.045800 0.100800 0.008800 0.142700 0.045700 0.045800 0.036600 0.046400 0.008800 0.055700 0.045800 0.045900 0.055400 0.046000 0.086000 0.036600 0.065600 0.055700 0.046000 0.000000 0.027500 0.054900 0.055600 0.149500 0.045800 0.046400 0.064400 0.000000 0.036600 0.000000 0.074300 0.035300 0.045900 0.055100 0.036500 0.036800 0.055400 0.055100 0.027400 0.083900 0.043500 0.036800 0.052200 0.064600 0.036500 0.056000 0.027400 0.036500 0.046400 0.046100 0.000000 0.000000
Oribi 0.018100 0.069400 0.018400 0.110200 0.018100 0.018100 0.009000 0.018300 0.037200 0.037000 0.018100 0.018100 0.027300 0.018200 0.056500 0.009000 0.036900 0.027400 0.018100 0.027500 0.000000 0.027100 0.027500 0.139700 0.018100 0.018200 0.036400 0.027500 0.009000 0.027500 0.045800 0.009000 0.018100 0.027200 0.009000 0.009100 0.027400 0.027200 0.000000 0.055200 0.018200 0.009100 0.037000 0.055300 0.009000 0.027700 0.000000 0.009000 0.018400 0.018200 0.027500 0.027500
BarbaryShe 0.008600 0.099100 0.045800 0.118900 0.026000 0.008800 0.036000 0.043000 0.064800 0.045600 0.008600 0.026900 0.036000 0.045200 0.065200 0.034200 0.045700 0.036200 0.008900 0.054900 0.027100 0.000000 0.036100 0.127300 0.008800 0.045700 0.044900 0.054900 0.036000 0.054900 0.054300 0.036000 0.026000 0.035800 0.017800 0.017900 0.017800 0.035800 0.026900 0.082500 0.026900 0.036200 0.045600 0.063700 0.017800 0.055100 0.026900 0.017800 0.045700 0.045400 0.054900 0.054900
Daviddeer 0.027100 0.100600 0.046400 0.142300 0.027100 0.027100 0.036500 0.046200 0.065700 0.027400 0.027100 0.027200 0.036400 0.045800 0.066100 0.036500 0.046300 0.036700 0.027200 0.055600 0.027500 0.036100 0.000000 0.128300 0.027100 0.046300 0.045400 0.055600 0.036500 0.055600 0.036100 0.036500 0.027200 0.034800 0.017400 0.018200 0.036500 0.036200 0.027300 0.064100 0.009000 0.035800 0.027400 0.045500 0.017400 0.055800 0.027300 0.018000 0.046300 0.046000 0.051900 0.055600
Reindeer 0.118200 0.224400 0.140100 0.257400 0.138000 0.118000 0.148700 0.160200 0.160800 0.139200 0.118200 0.138100 0.138700 0.158900 0.181600 0.148800 0.159400 0.148900 0.118700 0.149500 0.139700 0.127300 0.128300 0.000000 0.118200 0.160100 0.147700 0.149500 0.148800 0.149500 0.147600 0.148700 0.138100 0.138100 0.128200 0.129400 0.128600 0.147900 0.138800 0.108300 0.118500 0.148900 0.139200 0.079700 0.128200 0.170400 0.138800 0.128200 0.149700 0.159000 0.149500 0.149500
Ibex 0.000000 0.089200 0.036600 0.130300 0.017300 0.000000 0.027000 0.035100 0.055600 0.036500 0.000000 0.017900 0.027000 0.036200 0.055900 0.027100 0.036600 0.027200 0.000000 0.045800 0.018100 0.008800 0.027100 0.118200 0.000000 0.036600 0.034700 0.045800 0.026200 0.045800 0.045300 0.026000 0.017900 0.026300 0.008700 0.009000 0.008900 0.026900 0.017400 0.073400 0.018000 0.027200 0.036500 0.054700 0.008700 0.046000 0.017500 0.008700 0.036600 0.034900 0.045800 0.045800
GyrantGaze 0.036600 0.069400 0.037200 0.131800 0.036500 0.036600 0.027400 0.018300 0.056400 0.056100 0.036600 0.036700 0.045900 0.036700 0.076100 0.009000 0.056000 0.046200 0.036600 0.046400 0.018200 0.045700 0.046300 0.160100 0.036600 0.000000 0.055100 0.046400 0.009000 0.046400 0.064800 0.027400 0.036600 0.045900 0.027300 0.027500 0.036700 0.027200 0.018200 0.074400 0.036800 0.009100 0.056100 0.074600 0.027300 0.046600 0.018200 0.027300 0.037100 0.036900 0.046400 0.046400
Hartebeest 0.035900 0.109700 0.055300 0.151300 0.035900 0.035900 0.045300 0.055100 0.074600 0.055100 0.035900 0.036000 0.008800 0.054600 0.074900 0.045300 0.055100 0.045500 0.036100 0.064400 0.036400 0.044900 0.045400 0.147700 0.034700 0.055100 0.000000 0.064400 0.045300 0.064400 0.045100 0.045300 0.036000 0.008800 0.026800 0.027100 0.043000 0.045000 0.036100 0.082100 0.036100 0.045500 0.055100 0.073300 0.026800 0.064700 0.036100 0.026800 0.045400 0.036200 0.064400 0.064400
Bongo 0.045800 0.100800 0.008800 0.142700 0.043000 0.045800 0.036600 0.043800 0.008700 0.055700 0.045800 0.045900 0.055400 0.046000 0.086000 0.036600 0.065600 0.055700 0.046000 0.000000 0.027500 0.054900 0.055600 0.149500 0.045800 0.046400 0.064400 0.000000 0.036600 0.000000 0.074300 0.036600 0.045900 0.055100 0.036500 0.036800 0.055400 0.055100 0.027400 0.083900 0.046000 0.036800 0.052300 0.064600 0.036500 0.056000 0.027400 0.036500 0.046400 0.046100 0.000000 0.000000
Gerenuk 0.027100 0.058800 0.027500 0.120200 0.026400 0.027100 0.018000 0.008900 0.046400 0.043800 0.026100 0.027100 0.036400 0.027200 0.065900 0.000000 0.046200 0.036600 0.027200 0.036600 0.009000 0.036000 0.036500 0.148800 0.026200 0.009000 0.045300 0.036600 0.000000 0.036600 0.053300 0.017600 0.027100 0.036200 0.018000 0.018100 0.027200 0.017600 0.009000 0.064200 0.027200 0.017700 0.046100 0.064400 0.017400 0.036800 0.009000 0.017600 0.027400 0.027300 0.035000 0.036600
CommonElan 0.045800 0.100800 0.008800 0.142700 0.045700 0.045800 0.036600 0.046400 0.009000 0.055700 0.045800 0.045900 0.055400 0.046000 0.086000 0.035000 0.065600 0.055700 0.046000 0.000000 0.027500 0.054900 0.055600 0.149500 0.045800 0.046400 0.064400 0.000000 0.036600 0.000000 0.074300 0.036600 0.045900 0.055100 0.036500 0.036800 0.055400 0.055100 0.027400 0.083900 0.046000 0.035800 0.055700 0.064600 0.036500 0.056000 0.026800 0.036500 0.046400 0.046100 0.000000 0.000000
MuntiacusR 0.045300 0.120600 0.065100 0.162600 0.045200 0.043900 0.054800 0.064800 0.085200 0.027200 0.045300 0.044100 0.036200 0.064300 0.084900 0.054900 0.064800 0.055000 0.045400 0.074300 0.045800 0.054300 0.036100 0.147600 0.045300 0.064800 0.045100 0.074300 0.053300 0.074300 0.000000 0.054800 0.044200 0.036000 0.036100 0.036400 0.054800 0.054500 0.045500 0.082600 0.025900 0.055000 0.026400 0.063800 0.036100 0.074500 0.045200 0.036100 0.064900 0.045600 0.074300 0.074300
HarveysDui 0.027000 0.079300 0.027500 0.120200 0.008900 0.027000 0.000000 0.027400 0.046300 0.046100 0.027000 0.027100 0.036400 0.008900 0.065900 0.017600 0.046200 0.036600 0.027200 0.035300 0.009000 0.036000 0.036500 0.148700 0.026000 0.027400 0.045300 0.036600 0.017600 0.036600 0.054800 0.000000 0.027100 0.036100 0.018000 0.018100 0.035100 0.017800 0.009000 0.064200 0.027200 0.017500 0.046100 0.064400 0.017400 0.036800 0.009000 0.018000 0.027400 0.027300 0.036600 0.036600
Pronghorn 0.017900 0.068900 0.036700 0.130700 0.017900 0.017300 0.027100 0.036600 0.055700 0.036600 0.017400 0.018000 0.027100 0.036300 0.056100 0.027100 0.036700 0.027300 0.018000 0.045900 0.018100 0.026000 0.027200 0.138100 0.017900 0.036600 0.036000 0.045900 0.027100 0.045900 0.044200 0.027100 0.000000 0.027000 0.008700 0.009000 0.027100 0.026900 0.017500 0.073500 0.017500 0.027200 0.036600 0.054700 0.008900 0.046100 0.017500 0.008900 0.036700 0.036400 0.045900 0.045900
BlueWildeb 0.026900 0.099500 0.043400 0.140900 0.026900 0.026900 0.036200 0.045800 0.065100 0.045900 0.026900 0.027000 0.000000 0.045500 0.065500 0.036200 0.045900 0.036400 0.027000 0.055100 0.027200 0.035800 0.034800 0.138100 0.026300 0.045900 0.008800 0.055100 0.036200 0.055100 0.036000 0.036100 0.027000 0.000000 0.017900 0.018000 0.036200 0.036000 0.027100 0.072900 0.026300 0.036300 0.045900 0.064100 0.017900 0.055400 0.027100 0.017900 0.036300 0.027100 0.051600 0.055100
Gemsbok 0.008700 0.079000 0.027400 0.119700 0.008900 0.008900 0.017400 0.027300 0.046100 0.027300 0.008700 0.008700 0.017900 0.027100 0.046400 0.018000 0.027300 0.018100 0.008900 0.036500 0.009000 0.017800 0.017400 0.128200 0.008700 0.027300 0.026800 0.036500 0.018000 0.036500 0.036100 0.018000 0.008700 0.017900 0.000000 0.000000 0.018000 0.017800 0.008700 0.063900 0.008700 0.017600 0.027300 0.045300 0.000000 0.034900 0.008800 0.000000 0.026500 0.027100 0.036500 0.036500
Yak 0.009000 0.079500 0.027600 0.120500 0.009000 0.009000 0.018100 0.027500 0.046600 0.027500 0.009000 0.009000 0.018000 0.027300 0.046700 0.018100 0.027500 0.018100 0.009000 0.036800 0.009100 0.017900 0.018200 0.129400 0.009000 0.027500 0.027100 0.036800 0.018100 0.036800 0.036400 0.018100 0.009000 0.018000 0.000000 0.000000 0.018100 0.018000 0.009000 0.064500 0.009000 0.018200 0.027500 0.045800 0.000000 0.037000 0.009000 0.000000 0.027600 0.027400 0.036800 0.036800
BlueSheep 0.008700 0.089700 0.046200 0.141800 0.027000 0.008700 0.036400 0.035300 0.065500 0.043700 0.008700 0.027100 0.036400 0.045700 0.065800 0.027200 0.046100 0.036600 0.008900 0.055400 0.027400 0.017800 0.036500 0.128600 0.008900 0.036700 0.043000 0.055400 0.027200 0.055400 0.054800 0.035100 0.027100 0.036200 0.018000 0.018100 0.000000 0.027000 0.026000 0.083400 0.026400 0.036500 0.046100 0.064400 0.017600 0.055700 0.026000 0.017500 0.046200 0.043500 0.055400 0.055400
BohorReedb 0.026200 0.078600 0.045900 0.140800 0.008800 0.026900 0.017300 0.027200 0.065100 0.045800 0.026900 0.026900 0.036100 0.026300 0.065400 0.017500 0.045800 0.036300 0.027000 0.055100 0.027200 0.035800 0.036200 0.147900 0.026900 0.027200 0.045000 0.055100 0.017600 0.055100 0.054500 0.017800 0.026900 0.036000 0.017800 0.018000 0.027000 0.000000 0.027000 0.082800 0.027000 0.036300 0.045800 0.064000 0.017300 0.055300 0.027000 0.017800 0.045800 0.045500 0.055100 0.055100
KirksDik 0.018000 0.069200 0.017700 0.109800 0.018000 0.017400 0.009000 0.018200 0.037000 0.036800 0.017500 0.017500 0.027200 0.017500 0.056300 0.009000 0.036800 0.027400 0.018000 0.027400 0.000000 0.026900 0.027300 0.138800 0.017400 0.018200 0.036100 0.027400 0.009000 0.027400 0.045500 0.009000 0.017500 0.027100 0.008700 0.009000 0.026000 0.027000 0.000000 0.054800 0.017600 0.009000 0.036800 0.055000 0.008800 0.027500 0.000000 0.009000 0.017900 0.018100 0.027400 0.026300
RoeDeer 0.073400 0.131100 0.074600 0.162300 0.073300 0.073400 0.064200 0.074400 0.094400 0.074100 0.073400 0.073500 0.073200 0.073700 0.114700 0.064200 0.093800 0.083600 0.073700 0.083900 0.055200 0.082500 0.064100 0.108300 0.073400 0.074400 0.082100 0.083900 0.064200 0.083900 0.082600 0.064200 0.073500 0.072900 0.063900 0.064500 0.083400 0.082800 0.054800 0.000000 0.054600 0.064400 0.074100 0.054300 0.063900 0.084100 0.054800 0.063900 0.054900 0.073900 0.083900 0.083900
WhiteLippe 0.018000 0.089800 0.036800 0.131000 0.017900 0.017300 0.027200 0.036700 0.055900 0.018100 0.017400 0.018000 0.027200 0.036400 0.056200 0.027200 0.036800 0.027300 0.018000 0.043500 0.018200 0.026900 0.009000 0.118500 0.018000 0.036800 0.036100 0.046000 0.027200 0.046000 0.025900 0.027200 0.017500 0.026300 0.008700 0.009000 0.026400 0.027000 0.017600 0.054600 0.000000 0.027300 0.018100 0.036100 0.008900 0.046200 0.018100 0.008900 0.035000 0.036500 0.046000 0.046000
ThomsonGaz 0.026300 0.079800 0.027600 0.120800 0.027100 0.027200 0.018100 0.027300 0.046500 0.046100 0.026200 0.027300 0.036500 0.027300 0.066200 0.017600 0.046400 0.036800 0.027300 0.036800 0.009100 0.036200 0.035800 0.148900 0.027200 0.009100 0.045500 0.036800 0.017700 0.035800 0.055000 0.017500 0.027200 0.036300 0.017600 0.018200 0.036500 0.036300 0.009000 0.064400 0.027300 0.000000 0.046300 0.064600 0.018000 0.036900 0.008800 0.017500 0.027600 0.027400 0.036800 0.036800
MuntiacusC 0.036500 0.111800 0.046400 0.154200 0.036500 0.036500 0.043500 0.056100 0.065800 0.000000 0.036500 0.036700 0.046100 0.055600 0.076300 0.046100 0.056100 0.046300 0.036700 0.052200 0.037000 0.045600 0.027400 0.139200 0.036500 0.056100 0.055100 0.052300 0.046100 0.055700 0.026400 0.046100 0.036600 0.045900 0.027300 0.027500 0.046100 0.045800 0.036800 0.074100 0.018100 0.046300 0.000000 0.055200 0.027300 0.065900 0.036800 0.027300 0.056200 0.055800 0.055700 0.055700
WhiteTaile 0.054700 0.131600 0.055500 0.163000 0.054600 0.054700 0.064400 0.074600 0.074800 0.055200 0.054700 0.054800 0.064300 0.073900 0.094900 0.064400 0.074500 0.064600 0.054900 0.064600 0.055300 0.063700 0.045500 0.079700 0.054700 0.074600 0.073300 0.064600 0.064400 0.064600 0.063800 0.064400 0.054700 0.064100 0.045300 0.045800 0.064400 0.064000 0.055000 0.054300 0.036100 0.064600 0.055200 0.000000 0.045300 0.084400 0.055000 0.045300 0.074600 0.074100 0.064600 0.063900
Cattle 0.008900 0.079000 0.027400 0.119700 0.008900 0.008600 0.017400 0.027300 0.046100 0.026400 0.008700 0.008900 0.017900 0.027100 0.046400 0.018000 0.027300 0.018100 0.008900 0.036500 0.009000 0.017800 0.017400 0.128200 0.008700 0.027300 0.026800 0.036500 0.017400 0.036500 0.036100 0.017400 0.008900 0.017900 0.000000 0.000000 0.017600 0.017300 0.008800 0.063900 0.008900 0.018000 0.027300 0.045300 0.000000 0.036600 0.008700 0.000000 0.027300 0.027100 0.036500 0.036500
RoyalAntel 0.046000 0.101300 0.046700 0.143400 0.045900 0.046000 0.036800 0.046600 0.066200 0.065900 0.046000 0.027400 0.055600 0.043500 0.086500 0.036800 0.046700 0.037000 0.046100 0.056000 0.027700 0.055100 0.055800 0.170400 0.046000 0.046600 0.064700 0.056000 0.036800 0.056000 0.074500 0.036800 0.046100 0.055400 0.034900 0.037000 0.055700 0.055300 0.027500 0.084100 0.046200 0.036900 0.065900 0.084400 0.036600 0.000000 0.026800 0.036600 0.044200 0.046300 0.056000 0.056000
Steenbok 0.017500 0.069200 0.017700 0.109800 0.018000 0.018000 0.008800 0.018200 0.037000 0.036800 0.017500 0.017500 0.027200 0.018100 0.056300 0.008800 0.036800 0.027400 0.018000 0.027400 0.000000 0.026900 0.027300 0.138800 0.017500 0.018200 0.036100 0.027400 0.009000 0.026800 0.045200 0.009000 0.017500 0.027100 0.008800 0.009000 0.026000 0.027000 0.000000 0.054800 0.018100 0.008800 0.036800 0.055000 0.008700 0.026800 0.000000 0.008700 0.017800 0.017400 0.027400 0.027400
Impala 0.008700 0.079000 0.027400 0.119700 0.008600 0.008900 0.017500 0.027300 0.046100 0.026500 0.008700 0.008900 0.017900 0.027100 0.046400 0.018000 0.027300 0.018100 0.008900 0.036500 0.009000 0.017800 0.018000 0.128200 0.008700 0.027300 0.026800 0.036500 0.017600 0.036500 0.036100 0.018000 0.008900 0.017900 0.000000 0.000000 0.017500 0.017800 0.009000 0.063900 0.008900 0.017500 0.027300 0.045300 0.000000 0.036600 0.008700 0.000000 0.026300 0.027100 0.036500 0.034400
Klipspring 0.036600 0.069900 0.035300 0.110800 0.036500 0.036600 0.027400 0.037100 0.056400 0.056200 0.034700 0.036700 0.036500 0.036700 0.076500 0.027400 0.056200 0.046400 0.036700 0.046400 0.018400 0.045700 0.046300 0.149700 0.036600 0.037100 0.045400 0.046400 0.027400 0.046400 0.064900 0.027400 0.036700 0.036300 0.026500 0.027600 0.046200 0.045800 0.017900 0.054900 0.035000 0.027600 0.056200 0.074600 0.027300 0.044200 0.017800 0.026300 0.000000 0.036900 0.046400 0.046400
ForestMusk 0.036300 0.090000 0.036900 0.131400 0.036300 0.036300 0.027300 0.036800 0.056100 0.055800 0.036300 0.036500 0.027200 0.036500 0.075900 0.027300 0.036800 0.046100 0.036500 0.046100 0.018200 0.045400 0.046000 0.159000 0.034900 0.036900 0.036200 0.046100 0.027300 0.046100 0.045600 0.027300 0.036400 0.027100 0.027100 0.027400 0.043500 0.045500 0.018100 0.073900 0.036500 0.027400 0.055800 0.074100 0.027100 0.046300 0.017400 0.027100 0.036900 0.000000 0.043500 0.046100
Bushbuck 0.045800 0.100800 0.008800 0.142700 0.044200 0.045800 0.036600 0.046400 0.008700 0.055700 0.045800 0.045900 0.055400 0.046000 0.086000 0.036600 0.065600 0.055700 0.046000 0.000000 0.027500 0.054900 0.051900 0.149500 0.045800 0.046400 0.064400 0.000000 0.035000 0.000000 0.074300 0.036600 0.045900 0.051600 0.036500 0.036800 0.055400 0.055100 0.027400 0.083900 0.046000 0.036800 0.055700 0.064600 0.036500 0.056000 0.027400 0.036500 0.046400 0.043500 0.000000 0.000000
GreaterKud 0.045800 0.100800 0.008800 0.142700 0.045200 0.045800 0.035800 0.046400 0.009000 0.055900 0.044400 0.043100 0.055400 0.046000 0.086000 0.036600 0.065600 0.055700 0.046000 0.000000 0.027500 0.054900 0.055600 0.149500 0.045800 0.046400 0.064400 0.000000 0.036600 0.000000 0.074300 0.036600 0.045900 0.055100 0.036500 0.036800 0.055400 0.055100 0.026300 0.083900 0.046000 0.036800 0.055700 0.063900 0.036500 0.056000 0.027400 0.034400 0.046400 0.046100 0.000000 0.000000
