CODONML (in paml version 4.10.7, June 2023)  /home/rachel/ruminants_paml/6406-phy-tree/ENSBTAT00000048357.fasta.phy
Model: free dN/dS Ratios for branches,  kappa = 2.000 fixed

Codon frequency model: F3x4
ns =  54  ls = 100

Codon usage in sequences
--------------------------------------------------------------------------------------------------------------------------------------
Phe TTT   2   2   2   2   2   2 | Ser TCT   0   1   3   1   0   3 | Tyr TAT   2   2   2   2   2   2 | Cys TGT   0   0   0   0   0   0
    TTC   5   5   5   5   5   5 |     TCC   2   1   0   1   1   0 |     TAC   0   0   0   0   0   0 |     TGC   0   0   0   0   0   0
Leu TTA   2   2   2   2   1   2 |     TCA   1   1   1   2   2   1 | *** TAA   0   0   0   0   0   0 | *** TGA   0   0   0   0   0   0
    TTG   2   1   1   1   1   1 |     TCG   1   1   0   0   1   0 |     TAG   0   0   0   0   0   0 | Trp TGG   0   0   0   0   0   0
--------------------------------------------------------------------------------------------------------------------------------------
Leu CTT   5   6   5   6   7   5 | Pro CCT   1   0   1   1   1   1 | His CAT   0   0   0   0   0   0 | Arg CGT   1   1   1   1   1   1
    CTC   6   6   6   5   6   7 |     CCC   1   2   1   1   1   1 |     CAC   0   0   0   0   0   0 |     CGC   1   1   1   1   1   1
    CTA   0   0   0   0   1   0 |     CCA   0   0   0   0   0   0 | Gln CAA   0   0   0   0   0   0 |     CGA   0   0   0   0   0   0
    CTG   5   5   6   6   4   5 |     CCG   0   0   0   0   0   0 |     CAG   2   2   2   2   2   2 |     CGG   0   0   0   0   0   0
--------------------------------------------------------------------------------------------------------------------------------------
Ile ATT   0   0   0   0   0   1 | Thr ACT   1   0   1   1   1   1 | Asn AAT   1   1   1   1   1   2 | Ser AGT   2   2   2   2   2   2
    ATC   3   3   3   3   3   2 |     ACC   3   4   3   3   3   1 |     AAC   0   1   0   0   1   2 |     AGC   2   1   2   2   1   1
    ATA   0   0   0   0   0   0 |     ACA   6   6   6   6   5   5 | Lys AAA   4   5   4   4   4   4 | Arg AGA   1   1   1   1   1   1
Met ATG   2   2   2   2   2   2 |     ACG   0   0   0   0   1   0 |     AAG   2   1   2   2   2   2 |     AGG   1   1   1   1   1   1
--------------------------------------------------------------------------------------------------------------------------------------
Val GTT   0   0   0   0   0   0 | Ala GCT   3   3   3   3   3   3 | Asp GAT   4   4   4   4   4   4 | Gly GGT   1   1   1   1   2   1
    GTC   2   2   2   2   2   2 |     GCC   3   3   3   3   3   3 |     GAC   3   3   3   3   3   3 |     GGC   4   5   4   4   3   4
    GTA   1   1   1   1   1   1 |     GCA   2   2   2   2   2   3 | Glu GAA   5   5   5   5   5   5 |     GGA   0   0   0   0   0   1
    GTG   1   1   1   1   1   1 |     GCG   0   0   0   0   0   0 |     GAG   2   2   2   2   2   2 |     GGG   2   1   2   2   2   1
--------------------------------------------------------------------------------------------------------------------------------------

--------------------------------------------------------------------------------------------------------------------------------------
Phe TTT   2   2   2   2   2   2 | Ser TCT   2   0   1   1   2   1 | Tyr TAT   2   2   2   2   2   2 | Cys TGT   0   0   0   0   0   0
    TTC   5   5   5   5   5   5 |     TCC   0   2   1   1   0   1 |     TAC   0   0   0   0   0   0 |     TGC   0   0   0   0   0   0
Leu TTA   2   2   2   2   2   1 |     TCA   1   2   1   1   1   1 | *** TAA   0   0   0   0   0   0 | *** TGA   0   0   0   0   0   0
    TTG   1   2   2   2   1   2 |     TCG   1   0   1   1   1   1 |     TAG   0   0   0   0   0   0 | Trp TGG   0   0   0   0   0   0
--------------------------------------------------------------------------------------------------------------------------------------
Leu CTT   5   5   5   5   5   5 | Pro CCT   1   1   2   1   1   1 | His CAT   0   0   0   0   0   0 | Arg CGT   1   1   1   1   1   1
    CTC   6   6   6   6   6   6 |     CCC   1   1   0   1   1   1 |     CAC   0   0   0   0   0   0 |     CGC   1   1   1   1   1   1
    CTA   0   0   0   0   0   1 |     CCA   0   0   0   0   0   0 | Gln CAA   0   0   0   0   0   1 |     CGA   0   0   0   0   0   0
    CTG   6   5   5   5   6   5 |     CCG   0   0   0   0   0   0 |     CAG   2   2   2   2   2   1 |     CGG   0   0   0   0   0   0
--------------------------------------------------------------------------------------------------------------------------------------
Ile ATT   0   0   0   0   0   0 | Thr ACT   1   1   1   1   1   1 | Asn AAT   1   1   1   1   1   1 | Ser AGT   2   2   2   3   2   3
    ATC   3   3   3   3   3   2 |     ACC   3   3   3   3   3   3 |     AAC   0   0   0   0   0   0 |     AGC   2   2   2   1   2   1
    ATA   0   0   0   0   0   0 |     ACA   6   6   6   6   6   5 | Lys AAA   4   4   4   4   4   4 | Arg AGA   1   1   1   1   1   1
Met ATG   2   2   2   2   2   2 |     ACG   0   0   0   0   0   0 |     AAG   2   2   2   2   2   2 |     AGG   1   1   1   1   1   1
--------------------------------------------------------------------------------------------------------------------------------------
Val GTT   0   0   0   0   0   0 | Ala GCT   4   3   3   3   3   3 | Asp GAT   3   4   4   4   4   4 | Gly GGT   1   1   1   1   1   1
    GTC   1   2   2   2   2   3 |     GCC   2   3   3   3   3   4 |     GAC   4   3   3   3   3   3 |     GGC   4   4   4   4   4   4
    GTA   1   1   1   1   1   1 |     GCA   2   2   2   2   2   1 | Glu GAA   5   5   5   5   5   5 |     GGA   0   0   0   0   0   0
    GTG   2   1   1   1   1   1 |     GCG   0   0   0   0   0   1 |     GAG   2   2   2   2   2   2 |     GGG   2   2   2   2   2   2
--------------------------------------------------------------------------------------------------------------------------------------

--------------------------------------------------------------------------------------------------------------------------------------
Phe TTT   2   3   2   2   2   2 | Ser TCT   0   2   1   1   1   1 | Tyr TAT   2   2   2   2   2   2 | Cys TGT   0   0   0   0   0   0
    TTC   5   4   5   5   5   5 |     TCC   2   0   1   1   1   1 |     TAC   0   0   0   0   0   0 |     TGC   0   0   0   0   0   0
Leu TTA   2   2   2   2   2   2 |     TCA   1   1   1   1   1   1 | *** TAA   0   0   0   0   0   0 | *** TGA   0   0   0   0   0   0
    TTG   2   1   2   2   2   2 |     TCG   1   1   1   1   1   1 |     TAG   0   0   0   0   0   0 | Trp TGG   0   0   0   0   0   0
--------------------------------------------------------------------------------------------------------------------------------------
Leu CTT   5   6   5   5   6   6 | Pro CCT   1   1   1   1   1   1 | His CAT   0   0   0   0   0   0 | Arg CGT   1   1   1   1   0   1
    CTC   6   5   6   6   5   5 |     CCC   1   1   1   1   1   1 |     CAC   0   0   0   0   0   0 |     CGC   1   1   1   1   2   1
    CTA   0   0   0   0   0   0 |     CCA   0   0   0   0   0   0 | Gln CAA   0   0   0   0   0   0 |     CGA   0   0   0   0   0   0
    CTG   5   6   5   5   5   5 |     CCG   0   0   0   0   0   0 |     CAG   2   2   2   2   2   2 |     CGG   0   0   0   0   0   0
--------------------------------------------------------------------------------------------------------------------------------------
Ile ATT   0   0   0   0   0   0 | Thr ACT   1   1   1   1   1   1 | Asn AAT   1   1   1   1   1   1 | Ser AGT   2   2   2   3   2   2
    ATC   3   3   3   3   4   3 |     ACC   3   3   3   3   2   3 |     AAC   0   0   0   0   0   0 |     AGC   2   2   2   1   2   2
    ATA   0   0   0   0   0   0 |     ACA   6   6   6   6   5   6 | Lys AAA   4   4   4   4   4   4 | Arg AGA   1   1   1   1   1   1
Met ATG   2   2   2   2   2   2 |     ACG   0   0   0   0   1   0 |     AAG   2   2   2   2   2   2 |     AGG   1   1   1   1   1   1
--------------------------------------------------------------------------------------------------------------------------------------
Val GTT   0   0   0   0   0   0 | Ala GCT   3   3   3   3   3   3 | Asp GAT   4   4   4   4   4   4 | Gly GGT   1   1   1   1   1   1
    GTC   2   2   2   2   2   2 |     GCC   3   3   3   3   3   3 |     GAC   3   3   3   3   3   3 |     GGC   4   4   4   4   4   4
    GTA   1   1   1   1   1   1 |     GCA   2   1   2   2   1   2 | Glu GAA   5   5   5   5   5   5 |     GGA   0   0   0   0   0   0
    GTG   1   1   1   1   1   1 |     GCG   0   1   0   0   1   0 |     GAG   2   2   2   2   2   2 |     GGG   2   2   2   2   2   2
--------------------------------------------------------------------------------------------------------------------------------------

--------------------------------------------------------------------------------------------------------------------------------------
Phe TTT   2   2   2   2   2   2 | Ser TCT   1   2   1   2   1   0 | Tyr TAT   2   2   2   2   2   2 | Cys TGT   0   0   0   0   0   0
    TTC   5   5   5   5   5   5 |     TCC   1   0   1   0   1   2 |     TAC   0   0   0   0   0   0 |     TGC   0   0   0   0   0   0
Leu TTA   2   2   2   2   2   2 |     TCA   1   1   1   1   1   1 | *** TAA   0   0   0   0   0   0 | *** TGA   0   0   0   0   0   0
    TTG   1   1   3   1   2   2 |     TCG   1   1   1   1   1   1 |     TAG   0   0   0   0   0   0 | Trp TGG   0   0   0   0   0   0
--------------------------------------------------------------------------------------------------------------------------------------
Leu CTT   6   6   5   5   5   6 | Pro CCT   1   1   1   1   1   1 | His CAT   0   0   0   0   0   0 | Arg CGT   1   1   1   1   1   1
    CTC   5   5   6   6   6   5 |     CCC   1   1   1   1   1   1 |     CAC   0   0   0   0   0   0 |     CGC   1   1   1   1   1   1
    CTA   0   1   0   0   0   0 |     CCA   0   0   0   0   0   0 | Gln CAA   0   0   0   0   0   0 |     CGA   0   0   0   0   0   0
    CTG   6   5   4   6   5   5 |     CCG   0   0   0   0   0   0 |     CAG   2   2   2   2   2   2 |     CGG   0   0   0   0   0   0
--------------------------------------------------------------------------------------------------------------------------------------
Ile ATT   0   0   0   0   0   0 | Thr ACT   1   1   1   1   1   1 | Asn AAT   1   1   1   1   1   1 | Ser AGT   2   2   2   2   2   2
    ATC   3   3   3   3   3   3 |     ACC   4   4   3   3   3   3 |     AAC   0   0   0   0   0   0 |     AGC   2   2   2   2   2   2
    ATA   0   0   0   0   0   0 |     ACA   5   5   6   6   6   6 | Lys AAA   4   4   4   4   4   4 | Arg AGA   1   1   1   1   1   1
Met ATG   2   2   2   2   2   2 |     ACG   0   0   0   0   0   0 |     AAG   2   2   2   2   2   2 |     AGG   1   1   1   1   1   1
--------------------------------------------------------------------------------------------------------------------------------------
Val GTT   0   0   0   0   0   0 | Ala GCT   3   3   3   3   3   3 | Asp GAT   4   4   4   4   4   4 | Gly GGT   1   1   1   1   1   1
    GTC   2   2   2   2   2   2 |     GCC   3   3   3   3   3   3 |     GAC   3   3   3   3   3   3 |     GGC   4   4   4   4   4   4
    GTA   1   1   1   1   1   1 |     GCA   1   1   2   2   2   2 | Glu GAA   5   5   5   5   5   5 |     GGA   1   1   0   0   0   0
    GTG   1   1   1   1   1   1 |     GCG   1   1   0   0   0   0 |     GAG   2   2   2   2   2   2 |     GGG   1   1   2   2   2   2
--------------------------------------------------------------------------------------------------------------------------------------

--------------------------------------------------------------------------------------------------------------------------------------
Phe TTT   2   2   2   2   2   2 | Ser TCT   1   1   0   1   1   2 | Tyr TAT   2   2   2   2   2   2 | Cys TGT   0   0   0   0   0   0
    TTC   5   5   5   5   5   5 |     TCC   1   1   2   1   1   0 |     TAC   0   0   0   0   0   0 |     TGC   0   0   0   0   0   0
Leu TTA   1   1   2   2   2   2 |     TCA   1   1   1   1   1   1 | *** TAA   0   0   0   0   0   0 | *** TGA   0   0   0   0   0   0
    TTG   2   2   2   2   2   1 |     TCG   1   1   1   1   1   1 |     TAG   0   0   0   0   0   0 | Trp TGG   0   0   0   0   0   0
--------------------------------------------------------------------------------------------------------------------------------------
Leu CTT   5   5   5   5   5   5 | Pro CCT   1   1   1   1   1   1 | His CAT   0   0   0   0   0   0 | Arg CGT   1   1   1   1   1   1
    CTC   6   6   6   6   6   6 |     CCC   1   1   1   1   1   1 |     CAC   0   0   0   0   0   0 |     CGC   1   1   1   1   1   1
    CTA   0   0   0   0   0   0 |     CCA   0   0   0   0   0   0 | Gln CAA   0   0   0   0   0   0 |     CGA   0   0   0   0   0   0
    CTG   6   6   5   5   5   6 |     CCG   0   0   0   0   0   0 |     CAG   2   2   2   2   2   2 |     CGG   0   0   0   0   0   0
--------------------------------------------------------------------------------------------------------------------------------------
Ile ATT   0   0   0   0   0   0 | Thr ACT   1   1   1   1   1   1 | Asn AAT   1   1   1   1   1   1 | Ser AGT   3   2   2   2   2   2
    ATC   3   2   3   3   3   3 |     ACC   4   3   3   3   3   3 |     AAC   0   0   0   0   0   0 |     AGC   1   3   2   2   2   2
    ATA   0   0   0   0   0   0 |     ACA   5   6   6   6   6   6 | Lys AAA   4   4   4   4   4   4 | Arg AGA   1   1   1   1   1   1
Met ATG   2   2   2   2   2   2 |     ACG   0   0   0   0   0   0 |     AAG   2   2   2   2   2   2 |     AGG   1   1   1   1   1   1
--------------------------------------------------------------------------------------------------------------------------------------
Val GTT   0   0   0   1   0   0 | Ala GCT   3   3   3   3   3   3 | Asp GAT   4   4   4   4   4   4 | Gly GGT   1   1   1   1   1   1
    GTC   2   3   2   1   2   2 |     GCC   3   3   3   3   3   3 |     GAC   3   3   3   3   3   3 |     GGC   4   3   4   4   4   4
    GTA   1   1   1   1   1   1 |     GCA   2   1   2   2   2   2 | Glu GAA   5   5   5   5   5   5 |     GGA   0   0   0   0   0   0
    GTG   1   1   1   1   1   1 |     GCG   0   1   0   0   0   0 |     GAG   2   2   2   2   2   2 |     GGG   2   2   2   2   2   2
--------------------------------------------------------------------------------------------------------------------------------------

--------------------------------------------------------------------------------------------------------------------------------------
Phe TTT   2   3   2   2   2   2 | Ser TCT   1   2   1   1   1   1 | Tyr TAT   2   2   2   2   2   2 | Cys TGT   0   0   0   0   0   0
    TTC   5   4   5   5   5   5 |     TCC   1   0   1   1   1   1 |     TAC   0   0   0   0   0   0 |     TGC   0   0   0   0   0   0
Leu TTA   2   2   1   2   2   2 |     TCA   1   1   1   1   1   1 | *** TAA   0   0   0   0   0   0 | *** TGA   0   0   0   0   0   0
    TTG   2   1   1   2   1   2 |     TCG   1   1   1   1   1   1 |     TAG   0   0   0   0   0   0 | Trp TGG   0   0   0   0   0   0
--------------------------------------------------------------------------------------------------------------------------------------
Leu CTT   5   5   5   5   5   5 | Pro CCT   1   1   1   1   1   1 | His CAT   0   0   0   0   0   0 | Arg CGT   1   1   1   1   1   1
    CTC   6   6   6   6   6   6 |     CCC   1   1   1   1   1   1 |     CAC   0   0   0   0   0   0 |     CGC   1   1   1   1   1   1
    CTA   0   0   1   0   0   0 |     CCA   0   0   0   0   0   0 | Gln CAA   0   0   0   0   0   0 |     CGA   0   0   0   0   0   0
    CTG   5   6   6   5   6   5 |     CCG   0   0   0   0   0   0 |     CAG   2   2   2   2   2   2 |     CGG   0   0   0   0   0   0
--------------------------------------------------------------------------------------------------------------------------------------
Ile ATT   0   0   0   0   0   0 | Thr ACT   1   1   1   1   0   1 | Asn AAT   1   1   1   1   1   1 | Ser AGT   2   2   2   2   2   2
    ATC   3   3   3   3   3   3 |     ACC   3   3   3   3   4   3 |     AAC   0   0   0   0   0   0 |     AGC   2   2   2   2   2   2
    ATA   0   0   0   0   0   0 |     ACA   6   6   5   6   6   6 | Lys AAA   4   4   4   4   4   4 | Arg AGA   1   1   1   1   1   1
Met ATG   2   2   2   2   2   2 |     ACG   0   0   0   0   0   0 |     AAG   2   2   2   2   2   2 |     AGG   1   1   1   1   1   1
--------------------------------------------------------------------------------------------------------------------------------------
Val GTT   0   0   0   0   0   0 | Ala GCT   3   3   3   3   3   3 | Asp GAT   4   4   4   4   4   4 | Gly GGT   1   1   1   1   1   1
    GTC   2   2   2   2   2   2 |     GCC   3   3   4   3   3   3 |     GAC   3   3   3   3   3   3 |     GGC   4   4   4   4   4   4
    GTA   1   1   1   1   1   1 |     GCA   2   2   1   2   1   2 | Glu GAA   5   5   5   5   5   5 |     GGA   0   0   0   0   2   0
    GTG   1   1   1   1   1   1 |     GCG   0   0   1   0   1   0 |     GAG   2   2   2   2   2   2 |     GGG   2   2   2   2   0   2
--------------------------------------------------------------------------------------------------------------------------------------

--------------------------------------------------------------------------------------------------------------------------------------
Phe TTT   2   2   2   2   2   2 | Ser TCT   1   1   0   2   1   1 | Tyr TAT   2   2   2   2   2   2 | Cys TGT   0   0   0   0   0   0
    TTC   5   5   5   5   5   5 |     TCC   1   1   2   0   1   1 |     TAC   0   0   0   0   0   0 |     TGC   0   0   0   0   0   0
Leu TTA   2   2   2   2   2   1 |     TCA   1   1   1   1   2   1 | *** TAA   0   0   0   0   0   0 | *** TGA   0   0   0   0   0   0
    TTG   2   1   2   2   2   2 |     TCG   1   1   1   1   0   1 |     TAG   0   0   0   0   0   0 | Trp TGG   0   0   0   0   0   0
--------------------------------------------------------------------------------------------------------------------------------------
Leu CTT   5   6   5   5   5   5 | Pro CCT   1   1   1   1   1   1 | His CAT   0   0   0   0   0   0 | Arg CGT   1   1   1   1   1   1
    CTC   6   5   6   6   6   6 |     CCC   1   1   1   1   1   1 |     CAC   0   0   0   0   0   0 |     CGC   1   1   1   1   1   1
    CTA   0   0   0   0   0   0 |     CCA   0   0   0   0   0   0 | Gln CAA   0   0   0   0   0   0 |     CGA   0   0   0   0   0   0
    CTG   5   6   5   5   5   6 |     CCG   0   0   0   0   0   0 |     CAG   2   2   2   2   2   2 |     CGG   0   0   0   0   0   0
--------------------------------------------------------------------------------------------------------------------------------------
Ile ATT   0   0   0   0   0   0 | Thr ACT   1   1   1   1   1   1 | Asn AAT   1   1   1   1   1   1 | Ser AGT   3   2   2   2   2   3
    ATC   3   3   3   3   3   3 |     ACC   3   3   3   3   3   3 |     AAC   0   0   0   0   0   0 |     AGC   1   2   2   2   2   1
    ATA   0   0   0   0   0   0 |     ACA   6   6   6   6   6   6 | Lys AAA   4   4   4   4   4   4 | Arg AGA   1   1   1   1   1   1
Met ATG   2   2   2   2   2   2 |     ACG   0   0   0   0   0   0 |     AAG   2   2   2   2   2   2 |     AGG   1   1   1   1   1   1
--------------------------------------------------------------------------------------------------------------------------------------
Val GTT   0   0   0   0   0   0 | Ala GCT   3   3   3   3   3   3 | Asp GAT   4   4   4   4   4   4 | Gly GGT   1   1   1   1   1   2
    GTC   2   2   2   1   2   2 |     GCC   3   3   3   3   3   3 |     GAC   3   3   3   3   3   3 |     GGC   4   4   4   4   4   3
    GTA   1   1   1   1   1   1 |     GCA   2   1   2   2   2   2 | Glu GAA   5   5   5   5   5   5 |     GGA   0   0   0   0   0   0
    GTG   1   1   1   2   1   1 |     GCG   0   1   0   0   0   0 |     GAG   2   2   2   2   2   2 |     GGG   2   2   2   2   2   2
--------------------------------------------------------------------------------------------------------------------------------------

--------------------------------------------------------------------------------------------------------------------------------------
Phe TTT   2   2   2   2   2   2 | Ser TCT   1   1   1   1   1   2 | Tyr TAT   2   2   2   2   2   2 | Cys TGT   0   0   0   0   0   0
    TTC   5   5   5   5   5   5 |     TCC   1   1   1   1   1   0 |     TAC   0   0   0   0   0   0 |     TGC   0   0   0   0   0   0
Leu TTA   1   2   1   1   2   2 |     TCA   1   1   1   1   1   1 | *** TAA   0   0   0   0   0   0 | *** TGA   0   0   0   0   0   0
    TTG   2   2   2   2   1   2 |     TCG   1   1   1   1   1   1 |     TAG   0   0   0   0   0   0 | Trp TGG   0   0   0   0   0   0
--------------------------------------------------------------------------------------------------------------------------------------
Leu CTT   5   5   5   5   6   5 | Pro CCT   1   1   1   1   1   1 | His CAT   0   0   0   0   0   0 | Arg CGT   1   1   1   1   1   1
    CTC   6   6   6   6   5   6 |     CCC   1   1   1   1   1   1 |     CAC   0   0   0   0   0   0 |     CGC   1   1   1   1   1   1
    CTA   0   0   1   0   0   0 |     CCA   0   0   0   0   0   0 | Gln CAA   0   0   1   0   0   0 |     CGA   0   0   0   0   0   0
    CTG   6   5   5   6   6   5 |     CCG   0   0   0   0   0   0 |     CAG   2   2   1   2   2   2 |     CGG   0   0   0   0   0   0
--------------------------------------------------------------------------------------------------------------------------------------
Ile ATT   0   0   0   0   0   1 | Thr ACT   1   1   1   1   1   1 | Asn AAT   1   1   1   1   1   1 | Ser AGT   3   2   3   3   2   1
    ATC   3   3   2   3   3   2 |     ACC   4   3   3   3   3   3 |     AAC   0   0   0   0   0   0 |     AGC   1   2   1   1   2   3
    ATA   0   0   0   0   0   0 |     ACA   5   6   5   6   6   6 | Lys AAA   4   4   4   4   4   4 | Arg AGA   1   1   1   1   1   1
Met ATG   2   2   2   2   2   2 |     ACG   0   0   0   0   0   0 |     AAG   2   2   2   2   2   2 |     AGG   1   1   1   1   1   1
--------------------------------------------------------------------------------------------------------------------------------------
Val GTT   0   0   0   0   0   0 | Ala GCT   3   3   3   3   3   3 | Asp GAT   4   4   4   4   4   4 | Gly GGT   1   1   1   2   1   1
    GTC   2   2   3   2   2   2 |     GCC   3   3   4   3   3   3 |     GAC   3   3   3   3   3   3 |     GGC   4   4   4   3   4   4
    GTA   1   1   1   1   1   1 |     GCA   2   2   1   2   1   2 | Glu GAA   5   5   5   5   5   5 |     GGA   0   0   0   0   0   0
    GTG   1   1   1   1   1   1 |     GCG   0   0   1   0   1   0 |     GAG   2   2   2   2   2   2 |     GGG   2   2   2   2   2   2
--------------------------------------------------------------------------------------------------------------------------------------

--------------------------------------------------------------------------------------------------------------------------------------
Phe TTT   2   2   2   2   2   2 | Ser TCT   1   1   1   1   1   2 | Tyr TAT   2   2   2   2   2   2 | Cys TGT   0   0   0   0   0   0
    TTC   5   5   5   5   5   5 |     TCC   1   1   1   1   1   0 |     TAC   0   0   0   0   0   0 |     TGC   0   0   0   0   0   0
Leu TTA   2   2   2   2   2   2 |     TCA   1   1   1   2   1   1 | *** TAA   0   0   0   0   0   0 | *** TGA   0   0   0   0   0   0
    TTG   2   2   2   1   1   1 |     TCG   1   1   1   0   1   1 |     TAG   0   0   0   0   0   0 | Trp TGG   0   0   0   0   0   0
--------------------------------------------------------------------------------------------------------------------------------------
Leu CTT   5   5   5   6   5   5 | Pro CCT   1   1   1   1   1   1 | His CAT   0   0   0   0   0   0 | Arg CGT   1   1   1   1   1   1
    CTC   6   6   6   5   6   6 |     CCC   1   1   1   1   1   1 |     CAC   0   0   0   0   0   0 |     CGC   1   1   1   1   1   1
    CTA   0   0   0   0   0   1 |     CCA   0   0   0   0   0   0 | Gln CAA   0   0   0   0   0   0 |     CGA   0   0   0   0   0   0
    CTG   5   5   5   6   6   5 |     CCG   0   0   0   0   0   0 |     CAG   2   2   2   2   2   2 |     CGG   0   0   0   0   0   0
--------------------------------------------------------------------------------------------------------------------------------------
Ile ATT   0   0   0   0   0   0 | Thr ACT   1   1   1   1   1   1 | Asn AAT   1   1   1   1   1   1 | Ser AGT   2   2   3   2   2   2
    ATC   3   3   3   3   3   3 |     ACC   3   3   3   3   3   3 |     AAC   0   0   0   0   0   0 |     AGC   2   2   1   2   2   2
    ATA   0   0   0   0   0   0 |     ACA   6   4   6   6   6   6 | Lys AAA   4   4   4   4   4   4 | Arg AGA   1   1   1   1   1   1
Met ATG   2   2   2   2   2   2 |     ACG   0   2   0   0   0   0 |     AAG   2   2   2   2   2   2 |     AGG   1   1   1   1   1   1
--------------------------------------------------------------------------------------------------------------------------------------
Val GTT   0   0   0   0   0   0 | Ala GCT   3   3   3   3   3   3 | Asp GAT   5   4   4   4   4   4 | Gly GGT   1   1   1   1   1   1
    GTC   2   2   2   2   2   2 |     GCC   3   3   3   3   3   3 |     GAC   2   3   3   3   3   3 |     GGC   4   4   4   4   4   4
    GTA   1   1   1   1   1   1 |     GCA   2   2   2   2   2   2 | Glu GAA   5   5   5   5   5   5 |     GGA   0   0   0   0   0   0
    GTG   1   1   1   1   1   1 |     GCG   0   0   0   0   0   0 |     GAG   2   2   2   2   2   2 |     GGG   2   2   2   2   2   2
--------------------------------------------------------------------------------------------------------------------------------------

Codon position x base (3x4) table for each sequence.

#1: Argali         
position  1:    T:0.17000    C:0.22000    A:0.28000    G:0.33000
position  2:    T:0.36000    C:0.24000    A:0.25000    G:0.15000
position  3:    T:0.23000    C:0.35000    A:0.22000    G:0.20000
Average         T:0.25333    C:0.27000    A:0.25000    G:0.22667

#2: LesserMouseDeer
position  1:    T:0.16000    C:0.23000    A:0.28000    G:0.33000
position  2:    T:0.36000    C:0.24000    A:0.26000    G:0.14000
position  3:    T:0.23000    C:0.37000    A:0.23000    G:0.17000
Average         T:0.25000    C:0.28000    A:0.25667    G:0.21333

#3: LesserKudu     
position  1:    T:0.16000    C:0.23000    A:0.28000    G:0.33000
position  2:    T:0.36000    C:0.24000    A:0.25000    G:0.15000
position  3:    T:0.26000    C:0.33000    A:0.22000    G:0.19000
Average         T:0.26000    C:0.26667    A:0.25000    G:0.22333

#4: ForestMuskDeer2
position  1:    T:0.16000    C:0.23000    A:0.28000    G:0.33000
position  2:    T:0.36000    C:0.24000    A:0.25000    G:0.15000
position  3:    T:0.25000    C:0.33000    A:0.23000    G:0.19000
Average         T:0.25667    C:0.26667    A:0.25333    G:0.22333

#5: Camel          
position  1:    T:0.15000    C:0.24000    A:0.28000    G:0.33000
position  2:    T:0.36000    C:0.24000    A:0.26000    G:0.14000
position  3:    T:0.26000    C:0.33000    A:0.22000    G:0.19000
Average         T:0.25667    C:0.27000    A:0.25333    G:0.22000

#6: KillerWhale    
position  1:    T:0.16000    C:0.23000    A:0.27000    G:0.34000
position  2:    T:0.36000    C:0.22000    A:0.28000    G:0.14000
position  3:    T:0.28000    C:0.32000    A:0.23000    G:0.17000
Average         T:0.26667    C:0.25667    A:0.26000    G:0.21667

#7: DefassaWaterbuck
position  1:    T:0.16000    C:0.23000    A:0.28000    G:0.33000
position  2:    T:0.36000    C:0.24000    A:0.25000    G:0.15000
position  3:    T:0.25000    C:0.32000    A:0.22000    G:0.21000
Average         T:0.25667    C:0.26333    A:0.25000    G:0.23000

#8: Sheep          
position  1:    T:0.17000    C:0.22000    A:0.28000    G:0.33000
position  2:    T:0.36000    C:0.24000    A:0.25000    G:0.15000
position  3:    T:0.23000    C:0.35000    A:0.23000    G:0.19000
Average         T:0.25333    C:0.27000    A:0.25333    G:0.22333

#9: MaxwellsDuiker 
position  1:    T:0.17000    C:0.22000    A:0.28000    G:0.33000
position  2:    T:0.36000    C:0.24000    A:0.25000    G:0.15000
position  3:    T:0.25000    C:0.33000    A:0.22000    G:0.20000
Average         T:0.26000    C:0.26333    A:0.25000    G:0.22667

#10: GazellaPrzewalskyi
position  1:    T:0.17000    C:0.22000    A:0.28000    G:0.33000
position  2:    T:0.36000    C:0.24000    A:0.25000    G:0.15000
position  3:    T:0.25000    C:0.33000    A:0.22000    G:0.20000
Average         T:0.26000    C:0.26333    A:0.25000    G:0.22667

#11: MountainNyala  
position  1:    T:0.16000    C:0.23000    A:0.28000    G:0.33000
position  2:    T:0.36000    C:0.24000    A:0.25000    G:0.15000
position  3:    T:0.25000    C:0.33000    A:0.22000    G:0.20000
Average         T:0.25667    C:0.26667    A:0.25000    G:0.22667

#12: MuntiacusMuntjak
position  1:    T:0.16000    C:0.23000    A:0.26000    G:0.35000
position  2:    T:0.36000    C:0.24000    A:0.25000    G:0.15000
position  3:    T:0.25000    C:0.34000    A:0.21000    G:0.20000
Average         T:0.25667    C:0.27000    A:0.24000    G:0.23333

#13: goat           
position  1:    T:0.17000    C:0.22000    A:0.28000    G:0.33000
position  2:    T:0.36000    C:0.24000    A:0.25000    G:0.15000
position  3:    T:0.23000    C:0.35000    A:0.22000    G:0.20000
Average         T:0.25333    C:0.27000    A:0.25000    G:0.22667

#14: AfricanBuffalo 
position  1:    T:0.16000    C:0.23000    A:0.28000    G:0.33000
position  2:    T:0.36000    C:0.24000    A:0.25000    G:0.15000
position  3:    T:0.27000    C:0.31000    A:0.21000    G:0.21000
Average         T:0.26333    C:0.26000    A:0.24667    G:0.23000

#15: Topi           
position  1:    T:0.17000    C:0.22000    A:0.28000    G:0.33000
position  2:    T:0.36000    C:0.24000    A:0.25000    G:0.15000
position  3:    T:0.24000    C:0.34000    A:0.22000    G:0.20000
Average         T:0.25667    C:0.26667    A:0.25000    G:0.22667

#16: CommonDuiker   
position  1:    T:0.17000    C:0.22000    A:0.28000    G:0.33000
position  2:    T:0.36000    C:0.24000    A:0.25000    G:0.15000
position  3:    T:0.25000    C:0.33000    A:0.22000    G:0.20000
Average         T:0.26000    C:0.26333    A:0.25000    G:0.22667

#17: Suni           
position  1:    T:0.17000    C:0.22000    A:0.28000    G:0.33000
position  2:    T:0.37000    C:0.23000    A:0.25000    G:0.15000
position  3:    T:0.24000    C:0.34000    A:0.20000    G:0.22000
Average         T:0.26000    C:0.26333    A:0.24333    G:0.23333

#18: Springbuck     
position  1:    T:0.17000    C:0.22000    A:0.28000    G:0.33000
position  2:    T:0.36000    C:0.24000    A:0.25000    G:0.15000
position  3:    T:0.25000    C:0.33000    A:0.22000    G:0.20000
Average         T:0.26000    C:0.26333    A:0.25000    G:0.22667

#19: Okapi          
position  1:    T:0.16000    C:0.23000    A:0.28000    G:0.33000
position  2:    T:0.36000    C:0.24000    A:0.25000    G:0.15000
position  3:    T:0.25000    C:0.34000    A:0.21000    G:0.20000
Average         T:0.25667    C:0.27000    A:0.24667    G:0.22667

#20: Giraffe        
position  1:    T:0.16000    C:0.23000    A:0.28000    G:0.33000
position  2:    T:0.36000    C:0.24000    A:0.25000    G:0.15000
position  3:    T:0.26000    C:0.33000    A:0.22000    G:0.19000
Average         T:0.26000    C:0.26667    A:0.25000    G:0.22333

#21: TibetanAntelope
position  1:    T:0.18000    C:0.21000    A:0.28000    G:0.33000
position  2:    T:0.36000    C:0.24000    A:0.25000    G:0.15000
position  3:    T:0.24000    C:0.34000    A:0.22000    G:0.20000
Average         T:0.26000    C:0.26333    A:0.25000    G:0.22667

#22: Sitatunga      
position  1:    T:0.16000    C:0.23000    A:0.28000    G:0.33000
position  2:    T:0.36000    C:0.24000    A:0.25000    G:0.15000
position  3:    T:0.25000    C:0.33000    A:0.22000    G:0.20000
Average         T:0.25667    C:0.26667    A:0.25000    G:0.22667

#23: Oribi          
position  1:    T:0.17000    C:0.22000    A:0.28000    G:0.33000
position  2:    T:0.36000    C:0.24000    A:0.25000    G:0.15000
position  3:    T:0.24000    C:0.34000    A:0.22000    G:0.20000
Average         T:0.25667    C:0.26667    A:0.25000    G:0.22667

#24: BarbarySheep   
position  1:    T:0.17000    C:0.22000    A:0.28000    G:0.33000
position  2:    T:0.36000    C:0.24000    A:0.25000    G:0.15000
position  3:    T:0.24000    C:0.34000    A:0.22000    G:0.20000
Average         T:0.25667    C:0.26667    A:0.25000    G:0.22667

#25: Daviddeer      
position  1:    T:0.16000    C:0.23000    A:0.28000    G:0.33000
position  2:    T:0.36000    C:0.24000    A:0.25000    G:0.15000
position  3:    T:0.25000    C:0.34000    A:0.20000    G:0.21000
Average         T:0.25667    C:0.27000    A:0.24333    G:0.23000

#26: Reindeer       
position  1:    T:0.16000    C:0.23000    A:0.28000    G:0.33000
position  2:    T:0.36000    C:0.24000    A:0.25000    G:0.15000
position  3:    T:0.24000    C:0.34000    A:0.20000    G:0.22000
Average         T:0.25333    C:0.27000    A:0.24333    G:0.23333

#27: Ibex           
position  1:    T:0.17000    C:0.22000    A:0.28000    G:0.33000
position  2:    T:0.36000    C:0.24000    A:0.25000    G:0.15000
position  3:    T:0.23000    C:0.35000    A:0.22000    G:0.20000
Average         T:0.25333    C:0.27000    A:0.25000    G:0.22667

#28: GyrantGazelle  
position  1:    T:0.17000    C:0.22000    A:0.28000    G:0.33000
position  2:    T:0.36000    C:0.24000    A:0.25000    G:0.15000
position  3:    T:0.25000    C:0.33000    A:0.22000    G:0.20000
Average         T:0.26000    C:0.26333    A:0.25000    G:0.22667

#29: Hartebeest     
position  1:    T:0.17000    C:0.22000    A:0.28000    G:0.33000
position  2:    T:0.36000    C:0.24000    A:0.25000    G:0.15000
position  3:    T:0.24000    C:0.34000    A:0.22000    G:0.20000
Average         T:0.25667    C:0.26667    A:0.25000    G:0.22667

#30: Bongo          
position  1:    T:0.16000    C:0.23000    A:0.28000    G:0.33000
position  2:    T:0.36000    C:0.24000    A:0.25000    G:0.15000
position  3:    T:0.25000    C:0.33000    A:0.22000    G:0.20000
Average         T:0.25667    C:0.26667    A:0.25000    G:0.22667

#31: Gerenuk        
position  1:    T:0.17000    C:0.22000    A:0.28000    G:0.33000
position  2:    T:0.36000    C:0.24000    A:0.25000    G:0.15000
position  3:    T:0.24000    C:0.34000    A:0.22000    G:0.20000
Average         T:0.25667    C:0.26667    A:0.25000    G:0.22667

#32: CommonEland    
position  1:    T:0.16000    C:0.23000    A:0.28000    G:0.33000
position  2:    T:0.36000    C:0.24000    A:0.25000    G:0.15000
position  3:    T:0.26000    C:0.32000    A:0.22000    G:0.20000
Average         T:0.26000    C:0.26333    A:0.25000    G:0.22667

#33: MuntiacusReevesi
position  1:    T:0.15000    C:0.24000    A:0.27000    G:0.34000
position  2:    T:0.36000    C:0.24000    A:0.25000    G:0.15000
position  3:    T:0.24000    C:0.35000    A:0.20000    G:0.21000
Average         T:0.25000    C:0.27667    A:0.24000    G:0.23333

#34: HarveysDuiker  
position  1:    T:0.17000    C:0.22000    A:0.28000    G:0.33000
position  2:    T:0.36000    C:0.24000    A:0.25000    G:0.15000
position  3:    T:0.24000    C:0.34000    A:0.22000    G:0.20000
Average         T:0.25667    C:0.26667    A:0.25000    G:0.22667

#35: Pronghorn      
position  1:    T:0.16000    C:0.23000    A:0.28000    G:0.33000
position  2:    T:0.36000    C:0.24000    A:0.25000    G:0.15000
position  3:    T:0.23000    C:0.35000    A:0.23000    G:0.19000
Average         T:0.25000    C:0.27333    A:0.25333    G:0.22333

#36: BlueWildebeest 
position  1:    T:0.17000    C:0.22000    A:0.28000    G:0.33000
position  2:    T:0.36000    C:0.24000    A:0.25000    G:0.15000
position  3:    T:0.24000    C:0.34000    A:0.22000    G:0.20000
Average         T:0.25667    C:0.26667    A:0.25000    G:0.22667

#37: Gemsbok        
position  1:    T:0.17000    C:0.22000    A:0.28000    G:0.33000
position  2:    T:0.36000    C:0.24000    A:0.25000    G:0.15000
position  3:    T:0.25000    C:0.33000    A:0.22000    G:0.20000
Average         T:0.26000    C:0.26333    A:0.25000    G:0.22667

#38: Yak            
position  1:    T:0.16000    C:0.23000    A:0.28000    G:0.33000
position  2:    T:0.36000    C:0.24000    A:0.25000    G:0.15000
position  3:    T:0.25000    C:0.33000    A:0.21000    G:0.21000
Average         T:0.25667    C:0.26667    A:0.24667    G:0.23000

#39: BlueSheep      
position  1:    T:0.17000    C:0.22000    A:0.28000    G:0.33000
position  2:    T:0.36000    C:0.24000    A:0.25000    G:0.15000
position  3:    T:0.23000    C:0.35000    A:0.22000    G:0.20000
Average         T:0.25333    C:0.27000    A:0.25000    G:0.22667

#40: BohorReedbuck  
position  1:    T:0.17000    C:0.22000    A:0.28000    G:0.33000
position  2:    T:0.36000    C:0.24000    A:0.25000    G:0.15000
position  3:    T:0.25000    C:0.32000    A:0.22000    G:0.21000
Average         T:0.26000    C:0.26000    A:0.25000    G:0.23000

#41: KirksDik       
position  1:    T:0.17000    C:0.22000    A:0.28000    G:0.33000
position  2:    T:0.36000    C:0.24000    A:0.25000    G:0.15000
position  3:    T:0.24000    C:0.34000    A:0.23000    G:0.19000
Average         T:0.25667    C:0.26667    A:0.25333    G:0.22333

#42: RoeDeer        
position  1:    T:0.16000    C:0.23000    A:0.28000    G:0.33000
position  2:    T:0.36000    C:0.24000    A:0.25000    G:0.15000
position  3:    T:0.26000    C:0.32000    A:0.21000    G:0.21000
Average         T:0.26000    C:0.26333    A:0.24667    G:0.23000

#43: WhiteLippedDeer
position  1:    T:0.16000    C:0.23000    A:0.28000    G:0.33000
position  2:    T:0.36000    C:0.24000    A:0.25000    G:0.15000
position  3:    T:0.25000    C:0.34000    A:0.20000    G:0.21000
Average         T:0.25667    C:0.27000    A:0.24333    G:0.23000

#44: ThomsonGazelle 
position  1:    T:0.17000    C:0.22000    A:0.28000    G:0.33000
position  2:    T:0.36000    C:0.24000    A:0.25000    G:0.15000
position  3:    T:0.24000    C:0.34000    A:0.22000    G:0.20000
Average         T:0.25667    C:0.26667    A:0.25000    G:0.22667

#45: MuntiacusCrinifrons
position  1:    T:0.16000    C:0.23000    A:0.26000    G:0.35000
position  2:    T:0.36000    C:0.24000    A:0.25000    G:0.15000
position  3:    T:0.25000    C:0.34000    A:0.21000    G:0.20000
Average         T:0.25667    C:0.27000    A:0.24000    G:0.23333

#46: WhiteTailedDeer
position  1:    T:0.16000    C:0.23000    A:0.28000    G:0.33000
position  2:    T:0.36000    C:0.24000    A:0.25000    G:0.15000
position  3:    T:0.26000    C:0.32000    A:0.21000    G:0.21000
Average         T:0.26000    C:0.26333    A:0.24667    G:0.23000

#47: Cattle         
position  1:    T:0.16000    C:0.23000    A:0.28000    G:0.33000
position  2:    T:0.36000    C:0.24000    A:0.25000    G:0.15000
position  3:    T:0.25000    C:0.33000    A:0.21000    G:0.21000
Average         T:0.25667    C:0.26667    A:0.24667    G:0.23000

#48: RoyalAntelope  
position  1:    T:0.17000    C:0.22000    A:0.28000    G:0.33000
position  2:    T:0.36000    C:0.24000    A:0.25000    G:0.15000
position  3:    T:0.25000    C:0.33000    A:0.22000    G:0.20000
Average         T:0.26000    C:0.26333    A:0.25000    G:0.22667

#49: Steenbok       
position  1:    T:0.17000    C:0.22000    A:0.28000    G:0.33000
position  2:    T:0.36000    C:0.24000    A:0.25000    G:0.15000
position  3:    T:0.25000    C:0.33000    A:0.22000    G:0.20000
Average         T:0.26000    C:0.26333    A:0.25000    G:0.22667

#50: Impala         
position  1:    T:0.17000    C:0.22000    A:0.28000    G:0.33000
position  2:    T:0.36000    C:0.24000    A:0.25000    G:0.15000
position  3:    T:0.24000    C:0.34000    A:0.20000    G:0.22000
Average         T:0.25667    C:0.26667    A:0.24333    G:0.23333

#51: Klipspringer   
position  1:    T:0.17000    C:0.22000    A:0.28000    G:0.33000
position  2:    T:0.36000    C:0.24000    A:0.25000    G:0.15000
