1
52 1
Argali 0.000000 0.193400 0.030900 0.172600 0.047200 0.000000 0.046800 0.030900 0.031100 0.066700 0.000100 0.048800 0.030700 0.031000 0.031100 0.077700 0.133100 0.064000 0.030600 0.030900 0.077700 0.030200 0.098900 0.065700 0.015100 0.077800 0.030800 0.030800 0.079200 0.031100 0.066700 0.030800 0.066800 0.030800 0.046700 0.031900 0.014900 0.047400 0.047400 0.067800 0.080800 0.077300 0.085400 0.066200 0.031900 0.030800 0.031100 0.047300 0.130200 0.047400 0.047500 0.031100
LesserMous 0.193400 0.000000 0.177800 0.341300 0.177400 0.193400 0.175500 0.162300 0.177100 0.185600 0.195100 0.207300 0.152300 0.153300 0.170700 0.207800 0.254200 0.156500 0.179400 0.177100 0.162700 0.195700 0.224400 0.206600 0.219200 0.223300 0.152900 0.177600 0.213500 0.177100 0.185600 0.193300 0.211600 0.152900 0.171000 0.183500 0.214000 0.178000 0.179700 0.205200 0.223100 0.206800 0.165500 0.204900 0.183500 0.177100 0.163600 0.163500 0.273300 0.177300 0.199900 0.176900
LesserKudu 0.030900 0.177800 0.000000 0.108300 0.016200 0.030900 0.015800 0.000600 0.000300 0.034000 0.031200 0.032200 0.000600 0.000600 0.000600 0.032200 0.101000 0.032700 0.015900 0.000300 0.030900 0.031400 0.066400 0.033600 0.048200 0.032200 0.000600 0.000400 0.032800 0.000200 0.034000 0.031300 0.051600 0.000600 0.000600 0.015800 0.046700 0.016200 0.015000 0.034700 0.049000 0.032000 0.051900 0.033800 0.015800 0.015800 0.000800 0.015600 0.083600 0.016000 0.015600 0.000200
KillerWhal 0.172600 0.341300 0.108300 0.000000 0.123000 0.172600 0.152900 0.131900 0.114400 0.154200 0.169300 0.136800 0.131200 0.134200 0.131900 0.130900 0.268800 0.180200 0.156300 0.118600 0.174400 0.174300 0.198100 0.149200 0.193000 0.145200 0.132100 0.118500 0.133500 0.114900 0.154200 0.172800 0.192800 0.132100 0.144200 0.140000 0.156700 0.123800 0.146500 0.156900 0.170700 0.129700 0.179300 0.156100 0.140000 0.155900 0.131700 0.152800 0.149200 0.152400 0.139500 0.114800
DefassaWat 0.047200 0.177400 0.016200 0.123000 0.000000 0.047200 0.031600 0.015700 0.016100 0.033500 0.047700 0.050400 0.015600 0.015700 0.016000 0.048200 0.118400 0.048900 0.032000 0.016200 0.047000 0.047900 0.065700 0.032900 0.064900 0.048200 0.015700 0.016200 0.049100 0.016100 0.033500 0.047500 0.057500 0.015700 0.031800 0.033000 0.063500 0.000100 0.031300 0.034100 0.048400 0.047800 0.051100 0.033200 0.033000 0.032000 0.016000 0.031800 0.100800 0.032200 0.032600 0.016100
Sheep 0.000000 0.193400 0.030900 0.172600 0.047200 0.000000 0.046800 0.030900 0.031100 0.066700 0.000100 0.048800 0.030700 0.031000 0.031100 0.077700 0.133100 0.064000 0.030600 0.030900 0.077700 0.030200 0.098900 0.065700 0.015100 0.077800 0.030800 0.030800 0.079200 0.031100 0.066700 0.030800 0.066800 0.030800 0.046700 0.031900 0.014900 0.047400 0.047400 0.067800 0.080800 0.077300 0.085400 0.066200 0.031900 0.030800 0.031100 0.047300 0.130200 0.047400 0.047500 0.031100
MaxwellsDu 0.046800 0.175500 0.015800 0.152900 0.031600 0.046800 0.000000 0.015400 0.015800 0.049900 0.047300 0.049500 0.015300 0.015400 0.015700 0.047500 0.116200 0.048000 0.031500 0.015800 0.047000 0.047100 0.082100 0.049200 0.064000 0.047600 0.015400 0.015900 0.048400 0.015800 0.049900 0.015200 0.067700 0.015400 0.031100 0.032500 0.062800 0.031800 0.031500 0.050900 0.064300 0.047100 0.068100 0.049600 0.032500 0.031400 0.015700 0.031400 0.098800 0.031500 0.031900 0.015700
GazellaPrz 0.030900 0.162300 0.000600 0.131900 0.015700 0.030900 0.015400 0.000000 0.000600 0.033200 0.031000 0.032700 0.000400 0.000400 0.000500 0.031400 0.098700 0.031900 0.015600 0.000600 0.031400 0.031100 0.065100 0.032700 0.047600 0.031500 0.000400 0.000700 0.032000 0.000500 0.033200 0.030800 0.050300 0.000400 0.000600 0.016000 0.046700 0.015800 0.015600 0.038600 0.047900 0.031200 0.050600 0.032900 0.016000 0.015500 0.000200 0.015300 0.082000 0.015700 0.015900 0.000500
MountainNy 0.031100 0.177100 0.000300 0.114400 0.016100 0.031100 0.015800 0.000600 0.000000 0.033900 0.031100 0.016000 0.000500 0.000500 0.000400 0.032000 0.100500 0.032500 0.000500 0.000300 0.031200 0.031500 0.066200 0.033400 0.048000 0.032000 0.000400 0.000300 0.032600 0.000200 0.033900 0.031300 0.034000 0.000400 0.000700 0.000500 0.046900 0.016200 0.015300 0.034600 0.048700 0.031900 0.051600 0.033700 0.000500 0.000400 0.000600 0.015600 0.083400 0.015900 0.015600 0.000100
MuntiacusM 0.066700 0.185600 0.034000 0.154200 0.033500 0.066700 0.049900 0.033200 0.033900 0.000000 0.067500 0.070800 0.032900 0.033100 0.033800 0.068000 0.142700 0.068800 0.050800 0.034000 0.067200 0.067400 0.033400 0.000300 0.085900 0.068000 0.033000 0.034100 0.069400 0.033900 0.000000 0.066700 0.069500 0.033000 0.050300 0.052300 0.084000 0.033600 0.050500 0.000400 0.016200 0.067400 0.016800 0.000400 0.052300 0.050600 0.033800 0.050600 0.124000 0.050900 0.051400 0.033800
goat 0.000100 0.195100 0.031200 0.169300 0.047700 0.000100 0.047300 0.031000 0.031100 0.067500 0.000000 0.049200 0.030800 0.031300 0.031200 0.078400 0.134300 0.064600 0.030800 0.030800 0.078300 0.030600 0.099900 0.066400 0.015200 0.078400 0.031100 0.030700 0.079900 0.031200 0.067500 0.031100 0.067400 0.031100 0.047000 0.032200 0.014900 0.048000 0.047700 0.068500 0.081700 0.078000 0.086300 0.066900 0.032200 0.030800 0.031200 0.047700 0.131500 0.047900 0.047800 0.031200
AfricanBuf 0.048800 0.207300 0.032200 0.136800 0.050400 0.048800 0.049500 0.032700 0.016000 0.070800 0.049200 0.000000 0.032500 0.032700 0.016500 0.050000 0.121200 0.067900 0.016400 0.032200 0.048800 0.049400 0.086600 0.069600 0.066900 0.050100 0.016200 0.032400 0.051100 0.032200 0.070800 0.066200 0.053100 0.016200 0.038600 0.016300 0.065400 0.050500 0.032700 0.072100 0.067800 0.066800 0.090600 0.070300 0.016300 0.016300 0.016500 0.032200 0.122800 0.033100 0.048900 0.032100
Topi 0.030700 0.152300 0.000600 0.131200 0.015600 0.030700 0.015300 0.000400 0.000500 0.032900 0.030800 0.032500 0.000000 0.000200 0.000500 0.036700 0.109100 0.031600 0.015500 0.000600 0.037200 0.030800 0.064700 0.032400 0.047200 0.036700 0.000100 0.000600 0.037700 0.000500 0.032900 0.030700 0.058300 0.000100 0.015300 0.015900 0.046300 0.015700 0.019400 0.033500 0.047500 0.036900 0.050300 0.032600 0.015900 0.015400 0.000600 0.015300 0.081100 0.015500 0.015700 0.000400
CommonDuik 0.031000 0.153300 0.000600 0.134200 0.015700 0.031000 0.015400 0.000400 0.000500 0.033100 0.031300 0.032700 0.000200 0.000000 0.000500 0.031500 0.098900 0.031800 0.015600 0.000600 0.030700 0.031200 0.065400 0.032600 0.047700 0.031500 0.000200 0.000600 0.032100 0.000500 0.033100 0.030900 0.050400 0.000200 0.015500 0.016100 0.046700 0.015800 0.015100 0.033800 0.048100 0.031200 0.050800 0.032900 0.016100 0.015600 0.000600 0.015400 0.081700 0.015700 0.015900 0.000400
Suni 0.031100 0.170700 0.000600 0.131900 0.016000 0.031100 0.015700 0.000500 0.000400 0.033800 0.031200 0.016500 0.000500 0.000500 0.000000 0.032000 0.100300 0.032400 0.000400 0.000600 0.031300 0.031400 0.066100 0.033300 0.048000 0.032000 0.000400 0.000600 0.032600 0.000500 0.033800 0.031200 0.033200 0.000400 0.000600 0.000600 0.046900 0.016100 0.015400 0.034400 0.048600 0.031800 0.051600 0.032900 0.000600 0.000600 0.000400 0.015600 0.083400 0.015900 0.016200 0.000400
Springbuck 0.077700 0.207800 0.032200 0.130900 0.048200 0.077700 0.047500 0.031400 0.032000 0.068000 0.078400 0.050000 0.036700 0.031500 0.032000 0.000000 0.135200 0.065400 0.046600 0.032200 0.062200 0.078300 0.099700 0.067000 0.095600 0.000300 0.031100 0.032300 0.000200 0.032100 0.068000 0.063200 0.068200 0.031100 0.038000 0.032800 0.094000 0.048400 0.048200 0.075800 0.081800 0.000300 0.086400 0.067500 0.032800 0.031800 0.031800 0.047800 0.079100 0.048100 0.048800 0.032000
Okapi 0.133100 0.254200 0.101000 0.268800 0.118400 0.133100 0.116200 0.098700 0.100500 0.142700 0.134300 0.121200 0.109100 0.098900 0.100300 0.135200 0.000000 0.064900 0.099900 0.100700 0.135200 0.134400 0.175600 0.140400 0.153600 0.135500 0.098200 0.101000 0.138000 0.100900 0.142700 0.133300 0.143200 0.098200 0.109800 0.102800 0.151200 0.118900 0.082800 0.158100 0.155100 0.134800 0.164300 0.141500 0.102800 0.099400 0.100100 0.117000 0.155100 0.117800 0.118800 0.100600
Giraffe 0.064000 0.156500 0.032700 0.180200 0.048900 0.064000 0.048000 0.031900 0.032500 0.068800 0.064600 0.067900 0.031600 0.031800 0.032400 0.065400 0.064900 0.000000 0.048600 0.032700 0.065000 0.064600 0.101800 0.067700 0.082200 0.065500 0.031700 0.032800 0.066700 0.032600 0.068800 0.064100 0.087600 0.031700 0.038300 0.050200 0.080500 0.049100 0.048800 0.070200 0.083200 0.064900 0.088000 0.068300 0.050200 0.048500 0.032400 0.048600 0.082600 0.048800 0.049400 0.032400
TibetanAnt 0.030600 0.179400 0.015900 0.156300 0.032000 0.030600 0.031500 0.015600 0.000500 0.050800 0.030800 0.016400 0.015500 0.015600 0.000400 0.046600 0.099900 0.048600 0.000000 0.015900 0.046600 0.030800 0.066000 0.050000 0.047000 0.046600 0.000300 0.015900 0.047500 0.015900 0.050800 0.047400 0.033600 0.000300 0.031600 0.000500 0.046200 0.032200 0.015400 0.051800 0.048500 0.062500 0.069300 0.050400 0.000500 0.000500 0.000400 0.015500 0.115000 0.015800 0.032300 0.015900
Sitatunga 0.030900 0.177100 0.000300 0.118600 0.016200 0.030900 0.015800 0.000600 0.000300 0.034000 0.030800 0.032200 0.000600 0.000600 0.000600 0.032200 0.100700 0.032700 0.015900 0.000000 0.030900 0.031400 0.066400 0.033600 0.047900 0.032200 0.000600 0.000100 0.032800 0.000200 0.034000 0.031300 0.051600 0.000600 0.000800 0.015800 0.047100 0.016200 0.014900 0.034700 0.048900 0.032000 0.051800 0.033800 0.015800 0.015800 0.000800 0.015500 0.083600 0.016000 0.015600 0.000200
Oribi 0.077700 0.162700 0.030900 0.174400 0.047000 0.077700 0.047000 0.031400 0.031200 0.067200 0.078300 0.048800 0.037200 0.030700 0.031300 0.062200 0.135200 0.065000 0.046600 0.030900 0.000000 0.078200 0.099800 0.066300 0.095600 0.062300 0.030700 0.030800 0.063400 0.031200 0.067200 0.062900 0.067700 0.030700 0.036800 0.031600 0.094000 0.047600 0.048200 0.075400 0.081600 0.061900 0.086000 0.066900 0.031600 0.030900 0.031800 0.047300 0.114100 0.047700 0.047700 0.031200
BarbaryShe 0.030200 0.195700 0.031400 0.174300 0.047900 0.030200 0.047100 0.031100 0.031500 0.067400 0.030600 0.049400 0.030800 0.031200 0.031400 0.078300 0.134400 0.064600 0.030800 0.031400 0.078200 0.000000 0.099600 0.066300 0.046500 0.078400 0.031000 0.031400 0.079800 0.031600 0.067400 0.031000 0.032300 0.031000 0.047100 0.032300 0.045800 0.048200 0.047700 0.068600 0.081400 0.077900 0.086100 0.066900 0.032300 0.031200 0.031400 0.047600 0.131300 0.047800 0.048100 0.031500
Daviddeer 0.098900 0.224400 0.066400 0.198100 0.065700 0.098900 0.082100 0.065100 0.066200 0.033400 0.099900 0.086600 0.064700 0.065400 0.066100 0.099700 0.175600 0.101800 0.066000 0.066400 0.099800 0.099600 0.000000 0.032900 0.118400 0.099700 0.064900 0.066500 0.101900 0.066500 0.033400 0.099000 0.068400 0.064900 0.082200 0.068200 0.116200 0.065900 0.083300 0.016400 0.015900 0.099300 0.051600 0.033300 0.068200 0.065700 0.065900 0.048800 0.157500 0.083400 0.084200 0.066300
Reindeer 0.065700 0.206600 0.033600 0.149200 0.032900 0.065700 0.049200 0.032700 0.033400 0.000300 0.066400 0.069600 0.032400 0.032600 0.033300 0.067000 0.140400 0.067700 0.050000 0.033600 0.066300 0.066300 0.032900 0.000000 0.084500 0.067100 0.032500 0.033700 0.068500 0.033500 0.000300 0.065600 0.052100 0.032500 0.049500 0.051500 0.082500 0.033000 0.049800 0.000400 0.016000 0.066600 0.016900 0.000200 0.051500 0.049800 0.033300 0.049900 0.122100 0.050100 0.050800 0.033400
Ibex 0.015100 0.219200 0.048200 0.193000 0.064900 0.015100 0.064000 0.047600 0.048000 0.085900 0.015200 0.066900 0.047200 0.047700 0.048000 0.095600 0.153600 0.082200 0.047000 0.047900 0.095600 0.046500 0.118400 0.084500 0.000000 0.095600 0.047400 0.047900 0.097500 0.048100 0.085900 0.047400 0.085900 0.047400 0.063800 0.049400 0.030500 0.065200 0.064900 0.087300 0.099600 0.095100 0.105500 0.085100 0.049400 0.047500 0.048000 0.064700 0.150400 0.064900 0.065100 0.048100
GyrantGaze 0.077800 0.223300 0.032200 0.145200 0.048200 0.077800 0.047600 0.031500 0.032000 0.068000 0.078400 0.050100 0.036700 0.031500 0.032000 0.000300 0.135500 0.065500 0.046600 0.032200 0.062300 0.078400 0.099700 0.067100 0.095600 0.000000 0.031100 0.032400 0.000200 0.032200 0.068000 0.063300 0.082800 0.031100 0.037600 0.032800 0.094100 0.048500 0.062900 0.076000 0.081800 0.000100 0.086400 0.067500 0.032800 0.031800 0.031900 0.047700 0.079300 0.048100 0.048900 0.032000
Hartebeest 0.030800 0.152900 0.000600 0.132100 0.015700 0.030800 0.015400 0.000400 0.000400 0.033000 0.031100 0.016200 0.000100 0.000200 0.000400 0.031100 0.098200 0.031700 0.000300 0.000600 0.030700 0.031000 0.064900 0.032500 0.047400 0.031100 0.000000 0.000600 0.031700 0.000500 0.033000 0.030800 0.033100 0.000000 0.015400 0.000400 0.046600 0.015800 0.015200 0.033700 0.047700 0.031000 0.050500 0.032800 0.000400 0.000400 0.000500 0.015400 0.081500 0.015600 0.015800 0.000400
Bongo 0.030800 0.177600 0.000400 0.118500 0.016200 0.030800 0.015900 0.000700 0.000300 0.034100 0.030700 0.032400 0.000600 0.000600 0.000600 0.032300 0.101000 0.032800 0.015900 0.000100 0.030800 0.031400 0.066500 0.033700 0.047900 0.032400 0.000600 0.000000 0.033000 0.000300 0.034100 0.031400 0.051900 0.000600 0.000700 0.015800 0.047100 0.016300 0.014800 0.034800 0.049000 0.032100 0.051800 0.034000 0.015800 0.015900 0.000800 0.015500 0.084000 0.016100 0.015700 0.000200
Gerenuk 0.079200 0.213500 0.032800 0.133500 0.049100 0.079200 0.048400 0.032000 0.032600 0.069400 0.079900 0.051100 0.037700 0.032100 0.032600 0.000200 0.138000 0.066700 0.047500 0.032800 0.063400 0.079800 0.101900 0.068500 0.097500 0.000200 0.031700 0.033000 0.000000 0.032800 0.069400 0.064500 0.069500 0.031700 0.039300 0.033400 0.095900 0.049400 0.049100 0.077700 0.083400 0.000200 0.088500 0.068900 0.033400 0.032400 0.032400 0.048700 0.080600 0.049100 0.049700 0.032600
CommonElan 0.031100 0.177100 0.000200 0.114900 0.016100 0.031100 0.015800 0.000500 0.000200 0.033900 0.031200 0.032200 0.000500 0.000500 0.000500 0.032100 0.100900 0.032600 0.015900 0.000200 0.031200 0.031600 0.066500 0.033500 0.048100 0.032200 0.000500 0.000300 0.032800 0.000000 0.033900 0.031400 0.051600 0.000500 0.000600 0.015800 0.047000 0.016200 0.015300 0.034600 0.048900 0.031900 0.051700 0.033800 0.015800 0.015900 0.000600 0.015600 0.083500 0.016000 0.015600 0.000100
MuntiacusR 0.066700 0.185600 0.034000 0.154200 0.033500 0.066700 0.049900 0.033200 0.033900 0.000000 0.067500 0.070800 0.032900 0.033100 0.033800 0.068000 0.142700 0.068800 0.050800 0.034000 0.067200 0.067400 0.033400 0.000300 0.085900 0.068000 0.033000 0.034100 0.069400 0.033900 0.000000 0.066700 0.069500 0.033000 0.050300 0.052300 0.084000 0.033600 0.050500 0.000400 0.016200 0.067400 0.016800 0.000400 0.052300 0.050600 0.033800 0.050600 0.124000 0.050900 0.051400 0.033800
HarveysDui 0.030800 0.193300 0.031300 0.172800 0.047500 0.030800 0.015200 0.030800 0.031300 0.066700 0.031100 0.066200 0.030700 0.030900 0.031200 0.063200 0.133300 0.064100 0.047400 0.031300 0.062900 0.031000 0.099000 0.065600 0.047400 0.063300 0.030800 0.031400 0.064500 0.031400 0.066700 0.000000 0.084700 0.030800 0.046700 0.048800 0.046500 0.047700 0.047500 0.067800 0.080800 0.062800 0.085400 0.066200 0.048800 0.047300 0.031100 0.047200 0.115700 0.047400 0.047700 0.031300
Pronghorn 0.066800 0.211600 0.051600 0.192800 0.057500 0.066800 0.067700 0.050300 0.034000 0.069500 0.067400 0.053100 0.058300 0.050400 0.033200 0.068200 0.143200 0.087600 0.033600 0.051600 0.067700 0.032300 0.068400 0.052100 0.085900 0.082800 0.033100 0.051900 0.069500 0.051600 0.069500 0.084700 0.000000 0.033100 0.059200 0.034800 0.084500 0.058400 0.048700 0.059700 0.050200 0.085400 0.088900 0.051600 0.034800 0.033700 0.033100 0.050800 0.144700 0.051100 0.069600 0.051300
BlueWildeb 0.030800 0.152900 0.000600 0.132100 0.015700 0.030800 0.015400 0.000400 0.000400 0.033000 0.031100 0.016200 0.000100 0.000200 0.000400 0.031100 0.098200 0.031700 0.000300 0.000600 0.030700 0.031000 0.064900 0.032500 0.047400 0.031100 0.000000 0.000600 0.031700 0.000500 0.033000 0.030800 0.033100 0.000000 0.015400 0.000400 0.046600 0.015800 0.015200 0.033700 0.047700 0.031000 0.050500 0.032800 0.000400 0.000400 0.000500 0.015400 0.081500 0.015600 0.015800 0.000400
Gemsbok 0.046700 0.171000 0.000600 0.144200 0.031800 0.046700 0.031100 0.000600 0.000700 0.050300 0.047000 0.038600 0.015300 0.015500 0.000600 0.038000 0.109800 0.038300 0.031600 0.000800 0.036800 0.047100 0.082200 0.049500 0.063800 0.037600 0.015400 0.000700 0.039300 0.000600 0.050300 0.046700 0.059200 0.015400 0.000000 0.021300 0.062600 0.019500 0.019600 0.051300 0.064500 0.038100 0.068300 0.049900 0.021300 0.020300 0.000800 0.019800 0.094700 0.020100 0.020600 0.000600
Yak 0.031900 0.183500 0.015800 0.140000 0.033000 0.031900 0.032500 0.016000 0.000500 0.052300 0.032200 0.016300 0.015900 0.016100 0.000600 0.032800 0.102800 0.050200 0.000500 0.015800 0.031600 0.032300 0.068200 0.051500 0.049400 0.032800 0.000400 0.015800 0.033400 0.015800 0.052300 0.048800 0.034800 0.000400 0.021300 0.000000 0.048100 0.033200 0.015500 0.053300 0.050000 0.049200 0.071500 0.052000 0.000000 0.000400 0.000700 0.015900 0.103500 0.016300 0.032100 0.015800
BlueSheep 0.014900 0.214000 0.046700 0.156700 0.063500 0.014900 0.062800 0.046700 0.046900 0.084000 0.014900 0.065400 0.046300 0.046700 0.046900 0.094000 0.151200 0.080500 0.046200 0.047100 0.094000 0.045800 0.116200 0.082500 0.030500 0.094100 0.046600 0.047100 0.095900 0.047000 0.084000 0.046500 0.084500 0.046600 0.062600 0.048100 0.000000 0.063800 0.063600 0.085100 0.097700 0.093500 0.103200 0.083300 0.048100 0.046500 0.046900 0.063400 0.147800 0.063600 0.064000 0.047000
BohorReedb 0.047400 0.178000 0.016200 0.123800 0.000100 0.047400 0.031800 0.015800 0.016200 0.033600 0.048000 0.050500 0.015700 0.015800 0.016100 0.048400 0.118900 0.049100 0.032200 0.016200 0.047600 0.048200 0.065900 0.033000 0.065200 0.048500 0.015800 0.016300 0.049400 0.016200 0.033600 0.047700 0.058400 0.015800 0.019500 0.033200 0.063800 0.000000 0.031700 0.034200 0.048600 0.048100 0.051200 0.033300 0.033200 0.032200 0.016100 0.032000 0.101200 0.032300 0.032700 0.016100
KirksDik 0.047400 0.179700 0.015000 0.146500 0.031300 0.047400 0.031500 0.015600 0.015300 0.050500 0.047700 0.032700 0.019400 0.015100 0.015400 0.048200 0.082800 0.048800 0.015400 0.014900 0.048200 0.047700 0.083300 0.049800 0.064900 0.062900 0.015200 0.014800 0.049100 0.015300 0.050500 0.047500 0.048700 0.015200 0.019600 0.015500 0.063600 0.031700 0.000000 0.056600 0.065300 0.048000 0.069000 0.049400 0.015500 0.014900 0.015600 0.031600 0.101200 0.031800 0.032000 0.015400
RoeDeer 0.067800 0.205200 0.034700 0.156900 0.034100 0.067800 0.050900 0.038600 0.034600 0.000400 0.068500 0.072100 0.033500 0.033800 0.034400 0.075800 0.158100 0.070200 0.051800 0.034700 0.075400 0.068600 0.016400 0.000400 0.087300 0.076000 0.033700 0.034800 0.077700 0.034600 0.000400 0.067800 0.059700 0.033700 0.051300 0.053300 0.085100 0.034200 0.056600 0.000000 0.016300 0.075600 0.017500 0.000500 0.053300 0.051500 0.038400 0.037900 0.126600 0.051800 0.052500 0.034500
WhiteLippe 0.080800 0.223100 0.049000 0.170700 0.048400 0.080800 0.064300 0.047900 0.048700 0.016200 0.081700 0.067800 0.047500 0.048100 0.048600 0.081800 0.155100 0.083200 0.048500 0.048900 0.081600 0.081400 0.015900 0.016000 0.099600 0.081800 0.047700 0.049000 0.083400 0.048900 0.016200 0.080800 0.050200 0.047700 0.064500 0.050000 0.097700 0.048600 0.065300 0.016300 0.000000 0.081400 0.033500 0.016200 0.050000 0.048300 0.048500 0.065200 0.137300 0.065400 0.066000 0.048700
ThomsonGaz 0.077300 0.206800 0.032000 0.129700 0.047800 0.077300 0.047100 0.031200 0.031900 0.067400 0.078000 0.066800 0.036900 0.031200 0.031800 0.000300 0.134800 0.064900 0.062500 0.032000 0.061900 0.077900 0.099300 0.066600 0.095100 0.000100 0.031000 0.032100 0.000200 0.031900 0.067400 0.062800 0.085400 0.031000 0.038100 0.049200 0.093500 0.048100 0.048000 0.075600 0.081400 0.000000 0.085900 0.067000 0.049200 0.047700 0.031700 0.047500 0.078600 0.047900 0.048400 0.031800
MuntiacusC 0.085400 0.165500 0.051900 0.179300 0.051100 0.085400 0.068100 0.050600 0.051600 0.016800 0.086300 0.090600 0.050300 0.050800 0.051600 0.086400 0.164300 0.088000 0.069300 0.051800 0.086000 0.086100 0.051600 0.016900 0.105500 0.086400 0.050500 0.051800 0.088500 0.051700 0.016800 0.085400 0.088900 0.050500 0.068300 0.071500 0.103200 0.051200 0.069000 0.017500 0.033500 0.085900 0.000000 0.017100 0.071500 0.068900 0.051400 0.069000 0.145100 0.069400 0.069900 0.051600
WhiteTaile 0.066200 0.204900 0.033800 0.156100 0.033200 0.066200 0.049600 0.032900 0.033700 0.000400 0.066900 0.070300 0.032600 0.032900 0.032900 0.067500 0.141500 0.068300 0.050400 0.033800 0.066900 0.066900 0.033300 0.000200 0.085100 0.067500 0.032800 0.034000 0.068900 0.033800 0.000400 0.066200 0.051600 0.032800 0.049900 0.052000 0.083300 0.033300 0.049400 0.000500 0.016200 0.067000 0.017100 0.000000 0.052000 0.050300 0.032900 0.050300 0.123300 0.050500 0.051200 0.033600
Cattle 0.031900 0.183500 0.015800 0.140000 0.033000 0.031900 0.032500 0.016000 0.000500 0.052300 0.032200 0.016300 0.015900 0.016100 0.000600 0.032800 0.102800 0.050200 0.000500 0.015800 0.031600 0.032300 0.068200 0.051500 0.049400 0.032800 0.000400 0.015800 0.033400 0.015800 0.052300 0.048800 0.034800 0.000400 0.021300 0.000000 0.048100 0.033200 0.015500 0.053300 0.050000 0.049200 0.071500 0.052000 0.000000 0.000400 0.000700 0.015900 0.103500 0.016300 0.032100 0.015800
RoyalAntel 0.030800 0.177100 0.015800 0.155900 0.032000 0.030800 0.031400 0.015500 0.000400 0.050600 0.030800 0.016300 0.015400 0.015600 0.000600 0.031800 0.099400 0.048500 0.000500 0.015800 0.030900 0.031200 0.065700 0.049800 0.047500 0.031800 0.000400 0.015900 0.032400 0.015900 0.050600 0.047300 0.033700 0.000400 0.020300 0.000400 0.046500 0.032200 0.014900 0.051500 0.048300 0.047700 0.068900 0.050300 0.000400 0.000000 0.000700 0.015500 0.100300 0.015800 0.032200 0.015800
Steenbok 0.031100 0.163600 0.000800 0.131700 0.016000 0.031100 0.015700 0.000200 0.000600 0.033800 0.031200 0.016500 0.000600 0.000600 0.000400 0.031800 0.100100 0.032400 0.000400 0.000800 0.031800 0.031400 0.065900 0.033300 0.048000 0.031900 0.000500 0.000800 0.032400 0.000600 0.033800 0.031100 0.033100 0.000500 0.000800 0.000700 0.046900 0.016100 0.015600 0.038400 0.048500 0.031700 0.051400 0.032900 0.000700 0.000700 0.000000 0.015400 0.083400 0.015900 0.016100 0.000600
Impala 0.047300 0.163500 0.015600 0.152800 0.031800 0.047300 0.031400 0.015300 0.015600 0.050600 0.047700 0.032200 0.015300 0.015400 0.015600 0.047800 0.117000 0.048600 0.015500 0.015500 0.047300 0.047600 0.048800 0.049900 0.064700 0.047700 0.015400 0.015500 0.048700 0.015600 0.050600 0.047200 0.050800 0.015400 0.019800 0.015900 0.063400 0.032000 0.031600 0.037900 0.065200 0.047500 0.069000 0.050300 0.015900 0.015500 0.015400 0.000000 0.100200 0.031800 0.032000 0.015600
Klipspring 0.130200 0.273300 0.083600 0.149200 0.100800 0.130200 0.098800 0.082000 0.083400 0.124000 0.131500 0.122800 0.081100 0.081700 0.083400 0.079100 0.155100 0.082600 0.115000 0.083600 0.114100 0.131300 0.157500 0.122100 0.150400 0.079300 0.081500 0.084000 0.080600 0.083500 0.124000 0.115700 0.144700 0.081500 0.094700 0.103500 0.147800 0.101200 0.101200 0.126600 0.137300 0.078600 0.145100 0.123300 0.103500 0.100300 0.083400 0.100200 0.000000 0.100400 0.101400 0.083200
ForestMusk 0.047400 0.177300 0.016000 0.152400 0.032200 0.047400 0.031500 0.015700 0.015900 0.050900 0.047900 0.033100 0.015500 0.015700 0.015900 0.048100 0.117800 0.048800 0.015800 0.016000 0.047700 0.047800 0.083400 0.050100 0.064900 0.048100 0.015600 0.016100 0.049100 0.016000 0.050900 0.047400 0.051100 0.015600 0.020100 0.016300 0.063600 0.032300 0.031800 0.051800 0.065400 0.047900 0.069400 0.050500 0.016300 0.015800 0.015900 0.031800 0.100400 0.000000 0.032400 0.015900
Bushbuck 0.047500 0.199900 0.015600 0.139500 0.032600 0.047500 0.031900 0.015900 0.015600 0.051400 0.047800 0.048900 0.015700 0.015900 0.016200 0.048800 0.118800 0.049400 0.032300 0.015600 0.047700 0.048100 0.084200 0.050800 0.065100 0.048900 0.015800 0.015700 0.049700 0.015600 0.051400 0.047700 0.069600 0.015800 0.020600 0.032100 0.064000 0.032700 0.032000 0.052500 0.066000 0.048400 0.069900 0.051200 0.032100 0.032200 0.016100 0.032000 0.101400 0.032400 0.000000 0.015500
GreaterKud 0.031100 0.176900 0.000200 0.114800 0.016100 0.031100 0.015700 0.000500 0.000100 0.033800 0.031200 0.032100 0.000400 0.000400 0.000400 0.032000 0.100600 0.032400 0.015900 0.000200 0.031200 0.031500 0.066300 0.033400 0.048100 0.032000 0.000400 0.000200 0.032600 0.000100 0.033800 0.031300 0.051300 0.000400 0.000600 0.015800 0.047000 0.016100 0.015400 0.034500 0.048700 0.031800 0.051600 0.033600 0.015800 0.015800 0.000600 0.015600 0.083200 0.015900 0.015500 0.000000
