1
52 1
Argali 0.000000 0.169800 0.079900 0.181400 0.062600 0.012200 0.036100 0.054200 0.071200 0.071600 0.028300 0.067000 0.041200 0.032900 0.067000 0.062900 0.089200 0.085000 0.032800 0.066900 0.058600 0.028700 0.071800 0.080100 0.024500 0.062900 0.037000 0.071600 0.058500 0.075700 0.080900 0.045400 0.085100 0.035700 0.049800 0.075900 0.028700 0.054000 0.058600 0.080100 0.071800 0.050000 0.071600 0.089200 0.080200 0.037000 0.045600 0.045500 0.062700 0.161900 0.071600 0.076000
LesserMous 0.169800 0.000000 0.164800 0.210700 0.164500 0.164900 0.154900 0.165300 0.155100 0.145200 0.165200 0.150000 0.159600 0.150400 0.160200 0.180700 0.159300 0.145300 0.150200 0.150300 0.180300 0.154900 0.141100 0.126200 0.159900 0.165800 0.164700 0.155400 0.180500 0.160100 0.155600 0.145300 0.190200 0.164700 0.155100 0.159800 0.164800 0.154700 0.190900 0.140200 0.141100 0.170700 0.145100 0.145400 0.164600 0.164800 0.165300 0.165100 0.170000 0.219900 0.155200 0.160100
LesserKudu 0.079900 0.164800 0.000000 0.176300 0.075500 0.075500 0.066900 0.067000 0.016000 0.041400 0.061400 0.028700 0.071100 0.054000 0.062600 0.075900 0.049900 0.054400 0.053900 0.012200 0.071500 0.058200 0.054400 0.049800 0.062500 0.075800 0.066800 0.008100 0.071400 0.011900 0.050200 0.058200 0.080600 0.066800 0.071200 0.037100 0.066800 0.066800 0.080400 0.049800 0.054400 0.062800 0.050000 0.058500 0.041300 0.058100 0.058300 0.066900 0.066900 0.132400 0.008100 0.012200
KillerWhal 0.181400 0.210700 0.176300 0.000000 0.170600 0.176300 0.166800 0.176900 0.166600 0.147500 0.157200 0.161500 0.161400 0.162000 0.201900 0.187500 0.176400 0.161600 0.161300 0.161600 0.182000 0.156600 0.182100 0.175900 0.151800 0.182300 0.166500 0.166900 0.182400 0.171800 0.158200 0.166400 0.187100 0.166500 0.171600 0.171600 0.156600 0.170800 0.172700 0.175800 0.182200 0.172500 0.147400 0.180800 0.176400 0.166400 0.167100 0.186800 0.166800 0.261200 0.166900 0.172000
DefassaWat 0.062600 0.164500 0.075500 0.170600 0.000000 0.049700 0.049700 0.049900 0.066800 0.058200 0.037100 0.071100 0.045500 0.045500 0.054000 0.050000 0.084400 0.080200 0.037000 0.062500 0.045600 0.032800 0.062800 0.066700 0.037000 0.041400 0.041200 0.066900 0.045700 0.071200 0.067200 0.041200 0.089300 0.041200 0.037100 0.079900 0.041300 0.008000 0.054300 0.066700 0.062800 0.037200 0.066900 0.075600 0.075500 0.032800 0.032900 0.041300 0.049800 0.151100 0.066900 0.071300
Sheep 0.012200 0.164900 0.075500 0.176300 0.049700 0.000000 0.041200 0.049900 0.066900 0.067200 0.024100 0.062600 0.037000 0.028200 0.062700 0.058600 0.084700 0.080500 0.028100 0.062500 0.054300 0.024500 0.067400 0.075700 0.020000 0.057000 0.032800 0.067200 0.053800 0.071300 0.076400 0.041200 0.071800 0.032300 0.045500 0.071400 0.024500 0.049700 0.053500 0.075700 0.067400 0.045700 0.067200 0.084700 0.067000 0.032800 0.041300 0.041300 0.058300 0.156800 0.067200 0.071500
MaxwellsDu 0.036100 0.154900 0.066900 0.166800 0.049700 0.041200 0.000000 0.049900 0.058300 0.041500 0.032500 0.054100 0.037000 0.020000 0.054100 0.058500 0.076000 0.071800 0.028600 0.054000 0.054300 0.023800 0.063000 0.058400 0.028700 0.058500 0.032800 0.058600 0.054200 0.062600 0.050300 0.024500 0.089600 0.032800 0.037100 0.062800 0.032800 0.041200 0.062900 0.067000 0.063100 0.045700 0.041500 0.067200 0.067100 0.031700 0.041300 0.031800 0.049800 0.142100 0.058500 0.062900
GazellaPrz 0.054200 0.165300 0.067000 0.176900 0.049900 0.049900 0.049900 0.000000 0.058400 0.058700 0.037300 0.054200 0.037100 0.036500 0.054200 0.033000 0.076100 0.080800 0.037100 0.054100 0.028800 0.032900 0.063200 0.067200 0.037200 0.031800 0.041400 0.058700 0.028200 0.062800 0.067800 0.041400 0.099000 0.041400 0.045700 0.062900 0.041000 0.041400 0.037200 0.067200 0.063300 0.020500 0.067500 0.076100 0.067200 0.032900 0.024600 0.041400 0.049900 0.152300 0.058700 0.063000
MountainNy 0.071200 0.155100 0.016000 0.166600 0.066800 0.066900 0.058300 0.058400 0.000000 0.033000 0.054100 0.028800 0.062500 0.045800 0.054000 0.067200 0.041400 0.045800 0.045400 0.004000 0.062900 0.049700 0.045800 0.041300 0.054000 0.067100 0.058200 0.008100 0.054200 0.012000 0.041700 0.049700 0.071800 0.058200 0.062600 0.037200 0.058200 0.058200 0.071600 0.041300 0.045900 0.054200 0.041500 0.050000 0.041400 0.049700 0.049800 0.058300 0.058300 0.127500 0.008100 0.004100
MuntiacusM 0.071600 0.145200 0.041400 0.147500 0.058200 0.067200 0.041500 0.058700 0.033000 0.000000 0.054400 0.037200 0.062900 0.045800 0.054300 0.067500 0.041400 0.045800 0.054200 0.028800 0.063000 0.049900 0.036700 0.032800 0.054300 0.067500 0.058500 0.033100 0.063100 0.037300 0.008200 0.041400 0.080700 0.058500 0.054300 0.045800 0.058500 0.049700 0.072000 0.032900 0.037200 0.054500 0.008000 0.041300 0.050000 0.049900 0.050100 0.050000 0.058600 0.122700 0.033100 0.037300
goat 0.028300 0.165200 0.061400 0.157200 0.037100 0.024100 0.032500 0.037300 0.054100 0.054400 0.000000 0.049900 0.020000 0.020500 0.048800 0.037300 0.071700 0.071900 0.012200 0.049800 0.033100 0.008000 0.058900 0.062800 0.004000 0.037300 0.016000 0.054400 0.033100 0.058400 0.063400 0.031800 0.072000 0.016000 0.028200 0.058600 0.008000 0.028800 0.033100 0.062800 0.058900 0.024300 0.058700 0.071700 0.062900 0.012100 0.020300 0.028800 0.036600 0.142400 0.054300 0.058700
AfricanBuf 0.067000 0.150000 0.028700 0.161500 0.071100 0.062600 0.054100 0.054200 0.028800 0.037200 0.049900 0.000000 0.049800 0.041400 0.067100 0.071700 0.045700 0.050100 0.041300 0.024600 0.067100 0.045500 0.050100 0.045500 0.049800 0.071600 0.054100 0.028800 0.067300 0.033000 0.046000 0.054100 0.076200 0.054100 0.067100 0.008100 0.054100 0.062400 0.076100 0.045500 0.050100 0.058600 0.045800 0.054200 0.012200 0.045500 0.054200 0.054100 0.062800 0.117600 0.028800 0.033000
Topi 0.041200 0.159600 0.071100 0.161400 0.045500 0.037000 0.037000 0.037100 0.062500 0.062900 0.020000 0.049800 0.000000 0.024100 0.058300 0.044700 0.080300 0.076100 0.016300 0.058200 0.041500 0.012200 0.067400 0.071300 0.016300 0.044900 0.004000 0.062800 0.041400 0.066900 0.072000 0.037000 0.085100 0.004000 0.024600 0.058400 0.020400 0.037000 0.050000 0.071300 0.067400 0.033000 0.062900 0.080300 0.062700 0.020000 0.028800 0.037100 0.045500 0.152000 0.062800 0.067200
CommonDuik 0.032900 0.150400 0.054000 0.162000 0.045500 0.028200 0.020000 0.036500 0.045800 0.045800 0.020500 0.041400 0.024100 0.000000 0.049900 0.045800 0.062900 0.058800 0.015900 0.041300 0.041500 0.012000 0.058800 0.054200 0.015800 0.045100 0.020400 0.045800 0.041500 0.049800 0.054700 0.012000 0.076300 0.019800 0.032500 0.050000 0.020000 0.037100 0.050100 0.062700 0.058800 0.033100 0.045800 0.062900 0.054200 0.020000 0.028800 0.028400 0.036800 0.132500 0.045800 0.050000
Suni 0.067000 0.160200 0.062600 0.201900 0.054000 0.062700 0.054100 0.054200 0.054000 0.054300 0.048800 0.067100 0.058300 0.049900 0.000000 0.058600 0.080400 0.085200 0.049000 0.049700 0.058700 0.045500 0.050200 0.054100 0.048700 0.062900 0.054100 0.054200 0.058600 0.058300 0.063300 0.045500 0.103200 0.054100 0.049800 0.076000 0.054100 0.045500 0.067400 0.054100 0.050200 0.050000 0.063000 0.062900 0.080400 0.045500 0.045600 0.037200 0.062700 0.157100 0.054200 0.058600
Springbuck 0.062900 0.180700 0.075900 0.187500 0.050000 0.058600 0.058500 0.033000 0.067200 0.067500 0.037300 0.071700 0.044700 0.045800 0.058600 0.000000 0.085100 0.089900 0.037200 0.062800 0.020500 0.033000 0.067700 0.071700 0.037200 0.024600 0.041500 0.067500 0.012000 0.071600 0.076700 0.048900 0.108300 0.040700 0.045800 0.080600 0.041500 0.041500 0.037300 0.071700 0.067700 0.012200 0.076300 0.080700 0.085000 0.033000 0.024600 0.050000 0.050000 0.162500 0.067500 0.071900
Okapi 0.089200 0.159300 0.049900 0.176400 0.084400 0.084700 0.076000 0.076100 0.041400 0.041400 0.071700 0.045700 0.080300 0.062900 0.080400 0.085100 0.000000 0.054200 0.062800 0.037200 0.080500 0.067100 0.054400 0.049800 0.071500 0.085000 0.075900 0.041500 0.080600 0.045700 0.050300 0.067100 0.089600 0.075900 0.080400 0.054300 0.075900 0.075600 0.089700 0.049800 0.054400 0.071800 0.050000 0.058500 0.058600 0.067100 0.067300 0.076000 0.067300 0.137500 0.041500 0.045800
Giraffe 0.085000 0.145300 0.054400 0.161600 0.080200 0.080500 0.071800 0.080800 0.045800 0.045800 0.071900 0.050100 0.076100 0.058800 0.085200 0.089900 0.054200 0.000000 0.058600 0.041600 0.085200 0.063000 0.058900 0.054200 0.067400 0.080900 0.071700 0.045900 0.085400 0.050200 0.054700 0.063000 0.076400 0.071700 0.076200 0.058800 0.071700 0.071500 0.094600 0.054200 0.058900 0.076500 0.045800 0.054200 0.063100 0.071700 0.071900 0.080700 0.080700 0.132900 0.045900 0.050200
TibetanAnt 0.032800 0.150200 0.053900 0.161300 0.037000 0.028100 0.028600 0.037100 0.045400 0.054200 0.012200 0.041300 0.016300 0.015900 0.049000 0.037200 0.062800 0.058600 0.000000 0.040500 0.033000 0.004000 0.050000 0.054000 0.008000 0.037200 0.012200 0.045600 0.033000 0.049300 0.063200 0.028600 0.067400 0.012200 0.024500 0.049800 0.012000 0.028700 0.041500 0.054000 0.050100 0.024600 0.054200 0.062800 0.054100 0.012000 0.020400 0.028100 0.037100 0.132100 0.045600 0.049900
Sitatunga 0.066900 0.150300 0.012200 0.161600 0.062500 0.062500 0.054000 0.054100 0.004000 0.028800 0.049800 0.024600 0.058200 0.041300 0.049700 0.062800 0.037200 0.041600 0.040500 0.000000 0.058500 0.045400 0.041600 0.037100 0.049700 0.062800 0.053900 0.004100 0.058500 0.008000 0.037400 0.045400 0.067400 0.053900 0.058300 0.033000 0.054400 0.053900 0.067300 0.037100 0.041600 0.049900 0.037300 0.045700 0.037200 0.045400 0.045500 0.054100 0.054000 0.122600 0.004100 0.008100
Oribi 0.058600 0.180300 0.071500 0.182000 0.045600 0.054300 0.054300 0.028800 0.062900 0.063000 0.033100 0.067100 0.041500 0.041500 0.058700 0.020500 0.080500 0.085200 0.033000 0.058500 0.000000 0.028800 0.067600 0.071500 0.033100 0.028900 0.037300 0.063000 0.016400 0.067300 0.072100 0.045700 0.103400 0.037300 0.041500 0.076000 0.037300 0.037200 0.033100 0.071500 0.067600 0.016400 0.071700 0.080500 0.080400 0.028800 0.020500 0.045800 0.045800 0.157000 0.063000 0.067300
BarbaryShe 0.028700 0.154900 0.058200 0.156600 0.032800 0.024500 0.023800 0.032900 0.049700 0.049900 0.008000 0.045500 0.012200 0.012000 0.045500 0.033000 0.067100 0.063000 0.004000 0.045400 0.028800 0.000000 0.054400 0.058300 0.004000 0.031800 0.008000 0.049900 0.028800 0.054000 0.058900 0.024100 0.071800 0.008100 0.020100 0.054100 0.008000 0.024500 0.037300 0.058300 0.054400 0.020500 0.049900 0.067100 0.058400 0.008100 0.016300 0.024000 0.032300 0.137000 0.049900 0.054200
Daviddeer 0.071800 0.141100 0.054400 0.182100 0.062800 0.067400 0.063000 0.063200 0.045800 0.036700 0.058900 0.050100 0.067400 0.058800 0.050200 0.067700 0.054400 0.058900 0.050000 0.041600 0.067600 0.054400 0.000000 0.028700 0.058700 0.072100 0.063000 0.045900 0.067700 0.050200 0.046100 0.054300 0.085400 0.063000 0.058700 0.058800 0.063000 0.054200 0.076600 0.020500 0.004000 0.059000 0.045700 0.037200 0.063100 0.054300 0.054500 0.054400 0.071800 0.127900 0.045900 0.050200
Reindeer 0.080100 0.126200 0.049800 0.175900 0.066700 0.075700 0.058400 0.067200 0.041300 0.032800 0.062800 0.045500 0.071300 0.054200 0.054100 0.071700 0.049800 0.054200 0.054000 0.037100 0.071500 0.058300 0.028700 0.000000 0.062700 0.076000 0.067000 0.041400 0.071600 0.045600 0.041600 0.049800 0.089300 0.067000 0.062700 0.054200 0.067000 0.058100 0.080600 0.028600 0.028700 0.062900 0.040400 0.015800 0.058400 0.058300 0.058500 0.058400 0.067100 0.112700 0.041400 0.045700
Ibex 0.024500 0.159900 0.062500 0.151800 0.037000 0.020000 0.028700 0.037200 0.054000 0.054300 0.004000 0.049800 0.016300 0.015800 0.048700 0.037200 0.071500 0.067400 0.008000 0.049700 0.033100 0.004000 0.058700 0.062700 0.000000 0.037200 0.012000 0.054200 0.033000 0.057700 0.063300 0.028700 0.067400 0.011900 0.024600 0.058500 0.004000 0.028700 0.033100 0.062700 0.058700 0.023900 0.054200 0.071500 0.062700 0.011900 0.020500 0.028700 0.037100 0.142000 0.054200 0.058500
GyrantGaze 0.062900 0.165800 0.075800 0.182300 0.041400 0.057000 0.058500 0.031800 0.067100 0.067500 0.037300 0.071600 0.044900 0.045100 0.062900 0.024600 0.085000 0.080900 0.037200 0.062800 0.028900 0.031800 0.072100 0.076000 0.037200 0.000000 0.041400 0.067400 0.020400 0.071500 0.076700 0.049900 0.099000 0.041400 0.045700 0.080500 0.041500 0.033000 0.037300 0.076000 0.072100 0.012200 0.076300 0.085100 0.084900 0.033000 0.023900 0.050000 0.050000 0.152300 0.067400 0.071800
Hartebeest 0.037000 0.164700 0.066800 0.166500 0.041200 0.032800 0.032800 0.041400 0.058200 0.058500 0.016000 0.054100 0.004000 0.020400 0.054100 0.041500 0.075900 0.071700 0.012200 0.053900 0.037300 0.008000 0.063000 0.067000 0.012000 0.041400 0.000000 0.058500 0.036300 0.062600 0.067600 0.032800 0.080600 0.000000 0.020000 0.062800 0.016300 0.032900 0.045800 0.067000 0.063100 0.028800 0.058500 0.075900 0.067100 0.016300 0.024600 0.032700 0.041300 0.147000 0.058500 0.062800
Bongo 0.071600 0.155400 0.008100 0.166900 0.066900 0.067200 0.058600 0.058700 0.008100 0.033100 0.054400 0.028800 0.062800 0.045800 0.054200 0.067500 0.041500 0.045900 0.045600 0.004100 0.063000 0.049900 0.045900 0.041400 0.054200 0.067400 0.058500 0.000000 0.063100 0.004100 0.041800 0.049900 0.071900 0.058500 0.062900 0.037300 0.058500 0.058300 0.072000 0.041400 0.045900 0.054500 0.041600 0.050000 0.041500 0.049900 0.050000 0.058600 0.058600 0.127900 0.000000 0.004100
Gerenuk 0.058500 0.180500 0.071400 0.182400 0.045700 0.053800 0.054200 0.028200 0.054200 0.063100 0.033100 0.067300 0.041400 0.041500 0.058600 0.012000 0.080600 0.085400 0.033000 0.058500 0.016400 0.028800 0.067700 0.071600 0.033000 0.020400 0.036300 0.063100 0.000000 0.067200 0.072300 0.045600 0.103600 0.037200 0.039700 0.076100 0.036400 0.037200 0.033100 0.071600 0.067700 0.008000 0.071900 0.080600 0.080500 0.028800 0.020500 0.045700 0.045700 0.157400 0.063100 0.058800
CommonElan 0.075700 0.160100 0.011900 0.171800 0.071200 0.071300 0.062600 0.062800 0.012000 0.037300 0.058400 0.033000 0.066900 0.049800 0.058300 0.071600 0.045700 0.050200 0.049300 0.008000 0.067300 0.054000 0.050200 0.045600 0.057700 0.071500 0.062600 0.004100 0.067200 0.000000 0.046000 0.054000 0.076300 0.063000 0.067000 0.041500 0.062600 0.062600 0.076100 0.045600 0.050200 0.058600 0.045800 0.054300 0.045700 0.054000 0.054100 0.062700 0.062700 0.132500 0.004100 0.008100
MuntiacusR 0.080900 0.155600 0.050200 0.158200 0.067200 0.076400 0.050300 0.067800 0.041700 0.008200 0.063400 0.046000 0.072000 0.054700 0.063300 0.076700 0.050300 0.054700 0.063200 0.037400 0.072100 0.058900 0.046100 0.041600 0.063300 0.076700 0.067600 0.041800 0.072300 0.046000 0.000000 0.050200 0.090200 0.067600 0.063300 0.054700 0.067600 0.058600 0.081300 0.041600 0.046100 0.063500 0.016500 0.050200 0.059000 0.058800 0.059000 0.059000 0.067700 0.133400 0.041800 0.046100
HarveysDui 0.045400 0.145300 0.058200 0.166400 0.041200 0.041200 0.024500 0.041400 0.049700 0.041400 0.031800 0.054100 0.037000 0.012000 0.045500 0.048900 0.067100 0.063000 0.028600 0.045400 0.045700 0.024100 0.054300 0.049800 0.028700 0.049900 0.032800 0.049900 0.045600 0.054000 0.050200 0.000000 0.089500 0.032800 0.028700 0.062800 0.032800 0.032800 0.054300 0.058300 0.054400 0.036300 0.041400 0.058500 0.067100 0.032800 0.032900 0.032900 0.040900 0.142000 0.049900 0.054200
Pronghorn 0.085100 0.190200 0.080600 0.187100 0.089300 0.071800 0.089600 0.099000 0.071800 0.080700 0.072000 0.076200 0.085100 0.076300 0.103200 0.108300 0.089600 0.076400 0.067400 0.067400 0.103400 0.071800 0.085400 0.089300 0.067400 0.099000 0.080600 0.071900 0.103600 0.076300 0.090200 0.089500 0.000000 0.080600 0.094200 0.085200 0.071800 0.089300 0.103800 0.071700 0.085500 0.094600 0.080700 0.098600 0.080700 0.080600 0.089800 0.089700 0.107800 0.162500 0.071900 0.076400
BlueWildeb 0.035700 0.164700 0.066800 0.166500 0.041200 0.032300 0.032800 0.041400 0.058200 0.058500 0.016000 0.054100 0.004000 0.019800 0.054100 0.040700 0.075900 0.071700 0.012200 0.053900 0.037300 0.008100 0.063000 0.067000 0.011900 0.041400 0.000000 0.058500 0.037200 0.063000 0.067600 0.032800 0.080600 0.000000 0.020000 0.062800 0.016000 0.032900 0.045800 0.067000 0.063100 0.028200 0.058500 0.075900 0.067100 0.016300 0.023900 0.032900 0.041300 0.147000 0.058500 0.062800
Gemsbok 0.049800 0.155100 0.071200 0.171600 0.037100 0.045500 0.037100 0.045700 0.062600 0.054300 0.028200 0.067100 0.024600 0.032500 0.049800 0.045800 0.080400 0.076200 0.024500 0.058300 0.041500 0.020100 0.058700 0.062700 0.024600 0.045700 0.020000 0.062900 0.039700 0.067000 0.063300 0.028700 0.094200 0.020000 0.000000 0.076000 0.028700 0.028700 0.050100 0.062700 0.058800 0.032400 0.054300 0.071600 0.080300 0.028700 0.028800 0.037100 0.045900 0.157100 0.062900 0.067300
Yak 0.075900 0.159800 0.037100 0.171600 0.079900 0.071400 0.062800 0.062900 0.037200 0.045800 0.058600 0.008100 0.058400 0.050000 0.076000 0.080600 0.054300 0.058800 0.049800 0.033000 0.076000 0.054100 0.058800 0.054200 0.058500 0.080500 0.062800 0.037300 0.076100 0.041500 0.054700 0.062800 0.085200 0.062800 0.076000 0.000000 0.062700 0.071200 0.085100 0.054100 0.058800 0.067400 0.045800 0.062900 0.004000 0.054100 0.062900 0.062900 0.071600 0.127700 0.037300 0.041500
BlueSheep 0.028700 0.164800 0.066800 0.156600 0.041300 0.024500 0.032800 0.041000 0.058200 0.058500 0.008000 0.054100 0.020400 0.020000 0.054100 0.041500 0.075900 0.071700 0.012000 0.054400 0.037300 0.008000 0.063000 0.067000 0.004000 0.041500 0.016300 0.058500 0.036400 0.062600 0.067600 0.032800 0.071800 0.016000 0.028700 0.062700 0.000000 0.032900 0.035700 0.067000 0.063100 0.028600 0.058500 0.075900 0.067000 0.016300 0.024000 0.032900 0.041300 0.146900 0.058500 0.062800
BohorReedb 0.054000 0.154700 0.066800 0.170800 0.008000 0.049700 0.041200 0.041400 0.058200 0.049700 0.028800 0.062400 0.037000 0.037100 0.045500 0.041500 0.075600 0.071500 0.028700 0.053900 0.037200 0.024500 0.054200 0.058100 0.028700 0.033000 0.032900 0.058300 0.037200 0.062600 0.058600 0.032800 0.089300 0.032900 0.028700 0.071200 0.032900 0.000000 0.045800 0.058100 0.054200 0.028800 0.058300 0.066900 0.075500 0.024500 0.024600 0.032900 0.041300 0.141400 0.058300 0.062600
KirksDik 0.058600 0.190900 0.080400 0.172700 0.054300 0.053500 0.062900 0.037200 0.071600 0.072000 0.033100 0.076100 0.050000 0.050100 0.067400 0.037300 0.089700 0.094600 0.041500 0.067300 0.033100 0.037300 0.076600 0.080600 0.033100 0.037300 0.045800 0.072000 0.033100 0.076100 0.081300 0.054300 0.103800 0.045800 0.050100 0.085100 0.035700 0.045800 0.000000 0.080500 0.076700 0.024000 0.080900 0.089700 0.089500 0.037300 0.028800 0.054400 0.054400 0.167700 0.072000 0.076400
RoeDeer 0.080100 0.140200 0.049800 0.175800 0.066700 0.075700 0.067000 0.067200 0.041300 0.032900 0.062800 0.045500 0.071300 0.062700 0.054100 0.071700 0.049800 0.054200 0.054000 0.037100 0.071500 0.058300 0.020500 0.028600 0.062700 0.076000 0.067000 0.041400 0.071600 0.045600 0.041600 0.058300 0.071700 0.067000 0.062700 0.054100 0.067000 0.058100 0.080500 0.000000 0.020500 0.062900 0.041300 0.041300 0.058400 0.058300 0.058500 0.058400 0.075800 0.131800 0.041400 0.045600
WhiteLippe 0.071800 0.141100 0.054400 0.182200 0.062800 0.067400 0.063100 0.063300 0.045900 0.037200 0.058900 0.050100 0.067400 0.058800 0.050200 0.067700 0.054400 0.058900 0.050100 0.041600 0.067600 0.054400 0.004000 0.028700 0.058700 0.072100 0.063100 0.045900 0.067700 0.050200 0.046100 0.054400 0.085500 0.063100 0.058800 0.058800 0.063100 0.054200 0.076700 0.020500 0.000000 0.059000 0.045700 0.037200 0.063100 0.054400 0.054500 0.054500 0.071900 0.127900 0.045900 0.050200
ThomsonGaz 0.050000 0.170700 0.062800 0.172500 0.037200 0.045700 0.045700 0.020500 0.054200 0.054500 0.024300 0.058600 0.033000 0.033100 0.050000 0.012200 0.071800 0.076500 0.024600 0.049900 0.016400 0.020500 0.059000 0.062900 0.023900 0.012200 0.028800 0.054500 0.008000 0.058600 0.063500 0.036300 0.094600 0.028200 0.032400 0.067400 0.028600 0.028800 0.024000 0.062900 0.059000 0.000000 0.063200 0.071800 0.071700 0.020100 0.012000 0.037300 0.037300 0.147600 0.054400 0.058800
MuntiacusC 0.071600 0.145100 0.050000 0.147400 0.066900 0.067200 0.041500 0.067500 0.041500 0.008000 0.058700 0.045800 0.062900 0.045800 0.063000 0.076300 0.050000 0.045800 0.054200 0.037300 0.071700 0.049900 0.045700 0.040400 0.054200 0.076300 0.058500 0.041600 0.071900 0.045800 0.016500 0.041400 0.080700 0.058500 0.054300 0.045800 0.058500 0.058300 0.080900 0.041300 0.045700 0.063200 0.000000 0.049800 0.050100 0.058500 0.058700 0.058600 0.067300 0.132600 0.041600 0.045900
WhiteTaile 0.089200 0.145400 0.058500 0.180800 0.075600 0.084700 0.067200 0.076100 0.050000 0.041300 0.071700 0.054200 0.080300 0.062900 0.062900 0.080700 0.058500 0.054200 0.062800 0.045700 0.080500 0.067100 0.037200 0.015800 0.071500 0.085100 0.075900 0.050000 0.080600 0.054300 0.050200 0.058500 0.098600 0.075900 0.071600 0.062900 0.075900 0.066900 0.089700 0.041300 0.037200 0.071800 0.049800 0.000000 0.067300 0.067100 0.067300 0.067200 0.076000 0.122600 0.050000 0.054300
Cattle 0.080200 0.164600 0.041300 0.176400 0.075500 0.067000 0.067100 0.067200 0.041400 0.050000 0.062900 0.012200 0.062700 0.054200 0.080400 0.085000 0.058600 0.063100 0.054100 0.037200 0.080400 0.058400 0.063100 0.058400 0.062700 0.084900 0.067100 0.041500 0.080500 0.045700 0.059000 0.067100 0.080700 0.067100 0.080300 0.004000 0.067000 0.075500 0.089500 0.058400 0.063100 0.071700 0.050100 0.067300 0.000000 0.058300 0.067200 0.067200 0.075900 0.132500 0.041500 0.045700
RoyalAntel 0.037000 0.164800 0.058100 0.166400 0.032800 0.032800 0.031700 0.032900 0.049700 0.049900 0.012100 0.045500 0.020000 0.020000 0.045500 0.033000 0.067100 0.071700 0.012000 0.045400 0.028800 0.008100 0.054300 0.058300 0.011900 0.033000 0.016300 0.049900 0.028800 0.054000 0.058800 0.032800 0.080600 0.016300 0.028700 0.054100 0.016300 0.024500 0.037300 0.058300 0.054400 0.020100 0.058500 0.067100 0.058300 0.000000 0.016000 0.024500 0.032900 0.136900 0.049900 0.054200
Steenbok 0.045600 0.165300 0.058300 0.167100 0.032900 0.041300 0.041300 0.024600 0.049800 0.050100 0.020300 0.054200 0.028800 0.028800 0.045600 0.024600 0.067300 0.071900 0.020400 0.045500 0.020500 0.016300 0.054500 0.058500 0.020500 0.023900 0.024600 0.050000 0.020500 0.054100 0.059000 0.032900 0.089800 0.023900 0.028800 0.062900 0.024000 0.024600 0.028800 0.058500 0.054500 0.012000 0.058700 0.067300 0.067200 0.016000 0.000000 0.032500 0.033000 0.147300 0.050000 0.054300
Impala 0.045500 0.165100 0.066900 0.186800 0.041300 0.041300 0.031800 0.041400 0.058300 0.050000 0.028800 0.054100 0.037100 0.028400 0.037200 0.050000 0.076000 0.080700 0.028100 0.054100 0.045800 0.024000 0.054400 0.058400 0.028700 0.050000 0.032700 0.058600 0.045700 0.062700 0.059000 0.032900 0.089700 0.032900 0.037100 0.062900 0.032900 0.032900 0.054400 0.058400 0.054500 0.037300 0.058600 0.067200 0.067200 0.024500 0.032500 0.000000 0.049800 0.142200 0.058600 0.062900
Klipspring 0.062700 0.170000 0.066900 0.166800 0.049800 0.058300 0.049800 0.049900 0.058300 0.058600 0.036600 0.062800 0.045500 0.036800 0.062700 0.050000 0.067300 0.080700 0.037100 0.054000 0.045800 0.032300 0.071800 0.067100 0.037100 0.050000 0.041300 0.058600 0.045700 0.062700 0.067700 0.040900 0.107800 0.041300 0.045900 0.071600 0.041300 0.041300 0.054400 0.075800 0.071900 0.037300 0.067300 0.076000 0.075900 0.032900 0.033000 0.049800 0.000000 0.157200 0.058600 0.062900
ForestMusk 0.161900 0.219900 0.132400 0.261200 0.151100 0.156800 0.142100 0.152300 0.127500 0.122700 0.142400 0.117600 0.152000 0.132500 0.157100 0.162500 0.137500 0.132900 0.132100 0.122600 0.157000 0.137000 0.127900 0.112700 0.142000 0.152300 0.147000 0.127900 0.157400 0.132500 0.133400 0.142000 0.162500 0.147000 0.157100 0.127700 0.146900 0.141400 0.167700 0.131800 0.127900 0.147600 0.132600 0.122600 0.132500 0.136900 0.147300 0.142200 0.157200 0.000000 0.127600 0.132500
Bushbuck 0.071600 0.155200 0.008100 0.166900 0.066900 0.067200 0.058500 0.058700 0.008100 0.033100 0.054300 0.028800 0.062800 0.045800 0.054200 0.067500 0.041500 0.045900 0.045600 0.004100 0.063000 0.049900 0.045900 0.041400 0.054200 0.067400 0.058500 0.000000 0.063100 0.004100 0.041800 0.049900 0.071900 0.058500 0.062900 0.037300 0.058500 0.058300 0.072000 0.041400 0.045900 0.054400 0.041600 0.050000 0.041500 0.049900 0.050000 0.058600 0.058600 0.127600 0.000000 0.004000
GreaterKud 0.076000 0.160100 0.012200 0.172000 0.071300 0.071500 0.062900 0.063000 0.004100 0.037300 0.058700 0.033000 0.067200 0.050000 0.058600 0.071900 0.045800 0.050200 0.049900 0.008100 0.067300 0.054200 0.050200 0.045700 0.058500 0.071800 0.062800 0.004100 0.058800 0.008100 0.046100 0.054200 0.076400 0.062800 0.067300 0.041500 0.062800 0.062600 0.076400 0.045600 0.050200 0.058800 0.045900 0.054300 0.045700 0.054200 0.054300 0.062900 0.062900 0.132500 0.004000 0.000000
