1
52 1
Argali 0.000000 0.464300 0.153300 0.464700 0.076900 0.015100 0.140100 0.195800 0.134600 0.241700 0.055800 0.138600 0.108900 0.128800 0.144700 0.148500 0.228200 0.220600 0.093800 0.119900 0.153100 0.079000 0.237100 0.221900 0.079300 0.132400 0.093500 0.134900 0.215000 0.169900 0.244100 0.133700 0.208700 0.093200 0.126400 0.160200 0.062300 0.110100 0.168600 0.206500 0.246300 0.133000 0.235400 0.223100 0.178000 0.155000 0.166300 0.135000 0.096400 0.222200 0.129000 0.144500
LesserMous 0.464300 0.000000 0.435900 0.542600 0.432800 0.459900 0.465600 0.449300 0.456100 0.432000 0.444600 0.448900 0.497900 0.440800 0.395600 0.488300 0.415500 0.459500 0.476300 0.427200 0.494400 0.470400 0.398800 0.482000 0.462100 0.437300 0.488200 0.457300 0.492100 0.489100 0.379900 0.424000 0.412800 0.474800 0.487200 0.485500 0.447100 0.447500 0.465500 0.411000 0.423700 0.456300 0.422300 0.482100 0.440800 0.439800 0.535000 0.441900 0.420000 0.481700 0.456400 0.435000
LesserKudu 0.153300 0.435900 0.000000 0.384000 0.131700 0.151900 0.136200 0.163900 0.059100 0.206300 0.147200 0.092800 0.182400 0.133700 0.149700 0.118300 0.203600 0.205000 0.203300 0.044700 0.104600 0.188700 0.210100 0.254800 0.152800 0.137300 0.175200 0.059200 0.181500 0.074500 0.197700 0.089800 0.211600 0.166200 0.183100 0.097700 0.169800 0.132100 0.154400 0.181100 0.238400 0.120400 0.208700 0.256200 0.113700 0.133600 0.170100 0.156900 0.102100 0.224500 0.037200 0.036700
KillerWhal 0.464700 0.542600 0.384000 0.000000 0.409600 0.460100 0.440200 0.474900 0.380500 0.400000 0.505400 0.434300 0.454100 0.416000 0.401500 0.441700 0.376000 0.344800 0.472200 0.379500 0.429000 0.501200 0.384100 0.429300 0.462800 0.348300 0.432500 0.381100 0.409700 0.407300 0.376500 0.453700 0.418600 0.433000 0.417800 0.407100 0.476500 0.477500 0.396800 0.370000 0.406800 0.362400 0.381000 0.419900 0.421100 0.392100 0.453500 0.418000 0.409200 0.497100 0.379200 0.373400
DefassaWat 0.076900 0.432800 0.131700 0.409600 0.000000 0.076100 0.118500 0.154700 0.114100 0.206000 0.086100 0.117300 0.089700 0.124800 0.107300 0.126600 0.186500 0.170100 0.123700 0.099800 0.130300 0.125500 0.201200 0.245300 0.109700 0.111100 0.074900 0.114300 0.172200 0.130600 0.208000 0.113400 0.193500 0.074700 0.122600 0.138400 0.108300 0.044300 0.145300 0.191100 0.229200 0.111500 0.199800 0.226300 0.138200 0.115700 0.161000 0.114500 0.076800 0.161900 0.108300 0.123400
Sheep 0.015100 0.459900 0.151900 0.460100 0.076100 0.000000 0.138700 0.193900 0.133400 0.239300 0.055300 0.137300 0.107900 0.127500 0.143900 0.147100 0.226000 0.218400 0.093000 0.118800 0.151500 0.078200 0.234700 0.239900 0.078500 0.131100 0.092600 0.133700 0.212900 0.168400 0.241600 0.132500 0.206700 0.092400 0.125200 0.158700 0.045900 0.109100 0.166900 0.204300 0.243800 0.131600 0.233000 0.241200 0.176300 0.153500 0.164700 0.133800 0.095400 0.220100 0.127800 0.143200
MaxwellsDu 0.140100 0.465600 0.136200 0.440200 0.118500 0.138700 0.000000 0.203000 0.135200 0.252400 0.142600 0.130100 0.169800 0.086400 0.136600 0.139900 0.211100 0.203000 0.171500 0.120500 0.135100 0.166200 0.258200 0.286000 0.157900 0.141600 0.162500 0.135500 0.187900 0.135300 0.255200 0.108600 0.238300 0.153300 0.189100 0.151700 0.147300 0.118600 0.150700 0.237200 0.278600 0.133400 0.256300 0.310300 0.169100 0.127900 0.148400 0.143800 0.105200 0.232300 0.112100 0.127600
GazellaPrz 0.195800 0.449300 0.163900 0.474900 0.154700 0.193900 0.203000 0.000000 0.171200 0.289100 0.180400 0.185000 0.186300 0.192500 0.161700 0.121900 0.247100 0.277900 0.217400 0.165700 0.142900 0.222500 0.285100 0.338700 0.223400 0.120900 0.179200 0.171600 0.166400 0.162400 0.271300 0.178600 0.265300 0.170400 0.169400 0.187700 0.202900 0.190400 0.122800 0.276600 0.316400 0.124000 0.283500 0.340600 0.170000 0.200300 0.172600 0.144400 0.140900 0.248400 0.157200 0.172400
MountainNy 0.134600 0.456100 0.059100 0.380500 0.114100 0.133400 0.135200 0.171200 0.000000 0.204200 0.146100 0.092100 0.181100 0.132700 0.114700 0.117500 0.184600 0.185700 0.183400 0.044400 0.120800 0.187200 0.199300 0.243000 0.169600 0.136200 0.165400 0.014200 0.180200 0.074000 0.187300 0.089000 0.191500 0.165000 0.163900 0.097000 0.168500 0.148000 0.153300 0.170900 0.227100 0.119600 0.197900 0.244300 0.112800 0.132600 0.168900 0.155700 0.101300 0.195700 0.036900 0.051500
MuntiacusM 0.241700 0.432000 0.206300 0.400000 0.206000 0.239300 0.252400 0.289100 0.204200 0.000000 0.267700 0.210000 0.251900 0.228000 0.206900 0.239900 0.185400 0.178000 0.275500 0.189300 0.247200 0.279700 0.093000 0.129000 0.283300 0.203400 0.244200 0.204600 0.269800 0.214000 0.083400 0.232100 0.211600 0.254500 0.274400 0.231400 0.259800 0.226300 0.233200 0.100800 0.092200 0.185200 0.052300 0.147200 0.241500 0.207700 0.270200 0.232700 0.193200 0.253700 0.189600 0.178500
goat 0.055800 0.444600 0.147200 0.505400 0.086100 0.055300 0.142600 0.180400 0.146100 0.267700 0.000000 0.150600 0.102500 0.140300 0.157100 0.142200 0.223000 0.234900 0.104200 0.113400 0.165900 0.071000 0.263600 0.269600 0.039000 0.144300 0.095100 0.146400 0.229200 0.164000 0.270600 0.127400 0.222900 0.086600 0.120000 0.154200 0.054700 0.102300 0.152000 0.231200 0.273100 0.145000 0.261600 0.271100 0.172000 0.148200 0.179200 0.146600 0.106500 0.225000 0.122500 0.138300
AfricanBuf 0.138600 0.448900 0.092800 0.434300 0.117300 0.137300 0.130100 0.185000 0.092100 0.210000 0.150600 0.000000 0.168100 0.102200 0.118000 0.120900 0.199300 0.200600 0.180000 0.061400 0.124500 0.174100 0.205100 0.250500 0.156300 0.122400 0.160800 0.092400 0.167400 0.092000 0.212200 0.091500 0.178700 0.151800 0.168800 0.083500 0.137200 0.134700 0.157900 0.195100 0.233900 0.122900 0.203700 0.241300 0.099500 0.110300 0.173800 0.142400 0.087300 0.229500 0.069600 0.084600
Topi 0.108900 0.497900 0.182400 0.454100 0.089700 0.107900 0.169800 0.186300 0.181100 0.251900 0.102500 0.168100 0.000000 0.158100 0.156700 0.158500 0.202400 0.203400 0.156600 0.149200 0.163100 0.124900 0.268300 0.295400 0.125500 0.125700 0.035700 0.181400 0.186400 0.163300 0.275000 0.162300 0.248200 0.028500 0.088400 0.189100 0.107900 0.114400 0.177800 0.257300 0.298500 0.126100 0.266400 0.297100 0.188800 0.131800 0.193700 0.162200 0.108000 0.241900 0.158300 0.156100
CommonDuik 0.128800 0.440800 0.133700 0.416000 0.124800 0.127500 0.086400 0.192500 0.132700 0.228000 0.140300 0.102200 0.158100 0.000000 0.125500 0.128600 0.198200 0.226800 0.160200 0.101400 0.132400 0.145700 0.233000 0.258900 0.146100 0.130200 0.150900 0.133000 0.166300 0.132600 0.240000 0.098700 0.224000 0.142000 0.158700 0.107100 0.127500 0.125000 0.156800 0.222500 0.252500 0.122100 0.231400 0.281800 0.123400 0.117900 0.163100 0.132700 0.095000 0.256800 0.110000 0.125200
Suni 0.144700 0.395600 0.149700 0.401500 0.107300 0.143900 0.136600 0.161700 0.114700 0.206900 0.157100 0.118000 0.156700 0.125500 0.000000 0.144900 0.178900 0.198100 0.186100 0.117000 0.149100 0.180500 0.202100 0.266800 0.162600 0.111700 0.149500 0.114900 0.173200 0.114800 0.209000 0.130500 0.176300 0.140800 0.139900 0.139300 0.143700 0.141200 0.164300 0.211400 0.230200 0.129600 0.200700 0.268100 0.139100 0.100300 0.179900 0.148800 0.110900 0.216300 0.125900 0.141200
Springbuck 0.148500 0.488300 0.118300 0.441700 0.126600 0.147100 0.139900 0.121900 0.117500 0.239900 0.142200 0.120900 0.158500 0.128600 0.144900 0.000000 0.227400 0.229000 0.198900 0.102800 0.078900 0.184600 0.235400 0.283000 0.166700 0.061500 0.151300 0.117800 0.121600 0.134400 0.242300 0.116700 0.215900 0.142400 0.159200 0.125200 0.165300 0.144300 0.111300 0.224800 0.265100 0.061800 0.233700 0.284600 0.142100 0.137000 0.144300 0.133300 0.078700 0.240400 0.094600 0.109900
Okapi 0.228200 0.415500 0.203600 0.376000 0.186500 0.226000 0.211100 0.247100 0.184600 0.185400 0.223000 0.199300 0.202400 0.198200 0.178900 0.227400 0.000000 0.114100 0.240800 0.179800 0.214500 0.235100 0.198300 0.240100 0.218400 0.211600 0.222000 0.185000 0.236900 0.185500 0.195400 0.228600 0.201500 0.212700 0.239700 0.201900 0.235700 0.204600 0.220700 0.171200 0.206400 0.193800 0.215400 0.241400 0.210900 0.188600 0.255700 0.220700 0.201300 0.270400 0.179800 0.177300
Giraffe 0.220600 0.459500 0.205000 0.344800 0.170100 0.218400 0.203000 0.277900 0.185700 0.178000 0.234900 0.200600 0.203400 0.226800 0.198100 0.229000 0.114100 0.000000 0.261800 0.180700 0.216000 0.246600 0.191000 0.232500 0.230200 0.213000 0.205800 0.186100 0.220200 0.186600 0.188100 0.239100 0.202500 0.205400 0.261800 0.203000 0.247800 0.206100 0.241800 0.163800 0.198900 0.213800 0.172000 0.233600 0.212100 0.189900 0.237800 0.222400 0.202700 0.224500 0.181000 0.178400
TibetanAnt 0.093800 0.476300 0.203300 0.472200 0.123700 0.093000 0.171500 0.217400 0.183400 0.275500 0.104200 0.180000 0.156600 0.160200 0.186100 0.198900 0.240800 0.261800 0.000000 0.160400 0.204900 0.127100 0.281700 0.287900 0.119200 0.183000 0.141100 0.183900 0.247500 0.211200 0.288400 0.172900 0.261500 0.132400 0.148900 0.201100 0.101500 0.158400 0.191700 0.250000 0.280800 0.174600 0.279700 0.289500 0.219400 0.196500 0.235600 0.184000 0.145500 0.293500 0.178600 0.194200
Sitatunga 0.119900 0.427200 0.044700 0.379500 0.099800 0.118800 0.120500 0.165700 0.044400 0.189300 0.113400 0.061400 0.149200 0.101400 0.117000 0.102800 0.179800 0.180700 0.160400 0.000000 0.105800 0.154300 0.184300 0.227800 0.119500 0.121400 0.142000 0.044500 0.148600 0.044300 0.172500 0.074900 0.195800 0.133200 0.132500 0.067100 0.118800 0.116600 0.138600 0.156100 0.212200 0.104700 0.183100 0.229000 0.082600 0.101200 0.153900 0.141300 0.070100 0.208300 0.022400 0.037100
Oribi 0.153100 0.494400 0.104600 0.429000 0.130300 0.151500 0.135100 0.142900 0.120800 0.247200 0.165900 0.124500 0.163100 0.132400 0.149100 0.078900 0.214500 0.216000 0.204900 0.105800 0.000000 0.190200 0.242800 0.292300 0.171500 0.079900 0.155700 0.121200 0.116800 0.138300 0.228900 0.137600 0.222400 0.146500 0.182400 0.146600 0.170200 0.148500 0.132400 0.211200 0.273500 0.080200 0.241000 0.294000 0.164300 0.132300 0.130500 0.137100 0.080900 0.268300 0.097400 0.113100
BarbaryShe 0.079000 0.470400 0.188700 0.501200 0.125500 0.078200 0.166200 0.222500 0.187200 0.279700 0.071000 0.174100 0.124900 0.145700 0.180500 0.184600 0.235100 0.246600 0.127100 0.154300 0.190200 0.000000 0.275800 0.260100 0.094500 0.168200 0.117600 0.187700 0.213200 0.205800 0.282600 0.167800 0.235200 0.109100 0.142900 0.177300 0.077900 0.143100 0.194900 0.243700 0.285100 0.168900 0.273800 0.261600 0.195400 0.189800 0.222300 0.187600 0.128100 0.257100 0.163800 0.161400
Daviddeer 0.237100 0.398800 0.210100 0.384100 0.201200 0.234700 0.258200 0.285100 0.199300 0.093000 0.263600 0.205100 0.268300 0.233000 0.202100 0.235400 0.198300 0.191000 0.281700 0.184300 0.242800 0.275800 0.000000 0.097300 0.279400 0.198400 0.239800 0.199700 0.286800 0.209200 0.069200 0.245900 0.188300 0.250400 0.280700 0.207300 0.255700 0.240200 0.271200 0.070200 0.046000 0.199600 0.069700 0.115100 0.216900 0.202700 0.277400 0.248400 0.188100 0.249700 0.184500 0.200700
Reindeer 0.221900 0.482000 0.254800 0.429300 0.245300 0.239900 0.286000 0.338700 0.243000 0.129000 0.269600 0.250500 0.295400 0.258900 0.266800 0.283000 0.240100 0.232500 0.287900 0.227800 0.292300 0.260100 0.097300 0.000000 0.285700 0.265500 0.265700 0.243600 0.314500 0.253800 0.120700 0.293000 0.211300 0.276700 0.308700 0.272500 0.261400 0.287200 0.310300 0.071600 0.096600 0.245300 0.104100 0.064900 0.261600 0.290900 0.340200 0.295700 0.232600 0.330500 0.227900 0.224400
Ibex 0.079300 0.462100 0.152800 0.462800 0.109700 0.078500 0.157900 0.223400 0.169600 0.283300 0.039000 0.156300 0.125500 0.146100 0.162600 0.166700 0.218400 0.230200 0.119200 0.119500 0.171500 0.094500 0.279400 0.285700 0.000000 0.168900 0.118300 0.170000 0.214200 0.169300 0.264400 0.168400 0.247700 0.109700 0.143300 0.177900 0.062200 0.126900 0.195800 0.226000 0.288800 0.169600 0.277500 0.287300 0.196000 0.145900 0.184200 0.170200 0.130900 0.269500 0.146300 0.161900
GyrantGaze 0.132400 0.437300 0.137300 0.348300 0.111100 0.131100 0.141600 0.120900 0.136200 0.203400 0.144300 0.122400 0.125700 0.130200 0.111700 0.061500 0.211600 0.213000 0.183000 0.121400 0.079900 0.168200 0.198400 0.265500 0.168900 0.000000 0.118500 0.136600 0.123000 0.153800 0.205500 0.135300 0.199700 0.109900 0.143800 0.144200 0.131000 0.128600 0.112900 0.208100 0.227200 0.030500 0.197000 0.267000 0.161700 0.103800 0.128600 0.118000 0.079600 0.233600 0.113000 0.128600
Hartebeest 0.093500 0.488200 0.175200 0.432500 0.074900 0.092600 0.162500 0.179200 0.165400 0.244200 0.095100 0.160800 0.035700 0.150900 0.149500 0.151300 0.222000 0.205800 0.141100 0.142000 0.155700 0.117600 0.239800 0.265700 0.118300 0.118500 0.000000 0.165700 0.179400 0.156200 0.246600 0.155300 0.240800 0.021500 0.081400 0.181900 0.100700 0.115300 0.170700 0.229300 0.278900 0.118900 0.238200 0.267200 0.181600 0.141700 0.186400 0.155100 0.100800 0.225600 0.151100 0.166500
Bongo 0.134900 0.457300 0.059200 0.381100 0.114300 0.133700 0.135500 0.171600 0.014200 0.204600 0.146400 0.092400 0.181400 0.133000 0.114900 0.117800 0.185000 0.186100 0.183900 0.044500 0.121200 0.187700 0.199700 0.243600 0.170000 0.136600 0.165700 0.000000 0.180700 0.074100 0.187700 0.089200 0.191900 0.165300 0.164200 0.097200 0.168900 0.148200 0.153700 0.171300 0.227600 0.119900 0.198300 0.244900 0.113000 0.132900 0.169400 0.155900 0.101600 0.196200 0.037000 0.051600
Gerenuk 0.215000 0.492100 0.181500 0.409700 0.172200 0.212900 0.187900 0.166400 0.180200 0.269800 0.229200 0.167400 0.186400 0.166300 0.173200 0.121600 0.236900 0.220200 0.247500 0.148600 0.116800 0.213200 0.286800 0.314500 0.214200 0.123000 0.179400 0.180700 0.000000 0.162500 0.272400 0.188300 0.274500 0.170400 0.205300 0.188100 0.212700 0.208800 0.175200 0.255000 0.295600 0.106900 0.284900 0.316400 0.187600 0.174800 0.172800 0.196400 0.141600 0.309200 0.157600 0.155300
CommonElan 0.169900 0.489100 0.074500 0.407300 0.130600 0.168400 0.135300 0.162400 0.074000 0.214000 0.164000 0.092000 0.163300 0.132600 0.114800 0.134400 0.185500 0.186600 0.211200 0.044300 0.138300 0.205800 0.209200 0.253800 0.169300 0.153800 0.156200 0.074100 0.162500 0.000000 0.196800 0.121100 0.219900 0.147400 0.146600 0.096900 0.168300 0.165200 0.171200 0.180300 0.237400 0.136900 0.207800 0.255100 0.096700 0.132500 0.186700 0.173000 0.118100 0.213900 0.051900 0.066700
MuntiacusR 0.244100 0.379900 0.197700 0.376500 0.208000 0.241600 0.255200 0.271300 0.187300 0.083400 0.270600 0.212200 0.275000 0.240000 0.209000 0.242300 0.195400 0.188100 0.288400 0.172500 0.228900 0.282600 0.069200 0.120700 0.264400 0.205500 0.246600 0.187700 0.272400 0.196800 0.000000 0.252700 0.204000 0.257100 0.287400 0.233700 0.262600 0.246900 0.278100 0.077000 0.101300 0.206700 0.060300 0.139500 0.204900 0.220000 0.273000 0.235400 0.195200 0.276700 0.172700 0.188600
HarveysDui 0.133700 0.424000 0.089800 0.453700 0.113400 0.132500 0.108600 0.178600 0.089000 0.232100 0.127400 0.091500 0.162300 0.098700 0.130500 0.116700 0.228600 0.239100 0.172900 0.074900 0.137600 0.167800 0.245900 0.293000 0.168400 0.135300 0.155300 0.089200 0.188300 0.121100 0.252700 0.000000 0.190200 0.146600 0.145700 0.112400 0.149700 0.097500 0.143600 0.235500 0.265200 0.127400 0.244300 0.294600 0.128400 0.140000 0.167800 0.154500 0.084300 0.240200 0.083000 0.081900
Pronghorn 0.208700 0.412800 0.211600 0.418600 0.193500 0.206700 0.238300 0.265300 0.191500 0.211600 0.222900 0.178700 0.248200 0.224000 0.176300 0.215900 0.201500 0.202500 0.261500 0.195800 0.222400 0.235200 0.188300 0.211300 0.247700 0.199700 0.240800 0.191900 0.274500 0.219900 0.204000 0.190200 0.000000 0.231100 0.249100 0.200000 0.225900 0.221500 0.248800 0.160900 0.196800 0.200500 0.205700 0.212400 0.209300 0.214300 0.265400 0.229300 0.190300 0.222700 0.186900 0.202500
BlueWildeb 0.093200 0.474800 0.166200 0.433000 0.074700 0.092400 0.153300 0.170400 0.165000 0.254500 0.086600 0.151800 0.028500 0.142000 0.140800 0.142400 0.212700 0.205400 0.132400 0.133200 0.146500 0.109100 0.250400 0.276700 0.109700 0.109900 0.021500 0.165300 0.170400 0.147400 0.257100 0.146600 0.231100 0.000000 0.073600 0.173000 0.092300 0.107000 0.161400 0.239500 0.280100 0.110200 0.248600 0.278200 0.172700 0.133000 0.177100 0.146600 0.092400 0.225200 0.142200 0.157600
Gemsbok 0.126400 0.487200 0.183100 0.417800 0.122600 0.125200 0.189100 0.169400 0.163900 0.274400 0.120000 0.168800 0.088400 0.158700 0.139900 0.159200 0.239700 0.261800 0.148900 0.132500 0.182400 0.142900 0.280700 0.308700 0.143300 0.143800 0.081400 0.164200 0.205300 0.146600 0.287400 0.145700 0.249100 0.073600 0.000000 0.171900 0.091900 0.157000 0.151900 0.269300 0.311600 0.144300 0.278700 0.310500 0.171600 0.167100 0.203900 0.154500 0.125300 0.233600 0.158900 0.174300
Yak 0.160200 0.485500 0.097700 0.407100 0.138400 0.158700 0.151700 0.187700 0.097000 0.231400 0.154200 0.083500 0.189100 0.107100 0.139300 0.125200 0.201900 0.203000 0.201100 0.067100 0.146600 0.177300 0.207300 0.272500 0.177900 0.144200 0.181900 0.097200 0.188100 0.096900 0.233700 0.112400 0.200000 0.173000 0.171900 0.000000 0.158600 0.155900 0.161200 0.216600 0.235200 0.144700 0.206100 0.273900 0.028300 0.114900 0.186200 0.163500 0.109100 0.194700 0.075100 0.089800
BlueSheep 0.062300 0.447100 0.169800 0.476500 0.108300 0.045900 0.147300 0.202900 0.168500 0.259800 0.054700 0.137200 0.107900 0.127500 0.143700 0.165300 0.235700 0.247800 0.101500 0.118800 0.170200 0.077900 0.255700 0.261400 0.062200 0.131000 0.100700 0.168900 0.212700 0.168300 0.262600 0.149700 0.225900 0.092300 0.091900 0.158600 0.000000 0.125400 0.185700 0.224400 0.264900 0.131500 0.253900 0.262800 0.176200 0.135100 0.183000 0.151200 0.111900 0.258900 0.145400 0.161000
BohorReedb 0.110100 0.447500 0.132100 0.477500 0.044300 0.109100 0.118600 0.190400 0.148000 0.226300 0.102300 0.134700 0.114400 0.125000 0.141200 0.144300 0.204600 0.206100 0.158400 0.116600 0.148500 0.143100 0.240200 0.287200 0.126900 0.128600 0.115300 0.148200 0.208800 0.165200 0.246900 0.097500 0.221500 0.107000 0.157000 0.155900 0.125400 0.000000 0.163600 0.229400 0.269400 0.129000 0.238500 0.267400 0.173100 0.124500 0.161200 0.131500 0.093200 0.216000 0.125400 0.115700
KirksDik 0.168600 0.465500 0.154400 0.396800 0.145300 0.166900 0.150700 0.122800 0.153300 0.233200 0.152000 0.157900 0.177800 0.156800 0.164300 0.111300 0.220700 0.241800 0.191700 0.138600 0.132400 0.194900 0.271200 0.310300 0.195800 0.112900 0.170700 0.153700 0.175200 0.171200 0.278100 0.143600 0.248800 0.161400 0.151900 0.161200 0.185700 0.163600 0.000000 0.260000 0.280200 0.096100 0.269100 0.312100 0.179000 0.174600 0.145600 0.117300 0.113300 0.223200 0.129900 0.145500
RoeDeer 0.206500 0.411000 0.181100 0.370000 0.191100 0.204300 0.237200 0.276600 0.170900 0.100800 0.231200 0.195100 0.257300 0.222500 0.211400 0.224800 0.171200 0.163800 0.250000 0.156100 0.211200 0.243700 0.070200 0.071600 0.226000 0.208100 0.229300 0.171300 0.255000 0.180300 0.077000 0.235500 0.160900 0.239500 0.269300 0.216600 0.224400 0.229400 0.260000 0.000000 0.069700 0.189500 0.077500 0.071900 0.206700 0.222500 0.254600 0.237800 0.178200 0.289300 0.156200 0.172000
WhiteLippe 0.246300 0.423700 0.238400 0.406800 0.229200 0.243800 0.278600 0.316400 0.227100 0.092200 0.273100 0.233900 0.298500 0.252500 0.230200 0.265100 0.206400 0.198900 0.280800 0.212200 0.273500 0.285100 0.046000 0.096600 0.288800 0.227200 0.278900 0.227600 0.295600 0.237400 0.101300 0.265200 0.196800 0.280100 0.311600 0.235200 0.264900 0.269400 0.280200 0.069700 0.000000 0.208300 0.085400 0.114300 0.245100 0.231000 0.308800 0.277800 0.216600 0.278400 0.212400 0.228800
ThomsonGaz 0.133000 0.456300 0.120400 0.362400 0.111500 0.131600 0.133400 0.124000 0.119600 0.185200 0.145000 0.122900 0.126100 0.122100 0.129600 0.061800 0.193800 0.213800 0.174600 0.104700 0.080200 0.168900 0.199600 0.245300 0.169600 0.030500 0.118900 0.119900 0.106900 0.136900 0.206700 0.127400 0.200500 0.110200 0.144300 0.144700 0.131500 0.129000 0.096100 0.189500 0.208300 0.000000 0.198100 0.246600 0.162200 0.121500 0.129100 0.118400 0.079900 0.245100 0.096300 0.111900
MuntiacusC 0.235400 0.422300 0.208700 0.381000 0.199800 0.233000 0.256300 0.283500 0.197900 0.052300 0.261600 0.203700 0.266400 0.231400 0.200700 0.233700 0.215400 0.172000 0.279700 0.183100 0.241000 0.273800 0.069700 0.104100 0.277500 0.197000 0.238200 0.198300 0.284900 0.207800 0.060300 0.244300 0.205700 0.248600 0.278700 0.206100 0.253900 0.238500 0.269100 0.077500 0.085400 0.198100 0.000000 0.122500 0.196500 0.221000 0.285700 0.246700 0.186800 0.268300 0.183200 0.199400
WhiteTaile 0.223100 0.482100 0.256200 0.419900 0.226300 0.241200 0.310300 0.340600 0.244300 0.147200 0.271100 0.241300 0.297100 0.281800 0.268100 0.284600 0.241400 0.233600 0.289500 0.229000 0.294000 0.261600 0.115100 0.064900 0.287300 0.267000 0.267200 0.244900 0.316400 0.255100 0.139500 0.294600 0.212400 0.278200 0.310500 0.273900 0.262800 0.267400 0.312100 0.071900 0.114300 0.246600 0.122500 0.000000 0.262900 0.292500 0.342300 0.297300 0.233800 0.310200 0.229100 0.225600
Cattle 0.178000 0.440800 0.113700 0.421100 0.138200 0.176300 0.169100 0.170000 0.112800 0.241500 0.172000 0.099500 0.188800 0.123400 0.139100 0.142100 0.210900 0.212100 0.219400 0.082600 0.164300 0.195400 0.216900 0.261600 0.196000 0.161700 0.181600 0.113000 0.187600 0.096700 0.204900 0.128400 0.209300 0.172700 0.171600 0.028300 0.176200 0.173100 0.179000 0.206700 0.245100 0.162200 0.196500 0.262900 0.000000 0.148500 0.213400 0.163600 0.125700 0.212400 0.090900 0.105600
RoyalAntel 0.155000 0.439800 0.133600 0.392100 0.115700 0.153500 0.127900 0.200300 0.132600 0.207700 0.148200 0.110300 0.131800 0.117900 0.100300 0.137000 0.188600 0.189900 0.196500 0.101200 0.132300 0.189800 0.202700 0.290900 0.145900 0.103800 0.141700 0.132900 0.174800 0.132500 0.220000 0.140000 0.214300 0.133000 0.167100 0.114900 0.135100 0.124500 0.174600 0.222500 0.231000 0.121500 0.221000 0.292500 0.148500 0.000000 0.172500 0.158500 0.102600 0.236000 0.109900 0.108400
Steenbok 0.166300 0.535000 0.170100 0.453500 0.161000 0.164700 0.148400 0.172600 0.168900 0.270200 0.179200 0.173800 0.193700 0.163100 0.179900 0.144300 0.255700 0.237800 0.235600 0.153900 0.130500 0.222300 0.277400 0.340200 0.184200 0.128600 0.186400 0.169400 0.172800 0.186700 0.273000 0.167800 0.265400 0.177100 0.203900 0.186200 0.183000 0.161200 0.145600 0.254600 0.308800 0.129100 0.285700 0.342300 0.213400 0.172500 0.000000 0.132800 0.129100 0.270000 0.145700 0.161200
Impala 0.135000 0.441900 0.156900 0.418000 0.114500 0.133800 0.143800 0.144400 0.155700 0.232700 0.146600 0.142400 0.162200 0.132700 0.148800 0.133300 0.220700 0.222400 0.184000 0.141300 0.137100 0.187600 0.248400 0.295700 0.170200 0.118000 0.155100 0.155900 0.196400 0.173000 0.235400 0.154500 0.229300 0.146600 0.154500 0.163500 0.151200 0.131500 0.117300 0.237800 0.277800 0.118400 0.246700 0.297300 0.163600 0.158500 0.132800 0.000000 0.100300 0.214900 0.133100 0.148300
Klipspring 0.096400 0.420000 0.102100 0.409200 0.076800 0.095400 0.105200 0.140900 0.101300 0.193200 0.106500 0.087300 0.108000 0.095000 0.110900 0.078700 0.201300 0.202700 0.145500 0.070100 0.080900 0.128100 0.188100 0.232600 0.130900 0.079600 0.100800 0.101600 0.141600 0.118100 0.195200 0.084300 0.190300 0.092400 0.125300 0.109100 0.111900 0.093200 0.113300 0.178200 0.216600 0.079900 0.186800 0.233800 0.125700 0.102600 0.129100 0.100300 0.000000 0.222700 0.078500 0.093800
ForestMusk 0.222200 0.481700 0.224500 0.497100 0.161900 0.220100 0.232300 0.248400 0.195700 0.253700 0.225000 0.229500 0.241900 0.256800 0.216300 0.240400 0.270400 0.224500 0.293500 0.208300 0.268300 0.257100 0.249700 0.330500 0.269500 0.233600 0.225600 0.196200 0.309200 0.213900 0.276700 0.240200 0.222700 0.225200 0.233600 0.194700 0.258900 0.216000 0.223200 0.289300 0.278400 0.245100 0.268300 0.310200 0.212400 0.236000 0.270000 0.214900 0.222700 0.000000 0.200000 0.215400
Bushbuck 0.129000 0.456400 0.037200 0.379200 0.108300 0.127800 0.112100 0.157200 0.036900 0.189600 0.122500 0.069600 0.158300 0.110000 0.125900 0.094600 0.179800 0.181000 0.178600 0.022400 0.097400 0.163800 0.184500 0.227900 0.146300 0.113000 0.151100 0.037000 0.157600 0.051900 0.172700 0.083000 0.186900 0.142200 0.158900 0.075100 0.145400 0.125400 0.129900 0.156200 0.212400 0.096300 0.183200 0.229100 0.090900 0.109900 0.145700 0.133100 0.078500 0.200000 0.000000 0.029600
GreaterKud 0.144500 0.435000 0.036700 0.373400 0.123400 0.143200 0.127600 0.172400 0.051500 0.178500 0.138300 0.084600 0.156100 0.125200 0.141200 0.109900 0.177300 0.178400 0.194200 0.037100 0.113100 0.161400 0.200700 0.224400 0.161900 0.128600 0.166500 0.051600 0.155300 0.066700 0.188600 0.081900 0.202500 0.157600 0.174300 0.089800 0.161000 0.115700 0.145500 0.172000 0.228800 0.111900 0.199400 0.225600 0.105600 0.108400 0.161200 0.148300 0.093800 0.215400 0.029600 0.000000
