1
52 1
Argali 0.000000 0.231000 0.043600 0.165400 0.032600 0.016200 0.054800 0.049600 0.066400 0.108100 0.021700 0.027300 0.068600 0.044200 0.066600 0.060100 0.048400 0.059900 0.038500 0.066100 0.049400 0.027400 0.119800 0.149900 0.021600 0.055200 0.067900 0.060100 0.066400 0.059500 0.102400 0.038000 0.112900 0.055800 0.061900 0.027300 0.021600 0.026900 0.067500 0.132900 0.102800 0.049600 0.108100 0.112800 0.048900 0.055000 0.083700 0.100500 0.027200 0.065900 0.065900 0.064900
LesserMous 0.231000 0.000000 0.215100 0.230300 0.222700 0.222900 0.242900 0.223100 0.244200 0.209400 0.216900 0.211800 0.243900 0.246700 0.251500 0.250900 0.235000 0.248300 0.238700 0.243200 0.242900 0.210900 0.222800 0.264800 0.216900 0.244100 0.242400 0.227500 0.257000 0.235100 0.217400 0.238400 0.293200 0.225700 0.250200 0.204400 0.216900 0.216200 0.247400 0.230100 0.204400 0.242900 0.209400 0.220800 0.213500 0.236100 0.272800 0.282200 0.216500 0.256700 0.242000 0.241400
LesserKudu 0.043600 0.215100 0.000000 0.145100 0.032400 0.048700 0.054600 0.060400 0.021300 0.107200 0.032500 0.027200 0.079800 0.055100 0.076700 0.071800 0.048000 0.059600 0.049400 0.021200 0.066100 0.038200 0.118800 0.136400 0.032500 0.066100 0.079000 0.015800 0.077300 0.015800 0.101500 0.048500 0.112100 0.066300 0.073100 0.027400 0.032500 0.037900 0.077700 0.131800 0.102000 0.060200 0.107200 0.100000 0.048500 0.065800 0.094800 0.099600 0.038000 0.065400 0.021200 0.021100
KillerWhal 0.165400 0.230300 0.145100 0.000000 0.158100 0.158300 0.163900 0.184800 0.171300 0.165500 0.152500 0.147400 0.203000 0.179300 0.184400 0.197700 0.157000 0.169200 0.172300 0.170500 0.177200 0.159600 0.178300 0.203800 0.152500 0.191400 0.201800 0.156800 0.203500 0.150900 0.159500 0.172100 0.202300 0.173400 0.188600 0.147300 0.152500 0.152100 0.193600 0.198700 0.173600 0.183900 0.165500 0.163700 0.144100 0.183300 0.210300 0.215200 0.152300 0.176300 0.156800 0.156700
DefassaWat 0.032600 0.222700 0.032400 0.158100 0.000000 0.038100 0.054500 0.049300 0.054400 0.095500 0.021500 0.027300 0.068200 0.043900 0.066200 0.060300 0.048700 0.059700 0.038300 0.054400 0.060500 0.027200 0.107000 0.136500 0.021600 0.054900 0.067500 0.037400 0.065300 0.048600 0.089800 0.037700 0.112300 0.055500 0.061500 0.027200 0.021600 0.005300 0.054800 0.119700 0.090200 0.048600 0.095500 0.100100 0.048600 0.054700 0.071600 0.099900 0.027000 0.065600 0.054100 0.054100
Sheep 0.016200 0.222900 0.048700 0.158300 0.038100 0.000000 0.060300 0.054700 0.072100 0.114100 0.016200 0.033000 0.074500 0.049800 0.066600 0.066600 0.054000 0.065700 0.032900 0.071800 0.049300 0.021800 0.125800 0.149800 0.016200 0.060900 0.073800 0.065500 0.072100 0.065900 0.108300 0.044000 0.118900 0.061500 0.067700 0.032900 0.016200 0.032600 0.067400 0.132800 0.108800 0.054900 0.114100 0.112600 0.054400 0.055000 0.089500 0.106700 0.027200 0.071600 0.071500 0.071300
MaxwellsDu 0.054800 0.242900 0.054600 0.163900 0.054500 0.060300 0.000000 0.065800 0.077200 0.131200 0.043500 0.049500 0.091600 0.043100 0.089000 0.077300 0.070900 0.082100 0.060500 0.076900 0.077300 0.049300 0.130800 0.161000 0.043300 0.060300 0.090700 0.070800 0.082700 0.071000 0.125500 0.049100 0.135900 0.078300 0.073000 0.049400 0.043500 0.049000 0.078300 0.156500 0.126000 0.053900 0.131600 0.123600 0.058600 0.077100 0.077000 0.111900 0.049000 0.076700 0.076600 0.076400
GazellaPrz 0.049600 0.223100 0.060400 0.184800 0.049300 0.054700 0.065800 0.000000 0.083700 0.126300 0.038200 0.032700 0.086400 0.054900 0.083900 0.043600 0.065800 0.077100 0.055200 0.083300 0.054800 0.044100 0.138100 0.168700 0.037900 0.037700 0.085600 0.077100 0.049000 0.077300 0.120400 0.049500 0.131000 0.073100 0.061600 0.038500 0.038000 0.043800 0.067100 0.151600 0.121000 0.037900 0.126300 0.130700 0.065700 0.072000 0.077400 0.106500 0.043200 0.071400 0.083000 0.082800
MountainNy 0.066400 0.244200 0.021300 0.171300 0.054400 0.072100 0.077200 0.083700 0.000000 0.132000 0.054600 0.049800 0.104400 0.078400 0.101300 0.095400 0.071300 0.082600 0.072400 0.032200 0.089600 0.061000 0.143800 0.161700 0.055100 0.089600 0.103300 0.015900 0.101000 0.037600 0.126100 0.072300 0.136700 0.090500 0.097400 0.049000 0.055100 0.060500 0.102600 0.157400 0.126700 0.083400 0.132000 0.124100 0.071100 0.089200 0.118900 0.125200 0.060600 0.088600 0.031900 0.042900
MuntiacusM 0.108100 0.209400 0.107200 0.165500 0.095500 0.114100 0.131200 0.126300 0.132000 0.000000 0.096200 0.090900 0.136300 0.120900 0.144700 0.126000 0.100900 0.112500 0.102400 0.119100 0.138500 0.102600 0.043700 0.100600 0.096200 0.132500 0.134900 0.112300 0.131700 0.112700 0.016200 0.114300 0.112900 0.121300 0.141900 0.090900 0.096200 0.089800 0.146500 0.072400 0.027300 0.125700 0.000000 0.065600 0.100500 0.131900 0.143700 0.179100 0.101900 0.131000 0.118600 0.118300
goat 0.021700 0.216900 0.032500 0.152500 0.021500 0.016200 0.043500 0.038200 0.054600 0.096200 0.000000 0.016500 0.056900 0.033000 0.055200 0.049500 0.038200 0.048900 0.016300 0.054800 0.049500 0.005400 0.107700 0.137500 0.000000 0.044200 0.056300 0.048600 0.055000 0.049000 0.090400 0.027300 0.101100 0.044800 0.050100 0.016400 0.000000 0.016200 0.055900 0.120600 0.090800 0.038200 0.096200 0.100800 0.037800 0.043700 0.072300 0.088100 0.016200 0.054800 0.054600 0.054200
AfricanBuf 0.027300 0.211800 0.027200 0.147400 0.027300 0.033000 0.049500 0.032700 0.049800 0.090900 0.016500 0.000000 0.063200 0.038800 0.061300 0.055600 0.032600 0.043600 0.033100 0.049500 0.055600 0.022000 0.102500 0.132300 0.016300 0.049900 0.062600 0.043600 0.061100 0.043200 0.085200 0.033100 0.095800 0.050400 0.044500 0.010900 0.016400 0.021700 0.062100 0.115400 0.085200 0.044000 0.089900 0.095600 0.032500 0.049700 0.078500 0.082500 0.021700 0.038100 0.049300 0.049200
Topi 0.068600 0.243900 0.079800 0.203000 0.068200 0.074500 0.091600 0.086400 0.104400 0.136300 0.056900 0.063200 0.000000 0.081000 0.104700 0.098500 0.085400 0.097100 0.074800 0.103800 0.098100 0.063000 0.148400 0.180000 0.056900 0.092500 0.022700 0.097100 0.104200 0.085400 0.130200 0.074600 0.153300 0.034000 0.100500 0.063200 0.056900 0.062400 0.087500 0.161800 0.130900 0.086100 0.136300 0.153400 0.085200 0.091700 0.122700 0.116600 0.062600 0.103400 0.103400 0.091100
CommonDuik 0.044200 0.246700 0.055100 0.179300 0.043900 0.049800 0.043100 0.054900 0.078400 0.120900 0.033000 0.038800 0.081000 0.000000 0.078600 0.066900 0.060500 0.071800 0.049600 0.078000 0.066800 0.038700 0.132700 0.163300 0.033000 0.049700 0.079000 0.071800 0.072100 0.072000 0.115000 0.038500 0.125700 0.067700 0.074100 0.038400 0.033000 0.038400 0.067700 0.146200 0.115600 0.043900 0.120900 0.125300 0.059600 0.066700 0.078200 0.113700 0.038100 0.077700 0.077700 0.077500
Suni 0.066600 0.251500 0.076700 0.184400 0.066200 0.066600 0.089000 0.083900 0.101300 0.144700 0.055200 0.061300 0.104700 0.078600 0.000000 0.095700 0.083000 0.082700 0.072700 0.100900 0.083900 0.061200 0.144200 0.161800 0.055200 0.089900 0.103600 0.094300 0.101300 0.094700 0.138800 0.072500 0.149500 0.090700 0.097700 0.061300 0.055200 0.060700 0.085000 0.144800 0.139400 0.083600 0.144700 0.124200 0.082800 0.077800 0.107200 0.118200 0.049100 0.100500 0.100500 0.100200
Springbuck 0.060100 0.250900 0.071800 0.197700 0.060300 0.066600 0.077300 0.043600 0.095400 0.126000 0.049500 0.055600 0.098500 0.066900 0.095700 0.000000 0.077300 0.088600 0.066900 0.095000 0.066200 0.055500 0.137700 0.168400 0.049200 0.026800 0.097600 0.088600 0.005300 0.088800 0.120200 0.060800 0.130800 0.084800 0.085500 0.049800 0.049700 0.055000 0.079000 0.151300 0.120700 0.026900 0.126000 0.130400 0.065600 0.083600 0.088900 0.131800 0.055100 0.094900 0.094600 0.094300
Okapi 0.048400 0.235000 0.048000 0.157000 0.048700 0.054000 0.070900 0.065800 0.071300 0.100900 0.038200 0.032600 0.085400 0.060500 0.083000 0.077300 0.000000 0.021000 0.054200 0.071000 0.077300 0.043100 0.112400 0.135900 0.037900 0.071600 0.084600 0.065000 0.083100 0.065200 0.095200 0.054700 0.105800 0.072200 0.078700 0.032900 0.037600 0.043300 0.084000 0.119200 0.095600 0.064700 0.099900 0.099600 0.053800 0.065600 0.093300 0.117800 0.043400 0.059600 0.071000 0.070000
Giraffe 0.059900 0.248300 0.059600 0.169200 0.059700 0.065700 0.082100 0.077100 0.082600 0.112500 0.048900 0.043600 0.097100 0.071800 0.082700 0.088600 0.021000 0.000000 0.066000 0.082200 0.088600 0.054700 0.124000 0.135300 0.048900 0.083100 0.096200 0.075900 0.094100 0.076300 0.106800 0.065800 0.117300 0.083600 0.090300 0.043000 0.048200 0.053600 0.089700 0.118600 0.107200 0.076800 0.112500 0.099200 0.064800 0.076800 0.105800 0.129900 0.054400 0.070600 0.081900 0.081700
TibetanAnt 0.038500 0.238700 0.049400 0.172300 0.038300 0.032900 0.060500 0.055200 0.072400 0.102400 0.016300 0.033100 0.074800 0.049600 0.072700 0.066900 0.054200 0.066000 0.000000 0.060600 0.066900 0.021700 0.126200 0.156700 0.016200 0.061100 0.074100 0.066000 0.072400 0.055000 0.108700 0.043900 0.107300 0.061700 0.068000 0.033100 0.016200 0.032800 0.073500 0.139500 0.109200 0.055200 0.102400 0.119000 0.054100 0.060900 0.089800 0.107000 0.032800 0.066100 0.060400 0.060200
Sitatunga 0.066100 0.243200 0.021200 0.170500 0.054400 0.071800 0.076900 0.083300 0.032200 0.119100 0.054800 0.049500 0.103800 0.078000 0.100900 0.095000 0.071000 0.082200 0.060600 0.000000 0.089100 0.060700 0.143100 0.161200 0.054400 0.089200 0.102800 0.026500 0.100500 0.026500 0.125500 0.071900 0.123900 0.090000 0.096900 0.049500 0.054500 0.060200 0.102100 0.156600 0.126100 0.083000 0.119100 0.123700 0.070800 0.088800 0.118300 0.124500 0.060300 0.088200 0.010500 0.031800
Oribi 0.049400 0.242900 0.066100 0.177200 0.060500 0.049300 0.077300 0.054800 0.089600 0.138500 0.049500 0.055600 0.098100 0.066800 0.083900 0.066200 0.077300 0.088600 0.066900 0.089100 0.000000 0.055400 0.150400 0.155900 0.049500 0.060500 0.097500 0.082800 0.071700 0.071600 0.132600 0.060900 0.130500 0.073000 0.085000 0.049800 0.049500 0.055000 0.067000 0.150700 0.133200 0.060200 0.138500 0.130500 0.077000 0.071700 0.088900 0.131900 0.043800 0.094600 0.088800 0.077100
BarbaryShe 0.027400 0.210900 0.038200 0.159600 0.027200 0.021800 0.049300 0.044100 0.061000 0.102600 0.005400 0.022000 0.063000 0.038700 0.061200 0.055500 0.043100 0.054700 0.021700 0.060700 0.055400 0.000000 0.114200 0.144300 0.005400 0.049800 0.062400 0.054700 0.060000 0.054900 0.096800 0.032600 0.107400 0.050300 0.056200 0.022000 0.005400 0.021700 0.061900 0.127300 0.097200 0.043900 0.102600 0.107100 0.043500 0.049600 0.078200 0.094700 0.021800 0.060500 0.059900 0.060300
Daviddeer 0.119800 0.222800 0.118800 0.178300 0.107000 0.125800 0.130800 0.138100 0.143800 0.043700 0.107700 0.102500 0.148400 0.132700 0.144200 0.137700 0.112400 0.124000 0.126200 0.143100 0.150400 0.114200 0.000000 0.112100 0.108800 0.144300 0.147000 0.123800 0.143400 0.136500 0.038200 0.126100 0.142900 0.133100 0.141300 0.102500 0.107700 0.101200 0.146200 0.072100 0.016300 0.137500 0.043300 0.076700 0.100200 0.143700 0.149900 0.178400 0.113500 0.130500 0.142500 0.142200
Reindeer 0.149900 0.264800 0.136400 0.203800 0.136500 0.149800 0.161000 0.168700 0.161700 0.100600 0.137500 0.132300 0.180000 0.163300 0.161800 0.168400 0.135900 0.135300 0.156700 0.161200 0.155900 0.144300 0.112100 0.000000 0.137500 0.175100 0.178200 0.141300 0.174100 0.154400 0.095000 0.156400 0.173500 0.176800 0.178900 0.132300 0.137500 0.130600 0.170800 0.082900 0.095400 0.168000 0.101300 0.037100 0.141400 0.148900 0.180500 0.197300 0.131000 0.173200 0.160500 0.160100
Ibex 0.021600 0.216900 0.032500 0.152500 0.021600 0.016200 0.043300 0.037900 0.055100 0.096200 0.000000 0.016300 0.056900 0.033000 0.055200 0.049200 0.037900 0.048900 0.016200 0.054400 0.049500 0.005400 0.108800 0.137500 0.000000 0.043400 0.056300 0.048900 0.055000 0.049000 0.089600 0.027100 0.101100 0.044100 0.050100 0.016300 0.000000 0.016200 0.055900 0.120600 0.090800 0.038000 0.096200 0.100800 0.037800 0.043700 0.072100 0.088100 0.016200 0.054600 0.054400 0.054000
GyrantGaze 0.055200 0.244100 0.066100 0.191400 0.054900 0.060900 0.060300 0.037700 0.089600 0.132500 0.044200 0.049900 0.092500 0.049700 0.089900 0.026800 0.071600 0.083100 0.061100 0.089200 0.060500 0.049800 0.144300 0.175100 0.043400 0.000000 0.091600 0.082900 0.032400 0.082700 0.126600 0.055200 0.137200 0.078700 0.079600 0.044200 0.043400 0.048800 0.072900 0.158000 0.127200 0.010700 0.132500 0.136800 0.071400 0.077800 0.071700 0.125600 0.049500 0.088900 0.088100 0.088400
Hartebeest 0.067900 0.242400 0.079000 0.201800 0.067500 0.073800 0.090700 0.085600 0.103300 0.134900 0.056300 0.062600 0.022700 0.079000 0.103600 0.097600 0.084600 0.096200 0.074100 0.102800 0.097500 0.062400 0.147000 0.178200 0.056300 0.091600 0.000000 0.096200 0.103200 0.084600 0.129000 0.073900 0.152400 0.022400 0.099800 0.062500 0.056300 0.061900 0.098900 0.160900 0.129600 0.085200 0.134900 0.151900 0.072700 0.091200 0.097200 0.115400 0.062000 0.101500 0.102400 0.090200
Bongo 0.060100 0.227500 0.015800 0.156800 0.037400 0.065500 0.070800 0.077100 0.015900 0.112300 0.048600 0.043600 0.097100 0.071800 0.094300 0.088600 0.065000 0.075900 0.066000 0.026500 0.082800 0.054700 0.123800 0.141300 0.048900 0.082900 0.096200 0.000000 0.094100 0.031800 0.106600 0.065800 0.129200 0.083600 0.090300 0.043600 0.048200 0.043100 0.095500 0.136800 0.107100 0.076800 0.112300 0.104900 0.064800 0.082500 0.099800 0.117400 0.054400 0.081700 0.026200 0.036700
Gerenuk 0.066400 0.257000 0.077300 0.203500 0.065300 0.072100 0.082700 0.049000 0.101000 0.131700 0.055000 0.061100 0.104200 0.072100 0.101300 0.005300 0.083100 0.094100 0.072400 0.100500 0.071700 0.060000 0.143400 0.174100 0.055000 0.032400 0.103200 0.094100 0.000000 0.094300 0.125800 0.066300 0.136500 0.090400 0.091200 0.054700 0.055000 0.060400 0.084200 0.157000 0.126300 0.032200 0.131700 0.136000 0.071000 0.089200 0.094400 0.137600 0.059800 0.100100 0.100200 0.099800
CommonElan 0.059500 0.235100 0.015800 0.150900 0.048600 0.065900 0.071000 0.077300 0.037600 0.112700 0.049000 0.043200 0.085400 0.072000 0.094700 0.088800 0.065200 0.076300 0.055000 0.026500 0.071600 0.054900 0.136500 0.154400 0.049000 0.082700 0.084600 0.031800 0.094300 0.000000 0.119100 0.066000 0.105700 0.060800 0.090600 0.043900 0.049000 0.054400 0.095800 0.149800 0.119600 0.077000 0.112700 0.117300 0.065000 0.082700 0.112000 0.105400 0.053700 0.082200 0.026200 0.005200
MuntiacusR 0.102400 0.217400 0.101500 0.159500 0.089800 0.108300 0.125500 0.120400 0.126100 0.016200 0.090400 0.085200 0.130200 0.115000 0.138800 0.120200 0.095200 0.106800 0.108700 0.125500 0.132600 0.096800 0.038200 0.095000 0.089600 0.126600 0.129000 0.106600 0.125800 0.119100 0.000000 0.108500 0.125300 0.115400 0.135800 0.085100 0.090400 0.084100 0.140700 0.066800 0.021900 0.119900 0.016200 0.060100 0.094900 0.126000 0.137900 0.172800 0.096200 0.125200 0.125000 0.124700
HarveysDui 0.038000 0.238400 0.048500 0.172100 0.037700 0.044000 0.049100 0.049500 0.072300 0.114300 0.027300 0.033100 0.074600 0.038500 0.072500 0.060800 0.054700 0.065800 0.043900 0.071900 0.060900 0.032600 0.126100 0.156400 0.027100 0.055200 0.073900 0.065800 0.066300 0.066000 0.108500 0.000000 0.119100 0.061600 0.067900 0.033000 0.027100 0.032700 0.061700 0.139300 0.109000 0.049300 0.114300 0.118800 0.054300 0.060700 0.083700 0.106900 0.032800 0.071700 0.071700 0.071500
Pronghorn 0.112900 0.293200 0.112100 0.202300 0.112300 0.118900 0.135900 0.131000 0.136700 0.112900 0.101100 0.095800 0.153300 0.125700 0.149500 0.130800 0.105800 0.117300 0.107300 0.123900 0.130500 0.107400 0.142900 0.173500 0.101100 0.137200 0.152400 0.129200 0.136500 0.105700 0.125300 0.119100 0.000000 0.126200 0.145900 0.095800 0.101100 0.106600 0.151400 0.155700 0.125800 0.130500 0.112900 0.135500 0.105300 0.130100 0.167800 0.176800 0.095000 0.123600 0.123400 0.111200
BlueWildeb 0.055800 0.225700 0.066300 0.173400 0.055500 0.061500 0.078300 0.073100 0.090500 0.121300 0.044800 0.050400 0.034000 0.067700 0.090700 0.084800 0.072200 0.083600 0.061700 0.090000 0.073000 0.050300 0.133100 0.176800 0.044100 0.078700 0.022400 0.083600 0.090400 0.060800 0.115400 0.061600 0.126200 0.000000 0.086500 0.050200 0.044400 0.049900 0.085800 0.146600 0.116000 0.072800 0.121300 0.138100 0.060600 0.078600 0.096400 0.101500 0.050000 0.089700 0.089700 0.066300
Gemsbok 0.061900 0.250200 0.073100 0.188600 0.061500 0.067700 0.073000 0.061600 0.097400 0.141900 0.050100 0.044500 0.100500 0.074100 0.097700 0.085500 0.078700 0.090300 0.068000 0.096900 0.085000 0.056200 0.141300 0.178900 0.050100 0.079600 0.099800 0.090300 0.091200 0.090600 0.135800 0.067900 0.145900 0.086500 0.000000 0.044600 0.050100 0.055800 0.092700 0.167500 0.136500 0.073300 0.141900 0.146200 0.066800 0.084800 0.109400 0.102100 0.055900 0.072700 0.096600 0.096300
Yak 0.027300 0.204400 0.027400 0.147300 0.027200 0.032900 0.049400 0.038500 0.049000 0.090900 0.016400 0.010900 0.063200 0.038400 0.061300 0.049800 0.032900 0.043000 0.033100 0.049500 0.049800 0.022000 0.102500 0.132300 0.016300 0.044200 0.062500 0.043600 0.054700 0.043900 0.085100 0.033000 0.095800 0.050200 0.044600 0.000000 0.016400 0.021600 0.056200 0.115300 0.085500 0.038200 0.090900 0.095600 0.032500 0.049700 0.072100 0.095000 0.021800 0.049300 0.049300 0.049200
BlueSheep 0.021600 0.216900 0.032500 0.152500 0.021600 0.016200 0.043500 0.038000 0.055100 0.096200 0.000000 0.016400 0.056900 0.033000 0.055200 0.049700 0.037600 0.048200 0.016200 0.054500 0.049500 0.005400 0.107700 0.137500 0.000000 0.043400 0.056300 0.048200 0.055000 0.049000 0.090400 0.027100 0.101100 0.044400 0.050100 0.016400 0.000000 0.016200 0.055900 0.120600 0.090800 0.038200 0.096200 0.100600 0.037500 0.043700 0.072100 0.088100 0.016200 0.054600 0.054600 0.054400
BohorReedb 0.026900 0.216200 0.037900 0.152100 0.005300 0.032600 0.049000 0.043800 0.060500 0.089800 0.016200 0.021700 0.062400 0.038400 0.060700 0.055000 0.043300 0.053600 0.032800 0.060200 0.055000 0.021700 0.101200 0.130600 0.016200 0.048800 0.061900 0.043100 0.060400 0.054400 0.084100 0.032700 0.106600 0.049900 0.055800 0.021600 0.016200 0.000000 0.049500 0.113900 0.084500 0.043600 0.089800 0.093700 0.043200 0.049200 0.066100 0.093400 0.021600 0.060000 0.059100 0.059800
KirksDik 0.067500 0.247400 0.077700 0.193600 0.054800 0.067400 0.078300 0.067100 0.102600 0.146500 0.055900 0.062100 0.087500 0.067700 0.085000 0.079000 0.084000 0.089700 0.073500 0.102100 0.067000 0.061900 0.146200 0.170800 0.055900 0.072900 0.098900 0.095500 0.084200 0.095800 0.140700 0.061700 0.151400 0.085800 0.092700 0.056200 0.055900 0.049500 0.000000 0.140800 0.128800 0.072500 0.146700 0.132300 0.083800 0.078700 0.102000 0.127400 0.050000 0.101800 0.101700 0.101400
RoeDeer 0.132900 0.230100 0.131800 0.198700 0.119700 0.132800 0.156500 0.151600 0.157400 0.072400 0.120600 0.115400 0.161800 0.146200 0.144800 0.151300 0.119200 0.118600 0.139500 0.156600 0.150700 0.127300 0.072100 0.082900 0.120600 0.158000 0.160900 0.136800 0.157000 0.149800 0.066800 0.139300 0.155700 0.146600 0.167500 0.115300 0.120600 0.113900 0.140800 0.000000 0.055600 0.150900 0.072400 0.054200 0.124700 0.131500 0.163300 0.193400 0.114100 0.156200 0.156000 0.155600
WhiteLippe 0.102800 0.204400 0.102000 0.173600 0.090200 0.108800 0.126000 0.121000 0.126700 0.027300 0.090800 0.085200 0.130900 0.115600 0.139400 0.120700 0.095600 0.107200 0.109200 0.126100 0.133200 0.097200 0.016300 0.095400 0.090800 0.127200 0.129600 0.107100 0.126300 0.119600 0.021900 0.109000 0.125800 0.116000 0.136500 0.085500 0.090800 0.084500 0.128800 0.055600 0.000000 0.120400 0.027200 0.060400 0.095300 0.126600 0.145100 0.160200 0.096600 0.125700 0.125600 0.125200
ThomsonGaz 0.049600 0.242900 0.060200 0.183900 0.048600 0.054900 0.053900 0.037900 0.083400 0.125700 0.038200 0.044000 0.086100 0.043900 0.083600 0.026900 0.064700 0.076800 0.055200 0.083000 0.060200 0.043900 0.137500 0.168000 0.038000 0.010700 0.085200 0.076800 0.032200 0.077000 0.119900 0.049300 0.130500 0.072800 0.073300 0.038200 0.038200 0.043600 0.072500 0.150900 0.120400 0.000000 0.125700 0.129900 0.064700 0.071800 0.070500 0.118700 0.043100 0.082700 0.082700 0.081500
MuntiacusC 0.108100 0.209400 0.107200 0.165500 0.095500 0.114100 0.131600 0.126300 0.132000 0.000000 0.096200 0.089900 0.136300 0.120900 0.144700 0.126000 0.099900 0.112500 0.102400 0.119100 0.138500 0.102600 0.043300 0.101300 0.096200 0.132500 0.134900 0.112300 0.131700 0.112700 0.016200 0.114300 0.112900 0.121300 0.141900 0.090900 0.096200 0.089800 0.146700 0.072400 0.027200 0.125700 0.000000 0.065600 0.100500 0.131900 0.143700 0.179100 0.101900 0.131000 0.118600 0.117700
WhiteTaile 0.112800 0.220800 0.100000 0.163700 0.100100 0.112600 0.123600 0.130700 0.124100 0.065600 0.100800 0.095600 0.153400 0.125300 0.124200 0.130400 0.099600 0.099200 0.119000 0.123700 0.130500 0.107100 0.076700 0.037100 0.100800 0.136800 0.151900 0.104900 0.136000 0.117300 0.060100 0.118800 0.135500 0.138100 0.146200 0.095600 0.100600 0.093700 0.132300 0.054200 0.060400 0.129900 0.065600 0.000000 0.105100 0.111900 0.142100 0.169700 0.094600 0.135300 0.123200 0.122900
Cattle 0.048900 0.213500 0.048500 0.144100 0.048600 0.054400 0.058600 0.065700 0.071100 0.100500 0.037800 0.032500 0.085200 0.059600 0.082800 0.065600 0.053800 0.064800 0.054100 0.070800 0.077000 0.043500 0.100200 0.141400 0.037800 0.071400 0.072700 0.064800 0.071000 0.065000 0.094900 0.054300 0.105300 0.060600 0.066800 0.032500 0.037500 0.043200 0.083800 0.124700 0.095300 0.064700 0.100500 0.105100 0.000000 0.071100 0.088300 0.117400 0.043200 0.059400 0.070600 0.070400
RoyalAntel 0.055000 0.236100 0.065800 0.183300 0.054700 0.055000 0.077100 0.072000 0.089200 0.131900 0.043700 0.049700 0.091700 0.066700 0.077800 0.083600 0.065600 0.076800 0.060900 0.088800 0.071700 0.049600 0.143700 0.148900 0.043700 0.077800 0.091200 0.082500 0.089200 0.082700 0.126000 0.060700 0.130100 0.078600 0.084800 0.049700 0.043700 0.049200 0.078700 0.131500 0.126600 0.071800 0.131900 0.111900 0.071100 0.000000 0.094900 0.125100 0.038100 0.088500 0.088500 0.088200
Steenbok 0.083700 0.272800 0.094800 0.210300 0.071600 0.089500 0.077000 0.077400 0.118900 0.143700 0.072300 0.078500 0.122700 0.078200 0.107200 0.088900 0.093300 0.105800 0.089800 0.118300 0.088900 0.078200 0.149900 0.180500 0.072100 0.071700 0.097200 0.099800 0.094400 0.112000 0.137900 0.083700 0.167800 0.096400 0.109400 0.072100 0.072100 0.066100 0.102000 0.163300 0.145100 0.070500 0.143700 0.142100 0.088300 0.094900 0.000000 0.157500 0.077200 0.118000 0.117900 0.117600
Impala 0.100500 0.282200 0.099600 0.215200 0.099900 0.106700 0.111900 0.106500 0.125200 0.179100 0.088100 0.082500 0.116600 0.113700 0.118200 0.131800 0.117800 0.129900 0.107000 0.124500 0.131900 0.094700 0.178400 0.197300 0.088100 0.125600 0.115400 0.117400 0.137600 0.105400 0.172800 0.106900 0.176800 0.101500 0.102100 0.095000 0.088100 0.093400 0.127400 0.193400 0.160200 0.118700 0.179100 0.169700 0.117400 0.125100 0.157500 0.000000 0.094100 0.123900 0.124000 0.111200
Klipspring 0.027200 0.216500 0.038000 0.152300 0.027000 0.027200 0.049000 0.043200 0.060600 0.101900 0.016200 0.021700 0.062600 0.038100 0.049100 0.055100 0.043400 0.054400 0.032800 0.060300 0.043800 0.021800 0.113500 0.131000 0.016200 0.049500 0.062000 0.054400 0.059800 0.053700 0.096200 0.032800 0.095000 0.050000 0.055900 0.021800 0.016200 0.021600 0.050000 0.114100 0.096600 0.043100 0.101900 0.094600 0.043200 0.038100 0.077200 0.094100 0.000000 0.048900 0.060100 0.059900
ForestMusk 0.065900 0.256700 0.065400 0.176300 0.065600 0.071600 0.076700 0.071400 0.088600 0.131000 0.054800 0.038100 0.103400 0.077700 0.100500 0.094900 0.059600 0.070600 0.066100 0.088200 0.094600 0.060500 0.130500 0.173200 0.054600 0.088900 0.101500 0.081700 0.100100 0.082200 0.125200 0.071700 0.123600 0.089700 0.072700 0.049300 0.054600 0.060000 0.101800 0.156200 0.125700 0.082700 0.131000 0.135300 0.059400 0.088500 0.118000 0.123900 0.048900 0.000000 0.087700 0.087600
Bushbuck 0.065900 0.242000 0.021200 0.156800 0.054100 0.071500 0.076600 0.083000 0.031900 0.118600 0.054600 0.049300 0.103400 0.077700 0.100500 0.094600 0.071000 0.081900 0.060400 0.010500 0.088800 0.059900 0.142500 0.160500 0.054400 0.088100 0.102400 0.026200 0.100200 0.026200 0.125000 0.071700 0.123400 0.089700 0.096600 0.049300 0.054600 0.059100 0.101700 0.156000 0.125600 0.082700 0.118600 0.123200 0.070600 0.088500 0.117900 0.124000 0.060100 0.087700 0.000000 0.031400
GreaterKud 0.064900 0.241400 0.021100 0.156700 0.054100 0.071300 0.076400 0.082800 0.042900 0.118300 0.054200 0.049200 0.091100 0.077500 0.100200 0.094300 0.070000 0.081700 0.060200 0.031800 0.077100 0.060300 0.142200 0.160100 0.054000 0.088400 0.090200 0.036700 0.099800 0.005200 0.124700 0.071500 0.111200 0.066300 0.096300 0.049200 0.054400 0.059800 0.101400 0.155600 0.125200 0.081500 0.117700 0.122900 0.070400 0.088200 0.117600 0.111200 0.059900 0.087600 0.031400 0.000000
