1
52 1
Argali 0.000000 0.219300 0.133200 0.160700 0.023600 0.000000 0.024400 0.051000 0.135200 0.077500 0.000000 0.024600 0.051200 0.000100 0.024400 0.000200 0.074600 0.049600 0.000100 0.133200 0.051000 0.048200 0.049400 0.074500 0.000000 0.051000 0.051200 0.133200 0.000100 0.133200 0.024500 0.000100 0.074000 0.051200 0.078600 0.024600 0.024400 0.049200 0.000100 0.049600 0.049600 0.051000 0.077500 0.074300 0.050300 0.048300 0.000100 0.024900 0.024200 0.000100 0.196600 0.133200
LesserMous 0.219300 0.000000 0.292900 0.156300 0.252000 0.219300 0.220000 0.297000 0.338500 0.224100 0.219300 0.256200 0.296800 0.219100 0.254900 0.216400 0.248200 0.220000 0.221700 0.292900 0.297000 0.288100 0.286000 0.320500 0.219300 0.297000 0.296800 0.292900 0.219100 0.292900 0.256800 0.219100 0.246600 0.296800 0.299300 0.256200 0.188400 0.219100 0.219100 0.289000 0.289700 0.297000 0.224100 0.316300 0.294300 0.216800 0.219100 0.261300 0.186100 0.220100 0.332900 0.292900
LesserKudu 0.133200 0.292900 0.000000 0.262100 0.162400 0.133200 0.133900 0.201200 0.077100 0.166700 0.133200 0.105000 0.201300 0.133500 0.164200 0.131400 0.132600 0.164000 0.134600 0.000000 0.201200 0.193800 0.194400 0.224800 0.133200 0.201200 0.201300 0.000000 0.133500 0.000000 0.164900 0.133500 0.223300 0.201300 0.167100 0.105000 0.104500 0.163100 0.133500 0.195000 0.195600 0.201200 0.166700 0.223700 0.134500 0.189900 0.133500 0.166100 0.132800 0.133400 0.050300 0.000000
KillerWhal 0.160700 0.156300 0.262100 0.000000 0.190300 0.160700 0.161200 0.232700 0.307100 0.164600 0.160700 0.193400 0.231100 0.161000 0.192600 0.158600 0.255900 0.226100 0.162400 0.262100 0.232700 0.224500 0.221500 0.253800 0.160700 0.232700 0.231100 0.262100 0.161000 0.262100 0.194700 0.161000 0.252500 0.231100 0.270100 0.193400 0.131500 0.223500 0.161000 0.225300 0.225200 0.232700 0.164600 0.252300 0.228700 0.158200 0.161000 0.197700 0.191600 0.160900 0.302200 0.262100
DefassaWat 0.023600 0.252000 0.162400 0.190300 0.000000 0.024100 0.049400 0.077400 0.164800 0.104700 0.024100 0.049700 0.077600 0.024200 0.049300 0.023800 0.100800 0.075300 0.024400 0.162400 0.077400 0.074400 0.074900 0.100700 0.024100 0.077400 0.077600 0.162400 0.024200 0.162400 0.049500 0.024200 0.099900 0.077600 0.105900 0.049700 0.049400 0.024000 0.024200 0.075200 0.075300 0.077400 0.104700 0.100300 0.076300 0.073300 0.024200 0.050400 0.048900 0.024200 0.229000 0.162400
Sheep 0.000000 0.219300 0.133200 0.160700 0.024100 0.000000 0.024400 0.051000 0.135200 0.077500 0.000000 0.024600 0.051200 0.000100 0.024400 0.000200 0.074600 0.049600 0.000100 0.133200 0.051000 0.049100 0.049400 0.074500 0.000000 0.051000 0.051200 0.133200 0.000100 0.133200 0.024500 0.000100 0.074000 0.051200 0.078600 0.024600 0.024400 0.049200 0.000100 0.049600 0.049600 0.051000 0.077500 0.074300 0.050300 0.048300 0.000100 0.024900 0.024200 0.000100 0.196600 0.133200
MaxwellsDu 0.024400 0.220000 0.133900 0.161200 0.049400 0.024400 0.000000 0.078500 0.136200 0.050700 0.024400 0.050200 0.078700 0.024400 0.049800 0.024100 0.101900 0.076200 0.024700 0.133900 0.078500 0.075600 0.075600 0.101700 0.024400 0.078500 0.078700 0.133900 0.024400 0.133900 0.050200 0.024400 0.100900 0.078700 0.107900 0.050200 0.050000 0.075600 0.024400 0.076300 0.076200 0.078500 0.050700 0.101300 0.077300 0.073900 0.024400 0.051100 0.049400 0.024400 0.134500 0.133900
GazellaPrz 0.051000 0.297000 0.201200 0.232700 0.077400 0.051000 0.078500 0.000000 0.138700 0.079900 0.051000 0.078700 0.078900 0.050900 0.078100 0.050300 0.132900 0.106500 0.051500 0.201200 0.000000 0.105600 0.105200 0.133000 0.051000 0.000000 0.078900 0.201200 0.050900 0.201200 0.025100 0.050900 0.131400 0.078900 0.079600 0.078700 0.078600 0.105300 0.050600 0.106700 0.050800 0.000000 0.079900 0.131800 0.051500 0.102600 0.050900 0.080300 0.077200 0.051100 0.276500 0.201200
MountainNy 0.135200 0.338500 0.077100 0.307100 0.164800 0.135200 0.136200 0.138700 0.000000 0.137500 0.135200 0.105900 0.205900 0.135500 0.165900 0.133400 0.195300 0.166800 0.136700 0.077100 0.138700 0.197000 0.197500 0.228600 0.135200 0.138700 0.205900 0.077100 0.135500 0.077100 0.106100 0.135500 0.226700 0.205900 0.170400 0.105900 0.135800 0.165200 0.135500 0.199300 0.134700 0.138700 0.137500 0.227100 0.077700 0.191900 0.135500 0.170500 0.134600 0.135500 0.134900 0.077100
MuntiacusM 0.077500 0.224100 0.166700 0.164600 0.104700 0.077500 0.050700 0.079900 0.137500 0.000000 0.077500 0.106100 0.139500 0.077600 0.105600 0.076500 0.162900 0.134900 0.078300 0.166700 0.079900 0.134500 0.132100 0.162200 0.077500 0.079900 0.139500 0.166700 0.077600 0.166700 0.050800 0.077600 0.160700 0.139500 0.173300 0.106100 0.051000 0.133900 0.077600 0.135600 0.076900 0.079900 0.000000 0.160800 0.078200 0.130700 0.077600 0.108800 0.104900 0.077600 0.168500 0.166700
goat 0.000000 0.219300 0.133200 0.160700 0.024100 0.000000 0.024400 0.051000 0.135200 0.077500 0.000000 0.024600 0.051200 0.000100 0.024400 0.000200 0.074600 0.049600 0.000100 0.133200 0.051000 0.049100 0.049400 0.074500 0.000000 0.051000 0.051200 0.133200 0.000100 0.133200 0.024500 0.000100 0.074000 0.051200 0.078600 0.024600 0.024400 0.049200 0.000100 0.049600 0.049600 0.051000 0.077500 0.074300 0.050300 0.048300 0.000100 0.024900 0.024200 0.000100 0.196600 0.133200
AfricanBuf 0.024600 0.256200 0.105000 0.193400 0.049700 0.024600 0.050200 0.078700 0.105900 0.106100 0.024600 0.000000 0.079200 0.024600 0.050000 0.024200 0.102600 0.076600 0.024800 0.105000 0.078700 0.076000 0.076500 0.102500 0.024600 0.078700 0.079200 0.105000 0.024600 0.105000 0.050300 0.024600 0.101800 0.079200 0.108500 0.000000 0.050200 0.076100 0.024600 0.076400 0.076700 0.078700 0.106100 0.102300 0.024100 0.074500 0.024600 0.051100 0.049700 0.024600 0.165300 0.105000
Topi 0.051200 0.296800 0.201300 0.231100 0.077600 0.051200 0.078700 0.078900 0.205900 0.139500 0.051200 0.079200 0.000000 0.051200 0.078200 0.050500 0.133400 0.106700 0.051800 0.201300 0.078900 0.105600 0.106200 0.133400 0.051200 0.078900 0.000000 0.201300 0.051200 0.201300 0.078900 0.051200 0.132300 0.000000 0.052400 0.079200 0.078400 0.105500 0.051200 0.107200 0.106800 0.078900 0.139500 0.132800 0.108200 0.102700 0.051200 0.080400 0.077600 0.051100 0.275000 0.201300
CommonDuik 0.000100 0.219100 0.133500 0.161000 0.024200 0.000100 0.024400 0.050900 0.135500 0.077600 0.000100 0.024600 0.051200 0.000000 0.024400 0.000100 0.074500 0.049600 0.000200 0.133500 0.050900 0.049300 0.049400 0.074600 0.000100 0.050900 0.051200 0.133500 0.000000 0.133500 0.024500 0.000000 0.073800 0.051200 0.079000 0.024600 0.024500 0.049300 0.000000 0.049600 0.049700 0.050900 0.077600 0.074200 0.050300 0.048200 0.000000 0.025000 0.024100 0.000200 0.197400 0.133500
Suni 0.024400 0.254900 0.164200 0.192600 0.049300 0.024400 0.049800 0.078100 0.165900 0.105600 0.024400 0.050000 0.078200 0.024400 0.000000 0.024000 0.101800 0.075900 0.024600 0.164200 0.078100 0.075500 0.075500 0.101600 0.024400 0.078100 0.078200 0.164200 0.024400 0.164200 0.050000 0.024400 0.100900 0.078200 0.107300 0.050000 0.049800 0.075600 0.024400 0.075800 0.075900 0.078100 0.105600 0.101300 0.076700 0.074100 0.024400 0.050700 0.049300 0.024400 0.231900 0.164200
Springbuck 0.000200 0.216400 0.131400 0.158600 0.023800 0.000200 0.024100 0.050300 0.133400 0.076500 0.000200 0.024200 0.050500 0.000100 0.024000 0.000000 0.073600 0.048900 0.000200 0.131400 0.050300 0.048600 0.048600 0.073400 0.000200 0.050300 0.050500 0.131400 0.000100 0.131400 0.024200 0.000100 0.073000 0.050500 0.077800 0.024200 0.024100 0.048500 0.000100 0.049000 0.048900 0.050300 0.076500 0.073300 0.049600 0.047600 0.000100 0.024600 0.023800 0.000200 0.194200 0.131400
Okapi 0.074600 0.248200 0.132600 0.255900 0.100800 0.074600 0.101900 0.132900 0.195300 0.162900 0.074600 0.102600 0.133400 0.074500 0.101800 0.073600 0.000000 0.023900 0.075400 0.132600 0.132900 0.128800 0.128800 0.156100 0.074600 0.132900 0.133400 0.132600 0.074500 0.132600 0.102300 0.074500 0.154500 0.133400 0.134600 0.102600 0.102000 0.074200 0.074500 0.129500 0.129700 0.132900 0.162900 0.154900 0.131500 0.125800 0.074500 0.104100 0.048300 0.074700 0.196500 0.132600
Giraffe 0.049600 0.220000 0.164000 0.226100 0.075300 0.049600 0.076200 0.106500 0.166800 0.134900 0.049600 0.076600 0.106700 0.049600 0.075900 0.048900 0.023900 0.000000 0.050100 0.164000 0.106500 0.102600 0.102300 0.129600 0.049600 0.106500 0.106700 0.164000 0.049600 0.164000 0.076200 0.049600 0.128600 0.106700 0.107700 0.076600 0.076300 0.049100 0.049600 0.103500 0.103000 0.106500 0.134900 0.129000 0.104800 0.100300 0.049600 0.077800 0.024100 0.049600 0.232200 0.164000
TibetanAnt 0.000100 0.221700 0.134600 0.162400 0.024400 0.000100 0.024700 0.051500 0.136700 0.078300 0.000100 0.024800 0.051800 0.000200 0.024600 0.000200 0.075400 0.050100 0.000000 0.134600 0.051500 0.049700 0.049800 0.075200 0.000100 0.051500 0.051800 0.134600 0.000200 0.134600 0.024800 0.000200 0.074700 0.051800 0.079700 0.024800 0.024700 0.049700 0.000200 0.050000 0.050100 0.051500 0.078300 0.075100 0.050800 0.048700 0.000200 0.000300 0.024400 0.000200 0.198600 0.134600
Sitatunga 0.133200 0.292900 0.000000 0.262100 0.162400 0.133200 0.133900 0.201200 0.077100 0.166700 0.133200 0.105000 0.201300 0.133500 0.164200 0.131400 0.132600 0.164000 0.134600 0.000000 0.201200 0.193800 0.194400 0.224800 0.133200 0.201200 0.201300 0.000000 0.133500 0.000000 0.164900 0.133500 0.223300 0.201300 0.167100 0.105000 0.104500 0.163100 0.133500 0.195000 0.195600 0.201200 0.166700 0.223700 0.134500 0.189900 0.133500 0.166100 0.132800 0.133400 0.050300 0.000000
Oribi 0.051000 0.297000 0.201200 0.232700 0.077400 0.051000 0.078500 0.000000 0.138700 0.079900 0.051000 0.078700 0.078900 0.050900 0.078100 0.050300 0.132900 0.106500 0.051500 0.201200 0.000000 0.105600 0.105200 0.133000 0.051000 0.000000 0.078900 0.201200 0.050900 0.201200 0.025100 0.050900 0.131400 0.078900 0.079600 0.078700 0.078600 0.105300 0.047700 0.106700 0.050800 0.000000 0.079900 0.131800 0.051500 0.102600 0.050900 0.080300 0.077200 0.051100 0.276500 0.201200
BarbaryShe 0.048200 0.288100 0.193800 0.224500 0.074400 0.049100 0.075600 0.105600 0.197000 0.134500 0.049100 0.076000 0.105600 0.049300 0.075500 0.048600 0.128800 0.102600 0.049700 0.193800 0.105600 0.000000 0.101600 0.128500 0.049100 0.105600 0.105600 0.193800 0.049300 0.193800 0.076000 0.049300 0.127400 0.105600 0.135300 0.076000 0.075700 0.101800 0.049300 0.102500 0.102600 0.105600 0.134500 0.127800 0.103900 0.099800 0.049300 0.077300 0.074900 0.049300 0.264700 0.193800
Daviddeer 0.049400 0.286000 0.194400 0.221500 0.074900 0.049400 0.075600 0.105200 0.197500 0.132100 0.049400 0.076500 0.106200 0.049400 0.075500 0.048600 0.128800 0.102300 0.049800 0.194400 0.105200 0.101600 0.000000 0.074700 0.049400 0.105200 0.106200 0.194400 0.049400 0.194400 0.075500 0.049400 0.128200 0.106200 0.136000 0.076500 0.075600 0.102000 0.049400 0.102800 0.049400 0.105200 0.132100 0.074600 0.104200 0.099600 0.049400 0.077200 0.075000 0.049400 0.262900 0.194400
Reindeer 0.074500 0.320500 0.224800 0.253800 0.100700 0.074500 0.101700 0.133000 0.228600 0.162200 0.074500 0.102500 0.133400 0.074600 0.101600 0.073400 0.156100 0.129600 0.075200 0.224800 0.133000 0.128500 0.074700 0.000000 0.074500 0.133000 0.133400 0.224800 0.074600 0.224800 0.102100 0.074600 0.154900 0.133400 0.164600 0.102500 0.101800 0.128800 0.074600 0.074600 0.075000 0.133000 0.162200 0.000200 0.131400 0.073100 0.074600 0.104000 0.100900 0.074600 0.298300 0.224800
Ibex 0.000000 0.219300 0.133200 0.160700 0.024100 0.000000 0.024400 0.051000 0.135200 0.077500 0.000000 0.024600 0.051200 0.000100 0.024400 0.000200 0.074600 0.049600 0.000100 0.133200 0.051000 0.049100 0.049400 0.074500 0.000000 0.051000 0.051200 0.133200 0.000100 0.133200 0.024500 0.000100 0.074000 0.051200 0.078600 0.024600 0.024400 0.049200 0.000100 0.049600 0.049600 0.051000 0.077500 0.074300 0.050300 0.048300 0.000100 0.024900 0.024200 0.000100 0.196600 0.133200
GyrantGaze 0.051000 0.297000 0.201200 0.232700 0.077400 0.051000 0.078500 0.000000 0.138700 0.079900 0.051000 0.078700 0.078900 0.050900 0.078100 0.050300 0.132900 0.106500 0.051500 0.201200 0.000000 0.105600 0.105200 0.133000 0.051000 0.000000 0.078900 0.201200 0.050900 0.201200 0.025100 0.050900 0.131400 0.078900 0.079600 0.078700 0.078600 0.105300 0.050900 0.106700 0.050800 0.000000 0.079900 0.131800 0.051500 0.102400 0.050900 0.080300 0.077200 0.051100 0.276500 0.201200
Hartebeest 0.051200 0.296800 0.201300 0.231100 0.077600 0.051200 0.078700 0.078900 0.205900 0.139500 0.051200 0.079200 0.000000 0.051200 0.078200 0.050500 0.133400 0.106700 0.051800 0.201300 0.078900 0.105600 0.106200 0.133400 0.051200 0.078900 0.000000 0.201300 0.051200 0.201300 0.078900 0.051200 0.132300 0.000000 0.052400 0.079200 0.078400 0.105500 0.051200 0.107200 0.106800 0.078900 0.139500 0.132800 0.108200 0.102700 0.051200 0.080400 0.077600 0.051100 0.275000 0.201300
Bongo 0.133200 0.292900 0.000000 0.262100 0.162400 0.133200 0.133900 0.201200 0.077100 0.166700 0.133200 0.105000 0.201300 0.133500 0.164200 0.131400 0.132600 0.164000 0.134600 0.000000 0.201200 0.193800 0.194400 0.224800 0.133200 0.201200 0.201300 0.000000 0.133500 0.000000 0.164900 0.133500 0.223300 0.201300 0.167100 0.105000 0.104500 0.163100 0.133500 0.195000 0.195600 0.201200 0.166700 0.223700 0.134500 0.189900 0.133500 0.166100 0.132800 0.133400 0.050300 0.000000
Gerenuk 0.000100 0.219100 0.133500 0.161000 0.024200 0.000100 0.024400 0.050900 0.135500 0.077600 0.000100 0.024600 0.051200 0.000000 0.024400 0.000100 0.074500 0.049600 0.000200 0.133500 0.050900 0.049300 0.049400 0.074600 0.000100 0.050900 0.051200 0.133500 0.000000 0.133500 0.024500 0.000000 0.073800 0.051200 0.079000 0.024600 0.024500 0.049300 0.000000 0.049600 0.049700 0.047700 0.077600 0.074200 0.050300 0.048200 0.000000 0.025000 0.024100 0.000200 0.197400 0.133500
CommonElan 0.133200 0.292900 0.000000 0.262100 0.162400 0.133200 0.133900 0.201200 0.077100 0.166700 0.133200 0.105000 0.201300 0.133500 0.164200 0.131400 0.132600 0.164000 0.134600 0.000000 0.201200 0.193800 0.194400 0.224800 0.133200 0.201200 0.201300 0.000000 0.133500 0.000000 0.164900 0.133500 0.223300 0.201300 0.167100 0.105000 0.104500 0.163100 0.133500 0.195000 0.195600 0.201200 0.166700 0.223700 0.134500 0.189900 0.133500 0.166100 0.132800 0.133400 0.050300 0.000000
MuntiacusR 0.024500 0.256800 0.164900 0.194700 0.049500 0.024500 0.050200 0.025100 0.106100 0.050800 0.024500 0.050300 0.078900 0.024500 0.050000 0.024200 0.102300 0.076200 0.024800 0.164900 0.025100 0.076000 0.075500 0.102100 0.024500 0.025100 0.078900 0.164900 0.024500 0.164900 0.000000 0.024500 0.101300 0.078900 0.108500 0.050300 0.050200 0.075900 0.024500 0.076500 0.023700 0.025100 0.050800 0.101600 0.024700 0.074300 0.024500 0.051300 0.049600 0.024500 0.234200 0.164900
HarveysDui 0.000100 0.219100 0.133500 0.161000 0.024200 0.000100 0.024400 0.050900 0.135500 0.077600 0.000100 0.024600 0.051200 0.000000 0.024400 0.000100 0.074500 0.049600 0.000200 0.133500 0.050900 0.049300 0.049400 0.074600 0.000100 0.050900 0.051200 0.133500 0.000000 0.133500 0.024500 0.000000 0.073800 0.051200 0.079000 0.024600 0.024500 0.049300 0.000000 0.049600 0.049700 0.050900 0.077600 0.074200 0.050300 0.047400 0.000000 0.025000 0.023600 0.000200 0.197400 0.133500
Pronghorn 0.074000 0.246600 0.223300 0.252500 0.099900 0.074000 0.100900 0.131400 0.226700 0.160700 0.074000 0.101800 0.132300 0.073800 0.100900 0.073000 0.154500 0.128600 0.074700 0.223300 0.131400 0.127400 0.128200 0.154900 0.074000 0.131400 0.132300 0.223300 0.073800 0.223300 0.101300 0.073800 0.000000 0.132300 0.163300 0.101800 0.101000 0.127800 0.073800 0.128500 0.128600 0.131400 0.160700 0.153800 0.130300 0.124600 0.073800 0.103100 0.099800 0.074000 0.295900 0.223300
BlueWildeb 0.051200 0.296800 0.201300 0.231100 0.077600 0.051200 0.078700 0.078900 0.205900 0.139500 0.051200 0.079200 0.000000 0.051200 0.078200 0.050500 0.133400 0.106700 0.051800 0.201300 0.078900 0.105600 0.106200 0.133400 0.051200 0.078900 0.000000 0.201300 0.051200 0.201300 0.078900 0.051200 0.132300 0.000000 0.052400 0.079200 0.078400 0.105500 0.051200 0.107200 0.106800 0.078900 0.139500 0.132800 0.108200 0.102700 0.051200 0.080400 0.077600 0.051100 0.275000 0.201300
Gemsbok 0.078600 0.299300 0.167100 0.270100 0.105900 0.078600 0.107900 0.079600 0.170400 0.173300 0.078600 0.108500 0.052400 0.079000 0.107300 0.077800 0.134600 0.107700 0.079700 0.167100 0.079600 0.135300 0.136000 0.164600 0.078600 0.079600 0.052400 0.167100 0.079000 0.167100 0.108500 0.079000 0.163300 0.052400 0.000000 0.108500 0.108000 0.106300 0.079000 0.138000 0.137300 0.079600 0.173300 0.163700 0.139300 0.132200 0.079000 0.110500 0.078400 0.079000 0.235900 0.167100
Yak 0.024600 0.256200 0.105000 0.193400 0.049700 0.024600 0.050200 0.078700 0.105900 0.106100 0.024600 0.000000 0.079200 0.024600 0.050000 0.024200 0.102600 0.076600 0.024800 0.105000 0.078700 0.076000 0.076500 0.102500 0.024600 0.078700 0.079200 0.105000 0.024600 0.105000 0.050300 0.024600 0.101800 0.079200 0.108500 0.000000 0.050200 0.076100 0.024600 0.076400 0.076700 0.078700 0.106100 0.102300 0.024200 0.074500 0.024600 0.051100 0.049700 0.024600 0.165300 0.105000
BlueSheep 0.024400 0.188400 0.104500 0.131500 0.049400 0.024400 0.050000 0.078600 0.135800 0.051000 0.024400 0.050200 0.078400 0.024500 0.049800 0.024100 0.102000 0.076300 0.024700 0.104500 0.078600 0.075700 0.075600 0.101800 0.024400 0.078600 0.078400 0.104500 0.024500 0.104500 0.050200 0.024500 0.101000 0.078400 0.108000 0.050200 0.000000 0.075600 0.024500 0.076300 0.076300 0.078600 0.051000 0.101300 0.077300 0.074000 0.024500 0.051100 0.049500 0.024400 0.165500 0.104500
BohorReedb 0.049200 0.219100 0.163100 0.223500 0.024000 0.049200 0.075600 0.105300 0.165200 0.133900 0.049200 0.076100 0.105500 0.049300 0.075600 0.048500 0.074200 0.049100 0.049700 0.163100 0.105300 0.101800 0.102000 0.128800 0.049200 0.105300 0.105500 0.163100 0.049300 0.163100 0.075900 0.049300 0.127800 0.105500 0.106300 0.076100 0.075600 0.000000 0.049300 0.102400 0.102600 0.105300 0.133900 0.128200 0.104000 0.100100 0.049300 0.077200 0.024000 0.049300 0.229900 0.163100
KirksDik 0.000100 0.219100 0.133500 0.161000 0.024200 0.000100 0.024400 0.050600 0.135500 0.077600 0.000100 0.024600 0.051200 0.000000 0.024400 0.000100 0.074500 0.049600 0.000200 0.133500 0.047700 0.049300 0.049400 0.074600 0.000100 0.050900 0.051200 0.133500 0.000000 0.133500 0.024500 0.000000 0.073800 0.051200 0.079000 0.024600 0.024500 0.049300 0.000000 0.049600 0.049700 0.050900 0.077600 0.074000 0.050300 0.048200 0.000000 0.025000 0.023600 0.000200 0.197400 0.133500
RoeDeer 0.049600 0.289000 0.195000 0.225300 0.075200 0.049600 0.076300 0.106700 0.199300 0.135600 0.049600 0.076400 0.107200 0.049600 0.075800 0.049000 0.129500 0.103500 0.050000 0.195000 0.106700 0.102500 0.102800 0.074600 0.049600 0.106700 0.107200 0.195000 0.049600 0.195000 0.076500 0.049600 0.128500 0.107200 0.138000 0.076400 0.076300 0.102400 0.049600 0.000000 0.103500 0.106700 0.135600 0.074300 0.104700 0.099800 0.049600 0.078000 0.075300 0.049600 0.267300 0.195000
WhiteLippe 0.049600 0.289700 0.195600 0.225200 0.075300 0.049600 0.076200 0.050800 0.134700 0.076900 0.049600 0.076700 0.106800 0.049700 0.075900 0.048900 0.129700 0.103000 0.050100 0.195600 0.050800 0.102600 0.049400 0.075000 0.049600 0.050800 0.106800 0.195600 0.049700 0.195600 0.023700 0.049700 0.128600 0.106800 0.137300 0.076700 0.076300 0.102600 0.049700 0.103500 0.000000 0.050800 0.076900 0.074700 0.050000 0.100300 0.049700 0.077900 0.075400 0.049700 0.267100 0.195600
ThomsonGaz 0.051000 0.297000 0.201200 0.232700 0.077400 0.051000 0.078500 0.000000 0.138700 0.079900 0.051000 0.078700 0.078900 0.050900 0.078100 0.050300 0.132900 0.106500 0.051500 0.201200 0.000000 0.105600 0.105200 0.133000 0.051000 0.000000 0.078900 0.201200 0.047700 0.201200 0.025100 0.050900 0.131400 0.078900 0.079600 0.078700 0.078600 0.105300 0.050900 0.106700 0.050800 0.000000 0.079900 0.131800 0.051500 0.102600 0.050900 0.080300 0.077200 0.051100 0.276500 0.201200
MuntiacusC 0.077500 0.224100 0.166700 0.164600 0.104700 0.077500 0.050700 0.079900 0.137500 0.000000 0.077500 0.106100 0.139500 0.077600 0.105600 0.076500 0.162900 0.134900 0.078300 0.166700 0.079900 0.134500 0.132100 0.162200 0.077500 0.079900 0.139500 0.166700 0.077600 0.166700 0.050800 0.077600 0.160700 0.139500 0.173300 0.106100 0.051000 0.133900 0.077600 0.135600 0.076900 0.079900 0.000000 0.160800 0.078200 0.130700 0.077600 0.108800 0.104900 0.077600 0.168500 0.166700
WhiteTaile 0.074300 0.316300 0.223700 0.252300 0.100300 0.074300 0.101300 0.131800 0.227100 0.160800 0.074300 0.102300 0.132800 0.074200 0.101300 0.073300 0.154900 0.129000 0.075100 0.223700 0.131800 0.127800 0.074600 0.000200 0.074300 0.131800 0.132800 0.223700 0.074200 0.223700 0.101600 0.074200 0.153800 0.132800 0.163700 0.102300 0.101300 0.128200 0.074000 0.074300 0.074700 0.131800 0.160800 0.000000 0.130800 0.072700 0.074200 0.103600 0.100200 0.074300 0.295600 0.223700
Cattle 0.050300 0.294300 0.134500 0.228700 0.076300 0.050300 0.077300 0.051500 0.077700 0.078200 0.050300 0.024100 0.108200 0.050300 0.076700 0.049600 0.131500 0.104800 0.050800 0.134500 0.051500 0.103900 0.104200 0.131400 0.050300 0.051500 0.108200 0.134500 0.050300 0.134500 0.024700 0.050300 0.130300 0.108200 0.139300 0.024200 0.077300 0.104000 0.050300 0.104700 0.050000 0.051500 0.078200 0.130800 0.000000 0.101600 0.050300 0.078700 0.076400 0.050300 0.198800 0.134500
RoyalAntel 0.048300 0.216800 0.189900 0.158200 0.073300 0.048300 0.073900 0.102600 0.191900 0.130700 0.048300 0.074500 0.102700 0.048200 0.074100 0.047600 0.125800 0.100300 0.048700 0.189900 0.102600 0.099800 0.099600 0.073100 0.048300 0.102400 0.102700 0.189900 0.048200 0.189900 0.074300 0.047400 0.124600 0.102700 0.132200 0.074500 0.074000 0.100100 0.048200 0.099800 0.100300 0.102600 0.130700 0.072700 0.101600 0.000000 0.048200 0.075500 0.073300 0.048200 0.258100 0.189900
Steenbok 0.000100 0.219100 0.133500 0.161000 0.024200 0.000100 0.024400 0.050900 0.135500 0.077600 0.000100 0.024600 0.051200 0.000000 0.024400 0.000100 0.074500 0.049600 0.000200 0.133500 0.050900 0.049300 0.049400 0.074600 0.000100 0.050900 0.051200 0.133500 0.000000 0.133500 0.024500 0.000000 0.073800 0.051200 0.079000 0.024600 0.024500 0.049300 0.000000 0.049600 0.049700 0.050900 0.077600 0.074200 0.050300 0.048200 0.000000 0.025000 0.023300 0.000200 0.197400 0.133500
Impala 0.024900 0.261300 0.166100 0.197700 0.050400 0.024900 0.051100 0.080300 0.170500 0.108800 0.024900 0.051100 0.080400 0.025000 0.050700 0.024600 0.104100 0.077800 0.000300 0.166100 0.080300 0.077300 0.077200 0.104000 0.024900 0.080300 0.080400 0.166100 0.025000 0.166100 0.051300 0.025000 0.103100 0.080400 0.110500 0.051100 0.051100 0.077200 0.025000 0.078000 0.077900 0.080300 0.108800 0.103600 0.078700 0.075500 0.025000 0.000000 0.050500 0.025000 0.236800 0.166100
Klipspring 0.024200 0.186100 0.132800 0.191600 0.048900 0.024200 0.049400 0.077200 0.134600 0.104900 0.024200 0.049700 0.077600 0.024100 0.049300 0.023800 0.048300 0.024100 0.024400 0.132800 0.077200 0.074900 0.075000 0.100900 0.024200 0.077200 0.077600 0.132800 0.024100 0.132800 0.049600 0.023600 0.099800 0.077600 0.078400 0.049700 0.049500 0.024000 0.023600 0.075300 0.075400 0.077200 0.104900 0.100200 0.076400 0.073300 0.023300 0.050500 0.000000 0.024200 0.196400 0.132800
ForestMusk 0.000100 0.220100 0.133400 0.160900 0.024200 0.000100 0.024400 0.051100 0.135500 0.077600 0.000100 0.024600 0.051100 0.000200 0.024400 0.000200 0.074700 0.049600 0.000200 0.133400 0.051100 0.049300 0.049400 0.074600 0.000100 0.051100 0.051100 0.133400 0.000200 0.133400 0.024500 0.000200 0.074000 0.051100 0.079000 0.024600 0.024400 0.049300 0.000200 0.049600 0.049700 0.051100 0.077600 0.074300 0.050300 0.048200 0.000200 0.025000 0.024200 0.000000 0.197200 0.133400
Bushbuck 0.196600 0.332900 0.050300 0.302200 0.229000 0.196600 0.134500 0.276500 0.134900 0.168500 0.196600 0.165300 0.275000 0.197400 0.231900 0.194200 0.196500 0.232200 0.198600 0.050300 0.276500 0.264700 0.262900 0.298300 0.196600 0.276500 0.275000 0.050300 0.197400 0.050300 0.234200 0.197400 0.295900 0.275000 0.235900 0.165300 0.165500 0.229900 0.197400 0.267300 0.267100 0.276500 0.168500 0.295600 0.198800 0.258100 0.197400 0.236800 0.196400 0.197200 0.000000 0.050300
GreaterKud 0.133200 0.292900 0.000000 0.262100 0.162400 0.133200 0.133900 0.201200 0.077100 0.166700 0.133200 0.105000 0.201300 0.133500 0.164200 0.131400 0.132600 0.164000 0.134600 0.000000 0.201200 0.193800 0.194400 0.224800 0.133200 0.201200 0.201300 0.000000 0.133500 0.000000 0.164900 0.133500 0.223300 0.201300 0.167100 0.105000 0.104500 0.163100 0.133500 0.195000 0.195600 0.201200 0.166700 0.223700 0.134500 0.189900 0.133500 0.166100 0.132800 0.133400 0.050300 0.000000
