CODONML (in paml version 4.10.7, June 2023)  /home/rachel/ruminants_paml/6406-phy-tree/ENSBTAT00000012400.fasta.phy
Model: free dN/dS Ratios for branches,  kappa = 2.000 fixed

Codon frequency model: F3x4
ns =  54  ls =  82

Codon usage in sequences
--------------------------------------------------------------------------------------------------------------------------------------
Phe TTT   1   1   1   1   2   2 | Ser TCT   2   2   2   2   2   2 | Tyr TAT   2   0   2   2   2   2 | Cys TGT   0   0   0   0   0   0
    TTC   1   1   1   1   0   0 |     TCC   1   1   1   1   1   1 |     TAC   2   4   2   2   2   3 |     TGC   0   0   0   0   0   1
Leu TTA   1   2   1   1   1   1 |     TCA   3   2   3   3   2   2 | *** TAA   0   0   0   0   0   0 | *** TGA   0   0   0   0   0   0
    TTG   0   1   0   0   2   1 |     TCG   0   0   0   0   0   0 |     TAG   0   0   0   0   0   0 | Trp TGG   3   3   3   3   3   3
--------------------------------------------------------------------------------------------------------------------------------------
Leu CTT   1   0   1   1   0   0 | Pro CCT   2   2   2   2   1   2 | His CAT   0   1   1   1   1   0 | Arg CGT   1   1   1   1   1   1
    CTC   4   5   3   4   5   5 |     CCC   0   0   0   0   1   0 |     CAC   1   0   0   0   0   0 |     CGC   0   0   0   0   0   0
    CTA   0   0   1   1   0   0 |     CCA   0   1   0   0   1   1 | Gln CAA   1   1   1   1   1   1 |     CGA   0   0   0   0   0   0
    CTG   8   7   8   7   5   6 |     CCG   0   0   0   0   0   0 |     CAG   1   0   1   1   1   1 |     CGG   0   2   0   0   0   0
--------------------------------------------------------------------------------------------------------------------------------------
Ile ATT   0   1   0   0   1   1 | Thr ACT   1   0   1   1   0   0 | Asn AAT   2   2   2   2   2   2 | Ser AGT   1   0   1   1   1   1
    ATC   1   1   1   1   1   1 |     ACC   2   3   2   2   3   3 |     AAC   2   2   2   2   2   2 |     AGC   2   3   2   2   2   2
    ATA   1   1   1   1   2   2 |     ACA   2   2   2   2   1   1 | Lys AAA   1   1   1   1   2   1 | Arg AGA   0   0   0   0   0   0
Met ATG   1   1   1   1   2   1 |     ACG   0   0   0   0   0   0 |     AAG   1   1   1   1   1   1 |     AGG   1   0   1   1   0   1
--------------------------------------------------------------------------------------------------------------------------------------
Val GTT   2   1   2   3   1   1 | Ala GCT   5   5   6   4   5   4 | Asp GAT   0   0   0   0   0   0 | Gly GGT   1   2   1   1   1   1
    GTC   2   2   2   2   2   2 |     GCC   1   1   1   1   1   1 |     GAC   1   1   1   1   0   1 |     GGC   1   0   0   1   2   2
    GTA   1   0   1   1   0   0 |     GCA   3   5   3   3   5   6 | Glu GAA   1   1   1   1   2   1 |     GGA   4   4   5   4   4   3
    GTG   4   2   3   3   2   2 |     GCG   0   0   0   1   1   1 |     GAG   3   3   3   3   2   3 |     GGG   0   0   0   0   0   0
--------------------------------------------------------------------------------------------------------------------------------------

--------------------------------------------------------------------------------------------------------------------------------------
Phe TTT   1   1   1   1   1   2 | Ser TCT   2   2   3   2   2   2 | Tyr TAT   2   2   1   2   2   2 | Cys TGT   0   0   0   0   0   0
    TTC   1   1   1   1   1   0 |     TCC   1   1   1   1   1   1 |     TAC   2   2   2   2   2   2 |     TGC   0   0   0   0   0   0
Leu TTA   1   1   2   1   1   1 |     TCA   3   3   3   3   3   3 | *** TAA   0   0   0   0   0   0 | *** TGA   0   0   0   0   0   0
    TTG   0   0   0   1   0   0 |     TCG   0   0   0   0   0   0 |     TAG   0   0   0   0   0   0 | Trp TGG   3   3   3   3   3   3
--------------------------------------------------------------------------------------------------------------------------------------
Leu CTT   1   1   1   1   1   1 | Pro CCT   2   2   2   2   2   2 | His CAT   1   0   1   1   1   2 | Arg CGT   1   1   1   1   1   0
    CTC   4   4   4   4   3   4 |     CCC   0   0   0   0   0   0 |     CAC   0   1   0   0   0   0 |     CGC   0   0   0   0   0   0
    CTA   0   0   0   0   2   0 |     CCA   0   0   0   0   0   0 | Gln CAA   1   1   1   1   1   1 |     CGA   0   0   0   0   0   0
    CTG   8   8   8   7   7   8 |     CCG   0   0   0   0   0   0 |     CAG   0   1   1   1   1   1 |     CGG   0   0   0   0   0   0
--------------------------------------------------------------------------------------------------------------------------------------
Ile ATT   1   0   1   0   0   1 | Thr ACT   1   1   0   1   1   1 | Asn AAT   2   2   2   2   2   2 | Ser AGT   1   1   1   1   1   1
    ATC   1   1   1   1   1   1 |     ACC   2   2   2   2   2   2 |     AAC   2   2   2   2   2   2 |     AGC   2   2   2   2   2   2
    ATA   1   1   0   1   1   1 |     ACA   2   2   2   2   2   1 | Lys AAA   1   1   1   1   1   2 | Arg AGA   0   0   0   0   0   0
Met ATG   1   1   1   1   1   1 |     ACG   0   0   0   0   0   0 |     AAG   1   1   1   1   1   1 |     AGG   1   1   1   1   1   1
--------------------------------------------------------------------------------------------------------------------------------------
Val GTT   2   2   2   2   2   2 | Ala GCT   4   5   5   5   6   3 | Asp GAT   0   0   0   0   0   0 | Gly GGT   1   1   1   1   1   1
    GTC   2   2   2   2   2   2 |     GCC   1   1   1   1   1   2 |     GAC   1   1   1   1   1   1 |     GGC   1   1   1   1   1   1
    GTA   1   2   1   1   1   1 |     GCA   3   3   3   3   3   3 | Glu GAA   1   1   1   1   1   1 |     GGA   4   4   4   4   4   4
    GTG   3   3   4   4   3   3 |     GCG   1   0   0   0   0   1 |     GAG   4   3   3   3   3   3 |     GGG   0   0   0   0   0   0
--------------------------------------------------------------------------------------------------------------------------------------

--------------------------------------------------------------------------------------------------------------------------------------
Phe TTT   1   1   1   1   2   1 | Ser TCT   2   2   2   2   2   2 | Tyr TAT   2   2   2   2   2   2 | Cys TGT   0   0   0   0   0   0
    TTC   1   1   2   1   0   1 |     TCC   1   1   0   1   1   1 |     TAC   2   2   2   2   2   2 |     TGC   0   0   0   0   0   0
Leu TTA   1   1   1   2   1   1 |     TCA   3   3   3   3   3   3 | *** TAA   0   0   0   0   0   0 | *** TGA   0   0   0   0   0   0
    TTG   0   0   0   0   0   0 |     TCG   0   0   0   0   0   0 |     TAG   0   0   0   0   0   0 | Trp TGG   3   3   3   3   3   3
--------------------------------------------------------------------------------------------------------------------------------------
Leu CTT   1   1   1   1   1   1 | Pro CCT   2   2   1   2   2   2 | His CAT   1   1   1   1   1   1 | Arg CGT   1   1   1   1   1   1
    CTC   4   4   4   3   4   4 |     CCC   0   0   1   0   0   0 |     CAC   0   0   0   0   0   0 |     CGC   0   0   0   0   0   0
    CTA   0   0   1   0   0   0 |     CCA   0   0   0   0   0   0 | Gln CAA   1   1   1   1   1   1 |     CGA   0   0   0   0   0   0
    CTG   8   8   7   9   7   8 |     CCG   0   0   0   0   1   0 |     CAG   1   1   1   1   1   1 |     CGG   0   0   0   0   0   0
--------------------------------------------------------------------------------------------------------------------------------------
Ile ATT   0   0   0   2   0   0 | Thr ACT   1   1   1   1   0   1 | Asn AAT   2   2   2   2   2   2 | Ser AGT   1   2   1   1   1   1
    ATC   1   1   1   1   1   1 |     ACC   2   2   2   1   3   2 |     AAC   2   2   2   2   2   2 |     AGC   2   1   2   2   2   2
    ATA   1   1   1   0   1   1 |     ACA   2   2   2   2   2   2 | Lys AAA   1   1   1   1   1   1 | Arg AGA   0   0   0   0   0   0
Met ATG   1   1   1   1   1   1 |     ACG   0   0   0   0   0   0 |     AAG   1   1   1   1   1   1 |     AGG   1   1   1   1   1   1
--------------------------------------------------------------------------------------------------------------------------------------
Val GTT   2   2   2   1   2   3 | Ala GCT   5   6   5   5   5   5 | Asp GAT   0   0   0   0   0   0 | Gly GGT   1   1   1   1   1   1
    GTC   2   3   2   2   2   2 |     GCC   1   1   1   1   1   1 |     GAC   1   1   1   1   1   1 |     GGC   1   1   1   1   0   1
    GTA   1   0   1   1   1   1 |     GCA   3   3   2   3   3   3 | Glu GAA   1   1   1   1   1   1 |     GGA   4   4   4   4   5   4
    GTG   4   3   4   4   4   3 |     GCG   0   0   1   0   0   0 |     GAG   3   3   3   3   3   3 |     GGG   0   0   0   0   0   0
--------------------------------------------------------------------------------------------------------------------------------------

--------------------------------------------------------------------------------------------------------------------------------------
Phe TTT   1   1   1   1   2   1 | Ser TCT   2   2   2   2   2   2 | Tyr TAT   2   2   2   2   2   2 | Cys TGT   0   0   0   0   0   0
    TTC   1   1   1   1   0   1 |     TCC   1   1   1   1   1   1 |     TAC   2   2   2   2   2   2 |     TGC   0   0   0   0   0   0
Leu TTA   1   1   1   1   1   1 |     TCA   3   3   3   3   3   3 | *** TAA   0   0   0   0   0   0 | *** TGA   0   0   0   0   0   0
    TTG   0   0   0   0   0   0 |     TCG   0   0   0   0   0   0 |     TAG   0   0   0   0   0   0 | Trp TGG   3   3   3   3   3   3
--------------------------------------------------------------------------------------------------------------------------------------
Leu CTT   1   1   1   1   1   1 | Pro CCT   2   2   2   2   2   2 | His CAT   1   1   1   1   1   1 | Arg CGT   1   1   1   1   1   1
    CTC   4   4   4   3   4   4 |     CCC   0   0   0   0   0   0 |     CAC   0   0   0   0   0   0 |     CGC   0   0   0   0   0   0
    CTA   0   0   0   1   0   0 |     CCA   0   0   0   0   0   0 | Gln CAA   1   1   1   1   1   1 |     CGA   0   0   0   0   0   0
    CTG   8   8   8   8   8   8 |     CCG   0   0   0   0   0   0 |     CAG   1   1   1   1   1   1 |     CGG   0   0   0   0   0   0
--------------------------------------------------------------------------------------------------------------------------------------
Ile ATT   0   0   0   0   0   0 | Thr ACT   1   1   1   1   1   1 | Asn AAT   2   2   2   2   2   2 | Ser AGT   1   1   1   1   1   1
    ATC   1   1   1   1   1   1 |     ACC   2   2   2   2   2   2 |     AAC   2   2   2   2   2   2 |     AGC   2   2   2   2   2   2
    ATA   1   1   1   1   1   1 |     ACA   2   2   1   2   2   2 | Lys AAA   1   1   1   1   1   1 | Arg AGA   0   0   0   0   0   0
Met ATG   1   1   1   1   1   1 |     ACG   0   0   1   0   0   0 |     AAG   1   1   1   1   1   1 |     AGG   1   1   1   1   1   1
--------------------------------------------------------------------------------------------------------------------------------------
Val GTT   2   3   2   2   2   2 | Ala GCT   5   5   5   6   5   5 | Asp GAT   0   0   0   0   0   0 | Gly GGT   2   2   1   1   1   1
    GTC   2   2   2   2   2   2 |     GCC   2   1   1   1   1   1 |     GAC   1   1   1   1   1   1 |     GGC   0   0   1   1   1   1
    GTA   1   1   1   1   1   1 |     GCA   3   3   3   3   3   3 | Glu GAA   1   1   1   1   1   1 |     GGA   4   4   4   4   4   4
    GTG   3   3   4   3   4   4 |     GCG   0   0   0   0   0   0 |     GAG   3   3   3   3   3   3 |     GGG   0   0   0   0   0   0
--------------------------------------------------------------------------------------------------------------------------------------

--------------------------------------------------------------------------------------------------------------------------------------
Phe TTT   2   2   1   1   1   1 | Ser TCT   2   2   2   2   2   2 | Tyr TAT   2   1   2   2   2   2 | Cys TGT   0   0   0   0   0   0
    TTC   0   0   1   1   2   1 |     TCC   1   1   1   1   0   1 |     TAC   2   2   2   2   2   2 |     TGC   0   0   0   0   0   0
Leu TTA   1   1   1   1   1   1 |     TCA   3   2   3   3   3   3 | *** TAA   0   0   0   0   0   0 | *** TGA   0   0   0   0   0   0
    TTG   0   0   0   0   0   0 |     TCG   0   2   0   0   0   0 |     TAG   0   0   0   0   0   0 | Trp TGG   3   3   3   3   3   3
--------------------------------------------------------------------------------------------------------------------------------------
Leu CTT   1   1   1   1   1   1 | Pro CCT   2   2   2   2   1   2 | His CAT   2   1   1   1   1   1 | Arg CGT   0   1   1   1   1   1
    CTC   4   5   4   4   4   3 |     CCC   0   0   0   0   1   0 |     CAC   0   0   0   0   0   0 |     CGC   0   0   0   0   0   0
    CTA   0   0   0   0   0   1 |     CCA   0   0   0   0   0   0 | Gln CAA   1   1   1   1   1   1 |     CGA   0   0   0   0   0   0
    CTG   8   7   8   8   8   8 |     CCG   0   0   0   0   0   0 |     CAG   1   0   1   1   1   1 |     CGG   0   1   0   0   0   0
--------------------------------------------------------------------------------------------------------------------------------------
Ile ATT   0   0   0   0   0   0 | Thr ACT   1   1   1   1   1   1 | Asn AAT   2   2   2   2   2   2 | Ser AGT   1   2   1   1   1   1
    ATC   1   1   1   1   1   1 |     ACC   2   1   2   2   2   2 |     AAC   2   1   2   2   2   2 |     AGC   2   2   2   2   2   2
    ATA   1   0   1   1   1   1 |     ACA   2   2   2   2   2   2 | Lys AAA   1   1   1   1   1   1 | Arg AGA   0   0   0   0   0   0
Met ATG   2   1   1   1   1   1 |     ACG   0   0   0   0   0   0 |     AAG   1   1   1   1   1   1 |     AGG   0   1   1   1   1   1
--------------------------------------------------------------------------------------------------------------------------------------
Val GTT   3   3   2   2   2   2 | Ala GCT   3   3   5   5   6   6 | Asp GAT   0   0   0   0   0   0 | Gly GGT   1   1   1   1   1   1
    GTC   2   2   2   2   2   2 |     GCC   2   3   1   1   1   1 |     GAC   1   0   1   1   1   1 |     GGC   1   2   1   1   1   1
    GTA   1   1   2   1   1   1 |     GCA   3   3   3   3   2   3 | Glu GAA   1   1   1   1   1   1 |     GGA   4   5   4   4   4   4
    GTG   3   3   3   4   4   3 |     GCG   1   2   0   0   0   0 |     GAG   3   2   3   3   3   3 |     GGG   0   0   0   0   0   0
--------------------------------------------------------------------------------------------------------------------------------------

--------------------------------------------------------------------------------------------------------------------------------------
Phe TTT   1   1   2   1   2   1 | Ser TCT   2   2   2   2   2   2 | Tyr TAT   1   2   2   2   2   2 | Cys TGT   0   0   0   0   0   0
    TTC   1   1   0   1   0   2 |     TCC   1   1   1   1   2   0 |     TAC   2   2   2   2   2   2 |     TGC   0   0   0   0   0   0
Leu TTA   1   1   1   2   1   1 |     TCA   3   3   3   3   2   3 | *** TAA   0   0   0   0   0   0 | *** TGA   0   0   0   0   0   0
    TTG   0   0   0   0   0   0 |     TCG   0   0   0   0   0   0 |     TAG   0   0   0   0   0   0 | Trp TGG   3   3   3   3   3   3
--------------------------------------------------------------------------------------------------------------------------------------
Leu CTT   1   1   1   1   1   1 | Pro CCT   2   2   2   2   2   1 | His CAT   2   1   2   1   1   1 | Arg CGT   1   1   0   1   1   1
    CTC   4   3   4   4   4   4 |     CCC   0   0   0   0   0   1 |     CAC   0   0   0   0   0   0 |     CGC   0   0   0   0   0   0
    CTA   0   1   0   0   0   0 |     CCA   0   0   0   0   0   0 | Gln CAA   1   1   1   1   1   1 |     CGA   0   0   0   0   0   0
    CTG   8   8   8   8   8   8 |     CCG   0   0   0   0   0   0 |     CAG   1   1   1   1   1   1 |     CGG   0   0   0   0   0   0
--------------------------------------------------------------------------------------------------------------------------------------
Ile ATT   1   1   1   1   0   0 | Thr ACT   1   1   1   0   0   1 | Asn AAT   2   2   2   2   2   2 | Ser AGT   1   1   1   1   1   1
    ATC   1   1   1   1   1   1 |     ACC   2   2   2   2   3   2 |     AAC   2   2   2   2   2   2 |     AGC   2   2   2   2   2   2
    ATA   1   1   1   0   1   1 |     ACA   2   2   2   2   2   2 | Lys AAA   1   1   1   1   1   1 | Arg AGA   0   0   0   0   0   0
Met ATG   1   1   1   1   1   1 |     ACG   0   0   0   0   0   0 |     AAG   1   1   1   1   1   1 |     AGG   1   1   1   1   1   1
--------------------------------------------------------------------------------------------------------------------------------------
Val GTT   1   1   1   2   3   2 | Ala GCT   5   6   3   5   4   5 | Asp GAT   0   0   0   0   0   0 | Gly GGT   1   1   1   1   2   1
    GTC   2   2   2   2   2   2 |     GCC   1   2   2   1   1   1 |     GAC   1   1   1   1   1   1 |     GGC   1   1   1   1   0   1
    GTA   1   1   1   1   1   1 |     GCA   3   2   3   3   3   3 | Glu GAA   1   1   1   1   1   1 |     GGA   4   4   4   4   4   4
    GTG   4   3   4   4   3   4 |     GCG   0   0   1   0   1   0 |     GAG   3   3   3   3   3   3 |     GGG   0   0   0   0   0   0
--------------------------------------------------------------------------------------------------------------------------------------

--------------------------------------------------------------------------------------------------------------------------------------
Phe TTT   1   1   1   1   1   2 | Ser TCT   3   2   2   2   2   2 | Tyr TAT   2   2   2   2   2   2 | Cys TGT   0   0   0   0   0   0
    TTC   1   1   1   1   1   0 |     TCC   1   1   1   1   1   1 |     TAC   2   2   2   2   2   2 |     TGC   0   0   0   0   0   0
Leu TTA   1   1   1   1   0   1 |     TCA   3   3   3   3   3   3 | *** TAA   0   0   0   0   0   0 | *** TGA   0   0   0   0   0   0
    TTG   0   0   0   0   0   0 |     TCG   0   0   0   0   0   0 |     TAG   0   0   0   0   0   0 | Trp TGG   3   3   3   3   3   3
--------------------------------------------------------------------------------------------------------------------------------------
Leu CTT   1   1   1   1   1   1 | Pro CCT   1   2   2   2   1   2 | His CAT   1   1   1   1   1   2 | Arg CGT   1   1   1   1   1   0
    CTC   4   4   4   4   4   4 |     CCC   0   0   0   0   0   0 |     CAC   0   0   0   0   0   0 |     CGC   0   0   0   0   0   0
    CTA   0   0   0   0   1   0 |     CCA   0   0   0   0   0   0 | Gln CAA   1   1   1   1   1   1 |     CGA   0   0   0   0   0   0
    CTG   8   8   8   8   8   8 |     CCG   0   0   0   0   1   0 |     CAG   1   1   1   1   1   1 |     CGG   0   0   0   0   0   0
--------------------------------------------------------------------------------------------------------------------------------------
Ile ATT   0   0   0   1   0   0 | Thr ACT   1   1   1   1   1   1 | Asn AAT   2   2   2   2   2   2 | Ser AGT   1   2   1   1   1   1
    ATC   1   1   1   2   1   1 |     ACC   2   2   2   2   2   2 |     AAC   2   2   2   2   2   2 |     AGC   2   1   2   2   2   2
    ATA   1   1   1   1   1   1 |     ACA   2   2   2   2   2   2 | Lys AAA   1   1   1   1   1   1 | Arg AGA   0   0   0   0   0   0
Met ATG   1   1   1   1   1   1 |     ACG   0   0   0   0   0   0 |     AAG   1   1   1   1   1   1 |     AGG   1   1   1   1   1   1
--------------------------------------------------------------------------------------------------------------------------------------
Val GTT   2   2   2   2   2   1 | Ala GCT   5   6   5   4   3   3 | Asp GAT   0   0   0   0   0   0 | Gly GGT   1   1   1   1   1   1
    GTC   2   3   2   1   2   3 |     GCC   1   1   1   1   2   3 |     GAC   1   1   1   1   1   1 |     GGC   1   1   1   1   1   1
    GTA   1   0   1   1   1   1 |     GCA   3   3   3   3   3   3 | Glu GAA   1   1   1   1   1   1 |     GGA   4   4   4   4   4   4
    GTG   4   3   4   3   4   3 |     GCG   0   0   0   1   1   1 |     GAG   3   3   3   3   3   3 |     GGG   0   0   0   0   0   0
--------------------------------------------------------------------------------------------------------------------------------------

--------------------------------------------------------------------------------------------------------------------------------------
Phe TTT   2   1   2   2   1   1 | Ser TCT   2   2   2   2   2   2 | Tyr TAT   2   2   2   2   2   1 | Cys TGT   0   0   0   0   0   0
    TTC   0   1   0   0   1   1 |     TCC   1   1   1   2   1   1 |     TAC   2   2   2   2   2   2 |     TGC   0   0   0   0   0   0
Leu TTA   1   1   1   1   1   1 |     TCA   3   3   3   2   3   3 | *** TAA   0   0   0   0   0   0 | *** TGA   0   0   0   0   0   0
    TTG   0   0   0   0   0   0 |     TCG   0   0   0   0   0   0 |     TAG   0   0   0   0   0   0 | Trp TGG   3   3   3   3   3   3
--------------------------------------------------------------------------------------------------------------------------------------
Leu CTT   1   1   1   1   1   1 | Pro CCT   2   2   2   2   2   2 | His CAT   2   1   2   1   1   2 | Arg CGT   0   1   0   1   1   1
    CTC   4   4   4   5   4   4 |     CCC   0   0   0   0   0   0 |     CAC   0   0   0   0   0   0 |     CGC   0   0   0   0   0   0
    CTA   0   0   0   0   0   0 |     CCA   0   0   0   0   0   0 | Gln CAA   1   1   1   1   1   1 |     CGA   0   0   0   0   0   0
    CTG   8   8   8   7   8   8 |     CCG   0   0   0   0   0   0 |     CAG   1   0   1   0   1   1 |     CGG   0   0   0   1   0   0
--------------------------------------------------------------------------------------------------------------------------------------
Ile ATT   0   1   1   0   0   0 | Thr ACT   1   1   1   1   1   2 | Asn AAT   2   2   2   2   2   2 | Ser AGT   1   1   1   2   2   1
    ATC   1   1   1   1   1   1 |     ACC   2   2   2   2   2   2 |     AAC   2   2   2   1   2   2 |     AGC   2   2   2   2   1   2
    ATA   1   1   1   0   1   1 |     ACA   2   2   1   2   2   2 | Lys AAA   1   1   2   1   1   1 | Arg AGA   0   0   0   0   0   0
Met ATG   2   1   1   1   1   1 |     ACG   0   0   0   0   0   0 |     AAG   1   1   1   1   1   1 |     AGG   0   1   1   1   1   1
--------------------------------------------------------------------------------------------------------------------------------------
Val GTT   3   1   2   3   2   3 | Ala GCT   3   5   3   3   6   4 | Asp GAT   0   0   0   0   0   0 | Gly GGT   1   1   1   1   1   1
    GTC   2   2   2   2   3   2 |     GCC   2   1   2   2   1   1 |     GAC   1   1   1   1   1   1 |     GGC   1   1   1   1   1   1
    GTA   1   1   1   2   0   1 |     GCA   3   3   3   3   3   3 | Glu GAA   1   1   1   1   1   1 |     GGA   4   4   4   4   4   4
    GTG   3   4   3   3   3   3 |     GCG   1   0   1   2   0   0 |     GAG   3   4   3   2   3   3 |     GGG   0   0   0   0   0   0
--------------------------------------------------------------------------------------------------------------------------------------

--------------------------------------------------------------------------------------------------------------------------------------
Phe TTT   2   1   1   2   1   1 | Ser TCT   2   2   2   2   2   2 | Tyr TAT   2   2   1   2   2   2 | Cys TGT   0   0   0   0   0   0
    TTC   0   1   1   0   1   1 |     TCC   1   1   1   1   1   1 |     TAC   2   2   2   2   2   2 |     TGC   0   0   0   0   0   0
Leu TTA   1   1   1   1   1   1 |     TCA   3   3   3   3   3   3 | *** TAA   0   0   0   0   0   0 | *** TGA   0   0   0   0   0   0
    TTG   0   0   0   0   0   0 |     TCG   0   0   0   0   0   0 |     TAG   0   0   0   0   0   0 | Trp TGG   3   3   3   3   3   3
--------------------------------------------------------------------------------------------------------------------------------------
Leu CTT   1   1   0   1   1   1 | Pro CCT   2   2   2   2   2   2 | His CAT   1   1   1   1   1   1 | Arg CGT   1   1   1   1   1   1
    CTC   5   4   5   4   3   3 |     CCC   0   0   0   0   0   0 |     CAC   0   0   0   0   1   0 |     CGC   0   0   0   0   0   0
    CTA   0   0   1   1   1   1 |     CCA   0   0   0   0   0   0 | Gln CAA   1   1   1   1   1   1 |     CGA   0   0   0   0   0   0
    CTG   8   8   7   7   8   8 |     CCG   0   0   0   0   0   0 |     CAG   1   1   1   1   1   1 |     CGG   0   0   0   0   0   0
--------------------------------------------------------------------------------------------------------------------------------------
Ile ATT   1   0   0   0   1   1 | Thr ACT   1   1   1   1   1   1 | Asn AAT   2   2   2   2   2   2 | Ser AGT   1   2   1   1   1   1
    ATC   1   1   1   1   1   1 |     ACC   2   2   2   2   2   2 |     AAC   2   2   2   3   2   2 |     AGC   2   1   2   1   2   2
    ATA   1   1   1   1   1   1 |     ACA   2   2   2   2   2   2 | Lys AAA   1   1   1   1   1   2 | Arg AGA   0   0   0   0   0   0
Met ATG   1   1   1   1   1   1 |     ACG   0   0   0   0   0   0 |     AAG   1   1   1   1   1   0 |     AGG   1   1   1   1   1   1
--------------------------------------------------------------------------------------------------------------------------------------
Val GTT   1   3   2   3   1   1 | Ala GCT   5   5   5   4   6   6 | Asp GAT   0   0   1   0   0   0 | Gly GGT   2   2   1   1   1   1
    GTC   1   1   2   2   2   2 |     GCC   1   1   1   1   1   1 |     GAC   1   1   1   1   0   1 |     GGC   0   0   1   1   1   1
    GTA   1   1   1   1   1   1 |     GCA   3   3   3   3   3   3 | Glu GAA   1   1   1   1   1   1 |     GGA   4   4   4   4   4   4
    GTG   4   4   4   3   3   3 |     GCG   0   0   0   1   0   0 |     GAG   3   3   3   3   3   3 |     GGG   0   0   0   0   0   0
--------------------------------------------------------------------------------------------------------------------------------------

Codon position x base (3x4) table for each sequence.

#1: Argali         
position  1:    T:0.19512    C:0.23171    A:0.21951    G:0.35366
position  2:    T:0.34146    C:0.26829    A:0.21951    G:0.17073
position  3:    T:0.25610    C:0.25610    A:0.21951    G:0.26829
Average         T:0.26423    C:0.25203    A:0.21951    G:0.26423

#2: LesserMouseDeer
position  1:    T:0.20732    C:0.24390    A:0.21951    G:0.32927
position  2:    T:0.31707    C:0.29268    A:0.20732    G:0.18293
position  3:    T:0.21951    C:0.29268    A:0.24390    G:0.24390
Average         T:0.24797    C:0.27642    A:0.22358    G:0.25203

#3: LesserKudu     
position  1:    T:0.19512    C:0.23171    A:0.21951    G:0.35366
position  2:    T:0.32927    C:0.28049    A:0.21951    G:0.17073
position  3:    T:0.28049    C:0.21951    A:0.24390    G:0.25610
Average         T:0.26829    C:0.24390    A:0.22764    G:0.26016

#4: ForestMuskDeer2
position  1:    T:0.19512    C:0.23171    A:0.21951    G:0.35366
position  2:    T:0.34146    C:0.26829    A:0.21951    G:0.17073
position  3:    T:0.26829    C:0.24390    A:0.23171    G:0.25610
Average         T:0.26829    C:0.24797    A:0.22358    G:0.26016

#5: Camel          
position  1:    T:0.20732    C:0.20732    A:0.24390    G:0.34146
position  2:    T:0.31707    C:0.29268    A:0.21951    G:0.17073
position  3:    T:0.24390    C:0.26829    A:0.25610    G:0.23171
Average         T:0.25610    C:0.25610    A:0.23984    G:0.24797

#6: KillerWhale    
position  1:    T:0.21951    C:0.20732    A:0.23171    G:0.34146
position  2:    T:0.30488    C:0.29268    A:0.21951    G:0.18293
position  3:    T:0.23171    C:0.29268    A:0.23171    G:0.24390
Average         T:0.25203    C:0.26423    A:0.22764    G:0.25610

#7: DefassaWaterbuck
position  1:    T:0.19512    C:0.21951    A:0.23171    G:0.35366
position  2:    T:0.34146    C:0.26829    A:0.21951    G:0.17073
position  3:    T:0.26829    C:0.24390    A:0.21951    G:0.26829
Average         T:0.26829    C:0.24390    A:0.22358    G:0.26423

#8: Sheep          
position  1:    T:0.19512    C:0.23171    A:0.21951    G:0.35366
position  2:    T:0.34146    C:0.26829    A:0.21951    G:0.17073
position  3:    T:0.25610    C:0.25610    A:0.23171    G:0.25610
Average         T:0.26423    C:0.25203    A:0.22358    G:0.26016

#9: MaxwellsDuiker 
position  1:    T:0.20732    C:0.23171    A:0.20732    G:0.35366
position  2:    T:0.35366    C:0.26829    A:0.20732    G:0.17073
position  3:    T:0.26829    C:0.24390    A:0.21951    G:0.26829
Average         T:0.27642    C:0.24797    A:0.21138    G:0.26423

#10: GazellaPrzewalskyi
position  1:    T:0.20732    C:0.21951    A:0.21951    G:0.35366
position  2:    T:0.34146    C:0.26829    A:0.21951    G:0.17073
position  3:    T:0.26829    C:0.24390    A:0.21951    G:0.26829
Average         T:0.27236    C:0.24390    A:0.21951    G:0.26423

#11: MountainNyala  
position  1:    T:0.19512    C:0.23171    A:0.21951    G:0.35366
position  2:    T:0.32927    C:0.28049    A:0.21951    G:0.17073
position  3:    T:0.28049    C:0.23171    A:0.24390    G:0.24390
Average         T:0.26829    C:0.24797    A:0.22764    G:0.25610

#12: MuntiacusMuntjak
position  1:    T:0.19512    C:0.23171    A:0.23171    G:0.34146
position  2:    T:0.34146    C:0.25610    A:0.24390    G:0.15854
position  3:    T:0.26829    C:0.24390    A:0.21951    G:0.26829
Average         T:0.26829    C:0.24390    A:0.23171    G:0.25610

#13: goat           
position  1:    T:0.19512    C:0.23171    A:0.21951    G:0.35366
position  2:    T:0.34146    C:0.26829    A:0.21951    G:0.17073
position  3:    T:0.26829    C:0.24390    A:0.21951    G:0.26829
Average         T:0.26829    C:0.24797    A:0.21951    G:0.26423

#14: AfricanBuffalo 
position  1:    T:0.19512    C:0.23171    A:0.21951    G:0.35366
position  2:    T:0.32927    C:0.28049    A:0.21951    G:0.17073
position  3:    T:0.29268    C:0.24390    A:0.20732    G:0.25610
Average         T:0.27236    C:0.25203    A:0.21545    G:0.26016

#15: Topi           
position  1:    T:0.19512    C:0.23171    A:0.21951    G:0.35366
position  2:    T:0.35366    C:0.25610    A:0.21951    G:0.17073
position  3:    T:0.25610    C:0.25610    A:0.21951    G:0.26829
Average         T:0.26829    C:0.24797    A:0.21951    G:0.26423

#16: CommonDuiker   
position  1:    T:0.20732    C:0.23171    A:0.21951    G:0.34146
position  2:    T:0.35366    C:0.25610    A:0.21951    G:0.17073
position  3:    T:0.28049    C:0.21951    A:0.21951    G:0.28049
Average         T:0.28049    C:0.23577    A:0.21951    G:0.26423

#17: Suni           
position  1:    T:0.19512    C:0.23171    A:0.21951    G:0.35366
position  2:    T:0.32927    C:0.28049    A:0.21951    G:0.17073
position  3:    T:0.26829    C:0.23171    A:0.23171    G:0.26829
Average         T:0.26423    C:0.24797    A:0.22358    G:0.26423

#18: Springbuck     
position  1:    T:0.19512    C:0.23171    A:0.21951    G:0.35366
position  2:    T:0.34146    C:0.26829    A:0.21951    G:0.17073
position  3:    T:0.28049    C:0.24390    A:0.21951    G:0.25610
Average         T:0.27236    C:0.24797    A:0.21951    G:0.26016

#19: Okapi          
position  1:    T:0.19512    C:0.23171    A:0.21951    G:0.35366
position  2:    T:0.32927    C:0.28049    A:0.21951    G:0.17073
position  3:    T:0.28049    C:0.24390    A:0.21951    G:0.25610
Average         T:0.26829    C:0.25203    A:0.21951    G:0.26016

#20: Giraffe        
position  1:    T:0.19512    C:0.23171    A:0.21951    G:0.35366
position  2:    T:0.34146    C:0.26829    A:0.21951    G:0.17073
position  3:    T:0.29268    C:0.23171    A:0.21951    G:0.25610
Average         T:0.27642    C:0.24390    A:0.21951    G:0.26016

#21: TibetanAntelope
position  1:    T:0.19512    C:0.23171    A:0.21951    G:0.35366
position  2:    T:0.34146    C:0.26829    A:0.21951    G:0.17073
position  3:    T:0.26829    C:0.24390    A:0.20732    G:0.28049
Average         T:0.26829    C:0.24797    A:0.21545    G:0.26829

#22: Sitatunga      
position  1:    T:0.19512    C:0.23171    A:0.21951    G:0.35366
position  2:    T:0.32927    C:0.28049    A:0.21951    G:0.17073
position  3:    T:0.28049    C:0.23171    A:0.23171    G:0.25610
Average         T:0.26829    C:0.24797    A:0.22358    G:0.26016

#23: Oribi          
position  1:    T:0.19512    C:0.23171    A:0.21951    G:0.35366
position  2:    T:0.34146    C:0.26829    A:0.21951    G:0.17073
position  3:    T:0.28049    C:0.23171    A:0.21951    G:0.26829
Average         T:0.27236    C:0.24390    A:0.21951    G:0.26423

#24: BarbarySheep   
position  1:    T:0.19512    C:0.23171    A:0.21951    G:0.35366
position  2:    T:0.34146    C:0.26829    A:0.21951    G:0.17073
position  3:    T:0.26829    C:0.24390    A:0.21951    G:0.26829
Average         T:0.26829    C:0.24797    A:0.21951    G:0.26423

#25: Daviddeer      
position  1:    T:0.19512    C:0.23171    A:0.21951    G:0.35366
position  2:    T:0.35366    C:0.26829    A:0.23171    G:0.14634
position  3:    T:0.26829    C:0.24390    A:0.21951    G:0.26829
Average         T:0.27236    C:0.24797    A:0.22358    G:0.25610

#26: Reindeer       
position  1:    T:0.19512    C:0.23171    A:0.19512    G:0.37805
position  2:    T:0.32927    C:0.29268    A:0.15854    G:0.21951
position  3:    T:0.26829    C:0.24390    A:0.20732    G:0.28049
Average         T:0.26423    C:0.25610    A:0.18699    G:0.29268

#27: Ibex           
position  1:    T:0.19512    C:0.23171    A:0.21951    G:0.35366
position  2:    T:0.34146    C:0.26829    A:0.21951    G:0.17073
position  3:    T:0.26829    C:0.24390    A:0.23171    G:0.25610
Average         T:0.26829    C:0.24797    A:0.22358    G:0.26016

#28: GyrantGazelle  
position  1:    T:0.19512    C:0.23171    A:0.21951    G:0.35366
position  2:    T:0.34146    C:0.26829    A:0.21951    G:0.17073
position  3:    T:0.26829    C:0.24390    A:0.21951    G:0.26829
Average         T:0.26829    C:0.24797    A:0.21951    G:0.26423

#29: Hartebeest     
position  1:    T:0.19512    C:0.23171    A:0.21951    G:0.35366
position  2:    T:0.35366    C:0.25610    A:0.21951    G:0.17073
position  3:    T:0.26829    C:0.25610    A:0.20732    G:0.26829
Average         T:0.27236    C:0.24797    A:0.21545    G:0.26423

#30: Bongo          
position  1:    T:0.19512    C:0.23171    A:0.21951    G:0.35366
position  2:    T:0.32927    C:0.28049    A:0.21951    G:0.17073
position  3:    T:0.28049    C:0.23171    A:0.23171    G:0.25610
Average         T:0.26829    C:0.24797    A:0.22358    G:0.26016

#31: Gerenuk        
position  1:    T:0.18293    C:0.24390    A:0.23171    G:0.34146
position  2:    T:0.34146    C:0.26829    A:0.21951    G:0.17073
position  3:    T:0.26829    C:0.24390    A:0.21951    G:0.26829
Average         T:0.26423    C:0.25203    A:0.22358    G:0.26016

#32: CommonEland    
position  1:    T:0.19512    C:0.23171    A:0.23171    G:0.34146
position  2:    T:0.32927    C:0.28049    A:0.21951    G:0.17073
position  3:    T:0.28049    C:0.24390    A:0.21951    G:0.25610
Average         T:0.26829    C:0.25203    A:0.22358    G:0.25610

#33: MuntiacusReevesi
position  1:    T:0.19512    C:0.23171    A:0.23171    G:0.34146
position  2:    T:0.34146    C:0.26829    A:0.23171    G:0.15854
position  3:    T:0.25610    C:0.24390    A:0.21951    G:0.28049
Average         T:0.26423    C:0.24797    A:0.22764    G:0.26016

#34: HarveysDuiker  
position  1:    T:0.20732    C:0.23171    A:0.20732    G:0.35366
position  2:    T:0.35366    C:0.25610    A:0.21951    G:0.17073
position  3:    T:0.26829    C:0.24390    A:0.21951    G:0.26829
Average         T:0.27642    C:0.24390    A:0.21545    G:0.26423

#35: Pronghorn      
position  1:    T:0.19512    C:0.23171    A:0.21951    G:0.35366
position  2:    T:0.34146    C:0.26829    A:0.21951    G:0.17073
position  3:    T:0.28049    C:0.24390    A:0.20732    G:0.26829
Average         T:0.27236    C:0.24797    A:0.21545    G:0.26423

#36: BlueWildebeest 
position  1:    T:0.19512    C:0.23171    A:0.21951    G:0.35366
position  2:    T:0.35366    C:0.25610    A:0.21951    G:0.17073
position  3:    T:0.25610    C:0.25610    A:0.21951    G:0.26829
Average         T:0.26829    C:0.24797    A:0.21951    G:0.26423

#37: Gemsbok        
position  1:    T:0.20732    C:0.21951    A:0.21951    G:0.35366
position  2:    T:0.34146    C:0.26829    A:0.21951    G:0.17073
position  3:    T:0.26829    C:0.24390    A:0.21951    G:0.26829
Average         T:0.27236    C:0.24390    A:0.21951    G:0.26423

#38: Yak            
position  1:    T:0.19512    C:0.23171    A:0.21951    G:0.35366
position  2:    T:0.32927    C:0.28049    A:0.21951    G:0.17073
position  3:    T:0.29268    C:0.24390    A:0.20732    G:0.25610
Average         T:0.27236    C:0.25203    A:0.21545    G:0.26016

#39: BlueSheep      
position  1:    T:0.19512    C:0.23171    A:0.21951    G:0.35366
position  2:    T:0.34146    C:0.26829    A:0.21951    G:0.17073
position  3:    T:0.26829    C:0.24390    A:0.21951    G:0.26829
Average         T:0.26829    C:0.24797    A:0.21951    G:0.26423

#40: BohorReedbuck  
position  1:    T:0.19512    C:0.23171    A:0.24390    G:0.32927
position  2:    T:0.34146    C:0.26829    A:0.21951    G:0.17073
position  3:    T:0.26829    C:0.24390    A:0.21951    G:0.26829
Average         T:0.26829    C:0.24797    A:0.22764    G:0.25610

#41: KirksDik       
position  1:    T:0.18293    C:0.24390    A:0.21951    G:0.35366
position  2:    T:0.34146    C:0.26829    A:0.21951    G:0.17073
position  3:    T:0.23171    C:0.25610    A:0.21951    G:0.29268
Average         T:0.25203    C:0.25610    A:0.21951    G:0.27236

#42: RoeDeer        
position  1:    T:0.19512    C:0.23171    A:0.21951    G:0.35366
position  2:    T:0.32927    C:0.28049    A:0.23171    G:0.15854
position  3:    T:0.24390    C:0.26829    A:0.21951    G:0.26829
Average         T:0.25610    C:0.26016    A:0.22358    G:0.26016

#43: WhiteLippedDeer
position  1:    T:0.19512    C:0.23171    A:0.21951    G:0.35366
position  2:    T:0.35366    C:0.26829    A:0.23171    G:0.14634
position  3:    T:0.26829    C:0.24390    A:0.21951    G:0.26829
Average         T:0.27236    C:0.24797    A:0.22358    G:0.25610

#44: ThomsonGazelle 
position  1:    T:0.19512    C:0.21951    A:0.23171    G:0.35366
position  2:    T:0.34146    C:0.26829    A:0.21951    G:0.17073
position  3:    T:0.26829    C:0.24390    A:0.21951    G:0.26829
Average         T:0.26829    C:0.24390    A:0.22358    G:0.26423

#45: MuntiacusCrinifrons
position  1:    T:0.19512    C:0.23171    A:0.23171    G:0.34146
position  2:    T:0.34146    C:0.25610    A:0.24390    G:0.15854
position  3:    T:0.26829    C:0.24390    A:0.21951    G:0.26829
Average         T:0.26829    C:0.24390    A:0.23171    G:0.25610

#46: WhiteTailedDeer
position  1:    T:0.19512    C:0.23171    A:0.20732    G:0.36585
position  2:    T:0.34146    C:0.28049    A:0.18293    G:0.19512
position  3:    T:0.28049    C:0.25610    A:0.20732    G:0.25610
Average         T:0.27236    C:0.25610    A:0.19919    G:0.27236

#47: Cattle         
position  1:    T:0.19512    C:0.23171    A:0.21951    G:0.35366
position  2:    T:0.32927    C:0.28049    A:0.21951    G:0.17073
position  3:    T:0.29268    C:0.24390    A:0.20732    G:0.25610
Average         T:0.27236    C:0.25203    A:0.21545    G:0.26016

#48: RoyalAntelope  
position  1:    T:0.18293    C:0.24390    A:0.23171    G:0.34146
position  2:    T:0.34146    C:0.26829    A:0.21951    G:0.17073
position  3:    T:0.28049    C:0.24390    A:0.21951    G:0.25610
Average         T:0.26829    C:0.25203    A:0.22358    G:0.25610

#49: Steenbok       
position  1:    T:0.19512    C:0.24390    A:0.23171    G:0.32927
position  2:    T:0.34146    C:0.26829    A:0.21951    G:0.17073
position  3:    T:0.29268    C:0.21951    A:0.21951    G:0.26829
Average         T:0.27642    C:0.24390    A:0.22358    G:0.25610

#50: Impala         
position  1:    T:0.19512    C:0.23171    A:0.21951    G:0.35366
position  2:    T:0.34146    C:0.26829    A:0.21951    G:0.17073
position  3:    T:0.30488    C:0.20732    A:0.21951    G:0.26829
Average         T:0.28049    C:0.23577    A:0.21951    G:0.26423

#51: Klipspringer   
position  1:    T:0.18293    C:0.23171    A:0.21951    G:0.36585
position  2:    T:0.34146    C:0.26829    A:0.21951    G:0.17073
