CODONML (in paml version 4.10.7, June 2023)  /home/rachel/ruminants_paml/6406-phy-tree/ENSBTAT00000017122.fasta.phy
Model: free dN/dS Ratios for branches,  kappa = 2.000 fixed

Codon frequency model: F3x4
ns =  54  ls =  32

Codon usage in sequences
--------------------------------------------------------------------------------------------------------------------------------------
Phe TTT   0   0   0   0   0   0 | Ser TCT   1   1   1   1   1   1 | Tyr TAT   0   0   0   0   0   0 | Cys TGT   0   0   0   0   0   0
    TTC   0   0   0   0   0   0 |     TCC   0   0   0   0   0   0 |     TAC   0   0   0   0   0   0 |     TGC   0   0   0   0   0   0
Leu TTA   0   0   0   0   0   0 |     TCA   0   0   0   0   0   0 | *** TAA   0   0   0   0   0   0 | *** TGA   0   0   0   0   0   0
    TTG   0   0   0   0   0   0 |     TCG   0   0   0   0   0   0 |     TAG   0   0   0   0   0   0 | Trp TGG   0   0   0   0   0   0
--------------------------------------------------------------------------------------------------------------------------------------
Leu CTT   1   1   1   1   1   1 | Pro CCT   1   1   2   1   1   1 | His CAT   1   1   1   1   1   1 | Arg CGT   0   0   0   0   0   0
    CTC   0   0   0   0   0   0 |     CCC   1   1   0   1   1   1 |     CAC   0   0   0   0   0   0 |     CGC   0   0   0   0   0   0
    CTA   2   2   2   1   2   2 |     CCA   1   1   1   1   1   1 | Gln CAA   1   1   1   1   1   1 |     CGA   0   0   0   0   0   0
    CTG   1   0   0   2   1   0 |     CCG   0   0   0   0   0   0 |     CAG   0   0   0   0   0   0 |     CGG   0   0   0   0   0   0
--------------------------------------------------------------------------------------------------------------------------------------
Ile ATT   3   3   3   3   2   3 | Thr ACT   0   0   0   0   0   0 | Asn AAT   1   1   0   0   0   1 | Ser AGT   1   1   1   1   0   1
    ATC   1   1   1   1   1   1 |     ACC   0   0   0   0   0   0 |     AAC   1   1   2   2   1   1 |     AGC   0   0   0   0   1   0
    ATA   0   0   0   0   0   0 |     ACA   0   0   0   0   0   0 | Lys AAA   2   2   2   2   2   2 | Arg AGA   0   0   0   0   0   0
Met ATG   1   1   1   1   1   1 |     ACG   0   0   0   0   0   0 |     AAG   1   1   1   1   1   1 |     AGG   0   0   0   0   0   0
--------------------------------------------------------------------------------------------------------------------------------------
Val GTT   1   2   2   1   2   1 | Ala GCT   1   1   1   1   1   1 | Asp GAT   1   2   1   1   1   1 | Gly GGT   0   0   0   0   0   0
    GTC   1   0   0   1   2   1 |     GCC   0   0   0   0   0   0 |     GAC   0   0   0   0   1   0 |     GGC   0   0   0   0   0   0
    GTA   1   1   1   1   0   1 |     GCA   1   1   1   1   1   1 | Glu GAA   0   0   0   0   0   0 |     GGA   3   3   3   3   3   3
    GTG   1   2   2   1   1   2 |     GCG   0   0   0   0   0   0 |     GAG   1   0   1   1   1   1 |     GGG   0   0   0   0   0   0
--------------------------------------------------------------------------------------------------------------------------------------

--------------------------------------------------------------------------------------------------------------------------------------
Phe TTT   0   0   0   0   0   0 | Ser TCT   1   1   1   1   1   1 | Tyr TAT   0   0   0   0   0   0 | Cys TGT   0   0   0   0   0   0
    TTC   0   0   0   0   0   0 |     TCC   0   0   0   0   0   0 |     TAC   0   0   0   0   0   0 |     TGC   0   0   0   0   0   0
Leu TTA   0   0   0   0   0   0 |     TCA   0   0   0   0   0   0 | *** TAA   0   0   0   0   0   0 | *** TGA   0   0   0   0   0   0
    TTG   0   0   0   0   0   0 |     TCG   0   0   0   0   0   0 |     TAG   0   0   0   0   0   0 | Trp TGG   0   0   0   0   0   0
--------------------------------------------------------------------------------------------------------------------------------------
Leu CTT   1   1   1   1   1   1 | Pro CCT   0   1   1   1   2   1 | His CAT   1   1   1   1   1   1 | Arg CGT   0   0   0   0   0   0
    CTC   0   0   0   0   0   0 |     CCC   1   1   1   1   0   1 |     CAC   0   0   0   0   0   0 |     CGC   0   0   0   0   0   0
    CTA   2   2   2   2   2   1 |     CCA   1   1   1   1   1   1 | Gln CAA   1   1   1   1   1   1 |     CGA   0   0   0   0   0   0
    CTG   0   1   0   1   0   2 |     CCG   0   0   0   0   0   0 |     CAG   0   0   0   0   0   0 |     CGG   0   0   0   0   0   0
--------------------------------------------------------------------------------------------------------------------------------------
Ile ATT   2   3   3   3   3   3 | Thr ACT   0   0   0   0   0   0 | Asn AAT   1   1   1   1   0   0 | Ser AGT   1   1   1   1   1   1
    ATC   1   1   1   1   1   1 |     ACC   0   0   0   0   0   0 |     AAC   1   1   1   1   2   2 |     AGC   0   0   0   0   0   0
    ATA   0   0   0   0   0   0 |     ACA   0   0   0   0   0   0 | Lys AAA   2   2   2   2   2   2 | Arg AGA   0   0   0   0   0   0
Met ATG   1   1   1   1   1   1 |     ACG   0   0   0   0   0   0 |     AAG   1   1   1   1   1   1 |     AGG   0   0   0   0   0   0
--------------------------------------------------------------------------------------------------------------------------------------
Val GTT   2   1   1   1   2   1 | Ala GCT   2   1   1   1   1   1 | Asp GAT   1   1   2   1   1   1 | Gly GGT   0   0   0   0   0   0
    GTC   1   1   1   1   0   1 |     GCC   0   0   0   0   0   0 |     GAC   0   0   0   0   0   0 |     GGC   0   0   0   0   0   0
    GTA   1   1   1   1   1   1 |     GCA   1   1   1   1   1   1 | Glu GAA   0   0   0   0   0   0 |     GGA   3   3   3   3   3   3
    GTG   2   1   2   1   2   1 |     GCG   0   0   0   0   0   0 |     GAG   1   1   0   1   1   1 |     GGG   0   0   0   0   0   0
--------------------------------------------------------------------------------------------------------------------------------------

--------------------------------------------------------------------------------------------------------------------------------------
Phe TTT   0   0   0   0   0   0 | Ser TCT   1   1   1   1   1   1 | Tyr TAT   0   0   0   0   0   0 | Cys TGT   0   0   0   0   0   0
    TTC   0   0   0   0   0   0 |     TCC   0   0   0   0   0   0 |     TAC   0   0   0   0   0   0 |     TGC   0   0   0   0   0   0
Leu TTA   0   0   0   0   0   0 |     TCA   0   0   0   0   0   0 | *** TAA   0   0   0   0   0   0 | *** TGA   0   0   0   0   0   0
    TTG   0   0   0   0   0   0 |     TCG   0   0   0   0   0   0 |     TAG   0   0   0   0   0   0 | Trp TGG   0   0   0   0   0   0
--------------------------------------------------------------------------------------------------------------------------------------
Leu CTT   1   1   1   1   1   1 | Pro CCT   1   1   1   1   1   1 | His CAT   1   1   1   1   1   1 | Arg CGT   0   0   0   0   0   0
    CTC   0   0   0   0   0   0 |     CCC   1   1   1   1   1   1 |     CAC   0   0   0   0   0   0 |     CGC   0   0   0   0   0   0
    CTA   2   2   2   2   1   2 |     CCA   1   1   1   1   1   1 | Gln CAA   1   1   1   1   1   1 |     CGA   0   0   0   0   0   0
    CTG   1   0   1   0   2   1 |     CCG   0   0   0   0   0   0 |     CAG   0   0   0   0   0   0 |     CGG   0   0   0   0   0   0
--------------------------------------------------------------------------------------------------------------------------------------
Ile ATT   3   3   3   3   3   3 | Thr ACT   0   0   0   0   0   0 | Asn AAT   1   0   0   1   0   0 | Ser AGT   1   1   0   1   1   1
    ATC   1   1   1   1   1   1 |     ACC   0   0   0   0   0   0 |     AAC   1   2   2   1   2   2 |     AGC   0   0   1   0   0   0
    ATA   0   0   0   0   0   0 |     ACA   0   0   0   0   0   0 | Lys AAA   2   2   2   2   2   2 | Arg AGA   0   0   0   0   0   0
Met ATG   1   1   1   1   1   1 |     ACG   0   0   0   0   0   0 |     AAG   1   1   1   1   1   1 |     AGG   0   0   0   0   0   0
--------------------------------------------------------------------------------------------------------------------------------------
Val GTT   1   1   1   1   2   1 | Ala GCT   1   1   1   1   0   1 | Asp GAT   1   1   1   1   1   1 | Gly GGT   0   0   0   0   0   0
    GTC   1   1   1   1   0   1 |     GCC   0   0   0   0   0   0 |     GAC   0   0   0   0   0   0 |     GGC   0   0   0   0   0   0
    GTA   1   1   1   1   1   1 |     GCA   1   1   1   1   2   1 | Glu GAA   0   0   0   0   0   0 |     GGA   3   3   3   3   3   3
    GTG   1   2   1   2   1   1 |     GCG   0   0   0   0   0   0 |     GAG   1   1   1   1   1   1 |     GGG   0   0   0   0   0   0
--------------------------------------------------------------------------------------------------------------------------------------

--------------------------------------------------------------------------------------------------------------------------------------
Phe TTT   0   0   0   0   0   0 | Ser TCT   1   1   1   1   1   1 | Tyr TAT   0   0   0   0   0   0 | Cys TGT   0   0   0   0   0   0
    TTC   0   0   0   0   0   0 |     TCC   0   0   0   0   0   0 |     TAC   0   0   0   0   0   0 |     TGC   0   0   0   0   0   0
Leu TTA   0   0   0   0   0   0 |     TCA   0   0   0   0   0   0 | *** TAA   0   0   0   0   0   0 | *** TGA   0   0   0   0   0   0
    TTG   0   0   0   0   0   0 |     TCG   0   0   0   0   0   0 |     TAG   0   0   0   0   0   0 | Trp TGG   0   0   0   0   0   0
--------------------------------------------------------------------------------------------------------------------------------------
Leu CTT   1   1   1   1   1   1 | Pro CCT   1   1   1   2   1   1 | His CAT   1   1   1   1   1   1 | Arg CGT   0   0   0   0   0   0
    CTC   0   0   0   0   0   0 |     CCC   1   1   1   0   1   1 |     CAC   0   0   0   0   0   0 |     CGC   0   0   0   0   0   0
    CTA   2   2   2   2   2   1 |     CCA   1   1   1   1   1   1 | Gln CAA   1   1   1   1   1   1 |     CGA   0   0   0   0   0   0
    CTG   0   0   1   0   1   2 |     CCG   0   0   0   0   0   0 |     CAG   0   0   0   0   0   0 |     CGG   0   0   0   0   0   0
--------------------------------------------------------------------------------------------------------------------------------------
Ile ATT   3   3   3   3   3   3 | Thr ACT   0   0   0   0   0   0 | Asn AAT   1   0   0   0   0   1 | Ser AGT   1   2   1   1   1   1
    ATC   1   1   1   1   1   1 |     ACC   0   0   0   0   0   0 |     AAC   1   1   2   2   2   1 |     AGC   0   0   0   0   0   0
    ATA   0   0   0   0   0   0 |     ACA   0   0   0   0   0   0 | Lys AAA   2   2   2   2   2   2 | Arg AGA   0   0   0   0   0   0
Met ATG   1   1   1   1   1   1 |     ACG   0   0   0   0   0   0 |     AAG   1   1   1   1   1   1 |     AGG   0   0   0   0   0   0
--------------------------------------------------------------------------------------------------------------------------------------
Val GTT   1   1   1   2   1   2 | Ala GCT   1   1   1   1   1   1 | Asp GAT   1   1   1   1   1   1 | Gly GGT   0   0   0   0   0   0
    GTC   1   1   1   0   1   0 |     GCC   0   0   0   0   0   0 |     GAC   0   0   0   0   0   0 |     GGC   0   0   0   0   0   0
    GTA   1   1   1   1   1   1 |     GCA   1   1   1   1   1   1 | Glu GAA   0   0   0   0   0   0 |     GGA   3   3   3   3   3   3
    GTG   2   2   1   2   1   1 |     GCG   0   0   0   0   0   0 |     GAG   1   1   1   1   1   1 |     GGG   0   0   0   0   0   0
--------------------------------------------------------------------------------------------------------------------------------------

--------------------------------------------------------------------------------------------------------------------------------------
Phe TTT   0   0   0   0   0   0 | Ser TCT   1   1   1   1   1   1 | Tyr TAT   0   0   0   0   0   0 | Cys TGT   0   0   0   0   0   0
    TTC   0   0   0   0   0   0 |     TCC   0   0   0   0   0   0 |     TAC   0   0   0   0   0   0 |     TGC   0   0   0   0   0   0
Leu TTA   0   0   0   0   0   0 |     TCA   0   0   0   0   0   0 | *** TAA   0   0   0   0   0   0 | *** TGA   0   0   0   0   0   0
    TTG   0   0   0   0   0   0 |     TCG   0   0   0   0   0   0 |     TAG   0   0   0   0   0   0 | Trp TGG   0   0   0   0   0   0
--------------------------------------------------------------------------------------------------------------------------------------
Leu CTT   1   2   1   1   1   1 | Pro CCT   1   1   1   1   1   2 | His CAT   1   1   1   1   1   1 | Arg CGT   0   0   0   0   0   0
    CTC   0   0   0   0   0   0 |     CCC   1   1   1   1   1   0 |     CAC   0   0   0   0   0   0 |     CGC   0   0   0   0   0   0
    CTA   1   1   2   3   2   2 |     CCA   0   0   1   1   1   1 | Gln CAA   1   1   1   1   1   1 |     CGA   0   0   0   0   0   0
    CTG   2   2   1   0   1   0 |     CCG   1   1   0   0   0   0 |     CAG   0   0   0   0   0   0 |     CGG   0   0   0   0   0   0
--------------------------------------------------------------------------------------------------------------------------------------
Ile ATT   3   2   3   3   3   3 | Thr ACT   0   0   0   0   0   0 | Asn AAT   1   1   1   0   0   0 | Ser AGT   1   1   1   1   1   1
    ATC   1   1   1   1   1   1 |     ACC   0   0   0   0   0   0 |     AAC   1   1   1   2   2   2 |     AGC   0   0   0   0   0   0
    ATA   0   0   0   0   0   0 |     ACA   0   0   0   0   0   0 | Lys AAA   2   2   2   2   2   2 | Arg AGA   0   0   0   0   0   0
Met ATG   1   1   1   1   1   1 |     ACG   0   0   0   0   0   0 |     AAG   1   1   1   1   1   1 |     AGG   0   0   0   0   0   0
--------------------------------------------------------------------------------------------------------------------------------------
Val GTT   1   1   1   1   1   2 | Ala GCT   1   1   1   1   1   1 | Asp GAT   1   1   1   1   1   1 | Gly GGT   0   0   0   0   0   0
    GTC   1   1   1   1   1   0 |     GCC   0   0   0   0   0   0 |     GAC   0   0   0   0   0   0 |     GGC   0   0   0   0   0   0
    GTA   1   1   1   1   1   1 |     GCA   1   1   1   1   1   1 | Glu GAA   0   0   0   0   0   0 |     GGA   3   3   3   3   3   3
    GTG   1   1   1   1   1   2 |     GCG   0   0   0   0   0   0 |     GAG   1   1   1   1   1   1 |     GGG   0   0   0   0   0   0
--------------------------------------------------------------------------------------------------------------------------------------

--------------------------------------------------------------------------------------------------------------------------------------
Phe TTT   0   0   0   0   0   0 | Ser TCT   1   1   1   1   1   1 | Tyr TAT   0   0   0   0   0   0 | Cys TGT   0   0   0   0   0   0
    TTC   0   0   0   0   0   0 |     TCC   0   0   0   0   0   0 |     TAC   0   0   0   0   0   0 |     TGC   0   0   0   0   0   0
Leu TTA   0   0   0   0   0   0 |     TCA   0   0   0   0   0   0 | *** TAA   0   0   0   0   0   0 | *** TGA   0   0   0   0   0   0
    TTG   0   0   0   0   0   0 |     TCG   0   0   0   0   0   0 |     TAG   0   0   0   0   0   0 | Trp TGG   0   0   0   0   0   0
--------------------------------------------------------------------------------------------------------------------------------------
Leu CTT   1   1   1   1   1   1 | Pro CCT   1   2   1   1   1   1 | His CAT   1   1   1   1   1   1 | Arg CGT   0   0   0   0   0   0
    CTC   0   0   0   0   0   0 |     CCC   1   0   1   1   1   1 |     CAC   0   0   0   0   0   0 |     CGC   0   0   0   0   0   0
    CTA   2   2   1   2   2   2 |     CCA   1   1   0   1   1   1 | Gln CAA   1   1   1   1   1   1 |     CGA   0   0   0   0   0   0
    CTG   1   0   2   0   1   1 |     CCG   0   0   1   0   0   0 |     CAG   0   0   0   0   0   0 |     CGG   0   0   0   0   0   0
--------------------------------------------------------------------------------------------------------------------------------------
Ile ATT   3   3   3   3   3   3 | Thr ACT   0   0   0   0   0   0 | Asn AAT   1   0   0   1   1   0 | Ser AGT   1   1   1   1   1   1
    ATC   1   1   1   1   1   1 |     ACC   0   0   0   0   0   0 |     AAC   1   2   2   1   1   2 |     AGC   0   0   0   0   0   0
    ATA   0   0   0   0   0   0 |     ACA   0   0   0   0   0   0 | Lys AAA   2   2   2   2   2   2 | Arg AGA   0   0   0   0   0   0
Met ATG   1   1   1   1   1   1 |     ACG   0   0   0   0   0   0 |     AAG   1   1   1   1   1   1 |     AGG   0   0   0   0   0   0
--------------------------------------------------------------------------------------------------------------------------------------
Val GTT   1   2   1   1   2   2 | Ala GCT   1   1   1   1   1   1 | Asp GAT   1   1   1   1   1   1 | Gly GGT   0   0   0   0   0   0
    GTC   1   0   1   1   0   0 |     GCC   0   0   0   0   0   0 |     GAC   0   0   0   0   0   0 |     GGC   0   0   0   0   0   0
    GTA   1   1   1   1   1   1 |     GCA   1   1   1   1   1   1 | Glu GAA   0   0   0   0   0   0 |     GGA   3   3   3   3   3   3
    GTG   1   2   1   2   1   1 |     GCG   0   0   0   0   0   0 |     GAG   1   1   1   1   1   1 |     GGG   0   0   0   0   0   0
--------------------------------------------------------------------------------------------------------------------------------------

--------------------------------------------------------------------------------------------------------------------------------------
Phe TTT   0   0   0   0   0   0 | Ser TCT   1   1   1   1   1   1 | Tyr TAT   0   0   0   0   0   0 | Cys TGT   0   0   0   0   0   0
    TTC   0   0   0   0   0   0 |     TCC   0   0   0   0   0   0 |     TAC   0   0   0   0   0   0 |     TGC   0   0   0   0   0   0
Leu TTA   0   0   0   0   0   0 |     TCA   0   0   0   0   0   0 | *** TAA   0   0   0   0   0   0 | *** TGA   0   0   0   0   0   0
    TTG   0   0   0   0   0   0 |     TCG   0   0   0   0   0   0 |     TAG   0   0   0   0   0   0 | Trp TGG   0   0   0   0   0   0
--------------------------------------------------------------------------------------------------------------------------------------
Leu CTT   1   1   1   1   1   1 | Pro CCT   1   1   1   1   1   1 | His CAT   1   1   1   1   1   1 | Arg CGT   0   0   0   0   0   0
    CTC   0   0   0   0   0   0 |     CCC   1   1   1   1   1   1 |     CAC   0   0   0   0   0   0 |     CGC   0   0   0   0   0   0
    CTA   2   2   2   2   2   1 |     CCA   1   1   1   1   1   0 | Gln CAA   1   1   1   1   1   1 |     CGA   0   0   0   0   0   0
    CTG   1   0   1   0   1   2 |     CCG   0   0   0   0   0   1 |     CAG   0   0   0   0   0   0 |     CGG   0   0   0   0   0   0
--------------------------------------------------------------------------------------------------------------------------------------
Ile ATT   2   2   3   3   3   3 | Thr ACT   0   0   0   0   0   0 | Asn AAT   0   0   1   1   0   1 | Ser AGT   1   1   1   1   1   1
    ATC   2   1   1   1   1   1 |     ACC   0   0   0   0   0   0 |     AAC   2   2   1   1   2   1 |     AGC   0   0   0   0   0   0
    ATA   0   0   0   0   0   0 |     ACA   0   0   0   0   0   0 | Lys AAA   2   2   2   2   2   2 | Arg AGA   0   0   0   0   0   0
Met ATG   1   2   1   1   1   1 |     ACG   0   0   0   0   0   0 |     AAG   1   1   1   1   1   1 |     AGG   0   0   0   0   0   0
--------------------------------------------------------------------------------------------------------------------------------------
Val GTT   1   1   1   1   1   1 | Ala GCT   1   1   1   1   1   1 | Asp GAT   1   1   1   1   1   1 | Gly GGT   0   0   0   0   0   0
    GTC   1   1   1   1   1   1 |     GCC   0   0   0   0   0   0 |     GAC   0   0   0   0   0   0 |     GGC   0   0   0   0   0   0
    GTA   1   1   1   1   0   1 |     GCA   1   1   1   1   1   1 | Glu GAA   0   0   0   0   0   0 |     GGA   3   3   3   3   3   3
    GTG   1   2   1   2   2   1 |     GCG   0   0   0   0   0   0 |     GAG   1   1   1   1   1   1 |     GGG   0   0   0   0   0   0
--------------------------------------------------------------------------------------------------------------------------------------

--------------------------------------------------------------------------------------------------------------------------------------
Phe TTT   0   0   0   0   0   0 | Ser TCT   1   1   1   1   1   1 | Tyr TAT   0   0   0   0   0   0 | Cys TGT   0   0   0   0   0   0
    TTC   0   0   0   0   0   0 |     TCC   0   0   0   0   0   0 |     TAC   0   0   0   0   0   0 |     TGC   0   0   0   0   0   0
Leu TTA   0   0   0   0   0   0 |     TCA   0   0   0   0   0   0 | *** TAA   0   0   0   0   0   0 | *** TGA   0   0   0   0   0   0
    TTG   0   0   0   0   0   0 |     TCG   0   0   0   0   0   0 |     TAG   0   0   0   0   0   0 | Trp TGG   0   0   0   0   0   0
--------------------------------------------------------------------------------------------------------------------------------------
Leu CTT   1   1   1   2   1   1 | Pro CCT   1   1   1   1   1   1 | His CAT   1   1   1   1   1   1 | Arg CGT   0   0   0   0   0   0
    CTC   0   0   0   0   0   0 |     CCC   1   1   1   1   1   1 |     CAC   0   0   0   0   0   0 |     CGC   0   0   0   0   0   0
    CTA   1   3   1   1   2   2 |     CCA   0   1   0   0   1   1 | Gln CAA   1   1   1   1   1   1 |     CGA   0   0   0   0   0   0
    CTG   2   0   2   2   0   1 |     CCG   1   0   1   1   0   0 |     CAG   0   0   0   0   0   0 |     CGG   0   0   0   0   0   0
--------------------------------------------------------------------------------------------------------------------------------------
Ile ATT   3   3   3   2   2   3 | Thr ACT   0   0   0   0   0   0 | Asn AAT   1   0   0   1   0   1 | Ser AGT   1   1   1   1   1   1
    ATC   1   1   1   1   1   1 |     ACC   0   0   0   0   0   0 |     AAC   1   2   2   1   2   1 |     AGC   0   0   0   0   0   0
    ATA   0   0   0   0   0   0 |     ACA   0   0   0   0   0   0 | Lys AAA   2   2   2   2   2   2 | Arg AGA   0   0   0   0   0   0
Met ATG   1   1   1   1   2   1 |     ACG   0   0   0   0   0   0 |     AAG   1   1   1   1   1   1 |     AGG   0   0   0   0   0   0
--------------------------------------------------------------------------------------------------------------------------------------
Val GTT   1   1   1   1   1   1 | Ala GCT   1   1   1   1   1   1 | Asp GAT   1   1   1   1   1   1 | Gly GGT   0   0   0   0   0   0
    GTC   1   1   1   1   1   1 |     GCC   0   0   0   0   0   0 |     GAC   0   0   0   0   0   0 |     GGC   0   0   0   0   0   0
    GTA   1   1   1   1   1   1 |     GCA   1   1   1   1   1   1 | Glu GAA   0   1   1   0   0   0 |     GGA   3   3   3   3   3   3
    GTG   1   1   1   1   2   1 |     GCG   0   0   0   0   0   0 |     GAG   1   0   0   1   1   1 |     GGG   0   0   0   0   0   0
--------------------------------------------------------------------------------------------------------------------------------------

--------------------------------------------------------------------------------------------------------------------------------------
Phe TTT   0   0   0   0   0   0 | Ser TCT   1   1   1   1   1   1 | Tyr TAT   0   0   0   0   0   0 | Cys TGT   0   0   0   0   0   0
    TTC   0   0   0   0   0   0 |     TCC   0   0   0   0   0   0 |     TAC   0   0   0   0   0   0 |     TGC   0   0   0   0   0   0
Leu TTA   0   0   0   0   0   0 |     TCA   0   0   0   0   0   0 | *** TAA   0   0   0   0   0   0 | *** TGA   0   0   0   0   0   0
    TTG   0   0   0   0   0   0 |     TCG   0   0   0   0   0   0 |     TAG   0   0   0   0   0   0 | Trp TGG   0   0   0   0   0   0
--------------------------------------------------------------------------------------------------------------------------------------
Leu CTT   1   1   1   1   1   1 | Pro CCT   1   1   1   1   2   2 | His CAT   1   1   1   1   1   1 | Arg CGT   0   0   0   0   0   0
    CTC   0   0   0   0   0   0 |     CCC   1   1   1   1   0   0 |     CAC   0   0   0   0   0   0 |     CGC   0   0   0   0   0   0
    CTA   2   2   2   1   2   2 |     CCA   1   1   1   1   1   1 | Gln CAA   1   0   1   1   1   1 |     CGA   0   0   0   0   0   0
    CTG   0   0   1   2   0   0 |     CCG   0   0   0   0   0   0 |     CAG   0   1   0   0   0   0 |     CGG   0   0   0   0   0   0
--------------------------------------------------------------------------------------------------------------------------------------
Ile ATT   3   3   3   3   3   3 | Thr ACT   0   0   0   0   0   0 | Asn AAT   1   0   0   0   0   0 | Ser AGT   1   1   1   1   1   1
    ATC   1   1   1   1   1   1 |     ACC   0   0   0   0   0   0 |     AAC   1   2   2   2   2   2 |     AGC   0   0   0   0   0   0
    ATA   0   0   0   0   0   0 |     ACA   0   0   0   0   0   0 | Lys AAA   2   2   2   2   2   2 | Arg AGA   0   0   0   0   0   0
Met ATG   1   1   1   1   1   1 |     ACG   0   0   0   0   0   0 |     AAG   1   1   1   1   1   1 |     AGG   0   0   0   0   0   0
--------------------------------------------------------------------------------------------------------------------------------------
Val GTT   1   1   2   1   2   2 | Ala GCT   1   1   1   1   1   1 | Asp GAT   1   1   1   1   1   1 | Gly GGT   0   0   0   0   0   0
    GTC   1   1   1   1   0   0 |     GCC   0   0   0   0   0   0 |     GAC   0   0   0   0   0   0 |     GGC   0   0   0   0   0   0
    GTA   1   1   1   1   1   1 |     GCA   1   1   1   1   1   1 | Glu GAA   0   0   0   0   0   0 |     GGA   3   3   3   3   3   3
    GTG   2   2   0   1   2   2 |     GCG   0   0   0   0   0   0 |     GAG   1   1   1   1   1   1 |     GGG   0   0   0   0   0   0
--------------------------------------------------------------------------------------------------------------------------------------

Codon position x base (3x4) table for each sequence.

#1: Argali         
position  1:    T:0.03125    C:0.28125    A:0.34375    G:0.34375
position  2:    T:0.40625    C:0.18750    A:0.28125    G:0.12500
position  3:    T:0.37500    C:0.12500    A:0.34375    G:0.15625
Average         T:0.27083    C:0.19792    A:0.32292    G:0.20833

#2: LesserMouseDeer
position  1:    T:0.03125    C:0.25000    A:0.34375    G:0.37500
position  2:    T:0.40625    C:0.18750    A:0.28125    G:0.12500
position  3:    T:0.43750    C:0.09375    A:0.34375    G:0.12500
Average         T:0.29167    C:0.17708    A:0.32292    G:0.20833

#3: LesserKudu     
position  1:    T:0.03125    C:0.25000    A:0.34375    G:0.37500
position  2:    T:0.40625    C:0.18750    A:0.28125    G:0.12500
position  3:    T:0.40625    C:0.09375    A:0.34375    G:0.15625
Average         T:0.28125    C:0.17708    A:0.32292    G:0.21875

#4: ForestMuskDeer2
position  1:    T:0.03125    C:0.28125    A:0.34375    G:0.34375
position  2:    T:0.40625    C:0.18750    A:0.28125    G:0.12500
position  3:    T:0.34375    C:0.15625    A:0.31250    G:0.18750
Average         T:0.26042    C:0.20833    A:0.31250    G:0.21875

#5: Camel          
position  1:    T:0.03125    C:0.28125    A:0.28125    G:0.40625
position  2:    T:0.40625    C:0.18750    A:0.28125    G:0.12500
position  3:    T:0.31250    C:0.21875    A:0.31250    G:0.15625
Average         T:0.25000    C:0.22917    A:0.29167    G:0.22917

#6: KillerWhale    
position  1:    T:0.03125    C:0.25000    A:0.34375    G:0.37500
position  2:    T:0.40625    C:0.18750    A:0.28125    G:0.12500
position  3:    T:0.37500    C:0.12500    A:0.34375    G:0.15625
Average         T:0.27083    C:0.18750    A:0.32292    G:0.21875

#7: DefassaWaterbuck
position  1:    T:0.03125    C:0.21875    A:0.31250    G:0.43750
position  2:    T:0.40625    C:0.18750    A:0.28125    G:0.12500
position  3:    T:0.37500    C:0.12500    A:0.34375    G:0.15625
Average         T:0.27083    C:0.17708    A:0.31250    G:0.23958

#8: Sheep          
position  1:    T:0.03125    C:0.28125    A:0.34375    G:0.34375
position  2:    T:0.40625    C:0.18750    A:0.28125    G:0.12500
position  3:    T:0.37500    C:0.12500    A:0.34375    G:0.15625
Average         T:0.27083    C:0.19792    A:0.32292    G:0.20833

#9: MaxwellsDuiker 
position  1:    T:0.03125    C:0.25000    A:0.34375    G:0.37500
position  2:    T:0.40625    C:0.18750    A:0.28125    G:0.12500
position  3:    T:0.40625    C:0.12500    A:0.34375    G:0.12500
Average         T:0.28125    C:0.18750    A:0.32292    G:0.20833

#10: GazellaPrzewalskyi
position  1:    T:0.03125    C:0.28125    A:0.34375    G:0.34375
position  2:    T:0.40625    C:0.18750    A:0.28125    G:0.12500
position  3:    T:0.37500    C:0.12500    A:0.34375    G:0.15625
Average         T:0.27083    C:0.19792    A:0.32292    G:0.20833

#11: MountainNyala  
position  1:    T:0.03125    C:0.25000    A:0.34375    G:0.37500
position  2:    T:0.40625    C:0.18750    A:0.28125    G:0.12500
position  3:    T:0.40625    C:0.09375    A:0.34375    G:0.15625
Average         T:0.28125    C:0.17708    A:0.32292    G:0.21875

#12: MuntiacusMuntjak
position  1:    T:0.03125    C:0.28125    A:0.34375    G:0.34375
position  2:    T:0.40625    C:0.18750    A:0.28125    G:0.12500
position  3:    T:0.34375    C:0.15625    A:0.31250    G:0.18750
Average         T:0.26042    C:0.20833    A:0.31250    G:0.21875

#13: goat           
position  1:    T:0.03125    C:0.28125    A:0.34375    G:0.34375
position  2:    T:0.40625    C:0.18750    A:0.28125    G:0.12500
position  3:    T:0.37500    C:0.12500    A:0.34375    G:0.15625
Average         T:0.27083    C:0.19792    A:0.32292    G:0.20833

#14: AfricanBuffalo 
position  1:    T:0.03125    C:0.25000    A:0.34375    G:0.37500
position  2:    T:0.40625    C:0.18750    A:0.28125    G:0.12500
position  3:    T:0.34375    C:0.15625    A:0.34375    G:0.15625
Average         T:0.26042    C:0.19792    A:0.32292    G:0.21875

#15: Topi           
position  1:    T:0.03125    C:0.28125    A:0.34375    G:0.34375
position  2:    T:0.40625    C:0.18750    A:0.28125    G:0.12500
position  3:    T:0.31250    C:0.18750    A:0.34375    G:0.15625
Average         T:0.25000    C:0.21875    A:0.32292    G:0.20833

#16: CommonDuiker   
position  1:    T:0.03125    C:0.25000    A:0.34375    G:0.37500
position  2:    T:0.40625    C:0.18750    A:0.28125    G:0.12500
position  3:    T:0.37500    C:0.12500    A:0.34375    G:0.15625
Average         T:0.27083    C:0.18750    A:0.32292    G:0.21875

#17: Suni           
position  1:    T:0.03125    C:0.28125    A:0.34375    G:0.34375
position  2:    T:0.40625    C:0.18750    A:0.28125    G:0.12500
position  3:    T:0.34375    C:0.12500    A:0.34375    G:0.18750
Average         T:0.26042    C:0.19792    A:0.32292    G:0.21875

#18: Springbuck     
position  1:    T:0.03125    C:0.28125    A:0.34375    G:0.34375
position  2:    T:0.40625    C:0.18750    A:0.28125    G:0.12500
position  3:    T:0.34375    C:0.15625    A:0.34375    G:0.15625
Average         T:0.26042    C:0.20833    A:0.32292    G:0.20833

#19: Okapi          
position  1:    T:0.03125    C:0.25000    A:0.34375    G:0.37500
position  2:    T:0.40625    C:0.18750    A:0.28125    G:0.12500
position  3:    T:0.37500    C:0.12500    A:0.34375    G:0.15625
Average         T:0.27083    C:0.18750    A:0.32292    G:0.21875

#20: Giraffe        
position  1:    T:0.03125    C:0.25000    A:0.34375    G:0.37500
position  2:    T:0.40625    C:0.18750    A:0.25000    G:0.15625
position  3:    T:0.37500    C:0.12500    A:0.34375    G:0.15625
Average         T:0.27083    C:0.18750    A:0.31250    G:0.22917

#21: TibetanAntelope
position  1:    T:0.03125    C:0.28125    A:0.34375    G:0.34375
position  2:    T:0.40625    C:0.18750    A:0.28125    G:0.12500
position  3:    T:0.34375    C:0.15625    A:0.34375    G:0.15625
Average         T:0.26042    C:0.20833    A:0.32292    G:0.20833

#22: Sitatunga      
position  1:    T:0.03125    C:0.25000    A:0.34375    G:0.37500
position  2:    T:0.40625    C:0.18750    A:0.28125    G:0.12500
position  3:    T:0.40625    C:0.09375    A:0.34375    G:0.15625
Average         T:0.28125    C:0.17708    A:0.32292    G:0.21875

#23: Oribi          
position  1:    T:0.03125    C:0.28125    A:0.34375    G:0.34375
position  2:    T:0.40625    C:0.18750    A:0.28125    G:0.12500
position  3:    T:0.34375    C:0.15625    A:0.34375    G:0.15625
Average         T:0.26042    C:0.20833    A:0.32292    G:0.20833

#24: BarbarySheep   
position  1:    T:0.03125    C:0.28125    A:0.34375    G:0.34375
position  2:    T:0.40625    C:0.18750    A:0.28125    G:0.12500
position  3:    T:0.40625    C:0.09375    A:0.31250    G:0.18750
Average         T:0.28125    C:0.18750    A:0.31250    G:0.21875

#25: Daviddeer      
position  1:    T:0.03125    C:0.28125    A:0.34375    G:0.34375
position  2:    T:0.40625    C:0.18750    A:0.28125    G:0.12500
position  3:    T:0.37500    C:0.12500    A:0.28125    G:0.21875
Average         T:0.27083    C:0.19792    A:0.30208    G:0.22917

#26: Reindeer       
position  1:    T:0.03125    C:0.31250    A:0.31250    G:0.34375
position  2:    T:0.40625    C:0.18750    A:0.28125    G:0.12500
position  3:    T:0.37500    C:0.12500    A:0.28125    G:0.21875
Average         T:0.27083    C:0.20833    A:0.29167    G:0.22917

#27: Ibex           
position  1:    T:0.03125    C:0.28125    A:0.34375    G:0.34375
position  2:    T:0.40625    C:0.18750    A:0.28125    G:0.12500
position  3:    T:0.37500    C:0.12500    A:0.34375    G:0.15625
Average         T:0.27083    C:0.19792    A:0.32292    G:0.20833

#28: GyrantGazelle  
position  1:    T:0.03125    C:0.28125    A:0.34375    G:0.34375
position  2:    T:0.40625    C:0.18750    A:0.28125    G:0.12500
position  3:    T:0.34375    C:0.15625    A:0.37500    G:0.12500
Average         T:0.26042    C:0.20833    A:0.33333    G:0.19792

#29: Hartebeest     
position  1:    T:0.03125    C:0.28125    A:0.34375    G:0.34375
position  2:    T:0.40625    C:0.18750    A:0.28125    G:0.12500
position  3:    T:0.34375    C:0.15625    A:0.34375    G:0.15625
Average         T:0.26042    C:0.20833    A:0.32292    G:0.20833

#30: Bongo          
position  1:    T:0.03125    C:0.25000    A:0.34375    G:0.37500
position  2:    T:0.40625    C:0.18750    A:0.28125    G:0.12500
position  3:    T:0.40625    C:0.09375    A:0.34375    G:0.15625
Average         T:0.28125    C:0.17708    A:0.32292    G:0.21875

#31: Gerenuk        
position  1:    T:0.03125    C:0.28125    A:0.34375    G:0.34375
position  2:    T:0.40625    C:0.18750    A:0.28125    G:0.12500
position  3:    T:0.37500    C:0.12500    A:0.34375    G:0.15625
Average         T:0.27083    C:0.19792    A:0.32292    G:0.20833

#32: CommonEland    
position  1:    T:0.03125    C:0.25000    A:0.34375    G:0.37500
position  2:    T:0.40625    C:0.18750    A:0.28125    G:0.12500
position  3:    T:0.40625    C:0.09375    A:0.34375    G:0.15625
Average         T:0.28125    C:0.17708    A:0.32292    G:0.21875

#33: MuntiacusReevesi
position  1:    T:0.03125    C:0.28125    A:0.34375    G:0.34375
position  2:    T:0.40625    C:0.18750    A:0.28125    G:0.12500
position  3:    T:0.34375    C:0.15625    A:0.28125    G:0.21875
Average         T:0.26042    C:0.20833    A:0.30208    G:0.22917

#34: HarveysDuiker  
position  1:    T:0.03125    C:0.25000    A:0.34375    G:0.37500
position  2:    T:0.40625    C:0.18750    A:0.28125    G:0.12500
position  3:    T:0.37500    C:0.12500    A:0.34375    G:0.15625
Average         T:0.27083    C:0.18750    A:0.32292    G:0.21875

#35: Pronghorn      
position  1:    T:0.03125    C:0.28125    A:0.34375    G:0.34375
position  2:    T:0.40625    C:0.18750    A:0.28125    G:0.12500
position  3:    T:0.40625    C:0.09375    A:0.34375    G:0.15625
Average         T:0.28125    C:0.18750    A:0.32292    G:0.20833

#36: BlueWildebeest 
position  1:    T:0.03125    C:0.28125    A:0.34375    G:0.34375
position  2:    T:0.40625    C:0.18750    A:0.28125    G:0.12500
position  3:    T:0.37500    C:0.12500    A:0.34375    G:0.15625
Average         T:0.27083    C:0.19792    A:0.32292    G:0.20833

#37: Gemsbok        
position  1:    T:0.03125    C:0.28125    A:0.34375    G:0.34375
position  2:    T:0.40625    C:0.18750    A:0.28125    G:0.12500
position  3:    T:0.31250    C:0.18750    A:0.34375    G:0.15625
Average         T:0.25000    C:0.21875    A:0.32292    G:0.20833

#38: Yak            
position  1:    T:0.03125    C:0.25000    A:0.34375    G:0.37500
position  2:    T:0.40625    C:0.18750    A:0.28125    G:0.12500
position  3:    T:0.31250    C:0.15625    A:0.34375    G:0.18750
Average         T:0.25000    C:0.19792    A:0.32292    G:0.22917

#39: BlueSheep      
position  1:    T:0.03125    C:0.28125    A:0.34375    G:0.34375
position  2:    T:0.40625    C:0.18750    A:0.28125    G:0.12500
position  3:    T:0.37500    C:0.12500    A:0.34375    G:0.15625
Average         T:0.27083    C:0.19792    A:0.32292    G:0.20833

#40: BohorReedbuck  
position  1:    T:0.03125    C:0.25000    A:0.34375    G:0.37500
position  2:    T:0.40625    C:0.18750    A:0.28125    G:0.12500
position  3:    T:0.37500    C:0.12500    A:0.34375    G:0.15625
Average         T:0.27083    C:0.18750    A:0.32292    G:0.21875

#41: KirksDik       
position  1:    T:0.03125    C:0.28125    A:0.34375    G:0.34375
position  2:    T:0.40625    C:0.18750    A:0.28125    G:0.12500
position  3:    T:0.34375    C:0.15625    A:0.31250    G:0.18750
Average         T:0.26042    C:0.20833    A:0.31250    G:0.21875

#42: RoeDeer        
position  1:    T:0.03125    C:0.28125    A:0.34375    G:0.34375
position  2:    T:0.40625    C:0.18750    A:0.28125    G:0.12500
position  3:    T:0.37500    C:0.12500    A:0.28125    G:0.21875
Average         T:0.27083    C:0.19792    A:0.30208    G:0.22917

#43: WhiteLippedDeer
position  1:    T:0.03125    C:0.28125    A:0.34375    G:0.34375
position  2:    T:0.40625    C:0.18750    A:0.28125    G:0.12500
position  3:    T:0.37500    C:0.12500    A:0.28125    G:0.21875
Average         T:0.27083    C:0.19792    A:0.30208    G:0.22917

#44: ThomsonGazelle 
position  1:    T:0.03125    C:0.28125    A:0.34375    G:0.34375
position  2:    T:0.40625    C:0.18750    A:0.28125    G:0.12500
position  3:    T:0.34375    C:0.15625    A:0.40625    G:0.09375
Average         T:0.26042    C:0.20833    A:0.34375    G:0.18750

#45: MuntiacusCrinifrons
position  1:    T:0.03125    C:0.28125    A:0.34375    G:0.34375
position  2:    T:0.40625    C:0.18750    A:0.28125    G:0.12500
position  3:    T:0.34375    C:0.15625    A:0.31250    G:0.18750
Average         T:0.26042    C:0.20833    A:0.31250    G:0.21875

#46: WhiteTailedDeer
position  1:    T:0.03125    C:0.31250    A:0.31250    G:0.34375
position  2:    T:0.40625    C:0.18750    A:0.28125    G:0.12500
position  3:    T:0.37500    C:0.12500    A:0.28125    G:0.21875
Average         T:0.27083    C:0.20833    A:0.29167    G:0.22917

#47: Cattle         
position  1:    T:0.03125    C:0.25000    A:0.34375    G:0.37500
position  2:    T:0.40625    C:0.18750    A:0.28125    G:0.12500
position  3:    T:0.31250    C:0.15625    A:0.34375    G:0.18750
Average         T:0.25000    C:0.19792    A:0.32292    G:0.22917

#48: RoyalAntelope  
position  1:    T:0.03125    C:0.28125    A:0.34375    G:0.34375
position  2:    T:0.40625    C:0.18750    A:0.28125    G:0.12500
position  3:    T:0.37500    C:0.12500    A:0.34375    G:0.15625
Average         T:0.27083    C:0.19792    A:0.32292    G:0.20833

#49: Steenbok       
position  1:    T:0.03125    C:0.25000    A:0.34375    G:0.37500
position  2:    T:0.40625    C:0.18750    A:0.28125    G:0.12500
position  3:    T:0.37500    C:0.12500    A:0.34375    G:0.15625
Average         T:0.27083    C:0.18750    A:0.32292    G:0.21875

#50: Impala         
position  1:    T:0.03125    C:0.25000    A:0.34375    G:0.37500
position  2:    T:0.40625    C:0.18750    A:0.28125    G:0.12500
position  3:    T:0.34375    C:0.15625    A:0.31250    G:0.18750
Average         T:0.26042    C:0.19792    A:0.31250    G:0.22917

#51: Klipspringer   
position  1:    T:0.03125    C:0.28125    A:0.34375    G:0.34375
position  2:    T:0.40625    C:0.18750    A:0.28125    G:0.12500
