CODONML (in paml version 4.10.7, June 2023)  /home/rachel/ruminants_paml/6406-phy-tree/ENSBTAT00000024956.fasta.phy
Model: free dN/dS Ratios for branches,  kappa = 2.000 fixed

Codon frequency model: F3x4
ns =  54  ls = 102

Codon usage in sequences
--------------------------------------------------------------------------------------------------------------------------------------
Phe TTT   4   4   4   4   4   4 | Ser TCT   3   3   3   3   2   3 | Tyr TAT   3   3   3   1   2   3 | Cys TGT   4   3   4   4   3   4
    TTC   1   1   1   1   1   1 |     TCC   1   1   1   1   2   1 |     TAC   0   0   0   2   1   0 |     TGC   0   1   0   0   1   0
Leu TTA   2   2   2   2   2   2 |     TCA   3   3   3   3   3   3 | *** TAA   0   0   0   0   0   0 | *** TGA   0   0   0   0   0   0
    TTG   2   2   2   2   2   2 |     TCG   0   0   0   0   0   0 |     TAG   0   0   0   0   0   0 | Trp TGG   0   0   0   0   0   0
--------------------------------------------------------------------------------------------------------------------------------------
Leu CTT   5   4   5   3   5   5 | Pro CCT   2   3   2   2   3   2 | His CAT   1   1   1   1   1   1 | Arg CGT   1   1   1   1   1   1
    CTC   1   2   1   3   1   1 |     CCC   1   1   1   1   1   1 |     CAC   1   1   1   1   1   1 |     CGC   0   0   0   0   0   0
    CTA   0   0   0   0   0   0 |     CCA   2   2   2   2   2   3 | Gln CAA   2   2   2   2   1   1 |     CGA   1   2   1   1   2   2
    CTG   1   1   1   1   1   2 |     CCG   0   0   0   0   0   0 |     CAG   3   3   3   3   4   3 |     CGG   2   1   2   2   1   1
--------------------------------------------------------------------------------------------------------------------------------------
Ile ATT   3   2   3   3   2   2 | Thr ACT   1   2   3   2   2   2 | Asn AAT   3   3   3   2   3   3 | Ser AGT   0   0   0   0   0   0
    ATC   1   2   1   1   2   3 |     ACC   1   1   0   1   1   0 |     AAC   2   2   2   3   2   1 |     AGC   1   1   1   1   1   2
    ATA   0   1   0   0   1   1 |     ACA   2   1   2   2   1   2 | Lys AAA   2   2   2   2   2   2 | Arg AGA   1   1   1   1   1   1
Met ATG   2   2   2   2   2   1 |     ACG   1   1   0   0   1   0 |     AAG   2   2   2   2   2   2 |     AGG   0   0   0   0   0   0
--------------------------------------------------------------------------------------------------------------------------------------
Val GTT   3   4   3   3   3   4 | Ala GCT   2   2   3   3   2   2 | Asp GAT   1   1   1   1   0   1 | Gly GGT   2   1   2   2   2   2
    GTC   4   3   4   4   3   3 |     GCC   0   0   0   0   0   0 |     GAC   1   1   1   1   2   1 |     GGC   2   1   2   2   2   1
    GTA   1   1   2   2   2   1 |     GCA   0   0   0   0   0   1 | Glu GAA   1   1   1   1   1   1 |     GGA   6   6   6   6   5   5
    GTG   4   3   3   3   3   4 |     GCG   2   1   1   1   1   0 |     GAG   3   3   3   3   3   3 |     GGG   2   4   2   2   3   4
--------------------------------------------------------------------------------------------------------------------------------------

--------------------------------------------------------------------------------------------------------------------------------------
Phe TTT   4   4   4   4   4   3 | Ser TCT   3   3   3   3   3   3 | Tyr TAT   3   3   2   3   3   3 | Cys TGT   2   4   4   4   4   4
    TTC   1   1   1   1   1   2 |     TCC   2   1   1   1   1   1 |     TAC   0   0   0   0   0   0 |     TGC   2   0   0   0   0   0
Leu TTA   2   2   3   1   2   2 |     TCA   2   3   3   2   3   3 | *** TAA   0   0   0   0   0   0 | *** TGA   0   0   0   0   0   0
    TTG   2   2   1   3   2   2 |     TCG   0   0   0   1   0   0 |     TAG   0   0   0   0   0   0 | Trp TGG   0   0   0   0   0   0
--------------------------------------------------------------------------------------------------------------------------------------
Leu CTT   5   5   4   4   5   5 | Pro CCT   2   2   3   2   2   2 | His CAT   1   1   1   0   1   1 | Arg CGT   1   1   2   1   1   1
    CTC   1   1   1   2   1   1 |     CCC   1   1   0   1   1   1 |     CAC   1   1   2   2   1   1 |     CGC   0   0   0   0   0   0
    CTA   0   0   0   0   0   0 |     CCA   2   2   2   2   2   2 | Gln CAA   1   2   2   1   2   2 |     CGA   0   1   1   1   1   1
    CTG   1   1   1   1   1   1 |     CCG   0   0   0   0   0   0 |     CAG   4   3   3   4   3   3 |     CGG   3   2   2   2   2   2
--------------------------------------------------------------------------------------------------------------------------------------
Ile ATT   3   3   3   3   3   3 | Thr ACT   1   1   1   1   2   2 | Asn AAT   3   3   3   3   3   3 | Ser AGT   0   0   0   0   0   0
    ATC   1   1   1   1   1   1 |     ACC   1   1   2   1   1   1 |     AAC   2   2   1   2   2   2 |     AGC   1   1   1   1   1   1
    ATA   0   0   0   0   0   0 |     ACA   2   2   2   2   2   2 | Lys AAA   2   2   2   2   2   2 | Arg AGA   1   1   1   2   1   1
Met ATG   2   2   2   2   2   2 |     ACG   1   1   1   1   0   0 |     AAG   2   2   2   2   2   2 |     AGG   0   0   0   0   0   0
--------------------------------------------------------------------------------------------------------------------------------------
Val GTT   3   3   3   3   3   3 | Ala GCT   3   2   3   3   3   3 | Asp GAT   1   1   1   1   1   1 | Gly GGT   2   2   2   2   2   2
    GTC   4   4   4   4   4   4 |     GCC   0   0   0   0   0   0 |     GAC   1   1   1   1   1   1 |     GGC   2   2   2   1   2   2
    GTA   2   1   2   2   2   2 |     GCA   0   0   0   0   0   0 | Glu GAA   1   1   1   1   1   1 |     GGA   6   6   6   6   6   6
    GTG   3   4   3   3   3   3 |     GCG   1   2   1   1   1   1 |     GAG   3   3   3   3   3   3 |     GGG   2   2   2   2   2   2
--------------------------------------------------------------------------------------------------------------------------------------

--------------------------------------------------------------------------------------------------------------------------------------
Phe TTT   4   3   4   4   4   4 | Ser TCT   3   3   3   3   3   3 | Tyr TAT   3   3   3   3   3   3 | Cys TGT   4   4   4   4   4   4
    TTC   1   2   1   1   1   1 |     TCC   1   1   1   1   1   1 |     TAC   0   0   0   0   0   0 |     TGC   0   0   0   0   0   0
Leu TTA   2   2   2   3   2   1 |     TCA   3   3   3   3   3   3 | *** TAA   0   0   0   0   0   0 | *** TGA   0   0   0   0   0   0
    TTG   2   2   2   1   1   3 |     TCG   0   0   0   0   0   0 |     TAG   0   0   0   0   0   0 | Trp TGG   0   0   0   0   0   0
--------------------------------------------------------------------------------------------------------------------------------------
Leu CTT   5   5   5   5   4   5 | Pro CCT   2   2   2   2   2   2 | His CAT   1   2   1   1   1   1 | Arg CGT   1   1   1   1   1   1
    CTC   1   1   1   1   2   1 |     CCC   1   1   1   1   1   1 |     CAC   1   1   1   1   1   1 |     CGC   0   0   0   0   0   0
    CTA   0   0   0   0   0   0 |     CCA   2   2   2   2   2   2 | Gln CAA   2   2   1   1   2   2 |     CGA   1   1   1   2   1   1
    CTG   1   1   1   1   2   1 |     CCG   0   0   0   0   0   0 |     CAG   3   3   4   4   3   3 |     CGG   2   1   2   1   2   2
--------------------------------------------------------------------------------------------------------------------------------------
Ile ATT   3   3   3   3   3   3 | Thr ACT   1   2   1   1   1   1 | Asn AAT   3   3   2   3   3   3 | Ser AGT   0   0   0   0   0   0
    ATC   1   1   1   1   1   1 |     ACC   1   1   1   1   1   1 |     AAC   2   2   3   2   2   2 |     AGC   1   1   1   1   1   1
    ATA   0   0   0   0   0   0 |     ACA   2   2   2   2   2   2 | Lys AAA   2   2   2   2   2   2 | Arg AGA   1   1   1   1   1   1
Met ATG   2   2   2   2   2   2 |     ACG   1   0   1   1   1   1 |     AAG   2   2   2   2   2   2 |     AGG   0   0   0   0   0   0
--------------------------------------------------------------------------------------------------------------------------------------
Val GTT   3   3   3   3   3   3 | Ala GCT   2   3   2   3   3   3 | Asp GAT   1   1   1   1   1   1 | Gly GGT   2   2   2   2   2   2
    GTC   4   4   4   4   4   4 |     GCC   0   0   0   0   0   0 |     GAC   1   1   1   1   1   1 |     GGC   2   2   2   2   2   1
    GTA   1   2   1   2   2   2 |     GCA   0   0   1   1   1   0 | Glu GAA   1   1   1   1   1   1 |     GGA   6   6   6   6   6   7
    GTG   4   4   4   3   3   3 |     GCG   2   0   1   0   0   1 |     GAG   3   3   3   3   3   3 |     GGG   2   2   2   2   2   2
--------------------------------------------------------------------------------------------------------------------------------------

--------------------------------------------------------------------------------------------------------------------------------------
Phe TTT   4   4   3   4   4   4 | Ser TCT   3   3   3   3   3   3 | Tyr TAT   3   1   2   3   3   3 | Cys TGT   4   4   4   4   4   4
    TTC   1   1   2   1   1   1 |     TCC   0   0   1   1   1   1 |     TAC   0   2   1   0   0   0 |     TGC   0   0   0   0   0   0
Leu TTA   2   2   1   2   1   2 |     TCA   3   3   3   3   3   3 | *** TAA   0   0   0   0   0   0 | *** TGA   0   0   0   0   0   0
    TTG   2   2   2   2   2   2 |     TCG   1   1   0   0   0   0 |     TAG   0   0   0   0   0   0 | Trp TGG   0   0   0   0   0   0
--------------------------------------------------------------------------------------------------------------------------------------
Leu CTT   5   5   5   5   5   5 | Pro CCT   2   2   2   2   2   2 | His CAT   1   1   1   1   1   1 | Arg CGT   1   1   1   1   1   1
    CTC   1   1   1   1   1   1 |     CCC   1   1   1   1   1   1 |     CAC   1   1   1   1   1   1 |     CGC   0   0   0   0   0   0
    CTA   0   0   1   0   0   0 |     CCA   2   2   2   2   2   2 | Gln CAA   2   2   2   2   2   2 |     CGA   1   1   1   1   1   1
    CTG   1   1   1   1   2   1 |     CCG   0   0   0   0   0   0 |     CAG   3   3   3   3   4   3 |     CGG   2   2   2   2   1   2
--------------------------------------------------------------------------------------------------------------------------------------
Ile ATT   3   3   3   3   3   3 | Thr ACT   2   2   1   2   1   1 | Asn AAT   3   3   3   3   2   2 | Ser AGT   0   0   0   0   0   0
    ATC   1   1   1   1   1   1 |     ACC   1   1   1   1   1   1 |     AAC   2   2   2   2   3   3 |     AGC   1   0   1   1   1   1
    ATA   1   1   0   0   0   0 |     ACA   2   2   2   2   2   2 | Lys AAA   2   2   2   2   2   2 | Arg AGA   1   1   1   1   1   1
Met ATG   2   2   2   2   2   2 |     ACG   0   0   1   0   1   1 |     AAG   2   2   2   2   2   2 |     AGG   0   0   0   0   0   0
--------------------------------------------------------------------------------------------------------------------------------------
Val GTT   3   3   3   3   3   3 | Ala GCT   2   2   3   3   3   2 | Asp GAT   1   1   1   1   1   1 | Gly GGT   1   1   2   2   2   2
    GTC   3   4   4   4   4   4 |     GCC   1   1   0   0   0   0 |     GAC   1   1   1   1   1   1 |     GGC   3   4   2   2   1   2
    GTA   2   1   1   2   3   1 |     GCA   0   0   1   0   0   1 | Glu GAA   1   1   1   1   1   1 |     GGA   6   7   6   6   6   6
    GTG   3   3   4   3   2   4 |     GCG   1   1   0   1   1   1 |     GAG   3   3   3   3   3   3 |     GGG   2   1   2   2   3   2
--------------------------------------------------------------------------------------------------------------------------------------

--------------------------------------------------------------------------------------------------------------------------------------
Phe TTT   4   4   4   4   4   4 | Ser TCT   3   3   3   3   3   3 | Tyr TAT   3   3   3   3   3   3 | Cys TGT   4   4   4   4   4   4
    TTC   1   1   1   1   1   1 |     TCC   1   1   1   1   1   1 |     TAC   0   0   0   0   0   0 |     TGC   0   0   0   0   0   0
Leu TTA   2   2   2   1   2   2 |     TCA   3   3   3   3   3   3 | *** TAA   0   0   0   0   0   0 | *** TGA   0   0   0   0   0   0
    TTG   2   2   2   3   2   2 |     TCG   0   0   0   0   0   0 |     TAG   0   0   0   0   0   0 | Trp TGG   0   0   0   0   0   0
--------------------------------------------------------------------------------------------------------------------------------------
Leu CTT   5   5   5   5   5   5 | Pro CCT   2   2   2   2   2   2 | His CAT   1   1   1   1   1   1 | Arg CGT   1   1   1   1   1   1
    CTC   1   1   1   1   1   1 |     CCC   1   1   1   1   1   1 |     CAC   1   1   1   1   1   1 |     CGC   0   0   0   0   0   0
    CTA   0   0   0   0   0   0 |     CCA   2   2   2   2   2   2 | Gln CAA   2   2   2   2   1   2 |     CGA   1   1   1   1   1   1
    CTG   1   1   1   1   1   1 |     CCG   0   0   0   0   0   0 |     CAG   3   3   3   3   4   3 |     CGG   2   2   2   2   2   2
--------------------------------------------------------------------------------------------------------------------------------------
Ile ATT   3   3   3   3   3   3 | Thr ACT   2   2   1   1   1   2 | Asn AAT   3   3   3   3   2   3 | Ser AGT   0   0   0   0   0   0
    ATC   1   1   1   1   1   1 |     ACC   1   1   1   1   1   1 |     AAC   2   2   2   2   3   2 |     AGC   1   1   1   1   1   1
    ATA   0   0   0   0   0   0 |     ACA   2   2   2   2   2   2 | Lys AAA   2   2   2   2   2   2 | Arg AGA   1   1   1   1   1   1
Met ATG   2   2   2   2   2   2 |     ACG   0   0   1   1   1   0 |     AAG   2   2   2   2   2   2 |     AGG   0   0   0   0   0   0
--------------------------------------------------------------------------------------------------------------------------------------
Val GTT   3   3   3   3   3   3 | Ala GCT   3   3   2   3   2   3 | Asp GAT   1   1   1   1   1   1 | Gly GGT   2   2   2   1   2   2
    GTC   4   4   4   4   4   4 |     GCC   0   0   0   0   0   0 |     GAC   1   1   1   1   1   1 |     GGC   2   1   2   2   2   2
    GTA   2   2   1   2   1   2 |     GCA   0   0   0   0   1   0 | Glu GAA   1   1   1   1   1   1 |     GGA   6   7   6   7   6   6
    GTG   3   3   4   3   4   3 |     GCG   1   1   2   1   1   1 |     GAG   3   3   3   3   3   3 |     GGG   2   2   2   2   2   2
--------------------------------------------------------------------------------------------------------------------------------------

--------------------------------------------------------------------------------------------------------------------------------------
Phe TTT   4   4   3   4   4   4 | Ser TCT   3   3   3   3   3   3 | Tyr TAT   3   3   3   3   2   2 | Cys TGT   4   4   4   4   4   4
    TTC   1   1   2   1   1   1 |     TCC   1   1   1   1   1   1 |     TAC   0   0   0   0   1   1 |     TGC   0   0   0   0   0   0
Leu TTA   1   2   2   3   2   2 |     TCA   3   3   3   3   3   3 | *** TAA   0   0   0   0   0   0 | *** TGA   0   0   0   0   0   0
    TTG   3   2   2   1   1   2 |     TCG   0   0   0   0   0   0 |     TAG   0   0   0   0   0   0 | Trp TGG   0   0   0   0   0   0
--------------------------------------------------------------------------------------------------------------------------------------
Leu CTT   5   5   5   5   4   5 | Pro CCT   2   2   2   2   2   2 | His CAT   1   1   1   1   1   1 | Arg CGT   1   1   1   1   1   1
    CTC   1   1   2   1   2   1 |     CCC   1   1   1   1   0   1 |     CAC   1   1   1   1   1   1 |     CGC   0   0   0   0   0   0
    CTA   0   0   0   0   0   0 |     CCA   2   2   2   2   3   2 | Gln CAA   2   2   2   1   2   1 |     CGA   1   1   1   1   1   1
    CTG   1   1   0   1   2   1 |     CCG   0   0   0   0   0   0 |     CAG   3   3   3   4   3   4 |     CGG   2   2   2   2   2   2
--------------------------------------------------------------------------------------------------------------------------------------
Ile ATT   3   3   3   3   3   3 | Thr ACT   1   2   2   1   2   1 | Asn AAT   3   3   3   3   3   2 | Ser AGT   0   0   0   0   0   0
    ATC   1   1   1   1   1   1 |     ACC   1   1   1   1   1   1 |     AAC   2   2   2   2   2   3 |     AGC   1   1   1   1   1   1
    ATA   0   0   0   0   1   0 |     ACA   2   2   2   2   2   2 | Lys AAA   2   2   2   2   3   2 | Arg AGA   1   1   1   1   1   1
Met ATG   2   2   2   2   2   2 |     ACG   1   0   0   1   0   1 |     AAG   2   2   2   2   1   2 |     AGG   0   0   0   0   0   0
--------------------------------------------------------------------------------------------------------------------------------------
Val GTT   3   3   3   3   3   3 | Ala GCT   3   3   3   3   3   2 | Asp GAT   1   1   1   1   1   1 | Gly GGT   2   2   2   2   1   2
    GTC   4   4   4   4   4   4 |     GCC   0   0   0   0   0   0 |     GAC   1   1   1   1   1   1 |     GGC   1   2   2   2   3   2
    GTA   2   2   2   2   1   1 |     GCA   0   0   0   1   0   1 | Glu GAA   1   1   1   1   1   1 |     GGA   7   6   6   6   6   6
    GTG   3   3   3   3   3   4 |     GCG   1   1   1   0   1   1 |     GAG   3   3   3   3   3   3 |     GGG   2   2   2   2   2   2
--------------------------------------------------------------------------------------------------------------------------------------

--------------------------------------------------------------------------------------------------------------------------------------
Phe TTT   4   4   4   4   4   4 | Ser TCT   3   3   3   3   3   2 | Tyr TAT   3   3   3   3   3   2 | Cys TGT   4   4   4   3   4   4
    TTC   1   1   1   1   1   1 |     TCC   1   1   1   1   1   2 |     TAC   0   0   0   0   0   1 |     TGC   0   0   0   1   0   0
Leu TTA   2   2   2   2   1   2 |     TCA   3   3   3   2   3   2 | *** TAA   0   0   0   0   0   0 | *** TGA   0   0   0   0   0   0
    TTG   2   2   2   2   3   2 |     TCG   0   0   0   1   0   1 |     TAG   0   0   0   0   0   0 | Trp TGG   0   0   0   0   0   0
--------------------------------------------------------------------------------------------------------------------------------------
Leu CTT   5   5   5   5   5   4 | Pro CCT   2   2   2   2   2   2 | His CAT   1   1   1   1   1   1 | Arg CGT   1   1   1   2   1   1
    CTC   1   1   1   1   1   2 |     CCC   1   1   1   1   1   1 |     CAC   1   1   1   1   1   1 |     CGC   0   0   0   0   0   0
    CTA   0   0   0   0   0   0 |     CCA   2   2   2   2   2   2 | Gln CAA   2   2   2   1   2   1 |     CGA   1   1   1   0   2   0
    CTG   1   1   1   1   1   1 |     CCG   0   0   0   0   0   0 |     CAG   3   3   3   4   3   4 |     CGG   2   2   2   2   1   3
--------------------------------------------------------------------------------------------------------------------------------------
Ile ATT   3   2   3   3   2   3 | Thr ACT   1   2   1   1   1   2 | Asn AAT   3   3   3   3   3   3 | Ser AGT   0   0   0   0   0   0
    ATC   1   2   1   1   1   1 |     ACC   1   1   1   1   1   1 |     AAC   2   2   2   2   2   2 |     AGC   1   1   1   1   1   1
    ATA   0   0   0   0   0   0 |     ACA   2   2   2   2   2   2 | Lys AAA   2   3   2   2   2   2 | Arg AGA   1   1   1   1   1   1
Met ATG   2   2   2   2   2   2 |     ACG   1   0   1   1   1   0 |     AAG   2   1   2   2   2   2 |     AGG   0   0   0   0   0   0
--------------------------------------------------------------------------------------------------------------------------------------
Val GTT   3   2   3   3   3   3 | Ala GCT   3   3   2   3   2   2 | Asp GAT   1   1   1   1   1   1 | Gly GGT   2   2   2   2   2   2
    GTC   4   5   4   4   4   4 |     GCC   0   0   0   0   1   1 |     GAC   1   1   1   1   1   1 |     GGC   2   2   2   2   1   1
    GTA   2   2   1   2   1   2 |     GCA   0   0   0   0   0   0 | Glu GAA   1   1   1   1   1   1 |     GGA   6   6   6   6   7   7
    GTG   3   3   4   3   5   3 |     GCG   1   1   2   1   1   1 |     GAG   3   3   3   3   3   3 |     GGG   2   2   2   2   2   2
--------------------------------------------------------------------------------------------------------------------------------------

--------------------------------------------------------------------------------------------------------------------------------------
Phe TTT   4   4   3   4   4   4 | Ser TCT   3   3   3   3   3   3 | Tyr TAT   3   3   3   3   3   1 | Cys TGT   4   4   4   4   4   4
    TTC   1   1   2   1   1   1 |     TCC   1   1   1   1   1   1 |     TAC   0   0   0   0   0   2 |     TGC   0   0   0   0   0   0
Leu TTA   2   1   2   2   1   2 |     TCA   3   3   3   3   3   3 | *** TAA   0   0   0   0   0   0 | *** TGA   0   0   0   0   0   0
    TTG   2   3   2   2   2   2 |     TCG   0   0   0   0   0   0 |     TAG   0   0   0   0   0   0 | Trp TGG   0   0   0   0   0   0
--------------------------------------------------------------------------------------------------------------------------------------
Leu CTT   5   5   5   4   5   5 | Pro CCT   2   2   2   2   2   2 | His CAT   1   1   1   1   1   1 | Arg CGT   1   1   1   1   1   1
    CTC   1   1   1   2   1   1 |     CCC   1   1   1   1   1   1 |     CAC   1   1   1   1   1   1 |     CGC   0   0   0   0   0   0
    CTA   0   0   0   0   1   0 |     CCA   2   2   2   2   2   2 | Gln CAA   2   2   2   1   2   2 |     CGA   1   1   1   1   1   1
    CTG   1   1   1   1   1   1 |     CCG   0   0   0   0   0   0 |     CAG   3   3   3   4   3   3 |     CGG   2   2   2   2   2   2
--------------------------------------------------------------------------------------------------------------------------------------
Ile ATT   3   3   3   3   2   3 | Thr ACT   2   1   2   2   2   1 | Asn AAT   3   3   3   3   3   2 | Ser AGT   0   0   0   0   0   0
    ATC   1   1   1   1   2   1 |     ACC   1   1   1   1   1   1 |     AAC   2   2   2   2   2   3 |     AGC   1   1   1   1   1   1
    ATA   0   0   0   0   0   0 |     ACA   2   2   2   2   2   2 | Lys AAA   2   2   2   2   3   2 | Arg AGA   1   1   1   1   1   1
Met ATG   2   2   2   2   2   2 |     ACG   0   1   0   0   0   1 |     AAG   2   2   2   2   1   2 |     AGG   0   0   0   0   0   0
--------------------------------------------------------------------------------------------------------------------------------------
Val GTT   3   3   3   3   2   3 | Ala GCT   3   3   3   3   3   3 | Asp GAT   1   1   1   1   1   1 | Gly GGT   2   2   2   1   2   2
    GTC   4   4   4   4   5   4 |     GCC   0   0   0   0   0   0 |     GAC   1   1   1   1   1   1 |     GGC   2   1   2   1   2   2
    GTA   2   2   2   2   2   2 |     GCA   0   0   0   0   0   0 | Glu GAA   1   1   1   1   1   1 |     GGA   6   7   6   7   6   6
    GTG   3   3   3   3   3   3 |     GCG   1   1   1   1   1   1 |     GAG   3   3   3   3   3   3 |     GGG   2   2   2   3   2   2
--------------------------------------------------------------------------------------------------------------------------------------

--------------------------------------------------------------------------------------------------------------------------------------
Phe TTT   4   4   3   4   4   4 | Ser TCT   3   3   2   3   3   3 | Tyr TAT   2   3   4   1   3   3 | Cys TGT   5   3   4   4   4   4
    TTC   1   1   2   1   1   1 |     TCC   1   1   1   1   1   1 |     TAC   0   0   0   2   0   0 |     TGC   0   1   0   0   0   0
Leu TTA   1   2   2   2   2   2 |     TCA   2   3   3   3   3   3 | *** TAA   0   0   0   0   0   0 | *** TGA   0   0   0   0   0   0
    TTG   3   2   2   2   2   2 |     TCG   1   0   0   0   0   0 |     TAG   0   0   0   0   0   0 | Trp TGG   0   0   0   0   0   0
--------------------------------------------------------------------------------------------------------------------------------------
Leu CTT   4   4   5   3   5   5 | Pro CCT   3   2   2   2   2   2 | His CAT   1   1   1   1   1   1 | Arg CGT   0   1   1   1   1   1
    CTC   1   1   1   3   1   1 |     CCC   0   1   1   1   1   1 |     CAC   2   1   1   1   1   1 |     CGC   0   0   0   0   0   0
    CTA   0   1   0   0   0   0 |     CCA   2   2   2   2   2   2 | Gln CAA   2   2   2   2   2   2 |     CGA   2   1   1   1   1   1
    CTG   1   1   1   1   1   1 |     CCG   0   0   0   0   0   0 |     CAG   2   3   3   3   3   3 |     CGG   1   2   2   2   2   2
--------------------------------------------------------------------------------------------------------------------------------------
Ile ATT   3   3   3   3   3   3 | Thr ACT   1   1   1   2   2   2 | Asn AAT   1   3   2   2   3   3 | Ser AGT   0   0   1   0   0   0
    ATC   1   1   1   1   1   1 |     ACC   1   1   1   1   1   1 |     AAC   2   2   2   3   2   2 |     AGC   1   1   1   1   1   1
    ATA   1   0   0   0   0   0 |     ACA   2   2   2   2   2   2 | Lys AAA   2   2   2   2   2   2 | Arg AGA   2   1   1   1   1   1
Met ATG   2   2   2   2   2   2 |     ACG   1   1   1   0   0   0 |     AAG   2   2   2   2   2   2 |     AGG   0   0   0   0   0   0
--------------------------------------------------------------------------------------------------------------------------------------
Val GTT   3   3   4   3   3   3 | Ala GCT   3   3   3   3   3   3 | Asp GAT   2   1   1   1   1   1 | Gly GGT   2   2   2   2   2   2
    GTC   4   4   3   4   4   4 |     GCC   1   0   0   0   0   0 |     GAC   1   1   1   1   1   1 |     GGC   1   2   2   2   2   2
    GTA   1   2   2   2   2   2 |     GCA   0   0   0   0   0   0 | Glu GAA   1   1   1   1   1   1 |     GGA   6   6   6   6   6   6
    GTG   3   3   3   3   3   3 |     GCG   1   1   1   1   1   1 |     GAG   4   3   3   3   3   3 |     GGG   3   2   2   2   2   2
--------------------------------------------------------------------------------------------------------------------------------------

Codon position x base (3x4) table for each sequence.

#1: Argali         
position  1:    T:0.22549    C:0.22549    A:0.21569    G:0.33333
position  2:    T:0.33333    C:0.20588    A:0.24510    G:0.21569
position  3:    T:0.37255    C:0.16667    A:0.22549    G:0.23529
Average         T:0.31046    C:0.19935    A:0.22876    G:0.26144

#2: LesserMouseDeer
position  1:    T:0.22549    C:0.23529    A:0.22549    G:0.31373
position  2:    T:0.33333    C:0.20588    A:0.24510    G:0.21569
position  3:    T:0.36275    C:0.17647    A:0.23529    G:0.22549
Average         T:0.30719    C:0.20588    A:0.23529    G:0.25163

#3: LesserKudu     
position  1:    T:0.22549    C:0.22549    A:0.21569    G:0.33333
position  2:    T:0.33333    C:0.20588    A:0.24510    G:0.21569
position  3:    T:0.40196    C:0.15686    A:0.23529    G:0.20588
Average         T:0.32026    C:0.19608    A:0.23203    G:0.25163

#4: ForestMuskDeer2
position  1:    T:0.22549    C:0.22549    A:0.21569    G:0.33333
position  2:    T:0.33333    C:0.20588    A:0.24510    G:0.21569
position  3:    T:0.34314    C:0.21569    A:0.23529    G:0.20588
Average         T:0.30065    C:0.21569    A:0.23203    G:0.25163

#5: Camel          
position  1:    T:0.22549    C:0.23529    A:0.22549    G:0.31373
position  2:    T:0.33333    C:0.20588    A:0.24510    G:0.21569
position  3:    T:0.34314    C:0.20588    A:0.22549    G:0.22549
Average         T:0.30065    C:0.21569    A:0.23203    G:0.25163

#6: KillerWhale    
position  1:    T:0.22549    C:0.23529    A:0.21569    G:0.32353
position  2:    T:0.35294    C:0.19608    A:0.22549    G:0.22549
position  3:    T:0.38235    C:0.15686    A:0.24510    G:0.21569
Average         T:0.32026    C:0.19608    A:0.22876    G:0.25490

#7: DefassaWaterbuck
position  1:    T:0.22549    C:0.22549    A:0.21569    G:0.33333
position  2:    T:0.33333    C:0.20588    A:0.24510    G:0.21569
position  3:    T:0.36275    C:0.19608    A:0.20588    G:0.23529
Average         T:0.30719    C:0.20915    A:0.22222    G:0.26144

#8: Sheep          
position  1:    T:0.22549    C:0.22549    A:0.21569    G:0.33333
position  2:    T:0.33333    C:0.20588    A:0.24510    G:0.21569
position  3:    T:0.37255    C:0.16667    A:0.22549    G:0.23529
Average         T:0.31046    C:0.19935    A:0.22876    G:0.26144

#9: MaxwellsDuiker 
position  1:    T:0.21569    C:0.23529    A:0.21569    G:0.33333
position  2:    T:0.32353    C:0.21569    A:0.23529    G:0.22549
position  3:    T:0.38235    C:0.16667    A:0.24510    G:0.20588
Average         T:0.30719    C:0.20588    A:0.23203    G:0.25490

#10: GazellaPrzewalskyi
position  1:    T:0.22549    C:0.22549    A:0.22549    G:0.32353
position  2:    T:0.33333    C:0.20588    A:0.24510    G:0.21569
position  3:    T:0.36275    C:0.17647    A:0.21569    G:0.24510
Average         T:0.30719    C:0.20261    A:0.22876    G:0.26144

#11: MountainNyala  
position  1:    T:0.22549    C:0.22549    A:0.21569    G:0.33333
position  2:    T:0.33333    C:0.20588    A:0.24510    G:0.21569
position  3:    T:0.39216    C:0.16667    A:0.23529    G:0.20588
Average         T:0.31699    C:0.19935    A:0.23203    G:0.25163

#12: MuntiacusMuntjak
position  1:    T:0.22549    C:0.22549    A:0.21569    G:0.33333
position  2:    T:0.33333    C:0.20588    A:0.24510    G:0.21569
position  3:    T:0.38235    C:0.17647    A:0.23529    G:0.20588
Average         T:0.31373    C:0.20261    A:0.23203    G:0.25163

#13: goat           
position  1:    T:0.22549    C:0.22549    A:0.21569    G:0.33333
position  2:    T:0.33333    C:0.20588    A:0.24510    G:0.21569
position  3:    T:0.37255    C:0.16667    A:0.22549    G:0.23529
Average         T:0.31046    C:0.19935    A:0.22876    G:0.26144

#14: AfricanBuffalo 
position  1:    T:0.22549    C:0.22549    A:0.21569    G:0.33333
position  2:    T:0.34314    C:0.19608    A:0.25490    G:0.20588
position  3:    T:0.39216    C:0.17647    A:0.23529    G:0.19608
Average         T:0.32026    C:0.19935    A:0.23529    G:0.24510

#15: Topi           
position  1:    T:0.22549    C:0.22549    A:0.21569    G:0.33333
position  2:    T:0.33333    C:0.20588    A:0.24510    G:0.21569
position  3:    T:0.36275    C:0.17647    A:0.22549    G:0.23529
Average         T:0.30719    C:0.20261    A:0.22876    G:0.26144

#16: CommonDuiker   
position  1:    T:0.22549    C:0.22549    A:0.21569    G:0.33333
position  2:    T:0.33333    C:0.20588    A:0.24510    G:0.21569
position  3:    T:0.38235    C:0.16667    A:0.25490    G:0.19608
Average         T:0.31373    C:0.19935    A:0.23856    G:0.24837

#17: Suni           
position  1:    T:0.21569    C:0.23529    A:0.21569    G:0.33333
position  2:    T:0.33333    C:0.20588    A:0.24510    G:0.21569
position  3:    T:0.37255    C:0.17647    A:0.24510    G:0.20588
Average         T:0.30719    C:0.20588    A:0.23529    G:0.25163

#18: Springbuck     
position  1:    T:0.22549    C:0.22549    A:0.21569    G:0.33333
position  2:    T:0.33333    C:0.20588    A:0.24510    G:0.21569
position  3:    T:0.38235    C:0.15686    A:0.23529    G:0.22549
Average         T:0.31373    C:0.19608    A:0.23203    G:0.25817

#19: Okapi          
position  1:    T:0.22549    C:0.22549    A:0.22549    G:0.32353
position  2:    T:0.33333    C:0.20588    A:0.24510    G:0.21569
position  3:    T:0.37255    C:0.16667    A:0.24510    G:0.21569
Average         T:0.31046    C:0.19935    A:0.23856    G:0.25163

#20: Giraffe        
position  1:    T:0.22549    C:0.22549    A:0.21569    G:0.33333
position  2:    T:0.33333    C:0.20588    A:0.24510    G:0.21569
position  3:    T:0.35294    C:0.19608    A:0.24510    G:0.20588
Average         T:0.30392    C:0.20915    A:0.23529    G:0.25163

#21: TibetanAntelope
position  1:    T:0.21569    C:0.23529    A:0.21569    G:0.33333
position  2:    T:0.33333    C:0.20588    A:0.24510    G:0.21569
position  3:    T:0.36275    C:0.18627    A:0.23529    G:0.21569
Average         T:0.30392    C:0.20915    A:0.23203    G:0.25490

#22: Sitatunga      
position  1:    T:0.22549    C:0.22549    A:0.21569    G:0.33333
position  2:    T:0.33333    C:0.20588    A:0.24510    G:0.21569
position  3:    T:0.39216    C:0.16667    A:0.23529    G:0.20588
Average         T:0.31699    C:0.19935    A:0.23203    G:0.25163

#23: Oribi          
position  1:    T:0.21569    C:0.23529    A:0.21569    G:0.33333
position  2:    T:0.33333    C:0.20588    A:0.25490    G:0.20588
position  3:    T:0.37255    C:0.16667    A:0.23529    G:0.22549
Average         T:0.30719    C:0.20261    A:0.23529    G:0.25490

#24: BarbarySheep   
position  1:    T:0.22549    C:0.22549    A:0.21569    G:0.33333
position  2:    T:0.33333    C:0.20588    A:0.24510    G:0.21569
position  3:    T:0.36275    C:0.17647    A:0.23529    G:0.22549
Average         T:0.30719    C:0.20261    A:0.23203    G:0.25817

#25: Daviddeer      
position  1:    T:0.22549    C:0.22549    A:0.21569    G:0.33333
position  2:    T:0.33333    C:0.20588    A:0.24510    G:0.21569
position  3:    T:0.39216    C:0.16667    A:0.23529    G:0.20588
Average         T:0.31699    C:0.19935    A:0.23203    G:0.25163

#26: Reindeer       
position  1:    T:0.22549    C:0.22549    A:0.21569    G:0.33333
position  2:    T:0.33333    C:0.20588    A:0.24510    G:0.21569
position  3:    T:0.39216    C:0.15686    A:0.24510    G:0.20588
Average         T:0.31699    C:0.19608    A:0.23529    G:0.25163

#27: Ibex           
position  1:    T:0.22549    C:0.22549    A:0.21569    G:0.33333
position  2:    T:0.33333    C:0.20588    A:0.24510    G:0.21569
position  3:    T:0.37255    C:0.16667    A:0.22549    G:0.23529
Average         T:0.31046    C:0.19935    A:0.22876    G:0.26144

#28: GyrantGazelle  
position  1:    T:0.22549    C:0.22549    A:0.21569    G:0.33333
position  2:    T:0.33333    C:0.20588    A:0.24510    G:0.21569
position  3:    T:0.37255    C:0.16667    A:0.23529    G:0.22549
Average         T:0.31046    C:0.19935    A:0.23203    G:0.25817

#29: Hartebeest     
position  1:    T:0.22549    C:0.22549    A:0.21569    G:0.33333
position  2:    T:0.33333    C:0.20588    A:0.24510    G:0.21569
position  3:    T:0.36275    C:0.17647    A:0.22549    G:0.23529
Average         T:0.30719    C:0.20261    A:0.22876    G:0.26144

#30: Bongo          
position  1:    T:0.22549    C:0.22549    A:0.21569    G:0.33333
position  2:    T:0.33333    C:0.20588    A:0.24510    G:0.21569
position  3:    T:0.39216    C:0.16667    A:0.23529    G:0.20588
Average         T:0.31699    C:0.19935    A:0.23203    G:0.25163

#31: Gerenuk        
position  1:    T:0.22549    C:0.22549    A:0.21569    G:0.33333
position  2:    T:0.33333    C:0.20588    A:0.24510    G:0.21569
position  3:    T:0.38235    C:0.15686    A:0.23529    G:0.22549
Average         T:0.31373    C:0.19608    A:0.23203    G:0.25817

#32: CommonEland    
position  1:    T:0.22549    C:0.22549    A:0.21569    G:0.33333
position  2:    T:0.33333    C:0.20588    A:0.24510    G:0.21569
position  3:    T:0.39216    C:0.16667    A:0.23529    G:0.20588
Average         T:0.31699    C:0.19935    A:0.23203    G:0.25163

#33: MuntiacusReevesi
position  1:    T:0.22549    C:0.22549    A:0.21569    G:0.33333
position  2:    T:0.33333    C:0.20588    A:0.24510    G:0.21569
position  3:    T:0.38235    C:0.18627    A:0.23529    G:0.19608
Average         T:0.31373    C:0.20588    A:0.23203    G:0.24837

#34: HarveysDuiker  
position  1:    T:0.22549    C:0.22549    A:0.21569    G:0.33333
position  2:    T:0.33333    C:0.20588    A:0.24510    G:0.21569
position  3:    T:0.38235    C:0.16667    A:0.24510    G:0.20588
Average         T:0.31373    C:0.19935    A:0.23529    G:0.25163

#35: Pronghorn      
position  1:    T:0.21569    C:0.23529    A:0.22549    G:0.32353
position  2:    T:0.33333    C:0.20588    A:0.24510    G:0.21569
position  3:    T:0.36275    C:0.18627    A:0.25490    G:0.19608
Average         T:0.30392    C:0.20915    A:0.24183    G:0.24510

#36: BlueWildebeest 
position  1:    T:0.22549    C:0.22549    A:0.21569    G:0.33333
position  2:    T:0.33333    C:0.20588    A:0.24510    G:0.21569
position  3:    T:0.35294    C:0.18627    A:0.22549    G:0.23529
Average         T:0.30392    C:0.20588    A:0.22876    G:0.26144

#37: Gemsbok        
position  1:    T:0.22549    C:0.22549    A:0.21569    G:0.33333
position  2:    T:0.33333    C:0.20588    A:0.24510    G:0.21569
position  3:    T:0.38235    C:0.16667    A:0.23529    G:0.21569
Average         T:0.31373    C:0.19935    A:0.23203    G:0.25490

#38: Yak            
position  1:    T:0.22549    C:0.22549    A:0.21569    G:0.33333
position  2:    T:0.33333    C:0.20588    A:0.24510    G:0.21569
position  3:    T:0.37255    C:0.18627    A:0.24510    G:0.19608
Average         T:0.31046    C:0.20588    A:0.23529    G:0.24837

#39: BlueSheep      
position  1:    T:0.22549    C:0.22549    A:0.21569    G:0.33333
position  2:    T:0.33333    C:0.20588    A:0.24510    G:0.21569
position  3:    T:0.37255    C:0.16667    A:0.22549    G:0.23529
Average         T:0.31046    C:0.19935    A:0.22876    G:0.26144

#40: BohorReedbuck  
position  1:    T:0.22549    C:0.22549    A:0.21569    G:0.33333
position  2:    T:0.33333    C:0.20588    A:0.24510    G:0.21569
position  3:    T:0.38235    C:0.17647    A:0.20588    G:0.23529
Average         T:0.31373    C:0.20261    A:0.22222    G:0.26144

#41: KirksDik       
position  1:    T:0.22549    C:0.22549    A:0.20588    G:0.34314
position  2:    T:0.33333    C:0.20588    A:0.24510    G:0.21569
position  3:    T:0.36275    C:0.16667    A:0.23529    G:0.23529
Average         T:0.30719    C:0.19935    A:0.22876    G:0.26471

#42: RoeDeer        
position  1:    T:0.22549    C:0.22549    A:0.21569    G:0.33333
position  2:    T:0.33333    C:0.20588    A:0.24510    G:0.21569
position  3:    T:0.35294    C:0.19608    A:0.21569    G:0.23529
Average         T:0.30392    C:0.20915    A:0.22549    G:0.26144

#43: WhiteLippedDeer
position  1:    T:0.22549    C:0.22549    A:0.21569    G:0.33333
position  2:    T:0.33333    C:0.20588    A:0.24510    G:0.21569
position  3:    T:0.39216    C:0.16667    A:0.23529    G:0.20588
Average         T:0.31699    C:0.19935    A:0.23203    G:0.25163

#44: ThomsonGazelle 
position  1:    T:0.22549    C:0.22549    A:0.21569    G:0.33333
position  2:    T:0.33333    C:0.20588    A:0.24510    G:0.21569
position  3:    T:0.38235    C:0.15686    A:0.23529    G:0.22549
Average         T:0.31373    C:0.19608    A:0.23203    G:0.25817

#45: MuntiacusCrinifrons
position  1:    T:0.22549    C:0.22549    A:0.21569    G:0.33333
position  2:    T:0.33333    C:0.20588    A:0.24510    G:0.21569
position  3:    T:0.38235    C:0.17647    A:0.23529    G:0.20588
Average         T:0.31373    C:0.20261    A:0.23203    G:0.25163

#46: WhiteTailedDeer
position  1:    T:0.22549    C:0.22549    A:0.21569    G:0.33333
position  2:    T:0.33333    C:0.20588    A:0.24510    G:0.21569
position  3:    T:0.37255    C:0.16667    A:0.23529    G:0.22549
Average         T:0.31046    C:0.19935    A:0.23203    G:0.25817

#47: Cattle         
position  1:    T:0.21569    C:0.23529    A:0.21569    G:0.33333
position  2:    T:0.33333    C:0.20588    A:0.24510    G:0.21569
position  3:    T:0.37255    C:0.18627    A:0.24510    G:0.19608
Average         T:0.30719    C:0.20915    A:0.23529    G:0.24837

#48: RoyalAntelope  
position  1:    T:0.22549    C:0.22549    A:0.21569    G:0.33333
position  2:    T:0.33333    C:0.20588    A:0.24510    G:0.21569
position  3:    T:0.35294    C:0.19608    A:0.23529    G:0.21569
Average         T:0.30392    C:0.20915    A:0.23203    G:0.25490

#49: Steenbok       
position  1:    T:0.22549    C:0.20588    A:0.21569    G:0.35294
position  2:    T:0.32353    C:0.21569    A:0.23529    G:0.22549
position  3:    T:0.36275    C:0.16667    A:0.23529    G:0.23529
Average         T:0.30392    C:0.19608    A:0.22876    G:0.27124

#50: Impala         
position  1:    T:0.22549    C:0.22549    A:0.21569    G:0.33333
position  2:    T:0.33333    C:0.20588    A:0.24510    G:0.21569
position  3:    T:0.36275    C:0.17647    A:0.24510    G:0.21569
Average         T:0.30719    C:0.20261    A:0.23529    G:0.25490

#51: Klipspringer   
position  1:    T:0.22549    C:0.22549    A:0.21569    G:0.33333
position  2:    T:0.33333    C:0.19608    A:0.24510    G:0.22549
