1
52 1
Argali 0.000000 0.176100 0.030100 0.189900 0.009500 0.000000 0.019000 0.019800 0.020000 0.061600 0.000000 0.019800 0.000000 0.039800 0.050700 0.019700 0.050500 0.071200 0.009800 0.030100 0.009900 0.019800 0.050400 0.040000 0.000000 0.009800 0.000000 0.020000 0.009500 0.030100 0.060800 0.019700 0.071500 0.185100 0.019200 0.029900 0.000000 0.000000 0.030000 0.029700 0.060800 0.009500 0.072400 0.104300 0.029900 0.009800 0.000000 0.019700 0.029900 0.061300 0.030100 0.030200
LesserMous 0.176100 0.000000 0.190500 0.202300 0.164100 0.176100 0.199000 0.201200 0.177900 0.255800 0.176100 0.176400 0.176100 0.224600 0.241900 0.199700 0.189900 0.188900 0.188400 0.190100 0.189100 0.176700 0.238900 0.226200 0.176100 0.187600 0.176100 0.177900 0.187600 0.190500 0.252600 0.199400 0.214600 0.397600 0.200600 0.189300 0.176100 0.176100 0.215200 0.212500 0.252100 0.187600 0.269800 0.309900 0.189300 0.188100 0.176100 0.199800 0.213600 0.216300 0.165800 0.191300
LesserKudu 0.030100 0.190500 0.000000 0.188800 0.020000 0.030100 0.050300 0.050800 0.009900 0.072100 0.030100 0.030100 0.030100 0.071500 0.050600 0.050500 0.082900 0.082700 0.040400 0.019500 0.040500 0.050800 0.082800 0.071900 0.030100 0.040200 0.030100 0.009900 0.040200 0.019900 0.093700 0.050400 0.093600 0.224100 0.050700 0.030200 0.030100 0.030100 0.051100 0.061000 0.071900 0.040200 0.083000 0.139400 0.030200 0.040300 0.030100 0.050500 0.061300 0.061900 0.019900 0.020000
KillerWhal 0.189900 0.202300 0.188800 0.000000 0.201900 0.189900 0.213200 0.215500 0.188700 0.240500 0.189900 0.215000 0.189900 0.239400 0.199100 0.213800 0.179800 0.203400 0.202300 0.200800 0.203300 0.190800 0.253600 0.215500 0.189900 0.201600 0.189900 0.188700 0.201600 0.201400 0.267600 0.213600 0.191700 0.371800 0.189600 0.215400 0.189900 0.189900 0.201400 0.176900 0.253700 0.201600 0.254300 0.269900 0.215400 0.202100 0.189900 0.213900 0.214800 0.230900 0.176700 0.202200
DefassaWat 0.009500 0.164100 0.020000 0.201900 0.000000 0.009600 0.029600 0.028200 0.009900 0.072300 0.009800 0.009800 0.009800 0.050000 0.061200 0.029700 0.060800 0.060700 0.019800 0.020000 0.019800 0.029800 0.060800 0.050300 0.009500 0.018800 0.009800 0.009600 0.019700 0.020000 0.071400 0.029600 0.082000 0.197100 0.029800 0.019900 0.009800 0.009500 0.040300 0.039800 0.071300 0.019700 0.083200 0.115500 0.019900 0.019700 0.009800 0.029700 0.040000 0.050900 0.020000 0.020100
Sheep 0.000000 0.176100 0.030100 0.189900 0.009600 0.000000 0.019600 0.019800 0.020000 0.061600 0.000000 0.019800 0.000000 0.039800 0.050700 0.019200 0.050500 0.071200 0.009500 0.030100 0.009500 0.019000 0.050400 0.040000 0.000000 0.009500 0.000000 0.020000 0.009500 0.030100 0.060800 0.019100 0.071500 0.185100 0.019800 0.029900 0.000000 0.000000 0.030000 0.029700 0.060800 0.009800 0.072400 0.104300 0.029900 0.009800 0.000000 0.019700 0.029900 0.061300 0.030100 0.030200
MaxwellsDu 0.019000 0.199000 0.050300 0.213200 0.029600 0.019600 0.000000 0.039700 0.040000 0.082400 0.018800 0.039700 0.019600 0.039500 0.071300 0.019600 0.070900 0.091800 0.029600 0.050300 0.029700 0.039700 0.070800 0.060200 0.019600 0.009500 0.019600 0.039600 0.009700 0.050300 0.081400 0.019500 0.092200 0.208100 0.039700 0.050000 0.019600 0.018700 0.050200 0.049700 0.081300 0.009400 0.093400 0.125800 0.050000 0.029600 0.018900 0.039500 0.050000 0.082100 0.050300 0.050500
GazellaPrz 0.019800 0.201200 0.050800 0.215500 0.028200 0.019800 0.039700 0.000000 0.040400 0.083000 0.019800 0.040000 0.019800 0.039700 0.071900 0.018900 0.071600 0.092600 0.029900 0.050700 0.029900 0.040100 0.071400 0.060700 0.019800 0.029800 0.019800 0.040400 0.029800 0.050800 0.082100 0.039800 0.093000 0.210100 0.040000 0.050500 0.019800 0.019800 0.050700 0.050200 0.082000 0.029800 0.094100 0.126900 0.050500 0.028200 0.019800 0.039900 0.050400 0.082800 0.050700 0.050900
MountainNy 0.020000 0.177900 0.009900 0.188700 0.009900 0.020000 0.040000 0.040400 0.000000 0.061400 0.020000 0.019200 0.020000 0.060900 0.050600 0.040200 0.072100 0.071900 0.030100 0.009900 0.030200 0.040400 0.072100 0.061200 0.020000 0.030000 0.020000 0.000000 0.030000 0.009500 0.082800 0.040100 0.082600 0.211400 0.040300 0.020000 0.020000 0.020000 0.051100 0.050500 0.082800 0.030000 0.072300 0.128000 0.020000 0.030000 0.019300 0.040200 0.050800 0.051300 0.009900 0.009900
MuntiacusM 0.061600 0.255800 0.072100 0.240500 0.072300 0.061600 0.082400 0.083000 0.061400 0.000000 0.061600 0.083000 0.061600 0.104600 0.082700 0.082600 0.116200 0.138800 0.061600 0.072100 0.071900 0.083100 0.040700 0.105100 0.061600 0.072000 0.061500 0.061400 0.072000 0.072100 0.019900 0.082500 0.127400 0.264900 0.083000 0.083200 0.061600 0.061600 0.083600 0.093600 0.051100 0.072000 0.009900 0.164200 0.083200 0.072100 0.061600 0.061200 0.051000 0.117400 0.072000 0.072300
goat 0.000000 0.176100 0.030100 0.189900 0.009800 0.000000 0.018800 0.019800 0.020000 0.061600 0.000000 0.019800 0.000000 0.039800 0.050700 0.019700 0.050500 0.071200 0.009800 0.027900 0.009900 0.019800 0.050400 0.040000 0.000000 0.009800 0.000000 0.020000 0.009500 0.030100 0.060800 0.019700 0.071500 0.185100 0.019800 0.029900 0.000000 0.000000 0.030000 0.028100 0.060800 0.009800 0.072400 0.104300 0.029900 0.009500 0.000000 0.019100 0.029900 0.061300 0.030100 0.030200
AfricanBuf 0.019800 0.176400 0.030100 0.215000 0.009800 0.019800 0.039700 0.040000 0.019200 0.083000 0.019800 0.000000 0.019800 0.060300 0.064900 0.039800 0.071500 0.050300 0.029800 0.030100 0.029900 0.040200 0.071300 0.060700 0.019800 0.029700 0.019800 0.020000 0.029700 0.030100 0.082000 0.039700 0.092900 0.209500 0.040000 0.009900 0.019200 0.019800 0.050600 0.050100 0.082000 0.029700 0.094100 0.126700 0.009900 0.029800 0.019800 0.039800 0.050300 0.061400 0.030100 0.030300
Topi 0.000000 0.176100 0.030100 0.189900 0.009800 0.000000 0.019600 0.019800 0.020000 0.061600 0.000000 0.019800 0.000000 0.039800 0.050700 0.019700 0.050500 0.071200 0.009800 0.030100 0.009900 0.019800 0.050400 0.040000 0.000000 0.009800 0.000000 0.020000 0.009800 0.030100 0.060800 0.019000 0.071500 0.185100 0.019800 0.029900 0.000000 0.000000 0.030000 0.029700 0.060800 0.009500 0.072400 0.104300 0.029900 0.009800 0.000000 0.019700 0.029900 0.061300 0.030100 0.030200
CommonDuik 0.039800 0.224600 0.071500 0.239400 0.050000 0.039800 0.039500 0.039700 0.060900 0.104600 0.039800 0.060300 0.039800 0.000000 0.093000 0.039500 0.092400 0.092200 0.050100 0.071500 0.050100 0.060400 0.092400 0.081400 0.039800 0.049900 0.039800 0.060900 0.049900 0.071500 0.103300 0.039600 0.114200 0.233500 0.060300 0.071100 0.039800 0.039800 0.071300 0.070600 0.103200 0.049900 0.116000 0.149000 0.071000 0.049900 0.039800 0.060100 0.070900 0.104100 0.071400 0.071800
Suni 0.050700 0.241900 0.050600 0.199100 0.061200 0.050700 0.071300 0.071900 0.050600 0.082700 0.050700 0.064900 0.050700 0.093000 0.000000 0.071600 0.105000 0.126900 0.040300 0.056100 0.061400 0.050900 0.082700 0.093500 0.050700 0.061000 0.050600 0.050600 0.061000 0.061100 0.104700 0.071400 0.115900 0.250600 0.071800 0.072000 0.050700 0.050700 0.050500 0.082300 0.082600 0.061000 0.093600 0.163100 0.072000 0.061200 0.050700 0.071600 0.082700 0.105500 0.061000 0.061300
Springbuck 0.019700 0.199700 0.050500 0.213800 0.029700 0.019200 0.019600 0.018900 0.040200 0.082600 0.019700 0.039800 0.019700 0.039500 0.071600 0.000000 0.071200 0.092100 0.029700 0.050500 0.029800 0.039800 0.071000 0.060400 0.019700 0.009800 0.019000 0.040200 0.009400 0.050500 0.081700 0.039600 0.092500 0.209100 0.039800 0.050200 0.019700 0.019700 0.050400 0.049900 0.081600 0.009800 0.093600 0.126300 0.050200 0.029700 0.019000 0.039700 0.050200 0.082300 0.050400 0.050700
Okapi 0.050500 0.189900 0.082900 0.179800 0.060800 0.050500 0.070900 0.071600 0.072100 0.116200 0.050500 0.071500 0.050500 0.092400 0.105000 0.071200 0.000000 0.040400 0.060900 0.082700 0.061100 0.071700 0.103800 0.071600 0.050500 0.060700 0.050500 0.072100 0.060700 0.072100 0.115000 0.071000 0.061600 0.223700 0.071400 0.082500 0.050500 0.050500 0.082700 0.060800 0.115000 0.060700 0.128100 0.138800 0.082500 0.060800 0.050500 0.071200 0.082200 0.094300 0.061500 0.083200
Giraffe 0.071200 0.188900 0.082700 0.203400 0.060700 0.071200 0.091800 0.092600 0.071900 0.138800 0.071200 0.050300 0.071200 0.092200 0.126900 0.092100 0.040400 0.000000 0.081800 0.082600 0.082000 0.092700 0.125700 0.092700 0.071200 0.081500 0.071200 0.071900 0.081500 0.082700 0.137100 0.092000 0.082500 0.248100 0.092500 0.060900 0.071200 0.071200 0.104200 0.081600 0.137000 0.081500 0.150800 0.161500 0.060900 0.081700 0.071200 0.092100 0.103500 0.094000 0.061300 0.083000
TibetanAnt 0.009800 0.188400 0.040400 0.202300 0.019800 0.009500 0.029600 0.029900 0.030100 0.061600 0.009800 0.029800 0.009800 0.050100 0.040300 0.029700 0.060900 0.081800 0.000000 0.040400 0.019800 0.028700 0.040100 0.050300 0.009500 0.019700 0.009800 0.030100 0.019700 0.040400 0.060800 0.029700 0.082100 0.197500 0.029800 0.040200 0.009500 0.009800 0.019900 0.039900 0.050400 0.019700 0.072400 0.115600 0.040200 0.019800 0.009800 0.029700 0.040100 0.072100 0.040400 0.040600
Sitatunga 0.030100 0.190100 0.019500 0.200800 0.020000 0.030100 0.050300 0.050700 0.009900 0.072100 0.027900 0.030100 0.030100 0.071500 0.056100 0.050500 0.082700 0.082600 0.040400 0.000000 0.040400 0.050800 0.082900 0.071900 0.030100 0.040200 0.030100 0.009900 0.040200 0.019900 0.093800 0.050400 0.093400 0.224100 0.050700 0.030200 0.030100 0.030100 0.061700 0.061000 0.093700 0.040200 0.083100 0.139500 0.030200 0.040300 0.030100 0.050500 0.061300 0.061900 0.019900 0.020000
Oribi 0.009900 0.189100 0.040500 0.203300 0.019800 0.009500 0.029700 0.029900 0.030200 0.071900 0.009900 0.029900 0.009900 0.050100 0.061400 0.029800 0.061100 0.082000 0.019800 0.040400 0.000000 0.029900 0.060900 0.050400 0.009500 0.019800 0.009900 0.030200 0.019800 0.040100 0.071500 0.029700 0.082400 0.197900 0.029900 0.040200 0.009900 0.009500 0.040400 0.040000 0.071500 0.019100 0.083400 0.115800 0.040200 0.019800 0.009900 0.029800 0.037100 0.060900 0.040400 0.030000
BarbaryShe 0.019800 0.176700 0.050800 0.190800 0.029800 0.019000 0.039700 0.040100 0.040400 0.083100 0.019800 0.040200 0.019800 0.060400 0.050900 0.039800 0.071700 0.092700 0.028700 0.050800 0.029900 0.000000 0.071400 0.060700 0.019800 0.027800 0.019100 0.040400 0.029800 0.050800 0.082100 0.039800 0.093200 0.209600 0.037400 0.050500 0.019800 0.019200 0.050700 0.050100 0.082000 0.029800 0.094300 0.126800 0.050500 0.029800 0.019800 0.039800 0.049900 0.082900 0.050700 0.051000
Daviddeer 0.050400 0.238900 0.082800 0.253600 0.060800 0.050400 0.070800 0.071400 0.072100 0.040700 0.050400 0.071300 0.050400 0.092400 0.082700 0.071000 0.103800 0.125700 0.040100 0.082900 0.060900 0.071400 0.000000 0.071500 0.050400 0.060600 0.050400 0.072100 0.060800 0.082800 0.040200 0.070900 0.125900 0.248100 0.050400 0.082300 0.050400 0.050400 0.061200 0.081700 0.009600 0.060600 0.051200 0.127600 0.082300 0.060700 0.050400 0.049300 0.040100 0.116100 0.082700 0.083100
Reindeer 0.040000 0.226200 0.071900 0.215500 0.050300 0.040000 0.060200 0.060700 0.061200 0.105100 0.040000 0.060700 0.040000 0.081400 0.093500 0.060400 0.071600 0.092700 0.050300 0.071900 0.050400 0.060700 0.071500 0.000000 0.040000 0.050100 0.040000 0.061200 0.050100 0.071900 0.082200 0.060300 0.093000 0.210300 0.040000 0.071400 0.040000 0.037200 0.071700 0.050200 0.082200 0.050100 0.116600 0.060900 0.071400 0.050200 0.040000 0.060400 0.071300 0.082900 0.071800 0.072100
Ibex 0.000000 0.176100 0.030100 0.189900 0.009500 0.000000 0.019600 0.019800 0.020000 0.061600 0.000000 0.019800 0.000000 0.039800 0.050700 0.019700 0.050500 0.071200 0.009500 0.030100 0.009500 0.019800 0.050400 0.040000 0.000000 0.009800 0.000000 0.020000 0.009400 0.030100 0.060800 0.019700 0.071500 0.185100 0.019800 0.029900 0.000000 0.000000 0.030000 0.029700 0.060800 0.009500 0.072400 0.104300 0.029900 0.009500 0.000000 0.019700 0.029900 0.061300 0.030100 0.030200
GyrantGaze 0.009800 0.187600 0.040200 0.201600 0.018800 0.009500 0.009500 0.029800 0.030000 0.072000 0.009800 0.029700 0.009800 0.049900 0.061000 0.009800 0.060700 0.081500 0.019700 0.040200 0.019800 0.027800 0.060600 0.050100 0.009800 0.000000 0.009500 0.028300 0.000000 0.040200 0.071100 0.029600 0.081800 0.196800 0.029700 0.040000 0.009800 0.009500 0.040100 0.039700 0.071100 0.000000 0.082900 0.115100 0.040000 0.019700 0.009800 0.029600 0.039900 0.071700 0.040200 0.040400
Hartebeest 0.000000 0.176100 0.030100 0.189900 0.009800 0.000000 0.019600 0.019800 0.020000 0.061500 0.000000 0.019800 0.000000 0.039800 0.050600 0.019000 0.050500 0.071200 0.009800 0.030100 0.009900 0.019100 0.050400 0.040000 0.000000 0.009500 0.000000 0.020000 0.009800 0.030100 0.060800 0.019700 0.071500 0.185100 0.019800 0.029900 0.000000 0.000000 0.030000 0.029700 0.060800 0.009800 0.072400 0.104300 0.029900 0.009800 0.000000 0.019700 0.029900 0.061300 0.030100 0.030200
Bongo 0.020000 0.177900 0.009900 0.188700 0.009600 0.020000 0.039600 0.040400 0.000000 0.061400 0.020000 0.020000 0.020000 0.060900 0.050600 0.040200 0.072100 0.071900 0.030100 0.009900 0.030200 0.040400 0.072100 0.061200 0.020000 0.028300 0.020000 0.000000 0.030000 0.009300 0.082800 0.040000 0.082600 0.211400 0.040300 0.020000 0.020000 0.020000 0.051100 0.050500 0.082800 0.030000 0.072300 0.128000 0.020000 0.030000 0.020000 0.040200 0.050800 0.051300 0.009600 0.009900
Gerenuk 0.009500 0.187600 0.040200 0.201600 0.019700 0.009500 0.009700 0.029800 0.030000 0.072000 0.009500 0.029700 0.009800 0.049900 0.061000 0.009400 0.060700 0.081500 0.019700 0.040200 0.019800 0.029800 0.060800 0.050100 0.009400 0.000000 0.009800 0.030000 0.000000 0.040200 0.071100 0.029600 0.081800 0.196800 0.029700 0.040000 0.009600 0.009800 0.040100 0.039700 0.071100 0.000000 0.082900 0.115100 0.040000 0.019700 0.009500 0.029600 0.039900 0.071700 0.040200 0.040400
CommonElan 0.030100 0.190500 0.019900 0.201400 0.020000 0.030100 0.050300 0.050800 0.009500 0.072100 0.030100 0.030100 0.030100 0.071500 0.061100 0.050500 0.072100 0.082700 0.040400 0.019900 0.040100 0.050800 0.082800 0.071900 0.030100 0.040200 0.030100 0.009300 0.040200 0.000000 0.093700 0.050400 0.093600 0.224100 0.050700 0.030200 0.030100 0.030100 0.061700 0.061000 0.093700 0.040200 0.083000 0.139400 0.030200 0.040300 0.030100 0.050500 0.061300 0.061900 0.019900 0.020000
MuntiacusR 0.060800 0.252600 0.093700 0.267600 0.071400 0.060800 0.081400 0.082100 0.082800 0.019900 0.060800 0.082000 0.060800 0.103300 0.104700 0.081700 0.115000 0.137100 0.060800 0.093800 0.071500 0.082100 0.040200 0.082200 0.060800 0.071100 0.060800 0.082800 0.071100 0.093700 0.000000 0.081500 0.137400 0.261900 0.082000 0.093100 0.060800 0.060800 0.082600 0.092500 0.050500 0.071100 0.030000 0.139000 0.093100 0.071300 0.060800 0.060500 0.050400 0.127400 0.093600 0.094100
HarveysDui 0.019700 0.199400 0.050400 0.213600 0.029600 0.019100 0.019500 0.039800 0.040100 0.082500 0.019700 0.039700 0.019000 0.039600 0.071400 0.039600 0.071000 0.092000 0.029700 0.050400 0.029700 0.039800 0.070900 0.060300 0.019700 0.029600 0.019700 0.040000 0.029600 0.050400 0.081500 0.000000 0.092700 0.196100 0.039700 0.050100 0.019700 0.019700 0.050300 0.049800 0.081500 0.029600 0.093500 0.126000 0.050100 0.029600 0.019700 0.039600 0.050000 0.082200 0.050300 0.050600
Pronghorn 0.071500 0.214600 0.093600 0.191700 0.082000 0.071500 0.092200 0.093000 0.082600 0.127400 0.071500 0.092900 0.071500 0.114200 0.115900 0.092500 0.061600 0.082500 0.082100 0.093400 0.082400 0.093200 0.125900 0.093000 0.071500 0.081800 0.071500 0.082600 0.081800 0.093600 0.137400 0.092700 0.000000 0.235700 0.092900 0.082300 0.071500 0.071500 0.104500 0.082000 0.137400 0.081800 0.116500 0.161800 0.082300 0.082000 0.071500 0.092500 0.103800 0.094000 0.072000 0.093900
BlueWildeb 0.185100 0.397600 0.224100 0.371800 0.197100 0.185100 0.208100 0.210100 0.211400 0.264900 0.185100 0.209500 0.185100 0.233500 0.250600 0.209100 0.223700 0.248100 0.197500 0.224100 0.197900 0.209600 0.248100 0.210300 0.185100 0.196800 0.185100 0.211400 0.196800 0.224100 0.261900 0.196100 0.235700 0.000000 0.209500 0.222600 0.185100 0.185100 0.223900 0.173300 0.261000 0.196800 0.278500 0.291600 0.222600 0.197200 0.185100 0.209200 0.222900 0.237800 0.223900 0.224900
Gemsbok 0.019200 0.200600 0.050700 0.189600 0.029800 0.019800 0.039700 0.040000 0.040300 0.083000 0.019800 0.040000 0.019800 0.060300 0.071800 0.039800 0.071400 0.092500 0.029800 0.050700 0.029900 0.037400 0.050400 0.040000 0.019800 0.029700 0.019800 0.040300 0.029700 0.050700 0.082000 0.039700 0.092900 0.209500 0.000000 0.050400 0.019800 0.019800 0.050600 0.050100 0.060900 0.029700 0.094100 0.104500 0.050400 0.029800 0.019800 0.039800 0.050300 0.082700 0.050600 0.050900
Yak 0.029900 0.189300 0.030200 0.215400 0.019900 0.029900 0.050000 0.050500 0.020000 0.083200 0.029900 0.009900 0.029900 0.071100 0.072000 0.050200 0.082500 0.060900 0.040200 0.030200 0.040200 0.050500 0.082300 0.071400 0.029900 0.040000 0.029900 0.020000 0.040000 0.030200 0.093100 0.050100 0.082300 0.222600 0.050400 0.000000 0.029900 0.029900 0.061300 0.060600 0.093100 0.040000 0.094300 0.138500 0.000000 0.040000 0.029900 0.050200 0.060900 0.051000 0.030200 0.030300
BlueSheep 0.000000 0.176100 0.030100 0.189900 0.009800 0.000000 0.019600 0.019800 0.020000 0.061600 0.000000 0.019200 0.000000 0.039800 0.050700 0.019700 0.050500 0.071200 0.009500 0.030100 0.009900 0.019800 0.050400 0.040000 0.000000 0.009800 0.000000 0.020000 0.009600 0.030100 0.060800 0.019700 0.071500 0.185100 0.019800 0.029900 0.000000 0.000000 0.030000 0.029100 0.060800 0.009800 0.072400 0.104300 0.029900 0.009800 0.000000 0.019200 0.028700 0.055900 0.030100 0.030200
BohorReedb 0.000000 0.176100 0.030100 0.189900 0.009500 0.000000 0.018700 0.019800 0.020000 0.061600 0.000000 0.019800 0.000000 0.039800 0.050700 0.019700 0.050500 0.071200 0.009800 0.030100 0.009500 0.019200 0.050400 0.037200 0.000000 0.009500 0.000000 0.020000 0.009800 0.030100 0.060800 0.019700 0.071500 0.185100 0.019800 0.029900 0.000000 0.000000 0.030000 0.029300 0.060800 0.009500 0.072400 0.104300 0.029900 0.009800 0.000000 0.019700 0.029900 0.061300 0.030100 0.030200
KirksDik 0.030000 0.215200 0.051100 0.201400 0.040300 0.030000 0.050200 0.050700 0.051100 0.083600 0.030000 0.050600 0.030000 0.071300 0.050500 0.050400 0.082700 0.104200 0.019900 0.061700 0.040400 0.050700 0.061200 0.071700 0.030000 0.040100 0.030000 0.051100 0.040100 0.061700 0.082600 0.050300 0.104500 0.223900 0.050600 0.061300 0.030000 0.030000 0.000000 0.050400 0.061200 0.040100 0.094800 0.127700 0.061300 0.040200 0.030000 0.050400 0.040000 0.094400 0.061600 0.061900
RoeDeer 0.029700 0.212500 0.061000 0.176900 0.039800 0.029700 0.049700 0.050200 0.050500 0.093600 0.028100 0.050100 0.029700 0.070600 0.082300 0.049900 0.060800 0.081600 0.039900 0.061000 0.040000 0.050100 0.081700 0.050200 0.029700 0.039700 0.029700 0.050500 0.039700 0.061000 0.092500 0.049800 0.082000 0.173300 0.050100 0.060600 0.029100 0.029300 0.050400 0.000000 0.092400 0.039700 0.104800 0.093100 0.060600 0.039800 0.029700 0.049900 0.050100 0.071800 0.060900 0.061200
WhiteLippe 0.060800 0.252100 0.071900 0.253700 0.071300 0.060800 0.081300 0.082000 0.082800 0.051100 0.060800 0.082000 0.060800 0.103200 0.082600 0.081600 0.115000 0.137000 0.050400 0.093700 0.071500 0.082000 0.009600 0.082200 0.060800 0.071100 0.060800 0.082800 0.071100 0.093700 0.050500 0.081500 0.137400 0.261000 0.060900 0.093100 0.060800 0.060800 0.061200 0.092400 0.000000 0.071100 0.061800 0.138800 0.093100 0.071200 0.060800 0.060400 0.050400 0.127300 0.093600 0.094000
ThomsonGaz 0.009500 0.187600 0.040200 0.201600 0.019700 0.009800 0.009400 0.029800 0.030000 0.072000 0.009800 0.029700 0.009500 0.049900 0.061000 0.009800 0.060700 0.081500 0.019700 0.040200 0.019100 0.029800 0.060600 0.050100 0.009500 0.000000 0.009800 0.030000 0.000000 0.040200 0.071100 0.029600 0.081800 0.196800 0.029700 0.040000 0.009800 0.009500 0.040100 0.039700 0.071100 0.000000 0.082900 0.115100 0.040000 0.019700 0.009500 0.029600 0.039900 0.071600 0.040200 0.040400
MuntiacusC 0.072400 0.269800 0.083000 0.254300 0.083200 0.072400 0.093400 0.094100 0.072300 0.009900 0.072400 0.094100 0.072400 0.116000 0.093600 0.093600 0.128100 0.150800 0.072400 0.083100 0.083400 0.094300 0.051200 0.116600 0.072400 0.082900 0.072400 0.072300 0.082900 0.083000 0.030000 0.093500 0.116500 0.278500 0.094100 0.094300 0.072400 0.072400 0.094800 0.104800 0.061800 0.082900 0.000000 0.176500 0.094300 0.083000 0.072400 0.071900 0.061500 0.129100 0.082900 0.083400
WhiteTaile 0.104300 0.309900 0.139400 0.269900 0.115500 0.104300 0.125800 0.126900 0.128000 0.164200 0.104300 0.126700 0.104300 0.149000 0.163100 0.126300 0.138800 0.161500 0.115600 0.139500 0.115800 0.126800 0.127600 0.060900 0.104300 0.115100 0.104300 0.128000 0.115100 0.139400 0.139000 0.126000 0.161800 0.291600 0.104500 0.138500 0.104300 0.104300 0.127700 0.093100 0.138800 0.115100 0.176500 0.000000 0.138500 0.115300 0.104300 0.115000 0.115700 0.151700 0.139300 0.140000
Cattle 0.029900 0.189300 0.030200 0.215400 0.019900 0.029900 0.050000 0.050500 0.020000 0.083200 0.029900 0.009900 0.029900 0.071000 0.072000 0.050200 0.082500 0.060900 0.040200 0.030200 0.040200 0.050500 0.082300 0.071400 0.029900 0.040000 0.029900 0.020000 0.040000 0.030200 0.093100 0.050100 0.082300 0.222600 0.050400 0.000000 0.029900 0.029900 0.061300 0.060600 0.093100 0.040000 0.094300 0.138500 0.000000 0.040000 0.029900 0.050200 0.060900 0.051000 0.030200 0.030300
RoyalAntel 0.009800 0.188100 0.040300 0.202100 0.019700 0.009800 0.029600 0.028200 0.030000 0.072100 0.009500 0.029800 0.009800 0.049900 0.061200 0.029700 0.060800 0.081700 0.019800 0.040300 0.019800 0.029800 0.060700 0.050200 0.009500 0.019700 0.009800 0.030000 0.019700 0.040300 0.071300 0.029600 0.082000 0.197200 0.029800 0.040000 0.009800 0.009800 0.040200 0.039800 0.071200 0.019700 0.083000 0.115300 0.040000 0.000000 0.009800 0.029700 0.040000 0.071800 0.040200 0.040400
Steenbok 0.000000 0.176100 0.030100 0.189900 0.009800 0.000000 0.018900 0.019800 0.019300 0.061600 0.000000 0.019800 0.000000 0.039800 0.050700 0.019000 0.050500 0.071200 0.009800 0.030100 0.009900 0.019800 0.050400 0.040000 0.000000 0.009800 0.000000 0.020000 0.009500 0.030100 0.060800 0.019700 0.071500 0.185100 0.019800 0.029900 0.000000 0.000000 0.030000 0.029700 0.060800 0.009500 0.072400 0.104300 0.029900 0.009800 0.000000 0.019700 0.029900 0.055700 0.030100 0.030200
Impala 0.019700 0.199800 0.050500 0.213900 0.029700 0.019700 0.039500 0.039900 0.040200 0.061200 0.019100 0.039800 0.019700 0.060100 0.071600 0.039700 0.071200 0.092100 0.029700 0.050500 0.029800 0.039800 0.049300 0.060400 0.019700 0.029600 0.019700 0.040200 0.029600 0.050500 0.060500 0.039600 0.092500 0.209200 0.039800 0.050200 0.019200 0.019700 0.050400 0.049900 0.060400 0.029600 0.071900 0.115000 0.050200 0.029700 0.019700 0.000000 0.029700 0.082300 0.050400 0.050700
Klipspring 0.029900 0.213600 0.061300 0.214800 0.040000 0.029900 0.050000 0.050400 0.050800 0.051000 0.029900 0.050300 0.029900 0.070900 0.082700 0.050200 0.082200 0.103500 0.040100 0.061300 0.037100 0.049900 0.040100 0.071300 0.029900 0.039900 0.029900 0.050800 0.039900 0.061300 0.050400 0.050000 0.103800 0.222900 0.050300 0.060900 0.028700 0.029900 0.040000 0.050100 0.050400 0.039900 0.061500 0.115700 0.060900 0.040000 0.029900 0.029700 0.000000 0.093800 0.061200 0.061500
ForestMusk 0.061300 0.216300 0.061900 0.230900 0.050900 0.061300 0.082100 0.082800 0.051300 0.117400 0.061300 0.061400 0.061300 0.104100 0.105500 0.082300 0.094300 0.094000 0.072100 0.061900 0.060900 0.082900 0.116100 0.082900 0.061300 0.071700 0.061300 0.051300 0.071700 0.061900 0.127400 0.082200 0.094000 0.237800 0.082700 0.051000 0.055900 0.061300 0.094400 0.071800 0.127300 0.071600 0.129100 0.151700 0.051000 0.071800 0.055700 0.082300 0.093800 0.000000 0.061800 0.040600
Bushbuck 0.030100 0.165800 0.019900 0.176700 0.020000 0.030100 0.050300 0.050700 0.009900 0.072000 0.030100 0.030100 0.030100 0.071400 0.061000 0.050400 0.061500 0.061300 0.040400 0.019900 0.040400 0.050700 0.082700 0.071800 0.030100 0.040200 0.030100 0.009600 0.040200 0.019900 0.093600 0.050300 0.072000 0.223900 0.050600 0.030200 0.030100 0.030100 0.061600 0.060900 0.093600 0.040200 0.082900 0.139300 0.030200 0.040200 0.030100 0.050400 0.061200 0.061800 0.000000 0.020000
GreaterKud 0.030200 0.191300 0.020000 0.202200 0.020100 0.030200 0.050500 0.050900 0.009900 0.072300 0.030200 0.030300 0.030200 0.071800 0.061300 0.050700 0.083200 0.083000 0.040600 0.020000 0.030000 0.051000 0.083100 0.072100 0.030200 0.040400 0.030200 0.009900 0.040400 0.020000 0.094100 0.050600 0.093900 0.224900 0.050900 0.030300 0.030200 0.030200 0.061900 0.061200 0.094000 0.040400 0.083400 0.140000 0.030300 0.040400 0.030200 0.050700 0.061500 0.040600 0.020000 0.000000
