1
52 1
Argali 0.000000 0.167200 0.160800 0.173800 0.099800 0.011500 0.114400 0.116100 0.145700 0.129800 0.023400 0.145500 0.283700 0.114400 0.175100 0.099000 0.156100 0.185900 0.088300 0.158600 0.140000 0.023400 0.142600 0.130000 0.023400 0.128500 0.283700 0.159100 0.127900 0.145700 0.129800 0.129000 0.158700 0.283700 0.099400 0.129800 0.023400 0.099800 0.111100 0.156700 0.130000 0.128500 0.130000 0.130000 0.129800 0.100400 0.116100 0.087200 0.116200 0.115300 0.145700 0.145700
LesserMous 0.167200 0.000000 0.119000 0.102200 0.115700 0.152200 0.103000 0.104500 0.104600 0.102800 0.140100 0.104400 0.274500 0.103000 0.164600 0.114300 0.115500 0.115700 0.103900 0.117300 0.157400 0.140100 0.088900 0.103300 0.140100 0.117100 0.274500 0.090300 0.116500 0.104600 0.102800 0.117500 0.089700 0.274500 0.115200 0.089700 0.140100 0.115700 0.127100 0.129600 0.103300 0.117100 0.103300 0.103300 0.089700 0.116300 0.104500 0.075600 0.133000 0.075900 0.104600 0.104600
LesserKudu 0.160800 0.119000 0.000000 0.067000 0.079800 0.145200 0.066600 0.067900 0.040200 0.039700 0.132600 0.040100 0.267900 0.066600 0.157800 0.079000 0.052600 0.080200 0.095300 0.053400 0.093600 0.132600 0.052600 0.039600 0.132600 0.081100 0.267900 0.053500 0.080600 0.040200 0.039700 0.053300 0.026300 0.267900 0.079400 0.025400 0.132600 0.079800 0.092000 0.065900 0.039600 0.081100 0.039600 0.039400 0.025600 0.080400 0.067900 0.066000 0.067800 0.039300 0.040200 0.040200
KillerWhal 0.173800 0.102200 0.067000 0.000000 0.092300 0.158000 0.079300 0.080600 0.052900 0.052300 0.145500 0.052800 0.283800 0.079300 0.170700 0.091300 0.065000 0.078400 0.108100 0.065900 0.134900 0.145500 0.065100 0.052200 0.145500 0.093600 0.283800 0.066100 0.093100 0.052900 0.052300 0.094000 0.052500 0.283800 0.091900 0.038900 0.145500 0.092300 0.104300 0.078500 0.052200 0.093600 0.052200 0.052200 0.038900 0.092900 0.080600 0.078600 0.109400 0.051800 0.052900 0.052900
DefassaWat 0.099800 0.115700 0.079800 0.092300 0.000000 0.085800 0.037600 0.038400 0.065700 0.064700 0.073900 0.065500 0.199900 0.037600 0.124300 0.049600 0.077200 0.105000 0.037800 0.078500 0.089800 0.073900 0.077500 0.064800 0.073900 0.050900 0.199900 0.078700 0.050700 0.065700 0.064700 0.050900 0.078600 0.199900 0.024500 0.051500 0.073900 0.000000 0.062000 0.090900 0.064800 0.050900 0.064800 0.064800 0.051500 0.024900 0.038400 0.037500 0.038200 0.038100 0.065700 0.065700
Sheep 0.011500 0.152200 0.145200 0.158000 0.085800 0.000000 0.100100 0.101700 0.130500 0.115100 0.011400 0.130300 0.266000 0.099900 0.159800 0.085400 0.141000 0.170000 0.074300 0.143200 0.125500 0.011500 0.127800 0.115300 0.011400 0.113900 0.266000 0.143600 0.113400 0.130500 0.115100 0.114000 0.143300 0.266000 0.085500 0.115200 0.011400 0.085300 0.097400 0.141500 0.115300 0.113900 0.115300 0.115300 0.115200 0.086600 0.101700 0.073700 0.101400 0.101000 0.130500 0.130500
MaxwellsDu 0.114400 0.103000 0.066600 0.079300 0.037600 0.100100 0.000000 0.025700 0.052700 0.051900 0.087900 0.052500 0.187300 0.000000 0.112000 0.037300 0.064500 0.092000 0.051400 0.065600 0.077100 0.087900 0.064700 0.052000 0.087900 0.038300 0.187300 0.065800 0.038100 0.052700 0.051900 0.012600 0.065600 0.187300 0.037100 0.038700 0.087900 0.037600 0.049700 0.078100 0.052000 0.038300 0.052000 0.052000 0.038700 0.038000 0.025700 0.025100 0.052000 0.025500 0.052700 0.052700
GazellaPrz 0.116100 0.104500 0.067900 0.080600 0.038400 0.101700 0.025700 0.000000 0.026400 0.052800 0.089400 0.053500 0.219600 0.025700 0.113900 0.037800 0.065500 0.093600 0.052500 0.039400 0.051300 0.089400 0.065800 0.052800 0.089400 0.025600 0.219600 0.039500 0.012700 0.026400 0.052800 0.039100 0.066800 0.219600 0.038200 0.039400 0.089400 0.038400 0.050500 0.079400 0.052800 0.025600 0.052800 0.052800 0.039400 0.038500 0.000000 0.025500 0.053100 0.025900 0.026400 0.026400
MountainNy 0.145700 0.104600 0.040200 0.052900 0.065700 0.130500 0.052700 0.026400 0.000000 0.026100 0.118000 0.026400 0.251700 0.052700 0.142900 0.065000 0.038900 0.065900 0.080800 0.012700 0.079200 0.118000 0.038900 0.025500 0.118000 0.052700 0.251700 0.012800 0.039100 0.000000 0.026100 0.066900 0.039500 0.251700 0.065400 0.012800 0.118000 0.065700 0.077900 0.052100 0.026100 0.052700 0.026100 0.025700 0.013000 0.066200 0.026400 0.052200 0.081800 0.025100 0.000000 0.000000
MuntiacusM 0.129800 0.102800 0.039700 0.052300 0.064700 0.115100 0.051900 0.052800 0.026100 0.000000 0.102800 0.026000 0.249500 0.051900 0.141200 0.064000 0.038300 0.065200 0.079500 0.039000 0.105900 0.102800 0.012500 0.000000 0.102800 0.065700 0.249500 0.039100 0.065300 0.026100 0.000000 0.065900 0.039100 0.249500 0.064400 0.012800 0.102800 0.064700 0.063600 0.025100 0.000000 0.065700 0.000000 0.000000 0.012800 0.065100 0.052800 0.051400 0.080500 0.025600 0.026100 0.026100
goat 0.023400 0.140100 0.132600 0.145500 0.073900 0.011400 0.087900 0.089400 0.118000 0.102800 0.000000 0.117800 0.253900 0.087900 0.148000 0.073500 0.128700 0.157600 0.062200 0.130800 0.141200 0.000000 0.115500 0.102900 0.000000 0.101700 0.253900 0.131200 0.101300 0.118000 0.102800 0.101800 0.130900 0.253900 0.073700 0.102800 0.000000 0.073900 0.085500 0.129200 0.102900 0.101700 0.102900 0.102900 0.102800 0.074500 0.089400 0.061700 0.089100 0.088800 0.118000 0.118000
AfricanBuf 0.145500 0.104400 0.040100 0.052800 0.065500 0.130300 0.052500 0.053500 0.026400 0.026000 0.117800 0.000000 0.251900 0.052500 0.142700 0.064800 0.038800 0.065700 0.080500 0.039400 0.107100 0.117800 0.038800 0.026000 0.117800 0.066500 0.251900 0.039500 0.066100 0.026400 0.026000 0.066700 0.038900 0.251900 0.065200 0.012900 0.117800 0.065500 0.077700 0.052000 0.026000 0.066500 0.025000 0.026000 0.012900 0.066000 0.053500 0.052100 0.081500 0.025800 0.025300 0.025700
Topi 0.283700 0.274500 0.267900 0.283800 0.199900 0.266000 0.187300 0.219600 0.251700 0.249500 0.253900 0.251900 0.000000 0.187300 0.251000 0.199200 0.261800 0.294200 0.217500 0.265000 0.215500 0.253900 0.262900 0.249800 0.253900 0.203300 0.000000 0.235600 0.202400 0.251700 0.249500 0.202400 0.265200 0.000000 0.171800 0.233900 0.253900 0.199900 0.240900 0.278900 0.249800 0.203300 0.249800 0.249800 0.233900 0.201500 0.219600 0.215800 0.219000 0.218300 0.251700 0.251700
CommonDuik 0.114400 0.103000 0.066600 0.079300 0.037600 0.099900 0.000000 0.025700 0.052700 0.051900 0.087900 0.052500 0.187300 0.000000 0.112000 0.037300 0.064500 0.092000 0.051400 0.065600 0.077100 0.087900 0.064700 0.052000 0.087900 0.038300 0.187300 0.065800 0.038100 0.052700 0.051900 0.012500 0.065600 0.187300 0.037500 0.038700 0.087900 0.037600 0.049700 0.078100 0.052000 0.038300 0.052000 0.052000 0.038700 0.038000 0.025700 0.025100 0.051100 0.025500 0.052700 0.052700
Suni 0.175100 0.164600 0.157800 0.170700 0.124300 0.159800 0.112000 0.113900 0.142900 0.141200 0.148000 0.142700 0.251000 0.112000 0.000000 0.123300 0.153400 0.182500 0.140000 0.155600 0.165600 0.148000 0.153900 0.141300 0.148000 0.126200 0.251000 0.128200 0.125600 0.142900 0.141200 0.126200 0.155700 0.251000 0.097700 0.127400 0.148000 0.124300 0.135900 0.167900 0.141300 0.126200 0.141300 0.141300 0.127400 0.125400 0.113900 0.111600 0.141300 0.113200 0.142900 0.142900
Springbuck 0.099000 0.114300 0.079000 0.091300 0.049600 0.085400 0.037300 0.037800 0.065000 0.064000 0.073500 0.064800 0.199200 0.037300 0.123300 0.000000 0.076400 0.103900 0.063500 0.077700 0.062400 0.073500 0.076700 0.064100 0.073500 0.024800 0.199200 0.077800 0.024700 0.065000 0.064000 0.050500 0.077800 0.199200 0.049500 0.051000 0.073500 0.049600 0.061400 0.089900 0.064100 0.024300 0.064100 0.064100 0.051000 0.049800 0.037700 0.037100 0.064200 0.037700 0.065000 0.065000
Okapi 0.156100 0.115500 0.052600 0.065000 0.077200 0.141000 0.064500 0.065500 0.038900 0.038300 0.128700 0.038800 0.261800 0.064500 0.153400 0.076400 0.000000 0.024900 0.092200 0.051700 0.118400 0.128700 0.051000 0.038400 0.128700 0.078300 0.261800 0.051800 0.077900 0.038900 0.038300 0.078600 0.051700 0.261800 0.076900 0.025400 0.128700 0.077200 0.089100 0.064000 0.038400 0.078300 0.038400 0.038400 0.025400 0.077700 0.065500 0.063900 0.093400 0.038100 0.038900 0.038900
Giraffe 0.185900 0.115700 0.080200 0.078400 0.105000 0.170000 0.092000 0.093600 0.065900 0.065200 0.157600 0.065700 0.294200 0.092000 0.182500 0.103900 0.024900 0.000000 0.121000 0.078900 0.147700 0.157600 0.077800 0.065000 0.157600 0.106500 0.294200 0.079000 0.105900 0.065900 0.065200 0.106900 0.051700 0.294200 0.104500 0.051700 0.157600 0.105000 0.116700 0.091100 0.065000 0.106500 0.065000 0.065000 0.051700 0.105700 0.093600 0.091300 0.122500 0.064500 0.065900 0.065900
TibetanAnt 0.088300 0.103900 0.095300 0.108100 0.037800 0.074300 0.051400 0.052500 0.080800 0.079500 0.062200 0.080500 0.217500 0.051400 0.140000 0.063500 0.092200 0.121000 0.000000 0.093900 0.105100 0.062200 0.092500 0.079600 0.062200 0.065200 0.217500 0.094200 0.064900 0.080800 0.079500 0.064600 0.093900 0.217500 0.037200 0.065900 0.062200 0.037600 0.076200 0.106500 0.079600 0.065200 0.079600 0.079600 0.065900 0.038200 0.052500 0.025300 0.052300 0.052000 0.080800 0.080800
Sitatunga 0.158600 0.117300 0.053400 0.065900 0.078500 0.143200 0.065600 0.039400 0.012700 0.039000 0.130800 0.039400 0.265000 0.065600 0.155600 0.077700 0.051700 0.078900 0.093900 0.000000 0.092200 0.130800 0.050700 0.039000 0.130800 0.065600 0.265000 0.025900 0.052000 0.012700 0.039000 0.080000 0.052500 0.265000 0.078200 0.025800 0.130800 0.078500 0.090600 0.064900 0.039000 0.065600 0.039000 0.039000 0.025300 0.079100 0.039400 0.065000 0.095100 0.038500 0.013000 0.013000
Oribi 0.140000 0.157400 0.093600 0.134900 0.089800 0.125500 0.077100 0.051300 0.079200 0.105900 0.141200 0.107100 0.215500 0.077100 0.165600 0.062400 0.118400 0.147700 0.105100 0.092200 0.000000 0.141200 0.118900 0.106000 0.141200 0.050600 0.215500 0.092300 0.037700 0.079200 0.105900 0.064100 0.092200 0.215500 0.089400 0.092100 0.141200 0.089800 0.101400 0.132700 0.106000 0.050600 0.106000 0.106000 0.092100 0.090100 0.051300 0.076600 0.078300 0.077800 0.079200 0.079200
BarbaryShe 0.023400 0.140100 0.132600 0.145500 0.073900 0.011500 0.087900 0.089400 0.118000 0.102800 0.000000 0.117800 0.253900 0.087900 0.148000 0.073500 0.128700 0.157600 0.062200 0.130800 0.141200 0.000000 0.115500 0.102900 0.000000 0.101700 0.253900 0.131200 0.101300 0.118000 0.102800 0.101800 0.130900 0.253900 0.073600 0.102800 0.000000 0.073900 0.085500 0.129200 0.102900 0.101700 0.102900 0.102900 0.102800 0.074500 0.089400 0.061700 0.089100 0.088800 0.118000 0.118000
Daviddeer 0.142600 0.088900 0.052600 0.065100 0.077500 0.127800 0.064700 0.065800 0.038900 0.012500 0.115500 0.038800 0.262900 0.064700 0.153900 0.076700 0.051000 0.077800 0.092500 0.050700 0.118900 0.115500 0.000000 0.012200 0.115500 0.078600 0.262900 0.051800 0.078200 0.038900 0.012500 0.078900 0.051800 0.262900 0.077200 0.025000 0.115500 0.077500 0.076200 0.037400 0.012500 0.078600 0.012300 0.012500 0.025500 0.078000 0.065800 0.064100 0.093700 0.038100 0.038900 0.038900
Reindeer 0.130000 0.103300 0.039600 0.052200 0.064800 0.115300 0.052000 0.052800 0.025500 0.000000 0.102900 0.026000 0.249800 0.052000 0.141300 0.064100 0.038400 0.065000 0.079600 0.039000 0.106000 0.102900 0.012200 0.000000 0.102900 0.065700 0.249800 0.039000 0.065400 0.025500 0.000000 0.066000 0.037300 0.249800 0.064500 0.012500 0.102900 0.064800 0.063700 0.024600 0.000000 0.065700 0.000000 0.000000 0.012800 0.065200 0.052800 0.051500 0.080600 0.024900 0.026100 0.026100
Ibex 0.023400 0.140100 0.132600 0.145500 0.073900 0.011400 0.087900 0.089400 0.118000 0.102800 0.000000 0.117800 0.253900 0.087900 0.148000 0.073500 0.128700 0.157600 0.062200 0.130800 0.141200 0.000000 0.115500 0.102900 0.000000 0.101700 0.253900 0.131200 0.101300 0.118000 0.102800 0.101800 0.130900 0.253900 0.073600 0.102800 0.000000 0.073900 0.085500 0.129200 0.102900 0.101700 0.102900 0.102900 0.102800 0.074500 0.089400 0.061700 0.089100 0.088800 0.118000 0.118000
GyrantGaze 0.128500 0.117100 0.081100 0.093600 0.050900 0.113900 0.038300 0.025600 0.052700 0.065700 0.101700 0.066500 0.203300 0.038300 0.126200 0.024800 0.078300 0.106500 0.065200 0.065600 0.050600 0.101700 0.078600 0.065700 0.101700 0.000000 0.203300 0.065800 0.012500 0.052700 0.065700 0.051800 0.079800 0.203300 0.050700 0.052300 0.101700 0.050900 0.062900 0.092100 0.065700 0.000000 0.065700 0.065700 0.052300 0.051100 0.025700 0.038000 0.066000 0.038600 0.052700 0.052700
Hartebeest 0.283700 0.274500 0.267900 0.283800 0.199900 0.266000 0.187300 0.219600 0.251700 0.249500 0.253900 0.251900 0.000000 0.187300 0.251000 0.199200 0.261800 0.294200 0.217500 0.265000 0.215500 0.253900 0.262900 0.249800 0.253900 0.203300 0.000000 0.235600 0.202400 0.251700 0.249500 0.202400 0.265200 0.000000 0.171800 0.233900 0.253900 0.199900 0.240900 0.278900 0.249800 0.203300 0.249800 0.249800 0.233900 0.201500 0.219600 0.215800 0.219000 0.218300 0.251700 0.251700
Bongo 0.159100 0.090300 0.053500 0.066100 0.078700 0.143600 0.065800 0.039500 0.012800 0.039100 0.131200 0.039500 0.235600 0.065800 0.128200 0.077800 0.051800 0.079000 0.094200 0.025900 0.092300 0.131200 0.051800 0.039000 0.131200 0.065800 0.235600 0.000000 0.052100 0.013000 0.039100 0.080200 0.052600 0.235600 0.078400 0.025900 0.131200 0.078700 0.090700 0.065100 0.039000 0.065800 0.039000 0.039000 0.025900 0.079300 0.039500 0.065200 0.095300 0.038700 0.012800 0.012800
Gerenuk 0.127900 0.116500 0.080600 0.093100 0.050700 0.113400 0.038100 0.012700 0.039100 0.065300 0.101300 0.066100 0.202400 0.038100 0.125600 0.024700 0.077900 0.105900 0.064900 0.052000 0.037700 0.101300 0.078200 0.065400 0.101300 0.012500 0.202400 0.052100 0.000000 0.039100 0.065300 0.051600 0.079400 0.202400 0.050400 0.052000 0.101300 0.050700 0.062400 0.091700 0.065400 0.012500 0.065400 0.065400 0.052000 0.051000 0.012700 0.037800 0.065600 0.038400 0.039100 0.039100
CommonElan 0.145700 0.104600 0.040200 0.052900 0.065700 0.130500 0.052700 0.026400 0.000000 0.026100 0.118000 0.026400 0.251700 0.052700 0.142900 0.065000 0.038900 0.065900 0.080800 0.012700 0.079200 0.118000 0.038900 0.025500 0.118000 0.052700 0.251700 0.013000 0.039100 0.000000 0.026100 0.066900 0.039200 0.251700 0.065400 0.013000 0.118000 0.065700 0.077900 0.052100 0.025100 0.052700 0.026100 0.026100 0.012700 0.066200 0.026400 0.052200 0.081800 0.025900 0.000000 0.000000
MuntiacusR 0.129800 0.102800 0.039700 0.052300 0.064700 0.115100 0.051900 0.052800 0.026100 0.000000 0.102800 0.026000 0.249500 0.051900 0.141200 0.064000 0.038300 0.065200 0.079500 0.039000 0.105900 0.102800 0.012500 0.000000 0.102800 0.065700 0.249500 0.039100 0.065300 0.026100 0.000000 0.065900 0.039100 0.249500 0.064400 0.012800 0.102800 0.064700 0.063600 0.025100 0.000000 0.065700 0.000000 0.000000 0.012800 0.065100 0.052800 0.051400 0.080500 0.025600 0.026100 0.026100
HarveysDui 0.129000 0.117500 0.053300 0.094000 0.050900 0.114000 0.012600 0.039100 0.066900 0.065900 0.101800 0.066700 0.202400 0.012500 0.126200 0.050500 0.078600 0.106900 0.064600 0.080000 0.064100 0.101800 0.078900 0.066000 0.101800 0.051800 0.202400 0.080200 0.051600 0.066900 0.065900 0.000000 0.052400 0.202400 0.050700 0.052400 0.101800 0.050900 0.063100 0.092500 0.066000 0.051800 0.066000 0.066000 0.052400 0.051400 0.039100 0.038100 0.038100 0.038800 0.066900 0.066900
Pronghorn 0.158700 0.089700 0.026300 0.052500 0.078600 0.143300 0.065600 0.066800 0.039500 0.039100 0.130900 0.038900 0.265200 0.065600 0.155700 0.077800 0.051700 0.051700 0.093900 0.052500 0.092200 0.130900 0.051800 0.037300 0.130900 0.079800 0.265200 0.052600 0.079400 0.039200 0.039100 0.052400 0.000000 0.265200 0.078200 0.025200 0.130900 0.078600 0.090600 0.065000 0.039000 0.079800 0.039000 0.039100 0.025800 0.079200 0.066800 0.065100 0.066700 0.038700 0.039500 0.039300
BlueWildeb 0.283700 0.274500 0.267900 0.283800 0.199900 0.266000 0.187300 0.219600 0.251700 0.249500 0.253900 0.251900 0.000000 0.187300 0.251000 0.199200 0.261800 0.294200 0.217500 0.265000 0.215500 0.253900 0.262900 0.249800 0.253900 0.203300 0.000000 0.235600 0.202400 0.251700 0.249500 0.202400 0.265200 0.000000 0.171800 0.233900 0.253900 0.199900 0.240900 0.278900 0.249800 0.203300 0.249800 0.249800 0.233900 0.201500 0.219600 0.215800 0.219000 0.218300 0.251700 0.251700
Gemsbok 0.099400 0.115200 0.079400 0.091900 0.024500 0.085500 0.037100 0.038200 0.065400 0.064400 0.073700 0.065200 0.171800 0.037500 0.097700 0.049500 0.076900 0.104500 0.037200 0.078200 0.089400 0.073600 0.077200 0.064500 0.073600 0.050700 0.171800 0.078400 0.050400 0.065400 0.064400 0.050700 0.078200 0.171800 0.000000 0.051300 0.073600 0.024500 0.061800 0.090500 0.064500 0.050700 0.064500 0.064500 0.051300 0.024800 0.038200 0.037300 0.038100 0.037900 0.065400 0.065400
Yak 0.129800 0.089700 0.025400 0.038900 0.051500 0.115200 0.038700 0.039400 0.012800 0.012800 0.102800 0.012900 0.233900 0.038700 0.127400 0.051000 0.025400 0.051700 0.065900 0.025800 0.092100 0.102800 0.025000 0.012500 0.102800 0.052300 0.233900 0.025900 0.052000 0.013000 0.012800 0.052400 0.025200 0.233900 0.051300 0.000000 0.102800 0.051500 0.063600 0.038300 0.012800 0.052300 0.012400 0.012800 0.000000 0.051900 0.039400 0.038400 0.066700 0.012500 0.012800 0.012600
BlueSheep 0.023400 0.140100 0.132600 0.145500 0.073900 0.011400 0.087900 0.089400 0.118000 0.102800 0.000000 0.117800 0.253900 0.087900 0.148000 0.073500 0.128700 0.157600 0.062200 0.130800 0.141200 0.000000 0.115500 0.102900 0.000000 0.101700 0.253900 0.131200 0.101300 0.118000 0.102800 0.101800 0.130900 0.253900 0.073600 0.102800 0.000000 0.073900 0.085500 0.129200 0.102900 0.101700 0.102900 0.102900 0.102800 0.074500 0.089400 0.061700 0.088700 0.088800 0.118000 0.118000
BohorReedb 0.099800 0.115700 0.079800 0.092300 0.000000 0.085300 0.037600 0.038400 0.065700 0.064700 0.073900 0.065500 0.199900 0.037600 0.124300 0.049600 0.077200 0.105000 0.037600 0.078500 0.089800 0.073900 0.077500 0.064800 0.073900 0.050900 0.199900 0.078700 0.050700 0.065700 0.064700 0.050900 0.078600 0.199900 0.024500 0.051500 0.073900 0.000000 0.062000 0.090900 0.064800 0.050900 0.064800 0.064800 0.051500 0.024900 0.038400 0.037500 0.038200 0.038100 0.065700 0.065700
KirksDik 0.111100 0.127100 0.092000 0.104300 0.062000 0.097400 0.049700 0.050500 0.077900 0.063600 0.085500 0.077700 0.240900 0.049700 0.135900 0.061400 0.089100 0.116700 0.076200 0.090600 0.101400 0.085500 0.076200 0.063700 0.085500 0.062900 0.240900 0.090700 0.062400 0.077900 0.063600 0.063100 0.090600 0.240900 0.061800 0.063600 0.085500 0.062000 0.000000 0.089300 0.063700 0.062900 0.063700 0.063700 0.063600 0.049700 0.050500 0.049400 0.077100 0.050200 0.077900 0.077900
RoeDeer 0.156700 0.129600 0.065900 0.078500 0.090900 0.141500 0.078100 0.079400 0.052100 0.025100 0.129200 0.052000 0.278900 0.078100 0.167900 0.089900 0.064000 0.091100 0.106500 0.064900 0.132700 0.129200 0.037400 0.024600 0.129200 0.092100 0.278900 0.065100 0.091700 0.052100 0.025100 0.092500 0.065000 0.278900 0.090500 0.038300 0.129200 0.090900 0.089300 0.000000 0.025000 0.092100 0.024500 0.025000 0.038300 0.091500 0.079400 0.077400 0.107700 0.051000 0.052100 0.052100
WhiteLippe 0.130000 0.103300 0.039600 0.052200 0.064800 0.115300 0.052000 0.052800 0.026100 0.000000 0.102900 0.026000 0.249800 0.052000 0.141300 0.064100 0.038400 0.065000 0.079600 0.039000 0.106000 0.102900 0.012500 0.000000 0.102900 0.065700 0.249800 0.039000 0.065400 0.025100 0.000000 0.066000 0.039000 0.249800 0.064500 0.012800 0.102900 0.064800 0.063700 0.025000 0.000000 0.065700 0.000000 0.000000 0.012500 0.065200 0.052800 0.051500 0.080600 0.025100 0.025500 0.026100
ThomsonGaz 0.128500 0.117100 0.081100 0.093600 0.050900 0.113900 0.038300 0.025600 0.052700 0.065700 0.101700 0.066500 0.203300 0.038300 0.126200 0.024300 0.078300 0.106500 0.065200 0.065600 0.050600 0.101700 0.078600 0.065700 0.101700 0.000000 0.203300 0.065800 0.012500 0.052700 0.065700 0.051800 0.079800 0.203300 0.050700 0.052300 0.101700 0.050900 0.062900 0.092100 0.065700 0.000000 0.065700 0.065700 0.052300 0.051100 0.025600 0.038000 0.066000 0.038600 0.052700 0.052700
MuntiacusC 0.130000 0.103300 0.039600 0.052200 0.064800 0.115300 0.052000 0.052800 0.026100 0.000000 0.102900 0.025000 0.249800 0.052000 0.141300 0.064100 0.038400 0.065000 0.079600 0.039000 0.106000 0.102900 0.012300 0.000000 0.102900 0.065700 0.249800 0.039000 0.065400 0.026100 0.000000 0.066000 0.039000 0.249800 0.064500 0.012400 0.102900 0.064800 0.063700 0.024500 0.000000 0.065700 0.000000 0.000000 0.012800 0.065200 0.052800 0.051500 0.080600 0.025000 0.026100 0.026100
WhiteTaile 0.130000 0.103300 0.039400 0.052200 0.064800 0.115300 0.052000 0.052800 0.025700 0.000000 0.102900 0.026000 0.249800 0.052000 0.141300 0.064100 0.038400 0.065000 0.079600 0.039000 0.106000 0.102900 0.012500 0.000000 0.102900 0.065700 0.249800 0.039000 0.065400 0.026100 0.000000 0.066000 0.039100 0.249800 0.064500 0.012800 0.102900 0.064800 0.063700 0.025000 0.000000 0.065700 0.000000 0.000000 0.012500 0.065200 0.052800 0.051500 0.080600 0.025500 0.025400 0.026100
Cattle 0.129800 0.089700 0.025600 0.038900 0.051500 0.115200 0.038700 0.039400 0.013000 0.012800 0.102800 0.012900 0.233900 0.038700 0.127400 0.051000 0.025400 0.051700 0.065900 0.025300 0.092100 0.102800 0.025500 0.012800 0.102800 0.052300 0.233900 0.025900 0.052000 0.012700 0.012800 0.052400 0.025800 0.233900 0.051300 0.000000 0.102800 0.051500 0.063600 0.038300 0.012500 0.052300 0.012800 0.012500 0.000000 0.051900 0.039400 0.038400 0.066700 0.012500 0.012700 0.013000
RoyalAntel 0.100400 0.116300 0.080400 0.092900 0.024900 0.086600 0.038000 0.038500 0.066200 0.065100 0.074500 0.066000 0.201500 0.038000 0.125400 0.049800 0.077700 0.105700 0.038200 0.079100 0.090100 0.074500 0.078000 0.065200 0.074500 0.051100 0.201500 0.079300 0.051000 0.066200 0.065100 0.051400 0.079200 0.201500 0.024800 0.051900 0.074500 0.024900 0.049700 0.091500 0.065200 0.051100 0.065200 0.065200 0.051900 0.000000 0.038500 0.037700 0.038600 0.038400 0.066200 0.066200
Steenbok 0.116100 0.104500 0.067900 0.080600 0.038400 0.101700 0.025700 0.000000 0.026400 0.052800 0.089400 0.053500 0.219600 0.025700 0.113900 0.037700 0.065500 0.093600 0.052500 0.039400 0.051300 0.089400 0.065800 0.052800 0.089400 0.025700 0.219600 0.039500 0.012700 0.026400 0.052800 0.039100 0.066800 0.219600 0.038200 0.039400 0.089400 0.038400 0.050500 0.079400 0.052800 0.025600 0.052800 0.052800 0.039400 0.038500 0.000000 0.025500 0.053100 0.025900 0.026400 0.026400
Impala 0.087200 0.075600 0.066000 0.078600 0.037500 0.073700 0.025100 0.025500 0.052200 0.051400 0.061700 0.052100 0.215800 0.025100 0.111600 0.037100 0.063900 0.091300 0.025300 0.065000 0.076600 0.061700 0.064100 0.051500 0.061700 0.038000 0.215800 0.065200 0.037800 0.052200 0.051400 0.038100 0.065100 0.215800 0.037300 0.038400 0.061700 0.037500 0.049400 0.077400 0.051500 0.038000 0.051500 0.051500 0.038400 0.037700 0.025500 0.000000 0.051800 0.025200 0.052200 0.052200
Klipspring 0.116200 0.133000 0.067800 0.109400 0.038200 0.101400 0.052000 0.053100 0.081800 0.080500 0.089100 0.081500 0.219000 0.051100 0.141300 0.064200 0.093400 0.122500 0.052300 0.095100 0.078300 0.089100 0.093700 0.080600 0.089100 0.066000 0.219000 0.095300 0.065600 0.081800 0.080500 0.038100 0.066700 0.219000 0.038100 0.066700 0.088700 0.038200 0.077100 0.107700 0.080600 0.066000 0.080600 0.080600 0.066700 0.038600 0.053100 0.051800 0.000000 0.052600 0.081800 0.081800
ForestMusk 0.115300 0.075900 0.039300 0.051800 0.038100 0.101000 0.025500 0.025900 0.025100 0.025600 0.088800 0.025800 0.218300 0.025500 0.113200 0.037700 0.038100 0.064500 0.052000 0.038500 0.077800 0.088800 0.038100 0.024900 0.088800 0.038600 0.218300 0.038700 0.038400 0.025900 0.025600 0.038800 0.038700 0.218300 0.037900 0.012500 0.088800 0.038100 0.050200 0.051000 0.025100 0.038600 0.025000 0.025500 0.012500 0.038400 0.025900 0.025200 0.052600 0.000000 0.025900 0.025800
Bushbuck 0.145700 0.104600 0.040200 0.052900 0.065700 0.130500 0.052700 0.026400 0.000000 0.026100 0.118000 0.025300 0.251700 0.052700 0.142900 0.065000 0.038900 0.065900 0.080800 0.013000 0.079200 0.118000 0.038900 0.026100 0.118000 0.052700 0.251700 0.012800 0.039100 0.000000 0.026100 0.066900 0.039500 0.251700 0.065400 0.012800 0.118000 0.065700 0.077900 0.052100 0.025500 0.052700 0.026100 0.025400 0.012700 0.066200 0.026400 0.052200 0.081800 0.025900 0.000000 0.000000
GreaterKud 0.145700 0.104600 0.040200 0.052900 0.065700 0.130500 0.052700 0.026400 0.000000 0.026100 0.118000 0.025700 0.251700 0.052700 0.142900 0.065000 0.038900 0.065900 0.080800 0.013000 0.079200 0.118000 0.038900 0.026100 0.118000 0.052700 0.251700 0.012800 0.039100 0.000000 0.026100 0.066900 0.039300 0.251700 0.065400 0.012600 0.118000 0.065700 0.077900 0.052100 0.026100 0.052700 0.026100 0.026100 0.013000 0.066200 0.026400 0.052200 0.081800 0.025800 0.000000 0.000000
