CODONML (in paml version 4.10.7, June 2023)  /home/rachel/ruminants_paml/6406-phy-tree/ENSBTAT00000014805.fasta.phy
Model: free dN/dS Ratios for branches,  kappa = 2.000 fixed

Codon frequency model: F3x4
ns =  54  ls =  93

Codon usage in sequences
--------------------------------------------------------------------------------------------------------------------------------------
Phe TTT   2   2   2   2   2   2 | Ser TCT   1   1   1   1   1   1 | Tyr TAT   0   0   1   0   0   0 | Cys TGT   0   0   0   0   0   0
    TTC   2   2   2   2   2   2 |     TCC   0   0   0   0   0   0 |     TAC   4   4   3   4   4   4 |     TGC   2   2   2   2   2   2
Leu TTA   0   0   0   0   0   1 |     TCA   2   2   2   2   2   2 | *** TAA   0   0   0   0   0   0 | *** TGA   0   0   0   0   0   0
    TTG   4   4   4   4   4   3 |     TCG   0   0   0   0   0   0 |     TAG   0   0   0   0   0   0 | Trp TGG   0   0   0   0   0   0
--------------------------------------------------------------------------------------------------------------------------------------
Leu CTT   1   1   1   1   1   1 | Pro CCT   0   0   0   0   0   0 | His CAT   1   1   1   1   1   1 | Arg CGT   0   0   0   0   0   0
    CTC   0   0   0   0   0   0 |     CCC   0   0   0   0   0   0 |     CAC   0   0   0   0   0   0 |     CGC   0   0   0   0   0   0
    CTA   1   1   1   1   1   1 |     CCA   2   2   2   2   2   2 | Gln CAA   1   1   1   1   1   1 |     CGA   0   0   0   0   0   0
    CTG   0   0   0   0   0   0 |     CCG   0   0   0   0   0   0 |     CAG   0   0   0   0   0   0 |     CGG   2   2   2   2   2   2
--------------------------------------------------------------------------------------------------------------------------------------
Ile ATT   1   1   1   1   1   1 | Thr ACT   1   1   1   1   1   1 | Asn AAT   2   2   2   2   1   1 | Ser AGT   1   1   1   1   1   2
    ATC   2   2   2   2   2   2 |     ACC   1   1   1   1   1   1 |     AAC   1   1   1   1   2   1 |     AGC   1   1   1   1   1   1
    ATA   1   1   1   1   1   1 |     ACA   3   3   3   3   3   3 | Lys AAA   3   3   3   3   3   3 | Arg AGA   3   3   3   3   3   3
Met ATG   4   4   4   4   4   4 |     ACG   0   0   0   0   0   0 |     AAG   5   5   5   5   5   5 |     AGG   0   0   0   0   0   0
--------------------------------------------------------------------------------------------------------------------------------------
Val GTT   1   0   0   1   1   1 | Ala GCT   1   2   1   1   1   1 | Asp GAT   3   3   3   3   3   3 | Gly GGT   5   5   4   5   5   5
    GTC   3   4   2   3   3   3 |     GCC   1   0   1   1   1   1 |     GAC   4   4   4   4   4   4 |     GGC   2   2   2   2   2   2
    GTA   3   3   3   3   3   3 |     GCA   3   3   3   3   3   3 | Glu GAA   3   3   3   3   3   3 |     GGA   4   4   5   4   4   4
    GTG   2   2   4   2   2   2 |     GCG   0   0   0   0   0   0 |     GAG   1   1   1   1   1   1 |     GGG   3   3   3   3   3   3
--------------------------------------------------------------------------------------------------------------------------------------

--------------------------------------------------------------------------------------------------------------------------------------
Phe TTT   2   2   2   2   2   2 | Ser TCT   1   1   1   1   1   1 | Tyr TAT   0   1   0   0   1   0 | Cys TGT   0   0   0   0   0   0
    TTC   2   2   2   2   2   2 |     TCC   0   0   0   0   0   0 |     TAC   4   3   4   4   3   4 |     TGC   2   2   2   2   2   2
Leu TTA   0   0   0   0   0   0 |     TCA   2   2   2   2   2   2 | *** TAA   0   0   0   0   0   0 | *** TGA   0   0   0   0   0   0
    TTG   4   4   4   4   4   4 |     TCG   0   0   0   0   0   0 |     TAG   0   0   0   0   0   0 | Trp TGG   0   0   0   0   0   0
--------------------------------------------------------------------------------------------------------------------------------------
Leu CTT   1   1   1   1   1   1 | Pro CCT   0   0   0   0   0   0 | His CAT   1   1   1   1   1   1 | Arg CGT   0   0   0   0   0   0
    CTC   0   0   0   0   0   0 |     CCC   0   0   0   0   0   0 |     CAC   0   0   0   0   0   0 |     CGC   0   0   0   0   0   0
    CTA   1   1   1   1   1   0 |     CCA   2   2   2   2   2   2 | Gln CAA   1   1   1   1   1   1 |     CGA   0   0   0   0   0   0
    CTG   0   0   0   0   0   1 |     CCG   0   0   0   0   0   0 |     CAG   0   0   0   0   0   0 |     CGG   2   2   2   2   2   2
--------------------------------------------------------------------------------------------------------------------------------------
Ile ATT   1   1   1   1   1   1 | Thr ACT   1   1   1   1   1   1 | Asn AAT   2   2   2   2   2   2 | Ser AGT   1   1   1   1   1   1
    ATC   2   2   2   2   2   2 |     ACC   1   1   1   1   1   1 |     AAC   1   1   1   1   1   1 |     AGC   1   1   1   1   1   1
    ATA   1   1   1   1   1   1 |     ACA   3   3   3   3   3   3 | Lys AAA   3   3   3   3   3   2 | Arg AGA   3   3   3   3   3   3
Met ATG   4   4   4   4   4   4 |     ACG   0   0   0   0   0   0 |     AAG   5   5   5   5   5   6 |     AGG   0   0   0   0   0   0
--------------------------------------------------------------------------------------------------------------------------------------
Val GTT   2   1   1   1   0   1 | Ala GCT   1   1   1   1   1   1 | Asp GAT   3   3   2   3   3   3 | Gly GGT   4   5   5   5   4   4
    GTC   2   3   3   3   2   3 |     GCC   1   1   1   1   1   1 |     GAC   4   4   5   4   4   4 |     GGC   3   2   2   2   2   3
    GTA   3   3   3   3   3   3 |     GCA   3   3   3   3   3   2 | Glu GAA   3   3   3   4   3   3 |     GGA   4   4   4   4   5   4
    GTG   2   2   2   2   4   2 |     GCG   0   0   0   0   0   1 |     GAG   1   1   1   0   1   1 |     GGG   3   3   3   3   3   3
--------------------------------------------------------------------------------------------------------------------------------------

--------------------------------------------------------------------------------------------------------------------------------------
Phe TTT   2   2   2   2   2   2 | Ser TCT   1   1   1   1   1   1 | Tyr TAT   0   0   0   0   0   0 | Cys TGT   0   0   0   0   0   0
    TTC   2   2   2   2   2   2 |     TCC   0   0   0   0   0   0 |     TAC   4   4   4   4   4   4 |     TGC   2   2   2   2   2   2
Leu TTA   0   0   0   0   0   0 |     TCA   2   2   2   2   2   2 | *** TAA   0   0   0   0   0   0 | *** TGA   0   0   0   0   0   0
    TTG   4   4   4   4   4   4 |     TCG   0   0   0   0   0   0 |     TAG   0   0   0   0   0   0 | Trp TGG   0   0   0   0   0   0
--------------------------------------------------------------------------------------------------------------------------------------
Leu CTT   1   1   1   1   1   1 | Pro CCT   0   0   0   0   0   0 | His CAT   1   1   1   1   1   1 | Arg CGT   0   0   0   0   0   0
    CTC   0   0   0   0   0   0 |     CCC   0   0   0   0   0   0 |     CAC   0   0   0   0   0   0 |     CGC   0   0   0   0   0   0
    CTA   1   1   1   1   1   1 |     CCA   2   2   2   2   2   2 | Gln CAA   1   1   1   1   1   1 |     CGA   0   0   0   0   0   0
    CTG   0   0   0   0   0   0 |     CCG   0   0   0   0   0   0 |     CAG   0   0   0   0   0   0 |     CGG   2   2   2   2   2   2
--------------------------------------------------------------------------------------------------------------------------------------
Ile ATT   1   1   1   1   1   1 | Thr ACT   1   1   1   1   1   1 | Asn AAT   2   2   2   2   2   2 | Ser AGT   1   1   1   1   1   1
    ATC   2   2   2   2   2   2 |     ACC   1   1   1   1   1   1 |     AAC   1   1   1   1   1   1 |     AGC   1   1   1   1   1   1
    ATA   1   1   1   1   1   1 |     ACA   3   2   3   3   3   3 | Lys AAA   3   3   3   3   3   3 | Arg AGA   3   3   3   3   3   3
Met ATG   4   4   4   4   4   4 |     ACG   0   1   0   0   0   0 |     AAG   5   5   5   5   5   5 |     AGG   0   0   0   0   0   0
--------------------------------------------------------------------------------------------------------------------------------------
Val GTT   1   0   1   1   1   1 | Ala GCT   1   1   1   1   2   1 | Asp GAT   3   2   3   3   2   3 | Gly GGT   5   5   5   5   5   5
    GTC   3   2   3   3   2   3 |     GCC   1   1   1   1   0   1 |     GAC   4   5   4   4   5   4 |     GGC   2   2   2   2   2   2
    GTA   3   3   3   3   3   3 |     GCA   3   3   3   3   3   3 | Glu GAA   3   3   3   3   3   3 |     GGA   4   4   4   4   4   4
    GTG   2   4   2   2   3   2 |     GCG   0   0   0   0   0   0 |     GAG   1   1   1   1   1   1 |     GGG   3   3   3   3   3   3
--------------------------------------------------------------------------------------------------------------------------------------

--------------------------------------------------------------------------------------------------------------------------------------
Phe TTT   2   2   2   2   2   2 | Ser TCT   1   1   1   1   1   1 | Tyr TAT   0   0   0   1   0   0 | Cys TGT   0   0   0   0   0   0
    TTC   2   2   2   2   2   2 |     TCC   0   0   0   0   0   0 |     TAC   4   4   4   3   4   4 |     TGC   2   2   2   2   2   2
Leu TTA   0   0   0   0   0   0 |     TCA   2   2   2   2   2   2 | *** TAA   0   0   0   0   0   0 | *** TGA   0   0   0   0   0   0
    TTG   4   4   4   4   4   4 |     TCG   0   0   0   0   0   0 |     TAG   0   0   0   0   0   0 | Trp TGG   0   0   0   0   0   0
--------------------------------------------------------------------------------------------------------------------------------------
Leu CTT   1   1   1   1   1   1 | Pro CCT   0   0   0   0   0   0 | His CAT   1   1   1   1   1   1 | Arg CGT   0   0   0   0   0   0
    CTC   0   0   0   0   0   0 |     CCC   0   0   0   0   0   0 |     CAC   0   0   0   0   0   0 |     CGC   0   0   0   0   0   0
    CTA   1   1   1   1   1   1 |     CCA   2   2   2   2   2   2 | Gln CAA   1   1   1   1   1   1 |     CGA   0   0   0   0   0   0
    CTG   0   0   0   0   0   0 |     CCG   0   0   0   0   0   0 |     CAG   0   0   0   0   0   0 |     CGG   2   2   2   2   2   2
--------------------------------------------------------------------------------------------------------------------------------------
Ile ATT   1   1   1   1   1   1 | Thr ACT   1   1   1   1   1   1 | Asn AAT   2   2   2   2   2   2 | Ser AGT   1   1   1   1   1   1
    ATC   2   2   2   2   2   2 |     ACC   1   1   1   1   1   1 |     AAC   1   1   1   1   1   1 |     AGC   1   1   1   1   1   1
    ATA   1   1   1   1   1   1 |     ACA   3   3   3   3   3   3 | Lys AAA   3   3   3   3   3   3 | Arg AGA   3   3   3   3   3   3
Met ATG   4   4   4   4   4   4 |     ACG   0   0   0   0   0   0 |     AAG   5   5   5   5   5   5 |     AGG   0   0   0   0   0   0
--------------------------------------------------------------------------------------------------------------------------------------
Val GTT   1   1   1   0   1   1 | Ala GCT   2   2   1   1   1   1 | Asp GAT   2   3   3   3   3   3 | Gly GGT   5   5   5   4   5   5
    GTC   4   4   3   2   3   3 |     GCC   0   0   1   1   1   1 |     GAC   5   4   4   4   4   4 |     GGC   2   2   2   2   2   2
    GTA   3   3   3   3   3   3 |     GCA   3   3   3   3   3   3 | Glu GAA   3   3   3   3   3   3 |     GGA   4   4   4   5   4   4
    GTG   1   1   2   4   2   2 |     GCG   0   0   0   0   0   0 |     GAG   1   1   1   1   1   1 |     GGG   3   3   3   3   3   3
--------------------------------------------------------------------------------------------------------------------------------------

--------------------------------------------------------------------------------------------------------------------------------------
Phe TTT   2   2   2   2   2   2 | Ser TCT   1   1   1   1   1   1 | Tyr TAT   0   0   0   0   0   1 | Cys TGT   0   0   0   0   0   0
    TTC   2   2   2   2   2   2 |     TCC   0   0   0   0   0   0 |     TAC   4   4   4   4   4   3 |     TGC   2   2   2   2   2   2
Leu TTA   0   0   0   0   0   0 |     TCA   2   2   2   2   2   2 | *** TAA   0   0   0   0   0   0 | *** TGA   0   0   0   0   0   0
    TTG   4   4   4   4   4   4 |     TCG   0   0   0   0   0   0 |     TAG   0   0   0   0   0   0 | Trp TGG   0   0   0   0   0   0
--------------------------------------------------------------------------------------------------------------------------------------
Leu CTT   1   1   1   1   1   1 | Pro CCT   0   0   0   0   0   0 | His CAT   1   1   1   1   1   1 | Arg CGT   0   0   0   0   0   0
    CTC   0   0   0   0   0   0 |     CCC   0   0   0   0   0   0 |     CAC   0   0   0   0   0   0 |     CGC   0   0   0   0   0   0
    CTA   1   1   1   1   1   1 |     CCA   2   2   2   2   2   2 | Gln CAA   1   1   1   1   1   1 |     CGA   0   0   0   0   0   0
    CTG   0   0   0   0   0   0 |     CCG   0   0   0   0   0   0 |     CAG   0   0   0   0   0   0 |     CGG   2   2   2   2   2   2
--------------------------------------------------------------------------------------------------------------------------------------
Ile ATT   1   1   1   1   1   1 | Thr ACT   1   1   1   1   1   1 | Asn AAT   2   2   2   2   2   2 | Ser AGT   1   1   1   1   1   1
    ATC   2   2   2   2   2   2 |     ACC   1   1   1   1   1   1 |     AAC   1   1   1   1   1   1 |     AGC   1   1   1   1   1   1
    ATA   1   1   1   1   1   1 |     ACA   3   2   3   3   3   3 | Lys AAA   3   3   3   3   3   3 | Arg AGA   3   3   3   3   3   3
Met ATG   4   4   4   4   4   4 |     ACG   0   1   0   0   0   0 |     AAG   5   5   5   5   5   5 |     AGG   0   0   0   0   0   0
--------------------------------------------------------------------------------------------------------------------------------------
Val GTT   1   1   1   1   1   0 | Ala GCT   2   1   1   1   1   1 | Asp GAT   3   2   3   3   3   3 | Gly GGT   4   4   5   5   5   4
    GTC   3   3   3   3   3   2 |     GCC   0   1   1   1   1   1 |     GAC   4   5   4   4   4   4 |     GGC   3   3   2   2   2   2
    GTA   2   2   3   3   3   3 |     GCA   3   3   3   3   3   3 | Glu GAA   3   3   3   3   3   3 |     GGA   5   5   4   4   4   5
    GTG   2   2   2   2   2   4 |     GCG   0   0   0   0   0   0 |     GAG   1   1   1   1   1   1 |     GGG   3   3   3   3   3   3
--------------------------------------------------------------------------------------------------------------------------------------

--------------------------------------------------------------------------------------------------------------------------------------
Phe TTT   2   2   2   2   2   2 | Ser TCT   1   1   0   1   1   1 | Tyr TAT   0   1   0   0   0   0 | Cys TGT   0   0   0   0   0   0
    TTC   2   2   2   2   2   2 |     TCC   0   0   0   0   0   0 |     TAC   4   3   4   4   4   4 |     TGC   2   2   2   2   2   2
Leu TTA   0   0   0   0   0   0 |     TCA   2   2   2   2   2   2 | *** TAA   0   0   0   0   0   0 | *** TGA   0   0   0   0   0   0
    TTG   4   4   4   4   4   4 |     TCG   0   0   1   0   0   0 |     TAG   0   0   0   0   0   0 | Trp TGG   0   0   0   0   0   0
--------------------------------------------------------------------------------------------------------------------------------------
Leu CTT   1   1   1   1   1   1 | Pro CCT   0   0   0   0   0   0 | His CAT   1   1   1   1   1   1 | Arg CGT   0   0   0   0   0   0
    CTC   0   0   0   0   0   0 |     CCC   0   0   0   0   0   0 |     CAC   0   0   0   0   0   0 |     CGC   0   0   0   0   0   0
    CTA   0   1   0   1   1   1 |     CCA   1   2   2   2   1   2 | Gln CAA   1   1   1   1   1   1 |     CGA   0   0   0   0   0   0
    CTG   1   0   1   0   0   0 |     CCG   1   0   0   0   1   0 |     CAG   0   0   0   0   0   0 |     CGG   2   2   2   2   2   2
--------------------------------------------------------------------------------------------------------------------------------------
Ile ATT   1   1   1   1   1   1 | Thr ACT   1   1   1   1   1   1 | Asn AAT   2   2   2   2   2   2 | Ser AGT   1   1   1   1   1   1
    ATC   2   2   2   2   2   2 |     ACC   1   1   1   1   1   1 |     AAC   1   1   1   1   1   1 |     AGC   1   1   1   1   1   1
    ATA   1   1   1   1   1   1 |     ACA   3   3   3   3   1   3 | Lys AAA   3   3   2   3   3   3 | Arg AGA   3   3   3   3   2   3
Met ATG   4   4   4   4   4   4 |     ACG   0   0   0   0   2   0 |     AAG   5   5   6   5   5   5 |     AGG   0   0   0   0   1   0
--------------------------------------------------------------------------------------------------------------------------------------
Val GTT   1   0   1   1   0   1 | Ala GCT   2   1   1   2   1   1 | Asp GAT   3   3   3   3   3   3 | Gly GGT   5   4   4   5   4   5
    GTC   3   2   3   3   2   3 |     GCC   0   0   1   0   1   1 |     GAC   4   4   4   4   4   4 |     GGC   2   2   3   2   3   2
    GTA   3   3   3   3   3   3 |     GCA   3   3   2   3   3   3 | Glu GAA   3   3   3   3   3   3 |     GGA   4   5   4   4   4   4
    GTG   2   4   2   2   4   2 |     GCG   0   1   1   0   0   0 |     GAG   1   1   1   1   1   1 |     GGG   3   3   3   3   3   3
--------------------------------------------------------------------------------------------------------------------------------------

--------------------------------------------------------------------------------------------------------------------------------------
Phe TTT   2   2   2   2   2   2 | Ser TCT   1   1   1   1   1   1 | Tyr TAT   0   0   0   1   0   0 | Cys TGT   0   0   0   0   0   0
    TTC   2   2   2   2   2   2 |     TCC   0   0   0   0   0   0 |     TAC   4   4   4   3   4   4 |     TGC   2   2   2   2   2   2
Leu TTA   0   0   0   0   0   0 |     TCA   2   2   2   2   2   2 | *** TAA   0   0   0   0   0   0 | *** TGA   0   0   0   0   0   0
    TTG   4   4   4   4   4   4 |     TCG   0   0   0   0   0   0 |     TAG   0   0   0   0   0   0 | Trp TGG   0   0   0   0   0   0
--------------------------------------------------------------------------------------------------------------------------------------
Leu CTT   1   1   1   1   1   1 | Pro CCT   0   0   0   0   0   0 | His CAT   1   1   1   1   1   1 | Arg CGT   0   0   0   0   0   0
    CTC   0   0   0   0   0   0 |     CCC   0   0   0   0   0   0 |     CAC   0   0   0   0   0   0 |     CGC   0   0   0   0   0   0
    CTA   1   1   1   1   1   1 |     CCA   2   2   2   2   2   2 | Gln CAA   1   1   1   1   1   1 |     CGA   0   0   0   0   0   0
    CTG   0   0   0   0   0   0 |     CCG   0   0   0   0   0   0 |     CAG   0   0   0   0   0   0 |     CGG   2   2   2   2   2   2
--------------------------------------------------------------------------------------------------------------------------------------
Ile ATT   1   1   1   1   1   1 | Thr ACT   1   1   1   1   1   1 | Asn AAT   2   2   1   2   2   2 | Ser AGT   1   1   1   1   1   1
    ATC   2   2   2   2   2   2 |     ACC   1   1   1   1   1   1 |     AAC   1   1   2   1   1   1 |     AGC   1   1   1   1   1   1
    ATA   1   1   1   1   1   1 |     ACA   3   2   3   3   3   3 | Lys AAA   3   3   3   3   3   3 | Arg AGA   3   3   3   3   3   3
Met ATG   4   4   4   4   4   4 |     ACG   0   1   0   0   0   0 |     AAG   5   5   5   5   5   5 |     AGG   0   0   0   0   0   0
--------------------------------------------------------------------------------------------------------------------------------------
Val GTT   1   0   1   2   1   1 | Ala GCT   1   1   1   1   1   1 | Asp GAT   2   2   3   3   3   3 | Gly GGT   5   5   5   4   5   4
    GTC   3   2   3   2   3   3 |     GCC   1   1   1   1   1   1 |     GAC   5   5   4   4   4   4 |     GGC   2   2   2   3   2   3
    GTA   3   3   3   3   3   2 |     GCA   3   3   3   3   3   3 | Glu GAA   3   3   3   3   3   3 |     GGA   4   4   4   4   4   5
    GTG   2   4   2   2   2   2 |     GCG   0   0   0   0   0   0 |     GAG   1   1   1   1   1   1 |     GGG   3   3   3   3   3   3
--------------------------------------------------------------------------------------------------------------------------------------

--------------------------------------------------------------------------------------------------------------------------------------
Phe TTT   2   2   2   2   2   2 | Ser TCT   1   1   1   1   1   1 | Tyr TAT   0   0   0   0   0   0 | Cys TGT   0   0   0   0   0   0
    TTC   2   2   2   2   2   2 |     TCC   0   0   0   0   0   0 |     TAC   4   4   4   4   4   4 |     TGC   2   2   2   2   2   2
Leu TTA   0   0   0   0   0   0 |     TCA   2   2   2   2   2   2 | *** TAA   0   0   0   0   0   0 | *** TGA   0   0   0   0   0   0
    TTG   4   4   4   4   4   4 |     TCG   0   0   0   0   0   0 |     TAG   0   0   0   0   0   0 | Trp TGG   0   0   0   0   0   0
--------------------------------------------------------------------------------------------------------------------------------------
Leu CTT   1   1   1   1   1   1 | Pro CCT   0   0   0   0   0   0 | His CAT   1   1   1   1   1   1 | Arg CGT   0   0   0   0   0   0
    CTC   0   0   0   0   0   0 |     CCC   0   0   0   0   0   0 |     CAC   0   0   0   0   0   0 |     CGC   0   0   0   0   0   0
    CTA   1   1   0   1   1   1 |     CCA   2   2   2   2   2   2 | Gln CAA   1   1   1   1   1   1 |     CGA   0   0   0   0   0   0
    CTG   0   0   1   0   0   0 |     CCG   0   0   0   0   0   0 |     CAG   0   0   0   0   0   0 |     CGG   2   2   2   2   2   2
--------------------------------------------------------------------------------------------------------------------------------------
Ile ATT   1   1   1   1   1   2 | Thr ACT   1   1   1   1   1   1 | Asn AAT   2   2   2   2   2   2 | Ser AGT   1   1   1   1   1   1
    ATC   2   2   2   2   2   1 |     ACC   1   1   1   1   1   1 |     AAC   1   1   1   1   1   1 |     AGC   1   1   1   1   1   1
    ATA   1   1   1   1   1   1 |     ACA   3   3   3   3   2   3 | Lys AAA   3   3   2   3   3   3 | Arg AGA   3   3   3   3   3   3
Met ATG   4   4   4   4   4   4 |     ACG   0   0   0   0   1   0 |     AAG   5   5   6   5   5   5 |     AGG   0   0   0   0   0   0
--------------------------------------------------------------------------------------------------------------------------------------
Val GTT   1   1   1   1   0   1 | Ala GCT   1   1   1   1   1   1 | Asp GAT   3   3   3   3   2   2 | Gly GGT   5   5   4   4   5   5
    GTC   3   3   3   3   2   3 |     GCC   1   1   1   1   1   1 |     GAC   4   4   4   4   5   5 |     GGC   2   2   4   3   2   2
    GTA   2   3   3   2   3   3 |     GCA   3   3   2   3   3   3 | Glu GAA   3   3   3   3   3   3 |     GGA   5   4   3   5   4   4
    GTG   2   2   2   2   4   2 |     GCG   0   0   1   0   0   0 |     GAG   1   1   1   1   1   1 |     GGG   3   3   3   3   3   3
--------------------------------------------------------------------------------------------------------------------------------------

--------------------------------------------------------------------------------------------------------------------------------------
Phe TTT   2   2   2   2   2   2 | Ser TCT   1   1   1   1   1   1 | Tyr TAT   0   0   0   0   1   1 | Cys TGT   0   0   0   0   0   0
    TTC   2   2   2   2   2   2 |     TCC   0   0   0   0   0   0 |     TAC   4   4   4   4   3   3 |     TGC   2   2   2   2   2   2
Leu TTA   0   0   0   0   0   0 |     TCA   2   2   1   2   2   2 | *** TAA   0   0   0   0   0   0 | *** TGA   0   0   0   0   0   0
    TTG   4   4   4   4   4   4 |     TCG   0   0   1   0   0   0 |     TAG   0   0   0   0   0   0 | Trp TGG   0   0   0   0   0   0
--------------------------------------------------------------------------------------------------------------------------------------
Leu CTT   1   1   1   1   1   1 | Pro CCT   0   0   1   0   0   0 | His CAT   1   1   1   1   1   1 | Arg CGT   0   0   0   0   0   0
    CTC   0   0   0   0   0   0 |     CCC   0   0   0   0   0   0 |     CAC   0   0   0   0   0   0 |     CGC   0   0   0   0   0   0
    CTA   1   1   1   1   1   1 |     CCA   2   2   1   2   2   2 | Gln CAA   1   1   1   1   1   1 |     CGA   0   0   0   0   0   0
    CTG   0   0   0   0   0   0 |     CCG   0   0   0   0   0   0 |     CAG   0   0   0   0   0   0 |     CGG   2   2   2   2   2   2
--------------------------------------------------------------------------------------------------------------------------------------
Ile ATT   1   1   1   1   1   1 | Thr ACT   1   1   1   1   1   1 | Asn AAT   2   2   2   2   2   2 | Ser AGT   1   1   1   1   1   1
    ATC   2   2   2   2   2   2 |     ACC   1   1   1   1   1   1 |     AAC   1   1   1   1   1   1 |     AGC   1   1   1   1   1   1
    ATA   1   1   1   1   1   1 |     ACA   3   3   2   3   3   3 | Lys AAA   3   3   3   3   3   3 | Arg AGA   3   3   3   3   3   3
Met ATG   4   4   4   4   4   4 |     ACG   0   0   1   0   0   0 |     AAG   5   5   5   5   5   5 |     AGG   0   0   0   0   0   0
--------------------------------------------------------------------------------------------------------------------------------------
Val GTT   1   1   1   1   0   0 | Ala GCT   1   2   1   1   1   1 | Asp GAT   3   3   4   3   3   3 | Gly GGT   5   5   4   5   4   4
    GTC   2   3   2   3   2   2 |     GCC   1   0   0   1   1   1 |     GAC   4   4   3   4   4   4 |     GGC   2   2   3   2   2   2
    GTA   3   3   3   3   3   3 |     GCA   3   3   3   3   3   3 | Glu GAA   3   3   3   3   3   3 |     GGA   4   4   4   4   5   5
    GTG   3   2   3   2   4   4 |     GCG   0   0   1   0   0   0 |     GAG   1   1   1   1   1   1 |     GGG   3   3   3   3   3   3
--------------------------------------------------------------------------------------------------------------------------------------

Codon position x base (3x4) table for each sequence.

#1: Argali         
position  1:    T:0.18280    C:0.08602    A:0.31183    G:0.41935
position  2:    T:0.29032    C:0.16129    A:0.30108    G:0.24731
position  3:    T:0.21505    C:0.24731    A:0.31183    G:0.22581
Average         T:0.22939    C:0.16487    A:0.30824    G:0.29749

#2: LesserMouseDeer
position  1:    T:0.18280    C:0.08602    A:0.31183    G:0.41935
position  2:    T:0.29032    C:0.16129    A:0.30108    G:0.24731
position  3:    T:0.21505    C:0.24731    A:0.31183    G:0.22581
Average         T:0.22939    C:0.16487    A:0.30824    G:0.29749

#3: LesserKudu     
position  1:    T:0.18280    C:0.08602    A:0.31183    G:0.41935
position  2:    T:0.29032    C:0.16129    A:0.30108    G:0.24731
position  3:    T:0.20430    C:0.22581    A:0.32258    G:0.24731
Average         T:0.22581    C:0.15771    A:0.31183    G:0.30466

#4: ForestMuskDeer2
position  1:    T:0.18280    C:0.08602    A:0.31183    G:0.41935
position  2:    T:0.29032    C:0.16129    A:0.30108    G:0.24731
position  3:    T:0.21505    C:0.24731    A:0.31183    G:0.22581
Average         T:0.22939    C:0.16487    A:0.30824    G:0.29749

#5: Camel          
position  1:    T:0.18280    C:0.08602    A:0.31183    G:0.41935
position  2:    T:0.29032    C:0.16129    A:0.30108    G:0.24731
position  3:    T:0.20430    C:0.25806    A:0.31183    G:0.22581
Average         T:0.22581    C:0.16846    A:0.30824    G:0.29749

#6: KillerWhale    
position  1:    T:0.18280    C:0.08602    A:0.31183    G:0.41935
position  2:    T:0.29032    C:0.16129    A:0.29032    G:0.25806
position  3:    T:0.21505    C:0.24731    A:0.32258    G:0.21505
Average         T:0.22939    C:0.16487    A:0.30824    G:0.29749

#7: DefassaWaterbuck
position  1:    T:0.18280    C:0.08602    A:0.31183    G:0.41935
position  2:    T:0.29032    C:0.16129    A:0.30108    G:0.24731
position  3:    T:0.21505    C:0.24731    A:0.31183    G:0.22581
Average         T:0.22939    C:0.16487    A:0.30824    G:0.29749

#8: Sheep          
position  1:    T:0.18280    C:0.08602    A:0.31183    G:0.41935
position  2:    T:0.29032    C:0.16129    A:0.30108    G:0.24731
position  3:    T:0.22581    C:0.23656    A:0.31183    G:0.22581
Average         T:0.23297    C:0.16129    A:0.30824    G:0.29749

#9: MaxwellsDuiker 
position  1:    T:0.18280    C:0.08602    A:0.31183    G:0.41935
position  2:    T:0.29032    C:0.16129    A:0.30108    G:0.24731
position  3:    T:0.20430    C:0.25806    A:0.31183    G:0.22581
Average         T:0.22581    C:0.16846    A:0.30824    G:0.29749

#10: GazellaPrzewalskyi
position  1:    T:0.18280    C:0.08602    A:0.31183    G:0.41935
position  2:    T:0.29032    C:0.16129    A:0.30108    G:0.24731
position  3:    T:0.21505    C:0.24731    A:0.32258    G:0.21505
Average         T:0.22939    C:0.16487    A:0.31183    G:0.29391

#11: MountainNyala  
position  1:    T:0.18280    C:0.08602    A:0.31183    G:0.41935
position  2:    T:0.29032    C:0.16129    A:0.30108    G:0.24731
position  3:    T:0.20430    C:0.22581    A:0.32258    G:0.24731
Average         T:0.22581    C:0.15771    A:0.31183    G:0.30466

#12: MuntiacusMuntjak
position  1:    T:0.18280    C:0.08602    A:0.31183    G:0.41935
position  2:    T:0.29032    C:0.16129    A:0.30108    G:0.24731
position  3:    T:0.20430    C:0.25806    A:0.27957    G:0.25806
Average         T:0.22581    C:0.16846    A:0.29749    G:0.30824

#13: goat           
position  1:    T:0.18280    C:0.08602    A:0.31183    G:0.41935
position  2:    T:0.29032    C:0.16129    A:0.30108    G:0.24731
position  3:    T:0.21505    C:0.24731    A:0.31183    G:0.22581
Average         T:0.22939    C:0.16487    A:0.30824    G:0.29749

#14: AfricanBuffalo 
position  1:    T:0.18280    C:0.08602    A:0.31183    G:0.41935
position  2:    T:0.29032    C:0.16129    A:0.30108    G:0.24731
position  3:    T:0.19355    C:0.24731    A:0.30108    G:0.25806
Average         T:0.22222    C:0.16487    A:0.30466    G:0.30824

#15: Topi           
position  1:    T:0.18280    C:0.08602    A:0.31183    G:0.41935
position  2:    T:0.29032    C:0.16129    A:0.30108    G:0.24731
position  3:    T:0.21505    C:0.24731    A:0.31183    G:0.22581
Average         T:0.22939    C:0.16487    A:0.30824    G:0.29749

#16: CommonDuiker   
position  1:    T:0.18280    C:0.08602    A:0.31183    G:0.41935
position  2:    T:0.29032    C:0.16129    A:0.30108    G:0.24731
position  3:    T:0.21505    C:0.24731    A:0.31183    G:0.22581
Average         T:0.22939    C:0.16487    A:0.30824    G:0.29749

#17: Suni           
position  1:    T:0.18280    C:0.08602    A:0.31183    G:0.41935
position  2:    T:0.29032    C:0.16129    A:0.30108    G:0.24731
position  3:    T:0.21505    C:0.23656    A:0.31183    G:0.23656
Average         T:0.22939    C:0.16129    A:0.30824    G:0.30108

#18: Springbuck     
position  1:    T:0.18280    C:0.08602    A:0.31183    G:0.41935
position  2:    T:0.29032    C:0.16129    A:0.30108    G:0.24731
position  3:    T:0.21505    C:0.24731    A:0.31183    G:0.22581
Average         T:0.22939    C:0.16487    A:0.30824    G:0.29749

#19: Okapi          
position  1:    T:0.18280    C:0.08602    A:0.31183    G:0.41935
position  2:    T:0.29032    C:0.16129    A:0.30108    G:0.24731
position  3:    T:0.21505    C:0.25806    A:0.31183    G:0.21505
Average         T:0.22939    C:0.16846    A:0.30824    G:0.29391

#20: Giraffe        
position  1:    T:0.18280    C:0.08602    A:0.31183    G:0.41935
position  2:    T:0.29032    C:0.16129    A:0.30108    G:0.24731
position  3:    T:0.22581    C:0.24731    A:0.31183    G:0.21505
Average         T:0.23297    C:0.16487    A:0.30824    G:0.29391

#21: TibetanAntelope
position  1:    T:0.18280    C:0.08602    A:0.31183    G:0.41935
position  2:    T:0.29032    C:0.16129    A:0.30108    G:0.24731
position  3:    T:0.21505    C:0.24731    A:0.31183    G:0.22581
Average         T:0.22939    C:0.16487    A:0.30824    G:0.29749

#22: Sitatunga      
position  1:    T:0.18280    C:0.08602    A:0.31183    G:0.41935
position  2:    T:0.29032    C:0.16129    A:0.30108    G:0.24731
position  3:    T:0.20430    C:0.22581    A:0.32258    G:0.24731
Average         T:0.22581    C:0.15771    A:0.31183    G:0.30466

#23: Oribi          
position  1:    T:0.18280    C:0.08602    A:0.31183    G:0.41935
position  2:    T:0.29032    C:0.16129    A:0.30108    G:0.24731
position  3:    T:0.21505    C:0.24731    A:0.31183    G:0.22581
Average         T:0.22939    C:0.16487    A:0.30824    G:0.29749

#24: BarbarySheep   
position  1:    T:0.18280    C:0.08602    A:0.31183    G:0.41935
position  2:    T:0.29032    C:0.16129    A:0.30108    G:0.24731
position  3:    T:0.21505    C:0.24731    A:0.31183    G:0.22581
Average         T:0.22939    C:0.16487    A:0.30824    G:0.29749

#25: Daviddeer      
position  1:    T:0.18280    C:0.08602    A:0.31183    G:0.41935
position  2:    T:0.27957    C:0.16129    A:0.30108    G:0.25806
position  3:    T:0.21505    C:0.24731    A:0.31183    G:0.22581
Average         T:0.22581    C:0.16487    A:0.30824    G:0.30108

#26: Reindeer       
position  1:    T:0.18280    C:0.08602    A:0.31183    G:0.41935
position  2:    T:0.27957    C:0.16129    A:0.30108    G:0.25806
position  3:    T:0.19355    C:0.26882    A:0.30108    G:0.23656
Average         T:0.21864    C:0.17204    A:0.30466    G:0.30466

#27: Ibex           
position  1:    T:0.18280    C:0.08602    A:0.31183    G:0.41935
position  2:    T:0.29032    C:0.16129    A:0.30108    G:0.24731
position  3:    T:0.21505    C:0.24731    A:0.31183    G:0.22581
Average         T:0.22939    C:0.16487    A:0.30824    G:0.29749

#28: GyrantGazelle  
position  1:    T:0.18280    C:0.08602    A:0.31183    G:0.41935
position  2:    T:0.29032    C:0.16129    A:0.30108    G:0.24731
position  3:    T:0.21505    C:0.24731    A:0.31183    G:0.22581
Average         T:0.22939    C:0.16487    A:0.30824    G:0.29749

#29: Hartebeest     
position  1:    T:0.18280    C:0.08602    A:0.31183    G:0.41935
position  2:    T:0.29032    C:0.16129    A:0.30108    G:0.24731
position  3:    T:0.21505    C:0.24731    A:0.31183    G:0.22581
Average         T:0.22939    C:0.16487    A:0.30824    G:0.29749

#30: Bongo          
position  1:    T:0.18280    C:0.08602    A:0.31183    G:0.41935
position  2:    T:0.29032    C:0.16129    A:0.30108    G:0.24731
position  3:    T:0.20430    C:0.22581    A:0.32258    G:0.24731
Average         T:0.22581    C:0.15771    A:0.31183    G:0.30466

#31: Gerenuk        
position  1:    T:0.18280    C:0.08602    A:0.31183    G:0.41935
position  2:    T:0.29032    C:0.16129    A:0.30108    G:0.24731
position  3:    T:0.22581    C:0.23656    A:0.29032    G:0.24731
Average         T:0.23297    C:0.16129    A:0.30108    G:0.30466

#32: CommonEland    
position  1:    T:0.18280    C:0.08602    A:0.31183    G:0.41935
position  2:    T:0.29032    C:0.16129    A:0.30108    G:0.24731
position  3:    T:0.20430    C:0.21505    A:0.32258    G:0.25806
Average         T:0.22581    C:0.15412    A:0.31183    G:0.30824

#33: MuntiacusReevesi
position  1:    T:0.18280    C:0.08602    A:0.31183    G:0.41935
position  2:    T:0.29032    C:0.16129    A:0.30108    G:0.24731
position  3:    T:0.19355    C:0.25806    A:0.27957    G:0.26882
Average         T:0.22222    C:0.16846    A:0.29749    G:0.31183

#34: HarveysDuiker  
position  1:    T:0.18280    C:0.08602    A:0.31183    G:0.41935
position  2:    T:0.29032    C:0.16129    A:0.30108    G:0.24731
position  3:    T:0.22581    C:0.23656    A:0.31183    G:0.22581
Average         T:0.23297    C:0.16129    A:0.30824    G:0.29749

#35: Pronghorn      
position  1:    T:0.18280    C:0.08602    A:0.31183    G:0.41935
position  2:    T:0.29032    C:0.16129    A:0.30108    G:0.24731
position  3:    T:0.19355    C:0.24731    A:0.26882    G:0.29032
Average         T:0.22222    C:0.16487    A:0.29391    G:0.31900

#36: BlueWildebeest 
position  1:    T:0.18280    C:0.08602    A:0.31183    G:0.41935
position  2:    T:0.29032    C:0.16129    A:0.30108    G:0.24731
position  3:    T:0.21505    C:0.24731    A:0.31183    G:0.22581
Average         T:0.22939    C:0.16487    A:0.30824    G:0.29749

#37: Gemsbok        
position  1:    T:0.18280    C:0.08602    A:0.31183    G:0.41935
position  2:    T:0.29032    C:0.16129    A:0.30108    G:0.24731
position  3:    T:0.20430    C:0.25806    A:0.31183    G:0.22581
Average         T:0.22581    C:0.16846    A:0.30824    G:0.29749

#38: Yak            
position  1:    T:0.18280    C:0.08602    A:0.31183    G:0.41935
position  2:    T:0.29032    C:0.16129    A:0.30108    G:0.24731
position  3:    T:0.19355    C:0.24731    A:0.30108    G:0.25806
Average         T:0.22222    C:0.16487    A:0.30466    G:0.30824

#39: BlueSheep      
position  1:    T:0.18280    C:0.08602    A:0.31183    G:0.41935
position  2:    T:0.29032    C:0.16129    A:0.30108    G:0.24731
position  3:    T:0.20430    C:0.25806    A:0.31183    G:0.22581
Average         T:0.22581    C:0.16846    A:0.30824    G:0.29749

#40: BohorReedbuck  
position  1:    T:0.18280    C:0.08602    A:0.31183    G:0.41935
position  2:    T:0.29032    C:0.16129    A:0.30108    G:0.24731
position  3:    T:0.22581    C:0.23656    A:0.31183    G:0.22581
Average         T:0.23297    C:0.16129    A:0.30824    G:0.29749

#41: KirksDik       
position  1:    T:0.18280    C:0.08602    A:0.31183    G:0.41935
position  2:    T:0.29032    C:0.16129    A:0.30108    G:0.24731
position  3:    T:0.21505    C:0.24731    A:0.31183    G:0.22581
Average         T:0.22939    C:0.16487    A:0.30824    G:0.29749

#42: RoeDeer        
position  1:    T:0.18280    C:0.08602    A:0.31183    G:0.41935
position  2:    T:0.27957    C:0.16129    A:0.30108    G:0.25806
position  3:    T:0.20430    C:0.25806    A:0.31183    G:0.22581
Average         T:0.22222    C:0.16846    A:0.30824    G:0.30108

#43: WhiteLippedDeer
position  1:    T:0.18280    C:0.08602    A:0.31183    G:0.41935
position  2:    T:0.27957    C:0.16129    A:0.30108    G:0.25806
position  3:    T:0.21505    C:0.24731    A:0.31183    G:0.22581
Average         T:0.22581    C:0.16487    A:0.30824    G:0.30108

#44: ThomsonGazelle 
position  1:    T:0.18280    C:0.08602    A:0.31183    G:0.41935
position  2:    T:0.29032    C:0.16129    A:0.30108    G:0.24731
position  3:    T:0.21505    C:0.24731    A:0.31183    G:0.22581
Average         T:0.22939    C:0.16487    A:0.30824    G:0.29749

#45: MuntiacusCrinifrons
position  1:    T:0.18280    C:0.08602    A:0.31183    G:0.41935
position  2:    T:0.29032    C:0.16129    A:0.30108    G:0.24731
position  3:    T:0.20430    C:0.26882    A:0.26882    G:0.25806
Average         T:0.22581    C:0.17204    A:0.29391    G:0.30824

#46: WhiteTailedDeer
position  1:    T:0.18280    C:0.08602    A:0.31183    G:0.41935
position  2:    T:0.27957    C:0.16129    A:0.30108    G:0.25806
position  3:    T:0.20430    C:0.25806    A:0.31183    G:0.22581
Average         T:0.22222    C:0.16846    A:0.30824    G:0.30108

#47: Cattle         
position  1:    T:0.18280    C:0.08602    A:0.31183    G:0.41935
position  2:    T:0.29032    C:0.16129    A:0.30108    G:0.24731
position  3:    T:0.19355    C:0.24731    A:0.30108    G:0.25806
Average         T:0.22222    C:0.16487    A:0.30466    G:0.30824

#48: RoyalAntelope  
position  1:    T:0.18280    C:0.08602    A:0.31183    G:0.41935
position  2:    T:0.29032    C:0.16129    A:0.30108    G:0.24731
position  3:    T:0.21505    C:0.24731    A:0.31183    G:0.22581
Average         T:0.22939    C:0.16487    A:0.30824    G:0.29749

#49: Steenbok       
position  1:    T:0.18280    C:0.08602    A:0.31183    G:0.41935
position  2:    T:0.29032    C:0.16129    A:0.30108    G:0.24731
position  3:    T:0.21505    C:0.23656    A:0.31183    G:0.23656
Average         T:0.22939    C:0.16129    A:0.30824    G:0.30108

#50: Impala         
position  1:    T:0.18280    C:0.08602    A:0.31183    G:0.41935
position  2:    T:0.29032    C:0.16129    A:0.30108    G:0.24731
position  3:    T:0.22581    C:0.23656    A:0.31183    G:0.22581
Average         T:0.23297    C:0.16129    A:0.30824    G:0.29749

#51: Klipspringer   
position  1:    T:0.18280    C:0.08602    A:0.31183    G:0.41935
position  2:    T:0.29032    C:0.16129    A:0.30108    G:0.24731
