1
52 1
Argali 0.000000 0.189700 0.056100 0.151300 0.045200 0.002000 0.034100 0.044400 0.042800 0.065400 0.023300 0.040700 0.021100 0.025500 0.032000 0.040600 0.054300 0.058700 0.033900 0.045000 0.023200 0.014700 0.056000 0.063100 0.023200 0.038300 0.023300 0.045000 0.036200 0.045000 0.061000 0.019000 0.092600 0.014700 0.016900 0.042900 0.023200 0.038500 0.034000 0.058600 0.055900 0.038300 0.069700 0.058400 0.042900 0.038500 0.034000 0.034200 0.046900 0.047400 0.047300 0.065100
LesserMous 0.189700 0.000000 0.201400 0.226900 0.189800 0.187100 0.189400 0.197300 0.170100 0.194500 0.182200 0.178800 0.195000 0.182100 0.192600 0.192400 0.195900 0.177100 0.192100 0.172500 0.197100 0.182400 0.189200 0.202400 0.182100 0.184600 0.197700 0.172500 0.192200 0.172600 0.197300 0.179400 0.210000 0.192400 0.189800 0.179100 0.189800 0.184500 0.200500 0.186700 0.191500 0.189700 0.204200 0.192000 0.179100 0.198200 0.192200 0.179500 0.197500 0.177000 0.170000 0.183000
LesserKudu 0.056100 0.201400 0.000000 0.158500 0.072100 0.058300 0.060600 0.080500 0.025300 0.078800 0.067400 0.049300 0.058500 0.056100 0.060700 0.069700 0.072100 0.062900 0.069400 0.027400 0.062800 0.063000 0.062800 0.071900 0.071900 0.071900 0.060600 0.026200 0.065000 0.026200 0.074300 0.049500 0.106100 0.056200 0.060600 0.053800 0.074200 0.067500 0.060600 0.067300 0.062700 0.067400 0.083000 0.074100 0.053800 0.067600 0.065200 0.058400 0.078600 0.069600 0.031700 0.047000
KillerWhal 0.151300 0.226900 0.158500 0.000000 0.154400 0.153700 0.156600 0.165700 0.148500 0.172000 0.159100 0.153900 0.149000 0.149300 0.156400 0.151100 0.172500 0.154300 0.160900 0.150900 0.151100 0.156500 0.166900 0.169700 0.159000 0.153700 0.151500 0.145800 0.148700 0.145900 0.172300 0.146600 0.171600 0.146500 0.156400 0.153700 0.158900 0.154500 0.163900 0.172000 0.164200 0.153700 0.176400 0.171700 0.153600 0.159400 0.161500 0.156800 0.161700 0.156000 0.148500 0.168400
DefassaWat 0.045200 0.189800 0.072100 0.154400 0.000000 0.042900 0.045100 0.055800 0.054000 0.081600 0.056400 0.052000 0.047500 0.036400 0.045200 0.058500 0.061200 0.065600 0.062900 0.056200 0.038500 0.043000 0.065300 0.070000 0.056300 0.045200 0.051900 0.056200 0.056200 0.056200 0.077100 0.029800 0.099700 0.043000 0.045200 0.061000 0.051800 0.008400 0.045200 0.069900 0.065200 0.045200 0.085900 0.076800 0.061000 0.052000 0.049600 0.047400 0.051800 0.058800 0.051800 0.072000
Sheep 0.002000 0.187100 0.058300 0.153700 0.042900 0.000000 0.031900 0.042200 0.040600 0.067700 0.021100 0.038500 0.023300 0.023300 0.029800 0.038400 0.056600 0.056500 0.031800 0.042800 0.021100 0.012600 0.053800 0.060900 0.021100 0.036200 0.025400 0.042800 0.038300 0.042800 0.063200 0.016900 0.090200 0.016800 0.014700 0.040700 0.021100 0.036300 0.031900 0.056300 0.053700 0.036200 0.071900 0.056200 0.040700 0.036300 0.031900 0.032100 0.044700 0.045100 0.045000 0.062800
MaxwellsDu 0.034100 0.189400 0.060600 0.156600 0.045100 0.031900 0.000000 0.049000 0.047200 0.070000 0.049500 0.045100 0.038500 0.025500 0.029900 0.045000 0.056600 0.056500 0.047100 0.049400 0.031900 0.036300 0.054100 0.063100 0.049500 0.042800 0.038500 0.049400 0.042800 0.047200 0.065500 0.019000 0.097200 0.036300 0.029800 0.049700 0.049500 0.040700 0.038500 0.058500 0.054000 0.042800 0.074200 0.065300 0.049600 0.040800 0.038500 0.034200 0.045000 0.051900 0.051700 0.067300
GazellaPrz 0.044400 0.197300 0.080500 0.165700 0.055800 0.042200 0.049000 0.000000 0.057800 0.080900 0.055600 0.060200 0.048800 0.035700 0.046800 0.044500 0.074200 0.074100 0.057600 0.060000 0.024700 0.046700 0.069300 0.073900 0.055600 0.040100 0.051100 0.060000 0.037900 0.060000 0.076300 0.033600 0.094100 0.046700 0.044500 0.062500 0.051100 0.051300 0.035700 0.069200 0.069200 0.040100 0.085100 0.071400 0.062500 0.044600 0.035800 0.051200 0.055600 0.058100 0.062300 0.075800
MountainNy 0.042800 0.170100 0.025300 0.148500 0.054000 0.040600 0.047200 0.057800 0.000000 0.069700 0.049500 0.031800 0.049600 0.038500 0.042900 0.051700 0.054100 0.040700 0.051600 0.002100 0.045000 0.045100 0.049400 0.058400 0.049500 0.053900 0.051700 0.002100 0.051600 0.002100 0.065200 0.031900 0.087400 0.042900 0.042900 0.036200 0.051700 0.049600 0.047300 0.045000 0.049300 0.053900 0.073900 0.056100 0.036200 0.049700 0.051700 0.045100 0.051700 0.047300 0.006300 0.021000
MuntiacusM 0.065400 0.194500 0.078800 0.172000 0.081600 0.067700 0.070000 0.080900 0.069700 0.000000 0.077000 0.063000 0.072300 0.061000 0.070100 0.067800 0.072500 0.077000 0.088200 0.069600 0.067700 0.072400 0.025500 0.040800 0.081600 0.076800 0.070100 0.071900 0.074500 0.071900 0.010600 0.054200 0.094900 0.065500 0.065500 0.067700 0.083800 0.077000 0.070000 0.036400 0.027600 0.076800 0.012600 0.040800 0.067600 0.072600 0.074600 0.072400 0.079100 0.072300 0.074100 0.087900
goat 0.023300 0.182200 0.067400 0.159100 0.056400 0.021100 0.049500 0.055600 0.049500 0.077000 0.000000 0.051900 0.040700 0.040700 0.047400 0.056100 0.070300 0.065600 0.049300 0.051700 0.038400 0.021100 0.062800 0.070000 0.012600 0.049400 0.042800 0.047300 0.051600 0.051700 0.072500 0.034200 0.095000 0.034100 0.031900 0.054100 0.025400 0.054100 0.049400 0.065400 0.062700 0.049400 0.081200 0.065300 0.054000 0.049700 0.049400 0.045300 0.058100 0.058600 0.054000 0.067400
AfricanBuf 0.040700 0.178800 0.049300 0.153900 0.052000 0.038500 0.045100 0.060200 0.031800 0.063000 0.051900 0.000000 0.043100 0.036400 0.045200 0.049600 0.045300 0.045200 0.058400 0.034000 0.042900 0.043000 0.051800 0.060800 0.056300 0.051800 0.045200 0.034000 0.054000 0.034000 0.058600 0.029800 0.080800 0.036400 0.040800 0.021200 0.054100 0.047500 0.045200 0.056200 0.051700 0.051800 0.071800 0.063000 0.021200 0.052000 0.045200 0.047400 0.054000 0.049600 0.038400 0.053700
Topi 0.021100 0.195000 0.058500 0.149000 0.047500 0.023300 0.038500 0.048800 0.049600 0.072300 0.040700 0.043100 0.000000 0.034200 0.033900 0.040600 0.056400 0.065400 0.038300 0.051700 0.036200 0.027600 0.060600 0.069800 0.040700 0.042800 0.019000 0.051700 0.040600 0.051800 0.067800 0.027600 0.106300 0.014800 0.025500 0.049600 0.036300 0.043000 0.038500 0.065200 0.060500 0.042800 0.076600 0.067400 0.049600 0.047400 0.042800 0.042700 0.051400 0.053900 0.049500 0.073900
CommonDuik 0.025500 0.182100 0.056100 0.149300 0.036400 0.023300 0.025500 0.035700 0.038500 0.061000 0.040700 0.036400 0.034200 0.000000 0.025600 0.038500 0.049900 0.049800 0.038400 0.040600 0.023300 0.027700 0.045200 0.054200 0.040700 0.034100 0.032000 0.040600 0.031900 0.040700 0.056500 0.006300 0.078800 0.027600 0.025500 0.040800 0.040700 0.032000 0.029800 0.049700 0.045200 0.034100 0.065200 0.056400 0.040800 0.027800 0.025500 0.027700 0.034100 0.038700 0.042900 0.060600
Suni 0.032000 0.192600 0.060700 0.156400 0.045200 0.029800 0.029900 0.046800 0.042900 0.070100 0.047400 0.045200 0.033900 0.025600 0.000000 0.042900 0.054400 0.054300 0.040600 0.045100 0.029800 0.034200 0.054200 0.058700 0.043000 0.038500 0.036400 0.045100 0.040700 0.045100 0.065600 0.019100 0.097300 0.032000 0.032000 0.045200 0.045100 0.040800 0.036300 0.054200 0.054100 0.038500 0.074300 0.058500 0.045200 0.036500 0.036400 0.036500 0.040800 0.045200 0.047100 0.065200
Springbuck 0.040600 0.192400 0.069700 0.151100 0.058500 0.038400 0.045000 0.044500 0.051700 0.067800 0.056100 0.049600 0.040600 0.038500 0.042900 0.000000 0.065700 0.061100 0.058100 0.053900 0.027500 0.042800 0.051900 0.065500 0.056100 0.029700 0.042800 0.053900 0.027600 0.049500 0.063300 0.031900 0.099600 0.038400 0.036200 0.051800 0.051600 0.054000 0.034000 0.060900 0.051800 0.029700 0.072000 0.063000 0.051800 0.051800 0.038400 0.043000 0.045000 0.054100 0.056200 0.074200
Okapi 0.054300 0.195900 0.072100 0.172500 0.061200 0.056600 0.056600 0.074200 0.054100 0.072500 0.070300 0.045300 0.056400 0.049900 0.054400 0.065700 0.000000 0.032200 0.072400 0.056300 0.056500 0.061200 0.061000 0.070200 0.070300 0.065600 0.058900 0.056300 0.063300 0.056300 0.070300 0.043200 0.083600 0.049900 0.058900 0.058800 0.072500 0.061100 0.058900 0.065600 0.065400 0.065600 0.079000 0.072400 0.058800 0.065900 0.063400 0.061200 0.063400 0.054400 0.058300 0.076700
Giraffe 0.058700 0.177100 0.062900 0.154300 0.065600 0.056500 0.056500 0.074100 0.040700 0.077000 0.065600 0.045200 0.065400 0.049800 0.054300 0.061100 0.032200 0.000000 0.063100 0.042900 0.056500 0.061100 0.056400 0.065500 0.065600 0.065500 0.063300 0.042900 0.058700 0.038500 0.074700 0.043100 0.072000 0.058800 0.058800 0.049800 0.072400 0.065500 0.058800 0.061000 0.060800 0.065500 0.083500 0.067700 0.049700 0.061200 0.058800 0.052100 0.063200 0.049800 0.044800 0.058400
TibetanAnt 0.033900 0.192100 0.069400 0.160900 0.062900 0.031800 0.047100 0.057600 0.051600 0.088200 0.049300 0.058400 0.038300 0.038400 0.040600 0.058100 0.072400 0.063100 0.000000 0.053800 0.044800 0.036200 0.072000 0.081200 0.044900 0.055800 0.036200 0.053800 0.053600 0.053800 0.083700 0.036200 0.111100 0.036100 0.034000 0.060600 0.049200 0.058300 0.047000 0.071800 0.071900 0.055800 0.092400 0.078700 0.060500 0.042800 0.047100 0.054000 0.058200 0.051700 0.056000 0.064900
Sitatunga 0.045000 0.172500 0.027400 0.150900 0.056200 0.042800 0.049400 0.060000 0.002100 0.069600 0.051700 0.034000 0.051700 0.040600 0.045100 0.053900 0.056300 0.042900 0.053800 0.000000 0.047200 0.047300 0.051600 0.060500 0.051700 0.056100 0.053900 0.004100 0.053800 0.004100 0.067400 0.034100 0.089700 0.045000 0.045000 0.038400 0.053900 0.051700 0.049400 0.047200 0.051500 0.056100 0.076100 0.058300 0.038400 0.051800 0.053900 0.047300 0.053800 0.049500 0.008200 0.023200
Oribi 0.023200 0.197100 0.062800 0.151100 0.038500 0.021100 0.031900 0.024700 0.045000 0.067700 0.038400 0.042900 0.036200 0.023300 0.029800 0.027500 0.056500 0.056500 0.044800 0.047200 0.000000 0.029700 0.051800 0.056300 0.038400 0.023200 0.038400 0.047200 0.025400 0.047200 0.063200 0.016900 0.090100 0.029700 0.027500 0.045100 0.034000 0.034100 0.019000 0.056300 0.051700 0.023200 0.071900 0.058400 0.045100 0.036300 0.023200 0.034200 0.042800 0.045100 0.049400 0.067300
BarbaryShe 0.014700 0.182400 0.063000 0.156500 0.043000 0.012600 0.036300 0.046700 0.045100 0.072400 0.021100 0.043000 0.027600 0.027700 0.034200 0.042800 0.061200 0.061100 0.036200 0.047300 0.029700 0.000000 0.058400 0.065500 0.021100 0.036200 0.029800 0.047300 0.042800 0.047300 0.070000 0.021200 0.095000 0.021200 0.019000 0.045200 0.021100 0.040800 0.036300 0.060900 0.058300 0.036200 0.076600 0.060800 0.045200 0.040800 0.036300 0.036500 0.049200 0.049700 0.049600 0.063000
Daviddeer 0.056000 0.189200 0.062800 0.166900 0.065300 0.053800 0.054100 0.069300 0.049400 0.025500 0.062800 0.051800 0.060600 0.045200 0.054200 0.051900 0.061000 0.056400 0.072000 0.051600 0.051800 0.058400 0.000000 0.019100 0.067400 0.060800 0.058600 0.051600 0.058500 0.051600 0.021200 0.038600 0.090100 0.054100 0.049600 0.056300 0.069600 0.060800 0.054100 0.016900 0.008200 0.060800 0.029700 0.019000 0.056300 0.061100 0.058600 0.051900 0.063000 0.054100 0.053500 0.071800
Reindeer 0.063100 0.202400 0.071900 0.169700 0.070000 0.060900 0.063100 0.073900 0.058400 0.040800 0.070000 0.060800 0.069800 0.054200 0.058700 0.065500 0.070200 0.065500 0.081200 0.060500 0.056300 0.065500 0.019100 0.000000 0.074600 0.069900 0.067800 0.060600 0.067600 0.060600 0.036500 0.047500 0.090300 0.063200 0.058700 0.065400 0.067700 0.065400 0.063200 0.023400 0.023300 0.069900 0.045000 0.016900 0.065300 0.070200 0.067700 0.061000 0.076700 0.063200 0.062600 0.081000
Ibex 0.023200 0.182100 0.071900 0.159000 0.056300 0.021100 0.049500 0.055600 0.049500 0.081600 0.012600 0.056300 0.040700 0.040700 0.043000 0.056100 0.070300 0.065600 0.044900 0.051700 0.038400 0.021100 0.067400 0.074600 0.000000 0.049300 0.042800 0.047300 0.051500 0.051700 0.077000 0.034100 0.099700 0.034100 0.031900 0.058500 0.025400 0.054100 0.049400 0.065400 0.067300 0.049300 0.085800 0.069800 0.058500 0.049600 0.049400 0.045300 0.053600 0.058600 0.054000 0.067400
GyrantGaze 0.038300 0.184600 0.071900 0.153700 0.045200 0.036200 0.042800 0.040100 0.053900 0.076800 0.049400 0.051800 0.042800 0.034100 0.038500 0.029700 0.065600 0.065500 0.055800 0.056100 0.023200 0.036200 0.060800 0.069900 0.049300 0.000000 0.045000 0.056100 0.023200 0.056100 0.072300 0.027600 0.099400 0.036200 0.038400 0.054000 0.044900 0.045100 0.029700 0.065300 0.060700 0.004200 0.081000 0.067400 0.054000 0.047300 0.034000 0.043000 0.049400 0.045200 0.053900 0.071800
Hartebeest 0.023300 0.197700 0.060600 0.151500 0.051900 0.025400 0.038500 0.051100 0.051700 0.070100 0.042800 0.045200 0.019000 0.032000 0.036400 0.042800 0.058900 0.063300 0.036200 0.053900 0.038400 0.029800 0.058600 0.067800 0.042800 0.045000 0.000000 0.053900 0.034100 0.049500 0.065600 0.029800 0.102100 0.016800 0.027600 0.049600 0.038400 0.047400 0.040600 0.063200 0.058600 0.045000 0.074300 0.065300 0.049600 0.045200 0.040600 0.040900 0.047300 0.051900 0.056200 0.074200
Bongo 0.045000 0.172500 0.026200 0.145800 0.056200 0.042800 0.049400 0.060000 0.002100 0.071900 0.047300 0.034000 0.051700 0.040600 0.045100 0.053900 0.056300 0.042900 0.053800 0.004100 0.047200 0.047300 0.051600 0.060600 0.047300 0.056100 0.053900 0.000000 0.053800 0.004100 0.067400 0.034100 0.085100 0.045000 0.045000 0.038400 0.049400 0.051700 0.049400 0.047200 0.051500 0.056100 0.076100 0.058300 0.038400 0.051800 0.053900 0.047300 0.049400 0.049500 0.008300 0.023200
Gerenuk 0.036200 0.192200 0.065000 0.148700 0.056200 0.038300 0.042800 0.037900 0.051600 0.074500 0.051600 0.054000 0.040600 0.031900 0.040700 0.027600 0.063300 0.058700 0.053600 0.053800 0.025400 0.042800 0.058500 0.067600 0.051500 0.023200 0.034100 0.053800 0.000000 0.049400 0.070000 0.029700 0.097200 0.034000 0.040500 0.056200 0.051500 0.051700 0.031800 0.063000 0.058400 0.023200 0.078800 0.065200 0.056200 0.045100 0.031900 0.036400 0.047200 0.051800 0.056100 0.074100
CommonElan 0.045000 0.172600 0.026200 0.145900 0.056200 0.042800 0.047200 0.060000 0.002100 0.071900 0.051700 0.034000 0.051800 0.040700 0.045100 0.049500 0.056300 0.038500 0.053800 0.004100 0.047200 0.047300 0.051600 0.060600 0.051700 0.056100 0.049500 0.004100 0.049400 0.000000 0.067400 0.034100 0.089700 0.045100 0.045100 0.038400 0.053900 0.051800 0.049500 0.047200 0.051500 0.056100 0.076100 0.058300 0.038400 0.051900 0.053900 0.042900 0.049400 0.049500 0.008200 0.023200
MuntiacusR 0.061000 0.197300 0.074300 0.172300 0.077100 0.063200 0.065500 0.076300 0.065200 0.010600 0.072500 0.058600 0.067800 0.056500 0.065600 0.063300 0.070300 0.074700 0.083700 0.067400 0.063200 0.070000 0.021200 0.036500 0.077000 0.072300 0.065600 0.067400 0.070000 0.067400 0.000000 0.049800 0.095100 0.061100 0.061000 0.067700 0.079200 0.072500 0.065500 0.032100 0.023300 0.072300 0.014800 0.036400 0.067700 0.068100 0.070100 0.067900 0.074600 0.067800 0.069700 0.088000
HarveysDui 0.019000 0.179400 0.049500 0.146600 0.029800 0.016900 0.019000 0.033600 0.031900 0.054200 0.034200 0.029800 0.027600 0.006300 0.019100 0.031900 0.043200 0.043100 0.036200 0.034100 0.016900 0.021200 0.038600 0.047500 0.034100 0.027600 0.029800 0.034100 0.029700 0.034100 0.049800 0.000000 0.080900 0.021200 0.019000 0.034300 0.034100 0.025500 0.023300 0.043000 0.038500 0.027600 0.058400 0.049600 0.034200 0.025600 0.023300 0.021200 0.031900 0.036500 0.036300 0.053900
Pronghorn 0.092600 0.210000 0.106100 0.171600 0.099700 0.090200 0.097200 0.094100 0.087400 0.094900 0.095000 0.080800 0.106300 0.078800 0.097300 0.099600 0.083600 0.072000 0.111100 0.089700 0.090100 0.095000 0.090100 0.090300 0.099700 0.099400 0.102100 0.085100 0.097200 0.089700 0.095100 0.080900 0.000000 0.097300 0.090200 0.085500 0.092500 0.099600 0.097200 0.094700 0.094600 0.099400 0.103900 0.092500 0.085400 0.095300 0.092600 0.099600 0.097100 0.092600 0.091800 0.110700
BlueWildeb 0.014700 0.192400 0.056200 0.146500 0.043000 0.016800 0.036300 0.046700 0.042900 0.065500 0.034100 0.036400 0.014800 0.027600 0.032000 0.038400 0.049900 0.058800 0.036100 0.045000 0.029700 0.021200 0.054100 0.063200 0.034100 0.036200 0.016800 0.045000 0.034000 0.045100 0.061100 0.021200 0.097300 0.000000 0.019000 0.043000 0.029700 0.038600 0.031900 0.058600 0.054100 0.036200 0.069800 0.060800 0.042900 0.040800 0.036200 0.036500 0.042800 0.047400 0.047300 0.065100
Gemsbok 0.016900 0.189800 0.060600 0.156400 0.045200 0.014700 0.029800 0.044500 0.042900 0.065500 0.031900 0.040800 0.025500 0.025500 0.032000 0.036200 0.058900 0.058800 0.034000 0.045000 0.027500 0.019000 0.049600 0.058700 0.031900 0.038400 0.027600 0.045000 0.040500 0.045100 0.061000 0.019000 0.090200 0.019000 0.000000 0.042900 0.031900 0.040700 0.034000 0.054100 0.049600 0.038400 0.069700 0.056200 0.042900 0.038500 0.034000 0.036400 0.045000 0.043000 0.047300 0.065100
Yak 0.042900 0.179100 0.053800 0.153700 0.061000 0.040700 0.049700 0.062500 0.036200 0.067700 0.054100 0.021200 0.049600 0.040800 0.045200 0.051800 0.058800 0.049800 0.060600 0.038400 0.045100 0.045200 0.056300 0.065400 0.058500 0.054000 0.049600 0.038400 0.056200 0.038400 0.067700 0.034300 0.085500 0.043000 0.042900 0.000000 0.056300 0.056500 0.051800 0.060800 0.056200 0.054000 0.076500 0.065200 0.004200 0.052000 0.047400 0.052000 0.060800 0.051800 0.042800 0.058200
BlueSheep 0.023200 0.189800 0.074200 0.158900 0.051800 0.021100 0.049500 0.051100 0.051700 0.083800 0.025400 0.054100 0.036300 0.040700 0.045100 0.051600 0.072500 0.072400 0.049200 0.053900 0.034000 0.021100 0.069600 0.067700 0.025400 0.044900 0.038400 0.049400 0.051500 0.053900 0.079200 0.034100 0.092500 0.029700 0.031900 0.056300 0.000000 0.049600 0.049400 0.063100 0.069500 0.044900 0.088000 0.063000 0.056200 0.054000 0.049400 0.047500 0.053600 0.060800 0.056200 0.069600
BohorReedb 0.038500 0.184500 0.067500 0.154500 0.008400 0.036300 0.040700 0.051300 0.049600 0.077000 0.054100 0.047500 0.043000 0.032000 0.040800 0.054000 0.061100 0.065500 0.058300 0.051700 0.034100 0.040800 0.060800 0.065400 0.054100 0.045100 0.047400 0.051700 0.051700 0.051800 0.072500 0.025500 0.099600 0.038600 0.040700 0.056500 0.049600 0.000000 0.040800 0.065300 0.060700 0.045100 0.081200 0.067600 0.056500 0.047500 0.045200 0.038500 0.047300 0.054200 0.047400 0.072000
KirksDik 0.034000 0.200500 0.060600 0.163900 0.045200 0.031900 0.038500 0.035700 0.047300 0.070000 0.049400 0.045200 0.038500 0.029800 0.036300 0.034000 0.058900 0.058800 0.047000 0.049400 0.019000 0.036300 0.054100 0.063200 0.049400 0.029700 0.040600 0.049400 0.031800 0.049500 0.065500 0.023300 0.097200 0.031900 0.034000 0.051800 0.049400 0.040800 0.000000 0.058600 0.054000 0.029700 0.074200 0.060700 0.051800 0.038500 0.029700 0.040800 0.045000 0.051800 0.051700 0.069600
RoeDeer 0.058600 0.186700 0.067300 0.172000 0.069900 0.056300 0.058500 0.069200 0.045000 0.036400 0.065400 0.056200 0.065200 0.049700 0.054200 0.060900 0.065600 0.061000 0.071800 0.047200 0.056300 0.060900 0.016900 0.023400 0.065400 0.065300 0.063200 0.047200 0.063000 0.047200 0.032100 0.043000 0.094700 0.058600 0.054100 0.060800 0.063100 0.065300 0.058600 0.000000 0.016900 0.065300 0.040600 0.019000 0.060800 0.065600 0.063100 0.056400 0.063000 0.058600 0.049100 0.067200
WhiteLippe 0.055900 0.191500 0.062700 0.164200 0.065200 0.053700 0.054000 0.069200 0.049300 0.027600 0.062700 0.051700 0.060500 0.045200 0.054100 0.051800 0.065400 0.060800 0.071900 0.051500 0.051700 0.058300 0.008200 0.023300 0.067300 0.060700 0.058600 0.051500 0.058400 0.051500 0.023300 0.038500 0.094600 0.054100 0.049600 0.056200 0.069500 0.060700 0.054000 0.016900 0.000000 0.060700 0.027500 0.023300 0.056200 0.061000 0.058500 0.051800 0.062900 0.058500 0.053400 0.071600
ThomsonGaz 0.038300 0.189700 0.067400 0.153700 0.045200 0.036200 0.042800 0.040100 0.053900 0.076800 0.049400 0.051800 0.042800 0.034100 0.038500 0.029700 0.065600 0.065500 0.055800 0.056100 0.023200 0.036200 0.060800 0.069900 0.049300 0.004200 0.045000 0.056100 0.023200 0.056100 0.072300 0.027600 0.099400 0.036200 0.038400 0.054000 0.044900 0.045100 0.029700 0.065300 0.060700 0.000000 0.081000 0.067400 0.054000 0.047300 0.029700 0.038600 0.049400 0.049600 0.053900 0.071800
MuntiacusC 0.069700 0.204200 0.083000 0.176400 0.085900 0.071900 0.074200 0.085100 0.073900 0.012600 0.081200 0.071800 0.076600 0.065200 0.074300 0.072000 0.079000 0.083500 0.092400 0.076100 0.071900 0.076600 0.029700 0.045000 0.085800 0.081000 0.074300 0.076100 0.078800 0.076100 0.014800 0.058400 0.103900 0.069800 0.069700 0.076500 0.088000 0.081200 0.074200 0.040600 0.027500 0.081000 0.000000 0.045000 0.076400 0.076900 0.078800 0.076600 0.083300 0.076500 0.078300 0.092100
WhiteTaile 0.058400 0.192000 0.074100 0.171700 0.076800 0.056200 0.065300 0.071400 0.056100 0.040800 0.065300 0.063000 0.067400 0.056400 0.058500 0.063000 0.072400 0.067700 0.078700 0.058300 0.058400 0.060800 0.019000 0.016900 0.069800 0.067400 0.065300 0.058300 0.065200 0.058300 0.036400 0.049600 0.092500 0.060800 0.056200 0.065200 0.063000 0.067600 0.060700 0.019000 0.023300 0.067400 0.045000 0.000000 0.065100 0.070000 0.065200 0.058700 0.072100 0.060700 0.060300 0.078600
Cattle 0.042900 0.179100 0.053800 0.153600 0.061000 0.040700 0.049600 0.062500 0.036200 0.067600 0.054000 0.021200 0.049600 0.040800 0.045200 0.051800 0.058800 0.049700 0.060500 0.038400 0.045100 0.045200 0.056300 0.065300 0.058500 0.054000 0.049600 0.038400 0.056200 0.038400 0.067700 0.034200 0.085400 0.042900 0.042900 0.004200 0.056200 0.056500 0.051800 0.060800 0.056200 0.054000 0.076400 0.065100 0.000000 0.052000 0.047300 0.051900 0.060800 0.051800 0.042800 0.058200
RoyalAntel 0.038500 0.198200 0.067600 0.159400 0.052000 0.036300 0.040800 0.044600 0.049700 0.072600 0.049700 0.052000 0.047400 0.027800 0.036500 0.051800 0.065900 0.061200 0.042800 0.051800 0.036300 0.040800 0.061100 0.070200 0.049600 0.047300 0.045200 0.051800 0.045100 0.051900 0.068100 0.025600 0.095300 0.040800 0.038500 0.052000 0.054000 0.047500 0.038500 0.065600 0.061000 0.047300 0.076900 0.070000 0.052000 0.000000 0.038600 0.043200 0.051800 0.052100 0.054100 0.067600
Steenbok 0.034000 0.192200 0.065200 0.161500 0.049600 0.031900 0.038500 0.035800 0.051700 0.074600 0.049400 0.045200 0.042800 0.025500 0.036400 0.038400 0.063400 0.058800 0.047100 0.053900 0.023200 0.036300 0.058600 0.067700 0.049400 0.034000 0.040600 0.053900 0.031900 0.053900 0.070100 0.023300 0.092600 0.036200 0.034000 0.047400 0.049400 0.045200 0.029700 0.063100 0.058500 0.029700 0.078800 0.065200 0.047300 0.038600 0.000000 0.036500 0.049400 0.047400 0.056200 0.074200
Impala 0.034200 0.179500 0.058400 0.156800 0.047400 0.032100 0.034200 0.051200 0.045100 0.072400 0.045300 0.047400 0.042700 0.027700 0.036500 0.043000 0.061200 0.052100 0.054000 0.047300 0.034200 0.036500 0.051900 0.061000 0.045300 0.043000 0.040900 0.047300 0.036400 0.042900 0.067900 0.021200 0.099600 0.036500 0.036400 0.052000 0.047500 0.038500 0.040800 0.056400 0.051800 0.038600 0.076600 0.058700 0.051900 0.043200 0.036500 0.000000 0.044700 0.054300 0.049200 0.062900
Klipspring 0.046900 0.197500 0.078600 0.161700 0.051800 0.044700 0.045000 0.055600 0.051700 0.079100 0.058100 0.054000 0.051400 0.034100 0.040800 0.045000 0.063400 0.063200 0.058200 0.053800 0.042800 0.049200 0.063000 0.076700 0.053600 0.049400 0.047300 0.049400 0.047200 0.049400 0.074600 0.031900 0.097100 0.042800 0.045000 0.060800 0.053600 0.047300 0.045000 0.063000 0.062900 0.049400 0.083300 0.072100 0.060800 0.051800 0.049400 0.044700 0.000000 0.058600 0.056100 0.074100
ForestMusk 0.047400 0.177000 0.069600 0.156000 0.058800 0.045100 0.051900 0.058100 0.047300 0.072300 0.058600 0.049600 0.053900 0.038700 0.045200 0.054100 0.054400 0.049800 0.051700 0.049500 0.045100 0.049700 0.054100 0.063200 0.058600 0.045200 0.051900 0.049500 0.051800 0.049500 0.067800 0.036500 0.092600 0.047400 0.043000 0.051800 0.060800 0.054200 0.051800 0.058600 0.058500 0.049600 0.076500 0.060700 0.051800 0.052100 0.047400 0.054300 0.058600 0.000000 0.047100 0.065100
Bushbuck 0.047300 0.170000 0.031700 0.148500 0.051800 0.045000 0.051700 0.062300 0.006300 0.074100 0.054000 0.038400 0.049500 0.042900 0.047100 0.056200 0.058300 0.044800 0.056000 0.008200 0.049400 0.049600 0.053500 0.062600 0.054000 0.053900 0.056200 0.008300 0.056100 0.008200 0.069700 0.036300 0.091800 0.047300 0.047300 0.042800 0.056200 0.047400 0.051700 0.049100 0.053400 0.053900 0.078300 0.060300 0.042800 0.054100 0.056200 0.049200 0.056100 0.047100 0.000000 0.027500
GreaterKud 0.065100 0.183000 0.047000 0.168400 0.072000 0.062800 0.067300 0.075800 0.021000 0.087900 0.067400 0.053700 0.073900 0.060600 0.065200 0.074200 0.076700 0.058400 0.064900 0.023200 0.067300 0.063000 0.071800 0.081000 0.067400 0.071800 0.074200 0.023200 0.074100 0.023200 0.088000 0.053900 0.110700 0.065100 0.065100 0.058200 0.069600 0.072000 0.069600 0.067200 0.071600 0.071800 0.092100 0.078600 0.058200 0.067600 0.074200 0.062900 0.074100 0.065100 0.027500 0.000000
