1
52 1
Argali 0.000000 0.739100 0.288100 0.758100 0.240000 0.035900 0.227700 0.223500 0.270600 0.368200 0.073900 0.282000 0.146300 0.214400 0.224200 0.210800 0.415500 0.448100 0.109200 0.285600 0.216900 0.077900 0.358700 0.366300 0.080000 0.211100 0.135400 0.270600 0.205100 0.282500 0.378600 0.214900 0.432200 0.130800 0.136400 0.315600 0.078300 0.222700 0.230400 0.372500 0.353800 0.206000 0.368400 0.353900 0.311500 0.226200 0.221400 0.264000 0.233400 0.371700 0.281700 0.269800
LesserMous 0.739100 0.000000 0.730700 0.705600 0.799400 0.752400 0.804400 0.785600 0.703200 0.819800 0.741400 0.666000 0.729500 0.762100 0.755400 0.789800 0.772300 0.747100 0.770300 0.705400 0.771000 0.736400 0.811000 0.824300 0.751500 0.764600 0.709500 0.684800 0.767100 0.712100 0.850700 0.755500 0.821100 0.724800 0.729800 0.713400 0.756300 0.776700 0.783200 0.834500 0.800700 0.777100 0.831500 0.783200 0.696800 0.762500 0.779100 0.786400 0.785300 0.773000 0.687800 0.700700
LesserKudu 0.288100 0.730700 0.000000 0.784100 0.316100 0.308500 0.322600 0.302300 0.088100 0.378000 0.283200 0.231600 0.297500 0.299300 0.294800 0.311000 0.381400 0.427400 0.278100 0.075000 0.290300 0.283100 0.366100 0.384900 0.287100 0.278500 0.277200 0.074700 0.285400 0.068800 0.384600 0.315900 0.451900 0.280300 0.287700 0.255600 0.270900 0.308800 0.292400 0.404200 0.376300 0.291700 0.371900 0.361100 0.249500 0.311200 0.305500 0.316300 0.309400 0.358700 0.099000 0.093100
KillerWhal 0.758100 0.705600 0.784100 0.000000 0.819900 0.772600 0.769100 0.838300 0.748900 0.817400 0.771300 0.716300 0.758000 0.758000 0.788400 0.771900 0.770500 0.786600 0.785700 0.740700 0.800400 0.775500 0.777100 0.803000 0.742500 0.800000 0.746000 0.773000 0.806400 0.761300 0.814200 0.753900 0.835300 0.735300 0.777000 0.724700 0.788900 0.795300 0.811700 0.807100 0.787600 0.811500 0.818300 0.774000 0.717800 0.786100 0.833800 0.839300 0.762400 0.753800 0.789100 0.761200
DefassaWat 0.240000 0.799400 0.316100 0.819900 0.000000 0.238500 0.227700 0.229200 0.310500 0.375400 0.249600 0.325700 0.248100 0.223600 0.269900 0.233900 0.407700 0.445900 0.255300 0.310000 0.227600 0.243400 0.375700 0.396000 0.247700 0.220500 0.241400 0.303300 0.235100 0.315100 0.381500 0.217300 0.437100 0.240900 0.235400 0.333900 0.245300 0.071200 0.243100 0.406800 0.373300 0.225600 0.377800 0.377100 0.326000 0.250700 0.235400 0.272300 0.244400 0.377000 0.318400 0.305700
Sheep 0.035900 0.752400 0.308500 0.772600 0.238500 0.000000 0.240800 0.229300 0.279200 0.379200 0.091200 0.292300 0.151600 0.223800 0.237600 0.223400 0.432200 0.472300 0.122400 0.298300 0.226300 0.090600 0.362900 0.381100 0.092500 0.220300 0.147400 0.279400 0.224900 0.295200 0.393800 0.224400 0.448100 0.142700 0.151400 0.320600 0.095600 0.228200 0.238200 0.392000 0.360300 0.220600 0.383600 0.373000 0.314600 0.234000 0.232600 0.273700 0.241300 0.374700 0.294400 0.278400
MaxwellsDu 0.227700 0.804400 0.322600 0.769100 0.227700 0.240800 0.000000 0.217300 0.301200 0.373500 0.228200 0.320600 0.233800 0.125100 0.262600 0.241100 0.438200 0.444500 0.246500 0.302800 0.227700 0.222100 0.359500 0.396700 0.228100 0.222100 0.230400 0.294200 0.221200 0.305500 0.387800 0.133300 0.452000 0.223100 0.223400 0.310700 0.234800 0.218200 0.232700 0.388000 0.375400 0.232600 0.375900 0.392300 0.320400 0.229800 0.223700 0.282100 0.230200 0.395100 0.315200 0.292600
GazellaPrz 0.223500 0.785600 0.302300 0.838300 0.229200 0.229300 0.217300 0.000000 0.308600 0.360900 0.216900 0.289000 0.222900 0.221700 0.246100 0.169200 0.398700 0.444900 0.219300 0.302200 0.148500 0.210700 0.359200 0.374900 0.218600 0.159700 0.198300 0.305400 0.152300 0.301100 0.371100 0.227500 0.457200 0.215600 0.217600 0.292200 0.216200 0.231400 0.168200 0.394000 0.358700 0.162900 0.359300 0.364700 0.292200 0.238500 0.152400 0.268700 0.245200 0.386200 0.318300 0.302000
MountainNy 0.270600 0.703200 0.088100 0.748900 0.310500 0.279200 0.301200 0.308600 0.000000 0.368300 0.259900 0.200000 0.285500 0.281800 0.288700 0.303100 0.391400 0.429700 0.285500 0.076000 0.290200 0.269100 0.350200 0.368400 0.271600 0.288000 0.261300 0.046600 0.291100 0.076300 0.374500 0.290500 0.444700 0.258700 0.275800 0.237900 0.264900 0.303200 0.273400 0.387500 0.351700 0.297900 0.370900 0.336400 0.231900 0.290100 0.315600 0.320300 0.289800 0.352300 0.069000 0.052400
MuntiacusM 0.368200 0.819800 0.378000 0.817400 0.375400 0.379200 0.373500 0.360900 0.368300 0.000000 0.386200 0.351000 0.376500 0.355000 0.380400 0.362100 0.441100 0.449000 0.388300 0.374200 0.364900 0.385100 0.121900 0.142300 0.386200 0.350800 0.375000 0.363700 0.336100 0.373200 0.022400 0.355800 0.475300 0.373200 0.349600 0.383000 0.372500 0.371100 0.381000 0.165400 0.094600 0.342400 0.012600 0.147800 0.378300 0.383200 0.374400 0.395500 0.413600 0.423300 0.373400 0.355100
goat 0.073900 0.741400 0.283200 0.771300 0.249600 0.091200 0.228200 0.216900 0.259900 0.386200 0.000000 0.291300 0.159600 0.204100 0.230200 0.216400 0.418200 0.434300 0.108600 0.280800 0.201400 0.056900 0.355700 0.369400 0.032100 0.206100 0.135000 0.261700 0.207000 0.277600 0.392500 0.217100 0.428700 0.133800 0.144400 0.323100 0.045500 0.228500 0.211500 0.400100 0.359100 0.211400 0.384600 0.361100 0.323000 0.210800 0.214800 0.264700 0.215900 0.358600 0.280700 0.259100
AfricanBuf 0.282000 0.666000 0.231600 0.716300 0.325700 0.292300 0.320600 0.289000 0.200000 0.351000 0.291300 0.000000 0.295300 0.306500 0.282500 0.285400 0.385300 0.431700 0.287000 0.228500 0.292000 0.301200 0.335000 0.342300 0.297200 0.300200 0.270200 0.203300 0.289500 0.225300 0.357500 0.309200 0.438800 0.271600 0.269400 0.156400 0.292500 0.314600 0.327600 0.379900 0.334000 0.310400 0.349300 0.322800 0.156300 0.304600 0.322600 0.327500 0.295900 0.349700 0.214300 0.214000
Topi 0.146300 0.729500 0.297500 0.758000 0.248100 0.151600 0.233800 0.222900 0.285500 0.376500 0.159600 0.295300 0.000000 0.214900 0.234300 0.241800 0.395100 0.406800 0.163500 0.287200 0.228500 0.158000 0.375600 0.396500 0.166300 0.242400 0.054200 0.280100 0.234300 0.290100 0.374100 0.219000 0.433900 0.067800 0.146200 0.317800 0.169100 0.225400 0.240500 0.405600 0.374900 0.238800 0.374800 0.376800 0.305400 0.239600 0.243700 0.295000 0.238200 0.385300 0.293200 0.277000
CommonDuik 0.214400 0.762100 0.299300 0.758000 0.223600 0.223800 0.125100 0.221700 0.281800 0.355000 0.204100 0.306500 0.214900 0.000000 0.245900 0.208500 0.420800 0.422800 0.215300 0.283400 0.202700 0.197900 0.339400 0.365600 0.202400 0.207500 0.204200 0.259100 0.199500 0.278400 0.369400 0.064100 0.418600 0.207800 0.197500 0.307300 0.212300 0.217100 0.204400 0.365200 0.351000 0.207400 0.353400 0.359200 0.315200 0.208200 0.221000 0.280100 0.204900 0.358000 0.287600 0.261700
Suni 0.224200 0.755400 0.294800 0.788400 0.269900 0.237600 0.262600 0.246100 0.288700 0.380400 0.230200 0.282500 0.234300 0.245900 0.000000 0.247800 0.404800 0.461900 0.247500 0.288600 0.235700 0.220200 0.357800 0.380800 0.226400 0.263500 0.227200 0.277500 0.241900 0.285400 0.384800 0.241000 0.431800 0.221500 0.227200 0.308300 0.218700 0.261500 0.264400 0.407800 0.365700 0.257700 0.383000 0.369800 0.296100 0.241700 0.236700 0.203600 0.260600 0.352600 0.282700 0.280200
Springbuck 0.210800 0.789800 0.311000 0.771900 0.233900 0.223400 0.241100 0.169200 0.303100 0.362100 0.216400 0.285400 0.241800 0.208500 0.247800 0.000000 0.418900 0.483600 0.225700 0.296700 0.134500 0.204900 0.365200 0.374800 0.210900 0.112200 0.220400 0.295900 0.087800 0.297500 0.368200 0.219600 0.459700 0.225500 0.207900 0.283300 0.215800 0.236100 0.166000 0.394200 0.368500 0.120000 0.360500 0.364100 0.283100 0.218900 0.164000 0.279600 0.247900 0.371600 0.313400 0.292500
Okapi 0.415500 0.772300 0.381400 0.770500 0.407700 0.432200 0.438200 0.398700 0.391400 0.441100 0.418200 0.385300 0.395100 0.420800 0.404800 0.418900 0.000000 0.158300 0.405200 0.373200 0.406600 0.399700 0.444900 0.438100 0.420500 0.408500 0.384700 0.373300 0.406600 0.380900 0.452300 0.430800 0.366400 0.391600 0.392600 0.397300 0.399200 0.399400 0.432200 0.447700 0.440500 0.395100 0.444000 0.430100 0.381800 0.411500 0.416000 0.420000 0.410700 0.359800 0.381200 0.390600
Giraffe 0.448100 0.747100 0.427400 0.786600 0.445900 0.472300 0.444500 0.444900 0.429700 0.449000 0.434300 0.431700 0.406800 0.422800 0.461900 0.483600 0.158300 0.000000 0.441600 0.415200 0.440900 0.419900 0.445500 0.452900 0.441500 0.470100 0.405300 0.415500 0.447300 0.423400 0.458300 0.433000 0.399200 0.409600 0.419800 0.441300 0.423900 0.439700 0.468000 0.440700 0.445600 0.455400 0.452000 0.436400 0.434300 0.453700 0.471800 0.479200 0.456500 0.373100 0.423900 0.424100
TibetanAnt 0.109200 0.770300 0.278100 0.785700 0.255300 0.122400 0.246500 0.219300 0.285500 0.388300 0.108600 0.287000 0.163500 0.215300 0.247500 0.225700 0.405200 0.441600 0.000000 0.289000 0.228400 0.100400 0.372500 0.365300 0.111800 0.224300 0.139200 0.278100 0.212900 0.290000 0.386000 0.226400 0.423500 0.144600 0.157200 0.319000 0.106700 0.245000 0.242000 0.393300 0.376100 0.229500 0.386700 0.358700 0.314800 0.225200 0.227600 0.257800 0.236400 0.358200 0.299100 0.279000
Sitatunga 0.285600 0.705400 0.075000 0.740700 0.310000 0.298300 0.302800 0.302200 0.076000 0.374200 0.280800 0.228500 0.287200 0.283400 0.288600 0.296700 0.373200 0.415200 0.289000 0.000000 0.279900 0.276600 0.366600 0.385600 0.288700 0.277700 0.262800 0.051300 0.280800 0.021100 0.391600 0.286000 0.439600 0.262100 0.273500 0.251000 0.280000 0.298800 0.286300 0.396200 0.368300 0.291200 0.381100 0.353100 0.241100 0.287500 0.297700 0.311900 0.298900 0.335800 0.078600 0.076200
Oribi 0.216900 0.771000 0.290300 0.800400 0.227600 0.226300 0.227700 0.148500 0.290200 0.364900 0.201400 0.292000 0.228500 0.202700 0.235700 0.134500 0.406600 0.440900 0.228400 0.279900 0.000000 0.196900 0.368000 0.387900 0.206600 0.123600 0.207100 0.274900 0.109800 0.273100 0.375400 0.213700 0.445000 0.223100 0.207000 0.278100 0.204400 0.233400 0.145500 0.406000 0.371400 0.138000 0.363300 0.375200 0.278100 0.213100 0.140400 0.258500 0.237900 0.360500 0.297900 0.277500
BarbaryShe 0.077900 0.736400 0.283100 0.775500 0.243400 0.090600 0.222100 0.210700 0.269100 0.385100 0.056900 0.301200 0.158000 0.197900 0.220200 0.204900 0.399700 0.419900 0.100400 0.276600 0.196900 0.000000 0.379600 0.372300 0.063000 0.205200 0.133200 0.265400 0.192000 0.273500 0.391500 0.200100 0.431900 0.135400 0.144500 0.327600 0.059800 0.229500 0.214300 0.400800 0.374700 0.210500 0.383500 0.359700 0.321200 0.199200 0.206900 0.266000 0.209600 0.353000 0.286600 0.264500
Daviddeer 0.358700 0.811000 0.366100 0.777100 0.375700 0.362900 0.359500 0.359200 0.350200 0.121900 0.355700 0.335000 0.375600 0.339400 0.357800 0.365200 0.444900 0.445500 0.372500 0.366600 0.368000 0.379600 0.000000 0.126900 0.355500 0.360200 0.368000 0.345100 0.350900 0.365600 0.130800 0.344300 0.456900 0.359800 0.344300 0.371100 0.363200 0.369300 0.382000 0.146200 0.043500 0.356200 0.123600 0.138800 0.385800 0.360200 0.374900 0.377900 0.374500 0.408300 0.350500 0.345200
Reindeer 0.366300 0.824300 0.384900 0.803000 0.396000 0.381100 0.396700 0.374900 0.368400 0.142300 0.369400 0.342300 0.396500 0.365600 0.380800 0.374800 0.438100 0.452900 0.365300 0.385600 0.387900 0.372300 0.126900 0.000000 0.369100 0.376000 0.371200 0.363600 0.358100 0.384600 0.148100 0.366400 0.466500 0.375800 0.364500 0.381000 0.376900 0.394500 0.398200 0.134300 0.115000 0.377700 0.144100 0.072900 0.393900 0.400900 0.393300 0.384900 0.412100 0.408900 0.373500 0.367900
Ibex 0.080000 0.751500 0.287100 0.742500 0.247700 0.092500 0.228100 0.218600 0.271600 0.386200 0.032100 0.297200 0.166300 0.202400 0.226400 0.210900 0.420500 0.441500 0.111800 0.288700 0.206600 0.063000 0.355500 0.369100 0.000000 0.211400 0.145100 0.273600 0.201700 0.285600 0.392500 0.211700 0.433000 0.143800 0.152800 0.327100 0.048400 0.231900 0.216800 0.399500 0.359000 0.213100 0.384600 0.360900 0.327100 0.216100 0.223400 0.262700 0.208700 0.358500 0.292800 0.270800
GyrantGaze 0.211100 0.764600 0.278500 0.800000 0.220500 0.220300 0.222100 0.159700 0.288000 0.350800 0.206100 0.300200 0.242400 0.207500 0.263500 0.112200 0.408500 0.470100 0.224300 0.277700 0.123600 0.205200 0.360200 0.376000 0.211400 0.000000 0.217400 0.269100 0.092600 0.274700 0.369300 0.218600 0.460300 0.226100 0.211900 0.285600 0.209100 0.220700 0.166300 0.386300 0.367600 0.057400 0.353200 0.361200 0.285600 0.221300 0.157800 0.276600 0.235600 0.394000 0.297700 0.275500
Hartebeest 0.135400 0.709500 0.277200 0.746000 0.241400 0.147400 0.230400 0.198300 0.261300 0.375000 0.135000 0.270200 0.054200 0.204200 0.227200 0.220400 0.384700 0.405300 0.139200 0.262800 0.207100 0.133200 0.368000 0.371200 0.145100 0.217400 0.000000 0.251600 0.205600 0.265600 0.372700 0.211900 0.430900 0.037700 0.135200 0.292800 0.144600 0.225600 0.222900 0.386800 0.364900 0.213700 0.373400 0.349600 0.280600 0.214800 0.226100 0.281100 0.220300 0.361800 0.276500 0.260400
Bongo 0.270600 0.684800 0.074700 0.773000 0.303300 0.279400 0.294200 0.305400 0.046600 0.363700 0.261700 0.203300 0.280100 0.259100 0.277500 0.295900 0.373300 0.415500 0.278100 0.051300 0.274900 0.265400 0.345100 0.363600 0.273600 0.269100 0.251600 0.000000 0.272100 0.051500 0.378700 0.267500 0.422300 0.255000 0.260600 0.226200 0.264900 0.296000 0.270100 0.391900 0.346600 0.286600 0.366300 0.335600 0.224200 0.283000 0.302800 0.297500 0.286400 0.334500 0.050500 0.043600
Gerenuk 0.205100 0.767100 0.285400 0.806400 0.235100 0.224900 0.221200 0.152300 0.291100 0.336100 0.207000 0.289500 0.234300 0.199500 0.241900 0.087800 0.406600 0.447300 0.212900 0.280800 0.109800 0.192000 0.350900 0.358100 0.201700 0.092600 0.205600 0.272100 0.000000 0.277700 0.350400 0.207100 0.459800 0.210700 0.197000 0.285500 0.203000 0.226700 0.155500 0.385800 0.346000 0.100200 0.334500 0.349800 0.277500 0.214900 0.140800 0.255700 0.227400 0.371900 0.299100 0.278500
CommonElan 0.282500 0.712100 0.068800 0.761300 0.315100 0.295200 0.305500 0.301100 0.076300 0.373200 0.277600 0.225300 0.290100 0.278400 0.285400 0.297500 0.380900 0.423400 0.290000 0.021100 0.273100 0.273500 0.365600 0.384600 0.285600 0.274700 0.265600 0.051500 0.277700 0.000000 0.390600 0.282900 0.441400 0.264800 0.268600 0.244000 0.276900 0.303700 0.283300 0.399800 0.367200 0.288100 0.380100 0.352100 0.230300 0.290100 0.298500 0.316900 0.291900 0.338900 0.075600 0.076500
MuntiacusR 0.378600 0.850700 0.384600 0.814200 0.381500 0.393800 0.387800 0.371100 0.374500 0.022400 0.392500 0.357500 0.374100 0.369400 0.384800 0.368200 0.452300 0.458300 0.386000 0.391600 0.375400 0.391500 0.130800 0.148100 0.392500 0.369300 0.372700 0.378700 0.350400 0.390600 0.000000 0.370300 0.488400 0.373400 0.355800 0.385000 0.378800 0.373200 0.391400 0.171300 0.100400 0.354900 0.023800 0.153700 0.393300 0.391800 0.387000 0.412500 0.428800 0.424700 0.388500 0.365600
HarveysDui 0.214900 0.755500 0.315900 0.753900 0.217300 0.224400 0.133300 0.227500 0.290500 0.355800 0.217100 0.309200 0.219000 0.064100 0.241000 0.219600 0.430800 0.433000 0.226400 0.286000 0.213700 0.200100 0.344300 0.366400 0.211700 0.218600 0.211900 0.267500 0.207100 0.282900 0.370300 0.000000 0.437000 0.211800 0.197900 0.317900 0.216500 0.214300 0.218900 0.374600 0.351800 0.218600 0.354200 0.356100 0.321800 0.203600 0.223200 0.278800 0.219500 0.363000 0.292300 0.270000
Pronghorn 0.432200 0.821100 0.451900 0.835300 0.437100 0.448100 0.452000 0.457200 0.444700 0.475300 0.428700 0.438800 0.433900 0.418600 0.431800 0.459700 0.366400 0.399200 0.423500 0.439600 0.445000 0.431900 0.456900 0.466500 0.433000 0.460300 0.430900 0.422300 0.459800 0.441400 0.488400 0.437000 0.000000 0.437200 0.431200 0.431900 0.440200 0.434300 0.461600 0.475500 0.472200 0.471700 0.466400 0.448800 0.436400 0.429500 0.458400 0.436900 0.414400 0.411700 0.443500 0.444100
BlueWildeb 0.130800 0.724800 0.280300 0.735300 0.240900 0.142700 0.223100 0.215600 0.258700 0.373200 0.133800 0.271600 0.067800 0.207800 0.221500 0.225500 0.391600 0.409600 0.144600 0.262100 0.223100 0.135400 0.359800 0.375800 0.143800 0.226100 0.037700 0.255000 0.210700 0.264800 0.373400 0.211800 0.437200 0.000000 0.137400 0.302200 0.143300 0.227100 0.224500 0.398000 0.363200 0.226100 0.371600 0.352300 0.289900 0.212700 0.227500 0.269000 0.218200 0.361100 0.275800 0.259800
Gemsbok 0.136400 0.729800 0.287700 0.777000 0.235400 0.151400 0.223400 0.217600 0.275800 0.349600 0.144400 0.269400 0.146200 0.197500 0.227200 0.207900 0.392600 0.419800 0.157200 0.273500 0.207000 0.144500 0.344300 0.364500 0.152800 0.211900 0.135200 0.260600 0.197000 0.268600 0.355800 0.197900 0.431200 0.137400 0.000000 0.287900 0.155700 0.214700 0.222600 0.377100 0.345400 0.220700 0.347900 0.343400 0.287800 0.219800 0.225800 0.263400 0.223700 0.363500 0.275700 0.252100
Yak 0.315600 0.713400 0.255600 0.724700 0.333900 0.320600 0.310700 0.292200 0.237900 0.383000 0.323100 0.156400 0.317800 0.307300 0.308300 0.283300 0.397300 0.441300 0.319000 0.251000 0.278100 0.327600 0.371100 0.381000 0.327100 0.285600 0.292800 0.226200 0.285500 0.244000 0.385000 0.317900 0.431900 0.302200 0.287900 0.000000 0.320400 0.314100 0.315300 0.424600 0.363600 0.315300 0.381200 0.361400 0.039300 0.333300 0.317200 0.330200 0.314800 0.364800 0.252800 0.242700
BlueSheep 0.078300 0.756300 0.270900 0.788900 0.245300 0.095600 0.234800 0.216200 0.264900 0.372500 0.045500 0.292500 0.169100 0.212300 0.218700 0.215800 0.399200 0.423900 0.106700 0.280000 0.204400 0.059800 0.363200 0.376900 0.048400 0.209100 0.144600 0.264900 0.203000 0.276900 0.378800 0.216500 0.440200 0.143300 0.155700 0.320400 0.000000 0.231500 0.216100 0.407800 0.362500 0.203900 0.370900 0.368600 0.316300 0.208400 0.221200 0.256700 0.227900 0.361700 0.279900 0.260300
BohorReedb 0.222700 0.776700 0.308800 0.795300 0.071200 0.228200 0.218200 0.231400 0.303200 0.371100 0.228500 0.314600 0.225400 0.217100 0.261500 0.236100 0.399400 0.439700 0.245000 0.298800 0.233400 0.229500 0.369300 0.394500 0.231900 0.220700 0.225600 0.296000 0.226700 0.303700 0.373200 0.214300 0.434300 0.227100 0.214700 0.314100 0.231500 0.000000 0.243800 0.403000 0.369200 0.227800 0.369500 0.379600 0.305200 0.242500 0.241200 0.273400 0.241600 0.366100 0.311200 0.298400
KirksDik 0.230400 0.783200 0.292400 0.811700 0.243100 0.238200 0.232700 0.168200 0.273400 0.381000 0.211500 0.327600 0.240500 0.204400 0.264400 0.166000 0.432200 0.468000 0.242000 0.286300 0.145500 0.214300 0.382000 0.398200 0.216800 0.166300 0.222900 0.270100 0.155500 0.283300 0.391400 0.218900 0.461600 0.224500 0.222600 0.315300 0.216100 0.243800 0.000000 0.415400 0.383300 0.167800 0.379400 0.383200 0.307500 0.226300 0.149200 0.284700 0.231800 0.404600 0.294300 0.276400
RoeDeer 0.372500 0.834500 0.404200 0.807100 0.406800 0.392000 0.388000 0.394000 0.387500 0.165400 0.400100 0.379900 0.405600 0.365200 0.407800 0.394200 0.447700 0.440700 0.393300 0.396200 0.406000 0.400800 0.146200 0.134300 0.399500 0.386300 0.386800 0.391900 0.385800 0.399800 0.171300 0.374600 0.475500 0.398000 0.377100 0.424600 0.407800 0.403000 0.415400 0.000000 0.131000 0.386000 0.167300 0.129900 0.433500 0.403200 0.415000 0.423800 0.421500 0.412600 0.392900 0.382500
WhiteLippe 0.353800 0.800700 0.376300 0.787600 0.373300 0.360300 0.375400 0.358700 0.351700 0.094600 0.359100 0.334000 0.374900 0.351000 0.365700 0.368500 0.440500 0.445600 0.376100 0.368300 0.371400 0.374700 0.043500 0.115000 0.359000 0.367600 0.364900 0.346600 0.346000 0.367200 0.100400 0.351800 0.472200 0.363200 0.345400 0.363600 0.362500 0.369200 0.383300 0.131000 0.000000 0.359100 0.096300 0.117200 0.376300 0.370900 0.378700 0.379200 0.384100 0.408300 0.352000 0.346600
ThomsonGaz 0.206000 0.777100 0.291700 0.811500 0.225600 0.220600 0.232600 0.162900 0.297900 0.342400 0.211400 0.310400 0.238800 0.207400 0.257700 0.120000 0.395100 0.455400 0.229500 0.291200 0.138000 0.210500 0.356200 0.377700 0.213100 0.057400 0.213700 0.286600 0.100200 0.288100 0.354900 0.218600 0.471700 0.226100 0.220700 0.315300 0.203900 0.227800 0.167800 0.386000 0.359100 0.000000 0.348900 0.362800 0.307200 0.220900 0.156100 0.281900 0.233700 0.395100 0.311800 0.293000
MuntiacusC 0.368400 0.831500 0.371900 0.818300 0.377800 0.383600 0.375900 0.359300 0.370900 0.012600 0.384600 0.349300 0.374800 0.353400 0.383000 0.360500 0.444000 0.452000 0.386700 0.381100 0.363300 0.383500 0.123600 0.144100 0.384600 0.353200 0.373400 0.366300 0.334500 0.380100 0.023800 0.354200 0.466400 0.371600 0.347900 0.381200 0.370900 0.369500 0.379400 0.167300 0.096300 0.348900 0.000000 0.149700 0.385200 0.385800 0.372800 0.406600 0.411900 0.417100 0.376000 0.357600
WhiteTaile 0.353900 0.783200 0.361100 0.774000 0.377100 0.373000 0.392300 0.364700 0.336400 0.147800 0.361100 0.322800 0.376800 0.359200 0.369800 0.364100 0.430100 0.436400 0.358700 0.353100 0.375200 0.359700 0.138800 0.072900 0.360900 0.361200 0.349600 0.335600 0.349800 0.352100 0.153700 0.356100 0.448800 0.352300 0.343400 0.361400 0.368600 0.379600 0.383200 0.129900 0.117200 0.362800 0.149700 0.000000 0.369700 0.392300 0.382500 0.374500 0.405700 0.393100 0.347800 0.340000
Cattle 0.311500 0.696800 0.249500 0.717800 0.326000 0.314600 0.320400 0.292200 0.231900 0.378300 0.323000 0.156300 0.305400 0.315200 0.296100 0.283100 0.381800 0.434300 0.314800 0.241100 0.278100 0.321200 0.385800 0.393900 0.327100 0.285600 0.280600 0.224200 0.277500 0.230300 0.393300 0.321800 0.436400 0.289900 0.287800 0.039300 0.316300 0.305200 0.307500 0.433500 0.376300 0.307200 0.385200 0.369700 0.000000 0.321000 0.313100 0.330200 0.314900 0.360400 0.242700 0.236600
RoyalAntel 0.226200 0.762500 0.311200 0.786100 0.250700 0.234000 0.229800 0.238500 0.290100 0.383200 0.210800 0.304600 0.239600 0.208200 0.241700 0.218900 0.411500 0.453700 0.225200 0.287500 0.213100 0.199200 0.360200 0.400900 0.216100 0.221300 0.214800 0.283000 0.214900 0.290100 0.391800 0.203600 0.429500 0.212700 0.219800 0.333300 0.208400 0.242500 0.226300 0.403200 0.370900 0.220900 0.385800 0.392300 0.321000 0.000000 0.220600 0.273600 0.197200 0.373000 0.301900 0.291400
Steenbok 0.221400 0.779100 0.305500 0.833800 0.235400 0.232600 0.223700 0.152400 0.315600 0.374400 0.214800 0.322600 0.243700 0.221000 0.236700 0.164000 0.416000 0.471800 0.227600 0.297700 0.140400 0.206900 0.374900 0.393300 0.223400 0.157800 0.226100 0.302800 0.140800 0.298500 0.387000 0.223200 0.458400 0.227500 0.225800 0.317200 0.221200 0.241200 0.149200 0.415000 0.378700 0.156100 0.372800 0.382500 0.313100 0.220600 0.000000 0.271600 0.243900 0.395700 0.321600 0.310900
Impala 0.264000 0.786400 0.316300 0.839300 0.272300 0.273700 0.282100 0.268700 0.320300 0.395500 0.264700 0.327500 0.295000 0.280100 0.203600 0.279600 0.420000 0.479200 0.257800 0.311900 0.258500 0.266000 0.377900 0.384900 0.262700 0.276600 0.281100 0.297500 0.255700 0.316900 0.412500 0.278800 0.436900 0.269000 0.263400 0.330200 0.256700 0.273400 0.284700 0.423800 0.379200 0.281900 0.406600 0.374500 0.330200 0.273600 0.271600 0.000000 0.291000 0.398100 0.306500 0.307700
Klipspring 0.233400 0.785300 0.309400 0.762400 0.244400 0.241300 0.230200 0.245200 0.289800 0.413600 0.215900 0.295900 0.238200 0.204900 0.260600 0.247900 0.410700 0.456500 0.236400 0.298900 0.237900 0.209600 0.374500 0.412100 0.208700 0.235600 0.220300 0.286400 0.227400 0.291900 0.428800 0.219500 0.414400 0.218200 0.223700 0.314800 0.227900 0.241600 0.231800 0.421500 0.384100 0.233700 0.411900 0.405700 0.314900 0.197200 0.243900 0.291000 0.000000 0.371200 0.320000 0.296900
ForestMusk 0.371700 0.773000 0.358700 0.753800 0.377000 0.374700 0.395100 0.386200 0.352300 0.423300 0.358600 0.349700 0.385300 0.358000 0.352600 0.371600 0.359800 0.373100 0.358200 0.335800 0.360500 0.353000 0.408300 0.408900 0.358500 0.394000 0.361800 0.334500 0.371900 0.338900 0.424700 0.363000 0.411700 0.361100 0.363500 0.364800 0.361700 0.366100 0.404600 0.412600 0.408300 0.395100 0.417100 0.393100 0.360400 0.373000 0.395700 0.398100 0.371200 0.000000 0.357500 0.341000
Bushbuck 0.281700 0.687800 0.099000 0.789100 0.318400 0.294400 0.315200 0.318300 0.069000 0.373400 0.280700 0.214300 0.293200 0.287600 0.282700 0.313400 0.381200 0.423900 0.299100 0.078600 0.297900 0.286600 0.350500 0.373500 0.292800 0.297700 0.276500 0.050500 0.299100 0.075600 0.388500 0.292300 0.443500 0.275800 0.275700 0.252800 0.279900 0.311200 0.294300 0.392900 0.352000 0.311800 0.376000 0.347800 0.242700 0.301900 0.321600 0.306500 0.320000 0.357500 0.000000 0.064200
GreaterKud 0.269800 0.700700 0.093100 0.761200 0.305700 0.278400 0.292600 0.302000 0.052400 0.355100 0.259100 0.214000 0.277000 0.261700 0.280200 0.292500 0.390600 0.424100 0.279000 0.076200 0.277500 0.264500 0.345200 0.367900 0.270800 0.275500 0.260400 0.043600 0.278500 0.076500 0.365600 0.270000 0.444100 0.259800 0.252100 0.242700 0.260300 0.298400 0.276400 0.382500 0.346600 0.293000 0.357600 0.340000 0.236600 0.291400 0.310900 0.307700 0.296900 0.341000 0.064200 0.000000
