1
52 1
Argali 0.000000 0.237200 0.100200 0.209100 0.082300 0.006100 0.056300 0.069600 0.107100 0.117700 0.018600 0.117100 0.033900 0.049900 0.089100 0.095000 0.120300 0.140400 0.059300 0.083300 0.082000 0.015500 0.125300 0.124600 0.015400 0.085300 0.040300 0.087300 0.089000 0.093700 0.127800 0.066100 0.172700 0.049700 0.083200 0.093000 0.024600 0.086000 0.075900 0.124700 0.121800 0.082200 0.121300 0.097500 0.083500 0.093900 0.085200 0.075600 0.066300 0.103700 0.093800 0.110400
LesserMous 0.237200 0.000000 0.223800 0.221200 0.218600 0.237400 0.229900 0.215300 0.216700 0.221600 0.237900 0.247800 0.222700 0.226300 0.261900 0.212700 0.200800 0.221700 0.249700 0.220700 0.217200 0.246300 0.226700 0.241100 0.245000 0.224800 0.218600 0.222200 0.214700 0.225200 0.224800 0.242100 0.242800 0.230000 0.248400 0.236400 0.227200 0.219500 0.247400 0.245600 0.246900 0.214000 0.221800 0.250400 0.233100 0.254100 0.213300 0.230100 0.231000 0.240900 0.221700 0.208700
LesserKudu 0.100200 0.223800 0.000000 0.228000 0.112400 0.107100 0.105800 0.106200 0.034200 0.138900 0.107500 0.082900 0.095800 0.092300 0.112600 0.125200 0.120200 0.147300 0.119300 0.027900 0.118800 0.104100 0.125400 0.127700 0.103600 0.091700 0.095800 0.024700 0.115900 0.037500 0.152700 0.106000 0.168900 0.105700 0.127400 0.080000 0.102700 0.102700 0.130500 0.138800 0.132500 0.108700 0.135500 0.114800 0.073300 0.121400 0.118600 0.108900 0.102800 0.121000 0.031200 0.050100
KillerWhal 0.209100 0.221200 0.228000 0.000000 0.210500 0.209300 0.221900 0.196100 0.227100 0.209100 0.221600 0.204100 0.203000 0.206700 0.241700 0.208500 0.196500 0.218000 0.213900 0.216300 0.217200 0.213100 0.218100 0.220700 0.216800 0.209100 0.199100 0.217200 0.210400 0.223900 0.212200 0.230100 0.203400 0.202800 0.239800 0.224300 0.222600 0.203700 0.231500 0.201300 0.206700 0.198600 0.209300 0.221900 0.213300 0.252700 0.224600 0.202900 0.219100 0.209200 0.216400 0.234800
DefassaWat 0.082300 0.218600 0.112400 0.210500 0.000000 0.088900 0.081500 0.078700 0.122700 0.126500 0.089300 0.122400 0.071700 0.062100 0.068600 0.084200 0.122200 0.135200 0.087800 0.095500 0.074600 0.086000 0.134200 0.116100 0.085600 0.077900 0.071700 0.099600 0.088000 0.105900 0.133200 0.071800 0.149000 0.074900 0.112500 0.105600 0.091600 0.030700 0.105400 0.130200 0.134300 0.074900 0.123200 0.109900 0.095800 0.099700 0.081100 0.087800 0.072100 0.102500 0.106000 0.126000
Sheep 0.006100 0.237400 0.107100 0.209300 0.088900 0.000000 0.062700 0.069600 0.114100 0.117800 0.024500 0.117200 0.040300 0.056300 0.095800 0.095000 0.120300 0.140500 0.065500 0.090100 0.082100 0.021400 0.125400 0.124700 0.021300 0.091900 0.046600 0.094100 0.089100 0.100500 0.127900 0.072700 0.172800 0.056100 0.083200 0.099900 0.030300 0.092700 0.075900 0.124800 0.121900 0.082200 0.121500 0.097600 0.090300 0.100700 0.091800 0.075600 0.069600 0.103800 0.100600 0.117400
MaxwellsDu 0.056300 0.229900 0.105800 0.221900 0.081500 0.062700 0.000000 0.069000 0.116100 0.126700 0.056500 0.115800 0.039900 0.030500 0.084700 0.084200 0.108600 0.131900 0.088000 0.095700 0.074800 0.059800 0.127300 0.130200 0.056300 0.071500 0.046200 0.099800 0.081500 0.092600 0.140300 0.045700 0.149100 0.055700 0.092400 0.085700 0.065500 0.081800 0.078800 0.123200 0.120400 0.068400 0.130400 0.103300 0.076000 0.079600 0.081100 0.068400 0.059200 0.089200 0.096100 0.112500
GazellaPrz 0.069600 0.215300 0.106200 0.196100 0.078700 0.069600 0.069000 0.000000 0.123500 0.123800 0.076500 0.109500 0.065800 0.056100 0.085400 0.062000 0.123000 0.136200 0.078500 0.102900 0.059000 0.073200 0.121000 0.117100 0.072900 0.055700 0.069000 0.107100 0.056000 0.106600 0.141000 0.069100 0.153300 0.072100 0.096300 0.099500 0.079000 0.079000 0.076000 0.123900 0.117700 0.052700 0.124000 0.100500 0.089700 0.096900 0.071800 0.072100 0.062800 0.093100 0.106700 0.123400
MountainNy 0.107100 0.216700 0.034200 0.227100 0.122700 0.114100 0.116100 0.123500 0.000000 0.124600 0.118000 0.099800 0.106000 0.095700 0.123000 0.121700 0.130700 0.158100 0.136600 0.037400 0.122300 0.107300 0.132400 0.135100 0.114000 0.101800 0.106000 0.021700 0.126300 0.040600 0.138300 0.119700 0.172600 0.116000 0.134400 0.093400 0.106100 0.109500 0.116700 0.138800 0.139600 0.112200 0.121300 0.121800 0.083500 0.124500 0.108400 0.119200 0.113100 0.131600 0.034300 0.034100
MuntiacusM 0.117700 0.221600 0.138900 0.209100 0.126500 0.117800 0.126700 0.123800 0.124600 0.000000 0.135900 0.142000 0.116400 0.112900 0.147900 0.143000 0.127600 0.147800 0.140500 0.128300 0.140100 0.128700 0.044400 0.070400 0.131700 0.136400 0.123400 0.129200 0.140800 0.128400 0.018500 0.130500 0.154600 0.133600 0.149400 0.131800 0.137600 0.120100 0.148900 0.063900 0.038000 0.133300 0.003100 0.064200 0.121700 0.142900 0.132700 0.119500 0.130800 0.121400 0.121600 0.135100
goat 0.018600 0.237900 0.107500 0.221600 0.089300 0.024500 0.056500 0.076500 0.118000 0.135900 0.000000 0.124600 0.034100 0.056500 0.096200 0.098600 0.120700 0.144400 0.065800 0.090400 0.082300 0.021400 0.133100 0.132200 0.009200 0.085600 0.040400 0.094500 0.089400 0.100900 0.146200 0.066400 0.173500 0.049900 0.090300 0.100400 0.034000 0.096400 0.079700 0.132300 0.129500 0.082500 0.139700 0.104900 0.090700 0.094300 0.092200 0.082500 0.066600 0.104200 0.101100 0.117900
AfricanBuf 0.117100 0.247800 0.082900 0.204100 0.122400 0.117200 0.115800 0.109500 0.099800 0.142000 0.124600 0.000000 0.112500 0.109000 0.129800 0.125000 0.119900 0.139900 0.132800 0.086400 0.122100 0.121200 0.142700 0.138400 0.120600 0.104900 0.112500 0.083600 0.122600 0.090000 0.155800 0.119500 0.157400 0.115800 0.138100 0.073000 0.126500 0.116100 0.133800 0.145600 0.142800 0.108600 0.138600 0.125100 0.063400 0.131600 0.128700 0.112200 0.112900 0.124200 0.090100 0.103100
Topi 0.033900 0.222700 0.095800 0.203000 0.071700 0.040300 0.039900 0.065800 0.106000 0.116400 0.034100 0.112500 0.000000 0.040000 0.078400 0.081000 0.105400 0.128600 0.065100 0.079200 0.065100 0.037300 0.113500 0.113000 0.037100 0.068300 0.006000 0.083000 0.065300 0.089400 0.126500 0.049500 0.152700 0.014900 0.075800 0.082500 0.049400 0.078600 0.075500 0.113100 0.110100 0.065200 0.120100 0.086500 0.072800 0.076300 0.077900 0.065200 0.056000 0.085900 0.089500 0.105900
CommonDuik 0.049900 0.226300 0.092300 0.206700 0.062100 0.056300 0.030500 0.056100 0.095700 0.112900 0.056500 0.109000 0.040000 0.000000 0.074900 0.071300 0.108700 0.128600 0.081400 0.082400 0.061900 0.053300 0.120400 0.109500 0.053100 0.058700 0.046300 0.086300 0.068500 0.085900 0.133400 0.040200 0.149200 0.055700 0.085800 0.079100 0.065500 0.068800 0.072300 0.116400 0.113600 0.055600 0.116500 0.089800 0.069400 0.073000 0.061800 0.062000 0.052900 0.082600 0.086000 0.105800
Suni 0.089100 0.261900 0.112600 0.241700 0.068600 0.095800 0.084700 0.085400 0.123000 0.147900 0.096200 0.129800 0.078400 0.074900 0.000000 0.110900 0.143300 0.167100 0.101300 0.095700 0.087900 0.092800 0.155800 0.123200 0.085700 0.091100 0.078400 0.099800 0.115000 0.106100 0.154600 0.084800 0.178300 0.075100 0.106000 0.106000 0.105100 0.082000 0.112400 0.144400 0.155900 0.094700 0.144500 0.117000 0.096100 0.099900 0.101000 0.088100 0.092000 0.109500 0.106300 0.119500
Springbuck 0.095000 0.212700 0.125200 0.208500 0.084200 0.095000 0.084200 0.062000 0.121700 0.143000 0.098600 0.125000 0.081000 0.071300 0.110900 0.000000 0.121300 0.131000 0.107200 0.114900 0.039400 0.102100 0.140000 0.146700 0.101700 0.042400 0.081000 0.119200 0.039300 0.115300 0.156700 0.081100 0.161800 0.090700 0.122100 0.115000 0.094300 0.077900 0.065300 0.128800 0.140100 0.027000 0.139600 0.126300 0.112000 0.109100 0.070900 0.090700 0.071400 0.105200 0.118800 0.128600
Okapi 0.120300 0.200800 0.120200 0.196500 0.122200 0.120300 0.108600 0.123000 0.130700 0.127600 0.120700 0.119900 0.105400 0.108700 0.143300 0.121300 0.000000 0.040000 0.132600 0.116800 0.128700 0.124300 0.100500 0.124000 0.123700 0.118300 0.105400 0.114200 0.122400 0.117100 0.141300 0.119100 0.128400 0.115400 0.141300 0.106400 0.136700 0.122700 0.137100 0.110100 0.114300 0.115200 0.124300 0.110700 0.096500 0.141900 0.121600 0.129100 0.112600 0.096400 0.120800 0.130600
Giraffe 0.140400 0.221700 0.147300 0.218000 0.135200 0.140500 0.131900 0.136200 0.158100 0.147800 0.144400 0.139900 0.128600 0.128600 0.167100 0.131000 0.040000 0.000000 0.138800 0.143800 0.138500 0.144600 0.123800 0.151200 0.144000 0.134800 0.128600 0.141300 0.145800 0.144300 0.161600 0.135600 0.152400 0.138800 0.161900 0.126300 0.157000 0.135800 0.154100 0.136900 0.137800 0.131700 0.144400 0.137700 0.116300 0.166200 0.141600 0.142300 0.122100 0.119500 0.148000 0.158000
TibetanAnt 0.059300 0.249700 0.119300 0.213900 0.087800 0.065500 0.088000 0.078500 0.136600 0.140500 0.065800 0.132800 0.065100 0.081400 0.101300 0.107200 0.132600 0.138800 0.000000 0.108900 0.094200 0.062600 0.144800 0.130000 0.062300 0.087600 0.065100 0.113200 0.108000 0.119500 0.143600 0.078200 0.174200 0.068200 0.098700 0.112400 0.068300 0.094800 0.095200 0.133600 0.148500 0.091100 0.137200 0.116800 0.109300 0.120000 0.087600 0.094300 0.078500 0.109200 0.119700 0.136500
Sitatunga 0.083300 0.220700 0.027900 0.216300 0.095500 0.090100 0.095700 0.102900 0.037400 0.128300 0.090400 0.086400 0.079200 0.082400 0.095700 0.114900 0.116800 0.143800 0.108900 0.000000 0.101800 0.087100 0.121900 0.117600 0.086700 0.088400 0.079200 0.015500 0.112500 0.028000 0.142000 0.092500 0.165300 0.088900 0.113500 0.080000 0.085900 0.095900 0.120100 0.128200 0.129100 0.098600 0.124900 0.104500 0.070200 0.111000 0.108400 0.098800 0.092700 0.110700 0.021700 0.046800
Oribi 0.082000 0.217200 0.118800 0.217200 0.074600 0.082100 0.074800 0.059000 0.122300 0.140100 0.082300 0.122100 0.065100 0.061900 0.087900 0.039400 0.128700 0.138500 0.094200 0.101800 0.000000 0.085700 0.133700 0.122700 0.085300 0.045800 0.065100 0.106000 0.055300 0.112300 0.153800 0.065200 0.158800 0.074700 0.105500 0.112100 0.091200 0.088100 0.059100 0.136700 0.133800 0.036400 0.136700 0.109600 0.102200 0.099300 0.067900 0.081200 0.071900 0.102300 0.112500 0.129100
BarbaryShe 0.015500 0.246300 0.104100 0.213100 0.086000 0.021400 0.059800 0.073200 0.107300 0.128700 0.021400 0.121200 0.037300 0.053300 0.092800 0.102100 0.124300 0.144600 0.062600 0.087100 0.085700 0.000000 0.133000 0.125100 0.018300 0.089000 0.043600 0.084100 0.092800 0.090400 0.139000 0.069700 0.173500 0.053100 0.076800 0.097000 0.030800 0.093100 0.083100 0.125200 0.129500 0.085900 0.132500 0.098000 0.087300 0.090600 0.088900 0.079200 0.069900 0.107700 0.090600 0.107100
Daviddeer 0.125300 0.226700 0.125400 0.218100 0.134200 0.125400 0.127300 0.121000 0.132400 0.044400 0.133100 0.142700 0.113500 0.120400 0.155800 0.140000 0.100500 0.123800 0.144800 0.121900 0.133700 0.133000 0.000000 0.070800 0.136000 0.126500 0.113500 0.115700 0.137800 0.129200 0.050100 0.124100 0.140800 0.123700 0.150400 0.125300 0.142100 0.134800 0.153100 0.067500 0.018700 0.123400 0.041200 0.057900 0.115200 0.136400 0.147400 0.134100 0.120800 0.115000 0.115200 0.128600
Reindeer 0.124600 0.241100 0.127700 0.220700 0.116100 0.124700 0.130200 0.117100 0.135100 0.070400 0.132200 0.138400 0.113000 0.109500 0.123200 0.146700 0.124000 0.151200 0.130000 0.117600 0.122700 0.125100 0.070800 0.000000 0.128100 0.133000 0.113000 0.111100 0.144400 0.124800 0.083600 0.126900 0.150900 0.123200 0.142300 0.121100 0.134200 0.130600 0.148900 0.076900 0.070900 0.130000 0.067200 0.025000 0.110700 0.146500 0.143400 0.130000 0.134400 0.117900 0.118000 0.138400
Ibex 0.015400 0.245000 0.103600 0.216800 0.085600 0.021300 0.056300 0.072900 0.114000 0.131700 0.009200 0.120600 0.037100 0.053100 0.085700 0.101700 0.123700 0.144000 0.062300 0.086700 0.085300 0.018300 0.136000 0.128100 0.000000 0.088600 0.043400 0.090700 0.092400 0.097100 0.142000 0.069400 0.176500 0.052900 0.086500 0.096500 0.030700 0.092700 0.082700 0.128200 0.132500 0.085500 0.135500 0.101000 0.086900 0.097300 0.088500 0.078900 0.069600 0.107200 0.097200 0.113900
GyrantGaze 0.085300 0.224800 0.091700 0.209100 0.077900 0.091900 0.071500 0.055700 0.101800 0.136400 0.085600 0.104900 0.068300 0.058700 0.091100 0.042400 0.118300 0.134800 0.087600 0.088400 0.045800 0.089000 0.126500 0.133000 0.088600 0.000000 0.068300 0.092400 0.045800 0.095400 0.150000 0.068400 0.162200 0.077900 0.115600 0.108600 0.094500 0.078200 0.068600 0.125700 0.133500 0.027200 0.133000 0.119700 0.098800 0.095800 0.064700 0.077800 0.065100 0.105500 0.092100 0.108500
Hartebeest 0.040300 0.218600 0.095800 0.199100 0.071700 0.046600 0.046200 0.069000 0.106000 0.123400 0.040400 0.112500 0.006000 0.046300 0.078400 0.081000 0.105400 0.128600 0.065100 0.079200 0.065100 0.043600 0.113500 0.113000 0.043400 0.068300 0.000000 0.083000 0.071800 0.089400 0.126500 0.049500 0.152700 0.015100 0.075800 0.082500 0.055800 0.078600 0.075500 0.113100 0.117100 0.065200 0.120100 0.086500 0.072800 0.076300 0.077900 0.071700 0.056000 0.085900 0.089500 0.105900
Bongo 0.087300 0.222200 0.024700 0.217200 0.099600 0.094100 0.099800 0.107100 0.021700 0.129200 0.094500 0.083600 0.083000 0.086300 0.099800 0.119200 0.114200 0.141300 0.113200 0.015500 0.106000 0.084100 0.115700 0.111100 0.090700 0.092400 0.083000 0.000000 0.116800 0.025000 0.143000 0.096500 0.159000 0.092900 0.114200 0.077200 0.089900 0.100100 0.117500 0.129100 0.122900 0.102800 0.125800 0.098300 0.067200 0.108000 0.112600 0.102900 0.096700 0.115000 0.018700 0.031100
Gerenuk 0.089000 0.214700 0.115900 0.210400 0.088000 0.089100 0.081500 0.056000 0.126300 0.140800 0.089400 0.122600 0.065300 0.068500 0.115000 0.039300 0.122400 0.145800 0.108000 0.112500 0.055300 0.092800 0.137800 0.144400 0.092400 0.045800 0.071800 0.116800 0.000000 0.119700 0.161800 0.085000 0.166900 0.081500 0.119700 0.119500 0.091700 0.088400 0.078700 0.137000 0.130800 0.036500 0.144500 0.124000 0.109500 0.113200 0.068200 0.088000 0.075100 0.109400 0.116400 0.133100
CommonElan 0.093700 0.225200 0.037500 0.223900 0.105900 0.100500 0.092600 0.106600 0.040600 0.128400 0.100900 0.090000 0.089400 0.085900 0.106100 0.115300 0.117100 0.144300 0.119500 0.028000 0.112300 0.090400 0.129200 0.124800 0.097100 0.095400 0.089400 0.025000 0.119700 0.000000 0.142200 0.102900 0.158200 0.099300 0.113700 0.083500 0.089500 0.099600 0.123900 0.128500 0.136400 0.105700 0.125100 0.111600 0.073700 0.107500 0.112100 0.102400 0.099700 0.114400 0.021700 0.037300
MuntiacusR 0.127800 0.224800 0.152700 0.212200 0.133200 0.127900 0.140300 0.141000 0.138300 0.018500 0.146200 0.155800 0.126500 0.133400 0.154600 0.156700 0.141300 0.161600 0.143600 0.142000 0.153800 0.139000 0.050100 0.083600 0.142000 0.150000 0.126500 0.143000 0.161800 0.142200 0.000000 0.144200 0.161600 0.129800 0.145500 0.145600 0.147900 0.126700 0.155600 0.070300 0.057400 0.147000 0.015400 0.077300 0.135400 0.149700 0.146300 0.133000 0.137500 0.135100 0.135300 0.141700
HarveysDui 0.066100 0.242100 0.106000 0.230100 0.071800 0.072700 0.045700 0.069100 0.119700 0.130500 0.066400 0.119500 0.049500 0.040200 0.084800 0.081100 0.119100 0.135600 0.078200 0.092500 0.065200 0.069700 0.124100 0.126900 0.069400 0.068400 0.049500 0.096500 0.085000 0.102900 0.144200 0.000000 0.153000 0.059000 0.096000 0.089100 0.081900 0.078700 0.088900 0.134000 0.124200 0.065300 0.127100 0.100000 0.086100 0.083100 0.078000 0.071800 0.056100 0.092800 0.103000 0.123100
Pronghorn 0.172700 0.242800 0.168900 0.203400 0.149000 0.172800 0.149100 0.153300 0.172600 0.154600 0.173500 0.157400 0.152700 0.149200 0.178300 0.161800 0.128400 0.152400 0.174200 0.165300 0.158800 0.173500 0.140800 0.150900 0.176500 0.162200 0.152700 0.159000 0.166900 0.158200 0.161600 0.153000 0.000000 0.149000 0.176500 0.161700 0.171500 0.156900 0.186600 0.151000 0.140900 0.144900 0.151200 0.144600 0.151200 0.176800 0.173100 0.166900 0.153300 0.136500 0.147500 0.172300
BlueWildeb 0.049700 0.230000 0.105700 0.202800 0.074900 0.056100 0.055700 0.072100 0.116000 0.133600 0.049900 0.115800 0.014900 0.055700 0.075100 0.090700 0.115400 0.138800 0.068200 0.088900 0.074700 0.053100 0.123700 0.123200 0.052900 0.077900 0.015100 0.092900 0.081500 0.099300 0.129800 0.059000 0.149000 0.000000 0.079000 0.085700 0.065300 0.081800 0.085300 0.123200 0.127300 0.074800 0.130200 0.096400 0.076000 0.073000 0.087600 0.074900 0.065600 0.089100 0.099400 0.109200
Gemsbok 0.083200 0.248400 0.127400 0.239800 0.112500 0.083200 0.092400 0.096300 0.134400 0.149400 0.090300 0.138100 0.075800 0.085800 0.106000 0.122100 0.141300 0.161900 0.098700 0.113500 0.105500 0.076800 0.150400 0.142300 0.086500 0.115600 0.075800 0.114200 0.119700 0.113700 0.145500 0.096000 0.176500 0.079000 0.000000 0.117400 0.092500 0.119900 0.120500 0.149600 0.154100 0.105700 0.146000 0.114900 0.107400 0.114600 0.105200 0.105800 0.092900 0.128200 0.117400 0.123800
Yak 0.093000 0.236400 0.080000 0.224300 0.105600 0.099900 0.085700 0.099500 0.093400 0.131800 0.100400 0.073000 0.082500 0.079100 0.106000 0.115000 0.106400 0.126300 0.112400 0.080000 0.112100 0.097000 0.125300 0.121100 0.096500 0.108600 0.082500 0.077200 0.119500 0.083500 0.145600 0.089100 0.161700 0.085700 0.117400 0.000000 0.109400 0.099400 0.123600 0.128300 0.125500 0.105500 0.128400 0.101000 0.015500 0.104100 0.111900 0.105600 0.096200 0.107200 0.083600 0.096700
BlueSheep 0.024600 0.227200 0.102700 0.222600 0.091600 0.030300 0.065500 0.079000 0.106100 0.137600 0.034000 0.126500 0.049400 0.065500 0.105100 0.094300 0.136700 0.157000 0.068300 0.085900 0.091200 0.030800 0.142100 0.134200 0.030700 0.094500 0.055800 0.089900 0.091700 0.089500 0.147900 0.081900 0.171500 0.065300 0.092500 0.109400 0.000000 0.091900 0.078800 0.141200 0.138500 0.084900 0.141400 0.107000 0.099700 0.106800 0.081400 0.081600 0.082200 0.120100 0.093000 0.106100
BohorReedb 0.086000 0.219500 0.102700 0.203700 0.030700 0.092700 0.081800 0.079000 0.109500 0.120100 0.096400 0.116100 0.078600 0.068800 0.082000 0.077900 0.122700 0.135800 0.094800 0.095900 0.088100 0.093100 0.134800 0.130600 0.092700 0.078200 0.078600 0.100100 0.088400 0.099600 0.126700 0.078700 0.156900 0.081800 0.119900 0.099400 0.091900 0.000000 0.102500 0.130700 0.134900 0.075200 0.116700 0.117300 0.089500 0.100100 0.081400 0.088200 0.072400 0.102900 0.099700 0.126500
KirksDik 0.075900 0.247400 0.130500 0.231500 0.105400 0.075900 0.078800 0.076000 0.116700 0.148900 0.079700 0.133800 0.075500 0.072300 0.112400 0.065300 0.137100 0.154100 0.095200 0.120100 0.059100 0.083100 0.153100 0.148900 0.082700 0.068600 0.075500 0.117500 0.078700 0.123900 0.155600 0.088900 0.186600 0.085300 0.120500 0.123600 0.078800 0.102500 0.000000 0.134700 0.153200 0.059100 0.145500 0.128300 0.113600 0.107100 0.062200 0.095200 0.082500 0.113700 0.124000 0.130500
RoeDeer 0.124700 0.245600 0.138800 0.201300 0.130200 0.124800 0.123200 0.123900 0.138800 0.063900 0.132300 0.145600 0.113100 0.116400 0.144400 0.128800 0.110100 0.136900 0.133600 0.128200 0.136700 0.125200 0.067500 0.076900 0.128200 0.125700 0.113100 0.129100 0.137000 0.128500 0.070300 0.134000 0.151000 0.123200 0.149600 0.128300 0.141200 0.130700 0.134700 0.000000 0.067600 0.115700 0.060700 0.070600 0.118100 0.146500 0.136400 0.130000 0.130500 0.118000 0.121500 0.138600
WhiteLippe 0.121800 0.246900 0.132500 0.206700 0.134300 0.121900 0.120400 0.117700 0.139600 0.038000 0.129500 0.142800 0.110100 0.113600 0.155900 0.140100 0.114300 0.137800 0.148500 0.129100 0.133800 0.129500 0.018700 0.070900 0.132500 0.133500 0.117100 0.122900 0.130800 0.136400 0.057400 0.124200 0.140900 0.127300 0.154100 0.125500 0.138500 0.134900 0.153200 0.067600 0.000000 0.123500 0.041300 0.058000 0.115400 0.136500 0.147500 0.127200 0.120900 0.115100 0.122300 0.143000
ThomsonGaz 0.082200 0.214000 0.108700 0.198600 0.074900 0.082200 0.068400 0.052700 0.112200 0.133300 0.082500 0.108600 0.065200 0.055600 0.094700 0.027000 0.115200 0.131700 0.091100 0.098600 0.036400 0.085900 0.123400 0.130000 0.085500 0.027200 0.065200 0.102800 0.036500 0.105700 0.147000 0.065300 0.144900 0.074800 0.105700 0.105500 0.084900 0.075200 0.059100 0.115700 0.123500 0.000000 0.130000 0.109800 0.095700 0.092800 0.055300 0.074800 0.062100 0.095700 0.102400 0.119000
MuntiacusC 0.121300 0.221800 0.135500 0.209300 0.123200 0.121500 0.130400 0.124000 0.121300 0.003100 0.139700 0.138600 0.120100 0.116500 0.144500 0.139600 0.124300 0.144400 0.137200 0.124900 0.136700 0.132500 0.041200 0.067200 0.135500 0.133000 0.120100 0.125800 0.144500 0.125100 0.015400 0.127100 0.151200 0.130200 0.146000 0.128400 0.141400 0.116700 0.145500 0.060700 0.041300 0.130000 0.000000 0.061000 0.118300 0.139500 0.129400 0.123200 0.127500 0.118100 0.118200 0.131700
WhiteTaile 0.097500 0.250400 0.114800 0.221900 0.109900 0.097600 0.103300 0.100500 0.121800 0.064200 0.104900 0.125100 0.086500 0.089800 0.117000 0.126300 0.110700 0.137700 0.116800 0.104500 0.109600 0.098000 0.057900 0.025000 0.101000 0.119700 0.086500 0.098300 0.124000 0.111600 0.077300 0.100000 0.144600 0.096400 0.114900 0.101000 0.107000 0.117300 0.128300 0.070600 0.058000 0.109800 0.061000 0.000000 0.091100 0.118800 0.123100 0.116700 0.107300 0.097700 0.104800 0.125100
Cattle 0.083500 0.233100 0.073300 0.213300 0.095800 0.090300 0.076000 0.089700 0.083500 0.121700 0.090700 0.063400 0.072800 0.069400 0.096100 0.112000 0.096500 0.116300 0.109300 0.070200 0.102200 0.087300 0.115200 0.110700 0.086900 0.098800 0.072800 0.067200 0.109500 0.073700 0.135400 0.086100 0.151200 0.076000 0.107400 0.015500 0.099700 0.089500 0.113600 0.118100 0.115400 0.095700 0.118300 0.091100 0.000000 0.094100 0.102000 0.095800 0.086400 0.097300 0.073800 0.086800
RoyalAntel 0.093900 0.254100 0.121400 0.252700 0.099700 0.100700 0.079600 0.096900 0.124500 0.142900 0.094300 0.131600 0.076300 0.073000 0.099900 0.109100 0.141900 0.166200 0.120000 0.111000 0.099300 0.090600 0.136400 0.146500 0.097300 0.095800 0.076300 0.108000 0.113200 0.107500 0.149700 0.083100 0.176800 0.073000 0.114600 0.104100 0.106800 0.100100 0.107100 0.146500 0.136500 0.092800 0.139500 0.118800 0.094100 0.000000 0.105900 0.096200 0.083400 0.111300 0.107600 0.121000
Steenbok 0.085200 0.213300 0.118600 0.224600 0.081100 0.091800 0.081100 0.071800 0.108400 0.132700 0.092200 0.128700 0.077900 0.061800 0.101000 0.070900 0.121600 0.141600 0.087600 0.108400 0.067900 0.088900 0.147400 0.143400 0.088500 0.064700 0.077900 0.112600 0.068200 0.112100 0.146300 0.078000 0.173100 0.087600 0.105200 0.111900 0.081400 0.081400 0.062200 0.136400 0.147500 0.055300 0.129400 0.123100 0.102000 0.105900 0.000000 0.090800 0.078300 0.115600 0.112200 0.118600
Impala 0.075600 0.230100 0.108900 0.202900 0.087800 0.075600 0.068400 0.072100 0.119200 0.119500 0.082500 0.112200 0.065200 0.062000 0.088100 0.090700 0.129100 0.142300 0.094300 0.098800 0.081200 0.079200 0.134100 0.130000 0.078900 0.077800 0.071700 0.102900 0.088000 0.102400 0.133000 0.071800 0.166900 0.074900 0.105800 0.105600 0.081600 0.088200 0.095200 0.130000 0.127200 0.074800 0.123200 0.116700 0.095800 0.096200 0.090800 0.000000 0.078600 0.102600 0.102500 0.108700
Klipspring 0.066300 0.231000 0.102800 0.219100 0.072100 0.069600 0.059200 0.062800 0.113100 0.130800 0.066600 0.112900 0.056000 0.052900 0.092000 0.071400 0.112600 0.122100 0.078500 0.092700 0.071900 0.069900 0.120800 0.134400 0.069600 0.065100 0.056000 0.096700 0.075100 0.099700 0.137500 0.056100 0.153300 0.065600 0.092900 0.096200 0.082200 0.072400 0.082500 0.130500 0.120900 0.062100 0.127500 0.107300 0.086400 0.083400 0.078300 0.078600 0.000000 0.079600 0.096400 0.116400
ForestMusk 0.103700 0.240900 0.121000 0.209200 0.102500 0.103800 0.089200 0.093100 0.131600 0.121400 0.104200 0.124200 0.085900 0.082600 0.109500 0.105200 0.096400 0.119500 0.109200 0.110700 0.102300 0.107700 0.115000 0.117900 0.107200 0.105500 0.085900 0.115000 0.109400 0.114400 0.135100 0.092800 0.136500 0.089100 0.128200 0.107200 0.120100 0.102900 0.113700 0.118000 0.115100 0.095700 0.118100 0.097700 0.097300 0.111300 0.115600 0.102600 0.079600 0.000000 0.114600 0.135000
Bushbuck 0.093800 0.221700 0.031200 0.216400 0.106000 0.100600 0.096100 0.106700 0.034300 0.121600 0.101100 0.090100 0.089500 0.086000 0.106300 0.118800 0.120800 0.148000 0.119700 0.021700 0.112500 0.090600 0.115200 0.118000 0.097200 0.092100 0.089500 0.018700 0.116400 0.021700 0.135300 0.103000 0.147500 0.099400 0.117400 0.083600 0.093000 0.099700 0.124000 0.121500 0.122300 0.102400 0.118200 0.104800 0.073800 0.107600 0.112200 0.102500 0.096400 0.114600 0.000000 0.040500
GreaterKud 0.110400 0.208700 0.050100 0.234800 0.126000 0.117400 0.112500 0.123400 0.034100 0.135100 0.117900 0.103100 0.105900 0.105800 0.119500 0.128600 0.130600 0.158000 0.136500 0.046800 0.129100 0.107100 0.128600 0.138400 0.113900 0.108500 0.105900 0.031100 0.133100 0.037300 0.141700 0.123100 0.172300 0.109200 0.123800 0.096700 0.106100 0.126500 0.130500 0.138600 0.143000 0.119000 0.131700 0.125100 0.086800 0.121000 0.118600 0.108700 0.116400 0.135000 0.040500 0.000000
