CODONML (in paml version 4.10.7, June 2023)  /home/rachel/ruminants_paml/6406-phy-tree/ENSBTAT00000002286.fasta.phy
Model: free dN/dS Ratios for branches,  kappa = 2.000 fixed

Codon frequency model: F3x4
ns =  54  ls = 120

Codon usage in sequences
--------------------------------------------------------------------------------------------------------------------------------------
Phe TTT   1   1   1   1   1   1 | Ser TCT   1   1   1   1   1   1 | Tyr TAT   1   1   0   0   1   1 | Cys TGT   0   0   0   0   0   0
    TTC   1   1   1   1   1   1 |     TCC   3   2   3   3   3   3 |     TAC   1   1   2   2   1   1 |     TGC   0   0   0   0   0   0
Leu TTA   0   0   0   0   0   0 |     TCA   1   1   1   1   0   1 | *** TAA   0   0   0   0   0   0 | *** TGA   0   0   0   0   0   0
    TTG   0   0   0   0   0   0 |     TCG   0   1   0   0   1   0 |     TAG   0   0   0   0   0   0 | Trp TGG   2   2   2   2   2   2
--------------------------------------------------------------------------------------------------------------------------------------
Leu CTT   0   0   0   0   1   0 | Pro CCT   3   3   2   3   2   3 | His CAT   0   0   0   0   0   0 | Arg CGT   2   1   1   2   2   2
    CTC   5   4   5   5   4   4 |     CCC   2   4   3   2   3   2 |     CAC   1   1   1   1   1   1 |     CGC   2   2   2   2   2   2
    CTA   0   0   0   0   0   1 |     CCA   4   4   4   4   5   4 | Gln CAA   0   0   0   0   0   0 |     CGA   0   0   0   1   0   0
    CTG   5   6   5   5   5   6 |     CCG   2   1   2   2   2   2 |     CAG   7   7   7   7   7   7 |     CGG   3   4   4   2   2   3
--------------------------------------------------------------------------------------------------------------------------------------
Ile ATT   1   1   1   1   2   1 | Thr ACT   0   0   0   0   0   0 | Asn AAT   0   0   0   0   0   0 | Ser AGT   0   0   0   0   0   0
    ATC   3   3   3   3   2   3 |     ACC   2   3   2   2   2   2 |     AAC   4   4   4   4   4   4 |     AGC   5   5   5   5   5   5
    ATA   0   0   0   0   0   0 |     ACA   1   0   1   1   1   1 | Lys AAA   2   3   2   2   2   2 | Arg AGA   1   1   1   1   1   0
Met ATG   1   1   1   1   1   1 |     ACG   1   1   1   1   1   1 |     AAG  11  10  11  11  11  11 |     AGG   1   1   1   1   2   2
--------------------------------------------------------------------------------------------------------------------------------------
Val GTT   0   0   0   0   0   0 | Ala GCT   2   2   2   2   5   2 | Asp GAT   3   0   3   3   1   2 | Gly GGT   0   0   0   0   0   0
    GTC   2   2   2   2   2   2 |     GCC   8   8   8   8   6   8 |     GAC   6   9   6   6   8   7 |     GGC   0   0   0   0   0   0
    GTA   0   0   0   0   0   0 |     GCA   4   1   3   3   3   2 | Glu GAA   2   1   2   2   2   2 |     GGA   0   0   0   0   0   0
    GTG   2   2   2   2   2   2 |     GCG   1   3   2   2   0   2 |     GAG   8   9   8   8   8   8 |     GGG   2   2   2   2   2   2
--------------------------------------------------------------------------------------------------------------------------------------

--------------------------------------------------------------------------------------------------------------------------------------
Phe TTT   1   1   1   1   1   1 | Ser TCT   1   1   1   1   1   1 | Tyr TAT   0   0   0   0   0   0 | Cys TGT   0   0   0   0   0   0
    TTC   1   1   1   1   1   1 |     TCC   3   3   3   3   3   2 |     TAC   2   2   2   2   2   2 |     TGC   0   0   0   0   0   0
Leu TTA   0   0   0   0   0   0 |     TCA   1   1   1   1   1   0 | *** TAA   0   0   0   0   0   0 | *** TGA   0   0   0   0   0   0
    TTG   0   0   0   0   0   0 |     TCG   0   0   0   0   0   2 |     TAG   0   0   0   0   0   0 | Trp TGG   2   2   2   2   2   2
--------------------------------------------------------------------------------------------------------------------------------------
Leu CTT   0   0   0   0   0   0 | Pro CCT   3   3   3   3   2   3 | His CAT   0   0   0   0   0   0 | Arg CGT   2   2   2   2   1   2
    CTC   5   5   5   5   5   5 |     CCC   2   2   2   3   3   2 |     CAC   1   1   1   1   1   1 |     CGC   2   2   2   2   2   2
    CTA   1   0   0   1   0   0 |     CCA   4   4   4   4   5   4 | Gln CAA   0   0   0   0   1   0 |     CGA   0   0   0   0   0   0
    CTG   4   5   5   4   5   5 |     CCG   2   2   2   1   1   2 |     CAG   7   7   7   7   6   7 |     CGG   3   3   3   3   4   3
--------------------------------------------------------------------------------------------------------------------------------------
Ile ATT   1   1   1   1   1   1 | Thr ACT   0   0   0   0   0   0 | Asn AAT   0   0   0   0   0   0 | Ser AGT   0   0   0   0   0   0
    ATC   3   3   3   3   3   3 |     ACC   2   2   2   2   2   2 |     AAC   4   4   4   4   4   4 |     AGC   5   5   5   5   5   5
    ATA   0   0   0   0   0   0 |     ACA   1   1   1   1   1   1 | Lys AAA   2   2   2   2   2   2 | Arg AGA   1   1   1   1   1   1
Met ATG   1   1   1   1   1   1 |     ACG   1   1   1   1   1   1 |     AAG  11  11  11  11  11  11 |     AGG   1   1   1   1   1   1
--------------------------------------------------------------------------------------------------------------------------------------
Val GTT   0   0   0   0   0   0 | Ala GCT   2   2   2   2   2   2 | Asp GAT   3   3   3   3   3   3 | Gly GGT   0   0   0   0   0   0
    GTC   2   2   2   2   2   2 |     GCC   8   8   8   9   8   8 |     GAC   6   6   6   6   6   6 |     GGC   0   0   0   0   0   0
    GTA   0   0   0   0   0   0 |     GCA   3   4   3   2   4   3 | Glu GAA   2   2   2   2   2   2 |     GGA   0   0   0   0   0   0
    GTG   2   2   2   2   2   2 |     GCG   2   1   2   2   1   2 |     GAG   8   8   8   8   8   8 |     GGG   2   2   2   2   2   2
--------------------------------------------------------------------------------------------------------------------------------------

--------------------------------------------------------------------------------------------------------------------------------------
Phe TTT   1   1   1   1   1   1 | Ser TCT   1   1   1   2   2   1 | Tyr TAT   0   0   0   0   0   0 | Cys TGT   0   0   0   0   0   0
    TTC   1   1   1   1   1   1 |     TCC   3   2   3   2   2   3 |     TAC   2   2   2   2   2   2 |     TGC   0   0   0   0   0   0
Leu TTA   0   0   0   0   0   0 |     TCA   1   1   1   1   1   1 | *** TAA   0   0   0   0   0   0 | *** TGA   0   0   0   0   0   0
    TTG   0   0   0   0   0   0 |     TCG   0   1   0   0   0   0 |     TAG   0   0   0   0   0   0 | Trp TGG   2   2   2   2   2   2
--------------------------------------------------------------------------------------------------------------------------------------
Leu CTT   0   0   0   0   0   0 | Pro CCT   3   3   3   3   3   3 | His CAT   0   0   0   0   0   0 | Arg CGT   2   1   2   1   2   2
    CTC   5   5   5   5   5   5 |     CCC   2   2   2   2   2   2 |     CAC   1   1   1   1   1   1 |     CGC   2   2   2   3   2   2
    CTA   0   0   0   0   0   0 |     CCA   4   6   4   4   4   4 | Gln CAA   0   0   0   0   0   0 |     CGA   0   0   0   0   0   0
    CTG   5   5   5   5   5   5 |     CCG   2   0   2   2   2   2 |     CAG   7   7   7   7   7   7 |     CGG   3   4   3   3   3   3
--------------------------------------------------------------------------------------------------------------------------------------
Ile ATT   1   1   1   1   1   1 | Thr ACT   0   0   1   0   0   0 | Asn AAT   0   0   0   0   0   0 | Ser AGT   0   0   0   0   0   0
    ATC   3   3   3   3   3   3 |     ACC   2   2   1   2   2   2 |     AAC   4   4   4   4   4   4 |     AGC   5   5   5   5   5   5
    ATA   0   0   0   0   0   0 |     ACA   1   2   1   1   1   1 | Lys AAA   2   2   2   2   2   2 | Arg AGA   1   1   1   1   1   1
Met ATG   1   1   1   1   1   1 |     ACG   1   0   1   1   1   1 |     AAG  11  10  11  11  11  11 |     AGG   1   2   1   1   1   1
--------------------------------------------------------------------------------------------------------------------------------------
Val GTT   0   0   0   0   0   0 | Ala GCT   2   2   2   2   2   3 | Asp GAT   3   3   3   3   2   3 | Gly GGT   0   0   0   0   0   0
    GTC   2   2   2   2   2   3 |     GCC   8   8   8   8   8   8 |     GAC   6   6   6   6   7   6 |     GGC   0   0   0   0   0   0
    GTA   0   0   0   0   0   0 |     GCA   4   3   3   3   3   2 | Glu GAA   2   2   2   2   1   2 |     GGA   0   0   0   0   0   0
    GTG   2   2   2   2   2   1 |     GCG   1   2   2   2   2   2 |     GAG   8   8   8   8   9   8 |     GGG   2   2   2   2   2   2
--------------------------------------------------------------------------------------------------------------------------------------

--------------------------------------------------------------------------------------------------------------------------------------
Phe TTT   1   1   1   1   1   1 | Ser TCT   1   1   1   1   1   1 | Tyr TAT   0   0   0   0   0   0 | Cys TGT   0   0   0   0   0   0
    TTC   1   1   1   1   1   1 |     TCC   3   3   2   3   3   3 |     TAC   2   2   2   2   2   2 |     TGC   0   0   0   0   0   0
Leu TTA   0   0   0   0   0   0 |     TCA   1   1   1   1   0   1 | *** TAA   0   0   0   0   0   0 | *** TGA   0   0   0   0   0   0
    TTG   0   0   0   0   0   0 |     TCG   0   0   1   0   1   0 |     TAG   0   0   0   0   0   0 | Trp TGG   2   2   2   2   2   2
--------------------------------------------------------------------------------------------------------------------------------------
Leu CTT   0   0   0   0   0   0 | Pro CCT   3   3   3   1   3   3 | His CAT   0   0   0   0   0   0 | Arg CGT   2   2   2   1   2   2
    CTC   5   5   5   5   5   5 |     CCC   2   2   2   4   2   2 |     CAC   1   1   1   1   1   1 |     CGC   2   2   2   2   2   2
    CTA   0   0   0   0   0   0 |     CCA   5   5   4   5   4   4 | Gln CAA   1   0   0   0   0   0 |     CGA   0   0   0   0   0   0
    CTG   5   5   5   5   5   5 |     CCG   2   2   2   1   2   2 |     CAG   6   7   7   7   7   7 |     CGG   3   3   3   4   3   3
--------------------------------------------------------------------------------------------------------------------------------------
Ile ATT   1   1   1   1   1   1 | Thr ACT   0   0   0   0   0   0 | Asn AAT   0   0   0   0   0   0 | Ser AGT   0   1   0   1   0   0
    ATC   3   3   3   3   3   3 |     ACC   2   2   2   2   2   2 |     AAC   4   4   4   4   4   4 |     AGC   5   4   5   4   5   5
    ATA   0   0   0   0   0   0 |     ACA   1   1   1   1   1   1 | Lys AAA   2   2   2   2   2   2 | Arg AGA   1   1   1   1   1   1
Met ATG   1   1   1   1   1   1 |     ACG   1   1   1   1   1   1 |     AAG  11  11  11  11  11  11 |     AGG   1   1   1   1   1   1
--------------------------------------------------------------------------------------------------------------------------------------
Val GTT   0   0   0   0   0   0 | Ala GCT   2   2   2   2   2   2 | Asp GAT   3   3   3   3   3   3 | Gly GGT   0   0   0   0   0   0
    GTC   2   2   2   2   3   2 |     GCC   8   8   8   8   9   8 |     GAC   6   6   6   6   6   6 |     GGC   0   0   0   0   0   0
    GTA   0   0   0   0   0   0 |     GCA   2   2   3   3   2   5 | Glu GAA   2   2   2   2   2   2 |     GGA   0   0   0   0   0   0
    GTG   2   2   2   2   1   2 |     GCG   2   2   2   2   2   0 |     GAG   8   8   8   8   8   8 |     GGG   2   2   2   2   2   2
--------------------------------------------------------------------------------------------------------------------------------------

--------------------------------------------------------------------------------------------------------------------------------------
Phe TTT   1   1   1   1   1   1 | Ser TCT   1   1   1   1   1   1 | Tyr TAT   0   0   0   0   0   0 | Cys TGT   0   0   0   0   0   0
    TTC   1   1   1   1   1   1 |     TCC   3   3   3   3   3   3 |     TAC   2   2   2   2   2   2 |     TGC   0   0   0   0   0   0
Leu TTA   0   0   0   0   0   0 |     TCA   1   1   1   1   1   1 | *** TAA   0   0   0   0   0   0 | *** TGA   0   0   0   0   0   0
    TTG   0   0   0   0   0   0 |     TCG   0   0   0   0   0   0 |     TAG   0   0   0   0   0   0 | Trp TGG   2   2   2   2   2   2
--------------------------------------------------------------------------------------------------------------------------------------
Leu CTT   0   0   0   0   0   0 | Pro CCT   3   3   3   3   3   2 | His CAT   0   0   0   0   0   0 | Arg CGT   2   2   2   2   2   1
    CTC   5   5   5   5   5   5 |     CCC   2   2   2   1   2   3 |     CAC   1   1   1   1   1   1 |     CGC   2   2   2   2   2   2
    CTA   0   0   0   0   0   0 |     CCA   5   4   4   4   4   5 | Gln CAA   0   0   0   0   0   0 |     CGA   0   0   0   0   0   0
    CTG   5   5   5   5   5   5 |     CCG   1   2   2   3   2   1 |     CAG   7   7   7   7   7   7 |     CGG   3   3   3   3   3   4
--------------------------------------------------------------------------------------------------------------------------------------
Ile ATT   1   1   1   1   1   1 | Thr ACT   0   0   0   0   1   0 | Asn AAT   0   0   0   0   0   0 | Ser AGT   0   0   0   1   0   1
    ATC   3   3   3   3   3   3 |     ACC   2   2   2   2   1   2 |     AAC   4   4   4   4   4   4 |     AGC   5   5   5   4   5   4
    ATA   0   0   0   0   0   0 |     ACA   1   2   1   1   1   1 | Lys AAA   2   2   2   2   2   2 | Arg AGA   1   1   1   1   1   1
Met ATG   1   1   1   1   1   1 |     ACG   1   0   1   1   1   1 |     AAG  11  11  11  11  11  11 |     AGG   1   1   1   1   1   1
--------------------------------------------------------------------------------------------------------------------------------------
Val GTT   0   0   0   0   0   0 | Ala GCT   2   2   2   2   2   2 | Asp GAT   3   4   3   3   3   3 | Gly GGT   0   0   0   0   0   0
    GTC   2   2   2   3   2   2 |     GCC   8   8   8   9   8   8 |     GAC   6   5   6   6   6   6 |     GGC   0   0   0   0   0   0
    GTA   0   0   0   0   0   0 |     GCA   4   4   4   2   3   3 | Glu GAA   2   2   2   2   2   2 |     GGA   0   0   0   0   0   0
    GTG   2   2   2   1   2   2 |     GCG   1   1   1   2   2   2 |     GAG   8   8   8   8   8   8 |     GGG   2   2   2   2   2   2
--------------------------------------------------------------------------------------------------------------------------------------

--------------------------------------------------------------------------------------------------------------------------------------
Phe TTT   1   1   1   1   1   1 | Ser TCT   1   1   1   1   2   1 | Tyr TAT   0   0   0   0   0   0 | Cys TGT   0   0   0   0   0   0
    TTC   1   1   1   1   1   1 |     TCC   3   3   3   3   2   3 |     TAC   2   2   2   2   2   2 |     TGC   0   0   0   0   0   0
Leu TTA   0   0   0   0   0   0 |     TCA   1   1   0   1   0   1 | *** TAA   0   0   0   0   0   0 | *** TGA   0   0   0   0   0   0
    TTG   0   0   0   0   0   0 |     TCG   0   0   1   0   1   0 |     TAG   0   0   0   0   0   0 | Trp TGG   2   2   2   2   2   2
--------------------------------------------------------------------------------------------------------------------------------------
Leu CTT   0   0   0   0   0   0 | Pro CCT   3   1   3   3   3   3 | His CAT   0   0   0   0   0   0 | Arg CGT   2   1   2   1   2   3
    CTC   5   5   5   5   5   5 |     CCC   2   4   2   2   2   2 |     CAC   1   1   1   1   1   1 |     CGC   2   2   2   3   2   1
    CTA   0   0   0   0   0   0 |     CCA   4   5   4   4   5   4 | Gln CAA   0   0   0   0   0   0 |     CGA   0   0   0   0   0   0
    CTG   5   5   5   5   5   5 |     CCG   2   1   2   2   2   2 |     CAG   7   7   7   7   7   7 |     CGG   3   4   3   3   3   3
--------------------------------------------------------------------------------------------------------------------------------------
Ile ATT   1   1   1   1   1   1 | Thr ACT   0   0   0   0   0   1 | Asn AAT   0   1   0   0   0   0 | Ser AGT   0   0   0   0   0   0
    ATC   3   3   3   3   3   3 |     ACC   2   2   2   2   2   1 |     AAC   4   3   4   4   4   4 |     AGC   5   5   5   5   5   5
    ATA   0   0   0   0   0   0 |     ACA   1   1   1   1   1   2 | Lys AAA   2   2   2   2   2   2 | Arg AGA   1   1   1   1   1   1
Met ATG   1   1   1   1   1   1 |     ACG   1   1   1   1   1   0 |     AAG  11  11  11  11  11  11 |     AGG   1   1   1   1   1   1
--------------------------------------------------------------------------------------------------------------------------------------
Val GTT   0   0   0   0   0   0 | Ala GCT   2   2   2   2   2   2 | Asp GAT   3   3   3   3   3   3 | Gly GGT   0   0   0   0   0   0
    GTC   3   2   2   2   2   2 |     GCC   9   8   8   8   8   8 |     GAC   6   6   6   6   6   6 |     GGC   0   0   0   0   0   0
    GTA   0   0   0   0   0   0 |     GCA   3   4   3   3   3   3 | Glu GAA   2   2   2   2   2   2 |     GGA   0   0   0   0   0   0
    GTG   1   2   2   2   2   2 |     GCG   1   1   2   2   1   2 |     GAG   8   8   8   8   8   8 |     GGG   2   2   2   2   2   2
--------------------------------------------------------------------------------------------------------------------------------------

--------------------------------------------------------------------------------------------------------------------------------------
Phe TTT   0   1   1   1   1   1 | Ser TCT   2   1   1   1   2   1 | Tyr TAT   0   1   0   0   0   0 | Cys TGT   0   0   0   0   0   0
    TTC   1   1   1   1   1   1 |     TCC   3   2   3   3   2   3 |     TAC   2   1   2   2   2   2 |     TGC   0   0   0   0   0   0
Leu TTA   0   0   0   0   0   0 |     TCA   1   1   1   1   1   1 | *** TAA   0   0   0   0   0   0 | *** TGA   0   0   0   0   0   0
    TTG   1   0   0   0   0   0 |     TCG   0   1   0   0   0   0 |     TAG   0   0   0   0   0   0 | Trp TGG   3   2   2   2   2   2
--------------------------------------------------------------------------------------------------------------------------------------
Leu CTT   0   0   0   0   0   0 | Pro CCT   3   3   3   3   3   3 | His CAT   0   0   0   0   0   0 | Arg CGT   2   1   2   2   2   2
    CTC   5   5   5   5   5   5 |     CCC   2   2   2   2   2   2 |     CAC   1   1   1   1   1   1 |     CGC   2   2   2   2   2   2
    CTA   0   0   0   0   0   0 |     CCA   5   4   4   4   4   4 | Gln CAA   1   0   0   0   0   0 |     CGA   0   0   0   0   0   0
    CTG   5   5   5   5   5   5 |     CCG   0   2   2   2   2   2 |     CAG   6   7   7   7   7   7 |     CGG   2   4   3   3   3   3
--------------------------------------------------------------------------------------------------------------------------------------
Ile ATT   1   1   1   1   1   1 | Thr ACT   0   1   0   0   0   0 | Asn AAT   0   0   0   0   0   0 | Ser AGT   0   0   0   0   0   0
    ATC   3   3   3   3   3   3 |     ACC   2   2   2   2   2   2 |     AAC   5   4   4   4   4   4 |     AGC   5   5   5   5   5   5
    ATA   0   0   0   0   0   0 |     ACA   1   1   1   2   1   1 | Lys AAA   2   2   2   2   2   2 | Arg AGA   1   1   1   1   1   1
Met ATG   1   1   1   1   1   1 |     ACG   1   0   1   0   1   1 |     AAG  11  10  11  11  11  11 |     AGG   1   2   1   1   1   1
--------------------------------------------------------------------------------------------------------------------------------------
Val GTT   0   0   0   0   0   0 | Ala GCT   2   2   2   2   2   3 | Asp GAT   3   3   3   3   3   3 | Gly GGT   0   0   0   0   0   0
    GTC   2   2   2   2   2   2 |     GCC   8   8   8   8   9   7 |     GAC   6   6   6   6   6   6 |     GGC   0   0   0   0   0   0
    GTA   0   0   0   0   0   0 |     GCA   4   3   4   3   2   3 | Glu GAA   2   2   2   2   2   3 |     GGA   0   0   0   0   0   0
    GTG   2   2   2   2   2   2 |     GCG   1   2   1   2   2   2 |     GAG   7   8   8   8   8   7 |     GGG   2   2   2   2   2   2
--------------------------------------------------------------------------------------------------------------------------------------

--------------------------------------------------------------------------------------------------------------------------------------
Phe TTT   1   1   1   1   1   1 | Ser TCT   1   1   1   1   1   1 | Tyr TAT   0   1   0   0   1   0 | Cys TGT   0   0   0   0   0   0
    TTC   1   1   1   1   1   1 |     TCC   3   3   3   3   2   3 |     TAC   2   1   2   2   1   2 |     TGC   0   0   0   0   0   0
Leu TTA   0   0   0   0   0   0 |     TCA   1   1   0   1   1   1 | *** TAA   0   0   0   0   0   0 | *** TGA   0   0   0   0   0   0
    TTG   0   0   0   0   0   0 |     TCG   0   0   1   0   1   0 |     TAG   0   0   0   0   0   0 | Trp TGG   2   2   2   2   2   2
--------------------------------------------------------------------------------------------------------------------------------------
Leu CTT   0   0   0   0   0   0 | Pro CCT   3   3   3   3   3   3 | His CAT   0   0   0   0   0   0 | Arg CGT   2   2   2   3   1   2
    CTC   5   5   5   5   5   5 |     CCC   2   2   2   2   2   2 |     CAC   1   1   1   1   1   1 |     CGC   2   2   2   1   2   2
    CTA   0   0   0   0   0   0 |     CCA   5   5   4   4   4   5 | Gln CAA   0   0   0   0   0   0 |     CGA   0   0   0   0   0   0
    CTG   5   5   5   5   5   5 |     CCG   1   1   2   2   2   1 |     CAG   7   7   7   7   7   7 |     CGG   3   3   3   3   4   3
--------------------------------------------------------------------------------------------------------------------------------------
Ile ATT   1   1   1   1   1   1 | Thr ACT   0   0   0   0   0   0 | Asn AAT   0   0   0   0   0   0 | Ser AGT   0   0   0   0   0   0
    ATC   3   3   3   3   3   3 |     ACC   2   2   2   2   2   2 |     AAC   4   4   4   4   4   4 |     AGC   5   5   5   5   5   5
    ATA   0   0   0   0   0   0 |     ACA   1   1   1   1   2   1 | Lys AAA   2   2   2   2   2   2 | Arg AGA   1   1   1   1   1   1
Met ATG   1   1   1   1   1   1 |     ACG   1   1   1   1   0   1 |     AAG  11  11  11  11  10  11 |     AGG   1   1   1   1   2   1
--------------------------------------------------------------------------------------------------------------------------------------
Val GTT   0   0   0   0   0   0 | Ala GCT   2   2   2   2   2   2 | Asp GAT   3   3   3   3   3   3 | Gly GGT   0   0   0   0   0   0
    GTC   2   3   2   2   2   2 |     GCC   8   9   8   8   8   8 |     GAC   6   6   6   6   6   6 |     GGC   0   0   0   0   0   0
    GTA   0   0   0   0   0   0 |     GCA   3   2   3   4   3   3 | Glu GAA   2   2   2   2   2   2 |     GGA   0   0   0   0   0   0
    GTG   2   1   2   2   2   2 |     GCG   2   2   2   1   2   2 |     GAG   8   8   8   8   8   8 |     GGG   2   2   2   2   2   2
--------------------------------------------------------------------------------------------------------------------------------------

--------------------------------------------------------------------------------------------------------------------------------------
Phe TTT   1   1   1   1   1   1 | Ser TCT   1   2   1   1   1   1 | Tyr TAT   0   0   0   0   0   0 | Cys TGT   0   0   0   0   0   0
    TTC   1   1   1   1   1   1 |     TCC   3   2   3   3   3   3 |     TAC   2   2   2   2   2   2 |     TGC   0   0   0   0   0   0
Leu TTA   0   0   0   0   0   0 |     TCA   1   1   1   1   1   1 | *** TAA   0   0   0   0   0   0 | *** TGA   0   0   0   0   0   0
    TTG   0   0   0   0   0   0 |     TCG   0   0   0   0   0   0 |     TAG   0   0   0   0   0   0 | Trp TGG   2   2   2   2   2   2
--------------------------------------------------------------------------------------------------------------------------------------
Leu CTT   0   0   0   0   0   0 | Pro CCT   3   3   3   3   2   2 | His CAT   0   0   0   0   0   0 | Arg CGT   3   2   2   2   1   1
    CTC   5   5   5   5   5   5 |     CCC   2   2   2   2   3   3 |     CAC   1   1   1   1   1   1 |     CGC   1   2   2   2   2   2
    CTA   0   0   0   0   0   0 |     CCA   4   4   4   4   5   5 | Gln CAA   0   0   0   0   0   0 |     CGA   0   0   0   0   0   0
    CTG   5   5   5   5   5   5 |     CCG   2   2   2   2   1   1 |     CAG   7   7   7   7   7   7 |     CGG   3   3   3   3   4   4
--------------------------------------------------------------------------------------------------------------------------------------
Ile ATT   1   1   2   1   1   2 | Thr ACT   0   0   0   0   0   0 | Asn AAT   0   0   0   0   0   0 | Ser AGT   0   0   0   0   1   0
    ATC   3   3   2   3   3   2 |     ACC   2   2   2   2   2   2 |     AAC   4   4   4   4   4   4 |     AGC   5   5   5   5   4   5
    ATA   0   0   0   0   0   0 |     ACA   1   1   1   1   1   1 | Lys AAA   2   2   2   2   2   2 | Arg AGA   1   1   1   1   1   1
Met ATG   1   1   1   1   1   1 |     ACG   1   1   1   1   1   1 |     AAG  11  11  11  11  11  11 |     AGG   1   1   1   1   1   1
--------------------------------------------------------------------------------------------------------------------------------------
Val GTT   0   0   0   0   0   0 | Ala GCT   2   2   2   2   2   2 | Asp GAT   3   3   3   3   3   3 | Gly GGT   0   0   0   0   0   0
    GTC   2   2   2   2   2   2 |     GCC   8   7   8   8   8   8 |     GAC   6   6   6   6   6   6 |     GGC   0   0   0   0   0   0
    GTA   0   0   0   0   0   0 |     GCA   3   4   3   3   3   4 | Glu GAA   2   2   2   2   2   2 |     GGA   0   0   0   0   0   0
    GTG   2   2   2   2   2   2 |     GCG   2   2   2   2   2   1 |     GAG   8   8   8   8   8   8 |     GGG   2   2   2   2   2   2
--------------------------------------------------------------------------------------------------------------------------------------

Codon position x base (3x4) table for each sequence.

#1: Argali         
position  1:    T:0.09167    C:0.30000    A:0.27500    G:0.33333
position  2:    T:0.17500    C:0.29167    A:0.38333    G:0.15000
position  3:    T:0.11667    C:0.37500    A:0.12500    G:0.38333
Average         T:0.12778    C:0.32222    A:0.26111    G:0.28889

#2: LesserMouseDeer
position  1:    T:0.09167    C:0.30833    A:0.27500    G:0.32500
position  2:    T:0.17500    C:0.29167    A:0.38333    G:0.15000
position  3:    T:0.08333    C:0.40833    A:0.09167    G:0.41667
Average         T:0.11667    C:0.33611    A:0.25000    G:0.29722

#3: LesserKudu     
position  1:    T:0.09167    C:0.30000    A:0.27500    G:0.33333
position  2:    T:0.17500    C:0.29167    A:0.38333    G:0.15000
position  3:    T:0.09167    C:0.39167    A:0.11667    G:0.40000
Average         T:0.11944    C:0.32778    A:0.25833    G:0.29444

#4: ForestMuskDeer2
position  1:    T:0.09167    C:0.30000    A:0.27500    G:0.33333
position  2:    T:0.17500    C:0.29167    A:0.38333    G:0.15000
position  3:    T:0.10833    C:0.38333    A:0.12500    G:0.38333
Average         T:0.12500    C:0.32500    A:0.26111    G:0.28889

#5: Camel          
position  1:    T:0.09167    C:0.30000    A:0.28333    G:0.32500
position  2:    T:0.17500    C:0.29167    A:0.38333    G:0.15000
position  3:    T:0.13333    C:0.36667    A:0.11667    G:0.38333
Average         T:0.13333    C:0.31944    A:0.26111    G:0.28611

#6: KillerWhale    
position  1:    T:0.09167    C:0.30833    A:0.27500    G:0.32500
position  2:    T:0.18333    C:0.28333    A:0.38333    G:0.15000
position  3:    T:0.10833    C:0.37500    A:0.10833    G:0.40833
Average         T:0.12778    C:0.32222    A:0.25556    G:0.29444

#7: DefassaWaterbuck
position  1:    T:0.09167    C:0.30000    A:0.27500    G:0.33333
position  2:    T:0.17500    C:0.29167    A:0.38333    G:0.15000
position  3:    T:0.10833    C:0.38333    A:0.12500    G:0.38333
Average         T:0.12500    C:0.32500    A:0.26111    G:0.28889

#8: Sheep          
position  1:    T:0.09167    C:0.30000    A:0.27500    G:0.33333
position  2:    T:0.17500    C:0.29167    A:0.38333    G:0.15000
position  3:    T:0.10833    C:0.38333    A:0.12500    G:0.38333
Average         T:0.12500    C:0.32500    A:0.26111    G:0.28889

#9: MaxwellsDuiker 
position  1:    T:0.09167    C:0.30000    A:0.27500    G:0.33333
position  2:    T:0.17500    C:0.29167    A:0.38333    G:0.15000
position  3:    T:0.10833    C:0.38333    A:0.11667    G:0.39167
Average         T:0.12500    C:0.32500    A:0.25833    G:0.29167

#10: GazellaPrzewalskyi
position  1:    T:0.09167    C:0.30000    A:0.27500    G:0.33333
position  2:    T:0.17500    C:0.29167    A:0.38333    G:0.15000
position  3:    T:0.10833    C:0.40000    A:0.11667    G:0.37500
Average         T:0.12500    C:0.33056    A:0.25833    G:0.28611

#11: MountainNyala  
position  1:    T:0.09167    C:0.30000    A:0.27500    G:0.33333
position  2:    T:0.17500    C:0.29167    A:0.38333    G:0.15000
position  3:    T:0.09167    C:0.39167    A:0.14167    G:0.37500
Average         T:0.11944    C:0.32778    A:0.26667    G:0.28611

#12: MuntiacusMuntjak
position  1:    T:0.09167    C:0.30000    A:0.27500    G:0.33333
position  2:    T:0.17500    C:0.29167    A:0.38333    G:0.15000
position  3:    T:0.10833    C:0.37500    A:0.10833    G:0.40833
Average         T:0.12500    C:0.32222    A:0.25556    G:0.29722

#13: goat           
position  1:    T:0.09167    C:0.30000    A:0.27500    G:0.33333
position  2:    T:0.17500    C:0.29167    A:0.38333    G:0.15000
position  3:    T:0.10833    C:0.38333    A:0.12500    G:0.38333
Average         T:0.12500    C:0.32500    A:0.26111    G:0.28889

#14: AfricanBuffalo 
position  1:    T:0.09167    C:0.30000    A:0.27500    G:0.33333
position  2:    T:0.17500    C:0.29167    A:0.37500    G:0.15833
position  3:    T:0.10000    C:0.37500    A:0.14167    G:0.38333
Average         T:0.12222    C:0.32222    A:0.26389    G:0.29167

#15: Topi           
position  1:    T:0.09167    C:0.30000    A:0.27500    G:0.33333
position  2:    T:0.17500    C:0.29167    A:0.38333    G:0.15000
position  3:    T:0.11667    C:0.37500    A:0.11667    G:0.39167
Average         T:0.12778    C:0.32222    A:0.25833    G:0.29167

#16: CommonDuiker   
position  1:    T:0.09167    C:0.30000    A:0.27500    G:0.33333
position  2:    T:0.17500    C:0.29167    A:0.38333    G:0.15000
position  3:    T:0.10833    C:0.38333    A:0.11667    G:0.39167
Average         T:0.12500    C:0.32500    A:0.25833    G:0.29167

#17: Suni           
position  1:    T:0.09167    C:0.30000    A:0.27500    G:0.33333
position  2:    T:0.17500    C:0.29167    A:0.38333    G:0.15000
position  3:    T:0.10833    C:0.38333    A:0.10833    G:0.40000
Average         T:0.12500    C:0.32500    A:0.25556    G:0.29444

#18: Springbuck     
position  1:    T:0.09167    C:0.30000    A:0.27500    G:0.33333
position  2:    T:0.17500    C:0.29167    A:0.38333    G:0.15000
position  3:    T:0.11667    C:0.39167    A:0.10833    G:0.38333
Average         T:0.12778    C:0.32778    A:0.25556    G:0.28889

#19: Okapi          
position  1:    T:0.09167    C:0.30833    A:0.27500    G:0.32500
position  2:    T:0.17500    C:0.29167    A:0.38333    G:0.15000
position  3:    T:0.10833    C:0.38333    A:0.12500    G:0.38333
Average         T:0.12500    C:0.32778    A:0.26111    G:0.28611

#20: Giraffe        
position  1:    T:0.09167    C:0.30833    A:0.27500    G:0.32500
position  2:    T:0.17500    C:0.29167    A:0.38333    G:0.15000
position  3:    T:0.11667    C:0.37500    A:0.11667    G:0.39167
Average         T:0.12778    C:0.32500    A:0.25833    G:0.28889

#21: TibetanAntelope
position  1:    T:0.09167    C:0.30000    A:0.27500    G:0.33333
position  2:    T:0.17500    C:0.29167    A:0.38333    G:0.15000
position  3:    T:0.10833    C:0.37500    A:0.11667    G:0.40000
Average         T:0.12500    C:0.32222    A:0.25833    G:0.29444

#22: Sitatunga      
position  1:    T:0.09167    C:0.30000    A:0.27500    G:0.33333
position  2:    T:0.17500    C:0.29167    A:0.38333    G:0.15000
position  3:    T:0.09167    C:0.39167    A:0.12500    G:0.39167
Average         T:0.11944    C:0.32778    A:0.26111    G:0.29167

#23: Oribi          
position  1:    T:0.09167    C:0.30000    A:0.27500    G:0.33333
position  2:    T:0.17500    C:0.29167    A:0.38333    G:0.15000
position  3:    T:0.10833    C:0.40000    A:0.10000    G:0.39167
Average         T:0.12500    C:0.33056    A:0.25278    G:0.29167

#24: BarbarySheep   
position  1:    T:0.09167    C:0.30000    A:0.27500    G:0.33333
position  2:    T:0.17500    C:0.29167    A:0.38333    G:0.15000
position  3:    T:0.10833    C:0.38333    A:0.13333    G:0.37500
Average         T:0.12500    C:0.32500    A:0.26389    G:0.28611

#25: Daviddeer      
position  1:    T:0.09167    C:0.30000    A:0.27500    G:0.33333
position  2:    T:0.17500    C:0.29167    A:0.38333    G:0.15000
position  3:    T:0.10833    C:0.38333    A:0.13333    G:0.37500
Average         T:0.12500    C:0.32500    A:0.26389    G:0.28611

#26: Reindeer       
position  1:    T:0.09167    C:0.30000    A:0.27500    G:0.33333
position  2:    T:0.17500    C:0.29167    A:0.38333    G:0.15000
position  3:    T:0.11667    C:0.37500    A:0.13333    G:0.37500
Average         T:0.12778    C:0.32222    A:0.26389    G:0.28611

#27: Ibex           
position  1:    T:0.09167    C:0.30000    A:0.27500    G:0.33333
position  2:    T:0.17500    C:0.29167    A:0.38333    G:0.15000
position  3:    T:0.10833    C:0.38333    A:0.12500    G:0.38333
Average         T:0.12500    C:0.32500    A:0.26111    G:0.28889

#28: GyrantGazelle  
position  1:    T:0.09167    C:0.30000    A:0.27500    G:0.33333
position  2:    T:0.17500    C:0.29167    A:0.38333    G:0.15000
position  3:    T:0.11667    C:0.38333    A:0.10833    G:0.39167
Average         T:0.12778    C:0.32500    A:0.25556    G:0.29167

#29: Hartebeest     
position  1:    T:0.09167    C:0.30000    A:0.27500    G:0.33333
position  2:    T:0.17500    C:0.29167    A:0.38333    G:0.15000
position  3:    T:0.11667    C:0.37500    A:0.11667    G:0.39167
Average         T:0.12778    C:0.32222    A:0.25833    G:0.29167

#30: Bongo          
position  1:    T:0.09167    C:0.30000    A:0.27500    G:0.33333
position  2:    T:0.17500    C:0.29167    A:0.38333    G:0.15000
position  3:    T:0.10000    C:0.38333    A:0.12500    G:0.39167
Average         T:0.12222    C:0.32500    A:0.26111    G:0.29167

#31: Gerenuk        
position  1:    T:0.09167    C:0.30000    A:0.27500    G:0.33333
position  2:    T:0.17500    C:0.29167    A:0.38333    G:0.15000
position  3:    T:0.10833    C:0.40000    A:0.11667    G:0.37500
Average         T:0.12500    C:0.33056    A:0.25833    G:0.28611

#32: CommonEland    
position  1:    T:0.09167    C:0.30000    A:0.27500    G:0.33333
position  2:    T:0.17500    C:0.29167    A:0.38333    G:0.15000
position  3:    T:0.09167    C:0.39167    A:0.13333    G:0.38333
Average         T:0.11944    C:0.32778    A:0.26389    G:0.28889

#33: MuntiacusReevesi
position  1:    T:0.09167    C:0.30000    A:0.27500    G:0.33333
position  2:    T:0.17500    C:0.29167    A:0.38333    G:0.15000
position  3:    T:0.10833    C:0.38333    A:0.10833    G:0.40000
Average         T:0.12500    C:0.32500    A:0.25556    G:0.29444

#34: HarveysDuiker  
position  1:    T:0.09167    C:0.30000    A:0.27500    G:0.33333
position  2:    T:0.17500    C:0.29167    A:0.38333    G:0.15000
position  3:    T:0.10000    C:0.39167    A:0.11667    G:0.39167
Average         T:0.12222    C:0.32778    A:0.25833    G:0.29167

#35: Pronghorn      
position  1:    T:0.09167    C:0.30833    A:0.27500    G:0.32500
position  2:    T:0.17500    C:0.29167    A:0.38333    G:0.15000
position  3:    T:0.11667    C:0.37500    A:0.11667    G:0.39167
Average         T:0.12778    C:0.32500    A:0.25833    G:0.28889

#36: BlueWildebeest 
position  1:    T:0.09167    C:0.30000    A:0.27500    G:0.33333
position  2:    T:0.17500    C:0.29167    A:0.38333    G:0.15000
position  3:    T:0.12500    C:0.36667    A:0.12500    G:0.38333
Average         T:0.13056    C:0.31944    A:0.26111    G:0.28889

#37: Gemsbok        
position  1:    T:0.10833    C:0.28333    A:0.28333    G:0.32500
position  2:    T:0.17500    C:0.29167    A:0.38333    G:0.15000
position  3:    T:0.10833    C:0.39167    A:0.14167    G:0.35833
Average         T:0.13056    C:0.32222    A:0.26944    G:0.27778

#38: Yak            
position  1:    T:0.09167    C:0.30000    A:0.27500    G:0.33333
position  2:    T:0.17500    C:0.29167    A:0.37500    G:0.15833
position  3:    T:0.11667    C:0.36667    A:0.11667    G:0.40000
Average         T:0.12778    C:0.31944    A:0.25556    G:0.29722

#39: BlueSheep      
position  1:    T:0.09167    C:0.30000    A:0.27500    G:0.33333
position  2:    T:0.17500    C:0.29167    A:0.38333    G:0.15000
position  3:    T:0.10833    C:0.38333    A:0.12500    G:0.38333
Average         T:0.12500    C:0.32500    A:0.26111    G:0.28889

#40: BohorReedbuck  
position  1:    T:0.09167    C:0.30000    A:0.27500    G:0.33333
position  2:    T:0.17500    C:0.29167    A:0.38333    G:0.15000
position  3:    T:0.10833    C:0.38333    A:0.12500    G:0.38333
Average         T:0.12500    C:0.32500    A:0.26111    G:0.28889

#41: KirksDik       
position  1:    T:0.09167    C:0.30000    A:0.27500    G:0.33333
position  2:    T:0.17500    C:0.29167    A:0.38333    G:0.15000
position  3:    T:0.11667    C:0.38333    A:0.10833    G:0.39167
Average         T:0.12778    C:0.32500    A:0.25556    G:0.29167

#42: RoeDeer        
position  1:    T:0.09167    C:0.30000    A:0.27500    G:0.33333
position  2:    T:0.17500    C:0.29167    A:0.38333    G:0.15000
position  3:    T:0.11667    C:0.37500    A:0.12500    G:0.38333
Average         T:0.12778    C:0.32222    A:0.26111    G:0.28889

#43: WhiteLippedDeer
position  1:    T:0.09167    C:0.30000    A:0.27500    G:0.33333
position  2:    T:0.17500    C:0.29167    A:0.38333    G:0.15000
position  3:    T:0.10833    C:0.38333    A:0.12500    G:0.38333
Average         T:0.12500    C:0.32500    A:0.26111    G:0.28889

#44: ThomsonGazelle 
position  1:    T:0.09167    C:0.30000    A:0.27500    G:0.33333
position  2:    T:0.17500    C:0.29167    A:0.38333    G:0.15000
position  3:    T:0.11667    C:0.39167    A:0.11667    G:0.37500
Average         T:0.12778    C:0.32778    A:0.25833    G:0.28611

#45: MuntiacusCrinifrons
position  1:    T:0.09167    C:0.30000    A:0.27500    G:0.33333
position  2:    T:0.17500    C:0.29167    A:0.38333    G:0.15000
position  3:    T:0.10833    C:0.38333    A:0.10833    G:0.40000
Average         T:0.12500    C:0.32500    A:0.25556    G:0.29444

#46: WhiteTailedDeer
position  1:    T:0.09167    C:0.30000    A:0.27500    G:0.33333
position  2:    T:0.17500    C:0.29167    A:0.38333    G:0.15000
position  3:    T:0.11667    C:0.37500    A:0.12500    G:0.38333
Average         T:0.12778    C:0.32222    A:0.26111    G:0.28889

#47: Cattle         
position  1:    T:0.09167    C:0.30000    A:0.27500    G:0.33333
position  2:    T:0.17500    C:0.29167    A:0.37500    G:0.15833
position  3:    T:0.10833    C:0.36667    A:0.12500    G:0.40000
Average         T:0.12500    C:0.31944    A:0.25833    G:0.29722

#48: RoyalAntelope  
position  1:    T:0.09167    C:0.30000    A:0.27500    G:0.33333
position  2:    T:0.17500    C:0.29167    A:0.38333    G:0.15000
position  3:    T:0.10833    C:0.38333    A:0.12500    G:0.38333
Average         T:0.12500    C:0.32500    A:0.26111    G:0.28889

#49: Steenbok       
position  1:    T:0.09167    C:0.30000    A:0.27500    G:0.33333
position  2:    T:0.17500    C:0.29167    A:0.38333    G:0.15000
position  3:    T:0.11667    C:0.37500    A:0.11667    G:0.39167
Average         T:0.12778    C:0.32222    A:0.25833    G:0.29167

#50: Impala         
position  1:    T:0.09167    C:0.30000    A:0.27500    G:0.33333
position  2:    T:0.17500    C:0.29167    A:0.38333    G:0.15000
position  3:    T:0.11667    C:0.36667    A:0.12500    G:0.39167
Average         T:0.12778    C:0.31944    A:0.26111    G:0.29167

#51: Klipspringer   
position  1:    T:0.09167    C:0.30000    A:0.27500    G:0.33333
position  2:    T:0.17500    C:0.29167    A:0.38333    G:0.15000
