1
52 1
Argali 0.000000 0.096400 0.040700 0.124800 0.024600 0.001600 0.015600 0.027800 0.039000 0.045200 0.001600 0.026400 0.016300 0.014000 0.040400 0.036900 0.040900 0.035400 0.006600 0.039000 0.036800 0.005000 0.048700 0.047000 0.003300 0.041700 0.014500 0.039100 0.041400 0.038900 0.045200 0.014900 0.058400 0.023500 0.017800 0.033200 0.001600 0.023200 0.036700 0.048800 0.052200 0.040100 0.045200 0.050700 0.035200 0.024500 0.034600 0.026000 0.027900 0.038700 0.040700 0.040700
LesserMous 0.096400 0.000000 0.106000 0.135800 0.094500 0.093700 0.084200 0.093900 0.103900 0.084200 0.093800 0.094400 0.090200 0.086100 0.095400 0.105700 0.088200 0.090600 0.088100 0.104000 0.097100 0.093600 0.080600 0.084400 0.095600 0.097700 0.088200 0.103900 0.103300 0.103900 0.084200 0.089800 0.100100 0.095000 0.095600 0.097700 0.093800 0.088700 0.103500 0.086300 0.083500 0.101900 0.084200 0.086400 0.099600 0.088700 0.095600 0.099500 0.097500 0.091900 0.105900 0.102300
LesserKudu 0.040700 0.106000 0.000000 0.131500 0.037100 0.038000 0.032400 0.041600 0.001600 0.051000 0.038100 0.013200 0.033600 0.034300 0.045700 0.043900 0.043100 0.034200 0.032800 0.001600 0.040400 0.038000 0.054900 0.052800 0.036300 0.049100 0.031900 0.001600 0.052500 0.001600 0.051000 0.034300 0.068300 0.038900 0.028400 0.018900 0.038100 0.031900 0.047500 0.055400 0.058000 0.050800 0.051000 0.052900 0.018200 0.037000 0.047500 0.051000 0.042200 0.045600 0.003300 0.003300
KillerWhal 0.124800 0.135800 0.131500 0.000000 0.127200 0.122000 0.121000 0.127800 0.129400 0.114600 0.122100 0.128200 0.125100 0.119200 0.132900 0.131500 0.118500 0.120500 0.120200 0.129500 0.126500 0.124100 0.118500 0.116600 0.123900 0.134600 0.123100 0.129600 0.137000 0.129400 0.114600 0.123000 0.130700 0.124800 0.124800 0.129000 0.122100 0.117300 0.138900 0.113700 0.122100 0.127600 0.114500 0.118700 0.127000 0.122100 0.134200 0.132900 0.127700 0.116300 0.132300 0.127700
DefassaWat 0.024600 0.094500 0.037100 0.127200 0.000000 0.021700 0.011600 0.020000 0.035300 0.039000 0.021700 0.026800 0.023400 0.013300 0.033900 0.028500 0.040700 0.035500 0.016700 0.035300 0.028400 0.019800 0.039000 0.040800 0.023400 0.033600 0.021700 0.035400 0.030100 0.035300 0.039000 0.009900 0.064900 0.029700 0.021700 0.030200 0.021700 0.008300 0.030300 0.042400 0.042400 0.031800 0.039000 0.044300 0.031900 0.013300 0.026800 0.031600 0.023400 0.040600 0.037100 0.037100
Sheep 0.001600 0.093700 0.038000 0.122000 0.021700 0.000000 0.013300 0.025100 0.036300 0.042400 0.000000 0.023700 0.013600 0.011600 0.038000 0.034500 0.038300 0.032700 0.005000 0.036400 0.034500 0.003300 0.045900 0.044300 0.001600 0.038700 0.011800 0.036400 0.038600 0.036300 0.042400 0.015500 0.055300 0.020500 0.015200 0.030500 0.000000 0.020700 0.033700 0.046000 0.049400 0.037000 0.042400 0.047800 0.032300 0.021700 0.031900 0.023400 0.025100 0.036100 0.038000 0.038100
MaxwellsDu 0.015600 0.084200 0.032400 0.121000 0.011600 0.013300 0.000000 0.014900 0.030700 0.037200 0.013300 0.018300 0.015000 0.005000 0.026800 0.023300 0.032000 0.026900 0.008300 0.030800 0.024000 0.013300 0.037200 0.039000 0.015400 0.029100 0.013300 0.030800 0.028400 0.030700 0.037200 0.005000 0.059900 0.021700 0.013600 0.025100 0.013300 0.009900 0.025800 0.040700 0.040600 0.026700 0.037200 0.042500 0.026800 0.011600 0.021700 0.025100 0.018300 0.031900 0.032400 0.032500
GazellaPrz 0.027800 0.093900 0.041600 0.127800 0.020000 0.025100 0.014900 0.000000 0.039900 0.044700 0.025100 0.031300 0.026800 0.016600 0.038800 0.019900 0.044100 0.038900 0.020000 0.039900 0.019900 0.025100 0.044800 0.046600 0.026700 0.025000 0.025100 0.039900 0.025000 0.039800 0.044700 0.016600 0.068200 0.033700 0.025000 0.033700 0.025100 0.018300 0.021700 0.049100 0.048200 0.019900 0.044700 0.050200 0.036400 0.016600 0.018300 0.037100 0.023400 0.042300 0.041600 0.041700
MountainNy 0.039000 0.103900 0.001600 0.129400 0.035300 0.036300 0.030700 0.039900 0.000000 0.049200 0.036400 0.011600 0.031900 0.032500 0.044000 0.042100 0.041300 0.032500 0.031100 0.000000 0.038600 0.036300 0.053100 0.051100 0.034600 0.047300 0.030200 0.000000 0.050700 0.000000 0.049200 0.032600 0.066300 0.037100 0.026700 0.017100 0.036400 0.030200 0.046900 0.053700 0.056200 0.049000 0.049200 0.051100 0.016500 0.035300 0.045700 0.050200 0.042100 0.043900 0.001600 0.001600
MuntiacusM 0.045200 0.084200 0.051000 0.114600 0.039000 0.042400 0.037200 0.044700 0.049200 0.000000 0.042400 0.041300 0.040700 0.035500 0.055500 0.051800 0.042500 0.041200 0.037300 0.049200 0.048200 0.042400 0.008300 0.003300 0.044100 0.057100 0.038900 0.049200 0.049800 0.049200 0.000000 0.038900 0.063100 0.046000 0.042400 0.044000 0.042400 0.033700 0.050200 0.006700 0.008300 0.055300 0.000000 0.010000 0.045800 0.032500 0.048400 0.049500 0.048200 0.044100 0.051000 0.051000
goat 0.001600 0.093800 0.038100 0.122100 0.021700 0.000000 0.013300 0.025100 0.036400 0.042400 0.000000 0.023800 0.013600 0.011600 0.038100 0.034700 0.038400 0.032800 0.005000 0.036500 0.034700 0.003300 0.046000 0.044300 0.001600 0.038700 0.011900 0.036500 0.038600 0.036300 0.042400 0.015600 0.055400 0.020600 0.015200 0.030600 0.000000 0.020900 0.033600 0.046000 0.049400 0.037000 0.042400 0.047800 0.032400 0.021700 0.031900 0.023400 0.025100 0.036200 0.038100 0.038200
AfricanBuf 0.026400 0.094400 0.013200 0.128200 0.026800 0.023700 0.018300 0.031300 0.011600 0.041300 0.023800 0.000000 0.020000 0.020000 0.035400 0.037000 0.032000 0.026900 0.018600 0.011600 0.037000 0.023700 0.044800 0.043000 0.025500 0.042200 0.018300 0.011600 0.042100 0.011600 0.041300 0.020000 0.061100 0.025200 0.021700 0.009900 0.023800 0.025100 0.040600 0.044900 0.048200 0.040400 0.041300 0.043100 0.008200 0.026800 0.037100 0.037100 0.033600 0.035300 0.013200 0.013200
Topi 0.016300 0.090200 0.033600 0.125100 0.023400 0.013600 0.015000 0.026800 0.031900 0.040700 0.013600 0.020000 0.000000 0.013300 0.035400 0.033600 0.033800 0.028600 0.008500 0.031900 0.033500 0.013500 0.044200 0.042500 0.015300 0.038700 0.001600 0.031900 0.035200 0.031900 0.040700 0.016600 0.057400 0.010000 0.011600 0.026800 0.013600 0.021700 0.035400 0.044300 0.047600 0.037000 0.040700 0.046100 0.028500 0.023400 0.033600 0.028500 0.030200 0.033700 0.033700 0.033700
CommonDuik 0.014000 0.086100 0.034300 0.119200 0.013300 0.011600 0.005000 0.016600 0.032500 0.035500 0.011600 0.020000 0.013300 0.000000 0.025100 0.025000 0.033800 0.028600 0.006600 0.032600 0.025900 0.011600 0.035500 0.037300 0.013900 0.031000 0.011600 0.032600 0.030100 0.032500 0.035500 0.006600 0.054500 0.020000 0.015400 0.026800 0.011600 0.008300 0.025900 0.039000 0.038900 0.028400 0.035500 0.040800 0.028500 0.009900 0.023400 0.025100 0.020000 0.030200 0.034300 0.034300
Suni 0.040400 0.095400 0.045700 0.132900 0.033900 0.038000 0.026800 0.038800 0.044000 0.055500 0.038100 0.035400 0.035400 0.025100 0.000000 0.042200 0.040700 0.039000 0.032800 0.044000 0.042100 0.034500 0.052000 0.057300 0.039800 0.047300 0.033600 0.044000 0.050800 0.043900 0.055500 0.025900 0.066700 0.042400 0.037000 0.042300 0.038100 0.026800 0.049300 0.059100 0.055400 0.049100 0.055500 0.055600 0.042300 0.032000 0.045800 0.035400 0.042300 0.044000 0.045800 0.045700
Springbuck 0.036900 0.105700 0.043900 0.131500 0.028500 0.034500 0.023300 0.019900 0.042100 0.051800 0.034700 0.037000 0.033600 0.025000 0.042200 0.000000 0.047500 0.042300 0.029400 0.042100 0.019900 0.034500 0.051900 0.053700 0.036400 0.021600 0.031800 0.042100 0.021600 0.042100 0.051800 0.025000 0.079300 0.040500 0.033500 0.039600 0.034700 0.023300 0.027900 0.056400 0.055300 0.018200 0.051800 0.057400 0.042100 0.025000 0.025000 0.043800 0.030100 0.044000 0.043900 0.043900
Okapi 0.040900 0.088200 0.043100 0.118500 0.040700 0.038300 0.032000 0.044100 0.041300 0.042500 0.038400 0.032000 0.033800 0.033800 0.040700 0.047500 0.000000 0.008300 0.033200 0.041400 0.048500 0.038300 0.046000 0.042500 0.041100 0.057500 0.032000 0.041400 0.052800 0.041300 0.042400 0.033800 0.050000 0.039000 0.036100 0.038900 0.038400 0.035500 0.055900 0.046000 0.049400 0.054500 0.042400 0.042600 0.040600 0.040700 0.047700 0.044200 0.047600 0.044000 0.043100 0.039600
Giraffe 0.035400 0.090600 0.034200 0.120500 0.035500 0.032700 0.026900 0.038900 0.032500 0.041200 0.032800 0.026900 0.028600 0.028600 0.039000 0.042300 0.008300 0.000000 0.027600 0.032500 0.043000 0.032700 0.045100 0.041200 0.035100 0.051800 0.026900 0.032500 0.047500 0.032400 0.041200 0.028600 0.051300 0.033800 0.030700 0.033700 0.032800 0.030300 0.050300 0.044800 0.048200 0.049300 0.041200 0.041300 0.035400 0.035500 0.042400 0.039000 0.042400 0.038900 0.034200 0.030800
TibetanAnt 0.006600 0.088100 0.032800 0.120200 0.016700 0.005000 0.008300 0.020000 0.031100 0.037300 0.005000 0.018600 0.008500 0.006600 0.032800 0.029400 0.033200 0.027600 0.000000 0.031100 0.029300 0.005000 0.040700 0.039100 0.006600 0.033600 0.006800 0.031200 0.033500 0.031000 0.037300 0.010300 0.053900 0.015300 0.010100 0.025400 0.005000 0.015500 0.028500 0.040800 0.044200 0.031800 0.037200 0.042600 0.027200 0.016700 0.026800 0.025100 0.023400 0.031000 0.032800 0.032800
Sitatunga 0.039000 0.104000 0.001600 0.129500 0.035300 0.036400 0.030800 0.039900 0.000000 0.049200 0.036500 0.011600 0.031900 0.032600 0.044000 0.042100 0.041400 0.032500 0.031100 0.000000 0.038600 0.036400 0.053100 0.051100 0.034700 0.047300 0.030200 0.000000 0.050700 0.000000 0.049200 0.032700 0.066300 0.037100 0.026700 0.017200 0.036500 0.030200 0.045800 0.053700 0.056200 0.049100 0.049200 0.051100 0.016500 0.035300 0.045700 0.049200 0.042200 0.043900 0.001600 0.001600
Oribi 0.036800 0.097100 0.040400 0.126500 0.028400 0.034500 0.024000 0.019900 0.038600 0.048200 0.034700 0.037000 0.033500 0.025900 0.042100 0.019900 0.048500 0.043000 0.029300 0.038600 0.000000 0.034500 0.048200 0.050100 0.032900 0.024900 0.031800 0.038600 0.028300 0.038600 0.048200 0.025900 0.073600 0.040500 0.030000 0.039600 0.034700 0.023300 0.021600 0.053600 0.051700 0.026600 0.048200 0.053700 0.042100 0.025000 0.025000 0.042200 0.028400 0.040500 0.040400 0.040400
BarbaryShe 0.005000 0.093600 0.038000 0.124100 0.019800 0.003300 0.013300 0.025100 0.036300 0.042400 0.003300 0.023700 0.013500 0.011600 0.034500 0.034500 0.038300 0.032700 0.005000 0.036400 0.034500 0.000000 0.045900 0.044300 0.005000 0.038700 0.011800 0.036400 0.038600 0.036200 0.042400 0.012300 0.055300 0.020500 0.015200 0.030500 0.003300 0.020700 0.033600 0.046000 0.049400 0.036900 0.042400 0.047800 0.032300 0.021700 0.031900 0.020000 0.025000 0.036100 0.038000 0.038100
Daviddeer 0.048700 0.080600 0.054900 0.118500 0.039000 0.045900 0.037200 0.044800 0.053100 0.008300 0.046000 0.044800 0.044200 0.035500 0.052000 0.051900 0.046000 0.045100 0.040700 0.053100 0.048200 0.045900 0.000000 0.008300 0.047700 0.057200 0.042400 0.053100 0.049900 0.053100 0.008300 0.039000 0.063000 0.049500 0.045900 0.047500 0.046000 0.033800 0.050300 0.011700 0.003300 0.055400 0.008300 0.015000 0.049300 0.032600 0.048400 0.046000 0.048300 0.047600 0.054900 0.054900
Reindeer 0.047000 0.084400 0.052800 0.116600 0.040800 0.044300 0.039000 0.046600 0.051100 0.003300 0.044300 0.043000 0.042500 0.037300 0.057300 0.053700 0.042500 0.041200 0.039100 0.051100 0.050100 0.044300 0.008300 0.000000 0.046000 0.059000 0.040800 0.051100 0.051700 0.051000 0.003300 0.040700 0.064900 0.047900 0.044200 0.045800 0.044300 0.035500 0.052100 0.006700 0.008300 0.057200 0.003300 0.006600 0.047600 0.034400 0.050200 0.051300 0.050100 0.046000 0.052900 0.052900
Ibex 0.003300 0.095600 0.036300 0.123900 0.023400 0.001600 0.015400 0.026700 0.034600 0.044100 0.001600 0.025500 0.015300 0.013900 0.039800 0.036400 0.041100 0.035100 0.006600 0.034700 0.032900 0.005000 0.047700 0.046000 0.000000 0.036900 0.013600 0.034700 0.040300 0.034500 0.044100 0.018100 0.053600 0.022300 0.013500 0.032300 0.001600 0.022600 0.031900 0.047700 0.051100 0.038600 0.044100 0.049600 0.034100 0.023400 0.033600 0.025100 0.026700 0.037900 0.036300 0.036400
GyrantGaze 0.041700 0.097700 0.049100 0.134600 0.033600 0.038700 0.029100 0.025000 0.047300 0.057100 0.038700 0.042200 0.038700 0.031000 0.047300 0.021600 0.057500 0.051800 0.033600 0.047300 0.024900 0.038700 0.057200 0.059000 0.036900 0.000000 0.036900 0.047300 0.026600 0.047300 0.057100 0.031100 0.077500 0.045700 0.035200 0.044900 0.038700 0.031800 0.030100 0.061600 0.060600 0.011500 0.057100 0.062700 0.047300 0.030100 0.030100 0.050000 0.036900 0.052700 0.049100 0.049100
Hartebeest 0.014500 0.088200 0.031900 0.123100 0.021700 0.011800 0.013300 0.025100 0.030200 0.038900 0.011900 0.018300 0.001600 0.011600 0.033600 0.031800 0.032000 0.026900 0.006800 0.030200 0.031800 0.011800 0.042400 0.040800 0.013600 0.036900 0.000000 0.030200 0.033500 0.030200 0.038900 0.015000 0.055600 0.008300 0.009900 0.025100 0.011900 0.020000 0.033700 0.042500 0.045900 0.035200 0.038900 0.044300 0.026800 0.021700 0.031900 0.026800 0.028500 0.031900 0.031900 0.031900
Bongo 0.039100 0.103900 0.001600 0.129600 0.035400 0.036400 0.030800 0.039900 0.000000 0.049200 0.036500 0.011600 0.031900 0.032600 0.044000 0.042100 0.041400 0.032500 0.031200 0.000000 0.038600 0.036400 0.053100 0.051100 0.034700 0.047300 0.030200 0.000000 0.050800 0.000000 0.049200 0.032700 0.066400 0.037100 0.026700 0.017100 0.036500 0.030200 0.045800 0.053700 0.056200 0.049100 0.049200 0.051100 0.016500 0.035300 0.045700 0.049200 0.042200 0.043900 0.001600 0.001600
Gerenuk 0.041400 0.103300 0.052500 0.137000 0.030100 0.038600 0.028400 0.025000 0.050700 0.049800 0.038600 0.042100 0.035200 0.030100 0.050800 0.021600 0.052800 0.047500 0.033500 0.050700 0.028300 0.038600 0.049900 0.051700 0.040300 0.026600 0.033500 0.050800 0.000000 0.050700 0.049800 0.030100 0.080800 0.042200 0.038600 0.044500 0.038600 0.028400 0.033500 0.054200 0.053400 0.024900 0.049800 0.055300 0.047300 0.026700 0.030100 0.049700 0.036900 0.049100 0.052600 0.052500
CommonElan 0.038900 0.103900 0.001600 0.129400 0.035300 0.036300 0.030700 0.039800 0.000000 0.049200 0.036300 0.011600 0.031900 0.032500 0.043900 0.042100 0.041300 0.032400 0.031000 0.000000 0.038600 0.036200 0.053100 0.051000 0.034500 0.047300 0.030200 0.000000 0.050700 0.000000 0.049200 0.032500 0.066200 0.037100 0.026700 0.017100 0.036300 0.030100 0.045700 0.053600 0.056100 0.049000 0.049200 0.051100 0.016500 0.035300 0.045700 0.049200 0.042100 0.043900 0.001600 0.001600
MuntiacusR 0.045200 0.084200 0.051000 0.114600 0.039000 0.042400 0.037200 0.044700 0.049200 0.000000 0.042400 0.041300 0.040700 0.035500 0.055500 0.051800 0.042400 0.041200 0.037300 0.049200 0.048200 0.042400 0.008300 0.003300 0.044100 0.057100 0.038900 0.049200 0.049800 0.049200 0.000000 0.038900 0.063100 0.046000 0.042400 0.044000 0.042400 0.033700 0.050200 0.006600 0.008300 0.055300 0.000000 0.010000 0.045800 0.032500 0.048400 0.049500 0.048200 0.044100 0.051000 0.051000
HarveysDui 0.014900 0.089800 0.034300 0.123000 0.009900 0.015500 0.005000 0.016600 0.032600 0.038900 0.015600 0.020000 0.016600 0.006600 0.025900 0.025000 0.033800 0.028600 0.010300 0.032700 0.025900 0.012300 0.039000 0.040700 0.018100 0.031100 0.015000 0.032700 0.030100 0.032500 0.038900 0.000000 0.062000 0.023400 0.015400 0.026800 0.015600 0.011600 0.027800 0.042500 0.042400 0.028400 0.038900 0.044300 0.028500 0.013300 0.023400 0.024000 0.020000 0.033600 0.034300 0.034400
Pronghorn 0.058400 0.100100 0.068300 0.130700 0.064900 0.055300 0.059900 0.068200 0.066300 0.063100 0.055400 0.061100 0.057400 0.054500 0.066700 0.079300 0.050000 0.051300 0.053900 0.066300 0.073600 0.055300 0.063000 0.064900 0.053600 0.077500 0.055600 0.066400 0.080800 0.066200 0.063100 0.062000 0.000000 0.063000 0.059100 0.070000 0.055400 0.063000 0.076000 0.066800 0.066500 0.079300 0.063100 0.065000 0.069900 0.064700 0.075800 0.057200 0.070900 0.066500 0.068400 0.064600
BlueWildeb 0.023500 0.095000 0.038900 0.124800 0.029700 0.020500 0.021700 0.033700 0.037100 0.046000 0.020600 0.025200 0.010000 0.020000 0.042400 0.040500 0.039000 0.033800 0.015300 0.037100 0.040500 0.020500 0.049500 0.047900 0.022300 0.045700 0.008300 0.037100 0.042200 0.037100 0.046000 0.023400 0.063000 0.000000 0.018400 0.031000 0.020600 0.027800 0.042400 0.046100 0.053000 0.044000 0.046000 0.051500 0.032900 0.030300 0.037100 0.035400 0.037100 0.038900 0.038900 0.038900
Gemsbok 0.017800 0.095600 0.028400 0.124800 0.021700 0.015200 0.013600 0.025000 0.026700 0.042400 0.015200 0.021700 0.011600 0.015400 0.037000 0.033500 0.036100 0.030700 0.010100 0.026700 0.030000 0.015200 0.045900 0.044200 0.013500 0.035200 0.009900 0.026700 0.038600 0.026700 0.042400 0.015400 0.059100 0.018400 0.000000 0.028400 0.015200 0.020000 0.031900 0.045900 0.049300 0.036900 0.042300 0.047700 0.030100 0.021600 0.031800 0.031900 0.028400 0.035300 0.028500 0.028500
Yak 0.033200 0.097700 0.018900 0.129000 0.030200 0.030500 0.025100 0.033700 0.017100 0.044000 0.030600 0.009900 0.026800 0.026800 0.042300 0.039600 0.038900 0.033700 0.025400 0.017200 0.039600 0.030500 0.047500 0.045800 0.032300 0.044900 0.025100 0.017100 0.044500 0.017100 0.044000 0.026800 0.070000 0.031000 0.028400 0.000000 0.030600 0.028500 0.043200 0.048400 0.050900 0.043000 0.044000 0.045900 0.004900 0.030200 0.040600 0.044000 0.037000 0.042200 0.018800 0.018800
BlueSheep 0.001600 0.093800 0.038100 0.122100 0.021700 0.000000 0.013300 0.025100 0.036400 0.042400 0.000000 0.023800 0.013600 0.011600 0.038100 0.034700 0.038400 0.032800 0.005000 0.036500 0.034700 0.003300 0.046000 0.044300 0.001600 0.038700 0.011900 0.036500 0.038600 0.036300 0.042400 0.015600 0.055400 0.020600 0.015200 0.030600 0.000000 0.020900 0.033600 0.046000 0.049400 0.037000 0.042400 0.047800 0.032400 0.021700 0.031900 0.023400 0.025100 0.036200 0.038100 0.038200
BohorReedb 0.023200 0.088700 0.031900 0.117300 0.008300 0.020700 0.009900 0.018300 0.030200 0.033700 0.020900 0.025100 0.021700 0.008300 0.026800 0.023300 0.035500 0.030300 0.015500 0.030200 0.023300 0.020700 0.033800 0.035500 0.022600 0.031800 0.020000 0.030200 0.028400 0.030100 0.033700 0.011600 0.063000 0.027800 0.020000 0.028500 0.020900 0.000000 0.028500 0.036900 0.037200 0.030100 0.033700 0.039100 0.030200 0.008300 0.025100 0.031900 0.021700 0.031900 0.031900 0.031900
KirksDik 0.036700 0.103500 0.047500 0.138900 0.030300 0.033700 0.025800 0.021700 0.046900 0.050200 0.033600 0.040600 0.035400 0.025900 0.049300 0.027900 0.055900 0.050300 0.028500 0.045800 0.021600 0.033600 0.050300 0.052100 0.031900 0.030100 0.033700 0.045800 0.033500 0.045700 0.050200 0.027800 0.076000 0.042400 0.031900 0.043200 0.033600 0.028500 0.000000 0.055700 0.053800 0.031800 0.050300 0.055800 0.045800 0.023400 0.021700 0.042300 0.033600 0.047600 0.047600 0.047600
RoeDeer 0.048800 0.086300 0.055400 0.113700 0.042400 0.046000 0.040700 0.049100 0.053700 0.006700 0.046000 0.044900 0.044300 0.039000 0.059100 0.056400 0.046000 0.044800 0.040800 0.053700 0.053600 0.046000 0.011700 0.006700 0.047700 0.061600 0.042500 0.053700 0.054200 0.053600 0.006600 0.042500 0.066800 0.046100 0.045900 0.048400 0.046000 0.036900 0.055700 0.000000 0.011700 0.059900 0.006600 0.013400 0.050100 0.036700 0.052700 0.053100 0.052700 0.047700 0.055500 0.055500
WhiteLippe 0.052200 0.083500 0.058000 0.122100 0.042400 0.049400 0.040600 0.048200 0.056200 0.008300 0.049400 0.048200 0.047600 0.038900 0.055400 0.055300 0.049400 0.048200 0.044200 0.056200 0.051700 0.049400 0.003300 0.008300 0.051100 0.060600 0.045900 0.056200 0.053400 0.056100 0.008300 0.042400 0.066500 0.053000 0.049300 0.050900 0.049400 0.037200 0.053800 0.011700 0.000000 0.058800 0.008300 0.015000 0.052700 0.036000 0.051800 0.049400 0.051800 0.051000 0.058000 0.058000
ThomsonGaz 0.040100 0.101900 0.050800 0.127600 0.031800 0.037000 0.026700 0.019900 0.049000 0.055300 0.037000 0.040400 0.037000 0.028400 0.049100 0.018200 0.054500 0.049300 0.031800 0.049100 0.026600 0.036900 0.055400 0.057200 0.038600 0.011500 0.035200 0.049100 0.024900 0.049000 0.055300 0.028400 0.079300 0.044000 0.036900 0.043000 0.037000 0.030100 0.031800 0.059900 0.058800 0.000000 0.055300 0.060900 0.045600 0.028400 0.028400 0.048200 0.033500 0.050900 0.050800 0.050800
MuntiacusC 0.045200 0.084200 0.051000 0.114500 0.039000 0.042400 0.037200 0.044700 0.049200 0.000000 0.042400 0.041300 0.040700 0.035500 0.055500 0.051800 0.042400 0.041200 0.037200 0.049200 0.048200 0.042400 0.008300 0.003300 0.044100 0.057100 0.038900 0.049200 0.049800 0.049200 0.000000 0.038900 0.063100 0.046000 0.042300 0.044000 0.042400 0.033700 0.050300 0.006600 0.008300 0.055300 0.000000 0.010000 0.045700 0.032500 0.048400 0.049400 0.048200 0.044100 0.051000 0.051000
WhiteTaile 0.050700 0.086400 0.052900 0.118700 0.044300 0.047800 0.042500 0.050200 0.051100 0.010000 0.047800 0.043100 0.046100 0.040800 0.055600 0.057400 0.042600 0.041300 0.042600 0.051100 0.053700 0.047800 0.015000 0.006600 0.049600 0.062700 0.044300 0.051100 0.055300 0.051100 0.010000 0.044300 0.065000 0.051500 0.047700 0.045900 0.047800 0.039100 0.055800 0.013400 0.015000 0.060900 0.010000 0.000000 0.047600 0.037900 0.053800 0.053100 0.053700 0.049600 0.052900 0.052900
Cattle 0.035200 0.099600 0.018200 0.127000 0.031900 0.032300 0.026800 0.036400 0.016500 0.045800 0.032400 0.008200 0.028500 0.028500 0.042300 0.042100 0.040600 0.035400 0.027200 0.016500 0.042100 0.032300 0.049300 0.047600 0.034100 0.047300 0.026800 0.016500 0.047300 0.016500 0.045800 0.028500 0.069900 0.032900 0.030100 0.004900 0.032400 0.030200 0.045800 0.050100 0.052700 0.045600 0.045700 0.047600 0.000000 0.031900 0.043200 0.044000 0.038700 0.040400 0.018200 0.018200
RoyalAntel 0.024500 0.088700 0.037000 0.122100 0.013300 0.021700 0.011600 0.016600 0.035300 0.032500 0.021700 0.026800 0.023400 0.009900 0.032000 0.025000 0.040700 0.035500 0.016700 0.035300 0.025000 0.021700 0.032600 0.034400 0.023400 0.030100 0.021700 0.035300 0.026700 0.035300 0.032500 0.013300 0.064700 0.030300 0.021600 0.030200 0.021700 0.008300 0.023400 0.036700 0.036000 0.028400 0.032500 0.037900 0.031900 0.000000 0.021700 0.033700 0.020000 0.037100 0.037100 0.037100
Steenbok 0.034600 0.095600 0.047500 0.134200 0.026800 0.031900 0.021700 0.018300 0.045700 0.048400 0.031900 0.037100 0.033600 0.023400 0.045800 0.025000 0.047700 0.042400 0.026800 0.045700 0.025000 0.031900 0.048400 0.050200 0.033600 0.030100 0.031900 0.045700 0.030100 0.045700 0.048400 0.023400 0.075800 0.037100 0.031800 0.040600 0.031900 0.025100 0.021700 0.052700 0.051800 0.028400 0.048400 0.053800 0.043200 0.021700 0.000000 0.044100 0.028800 0.047500 0.047500 0.044000
Impala 0.026000 0.099500 0.051000 0.132900 0.031600 0.023400 0.025100 0.037100 0.050200 0.049500 0.023400 0.037100 0.028500 0.025100 0.035400 0.043800 0.044200 0.039000 0.025100 0.049200 0.042200 0.020000 0.046000 0.051300 0.025100 0.050000 0.026800 0.049200 0.049700 0.049200 0.049500 0.024000 0.057200 0.035400 0.031900 0.044000 0.023400 0.031900 0.042300 0.053100 0.049400 0.048200 0.049400 0.053100 0.044000 0.033700 0.044100 0.000000 0.037100 0.044000 0.051000 0.051000
Klipspring 0.027900 0.097500 0.042200 0.127700 0.023400 0.025100 0.018300 0.023400 0.042100 0.048200 0.025100 0.033600 0.030200 0.020000 0.042300 0.030100 0.047600 0.042400 0.023400 0.042200 0.028400 0.025000 0.048300 0.050100 0.026700 0.036900 0.028500 0.042200 0.036900 0.042100 0.048200 0.020000 0.070900 0.037100 0.028400 0.037000 0.025100 0.021700 0.033600 0.052700 0.051800 0.033500 0.048200 0.053700 0.038700 0.020000 0.028800 0.037100 0.000000 0.047400 0.043900 0.043900
ForestMusk 0.038700 0.091900 0.045600 0.116300 0.040600 0.036100 0.031900 0.042300 0.043900 0.044100 0.036200 0.035300 0.033700 0.030200 0.044000 0.044000 0.044000 0.038900 0.031000 0.043900 0.040500 0.036100 0.047600 0.046000 0.037900 0.052700 0.031900 0.043900 0.049100 0.043900 0.044100 0.033600 0.066500 0.038900 0.035300 0.042200 0.036200 0.031900 0.047600 0.047700 0.051000 0.050900 0.044100 0.049600 0.040400 0.037100 0.047500 0.044000 0.047400 0.000000 0.045700 0.045700
Bushbuck 0.040700 0.105900 0.003300 0.132300 0.037100 0.038000 0.032400 0.041600 0.001600 0.051000 0.038100 0.013200 0.033700 0.034300 0.045800 0.043900 0.043100 0.034200 0.032800 0.001600 0.040400 0.038000 0.054900 0.052900 0.036300 0.049100 0.031900 0.001600 0.052600 0.001600 0.051000 0.034300 0.068400 0.038900 0.028500 0.018800 0.038100 0.031900 0.047600 0.055500 0.058000 0.050800 0.051000 0.052900 0.018200 0.037100 0.047500 0.051000 0.043900 0.045700 0.000000 0.003300
GreaterKud 0.040700 0.102300 0.003300 0.127700 0.037100 0.038100 0.032500 0.041700 0.001600 0.051000 0.038200 0.013200 0.033700 0.034300 0.045700 0.043900 0.039600 0.030800 0.032800 0.001600 0.040400 0.038100 0.054900 0.052900 0.036400 0.049100 0.031900 0.001600 0.052500 0.001600 0.051000 0.034400 0.064600 0.038900 0.028500 0.018800 0.038200 0.031900 0.047600 0.055500 0.058000 0.050800 0.051000 0.052900 0.018200 0.037100 0.044000 0.051000 0.043900 0.045700 0.003300 0.000000
