1
52 1
Argali 0.000000 0.207800 0.090800 0.209300 0.064600 0.007800 0.053600 0.053400 0.082300 0.169100 0.020900 0.075800 0.040100 0.051000 0.053400 0.061500 0.090000 0.099200 0.039800 0.088000 0.064300 0.015700 0.166500 0.144100 0.020900 0.064500 0.037000 0.082300 0.064400 0.088100 0.159400 0.048000 0.089900 0.047800 0.042600 0.081600 0.021000 0.078700 0.078500 0.168700 0.165600 0.070000 0.159900 0.147300 0.090200 0.075400 0.083900 0.045200 0.061800 0.093400 0.085200 0.087900
LesserMous 0.207800 0.000000 0.208600 0.181000 0.218500 0.204600 0.205100 0.207700 0.202400 0.246400 0.198200 0.184300 0.198600 0.198600 0.204600 0.217800 0.197300 0.211200 0.211300 0.202400 0.227600 0.207800 0.236800 0.222100 0.194800 0.221800 0.198600 0.202400 0.227800 0.205800 0.235600 0.198400 0.178600 0.205200 0.215200 0.182300 0.198500 0.231300 0.214800 0.245100 0.242300 0.228200 0.228900 0.225700 0.191900 0.234200 0.230900 0.195200 0.217600 0.181900 0.205800 0.208700
LesserKudu 0.090800 0.208600 0.000000 0.210600 0.094100 0.087900 0.076700 0.087800 0.021000 0.156800 0.079300 0.045400 0.091000 0.073900 0.073600 0.090800 0.093500 0.099800 0.099500 0.023600 0.099400 0.090800 0.157400 0.141300 0.076400 0.093900 0.085200 0.017700 0.099500 0.018300 0.147200 0.070900 0.093500 0.093800 0.102800 0.059400 0.085200 0.105500 0.114400 0.159600 0.156500 0.099700 0.147700 0.144500 0.067800 0.096400 0.108100 0.071000 0.099500 0.076600 0.021000 0.017600
KillerWhal 0.209300 0.181000 0.210600 0.000000 0.216800 0.206100 0.199900 0.212500 0.198000 0.242000 0.199700 0.173600 0.199900 0.200000 0.199200 0.212800 0.192800 0.203400 0.212600 0.204400 0.232700 0.209400 0.246100 0.217500 0.199600 0.216700 0.206500 0.197900 0.229300 0.201400 0.237900 0.193200 0.180300 0.213200 0.216700 0.200500 0.200000 0.232800 0.223200 0.248000 0.241100 0.223200 0.238800 0.227800 0.210300 0.232200 0.235700 0.203200 0.219000 0.183600 0.201400 0.204300
DefassaWat 0.064600 0.218500 0.094100 0.216800 0.000000 0.061900 0.053800 0.064800 0.091400 0.175900 0.053600 0.073300 0.064800 0.051200 0.059100 0.073000 0.093300 0.105600 0.079000 0.097100 0.081500 0.064600 0.176600 0.153900 0.053600 0.070400 0.064800 0.091300 0.081500 0.091400 0.169300 0.048200 0.104800 0.076000 0.076400 0.093500 0.059200 0.039900 0.096000 0.185200 0.175600 0.070300 0.166600 0.163500 0.102200 0.081400 0.095700 0.048100 0.073200 0.102700 0.094300 0.097100
Sheep 0.007800 0.204600 0.087900 0.206100 0.061900 0.000000 0.051100 0.050700 0.079500 0.166000 0.018300 0.073100 0.039700 0.048300 0.050700 0.058800 0.087200 0.096300 0.037100 0.085100 0.067100 0.012700 0.163400 0.141100 0.018300 0.061700 0.034300 0.079500 0.067100 0.085200 0.156300 0.042500 0.087100 0.045100 0.039900 0.078800 0.018300 0.076000 0.081300 0.165600 0.162500 0.067300 0.156800 0.144300 0.087300 0.072700 0.081100 0.042500 0.059000 0.090600 0.082300 0.085100
MaxwellsDu 0.053600 0.205100 0.076700 0.199900 0.053800 0.051100 0.000000 0.053700 0.074000 0.163100 0.042600 0.062100 0.053700 0.018400 0.045400 0.056400 0.093400 0.105700 0.062100 0.079700 0.064700 0.053600 0.163700 0.141400 0.042600 0.059300 0.053700 0.074000 0.064700 0.074000 0.156600 0.012700 0.093100 0.064800 0.065200 0.076300 0.044900 0.067700 0.078900 0.156600 0.162900 0.059200 0.154000 0.150800 0.084800 0.059000 0.078700 0.037300 0.056500 0.079500 0.076900 0.079700
GazellaPrz 0.053400 0.207700 0.087800 0.212500 0.064800 0.050700 0.053700 0.000000 0.085100 0.159700 0.042500 0.070100 0.059100 0.051000 0.059000 0.029000 0.092800 0.104900 0.061700 0.090800 0.037000 0.053400 0.157100 0.141000 0.037100 0.031700 0.053500 0.085000 0.031700 0.085100 0.150100 0.048100 0.095800 0.059100 0.064700 0.079000 0.048000 0.073000 0.056200 0.153000 0.156200 0.037100 0.150500 0.144200 0.087600 0.072800 0.050600 0.048100 0.067200 0.096200 0.087900 0.090700
MountainNy 0.082300 0.202400 0.021000 0.198000 0.091400 0.079500 0.074000 0.085100 0.000000 0.154000 0.076700 0.042800 0.088300 0.071200 0.071000 0.088100 0.085000 0.091200 0.091000 0.007600 0.096700 0.082300 0.154600 0.132500 0.073800 0.091200 0.082500 0.002600 0.096800 0.007700 0.144500 0.068300 0.085000 0.091100 0.094300 0.051200 0.082500 0.102800 0.111700 0.156800 0.153700 0.097000 0.144900 0.135600 0.059500 0.093700 0.105400 0.068300 0.096800 0.068200 0.005100 0.007600
MuntiacusM 0.169100 0.246400 0.156800 0.242000 0.175900 0.166000 0.163100 0.159700 0.154000 0.000000 0.156700 0.137700 0.163400 0.157000 0.159700 0.156000 0.140900 0.166100 0.175600 0.160200 0.172000 0.169200 0.062300 0.061900 0.153500 0.165900 0.163400 0.154000 0.165300 0.154100 0.013000 0.160000 0.134700 0.169800 0.182600 0.144400 0.163100 0.188400 0.188300 0.081900 0.048100 0.168800 0.012600 0.067500 0.150500 0.175200 0.194400 0.160000 0.194400 0.150400 0.154000 0.160100
goat 0.020900 0.198200 0.079300 0.199700 0.053600 0.018300 0.042600 0.042500 0.076700 0.156700 0.000000 0.064700 0.031100 0.040100 0.042500 0.050600 0.090100 0.099300 0.034400 0.082300 0.058800 0.020900 0.154100 0.138200 0.005200 0.053500 0.026300 0.076600 0.058800 0.076700 0.147200 0.037200 0.084300 0.035000 0.037200 0.076000 0.015700 0.067500 0.072900 0.156300 0.153300 0.058900 0.147600 0.141400 0.084500 0.064300 0.072700 0.034400 0.050700 0.087800 0.079500 0.082300
AfricanBuf 0.075800 0.184300 0.045400 0.173600 0.073300 0.073100 0.062100 0.070100 0.042800 0.137700 0.064700 0.000000 0.076000 0.059300 0.064700 0.073000 0.067300 0.084700 0.090100 0.048200 0.081500 0.075800 0.135100 0.119600 0.061800 0.070400 0.076000 0.042800 0.081500 0.042800 0.128400 0.056400 0.067200 0.078900 0.087600 0.034400 0.070300 0.090200 0.096000 0.143500 0.134400 0.076000 0.128800 0.122700 0.042500 0.084300 0.095700 0.056500 0.081500 0.064800 0.045500 0.042700
Topi 0.040100 0.198600 0.091000 0.199900 0.064800 0.039700 0.053700 0.059100 0.088300 0.163400 0.031100 0.076000 0.000000 0.056700 0.048000 0.067300 0.101700 0.111100 0.056300 0.094000 0.075700 0.042400 0.160800 0.150800 0.031700 0.070300 0.010200 0.088300 0.075700 0.088300 0.153700 0.047800 0.090200 0.021000 0.042600 0.087600 0.037100 0.073300 0.087200 0.169400 0.159900 0.075800 0.154200 0.154000 0.096200 0.075600 0.087000 0.045300 0.067500 0.099500 0.091200 0.094000
CommonDuik 0.051000 0.198600 0.073900 0.200000 0.051200 0.048300 0.018400 0.051000 0.071200 0.157000 0.040100 0.059300 0.056700 0.000000 0.042800 0.053800 0.090600 0.102800 0.065000 0.076800 0.062100 0.051000 0.160700 0.138400 0.040100 0.056700 0.051200 0.071200 0.062200 0.071200 0.150500 0.021100 0.090600 0.062300 0.062400 0.073700 0.045600 0.065000 0.073500 0.159700 0.159800 0.056700 0.147800 0.147800 0.082300 0.062000 0.076200 0.034700 0.056500 0.079200 0.074100 0.076800
Suni 0.053400 0.204600 0.073600 0.199200 0.059100 0.050700 0.045400 0.059000 0.071000 0.159700 0.042500 0.064700 0.048000 0.042800 0.000000 0.058900 0.093000 0.099400 0.056300 0.076600 0.070000 0.047900 0.157100 0.141100 0.042500 0.061800 0.042600 0.070900 0.067200 0.071000 0.150100 0.039900 0.090000 0.053500 0.059300 0.078900 0.048000 0.061900 0.084300 0.159300 0.156300 0.067300 0.150600 0.144400 0.087400 0.058800 0.078400 0.037100 0.067400 0.082100 0.073800 0.076600
Springbuck 0.061500 0.217800 0.090800 0.212800 0.073000 0.058800 0.056400 0.029000 0.088100 0.156000 0.050600 0.073000 0.067300 0.053800 0.058900 0.000000 0.095800 0.113800 0.073000 0.093800 0.023600 0.061600 0.159700 0.143600 0.045100 0.012700 0.061700 0.088100 0.013000 0.088100 0.152700 0.050800 0.104300 0.072900 0.073200 0.087400 0.056100 0.081600 0.047800 0.161900 0.152600 0.018300 0.153100 0.140800 0.096000 0.069900 0.047800 0.050700 0.070100 0.099200 0.091000 0.093800
Okapi 0.090000 0.197300 0.093500 0.192800 0.093300 0.087200 0.093400 0.092800 0.085000 0.140900 0.090100 0.067300 0.101700 0.090600 0.093000 0.095800 0.000000 0.048100 0.104500 0.090700 0.104400 0.090000 0.138300 0.122700 0.087200 0.099000 0.101700 0.085000 0.104500 0.090800 0.137600 0.087600 0.081500 0.113400 0.107700 0.076100 0.095900 0.116300 0.119400 0.146800 0.131500 0.104700 0.138000 0.125800 0.079000 0.110100 0.125000 0.081700 0.095800 0.078900 0.087900 0.090600
Giraffe 0.099200 0.211200 0.099800 0.203400 0.105600 0.096300 0.105700 0.104900 0.091200 0.166100 0.099300 0.084700 0.111100 0.102800 0.099400 0.113800 0.048100 0.000000 0.107900 0.096900 0.116700 0.099200 0.163600 0.141300 0.096300 0.111200 0.105200 0.091200 0.122700 0.097100 0.156500 0.099700 0.099200 0.117000 0.117300 0.090700 0.105200 0.128900 0.132000 0.156400 0.162700 0.117100 0.156900 0.144600 0.099300 0.122700 0.131600 0.090700 0.116800 0.079400 0.094200 0.091200
TibetanAnt 0.039800 0.211300 0.099500 0.212600 0.079000 0.037100 0.062100 0.061700 0.091000 0.175600 0.034400 0.090100 0.056300 0.065000 0.056300 0.073000 0.104500 0.107900 0.000000 0.096700 0.084200 0.039800 0.173000 0.147300 0.034400 0.076000 0.045300 0.090900 0.081400 0.096800 0.165800 0.062000 0.104800 0.056300 0.050800 0.084900 0.039800 0.093100 0.098800 0.165600 0.172100 0.081600 0.166300 0.150500 0.093500 0.084200 0.092700 0.059200 0.075800 0.102200 0.093900 0.096700
Sitatunga 0.088000 0.202400 0.023600 0.204400 0.097100 0.085100 0.079700 0.090800 0.007600 0.160200 0.082300 0.048200 0.094000 0.076800 0.076600 0.093800 0.090700 0.096900 0.096700 0.000000 0.102500 0.088000 0.160700 0.138500 0.079400 0.097000 0.088200 0.005100 0.102500 0.010400 0.150600 0.073900 0.090700 0.096800 0.100000 0.056700 0.088100 0.108600 0.117600 0.162900 0.159800 0.102700 0.151000 0.141600 0.065000 0.099500 0.111200 0.073900 0.102500 0.073800 0.007800 0.010200
Oribi 0.064300 0.227600 0.099400 0.232700 0.081500 0.067100 0.064700 0.037000 0.096700 0.172000 0.058800 0.081500 0.075700 0.062100 0.070000 0.023600 0.104400 0.116700 0.084200 0.102500 0.000000 0.069900 0.166200 0.159200 0.050000 0.026300 0.070000 0.096700 0.026200 0.096700 0.162200 0.059000 0.113000 0.081300 0.081700 0.096000 0.064400 0.090100 0.050500 0.177800 0.168500 0.031600 0.162700 0.156300 0.104700 0.083900 0.055900 0.059000 0.078500 0.108000 0.099700 0.102500
BarbaryShe 0.015700 0.207800 0.090800 0.209400 0.064600 0.012700 0.053600 0.053400 0.082300 0.169200 0.020900 0.075800 0.042400 0.051000 0.047900 0.061600 0.090000 0.099200 0.039800 0.088000 0.069900 0.000000 0.166600 0.144200 0.020900 0.064500 0.037000 0.082300 0.069900 0.088100 0.159500 0.048000 0.089900 0.047900 0.042600 0.081600 0.021000 0.073100 0.084100 0.162400 0.165700 0.070000 0.159900 0.147400 0.090200 0.075400 0.083900 0.045200 0.061800 0.093400 0.085200 0.087900
Daviddeer 0.166500 0.236800 0.157400 0.246100 0.176600 0.163400 0.163700 0.157100 0.154600 0.062300 0.154100 0.135100 0.160800 0.160700 0.157100 0.159700 0.138300 0.163600 0.173000 0.160700 0.166200 0.166600 0.000000 0.067700 0.150900 0.163300 0.160800 0.154600 0.169100 0.154600 0.053800 0.157400 0.132100 0.167200 0.167400 0.141800 0.160500 0.189100 0.185700 0.087700 0.029000 0.169300 0.054000 0.070600 0.151000 0.175300 0.191800 0.151200 0.188600 0.147900 0.154600 0.160600
Reindeer 0.144100 0.222100 0.141300 0.217500 0.153900 0.141100 0.141400 0.141000 0.132500 0.061900 0.138200 0.119600 0.150800 0.138400 0.141100 0.143600 0.122700 0.141300 0.147300 0.138500 0.159200 0.144200 0.067700 0.000000 0.135100 0.144000 0.150700 0.132500 0.152800 0.138600 0.056200 0.141400 0.116600 0.157000 0.154000 0.120100 0.144400 0.166000 0.162800 0.058900 0.053500 0.146900 0.053600 0.018300 0.129000 0.158900 0.168800 0.141400 0.175100 0.126100 0.132500 0.138400
Ibex 0.020900 0.194800 0.076400 0.199600 0.053600 0.018300 0.042600 0.037100 0.073800 0.153500 0.005200 0.061800 0.031700 0.040100 0.042500 0.045100 0.087200 0.096300 0.034400 0.079400 0.050000 0.020900 0.150900 0.135100 0.000000 0.048000 0.025200 0.073800 0.053300 0.073800 0.144000 0.037200 0.081400 0.037000 0.037200 0.073200 0.015200 0.061900 0.067200 0.153100 0.150100 0.053400 0.144400 0.138200 0.081600 0.064300 0.067000 0.034400 0.050700 0.084900 0.076600 0.079400
GyrantGaze 0.064500 0.221800 0.093900 0.216700 0.070400 0.061700 0.059300 0.031700 0.091200 0.165900 0.053500 0.070400 0.070300 0.056700 0.061800 0.012700 0.099000 0.111200 0.076000 0.097000 0.026300 0.064500 0.163300 0.144000 0.048000 0.000000 0.064700 0.091200 0.020900 0.091200 0.156200 0.053700 0.107500 0.070300 0.076200 0.090500 0.059000 0.084600 0.047900 0.165500 0.162400 0.010400 0.156700 0.141100 0.099200 0.078500 0.047200 0.053600 0.067500 0.102400 0.094100 0.096900
Hartebeest 0.037000 0.198600 0.085200 0.206500 0.064800 0.034300 0.053700 0.053500 0.082500 0.163400 0.026300 0.076000 0.010200 0.051200 0.042600 0.061700 0.101700 0.105200 0.045300 0.088200 0.070000 0.037000 0.160800 0.150700 0.025200 0.064700 0.000000 0.082500 0.070100 0.082500 0.153700 0.048100 0.090200 0.010400 0.037200 0.087600 0.031700 0.073300 0.081500 0.156700 0.159900 0.070200 0.154200 0.154000 0.096200 0.064400 0.075600 0.045400 0.067500 0.093700 0.085400 0.088200
Bongo 0.082300 0.202400 0.017700 0.197900 0.091300 0.079500 0.074000 0.085000 0.002600 0.154000 0.076600 0.042800 0.088300 0.071200 0.070900 0.088100 0.085000 0.091200 0.090900 0.005100 0.096700 0.082300 0.154600 0.132500 0.073800 0.091200 0.082500 0.000000 0.096700 0.005100 0.144500 0.068200 0.085000 0.091100 0.094200 0.051200 0.082500 0.102800 0.111700 0.156800 0.153700 0.096900 0.144900 0.135600 0.059500 0.093700 0.105400 0.068300 0.096700 0.068200 0.002500 0.005100
Gerenuk 0.064400 0.227800 0.099500 0.229300 0.081500 0.067100 0.064700 0.031700 0.096800 0.165300 0.058800 0.081500 0.075700 0.062200 0.067200 0.013000 0.104500 0.122700 0.081400 0.102500 0.026200 0.069900 0.169100 0.152800 0.053300 0.020900 0.070100 0.096700 0.000000 0.096800 0.161900 0.059100 0.113000 0.081300 0.081700 0.096000 0.064400 0.090200 0.050600 0.164900 0.161900 0.026200 0.162400 0.149900 0.104700 0.078300 0.050500 0.059000 0.078600 0.108000 0.099700 0.102500
CommonElan 0.088100 0.205800 0.018300 0.201400 0.091400 0.085200 0.074000 0.085100 0.007700 0.154100 0.076700 0.042800 0.088300 0.071200 0.071000 0.088100 0.090800 0.097100 0.096800 0.010400 0.096700 0.088100 0.154600 0.138600 0.073800 0.091200 0.082500 0.005100 0.096800 0.000000 0.144500 0.068300 0.090800 0.091100 0.100100 0.056700 0.082500 0.102800 0.111700 0.156800 0.153700 0.097000 0.145000 0.141800 0.065100 0.093700 0.105400 0.068300 0.096800 0.073900 0.007600 0.010400
MuntiacusR 0.159400 0.235600 0.147200 0.237900 0.169300 0.156300 0.156600 0.150100 0.144500 0.013000 0.147200 0.128400 0.153700 0.150500 0.150100 0.152700 0.137600 0.156500 0.165800 0.150600 0.162200 0.159500 0.053800 0.056200 0.144000 0.156200 0.153700 0.144500 0.161900 0.144500 0.000000 0.150400 0.125500 0.160000 0.172700 0.135000 0.153400 0.181700 0.178400 0.073200 0.045300 0.162200 0.010100 0.059000 0.144100 0.171700 0.184300 0.150400 0.184400 0.141000 0.144500 0.150500
HarveysDui 0.048000 0.198400 0.070900 0.193200 0.048200 0.042500 0.012700 0.048100 0.068300 0.160000 0.037200 0.056400 0.047800 0.021100 0.039900 0.050800 0.087600 0.099700 0.062000 0.073900 0.059000 0.048000 0.157400 0.141400 0.037200 0.053700 0.048100 0.068200 0.059100 0.068300 0.150400 0.000000 0.087200 0.059200 0.059500 0.070300 0.042600 0.062100 0.073200 0.156400 0.156500 0.059200 0.150800 0.144500 0.079000 0.058900 0.072900 0.031800 0.050900 0.073600 0.071100 0.073900
Pronghorn 0.089900 0.178600 0.093500 0.180300 0.104800 0.087100 0.093100 0.095800 0.085000 0.134700 0.084300 0.067200 0.090200 0.090600 0.090000 0.104300 0.081500 0.099200 0.104800 0.090700 0.113000 0.089900 0.132100 0.116600 0.081400 0.107500 0.090200 0.085000 0.113000 0.090800 0.125500 0.087200 0.000000 0.101700 0.102200 0.075700 0.090100 0.110700 0.122100 0.140500 0.131400 0.113200 0.125800 0.119700 0.084200 0.121800 0.127600 0.087300 0.119300 0.084700 0.085000 0.090700
BlueWildeb 0.047800 0.205200 0.093800 0.213200 0.076000 0.045100 0.064800 0.059100 0.091100 0.169800 0.035000 0.078900 0.021000 0.062300 0.053500 0.072900 0.113400 0.117000 0.056300 0.096800 0.081300 0.047900 0.167200 0.157000 0.037000 0.070300 0.010400 0.091100 0.081300 0.091100 0.160000 0.059200 0.101700 0.000000 0.048100 0.096200 0.042500 0.084600 0.092900 0.163000 0.166300 0.075800 0.160500 0.160200 0.104900 0.070000 0.087100 0.056300 0.078700 0.099500 0.094000 0.096800
Gemsbok 0.042600 0.215200 0.102800 0.216700 0.076400 0.039900 0.065200 0.064700 0.094300 0.182600 0.037200 0.087600 0.042600 0.062400 0.059300 0.073200 0.107700 0.117300 0.050800 0.100000 0.081700 0.042600 0.167400 0.154000 0.037200 0.076200 0.037200 0.094200 0.081700 0.100100 0.172700 0.059500 0.102200 0.048100 0.000000 0.093800 0.042700 0.084800 0.096300 0.175700 0.166500 0.081900 0.173200 0.157300 0.102500 0.081600 0.096000 0.051100 0.078900 0.105600 0.097200 0.100000
Yak 0.081600 0.182300 0.059400 0.200500 0.093500 0.078800 0.076300 0.079000 0.051200 0.144400 0.076000 0.034400 0.087600 0.073700 0.078900 0.087400 0.076100 0.090700 0.084900 0.056700 0.096000 0.081600 0.141800 0.120100 0.073200 0.090500 0.087600 0.051200 0.096000 0.056700 0.135000 0.070300 0.075700 0.096200 0.093800 0.000000 0.081800 0.099300 0.110800 0.150300 0.141000 0.096200 0.135400 0.123200 0.007800 0.104700 0.110500 0.064800 0.099300 0.079300 0.054000 0.056700
BlueSheep 0.021000 0.198500 0.085200 0.200000 0.059200 0.018300 0.044900 0.048000 0.082500 0.163100 0.015700 0.070300 0.037100 0.045600 0.048000 0.056100 0.095900 0.105200 0.039800 0.088100 0.064400 0.021000 0.160500 0.144400 0.015200 0.059000 0.031700 0.082500 0.064400 0.082500 0.153400 0.042600 0.090100 0.042500 0.042700 0.081800 0.000000 0.073200 0.078600 0.162700 0.159600 0.064600 0.153900 0.147600 0.090400 0.070000 0.078400 0.039900 0.056300 0.093700 0.085300 0.088100
BohorReedb 0.078700 0.231300 0.105500 0.232800 0.039900 0.076000 0.067700 0.073000 0.102800 0.188400 0.067500 0.090200 0.073300 0.065000 0.061900 0.081600 0.116300 0.128900 0.093100 0.108600 0.090100 0.073100 0.189100 0.166000 0.061900 0.084600 0.073300 0.102800 0.090200 0.102800 0.181700 0.062100 0.110700 0.084600 0.084800 0.099300 0.073200 0.000000 0.104800 0.197700 0.188100 0.084500 0.179000 0.175700 0.108000 0.087100 0.104500 0.062000 0.092900 0.114100 0.105700 0.108500
KirksDik 0.078500 0.214800 0.114400 0.223200 0.096000 0.081300 0.078900 0.056200 0.111700 0.188300 0.072900 0.096000 0.087200 0.073500 0.084300 0.047800 0.119400 0.132000 0.098800 0.117600 0.050500 0.084100 0.185700 0.162800 0.067200 0.047900 0.081500 0.111700 0.050600 0.111700 0.178400 0.073200 0.122100 0.092900 0.096300 0.110800 0.078600 0.104800 0.000000 0.184600 0.178300 0.056100 0.178900 0.166000 0.119700 0.098400 0.064200 0.067500 0.081500 0.117100 0.114700 0.117500
RoeDeer 0.168700 0.245100 0.159600 0.248000 0.185200 0.165600 0.156600 0.153000 0.156800 0.081900 0.156300 0.143500 0.169400 0.159700 0.159300 0.161900 0.146800 0.156400 0.165600 0.162900 0.177800 0.162400 0.087700 0.058900 0.153100 0.165500 0.156700 0.156800 0.164900 0.156800 0.073200 0.156400 0.140500 0.163000 0.175700 0.150300 0.162700 0.197700 0.184600 0.000000 0.078600 0.171500 0.073400 0.061700 0.159500 0.164900 0.177900 0.165900 0.193900 0.146900 0.156800 0.162800
WhiteLippe 0.165600 0.242300 0.156500 0.241100 0.175600 0.162500 0.162900 0.156200 0.153700 0.048100 0.153300 0.134400 0.159900 0.159800 0.156300 0.152600 0.131500 0.162700 0.172100 0.159800 0.168500 0.165700 0.029000 0.053500 0.150100 0.162400 0.159900 0.153700 0.161900 0.153700 0.045300 0.156500 0.131400 0.166300 0.166500 0.141000 0.159600 0.188100 0.178300 0.078600 0.000000 0.168400 0.045400 0.061800 0.150200 0.168000 0.184300 0.150400 0.187500 0.147100 0.153700 0.159700
ThomsonGaz 0.070000 0.228200 0.099700 0.223200 0.070300 0.067300 0.059200 0.037100 0.097000 0.168800 0.058900 0.076000 0.075800 0.056700 0.067300 0.018300 0.104700 0.117100 0.081600 0.102700 0.031600 0.070000 0.169300 0.146900 0.053400 0.010400 0.070200 0.096900 0.026200 0.097000 0.162200 0.059200 0.113200 0.075800 0.081900 0.096200 0.064600 0.084500 0.056100 0.171500 0.168400 0.000000 0.159500 0.150200 0.104900 0.084100 0.056000 0.059100 0.073100 0.108200 0.099900 0.102700
MuntiacusC 0.159900 0.228900 0.147700 0.238800 0.166600 0.156800 0.154000 0.150500 0.144900 0.012600 0.147600 0.128800 0.154200 0.147800 0.150600 0.153100 0.138000 0.156900 0.166300 0.151000 0.162700 0.159900 0.054000 0.053600 0.144400 0.156700 0.154200 0.144900 0.162400 0.145000 0.010100 0.150800 0.125800 0.160500 0.173200 0.135400 0.153900 0.179000 0.178900 0.073400 0.045400 0.159500 0.000000 0.059200 0.144500 0.172300 0.184900 0.150800 0.185000 0.141400 0.144900 0.150900
WhiteTaile 0.147300 0.225700 0.144500 0.227800 0.163500 0.144300 0.150800 0.144200 0.135600 0.067500 0.141400 0.122700 0.154000 0.147800 0.144400 0.140800 0.125800 0.144600 0.150500 0.141600 0.156300 0.147400 0.070600 0.018300 0.138200 0.141100 0.154000 0.135600 0.149900 0.141800 0.059000 0.144500 0.119700 0.160200 0.157300 0.123200 0.147600 0.175700 0.166000 0.061700 0.061800 0.150200 0.059200 0.000000 0.132100 0.162200 0.172100 0.144600 0.178400 0.129200 0.135600 0.141600
Cattle 0.090200 0.191900 0.067800 0.210300 0.102200 0.087300 0.084800 0.087600 0.059500 0.150500 0.084500 0.042500 0.096200 0.082300 0.087400 0.096000 0.079000 0.099300 0.093500 0.065000 0.104700 0.090200 0.151000 0.129000 0.081600 0.099200 0.096200 0.059500 0.104700 0.065100 0.144100 0.079000 0.084200 0.104900 0.102500 0.007800 0.090400 0.108000 0.119700 0.159500 0.150200 0.104900 0.144500 0.132100 0.000000 0.113400 0.119300 0.073200 0.108000 0.087800 0.062300 0.065000
RoyalAntel 0.075400 0.234200 0.096400 0.232200 0.081400 0.072700 0.059000 0.072800 0.093700 0.175200 0.064300 0.084300 0.075600 0.062000 0.058800 0.069900 0.110100 0.122700 0.084200 0.099500 0.083900 0.075400 0.175300 0.158900 0.064300 0.078500 0.064400 0.093700 0.078300 0.093700 0.171700 0.058900 0.121800 0.070000 0.081600 0.104700 0.070000 0.087100 0.098400 0.164900 0.168000 0.084100 0.172300 0.162200 0.113400 0.000000 0.092400 0.058900 0.084100 0.102100 0.096600 0.099400
Steenbok 0.083900 0.230900 0.108100 0.235700 0.095700 0.081100 0.078700 0.050600 0.105400 0.194400 0.072700 0.095700 0.087000 0.076200 0.078400 0.047800 0.125000 0.131600 0.092700 0.111200 0.055900 0.083900 0.191800 0.168800 0.067000 0.047200 0.075600 0.105400 0.050500 0.105400 0.184300 0.072900 0.127600 0.087100 0.096000 0.110500 0.078400 0.104500 0.064200 0.177900 0.184300 0.056000 0.184900 0.172100 0.119300 0.092400 0.000000 0.072900 0.081400 0.116700 0.108300 0.111200
Impala 0.045200 0.195200 0.071000 0.203200 0.048100 0.042500 0.037300 0.048100 0.068300 0.160000 0.034400 0.056500 0.045300 0.034700 0.037100 0.050700 0.081700 0.090700 0.059200 0.073900 0.059000 0.045200 0.151200 0.141400 0.034400 0.053600 0.045400 0.068300 0.059000 0.068300 0.150400 0.031800 0.087300 0.056300 0.051100 0.064800 0.039900 0.062000 0.067500 0.165900 0.150400 0.059100 0.150800 0.144600 0.073200 0.058900 0.072900 0.000000 0.048100 0.079400 0.071100 0.073900
Klipspring 0.061800 0.217600 0.099500 0.219000 0.073200 0.059000 0.056500 0.067200 0.096800 0.194400 0.050700 0.081500 0.067500 0.056500 0.067400 0.070100 0.095800 0.116800 0.075800 0.102500 0.078500 0.061800 0.188600 0.175100 0.050700 0.067500 0.067500 0.096700 0.078600 0.096800 0.184400 0.050900 0.119300 0.078700 0.078900 0.099300 0.056300 0.092900 0.081500 0.193900 0.187500 0.073100 0.185000 0.178400 0.108000 0.084100 0.081400 0.048100 0.000000 0.105100 0.099700 0.102500
ForestMusk 0.093400 0.181900 0.076600 0.183600 0.102700 0.090600 0.079500 0.096200 0.068200 0.150400 0.087800 0.064800 0.099500 0.079200 0.082100 0.099200 0.078900 0.079400 0.102200 0.073800 0.108000 0.093400 0.147900 0.126100 0.084900 0.102400 0.093700 0.068200 0.108000 0.073900 0.141000 0.073600 0.084700 0.099500 0.105600 0.079300 0.093700 0.114100 0.117100 0.146900 0.147100 0.108200 0.141400 0.129200 0.087800 0.102100 0.116700 0.079400 0.105100 0.000000 0.071100 0.073800
Bushbuck 0.085200 0.205800 0.021000 0.201400 0.094300 0.082300 0.076900 0.087900 0.005100 0.154000 0.079500 0.045500 0.091200 0.074100 0.073800 0.091000 0.087900 0.094200 0.093900 0.007800 0.099700 0.085200 0.154600 0.132500 0.076600 0.094100 0.085400 0.002500 0.099700 0.007600 0.144500 0.071100 0.085000 0.094000 0.097200 0.054000 0.085300 0.105700 0.114700 0.156800 0.153700 0.099900 0.144900 0.135600 0.062300 0.096600 0.108300 0.071100 0.099700 0.071100 0.000000 0.007600
GreaterKud 0.087900 0.208700 0.017600 0.204300 0.097100 0.085100 0.079700 0.090700 0.007600 0.160100 0.082300 0.042700 0.094000 0.076800 0.076600 0.093800 0.090600 0.091200 0.096700 0.010200 0.102500 0.087900 0.160600 0.138400 0.079400 0.096900 0.088200 0.005100 0.102500 0.010400 0.150500 0.073900 0.090700 0.096800 0.100000 0.056700 0.088100 0.108500 0.117500 0.162800 0.159700 0.102700 0.150900 0.141600 0.065000 0.099400 0.111200 0.073900 0.102500 0.073800 0.007600 0.000000
