1
52 1
Argali 0.000000 0.175000 0.068700 0.193500 0.054600 0.022300 0.059400 0.045100 0.049900 0.087400 0.008900 0.054100 0.040600 0.049900 0.068500 0.064500 0.079000 0.078800 0.036000 0.049900 0.040500 0.040600 0.077000 0.082600 0.008900 0.054600 0.027000 0.054600 0.054600 0.054600 0.082900 0.054500 0.078300 0.031300 0.049900 0.049700 0.022400 0.059500 0.063700 0.053000 0.081900 0.054500 0.082300 0.097900 0.054300 0.064300 0.054600 0.068900 0.073400 0.092900 0.049900 0.068800
LesserMous 0.175000 0.000000 0.190800 0.216200 0.169600 0.158800 0.174600 0.168800 0.169100 0.196400 0.175200 0.189300 0.174500 0.163900 0.163600 0.170000 0.154900 0.154500 0.169400 0.169100 0.163600 0.169300 0.183800 0.181400 0.175100 0.180400 0.159100 0.174600 0.180300 0.174600 0.191900 0.174600 0.164100 0.163500 0.174500 0.195500 0.148500 0.175500 0.179400 0.157200 0.189300 0.180100 0.190300 0.197500 0.190000 0.192000 0.148300 0.186100 0.202100 0.180300 0.169100 0.180400
LesserKudu 0.068700 0.190800 0.000000 0.181900 0.068700 0.054500 0.064100 0.049700 0.017600 0.100800 0.068800 0.058600 0.054400 0.073400 0.082700 0.078800 0.087700 0.087500 0.049900 0.017200 0.054400 0.054500 0.090200 0.087100 0.068800 0.059300 0.040700 0.012900 0.068700 0.012900 0.096300 0.059100 0.068700 0.054300 0.068600 0.054100 0.064300 0.073800 0.077900 0.072000 0.095100 0.059200 0.095600 0.092500 0.049500 0.069100 0.068700 0.083200 0.087800 0.092800 0.017600 0.035500
KillerWhal 0.193500 0.216200 0.181900 0.000000 0.188100 0.182400 0.182800 0.180500 0.170800 0.203100 0.199400 0.202500 0.181800 0.187300 0.180700 0.210700 0.171100 0.170700 0.176900 0.170800 0.186100 0.187600 0.190100 0.210100 0.188300 0.191000 0.177200 0.176300 0.203300 0.176300 0.198400 0.181800 0.164400 0.181600 0.193000 0.197600 0.183600 0.194300 0.202500 0.178000 0.195700 0.192100 0.196800 0.203900 0.192100 0.189100 0.181400 0.205200 0.221300 0.185400 0.170800 0.176700
DefassaWat 0.054600 0.169600 0.068700 0.188100 0.000000 0.040500 0.050000 0.045100 0.049900 0.097300 0.054700 0.063400 0.049800 0.059200 0.059000 0.064500 0.079000 0.078700 0.045200 0.049900 0.040500 0.040600 0.086700 0.092400 0.054500 0.054600 0.036100 0.054600 0.045300 0.054600 0.092800 0.054500 0.078300 0.040400 0.049900 0.068300 0.040800 0.004400 0.063700 0.062700 0.091600 0.054500 0.092100 0.107900 0.063600 0.045500 0.045300 0.050000 0.054500 0.092900 0.049900 0.059400
Sheep 0.022300 0.158800 0.054500 0.182400 0.040500 0.000000 0.045300 0.031300 0.036000 0.082400 0.022300 0.049400 0.026800 0.045200 0.054300 0.050300 0.064500 0.064300 0.022300 0.036000 0.026800 0.026900 0.072100 0.077600 0.022200 0.040600 0.013400 0.040600 0.040600 0.040600 0.077900 0.040500 0.064000 0.017800 0.036000 0.054200 0.017900 0.045400 0.049700 0.048300 0.077000 0.040600 0.077300 0.092900 0.049600 0.050100 0.040600 0.054700 0.059200 0.078300 0.036000 0.054600
MaxwellsDu 0.059400 0.174600 0.064100 0.182800 0.050000 0.045300 0.000000 0.040600 0.054600 0.102500 0.059500 0.068200 0.054600 0.045100 0.073300 0.069400 0.084000 0.083700 0.040700 0.054600 0.045200 0.045300 0.091800 0.097600 0.059500 0.050100 0.040800 0.059400 0.059400 0.059400 0.098000 0.035900 0.073700 0.045100 0.064100 0.073200 0.054900 0.054900 0.068500 0.067600 0.096700 0.050000 0.097200 0.103000 0.068500 0.050200 0.059300 0.068500 0.078300 0.097900 0.054600 0.073700
GazellaPrz 0.045100 0.168800 0.049700 0.180500 0.045100 0.031300 0.040600 0.000000 0.040400 0.086800 0.045100 0.053900 0.040400 0.049600 0.049500 0.045400 0.069000 0.068800 0.026800 0.040400 0.022200 0.040400 0.071800 0.082100 0.045100 0.026800 0.026800 0.045100 0.035900 0.045100 0.082400 0.044300 0.059100 0.031200 0.049700 0.058700 0.040700 0.049900 0.044900 0.052800 0.076600 0.026800 0.081800 0.087300 0.054100 0.045300 0.035900 0.059100 0.063600 0.082800 0.040400 0.059100
MountainNy 0.049900 0.169100 0.017600 0.170800 0.049900 0.036000 0.054600 0.040400 0.000000 0.080800 0.049900 0.040200 0.045100 0.054400 0.063700 0.059700 0.068200 0.068000 0.040600 0.000000 0.035900 0.045200 0.070500 0.082200 0.049900 0.049900 0.031500 0.004300 0.049800 0.004300 0.076200 0.049800 0.059200 0.035800 0.049800 0.035700 0.045400 0.054800 0.058900 0.052700 0.075400 0.049800 0.075700 0.097500 0.031200 0.059500 0.049800 0.064100 0.068600 0.073400 0.000000 0.017600
MuntiacusM 0.087400 0.196400 0.100800 0.203100 0.097300 0.082400 0.102500 0.086800 0.080800 0.000000 0.087500 0.104400 0.092100 0.102100 0.106700 0.103100 0.087500 0.087200 0.087200 0.080800 0.082100 0.082200 0.031000 0.068800 0.087500 0.092100 0.077700 0.085800 0.087400 0.085800 0.017600 0.097100 0.081700 0.072300 0.087200 0.095400 0.092700 0.102500 0.106600 0.045100 0.026500 0.092200 0.008700 0.083500 0.090400 0.092600 0.087200 0.112600 0.106700 0.086700 0.080800 0.090900
goat 0.008900 0.175200 0.068800 0.199400 0.054700 0.022300 0.059500 0.045100 0.049900 0.087500 0.000000 0.063500 0.040600 0.059300 0.068600 0.064600 0.079100 0.078900 0.036100 0.049900 0.040600 0.040700 0.077200 0.082700 0.008900 0.054700 0.027000 0.054700 0.054700 0.054700 0.083000 0.054600 0.078400 0.031400 0.050000 0.059000 0.022400 0.059600 0.063800 0.053100 0.081900 0.054600 0.082400 0.098000 0.063700 0.064400 0.054600 0.069000 0.073500 0.093000 0.049900 0.068900
AfricanBuf 0.054100 0.189300 0.058600 0.202500 0.063400 0.049400 0.068200 0.053900 0.040200 0.104400 0.063500 0.000000 0.058600 0.058700 0.077300 0.073400 0.087800 0.087600 0.054000 0.040200 0.049300 0.058700 0.103800 0.098900 0.063500 0.063400 0.044900 0.044800 0.063400 0.044800 0.110100 0.054000 0.077600 0.040100 0.068000 0.022000 0.059000 0.068300 0.072500 0.075500 0.098800 0.063300 0.099100 0.114700 0.017600 0.073100 0.054100 0.082100 0.082200 0.101700 0.040200 0.058700
Topi 0.040600 0.174500 0.054400 0.181800 0.049800 0.026800 0.054600 0.040400 0.045100 0.092100 0.040600 0.058600 0.000000 0.054400 0.063600 0.054800 0.073900 0.073700 0.031400 0.045100 0.035800 0.026800 0.081700 0.077500 0.040600 0.049800 0.013300 0.040500 0.049800 0.040500 0.087700 0.049700 0.073300 0.026700 0.045100 0.063400 0.036100 0.054700 0.058900 0.057800 0.086600 0.049700 0.087000 0.092500 0.058800 0.059400 0.049700 0.063900 0.059000 0.078100 0.045100 0.063900
CommonDuik 0.049900 0.163900 0.073400 0.187300 0.059200 0.045200 0.045100 0.049600 0.054400 0.102100 0.059300 0.058700 0.054400 0.000000 0.073100 0.069100 0.083700 0.083400 0.049800 0.054400 0.045000 0.054400 0.091500 0.087300 0.059300 0.059200 0.040600 0.059200 0.059200 0.059200 0.097600 0.040400 0.083000 0.045000 0.063800 0.063500 0.054800 0.064100 0.068300 0.067400 0.096300 0.059100 0.096900 0.112600 0.058900 0.068900 0.059100 0.077900 0.078100 0.097600 0.054400 0.073500
Suni 0.068500 0.163600 0.082700 0.180700 0.059000 0.054300 0.073300 0.049500 0.063700 0.106700 0.068600 0.077300 0.063600 0.073100 0.000000 0.069000 0.073800 0.072900 0.059000 0.063700 0.044900 0.063700 0.096000 0.101800 0.068500 0.059100 0.049800 0.068400 0.049700 0.068400 0.102300 0.068300 0.082800 0.054100 0.073100 0.082300 0.054600 0.064000 0.063500 0.071900 0.101000 0.059000 0.101500 0.117300 0.077500 0.078300 0.049700 0.073400 0.087400 0.097300 0.063700 0.073300
Springbuck 0.064500 0.170000 0.078800 0.210700 0.064500 0.050300 0.069400 0.045400 0.059700 0.103100 0.064600 0.073400 0.054800 0.069100 0.069000 0.000000 0.089300 0.089100 0.054900 0.059700 0.031600 0.059700 0.092300 0.103000 0.064600 0.036200 0.045700 0.064400 0.027000 0.064400 0.098500 0.064400 0.088600 0.050100 0.069200 0.078400 0.050300 0.069500 0.064200 0.072700 0.097300 0.036100 0.097800 0.118600 0.073600 0.074300 0.055000 0.079000 0.083600 0.098400 0.059700 0.079000
Okapi 0.079000 0.154900 0.087700 0.171100 0.079000 0.064500 0.084000 0.069000 0.068200 0.087500 0.079100 0.087800 0.073900 0.083700 0.073800 0.089300 0.000000 0.036200 0.069200 0.068200 0.064300 0.069200 0.081900 0.087600 0.079100 0.078900 0.059800 0.073100 0.078900 0.073100 0.083000 0.078800 0.064200 0.064200 0.074000 0.093000 0.074500 0.084200 0.083300 0.057900 0.086800 0.078800 0.082300 0.097800 0.088200 0.084200 0.069300 0.093800 0.098400 0.078400 0.068200 0.087900
Giraffe 0.078800 0.154500 0.087500 0.170700 0.078700 0.064300 0.083700 0.068800 0.068000 0.087200 0.078900 0.087600 0.073700 0.083400 0.072900 0.089100 0.036200 0.000000 0.069100 0.068000 0.064100 0.069000 0.081700 0.087300 0.078800 0.078700 0.059700 0.072900 0.078700 0.072900 0.082700 0.078600 0.054600 0.064100 0.073800 0.092700 0.074300 0.074200 0.083100 0.057700 0.086500 0.078600 0.082100 0.102600 0.087900 0.083900 0.069100 0.093500 0.098100 0.073500 0.068000 0.087600
TibetanAnt 0.036000 0.169400 0.049900 0.176900 0.045200 0.022300 0.040700 0.026800 0.040600 0.087200 0.036100 0.054000 0.031400 0.049800 0.059000 0.054900 0.069200 0.069100 0.000000 0.040600 0.031300 0.031400 0.076800 0.082300 0.036100 0.036000 0.017900 0.045200 0.045200 0.045200 0.082700 0.045100 0.059300 0.022300 0.040600 0.058900 0.031600 0.050000 0.054300 0.052900 0.081600 0.036000 0.082000 0.087800 0.054200 0.045400 0.045200 0.059300 0.063800 0.083000 0.040600 0.059300
Sitatunga 0.049900 0.169100 0.017200 0.170800 0.049900 0.036000 0.054600 0.040400 0.000000 0.080800 0.049900 0.040200 0.045100 0.054400 0.063700 0.059700 0.068200 0.068000 0.040600 0.000000 0.035900 0.045200 0.070500 0.082200 0.049900 0.049900 0.031500 0.004300 0.049800 0.004300 0.076200 0.049800 0.059200 0.035800 0.049800 0.035700 0.045400 0.054800 0.058900 0.052700 0.075400 0.049800 0.075700 0.097500 0.031200 0.059500 0.049800 0.064100 0.068600 0.073400 0.000000 0.017600
Oribi 0.040500 0.163600 0.054400 0.186100 0.040500 0.026800 0.045200 0.022200 0.035900 0.082100 0.040600 0.049300 0.035800 0.045000 0.044900 0.031600 0.064300 0.064100 0.031300 0.035900 0.000000 0.035900 0.071800 0.077400 0.040500 0.031400 0.017800 0.040500 0.022300 0.040500 0.077600 0.040400 0.063800 0.026700 0.045100 0.054100 0.036100 0.040700 0.040300 0.048200 0.076600 0.031300 0.077000 0.092300 0.049500 0.049900 0.031300 0.054500 0.059000 0.078100 0.035900 0.054500
BarbaryShe 0.040600 0.169300 0.054500 0.187600 0.040600 0.026900 0.045300 0.040400 0.045200 0.082200 0.040700 0.058700 0.026800 0.054400 0.063700 0.059700 0.069200 0.069000 0.031400 0.045200 0.035900 0.000000 0.081600 0.077500 0.040700 0.049900 0.013400 0.040600 0.049800 0.040600 0.077700 0.049800 0.073400 0.026800 0.045200 0.063500 0.036200 0.045400 0.049600 0.057700 0.086500 0.049800 0.077100 0.092600 0.058900 0.040700 0.049800 0.054600 0.068600 0.078200 0.045200 0.064000
Daviddeer 0.077000 0.183800 0.090200 0.190100 0.086700 0.072100 0.091800 0.071800 0.070500 0.031000 0.077200 0.103800 0.081700 0.091500 0.096000 0.092300 0.081900 0.081700 0.076800 0.070500 0.071800 0.081600 0.000000 0.058900 0.077100 0.081700 0.067400 0.075400 0.077000 0.075400 0.022100 0.086600 0.071500 0.071800 0.072100 0.094800 0.082200 0.091900 0.095900 0.031100 0.004300 0.081700 0.022000 0.073300 0.089900 0.091900 0.076800 0.101700 0.096000 0.086100 0.070500 0.080400
Reindeer 0.082600 0.181400 0.087100 0.210100 0.092400 0.077600 0.097600 0.082100 0.082200 0.068800 0.082700 0.098900 0.077500 0.087300 0.101800 0.103000 0.087600 0.087300 0.082300 0.082200 0.077400 0.077500 0.058900 0.000000 0.082700 0.092100 0.063200 0.077300 0.087300 0.077300 0.064500 0.087300 0.086800 0.072500 0.087300 0.101600 0.087900 0.097600 0.101800 0.026800 0.058900 0.092100 0.059200 0.031400 0.096700 0.102800 0.082400 0.107600 0.112300 0.111800 0.082200 0.102200
Ibex 0.008900 0.175100 0.068800 0.188300 0.054500 0.022200 0.059500 0.045100 0.049900 0.087500 0.008900 0.063500 0.040600 0.059300 0.068500 0.064600 0.079100 0.078800 0.036100 0.049900 0.040500 0.040700 0.077100 0.082700 0.000000 0.054700 0.027000 0.054600 0.054600 0.054600 0.083000 0.054500 0.078400 0.031400 0.050000 0.059000 0.022400 0.059600 0.063800 0.053200 0.082000 0.054600 0.082400 0.098100 0.063700 0.054900 0.054600 0.069000 0.073500 0.093000 0.049900 0.068900
GyrantGaze 0.054600 0.180400 0.059300 0.191000 0.054600 0.040600 0.050100 0.026800 0.049900 0.092100 0.054700 0.063400 0.049800 0.059200 0.059100 0.036200 0.078900 0.078700 0.036000 0.049900 0.031400 0.049900 0.081700 0.092100 0.054700 0.000000 0.036100 0.054500 0.026800 0.054500 0.087600 0.054500 0.068800 0.040500 0.059200 0.068400 0.050200 0.059500 0.054400 0.062300 0.086500 0.000000 0.087000 0.097400 0.063700 0.054800 0.045300 0.068900 0.073400 0.092800 0.049900 0.068800
Hartebeest 0.027000 0.159100 0.040700 0.177200 0.036100 0.013400 0.040800 0.026800 0.031500 0.077700 0.027000 0.044900 0.013300 0.040600 0.049800 0.045700 0.059800 0.059700 0.017900 0.031500 0.017800 0.013400 0.067400 0.063200 0.027000 0.036100 0.000000 0.026900 0.036100 0.026900 0.073100 0.036000 0.059400 0.013300 0.031500 0.049700 0.022500 0.045300 0.045100 0.043600 0.072300 0.036000 0.072600 0.078000 0.045100 0.045500 0.036000 0.050100 0.054600 0.073600 0.031500 0.050000
Bongo 0.054600 0.174600 0.012900 0.176300 0.054600 0.040600 0.059400 0.045100 0.004300 0.085800 0.054700 0.044800 0.040500 0.059200 0.068400 0.064400 0.073100 0.072900 0.045200 0.004300 0.040500 0.040600 0.075400 0.077300 0.054600 0.054500 0.026900 0.000000 0.054500 0.000000 0.081300 0.054500 0.063900 0.040400 0.054500 0.040300 0.050100 0.059500 0.063700 0.057500 0.080300 0.054500 0.080700 0.092500 0.035800 0.064300 0.054500 0.068800 0.073400 0.078200 0.004400 0.022000
Gerenuk 0.054600 0.180300 0.068700 0.203300 0.045300 0.040600 0.059400 0.035900 0.049800 0.087400 0.054700 0.063400 0.049800 0.059200 0.049700 0.027000 0.078900 0.078700 0.045200 0.049800 0.022300 0.049800 0.077000 0.087300 0.054600 0.026800 0.036100 0.054500 0.000000 0.054500 0.082900 0.054500 0.078300 0.040400 0.049900 0.068300 0.050100 0.050100 0.054400 0.057800 0.081800 0.026800 0.082300 0.102500 0.063600 0.064200 0.045200 0.068800 0.073400 0.092800 0.049800 0.068800
CommonElan 0.054600 0.174600 0.012900 0.176300 0.054600 0.040600 0.059400 0.045100 0.004300 0.085800 0.054700 0.044800 0.040500 0.059200 0.068400 0.064400 0.073100 0.072900 0.045200 0.004300 0.040500 0.040600 0.075400 0.077300 0.054600 0.054500 0.026900 0.000000 0.054500 0.000000 0.081300 0.054500 0.063900 0.040400 0.054500 0.040300 0.050100 0.059500 0.063700 0.057500 0.080300 0.054500 0.080700 0.092500 0.035800 0.064300 0.054500 0.068800 0.073400 0.078200 0.004300 0.022000
MuntiacusR 0.082900 0.191900 0.096300 0.198400 0.092800 0.077900 0.098000 0.082400 0.076200 0.017600 0.083000 0.110100 0.087700 0.097600 0.102300 0.098500 0.083000 0.082700 0.082700 0.076200 0.077600 0.077700 0.022100 0.064500 0.083000 0.087600 0.073100 0.081300 0.082900 0.081300 0.000000 0.092600 0.077200 0.077600 0.082700 0.101000 0.088200 0.098000 0.102100 0.036100 0.026600 0.087700 0.008800 0.079100 0.095900 0.088100 0.082700 0.108100 0.102300 0.082300 0.076200 0.086300
HarveysDui 0.054500 0.174600 0.059100 0.181800 0.054500 0.040500 0.035900 0.044300 0.049800 0.097100 0.054600 0.054000 0.049700 0.040400 0.068300 0.064400 0.078800 0.078600 0.045100 0.049800 0.040400 0.049800 0.086600 0.087300 0.054500 0.054500 0.036000 0.054500 0.054500 0.054500 0.092600 0.000000 0.078100 0.040400 0.059100 0.058800 0.050000 0.059400 0.063600 0.062500 0.091400 0.054400 0.091900 0.102400 0.054200 0.064100 0.054400 0.073100 0.073300 0.092700 0.049800 0.068700
Pronghorn 0.078300 0.164100 0.068700 0.164400 0.078300 0.064000 0.073700 0.059100 0.059200 0.081700 0.078400 0.077600 0.073300 0.083000 0.082800 0.088600 0.064200 0.054600 0.059300 0.059200 0.063800 0.073400 0.071500 0.086800 0.078400 0.068800 0.059400 0.063900 0.078300 0.063900 0.077200 0.078100 0.000000 0.063700 0.073400 0.082600 0.073900 0.083500 0.087500 0.057300 0.076300 0.068700 0.076700 0.092200 0.077800 0.078700 0.059300 0.093000 0.097600 0.068300 0.059200 0.078300
BlueWildeb 0.031300 0.163500 0.054300 0.181600 0.040400 0.017800 0.045100 0.031200 0.035800 0.072300 0.031400 0.040100 0.026700 0.045000 0.054100 0.050100 0.064200 0.064100 0.022300 0.035800 0.026700 0.026800 0.071800 0.072500 0.031400 0.040500 0.013300 0.040400 0.040400 0.040400 0.077600 0.040400 0.063700 0.000000 0.035900 0.044800 0.026900 0.045200 0.049500 0.048100 0.067000 0.040400 0.067300 0.087400 0.040200 0.049900 0.040400 0.054400 0.058900 0.077900 0.035800 0.054400
Gemsbok 0.049900 0.174500 0.068600 0.193000 0.049900 0.036000 0.064100 0.049700 0.049800 0.087200 0.050000 0.068000 0.045100 0.063800 0.073100 0.069200 0.074000 0.073800 0.040600 0.049800 0.045100 0.045200 0.072100 0.087300 0.050000 0.059200 0.031500 0.054500 0.049900 0.054500 0.082700 0.059100 0.073400 0.035900 0.000000 0.073000 0.045500 0.054800 0.063600 0.057700 0.076900 0.059100 0.082100 0.102600 0.068300 0.069000 0.059200 0.073600 0.078100 0.087800 0.049800 0.068700
Yak 0.049700 0.195500 0.054100 0.197600 0.068300 0.054200 0.073200 0.058700 0.035700 0.095400 0.059000 0.022000 0.063400 0.063500 0.082300 0.078400 0.093000 0.092700 0.058900 0.035700 0.054100 0.063500 0.094800 0.101600 0.059000 0.068400 0.049700 0.040300 0.068300 0.040300 0.101000 0.058800 0.082600 0.044800 0.073000 0.000000 0.054500 0.073300 0.077500 0.076600 0.089900 0.068200 0.090200 0.117100 0.004400 0.078100 0.068200 0.082700 0.087300 0.097100 0.035700 0.054200
BlueSheep 0.022400 0.148500 0.064300 0.183600 0.040800 0.017900 0.054900 0.040700 0.045400 0.092700 0.022400 0.059000 0.036100 0.054800 0.054600 0.050300 0.074500 0.074300 0.031600 0.045400 0.036100 0.036200 0.082200 0.087900 0.022400 0.050200 0.022500 0.050100 0.050100 0.050100 0.088200 0.050000 0.073900 0.026900 0.045500 0.054500 0.000000 0.045700 0.059300 0.058000 0.087100 0.050100 0.087500 0.103300 0.059200 0.059800 0.040800 0.055000 0.069000 0.088400 0.045400 0.054900
BohorReedb 0.059500 0.175500 0.073800 0.194300 0.004400 0.045400 0.054900 0.049900 0.054800 0.102500 0.059600 0.068300 0.054700 0.064100 0.064000 0.069500 0.084200 0.074200 0.050000 0.054800 0.040700 0.045400 0.091900 0.097600 0.059600 0.059500 0.045300 0.059500 0.050100 0.059500 0.098000 0.059400 0.083500 0.045200 0.054800 0.073300 0.045700 0.000000 0.068700 0.067500 0.096700 0.059400 0.097300 0.113200 0.068600 0.050300 0.050100 0.054900 0.059400 0.098200 0.054800 0.064400
KirksDik 0.063700 0.179400 0.077900 0.202500 0.063700 0.049700 0.068500 0.044900 0.058900 0.106600 0.063800 0.072500 0.058900 0.068300 0.063500 0.064200 0.083300 0.083100 0.054300 0.058900 0.040300 0.049600 0.095900 0.101800 0.063800 0.054400 0.045100 0.063700 0.054400 0.063700 0.102100 0.063600 0.087500 0.049500 0.063600 0.077500 0.059300 0.068700 0.000000 0.071900 0.100800 0.054300 0.101400 0.117200 0.072800 0.063900 0.054300 0.078000 0.073000 0.102200 0.058900 0.078000
RoeDeer 0.053000 0.157200 0.072000 0.178000 0.062700 0.048300 0.067600 0.052800 0.052700 0.045100 0.053100 0.075500 0.057800 0.067400 0.071900 0.072700 0.057900 0.057700 0.052900 0.052700 0.048200 0.057700 0.031100 0.026800 0.053200 0.062300 0.043600 0.057500 0.057800 0.057500 0.036100 0.062500 0.057300 0.048100 0.057700 0.076600 0.058000 0.067500 0.071900 0.000000 0.035600 0.062500 0.035800 0.040600 0.071700 0.072500 0.053100 0.077300 0.081900 0.081500 0.052700 0.072100
WhiteLippe 0.081900 0.189300 0.095100 0.195700 0.091600 0.077000 0.096700 0.076600 0.075400 0.026500 0.081900 0.098800 0.086600 0.096300 0.101000 0.097300 0.086800 0.086500 0.081600 0.075400 0.076600 0.086500 0.004300 0.058900 0.082000 0.086500 0.072300 0.080300 0.081800 0.080300 0.026600 0.091400 0.076300 0.067000 0.076900 0.089900 0.087100 0.096700 0.100800 0.035600 0.000000 0.086600 0.017500 0.073200 0.084900 0.096800 0.081700 0.106700 0.100900 0.090900 0.075400 0.085300
ThomsonGaz 0.054500 0.180100 0.059200 0.192100 0.054500 0.040600 0.050000 0.026800 0.049800 0.092200 0.054600 0.063300 0.049700 0.059100 0.059000 0.036100 0.078800 0.078600 0.036000 0.049800 0.031300 0.049800 0.081700 0.092100 0.054600 0.000000 0.036000 0.054500 0.026800 0.054500 0.087700 0.054400 0.068700 0.040400 0.059100 0.068200 0.050100 0.059400 0.054300 0.062500 0.086600 0.000000 0.087000 0.097400 0.063600 0.054800 0.045200 0.068800 0.073300 0.092700 0.049800 0.068700
MuntiacusC 0.082300 0.190300 0.095600 0.196800 0.092100 0.077300 0.097200 0.081800 0.075700 0.008700 0.082400 0.099100 0.087000 0.096900 0.101500 0.097800 0.082300 0.082100 0.082000 0.075700 0.077000 0.077100 0.022000 0.059200 0.082400 0.087000 0.072600 0.080700 0.082300 0.080700 0.008800 0.091900 0.076700 0.067300 0.082100 0.090200 0.087500 0.097300 0.101400 0.035800 0.017500 0.087000 0.000000 0.073700 0.085200 0.087400 0.082100 0.107300 0.101500 0.081600 0.075700 0.085700
WhiteTaile 0.097900 0.197500 0.092500 0.203900 0.107900 0.092900 0.103000 0.087300 0.097500 0.083500 0.098000 0.114700 0.092500 0.112600 0.117300 0.118600 0.097800 0.102600 0.087800 0.097500 0.092300 0.092600 0.073300 0.031400 0.098100 0.097400 0.078000 0.092500 0.102500 0.092500 0.079100 0.102400 0.092200 0.087400 0.102600 0.117100 0.103300 0.113200 0.117200 0.040600 0.073200 0.097400 0.073700 0.000000 0.112100 0.108300 0.097600 0.123300 0.128000 0.127300 0.097500 0.117900
Cattle 0.054300 0.190000 0.049500 0.192100 0.063600 0.049600 0.068500 0.054100 0.031200 0.090400 0.063700 0.017600 0.058800 0.058900 0.077500 0.073600 0.088200 0.087900 0.054200 0.031200 0.049500 0.058900 0.089900 0.096700 0.063700 0.063700 0.045100 0.035800 0.063600 0.035800 0.095900 0.054200 0.077800 0.040200 0.068300 0.004400 0.059200 0.068600 0.072800 0.071700 0.084900 0.063600 0.085200 0.112100 0.000000 0.073400 0.063600 0.078000 0.082500 0.092300 0.031200 0.049600
RoyalAntel 0.064300 0.192000 0.069100 0.189100 0.045500 0.050100 0.050200 0.045300 0.059500 0.092600 0.064400 0.073100 0.059400 0.068900 0.078300 0.074300 0.084200 0.083900 0.045400 0.059500 0.049900 0.040700 0.091900 0.102800 0.054900 0.054800 0.045500 0.064300 0.064200 0.064300 0.088100 0.064100 0.078700 0.049900 0.069000 0.078100 0.059800 0.050300 0.063900 0.072500 0.096800 0.054800 0.087400 0.108300 0.073400 0.000000 0.064200 0.069200 0.059400 0.093300 0.059500 0.078800
Steenbok 0.054600 0.148300 0.068700 0.181400 0.045300 0.040600 0.059300 0.035900 0.049800 0.087200 0.054600 0.054100 0.049700 0.059100 0.049700 0.055000 0.069300 0.069100 0.045200 0.049800 0.031300 0.049800 0.076800 0.082400 0.054600 0.045300 0.036000 0.054500 0.045200 0.054500 0.082700 0.054400 0.059300 0.040400 0.059200 0.068200 0.040800 0.050100 0.054300 0.053100 0.081700 0.045200 0.082100 0.097600 0.063600 0.064200 0.000000 0.059400 0.073300 0.092300 0.049800 0.059300
Impala 0.068900 0.186100 0.083200 0.205200 0.050000 0.054700 0.068500 0.059100 0.064100 0.112600 0.069000 0.082100 0.063900 0.077900 0.073400 0.079000 0.093800 0.093500 0.059300 0.064100 0.054500 0.054600 0.101700 0.107600 0.069000 0.068900 0.050100 0.068800 0.068800 0.068800 0.108100 0.073100 0.093000 0.054400 0.073600 0.082700 0.055000 0.054900 0.078000 0.077300 0.106700 0.068800 0.107300 0.123300 0.078000 0.069200 0.059400 0.000000 0.088000 0.107800 0.064100 0.073800
Klipspring 0.073400 0.202100 0.087800 0.221300 0.054500 0.059200 0.078300 0.063600 0.068600 0.106700 0.073500 0.082200 0.059000 0.078100 0.087400 0.083600 0.098400 0.098100 0.063800 0.068600 0.059000 0.068600 0.096000 0.112300 0.073500 0.073400 0.054600 0.073400 0.073400 0.073400 0.102300 0.073300 0.097600 0.058900 0.078100 0.087300 0.069000 0.059400 0.073000 0.081900 0.100900 0.073300 0.101500 0.128000 0.082500 0.059400 0.073300 0.088000 0.000000 0.112500 0.068600 0.088000
ForestMusk 0.092900 0.180300 0.092800 0.185400 0.092900 0.078300 0.097900 0.082800 0.073400 0.086700 0.093000 0.101700 0.078100 0.097600 0.097300 0.098400 0.078400 0.073500 0.083000 0.073400 0.078100 0.078200 0.086100 0.111800 0.093000 0.092800 0.073600 0.078200 0.092800 0.078200 0.082300 0.092700 0.068300 0.077900 0.087800 0.097100 0.088400 0.098200 0.102200 0.081500 0.090900 0.092700 0.081600 0.127300 0.092300 0.093300 0.092300 0.107800 0.112500 0.000000 0.073400 0.083100
Bushbuck 0.049900 0.169100 0.017600 0.170800 0.049900 0.036000 0.054600 0.040400 0.000000 0.080800 0.049900 0.040200 0.045100 0.054400 0.063700 0.059700 0.068200 0.068000 0.040600 0.000000 0.035900 0.045200 0.070500 0.082200 0.049900 0.049900 0.031500 0.004400 0.049800 0.004300 0.076200 0.049800 0.059200 0.035800 0.049800 0.035700 0.045400 0.054800 0.058900 0.052700 0.075400 0.049800 0.075700 0.097500 0.031200 0.059500 0.049800 0.064100 0.068600 0.073400 0.000000 0.017200
GreaterKud 0.068800 0.180400 0.035500 0.176700 0.059400 0.054600 0.073700 0.059100 0.017600 0.090900 0.068900 0.058700 0.063900 0.073500 0.073300 0.079000 0.087900 0.087600 0.059300 0.017600 0.054500 0.064000 0.080400 0.102200 0.068900 0.068800 0.050000 0.022000 0.068800 0.022000 0.086300 0.068700 0.078300 0.054400 0.068700 0.054200 0.054900 0.064400 0.078000 0.072100 0.085300 0.068700 0.085700 0.117900 0.049600 0.078800 0.059300 0.073800 0.088000 0.083100 0.017200 0.000000
