CODONML (in paml version 4.10.7, June 2023)  /home/rachel/ruminants_paml/6406-phy-tree/ENSBTAT00000019761.fasta.phy
Model: free dN/dS Ratios for branches,  kappa = 2.000 fixed

Codon frequency model: F3x4
ns =  54  ls =  18

Codon usage in sequences
--------------------------------------------------------------------------------------------------------------------------------------
Phe TTT   0   0   0   1   0   0 | Ser TCT   0   0   0   0   0   0 | Tyr TAT   0   0   0   0   0   0 | Cys TGT   0   0   0   0   0   0
    TTC   1   1   1   0   1   1 |     TCC   0   0   0   0   0   0 |     TAC   2   2   2   2   2   2 |     TGC   0   0   0   0   0   0
Leu TTA   0   0   0   0   0   0 |     TCA   0   0   0   0   0   0 | *** TAA   0   0   0   0   0   0 | *** TGA   0   0   0   0   0   0
    TTG   0   1   0   0   0   1 |     TCG   0   0   0   0   0   0 |     TAG   0   0   0   0   0   0 | Trp TGG   0   0   0   0   0   0
--------------------------------------------------------------------------------------------------------------------------------------
Leu CTT   0   1   0   0   0   0 | Pro CCT   0   0   0   0   0   0 | His CAT   0   0   0   0   0   0 | Arg CGT   0   0   0   0   0   0
    CTC   0   0   0   0   0   0 |     CCC   0   0   0   0   0   0 |     CAC   1   1   1   1   1   1 |     CGC   0   0   0   0   0   0
    CTA   0   1   0   0   0   0 |     CCA   0   0   0   0   0   0 | Gln CAA   0   0   0   0   0   0 |     CGA   0   0   0   0   0   0
    CTG   3   0   3   3   3   2 |     CCG   0   0   0   0   0   0 |     CAG   0   0   0   0   0   0 |     CGG   1   0   1   1   0   0
--------------------------------------------------------------------------------------------------------------------------------------
Ile ATT   0   0   0   0   0   1 | Thr ACT   0   0   0   0   0   0 | Asn AAT   0   0   0   0   0   0 | Ser AGT   0   0   0   0   0   0
    ATC   3   3   3   3   3   2 |     ACC   0   0   0   0   0   0 |     AAC   0   0   0   0   0   0 |     AGC   0   0   0   0   0   0
    ATA   0   0   0   0   0   0 |     ACA   0   0   0   0   0   0 | Lys AAA   0   0   0   0   1   1 | Arg AGA   0   0   0   0   0   0
Met ATG   0   0   0   0   0   0 |     ACG   0   0   0   0   0   0 |     AAG   2   2   2   2   1   1 |     AGG   0   1   0   0   1   1
--------------------------------------------------------------------------------------------------------------------------------------
Val GTT   0   0   0   0   0   0 | Ala GCT   0   0   0   0   0   0 | Asp GAT   0   0   0   0   0   1 | Gly GGT   0   0   0   0   0   0
    GTC   1   1   1   1   1   1 |     GCC   0   0   0   0   0   0 |     GAC   1   1   1   1   1   0 |     GGC   0   0   0   0   0   0
    GTA   0   0   0   0   0   0 |     GCA   0   0   0   0   0   0 | Glu GAA   0   0   0   0   0   0 |     GGA   0   0   0   0   0   0
    GTG   2   2   2   2   2   2 |     GCG   0   0   0   0   0   0 |     GAG   0   0   0   0   0   0 |     GGG   1   1   1   1   1   1
--------------------------------------------------------------------------------------------------------------------------------------

--------------------------------------------------------------------------------------------------------------------------------------
Phe TTT   0   0   0   0   0   0 | Ser TCT   0   0   0   0   0   0 | Tyr TAT   0   0   0   0   0   0 | Cys TGT   0   0   0   0   0   0
    TTC   1   1   1   1   1   1 |     TCC   0   0   0   0   0   0 |     TAC   2   2   2   2   2   2 |     TGC   0   0   0   0   0   0
Leu TTA   0   0   0   0   0   0 |     TCA   0   0   0   0   0   0 | *** TAA   0   0   0   0   0   0 | *** TGA   0   0   0   0   0   0
    TTG   0   0   0   0   0   0 |     TCG   0   0   0   0   0   0 |     TAG   0   0   0   0   0   0 | Trp TGG   0   0   0   0   0   0
--------------------------------------------------------------------------------------------------------------------------------------
Leu CTT   0   0   0   0   0   0 | Pro CCT   0   0   0   0   0   0 | His CAT   0   0   0   0   0   0 | Arg CGT   0   0   0   0   0   0
    CTC   0   0   0   0   0   0 |     CCC   0   0   0   0   0   0 |     CAC   1   1   1   1   1   1 |     CGC   1   0   0   0   0   0
    CTA   0   0   0   0   0   0 |     CCA   0   0   0   0   0   0 | Gln CAA   0   0   0   0   0   0 |     CGA   0   0   0   0   0   0
    CTG   3   3   3   3   3   3 |     CCG   0   0   0   0   0   0 |     CAG   0   0   0   0   0   0 |     CGG   0   1   1   1   1   1
--------------------------------------------------------------------------------------------------------------------------------------
Ile ATT   0   0   0   0   0   0 | Thr ACT   0   0   0   0   0   0 | Asn AAT   0   0   0   0   0   0 | Ser AGT   0   0   0   0   0   0
    ATC   3   3   3   3   3   3 |     ACC   0   0   0   0   0   0 |     AAC   0   0   0   0   0   0 |     AGC   0   0   0   0   0   0
    ATA   0   0   0   0   0   0 |     ACA   0   0   0   0   0   0 | Lys AAA   0   0   0   0   0   0 | Arg AGA   0   0   0   0   0   0
Met ATG   0   0   0   0   0   0 |     ACG   0   0   0   0   0   0 |     AAG   2   2   2   2   2   2 |     AGG   0   0   0   0   0   0
--------------------------------------------------------------------------------------------------------------------------------------
Val GTT   0   0   0   0   0   0 | Ala GCT   0   0   0   0   0   0 | Asp GAT   0   0   0   0   0   0 | Gly GGT   0   0   0   0   0   0
    GTC   1   1   0   1   1   1 |     GCC   0   0   0   0   0   0 |     GAC   1   1   1   1   1   1 |     GGC   0   0   0   0   0   0
    GTA   0   0   2   0   0   0 |     GCA   0   0   0   0   0   0 | Glu GAA   0   0   0   0   0   0 |     GGA   0   0   0   0   0   0
    GTG   2   2   1   2   2   2 |     GCG   0   0   0   0   0   0 |     GAG   0   0   0   0   0   0 |     GGG   1   1   1   1   1   1
--------------------------------------------------------------------------------------------------------------------------------------

--------------------------------------------------------------------------------------------------------------------------------------
Phe TTT   0   0   0   0   0   0 | Ser TCT   0   0   0   0   0   0 | Tyr TAT   0   0   1   0   0   0 | Cys TGT   0   0   0   0   0   0
    TTC   1   1   1   1   1   1 |     TCC   0   0   0   0   0   0 |     TAC   2   2   1   2   2   2 |     TGC   0   0   0   0   0   0
Leu TTA   0   0   0   0   0   0 |     TCA   0   0   0   0   0   0 | *** TAA   0   0   0   0   0   0 | *** TGA   0   0   0   0   0   0
    TTG   0   0   0   0   0   0 |     TCG   0   0   0   0   0   0 |     TAG   0   0   0   0   0   0 | Trp TGG   0   0   0   0   0   0
--------------------------------------------------------------------------------------------------------------------------------------
Leu CTT   0   0   0   0   0   0 | Pro CCT   0   0   0   0   0   0 | His CAT   0   0   0   0   0   0 | Arg CGT   0   0   0   0   0   0
    CTC   0   0   0   0   0   0 |     CCC   0   0   0   0   0   0 |     CAC   1   1   1   1   1   1 |     CGC   0   0   0   0   0   0
    CTA   0   0   0   0   0   0 |     CCA   0   0   0   0   0   0 | Gln CAA   0   0   0   0   0   0 |     CGA   0   0   0   0   0   0
    CTG   3   3   3   3   3   3 |     CCG   0   0   0   0   0   0 |     CAG   0   0   0   0   0   0 |     CGG   1   1   1   1   1   1
--------------------------------------------------------------------------------------------------------------------------------------
Ile ATT   0   0   0   0   0   1 | Thr ACT   0   0   0   0   0   0 | Asn AAT   0   0   0   0   0   0 | Ser AGT   0   0   0   0   0   0
    ATC   3   3   3   3   3   2 |     ACC   0   0   0   0   0   0 |     AAC   0   0   0   0   0   0 |     AGC   0   0   0   0   0   0
    ATA   0   0   0   0   0   0 |     ACA   0   0   0   0   0   0 | Lys AAA   0   0   0   0   0   0 | Arg AGA   0   0   0   0   0   0
Met ATG   0   0   0   0   0   0 |     ACG   0   0   0   0   0   0 |     AAG   2   2   2   2   2   2 |     AGG   0   0   0   0   0   0
--------------------------------------------------------------------------------------------------------------------------------------
Val GTT   0   0   0   0   0   0 | Ala GCT   0   0   0   0   0   0 | Asp GAT   0   0   0   0   0   0 | Gly GGT   0   0   0   0   0   0
    GTC   1   1   1   1   1   1 |     GCC   0   0   0   0   0   0 |     GAC   1   1   1   1   1   1 |     GGC   0   0   0   0   0   0
    GTA   0   0   0   1   0   0 |     GCA   0   0   0   0   0   0 | Glu GAA   0   0   0   0   0   0 |     GGA   0   0   0   0   0   0
    GTG   2   2   2   1   2   2 |     GCG   0   0   0   0   0   0 |     GAG   0   0   0   0   0   0 |     GGG   1   1   1   1   1   1
--------------------------------------------------------------------------------------------------------------------------------------

--------------------------------------------------------------------------------------------------------------------------------------
Phe TTT   0   0   0   0   0   0 | Ser TCT   0   0   0   0   0   0 | Tyr TAT   0   0   1   0   0   0 | Cys TGT   0   0   0   0   0   0
    TTC   1   1   1   1   1   1 |     TCC   0   0   0   0   0   0 |     TAC   2   2   1   2   2   2 |     TGC   0   0   0   0   0   0
Leu TTA   0   0   0   0   0   0 |     TCA   0   0   0   0   0   0 | *** TAA   0   0   0   0   0   0 | *** TGA   0   0   0   0   0   0
    TTG   0   0   0   0   0   0 |     TCG   0   0   0   0   0   0 |     TAG   0   0   0   0   0   0 | Trp TGG   0   0   0   0   0   0
--------------------------------------------------------------------------------------------------------------------------------------
Leu CTT   0   0   0   0   0   0 | Pro CCT   0   0   0   0   0   0 | His CAT   0   0   0   0   0   0 | Arg CGT   0   0   0   0   0   0
    CTC   0   0   0   0   0   0 |     CCC   0   0   0   0   0   0 |     CAC   1   1   1   1   1   1 |     CGC   0   0   0   0   0   0
    CTA   0   0   0   0   0   0 |     CCA   0   0   0   0   0   0 | Gln CAA   0   0   0   0   0   0 |     CGA   0   0   0   0   0   0
    CTG   3   3   3   3   3   3 |     CCG   0   0   0   0   0   0 |     CAG   0   0   0   0   0   0 |     CGG   1   1   1   1   1   1
--------------------------------------------------------------------------------------------------------------------------------------
Ile ATT   0   0   0   0   0   0 | Thr ACT   0   0   0   0   0   0 | Asn AAT   0   0   0   0   0   0 | Ser AGT   0   0   0   0   0   0
    ATC   3   3   3   3   3   3 |     ACC   0   0   0   0   0   0 |     AAC   0   0   0   0   0   0 |     AGC   0   0   0   0   0   0
    ATA   0   0   0   0   0   0 |     ACA   0   0   0   0   0   0 | Lys AAA   0   0   0   0   0   0 | Arg AGA   0   0   0   0   0   0
Met ATG   0   0   0   0   0   0 |     ACG   0   0   0   0   0   0 |     AAG   2   2   2   2   2   2 |     AGG   0   0   0   0   0   0
--------------------------------------------------------------------------------------------------------------------------------------
Val GTT   0   0   0   0   0   0 | Ala GCT   0   0   0   0   0   0 | Asp GAT   0   0   0   0   0   0 | Gly GGT   0   0   0   0   0   0
    GTC   1   1   1   1   1   1 |     GCC   0   0   0   0   0   0 |     GAC   1   1   1   1   1   1 |     GGC   0   0   0   0   0   0
    GTA   1   0   0   0   0   0 |     GCA   0   0   0   0   0   0 | Glu GAA   0   0   0   0   0   0 |     GGA   0   0   0   0   0   0
    GTG   1   2   2   2   2   2 |     GCG   0   0   0   0   0   0 |     GAG   0   0   0   0   0   0 |     GGG   1   1   1   1   1   1
--------------------------------------------------------------------------------------------------------------------------------------

--------------------------------------------------------------------------------------------------------------------------------------
Phe TTT   0   0   0   0   0   0 | Ser TCT   0   0   0   0   0   0 | Tyr TAT   0   0   0   0   1   0 | Cys TGT   0   0   0   0   0   0
    TTC   1   1   1   1   1   1 |     TCC   0   0   0   0   0   0 |     TAC   2   2   2   2   1   2 |     TGC   0   0   0   0   0   0
Leu TTA   0   0   0   0   0   0 |     TCA   0   0   0   0   0   0 | *** TAA   0   0   0   0   0   0 | *** TGA   0   0   0   0   0   0
    TTG   0   0   0   0   0   0 |     TCG   0   0   0   0   0   0 |     TAG   0   0   0   0   0   0 | Trp TGG   0   0   0   0   0   0
--------------------------------------------------------------------------------------------------------------------------------------
Leu CTT   0   0   0   0   0   0 | Pro CCT   0   0   0   0   0   0 | His CAT   0   0   0   0   0   0 | Arg CGT   0   0   0   0   0   0
    CTC   0   0   0   0   0   0 |     CCC   0   0   0   0   0   0 |     CAC   1   1   1   1   1   1 |     CGC   0   0   0   0   0   0
    CTA   0   0   0   0   0   0 |     CCA   0   0   0   0   0   0 | Gln CAA   0   0   0   0   0   0 |     CGA   0   0   0   0   0   0
    CTG   3   3   3   3   3   3 |     CCG   0   0   0   0   0   0 |     CAG   0   0   0   0   0   0 |     CGG   1   1   1   1   1   1
--------------------------------------------------------------------------------------------------------------------------------------
Ile ATT   0   0   1   0   0   0 | Thr ACT   0   0   0   0   0   0 | Asn AAT   0   0   0   0   0   0 | Ser AGT   0   0   0   0   0   0
    ATC   3   3   2   3   3   3 |     ACC   0   0   0   0   0   0 |     AAC   0   0   0   0   0   0 |     AGC   0   0   0   0   0   0
    ATA   0   0   0   0   0   0 |     ACA   0   0   0   0   0   0 | Lys AAA   0   0   0   0   0   0 | Arg AGA   0   0   0   0   0   0
Met ATG   0   0   0   0   0   0 |     ACG   0   0   0   0   0   0 |     AAG   2   2   2   2   2   2 |     AGG   0   0   0   0   0   0
--------------------------------------------------------------------------------------------------------------------------------------
Val GTT   0   0   0   0   0   0 | Ala GCT   0   0   0   0   0   0 | Asp GAT   0   0   0   0   0   0 | Gly GGT   0   0   0   0   0   0
    GTC   1   1   1   1   1   1 |     GCC   0   0   0   0   0   0 |     GAC   1   1   1   1   1   1 |     GGC   0   0   0   0   0   0
    GTA   1   0   0   0   0   0 |     GCA   0   0   0   0   0   0 | Glu GAA   0   0   0   0   0   0 |     GGA   0   0   0   0   0   0
    GTG   1   2   2   2   2   2 |     GCG   0   0   0   0   0   0 |     GAG   0   0   0   0   0   0 |     GGG   1   1   1   1   1   1
--------------------------------------------------------------------------------------------------------------------------------------

--------------------------------------------------------------------------------------------------------------------------------------
Phe TTT   1   0   0   0   0   0 | Ser TCT   0   0   0   0   0   0 | Tyr TAT   0   0   0   0   0   1 | Cys TGT   0   0   0   0   0   0
    TTC   0   1   1   1   1   1 |     TCC   0   0   0   0   0   0 |     TAC   2   2   2   2   2   1 |     TGC   0   0   0   0   0   0
Leu TTA   0   0   0   0   0   0 |     TCA   0   0   0   0   0   0 | *** TAA   0   0   0   0   0   0 | *** TGA   0   0   0   0   0   0
    TTG   0   0   0   0   0   0 |     TCG   0   0   0   0   0   0 |     TAG   0   0   0   0   0   0 | Trp TGG   0   0   0   0   0   0
--------------------------------------------------------------------------------------------------------------------------------------
Leu CTT   0   0   0   0   0   0 | Pro CCT   0   0   0   0   0   0 | His CAT   0   0   0   0   0   0 | Arg CGT   0   0   0   0   0   0
    CTC   0   0   0   0   0   0 |     CCC   0   0   0   0   0   0 |     CAC   1   1   1   1   1   1 |     CGC   0   0   0   0   0   0
    CTA   0   0   0   0   0   0 |     CCA   0   0   0   0   0   0 | Gln CAA   0   0   0   0   0   0 |     CGA   0   0   0   0   0   0
    CTG   3   3   3   3   3   3 |     CCG   0   0   0   0   0   0 |     CAG   0   0   0   0   0   0 |     CGG   1   1   1   1   1   1
--------------------------------------------------------------------------------------------------------------------------------------
Ile ATT   1   0   0   0   0   0 | Thr ACT   0   0   0   0   0   0 | Asn AAT   0   0   0   0   0   0 | Ser AGT   0   0   0   0   0   0
    ATC   2   3   3   3   3   3 |     ACC   0   0   0   0   0   0 |     AAC   0   0   0   0   0   0 |     AGC   0   0   0   0   0   0
    ATA   0   0   0   0   0   0 |     ACA   0   0   0   0   0   0 | Lys AAA   0   0   0   0   0   0 | Arg AGA   0   0   0   0   0   0
Met ATG   0   0   0   0   0   0 |     ACG   0   0   0   0   0   0 |     AAG   2   2   2   2   2   2 |     AGG   0   0   0   0   0   0
--------------------------------------------------------------------------------------------------------------------------------------
Val GTT   0   0   0   0   0   0 | Ala GCT   0   0   0   0   0   0 | Asp GAT   1   0   0   0   0   0 | Gly GGT   0   0   0   0   0   0
    GTC   1   1   1   1   1   1 |     GCC   0   0   0   0   0   0 |     GAC   0   1   1   1   1   1 |     GGC   0   0   0   0   0   0
    GTA   0   0   0   1   0   0 |     GCA   0   0   0   0   0   0 | Glu GAA   0   0   0   0   0   0 |     GGA   0   0   0   0   1   0
    GTG   2   2   2   1   2   2 |     GCG   0   0   0   0   0   0 |     GAG   0   0   0   0   0   0 |     GGG   1   1   1   1   0   1
--------------------------------------------------------------------------------------------------------------------------------------

--------------------------------------------------------------------------------------------------------------------------------------
Phe TTT   0   0   0   0   0   0 | Ser TCT   0   0   0   0   0   0 | Tyr TAT   0   0   0   0   0   0 | Cys TGT   0   0   0   0   0   0
    TTC   1   1   1   1   1   1 |     TCC   0   0   0   0   0   0 |     TAC   2   2   2   2   2   2 |     TGC   0   0   0   0   0   0
Leu TTA   0   0   0   0   0   0 |     TCA   0   0   0   0   0   0 | *** TAA   0   0   0   0   0   0 | *** TGA   0   0   0   0   0   0
    TTG   0   0   0   0   0   0 |     TCG   0   0   0   0   0   0 |     TAG   0   0   0   0   0   0 | Trp TGG   0   0   0   0   0   0
--------------------------------------------------------------------------------------------------------------------------------------
Leu CTT   0   0   0   0   0   0 | Pro CCT   0   0   0   0   0   0 | His CAT   0   0   0   0   0   0 | Arg CGT   0   0   0   0   0   0
    CTC   0   0   0   0   0   0 |     CCC   0   0   0   0   0   0 |     CAC   1   1   1   1   1   1 |     CGC   0   0   0   1   0   0
    CTA   0   0   0   0   0   0 |     CCA   0   0   0   0   0   0 | Gln CAA   0   0   0   0   0   0 |     CGA   0   0   0   0   0   0
    CTG   3   3   3   3   3   3 |     CCG   0   0   0   0   0   0 |     CAG   0   0   0   0   0   0 |     CGG   1   1   1   0   1   1
--------------------------------------------------------------------------------------------------------------------------------------
Ile ATT   0   0   0   0   0   0 | Thr ACT   0   0   0   0   0   0 | Asn AAT   0   0   0   0   0   0 | Ser AGT   0   0   0   0   0   0
    ATC   3   3   3   3   3   3 |     ACC   0   0   0   0   0   0 |     AAC   0   0   0   0   0   0 |     AGC   0   0   0   0   0   0
    ATA   0   0   0   0   0   0 |     ACA   0   0   0   0   0   0 | Lys AAA   0   0   0   0   0   0 | Arg AGA   0   0   0   0   0   0
Met ATG   0   0   0   0   0   0 |     ACG   0   0   0   0   0   0 |     AAG   2   2   2   2   2   2 |     AGG   0   0   0   0   0   0
--------------------------------------------------------------------------------------------------------------------------------------
Val GTT   0   0   0   0   0   0 | Ala GCT   0   0   0   0   0   0 | Asp GAT   0   0   0   0   0   0 | Gly GGT   0   0   0   0   0   0
    GTC   1   1   1   1   1   1 |     GCC   0   0   0   0   0   0 |     GAC   1   1   1   1   1   1 |     GGC   0   0   0   0   0   0
    GTA   0   1   0   0   0   0 |     GCA   0   0   0   0   0   0 | Glu GAA   0   0   0   0   0   0 |     GGA   1   0   0   1   0   0
    GTG   2   1   2   2   2   2 |     GCG   0   0   0   0   0   0 |     GAG   0   0   0   0   0   0 |     GGG   0   1   1   0   1   1
--------------------------------------------------------------------------------------------------------------------------------------

--------------------------------------------------------------------------------------------------------------------------------------
Phe TTT   0   0   0   0   0   0 | Ser TCT   0   0   0   0   0   0 | Tyr TAT   0   0   0   0   0   0 | Cys TGT   0   0   0   0   0   0
    TTC   1   1   1   1   1   1 |     TCC   0   0   0   0   0   0 |     TAC   2   2   2   2   2   2 |     TGC   0   0   0   0   0   0
Leu TTA   0   0   0   0   0   0 |     TCA   0   0   0   0   0   0 | *** TAA   0   0   0   0   0   0 | *** TGA   0   0   0   0   0   0
    TTG   0   0   0   0   0   0 |     TCG   0   0   0   0   0   0 |     TAG   0   0   0   0   0   0 | Trp TGG   0   0   0   0   0   0
--------------------------------------------------------------------------------------------------------------------------------------
Leu CTT   0   0   0   0   0   0 | Pro CCT   0   0   0   0   0   0 | His CAT   0   0   0   0   0   0 | Arg CGT   0   0   0   0   0   0
    CTC   0   0   0   0   0   0 |     CCC   0   0   0   0   0   0 |     CAC   1   1   1   1   1   1 |     CGC   0   0   0   0   0   0
    CTA   0   0   0   0   0   0 |     CCA   0   0   0   0   0   0 | Gln CAA   0   0   0   0   0   0 |     CGA   0   0   0   0   0   0
    CTG   3   3   3   3   3   3 |     CCG   0   0   0   0   0   0 |     CAG   0   0   0   0   0   0 |     CGG   1   1   1   1   1   1
--------------------------------------------------------------------------------------------------------------------------------------
Ile ATT   0   0   0   0   0   0 | Thr ACT   0   0   0   0   0   0 | Asn AAT   0   0   0   0   0   0 | Ser AGT   0   0   0   0   0   0
    ATC   3   3   3   3   3   3 |     ACC   0   0   0   0   0   0 |     AAC   0   0   0   0   0   0 |     AGC   0   0   0   0   0   0
    ATA   0   0   0   0   0   0 |     ACA   0   0   0   0   0   0 | Lys AAA   0   0   0   0   0   0 | Arg AGA   0   0   0   0   0   0
Met ATG   0   0   0   0   0   0 |     ACG   0   0   0   0   0   0 |     AAG   2   2   2   2   2   2 |     AGG   0   0   0   0   0   0
--------------------------------------------------------------------------------------------------------------------------------------
Val GTT   0   0   0   0   0   0 | Ala GCT   0   0   0   0   0   0 | Asp GAT   0   0   0   0   0   0 | Gly GGT   0   0   0   0   0   0
    GTC   1   1   1   1   1   1 |     GCC   0   0   0   0   0   0 |     GAC   1   1   1   1   1   1 |     GGC   0   0   0   0   0   0
    GTA   1   0   0   0   1   0 |     GCA   0   0   0   0   0   0 | Glu GAA   0   0   0   0   0   0 |     GGA   0   0   0   0   0   0
    GTG   1   2   2   2   1   2 |     GCG   0   0   0   0   0   0 |     GAG   0   0   0   0   0   0 |     GGG   1   1   1   1   1   1
--------------------------------------------------------------------------------------------------------------------------------------

--------------------------------------------------------------------------------------------------------------------------------------
Phe TTT   0   0   0   1   0   0 | Ser TCT   0   0   0   0   0   0 | Tyr TAT   0   0   0   0   0   0 | Cys TGT   0   0   0   0   0   0
    TTC   1   1   1   0   1   1 |     TCC   0   0   0   0   0   0 |     TAC   2   2   2   2   2   2 |     TGC   0   0   0   0   0   0
Leu TTA   0   0   0   0   0   0 |     TCA   0   0   0   0   0   0 | *** TAA   0   0   0   0   0   0 | *** TGA   0   0   0   0   0   0
    TTG   0   0   0   0   0   0 |     TCG   0   0   0   0   0   0 |     TAG   0   0   0   0   0   0 | Trp TGG   0   0   0   0   0   0
--------------------------------------------------------------------------------------------------------------------------------------
Leu CTT   0   0   0   0   0   0 | Pro CCT   0   0   0   0   0   0 | His CAT   0   0   0   0   0   0 | Arg CGT   0   0   0   0   0   0
    CTC   0   0   0   0   0   0 |     CCC   0   0   0   0   0   0 |     CAC   1   1   1   1   1   1 |     CGC   0   0   0   0   0   0
    CTA   0   0   0   0   0   0 |     CCA   0   0   0   0   0   0 | Gln CAA   0   0   0   0   0   0 |     CGA   0   0   0   0   0   0
    CTG   3   3   3   3   3   3 |     CCG   0   0   0   0   0   0 |     CAG   0   0   0   0   0   0 |     CGG   1   1   1   1   1   1
--------------------------------------------------------------------------------------------------------------------------------------
Ile ATT   0   0   0   0   0   0 | Thr ACT   0   0   0   0   0   0 | Asn AAT   0   0   0   0   0   0 | Ser AGT   0   0   0   0   0   0
    ATC   3   3   3   3   3   3 |     ACC   0   0   0   0   0   0 |     AAC   0   0   0   0   0   0 |     AGC   0   0   0   0   0   0
    ATA   0   0   0   0   0   0 |     ACA   0   0   0   0   0   0 | Lys AAA   0   0   0   0   0   0 | Arg AGA   0   0   0   0   0   0
Met ATG   0   0   0   0   0   0 |     ACG   0   0   0   0   0   0 |     AAG   2   2   2   2   2   2 |     AGG   0   0   0   0   0   0
--------------------------------------------------------------------------------------------------------------------------------------
Val GTT   0   0   1   0   0   0 | Ala GCT   0   0   0   0   0   0 | Asp GAT   0   0   0   0   0   0 | Gly GGT   0   0   0   0   0   0
    GTC   1   1   1   1   1   1 |     GCC   0   0   0   0   0   0 |     GAC   1   1   1   1   1   1 |     GGC   0   0   0   0   0   0
    GTA   0   0   0   0   0   0 |     GCA   0   0   0   0   0   0 | Glu GAA   0   0   0   0   0   0 |     GGA   0   0   0   0   0   0
    GTG   2   2   1   2   2   2 |     GCG   0   0   0   0   0   0 |     GAG   0   0   0   0   0   0 |     GGG   1   1   1   1   1   1
--------------------------------------------------------------------------------------------------------------------------------------

Codon position x base (3x4) table for each sequence.

#1: Argali         
position  1:    T:0.16667    C:0.27778    A:0.27778    G:0.27778
position  2:    T:0.55556    C:0.00000    A:0.33333    G:0.11111
position  3:    T:0.00000    C:0.50000    A:0.00000    G:0.50000
Average         T:0.24074    C:0.25926    A:0.20370    G:0.29630

#2: LesserMouseDeer
position  1:    T:0.22222    C:0.16667    A:0.33333    G:0.27778
position  2:    T:0.55556    C:0.00000    A:0.33333    G:0.11111
position  3:    T:0.05556    C:0.50000    A:0.05556    G:0.38889
Average         T:0.27778    C:0.22222    A:0.24074    G:0.25926

#3: LesserKudu     
position  1:    T:0.16667    C:0.27778    A:0.27778    G:0.27778
position  2:    T:0.55556    C:0.00000    A:0.33333    G:0.11111
position  3:    T:0.00000    C:0.50000    A:0.00000    G:0.50000
Average         T:0.24074    C:0.25926    A:0.20370    G:0.29630

#4: ForestMuskDeer2
position  1:    T:0.16667    C:0.27778    A:0.27778    G:0.27778
position  2:    T:0.55556    C:0.00000    A:0.33333    G:0.11111
position  3:    T:0.05556    C:0.44444    A:0.00000    G:0.50000
Average         T:0.25926    C:0.24074    A:0.20370    G:0.29630

#5: Camel          
position  1:    T:0.16667    C:0.22222    A:0.33333    G:0.27778
position  2:    T:0.55556    C:0.00000    A:0.33333    G:0.11111
position  3:    T:0.00000    C:0.50000    A:0.05556    G:0.44444
Average         T:0.24074    C:0.24074    A:0.24074    G:0.27778

#6: KillerWhale    
position  1:    T:0.22222    C:0.16667    A:0.33333    G:0.27778
position  2:    T:0.55556    C:0.00000    A:0.33333    G:0.11111
position  3:    T:0.11111    C:0.38889    A:0.05556    G:0.44444
Average         T:0.29630    C:0.18519    A:0.24074    G:0.27778

#7: DefassaWaterbuck
position  1:    T:0.16667    C:0.27778    A:0.27778    G:0.27778
position  2:    T:0.55556    C:0.00000    A:0.33333    G:0.11111
position  3:    T:0.00000    C:0.55556    A:0.00000    G:0.44444
Average         T:0.24074    C:0.27778    A:0.20370    G:0.27778

#8: Sheep          
position  1:    T:0.16667    C:0.27778    A:0.27778    G:0.27778
position  2:    T:0.55556    C:0.00000    A:0.33333    G:0.11111
position  3:    T:0.00000    C:0.50000    A:0.00000    G:0.50000
Average         T:0.24074    C:0.25926    A:0.20370    G:0.29630

#9: MaxwellsDuiker 
position  1:    T:0.16667    C:0.27778    A:0.27778    G:0.27778
position  2:    T:0.55556    C:0.00000    A:0.33333    G:0.11111
position  3:    T:0.00000    C:0.44444    A:0.11111    G:0.44444
Average         T:0.24074    C:0.24074    A:0.24074    G:0.27778

#10: GazellaPrzewalskyi
position  1:    T:0.16667    C:0.27778    A:0.27778    G:0.27778
position  2:    T:0.55556    C:0.00000    A:0.33333    G:0.11111
position  3:    T:0.00000    C:0.50000    A:0.00000    G:0.50000
Average         T:0.24074    C:0.25926    A:0.20370    G:0.29630

#11: MountainNyala  
position  1:    T:0.16667    C:0.27778    A:0.27778    G:0.27778
position  2:    T:0.55556    C:0.00000    A:0.33333    G:0.11111
position  3:    T:0.00000    C:0.50000    A:0.00000    G:0.50000
Average         T:0.24074    C:0.25926    A:0.20370    G:0.29630

#12: MuntiacusMuntjak
position  1:    T:0.16667    C:0.27778    A:0.27778    G:0.27778
position  2:    T:0.55556    C:0.00000    A:0.33333    G:0.11111
position  3:    T:0.00000    C:0.50000    A:0.00000    G:0.50000
Average         T:0.24074    C:0.25926    A:0.20370    G:0.29630

#13: goat           
position  1:    T:0.16667    C:0.27778    A:0.27778    G:0.27778
position  2:    T:0.55556    C:0.00000    A:0.33333    G:0.11111
position  3:    T:0.00000    C:0.50000    A:0.00000    G:0.50000
Average         T:0.24074    C:0.25926    A:0.20370    G:0.29630

#14: AfricanBuffalo 
position  1:    T:0.16667    C:0.27778    A:0.27778    G:0.27778
position  2:    T:0.55556    C:0.00000    A:0.33333    G:0.11111
position  3:    T:0.00000    C:0.50000    A:0.00000    G:0.50000
Average         T:0.24074    C:0.25926    A:0.20370    G:0.29630

#15: Topi           
position  1:    T:0.16667    C:0.27778    A:0.27778    G:0.27778
position  2:    T:0.55556    C:0.00000    A:0.33333    G:0.11111
position  3:    T:0.05556    C:0.44444    A:0.00000    G:0.50000
Average         T:0.25926    C:0.24074    A:0.20370    G:0.29630

#16: CommonDuiker   
position  1:    T:0.16667    C:0.27778    A:0.27778    G:0.27778
position  2:    T:0.55556    C:0.00000    A:0.33333    G:0.11111
position  3:    T:0.00000    C:0.50000    A:0.05556    G:0.44444
Average         T:0.24074    C:0.25926    A:0.22222    G:0.27778

#17: Suni           
position  1:    T:0.16667    C:0.27778    A:0.27778    G:0.27778
position  2:    T:0.55556    C:0.00000    A:0.33333    G:0.11111
position  3:    T:0.00000    C:0.50000    A:0.00000    G:0.50000
Average         T:0.24074    C:0.25926    A:0.20370    G:0.29630

#18: Springbuck     
position  1:    T:0.16667    C:0.27778    A:0.27778    G:0.27778
position  2:    T:0.55556    C:0.00000    A:0.33333    G:0.11111
position  3:    T:0.05556    C:0.44444    A:0.00000    G:0.50000
Average         T:0.25926    C:0.24074    A:0.20370    G:0.29630

#19: Okapi          
position  1:    T:0.16667    C:0.27778    A:0.27778    G:0.27778
position  2:    T:0.55556    C:0.00000    A:0.33333    G:0.11111
position  3:    T:0.00000    C:0.50000    A:0.05556    G:0.44444
Average         T:0.24074    C:0.25926    A:0.22222    G:0.27778

#20: Giraffe        
position  1:    T:0.16667    C:0.27778    A:0.27778    G:0.27778
position  2:    T:0.55556    C:0.00000    A:0.33333    G:0.11111
position  3:    T:0.00000    C:0.50000    A:0.00000    G:0.50000
Average         T:0.24074    C:0.25926    A:0.20370    G:0.29630

#21: TibetanAntelope
position  1:    T:0.16667    C:0.27778    A:0.27778    G:0.27778
position  2:    T:0.55556    C:0.00000    A:0.33333    G:0.11111
position  3:    T:0.05556    C:0.44444    A:0.00000    G:0.50000
Average         T:0.25926    C:0.24074    A:0.20370    G:0.29630

#22: Sitatunga      
position  1:    T:0.16667    C:0.27778    A:0.27778    G:0.27778
position  2:    T:0.55556    C:0.00000    A:0.33333    G:0.11111
position  3:    T:0.00000    C:0.50000    A:0.00000    G:0.50000
Average         T:0.24074    C:0.25926    A:0.20370    G:0.29630

#23: Oribi          
position  1:    T:0.16667    C:0.27778    A:0.27778    G:0.27778
position  2:    T:0.55556    C:0.00000    A:0.33333    G:0.11111
position  3:    T:0.00000    C:0.50000    A:0.00000    G:0.50000
Average         T:0.24074    C:0.25926    A:0.20370    G:0.29630

#24: BarbarySheep   
position  1:    T:0.16667    C:0.27778    A:0.27778    G:0.27778
position  2:    T:0.55556    C:0.00000    A:0.33333    G:0.11111
position  3:    T:0.00000    C:0.50000    A:0.00000    G:0.50000
Average         T:0.24074    C:0.25926    A:0.20370    G:0.29630

#25: Daviddeer      
position  1:    T:0.16667    C:0.27778    A:0.27778    G:0.27778
position  2:    T:0.55556    C:0.00000    A:0.33333    G:0.11111
position  3:    T:0.00000    C:0.50000    A:0.05556    G:0.44444
Average         T:0.24074    C:0.25926    A:0.22222    G:0.27778

#26: Reindeer       
position  1:    T:0.16667    C:0.27778    A:0.27778    G:0.27778
position  2:    T:0.55556    C:0.00000    A:0.33333    G:0.11111
position  3:    T:0.00000    C:0.50000    A:0.00000    G:0.50000
Average         T:0.24074    C:0.25926    A:0.20370    G:0.29630

#27: Ibex           
position  1:    T:0.16667    C:0.27778    A:0.27778    G:0.27778
position  2:    T:0.55556    C:0.00000    A:0.33333    G:0.11111
position  3:    T:0.05556    C:0.44444    A:0.00000    G:0.50000
Average         T:0.25926    C:0.24074    A:0.20370    G:0.29630

#28: GyrantGazelle  
position  1:    T:0.16667    C:0.27778    A:0.27778    G:0.27778
position  2:    T:0.55556    C:0.00000    A:0.33333    G:0.11111
position  3:    T:0.00000    C:0.50000    A:0.00000    G:0.50000
Average         T:0.24074    C:0.25926    A:0.20370    G:0.29630

#29: Hartebeest     
position  1:    T:0.16667    C:0.27778    A:0.27778    G:0.27778
position  2:    T:0.55556    C:0.00000    A:0.33333    G:0.11111
position  3:    T:0.05556    C:0.44444    A:0.00000    G:0.50000
Average         T:0.25926    C:0.24074    A:0.20370    G:0.29630

#30: Bongo          
position  1:    T:0.16667    C:0.27778    A:0.27778    G:0.27778
position  2:    T:0.55556    C:0.00000    A:0.33333    G:0.11111
position  3:    T:0.00000    C:0.50000    A:0.00000    G:0.50000
Average         T:0.24074    C:0.25926    A:0.20370    G:0.29630

#31: Gerenuk        
position  1:    T:0.16667    C:0.27778    A:0.27778    G:0.27778
position  2:    T:0.55556    C:0.00000    A:0.33333    G:0.11111
position  3:    T:0.16667    C:0.33333    A:0.00000    G:0.50000
Average         T:0.29630    C:0.20370    A:0.20370    G:0.29630

#32: CommonEland    
position  1:    T:0.16667    C:0.27778    A:0.27778    G:0.27778
position  2:    T:0.55556    C:0.00000    A:0.33333    G:0.11111
position  3:    T:0.00000    C:0.50000    A:0.00000    G:0.50000
Average         T:0.24074    C:0.25926    A:0.20370    G:0.29630

#33: MuntiacusReevesi
position  1:    T:0.16667    C:0.27778    A:0.27778    G:0.27778
position  2:    T:0.55556    C:0.00000    A:0.33333    G:0.11111
position  3:    T:0.00000    C:0.50000    A:0.00000    G:0.50000
Average         T:0.24074    C:0.25926    A:0.20370    G:0.29630

#34: HarveysDuiker  
position  1:    T:0.16667    C:0.27778    A:0.27778    G:0.27778
position  2:    T:0.55556    C:0.00000    A:0.33333    G:0.11111
position  3:    T:0.00000    C:0.50000    A:0.05556    G:0.44444
Average         T:0.24074    C:0.25926    A:0.22222    G:0.27778

#35: Pronghorn      
position  1:    T:0.16667    C:0.27778    A:0.27778    G:0.27778
position  2:    T:0.55556    C:0.00000    A:0.33333    G:0.11111
position  3:    T:0.00000    C:0.50000    A:0.05556    G:0.44444
Average         T:0.24074    C:0.25926    A:0.22222    G:0.27778

#36: BlueWildebeest 
position  1:    T:0.16667    C:0.27778    A:0.27778    G:0.27778
position  2:    T:0.55556    C:0.00000    A:0.33333    G:0.11111
position  3:    T:0.05556    C:0.44444    A:0.00000    G:0.50000
Average         T:0.25926    C:0.24074    A:0.20370    G:0.29630

#37: Gemsbok        
position  1:    T:0.16667    C:0.27778    A:0.27778    G:0.27778
position  2:    T:0.55556    C:0.00000    A:0.33333    G:0.11111
position  3:    T:0.00000    C:0.50000    A:0.05556    G:0.44444
Average         T:0.24074    C:0.25926    A:0.22222    G:0.27778

#38: Yak            
position  1:    T:0.16667    C:0.27778    A:0.27778    G:0.27778
position  2:    T:0.55556    C:0.00000    A:0.33333    G:0.11111
position  3:    T:0.00000    C:0.50000    A:0.05556    G:0.44444
Average         T:0.24074    C:0.25926    A:0.22222    G:0.27778

#39: BlueSheep      
position  1:    T:0.16667    C:0.27778    A:0.27778    G:0.27778
position  2:    T:0.55556    C:0.00000    A:0.33333    G:0.11111
position  3:    T:0.00000    C:0.50000    A:0.00000    G:0.50000
Average         T:0.24074    C:0.25926    A:0.20370    G:0.29630

#40: BohorReedbuck  
position  1:    T:0.16667    C:0.27778    A:0.27778    G:0.27778
position  2:    T:0.55556    C:0.00000    A:0.33333    G:0.11111
position  3:    T:0.00000    C:0.55556    A:0.05556    G:0.38889
Average         T:0.24074    C:0.27778    A:0.22222    G:0.25926

#41: KirksDik       
position  1:    T:0.16667    C:0.27778    A:0.27778    G:0.27778
position  2:    T:0.55556    C:0.00000    A:0.33333    G:0.11111
position  3:    T:0.00000    C:0.50000    A:0.00000    G:0.50000
Average         T:0.24074    C:0.25926    A:0.20370    G:0.29630

#42: RoeDeer        
position  1:    T:0.16667    C:0.27778    A:0.27778    G:0.27778
position  2:    T:0.55556    C:0.00000    A:0.33333    G:0.11111
position  3:    T:0.00000    C:0.50000    A:0.00000    G:0.50000
Average         T:0.24074    C:0.25926    A:0.20370    G:0.29630

#43: WhiteLippedDeer
position  1:    T:0.16667    C:0.27778    A:0.27778    G:0.27778
position  2:    T:0.55556    C:0.00000    A:0.33333    G:0.11111
position  3:    T:0.00000    C:0.50000    A:0.05556    G:0.44444
Average         T:0.24074    C:0.25926    A:0.22222    G:0.27778

#44: ThomsonGazelle 
position  1:    T:0.16667    C:0.27778    A:0.27778    G:0.27778
position  2:    T:0.55556    C:0.00000    A:0.33333    G:0.11111
position  3:    T:0.00000    C:0.50000    A:0.00000    G:0.50000
Average         T:0.24074    C:0.25926    A:0.20370    G:0.29630

#45: MuntiacusCrinifrons
position  1:    T:0.16667    C:0.27778    A:0.27778    G:0.27778
position  2:    T:0.55556    C:0.00000    A:0.33333    G:0.11111
position  3:    T:0.00000    C:0.50000    A:0.00000    G:0.50000
Average         T:0.24074    C:0.25926    A:0.20370    G:0.29630

#46: WhiteTailedDeer
position  1:    T:0.16667    C:0.27778    A:0.27778    G:0.27778
position  2:    T:0.55556    C:0.00000    A:0.33333    G:0.11111
position  3:    T:0.00000    C:0.50000    A:0.00000    G:0.50000
Average         T:0.24074    C:0.25926    A:0.20370    G:0.29630

#47: Cattle         
position  1:    T:0.16667    C:0.27778    A:0.27778    G:0.27778
position  2:    T:0.55556    C:0.00000    A:0.33333    G:0.11111
position  3:    T:0.00000    C:0.50000    A:0.05556    G:0.44444
Average         T:0.24074    C:0.25926    A:0.22222    G:0.27778

#48: RoyalAntelope  
position  1:    T:0.16667    C:0.27778    A:0.27778    G:0.27778
position  2:    T:0.55556    C:0.00000    A:0.33333    G:0.11111
position  3:    T:0.00000    C:0.50000    A:0.00000    G:0.50000
Average         T:0.24074    C:0.25926    A:0.20370    G:0.29630

#49: Steenbok       
position  1:    T:0.16667    C:0.27778    A:0.27778    G:0.27778
position  2:    T:0.55556    C:0.00000    A:0.33333    G:0.11111
position  3:    T:0.00000    C:0.50000    A:0.00000    G:0.50000
Average         T:0.24074    C:0.25926    A:0.20370    G:0.29630

#50: Impala         
position  1:    T:0.16667    C:0.27778    A:0.27778    G:0.27778
position  2:    T:0.55556    C:0.00000    A:0.33333    G:0.11111
position  3:    T:0.00000    C:0.50000    A:0.00000    G:0.50000
Average         T:0.24074    C:0.25926    A:0.20370    G:0.29630

#51: Klipspringer   
position  1:    T:0.16667    C:0.27778    A:0.27778    G:0.27778
position  2:    T:0.55556    C:0.00000    A:0.33333    G:0.11111
