CODONML (in paml version 4.10.7, June 2023)  /home/rachel/ruminants_paml/6406-phy-tree/ENSBTAT00000007713.fasta.phy
Model: free dN/dS Ratios for branches,  kappa = 2.000 fixed

Codon frequency model: F3x4
ns =  54  ls =  46

Codon usage in sequences
--------------------------------------------------------------------------------------------------------------------------------------
Phe TTT   3   3   3   3   3   3 | Ser TCT   2   2   2   2   2   2 | Tyr TAT   3   3   3   3   2   1 | Cys TGT   3   3   3   3   2   3
    TTC   0   0   0   0   0   0 |     TCC   2   2   2   2   1   2 |     TAC   0   0   0   0   0   1 |     TGC   0   0   0   0   1   0
Leu TTA   1   1   1   1   1   1 |     TCA   1   1   1   1   1   1 | *** TAA   0   0   0   0   0   0 | *** TGA   0   0   0   0   0   0
    TTG   1   1   1   1   1   1 |     TCG   0   0   0   0   1   0 |     TAG   0   0   0   0   0   0 | Trp TGG   1   1   1   1   1   1
--------------------------------------------------------------------------------------------------------------------------------------
Leu CTT   1   0   1   1   1   1 | Pro CCT   1   1   1   1   1   1 | His CAT   0   0   0   0   1   1 | Arg CGT   0   0   0   0   0   0
    CTC   0   0   0   0   0   0 |     CCC   0   0   0   0   0   0 |     CAC   0   0   0   0   1   0 |     CGC   0   0   0   0   0   0
    CTA   0   0   0   0   0   0 |     CCA   1   1   1   1   1   1 | Gln CAA   2   1   2   2   1   2 |     CGA   0   0   0   0   0   0
    CTG   0   1   0   0   0   0 |     CCG   0   0   0   0   0   0 |     CAG   1   2   1   1   1   1 |     CGG   0   0   0   0   0   0
--------------------------------------------------------------------------------------------------------------------------------------
Ile ATT   3   3   3   3   3   3 | Thr ACT   0   0   0   0   0   0 | Asn AAT   1   1   1   1   1   1 | Ser AGT   1   1   1   1   1   1
    ATC   1   0   0   0   0   0 |     ACC   0   0   0   0   0   0 |     AAC   0   0   0   0   0   0 |     AGC   2   2   2   2   2   2
    ATA   0   0   1   1   1   1 |     ACA   1   2   1   1   1   1 | Lys AAA   0   0   0   0   0   0 | Arg AGA   0   0   0   0   0   0
Met ATG   1   1   1   1   1   1 |     ACG   0   0   0   0   0   0 |     AAG   0   0   0   0   0   0 |     AGG   0   0   0   0   0   0
--------------------------------------------------------------------------------------------------------------------------------------
Val GTT   1   1   1   1   1   1 | Ala GCT   0   0   0   0   0   0 | Asp GAT   5   5   5   5   5   4 | Gly GGT   1   1   1   1   1   1
    GTC   0   0   0   0   0   0 |     GCC   2   2   2   2   2   2 |     GAC   0   0   0   0   0   1 |     GGC   0   0   0   0   0   0
    GTA   0   0   0   0   0   0 |     GCA   2   2   2   2   2   2 | Glu GAA   0   0   0   0   0   0 |     GGA   0   0   1   0   1   1
    GTG   1   1   1   1   1   1 |     GCG   0   0   0   0   0   0 |     GAG   0   0   0   0   0   0 |     GGG   1   1   0   1   0   0
--------------------------------------------------------------------------------------------------------------------------------------

--------------------------------------------------------------------------------------------------------------------------------------
Phe TTT   3   3   3   3   3   3 | Ser TCT   2   2   2   2   2   2 | Tyr TAT   3   3   3   3   3   3 | Cys TGT   3   3   3   3   3   3
    TTC   0   0   0   0   0   0 |     TCC   2   2   2   2   2   2 |     TAC   0   0   0   0   0   0 |     TGC   0   0   0   0   0   0
Leu TTA   1   1   1   1   1   1 |     TCA   1   1   1   1   1   1 | *** TAA   0   0   0   0   0   0 | *** TGA   0   0   0   0   0   0
    TTG   1   1   1   1   1   1 |     TCG   0   0   0   0   0   0 |     TAG   0   0   0   0   0   0 | Trp TGG   1   1   1   1   1   1
--------------------------------------------------------------------------------------------------------------------------------------
Leu CTT   1   1   1   1   1   1 | Pro CCT   1   1   1   1   1   1 | His CAT   0   0   0   0   0   0 | Arg CGT   0   0   0   0   0   0
    CTC   0   0   0   0   0   0 |     CCC   0   0   0   0   0   0 |     CAC   0   0   0   0   0   0 |     CGC   0   0   0   0   0   0
    CTA   0   0   0   0   0   0 |     CCA   1   1   1   1   1   1 | Gln CAA   2   2   2   2   2   2 |     CGA   0   0   0   0   0   0
    CTG   0   0   0   0   0   0 |     CCG   0   0   0   0   0   0 |     CAG   1   1   1   1   1   1 |     CGG   0   0   0   0   0   0
--------------------------------------------------------------------------------------------------------------------------------------
Ile ATT   3   3   3   3   3   3 | Thr ACT   0   0   0   0   0   1 | Asn AAT   1   1   1   1   1   1 | Ser AGT   1   1   1   2   1   0
    ATC   0   1   0   0   0   0 |     ACC   0   0   0   0   0   0 |     AAC   0   0   0   0   0   0 |     AGC   2   2   2   1   2   2
    ATA   1   0   1   1   1   1 |     ACA   1   1   1   1   1   1 | Lys AAA   0   0   0   0   0   0 | Arg AGA   0   0   0   0   0   0
Met ATG   1   1   1   1   1   1 |     ACG   0   0   0   0   0   0 |     AAG   0   0   0   0   0   0 |     AGG   0   0   0   0   0   0
--------------------------------------------------------------------------------------------------------------------------------------
Val GTT   1   1   1   1   1   1 | Ala GCT   0   0   0   0   0   0 | Asp GAT   5   5   5   5   5   5 | Gly GGT   1   1   1   1   1   1
    GTC   0   0   0   0   0   0 |     GCC   2   2   2   2   2   2 |     GAC   0   0   0   0   0   0 |     GGC   0   0   0   0   0   0
    GTA   0   0   0   0   0   0 |     GCA   2   2   2   1   2   2 | Glu GAA   0   0   0   1   0   0 |     GGA   0   0   0   0   1   0
    GTG   1   1   1   1   1   1 |     GCG   0   0   0   1   0   0 |     GAG   0   0   0   0   0   0 |     GGG   1   1   1   0   0   1
--------------------------------------------------------------------------------------------------------------------------------------

--------------------------------------------------------------------------------------------------------------------------------------
Phe TTT   3   3   3   3   3   3 | Ser TCT   2   2   2   2   2   2 | Tyr TAT   3   3   3   3   3   3 | Cys TGT   3   3   3   3   3   3
    TTC   0   0   0   0   0   0 |     TCC   2   2   2   2   2   2 |     TAC   0   0   0   0   0   0 |     TGC   0   0   0   0   0   0
Leu TTA   1   1   1   1   1   1 |     TCA   1   1   1   1   1   1 | *** TAA   0   0   0   0   0   0 | *** TGA   0   0   0   0   0   0
    TTG   1   1   1   1   1   1 |     TCG   0   0   0   0   0   0 |     TAG   0   0   0   0   0   0 | Trp TGG   1   1   1   1   1   1
--------------------------------------------------------------------------------------------------------------------------------------
Leu CTT   1   1   1   1   1   1 | Pro CCT   1   1   1   1   1   1 | His CAT   0   0   0   0   0   0 | Arg CGT   0   0   0   0   0   0
    CTC   0   0   0   0   0   0 |     CCC   0   0   0   0   0   0 |     CAC   0   0   0   0   0   0 |     CGC   0   0   0   0   0   0
    CTA   0   0   0   0   0   0 |     CCA   1   1   1   1   1   1 | Gln CAA   2   2   2   2   2   2 |     CGA   0   0   0   0   0   0
    CTG   0   0   0   0   0   0 |     CCG   0   0   0   0   0   0 |     CAG   1   1   1   1   1   1 |     CGG   0   0   0   0   0   0
--------------------------------------------------------------------------------------------------------------------------------------
Ile ATT   3   3   2   3   3   3 | Thr ACT   0   1   0   0   0   0 | Asn AAT   1   1   1   1   1   1 | Ser AGT   1   0   1   1   1   1
    ATC   0   0   0   0   0   0 |     ACC   0   0   0   0   0   0 |     AAC   0   0   0   0   0   0 |     AGC   2   2   2   2   2   2
    ATA   1   1   1   1   0   1 |     ACA   1   1   1   1   2   1 | Lys AAA   0   0   0   0   0   0 | Arg AGA   0   0   0   0   0   0
Met ATG   1   1   1   1   1   1 |     ACG   0   0   0   0   0   0 |     AAG   0   0   0   0   0   0 |     AGG   0   0   0   0   0   0
--------------------------------------------------------------------------------------------------------------------------------------
Val GTT   1   1   2   1   1   1 | Ala GCT   0   0   0   0   0   0 | Asp GAT   5   5   5   5   5   5 | Gly GGT   1   1   1   1   1   1
    GTC   0   0   0   0   0   0 |     GCC   2   2   2   2   2   2 |     GAC   0   0   0   0   0   0 |     GGC   0   0   0   0   0   0
    GTA   0   0   0   0   0   0 |     GCA   2   2   2   2   2   1 | Glu GAA   0   0   0   0   0   1 |     GGA   0   0   0   0   0   0
    GTG   1   1   1   1   1   1 |     GCG   0   0   0   0   0   1 |     GAG   0   0   0   0   0   0 |     GGG   1   1   1   1   1   0
--------------------------------------------------------------------------------------------------------------------------------------

--------------------------------------------------------------------------------------------------------------------------------------
Phe TTT   3   3   3   3   3   3 | Ser TCT   1   2   2   2   2   2 | Tyr TAT   3   3   3   3   3   3 | Cys TGT   3   3   3   3   3   3
    TTC   0   0   0   0   0   0 |     TCC   2   2   2   2   2   2 |     TAC   0   0   0   0   0   0 |     TGC   0   0   0   0   0   0
Leu TTA   1   1   1   1   1   1 |     TCA   1   1   1   1   1   1 | *** TAA   0   0   0   0   0   0 | *** TGA   0   0   0   0   0   0
    TTG   1   1   1   1   1   1 |     TCG   0   0   0   0   0   0 |     TAG   0   0   0   0   0   0 | Trp TGG   1   1   1   1   1   1
--------------------------------------------------------------------------------------------------------------------------------------
Leu CTT   1   1   1   1   1   1 | Pro CCT   1   1   1   1   1   1 | His CAT   0   0   0   0   0   0 | Arg CGT   0   0   1   0   0   0
    CTC   0   0   0   0   0   0 |     CCC   0   0   0   0   0   0 |     CAC   0   0   0   0   0   0 |     CGC   0   0   0   0   0   0
    CTA   0   0   0   0   0   0 |     CCA   1   1   1   1   1   1 | Gln CAA   2   1   2   2   2   2 |     CGA   0   0   0   0   0   0
    CTG   0   0   0   0   0   0 |     CCG   0   0   0   0   0   0 |     CAG   0   2   1   1   1   1 |     CGG   1   0   0   0   0   0
--------------------------------------------------------------------------------------------------------------------------------------
Ile ATT   3   3   3   3   3   3 | Thr ACT   0   0   0   0   0   0 | Asn AAT   1   1   1   1   1   1 | Ser AGT   1   1   0   1   1   1
    ATC   0   0   0   0   0   0 |     ACC   0   0   0   0   0   0 |     AAC   0   0   0   0   0   0 |     AGC   2   2   2   2   2   2
    ATA   1   1   1   1   1   1 |     ACA   1   1   1   1   1   1 | Lys AAA   0   0   0   0   0   0 | Arg AGA   0   0   0   0   0   0
Met ATG   1   1   1   1   1   1 |     ACG   0   0   0   0   0   0 |     AAG   0   0   0   0   0   0 |     AGG   0   0   0   0   0   0
--------------------------------------------------------------------------------------------------------------------------------------
Val GTT   1   1   1   1   1   1 | Ala GCT   1   0   0   0   0   0 | Asp GAT   5   5   5   5   5   5 | Gly GGT   1   1   1   1   1   1
    GTC   0   0   0   0   0   0 |     GCC   2   2   2   2   2   2 |     GAC   0   0   0   0   0   0 |     GGC   0   0   0   0   0   0
    GTA   0   0   0   0   0   0 |     GCA   2   2   2   2   1   2 | Glu GAA   0   0   0   0   1   0 |     GGA   0   0   0   1   0   0
    GTG   1   1   1   1   1   1 |     GCG   0   0   0   0   1   0 |     GAG   0   0   0   0   0   0 |     GGG   1   1   1   0   0   1
--------------------------------------------------------------------------------------------------------------------------------------

--------------------------------------------------------------------------------------------------------------------------------------
Phe TTT   3   3   3   2   3   3 | Ser TCT   2   2   2   3   2   2 | Tyr TAT   3   3   3   2   3   3 | Cys TGT   3   3   3   3   3   3
    TTC   0   0   0   0   0   0 |     TCC   2   2   2   1   2   2 |     TAC   0   0   0   0   0   0 |     TGC   0   0   0   0   0   0
Leu TTA   1   1   1   1   1   1 |     TCA   1   1   1   1   1   1 | *** TAA   0   0   0   0   0   0 | *** TGA   0   0   0   0   0   0
    TTG   1   1   1   1   1   1 |     TCG   0   0   0   0   0   0 |     TAG   0   0   0   0   0   0 | Trp TGG   1   1   1   0   1   1
--------------------------------------------------------------------------------------------------------------------------------------
Leu CTT   1   1   1   2   1   1 | Pro CCT   1   1   1   1   1   1 | His CAT   0   0   0   0   0   0 | Arg CGT   0   0   0   0   0   0
    CTC   0   0   0   0   0   0 |     CCC   0   0   0   0   0   0 |     CAC   0   0   0   0   0   0 |     CGC   0   0   0   0   0   0
    CTA   0   0   0   1   0   0 |     CCA   1   1   1   0   1   1 | Gln CAA   2   2   2   2   2   2 |     CGA   0   0   0   0   0   0
    CTG   0   0   0   0   0   0 |     CCG   0   0   0   0   0   0 |     CAG   1   1   1   2   1   1 |     CGG   0   0   0   1   0   0
--------------------------------------------------------------------------------------------------------------------------------------
Ile ATT   3   3   3   2   2   3 | Thr ACT   1   1   0   0   0   0 | Asn AAT   1   1   1   2   1   1 | Ser AGT   0   0   1   0   1   1
    ATC   0   0   0   0   0   0 |     ACC   0   0   0   0   0   0 |     AAC   0   0   0   2   0   0 |     AGC   2   2   2   1   2   2
    ATA   1   1   1   1   1   1 |     ACA   1   1   1   1   1   1 | Lys AAA   0   0   0   0   0   0 | Arg AGA   0   0   0   0   0   0
Met ATG   1   1   1   1   1   1 |     ACG   0   0   0   0   0   0 |     AAG   0   0   0   0   0   0 |     AGG   0   0   0   0   0   0
--------------------------------------------------------------------------------------------------------------------------------------
Val GTT   1   1   1   1   2   1 | Ala GCT   0   0   0   0   0   0 | Asp GAT   5   5   5   5   5   5 | Gly GGT   1   1   1   1   1   1
    GTC   0   0   0   0   0   0 |     GCC   2   2   2   2   2   2 |     GAC   0   0   0   0   0   0 |     GGC   0   0   0   0   0   0
    GTA   0   0   0   0   0   0 |     GCA   2   2   2   2   2   2 | Glu GAA   0   0   0   0   0   0 |     GGA   0   0   0   0   0   1
    GTG   1   1   1   1   1   1 |     GCG   0   0   0   1   0   0 |     GAG   0   0   0   0   0   0 |     GGG   1   1   1   0   1   0
--------------------------------------------------------------------------------------------------------------------------------------

--------------------------------------------------------------------------------------------------------------------------------------
Phe TTT   3   3   3   3   2   3 | Ser TCT   2   2   2   2   2   2 | Tyr TAT   3   3   3   3   3   3 | Cys TGT   3   3   3   3   3   3
    TTC   0   0   0   0   1   0 |     TCC   2   2   2   2   2   2 |     TAC   0   0   0   0   0   0 |     TGC   0   0   0   0   0   0
Leu TTA   1   1   1   1   1   1 |     TCA   1   1   1   1   1   1 | *** TAA   0   0   0   0   0   0 | *** TGA   0   0   0   0   0   0
    TTG   1   1   1   1   1   1 |     TCG   0   0   0   0   0   0 |     TAG   0   0   0   0   0   0 | Trp TGG   1   1   1   1   1   1
--------------------------------------------------------------------------------------------------------------------------------------
Leu CTT   1   1   1   1   1   1 | Pro CCT   1   1   1   1   1   1 | His CAT   0   0   0   0   0   0 | Arg CGT   0   0   0   0   0   0
    CTC   0   0   0   0   0   0 |     CCC   0   0   0   0   0   0 |     CAC   0   0   0   0   0   0 |     CGC   0   0   0   0   0   0
    CTA   0   0   0   0   0   0 |     CCA   1   1   1   1   1   1 | Gln CAA   2   2   2   2   1   2 |     CGA   0   0   0   0   0   0
    CTG   0   0   0   0   0   0 |     CCG   0   0   0   0   0   0 |     CAG   1   1   1   1   2   1 |     CGG   0   0   0   0   0   0
--------------------------------------------------------------------------------------------------------------------------------------
Ile ATT   3   3   3   3   3   2 | Thr ACT   0   0   1   0   0   0 | Asn AAT   1   1   1   1   1   1 | Ser AGT   1   1   0   1   1   1
    ATC   0   0   0   0   1   0 |     ACC   0   0   0   0   0   0 |     AAC   0   0   0   0   0   0 |     AGC   2   2   2   2   2   2
    ATA   1   1   1   1   0   1 |     ACA   1   1   1   1   1   1 | Lys AAA   0   0   0   0   0   0 | Arg AGA   0   0   0   0   0   0
Met ATG   1   1   1   1   1   1 |     ACG   0   0   0   0   0   0 |     AAG   0   0   0   0   0   0 |     AGG   0   0   0   0   0   0
--------------------------------------------------------------------------------------------------------------------------------------
Val GTT   1   1   1   1   1   2 | Ala GCT   0   0   0   0   0   0 | Asp GAT   5   5   5   5   5   5 | Gly GGT   1   1   1   1   1   1
    GTC   0   0   0   0   0   0 |     GCC   1   2   2   2   2   2 |     GAC   0   0   0   0   0   0 |     GGC   0   0   0   0   0   0
    GTA   0   0   0   0   0   0 |     GCA   2   2   2   2   2   2 | Glu GAA   1   0   0   0   0   0 |     GGA   0   1   0   0   0   0
    GTG   1   1   1   1   1   1 |     GCG   1   0   0   0   0   0 |     GAG   0   0   0   0   0   0 |     GGG   0   0   1   1   1   1
--------------------------------------------------------------------------------------------------------------------------------------

--------------------------------------------------------------------------------------------------------------------------------------
Phe TTT   4   3   3   3   3   3 | Ser TCT   2   2   2   2   2   2 | Tyr TAT   3   3   3   3   3   3 | Cys TGT   3   3   3   3   2   3
    TTC   0   0   0   0   0   0 |     TCC   2   2   2   2   2   2 |     TAC   0   0   0   0   0   0 |     TGC   0   0   0   0   1   0
Leu TTA   1   1   1   1   1   1 |     TCA   1   1   1   1   1   1 | *** TAA   0   0   0   0   0   0 | *** TGA   0   0   0   0   0   0
    TTG   1   1   1   1   1   1 |     TCG   0   0   0   0   0   0 |     TAG   0   0   0   0   0   0 | Trp TGG   1   1   1   1   1   1
--------------------------------------------------------------------------------------------------------------------------------------
Leu CTT   1   1   1   1   1   1 | Pro CCT   1   1   1   1   1   1 | His CAT   0   0   0   0   0   0 | Arg CGT   0   0   0   0   0   0
    CTC   0   0   0   0   0   0 |     CCC   0   0   0   0   0   0 |     CAC   0   0   0   0   0   0 |     CGC   0   0   0   0   0   0
    CTA   0   0   0   0   0   0 |     CCA   1   1   1   1   1   1 | Gln CAA   2   2   2   2   2   2 |     CGA   0   0   0   0   0   0
    CTG   0   0   0   0   0   0 |     CCG   0   0   0   0   0   0 |     CAG   1   1   1   1   1   1 |     CGG   0   0   0   0   0   0
--------------------------------------------------------------------------------------------------------------------------------------
Ile ATT   3   3   3   3   3   3 | Thr ACT   0   1   0   0   0   1 | Asn AAT   1   1   1   2   1   1 | Ser AGT   1   0   1   0   1   0
    ATC   0   0   0   0   0   0 |     ACC   0   0   0   0   0   0 |     AAC   0   0   0   0   0   0 |     AGC   2   2   2   2   2   2
    ATA   1   1   1   1   1   1 |     ACA   1   2   1   1   1   1 | Lys AAA   0   0   0   0   0   0 | Arg AGA   0   0   0   0   0   0
Met ATG   1   1   1   1   1   1 |     ACG   0   0   0   0   0   0 |     AAG   0   0   0   0   0   0 |     AGG   0   0   0   0   0   0
--------------------------------------------------------------------------------------------------------------------------------------
Val GTT   0   1   1   1   1   1 | Ala GCT   0   0   0   0   0   0 | Asp GAT   5   5   5   5   5   5 | Gly GGT   1   1   1   1   1   1
    GTC   0   0   0   0   0   0 |     GCC   2   2   2   2   2   2 |     GAC   0   0   0   0   0   0 |     GGC   0   0   0   0   0   0
    GTA   0   0   0   0   0   0 |     GCA   2   1   2   2   1   2 | Glu GAA   0   0   0   0   1   0 |     GGA   0   0   0   0   0   0
    GTG   1   1   1   1   1   1 |     GCG   0   0   0   0   1   0 |     GAG   0   0   0   0   0   0 |     GGG   1   1   1   1   0   1
--------------------------------------------------------------------------------------------------------------------------------------

--------------------------------------------------------------------------------------------------------------------------------------
Phe TTT   3   3   3   3   3   3 | Ser TCT   2   2   2   2   2   2 | Tyr TAT   3   3   3   3   3   3 | Cys TGT   3   3   3   3   3   3
    TTC   0   0   0   0   0   0 |     TCC   2   2   2   2   2   2 |     TAC   0   0   0   0   0   0 |     TGC   0   0   0   0   0   0
Leu TTA   1   1   1   1   1   1 |     TCA   1   1   1   1   1   1 | *** TAA   0   0   0   0   0   0 | *** TGA   0   0   0   0   0   0
    TTG   1   1   1   1   1   1 |     TCG   0   0   0   0   0   0 |     TAG   0   0   0   0   0   0 | Trp TGG   1   1   1   1   1   1
--------------------------------------------------------------------------------------------------------------------------------------
Leu CTT   1   1   1   1   1   1 | Pro CCT   1   1   1   1   1   1 | His CAT   0   0   0   0   0   0 | Arg CGT   0   0   0   0   0   0
    CTC   0   0   0   0   0   0 |     CCC   0   0   0   0   0   0 |     CAC   0   0   0   0   0   0 |     CGC   0   0   0   0   0   0
    CTA   0   0   0   0   0   0 |     CCA   1   1   1   1   1   1 | Gln CAA   2   2   2   2   2   2 |     CGA   0   0   0   0   0   0
    CTG   0   0   0   0   0   0 |     CCG   0   0   0   0   0   0 |     CAG   1   1   1   1   1   1 |     CGG   0   0   0   0   0   0
--------------------------------------------------------------------------------------------------------------------------------------
Ile ATT   3   3   3   3   3   3 | Thr ACT   1   0   1   1   1   0 | Asn AAT   1   1   1   1   1   1 | Ser AGT   0   1   0   0   0   1
    ATC   0   0   0   0   0   0 |     ACC   0   0   0   0   0   0 |     AAC   0   0   0   0   0   0 |     AGC   2   2   2   2   2   2
    ATA   1   1   1   1   1   1 |     ACA   1   1   1   1   1   1 | Lys AAA   0   0   0   0   0   0 | Arg AGA   0   0   0   0   0   0
Met ATG   1   1   1   1   1   1 |     ACG   0   0   0   0   0   0 |     AAG   0   0   0   0   0   0 |     AGG   0   0   0   0   0   0
--------------------------------------------------------------------------------------------------------------------------------------
Val GTT   1   1   1   1   1   1 | Ala GCT   0   0   0   0   0   0 | Asp GAT   5   5   5   5   5   4 | Gly GGT   1   1   1   1   1   1
    GTC   0   0   0   0   0   0 |     GCC   2   2   2   2   2   2 |     GAC   0   0   0   0   0   1 |     GGC   0   0   0   0   0   0
    GTA   0   0   0   0   0   0 |     GCA   2   1   2   2   2   2 | Glu GAA   0   1   0   0   0   0 |     GGA   0   0   0   0   0   0
    GTG   1   1   1   1   1   1 |     GCG   0   1   0   0   0   0 |     GAG   0   0   0   0   0   0 |     GGG   1   0   1   1   1   1
--------------------------------------------------------------------------------------------------------------------------------------

--------------------------------------------------------------------------------------------------------------------------------------
Phe TTT   3   3   3   3   3   3 | Ser TCT   2   2   2   2   3   2 | Tyr TAT   3   3   3   3   3   3 | Cys TGT   3   3   3   3   3   3
    TTC   0   0   0   0   0   0 |     TCC   2   2   2   2   1   2 |     TAC   0   0   0   0   0   0 |     TGC   0   0   0   0   0   0
Leu TTA   1   1   1   1   1   1 |     TCA   1   1   1   1   1   1 | *** TAA   0   0   0   0   0   0 | *** TGA   0   0   0   0   0   0
    TTG   1   1   2   1   1   1 |     TCG   0   0   0   0   0   0 |     TAG   0   0   0   0   0   0 | Trp TGG   1   1   1   1   1   1
--------------------------------------------------------------------------------------------------------------------------------------
Leu CTT   1   1   1   1   1   1 | Pro CCT   1   1   1   1   1   1 | His CAT   0   0   0   0   0   0 | Arg CGT   0   0   0   0   0   0
    CTC   0   0   0   0   0   0 |     CCC   0   0   0   0   0   0 |     CAC   0   0   0   0   0   0 |     CGC   0   0   0   0   0   0
    CTA   0   0   0   0   0   0 |     CCA   1   1   1   1   1   1 | Gln CAA   2   2   2   2   2   2 |     CGA   0   0   0   0   0   0
    CTG   0   0   0   0   0   0 |     CCG   0   0   0   0   0   0 |     CAG   1   1   1   1   1   1 |     CGG   0   0   0   0   0   0
--------------------------------------------------------------------------------------------------------------------------------------
Ile ATT   3   2   3   3   3   3 | Thr ACT   0   0   0   0   0   0 | Asn AAT   1   1   1   1   1   1 | Ser AGT   1   1   1   1   1   1
    ATC   0   0   0   0   0   0 |     ACC   0   0   0   0   0   0 |     AAC   0   0   0   0   0   0 |     AGC   2   2   2   2   2   2
    ATA   1   1   1   1   1   1 |     ACA   1   1   1   1   1   1 | Lys AAA   0   0   0   0   0   0 | Arg AGA   0   1   0   0   0   0
Met ATG   1   1   0   1   1   1 |     ACG   0   0   0   0   0   0 |     AAG   0   0   0   0   0   0 |     AGG   0   0   0   0   0   0
--------------------------------------------------------------------------------------------------------------------------------------
Val GTT   1   1   1   1   1   1 | Ala GCT   0   0   0   0   0   0 | Asp GAT   5   5   5   5   5   5 | Gly GGT   1   1   1   1   1   1
    GTC   0   0   0   0   0   0 |     GCC   2   2   2   2   2   2 |     GAC   0   0   0   0   0   0 |     GGC   0   0   0   0   0   0
    GTA   0   0   0   0   0   0 |     GCA   1   2   2   2   2   2 | Glu GAA   0   0   0   0   0   0 |     GGA   0   0   0   0   1   1
    GTG   1   1   1   1   1   1 |     GCG   1   0   0   0   0   0 |     GAG   1   0   0   0   0   0 |     GGG   0   1   1   1   0   0
--------------------------------------------------------------------------------------------------------------------------------------

Codon position x base (3x4) table for each sequence.

#1: Argali         
position  1:    T:0.36957    C:0.13043    A:0.21739    G:0.28261
position  2:    T:0.28261    C:0.26087    A:0.26087    G:0.19565
position  3:    T:0.54348    C:0.15217    A:0.17391    G:0.13043
Average         T:0.39855    C:0.18116    A:0.21739    G:0.20290

#2: LesserMouseDeer
position  1:    T:0.36957    C:0.13043    A:0.21739    G:0.28261
position  2:    T:0.26087    C:0.28261    A:0.26087    G:0.19565
position  3:    T:0.52174    C:0.13043    A:0.17391    G:0.17391
Average         T:0.38406    C:0.18116    A:0.21739    G:0.21739

#3: LesserKudu     
position  1:    T:0.36957    C:0.13043    A:0.21739    G:0.28261
position  2:    T:0.28261    C:0.26087    A:0.26087    G:0.19565
position  3:    T:0.54348    C:0.13043    A:0.21739    G:0.10870
Average         T:0.39855    C:0.17391    A:0.23188    G:0.19565

#4: ForestMuskDeer2
position  1:    T:0.36957    C:0.13043    A:0.21739    G:0.28261
position  2:    T:0.28261    C:0.26087    A:0.26087    G:0.19565
position  3:    T:0.54348    C:0.13043    A:0.19565    G:0.13043
Average         T:0.39855    C:0.17391    A:0.22464    G:0.20290

#5: Camel          
position  1:    T:0.34783    C:0.15217    A:0.21739    G:0.28261
position  2:    T:0.28261    C:0.26087    A:0.26087    G:0.19565
position  3:    T:0.52174    C:0.15217    A:0.19565    G:0.13043
Average         T:0.38406    C:0.18841    A:0.22464    G:0.20290

#6: KillerWhale    
position  1:    T:0.34783    C:0.15217    A:0.21739    G:0.28261
position  2:    T:0.28261    C:0.26087    A:0.26087    G:0.19565
position  3:    T:0.50000    C:0.17391    A:0.21739    G:0.10870
Average         T:0.37681    C:0.19565    A:0.23188    G:0.19565

#7: DefassaWaterbuck
position  1:    T:0.36957    C:0.13043    A:0.21739    G:0.28261
position  2:    T:0.28261    C:0.26087    A:0.26087    G:0.19565
position  3:    T:0.54348    C:0.13043    A:0.19565    G:0.13043
Average         T:0.39855    C:0.17391    A:0.22464    G:0.20290

#8: Sheep          
position  1:    T:0.36957    C:0.13043    A:0.21739    G:0.28261
position  2:    T:0.28261    C:0.26087    A:0.26087    G:0.19565
position  3:    T:0.54348    C:0.15217    A:0.17391    G:0.13043
Average         T:0.39855    C:0.18116    A:0.21739    G:0.20290

#9: MaxwellsDuiker 
position  1:    T:0.36957    C:0.13043    A:0.21739    G:0.28261
position  2:    T:0.28261    C:0.26087    A:0.26087    G:0.19565
position  3:    T:0.54348    C:0.13043    A:0.19565    G:0.13043
Average         T:0.39855    C:0.17391    A:0.22464    G:0.20290

#10: GazellaPrzewalskyi
position  1:    T:0.36957    C:0.13043    A:0.21739    G:0.28261
position  2:    T:0.28261    C:0.26087    A:0.28261    G:0.17391
position  3:    T:0.56522    C:0.10870    A:0.19565    G:0.13043
Average         T:0.40580    C:0.16667    A:0.23188    G:0.19565

#11: MountainNyala  
position  1:    T:0.36957    C:0.13043    A:0.21739    G:0.28261
position  2:    T:0.28261    C:0.26087    A:0.26087    G:0.19565
position  3:    T:0.54348    C:0.13043    A:0.21739    G:0.10870
Average         T:0.39855    C:0.17391    A:0.23188    G:0.19565

#12: MuntiacusMuntjak
position  1:    T:0.36957    C:0.13043    A:0.21739    G:0.28261
position  2:    T:0.28261    C:0.28261    A:0.26087    G:0.17391
position  3:    T:0.54348    C:0.13043    A:0.19565    G:0.13043
Average         T:0.39855    C:0.18116    A:0.22464    G:0.19565

#13: goat           
position  1:    T:0.36957    C:0.13043    A:0.21739    G:0.28261
position  2:    T:0.28261    C:0.26087    A:0.26087    G:0.19565
position  3:    T:0.54348    C:0.13043    A:0.19565    G:0.13043
Average         T:0.39855    C:0.17391    A:0.22464    G:0.20290

#14: AfricanBuffalo 
position  1:    T:0.36957    C:0.13043    A:0.21739    G:0.28261
position  2:    T:0.28261    C:0.28261    A:0.26087    G:0.17391
position  3:    T:0.54348    C:0.13043    A:0.19565    G:0.13043
Average         T:0.39855    C:0.18116    A:0.22464    G:0.19565

#15: Topi           
position  1:    T:0.36957    C:0.13043    A:0.19565    G:0.30435
position  2:    T:0.28261    C:0.26087    A:0.26087    G:0.19565
position  3:    T:0.54348    C:0.13043    A:0.19565    G:0.13043
Average         T:0.39855    C:0.17391    A:0.21739    G:0.21014

#16: CommonDuiker   
position  1:    T:0.36957    C:0.13043    A:0.21739    G:0.28261
position  2:    T:0.28261    C:0.26087    A:0.26087    G:0.19565
position  3:    T:0.54348    C:0.13043    A:0.19565    G:0.13043
Average         T:0.39855    C:0.17391    A:0.22464    G:0.20290

#17: Suni           
position  1:    T:0.36957    C:0.13043    A:0.21739    G:0.28261
position  2:    T:0.26087    C:0.28261    A:0.26087    G:0.19565
position  3:    T:0.54348    C:0.13043    A:0.19565    G:0.13043
Average         T:0.39130    C:0.18116    A:0.22464    G:0.20290

#18: Springbuck     
position  1:    T:0.36957    C:0.13043    A:0.21739    G:0.28261
position  2:    T:0.28261    C:0.26087    A:0.28261    G:0.17391
position  3:    T:0.54348    C:0.13043    A:0.19565    G:0.13043
Average         T:0.39855    C:0.17391    A:0.23188    G:0.19565

#19: Okapi          
position  1:    T:0.34783    C:0.13043    A:0.21739    G:0.30435
position  2:    T:0.28261    C:0.26087    A:0.23913    G:0.21739
position  3:    T:0.54348    C:0.13043    A:0.19565    G:0.13043
Average         T:0.39130    C:0.17391    A:0.21739    G:0.21739

#20: Giraffe        
position  1:    T:0.36957    C:0.13043    A:0.21739    G:0.28261
position  2:    T:0.28261    C:0.26087    A:0.26087    G:0.19565
position  3:    T:0.54348    C:0.13043    A:0.17391    G:0.15217
Average         T:0.39855    C:0.17391    A:0.21739    G:0.21014

#21: TibetanAntelope
position  1:    T:0.36957    C:0.15217    A:0.19565    G:0.28261
position  2:    T:0.28261    C:0.26087    A:0.26087    G:0.19565
position  3:    T:0.54348    C:0.13043    A:0.19565    G:0.13043
Average         T:0.39855    C:0.18116    A:0.21739    G:0.20290

#22: Sitatunga      
position  1:    T:0.36957    C:0.13043    A:0.21739    G:0.28261
position  2:    T:0.28261    C:0.26087    A:0.26087    G:0.19565
position  3:    T:0.54348    C:0.13043    A:0.21739    G:0.10870
Average         T:0.39855    C:0.17391    A:0.23188    G:0.19565

#23: Oribi          
position  1:    T:0.36957    C:0.13043    A:0.21739    G:0.28261
position  2:    T:0.28261    C:0.26087    A:0.28261    G:0.17391
position  3:    T:0.54348    C:0.13043    A:0.19565    G:0.13043
Average         T:0.39855    C:0.17391    A:0.23188    G:0.19565

#24: BarbarySheep   
position  1:    T:0.36957    C:0.13043    A:0.21739    G:0.28261
position  2:    T:0.28261    C:0.26087    A:0.26087    G:0.19565
position  3:    T:0.54348    C:0.13043    A:0.19565    G:0.13043
Average         T:0.39855    C:0.17391    A:0.22464    G:0.20290

#25: Daviddeer      
position  1:    T:0.36957    C:0.13043    A:0.21739    G:0.28261
position  2:    T:0.28261    C:0.28261    A:0.26087    G:0.17391
position  3:    T:0.54348    C:0.13043    A:0.19565    G:0.13043
Average         T:0.39855    C:0.18116    A:0.22464    G:0.19565

#26: Reindeer       
position  1:    T:0.36957    C:0.13043    A:0.21739    G:0.28261
position  2:    T:0.28261    C:0.28261    A:0.26087    G:0.17391
position  3:    T:0.54348    C:0.13043    A:0.19565    G:0.13043
Average         T:0.39855    C:0.18116    A:0.22464    G:0.19565

#27: Ibex           
position  1:    T:0.36957    C:0.13043    A:0.21739    G:0.28261
position  2:    T:0.28261    C:0.26087    A:0.26087    G:0.19565
position  3:    T:0.54348    C:0.13043    A:0.19565    G:0.13043
Average         T:0.39855    C:0.17391    A:0.22464    G:0.20290

#28: GyrantGazelle  
position  1:    T:0.30435    C:0.19565    A:0.21739    G:0.28261
position  2:    T:0.28261    C:0.26087    A:0.32609    G:0.13043
position  3:    T:0.52174    C:0.13043    A:0.19565    G:0.15217
Average         T:0.36957    C:0.19565    A:0.24638    G:0.18841

#29: Hartebeest     
position  1:    T:0.36957    C:0.13043    A:0.19565    G:0.30435
position  2:    T:0.28261    C:0.26087    A:0.26087    G:0.19565
position  3:    T:0.54348    C:0.13043    A:0.19565    G:0.13043
Average         T:0.39855    C:0.17391    A:0.21739    G:0.21014

#30: Bongo          
position  1:    T:0.36957    C:0.13043    A:0.21739    G:0.28261
position  2:    T:0.28261    C:0.26087    A:0.26087    G:0.19565
position  3:    T:0.54348    C:0.13043    A:0.21739    G:0.10870
Average         T:0.39855    C:0.17391    A:0.23188    G:0.19565

#31: Gerenuk        
position  1:    T:0.36957    C:0.13043    A:0.21739    G:0.28261
position  2:    T:0.28261    C:0.26087    A:0.28261    G:0.17391
position  3:    T:0.54348    C:0.10870    A:0.21739    G:0.13043
Average         T:0.39855    C:0.16667    A:0.23913    G:0.19565

#32: CommonEland    
position  1:    T:0.36957    C:0.13043    A:0.21739    G:0.28261
position  2:    T:0.28261    C:0.26087    A:0.26087    G:0.19565
position  3:    T:0.54348    C:0.13043    A:0.21739    G:0.10870
Average         T:0.39855    C:0.17391    A:0.23188    G:0.19565

#33: MuntiacusReevesi
position  1:    T:0.36957    C:0.13043    A:0.21739    G:0.28261
position  2:    T:0.28261    C:0.28261    A:0.26087    G:0.17391
position  3:    T:0.54348    C:0.13043    A:0.19565    G:0.13043
Average         T:0.39855    C:0.18116    A:0.22464    G:0.19565

#34: HarveysDuiker  
position  1:    T:0.36957    C:0.13043    A:0.21739    G:0.28261
position  2:    T:0.28261    C:0.26087    A:0.26087    G:0.19565
position  3:    T:0.54348    C:0.13043    A:0.19565    G:0.13043
Average         T:0.39855    C:0.17391    A:0.22464    G:0.20290

#35: Pronghorn      
position  1:    T:0.36957    C:0.13043    A:0.21739    G:0.28261
position  2:    T:0.28261    C:0.26087    A:0.26087    G:0.19565
position  3:    T:0.52174    C:0.17391    A:0.15217    G:0.15217
Average         T:0.39130    C:0.18841    A:0.21014    G:0.21014

#36: BlueWildebeest 
position  1:    T:0.36957    C:0.13043    A:0.19565    G:0.30435
position  2:    T:0.28261    C:0.26087    A:0.26087    G:0.19565
position  3:    T:0.54348    C:0.13043    A:0.19565    G:0.13043
Average         T:0.39855    C:0.17391    A:0.21739    G:0.21014

#37: Gemsbok        
position  1:    T:0.39130    C:0.13043    A:0.21739    G:0.26087
position  2:    T:0.28261    C:0.26087    A:0.26087    G:0.19565
position  3:    T:0.54348    C:0.13043    A:0.19565    G:0.13043
Average         T:0.40580    C:0.17391    A:0.22464    G:0.19565

#38: Yak            
position  1:    T:0.36957    C:0.13043    A:0.23913    G:0.26087
position  2:    T:0.28261    C:0.28261    A:0.26087    G:0.17391
position  3:    T:0.54348    C:0.13043    A:0.19565    G:0.13043
Average         T:0.39855    C:0.18116    A:0.23188    G:0.18841

#39: BlueSheep      
position  1:    T:0.36957    C:0.13043    A:0.21739    G:0.28261
position  2:    T:0.28261    C:0.26087    A:0.26087    G:0.19565
position  3:    T:0.54348    C:0.13043    A:0.19565    G:0.13043
Average         T:0.39855    C:0.17391    A:0.22464    G:0.20290

#40: BohorReedbuck  
position  1:    T:0.36957    C:0.13043    A:0.21739    G:0.28261
position  2:    T:0.28261    C:0.26087    A:0.28261    G:0.17391
position  3:    T:0.54348    C:0.13043    A:0.19565    G:0.13043
Average         T:0.39855    C:0.17391    A:0.23188    G:0.19565

#41: KirksDik       
position  1:    T:0.36957    C:0.13043    A:0.21739    G:0.28261
position  2:    T:0.28261    C:0.26087    A:0.28261    G:0.17391
position  3:    T:0.52174    C:0.15217    A:0.19565    G:0.13043
Average         T:0.39130    C:0.18116    A:0.23188    G:0.19565

#42: RoeDeer        
position  1:    T:0.36957    C:0.13043    A:0.21739    G:0.28261
position  2:    T:0.28261    C:0.28261    A:0.26087    G:0.17391
position  3:    T:0.54348    C:0.13043    A:0.19565    G:0.13043
Average         T:0.39855    C:0.18116    A:0.22464    G:0.19565

#43: WhiteLippedDeer
position  1:    T:0.36957    C:0.13043    A:0.21739    G:0.28261
position  2:    T:0.28261    C:0.28261    A:0.26087    G:0.17391
position  3:    T:0.54348    C:0.13043    A:0.19565    G:0.13043
Average         T:0.39855    C:0.18116    A:0.22464    G:0.19565

#44: ThomsonGazelle 
position  1:    T:0.36957    C:0.13043    A:0.21739    G:0.28261
position  2:    T:0.28261    C:0.26087    A:0.28261    G:0.17391
position  3:    T:0.54348    C:0.13043    A:0.19565    G:0.13043
Average         T:0.39855    C:0.17391    A:0.23188    G:0.19565

#45: MuntiacusCrinifrons
position  1:    T:0.36957    C:0.13043    A:0.21739    G:0.28261
position  2:    T:0.28261    C:0.28261    A:0.26087    G:0.17391
position  3:    T:0.54348    C:0.13043    A:0.19565    G:0.13043
Average         T:0.39855    C:0.18116    A:0.22464    G:0.19565

#46: WhiteTailedDeer
position  1:    T:0.36957    C:0.13043    A:0.21739    G:0.28261
position  2:    T:0.28261    C:0.28261    A:0.26087    G:0.17391
position  3:    T:0.54348    C:0.13043    A:0.19565    G:0.13043
Average         T:0.39855    C:0.18116    A:0.22464    G:0.19565

#47: Cattle         
position  1:    T:0.36957    C:0.13043    A:0.21739    G:0.28261
position  2:    T:0.28261    C:0.28261    A:0.26087    G:0.17391
position  3:    T:0.54348    C:0.13043    A:0.19565    G:0.13043
Average         T:0.39855    C:0.18116    A:0.22464    G:0.19565

#48: RoyalAntelope  
position  1:    T:0.36957    C:0.13043    A:0.21739    G:0.28261
position  2:    T:0.28261    C:0.26087    A:0.26087    G:0.19565
position  3:    T:0.52174    C:0.15217    A:0.19565    G:0.13043
Average         T:0.39130    C:0.18116    A:0.22464    G:0.20290

#49: Steenbok       
position  1:    T:0.36957    C:0.13043    A:0.21739    G:0.28261
position  2:    T:0.28261    C:0.26087    A:0.28261    G:0.17391
position  3:    T:0.54348    C:0.13043    A:0.17391    G:0.15217
Average         T:0.39855    C:0.17391    A:0.22464    G:0.20290

#50: Impala         
position  1:    T:0.36957    C:0.13043    A:0.21739    G:0.28261
position  2:    T:0.26087    C:0.26087    A:0.26087    G:0.21739
position  3:    T:0.52174    C:0.13043    A:0.21739    G:0.13043
Average         T:0.38406    C:0.17391    A:0.23188    G:0.21014

#51: Klipspringer   
position  1:    T:0.39130    C:0.13043    A:0.19565    G:0.28261
position  2:    T:0.28261    C:0.26087    A:0.26087    G:0.19565
