CODONML (in paml version 4.10.7, June 2023)  /home/rachel/ruminants_paml/6406-phy-tree/ENSBTAT00000020108.fasta.phy
Model: free dN/dS Ratios for branches,  kappa = 2.000 fixed

Codon frequency model: F3x4
ns =  54  ls =  25

Codon usage in sequences
--------------------------------------------------------------------------------------------------------------------------------------
Phe TTT   1   1   1   1   0   1 | Ser TCT   0   0   0   0   0   0 | Tyr TAT   0   0   0   0   0   0 | Cys TGT   0   0   0   0   0   0
    TTC   0   0   0   0   1   0 |     TCC   1   0   1   1   1   1 |     TAC   0   0   0   0   0   0 |     TGC   1   1   1   1   1   1
Leu TTA   0   0   0   0   0   0 |     TCA   0   0   0   0   0   0 | *** TAA   0   0   0   0   0   0 | *** TGA   0   0   0   0   0   0
    TTG   0   0   0   0   0   0 |     TCG   0   1   0   0   0   0 |     TAG   0   0   0   0   0   0 | Trp TGG   0   0   0   0   0   0
--------------------------------------------------------------------------------------------------------------------------------------
Leu CTT   0   0   0   0   0   0 | Pro CCT   0   0   0   0   0   0 | His CAT   0   0   0   0   0   0 | Arg CGT   0   0   0   0   0   0
    CTC   1   1   1   1   1   1 |     CCC   0   0   0   0   0   0 |     CAC   1   1   1   1   1   1 |     CGC   0   0   0   0   0   0
    CTA   1   0   1   1   1   1 |     CCA   0   0   0   0   0   0 | Gln CAA   0   0   0   0   0   0 |     CGA   0   0   0   0   0   0
    CTG   0   1   0   0   0   0 |     CCG   0   0   0   0   0   0 |     CAG   0   0   0   0   0   0 |     CGG   0   0   0   0   0   0
--------------------------------------------------------------------------------------------------------------------------------------
Ile ATT   1   1   1   1   0   1 | Thr ACT   0   0   0   0   0   0 | Asn AAT   1   1   1   1   0   1 | Ser AGT   0   0   0   0   0   0
    ATC   0   0   0   0   1   0 |     ACC   1   1   1   1   1   0 |     AAC   1   1   1   1   2   1 |     AGC   0   0   0   0   0   0
    ATA   2   2   2   2   2   2 |     ACA   0   0   0   0   0   0 | Lys AAA   2   1   2   2   2   2 | Arg AGA   0   1   0   0   1   1
Met ATG   0   0   0   0   0   0 |     ACG   0   0   0   0   0   1 |     AAG   0   1   0   0   0   0 |     AGG   2   1   2   2   1   1
--------------------------------------------------------------------------------------------------------------------------------------
Val GTT   0   0   0   0   0   0 | Ala GCT   2   2   2   2   1   2 | Asp GAT   1   0   1   1   1   1 | Gly GGT   0   0   0   0   0   0
    GTC   0   0   0   0   0   0 |     GCC   0   0   0   0   0   0 |     GAC   0   1   0   0   0   0 |     GGC   0   0   0   0   0   0
    GTA   0   0   0   0   0   0 |     GCA   0   0   0   0   1   0 | Glu GAA   3   3   3   3   3   3 |     GGA   0   0   0   0   0   0
    GTG   2   2   2   2   2   2 |     GCG   0   0   0   0   0   0 |     GAG   0   0   0   0   0   0 |     GGG   1   1   1   1   1   1
--------------------------------------------------------------------------------------------------------------------------------------

--------------------------------------------------------------------------------------------------------------------------------------
Phe TTT   1   1   1   1   1   1 | Ser TCT   0   0   0   0   0   0 | Tyr TAT   0   0   0   0   0   0 | Cys TGT   0   0   0   0   0   0
    TTC   0   0   0   0   0   0 |     TCC   1   1   1   1   1   1 |     TAC   0   0   0   0   0   0 |     TGC   1   1   1   1   1   1
Leu TTA   0   0   0   0   0   0 |     TCA   0   0   0   0   0   0 | *** TAA   0   0   0   0   0   0 | *** TGA   0   0   0   0   0   0
    TTG   0   0   0   0   0   0 |     TCG   0   0   0   0   0   0 |     TAG   0   0   0   0   0   0 | Trp TGG   0   0   0   0   0   0
--------------------------------------------------------------------------------------------------------------------------------------
Leu CTT   0   0   0   0   0   0 | Pro CCT   0   0   0   0   0   0 | His CAT   0   0   0   0   0   0 | Arg CGT   0   0   0   0   0   0
    CTC   1   1   1   1   1   1 |     CCC   0   0   0   0   0   0 |     CAC   1   1   1   1   1   1 |     CGC   0   0   0   0   0   0
    CTA   1   1   1   1   1   1 |     CCA   0   0   0   0   0   0 | Gln CAA   0   0   0   0   0   0 |     CGA   0   0   0   0   0   0
    CTG   0   0   0   0   0   0 |     CCG   0   0   0   0   0   0 |     CAG   0   0   0   0   0   0 |     CGG   0   0   0   0   0   0
--------------------------------------------------------------------------------------------------------------------------------------
Ile ATT   1   1   1   1   1   1 | Thr ACT   0   0   0   0   0   0 | Asn AAT   1   1   1   1   1   1 | Ser AGT   0   0   0   0   0   0
    ATC   0   0   0   0   0   0 |     ACC   1   1   1   1   1   1 |     AAC   1   1   1   1   1   1 |     AGC   0   0   0   0   0   0
    ATA   2   2   2   2   2   2 |     ACA   0   0   0   0   0   0 | Lys AAA   2   2   2   2   2   2 | Arg AGA   0   0   0   0   0   0
Met ATG   0   0   0   0   0   0 |     ACG   0   0   0   0   0   0 |     AAG   0   0   0   0   0   0 |     AGG   2   2   2   2   2   2
--------------------------------------------------------------------------------------------------------------------------------------
Val GTT   0   0   0   0   0   0 | Ala GCT   2   2   2   2   2   2 | Asp GAT   1   1   1   1   1   1 | Gly GGT   0   0   0   0   0   0
    GTC   0   0   0   0   0   0 |     GCC   0   0   0   0   0   0 |     GAC   0   0   0   0   0   0 |     GGC   0   0   0   0   0   0
    GTA   0   0   0   0   0   0 |     GCA   0   0   0   0   0   0 | Glu GAA   3   3   3   3   3   3 |     GGA   0   0   0   0   0   0
    GTG   2   2   2   2   2   2 |     GCG   0   0   0   0   0   0 |     GAG   0   0   0   0   0   0 |     GGG   1   1   1   1   1   1
--------------------------------------------------------------------------------------------------------------------------------------

--------------------------------------------------------------------------------------------------------------------------------------
Phe TTT   1   1   1   1   1   1 | Ser TCT   0   0   0   0   0   0 | Tyr TAT   0   0   0   0   0   0 | Cys TGT   0   0   0   0   0   0
    TTC   0   0   0   0   0   0 |     TCC   1   1   1   1   1   1 |     TAC   0   0   0   0   0   0 |     TGC   1   1   1   1   1   1
Leu TTA   0   0   0   0   0   0 |     TCA   0   0   0   0   0   0 | *** TAA   0   0   0   0   0   0 | *** TGA   0   0   0   0   0   0
    TTG   0   0   0   0   0   0 |     TCG   0   0   0   0   0   0 |     TAG   0   0   0   0   0   0 | Trp TGG   0   0   0   0   0   0
--------------------------------------------------------------------------------------------------------------------------------------
Leu CTT   0   0   0   0   0   0 | Pro CCT   0   0   0   0   0   0 | His CAT   0   0   0   0   0   0 | Arg CGT   0   0   0   0   0   0
    CTC   1   1   1   1   1   1 |     CCC   0   0   0   0   0   0 |     CAC   1   1   1   1   1   1 |     CGC   0   0   0   0   0   0
    CTA   1   1   1   1   1   1 |     CCA   0   0   0   0   0   0 | Gln CAA   0   0   0   0   0   0 |     CGA   0   0   0   0   0   0
    CTG   0   0   0   0   0   0 |     CCG   0   0   0   0   0   0 |     CAG   0   0   0   0   0   0 |     CGG   0   0   0   0   0   0
--------------------------------------------------------------------------------------------------------------------------------------
Ile ATT   1   1   1   1   1   1 | Thr ACT   0   0   0   0   0   0 | Asn AAT   1   1   1   1   1   1 | Ser AGT   0   0   0   0   0   0
    ATC   0   0   0   0   0   0 |     ACC   1   1   1   1   1   1 |     AAC   1   1   1   1   1   1 |     AGC   0   0   0   0   0   0
    ATA   2   2   2   2   2   2 |     ACA   0   0   0   0   0   0 | Lys AAA   2   2   2   2   2   2 | Arg AGA   0   0   0   0   0   0
Met ATG   0   0   0   0   0   0 |     ACG   0   0   0   0   0   0 |     AAG   0   0   0   0   0   0 |     AGG   2   2   2   2   2   2
--------------------------------------------------------------------------------------------------------------------------------------
Val GTT   0   0   0   0   0   0 | Ala GCT   2   2   2   2   2   2 | Asp GAT   1   1   1   1   1   1 | Gly GGT   0   0   0   0   0   0
    GTC   0   0   0   0   1   0 |     GCC   0   0   0   0   0   0 |     GAC   0   0   0   0   0   0 |     GGC   0   0   0   0   0   0
    GTA   0   0   0   0   0   0 |     GCA   0   0   0   0   0   0 | Glu GAA   3   3   3   3   3   3 |     GGA   0   0   0   0   0   0
    GTG   2   2   2   2   1   2 |     GCG   0   0   0   0   0   0 |     GAG   0   0   0   0   0   0 |     GGG   1   1   1   1   1   1
--------------------------------------------------------------------------------------------------------------------------------------

--------------------------------------------------------------------------------------------------------------------------------------
Phe TTT   1   1   1   1   1   1 | Ser TCT   0   0   0   0   0   0 | Tyr TAT   0   0   0   0   0   0 | Cys TGT   0   0   0   0   0   0
    TTC   0   0   0   0   0   0 |     TCC   1   1   1   1   1   1 |     TAC   0   0   0   0   0   0 |     TGC   1   1   1   1   1   1
Leu TTA   0   0   0   0   0   0 |     TCA   0   0   0   0   0   0 | *** TAA   0   0   0   0   0   0 | *** TGA   0   0   0   0   0   0
    TTG   0   0   0   0   0   0 |     TCG   0   0   0   0   0   0 |     TAG   0   0   0   0   0   0 | Trp TGG   0   0   0   0   0   0
--------------------------------------------------------------------------------------------------------------------------------------
Leu CTT   0   0   0   0   0   0 | Pro CCT   0   0   0   0   0   0 | His CAT   0   0   0   0   0   0 | Arg CGT   0   0   0   0   0   0
    CTC   1   1   1   1   1   1 |     CCC   0   0   0   0   0   0 |     CAC   1   1   1   1   1   1 |     CGC   0   0   0   0   0   0
    CTA   1   1   1   1   1   1 |     CCA   0   0   0   0   0   0 | Gln CAA   0   0   0   0   0   0 |     CGA   0   0   0   0   0   0
    CTG   0   0   0   0   0   0 |     CCG   0   0   0   0   0   0 |     CAG   0   0   0   0   0   0 |     CGG   0   0   0   0   0   0
--------------------------------------------------------------------------------------------------------------------------------------
Ile ATT   1   1   1   1   1   1 | Thr ACT   0   0   0   0   0   0 | Asn AAT   1   1   1   1   1   1 | Ser AGT   0   0   0   0   0   0
    ATC   0   0   0   0   0   0 |     ACC   1   1   1   1   1   1 |     AAC   1   1   1   1   1   1 |     AGC   0   0   0   0   0   0
    ATA   2   2   2   2   2   2 |     ACA   0   0   0   0   0   0 | Lys AAA   2   2   2   1   2   2 | Arg AGA   0   0   0   0   0   0
Met ATG   0   0   0   0   0   0 |     ACG   0   0   0   0   0   0 |     AAG   0   0   0   1   0   0 |     AGG   2   2   2   2   2   2
--------------------------------------------------------------------------------------------------------------------------------------
Val GTT   0   0   0   0   0   0 | Ala GCT   2   2   2   2   2   2 | Asp GAT   1   1   1   1   1   1 | Gly GGT   0   0   0   0   0   0
    GTC   0   0   0   0   0   0 |     GCC   0   0   0   0   0   0 |     GAC   0   0   0   0   0   0 |     GGC   0   0   0   0   0   0
    GTA   0   0   0   0   0   0 |     GCA   0   0   0   0   0   0 | Glu GAA   3   3   3   3   3   3 |     GGA   0   0   0   0   0   0
    GTG   2   2   2   2   2   2 |     GCG   0   0   0   0   0   0 |     GAG   0   0   0   0   0   0 |     GGG   1   1   1   1   1   1
--------------------------------------------------------------------------------------------------------------------------------------

--------------------------------------------------------------------------------------------------------------------------------------
Phe TTT   1   1   1   1   1   1 | Ser TCT   0   0   0   0   0   0 | Tyr TAT   0   0   0   0   0   0 | Cys TGT   0   0   0   0   0   0
    TTC   0   0   0   0   0   0 |     TCC   1   1   1   1   1   1 |     TAC   0   0   0   0   0   0 |     TGC   1   1   1   1   1   1
Leu TTA   0   0   0   0   0   0 |     TCA   0   0   0   0   0   0 | *** TAA   0   0   0   0   0   0 | *** TGA   0   0   0   0   0   0
    TTG   0   0   0   0   0   0 |     TCG   0   0   0   0   0   0 |     TAG   0   0   0   0   0   0 | Trp TGG   0   0   0   0   0   0
--------------------------------------------------------------------------------------------------------------------------------------
Leu CTT   0   0   0   0   0   0 | Pro CCT   0   0   0   0   0   0 | His CAT   0   0   0   0   0   0 | Arg CGT   0   0   0   0   0   0
    CTC   1   1   1   1   1   1 |     CCC   0   0   0   0   0   0 |     CAC   1   1   1   1   1   1 |     CGC   0   0   0   0   0   0
    CTA   1   1   1   1   1   1 |     CCA   0   0   0   0   0   0 | Gln CAA   0   0   0   0   0   0 |     CGA   0   0   0   0   0   0
    CTG   0   0   0   0   0   0 |     CCG   0   0   0   0   0   0 |     CAG   0   0   0   0   0   0 |     CGG   0   0   0   0   0   0
--------------------------------------------------------------------------------------------------------------------------------------
Ile ATT   1   1   1   1   1   1 | Thr ACT   0   0   0   0   0   0 | Asn AAT   1   1   1   1   1   1 | Ser AGT   0   0   0   0   0   0
    ATC   0   0   0   0   0   0 |     ACC   1   1   1   1   1   1 |     AAC   1   1   1   1   1   1 |     AGC   0   0   0   0   0   0
    ATA   2   2   2   2   2   2 |     ACA   0   0   0   0   0   0 | Lys AAA   2   2   2   2   2   2 | Arg AGA   0   0   0   0   0   0
Met ATG   0   0   0   0   0   0 |     ACG   0   0   0   0   0   0 |     AAG   0   0   0   0   0   0 |     AGG   2   2   2   2   2   2
--------------------------------------------------------------------------------------------------------------------------------------
Val GTT   0   0   0   0   0   0 | Ala GCT   2   2   2   2   2   2 | Asp GAT   1   1   1   1   1   1 | Gly GGT   0   0   0   0   0   0
    GTC   0   0   0   0   0   0 |     GCC   0   0   0   0   0   0 |     GAC   0   0   0   0   0   0 |     GGC   0   0   0   0   0   0
    GTA   0   0   0   0   0   0 |     GCA   0   0   0   0   0   0 | Glu GAA   3   3   3   3   3   3 |     GGA   0   0   0   0   0   0
    GTG   2   2   2   2   2   2 |     GCG   0   0   0   0   0   0 |     GAG   0   0   0   0   0   0 |     GGG   1   1   1   1   1   1
--------------------------------------------------------------------------------------------------------------------------------------

--------------------------------------------------------------------------------------------------------------------------------------
Phe TTT   1   1   1   1   1   1 | Ser TCT   0   0   0   0   0   0 | Tyr TAT   0   0   0   0   0   0 | Cys TGT   0   0   0   0   0   0
    TTC   0   0   0   0   0   0 |     TCC   1   1   1   1   1   1 |     TAC   0   0   0   0   0   0 |     TGC   1   1   1   1   1   1
Leu TTA   0   0   0   0   0   0 |     TCA   0   0   0   0   0   0 | *** TAA   0   0   0   0   0   0 | *** TGA   0   0   0   0   0   0
    TTG   0   0   0   0   0   0 |     TCG   0   0   0   0   0   0 |     TAG   0   0   0   0   0   0 | Trp TGG   0   0   0   0   0   0
--------------------------------------------------------------------------------------------------------------------------------------
Leu CTT   0   0   0   0   0   0 | Pro CCT   0   0   0   0   0   0 | His CAT   0   0   0   0   0   0 | Arg CGT   0   0   0   0   0   0
    CTC   1   1   1   1   1   1 |     CCC   0   0   0   0   0   0 |     CAC   1   1   1   1   1   1 |     CGC   0   0   0   0   0   0
    CTA   1   1   1   1   1   1 |     CCA   0   0   0   0   0   0 | Gln CAA   0   0   0   0   0   0 |     CGA   0   0   0   0   0   0
    CTG   0   0   0   0   0   0 |     CCG   0   0   0   0   0   0 |     CAG   0   0   0   0   0   0 |     CGG   0   0   0   0   0   0
--------------------------------------------------------------------------------------------------------------------------------------
Ile ATT   1   1   1   1   1   1 | Thr ACT   0   0   0   0   0   0 | Asn AAT   1   1   1   1   1   1 | Ser AGT   0   0   0   0   0   0
    ATC   0   0   0   0   0   0 |     ACC   1   1   1   1   1   1 |     AAC   1   1   1   1   1   1 |     AGC   0   0   0   0   0   0
    ATA   2   2   2   2   2   2 |     ACA   0   0   0   0   0   0 | Lys AAA   2   2   2   2   2   2 | Arg AGA   0   0   0   0   0   0
Met ATG   0   0   0   0   0   0 |     ACG   0   0   0   0   0   0 |     AAG   0   0   0   0   0   0 |     AGG   2   2   2   2   2   2
--------------------------------------------------------------------------------------------------------------------------------------
Val GTT   0   0   0   0   0   0 | Ala GCT   2   2   2   2   2   2 | Asp GAT   1   1   1   1   1   1 | Gly GGT   0   0   0   0   0   0
    GTC   0   0   0   0   0   0 |     GCC   0   0   0   0   0   0 |     GAC   0   0   0   0   0   0 |     GGC   0   0   0   0   0   0
    GTA   0   0   0   0   0   0 |     GCA   0   0   0   0   0   0 | Glu GAA   3   3   3   3   3   3 |     GGA   0   0   0   0   0   0
    GTG   2   2   2   2   2   2 |     GCG   0   0   0   0   0   0 |     GAG   0   0   0   0   0   0 |     GGG   1   1   1   1   1   1
--------------------------------------------------------------------------------------------------------------------------------------

--------------------------------------------------------------------------------------------------------------------------------------
Phe TTT   1   1   1   1   1   1 | Ser TCT   0   0   0   0   0   0 | Tyr TAT   0   0   0   0   0   0 | Cys TGT   0   0   0   0   0   0
    TTC   0   0   0   0   0   0 |     TCC   1   1   1   1   1   1 |     TAC   0   0   0   0   0   0 |     TGC   1   1   1   1   1   1
Leu TTA   0   0   0   0   0   0 |     TCA   0   0   0   0   0   0 | *** TAA   0   0   0   0   0   0 | *** TGA   0   0   0   0   0   0
    TTG   0   0   0   0   0   0 |     TCG   0   0   0   0   0   0 |     TAG   0   0   0   0   0   0 | Trp TGG   0   0   0   0   0   0
--------------------------------------------------------------------------------------------------------------------------------------
Leu CTT   0   0   0   0   0   0 | Pro CCT   0   0   0   0   0   0 | His CAT   0   0   0   0   0   1 | Arg CGT   0   0   0   0   0   0
    CTC   1   1   1   1   1   1 |     CCC   0   0   0   0   0   0 |     CAC   1   1   1   1   1   0 |     CGC   0   0   0   0   0   0
    CTA   1   1   1   1   1   1 |     CCA   0   0   0   0   0   0 | Gln CAA   0   0   0   0   0   0 |     CGA   0   0   0   0   0   0
    CTG   0   0   0   0   0   0 |     CCG   0   0   0   0   0   0 |     CAG   0   0   0   0   0   0 |     CGG   0   0   0   0   0   0
--------------------------------------------------------------------------------------------------------------------------------------
Ile ATT   1   1   1   1   1   1 | Thr ACT   0   0   0   0   0   0 | Asn AAT   1   1   1   1   1   1 | Ser AGT   0   0   0   0   0   0
    ATC   0   0   0   0   0   0 |     ACC   1   1   1   1   1   1 |     AAC   1   1   1   1   1   1 |     AGC   0   0   0   0   0   0
    ATA   2   1   2   2   2   2 |     ACA   0   0   0   0   0   0 | Lys AAA   2   2   2   2   2   1 | Arg AGA   0   0   0   0   0   0
Met ATG   0   0   0   0   0   0 |     ACG   0   0   0   0   0   0 |     AAG   0   0   0   0   0   1 |     AGG   2   2   2   2   2   2
--------------------------------------------------------------------------------------------------------------------------------------
Val GTT   0   0   0   0   0   0 | Ala GCT   2   2   2   2   2   2 | Asp GAT   1   1   1   1   1   1 | Gly GGT   0   0   0   0   0   0
    GTC   0   0   0   0   0   0 |     GCC   0   0   0   0   0   0 |     GAC   0   0   0   0   0   0 |     GGC   0   0   0   0   0   0
    GTA   0   1   0   0   0   0 |     GCA   0   0   0   0   0   0 | Glu GAA   3   3   3   3   3   3 |     GGA   0   0   0   0   0   0
    GTG   2   2   2   2   2   2 |     GCG   0   0   0   0   0   0 |     GAG   0   0   0   0   0   0 |     GGG   1   1   1   1   1   1
--------------------------------------------------------------------------------------------------------------------------------------

--------------------------------------------------------------------------------------------------------------------------------------
Phe TTT   1   1   1   1   1   1 | Ser TCT   0   0   0   0   0   0 | Tyr TAT   0   0   0   0   0   0 | Cys TGT   0   0   0   0   0   0
    TTC   0   0   0   0   0   0 |     TCC   1   1   1   1   1   1 |     TAC   0   0   0   0   0   0 |     TGC   1   1   1   1   1   1
Leu TTA   0   0   0   0   0   0 |     TCA   0   0   0   0   0   0 | *** TAA   0   0   0   0   0   0 | *** TGA   0   0   0   0   0   0
    TTG   0   0   0   0   0   0 |     TCG   0   0   0   0   0   0 |     TAG   0   0   0   0   0   0 | Trp TGG   0   0   0   0   0   0
--------------------------------------------------------------------------------------------------------------------------------------
Leu CTT   0   0   0   0   0   0 | Pro CCT   0   0   0   0   0   0 | His CAT   0   0   0   0   0   0 | Arg CGT   0   0   0   0   0   0
    CTC   1   1   1   1   1   1 |     CCC   0   0   0   0   0   0 |     CAC   1   1   1   1   1   1 |     CGC   0   0   0   0   0   0
    CTA   1   1   1   1   1   1 |     CCA   0   0   0   0   0   0 | Gln CAA   0   0   0   0   0   0 |     CGA   0   0   0   0   0   0
    CTG   0   0   0   0   0   0 |     CCG   0   0   0   0   0   0 |     CAG   0   0   0   0   0   0 |     CGG   0   0   0   0   0   0
--------------------------------------------------------------------------------------------------------------------------------------
Ile ATT   1   1   1   1   1   1 | Thr ACT   0   0   0   0   0   0 | Asn AAT   1   1   1   1   1   1 | Ser AGT   0   0   0   0   0   0
    ATC   0   0   0   0   0   0 |     ACC   1   1   1   1   1   1 |     AAC   1   1   1   1   1   1 |     AGC   0   0   0   0   0   0
    ATA   2   2   2   2   1   2 |     ACA   0   0   0   0   0   0 | Lys AAA   2   2   2   2   2   2 | Arg AGA   0   0   0   0   0   0
Met ATG   0   0   0   0   0   0 |     ACG   0   0   0   0   0   0 |     AAG   0   0   0   0   0   0 |     AGG   2   2   2   2   2   2
--------------------------------------------------------------------------------------------------------------------------------------
Val GTT   0   0   0   0   0   0 | Ala GCT   2   2   2   2   2   2 | Asp GAT   1   1   1   1   1   1 | Gly GGT   0   0   0   0   0   0
    GTC   0   0   0   0   0   0 |     GCC   0   0   0   0   0   0 |     GAC   0   0   0   0   0   0 |     GGC   0   0   0   0   0   0
    GTA   0   0   0   0   1   0 |     GCA   0   0   0   0   0   0 | Glu GAA   3   3   3   3   3   3 |     GGA   0   0   0   0   0   0
    GTG   2   2   2   2   2   2 |     GCG   0   0   0   0   0   0 |     GAG   0   0   0   0   0   0 |     GGG   1   1   1   1   1   1
--------------------------------------------------------------------------------------------------------------------------------------

--------------------------------------------------------------------------------------------------------------------------------------
Phe TTT   1   1   1   1   1   1 | Ser TCT   0   0   0   0   0   0 | Tyr TAT   0   0   0   0   0   0 | Cys TGT   0   0   0   0   0   0
    TTC   0   0   0   0   0   0 |     TCC   1   1   1   1   1   1 |     TAC   0   0   0   0   0   0 |     TGC   1   1   1   1   1   1
Leu TTA   0   0   0   0   0   0 |     TCA   0   0   0   0   0   0 | *** TAA   0   0   0   0   0   0 | *** TGA   0   0   0   0   0   0
    TTG   0   0   0   0   0   0 |     TCG   0   0   0   0   0   0 |     TAG   0   0   0   0   0   0 | Trp TGG   0   0   0   0   0   0
--------------------------------------------------------------------------------------------------------------------------------------
Leu CTT   0   0   0   0   0   0 | Pro CCT   0   0   0   0   0   0 | His CAT   0   0   0   0   0   0 | Arg CGT   0   0   0   0   0   0
    CTC   1   2   1   1   1   1 |     CCC   0   0   0   0   0   0 |     CAC   1   1   1   1   1   1 |     CGC   0   0   0   0   0   0
    CTA   1   0   1   1   1   1 |     CCA   0   0   0   0   0   0 | Gln CAA   0   0   0   0   0   0 |     CGA   0   0   0   0   0   0
    CTG   0   0   0   0   0   0 |     CCG   0   0   0   0   0   0 |     CAG   0   0   0   0   0   0 |     CGG   0   0   0   0   0   0
--------------------------------------------------------------------------------------------------------------------------------------
Ile ATT   1   1   1   1   1   1 | Thr ACT   0   0   0   0   0   0 | Asn AAT   1   1   1   1   1   1 | Ser AGT   0   0   0   0   0   0
    ATC   0   0   1   0   0   0 |     ACC   1   1   1   1   1   1 |     AAC   1   1   1   1   1   1 |     AGC   0   0   0   0   0   0
    ATA   2   2   1   2   2   2 |     ACA   0   0   0   0   0   0 | Lys AAA   2   2   2   2   2   2 | Arg AGA   0   0   0   0   0   0
Met ATG   0   0   0   0   0   0 |     ACG   0   0   0   0   0   0 |     AAG   0   0   0   0   0   0 |     AGG   2   2   2   2   2   2
--------------------------------------------------------------------------------------------------------------------------------------
Val GTT   0   0   0   0   0   0 | Ala GCT   2   2   2   2   2   2 | Asp GAT   1   1   1   1   1   1 | Gly GGT   0   0   0   0   0   0
    GTC   0   0   0   0   0   0 |     GCC   0   0   0   0   0   0 |     GAC   0   0   0   0   0   0 |     GGC   0   0   0   0   0   0
    GTA   0   0   0   0   0   0 |     GCA   0   0   0   0   0   0 | Glu GAA   3   3   3   3   3   3 |     GGA   0   0   0   0   0   0
    GTG   2   2   2   2   2   2 |     GCG   0   0   0   0   0   0 |     GAG   0   0   0   0   0   0 |     GGG   1   1   1   1   1   1
--------------------------------------------------------------------------------------------------------------------------------------

Codon position x base (3x4) table for each sequence.

#1: Argali         
position  1:    T:0.12000    C:0.12000    A:0.40000    G:0.36000
position  2:    T:0.32000    C:0.16000    A:0.36000    G:0.16000
position  3:    T:0.24000    C:0.24000    A:0.32000    G:0.20000
Average         T:0.22667    C:0.17333    A:0.36000    G:0.24000

#2: LesserMouseDeer
position  1:    T:0.12000    C:0.12000    A:0.40000    G:0.36000
position  2:    T:0.32000    C:0.16000    A:0.36000    G:0.16000
position  3:    T:0.20000    C:0.24000    A:0.28000    G:0.28000
Average         T:0.21333    C:0.17333    A:0.34667    G:0.26667

#3: LesserKudu     
position  1:    T:0.12000    C:0.12000    A:0.40000    G:0.36000
position  2:    T:0.32000    C:0.16000    A:0.36000    G:0.16000
position  3:    T:0.24000    C:0.24000    A:0.32000    G:0.20000
Average         T:0.22667    C:0.17333    A:0.36000    G:0.24000

#4: ForestMuskDeer2
position  1:    T:0.12000    C:0.12000    A:0.40000    G:0.36000
position  2:    T:0.32000    C:0.16000    A:0.36000    G:0.16000
position  3:    T:0.24000    C:0.24000    A:0.32000    G:0.20000
Average         T:0.22667    C:0.17333    A:0.36000    G:0.24000

#5: Camel          
position  1:    T:0.12000    C:0.12000    A:0.40000    G:0.36000
position  2:    T:0.32000    C:0.16000    A:0.36000    G:0.16000
position  3:    T:0.08000    C:0.36000    A:0.40000    G:0.16000
Average         T:0.17333    C:0.21333    A:0.38667    G:0.22667

#6: KillerWhale    
position  1:    T:0.12000    C:0.12000    A:0.40000    G:0.36000
position  2:    T:0.32000    C:0.16000    A:0.36000    G:0.16000
position  3:    T:0.24000    C:0.20000    A:0.36000    G:0.20000
Average         T:0.22667    C:0.16000    A:0.37333    G:0.24000

#7: DefassaWaterbuck
position  1:    T:0.12000    C:0.12000    A:0.40000    G:0.36000
position  2:    T:0.32000    C:0.16000    A:0.36000    G:0.16000
position  3:    T:0.24000    C:0.24000    A:0.32000    G:0.20000
Average         T:0.22667    C:0.17333    A:0.36000    G:0.24000

#8: Sheep          
position  1:    T:0.12000    C:0.12000    A:0.40000    G:0.36000
position  2:    T:0.32000    C:0.16000    A:0.36000    G:0.16000
position  3:    T:0.24000    C:0.24000    A:0.32000    G:0.20000
Average         T:0.22667    C:0.17333    A:0.36000    G:0.24000

#9: MaxwellsDuiker 
position  1:    T:0.12000    C:0.12000    A:0.40000    G:0.36000
position  2:    T:0.32000    C:0.16000    A:0.36000    G:0.16000
position  3:    T:0.24000    C:0.24000    A:0.32000    G:0.20000
Average         T:0.22667    C:0.17333    A:0.36000    G:0.24000

#10: GazellaPrzewalskyi
position  1:    T:0.12000    C:0.12000    A:0.40000    G:0.36000
position  2:    T:0.32000    C:0.16000    A:0.36000    G:0.16000
position  3:    T:0.24000    C:0.24000    A:0.32000    G:0.20000
Average         T:0.22667    C:0.17333    A:0.36000    G:0.24000

#11: MountainNyala  
position  1:    T:0.12000    C:0.12000    A:0.40000    G:0.36000
position  2:    T:0.32000    C:0.16000    A:0.36000    G:0.16000
position  3:    T:0.24000    C:0.24000    A:0.32000    G:0.20000
Average         T:0.22667    C:0.17333    A:0.36000    G:0.24000

#12: MuntiacusMuntjak
position  1:    T:0.12000    C:0.12000    A:0.40000    G:0.36000
position  2:    T:0.32000    C:0.16000    A:0.36000    G:0.16000
position  3:    T:0.24000    C:0.24000    A:0.32000    G:0.20000
Average         T:0.22667    C:0.17333    A:0.36000    G:0.24000

#13: goat           
position  1:    T:0.12000    C:0.12000    A:0.40000    G:0.36000
position  2:    T:0.32000    C:0.16000    A:0.36000    G:0.16000
position  3:    T:0.24000    C:0.24000    A:0.32000    G:0.20000
Average         T:0.22667    C:0.17333    A:0.36000    G:0.24000

#14: AfricanBuffalo 
position  1:    T:0.12000    C:0.12000    A:0.40000    G:0.36000
position  2:    T:0.32000    C:0.16000    A:0.36000    G:0.16000
position  3:    T:0.24000    C:0.24000    A:0.32000    G:0.20000
Average         T:0.22667    C:0.17333    A:0.36000    G:0.24000

#15: Topi           
position  1:    T:0.12000    C:0.12000    A:0.40000    G:0.36000
position  2:    T:0.32000    C:0.16000    A:0.36000    G:0.16000
position  3:    T:0.24000    C:0.24000    A:0.32000    G:0.20000
Average         T:0.22667    C:0.17333    A:0.36000    G:0.24000

#16: CommonDuiker   
position  1:    T:0.12000    C:0.12000    A:0.40000    G:0.36000
position  2:    T:0.32000    C:0.16000    A:0.36000    G:0.16000
position  3:    T:0.24000    C:0.24000    A:0.32000    G:0.20000
Average         T:0.22667    C:0.17333    A:0.36000    G:0.24000

#17: Suni           
position  1:    T:0.12000    C:0.12000    A:0.40000    G:0.36000
position  2:    T:0.32000    C:0.16000    A:0.36000    G:0.16000
position  3:    T:0.24000    C:0.28000    A:0.32000    G:0.16000
Average         T:0.22667    C:0.18667    A:0.36000    G:0.22667

#18: Springbuck     
position  1:    T:0.12000    C:0.12000    A:0.40000    G:0.36000
position  2:    T:0.32000    C:0.16000    A:0.36000    G:0.16000
position  3:    T:0.24000    C:0.24000    A:0.32000    G:0.20000
Average         T:0.22667    C:0.17333    A:0.36000    G:0.24000

#19: Okapi          
position  1:    T:0.12000    C:0.12000    A:0.40000    G:0.36000
position  2:    T:0.32000    C:0.16000    A:0.36000    G:0.16000
position  3:    T:0.24000    C:0.24000    A:0.32000    G:0.20000
Average         T:0.22667    C:0.17333    A:0.36000    G:0.24000

#20: Giraffe        
position  1:    T:0.12000    C:0.12000    A:0.40000    G:0.36000
position  2:    T:0.32000    C:0.16000    A:0.36000    G:0.16000
position  3:    T:0.24000    C:0.24000    A:0.32000    G:0.20000
Average         T:0.22667    C:0.17333    A:0.36000    G:0.24000

#21: TibetanAntelope
position  1:    T:0.12000    C:0.12000    A:0.40000    G:0.36000
position  2:    T:0.32000    C:0.16000    A:0.36000    G:0.16000
position  3:    T:0.24000    C:0.24000    A:0.32000    G:0.20000
Average         T:0.22667    C:0.17333    A:0.36000    G:0.24000

#22: Sitatunga      
position  1:    T:0.12000    C:0.12000    A:0.40000    G:0.36000
position  2:    T:0.32000    C:0.16000    A:0.36000    G:0.16000
position  3:    T:0.24000    C:0.24000    A:0.28000    G:0.24000
Average         T:0.22667    C:0.17333    A:0.34667    G:0.25333

#23: Oribi          
position  1:    T:0.12000    C:0.12000    A:0.40000    G:0.36000
position  2:    T:0.32000    C:0.16000    A:0.36000    G:0.16000
position  3:    T:0.24000    C:0.24000    A:0.32000    G:0.20000
Average         T:0.22667    C:0.17333    A:0.36000    G:0.24000

#24: BarbarySheep   
position  1:    T:0.12000    C:0.12000    A:0.40000    G:0.36000
position  2:    T:0.32000    C:0.16000    A:0.36000    G:0.16000
position  3:    T:0.24000    C:0.24000    A:0.32000    G:0.20000
Average         T:0.22667    C:0.17333    A:0.36000    G:0.24000

#25: Daviddeer      
position  1:    T:0.12000    C:0.12000    A:0.40000    G:0.36000
position  2:    T:0.32000    C:0.16000    A:0.36000    G:0.16000
position  3:    T:0.24000    C:0.24000    A:0.32000    G:0.20000
Average         T:0.22667    C:0.17333    A:0.36000    G:0.24000

#26: Reindeer       
position  1:    T:0.12000    C:0.12000    A:0.40000    G:0.36000
position  2:    T:0.32000    C:0.16000    A:0.36000    G:0.16000
position  3:    T:0.24000    C:0.24000    A:0.32000    G:0.20000
Average         T:0.22667    C:0.17333    A:0.36000    G:0.24000

#27: Ibex           
position  1:    T:0.12000    C:0.12000    A:0.40000    G:0.36000
position  2:    T:0.32000    C:0.16000    A:0.36000    G:0.16000
position  3:    T:0.24000    C:0.24000    A:0.32000    G:0.20000
Average         T:0.22667    C:0.17333    A:0.36000    G:0.24000

#28: GyrantGazelle  
position  1:    T:0.12000    C:0.12000    A:0.40000    G:0.36000
position  2:    T:0.32000    C:0.16000    A:0.36000    G:0.16000
position  3:    T:0.24000    C:0.24000    A:0.32000    G:0.20000
Average         T:0.22667    C:0.17333    A:0.36000    G:0.24000

#29: Hartebeest     
position  1:    T:0.12000    C:0.12000    A:0.40000    G:0.36000
position  2:    T:0.32000    C:0.16000    A:0.36000    G:0.16000
position  3:    T:0.24000    C:0.24000    A:0.32000    G:0.20000
Average         T:0.22667    C:0.17333    A:0.36000    G:0.24000

#30: Bongo          
position  1:    T:0.12000    C:0.12000    A:0.40000    G:0.36000
position  2:    T:0.32000    C:0.16000    A:0.36000    G:0.16000
position  3:    T:0.24000    C:0.24000    A:0.32000    G:0.20000
Average         T:0.22667    C:0.17333    A:0.36000    G:0.24000

#31: Gerenuk        
position  1:    T:0.12000    C:0.12000    A:0.40000    G:0.36000
position  2:    T:0.32000    C:0.16000    A:0.36000    G:0.16000
position  3:    T:0.24000    C:0.24000    A:0.32000    G:0.20000
Average         T:0.22667    C:0.17333    A:0.36000    G:0.24000

#32: CommonEland    
position  1:    T:0.12000    C:0.12000    A:0.40000    G:0.36000
position  2:    T:0.32000    C:0.16000    A:0.36000    G:0.16000
position  3:    T:0.24000    C:0.24000    A:0.32000    G:0.20000
Average         T:0.22667    C:0.17333    A:0.36000    G:0.24000

#33: MuntiacusReevesi
position  1:    T:0.12000    C:0.12000    A:0.40000    G:0.36000
position  2:    T:0.32000    C:0.16000    A:0.36000    G:0.16000
position  3:    T:0.24000    C:0.24000    A:0.32000    G:0.20000
Average         T:0.22667    C:0.17333    A:0.36000    G:0.24000

#34: HarveysDuiker  
position  1:    T:0.12000    C:0.12000    A:0.40000    G:0.36000
position  2:    T:0.32000    C:0.16000    A:0.36000    G:0.16000
position  3:    T:0.24000    C:0.24000    A:0.32000    G:0.20000
Average         T:0.22667    C:0.17333    A:0.36000    G:0.24000

#35: Pronghorn      
position  1:    T:0.12000    C:0.12000    A:0.40000    G:0.36000
position  2:    T:0.32000    C:0.16000    A:0.36000    G:0.16000
position  3:    T:0.24000    C:0.24000    A:0.32000    G:0.20000
Average         T:0.22667    C:0.17333    A:0.36000    G:0.24000

#36: BlueWildebeest 
position  1:    T:0.12000    C:0.12000    A:0.40000    G:0.36000
position  2:    T:0.32000    C:0.16000    A:0.36000    G:0.16000
position  3:    T:0.24000    C:0.24000    A:0.32000    G:0.20000
Average         T:0.22667    C:0.17333    A:0.36000    G:0.24000

#37: Gemsbok        
position  1:    T:0.12000    C:0.12000    A:0.40000    G:0.36000
position  2:    T:0.32000    C:0.16000    A:0.36000    G:0.16000
position  3:    T:0.24000    C:0.24000    A:0.32000    G:0.20000
Average         T:0.22667    C:0.17333    A:0.36000    G:0.24000

#38: Yak            
position  1:    T:0.12000    C:0.12000    A:0.36000    G:0.40000
position  2:    T:0.32000    C:0.16000    A:0.36000    G:0.16000
position  3:    T:0.24000    C:0.24000    A:0.32000    G:0.20000
Average         T:0.22667    C:0.17333    A:0.34667    G:0.25333

#39: BlueSheep      
position  1:    T:0.12000    C:0.12000    A:0.40000    G:0.36000
position  2:    T:0.32000    C:0.16000    A:0.36000    G:0.16000
position  3:    T:0.24000    C:0.24000    A:0.32000    G:0.20000
Average         T:0.22667    C:0.17333    A:0.36000    G:0.24000

#40: BohorReedbuck  
position  1:    T:0.12000    C:0.12000    A:0.40000    G:0.36000
position  2:    T:0.32000    C:0.16000    A:0.36000    G:0.16000
position  3:    T:0.24000    C:0.24000    A:0.32000    G:0.20000
Average         T:0.22667    C:0.17333    A:0.36000    G:0.24000

#41: KirksDik       
position  1:    T:0.12000    C:0.12000    A:0.40000    G:0.36000
position  2:    T:0.32000    C:0.16000    A:0.36000    G:0.16000
position  3:    T:0.24000    C:0.24000    A:0.32000    G:0.20000
Average         T:0.22667    C:0.17333    A:0.36000    G:0.24000

#42: RoeDeer        
position  1:    T:0.12000    C:0.12000    A:0.40000    G:0.36000
position  2:    T:0.32000    C:0.16000    A:0.36000    G:0.16000
position  3:    T:0.28000    C:0.20000    A:0.28000    G:0.24000
Average         T:0.24000    C:0.16000    A:0.34667    G:0.25333

#43: WhiteLippedDeer
position  1:    T:0.12000    C:0.12000    A:0.40000    G:0.36000
position  2:    T:0.32000    C:0.16000    A:0.36000    G:0.16000
position  3:    T:0.24000    C:0.24000    A:0.32000    G:0.20000
Average         T:0.22667    C:0.17333    A:0.36000    G:0.24000

#44: ThomsonGazelle 
position  1:    T:0.12000    C:0.12000    A:0.40000    G:0.36000
position  2:    T:0.32000    C:0.16000    A:0.36000    G:0.16000
position  3:    T:0.24000    C:0.24000    A:0.32000    G:0.20000
Average         T:0.22667    C:0.17333    A:0.36000    G:0.24000

#45: MuntiacusCrinifrons
position  1:    T:0.12000    C:0.12000    A:0.40000    G:0.36000
position  2:    T:0.32000    C:0.16000    A:0.36000    G:0.16000
position  3:    T:0.24000    C:0.24000    A:0.32000    G:0.20000
Average         T:0.22667    C:0.17333    A:0.36000    G:0.24000

#46: WhiteTailedDeer
position  1:    T:0.12000    C:0.12000    A:0.40000    G:0.36000
position  2:    T:0.32000    C:0.16000    A:0.36000    G:0.16000
position  3:    T:0.24000    C:0.24000    A:0.32000    G:0.20000
Average         T:0.22667    C:0.17333    A:0.36000    G:0.24000

#47: Cattle         
position  1:    T:0.12000    C:0.12000    A:0.36000    G:0.40000
position  2:    T:0.32000    C:0.16000    A:0.36000    G:0.16000
position  3:    T:0.24000    C:0.24000    A:0.32000    G:0.20000
Average         T:0.22667    C:0.17333    A:0.34667    G:0.25333

#48: RoyalAntelope  
position  1:    T:0.12000    C:0.12000    A:0.40000    G:0.36000
position  2:    T:0.32000    C:0.16000    A:0.36000    G:0.16000
position  3:    T:0.24000    C:0.24000    A:0.32000    G:0.20000
Average         T:0.22667    C:0.17333    A:0.36000    G:0.24000

#49: Steenbok       
position  1:    T:0.12000    C:0.12000    A:0.40000    G:0.36000
position  2:    T:0.32000    C:0.16000    A:0.36000    G:0.16000
position  3:    T:0.24000    C:0.24000    A:0.32000    G:0.20000
Average         T:0.22667    C:0.17333    A:0.36000    G:0.24000

#50: Impala         
position  1:    T:0.12000    C:0.12000    A:0.40000    G:0.36000
position  2:    T:0.32000    C:0.16000    A:0.36000    G:0.16000
position  3:    T:0.24000    C:0.28000    A:0.28000    G:0.20000
Average         T:0.22667    C:0.18667    A:0.34667    G:0.24000

#51: Klipspringer   
position  1:    T:0.12000    C:0.12000    A:0.40000    G:0.36000
position  2:    T:0.32000    C:0.16000    A:0.36000    G:0.16000
