1
52 1
Argali 0.000000 0.373500 0.126500 0.437700 0.115900 0.083900 0.086100 0.089100 0.218400 0.199600 0.028100 0.083700 0.082800 0.028900 0.122100 0.087000 0.233600 0.146800 0.000000 0.159500 0.085300 0.000000 0.110700 0.217300 0.028100 0.058500 0.056200 0.159500 0.087000 0.085800 0.171900 0.088300 0.255600 0.028300 0.000000 0.027800 0.029000 0.088400 0.055400 0.116000 0.143800 0.086200 0.228300 0.164100 0.061300 0.087400 0.056600 0.061000 0.196500 0.183800 0.219000 0.196400
LesserMous 0.373500 0.000000 0.445400 0.611300 0.485500 0.491300 0.450700 0.472700 0.573600 0.626000 0.412300 0.446100 0.440000 0.378400 0.403400 0.459100 0.644100 0.510400 0.373500 0.495600 0.443600 0.373500 0.533800 0.617100 0.412300 0.418900 0.408300 0.495000 0.459100 0.521000 0.583500 0.467400 0.678000 0.368700 0.373500 0.368700 0.436100 0.453800 0.403400 0.501300 0.540400 0.451300 0.673900 0.612100 0.389200 0.462800 0.458200 0.441900 0.603800 0.475100 0.591200 0.562000
LesserKudu 0.126500 0.445400 0.000000 0.506700 0.220300 0.217800 0.154300 0.160000 0.122600 0.276400 0.156700 0.185100 0.215300 0.095200 0.197800 0.156200 0.314800 0.221400 0.126500 0.062800 0.152800 0.126500 0.247200 0.302300 0.156700 0.125900 0.188000 0.062800 0.156200 0.224600 0.247200 0.158700 0.413900 0.125200 0.126500 0.125200 0.164100 0.192200 0.185000 0.187300 0.216700 0.154500 0.307600 0.305800 0.098600 0.156900 0.189600 0.131700 0.271300 0.264900 0.188900 0.096700
KillerWhal 0.437700 0.611300 0.506700 0.000000 0.396500 0.548400 0.416700 0.531600 0.481500 0.509900 0.473700 0.546200 0.445600 0.443300 0.593100 0.421900 0.430500 0.411400 0.437700 0.512100 0.502700 0.437700 0.433500 0.498600 0.473700 0.386900 0.417300 0.512100 0.421900 0.472700 0.474500 0.525300 0.705400 0.474000 0.437700 0.474000 0.497700 0.368100 0.504200 0.406000 0.438900 0.416000 0.548600 0.500000 0.504300 0.425500 0.516700 0.504300 0.658800 0.340800 0.600600 0.465400
DefassaWat 0.115900 0.485500 0.220300 0.396500 0.000000 0.201400 0.054300 0.177700 0.312700 0.288000 0.143900 0.199800 0.137700 0.117200 0.213600 0.174900 0.194000 0.235500 0.115900 0.254300 0.110600 0.115900 0.228500 0.312700 0.143900 0.145800 0.172600 0.254300 0.174000 0.176600 0.259600 0.175900 0.385200 0.144400 0.115900 0.144400 0.149900 0.026400 0.170500 0.203300 0.231000 0.111700 0.317900 0.252900 0.151200 0.174700 0.173600 0.151600 0.220300 0.277200 0.315800 0.293800
Sheep 0.083900 0.491300 0.217800 0.548400 0.201400 0.000000 0.170500 0.176000 0.308700 0.284600 0.111000 0.164900 0.163700 0.116200 0.180900 0.172300 0.320200 0.232900 0.083900 0.251300 0.169000 0.083900 0.192000 0.308400 0.111000 0.144400 0.138500 0.251300 0.172300 0.170100 0.256700 0.174200 0.339000 0.110700 0.083900 0.111400 0.115500 0.175100 0.136900 0.201200 0.228500 0.170700 0.313800 0.245000 0.151300 0.173000 0.139600 0.150200 0.157400 0.273700 0.312200 0.289900
MaxwellsDu 0.086100 0.450700 0.154300 0.416700 0.054300 0.170500 0.000000 0.116200 0.244700 0.224800 0.113900 0.169300 0.109000 0.057600 0.149500 0.113800 0.135700 0.172800 0.086100 0.187000 0.054400 0.086100 0.197200 0.244100 0.113900 0.085900 0.142000 0.187000 0.113800 0.145400 0.197300 0.115000 0.349300 0.114400 0.086100 0.114400 0.118700 0.085000 0.140500 0.142200 0.169500 0.054900 0.253300 0.251700 0.089900 0.114200 0.143200 0.089400 0.161700 0.210300 0.245400 0.223700
GazellaPrz 0.089100 0.472700 0.160000 0.531600 0.177700 0.176000 0.116200 0.000000 0.253100 0.231700 0.117800 0.175100 0.172800 0.059600 0.154700 0.117500 0.201500 0.178500 0.089100 0.193700 0.115200 0.089100 0.203600 0.252400 0.117800 0.088700 0.147000 0.193700 0.117500 0.180500 0.203500 0.119000 0.360600 0.118300 0.089100 0.118300 0.123000 0.150400 0.145100 0.146900 0.174900 0.116300 0.261100 0.259600 0.093100 0.117900 0.148100 0.092600 0.228200 0.217800 0.254800 0.232000
MountainNy 0.218400 0.573600 0.122600 0.481500 0.312700 0.308700 0.244700 0.253100 0.000000 0.368300 0.247900 0.274500 0.304700 0.187800 0.294000 0.247700 0.408400 0.314100 0.218400 0.058200 0.242200 0.218400 0.337900 0.401300 0.247900 0.217900 0.278800 0.058200 0.247700 0.319000 0.338200 0.250700 0.429600 0.216100 0.218400 0.216100 0.258700 0.285900 0.274900 0.278700 0.307700 0.245000 0.400600 0.396800 0.194400 0.181000 0.281100 0.227100 0.361400 0.362300 0.174200 0.089400
MuntiacusM 0.199600 0.626000 0.276400 0.509900 0.288000 0.284600 0.224800 0.231700 0.368300 0.000000 0.227100 0.282200 0.217100 0.171500 0.201800 0.106700 0.210100 0.131300 0.199600 0.310700 0.222800 0.199600 0.125100 0.161200 0.227100 0.138000 0.192400 0.310700 0.106700 0.163800 0.023700 0.229200 0.329700 0.227600 0.199600 0.227600 0.236100 0.262300 0.252800 0.075700 0.100400 0.163500 0.023000 0.121000 0.209100 0.228000 0.257500 0.207000 0.335700 0.225900 0.262900 0.308400
goat 0.028100 0.412300 0.156700 0.473700 0.143900 0.111000 0.113900 0.117800 0.247900 0.227100 0.000000 0.110600 0.110200 0.058400 0.151400 0.115100 0.261700 0.175000 0.028100 0.189700 0.112900 0.028100 0.137400 0.247000 0.000000 0.086000 0.083500 0.188900 0.115100 0.113500 0.199500 0.116700 0.282700 0.056100 0.027400 0.056100 0.058200 0.117000 0.082400 0.144000 0.171500 0.114000 0.255900 0.190500 0.091100 0.115600 0.084200 0.090700 0.223600 0.213100 0.249500 0.227200
AfricanBuf 0.083700 0.446100 0.185100 0.546200 0.199800 0.164900 0.169300 0.175100 0.274500 0.282200 0.110600 0.000000 0.163300 0.115700 0.209900 0.171200 0.318000 0.231700 0.083700 0.217700 0.167800 0.083700 0.191200 0.306300 0.110600 0.143600 0.138300 0.217700 0.171200 0.169300 0.254800 0.174000 0.338100 0.053800 0.083700 0.053800 0.115300 0.174000 0.134700 0.200100 0.227000 0.169500 0.279500 0.243600 0.087000 0.171900 0.139400 0.149700 0.276900 0.271700 0.277600 0.255700
Topi 0.082800 0.440000 0.215300 0.445600 0.137700 0.163700 0.109000 0.172800 0.304700 0.217100 0.110200 0.163300 0.000000 0.114600 0.208200 0.109900 0.188900 0.167100 0.082800 0.248200 0.108100 0.082800 0.131600 0.235000 0.109400 0.083000 0.025800 0.248200 0.109900 0.081300 0.190700 0.172200 0.268900 0.110200 0.082800 0.110200 0.114100 0.172600 0.135000 0.137600 0.163900 0.053100 0.244600 0.182600 0.149200 0.170500 0.137900 0.148200 0.214400 0.202900 0.309800 0.286800
CommonDuik 0.028900 0.378400 0.095200 0.443300 0.117200 0.116200 0.057600 0.059600 0.187800 0.171500 0.058400 0.115700 0.114600 0.000000 0.091900 0.058200 0.204900 0.117800 0.029500 0.128000 0.057100 0.029500 0.143800 0.188000 0.058400 0.029400 0.087500 0.128000 0.058200 0.119000 0.143600 0.059000 0.295800 0.058700 0.029500 0.058700 0.061000 0.089400 0.086300 0.087300 0.115400 0.057700 0.200100 0.199200 0.030800 0.058500 0.088100 0.030600 0.169100 0.153700 0.186900 0.164100
Suni 0.122100 0.403400 0.197800 0.593100 0.213600 0.180900 0.149500 0.154700 0.294000 0.201800 0.151400 0.209900 0.208200 0.091900 0.000000 0.087900 0.236100 0.148200 0.122100 0.233200 0.148100 0.122100 0.239400 0.293400 0.151400 0.121800 0.181400 0.233200 0.087900 0.149700 0.239500 0.153000 0.402100 0.152000 0.122100 0.152000 0.158200 0.186000 0.179000 0.181400 0.210000 0.149700 0.230900 0.296900 0.127700 0.151800 0.182800 0.127100 0.234500 0.257000 0.220700 0.273700
Springbuck 0.087000 0.459100 0.156200 0.421900 0.174900 0.172300 0.113800 0.117500 0.247700 0.106700 0.115100 0.171200 0.109900 0.058200 0.087900 0.000000 0.136300 0.054900 0.087000 0.189300 0.112800 0.087000 0.138100 0.179100 0.115100 0.027000 0.083800 0.189300 0.000000 0.055300 0.138000 0.116300 0.353600 0.115600 0.087000 0.115600 0.118900 0.147200 0.142000 0.083700 0.110800 0.055300 0.133300 0.191600 0.090900 0.115400 0.144900 0.090400 0.224000 0.147300 0.178400 0.226600
Okapi 0.233600 0.644100 0.314800 0.430500 0.194000 0.320200 0.135700 0.201500 0.408400 0.210100 0.261700 0.318000 0.188900 0.204900 0.236100 0.136300 0.000000 0.077700 0.233600 0.350100 0.193700 0.233600 0.244200 0.293200 0.261700 0.169400 0.225000 0.350100 0.136300 0.167400 0.244600 0.264200 0.437400 0.262200 0.233600 0.262200 0.273600 0.231200 0.222000 0.191300 0.217500 0.135500 0.236800 0.297300 0.244600 0.262800 0.292800 0.242300 0.305100 0.166400 0.267600 0.314700
Giraffe 0.146800 0.510400 0.221400 0.411400 0.235500 0.232900 0.172800 0.178500 0.314100 0.131300 0.175000 0.231700 0.167100 0.117800 0.148200 0.054900 0.077700 0.000000 0.146800 0.256300 0.171300 0.146800 0.163000 0.205300 0.175000 0.085200 0.141400 0.255500 0.054900 0.112100 0.163000 0.176800 0.347200 0.175600 0.146800 0.175600 0.182300 0.209000 0.139100 0.109700 0.136200 0.111900 0.157600 0.215700 0.153600 0.175500 0.205600 0.152400 0.284400 0.083500 0.179000 0.221400
TibetanAnt 0.000000 0.373500 0.126500 0.437700 0.115900 0.083900 0.086100 0.089100 0.218400 0.199600 0.028100 0.083700 0.082800 0.029500 0.122100 0.087000 0.233600 0.146800 0.000000 0.159500 0.085300 0.000000 0.110700 0.217300 0.028300 0.058500 0.056200 0.159500 0.087000 0.085800 0.171900 0.088300 0.255600 0.028300 0.000000 0.028300 0.029400 0.088400 0.054300 0.116000 0.143800 0.086200 0.228300 0.164100 0.061300 0.087400 0.056600 0.061000 0.196500 0.183800 0.219000 0.196400
Sitatunga 0.159500 0.495600 0.062800 0.512100 0.254300 0.251300 0.187000 0.193700 0.058200 0.310700 0.189700 0.217700 0.248200 0.128000 0.233200 0.189300 0.350100 0.256300 0.159500 0.000000 0.185000 0.159500 0.280800 0.339500 0.189700 0.158900 0.221200 0.000000 0.189300 0.259500 0.280700 0.192000 0.450200 0.157800 0.159500 0.157800 0.198400 0.226500 0.217800 0.220700 0.250200 0.187200 0.342600 0.340000 0.132100 0.190100 0.223000 0.165900 0.304900 0.301200 0.115600 0.029800
Oribi 0.085300 0.443600 0.152800 0.502700 0.110600 0.169000 0.054400 0.115200 0.242200 0.222800 0.112900 0.167800 0.108100 0.057100 0.148100 0.112800 0.193700 0.171300 0.085300 0.185000 0.000000 0.085300 0.195500 0.241600 0.112900 0.085100 0.140900 0.185000 0.112800 0.144100 0.195600 0.114000 0.345700 0.113300 0.085300 0.113300 0.117600 0.144300 0.139200 0.141000 0.168000 0.054400 0.251000 0.249400 0.088900 0.113200 0.141900 0.088600 0.160400 0.208500 0.242900 0.221300
BarbaryShe 0.000000 0.373500 0.126500 0.437700 0.115900 0.083900 0.086100 0.089100 0.218400 0.199600 0.028100 0.083700 0.082800 0.029500 0.122100 0.087000 0.233600 0.146800 0.000000 0.159500 0.085300 0.000000 0.110700 0.217300 0.027400 0.058500 0.056200 0.159500 0.087000 0.085800 0.171900 0.088300 0.255600 0.028300 0.000000 0.028300 0.028800 0.088400 0.055400 0.116000 0.143800 0.086200 0.228300 0.164100 0.061300 0.087400 0.056600 0.061000 0.196500 0.183800 0.219000 0.196400
Daviddeer 0.110700 0.533800 0.247200 0.433500 0.228500 0.192000 0.197200 0.203600 0.337900 0.125100 0.137400 0.191200 0.131600 0.143800 0.239400 0.138100 0.244200 0.163000 0.110700 0.280800 0.195500 0.110700 0.000000 0.134600 0.137400 0.111100 0.106800 0.280800 0.138100 0.136200 0.100500 0.201800 0.300000 0.138000 0.110700 0.138000 0.142900 0.202700 0.162800 0.050700 0.024600 0.136800 0.150200 0.096500 0.180000 0.200100 0.166100 0.178500 0.306500 0.198000 0.304400 0.278900
Reindeer 0.217300 0.617100 0.302300 0.498600 0.312700 0.308400 0.244100 0.252400 0.401300 0.161200 0.247000 0.306300 0.235000 0.188000 0.293400 0.179100 0.293200 0.205300 0.217300 0.339500 0.241600 0.217300 0.134600 0.000000 0.247000 0.150000 0.208800 0.339500 0.179100 0.245900 0.134700 0.249500 0.430000 0.247500 0.217300 0.247500 0.257600 0.285500 0.274200 0.081600 0.108100 0.177300 0.188100 0.129200 0.228100 0.248100 0.279600 0.226100 0.362500 0.245300 0.362300 0.336700
Ibex 0.028100 0.412300 0.156700 0.473700 0.143900 0.111000 0.113900 0.117800 0.247900 0.227100 0.000000 0.110600 0.109400 0.058400 0.151400 0.115100 0.261700 0.175000 0.028300 0.189700 0.112900 0.027400 0.137400 0.247000 0.000000 0.087000 0.083500 0.190500 0.115100 0.113500 0.199500 0.116700 0.282700 0.056100 0.027500 0.054200 0.058200 0.117000 0.082400 0.144000 0.171500 0.114000 0.255900 0.190500 0.091100 0.115600 0.084200 0.090700 0.223600 0.213100 0.249500 0.227200
GyrantGaze 0.058500 0.418900 0.125900 0.386900 0.145800 0.144400 0.085900 0.088700 0.217900 0.138000 0.086000 0.143600 0.083000 0.029400 0.121800 0.027000 0.169400 0.085200 0.058500 0.158900 0.085100 0.058500 0.111100 0.150000 0.087000 0.000000 0.056300 0.158900 0.028100 0.086000 0.111000 0.087900 0.324700 0.087400 0.058500 0.087400 0.090800 0.118500 0.114300 0.056200 0.083600 0.027000 0.165600 0.164900 0.061100 0.087100 0.116700 0.060800 0.196600 0.118500 0.218100 0.195600
Hartebeest 0.056200 0.408300 0.188000 0.417300 0.172600 0.138500 0.142000 0.147000 0.278800 0.192400 0.083500 0.138300 0.025800 0.087500 0.181400 0.083800 0.225000 0.141400 0.056200 0.221200 0.140900 0.056200 0.106800 0.208800 0.083500 0.056300 0.000000 0.221200 0.083800 0.082700 0.165700 0.146000 0.245300 0.084100 0.056200 0.084100 0.087100 0.146100 0.109700 0.111800 0.138600 0.083000 0.220100 0.158600 0.121500 0.144300 0.112200 0.120700 0.251200 0.176700 0.283300 0.259700
Bongo 0.159500 0.495000 0.062800 0.512100 0.254300 0.251300 0.187000 0.193700 0.058200 0.310700 0.188900 0.217700 0.248200 0.128000 0.233200 0.189300 0.350100 0.255500 0.159500 0.000000 0.185000 0.159500 0.280800 0.339500 0.190500 0.158900 0.221200 0.000000 0.189300 0.259500 0.280700 0.192000 0.450200 0.157800 0.159500 0.157800 0.198400 0.226500 0.217800 0.220700 0.250200 0.187200 0.342600 0.340000 0.132100 0.190100 0.223000 0.165900 0.304900 0.301200 0.115600 0.030600
Gerenuk 0.087000 0.459100 0.156200 0.421900 0.174000 0.172300 0.113800 0.117500 0.247700 0.106700 0.115100 0.171200 0.109900 0.058200 0.087900 0.000000 0.136300 0.054900 0.087000 0.189300 0.112800 0.087000 0.138100 0.179100 0.115100 0.028100 0.083800 0.189300 0.000000 0.055300 0.138000 0.116300 0.353600 0.115600 0.087000 0.115600 0.120100 0.147200 0.142000 0.083700 0.110800 0.055300 0.133300 0.191600 0.090900 0.115400 0.144900 0.090400 0.224000 0.147300 0.178400 0.226600
CommonElan 0.085800 0.521000 0.224600 0.472700 0.176600 0.170100 0.145400 0.180500 0.319000 0.163800 0.113500 0.169300 0.081300 0.119000 0.149700 0.055300 0.167400 0.112100 0.085800 0.259500 0.144100 0.085800 0.136200 0.245900 0.113500 0.086000 0.082700 0.259500 0.055300 0.000000 0.198200 0.178900 0.350600 0.114100 0.085800 0.114100 0.118400 0.179600 0.140100 0.142700 0.170000 0.084600 0.191400 0.189900 0.154300 0.177300 0.141800 0.154100 0.257500 0.211600 0.242800 0.300500
MuntiacusR 0.171900 0.583500 0.247200 0.474500 0.259600 0.256700 0.197300 0.203500 0.338200 0.023700 0.199500 0.254800 0.190700 0.143600 0.239500 0.138000 0.244600 0.163000 0.171900 0.280700 0.195600 0.171900 0.100500 0.134700 0.199500 0.111000 0.165700 0.280700 0.138000 0.198200 0.000000 0.201400 0.302300 0.200000 0.171900 0.200000 0.207500 0.233800 0.225400 0.050700 0.075600 0.136800 0.047400 0.097000 0.180000 0.200200 0.229700 0.178300 0.307600 0.198200 0.303600 0.278600
HarveysDui 0.088300 0.467400 0.158700 0.525300 0.175900 0.174200 0.115000 0.119000 0.250700 0.229200 0.116700 0.174000 0.172200 0.059000 0.153000 0.116300 0.264200 0.176800 0.088300 0.192000 0.114000 0.088300 0.201800 0.249500 0.116700 0.087900 0.146000 0.192000 0.116300 0.178900 0.201400 0.000000 0.357300 0.117500 0.088300 0.117500 0.122000 0.149000 0.143700 0.145500 0.173100 0.115200 0.258200 0.257000 0.092300 0.116800 0.147000 0.091700 0.225400 0.215300 0.252500 0.230200
Pronghorn 0.255600 0.678000 0.413900 0.705400 0.385200 0.339000 0.349300 0.360600 0.429600 0.329700 0.282700 0.338100 0.268900 0.295800 0.402100 0.353600 0.437400 0.347200 0.255600 0.450200 0.345700 0.255600 0.300000 0.430000 0.282700 0.324700 0.245300 0.450200 0.353600 0.350600 0.302300 0.357300 0.000000 0.283700 0.255600 0.283700 0.293500 0.359800 0.243300 0.313600 0.341100 0.349700 0.358700 0.289400 0.341100 0.286400 0.313500 0.336700 0.463400 0.392600 0.524700 0.496400
BlueWildeb 0.028300 0.368700 0.125200 0.474000 0.144400 0.110700 0.114400 0.118300 0.216100 0.227600 0.056100 0.053800 0.110200 0.058700 0.152000 0.115600 0.262200 0.175600 0.028300 0.157800 0.113300 0.028300 0.138000 0.247500 0.056100 0.087400 0.084100 0.157800 0.115600 0.114100 0.200000 0.117500 0.283700 0.000000 0.028300 0.000000 0.058600 0.117500 0.082800 0.144600 0.172100 0.114500 0.256300 0.191100 0.029400 0.116100 0.084700 0.091200 0.223700 0.213700 0.216700 0.194400
Gemsbok 0.000000 0.373500 0.126500 0.437700 0.115900 0.083900 0.086100 0.089100 0.218400 0.199600 0.027400 0.083700 0.082800 0.029500 0.122100 0.087000 0.233600 0.146800 0.000000 0.159500 0.085300 0.000000 0.110700 0.217300 0.027500 0.058500 0.056200 0.159500 0.087000 0.085800 0.171900 0.088300 0.255600 0.028300 0.000000 0.027700 0.029400 0.088400 0.055400 0.116000 0.143800 0.086200 0.228300 0.164100 0.061300 0.087400 0.056600 0.061000 0.196500 0.183800 0.219000 0.196400
Yak 0.027800 0.368700 0.125200 0.474000 0.144400 0.111400 0.114400 0.118300 0.216100 0.227600 0.056100 0.053800 0.110200 0.058700 0.152000 0.115600 0.262200 0.175600 0.028300 0.157800 0.113300 0.028300 0.138000 0.247500 0.054200 0.087400 0.084100 0.157800 0.115600 0.114100 0.200000 0.117500 0.283700 0.000000 0.027700 0.000000 0.057500 0.117500 0.082800 0.144600 0.172100 0.114500 0.256300 0.191100 0.029400 0.116100 0.084700 0.091200 0.223700 0.213700 0.216700 0.194400
BlueSheep 0.029000 0.436100 0.164100 0.497700 0.149900 0.115500 0.118700 0.123000 0.258700 0.236100 0.058200 0.115300 0.114100 0.061000 0.158200 0.118900 0.273600 0.182300 0.029400 0.198400 0.117600 0.028800 0.142900 0.257600 0.058200 0.090800 0.087100 0.198400 0.120100 0.118400 0.207500 0.122000 0.293500 0.058600 0.029400 0.057500 0.000000 0.122100 0.085800 0.150100 0.178500 0.118900 0.265900 0.197800 0.095300 0.120600 0.087800 0.030800 0.232000 0.222300 0.260900 0.237800
BohorReedb 0.088400 0.453800 0.192200 0.368100 0.026400 0.175100 0.085000 0.150400 0.285900 0.262300 0.117000 0.174000 0.172600 0.089400 0.186000 0.147200 0.231200 0.209000 0.088400 0.226500 0.144300 0.088400 0.202700 0.285500 0.117000 0.118500 0.146100 0.226500 0.147200 0.179600 0.233800 0.149000 0.359800 0.117500 0.088400 0.117500 0.122100 0.000000 0.144200 0.176800 0.204900 0.145800 0.292200 0.227600 0.122800 0.147800 0.147100 0.123500 0.258100 0.250000 0.288500 0.265800
KirksDik 0.055400 0.403400 0.185000 0.504200 0.170500 0.136900 0.140500 0.145100 0.274900 0.252800 0.082400 0.134700 0.135000 0.086300 0.179000 0.142000 0.222000 0.139100 0.054300 0.217800 0.139200 0.055400 0.162800 0.274200 0.082400 0.114300 0.109700 0.217800 0.142000 0.140100 0.225400 0.143700 0.243300 0.082800 0.055400 0.082800 0.085800 0.144200 0.000000 0.170500 0.197600 0.140600 0.281500 0.215200 0.119500 0.142500 0.110600 0.119000 0.188200 0.173900 0.277400 0.255400
RoeDeer 0.116000 0.501300 0.187300 0.406000 0.203300 0.201200 0.142200 0.146900 0.278700 0.075700 0.144000 0.200100 0.137600 0.087300 0.181400 0.083700 0.191300 0.109700 0.116000 0.220700 0.141000 0.116000 0.050700 0.081600 0.144000 0.056200 0.111800 0.220700 0.083700 0.142700 0.050700 0.145500 0.313600 0.144600 0.116000 0.144600 0.150100 0.176800 0.170500 0.000000 0.024700 0.083000 0.100900 0.100500 0.121400 0.144300 0.174000 0.120400 0.252400 0.142800 0.244600 0.219100
WhiteLippe 0.143800 0.540400 0.216700 0.438900 0.231000 0.228500 0.169500 0.174900 0.307700 0.100400 0.171500 0.227000 0.163900 0.115400 0.210000 0.110800 0.217500 0.136200 0.143800 0.250200 0.168000 0.143800 0.024600 0.108100 0.171500 0.083600 0.138600 0.250200 0.110800 0.170000 0.075600 0.173100 0.341100 0.172100 0.143800 0.172100 0.178500 0.204900 0.197600 0.024700 0.000000 0.109800 0.125400 0.124900 0.150400 0.171900 0.201400 0.149200 0.279300 0.170200 0.274100 0.245400
ThomsonGaz 0.086200 0.451300 0.154500 0.416000 0.111700 0.170700 0.054900 0.116300 0.245000 0.163500 0.114000 0.169500 0.053100 0.057700 0.149700 0.055300 0.135500 0.111900 0.086200 0.187200 0.054400 0.086200 0.136800 0.177300 0.114000 0.027000 0.083000 0.187200 0.055300 0.084600 0.136800 0.115200 0.349700 0.114500 0.086200 0.114500 0.118900 0.145800 0.140600 0.083000 0.109800 0.000000 0.190800 0.189900 0.090000 0.114300 0.143300 0.089500 0.161900 0.145800 0.245700 0.224000
MuntiacusC 0.228300 0.673900 0.307600 0.548600 0.317900 0.313800 0.253300 0.261100 0.400600 0.023000 0.255900 0.279500 0.244600 0.200100 0.230900 0.133300 0.236800 0.157600 0.228300 0.342600 0.251000 0.228300 0.150200 0.188100 0.255900 0.165600 0.220100 0.342600 0.133300 0.191400 0.047400 0.258200 0.358700 0.256300 0.228300 0.256300 0.265900 0.292200 0.281500 0.100900 0.125400 0.190800 0.000000 0.145200 0.239300 0.257000 0.286700 0.236700 0.365300 0.254500 0.291800 0.339900
WhiteTaile 0.164100 0.612100 0.305800 0.500000 0.252900 0.245000 0.251700 0.259600 0.396800 0.121000 0.190500 0.243600 0.182600 0.199200 0.296900 0.191600 0.297300 0.215700 0.164100 0.340000 0.249400 0.164100 0.096500 0.129200 0.190500 0.164900 0.158600 0.340000 0.191600 0.189900 0.097000 0.257000 0.289400 0.191100 0.164100 0.191100 0.197800 0.227600 0.215200 0.100500 0.124900 0.189900 0.145200 0.000000 0.237900 0.255400 0.219400 0.235400 0.361500 0.252700 0.362100 0.337500
Cattle 0.061300 0.389200 0.098600 0.504300 0.151200 0.151300 0.089900 0.093100 0.194400 0.209100 0.091100 0.087000 0.149200 0.030800 0.127700 0.090900 0.244600 0.153600 0.061300 0.132100 0.088900 0.061300 0.180000 0.228100 0.091100 0.061100 0.121500 0.132100 0.090900 0.154300 0.180000 0.092300 0.341100 0.029400 0.061300 0.029400 0.095300 0.122800 0.119500 0.121400 0.150400 0.090000 0.239300 0.237900 0.000000 0.091300 0.121200 0.063800 0.205100 0.192900 0.189400 0.170000
RoyalAntel 0.087400 0.462800 0.156900 0.425500 0.174700 0.173000 0.114200 0.117900 0.181000 0.228000 0.115600 0.171900 0.170500 0.058500 0.151800 0.115400 0.262800 0.175500 0.087400 0.190100 0.113200 0.087400 0.200100 0.248100 0.115600 0.087100 0.144300 0.190100 0.115400 0.177300 0.200200 0.116800 0.286400 0.116100 0.087400 0.116100 0.120600 0.147800 0.142500 0.144300 0.171900 0.114300 0.257000 0.255400 0.091300 0.000000 0.145400 0.090800 0.224800 0.214000 0.250000 0.227700
Steenbok 0.056600 0.458200 0.189600 0.516700 0.173600 0.139600 0.143200 0.148100 0.281100 0.257500 0.084200 0.139400 0.137900 0.088100 0.182800 0.144900 0.292800 0.205600 0.056600 0.223000 0.141900 0.056600 0.166100 0.279600 0.084200 0.116700 0.112200 0.223000 0.144900 0.141800 0.229700 0.147000 0.313500 0.084700 0.056600 0.084700 0.087800 0.147100 0.110600 0.174000 0.201400 0.143300 0.286700 0.219400 0.121200 0.145400 0.000000 0.121700 0.191100 0.245300 0.280900 0.262000
Impala 0.061000 0.441900 0.131700 0.504300 0.151600 0.150200 0.089400 0.092600 0.227100 0.207000 0.090700 0.149700 0.148200 0.030600 0.127100 0.090400 0.242300 0.152400 0.061000 0.165900 0.088600 0.061000 0.178500 0.226100 0.090700 0.060800 0.120700 0.165900 0.090400 0.154100 0.178300 0.091700 0.336700 0.091200 0.061000 0.091200 0.030800 0.123500 0.119000 0.120400 0.149200 0.089500 0.236700 0.235400 0.063800 0.090800 0.121700 0.000000 0.203700 0.191200 0.227700 0.204400
Klipspring 0.196500 0.603800 0.271300 0.658800 0.220300 0.157400 0.161700 0.228200 0.361400 0.335700 0.223600 0.276900 0.214400 0.169100 0.234500 0.224000 0.305100 0.284400 0.196500 0.304900 0.160400 0.196500 0.306500 0.362500 0.223600 0.196600 0.251200 0.304900 0.224000 0.257500 0.307600 0.225400 0.463400 0.223700 0.196500 0.223700 0.232000 0.258100 0.188200 0.252400 0.279300 0.161900 0.365300 0.361500 0.205100 0.224800 0.191100 0.203700 0.000000 0.327200 0.365300 0.343800
ForestMusk 0.183800 0.475100 0.264900 0.340800 0.277200 0.273700 0.210300 0.217800 0.362300 0.225900 0.213100 0.271700 0.202900 0.153700 0.257000 0.147300 0.166400 0.083500 0.183800 0.301200 0.208500 0.183800 0.198000 0.245300 0.213100 0.118500 0.176700 0.301200 0.147300 0.211600 0.198200 0.215300 0.392600 0.213700 0.183800 0.213700 0.222300 0.250000 0.173900 0.142800 0.170200 0.145800 0.254500 0.252700 0.192900 0.214000 0.245300 0.191200 0.327200 0.000000 0.290800 0.264900
Bushbuck 0.219000 0.591200 0.188900 0.600600 0.315800 0.312200 0.245400 0.254800 0.174200 0.262900 0.249500 0.277600 0.309800 0.186900 0.220700 0.178400 0.267600 0.179000 0.219000 0.115600 0.242900 0.219000 0.304400 0.362300 0.249500 0.218100 0.283300 0.115600 0.178400 0.242800 0.303600 0.252500 0.524700 0.216700 0.219000 0.216700 0.260900 0.288500 0.277400 0.244600 0.274100 0.245700 0.291800 0.362100 0.189400 0.250000 0.280900 0.227700 0.365300 0.290800 0.000000 0.090600
GreaterKud 0.196400 0.562000 0.096700 0.465400 0.293800 0.289900 0.223700 0.232000 0.089400 0.308400 0.227200 0.255700 0.286800 0.164100 0.273700 0.226600 0.314700 0.221400 0.196400 0.029800 0.221300 0.196400 0.278900 0.336700 0.227200 0.195600 0.259700 0.030600 0.226600 0.300500 0.278600 0.230200 0.496400 0.194400 0.196400 0.194400 0.237800 0.265800 0.255400 0.219100 0.245400 0.224000 0.339900 0.337500 0.170000 0.227700 0.262000 0.204400 0.343800 0.264900 0.090600 0.000000
