1
52 1
Argali 0.000000 0.174700 0.034900 0.133200 0.020800 0.000000 0.049800 0.056800 0.020900 0.101800 0.000000 0.034700 0.028000 0.049800 0.049100 0.071700 0.042100 0.041800 0.006900 0.027900 0.056900 0.006900 0.087000 0.071600 0.000100 0.072000 0.028000 0.020800 0.071800 0.020900 0.101500 0.057300 0.110000 0.020900 0.013900 0.013800 0.006900 0.020800 0.063800 0.080000 0.086800 0.087400 0.094200 0.064200 0.013800 0.042300 0.064200 0.049300 0.035300 0.078000 0.013900 0.020900
LesserMous 0.174700 0.000000 0.216900 0.234900 0.200900 0.175300 0.211300 0.219100 0.184400 0.228500 0.175000 0.198800 0.184000 0.211700 0.190200 0.219600 0.200300 0.198300 0.182500 0.200500 0.219600 0.167200 0.220500 0.220200 0.175300 0.220600 0.184000 0.183500 0.237900 0.192800 0.228100 0.221300 0.239200 0.174900 0.183400 0.174900 0.166600 0.183300 0.209400 0.212000 0.201500 0.258600 0.220000 0.211400 0.174900 0.210100 0.210600 0.208800 0.219600 0.243100 0.191700 0.201600
LesserKudu 0.034900 0.216900 0.000000 0.173500 0.042100 0.035000 0.071900 0.079000 0.028000 0.125100 0.034900 0.056000 0.049600 0.071900 0.070900 0.094300 0.063900 0.063400 0.041900 0.035000 0.079100 0.042200 0.109900 0.079000 0.035000 0.094600 0.049600 0.027800 0.094400 0.028000 0.124700 0.079700 0.133500 0.042200 0.035100 0.034900 0.042000 0.042000 0.086000 0.102900 0.109700 0.110500 0.117300 0.086600 0.034900 0.064100 0.086600 0.071200 0.057100 0.100300 0.020900 0.028000
KillerWhal 0.133200 0.234900 0.173500 0.000000 0.157700 0.133600 0.175900 0.191600 0.158000 0.157900 0.133400 0.156200 0.166900 0.192800 0.173400 0.182600 0.149100 0.147900 0.140700 0.165700 0.192000 0.141700 0.158600 0.142100 0.133600 0.174700 0.166900 0.157300 0.199800 0.158200 0.157400 0.202100 0.201200 0.158100 0.141300 0.133200 0.125500 0.141100 0.182200 0.151500 0.158300 0.209800 0.149800 0.134000 0.133200 0.166200 0.200500 0.140500 0.175700 0.189100 0.149600 0.158300
DefassaWat 0.020800 0.200900 0.042100 0.157700 0.000000 0.020900 0.057100 0.064100 0.021000 0.110000 0.020300 0.041700 0.035300 0.057300 0.056500 0.079400 0.049500 0.049100 0.027800 0.035000 0.064300 0.028000 0.095000 0.079100 0.020900 0.079700 0.035300 0.027800 0.079300 0.028100 0.109700 0.064900 0.134100 0.028000 0.020300 0.020500 0.027800 0.013800 0.071400 0.087700 0.087100 0.095400 0.102300 0.071900 0.020200 0.049600 0.071600 0.056500 0.042300 0.085700 0.020900 0.028000
Sheep 0.000000 0.175300 0.035000 0.133600 0.020900 0.000000 0.050000 0.057000 0.020900 0.102200 0.000100 0.034800 0.028100 0.050000 0.049300 0.072000 0.042200 0.041900 0.006900 0.028000 0.057100 0.006900 0.087200 0.071900 0.000100 0.072200 0.028100 0.020900 0.072000 0.021000 0.101900 0.057500 0.110400 0.021000 0.013900 0.013900 0.006900 0.020800 0.064000 0.080200 0.087100 0.087700 0.094500 0.064400 0.013900 0.042400 0.064400 0.049400 0.035400 0.078200 0.013900 0.021000
MaxwellsDu 0.049800 0.211300 0.071900 0.175900 0.057100 0.050000 0.000000 0.064400 0.057400 0.134100 0.049600 0.071300 0.065100 0.014000 0.071900 0.064800 0.079800 0.079200 0.057000 0.048600 0.064500 0.057400 0.118600 0.102400 0.050000 0.065000 0.065100 0.055500 0.079600 0.057500 0.133700 0.021100 0.135100 0.057300 0.050000 0.034500 0.057000 0.057100 0.064300 0.111200 0.118400 0.095700 0.126200 0.094900 0.035300 0.080000 0.057100 0.079400 0.072500 0.117200 0.049900 0.057300
GazellaPrz 0.056800 0.219100 0.079000 0.191600 0.064100 0.057000 0.064400 0.000000 0.064500 0.141900 0.056000 0.078300 0.072200 0.064500 0.079100 0.027900 0.064500 0.078700 0.063900 0.071500 0.013600 0.064400 0.134400 0.117800 0.057000 0.028000 0.072200 0.064000 0.027300 0.064500 0.141500 0.072200 0.158800 0.064300 0.056700 0.056700 0.064000 0.064100 0.027700 0.126900 0.134100 0.042400 0.134000 0.110300 0.056700 0.087100 0.020600 0.064200 0.064600 0.108900 0.057000 0.064400
MountainNy 0.020900 0.184400 0.028000 0.158000 0.021000 0.020900 0.057400 0.064500 0.000000 0.110200 0.020900 0.041900 0.021100 0.057400 0.056600 0.079600 0.049600 0.049200 0.027900 0.020900 0.064600 0.013900 0.095100 0.079500 0.020900 0.079900 0.021100 0.000000 0.079700 0.014000 0.109900 0.065000 0.118500 0.014000 0.021000 0.020900 0.028000 0.020900 0.071600 0.088100 0.095000 0.095600 0.102500 0.072000 0.020900 0.049700 0.072000 0.056800 0.042700 0.085900 0.006900 0.014000
MuntiacusM 0.101800 0.228500 0.125100 0.157900 0.110000 0.102200 0.134100 0.141900 0.110200 0.000000 0.102000 0.124300 0.118500 0.134100 0.140600 0.158600 0.102200 0.101400 0.109200 0.117700 0.142200 0.109900 0.064000 0.063900 0.102200 0.159200 0.118500 0.109700 0.158800 0.110300 0.013500 0.142600 0.193100 0.110200 0.102600 0.102000 0.109600 0.109500 0.149300 0.057200 0.063900 0.176900 0.006800 0.056600 0.102000 0.118000 0.150300 0.109600 0.126600 0.124600 0.102100 0.110400
goat 0.000000 0.175000 0.034900 0.133400 0.020300 0.000100 0.049600 0.056000 0.020900 0.102000 0.000000 0.034600 0.028100 0.049900 0.049200 0.071900 0.042200 0.041900 0.006900 0.027800 0.056900 0.006900 0.087100 0.071600 0.000100 0.072100 0.028100 0.020800 0.071700 0.020900 0.101700 0.057400 0.110200 0.020600 0.013600 0.013800 0.006900 0.020800 0.063900 0.079900 0.087000 0.087600 0.094400 0.064300 0.013600 0.042300 0.064100 0.049200 0.033900 0.078100 0.013900 0.020900
AfricanBuf 0.034700 0.198800 0.056000 0.156200 0.041700 0.034800 0.071300 0.078300 0.041900 0.124300 0.034600 0.000000 0.049300 0.071500 0.056000 0.093800 0.063500 0.063000 0.041600 0.048800 0.078400 0.041900 0.109200 0.078400 0.034800 0.094100 0.049300 0.041700 0.093600 0.042000 0.124000 0.079200 0.148500 0.041800 0.034800 0.034600 0.027600 0.027600 0.085600 0.101900 0.109000 0.109900 0.116600 0.071200 0.034600 0.063700 0.085900 0.070500 0.056500 0.084900 0.034800 0.041900
Topi 0.028000 0.184000 0.049600 0.166900 0.035300 0.028100 0.065100 0.072200 0.021100 0.118500 0.028100 0.049300 0.000000 0.065100 0.064100 0.087500 0.057100 0.056600 0.035100 0.042500 0.072300 0.021000 0.095400 0.087400 0.028100 0.087500 0.000000 0.021000 0.087600 0.035400 0.118100 0.072600 0.134800 0.006900 0.028200 0.028100 0.035200 0.035200 0.079300 0.096200 0.103100 0.103700 0.110700 0.079800 0.028100 0.057300 0.079800 0.064400 0.050100 0.086100 0.028100 0.035400
CommonDuik 0.049800 0.211700 0.071900 0.192800 0.057300 0.050000 0.014000 0.064500 0.057400 0.134100 0.049900 0.071500 0.065100 0.000000 0.071800 0.079700 0.079700 0.079100 0.057000 0.049900 0.064600 0.057300 0.118700 0.102600 0.050000 0.079900 0.065100 0.057200 0.079700 0.057500 0.133700 0.007000 0.151500 0.057400 0.050100 0.049900 0.057200 0.057100 0.079100 0.111600 0.118500 0.095600 0.126200 0.094900 0.049900 0.080000 0.057200 0.079600 0.072700 0.117200 0.049900 0.057500
Suni 0.049100 0.190200 0.070900 0.173400 0.056500 0.049300 0.071900 0.079100 0.056600 0.140600 0.049200 0.056000 0.064100 0.071800 0.000000 0.094500 0.078700 0.078000 0.056100 0.049200 0.079200 0.056600 0.125200 0.094100 0.049300 0.094800 0.064100 0.056400 0.094500 0.056600 0.140200 0.079500 0.133000 0.056600 0.049400 0.049200 0.042000 0.042000 0.086200 0.118200 0.124900 0.110600 0.132700 0.086500 0.049200 0.078900 0.071600 0.086100 0.071700 0.115500 0.049200 0.056700
Springbuck 0.071700 0.219600 0.094300 0.182600 0.079400 0.072000 0.064800 0.027900 0.079600 0.158600 0.071900 0.093800 0.087500 0.079700 0.094500 0.000000 0.094800 0.094000 0.078900 0.086900 0.013800 0.079600 0.150900 0.134400 0.072000 0.006900 0.087500 0.079300 0.013700 0.079700 0.158200 0.087500 0.159000 0.079700 0.072200 0.057000 0.079300 0.079200 0.027800 0.143800 0.150600 0.034900 0.150500 0.126300 0.057000 0.094900 0.035100 0.086500 0.080000 0.140400 0.071900 0.079700
Okapi 0.042100 0.200300 0.063900 0.149100 0.049500 0.042200 0.079800 0.064500 0.049600 0.102200 0.042200 0.063500 0.057100 0.079700 0.078700 0.094800 0.000000 0.027500 0.049200 0.056700 0.079500 0.049500 0.102600 0.087100 0.042300 0.095100 0.057100 0.049400 0.094800 0.049600 0.102000 0.087600 0.142100 0.049600 0.042400 0.042200 0.049400 0.049300 0.086500 0.095600 0.102400 0.111000 0.094600 0.079500 0.042200 0.071800 0.087000 0.049500 0.064600 0.078500 0.042200 0.049600
Giraffe 0.041800 0.198300 0.063400 0.147900 0.049100 0.041900 0.079200 0.078700 0.049200 0.101400 0.041900 0.063000 0.056600 0.079100 0.078000 0.094000 0.027500 0.000000 0.048800 0.056300 0.078800 0.049100 0.101800 0.086300 0.041900 0.094300 0.056600 0.049000 0.094000 0.049200 0.101100 0.086900 0.140800 0.049200 0.042100 0.041900 0.049000 0.048900 0.085700 0.094800 0.101600 0.110100 0.093800 0.078800 0.041900 0.071200 0.086300 0.063600 0.064100 0.092500 0.041900 0.049300
TibetanAnt 0.006900 0.182500 0.041900 0.140700 0.027800 0.006900 0.057000 0.063900 0.027900 0.109200 0.006900 0.041600 0.035100 0.057000 0.056100 0.078900 0.049200 0.048800 0.000000 0.034900 0.064100 0.013800 0.094400 0.078900 0.006900 0.079200 0.035100 0.027800 0.079000 0.027900 0.108900 0.064500 0.117500 0.027900 0.020900 0.020800 0.013800 0.027700 0.070700 0.087400 0.094200 0.094800 0.101600 0.071400 0.020800 0.049300 0.071400 0.056300 0.042400 0.085100 0.020800 0.027900
Sitatunga 0.027900 0.200500 0.035000 0.165700 0.035000 0.028000 0.048600 0.071500 0.020900 0.117700 0.027800 0.048800 0.042500 0.049900 0.049200 0.086900 0.056700 0.056300 0.034900 0.000000 0.071600 0.035100 0.102600 0.086600 0.028000 0.087200 0.042500 0.020500 0.086800 0.006900 0.117300 0.057400 0.110300 0.035000 0.028000 0.027300 0.034900 0.034900 0.078800 0.095300 0.102400 0.103000 0.109900 0.079300 0.027100 0.056900 0.064100 0.063800 0.049700 0.093100 0.013900 0.020900
Oribi 0.056900 0.219600 0.079100 0.192000 0.064300 0.057100 0.064500 0.013600 0.064600 0.142200 0.056900 0.078400 0.072300 0.064600 0.079200 0.013800 0.079500 0.078800 0.064100 0.071600 0.000000 0.064500 0.134700 0.118000 0.057100 0.013800 0.072300 0.064100 0.013700 0.064600 0.141800 0.072300 0.159100 0.064400 0.057100 0.056800 0.064200 0.064300 0.027700 0.127200 0.134400 0.027900 0.134300 0.110500 0.056800 0.079600 0.020800 0.079100 0.064700 0.124500 0.057100 0.064500
BarbaryShe 0.006900 0.167200 0.042200 0.141700 0.028000 0.006900 0.057400 0.064400 0.013900 0.109900 0.006900 0.041900 0.021000 0.057300 0.056600 0.079600 0.049500 0.049100 0.013800 0.035100 0.064500 0.000000 0.094900 0.079400 0.006900 0.079800 0.021000 0.013900 0.079600 0.028100 0.109600 0.065000 0.118200 0.013900 0.021000 0.020900 0.013900 0.027900 0.071500 0.087900 0.094700 0.095400 0.102300 0.071900 0.020900 0.049700 0.071900 0.056800 0.042700 0.085600 0.020900 0.028100
Daviddeer 0.087000 0.220500 0.109900 0.158600 0.095000 0.087200 0.118600 0.134400 0.095100 0.064000 0.087100 0.109200 0.095400 0.118700 0.125200 0.150900 0.102600 0.101800 0.094400 0.102600 0.134700 0.094900 0.000000 0.042300 0.087300 0.151500 0.095400 0.094700 0.151200 0.095300 0.063800 0.127000 0.177100 0.087400 0.087600 0.087100 0.094600 0.094600 0.141800 0.035500 0.035100 0.169100 0.056700 0.035100 0.087100 0.102800 0.142700 0.125800 0.111200 0.109300 0.087300 0.095300
Reindeer 0.071600 0.220200 0.079000 0.142100 0.079100 0.071900 0.102400 0.117800 0.079500 0.063900 0.071600 0.078400 0.087400 0.102600 0.094100 0.134400 0.087100 0.086300 0.078900 0.086600 0.118000 0.079400 0.042300 0.000000 0.071900 0.134900 0.087400 0.079000 0.134100 0.079600 0.063800 0.110800 0.159400 0.079300 0.071900 0.071500 0.064100 0.064300 0.125500 0.035300 0.042200 0.151900 0.056700 0.006900 0.071500 0.102600 0.125900 0.109500 0.095000 0.109000 0.071800 0.079400
Ibex 0.000100 0.175300 0.035000 0.133600 0.020900 0.000100 0.050000 0.057000 0.020900 0.102200 0.000100 0.034800 0.028100 0.050000 0.049300 0.072000 0.042300 0.041900 0.006900 0.028000 0.057100 0.006900 0.087300 0.071900 0.000000 0.072200 0.028100 0.020900 0.072000 0.021000 0.101900 0.057500 0.110400 0.021000 0.013900 0.013900 0.006900 0.020800 0.064000 0.080200 0.087100 0.087700 0.094600 0.064400 0.013900 0.042400 0.064400 0.049400 0.035400 0.078200 0.013900 0.021000
GyrantGaze 0.072000 0.220600 0.094600 0.174700 0.079700 0.072200 0.065000 0.028000 0.079900 0.159200 0.072100 0.094100 0.087500 0.079900 0.094800 0.006900 0.095100 0.094300 0.079200 0.087200 0.013800 0.079800 0.151500 0.134900 0.072200 0.000000 0.087500 0.079600 0.020700 0.079900 0.158800 0.087600 0.159600 0.079900 0.072500 0.057200 0.079600 0.079500 0.027900 0.144300 0.151200 0.027900 0.151100 0.126800 0.057200 0.095200 0.035200 0.079200 0.080300 0.141000 0.072200 0.080000
Hartebeest 0.028000 0.184000 0.049600 0.166900 0.035300 0.028100 0.065100 0.072200 0.021100 0.118500 0.028100 0.049300 0.000000 0.065100 0.064100 0.087500 0.057100 0.056600 0.035100 0.042500 0.072300 0.021000 0.095400 0.087400 0.028100 0.087500 0.000000 0.021000 0.087600 0.035400 0.118100 0.072600 0.134800 0.006900 0.028200 0.028100 0.035200 0.035200 0.079300 0.096200 0.103100 0.103700 0.110700 0.079800 0.028100 0.057300 0.079800 0.064400 0.050100 0.086100 0.028100 0.035400
Bongo 0.020800 0.183500 0.027800 0.157300 0.027800 0.020900 0.055500 0.064000 0.000000 0.109700 0.020800 0.041700 0.021000 0.057200 0.056400 0.079300 0.049400 0.049000 0.027800 0.020500 0.064100 0.013900 0.094700 0.079000 0.020900 0.079600 0.021000 0.000000 0.079100 0.013900 0.109400 0.064800 0.118000 0.013600 0.020900 0.020500 0.027800 0.027800 0.071200 0.087400 0.094600 0.095200 0.102000 0.071700 0.020800 0.049500 0.071500 0.056400 0.042400 0.085500 0.006900 0.013900
Gerenuk 0.071800 0.237900 0.094400 0.199800 0.079300 0.072000 0.079600 0.027300 0.079700 0.158800 0.071700 0.093600 0.087600 0.079700 0.094500 0.013700 0.094800 0.094000 0.079000 0.086800 0.013700 0.079600 0.151200 0.134100 0.072000 0.020700 0.087600 0.079100 0.000000 0.079800 0.158400 0.087600 0.176100 0.079500 0.072100 0.071700 0.080000 0.079300 0.042000 0.143600 0.150900 0.034900 0.150700 0.126500 0.071700 0.094900 0.034400 0.086300 0.079900 0.140500 0.072000 0.080100
CommonElan 0.020900 0.192800 0.028000 0.158200 0.028100 0.021000 0.057500 0.064500 0.014000 0.110300 0.020900 0.042000 0.035400 0.057500 0.056600 0.079700 0.049600 0.049200 0.027900 0.006900 0.064600 0.028100 0.095300 0.079600 0.021000 0.079900 0.035400 0.013900 0.079800 0.000000 0.110000 0.065100 0.118700 0.028100 0.021100 0.020900 0.028000 0.028000 0.071600 0.088200 0.095200 0.095700 0.102600 0.072100 0.020900 0.049800 0.072100 0.056900 0.042700 0.086000 0.006900 0.014000
MuntiacusR 0.101500 0.228100 0.124700 0.157400 0.109700 0.101900 0.133700 0.141500 0.109900 0.013500 0.101700 0.124000 0.118100 0.133700 0.140200 0.158200 0.102000 0.101100 0.108900 0.117300 0.141800 0.109600 0.063800 0.063800 0.101900 0.158800 0.118100 0.109400 0.158400 0.110000 0.000000 0.142200 0.192600 0.109900 0.102300 0.101700 0.109300 0.109300 0.148900 0.057100 0.063300 0.176400 0.006800 0.056500 0.101700 0.117700 0.149900 0.109300 0.126200 0.124400 0.101900 0.110100
HarveysDui 0.057300 0.221300 0.079700 0.202100 0.064900 0.057500 0.021100 0.072200 0.065000 0.142600 0.057400 0.079200 0.072600 0.007000 0.079500 0.087500 0.087600 0.086900 0.064500 0.057400 0.072300 0.065000 0.127000 0.110800 0.057500 0.087600 0.072600 0.064800 0.087600 0.065100 0.142200 0.000000 0.160200 0.065100 0.057700 0.057400 0.064800 0.064700 0.086900 0.119900 0.126800 0.103700 0.134600 0.103000 0.057400 0.087800 0.064800 0.087400 0.080600 0.125400 0.057400 0.065100
Pronghorn 0.110000 0.239200 0.133500 0.201200 0.134100 0.110400 0.135100 0.158800 0.118500 0.193100 0.110200 0.148500 0.134800 0.151500 0.133000 0.159000 0.142100 0.140800 0.117500 0.110300 0.159100 0.118200 0.177100 0.159400 0.110400 0.159600 0.134800 0.118000 0.176100 0.118700 0.192600 0.160200 0.000000 0.134300 0.126600 0.110100 0.117900 0.133500 0.149800 0.170000 0.176900 0.177400 0.184800 0.151200 0.110100 0.158800 0.134400 0.165900 0.151300 0.173300 0.110500 0.118800
BlueWildeb 0.020900 0.174900 0.042200 0.158100 0.028000 0.021000 0.057300 0.064300 0.014000 0.110200 0.020600 0.041800 0.006900 0.057400 0.056600 0.079700 0.049600 0.049200 0.027900 0.035000 0.064400 0.013900 0.087400 0.079300 0.021000 0.079900 0.006900 0.013600 0.079500 0.028100 0.109900 0.065100 0.134300 0.000000 0.021000 0.020500 0.027400 0.027900 0.071600 0.087800 0.095000 0.095600 0.102500 0.072100 0.020900 0.049800 0.071800 0.056700 0.042600 0.078400 0.021000 0.027600
Gemsbok 0.013900 0.183400 0.035100 0.141300 0.020300 0.013900 0.050000 0.056700 0.021000 0.102600 0.013600 0.034800 0.028200 0.050100 0.049400 0.072200 0.042400 0.042100 0.020900 0.028000 0.057100 0.021000 0.087600 0.071900 0.013900 0.072500 0.028200 0.020900 0.072100 0.021100 0.102300 0.057700 0.126600 0.021000 0.000000 0.013900 0.020900 0.020900 0.064300 0.080300 0.087500 0.088000 0.094900 0.064700 0.013600 0.042500 0.064500 0.049500 0.035400 0.078500 0.013900 0.020600
Yak 0.013800 0.174900 0.034900 0.133200 0.020500 0.013900 0.034500 0.056700 0.020900 0.102000 0.013800 0.034600 0.028100 0.049900 0.049200 0.057000 0.042200 0.041900 0.020800 0.027300 0.056800 0.020900 0.087100 0.071500 0.013900 0.057200 0.028100 0.020500 0.071700 0.020900 0.101700 0.057400 0.110100 0.020500 0.013900 0.000000 0.020700 0.020800 0.049300 0.079800 0.086900 0.087600 0.094400 0.064300 0.000000 0.042300 0.064200 0.049200 0.035200 0.078100 0.013900 0.020400
BlueSheep 0.006900 0.166600 0.042000 0.125500 0.027800 0.006900 0.057000 0.064000 0.028000 0.109600 0.006900 0.027600 0.035200 0.057200 0.042000 0.079300 0.049400 0.049000 0.013800 0.034900 0.064200 0.013900 0.094600 0.064100 0.006900 0.079600 0.035200 0.027800 0.080000 0.028000 0.109300 0.064800 0.117900 0.027400 0.020900 0.020700 0.000000 0.013800 0.071300 0.087300 0.094400 0.095200 0.101900 0.057000 0.020800 0.049500 0.071500 0.055900 0.042400 0.085500 0.020900 0.027400
BohorReedb 0.020800 0.183300 0.042000 0.141100 0.013800 0.020800 0.057100 0.064100 0.020900 0.109500 0.020800 0.027600 0.035200 0.057100 0.042000 0.079200 0.049300 0.048900 0.027700 0.034900 0.064300 0.027900 0.094600 0.064300 0.020800 0.079500 0.035200 0.027800 0.079300 0.028000 0.109300 0.064700 0.133500 0.027900 0.020900 0.020800 0.013800 0.000000 0.071200 0.087600 0.094400 0.095100 0.101900 0.056900 0.020800 0.049500 0.071600 0.056500 0.042400 0.085400 0.020800 0.028000
KirksDik 0.063800 0.209400 0.086000 0.182200 0.071400 0.064000 0.064300 0.027700 0.071600 0.149300 0.063900 0.085600 0.079300 0.079100 0.086200 0.027800 0.086500 0.085700 0.070700 0.078800 0.027700 0.071500 0.141800 0.125500 0.064000 0.027900 0.079300 0.071200 0.042000 0.071600 0.148900 0.086900 0.149800 0.071600 0.064300 0.049300 0.071300 0.071200 0.000000 0.134700 0.141500 0.056800 0.141400 0.117600 0.049300 0.094200 0.034800 0.086300 0.071900 0.131500 0.064000 0.071600
RoeDeer 0.080000 0.212000 0.102900 0.151500 0.087700 0.080200 0.111200 0.126900 0.088100 0.057200 0.079900 0.101900 0.096200 0.111600 0.118200 0.143800 0.095600 0.094800 0.087400 0.095300 0.127200 0.087900 0.035500 0.035300 0.080200 0.144300 0.096200 0.087400 0.143600 0.088200 0.057100 0.119900 0.170000 0.087800 0.080300 0.079800 0.087300 0.087600 0.134700 0.000000 0.035500 0.144400 0.049900 0.028200 0.079800 0.095800 0.135200 0.118300 0.103800 0.118100 0.080200 0.088000
WhiteLippe 0.086800 0.201500 0.109700 0.158300 0.087100 0.087100 0.118400 0.134100 0.095000 0.063900 0.087000 0.109000 0.103100 0.118500 0.124900 0.150600 0.102400 0.101600 0.094200 0.102400 0.134400 0.094700 0.035100 0.042200 0.087100 0.151200 0.103100 0.094600 0.150900 0.095200 0.063300 0.126800 0.176900 0.095000 0.087500 0.086900 0.094400 0.094400 0.141500 0.035500 0.000000 0.168800 0.056600 0.035100 0.086900 0.102700 0.142500 0.125500 0.111000 0.124900 0.087100 0.095200
ThomsonGaz 0.087400 0.258600 0.110500 0.209800 0.095400 0.087700 0.095700 0.042400 0.095600 0.176900 0.087600 0.109900 0.103700 0.095600 0.110600 0.034900 0.111000 0.110100 0.094800 0.103000 0.027900 0.095400 0.169100 0.151900 0.087700 0.027900 0.103700 0.095200 0.034900 0.095700 0.176400 0.103700 0.177400 0.095600 0.088000 0.087600 0.095200 0.095100 0.056800 0.144400 0.168800 0.000000 0.168600 0.143700 0.087600 0.111200 0.049800 0.094700 0.096000 0.157800 0.087700 0.095700
MuntiacusC 0.094200 0.220000 0.117300 0.149800 0.102300 0.094500 0.126200 0.134000 0.102500 0.006800 0.094400 0.116600 0.110700 0.126200 0.132700 0.150500 0.094600 0.093800 0.101600 0.109900 0.134300 0.102300 0.056700 0.056700 0.094600 0.151100 0.110700 0.102000 0.150700 0.102600 0.006800 0.134600 0.184800 0.102500 0.094900 0.094400 0.101900 0.101900 0.141400 0.049900 0.056600 0.168600 0.000000 0.049400 0.094400 0.110300 0.142300 0.101900 0.118700 0.116900 0.094500 0.102700
WhiteTaile 0.064200 0.211400 0.086600 0.134000 0.071900 0.064400 0.094900 0.110300 0.072000 0.056600 0.064300 0.071200 0.079800 0.094900 0.086500 0.126300 0.079500 0.078800 0.071400 0.079300 0.110500 0.071900 0.035100 0.006900 0.064400 0.126800 0.079800 0.071700 0.126500 0.072100 0.056500 0.103000 0.151200 0.072100 0.064700 0.064300 0.057000 0.056900 0.117600 0.028200 0.035100 0.143700 0.049400 0.000000 0.064300 0.094900 0.118300 0.102000 0.087600 0.101300 0.064400 0.072200
Cattle 0.013800 0.174900 0.034900 0.133200 0.020200 0.013900 0.035300 0.056700 0.020900 0.102000 0.013600 0.034600 0.028100 0.049900 0.049200 0.057000 0.042200 0.041900 0.020800 0.027100 0.056800 0.020900 0.087100 0.071500 0.013900 0.057200 0.028100 0.020800 0.071700 0.020900 0.101700 0.057400 0.110100 0.020900 0.013600 0.000000 0.020800 0.020800 0.049300 0.079800 0.086900 0.087600 0.094400 0.064300 0.000000 0.042300 0.064200 0.049200 0.035200 0.078100 0.013900 0.020400
RoyalAntel 0.042300 0.210100 0.064100 0.166200 0.049600 0.042400 0.080000 0.087100 0.049700 0.118000 0.042300 0.063700 0.057300 0.080000 0.078900 0.094900 0.071800 0.071200 0.049300 0.056900 0.079600 0.049700 0.102800 0.102600 0.042400 0.095200 0.057300 0.049500 0.094900 0.049800 0.117700 0.087800 0.158800 0.049800 0.042500 0.042300 0.049500 0.049500 0.094200 0.095800 0.102700 0.111200 0.110300 0.094900 0.042300 0.000000 0.094800 0.079200 0.064800 0.108800 0.042400 0.042500
Steenbok 0.064200 0.210600 0.086600 0.200500 0.071600 0.064400 0.057100 0.020600 0.072000 0.150300 0.064100 0.085900 0.079800 0.057200 0.071600 0.035100 0.087000 0.086300 0.071400 0.064100 0.020800 0.071900 0.142700 0.125900 0.064400 0.035200 0.079800 0.071500 0.034400 0.072100 0.149900 0.064800 0.134400 0.071800 0.064500 0.064200 0.071500 0.071600 0.034800 0.135200 0.142500 0.049800 0.142300 0.118300 0.064200 0.094800 0.000000 0.086600 0.072100 0.132300 0.064400 0.071900
Impala 0.049300 0.208800 0.071200 0.140500 0.056500 0.049400 0.079400 0.064200 0.056800 0.109600 0.049200 0.070500 0.064400 0.079600 0.086100 0.086500 0.049500 0.063600 0.056300 0.063800 0.079100 0.056800 0.125800 0.109500 0.049400 0.079200 0.064400 0.056400 0.086300 0.056900 0.109300 0.087400 0.165900 0.056700 0.049500 0.049200 0.055900 0.056500 0.086300 0.118300 0.125500 0.094700 0.101900 0.102000 0.049200 0.079200 0.086600 0.000000 0.071800 0.100800 0.049400 0.056700
Klipspring 0.035300 0.219600 0.057100 0.175700 0.042300 0.035400 0.072500 0.064600 0.042700 0.126600 0.033900 0.056500 0.050100 0.072700 0.071700 0.080000 0.064600 0.064100 0.042400 0.049700 0.064700 0.042700 0.111200 0.095000 0.035400 0.080300 0.050100 0.042400 0.079900 0.042700 0.126200 0.080600 0.151300 0.042600 0.035400 0.035200 0.042400 0.042400 0.071900 0.103800 0.111000 0.096000 0.118700 0.087600 0.035200 0.064800 0.072100 0.071800 0.000000 0.101500 0.035400 0.041800
ForestMusk 0.078000 0.243100 0.100300 0.189100 0.085700 0.078200 0.117200 0.108900 0.085900 0.124600 0.078100 0.084900 0.086100 0.117200 0.115500 0.140400 0.078500 0.092500 0.085100 0.093100 0.124500 0.085600 0.109300 0.109000 0.078200 0.141000 0.086100 0.085500 0.140500 0.086000 0.124400 0.125400 0.173300 0.078400 0.078500 0.078100 0.085500 0.085400 0.131500 0.118100 0.124900 0.157800 0.116900 0.101300 0.078100 0.108800 0.132300 0.100800 0.101500 0.000000 0.078200 0.086000
Bushbuck 0.013900 0.191700 0.020900 0.149600 0.020900 0.013900 0.049900 0.057000 0.006900 0.102100 0.013900 0.034800 0.028100 0.049900 0.049200 0.071900 0.042200 0.041900 0.020800 0.013900 0.057100 0.020900 0.087300 0.071800 0.013900 0.072200 0.028100 0.006900 0.072000 0.006900 0.101900 0.057400 0.110500 0.021000 0.013900 0.013900 0.020900 0.020800 0.064000 0.080200 0.087100 0.087700 0.094500 0.064400 0.013900 0.042400 0.064400 0.049400 0.035400 0.078200 0.000000 0.006900
GreaterKud 0.020900 0.201600 0.028000 0.158300 0.028000 0.021000 0.057300 0.064400 0.014000 0.110400 0.020900 0.041900 0.035400 0.057500 0.056700 0.079700 0.049600 0.049300 0.027900 0.020900 0.064500 0.028100 0.095300 0.079400 0.021000 0.080000 0.035400 0.013900 0.080100 0.014000 0.110100 0.065100 0.118800 0.027600 0.020600 0.020400 0.027400 0.028000 0.071600 0.088000 0.095200 0.095700 0.102700 0.072200 0.020400 0.042500 0.071900 0.056700 0.041800 0.086000 0.006900 0.000000
