1
52 1
Argali 0.000000 0.159900 0.060600 0.151000 0.024500 0.009700 0.029200 0.029200 0.055100 0.079500 0.018800 0.034600 0.034100 0.034300 0.039600 0.039000 0.039900 0.044800 0.029300 0.059900 0.049400 0.014300 0.079600 0.101800 0.023600 0.039100 0.033300 0.060800 0.044100 0.049900 0.079500 0.029500 0.077600 0.028500 0.029500 0.040200 0.009600 0.024300 0.044200 0.090300 0.085200 0.044200 0.090100 0.091000 0.035100 0.039100 0.058900 0.044800 0.044800 0.091600 0.049900 0.060300
LesserMous 0.159900 0.000000 0.164700 0.166200 0.159100 0.160300 0.158900 0.141300 0.163800 0.213200 0.158600 0.175700 0.164400 0.159200 0.165500 0.157400 0.188700 0.194200 0.158700 0.174600 0.136400 0.152400 0.213500 0.222200 0.171500 0.146400 0.165200 0.177100 0.152000 0.163500 0.213200 0.153600 0.222500 0.171500 0.160200 0.165800 0.147000 0.158900 0.164800 0.195100 0.213200 0.146800 0.226000 0.196500 0.160300 0.170100 0.180900 0.171000 0.184900 0.211100 0.163500 0.181800
LesserKudu 0.060600 0.164700 0.000000 0.150300 0.034700 0.060700 0.049900 0.060100 0.014100 0.099700 0.060100 0.044400 0.044600 0.055200 0.060500 0.070000 0.070500 0.065100 0.049900 0.019300 0.065400 0.054800 0.089500 0.123000 0.060400 0.059800 0.044800 0.019600 0.065000 0.009500 0.099700 0.050100 0.104500 0.039800 0.050300 0.050000 0.049800 0.044800 0.070600 0.110700 0.089700 0.065100 0.110500 0.106500 0.055300 0.060000 0.085600 0.065900 0.061000 0.101800 0.009400 0.014200
KillerWhal 0.151000 0.166200 0.150300 0.000000 0.127100 0.151400 0.126900 0.137900 0.143700 0.186800 0.138000 0.149600 0.143600 0.121500 0.116100 0.160000 0.144900 0.138600 0.138400 0.160200 0.127100 0.143500 0.187000 0.189300 0.150700 0.137300 0.144300 0.162700 0.154700 0.149200 0.186800 0.121600 0.208200 0.139100 0.128000 0.151300 0.138100 0.121300 0.149600 0.163200 0.180600 0.143500 0.199300 0.170300 0.145900 0.137900 0.183700 0.138800 0.146200 0.154600 0.149200 0.167400
DefassaWat 0.024500 0.159100 0.034700 0.127100 0.000000 0.024500 0.014500 0.024300 0.029500 0.063800 0.024300 0.019600 0.019300 0.019400 0.024400 0.033900 0.045000 0.039800 0.014500 0.034300 0.034300 0.019300 0.063900 0.085500 0.034400 0.024100 0.019400 0.034800 0.029100 0.024500 0.063800 0.014600 0.066600 0.014600 0.014600 0.024800 0.014500 0.009700 0.034200 0.074300 0.064100 0.029100 0.074200 0.069700 0.029900 0.024200 0.059000 0.029500 0.034700 0.075400 0.024500 0.039600
Sheep 0.009700 0.160300 0.060700 0.151400 0.024500 0.000000 0.029300 0.029300 0.055300 0.079700 0.018700 0.034700 0.034200 0.034400 0.039500 0.039100 0.039900 0.044900 0.029300 0.060100 0.049500 0.014000 0.079700 0.102000 0.023900 0.039200 0.034300 0.060900 0.044200 0.050000 0.079700 0.029500 0.077800 0.029500 0.029500 0.040300 0.009500 0.024400 0.044300 0.090500 0.085400 0.044300 0.090300 0.091200 0.035200 0.039200 0.059000 0.044900 0.044900 0.091800 0.050000 0.060500
MaxwellsDu 0.029200 0.158900 0.049900 0.126900 0.014500 0.029300 0.000000 0.029000 0.044600 0.068700 0.027700 0.024400 0.024100 0.014500 0.028400 0.038700 0.050000 0.044700 0.018800 0.049300 0.037300 0.024100 0.068800 0.090500 0.039200 0.029000 0.023200 0.050000 0.033900 0.039400 0.068700 0.009700 0.082500 0.019400 0.019400 0.039900 0.018600 0.014200 0.039000 0.084600 0.063900 0.034000 0.079100 0.079900 0.034900 0.029000 0.053500 0.039500 0.039500 0.080400 0.039400 0.054800
GazellaPrz 0.029200 0.141300 0.060100 0.137900 0.024300 0.029300 0.029000 0.000000 0.044500 0.078800 0.029000 0.034400 0.033900 0.024200 0.029100 0.019100 0.039600 0.044600 0.029000 0.059500 0.029100 0.024000 0.079000 0.079800 0.037300 0.019200 0.034000 0.060300 0.024100 0.049400 0.078800 0.029200 0.082400 0.029200 0.029200 0.039900 0.019200 0.014100 0.029000 0.074000 0.084600 0.024100 0.089400 0.069400 0.034800 0.038800 0.053300 0.039400 0.039400 0.080200 0.049400 0.065100
MountainNy 0.055100 0.163800 0.014100 0.143700 0.029500 0.055300 0.044600 0.044500 0.000000 0.094000 0.054700 0.049300 0.049500 0.039600 0.044800 0.064500 0.065100 0.059700 0.044600 0.014400 0.065200 0.049500 0.094500 0.106100 0.065500 0.054400 0.049700 0.014200 0.059600 0.004700 0.094000 0.044800 0.098500 0.044800 0.044900 0.055000 0.044500 0.029500 0.065100 0.094300 0.094800 0.059700 0.104800 0.090000 0.060300 0.054600 0.090700 0.050000 0.055600 0.096100 0.004700 0.018900
MuntiacusM 0.079500 0.213200 0.099700 0.186800 0.063800 0.079700 0.068700 0.078800 0.094000 0.000000 0.078900 0.073300 0.073600 0.074000 0.069100 0.078300 0.099800 0.094300 0.068700 0.098700 0.079100 0.073500 0.037500 0.087900 0.089800 0.058200 0.073900 0.100000 0.073400 0.088600 0.000000 0.069000 0.134600 0.069000 0.059000 0.069000 0.068600 0.063700 0.089400 0.081900 0.062100 0.063400 0.009200 0.077600 0.074200 0.078800 0.115000 0.090200 0.090600 0.120300 0.088600 0.104600
goat 0.018800 0.158600 0.060100 0.138000 0.024300 0.018700 0.027700 0.029000 0.054700 0.078900 0.000000 0.034400 0.033900 0.033000 0.037900 0.038700 0.049900 0.054900 0.029000 0.059400 0.049000 0.014300 0.068700 0.101000 0.009600 0.038800 0.034000 0.060300 0.043800 0.049400 0.078900 0.029200 0.082400 0.029200 0.029200 0.039900 0.009300 0.024200 0.048900 0.094900 0.084500 0.043900 0.089400 0.090300 0.034800 0.037000 0.063600 0.049500 0.049600 0.090900 0.049400 0.065100
AfricanBuf 0.034600 0.175700 0.044400 0.149600 0.019600 0.034700 0.024400 0.034400 0.049300 0.073300 0.034400 0.000000 0.019400 0.029500 0.034600 0.044100 0.044400 0.039300 0.024500 0.054000 0.039400 0.029300 0.063400 0.095400 0.034500 0.034200 0.019500 0.054800 0.039200 0.044100 0.073300 0.024600 0.087600 0.014600 0.024600 0.034500 0.024400 0.019500 0.044500 0.089200 0.068800 0.039300 0.083700 0.084800 0.029600 0.034300 0.059200 0.044900 0.024800 0.074800 0.044100 0.049300
Topi 0.034100 0.164400 0.044600 0.143600 0.019300 0.034200 0.024100 0.033900 0.049500 0.073600 0.033900 0.019400 0.000000 0.028200 0.034100 0.043600 0.044600 0.039400 0.023300 0.054300 0.038900 0.027700 0.063500 0.095600 0.032600 0.033800 0.009600 0.055000 0.038800 0.044300 0.073600 0.024300 0.087700 0.014100 0.024300 0.034700 0.024000 0.019200 0.043900 0.089600 0.068900 0.038900 0.084100 0.085000 0.029700 0.033000 0.058400 0.044400 0.033300 0.074900 0.044300 0.049500
CommonDuik 0.034300 0.159200 0.055200 0.121500 0.019400 0.034400 0.014500 0.024200 0.039600 0.074000 0.033000 0.029500 0.028200 0.000000 0.024300 0.043800 0.044900 0.039700 0.024200 0.054500 0.044100 0.029000 0.074000 0.074700 0.044300 0.033900 0.029200 0.055300 0.038900 0.044600 0.074000 0.014600 0.088200 0.024300 0.024400 0.045200 0.024200 0.009400 0.044100 0.079500 0.079600 0.039000 0.084500 0.074800 0.040100 0.034000 0.068900 0.034500 0.034600 0.075300 0.044600 0.060100
Suni 0.039600 0.165500 0.060500 0.116100 0.024400 0.039500 0.028400 0.029100 0.044800 0.069100 0.037900 0.034600 0.034100 0.024300 0.000000 0.049000 0.039900 0.034700 0.028000 0.059900 0.039300 0.032400 0.069200 0.069900 0.049500 0.029100 0.034200 0.060700 0.044100 0.049800 0.069100 0.029400 0.093900 0.028600 0.019500 0.040200 0.029200 0.014100 0.049200 0.074500 0.074700 0.034200 0.079600 0.059500 0.035100 0.037900 0.074300 0.039600 0.037800 0.070300 0.049800 0.065500
Springbuck 0.039000 0.157400 0.070000 0.160000 0.033900 0.039100 0.038700 0.019100 0.064500 0.078300 0.038700 0.044100 0.043600 0.043800 0.049000 0.000000 0.059700 0.064700 0.038700 0.069200 0.038800 0.033700 0.078400 0.100300 0.048900 0.019000 0.043800 0.070200 0.023900 0.059200 0.078300 0.038900 0.092500 0.038900 0.039000 0.039600 0.028800 0.033900 0.038800 0.094300 0.094400 0.023900 0.088800 0.089700 0.044700 0.048600 0.063300 0.059300 0.059600 0.100800 0.059200 0.074900
Okapi 0.039900 0.188700 0.070500 0.144900 0.045000 0.039900 0.050000 0.039600 0.065100 0.099800 0.049900 0.044400 0.044600 0.044900 0.039900 0.059700 0.000000 0.004800 0.050000 0.080300 0.065500 0.044600 0.089600 0.101400 0.045000 0.059900 0.044800 0.081400 0.065100 0.070100 0.099800 0.050200 0.099100 0.039900 0.050300 0.050100 0.039700 0.034700 0.065400 0.100200 0.095300 0.065300 0.110700 0.090700 0.045000 0.060100 0.080400 0.055500 0.045300 0.080500 0.070100 0.070200
Giraffe 0.044800 0.194200 0.065100 0.138600 0.039800 0.044900 0.044700 0.044600 0.059700 0.094300 0.054900 0.039300 0.039400 0.039700 0.034700 0.064700 0.004800 0.000000 0.044700 0.074800 0.060100 0.049600 0.084100 0.095700 0.049900 0.054500 0.039600 0.075900 0.059700 0.064700 0.094300 0.044900 0.104400 0.034700 0.045000 0.055100 0.044600 0.029600 0.060100 0.094600 0.089800 0.059900 0.105100 0.085100 0.050000 0.054800 0.074900 0.050200 0.040100 0.075000 0.064700 0.064700
TibetanAnt 0.029300 0.158700 0.049900 0.138400 0.014500 0.029300 0.018800 0.029000 0.044600 0.068700 0.029000 0.024500 0.023300 0.024200 0.028000 0.038700 0.050000 0.044700 0.000000 0.049400 0.039000 0.024100 0.068800 0.090500 0.037900 0.029000 0.023800 0.039800 0.033900 0.039400 0.068700 0.019400 0.082500 0.019400 0.019400 0.039900 0.019200 0.014400 0.038200 0.084600 0.074300 0.034000 0.079200 0.079900 0.034900 0.029000 0.063700 0.039500 0.039500 0.080500 0.039400 0.054800
Sitatunga 0.059900 0.174600 0.019300 0.160200 0.034300 0.060100 0.049300 0.059500 0.014400 0.098700 0.059400 0.054000 0.054300 0.054500 0.059900 0.069200 0.080300 0.074800 0.049400 0.000000 0.070000 0.054200 0.099200 0.121800 0.070200 0.059100 0.054500 0.018900 0.064300 0.009600 0.098700 0.049500 0.103300 0.049600 0.049700 0.059800 0.049200 0.044300 0.069900 0.109600 0.099500 0.064500 0.109400 0.105400 0.065100 0.059400 0.095400 0.054800 0.070900 0.111600 0.009600 0.024200
Oribi 0.049400 0.136400 0.065400 0.127100 0.034300 0.049500 0.037300 0.029100 0.065200 0.079100 0.049000 0.039400 0.038900 0.044100 0.039300 0.038800 0.065500 0.060100 0.039000 0.070000 0.000000 0.043800 0.074000 0.090700 0.054300 0.019300 0.039000 0.071000 0.034000 0.059900 0.079100 0.039300 0.104600 0.034200 0.029300 0.045100 0.039000 0.034100 0.039000 0.084800 0.079600 0.024200 0.089700 0.080100 0.040000 0.038900 0.058600 0.060000 0.054800 0.085700 0.059900 0.070400
BarbaryShe 0.014300 0.152400 0.054800 0.143500 0.019300 0.014000 0.024100 0.024000 0.049500 0.073500 0.014300 0.029300 0.027700 0.029000 0.032400 0.033700 0.044600 0.049600 0.024100 0.054200 0.043800 0.000000 0.073600 0.095400 0.023800 0.033700 0.028200 0.054900 0.038700 0.044300 0.073500 0.024200 0.076800 0.023500 0.024200 0.034700 0.004800 0.019200 0.043800 0.089500 0.079100 0.038800 0.084000 0.084800 0.029700 0.033800 0.057900 0.044300 0.044400 0.085400 0.044300 0.059700
Daviddeer 0.079600 0.213500 0.089500 0.187000 0.063900 0.079700 0.068800 0.079000 0.094500 0.037500 0.068700 0.063400 0.063500 0.074000 0.069200 0.078400 0.089600 0.084100 0.068800 0.099200 0.074000 0.073600 0.000000 0.088000 0.069000 0.058300 0.063700 0.100500 0.073500 0.089000 0.037500 0.069100 0.134700 0.058800 0.059100 0.059000 0.068700 0.063800 0.089500 0.082300 0.033000 0.063500 0.047300 0.077700 0.064200 0.078900 0.104300 0.090300 0.080000 0.109600 0.089000 0.094400
Reindeer 0.101800 0.222200 0.123000 0.189300 0.085500 0.102000 0.090500 0.079800 0.106100 0.087900 0.101000 0.095400 0.095600 0.074700 0.069900 0.100300 0.101400 0.095700 0.090500 0.121800 0.090700 0.095400 0.088000 0.000000 0.112500 0.079400 0.096000 0.123400 0.095200 0.111300 0.087900 0.090900 0.152300 0.090900 0.080600 0.102000 0.090300 0.074800 0.101200 0.062600 0.093500 0.084900 0.098400 0.028400 0.096700 0.100900 0.105300 0.102000 0.102500 0.121800 0.111300 0.128100
Ibex 0.023600 0.171500 0.060400 0.150700 0.034400 0.023900 0.039200 0.037300 0.065500 0.089800 0.009600 0.034500 0.032600 0.044300 0.049500 0.048900 0.045000 0.049900 0.037900 0.070200 0.054300 0.023800 0.069000 0.112500 0.000000 0.049000 0.034200 0.071200 0.054200 0.060100 0.089800 0.039500 0.082900 0.029300 0.039500 0.040100 0.019300 0.034200 0.049200 0.095500 0.084900 0.054300 0.100600 0.101700 0.035000 0.049100 0.053700 0.049800 0.039200 0.091400 0.060100 0.055000
GyrantGaze 0.039100 0.146400 0.059800 0.137300 0.024100 0.039200 0.029000 0.019200 0.054400 0.058200 0.038800 0.034200 0.033800 0.033900 0.029100 0.019000 0.059900 0.054500 0.029000 0.059100 0.019300 0.033700 0.058300 0.079400 0.049000 0.000000 0.033900 0.060000 0.013900 0.049200 0.058200 0.029100 0.092700 0.029100 0.019300 0.029600 0.028900 0.024100 0.029000 0.073800 0.073900 0.004700 0.068400 0.069100 0.034600 0.038700 0.053400 0.049200 0.049500 0.090400 0.049200 0.064700
Hartebeest 0.033300 0.165200 0.044800 0.144300 0.019400 0.034300 0.023200 0.034000 0.049700 0.073900 0.034000 0.019500 0.009600 0.029200 0.034200 0.043800 0.044800 0.039600 0.023800 0.054500 0.039000 0.028200 0.063700 0.096000 0.034200 0.033900 0.000000 0.055300 0.038900 0.044500 0.073900 0.024400 0.088100 0.004700 0.024400 0.034900 0.023600 0.018800 0.043000 0.090000 0.069200 0.039000 0.084500 0.085300 0.029800 0.033200 0.058600 0.044600 0.034500 0.075200 0.044500 0.049700
Bongo 0.060800 0.177100 0.019600 0.162700 0.034800 0.060900 0.050000 0.060300 0.014200 0.100000 0.060300 0.054800 0.055000 0.055300 0.060700 0.070200 0.081400 0.075900 0.039800 0.018900 0.071000 0.054900 0.100500 0.123400 0.071200 0.060000 0.055300 0.000000 0.065200 0.009400 0.100000 0.050200 0.104800 0.050300 0.050400 0.060600 0.049900 0.045000 0.070900 0.111000 0.100800 0.065400 0.110900 0.106800 0.066000 0.060200 0.096700 0.066100 0.071900 0.113200 0.009700 0.024500
Gerenuk 0.044100 0.152000 0.065000 0.154700 0.029100 0.044200 0.033900 0.024100 0.059600 0.073400 0.043800 0.039200 0.038800 0.038900 0.044100 0.023900 0.065100 0.059700 0.033900 0.064300 0.034000 0.038700 0.073500 0.095200 0.054200 0.013900 0.038900 0.065200 0.000000 0.054300 0.073400 0.034100 0.098200 0.034100 0.034200 0.044800 0.033800 0.029000 0.033900 0.089300 0.089400 0.014000 0.083800 0.084700 0.049900 0.043700 0.058500 0.054400 0.054600 0.095800 0.054300 0.070000
CommonElan 0.049900 0.163500 0.009500 0.149200 0.024500 0.050000 0.039400 0.049400 0.004700 0.088600 0.049400 0.044100 0.044300 0.044600 0.049800 0.059200 0.070100 0.064700 0.039400 0.009600 0.059900 0.044300 0.089000 0.111300 0.060100 0.049200 0.044500 0.009400 0.054300 0.000000 0.088600 0.039600 0.092800 0.039600 0.039700 0.049700 0.039300 0.034400 0.059800 0.099400 0.089300 0.054400 0.098600 0.095100 0.055000 0.049400 0.085200 0.055100 0.060700 0.101200 0.000000 0.014100
MuntiacusR 0.079500 0.213200 0.099700 0.186800 0.063800 0.079700 0.068700 0.078800 0.094000 0.000000 0.078900 0.073300 0.073600 0.074000 0.069100 0.078300 0.099800 0.094300 0.068700 0.098700 0.079100 0.073500 0.037500 0.087900 0.089800 0.058200 0.073900 0.100000 0.073400 0.088600 0.000000 0.069000 0.134600 0.069000 0.059000 0.069000 0.068600 0.063700 0.089400 0.081900 0.062100 0.063400 0.009000 0.077600 0.074200 0.078800 0.115000 0.090200 0.090600 0.120300 0.088600 0.104600
HarveysDui 0.029500 0.153600 0.050100 0.121600 0.014600 0.029500 0.009700 0.029200 0.044800 0.069000 0.029200 0.024600 0.024300 0.014600 0.029400 0.038900 0.050200 0.044900 0.019400 0.049500 0.039300 0.024200 0.069100 0.090900 0.039500 0.029100 0.024400 0.050200 0.034100 0.039600 0.069000 0.000000 0.077500 0.019500 0.019600 0.040100 0.019400 0.014500 0.034300 0.084900 0.074500 0.034100 0.079500 0.080300 0.029900 0.029200 0.059000 0.034500 0.034800 0.080800 0.039600 0.055100
Pronghorn 0.077600 0.222500 0.104500 0.208200 0.066600 0.077800 0.082500 0.082400 0.098500 0.134600 0.082400 0.087600 0.087700 0.088200 0.093900 0.092500 0.099100 0.104400 0.082500 0.103300 0.104600 0.076800 0.134700 0.152300 0.082900 0.092700 0.088100 0.104800 0.098200 0.092800 0.134600 0.077500 0.000000 0.083000 0.083200 0.083100 0.071700 0.077300 0.082400 0.134900 0.135100 0.098500 0.146200 0.130300 0.077900 0.093100 0.108800 0.077700 0.083700 0.148800 0.092800 0.098500
BlueWildeb 0.028500 0.171500 0.039800 0.139100 0.014600 0.029500 0.019400 0.029200 0.044800 0.069000 0.029200 0.014600 0.014100 0.024300 0.028600 0.038900 0.039900 0.034700 0.019400 0.049600 0.034200 0.023500 0.058800 0.090900 0.029300 0.029100 0.004700 0.050300 0.034100 0.039600 0.069000 0.019500 0.083000 0.000000 0.019500 0.029900 0.018600 0.014100 0.039200 0.085000 0.064200 0.034200 0.079500 0.080300 0.024900 0.028300 0.053700 0.039700 0.029600 0.070200 0.039600 0.044800
Gemsbok 0.029500 0.160200 0.050300 0.128000 0.014600 0.029500 0.019400 0.029200 0.044900 0.059000 0.029200 0.024600 0.024300 0.024400 0.019500 0.039000 0.050300 0.045000 0.019400 0.049700 0.029300 0.024200 0.059100 0.080600 0.039500 0.019300 0.024400 0.050400 0.034200 0.039700 0.059000 0.019600 0.083200 0.019500 0.000000 0.030000 0.019400 0.014100 0.039300 0.074800 0.064500 0.024300 0.069400 0.070100 0.025000 0.029200 0.064100 0.039800 0.039800 0.081100 0.039700 0.055300
Yak 0.040200 0.165800 0.050000 0.151300 0.024800 0.040300 0.039900 0.039900 0.055000 0.069000 0.039900 0.034500 0.034700 0.045200 0.040200 0.039600 0.050100 0.055100 0.039900 0.059800 0.045100 0.034700 0.059000 0.102000 0.040100 0.029600 0.034900 0.060600 0.044800 0.049700 0.069000 0.040100 0.083100 0.029900 0.030000 0.000000 0.029700 0.034900 0.060600 0.090100 0.069500 0.034700 0.079500 0.085700 0.014400 0.039800 0.075600 0.055800 0.050900 0.091600 0.048800 0.055000
BlueSheep 0.009600 0.147000 0.049800 0.138100 0.014500 0.009500 0.018600 0.019200 0.044500 0.068600 0.009300 0.024400 0.024000 0.024200 0.029200 0.028800 0.039700 0.044600 0.019200 0.049200 0.039000 0.004800 0.068700 0.090300 0.019300 0.028900 0.023600 0.049900 0.033800 0.039300 0.068600 0.019400 0.071700 0.018600 0.019400 0.029700 0.000000 0.014100 0.038900 0.084400 0.074100 0.033900 0.079000 0.079800 0.024700 0.028400 0.053500 0.039400 0.037700 0.080300 0.039300 0.054700
BohorReedb 0.024300 0.158900 0.044800 0.121300 0.009700 0.024400 0.014200 0.014100 0.029500 0.063700 0.024200 0.019500 0.019200 0.009400 0.014100 0.033900 0.034700 0.029600 0.014400 0.044300 0.034100 0.019200 0.063800 0.074800 0.034200 0.024100 0.018800 0.045000 0.029000 0.034400 0.063700 0.014500 0.077300 0.014100 0.014100 0.034900 0.014100 0.000000 0.034100 0.069100 0.069200 0.029100 0.074100 0.064400 0.029900 0.023400 0.058700 0.024500 0.023700 0.064800 0.034400 0.049800
KirksDik 0.044200 0.164800 0.070600 0.149600 0.034200 0.044300 0.039000 0.029000 0.065100 0.089400 0.048900 0.044500 0.043900 0.044100 0.049200 0.038800 0.065400 0.060100 0.038200 0.069900 0.039000 0.043800 0.089500 0.101200 0.049200 0.029000 0.043000 0.070900 0.033900 0.059800 0.089400 0.034300 0.082400 0.039200 0.039300 0.060600 0.038900 0.034100 0.000000 0.084500 0.095200 0.034000 0.100100 0.090500 0.045100 0.048900 0.043600 0.039400 0.039500 0.101800 0.059800 0.065100
RoeDeer 0.090300 0.195100 0.110700 0.163200 0.074300 0.090500 0.084600 0.074000 0.094300 0.081900 0.094900 0.089200 0.089600 0.079500 0.074500 0.094300 0.100200 0.094600 0.084600 0.109600 0.084800 0.089500 0.082300 0.062600 0.095500 0.073800 0.090000 0.111000 0.089300 0.099400 0.081900 0.084900 0.134900 0.085000 0.074800 0.090100 0.084400 0.069100 0.084500 0.000000 0.082300 0.079200 0.092200 0.052500 0.090300 0.094900 0.099300 0.074400 0.085600 0.115500 0.099400 0.104900
WhiteLippe 0.085200 0.213200 0.089700 0.180600 0.064100 0.085400 0.063900 0.084600 0.094800 0.062100 0.084500 0.068800 0.068900 0.079600 0.074700 0.094400 0.095300 0.089800 0.074300 0.099500 0.079600 0.079100 0.033000 0.093500 0.084900 0.073900 0.069200 0.100800 0.089400 0.089300 0.062100 0.074500 0.135100 0.064200 0.064500 0.069500 0.074100 0.069200 0.095200 0.082300 0.000000 0.079300 0.072200 0.077600 0.069600 0.084400 0.099400 0.090200 0.085700 0.115500 0.089300 0.094700
ThomsonGaz 0.044200 0.146800 0.065100 0.143500 0.029100 0.044300 0.034000 0.024100 0.059700 0.063400 0.043900 0.039300 0.038900 0.039000 0.034200 0.023900 0.065300 0.059900 0.034000 0.064500 0.024200 0.038800 0.063500 0.084900 0.054300 0.004700 0.039000 0.065400 0.014000 0.054400 0.063400 0.034100 0.098500 0.034200 0.024300 0.034700 0.033900 0.029100 0.034000 0.079200 0.079300 0.000000 0.073700 0.074500 0.039800 0.043800 0.058600 0.054500 0.054800 0.096000 0.054400 0.070100
MuntiacusC 0.090100 0.226000 0.110500 0.199300 0.074200 0.090300 0.079100 0.089400 0.104800 0.009200 0.089400 0.083700 0.084100 0.084500 0.079600 0.088800 0.110700 0.105100 0.079200 0.109400 0.089700 0.084000 0.047300 0.098400 0.100600 0.068400 0.084500 0.110900 0.083800 0.098600 0.009000 0.079500 0.146200 0.079500 0.069400 0.079500 0.079000 0.074100 0.100100 0.092200 0.072200 0.073700 0.000000 0.088000 0.084800 0.089300 0.126000 0.101100 0.101500 0.120400 0.099200 0.115500
WhiteTaile 0.091000 0.196500 0.106500 0.170300 0.069700 0.091200 0.079900 0.069400 0.090000 0.077600 0.090300 0.084800 0.085000 0.074800 0.059500 0.089700 0.090700 0.085100 0.079900 0.105400 0.080100 0.084800 0.077700 0.028400 0.101700 0.069100 0.085300 0.106800 0.084700 0.095100 0.077600 0.080300 0.130300 0.080300 0.070100 0.085700 0.079800 0.064400 0.090500 0.052500 0.077600 0.074500 0.088000 0.000000 0.086000 0.090200 0.105400 0.080200 0.091700 0.110900 0.095100 0.111500
Cattle 0.035100 0.160300 0.055300 0.145900 0.029900 0.035200 0.034900 0.034800 0.060300 0.074200 0.034800 0.029600 0.029700 0.040100 0.035100 0.044700 0.045000 0.050000 0.034900 0.065100 0.040000 0.029700 0.064200 0.096700 0.035000 0.034600 0.029800 0.066000 0.049900 0.055000 0.074200 0.029900 0.077900 0.024900 0.025000 0.014400 0.024700 0.029900 0.045100 0.090300 0.069600 0.039800 0.084800 0.086000 0.000000 0.034700 0.060000 0.045500 0.035300 0.086400 0.055000 0.060300
RoyalAntel 0.039100 0.170100 0.060000 0.137900 0.024200 0.039200 0.029000 0.038800 0.054600 0.078800 0.037000 0.034300 0.033000 0.034000 0.037900 0.048600 0.060100 0.054800 0.029000 0.059400 0.038900 0.033800 0.078900 0.100900 0.049100 0.038700 0.033200 0.060200 0.043700 0.049400 0.078800 0.029200 0.093100 0.028300 0.029200 0.039800 0.028400 0.023400 0.048900 0.094900 0.084400 0.043800 0.089300 0.090200 0.034700 0.000000 0.073700 0.049500 0.049500 0.080200 0.049400 0.065000
Steenbok 0.058900 0.180900 0.085600 0.183700 0.059000 0.059000 0.053500 0.053300 0.090700 0.115000 0.063600 0.059200 0.058400 0.068900 0.074300 0.063300 0.080400 0.074900 0.063700 0.095400 0.058600 0.057900 0.104300 0.105300 0.053700 0.053400 0.058600 0.096700 0.058500 0.085200 0.115000 0.059000 0.108800 0.053700 0.064100 0.075600 0.053500 0.058700 0.043600 0.099300 0.099400 0.058600 0.126000 0.105400 0.060000 0.073700 0.000000 0.064400 0.053500 0.116900 0.085200 0.080000
Impala 0.044800 0.171000 0.065900 0.138800 0.029500 0.044900 0.039500 0.039400 0.050000 0.090200 0.049500 0.044900 0.044400 0.034500 0.039600 0.059300 0.055500 0.050200 0.039500 0.054800 0.060000 0.044300 0.090300 0.102000 0.049800 0.049200 0.044600 0.066100 0.054400 0.055100 0.090200 0.034500 0.077700 0.039700 0.039800 0.055800 0.039400 0.024500 0.039400 0.074400 0.090200 0.054500 0.101100 0.080200 0.045500 0.049500 0.064400 0.000000 0.029800 0.091800 0.055100 0.060400
Klipspring 0.044800 0.184900 0.061000 0.146200 0.034700 0.044900 0.039500 0.039400 0.055600 0.090600 0.049600 0.024800 0.033300 0.034600 0.037800 0.059600 0.045300 0.040100 0.039500 0.070900 0.054800 0.044400 0.080000 0.102500 0.039200 0.049500 0.034500 0.071900 0.054600 0.060700 0.090600 0.034800 0.083700 0.029600 0.039800 0.050900 0.037700 0.023700 0.039500 0.085600 0.085700 0.054800 0.101500 0.091700 0.035300 0.049500 0.053500 0.029800 0.000000 0.081400 0.060700 0.055500
ForestMusk 0.091600 0.211100 0.101800 0.154600 0.075400 0.091800 0.080400 0.080200 0.096100 0.120300 0.090900 0.074800 0.074900 0.075300 0.070300 0.100800 0.080500 0.075000 0.080500 0.111600 0.085700 0.085400 0.109600 0.121800 0.091400 0.090400 0.075200 0.113200 0.095800 0.101200 0.120300 0.080800 0.148800 0.070200 0.081100 0.091600 0.080300 0.064800 0.101800 0.115500 0.115500 0.096000 0.120400 0.110900 0.086400 0.080200 0.116900 0.091800 0.081400 0.000000 0.101200 0.106800
Bushbuck 0.049900 0.163500 0.009400 0.149200 0.024500 0.050000 0.039400 0.049400 0.004700 0.088600 0.049400 0.044100 0.044300 0.044600 0.049800 0.059200 0.070100 0.064700 0.039400 0.009600 0.059900 0.044300 0.089000 0.111300 0.060100 0.049200 0.044500 0.009700 0.054300 0.000000 0.088600 0.039600 0.092800 0.039600 0.039700 0.048800 0.039300 0.034400 0.059800 0.099400 0.089300 0.054400 0.099200 0.095100 0.055000 0.049400 0.085200 0.055100 0.060700 0.101200 0.000000 0.014200
GreaterKud 0.060300 0.181800 0.014200 0.167400 0.039600 0.060500 0.054800 0.065100 0.018900 0.104600 0.065100 0.049300 0.049500 0.060100 0.065500 0.074900 0.070200 0.064700 0.054800 0.024200 0.070400 0.059700 0.094400 0.128100 0.055000 0.064700 0.049700 0.024500 0.070000 0.014100 0.104600 0.055100 0.098500 0.044800 0.055300 0.055000 0.054700 0.049800 0.065100 0.104900 0.094700 0.070100 0.115500 0.111500 0.060300 0.065000 0.080000 0.060400 0.055500 0.106800 0.014200 0.000000
