1
52 1
Argali 0.000000 0.245500 0.054300 0.234200 0.089500 0.005900 0.042000 0.048300 0.070000 0.131600 0.011800 0.057300 0.026800 0.051500 0.045100 0.064100 0.086500 0.106900 0.020700 0.070100 0.060800 0.023700 0.106700 0.107700 0.011800 0.057900 0.029800 0.066800 0.064000 0.057400 0.128500 0.029800 0.103300 0.026700 0.054300 0.051300 0.017700 0.073400 0.080500 0.120800 0.106800 0.067600 0.131600 0.142100 0.054400 0.054600 0.067300 0.060500 0.054800 0.093600 0.063700 0.057500
LesserMous 0.245500 0.000000 0.240700 0.242300 0.285000 0.245800 0.253200 0.253700 0.244700 0.316900 0.245600 0.252700 0.241700 0.262200 0.257500 0.265900 0.221500 0.253700 0.249500 0.249100 0.273200 0.249300 0.285400 0.303400 0.245500 0.262300 0.241700 0.256400 0.257800 0.244500 0.313500 0.241000 0.272400 0.241100 0.244400 0.248500 0.246000 0.277100 0.278500 0.302900 0.293400 0.262800 0.320900 0.337400 0.244700 0.281700 0.250300 0.277000 0.270400 0.238000 0.252900 0.241500
LesserKudu 0.054300 0.240700 0.000000 0.206300 0.098400 0.054300 0.057100 0.054100 0.020600 0.119900 0.048000 0.047700 0.057200 0.066800 0.060200 0.063400 0.069800 0.089400 0.057200 0.023600 0.066500 0.073000 0.076400 0.090000 0.054200 0.057300 0.060300 0.017600 0.066600 0.008700 0.116800 0.050900 0.086200 0.057100 0.079100 0.044700 0.060600 0.082300 0.080000 0.109500 0.089300 0.060600 0.113100 0.123200 0.047700 0.066600 0.060500 0.066300 0.060500 0.083100 0.014600 0.020600
KillerWhal 0.234200 0.242300 0.206300 0.000000 0.260800 0.234300 0.245700 0.238000 0.217900 0.305800 0.230300 0.229300 0.230300 0.242700 0.238000 0.253500 0.215700 0.227700 0.246300 0.214300 0.245600 0.249400 0.262000 0.279800 0.234100 0.246700 0.230300 0.221400 0.253800 0.209900 0.298300 0.229800 0.243400 0.229600 0.249700 0.217500 0.234600 0.244900 0.272700 0.287800 0.265900 0.243500 0.301400 0.317400 0.213800 0.249700 0.251300 0.245200 0.242700 0.247900 0.218000 0.218100
DefassaWat 0.089500 0.285000 0.098400 0.260800 0.000000 0.083100 0.095500 0.079500 0.108300 0.176800 0.082900 0.101800 0.086000 0.105800 0.092200 0.082800 0.118500 0.136200 0.092400 0.098500 0.079400 0.095900 0.146800 0.148000 0.089400 0.089600 0.089200 0.104900 0.085900 0.095200 0.177200 0.082600 0.136200 0.085800 0.102200 0.095400 0.096200 0.032500 0.103300 0.154600 0.146900 0.086500 0.173100 0.169500 0.092100 0.099000 0.096000 0.111500 0.099400 0.126200 0.101800 0.095300
Sheep 0.005900 0.245800 0.054300 0.234300 0.083100 0.000000 0.042000 0.042200 0.070000 0.131600 0.005900 0.057300 0.026800 0.051500 0.045100 0.057800 0.086500 0.106900 0.020800 0.070100 0.054500 0.017700 0.106800 0.107700 0.005900 0.057900 0.029800 0.066800 0.064000 0.057400 0.128500 0.023700 0.103300 0.026700 0.047600 0.051300 0.011800 0.067100 0.080500 0.120900 0.106900 0.061300 0.131600 0.142100 0.054400 0.048400 0.061000 0.060600 0.054800 0.093100 0.063800 0.057500
MaxwellsDu 0.042000 0.253200 0.057100 0.245700 0.095500 0.042000 0.000000 0.057400 0.066500 0.148300 0.041900 0.069700 0.048000 0.045000 0.057300 0.073200 0.095800 0.116300 0.048000 0.076100 0.069900 0.060500 0.109500 0.117100 0.041900 0.067100 0.051100 0.069600 0.076300 0.060200 0.145100 0.029600 0.112600 0.048000 0.063500 0.060300 0.048200 0.079400 0.077200 0.130300 0.109600 0.076800 0.141200 0.151700 0.063500 0.066900 0.070200 0.069600 0.070200 0.106300 0.066600 0.054100
GazellaPrz 0.048300 0.253700 0.054100 0.238000 0.079500 0.042200 0.057400 0.000000 0.057200 0.137800 0.042100 0.053400 0.051300 0.067100 0.054300 0.032900 0.086100 0.106400 0.051200 0.066700 0.029800 0.060700 0.106200 0.107100 0.048200 0.033000 0.054400 0.060300 0.042000 0.051000 0.134700 0.038900 0.109600 0.051200 0.066800 0.044900 0.054600 0.063700 0.061300 0.120300 0.106300 0.036100 0.130800 0.134400 0.048000 0.060600 0.042100 0.072900 0.060800 0.090000 0.057300 0.044900
MountainNy 0.070000 0.244700 0.020600 0.217900 0.108300 0.070000 0.066500 0.057200 0.000000 0.137100 0.063600 0.057000 0.072900 0.082700 0.076000 0.072900 0.085700 0.102600 0.072900 0.020500 0.076000 0.089100 0.092600 0.106500 0.069900 0.066800 0.076100 0.014600 0.076100 0.011700 0.134100 0.066500 0.099200 0.072800 0.082300 0.053900 0.076500 0.092000 0.089900 0.126400 0.105800 0.070200 0.130200 0.140500 0.057000 0.082500 0.070000 0.082200 0.076300 0.096100 0.011700 0.011700
MuntiacusM 0.131600 0.316900 0.119900 0.305800 0.176800 0.131600 0.148300 0.137800 0.137100 0.000000 0.131300 0.137200 0.134400 0.152500 0.144700 0.141400 0.127300 0.152900 0.134500 0.137200 0.137500 0.152300 0.051600 0.058500 0.138300 0.124400 0.137800 0.133500 0.144500 0.123400 0.015100 0.134000 0.130400 0.134100 0.158700 0.120300 0.142100 0.165200 0.160900 0.077400 0.051700 0.124500 0.018100 0.084400 0.120400 0.148500 0.138200 0.151300 0.138500 0.145600 0.130400 0.130300
goat 0.011800 0.245600 0.048000 0.230300 0.082900 0.005900 0.041900 0.042100 0.063600 0.131300 0.000000 0.057200 0.032800 0.057600 0.051300 0.057600 0.086300 0.106600 0.026700 0.063700 0.054400 0.023700 0.099900 0.107400 0.005800 0.057800 0.035800 0.060400 0.063900 0.051100 0.128200 0.029700 0.103000 0.032700 0.048000 0.051200 0.011800 0.067000 0.073900 0.120600 0.106600 0.061100 0.131200 0.141700 0.054300 0.042100 0.054600 0.060500 0.054600 0.093400 0.057400 0.051200
AfricanBuf 0.057300 0.252700 0.047700 0.229300 0.101800 0.057300 0.069700 0.053400 0.057000 0.137200 0.057200 0.000000 0.054000 0.073200 0.057200 0.069100 0.085800 0.106000 0.060200 0.063300 0.065700 0.076100 0.099200 0.106600 0.063400 0.063000 0.057100 0.060000 0.062500 0.050800 0.130700 0.057200 0.105900 0.053900 0.082200 0.020600 0.069900 0.085600 0.086000 0.126600 0.105900 0.072700 0.130200 0.140600 0.023600 0.079400 0.075700 0.075800 0.060600 0.093000 0.057000 0.050200
Topi 0.026800 0.241700 0.057200 0.230300 0.086000 0.026800 0.048000 0.051300 0.072900 0.134400 0.032800 0.054000 0.000000 0.051400 0.048100 0.067000 0.089500 0.109800 0.026600 0.073100 0.063700 0.045000 0.103000 0.103800 0.032800 0.060900 0.002900 0.069700 0.060600 0.060300 0.127800 0.035800 0.109700 0.005800 0.051000 0.054200 0.038900 0.076300 0.083800 0.116900 0.103000 0.070500 0.127400 0.131000 0.057400 0.063800 0.070300 0.069700 0.051400 0.093300 0.066700 0.060400
CommonDuik 0.051500 0.262200 0.066800 0.242700 0.105800 0.051500 0.045000 0.067100 0.082700 0.152500 0.057600 0.073200 0.051400 0.000000 0.067000 0.083200 0.099600 0.120300 0.057600 0.079600 0.079800 0.070300 0.113300 0.121100 0.051400 0.077000 0.054500 0.079500 0.086400 0.069900 0.145900 0.026700 0.116500 0.051300 0.073300 0.070100 0.057700 0.096000 0.093900 0.130900 0.113400 0.086900 0.145400 0.155900 0.073300 0.086400 0.086600 0.085900 0.080200 0.113600 0.076400 0.070000
Suni 0.045100 0.257500 0.060200 0.238000 0.092200 0.045100 0.057300 0.054300 0.076000 0.144700 0.051300 0.057200 0.048100 0.067000 0.000000 0.070000 0.091800 0.106300 0.048000 0.072900 0.066800 0.063700 0.112800 0.113700 0.051200 0.063900 0.051100 0.072800 0.066800 0.063400 0.140600 0.044900 0.109500 0.048000 0.076200 0.051000 0.057600 0.076200 0.080400 0.127000 0.112900 0.067200 0.137700 0.148100 0.054200 0.073200 0.067000 0.066500 0.067100 0.089900 0.069700 0.063400
Springbuck 0.064100 0.265900 0.063400 0.253500 0.082800 0.057800 0.073200 0.032900 0.072900 0.141400 0.057600 0.069100 0.067000 0.083200 0.070000 0.000000 0.096000 0.116600 0.067000 0.076200 0.039000 0.070300 0.109700 0.110600 0.064000 0.029800 0.070200 0.069700 0.032700 0.060300 0.138300 0.054300 0.113100 0.066900 0.089300 0.060500 0.070400 0.066900 0.074200 0.130700 0.109700 0.032900 0.134400 0.138000 0.063600 0.076600 0.054600 0.089000 0.070400 0.109900 0.066700 0.060400
Okapi 0.086500 0.221500 0.069800 0.215700 0.118500 0.086500 0.095800 0.086100 0.085700 0.127300 0.086300 0.085800 0.089500 0.099600 0.091800 0.096000 0.000000 0.051300 0.082900 0.082600 0.099000 0.099400 0.105900 0.105900 0.086400 0.089700 0.092700 0.082500 0.099200 0.072900 0.127700 0.076300 0.089600 0.089300 0.118800 0.076200 0.099700 0.115400 0.120200 0.112900 0.106000 0.093100 0.123900 0.140000 0.073000 0.105800 0.099500 0.105300 0.093000 0.096100 0.079400 0.079500
Giraffe 0.106900 0.253700 0.089400 0.227700 0.136200 0.106900 0.116300 0.106400 0.102600 0.152900 0.106600 0.106000 0.109800 0.120300 0.106300 0.116600 0.051300 0.000000 0.109800 0.102500 0.119600 0.120100 0.130200 0.123600 0.106700 0.110200 0.113100 0.102500 0.119900 0.092700 0.153100 0.096300 0.096200 0.109600 0.140000 0.096100 0.120400 0.126100 0.141800 0.144600 0.130300 0.107000 0.149100 0.158700 0.092900 0.123200 0.113500 0.119000 0.113500 0.120200 0.099400 0.099500
TibetanAnt 0.020700 0.249500 0.057200 0.246300 0.092400 0.020800 0.048000 0.051200 0.072900 0.134500 0.026700 0.060200 0.026600 0.057600 0.048000 0.067000 0.082900 0.109800 0.000000 0.073000 0.063700 0.038900 0.103000 0.103900 0.026700 0.060900 0.029500 0.069700 0.066900 0.060300 0.131400 0.035800 0.103100 0.029600 0.057200 0.054200 0.032800 0.076300 0.083800 0.110200 0.103100 0.070500 0.134400 0.137900 0.057300 0.057500 0.070300 0.063500 0.057700 0.096600 0.066700 0.060400
Sitatunga 0.070100 0.249100 0.023600 0.214300 0.098500 0.070100 0.076100 0.066700 0.020500 0.137200 0.063700 0.063300 0.073100 0.079600 0.072900 0.076200 0.082600 0.102500 0.073000 0.000000 0.079300 0.089200 0.096000 0.109900 0.070000 0.070100 0.076200 0.017600 0.073000 0.014700 0.137600 0.063400 0.092700 0.072900 0.088900 0.063300 0.070100 0.088800 0.093200 0.130000 0.109200 0.067000 0.133700 0.144000 0.060200 0.085800 0.073300 0.079000 0.079600 0.092900 0.014700 0.026500
Oribi 0.060800 0.273200 0.066500 0.245600 0.079400 0.054500 0.069900 0.029800 0.076000 0.137500 0.054400 0.065700 0.063700 0.079800 0.066800 0.039000 0.099000 0.119600 0.063700 0.079300 0.000000 0.073400 0.106100 0.113700 0.060700 0.039100 0.066900 0.072800 0.048200 0.063400 0.134400 0.051100 0.116100 0.063600 0.085900 0.063500 0.067200 0.063600 0.064400 0.120000 0.106100 0.042300 0.130600 0.141100 0.066700 0.073200 0.051400 0.079200 0.073500 0.106300 0.069800 0.063500
BarbaryShe 0.023700 0.249300 0.073000 0.249400 0.095900 0.017700 0.060500 0.060700 0.089100 0.152300 0.023700 0.076100 0.045000 0.070300 0.063700 0.070300 0.099400 0.120100 0.038900 0.089200 0.073400 0.000000 0.126800 0.127800 0.023600 0.076900 0.048100 0.085800 0.083100 0.076200 0.149200 0.041900 0.123200 0.044900 0.066700 0.070000 0.029700 0.086200 0.100000 0.141300 0.126800 0.080300 0.152300 0.162800 0.073200 0.067100 0.080100 0.079400 0.073700 0.113500 0.082700 0.076300
Daviddeer 0.106700 0.285400 0.076400 0.262000 0.146800 0.106800 0.109500 0.106200 0.092600 0.051600 0.099900 0.099200 0.103000 0.113300 0.112800 0.109700 0.105900 0.130200 0.103000 0.096000 0.106100 0.126800 0.000000 0.023900 0.106600 0.103400 0.106300 0.089300 0.112900 0.079700 0.054900 0.102700 0.098700 0.102800 0.119500 0.089600 0.110100 0.132300 0.131400 0.035900 0.011800 0.106700 0.045400 0.054700 0.092800 0.119800 0.110000 0.126000 0.113500 0.126900 0.086200 0.086300
Reindeer 0.107700 0.303400 0.090000 0.279800 0.148000 0.107700 0.117100 0.107100 0.106500 0.058500 0.107400 0.106600 0.103800 0.121100 0.113700 0.110600 0.105900 0.123600 0.103900 0.109900 0.113700 0.127800 0.023900 0.000000 0.114200 0.104200 0.107100 0.103100 0.113800 0.093300 0.061800 0.103500 0.092800 0.103600 0.127200 0.090300 0.117800 0.133500 0.139600 0.042300 0.023900 0.107600 0.052100 0.036300 0.093600 0.127700 0.117700 0.133800 0.114500 0.127800 0.100000 0.100000
Ibex 0.011800 0.245500 0.054200 0.234100 0.089400 0.005900 0.041900 0.048200 0.069900 0.138300 0.005800 0.063400 0.032800 0.051400 0.051200 0.064000 0.086400 0.106700 0.026700 0.070000 0.060700 0.023600 0.106600 0.114200 0.000000 0.064100 0.035800 0.066700 0.070300 0.057300 0.135200 0.023700 0.109700 0.032700 0.048000 0.057400 0.011800 0.073300 0.080400 0.127400 0.113300 0.067500 0.138300 0.148800 0.060600 0.048300 0.060900 0.060500 0.061000 0.100100 0.063700 0.057400
GyrantGaze 0.057900 0.262300 0.057300 0.246700 0.089600 0.057900 0.067100 0.033000 0.066800 0.124400 0.057800 0.063000 0.060900 0.077000 0.063900 0.029800 0.089700 0.110200 0.060900 0.070100 0.039100 0.076900 0.103400 0.104200 0.064100 0.000000 0.064000 0.063600 0.032900 0.054300 0.121300 0.054500 0.106700 0.060800 0.089500 0.054400 0.070600 0.073400 0.061500 0.124200 0.096800 0.020800 0.117500 0.124600 0.057600 0.073400 0.042200 0.076300 0.051600 0.090100 0.060600 0.054300
Hartebeest 0.029800 0.241700 0.060300 0.230300 0.089200 0.029800 0.051100 0.054400 0.076100 0.137800 0.035800 0.057100 0.002900 0.054500 0.051100 0.070200 0.092700 0.113100 0.029500 0.076200 0.066900 0.048100 0.106300 0.107100 0.035800 0.064000 0.000000 0.072900 0.063800 0.063500 0.131200 0.038800 0.106300 0.008800 0.054000 0.057300 0.042000 0.079500 0.087000 0.120300 0.106300 0.073700 0.130800 0.134400 0.060500 0.066900 0.073500 0.072900 0.054500 0.096600 0.069800 0.063500
Bongo 0.066800 0.256400 0.017600 0.221400 0.104900 0.066800 0.069600 0.060300 0.014600 0.133500 0.060400 0.060000 0.069700 0.079500 0.072800 0.069700 0.082500 0.102500 0.069700 0.017600 0.072800 0.085800 0.089300 0.103100 0.066700 0.063600 0.072900 0.000000 0.072900 0.008800 0.130500 0.063300 0.099200 0.069600 0.092000 0.057000 0.073200 0.088700 0.086500 0.122900 0.102400 0.066900 0.126700 0.136900 0.060100 0.072900 0.066800 0.078900 0.073100 0.099300 0.008700 0.020500
Gerenuk 0.064000 0.257800 0.066600 0.253800 0.085900 0.064000 0.076300 0.042000 0.076100 0.144500 0.063900 0.062500 0.060600 0.086400 0.066800 0.032700 0.099200 0.119900 0.066900 0.073000 0.048200 0.083100 0.112900 0.113800 0.070300 0.032900 0.063800 0.072900 0.000000 0.063400 0.138000 0.063700 0.109500 0.060500 0.095700 0.063600 0.076800 0.070000 0.077300 0.133900 0.112900 0.042100 0.137500 0.141200 0.066800 0.086100 0.064000 0.092200 0.067100 0.106500 0.069800 0.063500
CommonElan 0.057400 0.244500 0.008700 0.209900 0.095200 0.057400 0.060200 0.051000 0.011700 0.123400 0.051100 0.050800 0.060300 0.069900 0.063400 0.060300 0.072900 0.092700 0.060300 0.014700 0.063400 0.076200 0.079700 0.093300 0.057300 0.054300 0.063500 0.008800 0.063400 0.000000 0.120300 0.054000 0.089400 0.060200 0.082300 0.047700 0.063700 0.079100 0.076900 0.112900 0.092600 0.057500 0.116600 0.126800 0.050800 0.069800 0.057400 0.069500 0.063700 0.089500 0.005800 0.017600
MuntiacusR 0.128500 0.313500 0.116800 0.298300 0.177200 0.128500 0.145100 0.134700 0.134100 0.015100 0.128200 0.130700 0.127800 0.145900 0.140600 0.138300 0.127700 0.153100 0.131400 0.137600 0.134400 0.149200 0.054900 0.061800 0.135200 0.121300 0.131200 0.130500 0.138000 0.120300 0.000000 0.130900 0.127200 0.127600 0.155500 0.117200 0.139000 0.162000 0.157700 0.080800 0.055000 0.124800 0.021200 0.087900 0.120700 0.145400 0.135100 0.151700 0.131900 0.146000 0.127300 0.127300
HarveysDui 0.029800 0.241000 0.050900 0.229800 0.082600 0.023700 0.029600 0.038900 0.066500 0.134000 0.029700 0.057200 0.035800 0.026700 0.044900 0.054300 0.076300 0.096300 0.035800 0.063400 0.051100 0.041900 0.102700 0.103500 0.023700 0.054500 0.038800 0.063300 0.063700 0.054000 0.130900 0.000000 0.092700 0.035700 0.051000 0.047900 0.029800 0.066700 0.077100 0.116600 0.102800 0.057800 0.127100 0.137400 0.051000 0.057400 0.057600 0.063300 0.057600 0.093100 0.060300 0.054000
Pronghorn 0.103300 0.272400 0.086200 0.243400 0.136200 0.103300 0.112600 0.109600 0.099200 0.130400 0.103000 0.105900 0.109700 0.116500 0.109500 0.113100 0.089600 0.096200 0.103100 0.092700 0.116100 0.123200 0.098700 0.092800 0.109700 0.106700 0.106300 0.099200 0.109500 0.089400 0.127200 0.092700 0.000000 0.109500 0.133000 0.099400 0.109900 0.119300 0.141700 0.112600 0.098700 0.110400 0.123400 0.126500 0.102700 0.130000 0.120100 0.122300 0.116900 0.120100 0.096100 0.102600
BlueWildeb 0.026700 0.241100 0.057100 0.229600 0.085800 0.026700 0.048000 0.051200 0.072800 0.134100 0.032700 0.053900 0.005800 0.051300 0.048000 0.066900 0.089300 0.109600 0.029600 0.072900 0.063600 0.044900 0.102800 0.103600 0.032700 0.060800 0.008800 0.069600 0.060500 0.060200 0.127600 0.035700 0.109500 0.000000 0.050900 0.054100 0.038900 0.076200 0.077100 0.116700 0.102900 0.070400 0.127200 0.130800 0.057200 0.063700 0.070200 0.069600 0.045100 0.093100 0.066600 0.060300
Gemsbok 0.054300 0.244400 0.079100 0.249700 0.102200 0.047600 0.063500 0.066800 0.082300 0.158700 0.048000 0.082200 0.051000 0.073300 0.076200 0.089300 0.118800 0.140000 0.057200 0.088900 0.085900 0.066700 0.119500 0.127200 0.048000 0.089500 0.054000 0.092000 0.095700 0.082300 0.155500 0.051000 0.133000 0.050900 0.000000 0.076100 0.048100 0.098800 0.106700 0.133700 0.126300 0.093000 0.151500 0.148200 0.079300 0.079600 0.086300 0.092000 0.079800 0.109300 0.088900 0.069700
Yak 0.051300 0.248500 0.044700 0.217500 0.095400 0.051300 0.060300 0.044900 0.053900 0.120300 0.051200 0.020600 0.054200 0.070100 0.051000 0.060500 0.076200 0.096100 0.054200 0.063300 0.063500 0.070000 0.089600 0.090300 0.057400 0.054400 0.057300 0.057000 0.063600 0.047700 0.117200 0.047900 0.099400 0.054100 0.076100 0.000000 0.063800 0.079300 0.077100 0.109900 0.089600 0.064000 0.113500 0.123800 0.002900 0.069900 0.066900 0.069600 0.057500 0.086400 0.053900 0.047800
BlueSheep 0.017700 0.246000 0.060600 0.234600 0.096200 0.011800 0.048200 0.054600 0.076500 0.142100 0.011800 0.069900 0.038900 0.057700 0.057600 0.070400 0.099700 0.120400 0.032800 0.070100 0.067200 0.029700 0.110100 0.117800 0.011800 0.070600 0.042000 0.073200 0.076800 0.063700 0.139000 0.029800 0.109900 0.038900 0.048100 0.063800 0.000000 0.079900 0.087100 0.131100 0.116900 0.074000 0.142000 0.152500 0.067000 0.054700 0.067400 0.066900 0.067500 0.107000 0.070100 0.063800
BohorReedb 0.073400 0.277100 0.082300 0.244900 0.032500 0.067100 0.079400 0.063700 0.092000 0.165200 0.067000 0.085600 0.076300 0.096000 0.076200 0.066900 0.115400 0.126100 0.076300 0.088800 0.063600 0.086200 0.132300 0.133500 0.073300 0.073400 0.079500 0.088700 0.070000 0.079100 0.162000 0.066700 0.119300 0.076200 0.098800 0.079300 0.079900 0.000000 0.093400 0.146800 0.132400 0.076800 0.158000 0.168700 0.082500 0.082700 0.079800 0.101700 0.089500 0.116200 0.085600 0.079200
KirksDik 0.080500 0.278500 0.080000 0.272700 0.103300 0.080500 0.077200 0.061300 0.089900 0.160900 0.073900 0.086000 0.083800 0.093900 0.080400 0.074200 0.120200 0.141800 0.083800 0.093200 0.064400 0.100000 0.131400 0.139600 0.080400 0.061500 0.087000 0.086500 0.077300 0.076900 0.157700 0.077100 0.141700 0.077100 0.106700 0.077100 0.087100 0.093400 0.000000 0.153100 0.131500 0.071300 0.153700 0.161000 0.080300 0.093700 0.061400 0.093200 0.080800 0.117600 0.083400 0.077000
RoeDeer 0.120800 0.302900 0.109500 0.287800 0.154600 0.120900 0.130300 0.120300 0.126400 0.077400 0.120600 0.126600 0.116900 0.130900 0.127000 0.130700 0.112900 0.144600 0.110200 0.130000 0.120000 0.141300 0.035900 0.042300 0.127400 0.124200 0.120300 0.122900 0.133900 0.112900 0.080800 0.116600 0.112600 0.116700 0.133700 0.109900 0.131100 0.146800 0.153100 0.000000 0.035900 0.127700 0.070900 0.073900 0.113300 0.141000 0.131000 0.147200 0.127800 0.127500 0.119700 0.119800
WhiteLippe 0.106800 0.293400 0.089300 0.265900 0.146900 0.106900 0.109600 0.106300 0.105800 0.051700 0.106600 0.105900 0.103000 0.113400 0.112900 0.109700 0.106000 0.130300 0.103100 0.109200 0.106100 0.126800 0.011800 0.023900 0.113300 0.096800 0.106300 0.102400 0.112900 0.092600 0.055000 0.102800 0.098700 0.102900 0.126300 0.089600 0.116900 0.132400 0.131500 0.035900 0.000000 0.106800 0.045500 0.054700 0.092900 0.126600 0.116800 0.132800 0.106800 0.120100 0.099300 0.099300
ThomsonGaz 0.067600 0.262800 0.060600 0.243500 0.086500 0.061300 0.076800 0.036100 0.070200 0.124500 0.061100 0.072700 0.070500 0.086900 0.067200 0.032900 0.093100 0.107000 0.070500 0.067000 0.042300 0.080300 0.106700 0.107600 0.067500 0.020800 0.073700 0.066900 0.042100 0.057500 0.124800 0.057800 0.110400 0.070400 0.093000 0.064000 0.074000 0.076800 0.071300 0.127700 0.106800 0.000000 0.121000 0.128100 0.060800 0.076900 0.039200 0.073200 0.067500 0.100200 0.063900 0.063800
MuntiacusC 0.131600 0.320900 0.113100 0.301400 0.173100 0.131600 0.141200 0.130800 0.130200 0.018100 0.131200 0.130200 0.127400 0.145400 0.137700 0.134400 0.123900 0.149100 0.134400 0.133700 0.130600 0.152300 0.045400 0.052100 0.138300 0.117500 0.130800 0.126700 0.137500 0.116600 0.021200 0.127100 0.123400 0.127200 0.151500 0.113500 0.142000 0.158000 0.153700 0.070900 0.045500 0.121000 0.000000 0.077800 0.116900 0.148400 0.131200 0.154700 0.131500 0.149100 0.123500 0.123500
WhiteTaile 0.142100 0.337400 0.123200 0.317400 0.169500 0.142100 0.151700 0.134400 0.140500 0.084400 0.141700 0.140600 0.131000 0.155900 0.148100 0.138000 0.140000 0.158700 0.137900 0.144000 0.141100 0.162800 0.054700 0.036300 0.148800 0.124600 0.134400 0.136900 0.141200 0.126800 0.087900 0.137400 0.126500 0.130800 0.148200 0.123800 0.152500 0.168700 0.161000 0.073900 0.054700 0.128100 0.077800 0.000000 0.127200 0.155600 0.138300 0.168900 0.142000 0.162700 0.133700 0.133800
Cattle 0.054400 0.244700 0.047700 0.213800 0.092100 0.054400 0.063500 0.048000 0.057000 0.120400 0.054300 0.023600 0.057400 0.073300 0.054200 0.063600 0.073000 0.092900 0.057300 0.060200 0.066700 0.073200 0.092800 0.093600 0.060600 0.057600 0.060500 0.060100 0.066800 0.050800 0.120700 0.051000 0.102700 0.057200 0.079300 0.002900 0.067000 0.082500 0.080300 0.113300 0.092900 0.060800 0.116900 0.127200 0.000000 0.073100 0.070100 0.066400 0.060700 0.083200 0.057100 0.050900
RoyalAntel 0.054600 0.281700 0.066600 0.249700 0.099000 0.048400 0.066900 0.060600 0.082500 0.148500 0.042100 0.079400 0.063800 0.086400 0.073200 0.076600 0.105800 0.123200 0.057500 0.085800 0.073200 0.067100 0.119800 0.127700 0.048300 0.073400 0.066900 0.072900 0.086100 0.069800 0.145400 0.057400 0.130000 0.063700 0.079600 0.069900 0.054700 0.082700 0.093700 0.141000 0.126600 0.076900 0.148400 0.155600 0.073100 0.000000 0.070200 0.076100 0.073600 0.109600 0.076200 0.069800
Steenbok 0.067300 0.250300 0.060500 0.251300 0.096000 0.061000 0.070200 0.042100 0.070000 0.138200 0.054600 0.075700 0.070300 0.086600 0.067000 0.054600 0.099500 0.113500 0.070300 0.073300 0.051400 0.080100 0.110000 0.117700 0.060900 0.042200 0.073500 0.066800 0.064000 0.057400 0.135100 0.057600 0.120100 0.070200 0.086300 0.066900 0.067400 0.079800 0.061400 0.131000 0.116800 0.039200 0.131200 0.138300 0.070100 0.070200 0.000000 0.073100 0.073700 0.096600 0.063800 0.057500
Impala 0.060500 0.277000 0.066300 0.245200 0.111500 0.060600 0.069600 0.072900 0.082200 0.151300 0.060500 0.075800 0.069700 0.085900 0.066500 0.089000 0.105300 0.119000 0.063500 0.079000 0.079200 0.079400 0.126000 0.133800 0.060500 0.076300 0.072900 0.078900 0.092200 0.069500 0.151700 0.063300 0.122300 0.069600 0.092000 0.069600 0.066900 0.101700 0.093200 0.147200 0.132800 0.073200 0.154700 0.168900 0.066400 0.076100 0.073100 0.000000 0.086000 0.102500 0.075900 0.075900
Klipspring 0.054800 0.270400 0.060500 0.242700 0.099400 0.054800 0.070200 0.060800 0.076300 0.138500 0.054600 0.060600 0.051400 0.080200 0.067100 0.070400 0.093000 0.113500 0.057700 0.079600 0.073500 0.073700 0.113500 0.114500 0.061000 0.051600 0.054500 0.073100 0.067100 0.063700 0.131900 0.057600 0.116900 0.045100 0.079800 0.057500 0.067500 0.089500 0.080800 0.127800 0.106800 0.067500 0.131500 0.142000 0.060700 0.073600 0.073700 0.086000 0.000000 0.103500 0.063700 0.063700
ForestMusk 0.093600 0.238000 0.083100 0.247900 0.126200 0.093100 0.106300 0.090000 0.096100 0.145600 0.093400 0.093000 0.093300 0.113600 0.089900 0.109900 0.096100 0.120200 0.096600 0.092900 0.106300 0.113500 0.126900 0.127800 0.100100 0.090100 0.096600 0.099300 0.106500 0.089500 0.146000 0.093100 0.120100 0.093100 0.109300 0.086400 0.107000 0.116200 0.117600 0.127500 0.120100 0.100200 0.149100 0.162700 0.083200 0.109600 0.096600 0.102500 0.103500 0.000000 0.096200 0.089700
Bushbuck 0.063700 0.252900 0.014600 0.218000 0.101800 0.063800 0.066600 0.057300 0.011700 0.130400 0.057400 0.057000 0.066700 0.076400 0.069700 0.066700 0.079400 0.099400 0.066700 0.014700 0.069800 0.082700 0.086200 0.100000 0.063700 0.060600 0.069800 0.008700 0.069800 0.005800 0.127300 0.060300 0.096100 0.066600 0.088900 0.053900 0.070100 0.085600 0.083400 0.119700 0.099300 0.063900 0.123500 0.133700 0.057100 0.076200 0.063800 0.075900 0.063700 0.096200 0.000000 0.017600
GreaterKud 0.057500 0.241500 0.020600 0.218100 0.095300 0.057500 0.054100 0.044900 0.011700 0.130300 0.051200 0.050200 0.060400 0.070000 0.063400 0.060400 0.079500 0.099500 0.060400 0.026500 0.063500 0.076300 0.086300 0.100000 0.057400 0.054300 0.063500 0.020500 0.063500 0.017600 0.127300 0.054000 0.102600 0.060300 0.069700 0.047800 0.063800 0.079200 0.077000 0.119800 0.099300 0.063800 0.123500 0.133800 0.050900 0.069800 0.057500 0.075900 0.063700 0.089700 0.017600 0.000000
