CODONML (in paml version 4.10.7, June 2023)  /home/rachel/ruminants_paml/6406-phy-tree/ENSBTAT00000061156.fasta.phy
Model: free dN/dS Ratios for branches,  kappa = 2.000 fixed

Codon frequency model: F3x4
ns =  54  ls =  44

Codon usage in sequences
--------------------------------------------------------------------------------------------------------------------------------------
Phe TTT   0   0   1   1   0   0 | Ser TCT   0   0   0   0   0   0 | Tyr TAT   0   0   0   0   0   0 | Cys TGT   2   2   1   2   2   2
    TTC   2   2   2   1   2   1 |     TCC   1   1   1   1   1   1 |     TAC   1   1   1   1   1   1 |     TGC   0   0   0   0   0   0
Leu TTA   2   2   2   2   2   2 |     TCA   1   1   1   1   1   1 | *** TAA   0   0   0   0   0   0 | *** TGA   0   0   0   0   0   0
    TTG   1   1   1   1   1   1 |     TCG   0   0   0   0   0   0 |     TAG   0   0   0   0   0   0 | Trp TGG   0   0   0   0   0   0
--------------------------------------------------------------------------------------------------------------------------------------
Leu CTT   2   0   2   2   1   2 | Pro CCT   0   0   0   0   0   0 | His CAT   0   0   0   0   0   0 | Arg CGT   0   0   0   0   0   0
    CTC   1   1   1   1   2   2 |     CCC   1   1   1   1   1   1 |     CAC   1   2   1   1   1   1 |     CGC   0   0   0   0   0   0
    CTA   0   0   0   0   0   0 |     CCA   1   1   1   1   1   1 | Gln CAA   0   0   0   0   1   0 |     CGA   0   0   0   0   0   0
    CTG   3   4   3   3   3   2 |     CCG   0   0   0   0   0   1 |     CAG   1   0   1   1   0   1 |     CGG   0   1   0   0   0   0
--------------------------------------------------------------------------------------------------------------------------------------
Ile ATT   2   1   1   2   2   2 | Thr ACT   2   3   2   2   1   1 | Asn AAT   0   0   0   0   0   0 | Ser AGT   0   0   0   0   0   0
    ATC   2   1   2   1   1   1 |     ACC   0   0   0   0   1   2 |     AAC   1   0   1   0   0   0 |     AGC   1   1   1   2   2   2
    ATA   1   1   1   1   1   1 |     ACA   1   1   1   1   1   1 | Lys AAA   1   1   1   1   1   1 | Arg AGA   0   0   0   0   0   0
Met ATG   0   1   0   0   0   0 |     ACG   0   0   0   0   0   0 |     AAG   0   0   0   0   0   0 |     AGG   0   0   0   0   0   0
--------------------------------------------------------------------------------------------------------------------------------------
Val GTT   0   1   0   1   0   0 | Ala GCT   1   0   1   1   1   1 | Asp GAT   0   0   0   0   0   0 | Gly GGT   1   0   1   1   0   1
    GTC   1   2   2   1   2   2 |     GCC   2   3   2   2   3   1 |     GAC   1   1   1   1   1   1 |     GGC   2   3   2   2   3   1
    GTA   0   0   0   0   0   0 |     GCA   2   2   2   1   1   2 | Glu GAA   0   0   0   0   0   0 |     GGA   0   0   0   0   0   1
    GTG   3   2   3   3   3   3 |     GCG   0   0   0   1   0   0 |     GAG   0   0   0   0   0   0 |     GGG   0   0   0   0   0   0
--------------------------------------------------------------------------------------------------------------------------------------

--------------------------------------------------------------------------------------------------------------------------------------
Phe TTT   0   0   0   0   0   0 | Ser TCT   0   0   0   0   0   1 | Tyr TAT   0   0   0   0   0   0 | Cys TGT   2   2   2   2   2   1
    TTC   2   2   2   2   2   2 |     TCC   1   1   1   1   1   1 |     TAC   1   1   1   1   1   1 |     TGC   0   0   0   0   0   0
Leu TTA   2   2   2   2   2   2 |     TCA   1   1   1   1   1   1 | *** TAA   0   0   0   0   0   0 | *** TGA   0   0   0   0   0   0
    TTG   1   1   1   1   1   2 |     TCG   0   0   0   0   0   0 |     TAG   0   0   0   0   0   0 | Trp TGG   0   0   0   0   0   0
--------------------------------------------------------------------------------------------------------------------------------------
Leu CTT   2   2   2   2   2   2 | Pro CCT   0   0   0   0   0   0 | His CAT   0   0   0   0   0   0 | Arg CGT   0   0   0   0   0   0
    CTC   1   1   1   1   1   1 |     CCC   1   1   1   1   1   1 |     CAC   1   1   1   1   1   1 |     CGC   0   0   0   0   0   0
    CTA   0   0   0   0   0   0 |     CCA   1   1   1   1   1   1 | Gln CAA   0   0   0   0   0   0 |     CGA   0   0   0   0   0   0
    CTG   3   3   3   3   3   3 |     CCG   0   0   0   0   0   0 |     CAG   1   1   1   1   1   1 |     CGG   0   0   0   0   0   0
--------------------------------------------------------------------------------------------------------------------------------------
Ile ATT   2   2   2   1   1   2 | Thr ACT   2   2   2   2   2   2 | Asn AAT   0   0   0   0   0   0 | Ser AGT   0   0   0   0   1   0
    ATC   2   2   1   3   2   1 |     ACC   0   0   0   0   0   0 |     AAC   1   1   1   1   0   1 |     AGC   1   1   1   1   0   1
    ATA   1   1   1   1   1   1 |     ACA   1   1   1   1   1   1 | Lys AAA   1   1   1   1   1   1 | Arg AGA   0   0   0   0   0   0
Met ATG   0   0   0   0   0   0 |     ACG   0   0   0   0   0   0 |     AAG   0   0   0   0   1   0 |     AGG   0   0   0   0   0   0
--------------------------------------------------------------------------------------------------------------------------------------
Val GTT   0   0   0   0   0   1 | Ala GCT   1   1   1   1   1   1 | Asp GAT   0   0   0   0   0   0 | Gly GGT   1   1   1   1   1   1
    GTC   1   1   2   1   2   1 |     GCC   2   2   2   2   2   2 |     GAC   1   1   1   1   1   2 |     GGC   2   2   2   2   2   1
    GTA   0   0   0   0   0   0 |     GCA   2   2   2   2   2   2 | Glu GAA   0   0   0   0   0   0 |     GGA   0   0   0   0   0   0
    GTG   3   3   3   3   3   2 |     GCG   0   0   0   0   0   0 |     GAG   0   0   0   0   0   0 |     GGG   0   0   0   0   0   0
--------------------------------------------------------------------------------------------------------------------------------------

--------------------------------------------------------------------------------------------------------------------------------------
Phe TTT   0   0   0   0   0   0 | Ser TCT   0   0   0   0   0   0 | Tyr TAT   0   0   0   0   0   0 | Cys TGT   2   2   2   2   2   2
    TTC   2   2   2   2   2   2 |     TCC   1   1   1   1   1   1 |     TAC   1   1   1   1   1   1 |     TGC   0   0   0   0   0   0
Leu TTA   2   2   2   2   2   1 |     TCA   1   1   1   1   1   1 | *** TAA   0   0   0   0   0   0 | *** TGA   0   0   0   0   0   0
    TTG   1   1   1   1   1   1 |     TCG   0   0   0   0   0   0 |     TAG   0   0   0   0   0   0 | Trp TGG   0   0   0   0   0   0
--------------------------------------------------------------------------------------------------------------------------------------
Leu CTT   2   1   2   2   2   2 | Pro CCT   0   0   0   0   0   0 | His CAT   0   0   0   0   0   0 | Arg CGT   0   0   0   0   0   0
    CTC   1   2   1   1   1   1 |     CCC   1   1   1   1   1   1 |     CAC   1   1   1   1   1   1 |     CGC   0   0   0   0   0   0
    CTA   0   0   0   0   0   1 |     CCA   1   0   1   1   1   1 | Gln CAA   0   0   0   0   0   0 |     CGA   0   0   0   0   0   0
    CTG   3   3   3   3   3   3 |     CCG   0   1   0   0   0   0 |     CAG   1   1   1   1   1   1 |     CGG   0   0   0   0   0   0
--------------------------------------------------------------------------------------------------------------------------------------
Ile ATT   2   2   2   2   2   1 | Thr ACT   2   2   2   2   2   2 | Asn AAT   0   0   0   0   0   0 | Ser AGT   0   0   0   0   0   0
    ATC   2   1   2   1   2   3 |     ACC   0   0   0   0   0   0 |     AAC   1   1   1   1   0   1 |     AGC   1   1   1   1   1   1
    ATA   1   1   1   1   1   0 |     ACA   1   1   1   1   1   1 | Lys AAA   1   1   1   1   1   1 | Arg AGA   0   0   0   0   1   0
Met ATG   0   0   0   0   0   0 |     ACG   0   0   0   0   0   0 |     AAG   0   0   0   0   0   0 |     AGG   0   0   0   0   0   0
--------------------------------------------------------------------------------------------------------------------------------------
Val GTT   0   0   0   0   0   0 | Ala GCT   1   1   1   1   1   1 | Asp GAT   0   0   0   0   0   0 | Gly GGT   1   1   1   1   1   1
    GTC   1   2   1   2   1   1 |     GCC   2   2   2   2   2   2 |     GAC   1   1   1   1   1   1 |     GGC   2   2   2   2   2   2
    GTA   0   0   0   0   0   1 |     GCA   2   2   2   2   2   2 | Glu GAA   0   0   0   0   0   0 |     GGA   0   0   0   0   0   0
    GTG   3   2   3   3   3   3 |     GCG   0   1   0   0   0   0 |     GAG   0   0   0   0   0   0 |     GGG   0   0   0   0   0   0
--------------------------------------------------------------------------------------------------------------------------------------

--------------------------------------------------------------------------------------------------------------------------------------
Phe TTT   0   0   0   1   0   0 | Ser TCT   0   0   0   0   0   0 | Tyr TAT   0   0   0   0   0   0 | Cys TGT   2   2   2   1   2   2
    TTC   2   2   2   2   2   2 |     TCC   1   1   1   1   1   1 |     TAC   1   1   1   1   1   1 |     TGC   0   0   0   0   0   0
Leu TTA   2   1   2   2   2   2 |     TCA   1   1   1   1   1   1 | *** TAA   0   0   0   0   0   0 | *** TGA   0   0   0   0   0   0
    TTG   1   2   1   1   1   1 |     TCG   0   0   0   0   0   0 |     TAG   0   0   0   0   0   0 | Trp TGG   0   0   0   0   0   0
--------------------------------------------------------------------------------------------------------------------------------------
Leu CTT   2   1   2   2   2   2 | Pro CCT   0   0   0   0   0   0 | His CAT   0   0   0   0   0   0 | Arg CGT   0   0   0   0   0   0
    CTC   1   2   1   1   1   1 |     CCC   1   1   1   1   1   1 |     CAC   1   1   1   1   1   1 |     CGC   0   0   0   0   0   0
    CTA   0   0   0   0   0   0 |     CCA   1   1   1   1   2   1 | Gln CAA   0   0   0   0   0   0 |     CGA   0   0   0   0   0   0
    CTG   3   3   3   3   3   3 |     CCG   0   0   0   0   0   0 |     CAG   1   1   1   1   1   1 |     CGG   0   0   0   0   0   0
--------------------------------------------------------------------------------------------------------------------------------------
Ile ATT   2   2   2   1   1   2 | Thr ACT   2   1   2   2   2   2 | Asn AAT   0   0   0   0   0   0 | Ser AGT   0   0   0   0   0   0
    ATC   1   1   2   2   3   2 |     ACC   0   0   0   0   0   0 |     AAC   1   1   1   1   1   1 |     AGC   1   1   1   1   1   1
    ATA   1   0   1   1   0   1 |     ACA   1   3   1   1   0   0 | Lys AAA   1   1   1   1   1   1 | Arg AGA   0   0   0   0   0   0
Met ATG   0   0   0   0   0   0 |     ACG   0   0   0   0   0   0 |     AAG   0   0   0   0   0   0 |     AGG   0   0   0   0   0   0
--------------------------------------------------------------------------------------------------------------------------------------
Val GTT   0   0   0   0   0   0 | Ala GCT   1   1   1   1   1   1 | Asp GAT   0   0   0   0   0   0 | Gly GGT   1   1   1   1   1   1
    GTC   2   2   1   2   1   1 |     GCC   2   2   2   2   2   2 |     GAC   1   1   1   1   1   1 |     GGC   2   2   2   2   2   2
    GTA   0   0   0   0   1   0 |     GCA   2   2   2   2   2   3 | Glu GAA   0   0   0   0   0   0 |     GGA   0   0   0   0   0   0
    GTG   3   3   3   3   3   3 |     GCG   0   0   0   0   0   0 |     GAG   0   0   0   0   0   0 |     GGG   0   0   0   0   0   0
--------------------------------------------------------------------------------------------------------------------------------------

--------------------------------------------------------------------------------------------------------------------------------------
Phe TTT   0   0   0   0   0   0 | Ser TCT   1   1   0   0   0   0 | Tyr TAT   0   0   0   0   0   0 | Cys TGT   1   1   2   2   2   2
    TTC   2   2   2   2   2   2 |     TCC   1   1   1   1   1   1 |     TAC   1   1   1   1   0   1 |     TGC   0   0   0   0   1   0
Leu TTA   2   2   2   1   2   2 |     TCA   1   1   1   1   1   1 | *** TAA   0   0   0   0   0   0 | *** TGA   0   0   0   0   0   0
    TTG   0   1   1   1   1   1 |     TCG   0   0   0   0   0   0 |     TAG   0   0   0   0   0   0 | Trp TGG   0   0   0   0   0   0
--------------------------------------------------------------------------------------------------------------------------------------
Leu CTT   2   1   2   2   2   2 | Pro CCT   0   0   0   0   0   0 | His CAT   0   1   0   0   0   0 | Arg CGT   0   0   0   0   0   0
    CTC   1   1   1   1   1   1 |     CCC   1   1   1   1   1   1 |     CAC   1   1   1   1   1   1 |     CGC   0   0   0   0   0   0
    CTA   0   0   0   1   0   0 |     CCA   1   1   1   1   1   1 | Gln CAA   0   0   0   0   0   0 |     CGA   0   0   0   0   0   0
    CTG   4   3   3   3   3   3 |     CCG   0   0   0   0   0   0 |     CAG   1   1   1   1   1   1 |     CGG   0   0   0   0   0   0
--------------------------------------------------------------------------------------------------------------------------------------
Ile ATT   2   2   2   1   2   1 | Thr ACT   2   2   2   2   2   2 | Asn AAT   0   0   0   0   0   0 | Ser AGT   0   1   0   0   0   0
    ATC   1   1   2   3   2   2 |     ACC   0   0   0   0   0   0 |     AAC   1   0   1   1   1   0 |     AGC   1   0   1   1   1   1
    ATA   1   1   1   0   1   1 |     ACA   1   1   1   1   1   1 | Lys AAA   1   1   1   1   1   1 | Arg AGA   0   0   0   0   0   0
Met ATG   0   0   0   0   0   0 |     ACG   0   0   0   0   0   0 |     AAG   0   1   0   0   0   1 |     AGG   0   0   0   0   0   0
--------------------------------------------------------------------------------------------------------------------------------------
Val GTT   0   0   0   0   0   0 | Ala GCT   1   1   1   1   1   1 | Asp GAT   0   0   0   0   0   0 | Gly GGT   1   1   1   1   1   1
    GTC   2   2   1   1   1   2 |     GCC   2   2   2   2   2   2 |     GAC   1   1   1   1   1   1 |     GGC   2   2   2   2   2   2
    GTA   0   0   0   1   0   0 |     GCA   2   2   2   2   2   2 | Glu GAA   0   0   0   0   0   0 |     GGA   0   0   0   0   0   0
    GTG   3   3   3   3   3   3 |     GCG   0   0   0   0   0   0 |     GAG   0   0   0   0   0   0 |     GGG   0   0   0   0   0   0
--------------------------------------------------------------------------------------------------------------------------------------

--------------------------------------------------------------------------------------------------------------------------------------
Phe TTT   0   1   0   0   2   0 | Ser TCT   0   0   1   0   0   0 | Tyr TAT   1   0   0   0   0   0 | Cys TGT   2   1   1   2   2   2
    TTC   2   2   2   2   1   2 |     TCC   1   1   1   1   1   1 |     TAC   0   1   1   1   1   1 |     TGC   0   0   0   0   0   0
Leu TTA   1   2   2   2   1   2 |     TCA   1   1   1   1   1   1 | *** TAA   0   0   0   0   0   0 | *** TGA   0   0   0   0   0   0
    TTG   1   1   2   1   1   1 |     TCG   0   0   0   0   0   0 |     TAG   0   0   0   0   0   0 | Trp TGG   0   0   0   0   0   0
--------------------------------------------------------------------------------------------------------------------------------------
Leu CTT   2   2   2   1   3   2 | Pro CCT   0   0   0   0   0   0 | His CAT   1   0   0   0   0   0 | Arg CGT   0   0   0   0   0   0
    CTC   1   1   1   2   0   1 |     CCC   1   1   1   1   1   1 |     CAC   0   1   1   1   1   1 |     CGC   0   0   0   0   0   0
    CTA   1   0   0   0   0   0 |     CCA   1   1   1   1   0   1 | Gln CAA   0   0   0   0   0   0 |     CGA   0   0   0   0   0   0
    CTG   3   3   3   3   3   3 |     CCG   0   0   0   0   1   0 |     CAG   1   1   1   1   1   1 |     CGG   0   0   0   0   0   0
--------------------------------------------------------------------------------------------------------------------------------------
Ile ATT   1   1   2   2   0   2 | Thr ACT   2   2   2   2   1   2 | Asn AAT   0   0   0   0   0   0 | Ser AGT   0   0   0   0   0   0
    ATC   3   2   1   1   1   2 |     ACC   0   0   0   0   1   0 |     AAC   1   1   1   1   1   1 |     AGC   1   1   1   1   1   1
    ATA   0   1   1   1   1   1 |     ACA   1   1   1   1   1   1 | Lys AAA   1   1   1   1   1   1 | Arg AGA   0   0   0   0   0   0
Met ATG   0   0   0   0   0   0 |     ACG   0   0   0   0   0   0 |     AAG   0   0   0   0   0   0 |     AGG   0   0   0   0   0   0
--------------------------------------------------------------------------------------------------------------------------------------
Val GTT   0   0   0   0   1   0 | Ala GCT   1   1   1   1   0   1 | Asp GAT   0   0   0   0   0   0 | Gly GGT   1   1   1   1   0   1
    GTC   1   2   2   2   3   1 |     GCC   2   2   2   2   2   2 |     GAC   1   1   2   1   1   1 |     GGC   2   2   1   2   3   2
    GTA   1   0   0   0   1   0 |     GCA   2   2   2   2   2   2 | Glu GAA   0   0   0   0   0   0 |     GGA   0   0   0   0   0   0
    GTG   3   3   2   3   3   3 |     GCG   0   0   0   0   0   0 |     GAG   0   0   0   0   0   0 |     GGG   0   0   0   0   0   0
--------------------------------------------------------------------------------------------------------------------------------------

--------------------------------------------------------------------------------------------------------------------------------------
Phe TTT   0   0   0   0   0   0 | Ser TCT   0   0   0   0   0   1 | Tyr TAT   0   0   0   0   0   0 | Cys TGT   2   2   2   2   2   1
    TTC   2   2   2   2   2   2 |     TCC   1   1   1   1   1   1 |     TAC   1   1   1   1   1   1 |     TGC   0   0   0   0   0   0
Leu TTA   2   2   2   2   2   2 |     TCA   1   1   1   1   1   1 | *** TAA   0   0   0   0   0   0 | *** TGA   0   0   0   0   0   0
    TTG   1   1   1   1   1   1 |     TCG   0   0   0   0   0   0 |     TAG   0   0   0   0   0   0 | Trp TGG   0   0   0   0   0   0
--------------------------------------------------------------------------------------------------------------------------------------
Leu CTT   2   2   2   2   2   2 | Pro CCT   0   0   0   0   0   0 | His CAT   0   0   0   0   0   0 | Arg CGT   0   0   0   0   0   0
    CTC   1   1   1   1   1   1 |     CCC   1   1   1   1   1   1 |     CAC   1   1   1   0   1   1 |     CGC   0   0   0   1   0   0
    CTA   0   0   0   0   0   0 |     CCA   1   1   1   1   1   1 | Gln CAA   0   0   0   0   0   0 |     CGA   0   0   0   0   0   0
    CTG   3   3   3   3   3   3 |     CCG   0   0   0   0   0   0 |     CAG   1   1   1   1   1   1 |     CGG   0   0   0   0   0   0
--------------------------------------------------------------------------------------------------------------------------------------
Ile ATT   2   2   2   2   1   2 | Thr ACT   2   2   2   2   2   2 | Asn AAT   0   0   0   0   0   0 | Ser AGT   0   0   0   0   0   0
    ATC   2   1   2   2   3   1 |     ACC   0   0   0   0   0   0 |     AAC   1   1   1   1   1   1 |     AGC   1   1   1   1   1   1
    ATA   1   1   1   1   0   1 |     ACA   1   1   1   1   1   1 | Lys AAA   1   1   1   1   1   1 | Arg AGA   0   0   0   0   0   0
Met ATG   0   0   0   0   0   0 |     ACG   0   0   0   0   0   0 |     AAG   0   0   0   0   0   0 |     AGG   0   0   0   0   0   0
--------------------------------------------------------------------------------------------------------------------------------------
Val GTT   0   0   0   0   0   0 | Ala GCT   1   1   1   1   1   2 | Asp GAT   0   0   0   0   0   0 | Gly GGT   1   1   1   1   1   1
    GTC   1   2   1   1   1   2 |     GCC   2   2   2   2   2   1 |     GAC   1   1   1   1   1   1 |     GGC   2   2   2   2   2   2
    GTA   0   0   0   0   1   0 |     GCA   2   2   2   2   2   2 | Glu GAA   0   0   0   0   0   0 |     GGA   0   0   0   0   0   0
    GTG   3   3   3   3   3   3 |     GCG   0   0   0   0   0   0 |     GAG   0   0   0   0   0   0 |     GGG   0   0   0   0   0   0
--------------------------------------------------------------------------------------------------------------------------------------

--------------------------------------------------------------------------------------------------------------------------------------
Phe TTT   0   0   0   0   0   1 | Ser TCT   1   0   1   1   0   0 | Tyr TAT   0   0   0   0   0   0 | Cys TGT   1   2   1   1   2   2
    TTC   2   2   2   2   2   0 |     TCC   1   1   2   1   1   2 |     TAC   1   1   1   1   1   1 |     TGC   0   0   0   0   0   0
Leu TTA   2   1   2   2   2   2 |     TCA   1   1   1   1   1   1 | *** TAA   0   0   0   0   0   0 | *** TGA   0   0   0   0   0   0
    TTG   0   1   2   1   1   1 |     TCG   0   0   0   0   0   0 |     TAG   0   0   0   0   0   0 | Trp TGG   0   0   0   0   0   0
--------------------------------------------------------------------------------------------------------------------------------------
Leu CTT   2   2   2   2   2   2 | Pro CCT   0   0   0   0   0   0 | His CAT   0   0   0   0   0   0 | Arg CGT   0   0   0   0   0   0
    CTC   1   1   1   1   1   1 |     CCC   1   1   0   1   1   1 |     CAC   1   1   1   1   1   1 |     CGC   0   0   0   0   0   0
    CTA   0   1   0   0   0   0 |     CCA   1   1   1   1   1   1 | Gln CAA   0   0   0   0   0   0 |     CGA   0   0   0   0   0   0
    CTG   4   3   3   3   3   3 |     CCG   0   0   0   0   0   0 |     CAG   1   1   1   1   1   1 |     CGG   0   0   0   0   0   0
--------------------------------------------------------------------------------------------------------------------------------------
Ile ATT   2   1   2   2   1   2 | Thr ACT   2   2   2   2   3   2 | Asn AAT   0   0   0   0   0   0 | Ser AGT   0   0   0   0   0   0
    ATC   1   3   1   1   1   1 |     ACC   0   0   0   0   0   0 |     AAC   1   1   1   1   1   1 |     AGC   1   1   0   1   1   1
    ATA   1   0   1   1   1   0 |     ACA   1   1   1   1   1   1 | Lys AAA   1   1   1   1   1   1 | Arg AGA   0   0   0   0   0   0
Met ATG   0   0   0   0   0   0 |     ACG   0   0   0   0   0   0 |     AAG   0   0   0   0   0   0 |     AGG   0   0   0   0   0   0
--------------------------------------------------------------------------------------------------------------------------------------
Val GTT   0   0   0   0   0   0 | Ala GCT   1   1   1   1   1   1 | Asp GAT   0   0   0   0   0   0 | Gly GGT   1   1   1   1   1   1
    GTC   2   1   2   2   2   2 |     GCC   2   2   2   2   2   3 |     GAC   1   1   2   1   1   1 |     GGC   2   2   2   2   2   2
    GTA   0   1   0   0   0   1 |     GCA   2   2   2   2   2   1 | Glu GAA   0   0   0   0   0   0 |     GGA   0   0   0   0   0   0
    GTG   3   3   2   3   3   3 |     GCG   0   0   0   0   0   0 |     GAG   0   0   0   0   0   0 |     GGG   0   0   0   0   0   0
--------------------------------------------------------------------------------------------------------------------------------------

--------------------------------------------------------------------------------------------------------------------------------------
Phe TTT   0   0   0   1   1   0 | Ser TCT   0   0   0   0   0   0 | Tyr TAT   0   0   0   0   0   0 | Cys TGT   2   2   2   2   1   2
    TTC   2   2   2   1   2   2 |     TCC   1   1   1   1   1   1 |     TAC   1   1   1   1   1   1 |     TGC   0   1   0   0   0   0
Leu TTA   2   2   2   2   2   2 |     TCA   1   1   1   1   1   1 | *** TAA   0   0   0   0   0   0 | *** TGA   0   0   0   0   0   0
    TTG   1   1   0   1   1   1 |     TCG   0   0   0   0   0   0 |     TAG   0   0   0   0   0   0 | Trp TGG   0   0   0   0   0   0
--------------------------------------------------------------------------------------------------------------------------------------
Leu CTT   2   2   2   2   2   2 | Pro CCT   0   0   0   0   0   0 | His CAT   0   0   0   0   0   0 | Arg CGT   0   0   0   0   0   0
    CTC   1   1   0   1   1   1 |     CCC   1   1   2   1   1   1 |     CAC   1   1   1   1   1   1 |     CGC   0   0   0   0   0   0
    CTA   0   0   0   0   0   0 |     CCA   1   1   1   1   1   1 | Gln CAA   0   0   0   0   0   0 |     CGA   0   0   0   0   0   0
    CTG   3   3   4   3   3   3 |     CCG   0   0   0   0   0   0 |     CAG   1   1   1   1   1   1 |     CGG   0   0   0   0   0   0
--------------------------------------------------------------------------------------------------------------------------------------
Ile ATT   1   2   1   2   1   2 | Thr ACT   2   2   3   2   2   2 | Asn AAT   0   0   0   0   0   0 | Ser AGT   0   0   0   0   0   0
    ATC   3   1   1   1   2   1 |     ACC   0   0   0   0   0   0 |     AAC   1   1   1   0   1   0 |     AGC   1   0   1   2   1   1
    ATA   0   1   0   1   1   1 |     ACA   1   1   1   1   1   1 | Lys AAA   1   1   1   1   1   1 | Arg AGA   0   0   1   0   0   0
Met ATG   0   0   0   0   0   0 |     ACG   0   0   0   0   0   0 |     AAG   0   0   0   0   0   1 |     AGG   0   0   0   0   0   0
--------------------------------------------------------------------------------------------------------------------------------------
Val GTT   0   0   0   1   0   0 | Ala GCT   1   1   1   1   1   1 | Asp GAT   0   0   0   0   0   0 | Gly GGT   1   1   1   1   1   1
    GTC   1   2   2   1   2   2 |     GCC   2   2   2   2   2   2 |     GAC   1   1   1   1   1   1 |     GGC   2   2   2   2   2   2
    GTA   1   0   0   0   0   0 |     GCA   2   2   2   1   2   2 | Glu GAA   0   0   0   0   0   0 |     GGA   0   0   0   0   0   0
    GTG   3   3   3   3   3   3 |     GCG   0   0   0   1   0   0 |     GAG   0   0   0   0   0   0 |     GGG   0   0   0   0   0   0
--------------------------------------------------------------------------------------------------------------------------------------

Codon position x base (3x4) table for each sequence.

#1: Argali         
position  1:    T:0.22727    C:0.22727    A:0.25000    G:0.29545
position  2:    T:0.45455    C:0.27273    A:0.13636    G:0.13636
position  3:    T:0.22727    C:0.38636    A:0.20455    G:0.18182
Average         T:0.30303    C:0.29545    A:0.19697    G:0.20455

#2: LesserMouseDeer
position  1:    T:0.22727    C:0.22727    A:0.22727    G:0.31818
position  2:    T:0.43182    C:0.29545    A:0.11364    G:0.15909
position  3:    T:0.15909    C:0.43182    A:0.20455    G:0.20455
Average         T:0.27273    C:0.31818    A:0.18182    G:0.22727

#3: LesserKudu     
position  1:    T:0.22727    C:0.22727    A:0.22727    G:0.31818
position  2:    T:0.47727    C:0.27273    A:0.13636    G:0.11364
position  3:    T:0.20455    C:0.40909    A:0.20455    G:0.18182
Average         T:0.30303    C:0.30303    A:0.18939    G:0.20455

#4: ForestMuskDeer2
position  1:    T:0.22727    C:0.22727    A:0.22727    G:0.31818
position  2:    T:0.45455    C:0.27273    A:0.11364    G:0.15909
position  3:    T:0.27273    C:0.34091    A:0.18182    G:0.20455
Average         T:0.31818    C:0.28030    A:0.17424    G:0.22727

#5: Camel          
position  1:    T:0.22727    C:0.22727    A:0.22727    G:0.31818
position  2:    T:0.45455    C:0.27273    A:0.11364    G:0.15909
position  3:    T:0.15909    C:0.47727    A:0.20455    G:0.15909
Average         T:0.28030    C:0.32576    A:0.18182    G:0.21212

#6: KillerWhale    
position  1:    T:0.20455    C:0.25000    A:0.25000    G:0.29545
position  2:    T:0.43182    C:0.29545    A:0.11364    G:0.15909
position  3:    T:0.20455    C:0.38636    A:0.22727    G:0.18182
Average         T:0.28030    C:0.31061    A:0.19697    G:0.21212

#7: DefassaWaterbuck
position  1:    T:0.22727    C:0.22727    A:0.25000    G:0.29545
position  2:    T:0.45455    C:0.27273    A:0.13636    G:0.13636
position  3:    T:0.22727    C:0.38636    A:0.20455    G:0.18182
Average         T:0.30303    C:0.29545    A:0.19697    G:0.20455

#8: Sheep          
position  1:    T:0.22727    C:0.22727    A:0.25000    G:0.29545
position  2:    T:0.45455    C:0.27273    A:0.13636    G:0.13636
position  3:    T:0.22727    C:0.38636    A:0.20455    G:0.18182
Average         T:0.30303    C:0.29545    A:0.19697    G:0.20455

#9: MaxwellsDuiker 
position  1:    T:0.22727    C:0.22727    A:0.22727    G:0.31818
position  2:    T:0.45455    C:0.27273    A:0.13636    G:0.13636
position  3:    T:0.22727    C:0.38636    A:0.20455    G:0.18182
Average         T:0.30303    C:0.29545    A:0.18939    G:0.21212

#10: GazellaPrzewalskyi
position  1:    T:0.22727    C:0.22727    A:0.25000    G:0.29545
position  2:    T:0.45455    C:0.27273    A:0.13636    G:0.13636
position  3:    T:0.20455    C:0.40909    A:0.20455    G:0.18182
Average         T:0.29545    C:0.30303    A:0.19697    G:0.20455

#11: MountainNyala  
position  1:    T:0.22727    C:0.22727    A:0.22727    G:0.31818
position  2:    T:0.45455    C:0.27273    A:0.13636    G:0.13636
position  3:    T:0.22727    C:0.36364    A:0.20455    G:0.20455
Average         T:0.30303    C:0.28788    A:0.18939    G:0.21970

#12: MuntiacusMuntjak
position  1:    T:0.25000    C:0.22727    A:0.22727    G:0.29545
position  2:    T:0.45455    C:0.29545    A:0.15909    G:0.09091
position  3:    T:0.25000    C:0.36364    A:0.20455    G:0.18182
Average         T:0.31818    C:0.29545    A:0.19697    G:0.18939

#13: goat           
position  1:    T:0.22727    C:0.22727    A:0.25000    G:0.29545
position  2:    T:0.45455    C:0.27273    A:0.13636    G:0.13636
position  3:    T:0.22727    C:0.38636    A:0.20455    G:0.18182
Average         T:0.30303    C:0.29545    A:0.19697    G:0.20455

#14: AfricanBuffalo 
position  1:    T:0.22727    C:0.22727    A:0.22727    G:0.31818
position  2:    T:0.43182    C:0.29545    A:0.13636    G:0.13636
position  3:    T:0.20455    C:0.40909    A:0.18182    G:0.20455
Average         T:0.28788    C:0.31061    A:0.18182    G:0.21970

#15: Topi           
position  1:    T:0.22727    C:0.22727    A:0.25000    G:0.29545
position  2:    T:0.45455    C:0.27273    A:0.13636    G:0.13636
position  3:    T:0.22727    C:0.38636    A:0.20455    G:0.18182
Average         T:0.30303    C:0.29545    A:0.19697    G:0.20455

#16: CommonDuiker   
position  1:    T:0.22727    C:0.22727    A:0.22727    G:0.31818
position  2:    T:0.45455    C:0.27273    A:0.13636    G:0.13636
position  3:    T:0.22727    C:0.38636    A:0.20455    G:0.18182
Average         T:0.30303    C:0.29545    A:0.18939    G:0.21212

#17: Suni           
position  1:    T:0.22727    C:0.22727    A:0.25000    G:0.29545
position  2:    T:0.45455    C:0.27273    A:0.11364    G:0.15909
position  3:    T:0.22727    C:0.36364    A:0.22727    G:0.18182
Average         T:0.30303    C:0.28788    A:0.19697    G:0.21212

#18: Springbuck     
position  1:    T:0.20455    C:0.25000    A:0.22727    G:0.31818
position  2:    T:0.45455    C:0.27273    A:0.13636    G:0.13636
position  3:    T:0.20455    C:0.40909    A:0.20455    G:0.18182
Average         T:0.28788    C:0.31061    A:0.18939    G:0.21212

#19: Okapi          
position  1:    T:0.22727    C:0.22727    A:0.22727    G:0.31818
position  2:    T:0.45455    C:0.27273    A:0.13636    G:0.13636
position  3:    T:0.22727    C:0.38636    A:0.20455    G:0.18182
Average         T:0.30303    C:0.29545    A:0.18939    G:0.21212

#20: Giraffe        
position  1:    T:0.22727    C:0.22727    A:0.22727    G:0.31818
position  2:    T:0.43182    C:0.29545    A:0.13636    G:0.13636
position  3:    T:0.18182    C:0.40909    A:0.20455    G:0.20455
Average         T:0.28030    C:0.31061    A:0.18939    G:0.21970

#21: TibetanAntelope
position  1:    T:0.22727    C:0.22727    A:0.25000    G:0.29545
position  2:    T:0.45455    C:0.27273    A:0.13636    G:0.13636
position  3:    T:0.22727    C:0.38636    A:0.20455    G:0.18182
Average         T:0.30303    C:0.29545    A:0.19697    G:0.20455

#22: Sitatunga      
position  1:    T:0.22727    C:0.22727    A:0.22727    G:0.31818
position  2:    T:0.47727    C:0.27273    A:0.13636    G:0.11364
position  3:    T:0.20455    C:0.40909    A:0.20455    G:0.18182
Average         T:0.30303    C:0.30303    A:0.18939    G:0.20455

#23: Oribi          
position  1:    T:0.22727    C:0.25000    A:0.20455    G:0.31818
position  2:    T:0.45455    C:0.27273    A:0.13636    G:0.13636
position  3:    T:0.20455    C:0.40909    A:0.20455    G:0.18182
Average         T:0.29545    C:0.31061    A:0.18182    G:0.21212

#24: BarbarySheep   
position  1:    T:0.22727    C:0.22727    A:0.22727    G:0.31818
position  2:    T:0.45455    C:0.27273    A:0.13636    G:0.13636
position  3:    T:0.22727    C:0.38636    A:0.20455    G:0.18182
Average         T:0.30303    C:0.29545    A:0.18939    G:0.21212

#25: Daviddeer      
position  1:    T:0.20455    C:0.25000    A:0.22727    G:0.31818
position  2:    T:0.45455    C:0.29545    A:0.13636    G:0.11364
position  3:    T:0.22727    C:0.38636    A:0.20455    G:0.18182
Average         T:0.29545    C:0.31061    A:0.18939    G:0.20455

#26: Reindeer       
position  1:    T:0.22727    C:0.22727    A:0.22727    G:0.31818
position  2:    T:0.43182    C:0.29545    A:0.15909    G:0.11364
position  3:    T:0.25000    C:0.34091    A:0.20455    G:0.20455
Average         T:0.30303    C:0.28788    A:0.19697    G:0.21212

#27: Ibex           
position  1:    T:0.22727    C:0.22727    A:0.25000    G:0.29545
position  2:    T:0.45455    C:0.27273    A:0.13636    G:0.13636
position  3:    T:0.22727    C:0.38636    A:0.20455    G:0.18182
Average         T:0.30303    C:0.29545    A:0.19697    G:0.20455

#28: GyrantGazelle  
position  1:    T:0.20455    C:0.25000    A:0.22727    G:0.31818
position  2:    T:0.45455    C:0.27273    A:0.13636    G:0.13636
position  3:    T:0.20455    C:0.40909    A:0.20455    G:0.18182
Average         T:0.28788    C:0.31061    A:0.18939    G:0.21212

#29: Hartebeest     
position  1:    T:0.22727    C:0.22727    A:0.25000    G:0.29545
position  2:    T:0.45455    C:0.27273    A:0.11364    G:0.15909
position  3:    T:0.22727    C:0.38636    A:0.20455    G:0.18182
Average         T:0.30303    C:0.29545    A:0.18939    G:0.21212

#30: Bongo          
position  1:    T:0.22727    C:0.22727    A:0.22727    G:0.31818
position  2:    T:0.45455    C:0.27273    A:0.13636    G:0.13636
position  3:    T:0.20455    C:0.38636    A:0.20455    G:0.20455
Average         T:0.29545    C:0.29545    A:0.18939    G:0.21970

#31: Gerenuk        
position  1:    T:0.20455    C:0.25000    A:0.22727    G:0.31818
position  2:    T:0.45455    C:0.27273    A:0.13636    G:0.13636
position  3:    T:0.25000    C:0.36364    A:0.20455    G:0.18182
Average         T:0.30303    C:0.29545    A:0.18939    G:0.21212

#32: CommonEland    
position  1:    T:0.22727    C:0.22727    A:0.22727    G:0.31818
position  2:    T:0.47727    C:0.27273    A:0.13636    G:0.11364
position  3:    T:0.20455    C:0.40909    A:0.20455    G:0.18182
Average         T:0.30303    C:0.30303    A:0.18939    G:0.20455

#33: MuntiacusReevesi
position  1:    T:0.25000    C:0.22727    A:0.22727    G:0.29545
position  2:    T:0.45455    C:0.29545    A:0.15909    G:0.09091
position  3:    T:0.22727    C:0.38636    A:0.20455    G:0.18182
Average         T:0.31061    C:0.30303    A:0.19697    G:0.18939

#34: HarveysDuiker  
position  1:    T:0.22727    C:0.22727    A:0.22727    G:0.31818
position  2:    T:0.45455    C:0.27273    A:0.13636    G:0.13636
position  3:    T:0.20455    C:0.40909    A:0.20455    G:0.18182
Average         T:0.29545    C:0.30303    A:0.18939    G:0.21212

#35: Pronghorn      
position  1:    T:0.22727    C:0.22727    A:0.18182    G:0.36364
position  2:    T:0.47727    C:0.25000    A:0.13636    G:0.13636
position  3:    T:0.20455    C:0.40909    A:0.18182    G:0.20455
Average         T:0.30303    C:0.29545    A:0.16667    G:0.23485

#36: BlueWildebeest 
position  1:    T:0.22727    C:0.22727    A:0.25000    G:0.29545
position  2:    T:0.45455    C:0.27273    A:0.13636    G:0.13636
position  3:    T:0.22727    C:0.38636    A:0.20455    G:0.18182
Average         T:0.30303    C:0.29545    A:0.19697    G:0.20455

#37: Gemsbok        
position  1:    T:0.22727    C:0.22727    A:0.25000    G:0.29545
position  2:    T:0.45455    C:0.27273    A:0.13636    G:0.13636
position  3:    T:0.22727    C:0.38636    A:0.20455    G:0.18182
Average         T:0.30303    C:0.29545    A:0.19697    G:0.20455

#38: Yak            
position  1:    T:0.22727    C:0.22727    A:0.22727    G:0.31818
position  2:    T:0.45455    C:0.27273    A:0.13636    G:0.13636
position  3:    T:0.22727    C:0.38636    A:0.20455    G:0.18182
Average         T:0.30303    C:0.29545    A:0.18939    G:0.21212

#39: BlueSheep      
position  1:    T:0.22727    C:0.22727    A:0.25000    G:0.29545
position  2:    T:0.45455    C:0.27273    A:0.13636    G:0.13636
position  3:    T:0.22727    C:0.38636    A:0.20455    G:0.18182
Average         T:0.30303    C:0.29545    A:0.19697    G:0.20455

#40: BohorReedbuck  
position  1:    T:0.22727    C:0.22727    A:0.25000    G:0.29545
position  2:    T:0.45455    C:0.27273    A:0.11364    G:0.15909
position  3:    T:0.22727    C:0.38636    A:0.20455    G:0.18182
Average         T:0.30303    C:0.29545    A:0.18939    G:0.21212

#41: KirksDik       
position  1:    T:0.22727    C:0.22727    A:0.22727    G:0.31818
position  2:    T:0.45455    C:0.27273    A:0.13636    G:0.13636
position  3:    T:0.20455    C:0.40909    A:0.20455    G:0.18182
Average         T:0.29545    C:0.30303    A:0.18939    G:0.21212

#42: RoeDeer        
position  1:    T:0.22727    C:0.22727    A:0.22727    G:0.31818
position  2:    T:0.45455    C:0.29545    A:0.13636    G:0.11364
position  3:    T:0.25000    C:0.36364    A:0.20455    G:0.18182
Average         T:0.31061    C:0.29545    A:0.18939    G:0.20455

#43: WhiteLippedDeer
position  1:    T:0.20455    C:0.25000    A:0.22727    G:0.31818
position  2:    T:0.45455    C:0.29545    A:0.13636    G:0.11364
position  3:    T:0.22727    C:0.38636    A:0.20455    G:0.18182
Average         T:0.29545    C:0.31061    A:0.18939    G:0.20455

#44: ThomsonGazelle 
position  1:    T:0.20455    C:0.25000    A:0.22727    G:0.31818
position  2:    T:0.45455    C:0.27273    A:0.13636    G:0.13636
position  3:    T:0.20455    C:0.40909    A:0.20455    G:0.18182
Average         T:0.28788    C:0.31061    A:0.18939    G:0.21212

#45: MuntiacusCrinifrons
position  1:    T:0.27273    C:0.20455    A:0.20455    G:0.31818
position  2:    T:0.45455    C:0.29545    A:0.15909    G:0.09091
position  3:    T:0.22727    C:0.38636    A:0.20455    G:0.18182
Average         T:0.31818    C:0.29545    A:0.18939    G:0.19697

#46: WhiteTailedDeer
position  1:    T:0.22727    C:0.22727    A:0.22727    G:0.31818
position  2:    T:0.45455    C:0.29545    A:0.13636    G:0.11364
position  3:    T:0.22727    C:0.38636    A:0.20455    G:0.18182
Average         T:0.30303    C:0.30303    A:0.18939    G:0.20455

#47: Cattle         
position  1:    T:0.22727    C:0.22727    A:0.22727    G:0.31818
position  2:    T:0.43182    C:0.29545    A:0.13636    G:0.13636
position  3:    T:0.22727    C:0.38636    A:0.20455    G:0.18182
Average         T:0.29545    C:0.30303    A:0.18939    G:0.21212

#48: RoyalAntelope  
position  1:    T:0.22727    C:0.22727    A:0.20455    G:0.34091
position  2:    T:0.43182    C:0.29545    A:0.13636    G:0.13636
position  3:    T:0.25000    C:0.38636    A:0.18182    G:0.18182
Average         T:0.30303    C:0.30303    A:0.17424    G:0.21970

#49: Steenbok       
position  1:    T:0.22727    C:0.22727    A:0.22727    G:0.31818
position  2:    T:0.45455    C:0.27273    A:0.13636    G:0.13636
position  3:    T:0.20455    C:0.40909    A:0.20455    G:0.18182
Average         T:0.29545    C:0.30303    A:0.18939    G:0.21212

#50: Impala         
position  1:    T:0.25000    C:0.22727    A:0.20455    G:0.31818
position  2:    T:0.45455    C:0.27273    A:0.13636    G:0.13636
position  3:    T:0.22727    C:0.38636    A:0.20455    G:0.18182
Average         T:0.31061    C:0.29545    A:0.18182    G:0.21212

#51: Klipspringer   
position  1:    T:0.20455    C:0.25000    A:0.22727    G:0.31818
position  2:    T:0.38636    C:0.31818    A:0.13636    G:0.15909
