CODONML (in paml version 4.10.7, June 2023)  /home/rachel/ruminants_paml/6406-phy-tree/ENSBTAT00000026056.fasta.phy
Model: free dN/dS Ratios for branches,  kappa = 2.000 fixed

Codon frequency model: F3x4
ns =  54  ls =  20

Codon usage in sequences
--------------------------------------------------------------------------------------------------------------------------------------
Phe TTT   0   0   0   0   0   0 | Ser TCT   0   0   0   0   0   0 | Tyr TAT   1   0   1   1   0   2 | Cys TGT   0   0   0   0   0   0
    TTC   0   0   0   0   0   0 |     TCC   1   1   1   1   1   1 |     TAC   1   2   1   1   2   0 |     TGC   0   0   0   0   0   0
Leu TTA   0   0   0   0   0   0 |     TCA   0   0   0   0   0   0 | *** TAA   0   0   0   0   0   0 | *** TGA   0   0   0   0   0   0
    TTG   0   0   0   0   0   0 |     TCG   0   0   0   0   0   0 |     TAG   0   0   0   0   0   0 | Trp TGG   0   0   0   0   0   0
--------------------------------------------------------------------------------------------------------------------------------------
Leu CTT   0   0   0   0   0   0 | Pro CCT   0   0   0   1   0   0 | His CAT   0   0   0   0   0   0 | Arg CGT   0   0   0   0   0   0
    CTC   0   0   0   0   0   0 |     CCC   1   1   1   0   1   1 |     CAC   1   1   1   1   1   1 |     CGC   1   1   1   1   1   1
    CTA   0   0   0   0   0   0 |     CCA   0   0   0   0   0   0 | Gln CAA   0   0   0   0   0   0 |     CGA   0   0   0   0   0   0
    CTG   0   0   0   0   0   0 |     CCG   0   0   0   0   0   0 |     CAG   0   0   0   0   0   0 |     CGG   0   0   0   0   0   0
--------------------------------------------------------------------------------------------------------------------------------------
Ile ATT   0   0   0   0   0   0 | Thr ACT   0   0   0   0   0   0 | Asn AAT   0   0   0   0   0   0 | Ser AGT   1   1   1   1   0   1
    ATC   0   0   0   0   0   0 |     ACC   0   0   0   0   0   0 |     AAC   0   0   0   0   0   0 |     AGC   0   0   0   0   1   0
    ATA   0   0   0   0   0   0 |     ACA   0   0   0   0   0   0 | Lys AAA   0   0   0   0   0   0 | Arg AGA   0   0   0   0   0   0
Met ATG   1   1   1   1   1   1 |     ACG   0   0   0   0   0   0 |     AAG   0   0   0   0   0   0 |     AGG   1   1   1   1   1   1
--------------------------------------------------------------------------------------------------------------------------------------
Val GTT   0   0   0   0   0   0 | Ala GCT   2   1   2   2   1   2 | Asp GAT   1   1   1   1   1   2 | Gly GGT   0   0   0   0   0   1
    GTC   0   0   0   0   0   0 |     GCC   1   2   1   1   2   1 |     GAC   1   1   1   1   1   0 |     GGC   2   2   2   2   2   1
    GTA   0   1   0   0   0   0 |     GCA   0   0   0   0   0   0 | Glu GAA   0   0   0   0   0   0 |     GGA   0   0   0   0   0   0
    GTG   3   2   3   3   3   3 |     GCG   0   1   0   0   1   0 |     GAG   0   0   0   0   0   0 |     GGG   1   0   1   1   0   1
--------------------------------------------------------------------------------------------------------------------------------------

--------------------------------------------------------------------------------------------------------------------------------------
Phe TTT   0   0   0   0   0   0 | Ser TCT   0   0   0   0   0   0 | Tyr TAT   1   1   1   1   1   1 | Cys TGT   0   0   0   0   0   0
    TTC   0   0   0   0   0   0 |     TCC   1   1   1   1   1   1 |     TAC   1   1   1   1   1   1 |     TGC   0   0   0   0   0   0
Leu TTA   0   0   0   0   0   0 |     TCA   0   0   0   0   0   0 | *** TAA   0   0   0   0   0   0 | *** TGA   0   0   0   0   0   0
    TTG   0   0   0   0   0   0 |     TCG   0   0   0   0   0   0 |     TAG   0   0   0   0   0   0 | Trp TGG   0   0   0   0   0   0
--------------------------------------------------------------------------------------------------------------------------------------
Leu CTT   0   0   0   0   0   0 | Pro CCT   0   0   0   0   0   0 | His CAT   0   0   0   0   0   0 | Arg CGT   0   0   0   0   0   0
    CTC   0   0   0   0   0   0 |     CCC   1   1   1   1   1   1 |     CAC   1   1   1   1   1   1 |     CGC   1   1   1   1   1   1
    CTA   0   0   0   0   0   0 |     CCA   0   0   0   0   0   0 | Gln CAA   0   0   0   0   0   0 |     CGA   0   0   0   0   0   0
    CTG   0   0   0   0   0   0 |     CCG   0   0   0   0   0   0 |     CAG   0   0   0   0   0   0 |     CGG   0   0   0   0   0   0
--------------------------------------------------------------------------------------------------------------------------------------
Ile ATT   0   0   0   0   0   0 | Thr ACT   0   0   0   0   0   0 | Asn AAT   0   0   0   0   0   0 | Ser AGT   1   1   1   1   1   1
    ATC   0   0   0   0   0   0 |     ACC   0   0   0   0   0   0 |     AAC   0   0   0   0   0   0 |     AGC   0   0   0   0   0   0
    ATA   0   0   0   0   0   0 |     ACA   0   0   0   0   0   0 | Lys AAA   0   0   0   0   0   0 | Arg AGA   0   0   0   0   0   0
Met ATG   1   1   1   1   1   1 |     ACG   0   0   0   0   0   0 |     AAG   0   0   0   0   0   0 |     AGG   1   1   1   1   1   1
--------------------------------------------------------------------------------------------------------------------------------------
Val GTT   0   0   0   0   0   0 | Ala GCT   2   2   2   2   2   2 | Asp GAT   1   1   1   1   1   1 | Gly GGT   0   0   0   0   0   0
    GTC   0   0   0   0   0   0 |     GCC   1   1   1   1   1   1 |     GAC   1   1   1   1   1   1 |     GGC   2   2   2   2   2   2
    GTA   0   0   0   0   0   0 |     GCA   0   0   0   0   0   0 | Glu GAA   0   0   0   0   0   0 |     GGA   0   0   0   0   0   0
    GTG   3   3   3   3   3   3 |     GCG   0   0   0   0   0   0 |     GAG   0   0   0   0   0   0 |     GGG   1   1   1   1   1   1
--------------------------------------------------------------------------------------------------------------------------------------

--------------------------------------------------------------------------------------------------------------------------------------
Phe TTT   0   0   0   0   0   0 | Ser TCT   0   0   0   0   0   0 | Tyr TAT   1   1   1   1   1   1 | Cys TGT   0   0   0   0   0   0
    TTC   0   0   0   0   0   0 |     TCC   1   1   1   1   1   1 |     TAC   1   1   1   1   1   1 |     TGC   0   0   0   0   0   0
Leu TTA   0   0   0   0   0   0 |     TCA   0   0   0   0   0   0 | *** TAA   0   0   0   0   0   0 | *** TGA   0   0   0   0   0   0
    TTG   0   0   0   0   0   0 |     TCG   0   0   0   0   0   0 |     TAG   0   0   0   0   0   0 | Trp TGG   0   0   0   0   0   0
--------------------------------------------------------------------------------------------------------------------------------------
Leu CTT   0   0   0   0   0   0 | Pro CCT   0   0   0   0   0   0 | His CAT   0   0   0   0   0   0 | Arg CGT   0   0   0   1   0   0
    CTC   0   0   0   0   0   0 |     CCC   1   1   1   1   1   1 |     CAC   1   1   1   1   1   1 |     CGC   1   1   1   0   1   1
    CTA   0   0   0   0   0   0 |     CCA   0   0   0   0   0   0 | Gln CAA   0   0   0   0   0   0 |     CGA   0   0   0   0   0   0
    CTG   0   0   0   0   0   0 |     CCG   0   0   0   0   0   0 |     CAG   0   0   0   0   0   0 |     CGG   0   0   0   0   0   0
--------------------------------------------------------------------------------------------------------------------------------------
Ile ATT   0   0   0   0   0   0 | Thr ACT   0   0   0   0   0   0 | Asn AAT   0   0   0   0   0   0 | Ser AGT   1   1   1   1   1   1
    ATC   0   0   0   0   0   0 |     ACC   0   0   0   0   0   0 |     AAC   0   0   0   0   0   0 |     AGC   0   0   0   0   0   0
    ATA   0   0   0   0   0   0 |     ACA   0   0   0   0   0   0 | Lys AAA   0   0   0   0   0   0 | Arg AGA   0   0   0   0   0   0
Met ATG   1   1   1   1   1   1 |     ACG   0   0   0   0   0   0 |     AAG   0   0   0   0   0   0 |     AGG   1   1   1   1   1   1
--------------------------------------------------------------------------------------------------------------------------------------
Val GTT   0   0   1   0   1   0 | Ala GCT   2   2   2   2   2   2 | Asp GAT   1   1   1   1   1   1 | Gly GGT   0   0   0   0   0   0
    GTC   0   0   0   0   0   0 |     GCC   1   1   1   1   1   1 |     GAC   1   1   1   1   1   1 |     GGC   2   2   2   2   2   2
    GTA   0   0   0   0   0   0 |     GCA   0   0   0   0   0   0 | Glu GAA   0   0   0   0   0   0 |     GGA   0   0   0   0   0   0
    GTG   3   3   2   3   2   3 |     GCG   0   0   0   0   0   0 |     GAG   0   0   0   0   0   0 |     GGG   1   1   1   1   1   1
--------------------------------------------------------------------------------------------------------------------------------------

--------------------------------------------------------------------------------------------------------------------------------------
Phe TTT   0   0   0   0   0   0 | Ser TCT   0   0   0   0   0   0 | Tyr TAT   1   1   1   1   1   1 | Cys TGT   0   0   0   0   0   0
    TTC   0   0   0   0   0   0 |     TCC   1   1   1   1   1   1 |     TAC   1   1   1   1   1   1 |     TGC   0   0   0   0   0   0
Leu TTA   0   0   0   0   0   0 |     TCA   0   0   0   0   0   0 | *** TAA   0   0   0   0   0   0 | *** TGA   0   0   0   0   0   0
    TTG   0   0   0   0   0   0 |     TCG   0   0   0   0   0   0 |     TAG   0   0   0   0   0   0 | Trp TGG   0   0   0   0   0   0
--------------------------------------------------------------------------------------------------------------------------------------
Leu CTT   0   0   0   0   0   0 | Pro CCT   0   0   0   0   0   0 | His CAT   0   0   0   0   0   0 | Arg CGT   0   0   0   0   0   0
    CTC   0   0   0   0   0   0 |     CCC   1   1   1   1   1   1 |     CAC   1   1   1   1   1   1 |     CGC   1   1   1   1   1   1
    CTA   0   0   0   0   0   0 |     CCA   0   0   0   0   0   0 | Gln CAA   0   0   0   0   0   0 |     CGA   0   0   0   0   0   0
    CTG   0   0   0   0   0   0 |     CCG   0   0   0   0   0   0 |     CAG   0   0   0   0   0   0 |     CGG   0   0   0   0   0   0
--------------------------------------------------------------------------------------------------------------------------------------
Ile ATT   0   0   0   0   0   0 | Thr ACT   0   0   0   0   0   0 | Asn AAT   0   0   0   0   0   0 | Ser AGT   1   1   1   1   1   1
    ATC   0   0   0   0   0   0 |     ACC   0   0   0   0   0   0 |     AAC   0   0   0   0   0   0 |     AGC   0   0   0   0   0   0
    ATA   0   0   0   0   0   0 |     ACA   0   0   0   0   0   0 | Lys AAA   0   0   0   0   0   0 | Arg AGA   0   0   0   0   0   0
Met ATG   1   1   1   1   1   1 |     ACG   0   0   0   0   0   0 |     AAG   0   0   0   0   0   0 |     AGG   1   1   1   1   1   1
--------------------------------------------------------------------------------------------------------------------------------------
Val GTT   0   0   0   0   0   0 | Ala GCT   2   2   2   2   2   2 | Asp GAT   1   1   1   1   1   1 | Gly GGT   0   0   0   0   0   0
    GTC   0   0   0   0   0   0 |     GCC   1   1   1   1   1   1 |     GAC   1   1   1   1   1   1 |     GGC   2   2   2   2   2   2
    GTA   0   0   0   0   0   0 |     GCA   0   0   0   0   0   0 | Glu GAA   0   0   0   0   0   0 |     GGA   0   0   0   0   0   0
    GTG   3   3   3   3   3   3 |     GCG   0   0   0   0   0   0 |     GAG   0   0   0   0   0   0 |     GGG   1   1   1   1   1   1
--------------------------------------------------------------------------------------------------------------------------------------

--------------------------------------------------------------------------------------------------------------------------------------
Phe TTT   0   0   0   0   0   0 | Ser TCT   0   0   0   0   0   0 | Tyr TAT   1   1   1   1   1   1 | Cys TGT   0   0   0   0   0   0
    TTC   0   0   0   0   0   0 |     TCC   1   1   1   1   1   1 |     TAC   1   1   1   1   1   1 |     TGC   0   0   0   0   0   0
Leu TTA   0   0   0   0   0   0 |     TCA   0   0   0   0   0   0 | *** TAA   0   0   0   0   0   0 | *** TGA   0   0   0   0   0   0
    TTG   0   0   0   0   0   0 |     TCG   0   0   0   0   0   0 |     TAG   0   0   0   0   0   0 | Trp TGG   0   0   0   0   0   0
--------------------------------------------------------------------------------------------------------------------------------------
Leu CTT   0   0   0   0   0   0 | Pro CCT   0   0   0   0   0   0 | His CAT   0   0   0   0   0   0 | Arg CGT   0   0   0   0   0   0
    CTC   0   0   0   0   0   0 |     CCC   1   1   1   1   1   1 |     CAC   1   1   1   1   1   1 |     CGC   1   1   1   1   1   1
    CTA   0   0   0   0   0   0 |     CCA   0   0   0   0   0   0 | Gln CAA   0   0   0   0   0   0 |     CGA   0   0   0   0   0   0
    CTG   0   0   0   0   0   0 |     CCG   0   0   0   0   0   0 |     CAG   0   0   0   0   0   0 |     CGG   0   0   0   0   0   0
--------------------------------------------------------------------------------------------------------------------------------------
Ile ATT   0   0   0   0   0   0 | Thr ACT   0   0   0   0   0   0 | Asn AAT   0   0   0   0   0   0 | Ser AGT   1   1   1   1   1   1
    ATC   0   0   0   0   0   0 |     ACC   0   0   0   0   0   0 |     AAC   0   0   0   0   0   0 |     AGC   0   0   0   0   0   0
    ATA   0   0   0   0   0   0 |     ACA   0   0   0   0   0   0 | Lys AAA   0   0   0   0   0   0 | Arg AGA   0   0   0   0   0   0
Met ATG   1   1   1   1   1   1 |     ACG   0   0   0   0   0   0 |     AAG   0   0   0   0   0   0 |     AGG   1   1   1   1   1   1
--------------------------------------------------------------------------------------------------------------------------------------
Val GTT   0   0   0   0   1   0 | Ala GCT   2   2   2   2   2   2 | Asp GAT   1   1   1   1   1   1 | Gly GGT   0   0   0   0   0   0
    GTC   0   0   0   0   0   0 |     GCC   1   1   1   1   1   1 |     GAC   1   1   1   1   1   1 |     GGC   2   3   2   2   2   2
    GTA   0   0   0   0   0   0 |     GCA   0   0   0   0   0   0 | Glu GAA   0   0   0   0   0   0 |     GGA   0   0   0   0   0   0
    GTG   3   3   3   3   2   3 |     GCG   0   0   0   0   0   0 |     GAG   0   0   0   0   0   0 |     GGG   1   0   1   1   1   1
--------------------------------------------------------------------------------------------------------------------------------------

--------------------------------------------------------------------------------------------------------------------------------------
Phe TTT   0   0   0   0   0   0 | Ser TCT   1   0   0   0   0   0 | Tyr TAT   1   1   1   1   1   1 | Cys TGT   0   0   0   0   0   0
    TTC   0   0   0   0   0   0 |     TCC   0   1   1   1   1   1 |     TAC   1   1   1   1   1   1 |     TGC   0   0   0   0   0   0
Leu TTA   0   0   0   0   0   0 |     TCA   0   0   0   0   0   0 | *** TAA   0   0   0   0   0   0 | *** TGA   0   0   0   0   0   0
    TTG   0   0   0   0   0   0 |     TCG   0   0   0   0   0   0 |     TAG   0   0   0   0   0   0 | Trp TGG   0   0   0   0   0   0
--------------------------------------------------------------------------------------------------------------------------------------
Leu CTT   0   0   0   0   0   0 | Pro CCT   0   0   0   0   0   0 | His CAT   0   0   0   0   0   0 | Arg CGT   0   0   0   0   0   0
    CTC   0   0   0   0   0   0 |     CCC   1   1   1   1   1   1 |     CAC   1   1   1   1   1   1 |     CGC   1   1   1   1   1   1
    CTA   0   0   0   0   0   0 |     CCA   0   0   0   0   0   0 | Gln CAA   0   0   0   0   0   0 |     CGA   0   0   0   0   0   0
    CTG   0   0   0   0   0   0 |     CCG   0   0   0   0   0   0 |     CAG   0   0   0   0   0   0 |     CGG   0   0   0   0   0   0
--------------------------------------------------------------------------------------------------------------------------------------
Ile ATT   0   0   0   0   0   0 | Thr ACT   0   0   0   0   0   0 | Asn AAT   0   0   0   0   0   0 | Ser AGT   1   1   1   1   1   1
    ATC   0   0   0   0   0   0 |     ACC   0   0   0   0   0   0 |     AAC   0   0   0   0   0   0 |     AGC   0   0   0   0   0   0
    ATA   0   0   0   0   0   0 |     ACA   0   0   0   0   0   0 | Lys AAA   0   0   0   0   0   0 | Arg AGA   0   0   0   1   0   0
Met ATG   1   1   1   1   1   1 |     ACG   0   0   0   0   0   0 |     AAG   0   0   0   0   0   0 |     AGG   1   1   1   0   1   1
--------------------------------------------------------------------------------------------------------------------------------------
Val GTT   0   0   0   0   0   1 | Ala GCT   2   2   2   2   2   2 | Asp GAT   1   1   1   1   1   1 | Gly GGT   0   0   0   0   0   0
    GTC   0   0   0   0   0   0 |     GCC   1   1   1   1   1   1 |     GAC   1   1   1   1   1   1 |     GGC   2   2   2   2   2   2
    GTA   0   0   0   0   1   0 |     GCA   0   0   0   0   0   0 | Glu GAA   0   0   0   0   0   0 |     GGA   0   0   0   0   0   0
    GTG   3   3   3   3   2   2 |     GCG   0   0   0   0   0   0 |     GAG   0   0   0   0   0   0 |     GGG   1   1   1   1   1   1
--------------------------------------------------------------------------------------------------------------------------------------

--------------------------------------------------------------------------------------------------------------------------------------
Phe TTT   0   0   0   0   0   0 | Ser TCT   0   0   0   0   0   0 | Tyr TAT   1   1   1   1   1   1 | Cys TGT   0   0   0   0   0   0
    TTC   0   0   0   0   0   0 |     TCC   1   1   1   1   1   1 |     TAC   1   1   1   1   1   1 |     TGC   0   0   0   0   0   0
Leu TTA   0   0   0   0   0   0 |     TCA   0   0   0   0   0   0 | *** TAA   0   0   0   0   0   0 | *** TGA   0   0   0   0   0   0
    TTG   0   0   0   0   0   0 |     TCG   0   0   0   0   0   0 |     TAG   0   0   0   0   0   0 | Trp TGG   0   0   0   0   0   0
--------------------------------------------------------------------------------------------------------------------------------------
Leu CTT   0   0   0   0   0   0 | Pro CCT   0   0   0   0   0   0 | His CAT   0   0   0   0   0   0 | Arg CGT   0   0   0   0   0   0
    CTC   0   0   0   0   0   0 |     CCC   1   1   1   1   1   1 |     CAC   1   1   1   1   1   1 |     CGC   1   1   1   1   1   1
    CTA   0   0   0   0   0   0 |     CCA   0   0   0   0   0   0 | Gln CAA   0   0   0   0   0   0 |     CGA   0   0   0   0   0   0
    CTG   0   0   0   0   0   0 |     CCG   0   0   0   0   0   0 |     CAG   0   0   0   0   0   0 |     CGG   0   0   0   0   0   0
--------------------------------------------------------------------------------------------------------------------------------------
Ile ATT   0   0   0   0   0   0 | Thr ACT   0   0   0   0   0   0 | Asn AAT   0   0   0   0   0   0 | Ser AGT   1   1   1   1   1   1
    ATC   0   0   0   0   0   0 |     ACC   0   0   0   0   0   0 |     AAC   0   0   0   0   0   0 |     AGC   0   0   0   0   0   0
    ATA   0   0   0   0   0   0 |     ACA   0   0   0   0   0   0 | Lys AAA   0   0   0   0   0   0 | Arg AGA   0   0   0   0   0   0
Met ATG   1   1   1   1   1   1 |     ACG   0   0   0   0   0   0 |     AAG   0   0   0   0   0   0 |     AGG   1   1   1   1   1   1
--------------------------------------------------------------------------------------------------------------------------------------
Val GTT   1   0   0   0   0   0 | Ala GCT   2   2   2   2   2   2 | Asp GAT   1   1   1   1   1   1 | Gly GGT   0   0   0   0   0   0
    GTC   0   0   0   0   0   0 |     GCC   1   1   1   1   1   1 |     GAC   1   1   1   1   1   1 |     GGC   2   2   2   2   2   2
    GTA   0   0   0   0   0   0 |     GCA   0   0   0   0   0   0 | Glu GAA   0   0   0   0   0   0 |     GGA   0   0   0   0   0   0
    GTG   2   3   3   3   3   3 |     GCG   0   0   0   0   0   0 |     GAG   0   0   0   0   0   0 |     GGG   1   1   1   1   1   1
--------------------------------------------------------------------------------------------------------------------------------------

--------------------------------------------------------------------------------------------------------------------------------------
Phe TTT   0   0   0   0   0   0 | Ser TCT   0   0   0   0   0   0 | Tyr TAT   1   1   1   1   1   1 | Cys TGT   0   0   0   0   0   0
    TTC   0   0   0   0   0   0 |     TCC   1   1   1   1   1   1 |     TAC   1   1   1   1   1   1 |     TGC   0   0   0   0   0   0
Leu TTA   0   0   0   0   0   0 |     TCA   0   0   0   0   0   0 | *** TAA   0   0   0   0   0   0 | *** TGA   0   0   0   0   0   0
    TTG   0   0   0   0   0   0 |     TCG   0   0   0   0   0   0 |     TAG   0   0   0   0   0   0 | Trp TGG   0   0   0   0   0   0
--------------------------------------------------------------------------------------------------------------------------------------
Leu CTT   0   0   0   0   0   0 | Pro CCT   0   0   0   0   0   0 | His CAT   0   0   0   0   0   0 | Arg CGT   0   0   0   0   0   0
    CTC   0   0   0   0   0   0 |     CCC   1   1   1   1   1   1 |     CAC   1   1   1   1   1   1 |     CGC   1   1   1   1   1   1
    CTA   0   0   0   0   0   0 |     CCA   0   0   0   0   0   0 | Gln CAA   0   0   0   0   0   0 |     CGA   0   0   0   0   0   0
    CTG   0   0   0   0   0   0 |     CCG   0   0   0   0   0   0 |     CAG   0   0   0   0   0   0 |     CGG   0   0   0   0   0   0
--------------------------------------------------------------------------------------------------------------------------------------
Ile ATT   0   0   0   0   0   0 | Thr ACT   0   0   0   0   0   0 | Asn AAT   0   0   0   0   0   0 | Ser AGT   1   1   1   0   1   1
    ATC   0   0   0   0   0   0 |     ACC   0   0   0   0   0   0 |     AAC   0   0   0   0   0   0 |     AGC   0   0   0   1   0   0
    ATA   0   0   0   0   0   0 |     ACA   0   0   0   0   0   0 | Lys AAA   0   0   0   0   0   0 | Arg AGA   0   0   0   0   0   0
Met ATG   1   1   1   1   1   1 |     ACG   0   0   0   0   0   0 |     AAG   0   0   0   0   0   0 |     AGG   1   1   1   1   1   1
--------------------------------------------------------------------------------------------------------------------------------------
Val GTT   0   0   0   0   0   0 | Ala GCT   2   2   2   2   2   3 | Asp GAT   1   1   1   1   1   0 | Gly GGT   0   0   0   0   0   1
    GTC   0   0   0   0   0   0 |     GCC   1   1   1   1   1   0 |     GAC   1   1   1   1   1   2 |     GGC   2   2   2   2   2   1
    GTA   0   0   0   0   0   1 |     GCA   0   0   0   0   0   0 | Glu GAA   0   0   0   0   0   0 |     GGA   0   0   0   0   0   0
    GTG   3   3   3   3   3   2 |     GCG   0   0   0   0   0   0 |     GAG   0   0   0   0   0   0 |     GGG   1   1   1   1   1   1
--------------------------------------------------------------------------------------------------------------------------------------

--------------------------------------------------------------------------------------------------------------------------------------
Phe TTT   0   0   0   0   0   0 | Ser TCT   0   0   0   0   0   0 | Tyr TAT   1   1   2   1   1   1 | Cys TGT   0   0   0   0   0   0
    TTC   0   0   0   0   0   0 |     TCC   1   1   1   1   1   1 |     TAC   1   1   0   1   1   1 |     TGC   0   0   0   0   0   0
Leu TTA   0   0   0   0   0   0 |     TCA   0   0   0   0   0   0 | *** TAA   0   0   0   0   0   0 | *** TGA   0   0   0   0   0   0
    TTG   0   0   0   0   0   0 |     TCG   0   0   0   0   0   0 |     TAG   0   0   0   0   0   0 | Trp TGG   0   0   0   0   0   0
--------------------------------------------------------------------------------------------------------------------------------------
Leu CTT   0   0   0   0   0   0 | Pro CCT   0   0   0   1   0   0 | His CAT   0   0   0   0   0   0 | Arg CGT   0   0   0   0   0   0
    CTC   0   0   0   0   0   0 |     CCC   1   1   1   0   1   1 |     CAC   1   1   1   1   1   1 |     CGC   1   1   1   1   1   1
    CTA   0   0   0   0   0   0 |     CCA   0   0   0   0   0   0 | Gln CAA   0   0   0   0   0   0 |     CGA   0   0   0   0   0   0
    CTG   0   0   0   0   0   0 |     CCG   0   0   0   0   0   0 |     CAG   0   0   0   0   0   0 |     CGG   0   0   0   0   0   0
--------------------------------------------------------------------------------------------------------------------------------------
Ile ATT   0   0   0   0   0   0 | Thr ACT   0   0   0   0   0   0 | Asn AAT   0   0   0   0   0   0 | Ser AGT   1   1   1   1   1   1
    ATC   0   0   0   0   0   0 |     ACC   0   0   0   0   0   0 |     AAC   0   0   0   0   0   0 |     AGC   0   0   0   0   0   0
    ATA   0   0   0   0   0   0 |     ACA   0   0   0   0   0   0 | Lys AAA   0   0   0   0   0   0 | Arg AGA   0   0   0   0   0   0
Met ATG   1   1   1   1   1   1 |     ACG   0   0   0   0   0   0 |     AAG   0   0   0   0   0   0 |     AGG   1   1   1   1   1   1
--------------------------------------------------------------------------------------------------------------------------------------
Val GTT   0   1   0   0   0   0 | Ala GCT   2   2   2   2   2   2 | Asp GAT   1   1   1   1   1   1 | Gly GGT   0   0   0   0   0   0
    GTC   0   0   0   0   0   0 |     GCC   1   1   1   1   1   1 |     GAC   1   1   1   1   1   1 |     GGC   2   2   2   2   2   2
    GTA   0   0   0   0   0   0 |     GCA   0   0   0   0   0   0 | Glu GAA   0   0   0   0   0   0 |     GGA   0   0   0   0   0   0
    GTG   3   2   3   3   3   3 |     GCG   0   0   0   0   0   0 |     GAG   0   0   0   0   0   0 |     GGG   1   1   1   1   1   1
--------------------------------------------------------------------------------------------------------------------------------------

Codon position x base (3x4) table for each sequence.

#1: Argali         
position  1:    T:0.15000    C:0.15000    A:0.15000    G:0.55000
position  2:    T:0.20000    C:0.25000    A:0.25000    G:0.30000
position  3:    T:0.25000    C:0.45000    A:0.00000    G:0.30000
Average         T:0.20000    C:0.28333    A:0.13333    G:0.38333

#2: LesserMouseDeer
position  1:    T:0.15000    C:0.15000    A:0.15000    G:0.55000
position  2:    T:0.20000    C:0.30000    A:0.25000    G:0.25000
position  3:    T:0.15000    C:0.55000    A:0.05000    G:0.25000
Average         T:0.16667    C:0.33333    A:0.15000    G:0.35000

#3: LesserKudu     
position  1:    T:0.15000    C:0.15000    A:0.15000    G:0.55000
position  2:    T:0.20000    C:0.25000    A:0.25000    G:0.30000
position  3:    T:0.25000    C:0.45000    A:0.00000    G:0.30000
Average         T:0.20000    C:0.28333    A:0.13333    G:0.38333

#4: ForestMuskDeer2
position  1:    T:0.15000    C:0.15000    A:0.15000    G:0.55000
position  2:    T:0.20000    C:0.25000    A:0.25000    G:0.30000
position  3:    T:0.30000    C:0.40000    A:0.00000    G:0.30000
Average         T:0.21667    C:0.26667    A:0.13333    G:0.38333

#5: Camel          
position  1:    T:0.15000    C:0.15000    A:0.15000    G:0.55000
position  2:    T:0.20000    C:0.30000    A:0.25000    G:0.25000
position  3:    T:0.10000    C:0.60000    A:0.00000    G:0.30000
Average         T:0.15000    C:0.35000    A:0.13333    G:0.36667

#6: KillerWhale    
position  1:    T:0.15000    C:0.15000    A:0.15000    G:0.55000
position  2:    T:0.20000    C:0.25000    A:0.25000    G:0.30000
position  3:    T:0.40000    C:0.30000    A:0.00000    G:0.30000
Average         T:0.25000    C:0.23333    A:0.13333    G:0.38333

#7: DefassaWaterbuck
position  1:    T:0.15000    C:0.15000    A:0.15000    G:0.55000
position  2:    T:0.20000    C:0.25000    A:0.25000    G:0.30000
position  3:    T:0.25000    C:0.45000    A:0.00000    G:0.30000
Average         T:0.20000    C:0.28333    A:0.13333    G:0.38333

#8: Sheep          
position  1:    T:0.15000    C:0.15000    A:0.15000    G:0.55000
position  2:    T:0.20000    C:0.25000    A:0.25000    G:0.30000
position  3:    T:0.25000    C:0.45000    A:0.00000    G:0.30000
Average         T:0.20000    C:0.28333    A:0.13333    G:0.38333

#9: MaxwellsDuiker 
position  1:    T:0.15000    C:0.15000    A:0.15000    G:0.55000
position  2:    T:0.20000    C:0.25000    A:0.25000    G:0.30000
position  3:    T:0.25000    C:0.45000    A:0.00000    G:0.30000
Average         T:0.20000    C:0.28333    A:0.13333    G:0.38333

#10: GazellaPrzewalskyi
position  1:    T:0.15000    C:0.15000    A:0.15000    G:0.55000
position  2:    T:0.20000    C:0.25000    A:0.25000    G:0.30000
position  3:    T:0.25000    C:0.45000    A:0.00000    G:0.30000
Average         T:0.20000    C:0.28333    A:0.13333    G:0.38333

#11: MountainNyala  
position  1:    T:0.15000    C:0.15000    A:0.15000    G:0.55000
position  2:    T:0.20000    C:0.25000    A:0.25000    G:0.30000
position  3:    T:0.25000    C:0.45000    A:0.00000    G:0.30000
Average         T:0.20000    C:0.28333    A:0.13333    G:0.38333

#12: MuntiacusMuntjak
position  1:    T:0.15000    C:0.15000    A:0.15000    G:0.55000
position  2:    T:0.20000    C:0.25000    A:0.25000    G:0.30000
position  3:    T:0.25000    C:0.45000    A:0.00000    G:0.30000
Average         T:0.20000    C:0.28333    A:0.13333    G:0.38333

#13: goat           
position  1:    T:0.15000    C:0.15000    A:0.15000    G:0.55000
position  2:    T:0.20000    C:0.25000    A:0.25000    G:0.30000
position  3:    T:0.25000    C:0.45000    A:0.00000    G:0.30000
Average         T:0.20000    C:0.28333    A:0.13333    G:0.38333

#14: AfricanBuffalo 
position  1:    T:0.15000    C:0.15000    A:0.15000    G:0.55000
position  2:    T:0.20000    C:0.25000    A:0.25000    G:0.30000
position  3:    T:0.25000    C:0.45000    A:0.00000    G:0.30000
Average         T:0.20000    C:0.28333    A:0.13333    G:0.38333

#15: Topi           
position  1:    T:0.15000    C:0.15000    A:0.15000    G:0.55000
position  2:    T:0.20000    C:0.25000    A:0.25000    G:0.30000
position  3:    T:0.30000    C:0.45000    A:0.00000    G:0.25000
Average         T:0.21667    C:0.28333    A:0.13333    G:0.36667

#16: CommonDuiker   
position  1:    T:0.15000    C:0.15000    A:0.15000    G:0.55000
position  2:    T:0.20000    C:0.25000    A:0.25000    G:0.30000
position  3:    T:0.30000    C:0.40000    A:0.00000    G:0.30000
Average         T:0.21667    C:0.26667    A:0.13333    G:0.38333

#17: Suni           
position  1:    T:0.15000    C:0.15000    A:0.15000    G:0.55000
position  2:    T:0.20000    C:0.25000    A:0.25000    G:0.30000
position  3:    T:0.30000    C:0.45000    A:0.00000    G:0.25000
Average         T:0.21667    C:0.28333    A:0.13333    G:0.36667

#18: Springbuck     
position  1:    T:0.15000    C:0.15000    A:0.15000    G:0.55000
position  2:    T:0.20000    C:0.25000    A:0.25000    G:0.30000
position  3:    T:0.25000    C:0.45000    A:0.00000    G:0.30000
Average         T:0.20000    C:0.28333    A:0.13333    G:0.38333

#19: Okapi          
position  1:    T:0.15000    C:0.15000    A:0.15000    G:0.55000
position  2:    T:0.20000    C:0.25000    A:0.25000    G:0.30000
position  3:    T:0.25000    C:0.45000    A:0.00000    G:0.30000
Average         T:0.20000    C:0.28333    A:0.13333    G:0.38333

#20: Giraffe        
position  1:    T:0.15000    C:0.15000    A:0.15000    G:0.55000
position  2:    T:0.20000    C:0.25000    A:0.25000    G:0.30000
position  3:    T:0.25000    C:0.45000    A:0.00000    G:0.30000
Average         T:0.20000    C:0.28333    A:0.13333    G:0.38333

#21: TibetanAntelope
position  1:    T:0.15000    C:0.15000    A:0.15000    G:0.55000
position  2:    T:0.20000    C:0.25000    A:0.25000    G:0.30000
position  3:    T:0.25000    C:0.45000    A:0.00000    G:0.30000
Average         T:0.20000    C:0.28333    A:0.13333    G:0.38333

#22: Sitatunga      
position  1:    T:0.15000    C:0.15000    A:0.15000    G:0.55000
position  2:    T:0.20000    C:0.25000    A:0.25000    G:0.30000
position  3:    T:0.25000    C:0.45000    A:0.00000    G:0.30000
Average         T:0.20000    C:0.28333    A:0.13333    G:0.38333

#23: Oribi          
position  1:    T:0.15000    C:0.15000    A:0.15000    G:0.55000
position  2:    T:0.20000    C:0.25000    A:0.25000    G:0.30000
position  3:    T:0.25000    C:0.45000    A:0.00000    G:0.30000
Average         T:0.20000    C:0.28333    A:0.13333    G:0.38333

#24: BarbarySheep   
position  1:    T:0.15000    C:0.15000    A:0.15000    G:0.55000
position  2:    T:0.20000    C:0.25000    A:0.25000    G:0.30000
position  3:    T:0.25000    C:0.45000    A:0.00000    G:0.30000
Average         T:0.20000    C:0.28333    A:0.13333    G:0.38333

#25: Daviddeer      
position  1:    T:0.15000    C:0.15000    A:0.15000    G:0.55000
position  2:    T:0.20000    C:0.25000    A:0.25000    G:0.30000
position  3:    T:0.25000    C:0.45000    A:0.00000    G:0.30000
Average         T:0.20000    C:0.28333    A:0.13333    G:0.38333

#26: Reindeer       
position  1:    T:0.15000    C:0.15000    A:0.15000    G:0.55000
position  2:    T:0.20000    C:0.25000    A:0.25000    G:0.30000
position  3:    T:0.25000    C:0.50000    A:0.00000    G:0.25000
Average         T:0.20000    C:0.30000    A:0.13333    G:0.36667

#27: Ibex           
position  1:    T:0.15000    C:0.15000    A:0.15000    G:0.55000
position  2:    T:0.20000    C:0.25000    A:0.25000    G:0.30000
position  3:    T:0.25000    C:0.45000    A:0.00000    G:0.30000
Average         T:0.20000    C:0.28333    A:0.13333    G:0.38333

#28: GyrantGazelle  
position  1:    T:0.15000    C:0.15000    A:0.15000    G:0.55000
position  2:    T:0.20000    C:0.25000    A:0.25000    G:0.30000
position  3:    T:0.25000    C:0.45000    A:0.00000    G:0.30000
Average         T:0.20000    C:0.28333    A:0.13333    G:0.38333

#29: Hartebeest     
position  1:    T:0.15000    C:0.15000    A:0.15000    G:0.55000
position  2:    T:0.20000    C:0.25000    A:0.25000    G:0.30000
position  3:    T:0.30000    C:0.45000    A:0.00000    G:0.25000
Average         T:0.21667    C:0.28333    A:0.13333    G:0.36667

#30: Bongo          
position  1:    T:0.15000    C:0.15000    A:0.15000    G:0.55000
position  2:    T:0.20000    C:0.25000    A:0.25000    G:0.30000
position  3:    T:0.25000    C:0.45000    A:0.00000    G:0.30000
Average         T:0.20000    C:0.28333    A:0.13333    G:0.38333

#31: Gerenuk        
position  1:    T:0.15000    C:0.15000    A:0.15000    G:0.55000
position  2:    T:0.20000    C:0.25000    A:0.25000    G:0.30000
position  3:    T:0.30000    C:0.40000    A:0.00000    G:0.30000
Average         T:0.21667    C:0.26667    A:0.13333    G:0.38333

#32: CommonEland    
position  1:    T:0.15000    C:0.15000    A:0.15000    G:0.55000
position  2:    T:0.20000    C:0.25000    A:0.25000    G:0.30000
position  3:    T:0.25000    C:0.45000    A:0.00000    G:0.30000
Average         T:0.20000    C:0.28333    A:0.13333    G:0.38333

#33: MuntiacusReevesi
position  1:    T:0.15000    C:0.15000    A:0.15000    G:0.55000
position  2:    T:0.20000    C:0.25000    A:0.25000    G:0.30000
position  3:    T:0.25000    C:0.45000    A:0.00000    G:0.30000
Average         T:0.20000    C:0.28333    A:0.13333    G:0.38333

#34: HarveysDuiker  
position  1:    T:0.15000    C:0.15000    A:0.15000    G:0.55000
position  2:    T:0.20000    C:0.25000    A:0.25000    G:0.30000
position  3:    T:0.25000    C:0.45000    A:0.05000    G:0.25000
Average         T:0.20000    C:0.28333    A:0.15000    G:0.36667

#35: Pronghorn      
position  1:    T:0.15000    C:0.15000    A:0.15000    G:0.55000
position  2:    T:0.20000    C:0.25000    A:0.25000    G:0.30000
position  3:    T:0.25000    C:0.45000    A:0.05000    G:0.25000
Average         T:0.20000    C:0.28333    A:0.15000    G:0.36667

#36: BlueWildebeest 
position  1:    T:0.15000    C:0.15000    A:0.15000    G:0.55000
position  2:    T:0.20000    C:0.25000    A:0.25000    G:0.30000
position  3:    T:0.30000    C:0.45000    A:0.00000    G:0.25000
Average         T:0.21667    C:0.28333    A:0.13333    G:0.36667

#37: Gemsbok        
position  1:    T:0.15000    C:0.15000    A:0.15000    G:0.55000
position  2:    T:0.20000    C:0.25000    A:0.25000    G:0.30000
position  3:    T:0.30000    C:0.45000    A:0.00000    G:0.25000
Average         T:0.21667    C:0.28333    A:0.13333    G:0.36667

#38: Yak            
position  1:    T:0.15000    C:0.15000    A:0.15000    G:0.55000
position  2:    T:0.20000    C:0.25000    A:0.25000    G:0.30000
position  3:    T:0.25000    C:0.45000    A:0.00000    G:0.30000
Average         T:0.20000    C:0.28333    A:0.13333    G:0.38333

#39: BlueSheep      
position  1:    T:0.15000    C:0.15000    A:0.15000    G:0.55000
position  2:    T:0.20000    C:0.25000    A:0.25000    G:0.30000
position  3:    T:0.25000    C:0.45000    A:0.00000    G:0.30000
Average         T:0.20000    C:0.28333    A:0.13333    G:0.38333

#40: BohorReedbuck  
position  1:    T:0.15000    C:0.15000    A:0.15000    G:0.55000
position  2:    T:0.20000    C:0.25000    A:0.25000    G:0.30000
position  3:    T:0.25000    C:0.45000    A:0.00000    G:0.30000
Average         T:0.20000    C:0.28333    A:0.13333    G:0.38333

#41: KirksDik       
position  1:    T:0.15000    C:0.15000    A:0.15000    G:0.55000
position  2:    T:0.20000    C:0.25000    A:0.25000    G:0.30000
position  3:    T:0.25000    C:0.45000    A:0.00000    G:0.30000
Average         T:0.20000    C:0.28333    A:0.13333    G:0.38333

#42: RoeDeer        
position  1:    T:0.15000    C:0.15000    A:0.15000    G:0.55000
position  2:    T:0.20000    C:0.25000    A:0.25000    G:0.30000
position  3:    T:0.25000    C:0.45000    A:0.00000    G:0.30000
Average         T:0.20000    C:0.28333    A:0.13333    G:0.38333

#43: WhiteLippedDeer
position  1:    T:0.15000    C:0.15000    A:0.15000    G:0.55000
position  2:    T:0.20000    C:0.25000    A:0.25000    G:0.30000
position  3:    T:0.25000    C:0.45000    A:0.00000    G:0.30000
Average         T:0.20000    C:0.28333    A:0.13333    G:0.38333

#44: ThomsonGazelle 
position  1:    T:0.15000    C:0.15000    A:0.15000    G:0.55000
position  2:    T:0.20000    C:0.25000    A:0.25000    G:0.30000
position  3:    T:0.25000    C:0.45000    A:0.00000    G:0.30000
Average         T:0.20000    C:0.28333    A:0.13333    G:0.38333

#45: MuntiacusCrinifrons
position  1:    T:0.15000    C:0.15000    A:0.15000    G:0.55000
position  2:    T:0.20000    C:0.25000    A:0.25000    G:0.30000
position  3:    T:0.25000    C:0.45000    A:0.00000    G:0.30000
Average         T:0.20000    C:0.28333    A:0.13333    G:0.38333

#46: WhiteTailedDeer
position  1:    T:0.15000    C:0.15000    A:0.15000    G:0.55000
position  2:    T:0.20000    C:0.25000    A:0.25000    G:0.30000
position  3:    T:0.20000    C:0.50000    A:0.00000    G:0.30000
Average         T:0.18333    C:0.30000    A:0.13333    G:0.38333

#47: Cattle         
position  1:    T:0.15000    C:0.15000    A:0.15000    G:0.55000
position  2:    T:0.20000    C:0.25000    A:0.25000    G:0.30000
position  3:    T:0.25000    C:0.45000    A:0.00000    G:0.30000
Average         T:0.20000    C:0.28333    A:0.13333    G:0.38333

#48: RoyalAntelope  
position  1:    T:0.15000    C:0.15000    A:0.15000    G:0.55000
position  2:    T:0.20000    C:0.25000    A:0.25000    G:0.30000
position  3:    T:0.30000    C:0.40000    A:0.05000    G:0.25000
Average         T:0.21667    C:0.26667    A:0.15000    G:0.36667

#49: Steenbok       
position  1:    T:0.15000    C:0.15000    A:0.15000    G:0.55000
position  2:    T:0.20000    C:0.25000    A:0.25000    G:0.30000
position  3:    T:0.25000    C:0.45000    A:0.00000    G:0.30000
Average         T:0.20000    C:0.28333    A:0.13333    G:0.38333

#50: Impala         
position  1:    T:0.15000    C:0.15000    A:0.15000    G:0.55000
position  2:    T:0.20000    C:0.25000    A:0.25000    G:0.30000
position  3:    T:0.30000    C:0.45000    A:0.00000    G:0.25000
Average         T:0.21667    C:0.28333    A:0.13333    G:0.36667

#51: Klipspringer   
position  1:    T:0.15000    C:0.15000    A:0.15000    G:0.55000
position  2:    T:0.20000    C:0.25000    A:0.25000    G:0.30000
