CODONML (in paml version 4.10.7, June 2023)  /home/rachel/ruminants_paml/6406-phy-tree/ENSBTAT00000048862.fasta.phy
Model: free dN/dS Ratios for branches,  kappa = 2.000 fixed

Codon frequency model: F3x4
ns =  54  ls =  99

Codon usage in sequences
--------------------------------------------------------------------------------------------------------------------------------------
Phe TTT   4   4   4   4   4   4 | Ser TCT   1   2   2   2   3   3 | Tyr TAT   3   3   3   3   3   3 | Cys TGT   1   1   1   1   1   1
    TTC   1   1   1   1   1   1 |     TCC   3   1   2   2   1   1 |     TAC   0   0   0   0   0   0 |     TGC   0   0   0   0   0   0
Leu TTA   0   0   0   0   0   0 |     TCA   1   2   1   1   1   1 | *** TAA   0   0   0   0   0   0 | *** TGA   0   0   0   0   0   0
    TTG   0   0   0   0   0   0 |     TCG   2   1   2   2   2   2 |     TAG   0   0   0   0   0   0 | Trp TGG   2   2   2   2   2   2
--------------------------------------------------------------------------------------------------------------------------------------
Leu CTT   2   2   2   2   2   2 | Pro CCT   2   2   2   2   2   2 | His CAT   2   2   2   2   2   2 | Arg CGT   0   0   0   0   0   0
    CTC   1   1   1   1   1   1 |     CCC   2   2   2   2   2   2 |     CAC   0   0   0   0   0   0 |     CGC   1   1   1   1   1   1
    CTA   2   1   2   2   2   3 |     CCA   3   3   3   3   3   3 | Gln CAA   1   1   1   1   2   2 |     CGA   0   0   0   0   0   0
    CTG   1   2   1   1   2   1 |     CCG   0   0   0   0   0   0 |     CAG   4   4   4   4   3   3 |     CGG   0   0   0   0   0   0
--------------------------------------------------------------------------------------------------------------------------------------
Ile ATT   2   2   2   2   2   2 | Thr ACT   0   0   0   0   0   0 | Asn AAT   0   0   0   0   0   0 | Ser AGT   2   2   2   2   2   2
    ATC   2   2   2   2   2   2 |     ACC   1   1   1   1   1   1 |     AAC   4   4   4   4   4   4 |     AGC   1   1   1   1   1   1
    ATA   1   1   1   1   1   1 |     ACA   1   1   1   1   1   1 | Lys AAA   1   1   1   1   1   1 | Arg AGA   1   1   1   1   1   1
Met ATG   3   3   3   3   3   3 |     ACG   2   2   2   2   2   2 |     AAG   1   1   1   1   1   1 |     AGG   0   0   0   0   0   0
--------------------------------------------------------------------------------------------------------------------------------------
Val GTT   2   2   2   2   2   2 | Ala GCT   0   1   0   0   0   0 | Asp GAT   1   1   1   1   1   1 | Gly GGT   1   1   1   1   2   1
    GTC   5   5   5   5   4   4 |     GCC   1   2   1   1   2   2 |     GAC   1   1   1   1   1   1 |     GGC   1   1   1   1   1   1
    GTA   0   1   1   1   1   1 |     GCA   4   2   3   4   3   3 | Glu GAA   5   4   5   5   4   4 |     GGA   4   4   4   4   4   4
    GTG   6   5   5   5   5   5 |     GCG   0   1   1   0   0   0 |     GAG   4   5   4   4   5   5 |     GGG   3   3   3   3   2   3
--------------------------------------------------------------------------------------------------------------------------------------

--------------------------------------------------------------------------------------------------------------------------------------
Phe TTT   4   4   4   4   4   4 | Ser TCT   1   1   1   0   2   2 | Tyr TAT   3   3   3   3   3   3 | Cys TGT   1   1   1   1   1   1
    TTC   1   1   1   1   1   1 |     TCC   3   3   3   4   2   3 |     TAC   0   0   0   0   0   0 |     TGC   0   0   0   0   0   0
Leu TTA   0   0   0   0   0   0 |     TCA   1   1   1   1   1   1 | *** TAA   0   0   0   0   0   0 | *** TGA   0   0   0   0   0   0
    TTG   0   0   0   0   0   0 |     TCG   2   2   2   2   2   1 |     TAG   0   0   0   0   0   0 | Trp TGG   2   2   2   2   2   2
--------------------------------------------------------------------------------------------------------------------------------------
Leu CTT   2   2   2   2   2   2 | Pro CCT   2   2   2   2   2   3 | His CAT   2   2   2   2   2   2 | Arg CGT   0   0   0   0   0   0
    CTC   1   1   1   1   1   1 |     CCC   2   2   2   2   2   1 |     CAC   0   0   0   0   0   0 |     CGC   1   1   1   1   1   1
    CTA   2   2   2   2   2   2 |     CCA   3   3   3   3   3   3 | Gln CAA   1   1   1   1   1   1 |     CGA   0   0   0   0   0   0
    CTG   1   1   1   1   1   1 |     CCG   0   0   0   0   0   0 |     CAG   4   4   4   4   4   4 |     CGG   0   0   0   0   0   0
--------------------------------------------------------------------------------------------------------------------------------------
Ile ATT   2   2   2   2   2   2 | Thr ACT   0   0   0   0   0   0 | Asn AAT   0   0   0   0   0   0 | Ser AGT   2   2   2   2   2   2
    ATC   2   2   2   2   2   2 |     ACC   1   1   1   1   1   1 |     AAC   4   4   4   4   4   4 |     AGC   1   1   1   1   1   1
    ATA   1   1   1   1   1   1 |     ACA   1   1   1   1   1   1 | Lys AAA   1   1   1   1   1   1 | Arg AGA   1   1   1   1   1   1
Met ATG   3   3   3   3   3   3 |     ACG   2   2   2   2   2   2 |     AAG   1   1   1   1   1   1 |     AGG   0   0   0   0   0   0
--------------------------------------------------------------------------------------------------------------------------------------
Val GTT   2   2   2   2   2   2 | Ala GCT   0   0   0   0   0   0 | Asp GAT   1   1   1   1   1   0 | Gly GGT   1   1   1   1   1   1
    GTC   5   5   5   5   5   5 |     GCC   1   1   1   1   1   2 |     GAC   1   1   1   1   1   2 |     GGC   1   1   1   1   1   1
    GTA   0   0   0   0   1   1 |     GCA   4   4   4   4   3   3 | Glu GAA   5   5   5   6   5   5 |     GGA   4   4   4   4   4   4
    GTG   6   6   6   6   5   5 |     GCG   0   0   0   0   1   0 |     GAG   4   4   4   3   4   4 |     GGG   3   3   3   3   3   3
--------------------------------------------------------------------------------------------------------------------------------------

--------------------------------------------------------------------------------------------------------------------------------------
Phe TTT   4   4   4   4   4   4 | Ser TCT   1   2   1   1   2   1 | Tyr TAT   3   3   3   3   3   3 | Cys TGT   1   1   1   1   1   1
    TTC   1   1   1   1   1   1 |     TCC   3   2   3   3   2   3 |     TAC   0   0   0   0   0   0 |     TGC   0   0   0   0   0   0
Leu TTA   0   0   0   0   0   0 |     TCA   1   1   1   2   1   1 | *** TAA   0   0   0   0   0   0 | *** TGA   0   0   0   0   0   0
    TTG   0   0   0   0   0   0 |     TCG   2   2   2   2   2   2 |     TAG   0   0   0   0   0   0 | Trp TGG   2   2   2   2   2   2
--------------------------------------------------------------------------------------------------------------------------------------
Leu CTT   2   2   2   2   2   2 | Pro CCT   2   2   2   2   2   2 | His CAT   2   2   2   2   2   2 | Arg CGT   0   0   0   0   0   0
    CTC   1   1   1   1   1   1 |     CCC   2   2   2   2   2   2 |     CAC   0   0   0   0   0   0 |     CGC   1   1   1   1   1   1
    CTA   2   2   2   2   2   2 |     CCA   3   3   3   3   3   3 | Gln CAA   1   2   1   1   1   1 |     CGA   0   0   0   0   0   0
    CTG   1   1   2   1   1   1 |     CCG   0   0   0   0   0   0 |     CAG   4   3   4   4   4   4 |     CGG   0   0   0   0   0   0
--------------------------------------------------------------------------------------------------------------------------------------
Ile ATT   2   2   2   2   2   2 | Thr ACT   0   0   0   0   0   0 | Asn AAT   0   0   0   0   1   0 | Ser AGT   2   2   2   2   2   2
    ATC   2   2   2   2   2   2 |     ACC   1   1   1   1   1   1 |     AAC   4   4   4   4   3   4 |     AGC   1   1   1   1   1   1
    ATA   1   1   1   1   1   1 |     ACA   1   1   1   1   1   1 | Lys AAA   1   1   1   1   1   1 | Arg AGA   1   1   1   1   1   1
Met ATG   3   3   3   3   3   3 |     ACG   2   2   2   2   2   2 |     AAG   1   1   1   1   1   1 |     AGG   0   0   0   0   0   0
--------------------------------------------------------------------------------------------------------------------------------------
Val GTT   2   2   2   2   2   2 | Ala GCT   0   0   0   0   0   0 | Asp GAT   1   1   1   1   1   1 | Gly GGT   1   1   1   1   1   1
    GTC   5   5   5   5   5   5 |     GCC   1   1   1   1   1   1 |     GAC   1   1   1   1   1   1 |     GGC   1   1   1   1   1   1
    GTA   0   1   0   0   1   0 |     GCA   4   4   4   3   4   4 | Glu GAA   5   5   5   5   5   6 |     GGA   4   4   4   4   4   5
    GTG   6   5   5   6   5   6 |     GCG   0   0   0   0   0   0 |     GAG   4   4   4   4   4   3 |     GGG   3   3   3   3   3   2
--------------------------------------------------------------------------------------------------------------------------------------

--------------------------------------------------------------------------------------------------------------------------------------
Phe TTT   3   3   4   4   4   4 | Ser TCT   2   2   1   2   1   1 | Tyr TAT   3   3   3   3   3   3 | Cys TGT   1   1   1   1   1   1
    TTC   2   2   1   1   1   1 |     TCC   2   2   3   2   3   3 |     TAC   0   0   0   0   0   0 |     TGC   0   0   0   0   0   0
Leu TTA   0   0   0   0   0   0 |     TCA   1   1   1   1   1   1 | *** TAA   0   0   0   0   0   0 | *** TGA   0   0   0   0   0   0
    TTG   0   0   0   0   0   0 |     TCG   1   1   2   2   2   2 |     TAG   0   0   0   0   0   0 | Trp TGG   2   2   2   2   2   2
--------------------------------------------------------------------------------------------------------------------------------------
Leu CTT   2   2   2   2   2   2 | Pro CCT   2   2   2   2   2   2 | His CAT   2   2   2   2   2   2 | Arg CGT   0   0   0   0   0   0
    CTC   1   1   1   1   1   1 |     CCC   2   2   2   2   2   2 |     CAC   0   0   0   0   0   0 |     CGC   1   1   1   1   1   1
    CTA   2   2   2   2   2   2 |     CCA   2   2   3   3   3   3 | Gln CAA   2   1   1   1   1   1 |     CGA   0   0   0   0   0   0
    CTG   1   1   1   1   1   1 |     CCG   2   2   0   0   0   0 |     CAG   3   4   4   4   4   4 |     CGG   0   0   0   0   0   0
--------------------------------------------------------------------------------------------------------------------------------------
Ile ATT   2   2   2   2   2   2 | Thr ACT   0   0   0   0   0   0 | Asn AAT   0   0   0   0   0   0 | Ser AGT   2   2   2   2   2   2
    ATC   2   2   2   2   2   2 |     ACC   1   1   1   1   1   1 |     AAC   4   4   4   4   4   4 |     AGC   1   1   1   1   1   1
    ATA   1   1   1   1   1   1 |     ACA   1   1   1   1   1   1 | Lys AAA   0   0   1   1   1   1 | Arg AGA   1   1   1   1   1   1
Met ATG   3   3   3   3   3   3 |     ACG   2   2   2   2   2   2 |     AAG   2   2   1   1   1   1 |     AGG   0   0   0   0   0   0
--------------------------------------------------------------------------------------------------------------------------------------
Val GTT   1   1   2   2   2   2 | Ala GCT   0   0   0   0   0   0 | Asp GAT   1   1   1   1   1   1 | Gly GGT   1   1   1   1   1   1
    GTC   6   6   5   5   5   5 |     GCC   1   1   1   1   1   1 |     GAC   1   1   1   1   1   1 |     GGC   1   1   1   1   1   1
    GTA   0   0   0   1   0   0 |     GCA   4   4   4   3   4   4 | Glu GAA   5   5   5   5   6   5 |     GGA   4   4   4   4   4   4
    GTG   6   6   6   5   6   6 |     GCG   0   0   0   1   0   0 |     GAG   4   4   4   4   3   4 |     GGG   3   3   3   3   3   3
--------------------------------------------------------------------------------------------------------------------------------------

--------------------------------------------------------------------------------------------------------------------------------------
Phe TTT   4   4   4   4   4   4 | Ser TCT   2   2   1   1   1   2 | Tyr TAT   3   3   3   3   3   3 | Cys TGT   1   1   1   1   1   1
    TTC   1   1   1   1   1   1 |     TCC   2   2   3   3   3   2 |     TAC   0   0   0   0   0   0 |     TGC   0   0   0   0   0   0
Leu TTA   0   0   0   0   0   0 |     TCA   1   1   1   1   1   1 | *** TAA   0   0   0   0   0   0 | *** TGA   0   0   0   0   0   0
    TTG   0   0   0   0   0   0 |     TCG   2   1   2   2   2   2 |     TAG   0   0   0   0   0   0 | Trp TGG   2   2   2   2   2   2
--------------------------------------------------------------------------------------------------------------------------------------
Leu CTT   2   2   2   2   2   2 | Pro CCT   1   2   2   2   2   2 | His CAT   2   2   2   2   2   2 | Arg CGT   0   0   0   0   0   0
    CTC   1   2   1   1   1   1 |     CCC   3   2   2   2   2   2 |     CAC   0   0   0   0   0   0 |     CGC   1   1   1   1   1   1
    CTA   2   1   2   2   2   2 |     CCA   2   3   3   2   3   3 | Gln CAA   1   1   1   1   1   1 |     CGA   0   0   0   0   0   0
    CTG   1   1   1   1   2   1 |     CCG   0   0   0   1   0   0 |     CAG   4   4   4   4   4   4 |     CGG   0   0   0   0   0   0
--------------------------------------------------------------------------------------------------------------------------------------
Ile ATT   1   2   2   2   2   2 | Thr ACT   1   0   0   0   0   0 | Asn AAT   0   0   0   0   0   0 | Ser AGT   2   2   2   2   2   2
    ATC   3   2   2   2   2   2 |     ACC   1   1   1   1   1   1 |     AAC   4   4   4   4   4   4 |     AGC   1   1   1   1   1   1
    ATA   1   1   1   1   1   1 |     ACA   1   1   1   1   1   1 | Lys AAA   1   1   1   1   1   1 | Arg AGA   1   1   1   1   1   1
Met ATG   3   2   3   3   3   3 |     ACG   2   3   2   2   2   2 |     AAG   1   1   1   1   1   1 |     AGG   0   0   0   0   0   0
--------------------------------------------------------------------------------------------------------------------------------------
Val GTT   2   2   2   2   2   2 | Ala GCT   0   0   0   0   0   0 | Asp GAT   0   0   1   1   1   1 | Gly GGT   1   1   1   1   1   1
    GTC   5   5   5   5   5   5 |     GCC   2   3   1   1   1   1 |     GAC   2   2   1   1   1   1 |     GGC   1   1   1   1   1   1
    GTA   1   1   0   1   0   1 |     GCA   3   3   4   4   4   3 | Glu GAA   5   5   5   6   5   5 |     GGA   4   3   4   4   4   4
    GTG   5   5   6   5   5   5 |     GCG   0   0   0   0   0   1 |     GAG   4   4   4   3   4   4 |     GGG   3   4   3   3   3   3
--------------------------------------------------------------------------------------------------------------------------------------

--------------------------------------------------------------------------------------------------------------------------------------
Phe TTT   4   4   4   4   4   4 | Ser TCT   1   2   2   1   2   1 | Tyr TAT   3   3   3   3   3   3 | Cys TGT   1   1   1   1   1   1
    TTC   1   1   1   1   1   1 |     TCC   3   2   3   3   2   3 |     TAC   0   0   0   0   0   0 |     TGC   0   0   0   0   0   0
Leu TTA   0   0   0   0   0   0 |     TCA   1   1   1   1   1   1 | *** TAA   0   0   0   0   0   0 | *** TGA   0   0   0   0   0   0
    TTG   0   0   0   0   0   0 |     TCG   2   2   1   2   2   2 |     TAG   0   0   0   0   0   0 | Trp TGG   2   2   2   2   2   2
--------------------------------------------------------------------------------------------------------------------------------------
Leu CTT   2   2   2   2   2   2 | Pro CCT   2   2   3   2   2   2 | His CAT   2   2   2   2   2   2 | Arg CGT   0   0   0   0   0   0
    CTC   1   1   1   1   1   1 |     CCC   2   2   1   2   2   2 |     CAC   0   0   0   0   0   0 |     CGC   1   1   1   1   1   1
    CTA   2   2   2   2   2   2 |     CCA   3   3   3   3   3   3 | Gln CAA   1   1   1   1   1   1 |     CGA   0   0   0   0   0   0
    CTG   1   1   1   1   1   2 |     CCG   0   0   0   0   0   0 |     CAG   4   4   4   4   4   4 |     CGG   0   0   0   0   0   0
--------------------------------------------------------------------------------------------------------------------------------------
Ile ATT   2   2   2   2   2   2 | Thr ACT   0   0   0   0   0   0 | Asn AAT   0   0   0   0   0   0 | Ser AGT   2   2   2   2   2   2
    ATC   2   2   2   2   2   2 |     ACC   1   1   1   1   1   1 |     AAC   4   4   4   4   4   4 |     AGC   1   1   1   1   1   1
    ATA   1   1   1   1   1   1 |     ACA   1   1   1   1   1   1 | Lys AAA   1   1   1   1   1   1 | Arg AGA   1   1   1   1   1   1
Met ATG   3   3   3   3   3   3 |     ACG   2   2   2   2   2   2 |     AAG   1   1   1   1   1   1 |     AGG   0   0   0   0   0   0
--------------------------------------------------------------------------------------------------------------------------------------
Val GTT   2   2   2   2   2   2 | Ala GCT   0   0   0   0   0   0 | Asp GAT   1   1   0   1   1   1 | Gly GGT   1   1   1   1   1   1
    GTC   5   5   5   5   5   5 |     GCC   1   1   2   1   1   1 |     GAC   1   1   2   1   1   1 |     GGC   1   1   1   1   1   1
    GTA   0   1   1   0   1   0 |     GCA   4   3   3   4   4   4 | Glu GAA   6   5   5   5   5   5 |     GGA   4   4   4   4   4   4
    GTG   6   5   5   6   5   5 |     GCG   0   1   0   0   0   0 |     GAG   3   4   4   4   4   4 |     GGG   3   3   3   3   3   3
--------------------------------------------------------------------------------------------------------------------------------------

--------------------------------------------------------------------------------------------------------------------------------------
Phe TTT   4   4   4   4   4   4 | Ser TCT   1   2   1   1   1   2 | Tyr TAT   3   3   3   3   3   3 | Cys TGT   1   1   1   1   1   1
    TTC   1   1   1   1   1   1 |     TCC   3   2   3   3   3   2 |     TAC   0   0   0   0   0   0 |     TGC   0   0   0   0   0   0
Leu TTA   0   0   0   0   0   0 |     TCA   1   1   1   1   1   1 | *** TAA   0   0   0   0   0   0 | *** TGA   0   0   0   0   0   0
    TTG   0   0   0   0   0   0 |     TCG   2   2   2   2   2   1 |     TAG   0   0   0   0   0   0 | Trp TGG   2   2   2   2   2   2
--------------------------------------------------------------------------------------------------------------------------------------
Leu CTT   2   2   2   2   2   2 | Pro CCT   2   2   2   2   2   2 | His CAT   2   2   2   2   2   2 | Arg CGT   0   0   0   0   0   0
    CTC   1   1   1   1   1   1 |     CCC   2   2   2   2   2   2 |     CAC   0   0   0   0   0   0 |     CGC   1   1   1   1   1   1
    CTA   2   2   2   2   2   2 |     CCA   3   3   3   3   3   3 | Gln CAA   1   1   1   1   1   1 |     CGA   0   0   0   0   0   0
    CTG   2   1   1   1   1   1 |     CCG   0   0   0   0   0   0 |     CAG   4   4   4   4   4   4 |     CGG   0   0   0   0   0   0
--------------------------------------------------------------------------------------------------------------------------------------
Ile ATT   2   2   2   2   2   2 | Thr ACT   0   0   0   0   0   0 | Asn AAT   0   0   0   0   0   0 | Ser AGT   2   2   2   2   2   2
    ATC   2   2   2   2   2   2 |     ACC   1   1   1   1   1   1 |     AAC   4   4   4   4   4   4 |     AGC   1   1   1   1   1   1
    ATA   1   1   1   1   1   1 |     ACA   1   1   1   1   1   1 | Lys AAA   1   1   1   1   1   1 | Arg AGA   1   1   1   1   1   1
Met ATG   3   3   3   3   3   3 |     ACG   2   2   2   2   2   2 |     AAG   1   1   1   1   1   1 |     AGG   0   0   0   0   0   0
--------------------------------------------------------------------------------------------------------------------------------------
Val GTT   2   2   2   2   2   2 | Ala GCT   0   0   0   0   0   0 | Asp GAT   1   1   1   1   1   0 | Gly GGT   1   1   1   1   1   1
    GTC   5   5   5   5   5   5 |     GCC   1   1   1   1   1   3 |     GAC   1   1   1   1   1   2 |     GGC   1   1   1   1   1   1
    GTA   0   1   0   0   0   1 |     GCA   4   4   4   4   4   3 | Glu GAA   5   5   5   5   6   5 |     GGA   4   4   4   4   4   4
    GTG   5   5   6   6   6   5 |     GCG   0   0   0   0   0   0 |     GAG   4   4   4   4   3   4 |     GGG   3   3   3   3   3   3
--------------------------------------------------------------------------------------------------------------------------------------

--------------------------------------------------------------------------------------------------------------------------------------
Phe TTT   4   4   4   4   4   4 | Ser TCT   2   1   2   2   2   1 | Tyr TAT   3   3   3   3   3   3 | Cys TGT   1   1   1   1   1   1
    TTC   1   1   1   1   1   1 |     TCC   2   3   3   2   2   4 |     TAC   0   0   0   0   0   0 |     TGC   0   0   0   0   0   0
Leu TTA   0   0   0   0   0   0 |     TCA   1   1   1   1   1   1 | *** TAA   0   0   0   0   0   0 | *** TGA   0   0   0   0   0   0
    TTG   0   0   0   0   0   0 |     TCG   2   2   1   1   2   1 |     TAG   0   0   0   0   0   0 | Trp TGG   2   2   2   2   2   2
--------------------------------------------------------------------------------------------------------------------------------------
Leu CTT   2   2   2   2   2   2 | Pro CCT   1   2   3   2   2   2 | His CAT   2   2   2   2   2   2 | Arg CGT   0   0   0   0   0   0
    CTC   1   1   1   2   1   1 |     CCC   2   2   1   2   2   2 |     CAC   0   0   0   0   0   0 |     CGC   1   1   1   1   1   1
    CTA   2   2   2   1   2   2 |     CCA   3   3   3   3   3   3 | Gln CAA   1   1   1   1   1   0 |     CGA   0   0   0   0   0   0
    CTG   1   1   1   1   1   1 |     CCG   0   0   0   0   0   0 |     CAG   4   4   4   4   4   5 |     CGG   0   0   0   0   0   0
--------------------------------------------------------------------------------------------------------------------------------------
Ile ATT   2   2   2   2   2   2 | Thr ACT   1   0   0   0   0   0 | Asn AAT   0   0   0   0   0   0 | Ser AGT   2   2   2   2   2   2
    ATC   2   2   2   2   2   2 |     ACC   1   1   1   1   1   1 |     AAC   4   4   4   4   4   4 |     AGC   1   1   1   1   1   1
    ATA   1   1   1   1   1   1 |     ACA   1   1   1   1   1   1 | Lys AAA   1   1   1   1   1   1 | Arg AGA   1   1   1   1   1   1
Met ATG   3   3   3   2   3   3 |     ACG   2   2   2   3   2   2 |     AAG   1   1   1   1   1   1 |     AGG   0   0   0   0   0   0
--------------------------------------------------------------------------------------------------------------------------------------
Val GTT   2   2   2   2   2   1 | Ala GCT   0   0   0   0   0   0 | Asp GAT   0   1   0   0   1   0 | Gly GGT   1   1   1   1   1   1
    GTC   5   5   5   5   5   6 |     GCC   2   1   2   3   1   1 |     GAC   2   1   2   2   1   2 |     GGC   1   1   1   1   1   1
    GTA   1   0   1   1   1   0 |     GCA   3   4   3   3   4   4 | Glu GAA   5   6   5   5   5   5 |     GGA   4   4   4   3   4   4
    GTG   5   6   5   5   5   6 |     GCG   0   0   0   0   0   0 |     GAG   4   3   4   4   4   4 |     GGG   3   3   3   4   3   3
--------------------------------------------------------------------------------------------------------------------------------------

--------------------------------------------------------------------------------------------------------------------------------------
Phe TTT   4   4   4   4   4   4 | Ser TCT   1   2   1   2   2   2 | Tyr TAT   3   3   3   3   3   3 | Cys TGT   1   1   1   1   1   1
    TTC   1   1   1   1   1   1 |     TCC   3   2   3   2   2   2 |     TAC   0   0   0   0   0   0 |     TGC   0   0   0   0   0   0
Leu TTA   0   0   0   0   0   0 |     TCA   1   1   1   1   1   1 | *** TAA   0   0   0   0   0   0 | *** TGA   0   0   0   0   0   0
    TTG   0   0   0   0   0   0 |     TCG   2   2   2   2   2   2 |     TAG   0   0   0   0   0   0 | Trp TGG   2   2   2   2   2   2
--------------------------------------------------------------------------------------------------------------------------------------
Leu CTT   2   2   2   2   2   2 | Pro CCT   2   2   2   2   2   2 | His CAT   2   2   2   2   2   2 | Arg CGT   0   0   0   0   0   0
    CTC   1   1   1   1   1   1 |     CCC   2   2   2   2   2   2 |     CAC   0   0   0   0   0   0 |     CGC   1   1   1   1   1   1
    CTA   2   2   2   2   2   2 |     CCA   3   3   3   3   3   3 | Gln CAA   1   1   1   1   1   1 |     CGA   0   0   0   0   0   0
    CTG   1   1   1   1   1   1 |     CCG   0   0   0   0   0   0 |     CAG   4   4   4   4   4   4 |     CGG   0   0   0   0   0   0
--------------------------------------------------------------------------------------------------------------------------------------
Ile ATT   2   2   2   2   2   2 | Thr ACT   0   0   0   0   0   0 | Asn AAT   0   0   0   0   0   0 | Ser AGT   2   2   2   2   2   2
    ATC   2   2   2   2   2   2 |     ACC   1   1   1   1   1   1 |     AAC   4   4   4   4   4   4 |     AGC   1   1   1   1   1   1
    ATA   1   1   1   1   1   1 |     ACA   1   1   1   1   1   1 | Lys AAA   1   1   1   1   1   1 | Arg AGA   1   1   1   1   1   1
Met ATG   3   3   3   3   3   3 |     ACG   2   2   2   2   2   2 |     AAG   1   1   1   1   1   1 |     AGG   0   0   0   0   0   0
--------------------------------------------------------------------------------------------------------------------------------------
Val GTT   2   2   2   2   2   2 | Ala GCT   0   0   0   0   0   0 | Asp GAT   1   1   1   1   1   1 | Gly GGT   1   1   1   1   1   1
    GTC   5   5   5   5   5   5 |     GCC   1   1   1   1   1   1 |     GAC   1   1   1   1   1   1 |     GGC   1   1   1   1   1   1
    GTA   0   1   0   1   1   1 |     GCA   4   4   4   4   3   3 | Glu GAA   6   5   5   5   5   5 |     GGA   4   4   4   4   4   4
    GTG   6   5   6   5   5   5 |     GCG   0   0   0   0   1   1 |     GAG   3   4   4   4   4   4 |     GGG   3   3   3   3   3   3
--------------------------------------------------------------------------------------------------------------------------------------

Codon position x base (3x4) table for each sequence.

#1: Argali         
position  1:    T:0.18182    C:0.21212    A:0.22222    G:0.38384
position  2:    T:0.32323    C:0.23232    A:0.27273    G:0.17172
position  3:    T:0.23232    C:0.24242    A:0.24242    G:0.28283
Average         T:0.24579    C:0.22896    A:0.24579    G:0.27946

#2: LesserMouseDeer
position  1:    T:0.17172    C:0.21212    A:0.22222    G:0.39394
position  2:    T:0.32323    C:0.23232    A:0.27273    G:0.17172
position  3:    T:0.25253    C:0.23232    A:0.22222    G:0.29293
Average         T:0.24916    C:0.22559    A:0.23906    G:0.28620

#3: LesserKudu     
position  1:    T:0.18182    C:0.21212    A:0.22222    G:0.38384
position  2:    T:0.32323    C:0.23232    A:0.27273    G:0.17172
position  3:    T:0.24242    C:0.23232    A:0.24242    G:0.28283
Average         T:0.24916    C:0.22559    A:0.24579    G:0.27946

#4: ForestMuskDeer2
position  1:    T:0.18182    C:0.21212    A:0.22222    G:0.38384
position  2:    T:0.32323    C:0.23232    A:0.27273    G:0.17172
position  3:    T:0.24242    C:0.23232    A:0.25253    G:0.27273
Average         T:0.24916    C:0.22559    A:0.24916    G:0.27609

#5: Camel          
position  1:    T:0.18182    C:0.22222    A:0.22222    G:0.37374
position  2:    T:0.32323    C:0.23232    A:0.27273    G:0.17172
position  3:    T:0.26263    C:0.22222    A:0.24242    G:0.27273
Average         T:0.25589    C:0.22559    A:0.24579    G:0.27273

#6: KillerWhale    
position  1:    T:0.18182    C:0.22222    A:0.22222    G:0.37374
position  2:    T:0.32323    C:0.23232    A:0.27273    G:0.17172
position  3:    T:0.25253    C:0.22222    A:0.25253    G:0.27273
Average         T:0.25253    C:0.22559    A:0.24916    G:0.27273

#7: DefassaWaterbuck
position  1:    T:0.18182    C:0.21212    A:0.22222    G:0.38384
position  2:    T:0.32323    C:0.23232    A:0.27273    G:0.17172
position  3:    T:0.23232    C:0.24242    A:0.24242    G:0.28283
Average         T:0.24579    C:0.22896    A:0.24579    G:0.27946

#8: Sheep          
position  1:    T:0.18182    C:0.21212    A:0.22222    G:0.38384
position  2:    T:0.32323    C:0.23232    A:0.27273    G:0.17172
position  3:    T:0.23232    C:0.24242    A:0.24242    G:0.28283
Average         T:0.24579    C:0.22896    A:0.24579    G:0.27946

#9: MaxwellsDuiker 
position  1:    T:0.18182    C:0.21212    A:0.22222    G:0.38384
position  2:    T:0.32323    C:0.23232    A:0.27273    G:0.17172
position  3:    T:0.23232    C:0.24242    A:0.24242    G:0.28283
Average         T:0.24579    C:0.22896    A:0.24579    G:0.27946

#10: GazellaPrzewalskyi
position  1:    T:0.18182    C:0.21212    A:0.22222    G:0.38384
position  2:    T:0.32323    C:0.23232    A:0.27273    G:0.17172
position  3:    T:0.22222    C:0.25253    A:0.25253    G:0.27273
Average         T:0.24242    C:0.23232    A:0.24916    G:0.27609

#11: MountainNyala  
position  1:    T:0.18182    C:0.21212    A:0.22222    G:0.38384
position  2:    T:0.32323    C:0.23232    A:0.27273    G:0.17172
position  3:    T:0.24242    C:0.23232    A:0.24242    G:0.28283
Average         T:0.24916    C:0.22559    A:0.24579    G:0.27946

#12: MuntiacusMuntjak
position  1:    T:0.18182    C:0.21212    A:0.22222    G:0.38384
position  2:    T:0.32323    C:0.23232    A:0.27273    G:0.17172
position  3:    T:0.24242    C:0.25253    A:0.24242    G:0.26263
Average         T:0.24916    C:0.23232    A:0.24579    G:0.27273

#13: goat           
position  1:    T:0.18182    C:0.21212    A:0.22222    G:0.38384
position  2:    T:0.32323    C:0.23232    A:0.27273    G:0.17172
position  3:    T:0.23232    C:0.24242    A:0.24242    G:0.28283
Average         T:0.24579    C:0.22896    A:0.24579    G:0.27946

#14: AfricanBuffalo 
position  1:    T:0.18182    C:0.21212    A:0.22222    G:0.38384
position  2:    T:0.32323    C:0.23232    A:0.27273    G:0.17172
position  3:    T:0.24242    C:0.23232    A:0.26263    G:0.26263
Average         T:0.24916    C:0.22559    A:0.25253    G:0.27273

#15: Topi           
position  1:    T:0.18182    C:0.22222    A:0.22222    G:0.37374
position  2:    T:0.32323    C:0.23232    A:0.27273    G:0.17172
position  3:    T:0.23232    C:0.24242    A:0.24242    G:0.28283
Average         T:0.24579    C:0.23232    A:0.24579    G:0.27609

#16: CommonDuiker   
position  1:    T:0.19192    C:0.21212    A:0.22222    G:0.37374
position  2:    T:0.32323    C:0.23232    A:0.27273    G:0.17172
position  3:    T:0.23232    C:0.24242    A:0.24242    G:0.28283
Average         T:0.24916    C:0.22896    A:0.24579    G:0.27609

#17: Suni           
position  1:    T:0.18182    C:0.21212    A:0.22222    G:0.38384
position  2:    T:0.32323    C:0.23232    A:0.27273    G:0.17172
position  3:    T:0.25253    C:0.22222    A:0.25253    G:0.27273
Average         T:0.25253    C:0.22222    A:0.24916    G:0.27609

#18: Springbuck     
position  1:    T:0.18182    C:0.21212    A:0.22222    G:0.38384
position  2:    T:0.32323    C:0.23232    A:0.27273    G:0.17172
position  3:    T:0.23232    C:0.24242    A:0.26263    G:0.26263
Average         T:0.24579    C:0.22896    A:0.25253    G:0.27273

#19: Okapi          
position  1:    T:0.17172    C:0.22222    A:0.22222    G:0.38384
position  2:    T:0.32323    C:0.23232    A:0.27273    G:0.17172
position  3:    T:0.22222    C:0.25253    A:0.23232    G:0.29293
Average         T:0.23906    C:0.23569    A:0.24242    G:0.28283

#20: Giraffe        
position  1:    T:0.17172    C:0.22222    A:0.22222    G:0.38384
position  2:    T:0.32323    C:0.23232    A:0.27273    G:0.17172
position  3:    T:0.22222    C:0.25253    A:0.22222    G:0.30303
Average         T:0.23906    C:0.23569    A:0.23906    G:0.28620

#21: TibetanAntelope
position  1:    T:0.18182    C:0.21212    A:0.22222    G:0.38384
position  2:    T:0.32323    C:0.23232    A:0.27273    G:0.17172
position  3:    T:0.23232    C:0.24242    A:0.24242    G:0.28283
Average         T:0.24579    C:0.22896    A:0.24579    G:0.27946

#22: Sitatunga      
position  1:    T:0.18182    C:0.21212    A:0.22222    G:0.38384
position  2:    T:0.32323    C:0.23232    A:0.27273    G:0.17172
position  3:    T:0.24242    C:0.23232    A:0.24242    G:0.28283
Average         T:0.24916    C:0.22559    A:0.24579    G:0.27946

#23: Oribi          
position  1:    T:0.18182    C:0.21212    A:0.22222    G:0.38384
position  2:    T:0.32323    C:0.23232    A:0.27273    G:0.17172
position  3:    T:0.23232    C:0.24242    A:0.25253    G:0.27273
Average         T:0.24579    C:0.22896    A:0.24916    G:0.27609

#24: BarbarySheep   
position  1:    T:0.18182    C:0.21212    A:0.22222    G:0.38384
position  2:    T:0.32323    C:0.23232    A:0.27273    G:0.17172
position  3:    T:0.23232    C:0.24242    A:0.24242    G:0.28283
Average         T:0.24579    C:0.22896    A:0.24579    G:0.27946

#25: Daviddeer      
position  1:    T:0.18182    C:0.20202    A:0.23232    G:0.38384
position  2:    T:0.32323    C:0.23232    A:0.27273    G:0.17172
position  3:    T:0.22222    C:0.27273    A:0.23232    G:0.27273
Average         T:0.24242    C:0.23569    A:0.24579    G:0.27609

#26: Reindeer       
position  1:    T:0.17172    C:0.21212    A:0.22222    G:0.39394
position  2:    T:0.31313    C:0.24242    A:0.27273    G:0.17172
position  3:    T:0.23232    C:0.27273    A:0.22222    G:0.27273
Average         T:0.23906    C:0.24242    A:0.23906    G:0.27946

#27: Ibex           
position  1:    T:0.18182    C:0.21212    A:0.22222    G:0.38384
position  2:    T:0.32323    C:0.23232    A:0.27273    G:0.17172
position  3:    T:0.23232    C:0.24242    A:0.24242    G:0.28283
Average         T:0.24579    C:0.22896    A:0.24579    G:0.27946

#28: GyrantGazelle  
position  1:    T:0.18182    C:0.21212    A:0.22222    G:0.38384
position  2:    T:0.32323    C:0.23232    A:0.27273    G:0.17172
position  3:    T:0.23232    C:0.24242    A:0.25253    G:0.27273
Average         T:0.24579    C:0.22896    A:0.24916    G:0.27609

#29: Hartebeest     
position  1:    T:0.18182    C:0.22222    A:0.22222    G:0.37374
position  2:    T:0.32323    C:0.23232    A:0.27273    G:0.17172
position  3:    T:0.23232    C:0.24242    A:0.24242    G:0.28283
Average         T:0.24579    C:0.23232    A:0.24579    G:0.27609

#30: Bongo          
position  1:    T:0.18182    C:0.21212    A:0.22222    G:0.38384
position  2:    T:0.32323    C:0.23232    A:0.27273    G:0.17172
position  3:    T:0.24242    C:0.23232    A:0.24242    G:0.28283
Average         T:0.24916    C:0.22559    A:0.24579    G:0.27946

#31: Gerenuk        
position  1:    T:0.18182    C:0.21212    A:0.22222    G:0.38384
position  2:    T:0.32323    C:0.23232    A:0.27273    G:0.17172
position  3:    T:0.23232    C:0.24242    A:0.25253    G:0.27273
Average         T:0.24579    C:0.22896    A:0.24916    G:0.27609

#32: CommonEland    
position  1:    T:0.18182    C:0.21212    A:0.22222    G:0.38384
position  2:    T:0.32323    C:0.23232    A:0.27273    G:0.17172
position  3:    T:0.24242    C:0.23232    A:0.24242    G:0.28283
Average         T:0.24916    C:0.22559    A:0.24579    G:0.27946

#33: MuntiacusReevesi
position  1:    T:0.18182    C:0.21212    A:0.22222    G:0.38384
position  2:    T:0.32323    C:0.23232    A:0.27273    G:0.17172
position  3:    T:0.24242    C:0.25253    A:0.24242    G:0.26263
Average         T:0.24916    C:0.23232    A:0.24579    G:0.27273

#34: HarveysDuiker  
position  1:    T:0.18182    C:0.21212    A:0.22222    G:0.38384
position  2:    T:0.32323    C:0.23232    A:0.27273    G:0.17172
position  3:    T:0.23232    C:0.24242    A:0.24242    G:0.28283
Average         T:0.24579    C:0.22896    A:0.24579    G:0.27946

#35: Pronghorn      
position  1:    T:0.18182    C:0.21212    A:0.22222    G:0.38384
position  2:    T:0.32323    C:0.23232    A:0.27273    G:0.17172
position  3:    T:0.24242    C:0.23232    A:0.25253    G:0.27273
Average         T:0.24916    C:0.22559    A:0.24916    G:0.27609

#36: BlueWildebeest 
position  1:    T:0.18182    C:0.22222    A:0.22222    G:0.37374
position  2:    T:0.32323    C:0.23232    A:0.27273    G:0.17172
position  3:    T:0.23232    C:0.24242    A:0.24242    G:0.28283
Average         T:0.24579    C:0.23232    A:0.24579    G:0.27609

#37: Gemsbok        
position  1:    T:0.18182    C:0.22222    A:0.22222    G:0.37374
position  2:    T:0.32323    C:0.23232    A:0.27273    G:0.17172
position  3:    T:0.23232    C:0.24242    A:0.24242    G:0.28283
Average         T:0.24579    C:0.23232    A:0.24579    G:0.27609

#38: Yak            
position  1:    T:0.18182    C:0.21212    A:0.22222    G:0.38384
position  2:    T:0.32323    C:0.23232    A:0.27273    G:0.17172
position  3:    T:0.24242    C:0.23232    A:0.25253    G:0.27273
Average         T:0.24916    C:0.22559    A:0.24916    G:0.27609

#39: BlueSheep      
position  1:    T:0.18182    C:0.21212    A:0.22222    G:0.38384
position  2:    T:0.32323    C:0.23232    A:0.27273    G:0.17172
position  3:    T:0.23232    C:0.24242    A:0.24242    G:0.28283
Average         T:0.24579    C:0.22896    A:0.24579    G:0.27946

#40: BohorReedbuck  
position  1:    T:0.18182    C:0.21212    A:0.22222    G:0.38384
position  2:    T:0.32323    C:0.23232    A:0.27273    G:0.17172
position  3:    T:0.23232    C:0.24242    A:0.24242    G:0.28283
Average         T:0.24579    C:0.22896    A:0.24579    G:0.27946

#41: KirksDik       
position  1:    T:0.18182    C:0.21212    A:0.22222    G:0.38384
position  2:    T:0.32323    C:0.23232    A:0.27273    G:0.17172
position  3:    T:0.23232    C:0.24242    A:0.25253    G:0.27273
Average         T:0.24579    C:0.22896    A:0.24916    G:0.27609

#42: RoeDeer        
position  1:    T:0.17172    C:0.21212    A:0.22222    G:0.39394
position  2:    T:0.32323    C:0.23232    A:0.27273    G:0.17172
position  3:    T:0.23232    C:0.26263    A:0.24242    G:0.26263
Average         T:0.24242    C:0.23569    A:0.24579    G:0.27609

#43: WhiteLippedDeer
position  1:    T:0.18182    C:0.20202    A:0.23232    G:0.38384
position  2:    T:0.32323    C:0.23232    A:0.27273    G:0.17172
position  3:    T:0.23232    C:0.25253    A:0.24242    G:0.27273
Average         T:0.24579    C:0.22896    A:0.24916    G:0.27609

#44: ThomsonGazelle 
position  1:    T:0.18182    C:0.21212    A:0.22222    G:0.38384
position  2:    T:0.32323    C:0.23232    A:0.27273    G:0.17172
position  3:    T:0.23232    C:0.24242    A:0.25253    G:0.27273
Average         T:0.24579    C:0.22896    A:0.24916    G:0.27609

#45: MuntiacusCrinifrons
position  1:    T:0.18182    C:0.21212    A:0.22222    G:0.38384
position  2:    T:0.32323    C:0.23232    A:0.27273    G:0.17172
position  3:    T:0.24242    C:0.25253    A:0.24242    G:0.26263
Average         T:0.24916    C:0.23232    A:0.24579    G:0.27273

#46: WhiteTailedDeer
position  1:    T:0.17172    C:0.21212    A:0.22222    G:0.39394
position  2:    T:0.31313    C:0.24242    A:0.27273    G:0.17172
position  3:    T:0.23232    C:0.27273    A:0.22222    G:0.27273
Average         T:0.23906    C:0.24242    A:0.23906    G:0.27946

#47: Cattle         
position  1:    T:0.18182    C:0.21212    A:0.22222    G:0.38384
position  2:    T:0.32323    C:0.23232    A:0.27273    G:0.17172
position  3:    T:0.24242    C:0.23232    A:0.25253    G:0.27273
Average         T:0.24916    C:0.22559    A:0.24916    G:0.27609

#48: RoyalAntelope  
position  1:    T:0.18182    C:0.21212    A:0.22222    G:0.38384
position  2:    T:0.32323    C:0.23232    A:0.27273    G:0.17172
position  3:    T:0.21212    C:0.27273    A:0.23232    G:0.28283
Average         T:0.23906    C:0.23906    A:0.24242    G:0.27946

#49: Steenbok       
position  1:    T:0.18182    C:0.21212    A:0.22222    G:0.38384
position  2:    T:0.32323    C:0.23232    A:0.27273    G:0.17172
position  3:    T:0.23232    C:0.24242    A:0.25253    G:0.27273
Average         T:0.24579    C:0.22896    A:0.24916    G:0.27609

#50: Impala         
position  1:    T:0.18182    C:0.21212    A:0.22222    G:0.38384
position  2:    T:0.32323    C:0.23232    A:0.27273    G:0.17172
position  3:    T:0.24242    C:0.23232    A:0.25253    G:0.27273
Average         T:0.24916    C:0.22559    A:0.24916    G:0.27609

#51: Klipspringer   
position  1:    T:0.18182    C:0.21212    A:0.22222    G:0.38384
position  2:    T:0.32323    C:0.23232    A:0.27273    G:0.17172
