CODONML (in paml version 4.10.7, June 2023)  /home/rachel/ruminants_paml/6406-phy-tree/ENSBTAT00000044319.fasta.phy
Model: free dN/dS Ratios for branches,  kappa = 2.000 fixed

Codon frequency model: F3x4
ns =  54  ls =  28

Codon usage in sequences
--------------------------------------------------------------------------------------------------------------------------------------
Phe TTT   0   0   0   0   0   0 | Ser TCT   0   0   0   0   0   0 | Tyr TAT   0   0   0   0   0   0 | Cys TGT   0   0   0   0   0   0
    TTC   0   0   0   0   0   0 |     TCC   0   0   0   0   0   0 |     TAC   0   0   0   0   0   0 |     TGC   0   0   0   0   0   0
Leu TTA   0   0   0   0   0   0 |     TCA   0   0   0   0   0   0 | *** TAA   0   0   0   0   0   0 | *** TGA   0   0   0   0   0   0
    TTG   1   1   1   1   0   0 |     TCG   0   0   0   0   0   0 |     TAG   0   0   0   0   0   0 | Trp TGG   0   0   0   0   0   0
--------------------------------------------------------------------------------------------------------------------------------------
Leu CTT   0   0   0   0   0   0 | Pro CCT   0   0   0   0   0   0 | His CAT   0   0   0   0   1   0 | Arg CGT   0   0   0   0   0   0
    CTC   1   1   1   1   1   1 |     CCC   0   0   0   0   0   0 |     CAC   2   2   2   2   1   2 |     CGC   0   0   0   0   0   0
    CTA   0   0   0   1   0   0 |     CCA   0   0   0   0   0   0 | Gln CAA   0   0   0   0   0   0 |     CGA   0   0   0   0   0   0
    CTG   3   3   3   2   4   4 |     CCG   0   0   0   0   0   0 |     CAG   2   2   2   2   2   2 |     CGG   1   1   1   1   1   1
--------------------------------------------------------------------------------------------------------------------------------------
Ile ATT   2   1   2   2   2   0 | Thr ACT   0   0   0   0   0   0 | Asn AAT   0   0   0   0   0   0 | Ser AGT   0   0   0   0   0   0
    ATC   2   3   2   2   2   4 |     ACC   0   0   0   0   0   0 |     AAC   0   0   0   0   0   0 |     AGC   0   0   0   0   0   0
    ATA   0   0   0   0   0   0 |     ACA   0   0   0   0   0   0 | Lys AAA   0   0   0   0   0   0 | Arg AGA   1   1   1   1   1   1
Met ATG   1   1   1   1   1   1 |     ACG   0   0   0   0   0   0 |     AAG   1   1   1   1   1   1 |     AGG   0   0   0   0   0   0
--------------------------------------------------------------------------------------------------------------------------------------
Val GTT   0   0   0   0   0   0 | Ala GCT   0   0   0   0   0   0 | Asp GAT   0   0   0   0   0   0 | Gly GGT   0   0   0   0   0   0
    GTC   0   1   0   0   1   1 |     GCC   2   2   2   2   1   1 |     GAC   0   0   0   0   0   0 |     GGC   1   1   1   1   1   1
    GTA   0   0   0   0   0   0 |     GCA   0   0   0   0   1   0 | Glu GAA   1   0   1   1   0   0 |     GGA   0   0   0   0   0   0
    GTG   2   1   2   2   1   1 |     GCG   0   0   0   0   0   1 |     GAG   3   4   3   3   4   4 |     GGG   2   2   2   2   2   2
--------------------------------------------------------------------------------------------------------------------------------------

--------------------------------------------------------------------------------------------------------------------------------------
Phe TTT   0   0   0   0   0   0 | Ser TCT   0   0   0   0   0   0 | Tyr TAT   0   0   0   0   0   0 | Cys TGT   0   0   0   0   0   0
    TTC   0   0   0   0   0   0 |     TCC   0   0   0   0   0   0 |     TAC   0   0   0   0   0   0 |     TGC   0   0   0   0   0   0
Leu TTA   0   0   0   0   0   0 |     TCA   0   0   0   0   0   0 | *** TAA   0   0   0   0   0   0 | *** TGA   0   0   0   0   0   0
    TTG   1   1   1   1   1   1 |     TCG   0   0   0   0   0   0 |     TAG   0   0   0   0   0   0 | Trp TGG   0   0   0   0   0   0
--------------------------------------------------------------------------------------------------------------------------------------
Leu CTT   0   0   0   0   0   0 | Pro CCT   0   0   0   0   0   0 | His CAT   0   0   0   0   0   0 | Arg CGT   0   0   0   0   0   0
    CTC   1   1   1   1   1   1 |     CCC   0   0   0   0   0   0 |     CAC   2   2   2   2   2   2 |     CGC   0   0   0   0   0   0
    CTA   0   0   0   0   0   0 |     CCA   0   0   0   0   0   0 | Gln CAA   0   0   0   0   0   0 |     CGA   0   0   0   0   0   0
    CTG   3   3   3   3   3   3 |     CCG   0   0   0   0   0   0 |     CAG   2   2   2   2   2   2 |     CGG   1   1   1   1   1   1
--------------------------------------------------------------------------------------------------------------------------------------
Ile ATT   2   2   1   2   2   2 | Thr ACT   0   0   0   0   0   0 | Asn AAT   0   0   0   0   0   0 | Ser AGT   0   0   0   0   0   0
    ATC   2   2   3   2   2   2 |     ACC   0   0   0   0   0   0 |     AAC   0   0   0   0   0   0 |     AGC   0   0   0   0   0   0
    ATA   0   0   0   0   0   0 |     ACA   0   0   0   0   0   0 | Lys AAA   0   0   0   0   0   0 | Arg AGA   1   1   1   1   1   1
Met ATG   1   1   1   1   1   1 |     ACG   0   0   0   0   0   0 |     AAG   1   1   1   1   1   1 |     AGG   0   0   0   0   0   0
--------------------------------------------------------------------------------------------------------------------------------------
Val GTT   0   0   0   0   0   0 | Ala GCT   0   0   0   0   0   0 | Asp GAT   0   0   0   0   0   0 | Gly GGT   0   0   0   0   0   0
    GTC   0   0   0   0   0   0 |     GCC   2   2   2   2   2   2 |     GAC   0   0   0   0   0   0 |     GGC   1   1   1   1   1   2
    GTA   0   0   0   0   0   0 |     GCA   0   0   0   0   0   0 | Glu GAA   1   1   1   1   1   1 |     GGA   0   0   0   0   0   0
    GTG   2   2   2   2   2   2 |     GCG   0   0   0   0   0   0 |     GAG   3   3   3   3   3   3 |     GGG   2   2   2   2   2   1
--------------------------------------------------------------------------------------------------------------------------------------

--------------------------------------------------------------------------------------------------------------------------------------
Phe TTT   0   0   0   0   0   0 | Ser TCT   0   0   0   0   0   0 | Tyr TAT   0   0   0   0   0   0 | Cys TGT   0   0   0   0   0   0
    TTC   0   0   0   0   0   0 |     TCC   0   0   0   0   0   0 |     TAC   0   0   0   0   0   0 |     TGC   0   0   0   0   0   0
Leu TTA   0   0   0   0   0   0 |     TCA   0   0   0   0   0   0 | *** TAA   0   0   0   0   0   0 | *** TGA   0   0   0   0   0   0
    TTG   1   0   1   1   1   1 |     TCG   0   0   0   0   0   0 |     TAG   0   0   0   0   0   0 | Trp TGG   0   0   0   0   0   0
--------------------------------------------------------------------------------------------------------------------------------------
Leu CTT   0   0   0   0   0   0 | Pro CCT   0   0   0   0   0   0 | His CAT   0   0   0   0   0   0 | Arg CGT   0   0   0   0   1   0
    CTC   1   1   1   1   1   1 |     CCC   0   0   0   0   0   0 |     CAC   2   2   2   2   2   2 |     CGC   0   0   0   0   0   0
    CTA   0   0   0   0   0   0 |     CCA   0   0   0   0   0   0 | Gln CAA   0   0   0   0   0   0 |     CGA   0   0   0   0   0   0
    CTG   3   4   3   3   3   3 |     CCG   0   0   0   0   0   0 |     CAG   2   2   2   2   2   2 |     CGG   1   1   1   1   0   1
--------------------------------------------------------------------------------------------------------------------------------------
Ile ATT   2   2   2   2   2   2 | Thr ACT   0   0   0   0   0   0 | Asn AAT   0   0   0   0   0   0 | Ser AGT   0   0   0   0   0   0
    ATC   2   2   2   2   2   2 |     ACC   0   0   0   0   0   0 |     AAC   0   0   0   0   0   0 |     AGC   0   0   0   0   0   0
    ATA   0   0   0   0   0   0 |     ACA   0   0   0   0   0   0 | Lys AAA   0   0   0   0   0   0 | Arg AGA   1   1   1   1   1   1
Met ATG   1   1   1   1   1   1 |     ACG   0   0   0   0   0   0 |     AAG   1   1   1   1   1   1 |     AGG   0   0   0   0   0   0
--------------------------------------------------------------------------------------------------------------------------------------
Val GTT   0   0   0   0   0   0 | Ala GCT   0   0   0   0   0   0 | Asp GAT   0   0   0   0   0   0 | Gly GGT   0   0   0   0   0   0
    GTC   0   0   0   0   0   0 |     GCC   2   2   2   2   2   2 |     GAC   0   0   0   0   0   0 |     GGC   1   1   1   1   1   1
    GTA   0   0   0   0   0   0 |     GCA   0   0   0   0   0   0 | Glu GAA   1   1   1   1   1   1 |     GGA   0   0   0   0   0   0
    GTG   2   2   2   2   2   2 |     GCG   0   0   0   0   0   0 |     GAG   3   3   3   3   3   3 |     GGG   2   2   2   2   2   2
--------------------------------------------------------------------------------------------------------------------------------------

--------------------------------------------------------------------------------------------------------------------------------------
Phe TTT   0   0   0   0   0   0 | Ser TCT   0   0   0   0   0   0 | Tyr TAT   0   0   0   0   0   0 | Cys TGT   0   0   0   0   0   0
    TTC   0   0   0   0   0   0 |     TCC   0   0   0   0   0   0 |     TAC   0   0   0   0   0   0 |     TGC   0   0   0   0   0   0
Leu TTA   0   0   0   0   0   0 |     TCA   0   0   0   0   0   0 | *** TAA   0   0   0   0   0   0 | *** TGA   0   0   0   0   0   0
    TTG   2   1   1   1   1   1 |     TCG   0   0   0   0   0   0 |     TAG   0   0   0   0   0   0 | Trp TGG   0   0   0   0   0   0
--------------------------------------------------------------------------------------------------------------------------------------
Leu CTT   0   0   0   0   0   0 | Pro CCT   0   0   0   0   0   0 | His CAT   0   0   0   0   0   0 | Arg CGT   0   0   0   0   0   0
    CTC   1   1   1   1   1   1 |     CCC   0   0   0   0   0   0 |     CAC   2   2   2   2   2   2 |     CGC   0   0   0   0   0   0
    CTA   0   0   0   0   0   0 |     CCA   0   0   0   0   0   0 | Gln CAA   0   0   0   0   0   0 |     CGA   0   0   0   0   0   0
    CTG   2   3   3   3   3   3 |     CCG   0   0   0   0   0   0 |     CAG   2   2   2   2   2   2 |     CGG   1   1   1   1   1   1
--------------------------------------------------------------------------------------------------------------------------------------
Ile ATT   3   2   2   2   2   2 | Thr ACT   0   0   0   0   0   0 | Asn AAT   0   0   0   0   0   0 | Ser AGT   0   0   0   0   0   0
    ATC   1   2   2   2   2   2 |     ACC   0   0   0   0   0   0 |     AAC   0   0   0   0   0   0 |     AGC   0   0   0   0   0   0
    ATA   0   0   0   0   0   0 |     ACA   0   0   0   0   0   0 | Lys AAA   0   0   0   0   0   0 | Arg AGA   1   1   1   1   1   1
Met ATG   1   1   1   1   1   1 |     ACG   0   0   0   0   0   0 |     AAG   1   1   1   1   1   1 |     AGG   0   0   0   0   0   0
--------------------------------------------------------------------------------------------------------------------------------------
Val GTT   0   0   0   0   0   0 | Ala GCT   0   0   0   0   0   0 | Asp GAT   0   0   0   0   0   0 | Gly GGT   0   0   0   0   0   0
    GTC   0   0   0   0   0   0 |     GCC   2   2   2   2   2   2 |     GAC   0   0   0   0   0   0 |     GGC   1   1   1   1   2   1
    GTA   0   0   0   0   0   0 |     GCA   0   0   0   0   0   0 | Glu GAA   1   1   2   1   1   1 |     GGA   0   0   0   0   0   0
    GTG   2   2   2   2   2   2 |     GCG   0   0   0   0   0   0 |     GAG   3   3   2   3   3   3 |     GGG   2   2   2   2   1   2
--------------------------------------------------------------------------------------------------------------------------------------

--------------------------------------------------------------------------------------------------------------------------------------
Phe TTT   0   0   0   0   0   0 | Ser TCT   0   0   0   0   0   0 | Tyr TAT   0   0   0   0   0   0 | Cys TGT   0   0   0   0   0   0
    TTC   0   0   0   0   0   0 |     TCC   0   0   0   0   0   0 |     TAC   0   0   0   0   0   0 |     TGC   0   0   0   0   0   0
Leu TTA   0   0   0   0   0   0 |     TCA   0   0   0   0   0   0 | *** TAA   0   0   0   0   0   0 | *** TGA   0   0   0   0   0   0
    TTG   1   1   1   1   1   1 |     TCG   0   0   0   0   0   0 |     TAG   0   0   0   0   0   0 | Trp TGG   0   0   0   0   0   0
--------------------------------------------------------------------------------------------------------------------------------------
Leu CTT   0   0   0   0   0   0 | Pro CCT   0   0   0   0   0   0 | His CAT   0   0   0   0   0   0 | Arg CGT   0   0   0   0   0   0
    CTC   1   1   1   1   1   1 |     CCC   0   0   0   0   0   0 |     CAC   2   2   2   2   2   2 |     CGC   0   0   0   0   0   0
    CTA   0   0   0   0   0   0 |     CCA   0   0   0   0   0   0 | Gln CAA   0   0   0   0   0   0 |     CGA   0   0   0   0   0   0
    CTG   3   3   3   3   3   3 |     CCG   0   0   0   0   0   0 |     CAG   2   2   2   2   2   2 |     CGG   1   1   1   1   1   1
--------------------------------------------------------------------------------------------------------------------------------------
Ile ATT   2   2   2   2   2   2 | Thr ACT   0   0   0   0   0   0 | Asn AAT   0   0   0   0   0   0 | Ser AGT   0   0   0   0   0   0
    ATC   2   2   2   2   2   2 |     ACC   0   0   0   0   0   0 |     AAC   0   0   0   0   0   0 |     AGC   0   0   0   0   0   0
    ATA   0   0   0   0   0   0 |     ACA   0   0   0   0   0   0 | Lys AAA   0   0   0   0   0   0 | Arg AGA   1   1   1   1   1   1
Met ATG   1   1   1   1   1   1 |     ACG   0   0   0   0   0   0 |     AAG   1   1   1   1   1   1 |     AGG   0   0   0   0   0   0
--------------------------------------------------------------------------------------------------------------------------------------
Val GTT   0   0   0   0   0   0 | Ala GCT   0   0   0   0   0   0 | Asp GAT   0   0   0   0   0   0 | Gly GGT   0   0   0   0   0   0
    GTC   0   0   0   0   0   0 |     GCC   2   2   2   2   2   2 |     GAC   0   0   0   0   0   0 |     GGC   2   2   1   1   1   1
    GTA   0   0   0   0   0   0 |     GCA   0   0   0   0   0   0 | Glu GAA   1   1   1   1   1   1 |     GGA   0   0   0   0   0   0
    GTG   2   2   2   2   2   2 |     GCG   0   0   0   0   0   0 |     GAG   3   3   3   3   3   3 |     GGG   1   1   2   2   2   2
--------------------------------------------------------------------------------------------------------------------------------------

--------------------------------------------------------------------------------------------------------------------------------------
Phe TTT   0   0   0   0   0   0 | Ser TCT   0   0   0   0   0   0 | Tyr TAT   0   0   0   0   0   0 | Cys TGT   0   0   0   0   0   0
    TTC   0   0   0   0   0   0 |     TCC   0   0   0   0   0   0 |     TAC   0   0   0   0   0   0 |     TGC   0   0   0   0   0   0
Leu TTA   0   0   0   0   0   0 |     TCA   0   0   0   0   0   0 | *** TAA   0   0   0   0   0   0 | *** TGA   0   0   0   0   0   0
    TTG   1   1   1   1   1   1 |     TCG   0   0   0   0   0   0 |     TAG   0   0   0   0   0   0 | Trp TGG   0   0   0   0   0   0
--------------------------------------------------------------------------------------------------------------------------------------
Leu CTT   0   0   0   0   0   0 | Pro CCT   0   0   0   0   0   0 | His CAT   0   0   0   0   0   0 | Arg CGT   0   0   0   0   0   0
    CTC   1   1   1   1   1   1 |     CCC   0   0   0   0   0   0 |     CAC   2   2   2   2   2   2 |     CGC   0   0   0   0   0   0
    CTA   0   0   0   0   0   0 |     CCA   0   0   0   0   0   0 | Gln CAA   0   0   0   0   0   0 |     CGA   0   0   0   0   0   0
    CTG   3   3   3   3   3   3 |     CCG   0   0   0   0   0   0 |     CAG   2   2   2   2   2   2 |     CGG   0   1   1   1   1   1
--------------------------------------------------------------------------------------------------------------------------------------
Ile ATT   2   2   2   2   2   2 | Thr ACT   0   0   0   0   0   0 | Asn AAT   0   0   0   0   0   0 | Ser AGT   0   0   0   0   0   0
    ATC   2   2   2   2   2   2 |     ACC   0   0   0   0   0   0 |     AAC   0   0   0   0   0   0 |     AGC   0   0   0   0   0   0
    ATA   0   0   0   0   0   0 |     ACA   0   0   0   0   0   0 | Lys AAA   0   0   0   0   0   0 | Arg AGA   1   1   1   1   1   1
Met ATG   1   1   1   1   1   1 |     ACG   0   0   0   0   0   0 |     AAG   1   1   1   1   1   1 |     AGG   1   0   0   0   0   0
--------------------------------------------------------------------------------------------------------------------------------------
Val GTT   0   0   0   0   0   0 | Ala GCT   0   0   0   0   1   0 | Asp GAT   0   0   0   0   0   0 | Gly GGT   0   0   0   0   0   0
    GTC   0   0   0   0   0   0 |     GCC   2   2   2   2   1   2 |     GAC   0   0   0   0   0   0 |     GGC   1   1   2   1   1   1
    GTA   0   0   0   0   0   0 |     GCA   0   0   0   0   0   0 | Glu GAA   1   1   1   1   1   1 |     GGA   0   0   0   0   0   0
    GTG   2   2   2   2   2   2 |     GCG   0   0   0   0   0   0 |     GAG   3   3   3   3   3   3 |     GGG   2   2   1   2   2   2
--------------------------------------------------------------------------------------------------------------------------------------

--------------------------------------------------------------------------------------------------------------------------------------
Phe TTT   0   0   0   0   0   0 | Ser TCT   0   0   0   0   0   0 | Tyr TAT   0   0   0   0   0   0 | Cys TGT   0   0   0   0   0   0
    TTC   0   0   0   0   0   0 |     TCC   0   0   0   0   0   0 |     TAC   0   0   0   0   0   0 |     TGC   0   0   0   0   0   0
Leu TTA   0   0   0   0   0   0 |     TCA   0   0   0   0   0   0 | *** TAA   0   0   0   0   0   0 | *** TGA   0   0   0   0   0   0
    TTG   1   1   1   1   1   1 |     TCG   0   0   0   0   0   0 |     TAG   0   0   0   0   0   0 | Trp TGG   0   0   0   0   0   0
--------------------------------------------------------------------------------------------------------------------------------------
Leu CTT   0   0   0   0   0   0 | Pro CCT   0   0   0   0   0   0 | His CAT   0   0   0   0   0   0 | Arg CGT   0   0   0   0   0   0
    CTC   1   1   1   1   1   1 |     CCC   0   0   0   0   0   0 |     CAC   2   2   2   2   2   2 |     CGC   0   0   0   0   0   0
    CTA   0   0   0   0   0   0 |     CCA   0   0   0   0   0   0 | Gln CAA   0   0   0   0   0   0 |     CGA   0   0   0   0   1   0
    CTG   3   3   3   3   3   3 |     CCG   0   0   0   0   0   0 |     CAG   2   2   2   2   2   2 |     CGG   1   1   1   1   0   1
--------------------------------------------------------------------------------------------------------------------------------------
Ile ATT   2   2   2   2   2   2 | Thr ACT   0   0   0   0   0   0 | Asn AAT   0   0   0   0   0   0 | Ser AGT   0   0   0   0   0   0
    ATC   2   2   2   2   2   2 |     ACC   0   0   0   0   0   0 |     AAC   0   0   0   0   0   0 |     AGC   0   0   0   0   0   0
    ATA   0   0   0   0   0   0 |     ACA   0   0   0   0   0   0 | Lys AAA   0   0   0   0   0   0 | Arg AGA   1   1   1   1   1   1
Met ATG   1   1   1   1   1   1 |     ACG   0   0   0   0   0   0 |     AAG   1   1   1   1   1   1 |     AGG   0   0   0   0   0   0
--------------------------------------------------------------------------------------------------------------------------------------
Val GTT   0   0   0   0   0   0 | Ala GCT   0   0   0   1   0   0 | Asp GAT   0   0   0   0   0   0 | Gly GGT   0   0   0   0   0   0
    GTC   0   0   0   1   0   0 |     GCC   2   2   2   1   2   2 |     GAC   0   0   0   0   0   0 |     GGC   1   0   1   1   1   2
    GTA   0   0   0   0   0   0 |     GCA   0   0   0   0   0   0 | Glu GAA   1   0   1   1   1   1 |     GGA   0   1   0   0   0   0
    GTG   2   2   2   1   2   2 |     GCG   0   0   0   0   0   0 |     GAG   3   4   3   3   3   3 |     GGG   2   2   2   2   2   1
--------------------------------------------------------------------------------------------------------------------------------------

--------------------------------------------------------------------------------------------------------------------------------------
Phe TTT   0   0   0   0   0   0 | Ser TCT   0   0   0   0   0   0 | Tyr TAT   0   0   0   0   0   0 | Cys TGT   0   0   0   0   0   0
    TTC   0   0   0   0   0   0 |     TCC   0   0   0   0   0   0 |     TAC   0   0   0   0   0   0 |     TGC   0   0   0   0   0   0
Leu TTA   0   0   0   0   0   0 |     TCA   0   0   0   0   0   0 | *** TAA   0   0   0   0   0   0 | *** TGA   0   0   0   0   0   0
    TTG   1   1   1   1   1   0 |     TCG   0   0   0   0   0   0 |     TAG   0   0   0   0   0   0 | Trp TGG   0   0   0   0   0   0
--------------------------------------------------------------------------------------------------------------------------------------
Leu CTT   0   0   0   0   0   0 | Pro CCT   0   0   0   0   0   0 | His CAT   0   0   0   0   0   0 | Arg CGT   0   0   0   0   0   0
    CTC   1   1   1   1   1   1 |     CCC   0   0   0   0   0   0 |     CAC   2   2   2   2   2   2 |     CGC   0   0   0   0   0   0
    CTA   0   0   0   0   0   0 |     CCA   0   0   0   0   0   0 | Gln CAA   0   0   0   0   0   0 |     CGA   0   0   0   0   0   0
    CTG   3   3   3   3   3   4 |     CCG   0   0   0   0   0   0 |     CAG   2   2   2   2   2   2 |     CGG   1   1   1   1   1   1
--------------------------------------------------------------------------------------------------------------------------------------
Ile ATT   2   2   2   2   2   1 | Thr ACT   0   0   0   0   0   0 | Asn AAT   0   0   0   0   0   0 | Ser AGT   0   0   0   0   0   0
    ATC   2   2   2   2   2   2 |     ACC   0   0   0   0   0   0 |     AAC   0   0   0   0   0   0 |     AGC   0   0   0   0   0   0
    ATA   0   0   0   0   0   1 |     ACA   0   0   0   0   0   0 | Lys AAA   0   0   0   0   0   0 | Arg AGA   1   0   1   1   1   1
Met ATG   1   1   1   1   1   1 |     ACG   0   0   0   0   0   0 |     AAG   1   1   1   1   1   1 |     AGG   0   1   0   0   0   0
--------------------------------------------------------------------------------------------------------------------------------------
Val GTT   0   0   0   0   0   0 | Ala GCT   0   0   0   0   0   0 | Asp GAT   0   0   0   0   0   0 | Gly GGT   0   0   0   1   0   0
    GTC   0   0   0   0   0   0 |     GCC   2   2   2   2   2   2 |     GAC   0   0   0   0   0   0 |     GGC   2   1   2   1   1   1
    GTA   0   0   0   0   0   0 |     GCA   0   0   0   0   0   0 | Glu GAA   1   1   1   1   0   1 |     GGA   0   0   0   0   0   0
    GTG   2   2   2   2   2   2 |     GCG   0   0   0   0   0   0 |     GAG   3   3   3   3   4   3 |     GGG   1   2   1   1   2   2
--------------------------------------------------------------------------------------------------------------------------------------

--------------------------------------------------------------------------------------------------------------------------------------
Phe TTT   0   0   0   0   0   0 | Ser TCT   0   0   0   0   0   0 | Tyr TAT   0   0   0   0   0   0 | Cys TGT   0   0   0   0   0   0
    TTC   0   0   0   0   0   0 |     TCC   0   0   0   0   0   0 |     TAC   0   0   0   0   0   0 |     TGC   0   0   0   0   0   0
Leu TTA   0   0   0   0   0   0 |     TCA   0   0   0   0   0   0 | *** TAA   0   0   0   0   0   0 | *** TGA   0   0   0   0   0   0
    TTG   1   1   1   1   1   1 |     TCG   0   0   0   0   0   0 |     TAG   0   0   0   0   0   0 | Trp TGG   0   0   0   0   0   0
--------------------------------------------------------------------------------------------------------------------------------------
Leu CTT   0   0   0   0   0   0 | Pro CCT   0   0   0   0   0   0 | His CAT   0   0   0   0   0   0 | Arg CGT   0   0   0   0   0   0
    CTC   1   1   1   1   1   1 |     CCC   0   0   0   0   0   0 |     CAC   2   2   2   2   2   2 |     CGC   0   0   0   0   0   0
    CTA   0   0   0   1   0   0 |     CCA   0   0   0   0   0   0 | Gln CAA   0   0   0   0   0   0 |     CGA   0   0   0   0   0   0
    CTG   3   3   3   2   3   3 |     CCG   0   0   0   0   0   0 |     CAG   2   2   2   2   2   2 |     CGG   1   1   1   1   1   1
--------------------------------------------------------------------------------------------------------------------------------------
Ile ATT   2   2   2   2   2   2 | Thr ACT   0   0   0   0   0   0 | Asn AAT   0   0   0   0   0   0 | Ser AGT   0   0   0   0   0   0
    ATC   2   2   2   2   2   2 |     ACC   0   0   0   0   0   0 |     AAC   0   0   0   0   0   0 |     AGC   0   0   0   0   0   0
    ATA   0   0   0   0   0   0 |     ACA   0   0   0   0   0   0 | Lys AAA   0   0   0   0   0   0 | Arg AGA   1   1   1   1   1   1
Met ATG   1   1   1   1   1   1 |     ACG   0   0   0   0   0   0 |     AAG   1   1   1   1   1   1 |     AGG   0   0   0   0   0   0
--------------------------------------------------------------------------------------------------------------------------------------
Val GTT   0   0   0   0   0   0 | Ala GCT   0   0   0   0   0   0 | Asp GAT   0   0   0   0   0   0 | Gly GGT   0   0   0   0   0   0
    GTC   0   0   0   0   0   0 |     GCC   2   2   2   2   2   2 |     GAC   0   0   0   0   0   0 |     GGC   1   1   1   1   1   1
    GTA   0   0   0   0   0   0 |     GCA   0   0   0   0   0   0 | Glu GAA   1   1   1   1   1   1 |     GGA   0   0   0   0   0   0
    GTG   2   2   2   2   2   2 |     GCG   0   0   0   0   0   0 |     GAG   3   3   3   3   3   3 |     GGG   2   2   2   2   2   2
--------------------------------------------------------------------------------------------------------------------------------------

Codon position x base (3x4) table for each sequence.

#1: Argali         
position  1:    T:0.03571    C:0.32143    A:0.25000    G:0.39286
position  2:    T:0.42857    C:0.07143    A:0.32143    G:0.17857
position  3:    T:0.07143    C:0.28571    A:0.07143    G:0.57143
Average         T:0.17857    C:0.22619    A:0.21429    G:0.38095

#2: LesserMouseDeer
position  1:    T:0.03571    C:0.32143    A:0.25000    G:0.39286
position  2:    T:0.42857    C:0.07143    A:0.32143    G:0.17857
position  3:    T:0.03571    C:0.35714    A:0.03571    G:0.57143
Average         T:0.16667    C:0.25000    A:0.20238    G:0.38095

#3: LesserKudu     
position  1:    T:0.03571    C:0.32143    A:0.25000    G:0.39286
position  2:    T:0.42857    C:0.07143    A:0.32143    G:0.17857
position  3:    T:0.07143    C:0.28571    A:0.07143    G:0.57143
Average         T:0.17857    C:0.22619    A:0.21429    G:0.38095

#4: ForestMuskDeer2
position  1:    T:0.03571    C:0.32143    A:0.25000    G:0.39286
position  2:    T:0.42857    C:0.07143    A:0.32143    G:0.17857
position  3:    T:0.07143    C:0.28571    A:0.10714    G:0.53571
Average         T:0.17857    C:0.22619    A:0.22619    G:0.36905

#5: Camel          
position  1:    T:0.00000    C:0.35714    A:0.25000    G:0.39286
position  2:    T:0.42857    C:0.07143    A:0.32143    G:0.17857
position  3:    T:0.10714    C:0.25000    A:0.07143    G:0.57143
Average         T:0.17857    C:0.22619    A:0.21429    G:0.38095

#6: KillerWhale    
position  1:    T:0.00000    C:0.35714    A:0.25000    G:0.39286
position  2:    T:0.42857    C:0.07143    A:0.32143    G:0.17857
position  3:    T:0.00000    C:0.35714    A:0.03571    G:0.60714
Average         T:0.14286    C:0.26190    A:0.20238    G:0.39286

#7: DefassaWaterbuck
position  1:    T:0.03571    C:0.32143    A:0.25000    G:0.39286
position  2:    T:0.42857    C:0.07143    A:0.32143    G:0.17857
position  3:    T:0.07143    C:0.28571    A:0.07143    G:0.57143
Average         T:0.17857    C:0.22619    A:0.21429    G:0.38095

#8: Sheep          
position  1:    T:0.03571    C:0.32143    A:0.25000    G:0.39286
position  2:    T:0.42857    C:0.07143    A:0.32143    G:0.17857
position  3:    T:0.07143    C:0.28571    A:0.07143    G:0.57143
Average         T:0.17857    C:0.22619    A:0.21429    G:0.38095

#9: MaxwellsDuiker 
position  1:    T:0.03571    C:0.32143    A:0.25000    G:0.39286
position  2:    T:0.42857    C:0.07143    A:0.32143    G:0.17857
position  3:    T:0.03571    C:0.32143    A:0.07143    G:0.57143
Average         T:0.16667    C:0.23810    A:0.21429    G:0.38095

#10: GazellaPrzewalskyi
position  1:    T:0.03571    C:0.32143    A:0.25000    G:0.39286
position  2:    T:0.42857    C:0.07143    A:0.32143    G:0.17857
position  3:    T:0.07143    C:0.28571    A:0.07143    G:0.57143
Average         T:0.17857    C:0.22619    A:0.21429    G:0.38095

#11: MountainNyala  
position  1:    T:0.03571    C:0.32143    A:0.25000    G:0.39286
position  2:    T:0.42857    C:0.07143    A:0.32143    G:0.17857
position  3:    T:0.07143    C:0.28571    A:0.07143    G:0.57143
Average         T:0.17857    C:0.22619    A:0.21429    G:0.38095

#12: MuntiacusMuntjak
position  1:    T:0.03571    C:0.32143    A:0.25000    G:0.39286
position  2:    T:0.42857    C:0.07143    A:0.32143    G:0.17857
position  3:    T:0.07143    C:0.32143    A:0.07143    G:0.53571
Average         T:0.17857    C:0.23810    A:0.21429    G:0.36905

#13: goat           
position  1:    T:0.03571    C:0.32143    A:0.25000    G:0.39286
position  2:    T:0.42857    C:0.07143    A:0.32143    G:0.17857
position  3:    T:0.07143    C:0.28571    A:0.07143    G:0.57143
Average         T:0.17857    C:0.22619    A:0.21429    G:0.38095

#14: AfricanBuffalo 
position  1:    T:0.00000    C:0.35714    A:0.25000    G:0.39286
position  2:    T:0.42857    C:0.07143    A:0.32143    G:0.17857
position  3:    T:0.07143    C:0.28571    A:0.07143    G:0.57143
Average         T:0.16667    C:0.23810    A:0.21429    G:0.38095

#15: Topi           
position  1:    T:0.03571    C:0.32143    A:0.25000    G:0.39286
position  2:    T:0.42857    C:0.07143    A:0.32143    G:0.17857
position  3:    T:0.07143    C:0.28571    A:0.07143    G:0.57143
Average         T:0.17857    C:0.22619    A:0.21429    G:0.38095

#16: CommonDuiker   
position  1:    T:0.03571    C:0.32143    A:0.25000    G:0.39286
position  2:    T:0.42857    C:0.07143    A:0.32143    G:0.17857
position  3:    T:0.07143    C:0.28571    A:0.07143    G:0.57143
Average         T:0.17857    C:0.22619    A:0.21429    G:0.38095

#17: Suni           
position  1:    T:0.03571    C:0.32143    A:0.25000    G:0.39286
position  2:    T:0.42857    C:0.07143    A:0.32143    G:0.17857
position  3:    T:0.10714    C:0.28571    A:0.07143    G:0.53571
Average         T:0.19048    C:0.22619    A:0.21429    G:0.36905

#18: Springbuck     
position  1:    T:0.03571    C:0.32143    A:0.25000    G:0.39286
position  2:    T:0.42857    C:0.07143    A:0.32143    G:0.17857
position  3:    T:0.07143    C:0.28571    A:0.07143    G:0.57143
Average         T:0.17857    C:0.22619    A:0.21429    G:0.38095

#19: Okapi          
position  1:    T:0.07143    C:0.28571    A:0.25000    G:0.39286
position  2:    T:0.42857    C:0.07143    A:0.32143    G:0.17857
position  3:    T:0.10714    C:0.25000    A:0.07143    G:0.57143
Average         T:0.20238    C:0.20238    A:0.21429    G:0.38095

#20: Giraffe        
position  1:    T:0.03571    C:0.32143    A:0.25000    G:0.39286
position  2:    T:0.42857    C:0.07143    A:0.32143    G:0.17857
position  3:    T:0.07143    C:0.28571    A:0.07143    G:0.57143
Average         T:0.17857    C:0.22619    A:0.21429    G:0.38095

#21: TibetanAntelope
position  1:    T:0.03571    C:0.32143    A:0.25000    G:0.39286
position  2:    T:0.42857    C:0.07143    A:0.32143    G:0.17857
position  3:    T:0.07143    C:0.28571    A:0.10714    G:0.53571
Average         T:0.17857    C:0.22619    A:0.22619    G:0.36905

#22: Sitatunga      
position  1:    T:0.03571    C:0.32143    A:0.25000    G:0.39286
position  2:    T:0.42857    C:0.07143    A:0.32143    G:0.17857
position  3:    T:0.07143    C:0.28571    A:0.07143    G:0.57143
Average         T:0.17857    C:0.22619    A:0.21429    G:0.38095

#23: Oribi          
position  1:    T:0.03571    C:0.32143    A:0.25000    G:0.39286
position  2:    T:0.42857    C:0.07143    A:0.32143    G:0.17857
position  3:    T:0.07143    C:0.32143    A:0.07143    G:0.53571
Average         T:0.17857    C:0.23810    A:0.21429    G:0.36905

#24: BarbarySheep   
position  1:    T:0.03571    C:0.32143    A:0.25000    G:0.39286
position  2:    T:0.42857    C:0.07143    A:0.32143    G:0.17857
position  3:    T:0.07143    C:0.28571    A:0.07143    G:0.57143
Average         T:0.17857    C:0.22619    A:0.21429    G:0.38095

#25: Daviddeer      
position  1:    T:0.03571    C:0.32143    A:0.25000    G:0.39286
position  2:    T:0.42857    C:0.07143    A:0.32143    G:0.17857
position  3:    T:0.07143    C:0.32143    A:0.07143    G:0.53571
Average         T:0.17857    C:0.23810    A:0.21429    G:0.36905

#26: Reindeer       
position  1:    T:0.03571    C:0.32143    A:0.25000    G:0.39286
position  2:    T:0.42857    C:0.07143    A:0.32143    G:0.17857
position  3:    T:0.07143    C:0.32143    A:0.07143    G:0.53571
Average         T:0.17857    C:0.23810    A:0.21429    G:0.36905

#27: Ibex           
position  1:    T:0.03571    C:0.32143    A:0.25000    G:0.39286
position  2:    T:0.42857    C:0.07143    A:0.32143    G:0.17857
position  3:    T:0.07143    C:0.28571    A:0.07143    G:0.57143
Average         T:0.17857    C:0.22619    A:0.21429    G:0.38095

#28: GyrantGazelle  
position  1:    T:0.03571    C:0.32143    A:0.25000    G:0.39286
position  2:    T:0.42857    C:0.07143    A:0.32143    G:0.17857
position  3:    T:0.07143    C:0.28571    A:0.07143    G:0.57143
Average         T:0.17857    C:0.22619    A:0.21429    G:0.38095

#29: Hartebeest     
position  1:    T:0.03571    C:0.32143    A:0.25000    G:0.39286
position  2:    T:0.42857    C:0.07143    A:0.32143    G:0.17857
position  3:    T:0.07143    C:0.28571    A:0.07143    G:0.57143
Average         T:0.17857    C:0.22619    A:0.21429    G:0.38095

#30: Bongo          
position  1:    T:0.03571    C:0.32143    A:0.25000    G:0.39286
position  2:    T:0.42857    C:0.07143    A:0.32143    G:0.17857
position  3:    T:0.07143    C:0.28571    A:0.07143    G:0.57143
Average         T:0.17857    C:0.22619    A:0.21429    G:0.38095

#31: Gerenuk        
position  1:    T:0.03571    C:0.28571    A:0.28571    G:0.39286
position  2:    T:0.42857    C:0.07143    A:0.32143    G:0.17857
position  3:    T:0.07143    C:0.28571    A:0.07143    G:0.57143
Average         T:0.17857    C:0.21429    A:0.22619    G:0.38095

#32: CommonEland    
position  1:    T:0.03571    C:0.32143    A:0.25000    G:0.39286
position  2:    T:0.42857    C:0.07143    A:0.32143    G:0.17857
position  3:    T:0.07143    C:0.28571    A:0.07143    G:0.57143
Average         T:0.17857    C:0.22619    A:0.21429    G:0.38095

#33: MuntiacusReevesi
position  1:    T:0.03571    C:0.32143    A:0.25000    G:0.39286
position  2:    T:0.42857    C:0.07143    A:0.32143    G:0.17857
position  3:    T:0.07143    C:0.32143    A:0.07143    G:0.53571
Average         T:0.17857    C:0.23810    A:0.21429    G:0.36905

#34: HarveysDuiker  
position  1:    T:0.03571    C:0.32143    A:0.25000    G:0.39286
position  2:    T:0.42857    C:0.07143    A:0.32143    G:0.17857
position  3:    T:0.07143    C:0.28571    A:0.07143    G:0.57143
Average         T:0.17857    C:0.22619    A:0.21429    G:0.38095

#35: Pronghorn      
position  1:    T:0.03571    C:0.32143    A:0.25000    G:0.39286
position  2:    T:0.42857    C:0.07143    A:0.32143    G:0.17857
position  3:    T:0.10714    C:0.25000    A:0.07143    G:0.57143
Average         T:0.19048    C:0.21429    A:0.21429    G:0.38095

#36: BlueWildebeest 
position  1:    T:0.03571    C:0.32143    A:0.25000    G:0.39286
position  2:    T:0.42857    C:0.07143    A:0.32143    G:0.17857
position  3:    T:0.07143    C:0.28571    A:0.07143    G:0.57143
Average         T:0.17857    C:0.22619    A:0.21429    G:0.38095

#37: Gemsbok        
position  1:    T:0.03571    C:0.32143    A:0.25000    G:0.39286
position  2:    T:0.42857    C:0.07143    A:0.32143    G:0.17857
position  3:    T:0.07143    C:0.28571    A:0.07143    G:0.57143
Average         T:0.17857    C:0.22619    A:0.21429    G:0.38095

#38: Yak            
position  1:    T:0.03571    C:0.32143    A:0.25000    G:0.39286
position  2:    T:0.42857    C:0.07143    A:0.32143    G:0.17857
position  3:    T:0.07143    C:0.25000    A:0.07143    G:0.60714
Average         T:0.17857    C:0.21429    A:0.21429    G:0.39286

#39: BlueSheep      
position  1:    T:0.03571    C:0.32143    A:0.25000    G:0.39286
position  2:    T:0.42857    C:0.07143    A:0.32143    G:0.17857
position  3:    T:0.07143    C:0.28571    A:0.07143    G:0.57143
Average         T:0.17857    C:0.22619    A:0.21429    G:0.38095

#40: BohorReedbuck  
position  1:    T:0.03571    C:0.32143    A:0.25000    G:0.39286
position  2:    T:0.42857    C:0.07143    A:0.32143    G:0.17857
position  3:    T:0.10714    C:0.28571    A:0.07143    G:0.53571
Average         T:0.19048    C:0.22619    A:0.21429    G:0.36905

#41: KirksDik       
position  1:    T:0.03571    C:0.32143    A:0.25000    G:0.39286
position  2:    T:0.42857    C:0.07143    A:0.32143    G:0.17857
position  3:    T:0.07143    C:0.28571    A:0.10714    G:0.53571
Average         T:0.17857    C:0.22619    A:0.22619    G:0.36905

#42: RoeDeer        
position  1:    T:0.03571    C:0.32143    A:0.25000    G:0.39286
position  2:    T:0.42857    C:0.07143    A:0.32143    G:0.17857
position  3:    T:0.07143    C:0.32143    A:0.07143    G:0.53571
Average         T:0.17857    C:0.23810    A:0.21429    G:0.36905

#43: WhiteLippedDeer
position  1:    T:0.03571    C:0.32143    A:0.25000    G:0.39286
position  2:    T:0.42857    C:0.07143    A:0.32143    G:0.17857
position  3:    T:0.07143    C:0.32143    A:0.07143    G:0.53571
Average         T:0.17857    C:0.23810    A:0.21429    G:0.36905

#44: ThomsonGazelle 
position  1:    T:0.03571    C:0.32143    A:0.25000    G:0.39286
position  2:    T:0.42857    C:0.07143    A:0.32143    G:0.17857
position  3:    T:0.07143    C:0.28571    A:0.03571    G:0.60714
Average         T:0.17857    C:0.22619    A:0.20238    G:0.39286

#45: MuntiacusCrinifrons
position  1:    T:0.03571    C:0.32143    A:0.25000    G:0.39286
position  2:    T:0.42857    C:0.07143    A:0.32143    G:0.17857
position  3:    T:0.07143    C:0.32143    A:0.07143    G:0.53571
Average         T:0.17857    C:0.23810    A:0.21429    G:0.36905

#46: WhiteTailedDeer
position  1:    T:0.03571    C:0.32143    A:0.25000    G:0.39286
position  2:    T:0.42857    C:0.07143    A:0.32143    G:0.17857
position  3:    T:0.10714    C:0.28571    A:0.07143    G:0.53571
Average         T:0.19048    C:0.22619    A:0.21429    G:0.36905

#47: Cattle         
position  1:    T:0.03571    C:0.32143    A:0.25000    G:0.39286
position  2:    T:0.42857    C:0.07143    A:0.32143    G:0.17857
position  3:    T:0.07143    C:0.28571    A:0.03571    G:0.60714
Average         T:0.17857    C:0.22619    A:0.20238    G:0.39286

#48: RoyalAntelope  
position  1:    T:0.00000    C:0.35714    A:0.25000    G:0.39286
position  2:    T:0.42857    C:0.07143    A:0.32143    G:0.17857
position  3:    T:0.03571    C:0.28571    A:0.10714    G:0.57143
Average         T:0.15476    C:0.23810    A:0.22619    G:0.38095

#49: Steenbok       
position  1:    T:0.03571    C:0.32143    A:0.25000    G:0.39286
position  2:    T:0.42857    C:0.07143    A:0.32143    G:0.17857
position  3:    T:0.07143    C:0.28571    A:0.07143    G:0.57143
Average         T:0.17857    C:0.22619    A:0.21429    G:0.38095

#50: Impala         
position  1:    T:0.03571    C:0.32143    A:0.25000    G:0.39286
position  2:    T:0.42857    C:0.07143    A:0.32143    G:0.17857
position  3:    T:0.07143    C:0.28571    A:0.07143    G:0.57143
Average         T:0.17857    C:0.22619    A:0.21429    G:0.38095

#51: Klipspringer   
position  1:    T:0.03571    C:0.32143    A:0.25000    G:0.39286
position  2:    T:0.42857    C:0.07143    A:0.32143    G:0.17857
