CODONML (in paml version 4.10.7, June 2023)  /home/rachel/ruminants_paml/6406-phy-tree/ENSBTAT00000048740.fasta.phy
Model: free dN/dS Ratios for branches,  kappa = 2.000 fixed

Codon frequency model: F3x4
ns =  54  ls =  42

Codon usage in sequences
--------------------------------------------------------------------------------------------------------------------------------------
Phe TTT   2   2   2   2   1   2 | Ser TCT   0   0   0   0   0   0 | Tyr TAT   0   0   0   0   0   0 | Cys TGT   0   0   0   0   0   0
    TTC   0   0   0   0   1   0 |     TCC   0   0   0   0   0   0 |     TAC   0   0   0   0   0   0 |     TGC   2   2   2   2   2   2
Leu TTA   1   1   1   1   1   1 |     TCA   0   0   0   0   0   0 | *** TAA   0   0   0   0   0   0 | *** TGA   0   0   0   0   0   0
    TTG   1   2   1   1   1   3 |     TCG   0   0   0   0   0   0 |     TAG   0   0   0   0   0   0 | Trp TGG   0   0   0   0   0   0
--------------------------------------------------------------------------------------------------------------------------------------
Leu CTT   0   1   3   1   1   1 | Pro CCT   0   0   0   0   0   1 | His CAT   0   0   0   0   0   0 | Arg CGT   0   0   0   0   0   0
    CTC   4   2   1   3   3   3 |     CCC   1   0   1   1   1   0 |     CAC   1   1   1   1   1   1 |     CGC   0   0   0   0   0   0
    CTA   0   0   0   0   0   0 |     CCA   0   1   0   1   1   1 | Gln CAA   0   0   0   0   0   0 |     CGA   1   1   1   0   1   1
    CTG   3   3   3   3   3   2 |     CCG   1   1   1   0   0   0 |     CAG   1   2   2   2   2   2 |     CGG   1   0   0   1   0   0
--------------------------------------------------------------------------------------------------------------------------------------
Ile ATT   0   0   0   0   0   0 | Thr ACT   0   0   0   0   0   0 | Asn AAT   0   1   0   0   1   0 | Ser AGT   0   0   0   0   0   1
    ATC   0   0   0   0   0   0 |     ACC   0   0   0   0   0   0 |     AAC   1   0   1   1   1   1 |     AGC   1   1   1   1   2   1
    ATA   0   0   0   0   0   0 |     ACA   0   0   0   0   0   0 | Lys AAA   0   1   0   0   0   0 | Arg AGA   1   1   1   0   2   2
Met ATG   3   3   3   3   3   3 |     ACG   0   0   0   0   0   0 |     AAG   1   2   2   2   2   2 |     AGG   1   0   1   2   0   0
--------------------------------------------------------------------------------------------------------------------------------------
Val GTT   0   0   0   0   0   0 | Ala GCT   1   0   0   1   1   1 | Asp GAT   1   2   1   1   1   2 | Gly GGT   0   0   0   0   0   0
    GTC   1   1   1   1   1   1 |     GCC   2   2   2   2   1   1 |     GAC   3   3   4   4   2   2 |     GGC   1   0   0   0   0   0
    GTA   0   0   0   0   0   0 |     GCA   1   1   1   1   2   2 | Glu GAA   0   0   0   0   0   0 |     GGA   0   0   0   0   0   0
    GTG   1   1   1   1   1   0 |     GCG   1   2   2   1   1   1 |     GAG   3   2   2   2   2   2 |     GGG   0   0   0   0   0   0
--------------------------------------------------------------------------------------------------------------------------------------

--------------------------------------------------------------------------------------------------------------------------------------
Phe TTT   2   2   2   2   1   1 | Ser TCT   0   0   0   0   0   0 | Tyr TAT   0   0   0   0   0   0 | Cys TGT   0   0   0   0   0   0
    TTC   0   0   0   0   1   1 |     TCC   0   0   0   0   0   0 |     TAC   0   0   0   0   0   0 |     TGC   2   2   2   2   2   2
Leu TTA   1   1   1   1   1   1 |     TCA   0   0   0   0   0   0 | *** TAA   0   0   0   0   0   0 | *** TGA   0   0   0   0   0   0
    TTG   1   1   1   1   1   1 |     TCG   0   0   0   0   0   0 |     TAG   0   0   0   0   0   0 | Trp TGG   0   0   0   0   0   0
--------------------------------------------------------------------------------------------------------------------------------------
Leu CTT   1   0   1   1   3   1 | Pro CCT   0   0   0   0   0   0 | His CAT   0   0   0   0   0   0 | Arg CGT   0   0   0   0   0   0
    CTC   3   4   3   3   1   3 |     CCC   1   1   1   1   1   1 |     CAC   1   1   1   1   1   1 |     CGC   0   0   0   0   0   0
    CTA   0   0   0   0   0   0 |     CCA   0   0   0   1   0   0 | Gln CAA   0   0   0   0   0   0 |     CGA   1   1   1   1   1   1
    CTG   3   3   3   3   3   3 |     CCG   1   1   1   0   1   1 |     CAG   2   1   1   2   2   1 |     CGG   0   1   1   0   0   1
--------------------------------------------------------------------------------------------------------------------------------------
Ile ATT   0   0   0   0   0   0 | Thr ACT   0   0   0   0   0   0 | Asn AAT   0   0   0   0   1   0 | Ser AGT   0   0   0   0   0   0
    ATC   0   0   0   0   0   0 |     ACC   0   0   0   0   0   0 |     AAC   1   1   1   1   0   1 |     AGC   1   1   1   1   1   1
    ATA   0   0   0   0   0   0 |     ACA   0   0   0   0   0   0 | Lys AAA   0   0   0   0   0   0 | Arg AGA   1   1   1   1   1   1
Met ATG   3   3   3   3   3   3 |     ACG   0   0   0   0   0   0 |     AAG   2   1   2   2   2   2 |     AGG   1   1   1   1   1   1
--------------------------------------------------------------------------------------------------------------------------------------
Val GTT   0   0   0   0   0   0 | Ala GCT   0   1   1   1   0   1 | Asp GAT   2   1   1   1   1   2 | Gly GGT   0   0   0   0   0   0
    GTC   1   1   1   1   1   1 |     GCC   3   2   2   2   2   2 |     GAC   3   3   4   4   4   3 |     GGC   0   1   0   0   0   0
    GTA   0   0   0   0   0   0 |     GCA   1   1   2   1   1   1 | Glu GAA   0   0   0   0   0   0 |     GGA   0   0   0   0   0   0
    GTG   1   1   1   1   1   1 |     GCG   1   1   0   1   2   1 |     GAG   2   3   2   2   2   2 |     GGG   0   0   0   0   0   0
--------------------------------------------------------------------------------------------------------------------------------------

--------------------------------------------------------------------------------------------------------------------------------------
Phe TTT   2   2   2   2   2   1 | Ser TCT   0   0   0   0   0   0 | Tyr TAT   0   0   0   0   0   0 | Cys TGT   0   0   0   0   0   0
    TTC   0   0   0   0   0   1 |     TCC   0   0   0   0   0   0 |     TAC   0   0   0   0   0   0 |     TGC   2   2   2   2   2   2
Leu TTA   1   1   1   1   1   1 |     TCA   0   0   0   0   0   0 | *** TAA   0   0   0   0   0   0 | *** TGA   0   0   0   0   0   0
    TTG   1   1   1   1   1   1 |     TCG   0   0   0   0   0   0 |     TAG   0   0   0   0   0   0 | Trp TGG   0   0   0   0   0   0
--------------------------------------------------------------------------------------------------------------------------------------
Leu CTT   0   1   1   1   1   1 | Pro CCT   0   0   0   0   0   0 | His CAT   0   0   0   0   0   0 | Arg CGT   0   0   0   0   0   0
    CTC   4   3   3   3   3   3 |     CCC   1   1   1   1   1   1 |     CAC   1   1   1   1   1   1 |     CGC   0   0   0   0   0   0
    CTA   0   0   0   0   0   0 |     CCA   0   1   0   0   0   1 | Gln CAA   0   0   0   0   0   0 |     CGA   1   1   0   1   1   1
    CTG   3   3   3   3   3   3 |     CCG   1   0   1   1   1   0 |     CAG   1   2   2   2   2   2 |     CGG   1   0   1   0   0   0
--------------------------------------------------------------------------------------------------------------------------------------
Ile ATT   0   0   0   0   0   0 | Thr ACT   0   0   0   0   0   0 | Asn AAT   0   0   0   0   0   0 | Ser AGT   0   0   0   0   0   0
    ATC   0   0   0   0   0   0 |     ACC   0   0   0   0   0   0 |     AAC   1   1   1   1   1   1 |     AGC   1   1   1   1   1   1
    ATA   0   0   0   0   0   0 |     ACA   0   0   0   0   0   0 | Lys AAA   0   0   0   0   0   0 | Arg AGA   1   1   1   1   2   1
Met ATG   3   3   3   3   3   3 |     ACG   0   0   0   0   0   0 |     AAG   1   2   2   2   2   2 |     AGG   1   1   1   1   0   1
--------------------------------------------------------------------------------------------------------------------------------------
Val GTT   0   1   0   0   0   0 | Ala GCT   2   1   1   1   2   1 | Asp GAT   1   1   0   1   1   1 | Gly GGT   0   0   0   0   0   0
    GTC   1   0   1   1   1   1 |     GCC   1   2   2   3   2   2 |     GAC   3   4   5   4   4   4 |     GGC   1   0   0   0   0   0
    GTA   0   0   0   0   0   0 |     GCA   1   1   2   0   0   1 | Glu GAA   0   0   0   0   0   0 |     GGA   0   0   0   0   0   0
    GTG   1   1   1   1   1   1 |     GCG   1   1   0   1   1   1 |     GAG   3   2   2   2   2   2 |     GGG   0   0   0   0   0   0
--------------------------------------------------------------------------------------------------------------------------------------

--------------------------------------------------------------------------------------------------------------------------------------
Phe TTT   2   2   2   1   2   2 | Ser TCT   0   0   0   0   0   0 | Tyr TAT   0   0   0   0   0   0 | Cys TGT   0   0   0   0   0   0
    TTC   0   0   0   1   0   0 |     TCC   0   0   0   0   0   0 |     TAC   0   0   0   0   0   0 |     TGC   2   2   2   2   2   2
Leu TTA   1   1   1   1   1   1 |     TCA   0   0   0   0   0   0 | *** TAA   0   0   0   0   0   0 | *** TGA   0   0   0   0   0   0
    TTG   1   1   1   1   1   0 |     TCG   0   0   0   0   0   0 |     TAG   0   0   0   0   0   0 | Trp TGG   0   0   0   0   0   0
--------------------------------------------------------------------------------------------------------------------------------------
Leu CTT   1   1   2   3   1   0 | Pro CCT   0   0   0   0   0   0 | His CAT   0   0   0   0   0   0 | Arg CGT   0   0   0   0   0   0
    CTC   3   3   2   1   3   4 |     CCC   1   1   1   1   1   1 |     CAC   1   1   1   1   1   1 |     CGC   0   0   0   0   0   0
    CTA   0   0   0   0   0   0 |     CCA   0   0   0   0   0   0 | Gln CAA   0   0   0   0   0   0 |     CGA   1   1   1   1   1   1
    CTG   3   3   3   3   3   4 |     CCG   1   1   1   1   1   1 |     CAG   2   2   2   2   1   1 |     CGG   0   0   0   0   1   1
--------------------------------------------------------------------------------------------------------------------------------------
Ile ATT   0   0   0   0   0   0 | Thr ACT   0   0   0   0   0   0 | Asn AAT   0   0   0   0   0   0 | Ser AGT   0   0   0   0   0   0
    ATC   1   1   0   0   0   0 |     ACC   0   0   0   0   0   0 |     AAC   1   1   1   1   1   1 |     AGC   1   1   1   1   1   1
    ATA   0   0   0   0   0   0 |     ACA   0   0   0   0   0   0 | Lys AAA   0   0   0   0   0   0 | Arg AGA   1   1   1   1   1   1
Met ATG   2   2   3   3   3   3 |     ACG   0   0   0   0   0   0 |     AAG   2   2   2   2   2   1 |     AGG   1   1   1   1   1   1
--------------------------------------------------------------------------------------------------------------------------------------
Val GTT   0   0   0   0   0   0 | Ala GCT   1   1   1   0   1   2 | Asp GAT   1   1   2   1   1   1 | Gly GGT   0   0   0   0   0   0
    GTC   1   1   1   1   1   1 |     GCC   2   2   2   2   2   1 |     GAC   4   4   3   3   4   3 |     GGC   0   0   0   0   0   1
    GTA   1   0   0   0   0   0 |     GCA   0   1   1   1   1   1 | Glu GAA   0   0   0   1   0   0 |     GGA   0   0   0   0   0   0
    GTG   0   1   1   2   1   1 |     GCG   2   1   1   1   1   1 |     GAG   2   2   2   2   2   3 |     GGG   0   0   0   0   0   0
--------------------------------------------------------------------------------------------------------------------------------------

--------------------------------------------------------------------------------------------------------------------------------------
Phe TTT   1   2   2   2   2   2 | Ser TCT   0   0   0   0   0   0 | Tyr TAT   0   0   0   0   0   0 | Cys TGT   0   0   0   0   0   0
    TTC   1   0   0   0   0   0 |     TCC   0   0   0   0   0   0 |     TAC   0   0   0   0   0   0 |     TGC   2   2   2   2   2   2
Leu TTA   1   1   1   1   1   1 |     TCA   0   0   0   0   0   0 | *** TAA   0   0   0   0   0   0 | *** TGA   0   0   0   0   0   0
    TTG   1   2   1   1   1   1 |     TCG   0   0   0   0   0   0 |     TAG   0   0   0   0   0   0 | Trp TGG   0   0   0   0   0   0
--------------------------------------------------------------------------------------------------------------------------------------
Leu CTT   1   1   0   1   1   3 | Pro CCT   0   0   0   0   0   0 | His CAT   0   0   0   0   0   0 | Arg CGT   0   0   0   0   0   0
    CTC   3   3   4   3   3   1 |     CCC   1   1   1   1   1   1 |     CAC   1   1   1   1   1   1 |     CGC   0   0   0   0   0   0
    CTA   0   0   0   0   0   0 |     CCA   1   0   0   0   1   0 | Gln CAA   0   0   0   0   0   0 |     CGA   1   1   1   2   0   1
    CTG   3   2   3   3   3   3 |     CCG   0   1   1   1   0   1 |     CAG   1   1   1   2   2   2 |     CGG   1   1   1   0   1   0
--------------------------------------------------------------------------------------------------------------------------------------
Ile ATT   0   0   0   0   0   0 | Thr ACT   0   0   0   0   0   0 | Asn AAT   0   0   0   0   0   0 | Ser AGT   0   0   0   0   0   0
    ATC   0   0   0   0   0   0 |     ACC   0   0   0   0   0   0 |     AAC   1   1   1   1   1   1 |     AGC   1   1   1   1   1   1
    ATA   0   0   0   0   0   0 |     ACA   0   0   0   0   0   0 | Lys AAA   0   0   0   0   0   0 | Arg AGA   1   1   1   0   1   1
Met ATG   3   3   3   3   3   3 |     ACG   0   0   0   0   0   0 |     AAG   2   3   1   2   2   2 |     AGG   1   0   1   1   1   1
--------------------------------------------------------------------------------------------------------------------------------------
Val GTT   0   0   0   0   0   0 | Ala GCT   1   0   1   1   1   0 | Asp GAT   2   2   1   1   0   1 | Gly GGT   0   0   0   0   0   0
    GTC   1   1   1   1   1   1 |     GCC   2   3   2   2   2   2 |     GAC   2   3   3   4   5   4 |     GGC   0   0   1   0   0   0
    GTA   0   0   0   0   0   0 |     GCA   1   1   2   2   1   1 | Glu GAA   0   0   0   0   0   0 |     GGA   0   0   0   0   0   0
    GTG   1   1   1   1   1   1 |     GCG   1   1   0   0   1   2 |     GAG   3   2   3   2   2   2 |     GGG   0   0   0   0   0   0
--------------------------------------------------------------------------------------------------------------------------------------

--------------------------------------------------------------------------------------------------------------------------------------
Phe TTT   2   1   1   2   2   2 | Ser TCT   0   0   0   0   0   0 | Tyr TAT   0   0   0   0   0   0 | Cys TGT   0   0   0   0   0   0
    TTC   0   1   1   0   0   0 |     TCC   0   0   0   0   0   0 |     TAC   0   0   0   0   0   0 |     TGC   2   2   2   2   2   2
Leu TTA   1   1   1   1   1   1 |     TCA   0   0   0   0   0   0 | *** TAA   0   0   0   0   0   0 | *** TGA   0   0   0   0   0   0
    TTG   1   1   1   1   1   1 |     TCG   0   0   0   0   0   0 |     TAG   0   0   0   0   0   0 | Trp TGG   0   0   0   0   0   0
--------------------------------------------------------------------------------------------------------------------------------------
Leu CTT   1   3   1   1   1   1 | Pro CCT   0   0   0   0   0   0 | His CAT   0   0   0   0   0   0 | Arg CGT   0   0   0   0   0   0
    CTC   3   1   3   3   3   3 |     CCC   1   1   1   1   1   1 |     CAC   1   1   1   1   1   1 |     CGC   0   0   0   0   0   0
    CTA   0   1   0   0   0   0 |     CCA   1   0   0   0   0   0 | Gln CAA   0   0   0   0   0   0 |     CGA   1   1   1   1   0   0
    CTG   3   2   3   3   3   3 |     CCG   0   1   1   1   1   1 |     CAG   2   2   1   2   2   2 |     CGG   0   0   1   0   1   1
--------------------------------------------------------------------------------------------------------------------------------------
Ile ATT   0   0   0   0   0   0 | Thr ACT   0   0   0   0   0   0 | Asn AAT   0   0   0   0   0   0 | Ser AGT   0   0   0   0   0   0
    ATC   0   0   0   0   0   0 |     ACC   0   0   0   0   0   0 |     AAC   1   1   2   1   1   1 |     AGC   1   1   1   1   1   1
    ATA   0   0   0   0   0   0 |     ACA   0   0   0   0   0   0 | Lys AAA   0   0   0   0   0   0 | Arg AGA   1   1   1   1   1   1
Met ATG   3   3   3   3   3   3 |     ACG   0   0   0   0   0   0 |     AAG   2   2   2   2   2   2 |     AGG   1   1   1   1   1   1
--------------------------------------------------------------------------------------------------------------------------------------
Val GTT   0   0   0   0   0   0 | Ala GCT   1   0   1   1   0   1 | Asp GAT   1   1   2   1   2   0 | Gly GGT   0   0   0   0   0   0
    GTC   1   1   1   1   1   1 |     GCC   2   2   2   2   3   2 |     GAC   4   4   2   4   3   5 |     GGC   0   0   0   0   0   0
    GTA   0   0   0   0   0   0 |     GCA   1   1   1   1   0   1 | Glu GAA   0   0   0   0   0   0 |     GGA   0   0   0   0   0   0
    GTG   1   1   1   1   1   1 |     GCG   1   2   1   1   2   1 |     GAG   2   2   2   2   2   2 |     GGG   0   0   0   0   0   0
--------------------------------------------------------------------------------------------------------------------------------------

--------------------------------------------------------------------------------------------------------------------------------------
Phe TTT   2   2   2   2   2   2 | Ser TCT   0   0   0   0   0   0 | Tyr TAT   0   0   0   0   0   0 | Cys TGT   0   0   0   0   0   0
    TTC   0   0   0   0   0   0 |     TCC   0   0   0   0   0   0 |     TAC   0   0   0   0   0   0 |     TGC   2   2   2   2   2   2
Leu TTA   1   1   1   1   1   1 |     TCA   0   0   0   0   0   0 | *** TAA   0   0   0   0   0   0 | *** TGA   0   0   0   0   0   0
    TTG   1   1   0   1   1   1 |     TCG   0   0   0   0   0   0 |     TAG   0   0   0   0   0   0 | Trp TGG   0   0   0   0   0   0
--------------------------------------------------------------------------------------------------------------------------------------
Leu CTT   1   1   0   1   0   1 | Pro CCT   0   0   0   0   0   0 | His CAT   0   0   0   0   0   0 | Arg CGT   0   0   0   0   0   0
    CTC   3   3   4   3   3   3 |     CCC   1   1   1   1   1   1 |     CAC   1   1   1   1   1   1 |     CGC   0   0   0   0   0   0
    CTA   0   0   0   0   0   0 |     CCA   0   1   0   0   0   0 | Gln CAA   0   0   0   0   1   0 |     CGA   1   1   1   0   1   1
    CTG   3   3   4   3   4   3 |     CCG   1   0   1   1   1   1 |     CAG   2   2   1   2   1   1 |     CGG   0   0   1   0   0   1
--------------------------------------------------------------------------------------------------------------------------------------
Ile ATT   0   0   0   0   0   0 | Thr ACT   0   0   0   0   0   0 | Asn AAT   0   1   0   0   0   0 | Ser AGT   0   0   0   0   0   0
    ATC   0   0   0   0   0   0 |     ACC   0   0   0   0   0   0 |     AAC   1   0   1   1   1   1 |     AGC   1   1   0   1   1   1
    ATA   0   0   0   0   0   0 |     ACA   0   0   0   0   0   0 | Lys AAA   0   0   0   0   0   0 | Arg AGA   1   1   1   2   1   1
Met ATG   3   3   3   3   3   3 |     ACG   0   0   0   0   0   0 |     AAG   2   2   1   2   2   3 |     AGG   1   1   2   1   1   0
--------------------------------------------------------------------------------------------------------------------------------------
Val GTT   0   0   0   0   0   1 | Ala GCT   1   1   2   0   0   1 | Asp GAT   2   1   1   1   1   2 | Gly GGT   0   0   0   0   0   0
    GTC   1   1   1   1   1   0 |     GCC   2   2   1   3   3   2 |     GAC   3   4   3   4   4   3 |     GGC   0   0   1   0   0   0
    GTA   0   0   0   0   0   0 |     GCA   1   1   1   1   1   1 | Glu GAA   0   0   0   0   0   0 |     GGA   0   0   0   0   0   0
    GTG   1   1   1   1   1   1 |     GCG   1   1   1   1   1   1 |     GAG   2   2   3   2   2   2 |     GGG   0   0   0   0   0   0
--------------------------------------------------------------------------------------------------------------------------------------

--------------------------------------------------------------------------------------------------------------------------------------
Phe TTT   1   2   1   2   2   2 | Ser TCT   0   0   0   0   0   0 | Tyr TAT   0   0   0   0   0   0 | Cys TGT   0   0   0   0   0   0
    TTC   1   0   1   0   0   0 |     TCC   0   0   0   0   0   0 |     TAC   0   0   0   0   0   0 |     TGC   2   2   2   2   2   2
Leu TTA   1   1   1   1   1   1 |     TCA   0   0   0   0   0   0 | *** TAA   0   0   0   0   0   0 | *** TGA   0   0   0   0   0   0
    TTG   1   1   1   2   1   2 |     TCG   0   0   0   0   0   0 |     TAG   0   0   0   0   0   0 | Trp TGG   0   0   0   0   0   0
--------------------------------------------------------------------------------------------------------------------------------------
Leu CTT   1   1   1   1   1   1 | Pro CCT   0   0   0   0   0   0 | His CAT   0   0   0   0   0   0 | Arg CGT   0   0   0   0   0   0
    CTC   3   3   3   3   3   3 |     CCC   1   1   1   1   1   1 |     CAC   1   1   1   1   1   1 |     CGC   0   0   0   0   0   0
    CTA   0   0   0   0   0   0 |     CCA   0   0   0   0   1   0 | Gln CAA   0   0   0   0   0   0 |     CGA   1   1   1   1   1   1
    CTG   3   3   3   3   3   2 |     CCG   1   1   1   1   0   1 |     CAG   1   2   2   0   2   2 |     CGG   1   0   0   1   0   0
--------------------------------------------------------------------------------------------------------------------------------------
Ile ATT   0   0   0   0   0   0 | Thr ACT   0   0   0   0   0   0 | Asn AAT   0   0   0   0   1   0 | Ser AGT   0   0   0   0   0   0
    ATC   0   0   0   0   0   0 |     ACC   0   0   0   0   0   0 |     AAC   1   3   1   1   0   2 |     AGC   1   0   1   1   1   1
    ATA   0   0   0   0   0   0 |     ACA   0   0   0   0   0   0 | Lys AAA   0   0   0   0   0   0 | Arg AGA   1   1   1   1   1   1
Met ATG   3   3   3   3   3   3 |     ACG   0   0   0   0   0   0 |     AAG   2   2   2   3   2   2 |     AGG   1   1   1   0   1   1
--------------------------------------------------------------------------------------------------------------------------------------
Val GTT   0   0   0   0   0   0 | Ala GCT   1   1   1   0   1   0 | Asp GAT   2   1   2   2   1   0 | Gly GGT   0   0   0   0   0   0
    GTC   1   1   1   1   1   1 |     GCC   2   2   2   3   2   2 |     GAC   2   3   3   3   4   4 |     GGC   0   0   0   0   0   0
    GTA   0   0   0   0   0   0 |     GCA   1   2   1   1   1   1 | Glu GAA   0   0   0   0   0   0 |     GGA   0   0   0   0   0   0
    GTG   1   1   1   1   1   1 |     GCG   1   0   1   1   1   2 |     GAG   3   2   2   2   2   2 |     GGG   0   0   0   0   0   0
--------------------------------------------------------------------------------------------------------------------------------------

--------------------------------------------------------------------------------------------------------------------------------------
Phe TTT   2   2   2   2   1   1 | Ser TCT   0   0   0   0   0   0 | Tyr TAT   0   0   0   0   0   0 | Cys TGT   0   0   0   0   0   0
    TTC   0   0   0   0   1   1 |     TCC   0   0   0   0   0   0 |     TAC   0   0   0   0   0   0 |     TGC   2   1   2   2   2   2
Leu TTA   1   1   1   1   1   1 |     TCA   0   0   0   0   0   0 | *** TAA   0   0   0   0   0   0 | *** TGA   0   0   0   0   0   0
    TTG   1   1   1   1   1   1 |     TCG   0   0   0   0   0   0 |     TAG   0   0   0   0   0   0 | Trp TGG   0   0   0   0   0   0
--------------------------------------------------------------------------------------------------------------------------------------
Leu CTT   1   1   1   1   3   3 | Pro CCT   0   0   0   0   0   0 | His CAT   0   0   0   0   0   0 | Arg CGT   0   0   0   0   0   0
    CTC   3   3   3   3   1   1 |     CCC   1   1   1   1   1   1 |     CAC   1   1   1   1   1   1 |     CGC   0   1   0   0   0   0
    CTA   0   0   0   0   1   1 |     CCA   1   0   0   1   0   0 | Gln CAA   0   0   0   0   0   0 |     CGA   1   1   1   0   1   1
    CTG   3   4   3   3   2   2 |     CCG   0   1   1   0   1   1 |     CAG   2   2   2   2   2   2 |     CGG   0   0   0   1   0   0
--------------------------------------------------------------------------------------------------------------------------------------
Ile ATT   0   0   0   0   0   0 | Thr ACT   0   0   0   0   0   0 | Asn AAT   0   0   0   0   0   0 | Ser AGT   0   0   0   0   0   0
    ATC   0   1   1   0   0   0 |     ACC   0   0   0   0   0   0 |     AAC   1   1   1   1   1   1 |     AGC   1   1   1   1   1   1
    ATA   0   0   0   0   0   0 |     ACA   0   0   0   0   0   0 | Lys AAA   0   0   0   0   0   0 | Arg AGA   1   1   1   0   1   1
Met ATG   3   2   3   3   3   3 |     ACG   0   0   0   0   0   0 |     AAG   2   2   2   2   2   2 |     AGG   1   1   1   2   1   1
--------------------------------------------------------------------------------------------------------------------------------------
Val GTT   0   0   0   0   0   0 | Ala GCT   1   1   2   1   0   0 | Asp GAT   1   1   1   1   2   1 | Gly GGT   0   0   0   0   0   0
    GTC   1   0   0   1   1   1 |     GCC   2   2   1   2   2   2 |     GAC   4   4   4   4   2   4 |     GGC   0   0   0   0   1   0
    GTA   0   0   0   0   0   0 |     GCA   2   0   1   1   1   1 | Glu GAA   0   1   0   0   0   0 |     GGA   0   0   0   0   0   0
    GTG   1   1   1   1   1   1 |     GCG   0   1   1   1   2   2 |     GAG   2   2   2   2   2   2 |     GGG   0   0   0   0   0   0
--------------------------------------------------------------------------------------------------------------------------------------

Codon position x base (3x4) table for each sequence.

#1: Argali         
position  1:    T:0.14286    C:0.30952    A:0.19048    G:0.35714
position  2:    T:0.38095    C:0.16667    A:0.26190    G:0.19048
position  3:    T:0.09524    C:0.40476    A:0.09524    G:0.40476
Average         T:0.20635    C:0.29365    A:0.18254    G:0.31746

#2: LesserMouseDeer
position  1:    T:0.16667    C:0.28571    A:0.21429    G:0.33333
position  2:    T:0.38095    C:0.16667    A:0.33333    G:0.11905
position  3:    T:0.14286    C:0.28571    A:0.14286    G:0.42857
Average         T:0.23016    C:0.24603    A:0.23016    G:0.29365

#3: LesserKudu     
position  1:    T:0.14286    C:0.30952    A:0.21429    G:0.33333
position  2:    T:0.38095    C:0.16667    A:0.30952    G:0.14286
position  3:    T:0.14286    C:0.33333    A:0.09524    G:0.42857
Average         T:0.22222    C:0.26984    A:0.20635    G:0.30159

#4: ForestMuskDeer2
position  1:    T:0.14286    C:0.30952    A:0.21429    G:0.33333
position  2:    T:0.38095    C:0.16667    A:0.30952    G:0.14286
position  3:    T:0.11905    C:0.38095    A:0.07143    G:0.42857
Average         T:0.21429    C:0.28571    A:0.19841    G:0.30159

#5: Camel          
position  1:    T:0.14286    C:0.30952    A:0.26190    G:0.28571
position  2:    T:0.38095    C:0.16667    A:0.28571    G:0.16667
position  3:    T:0.11905    C:0.35714    A:0.16667    G:0.35714
Average         T:0.21429    C:0.27778    A:0.23810    G:0.26984

#6: KillerWhale    
position  1:    T:0.19048    C:0.28571    A:0.23810    G:0.28571
position  2:    T:0.38095    C:0.16667    A:0.28571    G:0.16667
position  3:    T:0.19048    C:0.28571    A:0.16667    G:0.35714
Average         T:0.25397    C:0.24603    A:0.23016    G:0.26984

#7: DefassaWaterbuck
position  1:    T:0.14286    C:0.30952    A:0.21429    G:0.33333
position  2:    T:0.38095    C:0.16667    A:0.30952    G:0.14286
position  3:    T:0.11905    C:0.38095    A:0.09524    G:0.40476
Average         T:0.21429    C:0.28571    A:0.20635    G:0.29365

#8: Sheep          
position  1:    T:0.14286    C:0.30952    A:0.19048    G:0.35714
position  2:    T:0.38095    C:0.16667    A:0.26190    G:0.19048
position  3:    T:0.09524    C:0.40476    A:0.09524    G:0.40476
Average         T:0.20635    C:0.29365    A:0.18254    G:0.31746

#9: MaxwellsDuiker 
position  1:    T:0.14286    C:0.30952    A:0.21429    G:0.33333
position  2:    T:0.38095    C:0.16667    A:0.28571    G:0.16667
position  3:    T:0.11905    C:0.38095    A:0.11905    G:0.38095
Average         T:0.21429    C:0.28571    A:0.20635    G:0.29365

#10: GazellaPrzewalskyi
position  1:    T:0.14286    C:0.30952    A:0.21429    G:0.33333
position  2:    T:0.38095    C:0.16667    A:0.30952    G:0.14286
position  3:    T:0.11905    C:0.38095    A:0.11905    G:0.38095
Average         T:0.21429    C:0.28571    A:0.21429    G:0.28571

#11: MountainNyala  
position  1:    T:0.14286    C:0.30952    A:0.21429    G:0.33333
position  2:    T:0.38095    C:0.16667    A:0.30952    G:0.14286
position  3:    T:0.14286    C:0.33333    A:0.09524    G:0.42857
Average         T:0.22222    C:0.26984    A:0.20635    G:0.30159

#12: MuntiacusMuntjak
position  1:    T:0.14286    C:0.30952    A:0.21429    G:0.33333
position  2:    T:0.38095    C:0.16667    A:0.28571    G:0.16667
position  3:    T:0.11905    C:0.38095    A:0.09524    G:0.40476
Average         T:0.21429    C:0.28571    A:0.19841    G:0.30159

#13: goat           
position  1:    T:0.14286    C:0.30952    A:0.19048    G:0.35714
position  2:    T:0.38095    C:0.16667    A:0.26190    G:0.19048
position  3:    T:0.11905    C:0.38095    A:0.09524    G:0.40476
Average         T:0.21429    C:0.28571    A:0.18254    G:0.31746

#14: AfricanBuffalo 
position  1:    T:0.14286    C:0.30952    A:0.21429    G:0.33333
position  2:    T:0.38095    C:0.16667    A:0.30952    G:0.14286
position  3:    T:0.14286    C:0.35714    A:0.11905    G:0.38095
Average         T:0.22222    C:0.27778    A:0.21429    G:0.28571

#15: Topi           
position  1:    T:0.14286    C:0.30952    A:0.21429    G:0.33333
position  2:    T:0.38095    C:0.16667    A:0.30952    G:0.14286
position  3:    T:0.09524    C:0.40476    A:0.09524    G:0.40476
Average         T:0.20635    C:0.29365    A:0.20635    G:0.29365

#16: CommonDuiker   
position  1:    T:0.14286    C:0.30952    A:0.21429    G:0.33333
position  2:    T:0.38095    C:0.16667    A:0.30952    G:0.14286
position  3:    T:0.11905    C:0.40476    A:0.07143    G:0.40476
Average         T:0.21429    C:0.29365    A:0.19841    G:0.29365

#17: Suni           
position  1:    T:0.14286    C:0.30952    A:0.21429    G:0.33333
position  2:    T:0.38095    C:0.16667    A:0.30952    G:0.14286
position  3:    T:0.14286    C:0.38095    A:0.09524    G:0.38095
Average         T:0.22222    C:0.28571    A:0.20635    G:0.28571

#18: Springbuck     
position  1:    T:0.14286    C:0.30952    A:0.21429    G:0.33333
position  2:    T:0.38095    C:0.16667    A:0.30952    G:0.14286
position  3:    T:0.09524    C:0.40476    A:0.11905    G:0.38095
Average         T:0.20635    C:0.29365    A:0.21429    G:0.28571

#19: Okapi          
position  1:    T:0.14286    C:0.30952    A:0.21429    G:0.33333
position  2:    T:0.38095    C:0.16667    A:0.30952    G:0.14286
position  3:    T:0.11905    C:0.40476    A:0.09524    G:0.38095
Average         T:0.21429    C:0.29365    A:0.20635    G:0.28571

#20: Giraffe        
position  1:    T:0.14286    C:0.30952    A:0.21429    G:0.33333
position  2:    T:0.38095    C:0.16667    A:0.30952    G:0.14286
position  3:    T:0.11905    C:0.40476    A:0.09524    G:0.38095
Average         T:0.21429    C:0.29365    A:0.20635    G:0.28571

#21: TibetanAntelope
position  1:    T:0.14286    C:0.30952    A:0.21429    G:0.33333
position  2:    T:0.38095    C:0.16667    A:0.30952    G:0.14286
position  3:    T:0.16667    C:0.33333    A:0.09524    G:0.40476
Average         T:0.23016    C:0.26984    A:0.20635    G:0.29365

#22: Sitatunga      
position  1:    T:0.14286    C:0.30952    A:0.21429    G:0.33333
position  2:    T:0.40476    C:0.14286    A:0.30952    G:0.14286
position  3:    T:0.11905    C:0.33333    A:0.11905    G:0.42857
Average         T:0.22222    C:0.26190    A:0.21429    G:0.30159

#23: Oribi          
position  1:    T:0.14286    C:0.30952    A:0.21429    G:0.33333
position  2:    T:0.38095    C:0.16667    A:0.28571    G:0.16667
position  3:    T:0.11905    C:0.38095    A:0.09524    G:0.40476
Average         T:0.21429    C:0.28571    A:0.19841    G:0.30159

#24: BarbarySheep   
position  1:    T:0.11905    C:0.33333    A:0.19048    G:0.35714
position  2:    T:0.38095    C:0.16667    A:0.26190    G:0.19048
position  3:    T:0.11905    C:0.38095    A:0.09524    G:0.40476
Average         T:0.20635    C:0.29365    A:0.18254    G:0.31746

#25: Daviddeer      
position  1:    T:0.14286    C:0.30952    A:0.21429    G:0.33333
position  2:    T:0.38095    C:0.16667    A:0.28571    G:0.16667
position  3:    T:0.11905    C:0.35714    A:0.11905    G:0.40476
Average         T:0.21429    C:0.27778    A:0.20635    G:0.30159

#26: Reindeer       
position  1:    T:0.16667    C:0.28571    A:0.21429    G:0.33333
position  2:    T:0.38095    C:0.16667    A:0.30952    G:0.14286
position  3:    T:0.11905    C:0.38095    A:0.09524    G:0.40476
Average         T:0.22222    C:0.27778    A:0.20635    G:0.29365

#27: Ibex           
position  1:    T:0.14286    C:0.30952    A:0.19048    G:0.35714
position  2:    T:0.38095    C:0.16667    A:0.26190    G:0.19048
position  3:    T:0.09524    C:0.40476    A:0.11905    G:0.38095
Average         T:0.20635    C:0.29365    A:0.19048    G:0.30952

#28: GyrantGazelle  
position  1:    T:0.14286    C:0.33333    A:0.19048    G:0.33333
position  2:    T:0.38095    C:0.16667    A:0.30952    G:0.14286
position  3:    T:0.11905    C:0.38095    A:0.11905    G:0.38095
Average         T:0.21429    C:0.29365    A:0.20635    G:0.28571

#29: Hartebeest     
position  1:    T:0.14286    C:0.30952    A:0.21429    G:0.33333
position  2:    T:0.38095    C:0.16667    A:0.30952    G:0.14286
position  3:    T:0.09524    C:0.40476    A:0.09524    G:0.40476
Average         T:0.20635    C:0.29365    A:0.20635    G:0.29365

#30: Bongo          
position  1:    T:0.14286    C:0.30952    A:0.21429    G:0.33333
position  2:    T:0.38095    C:0.16667    A:0.30952    G:0.14286
position  3:    T:0.14286    C:0.33333    A:0.09524    G:0.42857
Average         T:0.22222    C:0.26984    A:0.20635    G:0.30159

#31: Gerenuk        
position  1:    T:0.14286    C:0.30952    A:0.21429    G:0.33333
position  2:    T:0.38095    C:0.16667    A:0.30952    G:0.14286
position  3:    T:0.11905    C:0.38095    A:0.11905    G:0.38095
Average         T:0.21429    C:0.28571    A:0.21429    G:0.28571

#32: CommonEland    
position  1:    T:0.14286    C:0.30952    A:0.21429    G:0.33333
position  2:    T:0.38095    C:0.16667    A:0.30952    G:0.14286
position  3:    T:0.11905    C:0.35714    A:0.11905    G:0.40476
Average         T:0.21429    C:0.27778    A:0.21429    G:0.29365

#33: MuntiacusReevesi
position  1:    T:0.14286    C:0.30952    A:0.23810    G:0.30952
position  2:    T:0.38095    C:0.16667    A:0.28571    G:0.16667
position  3:    T:0.11905    C:0.38095    A:0.09524    G:0.40476
Average         T:0.21429    C:0.28571    A:0.20635    G:0.29365

#34: HarveysDuiker  
position  1:    T:0.14286    C:0.30952    A:0.21429    G:0.33333
position  2:    T:0.38095    C:0.16667    A:0.30952    G:0.14286
position  3:    T:0.11905    C:0.38095    A:0.09524    G:0.40476
Average         T:0.21429    C:0.28571    A:0.20635    G:0.29365

#35: Pronghorn      
position  1:    T:0.14286    C:0.30952    A:0.21429    G:0.33333
position  2:    T:0.38095    C:0.16667    A:0.30952    G:0.14286
position  3:    T:0.11905    C:0.38095    A:0.04762    G:0.45238
Average         T:0.21429    C:0.28571    A:0.19048    G:0.30952

#36: BlueWildebeest 
position  1:    T:0.14286    C:0.30952    A:0.21429    G:0.33333
position  2:    T:0.38095    C:0.16667    A:0.30952    G:0.14286
position  3:    T:0.09524    C:0.40476    A:0.07143    G:0.42857
Average         T:0.20635    C:0.29365    A:0.19841    G:0.30159

#37: Gemsbok        
position  1:    T:0.14286    C:0.30952    A:0.21429    G:0.33333
position  2:    T:0.38095    C:0.16667    A:0.30952    G:0.14286
position  3:    T:0.14286    C:0.35714    A:0.09524    G:0.40476
Average         T:0.22222    C:0.27778    A:0.20635    G:0.29365

#38: Yak            
position  1:    T:0.14286    C:0.30952    A:0.21429    G:0.33333
position  2:    T:0.38095    C:0.16667    A:0.30952    G:0.14286
position  3:    T:0.14286    C:0.35714    A:0.11905    G:0.38095
Average         T:0.22222    C:0.27778    A:0.21429    G:0.28571

#39: BlueSheep      
position  1:    T:0.11905    C:0.33333    A:0.19048    G:0.35714
position  2:    T:0.38095    C:0.16667    A:0.26190    G:0.19048
position  3:    T:0.11905    C:0.35714    A:0.09524    G:0.42857
Average         T:0.20635    C:0.28571    A:0.18254    G:0.32540

#40: BohorReedbuck  
position  1:    T:0.14286    C:0.28571    A:0.23810    G:0.33333
position  2:    T:0.38095    C:0.16667    A:0.30952    G:0.14286
position  3:    T:0.09524    C:0.40476    A:0.09524    G:0.40476
Average         T:0.20635    C:0.28571    A:0.21429    G:0.29365

#41: KirksDik       
position  1:    T:0.14286    C:0.30952    A:0.21429    G:0.33333
position  2:    T:0.38095    C:0.16667    A:0.30952    G:0.14286
position  3:    T:0.07143    C:0.40476    A:0.11905    G:0.40476
Average         T:0.19841    C:0.29365    A:0.21429    G:0.29365

#42: RoeDeer        
position  1:    T:0.14286    C:0.30952    A:0.21429    G:0.33333
position  2:    T:0.38095    C:0.16667    A:0.30952    G:0.14286
position  3:    T:0.16667    C:0.33333    A:0.09524    G:0.40476
Average         T:0.23016    C:0.26984    A:0.20635    G:0.29365

#43: WhiteLippedDeer
position  1:    T:0.14286    C:0.30952    A:0.21429    G:0.33333
position  2:    T:0.38095    C:0.16667    A:0.28571    G:0.16667
position  3:    T:0.11905    C:0.35714    A:0.09524    G:0.42857
Average         T:0.21429    C:0.27778    A:0.19841    G:0.30952

#44: ThomsonGazelle 
position  1:    T:0.14286    C:0.30952    A:0.23810    G:0.30952
position  2:    T:0.38095    C:0.16667    A:0.33333    G:0.11905
position  3:    T:0.11905    C:0.38095    A:0.11905    G:0.38095
Average         T:0.21429    C:0.28571    A:0.23016    G:0.26984

#45: MuntiacusCrinifrons
position  1:    T:0.14286    C:0.30952    A:0.21429    G:0.33333
position  2:    T:0.38095    C:0.16667    A:0.30952    G:0.14286
position  3:    T:0.11905    C:0.38095    A:0.09524    G:0.40476
Average         T:0.21429    C:0.28571    A:0.20635    G:0.29365

#46: WhiteTailedDeer
position  1:    T:0.16667    C:0.28571    A:0.21429    G:0.33333
position  2:    T:0.40476    C:0.16667    A:0.28571    G:0.14286
position  3:    T:0.11905    C:0.38095    A:0.09524    G:0.40476
Average         T:0.23016    C:0.27778    A:0.19841    G:0.29365

#47: Cattle         
position  1:    T:0.14286    C:0.30952    A:0.21429    G:0.33333
position  2:    T:0.38095    C:0.16667    A:0.30952    G:0.14286
position  3:    T:0.14286    C:0.35714    A:0.11905    G:0.38095
Average         T:0.22222    C:0.27778    A:0.21429    G:0.28571

#48: RoyalAntelope  
position  1:    T:0.16667    C:0.28571    A:0.23810    G:0.30952
position  2:    T:0.38095    C:0.16667    A:0.30952    G:0.14286
position  3:    T:0.07143    C:0.40476    A:0.09524    G:0.42857
Average         T:0.20635    C:0.28571    A:0.21429    G:0.29365

#49: Steenbok       
position  1:    T:0.14286    C:0.30952    A:0.21429    G:0.33333
position  2:    T:0.38095    C:0.16667    A:0.30952    G:0.14286
position  3:    T:0.11905    C:0.38095    A:0.14286    G:0.35714
Average         T:0.21429    C:0.28571    A:0.22222    G:0.27778

#50: Impala         
position  1:    T:0.11905    C:0.35714    A:0.21429    G:0.30952
position  2:    T:0.38095    C:0.14286    A:0.33333    G:0.14286
position  3:    T:0.11905    C:0.38095    A:0.09524    G:0.40476
Average         T:0.20635    C:0.29365    A:0.21429    G:0.28571

#51: Klipspringer   
position  1:    T:0.14286    C:0.30952    A:0.23810    G:0.30952
position  2:    T:0.38095    C:0.16667    A:0.30952    G:0.14286
