1
52 1
Argali 0.000000 0.154500 0.072400 0.118100 0.040800 0.009800 0.040900 0.030500 0.062100 0.051600 0.009900 0.051600 0.051500 0.040900 0.050600 0.030600 0.061900 0.040800 0.009900 0.062100 0.050800 0.020100 0.084800 0.051400 0.009900 0.040800 0.030100 0.062100 0.030300 0.062100 0.073300 0.040900 0.040500 0.030400 0.030200 0.061800 0.020000 0.030200 0.051200 0.062700 0.073300 0.020200 0.051600 0.051600 0.061800 0.071500 0.030300 0.040900 0.025100 0.040800 0.085100 0.062100
LesserMous 0.154500 0.000000 0.129300 0.164500 0.154100 0.141900 0.153800 0.141900 0.118500 0.142300 0.141700 0.142600 0.106500 0.153800 0.163200 0.142700 0.106100 0.130300 0.140500 0.118500 0.152100 0.155300 0.180500 0.141600 0.141700 0.153800 0.117000 0.118500 0.140900 0.118600 0.142700 0.153800 0.152400 0.141300 0.164300 0.153400 0.154200 0.140700 0.140500 0.155300 0.166900 0.129900 0.142300 0.142400 0.153400 0.128200 0.117800 0.130000 0.137600 0.129800 0.144000 0.118500
LesserKudu 0.072400 0.129300 0.000000 0.105900 0.071900 0.061400 0.071900 0.061500 0.010000 0.040700 0.061400 0.040700 0.083000 0.072100 0.060600 0.061600 0.030200 0.030300 0.060800 0.010000 0.081800 0.072600 0.073300 0.040600 0.061400 0.072000 0.060700 0.010000 0.060900 0.009700 0.040800 0.072100 0.050600 0.061200 0.082500 0.050800 0.072300 0.060900 0.082400 0.051500 0.062100 0.050900 0.040700 0.061800 0.050800 0.081600 0.040300 0.050700 0.060200 0.030200 0.030700 0.010000
KillerWhal 0.118100 0.164500 0.105900 0.000000 0.117600 0.106200 0.117900 0.106200 0.095300 0.084400 0.106100 0.084300 0.141200 0.117900 0.104600 0.106800 0.072500 0.073300 0.105400 0.095300 0.104400 0.118600 0.096700 0.084100 0.106100 0.117300 0.116300 0.095300 0.105600 0.095400 0.107200 0.117900 0.094200 0.128900 0.128500 0.094700 0.117800 0.105500 0.128600 0.096200 0.084800 0.095000 0.084400 0.106700 0.094700 0.126900 0.105800 0.117700 0.102200 0.073100 0.119900 0.095300
DefassaWat 0.040800 0.154100 0.071900 0.117600 0.000000 0.030300 0.040600 0.030300 0.061700 0.051400 0.030300 0.051400 0.072500 0.040600 0.050400 0.020000 0.061700 0.040800 0.030000 0.061700 0.050400 0.030300 0.084500 0.051200 0.030300 0.040600 0.050600 0.061700 0.030000 0.061600 0.073000 0.040600 0.040400 0.051000 0.050800 0.061600 0.040800 0.009900 0.050800 0.062400 0.073000 0.020100 0.051400 0.051400 0.061600 0.071200 0.030200 0.040600 0.028300 0.040700 0.084600 0.061700
Sheep 0.009800 0.141900 0.061400 0.106200 0.030300 0.000000 0.030400 0.020100 0.051200 0.040900 0.000100 0.040900 0.040800 0.030400 0.040100 0.020200 0.051000 0.030300 0.000100 0.051200 0.040200 0.010000 0.073500 0.040700 0.000100 0.030300 0.019900 0.051200 0.020000 0.051200 0.062200 0.030400 0.030100 0.020100 0.020000 0.051000 0.009900 0.020000 0.040500 0.051700 0.062200 0.010000 0.040900 0.040900 0.051000 0.060700 0.020000 0.030400 0.013300 0.030300 0.073600 0.051200
MaxwellsDu 0.040900 0.153800 0.071900 0.117900 0.040600 0.030400 0.000000 0.030400 0.061900 0.051500 0.030400 0.051500 0.072700 0.000000 0.050500 0.030500 0.061800 0.040900 0.030100 0.061900 0.050500 0.041100 0.084700 0.051300 0.030400 0.040700 0.050700 0.061900 0.029300 0.061800 0.073200 0.000000 0.040500 0.051100 0.051000 0.061700 0.040900 0.030100 0.050900 0.062500 0.073200 0.020200 0.051500 0.051500 0.061700 0.071400 0.030300 0.040600 0.028300 0.040800 0.084800 0.061900
GazellaPrz 0.030500 0.141900 0.061500 0.106200 0.030300 0.020100 0.030400 0.000000 0.051200 0.040900 0.020100 0.030500 0.061800 0.030400 0.040100 0.020200 0.051200 0.030400 0.019900 0.051200 0.040300 0.030600 0.073500 0.040700 0.020100 0.009900 0.040300 0.051200 0.020000 0.051200 0.062200 0.030400 0.030100 0.040600 0.040400 0.040600 0.030400 0.020000 0.030200 0.051700 0.062200 0.010000 0.040900 0.040900 0.040600 0.060700 0.020000 0.030400 0.015300 0.030300 0.073700 0.051200
MountainNy 0.062100 0.118500 0.010000 0.095300 0.061700 0.051200 0.061900 0.051200 0.000000 0.030600 0.051200 0.030600 0.072600 0.061900 0.050500 0.050700 0.020100 0.020200 0.050800 0.000000 0.071700 0.061800 0.062800 0.030500 0.051200 0.061700 0.050600 0.000000 0.050900 0.000000 0.030600 0.061900 0.040500 0.051000 0.072100 0.040700 0.062000 0.050900 0.072300 0.041200 0.051700 0.040700 0.030600 0.051500 0.040700 0.071400 0.030200 0.040700 0.048800 0.020200 0.020500 0.000000
MuntiacusM 0.051600 0.142300 0.040700 0.084400 0.051400 0.040900 0.051500 0.040900 0.030600 0.000000 0.040800 0.020300 0.083800 0.051500 0.040300 0.041100 0.030500 0.010100 0.040500 0.030600 0.061300 0.051800 0.029700 0.000000 0.040800 0.051300 0.061300 0.030600 0.040600 0.030600 0.019800 0.051500 0.030300 0.061800 0.061600 0.030400 0.051500 0.040600 0.061800 0.009800 0.019900 0.030500 0.000000 0.020200 0.030400 0.061000 0.040700 0.051400 0.038100 0.010100 0.052300 0.030600
goat 0.009900 0.141700 0.061400 0.106100 0.030300 0.000100 0.030400 0.020100 0.051200 0.040800 0.000000 0.040800 0.040700 0.030400 0.040100 0.020200 0.051000 0.030300 0.000000 0.051200 0.040200 0.009900 0.073400 0.040700 0.000000 0.030300 0.019900 0.051200 0.020000 0.051200 0.062200 0.030400 0.030100 0.020000 0.020000 0.051000 0.009900 0.020000 0.040500 0.051600 0.062200 0.010000 0.040800 0.040900 0.051000 0.060700 0.020000 0.030300 0.015200 0.030300 0.073600 0.051200
AfricanBuf 0.051600 0.142600 0.040700 0.084300 0.051400 0.040900 0.051500 0.030500 0.030600 0.020300 0.040800 0.000000 0.083900 0.051500 0.040300 0.041100 0.030500 0.010100 0.040500 0.030600 0.061300 0.051800 0.052200 0.020300 0.040800 0.040800 0.061400 0.030600 0.040600 0.030600 0.041300 0.051500 0.030300 0.061800 0.061600 0.009900 0.051500 0.040600 0.040600 0.030900 0.041300 0.030500 0.020300 0.041100 0.009900 0.061000 0.040700 0.051400 0.037200 0.010100 0.052300 0.030600
Topi 0.051500 0.106500 0.083000 0.141200 0.072500 0.040800 0.072700 0.061800 0.072600 0.083800 0.040700 0.083900 0.000000 0.072700 0.082200 0.062100 0.072500 0.072800 0.040400 0.072600 0.071800 0.051700 0.118600 0.083500 0.040700 0.072500 0.019800 0.072600 0.061400 0.072600 0.084000 0.072700 0.072100 0.040500 0.061400 0.094200 0.051400 0.061400 0.083100 0.095500 0.106500 0.051200 0.083800 0.083900 0.094200 0.103900 0.040500 0.051200 0.059700 0.072600 0.096000 0.072600
CommonDuik 0.040900 0.153800 0.072100 0.117900 0.040600 0.030400 0.000000 0.030400 0.061900 0.051500 0.030400 0.051500 0.072700 0.000000 0.050500 0.030500 0.061800 0.040900 0.030100 0.061900 0.050500 0.041100 0.084700 0.051300 0.030400 0.040700 0.050700 0.061900 0.030100 0.061800 0.073200 0.000000 0.040500 0.051100 0.051000 0.061700 0.040900 0.030100 0.050900 0.062500 0.073200 0.020200 0.051500 0.051500 0.061700 0.071400 0.030300 0.040600 0.028300 0.040800 0.084800 0.061900
Suni 0.050600 0.163200 0.060600 0.104600 0.050400 0.040100 0.050500 0.040100 0.050500 0.040300 0.040100 0.040300 0.082200 0.050500 0.000000 0.040300 0.050400 0.029900 0.039800 0.050500 0.039700 0.050800 0.072500 0.040100 0.040100 0.050300 0.060200 0.050500 0.039800 0.050500 0.061300 0.050500 0.029700 0.060700 0.060500 0.050300 0.050500 0.039800 0.060600 0.050900 0.061300 0.029900 0.040300 0.061100 0.050300 0.080700 0.039900 0.050400 0.036500 0.029900 0.072500 0.050500
Springbuck 0.030600 0.142700 0.061600 0.106800 0.020000 0.020200 0.030500 0.020200 0.050700 0.041100 0.020200 0.041100 0.062100 0.030500 0.040300 0.000000 0.051400 0.030600 0.020000 0.050700 0.040400 0.010000 0.073900 0.040900 0.020200 0.030400 0.040400 0.050700 0.020100 0.051300 0.062500 0.030500 0.030300 0.040700 0.040600 0.051300 0.030600 0.020100 0.040700 0.051900 0.062600 0.010000 0.041100 0.041100 0.051300 0.061000 0.020100 0.030500 0.015300 0.030500 0.073700 0.050700
Okapi 0.061900 0.106100 0.030200 0.072500 0.061700 0.051000 0.061800 0.051200 0.020100 0.030500 0.051000 0.030500 0.072500 0.061800 0.050400 0.051400 0.000000 0.020200 0.050700 0.020100 0.071700 0.062100 0.062700 0.030400 0.051000 0.082900 0.050500 0.020100 0.050800 0.020200 0.030600 0.061800 0.040400 0.050900 0.072000 0.040600 0.061800 0.050800 0.072200 0.041200 0.051600 0.040700 0.030500 0.051500 0.040600 0.071300 0.030200 0.040700 0.047300 0.020100 0.041400 0.020100
Giraffe 0.040800 0.130300 0.030300 0.073300 0.040800 0.030300 0.040900 0.030400 0.020200 0.010100 0.030300 0.010100 0.072800 0.040900 0.029900 0.030600 0.020200 0.000000 0.030200 0.020200 0.050700 0.041000 0.041500 0.010100 0.030300 0.060900 0.050700 0.020200 0.030200 0.020200 0.030700 0.040900 0.020000 0.051100 0.051000 0.020200 0.040800 0.030200 0.051100 0.020400 0.030700 0.020200 0.010100 0.030600 0.020200 0.050400 0.030300 0.040800 0.024500 0.000200 0.041600 0.020200
TibetanAnt 0.009900 0.140500 0.060800 0.105400 0.030000 0.000100 0.030100 0.019900 0.050800 0.040500 0.000000 0.040500 0.040400 0.030100 0.039800 0.020000 0.050700 0.030200 0.000000 0.050800 0.037900 0.010000 0.072900 0.040400 0.000000 0.030000 0.019700 0.050800 0.019800 0.050700 0.061700 0.030100 0.029900 0.019900 0.019800 0.050600 0.010000 0.019800 0.040100 0.051200 0.061700 0.009900 0.040500 0.040500 0.050600 0.060200 0.019900 0.030000 0.016900 0.030100 0.073000 0.050800
Sitatunga 0.062100 0.118500 0.010000 0.095300 0.061700 0.051200 0.061900 0.051200 0.000000 0.030600 0.051200 0.030600 0.072600 0.061900 0.050500 0.050700 0.020100 0.020200 0.050800 0.000000 0.071700 0.061800 0.062800 0.030500 0.051200 0.061700 0.050600 0.000000 0.050900 0.000000 0.030600 0.061900 0.040500 0.051000 0.072100 0.040700 0.062000 0.050900 0.072300 0.041200 0.051700 0.040700 0.030600 0.051500 0.040700 0.071400 0.030200 0.040700 0.048800 0.020200 0.020500 0.000000
Oribi 0.050800 0.152100 0.081800 0.104400 0.050400 0.040200 0.050500 0.040300 0.071700 0.061300 0.040200 0.061300 0.071800 0.050500 0.039700 0.040400 0.071700 0.050700 0.037900 0.071700 0.000000 0.051000 0.094500 0.061100 0.040200 0.050600 0.050100 0.071700 0.039900 0.071600 0.083000 0.050500 0.050200 0.060900 0.060700 0.071500 0.050700 0.039800 0.060700 0.072400 0.083000 0.030000 0.061300 0.061400 0.071500 0.081000 0.040100 0.050500 0.038600 0.050600 0.094700 0.071700
BarbaryShe 0.020100 0.155300 0.072600 0.118600 0.030300 0.010000 0.041100 0.030600 0.061800 0.051800 0.009900 0.051800 0.051700 0.041100 0.050800 0.010000 0.062100 0.041000 0.010000 0.061800 0.051000 0.000000 0.085200 0.051600 0.009700 0.041000 0.030300 0.061800 0.030400 0.062200 0.073600 0.041100 0.040700 0.030500 0.030400 0.062100 0.020100 0.030400 0.051400 0.062900 0.073600 0.020300 0.051800 0.051800 0.062100 0.071800 0.030500 0.041000 0.027100 0.041000 0.085100 0.061800
Daviddeer 0.084800 0.180500 0.073300 0.096700 0.084500 0.073500 0.084700 0.073500 0.062800 0.029700 0.073400 0.052200 0.118600 0.084700 0.072500 0.073900 0.062700 0.041500 0.072900 0.062800 0.094500 0.085200 0.000000 0.030600 0.073400 0.084400 0.094600 0.062800 0.073000 0.062900 0.051800 0.084700 0.062300 0.095400 0.095200 0.062500 0.084700 0.073000 0.095200 0.040400 0.010200 0.062700 0.030700 0.051800 0.062500 0.094100 0.073200 0.084600 0.071600 0.041400 0.086100 0.062800
Reindeer 0.051400 0.141600 0.040600 0.084100 0.051200 0.040700 0.051300 0.040700 0.030500 0.000000 0.040700 0.020300 0.083500 0.051300 0.040100 0.040900 0.030400 0.010100 0.040400 0.030500 0.061100 0.051600 0.030600 0.000000 0.040700 0.051100 0.061100 0.030500 0.040500 0.030500 0.020200 0.051300 0.030200 0.061600 0.061400 0.030300 0.051300 0.040400 0.061600 0.010100 0.020200 0.030400 0.000000 0.020000 0.030300 0.060800 0.040600 0.051200 0.037200 0.010000 0.052100 0.030500
Ibex 0.009900 0.141700 0.061400 0.106100 0.030300 0.000100 0.030400 0.020100 0.051200 0.040800 0.000000 0.040800 0.040700 0.030400 0.040100 0.020200 0.051000 0.030300 0.000000 0.051200 0.040200 0.009700 0.073400 0.040700 0.000000 0.030300 0.019900 0.051200 0.020000 0.051200 0.062200 0.030400 0.030100 0.020000 0.020000 0.051000 0.009900 0.020000 0.040500 0.051600 0.062200 0.010000 0.040800 0.040900 0.051000 0.060700 0.020000 0.030300 0.015200 0.030300 0.073600 0.051200
GyrantGaze 0.040800 0.153800 0.072000 0.117300 0.040600 0.030300 0.040700 0.009900 0.061700 0.051300 0.030300 0.040800 0.072500 0.040700 0.050300 0.030400 0.082900 0.060900 0.030000 0.061700 0.050600 0.041000 0.084400 0.051100 0.030300 0.000000 0.050600 0.061700 0.030100 0.061800 0.072900 0.040700 0.040300 0.050900 0.050700 0.071700 0.040800 0.030100 0.040500 0.062300 0.072900 0.020100 0.051300 0.040900 0.071700 0.071200 0.030200 0.040700 0.026900 0.040600 0.084600 0.061700
Hartebeest 0.030100 0.117000 0.060700 0.116300 0.050600 0.019900 0.050700 0.040300 0.050600 0.061300 0.019900 0.061400 0.019800 0.050700 0.060200 0.040400 0.050500 0.050700 0.019700 0.050600 0.050100 0.030300 0.094600 0.061100 0.019900 0.050600 0.000000 0.050600 0.040000 0.050600 0.061500 0.050700 0.050200 0.019100 0.040000 0.071500 0.030100 0.040000 0.060900 0.072400 0.083000 0.030000 0.061300 0.061400 0.071500 0.081100 0.019800 0.030000 0.037400 0.050600 0.072700 0.050600
Bongo 0.062100 0.118500 0.010000 0.095300 0.061700 0.051200 0.061900 0.051200 0.000000 0.030600 0.051200 0.030600 0.072600 0.061900 0.050500 0.050700 0.020100 0.020200 0.050800 0.000000 0.071700 0.061800 0.062800 0.030500 0.051200 0.061700 0.050600 0.000000 0.050900 0.000000 0.030600 0.061900 0.040500 0.051000 0.072100 0.040700 0.062000 0.050900 0.072300 0.041200 0.051700 0.040700 0.030600 0.051500 0.040700 0.071400 0.030200 0.040700 0.048800 0.020200 0.020500 0.000000
Gerenuk 0.030300 0.140900 0.060900 0.105600 0.030000 0.020000 0.029300 0.020000 0.050900 0.040600 0.020000 0.040600 0.061400 0.030100 0.039800 0.020100 0.050800 0.030200 0.019800 0.050900 0.039900 0.030400 0.073000 0.040500 0.020000 0.030100 0.040000 0.050900 0.000000 0.050800 0.061800 0.030100 0.029900 0.040300 0.040200 0.050700 0.030200 0.019200 0.040200 0.051400 0.061800 0.009900 0.040600 0.040600 0.050700 0.060300 0.019900 0.030100 0.016900 0.030100 0.073200 0.050900
CommonElan 0.062100 0.118600 0.009700 0.095400 0.061600 0.051200 0.061800 0.051200 0.000000 0.030600 0.051200 0.030600 0.072600 0.061800 0.050500 0.051300 0.020200 0.020200 0.050700 0.000000 0.071600 0.062200 0.062900 0.030500 0.051200 0.061800 0.050600 0.000000 0.050800 0.000000 0.030600 0.061800 0.040500 0.051000 0.072200 0.040700 0.062000 0.050700 0.072100 0.041200 0.051800 0.040800 0.030600 0.051600 0.040700 0.071400 0.030200 0.040600 0.049800 0.020200 0.020500 0.000000
MuntiacusR 0.073300 0.142700 0.040800 0.107200 0.073000 0.062200 0.073200 0.062200 0.030600 0.019800 0.062200 0.041300 0.084000 0.073200 0.061300 0.062500 0.030600 0.030700 0.061700 0.030600 0.083000 0.073600 0.051800 0.020200 0.062200 0.072900 0.061500 0.030600 0.061800 0.030600 0.000000 0.073200 0.040800 0.062000 0.083400 0.051500 0.073200 0.061800 0.083700 0.029000 0.041000 0.051600 0.020200 0.040900 0.051500 0.082600 0.040800 0.051500 0.060100 0.030600 0.052400 0.030600
HarveysDui 0.040900 0.153800 0.072100 0.117900 0.040600 0.030400 0.000000 0.030400 0.061900 0.051500 0.030400 0.051500 0.072700 0.000000 0.050500 0.030500 0.061800 0.040900 0.030100 0.061900 0.050500 0.041100 0.084700 0.051300 0.030400 0.040700 0.050700 0.061900 0.030100 0.061800 0.073200 0.000000 0.040500 0.051100 0.051000 0.061700 0.040900 0.030100 0.050900 0.062500 0.073200 0.020200 0.051500 0.051500 0.061700 0.071400 0.030300 0.040600 0.028300 0.040800 0.084800 0.061900
Pronghorn 0.040500 0.152400 0.050600 0.094200 0.040400 0.030100 0.040500 0.030100 0.040500 0.030300 0.030100 0.030300 0.072100 0.040500 0.029700 0.030300 0.040400 0.020000 0.029900 0.040500 0.050200 0.040700 0.062300 0.030200 0.030100 0.040300 0.050200 0.040500 0.029900 0.040500 0.040800 0.040500 0.000000 0.050700 0.050500 0.040300 0.040500 0.029900 0.050600 0.040800 0.051300 0.020000 0.030300 0.051000 0.040300 0.070700 0.030000 0.040400 0.025800 0.020000 0.062300 0.040500
BlueWildeb 0.030400 0.141300 0.061200 0.128900 0.051000 0.020100 0.051100 0.040600 0.051000 0.061800 0.020000 0.061800 0.040500 0.051100 0.060700 0.040700 0.050900 0.051100 0.019900 0.051000 0.060900 0.030500 0.095400 0.061600 0.020000 0.050900 0.019100 0.051000 0.040300 0.051000 0.062000 0.051100 0.050700 0.000000 0.040300 0.072000 0.030400 0.040300 0.061300 0.073000 0.083700 0.030200 0.061800 0.061800 0.072000 0.081700 0.019900 0.030200 0.037700 0.051000 0.073300 0.051000
Gemsbok 0.030200 0.164300 0.082500 0.128500 0.050800 0.020000 0.051000 0.040400 0.072100 0.061600 0.020000 0.061600 0.061400 0.051000 0.060500 0.040600 0.072000 0.051000 0.019800 0.072100 0.060700 0.030400 0.095200 0.061400 0.020000 0.050700 0.040000 0.072100 0.040200 0.072200 0.083400 0.051000 0.050500 0.040300 0.000000 0.071800 0.030200 0.040200 0.061100 0.072700 0.083500 0.030200 0.061600 0.061600 0.071800 0.081300 0.040300 0.050800 0.037800 0.050900 0.095300 0.072100
Yak 0.061800 0.153400 0.050800 0.094700 0.061600 0.051000 0.061700 0.040600 0.040700 0.030400 0.051000 0.009900 0.094200 0.061700 0.050300 0.051300 0.040600 0.020200 0.050600 0.040700 0.071500 0.062100 0.062500 0.030300 0.051000 0.071700 0.071500 0.040700 0.050700 0.040700 0.051500 0.061700 0.040300 0.072000 0.071800 0.000000 0.061700 0.050700 0.050700 0.041100 0.051500 0.040600 0.030400 0.051300 0.000000 0.071100 0.050800 0.061600 0.047300 0.020100 0.062600 0.040700
BlueSheep 0.020000 0.154200 0.072300 0.117800 0.040800 0.009900 0.040900 0.030400 0.062000 0.051500 0.009900 0.051500 0.051400 0.040900 0.050500 0.030600 0.061800 0.040800 0.010000 0.062000 0.050700 0.020100 0.084700 0.051300 0.009900 0.040800 0.030100 0.062000 0.030200 0.062000 0.073200 0.040900 0.040500 0.030400 0.030200 0.061700 0.000000 0.030200 0.051100 0.062500 0.073200 0.020200 0.051500 0.051500 0.061700 0.071400 0.030300 0.040800 0.025900 0.040800 0.084800 0.062000
BohorReedb 0.030200 0.140700 0.060900 0.105500 0.009900 0.020000 0.030100 0.020000 0.050900 0.040600 0.020000 0.040600 0.061400 0.030100 0.039800 0.020100 0.050800 0.030200 0.019800 0.050900 0.039800 0.030400 0.073000 0.040400 0.020000 0.030100 0.040000 0.050900 0.019200 0.050700 0.061800 0.030100 0.029900 0.040300 0.040200 0.050700 0.030200 0.000000 0.040100 0.051300 0.061800 0.009900 0.040600 0.040600 0.050700 0.060300 0.019900 0.030000 0.016900 0.030100 0.073100 0.050900
KirksDik 0.051200 0.140500 0.082400 0.128600 0.050800 0.040500 0.050900 0.030200 0.072300 0.061800 0.040500 0.040600 0.083100 0.050900 0.060600 0.040700 0.072200 0.051100 0.040100 0.072300 0.060700 0.051400 0.095200 0.061600 0.040500 0.040500 0.060900 0.072300 0.040200 0.072100 0.083700 0.050900 0.050600 0.061300 0.061100 0.050700 0.051100 0.040100 0.000000 0.072900 0.083600 0.030200 0.061800 0.061800 0.050700 0.081600 0.040400 0.050800 0.038900 0.050900 0.095500 0.072300
RoeDeer 0.062700 0.155300 0.051500 0.096200 0.062400 0.051700 0.062500 0.051700 0.041200 0.009800 0.051600 0.030900 0.095500 0.062500 0.050900 0.051900 0.041200 0.020400 0.051200 0.041200 0.072400 0.062900 0.040400 0.010100 0.051600 0.062300 0.072400 0.041200 0.051400 0.041200 0.029000 0.062500 0.040800 0.073000 0.072700 0.041100 0.062500 0.051300 0.072900 0.000000 0.030600 0.041100 0.009800 0.030600 0.041100 0.072000 0.051500 0.062400 0.049300 0.020400 0.052600 0.041200
WhiteLippe 0.073300 0.166900 0.062100 0.084800 0.073000 0.062200 0.073200 0.062200 0.051700 0.019900 0.062200 0.041300 0.106500 0.073200 0.061300 0.062600 0.051600 0.030700 0.061700 0.051700 0.083000 0.073600 0.010200 0.020200 0.062200 0.072900 0.083000 0.051700 0.061800 0.051800 0.041000 0.073200 0.051300 0.083700 0.083500 0.051500 0.073200 0.061800 0.083600 0.030600 0.000000 0.051600 0.020200 0.040900 0.051500 0.082600 0.062000 0.073100 0.060100 0.030600 0.074400 0.051700
ThomsonGaz 0.020200 0.129900 0.050900 0.095000 0.020100 0.010000 0.020200 0.010000 0.040700 0.030500 0.010000 0.030500 0.051200 0.020200 0.029900 0.010000 0.040700 0.020200 0.009900 0.040700 0.030000 0.020300 0.062700 0.030400 0.010000 0.020100 0.030000 0.040700 0.009900 0.040800 0.051600 0.020200 0.020000 0.030200 0.030200 0.040600 0.020200 0.009900 0.030200 0.041100 0.051600 0.000000 0.030500 0.030500 0.040600 0.050300 0.010000 0.020100 0.000100 0.020100 0.062600 0.040700
MuntiacusC 0.051600 0.142300 0.040700 0.084400 0.051400 0.040900 0.051500 0.040900 0.030600 0.000000 0.040800 0.020300 0.083800 0.051500 0.040300 0.041100 0.030500 0.010100 0.040500 0.030600 0.061300 0.051800 0.030700 0.000000 0.040800 0.051300 0.061300 0.030600 0.040600 0.030600 0.020200 0.051500 0.030300 0.061800 0.061600 0.030400 0.051500 0.040600 0.061800 0.009800 0.020200 0.030500 0.000000 0.020200 0.030400 0.061000 0.040700 0.051400 0.038100 0.010100 0.052300 0.030600
WhiteTaile 0.051600 0.142400 0.061800 0.106700 0.051400 0.040900 0.051500 0.040900 0.051500 0.020200 0.040900 0.041100 0.083900 0.051500 0.061100 0.041100 0.051500 0.030600 0.040500 0.051500 0.061400 0.051800 0.051800 0.020000 0.040900 0.040900 0.061400 0.051500 0.040600 0.051600 0.040900 0.051500 0.051000 0.061800 0.061600 0.051300 0.051500 0.040600 0.061800 0.030600 0.040900 0.030500 0.020200 0.000000 0.051300 0.061100 0.040700 0.051500 0.037300 0.030500 0.074100 0.051500
Cattle 0.061800 0.153400 0.050800 0.094700 0.061600 0.051000 0.061700 0.040600 0.040700 0.030400 0.051000 0.009900 0.094200 0.061700 0.050300 0.051300 0.040600 0.020200 0.050600 0.040700 0.071500 0.062100 0.062500 0.030300 0.051000 0.071700 0.071500 0.040700 0.050700 0.040700 0.051500 0.061700 0.040300 0.072000 0.071800 0.000000 0.061700 0.050700 0.050700 0.041100 0.051500 0.040600 0.030400 0.051300 0.000000 0.071100 0.050800 0.061600 0.047300 0.020100 0.062600 0.040700
RoyalAntel 0.071500 0.128200 0.081600 0.126900 0.071200 0.060700 0.071400 0.060700 0.071400 0.061000 0.060700 0.061000 0.103900 0.071400 0.080700 0.061000 0.071300 0.050400 0.060200 0.071400 0.081000 0.071800 0.094100 0.060800 0.060700 0.071200 0.081100 0.071400 0.060300 0.071400 0.082600 0.071400 0.070700 0.081700 0.081300 0.071100 0.071400 0.060300 0.081600 0.072000 0.082600 0.050300 0.061000 0.061100 0.071100 0.000000 0.060500 0.071300 0.058700 0.050300 0.094300 0.071400
Steenbok 0.030300 0.117800 0.040300 0.105800 0.030200 0.020000 0.030300 0.020000 0.030200 0.040700 0.020000 0.040700 0.040500 0.030300 0.039900 0.020100 0.030200 0.030300 0.019900 0.030200 0.040100 0.030500 0.073200 0.040600 0.020000 0.030200 0.019800 0.030200 0.019900 0.030200 0.040800 0.030300 0.030000 0.019900 0.040300 0.050800 0.030300 0.019900 0.040400 0.051500 0.062000 0.010000 0.040700 0.040700 0.050800 0.060500 0.000000 0.010000 0.015300 0.030200 0.051700 0.030200
Impala 0.040900 0.130000 0.050700 0.117700 0.040600 0.030400 0.040600 0.030400 0.040700 0.051400 0.030300 0.051400 0.051200 0.040600 0.050400 0.030500 0.040700 0.040800 0.030000 0.040700 0.050500 0.041000 0.084600 0.051200 0.030300 0.040700 0.030000 0.040700 0.030100 0.040600 0.051500 0.040600 0.040400 0.030200 0.050800 0.061600 0.040800 0.030000 0.050800 0.062400 0.073100 0.020100 0.051400 0.051500 0.061600 0.071300 0.010000 0.000000 0.028300 0.040700 0.062800 0.040700
Klipspring 0.025100 0.137600 0.060200 0.102200 0.028300 0.013300 0.028300 0.015300 0.048800 0.038100 0.015200 0.037200 0.059700 0.028300 0.036500 0.015300 0.047300 0.024500 0.016900 0.048800 0.038600 0.027100 0.071600 0.037200 0.015200 0.026900 0.037400 0.048800 0.016900 0.049800 0.060100 0.028300 0.025800 0.037700 0.037800 0.047300 0.025900 0.016900 0.038900 0.049300 0.060100 0.000100 0.038100 0.037300 0.047300 0.058700 0.015300 0.028300 0.000000 0.027000 0.071700 0.048800
ForestMusk 0.040800 0.129800 0.030200 0.073100 0.040700 0.030300 0.040800 0.030300 0.020200 0.010100 0.030300 0.010100 0.072600 0.040800 0.029900 0.030500 0.020100 0.000200 0.030100 0.020200 0.050600 0.041000 0.041400 0.010000 0.030300 0.040600 0.050600 0.020200 0.030100 0.020200 0.030600 0.040800 0.020000 0.051000 0.050900 0.020100 0.040800 0.030100 0.050900 0.020400 0.030600 0.020100 0.010100 0.030500 0.020100 0.050300 0.030200 0.040700 0.027000 0.000000 0.041400 0.020200
Bushbuck 0.085100 0.144000 0.030700 0.119900 0.084600 0.073600 0.084800 0.073700 0.020500 0.052300 0.073600 0.052300 0.096000 0.084800 0.072500 0.073700 0.041400 0.041600 0.073000 0.020500 0.094700 0.085100 0.086100 0.052100 0.073600 0.084600 0.072700 0.020500 0.073200 0.020500 0.052400 0.084800 0.062300 0.073300 0.095300 0.062600 0.084800 0.073100 0.095500 0.052600 0.074400 0.062600 0.052300 0.074100 0.062600 0.094300 0.051700 0.062800 0.071700 0.041400 0.000000 0.020500
GreaterKud 0.062100 0.118500 0.010000 0.095300 0.061700 0.051200 0.061900 0.051200 0.000000 0.030600 0.051200 0.030600 0.072600 0.061900 0.050500 0.050700 0.020100 0.020200 0.050800 0.000000 0.071700 0.061800 0.062800 0.030500 0.051200 0.061700 0.050600 0.000000 0.050900 0.000000 0.030600 0.061900 0.040500 0.051000 0.072100 0.040700 0.062000 0.050900 0.072300 0.041200 0.051700 0.040700 0.030600 0.051500 0.040700 0.071400 0.030200 0.040700 0.048800 0.020200 0.020500 0.000000
