1
52 1
Argali 0.000000 0.114000 0.108800 0.188600 0.073700 0.000100 0.115400 0.059800 0.121800 0.074200 0.000100 0.060800 0.071700 0.100800 0.073600 0.059800 0.087300 0.087900 0.011600 0.121800 0.110500 0.011600 0.061400 0.102300 0.011600 0.097500 0.071800 0.122500 0.072800 0.133800 0.087700 0.088300 0.093100 0.059700 0.035700 0.060700 0.023300 0.060800 0.136500 0.087400 0.074000 0.098700 0.087700 0.088400 0.048000 0.023600 0.085500 0.072800 0.086200 0.059700 0.148400 0.135300
LesserMous 0.114000 0.000000 0.239500 0.179100 0.173800 0.113700 0.229000 0.184600 0.254800 0.178200 0.113800 0.191100 0.167500 0.209700 0.176800 0.184600 0.160600 0.161800 0.127700 0.254800 0.244400 0.126800 0.162700 0.212800 0.126200 0.228700 0.168100 0.256600 0.201300 0.267800 0.194900 0.196200 0.167900 0.154700 0.128600 0.190000 0.140000 0.158500 0.242300 0.193300 0.177400 0.232700 0.194900 0.195900 0.174100 0.114800 0.185200 0.171000 0.187600 0.154600 0.255300 0.271400
LesserKudu 0.108800 0.239500 0.000000 0.255700 0.136000 0.108700 0.152300 0.070100 0.034000 0.110300 0.108600 0.096500 0.107900 0.110900 0.109400 0.094600 0.150100 0.123900 0.121500 0.011400 0.119900 0.120900 0.097300 0.139100 0.120700 0.132700 0.108100 0.057600 0.082900 0.045300 0.124000 0.124800 0.163600 0.095800 0.122500 0.096400 0.133900 0.122500 0.145500 0.123700 0.110000 0.108300 0.124000 0.125000 0.108600 0.108500 0.120600 0.058600 0.096200 0.120500 0.034000 0.045900
KillerWhal 0.188600 0.179100 0.255700 0.000000 0.220700 0.188400 0.193800 0.200000 0.271300 0.176400 0.188100 0.182400 0.246100 0.207600 0.174600 0.200000 0.175400 0.176700 0.202900 0.271300 0.261100 0.202100 0.161400 0.180100 0.201000 0.244600 0.247200 0.273000 0.217300 0.278900 0.192700 0.193900 0.189000 0.232300 0.204100 0.189100 0.217300 0.204400 0.213000 0.192000 0.175900 0.248900 0.192700 0.164100 0.173000 0.157500 0.200600 0.186400 0.203300 0.199500 0.271400 0.287900
DefassaWat 0.073700 0.173800 0.136000 0.220700 0.000000 0.073600 0.116300 0.085600 0.149400 0.074700 0.073600 0.087100 0.098200 0.101600 0.074000 0.111600 0.114600 0.101600 0.086300 0.149400 0.138200 0.085800 0.061800 0.103000 0.085700 0.151700 0.098500 0.150300 0.099400 0.188700 0.088400 0.089000 0.128200 0.086000 0.061200 0.087000 0.098800 0.011900 0.164200 0.088000 0.074600 0.126400 0.088400 0.089000 0.099600 0.048100 0.111900 0.073300 0.086800 0.111200 0.177200 0.163500
Sheep 0.000100 0.113700 0.108700 0.188400 0.073600 0.000000 0.115200 0.059700 0.121600 0.074100 0.000000 0.060700 0.071600 0.100700 0.073500 0.059700 0.087200 0.087800 0.011600 0.121600 0.110300 0.011600 0.061300 0.102100 0.011600 0.097400 0.071800 0.122300 0.072700 0.133600 0.087600 0.088200 0.093100 0.059600 0.035600 0.060600 0.023300 0.060700 0.136400 0.087300 0.073900 0.098600 0.087600 0.088300 0.048000 0.023600 0.085400 0.072800 0.086100 0.059600 0.148200 0.135100
MaxwellsDu 0.115400 0.229000 0.152300 0.193800 0.116300 0.115200 0.000000 0.074000 0.166100 0.061600 0.115200 0.100200 0.141000 0.036600 0.099600 0.100000 0.130700 0.131700 0.128700 0.166100 0.099600 0.128000 0.048900 0.089100 0.127800 0.140200 0.113800 0.167200 0.087700 0.206600 0.075000 0.024400 0.144700 0.128200 0.102200 0.066500 0.141900 0.102300 0.125300 0.067500 0.061500 0.114700 0.075000 0.075500 0.079400 0.087800 0.110600 0.087700 0.075100 0.151100 0.195000 0.152600
GazellaPrz 0.059800 0.184600 0.070100 0.200000 0.085600 0.059700 0.074000 0.000000 0.082300 0.060600 0.059700 0.047700 0.083800 0.060700 0.060100 0.023000 0.099000 0.073600 0.072000 0.082300 0.046700 0.071600 0.048100 0.087500 0.071600 0.058700 0.084000 0.082800 0.011600 0.118900 0.073600 0.048600 0.112200 0.071800 0.072600 0.023400 0.084100 0.072700 0.095300 0.073400 0.060500 0.035200 0.073600 0.074100 0.035200 0.059600 0.047000 0.035200 0.023400 0.096300 0.107400 0.094900
MountainNy 0.121800 0.254800 0.034000 0.271300 0.149400 0.121600 0.166100 0.082300 0.000000 0.123300 0.121600 0.109200 0.120700 0.124100 0.122300 0.107200 0.163800 0.137100 0.134600 0.022300 0.132900 0.133900 0.110200 0.152800 0.133700 0.145900 0.121000 0.045300 0.095400 0.068200 0.137300 0.138200 0.177500 0.108500 0.135600 0.109200 0.147200 0.135700 0.185500 0.137000 0.123100 0.121200 0.137300 0.138400 0.121600 0.121300 0.133700 0.095500 0.108900 0.132000 0.045200 0.033900
MuntiacusM 0.074200 0.178200 0.110300 0.176400 0.074700 0.074100 0.061600 0.060600 0.123300 0.000000 0.074100 0.060400 0.099000 0.073900 0.060100 0.085900 0.088100 0.088700 0.087000 0.123300 0.085500 0.086500 0.011800 0.049100 0.086300 0.125000 0.073300 0.124000 0.073800 0.162000 0.011800 0.061600 0.101200 0.086600 0.061600 0.060400 0.099600 0.061600 0.084800 0.036000 0.023800 0.100000 0.011800 0.036400 0.072500 0.048500 0.096300 0.048400 0.061400 0.112100 0.150300 0.137000
goat 0.000100 0.113800 0.108600 0.188100 0.073600 0.000000 0.115200 0.059700 0.121600 0.074100 0.000000 0.060700 0.071500 0.100600 0.073500 0.059700 0.087100 0.087700 0.011600 0.121600 0.110300 0.011600 0.061300 0.102100 0.011500 0.097400 0.071700 0.122300 0.072700 0.133500 0.087600 0.088100 0.093500 0.059600 0.035600 0.060600 0.023600 0.060700 0.136200 0.087300 0.073900 0.098500 0.087600 0.088300 0.048000 0.023600 0.085300 0.072700 0.086100 0.059500 0.148200 0.135100
AfricanBuf 0.060800 0.191100 0.096500 0.182400 0.087100 0.060700 0.100200 0.047700 0.109200 0.060400 0.060700 0.000000 0.111300 0.086200 0.072200 0.072400 0.100600 0.101400 0.073200 0.109200 0.097700 0.072900 0.048100 0.087300 0.072800 0.110500 0.111600 0.109800 0.060500 0.133200 0.073500 0.074000 0.114000 0.098900 0.073900 0.041200 0.085600 0.074000 0.150000 0.073300 0.060400 0.086000 0.073500 0.074000 0.053900 0.060600 0.108600 0.060500 0.073700 0.072300 0.135500 0.122600
Topi 0.071700 0.167500 0.107900 0.246100 0.098200 0.071600 0.141000 0.083800 0.120700 0.099000 0.071500 0.111300 0.000000 0.099500 0.098100 0.109200 0.138900 0.112200 0.083700 0.120700 0.135300 0.083600 0.086000 0.114300 0.058600 0.148500 0.022900 0.121400 0.097200 0.158700 0.112700 0.113400 0.149300 0.011400 0.059300 0.111200 0.096200 0.085200 0.161100 0.112400 0.098800 0.123500 0.112700 0.113700 0.123800 0.071800 0.109600 0.071600 0.084600 0.135500 0.147000 0.108400
CommonDuik 0.100800 0.209700 0.110900 0.207600 0.101600 0.100700 0.036600 0.060700 0.124100 0.073900 0.100600 0.086200 0.099500 0.000000 0.085800 0.086100 0.115600 0.116500 0.113900 0.124100 0.112100 0.113300 0.061100 0.101800 0.113100 0.125400 0.099800 0.124900 0.074000 0.163100 0.087400 0.012000 0.129400 0.087100 0.087900 0.053400 0.126800 0.088000 0.137900 0.081100 0.073800 0.100300 0.087400 0.088000 0.066200 0.074100 0.096600 0.074000 0.061600 0.136400 0.151400 0.111200
Suni 0.073600 0.176800 0.109400 0.174600 0.074000 0.073500 0.099600 0.060100 0.122300 0.060100 0.073500 0.072200 0.098100 0.085800 0.000000 0.085200 0.087600 0.087900 0.086200 0.122300 0.085000 0.085700 0.047800 0.086900 0.085600 0.097700 0.098400 0.123000 0.073200 0.160700 0.073100 0.073600 0.100400 0.085800 0.061100 0.072100 0.098700 0.061100 0.136500 0.072800 0.060000 0.073300 0.073100 0.073600 0.084200 0.048100 0.095200 0.048000 0.060900 0.111100 0.149100 0.135900
Springbuck 0.059800 0.184600 0.094600 0.200000 0.111600 0.059700 0.100000 0.023000 0.107200 0.085900 0.059700 0.072400 0.109200 0.086100 0.085200 0.000000 0.099100 0.073600 0.072000 0.107200 0.046700 0.071700 0.073100 0.114000 0.071600 0.034900 0.109500 0.107800 0.011600 0.119100 0.099400 0.073900 0.112400 0.097000 0.098100 0.047500 0.084200 0.098200 0.095400 0.099100 0.085700 0.035200 0.099400 0.100100 0.035300 0.059600 0.047100 0.059400 0.047400 0.096400 0.133100 0.120300
Okapi 0.087300 0.160600 0.150100 0.175400 0.114600 0.087200 0.130700 0.099000 0.163800 0.088100 0.087100 0.100600 0.138900 0.115600 0.087600 0.099100 0.000000 0.049300 0.100100 0.163800 0.152600 0.099600 0.075000 0.117100 0.099600 0.139000 0.139400 0.164900 0.113100 0.176200 0.102100 0.102900 0.088500 0.126400 0.100700 0.100600 0.112800 0.100700 0.151400 0.101700 0.088000 0.140800 0.102100 0.102800 0.087000 0.061100 0.099500 0.086500 0.100500 0.125400 0.164200 0.178100
Giraffe 0.087900 0.161800 0.123900 0.176700 0.101600 0.087800 0.131700 0.073600 0.137100 0.088700 0.087700 0.101400 0.112200 0.116500 0.087900 0.073600 0.049300 0.000000 0.100400 0.137100 0.125900 0.100200 0.075600 0.118000 0.100400 0.112600 0.112500 0.138100 0.087200 0.149300 0.102900 0.103700 0.089200 0.099800 0.101100 0.101300 0.113500 0.101500 0.124800 0.102500 0.088700 0.114100 0.102900 0.103600 0.087700 0.061500 0.073900 0.061100 0.074400 0.126200 0.137500 0.151100
TibetanAnt 0.011600 0.127700 0.121500 0.202900 0.086300 0.011600 0.128700 0.072000 0.134600 0.087000 0.011600 0.073200 0.083700 0.113900 0.086200 0.072000 0.100100 0.100400 0.000000 0.134600 0.123200 0.023300 0.074000 0.115600 0.023200 0.110200 0.083900 0.135300 0.085300 0.146500 0.100700 0.101300 0.109300 0.071700 0.047600 0.073100 0.035100 0.073300 0.149500 0.100400 0.086800 0.111400 0.100700 0.101500 0.060300 0.035600 0.098000 0.085100 0.098600 0.071900 0.161500 0.148200
Sitatunga 0.121800 0.254800 0.011400 0.271300 0.149400 0.121600 0.166100 0.082300 0.022300 0.123300 0.121600 0.109200 0.120700 0.124100 0.122300 0.107200 0.163800 0.137100 0.134600 0.000000 0.132900 0.133900 0.110200 0.152800 0.133700 0.145900 0.121000 0.045300 0.095400 0.045000 0.137300 0.138200 0.177500 0.108500 0.135600 0.109200 0.147200 0.135700 0.158900 0.137000 0.123100 0.121200 0.137300 0.138400 0.121600 0.121300 0.133700 0.070800 0.108900 0.106700 0.022300 0.033900
Oribi 0.110500 0.244400 0.119900 0.261100 0.138200 0.110300 0.099600 0.046700 0.132900 0.085500 0.110300 0.097700 0.135300 0.112100 0.085000 0.046700 0.152600 0.125900 0.123200 0.132900 0.000000 0.122600 0.072800 0.113500 0.122600 0.058600 0.109200 0.133700 0.035000 0.171300 0.099000 0.099700 0.138600 0.122900 0.124300 0.072200 0.135900 0.124400 0.120200 0.098700 0.085400 0.035000 0.099000 0.099600 0.084400 0.110000 0.096500 0.084100 0.072000 0.148700 0.159600 0.146400
BarbaryShe 0.011600 0.126800 0.120900 0.202100 0.085800 0.011600 0.128000 0.071600 0.133900 0.086500 0.011600 0.072900 0.083600 0.113300 0.085700 0.071700 0.099600 0.100200 0.023300 0.133900 0.122600 0.000000 0.073500 0.114900 0.023100 0.109600 0.083800 0.134700 0.084800 0.146000 0.100000 0.100700 0.107000 0.071500 0.047500 0.072800 0.035000 0.072900 0.148900 0.099700 0.086300 0.110800 0.100000 0.100900 0.060000 0.035400 0.097500 0.084900 0.098400 0.071600 0.160700 0.147600
Daviddeer 0.061400 0.162700 0.097300 0.161400 0.061800 0.061300 0.048900 0.048100 0.110200 0.011800 0.061300 0.048100 0.086000 0.061100 0.047800 0.073100 0.075000 0.075600 0.074000 0.110200 0.072800 0.073500 0.000000 0.036600 0.073500 0.111600 0.060600 0.110800 0.061100 0.148400 0.023900 0.049000 0.088100 0.073700 0.049000 0.048000 0.086500 0.049000 0.097700 0.023900 0.012000 0.086800 0.023900 0.024100 0.060000 0.036100 0.082300 0.036100 0.048800 0.098800 0.136700 0.123600
Reindeer 0.102300 0.212800 0.139100 0.180100 0.103000 0.102100 0.089100 0.087500 0.152800 0.049100 0.102100 0.087300 0.114300 0.101800 0.086900 0.114000 0.117100 0.118000 0.115600 0.152800 0.113500 0.114900 0.036600 0.000000 0.101300 0.154900 0.087700 0.153700 0.101600 0.193100 0.062200 0.089100 0.128700 0.101500 0.089100 0.087200 0.128800 0.089200 0.139900 0.062000 0.049000 0.129000 0.062200 0.012200 0.099800 0.075000 0.124800 0.075000 0.088800 0.141600 0.181100 0.167300
Ibex 0.011600 0.126200 0.120700 0.201000 0.085700 0.011600 0.127800 0.071600 0.133700 0.086300 0.011500 0.072800 0.058600 0.113100 0.085600 0.071600 0.099600 0.100400 0.023200 0.133700 0.122600 0.023100 0.073500 0.101300 0.000000 0.109700 0.058700 0.134600 0.084800 0.145800 0.099900 0.100600 0.105800 0.046800 0.047500 0.072700 0.034900 0.072800 0.148700 0.099600 0.086200 0.110900 0.099900 0.100700 0.059900 0.035400 0.097600 0.084800 0.098300 0.071400 0.160700 0.147400
GyrantGaze 0.097500 0.228700 0.132700 0.244600 0.151700 0.097400 0.140200 0.058700 0.145900 0.125000 0.097400 0.110500 0.148500 0.125400 0.097700 0.034900 0.139000 0.112600 0.110200 0.145900 0.058600 0.109600 0.111600 0.154900 0.109700 0.000000 0.148900 0.146900 0.046900 0.158100 0.139300 0.113000 0.153200 0.136100 0.137600 0.084700 0.122600 0.137700 0.133500 0.138800 0.124700 0.047100 0.139300 0.140100 0.071900 0.097200 0.084000 0.096800 0.084600 0.135300 0.173100 0.159600
Hartebeest 0.071800 0.168100 0.108100 0.247200 0.098500 0.071800 0.113800 0.084000 0.121000 0.073300 0.071700 0.111600 0.022900 0.099800 0.098400 0.109500 0.139400 0.112500 0.083900 0.121000 0.109200 0.083800 0.060600 0.087700 0.058700 0.148900 0.000000 0.121700 0.097500 0.159200 0.086500 0.113800 0.149800 0.011700 0.059400 0.111600 0.096400 0.085400 0.134500 0.086300 0.073100 0.123900 0.086500 0.087200 0.124200 0.072000 0.109900 0.071700 0.084900 0.135900 0.147500 0.134400
Bongo 0.122500 0.256600 0.057600 0.273000 0.150300 0.122300 0.167200 0.082800 0.045300 0.124000 0.122300 0.109800 0.121400 0.124900 0.123000 0.107800 0.164900 0.138100 0.135300 0.045300 0.133700 0.134700 0.110800 0.153700 0.134600 0.146900 0.121700 0.000000 0.096000 0.092500 0.138000 0.139100 0.179000 0.109100 0.136500 0.097000 0.148000 0.136500 0.186600 0.137800 0.123700 0.122000 0.138000 0.139100 0.109400 0.122000 0.134500 0.096000 0.109500 0.132700 0.069000 0.057400
Gerenuk 0.072800 0.201300 0.082900 0.217300 0.099400 0.072700 0.087700 0.011600 0.095400 0.073800 0.072700 0.060500 0.097200 0.074000 0.073200 0.011600 0.113100 0.087200 0.085300 0.095400 0.035000 0.084800 0.061100 0.101600 0.084800 0.046900 0.097500 0.096000 0.000000 0.132700 0.087200 0.061700 0.126600 0.085000 0.086000 0.035700 0.097600 0.086100 0.108500 0.086900 0.073700 0.023400 0.087200 0.087800 0.047600 0.072600 0.059600 0.047600 0.035600 0.110000 0.121200 0.108400
CommonElan 0.133800 0.267800 0.045300 0.278900 0.188700 0.133600 0.206600 0.118900 0.068200 0.162000 0.133500 0.133200 0.158700 0.163100 0.160700 0.119100 0.176200 0.149300 0.146500 0.045000 0.171300 0.146000 0.148400 0.193100 0.145800 0.158100 0.159200 0.092500 0.132700 0.000000 0.176500 0.177800 0.190100 0.146300 0.174500 0.144000 0.159300 0.174500 0.171200 0.176300 0.161700 0.159500 0.176500 0.177900 0.130200 0.133200 0.145800 0.107300 0.146700 0.131500 0.068400 0.080600
MuntiacusR 0.087700 0.194900 0.124000 0.192700 0.088400 0.087600 0.075000 0.073600 0.137300 0.011800 0.087600 0.073500 0.112700 0.087400 0.073100 0.099400 0.102100 0.102900 0.100700 0.137300 0.099000 0.100000 0.023900 0.062200 0.099900 0.139300 0.086500 0.138000 0.087200 0.176500 0.000000 0.075000 0.088700 0.100200 0.074900 0.073400 0.113400 0.075000 0.098000 0.048700 0.036100 0.114000 0.000000 0.049200 0.085700 0.061400 0.110400 0.061300 0.074700 0.126100 0.164800 0.151200
HarveysDui 0.088300 0.196200 0.124800 0.193900 0.089000 0.088200 0.024400 0.048600 0.138200 0.061600 0.088100 0.074000 0.113400 0.012000 0.073600 0.073900 0.102900 0.103700 0.101300 0.138200 0.099700 0.100700 0.049000 0.089100 0.100600 0.113000 0.113800 0.139100 0.061700 0.177800 0.075000 0.000000 0.116700 0.100900 0.075400 0.040500 0.114100 0.075500 0.125300 0.068300 0.061600 0.087900 0.075000 0.075500 0.053500 0.061800 0.084100 0.061700 0.049300 0.123500 0.166100 0.125100
Pronghorn 0.093100 0.167900 0.163600 0.189000 0.128200 0.093100 0.144700 0.112200 0.177500 0.101200 0.093500 0.114000 0.149300 0.129400 0.100400 0.112400 0.088500 0.089200 0.109300 0.177500 0.138600 0.107000 0.088100 0.128700 0.105800 0.153200 0.149800 0.179000 0.126600 0.190100 0.088700 0.116700 0.000000 0.136500 0.110000 0.114100 0.120100 0.114000 0.164900 0.115200 0.101200 0.155000 0.088700 0.116200 0.100400 0.073700 0.112900 0.099500 0.113800 0.138700 0.178200 0.192200
BlueWildeb 0.059700 0.154700 0.095800 0.232300 0.086000 0.059600 0.128200 0.071800 0.108500 0.086600 0.059600 0.098900 0.011400 0.087100 0.085800 0.097000 0.126400 0.099800 0.071700 0.108500 0.122900 0.071500 0.073700 0.101500 0.046800 0.136100 0.011700 0.109100 0.085000 0.146300 0.100200 0.100900 0.136500 0.000000 0.048600 0.098900 0.084000 0.073000 0.148500 0.099900 0.086400 0.111100 0.100200 0.101000 0.111400 0.059800 0.097400 0.059600 0.072500 0.123000 0.134700 0.121700
Gemsbok 0.035700 0.128600 0.122500 0.204100 0.061200 0.035600 0.102200 0.072600 0.135600 0.061600 0.035600 0.073900 0.059300 0.087900 0.061100 0.098100 0.100700 0.101100 0.047600 0.135600 0.124300 0.047500 0.049000 0.089100 0.047500 0.137600 0.059400 0.136500 0.086000 0.174500 0.074900 0.075400 0.110000 0.048600 0.000000 0.073900 0.059800 0.048500 0.150100 0.074700 0.061500 0.112500 0.074900 0.075500 0.086300 0.035800 0.098500 0.060300 0.073400 0.097900 0.162900 0.149500
Yak 0.060700 0.190000 0.096400 0.189100 0.087000 0.060600 0.066500 0.023400 0.109200 0.060400 0.060600 0.041200 0.111200 0.053400 0.072100 0.047500 0.100600 0.101300 0.073100 0.109200 0.072200 0.072800 0.048000 0.087200 0.072700 0.084700 0.111600 0.097000 0.035700 0.144000 0.073400 0.040500 0.114100 0.098900 0.073900 0.000000 0.085500 0.073900 0.123000 0.073200 0.060300 0.060500 0.073400 0.073900 0.011500 0.060500 0.081100 0.060500 0.048300 0.097900 0.135600 0.116100
BlueSheep 0.023300 0.140000 0.133900 0.217300 0.098800 0.023300 0.141900 0.084100 0.147200 0.099600 0.023600 0.085600 0.096200 0.126800 0.098700 0.084200 0.112800 0.113500 0.035100 0.147200 0.135900 0.035000 0.086500 0.128800 0.034900 0.122600 0.096400 0.148000 0.097600 0.159300 0.113400 0.114100 0.120100 0.084000 0.059800 0.085500 0.000000 0.085600 0.162600 0.113100 0.099300 0.124000 0.113400 0.114500 0.072500 0.047500 0.110500 0.097700 0.111500 0.084100 0.174400 0.161100
BohorReedb 0.060800 0.158500 0.122500 0.204400 0.011900 0.060700 0.102300 0.072700 0.135700 0.061600 0.060700 0.074000 0.085200 0.088000 0.061100 0.098200 0.100700 0.101500 0.073300 0.135700 0.124400 0.072900 0.049000 0.089200 0.072800 0.137700 0.085400 0.136500 0.086100 0.174500 0.075000 0.075500 0.114000 0.073000 0.048500 0.073900 0.085600 0.000000 0.150200 0.074700 0.061500 0.112600 0.075000 0.075500 0.086300 0.035800 0.098500 0.060500 0.073700 0.097900 0.163000 0.149500
KirksDik 0.136500 0.242300 0.145500 0.213000 0.164200 0.136400 0.125300 0.095300 0.185500 0.084800 0.136200 0.150000 0.161100 0.137900 0.136500 0.095400 0.151400 0.124800 0.149500 0.158900 0.120200 0.148900 0.097700 0.139900 0.148700 0.133500 0.134500 0.186600 0.108500 0.171200 0.098000 0.125300 0.164900 0.148500 0.150100 0.123000 0.162600 0.150200 0.000000 0.124300 0.110500 0.134800 0.098000 0.125600 0.109500 0.109300 0.070300 0.083600 0.096500 0.148500 0.186300 0.200000
RoeDeer 0.087400 0.193300 0.123700 0.192000 0.088000 0.087300 0.067500 0.073400 0.137000 0.036000 0.087300 0.073300 0.112400 0.081100 0.072800 0.099100 0.101700 0.102500 0.100400 0.137000 0.098700 0.099700 0.023900 0.062000 0.099600 0.138800 0.086300 0.137800 0.086900 0.176300 0.048700 0.068300 0.115200 0.099900 0.074700 0.073200 0.113100 0.074700 0.124300 0.000000 0.036000 0.113600 0.048700 0.049000 0.085500 0.061100 0.109000 0.061100 0.074400 0.125800 0.164500 0.144500
WhiteLippe 0.074000 0.177400 0.110000 0.175900 0.074600 0.073900 0.061500 0.060500 0.123100 0.023800 0.073900 0.060400 0.098800 0.073800 0.060000 0.085700 0.088000 0.088700 0.086800 0.123100 0.085400 0.086300 0.012000 0.049000 0.086200 0.124700 0.073100 0.123700 0.073700 0.161700 0.036100 0.061600 0.101200 0.086400 0.061500 0.060300 0.099300 0.061500 0.110500 0.036000 0.000000 0.099800 0.036100 0.036400 0.072400 0.048400 0.095400 0.048300 0.061300 0.111800 0.150000 0.136700
ThomsonGaz 0.098700 0.232700 0.108300 0.248900 0.126400 0.098600 0.114700 0.035200 0.121200 0.100000 0.098500 0.086000 0.123500 0.100300 0.073300 0.035200 0.140800 0.114100 0.111400 0.121200 0.035000 0.110800 0.086800 0.129000 0.110900 0.047100 0.123900 0.122000 0.023400 0.159500 0.114000 0.087900 0.155000 0.111100 0.112500 0.060500 0.124000 0.112600 0.134800 0.113600 0.099800 0.000000 0.114000 0.114700 0.072700 0.098300 0.084900 0.072500 0.060400 0.136700 0.147900 0.134700
MuntiacusC 0.087700 0.194900 0.124000 0.192700 0.088400 0.087600 0.075000 0.073600 0.137300 0.011800 0.087600 0.073500 0.112700 0.087400 0.073100 0.099400 0.102100 0.102900 0.100700 0.137300 0.099000 0.100000 0.023900 0.062200 0.099900 0.139300 0.086500 0.138000 0.087200 0.176500 0.000000 0.075000 0.088700 0.100200 0.074900 0.073400 0.113400 0.075000 0.098000 0.048700 0.036100 0.114000 0.000000 0.049200 0.085700 0.061400 0.110400 0.061300 0.074700 0.126100 0.164800 0.151200
WhiteTaile 0.088400 0.195900 0.125000 0.164100 0.089000 0.088300 0.075500 0.074100 0.138400 0.036400 0.088300 0.074000 0.113700 0.088000 0.073600 0.100100 0.102800 0.103600 0.101500 0.138400 0.099600 0.100900 0.024100 0.012200 0.100700 0.140100 0.087200 0.139100 0.087800 0.177900 0.049200 0.075500 0.116200 0.101000 0.075500 0.073900 0.114500 0.075500 0.125600 0.049000 0.036400 0.114700 0.049200 0.000000 0.086300 0.061800 0.110400 0.061800 0.075200 0.127200 0.166000 0.152500
Cattle 0.048000 0.174100 0.108600 0.173000 0.099600 0.048000 0.079400 0.035200 0.121600 0.072500 0.048000 0.053900 0.123800 0.066200 0.084200 0.035300 0.087000 0.087700 0.060300 0.121600 0.084400 0.060000 0.060000 0.099800 0.059900 0.071900 0.124200 0.109400 0.047600 0.130200 0.085700 0.053500 0.100400 0.111400 0.086300 0.011500 0.072500 0.086300 0.109500 0.085500 0.072400 0.072700 0.085700 0.086300 0.000000 0.047900 0.067800 0.072700 0.060500 0.084700 0.148300 0.128900
RoyalAntel 0.023600 0.114800 0.108500 0.157500 0.048100 0.023600 0.087800 0.059600 0.121300 0.048500 0.023600 0.060600 0.071800 0.074100 0.048100 0.059600 0.061100 0.061500 0.035600 0.121300 0.110000 0.035400 0.036100 0.075000 0.035400 0.097200 0.072000 0.122000 0.072600 0.133200 0.061400 0.061800 0.073700 0.059800 0.035800 0.060500 0.047500 0.035800 0.109300 0.061100 0.048400 0.098300 0.061400 0.061800 0.047900 0.000000 0.059800 0.047600 0.060400 0.059500 0.147900 0.134800
Steenbok 0.085500 0.185200 0.120600 0.200600 0.111900 0.085400 0.110600 0.047000 0.133700 0.096300 0.085300 0.108600 0.109600 0.096600 0.095200 0.047100 0.099500 0.073900 0.098000 0.133700 0.096500 0.097500 0.082300 0.124800 0.097600 0.084000 0.109900 0.134500 0.059600 0.145800 0.110400 0.084100 0.112900 0.097400 0.098500 0.081100 0.110500 0.098500 0.070300 0.109000 0.095400 0.084900 0.110400 0.110400 0.067800 0.059800 0.000000 0.059600 0.047600 0.123000 0.160600 0.147300
Impala 0.072800 0.171000 0.058600 0.186400 0.073300 0.072800 0.087700 0.035200 0.095500 0.048400 0.072700 0.060500 0.071600 0.074000 0.048000 0.059400 0.086500 0.061100 0.085100 0.070800 0.084100 0.084900 0.036100 0.075000 0.084800 0.096800 0.071700 0.096000 0.047600 0.107300 0.061300 0.061700 0.099500 0.059600 0.060300 0.060500 0.097700 0.060500 0.083600 0.061100 0.048300 0.072500 0.061300 0.061800 0.072700 0.047600 0.059600 0.000000 0.035500 0.084500 0.095800 0.108500
Klipspring 0.086200 0.187600 0.096200 0.203300 0.086800 0.086100 0.075100 0.023400 0.108900 0.061400 0.086100 0.073700 0.084600 0.061600 0.060900 0.047400 0.100500 0.074400 0.098600 0.108900 0.072000 0.098400 0.048800 0.088800 0.098300 0.084600 0.084900 0.109500 0.035600 0.146700 0.074700 0.049300 0.113800 0.072500 0.073400 0.048300 0.111500 0.073700 0.096500 0.074400 0.061300 0.060400 0.074700 0.075200 0.060500 0.060400 0.047600 0.035500 0.000000 0.124000 0.135200 0.122200
ForestMusk 0.059700 0.154600 0.120500 0.199500 0.111200 0.059600 0.151100 0.096300 0.132000 0.112100 0.059500 0.072300 0.135500 0.136400 0.111100 0.096400 0.125400 0.126200 0.071900 0.106700 0.148700 0.071600 0.098800 0.141600 0.071400 0.135300 0.135900 0.132700 0.110000 0.131500 0.126100 0.123500 0.138700 0.123000 0.097900 0.097900 0.084100 0.097900 0.148500 0.125800 0.111800 0.136700 0.126100 0.127200 0.084700 0.059500 0.123000 0.084500 0.124000 0.000000 0.132400 0.140700
Bushbuck 0.148400 0.255300 0.034000 0.271400 0.177200 0.148200 0.195000 0.107400 0.045200 0.150300 0.148200 0.135500 0.147000 0.151400 0.149100 0.133100 0.164200 0.137500 0.161500 0.022300 0.159600 0.160700 0.136700 0.181100 0.160700 0.173100 0.147500 0.069000 0.121200 0.068400 0.164800 0.166100 0.178200 0.134700 0.162900 0.135600 0.174400 0.163000 0.186300 0.164500 0.150000 0.147900 0.164800 0.166000 0.148300 0.147900 0.160600 0.095800 0.135200 0.132400 0.000000 0.057200
GreaterKud 0.135300 0.271400 0.045900 0.287900 0.163500 0.135100 0.152600 0.094900 0.033900 0.137000 0.135100 0.122600 0.108400 0.111200 0.135900 0.120300 0.178100 0.151100 0.148200 0.033900 0.146400 0.147600 0.123600 0.167300 0.147400 0.159600 0.134400 0.057400 0.108400 0.080600 0.151200 0.125100 0.192200 0.121700 0.149500 0.116100 0.161100 0.149500 0.200000 0.144500 0.136700 0.134700 0.151200 0.152500 0.128900 0.134800 0.147300 0.108500 0.122200 0.140700 0.057200 0.000000
