1
52 1
Argali 0.000000 0.224000 0.091400 0.281300 0.099800 0.024200 0.079300 0.084900 0.080500 0.132700 0.033900 0.089300 0.038700 0.073700 0.114800 0.074300 0.084400 0.090300 0.043800 0.102000 0.075200 0.038700 0.136500 0.141000 0.039000 0.074300 0.043500 0.091300 0.079500 0.095600 0.139000 0.073700 0.134500 0.058400 0.058500 0.084600 0.043700 0.094500 0.104200 0.110700 0.127100 0.068700 0.127700 0.120200 0.084500 0.078800 0.079100 0.094200 0.069000 0.132200 0.091100 0.101800
LesserMous 0.224000 0.000000 0.217100 0.288100 0.230700 0.202500 0.207200 0.183800 0.203700 0.257400 0.202000 0.249000 0.195100 0.205600 0.222800 0.201900 0.200500 0.208600 0.201900 0.229200 0.197700 0.207100 0.248000 0.252300 0.208900 0.226400 0.200300 0.216900 0.208200 0.220700 0.258400 0.224100 0.237100 0.218400 0.219000 0.231900 0.226200 0.224400 0.235000 0.231700 0.238200 0.218500 0.252000 0.241400 0.219500 0.236100 0.206700 0.236200 0.231700 0.225200 0.229100 0.228800
LesserKudu 0.091400 0.217100 0.000000 0.209200 0.060000 0.064900 0.050000 0.065900 0.010000 0.081600 0.065800 0.065200 0.060600 0.060000 0.075100 0.050200 0.055100 0.050400 0.055400 0.020100 0.040500 0.071000 0.107000 0.101000 0.060900 0.070900 0.065500 0.020100 0.055600 0.035000 0.087400 0.055000 0.099900 0.070800 0.071000 0.050100 0.076500 0.065200 0.080600 0.060400 0.092200 0.065000 0.076500 0.080500 0.049900 0.054800 0.055000 0.085700 0.070800 0.081200 0.020100 0.030300
KillerWhal 0.281300 0.288100 0.209200 0.000000 0.242500 0.252400 0.230500 0.257600 0.221500 0.252000 0.238800 0.255100 0.244200 0.235200 0.220100 0.211700 0.211200 0.219600 0.238600 0.201200 0.214400 0.244200 0.280600 0.286600 0.233300 0.223900 0.249700 0.209000 0.231300 0.225700 0.266400 0.235200 0.288500 0.249800 0.257000 0.230500 0.251000 0.249000 0.226400 0.256800 0.257000 0.228900 0.246300 0.274900 0.230200 0.255200 0.229600 0.288100 0.263900 0.256200 0.215100 0.208900
DefassaWat 0.099800 0.230700 0.060000 0.242500 0.000000 0.074800 0.069200 0.095800 0.049800 0.095600 0.074600 0.068900 0.059200 0.079100 0.083700 0.059200 0.074300 0.069800 0.063500 0.070600 0.070500 0.079700 0.126000 0.109200 0.069700 0.079800 0.064000 0.060200 0.074900 0.075000 0.101400 0.063600 0.108100 0.069200 0.069300 0.059100 0.085200 0.014300 0.099700 0.079600 0.111400 0.074000 0.090600 0.099500 0.058200 0.063700 0.074200 0.094300 0.090100 0.100300 0.070500 0.070500
Sheep 0.024200 0.202500 0.064900 0.252400 0.074800 0.000000 0.054000 0.065100 0.055500 0.107300 0.009700 0.069600 0.014600 0.054200 0.090000 0.049500 0.069900 0.075800 0.019400 0.076700 0.050200 0.014500 0.111300 0.115900 0.014600 0.059700 0.019400 0.066100 0.054800 0.081100 0.113400 0.059200 0.125300 0.034200 0.034200 0.064900 0.029400 0.069600 0.079500 0.085700 0.101800 0.054200 0.102300 0.095300 0.064600 0.064500 0.054300 0.079600 0.075300 0.106900 0.066000 0.076600
MaxwellsDu 0.079300 0.207200 0.050000 0.230500 0.069200 0.054000 0.000000 0.064700 0.050000 0.090600 0.054300 0.064000 0.049300 0.028900 0.063600 0.029200 0.054100 0.059700 0.044300 0.060400 0.029700 0.059400 0.105100 0.088800 0.049500 0.048400 0.054100 0.050100 0.024400 0.064900 0.085700 0.024000 0.098200 0.059200 0.059400 0.049200 0.054400 0.064000 0.058700 0.069500 0.101200 0.043800 0.085600 0.068700 0.048900 0.053900 0.043900 0.048600 0.069500 0.090200 0.050000 0.060300
GazellaPrz 0.084900 0.183800 0.065900 0.257600 0.095800 0.065100 0.064700 0.000000 0.065700 0.117700 0.075300 0.090100 0.069800 0.064100 0.089700 0.044300 0.080100 0.086100 0.064900 0.076300 0.044800 0.080100 0.121700 0.115600 0.070400 0.054500 0.074700 0.076400 0.049400 0.080900 0.123900 0.069400 0.114300 0.069700 0.080100 0.075000 0.085700 0.090500 0.074000 0.085500 0.106400 0.049000 0.112700 0.095000 0.064600 0.064200 0.049100 0.090100 0.096000 0.117300 0.065700 0.086900
MountainNy 0.080500 0.203700 0.010000 0.221500 0.049800 0.055500 0.050000 0.065700 0.000000 0.081300 0.055400 0.065000 0.050000 0.059800 0.074900 0.050200 0.054900 0.050300 0.045100 0.020000 0.040400 0.060300 0.106700 0.100700 0.050400 0.071000 0.054900 0.020000 0.055400 0.034900 0.087100 0.054800 0.099600 0.060100 0.060300 0.050000 0.065700 0.054900 0.080400 0.060200 0.091900 0.065200 0.076300 0.080200 0.049900 0.054700 0.055000 0.085900 0.070700 0.080900 0.020000 0.030200
MuntiacusM 0.132700 0.257400 0.081600 0.252000 0.095600 0.107300 0.090600 0.117700 0.081300 0.000000 0.107100 0.094500 0.101400 0.100400 0.100000 0.091000 0.085000 0.080500 0.096400 0.092100 0.092000 0.112000 0.084000 0.073000 0.102200 0.112300 0.106300 0.081500 0.096300 0.085900 0.024100 0.095200 0.114100 0.111700 0.101300 0.080100 0.117800 0.100800 0.121400 0.049000 0.069600 0.106100 0.004800 0.058200 0.080000 0.100500 0.090600 0.127100 0.111800 0.090400 0.092000 0.092000
goat 0.033900 0.202000 0.065800 0.238800 0.074600 0.009700 0.054300 0.075300 0.055400 0.107100 0.000000 0.069500 0.014500 0.054100 0.079400 0.049400 0.059600 0.075700 0.019300 0.076500 0.050100 0.004800 0.111100 0.105100 0.004800 0.069800 0.019300 0.066000 0.054700 0.081000 0.113200 0.058800 0.125100 0.034100 0.034200 0.064800 0.029300 0.069400 0.079400 0.085600 0.101600 0.064200 0.102100 0.095100 0.064400 0.069400 0.054200 0.089800 0.075100 0.106700 0.065800 0.076400
AfricanBuf 0.089300 0.249000 0.065200 0.255100 0.068900 0.069600 0.064000 0.090100 0.065000 0.094500 0.069500 0.000000 0.064000 0.073600 0.093900 0.064200 0.079200 0.069600 0.059300 0.075500 0.064900 0.074300 0.120100 0.119600 0.064600 0.084800 0.068900 0.065100 0.069400 0.079900 0.100300 0.068600 0.097600 0.063800 0.074200 0.043600 0.079700 0.074000 0.083600 0.084500 0.105600 0.079000 0.089600 0.104400 0.043500 0.063500 0.069000 0.094400 0.069000 0.105300 0.054600 0.064900
Topi 0.038700 0.195100 0.060600 0.244200 0.059200 0.014600 0.049300 0.069800 0.050000 0.101400 0.014500 0.064000 0.000000 0.048900 0.084200 0.044300 0.064400 0.070200 0.024300 0.070900 0.044800 0.019300 0.105400 0.110000 0.019500 0.064700 0.004800 0.060500 0.049400 0.075400 0.107300 0.054000 0.119400 0.019300 0.019300 0.049200 0.034200 0.054100 0.073900 0.080000 0.095900 0.059100 0.096400 0.089600 0.049200 0.053900 0.049100 0.084600 0.069700 0.101000 0.060400 0.070800
CommonDuik 0.073700 0.205600 0.060000 0.235200 0.079100 0.054200 0.028900 0.064100 0.059800 0.100400 0.054100 0.073600 0.048900 0.000000 0.073200 0.038900 0.063800 0.069500 0.054100 0.059900 0.039400 0.058900 0.104400 0.098400 0.059400 0.059000 0.053700 0.059900 0.034000 0.074600 0.106300 0.033600 0.107700 0.068900 0.069000 0.058800 0.064100 0.073900 0.068300 0.079200 0.100400 0.053500 0.095400 0.078400 0.058700 0.063500 0.053700 0.073500 0.079200 0.099900 0.059800 0.070100
Suni 0.114800 0.222800 0.075100 0.220100 0.083700 0.090000 0.063600 0.089700 0.074900 0.100000 0.079400 0.093900 0.084200 0.073200 0.000000 0.053800 0.068600 0.084600 0.079400 0.085500 0.054400 0.084200 0.109000 0.092900 0.074600 0.074100 0.089100 0.075000 0.058900 0.069200 0.116500 0.068200 0.112400 0.094300 0.084200 0.063600 0.089600 0.078500 0.073000 0.084000 0.094600 0.068500 0.105600 0.093500 0.053500 0.078300 0.058500 0.099000 0.094500 0.104800 0.085400 0.085400
Springbuck 0.074300 0.201900 0.050200 0.211700 0.059200 0.049500 0.029200 0.044300 0.050200 0.091000 0.049400 0.064200 0.044300 0.038900 0.053800 0.000000 0.054300 0.060000 0.038900 0.060600 0.009800 0.054400 0.095100 0.089300 0.044500 0.019200 0.049200 0.050300 0.014500 0.054900 0.096800 0.034000 0.098700 0.054300 0.054400 0.049400 0.049400 0.054100 0.038700 0.059600 0.080100 0.014400 0.086000 0.069200 0.039100 0.054100 0.024200 0.074100 0.069800 0.090600 0.050200 0.060600
Okapi 0.084400 0.200500 0.055100 0.211200 0.074300 0.069900 0.054100 0.080100 0.054900 0.085000 0.059600 0.079200 0.064400 0.063800 0.068600 0.054300 0.000000 0.034300 0.059500 0.065400 0.055000 0.064400 0.099600 0.093800 0.054700 0.074800 0.069300 0.055000 0.059500 0.069900 0.090800 0.048800 0.092800 0.074500 0.074600 0.064300 0.080100 0.069100 0.084100 0.074500 0.095600 0.069200 0.080100 0.084000 0.064200 0.068900 0.059100 0.089400 0.074500 0.084700 0.065300 0.065300
Giraffe 0.090300 0.208600 0.050400 0.219600 0.069800 0.075800 0.059700 0.086100 0.050300 0.080500 0.075700 0.069600 0.070200 0.069500 0.084600 0.060000 0.034300 0.000000 0.065200 0.060700 0.060700 0.080500 0.105700 0.110400 0.070700 0.080800 0.075100 0.050400 0.065200 0.065300 0.086300 0.064400 0.098700 0.080300 0.080500 0.054700 0.086100 0.074900 0.079700 0.070000 0.091100 0.075000 0.075600 0.089900 0.054600 0.074700 0.064800 0.084900 0.069900 0.080200 0.060700 0.060700
TibetanAnt 0.043800 0.201900 0.055400 0.238600 0.063500 0.019400 0.044300 0.064900 0.045100 0.096400 0.019300 0.059300 0.024300 0.054100 0.079400 0.038900 0.059500 0.065200 0.000000 0.066000 0.039900 0.024300 0.111100 0.105100 0.014600 0.059600 0.029100 0.055600 0.044500 0.070500 0.102400 0.048300 0.114500 0.034100 0.034100 0.054500 0.029300 0.059200 0.069100 0.075100 0.101600 0.054000 0.091400 0.084700 0.053500 0.059200 0.044100 0.079400 0.075100 0.096000 0.055400 0.065900
Sitatunga 0.102000 0.229200 0.020100 0.201200 0.070600 0.076700 0.060400 0.076300 0.020000 0.092100 0.076500 0.075500 0.070900 0.059900 0.085500 0.060600 0.065400 0.060700 0.066000 0.000000 0.050800 0.081400 0.117700 0.111600 0.071500 0.081700 0.075900 0.020000 0.065900 0.035000 0.098000 0.065200 0.110300 0.081300 0.081400 0.060400 0.087100 0.075800 0.091100 0.070700 0.102900 0.075800 0.087100 0.090900 0.060300 0.065000 0.065500 0.096600 0.081300 0.091700 0.020000 0.030200
Oribi 0.075200 0.197700 0.040500 0.214400 0.070500 0.050200 0.029700 0.044800 0.040400 0.092000 0.050100 0.064900 0.044800 0.039400 0.054400 0.009800 0.055000 0.060700 0.039900 0.050800 0.000000 0.055000 0.096200 0.090400 0.045200 0.029600 0.049700 0.040500 0.014700 0.045200 0.098000 0.034400 0.099700 0.054900 0.055000 0.049900 0.050000 0.065200 0.039100 0.060300 0.081000 0.024400 0.087000 0.070000 0.039700 0.054700 0.024500 0.075300 0.070600 0.091700 0.040400 0.050800
BarbaryShe 0.038700 0.207100 0.071000 0.244200 0.079700 0.014500 0.059400 0.080100 0.060300 0.112000 0.004800 0.074300 0.019300 0.058900 0.084200 0.054400 0.064400 0.080500 0.024300 0.081400 0.055000 0.000000 0.115900 0.109900 0.009700 0.074900 0.024100 0.070900 0.059500 0.085800 0.118100 0.064000 0.129900 0.038900 0.039000 0.069600 0.034100 0.074500 0.084100 0.090400 0.106500 0.069200 0.107000 0.099900 0.069500 0.074200 0.059200 0.094900 0.079900 0.111500 0.070700 0.081300
Daviddeer 0.136500 0.248000 0.107000 0.280600 0.126000 0.111300 0.105100 0.121700 0.106700 0.084000 0.111100 0.120100 0.105400 0.104400 0.109000 0.095100 0.099600 0.105700 0.111100 0.117700 0.096200 0.115900 0.000000 0.072200 0.116900 0.116300 0.110300 0.106900 0.100400 0.111200 0.089400 0.109700 0.133800 0.115400 0.126600 0.105000 0.132500 0.120600 0.114500 0.043400 0.033600 0.110100 0.078900 0.062700 0.094500 0.115000 0.099800 0.141600 0.126200 0.115500 0.106600 0.106600
Reindeer 0.141000 0.252300 0.101000 0.286600 0.109200 0.115900 0.088800 0.115600 0.100700 0.073000 0.105100 0.119600 0.110000 0.098400 0.092900 0.089300 0.093800 0.110400 0.105100 0.111600 0.090400 0.109900 0.072200 0.000000 0.100300 0.110300 0.114900 0.100900 0.084100 0.105200 0.078200 0.093300 0.127600 0.120200 0.120500 0.109800 0.126300 0.104000 0.119300 0.048000 0.078300 0.104200 0.067900 0.028100 0.099200 0.103600 0.094000 0.124600 0.131000 0.130900 0.111500 0.111500
Ibex 0.039000 0.208900 0.060900 0.233300 0.069700 0.014600 0.049500 0.070400 0.050400 0.102200 0.004800 0.064600 0.019500 0.059400 0.074600 0.044500 0.054700 0.070700 0.014600 0.071500 0.045200 0.009700 0.116900 0.100300 0.000000 0.065000 0.024300 0.061000 0.049800 0.076000 0.108200 0.054400 0.120200 0.029300 0.029300 0.059900 0.024500 0.064600 0.074500 0.080700 0.107300 0.059000 0.097100 0.090200 0.059600 0.064600 0.049300 0.084900 0.070200 0.101700 0.060900 0.071400
GyrantGaze 0.074300 0.226400 0.070900 0.223900 0.079800 0.059700 0.048400 0.054500 0.071000 0.112300 0.069800 0.084800 0.064700 0.059000 0.074100 0.019200 0.074800 0.080800 0.059600 0.081700 0.029600 0.074900 0.116300 0.110300 0.065000 0.000000 0.069500 0.071100 0.034300 0.065200 0.118400 0.053800 0.119700 0.074800 0.074900 0.069800 0.059600 0.074000 0.048600 0.080200 0.101100 0.014200 0.107300 0.089800 0.059300 0.059200 0.043900 0.084600 0.080100 0.111900 0.071000 0.081600
Hartebeest 0.043500 0.200300 0.065500 0.249700 0.064000 0.019400 0.054100 0.074700 0.054900 0.106300 0.019300 0.068900 0.004800 0.053700 0.089100 0.049200 0.069300 0.075100 0.029100 0.075900 0.049700 0.024100 0.110300 0.114900 0.024300 0.069500 0.000000 0.065500 0.054300 0.080300 0.112300 0.058800 0.124200 0.023900 0.024100 0.054100 0.039000 0.058900 0.078800 0.084900 0.100900 0.063900 0.101300 0.094400 0.054000 0.058700 0.053900 0.089400 0.074500 0.105900 0.065300 0.075800
Bongo 0.091300 0.216900 0.020100 0.209000 0.060200 0.066100 0.050100 0.076400 0.020000 0.081500 0.066000 0.065100 0.060500 0.059900 0.075000 0.050300 0.055000 0.050400 0.055600 0.020000 0.040500 0.070900 0.106900 0.100900 0.061000 0.071100 0.065500 0.000000 0.055500 0.024800 0.087300 0.054800 0.099800 0.070700 0.070900 0.050100 0.076400 0.065300 0.080500 0.060300 0.092200 0.065300 0.076500 0.080400 0.050000 0.065100 0.055100 0.085900 0.070800 0.081100 0.020000 0.020000
Gerenuk 0.079500 0.208200 0.055600 0.231300 0.074900 0.054800 0.024400 0.049400 0.055400 0.096300 0.054700 0.069400 0.049400 0.034000 0.058900 0.014500 0.059500 0.065200 0.044500 0.065900 0.014700 0.059500 0.100400 0.084100 0.049800 0.034300 0.054300 0.055500 0.000000 0.060100 0.102300 0.029100 0.104000 0.059400 0.059500 0.054500 0.054600 0.069700 0.043700 0.064800 0.085300 0.029100 0.091400 0.064000 0.044300 0.059200 0.029200 0.069300 0.075000 0.096000 0.055400 0.065800
CommonElan 0.095600 0.220700 0.035000 0.225700 0.075000 0.081100 0.064900 0.080900 0.034900 0.085900 0.081000 0.079900 0.075400 0.074600 0.069200 0.054900 0.069900 0.065300 0.070500 0.035000 0.045200 0.085800 0.111200 0.105200 0.076000 0.065200 0.080300 0.024800 0.060100 0.000000 0.102400 0.069600 0.093600 0.075100 0.075400 0.054700 0.080800 0.080200 0.084900 0.064900 0.096600 0.059500 0.091500 0.084800 0.044500 0.069500 0.059700 0.100800 0.075200 0.075100 0.034900 0.034900
MuntiacusR 0.139000 0.258400 0.087400 0.266400 0.101400 0.113400 0.085700 0.123900 0.087100 0.024100 0.113200 0.100300 0.107300 0.106300 0.116500 0.096800 0.090800 0.086300 0.102400 0.098000 0.098000 0.118100 0.089400 0.078200 0.108200 0.118400 0.112300 0.087300 0.102300 0.102400 0.000000 0.101000 0.120100 0.117800 0.118100 0.096400 0.124000 0.106700 0.127600 0.054200 0.074900 0.112100 0.019200 0.063400 0.096300 0.106400 0.096500 0.127900 0.117800 0.106900 0.097900 0.097900
HarveysDui 0.073700 0.224100 0.055000 0.235200 0.063600 0.059200 0.024000 0.069400 0.054800 0.095200 0.058800 0.068600 0.054000 0.033600 0.068200 0.034000 0.048800 0.064400 0.048300 0.065200 0.034400 0.064000 0.109700 0.093300 0.054400 0.053800 0.058800 0.054800 0.029100 0.069600 0.101000 0.000000 0.102800 0.063900 0.064000 0.053800 0.049000 0.058400 0.063300 0.074200 0.105800 0.048400 0.090300 0.073300 0.053600 0.058500 0.048600 0.058200 0.064000 0.094800 0.054800 0.065100
Pronghorn 0.134500 0.237100 0.099900 0.288500 0.108100 0.125300 0.098200 0.114300 0.099600 0.114100 0.125100 0.097600 0.119400 0.107700 0.112400 0.098700 0.092800 0.098700 0.114500 0.110300 0.099700 0.129900 0.133800 0.127600 0.120200 0.119700 0.124200 0.099800 0.104000 0.093600 0.120100 0.102800 0.000000 0.118900 0.129900 0.108600 0.135700 0.113300 0.128600 0.098200 0.119400 0.113600 0.109200 0.117900 0.098200 0.112700 0.103400 0.134000 0.119100 0.097800 0.110200 0.110200
BlueWildeb 0.058400 0.218400 0.070800 0.249800 0.069200 0.034200 0.059200 0.069700 0.060100 0.111700 0.034100 0.063800 0.019300 0.068900 0.094300 0.054300 0.074500 0.080300 0.034100 0.081300 0.054900 0.038900 0.115400 0.120200 0.029300 0.074800 0.023900 0.070700 0.059400 0.075100 0.117800 0.063900 0.118900 0.000000 0.029000 0.059200 0.044000 0.064000 0.073600 0.090200 0.106000 0.069100 0.106700 0.099700 0.059100 0.063900 0.059000 0.094700 0.069400 0.100600 0.060100 0.070500
Gemsbok 0.058500 0.219000 0.071000 0.257000 0.069300 0.034200 0.059400 0.080100 0.060300 0.101300 0.034200 0.074200 0.019300 0.069000 0.084200 0.054400 0.074600 0.080500 0.034100 0.081400 0.055000 0.039000 0.126600 0.120500 0.029300 0.074900 0.024100 0.070900 0.059500 0.075400 0.118100 0.064000 0.129900 0.029000 0.000000 0.049200 0.044100 0.064200 0.084100 0.090400 0.117200 0.069200 0.107000 0.099900 0.049200 0.064000 0.059200 0.094900 0.079900 0.100900 0.070700 0.081300
Yak 0.084600 0.231900 0.050100 0.230500 0.059100 0.064900 0.049200 0.075000 0.050000 0.080100 0.064800 0.043600 0.049200 0.058800 0.063600 0.049400 0.064300 0.054700 0.054500 0.060400 0.049900 0.069600 0.105000 0.109800 0.059900 0.069800 0.054100 0.050100 0.054500 0.054700 0.096400 0.053800 0.108600 0.059200 0.049200 0.000000 0.075000 0.064200 0.079100 0.069500 0.090500 0.064200 0.085600 0.089400 0.009600 0.053800 0.054100 0.079300 0.064500 0.079800 0.049900 0.060300
BlueSheep 0.043700 0.226200 0.076500 0.251000 0.085200 0.029400 0.054400 0.085700 0.065700 0.117800 0.029300 0.079700 0.034200 0.064100 0.089600 0.049400 0.080100 0.086100 0.029300 0.087100 0.050000 0.034100 0.132500 0.126300 0.024500 0.059600 0.039000 0.076400 0.054600 0.080800 0.124000 0.049000 0.135700 0.044000 0.044100 0.075000 0.000000 0.079900 0.079200 0.096000 0.123000 0.054100 0.112800 0.105600 0.074900 0.069300 0.064500 0.100600 0.075000 0.117300 0.076300 0.086900
BohorReedb 0.094500 0.224400 0.065200 0.249000 0.014300 0.069600 0.064000 0.090500 0.054900 0.100800 0.069400 0.074000 0.054100 0.073900 0.078500 0.054100 0.069100 0.074900 0.059200 0.075800 0.065200 0.074500 0.120600 0.104000 0.064600 0.074000 0.058900 0.065300 0.069700 0.080200 0.106700 0.058400 0.113300 0.064000 0.064200 0.064200 0.079900 0.000000 0.094500 0.084700 0.116800 0.068900 0.095900 0.094200 0.063900 0.058700 0.069000 0.089000 0.095300 0.105600 0.075700 0.075700
KirksDik 0.104200 0.235000 0.080600 0.226400 0.099700 0.079500 0.058700 0.074000 0.080400 0.121400 0.079400 0.083600 0.073900 0.068300 0.073000 0.038700 0.084100 0.079700 0.069100 0.091100 0.039100 0.084100 0.114500 0.119300 0.074500 0.048600 0.078800 0.080500 0.043700 0.084900 0.127600 0.063300 0.128600 0.073600 0.084100 0.079100 0.079200 0.094500 0.000000 0.089500 0.099500 0.053200 0.116500 0.098900 0.068800 0.083700 0.033600 0.104400 0.089300 0.121000 0.069900 0.080300
RoeDeer 0.110700 0.231700 0.060400 0.256800 0.079600 0.085700 0.069500 0.085500 0.060200 0.049000 0.085600 0.084500 0.080000 0.079200 0.084000 0.059600 0.074500 0.070000 0.075100 0.070700 0.060300 0.090400 0.043400 0.048000 0.080700 0.080200 0.084900 0.060300 0.064800 0.064900 0.054200 0.074200 0.098200 0.090200 0.090400 0.069500 0.096000 0.084700 0.089500 0.000000 0.029100 0.074500 0.044000 0.028500 0.059300 0.084400 0.064400 0.105300 0.090200 0.079700 0.070600 0.070600
WhiteLippe 0.127100 0.238200 0.092200 0.257000 0.111400 0.101800 0.101200 0.106400 0.091900 0.069600 0.101600 0.105600 0.095900 0.100400 0.094600 0.080100 0.095600 0.091100 0.101600 0.102900 0.081000 0.106500 0.033600 0.078300 0.107300 0.101100 0.100900 0.092200 0.085300 0.096600 0.074900 0.105800 0.119400 0.106000 0.117200 0.090500 0.123000 0.116800 0.099500 0.029100 0.000000 0.095100 0.064400 0.058500 0.080000 0.116400 0.084800 0.137900 0.111600 0.100900 0.091900 0.091900
ThomsonGaz 0.068700 0.218500 0.065000 0.228900 0.074000 0.054200 0.043800 0.049000 0.065200 0.106100 0.064200 0.079000 0.059100 0.053500 0.068500 0.014400 0.069200 0.075000 0.054000 0.075800 0.024400 0.069200 0.110100 0.104200 0.059000 0.014200 0.063900 0.065300 0.029100 0.059500 0.112100 0.048400 0.113600 0.069100 0.069200 0.064200 0.054100 0.068900 0.053200 0.074500 0.095100 0.000000 0.101200 0.084000 0.053800 0.048700 0.038600 0.078800 0.074300 0.105700 0.065200 0.075700
MuntiacusC 0.127700 0.252000 0.076500 0.246300 0.090600 0.102300 0.085600 0.112700 0.076300 0.004800 0.102100 0.089600 0.096400 0.095400 0.105600 0.086000 0.080100 0.075600 0.091400 0.087100 0.087000 0.107000 0.078900 0.067900 0.097100 0.107300 0.101300 0.076500 0.091400 0.091500 0.019200 0.090300 0.109200 0.106700 0.107000 0.085600 0.112800 0.095900 0.116500 0.044000 0.064400 0.101200 0.000000 0.053500 0.085500 0.095500 0.085700 0.122100 0.106800 0.095900 0.087000 0.087000
WhiteTaile 0.120200 0.241400 0.080500 0.274900 0.099500 0.095300 0.068700 0.095000 0.080200 0.058200 0.095100 0.104400 0.089600 0.078400 0.093500 0.069200 0.084000 0.089900 0.084700 0.090900 0.070000 0.099900 0.062700 0.028100 0.090200 0.089800 0.094400 0.080400 0.064000 0.084800 0.063400 0.073300 0.117900 0.099700 0.099900 0.089400 0.105600 0.094200 0.098900 0.028500 0.058500 0.084000 0.053500 0.000000 0.079000 0.093900 0.073900 0.104100 0.110300 0.110200 0.090800 0.090800
Cattle 0.084500 0.219500 0.049900 0.230200 0.058200 0.064600 0.048900 0.064600 0.049900 0.080000 0.064400 0.043500 0.049200 0.058700 0.053500 0.039100 0.064200 0.054600 0.053500 0.060300 0.039700 0.069500 0.094500 0.099200 0.059600 0.059300 0.054000 0.050000 0.044300 0.044500 0.096300 0.053600 0.098200 0.059100 0.049200 0.009600 0.074900 0.063900 0.068800 0.059300 0.080000 0.053800 0.085500 0.079000 0.000000 0.053700 0.043700 0.079100 0.064400 0.079700 0.049900 0.060200
RoyalAntel 0.078800 0.236100 0.054800 0.255200 0.063700 0.064500 0.053900 0.064200 0.054700 0.100500 0.069400 0.063500 0.053900 0.063500 0.078300 0.054100 0.068900 0.074700 0.059200 0.065000 0.054700 0.074200 0.115000 0.103600 0.064600 0.059200 0.058700 0.065100 0.059200 0.069500 0.106400 0.058500 0.112700 0.063900 0.064000 0.053800 0.069300 0.058700 0.083700 0.084400 0.116400 0.048700 0.095500 0.093900 0.053700 0.000000 0.058800 0.084000 0.074100 0.105300 0.054600 0.075400
Steenbok 0.079100 0.206700 0.055000 0.229600 0.074200 0.054300 0.043900 0.049100 0.055000 0.090600 0.054200 0.069000 0.049100 0.053700 0.058500 0.024200 0.059100 0.064800 0.044100 0.065500 0.024500 0.059200 0.099800 0.094000 0.049300 0.043900 0.053900 0.055100 0.029200 0.059700 0.096500 0.048600 0.103400 0.059000 0.059200 0.054100 0.064500 0.069000 0.033600 0.064400 0.084800 0.038600 0.085700 0.073900 0.043700 0.058800 0.000000 0.078900 0.074500 0.095400 0.055000 0.065400
Impala 0.094200 0.236200 0.085700 0.288100 0.094300 0.079600 0.048600 0.090100 0.085900 0.127100 0.089800 0.094400 0.084600 0.073500 0.099000 0.074100 0.089400 0.084900 0.079400 0.096600 0.075300 0.094900 0.141600 0.124600 0.084900 0.084600 0.089400 0.085900 0.069300 0.100800 0.127900 0.058200 0.134000 0.094700 0.094900 0.079300 0.100600 0.089000 0.104400 0.105300 0.137900 0.078800 0.122100 0.104100 0.079100 0.084000 0.078900 0.000000 0.084400 0.126600 0.085900 0.096500
Klipspring 0.069000 0.231700 0.070800 0.263900 0.090100 0.075300 0.069500 0.096000 0.070700 0.111800 0.075100 0.069000 0.069700 0.079200 0.094500 0.069800 0.074500 0.069900 0.075100 0.081300 0.070600 0.079900 0.126200 0.131000 0.070200 0.080100 0.074500 0.070800 0.075000 0.075200 0.117800 0.064000 0.119100 0.069400 0.079900 0.064500 0.075000 0.095300 0.089300 0.090200 0.111600 0.074300 0.106800 0.110300 0.064400 0.074100 0.074500 0.084400 0.000000 0.100500 0.060200 0.070600
ForestMusk 0.132200 0.225200 0.081200 0.256200 0.100300 0.106900 0.090200 0.117300 0.080900 0.090400 0.106700 0.105300 0.101000 0.099900 0.104800 0.090600 0.084700 0.080200 0.096000 0.091700 0.091700 0.111500 0.115500 0.130900 0.101700 0.111900 0.105900 0.081100 0.096000 0.075100 0.106900 0.094800 0.097800 0.100600 0.100900 0.079800 0.117300 0.105600 0.121000 0.079700 0.100900 0.105700 0.095900 0.110200 0.079700 0.105300 0.095400 0.126600 0.100500 0.000000 0.091600 0.091600
Bushbuck 0.091100 0.229100 0.020100 0.215100 0.070500 0.066000 0.050000 0.065700 0.020000 0.092000 0.065800 0.054600 0.060400 0.059800 0.085400 0.050200 0.065300 0.060700 0.055400 0.020000 0.040400 0.070700 0.106600 0.111500 0.060900 0.071000 0.065300 0.020000 0.055400 0.034900 0.097900 0.054800 0.110200 0.060100 0.070700 0.049900 0.076300 0.075700 0.069900 0.070600 0.091900 0.065200 0.087000 0.090800 0.049900 0.054600 0.055000 0.085900 0.060200 0.091600 0.000000 0.020000
GreaterKud 0.101800 0.228800 0.030300 0.208900 0.070500 0.076600 0.060300 0.086900 0.030200 0.092000 0.076400 0.064900 0.070800 0.070100 0.085400 0.060600 0.065300 0.060700 0.065900 0.030200 0.050800 0.081300 0.106600 0.111500 0.071400 0.081600 0.075800 0.020000 0.065800 0.034900 0.097900 0.065100 0.110200 0.070500 0.081300 0.060300 0.086900 0.075700 0.080300 0.070600 0.091900 0.075700 0.087000 0.090800 0.060200 0.075400 0.065400 0.096500 0.070600 0.091600 0.020000 0.000000
