1
52 1
Argali 0.000000 0.186900 0.044900 0.355600 0.022300 0.000000 0.044100 0.022000 0.045600 0.067500 0.022200 0.044000 0.043800 0.044800 0.021800 0.021400 0.044000 0.116700 0.021800 0.044900 0.066400 0.000000 0.090100 0.066200 0.021800 0.044700 0.043800 0.068200 0.065900 0.068300 0.067500 0.092000 0.000000 0.066800 0.021800 0.068600 0.021800 0.021700 0.088300 0.066200 0.090100 0.067100 0.067500 0.066200 0.068600 0.067200 0.021800 0.135600 0.021800 0.044900 0.067000 0.044900
LesserMous 0.186900 0.000000 0.248200 0.407700 0.216300 0.186900 0.244500 0.215100 0.248200 0.273000 0.216300 0.242600 0.241800 0.247300 0.216300 0.211700 0.244200 0.279900 0.216300 0.248200 0.271900 0.186900 0.300000 0.268100 0.216300 0.246900 0.241800 0.278800 0.268700 0.275000 0.273000 0.310500 0.186900 0.271500 0.216300 0.279900 0.216300 0.213700 0.296700 0.268100 0.300000 0.273300 0.273000 0.268100 0.279900 0.273400 0.216300 0.211000 0.216300 0.248300 0.272400 0.248200
LesserKudu 0.044900 0.248200 0.000000 0.367500 0.022400 0.044900 0.045300 0.068600 0.000000 0.069400 0.022400 0.045200 0.045000 0.046100 0.022400 0.067400 0.068400 0.119000 0.022400 0.000000 0.068200 0.045600 0.092600 0.067800 0.022400 0.046000 0.045000 0.022900 0.067600 0.022900 0.069400 0.094800 0.044900 0.068500 0.022400 0.022800 0.022400 0.022200 0.090500 0.067800 0.092600 0.069000 0.069400 0.067800 0.022800 0.069200 0.022900 0.138700 0.022400 0.046200 0.022600 0.000000
KillerWhal 0.355600 0.407700 0.367500 0.000000 0.326600 0.355600 0.356900 0.393000 0.367500 0.396400 0.326600 0.430200 0.354700 0.297500 0.326600 0.317500 0.357500 0.357800 0.326600 0.367500 0.388200 0.355600 0.427500 0.318400 0.326600 0.365200 0.354700 0.400900 0.317000 0.398300 0.396400 0.361000 0.355600 0.357500 0.326600 0.331100 0.326600 0.323600 0.344400 0.318400 0.427500 0.325200 0.396400 0.318400 0.331100 0.395900 0.326600 0.374000 0.326600 0.297800 0.393300 0.367500
DefassaWat 0.022300 0.216300 0.022400 0.326600 0.000000 0.021800 0.022000 0.044500 0.022400 0.044900 0.000000 0.067800 0.022100 0.022400 0.000000 0.043700 0.067700 0.117800 0.000000 0.022400 0.044200 0.022200 0.067400 0.044000 0.000000 0.022300 0.021900 0.045400 0.043800 0.044900 0.044900 0.068900 0.021800 0.045100 0.000000 0.045700 0.000000 0.000100 0.066000 0.044000 0.067400 0.044700 0.044900 0.044000 0.045700 0.044800 0.000000 0.112400 0.000000 0.022400 0.044600 0.022400
Sheep 0.000000 0.186900 0.044900 0.355600 0.021800 0.000000 0.044600 0.022000 0.044900 0.067500 0.021800 0.044000 0.044500 0.044800 0.021700 0.021400 0.044000 0.116700 0.021800 0.044900 0.066400 0.000000 0.090100 0.066200 0.021800 0.044700 0.043800 0.068200 0.065900 0.067500 0.067500 0.092000 0.000000 0.066800 0.022300 0.068600 0.022300 0.021700 0.088300 0.066200 0.090100 0.067100 0.067500 0.066200 0.068600 0.067200 0.021800 0.135600 0.021800 0.044900 0.067000 0.044900
MaxwellsDu 0.044100 0.244500 0.045300 0.356900 0.022000 0.044600 0.000000 0.067400 0.045300 0.068000 0.022100 0.091300 0.044200 0.045200 0.022000 0.066300 0.091300 0.143400 0.022200 0.045300 0.067000 0.044100 0.090800 0.066600 0.022200 0.045100 0.044200 0.068900 0.066400 0.068100 0.068000 0.093100 0.044100 0.067300 0.022500 0.069300 0.022000 0.021800 0.044300 0.066600 0.090800 0.067700 0.068000 0.066600 0.069300 0.067800 0.022000 0.136700 0.022000 0.045300 0.067600 0.046100
GazellaPrz 0.022000 0.215100 0.068600 0.393000 0.044500 0.022000 0.067400 0.000000 0.068600 0.091800 0.044500 0.067200 0.067100 0.068500 0.044500 0.043600 0.067400 0.143200 0.044500 0.068600 0.090400 0.021700 0.115100 0.090200 0.044500 0.068300 0.067100 0.092700 0.089700 0.091800 0.091800 0.117300 0.021700 0.091100 0.044500 0.093300 0.044500 0.044200 0.112900 0.090200 0.115100 0.091300 0.091800 0.090200 0.093300 0.091500 0.044500 0.161900 0.044500 0.068800 0.092100 0.068600
MountainNy 0.045600 0.248200 0.000000 0.367500 0.022400 0.044900 0.045300 0.068600 0.000000 0.069400 0.022600 0.045200 0.045000 0.046100 0.022400 0.067400 0.068400 0.119000 0.022900 0.000000 0.068200 0.044900 0.092600 0.067800 0.022400 0.046000 0.045000 0.023100 0.067600 0.022500 0.069400 0.094800 0.044900 0.068500 0.022400 0.022800 0.022400 0.022200 0.090500 0.067800 0.092600 0.069000 0.069400 0.067800 0.022800 0.069900 0.023000 0.138700 0.022400 0.046200 0.022300 0.000000
MuntiacusM 0.067500 0.273000 0.069400 0.396400 0.044900 0.067500 0.068000 0.091800 0.069400 0.000000 0.044900 0.116600 0.067600 0.069000 0.044900 0.090200 0.116600 0.170700 0.044900 0.069400 0.091100 0.067500 0.021900 0.043900 0.044900 0.069000 0.067600 0.093700 0.090300 0.092700 0.000000 0.118500 0.067500 0.091600 0.044900 0.093900 0.044900 0.044500 0.113400 0.043900 0.021900 0.092100 0.000000 0.043900 0.093900 0.092300 0.044900 0.162500 0.044900 0.069100 0.092000 0.069400
goat 0.022200 0.216300 0.022400 0.326600 0.000000 0.021800 0.022100 0.044500 0.022600 0.044900 0.000000 0.067800 0.021900 0.022400 0.000000 0.043700 0.067700 0.117800 0.000000 0.022400 0.044200 0.022000 0.067400 0.044000 0.000000 0.022800 0.021900 0.045400 0.043800 0.044900 0.044900 0.068900 0.021800 0.044400 0.000000 0.045700 0.000000 0.000100 0.066000 0.044000 0.067400 0.044700 0.044900 0.044000 0.045700 0.044800 0.000000 0.112400 0.000000 0.022400 0.044600 0.022400
AfricanBuf 0.044000 0.242600 0.045200 0.430200 0.067800 0.044000 0.091300 0.067200 0.045200 0.116600 0.067800 0.000000 0.090600 0.093000 0.067800 0.066100 0.067000 0.142400 0.068800 0.046300 0.114700 0.045100 0.140200 0.114000 0.067800 0.092600 0.090600 0.068600 0.113600 0.067800 0.116600 0.143600 0.044000 0.115100 0.067800 0.069000 0.067800 0.067200 0.137100 0.114000 0.140200 0.116000 0.116600 0.114000 0.069000 0.116200 0.067800 0.187300 0.067800 0.093100 0.067400 0.045200
Topi 0.043800 0.241800 0.045000 0.354700 0.022100 0.044500 0.044200 0.067100 0.045000 0.067600 0.021900 0.090600 0.000000 0.044900 0.022300 0.065900 0.090700 0.142000 0.021900 0.045000 0.066500 0.043800 0.090300 0.066300 0.021900 0.045700 0.000000 0.068300 0.066000 0.067600 0.067600 0.092100 0.043800 0.022200 0.021900 0.068700 0.021900 0.021700 0.088500 0.066300 0.090300 0.067200 0.067600 0.066300 0.068700 0.067400 0.021900 0.135700 0.022000 0.045000 0.067100 0.045000
CommonDuik 0.044800 0.247300 0.046100 0.297500 0.022400 0.044800 0.045200 0.068500 0.046100 0.069000 0.022400 0.093000 0.044900 0.000000 0.022400 0.067300 0.092800 0.145600 0.022400 0.046100 0.068100 0.044800 0.092100 0.067500 0.022400 0.045900 0.044900 0.070100 0.067500 0.069300 0.069000 0.045800 0.044800 0.068400 0.022400 0.070300 0.022400 0.022100 0.090300 0.067500 0.092100 0.068900 0.069000 0.067500 0.070300 0.069000 0.022400 0.138500 0.022400 0.046000 0.068700 0.046100
Suni 0.021800 0.216300 0.022400 0.326600 0.000000 0.021700 0.022000 0.044500 0.022400 0.044900 0.000000 0.067800 0.022300 0.022400 0.000000 0.043700 0.067700 0.117800 0.000000 0.022400 0.044200 0.021800 0.067400 0.044000 0.000000 0.022300 0.021900 0.046000 0.044500 0.044900 0.044900 0.068900 0.022300 0.044900 0.000000 0.045700 0.000000 0.000100 0.066000 0.044000 0.067400 0.044700 0.044900 0.044000 0.045700 0.044800 0.000000 0.112400 0.000000 0.022400 0.044600 0.022400
Springbuck 0.021400 0.211700 0.067400 0.317500 0.043700 0.021400 0.066300 0.043600 0.067400 0.090200 0.043700 0.066100 0.065900 0.067300 0.043700 0.000000 0.021700 0.090900 0.043700 0.067400 0.088900 0.021500 0.113100 0.043100 0.043700 0.067100 0.065900 0.091100 0.088200 0.090200 0.090200 0.115200 0.021400 0.066300 0.043700 0.044500 0.043700 0.043400 0.064700 0.043100 0.113100 0.044800 0.090200 0.043100 0.044500 0.089900 0.043700 0.110400 0.043700 0.021900 0.089600 0.067400
Okapi 0.044000 0.244200 0.068400 0.357500 0.067700 0.044000 0.091300 0.067400 0.068400 0.116600 0.067700 0.067000 0.090700 0.092800 0.067700 0.021700 0.000000 0.067100 0.067700 0.068400 0.114800 0.044000 0.140400 0.066600 0.067700 0.092500 0.090700 0.092400 0.113900 0.091500 0.116600 0.143400 0.044000 0.091200 0.067700 0.045200 0.067700 0.067200 0.089000 0.066600 0.140400 0.067500 0.116600 0.066600 0.045200 0.116200 0.067700 0.136700 0.067700 0.045200 0.090900 0.068400
Giraffe 0.116700 0.279900 0.119000 0.357800 0.117800 0.116700 0.143400 0.143200 0.119000 0.170700 0.117800 0.142400 0.142000 0.145600 0.117800 0.090900 0.067100 0.000000 0.117800 0.119000 0.168500 0.116700 0.195900 0.115600 0.117800 0.145100 0.142000 0.145100 0.166800 0.143300 0.170700 0.201400 0.116700 0.142700 0.117800 0.094300 0.117800 0.116800 0.139400 0.115600 0.195900 0.117400 0.170700 0.115600 0.094300 0.170000 0.117800 0.164300 0.117800 0.094300 0.142200 0.119000
TibetanAnt 0.021800 0.216300 0.022400 0.326600 0.000000 0.021800 0.022200 0.044500 0.022900 0.044900 0.000000 0.068800 0.021900 0.022400 0.000000 0.043700 0.067700 0.117800 0.000000 0.022400 0.044200 0.022500 0.067400 0.044000 0.000000 0.022600 0.022300 0.045400 0.043800 0.045700 0.044900 0.068900 0.021700 0.044400 0.000000 0.045700 0.000000 0.000100 0.066000 0.044000 0.067400 0.044700 0.044900 0.044000 0.045700 0.044800 0.000000 0.112400 0.000000 0.022400 0.044600 0.022400
Sitatunga 0.044900 0.248200 0.000000 0.367500 0.022400 0.044900 0.045300 0.068600 0.000000 0.069400 0.022400 0.046300 0.045000 0.046100 0.022400 0.067400 0.068400 0.119000 0.022400 0.000000 0.068200 0.044900 0.092600 0.067800 0.022700 0.047300 0.045000 0.022900 0.067600 0.022800 0.069400 0.094800 0.044900 0.068500 0.022400 0.022800 0.022900 0.022200 0.090500 0.067800 0.092600 0.069000 0.069400 0.067800 0.022800 0.069200 0.022700 0.138700 0.022900 0.046200 0.022300 0.000000
Oribi 0.066400 0.271900 0.068200 0.388200 0.044200 0.066400 0.067000 0.090400 0.068200 0.091100 0.044200 0.114700 0.066500 0.068100 0.044200 0.088900 0.114800 0.168500 0.044200 0.068200 0.000000 0.066400 0.114200 0.089300 0.044200 0.067900 0.066500 0.092200 0.089100 0.044700 0.091100 0.116800 0.066400 0.090200 0.044200 0.092800 0.044200 0.043800 0.112000 0.089300 0.114200 0.090700 0.091100 0.089300 0.092800 0.044100 0.044800 0.160800 0.044200 0.068200 0.090500 0.068200
BarbaryShe 0.000000 0.186900 0.045600 0.355600 0.022200 0.000000 0.044100 0.021700 0.044900 0.067500 0.022000 0.045100 0.043800 0.044800 0.021800 0.021500 0.044000 0.116700 0.022500 0.044900 0.066400 0.000000 0.090100 0.066200 0.021800 0.044700 0.043800 0.068200 0.065900 0.067500 0.067500 0.092000 0.000000 0.066800 0.021800 0.068600 0.021800 0.021700 0.088300 0.066200 0.090100 0.067100 0.067500 0.066200 0.068600 0.067200 0.022400 0.135600 0.022000 0.044900 0.067000 0.044900
Daviddeer 0.090100 0.300000 0.092600 0.427500 0.067400 0.090100 0.090800 0.115100 0.092600 0.021900 0.067400 0.140200 0.090300 0.092100 0.067400 0.113100 0.140400 0.195900 0.067400 0.092600 0.114200 0.090100 0.000000 0.066000 0.067400 0.092100 0.090300 0.117200 0.113100 0.116000 0.022000 0.142400 0.090100 0.114800 0.067400 0.117600 0.067400 0.066800 0.136600 0.066000 0.000000 0.115400 0.022000 0.066000 0.117600 0.115600 0.067400 0.186700 0.067400 0.092300 0.115200 0.092600
Reindeer 0.066200 0.268100 0.067800 0.318400 0.044000 0.066200 0.066600 0.090200 0.067800 0.043900 0.044000 0.114000 0.066300 0.067500 0.044000 0.043100 0.066600 0.115600 0.044000 0.067800 0.089300 0.066200 0.066000 0.000000 0.044000 0.067500 0.066300 0.091500 0.088600 0.090700 0.045300 0.115700 0.066200 0.066600 0.044000 0.044600 0.044000 0.043600 0.065000 0.000000 0.066000 0.043800 0.043900 0.000000 0.044600 0.090400 0.044000 0.110800 0.044000 0.021900 0.090100 0.067800
Ibex 0.021800 0.216300 0.022400 0.326600 0.000000 0.021800 0.022200 0.044500 0.022400 0.044900 0.000000 0.067800 0.021900 0.022400 0.000000 0.043700 0.067700 0.117800 0.000000 0.022700 0.044200 0.021800 0.067400 0.044000 0.000000 0.022300 0.021900 0.045400 0.043800 0.044900 0.044900 0.068900 0.021800 0.044400 0.000000 0.045700 0.000000 0.000100 0.066000 0.044000 0.067400 0.044700 0.044900 0.044000 0.045700 0.044800 0.000000 0.112400 0.000000 0.022400 0.044600 0.022700
GyrantGaze 0.044700 0.246900 0.046000 0.365200 0.022300 0.044700 0.045100 0.068300 0.046000 0.069000 0.022800 0.092600 0.045700 0.045900 0.022300 0.067100 0.092500 0.145100 0.022600 0.047300 0.067900 0.044700 0.092100 0.067500 0.022300 0.000000 0.045600 0.069900 0.067200 0.069000 0.069000 0.094300 0.044700 0.068200 0.022300 0.070200 0.022300 0.022100 0.090000 0.067500 0.092100 0.022800 0.069000 0.067500 0.070200 0.068800 0.022300 0.138000 0.022800 0.045900 0.068500 0.046000
Hartebeest 0.043800 0.241800 0.045000 0.354700 0.021900 0.043800 0.044200 0.067100 0.045000 0.067600 0.021900 0.090600 0.000000 0.044900 0.021900 0.065900 0.090700 0.142000 0.022300 0.045000 0.066500 0.043800 0.090300 0.066300 0.021900 0.045600 0.000000 0.068300 0.066000 0.067600 0.067600 0.092100 0.043800 0.021600 0.021900 0.068700 0.021900 0.021700 0.088500 0.066300 0.090300 0.067200 0.067600 0.066300 0.068700 0.067400 0.021900 0.135700 0.022300 0.045000 0.067100 0.045000
Bongo 0.068200 0.278800 0.022900 0.400900 0.045400 0.068200 0.068900 0.092700 0.023100 0.093700 0.045400 0.068600 0.068300 0.070100 0.046000 0.091100 0.092400 0.145100 0.045400 0.022900 0.092200 0.068200 0.117200 0.091500 0.045400 0.069900 0.068300 0.000000 0.091300 0.045500 0.093700 0.120400 0.068200 0.092400 0.045400 0.046300 0.045400 0.045000 0.114700 0.091500 0.117200 0.093200 0.093700 0.091500 0.046300 0.093400 0.045400 0.164400 0.045400 0.070100 0.045100 0.022700
Gerenuk 0.065900 0.268700 0.067600 0.317000 0.043800 0.065900 0.066400 0.089700 0.067600 0.090300 0.043800 0.113600 0.066000 0.067500 0.044500 0.088200 0.113900 0.166800 0.043800 0.067600 0.089100 0.065900 0.113100 0.088600 0.043800 0.067200 0.066000 0.091300 0.000000 0.090300 0.090300 0.115700 0.065900 0.089400 0.043800 0.091900 0.044600 0.043500 0.111100 0.088600 0.113100 0.089900 0.090300 0.088600 0.091900 0.090000 0.043800 0.111100 0.043800 0.067600 0.089700 0.067600
CommonElan 0.068300 0.275000 0.022900 0.398300 0.044900 0.067500 0.068100 0.091800 0.022500 0.092700 0.044900 0.067800 0.067600 0.069300 0.044900 0.090200 0.091500 0.143300 0.045700 0.022800 0.044700 0.067500 0.116000 0.090700 0.044900 0.069000 0.067600 0.045500 0.090300 0.000000 0.092700 0.118700 0.067500 0.091600 0.044900 0.045700 0.044900 0.044500 0.113500 0.090700 0.116000 0.092200 0.092700 0.090700 0.045700 0.092400 0.045600 0.162700 0.045900 0.069400 0.044600 0.022800
MuntiacusR 0.067500 0.273000 0.069400 0.396400 0.044900 0.067500 0.068000 0.091800 0.069400 0.000000 0.044900 0.116600 0.067600 0.069000 0.044900 0.090200 0.116600 0.170700 0.044900 0.069400 0.091100 0.067500 0.022000 0.045300 0.044900 0.069000 0.067600 0.093700 0.090300 0.092700 0.000000 0.118500 0.067500 0.091600 0.044900 0.093900 0.044900 0.044500 0.113400 0.043900 0.022100 0.092100 0.000000 0.043900 0.093900 0.092300 0.044900 0.162500 0.044900 0.069100 0.092000 0.069400
HarveysDui 0.092000 0.310500 0.094800 0.361000 0.068900 0.092000 0.093100 0.117300 0.094800 0.118500 0.068900 0.143600 0.092100 0.045800 0.068900 0.115200 0.143400 0.201400 0.068900 0.094800 0.116800 0.092000 0.142400 0.115700 0.068900 0.094300 0.092100 0.120400 0.115700 0.118700 0.118500 0.000000 0.092000 0.116900 0.068900 0.121100 0.068900 0.068300 0.139600 0.115700 0.142400 0.118000 0.118500 0.115700 0.121100 0.118200 0.068900 0.190900 0.068900 0.094700 0.117700 0.094800
Pronghorn 0.000000 0.186900 0.044900 0.355600 0.021800 0.000000 0.044100 0.021700 0.044900 0.067500 0.021800 0.044000 0.043800 0.044800 0.022300 0.021400 0.044000 0.116700 0.021700 0.044900 0.066400 0.000000 0.090100 0.066200 0.021800 0.044700 0.043800 0.068200 0.065900 0.067500 0.067500 0.092000 0.000000 0.066800 0.022500 0.068600 0.021800 0.021700 0.088300 0.066200 0.090100 0.067100 0.067500 0.066200 0.068600 0.067200 0.021800 0.135600 0.021800 0.044900 0.067000 0.044900
BlueWildeb 0.066800 0.271500 0.068500 0.357500 0.045100 0.066800 0.067300 0.091100 0.068500 0.091600 0.044400 0.115100 0.022200 0.068400 0.044900 0.066300 0.091200 0.142700 0.044400 0.068500 0.090200 0.066800 0.114800 0.066600 0.044400 0.068200 0.021600 0.092400 0.089400 0.091600 0.091600 0.116900 0.066800 0.000000 0.044400 0.069000 0.044400 0.044100 0.088900 0.066600 0.114800 0.067500 0.091600 0.066600 0.069000 0.091300 0.044400 0.136400 0.044400 0.045200 0.091000 0.068500
Gemsbok 0.021800 0.216300 0.022400 0.326600 0.000000 0.022300 0.022500 0.044500 0.022400 0.044900 0.000000 0.067800 0.021900 0.022400 0.000000 0.043700 0.067700 0.117800 0.000000 0.022400 0.044200 0.021800 0.067400 0.044000 0.000000 0.022300 0.021900 0.045400 0.043800 0.044900 0.044900 0.068900 0.022500 0.044400 0.000000 0.045700 0.000000 0.000100 0.066000 0.044000 0.067400 0.044700 0.044900 0.044000 0.045700 0.044800 0.000000 0.112400 0.000000 0.022400 0.044600 0.022400
Yak 0.068600 0.279900 0.022800 0.331100 0.045700 0.068600 0.069300 0.093300 0.022800 0.093900 0.045700 0.069000 0.068700 0.070300 0.045700 0.044500 0.045200 0.094300 0.045700 0.022800 0.092800 0.068600 0.117600 0.044600 0.045700 0.070200 0.068700 0.046300 0.091900 0.045700 0.093900 0.121100 0.068600 0.069000 0.045700 0.000000 0.045700 0.045200 0.067200 0.044600 0.117600 0.045500 0.093900 0.044600 0.000000 0.094000 0.045700 0.114600 0.045700 0.022800 0.045400 0.022800
BlueSheep 0.021800 0.216300 0.022400 0.326600 0.000000 0.022300 0.022000 0.044500 0.022400 0.044900 0.000000 0.067800 0.021900 0.022400 0.000000 0.043700 0.067700 0.117800 0.000000 0.022900 0.044200 0.021800 0.067400 0.044000 0.000000 0.022300 0.021900 0.045400 0.044600 0.044900 0.044900 0.068900 0.021800 0.044400 0.000000 0.045700 0.000000 0.000100 0.066000 0.044000 0.067400 0.044700 0.044900 0.044000 0.045700 0.044800 0.000000 0.112400 0.000000 0.022400 0.044600 0.022400
BohorReedb 0.021700 0.213700 0.022200 0.323600 0.000100 0.021700 0.021800 0.044200 0.022200 0.044500 0.000100 0.067200 0.021700 0.022100 0.000100 0.043400 0.067200 0.116800 0.000100 0.022200 0.043800 0.021700 0.066800 0.043600 0.000100 0.022100 0.021700 0.045000 0.043500 0.044500 0.044500 0.068300 0.021700 0.044100 0.000100 0.045200 0.000100 0.000000 0.065500 0.043600 0.066800 0.044300 0.044500 0.043600 0.045200 0.044400 0.000100 0.111600 0.000100 0.022200 0.044200 0.022200
KirksDik 0.088300 0.296700 0.090500 0.344400 0.066000 0.088300 0.044300 0.112900 0.090500 0.113400 0.066000 0.137100 0.088500 0.090300 0.066000 0.064700 0.089000 0.139400 0.066000 0.090500 0.112000 0.088300 0.136600 0.065000 0.066000 0.090000 0.088500 0.114700 0.111100 0.113500 0.113400 0.139600 0.088300 0.088900 0.066000 0.067200 0.066000 0.065500 0.000000 0.065000 0.136600 0.065800 0.113400 0.065000 0.067200 0.113100 0.066000 0.133600 0.066000 0.044000 0.112800 0.090500
RoeDeer 0.066200 0.268100 0.067800 0.318400 0.044000 0.066200 0.066600 0.090200 0.067800 0.043900 0.044000 0.114000 0.066300 0.067500 0.044000 0.043100 0.066600 0.115600 0.044000 0.067800 0.089300 0.066200 0.066000 0.000000 0.044000 0.067500 0.066300 0.091500 0.088600 0.090700 0.043900 0.115700 0.066200 0.066600 0.044000 0.044600 0.044000 0.043600 0.065000 0.000000 0.066000 0.043800 0.045200 0.000000 0.044600 0.090400 0.044000 0.110800 0.044000 0.021900 0.090100 0.067800
WhiteLippe 0.090100 0.300000 0.092600 0.427500 0.067400 0.090100 0.090800 0.115100 0.092600 0.021900 0.067400 0.140200 0.090300 0.092100 0.067400 0.113100 0.140400 0.195900 0.067400 0.092600 0.114200 0.090100 0.000000 0.066000 0.067400 0.092100 0.090300 0.117200 0.113100 0.116000 0.022100 0.142400 0.090100 0.114800 0.067400 0.117600 0.067400 0.066800 0.136600 0.066000 0.000000 0.115400 0.022600 0.067300 0.117600 0.115600 0.067400 0.186700 0.067400 0.092300 0.115200 0.092600
ThomsonGaz 0.067100 0.273300 0.069000 0.325200 0.044700 0.067100 0.067700 0.091300 0.069000 0.092100 0.044700 0.116000 0.067200 0.068900 0.044700 0.044800 0.067500 0.117400 0.044700 0.069000 0.090700 0.067100 0.115400 0.043800 0.044700 0.022800 0.067200 0.093200 0.089900 0.092200 0.092100 0.118000 0.067100 0.067500 0.044700 0.045500 0.044700 0.044300 0.065800 0.043800 0.115400 0.000000 0.092100 0.043800 0.045500 0.091800 0.044700 0.112100 0.044700 0.022300 0.091500 0.069000
MuntiacusC 0.067500 0.273000 0.069400 0.396400 0.044900 0.067500 0.068000 0.091800 0.069400 0.000000 0.044900 0.116600 0.067600 0.069000 0.044900 0.090200 0.116600 0.170700 0.044900 0.069400 0.091100 0.067500 0.022000 0.043900 0.044900 0.069000 0.067600 0.093700 0.090300 0.092700 0.000000 0.118500 0.067500 0.091600 0.044900 0.093900 0.044900 0.044500 0.113400 0.045200 0.022600 0.092100 0.000000 0.043900 0.093900 0.092300 0.044900 0.162500 0.044900 0.069100 0.092000 0.069400
WhiteTaile 0.066200 0.268100 0.067800 0.318400 0.044000 0.066200 0.066600 0.090200 0.067800 0.043900 0.044000 0.114000 0.066300 0.067500 0.044000 0.043100 0.066600 0.115600 0.044000 0.067800 0.089300 0.066200 0.066000 0.000000 0.044000 0.067500 0.066300 0.091500 0.088600 0.090700 0.043900 0.115700 0.066200 0.066600 0.044000 0.044600 0.044000 0.043600 0.065000 0.000000 0.067300 0.043800 0.043900 0.000000 0.044600 0.090400 0.044000 0.110800 0.044000 0.021900 0.090100 0.067800
Cattle 0.068600 0.279900 0.022800 0.331100 0.045700 0.068600 0.069300 0.093300 0.022800 0.093900 0.045700 0.069000 0.068700 0.070300 0.045700 0.044500 0.045200 0.094300 0.045700 0.022800 0.092800 0.068600 0.117600 0.044600 0.045700 0.070200 0.068700 0.046300 0.091900 0.045700 0.093900 0.121100 0.068600 0.069000 0.045700 0.000000 0.045700 0.045200 0.067200 0.044600 0.117600 0.045500 0.093900 0.044600 0.000000 0.094000 0.045700 0.114600 0.045700 0.022800 0.045400 0.022800
RoyalAntel 0.067200 0.273400 0.069200 0.395900 0.044800 0.067200 0.067800 0.091500 0.069900 0.092300 0.044800 0.116200 0.067400 0.069000 0.044800 0.089900 0.116200 0.170000 0.044800 0.069200 0.044100 0.067200 0.115600 0.090400 0.044800 0.068800 0.067400 0.093400 0.090000 0.092400 0.092300 0.118200 0.067200 0.091300 0.044800 0.094000 0.044800 0.044400 0.113100 0.090400 0.115600 0.091800 0.092300 0.090400 0.094000 0.000000 0.044800 0.162100 0.044800 0.069100 0.091700 0.069200
Steenbok 0.021800 0.216300 0.022900 0.326600 0.000000 0.021800 0.022000 0.044500 0.023000 0.044900 0.000000 0.067800 0.021900 0.022400 0.000000 0.043700 0.067700 0.117800 0.000000 0.022700 0.044800 0.022400 0.067400 0.044000 0.000000 0.022300 0.021900 0.045400 0.043800 0.045600 0.044900 0.068900 0.021800 0.044400 0.000000 0.045700 0.000000 0.000100 0.066000 0.044000 0.067400 0.044700 0.044900 0.044000 0.045700 0.044800 0.000000 0.112400 0.000000 0.022400 0.044600 0.022400
Impala 0.135600 0.211000 0.138700 0.374000 0.112400 0.135600 0.136700 0.161900 0.138700 0.162500 0.112400 0.187300 0.135700 0.138500 0.112400 0.110400 0.136700 0.164300 0.112400 0.138700 0.160800 0.135600 0.186700 0.110800 0.112400 0.138000 0.135700 0.164400 0.111100 0.162700 0.162500 0.190900 0.135600 0.136400 0.112400 0.114600 0.112400 0.111600 0.133600 0.110800 0.186700 0.112100 0.162500 0.110800 0.114600 0.162100 0.112400 0.000000 0.112400 0.090000 0.161500 0.138700
Klipspring 0.021800 0.216300 0.022400 0.326600 0.000000 0.021800 0.022000 0.044500 0.022400 0.044900 0.000000 0.067800 0.022000 0.022400 0.000000 0.043700 0.067700 0.117800 0.000000 0.022900 0.044200 0.022000 0.067400 0.044000 0.000000 0.022800 0.022300 0.045400 0.043800 0.045900 0.044900 0.068900 0.021800 0.044400 0.000000 0.045700 0.000000 0.000100 0.066000 0.044000 0.067400 0.044700 0.044900 0.044000 0.045700 0.044800 0.000000 0.112400 0.000000 0.022400 0.044600 0.022400
ForestMusk 0.044900 0.248300 0.046200 0.297800 0.022400 0.044900 0.045300 0.068800 0.046200 0.069100 0.022400 0.093100 0.045000 0.046000 0.022400 0.021900 0.045200 0.094300 0.022400 0.046200 0.068200 0.044900 0.092300 0.021900 0.022400 0.045900 0.045000 0.070100 0.067600 0.069400 0.069100 0.094700 0.044900 0.045200 0.022400 0.022800 0.022400 0.022200 0.044000 0.021900 0.092300 0.022300 0.069100 0.021900 0.022800 0.069100 0.022400 0.090000 0.022400 0.000000 0.068900 0.046200
Bushbuck 0.067000 0.272400 0.022600 0.393300 0.044600 0.067000 0.067600 0.092100 0.022300 0.092000 0.044600 0.067400 0.067100 0.068700 0.044600 0.089600 0.090900 0.142200 0.044600 0.022300 0.090500 0.067000 0.115200 0.090100 0.044600 0.068500 0.067100 0.045100 0.089700 0.044600 0.092000 0.117700 0.067000 0.091000 0.044600 0.045400 0.044600 0.044200 0.112800 0.090100 0.115200 0.091500 0.092000 0.090100 0.045400 0.091700 0.044600 0.161500 0.044600 0.068900 0.000000 0.022800
GreaterKud 0.044900 0.248200 0.000000 0.367500 0.022400 0.044900 0.046100 0.068600 0.000000 0.069400 0.022400 0.045200 0.045000 0.046100 0.022400 0.067400 0.068400 0.119000 0.022400 0.000000 0.068200 0.044900 0.092600 0.067800 0.022700 0.046000 0.045000 0.022700 0.067600 0.022800 0.069400 0.094800 0.044900 0.068500 0.022400 0.022800 0.022400 0.022200 0.090500 0.067800 0.092600 0.069000 0.069400 0.067800 0.022800 0.069200 0.022400 0.138700 0.022400 0.046200 0.022800 0.000000
