1
52 1
Argali 0.000000 0.186700 0.000000 0.164000 0.033400 0.000000 0.016500 0.016600 0.000000 0.187300 0.000000 0.016600 0.000000 0.000000 0.050600 0.016600 0.087500 0.033600 0.000000 0.000000 0.016600 0.000000 0.233700 0.210600 0.000000 0.051000 0.000000 0.000000 0.051200 0.000000 0.232700 0.016600 0.068900 0.000000 0.016600 0.050700 0.000000 0.016600 0.033700 0.276900 0.233700 0.033500 0.232700 0.232900 0.050700 0.033400 0.033500 0.016600 0.069200 0.033500 0.016600 0.016600
LesserMous 0.186700 0.000000 0.186700 0.353500 0.186800 0.186700 0.165800 0.208500 0.186700 0.334200 0.186700 0.208100 0.186700 0.186700 0.207300 0.208400 0.255700 0.231000 0.186700 0.186700 0.208400 0.186700 0.395100 0.259400 0.186700 0.252400 0.186700 0.186700 0.253900 0.186700 0.335600 0.208100 0.253100 0.186700 0.209300 0.252100 0.186700 0.208200 0.186800 0.334400 0.395100 0.229500 0.335600 0.283800 0.252100 0.186500 0.228400 0.166300 0.279200 0.186800 0.208500 0.208400
LesserKudu 0.000000 0.186700 0.000000 0.164000 0.033400 0.000000 0.016500 0.016600 0.000000 0.187300 0.000000 0.016600 0.000000 0.000000 0.050600 0.016600 0.087500 0.033600 0.000000 0.000000 0.016600 0.000000 0.233700 0.210600 0.000000 0.051000 0.000000 0.000000 0.051200 0.000000 0.232700 0.016600 0.068900 0.000000 0.016600 0.050700 0.000000 0.016600 0.033700 0.276900 0.233700 0.033500 0.232700 0.232900 0.050700 0.033400 0.033500 0.016600 0.069200 0.033500 0.016600 0.016600
KillerWhal 0.164000 0.353500 0.164000 0.000000 0.163800 0.164000 0.143800 0.184900 0.164000 0.304600 0.164000 0.184400 0.164000 0.164000 0.225300 0.184900 0.275200 0.206400 0.164000 0.164000 0.184900 0.164000 0.361800 0.334300 0.164000 0.184900 0.164000 0.164000 0.228700 0.164000 0.359800 0.184400 0.250400 0.164000 0.185500 0.226500 0.164000 0.184500 0.207200 0.412500 0.361800 0.205300 0.359800 0.360700 0.226500 0.163600 0.204200 0.184900 0.252300 0.205300 0.184900 0.144500
DefassaWat 0.033400 0.186800 0.033400 0.163800 0.000000 0.033400 0.016500 0.050800 0.033400 0.187900 0.033400 0.050700 0.033400 0.033500 0.086200 0.050800 0.124700 0.068500 0.033400 0.033400 0.050800 0.033400 0.234900 0.210800 0.033400 0.086600 0.033400 0.033400 0.086800 0.033400 0.233500 0.050700 0.105400 0.033400 0.033600 0.086300 0.033400 0.016500 0.068800 0.278300 0.234900 0.068400 0.233500 0.233800 0.086300 0.033400 0.068300 0.050800 0.105800 0.068400 0.050800 0.050800
Sheep 0.000000 0.186700 0.000000 0.164000 0.033400 0.000000 0.015800 0.016600 0.000000 0.187300 0.000000 0.016600 0.000000 0.000000 0.050600 0.015900 0.087500 0.033600 0.000000 0.000000 0.016600 0.000000 0.233700 0.210600 0.000000 0.051000 0.000000 0.000000 0.051200 0.000000 0.232700 0.016600 0.068900 0.000000 0.016600 0.050700 0.000000 0.016600 0.033700 0.276900 0.233700 0.033500 0.232700 0.232900 0.050700 0.033400 0.033500 0.016600 0.069200 0.033500 0.016600 0.016600
MaxwellsDu 0.016500 0.165800 0.016500 0.143800 0.016500 0.015800 0.000000 0.033500 0.016400 0.167400 0.016500 0.033400 0.016500 0.016500 0.068100 0.033500 0.105700 0.050900 0.016500 0.016500 0.033500 0.016500 0.212900 0.189500 0.015800 0.068500 0.016500 0.016500 0.068700 0.016500 0.211600 0.033400 0.086800 0.016500 0.033600 0.068300 0.016500 0.033400 0.051000 0.254900 0.212900 0.050700 0.211600 0.211700 0.068300 0.016500 0.050600 0.033500 0.087200 0.050700 0.033500 0.033500
GazellaPrz 0.016600 0.208500 0.016600 0.184900 0.050800 0.016600 0.033500 0.000000 0.016600 0.209000 0.015800 0.033500 0.016600 0.016600 0.069200 0.033600 0.069300 0.016700 0.015900 0.016600 0.033600 0.016600 0.257100 0.233200 0.016600 0.068800 0.016600 0.016600 0.069100 0.016600 0.256000 0.033500 0.077900 0.016600 0.033700 0.068500 0.015900 0.033600 0.016700 0.301700 0.257100 0.050900 0.256000 0.256300 0.068500 0.050700 0.050800 0.033700 0.051300 0.050900 0.033600 0.033700
MountainNy 0.000000 0.186700 0.000000 0.164000 0.033400 0.000000 0.016400 0.016600 0.000000 0.187300 0.000000 0.016600 0.000000 0.000000 0.050600 0.016600 0.087500 0.033600 0.000000 0.000000 0.016600 0.000000 0.233700 0.210600 0.000000 0.051000 0.000000 0.000000 0.051200 0.000000 0.232700 0.016600 0.068900 0.000000 0.016600 0.050700 0.000000 0.015800 0.033700 0.276900 0.233700 0.033500 0.232700 0.232900 0.050700 0.033400 0.033500 0.016600 0.062400 0.033500 0.016600 0.016600
MuntiacusM 0.187300 0.334200 0.187300 0.304600 0.187900 0.187300 0.167400 0.209000 0.187300 0.000000 0.187300 0.209400 0.187300 0.187300 0.250900 0.209100 0.255000 0.189200 0.187300 0.187300 0.209100 0.187300 0.037100 0.135000 0.187300 0.250600 0.187300 0.187300 0.253800 0.187300 0.036600 0.209400 0.277000 0.187300 0.209900 0.253000 0.187300 0.208200 0.231100 0.113000 0.037100 0.229300 0.036600 0.074700 0.253000 0.187600 0.227300 0.207800 0.234100 0.228300 0.167900 0.207800
goat 0.000000 0.186700 0.000000 0.164000 0.033400 0.000000 0.016500 0.015800 0.000000 0.187300 0.000000 0.016600 0.000000 0.000000 0.050600 0.016600 0.087500 0.033600 0.000000 0.000000 0.016600 0.000000 0.233700 0.210600 0.000000 0.051000 0.000000 0.000000 0.051200 0.000000 0.232700 0.016600 0.068900 0.000000 0.016600 0.050700 0.000000 0.016600 0.033700 0.276900 0.233700 0.033500 0.232700 0.232900 0.050700 0.033400 0.033500 0.016600 0.069200 0.033500 0.016600 0.016600
AfricanBuf 0.016600 0.208100 0.016600 0.184400 0.050700 0.016600 0.033400 0.033500 0.016600 0.209400 0.016600 0.000000 0.016600 0.016600 0.068200 0.033500 0.105900 0.050900 0.016600 0.016600 0.033500 0.016600 0.212000 0.233300 0.016600 0.068600 0.016600 0.016600 0.068800 0.016600 0.256400 0.000000 0.086900 0.016600 0.033600 0.033400 0.016600 0.033500 0.051100 0.302100 0.212000 0.050700 0.256400 0.256700 0.033400 0.046600 0.050600 0.033500 0.087300 0.050800 0.033500 0.033500
Topi 0.000000 0.186700 0.000000 0.164000 0.033400 0.000000 0.016500 0.016600 0.000000 0.187300 0.000000 0.016600 0.000000 0.000000 0.050600 0.016600 0.087500 0.033600 0.000000 0.000000 0.015800 0.000000 0.233700 0.210600 0.000000 0.051000 0.000000 0.000000 0.051200 0.000000 0.232700 0.016600 0.068900 0.000000 0.016600 0.050700 0.000000 0.016600 0.030900 0.276900 0.233700 0.030900 0.232700 0.232900 0.050700 0.033400 0.033500 0.016600 0.069200 0.033500 0.016600 0.016600
CommonDuik 0.000000 0.186700 0.000000 0.164000 0.033500 0.000000 0.016500 0.016600 0.000000 0.187300 0.000000 0.016600 0.000000 0.000000 0.050600 0.016600 0.087500 0.033600 0.000000 0.000000 0.016600 0.000000 0.233700 0.210600 0.000000 0.051000 0.000000 0.000000 0.051200 0.000000 0.232700 0.016600 0.068900 0.000000 0.016600 0.050700 0.000000 0.016600 0.033700 0.276900 0.233700 0.033500 0.232700 0.232900 0.050700 0.033400 0.033500 0.016600 0.069200 0.033500 0.016600 0.016600
Suni 0.050600 0.207300 0.050600 0.225300 0.086200 0.050600 0.068100 0.069200 0.050600 0.250900 0.050600 0.068200 0.050600 0.050600 0.000000 0.068300 0.143700 0.086400 0.050600 0.050600 0.068300 0.050600 0.302000 0.275900 0.050600 0.105000 0.050600 0.050600 0.105000 0.050600 0.300000 0.068200 0.124100 0.050600 0.068600 0.104600 0.050600 0.068300 0.086800 0.348700 0.302000 0.086400 0.300000 0.300900 0.104600 0.086200 0.086300 0.067800 0.124400 0.050700 0.068200 0.068400
Springbuck 0.016600 0.208400 0.016600 0.184900 0.050800 0.015900 0.033500 0.033600 0.016600 0.209100 0.016600 0.033500 0.016600 0.016600 0.068300 0.000000 0.106400 0.051100 0.015900 0.016600 0.000000 0.016600 0.257200 0.233200 0.016600 0.033700 0.016600 0.016600 0.033800 0.015900 0.256200 0.033500 0.087200 0.016600 0.033700 0.068500 0.016600 0.033600 0.051200 0.301600 0.257200 0.016600 0.256200 0.256300 0.068500 0.050700 0.050800 0.033700 0.087600 0.050900 0.033600 0.033700
Okapi 0.087500 0.255700 0.087500 0.275200 0.124700 0.087500 0.105700 0.069300 0.087500 0.255000 0.087500 0.105900 0.087500 0.087500 0.143700 0.106400 0.000000 0.051600 0.087000 0.087500 0.106400 0.087500 0.306500 0.283200 0.087500 0.145500 0.087500 0.087500 0.107400 0.087500 0.306200 0.105900 0.166000 0.087500 0.106600 0.144400 0.087500 0.106100 0.088200 0.304400 0.306500 0.125200 0.306200 0.306600 0.144400 0.124600 0.124600 0.069500 0.052000 0.125500 0.069500 0.106700
Giraffe 0.033600 0.231000 0.033600 0.206400 0.068500 0.033600 0.050900 0.016700 0.033600 0.189200 0.033600 0.050900 0.033600 0.033600 0.086400 0.051100 0.051600 0.000000 0.033600 0.033600 0.051100 0.033600 0.236300 0.212900 0.033600 0.087100 0.033600 0.033600 0.087600 0.033600 0.235300 0.050900 0.106000 0.033600 0.051200 0.086700 0.033600 0.051000 0.033800 0.279700 0.236300 0.068700 0.235300 0.235400 0.086700 0.068500 0.068500 0.051100 0.034000 0.068700 0.016700 0.051100
TibetanAnt 0.000000 0.186700 0.000000 0.164000 0.033400 0.000000 0.016500 0.015900 0.000000 0.187300 0.000000 0.016600 0.000000 0.000000 0.050600 0.015900 0.087000 0.033600 0.000000 0.000000 0.016600 0.000000 0.233700 0.210600 0.000000 0.051000 0.000000 0.000000 0.051200 0.000000 0.232700 0.016600 0.068900 0.000000 0.016600 0.050700 0.000000 0.016600 0.033700 0.276900 0.233700 0.033500 0.232700 0.232900 0.050700 0.033400 0.033500 0.015900 0.069200 0.033500 0.016600 0.016600
Sitatunga 0.000000 0.186700 0.000000 0.164000 0.033400 0.000000 0.016500 0.016600 0.000000 0.187300 0.000000 0.016600 0.000000 0.000000 0.050600 0.016600 0.087500 0.033600 0.000000 0.000000 0.016600 0.000000 0.233700 0.210600 0.000000 0.051000 0.000000 0.000000 0.051200 0.000000 0.232700 0.016600 0.068900 0.000000 0.016600 0.050700 0.000000 0.016600 0.033700 0.276900 0.233700 0.033500 0.232700 0.232900 0.050700 0.033400 0.033500 0.016600 0.068800 0.033500 0.016600 0.016600
Oribi 0.016600 0.208400 0.016600 0.184900 0.050800 0.016600 0.033500 0.033600 0.016600 0.209100 0.016600 0.033500 0.015800 0.016600 0.068300 0.000000 0.106400 0.051100 0.016600 0.016600 0.000000 0.016600 0.257200 0.233200 0.016600 0.033700 0.016600 0.016600 0.033800 0.016600 0.256200 0.033500 0.087200 0.016600 0.033700 0.068500 0.016600 0.033600 0.051200 0.301600 0.257200 0.016600 0.256200 0.256300 0.068500 0.050700 0.050800 0.033700 0.087600 0.047200 0.033600 0.033700
BarbaryShe 0.000000 0.186700 0.000000 0.164000 0.033400 0.000000 0.016500 0.016600 0.000000 0.187300 0.000000 0.016600 0.000000 0.000000 0.050600 0.016600 0.087500 0.033600 0.000000 0.000000 0.016600 0.000000 0.233700 0.210600 0.000000 0.051000 0.000000 0.000000 0.051200 0.000000 0.232700 0.016600 0.068900 0.000000 0.016600 0.050700 0.000000 0.016600 0.033700 0.276900 0.233700 0.033500 0.232700 0.232900 0.050700 0.033400 0.033500 0.016600 0.069200 0.033500 0.016600 0.016600
Daviddeer 0.233700 0.395100 0.233700 0.361800 0.234900 0.233700 0.212900 0.257100 0.233700 0.037100 0.233700 0.212000 0.233700 0.233700 0.302000 0.257200 0.306500 0.236300 0.233700 0.233700 0.257200 0.233700 0.000000 0.135500 0.233700 0.300800 0.233700 0.233700 0.304800 0.233700 0.036800 0.212000 0.330600 0.233700 0.258300 0.256200 0.233700 0.256100 0.280500 0.113600 0.000000 0.278500 0.036800 0.075100 0.256200 0.234500 0.275700 0.255100 0.284800 0.276900 0.213300 0.255100
Reindeer 0.210600 0.259400 0.210600 0.334300 0.210800 0.210600 0.189500 0.233200 0.210600 0.135000 0.210600 0.233300 0.210600 0.210600 0.275900 0.233200 0.283200 0.212900 0.210600 0.210600 0.233200 0.210600 0.135500 0.000000 0.210600 0.276900 0.210600 0.210600 0.280800 0.210600 0.093000 0.233300 0.304700 0.210600 0.234100 0.278600 0.210600 0.232400 0.210200 0.131400 0.136400 0.254000 0.093000 0.054200 0.278600 0.210400 0.251700 0.232500 0.260400 0.253600 0.190700 0.232500
Ibex 0.000000 0.186700 0.000000 0.164000 0.033400 0.000000 0.015800 0.016600 0.000000 0.187300 0.000000 0.016600 0.000000 0.000000 0.050600 0.016600 0.087500 0.033600 0.000000 0.000000 0.016600 0.000000 0.233700 0.210600 0.000000 0.051000 0.000000 0.000000 0.051200 0.000000 0.232700 0.016600 0.068900 0.000000 0.016600 0.050700 0.000000 0.016600 0.033700 0.276900 0.233700 0.033500 0.232700 0.232900 0.050700 0.033400 0.033500 0.016600 0.069200 0.033500 0.016600 0.016600
GyrantGaze 0.051000 0.252400 0.051000 0.184900 0.086600 0.051000 0.068500 0.068800 0.051000 0.250600 0.051000 0.068600 0.051000 0.051000 0.105000 0.033700 0.145500 0.087100 0.051000 0.051000 0.033700 0.051000 0.300800 0.276900 0.051000 0.000000 0.051000 0.051000 0.069100 0.051000 0.300000 0.068600 0.125100 0.051000 0.069000 0.105100 0.051000 0.068800 0.087600 0.348200 0.300800 0.016700 0.300000 0.300500 0.105100 0.086500 0.086800 0.069000 0.125600 0.087100 0.068800 0.033800
Hartebeest 0.000000 0.186700 0.000000 0.164000 0.033400 0.000000 0.016500 0.016600 0.000000 0.187300 0.000000 0.016600 0.000000 0.000000 0.050600 0.016600 0.087500 0.033600 0.000000 0.000000 0.016600 0.000000 0.233700 0.210600 0.000000 0.051000 0.000000 0.000000 0.051200 0.000000 0.232700 0.016600 0.068900 0.000000 0.016600 0.050700 0.000000 0.015900 0.033700 0.276900 0.233700 0.033500 0.232700 0.232900 0.050700 0.033400 0.033500 0.016600 0.069200 0.033500 0.016600 0.016600
Bongo 0.000000 0.186700 0.000000 0.164000 0.033400 0.000000 0.016500 0.016600 0.000000 0.187300 0.000000 0.016600 0.000000 0.000000 0.050600 0.016600 0.087500 0.033600 0.000000 0.000000 0.016600 0.000000 0.233700 0.210600 0.000000 0.051000 0.000000 0.000000 0.051200 0.000000 0.232700 0.016600 0.068900 0.000000 0.016600 0.050700 0.000000 0.016600 0.033700 0.276900 0.233700 0.033500 0.232700 0.232900 0.050700 0.033400 0.033300 0.016600 0.069200 0.033500 0.016600 0.016600
Gerenuk 0.051200 0.253900 0.051200 0.228700 0.086800 0.051200 0.068700 0.069100 0.051200 0.253800 0.051200 0.068800 0.051200 0.051200 0.105000 0.033800 0.107400 0.087600 0.051200 0.051200 0.033800 0.051200 0.304800 0.280800 0.051200 0.069100 0.051200 0.051200 0.000000 0.051200 0.304100 0.068800 0.125500 0.051200 0.069200 0.105500 0.051200 0.068900 0.087900 0.351400 0.304800 0.051100 0.304100 0.304200 0.105500 0.086700 0.086800 0.069200 0.088400 0.087200 0.069200 0.069200
CommonElan 0.000000 0.186700 0.000000 0.164000 0.033400 0.000000 0.016500 0.016600 0.000000 0.187300 0.000000 0.016600 0.000000 0.000000 0.050600 0.015900 0.087500 0.033600 0.000000 0.000000 0.016600 0.000000 0.233700 0.210600 0.000000 0.051000 0.000000 0.000000 0.051200 0.000000 0.232700 0.016600 0.068900 0.000000 0.016600 0.050700 0.000000 0.016600 0.033700 0.276900 0.233700 0.033500 0.232700 0.232900 0.050700 0.033400 0.033500 0.016600 0.069200 0.033500 0.015900 0.016600
MuntiacusR 0.232700 0.335600 0.232700 0.359800 0.233500 0.232700 0.211600 0.256000 0.232700 0.036600 0.232700 0.256400 0.232700 0.232700 0.300000 0.256200 0.306200 0.235300 0.232700 0.232700 0.256200 0.232700 0.036800 0.093000 0.232700 0.300000 0.232700 0.232700 0.304100 0.232700 0.000000 0.256400 0.329000 0.232700 0.257000 0.302900 0.232700 0.255100 0.231900 0.112200 0.036800 0.277300 0.000000 0.036000 0.302900 0.233100 0.274500 0.254500 0.283900 0.276100 0.212500 0.254500
HarveysDui 0.016600 0.208100 0.016600 0.184400 0.050700 0.016600 0.033400 0.033500 0.016600 0.209400 0.016600 0.000000 0.016600 0.016600 0.068200 0.033500 0.105900 0.050900 0.016600 0.016600 0.033500 0.016600 0.212000 0.233300 0.016600 0.068600 0.016600 0.016600 0.068800 0.016600 0.256400 0.000000 0.086900 0.016600 0.033600 0.033400 0.016600 0.033500 0.051100 0.302100 0.212000 0.050700 0.256400 0.256700 0.033400 0.050600 0.050600 0.033500 0.087300 0.050800 0.033500 0.033500
Pronghorn 0.068900 0.253100 0.068900 0.250400 0.105400 0.068900 0.086800 0.077900 0.068900 0.277000 0.068900 0.086900 0.068900 0.068900 0.124100 0.087200 0.166000 0.106000 0.068900 0.068900 0.087200 0.068900 0.330600 0.304700 0.068900 0.125100 0.068900 0.068900 0.125500 0.068900 0.329000 0.086900 0.000000 0.068900 0.087500 0.124400 0.068900 0.087100 0.106400 0.379100 0.330600 0.105700 0.329000 0.329800 0.124400 0.105300 0.105400 0.087300 0.145700 0.105700 0.087200 0.087300
BlueWildeb 0.000000 0.186700 0.000000 0.164000 0.033400 0.000000 0.016500 0.016600 0.000000 0.187300 0.000000 0.016600 0.000000 0.000000 0.050600 0.016600 0.087500 0.033600 0.000000 0.000000 0.016600 0.000000 0.233700 0.210600 0.000000 0.051000 0.000000 0.000000 0.051200 0.000000 0.232700 0.016600 0.068900 0.000000 0.016600 0.050700 0.000000 0.016600 0.033700 0.276900 0.233700 0.033500 0.232700 0.232900 0.050700 0.033400 0.033500 0.016600 0.069200 0.033500 0.016600 0.016600
Gemsbok 0.016600 0.209300 0.016600 0.185500 0.033600 0.016600 0.033600 0.033700 0.016600 0.209900 0.016600 0.033600 0.016600 0.016600 0.068600 0.033700 0.106600 0.051200 0.016600 0.016600 0.033700 0.016600 0.258300 0.234100 0.016600 0.069000 0.016600 0.016600 0.069200 0.016600 0.257000 0.033600 0.087500 0.016600 0.000000 0.068700 0.016600 0.016600 0.051400 0.303100 0.258300 0.051100 0.257000 0.257400 0.068700 0.050900 0.051000 0.033700 0.087800 0.051100 0.033700 0.033700
Yak 0.050700 0.252100 0.050700 0.226500 0.086300 0.050700 0.068300 0.068500 0.050700 0.253000 0.050700 0.033400 0.050700 0.050700 0.104600 0.068500 0.144400 0.086700 0.050700 0.050700 0.068500 0.050700 0.256200 0.278600 0.050700 0.105100 0.050700 0.050700 0.105500 0.050700 0.302900 0.033400 0.124400 0.050700 0.068700 0.000000 0.050700 0.068400 0.087000 0.351400 0.256200 0.086400 0.302900 0.303500 0.000000 0.086200 0.050700 0.068500 0.124100 0.086500 0.068500 0.068500
BlueSheep 0.000000 0.186700 0.000000 0.164000 0.033400 0.000000 0.016500 0.015900 0.000000 0.187300 0.000000 0.016600 0.000000 0.000000 0.050600 0.016600 0.087500 0.033600 0.000000 0.000000 0.016600 0.000000 0.233700 0.210600 0.000000 0.051000 0.000000 0.000000 0.051200 0.000000 0.232700 0.016600 0.068900 0.000000 0.016600 0.050700 0.000000 0.016600 0.033700 0.276900 0.233700 0.033500 0.232700 0.232900 0.050700 0.033400 0.033500 0.016600 0.069200 0.033500 0.016600 0.016600
BohorReedb 0.016600 0.208200 0.016600 0.184500 0.016500 0.016600 0.033400 0.033600 0.015800 0.208200 0.016600 0.033500 0.016600 0.016600 0.068300 0.033600 0.106100 0.051000 0.016600 0.016600 0.033600 0.016600 0.256100 0.232400 0.016600 0.068800 0.015900 0.016600 0.068900 0.016600 0.255100 0.033500 0.087100 0.016600 0.016600 0.068400 0.016600 0.000000 0.051200 0.300900 0.256100 0.050900 0.255100 0.255500 0.068400 0.050700 0.050800 0.033600 0.087400 0.050900 0.033600 0.033600
KirksDik 0.033700 0.186800 0.033700 0.207200 0.068800 0.033700 0.051000 0.016700 0.033700 0.231100 0.033700 0.051100 0.030900 0.033700 0.086800 0.051200 0.088200 0.033800 0.033700 0.033700 0.051200 0.033700 0.280500 0.210200 0.033700 0.087600 0.033700 0.033700 0.087900 0.033700 0.231900 0.051100 0.106400 0.033700 0.051400 0.087000 0.033700 0.051200 0.000000 0.327100 0.280500 0.069000 0.231900 0.232100 0.087000 0.068700 0.068800 0.051400 0.069600 0.069100 0.051300 0.051400
RoeDeer 0.276900 0.334400 0.276900 0.412500 0.278300 0.276900 0.254900 0.301700 0.276900 0.113000 0.276900 0.302100 0.276900 0.276900 0.348700 0.301600 0.304400 0.279700 0.276900 0.276900 0.301600 0.276900 0.113600 0.131400 0.276900 0.348200 0.276900 0.276900 0.351400 0.276900 0.112200 0.302100 0.379100 0.276900 0.303100 0.351400 0.276900 0.300900 0.327100 0.000000 0.113600 0.324200 0.112200 0.072700 0.351400 0.231200 0.321500 0.253300 0.331300 0.323000 0.255400 0.299800
WhiteLippe 0.233700 0.395100 0.233700 0.361800 0.234900 0.233700 0.212900 0.257100 0.233700 0.037100 0.233700 0.212000 0.233700 0.233700 0.302000 0.257200 0.306500 0.236300 0.233700 0.233700 0.257200 0.233700 0.000000 0.136400 0.233700 0.300800 0.233700 0.233700 0.304800 0.233700 0.036800 0.212000 0.330600 0.233700 0.258300 0.256200 0.233700 0.256100 0.280500 0.113600 0.000000 0.278500 0.036800 0.075100 0.256200 0.234500 0.275700 0.255100 0.284800 0.276900 0.213300 0.255100
ThomsonGaz 0.033500 0.229500 0.033500 0.205300 0.068400 0.033500 0.050700 0.050900 0.033500 0.229300 0.033500 0.050700 0.030900 0.033500 0.086400 0.016600 0.125200 0.068700 0.033500 0.033500 0.016600 0.033500 0.278500 0.254000 0.033500 0.016700 0.033500 0.033500 0.051100 0.033500 0.277300 0.050700 0.105700 0.033500 0.051100 0.086400 0.033500 0.050900 0.069000 0.324200 0.278500 0.000000 0.277300 0.277600 0.086400 0.068300 0.068500 0.051000 0.106000 0.068700 0.050900 0.051000
MuntiacusC 0.232700 0.335600 0.232700 0.359800 0.233500 0.232700 0.211600 0.256000 0.232700 0.036600 0.232700 0.256400 0.232700 0.232700 0.300000 0.256200 0.306200 0.235300 0.232700 0.232700 0.256200 0.232700 0.036800 0.093000 0.232700 0.300000 0.232700 0.232700 0.304100 0.232700 0.000000 0.256400 0.329000 0.232700 0.257000 0.302900 0.232700 0.255100 0.231900 0.112200 0.036800 0.277300 0.000000 0.036000 0.302900 0.233100 0.274500 0.254500 0.283900 0.276100 0.212500 0.254500
WhiteTaile 0.232900 0.283800 0.232900 0.360700 0.233800 0.232900 0.211700 0.256300 0.232900 0.074700 0.232900 0.256700 0.232900 0.232900 0.300900 0.256300 0.306600 0.235400 0.232900 0.232900 0.256300 0.232900 0.075100 0.054200 0.232900 0.300500 0.232900 0.232900 0.304200 0.232900 0.036000 0.256700 0.329800 0.232900 0.257400 0.303500 0.232900 0.255500 0.232100 0.072700 0.075100 0.277600 0.036000 0.000000 0.303500 0.233400 0.275200 0.254800 0.284100 0.276700 0.212500 0.254800
Cattle 0.050700 0.252100 0.050700 0.226500 0.086300 0.050700 0.068300 0.068500 0.050700 0.253000 0.050700 0.033400 0.050700 0.050700 0.104600 0.068500 0.144400 0.086700 0.050700 0.050700 0.068500 0.050700 0.256200 0.278600 0.050700 0.105100 0.050700 0.050700 0.105500 0.050700 0.302900 0.033400 0.124400 0.050700 0.068700 0.000000 0.050700 0.068400 0.087000 0.351400 0.256200 0.086400 0.302900 0.303500 0.000000 0.086200 0.050700 0.068500 0.124900 0.086500 0.068500 0.068500
RoyalAntel 0.033400 0.186500 0.033400 0.163600 0.033400 0.033400 0.016500 0.050700 0.033400 0.187600 0.033400 0.046600 0.033400 0.033400 0.086200 0.050700 0.124600 0.068500 0.033400 0.033400 0.050700 0.033400 0.234500 0.210400 0.033400 0.086500 0.033400 0.033400 0.086700 0.033400 0.233100 0.050600 0.105300 0.033400 0.050900 0.086200 0.033400 0.050700 0.068700 0.231200 0.234500 0.068300 0.233100 0.233400 0.086200 0.000000 0.068200 0.050800 0.105600 0.068300 0.050700 0.050800
Steenbok 0.033500 0.228400 0.033500 0.204200 0.068300 0.033500 0.050600 0.050800 0.033500 0.227300 0.033500 0.050600 0.033500 0.033500 0.086300 0.050800 0.124600 0.068500 0.033500 0.033500 0.050800 0.033500 0.275700 0.251700 0.033500 0.086800 0.033500 0.033300 0.086800 0.033500 0.274500 0.050600 0.105400 0.033500 0.051000 0.050700 0.033500 0.050800 0.068800 0.321500 0.275700 0.068500 0.274500 0.275200 0.050700 0.068200 0.000000 0.050900 0.105600 0.068600 0.050700 0.050900
Impala 0.016600 0.166300 0.016600 0.184900 0.050800 0.016600 0.033500 0.033700 0.016600 0.207800 0.016600 0.033500 0.016600 0.016600 0.067800 0.033700 0.069500 0.051100 0.015900 0.016600 0.033700 0.016600 0.255100 0.232500 0.016600 0.069000 0.016600 0.016600 0.069200 0.016600 0.254500 0.033500 0.087300 0.016600 0.033700 0.068500 0.016600 0.033600 0.051400 0.253300 0.255100 0.051000 0.254500 0.254800 0.068500 0.050800 0.050900 0.000000 0.087700 0.051100 0.033700 0.033700
Klipspring 0.069200 0.279200 0.069200 0.252300 0.105800 0.069200 0.087200 0.051300 0.062400 0.234100 0.069200 0.087300 0.069200 0.069200 0.124400 0.087600 0.052000 0.034000 0.069200 0.068800 0.087600 0.069200 0.284800 0.260400 0.069200 0.125600 0.069200 0.069200 0.088400 0.069200 0.283900 0.087300 0.145700 0.069200 0.087800 0.124100 0.069200 0.087400 0.069600 0.331300 0.284800 0.106000 0.283900 0.284100 0.124900 0.105600 0.105600 0.087700 0.000000 0.106200 0.051500 0.087700
ForestMusk 0.033500 0.186800 0.033500 0.205300 0.068400 0.033500 0.050700 0.050900 0.033500 0.228300 0.033500 0.050800 0.033500 0.033500 0.050700 0.050900 0.125500 0.068700 0.033500 0.033500 0.047200 0.033500 0.276900 0.253600 0.033500 0.087100 0.033500 0.033500 0.087200 0.033500 0.276100 0.050800 0.105700 0.033500 0.051100 0.086500 0.033500 0.050900 0.069100 0.323000 0.276900 0.068700 0.276100 0.276700 0.086500 0.068300 0.068600 0.051100 0.106200 0.000000 0.050900 0.051100
Bushbuck 0.016600 0.208500 0.016600 0.184900 0.050800 0.016600 0.033500 0.033600 0.016600 0.167900 0.016600 0.033500 0.016600 0.016600 0.068200 0.033600 0.069500 0.016700 0.016600 0.016600 0.033600 0.016600 0.213300 0.190700 0.016600 0.068800 0.016600 0.016600 0.069200 0.015900 0.212500 0.033500 0.087200 0.016600 0.033700 0.068500 0.016600 0.033600 0.051300 0.255400 0.213300 0.050900 0.212500 0.212500 0.068500 0.050700 0.050700 0.033700 0.051500 0.050900 0.000000 0.033700
GreaterKud 0.016600 0.208400 0.016600 0.144500 0.050800 0.016600 0.033500 0.033700 0.016600 0.207800 0.016600 0.033500 0.016600 0.016600 0.068400 0.033700 0.106700 0.051100 0.016600 0.016600 0.033700 0.016600 0.255100 0.232500 0.016600 0.033800 0.016600 0.016600 0.069200 0.016600 0.254500 0.033500 0.087300 0.016600 0.033700 0.068500 0.016600 0.033600 0.051400 0.299800 0.255100 0.051000 0.254500 0.254800 0.068500 0.050800 0.050900 0.033700 0.087700 0.051100 0.033700 0.000000
