CODONML (in paml version 4.10.7, June 2023)  /home/rachel/ruminants_paml/6406-phy-tree/ENSBTAT00000017242.fasta.phy
Model: free dN/dS Ratios for branches,  kappa = 2.000 fixed

Codon frequency model: F3x4
ns =  54  ls =  82

Codon usage in sequences
--------------------------------------------------------------------------------------------------------------------------------------
Phe TTT   1   0   0   1   1   1 | Ser TCT   1   1   1   0   3   2 | Tyr TAT   0   0   0   0   0   0 | Cys TGT   6   5   6   6   5   5
    TTC   2   3   3   2   2   2 |     TCC   2   2   2   2   2   2 |     TAC   1   1   1   1   1   1 |     TGC   4   5   4   4   5   5
Leu TTA   1   0   1   1   0   0 |     TCA   2   3   2   2   1   2 | *** TAA   0   0   0   0   0   0 | *** TGA   0   0   0   0   0   0
    TTG   0   0   0   0   0   0 |     TCG   0   0   0   0   0   0 |     TAG   0   0   0   0   0   0 | Trp TGG   2   2   2   2   2   2
--------------------------------------------------------------------------------------------------------------------------------------
Leu CTT   0   0   0   0   1   1 | Pro CCT   0   0   0   0   0   0 | His CAT   3   2   3   4   3   2 | Arg CGT   2   1   1   1   1   1
    CTC   2   3   2   2   1   2 |     CCC   1   2   1   1   1   1 |     CAC   2   3   2   1   2   3 |     CGC   1   1   1   1   1   1
    CTA   1   2   1   2   0   1 |     CCA   1   0   1   1   1   1 | Gln CAA   0   0   0   0   1   1 |     CGA   0   1   1   1   1   1
    CTG   2   0   2   1   3   1 |     CCG   0   0   0   0   0   0 |     CAG   4   4   4   4   3   3 |     CGG   1   1   1   1   1   1
--------------------------------------------------------------------------------------------------------------------------------------
Ile ATT   0   1   0   1   2   1 | Thr ACT   1   0   1   1   0   0 | Asn AAT   0   0   0   0   0   0 | Ser AGT   0   0   0   0   0   0
    ATC   2   2   2   2   1   2 |     ACC   3   3   3   3   3   3 |     AAC   0   0   0   0   0   0 |     AGC   0   0   0   0   0   0
    ATA   1   1   1   1   1   1 |     ACA   0   0   0   0   0   0 | Lys AAA   7   7   7   7   6   7 | Arg AGA   1   1   1   1   1   1
Met ATG   0   0   0   0   0   0 |     ACG   0   0   0   0   0   0 |     AAG   3   3   3   3   4   3 |     AGG   0   0   0   0   0   0
--------------------------------------------------------------------------------------------------------------------------------------
Val GTT   0   0   0   0   0   0 | Ala GCT   1   1   1   1   1   1 | Asp GAT   2   2   2   2   1   1 | Gly GGT   0   0   0   0   0   0
    GTC   2   1   2   2   1   1 |     GCC   2   2   2   2   2   2 |     GAC   2   2   2   2   3   3 |     GGC   2   3   2   2   2   2
    GTA   1   1   1   1   1   1 |     GCA   1   1   1   1   1   1 | Glu GAA   4   2   4   4   4   4 |     GGA   1   1   1   1   2   2
    GTG   1   2   1   1   2   2 |     GCG   0   0   0   0   0   0 |     GAG   0   2   0   0   0   0 |     GGG   3   2   3   3   2   2
--------------------------------------------------------------------------------------------------------------------------------------

--------------------------------------------------------------------------------------------------------------------------------------
Phe TTT   1   1   1   1   0   1 | Ser TCT   1   1   1   1   1   1 | Tyr TAT   0   0   0   0   0   0 | Cys TGT   6   6   6   6   6   6
    TTC   2   2   2   2   3   2 |     TCC   2   2   2   2   2   2 |     TAC   1   1   1   1   1   1 |     TGC   4   4   4   4   4   4
Leu TTA   1   1   1   1   1   1 |     TCA   2   2   1   2   2   2 | *** TAA   0   0   0   0   0   0 | *** TGA   0   0   0   0   0   0
    TTG   0   0   0   0   0   0 |     TCG   0   0   1   0   0   0 |     TAG   0   0   0   0   0   0 | Trp TGG   2   2   2   2   2   2
--------------------------------------------------------------------------------------------------------------------------------------
Leu CTT   0   0   0   0   0   0 | Pro CCT   0   0   0   0   0   0 | His CAT   2   3   3   3   3   3 | Arg CGT   2   2   2   2   1   0
    CTC   2   2   2   2   2   2 |     CCC   1   1   1   1   1   1 |     CAC   3   2   2   2   2   2 |     CGC   1   1   1   1   1   3
    CTA   2   1   2   2   1   2 |     CCA   1   1   1   1   1   1 | Gln CAA   0   0   0   0   0   0 |     CGA   0   0   0   0   1   1
    CTG   1   2   1   1   2   1 |     CCG   0   0   0   0   0   0 |     CAG   4   4   4   4   4   4 |     CGG   1   1   1   1   1   0
--------------------------------------------------------------------------------------------------------------------------------------
Ile ATT   1   0   0   0   0   1 | Thr ACT   1   1   1   1   1   0 | Asn AAT   0   0   0   0   0   0 | Ser AGT   0   0   0   0   0   0
    ATC   1   2   2   2   2   2 |     ACC   3   3   3   3   3   3 |     AAC   0   0   0   0   0   0 |     AGC   0   0   0   0   0   0
    ATA   1   1   1   1   1   1 |     ACA   0   0   0   0   0   0 | Lys AAA   7   7   7   7   7   7 | Arg AGA   1   1   1   1   1   1
Met ATG   0   0   0   0   0   0 |     ACG   0   0   0   0   0   0 |     AAG   3   3   3   3   3   3 |     AGG   0   0   0   0   0   0
--------------------------------------------------------------------------------------------------------------------------------------
Val GTT   0   0   0   0   0   0 | Ala GCT   1   1   1   1   1   1 | Asp GAT   2   2   2   2   2   2 | Gly GGT   0   0   0   0   0   0
    GTC   2   2   2   2   2   2 |     GCC   2   2   2   2   2   2 |     GAC   2   2   2   2   2   2 |     GGC   2   2   2   2   2   2
    GTA   1   1   1   1   1   1 |     GCA   1   1   1   1   1   1 | Glu GAA   4   4   4   4   4   4 |     GGA   1   1   1   1   1   1
    GTG   1   1   1   1   1   1 |     GCG   0   0   0   0   0   0 |     GAG   0   0   0   0   0   0 |     GGG   3   3   3   3   3   3
--------------------------------------------------------------------------------------------------------------------------------------

--------------------------------------------------------------------------------------------------------------------------------------
Phe TTT   1   1   1   1   1   1 | Ser TCT   1   1   1   1   1   1 | Tyr TAT   0   0   0   0   0   0 | Cys TGT   6   6   6   6   6   6
    TTC   2   2   2   2   2   2 |     TCC   2   2   2   2   2   2 |     TAC   1   1   1   1   1   1 |     TGC   4   4   4   4   4   4
Leu TTA   1   1   1   1   1   1 |     TCA   2   2   2   1   2   2 | *** TAA   0   0   0   0   0   0 | *** TGA   0   0   0   0   0   0
    TTG   0   0   0   0   0   0 |     TCG   0   0   0   1   0   0 |     TAG   0   0   0   0   0   0 | Trp TGG   2   2   2   2   2   2
--------------------------------------------------------------------------------------------------------------------------------------
Leu CTT   0   0   0   0   0   0 | Pro CCT   0   0   0   0   0   0 | His CAT   2   3   3   3   2   3 | Arg CGT   2   1   2   2   2   2
    CTC   2   2   2   2   2   2 |     CCC   1   1   1   1   1   1 |     CAC   3   2   2   2   3   2 |     CGC   1   1   1   1   1   1
    CTA   1   2   1   2   2   2 |     CCA   1   1   1   1   1   1 | Gln CAA   0   1   0   0   0   0 |     CGA   0   1   0   0   0   0
    CTG   2   1   2   1   1   1 |     CCG   0   0   0   0   0   0 |     CAG   4   3   4   4   4   4 |     CGG   1   1   1   1   1   1
--------------------------------------------------------------------------------------------------------------------------------------
Ile ATT   0   1   0   0   1   0 | Thr ACT   1   0   1   1   0   1 | Asn AAT   0   0   0   0   0   0 | Ser AGT   0   0   0   0   0   0
    ATC   2   2   2   2   2   2 |     ACC   3   3   3   3   3   3 |     AAC   0   0   0   0   0   0 |     AGC   0   0   0   0   0   0
    ATA   1   1   1   1   1   1 |     ACA   0   0   0   0   0   0 | Lys AAA   7   7   7   7   7   7 | Arg AGA   1   1   1   1   1   1
Met ATG   0   0   0   0   0   0 |     ACG   0   0   0   0   0   0 |     AAG   3   3   3   3   3   3 |     AGG   0   0   0   0   0   0
--------------------------------------------------------------------------------------------------------------------------------------
Val GTT   0   0   0   0   0   0 | Ala GCT   1   1   1   1   2   1 | Asp GAT   2   2   2   2   2   2 | Gly GGT   0   0   0   0   0   0
    GTC   2   2   2   2   2   2 |     GCC   2   2   2   2   1   3 |     GAC   2   2   2   2   2   2 |     GGC   2   2   2   2   2   2
    GTA   1   1   1   1   1   1 |     GCA   1   0   1   1   1   0 | Glu GAA   4   4   4   4   4   3 |     GGA   1   1   1   1   1   1
    GTG   1   1   1   1   1   1 |     GCG   0   1   0   0   0   0 |     GAG   0   0   0   0   0   1 |     GGG   3   3   3   3   3   3
--------------------------------------------------------------------------------------------------------------------------------------

--------------------------------------------------------------------------------------------------------------------------------------
Phe TTT   1   1   1   0   1   1 | Ser TCT   1   1   1   1   1   1 | Tyr TAT   0   0   0   0   0   0 | Cys TGT   6   7   6   6   6   6
    TTC   2   2   2   3   2   2 |     TCC   2   2   2   2   2   2 |     TAC   1   1   1   1   1   1 |     TGC   4   3   4   4   4   4
Leu TTA   1   1   1   1   1   1 |     TCA   2   2   2   2   2   2 | *** TAA   0   0   0   0   0   0 | *** TGA   0   0   0   0   0   0
    TTG   0   0   0   0   0   0 |     TCG   0   0   0   0   0   0 |     TAG   0   0   0   0   0   0 | Trp TGG   2   2   2   2   2   2
--------------------------------------------------------------------------------------------------------------------------------------
Leu CTT   0   0   0   0   0   0 | Pro CCT   0   0   0   0   0   0 | His CAT   3   3   4   3   3   3 | Arg CGT   1   1   2   1   2   2
    CTC   2   2   2   2   2   2 |     CCC   1   1   1   1   1   1 |     CAC   2   2   1   2   2   2 |     CGC   1   1   1   1   1   1
    CTA   2   2   1   1   2   1 |     CCA   1   1   1   1   1   1 | Gln CAA   0   0   0   0   0   0 |     CGA   1   1   0   1   0   0
    CTG   1   1   2   2   1   2 |     CCG   0   0   0   0   0   0 |     CAG   4   4   4   4   4   4 |     CGG   1   1   1   1   1   1
--------------------------------------------------------------------------------------------------------------------------------------
Ile ATT   1   1   0   0   0   0 | Thr ACT   0   0   1   1   1   1 | Asn AAT   0   0   0   0   0   0 | Ser AGT   0   0   0   0   0   0
    ATC   2   2   2   2   2   2 |     ACC   3   3   3   3   3   3 |     AAC   0   0   0   0   0   0 |     AGC   0   0   0   0   0   0
    ATA   1   1   1   1   1   1 |     ACA   0   0   0   0   0   0 | Lys AAA   7   7   7   7   7   7 | Arg AGA   1   1   1   1   1   1
Met ATG   0   0   0   0   0   0 |     ACG   0   0   0   0   0   0 |     AAG   3   3   3   3   3   3 |     AGG   0   0   0   0   0   0
--------------------------------------------------------------------------------------------------------------------------------------
Val GTT   0   0   0   0   0   0 | Ala GCT   1   1   1   1   1   1 | Asp GAT   2   2   2   2   2   2 | Gly GGT   0   0   0   0   0   0
    GTC   2   2   2   2   2   2 |     GCC   2   2   2   2   3   2 |     GAC   2   2   2   2   2   2 |     GGC   3   2   2   2   2   2
    GTA   1   1   1   1   1   1 |     GCA   1   1   1   1   0   1 | Glu GAA   4   4   4   4   4   4 |     GGA   1   1   1   1   1   1
    GTG   1   1   1   1   1   1 |     GCG   0   0   0   0   0   0 |     GAG   0   0   0   0   0   0 |     GGG   2   3   3   3   3   3
--------------------------------------------------------------------------------------------------------------------------------------

--------------------------------------------------------------------------------------------------------------------------------------
Phe TTT   1   1   0   1   1   0 | Ser TCT   1   1   1   1   1   1 | Tyr TAT   0   0   0   0   0   0 | Cys TGT   6   6   6   6   6   6
    TTC   2   2   3   2   2   3 |     TCC   2   3   2   2   2   2 |     TAC   1   1   1   1   1   1 |     TGC   4   4   4   4   4   4
Leu TTA   1   1   1   1   1   1 |     TCA   2   1   2   2   2   2 | *** TAA   0   0   0   0   0   0 | *** TGA   0   0   0   0   0   0
    TTG   0   0   0   0   0   0 |     TCG   0   0   0   0   0   0 |     TAG   0   0   0   0   0   0 | Trp TGG   2   2   2   2   2   2
--------------------------------------------------------------------------------------------------------------------------------------
Leu CTT   0   0   0   0   0   0 | Pro CCT   0   0   0   0   0   0 | His CAT   3   3   3   3   3   3 | Arg CGT   0   1   2   2   2   1
    CTC   2   2   2   2   2   2 |     CCC   1   1   1   1   1   1 |     CAC   2   2   2   2   2   2 |     CGC   2   1   1   1   1   1
    CTA   2   2   1   2   1   1 |     CCA   1   1   1   1   1   1 | Gln CAA   0   0   0   0   0   0 |     CGA   1   1   0   0   0   1
    CTG   1   1   2   1   2   2 |     CCG   0   0   0   0   0   0 |     CAG   4   4   4   4   4   4 |     CGG   1   1   1   1   1   1
--------------------------------------------------------------------------------------------------------------------------------------
Ile ATT   1   1   0   0   0   0 | Thr ACT   0   0   1   1   1   1 | Asn AAT   0   0   0   0   0   0 | Ser AGT   0   0   0   0   0   0
    ATC   2   2   2   2   2   2 |     ACC   3   3   3   3   3   3 |     AAC   0   0   0   0   0   0 |     AGC   0   0   0   0   0   0
    ATA   1   1   1   1   1   1 |     ACA   0   0   0   0   0   0 | Lys AAA   6   6   7   7   7   7 | Arg AGA   1   1   1   1   1   1
Met ATG   0   0   0   0   0   0 |     ACG   0   0   0   0   0   0 |     AAG   4   4   3   3   3   3 |     AGG   0   0   0   0   0   0
--------------------------------------------------------------------------------------------------------------------------------------
Val GTT   0   0   0   0   0   0 | Ala GCT   1   1   1   1   1   1 | Asp GAT   2   2   2   2   2   2 | Gly GGT   0   0   0   0   0   0
    GTC   2   2   2   2   2   2 |     GCC   2   2   2   3   2   3 |     GAC   2   2   2   2   2   2 |     GGC   2   2   2   2   2   2
    GTA   1   1   1   1   1   1 |     GCA   1   1   1   0   1   0 | Glu GAA   4   4   4   4   4   4 |     GGA   1   2   1   1   1   1
    GTG   1   1   1   1   1   1 |     GCG   0   0   0   0   0   0 |     GAG   0   0   0   0   0   0 |     GGG   3   2   3   3   3   3
--------------------------------------------------------------------------------------------------------------------------------------

--------------------------------------------------------------------------------------------------------------------------------------
Phe TTT   1   0   1   1   1   1 | Ser TCT   1   1   1   1   1   1 | Tyr TAT   0   0   0   0   0   0 | Cys TGT   6   6   6   6   7   6
    TTC   2   3   2   2   2   2 |     TCC   2   2   2   2   2   2 |     TAC   1   1   1   1   1   1 |     TGC   4   4   4   4   3   4
Leu TTA   1   1   1   1   1   1 |     TCA   2   2   2   1   2   2 | *** TAA   0   0   0   0   0   0 | *** TGA   0   0   0   0   0   0
    TTG   0   0   0   0   0   0 |     TCG   0   0   0   1   0   0 |     TAG   0   0   0   0   0   0 | Trp TGG   2   2   2   2   2   2
--------------------------------------------------------------------------------------------------------------------------------------
Leu CTT   0   0   0   0   0   0 | Pro CCT   0   0   0   0   0   0 | His CAT   3   3   3   3   3   3 | Arg CGT   2   1   0   2   1   2
    CTC   2   2   2   2   2   2 |     CCC   1   1   1   1   1   1 |     CAC   2   2   2   2   2   2 |     CGC   1   1   3   1   1   1
    CTA   2   1   2   2   2   1 |     CCA   1   1   1   1   1   1 | Gln CAA   0   0   0   0   0   0 |     CGA   0   1   1   0   1   0
    CTG   1   2   1   1   1   2 |     CCG   0   0   0   0   0   0 |     CAG   4   4   4   4   4   4 |     CGG   1   1   0   1   0   1
--------------------------------------------------------------------------------------------------------------------------------------
Ile ATT   0   0   1   0   1   1 | Thr ACT   1   1   0   1   0   1 | Asn AAT   0   0   0   0   0   0 | Ser AGT   0   0   0   0   0   0
    ATC   2   2   2   2   2   1 |     ACC   3   3   3   3   3   3 |     AAC   0   0   0   0   0   0 |     AGC   0   0   0   0   0   0
    ATA   1   1   1   1   1   1 |     ACA   0   0   0   0   0   0 | Lys AAA   7   7   7   8   7   7 | Arg AGA   1   1   1   1   1   1
Met ATG   0   0   0   0   0   0 |     ACG   0   0   0   0   0   0 |     AAG   3   3   3   2   3   3 |     AGG   0   0   0   0   1   0
--------------------------------------------------------------------------------------------------------------------------------------
Val GTT   0   0   0   0   0   0 | Ala GCT   1   1   1   1   1   1 | Asp GAT   1   2   2   2   2   2 | Gly GGT   0   0   0   0   0   0
    GTC   2   2   2   2   2   2 |     GCC   3   2   2   2   2   2 |     GAC   3   2   2   2   2   2 |     GGC   2   2   2   2   2   2
    GTA   1   1   1   1   1   1 |     GCA   0   1   1   1   1   1 | Glu GAA   4   4   4   4   4   4 |     GGA   1   1   1   1   1   1
    GTG   1   1   1   1   1   1 |     GCG   0   0   0   0   0   0 |     GAG   0   0   0   0   0   0 |     GGG   3   3   3   3   3   3
--------------------------------------------------------------------------------------------------------------------------------------

--------------------------------------------------------------------------------------------------------------------------------------
Phe TTT   0   1   1   1   1   1 | Ser TCT   1   1   1   1   1   1 | Tyr TAT   0   0   0   0   0   0 | Cys TGT   6   6   6   6   6   6
    TTC   3   2   2   2   2   2 |     TCC   2   1   2   2   2   3 |     TAC   1   1   1   1   1   1 |     TGC   4   4   4   4   4   4
Leu TTA   1   1   1   1   1   1 |     TCA   2   2   2   2   2   1 | *** TAA   0   0   0   0   0   0 | *** TGA   0   0   0   0   0   0
    TTG   0   0   0   0   0   0 |     TCG   0   0   0   0   0   0 |     TAG   0   0   0   0   0   0 | Trp TGG   2   2   2   2   2   2
--------------------------------------------------------------------------------------------------------------------------------------
Leu CTT   0   0   0   0   0   0 | Pro CCT   0   0   0   0   0   0 | His CAT   3   3   3   2   3   3 | Arg CGT   2   1   2   2   2   1
    CTC   2   1   2   2   2   2 |     CCC   1   1   1   1   1   1 |     CAC   2   2   2   3   2   2 |     CGC   1   1   1   1   1   1
    CTA   1   2   1   2   1   2 |     CCA   1   1   1   1   1   1 | Gln CAA   0   0   0   0   0   0 |     CGA   0   1   0   0   0   2
    CTG   2   2   2   1   2   1 |     CCG   0   0   0   0   0   0 |     CAG   4   4   4   4   4   4 |     CGG   1   1   1   1   1   1
--------------------------------------------------------------------------------------------------------------------------------------
Ile ATT   0   1   0   0   0   1 | Thr ACT   1   0   1   1   1   0 | Asn AAT   0   0   0   0   0   0 | Ser AGT   0   0   0   0   0   0
    ATC   2   2   2   2   2   2 |     ACC   3   3   3   3   3   3 |     AAC   0   0   0   0   0   0 |     AGC   0   0   0   0   0   0
    ATA   1   1   1   1   1   0 |     ACA   0   0   0   0   0   0 | Lys AAA   7   7   7   7   7   7 | Arg AGA   1   1   1   1   1   0
Met ATG   0   0   0   0   0   1 |     ACG   0   0   0   0   0   0 |     AAG   3   3   3   3   3   3 |     AGG   0   0   0   0   0   0
--------------------------------------------------------------------------------------------------------------------------------------
Val GTT   0   0   0   0   0   0 | Ala GCT   1   1   1   1   1   2 | Asp GAT   2   2   2   2   2   2 | Gly GGT   0   0   0   0   0   0
    GTC   2   2   2   2   2   2 |     GCC   2   3   2   2   2   1 |     GAC   2   2   2   2   2   2 |     GGC   2   2   2   2   2   2
    GTA   1   1   1   1   1   1 |     GCA   1   1   1   1   1   1 | Glu GAA   4   3   4   4   4   4 |     GGA   1   1   1   1   2   1
    GTG   1   1   1   1   1   1 |     GCG   0   0   0   0   0   0 |     GAG   0   1   0   0   0   0 |     GGG   3   3   3   3   2   3
--------------------------------------------------------------------------------------------------------------------------------------

--------------------------------------------------------------------------------------------------------------------------------------
Phe TTT   1   1   1   1   1   1 | Ser TCT   1   1   1   1   1   1 | Tyr TAT   0   0   0   0   0   1 | Cys TGT   6   6   6   6   7   7
    TTC   2   2   2   2   2   2 |     TCC   2   2   2   3   2   3 |     TAC   1   1   1   1   1   0 |     TGC   4   4   4   4   3   3
Leu TTA   1   1   1   1   1   1 |     TCA   2   2   2   1   2   1 | *** TAA   0   0   0   0   0   0 | *** TGA   0   0   0   0   0   0
    TTG   0   0   0   0   0   0 |     TCG   0   0   0   0   0   0 |     TAG   0   0   0   0   0   0 | Trp TGG   2   2   2   2   2   2
--------------------------------------------------------------------------------------------------------------------------------------
Leu CTT   0   0   1   0   0   0 | Pro CCT   0   0   0   0   0   0 | His CAT   3   3   3   3   2   3 | Arg CGT   0   2   0   1   1   2
    CTC   2   2   2   2   1   2 |     CCC   1   1   1   1   2   1 |     CAC   2   2   2   2   3   2 |     CGC   2   1   3   1   1   1
    CTA   2   2   2   2   2   2 |     CCA   1   1   1   1   0   1 | Gln CAA   0   0   0   0   0   0 |     CGA   1   0   1   1   1   0
    CTG   1   1   0   1   2   1 |     CCG   0   0   0   0   0   0 |     CAG   4   4   4   4   4   4 |     CGG   1   1   0   1   1   1
--------------------------------------------------------------------------------------------------------------------------------------
Ile ATT   1   0   1   1   0   0 | Thr ACT   0   1   0   0   1   1 | Asn AAT   0   0   0   0   0   0 | Ser AGT   0   0   0   0   0   0
    ATC   2   2   2   2   2   2 |     ACC   3   3   3   3   3   3 |     AAC   0   0   0   0   0   0 |     AGC   0   0   0   0   0   0
    ATA   1   1   1   1   1   1 |     ACA   0   0   0   0   0   0 | Lys AAA   6   7   7   6   7   7 | Arg AGA   1   1   1   1   1   1
Met ATG   0   0   0   0   0   0 |     ACG   0   0   0   0   0   0 |     AAG   4   3   3   4   3   3 |     AGG   0   0   0   0   0   0
--------------------------------------------------------------------------------------------------------------------------------------
Val GTT   0   0   0   0   0   0 | Ala GCT   1   1   1   1   1   1 | Asp GAT   2   2   2   2   2   2 | Gly GGT   0   0   0   0   0   0
    GTC   2   2   2   2   2   2 |     GCC   2   3   2   2   2   2 |     GAC   2   2   2   2   2   2 |     GGC   2   2   2   2   2   2
    GTA   1   1   1   1   1   1 |     GCA   1   0   1   1   1   1 | Glu GAA   4   4   4   4   4   4 |     GGA   1   1   1   1   1   1
    GTG   1   1   1   1   1   1 |     GCG   0   0   0   0   0   0 |     GAG   0   0   0   0   0   0 |     GGG   3   3   3   3   3   3
--------------------------------------------------------------------------------------------------------------------------------------

--------------------------------------------------------------------------------------------------------------------------------------
Phe TTT   1   1   1   1   0   0 | Ser TCT   2   1   1   0   1   1 | Tyr TAT   0   0   0   0   0   0 | Cys TGT   6   6   6   6   6   6
    TTC   2   2   2   2   3   3 |     TCC   1   2   2   2   2   2 |     TAC   1   1   1   1   1   1 |     TGC   4   4   4   4   4   4
Leu TTA   1   1   1   1   1   1 |     TCA   2   2   2   2   2   2 | *** TAA   0   0   0   0   0   0 | *** TGA   0   0   0   0   0   0
    TTG   0   0   0   0   0   0 |     TCG   0   0   0   0   0   0 |     TAG   0   0   0   0   0   0 | Trp TGG   2   2   2   2   2   2
--------------------------------------------------------------------------------------------------------------------------------------
Leu CTT   0   0   0   0   0   0 | Pro CCT   0   0   0   0   0   0 | His CAT   3   3   2   4   3   3 | Arg CGT   2   2   2   1   1   1
    CTC   2   2   2   2   2   2 |     CCC   1   1   1   1   1   1 |     CAC   2   2   3   1   2   2 |     CGC   1   1   1   1   1   1
    CTA   2   2   2   2   1   1 |     CCA   1   1   1   1   1   1 | Gln CAA   0   0   0   0   0   0 |     CGA   0   0   0   1   1   1
    CTG   1   1   1   1   2   2 |     CCG   0   0   0   0   0   0 |     CAG   4   4   4   4   4   4 |     CGG   1   1   1   1   1   1
--------------------------------------------------------------------------------------------------------------------------------------
Ile ATT   0   1   0   1   0   0 | Thr ACT   1   0   1   1   1   1 | Asn AAT   0   0   0   0   0   0 | Ser AGT   0   0   0   0   0   0
    ATC   2   2   2   2   2   2 |     ACC   3   3   3   3   3   3 |     AAC   0   0   0   0   0   0 |     AGC   0   0   0   0   0   0
    ATA   1   1   1   1   1   1 |     ACA   0   0   0   0   0   0 | Lys AAA   7   7   7   7   7   7 | Arg AGA   1   1   1   1   1   1
Met ATG   0   0   0   0   0   0 |     ACG   0   0   0   0   0   0 |     AAG   3   3   3   3   3   3 |     AGG   0   0   0   0   0   0
--------------------------------------------------------------------------------------------------------------------------------------
Val GTT   0   0   0   0   0   0 | Ala GCT   1   1   1   1   1   1 | Asp GAT   2   2   2   2   2   2 | Gly GGT   0   0   0   0   0   0
    GTC   2   2   2   2   2   2 |     GCC   2   2   2   2   2   2 |     GAC   2   2   2   2   2   2 |     GGC   2   2   2   2   2   2
    GTA   1   1   1   1   1   1 |     GCA   1   1   1   1   1   1 | Glu GAA   4   4   4   4   4   4 |     GGA   1   1   1   1   1   1
    GTG   1   1   1   1   1   1 |     GCG   0   0   0   0   0   0 |     GAG   0   0   0   0   0   0 |     GGG   3   3   3   3   3   3
--------------------------------------------------------------------------------------------------------------------------------------

Codon position x base (3x4) table for each sequence.

#1: Argali         
position  1:    T:0.26829    C:0.24390    A:0.21951    G:0.26829
position  2:    T:0.19512    C:0.18293    A:0.34146    G:0.28049
position  3:    T:0.20732    C:0.34146    A:0.25610    G:0.19512
Average         T:0.22358    C:0.25610    A:0.27236    G:0.24797

#2: LesserMouseDeer
position  1:    T:0.26829    C:0.24390    A:0.21951    G:0.26829
position  2:    T:0.19512    C:0.18293    A:0.34146    G:0.28049
position  3:    T:0.15854    C:0.40244    A:0.24390    G:0.19512
Average         T:0.20732    C:0.27642    A:0.26829    G:0.24797

#3: LesserKudu     
position  1:    T:0.26829    C:0.24390    A:0.21951    G:0.26829
position  2:    T:0.19512    C:0.18293    A:0.34146    G:0.28049
position  3:    T:0.18293    C:0.35366    A:0.26829    G:0.19512
Average         T:0.21545    C:0.26016    A:0.27642    G:0.24797

#4: ForestMuskDeer2
position  1:    T:0.25610    C:0.24390    A:0.23171    G:0.26829
position  2:    T:0.20732    C:0.17073    A:0.34146    G:0.28049
position  3:    T:0.20732    C:0.32927    A:0.28049    G:0.18293
Average         T:0.22358    C:0.24797    A:0.28455    G:0.24390

#5: Camel          
position  1:    T:0.26829    C:0.24390    A:0.21951    G:0.26829
position  2:    T:0.19512    C:0.18293    A:0.34146    G:0.28049
position  3:    T:0.21951    C:0.32927    A:0.24390    G:0.20732
Average         T:0.22764    C:0.25203    A:0.26829    G:0.25203

#6: KillerWhale    
position  1:    T:0.26829    C:0.24390    A:0.21951    G:0.26829
position  2:    T:0.19512    C:0.18293    A:0.34146    G:0.28049
position  3:    T:0.18293    C:0.36585    A:0.28049    G:0.17073
Average         T:0.21545    C:0.26423    A:0.28049    G:0.23984

#7: DefassaWaterbuck
position  1:    T:0.26829    C:0.24390    A:0.21951    G:0.26829
position  2:    T:0.19512    C:0.18293    A:0.34146    G:0.28049
position  3:    T:0.20732    C:0.34146    A:0.26829    G:0.18293
Average         T:0.22358    C:0.25610    A:0.27642    G:0.24390

#8: Sheep          
position  1:    T:0.26829    C:0.24390    A:0.21951    G:0.26829
position  2:    T:0.19512    C:0.18293    A:0.34146    G:0.28049
position  3:    T:0.20732    C:0.34146    A:0.25610    G:0.19512
Average         T:0.22358    C:0.25610    A:0.27236    G:0.24797

#9: MaxwellsDuiker 
position  1:    T:0.26829    C:0.24390    A:0.21951    G:0.26829
position  2:    T:0.19512    C:0.18293    A:0.34146    G:0.28049
position  3:    T:0.20732    C:0.34146    A:0.25610    G:0.19512
Average         T:0.22358    C:0.25610    A:0.27236    G:0.24797

#10: GazellaPrzewalskyi
position  1:    T:0.26829    C:0.24390    A:0.21951    G:0.26829
position  2:    T:0.19512    C:0.18293    A:0.34146    G:0.28049
position  3:    T:0.20732    C:0.34146    A:0.26829    G:0.18293
Average         T:0.22358    C:0.25610    A:0.27642    G:0.24390

#11: MountainNyala  
position  1:    T:0.26829    C:0.24390    A:0.21951    G:0.26829
position  2:    T:0.19512    C:0.18293    A:0.34146    G:0.28049
position  3:    T:0.18293    C:0.35366    A:0.26829    G:0.19512
Average         T:0.21545    C:0.26016    A:0.27642    G:0.24797

#12: MuntiacusMuntjak
position  1:    T:0.26829    C:0.24390    A:0.21951    G:0.26829
position  2:    T:0.20732    C:0.17073    A:0.34146    G:0.28049
position  3:    T:0.18293    C:0.36585    A:0.28049    G:0.17073
Average         T:0.21951    C:0.26016    A:0.28049    G:0.23984

#13: goat           
position  1:    T:0.26829    C:0.24390    A:0.21951    G:0.26829
position  2:    T:0.19512    C:0.18293    A:0.34146    G:0.28049
position  3:    T:0.19512    C:0.35366    A:0.25610    G:0.19512
Average         T:0.21951    C:0.26016    A:0.27236    G:0.24797

#14: AfricanBuffalo 
position  1:    T:0.26829    C:0.24390    A:0.21951    G:0.26829
position  2:    T:0.20732    C:0.17073    A:0.34146    G:0.28049
position  3:    T:0.19512    C:0.34146    A:0.28049    G:0.18293
Average         T:0.22358    C:0.25203    A:0.28049    G:0.24390

#15: Topi           
position  1:    T:0.26829    C:0.24390    A:0.21951    G:0.26829
position  2:    T:0.19512    C:0.18293    A:0.34146    G:0.28049
position  3:    T:0.20732    C:0.34146    A:0.25610    G:0.19512
Average         T:0.22358    C:0.25610    A:0.27236    G:0.24797

#16: CommonDuiker   
position  1:    T:0.26829    C:0.24390    A:0.21951    G:0.26829
position  2:    T:0.19512    C:0.18293    A:0.34146    G:0.28049
position  3:    T:0.20732    C:0.34146    A:0.25610    G:0.19512
Average         T:0.22358    C:0.25610    A:0.27236    G:0.24797

#17: Suni           
position  1:    T:0.26829    C:0.24390    A:0.21951    G:0.26829
position  2:    T:0.20732    C:0.17073    A:0.34146    G:0.28049
position  3:    T:0.20732    C:0.34146    A:0.26829    G:0.18293
Average         T:0.22764    C:0.25203    A:0.27642    G:0.24390

#18: Springbuck     
position  1:    T:0.26829    C:0.24390    A:0.21951    G:0.26829
position  2:    T:0.19512    C:0.18293    A:0.34146    G:0.28049
position  3:    T:0.20732    C:0.35366    A:0.24390    G:0.19512
Average         T:0.22358    C:0.26016    A:0.26829    G:0.24797

#19: Okapi          
position  1:    T:0.26829    C:0.24390    A:0.21951    G:0.26829
position  2:    T:0.20732    C:0.17073    A:0.34146    G:0.28049
position  3:    T:0.19512    C:0.35366    A:0.28049    G:0.17073
Average         T:0.22358    C:0.25610    A:0.28049    G:0.23984

#20: Giraffe        
position  1:    T:0.26829    C:0.24390    A:0.21951    G:0.26829
position  2:    T:0.20732    C:0.17073    A:0.34146    G:0.28049
position  3:    T:0.20732    C:0.32927    A:0.28049    G:0.18293
Average         T:0.22764    C:0.24797    A:0.28049    G:0.24390

#21: TibetanAntelope
position  1:    T:0.26829    C:0.24390    A:0.21951    G:0.26829
position  2:    T:0.19512    C:0.18293    A:0.34146    G:0.28049
position  3:    T:0.21951    C:0.32927    A:0.25610    G:0.19512
Average         T:0.22764    C:0.25203    A:0.27236    G:0.24797

#22: Sitatunga      
position  1:    T:0.26829    C:0.24390    A:0.21951    G:0.26829
position  2:    T:0.19512    C:0.18293    A:0.34146    G:0.28049
position  3:    T:0.18293    C:0.35366    A:0.26829    G:0.19512
Average         T:0.21545    C:0.26016    A:0.27642    G:0.24797

#23: Oribi          
position  1:    T:0.26829    C:0.24390    A:0.21951    G:0.26829
position  2:    T:0.19512    C:0.18293    A:0.34146    G:0.28049
position  3:    T:0.20732    C:0.35366    A:0.25610    G:0.18293
Average         T:0.22358    C:0.26016    A:0.27236    G:0.24390

#24: BarbarySheep   
position  1:    T:0.26829    C:0.24390    A:0.21951    G:0.26829
position  2:    T:0.19512    C:0.18293    A:0.34146    G:0.28049
position  3:    T:0.20732    C:0.34146    A:0.25610    G:0.19512
Average         T:0.22358    C:0.25610    A:0.27236    G:0.24797

#25: Daviddeer      
position  1:    T:0.26829    C:0.24390    A:0.21951    G:0.26829
position  2:    T:0.20732    C:0.17073    A:0.34146    G:0.28049
position  3:    T:0.18293    C:0.35366    A:0.26829    G:0.19512
Average         T:0.21951    C:0.25610    A:0.27642    G:0.24797

#26: Reindeer       
position  1:    T:0.26829    C:0.24390    A:0.21951    G:0.26829
position  2:    T:0.20732    C:0.17073    A:0.34146    G:0.28049
position  3:    T:0.19512    C:0.35366    A:0.26829    G:0.18293
Average         T:0.22358    C:0.25610    A:0.27642    G:0.24390

#27: Ibex           
position  1:    T:0.26829    C:0.24390    A:0.21951    G:0.26829
position  2:    T:0.19512    C:0.18293    A:0.34146    G:0.28049
position  3:    T:0.19512    C:0.35366    A:0.25610    G:0.19512
Average         T:0.21951    C:0.26016    A:0.27236    G:0.24797

#28: GyrantGazelle  
position  1:    T:0.26829    C:0.24390    A:0.21951    G:0.26829
position  2:    T:0.19512    C:0.18293    A:0.34146    G:0.28049
position  3:    T:0.20732    C:0.35366    A:0.25610    G:0.18293
Average         T:0.22358    C:0.26016    A:0.27236    G:0.24390

#29: Hartebeest     
position  1:    T:0.26829    C:0.24390    A:0.21951    G:0.26829
position  2:    T:0.19512    C:0.18293    A:0.34146    G:0.28049
position  3:    T:0.20732    C:0.34146    A:0.25610    G:0.19512
Average         T:0.22358    C:0.25610    A:0.27236    G:0.24797

#30: Bongo          
position  1:    T:0.26829    C:0.24390    A:0.21951    G:0.26829
position  2:    T:0.19512    C:0.18293    A:0.34146    G:0.28049
position  3:    T:0.18293    C:0.36585    A:0.25610    G:0.19512
Average         T:0.21545    C:0.26423    A:0.27236    G:0.24797

#31: Gerenuk        
position  1:    T:0.26829    C:0.24390    A:0.21951    G:0.26829
position  2:    T:0.19512    C:0.18293    A:0.34146    G:0.28049
position  3:    T:0.19512    C:0.36585    A:0.25610    G:0.18293
Average         T:0.21951    C:0.26423    A:0.27236    G:0.24390

#32: CommonEland    
position  1:    T:0.26829    C:0.24390    A:0.21951    G:0.26829
position  2:    T:0.19512    C:0.18293    A:0.34146    G:0.28049
position  3:    T:0.18293    C:0.35366    A:0.26829    G:0.19512
Average         T:0.21545    C:0.26016    A:0.27642    G:0.24797

#33: MuntiacusReevesi
position  1:    T:0.26829    C:0.24390    A:0.21951    G:0.26829
position  2:    T:0.20732    C:0.17073    A:0.34146    G:0.28049
position  3:    T:0.18293    C:0.36585    A:0.28049    G:0.17073
Average         T:0.21951    C:0.26016    A:0.28049    G:0.23984

#34: HarveysDuiker  
position  1:    T:0.26829    C:0.24390    A:0.21951    G:0.26829
position  2:    T:0.19512    C:0.18293    A:0.34146    G:0.28049
position  3:    T:0.20732    C:0.34146    A:0.26829    G:0.18293
Average         T:0.22358    C:0.25610    A:0.27642    G:0.24390

#35: Pronghorn      
position  1:    T:0.26829    C:0.23171    A:0.23171    G:0.26829
position  2:    T:0.20732    C:0.17073    A:0.34146    G:0.28049
position  3:    T:0.20732    C:0.32927    A:0.28049    G:0.18293
Average         T:0.22764    C:0.24390    A:0.28455    G:0.24390

#36: BlueWildebeest 
position  1:    T:0.26829    C:0.24390    A:0.21951    G:0.26829
position  2:    T:0.19512    C:0.18293    A:0.34146    G:0.28049
position  3:    T:0.21951    C:0.32927    A:0.25610    G:0.19512
Average         T:0.22764    C:0.25203    A:0.27236    G:0.24797

#37: Gemsbok        
position  1:    T:0.26829    C:0.24390    A:0.21951    G:0.26829
position  2:    T:0.19512    C:0.18293    A:0.34146    G:0.28049
position  3:    T:0.19512    C:0.35366    A:0.25610    G:0.19512
Average         T:0.21951    C:0.26016    A:0.27236    G:0.24797

#38: Yak            
position  1:    T:0.25610    C:0.24390    A:0.21951    G:0.28049
position  2:    T:0.20732    C:0.17073    A:0.34146    G:0.28049
position  3:    T:0.19512    C:0.32927    A:0.26829    G:0.20732
Average         T:0.21951    C:0.24797    A:0.27642    G:0.25610

#39: BlueSheep      
position  1:    T:0.26829    C:0.24390    A:0.21951    G:0.26829
position  2:    T:0.19512    C:0.18293    A:0.34146    G:0.28049
position  3:    T:0.20732    C:0.34146    A:0.25610    G:0.19512
Average         T:0.22358    C:0.25610    A:0.27236    G:0.24797

#40: BohorReedbuck  
position  1:    T:0.26829    C:0.24390    A:0.21951    G:0.26829
position  2:    T:0.19512    C:0.18293    A:0.34146    G:0.28049
position  3:    T:0.19512    C:0.35366    A:0.26829    G:0.18293
Average         T:0.21951    C:0.26016    A:0.27642    G:0.24390

#41: KirksDik       
position  1:    T:0.26829    C:0.24390    A:0.21951    G:0.26829
position  2:    T:0.19512    C:0.18293    A:0.34146    G:0.28049
position  3:    T:0.20732    C:0.34146    A:0.26829    G:0.18293
Average         T:0.22358    C:0.25610    A:0.27642    G:0.24390

#42: RoeDeer        
position  1:    T:0.26829    C:0.25610    A:0.20732    G:0.26829
position  2:    T:0.20732    C:0.17073    A:0.34146    G:0.28049
position  3:    T:0.20732    C:0.34146    A:0.25610    G:0.19512
Average         T:0.22764    C:0.25610    A:0.26829    G:0.24797

#43: WhiteLippedDeer
position  1:    T:0.26829    C:0.24390    A:0.21951    G:0.26829
position  2:    T:0.20732    C:0.17073    A:0.34146    G:0.28049
position  3:    T:0.18293    C:0.35366    A:0.26829    G:0.19512
Average         T:0.21951    C:0.25610    A:0.27642    G:0.24797

#44: ThomsonGazelle 
position  1:    T:0.26829    C:0.24390    A:0.21951    G:0.26829
position  2:    T:0.19512    C:0.18293    A:0.34146    G:0.28049
position  3:    T:0.20732    C:0.35366    A:0.25610    G:0.18293
Average         T:0.22358    C:0.26016    A:0.27236    G:0.24390

#45: MuntiacusCrinifrons
position  1:    T:0.26829    C:0.24390    A:0.21951    G:0.26829
position  2:    T:0.20732    C:0.17073    A:0.34146    G:0.28049
position  3:    T:0.19512    C:0.36585    A:0.28049    G:0.15854
Average         T:0.22358    C:0.26016    A:0.28049    G:0.23577

#46: WhiteTailedDeer
position  1:    T:0.26829    C:0.24390    A:0.21951    G:0.26829
position  2:    T:0.20732    C:0.17073    A:0.34146    G:0.28049
position  3:    T:0.19512    C:0.35366    A:0.25610    G:0.19512
Average         T:0.22358    C:0.25610    A:0.27236    G:0.24797

#47: Cattle         
position  1:    T:0.26829    C:0.24390    A:0.21951    G:0.26829
position  2:    T:0.19512    C:0.18293    A:0.34146    G:0.28049
position  3:    T:0.19512    C:0.34146    A:0.26829    G:0.19512
Average         T:0.21951    C:0.25610    A:0.27642    G:0.24797

#48: RoyalAntelope  
position  1:    T:0.26829    C:0.24390    A:0.21951    G:0.26829
position  2:    T:0.19512    C:0.18293    A:0.34146    G:0.28049
position  3:    T:0.23171    C:0.32927    A:0.25610    G:0.18293
Average         T:0.23171    C:0.25203    A:0.27236    G:0.24390

#49: Steenbok       
position  1:    T:0.26829    C:0.24390    A:0.21951    G:0.26829
position  2:    T:0.19512    C:0.18293    A:0.34146    G:0.28049
position  3:    T:0.21951    C:0.32927    A:0.26829    G:0.18293
Average         T:0.22764    C:0.25203    A:0.27642    G:0.24390

#50: Impala         
position  1:    T:0.26829    C:0.24390    A:0.21951    G:0.26829
position  2:    T:0.20732    C:0.17073    A:0.34146    G:0.28049
position  3:    T:0.20732    C:0.34146    A:0.26829    G:0.18293
Average         T:0.22764    C:0.25203    A:0.27642    G:0.24390

#51: Klipspringer   
position  1:    T:0.26829    C:0.24390    A:0.21951    G:0.26829
position  2:    T:0.19512    C:0.18293    A:0.34146    G:0.28049
