1
52 1
Argali 0.000000 0.234700 0.047600 0.150200 0.055700 0.000000 0.042700 0.064500 0.047400 0.095300 0.008400 0.069900 0.041300 0.038200 0.046800 0.047400 0.055900 0.051800 0.021100 0.042900 0.047300 0.016700 0.081800 0.105200 0.012600 0.060700 0.042700 0.047400 0.056200 0.043100 0.090800 0.033900 0.091300 0.042500 0.038500 0.051800 0.008400 0.051500 0.047300 0.091700 0.081700 0.060500 0.090900 0.104900 0.047500 0.060300 0.065000 0.082500 0.056000 0.056000 0.047500 0.047400
LesserMous 0.234700 0.000000 0.213500 0.190000 0.206700 0.234700 0.191900 0.186400 0.202000 0.224900 0.246900 0.213500 0.212200 0.196500 0.216800 0.198400 0.195400 0.201600 0.245700 0.196500 0.198000 0.239600 0.219800 0.248100 0.251300 0.202400 0.217600 0.202000 0.208800 0.207800 0.219800 0.191600 0.239600 0.222400 0.203200 0.202000 0.245600 0.213100 0.203200 0.243300 0.219400 0.203000 0.220100 0.247500 0.197300 0.213700 0.208100 0.249900 0.208400 0.206200 0.197700 0.212800
LesserKudu 0.047600 0.213500 0.000000 0.128600 0.047100 0.047600 0.034100 0.055900 0.016800 0.081000 0.055700 0.038400 0.045900 0.029700 0.047000 0.047500 0.029500 0.034000 0.069700 0.021000 0.047400 0.065000 0.058800 0.081500 0.060700 0.052000 0.038500 0.016000 0.056400 0.012600 0.076500 0.025400 0.064500 0.047200 0.034300 0.021000 0.056200 0.042900 0.047600 0.068400 0.067500 0.051800 0.076700 0.090300 0.016900 0.051700 0.056200 0.078200 0.047400 0.029600 0.016900 0.016800
KillerWhal 0.150200 0.190000 0.128600 0.000000 0.119700 0.150200 0.124800 0.147600 0.118500 0.160700 0.160200 0.133400 0.138800 0.119700 0.138400 0.140100 0.119200 0.124400 0.174400 0.123000 0.139800 0.159100 0.146400 0.171800 0.164500 0.144900 0.138800 0.118500 0.149800 0.123500 0.156000 0.115200 0.163700 0.148200 0.135500 0.118400 0.159400 0.125000 0.140500 0.157600 0.155700 0.144500 0.156200 0.181200 0.114000 0.144600 0.149400 0.173100 0.130100 0.128800 0.118800 0.128200
DefassaWat 0.055700 0.206700 0.047100 0.119700 0.000000 0.055700 0.029300 0.050700 0.038200 0.076700 0.064500 0.051400 0.046700 0.025000 0.025000 0.042500 0.033700 0.046800 0.077700 0.033800 0.042300 0.072900 0.063500 0.086100 0.068700 0.046800 0.051000 0.038200 0.042500 0.042600 0.072300 0.020800 0.068900 0.059600 0.046800 0.029600 0.064200 0.004100 0.042500 0.073000 0.063400 0.046700 0.072400 0.094900 0.033900 0.055200 0.051000 0.072600 0.033700 0.033700 0.038300 0.046900
Sheep 0.000000 0.234700 0.047600 0.150200 0.055700 0.000000 0.042700 0.064500 0.047400 0.095300 0.008400 0.069900 0.041300 0.038200 0.046800 0.047400 0.055900 0.051800 0.021100 0.042900 0.047300 0.016700 0.081800 0.105200 0.012600 0.060700 0.042700 0.047400 0.056200 0.043100 0.090800 0.033900 0.091300 0.042500 0.038500 0.051800 0.008400 0.051500 0.047300 0.091700 0.081700 0.060500 0.090900 0.104900 0.047500 0.060300 0.065000 0.082500 0.056000 0.056000 0.047500 0.047400
MaxwellsDu 0.042700 0.191900 0.034100 0.124800 0.029300 0.042700 0.000000 0.037900 0.034000 0.072400 0.051400 0.047100 0.033800 0.012500 0.029300 0.029600 0.029500 0.033900 0.064500 0.029600 0.029500 0.059800 0.059300 0.081800 0.055600 0.033900 0.038100 0.034000 0.038200 0.029700 0.068000 0.008300 0.064600 0.046600 0.034000 0.029600 0.051200 0.025200 0.029700 0.068700 0.059100 0.033800 0.068100 0.081600 0.025400 0.042300 0.038100 0.068400 0.029500 0.029500 0.034100 0.034000
GazellaPrz 0.064500 0.186400 0.055900 0.147600 0.050700 0.064500 0.037900 0.000000 0.055700 0.093900 0.073500 0.069100 0.046600 0.033500 0.050600 0.033800 0.050900 0.055600 0.077700 0.051200 0.033700 0.081900 0.071500 0.094600 0.077700 0.038100 0.051000 0.055700 0.042400 0.051300 0.089500 0.029300 0.086200 0.059500 0.046800 0.051200 0.073100 0.046500 0.042500 0.090300 0.071400 0.038000 0.089600 0.094400 0.047000 0.064000 0.051000 0.090500 0.051000 0.051000 0.055800 0.055700
MountainNy 0.047400 0.202000 0.016800 0.118500 0.038200 0.047400 0.034000 0.055700 0.000000 0.080700 0.056300 0.038300 0.045700 0.029600 0.046800 0.047400 0.029400 0.033900 0.069500 0.004000 0.047300 0.064700 0.058600 0.081300 0.060500 0.051800 0.038400 0.000000 0.056200 0.012600 0.076300 0.025300 0.073500 0.047000 0.034200 0.016100 0.056000 0.042700 0.047400 0.068100 0.067200 0.051600 0.076400 0.090000 0.012600 0.051500 0.056000 0.077900 0.047200 0.029500 0.000000 0.016100
MuntiacusM 0.095300 0.224900 0.081000 0.160700 0.076700 0.095300 0.072400 0.093900 0.080700 0.000000 0.104600 0.085400 0.089700 0.067800 0.076500 0.086300 0.067500 0.081000 0.108800 0.076100 0.086100 0.113000 0.037000 0.075800 0.108800 0.090900 0.090600 0.080700 0.086300 0.076300 0.012200 0.063500 0.094200 0.099400 0.086400 0.067400 0.104100 0.072500 0.086500 0.071500 0.036900 0.090600 0.004000 0.084400 0.071900 0.086000 0.095200 0.085600 0.072800 0.067600 0.080800 0.080700
goat 0.008400 0.246900 0.055700 0.160200 0.064500 0.008400 0.051400 0.073500 0.056300 0.104600 0.000000 0.078400 0.050300 0.046900 0.055600 0.056300 0.064900 0.060800 0.029600 0.051800 0.056100 0.016700 0.090900 0.114600 0.004200 0.069700 0.051400 0.056300 0.065200 0.051900 0.100000 0.042600 0.089900 0.051300 0.047300 0.060800 0.008300 0.060400 0.056200 0.101000 0.090800 0.069500 0.100100 0.114300 0.056500 0.069300 0.074000 0.091600 0.065000 0.060500 0.056500 0.056300
AfricanBuf 0.069900 0.213500 0.038400 0.133400 0.051400 0.069900 0.047100 0.069100 0.038300 0.085400 0.078400 0.000000 0.068400 0.042600 0.051200 0.060800 0.033800 0.047000 0.092400 0.042600 0.060700 0.078300 0.063100 0.086000 0.083300 0.065300 0.060500 0.038300 0.060800 0.034000 0.081000 0.038300 0.068900 0.060300 0.056400 0.025400 0.078600 0.047200 0.060900 0.072800 0.071800 0.065100 0.081100 0.094800 0.029700 0.056100 0.069500 0.073600 0.051700 0.033800 0.038400 0.038300
Topi 0.041300 0.212200 0.045900 0.138800 0.046700 0.041300 0.033800 0.046600 0.045700 0.089700 0.050300 0.068400 0.000000 0.029400 0.046600 0.038400 0.046900 0.051500 0.067600 0.041100 0.038300 0.058800 0.076100 0.099500 0.054500 0.042700 0.004200 0.045700 0.047100 0.041200 0.085200 0.025200 0.073600 0.012500 0.025400 0.050200 0.050200 0.042500 0.038300 0.086100 0.075900 0.042600 0.085300 0.099200 0.045700 0.060000 0.047000 0.086600 0.042600 0.047000 0.045600 0.045700
CommonDuik 0.038200 0.196500 0.029700 0.119700 0.025000 0.038200 0.012500 0.033500 0.029600 0.067800 0.046900 0.042600 0.029400 0.000000 0.024900 0.025300 0.025100 0.029500 0.059900 0.025300 0.025200 0.055200 0.054800 0.077100 0.051100 0.029500 0.033700 0.029600 0.033800 0.025300 0.063400 0.004100 0.060000 0.042200 0.029600 0.025300 0.046700 0.020900 0.025300 0.064100 0.054700 0.029400 0.063500 0.077000 0.021100 0.037900 0.029400 0.055000 0.025200 0.025200 0.029700 0.029600
Suni 0.046800 0.216800 0.047000 0.138400 0.025000 0.046800 0.029300 0.050600 0.046800 0.076500 0.055600 0.051200 0.046600 0.024900 0.000000 0.033800 0.033600 0.038100 0.068600 0.042400 0.033700 0.063900 0.063300 0.085900 0.059800 0.046700 0.050900 0.046800 0.033800 0.042500 0.072100 0.020800 0.068700 0.059400 0.046800 0.033800 0.055300 0.020800 0.033800 0.064000 0.063200 0.046600 0.072200 0.094700 0.038200 0.046400 0.050900 0.063700 0.033600 0.033600 0.046900 0.046800
Springbuck 0.047400 0.198400 0.047500 0.140100 0.042500 0.047400 0.029600 0.033800 0.047400 0.086300 0.056300 0.060800 0.038400 0.025300 0.033800 0.000000 0.038300 0.025500 0.069500 0.042900 0.016800 0.064700 0.072900 0.086800 0.060500 0.021100 0.042700 0.047400 0.016800 0.043000 0.081800 0.021000 0.078600 0.051300 0.038500 0.042900 0.056000 0.038300 0.017000 0.073600 0.072800 0.021000 0.082000 0.086600 0.038700 0.047000 0.042800 0.064400 0.042700 0.042700 0.047500 0.047400
Okapi 0.055900 0.195400 0.029500 0.119200 0.033700 0.055900 0.029500 0.050900 0.029400 0.067500 0.064900 0.033800 0.046900 0.025100 0.033600 0.038300 0.000000 0.012500 0.078100 0.033700 0.038200 0.073300 0.046000 0.068000 0.069100 0.042600 0.051300 0.029400 0.038300 0.025200 0.063200 0.020900 0.051000 0.059900 0.047100 0.016700 0.064600 0.029500 0.042700 0.055100 0.054400 0.042500 0.063300 0.085500 0.021000 0.046800 0.051300 0.073000 0.033900 0.016600 0.029500 0.029500
Giraffe 0.051800 0.201600 0.034000 0.124400 0.046800 0.051800 0.033900 0.055600 0.033900 0.081000 0.060800 0.047000 0.051500 0.029500 0.038100 0.025500 0.012500 0.000000 0.074000 0.038100 0.034100 0.069200 0.059100 0.072600 0.065000 0.038500 0.055900 0.033900 0.034100 0.029600 0.076600 0.025300 0.064400 0.064600 0.051800 0.029600 0.060500 0.042600 0.029900 0.059600 0.067700 0.038400 0.076700 0.081300 0.025400 0.042700 0.056000 0.077900 0.047100 0.029400 0.034000 0.033900
TibetanAnt 0.021100 0.245700 0.069700 0.174400 0.077700 0.021100 0.064500 0.077700 0.069500 0.108800 0.029600 0.092400 0.067600 0.059900 0.068600 0.069500 0.078100 0.074000 0.000000 0.064900 0.069300 0.037900 0.095100 0.128100 0.033800 0.083000 0.068700 0.069500 0.078500 0.065100 0.104200 0.055500 0.114500 0.068400 0.060300 0.074000 0.029500 0.073500 0.069400 0.114500 0.095000 0.082800 0.104400 0.127800 0.069700 0.082500 0.087400 0.086700 0.078200 0.078200 0.069700 0.069500
Sitatunga 0.042900 0.196500 0.021000 0.123000 0.033800 0.042900 0.029600 0.051200 0.004000 0.076100 0.051800 0.042600 0.041100 0.025300 0.042400 0.042900 0.033700 0.038100 0.064900 0.000000 0.042800 0.060200 0.062900 0.085600 0.056000 0.047300 0.034000 0.004000 0.051700 0.016800 0.071800 0.021000 0.068900 0.042600 0.029800 0.020900 0.051500 0.038300 0.043000 0.072500 0.062700 0.047100 0.071900 0.085400 0.016800 0.047100 0.051500 0.073300 0.042700 0.033700 0.004200 0.020900
Oribi 0.047300 0.198000 0.047400 0.139800 0.042300 0.047300 0.029500 0.033700 0.047300 0.086100 0.056100 0.060700 0.038300 0.025200 0.033700 0.016800 0.038200 0.034100 0.069300 0.042800 0.000000 0.064500 0.072800 0.095800 0.060300 0.029600 0.042600 0.047300 0.025300 0.042900 0.081700 0.021000 0.078400 0.051200 0.038400 0.042800 0.055900 0.038200 0.025500 0.082500 0.072600 0.029500 0.081800 0.095600 0.038600 0.046900 0.042600 0.073200 0.042600 0.042600 0.047400 0.047300
BarbaryShe 0.016700 0.239600 0.065000 0.159100 0.072900 0.016700 0.059800 0.081900 0.064700 0.113000 0.016700 0.078300 0.058800 0.055200 0.063900 0.064700 0.073300 0.069200 0.037900 0.060200 0.064500 0.000000 0.099300 0.123000 0.020800 0.078100 0.059800 0.064700 0.073600 0.060400 0.108400 0.050900 0.099500 0.050900 0.055600 0.069200 0.008300 0.068700 0.064600 0.109400 0.099200 0.077900 0.108600 0.122700 0.064900 0.077700 0.082400 0.090900 0.073400 0.068900 0.064900 0.064700
Daviddeer 0.081800 0.219800 0.058800 0.146400 0.063500 0.081800 0.059300 0.071500 0.058600 0.037000 0.090900 0.063100 0.076100 0.054800 0.063300 0.072900 0.046000 0.059100 0.095100 0.062900 0.072800 0.099300 0.000000 0.054200 0.095100 0.077400 0.077200 0.058600 0.072900 0.054200 0.032800 0.050500 0.089600 0.085900 0.073000 0.045500 0.090500 0.059400 0.073000 0.058600 0.008100 0.077200 0.032800 0.071300 0.049800 0.063900 0.081700 0.090200 0.059600 0.046000 0.058600 0.058600
Reindeer 0.105200 0.248100 0.081500 0.171800 0.086100 0.105200 0.081800 0.094600 0.081300 0.075800 0.114600 0.086000 0.099500 0.077100 0.085900 0.086800 0.068000 0.072600 0.128100 0.085600 0.095800 0.123000 0.054200 0.000000 0.118800 0.091400 0.100300 0.081300 0.086800 0.076800 0.071400 0.072800 0.113300 0.109300 0.096100 0.067800 0.114000 0.082000 0.087000 0.037500 0.054100 0.091100 0.071500 0.024600 0.072400 0.095700 0.095700 0.104400 0.082200 0.068100 0.081400 0.081300
Ibex 0.012600 0.251300 0.060700 0.164500 0.068700 0.012600 0.055600 0.077700 0.060500 0.108800 0.004200 0.083300 0.054500 0.051100 0.059800 0.060500 0.069100 0.065000 0.033800 0.056000 0.060300 0.020800 0.095100 0.118800 0.000000 0.073900 0.055600 0.060500 0.069400 0.056200 0.104200 0.046800 0.095200 0.055500 0.051500 0.065000 0.012500 0.064600 0.060400 0.105200 0.095000 0.073700 0.104300 0.118500 0.060700 0.073500 0.078200 0.095800 0.069200 0.064700 0.060700 0.060500
GyrantGaze 0.060700 0.202400 0.052000 0.144900 0.046800 0.060700 0.033900 0.038100 0.051800 0.090900 0.069700 0.065300 0.042700 0.029500 0.046700 0.021100 0.042600 0.038500 0.083000 0.047300 0.029600 0.078100 0.077400 0.091400 0.073900 0.000000 0.047100 0.051800 0.029600 0.047400 0.086300 0.025300 0.083100 0.055700 0.042900 0.047300 0.069400 0.042600 0.029800 0.078100 0.077300 0.000000 0.086500 0.091200 0.043000 0.060200 0.047100 0.086900 0.047100 0.047100 0.051900 0.051800
Hartebeest 0.042700 0.217600 0.038500 0.138800 0.051000 0.042700 0.038100 0.051000 0.038400 0.090600 0.051400 0.060500 0.004200 0.033700 0.050900 0.042700 0.051300 0.055900 0.068700 0.034000 0.042600 0.059800 0.077200 0.100300 0.055600 0.047100 0.000000 0.038400 0.051400 0.034100 0.086100 0.029500 0.078400 0.008300 0.021100 0.042800 0.051200 0.046800 0.042700 0.086900 0.077000 0.046900 0.086200 0.100100 0.038500 0.064400 0.051300 0.082000 0.046900 0.051300 0.038500 0.038400
Bongo 0.047400 0.202000 0.016000 0.118500 0.038200 0.047400 0.034000 0.055700 0.000000 0.080700 0.056300 0.038300 0.045700 0.029600 0.046800 0.047400 0.029400 0.033900 0.069500 0.004000 0.047300 0.064700 0.058600 0.081300 0.060500 0.051800 0.038400 0.000000 0.056200 0.012600 0.076300 0.025300 0.073500 0.047000 0.034200 0.016000 0.056000 0.042700 0.047400 0.068100 0.067200 0.051600 0.076400 0.090000 0.012600 0.051500 0.056000 0.077900 0.047200 0.029500 0.000000 0.016100
Gerenuk 0.056200 0.208800 0.056400 0.149800 0.042500 0.056200 0.038200 0.042400 0.056200 0.086300 0.065200 0.060800 0.047100 0.033800 0.033800 0.016800 0.038300 0.034100 0.078500 0.051700 0.025300 0.073600 0.072900 0.086800 0.069400 0.029600 0.051400 0.056200 0.000000 0.051800 0.081800 0.029500 0.078600 0.060100 0.047300 0.042900 0.064900 0.038300 0.025500 0.073600 0.072800 0.029600 0.082000 0.095700 0.047400 0.055800 0.051500 0.073300 0.042700 0.042700 0.056400 0.056200
CommonElan 0.043100 0.207800 0.012600 0.123500 0.042600 0.043100 0.029700 0.051300 0.012600 0.076300 0.051900 0.034000 0.041200 0.025300 0.042500 0.043000 0.025200 0.029600 0.065100 0.016800 0.042900 0.060400 0.054200 0.076800 0.056200 0.047400 0.034100 0.012600 0.051800 0.000000 0.071900 0.021100 0.069100 0.042700 0.029900 0.016800 0.051700 0.038400 0.043100 0.063700 0.062800 0.047300 0.072000 0.085600 0.012600 0.047200 0.051700 0.073500 0.042900 0.025300 0.012600 0.004200
MuntiacusR 0.090800 0.219800 0.076500 0.156000 0.072300 0.090800 0.068000 0.089500 0.076300 0.012200 0.100000 0.081000 0.085200 0.063400 0.072100 0.081800 0.063200 0.076600 0.104200 0.071800 0.081700 0.108400 0.032800 0.071400 0.104200 0.086300 0.086100 0.076300 0.081800 0.071900 0.000000 0.059200 0.089800 0.094900 0.081900 0.063100 0.099500 0.068100 0.082000 0.067000 0.032800 0.086100 0.007800 0.080000 0.067500 0.081600 0.090700 0.090200 0.068300 0.063300 0.076400 0.076300
HarveysDui 0.033900 0.191600 0.025400 0.115200 0.020800 0.033900 0.008300 0.029300 0.025300 0.063500 0.042600 0.038300 0.025200 0.004100 0.020800 0.021000 0.020900 0.025300 0.055500 0.021000 0.021000 0.050900 0.050500 0.072800 0.046800 0.025300 0.029500 0.025300 0.029500 0.021100 0.059200 0.000000 0.055700 0.037900 0.025300 0.021000 0.042400 0.016700 0.021100 0.059800 0.050400 0.025200 0.059200 0.072600 0.016800 0.033700 0.029500 0.059500 0.020900 0.021000 0.025400 0.025300
Pronghorn 0.091300 0.239600 0.064500 0.163700 0.068900 0.091300 0.064600 0.086200 0.073500 0.094200 0.089900 0.068900 0.073600 0.060000 0.068700 0.078600 0.051000 0.064400 0.114500 0.068900 0.078400 0.099500 0.089600 0.113300 0.095200 0.083100 0.078400 0.073500 0.078600 0.069100 0.089800 0.055700 0.000000 0.087300 0.083200 0.060100 0.090600 0.064700 0.078700 0.099800 0.089500 0.082900 0.089900 0.113100 0.064700 0.082900 0.087500 0.110000 0.069400 0.055500 0.073700 0.073500
BlueWildeb 0.042500 0.222400 0.047200 0.148200 0.059600 0.042500 0.046600 0.059500 0.047000 0.099400 0.051300 0.060300 0.012500 0.042200 0.059400 0.051300 0.059900 0.064600 0.068400 0.042600 0.051200 0.050900 0.085900 0.109300 0.055500 0.055700 0.008300 0.047000 0.060100 0.042700 0.094900 0.037900 0.087300 0.000000 0.029500 0.051400 0.051100 0.055400 0.051300 0.095800 0.085800 0.055500 0.095000 0.109000 0.047100 0.073100 0.059900 0.081700 0.055600 0.060000 0.047100 0.047000
Gemsbok 0.038500 0.203200 0.034300 0.135500 0.046800 0.038500 0.034000 0.046800 0.034200 0.086400 0.047300 0.056400 0.025400 0.029600 0.046800 0.038500 0.047100 0.051800 0.060300 0.029800 0.038400 0.055600 0.073000 0.096100 0.051500 0.042900 0.021100 0.034200 0.047300 0.029900 0.081900 0.025300 0.083200 0.029500 0.000000 0.038600 0.047000 0.042700 0.038500 0.082800 0.072800 0.042800 0.082000 0.095900 0.034300 0.060300 0.047100 0.068800 0.047100 0.047200 0.034300 0.034200
Yak 0.051800 0.202000 0.021000 0.118400 0.029600 0.051800 0.029600 0.051200 0.016100 0.067400 0.060800 0.025400 0.050200 0.025300 0.033800 0.042900 0.016700 0.029600 0.074000 0.020900 0.042800 0.069200 0.045500 0.067800 0.065000 0.047300 0.042800 0.016000 0.042900 0.016800 0.063100 0.021000 0.060100 0.051400 0.038600 0.000000 0.060500 0.027500 0.043000 0.054800 0.054100 0.047200 0.063100 0.085500 0.004200 0.047100 0.051600 0.064500 0.034100 0.016700 0.016800 0.021000
BlueSheep 0.008400 0.245600 0.056200 0.159400 0.064200 0.008400 0.051200 0.073100 0.056000 0.104100 0.008300 0.078600 0.050200 0.046700 0.055300 0.056000 0.064600 0.060500 0.029500 0.051500 0.055900 0.008300 0.090500 0.114000 0.012500 0.069400 0.051200 0.056000 0.064900 0.051700 0.099500 0.042400 0.090600 0.051100 0.047000 0.060500 0.000000 0.060100 0.055900 0.100500 0.090400 0.069200 0.099700 0.113800 0.056200 0.069000 0.073600 0.091200 0.064600 0.060200 0.056200 0.056000
BohorReedb 0.051500 0.213100 0.042900 0.125000 0.004100 0.051500 0.025200 0.046500 0.042700 0.072500 0.060400 0.047200 0.042500 0.020900 0.020800 0.038300 0.029500 0.042600 0.073500 0.038300 0.038200 0.068700 0.059400 0.082000 0.064600 0.042600 0.046800 0.042700 0.038300 0.038400 0.068100 0.016700 0.064700 0.055400 0.042700 0.027500 0.060100 0.000000 0.038400 0.068800 0.059300 0.042500 0.068200 0.090800 0.031900 0.051100 0.046900 0.068500 0.033600 0.029500 0.042800 0.042700
KirksDik 0.047300 0.203200 0.047600 0.140500 0.042500 0.047300 0.029700 0.042500 0.047400 0.086500 0.056200 0.060900 0.038300 0.025300 0.033800 0.017000 0.042700 0.029900 0.069400 0.043000 0.025500 0.064600 0.073000 0.087000 0.060400 0.029800 0.042700 0.047400 0.025500 0.043100 0.082000 0.021100 0.078700 0.051300 0.038500 0.043000 0.055900 0.038400 0.000000 0.073700 0.072900 0.029800 0.082100 0.086800 0.038700 0.047100 0.042800 0.073500 0.042800 0.042800 0.047600 0.047500
RoeDeer 0.091700 0.243300 0.068400 0.157600 0.073000 0.091700 0.068700 0.090300 0.068100 0.071500 0.101000 0.072800 0.086100 0.064100 0.064000 0.073600 0.055100 0.059600 0.114500 0.072500 0.082500 0.109400 0.058600 0.037500 0.105200 0.078100 0.086900 0.068100 0.073600 0.063700 0.067000 0.059800 0.099800 0.095800 0.082800 0.054800 0.100500 0.068800 0.073700 0.000000 0.067100 0.077900 0.067100 0.054400 0.059300 0.082400 0.091600 0.100200 0.069000 0.055100 0.068200 0.068200
WhiteLippe 0.081700 0.219400 0.067500 0.155700 0.063400 0.081700 0.059100 0.071400 0.067200 0.036900 0.090800 0.071800 0.075900 0.054700 0.063200 0.072800 0.054400 0.067700 0.095000 0.062700 0.072600 0.099200 0.008100 0.054100 0.095000 0.077300 0.077000 0.067200 0.072800 0.062800 0.032800 0.050400 0.089500 0.085800 0.072800 0.054100 0.090400 0.059300 0.072900 0.067100 0.000000 0.077000 0.032800 0.062500 0.058500 0.063800 0.072600 0.090100 0.059400 0.054500 0.067300 0.067200
ThomsonGaz 0.060500 0.203000 0.051800 0.144500 0.046700 0.060500 0.033800 0.038000 0.051600 0.090600 0.069500 0.065100 0.042600 0.029400 0.046600 0.021000 0.042500 0.038400 0.082800 0.047100 0.029500 0.077900 0.077200 0.091100 0.073700 0.000000 0.046900 0.051600 0.029600 0.047300 0.086100 0.025200 0.082900 0.055500 0.042800 0.047200 0.069200 0.042500 0.029800 0.077900 0.077000 0.000000 0.086200 0.090900 0.042900 0.060000 0.047000 0.086600 0.047000 0.047000 0.051800 0.051600
MuntiacusC 0.090900 0.220100 0.076700 0.156200 0.072400 0.090900 0.068100 0.089600 0.076400 0.004000 0.100100 0.081100 0.085300 0.063500 0.072200 0.082000 0.063300 0.076700 0.104400 0.071900 0.081800 0.108600 0.032800 0.071500 0.104300 0.086500 0.086200 0.076400 0.082000 0.072000 0.007800 0.059200 0.089900 0.095000 0.082000 0.063100 0.099700 0.068200 0.082100 0.067100 0.032800 0.086200 0.000000 0.080100 0.067600 0.081700 0.090800 0.081300 0.068400 0.063300 0.076500 0.076400
WhiteTaile 0.104900 0.247500 0.090300 0.181200 0.094900 0.104900 0.081600 0.094400 0.090000 0.084400 0.114300 0.094800 0.099200 0.077000 0.094700 0.086600 0.085500 0.081300 0.127800 0.085400 0.095600 0.122700 0.071300 0.024600 0.118500 0.091200 0.100100 0.090000 0.095700 0.085600 0.080000 0.072600 0.113100 0.109000 0.095900 0.085500 0.113800 0.090800 0.086800 0.054400 0.062500 0.090900 0.080100 0.000000 0.081200 0.095500 0.095500 0.113400 0.091000 0.085600 0.090200 0.090100
Cattle 0.047500 0.197300 0.016900 0.114000 0.033900 0.047500 0.025400 0.047000 0.012600 0.071900 0.056500 0.029700 0.045700 0.021100 0.038200 0.038700 0.021000 0.025400 0.069700 0.016800 0.038600 0.064900 0.049800 0.072400 0.060700 0.043000 0.038500 0.012600 0.047400 0.012600 0.067500 0.016800 0.064700 0.047100 0.034300 0.004200 0.056200 0.031900 0.038700 0.059300 0.058500 0.042900 0.067600 0.081200 0.000000 0.042800 0.047300 0.069100 0.038500 0.021000 0.012600 0.016800
RoyalAntel 0.060300 0.213700 0.051700 0.144600 0.055200 0.060300 0.042300 0.064000 0.051500 0.086000 0.069300 0.056100 0.060000 0.037900 0.046400 0.047000 0.046800 0.042700 0.082500 0.047100 0.046900 0.077700 0.063900 0.095700 0.073500 0.060200 0.064400 0.051500 0.055800 0.047200 0.081600 0.033700 0.082900 0.073100 0.060300 0.047100 0.069000 0.051100 0.047100 0.082400 0.063800 0.060000 0.081700 0.095500 0.042800 0.000000 0.064400 0.086400 0.055600 0.046900 0.051700 0.051600
Steenbok 0.065000 0.208100 0.056200 0.149400 0.051000 0.065000 0.038100 0.051000 0.056000 0.095200 0.074000 0.069500 0.047000 0.029400 0.050900 0.042800 0.051300 0.056000 0.087400 0.051500 0.042600 0.082400 0.081700 0.095700 0.078200 0.047100 0.051300 0.056000 0.051500 0.051700 0.090700 0.029500 0.087500 0.059900 0.047100 0.051600 0.073600 0.046900 0.042800 0.091600 0.072600 0.047000 0.090800 0.095500 0.047300 0.064400 0.000000 0.086600 0.051300 0.051300 0.056200 0.056100
Impala 0.082500 0.249900 0.078200 0.173100 0.072600 0.082500 0.068400 0.090500 0.077900 0.085600 0.091600 0.073600 0.086600 0.055000 0.063700 0.064400 0.073000 0.077900 0.086700 0.073300 0.073200 0.090900 0.090200 0.104400 0.095800 0.086900 0.082000 0.077900 0.073300 0.073500 0.090200 0.059500 0.110000 0.081700 0.068800 0.064500 0.091200 0.068500 0.073500 0.100200 0.090100 0.086600 0.081300 0.113400 0.069100 0.086400 0.086600 0.000000 0.073100 0.073100 0.078200 0.078000
Klipspring 0.056000 0.208400 0.047400 0.130100 0.033700 0.056000 0.029500 0.051000 0.047200 0.072800 0.065000 0.051700 0.042600 0.025200 0.033600 0.042700 0.033900 0.047100 0.078200 0.042700 0.042600 0.073400 0.059600 0.082200 0.069200 0.047100 0.046900 0.047200 0.042700 0.042900 0.068300 0.020900 0.069400 0.055600 0.047100 0.034100 0.064600 0.033600 0.042800 0.069000 0.059400 0.047000 0.068400 0.091000 0.038500 0.055600 0.051300 0.073100 0.000000 0.033900 0.047300 0.047200
ForestMusk 0.056000 0.206200 0.029600 0.128800 0.033700 0.056000 0.029500 0.051000 0.029500 0.067600 0.060500 0.033800 0.047000 0.025200 0.033600 0.042700 0.016600 0.029400 0.078200 0.033700 0.042600 0.068900 0.046000 0.068100 0.064700 0.047100 0.051300 0.029500 0.042700 0.025300 0.063300 0.021000 0.055500 0.060000 0.047200 0.016700 0.060200 0.029500 0.042800 0.055100 0.054500 0.047000 0.063300 0.085600 0.021000 0.046900 0.051300 0.073100 0.033900 0.000000 0.029600 0.029500
Bushbuck 0.047500 0.197700 0.016900 0.118800 0.038300 0.047500 0.034100 0.055800 0.000000 0.080800 0.056500 0.038400 0.045600 0.029700 0.046900 0.047500 0.029500 0.034000 0.069700 0.004200 0.047400 0.064900 0.058600 0.081400 0.060700 0.051900 0.038500 0.000000 0.056400 0.012600 0.076400 0.025400 0.073700 0.047100 0.034300 0.016800 0.056200 0.042800 0.047600 0.068200 0.067300 0.051800 0.076500 0.090200 0.012600 0.051700 0.056200 0.078200 0.047300 0.029600 0.000000 0.016900
GreaterKud 0.047400 0.212800 0.016800 0.128200 0.046900 0.047400 0.034000 0.055700 0.016100 0.080700 0.056300 0.038300 0.045700 0.029600 0.046800 0.047400 0.029500 0.033900 0.069500 0.020900 0.047300 0.064700 0.058600 0.081300 0.060500 0.051800 0.038400 0.016100 0.056200 0.004200 0.076300 0.025300 0.073500 0.047000 0.034200 0.021000 0.056000 0.042700 0.047500 0.068200 0.067200 0.051600 0.076400 0.090100 0.016800 0.051600 0.056100 0.078000 0.047200 0.029500 0.016900 0.000000
