CODONML (in paml version 4.10.7, June 2023)  /home/rachel/ruminants_paml/6406-phy-tree/ENSBTAT00000027310.fasta.phy
Model: free dN/dS Ratios for branches,  kappa = 2.000 fixed

Codon frequency model: F3x4
ns =  54  ls =  23

Codon usage in sequences
--------------------------------------------------------------------------------------------------------------------------------------
Phe TTT   3   3   3   3   3   3 | Ser TCT   0   0   0   0   0   0 | Tyr TAT   1   1   1   1   1   1 | Cys TGT   0   0   0   0   0   0
    TTC   0   0   0   0   0   0 |     TCC   0   0   0   0   0   0 |     TAC   0   0   0   0   0   0 |     TGC   0   0   0   0   0   0
Leu TTA   0   0   0   0   0   0 |     TCA   1   1   1   1   1   1 | *** TAA   0   0   0   0   0   0 | *** TGA   0   0   0   0   0   0
    TTG   0   0   0   0   0   0 |     TCG   0   0   0   0   0   0 |     TAG   0   0   0   0   0   0 | Trp TGG   0   0   0   0   0   0
--------------------------------------------------------------------------------------------------------------------------------------
Leu CTT   1   1   1   1   1   0 | Pro CCT   0   0   0   0   0   0 | His CAT   1   1   1   1   1   1 | Arg CGT   0   0   0   0   0   0
    CTC   0   0   0   0   0   1 |     CCC   0   0   0   0   0   0 |     CAC   1   1   1   1   1   1 |     CGC   0   0   0   0   0   0
    CTA   0   0   0   0   0   0 |     CCA   0   0   0   0   0   0 | Gln CAA   0   0   0   0   0   0 |     CGA   0   0   0   0   0   0
    CTG   1   1   1   1   1   1 |     CCG   0   0   0   0   0   0 |     CAG   0   0   0   0   0   0 |     CGG   0   0   0   0   0   0
--------------------------------------------------------------------------------------------------------------------------------------
Ile ATT   1   1   1   1   1   1 | Thr ACT   1   1   1   1   1   1 | Asn AAT   0   0   0   0   0   0 | Ser AGT   0   0   0   0   0   0
    ATC   0   0   0   0   0   0 |     ACC   0   0   0   0   0   0 |     AAC   0   0   0   0   0   0 |     AGC   1   1   1   1   1   1
    ATA   0   0   0   0   0   0 |     ACA   0   0   0   0   0   0 | Lys AAA   0   0   0   0   0   0 | Arg AGA   0   0   0   0   0   0
Met ATG   0   0   0   0   0   0 |     ACG   0   0   0   0   0   0 |     AAG   2   2   2   2   2   2 |     AGG   0   0   0   0   0   0
--------------------------------------------------------------------------------------------------------------------------------------
Val GTT   0   0   0   0   0   0 | Ala GCT   0   0   0   0   0   0 | Asp GAT   0   0   0   0   0   0 | Gly GGT   1   1   1   1   1   1
    GTC   0   0   0   0   0   0 |     GCC   1   1   1   1   1   1 |     GAC   2   2   2   1   2   2 |     GGC   0   0   0   0   0   0
    GTA   1   1   1   1   1   1 |     GCA   1   1   1   1   1   1 | Glu GAA   1   1   1   2   2   1 |     GGA   1   1   1   1   1   1
    GTG   0   0   0   0   0   0 |     GCG   0   0   0   0   0   0 |     GAG   1   1   1   1   0   1 |     GGG   0   0   0   0   0   0
--------------------------------------------------------------------------------------------------------------------------------------

--------------------------------------------------------------------------------------------------------------------------------------
Phe TTT   3   3   3   3   3   3 | Ser TCT   0   0   0   0   0   0 | Tyr TAT   1   1   1   1   1   1 | Cys TGT   0   0   0   0   0   0
    TTC   0   0   0   0   0   0 |     TCC   0   0   0   0   0   0 |     TAC   0   0   0   0   0   0 |     TGC   0   0   0   0   0   0
Leu TTA   0   0   0   0   0   0 |     TCA   1   1   1   1   1   1 | *** TAA   0   0   0   0   0   0 | *** TGA   0   0   0   0   0   0
    TTG   0   0   0   0   0   0 |     TCG   0   0   0   0   0   0 |     TAG   0   0   0   0   0   0 | Trp TGG   0   0   0   0   0   0
--------------------------------------------------------------------------------------------------------------------------------------
Leu CTT   1   1   1   1   1   1 | Pro CCT   0   0   0   0   0   0 | His CAT   1   1   1   1   1   1 | Arg CGT   0   0   0   0   0   0
    CTC   0   0   0   0   0   0 |     CCC   0   0   0   0   0   0 |     CAC   1   1   1   1   1   1 |     CGC   0   0   0   0   0   0
    CTA   0   0   0   0   0   0 |     CCA   0   0   0   0   0   0 | Gln CAA   0   0   0   0   0   0 |     CGA   0   0   0   0   0   0
    CTG   1   1   1   1   1   1 |     CCG   0   0   0   0   0   0 |     CAG   0   0   0   0   0   0 |     CGG   0   0   0   0   0   0
--------------------------------------------------------------------------------------------------------------------------------------
Ile ATT   1   1   1   1   1   1 | Thr ACT   1   1   1   1   1   1 | Asn AAT   0   0   0   0   0   0 | Ser AGT   0   0   0   0   0   0
    ATC   0   0   0   0   0   0 |     ACC   0   0   0   0   0   0 |     AAC   0   0   0   0   0   0 |     AGC   1   1   1   1   1   1
    ATA   0   0   0   0   0   0 |     ACA   0   0   0   0   0   0 | Lys AAA   0   0   0   0   0   0 | Arg AGA   0   0   0   0   0   0
Met ATG   0   0   0   0   0   0 |     ACG   0   0   0   0   0   0 |     AAG   2   2   2   2   2   2 |     AGG   0   0   0   0   0   0
--------------------------------------------------------------------------------------------------------------------------------------
Val GTT   0   0   0   0   0   0 | Ala GCT   0   0   0   0   0   0 | Asp GAT   0   0   0   0   0   0 | Gly GGT   1   1   1   1   1   1
    GTC   0   0   0   0   0   0 |     GCC   1   1   1   1   1   1 |     GAC   2   2   2   2   2   2 |     GGC   0   0   0   0   0   0
    GTA   1   1   1   1   1   1 |     GCA   1   1   1   1   1   1 | Glu GAA   1   1   0   1   1   1 |     GGA   1   1   1   1   1   1
    GTG   0   0   0   0   0   0 |     GCG   0   0   0   0   0   0 |     GAG   1   1   2   1   1   1 |     GGG   0   0   0   0   0   0
--------------------------------------------------------------------------------------------------------------------------------------

--------------------------------------------------------------------------------------------------------------------------------------
Phe TTT   3   3   2   3   3   3 | Ser TCT   0   0   0   0   0   0 | Tyr TAT   1   1   1   1   1   1 | Cys TGT   0   0   0   0   0   0
    TTC   0   0   0   0   0   0 |     TCC   0   0   0   0   0   0 |     TAC   0   0   0   0   0   0 |     TGC   0   0   0   0   0   0
Leu TTA   0   0   0   0   0   0 |     TCA   1   1   1   1   1   1 | *** TAA   0   0   0   0   0   0 | *** TGA   0   0   0   0   0   0
    TTG   0   0   0   0   0   0 |     TCG   0   0   0   0   0   0 |     TAG   0   0   0   0   0   0 | Trp TGG   0   0   0   0   0   0
--------------------------------------------------------------------------------------------------------------------------------------
Leu CTT   1   1   1   1   1   1 | Pro CCT   0   0   0   0   0   0 | His CAT   1   1   1   1   1   1 | Arg CGT   0   0   0   0   0   0
    CTC   0   0   0   0   0   0 |     CCC   0   0   0   0   0   0 |     CAC   1   1   1   1   1   1 |     CGC   0   0   0   0   0   0
    CTA   0   0   0   0   0   0 |     CCA   0   0   0   0   0   0 | Gln CAA   0   0   0   0   0   0 |     CGA   0   0   0   0   0   0
    CTG   1   1   1   1   1   1 |     CCG   0   0   0   0   0   0 |     CAG   0   0   0   0   0   0 |     CGG   0   0   0   0   0   0
--------------------------------------------------------------------------------------------------------------------------------------
Ile ATT   1   1   2   1   1   1 | Thr ACT   1   1   1   1   1   1 | Asn AAT   0   0   0   0   0   0 | Ser AGT   0   0   0   0   0   0
    ATC   0   0   0   0   0   0 |     ACC   0   0   0   0   0   0 |     AAC   0   0   0   0   0   0 |     AGC   1   1   1   1   1   1
    ATA   0   0   0   0   0   0 |     ACA   0   0   0   0   0   0 | Lys AAA   0   0   0   0   0   0 | Arg AGA   0   0   0   0   0   0
Met ATG   0   0   0   0   0   0 |     ACG   0   0   0   0   0   0 |     AAG   2   2   2   2   2   2 |     AGG   0   0   0   0   0   0
--------------------------------------------------------------------------------------------------------------------------------------
Val GTT   0   0   0   0   0   0 | Ala GCT   0   0   0   0   0   0 | Asp GAT   0   0   0   0   0   0 | Gly GGT   1   1   1   1   1   1
    GTC   0   0   0   0   0   0 |     GCC   1   1   1   1   1   1 |     GAC   2   2   2   2   2   2 |     GGC   0   0   0   0   0   0
    GTA   1   1   1   1   1   1 |     GCA   1   1   1   1   1   1 | Glu GAA   1   1   1   0   1   1 |     GGA   1   1   1   1   1   1
    GTG   0   0   0   0   0   0 |     GCG   0   0   0   0   0   0 |     GAG   1   1   1   2   1   1 |     GGG   0   0   0   0   0   0
--------------------------------------------------------------------------------------------------------------------------------------

--------------------------------------------------------------------------------------------------------------------------------------
Phe TTT   3   3   3   3   3   3 | Ser TCT   0   0   0   0   0   0 | Tyr TAT   1   1   1   1   1   1 | Cys TGT   0   0   0   0   0   0
    TTC   0   0   0   0   0   0 |     TCC   0   0   0   0   0   0 |     TAC   0   0   0   0   0   0 |     TGC   0   0   0   0   0   0
Leu TTA   0   0   0   0   0   0 |     TCA   1   1   1   1   1   1 | *** TAA   0   0   0   0   0   0 | *** TGA   0   0   0   0   0   0
    TTG   0   0   0   0   0   0 |     TCG   0   0   0   0   0   0 |     TAG   0   0   0   0   0   0 | Trp TGG   0   0   0   0   0   0
--------------------------------------------------------------------------------------------------------------------------------------
Leu CTT   1   1   1   1   1   1 | Pro CCT   0   0   0   0   0   0 | His CAT   1   1   1   1   1   1 | Arg CGT   0   0   0   0   0   0
    CTC   0   0   0   0   0   0 |     CCC   0   0   0   0   0   0 |     CAC   1   1   1   1   1   1 |     CGC   0   0   0   0   0   0
    CTA   0   0   0   0   0   0 |     CCA   0   0   0   0   0   0 | Gln CAA   0   0   0   0   0   0 |     CGA   0   0   0   0   0   0
    CTG   1   1   1   1   1   1 |     CCG   0   0   0   0   0   0 |     CAG   0   0   0   0   0   0 |     CGG   0   0   0   0   0   0
--------------------------------------------------------------------------------------------------------------------------------------
Ile ATT   1   1   1   1   1   1 | Thr ACT   1   1   1   1   1   1 | Asn AAT   0   0   0   0   0   0 | Ser AGT   0   0   0   0   0   0
    ATC   0   0   0   0   0   0 |     ACC   0   0   0   0   0   0 |     AAC   0   0   0   0   0   0 |     AGC   1   1   1   1   1   1
    ATA   0   0   0   0   0   0 |     ACA   0   0   0   0   0   0 | Lys AAA   0   0   0   0   0   0 | Arg AGA   0   0   0   0   0   0
Met ATG   0   0   0   0   0   0 |     ACG   0   0   0   0   0   0 |     AAG   2   2   2   2   2   2 |     AGG   0   0   0   0   0   0
--------------------------------------------------------------------------------------------------------------------------------------
Val GTT   0   0   0   0   0   0 | Ala GCT   0   0   0   0   0   0 | Asp GAT   0   0   0   0   0   0 | Gly GGT   1   1   1   1   1   1
    GTC   0   0   0   0   0   0 |     GCC   1   1   1   1   1   1 |     GAC   2   2   2   2   2   2 |     GGC   0   0   0   0   0   0
    GTA   1   1   1   1   1   1 |     GCA   1   1   1   1   1   1 | Glu GAA   1   1   1   1   1   1 |     GGA   1   1   1   1   1   1
    GTG   0   0   0   0   0   0 |     GCG   0   0   0   0   0   0 |     GAG   1   1   1   1   1   1 |     GGG   0   0   0   0   0   0
--------------------------------------------------------------------------------------------------------------------------------------

--------------------------------------------------------------------------------------------------------------------------------------
Phe TTT   3   3   3   3   3   3 | Ser TCT   0   0   0   0   0   0 | Tyr TAT   1   1   1   1   1   1 | Cys TGT   0   0   0   0   0   0
    TTC   0   0   0   0   0   0 |     TCC   0   0   0   0   0   0 |     TAC   0   0   0   0   0   0 |     TGC   0   0   0   0   0   0
Leu TTA   0   0   0   0   0   0 |     TCA   1   1   1   1   1   1 | *** TAA   0   0   0   0   0   0 | *** TGA   0   0   0   0   0   0
    TTG   0   0   0   0   0   0 |     TCG   0   0   0   0   0   0 |     TAG   0   0   0   0   0   0 | Trp TGG   0   0   0   0   0   0
--------------------------------------------------------------------------------------------------------------------------------------
Leu CTT   1   1   1   1   1   1 | Pro CCT   0   0   0   0   0   0 | His CAT   1   1   1   2   1   1 | Arg CGT   0   0   0   0   0   0
    CTC   0   0   0   0   0   0 |     CCC   0   0   0   0   0   0 |     CAC   1   1   1   0   1   1 |     CGC   0   0   0   0   0   0
    CTA   0   0   0   0   0   0 |     CCA   0   0   0   0   0   0 | Gln CAA   0   0   0   0   0   0 |     CGA   0   0   0   0   0   0
    CTG   1   1   1   1   1   1 |     CCG   0   0   0   0   0   0 |     CAG   0   0   0   0   0   0 |     CGG   0   0   0   0   0   0
--------------------------------------------------------------------------------------------------------------------------------------
Ile ATT   1   1   1   1   1   1 | Thr ACT   1   1   1   1   1   1 | Asn AAT   0   0   0   0   0   0 | Ser AGT   0   0   0   0   0   0
    ATC   0   0   0   0   0   0 |     ACC   0   0   0   0   0   0 |     AAC   0   0   0   0   0   0 |     AGC   1   1   1   1   1   1
    ATA   0   0   0   0   0   0 |     ACA   0   0   0   0   0   0 | Lys AAA   0   0   0   0   0   0 | Arg AGA   0   0   0   0   0   0
Met ATG   0   0   0   0   0   0 |     ACG   0   0   0   0   0   0 |     AAG   2   2   2   2   2   2 |     AGG   0   0   0   0   0   0
--------------------------------------------------------------------------------------------------------------------------------------
Val GTT   0   0   0   0   0   0 | Ala GCT   0   0   0   0   0   0 | Asp GAT   0   0   0   0   0   0 | Gly GGT   1   1   1   1   1   1
    GTC   0   0   0   0   0   0 |     GCC   1   1   1   1   1   1 |     GAC   2   2   2   2   2   2 |     GGC   0   0   0   0   0   0
    GTA   1   1   1   1   1   1 |     GCA   1   1   1   1   1   1 | Glu GAA   1   1   1   1   1   1 |     GGA   1   1   1   1   1   1
    GTG   0   0   0   0   0   0 |     GCG   0   0   0   0   0   0 |     GAG   1   1   1   1   1   1 |     GGG   0   0   0   0   0   0
--------------------------------------------------------------------------------------------------------------------------------------

--------------------------------------------------------------------------------------------------------------------------------------
Phe TTT   3   3   3   3   3   3 | Ser TCT   0   0   0   0   0   0 | Tyr TAT   1   1   1   1   1   1 | Cys TGT   0   0   0   0   0   0
    TTC   0   0   0   0   0   0 |     TCC   0   0   0   0   0   0 |     TAC   0   0   0   0   0   0 |     TGC   0   0   0   0   0   0
Leu TTA   0   0   0   0   0   0 |     TCA   1   1   1   1   1   1 | *** TAA   0   0   0   0   0   0 | *** TGA   0   0   0   0   0   0
    TTG   0   0   0   0   0   0 |     TCG   0   0   0   0   0   0 |     TAG   0   0   0   0   0   0 | Trp TGG   0   0   0   0   0   0
--------------------------------------------------------------------------------------------------------------------------------------
Leu CTT   1   1   1   1   1   1 | Pro CCT   0   0   0   0   0   0 | His CAT   1   1   1   1   1   1 | Arg CGT   0   0   0   0   0   0
    CTC   0   0   0   0   0   0 |     CCC   0   0   0   0   0   0 |     CAC   1   1   1   1   1   1 |     CGC   0   0   0   0   0   0
    CTA   0   0   0   0   0   0 |     CCA   0   0   0   0   0   0 | Gln CAA   0   0   0   0   0   0 |     CGA   0   0   0   0   0   0
    CTG   1   1   1   1   1   1 |     CCG   0   0   0   0   0   0 |     CAG   0   0   0   0   0   0 |     CGG   0   0   0   0   0   0
--------------------------------------------------------------------------------------------------------------------------------------
Ile ATT   1   1   1   1   1   1 | Thr ACT   1   1   1   1   1   1 | Asn AAT   0   0   0   0   0   0 | Ser AGT   0   0   0   0   0   0
    ATC   0   0   0   0   0   0 |     ACC   0   0   0   0   0   0 |     AAC   0   0   0   0   0   0 |     AGC   1   1   1   1   1   1
    ATA   0   0   0   0   0   0 |     ACA   0   0   0   0   0   0 | Lys AAA   0   0   0   0   0   0 | Arg AGA   0   0   0   0   0   0
Met ATG   0   0   0   0   0   0 |     ACG   0   0   0   0   0   0 |     AAG   2   2   2   2   2   2 |     AGG   0   0   0   0   0   0
--------------------------------------------------------------------------------------------------------------------------------------
Val GTT   0   0   0   0   0   0 | Ala GCT   0   0   0   0   0   0 | Asp GAT   0   0   0   0   1   0 | Gly GGT   1   1   1   1   1   1
    GTC   0   0   0   0   0   0 |     GCC   1   1   1   1   1   1 |     GAC   2   2   2   2   1   2 |     GGC   0   0   0   0   0   0
    GTA   1   1   1   1   1   1 |     GCA   1   1   1   1   1   1 | Glu GAA   1   1   1   0   1   1 |     GGA   1   1   1   1   1   1
    GTG   0   0   0   0   0   0 |     GCG   0   0   0   0   0   0 |     GAG   1   1   1   2   1   1 |     GGG   0   0   0   0   0   0
--------------------------------------------------------------------------------------------------------------------------------------

--------------------------------------------------------------------------------------------------------------------------------------
Phe TTT   3   3   3   3   3   3 | Ser TCT   0   0   0   0   0   0 | Tyr TAT   1   1   1   1   1   1 | Cys TGT   0   0   0   0   0   0
    TTC   0   0   0   0   0   0 |     TCC   0   0   0   0   0   0 |     TAC   0   0   0   0   0   0 |     TGC   0   0   0   0   0   0
Leu TTA   0   0   0   0   0   0 |     TCA   1   1   1   1   1   1 | *** TAA   0   0   0   0   0   0 | *** TGA   0   0   0   0   0   0
    TTG   0   0   0   0   0   0 |     TCG   0   0   0   0   0   0 |     TAG   0   0   0   0   0   0 | Trp TGG   0   0   0   0   0   0
--------------------------------------------------------------------------------------------------------------------------------------
Leu CTT   1   1   1   1   1   1 | Pro CCT   0   0   0   0   0   0 | His CAT   1   1   1   1   1   1 | Arg CGT   0   0   0   0   0   0
    CTC   0   0   0   0   0   0 |     CCC   0   0   0   0   0   0 |     CAC   1   1   1   1   1   1 |     CGC   0   0   0   0   0   0
    CTA   0   0   0   0   0   0 |     CCA   0   0   0   0   0   0 | Gln CAA   0   0   0   0   0   0 |     CGA   0   0   0   0   0   0
    CTG   1   1   1   1   1   1 |     CCG   0   0   0   0   0   0 |     CAG   0   0   0   0   0   0 |     CGG   0   0   0   0   0   0
--------------------------------------------------------------------------------------------------------------------------------------
Ile ATT   1   1   1   1   1   1 | Thr ACT   1   1   1   1   1   1 | Asn AAT   0   0   0   0   0   0 | Ser AGT   0   0   0   0   0   0
    ATC   0   0   0   0   0   0 |     ACC   0   0   0   0   0   0 |     AAC   0   0   0   0   0   0 |     AGC   1   1   1   1   1   1
    ATA   0   0   0   0   0   0 |     ACA   0   0   0   0   0   0 | Lys AAA   0   0   0   0   0   0 | Arg AGA   0   0   0   0   0   0
Met ATG   0   0   0   0   0   0 |     ACG   0   0   0   0   0   0 |     AAG   2   2   2   2   2   2 |     AGG   0   0   0   0   0   0
--------------------------------------------------------------------------------------------------------------------------------------
Val GTT   0   0   0   0   0   0 | Ala GCT   0   0   0   0   0   0 | Asp GAT   0   0   0   0   0   0 | Gly GGT   1   1   1   1   1   1
    GTC   0   0   0   0   0   0 |     GCC   1   1   1   1   1   1 |     GAC   2   2   2   2   2   2 |     GGC   0   0   0   0   0   0
    GTA   1   1   1   1   1   1 |     GCA   1   1   1   1   1   1 | Glu GAA   1   1   1   1   1   1 |     GGA   1   1   1   1   1   1
    GTG   0   0   0   0   0   0 |     GCG   0   0   0   0   0   0 |     GAG   1   1   1   1   1   1 |     GGG   0   0   0   0   0   0
--------------------------------------------------------------------------------------------------------------------------------------

--------------------------------------------------------------------------------------------------------------------------------------
Phe TTT   3   3   3   3   3   3 | Ser TCT   0   0   0   0   0   0 | Tyr TAT   1   1   1   1   1   1 | Cys TGT   0   0   0   0   0   0
    TTC   0   0   0   0   0   0 |     TCC   0   0   0   0   0   0 |     TAC   0   0   0   0   0   0 |     TGC   0   0   0   0   0   0
Leu TTA   0   0   0   0   0   0 |     TCA   1   1   1   1   1   1 | *** TAA   0   0   0   0   0   0 | *** TGA   0   0   0   0   0   0
    TTG   0   0   0   0   0   0 |     TCG   0   0   0   0   0   0 |     TAG   0   0   0   0   0   0 | Trp TGG   0   0   0   0   0   0
--------------------------------------------------------------------------------------------------------------------------------------
Leu CTT   1   1   1   1   1   1 | Pro CCT   0   0   0   0   0   0 | His CAT   1   2   1   1   1   1 | Arg CGT   0   0   0   0   0   0
    CTC   0   0   0   0   0   0 |     CCC   0   0   0   0   0   0 |     CAC   1   0   1   1   1   1 |     CGC   0   0   0   0   0   0
    CTA   0   0   0   0   0   0 |     CCA   0   0   0   0   0   0 | Gln CAA   0   0   0   0   0   0 |     CGA   0   0   0   0   0   0
    CTG   1   1   1   1   1   1 |     CCG   0   0   0   0   0   0 |     CAG   0   0   0   0   0   0 |     CGG   0   0   0   0   0   0
--------------------------------------------------------------------------------------------------------------------------------------
Ile ATT   1   1   1   1   1   1 | Thr ACT   1   1   1   1   1   1 | Asn AAT   0   0   0   0   0   0 | Ser AGT   0   0   0   0   0   0
    ATC   0   0   0   0   0   0 |     ACC   0   0   0   0   0   0 |     AAC   0   0   0   0   0   0 |     AGC   1   1   1   1   1   1
    ATA   0   0   0   0   0   0 |     ACA   0   0   0   0   0   0 | Lys AAA   0   0   0   0   0   0 | Arg AGA   0   0   0   0   0   0
Met ATG   0   0   0   0   0   0 |     ACG   0   0   0   0   0   0 |     AAG   2   2   2   2   2   2 |     AGG   0   0   0   0   0   0
--------------------------------------------------------------------------------------------------------------------------------------
Val GTT   0   0   0   0   0   0 | Ala GCT   0   0   0   0   0   0 | Asp GAT   0   0   0   0   0   0 | Gly GGT   1   1   1   1   1   1
    GTC   0   0   0   0   0   0 |     GCC   1   1   1   1   1   1 |     GAC   2   2   2   2   2   2 |     GGC   0   0   0   0   0   0
    GTA   1   1   1   1   1   1 |     GCA   1   1   1   1   1   1 | Glu GAA   1   1   1   1   1   1 |     GGA   1   1   1   1   1   1
    GTG   0   0   0   0   0   0 |     GCG   0   0   0   0   0   0 |     GAG   1   1   1   1   1   1 |     GGG   0   0   0   0   0   0
--------------------------------------------------------------------------------------------------------------------------------------

--------------------------------------------------------------------------------------------------------------------------------------
Phe TTT   3   3   3   3   3   3 | Ser TCT   0   0   0   0   0   0 | Tyr TAT   0   1   1   1   1   1 | Cys TGT   0   0   0   0   0   0
    TTC   0   0   0   0   0   0 |     TCC   0   0   0   0   0   0 |     TAC   1   0   0   0   0   0 |     TGC   0   0   0   0   0   0
Leu TTA   0   0   0   0   0   0 |     TCA   0   1   1   1   1   1 | *** TAA   0   0   0   0   0   0 | *** TGA   0   0   0   0   0   0
    TTG   0   0   0   0   0   0 |     TCG   1   0   0   0   0   0 |     TAG   0   0   0   0   0   0 | Trp TGG   0   0   0   0   0   0
--------------------------------------------------------------------------------------------------------------------------------------
Leu CTT   1   1   1   1   1   1 | Pro CCT   0   0   0   0   0   0 | His CAT   2   1   1   1   1   1 | Arg CGT   0   0   0   0   0   0
    CTC   0   0   0   0   0   0 |     CCC   0   0   0   0   0   0 |     CAC   0   1   1   1   1   1 |     CGC   0   0   0   0   0   0
    CTA   0   0   0   0   0   0 |     CCA   0   0   0   0   0   0 | Gln CAA   0   0   0   0   0   0 |     CGA   0   0   0   0   0   0
    CTG   1   1   1   1   1   1 |     CCG   0   0   0   0   0   0 |     CAG   0   0   0   0   0   0 |     CGG   0   0   0   0   0   0
--------------------------------------------------------------------------------------------------------------------------------------
Ile ATT   1   1   1   1   1   1 | Thr ACT   1   1   1   1   1   1 | Asn AAT   0   0   0   0   0   0 | Ser AGT   0   0   0   0   0   0
    ATC   0   0   0   0   0   0 |     ACC   0   0   0   0   0   0 |     AAC   0   0   0   0   0   0 |     AGC   1   1   1   1   1   1
    ATA   0   0   0   0   0   0 |     ACA   0   0   0   0   0   0 | Lys AAA   0   0   0   0   0   0 | Arg AGA   0   0   0   0   0   0
Met ATG   0   0   0   0   0   0 |     ACG   0   0   0   0   0   0 |     AAG   2   2   2   2   2   2 |     AGG   0   0   0   0   0   0
--------------------------------------------------------------------------------------------------------------------------------------
Val GTT   0   0   0   0   0   0 | Ala GCT   0   0   0   0   0   0 | Asp GAT   0   0   0   0   0   0 | Gly GGT   1   1   1   1   1   1
    GTC   0   0   0   0   0   0 |     GCC   1   1   1   1   1   1 |     GAC   2   2   2   1   2   2 |     GGC   0   0   0   0   0   0
    GTA   1   1   1   1   1   1 |     GCA   1   1   1   1   1   1 | Glu GAA   1   1   1   2   1   1 |     GGA   1   1   1   1   1   1
    GTG   0   0   0   0   0   0 |     GCG   0   0   0   0   0   0 |     GAG   1   1   1   1   1   1 |     GGG   0   0   0   0   0   0
--------------------------------------------------------------------------------------------------------------------------------------

Codon position x base (3x4) table for each sequence.

#1: Argali         
position  1:    T:0.21739    C:0.17391    A:0.21739    G:0.39130
position  2:    T:0.30435    C:0.17391    A:0.39130    G:0.13043
position  3:    T:0.39130    C:0.21739    A:0.21739    G:0.17391
Average         T:0.30435    C:0.18841    A:0.27536    G:0.23188

#2: LesserMouseDeer
position  1:    T:0.21739    C:0.17391    A:0.21739    G:0.39130
position  2:    T:0.30435    C:0.17391    A:0.39130    G:0.13043
position  3:    T:0.39130    C:0.21739    A:0.21739    G:0.17391
Average         T:0.30435    C:0.18841    A:0.27536    G:0.23188

#3: LesserKudu     
position  1:    T:0.21739    C:0.17391    A:0.21739    G:0.39130
position  2:    T:0.30435    C:0.17391    A:0.39130    G:0.13043
position  3:    T:0.39130    C:0.21739    A:0.21739    G:0.17391
Average         T:0.30435    C:0.18841    A:0.27536    G:0.23188

#4: ForestMuskDeer2
position  1:    T:0.21739    C:0.17391    A:0.21739    G:0.39130
position  2:    T:0.30435    C:0.17391    A:0.39130    G:0.13043
position  3:    T:0.39130    C:0.17391    A:0.26087    G:0.17391
Average         T:0.30435    C:0.17391    A:0.28986    G:0.23188

#5: Camel          
position  1:    T:0.21739    C:0.17391    A:0.21739    G:0.39130
position  2:    T:0.30435    C:0.17391    A:0.39130    G:0.13043
position  3:    T:0.39130    C:0.21739    A:0.26087    G:0.13043
Average         T:0.30435    C:0.18841    A:0.28986    G:0.21739

#6: KillerWhale    
position  1:    T:0.21739    C:0.17391    A:0.21739    G:0.39130
position  2:    T:0.30435    C:0.17391    A:0.39130    G:0.13043
position  3:    T:0.34783    C:0.26087    A:0.21739    G:0.17391
Average         T:0.28986    C:0.20290    A:0.27536    G:0.23188

#7: DefassaWaterbuck
position  1:    T:0.21739    C:0.17391    A:0.21739    G:0.39130
position  2:    T:0.30435    C:0.17391    A:0.39130    G:0.13043
position  3:    T:0.39130    C:0.21739    A:0.21739    G:0.17391
Average         T:0.30435    C:0.18841    A:0.27536    G:0.23188

#8: Sheep          
position  1:    T:0.21739    C:0.17391    A:0.21739    G:0.39130
position  2:    T:0.30435    C:0.17391    A:0.39130    G:0.13043
position  3:    T:0.39130    C:0.21739    A:0.21739    G:0.17391
Average         T:0.30435    C:0.18841    A:0.27536    G:0.23188

#9: MaxwellsDuiker 
position  1:    T:0.21739    C:0.17391    A:0.21739    G:0.39130
position  2:    T:0.30435    C:0.17391    A:0.39130    G:0.13043
position  3:    T:0.39130    C:0.21739    A:0.17391    G:0.21739
Average         T:0.30435    C:0.18841    A:0.26087    G:0.24638

#10: GazellaPrzewalskyi
position  1:    T:0.21739    C:0.17391    A:0.21739    G:0.39130
position  2:    T:0.30435    C:0.17391    A:0.39130    G:0.13043
position  3:    T:0.39130    C:0.21739    A:0.21739    G:0.17391
Average         T:0.30435    C:0.18841    A:0.27536    G:0.23188

#11: MountainNyala  
position  1:    T:0.21739    C:0.17391    A:0.21739    G:0.39130
position  2:    T:0.30435    C:0.17391    A:0.39130    G:0.13043
position  3:    T:0.39130    C:0.21739    A:0.21739    G:0.17391
Average         T:0.30435    C:0.18841    A:0.27536    G:0.23188

#12: MuntiacusMuntjak
position  1:    T:0.21739    C:0.17391    A:0.21739    G:0.39130
position  2:    T:0.30435    C:0.17391    A:0.39130    G:0.13043
position  3:    T:0.39130    C:0.21739    A:0.21739    G:0.17391
Average         T:0.30435    C:0.18841    A:0.27536    G:0.23188

#13: goat           
position  1:    T:0.21739    C:0.17391    A:0.21739    G:0.39130
position  2:    T:0.30435    C:0.17391    A:0.39130    G:0.13043
position  3:    T:0.39130    C:0.21739    A:0.21739    G:0.17391
Average         T:0.30435    C:0.18841    A:0.27536    G:0.23188

#14: AfricanBuffalo 
position  1:    T:0.21739    C:0.17391    A:0.21739    G:0.39130
position  2:    T:0.30435    C:0.17391    A:0.39130    G:0.13043
position  3:    T:0.39130    C:0.21739    A:0.21739    G:0.17391
Average         T:0.30435    C:0.18841    A:0.27536    G:0.23188

#15: Topi           
position  1:    T:0.17391    C:0.17391    A:0.26087    G:0.39130
position  2:    T:0.30435    C:0.17391    A:0.39130    G:0.13043
position  3:    T:0.39130    C:0.21739    A:0.21739    G:0.17391
Average         T:0.28986    C:0.18841    A:0.28986    G:0.23188

#16: CommonDuiker   
position  1:    T:0.21739    C:0.17391    A:0.21739    G:0.39130
position  2:    T:0.30435    C:0.17391    A:0.39130    G:0.13043
position  3:    T:0.39130    C:0.21739    A:0.17391    G:0.21739
Average         T:0.30435    C:0.18841    A:0.26087    G:0.24638

#17: Suni           
position  1:    T:0.21739    C:0.17391    A:0.21739    G:0.39130
position  2:    T:0.30435    C:0.17391    A:0.39130    G:0.13043
position  3:    T:0.39130    C:0.21739    A:0.21739    G:0.17391
Average         T:0.30435    C:0.18841    A:0.27536    G:0.23188

#18: Springbuck     
position  1:    T:0.21739    C:0.17391    A:0.21739    G:0.39130
position  2:    T:0.30435    C:0.17391    A:0.39130    G:0.13043
position  3:    T:0.39130    C:0.21739    A:0.21739    G:0.17391
Average         T:0.30435    C:0.18841    A:0.27536    G:0.23188

#19: Okapi          
position  1:    T:0.21739    C:0.17391    A:0.21739    G:0.39130
position  2:    T:0.30435    C:0.17391    A:0.39130    G:0.13043
position  3:    T:0.39130    C:0.21739    A:0.21739    G:0.17391
Average         T:0.30435    C:0.18841    A:0.27536    G:0.23188

#20: Giraffe        
position  1:    T:0.21739    C:0.17391    A:0.21739    G:0.39130
position  2:    T:0.30435    C:0.17391    A:0.39130    G:0.13043
position  3:    T:0.39130    C:0.21739    A:0.21739    G:0.17391
Average         T:0.30435    C:0.18841    A:0.27536    G:0.23188

#21: TibetanAntelope
position  1:    T:0.21739    C:0.17391    A:0.21739    G:0.39130
position  2:    T:0.30435    C:0.17391    A:0.39130    G:0.13043
position  3:    T:0.39130    C:0.21739    A:0.21739    G:0.17391
Average         T:0.30435    C:0.18841    A:0.27536    G:0.23188

#22: Sitatunga      
position  1:    T:0.21739    C:0.17391    A:0.21739    G:0.39130
position  2:    T:0.30435    C:0.17391    A:0.39130    G:0.13043
position  3:    T:0.39130    C:0.21739    A:0.21739    G:0.17391
Average         T:0.30435    C:0.18841    A:0.27536    G:0.23188

#23: Oribi          
position  1:    T:0.21739    C:0.17391    A:0.21739    G:0.39130
position  2:    T:0.30435    C:0.17391    A:0.39130    G:0.13043
position  3:    T:0.39130    C:0.21739    A:0.21739    G:0.17391
Average         T:0.30435    C:0.18841    A:0.27536    G:0.23188

#24: BarbarySheep   
position  1:    T:0.21739    C:0.17391    A:0.21739    G:0.39130
position  2:    T:0.30435    C:0.17391    A:0.39130    G:0.13043
position  3:    T:0.39130    C:0.21739    A:0.21739    G:0.17391
Average         T:0.30435    C:0.18841    A:0.27536    G:0.23188

#25: Daviddeer      
position  1:    T:0.21739    C:0.17391    A:0.21739    G:0.39130
position  2:    T:0.30435    C:0.17391    A:0.39130    G:0.13043
position  3:    T:0.39130    C:0.21739    A:0.21739    G:0.17391
Average         T:0.30435    C:0.18841    A:0.27536    G:0.23188

#26: Reindeer       
position  1:    T:0.21739    C:0.17391    A:0.21739    G:0.39130
position  2:    T:0.30435    C:0.17391    A:0.39130    G:0.13043
position  3:    T:0.39130    C:0.21739    A:0.21739    G:0.17391
Average         T:0.30435    C:0.18841    A:0.27536    G:0.23188

#27: Ibex           
position  1:    T:0.21739    C:0.17391    A:0.21739    G:0.39130
position  2:    T:0.30435    C:0.17391    A:0.39130    G:0.13043
position  3:    T:0.39130    C:0.21739    A:0.21739    G:0.17391
Average         T:0.30435    C:0.18841    A:0.27536    G:0.23188

#28: GyrantGazelle  
position  1:    T:0.21739    C:0.17391    A:0.21739    G:0.39130
position  2:    T:0.30435    C:0.17391    A:0.39130    G:0.13043
position  3:    T:0.43478    C:0.17391    A:0.21739    G:0.17391
Average         T:0.31884    C:0.17391    A:0.27536    G:0.23188

#29: Hartebeest     
position  1:    T:0.21739    C:0.17391    A:0.21739    G:0.39130
position  2:    T:0.30435    C:0.17391    A:0.39130    G:0.13043
position  3:    T:0.39130    C:0.21739    A:0.21739    G:0.17391
Average         T:0.30435    C:0.18841    A:0.27536    G:0.23188

#30: Bongo          
position  1:    T:0.21739    C:0.17391    A:0.21739    G:0.39130
position  2:    T:0.30435    C:0.17391    A:0.39130    G:0.13043
position  3:    T:0.39130    C:0.21739    A:0.21739    G:0.17391
Average         T:0.30435    C:0.18841    A:0.27536    G:0.23188

#31: Gerenuk        
position  1:    T:0.21739    C:0.17391    A:0.21739    G:0.39130
position  2:    T:0.30435    C:0.17391    A:0.39130    G:0.13043
position  3:    T:0.39130    C:0.21739    A:0.21739    G:0.17391
Average         T:0.30435    C:0.18841    A:0.27536    G:0.23188

#32: CommonEland    
position  1:    T:0.21739    C:0.17391    A:0.21739    G:0.39130
position  2:    T:0.30435    C:0.17391    A:0.39130    G:0.13043
position  3:    T:0.39130    C:0.21739    A:0.21739    G:0.17391
Average         T:0.30435    C:0.18841    A:0.27536    G:0.23188

#33: MuntiacusReevesi
position  1:    T:0.21739    C:0.17391    A:0.21739    G:0.39130
position  2:    T:0.30435    C:0.17391    A:0.39130    G:0.13043
position  3:    T:0.39130    C:0.21739    A:0.21739    G:0.17391
Average         T:0.30435    C:0.18841    A:0.27536    G:0.23188

#34: HarveysDuiker  
position  1:    T:0.21739    C:0.17391    A:0.21739    G:0.39130
position  2:    T:0.30435    C:0.17391    A:0.39130    G:0.13043
position  3:    T:0.39130    C:0.21739    A:0.17391    G:0.21739
Average         T:0.30435    C:0.18841    A:0.26087    G:0.24638

#35: Pronghorn      
position  1:    T:0.21739    C:0.17391    A:0.21739    G:0.39130
position  2:    T:0.30435    C:0.17391    A:0.39130    G:0.13043
position  3:    T:0.43478    C:0.17391    A:0.21739    G:0.17391
Average         T:0.31884    C:0.17391    A:0.27536    G:0.23188

#36: BlueWildebeest 
position  1:    T:0.21739    C:0.17391    A:0.21739    G:0.39130
position  2:    T:0.30435    C:0.17391    A:0.39130    G:0.13043
position  3:    T:0.39130    C:0.21739    A:0.21739    G:0.17391
Average         T:0.30435    C:0.18841    A:0.27536    G:0.23188

#37: Gemsbok        
position  1:    T:0.21739    C:0.17391    A:0.21739    G:0.39130
position  2:    T:0.30435    C:0.17391    A:0.39130    G:0.13043
position  3:    T:0.39130    C:0.21739    A:0.21739    G:0.17391
Average         T:0.30435    C:0.18841    A:0.27536    G:0.23188

#38: Yak            
position  1:    T:0.21739    C:0.17391    A:0.21739    G:0.39130
position  2:    T:0.30435    C:0.17391    A:0.39130    G:0.13043
position  3:    T:0.39130    C:0.21739    A:0.21739    G:0.17391
Average         T:0.30435    C:0.18841    A:0.27536    G:0.23188

#39: BlueSheep      
position  1:    T:0.21739    C:0.17391    A:0.21739    G:0.39130
position  2:    T:0.30435    C:0.17391    A:0.39130    G:0.13043
position  3:    T:0.39130    C:0.21739    A:0.21739    G:0.17391
Average         T:0.30435    C:0.18841    A:0.27536    G:0.23188

#40: BohorReedbuck  
position  1:    T:0.21739    C:0.17391    A:0.21739    G:0.39130
position  2:    T:0.30435    C:0.17391    A:0.39130    G:0.13043
position  3:    T:0.39130    C:0.21739    A:0.21739    G:0.17391
Average         T:0.30435    C:0.18841    A:0.27536    G:0.23188

#41: KirksDik       
position  1:    T:0.21739    C:0.17391    A:0.21739    G:0.39130
position  2:    T:0.30435    C:0.17391    A:0.39130    G:0.13043
position  3:    T:0.39130    C:0.21739    A:0.21739    G:0.17391
Average         T:0.30435    C:0.18841    A:0.27536    G:0.23188

#42: RoeDeer        
position  1:    T:0.21739    C:0.17391    A:0.21739    G:0.39130
position  2:    T:0.30435    C:0.17391    A:0.39130    G:0.13043
position  3:    T:0.39130    C:0.21739    A:0.21739    G:0.17391
Average         T:0.30435    C:0.18841    A:0.27536    G:0.23188

#43: WhiteLippedDeer
position  1:    T:0.21739    C:0.17391    A:0.21739    G:0.39130
position  2:    T:0.30435    C:0.17391    A:0.39130    G:0.13043
position  3:    T:0.39130    C:0.21739    A:0.21739    G:0.17391
Average         T:0.30435    C:0.18841    A:0.27536    G:0.23188

#44: ThomsonGazelle 
position  1:    T:0.21739    C:0.17391    A:0.21739    G:0.39130
position  2:    T:0.30435    C:0.17391    A:0.39130    G:0.13043
position  3:    T:0.43478    C:0.17391    A:0.21739    G:0.17391
Average         T:0.31884    C:0.17391    A:0.27536    G:0.23188

#45: MuntiacusCrinifrons
position  1:    T:0.21739    C:0.17391    A:0.21739    G:0.39130
position  2:    T:0.30435    C:0.17391    A:0.39130    G:0.13043
position  3:    T:0.39130    C:0.21739    A:0.21739    G:0.17391
Average         T:0.30435    C:0.18841    A:0.27536    G:0.23188

#46: WhiteTailedDeer
position  1:    T:0.21739    C:0.17391    A:0.21739    G:0.39130
position  2:    T:0.30435    C:0.17391    A:0.39130    G:0.13043
position  3:    T:0.39130    C:0.21739    A:0.21739    G:0.17391
Average         T:0.30435    C:0.18841    A:0.27536    G:0.23188

#47: Cattle         
position  1:    T:0.21739    C:0.17391    A:0.21739    G:0.39130
position  2:    T:0.30435    C:0.17391    A:0.39130    G:0.13043
position  3:    T:0.39130    C:0.21739    A:0.21739    G:0.17391
Average         T:0.30435    C:0.18841    A:0.27536    G:0.23188

#48: RoyalAntelope  
position  1:    T:0.21739    C:0.17391    A:0.21739    G:0.39130
position  2:    T:0.30435    C:0.17391    A:0.39130    G:0.13043
position  3:    T:0.39130    C:0.21739    A:0.21739    G:0.17391
Average         T:0.30435    C:0.18841    A:0.27536    G:0.23188

#49: Steenbok       
position  1:    T:0.21739    C:0.17391    A:0.21739    G:0.39130
position  2:    T:0.30435    C:0.17391    A:0.39130    G:0.13043
position  3:    T:0.39130    C:0.21739    A:0.17391    G:0.21739
Average         T:0.30435    C:0.18841    A:0.26087    G:0.24638

#50: Impala         
position  1:    T:0.21739    C:0.17391    A:0.21739    G:0.39130
position  2:    T:0.30435    C:0.17391    A:0.39130    G:0.13043
position  3:    T:0.39130    C:0.21739    A:0.21739    G:0.17391
Average         T:0.30435    C:0.18841    A:0.27536    G:0.23188

#51: Klipspringer   
position  1:    T:0.21739    C:0.17391    A:0.21739    G:0.39130
position  2:    T:0.30435    C:0.17391    A:0.39130    G:0.13043
