CODONML (in paml version 4.10.7, June 2023)  /home/rachel/ruminants_paml/6406-phy-tree/ENSBTAT00000021174.fasta.phy
Model: free dN/dS Ratios for branches,  kappa = 2.000 fixed

Codon frequency model: F3x4
ns =  54  ls = 126

Codon usage in sequences
--------------------------------------------------------------------------------------------------------------------------------------
Phe TTT   1   1   1   1   1   1 | Ser TCT   1   1   1   1   1   1 | Tyr TAT   2   2   2   2   3   2 | Cys TGT   1   1   1   1   1   1
    TTC   4   4   4   4   4   4 |     TCC   1   1   1   1   1   1 |     TAC   3   3   3   3   2   3 |     TGC   1   1   1   1   1   1
Leu TTA   3   3   3   3   2   3 |     TCA   0   0   0   0   0   0 | *** TAA   0   0   0   0   0   0 | *** TGA   0   0   0   0   0   0
    TTG   2   1   2   2   1   1 |     TCG   1   1   1   1   1   1 |     TAG   0   0   0   0   0   0 | Trp TGG   1   1   1   1   1   1
--------------------------------------------------------------------------------------------------------------------------------------
Leu CTT   2   4   2   3   3   3 | Pro CCT   0   0   0   0   0   0 | His CAT   1   1   1   0   0   1 | Arg CGT   0   0   0   0   0   0
    CTC   3   2   3   2   2   2 |     CCC   1   1   1   1   1   1 |     CAC   1   1   1   2   2   1 |     CGC   0   0   0   0   0   0
    CTA   5   4   5   5   4   3 |     CCA   1   1   1   1   1   1 | Gln CAA   0   0   0   0   0   0 |     CGA   2   2   2   2   2   2
    CTG   6   7   6   6   9   9 |     CCG   0   0   0   0   0   0 |     CAG   2   2   2   2   2   2 |     CGG   0   0   0   0   0   0
--------------------------------------------------------------------------------------------------------------------------------------
Ile ATT   3   3   3   3   3   3 | Thr ACT   3   3   3   3   2   3 | Asn AAT   4   4   4   4   4   4 | Ser AGT   2   2   2   2   0   1
    ATC   0   0   0   0   1   0 |     ACC   0   0   0   0   1   0 |     AAC   4   4   4   4   4   4 |     AGC   0   0   0   0   2   1
    ATA   3   3   3   3   2   3 |     ACA   4   4   4   4   3   2 | Lys AAA   4   4   4   4   2   5 | Arg AGA   1   1   1   1   2   1
Met ATG   3   3   3   3   3   4 |     ACG   1   1   1   1   2   1 |     AAG   8   8   8   8   9   8 |     AGG   0   0   0   0   0   0
--------------------------------------------------------------------------------------------------------------------------------------
Val GTT   1   1   1   1   1   1 | Ala GCT   6   5   6   5   4   6 | Asp GAT  12  11  12  12  10  11 | Gly GGT   1   1   1   1   0   0
    GTC   0   0   0   0   0   0 |     GCC   0   1   0   1   1   0 |     GAC   3   4   3   3   5   4 |     GGC   2   2   2   2   2   2
    GTA   0   1   0   0   1   1 |     GCA   1   1   1   1   1   1 | Glu GAA   7   5   5   6   5   6 |     GGA   2   2   2   2   2   2
    GTG   1   0   1   1   0   0 |     GCG   0   0   0   0   1   0 |     GAG   4   6   6   5   6   5 |     GGG   1   1   1   1   2   2
--------------------------------------------------------------------------------------------------------------------------------------

--------------------------------------------------------------------------------------------------------------------------------------
Phe TTT   1   1   1   1   1   1 | Ser TCT   1   1   1   1   1   1 | Tyr TAT   2   2   2   2   2   2 | Cys TGT   1   1   0   1   1   0
    TTC   4   4   4   4   4   4 |     TCC   1   1   1   1   1   1 |     TAC   3   3   3   3   3   3 |     TGC   1   1   2   1   1   2
Leu TTA   3   3   3   3   3   3 |     TCA   0   0   0   0   0   0 | *** TAA   0   0   0   0   0   0 | *** TGA   0   0   0   0   0   0
    TTG   2   2   1   1   2   1 |     TCG   1   1   1   1   1   1 |     TAG   0   0   0   0   0   0 | Trp TGG   1   1   1   1   1   1
--------------------------------------------------------------------------------------------------------------------------------------
Leu CTT   2   2   2   2   2   2 | Pro CCT   0   0   0   0   0   0 | His CAT   1   1   0   1   1   0 | Arg CGT   0   0   0   0   0   0
    CTC   3   3   4   3   3   2 |     CCC   1   1   1   1   1   1 |     CAC   1   1   2   1   1   2 |     CGC   0   0   0   0   0   0
    CTA   4   5   4   4   5   2 |     CCA   1   1   1   1   1   1 | Gln CAA   0   0   0   0   0   0 |     CGA   2   2   2   2   2   2
    CTG   7   6   7   8   6  11 |     CCG   0   0   0   0   0   0 |     CAG   2   2   2   2   2   2 |     CGG   0   0   0   0   0   0
--------------------------------------------------------------------------------------------------------------------------------------
Ile ATT   3   3   3   3   3   3 | Thr ACT   3   3   3   3   3   3 | Asn AAT   4   4   4   4   4   4 | Ser AGT   1   2   2   2   2   1
    ATC   0   0   1   0   0   0 |     ACC   0   0   0   0   0   0 |     AAC   4   4   4   4   4   4 |     AGC   1   0   0   0   0   1
    ATA   3   3   2   3   3   3 |     ACA   3   4   4   4   4   4 | Lys AAA   4   4   4   4   4   4 | Arg AGA   1   1   1   1   1   1
Met ATG   3   3   3   3   3   3 |     ACG   2   1   1   1   1   1 |     AAG   8   8   8   8   8   8 |     AGG   0   0   0   0   0   0
--------------------------------------------------------------------------------------------------------------------------------------
Val GTT   1   1   1   1   1   1 | Ala GCT   6   6   6   6   6   6 | Asp GAT  12  12  12  12  12  12 | Gly GGT   1   1   1   1   1   1
    GTC   0   0   0   0   0   0 |     GCC   0   0   0   0   0   0 |     GAC   3   3   3   3   3   3 |     GGC   2   2   2   2   2   2
    GTA   0   0   0   0   0   0 |     GCA   1   1   1   1   1   1 | Glu GAA   7   7   6   7   6   4 |     GGA   2   2   2   2   2   2
    GTG   1   1   1   1   1   1 |     GCG   0   0   0   0   0   0 |     GAG   4   4   5   4   5   7 |     GGG   1   1   1   1   1   1
--------------------------------------------------------------------------------------------------------------------------------------

--------------------------------------------------------------------------------------------------------------------------------------
Phe TTT   1   1   1   1   1   1 | Ser TCT   1   1   1   1   1   1 | Tyr TAT   2   2   2   2   1   2 | Cys TGT   1   1   1   1   1   1
    TTC   4   4   4   4   4   4 |     TCC   1   1   1   1   1   1 |     TAC   3   3   3   3   4   3 |     TGC   1   1   1   1   1   1
Leu TTA   3   3   3   3   2   3 |     TCA   0   0   0   0   0   0 | *** TAA   0   0   0   0   0   0 | *** TGA   0   0   0   0   0   0
    TTG   2   2   2   1   1   1 |     TCG   1   1   1   1   1   1 |     TAG   0   0   0   0   0   0 | Trp TGG   1   1   1   1   1   1
--------------------------------------------------------------------------------------------------------------------------------------
Leu CTT   2   3   2   2   1   2 | Pro CCT   0   0   0   0   0   0 | His CAT   1   1   1   1   0   1 | Arg CGT   0   0   0   0   0   0
    CTC   3   2   3   3   3   3 |     CCC   1   1   1   1   1   1 |     CAC   1   1   1   1   2   1 |     CGC   0   0   0   0   0   0
    CTA   5   5   5   4   5   5 |     CCA   1   1   1   1   1   1 | Gln CAA   0   0   0   0   0   0 |     CGA   2   2   2   2   2   2
    CTG   6   6   6   8   9   7 |     CCG   0   0   0   0   0   0 |     CAG   2   2   2   2   2   2 |     CGG   0   0   0   0   0   0
--------------------------------------------------------------------------------------------------------------------------------------
Ile ATT   3   3   3   3   3   3 | Thr ACT   3   3   3   3   3   3 | Asn AAT   4   4   4   4   4   4 | Ser AGT   2   2   2   2   1   2
    ATC   0   0   0   1   0   0 |     ACC   0   0   0   0   0   0 |     AAC   4   4   4   4   4   4 |     AGC   0   0   0   0   1   0
    ATA   3   3   3   2   3   3 |     ACA   4   4   5   4   4   4 | Lys AAA   4   4   4   4   4   4 | Arg AGA   1   1   1   1   1   1
Met ATG   3   3   3   3   3   3 |     ACG   1   1   0   1   1   1 |     AAG   8   8   8   7   8   8 |     AGG   0   0   0   1   0   0
--------------------------------------------------------------------------------------------------------------------------------------
Val GTT   1   1   1   1   1   1 | Ala GCT   6   6   5   6   5   6 | Asp GAT  11  12  12  12  12   9 | Gly GGT   1   1   1   1   1   1
    GTC   0   0   0   0   0   0 |     GCC   0   0   1   0   1   0 |     GAC   4   3   3   3   3   6 |     GGC   2   2   2   2   2   2
    GTA   0   0   0   0   0   0 |     GCA   1   1   1   1   1   1 | Glu GAA   7   7   7   7   7   7 |     GGA   2   2   2   2   2   2
    GTG   1   1   1   1   1   1 |     GCG   0   0   0   0   0   0 |     GAG   4   4   4   4   4   4 |     GGG   1   1   1   1   1   1
--------------------------------------------------------------------------------------------------------------------------------------

--------------------------------------------------------------------------------------------------------------------------------------
Phe TTT   1   1   1   1   1   1 | Ser TCT   1   1   1   1   1   1 | Tyr TAT   2   2   2   2   2   2 | Cys TGT   1   1   1   1   1   1
    TTC   4   4   4   4   4   4 |     TCC   1   1   1   1   1   1 |     TAC   3   3   3   3   3   3 |     TGC   1   1   1   1   1   1
Leu TTA   3   3   3   3   3   3 |     TCA   0   0   0   0   0   0 | *** TAA   0   0   0   0   0   0 | *** TGA   0   0   0   0   0   0
    TTG   2   2   2   2   2   2 |     TCG   1   1   1   1   1   1 |     TAG   0   0   0   0   0   0 | Trp TGG   1   1   1   1   1   1
--------------------------------------------------------------------------------------------------------------------------------------
Leu CTT   2   2   2   2   2   2 | Pro CCT   0   0   0   0   0   0 | His CAT   1   1   1   1   1   1 | Arg CGT   0   0   0   0   0   0
    CTC   3   3   3   3   3   3 |     CCC   1   1   1   1   1   1 |     CAC   1   1   1   1   1   1 |     CGC   0   0   0   0   0   0
    CTA   4   5   5   5   5   5 |     CCA   1   1   1   1   1   1 | Gln CAA   0   0   0   0   0   0 |     CGA   2   2   2   2   2   2
    CTG   7   6   6   6   6   6 |     CCG   0   0   0   0   0   0 |     CAG   2   2   2   2   2   2 |     CGG   0   0   0   0   0   0
--------------------------------------------------------------------------------------------------------------------------------------
Ile ATT   3   3   3   3   3   3 | Thr ACT   2   3   3   3   3   3 | Asn AAT   4   5   4   4   4   4 | Ser AGT   2   2   2   2   2   2
    ATC   0   0   0   0   0   0 |     ACC   0   0   0   0   0   0 |     AAC   4   3   4   4   4   4 |     AGC   0   0   0   0   0   0
    ATA   3   3   3   3   3   3 |     ACA   5   4   4   4   4   4 | Lys AAA   3   3   4   4   4   4 | Arg AGA   1   0   1   1   1   1
Met ATG   3   3   3   3   3   3 |     ACG   1   1   1   1   1   1 |     AAG   9   9   8   8   8   8 |     AGG   0   1   0   0   0   0
--------------------------------------------------------------------------------------------------------------------------------------
Val GTT   1   1   1   1   1   1 | Ala GCT   6   6   6   6   6   6 | Asp GAT  11  12  12  12  12  12 | Gly GGT   1   1   1   1   1   1
    GTC   0   0   0   0   0   0 |     GCC   0   0   0   0   0   0 |     GAC   4   3   3   3   3   3 |     GGC   2   2   2   2   2   2
    GTA   0   0   0   0   0   0 |     GCA   1   1   1   1   1   1 | Glu GAA   5   6   7   6   7   7 |     GGA   2   2   2   2   2   2
    GTG   1   1   1   1   1   1 |     GCG   0   0   0   0   0   0 |     GAG   6   5   4   5   4   4 |     GGG   1   1   1   1   1   1
--------------------------------------------------------------------------------------------------------------------------------------

--------------------------------------------------------------------------------------------------------------------------------------
Phe TTT   1   1   1   1   1   1 | Ser TCT   1   2   1   1   1   1 | Tyr TAT   2   2   2   2   2   2 | Cys TGT   1   0   1   1   1   1
    TTC   4   4   4   4   4   4 |     TCC   1   0   1   1   1   1 |     TAC   3   3   3   3   3   3 |     TGC   1   2   1   1   1   1
Leu TTA   3   3   3   3   3   3 |     TCA   0   0   0   0   0   0 | *** TAA   0   0   0   0   0   0 | *** TGA   0   0   0   0   0   0
    TTG   1   2   2   1   2   2 |     TCG   1   1   1   1   1   1 |     TAG   0   0   0   0   0   0 | Trp TGG   1   1   1   1   1   1
--------------------------------------------------------------------------------------------------------------------------------------
Leu CTT   2   1   2   2   2   2 | Pro CCT   0   0   0   0   0   0 | His CAT   0   0   1   1   1   1 | Arg CGT   0   0   0   0   0   0
    CTC   2   2   3   3   3   3 |     CCC   1   1   1   1   1   1 |     CAC   2   2   1   1   1   1 |     CGC   0   0   0   0   0   0
    CTA   4   4   5   5   5   5 |     CCA   1   1   1   1   1   1 | Gln CAA   0   0   0   0   0   0 |     CGA   2   1   2   1   2   2
    CTG   9   9   6   7   6   6 |     CCG   0   0   0   0   0   0 |     CAG   2   2   2   2   2   2 |     CGG   0   1   0   1   0   0
--------------------------------------------------------------------------------------------------------------------------------------
Ile ATT   3   3   3   3   3   3 | Thr ACT   2   2   3   3   3   3 | Asn AAT   4   4   4   4   4   4 | Ser AGT   1   1   2   2   2   2
    ATC   0   0   0   0   0   0 |     ACC   1   0   0   0   0   0 |     AAC   4   4   4   4   4   4 |     AGC   1   1   0   0   0   0
    ATA   3   3   3   3   3   3 |     ACA   4   4   4   4   5   4 | Lys AAA   4   4   4   4   4   4 | Arg AGA   1   0   1   1   1   1
Met ATG   3   3   3   3   3   3 |     ACG   1   2   1   1   0   1 |     AAG   8   8   8   8   8   8 |     AGG   0   1   0   0   0   0
--------------------------------------------------------------------------------------------------------------------------------------
Val GTT   1   1   1   1   1   1 | Ala GCT   6   5   6   5   5   6 | Asp GAT  12  12  12  11  12  12 | Gly GGT   1   1   1   1   1   1
    GTC   0   0   0   0   0   0 |     GCC   0   1   0   1   1   0 |     GAC   3   3   3   4   3   3 |     GGC   2   2   2   2   2   2
    GTA   0   0   0   0   0   0 |     GCA   1   1   1   1   1   1 | Glu GAA   4   6   7   7   7   6 |     GGA   2   2   2   2   2   2
    GTG   1   1   1   1   1   1 |     GCG   0   0   0   0   0   0 |     GAG   7   5   4   4   4   5 |     GGG   1   1   1   1   1   1
--------------------------------------------------------------------------------------------------------------------------------------

--------------------------------------------------------------------------------------------------------------------------------------
Phe TTT   1   1   1   1   1   1 | Ser TCT   1   1   1   1   1   1 | Tyr TAT   2   2   2   2   2   2 | Cys TGT   1   1   0   1   1   1
    TTC   4   4   4   4   4   4 |     TCC   1   1   1   1   1   1 |     TAC   3   3   3   3   3   3 |     TGC   1   1   2   1   1   1
Leu TTA   3   3   3   3   3   3 |     TCA   0   0   0   0   0   0 | *** TAA   0   0   0   0   0   0 | *** TGA   0   0   0   0   0   0
    TTG   1   2   1   1   1   2 |     TCG   1   1   1   1   1   1 |     TAG   0   0   0   0   0   0 | Trp TGG   1   1   1   1   1   1
--------------------------------------------------------------------------------------------------------------------------------------
Leu CTT   2   2   2   2   3   2 | Pro CCT   0   0   0   0   0   0 | His CAT   1   1   0   0   0   1 | Arg CGT   0   0   0   0   0   0
    CTC   3   3   2   3   2   4 |     CCC   1   1   1   1   1   1 |     CAC   1   1   2   2   2   1 |     CGC   0   0   0   0   0   0
    CTA   4   5   2   4   5   4 |     CCA   1   1   1   1   1   1 | Gln CAA   0   0   0   0   0   0 |     CGA   2   2   2   2   2   2
    CTG   8   6  11   8   7   6 |     CCG   0   0   0   0   0   0 |     CAG   2   2   2   2   2   2 |     CGG   0   0   0   0   0   0
--------------------------------------------------------------------------------------------------------------------------------------
Ile ATT   3   3   3   3   3   3 | Thr ACT   3   3   3   3   3   3 | Asn AAT   4   4   4   4   4   4 | Ser AGT   2   2   1   2   2   2
    ATC   1   0   0   1   0   0 |     ACC   0   0   0   0   0   0 |     AAC   4   4   4   4   4   4 |     AGC   0   0   1   0   0   0
    ATA   2   3   3   2   3   3 |     ACA   4   4   4   4   4   4 | Lys AAA   4   3   4   4   4   4 | Arg AGA   1   1   1   1   1   1
Met ATG   3   3   3   3   3   3 |     ACG   1   1   1   1   1   1 |     AAG   8   9   8   8   8   8 |     AGG   0   0   0   0   0   0
--------------------------------------------------------------------------------------------------------------------------------------
Val GTT   1   1   1   1   1   1 | Ala GCT   6   6   6   6   5   5 | Asp GAT   9  12  12  12  12  12 | Gly GGT   1   1   1   1   1   1
    GTC   0   0   0   0   0   0 |     GCC   0   0   0   0   1   1 |     GAC   6   3   3   3   3   3 |     GGC   2   2   2   2   2   2
    GTA   0   0   0   0   0   0 |     GCA   1   1   1   1   1   1 | Glu GAA   7   5   4   7   6   7 |     GGA   2   2   2   2   2   2
    GTG   1   1   1   1   1   1 |     GCG   0   0   0   0   0   0 |     GAG   4   6   7   4   5   4 |     GGG   1   1   1   1   1   1
--------------------------------------------------------------------------------------------------------------------------------------

--------------------------------------------------------------------------------------------------------------------------------------
Phe TTT   1   1   1   1   1   1 | Ser TCT   1   1   1   1   1   1 | Tyr TAT   2   2   2   2   2   2 | Cys TGT   1   1   1   1   1   0
    TTC   4   4   4   4   4   4 |     TCC   1   1   1   1   1   1 |     TAC   3   3   3   3   3   3 |     TGC   1   1   1   1   1   2
Leu TTA   3   3   3   3   3   3 |     TCA   0   0   0   0   0   0 | *** TAA   0   0   0   0   0   0 | *** TGA   0   0   0   0   0   0
    TTG   1   2   2   2   2   1 |     TCG   1   1   1   1   1   1 |     TAG   0   0   0   0   0   0 | Trp TGG   1   1   1   1   1   1
--------------------------------------------------------------------------------------------------------------------------------------
Leu CTT   2   3   2   2   1   3 | Pro CCT   0   0   0   0   0   0 | His CAT   1   1   1   1   0   0 | Arg CGT   0   0   0   0   0   0
    CTC   3   2   3   3   4   2 |     CCC   1   1   1   1   1   1 |     CAC   1   1   1   1   2   2 |     CGC   0   0   0   0   0   0
    CTA   5   5   5   4   5   4 |     CCA   1   1   1   1   1   1 | Gln CAA   0   0   0   0   0   0 |     CGA   2   2   2   2   2   2
    CTG   7   6   6   7   6   8 |     CCG   0   0   0   0   0   0 |     CAG   2   2   2   2   2   2 |     CGG   0   0   0   0   0   0
--------------------------------------------------------------------------------------------------------------------------------------
Ile ATT   3   3   3   3   3   3 | Thr ACT   3   3   3   2   3   2 | Asn AAT   4   4   4   4   4   4 | Ser AGT   2   2   2   1   2   1
    ATC   0   0   0   0   0   0 |     ACC   0   0   0   1   0   0 |     AAC   4   4   4   4   4   4 |     AGC   0   0   0   1   0   1
    ATA   3   3   3   3   3   3 |     ACA   4   4   4   3   4   4 | Lys AAA   4   4   4   4   4   4 | Arg AGA   1   1   1   1   1   1
Met ATG   3   3   3   3   3   3 |     ACG   1   1   1   2   1   2 |     AAG   8   8   8   8   8   8 |     AGG   0   0   0   0   0   0
--------------------------------------------------------------------------------------------------------------------------------------
Val GTT   1   1   1   1   1   1 | Ala GCT   6   6   6   6   6   5 | Asp GAT  12  12  12  12  12  12 | Gly GGT   1   1   1   1   1   1
    GTC   0   0   0   0   0   0 |     GCC   0   0   0   0   0   1 |     GAC   3   3   3   3   3   3 |     GGC   2   2   2   2   2   2
    GTA   0   0   0   0   0   0 |     GCA   1   1   1   1   1   1 | Glu GAA   7   6   7   7   7   6 |     GGA   2   2   2   2   2   2
    GTG   1   1   1   1   1   1 |     GCG   0   0   0   0   0   0 |     GAG   4   5   4   4   4   5 |     GGG   1   1   1   1   1   1
--------------------------------------------------------------------------------------------------------------------------------------

--------------------------------------------------------------------------------------------------------------------------------------
Phe TTT   1   1   1   1   1   1 | Ser TCT   1   1   1   1   1   1 | Tyr TAT   2   2   2   2   2   2 | Cys TGT   1   1   0   0   1   1
    TTC   4   4   4   4   4   4 |     TCC   1   1   1   1   1   1 |     TAC   3   3   3   3   3   3 |     TGC   1   1   2   2   1   1
Leu TTA   3   3   3   2   3   3 |     TCA   0   0   0   0   0   0 | *** TAA   0   0   0   0   0   0 | *** TGA   0   0   0   0   0   0
    TTG   1   1   1   1   2   2 |     TCG   1   1   1   1   1   1 |     TAG   0   0   0   0   0   0 | Trp TGG   1   1   1   1   1   1
--------------------------------------------------------------------------------------------------------------------------------------
Leu CTT   2   2   2   1   3   2 | Pro CCT   0   0   0   0   0   0 | His CAT   0   1   0   0   1   1 | Arg CGT   0   0   0   0   0   0
    CTC   2   3   2   2   2   3 |     CCC   1   1   1   1   1   1 |     CAC   2   1   2   2   1   1 |     CGC   0   0   0   0   0   0
    CTA   4   5   2   5   5   5 |     CCA   1   1   1   1   1   1 | Gln CAA   0   0   0   0   0   0 |     CGA   2   2   2   1   2   2
    CTG   9   7  11  10   6   6 |     CCG   0   0   0   0   0   0 |     CAG   2   2   2   2   2   2 |     CGG   0   0   0   1   0   0
--------------------------------------------------------------------------------------------------------------------------------------
Ile ATT   3   3   3   3   3   3 | Thr ACT   2   3   3   2   3   3 | Asn AAT   4   4   4   4   4   4 | Ser AGT   1   2   1   1   2   2
    ATC   0   0   0   0   0   0 |     ACC   1   0   0   0   0   0 |     AAC   4   4   4   4   4   4 |     AGC   1   0   1   1   0   0
    ATA   3   3   3   3   3   3 |     ACA   4   4   4   4   4   4 | Lys AAA   5   4   4   4   4   5 | Arg AGA   1   1   1   0   1   1
Met ATG   3   3   3   3   3   3 |     ACG   1   1   1   2   1   1 |     AAG   7   8   8   8   8   7 |     AGG   0   0   0   1   0   0
--------------------------------------------------------------------------------------------------------------------------------------
Val GTT   1   1   1   1   1   1 | Ala GCT   6   5   6   5   6   6 | Asp GAT  12  11  12  12  12  12 | Gly GGT   1   1   1   1   1   1
    GTC   0   0   0   0   0   0 |     GCC   0   1   0   1   0   0 |     GAC   3   4   3   3   3   3 |     GGC   2   2   2   2   2   2
    GTA   0   0   0   0   0   0 |     GCA   1   1   1   1   1   1 | Glu GAA   4   7   4   7   6   7 |     GGA   2   2   2   2   2   2
    GTG   1   1   1   1   1   1 |     GCG   0   0   0   0   0   0 |     GAG   7   4   7   4   5   4 |     GGG   1   1   1   1   1   1
--------------------------------------------------------------------------------------------------------------------------------------

--------------------------------------------------------------------------------------------------------------------------------------
Phe TTT   0   1   1   1   1   1 | Ser TCT   1   1   1   1   1   1 | Tyr TAT   2   2   1   2   2   2 | Cys TGT   1   1   0   1   1   1
    TTC   5   4   4   4   4   4 |     TCC   1   1   1   1   1   1 |     TAC   3   3   4   3   3   3 |     TGC   1   1   2   1   1   1
Leu TTA   3   3   3   3   3   3 |     TCA   0   0   0   0   0   0 | *** TAA   0   0   0   0   0   0 | *** TGA   0   0   0   0   0   0
    TTG   2   2   2   2   2   2 |     TCG   1   1   1   1   1   1 |     TAG   0   0   0   0   0   0 | Trp TGG   1   1   1   1   1   1
--------------------------------------------------------------------------------------------------------------------------------------
Leu CTT   2   2   2   3   2   2 | Pro CCT   0   0   0   0   0   0 | His CAT   1   1   1   0   1   1 | Arg CGT   0   0   0   0   0   0
    CTC   4   4   3   2   3   3 |     CCC   1   1   1   1   1   1 |     CAC   1   1   1   2   1   1 |     CGC   0   0   0   0   0   0
    CTA   4   4   4   5   5   5 |     CCA   1   1   1   1   1   1 | Gln CAA   0   0   0   0   0   0 |     CGA   2   2   2   2   2   2
    CTG   6   6   7   6   6   6 |     CCG   0   0   0   0   0   0 |     CAG   2   2   2   2   2   2 |     CGG   0   0   0   0   0   0
--------------------------------------------------------------------------------------------------------------------------------------
Ile ATT   3   3   3   3   3   3 | Thr ACT   3   3   3   3   3   3 | Asn AAT   3   4   4   4   4   4 | Ser AGT   2   2   2   2   2   2
    ATC   0   0   0   0   0   0 |     ACC   0   0   0   0   0   0 |     AAC   5   4   4   4   4   4 |     AGC   0   0   0   0   0   0
    ATA   3   3   3   3   3   3 |     ACA   4   4   4   4   4   4 | Lys AAA   4   4   4   4   4   4 | Arg AGA   1   1   1   1   1   1
Met ATG   3   3   3   3   3   3 |     ACG   1   1   1   1   1   1 |     AAG   8   8   8   8   8   8 |     AGG   0   0   0   0   0   0
--------------------------------------------------------------------------------------------------------------------------------------
Val GTT   1   1   1   1   1   1 | Ala GCT   6   4   6   5   6   6 | Asp GAT  13  11  12  12  12  12 | Gly GGT   1   1   1   1   1   1
    GTC   0   0   0   0   0   0 |     GCC   0   2   0   1   0   0 |     GAC   2   4   3   3   3   3 |     GGC   2   2   2   2   2   2
    GTA   0   0   0   0   0   0 |     GCA   1   1   1   1   1   1 | Glu GAA   7   7   7   6   5   6 |     GGA   2   2   2   2   2   2
    GTG   1   1   1   1   1   1 |     GCG   0   0   0   0   0   0 |     GAG   4   4   4   5   6   5 |     GGG   1   1   1   1   1   1
--------------------------------------------------------------------------------------------------------------------------------------

Codon position x base (3x4) table for each sequence.

#1: Argali         
position  1:    T:0.16667    C:0.19048    A:0.31746    G:0.32540
position  2:    T:0.29365    C:0.15873    A:0.43651    G:0.11111
position  3:    T:0.31746    C:0.18254    A:0.26190    G:0.23810
Average         T:0.25926    C:0.17725    A:0.33862    G:0.22487

#2: LesserMouseDeer
position  1:    T:0.15873    C:0.19841    A:0.31746    G:0.32540
position  2:    T:0.29365    C:0.15873    A:0.43651    G:0.11111
position  3:    T:0.31746    C:0.19048    A:0.24603    G:0.24603
Average         T:0.25661    C:0.18254    A:0.33333    G:0.22751

#3: LesserKudu     
position  1:    T:0.16667    C:0.19048    A:0.31746    G:0.32540
position  2:    T:0.29365    C:0.15873    A:0.43651    G:0.11111
position  3:    T:0.31746    C:0.18254    A:0.24603    G:0.25397
Average         T:0.25926    C:0.17725    A:0.33333    G:0.23016

#4: ForestMuskDeer2
position  1:    T:0.16667    C:0.19048    A:0.31746    G:0.32540
position  2:    T:0.29365    C:0.15873    A:0.43651    G:0.11111
position  3:    T:0.30952    C:0.19048    A:0.25397    G:0.24603
Average         T:0.25661    C:0.17989    A:0.33598    G:0.22751

#5: Camel          
position  1:    T:0.15079    C:0.20635    A:0.31746    G:0.32540
position  2:    T:0.29365    C:0.15873    A:0.42857    G:0.11905
position  3:    T:0.26190    C:0.23016    A:0.21429    G:0.29365
Average         T:0.23545    C:0.19841    A:0.32011    G:0.24603

#6: KillerWhale    
position  1:    T:0.15873    C:0.19841    A:0.31746    G:0.32540
position  2:    T:0.30159    C:0.14286    A:0.44444    G:0.11111
position  3:    T:0.30159    C:0.19048    A:0.23810    G:0.26984
Average         T:0.25397    C:0.17725    A:0.33333    G:0.23545

#7: DefassaWaterbuck
position  1:    T:0.16667    C:0.19048    A:0.31746    G:0.32540
position  2:    T:0.29365    C:0.15873    A:0.43651    G:0.11111
position  3:    T:0.30952    C:0.19048    A:0.24603    G:0.25397
Average         T:0.25661    C:0.17989    A:0.33333    G:0.23016

#8: Sheep          
position  1:    T:0.16667    C:0.19048    A:0.31746    G:0.32540
position  2:    T:0.29365    C:0.15873    A:0.43651    G:0.11111
position  3:    T:0.31746    C:0.18254    A:0.26190    G:0.23810
Average         T:0.25926    C:0.17725    A:0.33862    G:0.22487

#9: MaxwellsDuiker 
position  1:    T:0.15873    C:0.19841    A:0.31746    G:0.32540
position  2:    T:0.29365    C:0.15873    A:0.43651    G:0.11111
position  3:    T:0.30159    C:0.21429    A:0.23810    G:0.24603
Average         T:0.25132    C:0.19048    A:0.33069    G:0.22751

#10: GazellaPrzewalskyi
position  1:    T:0.15873    C:0.19841    A:0.31746    G:0.32540
position  2:    T:0.29365    C:0.15873    A:0.43651    G:0.11111
position  3:    T:0.31746    C:0.18254    A:0.25397    G:0.24603
Average         T:0.25661    C:0.17989    A:0.33598    G:0.22751

#11: MountainNyala  
position  1:    T:0.16667    C:0.19048    A:0.31746    G:0.32540
position  2:    T:0.29365    C:0.15873    A:0.43651    G:0.11111
position  3:    T:0.31746    C:0.18254    A:0.25397    G:0.24603
Average         T:0.25926    C:0.17725    A:0.33598    G:0.22751

#12: MuntiacusMuntjak
position  1:    T:0.15873    C:0.19841    A:0.31746    G:0.32540
position  2:    T:0.29365    C:0.15873    A:0.43651    G:0.11111
position  3:    T:0.29365    C:0.19841    A:0.21429    G:0.29365
Average         T:0.24868    C:0.18519    A:0.32275    G:0.24339

#13: goat           
position  1:    T:0.16667    C:0.19048    A:0.31746    G:0.32540
position  2:    T:0.29365    C:0.15873    A:0.43651    G:0.11111
position  3:    T:0.30952    C:0.19048    A:0.26190    G:0.23810
Average         T:0.25661    C:0.17989    A:0.33862    G:0.22487

#14: AfricanBuffalo 
position  1:    T:0.16667    C:0.19048    A:0.31746    G:0.32540
position  2:    T:0.29365    C:0.15873    A:0.43651    G:0.11111
position  3:    T:0.32540    C:0.17460    A:0.26190    G:0.23810
Average         T:0.26190    C:0.17460    A:0.33862    G:0.22487

#15: Topi           
position  1:    T:0.16667    C:0.19048    A:0.31746    G:0.32540
position  2:    T:0.29365    C:0.15873    A:0.43651    G:0.11111
position  3:    T:0.30952    C:0.19048    A:0.26984    G:0.23016
Average         T:0.25661    C:0.17989    A:0.34127    G:0.22222

#16: CommonDuiker   
position  1:    T:0.15873    C:0.19841    A:0.31746    G:0.32540
position  2:    T:0.29365    C:0.15873    A:0.42857    G:0.11905
position  3:    T:0.31746    C:0.19048    A:0.24603    G:0.24603
Average         T:0.25661    C:0.18254    A:0.33069    G:0.23016

#17: Suni           
position  1:    T:0.15079    C:0.20635    A:0.31746    G:0.32540
position  2:    T:0.29365    C:0.15873    A:0.43651    G:0.11111
position  3:    T:0.27778    C:0.21429    A:0.25397    G:0.25397
Average         T:0.24074    C:0.19312    A:0.33598    G:0.23016

#18: Springbuck     
position  1:    T:0.15873    C:0.19841    A:0.31746    G:0.32540
position  2:    T:0.29365    C:0.15873    A:0.43651    G:0.11111
position  3:    T:0.29365    C:0.20635    A:0.26190    G:0.23810
Average         T:0.24868    C:0.18783    A:0.33862    G:0.22487

#19: Okapi          
position  1:    T:0.16667    C:0.19048    A:0.31746    G:0.32540
position  2:    T:0.29365    C:0.15873    A:0.43651    G:0.11111
position  3:    T:0.30159    C:0.19048    A:0.23810    G:0.26984
Average         T:0.25397    C:0.17989    A:0.33069    G:0.23545

#20: Giraffe        
position  1:    T:0.16667    C:0.19048    A:0.31746    G:0.32540
position  2:    T:0.29365    C:0.15873    A:0.43651    G:0.11111
position  3:    T:0.32540    C:0.17460    A:0.23810    G:0.26190
Average         T:0.26190    C:0.17460    A:0.33069    G:0.23280

#21: TibetanAntelope
position  1:    T:0.16667    C:0.19048    A:0.31746    G:0.32540
position  2:    T:0.29365    C:0.15873    A:0.43651    G:0.11111
position  3:    T:0.31746    C:0.18254    A:0.26190    G:0.23810
Average         T:0.25926    C:0.17725    A:0.33862    G:0.22487

#22: Sitatunga      
position  1:    T:0.16667    C:0.19048    A:0.31746    G:0.32540
position  2:    T:0.29365    C:0.15873    A:0.43651    G:0.11111
position  3:    T:0.31746    C:0.18254    A:0.25397    G:0.24603
Average         T:0.25926    C:0.17725    A:0.33598    G:0.22751

#23: Oribi          
position  1:    T:0.16667    C:0.19048    A:0.31746    G:0.32540
position  2:    T:0.29365    C:0.15873    A:0.43651    G:0.11111
position  3:    T:0.31746    C:0.18254    A:0.26190    G:0.23810
Average         T:0.25926    C:0.17725    A:0.33862    G:0.22487

#24: BarbarySheep   
position  1:    T:0.16667    C:0.19048    A:0.31746    G:0.32540
position  2:    T:0.29365    C:0.15873    A:0.43651    G:0.11111
position  3:    T:0.31746    C:0.18254    A:0.26190    G:0.23810
Average         T:0.25926    C:0.17725    A:0.33862    G:0.22487

#25: Daviddeer      
position  1:    T:0.15873    C:0.19841    A:0.31746    G:0.32540
position  2:    T:0.29365    C:0.15873    A:0.43651    G:0.11111
position  3:    T:0.29365    C:0.19841    A:0.23016    G:0.27778
Average         T:0.24868    C:0.18519    A:0.32804    G:0.23810

#26: Reindeer       
position  1:    T:0.16667    C:0.19048    A:0.31746    G:0.32540
position  2:    T:0.29365    C:0.15873    A:0.43651    G:0.11111
position  3:    T:0.27778    C:0.19841    A:0.23016    G:0.29365
Average         T:0.24603    C:0.18254    A:0.32804    G:0.24339

#27: Ibex           
position  1:    T:0.16667    C:0.19048    A:0.31746    G:0.32540
position  2:    T:0.29365    C:0.15873    A:0.43651    G:0.11111
position  3:    T:0.31746    C:0.18254    A:0.26190    G:0.23810
Average         T:0.25926    C:0.17725    A:0.33862    G:0.22487

#28: GyrantGazelle  
position  1:    T:0.15873    C:0.19841    A:0.31746    G:0.32540
position  2:    T:0.29365    C:0.15873    A:0.43651    G:0.11111
position  3:    T:0.30159    C:0.19841    A:0.25397    G:0.24603
Average         T:0.25132    C:0.18519    A:0.33598    G:0.22751

#29: Hartebeest     
position  1:    T:0.16667    C:0.19048    A:0.31746    G:0.32540
position  2:    T:0.29365    C:0.15873    A:0.43651    G:0.11111
position  3:    T:0.30952    C:0.19048    A:0.26984    G:0.23016
Average         T:0.25661    C:0.17989    A:0.34127    G:0.22222

#30: Bongo          
position  1:    T:0.16667    C:0.19048    A:0.31746    G:0.32540
position  2:    T:0.29365    C:0.15873    A:0.43651    G:0.11111
position  3:    T:0.31746    C:0.18254    A:0.25397    G:0.24603
Average         T:0.25926    C:0.17725    A:0.33598    G:0.22751

#31: Gerenuk        
position  1:    T:0.15873    C:0.19841    A:0.31746    G:0.32540
position  2:    T:0.29365    C:0.15873    A:0.43651    G:0.11111
position  3:    T:0.29365    C:0.21429    A:0.24603    G:0.24603
Average         T:0.24868    C:0.19048    A:0.33333    G:0.22751

#32: CommonEland    
position  1:    T:0.16667    C:0.19048    A:0.31746    G:0.32540
position  2:    T:0.29365    C:0.15873    A:0.43651    G:0.11111
position  3:    T:0.31746    C:0.18254    A:0.23810    G:0.26190
Average         T:0.25926    C:0.17725    A:0.33069    G:0.23280

#33: MuntiacusReevesi
position  1:    T:0.15873    C:0.19841    A:0.31746    G:0.32540
position  2:    T:0.29365    C:0.15873    A:0.43651    G:0.11111
position  3:    T:0.29365    C:0.19841    A:0.21429    G:0.29365
Average         T:0.24868    C:0.18519    A:0.32275    G:0.24339

#34: HarveysDuiker  
position  1:    T:0.15873    C:0.19841    A:0.31746    G:0.32540
position  2:    T:0.29365    C:0.15873    A:0.43651    G:0.11111
position  3:    T:0.30952    C:0.19841    A:0.24603    G:0.24603
Average         T:0.25397    C:0.18519    A:0.33333    G:0.22751

#35: Pronghorn      
position  1:    T:0.15873    C:0.19841    A:0.31746    G:0.32540
position  2:    T:0.29365    C:0.15873    A:0.43651    G:0.11111
position  3:    T:0.30952    C:0.19048    A:0.25397    G:0.24603
Average         T:0.25397    C:0.18254    A:0.33598    G:0.22751

#36: BlueWildebeest 
position  1:    T:0.16667    C:0.19048    A:0.31746    G:0.32540
position  2:    T:0.29365    C:0.15873    A:0.43651    G:0.11111
position  3:    T:0.30952    C:0.19841    A:0.25397    G:0.23810
Average         T:0.25661    C:0.18254    A:0.33598    G:0.22487

#37: Gemsbok        
position  1:    T:0.15873    C:0.19841    A:0.31746    G:0.32540
position  2:    T:0.29365    C:0.15873    A:0.43651    G:0.11111
position  3:    T:0.31746    C:0.18254    A:0.26190    G:0.23810
Average         T:0.25661    C:0.17989    A:0.33862    G:0.22487

#38: Yak            
position  1:    T:0.16667    C:0.19048    A:0.31746    G:0.32540
position  2:    T:0.29365    C:0.15873    A:0.43651    G:0.11111
position  3:    T:0.32540    C:0.17460    A:0.25397    G:0.24603
Average         T:0.26190    C:0.17460    A:0.33598    G:0.22751

#39: BlueSheep      
position  1:    T:0.16667    C:0.19048    A:0.31746    G:0.32540
position  2:    T:0.29365    C:0.15873    A:0.43651    G:0.11111
position  3:    T:0.31746    C:0.18254    A:0.26190    G:0.23810
Average         T:0.25926    C:0.17725    A:0.33862    G:0.22487

#40: BohorReedbuck  
position  1:    T:0.16667    C:0.19048    A:0.31746    G:0.32540
position  2:    T:0.29365    C:0.15873    A:0.43651    G:0.11111
position  3:    T:0.30159    C:0.19841    A:0.24603    G:0.25397
Average         T:0.25397    C:0.18254    A:0.33333    G:0.23016

#41: KirksDik       
position  1:    T:0.16667    C:0.19048    A:0.31746    G:0.32540
position  2:    T:0.29365    C:0.15873    A:0.43651    G:0.11111
position  3:    T:0.30159    C:0.19841    A:0.26190    G:0.23810
Average         T:0.25397    C:0.18254    A:0.33862    G:0.22487

#42: RoeDeer        
position  1:    T:0.15873    C:0.19841    A:0.31746    G:0.32540
position  2:    T:0.29365    C:0.15873    A:0.43651    G:0.11111
position  3:    T:0.28571    C:0.20635    A:0.24603    G:0.26190
Average         T:0.24603    C:0.18783    A:0.33333    G:0.23280

#43: WhiteLippedDeer
position  1:    T:0.15873    C:0.19841    A:0.31746    G:0.32540
position  2:    T:0.29365    C:0.15873    A:0.43651    G:0.11111
position  3:    T:0.29365    C:0.19841    A:0.23810    G:0.26984
Average         T:0.24868    C:0.18519    A:0.33069    G:0.23545

#44: ThomsonGazelle 
position  1:    T:0.15873    C:0.19841    A:0.31746    G:0.32540
position  2:    T:0.29365    C:0.15873    A:0.43651    G:0.11111
position  3:    T:0.30159    C:0.19841    A:0.26190    G:0.23810
Average         T:0.25132    C:0.18519    A:0.33862    G:0.22487

#45: MuntiacusCrinifrons
position  1:    T:0.15873    C:0.19841    A:0.31746    G:0.32540
position  2:    T:0.29365    C:0.15873    A:0.43651    G:0.11111
position  3:    T:0.29365    C:0.19841    A:0.21429    G:0.29365
Average         T:0.24868    C:0.18519    A:0.32275    G:0.24339

#46: WhiteTailedDeer
position  1:    T:0.15079    C:0.20635    A:0.31746    G:0.32540
position  2:    T:0.29365    C:0.15873    A:0.43651    G:0.11111
position  3:    T:0.26984    C:0.20635    A:0.23810    G:0.28571
Average         T:0.23810    C:0.19048    A:0.33069    G:0.24074

#47: Cattle         
position  1:    T:0.16667    C:0.19048    A:0.31746    G:0.32540
position  2:    T:0.29365    C:0.15873    A:0.43651    G:0.11111
position  3:    T:0.32540    C:0.17460    A:0.25397    G:0.24603
Average         T:0.26190    C:0.17460    A:0.33598    G:0.22751

#48: RoyalAntelope  
position  1:    T:0.16667    C:0.19048    A:0.31746    G:0.32540
position  2:    T:0.29365    C:0.15873    A:0.43651    G:0.11111
position  3:    T:0.31746    C:0.18254    A:0.26984    G:0.23016
Average         T:0.25926    C:0.17725    A:0.34127    G:0.22222

#49: Steenbok       
position  1:    T:0.16667    C:0.19048    A:0.31746    G:0.32540
position  2:    T:0.29365    C:0.15873    A:0.43651    G:0.11111
position  3:    T:0.30952    C:0.19841    A:0.25397    G:0.23810
Average         T:0.25661    C:0.18254    A:0.33598    G:0.22487

#50: Impala         
position  1:    T:0.16667    C:0.19048    A:0.31746    G:0.32540
position  2:    T:0.29365    C:0.15873    A:0.43651    G:0.11111
position  3:    T:0.29365    C:0.21429    A:0.25397    G:0.23810
Average         T:0.25132    C:0.18783    A:0.33598    G:0.22487

#51: Klipspringer   
position  1:    T:0.16667    C:0.19048    A:0.31746    G:0.32540
position  2:    T:0.29365    C:0.15873    A:0.43651    G:0.11111
