1
52 1
Argali 0.000000 0.591000 0.481000 0.509200 0.194800 0.037000 0.214600 0.166900 0.224300 0.268000 0.037800 0.269300 0.145500 0.244400 0.196000 0.328300 0.183300 0.272900 0.056700 0.244000 0.239700 0.036800 0.214600 0.162700 0.075400 0.220800 0.145500 0.251300 0.192500 0.248500 0.287600 0.129900 0.379000 0.145500 0.168100 0.352000 0.058100 0.197700 0.239400 0.255000 0.238000 0.252600 0.268000 0.141900 0.241200 0.221500 0.273400 0.178700 0.177200 0.154900 0.292500 0.372900
LesserMous 0.591000 0.000000 0.887400 0.441100 0.436900 0.648400 0.577800 0.436500 0.707300 0.602100 0.504300 0.658500 0.633500 0.550800 0.514700 0.632600 0.639200 0.527100 0.619700 0.737200 0.510800 0.591000 0.506100 0.531500 0.562900 0.485600 0.633500 0.677900 0.544600 0.666700 0.666300 0.461700 0.545800 0.633500 0.632300 0.661700 0.480600 0.444400 0.556800 0.577000 0.536000 0.539500 0.602100 0.583100 0.626600 0.485900 0.554100 0.548300 0.461100 0.517500 0.750000 0.835200
LesserKudu 0.481000 0.887400 0.000000 0.679600 0.542200 0.528500 0.491800 0.495600 0.189500 0.648900 0.519300 0.532400 0.522500 0.405700 0.540300 0.467300 0.530600 0.626200 0.573800 0.207900 0.497800 0.549600 0.527400 0.539700 0.499700 0.378900 0.522500 0.169800 0.403700 0.166000 0.707800 0.462200 0.559100 0.522500 0.481400 0.639200 0.497700 0.550200 0.548500 0.573400 0.555200 0.420300 0.648900 0.510200 0.561400 0.379600 0.438000 0.523900 0.463200 0.495200 0.209400 0.281200
KillerWhal 0.509200 0.441100 0.679600 0.000000 0.487900 0.562100 0.545600 0.519100 0.535800 0.570500 0.434400 0.582000 0.445300 0.449000 0.387200 0.517600 0.456400 0.579900 0.535900 0.560500 0.485300 0.509200 0.343500 0.623500 0.419300 0.460800 0.445300 0.510700 0.517900 0.503500 0.596200 0.438200 0.353400 0.445300 0.443500 0.759600 0.480700 0.496400 0.381800 0.581600 0.368600 0.511400 0.570400 0.587700 0.669700 0.389100 0.525300 0.441000 0.437500 0.524000 0.566500 0.635400
DefassaWat 0.194800 0.436900 0.542200 0.487900 0.000000 0.237200 0.170000 0.102800 0.277200 0.174500 0.146500 0.227900 0.196700 0.150100 0.126900 0.231700 0.284800 0.203600 0.215900 0.298700 0.148200 0.194800 0.171200 0.265200 0.188300 0.127900 0.196700 0.256300 0.148400 0.253400 0.217000 0.085900 0.333000 0.196700 0.219700 0.310300 0.126500 0.000100 0.171600 0.262500 0.192700 0.107700 0.174500 0.242000 0.226700 0.128200 0.183200 0.133700 0.085700 0.159100 0.298700 0.381000
Sheep 0.037000 0.648400 0.528500 0.562100 0.237200 0.000000 0.256700 0.208000 0.264300 0.311600 0.075200 0.262300 0.186200 0.288000 0.238900 0.371300 0.223600 0.314000 0.094000 0.283700 0.282300 0.075500 0.256700 0.202500 0.112600 0.264200 0.186200 0.292300 0.234600 0.289000 0.330900 0.172500 0.422500 0.186200 0.209200 0.392600 0.096500 0.240700 0.282600 0.296600 0.280400 0.297400 0.311600 0.181700 0.280700 0.264900 0.265700 0.222300 0.220700 0.198500 0.333600 0.364300
MaxwellsDu 0.214600 0.577800 0.491800 0.545600 0.170000 0.256700 0.000000 0.191600 0.202700 0.270700 0.166200 0.321900 0.193100 0.193500 0.124900 0.225500 0.278500 0.200900 0.187900 0.222100 0.145700 0.167500 0.168300 0.260000 0.207700 0.171000 0.193100 0.229000 0.191200 0.226500 0.314700 0.084100 0.326100 0.193100 0.215400 0.355000 0.146500 0.172300 0.215300 0.257600 0.189300 0.199300 0.270700 0.237300 0.293900 0.171400 0.224700 0.179100 0.128800 0.206300 0.269900 0.296600
GazellaPrz 0.166900 0.436500 0.495600 0.519100 0.102800 0.208000 0.191600 0.000000 0.248200 0.245100 0.121500 0.247000 0.216800 0.171800 0.148400 0.253600 0.254700 0.224400 0.187100 0.267900 0.168400 0.166800 0.191700 0.233700 0.161800 0.149600 0.216800 0.228100 0.169900 0.225400 0.288600 0.107500 0.353500 0.216800 0.241100 0.328400 0.102000 0.104300 0.194200 0.232100 0.214500 0.176900 0.245100 0.211700 0.245600 0.149800 0.203500 0.132400 0.107200 0.132500 0.269200 0.347100
MountainNy 0.224300 0.707300 0.189500 0.535800 0.277200 0.264300 0.202700 0.248200 0.000000 0.386000 0.222400 0.326000 0.251000 0.183700 0.277500 0.259900 0.337300 0.300800 0.292500 0.017000 0.299900 0.271900 0.224800 0.267800 0.216600 0.207600 0.251000 0.017300 0.182500 0.017200 0.431200 0.168000 0.381700 0.251000 0.273600 0.358400 0.203300 0.281100 0.302100 0.313700 0.243800 0.237000 0.386000 0.246000 0.299400 0.208400 0.284000 0.291700 0.214800 0.267000 0.051400 0.106800
MuntiacusM 0.268000 0.602100 0.648900 0.570500 0.174500 0.311600 0.270700 0.245100 0.386000 0.000000 0.267400 0.327700 0.194900 0.250500 0.224600 0.232300 0.285700 0.302500 0.289600 0.407800 0.195100 0.268000 0.170400 0.212400 0.312200 0.226600 0.194900 0.364000 0.196600 0.359700 0.038900 0.182100 0.387400 0.194900 0.271100 0.415200 0.246900 0.176900 0.222100 0.261000 0.193000 0.205800 0.000000 0.190600 0.351400 0.227100 0.281300 0.183200 0.181800 0.211800 0.352400 0.439600
goat 0.037800 0.504300 0.519300 0.434400 0.146500 0.075200 0.166200 0.121500 0.222400 0.267400 0.000000 0.221000 0.144900 0.193300 0.147600 0.274700 0.229300 0.223300 0.056500 0.241800 0.189500 0.037800 0.166200 0.207600 0.035500 0.170800 0.144900 0.249300 0.191100 0.246400 0.287000 0.084000 0.375800 0.144900 0.167200 0.300400 0.018400 0.148700 0.189600 0.205600 0.188300 0.199200 0.267400 0.186200 0.195200 0.171200 0.223700 0.178100 0.128600 0.154600 0.290300 0.369500
AfricanBuf 0.269300 0.658500 0.532400 0.582000 0.227900 0.262300 0.321900 0.247000 0.326000 0.327700 0.221000 0.000000 0.249400 0.303100 0.278000 0.283000 0.336500 0.351200 0.289300 0.297000 0.248100 0.269300 0.322200 0.313200 0.261300 0.280000 0.249400 0.306200 0.299700 0.302800 0.370400 0.237800 0.378300 0.249400 0.273200 0.140700 0.248500 0.231100 0.275000 0.262200 0.346600 0.260300 0.327700 0.341600 0.126800 0.280500 0.149100 0.291100 0.189300 0.267400 0.347000 0.427300
Topi 0.145500 0.633500 0.522500 0.445300 0.196700 0.186200 0.193100 0.216800 0.251000 0.194900 0.144900 0.249400 0.000000 0.222100 0.197000 0.160300 0.162700 0.227000 0.165900 0.223700 0.169700 0.145500 0.145700 0.188500 0.186200 0.198500 0.000000 0.279500 0.170500 0.276300 0.237000 0.108300 0.301000 0.000000 0.060000 0.332300 0.170500 0.199600 0.244100 0.234600 0.167700 0.229600 0.194900 0.213900 0.321100 0.150200 0.229800 0.156500 0.108000 0.182600 0.321700 0.406500
CommonDuik 0.244400 0.550800 0.405700 0.449000 0.150100 0.288000 0.193500 0.171800 0.183700 0.250500 0.193300 0.303100 0.222100 0.000000 0.104800 0.253700 0.258700 0.228200 0.265900 0.203300 0.172100 0.244400 0.148200 0.291700 0.236200 0.104100 0.222100 0.163800 0.124900 0.161900 0.294700 0.108700 0.305400 0.222100 0.245300 0.389500 0.173100 0.152300 0.147000 0.289100 0.169300 0.129200 0.250500 0.268100 0.326400 0.150300 0.253600 0.158400 0.107700 0.185300 0.203800 0.277000
Suni 0.196000 0.514700 0.540300 0.387200 0.126900 0.238900 0.124900 0.148400 0.277500 0.224600 0.147600 0.278000 0.197000 0.104800 0.000000 0.232400 0.233700 0.251900 0.169300 0.297700 0.103600 0.148600 0.125400 0.265300 0.189600 0.128400 0.197000 0.256800 0.148900 0.253800 0.216600 0.086200 0.230700 0.197000 0.219600 0.363100 0.127400 0.128700 0.104300 0.263200 0.146200 0.155100 0.224600 0.242200 0.300800 0.128700 0.183900 0.133900 0.086000 0.159800 0.299100 0.326700
Springbuck 0.328300 0.632600 0.467300 0.517600 0.231700 0.371300 0.225500 0.253600 0.259900 0.232300 0.274700 0.283000 0.160300 0.253700 0.232400 0.000000 0.341500 0.306800 0.349500 0.233400 0.160600 0.328300 0.181800 0.271400 0.317400 0.231400 0.160300 0.240500 0.155200 0.238100 0.273400 0.191500 0.284300 0.160300 0.227200 0.363500 0.255300 0.234800 0.180900 0.221500 0.202000 0.261300 0.232300 0.298900 0.354300 0.184000 0.215300 0.243700 0.144100 0.273700 0.233600 0.304900
Okapi 0.183300 0.639200 0.530600 0.456400 0.284800 0.223600 0.278500 0.254700 0.337300 0.285700 0.229300 0.336500 0.162700 0.258700 0.233700 0.341500 0.000000 0.262200 0.250300 0.306700 0.207700 0.229900 0.184800 0.180800 0.271300 0.235900 0.162700 0.369000 0.256600 0.364100 0.328700 0.193700 0.289000 0.162700 0.138500 0.421200 0.258300 0.288800 0.281200 0.273300 0.205300 0.267100 0.285700 0.205000 0.412800 0.236600 0.288200 0.245200 0.193700 0.274400 0.412800 0.503700
Giraffe 0.272900 0.527100 0.626200 0.579900 0.203600 0.314000 0.200900 0.224400 0.300800 0.302500 0.223300 0.351200 0.227000 0.228200 0.251900 0.306800 0.262200 0.000000 0.245100 0.275100 0.225500 0.272900 0.201300 0.242900 0.264000 0.254000 0.227000 0.329700 0.225800 0.328500 0.345100 0.166200 0.355000 0.227000 0.249000 0.383500 0.204200 0.206400 0.298900 0.240500 0.220000 0.285500 0.302500 0.268900 0.349700 0.254700 0.304800 0.264200 0.165500 0.293800 0.371000 0.454600
TibetanAnt 0.056700 0.619700 0.573800 0.535900 0.215900 0.094000 0.187900 0.187100 0.292500 0.289600 0.056500 0.289300 0.165900 0.265900 0.169300 0.349500 0.250300 0.245100 0.000000 0.312700 0.211700 0.018500 0.235300 0.228700 0.093900 0.242100 0.165900 0.322200 0.262900 0.318600 0.309000 0.151000 0.401200 0.165900 0.188900 0.372200 0.077200 0.219000 0.260200 0.275500 0.259000 0.274900 0.289600 0.207100 0.260500 0.243000 0.245300 0.200300 0.198700 0.176300 0.365000 0.395000
Sitatunga 0.244000 0.737200 0.207900 0.560500 0.298700 0.283700 0.222100 0.267900 0.017000 0.407800 0.241800 0.297000 0.223700 0.203300 0.297700 0.233400 0.306700 0.275100 0.312700 0.000000 0.270300 0.292100 0.244400 0.240500 0.235500 0.227600 0.223700 0.034600 0.202100 0.034200 0.453100 0.188300 0.349800 0.223700 0.245600 0.329200 0.222800 0.303000 0.322600 0.284300 0.265200 0.257800 0.407800 0.265800 0.318200 0.228500 0.256300 0.313500 0.187800 0.288000 0.068600 0.124800
Oribi 0.239700 0.510800 0.497800 0.485300 0.148200 0.282300 0.145700 0.168400 0.299900 0.195100 0.189500 0.248100 0.169700 0.172100 0.103600 0.160600 0.207700 0.225500 0.211700 0.270300 0.000000 0.191000 0.145300 0.187400 0.231600 0.104100 0.169700 0.279000 0.170200 0.275800 0.237300 0.107600 0.251200 0.169700 0.146000 0.330400 0.169600 0.150300 0.146700 0.185700 0.167200 0.129400 0.195100 0.212800 0.319800 0.104400 0.116700 0.156200 0.062900 0.183300 0.270300 0.296800
BarbaryShe 0.036800 0.591000 0.549600 0.509200 0.194800 0.075500 0.167500 0.166800 0.271900 0.268000 0.037800 0.269300 0.145500 0.244400 0.148600 0.328300 0.229900 0.272900 0.018500 0.292100 0.191000 0.000000 0.214500 0.208300 0.075400 0.220700 0.145500 0.301100 0.241600 0.297700 0.287600 0.129900 0.379200 0.145500 0.168100 0.351900 0.058100 0.197600 0.239300 0.254900 0.238000 0.252600 0.268000 0.186800 0.241200 0.221500 0.225300 0.178600 0.177200 0.154900 0.343800 0.373100
Daviddeer 0.214600 0.506100 0.527400 0.343500 0.171200 0.256700 0.168300 0.191700 0.224800 0.170400 0.166200 0.322200 0.145700 0.148200 0.125400 0.181800 0.184800 0.201300 0.235300 0.244400 0.145300 0.214500 0.000000 0.163500 0.207700 0.173100 0.145700 0.252100 0.193600 0.249200 0.211900 0.085100 0.223900 0.145700 0.168000 0.355300 0.146500 0.173700 0.124000 0.162200 0.019100 0.201900 0.170400 0.142700 0.294300 0.126300 0.252700 0.180500 0.130300 0.208700 0.244500 0.319700
Reindeer 0.162700 0.531500 0.539700 0.623500 0.265200 0.202500 0.260000 0.233700 0.267800 0.212400 0.207600 0.313200 0.188500 0.291700 0.265300 0.271400 0.180800 0.242900 0.228700 0.240500 0.187400 0.208300 0.163500 0.000000 0.249100 0.267700 0.188500 0.296400 0.237500 0.293000 0.253800 0.174500 0.318300 0.188500 0.211900 0.296800 0.187900 0.269000 0.261700 0.115900 0.185400 0.302000 0.212400 0.057000 0.335800 0.268600 0.269100 0.225300 0.174100 0.201500 0.287200 0.365600
Ibex 0.075400 0.562900 0.499700 0.419300 0.188300 0.112600 0.207700 0.161800 0.216600 0.312200 0.035500 0.261300 0.186200 0.236200 0.189600 0.317400 0.271300 0.264000 0.093900 0.235500 0.231600 0.075400 0.207700 0.249100 0.000000 0.213500 0.186200 0.242500 0.233600 0.239800 0.331500 0.125700 0.421200 0.186200 0.209100 0.341000 0.056500 0.191000 0.231800 0.246800 0.230200 0.243500 0.312200 0.226900 0.234200 0.214000 0.264700 0.222400 0.171300 0.198600 0.282300 0.358800
GyrantGaze 0.220800 0.485600 0.378900 0.460800 0.127900 0.264200 0.171000 0.149600 0.207600 0.226600 0.170800 0.280000 0.198500 0.104100 0.128400 0.231400 0.235900 0.254000 0.242100 0.227600 0.104100 0.220700 0.173100 0.267700 0.213500 0.000000 0.198500 0.187400 0.148300 0.185100 0.270800 0.086400 0.336700 0.198500 0.171900 0.366000 0.150600 0.129700 0.171900 0.265600 0.194800 0.062600 0.226600 0.244300 0.303000 0.082200 0.183900 0.134900 0.085600 0.161100 0.182100 0.304400
Hartebeest 0.145500 0.633500 0.522500 0.445300 0.196700 0.186200 0.193100 0.216800 0.251000 0.194900 0.144900 0.249400 0.000000 0.222100 0.197000 0.160300 0.162700 0.227000 0.165900 0.223700 0.169700 0.145500 0.145700 0.188500 0.186200 0.198500 0.000000 0.279500 0.170500 0.276300 0.237000 0.108300 0.301000 0.000000 0.060000 0.332300 0.170500 0.199600 0.244100 0.234600 0.167700 0.229600 0.194900 0.213900 0.321100 0.150200 0.229800 0.156500 0.108000 0.182600 0.321700 0.406500
Bongo 0.251300 0.677900 0.169800 0.510700 0.256300 0.292300 0.229000 0.228100 0.017300 0.364000 0.249300 0.306200 0.279500 0.163800 0.256800 0.240500 0.369000 0.329700 0.322200 0.034600 0.279000 0.301100 0.252100 0.296400 0.242500 0.187400 0.279500 0.000000 0.162700 0.000100 0.409000 0.194400 0.360800 0.279500 0.302900 0.388700 0.229800 0.260000 0.281300 0.344700 0.271500 0.216000 0.364000 0.273800 0.328100 0.188000 0.264200 0.269900 0.193900 0.245500 0.034400 0.089100
Gerenuk 0.192500 0.544600 0.403700 0.517900 0.148400 0.234600 0.191200 0.169900 0.182500 0.196600 0.191100 0.299700 0.170500 0.124900 0.148900 0.155200 0.256600 0.225800 0.262900 0.202100 0.170200 0.241600 0.193600 0.237500 0.233600 0.148300 0.170500 0.162700 0.000000 0.160900 0.239100 0.107400 0.303300 0.170500 0.242400 0.385300 0.171100 0.150500 0.192100 0.286000 0.215200 0.175400 0.196600 0.215100 0.322600 0.148600 0.251000 0.156400 0.106400 0.182800 0.202600 0.275300
CommonElan 0.248500 0.666700 0.166000 0.503500 0.253400 0.289000 0.226500 0.225400 0.017200 0.359700 0.246400 0.302800 0.276300 0.161900 0.253800 0.238100 0.364100 0.328500 0.318600 0.034200 0.275800 0.297700 0.249200 0.293000 0.239800 0.185100 0.276300 0.000100 0.160900 0.000000 0.404000 0.192100 0.356700 0.276300 0.299500 0.384400 0.227100 0.257000 0.277800 0.340500 0.270300 0.213400 0.359700 0.270700 0.324500 0.185800 0.261100 0.266700 0.191600 0.242400 0.034200 0.088700
MuntiacusR 0.287600 0.666300 0.707800 0.596200 0.217000 0.330900 0.314700 0.288600 0.431200 0.038900 0.287000 0.370400 0.237000 0.294700 0.216600 0.273400 0.328700 0.345100 0.309000 0.453100 0.237300 0.287600 0.211900 0.253800 0.331500 0.270800 0.237000 0.409000 0.239100 0.404000 0.000000 0.226300 0.432900 0.237000 0.315300 0.458900 0.266700 0.220000 0.241800 0.253000 0.234800 0.250300 0.038900 0.231800 0.394500 0.271400 0.324000 0.227600 0.226000 0.257600 0.396000 0.486000
HarveysDui 0.129900 0.461700 0.462200 0.438200 0.085900 0.172500 0.084100 0.107500 0.168000 0.182100 0.084000 0.237800 0.108300 0.108700 0.086200 0.191500 0.193700 0.166200 0.151000 0.188300 0.107600 0.129900 0.085100 0.174500 0.125700 0.086400 0.108300 0.194400 0.107400 0.192100 0.226300 0.000000 0.292000 0.108300 0.130200 0.272700 0.063500 0.087100 0.130500 0.173000 0.106200 0.111900 0.182100 0.152200 0.211500 0.086700 0.189900 0.090700 0.043500 0.115800 0.236700 0.316000
Pronghorn 0.379000 0.545800 0.559100 0.353400 0.333000 0.422500 0.326100 0.353500 0.381700 0.387400 0.375800 0.378300 0.301000 0.305400 0.230700 0.284300 0.289000 0.355000 0.401200 0.349800 0.251200 0.379200 0.223900 0.318300 0.421200 0.336700 0.301000 0.360800 0.303300 0.356700 0.432900 0.292000 0.000000 0.301000 0.327100 0.410600 0.355800 0.337600 0.276400 0.314200 0.200100 0.373500 0.387400 0.295400 0.401900 0.282300 0.261400 0.350700 0.239900 0.385800 0.403800 0.433900
BlueWildeb 0.145500 0.633500 0.522500 0.445300 0.196700 0.186200 0.193100 0.216800 0.251000 0.194900 0.144900 0.249400 0.000000 0.222100 0.197000 0.160300 0.162700 0.227000 0.165900 0.223700 0.169700 0.145500 0.145700 0.188500 0.186200 0.198500 0.000000 0.279500 0.170500 0.276300 0.237000 0.108300 0.301000 0.000000 0.060000 0.332300 0.170500 0.199600 0.244100 0.234600 0.167700 0.229600 0.194900 0.213900 0.321100 0.150200 0.229800 0.156500 0.108000 0.182600 0.321700 0.406500
Gemsbok 0.168100 0.632300 0.481400 0.443500 0.219700 0.209200 0.215400 0.241100 0.273600 0.271100 0.167200 0.273200 0.060000 0.245300 0.219600 0.227200 0.138500 0.249000 0.188900 0.245600 0.146000 0.168100 0.168000 0.211900 0.209100 0.171900 0.060000 0.302900 0.242400 0.299500 0.315300 0.130200 0.327100 0.060000 0.000000 0.307400 0.193800 0.222800 0.267100 0.258900 0.189400 0.201100 0.271100 0.238200 0.295400 0.125600 0.203900 0.179400 0.129900 0.206200 0.345600 0.433400
Yak 0.352000 0.661700 0.639200 0.759600 0.310300 0.392600 0.355000 0.328400 0.358400 0.415200 0.300400 0.140700 0.332300 0.389500 0.363100 0.363500 0.421200 0.383500 0.372200 0.329200 0.330400 0.351900 0.355300 0.296800 0.341000 0.366000 0.332300 0.388700 0.385300 0.384400 0.458900 0.272700 0.410600 0.332300 0.307400 0.000000 0.281900 0.314500 0.358800 0.294500 0.380000 0.346800 0.415200 0.374800 0.084700 0.366800 0.265900 0.380100 0.272100 0.355700 0.430600 0.517200
BlueSheep 0.058100 0.480600 0.497700 0.480700 0.126500 0.096500 0.146500 0.102000 0.203300 0.246900 0.018400 0.248500 0.170500 0.173100 0.127400 0.255300 0.258300 0.204200 0.077200 0.222800 0.169600 0.058100 0.146500 0.187900 0.056500 0.150600 0.170500 0.229800 0.171100 0.227100 0.266700 0.063500 0.355800 0.170500 0.193800 0.281900 0.000000 0.128300 0.169900 0.186300 0.168500 0.178300 0.246900 0.166600 0.176900 0.150900 0.204700 0.157000 0.108000 0.133500 0.271000 0.349600
BohorReedb 0.197700 0.444400 0.550200 0.496400 0.000100 0.240700 0.172300 0.104300 0.281100 0.176900 0.148700 0.231100 0.199600 0.152300 0.128700 0.234800 0.288800 0.206400 0.219000 0.303000 0.150300 0.197600 0.173700 0.269000 0.191000 0.129700 0.199600 0.260000 0.150500 0.257000 0.220000 0.087100 0.337600 0.199600 0.222800 0.314500 0.128300 0.000000 0.174000 0.266300 0.195500 0.109300 0.176900 0.245400 0.229700 0.130100 0.185700 0.135700 0.086900 0.161600 0.302900 0.386700
KirksDik 0.239400 0.556800 0.548500 0.381800 0.171600 0.282600 0.215300 0.194200 0.302100 0.222100 0.189600 0.275000 0.244100 0.147000 0.104300 0.180900 0.281200 0.298900 0.260200 0.322600 0.146700 0.239300 0.124000 0.261700 0.231800 0.171900 0.244100 0.281300 0.192100 0.277800 0.241800 0.130500 0.276400 0.244100 0.267100 0.358800 0.169900 0.174000 0.000000 0.210600 0.144300 0.199900 0.222100 0.239000 0.297600 0.172100 0.226600 0.181000 0.129300 0.209900 0.272800 0.351900
RoeDeer 0.255000 0.577000 0.573400 0.581600 0.262500 0.296600 0.257600 0.232100 0.313700 0.261000 0.205600 0.262200 0.234600 0.289100 0.263200 0.221500 0.273300 0.240500 0.275500 0.284300 0.185700 0.254900 0.162200 0.115900 0.246800 0.265600 0.234600 0.344700 0.286000 0.340500 0.253000 0.173000 0.314200 0.234600 0.258900 0.294500 0.186300 0.266300 0.210600 0.000000 0.183700 0.298700 0.261000 0.137900 0.283500 0.266100 0.219400 0.276600 0.172600 0.252600 0.334200 0.416400
WhiteLippe 0.238000 0.536000 0.555200 0.368600 0.192700 0.280400 0.189300 0.214500 0.243800 0.193000 0.188300 0.346600 0.167700 0.169300 0.146200 0.202000 0.205300 0.220000 0.259000 0.265200 0.167200 0.238000 0.019100 0.185400 0.230200 0.194800 0.167700 0.271500 0.215200 0.270300 0.234800 0.106200 0.200100 0.167700 0.189400 0.380000 0.168500 0.195500 0.144300 0.183700 0.000000 0.224500 0.193000 0.164300 0.317900 0.147300 0.274000 0.203000 0.152000 0.232000 0.263300 0.339100
ThomsonGaz 0.252600 0.539500 0.420300 0.511400 0.107700 0.297400 0.199300 0.176900 0.237000 0.205800 0.199200 0.260300 0.229600 0.129200 0.155100 0.261300 0.267100 0.285500 0.274900 0.257800 0.129400 0.252600 0.201900 0.302000 0.243500 0.062600 0.229600 0.216000 0.175400 0.213400 0.250300 0.111900 0.373500 0.229600 0.201100 0.346800 0.178300 0.109300 0.199900 0.298700 0.224500 0.000000 0.205800 0.277200 0.283200 0.107600 0.164800 0.163500 0.110900 0.191300 0.258200 0.339200
MuntiacusC 0.268000 0.602100 0.648900 0.570400 0.174500 0.311600 0.270700 0.245100 0.386000 0.000000 0.267400 0.327700 0.194900 0.250500 0.224600 0.232300 0.285700 0.302500 0.289600 0.407800 0.195100 0.268000 0.170400 0.212400 0.312200 0.226600 0.194900 0.364000 0.196600 0.359700 0.038900 0.182100 0.387400 0.194900 0.271100 0.415200 0.246900 0.176900 0.222100 0.261000 0.193000 0.205800 0.000000 0.190600 0.351400 0.227100 0.281300 0.183200 0.181800 0.211800 0.352400 0.439600
WhiteTaile 0.141900 0.583100 0.510200 0.587700 0.242000 0.181700 0.237300 0.211700 0.246000 0.190600 0.186200 0.341600 0.213900 0.268100 0.242200 0.298900 0.205000 0.268900 0.207100 0.265800 0.212800 0.186800 0.142700 0.057000 0.226900 0.244300 0.213900 0.273800 0.215100 0.270700 0.231800 0.152200 0.295400 0.213900 0.238200 0.374800 0.166600 0.245400 0.239000 0.137900 0.164300 0.277200 0.190600 0.000000 0.313500 0.245100 0.296400 0.202100 0.200400 0.178500 0.265400 0.342100
Cattle 0.241200 0.626600 0.561400 0.669700 0.226700 0.280700 0.293900 0.245600 0.299400 0.351400 0.195200 0.126800 0.321100 0.326400 0.300800 0.354300 0.412800 0.349700 0.260500 0.318200 0.319800 0.241200 0.294300 0.335800 0.234200 0.303000 0.321100 0.328100 0.322600 0.324500 0.394500 0.211500 0.401900 0.321100 0.295400 0.084700 0.176900 0.229700 0.297600 0.283500 0.317900 0.283200 0.351400 0.313500 0.000000 0.303500 0.254200 0.314800 0.259800 0.290900 0.369300 0.451600
RoyalAntel 0.221500 0.485900 0.379600 0.389100 0.128200 0.264900 0.171400 0.149800 0.208400 0.227100 0.171200 0.280500 0.150200 0.150300 0.128700 0.184000 0.236600 0.254700 0.243000 0.228500 0.104400 0.221500 0.126300 0.268600 0.214000 0.082200 0.150200 0.188000 0.148600 0.185800 0.271400 0.086700 0.282300 0.150200 0.125600 0.366800 0.150900 0.130100 0.172100 0.266100 0.147300 0.107600 0.227100 0.245100 0.303500 0.000000 0.162400 0.135300 0.085800 0.161500 0.229000 0.305400
Steenbok 0.273400 0.554100 0.438000 0.525300 0.183200 0.265700 0.224700 0.203500 0.284000 0.281300 0.223700 0.149100 0.229800 0.253600 0.183900 0.215300 0.288200 0.304800 0.245300 0.256300 0.116700 0.225300 0.252700 0.269100 0.264700 0.183900 0.229800 0.264200 0.251000 0.261100 0.324000 0.189900 0.261400 0.229800 0.203900 0.265900 0.204700 0.185700 0.226600 0.219400 0.274000 0.164800 0.281300 0.296400 0.254200 0.162400 0.000000 0.241700 0.143800 0.218200 0.304900 0.331500
Impala 0.178700 0.548300 0.523900 0.441000 0.133700 0.222300 0.179100 0.132400 0.291700 0.183200 0.178100 0.291100 0.156500 0.158400 0.133900 0.243700 0.245200 0.264200 0.200300 0.313500 0.156200 0.178600 0.180500 0.225300 0.222400 0.134900 0.156500 0.269900 0.156400 0.266700 0.227600 0.090700 0.350700 0.156500 0.179400 0.380100 0.157000 0.135700 0.181000 0.276600 0.203000 0.163500 0.183200 0.202100 0.314800 0.135300 0.241700 0.000000 0.090400 0.116500 0.314200 0.401600
Klipspring 0.177200 0.461100 0.463200 0.437500 0.085700 0.220700 0.128800 0.107200 0.214800 0.181800 0.128600 0.189300 0.108000 0.107700 0.086000 0.144100 0.193700 0.165500 0.198700 0.187800 0.062900 0.177200 0.130300 0.174100 0.171300 0.085600 0.108000 0.193900 0.106400 0.191600 0.226000 0.043500 0.239900 0.108000 0.129900 0.272100 0.108000 0.086900 0.129300 0.172600 0.152000 0.110900 0.181800 0.200400 0.259800 0.085800 0.143800 0.090400 0.000000 0.115500 0.236200 0.315300
ForestMusk 0.154900 0.517500 0.495200 0.524000 0.159100 0.198500 0.206300 0.132500 0.267000 0.211800 0.154600 0.267400 0.182600 0.185300 0.159800 0.273700 0.274400 0.293800 0.176300 0.288000 0.183300 0.154900 0.208700 0.201500 0.198600 0.161100 0.182600 0.245500 0.182800 0.242400 0.257600 0.115800 0.385800 0.182600 0.206200 0.355700 0.133500 0.161600 0.209900 0.252600 0.232000 0.191300 0.211800 0.178500 0.290900 0.161500 0.218200 0.116500 0.115500 0.000000 0.290500 0.314500
Bushbuck 0.292500 0.750000 0.209400 0.566500 0.298700 0.333600 0.269900 0.269200 0.051400 0.352400 0.290300 0.347000 0.321700 0.203800 0.299100 0.233600 0.412800 0.371000 0.365000 0.068600 0.270300 0.343800 0.244500 0.287200 0.282300 0.182100 0.321700 0.034400 0.202600 0.034200 0.396000 0.236700 0.403800 0.321700 0.345600 0.430600 0.271000 0.302900 0.272800 0.334200 0.263300 0.258200 0.352400 0.265400 0.369300 0.229000 0.304900 0.314200 0.236200 0.290500 0.000000 0.086700
GreaterKud 0.372900 0.835200 0.281200 0.635400 0.381000 0.364300 0.296600 0.347100 0.106800 0.439600 0.369500 0.427300 0.406500 0.277000 0.326700 0.304900 0.503700 0.454600 0.395000 0.124800 0.296800 0.373100 0.319700 0.365600 0.358800 0.304400 0.406500 0.089100 0.275300 0.088700 0.486000 0.316000 0.433900 0.406500 0.433400 0.517200 0.349600 0.386700 0.351900 0.416400 0.339100 0.339200 0.439600 0.342100 0.451600 0.305400 0.331500 0.401600 0.315300 0.314500 0.086700 0.000000
