1
52 1
Argali 0.000000 0.251400 0.073000 0.300400 0.048800 0.003700 0.057500 0.069600 0.061100 0.107500 0.029800 0.056800 0.057200 0.073100 0.052800 0.053600 0.089100 0.077100 0.033800 0.060800 0.065400 0.026200 0.069500 0.085300 0.026100 0.066000 0.061200 0.057200 0.045500 0.057000 0.116400 0.053300 0.124600 0.057200 0.049100 0.041300 0.022200 0.037300 0.074100 0.057400 0.057600 0.053700 0.115900 0.094100 0.049100 0.080700 0.077000 0.052900 0.077100 0.064900 0.076800 0.069000
LesserMous 0.251400 0.000000 0.277700 0.278000 0.269500 0.245900 0.243500 0.254900 0.262800 0.230700 0.246800 0.251000 0.257400 0.252800 0.250500 0.249100 0.246600 0.246800 0.243000 0.261800 0.258900 0.238100 0.228600 0.266100 0.237200 0.266800 0.263100 0.258100 0.238100 0.257100 0.235700 0.242000 0.261600 0.257400 0.240600 0.245800 0.231900 0.244400 0.270300 0.247600 0.233600 0.249900 0.235500 0.273300 0.246700 0.273900 0.257900 0.256700 0.278600 0.247100 0.272400 0.273200
LesserKudu 0.073000 0.277700 0.000000 0.271800 0.068600 0.068900 0.069800 0.078000 0.026200 0.107800 0.061200 0.057100 0.069300 0.085600 0.072700 0.065800 0.106200 0.085600 0.053500 0.018500 0.073800 0.053600 0.077800 0.093700 0.061300 0.078500 0.073500 0.022400 0.057600 0.022400 0.125300 0.065400 0.133300 0.069300 0.061100 0.049200 0.057400 0.056800 0.095100 0.065500 0.073700 0.066000 0.116200 0.102700 0.049400 0.093300 0.089600 0.069000 0.085500 0.077200 0.033700 0.026200
KillerWhal 0.300400 0.278000 0.271800 0.000000 0.283500 0.294700 0.277800 0.282500 0.266300 0.285400 0.285200 0.278700 0.286300 0.271500 0.273900 0.267700 0.282400 0.261200 0.266100 0.265400 0.280800 0.276600 0.252700 0.285000 0.280800 0.295300 0.291900 0.261700 0.266700 0.260700 0.295600 0.261400 0.320400 0.286300 0.255100 0.268400 0.281200 0.273000 0.326400 0.256400 0.257300 0.278500 0.295500 0.291900 0.259500 0.287500 0.281300 0.280000 0.285600 0.260500 0.280800 0.276400
DefassaWat 0.048800 0.269500 0.068600 0.283500 0.000000 0.044900 0.053200 0.065100 0.056700 0.102400 0.045000 0.052600 0.052900 0.068600 0.048600 0.049300 0.092800 0.064700 0.037500 0.056500 0.061000 0.037500 0.073100 0.080700 0.045100 0.061500 0.056900 0.052900 0.041400 0.052700 0.111200 0.049000 0.123600 0.052900 0.044900 0.037200 0.041300 0.018300 0.077600 0.053100 0.061100 0.049400 0.110700 0.089300 0.045000 0.075700 0.072500 0.052600 0.072600 0.060500 0.072300 0.064600
Sheep 0.003700 0.245900 0.068900 0.294700 0.044900 0.000000 0.053500 0.065400 0.057000 0.103100 0.025800 0.052900 0.053200 0.069000 0.048800 0.049500 0.084900 0.073000 0.030000 0.056800 0.061300 0.022400 0.065400 0.081100 0.022300 0.061800 0.057200 0.053200 0.041600 0.053000 0.111900 0.049300 0.120100 0.053200 0.045100 0.037400 0.018400 0.033400 0.070000 0.053400 0.053500 0.049700 0.111400 0.089800 0.045200 0.076500 0.072900 0.048900 0.072900 0.060900 0.072700 0.064900
MaxwellsDu 0.057500 0.243500 0.069800 0.277800 0.053200 0.053500 0.000000 0.050100 0.057700 0.100200 0.045800 0.044400 0.053800 0.038100 0.057300 0.042100 0.094200 0.073800 0.038100 0.057500 0.053900 0.038200 0.070300 0.078000 0.045900 0.054400 0.057900 0.053800 0.034200 0.053600 0.104800 0.011200 0.104000 0.053800 0.045700 0.045600 0.042000 0.041500 0.062600 0.057900 0.066200 0.042300 0.091800 0.078500 0.045800 0.068700 0.065600 0.053600 0.065600 0.069600 0.073600 0.065800
GazellaPrz 0.069600 0.254900 0.078000 0.282500 0.065100 0.065400 0.050100 0.000000 0.065800 0.100000 0.057600 0.040400 0.065800 0.065700 0.069200 0.045900 0.106800 0.086100 0.049900 0.065600 0.053700 0.050000 0.078300 0.086000 0.057800 0.058400 0.070000 0.057900 0.038100 0.061700 0.108900 0.053800 0.117200 0.065800 0.057500 0.041600 0.053900 0.053200 0.066600 0.057900 0.074100 0.045400 0.100000 0.094900 0.041700 0.077500 0.069500 0.065500 0.065400 0.073700 0.081900 0.073900
MountainNy 0.061100 0.262800 0.026200 0.266300 0.056700 0.057000 0.057700 0.065800 0.000000 0.095200 0.049300 0.045400 0.057400 0.073400 0.060800 0.053800 0.093700 0.073400 0.041700 0.014600 0.061700 0.041800 0.065800 0.081500 0.049500 0.066200 0.061400 0.011100 0.045700 0.011100 0.112500 0.053500 0.120700 0.057400 0.049300 0.037600 0.045600 0.045100 0.082600 0.053600 0.061700 0.053900 0.103600 0.090300 0.037700 0.072700 0.077400 0.056900 0.073300 0.065100 0.029800 0.022400
MuntiacusM 0.107500 0.230700 0.107800 0.285400 0.102400 0.103100 0.100200 0.100000 0.095200 0.000000 0.095000 0.090300 0.103700 0.116500 0.107000 0.095800 0.116500 0.095400 0.087000 0.094900 0.091400 0.087200 0.058800 0.082800 0.095200 0.109500 0.108200 0.091200 0.087100 0.090800 0.015500 0.095400 0.135800 0.103700 0.094800 0.082000 0.082700 0.089900 0.127100 0.062500 0.062800 0.096200 0.007700 0.091800 0.082300 0.116300 0.120700 0.094900 0.111900 0.086800 0.111900 0.103600
goat 0.029800 0.246800 0.061200 0.285200 0.045000 0.025800 0.045800 0.057600 0.049300 0.095000 0.000000 0.045200 0.045500 0.061200 0.041200 0.041900 0.085000 0.069100 0.026200 0.049200 0.053600 0.011200 0.057600 0.081200 0.011100 0.054000 0.049500 0.045500 0.034000 0.045300 0.112200 0.041700 0.103400 0.045500 0.037600 0.037500 0.014700 0.033500 0.070100 0.053500 0.053600 0.042000 0.103300 0.090000 0.037600 0.068500 0.065100 0.037500 0.057300 0.061000 0.064900 0.057200
AfricanBuf 0.056800 0.251000 0.057100 0.278700 0.052600 0.052900 0.044400 0.040400 0.045400 0.090300 0.045200 0.000000 0.053200 0.068000 0.056600 0.048700 0.081000 0.061100 0.037700 0.045200 0.056400 0.037700 0.061300 0.068900 0.045300 0.061100 0.057200 0.037700 0.039800 0.041400 0.099000 0.048500 0.107200 0.053200 0.045200 0.014700 0.041500 0.041000 0.069200 0.049300 0.057300 0.048800 0.090300 0.077400 0.014800 0.075000 0.072300 0.052900 0.059200 0.060900 0.060900 0.053200
Topi 0.057200 0.257400 0.069300 0.286300 0.052900 0.053200 0.053800 0.065800 0.057400 0.103700 0.045500 0.053200 0.000000 0.069400 0.056900 0.049800 0.097800 0.077400 0.037900 0.057200 0.061700 0.038000 0.073900 0.089700 0.045600 0.062200 0.003700 0.053500 0.041800 0.053300 0.121200 0.049600 0.124700 0.000000 0.030100 0.045300 0.041800 0.041200 0.078600 0.057400 0.069800 0.050000 0.112100 0.098600 0.045500 0.068700 0.073400 0.053200 0.073400 0.069100 0.069200 0.065300
CommonDuik 0.073100 0.252800 0.085600 0.271500 0.068600 0.069000 0.038100 0.065700 0.073400 0.116500 0.061200 0.068000 0.069400 0.000000 0.072800 0.057600 0.102000 0.081500 0.053500 0.073100 0.069500 0.053600 0.078000 0.102000 0.061300 0.070100 0.073500 0.069400 0.049600 0.069200 0.129800 0.033900 0.133300 0.069400 0.061100 0.061000 0.057500 0.056800 0.086500 0.073600 0.082000 0.057800 0.116500 0.102700 0.061200 0.084800 0.073200 0.069100 0.081300 0.077200 0.089400 0.081400
Suni 0.052800 0.250500 0.072700 0.273900 0.048600 0.048800 0.057300 0.069200 0.060800 0.107000 0.041200 0.056600 0.056900 0.072800 0.000000 0.053300 0.104400 0.083900 0.041400 0.060600 0.065100 0.033800 0.069300 0.088900 0.041300 0.065700 0.060900 0.056900 0.045300 0.056700 0.124400 0.053100 0.119800 0.056900 0.048900 0.048800 0.037500 0.044700 0.077800 0.065000 0.065200 0.053500 0.115400 0.097700 0.041300 0.079800 0.076700 0.056600 0.076700 0.072500 0.076500 0.068700
Springbuck 0.053600 0.249100 0.065800 0.267700 0.049300 0.049500 0.042100 0.045900 0.053800 0.095800 0.041900 0.048700 0.049800 0.057600 0.053300 0.000000 0.090100 0.069800 0.026500 0.053600 0.042000 0.034300 0.066200 0.082000 0.042000 0.034500 0.053900 0.049900 0.015000 0.049700 0.113200 0.038000 0.116800 0.049800 0.034000 0.041700 0.038100 0.037600 0.058300 0.053900 0.062100 0.022800 0.104200 0.090800 0.041800 0.056500 0.045700 0.049600 0.053600 0.065500 0.069600 0.061700
Okapi 0.089100 0.246600 0.106200 0.282400 0.092800 0.084900 0.094200 0.106800 0.093700 0.116500 0.085000 0.081000 0.097800 0.102000 0.104400 0.090100 0.000000 0.033700 0.073300 0.093300 0.102400 0.073400 0.078100 0.098100 0.073100 0.103300 0.102100 0.089600 0.081600 0.089300 0.130000 0.081500 0.133400 0.097800 0.081000 0.069000 0.077300 0.080500 0.120400 0.077700 0.078000 0.090300 0.125000 0.107200 0.073200 0.101400 0.114400 0.085000 0.117900 0.093600 0.110100 0.102000
Giraffe 0.077100 0.246800 0.085600 0.261200 0.064700 0.073000 0.073800 0.086100 0.073400 0.095400 0.069100 0.061100 0.077400 0.081500 0.083900 0.069800 0.033700 0.000000 0.061400 0.073100 0.081800 0.061500 0.058000 0.077700 0.069300 0.082500 0.081600 0.069400 0.061500 0.069200 0.108500 0.061500 0.120400 0.077400 0.069000 0.049300 0.065400 0.060700 0.099200 0.057700 0.057900 0.069900 0.103700 0.086400 0.053300 0.088900 0.093700 0.069100 0.097000 0.073300 0.089400 0.081400
TibetanAnt 0.033800 0.243000 0.053500 0.266100 0.037500 0.030000 0.038100 0.049900 0.041700 0.087000 0.026200 0.037700 0.037900 0.053500 0.041400 0.026500 0.073300 0.061400 0.000000 0.041600 0.045900 0.015000 0.057900 0.073000 0.022500 0.046300 0.041800 0.037900 0.026400 0.037800 0.104100 0.034100 0.103800 0.037900 0.030000 0.030000 0.018700 0.026000 0.062300 0.045800 0.053900 0.034300 0.095300 0.081700 0.030100 0.060300 0.057400 0.033800 0.057400 0.053300 0.057300 0.049500
Sitatunga 0.060800 0.261800 0.018500 0.265400 0.056500 0.056800 0.057500 0.065600 0.014600 0.094900 0.049200 0.045200 0.057200 0.073100 0.060600 0.053600 0.093300 0.073100 0.041600 0.000000 0.061500 0.041700 0.065600 0.081200 0.049300 0.066000 0.061200 0.011100 0.045600 0.011100 0.112000 0.053300 0.120300 0.057200 0.049100 0.037400 0.045400 0.044900 0.082300 0.053400 0.061500 0.053700 0.103100 0.089900 0.037600 0.080600 0.077100 0.056700 0.073100 0.064900 0.021900 0.014800
Oribi 0.065400 0.258900 0.073800 0.280800 0.061000 0.061300 0.053900 0.053700 0.061700 0.091400 0.053600 0.056400 0.061700 0.069500 0.065100 0.042000 0.102400 0.081800 0.045900 0.061500 0.000000 0.046000 0.070000 0.085700 0.053700 0.046200 0.065800 0.057800 0.034100 0.057600 0.100200 0.049700 0.129700 0.061700 0.053500 0.049300 0.049800 0.049200 0.066300 0.057700 0.065900 0.034400 0.099800 0.094600 0.049500 0.072700 0.065400 0.053500 0.057500 0.077500 0.077600 0.069700
BarbaryShe 0.026200 0.238100 0.053600 0.276600 0.037500 0.022400 0.038200 0.050000 0.041800 0.087200 0.011200 0.037700 0.038000 0.053600 0.033800 0.034300 0.073400 0.061500 0.015000 0.041700 0.046000 0.000000 0.050000 0.073600 0.007500 0.046400 0.041900 0.038000 0.026500 0.037800 0.104300 0.034100 0.104000 0.038000 0.030100 0.030000 0.011200 0.026100 0.062500 0.045900 0.046000 0.034400 0.095500 0.082300 0.030100 0.060700 0.057500 0.033900 0.049700 0.053400 0.057400 0.049600
Daviddeer 0.069500 0.228600 0.077800 0.252700 0.073100 0.065400 0.070300 0.078300 0.065800 0.058800 0.057600 0.061300 0.073900 0.078000 0.069300 0.066200 0.078100 0.058000 0.057900 0.065600 0.070000 0.050000 0.000000 0.053900 0.057800 0.079000 0.078100 0.061900 0.057900 0.061700 0.075300 0.065900 0.108300 0.073900 0.065500 0.053400 0.053900 0.061100 0.095800 0.034300 0.019000 0.066400 0.066900 0.062300 0.053500 0.085200 0.090200 0.073600 0.081800 0.073500 0.081900 0.073900
Reindeer 0.085300 0.266100 0.093700 0.285000 0.080700 0.081100 0.078000 0.086000 0.081500 0.082800 0.081200 0.068900 0.089700 0.102000 0.088900 0.082000 0.098100 0.077700 0.073000 0.081200 0.085700 0.073600 0.053900 0.000000 0.081400 0.095000 0.094000 0.077500 0.073600 0.077300 0.083200 0.081500 0.112000 0.089700 0.081100 0.060900 0.077500 0.068600 0.094800 0.041900 0.049900 0.082200 0.082800 0.014900 0.069000 0.101600 0.106100 0.089300 0.097700 0.077300 0.097700 0.089700
Ibex 0.026100 0.237200 0.061300 0.280800 0.045100 0.022300 0.045900 0.057800 0.049500 0.095200 0.011100 0.045300 0.045600 0.061300 0.041300 0.042000 0.073100 0.069300 0.022500 0.049300 0.053700 0.007500 0.057800 0.081400 0.000000 0.054200 0.049600 0.045600 0.034100 0.045400 0.112500 0.041800 0.112200 0.045600 0.037600 0.037600 0.011000 0.033600 0.070300 0.053600 0.053800 0.042100 0.103600 0.090200 0.037700 0.068700 0.065300 0.041400 0.057400 0.061100 0.065100 0.057300
GyrantGaze 0.066000 0.266800 0.078500 0.295300 0.061500 0.061800 0.054400 0.058400 0.066200 0.109500 0.054000 0.061100 0.062200 0.070100 0.065700 0.034500 0.103300 0.082500 0.046300 0.066000 0.046200 0.046400 0.079000 0.095000 0.054200 0.000000 0.066400 0.062300 0.026600 0.062000 0.118600 0.050200 0.117700 0.062200 0.053900 0.053800 0.050200 0.049600 0.066900 0.066400 0.074800 0.019100 0.118000 0.104100 0.054000 0.065000 0.065900 0.061900 0.066100 0.078200 0.082400 0.070300
Hartebeest 0.061200 0.263100 0.073500 0.291900 0.056900 0.057200 0.057900 0.070000 0.061400 0.108200 0.049500 0.057200 0.003700 0.073500 0.060900 0.053900 0.102100 0.081600 0.041800 0.061200 0.065800 0.041900 0.078100 0.094000 0.049600 0.066400 0.000000 0.057500 0.045800 0.057300 0.125700 0.053600 0.129300 0.003700 0.033900 0.049300 0.045700 0.045200 0.082800 0.061500 0.074000 0.054000 0.116600 0.103000 0.049400 0.072900 0.077500 0.057200 0.077500 0.073300 0.073300 0.069400
Bongo 0.057200 0.258100 0.022400 0.261700 0.052900 0.053200 0.053800 0.057900 0.011100 0.091200 0.045500 0.037700 0.053500 0.069400 0.056900 0.049900 0.089600 0.069400 0.037900 0.011100 0.057800 0.038000 0.061900 0.077500 0.045600 0.062300 0.057500 0.000000 0.041900 0.007400 0.108300 0.049600 0.116600 0.053500 0.045400 0.030000 0.041800 0.041300 0.078600 0.049700 0.057800 0.050000 0.099500 0.086300 0.030100 0.076800 0.073400 0.053200 0.065400 0.061200 0.026100 0.018600
Gerenuk 0.045500 0.238100 0.057600 0.266700 0.041400 0.041600 0.034200 0.038100 0.045700 0.087100 0.034000 0.039800 0.041800 0.049600 0.045300 0.015000 0.081600 0.061500 0.026400 0.045600 0.034100 0.026500 0.057900 0.073600 0.034100 0.026600 0.045800 0.041900 0.000000 0.037900 0.104300 0.030200 0.107900 0.041800 0.033900 0.033900 0.030200 0.029900 0.050200 0.045900 0.053900 0.015000 0.095400 0.082200 0.034000 0.049800 0.045500 0.037800 0.053500 0.057400 0.061400 0.053600
CommonElan 0.057000 0.257100 0.022400 0.260700 0.052700 0.053000 0.053600 0.061700 0.011100 0.090800 0.045300 0.041400 0.053300 0.069200 0.056700 0.049700 0.089300 0.069200 0.037800 0.011100 0.057600 0.037800 0.061700 0.077300 0.045400 0.062000 0.057300 0.007400 0.037900 0.000000 0.107900 0.049500 0.116100 0.053300 0.045300 0.033700 0.041600 0.041100 0.078300 0.049600 0.057600 0.049800 0.099100 0.085900 0.033800 0.076500 0.073200 0.045300 0.069200 0.061000 0.026100 0.018600
MuntiacusR 0.116400 0.235700 0.125300 0.295600 0.111200 0.111900 0.104800 0.108900 0.112500 0.015500 0.112200 0.099000 0.121200 0.129800 0.124400 0.113200 0.130000 0.108500 0.104100 0.112000 0.100200 0.104300 0.075300 0.083200 0.112500 0.118600 0.125700 0.108300 0.104300 0.107900 0.000000 0.108300 0.135800 0.121200 0.111900 0.090500 0.099600 0.098600 0.136500 0.070900 0.071300 0.105100 0.015500 0.088000 0.099100 0.129900 0.138500 0.112100 0.121000 0.095500 0.129400 0.121100
HarveysDui 0.053300 0.242000 0.065400 0.261400 0.049000 0.049300 0.011200 0.053800 0.053500 0.095400 0.041700 0.048500 0.049600 0.033900 0.053100 0.038000 0.081500 0.061500 0.034100 0.053300 0.049700 0.034100 0.065900 0.081500 0.041800 0.050200 0.053600 0.049600 0.030200 0.049500 0.108300 0.000000 0.111900 0.049600 0.041600 0.041500 0.037900 0.037500 0.066200 0.053700 0.061800 0.038200 0.095400 0.082100 0.041700 0.064400 0.061300 0.041600 0.061300 0.065200 0.069200 0.061400
Pronghorn 0.124600 0.261600 0.133300 0.320400 0.123600 0.120100 0.104000 0.117200 0.120700 0.135800 0.103400 0.107200 0.124700 0.133300 0.119800 0.116800 0.133400 0.120400 0.103800 0.120300 0.129700 0.104000 0.108300 0.112000 0.112200 0.117700 0.129300 0.116600 0.107900 0.116100 0.135800 0.111900 0.000000 0.124700 0.115400 0.107200 0.108000 0.110800 0.135500 0.103600 0.104000 0.117200 0.135800 0.125700 0.107600 0.133700 0.141800 0.120200 0.142100 0.120500 0.137900 0.120600
BlueWildeb 0.057200 0.257400 0.069300 0.286300 0.052900 0.053200 0.053800 0.065800 0.057400 0.103700 0.045500 0.053200 0.000000 0.069400 0.056900 0.049800 0.097800 0.077400 0.037900 0.057200 0.061700 0.038000 0.073900 0.089700 0.045600 0.062200 0.003700 0.053500 0.041800 0.053300 0.121200 0.049600 0.124700 0.000000 0.030100 0.045300 0.041800 0.041200 0.078600 0.057400 0.069800 0.050000 0.112100 0.098600 0.045500 0.068700 0.073400 0.053200 0.073400 0.069100 0.069200 0.065300
Gemsbok 0.049100 0.240600 0.061100 0.255100 0.044900 0.045100 0.045700 0.057500 0.049300 0.094800 0.037600 0.045200 0.030100 0.061100 0.048900 0.034000 0.081000 0.069000 0.030000 0.049100 0.053500 0.030100 0.065500 0.081100 0.037600 0.053900 0.033900 0.045400 0.033900 0.045300 0.111900 0.041600 0.115400 0.030100 0.000000 0.037400 0.033800 0.033400 0.070000 0.053400 0.061500 0.041900 0.103000 0.089900 0.037500 0.068200 0.057100 0.045200 0.057100 0.057000 0.064900 0.057100
Yak 0.041300 0.245800 0.049200 0.268400 0.037200 0.037400 0.045600 0.041600 0.037600 0.082000 0.037500 0.014700 0.045300 0.061000 0.048800 0.041700 0.069000 0.049300 0.030000 0.037400 0.049300 0.030000 0.053400 0.060900 0.037600 0.053800 0.049300 0.030000 0.033900 0.033700 0.090500 0.041500 0.107200 0.045300 0.037400 0.000000 0.033800 0.025900 0.069900 0.033800 0.041600 0.041800 0.090100 0.069300 0.007400 0.068200 0.064900 0.045000 0.053000 0.045200 0.052800 0.045300
BlueSheep 0.022200 0.231900 0.057400 0.281200 0.041300 0.018400 0.042000 0.053900 0.045600 0.082700 0.014700 0.041500 0.041800 0.057500 0.037500 0.038100 0.077300 0.065400 0.018700 0.045400 0.049800 0.011200 0.053900 0.077500 0.011000 0.050200 0.045700 0.041800 0.030200 0.041600 0.099600 0.037900 0.108000 0.041800 0.033800 0.033800 0.000000 0.029800 0.066400 0.049700 0.049900 0.038200 0.090900 0.086200 0.033900 0.064700 0.061400 0.037600 0.061400 0.057200 0.061200 0.053400
BohorReedb 0.037300 0.244400 0.056800 0.273000 0.018300 0.033400 0.041500 0.053200 0.045100 0.089900 0.033500 0.041000 0.041200 0.056800 0.044700 0.037600 0.080500 0.060700 0.026000 0.044900 0.049200 0.026100 0.061100 0.068600 0.033600 0.049600 0.045200 0.041300 0.029900 0.041100 0.098600 0.037500 0.110800 0.041200 0.033400 0.025900 0.029800 0.000000 0.065500 0.041400 0.049300 0.037700 0.098100 0.077100 0.033500 0.063800 0.060600 0.041100 0.052900 0.048800 0.060500 0.052800
KirksDik 0.074100 0.270300 0.095100 0.326400 0.077600 0.070000 0.062600 0.066600 0.082600 0.127100 0.070100 0.069200 0.078600 0.086500 0.077800 0.058300 0.120400 0.099200 0.062300 0.082300 0.066300 0.062500 0.095800 0.094800 0.070300 0.066900 0.082800 0.078600 0.050200 0.078300 0.136500 0.066200 0.135500 0.078600 0.070000 0.069900 0.066400 0.065500 0.000000 0.082800 0.091500 0.054500 0.127100 0.095500 0.070100 0.094200 0.082200 0.078100 0.090700 0.094700 0.099000 0.090900
RoeDeer 0.057400 0.247600 0.065500 0.256400 0.053100 0.053400 0.057900 0.057900 0.053600 0.062500 0.053500 0.049300 0.057400 0.073600 0.065000 0.053900 0.077700 0.057700 0.045800 0.053400 0.057700 0.045900 0.034300 0.041900 0.053600 0.066400 0.061500 0.049700 0.045900 0.049600 0.070900 0.053700 0.103600 0.057400 0.053400 0.033800 0.049700 0.041400 0.082800 0.000000 0.030400 0.054100 0.070600 0.050000 0.041600 0.077200 0.077600 0.061300 0.069400 0.061400 0.065400 0.061500
WhiteLippe 0.057600 0.233600 0.073700 0.257300 0.061100 0.053500 0.066200 0.074100 0.061700 0.062800 0.053600 0.057300 0.069800 0.082000 0.065200 0.062100 0.078000 0.057900 0.053900 0.061500 0.065900 0.046000 0.019000 0.049900 0.053800 0.074800 0.074000 0.057800 0.053900 0.057600 0.071300 0.061800 0.104000 0.069800 0.061500 0.041600 0.049900 0.049300 0.091500 0.030400 0.000000 0.062300 0.070900 0.058200 0.049500 0.081100 0.077900 0.069400 0.077700 0.061500 0.077700 0.069800
ThomsonGaz 0.053700 0.249900 0.066000 0.278500 0.049400 0.049700 0.042300 0.045400 0.053900 0.096200 0.042000 0.048800 0.050000 0.057800 0.053500 0.022800 0.090300 0.069900 0.034300 0.053700 0.034400 0.034400 0.066400 0.082200 0.042100 0.019100 0.054000 0.050000 0.015000 0.049800 0.105100 0.038200 0.117200 0.050000 0.041900 0.041800 0.038200 0.037700 0.054500 0.054100 0.062300 0.000000 0.104600 0.091100 0.042000 0.052600 0.053700 0.049700 0.053800 0.065700 0.069800 0.061900
MuntiacusC 0.115900 0.235500 0.116200 0.295500 0.110700 0.111400 0.091800 0.100000 0.103600 0.007700 0.103300 0.090300 0.112100 0.116500 0.115400 0.104200 0.125000 0.103700 0.095300 0.103100 0.099800 0.095500 0.066900 0.082800 0.103600 0.118000 0.116600 0.099500 0.095400 0.099100 0.015500 0.095400 0.135800 0.112100 0.103000 0.090100 0.090900 0.098100 0.127100 0.070600 0.070900 0.104600 0.000000 0.091800 0.090400 0.125000 0.129200 0.103200 0.120400 0.095000 0.120300 0.112000
WhiteTaile 0.094100 0.273300 0.102700 0.291900 0.089300 0.089800 0.078500 0.094900 0.090300 0.091800 0.090000 0.077400 0.098600 0.102700 0.097700 0.090800 0.107200 0.086400 0.081700 0.089900 0.094600 0.082300 0.062300 0.014900 0.090200 0.104100 0.103000 0.086300 0.082200 0.085900 0.088000 0.082100 0.125700 0.098600 0.089900 0.069300 0.086200 0.077100 0.095500 0.050000 0.058200 0.091100 0.091800 0.000000 0.077500 0.110800 0.115300 0.098100 0.106700 0.086000 0.106700 0.098600
Cattle 0.049100 0.246700 0.049400 0.259500 0.045000 0.045200 0.045800 0.041700 0.037700 0.082300 0.037600 0.014800 0.045500 0.061200 0.041300 0.041800 0.073200 0.053300 0.030100 0.037600 0.049500 0.030100 0.053500 0.069000 0.037700 0.054000 0.049400 0.030100 0.034000 0.033800 0.099100 0.041700 0.107600 0.045500 0.037500 0.007400 0.033900 0.033500 0.070100 0.041600 0.049500 0.042000 0.090400 0.077500 0.000000 0.068300 0.065100 0.045300 0.053100 0.053100 0.053100 0.045500
RoyalAntel 0.080700 0.273900 0.093300 0.287500 0.075700 0.076500 0.068700 0.077500 0.072700 0.116300 0.068500 0.075000 0.068700 0.084800 0.079800 0.056500 0.101400 0.088900 0.060300 0.080600 0.072700 0.060700 0.085200 0.101600 0.068700 0.065000 0.072900 0.076800 0.049800 0.076500 0.129900 0.064400 0.133700 0.068700 0.068200 0.068200 0.064700 0.063800 0.094200 0.077200 0.081100 0.052600 0.125000 0.110800 0.068300 0.000000 0.088700 0.076500 0.084200 0.088500 0.097300 0.089100
Steenbok 0.077000 0.257900 0.089600 0.281300 0.072500 0.072900 0.065600 0.069500 0.077400 0.120700 0.065100 0.072300 0.073400 0.073200 0.076700 0.045700 0.114400 0.093700 0.057400 0.077100 0.065400 0.057500 0.090200 0.106100 0.065300 0.065900 0.077500 0.073400 0.045500 0.073200 0.138500 0.061300 0.141800 0.073400 0.057100 0.064900 0.061400 0.060600 0.082200 0.077600 0.077900 0.053700 0.129200 0.115300 0.065100 0.088700 0.000000 0.065000 0.069100 0.089300 0.085300 0.085500
Impala 0.052900 0.256700 0.069000 0.280000 0.052600 0.048900 0.053600 0.065500 0.056900 0.094900 0.037500 0.052900 0.053200 0.069100 0.056600 0.049600 0.085000 0.069100 0.033800 0.056700 0.053500 0.033900 0.073600 0.089300 0.041400 0.061900 0.057200 0.053200 0.037800 0.045300 0.112100 0.041600 0.120200 0.053200 0.045200 0.045000 0.037600 0.041100 0.078100 0.061300 0.069400 0.049700 0.103200 0.098100 0.045300 0.076500 0.065000 0.000000 0.065000 0.068800 0.064600 0.065000
Klipspring 0.077100 0.278600 0.085500 0.285600 0.072600 0.072900 0.065600 0.065400 0.073300 0.111900 0.057300 0.059200 0.073400 0.081300 0.076700 0.053600 0.117900 0.097000 0.057400 0.073100 0.057500 0.049700 0.081800 0.097700 0.057400 0.066100 0.077500 0.065400 0.053500 0.069200 0.121000 0.061300 0.142100 0.073400 0.057100 0.053000 0.061400 0.052900 0.090700 0.069400 0.077700 0.053800 0.120400 0.106700 0.053100 0.084200 0.069100 0.065000 0.000000 0.089300 0.073200 0.081400
ForestMusk 0.064900 0.247100 0.077200 0.260500 0.060500 0.060900 0.069600 0.073700 0.065100 0.086800 0.061000 0.060900 0.069100 0.077200 0.072500 0.065500 0.093600 0.073300 0.053300 0.064900 0.077500 0.053400 0.073500 0.077300 0.061100 0.078200 0.073300 0.061200 0.057400 0.061000 0.095500 0.065200 0.120500 0.069100 0.057000 0.045200 0.057200 0.048800 0.094700 0.061400 0.061500 0.065700 0.095000 0.086000 0.053100 0.088500 0.089300 0.068800 0.089300 0.000000 0.081000 0.073100
Bushbuck 0.076800 0.272400 0.033700 0.280800 0.072300 0.072700 0.073600 0.081900 0.029800 0.111900 0.064900 0.060900 0.069200 0.089400 0.076500 0.069600 0.110100 0.089400 0.057300 0.021900 0.077600 0.057400 0.081900 0.097700 0.065100 0.082400 0.073300 0.026100 0.061400 0.026100 0.129400 0.069200 0.137900 0.069200 0.064900 0.052800 0.061200 0.060500 0.099000 0.065400 0.077700 0.069800 0.120300 0.106700 0.053100 0.097300 0.085300 0.064600 0.073200 0.081000 0.000000 0.022200
GreaterKud 0.069000 0.273200 0.026200 0.276400 0.064600 0.064900 0.065800 0.073900 0.022400 0.103600 0.057200 0.053200 0.065300 0.081400 0.068700 0.061700 0.102000 0.081400 0.049500 0.014800 0.069700 0.049600 0.073900 0.089700 0.057300 0.070300 0.069400 0.018600 0.053600 0.018600 0.121100 0.061400 0.120600 0.065300 0.057100 0.045300 0.053400 0.052800 0.090900 0.061500 0.069800 0.061900 0.112000 0.098600 0.045500 0.089100 0.085500 0.065000 0.081400 0.073100 0.022200 0.000000
