CODONML (in paml version 4.10.7, June 2023)  /home/rachel/ruminants_paml/6406-phy-tree/ENSBTAT00000043151.fasta.phy
Model: free dN/dS Ratios for branches,  kappa = 2.000 fixed

Codon frequency model: F3x4
ns =  54  ls =  53

Codon usage in sequences
--------------------------------------------------------------------------------------------------------------------------------------
Phe TTT   0   1   1   1   1   1 | Ser TCT   2   1   2   2   0   0 | Tyr TAT   0   0   1   0   0   1 | Cys TGT   0   0   0   0   0   0
    TTC   3   2   2   2   2   2 |     TCC   2   2   2   2   4   3 |     TAC   4   4   3   4   4   3 |     TGC   1   1   1   1   1   1
Leu TTA   0   0   0   0   0   0 |     TCA   0   0   0   0   0   1 | *** TAA   0   0   0   0   0   0 | *** TGA   0   0   0   0   0   0
    TTG   0   0   0   0   0   0 |     TCG   0   1   0   0   0   0 |     TAG   0   0   0   0   0   0 | Trp TGG   0   0   0   0   0   0
--------------------------------------------------------------------------------------------------------------------------------------
Leu CTT   0   0   1   0   0   0 | Pro CCT   0   0   0   0   0   0 | His CAT   0   0   0   0   0   0 | Arg CGT   1   1   1   1   1   1
    CTC   2   2   1   2   0   2 |     CCC   1   1   1   1   1   1 |     CAC   1   1   1   1   1   1 |     CGC   1   1   1   1   1   1
    CTA   0   0   0   0   0   0 |     CCA   0   0   0   0   0   0 | Gln CAA   0   0   0   0   0   0 |     CGA   0   0   0   0   0   1
    CTG   2   2   2   2   4   2 |     CCG   0   0   0   0   0   0 |     CAG   0   0   0   0   0   0 |     CGG   1   1   1   1   0   0
--------------------------------------------------------------------------------------------------------------------------------------
Ile ATT   0   1   0   0   0   0 | Thr ACT   2   2   2   2   1   2 | Asn AAT   0   0   0   0   0   0 | Ser AGT   0   0   0   0   0   0
    ATC   2   1   2   2   2   2 |     ACC   2   2   1   2   3   2 |     AAC   1   1   1   1   1   1 |     AGC   2   2   2   2   2   2
    ATA   0   0   0   0   0   0 |     ACA   1   2   2   2   1   0 | Lys AAA   0   0   1   0   0   1 | Arg AGA   0   0   0   0   0   0
Met ATG   0   0   0   0   0   0 |     ACG   2   1   2   1   2   3 |     AAG   1   1   0   1   1   0 |     AGG   0   0   0   0   1   0
--------------------------------------------------------------------------------------------------------------------------------------
Val GTT   1   1   1   1   1   1 | Ala GCT   2   3   3   3   3   1 | Asp GAT   0   2   1   1   1   1 | Gly GGT   1   0   2   1   2   2
    GTC   0   0   0   0   0   0 |     GCC   2   1   1   1   1   3 |     GAC   2   0   1   1   1   1 |     GGC   3   3   2   3   2   2
    GTA   0   0   0   0   0   0 |     GCA   1   1   1   1   1   1 | Glu GAA   2   1   2   2   1   1 |     GGA   1   2   1   1   1   1
    GTG   2   2   2   2   2   2 |     GCG   0   0   0   0   0   0 |     GAG   1   2   1   1   2   2 |     GGG   1   1   1   1   1   1
--------------------------------------------------------------------------------------------------------------------------------------

--------------------------------------------------------------------------------------------------------------------------------------
Phe TTT   0   0   0   0   1   1 | Ser TCT   1   2   1   2   2   1 | Tyr TAT   0   0   0   0   1   0 | Cys TGT   0   0   0   0   0   0
    TTC   3   3   3   3   2   2 |     TCC   3   2   3   2   2   3 |     TAC   4   4   4   4   3   4 |     TGC   1   1   1   1   1   1
Leu TTA   0   0   0   0   0   0 |     TCA   0   0   0   0   0   0 | *** TAA   0   0   0   0   0   0 | *** TGA   0   0   0   0   0   0
    TTG   0   0   0   0   0   0 |     TCG   0   0   0   0   0   0 |     TAG   0   0   0   0   0   0 | Trp TGG   0   0   0   0   0   0
--------------------------------------------------------------------------------------------------------------------------------------
Leu CTT   0   0   0   1   1   0 | Pro CCT   0   0   0   0   0   0 | His CAT   0   0   0   0   0   0 | Arg CGT   1   1   1   1   1   1
    CTC   2   2   2   1   1   2 |     CCC   1   1   1   1   1   1 |     CAC   1   1   1   1   1   1 |     CGC   1   1   1   1   1   1
    CTA   0   0   0   0   0   0 |     CCA   0   0   0   0   0   0 | Gln CAA   0   0   0   0   0   0 |     CGA   0   0   0   0   0   0
    CTG   2   2   2   2   2   2 |     CCG   0   0   0   0   0   0 |     CAG   0   0   0   0   0   0 |     CGG   1   1   1   1   1   1
--------------------------------------------------------------------------------------------------------------------------------------
Ile ATT   0   0   0   1   0   0 | Thr ACT   2   2   2   2   2   2 | Asn AAT   0   0   0   0   0   0 | Ser AGT   0   0   0   0   0   0
    ATC   2   2   2   1   2   2 |     ACC   2   2   2   2   1   2 |     AAC   1   1   1   1   1   1 |     AGC   2   2   2   2   2   2
    ATA   0   0   0   0   0   0 |     ACA   2   1   2   1   2   1 | Lys AAA   0   0   0   1   1   0 | Arg AGA   0   0   0   0   0   0
Met ATG   0   0   0   0   0   0 |     ACG   1   2   1   2   2   2 |     AAG   1   1   1   0   0   1 |     AGG   0   0   0   0   0   0
--------------------------------------------------------------------------------------------------------------------------------------
Val GTT   1   1   1   1   1   0 | Ala GCT   2   2   1   2   3   3 | Asp GAT   1   1   1   1   1   0 | Gly GGT   2   1   2   1   2   2
    GTC   0   0   0   0   0   1 |     GCC   2   2   3   2   1   1 |     GAC   1   1   1   1   1   2 |     GGC   3   3   2   3   2   2
    GTA   0   0   0   0   0   0 |     GCA   1   1   1   1   1   1 | Glu GAA   2   2   2   2   2   2 |     GGA   0   1   1   1   1   1
    GTG   2   2   2   2   2   2 |     GCG   0   0   0   0   0   0 |     GAG   1   1   1   1   1   1 |     GGG   1   1   1   1   1   1
--------------------------------------------------------------------------------------------------------------------------------------

--------------------------------------------------------------------------------------------------------------------------------------
Phe TTT   0   1   0   0   0   0 | Ser TCT   2   2   2   2   2   2 | Tyr TAT   0   0   0   0   0   0 | Cys TGT   0   0   0   0   0   0
    TTC   3   2   3   3   3   3 |     TCC   2   2   2   2   2   2 |     TAC   4   4   4   4   4   4 |     TGC   1   1   1   1   1   1
Leu TTA   0   0   0   0   0   0 |     TCA   0   0   0   0   0   0 | *** TAA   0   0   0   0   0   0 | *** TGA   0   0   0   0   0   0
    TTG   0   0   0   0   0   0 |     TCG   0   0   0   0   0   0 |     TAG   0   0   0   0   0   0 | Trp TGG   0   0   0   0   0   0
--------------------------------------------------------------------------------------------------------------------------------------
Leu CTT   0   0   0   0   0   0 | Pro CCT   0   0   0   0   0   0 | His CAT   0   0   0   0   0   0 | Arg CGT   1   1   1   0   1   1
    CTC   2   2   2   2   1   2 |     CCC   1   1   1   1   1   1 |     CAC   1   1   1   1   1   1 |     CGC   1   1   1   2   1   1
    CTA   0   0   0   0   0   0 |     CCA   0   0   0   0   0   0 | Gln CAA   0   0   0   0   0   0 |     CGA   0   0   0   0   0   0
    CTG   2   2   2   2   3   2 |     CCG   0   0   0   0   0   0 |     CAG   0   0   0   0   0   0 |     CGG   1   1   1   1   1   1
--------------------------------------------------------------------------------------------------------------------------------------
Ile ATT   0   0   0   0   0   0 | Thr ACT   2   2   2   2   2   1 | Asn AAT   0   1   0   0   0   0 | Ser AGT   0   0   0   0   0   0
    ATC   2   2   2   2   2   2 |     ACC   2   2   2   2   2   2 |     AAC   1   0   1   1   1   1 |     AGC   2   2   2   2   2   2
    ATA   0   0   0   0   0   0 |     ACA   1   1   1   1   1   1 | Lys AAA   0   1   0   0   0   0 | Arg AGA   0   0   0   0   0   0
Met ATG   0   0   0   0   0   0 |     ACG   2   2   2   2   2   3 |     AAG   1   0   1   1   1   1 |     AGG   0   0   0   0   0   0
--------------------------------------------------------------------------------------------------------------------------------------
Val GTT   1   1   1   1   1   1 | Ala GCT   2   2   2   3   2   3 | Asp GAT   1   1   1   1   1   1 | Gly GGT   1   2   2   2   2   0
    GTC   0   0   0   0   0   0 |     GCC   2   2   2   1   2   1 |     GAC   1   1   1   1   1   1 |     GGC   3   2   2   2   2   4
    GTA   0   0   0   0   0   0 |     GCA   1   1   1   1   1   1 | Glu GAA   2   2   2   2   2   2 |     GGA   1   1   1   1   1   1
    GTG   2   2   2   2   2   2 |     GCG   0   0   0   0   0   0 |     GAG   1   1   1   1   1   1 |     GGG   1   1   1   1   1   1
--------------------------------------------------------------------------------------------------------------------------------------

--------------------------------------------------------------------------------------------------------------------------------------
Phe TTT   1   1   1   1   0   0 | Ser TCT   1   1   2   2   2   2 | Tyr TAT   0   0   0   1   0   0 | Cys TGT   0   0   0   0   0   0
    TTC   2   2   2   2   3   3 |     TCC   3   3   2   2   2   2 |     TAC   4   4   4   3   4   4 |     TGC   1   1   1   1   1   1
Leu TTA   0   0   0   0   0   0 |     TCA   0   0   0   0   0   0 | *** TAA   0   0   0   0   0   0 | *** TGA   0   0   0   0   0   0
    TTG   0   0   0   0   0   0 |     TCG   0   0   0   0   0   0 |     TAG   0   0   0   0   0   0 | Trp TGG   0   0   0   0   0   0
--------------------------------------------------------------------------------------------------------------------------------------
Leu CTT   0   0   0   1   0   0 | Pro CCT   0   0   0   0   0   0 | His CAT   0   0   0   0   0   0 | Arg CGT   1   1   2   1   1   1
    CTC   2   2   2   1   2   2 |     CCC   1   1   1   1   1   1 |     CAC   1   1   1   1   1   1 |     CGC   1   1   0   1   1   1
    CTA   0   0   0   0   0   0 |     CCA   0   0   0   0   0   0 | Gln CAA   0   0   0   0   0   0 |     CGA   0   0   0   0   0   0
    CTG   2   2   2   2   2   2 |     CCG   0   0   0   0   0   0 |     CAG   0   0   0   0   0   0 |     CGG   1   1   1   1   1   1
--------------------------------------------------------------------------------------------------------------------------------------
Ile ATT   0   0   0   0   0   0 | Thr ACT   2   2   2   2   2   2 | Asn AAT   0   0   0   0   0   0 | Ser AGT   0   0   0   0   0   0
    ATC   2   2   2   2   2   2 |     ACC   2   2   2   1   2   2 |     AAC   1   1   1   1   1   1 |     AGC   2   2   2   2   2   2
    ATA   0   0   0   0   0   0 |     ACA   1   2   1   2   1   1 | Lys AAA   0   0   0   1   0   0 | Arg AGA   0   0   0   0   0   0
Met ATG   0   0   0   0   0   0 |     ACG   2   1   2   2   2   2 |     AAG   1   1   1   0   1   1 |     AGG   0   0   0   0   0   0
--------------------------------------------------------------------------------------------------------------------------------------
Val GTT   1   1   1   1   1   1 | Ala GCT   2   3   2   4   2   2 | Asp GAT   1   1   1   1   1   1 | Gly GGT   1   1   1   2   1   1
    GTC   0   0   0   0   0   0 |     GCC   2   1   2   0   2   2 |     GAC   1   1   1   1   1   1 |     GGC   3   3   3   2   3   3
    GTA   0   0   0   0   0   0 |     GCA   1   1   1   1   1   1 | Glu GAA   2   2   2   2   2   2 |     GGA   1   1   1   1   1   1
    GTG   2   2   2   2   2   2 |     GCG   0   0   0   0   0   0 |     GAG   1   1   1   1   1   1 |     GGG   1   1   1   1   1   1
--------------------------------------------------------------------------------------------------------------------------------------

--------------------------------------------------------------------------------------------------------------------------------------
Phe TTT   1   1   0   0   0   1 | Ser TCT   1   2   2   1   2   2 | Tyr TAT   0   0   0   0   0   1 | Cys TGT   0   0   0   0   0   0
    TTC   2   2   3   3   3   2 |     TCC   3   3   2   3   2   2 |     TAC   4   4   4   4   4   3 |     TGC   1   1   1   1   1   1
Leu TTA   0   0   0   0   0   0 |     TCA   0   0   0   0   0   0 | *** TAA   0   0   0   0   0   0 | *** TGA   0   0   0   0   0   0
    TTG   0   0   0   1   0   0 |     TCG   0   0   0   0   0   0 |     TAG   0   0   0   0   0   0 | Trp TGG   0   0   0   0   0   0
--------------------------------------------------------------------------------------------------------------------------------------
Leu CTT   0   0   0   0   0   1 | Pro CCT   0   0   0   0   0   0 | His CAT   0   1   0   0   0   0 | Arg CGT   1   1   1   1   1   1
    CTC   2   2   2   2   2   1 |     CCC   1   1   1   1   1   1 |     CAC   1   0   1   1   1   1 |     CGC   1   1   1   1   1   1
    CTA   0   0   0   0   0   0 |     CCA   0   0   0   0   0   0 | Gln CAA   0   0   0   0   0   0 |     CGA   0   0   0   0   0   0
    CTG   2   2   2   1   2   2 |     CCG   0   0   0   0   0   0 |     CAG   0   0   0   0   0   0 |     CGG   1   1   1   1   1   1
--------------------------------------------------------------------------------------------------------------------------------------
Ile ATT   0   0   0   0   0   0 | Thr ACT   2   1   2   2   2   2 | Asn AAT   0   0   0   0   0   0 | Ser AGT   0   0   0   0   0   0
    ATC   2   2   2   2   2   2 |     ACC   2   2   2   2   2   1 |     AAC   1   1   1   1   1   1 |     AGC   2   2   2   2   2   2
    ATA   0   0   0   0   0   0 |     ACA   2   1   1   1   1   3 | Lys AAA   0   0   0   0   0   1 | Arg AGA   0   0   0   0   0   0
Met ATG   0   0   0   0   0   0 |     ACG   1   2   2   2   2   1 |     AAG   1   1   1   1   1   0 |     AGG   0   0   0   0   0   0
--------------------------------------------------------------------------------------------------------------------------------------
Val GTT   1   1   1   1   1   1 | Ala GCT   3   3   2   2   2   3 | Asp GAT   1   2   1   1   1   1 | Gly GGT   0   0   1   0   2   2
    GTC   0   0   0   0   0   0 |     GCC   1   2   2   2   2   1 |     GAC   1   0   1   1   1   1 |     GGC   3   4   3   4   2   2
    GTA   0   0   0   0   0   0 |     GCA   1   0   1   1   1   1 | Glu GAA   2   2   2   2   2   2 |     GGA   2   1   0   1   1   1
    GTG   2   2   2   2   2   2 |     GCG   0   0   0   0   0   0 |     GAG   1   1   1   1   1   1 |     GGG   1   1   2   1   1   1
--------------------------------------------------------------------------------------------------------------------------------------

--------------------------------------------------------------------------------------------------------------------------------------
Phe TTT   0   1   1   0   1   0 | Ser TCT   2   2   1   1   2   2 | Tyr TAT   0   1   0   0   0   0 | Cys TGT   0   0   0   0   0   0
    TTC   3   2   2   3   2   3 |     TCC   2   2   3   3   2   2 |     TAC   4   3   4   4   4   4 |     TGC   1   1   1   1   1   1
Leu TTA   0   0   0   0   0   0 |     TCA   0   0   0   0   0   0 | *** TAA   0   0   0   0   0   0 | *** TGA   0   0   0   0   0   0
    TTG   0   0   0   0   0   0 |     TCG   0   0   0   0   0   0 |     TAG   0   0   0   0   0   0 | Trp TGG   0   0   0   0   0   0
--------------------------------------------------------------------------------------------------------------------------------------
Leu CTT   1   1   0   1   1   0 | Pro CCT   0   0   0   0   0   0 | His CAT   0   0   0   0   0   0 | Arg CGT   1   1   1   1   1   1
    CTC   1   1   2   1   1   2 |     CCC   1   1   1   1   1   1 |     CAC   1   1   1   1   1   1 |     CGC   1   1   1   1   1   1
    CTA   0   0   0   0   0   0 |     CCA   0   0   0   0   0   0 | Gln CAA   0   0   0   0   0   0 |     CGA   0   0   0   0   0   0
    CTG   2   2   2   2   2   2 |     CCG   0   0   0   0   0   0 |     CAG   1   0   0   0   0   0 |     CGG   0   1   1   1   1   1
--------------------------------------------------------------------------------------------------------------------------------------
Ile ATT   0   0   0   0   0   0 | Thr ACT   2   2   2   2   3   2 | Asn AAT   0   0   0   0   0   0 | Ser AGT   0   0   0   0   0   0
    ATC   2   2   2   2   2   2 |     ACC   2   1   2   2   2   2 |     AAC   1   1   1   1   1   1 |     AGC   2   2   2   2   2   2
    ATA   0   0   0   0   0   0 |     ACA   1   2   1   1   1   1 | Lys AAA   0   1   0   0   0   0 | Arg AGA   0   0   0   0   0   0
Met ATG   0   0   0   0   0   0 |     ACG   2   2   2   2   1   2 |     AAG   1   0   1   1   1   1 |     AGG   0   0   0   0   0   0
--------------------------------------------------------------------------------------------------------------------------------------
Val GTT   1   1   0   1   1   1 | Ala GCT   2   3   3   2   3   2 | Asp GAT   1   1   0   1   1   1 | Gly GGT   0   2   0   2   1   2
    GTC   0   0   1   0   0   0 |     GCC   2   1   1   2   1   2 |     GAC   1   1   2   1   1   1 |     GGC   4   2   4   2   3   2
    GTA   0   0   0   0   0   0 |     GCA   1   1   1   1   1   1 | Glu GAA   2   2   2   2   2   2 |     GGA   1   1   1   1   1   1
    GTG   2   2   2   2   2   2 |     GCG   0   0   0   0   0   0 |     GAG   1   1   1   1   1   1 |     GGG   1   1   1   1   1   1
--------------------------------------------------------------------------------------------------------------------------------------

--------------------------------------------------------------------------------------------------------------------------------------
Phe TTT   0   1   0   0   0   1 | Ser TCT   2   2   2   1   2   1 | Tyr TAT   0   0   0   0   0   0 | Cys TGT   0   0   0   0   0   0
    TTC   3   2   3   3   3   2 |     TCC   2   2   2   3   2   3 |     TAC   4   4   4   4   4   4 |     TGC   1   1   1   1   1   1
Leu TTA   0   0   0   0   0   0 |     TCA   0   0   0   0   0   0 | *** TAA   0   0   0   0   0   0 | *** TGA   0   0   0   0   0   0
    TTG   0   0   0   0   0   0 |     TCG   0   0   0   0   0   0 |     TAG   0   0   0   0   0   0 | Trp TGG   0   0   0   0   0   0
--------------------------------------------------------------------------------------------------------------------------------------
Leu CTT   0   2   0   1   0   0 | Pro CCT   0   0   0   0   0   0 | His CAT   0   0   0   0   0   0 | Arg CGT   1   1   1   1   1   1
    CTC   2   0   2   1   1   3 |     CCC   1   1   1   1   1   1 |     CAC   1   1   1   1   1   1 |     CGC   1   1   1   1   1   1
    CTA   0   1   0   0   0   0 |     CCA   0   0   0   0   0   0 | Gln CAA   0   0   0   0   0   0 |     CGA   0   0   0   0   0   0
    CTG   2   1   2   2   3   1 |     CCG   0   0   0   0   0   0 |     CAG   0   0   0   0   0   0 |     CGG   1   1   1   1   1   1
--------------------------------------------------------------------------------------------------------------------------------------
Ile ATT   0   0   0   0   1   0 | Thr ACT   2   2   2   2   2   2 | Asn AAT   0   1   0   0   0   0 | Ser AGT   0   0   0   0   0   0
    ATC   2   2   2   2   1   2 |     ACC   2   2   2   2   2   2 |     AAC   1   0   1   1   1   1 |     AGC   2   2   2   2   2   2
    ATA   0   0   0   0   0   0 |     ACA   2   1   1   2   1   2 | Lys AAA   0   1   0   0   0   0 | Arg AGA   0   0   0   0   0   0
Met ATG   0   0   0   0   0   0 |     ACG   1   2   2   1   2   1 |     AAG   1   0   1   1   1   1 |     AGG   0   0   0   0   0   0
--------------------------------------------------------------------------------------------------------------------------------------
Val GTT   1   1   1   1   1   1 | Ala GCT   2   2   2   3   2   3 | Asp GAT   1   1   1   1   1   1 | Gly GGT   2   1   1   2   0   1
    GTC   0   0   0   0   0   0 |     GCC   2   2   2   1   2   1 |     GAC   1   1   1   1   1   1 |     GGC   2   2   2   3   4   3
    GTA   0   0   0   0   0   0 |     GCA   1   1   1   1   1   1 | Glu GAA   2   2   2   2   2   2 |     GGA   1   2   2   0   1   1
    GTG   2   2   2   2   2   2 |     GCG   0   0   0   0   0   0 |     GAG   1   1   1   1   1   1 |     GGG   1   1   1   1   1   1
--------------------------------------------------------------------------------------------------------------------------------------

--------------------------------------------------------------------------------------------------------------------------------------
Phe TTT   1   0   1   1   1   0 | Ser TCT   1   2   1   1   2   2 | Tyr TAT   0   0   0   0   0   0 | Cys TGT   0   0   0   0   0   0
    TTC   2   3   2   2   2   3 |     TCC   3   2   3   3   2   2 |     TAC   4   4   4   4   4   4 |     TGC   1   1   1   1   1   1
Leu TTA   0   0   0   0   0   0 |     TCA   0   0   0   0   0   0 | *** TAA   0   0   0   0   0   0 | *** TGA   0   0   0   0   0   0
    TTG   0   1   0   0   0   0 |     TCG   0   0   0   0   0   0 |     TAG   0   0   0   0   0   0 | Trp TGG   0   0   0   0   0   0
--------------------------------------------------------------------------------------------------------------------------------------
Leu CTT   0   1   0   0   0   0 | Pro CCT   0   0   0   0   0   0 | His CAT   0   0   0   0   0   0 | Arg CGT   1   1   1   1   1   1
    CTC   2   1   2   2   2   2 |     CCC   1   1   1   1   1   1 |     CAC   1   1   1   1   1   1 |     CGC   1   1   1   1   1   1
    CTA   0   0   0   0   1   0 |     CCA   0   0   0   0   0   0 | Gln CAA   0   0   0   0   0   0 |     CGA   0   0   0   0   0   0
    CTG   2   1   2   2   1   2 |     CCG   0   0   0   0   0   0 |     CAG   0   0   0   0   0   0 |     CGG   1   1   1   1   1   1
--------------------------------------------------------------------------------------------------------------------------------------
Ile ATT   0   0   0   0   0   0 | Thr ACT   2   2   2   2   2   2 | Asn AAT   1   0   0   0   1   0 | Ser AGT   0   0   0   1   0   0
    ATC   2   2   2   2   1   2 |     ACC   2   2   2   2   3   2 |     AAC   0   1   1   1   0   1 |     AGC   2   3   2   1   2   2
    ATA   0   0   0   0   0   0 |     ACA   2   3   1   1   1   2 | Lys AAA   0   0   0   0   1   0 | Arg AGA   0   0   0   0   0   0
Met ATG   0   0   0   0   0   0 |     ACG   1   0   2   2   2   1 |     AAG   1   1   1   1   0   1 |     AGG   0   0   0   0   0   0
--------------------------------------------------------------------------------------------------------------------------------------
Val GTT   1   1   0   1   1   1 | Ala GCT   3   2   3   3   2   3 | Asp GAT   1   1   1   1   1   1 | Gly GGT   1   0   1   0   2   2
    GTC   0   0   1   0   0   0 |     GCC   1   2   1   1   2   1 |     GAC   1   1   1   1   1   1 |     GGC   3   3   3   4   2   2
    GTA   0   0   0   0   0   0 |     GCA   1   1   1   1   1   1 | Glu GAA   2   2   2   2   2   2 |     GGA   1   1   1   1   1   1
    GTG   2   2   2   2   2   2 |     GCG   0   0   0   0   0   0 |     GAG   1   1   1   1   1   1 |     GGG   1   1   1   1   1   1
--------------------------------------------------------------------------------------------------------------------------------------

--------------------------------------------------------------------------------------------------------------------------------------
Phe TTT   0   0   0   1   1   1 | Ser TCT   2   2   2   2   2   2 | Tyr TAT   0   0   0   0   1   1 | Cys TGT   0   0   0   0   0   0
    TTC   3   3   3   2   2   2 |     TCC   2   2   2   2   2   2 |     TAC   4   4   4   4   3   3 |     TGC   1   1   1   1   1   1
Leu TTA   0   0   0   0   0   0 |     TCA   0   0   0   0   0   0 | *** TAA   0   0   0   0   0   0 | *** TGA   0   0   0   0   0   0
    TTG   0   0   0   0   0   0 |     TCG   0   0   0   0   0   0 |     TAG   0   0   0   0   0   0 | Trp TGG   0   0   0   0   0   0
--------------------------------------------------------------------------------------------------------------------------------------
Leu CTT   0   0   0   0   1   1 | Pro CCT   0   0   0   0   0   0 | His CAT   0   0   0   0   0   0 | Arg CGT   1   0   0   1   1   1
    CTC   2   2   2   2   1   1 |     CCC   1   1   1   1   1   1 |     CAC   1   1   1   1   1   1 |     CGC   1   2   1   1   1   1
    CTA   0   0   0   0   0   0 |     CCA   0   0   0   0   0   0 | Gln CAA   0   0   0   0   0   0 |     CGA   0   0   0   0   0   0
    CTG   2   2   2   2   2   2 |     CCG   0   0   0   0   0   0 |     CAG   0   0   0   0   0   0 |     CGG   1   1   2   1   1   1
--------------------------------------------------------------------------------------------------------------------------------------
Ile ATT   0   0   0   0   0   0 | Thr ACT   2   2   2   2   2   2 | Asn AAT   0   0   0   0   0   0 | Ser AGT   0   0   0   0   0   0
    ATC   2   1   1   2   2   2 |     ACC   2   1   2   2   1   1 |     AAC   1   1   1   1   1   1 |     AGC   2   3   2   2   2   2
    ATA   0   0   0   0   0   0 |     ACA   2   1   1   2   2   2 | Lys AAA   0   0   0   0   1   1 | Arg AGA   0   0   0   0   0   0
Met ATG   0   0   0   0   0   0 |     ACG   1   1   2   1   2   2 |     AAG   1   1   1   1   0   0 |     AGG   0   0   0   0   0   0
--------------------------------------------------------------------------------------------------------------------------------------
Val GTT   1   1   1   1   1   1 | Ala GCT   2   2   3   3   3   3 | Asp GAT   1   0   1   1   1   1 | Gly GGT   0   1   2   1   2   2
    GTC   0   1   1   0   0   0 |     GCC   2   3   1   1   1   1 |     GAC   1   2   1   1   1   1 |     GGC   4   2   2   3   2   2
    GTA   0   0   0   0   0   0 |     GCA   1   2   1   1   1   1 | Glu GAA   2   2   2   2   2   2 |     GGA   1   1   1   1   1   1
    GTG   2   2   2   2   2   2 |     GCG   0   0   0   0   0   0 |     GAG   1   1   1   1   1   1 |     GGG   1   1   1   1   1   1
--------------------------------------------------------------------------------------------------------------------------------------

Codon position x base (3x4) table for each sequence.

#1: Argali         
position  1:    T:0.22642    C:0.16981    A:0.24528    G:0.35849
position  2:    T:0.22642    C:0.32075    A:0.22642    G:0.22642
position  3:    T:0.16981    C:0.54717    A:0.09434    G:0.18868
Average         T:0.20755    C:0.34591    A:0.18868    G:0.25786

#2: LesserMouseDeer
position  1:    T:0.22642    C:0.16981    A:0.24528    G:0.35849
position  2:    T:0.22642    C:0.32075    A:0.22642    G:0.22642
position  3:    T:0.22642    C:0.45283    A:0.11321    G:0.20755
Average         T:0.22642    C:0.31447    A:0.19497    G:0.26415

#3: LesserKudu     
position  1:    T:0.22642    C:0.16981    A:0.24528    G:0.35849
position  2:    T:0.22642    C:0.32075    A:0.22642    G:0.22642
position  3:    T:0.28302    C:0.41509    A:0.13208    G:0.16981
Average         T:0.24528    C:0.30189    A:0.20126    G:0.25157

#4: ForestMuskDeer2
position  1:    T:0.22642    C:0.16981    A:0.24528    G:0.35849
position  2:    T:0.22642    C:0.32075    A:0.22642    G:0.22642
position  3:    T:0.22642    C:0.49057    A:0.11321    G:0.16981
Average         T:0.22642    C:0.32704    A:0.19497    G:0.25157

#5: Camel          
position  1:    T:0.22642    C:0.15094    A:0.26415    G:0.35849
position  2:    T:0.22642    C:0.32075    A:0.22642    G:0.22642
position  3:    T:0.18868    C:0.49057    A:0.07547    G:0.24528
Average         T:0.21384    C:0.32075    A:0.18868    G:0.27673

#6: KillerWhale    
position  1:    T:0.22642    C:0.16981    A:0.24528    G:0.35849
position  2:    T:0.22642    C:0.32075    A:0.22642    G:0.22642
position  3:    T:0.18868    C:0.50943    A:0.11321    G:0.18868
Average         T:0.21384    C:0.33333    A:0.19497    G:0.25786

#7: DefassaWaterbuck
position  1:    T:0.22642    C:0.16981    A:0.24528    G:0.35849
position  2:    T:0.22642    C:0.32075    A:0.22642    G:0.22642
position  3:    T:0.18868    C:0.54717    A:0.09434    G:0.16981
Average         T:0.21384    C:0.34591    A:0.18868    G:0.25157

#8: Sheep          
position  1:    T:0.22642    C:0.16981    A:0.24528    G:0.35849
position  2:    T:0.22642    C:0.32075    A:0.22642    G:0.22642
position  3:    T:0.18868    C:0.52830    A:0.09434    G:0.18868
Average         T:0.21384    C:0.33962    A:0.18868    G:0.25786

#9: MaxwellsDuiker 
position  1:    T:0.22642    C:0.16981    A:0.24528    G:0.35849
position  2:    T:0.22642    C:0.32075    A:0.22642    G:0.22642
position  3:    T:0.16981    C:0.54717    A:0.11321    G:0.16981
Average         T:0.20755    C:0.34591    A:0.19497    G:0.25157

#10: GazellaPrzewalskyi
position  1:    T:0.22642    C:0.16981    A:0.24528    G:0.35849
position  2:    T:0.22642    C:0.32075    A:0.22642    G:0.22642
position  3:    T:0.22642    C:0.49057    A:0.11321    G:0.16981
Average         T:0.22642    C:0.32704    A:0.19497    G:0.25157

#11: MountainNyala  
position  1:    T:0.22642    C:0.16981    A:0.24528    G:0.35849
position  2:    T:0.22642    C:0.32075    A:0.22642    G:0.22642
position  3:    T:0.28302    C:0.41509    A:0.13208    G:0.16981
Average         T:0.24528    C:0.30189    A:0.20126    G:0.25157

#12: MuntiacusMuntjak
position  1:    T:0.22642    C:0.16981    A:0.24528    G:0.35849
position  2:    T:0.22642    C:0.32075    A:0.22642    G:0.22642
position  3:    T:0.18868    C:0.52830    A:0.09434    G:0.18868
Average         T:0.21384    C:0.33962    A:0.18868    G:0.25786

#13: goat           
position  1:    T:0.22642    C:0.16981    A:0.24528    G:0.35849
position  2:    T:0.22642    C:0.32075    A:0.22642    G:0.22642
position  3:    T:0.18868    C:0.52830    A:0.09434    G:0.18868
Average         T:0.21384    C:0.33962    A:0.18868    G:0.25786

#14: AfricanBuffalo 
position  1:    T:0.22642    C:0.16981    A:0.24528    G:0.35849
position  2:    T:0.22642    C:0.32075    A:0.22642    G:0.22642
position  3:    T:0.24528    C:0.47170    A:0.11321    G:0.16981
Average         T:0.23270    C:0.32075    A:0.19497    G:0.25157

#15: Topi           
position  1:    T:0.22642    C:0.16981    A:0.24528    G:0.35849
position  2:    T:0.22642    C:0.32075    A:0.22642    G:0.22642
position  3:    T:0.20755    C:0.50943    A:0.09434    G:0.18868
Average         T:0.22013    C:0.33333    A:0.18868    G:0.25786

#16: CommonDuiker   
position  1:    T:0.22642    C:0.16981    A:0.24528    G:0.35849
position  2:    T:0.22642    C:0.32075    A:0.22642    G:0.22642
position  3:    T:0.20755    C:0.50943    A:0.09434    G:0.18868
Average         T:0.22013    C:0.33333    A:0.18868    G:0.25786

#17: Suni           
position  1:    T:0.22642    C:0.16981    A:0.24528    G:0.35849
position  2:    T:0.22642    C:0.32075    A:0.22642    G:0.22642
position  3:    T:0.20755    C:0.49057    A:0.09434    G:0.20755
Average         T:0.22013    C:0.32704    A:0.18868    G:0.26415

#18: Springbuck     
position  1:    T:0.22642    C:0.16981    A:0.24528    G:0.35849
position  2:    T:0.22642    C:0.32075    A:0.22642    G:0.22642
position  3:    T:0.16981    C:0.52830    A:0.09434    G:0.20755
Average         T:0.20755    C:0.33962    A:0.18868    G:0.26415

#19: Okapi          
position  1:    T:0.22642    C:0.16981    A:0.24528    G:0.35849
position  2:    T:0.22642    C:0.32075    A:0.22642    G:0.22642
position  3:    T:0.18868    C:0.52830    A:0.09434    G:0.18868
Average         T:0.21384    C:0.33962    A:0.18868    G:0.25786

#20: Giraffe        
position  1:    T:0.22642    C:0.16981    A:0.24528    G:0.35849
position  2:    T:0.22642    C:0.32075    A:0.22642    G:0.22642
position  3:    T:0.20755    C:0.50943    A:0.11321    G:0.16981
Average         T:0.22013    C:0.33333    A:0.19497    G:0.25157

#21: TibetanAntelope
position  1:    T:0.22642    C:0.16981    A:0.24528    G:0.35849
position  2:    T:0.22642    C:0.32075    A:0.22642    G:0.22642
position  3:    T:0.22642    C:0.49057    A:0.09434    G:0.18868
Average         T:0.22642    C:0.32704    A:0.18868    G:0.25786

#22: Sitatunga      
position  1:    T:0.22642    C:0.16981    A:0.24528    G:0.35849
position  2:    T:0.22642    C:0.32075    A:0.22642    G:0.22642
position  3:    T:0.30189    C:0.39623    A:0.13208    G:0.16981
Average         T:0.25157    C:0.29560    A:0.20126    G:0.25157

#23: Oribi          
position  1:    T:0.22642    C:0.16981    A:0.24528    G:0.35849
position  2:    T:0.22642    C:0.32075    A:0.22642    G:0.22642
position  3:    T:0.18868    C:0.52830    A:0.09434    G:0.18868
Average         T:0.21384    C:0.33962    A:0.18868    G:0.25786

#24: BarbarySheep   
position  1:    T:0.22642    C:0.16981    A:0.24528    G:0.35849
position  2:    T:0.22642    C:0.32075    A:0.22642    G:0.22642
position  3:    T:0.18868    C:0.52830    A:0.09434    G:0.18868
Average         T:0.21384    C:0.33962    A:0.18868    G:0.25786

#25: Daviddeer      
position  1:    T:0.22642    C:0.16981    A:0.24528    G:0.35849
position  2:    T:0.22642    C:0.32075    A:0.22642    G:0.22642
position  3:    T:0.18868    C:0.50943    A:0.13208    G:0.16981
Average         T:0.21384    C:0.33333    A:0.20126    G:0.25157

#26: Reindeer       
position  1:    T:0.24528    C:0.16981    A:0.22642    G:0.35849
position  2:    T:0.22642    C:0.32075    A:0.22642    G:0.22642
position  3:    T:0.22642    C:0.50943    A:0.07547    G:0.18868
Average         T:0.23270    C:0.33333    A:0.17610    G:0.25786

#27: Ibex           
position  1:    T:0.22642    C:0.16981    A:0.24528    G:0.35849
position  2:    T:0.22642    C:0.32075    A:0.22642    G:0.22642
position  3:    T:0.18868    C:0.52830    A:0.07547    G:0.20755
Average         T:0.21384    C:0.33962    A:0.18239    G:0.26415

#28: GyrantGazelle  
position  1:    T:0.24528    C:0.15094    A:0.24528    G:0.35849
position  2:    T:0.22642    C:0.32075    A:0.22642    G:0.22642
position  3:    T:0.15094    C:0.56604    A:0.09434    G:0.18868
Average         T:0.20755    C:0.34591    A:0.18868    G:0.25786

#29: Hartebeest     
position  1:    T:0.22642    C:0.16981    A:0.24528    G:0.35849
position  2:    T:0.22642    C:0.32075    A:0.22642    G:0.22642
position  3:    T:0.20755    C:0.50943    A:0.09434    G:0.18868
Average         T:0.22013    C:0.33333    A:0.18868    G:0.25786

#30: Bongo          
position  1:    T:0.22642    C:0.16981    A:0.24528    G:0.35849
position  2:    T:0.22642    C:0.32075    A:0.22642    G:0.22642
position  3:    T:0.28302    C:0.41509    A:0.15094    G:0.15094
Average         T:0.24528    C:0.30189    A:0.20755    G:0.24528

#31: Gerenuk        
position  1:    T:0.22642    C:0.16981    A:0.24528    G:0.35849
position  2:    T:0.22642    C:0.32075    A:0.24528    G:0.20755
position  3:    T:0.18868    C:0.52830    A:0.09434    G:0.18868
Average         T:0.21384    C:0.33962    A:0.19497    G:0.25157

#32: CommonEland    
position  1:    T:0.22642    C:0.16981    A:0.24528    G:0.35849
position  2:    T:0.22642    C:0.32075    A:0.22642    G:0.22642
position  3:    T:0.28302    C:0.41509    A:0.13208    G:0.16981
Average         T:0.24528    C:0.30189    A:0.20126    G:0.25157

#33: MuntiacusReevesi
position  1:    T:0.22642    C:0.16981    A:0.24528    G:0.35849
position  2:    T:0.22642    C:0.32075    A:0.22642    G:0.22642
position  3:    T:0.15094    C:0.56604    A:0.09434    G:0.18868
Average         T:0.20126    C:0.35220    A:0.18868    G:0.25786

#34: HarveysDuiker  
position  1:    T:0.22642    C:0.16981    A:0.24528    G:0.35849
position  2:    T:0.22642    C:0.32075    A:0.22642    G:0.22642
position  3:    T:0.20755    C:0.50943    A:0.09434    G:0.18868
Average         T:0.22013    C:0.33333    A:0.18868    G:0.25786

#35: Pronghorn      
position  1:    T:0.22642    C:0.16981    A:0.24528    G:0.35849
position  2:    T:0.22642    C:0.32075    A:0.22642    G:0.22642
position  3:    T:0.26415    C:0.47170    A:0.09434    G:0.16981
Average         T:0.23899    C:0.32075    A:0.18868    G:0.25157

#36: BlueWildebeest 
position  1:    T:0.22642    C:0.16981    A:0.24528    G:0.35849
position  2:    T:0.22642    C:0.32075    A:0.22642    G:0.22642
position  3:    T:0.20755    C:0.50943    A:0.09434    G:0.18868
Average         T:0.22013    C:0.33333    A:0.18868    G:0.25786

#37: Gemsbok        
position  1:    T:0.22642    C:0.16981    A:0.24528    G:0.35849
position  2:    T:0.22642    C:0.32075    A:0.22642    G:0.22642
position  3:    T:0.20755    C:0.50943    A:0.11321    G:0.16981
Average         T:0.22013    C:0.33333    A:0.19497    G:0.25157

#38: Yak            
position  1:    T:0.22642    C:0.16981    A:0.24528    G:0.35849
position  2:    T:0.22642    C:0.32075    A:0.22642    G:0.22642
position  3:    T:0.26415    C:0.43396    A:0.15094    G:0.15094
Average         T:0.23899    C:0.30818    A:0.20755    G:0.24528

#39: BlueSheep      
position  1:    T:0.22642    C:0.16981    A:0.24528    G:0.35849
position  2:    T:0.22642    C:0.32075    A:0.22642    G:0.22642
position  3:    T:0.18868    C:0.50943    A:0.11321    G:0.18868
Average         T:0.21384    C:0.33333    A:0.19497    G:0.25786

#40: BohorReedbuck  
position  1:    T:0.22642    C:0.16981    A:0.24528    G:0.35849
position  2:    T:0.22642    C:0.32075    A:0.22642    G:0.22642
position  3:    T:0.22642    C:0.50943    A:0.09434    G:0.16981
Average         T:0.22642    C:0.33333    A:0.18868    G:0.25157

#41: KirksDik       
position  1:    T:0.22642    C:0.16981    A:0.24528    G:0.35849
position  2:    T:0.22642    C:0.32075    A:0.22642    G:0.22642
position  3:    T:0.18868    C:0.50943    A:0.09434    G:0.20755
Average         T:0.21384    C:0.33333    A:0.18868    G:0.26415

#42: RoeDeer        
position  1:    T:0.22642    C:0.16981    A:0.24528    G:0.35849
position  2:    T:0.22642    C:0.32075    A:0.22642    G:0.22642
position  3:    T:0.20755    C:0.52830    A:0.11321    G:0.15094
Average         T:0.22013    C:0.33962    A:0.19497    G:0.24528

#43: WhiteLippedDeer
position  1:    T:0.22642    C:0.16981    A:0.24528    G:0.35849
position  2:    T:0.22642    C:0.32075    A:0.22642    G:0.22642
position  3:    T:0.22642    C:0.49057    A:0.11321    G:0.16981
Average         T:0.22642    C:0.32704    A:0.19497    G:0.25157

#44: ThomsonGazelle 
position  1:    T:0.24528    C:0.15094    A:0.26415    G:0.33962
position  2:    T:0.22642    C:0.32075    A:0.22642    G:0.22642
position  3:    T:0.18868    C:0.52830    A:0.13208    G:0.15094
Average         T:0.22013    C:0.33333    A:0.20755    G:0.23899

#45: MuntiacusCrinifrons
position  1:    T:0.22642    C:0.16981    A:0.24528    G:0.35849
position  2:    T:0.22642    C:0.32075    A:0.22642    G:0.22642
position  3:    T:0.18868    C:0.52830    A:0.09434    G:0.18868
Average         T:0.21384    C:0.33962    A:0.18868    G:0.25786

#46: WhiteTailedDeer
position  1:    T:0.22642    C:0.16981    A:0.24528    G:0.35849
position  2:    T:0.22642    C:0.32075    A:0.22642    G:0.22642
position  3:    T:0.20755    C:0.50943    A:0.09434    G:0.18868
Average         T:0.22013    C:0.33333    A:0.18868    G:0.25786

#47: Cattle         
position  1:    T:0.22642    C:0.16981    A:0.24528    G:0.35849
position  2:    T:0.20755    C:0.33962    A:0.22642    G:0.22642
position  3:    T:0.24528    C:0.47170    A:0.13208    G:0.15094
Average         T:0.22642    C:0.32704    A:0.20126    G:0.24528

#48: RoyalAntelope  
position  1:    T:0.22642    C:0.16981    A:0.24528    G:0.35849
position  2:    T:0.22642    C:0.32075    A:0.22642    G:0.22642
position  3:    T:0.22642    C:0.49057    A:0.11321    G:0.16981
Average         T:0.22642    C:0.32704    A:0.19497    G:0.25157

#49: Steenbok       
position  1:    T:0.22642    C:0.16981    A:0.24528    G:0.35849
position  2:    T:0.22642    C:0.32075    A:0.22642    G:0.22642
position  3:    T:0.16981    C:0.54717    A:0.11321    G:0.16981
Average         T:0.20755    C:0.34591    A:0.19497    G:0.25157

#50: Impala         
position  1:    T:0.22642    C:0.16981    A:0.20755    G:0.39623
position  2:    T:0.22642    C:0.32075    A:0.22642    G:0.22642
position  3:    T:0.15094    C:0.56604    A:0.11321    G:0.16981
Average         T:0.20126    C:0.35220    A:0.18239    G:0.26415

#51: Klipspringer   
position  1:    T:0.22642    C:0.16981    A:0.22642    G:0.37736
position  2:    T:0.22642    C:0.32075    A:0.22642    G:0.22642
