1
52 1
Argali 0.000000 0.221800 0.067800 0.238800 0.082100 0.012900 0.067200 0.096900 0.054000 0.081900 0.012900 0.096000 0.067300 0.096100 0.067700 0.067900 0.082000 0.081900 0.040200 0.054000 0.054000 0.025800 0.095400 0.095400 0.012900 0.097100 0.067300 0.054000 0.054000 0.054000 0.113100 0.080800 0.081600 0.067300 0.067300 0.067900 0.026200 0.054000 0.082500 0.137600 0.095400 0.110700 0.096700 0.111000 0.067900 0.067600 0.054000 0.068700 0.082900 0.122100 0.067700 0.068600
LesserMous 0.221800 0.000000 0.177100 0.070200 0.194000 0.206200 0.175600 0.211800 0.161500 0.161300 0.206200 0.192400 0.175900 0.226300 0.176900 0.177300 0.161600 0.161300 0.211000 0.161500 0.161500 0.220800 0.175700 0.175700 0.206200 0.211900 0.175900 0.161500 0.161500 0.161500 0.164000 0.190500 0.160800 0.175900 0.175800 0.177300 0.206800 0.161500 0.194900 0.222000 0.175700 0.193000 0.161800 0.177400 0.177300 0.176600 0.161500 0.179700 0.179000 0.204200 0.176900 0.147100
LesserKudu 0.067800 0.177100 0.000000 0.193700 0.041100 0.054000 0.026900 0.055400 0.013500 0.041000 0.054000 0.054800 0.026900 0.062300 0.027100 0.027200 0.041000 0.041000 0.055200 0.012900 0.013500 0.067400 0.054500 0.054500 0.054000 0.055600 0.026900 0.013500 0.013500 0.013500 0.070700 0.040400 0.040800 0.026900 0.026900 0.027200 0.068300 0.013500 0.041300 0.096300 0.054500 0.069200 0.055300 0.069400 0.027200 0.027100 0.013500 0.027500 0.041500 0.081200 0.027100 0.027500
KillerWhal 0.238800 0.070200 0.193700 0.000000 0.211100 0.223100 0.192100 0.229400 0.177900 0.177800 0.223100 0.209300 0.192400 0.243800 0.192500 0.194000 0.178100 0.177700 0.228500 0.177900 0.177900 0.237800 0.159800 0.159800 0.223100 0.229500 0.192400 0.177900 0.177900 0.177900 0.180800 0.207000 0.145000 0.192400 0.159900 0.194000 0.223900 0.177900 0.179000 0.238900 0.159800 0.209900 0.178400 0.194300 0.194000 0.193200 0.177900 0.196600 0.196100 0.188100 0.193500 0.163400
DefassaWat 0.082100 0.194000 0.041100 0.211100 0.000000 0.068200 0.040800 0.070000 0.027300 0.055200 0.068200 0.069200 0.040800 0.083800 0.041100 0.041200 0.055300 0.055200 0.069700 0.027300 0.027300 0.081700 0.068800 0.068800 0.068200 0.070200 0.040800 0.027300 0.027300 0.027300 0.085700 0.054400 0.055000 0.040800 0.040800 0.041200 0.082800 0.027300 0.055600 0.111100 0.068800 0.083900 0.069800 0.084100 0.041200 0.041000 0.027300 0.041700 0.055900 0.095800 0.041100 0.041700
Sheep 0.012900 0.206200 0.054000 0.223100 0.068200 0.000000 0.053600 0.082800 0.040300 0.068000 0.000000 0.082000 0.053700 0.096400 0.054000 0.054100 0.068100 0.068000 0.026700 0.040300 0.040300 0.012900 0.081500 0.081500 0.000000 0.082900 0.053700 0.040300 0.040300 0.040300 0.098600 0.067100 0.067800 0.053700 0.053700 0.054100 0.013000 0.040300 0.068500 0.123400 0.081500 0.096500 0.082600 0.096800 0.054100 0.053900 0.040300 0.054700 0.068800 0.108200 0.054000 0.054700
MaxwellsDu 0.067200 0.175600 0.026900 0.192100 0.040800 0.053600 0.000000 0.055000 0.013400 0.040600 0.053600 0.054400 0.026700 0.040600 0.026900 0.026900 0.040700 0.040600 0.054800 0.013400 0.013400 0.066900 0.054000 0.054000 0.053600 0.055100 0.026700 0.013400 0.013400 0.013400 0.070100 0.013200 0.040500 0.026700 0.026700 0.026900 0.067800 0.013400 0.040900 0.095500 0.054000 0.068600 0.054800 0.068800 0.026900 0.026900 0.013400 0.027300 0.041100 0.080600 0.026900 0.027300
GazellaPrz 0.096900 0.211800 0.055400 0.229400 0.070000 0.082800 0.055000 0.000000 0.041400 0.069800 0.082800 0.084100 0.055000 0.098900 0.055400 0.055500 0.069900 0.069800 0.084700 0.041400 0.041400 0.096400 0.083500 0.083500 0.082800 0.085200 0.055000 0.041400 0.041400 0.041400 0.101300 0.068800 0.069500 0.055000 0.055000 0.055500 0.097800 0.041400 0.070300 0.126500 0.083500 0.099100 0.084800 0.099400 0.055500 0.055300 0.041400 0.056200 0.070700 0.110800 0.055400 0.056200
MountainNy 0.054000 0.161500 0.013500 0.177900 0.027300 0.040300 0.013400 0.041400 0.000000 0.027200 0.040300 0.040900 0.012700 0.055100 0.013500 0.013500 0.027200 0.027200 0.041200 0.000000 0.000000 0.053700 0.040700 0.040700 0.040300 0.041500 0.013400 0.000000 0.000000 0.000000 0.056300 0.026800 0.027100 0.013400 0.013400 0.012800 0.054400 0.000000 0.027400 0.082100 0.040700 0.055100 0.041300 0.055300 0.013500 0.013500 0.000000 0.013000 0.027500 0.067400 0.013500 0.013700
MuntiacusM 0.081900 0.161300 0.041000 0.177800 0.055200 0.068000 0.040600 0.069800 0.027200 0.000000 0.068000 0.069000 0.040700 0.083500 0.040900 0.041000 0.027200 0.027200 0.069500 0.027200 0.027200 0.081500 0.013300 0.013300 0.068000 0.069900 0.040700 0.027200 0.027200 0.027200 0.027600 0.054200 0.027100 0.040700 0.040700 0.041000 0.082600 0.027200 0.055400 0.067500 0.013300 0.083600 0.012900 0.027100 0.041000 0.040900 0.027200 0.041500 0.055700 0.039700 0.040900 0.041500
goat 0.012900 0.206200 0.054000 0.223100 0.068200 0.000000 0.053600 0.082800 0.040300 0.068000 0.000000 0.082000 0.053700 0.096400 0.054000 0.054100 0.068100 0.068000 0.026700 0.040300 0.040300 0.012900 0.081500 0.081500 0.000000 0.082900 0.053700 0.040300 0.040300 0.040300 0.098600 0.067100 0.067800 0.053700 0.053700 0.054100 0.013000 0.040300 0.068500 0.123400 0.081500 0.096500 0.082600 0.096800 0.048700 0.053900 0.040300 0.054700 0.068800 0.108200 0.054000 0.054700
AfricanBuf 0.096000 0.192400 0.054800 0.209300 0.069200 0.082000 0.054400 0.084100 0.040900 0.069000 0.082000 0.000000 0.054500 0.097900 0.054800 0.027000 0.069100 0.069100 0.083800 0.040900 0.040900 0.095500 0.082600 0.082600 0.082000 0.084200 0.054500 0.040900 0.040900 0.040900 0.070400 0.068000 0.068800 0.054500 0.054400 0.027000 0.068100 0.040900 0.069500 0.095800 0.082600 0.098000 0.055000 0.069100 0.027000 0.054700 0.040900 0.055600 0.041300 0.109700 0.054800 0.055600
Topi 0.067300 0.175900 0.026900 0.192400 0.040800 0.053700 0.026700 0.055000 0.012700 0.040700 0.053700 0.054500 0.000000 0.068700 0.026900 0.027000 0.040700 0.040700 0.054800 0.013400 0.012700 0.067000 0.054100 0.054100 0.053700 0.055100 0.000000 0.013400 0.013400 0.013400 0.070200 0.040100 0.040500 0.000000 0.026800 0.027000 0.067900 0.013400 0.041000 0.095600 0.054100 0.068800 0.054900 0.068900 0.027000 0.026900 0.013400 0.027300 0.041200 0.053000 0.026900 0.027300
CommonDuik 0.096100 0.226300 0.062300 0.243800 0.083800 0.096400 0.040600 0.098900 0.055100 0.083500 0.096400 0.097900 0.068700 0.000000 0.069100 0.069200 0.083600 0.083600 0.098500 0.055100 0.055100 0.110000 0.097200 0.097200 0.096400 0.069900 0.068700 0.055100 0.055100 0.055100 0.115400 0.026800 0.083200 0.068700 0.068600 0.069200 0.111500 0.055100 0.084200 0.140300 0.097200 0.083700 0.098600 0.113200 0.069200 0.069000 0.055100 0.070100 0.055700 0.124300 0.069100 0.070100
Suni 0.067700 0.176900 0.027100 0.192500 0.041100 0.054000 0.026900 0.055400 0.013500 0.040900 0.054000 0.054800 0.026900 0.069100 0.000000 0.027200 0.041000 0.041000 0.055200 0.013500 0.013500 0.067300 0.054400 0.054400 0.054000 0.055500 0.026900 0.013500 0.013500 0.013500 0.070600 0.040400 0.040800 0.026900 0.026900 0.027200 0.068300 0.013500 0.041300 0.096200 0.054400 0.069200 0.055200 0.069300 0.027200 0.027100 0.013500 0.027500 0.041400 0.081200 0.027100 0.027500
Springbuck 0.067900 0.177300 0.027200 0.194000 0.041200 0.054100 0.026900 0.055500 0.013500 0.041000 0.054100 0.027000 0.027000 0.069200 0.027200 0.000000 0.041100 0.041100 0.055300 0.012800 0.013500 0.067500 0.054500 0.054500 0.054100 0.055600 0.027000 0.013500 0.013500 0.013500 0.070800 0.040500 0.040900 0.027000 0.027000 0.000000 0.068400 0.013500 0.041300 0.067800 0.054500 0.069300 0.055300 0.069500 0.000000 0.027100 0.013500 0.027600 0.041500 0.081300 0.027200 0.027500
Okapi 0.082000 0.161600 0.041000 0.178100 0.055300 0.068100 0.040700 0.069900 0.027200 0.027200 0.068100 0.069100 0.040700 0.083600 0.041000 0.041100 0.000000 0.027200 0.069600 0.027200 0.027200 0.081600 0.040700 0.040700 0.068100 0.070000 0.040700 0.027200 0.027200 0.027200 0.056300 0.054300 0.027100 0.040700 0.040700 0.041100 0.082800 0.027200 0.055500 0.082100 0.040700 0.083800 0.041300 0.055300 0.041100 0.041000 0.027200 0.041600 0.055800 0.067500 0.041000 0.041600
Giraffe 0.081900 0.161300 0.041000 0.177700 0.055200 0.068000 0.040600 0.069800 0.027200 0.027200 0.068000 0.069100 0.040700 0.083600 0.041000 0.041100 0.027200 0.000000 0.069500 0.027200 0.027200 0.081500 0.040600 0.040600 0.068000 0.070000 0.040700 0.027200 0.027200 0.027200 0.056200 0.054300 0.027100 0.040700 0.040700 0.041100 0.082600 0.027200 0.055500 0.082100 0.040600 0.083700 0.041200 0.055200 0.041100 0.040900 0.027200 0.041600 0.055700 0.067300 0.041000 0.041600
TibetanAnt 0.040200 0.211000 0.055200 0.228500 0.069700 0.026700 0.054800 0.084700 0.041200 0.069500 0.026700 0.083800 0.054800 0.098500 0.055200 0.055300 0.069600 0.069500 0.000000 0.041200 0.041200 0.040000 0.083300 0.083300 0.026700 0.084800 0.054800 0.041200 0.041200 0.041200 0.100900 0.068500 0.069300 0.054800 0.054800 0.055300 0.040500 0.041200 0.070000 0.126000 0.083300 0.098700 0.084500 0.099000 0.055300 0.055100 0.041200 0.056000 0.070400 0.110500 0.055200 0.050200
Sitatunga 0.054000 0.161500 0.012900 0.177900 0.027300 0.040300 0.013400 0.041400 0.000000 0.027200 0.040300 0.040900 0.013400 0.055100 0.013500 0.012800 0.027200 0.027200 0.041200 0.000000 0.000000 0.053700 0.040700 0.040700 0.040300 0.041500 0.012700 0.000000 0.000000 0.000000 0.056300 0.026800 0.027100 0.012800 0.013400 0.013500 0.054400 0.000000 0.027400 0.082100 0.040700 0.055100 0.041300 0.055300 0.013500 0.013500 0.000000 0.013700 0.027500 0.067400 0.013500 0.013000
Oribi 0.054000 0.161500 0.013500 0.177900 0.027300 0.040300 0.013400 0.041400 0.000000 0.027200 0.040300 0.040900 0.012700 0.055100 0.013500 0.013500 0.027200 0.027200 0.041200 0.000000 0.000000 0.053700 0.040700 0.040700 0.040300 0.041500 0.013400 0.000000 0.000000 0.000000 0.056300 0.026800 0.027100 0.013400 0.013400 0.013500 0.054400 0.000000 0.027400 0.082100 0.040700 0.055100 0.041300 0.055300 0.013500 0.013500 0.000000 0.013700 0.027500 0.067400 0.013500 0.013700
BarbaryShe 0.025800 0.220800 0.067400 0.237800 0.081700 0.012900 0.066900 0.096400 0.053700 0.081500 0.012900 0.095500 0.067000 0.110000 0.067300 0.067500 0.081600 0.081500 0.040000 0.053700 0.053700 0.000000 0.094900 0.094900 0.012900 0.096500 0.067000 0.053700 0.053700 0.053700 0.112600 0.080300 0.081200 0.067000 0.067000 0.067500 0.026000 0.053700 0.082000 0.136900 0.094900 0.110100 0.096300 0.110500 0.067500 0.067300 0.053700 0.068300 0.082500 0.121700 0.067300 0.068200
Daviddeer 0.095400 0.175700 0.054500 0.159800 0.068800 0.081500 0.054000 0.083500 0.040700 0.013300 0.081500 0.082600 0.054100 0.097200 0.054400 0.054500 0.040700 0.040600 0.083300 0.040700 0.040700 0.094900 0.000000 0.000000 0.081500 0.083600 0.054100 0.040700 0.040700 0.040700 0.041300 0.067600 0.012600 0.054100 0.026600 0.054500 0.096300 0.040700 0.069100 0.080000 0.000000 0.097300 0.026900 0.040500 0.054500 0.054400 0.040700 0.055200 0.069500 0.026000 0.054400 0.055200
Reindeer 0.095400 0.175700 0.054500 0.159800 0.068800 0.081500 0.054000 0.083500 0.040700 0.013300 0.081500 0.082600 0.054100 0.097200 0.054400 0.054500 0.040700 0.040600 0.083300 0.040700 0.040700 0.094900 0.000000 0.000000 0.072500 0.083600 0.054100 0.040700 0.040700 0.040700 0.041300 0.067600 0.013300 0.054100 0.026600 0.054500 0.096300 0.040700 0.069100 0.080800 0.000000 0.097300 0.026900 0.040500 0.054500 0.054400 0.040700 0.055200 0.069500 0.026000 0.054400 0.055200
Ibex 0.012900 0.206200 0.054000 0.223100 0.068200 0.000000 0.053600 0.082800 0.040300 0.068000 0.000000 0.082000 0.053700 0.096400 0.054000 0.054100 0.068100 0.068000 0.026700 0.040300 0.040300 0.012900 0.081500 0.072500 0.000000 0.082900 0.053700 0.040300 0.040300 0.040300 0.098600 0.067100 0.067800 0.053700 0.053700 0.054100 0.013000 0.040300 0.068500 0.123400 0.081500 0.096500 0.082600 0.096800 0.054100 0.048700 0.040300 0.054700 0.068800 0.108200 0.054000 0.054700
GyrantGaze 0.097100 0.211900 0.055600 0.229500 0.070200 0.082900 0.055100 0.085200 0.041500 0.069900 0.082900 0.084200 0.055100 0.069900 0.055500 0.055600 0.070000 0.070000 0.084800 0.041500 0.041500 0.096500 0.083600 0.083600 0.082900 0.000000 0.055100 0.041500 0.041500 0.041500 0.101400 0.040800 0.069600 0.055100 0.055100 0.055600 0.097900 0.041500 0.070500 0.126700 0.083600 0.013700 0.084900 0.099500 0.055600 0.055500 0.041500 0.056400 0.070800 0.110800 0.055500 0.056300
Hartebeest 0.067300 0.175900 0.026900 0.192400 0.040800 0.053700 0.026700 0.055000 0.013400 0.040700 0.053700 0.054500 0.000000 0.068700 0.026900 0.027000 0.040700 0.040700 0.054800 0.012700 0.013400 0.067000 0.054100 0.054100 0.053700 0.055100 0.000000 0.013400 0.013400 0.013400 0.070200 0.040100 0.040500 0.000000 0.026800 0.027000 0.067900 0.013400 0.041000 0.095600 0.054100 0.068800 0.054900 0.068900 0.027000 0.026900 0.013400 0.027300 0.041200 0.053000 0.026900 0.027300
Bongo 0.054000 0.161500 0.013500 0.177900 0.027300 0.040300 0.013400 0.041400 0.000000 0.027200 0.040300 0.040900 0.013400 0.055100 0.013500 0.013500 0.027200 0.027200 0.041200 0.000000 0.000000 0.053700 0.040700 0.040700 0.040300 0.041500 0.013400 0.000000 0.000000 0.000000 0.056300 0.026800 0.027100 0.013400 0.013400 0.013500 0.054400 0.000000 0.027400 0.082100 0.040700 0.055100 0.041300 0.055300 0.013500 0.013500 0.000000 0.013700 0.027500 0.067400 0.013500 0.013700
Gerenuk 0.054000 0.161500 0.013500 0.177900 0.027300 0.040300 0.013400 0.041400 0.000000 0.027200 0.040300 0.040900 0.013400 0.055100 0.013500 0.013500 0.027200 0.027200 0.041200 0.000000 0.000000 0.053700 0.040700 0.040700 0.040300 0.041500 0.013400 0.000000 0.000000 0.000000 0.056300 0.026800 0.027100 0.013400 0.013400 0.012800 0.054400 0.000000 0.027400 0.082100 0.040700 0.055100 0.041300 0.050700 0.013500 0.013500 0.000000 0.013700 0.027500 0.067400 0.013500 0.013700
CommonElan 0.054000 0.161500 0.013500 0.177900 0.027300 0.040300 0.013400 0.041400 0.000000 0.027200 0.040300 0.040900 0.013400 0.055100 0.013500 0.013500 0.027200 0.027200 0.041200 0.000000 0.000000 0.053700 0.040700 0.040700 0.040300 0.041500 0.013400 0.000000 0.000000 0.000000 0.056300 0.026800 0.027100 0.013400 0.013400 0.013500 0.054400 0.000000 0.027400 0.082100 0.040700 0.055100 0.041300 0.055300 0.013500 0.013500 0.000000 0.013700 0.027500 0.067400 0.013500 0.013700
MuntiacusR 0.113100 0.164000 0.070700 0.180800 0.085700 0.098600 0.070100 0.101300 0.056300 0.027600 0.098600 0.070400 0.070200 0.115400 0.070600 0.070800 0.056300 0.056200 0.100900 0.056300 0.056300 0.112600 0.041300 0.041300 0.098600 0.101400 0.070200 0.056300 0.056300 0.056300 0.000000 0.084200 0.056000 0.070200 0.070200 0.070800 0.084300 0.056300 0.086700 0.097700 0.041300 0.115600 0.013800 0.027600 0.070800 0.070500 0.056300 0.071700 0.056800 0.068400 0.070600 0.071700
HarveysDui 0.080800 0.190500 0.040400 0.207000 0.054400 0.067100 0.013200 0.068800 0.026800 0.054200 0.067100 0.068000 0.040100 0.026800 0.040400 0.040500 0.054300 0.054300 0.068500 0.026800 0.026800 0.080300 0.067600 0.067600 0.067100 0.040800 0.040100 0.026800 0.026800 0.026800 0.084200 0.000000 0.054000 0.040100 0.040100 0.040500 0.081400 0.026800 0.054600 0.109300 0.067600 0.054300 0.068600 0.082600 0.040500 0.040300 0.026800 0.041000 0.054900 0.094200 0.040400 0.040900
Pronghorn 0.081600 0.160800 0.040800 0.145000 0.055000 0.067800 0.040500 0.069500 0.027100 0.027100 0.067800 0.068800 0.040500 0.083200 0.040800 0.040900 0.027100 0.027100 0.069300 0.027100 0.027100 0.081200 0.012600 0.013300 0.067800 0.069600 0.040500 0.027100 0.027100 0.027100 0.056000 0.054000 0.000000 0.040500 0.013300 0.040900 0.082400 0.025500 0.055200 0.081700 0.013300 0.083400 0.041100 0.055000 0.040900 0.040700 0.027100 0.041400 0.055500 0.039700 0.040800 0.041400
BlueWildeb 0.067300 0.175900 0.026900 0.192400 0.040800 0.053700 0.026700 0.055000 0.013400 0.040700 0.053700 0.054500 0.000000 0.068700 0.026900 0.027000 0.040700 0.040700 0.054800 0.012800 0.013400 0.067000 0.054100 0.054100 0.053700 0.055100 0.000000 0.013400 0.013400 0.013400 0.070200 0.040100 0.040500 0.000000 0.026800 0.027000 0.067900 0.012800 0.041000 0.095600 0.054100 0.068800 0.054900 0.068900 0.027000 0.026900 0.013400 0.027300 0.041200 0.048100 0.026900 0.027300
Gemsbok 0.067300 0.175800 0.026900 0.159900 0.040800 0.053700 0.026700 0.055000 0.013400 0.040700 0.053700 0.054400 0.026800 0.068600 0.026900 0.027000 0.040700 0.040700 0.054800 0.013400 0.013400 0.067000 0.026600 0.026600 0.053700 0.055100 0.026800 0.013400 0.013400 0.013400 0.070200 0.040100 0.013300 0.026800 0.000000 0.027000 0.067900 0.013400 0.041000 0.095600 0.026600 0.068700 0.054900 0.068900 0.027000 0.026900 0.013400 0.027300 0.041200 0.053000 0.026900 0.027300
Yak 0.067900 0.177300 0.027200 0.194000 0.041200 0.054100 0.026900 0.055500 0.012800 0.041000 0.054100 0.027000 0.027000 0.069200 0.027200 0.000000 0.041100 0.041100 0.055300 0.013500 0.013500 0.067500 0.054500 0.054500 0.054100 0.055600 0.027000 0.013500 0.012800 0.013500 0.070800 0.040500 0.040900 0.027000 0.027000 0.000000 0.068400 0.013500 0.041300 0.067800 0.054500 0.069300 0.055300 0.069500 0.000000 0.027100 0.013500 0.027600 0.037700 0.081300 0.027200 0.027500
BlueSheep 0.026200 0.206800 0.068300 0.223900 0.082800 0.013000 0.067800 0.097800 0.054400 0.082600 0.013000 0.068100 0.067900 0.111500 0.068300 0.068400 0.082800 0.082600 0.040500 0.054400 0.054400 0.026000 0.096300 0.096300 0.013000 0.097900 0.067900 0.054400 0.054400 0.054400 0.084300 0.081400 0.082400 0.067900 0.067900 0.068400 0.000000 0.054400 0.083200 0.138800 0.096300 0.111700 0.068700 0.082700 0.068400 0.068200 0.054400 0.069300 0.054900 0.123300 0.068300 0.069200
BohorReedb 0.054000 0.161500 0.013500 0.177900 0.027300 0.040300 0.013400 0.041400 0.000000 0.027200 0.040300 0.040900 0.013400 0.055100 0.013500 0.013500 0.027200 0.027200 0.041200 0.000000 0.000000 0.053700 0.040700 0.040700 0.040300 0.041500 0.013400 0.000000 0.000000 0.000000 0.056300 0.026800 0.025500 0.012800 0.013400 0.013500 0.054400 0.000000 0.027400 0.082100 0.040700 0.055100 0.041300 0.055300 0.013500 0.013500 0.000000 0.013700 0.027500 0.067400 0.013500 0.013700
KirksDik 0.082500 0.194900 0.041300 0.179000 0.055600 0.068500 0.040900 0.070300 0.027400 0.055400 0.068500 0.069500 0.041000 0.084200 0.041300 0.041300 0.055500 0.055500 0.070000 0.027400 0.027400 0.082000 0.069100 0.069100 0.068500 0.070500 0.041000 0.027400 0.027400 0.027400 0.086700 0.054600 0.055200 0.041000 0.041000 0.041300 0.083200 0.027400 0.000000 0.111600 0.069100 0.084300 0.070100 0.084500 0.041300 0.041200 0.027400 0.041900 0.056100 0.096100 0.041300 0.041700
RoeDeer 0.137600 0.222000 0.096300 0.238900 0.111100 0.123400 0.095500 0.126500 0.082100 0.067500 0.123400 0.095800 0.095600 0.140300 0.096200 0.067800 0.082100 0.082100 0.126000 0.082100 0.082100 0.136900 0.080000 0.080800 0.123400 0.126700 0.095600 0.082100 0.082100 0.082100 0.097700 0.109300 0.081700 0.095600 0.095600 0.067800 0.138800 0.082100 0.111600 0.000000 0.080800 0.140500 0.081900 0.095900 0.067800 0.096100 0.082100 0.097600 0.112100 0.079200 0.096200 0.097600
WhiteLippe 0.095400 0.175700 0.054500 0.159800 0.068800 0.081500 0.054000 0.083500 0.040700 0.013300 0.081500 0.082600 0.054100 0.097200 0.054400 0.054500 0.040700 0.040600 0.083300 0.040700 0.040700 0.094900 0.000000 0.000000 0.081500 0.083600 0.054100 0.040700 0.040700 0.040700 0.041300 0.067600 0.013300 0.054100 0.026600 0.054500 0.096300 0.040700 0.069100 0.080800 0.000000 0.097300 0.026900 0.040500 0.054500 0.054400 0.040700 0.055200 0.069500 0.026000 0.054400 0.055200
ThomsonGaz 0.110700 0.193000 0.069200 0.209900 0.083900 0.096500 0.068600 0.099100 0.055100 0.083600 0.096500 0.098000 0.068800 0.083700 0.069200 0.069300 0.083800 0.083700 0.098700 0.055100 0.055100 0.110100 0.097300 0.097300 0.096500 0.013700 0.068800 0.055100 0.055100 0.055100 0.115600 0.054300 0.083400 0.068800 0.068700 0.069300 0.111700 0.055100 0.084300 0.140500 0.097300 0.000000 0.098800 0.113400 0.069300 0.069100 0.055100 0.070300 0.084700 0.124500 0.069200 0.070200
MuntiacusC 0.096700 0.161800 0.055300 0.178400 0.069800 0.082600 0.054800 0.084800 0.041300 0.012900 0.082600 0.055000 0.054900 0.098600 0.055200 0.055300 0.041300 0.041200 0.084500 0.041300 0.041300 0.096300 0.026900 0.026900 0.082600 0.084900 0.054900 0.041300 0.041300 0.041300 0.013800 0.068600 0.041100 0.054900 0.054900 0.055300 0.068700 0.041300 0.070100 0.081900 0.026900 0.098800 0.000000 0.013500 0.055300 0.055200 0.041300 0.056100 0.041700 0.053500 0.055200 0.056000
WhiteTaile 0.111000 0.177400 0.069400 0.194300 0.084100 0.096800 0.068800 0.099400 0.055300 0.027100 0.096800 0.069100 0.068900 0.113200 0.069300 0.069500 0.055300 0.055200 0.099000 0.055300 0.055300 0.110500 0.040500 0.040500 0.096800 0.099500 0.068900 0.055300 0.050700 0.055300 0.027600 0.082600 0.055000 0.068900 0.068900 0.069500 0.082700 0.055300 0.084500 0.095900 0.040500 0.113400 0.013500 0.000000 0.069500 0.069200 0.055300 0.070400 0.055800 0.067200 0.069300 0.070300
Cattle 0.067900 0.177300 0.027200 0.194000 0.041200 0.054100 0.026900 0.055500 0.013500 0.041000 0.048700 0.027000 0.027000 0.069200 0.027200 0.000000 0.041100 0.041100 0.055300 0.013500 0.013500 0.067500 0.054500 0.054500 0.054100 0.055600 0.027000 0.013500 0.013500 0.013500 0.070800 0.040500 0.040900 0.027000 0.027000 0.000000 0.068400 0.013500 0.041300 0.067800 0.054500 0.069300 0.055300 0.069500 0.000000 0.027100 0.013500 0.027600 0.041500 0.081300 0.027200 0.027500
RoyalAntel 0.067600 0.176600 0.027100 0.193200 0.041000 0.053900 0.026900 0.055300 0.013500 0.040900 0.053900 0.054700 0.026900 0.069000 0.027100 0.027100 0.041000 0.040900 0.055100 0.013500 0.013500 0.067300 0.054400 0.054400 0.048700 0.055500 0.026900 0.013500 0.013500 0.013500 0.070500 0.040300 0.040700 0.026900 0.026900 0.027100 0.068200 0.013500 0.041200 0.096100 0.054400 0.069100 0.055200 0.069200 0.027100 0.000000 0.013500 0.027500 0.041400 0.081100 0.027100 0.027500
Steenbok 0.054000 0.161500 0.013500 0.177900 0.027300 0.040300 0.013400 0.041400 0.000000 0.027200 0.040300 0.040900 0.013400 0.055100 0.013500 0.013500 0.027200 0.027200 0.041200 0.000000 0.000000 0.053700 0.040700 0.040700 0.040300 0.041500 0.013400 0.000000 0.000000 0.000000 0.056300 0.026800 0.027100 0.013400 0.013400 0.013500 0.054400 0.000000 0.027400 0.082100 0.040700 0.055100 0.041300 0.055300 0.013500 0.013500 0.000000 0.013700 0.027500 0.067400 0.012900 0.013700
Impala 0.068700 0.179700 0.027500 0.196600 0.041700 0.054700 0.027300 0.056200 0.013000 0.041500 0.054700 0.055600 0.027300 0.070100 0.027500 0.027600 0.041600 0.041600 0.056000 0.013700 0.013700 0.068300 0.055200 0.055200 0.054700 0.056400 0.027300 0.013700 0.013700 0.013700 0.071700 0.041000 0.041400 0.027300 0.027300 0.027600 0.069300 0.013700 0.041900 0.097600 0.055200 0.070300 0.056100 0.070400 0.027600 0.027500 0.013700 0.000000 0.042100 0.082300 0.027500 0.027900
Klipspring 0.082900 0.179000 0.041500 0.196100 0.055900 0.068800 0.041100 0.070700 0.027500 0.055700 0.068800 0.041300 0.041200 0.055700 0.041400 0.041500 0.055800 0.055700 0.070400 0.027500 0.027500 0.082500 0.069500 0.069500 0.068800 0.070800 0.041200 0.027500 0.027500 0.027500 0.056800 0.054900 0.055500 0.041200 0.041200 0.037700 0.054900 0.027500 0.056100 0.112100 0.069500 0.084700 0.041700 0.055800 0.041500 0.041400 0.027500 0.042100 0.000000 0.096700 0.041400 0.042100
ForestMusk 0.122100 0.204200 0.081200 0.188100 0.095800 0.108200 0.080600 0.110800 0.067400 0.039700 0.108200 0.109700 0.053000 0.124300 0.081200 0.081300 0.067500 0.067300 0.110500 0.067400 0.067400 0.121700 0.026000 0.026000 0.108200 0.110800 0.053000 0.067400 0.067400 0.067400 0.068400 0.094200 0.039700 0.048100 0.053000 0.081300 0.123300 0.067400 0.096100 0.079200 0.026000 0.124500 0.053500 0.067200 0.081300 0.081100 0.067400 0.082300 0.096700 0.000000 0.081200 0.082300
Bushbuck 0.067700 0.176900 0.027100 0.193500 0.041100 0.054000 0.026900 0.055400 0.013500 0.040900 0.054000 0.054800 0.026900 0.069100 0.027100 0.027200 0.041000 0.041000 0.055200 0.013500 0.013500 0.067300 0.054400 0.054400 0.054000 0.055500 0.026900 0.013500 0.013500 0.013500 0.070600 0.040400 0.040800 0.026900 0.026900 0.027200 0.068300 0.013500 0.041300 0.096200 0.054400 0.069200 0.055200 0.069300 0.027200 0.027100 0.012900 0.027500 0.041400 0.081200 0.000000 0.027500
GreaterKud 0.068600 0.147100 0.027500 0.163400 0.041700 0.054700 0.027300 0.056200 0.013700 0.041500 0.054700 0.055600 0.027300 0.070100 0.027500 0.027500 0.041600 0.041600 0.050200 0.013000 0.013700 0.068200 0.055200 0.055200 0.054700 0.056300 0.027300 0.013700 0.013700 0.013700 0.071700 0.040900 0.041400 0.027300 0.027300 0.027500 0.069200 0.013700 0.041700 0.097600 0.055200 0.070200 0.056000 0.070300 0.027500 0.027500 0.013700 0.027900 0.042100 0.082300 0.027500 0.000000
