1
52 1
Argali 0.000000 0.338600 0.032000 0.116200 0.048700 0.016000 0.016100 0.163600 0.015700 0.065000 0.016600 0.065000 0.032200 0.032400 0.050100 0.049300 0.080300 0.064200 0.016000 0.046900 0.066000 0.016000 0.048300 0.048300 0.016000 0.032300 0.032400 0.015700 0.083800 0.031700 0.065000 0.032000 0.098200 0.048000 0.049700 0.048300 0.032500 0.016000 0.049400 0.048300 0.064300 0.032200 0.065000 0.031800 0.032000 0.033100 0.083400 0.047400 0.032200 0.065300 0.015700 0.047300
LesserMous 0.338600 0.000000 0.305700 0.250800 0.367600 0.313000 0.313500 0.540000 0.307800 0.280700 0.313000 0.280700 0.285000 0.339000 0.319800 0.370500 0.300700 0.279700 0.313000 0.346900 0.308100 0.313000 0.257000 0.257000 0.313000 0.338600 0.285000 0.307800 0.428200 0.333100 0.280700 0.333800 0.228700 0.303100 0.374200 0.257000 0.285800 0.313000 0.371900 0.257000 0.276900 0.338600 0.280700 0.280500 0.283500 0.338600 0.311000 0.351700 0.285000 0.282300 0.307800 0.298000
LesserKudu 0.032000 0.305700 0.000000 0.151500 0.082600 0.048700 0.048900 0.159500 0.015700 0.064700 0.048700 0.064700 0.065500 0.065700 0.084600 0.083600 0.080200 0.064100 0.048700 0.046700 0.064700 0.048700 0.048100 0.048100 0.048700 0.065500 0.065500 0.015700 0.119400 0.031500 0.064700 0.065000 0.098100 0.081500 0.084200 0.048100 0.065400 0.048700 0.083800 0.048100 0.064000 0.065500 0.067000 0.031600 0.031800 0.065500 0.119000 0.080500 0.065500 0.065000 0.015700 0.047100
KillerWhal 0.116200 0.250800 0.151500 0.000000 0.135100 0.098600 0.098900 0.262500 0.132300 0.114000 0.098600 0.114000 0.080800 0.116700 0.137400 0.135800 0.129400 0.112800 0.098600 0.164700 0.153800 0.098600 0.099100 0.096600 0.098600 0.116300 0.080800 0.132300 0.173500 0.150500 0.114000 0.115100 0.112400 0.096600 0.136800 0.096600 0.116200 0.098600 0.136100 0.096600 0.112700 0.116300 0.114000 0.113900 0.114600 0.116300 0.172500 0.130500 0.080800 0.150900 0.132300 0.129500
DefassaWat 0.048700 0.367600 0.082600 0.135100 0.000000 0.065900 0.066300 0.226700 0.065000 0.118000 0.065900 0.118000 0.083200 0.048900 0.103700 0.066200 0.097100 0.116200 0.065900 0.096900 0.120000 0.065900 0.100000 0.100000 0.065900 0.048600 0.083200 0.065000 0.101300 0.082000 0.118000 0.082600 0.153100 0.099300 0.102900 0.100000 0.083100 0.067700 0.102300 0.100000 0.116500 0.048600 0.118000 0.082100 0.082500 0.083200 0.138200 0.097900 0.083200 0.118200 0.065000 0.097900
Sheep 0.016000 0.313000 0.048700 0.098600 0.065900 0.000000 0.000100 0.144300 0.032000 0.048400 0.000000 0.048400 0.016500 0.016100 0.033100 0.032600 0.063700 0.047700 0.000000 0.063500 0.083800 0.000000 0.032000 0.032000 0.000000 0.016000 0.016500 0.032000 0.066500 0.048300 0.048400 0.015900 0.081100 0.031800 0.032800 0.032000 0.016000 0.000000 0.032700 0.032000 0.047900 0.016000 0.048400 0.048300 0.015900 0.016000 0.066200 0.031400 0.016000 0.048600 0.032000 0.064000
MaxwellsDu 0.016100 0.313500 0.048900 0.098900 0.066300 0.000100 0.000000 0.144900 0.032100 0.048600 0.000100 0.048600 0.016100 0.016600 0.033200 0.032800 0.063900 0.047900 0.000100 0.063700 0.084400 0.000100 0.032100 0.032100 0.000100 0.016100 0.016100 0.032100 0.067000 0.048500 0.048600 0.016200 0.081400 0.032000 0.033100 0.032100 0.016100 0.000100 0.032900 0.032100 0.048100 0.016100 0.048600 0.048500 0.015900 0.016100 0.066700 0.031600 0.016100 0.048900 0.032100 0.064300
GazellaPrz 0.163600 0.540000 0.159500 0.262500 0.226700 0.144300 0.144900 0.000000 0.181200 0.201000 0.144300 0.201000 0.163600 0.164200 0.147600 0.186200 0.216500 0.198600 0.144300 0.216100 0.202800 0.144300 0.181200 0.181200 0.144300 0.163600 0.163600 0.181200 0.186100 0.201100 0.201000 0.162500 0.239100 0.180600 0.188100 0.181200 0.163600 0.144300 0.145800 0.181200 0.199200 0.163600 0.201000 0.201100 0.161900 0.163600 0.185900 0.178700 0.163600 0.203400 0.181200 0.217700
MountainNy 0.015700 0.307800 0.015700 0.132300 0.065000 0.032000 0.032100 0.181200 0.000000 0.047700 0.032000 0.047700 0.048300 0.048500 0.066600 0.065800 0.063100 0.047300 0.032000 0.031000 0.082700 0.032000 0.031500 0.032200 0.032000 0.048300 0.048300 0.000000 0.100700 0.015500 0.047700 0.048000 0.080400 0.064200 0.066300 0.031500 0.048300 0.032000 0.065900 0.031500 0.047200 0.048300 0.047700 0.015600 0.015600 0.048300 0.100200 0.063400 0.048300 0.048000 0.000000 0.030900
MuntiacusM 0.065000 0.280700 0.064700 0.114000 0.118000 0.048400 0.048600 0.201000 0.047700 0.000000 0.048400 0.000000 0.065100 0.065400 0.084100 0.083100 0.046600 0.031000 0.048400 0.079100 0.100100 0.048400 0.016000 0.015500 0.048400 0.065100 0.065100 0.047700 0.118700 0.064200 0.000000 0.064500 0.063400 0.081000 0.048900 0.015500 0.065000 0.048400 0.048700 0.015500 0.031000 0.065100 0.000000 0.032700 0.031600 0.031700 0.118100 0.079900 0.031700 0.064500 0.049300 0.046700
goat 0.016600 0.313000 0.048700 0.098600 0.065900 0.000000 0.000100 0.144300 0.032000 0.048400 0.000000 0.048400 0.016300 0.016100 0.033100 0.032600 0.063700 0.047700 0.000000 0.063500 0.083800 0.000000 0.032000 0.032000 0.000000 0.016000 0.016300 0.032000 0.066500 0.048300 0.048400 0.015900 0.081100 0.031800 0.032900 0.032000 0.016300 0.000000 0.032700 0.032000 0.047900 0.016000 0.048400 0.048300 0.015900 0.016000 0.066200 0.031400 0.016000 0.048600 0.032000 0.064000
AfricanBuf 0.065000 0.280700 0.064700 0.114000 0.118000 0.048400 0.048600 0.201000 0.047700 0.000000 0.048400 0.000000 0.065100 0.065400 0.084100 0.083100 0.046600 0.031000 0.048400 0.079100 0.100100 0.048400 0.015500 0.015500 0.048400 0.065100 0.065100 0.047700 0.118700 0.064200 0.000000 0.064500 0.063400 0.081000 0.048900 0.015500 0.065000 0.048400 0.048700 0.015500 0.031000 0.065100 0.000000 0.031300 0.032400 0.031700 0.118100 0.079900 0.031700 0.064500 0.050200 0.046600
Topi 0.032200 0.285000 0.065500 0.080800 0.083200 0.016500 0.016100 0.163600 0.048300 0.065100 0.016300 0.065100 0.000000 0.032400 0.050100 0.049300 0.080400 0.064200 0.016000 0.080000 0.101600 0.016000 0.048400 0.048400 0.016000 0.032200 0.000000 0.048300 0.083900 0.065000 0.065100 0.032000 0.063800 0.015600 0.049700 0.048400 0.032200 0.016000 0.049500 0.048400 0.064400 0.032200 0.065100 0.065000 0.032000 0.032300 0.083400 0.047400 0.032200 0.065400 0.048300 0.080800
CommonDuik 0.032400 0.339000 0.065700 0.116700 0.048900 0.016100 0.016600 0.164200 0.048500 0.065400 0.016100 0.065400 0.032400 0.000000 0.050300 0.016100 0.047200 0.064500 0.016100 0.080300 0.102400 0.016100 0.048600 0.048600 0.016100 0.000100 0.032400 0.048500 0.049300 0.065300 0.065400 0.032100 0.098700 0.048400 0.050100 0.048600 0.032400 0.016100 0.049800 0.048600 0.064600 0.000100 0.065400 0.065300 0.032100 0.032400 0.084000 0.047800 0.032400 0.065600 0.048500 0.081100
Suni 0.050100 0.319800 0.084600 0.137400 0.103700 0.033100 0.033200 0.147600 0.066600 0.084100 0.033100 0.084100 0.050100 0.050300 0.000000 0.068300 0.099600 0.082900 0.033100 0.099100 0.085800 0.033100 0.066600 0.066600 0.033100 0.050100 0.050100 0.066600 0.104600 0.084000 0.084100 0.049600 0.082600 0.066400 0.068800 0.066600 0.016300 0.033100 0.068500 0.066600 0.083100 0.050100 0.084100 0.084100 0.049500 0.050100 0.067600 0.065500 0.050100 0.084500 0.066600 0.100100
Springbuck 0.049300 0.370500 0.083600 0.135800 0.066200 0.032600 0.032800 0.186200 0.065800 0.083100 0.032600 0.083100 0.049300 0.016100 0.068300 0.000000 0.063900 0.081900 0.032600 0.097900 0.121300 0.032600 0.065800 0.065800 0.032600 0.016700 0.049300 0.065800 0.032800 0.082900 0.083100 0.049000 0.117100 0.065400 0.067800 0.065800 0.049300 0.032600 0.067400 0.065800 0.082100 0.016000 0.083100 0.083000 0.048900 0.049300 0.102300 0.064500 0.049300 0.083400 0.065800 0.098900
Okapi 0.080300 0.300700 0.080200 0.129400 0.097100 0.063700 0.063900 0.216500 0.063100 0.046600 0.063700 0.046600 0.080400 0.047200 0.099600 0.063900 0.000000 0.046000 0.063700 0.094300 0.115300 0.063700 0.030800 0.030800 0.063700 0.047000 0.080400 0.063100 0.097700 0.079600 0.046600 0.079700 0.078500 0.096100 0.099200 0.030800 0.080300 0.063700 0.098600 0.030800 0.046100 0.047000 0.046600 0.046600 0.046900 0.080400 0.133300 0.094900 0.047000 0.080000 0.063100 0.030400
Giraffe 0.064200 0.279700 0.064100 0.112800 0.116200 0.047700 0.047900 0.198600 0.047300 0.031000 0.047700 0.031000 0.064200 0.064500 0.082900 0.081900 0.046000 0.000000 0.047700 0.078500 0.098600 0.047700 0.015400 0.015400 0.047700 0.064200 0.064200 0.047300 0.117000 0.063600 0.031000 0.063700 0.062600 0.079900 0.082500 0.015400 0.064200 0.047700 0.082100 0.015400 0.000100 0.064200 0.031000 0.031000 0.031300 0.064200 0.116600 0.079000 0.031300 0.063900 0.047300 0.046300
TibetanAnt 0.016000 0.313000 0.048700 0.098600 0.065900 0.000000 0.000100 0.144300 0.032000 0.048400 0.000000 0.048400 0.016000 0.016100 0.033100 0.032600 0.063700 0.047700 0.000000 0.063500 0.083800 0.000000 0.032000 0.032000 0.000000 0.016000 0.016500 0.032000 0.066500 0.048300 0.048400 0.015900 0.081100 0.031800 0.032900 0.032000 0.016500 0.000000 0.032700 0.032000 0.047900 0.016000 0.048400 0.048300 0.015900 0.016000 0.066200 0.031400 0.016300 0.048600 0.032000 0.064000
Sitatunga 0.046900 0.346900 0.046700 0.164700 0.096900 0.063500 0.063700 0.216100 0.031000 0.079100 0.063500 0.079100 0.080000 0.080300 0.099100 0.097900 0.094300 0.078500 0.063500 0.000000 0.114900 0.063500 0.062700 0.062700 0.063500 0.080000 0.080000 0.030700 0.098000 0.046400 0.079100 0.046900 0.112100 0.095700 0.098700 0.062700 0.079900 0.063500 0.098100 0.062700 0.078400 0.080000 0.079100 0.046400 0.046700 0.080000 0.132800 0.094600 0.080000 0.079500 0.030700 0.061600
Oribi 0.066000 0.308100 0.064700 0.153800 0.120000 0.083800 0.084400 0.202800 0.082700 0.100100 0.083800 0.100100 0.101600 0.102400 0.085800 0.121300 0.115300 0.098600 0.083800 0.114900 0.000000 0.083800 0.082500 0.082500 0.083800 0.101600 0.101600 0.082700 0.159500 0.100200 0.100100 0.100900 0.098500 0.117900 0.122300 0.082500 0.066000 0.083800 0.121600 0.082500 0.098800 0.101600 0.100100 0.065100 0.100700 0.101600 0.120000 0.116200 0.065900 0.137600 0.082700 0.080800
BarbaryShe 0.016000 0.313000 0.048700 0.098600 0.065900 0.000000 0.000100 0.144300 0.032000 0.048400 0.000000 0.048400 0.016000 0.016100 0.033100 0.032600 0.063700 0.047700 0.000000 0.063500 0.083800 0.000000 0.032000 0.032000 0.000000 0.016000 0.016000 0.032000 0.066500 0.048300 0.048400 0.015900 0.081100 0.033100 0.034100 0.032000 0.016000 0.000000 0.032700 0.032000 0.047900 0.016500 0.048400 0.048300 0.015900 0.016000 0.067800 0.031400 0.016000 0.048600 0.032000 0.064000
Daviddeer 0.048300 0.257000 0.048100 0.099100 0.100000 0.032000 0.032100 0.181200 0.031500 0.016000 0.032000 0.015500 0.048400 0.048600 0.066600 0.065800 0.030800 0.015400 0.032000 0.062700 0.082500 0.032000 0.000000 0.000000 0.032000 0.048400 0.048400 0.031500 0.100700 0.047700 0.015500 0.048000 0.047100 0.064200 0.066400 0.000000 0.048300 0.032000 0.066000 0.000000 0.015400 0.048400 0.015500 0.015500 0.016100 0.048400 0.100300 0.063400 0.015700 0.048000 0.031500 0.030900
Reindeer 0.048300 0.257000 0.048100 0.096600 0.100000 0.032000 0.032100 0.181200 0.032200 0.015500 0.032000 0.015500 0.048400 0.048600 0.066600 0.065800 0.030800 0.015400 0.032000 0.062700 0.082500 0.032000 0.000000 0.000000 0.032000 0.048400 0.048400 0.031500 0.100700 0.047700 0.015500 0.048000 0.047100 0.064200 0.066400 0.000000 0.048300 0.032000 0.066000 0.000000 0.015400 0.048400 0.015900 0.015500 0.015700 0.048400 0.100300 0.063400 0.015700 0.048000 0.031500 0.031200
Ibex 0.016000 0.313000 0.048700 0.098600 0.065900 0.000000 0.000100 0.144300 0.032000 0.048400 0.000000 0.048400 0.016000 0.016100 0.033100 0.032600 0.063700 0.047700 0.000000 0.063500 0.083800 0.000000 0.032000 0.032000 0.000000 0.016000 0.016000 0.032000 0.066500 0.048300 0.048400 0.015900 0.081100 0.031800 0.033600 0.032000 0.016000 0.000000 0.033200 0.032000 0.047900 0.016000 0.048400 0.048300 0.015900 0.016000 0.066200 0.031400 0.016000 0.048600 0.032000 0.064000
GyrantGaze 0.032300 0.338600 0.065500 0.116300 0.048600 0.016000 0.016100 0.163600 0.048300 0.065100 0.016000 0.065100 0.032200 0.000100 0.050100 0.016700 0.047000 0.064200 0.016000 0.080000 0.101600 0.016000 0.048400 0.048400 0.016000 0.000000 0.032200 0.048300 0.049000 0.065000 0.065100 0.032000 0.098300 0.050000 0.050900 0.048400 0.033200 0.016000 0.049400 0.048400 0.064400 0.000000 0.065100 0.065000 0.032000 0.032500 0.083400 0.047400 0.032200 0.065400 0.048300 0.080800
Hartebeest 0.032400 0.285000 0.065500 0.080800 0.083200 0.016500 0.016100 0.163600 0.048300 0.065100 0.016300 0.065100 0.000000 0.032400 0.050100 0.049300 0.080400 0.064200 0.016500 0.080000 0.101600 0.016000 0.048400 0.048400 0.016000 0.032200 0.000000 0.048300 0.083900 0.065000 0.065100 0.032000 0.063800 0.016100 0.050500 0.048400 0.032200 0.016000 0.049400 0.048400 0.064400 0.032200 0.065100 0.065000 0.032000 0.032100 0.083400 0.049500 0.032200 0.065400 0.048300 0.080800
Bongo 0.015700 0.307800 0.015700 0.132300 0.065000 0.032000 0.032100 0.181200 0.000000 0.047700 0.032000 0.047700 0.048300 0.048500 0.066600 0.065800 0.063100 0.047300 0.032000 0.030700 0.082700 0.032000 0.031500 0.031500 0.032000 0.048300 0.048300 0.000000 0.100700 0.015500 0.047700 0.048000 0.080400 0.064200 0.066300 0.031500 0.048300 0.032000 0.065900 0.031500 0.047200 0.048300 0.047700 0.015600 0.015600 0.048300 0.100200 0.063400 0.048300 0.048000 0.000000 0.030900
Gerenuk 0.083800 0.428200 0.119400 0.173500 0.101300 0.066500 0.067000 0.186100 0.100700 0.118700 0.066500 0.118700 0.083900 0.049300 0.104600 0.032800 0.097700 0.117000 0.066500 0.098000 0.159500 0.066500 0.100700 0.100700 0.066500 0.049000 0.083900 0.100700 0.000000 0.118500 0.118700 0.049100 0.153700 0.100000 0.103800 0.100700 0.083800 0.066500 0.067300 0.100700 0.117300 0.049000 0.118700 0.118600 0.083200 0.083900 0.102200 0.098700 0.083900 0.119200 0.100700 0.134600
CommonElan 0.031700 0.333100 0.031500 0.150500 0.082000 0.048300 0.048500 0.201100 0.015500 0.064200 0.048300 0.064200 0.065000 0.065300 0.084000 0.082900 0.079600 0.063600 0.048300 0.046400 0.100200 0.048300 0.047700 0.047700 0.048300 0.065000 0.065000 0.015500 0.118500 0.000000 0.064200 0.064500 0.097500 0.080900 0.083600 0.047700 0.064900 0.048300 0.083200 0.047700 0.063500 0.065000 0.064200 0.031400 0.031500 0.065000 0.118000 0.079800 0.065000 0.066600 0.015500 0.046800
MuntiacusR 0.065000 0.280700 0.064700 0.114000 0.118000 0.048400 0.048600 0.201000 0.047700 0.000000 0.048400 0.000000 0.065100 0.065400 0.084100 0.083100 0.046600 0.031000 0.048400 0.079100 0.100100 0.048400 0.015500 0.015500 0.048400 0.065100 0.065100 0.047700 0.118700 0.064200 0.000000 0.064500 0.063400 0.081000 0.048900 0.015500 0.065000 0.048400 0.048700 0.015500 0.031000 0.065100 0.000000 0.031300 0.031600 0.031700 0.118100 0.079900 0.031700 0.066600 0.047700 0.046700
HarveysDui 0.032000 0.333800 0.065000 0.115100 0.082600 0.015900 0.016200 0.162500 0.048000 0.064500 0.015900 0.064500 0.032000 0.032100 0.049600 0.049000 0.079700 0.063700 0.015900 0.046900 0.100900 0.015900 0.048000 0.048000 0.015900 0.032000 0.032000 0.048000 0.049100 0.064500 0.064500 0.000000 0.097400 0.047800 0.049500 0.048000 0.032000 0.015900 0.049200 0.048000 0.063900 0.032000 0.064500 0.064500 0.031800 0.032000 0.083100 0.047300 0.032000 0.064900 0.048000 0.080100
Pronghorn 0.098200 0.228700 0.098100 0.112400 0.153100 0.081100 0.081400 0.239100 0.080400 0.063400 0.081100 0.063400 0.063800 0.098700 0.082600 0.117100 0.078500 0.062600 0.081100 0.112100 0.098500 0.081100 0.047100 0.047100 0.081100 0.098300 0.063800 0.080400 0.153700 0.097500 0.063400 0.097400 0.000000 0.079500 0.117900 0.047100 0.064000 0.081100 0.117400 0.047100 0.062700 0.098300 0.063400 0.063300 0.063700 0.098300 0.115900 0.112700 0.063800 0.097800 0.080400 0.078700
BlueWildeb 0.048000 0.303100 0.081500 0.096600 0.099300 0.031800 0.032000 0.180600 0.064200 0.081000 0.031800 0.081000 0.015600 0.048400 0.066400 0.065400 0.096100 0.079900 0.031800 0.095700 0.117900 0.033100 0.064200 0.064200 0.031800 0.050000 0.016100 0.064200 0.100000 0.080900 0.081000 0.047800 0.079500 0.000000 0.065900 0.064200 0.050000 0.031800 0.065500 0.064200 0.080100 0.050300 0.081000 0.080900 0.047700 0.048000 0.099600 0.063000 0.048000 0.081300 0.064200 0.096500
Gemsbok 0.049700 0.374200 0.084200 0.136800 0.102900 0.032800 0.033100 0.188100 0.066300 0.048900 0.032900 0.048900 0.049700 0.050100 0.068800 0.067800 0.099200 0.082500 0.032900 0.098700 0.122300 0.034100 0.066400 0.066400 0.033600 0.050900 0.050500 0.066300 0.103800 0.083600 0.048900 0.049500 0.117900 0.065900 0.000000 0.066400 0.049700 0.034200 0.033100 0.066400 0.082800 0.049700 0.048900 0.083700 0.049400 0.016200 0.103200 0.065000 0.049700 0.084100 0.066300 0.099600
Yak 0.048300 0.257000 0.048100 0.096600 0.100000 0.032000 0.032100 0.181200 0.031500 0.015500 0.032000 0.015500 0.048400 0.048600 0.066600 0.065800 0.030800 0.015400 0.032000 0.062700 0.082500 0.032000 0.000000 0.000000 0.032000 0.048400 0.048400 0.031500 0.100700 0.047700 0.015500 0.048000 0.047100 0.064200 0.066400 0.000000 0.048300 0.032000 0.066000 0.000000 0.015400 0.048400 0.015500 0.015500 0.015700 0.048400 0.100300 0.063400 0.015700 0.048000 0.031500 0.030900
BlueSheep 0.032500 0.285800 0.065400 0.116200 0.083100 0.016000 0.016100 0.163600 0.048300 0.065000 0.016300 0.065000 0.032200 0.032400 0.016300 0.049300 0.080300 0.064200 0.016500 0.079900 0.066000 0.016000 0.048300 0.048300 0.016000 0.033200 0.032200 0.048300 0.083800 0.064900 0.065000 0.032000 0.064000 0.050000 0.049700 0.048300 0.000000 0.016400 0.049400 0.048300 0.064300 0.032200 0.065000 0.065000 0.032000 0.033300 0.048800 0.047400 0.032200 0.065300 0.048300 0.080700
BohorReedb 0.016000 0.313000 0.048700 0.098600 0.067700 0.000000 0.000100 0.144300 0.032000 0.048400 0.000000 0.048400 0.016000 0.016100 0.033100 0.032600 0.063700 0.047700 0.000000 0.063500 0.083800 0.000000 0.032000 0.032000 0.000000 0.016000 0.016000 0.032000 0.066500 0.048300 0.048400 0.015900 0.081100 0.031800 0.034200 0.032000 0.016400 0.000000 0.032700 0.032000 0.047900 0.016000 0.048400 0.048300 0.015900 0.016000 0.066200 0.031300 0.016000 0.048600 0.032000 0.064000
KirksDik 0.049400 0.371900 0.083800 0.136100 0.102300 0.032700 0.032900 0.145800 0.065900 0.048700 0.032700 0.048700 0.049500 0.049800 0.068500 0.067400 0.098600 0.082100 0.032700 0.098100 0.121600 0.032700 0.066000 0.066000 0.033200 0.049400 0.049400 0.065900 0.067300 0.083200 0.048700 0.049200 0.117400 0.065500 0.033100 0.066000 0.049400 0.032700 0.000000 0.066000 0.082300 0.049400 0.048700 0.083200 0.049100 0.016100 0.066900 0.064700 0.049400 0.083600 0.065900 0.099100
RoeDeer 0.048300 0.257000 0.048100 0.096600 0.100000 0.032000 0.032100 0.181200 0.031500 0.015500 0.032000 0.015500 0.048400 0.048600 0.066600 0.065800 0.030800 0.015400 0.032000 0.062700 0.082500 0.032000 0.000000 0.000000 0.032000 0.048400 0.048400 0.031500 0.100700 0.047700 0.015500 0.048000 0.047100 0.064200 0.066400 0.000000 0.048300 0.032000 0.066000 0.000000 0.015900 0.048400 0.015500 0.015500 0.015700 0.048400 0.100300 0.063400 0.015700 0.048000 0.031700 0.030900
WhiteLippe 0.064300 0.276900 0.064000 0.112700 0.116500 0.047900 0.048100 0.199200 0.047200 0.031000 0.047900 0.031000 0.064400 0.064600 0.083100 0.082100 0.046100 0.000100 0.047900 0.078400 0.098800 0.047900 0.015400 0.015400 0.047900 0.064400 0.064400 0.047200 0.117300 0.063500 0.031000 0.063900 0.062700 0.080100 0.082800 0.015400 0.064300 0.047900 0.082300 0.015900 0.000000 0.064400 0.031000 0.031000 0.031300 0.064400 0.116900 0.079200 0.031400 0.063900 0.047200 0.046200
ThomsonGaz 0.032200 0.338600 0.065500 0.116300 0.048600 0.016000 0.016100 0.163600 0.048300 0.065100 0.016000 0.065100 0.032200 0.000100 0.050100 0.016000 0.047000 0.064200 0.016000 0.080000 0.101600 0.016500 0.048400 0.048400 0.016000 0.000000 0.032200 0.048300 0.049000 0.065000 0.065100 0.032000 0.098300 0.050300 0.049700 0.048400 0.032200 0.016000 0.049400 0.048400 0.064400 0.000000 0.065100 0.065000 0.032000 0.032200 0.083400 0.047400 0.032200 0.065400 0.048300 0.080800
MuntiacusC 0.065000 0.280700 0.067000 0.114000 0.118000 0.048400 0.048600 0.201000 0.047700 0.000000 0.048400 0.000000 0.065100 0.065400 0.084100 0.083100 0.046600 0.031000 0.048400 0.079100 0.100100 0.048400 0.015500 0.015900 0.048400 0.065100 0.065100 0.047700 0.118700 0.064200 0.000000 0.064500 0.063400 0.081000 0.048900 0.015500 0.065000 0.048400 0.048700 0.015500 0.031000 0.065100 0.000000 0.031300 0.031600 0.031700 0.118100 0.079900 0.031700 0.064500 0.047700 0.046700
WhiteTaile 0.031800 0.280500 0.031600 0.113900 0.082100 0.048300 0.048500 0.201100 0.015600 0.032700 0.048300 0.031300 0.065000 0.065300 0.084100 0.083000 0.046600 0.031000 0.048300 0.046400 0.065100 0.048300 0.015500 0.015500 0.048300 0.065000 0.065000 0.015600 0.118600 0.031400 0.031300 0.064500 0.063300 0.080900 0.083700 0.015500 0.065000 0.048300 0.083200 0.015500 0.031000 0.065000 0.031300 0.000000 0.031500 0.065000 0.118000 0.079900 0.031700 0.064500 0.015600 0.015700
Cattle 0.032000 0.283500 0.031800 0.114600 0.082500 0.015900 0.015900 0.161900 0.015600 0.031600 0.015900 0.032400 0.032000 0.032100 0.049500 0.048900 0.046900 0.031300 0.015900 0.046700 0.100700 0.015900 0.016100 0.015700 0.015900 0.032000 0.032000 0.015600 0.083200 0.031500 0.031600 0.031800 0.063700 0.047700 0.049400 0.015700 0.032000 0.015900 0.049100 0.015700 0.031300 0.032000 0.031600 0.031500 0.000000 0.032000 0.082900 0.047200 0.032000 0.031700 0.016100 0.049600
RoyalAntel 0.033100 0.338600 0.065500 0.116300 0.083200 0.016000 0.016100 0.163600 0.048300 0.031700 0.016000 0.031700 0.032300 0.032400 0.050100 0.049300 0.080400 0.064200 0.016000 0.080000 0.101600 0.016000 0.048400 0.048400 0.016000 0.032500 0.032100 0.048300 0.083900 0.065000 0.031700 0.032000 0.098300 0.048000 0.016200 0.048400 0.033300 0.016000 0.016100 0.048400 0.064400 0.032200 0.031700 0.065000 0.032000 0.000000 0.083400 0.047400 0.032200 0.065400 0.048300 0.080800
Steenbok 0.083400 0.311000 0.119000 0.172500 0.138200 0.066200 0.066700 0.185900 0.100200 0.118100 0.066200 0.118100 0.083400 0.084000 0.067600 0.102300 0.133300 0.116600 0.066200 0.132800 0.120000 0.067800 0.100300 0.100300 0.066200 0.083400 0.083400 0.100200 0.102200 0.118000 0.118100 0.083100 0.115900 0.099600 0.103200 0.100300 0.048800 0.066200 0.066900 0.100300 0.116900 0.083400 0.118100 0.118000 0.082900 0.083400 0.000000 0.098400 0.083400 0.082700 0.100200 0.134000
Impala 0.047400 0.351700 0.080500 0.130500 0.097900 0.031400 0.031600 0.178700 0.063400 0.079900 0.031400 0.079900 0.047400 0.047800 0.065500 0.064500 0.094900 0.079000 0.031400 0.094600 0.116200 0.031400 0.063400 0.063400 0.031400 0.047400 0.049500 0.063400 0.098700 0.079800 0.079900 0.047300 0.112700 0.063000 0.065000 0.063400 0.047400 0.031300 0.064700 0.063400 0.079200 0.047400 0.079900 0.079900 0.047200 0.047400 0.098400 0.000000 0.047400 0.080400 0.063400 0.095300
Klipspring 0.032200 0.285000 0.065500 0.080800 0.083200 0.016000 0.016100 0.163600 0.048300 0.031700 0.016000 0.031700 0.032200 0.032400 0.050100 0.049300 0.047000 0.031300 0.016300 0.080000 0.065900 0.016000 0.015700 0.015700 0.016000 0.032200 0.032200 0.048300 0.083900 0.065000 0.031700 0.032000 0.063800 0.048000 0.049700 0.015700 0.032200 0.016000 0.049400 0.015700 0.031400 0.032200 0.031700 0.031700 0.032000 0.032200 0.083400 0.047400 0.000000 0.065400 0.048300 0.047200
ForestMusk 0.065300 0.282300 0.065000 0.150900 0.118200 0.048600 0.048900 0.203400 0.048000 0.064500 0.048600 0.064500 0.065400 0.065600 0.084500 0.083400 0.080000 0.063900 0.048600 0.079500 0.137600 0.048600 0.048000 0.048000 0.048600 0.065400 0.065400 0.048000 0.119200 0.066600 0.066600 0.064900 0.097800 0.081300 0.084100 0.048000 0.065300 0.048600 0.083600 0.048000 0.063900 0.065400 0.064500 0.064500 0.031700 0.065400 0.082700 0.080400 0.065400 0.000000 0.048000 0.080100
Bushbuck 0.015700 0.307800 0.015700 0.132300 0.065000 0.032000 0.032100 0.181200 0.000000 0.049300 0.032000 0.050200 0.048300 0.048500 0.066600 0.065800 0.063100 0.047300 0.032000 0.030700 0.082700 0.032000 0.031500 0.031500 0.032000 0.048300 0.048300 0.000000 0.100700 0.015500 0.047700 0.048000 0.080400 0.064200 0.066300 0.031500 0.048300 0.032000 0.065900 0.031700 0.047200 0.048300 0.047700 0.015600 0.016100 0.048300 0.100200 0.063400 0.048300 0.048000 0.000000 0.030900
GreaterKud 0.047300 0.298000 0.047100 0.129500 0.097900 0.064000 0.064300 0.217700 0.030900 0.046700 0.064000 0.046600 0.080800 0.081100 0.100100 0.098900 0.030400 0.046300 0.064000 0.061600 0.080800 0.064000 0.030900 0.031200 0.064000 0.080800 0.080800 0.030900 0.134600 0.046800 0.046700 0.080100 0.078700 0.096500 0.099600 0.030900 0.080700 0.064000 0.099100 0.030900 0.046200 0.080800 0.046700 0.015700 0.049600 0.080800 0.134000 0.095300 0.047200 0.080100 0.030900 0.000000
