CODONML (in paml version 4.10.7, June 2023)  /home/rachel/ruminants_paml/6406-phy-tree/ENSBTAT00000000718.fasta.phy
Model: free dN/dS Ratios for branches,  kappa = 2.000 fixed

Codon frequency model: F3x4
ns =  54  ls = 234

Codon usage in sequences
--------------------------------------------------------------------------------------------------------------------------------------
Phe TTT   8   7   8   8   8   7 | Ser TCT   1   0   1   1   1   1 | Tyr TAT   6   6   7   7   6   7 | Cys TGT   4   3   3   3   3   3
    TTC   3   4   3   3   3   4 |     TCC   2   3   2   2   2   2 |     TAC   3   3   2   2   3   2 |     TGC   1   2   2   2   2   2
Leu TTA   1   1   2   1   1   0 |     TCA   2   2   2   2   2   2 | *** TAA   0   0   0   0   0   0 | *** TGA   0   0   0   0   0   0
    TTG   4   4   3   4   4   5 |     TCG   0   0   0   0   0   0 |     TAG   0   0   0   0   0   0 | Trp TGG   7   7   7   7   7   7
--------------------------------------------------------------------------------------------------------------------------------------
Leu CTT   3   3   3   3   3   3 | Pro CCT   4   4   4   4   5   4 | His CAT   3   4   3   2   4   4 | Arg CGT   1   1   1   1   1   1
    CTC   5   6   5   5   5   5 |     CCC   3   3   3   3   2   3 |     CAC   6   5   6   7   5   5 |     CGC   2   2   2   2   2   2
    CTA   2   1   1   1   0   1 |     CCA   9   9   9   9  10  10 | Gln CAA   1   0   1   1   0   1 |     CGA   4   4   4   4   3   3
    CTG  10  10  11  11  12  11 |     CCG   1   1   1   1   0   0 |     CAG   5   6   5   5   6   5 |     CGG   1   1   1   1   2   2
--------------------------------------------------------------------------------------------------------------------------------------
Ile ATT   3   3   3   3   3   3 | Thr ACT   3   2   3   3   2   2 | Asn AAT   8   7   8   8   7   7 | Ser AGT   1   0   1   1   0   0
    ATC   8   8   8   8   8   8 |     ACC   2   4   2   2   2   2 |     AAC   7   8   7   7   8   8 |     AGC   2   3   2   2   3   3
    ATA   2   2   2   2   2   2 |     ACA   5   4   5   5   5   6 | Lys AAA   3   3   3   3   3   3 | Arg AGA   2   2   2   2   2   2
Met ATG   5   5   5   5   5   5 |     ACG   0   0   0   0   1   0 |     AAG   6   6   6   6   6   6 |     AGG   6   6   6   6   6   6
--------------------------------------------------------------------------------------------------------------------------------------
Val GTT   5   4   5   5   2   4 | Ala GCT   4   4   4   4   4   4 | Asp GAT   6   5   7   6   7   6 | Gly GGT   3   2   3   3   3   2
    GTC   2   3   2   2   3   2 |     GCC   0   0   0   0   0   0 |     GAC   3   4   2   3   2   3 |     GGC   6   6   6   6   6   6
    GTA   1   1   1   1   0   2 |     GCA   5   5   5   5   6   5 | Glu GAA   6   6   6   7   6   5 |     GGA  11  12  11  11  10  12
    GTG   8   8   8   8  11   8 |     GCG   1   1   1   1   0   1 |     GAG   5   5   5   4   5   6 |     GGG   3   3   3   3   4   3
--------------------------------------------------------------------------------------------------------------------------------------

--------------------------------------------------------------------------------------------------------------------------------------
Phe TTT   8   8   8   8   8   8 | Ser TCT   1   1   1   1   1   1 | Tyr TAT   7   6   7   6   7   7 | Cys TGT   4   4   4   4   3   3
    TTC   3   3   3   3   3   3 |     TCC   2   2   2   2   2   2 |     TAC   2   3   2   3   2   2 |     TGC   1   1   1   1   2   2
Leu TTA   1   1   1   1   1   1 |     TCA   2   2   2   2   2   2 | *** TAA   0   0   0   0   0   0 | *** TGA   0   0   0   0   0   0
    TTG   4   4   3   4   4   4 |     TCG   0   0   0   0   0   0 |     TAG   0   0   0   0   0   0 | Trp TGG   7   7   7   7   7   7
--------------------------------------------------------------------------------------------------------------------------------------
Leu CTT   3   3   3   3   3   3 | Pro CCT   4   4   4   4   4   4 | His CAT   3   3   3   4   3   3 | Arg CGT   1   1   1   1   1   1
    CTC   5   5   5   5   5   5 |     CCC   3   3   3   3   3   3 |     CAC   6   6   6   5   6   6 |     CGC   2   2   2   2   2   2
    CTA   1   2   1   1   1   1 |     CCA   9   9   9   9   9  10 | Gln CAA   1   1   1   1   1   1 |     CGA   4   4   4   4   4   4
    CTG  11  10  12  11  11  11 |     CCG   1   1   1   1   1   0 |     CAG   5   5   5   5   5   5 |     CGG   1   1   1   1   1   1
--------------------------------------------------------------------------------------------------------------------------------------
Ile ATT   3   3   3   3   3   3 | Thr ACT   3   3   3   3   3   3 | Asn AAT   8   8   8   8   8   8 | Ser AGT   1   1   1   1   1   1
    ATC   8   8   8   8   8   8 |     ACC   2   2   2   2   2   2 |     AAC   7   7   7   7   7   7 |     AGC   2   2   2   2   2   2
    ATA   2   2   2   2   2   2 |     ACA   5   5   5   5   5   5 | Lys AAA   3   3   3   3   3   3 | Arg AGA   2   2   3   2   2   2
Met ATG   5   5   5   5   5   5 |     ACG   0   0   0   0   0   0 |     AAG   6   6   6   6   6   6 |     AGG   6   6   5   6   6   6
--------------------------------------------------------------------------------------------------------------------------------------
Val GTT   5   5   5   5   5   5 | Ala GCT   4   4   4   3   4   4 | Asp GAT   6   6   6   6   7   6 | Gly GGT   3   3   3   3   3   3
    GTC   2   2   2   2   2   2 |     GCC   0   0   0   1   0   0 |     GAC   3   3   3   3   2   3 |     GGC   6   6   6   6   6   6
    GTA   1   1   0   1   1   1 |     GCA   5   5   5   5   5   5 | Glu GAA   6   6   6   6   6   6 |     GGA  11  11  11  11  11  11
    GTG   8   8   9   8   8   8 |     GCG   1   1   1   1   1   1 |     GAG   5   5   5   5   5   5 |     GGG   3   3   3   3   3   3
--------------------------------------------------------------------------------------------------------------------------------------

--------------------------------------------------------------------------------------------------------------------------------------
Phe TTT   8   8   8   8   8   8 | Ser TCT   1   1   1   1   1   1 | Tyr TAT   7   7   7   6   7   7 | Cys TGT   4   3   4   4   4   4
    TTC   3   3   3   3   3   3 |     TCC   2   2   2   2   2   2 |     TAC   2   2   2   3   2   2 |     TGC   1   2   1   1   1   1
Leu TTA   1   1   1   1   1   1 |     TCA   2   2   2   2   2   2 | *** TAA   0   0   0   0   0   0 | *** TGA   0   0   0   0   0   0
    TTG   4   4   4   4   4   4 |     TCG   0   0   0   0   0   0 |     TAG   0   0   0   0   0   0 | Trp TGG   7   7   7   7   7   7
--------------------------------------------------------------------------------------------------------------------------------------
Leu CTT   3   3   3   3   3   3 | Pro CCT   4   4   4   4   4   4 | His CAT   3   3   2   3   3   3 | Arg CGT   1   1   1   1   1   1
    CTC   5   4   5   5   5   5 |     CCC   3   3   3   3   3   3 |     CAC   6   6   7   6   6   6 |     CGC   2   2   2   2   2   2
    CTA   1   1   1   1   1   1 |     CCA   9   9   9   9   9   9 | Gln CAA   1   1   1   1   1   1 |     CGA   4   4   4   4   4   4
    CTG  11  12  11  11  11  11 |     CCG   1   1   1   1   1   1 |     CAG   5   5   5   5   5   5 |     CGG   1   1   1   1   1   1
--------------------------------------------------------------------------------------------------------------------------------------
Ile ATT   3   3   3   3   3   3 | Thr ACT   3   3   3   3   3   3 | Asn AAT   8   9   8   8   8   8 | Ser AGT   1   1   1   1   1   1
    ATC   8   8   8   8   8   8 |     ACC   2   2   2   2   2   2 |     AAC   7   6   7   7   7   7 |     AGC   2   2   2   2   2   2
    ATA   2   2   2   2   2   2 |     ACA   5   4   5   5   5   5 | Lys AAA   3   3   3   3   3   3 | Arg AGA   2   2   2   2   2   3
Met ATG   5   5   5   5   5   5 |     ACG   0   1   0   0   0   0 |     AAG   6   6   6   6   6   6 |     AGG   6   6   6   6   6   5
--------------------------------------------------------------------------------------------------------------------------------------
Val GTT   5   5   5   5   5   5 | Ala GCT   4   4   4   4   3   4 | Asp GAT   6   7   6   6   6   6 | Gly GGT   3   3   3   3   3   3
    GTC   2   2   2   2   2   2 |     GCC   0   0   0   0   1   0 |     GAC   3   2   3   3   3   3 |     GGC   6   6   6   6   6   6
    GTA   1   1   1   1   1   1 |     GCA   5   5   5   5   5   5 | Glu GAA   6   6   6   6   6   6 |     GGA  11  11  11  11  11  11
    GTG   8   8   8   8   8   8 |     GCG   1   1   1   1   1   1 |     GAG   5   5   5   5   5   5 |     GGG   3   3   3   3   3   3
--------------------------------------------------------------------------------------------------------------------------------------

--------------------------------------------------------------------------------------------------------------------------------------
Phe TTT   8   8   8   8   8   8 | Ser TCT   1   1   1   1   1   1 | Tyr TAT   7   7   7   7   7   7 | Cys TGT   3   3   4   3   4   4
    TTC   3   3   3   3   3   3 |     TCC   2   2   2   2   2   2 |     TAC   2   2   2   2   2   2 |     TGC   2   2   1   2   1   1
Leu TTA   1   1   1   1   1   1 |     TCA   2   2   2   2   2   2 | *** TAA   0   0   0   0   0   0 | *** TGA   0   0   0   0   0   0
    TTG   4   4   4   4   4   5 |     TCG   0   0   0   0   0   0 |     TAG   0   0   0   0   0   0 | Trp TGG   7   7   7   7   7   7
--------------------------------------------------------------------------------------------------------------------------------------
Leu CTT   3   3   3   3   3   2 | Pro CCT   4   4   4   4   4   4 | His CAT   4   5   3   3   3   3 | Arg CGT   1   1   1   1   1   1
    CTC   5   5   5   5   5   6 |     CCC   3   3   3   3   3   3 |     CAC   5   4   6   6   6   6 |     CGC   2   2   2   2   2   2
    CTA   1   1   1   1   1   1 |     CCA  10  10   9   9  10   9 | Gln CAA   0   1   1   1   1   1 |     CGA   4   4   4   4   4   4
    CTG  11  11  11  11  11  10 |     CCG   0   0   1   1   0   1 |     CAG   6   5   5   5   5   5 |     CGG   1   1   1   1   1   1
--------------------------------------------------------------------------------------------------------------------------------------
Ile ATT   3   3   3   3   3   3 | Thr ACT   3   3   3   3   3   3 | Asn AAT   8   8   8   8   7   8 | Ser AGT   1   1   1   1   1   1
    ATC   8   8   8   8   8   8 |     ACC   2   2   2   2   2   2 |     AAC   7   7   7   7   8   7 |     AGC   2   2   2   2   2   2
    ATA   2   2   2   2   2   2 |     ACA   5   5   5   5   5   5 | Lys AAA   3   3   3   3   3   3 | Arg AGA   2   2   2   2   2   2
Met ATG   5   5   5   5   5   5 |     ACG   0   0   0   0   0   0 |     AAG   6   6   6   6   6   6 |     AGG   6   6   6   6   6   6
--------------------------------------------------------------------------------------------------------------------------------------
Val GTT   5   5   5   5   5   5 | Ala GCT   4   4   4   4   4   4 | Asp GAT   7   7   6   7   6   6 | Gly GGT   3   3   3   3   3   3
    GTC   2   2   2   2   2   2 |     GCC   0   0   0   0   0   0 |     GAC   2   2   3   2   3   3 |     GGC   6   6   6   6   6   6
    GTA   1   1   1   1   1   1 |     GCA   5   5   5   5   5   5 | Glu GAA   5   5   6   6   6   6 |     GGA  11  11  11  11  11  11
    GTG   8   8   8   8   8   8 |     GCG   1   1   1   1   1   1 |     GAG   6   6   5   5   5   5 |     GGG   3   3   3   3   3   3
--------------------------------------------------------------------------------------------------------------------------------------

--------------------------------------------------------------------------------------------------------------------------------------
Phe TTT   8   8   8   8   8   8 | Ser TCT   1   1   1   1   1   1 | Tyr TAT   7   7   7   7   7   7 | Cys TGT   3   3   4   4   4   3
    TTC   3   3   3   3   3   3 |     TCC   2   2   2   2   2   2 |     TAC   2   2   2   2   2   2 |     TGC   2   2   1   1   1   2
Leu TTA   1   1   1   1   1   1 |     TCA   2   2   2   2   2   2 | *** TAA   0   0   0   0   0   0 | *** TGA   0   0   0   0   0   0
    TTG   4   4   4   4   4   4 |     TCG   0   0   0   0   0   0 |     TAG   0   0   0   0   0   0 | Trp TGG   7   7   7   7   7   7
--------------------------------------------------------------------------------------------------------------------------------------
Leu CTT   3   3   3   3   3   3 | Pro CCT   4   4   4   4   4   4 | His CAT   3   3   3   3   2   3 | Arg CGT   1   1   1   1   1   1
    CTC   5   5   5   5   5   6 |     CCC   3   3   3   3   3   3 |     CAC   6   6   6   6   7   6 |     CGC   2   2   2   2   2   2
    CTA   1   2   1   1   1   1 |     CCA  10  10   9   9   9   9 | Gln CAA   1   1   1   1   1   1 |     CGA   4   4   4   4   4   4
    CTG  11  10  11  11  11  10 |     CCG   0   0   1   1   1   1 |     CAG   5   5   5   5   5   5 |     CGG   1   1   1   1   1   1
--------------------------------------------------------------------------------------------------------------------------------------
Ile ATT   3   3   3   3   3   3 | Thr ACT   3   3   3   3   3   3 | Asn AAT   8   8   8   8   8   8 | Ser AGT   1   1   1   1   1   1
    ATC   8   8   8   7   8   8 |     ACC   2   2   2   2   2   2 |     AAC   7   7   7   7   7   7 |     AGC   2   2   2   2   2   2
    ATA   2   2   2   3   2   2 |     ACA   5   5   5   5   5   5 | Lys AAA   3   3   3   4   3   3 | Arg AGA   2   2   2   2   2   2
Met ATG   5   5   5   5   5   5 |     ACG   0   0   0   0   0   0 |     AAG   6   6   6   5   6   6 |     AGG   6   6   6   6   6   6
--------------------------------------------------------------------------------------------------------------------------------------
Val GTT   5   5   5   5   5   5 | Ala GCT   4   4   4   4   4   4 | Asp GAT   6   7   6   6   6   7 | Gly GGT   3   3   3   3   3   3
    GTC   2   2   2   2   2   2 |     GCC   0   0   0   0   0   0 |     GAC   3   2   3   3   3   2 |     GGC   6   6   6   6   6   6
    GTA   1   1   1   1   1   1 |     GCA   5   5   5   5   5   5 | Glu GAA   6   6   6   6   6   6 |     GGA  11  11  11  11  11  11
    GTG   8   8   8   8   8   8 |     GCG   1   1   1   1   1   1 |     GAG   5   5   5   5   5   5 |     GGG   3   3   3   3   3   3
--------------------------------------------------------------------------------------------------------------------------------------

--------------------------------------------------------------------------------------------------------------------------------------
Phe TTT   8   8   8   8   8   8 | Ser TCT   1   1   1   1   1   1 | Tyr TAT   6   7   7   7   7   7 | Cys TGT   4   3   3   4   3   4
    TTC   3   3   3   3   3   3 |     TCC   2   2   2   2   2   2 |     TAC   3   2   2   2   2   2 |     TGC   1   2   2   1   2   1
Leu TTA   1   1   1   1   1   1 |     TCA   2   2   2   2   2   2 | *** TAA   0   0   0   0   0   0 | *** TGA   0   0   0   0   0   0
    TTG   4   4   4   4   3   4 |     TCG   0   0   0   0   0   0 |     TAG   0   0   0   0   0   0 | Trp TGG   7   7   7   7   7   7
--------------------------------------------------------------------------------------------------------------------------------------
Leu CTT   3   3   3   3   3   3 | Pro CCT   4   4   4   4   4   4 | His CAT   3   3   3   3   3   2 | Arg CGT   1   1   1   1   1   1
    CTC   5   5   5   5   5   5 |     CCC   3   3   3   3   3   3 |     CAC   6   6   6   6   6   7 |     CGC   2   2   2   2   2   2
    CTA   1   1   1   1   1   1 |     CCA  10   9  10   9   9   9 | Gln CAA   1   1   1   1   0   1 |     CGA   4   4   4   4   4   4
    CTG  11  11  11  11  12  11 |     CCG   0   1   0   1   1   1 |     CAG   5   5   5   5   6   5 |     CGG   1   1   1   1   1   1
--------------------------------------------------------------------------------------------------------------------------------------
Ile ATT   3   3   3   3   3   2 | Thr ACT   3   3   3   3   3   3 | Asn AAT   8   8   8   8   8   8 | Ser AGT   1   1   1   1   1   1
    ATC   8   8   8   8   8   9 |     ACC   2   2   2   2   2   2 |     AAC   7   7   7   7   7   7 |     AGC   2   2   2   2   2   2
    ATA   2   2   2   2   2   2 |     ACA   5   5   5   5   5   5 | Lys AAA   3   3   3   3   3   3 | Arg AGA   2   2   2   2   2   2
Met ATG   5   5   5   5   5   5 |     ACG   0   0   0   0   0   0 |     AAG   6   6   6   6   6   6 |     AGG   6   6   6   6   6   6
--------------------------------------------------------------------------------------------------------------------------------------
Val GTT   5   5   5   5   5   5 | Ala GCT   4   4   4   4   4   4 | Asp GAT   6   7   6   6   6   6 | Gly GGT   3   3   3   3   3   3
    GTC   2   2   2   2   1   2 |     GCC   0   0   0   0   0   0 |     GAC   3   2   3   3   3   3 |     GGC   5   6   6   6   6   6
    GTA   1   1   1   1   1   1 |     GCA   5   5   5   5   6   5 | Glu GAA   6   6   6   6   5   6 |     GGA  11  11  11  11  11  11
    GTG   8   8   8   8   9   8 |     GCG   1   1   1   1   0   1 |     GAG   5   5   5   5   6   5 |     GGG   4   3   3   3   3   3
--------------------------------------------------------------------------------------------------------------------------------------

--------------------------------------------------------------------------------------------------------------------------------------
Phe TTT   8   8   8   8   8   8 | Ser TCT   1   1   1   1   1   1 | Tyr TAT   7   7   7   7   7   7 | Cys TGT   4   3   4   4   4   3
    TTC   3   3   3   3   3   3 |     TCC   2   2   2   2   2   2 |     TAC   2   2   2   2   2   2 |     TGC   1   2   1   1   1   2
Leu TTA   1   1   1   1   1   1 |     TCA   2   2   2   2   2   2 | *** TAA   0   0   0   0   0   0 | *** TGA   0   0   0   0   0   0
    TTG   3   4   4   4   4   4 |     TCG   0   0   0   0   0   0 |     TAG   0   0   0   0   0   0 | Trp TGG   7   7   7   7   7   7
--------------------------------------------------------------------------------------------------------------------------------------
Leu CTT   3   4   3   3   3   3 | Pro CCT   4   4   4   4   4   4 | His CAT   4   3   3   3   3   3 | Arg CGT   1   1   1   1   1   1
    CTC   5   4   5   5   5   4 |     CCC   3   3   3   3   3   3 |     CAC   5   6   6   6   6   6 |     CGC   2   2   2   2   2   2
    CTA   1   1   1   1   1   1 |     CCA   9   9   9   9   9  10 | Gln CAA   1   1   1   1   1   1 |     CGA   4   4   4   4   4   4
    CTG  12  11  11  11  11  12 |     CCG   1   1   1   1   1   0 |     CAG   5   5   5   5   5   5 |     CGG   1   1   1   1   1   1
--------------------------------------------------------------------------------------------------------------------------------------
Ile ATT   3   3   3   3   3   3 | Thr ACT   3   3   3   3   3   3 | Asn AAT   8   8   8   8   8   8 | Ser AGT   1   1   1   1   1   1
    ATC   8   8   8   8   8   8 |     ACC   2   2   2   2   2   2 |     AAC   7   7   7   7   7   7 |     AGC   2   2   2   2   2   2
    ATA   2   2   2   2   2   2 |     ACA   5   5   5   5   5   5 | Lys AAA   3   3   3   3   3   3 | Arg AGA   2   2   2   2   2   2
Met ATG   5   5   5   5   5   5 |     ACG   0   0   0   0   0   0 |     AAG   6   6   6   6   6   6 |     AGG   6   6   6   6   6   6
--------------------------------------------------------------------------------------------------------------------------------------
Val GTT   5   5   5   5   5   5 | Ala GCT   4   4   4   4   4   4 | Asp GAT   7   6   6   6   7   7 | Gly GGT   3   3   3   3   3   3
    GTC   2   2   2   2   2   2 |     GCC   0   0   0   0   0   0 |     GAC   2   3   3   3   2   2 |     GGC   6   6   6   6   6   6
    GTA   1   1   1   1   1   1 |     GCA   5   5   5   5   5   5 | Glu GAA   6   6   6   6   6   6 |     GGA  11  11  11  11  11  11
    GTG   8   8   8   8   8   8 |     GCG   1   1   1   1   1   1 |     GAG   5   5   5   5   5   5 |     GGG   3   3   3   3   3   3
--------------------------------------------------------------------------------------------------------------------------------------

--------------------------------------------------------------------------------------------------------------------------------------
Phe TTT   8   8   8   8   8   8 | Ser TCT   1   1   1   1   1   1 | Tyr TAT   7   7   7   7   7   6 | Cys TGT   3   4   3   3   3   4
    TTC   3   3   3   3   3   3 |     TCC   2   2   2   2   2   2 |     TAC   2   2   2   2   2   3 |     TGC   2   1   2   2   2   1
Leu TTA   1   1   1   1   1   1 |     TCA   2   2   2   2   2   2 | *** TAA   0   0   0   0   0   0 | *** TGA   0   0   0   0   0   0
    TTG   4   4   4   4   4   3 |     TCG   0   0   0   0   0   0 |     TAG   0   0   0   0   0   0 | Trp TGG   7   7   7   7   7   7
--------------------------------------------------------------------------------------------------------------------------------------
Leu CTT   3   3   3   3   4   2 | Pro CCT   4   4   4   4   4   4 | His CAT   3   3   3   3   3   3 | Arg CGT   1   1   1   1   1   1
    CTC   5   5   5   5   4   5 |     CCC   3   3   3   3   3   3 |     CAC   6   6   6   6   6   6 |     CGC   2   2   2   2   2   2
    CTA   1   1   1   2   1   1 |     CCA  10   9  10  10   9   9 | Gln CAA   1   1   1   1   1   1 |     CGA   4   4   4   4   4   4
    CTG  11  11  11  10  11  13 |     CCG   0   1   0   0   1   1 |     CAG   5   5   5   5   5   5 |     CGG   1   1   1   1   1   1
--------------------------------------------------------------------------------------------------------------------------------------
Ile ATT   3   3   3   3   3   3 | Thr ACT   3   3   3   3   3   3 | Asn AAT   8   8   8   8   8   8 | Ser AGT   1   1   1   1   1   1
    ATC   8   8   8   8   8   8 |     ACC   2   2   2   2   2   3 |     AAC   7   7   7   7   7   7 |     AGC   2   2   2   2   2   2
    ATA   2   2   2   2   2   2 |     ACA   5   5   5   5   5   4 | Lys AAA   3   3   3   3   3   3 | Arg AGA   2   2   2   2   2   2
Met ATG   5   5   5   5   5   5 |     ACG   0   0   0   0   0   0 |     AAG   6   6   6   6   6   6 |     AGG   6   6   6   6   6   6
--------------------------------------------------------------------------------------------------------------------------------------
Val GTT   5   5   5   5   5   4 | Ala GCT   4   4   4   4   4   4 | Asp GAT   7   6   6   7   6   6 | Gly GGT   3   3   3   3   3   3
    GTC   2   2   2   2   2   2 |     GCC   0   0   0   0   0   0 |     GAC   2   3   3   2   3   3 |     GGC   6   6   6   6   6   6
    GTA   1   1   1   1   1   1 |     GCA   5   5   5   5   5   5 | Glu GAA   6   6   6   6   6   6 |     GGA  11  11  11  11  11  11
    GTG   8   8   8   8   8   9 |     GCG   1   1   1   1   1   1 |     GAG   5   5   5   5   5   5 |     GGG   3   3   3   3   3   3
--------------------------------------------------------------------------------------------------------------------------------------

--------------------------------------------------------------------------------------------------------------------------------------
Phe TTT   8   8   8   8   8   8 | Ser TCT   2   1   1   1   1   1 | Tyr TAT   7   7   7   7   7   7 | Cys TGT   4   4   4   3   3   3
    TTC   3   3   3   3   3   3 |     TCC   1   2   2   2   2   2 |     TAC   2   2   2   2   2   2 |     TGC   1   1   1   2   2   2
Leu TTA   1   1   1   1   1   1 |     TCA   2   2   2   2   2   2 | *** TAA   0   0   0   0   0   0 | *** TGA   0   0   0   0   0   0
    TTG   4   3   4   4   4   4 |     TCG   0   0   0   0   0   0 |     TAG   0   0   0   0   0   0 | Trp TGG   7   7   7   7   7   7
--------------------------------------------------------------------------------------------------------------------------------------
Leu CTT   3   3   3   3   3   3 | Pro CCT   4   4   5   4   4   4 | His CAT   3   4   3   3   3   3 | Arg CGT   1   1   1   1   1   1
    CTC   5   5   5   5   5   5 |     CCC   3   3   2   3   3   3 |     CAC   6   5   6   6   6   6 |     CGC   2   2   2   2   2   2
    CTA   1   2   1   1   1   1 |     CCA   9   9   8   9   8   9 | Gln CAA   0   1   1   1   1   1 |     CGA   4   4   4   4   4   4
    CTG  11  11  11  11  11  11 |     CCG   1   1   2   1   2   1 |     CAG   6   5   5   5   5   5 |     CGG   1   1   1   1   1   1
--------------------------------------------------------------------------------------------------------------------------------------
Ile ATT   3   3   3   3   3   3 | Thr ACT   3   3   3   3   3   3 | Asn AAT   8   8   8   8   8   8 | Ser AGT   1   1   1   1   1   0
    ATC   8   8   8   8   8   8 |     ACC   2   2   2   2   2   2 |     AAC   7   7   7   7   7   7 |     AGC   2   2   2   2   2   3
    ATA   2   2   2   2   2   2 |     ACA   5   5   5   5   5   5 | Lys AAA   3   3   3   3   3   3 | Arg AGA   2   2   2   2   2   2
Met ATG   5   5   5   5   5   5 |     ACG   0   0   0   0   0   0 |     AAG   6   6   6   6   6   6 |     AGG   6   6   6   6   6   6
--------------------------------------------------------------------------------------------------------------------------------------
Val GTT   5   5   5   5   5   5 | Ala GCT   4   4   4   4   4   4 | Asp GAT   6   6   7   6   7   7 | Gly GGT   3   3   3   3   3   3
    GTC   2   2   2   2   2   2 |     GCC   0   0   0   0   0   0 |     GAC   3   3   2   3   2   2 |     GGC   6   6   6   6   6   6
    GTA   1   1   1   1   1   1 |     GCA   5   4   5   5   5   5 | Glu GAA   6   7   6   7   6   6 |     GGA  11  12  11  11  11  11
    GTG   8   8   8   8   8   8 |     GCG   1   2   1   1   1   1 |     GAG   5   4   5   4   5   5 |     GGG   3   2   3   3   3   3
--------------------------------------------------------------------------------------------------------------------------------------

Codon position x base (3x4) table for each sequence.

#1: Argali         
position  1:    T:0.17949    C:0.25641    A:0.26923    G:0.29487
position  2:    T:0.29915    C:0.17949    A:0.29060    G:0.23077
position  3:    T:0.26923    C:0.23504    A:0.23077    G:0.26496
Average         T:0.24929    C:0.22365    A:0.26353    G:0.26353

#2: LesserMouseDeer
position  1:    T:0.17949    C:0.25641    A:0.26923    G:0.29487
position  2:    T:0.29915    C:0.17949    A:0.29060    G:0.23077
position  3:    T:0.23504    C:0.27350    A:0.22222    G:0.26923
Average         T:0.23789    C:0.23647    A:0.26068    G:0.26496

#3: LesserKudu     
position  1:    T:0.17949    C:0.25641    A:0.26923    G:0.29487
position  2:    T:0.29915    C:0.17949    A:0.29060    G:0.23077
position  3:    T:0.27350    C:0.23077    A:0.23077    G:0.26496
Average         T:0.25071    C:0.22222    A:0.26353    G:0.26353

#4: ForestMuskDeer2
position  1:    T:0.17949    C:0.25641    A:0.26923    G:0.29487
position  2:    T:0.29915    C:0.17949    A:0.29060    G:0.23077
position  3:    T:0.26496    C:0.23932    A:0.23077    G:0.26496
Average         T:0.24786    C:0.22507    A:0.26353    G:0.26353

#5: Camel          
position  1:    T:0.17949    C:0.25641    A:0.26923    G:0.29487
position  2:    T:0.29915    C:0.17949    A:0.29060    G:0.23077
position  3:    T:0.25214    C:0.23932    A:0.21368    G:0.29487
Average         T:0.24359    C:0.22507    A:0.25783    G:0.27350

#6: KillerWhale    
position  1:    T:0.17949    C:0.25641    A:0.26923    G:0.29487
position  2:    T:0.29915    C:0.17949    A:0.29060    G:0.23077
position  3:    T:0.24786    C:0.24359    A:0.23077    G:0.27778
Average         T:0.24217    C:0.22650    A:0.26353    G:0.26781

#7: DefassaWaterbuck
position  1:    T:0.17949    C:0.25641    A:0.26923    G:0.29487
position  2:    T:0.29915    C:0.17949    A:0.29060    G:0.23077
position  3:    T:0.27350    C:0.23077    A:0.22650    G:0.26923
Average         T:0.25071    C:0.22222    A:0.26211    G:0.26496

#8: Sheep          
position  1:    T:0.17949    C:0.25641    A:0.26923    G:0.29487
position  2:    T:0.29915    C:0.17949    A:0.29060    G:0.23077
position  3:    T:0.26923    C:0.23504    A:0.23077    G:0.26496
Average         T:0.24929    C:0.22365    A:0.26353    G:0.26353

#9: MaxwellsDuiker 
position  1:    T:0.17521    C:0.26068    A:0.26923    G:0.29487
position  2:    T:0.29915    C:0.17949    A:0.29060    G:0.23077
position  3:    T:0.27350    C:0.23077    A:0.22650    G:0.26923
Average         T:0.24929    C:0.22365    A:0.26211    G:0.26496

#10: GazellaPrzewalskyi
position  1:    T:0.17949    C:0.25641    A:0.26923    G:0.29487
position  2:    T:0.29915    C:0.17949    A:0.29060    G:0.23077
position  3:    T:0.26923    C:0.23504    A:0.22650    G:0.26923
Average         T:0.24929    C:0.22365    A:0.26211    G:0.26496

#11: MountainNyala  
position  1:    T:0.17949    C:0.25641    A:0.26923    G:0.29487
position  2:    T:0.29915    C:0.17949    A:0.29060    G:0.23077
position  3:    T:0.27350    C:0.23077    A:0.22650    G:0.26923
Average         T:0.25071    C:0.22222    A:0.26211    G:0.26496

#12: MuntiacusMuntjak
position  1:    T:0.17949    C:0.25641    A:0.26923    G:0.29487
position  2:    T:0.29915    C:0.17949    A:0.29060    G:0.23077
position  3:    T:0.26923    C:0.23504    A:0.23077    G:0.26496
Average         T:0.24929    C:0.22365    A:0.26353    G:0.26353

#13: goat           
position  1:    T:0.17949    C:0.25641    A:0.26923    G:0.29487
position  2:    T:0.29915    C:0.17949    A:0.29060    G:0.23077
position  3:    T:0.27350    C:0.23077    A:0.22650    G:0.26923
Average         T:0.25071    C:0.22222    A:0.26211    G:0.26496

#14: AfricanBuffalo 
position  1:    T:0.17949    C:0.25641    A:0.26923    G:0.29487
position  2:    T:0.29915    C:0.17949    A:0.29060    G:0.23077
position  3:    T:0.27778    C:0.22222    A:0.22222    G:0.27778
Average         T:0.25214    C:0.21937    A:0.26068    G:0.26781

#15: Topi           
position  1:    T:0.17949    C:0.25641    A:0.26923    G:0.29487
position  2:    T:0.29915    C:0.17949    A:0.29060    G:0.23077
position  3:    T:0.26923    C:0.23504    A:0.22650    G:0.26923
Average         T:0.24929    C:0.22365    A:0.26211    G:0.26496

#16: CommonDuiker   
position  1:    T:0.17949    C:0.25641    A:0.26923    G:0.29487
position  2:    T:0.29915    C:0.17949    A:0.29060    G:0.23077
position  3:    T:0.26923    C:0.23504    A:0.22650    G:0.26923
Average         T:0.24929    C:0.22365    A:0.26211    G:0.26496

#17: Suni           
position  1:    T:0.17949    C:0.25641    A:0.26923    G:0.29487
position  2:    T:0.29915    C:0.17949    A:0.29060    G:0.23077
position  3:    T:0.26923    C:0.23504    A:0.22650    G:0.26923
Average         T:0.24929    C:0.22365    A:0.26211    G:0.26496

#18: Springbuck     
position  1:    T:0.17949    C:0.25641    A:0.26923    G:0.29487
position  2:    T:0.29915    C:0.17949    A:0.29060    G:0.23077
position  3:    T:0.27350    C:0.23077    A:0.23077    G:0.26496
Average         T:0.25071    C:0.22222    A:0.26353    G:0.26353

#19: Okapi          
position  1:    T:0.17949    C:0.25641    A:0.26923    G:0.29487
position  2:    T:0.29915    C:0.17949    A:0.29060    G:0.23077
position  3:    T:0.27778    C:0.22650    A:0.22222    G:0.27350
Average         T:0.25214    C:0.22080    A:0.26068    G:0.26638

#20: Giraffe        
position  1:    T:0.17949    C:0.25641    A:0.26923    G:0.29487
position  2:    T:0.29915    C:0.17949    A:0.29060    G:0.23077
position  3:    T:0.28205    C:0.22222    A:0.22650    G:0.26923
Average         T:0.25356    C:0.21937    A:0.26211    G:0.26496

#21: TibetanAntelope
position  1:    T:0.17949    C:0.25641    A:0.26923    G:0.29487
position  2:    T:0.29915    C:0.17949    A:0.29060    G:0.23077
position  3:    T:0.27350    C:0.23077    A:0.22650    G:0.26923
Average         T:0.25071    C:0.22222    A:0.26211    G:0.26496

#22: Sitatunga      
position  1:    T:0.17949    C:0.25641    A:0.26923    G:0.29487
position  2:    T:0.29915    C:0.17949    A:0.29060    G:0.23077
position  3:    T:0.27350    C:0.23077    A:0.22650    G:0.26923
Average         T:0.25071    C:0.22222    A:0.26211    G:0.26496

#23: Oribi          
position  1:    T:0.17949    C:0.25641    A:0.26923    G:0.29487
position  2:    T:0.29915    C:0.17949    A:0.29060    G:0.23077
position  3:    T:0.26923    C:0.23504    A:0.23077    G:0.26496
Average         T:0.24929    C:0.22365    A:0.26353    G:0.26353

#24: BarbarySheep   
position  1:    T:0.18376    C:0.25214    A:0.26923    G:0.29487
position  2:    T:0.29915    C:0.17949    A:0.29060    G:0.23077
position  3:    T:0.26923    C:0.23504    A:0.22650    G:0.26923
Average         T:0.25071    C:0.22222    A:0.26211    G:0.26496

#25: Daviddeer      
position  1:    T:0.17949    C:0.25641    A:0.26923    G:0.29487
position  2:    T:0.29915    C:0.17949    A:0.29060    G:0.23077
position  3:    T:0.26923    C:0.23504    A:0.23077    G:0.26496
Average         T:0.24929    C:0.22365    A:0.26353    G:0.26353

#26: Reindeer       
position  1:    T:0.17949    C:0.25641    A:0.26923    G:0.29487
position  2:    T:0.29915    C:0.17949    A:0.29060    G:0.23077
position  3:    T:0.27350    C:0.23077    A:0.23504    G:0.26068
Average         T:0.25071    C:0.22222    A:0.26496    G:0.26211

#27: Ibex           
position  1:    T:0.17949    C:0.25641    A:0.26923    G:0.29487
position  2:    T:0.29915    C:0.17949    A:0.29060    G:0.23077
position  3:    T:0.27350    C:0.23077    A:0.22650    G:0.26923
Average         T:0.25071    C:0.22222    A:0.26211    G:0.26496

#28: GyrantGazelle  
position  1:    T:0.17949    C:0.25641    A:0.26923    G:0.29487
position  2:    T:0.29915    C:0.17949    A:0.29060    G:0.23077
position  3:    T:0.27350    C:0.22650    A:0.23504    G:0.26496
Average         T:0.25071    C:0.22080    A:0.26496    G:0.26353

#29: Hartebeest     
position  1:    T:0.17949    C:0.25641    A:0.26923    G:0.29487
position  2:    T:0.29915    C:0.17949    A:0.29060    G:0.23077
position  3:    T:0.26923    C:0.23504    A:0.22650    G:0.26923
Average         T:0.24929    C:0.22365    A:0.26211    G:0.26496

#30: Bongo          
position  1:    T:0.17949    C:0.25641    A:0.26923    G:0.29487
position  2:    T:0.29915    C:0.17949    A:0.29060    G:0.23077
position  3:    T:0.27350    C:0.23504    A:0.22650    G:0.26496
Average         T:0.25071    C:0.22365    A:0.26211    G:0.26353

#31: Gerenuk        
position  1:    T:0.17949    C:0.25641    A:0.26923    G:0.29487
position  2:    T:0.29915    C:0.17949    A:0.29060    G:0.23077
position  3:    T:0.26923    C:0.23077    A:0.23077    G:0.26923
Average         T:0.24929    C:0.22222    A:0.26353    G:0.26496

#32: CommonEland    
position  1:    T:0.17949    C:0.25641    A:0.26923    G:0.29487
position  2:    T:0.29915    C:0.17949    A:0.29060    G:0.23077
position  3:    T:0.27350    C:0.23077    A:0.22650    G:0.26923
Average         T:0.25071    C:0.22222    A:0.26211    G:0.26496

#33: MuntiacusReevesi
position  1:    T:0.17949    C:0.25641    A:0.26923    G:0.29487
position  2:    T:0.29915    C:0.17949    A:0.29060    G:0.23077
position  3:    T:0.26923    C:0.23504    A:0.23077    G:0.26496
Average         T:0.24929    C:0.22365    A:0.26353    G:0.26353

#34: HarveysDuiker  
position  1:    T:0.17949    C:0.25641    A:0.26923    G:0.29487
position  2:    T:0.29915    C:0.17949    A:0.29060    G:0.23077
position  3:    T:0.27350    C:0.23077    A:0.22650    G:0.26923
Average         T:0.25071    C:0.22222    A:0.26211    G:0.26496

#35: Pronghorn      
position  1:    T:0.17521    C:0.26068    A:0.26923    G:0.29487
position  2:    T:0.29915    C:0.17949    A:0.29060    G:0.23077
position  3:    T:0.26923    C:0.23077    A:0.22222    G:0.27778
Average         T:0.24786    C:0.22365    A:0.26068    G:0.26781

#36: BlueWildebeest 
position  1:    T:0.17949    C:0.25641    A:0.26923    G:0.29487
position  2:    T:0.29915    C:0.17949    A:0.29060    G:0.23077
position  3:    T:0.26496    C:0.23932    A:0.22650    G:0.26923
Average         T:0.24786    C:0.22507    A:0.26211    G:0.26496

#37: Gemsbok        
position  1:    T:0.17521    C:0.26068    A:0.26923    G:0.29487
position  2:    T:0.29915    C:0.17949    A:0.29060    G:0.23077
position  3:    T:0.28205    C:0.22222    A:0.22650    G:0.26923
Average         T:0.25214    C:0.22080    A:0.26211    G:0.26496

#38: Yak            
position  1:    T:0.17949    C:0.25641    A:0.26923    G:0.29487
position  2:    T:0.29915    C:0.17949    A:0.29060    G:0.23077
position  3:    T:0.27350    C:0.23077    A:0.22650    G:0.26923
Average         T:0.25071    C:0.22222    A:0.26211    G:0.26496

#39: BlueSheep      
position  1:    T:0.17949    C:0.25641    A:0.26923    G:0.29487
position  2:    T:0.29915    C:0.17949    A:0.29060    G:0.23077
position  3:    T:0.27350    C:0.23077    A:0.22650    G:0.26923
Average         T:0.25071    C:0.22222    A:0.26211    G:0.26496

#40: BohorReedbuck  
position  1:    T:0.17949    C:0.25641    A:0.26923    G:0.29487
position  2:    T:0.29915    C:0.17949    A:0.29060    G:0.23077
position  3:    T:0.27350    C:0.23077    A:0.22650    G:0.26923
Average         T:0.25071    C:0.22222    A:0.26211    G:0.26496

#41: KirksDik       
position  1:    T:0.17949    C:0.25641    A:0.26923    G:0.29487
position  2:    T:0.29915    C:0.17949    A:0.29060    G:0.23077
position  3:    T:0.27778    C:0.22650    A:0.22650    G:0.26923
Average         T:0.25214    C:0.22080    A:0.26211    G:0.26496

#42: RoeDeer        
position  1:    T:0.17949    C:0.25641    A:0.26923    G:0.29487
position  2:    T:0.29915    C:0.17949    A:0.29060    G:0.23077
position  3:    T:0.27350    C:0.22650    A:0.23077    G:0.26923
Average         T:0.25071    C:0.22080    A:0.26353    G:0.26496

#43: WhiteLippedDeer
position  1:    T:0.17949    C:0.25641    A:0.26923    G:0.29487
position  2:    T:0.29915    C:0.17949    A:0.29060    G:0.23077
position  3:    T:0.27350    C:0.23077    A:0.23077    G:0.26496
Average         T:0.25071    C:0.22222    A:0.26353    G:0.26353

#44: ThomsonGazelle 
position  1:    T:0.17949    C:0.25641    A:0.26923    G:0.29487
position  2:    T:0.29915    C:0.17949    A:0.29060    G:0.23077
position  3:    T:0.27350    C:0.23077    A:0.22650    G:0.26923
Average         T:0.25071    C:0.22222    A:0.26211    G:0.26496

#45: MuntiacusCrinifrons
position  1:    T:0.17949    C:0.25641    A:0.26923    G:0.29487
position  2:    T:0.29915    C:0.17949    A:0.29060    G:0.23077
position  3:    T:0.26923    C:0.23504    A:0.23077    G:0.26496
Average         T:0.24929    C:0.22365    A:0.26353    G:0.26353

#46: WhiteTailedDeer
position  1:    T:0.17949    C:0.25641    A:0.26923    G:0.29487
position  2:    T:0.29915    C:0.17949    A:0.29060    G:0.23077
position  3:    T:0.27350    C:0.23077    A:0.23504    G:0.26068
Average         T:0.25071    C:0.22222    A:0.26496    G:0.26211

#47: Cattle         
position  1:    T:0.17949    C:0.25641    A:0.26923    G:0.29487
position  2:    T:0.29915    C:0.17949    A:0.29060    G:0.23077
position  3:    T:0.27350    C:0.23077    A:0.22650    G:0.26923
Average         T:0.25071    C:0.22222    A:0.26211    G:0.26496

#48: RoyalAntelope  
position  1:    T:0.17521    C:0.26068    A:0.26923    G:0.29487
position  2:    T:0.29915    C:0.17949    A:0.29060    G:0.23077
position  3:    T:0.26068    C:0.23932    A:0.22222    G:0.27778
Average         T:0.24501    C:0.22650    A:0.26068    G:0.26781

#49: Steenbok       
position  1:    T:0.17949    C:0.25641    A:0.26923    G:0.29487
position  2:    T:0.29915    C:0.17949    A:0.29060    G:0.23077
position  3:    T:0.27778    C:0.22650    A:0.22222    G:0.27350
Average         T:0.25214    C:0.22080    A:0.26068    G:0.26638

#50: Impala         
position  1:    T:0.17521    C:0.26068    A:0.26923    G:0.29487
position  2:    T:0.29915    C:0.17949    A:0.29060    G:0.23077
position  3:    T:0.27778    C:0.22650    A:0.23504    G:0.26068
Average         T:0.25071    C:0.22222    A:0.26496    G:0.26211

#51: Klipspringer   
position  1:    T:0.17949    C:0.25641    A:0.26923    G:0.29487
position  2:    T:0.29915    C:0.17949    A:0.29060    G:0.23077
