1
52 1
Argali 0.000000 0.230300 0.088200 0.193700 0.060700 0.011100 0.071500 0.064000 0.092000 0.122700 0.040700 0.075800 0.052400 0.060300 0.102700 0.060200 0.112600 0.103500 0.063300 0.088000 0.063700 0.025700 0.113600 0.131800 0.033400 0.056400 0.052000 0.095900 0.071800 0.107700 0.129600 0.052600 0.163000 0.048000 0.063500 0.084400 0.044200 0.060600 0.079700 0.129100 0.106300 0.059800 0.118100 0.113000 0.080700 0.064200 0.064000 0.075300 0.089700 0.095400 0.091600 0.092200
LesserMous 0.230300 0.000000 0.242700 0.243300 0.231600 0.226900 0.224400 0.216200 0.256700 0.259100 0.233300 0.217600 0.224900 0.221200 0.258600 0.202900 0.204200 0.206000 0.227300 0.232500 0.215000 0.228800 0.220200 0.251300 0.225400 0.194000 0.224300 0.256600 0.207200 0.245900 0.257000 0.221400 0.254400 0.218700 0.229000 0.238400 0.236400 0.221900 0.229700 0.246400 0.212800 0.205900 0.263500 0.237700 0.234600 0.221400 0.211600 0.250300 0.264800 0.224800 0.255700 0.237900
LesserKudu 0.088200 0.242700 0.000000 0.212700 0.088900 0.076700 0.091700 0.084000 0.018400 0.106300 0.091800 0.056400 0.086900 0.072400 0.123400 0.080200 0.092500 0.075800 0.099300 0.022100 0.083600 0.083800 0.077100 0.094300 0.084300 0.076300 0.079600 0.022000 0.092100 0.025700 0.109400 0.080300 0.129200 0.083200 0.087500 0.056900 0.087100 0.080700 0.088000 0.108700 0.081900 0.087600 0.101800 0.084700 0.053200 0.084300 0.067800 0.079600 0.111100 0.075800 0.025700 0.011000
KillerWhal 0.193700 0.243300 0.212700 0.000000 0.195300 0.190300 0.188200 0.179500 0.226200 0.231000 0.197200 0.197700 0.201300 0.176200 0.249000 0.184900 0.213100 0.215600 0.196300 0.221600 0.188000 0.201400 0.211100 0.232100 0.180700 0.184900 0.192400 0.230400 0.189100 0.234300 0.228400 0.185200 0.264800 0.195900 0.196900 0.208500 0.200000 0.194900 0.202200 0.227600 0.212900 0.179000 0.225300 0.228300 0.204800 0.198400 0.202200 0.219600 0.222200 0.224700 0.234400 0.217300
DefassaWat 0.060700 0.231600 0.088900 0.195300 0.000000 0.049300 0.064200 0.056600 0.095900 0.123700 0.056400 0.068400 0.055700 0.052900 0.095000 0.045100 0.097100 0.095900 0.071700 0.095800 0.056300 0.056500 0.106200 0.124300 0.049000 0.041300 0.056400 0.099800 0.056600 0.111900 0.122200 0.045200 0.155600 0.060000 0.068100 0.077000 0.059900 0.014800 0.064400 0.138700 0.098800 0.044800 0.119000 0.113900 0.073300 0.056900 0.056600 0.060100 0.082200 0.088100 0.103600 0.092900
Sheep 0.011100 0.226900 0.076700 0.190300 0.049300 0.000000 0.060200 0.060400 0.080500 0.119100 0.029600 0.064300 0.041200 0.049000 0.099200 0.048900 0.100900 0.091900 0.052000 0.084500 0.052000 0.014700 0.101800 0.119700 0.022300 0.045100 0.040900 0.084300 0.060500 0.096100 0.117800 0.041300 0.151000 0.036900 0.052300 0.072900 0.033100 0.049200 0.068200 0.125600 0.094400 0.048600 0.114500 0.101300 0.069200 0.052900 0.052700 0.064000 0.078000 0.083900 0.088000 0.080600
MaxwellsDu 0.071500 0.224400 0.091700 0.188200 0.064200 0.060200 0.000000 0.067500 0.095500 0.126200 0.059600 0.071400 0.063100 0.037000 0.106200 0.048400 0.107900 0.098900 0.067000 0.095500 0.067200 0.059500 0.108900 0.126800 0.052300 0.044600 0.063200 0.099400 0.059800 0.111200 0.124800 0.037000 0.149300 0.066900 0.059400 0.079900 0.063000 0.056300 0.059700 0.132700 0.101500 0.048000 0.121500 0.116500 0.076300 0.052300 0.067500 0.078800 0.077100 0.090900 0.103100 0.095700
GazellaPrz 0.064000 0.216200 0.084000 0.179500 0.056600 0.060400 0.067500 0.000000 0.087900 0.118300 0.067600 0.071700 0.063200 0.056300 0.098200 0.040900 0.108300 0.099300 0.067200 0.087800 0.059700 0.059800 0.109400 0.127300 0.060200 0.037100 0.063500 0.091700 0.052300 0.103500 0.125300 0.056300 0.158500 0.067100 0.075200 0.080300 0.070900 0.048800 0.059900 0.133200 0.102000 0.048200 0.113700 0.117000 0.076600 0.060200 0.044600 0.071300 0.085400 0.091300 0.095400 0.088000
MountainNy 0.092000 0.256700 0.018400 0.226200 0.095900 0.080500 0.095500 0.087900 0.000000 0.101900 0.087700 0.052400 0.090800 0.084100 0.127300 0.084000 0.088300 0.079600 0.103200 0.025800 0.087400 0.087600 0.080900 0.089900 0.088200 0.080100 0.091300 0.003600 0.096000 0.021900 0.104900 0.084100 0.141600 0.087000 0.091300 0.052800 0.083000 0.079500 0.091800 0.096200 0.077600 0.091400 0.097400 0.080500 0.049200 0.088200 0.072000 0.083400 0.114900 0.063900 0.014500 0.014700
MuntiacusM 0.122700 0.259100 0.106300 0.231000 0.123700 0.119100 0.126200 0.118300 0.101900 0.000000 0.126300 0.097500 0.121600 0.114400 0.151100 0.117800 0.119100 0.101400 0.125300 0.110200 0.129600 0.117900 0.046000 0.070500 0.118600 0.105300 0.121700 0.105800 0.130200 0.122100 0.033900 0.114500 0.166500 0.125400 0.130200 0.106600 0.121100 0.115000 0.131000 0.077100 0.050400 0.117000 0.003700 0.053500 0.102800 0.118700 0.126800 0.113500 0.156400 0.109600 0.109600 0.110500
goat 0.040700 0.233300 0.091800 0.197200 0.056400 0.029600 0.059600 0.067600 0.087700 0.126300 0.000000 0.071500 0.044600 0.048500 0.106200 0.056100 0.099900 0.090800 0.051500 0.087600 0.067300 0.036800 0.109000 0.126900 0.021900 0.052300 0.044200 0.091500 0.067600 0.111400 0.124900 0.040900 0.149500 0.047900 0.055700 0.080000 0.025400 0.048600 0.075400 0.124500 0.101700 0.055700 0.121600 0.116700 0.076400 0.052300 0.067600 0.078900 0.077100 0.083100 0.103200 0.095800
AfricanBuf 0.075800 0.217600 0.056400 0.197700 0.068400 0.064300 0.071400 0.071700 0.052400 0.097500 0.071500 0.000000 0.066600 0.060200 0.102100 0.060100 0.068200 0.063600 0.078800 0.064200 0.071400 0.063700 0.072800 0.089700 0.064100 0.056300 0.067400 0.056200 0.071700 0.067600 0.096400 0.060200 0.112000 0.071000 0.079200 0.029700 0.067000 0.060500 0.079500 0.096000 0.065400 0.067500 0.093000 0.080300 0.026100 0.064100 0.063900 0.067500 0.097800 0.040700 0.059800 0.060300
Topi 0.052400 0.224900 0.086900 0.201300 0.055700 0.041200 0.063100 0.063200 0.090800 0.121600 0.044600 0.066600 0.000000 0.051600 0.102800 0.051300 0.103300 0.090500 0.051800 0.090500 0.066700 0.040800 0.104200 0.117900 0.037200 0.047600 0.007300 0.094700 0.062800 0.098500 0.120200 0.051500 0.153500 0.018200 0.033100 0.075100 0.051700 0.047600 0.070900 0.127900 0.096800 0.058900 0.116900 0.112000 0.071400 0.055500 0.063300 0.074600 0.080900 0.086500 0.098400 0.091000
CommonDuik 0.060300 0.221200 0.072400 0.176200 0.052900 0.049000 0.037000 0.056300 0.084100 0.114400 0.048500 0.060200 0.051600 0.000000 0.094700 0.044800 0.096400 0.087500 0.055800 0.084000 0.063700 0.048400 0.089100 0.115000 0.041100 0.041100 0.044500 0.087900 0.056300 0.099700 0.113100 0.022200 0.129100 0.055700 0.063700 0.068600 0.051900 0.045100 0.064000 0.121000 0.089900 0.052200 0.109800 0.104900 0.064900 0.041100 0.056300 0.067600 0.073700 0.079600 0.091600 0.084300
Suni 0.102700 0.258600 0.123400 0.249000 0.095000 0.099200 0.106200 0.098200 0.127300 0.151100 0.106200 0.102100 0.102800 0.094700 0.000000 0.083800 0.132000 0.122400 0.113900 0.118900 0.097700 0.091300 0.133100 0.151800 0.090500 0.082500 0.103000 0.131300 0.094200 0.143700 0.140700 0.097300 0.174900 0.098600 0.114200 0.111400 0.109300 0.086700 0.106400 0.166000 0.125700 0.093900 0.146200 0.140900 0.107500 0.098700 0.098300 0.093800 0.110500 0.115700 0.126800 0.127700
Springbuck 0.060200 0.202900 0.080200 0.184900 0.045100 0.048900 0.048400 0.040900 0.084000 0.117800 0.056100 0.060100 0.051300 0.044800 0.083800 0.000000 0.096300 0.087400 0.063400 0.084000 0.040700 0.048400 0.097200 0.118300 0.048700 0.018400 0.052100 0.087900 0.018400 0.099700 0.116400 0.044900 0.149700 0.055700 0.063600 0.068500 0.059500 0.037400 0.048500 0.132600 0.089800 0.029400 0.113100 0.108300 0.064800 0.044900 0.040900 0.059800 0.073500 0.079500 0.091600 0.084200
Okapi 0.112600 0.204200 0.092500 0.213100 0.097100 0.100900 0.107900 0.108300 0.088300 0.119100 0.099900 0.068200 0.103300 0.096400 0.132000 0.096300 0.000000 0.044600 0.115700 0.096100 0.107800 0.099800 0.093600 0.111200 0.100500 0.084300 0.103600 0.092200 0.104400 0.104100 0.117800 0.096500 0.138000 0.107300 0.116000 0.080700 0.095100 0.088700 0.116500 0.105000 0.086200 0.095700 0.114500 0.101300 0.076900 0.096400 0.100200 0.099500 0.136500 0.075900 0.104000 0.096600
Giraffe 0.103500 0.206000 0.075800 0.215600 0.095900 0.091900 0.098900 0.099300 0.079600 0.101400 0.090800 0.063600 0.090500 0.087500 0.122400 0.087400 0.044600 0.000000 0.106400 0.087600 0.098800 0.090900 0.076700 0.093700 0.091400 0.083600 0.090800 0.083400 0.099300 0.095100 0.100300 0.087600 0.132500 0.094500 0.102900 0.072000 0.094200 0.087700 0.095000 0.108000 0.073300 0.094800 0.097000 0.084200 0.068300 0.087600 0.091300 0.090700 0.126700 0.075200 0.087100 0.079700
TibetanAnt 0.063300 0.227300 0.099300 0.196300 0.071700 0.052000 0.067000 0.067200 0.103200 0.125300 0.051500 0.078800 0.051800 0.055800 0.113900 0.063400 0.115700 0.106400 0.000000 0.103100 0.082500 0.051300 0.116800 0.134900 0.044200 0.059600 0.051300 0.107100 0.067100 0.119100 0.132400 0.055700 0.157600 0.055100 0.063000 0.087500 0.054900 0.063600 0.082800 0.140600 0.109400 0.070800 0.120600 0.124500 0.083800 0.059700 0.075100 0.078500 0.080900 0.098400 0.110800 0.095300
Sitatunga 0.088000 0.232500 0.022100 0.221600 0.095800 0.084500 0.095500 0.087800 0.025800 0.110200 0.087600 0.064200 0.090500 0.084000 0.118900 0.084000 0.096100 0.087600 0.103100 0.000000 0.091400 0.087500 0.089000 0.098200 0.088100 0.080100 0.091300 0.029500 0.095900 0.040700 0.113200 0.084100 0.154600 0.091000 0.091300 0.068600 0.082900 0.079400 0.091800 0.104600 0.085700 0.091400 0.105600 0.092600 0.064900 0.088100 0.075900 0.087400 0.115000 0.079600 0.033100 0.025800
Oribi 0.063700 0.215000 0.083600 0.188000 0.056300 0.052000 0.067200 0.059700 0.087400 0.129600 0.067300 0.071400 0.066700 0.063700 0.097700 0.040700 0.107800 0.098800 0.082500 0.091400 0.000000 0.067200 0.108800 0.130200 0.059900 0.037000 0.067100 0.091200 0.052000 0.099000 0.128100 0.056100 0.161500 0.055300 0.082700 0.079900 0.062900 0.056200 0.067400 0.135800 0.101500 0.040400 0.124900 0.111600 0.076200 0.067700 0.052000 0.063200 0.093100 0.090800 0.094900 0.087600
BarbaryShe 0.025700 0.228800 0.083800 0.201400 0.056500 0.014700 0.059500 0.059800 0.087600 0.117900 0.036800 0.063700 0.040800 0.048400 0.091300 0.048400 0.099800 0.090900 0.051300 0.087500 0.067200 0.000000 0.100700 0.118400 0.029500 0.044600 0.040500 0.091400 0.059800 0.103100 0.116500 0.048500 0.149300 0.044100 0.051700 0.072100 0.040200 0.048600 0.067500 0.132600 0.093400 0.055700 0.113300 0.108400 0.068400 0.052300 0.059800 0.071000 0.077200 0.083000 0.095100 0.087700
Daviddeer 0.113600 0.220200 0.077100 0.211100 0.106200 0.101800 0.108900 0.109400 0.080900 0.046000 0.109000 0.072800 0.104200 0.089100 0.133100 0.097200 0.093600 0.076700 0.116800 0.089000 0.108800 0.100700 0.000000 0.038400 0.101400 0.085100 0.096400 0.084800 0.109400 0.096700 0.057200 0.097400 0.126800 0.108200 0.104600 0.081400 0.104000 0.097700 0.113500 0.053100 0.011300 0.096600 0.041900 0.030100 0.077700 0.101400 0.101100 0.104700 0.137800 0.076600 0.088600 0.089200
Reindeer 0.131800 0.251300 0.094300 0.232100 0.124300 0.119700 0.126800 0.127300 0.089900 0.070500 0.126900 0.089700 0.117900 0.115000 0.151800 0.118300 0.111200 0.093700 0.134900 0.098200 0.130200 0.118400 0.038400 0.000000 0.119200 0.114200 0.118100 0.093900 0.130800 0.106000 0.081900 0.115100 0.153600 0.121900 0.118200 0.090500 0.121600 0.115500 0.131600 0.061500 0.034800 0.126000 0.066200 0.030400 0.086800 0.119200 0.118900 0.122400 0.148200 0.101900 0.097700 0.098500
Ibex 0.033400 0.225400 0.084300 0.180700 0.049000 0.022300 0.052300 0.060200 0.088200 0.118600 0.021900 0.064100 0.037200 0.041100 0.090500 0.048700 0.100500 0.091400 0.044200 0.088100 0.059900 0.029500 0.101400 0.119200 0.000000 0.044900 0.037000 0.092000 0.060200 0.103900 0.117300 0.033500 0.141900 0.040600 0.048300 0.072600 0.025600 0.048900 0.068000 0.125200 0.094000 0.048400 0.114000 0.109100 0.068900 0.045000 0.060200 0.071500 0.069600 0.083600 0.095800 0.088400
GyrantGaze 0.056400 0.194000 0.076300 0.184900 0.041300 0.045100 0.044600 0.037100 0.080100 0.105300 0.052300 0.056300 0.047600 0.041100 0.082500 0.018400 0.084300 0.083600 0.059600 0.080100 0.037000 0.044600 0.085100 0.114200 0.044900 0.000000 0.048300 0.083900 0.029600 0.087700 0.104100 0.041100 0.137100 0.051900 0.059800 0.064600 0.055700 0.033600 0.044700 0.128500 0.085800 0.010900 0.100800 0.104200 0.060900 0.044900 0.037100 0.056000 0.069600 0.075600 0.087700 0.080300
Hartebeest 0.052000 0.224300 0.079600 0.192400 0.056400 0.040900 0.063200 0.063500 0.091300 0.121700 0.044200 0.067400 0.007300 0.044500 0.103000 0.052100 0.103600 0.090800 0.051300 0.091300 0.067100 0.040500 0.096400 0.118100 0.037000 0.048300 0.000000 0.095200 0.063500 0.098800 0.120300 0.052200 0.144700 0.018000 0.032800 0.075800 0.051300 0.048600 0.071200 0.136500 0.097200 0.059400 0.117100 0.112200 0.072200 0.056000 0.063500 0.074800 0.080900 0.086800 0.098900 0.091500
Bongo 0.095900 0.256600 0.022000 0.230400 0.099800 0.084300 0.099400 0.091700 0.003600 0.105800 0.091500 0.056200 0.094700 0.087900 0.131300 0.087900 0.092200 0.083400 0.107100 0.029500 0.091200 0.091400 0.084800 0.093900 0.092000 0.083900 0.095200 0.000000 0.099800 0.025600 0.108900 0.088000 0.145600 0.090800 0.095200 0.056600 0.086800 0.083400 0.095700 0.100100 0.081500 0.095300 0.101300 0.084400 0.053000 0.092000 0.075800 0.087200 0.118900 0.067700 0.018200 0.018300
Gerenuk 0.071800 0.207200 0.092100 0.189100 0.056600 0.060500 0.059800 0.052300 0.096000 0.130200 0.067600 0.071700 0.062800 0.056300 0.094200 0.018400 0.104400 0.099300 0.067100 0.095900 0.052000 0.059800 0.109400 0.130800 0.060200 0.029600 0.063500 0.099800 0.000000 0.111700 0.128700 0.056400 0.162300 0.067100 0.075200 0.080300 0.070900 0.048800 0.060000 0.145100 0.102000 0.040400 0.125500 0.120400 0.076600 0.060200 0.052000 0.071300 0.085500 0.091300 0.103500 0.088100
CommonElan 0.107700 0.245900 0.025700 0.234300 0.111900 0.096100 0.111200 0.103500 0.021900 0.122100 0.111400 0.067600 0.098500 0.099700 0.143700 0.099700 0.104100 0.095100 0.119100 0.040700 0.099000 0.103100 0.096700 0.106000 0.103900 0.087700 0.098800 0.025600 0.111700 0.000000 0.125000 0.099800 0.149400 0.094500 0.107000 0.068200 0.106400 0.103500 0.107500 0.120200 0.093500 0.099000 0.117500 0.096200 0.064500 0.103900 0.087400 0.098900 0.131300 0.087100 0.029200 0.022000
MuntiacusR 0.129600 0.257000 0.109400 0.228400 0.122200 0.117800 0.124800 0.125300 0.104900 0.033900 0.124900 0.096400 0.120200 0.113100 0.140700 0.116400 0.117800 0.100300 0.132400 0.113200 0.128100 0.116500 0.057200 0.081900 0.117300 0.104100 0.120300 0.108900 0.128700 0.125000 0.000000 0.113200 0.177900 0.124000 0.124500 0.105400 0.119700 0.113700 0.129500 0.096400 0.061700 0.115700 0.030000 0.064700 0.101700 0.117300 0.125300 0.120500 0.154500 0.108300 0.112600 0.113500
HarveysDui 0.052600 0.221400 0.080300 0.185200 0.045200 0.041300 0.037000 0.056300 0.084100 0.114500 0.040900 0.060200 0.051500 0.022200 0.097300 0.044900 0.096500 0.087600 0.055700 0.084100 0.056100 0.048500 0.097400 0.115100 0.033500 0.041100 0.052200 0.088000 0.056400 0.099800 0.113200 0.000000 0.137700 0.055800 0.063700 0.068600 0.044300 0.045100 0.064100 0.121100 0.090000 0.044600 0.109900 0.105000 0.064900 0.041100 0.056300 0.067700 0.073600 0.079600 0.091700 0.084300
Pronghorn 0.163000 0.254400 0.129200 0.264800 0.155600 0.151000 0.149300 0.158500 0.141600 0.166500 0.149500 0.112000 0.153500 0.129100 0.174900 0.149700 0.138000 0.132500 0.157600 0.154600 0.161500 0.149300 0.126800 0.153600 0.141900 0.137100 0.144700 0.145600 0.162300 0.149400 0.177900 0.137700 0.000000 0.156800 0.157500 0.129700 0.135700 0.146700 0.167100 0.162900 0.127800 0.148800 0.166000 0.151600 0.126000 0.141800 0.150000 0.153300 0.171600 0.124200 0.149400 0.141800
BlueWildeb 0.048000 0.218700 0.083200 0.195900 0.060000 0.036900 0.066900 0.067100 0.087000 0.125400 0.047900 0.071000 0.018200 0.055700 0.098600 0.055700 0.107300 0.094500 0.055100 0.091000 0.055300 0.044100 0.108200 0.121900 0.040600 0.051900 0.018000 0.090800 0.067100 0.094500 0.124000 0.055800 0.156800 0.000000 0.036400 0.079500 0.054900 0.052200 0.074900 0.131800 0.101000 0.063000 0.120800 0.107600 0.075800 0.059600 0.059400 0.070600 0.084800 0.090400 0.094500 0.087200
Gemsbok 0.063500 0.229000 0.087500 0.196900 0.068100 0.052300 0.059400 0.075200 0.091300 0.130200 0.055700 0.079200 0.033100 0.063700 0.114200 0.063600 0.116000 0.102900 0.063000 0.091300 0.082700 0.051700 0.104600 0.118200 0.048300 0.059800 0.032800 0.095200 0.075200 0.107000 0.124500 0.063700 0.157500 0.036400 0.000000 0.079800 0.062700 0.060200 0.075100 0.145000 0.097200 0.063200 0.125500 0.120500 0.076200 0.067600 0.075200 0.086600 0.085100 0.090800 0.098900 0.091500
Yak 0.084400 0.238400 0.056900 0.208500 0.077000 0.072900 0.079900 0.080300 0.052800 0.106600 0.080000 0.029700 0.075100 0.068600 0.111400 0.068500 0.080700 0.072000 0.087500 0.068600 0.079900 0.072100 0.081400 0.090500 0.072600 0.064600 0.075800 0.056600 0.080300 0.068200 0.105400 0.068600 0.129700 0.079500 0.079800 0.000000 0.075400 0.068900 0.088200 0.113300 0.074000 0.075900 0.102100 0.089100 0.003700 0.072600 0.072300 0.075900 0.098800 0.056400 0.060300 0.060800
BlueSheep 0.044200 0.236400 0.087100 0.200000 0.059900 0.033100 0.063000 0.070900 0.083000 0.121100 0.025400 0.067000 0.051700 0.051900 0.109300 0.059500 0.095100 0.094200 0.054900 0.082900 0.062900 0.040200 0.104000 0.121600 0.025600 0.055700 0.051300 0.086800 0.070900 0.106400 0.119700 0.044300 0.135700 0.054900 0.062700 0.075400 0.000000 0.052100 0.078600 0.119300 0.096700 0.059100 0.116500 0.111600 0.071800 0.055700 0.070900 0.074400 0.080500 0.078500 0.098300 0.091000
BohorReedb 0.060600 0.221900 0.080700 0.194900 0.014800 0.049200 0.056300 0.048800 0.079500 0.115000 0.048600 0.060500 0.047600 0.045100 0.086700 0.037400 0.088700 0.087700 0.063600 0.079400 0.056200 0.048600 0.097700 0.115500 0.048900 0.033600 0.048600 0.083400 0.048800 0.103500 0.113700 0.045100 0.146700 0.052200 0.060200 0.068900 0.052100 0.000000 0.056500 0.121600 0.090300 0.044700 0.110400 0.105400 0.065200 0.049000 0.048800 0.052300 0.073900 0.072000 0.095200 0.084700
KirksDik 0.079700 0.229700 0.088000 0.202200 0.064400 0.068200 0.059700 0.059900 0.091800 0.131000 0.075400 0.079500 0.070900 0.064000 0.106400 0.048500 0.116500 0.095000 0.082800 0.091800 0.067400 0.067500 0.113500 0.131600 0.068000 0.044700 0.071200 0.095700 0.060000 0.107500 0.129500 0.064100 0.167100 0.074900 0.075100 0.088200 0.078600 0.056500 0.000000 0.145900 0.105900 0.048200 0.126300 0.121200 0.084500 0.067700 0.059900 0.079100 0.093500 0.099200 0.099400 0.092000
RoeDeer 0.129100 0.246400 0.108700 0.227600 0.138700 0.125600 0.132700 0.133200 0.096200 0.077100 0.124500 0.096000 0.127900 0.121000 0.166000 0.132600 0.105000 0.108000 0.140600 0.104600 0.135800 0.132600 0.053100 0.061500 0.125200 0.128500 0.136500 0.100100 0.145100 0.120200 0.096400 0.121100 0.162900 0.131800 0.145000 0.113300 0.119300 0.121600 0.145900 0.000000 0.049600 0.140200 0.072800 0.045000 0.109600 0.116900 0.124800 0.128200 0.162700 0.108000 0.112000 0.112800
WhiteLippe 0.106300 0.212800 0.081900 0.212900 0.098800 0.094400 0.101500 0.102000 0.077600 0.050400 0.101700 0.065400 0.096800 0.089900 0.125700 0.089800 0.086200 0.073300 0.109400 0.085700 0.101500 0.093400 0.011300 0.034800 0.094000 0.085800 0.097200 0.081500 0.102000 0.093500 0.061700 0.090000 0.127800 0.101000 0.097200 0.074000 0.096700 0.090300 0.105900 0.049600 0.000000 0.097400 0.046200 0.026500 0.070200 0.094000 0.093800 0.097300 0.130400 0.069200 0.085300 0.086000
ThomsonGaz 0.059800 0.205900 0.087600 0.179000 0.044800 0.048600 0.048000 0.048200 0.091400 0.117000 0.055700 0.067500 0.058900 0.052200 0.093900 0.029400 0.095700 0.094800 0.070800 0.091400 0.040400 0.055700 0.096600 0.126000 0.048400 0.010900 0.059400 0.095300 0.040400 0.099000 0.115700 0.044600 0.148800 0.063000 0.063200 0.075900 0.059100 0.044700 0.048200 0.140200 0.097400 0.000000 0.112400 0.115800 0.072200 0.056000 0.040600 0.067100 0.081000 0.086900 0.099000 0.091600
MuntiacusC 0.118100 0.263500 0.101800 0.225300 0.119000 0.114500 0.121500 0.113700 0.097400 0.003700 0.121600 0.093000 0.116900 0.109800 0.146200 0.113100 0.114500 0.097000 0.120600 0.105600 0.124900 0.113300 0.041900 0.066200 0.114000 0.100800 0.117100 0.101300 0.125500 0.117500 0.030000 0.109900 0.166000 0.120800 0.125500 0.102100 0.116500 0.110400 0.126300 0.072800 0.046200 0.112400 0.000000 0.049400 0.098300 0.114100 0.122100 0.108900 0.151300 0.105100 0.105100 0.105900
WhiteTaile 0.113000 0.237700 0.084700 0.228300 0.113900 0.101300 0.116500 0.117000 0.080500 0.053500 0.116700 0.080300 0.112000 0.104900 0.140900 0.108300 0.101300 0.084200 0.124500 0.092600 0.111600 0.108400 0.030100 0.030400 0.109100 0.104200 0.112200 0.084400 0.120400 0.096200 0.064700 0.105000 0.151600 0.107600 0.120500 0.089100 0.111600 0.105400 0.121200 0.045000 0.026500 0.115800 0.049400 0.000000 0.085400 0.109100 0.100600 0.104000 0.145800 0.092200 0.088100 0.088800
Cattle 0.080700 0.234600 0.053200 0.204800 0.073300 0.069200 0.076300 0.076600 0.049200 0.102800 0.076400 0.026100 0.071400 0.064900 0.107500 0.064800 0.076900 0.068300 0.083800 0.064900 0.076200 0.068400 0.077700 0.086800 0.068900 0.060900 0.072200 0.053000 0.076600 0.064500 0.101700 0.064900 0.126000 0.075800 0.076200 0.003700 0.071800 0.065200 0.084500 0.109600 0.070200 0.072200 0.098300 0.085400 0.000000 0.068900 0.068700 0.072200 0.094900 0.052700 0.056700 0.057100
RoyalAntel 0.064200 0.221400 0.084300 0.198400 0.056900 0.052900 0.052300 0.060200 0.088200 0.118700 0.052300 0.064100 0.055500 0.041100 0.098700 0.044900 0.096400 0.087600 0.059700 0.088100 0.067700 0.052300 0.101400 0.119200 0.045000 0.044900 0.056000 0.092000 0.060200 0.103900 0.117300 0.041100 0.141800 0.059600 0.067600 0.072600 0.055700 0.049000 0.067700 0.116900 0.094000 0.056000 0.114100 0.109100 0.068900 0.000000 0.060200 0.071500 0.077800 0.075700 0.095700 0.088400
Steenbok 0.064000 0.211600 0.067800 0.202200 0.056600 0.052700 0.067500 0.044600 0.072000 0.126800 0.067600 0.063900 0.063300 0.056300 0.098300 0.040900 0.100200 0.091300 0.075100 0.075900 0.052000 0.059800 0.101100 0.118900 0.060200 0.037100 0.063500 0.075800 0.052000 0.087400 0.125300 0.056300 0.150000 0.059400 0.075200 0.072300 0.070900 0.048800 0.059900 0.124800 0.093800 0.040600 0.122100 0.100600 0.068700 0.060200 0.000000 0.063500 0.085400 0.083000 0.079500 0.071700
Impala 0.075300 0.250300 0.079600 0.219600 0.060100 0.064000 0.078800 0.071300 0.083400 0.113500 0.078900 0.067500 0.074600 0.067600 0.093800 0.059800 0.099500 0.090700 0.078500 0.087400 0.063200 0.071000 0.104700 0.122400 0.071500 0.056000 0.074800 0.087200 0.071300 0.098900 0.120500 0.067700 0.153300 0.070600 0.086600 0.075900 0.074400 0.052300 0.079100 0.128200 0.097300 0.067100 0.108900 0.104000 0.072200 0.071500 0.063500 0.000000 0.089100 0.086800 0.090900 0.083600
Klipspring 0.089700 0.264800 0.111100 0.222200 0.082200 0.078000 0.077100 0.085400 0.114900 0.156400 0.077100 0.097800 0.080900 0.073700 0.110500 0.073500 0.136500 0.126700 0.080900 0.115000 0.093100 0.077200 0.137800 0.148200 0.069600 0.069600 0.080900 0.118900 0.085500 0.131300 0.154500 0.073600 0.171600 0.084800 0.085100 0.098800 0.080500 0.073900 0.093500 0.162700 0.130400 0.081000 0.151300 0.145800 0.094900 0.077800 0.085400 0.089100 0.000000 0.118400 0.122900 0.115300
ForestMusk 0.095400 0.224800 0.075800 0.224700 0.088100 0.083900 0.090900 0.091300 0.063900 0.109600 0.083100 0.040700 0.086500 0.079600 0.115700 0.079500 0.075900 0.075200 0.098400 0.079600 0.090800 0.083000 0.076600 0.101900 0.083600 0.075600 0.086800 0.067700 0.091300 0.087100 0.108300 0.079600 0.124200 0.090400 0.090800 0.056400 0.078500 0.072000 0.099200 0.108000 0.069200 0.086900 0.105100 0.092200 0.052700 0.075700 0.083000 0.086800 0.118400 0.000000 0.079200 0.079800
Bushbuck 0.091600 0.255700 0.025700 0.234400 0.103600 0.088000 0.103100 0.095400 0.014500 0.109600 0.103200 0.059800 0.098400 0.091600 0.126800 0.091600 0.104000 0.087100 0.110800 0.033100 0.094900 0.095100 0.088600 0.097700 0.095800 0.087700 0.098900 0.018200 0.103500 0.029200 0.112600 0.091700 0.149400 0.094500 0.098900 0.060300 0.098300 0.095200 0.099400 0.112000 0.085300 0.099000 0.105100 0.088100 0.056700 0.095700 0.079500 0.090900 0.122900 0.079200 0.000000 0.022000
GreaterKud 0.092200 0.237900 0.011000 0.217300 0.092900 0.080600 0.095700 0.088000 0.014700 0.110500 0.095800 0.060300 0.091000 0.084300 0.127700 0.084200 0.096600 0.079700 0.095300 0.025800 0.087600 0.087700 0.089200 0.098500 0.088400 0.080300 0.091500 0.018300 0.088100 0.022000 0.113500 0.084300 0.141800 0.087200 0.091500 0.060800 0.091000 0.084700 0.092000 0.112800 0.086000 0.091600 0.105900 0.088800 0.057100 0.088400 0.071700 0.083600 0.115300 0.079800 0.022000 0.000000
