1
52 1
Argali 0.000000 0.344400 0.046600 0.146300 0.022800 0.000100 0.046000 0.022700 0.046600 0.047500 0.000100 0.100300 0.045600 0.022600 0.070100 0.022700 0.091100 0.044600 0.000100 0.046600 0.022500 0.000100 0.045600 0.022400 0.000100 0.047100 0.045600 0.046600 0.047500 0.046600 0.045800 0.045300 0.097000 0.045600 0.022700 0.070000 0.000100 0.022800 0.022500 0.022400 0.069300 0.022800 0.045800 0.022500 0.069900 0.047300 0.045000 0.022400 0.071900 0.047200 0.046600 0.069900
LesserMous 0.344400 0.000000 0.349200 0.247800 0.304400 0.349300 0.343000 0.303900 0.349200 0.335200 0.350800 0.361400 0.337400 0.300800 0.383000 0.263100 0.329700 0.348100 0.349300 0.349200 0.301100 0.347300 0.335400 0.296400 0.349300 0.234500 0.337400 0.349200 0.270900 0.349200 0.336300 0.332300 0.435400 0.337400 0.300900 0.381200 0.349300 0.304400 0.301100 0.296400 0.337900 0.266700 0.336300 0.297500 0.380800 0.269700 0.332600 0.295900 0.308700 0.349800 0.349200 0.382600
LesserKudu 0.046600 0.349200 0.000000 0.146900 0.022700 0.046900 0.046000 0.022700 0.000000 0.047600 0.047000 0.047400 0.045700 0.022500 0.070200 0.022700 0.091300 0.044700 0.046900 0.000000 0.022600 0.046700 0.045700 0.022500 0.046900 0.047100 0.045700 0.000000 0.047600 0.000000 0.045900 0.045300 0.097100 0.045700 0.022700 0.022100 0.046900 0.022700 0.022600 0.022500 0.069400 0.022800 0.045900 0.022600 0.022100 0.047300 0.045100 0.022400 0.072000 0.047400 0.000000 0.022000
KillerWhal 0.146300 0.247800 0.146900 0.000000 0.113800 0.147800 0.143600 0.112900 0.146900 0.144400 0.147700 0.218300 0.141300 0.112200 0.173800 0.082500 0.137800 0.146400 0.147800 0.146900 0.112800 0.146400 0.141900 0.111400 0.147800 0.113200 0.141300 0.146900 0.085000 0.146900 0.143300 0.140600 0.212200 0.141300 0.112800 0.171300 0.147800 0.113800 0.112800 0.111400 0.171600 0.083500 0.143300 0.112100 0.172100 0.085300 0.139500 0.110100 0.114600 0.145400 0.146900 0.174600
DefassaWat 0.022800 0.304400 0.022700 0.113800 0.000000 0.022900 0.022500 0.000300 0.022700 0.023300 0.023000 0.073200 0.022400 0.000200 0.045600 0.000300 0.066700 0.024400 0.022900 0.022700 0.000200 0.022800 0.022400 0.000400 0.022900 0.022700 0.022400 0.022700 0.023200 0.022700 0.022500 0.022100 0.071000 0.022400 0.000200 0.045500 0.022900 0.000000 0.000200 0.000400 0.045100 0.000200 0.022500 0.000400 0.045500 0.023200 0.022000 0.000500 0.046800 0.022500 0.022700 0.045500
Sheep 0.000100 0.349300 0.046900 0.147800 0.022900 0.000000 0.046200 0.022800 0.046900 0.047900 0.000100 0.100800 0.045900 0.022700 0.070500 0.022900 0.091600 0.044900 0.000000 0.046900 0.022600 0.000100 0.045900 0.022600 0.000000 0.047400 0.045900 0.046900 0.047900 0.046900 0.046100 0.045400 0.097600 0.045900 0.022800 0.070400 0.000000 0.022900 0.022600 0.022600 0.069800 0.023000 0.046100 0.022700 0.070400 0.047600 0.045100 0.022600 0.072300 0.047600 0.046900 0.070300
MaxwellsDu 0.046000 0.343000 0.046000 0.143600 0.022500 0.046200 0.000000 0.022400 0.046000 0.047000 0.046400 0.098400 0.045100 0.022200 0.069200 0.022500 0.090000 0.044100 0.046200 0.046000 0.022300 0.046100 0.045200 0.022200 0.046200 0.046400 0.045100 0.046000 0.046900 0.046000 0.045300 0.044800 0.095700 0.045100 0.022400 0.069000 0.046200 0.022500 0.022300 0.022200 0.068400 0.022500 0.045300 0.022400 0.069000 0.046700 0.044500 0.022200 0.070900 0.046500 0.046000 0.068900
GazellaPrz 0.022700 0.303900 0.022700 0.112900 0.000300 0.022800 0.022400 0.000000 0.022700 0.023200 0.022900 0.072800 0.022300 0.000200 0.045600 0.000200 0.066600 0.021700 0.022800 0.022700 0.000100 0.022700 0.022300 0.000300 0.022800 0.022700 0.022300 0.022700 0.023100 0.022700 0.022400 0.022100 0.070800 0.022300 0.000200 0.045400 0.022800 0.000300 0.000100 0.000300 0.045000 0.000200 0.022400 0.000400 0.045400 0.023100 0.022000 0.000400 0.046700 0.022900 0.022700 0.045400
MountainNy 0.046600 0.349200 0.000000 0.146900 0.022700 0.046900 0.046000 0.022700 0.000000 0.047600 0.047000 0.047400 0.045700 0.022500 0.070200 0.022700 0.091300 0.044700 0.046900 0.000000 0.022600 0.046700 0.045700 0.022500 0.046900 0.047100 0.045700 0.000000 0.047600 0.000000 0.045900 0.045300 0.097100 0.045700 0.022700 0.022100 0.046900 0.022700 0.022600 0.022500 0.069400 0.022800 0.045900 0.022600 0.022100 0.047300 0.045100 0.022400 0.072000 0.047400 0.000000 0.022000
MuntiacusM 0.047500 0.335200 0.047600 0.144400 0.023300 0.047900 0.047000 0.023200 0.047600 0.000000 0.047900 0.102400 0.046700 0.023000 0.071500 0.023300 0.093100 0.049700 0.047900 0.047600 0.023000 0.047600 0.000100 0.023000 0.047900 0.047700 0.046700 0.047600 0.023600 0.047600 0.000100 0.046100 0.099200 0.046700 0.023200 0.071500 0.047900 0.023300 0.023000 0.023000 0.022600 0.023300 0.000100 0.023100 0.071500 0.048400 0.045900 0.023100 0.073400 0.048100 0.047600 0.071400
goat 0.000100 0.350800 0.047000 0.147700 0.023000 0.000100 0.046400 0.022900 0.047000 0.047900 0.000000 0.101200 0.046000 0.022700 0.070700 0.022900 0.091900 0.045000 0.000100 0.047000 0.022700 0.000100 0.046000 0.022600 0.000100 0.047500 0.046000 0.047000 0.048000 0.047000 0.046200 0.045700 0.097800 0.046000 0.022900 0.070600 0.000100 0.023000 0.022700 0.022600 0.069900 0.023000 0.046200 0.022700 0.070500 0.047700 0.045400 0.022600 0.072500 0.047600 0.047000 0.070500
AfricanBuf 0.100300 0.361400 0.047400 0.218300 0.073200 0.100800 0.098400 0.072800 0.047400 0.102400 0.101200 0.000000 0.097900 0.072400 0.125900 0.073100 0.146900 0.095700 0.100800 0.047400 0.072600 0.100400 0.097800 0.072600 0.100800 0.048800 0.097900 0.047400 0.102500 0.047400 0.098300 0.096700 0.156600 0.097900 0.072800 0.071300 0.100800 0.073200 0.072600 0.072600 0.123800 0.073600 0.098300 0.072900 0.071200 0.101300 0.096700 0.071600 0.129600 0.048900 0.047400 0.071000
Topi 0.045600 0.337400 0.045700 0.141300 0.022400 0.045900 0.045100 0.022300 0.045700 0.046700 0.046000 0.097900 0.000000 0.022100 0.068800 0.022300 0.089500 0.043800 0.045900 0.045700 0.022100 0.045700 0.044900 0.022100 0.045900 0.046000 0.000000 0.045700 0.046600 0.045700 0.045000 0.044500 0.095100 0.000000 0.022200 0.068700 0.045900 0.022400 0.022100 0.022100 0.068100 0.022400 0.045000 0.022200 0.068600 0.046300 0.044200 0.022100 0.070300 0.046200 0.045700 0.068500
CommonDuik 0.022600 0.300800 0.022500 0.112200 0.000200 0.022700 0.022200 0.000200 0.022500 0.023000 0.022700 0.072400 0.022100 0.000000 0.045200 0.000200 0.066000 0.021500 0.022700 0.022500 0.000100 0.022600 0.022100 0.000300 0.022700 0.022600 0.022100 0.022500 0.022900 0.022500 0.022200 0.021900 0.070100 0.022100 0.000100 0.045000 0.022700 0.000200 0.000100 0.000300 0.044600 0.000100 0.022200 0.000300 0.045000 0.022900 0.021800 0.000300 0.046200 0.022500 0.022500 0.045000
Suni 0.070100 0.383000 0.070200 0.173800 0.045600 0.070500 0.069200 0.045600 0.070200 0.071500 0.070700 0.125900 0.068800 0.045200 0.000000 0.045600 0.114800 0.067200 0.070500 0.070200 0.045300 0.070200 0.068700 0.045100 0.070500 0.070900 0.068800 0.070200 0.071500 0.070200 0.069000 0.068100 0.121500 0.068800 0.045500 0.093700 0.070500 0.045600 0.045300 0.045100 0.093000 0.045800 0.069000 0.045200 0.093700 0.071200 0.067900 0.045100 0.096200 0.071200 0.070200 0.093700
Springbuck 0.022700 0.263100 0.022700 0.082500 0.000300 0.022900 0.022500 0.000200 0.022700 0.023300 0.022900 0.073100 0.022300 0.000200 0.045600 0.000000 0.066700 0.021700 0.022900 0.022700 0.000100 0.022800 0.022400 0.000300 0.022900 0.022700 0.022300 0.022700 0.023000 0.022700 0.022400 0.022100 0.070800 0.022300 0.000200 0.045400 0.022900 0.000300 0.000100 0.000300 0.045100 0.000100 0.022400 0.000400 0.045400 0.023100 0.022000 0.013000 0.022800 0.022600 0.022700 0.045500
Okapi 0.091100 0.329700 0.091300 0.137800 0.066700 0.091600 0.090000 0.066600 0.091300 0.093100 0.091900 0.146900 0.089500 0.066000 0.114800 0.066700 0.000000 0.041900 0.091600 0.091300 0.066200 0.091200 0.089500 0.066100 0.091600 0.091900 0.089500 0.091300 0.092800 0.091300 0.089900 0.088700 0.142300 0.089500 0.066500 0.114200 0.091600 0.066700 0.066200 0.066100 0.065500 0.066900 0.089900 0.066400 0.114300 0.098400 0.088500 0.065700 0.117100 0.092200 0.091300 0.114500
Giraffe 0.044600 0.348100 0.044700 0.146400 0.024400 0.044900 0.044100 0.021700 0.044700 0.049700 0.045000 0.095700 0.043800 0.021500 0.067200 0.021700 0.041900 0.000000 0.044900 0.044700 0.021600 0.044700 0.047700 0.021500 0.044900 0.044800 0.043800 0.044700 0.045400 0.044700 0.048700 0.043500 0.093100 0.043800 0.021700 0.067200 0.044900 0.024400 0.021600 0.021500 0.072900 0.021800 0.048700 0.021300 0.067200 0.045300 0.043300 0.021200 0.068800 0.045200 0.044700 0.067200
TibetanAnt 0.000100 0.349300 0.046900 0.147800 0.022900 0.000000 0.046200 0.022800 0.046900 0.047900 0.000100 0.100800 0.045900 0.022700 0.070500 0.022900 0.091600 0.044900 0.000000 0.046900 0.022600 0.000100 0.045900 0.022600 0.000000 0.047400 0.045900 0.046900 0.047900 0.046900 0.046100 0.045400 0.097600 0.045900 0.022800 0.070400 0.000000 0.022900 0.022600 0.022600 0.069800 0.023000 0.046100 0.022700 0.070400 0.047600 0.045100 0.022600 0.072300 0.047600 0.046900 0.070300
Sitatunga 0.046600 0.349200 0.000000 0.146900 0.022700 0.046900 0.046000 0.022700 0.000000 0.047600 0.047000 0.047400 0.045700 0.022500 0.070200 0.022700 0.091300 0.044700 0.046900 0.000000 0.022600 0.046700 0.045700 0.022500 0.046900 0.047100 0.045700 0.000000 0.047600 0.000000 0.045900 0.045300 0.097100 0.045700 0.022700 0.022100 0.046900 0.022700 0.022600 0.022500 0.069400 0.022800 0.045900 0.022600 0.022100 0.047300 0.045100 0.022400 0.072000 0.047400 0.000000 0.020600
Oribi 0.022500 0.301100 0.022600 0.112800 0.000200 0.022600 0.022300 0.000100 0.022600 0.023000 0.022700 0.072600 0.022100 0.000100 0.045300 0.000100 0.066200 0.021600 0.022600 0.022600 0.000000 0.022600 0.022100 0.000200 0.022600 0.022700 0.022100 0.022600 0.023000 0.022600 0.022200 0.021900 0.070300 0.022100 0.000100 0.045100 0.022600 0.000200 0.000000 0.000200 0.044700 0.000100 0.022200 0.000300 0.045100 0.022900 0.021800 0.000300 0.046300 0.022700 0.022600 0.045100
BarbaryShe 0.000100 0.347300 0.046700 0.146400 0.022800 0.000100 0.046100 0.022700 0.046700 0.047600 0.000100 0.100400 0.045700 0.022600 0.070200 0.022800 0.091200 0.044700 0.000100 0.046700 0.022600 0.000000 0.045700 0.022500 0.000100 0.047100 0.045700 0.046700 0.047600 0.046700 0.045900 0.045400 0.097100 0.045700 0.022700 0.070100 0.000100 0.022800 0.022600 0.022500 0.069500 0.022900 0.045900 0.022500 0.070100 0.047400 0.045100 0.022500 0.071900 0.047300 0.046700 0.070000
Daviddeer 0.045600 0.335400 0.045700 0.141900 0.022400 0.045900 0.045200 0.022300 0.045700 0.000100 0.046000 0.097800 0.044900 0.022100 0.068700 0.022400 0.089500 0.047700 0.045900 0.045700 0.022100 0.045700 0.000000 0.022100 0.045900 0.045800 0.044900 0.045700 0.046500 0.045700 0.000100 0.044300 0.095100 0.044900 0.022300 0.068700 0.045900 0.022400 0.022100 0.022100 0.021700 0.022400 0.000100 0.022200 0.068600 0.046400 0.044200 0.022200 0.070400 0.046100 0.045700 0.068500
Reindeer 0.022400 0.296400 0.022500 0.111400 0.000400 0.022600 0.022200 0.000300 0.022500 0.023000 0.022600 0.072600 0.022100 0.000300 0.045100 0.000300 0.066100 0.021500 0.022600 0.022500 0.000200 0.022500 0.022100 0.000000 0.022600 0.022300 0.022100 0.022500 0.022800 0.022500 0.022200 0.021700 0.070100 0.022100 0.000300 0.045100 0.022600 0.000400 0.000200 0.000000 0.044800 0.000300 0.022200 0.000100 0.045100 0.022800 0.021700 0.000500 0.046200 0.022500 0.022500 0.045000
Ibex 0.000100 0.349300 0.046900 0.147800 0.022900 0.000000 0.046200 0.022800 0.046900 0.047900 0.000100 0.100800 0.045900 0.022700 0.070500 0.022900 0.091600 0.044900 0.000000 0.046900 0.022600 0.000100 0.045900 0.022600 0.000000 0.047400 0.045900 0.046900 0.047900 0.046900 0.046100 0.045400 0.097600 0.045900 0.022800 0.070400 0.000000 0.022900 0.022600 0.022600 0.069800 0.023000 0.046100 0.022700 0.070400 0.047600 0.045100 0.022600 0.072300 0.047600 0.046900 0.070300
GyrantGaze 0.047100 0.234500 0.047100 0.113200 0.022700 0.047400 0.046400 0.022700 0.047100 0.047700 0.047500 0.048800 0.046000 0.022600 0.070900 0.022700 0.091900 0.044800 0.047400 0.047100 0.022700 0.047100 0.045800 0.022300 0.047400 0.000000 0.046000 0.047100 0.047500 0.047100 0.046000 0.045700 0.098000 0.046000 0.022700 0.070500 0.047400 0.022700 0.022700 0.022300 0.069700 0.022800 0.046000 0.022200 0.070500 0.047800 0.045500 0.041100 0.047300 0.047400 0.047100 0.070600
Hartebeest 0.045600 0.337400 0.045700 0.141300 0.022400 0.045900 0.045100 0.022300 0.045700 0.046700 0.046000 0.097900 0.000000 0.022100 0.068800 0.022300 0.089500 0.043800 0.045900 0.045700 0.022100 0.045700 0.044900 0.022100 0.045900 0.046000 0.000000 0.045700 0.046600 0.045700 0.045000 0.044500 0.095100 0.000000 0.022200 0.068700 0.045900 0.022400 0.022100 0.022100 0.068100 0.022400 0.045000 0.022200 0.068600 0.046300 0.044200 0.022100 0.070300 0.046200 0.045700 0.068500
Bongo 0.046600 0.349200 0.000000 0.146900 0.022700 0.046900 0.046000 0.022700 0.000000 0.047600 0.047000 0.047400 0.045700 0.022500 0.070200 0.022700 0.091300 0.044700 0.046900 0.000000 0.022600 0.046700 0.045700 0.022500 0.046900 0.047100 0.045700 0.000000 0.047600 0.000000 0.045900 0.045300 0.097100 0.045700 0.022700 0.022100 0.046900 0.022700 0.022600 0.022500 0.069400 0.022800 0.045900 0.022600 0.022100 0.047300 0.045100 0.022400 0.072000 0.047400 0.000000 0.022000
Gerenuk 0.047500 0.270900 0.047600 0.085000 0.023200 0.047900 0.046900 0.023100 0.047600 0.023600 0.048000 0.102500 0.046600 0.022900 0.071500 0.023000 0.092800 0.045400 0.047900 0.047600 0.023000 0.047600 0.046500 0.022800 0.047900 0.047500 0.046600 0.047600 0.000000 0.047600 0.046700 0.046200 0.098900 0.046600 0.023100 0.071300 0.047900 0.023200 0.023000 0.022800 0.070600 0.023000 0.046700 0.022800 0.071300 0.048300 0.045900 0.042500 0.047800 0.048100 0.047600 0.071200
CommonElan 0.046600 0.349200 0.000000 0.146900 0.022700 0.046900 0.046000 0.022700 0.000000 0.047600 0.047000 0.047400 0.045700 0.022500 0.070200 0.022700 0.091300 0.044700 0.046900 0.000000 0.022600 0.046700 0.045700 0.022500 0.046900 0.047100 0.045700 0.000000 0.047600 0.000000 0.045900 0.045300 0.097100 0.045700 0.022700 0.022100 0.046900 0.022700 0.022600 0.022500 0.069400 0.022800 0.045900 0.022600 0.022100 0.047300 0.045100 0.022400 0.072000 0.047400 0.000000 0.022000
MuntiacusR 0.045800 0.336300 0.045900 0.143300 0.022500 0.046100 0.045300 0.022400 0.045900 0.000100 0.046200 0.098300 0.045000 0.022200 0.069000 0.022400 0.089900 0.048700 0.046100 0.045900 0.022200 0.045900 0.000100 0.022200 0.046100 0.046000 0.045000 0.045900 0.046700 0.045900 0.000000 0.044600 0.095500 0.045000 0.022400 0.069000 0.046100 0.022500 0.022200 0.022200 0.021800 0.022500 0.000000 0.022300 0.068900 0.046600 0.044400 0.022200 0.070700 0.046400 0.045900 0.068800
HarveysDui 0.045300 0.332300 0.045300 0.140600 0.022100 0.045400 0.044800 0.022100 0.045300 0.046100 0.045700 0.096700 0.044500 0.021900 0.068100 0.022100 0.088700 0.043500 0.045400 0.045300 0.021900 0.045400 0.044300 0.021700 0.045400 0.045700 0.044500 0.045300 0.046200 0.045300 0.044600 0.000000 0.094200 0.044500 0.022100 0.067900 0.045400 0.022100 0.021900 0.021700 0.067400 0.022200 0.044600 0.021800 0.068000 0.046000 0.043700 0.021800 0.069700 0.045700 0.045300 0.067900
Pronghorn 0.097000 0.435400 0.097100 0.212200 0.071000 0.097600 0.095700 0.070800 0.097100 0.099200 0.097800 0.156600 0.095100 0.070100 0.121500 0.070800 0.142300 0.093100 0.097600 0.097100 0.070300 0.097100 0.095100 0.070100 0.097600 0.098000 0.095100 0.097100 0.098900 0.097100 0.095500 0.094200 0.000000 0.095100 0.070800 0.121600 0.097600 0.071000 0.070300 0.070100 0.120400 0.071100 0.095500 0.070400 0.121400 0.098400 0.093600 0.070000 0.071700 0.098500 0.097100 0.121200
BlueWildeb 0.045600 0.337400 0.045700 0.141300 0.022400 0.045900 0.045100 0.022300 0.045700 0.046700 0.046000 0.097900 0.000000 0.022100 0.068800 0.022300 0.089500 0.043800 0.045900 0.045700 0.022100 0.045700 0.044900 0.022100 0.045900 0.046000 0.000000 0.045700 0.046600 0.045700 0.045000 0.044500 0.095100 0.000000 0.022200 0.068700 0.045900 0.022400 0.022100 0.022100 0.068100 0.022400 0.045000 0.022200 0.068600 0.046300 0.044200 0.022100 0.070300 0.046200 0.045700 0.068500
Gemsbok 0.022700 0.300900 0.022700 0.112800 0.000200 0.022800 0.022400 0.000200 0.022700 0.023200 0.022900 0.072800 0.022200 0.000100 0.045500 0.000200 0.066500 0.021700 0.022800 0.022700 0.000100 0.022700 0.022300 0.000300 0.022800 0.022700 0.022200 0.022700 0.023100 0.022700 0.022400 0.022100 0.070800 0.022200 0.000000 0.045300 0.022800 0.000200 0.000100 0.000300 0.045000 0.000100 0.022400 0.000300 0.045300 0.023000 0.022000 0.000300 0.046500 0.022700 0.022700 0.045300
Yak 0.070000 0.381200 0.022100 0.171300 0.045500 0.070400 0.069000 0.045400 0.022100 0.071500 0.070600 0.071300 0.068700 0.045000 0.093700 0.045400 0.114200 0.067200 0.070400 0.022100 0.045100 0.070100 0.068700 0.045100 0.070400 0.070500 0.068700 0.022100 0.071300 0.022100 0.069000 0.067900 0.121600 0.068700 0.045300 0.000000 0.070400 0.045500 0.045100 0.045100 0.092800 0.045600 0.069000 0.045300 0.000100 0.071000 0.067800 0.044500 0.096200 0.071000 0.022100 0.044200
BlueSheep 0.000100 0.349300 0.046900 0.147800 0.022900 0.000000 0.046200 0.022800 0.046900 0.047900 0.000100 0.100800 0.045900 0.022700 0.070500 0.022900 0.091600 0.044900 0.000000 0.046900 0.022600 0.000100 0.045900 0.022600 0.000000 0.047400 0.045900 0.046900 0.047900 0.046900 0.046100 0.045400 0.097600 0.045900 0.022800 0.070400 0.000000 0.022900 0.022600 0.022600 0.069800 0.023000 0.046100 0.022700 0.070400 0.047600 0.045100 0.022600 0.072300 0.047600 0.046900 0.070300
BohorReedb 0.022800 0.304400 0.022700 0.113800 0.000000 0.022900 0.022500 0.000300 0.022700 0.023300 0.023000 0.073200 0.022400 0.000200 0.045600 0.000300 0.066700 0.024400 0.022900 0.022700 0.000200 0.022800 0.022400 0.000400 0.022900 0.022700 0.022400 0.022700 0.023200 0.022700 0.022500 0.022100 0.071000 0.022400 0.000200 0.045500 0.022900 0.000000 0.000200 0.000400 0.045100 0.000200 0.022500 0.000400 0.045500 0.023200 0.022000 0.000500 0.046800 0.022500 0.022700 0.045500
KirksDik 0.022500 0.301100 0.022600 0.112800 0.000200 0.022600 0.022300 0.000100 0.022600 0.023000 0.022700 0.072600 0.022100 0.000100 0.045300 0.000100 0.066200 0.021600 0.022600 0.022600 0.000000 0.022600 0.022100 0.000200 0.022600 0.022700 0.022100 0.022600 0.023000 0.022600 0.022200 0.021900 0.070300 0.022100 0.000100 0.045100 0.022600 0.000200 0.000000 0.000200 0.044700 0.000100 0.022200 0.000300 0.045100 0.022900 0.021800 0.000300 0.046300 0.022700 0.022600 0.045100
RoeDeer 0.022400 0.296400 0.022500 0.111400 0.000400 0.022600 0.022200 0.000300 0.022500 0.023000 0.022600 0.072600 0.022100 0.000300 0.045100 0.000300 0.066100 0.021500 0.022600 0.022500 0.000200 0.022500 0.022100 0.000000 0.022600 0.022300 0.022100 0.022500 0.022800 0.022500 0.022200 0.021700 0.070100 0.022100 0.000300 0.045100 0.022600 0.000400 0.000200 0.000000 0.044800 0.000300 0.022200 0.000100 0.045100 0.022800 0.021700 0.000500 0.046200 0.022500 0.022500 0.045000
WhiteLippe 0.069300 0.337900 0.069400 0.171600 0.045100 0.069800 0.068400 0.045000 0.069400 0.022600 0.069900 0.123800 0.068100 0.044600 0.093000 0.045100 0.065500 0.072900 0.069800 0.069400 0.044700 0.069500 0.021700 0.044800 0.069800 0.069700 0.068100 0.069400 0.070600 0.069400 0.021800 0.067400 0.120400 0.068100 0.045000 0.092800 0.069800 0.045100 0.044700 0.044800 0.000000 0.045200 0.021800 0.045000 0.092700 0.069800 0.067200 0.044400 0.095100 0.070200 0.069400 0.092700
ThomsonGaz 0.022800 0.266700 0.022800 0.083500 0.000200 0.023000 0.022500 0.000200 0.022800 0.023300 0.023000 0.073600 0.022400 0.000100 0.045800 0.000100 0.066900 0.021800 0.023000 0.022800 0.000100 0.022900 0.022400 0.000300 0.023000 0.022800 0.022400 0.022800 0.023000 0.022800 0.022500 0.022200 0.071100 0.022400 0.000100 0.045600 0.023000 0.000200 0.000100 0.000300 0.045200 0.000000 0.022500 0.000300 0.045700 0.023200 0.022100 0.014500 0.022900 0.022900 0.022800 0.045600
MuntiacusC 0.045800 0.336300 0.045900 0.143300 0.022500 0.046100 0.045300 0.022400 0.045900 0.000100 0.046200 0.098300 0.045000 0.022200 0.069000 0.022400 0.089900 0.048700 0.046100 0.045900 0.022200 0.045900 0.000100 0.022200 0.046100 0.046000 0.045000 0.045900 0.046700 0.045900 0.000000 0.044600 0.095500 0.045000 0.022400 0.069000 0.046100 0.022500 0.022200 0.022200 0.021800 0.022500 0.000000 0.022300 0.068900 0.046600 0.044400 0.022200 0.070700 0.046400 0.045900 0.068800
WhiteTaile 0.022500 0.297500 0.022600 0.112100 0.000400 0.022700 0.022400 0.000400 0.022600 0.023100 0.022700 0.072900 0.022200 0.000300 0.045200 0.000400 0.066400 0.021300 0.022700 0.022600 0.000300 0.022500 0.022200 0.000100 0.022700 0.022200 0.022200 0.022600 0.022800 0.022600 0.022300 0.021800 0.070400 0.022200 0.000300 0.045300 0.022700 0.000400 0.000300 0.000100 0.045000 0.000300 0.022300 0.000000 0.045200 0.023000 0.021800 0.000600 0.046400 0.022500 0.022600 0.045200
Cattle 0.069900 0.380800 0.022100 0.172100 0.045500 0.070400 0.069000 0.045400 0.022100 0.071500 0.070500 0.071200 0.068600 0.045000 0.093700 0.045400 0.114300 0.067200 0.070400 0.022100 0.045100 0.070100 0.068600 0.045100 0.070400 0.070500 0.068600 0.022100 0.071300 0.022100 0.068900 0.068000 0.121400 0.068600 0.045300 0.000100 0.070400 0.045500 0.045100 0.045100 0.092700 0.045700 0.068900 0.045200 0.000000 0.071000 0.067800 0.044600 0.096100 0.071000 0.022100 0.044200
RoyalAntel 0.047300 0.269700 0.047300 0.085300 0.023200 0.047600 0.046700 0.023100 0.047300 0.048400 0.047700 0.101300 0.046300 0.022900 0.071200 0.023100 0.098400 0.045300 0.047600 0.047300 0.022900 0.047400 0.046400 0.022800 0.047600 0.047800 0.046300 0.047300 0.048300 0.047300 0.046600 0.046000 0.098400 0.046300 0.023000 0.071000 0.047600 0.023200 0.022900 0.022800 0.069800 0.023200 0.046600 0.023000 0.071000 0.000000 0.045700 0.022900 0.073000 0.047800 0.047300 0.070900
Steenbok 0.045000 0.332600 0.045100 0.139500 0.022000 0.045100 0.044500 0.022000 0.045100 0.045900 0.045400 0.096700 0.044200 0.021800 0.067900 0.022000 0.088500 0.043300 0.045100 0.045100 0.021800 0.045100 0.044200 0.021700 0.045100 0.045500 0.044200 0.045100 0.045900 0.045100 0.044400 0.043700 0.093600 0.044200 0.022000 0.067800 0.045100 0.022000 0.021800 0.021700 0.067200 0.022100 0.044400 0.021800 0.067800 0.045700 0.000000 0.021700 0.069400 0.045700 0.045100 0.067700
Impala 0.022400 0.295900 0.022400 0.110100 0.000500 0.022600 0.022200 0.000400 0.022400 0.023100 0.022600 0.071600 0.022100 0.000300 0.045100 0.013000 0.065700 0.021200 0.022600 0.022400 0.000300 0.022500 0.022200 0.000500 0.022600 0.041100 0.022100 0.022400 0.042500 0.022400 0.022200 0.021800 0.070000 0.022100 0.000300 0.044500 0.022600 0.000500 0.000300 0.000500 0.044400 0.014500 0.022200 0.000600 0.044600 0.022900 0.021700 0.000000 0.046200 0.021700 0.022400 0.044800
Klipspring 0.071900 0.308700 0.072000 0.114600 0.046800 0.072300 0.070900 0.046700 0.072000 0.073400 0.072500 0.129600 0.070300 0.046200 0.096200 0.022800 0.117100 0.068800 0.072300 0.072000 0.046300 0.071900 0.070400 0.046200 0.072300 0.047300 0.070300 0.072000 0.047800 0.072000 0.070700 0.069700 0.071700 0.070300 0.046500 0.096200 0.072300 0.046800 0.046300 0.046200 0.095100 0.022900 0.070700 0.046400 0.096100 0.073000 0.069400 0.046200 0.000000 0.073100 0.072000 0.095900
ForestMusk 0.047200 0.349800 0.047400 0.145400 0.022500 0.047600 0.046500 0.022900 0.047400 0.048100 0.047600 0.048900 0.046200 0.022500 0.071200 0.022600 0.092200 0.045200 0.047600 0.047400 0.022700 0.047300 0.046100 0.022500 0.047600 0.047400 0.046200 0.047400 0.048100 0.047400 0.046400 0.045700 0.098500 0.046200 0.022700 0.071000 0.047600 0.022500 0.022700 0.022500 0.070200 0.022900 0.046400 0.022500 0.071000 0.047800 0.045700 0.021700 0.073100 0.000000 0.047400 0.071200
Bushbuck 0.046600 0.349200 0.000000 0.146900 0.022700 0.046900 0.046000 0.022700 0.000000 0.047600 0.047000 0.047400 0.045700 0.022500 0.070200 0.022700 0.091300 0.044700 0.046900 0.000000 0.022600 0.046700 0.045700 0.022500 0.046900 0.047100 0.045700 0.000000 0.047600 0.000000 0.045900 0.045300 0.097100 0.045700 0.022700 0.022100 0.046900 0.022700 0.022600 0.022500 0.069400 0.022800 0.045900 0.022600 0.022100 0.047300 0.045100 0.022400 0.072000 0.047400 0.000000 0.022000
GreaterKud 0.069900 0.382600 0.022000 0.174600 0.045500 0.070300 0.068900 0.045400 0.022000 0.071400 0.070500 0.071000 0.068500 0.045000 0.093700 0.045500 0.114500 0.067200 0.070300 0.020600 0.045100 0.070000 0.068500 0.045000 0.070300 0.070600 0.068500 0.022000 0.071200 0.022000 0.068800 0.067900 0.121200 0.068500 0.045300 0.044200 0.070300 0.045500 0.045100 0.045000 0.092700 0.045600 0.068800 0.045200 0.044200 0.070900 0.067700 0.044800 0.095900 0.071200 0.022000 0.000000
