1
52 1
Argali 0.000000 0.149300 0.044400 0.133600 0.027700 0.000000 0.030200 0.036600 0.032700 0.060000 0.009900 0.041700 0.027600 0.036600 0.042900 0.032800 0.058500 0.059800 0.021300 0.036600 0.034100 0.008700 0.056100 0.049700 0.012500 0.044300 0.025100 0.036600 0.037900 0.043100 0.061400 0.031500 0.057400 0.027700 0.022600 0.045800 0.008700 0.030200 0.040500 0.057500 0.053700 0.040300 0.061300 0.051000 0.045800 0.044400 0.035400 0.035300 0.036700 0.044600 0.039200 0.036600
LesserMous 0.149300 0.000000 0.144400 0.155000 0.147600 0.149300 0.146000 0.149200 0.139400 0.157800 0.147800 0.144200 0.156400 0.154900 0.154400 0.143300 0.154800 0.154500 0.160000 0.140900 0.153800 0.149300 0.150600 0.146500 0.150800 0.153400 0.153700 0.138100 0.147600 0.148500 0.159300 0.150800 0.160800 0.155200 0.150700 0.147500 0.149100 0.151800 0.158000 0.159800 0.148000 0.154600 0.156100 0.151000 0.149200 0.159500 0.152500 0.153400 0.156700 0.152500 0.144000 0.141100
LesserKudu 0.044400 0.144400 0.000000 0.129100 0.043000 0.044400 0.046900 0.049600 0.018500 0.067700 0.047000 0.035300 0.046900 0.054800 0.055900 0.047000 0.063900 0.065300 0.053700 0.012400 0.050900 0.045700 0.066700 0.065500 0.047000 0.058700 0.044300 0.012400 0.052200 0.018700 0.069100 0.049600 0.063900 0.047000 0.044300 0.043200 0.045600 0.048200 0.060100 0.065400 0.064200 0.052000 0.069000 0.064200 0.043200 0.057400 0.052300 0.049500 0.053500 0.053700 0.014900 0.012400
KillerWhal 0.133600 0.155000 0.129100 0.000000 0.127500 0.133600 0.126000 0.137700 0.128600 0.133000 0.132100 0.130200 0.130300 0.134800 0.135600 0.134900 0.135800 0.135800 0.138100 0.130100 0.139300 0.133500 0.131500 0.123300 0.132100 0.139000 0.130500 0.124400 0.136200 0.137500 0.134500 0.126300 0.138800 0.133500 0.129200 0.130800 0.130500 0.131700 0.140700 0.133200 0.129200 0.143100 0.134400 0.124700 0.133700 0.134800 0.141000 0.133400 0.142200 0.133800 0.130200 0.130200
DefassaWat 0.027700 0.147600 0.043000 0.127500 0.000000 0.027700 0.026300 0.030200 0.028900 0.056000 0.030200 0.036500 0.032700 0.035300 0.042900 0.028900 0.053100 0.054500 0.036700 0.035200 0.030200 0.028900 0.052100 0.048300 0.032800 0.035300 0.030200 0.035300 0.034000 0.041700 0.057300 0.030200 0.054600 0.032800 0.027600 0.040600 0.028900 0.007400 0.036600 0.052200 0.049600 0.032600 0.054700 0.047000 0.040500 0.036600 0.031500 0.034000 0.034100 0.041900 0.037900 0.035300
Sheep 0.000000 0.149300 0.044400 0.133600 0.027700 0.000000 0.030200 0.036600 0.032700 0.060100 0.009900 0.041700 0.027600 0.036600 0.042900 0.032800 0.058500 0.059900 0.021300 0.036600 0.034100 0.008700 0.056100 0.049700 0.012500 0.044300 0.025100 0.036600 0.037900 0.043100 0.061400 0.031500 0.057400 0.027700 0.022600 0.045800 0.008700 0.030200 0.040500 0.057500 0.053700 0.040400 0.061300 0.051000 0.045800 0.044400 0.035400 0.035300 0.036700 0.044600 0.039200 0.036600
MaxwellsDu 0.030200 0.146000 0.046900 0.126000 0.026300 0.030200 0.000000 0.034000 0.035200 0.059900 0.032700 0.040400 0.032700 0.021200 0.040300 0.032700 0.055700 0.057100 0.036600 0.039100 0.034000 0.031400 0.056000 0.049600 0.035300 0.036500 0.030100 0.034000 0.037800 0.043000 0.061300 0.016200 0.052000 0.032700 0.030100 0.040500 0.031400 0.031400 0.037800 0.057400 0.053600 0.037700 0.061200 0.050900 0.040500 0.036600 0.035300 0.035300 0.039200 0.044500 0.039100 0.039100
GazellaPrz 0.036600 0.149200 0.049600 0.137700 0.030200 0.036600 0.034000 0.000000 0.036500 0.069300 0.039200 0.044300 0.036500 0.043000 0.050700 0.022500 0.055700 0.059800 0.045700 0.040400 0.025100 0.037900 0.065300 0.061500 0.039200 0.032700 0.034000 0.043000 0.027600 0.046900 0.070600 0.037900 0.061200 0.036600 0.036600 0.049700 0.037900 0.035300 0.031400 0.066700 0.062900 0.031300 0.067900 0.062800 0.049700 0.048200 0.025100 0.044300 0.043100 0.051100 0.045600 0.043000
MountainNy 0.032700 0.139400 0.018500 0.128600 0.028900 0.032700 0.035200 0.036500 0.000000 0.058500 0.035300 0.031300 0.035200 0.044300 0.046700 0.035300 0.054600 0.055900 0.041800 0.011100 0.036600 0.034000 0.054600 0.053400 0.035300 0.044200 0.032700 0.011100 0.040400 0.017400 0.059900 0.039200 0.054600 0.035300 0.032700 0.036600 0.034000 0.033900 0.045600 0.056000 0.054800 0.035100 0.057200 0.054800 0.036600 0.046800 0.040500 0.037800 0.041700 0.044400 0.013600 0.011100
MuntiacusM 0.060000 0.157800 0.067700 0.133000 0.056000 0.060100 0.059900 0.069300 0.058500 0.000000 0.060000 0.059900 0.062600 0.071600 0.073000 0.065300 0.071900 0.069200 0.069500 0.059900 0.066700 0.061300 0.016200 0.022500 0.062700 0.069200 0.060000 0.059900 0.070600 0.066600 0.001200 0.066400 0.070500 0.062700 0.060000 0.065300 0.058700 0.061200 0.073300 0.025000 0.013700 0.067800 0.003700 0.022500 0.068100 0.073300 0.070800 0.066600 0.070700 0.063000 0.062400 0.059900
goat 0.009900 0.147800 0.047000 0.132100 0.030200 0.009900 0.032700 0.039200 0.035300 0.060000 0.000000 0.041700 0.030100 0.039200 0.045500 0.035300 0.061100 0.059800 0.023800 0.039200 0.036600 0.006200 0.058700 0.052300 0.002500 0.046900 0.027600 0.039200 0.040400 0.045700 0.061400 0.034100 0.060000 0.030200 0.023800 0.048400 0.003700 0.030200 0.040500 0.060100 0.056300 0.042900 0.061300 0.053600 0.048400 0.044400 0.038000 0.035400 0.036700 0.044600 0.041800 0.039200
AfricanBuf 0.041700 0.144200 0.035300 0.130200 0.036500 0.041700 0.040400 0.044300 0.031300 0.059900 0.041700 0.000000 0.046800 0.049500 0.051900 0.039100 0.055900 0.053300 0.047000 0.030000 0.045600 0.043000 0.058500 0.058700 0.044300 0.050700 0.044300 0.028800 0.044300 0.036500 0.061200 0.044300 0.057200 0.046900 0.041700 0.030200 0.040400 0.041600 0.046900 0.065300 0.056100 0.049300 0.058500 0.057400 0.030200 0.046800 0.044400 0.043000 0.048200 0.045700 0.031400 0.030100
Topi 0.027600 0.156400 0.046900 0.130300 0.032700 0.027600 0.032700 0.036500 0.035200 0.062600 0.030100 0.046800 0.000000 0.041700 0.042800 0.037800 0.066300 0.065000 0.036600 0.039100 0.034000 0.028900 0.061200 0.054800 0.030100 0.046800 0.007400 0.039100 0.043000 0.045600 0.063900 0.036600 0.059800 0.009900 0.022500 0.050900 0.028800 0.035200 0.045600 0.060000 0.058800 0.042800 0.063800 0.056100 0.050900 0.049500 0.040500 0.040400 0.041700 0.047000 0.041700 0.039100
CommonDuik 0.036600 0.154900 0.054800 0.134800 0.035300 0.036600 0.021200 0.043000 0.044300 0.071600 0.039200 0.049500 0.041700 0.000000 0.049400 0.039200 0.065000 0.063700 0.043100 0.048200 0.043000 0.037900 0.066300 0.058500 0.039100 0.046800 0.039100 0.043000 0.044300 0.052100 0.073000 0.012400 0.063900 0.041800 0.036600 0.049700 0.037800 0.037800 0.039100 0.066400 0.063900 0.049300 0.070300 0.059800 0.049600 0.045600 0.041800 0.044300 0.045700 0.045800 0.048200 0.048200
Suni 0.042900 0.154400 0.055900 0.135600 0.042900 0.042900 0.040300 0.050700 0.046700 0.073000 0.045500 0.051900 0.042800 0.049400 0.000000 0.048100 0.072700 0.076800 0.046900 0.050600 0.046800 0.044200 0.066300 0.062500 0.045500 0.055800 0.040300 0.045400 0.053300 0.057200 0.074300 0.044200 0.066300 0.042900 0.042900 0.060000 0.044200 0.042800 0.055900 0.070300 0.066600 0.054400 0.074200 0.063800 0.059900 0.058500 0.050800 0.049400 0.053300 0.060100 0.050600 0.050600
Springbuck 0.032800 0.143300 0.047000 0.134900 0.028900 0.032800 0.032700 0.022500 0.035300 0.065300 0.035300 0.039100 0.037800 0.039200 0.048100 0.000000 0.047900 0.054500 0.040600 0.041700 0.021300 0.034000 0.061300 0.054900 0.037900 0.018700 0.035300 0.041700 0.009900 0.048200 0.066600 0.034100 0.060000 0.037900 0.032700 0.045800 0.034000 0.031400 0.026300 0.065400 0.058900 0.017400 0.064000 0.056200 0.045800 0.047000 0.020000 0.043100 0.041800 0.041900 0.044300 0.041700
Okapi 0.058500 0.154800 0.063900 0.135800 0.053100 0.058500 0.055700 0.055700 0.054600 0.071900 0.061100 0.055900 0.066300 0.065000 0.072700 0.047900 0.000000 0.032700 0.070600 0.058500 0.054400 0.059700 0.067900 0.065400 0.063800 0.062300 0.063700 0.058600 0.053100 0.065200 0.073300 0.059800 0.067800 0.063800 0.061100 0.057400 0.059700 0.058300 0.063700 0.072000 0.065500 0.060800 0.070600 0.066700 0.060000 0.067700 0.055900 0.066300 0.066400 0.060300 0.061200 0.058600
Giraffe 0.059800 0.154500 0.065300 0.135800 0.054500 0.059900 0.057100 0.059800 0.055900 0.069200 0.059800 0.053300 0.065000 0.063700 0.076800 0.054500 0.032700 0.000000 0.072000 0.059900 0.066500 0.061100 0.067900 0.065400 0.059800 0.067700 0.062400 0.059900 0.062500 0.066600 0.070600 0.061200 0.067800 0.062500 0.062400 0.054800 0.058400 0.059600 0.067800 0.066700 0.065500 0.067600 0.067900 0.066700 0.057400 0.066400 0.062600 0.063700 0.069100 0.057700 0.062600 0.059900
TibetanAnt 0.021300 0.160000 0.053700 0.138100 0.036700 0.021300 0.036600 0.045700 0.041800 0.069500 0.023800 0.047000 0.036600 0.043100 0.046900 0.040600 0.070600 0.072000 0.000000 0.045700 0.043200 0.022600 0.065500 0.056300 0.026400 0.052200 0.031500 0.043100 0.045700 0.052300 0.070800 0.038000 0.066700 0.036700 0.031500 0.052400 0.022500 0.036700 0.044400 0.066900 0.063100 0.048200 0.070800 0.057700 0.052400 0.052300 0.044500 0.041900 0.045800 0.052500 0.045800 0.045700
Sitatunga 0.036600 0.140900 0.012400 0.130100 0.035200 0.036600 0.039100 0.040400 0.011100 0.059900 0.039200 0.030000 0.039100 0.048200 0.050600 0.041700 0.058500 0.059900 0.045700 0.000000 0.043000 0.037900 0.055900 0.057400 0.039100 0.050700 0.036500 0.004900 0.046900 0.008600 0.061200 0.043000 0.055900 0.039100 0.036500 0.035300 0.037800 0.040300 0.049500 0.057300 0.056100 0.044100 0.061200 0.056100 0.035300 0.050800 0.047000 0.041700 0.043000 0.045700 0.007400 0.004900
Oribi 0.034100 0.153800 0.050900 0.139300 0.030200 0.034100 0.034000 0.025100 0.036600 0.066700 0.036600 0.045600 0.034000 0.043000 0.046800 0.021300 0.054400 0.066500 0.043200 0.043000 0.000000 0.035300 0.062700 0.056200 0.036600 0.031300 0.031500 0.043100 0.026300 0.049600 0.068000 0.037900 0.061300 0.034100 0.034000 0.049700 0.035300 0.032700 0.031400 0.061400 0.060300 0.028800 0.065300 0.057500 0.049700 0.050900 0.026400 0.044400 0.041800 0.048500 0.045700 0.043100
BarbaryShe 0.008700 0.149300 0.045700 0.133500 0.028900 0.008700 0.031400 0.037900 0.034000 0.061300 0.006200 0.043000 0.028900 0.037900 0.044200 0.034000 0.059700 0.061100 0.022600 0.037900 0.035300 0.000000 0.057400 0.050900 0.008700 0.045600 0.026400 0.037900 0.039100 0.044400 0.062700 0.032800 0.058600 0.028900 0.022500 0.047100 0.005000 0.028900 0.041800 0.058800 0.055000 0.041600 0.062600 0.052300 0.047100 0.045700 0.036700 0.036600 0.035400 0.045800 0.040500 0.037900
Daviddeer 0.056100 0.150600 0.066700 0.131500 0.052100 0.056100 0.056000 0.065300 0.054600 0.016200 0.058700 0.058500 0.061200 0.066300 0.066300 0.061300 0.067900 0.067900 0.065500 0.055900 0.062700 0.057400 0.000000 0.021200 0.061400 0.065200 0.058700 0.058600 0.066600 0.065200 0.017400 0.062500 0.063800 0.061400 0.056100 0.061400 0.057300 0.057200 0.068000 0.023700 0.006200 0.063800 0.017400 0.021200 0.064100 0.071900 0.066800 0.065300 0.066700 0.060300 0.061100 0.058600
Reindeer 0.049700 0.146500 0.065500 0.123300 0.048300 0.049700 0.049600 0.061500 0.053400 0.022500 0.052300 0.058700 0.054800 0.058500 0.062500 0.054900 0.065400 0.065400 0.056300 0.057400 0.056200 0.050900 0.021200 0.000000 0.054900 0.061400 0.052200 0.054800 0.060100 0.064100 0.023800 0.053300 0.062700 0.054900 0.052200 0.057600 0.050900 0.050800 0.065500 0.022500 0.018800 0.060000 0.026300 0.007500 0.060200 0.066800 0.060300 0.056200 0.060200 0.057800 0.057300 0.057400
Ibex 0.012500 0.150800 0.047000 0.132100 0.032800 0.012500 0.035300 0.039200 0.035300 0.062700 0.002500 0.044300 0.030100 0.039100 0.045500 0.037900 0.063800 0.059800 0.026400 0.039100 0.036600 0.008700 0.061400 0.054900 0.000000 0.048200 0.027600 0.039200 0.043000 0.045700 0.064000 0.036600 0.060000 0.030200 0.026400 0.051000 0.006200 0.032700 0.043100 0.057500 0.059000 0.045500 0.064000 0.056200 0.051000 0.047000 0.040600 0.037900 0.039200 0.047200 0.041800 0.039200
GyrantGaze 0.044300 0.153400 0.058700 0.139000 0.035300 0.044300 0.036500 0.032700 0.044200 0.069200 0.046900 0.050700 0.046800 0.046800 0.055800 0.018700 0.062300 0.067700 0.052200 0.050700 0.031300 0.045600 0.065200 0.061400 0.048200 0.000000 0.044300 0.048200 0.023800 0.057300 0.070500 0.043000 0.063800 0.046900 0.044300 0.054900 0.045600 0.040400 0.035200 0.066600 0.062800 0.016100 0.067800 0.062700 0.054800 0.054700 0.034000 0.052100 0.053500 0.053700 0.053400 0.050800
Hartebeest 0.025100 0.153700 0.044300 0.130500 0.030200 0.025100 0.030100 0.034000 0.032700 0.060000 0.027600 0.044300 0.007400 0.039100 0.040300 0.035300 0.063700 0.062400 0.031500 0.036500 0.031500 0.026400 0.058700 0.052200 0.027600 0.044300 0.000000 0.036600 0.040400 0.043000 0.061300 0.034000 0.057300 0.007400 0.020000 0.048400 0.026300 0.032700 0.043000 0.057400 0.056300 0.040300 0.061300 0.053500 0.048400 0.046900 0.037900 0.037900 0.039200 0.044400 0.039100 0.036600
Bongo 0.036600 0.138100 0.012400 0.124400 0.035300 0.036600 0.034000 0.043000 0.011100 0.059900 0.039200 0.028800 0.039100 0.043000 0.045400 0.041700 0.058600 0.059900 0.043100 0.004900 0.043100 0.037900 0.058600 0.054800 0.039200 0.048200 0.036600 0.000000 0.046900 0.011100 0.061200 0.037900 0.053300 0.039200 0.036600 0.032800 0.037900 0.040400 0.049500 0.057400 0.056200 0.044200 0.061200 0.053500 0.032700 0.048200 0.047000 0.039100 0.045600 0.045800 0.004900 0.004900
Gerenuk 0.037900 0.147600 0.052200 0.136200 0.034000 0.037900 0.037800 0.027600 0.040400 0.070600 0.040400 0.044300 0.043000 0.044300 0.053300 0.009900 0.053100 0.062500 0.045700 0.046900 0.026300 0.039100 0.066600 0.060100 0.043000 0.023800 0.040400 0.046900 0.000000 0.053500 0.072000 0.039200 0.065200 0.043100 0.037900 0.051000 0.039100 0.036600 0.031400 0.070700 0.064200 0.022400 0.069300 0.061500 0.051000 0.052200 0.025100 0.048200 0.047000 0.047100 0.049500 0.046900
CommonElan 0.043100 0.148500 0.018700 0.137500 0.041700 0.043100 0.043000 0.046900 0.017400 0.066600 0.045700 0.036500 0.045600 0.052100 0.057200 0.048200 0.065200 0.066600 0.052300 0.008600 0.049600 0.044400 0.065200 0.064100 0.045700 0.057300 0.043000 0.011100 0.053500 0.000000 0.067900 0.047000 0.062500 0.045700 0.043000 0.041800 0.044300 0.046900 0.058700 0.061300 0.062800 0.050700 0.067900 0.062800 0.041800 0.057400 0.053600 0.048200 0.049600 0.052300 0.012400 0.008600
MuntiacusR 0.061400 0.159300 0.069100 0.134500 0.057300 0.061400 0.061300 0.070600 0.059900 0.001200 0.061400 0.061200 0.063900 0.073000 0.074300 0.066600 0.073300 0.070600 0.070800 0.061200 0.068000 0.062700 0.017400 0.023800 0.064000 0.070500 0.061300 0.061200 0.072000 0.067900 0.000000 0.067800 0.071800 0.064000 0.061300 0.066600 0.060000 0.062500 0.074700 0.026300 0.014900 0.069100 0.004800 0.023800 0.069400 0.074600 0.072100 0.067900 0.072000 0.064300 0.063700 0.061200
HarveysDui 0.031500 0.150800 0.049600 0.126300 0.030200 0.031500 0.016200 0.037900 0.039200 0.066400 0.034100 0.044300 0.036600 0.012400 0.044200 0.034100 0.059800 0.061200 0.038000 0.043000 0.037900 0.032800 0.062500 0.053300 0.036600 0.043000 0.034000 0.037900 0.039200 0.047000 0.067800 0.000000 0.058700 0.036700 0.031500 0.041900 0.032800 0.032700 0.039200 0.063900 0.060000 0.044200 0.067700 0.054700 0.041900 0.040500 0.036700 0.039200 0.040600 0.045900 0.043000 0.043100
Pronghorn 0.057400 0.160800 0.063900 0.138800 0.054600 0.057400 0.052000 0.061200 0.054600 0.070500 0.060000 0.057200 0.059800 0.063900 0.066300 0.060000 0.067800 0.067800 0.066700 0.055900 0.061300 0.058600 0.063800 0.062700 0.060000 0.063800 0.057300 0.053300 0.065200 0.062500 0.071800 0.058700 0.000000 0.060000 0.059900 0.060100 0.058600 0.057200 0.069200 0.067900 0.064100 0.062400 0.071800 0.062700 0.062700 0.067900 0.065400 0.062500 0.063900 0.060300 0.055900 0.055900
BlueWildeb 0.027700 0.155200 0.047000 0.133500 0.032800 0.027700 0.032700 0.036600 0.035300 0.062700 0.030200 0.046900 0.009900 0.041800 0.042900 0.037900 0.063800 0.062500 0.036700 0.039100 0.034100 0.028900 0.061400 0.054900 0.030200 0.046900 0.007400 0.039200 0.043100 0.045700 0.064000 0.036700 0.060000 0.000000 0.022600 0.051000 0.028900 0.035300 0.045700 0.060100 0.059000 0.042900 0.064000 0.056200 0.051000 0.047000 0.040600 0.040500 0.041800 0.046900 0.041800 0.039200
Gemsbok 0.022600 0.150700 0.044300 0.129200 0.027600 0.022600 0.030100 0.036600 0.032700 0.060000 0.023800 0.041700 0.022500 0.036600 0.042900 0.032700 0.061100 0.062400 0.031500 0.036500 0.034000 0.022500 0.056100 0.052200 0.026400 0.044300 0.020000 0.036600 0.037900 0.043000 0.061300 0.031500 0.059900 0.022600 0.000000 0.045800 0.022500 0.030100 0.040400 0.060100 0.053600 0.040300 0.061300 0.053600 0.045700 0.044400 0.035400 0.035300 0.036600 0.044500 0.039200 0.036600
Yak 0.045800 0.147500 0.043200 0.130800 0.040600 0.045800 0.040500 0.049700 0.036600 0.065300 0.048400 0.030200 0.050900 0.049700 0.060000 0.045800 0.057400 0.054800 0.052400 0.035300 0.049700 0.047100 0.061400 0.057600 0.051000 0.054900 0.048400 0.032800 0.051000 0.041800 0.066600 0.041900 0.060100 0.051000 0.045800 0.000000 0.047100 0.045700 0.056300 0.065500 0.058900 0.053400 0.064000 0.057600 0.007500 0.053600 0.051100 0.048300 0.051000 0.052500 0.035300 0.035300
BlueSheep 0.008700 0.149100 0.045600 0.130500 0.028900 0.008700 0.031400 0.037900 0.034000 0.058700 0.003700 0.040400 0.028800 0.037800 0.044200 0.034000 0.059700 0.058400 0.022500 0.037800 0.035300 0.005000 0.057300 0.050900 0.006200 0.045600 0.026300 0.037900 0.039100 0.044300 0.060000 0.032800 0.058600 0.028900 0.022500 0.047100 0.000000 0.028900 0.039200 0.058700 0.054900 0.041600 0.059900 0.052200 0.047000 0.043100 0.034100 0.034000 0.035300 0.043200 0.040400 0.037900
BohorReedb 0.030200 0.151800 0.048200 0.131700 0.007400 0.030200 0.031400 0.035300 0.033900 0.061200 0.030200 0.041600 0.035200 0.037800 0.042800 0.031400 0.058300 0.059600 0.036700 0.040300 0.032700 0.028900 0.057200 0.050800 0.032700 0.040400 0.032700 0.040400 0.036600 0.046900 0.062500 0.032700 0.057200 0.035300 0.030100 0.045700 0.028900 0.000000 0.039100 0.057300 0.054800 0.037700 0.059800 0.049500 0.045700 0.041700 0.034100 0.039100 0.034000 0.044400 0.043000 0.040400
KirksDik 0.040500 0.158000 0.060100 0.140700 0.036600 0.040500 0.037800 0.031400 0.045600 0.073300 0.040500 0.046900 0.045600 0.039100 0.055900 0.026300 0.063700 0.067800 0.044400 0.049500 0.031400 0.041800 0.068000 0.065500 0.043100 0.035200 0.043000 0.049500 0.031400 0.058700 0.074700 0.039200 0.069200 0.045700 0.040400 0.056300 0.039200 0.039100 0.000000 0.076100 0.068200 0.036400 0.072000 0.066800 0.053600 0.050900 0.027700 0.048300 0.049600 0.052400 0.054800 0.052100
RoeDeer 0.057500 0.159800 0.065400 0.133200 0.052200 0.057500 0.057400 0.066700 0.056000 0.025000 0.060100 0.065300 0.060000 0.066400 0.070300 0.065400 0.072000 0.066700 0.066900 0.057300 0.061400 0.058800 0.023700 0.022500 0.057500 0.066600 0.057400 0.057400 0.070700 0.061300 0.026300 0.063900 0.067900 0.060100 0.060100 0.065500 0.058700 0.057300 0.076100 0.000000 0.021300 0.065200 0.028800 0.022500 0.068200 0.076100 0.070900 0.066700 0.070800 0.065700 0.059800 0.057400
WhiteLippe 0.053700 0.148000 0.064200 0.129200 0.049600 0.053700 0.053600 0.062900 0.054800 0.013700 0.056300 0.056100 0.058800 0.063900 0.066600 0.058900 0.065500 0.065500 0.063100 0.056100 0.060300 0.055000 0.006200 0.018800 0.059000 0.062800 0.056300 0.056200 0.064200 0.062800 0.014900 0.060000 0.064100 0.059000 0.053600 0.058900 0.054900 0.054800 0.068200 0.021300 0.000000 0.061400 0.014900 0.018800 0.061700 0.066800 0.064400 0.062900 0.064300 0.057900 0.058700 0.056200
ThomsonGaz 0.040300 0.154600 0.052000 0.143100 0.032600 0.040400 0.037700 0.031300 0.035100 0.067800 0.042900 0.049300 0.042800 0.049300 0.054400 0.017400 0.060800 0.067600 0.048200 0.044100 0.028800 0.041600 0.063800 0.060000 0.045500 0.016100 0.040300 0.044200 0.022400 0.050700 0.069100 0.044200 0.062400 0.042900 0.040300 0.053400 0.041600 0.037700 0.036400 0.065200 0.061400 0.000000 0.066400 0.061300 0.053400 0.054600 0.032700 0.048100 0.052000 0.052300 0.046800 0.044200
MuntiacusC 0.061300 0.156100 0.069000 0.134400 0.054700 0.061300 0.061200 0.067900 0.057200 0.003700 0.061300 0.058500 0.063800 0.070300 0.074200 0.064000 0.070600 0.067900 0.070800 0.061200 0.065300 0.062600 0.017400 0.026300 0.064000 0.067800 0.061300 0.061200 0.069300 0.067900 0.004800 0.067700 0.071800 0.064000 0.061300 0.064000 0.059900 0.059800 0.072000 0.028800 0.014900 0.066400 0.000000 0.026300 0.066700 0.074600 0.069400 0.067900 0.072000 0.061600 0.063700 0.061200
WhiteTaile 0.051000 0.151000 0.064200 0.124700 0.047000 0.051000 0.050900 0.062800 0.054800 0.022500 0.053600 0.057400 0.056100 0.059800 0.063800 0.056200 0.066700 0.066700 0.057700 0.056100 0.057500 0.052300 0.021200 0.007500 0.056200 0.062700 0.053500 0.053500 0.061500 0.062800 0.023800 0.054700 0.062700 0.056200 0.053600 0.057600 0.052200 0.049500 0.066800 0.022500 0.018800 0.061300 0.026300 0.000000 0.058900 0.068100 0.061600 0.060100 0.061500 0.056500 0.055900 0.056100
Cattle 0.045800 0.149200 0.043200 0.133700 0.040500 0.045800 0.040500 0.049700 0.036600 0.068100 0.048400 0.030200 0.050900 0.049600 0.059900 0.045800 0.060000 0.057400 0.052400 0.035300 0.049700 0.047100 0.064100 0.060200 0.051000 0.054800 0.048400 0.032700 0.051000 0.041800 0.069400 0.041900 0.062700 0.051000 0.045700 0.007500 0.047000 0.045700 0.053600 0.068200 0.061700 0.053400 0.066700 0.058900 0.000000 0.053600 0.051100 0.048300 0.052300 0.052500 0.035300 0.035300
RoyalAntel 0.044400 0.159500 0.057400 0.134800 0.036600 0.044400 0.036600 0.048200 0.046800 0.073300 0.044400 0.046800 0.049500 0.045600 0.058500 0.047000 0.067700 0.066400 0.052300 0.050800 0.050900 0.045700 0.071900 0.066800 0.047000 0.054700 0.046900 0.048200 0.052200 0.057400 0.074600 0.040500 0.067900 0.047000 0.044400 0.053600 0.043100 0.041700 0.050900 0.076100 0.066800 0.054600 0.074600 0.068100 0.053600 0.000000 0.049700 0.045600 0.045700 0.053700 0.052100 0.050800
Steenbok 0.035400 0.152500 0.052300 0.141000 0.031500 0.035400 0.035300 0.025100 0.040500 0.070800 0.038000 0.044400 0.040500 0.041800 0.050800 0.020000 0.055900 0.062600 0.044500 0.047000 0.026400 0.036700 0.066800 0.060300 0.040600 0.034000 0.037900 0.047000 0.025100 0.053600 0.072100 0.036700 0.065400 0.040600 0.035400 0.051100 0.034100 0.034100 0.027700 0.070900 0.064400 0.032700 0.069400 0.061600 0.051100 0.049700 0.000000 0.045700 0.044500 0.049900 0.049600 0.047000
Impala 0.035300 0.153400 0.049500 0.133400 0.034000 0.035300 0.035300 0.044300 0.037800 0.066600 0.035400 0.043000 0.040400 0.044300 0.049400 0.043100 0.066300 0.063700 0.041900 0.041700 0.044400 0.036600 0.065300 0.056200 0.037900 0.052100 0.037900 0.039100 0.048200 0.048200 0.067900 0.039200 0.062500 0.040500 0.035300 0.048300 0.034000 0.039100 0.048300 0.066700 0.062900 0.048100 0.067900 0.060100 0.048300 0.045600 0.045700 0.000000 0.041800 0.049700 0.041700 0.041700
Klipspring 0.036700 0.156700 0.053500 0.142200 0.034100 0.036700 0.039200 0.043100 0.041700 0.070700 0.036700 0.048200 0.041700 0.045700 0.053300 0.041800 0.066400 0.069100 0.045800 0.043000 0.041800 0.035400 0.066700 0.060200 0.039200 0.053500 0.039200 0.045600 0.047000 0.049600 0.072000 0.040600 0.063900 0.041800 0.036600 0.051000 0.035300 0.034000 0.049600 0.070800 0.064300 0.052000 0.072000 0.061500 0.052300 0.045700 0.044500 0.041800 0.000000 0.048500 0.048300 0.045600
ForestMusk 0.044600 0.152500 0.053700 0.133800 0.041900 0.044600 0.044500 0.051100 0.044400 0.063000 0.044600 0.045700 0.047000 0.045800 0.060100 0.041900 0.060300 0.057700 0.052500 0.045700 0.048500 0.045800 0.060300 0.057800 0.047200 0.053700 0.044400 0.045800 0.047100 0.052300 0.064300 0.045900 0.060300 0.046900 0.044500 0.052500 0.043200 0.044400 0.052400 0.065700 0.057900 0.052300 0.061600 0.056500 0.052500 0.053700 0.049900 0.049700 0.048500 0.000000 0.045800 0.045800
Bushbuck 0.039200 0.144000 0.014900 0.130200 0.037900 0.039200 0.039100 0.045600 0.013600 0.062400 0.041800 0.031400 0.041700 0.048200 0.050600 0.044300 0.061200 0.062600 0.045800 0.007400 0.045700 0.040500 0.061100 0.057300 0.041800 0.053400 0.039100 0.004900 0.049500 0.012400 0.063700 0.043000 0.055900 0.041800 0.039200 0.035300 0.040400 0.043000 0.054800 0.059800 0.058700 0.046800 0.063700 0.055900 0.035300 0.052100 0.049600 0.041700 0.048300 0.045800 0.000000 0.006100
GreaterKud 0.036600 0.141100 0.012400 0.130200 0.035300 0.036600 0.039100 0.043000 0.011100 0.059900 0.039200 0.030100 0.039100 0.048200 0.050600 0.041700 0.058600 0.059900 0.045700 0.004900 0.043100 0.037900 0.058600 0.057400 0.039200 0.050800 0.036600 0.004900 0.046900 0.008600 0.061200 0.043100 0.055900 0.039200 0.036600 0.035300 0.037900 0.040400 0.052100 0.057400 0.056200 0.044200 0.061200 0.056100 0.035300 0.050800 0.047000 0.041700 0.045600 0.045800 0.006100 0.000000
