CODONML (in paml version 4.10.7, June 2023)  /home/rachel/ruminants_paml/6406-phy-tree/ENSBTAT00000028605.fasta.phy
Model: free dN/dS Ratios for branches,  kappa = 2.000 fixed

Codon frequency model: F3x4
ns =  54  ls =  63

Codon usage in sequences
--------------------------------------------------------------------------------------------------------------------------------------
Phe TTT   1   1   1   1   1   1 | Ser TCT   0   0   0   0   0   0 | Tyr TAT   0   1   0   1   1   1 | Cys TGT   0   0   0   0   0   0
    TTC   1   1   1   1   1   1 |     TCC   2   2   2   2   2   2 |     TAC   2   1   2   1   1   1 |     TGC   0   0   0   0   0   0
Leu TTA   2   2   2   2   2   2 |     TCA   0   0   0   0   0   0 | *** TAA   0   0   0   0   0   0 | *** TGA   0   0   0   0   0   0
    TTG   0   0   0   0   0   0 |     TCG   0   0   0   0   0   0 |     TAG   0   0   0   0   0   0 | Trp TGG   0   0   0   0   0   0
--------------------------------------------------------------------------------------------------------------------------------------
Leu CTT   1   1   1   1   1   1 | Pro CCT   1   1   1   1   1   1 | His CAT   1   1   1   1   1   1 | Arg CGT   0   0   0   0   0   0
    CTC   1   0   1   1   1   1 |     CCC   1   1   1   1   1   1 |     CAC   0   0   0   0   0   0 |     CGC   1   1   1   1   1   1
    CTA   0   1   0   0   0   0 |     CCA   0   0   0   0   0   0 | Gln CAA   3   3   3   3   3   4 |     CGA   0   0   0   0   0   1
    CTG   4   4   4   4   4   4 |     CCG   0   0   0   0   0   0 |     CAG   6   6   6   6   6   5 |     CGG   2   2   2   2   2   1
--------------------------------------------------------------------------------------------------------------------------------------
Ile ATT   3   3   3   3   3   3 | Thr ACT   1   1   1   1   1   1 | Asn AAT   1   1   2   1   1   1 | Ser AGT   0   0   0   0   0   0
    ATC   1   1   1   1   1   1 |     ACC   2   3   2   2   2   2 |     AAC   2   2   1   2   2   2 |     AGC   1   1   1   1   1   1
    ATA   0   0   0   0   0   0 |     ACA   3   2   2   3   3   3 | Lys AAA   3   3   3   3   3   4 | Arg AGA   1   1   1   1   1   1
Met ATG   0   0   0   0   0   0 |     ACG   0   0   1   0   0   0 |     AAG   2   2   2   2   2   1 |     AGG   1   1   1   1   1   1
--------------------------------------------------------------------------------------------------------------------------------------
Val GTT   0   0   0   0   0   0 | Ala GCT   3   3   3   3   4   3 | Asp GAT   0   0   0   0   0   0 | Gly GGT   0   0   0   0   0   0
    GTC   0   0   0   0   0   0 |     GCC   1   1   1   1   0   1 |     GAC   0   0   0   0   0   0 |     GGC   1   0   1   0   0   0
    GTA   0   0   0   0   0   0 |     GCA   1   1   1   1   1   1 | Glu GAA   3   3   3   3   3   3 |     GGA   0   1   0   1   1   1
    GTG   1   1   1   1   1   1 |     GCG   0   0   0   0   0   0 |     GAG   1   1   1   1   1   1 |     GGG   2   2   2   2   2   2
--------------------------------------------------------------------------------------------------------------------------------------

--------------------------------------------------------------------------------------------------------------------------------------
Phe TTT   1   1   1   1   1   1 | Ser TCT   1   0   0   0   0   0 | Tyr TAT   0   0   0   0   0   1 | Cys TGT   0   0   0   0   0   0
    TTC   1   1   1   1   1   1 |     TCC   1   2   2   2   2   2 |     TAC   2   2   2   2   2   1 |     TGC   0   0   0   0   0   0
Leu TTA   2   2   2   2   2   2 |     TCA   0   0   0   0   0   0 | *** TAA   0   0   0   0   0   0 | *** TGA   0   0   0   0   0   0
    TTG   0   0   0   0   0   0 |     TCG   0   0   0   0   0   0 |     TAG   0   0   0   0   0   0 | Trp TGG   0   0   0   0   0   0
--------------------------------------------------------------------------------------------------------------------------------------
Leu CTT   1   1   1   1   1   1 | Pro CCT   1   1   1   1   1   1 | His CAT   1   1   1   1   1   1 | Arg CGT   0   0   0   0   0   0
    CTC   1   1   1   1   1   1 |     CCC   1   1   1   1   1   1 |     CAC   0   0   0   0   0   0 |     CGC   1   1   1   1   1   1
    CTA   0   0   0   0   0   0 |     CCA   0   0   0   0   0   0 | Gln CAA   3   3   3   3   3   3 |     CGA   0   0   0   0   0   0
    CTG   4   4   4   4   4   4 |     CCG   0   0   0   0   0   0 |     CAG   6   6   6   6   6   6 |     CGG   2   2   2   2   2   2
--------------------------------------------------------------------------------------------------------------------------------------
Ile ATT   3   3   3   3   3   3 | Thr ACT   1   1   1   1   1   1 | Asn AAT   1   1   1   1   2   1 | Ser AGT   0   0   0   0   0   0
    ATC   1   1   1   1   1   1 |     ACC   2   2   2   2   2   2 |     AAC   2   2   2   2   1   2 |     AGC   1   1   1   1   1   1
    ATA   0   0   0   0   0   0 |     ACA   3   3   3   3   2   3 | Lys AAA   3   3   3   3   3   3 | Arg AGA   1   1   1   1   1   1
Met ATG   0   0   0   0   0   0 |     ACG   0   0   0   0   1   0 |     AAG   2   2   2   2   2   2 |     AGG   1   1   1   1   1   1
--------------------------------------------------------------------------------------------------------------------------------------
Val GTT   0   0   0   0   0   0 | Ala GCT   3   3   3   3   3   3 | Asp GAT   0   0   0   0   0   0 | Gly GGT   0   0   0   0   0   0
    GTC   0   0   0   0   0   0 |     GCC   1   1   1   1   1   1 |     GAC   0   0   0   0   0   0 |     GGC   1   1   1   1   1   0
    GTA   0   0   0   0   0   0 |     GCA   1   1   1   1   1   1 | Glu GAA   3   3   3   3   3   3 |     GGA   0   0   0   0   0   1
    GTG   1   1   1   1   1   1 |     GCG   0   0   0   0   0   0 |     GAG   1   1   1   1   1   1 |     GGG   2   2   2   2   2   2
--------------------------------------------------------------------------------------------------------------------------------------

--------------------------------------------------------------------------------------------------------------------------------------
Phe TTT   1   1   1   1   1   1 | Ser TCT   0   0   0   0   0   0 | Tyr TAT   0   0   0   0   0   0 | Cys TGT   0   0   0   0   0   0
    TTC   1   1   1   1   1   1 |     TCC   2   2   2   2   2   2 |     TAC   2   2   2   2   2   2 |     TGC   0   0   0   0   0   0
Leu TTA   2   2   2   2   2   2 |     TCA   0   0   0   0   0   0 | *** TAA   0   0   0   0   0   0 | *** TGA   0   0   0   0   0   0
    TTG   0   0   0   0   1   0 |     TCG   0   0   0   0   0   0 |     TAG   0   0   0   0   0   0 | Trp TGG   0   0   0   0   0   0
--------------------------------------------------------------------------------------------------------------------------------------
Leu CTT   1   1   1   1   1   1 | Pro CCT   1   1   2   1   1   1 | His CAT   1   1   1   1   1   1 | Arg CGT   0   0   0   0   0   0
    CTC   1   1   1   1   1   1 |     CCC   1   1   0   1   1   1 |     CAC   0   0   0   0   0   0 |     CGC   1   1   1   1   1   1
    CTA   0   0   0   0   0   0 |     CCA   0   0   0   0   0   0 | Gln CAA   3   3   3   3   3   3 |     CGA   0   0   0   0   0   0
    CTG   4   4   4   4   3   4 |     CCG   0   0   0   0   0   0 |     CAG   6   6   6   6   6   6 |     CGG   2   2   2   2   2   2
--------------------------------------------------------------------------------------------------------------------------------------
Ile ATT   3   3   3   3   3   3 | Thr ACT   1   1   1   1   1   1 | Asn AAT   1   1   1   1   1   1 | Ser AGT   0   0   0   0   0   0
    ATC   1   1   1   1   1   1 |     ACC   2   2   2   2   2   2 |     AAC   2   2   2   2   2   2 |     AGC   1   1   1   1   1   1
    ATA   0   0   0   0   0   0 |     ACA   3   3   3   3   3   3 | Lys AAA   3   3   3   3   3   3 | Arg AGA   1   1   1   1   1   1
Met ATG   0   0   0   0   0   0 |     ACG   0   0   0   0   0   0 |     AAG   2   2   2   2   2   2 |     AGG   1   1   1   1   1   1
--------------------------------------------------------------------------------------------------------------------------------------
Val GTT   0   0   0   0   0   0 | Ala GCT   3   3   3   3   3   3 | Asp GAT   0   0   0   0   0   0 | Gly GGT   0   0   0   0   0   0
    GTC   0   0   0   0   0   0 |     GCC   1   1   1   1   1   1 |     GAC   0   0   0   0   0   0 |     GGC   1   1   1   1   1   1
    GTA   0   0   0   0   0   0 |     GCA   1   1   1   1   1   1 | Glu GAA   3   3   3   3   3   3 |     GGA   0   0   0   0   0   0
    GTG   1   1   1   1   1   1 |     GCG   0   0   0   0   0   0 |     GAG   1   1   1   1   1   1 |     GGG   2   2   2   2   2   2
--------------------------------------------------------------------------------------------------------------------------------------

--------------------------------------------------------------------------------------------------------------------------------------
Phe TTT   1   1   1   1   1   1 | Ser TCT   0   0   0   0   0   0 | Tyr TAT   1   1   0   0   0   0 | Cys TGT   0   0   0   0   0   0
    TTC   1   1   1   1   1   1 |     TCC   2   2   2   2   2   2 |     TAC   1   1   2   2   2   2 |     TGC   0   0   0   0   0   0
Leu TTA   2   2   2   2   2   2 |     TCA   0   0   0   0   0   0 | *** TAA   0   0   0   0   0   0 | *** TGA   0   0   0   0   0   0
    TTG   0   0   0   0   0   0 |     TCG   0   0   0   0   0   0 |     TAG   0   0   0   0   0   0 | Trp TGG   0   0   0   0   0   0
--------------------------------------------------------------------------------------------------------------------------------------
Leu CTT   1   1   1   1   1   1 | Pro CCT   1   1   1   1   1   1 | His CAT   1   1   1   1   1   1 | Arg CGT   0   0   0   0   0   0
    CTC   1   1   1   1   1   1 |     CCC   1   1   1   1   1   1 |     CAC   0   0   0   0   0   0 |     CGC   1   1   1   1   1   1
    CTA   0   0   0   0   0   0 |     CCA   0   0   0   0   0   0 | Gln CAA   3   3   3   3   3   3 |     CGA   0   0   0   0   0   0
    CTG   4   4   4   4   4   4 |     CCG   0   0   0   0   0   0 |     CAG   6   6   6   6   6   6 |     CGG   2   2   2   2   2   2
--------------------------------------------------------------------------------------------------------------------------------------
Ile ATT   3   3   3   3   3   3 | Thr ACT   1   1   1   1   1   1 | Asn AAT   1   1   1   2   1   1 | Ser AGT   0   0   0   0   0   0
    ATC   1   1   1   1   1   1 |     ACC   2   2   2   2   2   2 |     AAC   2   2   2   1   2   2 |     AGC   1   1   1   1   1   1
    ATA   0   0   0   0   0   0 |     ACA   3   3   2   2   3   3 | Lys AAA   3   3   3   3   3   3 | Arg AGA   1   1   1   1   1   1
Met ATG   0   0   0   0   0   0 |     ACG   0   0   1   1   0   0 |     AAG   2   2   2   2   2   2 |     AGG   1   1   1   1   1   1
--------------------------------------------------------------------------------------------------------------------------------------
Val GTT   0   0   0   0   0   0 | Ala GCT   3   3   3   3   3   3 | Asp GAT   0   0   0   0   0   0 | Gly GGT   0   0   0   0   0   0
    GTC   0   0   0   0   0   0 |     GCC   1   1   1   1   1   1 |     GAC   0   0   0   0   0   0 |     GGC   0   0   1   1   1   1
    GTA   0   0   0   0   0   0 |     GCA   1   1   1   1   1   1 | Glu GAA   3   3   3   3   3   3 |     GGA   1   1   0   0   0   0
    GTG   1   1   1   1   1   1 |     GCG   0   0   0   0   0   0 |     GAG   1   1   1   1   1   1 |     GGG   2   2   2   2   2   2
--------------------------------------------------------------------------------------------------------------------------------------

--------------------------------------------------------------------------------------------------------------------------------------
Phe TTT   1   1   1   1   1   1 | Ser TCT   0   0   0   0   0   0 | Tyr TAT   1   1   0   0   0   0 | Cys TGT   0   0   0   0   0   0
    TTC   1   1   1   1   1   1 |     TCC   2   2   2   2   2   2 |     TAC   1   1   2   2   2   2 |     TGC   0   0   0   0   0   0
Leu TTA   2   2   2   2   2   2 |     TCA   0   0   0   0   0   0 | *** TAA   0   0   0   0   0   0 | *** TGA   0   0   0   0   0   0
    TTG   0   0   0   0   0   0 |     TCG   0   0   0   0   0   0 |     TAG   0   0   0   0   0   0 | Trp TGG   0   0   0   0   0   0
--------------------------------------------------------------------------------------------------------------------------------------
Leu CTT   1   1   1   1   1   1 | Pro CCT   1   2   1   1   2   1 | His CAT   1   1   1   1   1   1 | Arg CGT   0   0   0   0   0   0
    CTC   1   1   1   1   1   1 |     CCC   1   0   1   1   0   1 |     CAC   0   0   0   0   0   0 |     CGC   1   1   1   1   1   1
    CTA   0   0   0   0   0   0 |     CCA   0   0   0   0   0   0 | Gln CAA   3   3   3   3   3   3 |     CGA   0   0   0   0   0   0
    CTG   4   4   4   4   4   4 |     CCG   0   0   0   0   0   0 |     CAG   6   6   6   6   6   6 |     CGG   2   2   2   2   2   2
--------------------------------------------------------------------------------------------------------------------------------------
Ile ATT   3   3   3   3   3   3 | Thr ACT   1   1   1   1   1   1 | Asn AAT   1   1   1   1   1   2 | Ser AGT   0   0   0   0   0   0
    ATC   1   1   1   1   1   1 |     ACC   2   2   2   2   2   2 |     AAC   2   2   2   2   2   1 |     AGC   1   1   1   1   1   1
    ATA   0   0   0   0   0   0 |     ACA   3   3   3   3   3   2 | Lys AAA   3   3   3   3   3   3 | Arg AGA   1   1   1   1   1   1
Met ATG   0   0   0   0   0   0 |     ACG   0   0   0   0   0   1 |     AAG   2   2   2   2   2   2 |     AGG   1   1   1   1   1   1
--------------------------------------------------------------------------------------------------------------------------------------
Val GTT   0   0   0   0   0   0 | Ala GCT   3   3   3   3   3   3 | Asp GAT   0   0   0   0   0   0 | Gly GGT   0   0   0   0   0   0
    GTC   0   0   0   0   0   0 |     GCC   1   1   1   1   1   1 |     GAC   0   0   0   0   0   0 |     GGC   0   0   1   1   1   1
    GTA   0   0   0   0   0   0 |     GCA   1   1   1   1   1   1 | Glu GAA   3   3   3   3   3   3 |     GGA   1   1   0   1   0   0
    GTG   1   1   1   1   1   1 |     GCG   0   0   0   0   0   0 |     GAG   1   1   1   1   1   1 |     GGG   2   2   2   1   2   2
--------------------------------------------------------------------------------------------------------------------------------------

--------------------------------------------------------------------------------------------------------------------------------------
Phe TTT   1   1   1   1   1   1 | Ser TCT   0   0   0   0   0   0 | Tyr TAT   0   0   1   0   1   0 | Cys TGT   0   0   0   0   0   0
    TTC   1   1   1   1   1   1 |     TCC   2   2   2   2   2   2 |     TAC   2   2   1   2   1   2 |     TGC   0   0   0   0   0   0
Leu TTA   2   2   2   2   2   2 |     TCA   0   0   0   0   0   0 | *** TAA   0   0   0   0   0   0 | *** TGA   0   0   0   0   0   0
    TTG   0   0   0   0   0   0 |     TCG   0   0   0   0   0   0 |     TAG   0   0   0   0   0   0 | Trp TGG   0   0   0   0   0   0
--------------------------------------------------------------------------------------------------------------------------------------
Leu CTT   1   1   1   1   1   1 | Pro CCT   1   1   1   1   2   2 | His CAT   1   1   1   1   1   1 | Arg CGT   0   0   0   0   0   0
    CTC   1   1   1   1   1   1 |     CCC   1   1   1   1   0   0 |     CAC   0   0   0   0   0   0 |     CGC   1   1   1   1   1   1
    CTA   0   0   0   0   0   0 |     CCA   0   0   0   0   0   0 | Gln CAA   3   3   3   3   3   3 |     CGA   0   0   0   0   0   0
    CTG   4   4   4   4   4   4 |     CCG   0   0   0   0   0   0 |     CAG   6   6   6   6   6   6 |     CGG   2   2   2   2   2   2
--------------------------------------------------------------------------------------------------------------------------------------
Ile ATT   3   3   3   3   3   3 | Thr ACT   1   1   1   1   1   1 | Asn AAT   1   2   1   2   1   1 | Ser AGT   0   0   0   0   0   0
    ATC   1   1   1   1   1   1 |     ACC   2   2   2   2   2   2 |     AAC   2   1   2   1   2   2 |     AGC   1   1   1   1   1   1
    ATA   0   0   0   0   0   0 |     ACA   3   2   3   3   3   3 | Lys AAA   3   3   3   3   3   3 | Arg AGA   1   1   1   1   1   1
Met ATG   0   0   0   0   0   0 |     ACG   0   1   0   0   0   0 |     AAG   2   2   2   2   2   2 |     AGG   1   1   1   1   1   1
--------------------------------------------------------------------------------------------------------------------------------------
Val GTT   0   0   0   0   0   0 | Ala GCT   3   3   3   3   2   3 | Asp GAT   0   0   0   0   0   0 | Gly GGT   0   0   0   0   0   0
    GTC   0   0   0   0   0   0 |     GCC   1   1   1   1   2   1 |     GAC   0   0   0   0   0   0 |     GGC   1   1   0   1   0   1
    GTA   0   0   0   0   0   0 |     GCA   1   1   1   1   1   1 | Glu GAA   3   3   3   3   3   3 |     GGA   0   0   1   0   1   0
    GTG   1   1   1   1   1   1 |     GCG   0   0   0   0   0   0 |     GAG   1   1   1   1   1   1 |     GGG   2   2   2   2   2   2
--------------------------------------------------------------------------------------------------------------------------------------

--------------------------------------------------------------------------------------------------------------------------------------
Phe TTT   1   1   1   1   1   1 | Ser TCT   0   0   0   0   0   0 | Tyr TAT   0   0   0   0   0   1 | Cys TGT   0   0   0   0   0   0
    TTC   1   1   1   1   1   1 |     TCC   2   2   2   2   2   2 |     TAC   2   2   2   2   2   1 |     TGC   0   0   0   0   0   0
Leu TTA   2   2   2   2   2   2 |     TCA   0   0   0   0   0   0 | *** TAA   0   0   0   0   0   0 | *** TGA   0   0   0   0   0   0
    TTG   0   0   0   0   1   0 |     TCG   0   0   0   0   0   0 |     TAG   0   0   0   0   0   0 | Trp TGG   0   0   0   0   0   0
--------------------------------------------------------------------------------------------------------------------------------------
Leu CTT   1   1   1   1   1   1 | Pro CCT   1   1   1   1   1   1 | His CAT   1   1   1   1   1   1 | Arg CGT   0   0   0   0   0   0
    CTC   1   1   1   1   1   1 |     CCC   1   1   1   1   1   1 |     CAC   0   0   0   0   0   0 |     CGC   1   1   1   1   1   0
    CTA   0   0   0   0   0   0 |     CCA   0   0   0   0   0   0 | Gln CAA   3   3   3   3   3   3 |     CGA   0   0   0   0   0   0
    CTG   4   4   4   4   3   4 |     CCG   0   0   0   0   0   0 |     CAG   6   6   6   6   6   6 |     CGG   2   2   2   2   2   3
--------------------------------------------------------------------------------------------------------------------------------------
Ile ATT   3   3   3   3   3   3 | Thr ACT   1   1   1   1   1   1 | Asn AAT   1   2   1   1   1   1 | Ser AGT   0   0   0   0   0   0
    ATC   1   1   1   1   1   1 |     ACC   2   2   2   2   2   3 |     AAC   2   1   2   2   2   2 |     AGC   1   1   1   1   1   1
    ATA   0   0   0   0   0   0 |     ACA   3   3   3   3   3   2 | Lys AAA   3   3   3   3   3   3 | Arg AGA   1   1   1   1   1   1
Met ATG   0   0   0   0   0   0 |     ACG   0   0   0   0   0   0 |     AAG   2   2   2   2   2   2 |     AGG   1   1   1   1   1   1
--------------------------------------------------------------------------------------------------------------------------------------
Val GTT   0   0   0   0   0   0 | Ala GCT   3   3   3   3   3   3 | Asp GAT   0   0   0   0   0   0 | Gly GGT   0   0   0   0   0   0
    GTC   0   0   0   0   0   0 |     GCC   1   0   1   1   1   1 |     GAC   0   0   0   0   0   0 |     GGC   1   1   1   1   1   0
    GTA   0   0   0   0   0   0 |     GCA   1   1   1   1   1   1 | Glu GAA   3   3   3   3   3   3 |     GGA   0   0   0   0   0   1
    GTG   1   1   1   1   1   1 |     GCG   0   1   0   0   0   0 |     GAG   1   1   1   1   1   1 |     GGG   2   2   2   2   2   2
--------------------------------------------------------------------------------------------------------------------------------------

--------------------------------------------------------------------------------------------------------------------------------------
Phe TTT   1   1   1   1   1   1 | Ser TCT   0   0   0   0   0   0 | Tyr TAT   1   0   1   1   0   0 | Cys TGT   0   0   0   0   0   0
    TTC   1   1   1   1   1   1 |     TCC   2   2   2   2   2   2 |     TAC   1   2   1   1   2   2 |     TGC   0   0   0   0   0   0
Leu TTA   2   2   2   2   2   2 |     TCA   0   0   0   0   0   0 | *** TAA   0   0   0   0   0   0 | *** TGA   0   0   0   0   0   0
    TTG   0   0   0   0   0   0 |     TCG   0   0   0   0   0   0 |     TAG   0   0   0   0   0   0 | Trp TGG   0   0   0   0   0   0
--------------------------------------------------------------------------------------------------------------------------------------
Leu CTT   1   1   1   1   1   1 | Pro CCT   1   1   1   2   1   1 | His CAT   1   1   1   1   1   1 | Arg CGT   0   0   0   0   0   0
    CTC   1   1   1   1   1   1 |     CCC   1   1   1   0   1   1 |     CAC   0   0   0   0   0   0 |     CGC   1   1   1   1   1   1
    CTA   0   0   0   0   0   0 |     CCA   0   0   0   0   0   0 | Gln CAA   3   3   3   3   3   4 |     CGA   0   0   0   0   0   0
    CTG   4   4   4   4   4   4 |     CCG   0   0   0   0   0   0 |     CAG   6   6   6   6   6   5 |     CGG   2   2   2   2   2   2
--------------------------------------------------------------------------------------------------------------------------------------
Ile ATT   3   3   3   3   3   2 | Thr ACT   1   1   1   1   1   1 | Asn AAT   1   1   1   1   2   2 | Ser AGT   0   0   0   0   0   0
    ATC   1   1   1   1   1   2 |     ACC   2   2   2   2   2   2 |     AAC   2   2   2   2   1   1 |     AGC   1   1   1   1   1   1
    ATA   0   0   0   0   0   0 |     ACA   3   3   3   3   3   3 | Lys AAA   3   3   3   3   3   3 | Arg AGA   1   1   1   1   1   1
Met ATG   0   0   0   0   0   0 |     ACG   0   0   0   0   0   0 |     AAG   2   2   2   2   2   2 |     AGG   1   1   1   1   1   1
--------------------------------------------------------------------------------------------------------------------------------------
Val GTT   0   0   0   0   0   0 | Ala GCT   3   3   3   3   3   3 | Asp GAT   0   0   0   0   0   0 | Gly GGT   0   0   0   0   0   0
    GTC   0   0   0   0   0   0 |     GCC   1   1   1   1   0   1 |     GAC   0   0   0   0   0   0 |     GGC   0   1   0   0   1   1
    GTA   0   0   0   0   0   0 |     GCA   1   1   1   1   1   1 | Glu GAA   3   3   3   3   3   3 |     GGA   1   0   1   1   0   0
    GTG   1   1   1   1   1   1 |     GCG   0   0   0   0   1   0 |     GAG   1   1   1   1   1   1 |     GGG   2   2   2   2   2   2
--------------------------------------------------------------------------------------------------------------------------------------

--------------------------------------------------------------------------------------------------------------------------------------
Phe TTT   1   1   1   1   1   1 | Ser TCT   0   0   0   0   0   0 | Tyr TAT   0   0   0   1   0   0 | Cys TGT   0   0   0   0   0   0
    TTC   1   1   1   1   1   1 |     TCC   2   2   2   2   2   2 |     TAC   2   2   2   1   2   2 |     TGC   0   0   0   0   0   0
Leu TTA   2   2   2   2   2   2 |     TCA   0   0   0   0   0   0 | *** TAA   0   0   0   0   0   0 | *** TGA   0   0   0   0   0   0
    TTG   0   0   0   0   0   0 |     TCG   0   0   0   0   0   0 |     TAG   0   0   0   0   0   0 | Trp TGG   0   0   0   0   0   0
--------------------------------------------------------------------------------------------------------------------------------------
Leu CTT   1   1   1   1   1   1 | Pro CCT   1   1   1   1   1   1 | His CAT   1   1   1   1   1   1 | Arg CGT   0   0   0   0   0   0
    CTC   1   1   1   1   1   1 |     CCC   1   1   1   1   1   1 |     CAC   0   0   0   0   0   0 |     CGC   1   1   1   1   1   1
    CTA   0   0   0   0   0   0 |     CCA   0   0   0   0   0   0 | Gln CAA   2   3   3   3   3   3 |     CGA   0   0   0   0   0   0
    CTG   4   4   4   4   4   4 |     CCG   0   0   0   0   0   0 |     CAG   7   6   6   6   6   6 |     CGG   2   2   2   2   2   2
--------------------------------------------------------------------------------------------------------------------------------------
Ile ATT   3   3   3   3   3   3 | Thr ACT   1   1   1   1   1   1 | Asn AAT   1   1   1   1   2   2 | Ser AGT   0   0   0   0   0   0
    ATC   1   1   1   1   1   1 |     ACC   2   2   2   2   2   2 |     AAC   2   2   2   2   1   1 |     AGC   1   1   1   1   1   1
    ATA   0   0   0   0   0   0 |     ACA   3   3   3   3   2   2 | Lys AAA   3   3   3   3   3   3 | Arg AGA   1   1   1   1   1   1
Met ATG   0   0   0   0   0   0 |     ACG   0   0   0   0   1   1 |     AAG   2   2   2   2   2   2 |     AGG   1   1   1   1   1   1
--------------------------------------------------------------------------------------------------------------------------------------
Val GTT   0   0   0   0   0   0 | Ala GCT   3   3   3   3   3   3 | Asp GAT   0   0   0   0   0   0 | Gly GGT   0   0   0   0   0   0
    GTC   0   0   0   0   0   0 |     GCC   1   1   1   1   1   1 |     GAC   0   0   0   0   0   0 |     GGC   1   1   1   0   1   1
    GTA   0   0   0   0   0   0 |     GCA   1   1   1   1   1   1 | Glu GAA   3   3   3   3   3   3 |     GGA   0   0   0   1   0   0
    GTG   1   1   1   1   1   1 |     GCG   0   0   0   0   0   0 |     GAG   1   1   1   1   1   1 |     GGG   2   2   2   2   2   2
--------------------------------------------------------------------------------------------------------------------------------------

Codon position x base (3x4) table for each sequence.

#1: Argali         
position  1:    T:0.12698    C:0.33333    A:0.33333    G:0.20635
position  2:    T:0.23810    C:0.23810    A:0.38095    G:0.14286
position  3:    T:0.19048    C:0.25397    A:0.25397    G:0.30159
Average         T:0.18519    C:0.27513    A:0.32275    G:0.21693

#2: LesserMouseDeer
position  1:    T:0.12698    C:0.33333    A:0.33333    G:0.20635
position  2:    T:0.23810    C:0.23810    A:0.38095    G:0.14286
position  3:    T:0.20635    C:0.22222    A:0.26984    G:0.30159
Average         T:0.19048    C:0.26455    A:0.32804    G:0.21693

#3: LesserKudu     
position  1:    T:0.12698    C:0.33333    A:0.33333    G:0.20635
position  2:    T:0.23810    C:0.23810    A:0.38095    G:0.14286
position  3:    T:0.20635    C:0.23810    A:0.23810    G:0.31746
Average         T:0.19048    C:0.26984    A:0.31746    G:0.22222

#4: ForestMuskDeer2
position  1:    T:0.12698    C:0.33333    A:0.33333    G:0.20635
position  2:    T:0.23810    C:0.23810    A:0.38095    G:0.14286
position  3:    T:0.20635    C:0.22222    A:0.26984    G:0.30159
Average         T:0.19048    C:0.26455    A:0.32804    G:0.21693

#5: Camel          
position  1:    T:0.12698    C:0.33333    A:0.33333    G:0.20635
position  2:    T:0.23810    C:0.23810    A:0.38095    G:0.14286
position  3:    T:0.22222    C:0.20635    A:0.26984    G:0.30159
Average         T:0.19577    C:0.25926    A:0.32804    G:0.21693

#6: KillerWhale    
position  1:    T:0.12698    C:0.33333    A:0.33333    G:0.20635
position  2:    T:0.23810    C:0.23810    A:0.38095    G:0.14286
position  3:    T:0.20635    C:0.22222    A:0.31746    G:0.25397
Average         T:0.19048    C:0.26455    A:0.34392    G:0.20106

#7: DefassaWaterbuck
position  1:    T:0.12698    C:0.33333    A:0.33333    G:0.20635
position  2:    T:0.23810    C:0.23810    A:0.38095    G:0.14286
position  3:    T:0.20635    C:0.23810    A:0.25397    G:0.30159
Average         T:0.19048    C:0.26984    A:0.32275    G:0.21693

#8: Sheep          
position  1:    T:0.12698    C:0.33333    A:0.33333    G:0.20635
position  2:    T:0.23810    C:0.23810    A:0.38095    G:0.14286
position  3:    T:0.19048    C:0.25397    A:0.25397    G:0.30159
Average         T:0.18519    C:0.27513    A:0.32275    G:0.21693

#9: MaxwellsDuiker 
position  1:    T:0.12698    C:0.33333    A:0.33333    G:0.20635
position  2:    T:0.23810    C:0.23810    A:0.38095    G:0.14286
position  3:    T:0.19048    C:0.25397    A:0.25397    G:0.30159
Average         T:0.18519    C:0.27513    A:0.32275    G:0.21693

#10: GazellaPrzewalskyi
position  1:    T:0.12698    C:0.33333    A:0.33333    G:0.20635
position  2:    T:0.23810    C:0.23810    A:0.38095    G:0.14286
position  3:    T:0.19048    C:0.25397    A:0.25397    G:0.30159
Average         T:0.18519    C:0.27513    A:0.32275    G:0.21693

#11: MountainNyala  
position  1:    T:0.12698    C:0.33333    A:0.33333    G:0.20635
position  2:    T:0.23810    C:0.23810    A:0.38095    G:0.14286
position  3:    T:0.20635    C:0.23810    A:0.23810    G:0.31746
Average         T:0.19048    C:0.26984    A:0.31746    G:0.22222

#12: MuntiacusMuntjak
position  1:    T:0.12698    C:0.33333    A:0.33333    G:0.20635
position  2:    T:0.23810    C:0.23810    A:0.38095    G:0.14286
position  3:    T:0.20635    C:0.22222    A:0.26984    G:0.30159
Average         T:0.19048    C:0.26455    A:0.32804    G:0.21693

#13: goat           
position  1:    T:0.12698    C:0.33333    A:0.33333    G:0.20635
position  2:    T:0.23810    C:0.23810    A:0.38095    G:0.14286
position  3:    T:0.19048    C:0.25397    A:0.25397    G:0.30159
Average         T:0.18519    C:0.27513    A:0.32275    G:0.21693

#14: AfricanBuffalo 
position  1:    T:0.12698    C:0.33333    A:0.33333    G:0.20635
position  2:    T:0.23810    C:0.23810    A:0.38095    G:0.14286
position  3:    T:0.19048    C:0.25397    A:0.25397    G:0.30159
Average         T:0.18519    C:0.27513    A:0.32275    G:0.21693

#15: Topi           
position  1:    T:0.12698    C:0.33333    A:0.33333    G:0.20635
position  2:    T:0.23810    C:0.23810    A:0.38095    G:0.14286
position  3:    T:0.20635    C:0.23810    A:0.25397    G:0.30159
Average         T:0.19048    C:0.26984    A:0.32275    G:0.21693

#16: CommonDuiker   
position  1:    T:0.12698    C:0.33333    A:0.33333    G:0.20635
position  2:    T:0.23810    C:0.23810    A:0.38095    G:0.14286
position  3:    T:0.19048    C:0.25397    A:0.25397    G:0.30159
Average         T:0.18519    C:0.27513    A:0.32275    G:0.21693

#17: Suni           
position  1:    T:0.14286    C:0.31746    A:0.33333    G:0.20635
position  2:    T:0.23810    C:0.23810    A:0.38095    G:0.14286
position  3:    T:0.19048    C:0.25397    A:0.25397    G:0.30159
Average         T:0.19048    C:0.26984    A:0.32275    G:0.21693

#18: Springbuck     
position  1:    T:0.12698    C:0.33333    A:0.33333    G:0.20635
position  2:    T:0.23810    C:0.23810    A:0.38095    G:0.14286
position  3:    T:0.19048    C:0.25397    A:0.25397    G:0.30159
Average         T:0.18519    C:0.27513    A:0.32275    G:0.21693

#19: Okapi          
position  1:    T:0.12698    C:0.33333    A:0.33333    G:0.20635
position  2:    T:0.23810    C:0.23810    A:0.38095    G:0.14286
position  3:    T:0.20635    C:0.22222    A:0.26984    G:0.30159
Average         T:0.19048    C:0.26455    A:0.32804    G:0.21693

#20: Giraffe        
position  1:    T:0.12698    C:0.33333    A:0.33333    G:0.20635
position  2:    T:0.23810    C:0.23810    A:0.38095    G:0.14286
position  3:    T:0.20635    C:0.22222    A:0.26984    G:0.30159
Average         T:0.19048    C:0.26455    A:0.32804    G:0.21693

#21: TibetanAntelope
position  1:    T:0.12698    C:0.33333    A:0.33333    G:0.20635
position  2:    T:0.23810    C:0.23810    A:0.38095    G:0.14286
position  3:    T:0.19048    C:0.25397    A:0.23810    G:0.31746
Average         T:0.18519    C:0.27513    A:0.31746    G:0.22222

#22: Sitatunga      
position  1:    T:0.12698    C:0.33333    A:0.33333    G:0.20635
position  2:    T:0.23810    C:0.23810    A:0.38095    G:0.14286
position  3:    T:0.20635    C:0.23810    A:0.23810    G:0.31746
Average         T:0.19048    C:0.26984    A:0.31746    G:0.22222

#23: Oribi          
position  1:    T:0.12698    C:0.33333    A:0.33333    G:0.20635
position  2:    T:0.23810    C:0.23810    A:0.38095    G:0.14286
position  3:    T:0.19048    C:0.25397    A:0.25397    G:0.30159
Average         T:0.18519    C:0.27513    A:0.32275    G:0.21693

#24: BarbarySheep   
position  1:    T:0.12698    C:0.33333    A:0.33333    G:0.20635
position  2:    T:0.23810    C:0.23810    A:0.38095    G:0.14286
position  3:    T:0.19048    C:0.25397    A:0.25397    G:0.30159
Average         T:0.18519    C:0.27513    A:0.32275    G:0.21693

#25: Daviddeer      
position  1:    T:0.12698    C:0.33333    A:0.33333    G:0.20635
position  2:    T:0.23810    C:0.23810    A:0.38095    G:0.14286
position  3:    T:0.20635    C:0.22222    A:0.26984    G:0.30159
Average         T:0.19048    C:0.26455    A:0.32804    G:0.21693

#26: Reindeer       
position  1:    T:0.12698    C:0.33333    A:0.33333    G:0.20635
position  2:    T:0.23810    C:0.23810    A:0.38095    G:0.14286
position  3:    T:0.22222    C:0.20635    A:0.26984    G:0.30159
Average         T:0.19577    C:0.25926    A:0.32804    G:0.21693

#27: Ibex           
position  1:    T:0.12698    C:0.33333    A:0.33333    G:0.20635
position  2:    T:0.23810    C:0.23810    A:0.38095    G:0.14286
position  3:    T:0.19048    C:0.25397    A:0.25397    G:0.30159
Average         T:0.18519    C:0.27513    A:0.32275    G:0.21693

#28: GyrantGazelle  
position  1:    T:0.12698    C:0.33333    A:0.33333    G:0.20635
position  2:    T:0.23810    C:0.23810    A:0.38095    G:0.14286
position  3:    T:0.19048    C:0.25397    A:0.26984    G:0.28571
Average         T:0.18519    C:0.27513    A:0.32804    G:0.21164

#29: Hartebeest     
position  1:    T:0.12698    C:0.33333    A:0.33333    G:0.20635
position  2:    T:0.23810    C:0.23810    A:0.38095    G:0.14286
position  3:    T:0.20635    C:0.23810    A:0.25397    G:0.30159
Average         T:0.19048    C:0.26984    A:0.32275    G:0.21693

#30: Bongo          
position  1:    T:0.12698    C:0.33333    A:0.33333    G:0.20635
position  2:    T:0.23810    C:0.23810    A:0.38095    G:0.14286
position  3:    T:0.20635    C:0.23810    A:0.23810    G:0.31746
Average         T:0.19048    C:0.26984    A:0.31746    G:0.22222

#31: Gerenuk        
position  1:    T:0.12698    C:0.33333    A:0.33333    G:0.20635
position  2:    T:0.23810    C:0.23810    A:0.38095    G:0.14286
position  3:    T:0.19048    C:0.25397    A:0.25397    G:0.30159
Average         T:0.18519    C:0.27513    A:0.32275    G:0.21693

#32: CommonEland    
position  1:    T:0.12698    C:0.33333    A:0.33333    G:0.20635
position  2:    T:0.23810    C:0.23810    A:0.38095    G:0.14286
position  3:    T:0.20635    C:0.23810    A:0.23810    G:0.31746
Average         T:0.19048    C:0.26984    A:0.31746    G:0.22222

#33: MuntiacusReevesi
position  1:    T:0.12698    C:0.33333    A:0.33333    G:0.20635
position  2:    T:0.23810    C:0.23810    A:0.38095    G:0.14286
position  3:    T:0.20635    C:0.22222    A:0.26984    G:0.30159
Average         T:0.19048    C:0.26455    A:0.32804    G:0.21693

#34: HarveysDuiker  
position  1:    T:0.12698    C:0.33333    A:0.33333    G:0.20635
position  2:    T:0.23810    C:0.23810    A:0.38095    G:0.14286
position  3:    T:0.20635    C:0.23810    A:0.25397    G:0.30159
Average         T:0.19048    C:0.26984    A:0.32275    G:0.21693

#35: Pronghorn      
position  1:    T:0.12698    C:0.33333    A:0.33333    G:0.20635
position  2:    T:0.23810    C:0.23810    A:0.38095    G:0.14286
position  3:    T:0.20635    C:0.22222    A:0.26984    G:0.30159
Average         T:0.19048    C:0.26455    A:0.32804    G:0.21693

#36: BlueWildebeest 
position  1:    T:0.12698    C:0.33333    A:0.33333    G:0.20635
position  2:    T:0.23810    C:0.23810    A:0.38095    G:0.14286
position  3:    T:0.20635    C:0.23810    A:0.25397    G:0.30159
Average         T:0.19048    C:0.26984    A:0.32275    G:0.21693

#37: Gemsbok        
position  1:    T:0.12698    C:0.33333    A:0.33333    G:0.20635
position  2:    T:0.23810    C:0.23810    A:0.38095    G:0.14286
position  3:    T:0.19048    C:0.25397    A:0.25397    G:0.30159
Average         T:0.18519    C:0.27513    A:0.32275    G:0.21693

#38: Yak            
position  1:    T:0.12698    C:0.33333    A:0.33333    G:0.20635
position  2:    T:0.23810    C:0.23810    A:0.38095    G:0.14286
position  3:    T:0.20635    C:0.22222    A:0.25397    G:0.31746
Average         T:0.19048    C:0.26455    A:0.32275    G:0.22222

#39: BlueSheep      
position  1:    T:0.12698    C:0.33333    A:0.33333    G:0.20635
position  2:    T:0.23810    C:0.23810    A:0.38095    G:0.14286
position  3:    T:0.19048    C:0.25397    A:0.25397    G:0.30159
Average         T:0.18519    C:0.27513    A:0.32275    G:0.21693

#40: BohorReedbuck  
position  1:    T:0.12698    C:0.33333    A:0.33333    G:0.20635
position  2:    T:0.23810    C:0.23810    A:0.38095    G:0.14286
position  3:    T:0.19048    C:0.25397    A:0.25397    G:0.30159
Average         T:0.18519    C:0.27513    A:0.32275    G:0.21693

#41: KirksDik       
position  1:    T:0.14286    C:0.31746    A:0.33333    G:0.20635
position  2:    T:0.23810    C:0.23810    A:0.38095    G:0.14286
position  3:    T:0.19048    C:0.25397    A:0.25397    G:0.30159
Average         T:0.19048    C:0.26984    A:0.32275    G:0.21693

#42: RoeDeer        
position  1:    T:0.12698    C:0.33333    A:0.33333    G:0.20635
position  2:    T:0.23810    C:0.23810    A:0.38095    G:0.14286
position  3:    T:0.20635    C:0.22222    A:0.25397    G:0.31746
Average         T:0.19048    C:0.26455    A:0.32275    G:0.22222

#43: WhiteLippedDeer
position  1:    T:0.12698    C:0.33333    A:0.33333    G:0.20635
position  2:    T:0.23810    C:0.23810    A:0.38095    G:0.14286
position  3:    T:0.20635    C:0.22222    A:0.26984    G:0.30159
Average         T:0.19048    C:0.26455    A:0.32804    G:0.21693

#44: ThomsonGazelle 
position  1:    T:0.12698    C:0.33333    A:0.33333    G:0.20635
position  2:    T:0.23810    C:0.23810    A:0.38095    G:0.14286
position  3:    T:0.19048    C:0.25397    A:0.25397    G:0.30159
Average         T:0.18519    C:0.27513    A:0.32275    G:0.21693

#45: MuntiacusCrinifrons
position  1:    T:0.12698    C:0.33333    A:0.33333    G:0.20635
position  2:    T:0.23810    C:0.23810    A:0.38095    G:0.14286
position  3:    T:0.20635    C:0.22222    A:0.26984    G:0.30159
Average         T:0.19048    C:0.26455    A:0.32804    G:0.21693

#46: WhiteTailedDeer
position  1:    T:0.12698    C:0.33333    A:0.33333    G:0.20635
position  2:    T:0.23810    C:0.23810    A:0.38095    G:0.14286
position  3:    T:0.22222    C:0.20635    A:0.26984    G:0.30159
Average         T:0.19577    C:0.25926    A:0.32804    G:0.21693

#47: Cattle         
position  1:    T:0.12698    C:0.33333    A:0.33333    G:0.20635
position  2:    T:0.23810    C:0.23810    A:0.38095    G:0.14286
position  3:    T:0.20635    C:0.22222    A:0.25397    G:0.31746
Average         T:0.19048    C:0.26455    A:0.32275    G:0.22222

#48: RoyalAntelope  
position  1:    T:0.12698    C:0.33333    A:0.33333    G:0.20635
position  2:    T:0.23810    C:0.23810    A:0.38095    G:0.14286
position  3:    T:0.19048    C:0.25397    A:0.26984    G:0.28571
Average         T:0.18519    C:0.27513    A:0.32804    G:0.21164

#49: Steenbok       
position  1:    T:0.12698    C:0.33333    A:0.33333    G:0.20635
position  2:    T:0.23810    C:0.23810    A:0.38095    G:0.14286
position  3:    T:0.19048    C:0.25397    A:0.23810    G:0.31746
Average         T:0.18519    C:0.27513    A:0.31746    G:0.22222

#50: Impala         
position  1:    T:0.12698    C:0.33333    A:0.33333    G:0.20635
position  2:    T:0.23810    C:0.23810    A:0.38095    G:0.14286
position  3:    T:0.19048    C:0.25397    A:0.25397    G:0.30159
Average         T:0.18519    C:0.27513    A:0.32275    G:0.21693

#51: Klipspringer   
position  1:    T:0.12698    C:0.33333    A:0.33333    G:0.20635
position  2:    T:0.23810    C:0.23810    A:0.38095    G:0.14286
