CODONML (in paml version 4.10.7, June 2023)  /home/rachel/ruminants_paml/6406-phy-tree/ENSBTAT00000023929.fasta.phy
Model: free dN/dS Ratios for branches,  kappa = 2.000 fixed

Codon frequency model: F3x4
ns =  54  ls =  37

Codon usage in sequences
--------------------------------------------------------------------------------------------------------------------------------------
Phe TTT   0   0   0   0   0   0 | Ser TCT   1   1   1   1   1   1 | Tyr TAT   2   3   2   2   3   3 | Cys TGT   0   0   0   0   0   0
    TTC   0   0   0   0   0   0 |     TCC   0   0   0   0   0   0 |     TAC   1   0   1   1   0   0 |     TGC   0   0   0   0   0   0
Leu TTA   0   0   0   0   0   0 |     TCA   0   0   0   0   1   1 | *** TAA   0   0   0   0   0   0 | *** TGA   0   0   0   0   0   0
    TTG   1   1   1   1   1   1 |     TCG   1   1   0   1   0   0 |     TAG   0   0   0   0   0   0 | Trp TGG   1   1   1   1   1   1
--------------------------------------------------------------------------------------------------------------------------------------
Leu CTT   2   4   1   2   3   3 | Pro CCT   0   0   0   0   0   0 | His CAT   2   2   2   2   3   2 | Arg CGT   1   0   1   0   1   1
    CTC   1   0   1   1   0   0 |     CCC   0   0   0   0   0   0 |     CAC   1   1   1   1   1   1 |     CGC   0   1   0   1   0   0
    CTA   2   2   2   2   2   2 |     CCA   0   0   0   0   0   1 | Gln CAA   0   1   0   0   0   0 |     CGA   0   0   0   0   0   0
    CTG   1   0   2   1   1   1 |     CCG   1   1   1   1   1   0 |     CAG   0   0   0   0   0   0 |     CGG   1   0   1   1   0   1
--------------------------------------------------------------------------------------------------------------------------------------
Ile ATT   0   0   0   0   0   0 | Thr ACT   0   1   1   1   2   1 | Asn AAT   1   1   1   1   1   1 | Ser AGT   0   0   0   0   0   0
    ATC   1   1   1   1   1   1 |     ACC   0   0   0   0   0   0 |     AAC   0   0   0   0   0   0 |     AGC   0   0   0   0   0   0
    ATA   0   0   0   0   0   0 |     ACA   1   1   2   1   0   0 | Lys AAA   2   2   2   2   1   2 | Arg AGA   1   1   1   1   1   1
Met ATG   0   0   0   0   0   1 |     ACG   1   0   0   0   0   0 |     AAG   1   1   1   1   2   1 |     AGG   0   0   0   0   0   0
--------------------------------------------------------------------------------------------------------------------------------------
Val GTT   0   0   0   0   0   0 | Ala GCT   0   0   0   0   0   0 | Asp GAT   0   0   0   0   0   0 | Gly GGT   1   1   1   1   1   1
    GTC   0   0   0   0   0   0 |     GCC   1   1   1   1   1   1 |     GAC   2   2   2   2   2   2 |     GGC   1   0   1   1   0   0
    GTA   0   0   0   0   1   0 |     GCA   0   0   1   1   1   1 | Glu GAA   1   0   0   1   1   0 |     GGA   1   2   1   1   1   2
    GTG   1   1   1   1   0   1 |     GCG   1   1   0   0   0   0 |     GAG   1   2   2   1   1   2 |     GGG   0   0   0   0   1   0
--------------------------------------------------------------------------------------------------------------------------------------

--------------------------------------------------------------------------------------------------------------------------------------
Phe TTT   0   0   0   0   0   0 | Ser TCT   1   1   1   1   1   1 | Tyr TAT   2   2   2   2   2   2 | Cys TGT   0   0   0   0   0   0
    TTC   0   0   0   0   0   0 |     TCC   0   0   0   0   0   0 |     TAC   1   1   1   1   1   1 |     TGC   0   0   0   0   0   0
Leu TTA   0   0   0   0   0   0 |     TCA   1   0   1   0   0   1 | *** TAA   0   0   0   0   0   0 | *** TGA   0   0   0   0   0   0
    TTG   1   1   1   1   1   1 |     TCG   0   1   0   1   0   0 |     TAG   0   0   0   0   0   0 | Trp TGG   1   1   1   1   1   1
--------------------------------------------------------------------------------------------------------------------------------------
Leu CTT   2   2   2   2   1   2 | Pro CCT   0   0   0   0   0   0 | His CAT   2   2   2   2   2   1 | Arg CGT   1   1   1   1   0   1
    CTC   1   1   1   1   1   0 |     CCC   0   0   0   0   0   0 |     CAC   1   1   1   1   1   2 |     CGC   0   0   0   0   0   0
    CTA   2   2   2   2   2   2 |     CCA   0   0   0   0   0   1 | Gln CAA   0   0   0   0   0   0 |     CGA   0   0   0   0   1   0
    CTG   1   1   1   1   2   2 |     CCG   1   1   1   1   1   0 |     CAG   0   0   1   0   0   0 |     CGG   1   1   0   1   1   1
--------------------------------------------------------------------------------------------------------------------------------------
Ile ATT   0   0   0   0   0   0 | Thr ACT   1   1   0   0   1   1 | Asn AAT   1   1   1   1   1   1 | Ser AGT   0   0   0   0   0   0
    ATC   1   1   1   1   1   1 |     ACC   0   0   0   0   0   0 |     AAC   0   0   0   0   0   0 |     AGC   0   0   0   0   0   0
    ATA   0   0   0   0   0   0 |     ACA   1   1   1   1   2   1 | Lys AAA   2   2   2   2   2   2 | Arg AGA   1   1   1   1   1   1
Met ATG   0   0   0   0   0   0 |     ACG   0   0   1   1   0   0 |     AAG   1   1   1   1   1   0 |     AGG   0   0   0   0   0   1
--------------------------------------------------------------------------------------------------------------------------------------
Val GTT   0   0   0   0   0   0 | Ala GCT   0   0   0   0   0   0 | Asp GAT   0   0   0   0   0   0 | Gly GGT   1   1   1   1   1   1
    GTC   0   0   0   0   0   0 |     GCC   1   1   1   1   1   1 |     GAC   2   2   2   2   2   2 |     GGC   1   1   1   1   1   1
    GTA   0   0   1   1   0   0 |     GCA   1   0   1   1   1   1 | Glu GAA   1   1   1   1   0   1 |     GGA   1   1   1   1   1   1
    GTG   1   1   0   0   1   1 |     GCG   0   1   0   0   0   0 |     GAG   1   1   1   1   2   1 |     GGG   0   0   0   0   0   0
--------------------------------------------------------------------------------------------------------------------------------------

--------------------------------------------------------------------------------------------------------------------------------------
Phe TTT   0   0   0   0   0   0 | Ser TCT   1   1   1   1   1   1 | Tyr TAT   1   2   2   2   2   2 | Cys TGT   0   0   0   0   0   0
    TTC   0   0   0   0   0   0 |     TCC   0   0   0   0   0   0 |     TAC   2   1   1   1   1   1 |     TGC   0   0   0   0   0   0
Leu TTA   0   0   0   0   0   0 |     TCA   0   0   0   0   0   0 | *** TAA   0   0   0   0   0   0 | *** TGA   0   0   0   0   0   0
    TTG   1   1   1   1   1   1 |     TCG   1   1   1   1   1   1 |     TAG   0   0   0   0   0   0 | Trp TGG   1   1   1   1   1   1
--------------------------------------------------------------------------------------------------------------------------------------
Leu CTT   2   2   2   2   2   2 | Pro CCT   0   0   0   0   0   0 | His CAT   2   2   2   2   2   2 | Arg CGT   1   1   1   1   1   1
    CTC   1   1   1   1   1   1 |     CCC   0   0   0   0   0   0 |     CAC   1   1   1   1   1   1 |     CGC   0   0   0   0   0   0
    CTA   2   2   2   2   2   2 |     CCA   0   0   0   0   0   0 | Gln CAA   0   0   0   0   0   0 |     CGA   0   0   1   0   0   0
    CTG   1   1   1   1   1   1 |     CCG   1   1   1   1   1   1 |     CAG   0   0   0   0   0   0 |     CGG   1   1   1   1   1   1
--------------------------------------------------------------------------------------------------------------------------------------
Ile ATT   0   0   0   0   0   0 | Thr ACT   1   1   1   1   1   1 | Asn AAT   1   1   1   1   1   1 | Ser AGT   0   0   0   0   0   0
    ATC   1   1   1   1   1   1 |     ACC   0   0   0   0   0   0 |     AAC   0   0   0   0   0   0 |     AGC   0   0   0   0   0   0
    ATA   0   0   0   0   0   0 |     ACA   1   1   1   1   1   1 | Lys AAA   2   2   2   2   2   2 | Arg AGA   1   1   0   1   1   1
Met ATG   0   0   0   0   0   0 |     ACG   0   0   0   0   0   0 |     AAG   1   1   1   1   1   1 |     AGG   0   0   0   0   0   0
--------------------------------------------------------------------------------------------------------------------------------------
Val GTT   0   0   0   0   0   0 | Ala GCT   0   0   0   0   0   0 | Asp GAT   0   0   0   0   0   0 | Gly GGT   1   1   1   1   1   1
    GTC   0   0   0   0   0   0 |     GCC   1   1   1   1   1   1 |     GAC   2   2   2   2   2   2 |     GGC   1   1   1   1   1   1
    GTA   0   0   0   1   1   1 |     GCA   0   1   1   1   1   1 | Glu GAA   1   1   1   1   1   1 |     GGA   1   1   1   1   1   1
    GTG   1   1   1   0   0   0 |     GCG   1   0   0   0   0   0 |     GAG   1   1   1   1   1   1 |     GGG   0   0   0   0   0   0
--------------------------------------------------------------------------------------------------------------------------------------

--------------------------------------------------------------------------------------------------------------------------------------
Phe TTT   0   0   0   0   0   0 | Ser TCT   1   1   1   1   1   1 | Tyr TAT   2   3   2   2   2   1 | Cys TGT   0   0   0   0   0   0
    TTC   0   0   0   0   0   0 |     TCC   0   0   0   0   0   0 |     TAC   1   0   1   1   1   2 |     TGC   0   0   0   0   0   0
Leu TTA   0   0   0   0   0   0 |     TCA   0   0   0   0   0   0 | *** TAA   0   0   0   0   0   0 | *** TGA   0   0   0   0   0   0
    TTG   1   1   1   1   1   1 |     TCG   1   1   1   0   1   1 |     TAG   0   0   0   0   0   0 | Trp TGG   1   1   1   1   1   1
--------------------------------------------------------------------------------------------------------------------------------------
Leu CTT   2   2   2   1   2   2 | Pro CCT   0   0   0   0   0   0 | His CAT   2   2   2   2   2   2 | Arg CGT   0   0   1   1   1   1
    CTC   1   1   1   1   1   1 |     CCC   0   0   0   0   0   0 |     CAC   1   1   1   1   1   1 |     CGC   1   1   0   0   0   0
    CTA   2   2   2   2   2   2 |     CCA   0   0   0   0   0   0 | Gln CAA   0   0   0   0   0   0 |     CGA   0   0   0   0   0   0
    CTG   1   1   1   2   1   1 |     CCG   1   1   1   1   1   1 |     CAG   0   0   0   0   0   0 |     CGG   1   1   1   1   1   1
--------------------------------------------------------------------------------------------------------------------------------------
Ile ATT   0   0   0   0   0   0 | Thr ACT   1   1   1   1   1   1 | Asn AAT   1   1   1   1   1   1 | Ser AGT   0   0   0   0   0   0
    ATC   1   1   1   1   1   1 |     ACC   0   0   0   0   0   0 |     AAC   0   0   0   0   0   0 |     AGC   0   0   0   0   0   0
    ATA   0   0   0   0   0   0 |     ACA   1   0   1   2   1   1 | Lys AAA   3   2   2   2   2   2 | Arg AGA   1   1   1   1   1   1
Met ATG   0   0   0   0   0   0 |     ACG   0   1   0   0   0   0 |     AAG   0   1   1   1   1   1 |     AGG   0   0   0   0   0   0
--------------------------------------------------------------------------------------------------------------------------------------
Val GTT   0   0   0   0   0   0 | Ala GCT   0   0   0   0   0   0 | Asp GAT   0   0   0   0   0   0 | Gly GGT   1   1   1   1   1   1
    GTC   0   0   0   0   0   0 |     GCC   1   1   1   1   1   1 |     GAC   2   2   2   2   2   2 |     GGC   1   1   1   1   1   1
    GTA   0   0   0   0   1   0 |     GCA   1   1   1   1   1   1 | Glu GAA   1   1   1   0   1   1 |     GGA   1   1   1   1   1   1
    GTG   1   1   1   1   0   1 |     GCG   0   0   0   0   0   0 |     GAG   1   1   1   2   1   1 |     GGG   0   0   0   0   0   0
--------------------------------------------------------------------------------------------------------------------------------------

--------------------------------------------------------------------------------------------------------------------------------------
Phe TTT   0   0   0   0   0   0 | Ser TCT   1   1   1   1   1   1 | Tyr TAT   2   2   1   2   2   2 | Cys TGT   0   0   0   0   0   0
    TTC   0   0   0   0   0   0 |     TCC   0   0   0   0   0   0 |     TAC   1   1   2   1   1   1 |     TGC   0   0   0   0   0   0
Leu TTA   0   0   0   0   0   0 |     TCA   0   1   0   0   0   0 | *** TAA   0   0   0   0   0   0 | *** TGA   0   0   0   0   0   0
    TTG   1   1   1   1   1   1 |     TCG   1   0   1   1   1   0 |     TAG   0   0   0   0   0   0 | Trp TGG   1   1   1   1   1   1
--------------------------------------------------------------------------------------------------------------------------------------
Leu CTT   2   2   2   2   2   1 | Pro CCT   0   0   0   0   0   0 | His CAT   2   2   2   2   2   2 | Arg CGT   1   1   1   1   1   0
    CTC   0   0   1   1   1   1 |     CCC   0   0   0   0   0   0 |     CAC   1   1   1   1   1   1 |     CGC   0   0   0   0   0   1
    CTA   2   2   2   2   2   2 |     CCA   1   0   0   0   0   0 | Gln CAA   0   0   0   0   0   0 |     CGA   0   0   0   0   0   0
    CTG   2   2   1   1   1   2 |     CCG   0   1   1   1   1   1 |     CAG   0   0   0   0   0   0 |     CGG   1   1   1   1   1   1
--------------------------------------------------------------------------------------------------------------------------------------
Ile ATT   0   0   0   0   0   0 | Thr ACT   1   1   1   1   1   1 | Asn AAT   1   1   1   1   1   1 | Ser AGT   0   0   0   0   0   0
    ATC   1   1   1   1   1   1 |     ACC   0   0   0   0   0   0 |     AAC   0   0   0   0   0   0 |     AGC   0   0   0   0   0   0
    ATA   0   0   0   0   0   0 |     ACA   1   1   1   1   1   2 | Lys AAA   2   2   2   2   2   2 | Arg AGA   1   1   1   1   1   1
Met ATG   0   0   0   0   0   0 |     ACG   0   0   0   0   0   0 |     AAG   0   1   1   1   1   1 |     AGG   1   0   0   0   0   0
--------------------------------------------------------------------------------------------------------------------------------------
Val GTT   0   0   0   0   0   0 | Ala GCT   0   0   0   0   0   0 | Asp GAT   0   0   0   0   0   0 | Gly GGT   1   1   1   1   1   1
    GTC   0   0   0   0   0   0 |     GCC   1   1   1   1   1   1 |     GAC   2   2   2   2   2   2 |     GGC   1   1   1   1   1   1
    GTA   0   0   0   1   0   0 |     GCA   1   1   0   1   1   1 | Glu GAA   1   1   1   1   1   0 |     GGA   1   1   1   1   1   1
    GTG   1   1   1   0   1   1 |     GCG   0   0   1   0   0   0 |     GAG   1   1   1   1   1   2 |     GGG   0   0   0   0   0   0
--------------------------------------------------------------------------------------------------------------------------------------

--------------------------------------------------------------------------------------------------------------------------------------
Phe TTT   0   0   0   0   0   0 | Ser TCT   1   1   1   1   1   1 | Tyr TAT   2   3   2   2   2   2 | Cys TGT   0   0   0   0   0   0
    TTC   0   0   0   0   0   0 |     TCC   0   0   0   0   0   0 |     TAC   1   0   1   1   1   1 |     TGC   0   0   0   0   0   0
Leu TTA   0   0   0   0   0   0 |     TCA   0   0   1   0   0   0 | *** TAA   0   0   0   0   0   0 | *** TGA   0   0   0   0   0   0
    TTG   1   1   1   0   1   1 |     TCG   1   0   0   1   1   1 |     TAG   0   0   0   0   0   0 | Trp TGG   1   1   1   1   1   1
--------------------------------------------------------------------------------------------------------------------------------------
Leu CTT   2   1   2   2   2   2 | Pro CCT   0   0   0   0   0   0 | His CAT   2   2   2   2   2   2 | Arg CGT   1   1   1   1   0   1
    CTC   1   1   0   1   1   1 |     CCC   0   0   0   0   0   0 |     CAC   1   1   1   1   1   1 |     CGC   1   0   0   0   1   0
    CTA   2   2   2   2   2   2 |     CCA   0   0   1   0   1   0 | Gln CAA   0   0   0   0   0   0 |     CGA   0   0   0   0   0   0
    CTG   1   2   2   2   1   1 |     CCG   1   1   0   1   0   1 |     CAG   0   0   0   0   0   0 |     CGG   0   1   1   1   1   1
--------------------------------------------------------------------------------------------------------------------------------------
Ile ATT   0   0   0   0   0   0 | Thr ACT   1   1   1   1   1   1 | Asn AAT   1   1   1   1   1   1 | Ser AGT   0   0   0   0   0   0
    ATC   1   1   1   1   1   1 |     ACC   0   0   0   0   0   0 |     AAC   0   0   0   0   0   0 |     AGC   0   0   0   0   0   0
    ATA   0   0   0   0   0   0 |     ACA   1   2   1   1   1   1 | Lys AAA   2   2   2   2   2   2 | Arg AGA   1   1   1   1   1   1
Met ATG   0   0   0   0   0   0 |     ACG   0   0   0   0   0   0 |     AAG   1   1   0   1   1   1 |     AGG   0   0   1   0   0   0
--------------------------------------------------------------------------------------------------------------------------------------
Val GTT   0   0   0   0   0   0 | Ala GCT   0   0   0   0   0   0 | Asp GAT   0   0   0   0   0   0 | Gly GGT   1   1   1   1   1   1
    GTC   0   0   0   0   0   0 |     GCC   1   1   1   1   1   1 |     GAC   2   2   2   2   2   2 |     GGC   1   1   1   1   1   1
    GTA   1   0   0   1   0   0 |     GCA   1   1   1   1   1   1 | Glu GAA   1   0   1   1   1   1 |     GGA   1   1   1   1   1   1
    GTG   0   1   1   0   1   1 |     GCG   0   0   0   0   0   0 |     GAG   1   2   1   1   1   1 |     GGG   0   0   0   0   0   0
--------------------------------------------------------------------------------------------------------------------------------------

--------------------------------------------------------------------------------------------------------------------------------------
Phe TTT   0   0   0   0   0   0 | Ser TCT   1   1   1   1   1   1 | Tyr TAT   3   1   1   2   2   3 | Cys TGT   0   0   0   0   0   0
    TTC   0   0   0   0   0   0 |     TCC   0   0   0   0   0   0 |     TAC   0   2   2   1   1   0 |     TGC   0   0   0   0   0   0
Leu TTA   0   0   0   0   0   0 |     TCA   0   0   0   1   1   0 | *** TAA   0   0   0   0   0   0 | *** TGA   0   0   0   0   0   0
    TTG   1   1   1   1   1   1 |     TCG   1   1   1   0   0   1 |     TAG   0   0   0   0   0   0 | Trp TGG   1   1   1   1   1   1
--------------------------------------------------------------------------------------------------------------------------------------
Leu CTT   2   2   2   2   2   2 | Pro CCT   0   0   0   0   0   0 | His CAT   2   2   2   2   2   2 | Arg CGT   1   1   1   1   1   1
    CTC   1   1   1   1   1   0 |     CCC   0   0   0   0   0   0 |     CAC   1   1   1   1   1   1 |     CGC   0   0   0   0   0   0
    CTA   2   2   2   2   1   2 |     CCA   0   0   0   0   0   0 | Gln CAA   0   0   0   0   0   0 |     CGA   0   0   0   0   0   0
    CTG   1   1   1   1   2   2 |     CCG   1   1   1   1   1   1 |     CAG   0   0   0   0   0   0 |     CGG   1   1   1   1   1   1
--------------------------------------------------------------------------------------------------------------------------------------
Ile ATT   0   0   0   0   0   0 | Thr ACT   1   1   1   1   1   1 | Asn AAT   1   1   1   1   1   1 | Ser AGT   0   0   0   0   0   0
    ATC   1   1   1   1   1   1 |     ACC   0   0   0   0   0   0 |     AAC   0   0   0   0   0   0 |     AGC   0   0   0   0   0   0
    ATA   0   0   0   0   0   0 |     ACA   1   1   1   1   1   0 | Lys AAA   2   2   2   2   2   2 | Arg AGA   1   1   1   1   1   0
Met ATG   0   0   0   0   0   0 |     ACG   0   0   0   0   0   1 |     AAG   1   1   1   1   1   1 |     AGG   0   0   0   0   0   1
--------------------------------------------------------------------------------------------------------------------------------------
Val GTT   0   0   0   0   0   0 | Ala GCT   0   0   0   1   0   0 | Asp GAT   0   0   0   0   0   0 | Gly GGT   1   1   1   1   1   1
    GTC   0   0   0   0   0   0 |     GCC   1   1   1   1   1   1 |     GAC   2   2   2   2   2   2 |     GGC   1   1   1   1   1   1
    GTA   0   0   0   0   1   0 |     GCA   1   1   1   0   1   1 | Glu GAA   1   0   1   1   1   1 |     GGA   1   1   1   1   1   1
    GTG   1   1   1   1   0   1 |     GCG   0   0   0   0   0   0 |     GAG   1   2   1   1   1   1 |     GGG   0   0   0   0   0   0
--------------------------------------------------------------------------------------------------------------------------------------

--------------------------------------------------------------------------------------------------------------------------------------
Phe TTT   0   0   0   0   0   0 | Ser TCT   1   1   1   1   1   1 | Tyr TAT   2   2   2   2   3   3 | Cys TGT   0   0   0   0   0   0
    TTC   0   0   0   0   0   0 |     TCC   0   0   0   0   0   0 |     TAC   1   1   1   1   0   0 |     TGC   0   0   0   0   0   0
Leu TTA   0   0   0   0   0   0 |     TCA   0   0   1   1   0   1 | *** TAA   0   0   0   0   0   0 | *** TGA   0   0   0   0   0   0
    TTG   1   1   1   1   1   0 |     TCG   1   1   0   0   1   0 |     TAG   0   0   0   0   0   0 | Trp TGG   1   1   1   1   1   1
--------------------------------------------------------------------------------------------------------------------------------------
Leu CTT   2   2   2   2   2   2 | Pro CCT   0   0   0   0   0   0 | His CAT   2   2   1   2   2   2 | Arg CGT   1   1   1   1   1   1
    CTC   0   1   0   0   1   1 |     CCC   0   0   0   0   0   0 |     CAC   1   1   2   1   1   1 |     CGC   0   0   0   0   0   0
    CTA   2   2   2   2   2   2 |     CCA   1   0   1   1   0   0 | Gln CAA   0   0   0   0   0   0 |     CGA   0   0   0   0   0   0
    CTG   2   1   2   2   1   2 |     CCG   0   1   0   0   1   1 |     CAG   0   0   0   0   0   0 |     CGG   1   1   1   1   1   1
--------------------------------------------------------------------------------------------------------------------------------------
Ile ATT   0   0   0   0   0   0 | Thr ACT   1   1   1   1   1   1 | Asn AAT   1   1   1   1   1   1 | Ser AGT   0   0   0   0   0   0
    ATC   1   1   1   1   1   1 |     ACC   0   0   0   0   0   0 |     AAC   0   0   0   0   0   0 |     AGC   0   0   0   0   0   0
    ATA   0   0   0   0   0   0 |     ACA   1   1   1   1   1   1 | Lys AAA   2   2   2   2   2   2 | Arg AGA   1   1   1   1   1   1
Met ATG   0   0   0   0   0   0 |     ACG   0   0   0   0   0   0 |     AAG   0   1   0   1   1   1 |     AGG   1   0   1   0   0   0
--------------------------------------------------------------------------------------------------------------------------------------
Val GTT   0   0   0   0   0   0 | Ala GCT   0   0   0   0   0   0 | Asp GAT   0   0   0   0   0   0 | Gly GGT   1   1   1   1   1   1
    GTC   0   0   0   0   0   0 |     GCC   1   1   1   1   1   1 |     GAC   2   2   2   2   2   2 |     GGC   1   1   1   1   1   1
    GTA   0   1   0   0   0   1 |     GCA   1   1   1   1   1   1 | Glu GAA   1   1   1   1   1   1 |     GGA   1   1   1   1   1   1
    GTG   1   0   1   1   1   0 |     GCG   0   0   0   0   0   0 |     GAG   1   1   1   1   1   1 |     GGG   0   0   0   0   0   0
--------------------------------------------------------------------------------------------------------------------------------------

--------------------------------------------------------------------------------------------------------------------------------------
Phe TTT   0   0   0   0   0   0 | Ser TCT   1   1   1   1   1   1 | Tyr TAT   2   1   2   2   2   2 | Cys TGT   0   0   0   0   0   0
    TTC   0   0   0   0   0   0 |     TCC   0   0   0   0   0   0 |     TAC   1   2   1   1   1   1 |     TGC   0   0   0   0   0   0
Leu TTA   1   0   0   0   0   0 |     TCA   0   1   1   0   0   0 | *** TAA   0   0   0   0   0   0 | *** TGA   0   0   0   0   0   0
    TTG   0   1   1   1   1   1 |     TCG   1   0   0   1   0   0 |     TAG   0   0   0   0   0   0 | Trp TGG   1   1   1   1   1   1
--------------------------------------------------------------------------------------------------------------------------------------
Leu CTT   3   2   2   2   1   1 | Pro CCT   0   0   0   0   0   0 | His CAT   2   2   2   2   2   2 | Arg CGT   1   1   1   0   1   1
    CTC   1   1   1   1   1   1 |     CCC   0   0   0   0   0   0 |     CAC   1   1   1   1   1   1 |     CGC   0   0   0   1   0   0
    CTA   2   2   2   2   2   2 |     CCA   1   1   0   0   0   1 | Gln CAA   0   0   0   0   0   0 |     CGA   0   0   0   0   0   0
    CTG   0   1   1   1   2   2 |     CCG   0   0   1   1   1   0 |     CAG   0   0   0   0   0   0 |     CGG   1   1   1   1   1   1
--------------------------------------------------------------------------------------------------------------------------------------
Ile ATT   0   0   0   0   0   0 | Thr ACT   1   1   1   1   1   1 | Asn AAT   1   1   1   1   1   1 | Ser AGT   0   0   0   0   0   0
    ATC   1   1   1   1   1   1 |     ACC   0   0   0   0   0   0 |     AAC   0   0   0   0   0   0 |     AGC   0   0   0   0   0   0
    ATA   0   0   0   0   0   0 |     ACA   1   0   1   1   2   2 | Lys AAA   2   2   2   2   1   2 | Arg AGA   1   1   1   1   2   1
Met ATG   0   0   0   0   0   0 |     ACG   0   0   0   0   0   0 |     AAG   1   1   1   1   1   1 |     AGG   0   0   0   0   0   0
--------------------------------------------------------------------------------------------------------------------------------------
Val GTT   0   0   0   0   0   0 | Ala GCT   0   0   0   0   0   0 | Asp GAT   0   0   0   0   0   0 | Gly GGT   1   1   1   1   1   1
    GTC   0   0   0   0   0   0 |     GCC   1   1   1   1   1   1 |     GAC   2   2   2   2   2   2 |     GGC   1   2   1   1   1   1
    GTA   1   0   1   0   0   0 |     GCA   1   2   1   1   1   1 | Glu GAA   1   1   1   1   0   0 |     GGA   1   0   1   1   1   1
    GTG   0   1   0   1   1   1 |     GCG   0   0   0   0   0   0 |     GAG   1   1   1   1   2   2 |     GGG   0   0   0   0   0   0
--------------------------------------------------------------------------------------------------------------------------------------

Codon position x base (3x4) table for each sequence.

#1: Argali         
position  1:    T:0.18919    C:0.32432    A:0.21622    G:0.27027
position  2:    T:0.24324    C:0.18919    A:0.37838    G:0.18919
position  3:    T:0.27027    C:0.21622    A:0.21622    G:0.29730
Average         T:0.23423    C:0.24324    A:0.27027    G:0.25225

#2: LesserMouseDeer
position  1:    T:0.18919    C:0.32432    A:0.21622    G:0.27027
position  2:    T:0.24324    C:0.18919    A:0.40541    G:0.16216
position  3:    T:0.35135    C:0.16216    A:0.24324    G:0.24324
Average         T:0.26126    C:0.22523    A:0.28829    G:0.22523

#3: LesserKudu     
position  1:    T:0.16216    C:0.32432    A:0.24324    G:0.27027
position  2:    T:0.24324    C:0.18919    A:0.37838    G:0.18919
position  3:    T:0.27027    C:0.21622    A:0.24324    G:0.27027
Average         T:0.22523    C:0.24324    A:0.28829    G:0.24324

#4: ForestMuskDeer2
position  1:    T:0.18919    C:0.32432    A:0.21622    G:0.27027
position  2:    T:0.24324    C:0.18919    A:0.37838    G:0.18919
position  3:    T:0.27027    C:0.24324    A:0.24324    G:0.24324
Average         T:0.23423    C:0.25225    A:0.27928    G:0.23423

#5: Camel          
position  1:    T:0.18919    C:0.32432    A:0.21622    G:0.27027
position  2:    T:0.24324    C:0.18919    A:0.40541    G:0.16216
position  3:    T:0.40541    C:0.13514    A:0.24324    G:0.21622
Average         T:0.27928    C:0.21622    A:0.28829    G:0.21622

#6: KillerWhale    
position  1:    T:0.18919    C:0.32432    A:0.21622    G:0.27027
position  2:    T:0.27027    C:0.16216    A:0.37838    G:0.18919
position  3:    T:0.35135    C:0.13514    A:0.27027    G:0.24324
Average         T:0.27027    C:0.20721    A:0.28829    G:0.23423

#7: DefassaWaterbuck
position  1:    T:0.18919    C:0.32432    A:0.21622    G:0.27027
position  2:    T:0.24324    C:0.18919    A:0.37838    G:0.18919
position  3:    T:0.29730    C:0.21622    A:0.27027    G:0.21622
Average         T:0.24324    C:0.24324    A:0.28829    G:0.22523

#8: Sheep          
position  1:    T:0.18919    C:0.32432    A:0.21622    G:0.27027
position  2:    T:0.24324    C:0.18919    A:0.37838    G:0.18919
position  3:    T:0.29730    C:0.21622    A:0.21622    G:0.27027
Average         T:0.24324    C:0.24324    A:0.27027    G:0.24324

#9: MaxwellsDuiker 
position  1:    T:0.18919    C:0.32432    A:0.21622    G:0.27027
position  2:    T:0.24324    C:0.18919    A:0.40541    G:0.16216
position  3:    T:0.27027    C:0.21622    A:0.29730    G:0.21622
Average         T:0.23423    C:0.24324    A:0.30631    G:0.21622

#10: GazellaPrzewalskyi
position  1:    T:0.18919    C:0.32432    A:0.21622    G:0.27027
position  2:    T:0.24324    C:0.18919    A:0.37838    G:0.18919
position  3:    T:0.27027    C:0.21622    A:0.27027    G:0.24324
Average         T:0.23423    C:0.24324    A:0.28829    G:0.23423

#11: MountainNyala  
position  1:    T:0.16216    C:0.32432    A:0.24324    G:0.27027
position  2:    T:0.24324    C:0.18919    A:0.37838    G:0.18919
position  3:    T:0.24324    C:0.21622    A:0.27027    G:0.27027
Average         T:0.21622    C:0.24324    A:0.29730    G:0.24324

#12: MuntiacusMuntjak
position  1:    T:0.18919    C:0.32432    A:0.21622    G:0.27027
position  2:    T:0.24324    C:0.18919    A:0.35135    G:0.21622
position  3:    T:0.27027    C:0.21622    A:0.29730    G:0.21622
Average         T:0.23423    C:0.24324    A:0.28829    G:0.23423

#13: goat           
position  1:    T:0.18919    C:0.32432    A:0.21622    G:0.27027
position  2:    T:0.24324    C:0.18919    A:0.37838    G:0.18919
position  3:    T:0.27027    C:0.24324    A:0.21622    G:0.27027
Average         T:0.23423    C:0.25225    A:0.27027    G:0.24324

#14: AfricanBuffalo 
position  1:    T:0.18919    C:0.32432    A:0.21622    G:0.27027
position  2:    T:0.24324    C:0.18919    A:0.37838    G:0.18919
position  3:    T:0.29730    C:0.21622    A:0.24324    G:0.24324
Average         T:0.24324    C:0.24324    A:0.27928    G:0.23423

#15: Topi           
position  1:    T:0.18919    C:0.35135    A:0.18919    G:0.27027
position  2:    T:0.24324    C:0.18919    A:0.37838    G:0.18919
position  3:    T:0.29730    C:0.21622    A:0.24324    G:0.24324
Average         T:0.24324    C:0.25225    A:0.27027    G:0.23423

#16: CommonDuiker   
position  1:    T:0.18919    C:0.32432    A:0.21622    G:0.27027
position  2:    T:0.24324    C:0.18919    A:0.37838    G:0.18919
position  3:    T:0.29730    C:0.21622    A:0.27027    G:0.21622
Average         T:0.24324    C:0.24324    A:0.28829    G:0.22523

#17: Suni           
position  1:    T:0.18919    C:0.32432    A:0.21622    G:0.27027
position  2:    T:0.24324    C:0.18919    A:0.37838    G:0.18919
position  3:    T:0.29730    C:0.21622    A:0.27027    G:0.21622
Average         T:0.24324    C:0.24324    A:0.28829    G:0.22523

#18: Springbuck     
position  1:    T:0.18919    C:0.32432    A:0.21622    G:0.27027
position  2:    T:0.24324    C:0.18919    A:0.37838    G:0.18919
position  3:    T:0.29730    C:0.21622    A:0.27027    G:0.21622
Average         T:0.24324    C:0.24324    A:0.28829    G:0.22523

#19: Okapi          
position  1:    T:0.18919    C:0.32432    A:0.21622    G:0.27027
position  2:    T:0.24324    C:0.18919    A:0.37838    G:0.18919
position  3:    T:0.27027    C:0.24324    A:0.27027    G:0.21622
Average         T:0.23423    C:0.25225    A:0.28829    G:0.22523

#20: Giraffe        
position  1:    T:0.18919    C:0.32432    A:0.21622    G:0.27027
position  2:    T:0.24324    C:0.18919    A:0.37838    G:0.18919
position  3:    T:0.29730    C:0.21622    A:0.21622    G:0.27027
Average         T:0.24324    C:0.24324    A:0.27027    G:0.24324

#21: TibetanAntelope
position  1:    T:0.18919    C:0.32432    A:0.21622    G:0.27027
position  2:    T:0.24324    C:0.18919    A:0.37838    G:0.18919
position  3:    T:0.29730    C:0.21622    A:0.24324    G:0.24324
Average         T:0.24324    C:0.24324    A:0.27928    G:0.23423

#22: Sitatunga      
position  1:    T:0.16216    C:0.32432    A:0.24324    G:0.27027
position  2:    T:0.24324    C:0.18919    A:0.37838    G:0.18919
position  3:    T:0.27027    C:0.21622    A:0.24324    G:0.27027
Average         T:0.22523    C:0.24324    A:0.28829    G:0.24324

#23: Oribi          
position  1:    T:0.18919    C:0.32432    A:0.21622    G:0.27027
position  2:    T:0.24324    C:0.18919    A:0.37838    G:0.18919
position  3:    T:0.29730    C:0.21622    A:0.27027    G:0.21622
Average         T:0.24324    C:0.24324    A:0.28829    G:0.22523

#24: BarbarySheep   
position  1:    T:0.18919    C:0.32432    A:0.21622    G:0.27027
position  2:    T:0.24324    C:0.18919    A:0.37838    G:0.18919
position  3:    T:0.27027    C:0.24324    A:0.24324    G:0.24324
Average         T:0.23423    C:0.25225    A:0.27928    G:0.23423

#25: Daviddeer      
position  1:    T:0.18919    C:0.32432    A:0.21622    G:0.27027
position  2:    T:0.24324    C:0.18919    A:0.35135    G:0.21622
position  3:    T:0.29730    C:0.18919    A:0.27027    G:0.24324
Average         T:0.24324    C:0.23423    A:0.27928    G:0.24324

#26: Reindeer       
position  1:    T:0.18919    C:0.32432    A:0.21622    G:0.27027
position  2:    T:0.24324    C:0.18919    A:0.37838    G:0.18919
position  3:    T:0.29730    C:0.18919    A:0.27027    G:0.24324
Average         T:0.24324    C:0.23423    A:0.28829    G:0.23423

#27: Ibex           
position  1:    T:0.18919    C:0.32432    A:0.21622    G:0.27027
position  2:    T:0.24324    C:0.18919    A:0.37838    G:0.18919
position  3:    T:0.27027    C:0.24324    A:0.21622    G:0.27027
Average         T:0.23423    C:0.25225    A:0.27027    G:0.24324

#28: GyrantGazelle  
position  1:    T:0.18919    C:0.32432    A:0.21622    G:0.27027
position  2:    T:0.24324    C:0.18919    A:0.37838    G:0.18919
position  3:    T:0.29730    C:0.21622    A:0.27027    G:0.21622
Average         T:0.24324    C:0.24324    A:0.28829    G:0.22523

#29: Hartebeest     
position  1:    T:0.18919    C:0.32432    A:0.21622    G:0.27027
position  2:    T:0.24324    C:0.18919    A:0.37838    G:0.18919
position  3:    T:0.29730    C:0.21622    A:0.24324    G:0.24324
Average         T:0.24324    C:0.24324    A:0.27928    G:0.23423

#30: Bongo          
position  1:    T:0.16216    C:0.32432    A:0.24324    G:0.27027
position  2:    T:0.24324    C:0.18919    A:0.37838    G:0.18919
position  3:    T:0.24324    C:0.24324    A:0.24324    G:0.27027
Average         T:0.21622    C:0.25225    A:0.28829    G:0.24324

#31: Gerenuk        
position  1:    T:0.18919    C:0.32432    A:0.21622    G:0.27027
position  2:    T:0.24324    C:0.18919    A:0.37838    G:0.18919
position  3:    T:0.29730    C:0.24324    A:0.27027    G:0.18919
Average         T:0.24324    C:0.25225    A:0.28829    G:0.21622

#32: CommonEland    
position  1:    T:0.16216    C:0.32432    A:0.24324    G:0.27027
position  2:    T:0.24324    C:0.18919    A:0.37838    G:0.18919
position  3:    T:0.29730    C:0.18919    A:0.24324    G:0.27027
Average         T:0.23423    C:0.23423    A:0.28829    G:0.24324

#33: MuntiacusReevesi
position  1:    T:0.18919    C:0.32432    A:0.21622    G:0.27027
position  2:    T:0.24324    C:0.18919    A:0.35135    G:0.21622
position  3:    T:0.29730    C:0.18919    A:0.29730    G:0.21622
Average         T:0.24324    C:0.23423    A:0.28829    G:0.23423

#34: HarveysDuiker  
position  1:    T:0.16216    C:0.35135    A:0.21622    G:0.27027
position  2:    T:0.24324    C:0.18919    A:0.37838    G:0.18919
position  3:    T:0.29730    C:0.21622    A:0.27027    G:0.21622
Average         T:0.23423    C:0.25225    A:0.28829    G:0.22523

#35: Pronghorn      
position  1:    T:0.18919    C:0.32432    A:0.21622    G:0.27027
position  2:    T:0.24324    C:0.18919    A:0.37838    G:0.18919
position  3:    T:0.27027    C:0.24324    A:0.27027    G:0.21622
Average         T:0.23423    C:0.25225    A:0.28829    G:0.22523

#36: BlueWildebeest 
position  1:    T:0.18919    C:0.32432    A:0.21622    G:0.27027
position  2:    T:0.24324    C:0.18919    A:0.37838    G:0.18919
position  3:    T:0.29730    C:0.21622    A:0.24324    G:0.24324
Average         T:0.24324    C:0.24324    A:0.27928    G:0.23423

#37: Gemsbok        
position  1:    T:0.18919    C:0.32432    A:0.21622    G:0.27027
position  2:    T:0.24324    C:0.18919    A:0.37838    G:0.18919
position  3:    T:0.32432    C:0.18919    A:0.24324    G:0.24324
Average         T:0.25225    C:0.23423    A:0.27928    G:0.23423

#38: Yak            
position  1:    T:0.18919    C:0.32432    A:0.21622    G:0.27027
position  2:    T:0.24324    C:0.18919    A:0.37838    G:0.18919
position  3:    T:0.27027    C:0.24324    A:0.21622    G:0.27027
Average         T:0.23423    C:0.25225    A:0.27027    G:0.24324

#39: BlueSheep      
position  1:    T:0.18919    C:0.32432    A:0.21622    G:0.27027
position  2:    T:0.24324    C:0.18919    A:0.37838    G:0.18919
position  3:    T:0.27027    C:0.24324    A:0.24324    G:0.24324
Average         T:0.23423    C:0.25225    A:0.27928    G:0.23423

#40: BohorReedbuck  
position  1:    T:0.18919    C:0.32432    A:0.21622    G:0.27027
position  2:    T:0.24324    C:0.18919    A:0.37838    G:0.18919
position  3:    T:0.32432    C:0.21622    A:0.24324    G:0.21622
Average         T:0.25225    C:0.24324    A:0.27928    G:0.22523

#41: KirksDik       
position  1:    T:0.18919    C:0.32432    A:0.21622    G:0.27027
position  2:    T:0.24324    C:0.18919    A:0.37838    G:0.18919
position  3:    T:0.29730    C:0.21622    A:0.27027    G:0.21622
Average         T:0.24324    C:0.24324    A:0.28829    G:0.22523

#42: RoeDeer        
position  1:    T:0.18919    C:0.32432    A:0.21622    G:0.27027
position  2:    T:0.24324    C:0.18919    A:0.37838    G:0.18919
position  3:    T:0.32432    C:0.16216    A:0.18919    G:0.32432
Average         T:0.25225    C:0.22523    A:0.26126    G:0.26126

#43: WhiteLippedDeer
position  1:    T:0.18919    C:0.32432    A:0.21622    G:0.27027
position  2:    T:0.24324    C:0.18919    A:0.35135    G:0.21622
position  3:    T:0.29730    C:0.18919    A:0.27027    G:0.24324
Average         T:0.24324    C:0.23423    A:0.27928    G:0.24324

#44: ThomsonGazelle 
position  1:    T:0.18919    C:0.32432    A:0.21622    G:0.27027
position  2:    T:0.24324    C:0.18919    A:0.37838    G:0.18919
position  3:    T:0.29730    C:0.21622    A:0.27027    G:0.21622
Average         T:0.24324    C:0.24324    A:0.28829    G:0.22523

#45: MuntiacusCrinifrons
position  1:    T:0.18919    C:0.32432    A:0.21622    G:0.27027
position  2:    T:0.24324    C:0.18919    A:0.35135    G:0.21622
position  3:    T:0.27027    C:0.21622    A:0.29730    G:0.21622
Average         T:0.23423    C:0.24324    A:0.28829    G:0.23423

#46: WhiteTailedDeer
position  1:    T:0.18919    C:0.32432    A:0.21622    G:0.27027
position  2:    T:0.24324    C:0.18919    A:0.37838    G:0.18919
position  3:    T:0.29730    C:0.18919    A:0.29730    G:0.21622
Average         T:0.24324    C:0.23423    A:0.29730    G:0.22523

#47: Cattle         
position  1:    T:0.18919    C:0.32432    A:0.21622    G:0.27027
position  2:    T:0.24324    C:0.18919    A:0.37838    G:0.18919
position  3:    T:0.32432    C:0.18919    A:0.24324    G:0.24324
Average         T:0.25225    C:0.23423    A:0.27928    G:0.23423

#48: RoyalAntelope  
position  1:    T:0.16216    C:0.35135    A:0.21622    G:0.27027
position  2:    T:0.24324    C:0.18919    A:0.37838    G:0.18919
position  3:    T:0.32432    C:0.18919    A:0.29730    G:0.18919
Average         T:0.24324    C:0.24324    A:0.29730    G:0.21622

#49: Steenbok       
position  1:    T:0.18919    C:0.32432    A:0.21622    G:0.27027
position  2:    T:0.24324    C:0.18919    A:0.37838    G:0.18919
position  3:    T:0.32432    C:0.21622    A:0.32432    G:0.13514
Average         T:0.25225    C:0.24324    A:0.30631    G:0.19820

#50: Impala         
position  1:    T:0.18919    C:0.32432    A:0.18919    G:0.29730
position  2:    T:0.24324    C:0.18919    A:0.37838    G:0.18919
position  3:    T:0.27027    C:0.27027    A:0.27027    G:0.18919
Average         T:0.23423    C:0.26126    A:0.27928    G:0.22523

#51: Klipspringer   
position  1:    T:0.18919    C:0.32432    A:0.21622    G:0.27027
position  2:    T:0.24324    C:0.18919    A:0.37838    G:0.18919
