1
52 1
Argali 0.000000 0.263400 0.044200 0.226800 0.024300 0.006100 0.030600 0.030400 0.050500 0.036800 0.018400 0.055800 0.006100 0.036900 0.018300 0.024300 0.061500 0.055200 0.030700 0.056700 0.030500 0.012200 0.042800 0.049000 0.012200 0.030700 0.006100 0.044200 0.018200 0.050400 0.042600 0.030700 0.043500 0.018400 0.018400 0.055700 0.012200 0.030500 0.036500 0.042700 0.036900 0.030500 0.036800 0.049300 0.049400 0.043000 0.036400 0.043400 0.043200 0.075300 0.037600 0.044200
LesserMous 0.263400 0.000000 0.273200 0.277200 0.275100 0.254300 0.266200 0.273600 0.281100 0.258600 0.268600 0.259900 0.254300 0.258000 0.267300 0.266900 0.271700 0.282000 0.253900 0.287600 0.259200 0.260900 0.265600 0.273200 0.260900 0.276300 0.254300 0.273200 0.260000 0.280100 0.266700 0.267000 0.237000 0.269000 0.237600 0.274600 0.260900 0.282700 0.280800 0.284000 0.258600 0.274800 0.258600 0.291300 0.266900 0.274600 0.282000 0.251800 0.274500 0.308600 0.279700 0.273200
LesserKudu 0.044200 0.273200 0.000000 0.243800 0.056300 0.050500 0.062700 0.062300 0.006200 0.043500 0.050100 0.050100 0.037700 0.069300 0.049900 0.056200 0.055600 0.049700 0.050500 0.012300 0.062700 0.043800 0.049600 0.056000 0.043800 0.062900 0.037700 0.000000 0.050000 0.006200 0.049800 0.062900 0.037500 0.050200 0.050500 0.049800 0.043800 0.062500 0.055800 0.050000 0.043500 0.062600 0.043500 0.056200 0.043500 0.075600 0.068800 0.076100 0.062900 0.082100 0.006200 0.000000
KillerWhal 0.226800 0.277200 0.243800 0.000000 0.224000 0.233900 0.231900 0.237500 0.251100 0.238400 0.224800 0.210000 0.218800 0.239200 0.216900 0.231100 0.236200 0.230000 0.248500 0.234900 0.238900 0.225100 0.230100 0.252400 0.225100 0.239400 0.218800 0.243800 0.224500 0.250500 0.237700 0.232100 0.240500 0.232500 0.218700 0.223700 0.225100 0.230800 0.215300 0.246400 0.238400 0.238300 0.238400 0.253300 0.216600 0.238900 0.230400 0.231500 0.232400 0.278400 0.235200 0.243800
DefassaWat 0.024300 0.275100 0.056300 0.224000 0.000000 0.030300 0.030000 0.030000 0.062600 0.035900 0.018000 0.049000 0.018200 0.036700 0.006000 0.023900 0.060700 0.054800 0.030500 0.055900 0.030200 0.012100 0.042300 0.048200 0.012100 0.030300 0.018200 0.056300 0.018000 0.062400 0.042500 0.030300 0.042900 0.024300 0.030500 0.048700 0.012100 0.017900 0.023900 0.042600 0.036200 0.029800 0.036300 0.048700 0.042600 0.042500 0.036200 0.042700 0.048900 0.074400 0.049600 0.056300
Sheep 0.006100 0.254300 0.050500 0.233900 0.030300 0.000000 0.036500 0.036600 0.056900 0.043000 0.024300 0.062300 0.012200 0.030600 0.024400 0.030500 0.067700 0.061800 0.024600 0.063100 0.036400 0.018400 0.049100 0.042800 0.018400 0.036900 0.012300 0.050500 0.024500 0.056800 0.049200 0.036500 0.049800 0.024500 0.012300 0.061900 0.018400 0.036300 0.042700 0.049400 0.043000 0.036700 0.042500 0.055600 0.055700 0.036700 0.042800 0.049600 0.049500 0.081700 0.043900 0.050500
MaxwellsDu 0.030600 0.266200 0.062700 0.231900 0.030000 0.036500 0.000000 0.024100 0.069100 0.042500 0.024200 0.061500 0.024600 0.017800 0.024100 0.018000 0.067000 0.061100 0.036800 0.075200 0.024100 0.018000 0.048200 0.054700 0.018100 0.024200 0.024400 0.062700 0.012000 0.068900 0.048000 0.011900 0.049200 0.036100 0.036800 0.061200 0.018100 0.036300 0.030000 0.048800 0.042500 0.024000 0.042000 0.054900 0.054900 0.048200 0.029800 0.049000 0.048900 0.080800 0.056000 0.062700
GazellaPrz 0.030400 0.273600 0.062300 0.237500 0.030000 0.036600 0.024100 0.000000 0.068700 0.030000 0.023900 0.061200 0.024200 0.030100 0.024000 0.017800 0.066600 0.060800 0.036100 0.074700 0.024000 0.018100 0.036000 0.042100 0.017900 0.023700 0.024200 0.062300 0.011900 0.068500 0.035800 0.024000 0.048900 0.036300 0.036800 0.060800 0.017900 0.023900 0.030000 0.036200 0.030000 0.023900 0.029800 0.042200 0.054600 0.036100 0.029900 0.048300 0.048600 0.080300 0.055700 0.062300
MountainNy 0.050500 0.281100 0.006200 0.251100 0.062600 0.056900 0.069100 0.068700 0.000000 0.049800 0.056500 0.056400 0.044000 0.075700 0.056300 0.062500 0.061900 0.056000 0.056900 0.018600 0.069100 0.050200 0.055900 0.049600 0.050200 0.069300 0.044000 0.006200 0.056400 0.012300 0.056100 0.069300 0.043900 0.056600 0.056900 0.056100 0.050200 0.068900 0.062100 0.043500 0.049800 0.068900 0.049800 0.049800 0.049800 0.082000 0.075200 0.082600 0.069300 0.088600 0.012400 0.006200
MuntiacusM 0.036800 0.258600 0.043500 0.238400 0.035900 0.043000 0.042500 0.030000 0.049800 0.000000 0.030000 0.055200 0.030500 0.048300 0.030000 0.036200 0.036000 0.042400 0.030200 0.055800 0.042500 0.024200 0.005900 0.023700 0.024100 0.042400 0.030200 0.043500 0.030200 0.049600 0.005900 0.042600 0.018200 0.042700 0.042900 0.054900 0.024100 0.030100 0.036000 0.017900 0.000000 0.042400 0.000000 0.024000 0.048500 0.054100 0.047700 0.055200 0.055100 0.074300 0.049600 0.043500
goat 0.018400 0.268600 0.050100 0.224800 0.018000 0.024300 0.024200 0.023900 0.056500 0.030000 0.000000 0.049100 0.012200 0.018000 0.012100 0.018100 0.042300 0.036000 0.024500 0.049800 0.024200 0.006000 0.036300 0.042000 0.006000 0.024300 0.012100 0.050100 0.012000 0.056300 0.030300 0.012000 0.036900 0.024400 0.024500 0.048900 0.006000 0.024200 0.030100 0.036600 0.030100 0.024200 0.030300 0.042700 0.042500 0.048900 0.030200 0.036700 0.036600 0.068300 0.043500 0.050100
AfricanBuf 0.055800 0.259900 0.050100 0.210000 0.049000 0.062300 0.061500 0.061200 0.056400 0.055200 0.049100 0.000000 0.049500 0.055200 0.048800 0.055100 0.054600 0.048200 0.062200 0.037100 0.061500 0.055600 0.061300 0.067600 0.055000 0.061700 0.049100 0.050100 0.049100 0.056200 0.054600 0.049000 0.049400 0.049200 0.062300 0.011900 0.054900 0.067300 0.041900 0.061600 0.055200 0.061400 0.055200 0.067800 0.006000 0.061400 0.067500 0.074500 0.036500 0.094000 0.056200 0.050100
Topi 0.006100 0.254300 0.037700 0.218800 0.018200 0.012200 0.024600 0.024200 0.044000 0.030500 0.012200 0.049500 0.000000 0.030600 0.012100 0.018200 0.054500 0.049100 0.024600 0.050100 0.024200 0.006100 0.036300 0.042400 0.006100 0.024400 0.000000 0.037700 0.012200 0.043800 0.036700 0.024400 0.036800 0.012200 0.012300 0.048500 0.006100 0.024100 0.030000 0.036500 0.030300 0.024300 0.030300 0.042900 0.043000 0.036700 0.030400 0.037100 0.036800 0.068700 0.031100 0.037700
CommonDuik 0.036900 0.258000 0.069300 0.239200 0.036700 0.030600 0.017800 0.030100 0.075700 0.048300 0.018000 0.055200 0.030600 0.000000 0.030300 0.023900 0.060700 0.054300 0.030200 0.068800 0.029900 0.024200 0.054200 0.048500 0.024300 0.030300 0.030300 0.069300 0.018000 0.075500 0.048700 0.006000 0.055600 0.042800 0.030600 0.054900 0.024100 0.042500 0.036100 0.054400 0.048000 0.030200 0.048700 0.061300 0.048700 0.041700 0.036200 0.055300 0.042000 0.087400 0.062500 0.069300
Suni 0.018300 0.267300 0.049900 0.216900 0.006000 0.024400 0.024100 0.024000 0.056300 0.030000 0.012100 0.048800 0.012100 0.030300 0.000000 0.018000 0.054200 0.048700 0.024300 0.049600 0.024000 0.006000 0.036200 0.042400 0.006000 0.024000 0.012100 0.049900 0.012000 0.056100 0.036100 0.024200 0.036700 0.024300 0.024300 0.048700 0.006000 0.023900 0.017900 0.036400 0.030200 0.024000 0.030200 0.042000 0.042600 0.036000 0.030100 0.036500 0.048500 0.068000 0.043400 0.049900
Springbuck 0.024300 0.266900 0.056200 0.231100 0.023900 0.030500 0.018000 0.017800 0.062500 0.036200 0.018100 0.055100 0.018200 0.023900 0.018000 0.000000 0.061000 0.054800 0.030300 0.068600 0.018000 0.012000 0.042100 0.048400 0.012000 0.017900 0.018200 0.056200 0.006000 0.062300 0.042400 0.018000 0.042900 0.030100 0.030300 0.054800 0.012000 0.030100 0.023800 0.042500 0.036200 0.017800 0.036200 0.048600 0.048100 0.042400 0.023800 0.042700 0.042600 0.074300 0.049600 0.056200
Okapi 0.061500 0.271700 0.055600 0.236200 0.060700 0.067700 0.067000 0.066600 0.061900 0.036000 0.042300 0.054600 0.054500 0.060700 0.054200 0.061000 0.000000 0.029800 0.054600 0.055200 0.067000 0.048600 0.042000 0.048100 0.048600 0.067100 0.055000 0.055600 0.054600 0.061700 0.036000 0.054600 0.030200 0.066500 0.067700 0.054300 0.048100 0.054000 0.059800 0.053900 0.035900 0.066800 0.035600 0.060600 0.047600 0.092200 0.072900 0.067300 0.067100 0.086300 0.061700 0.055600
Giraffe 0.055200 0.282000 0.049700 0.230000 0.054800 0.061800 0.061100 0.060800 0.056000 0.042400 0.036000 0.048200 0.049100 0.054300 0.048700 0.054800 0.029800 0.000000 0.048500 0.049300 0.060400 0.042700 0.048400 0.054600 0.042700 0.061300 0.049100 0.049700 0.048600 0.055800 0.042400 0.048800 0.036500 0.061400 0.061800 0.048400 0.042600 0.061000 0.054400 0.048700 0.042400 0.061000 0.042400 0.054800 0.042300 0.086400 0.067100 0.074100 0.061200 0.080500 0.055800 0.049700
TibetanAnt 0.030700 0.253900 0.050500 0.248500 0.030500 0.024600 0.036800 0.036100 0.056900 0.030200 0.024500 0.062200 0.024600 0.030200 0.024300 0.030300 0.054600 0.048500 0.000000 0.063000 0.036700 0.018300 0.036600 0.030400 0.018300 0.036800 0.024500 0.050500 0.024400 0.056700 0.036700 0.036800 0.037000 0.037000 0.024600 0.061900 0.018300 0.036600 0.042600 0.036800 0.030500 0.036700 0.030300 0.042900 0.055600 0.049100 0.042800 0.049400 0.062100 0.081700 0.056600 0.050500
Sitatunga 0.056700 0.287600 0.012300 0.234900 0.055900 0.063100 0.075200 0.074700 0.018600 0.055800 0.049800 0.037100 0.050100 0.068800 0.049600 0.068600 0.055200 0.049300 0.063000 0.000000 0.075200 0.056300 0.062000 0.068400 0.056300 0.075400 0.050100 0.012300 0.062500 0.018500 0.055800 0.062400 0.050000 0.062700 0.063100 0.036800 0.056300 0.075000 0.055500 0.062400 0.055800 0.075000 0.055800 0.068700 0.030700 0.075100 0.081200 0.088700 0.062400 0.094700 0.018300 0.012300
Oribi 0.030500 0.259200 0.062700 0.238900 0.030200 0.036400 0.024100 0.024000 0.069100 0.042500 0.024200 0.061500 0.024200 0.029900 0.024000 0.018000 0.067000 0.060400 0.036700 0.075200 0.000000 0.018000 0.048500 0.054700 0.018200 0.023900 0.024200 0.062700 0.012000 0.068900 0.048600 0.024200 0.049200 0.036600 0.036800 0.061200 0.018100 0.036300 0.029900 0.048800 0.042500 0.024000 0.042500 0.054000 0.055000 0.048000 0.029800 0.049000 0.048200 0.068000 0.056000 0.062700
BarbaryShe 0.012200 0.260900 0.043800 0.225100 0.012100 0.018400 0.018000 0.018100 0.050200 0.024200 0.006000 0.055600 0.006100 0.024200 0.006000 0.012000 0.048600 0.042700 0.018300 0.056300 0.018000 0.000000 0.030200 0.036400 0.000000 0.018000 0.006100 0.043800 0.006000 0.050000 0.030100 0.018200 0.030700 0.018200 0.018300 0.055200 0.000000 0.018100 0.024100 0.030400 0.024200 0.018000 0.024000 0.036500 0.049000 0.042700 0.024100 0.030600 0.042900 0.062000 0.037300 0.043800
Daviddeer 0.042800 0.265600 0.049600 0.230100 0.042300 0.049100 0.048200 0.036000 0.055900 0.005900 0.036300 0.061300 0.036300 0.054200 0.036200 0.042100 0.042000 0.048400 0.036600 0.062000 0.048500 0.030200 0.000000 0.029900 0.030200 0.048600 0.036600 0.049600 0.035900 0.055800 0.011900 0.048600 0.024100 0.048800 0.049000 0.060900 0.030200 0.035700 0.042000 0.024000 0.005900 0.048400 0.005900 0.030000 0.054700 0.060800 0.053900 0.061200 0.061100 0.080400 0.055700 0.049600
Reindeer 0.049000 0.273200 0.056000 0.252400 0.048200 0.042800 0.054700 0.042100 0.049600 0.023700 0.042000 0.067600 0.042400 0.048500 0.042400 0.048400 0.048100 0.054600 0.030400 0.068400 0.054700 0.036400 0.029900 0.000000 0.036400 0.054500 0.042800 0.056000 0.042600 0.062200 0.030200 0.054300 0.042300 0.055000 0.042800 0.067200 0.036400 0.041700 0.048100 0.017800 0.023700 0.053900 0.023800 0.023800 0.061000 0.054100 0.060200 0.055000 0.067400 0.086800 0.062100 0.056000
Ibex 0.012200 0.260900 0.043800 0.225100 0.012100 0.018400 0.018100 0.017900 0.050200 0.024100 0.006000 0.055000 0.006100 0.024300 0.006000 0.012000 0.048600 0.042700 0.018300 0.056300 0.018200 0.000000 0.030200 0.036400 0.000000 0.018000 0.006100 0.043800 0.006000 0.050000 0.030300 0.018100 0.030700 0.018200 0.018400 0.055200 0.000000 0.018000 0.023900 0.030400 0.024100 0.018000 0.024200 0.036100 0.049000 0.042700 0.024100 0.030300 0.042900 0.062000 0.037300 0.043800
GyrantGaze 0.030700 0.276300 0.062900 0.239400 0.030300 0.036900 0.024200 0.023700 0.069300 0.042400 0.024300 0.061700 0.024400 0.030300 0.024000 0.017900 0.067100 0.061300 0.036800 0.075400 0.023900 0.018000 0.048600 0.054500 0.018000 0.000000 0.024300 0.062900 0.012000 0.069100 0.048700 0.024200 0.048600 0.036200 0.036900 0.060400 0.018000 0.035900 0.029900 0.048900 0.042500 0.012000 0.042100 0.054100 0.055100 0.048800 0.030200 0.049100 0.048000 0.081000 0.056200 0.062900
Hartebeest 0.006100 0.254300 0.037700 0.218800 0.018200 0.012300 0.024400 0.024200 0.044000 0.030200 0.012100 0.049100 0.000000 0.030300 0.012100 0.018200 0.055000 0.049100 0.024500 0.050100 0.024200 0.006100 0.036600 0.042800 0.006100 0.024300 0.000000 0.037700 0.012200 0.043800 0.036800 0.024300 0.037100 0.012100 0.012300 0.048800 0.006100 0.024100 0.030300 0.036800 0.030500 0.024300 0.030500 0.042900 0.043000 0.036700 0.030400 0.036900 0.036800 0.068700 0.031100 0.037700
Bongo 0.044200 0.273200 0.000000 0.243800 0.056300 0.050500 0.062700 0.062300 0.006200 0.043500 0.050100 0.050100 0.037700 0.069300 0.049900 0.056200 0.055600 0.049700 0.050500 0.012300 0.062700 0.043800 0.049600 0.056000 0.043800 0.062900 0.037700 0.000000 0.050000 0.006200 0.049800 0.062900 0.037500 0.050200 0.050500 0.049800 0.043800 0.062500 0.055800 0.050000 0.043500 0.062600 0.043500 0.056200 0.043500 0.075600 0.068800 0.076100 0.062900 0.082100 0.006200 0.000000
Gerenuk 0.018200 0.260000 0.050000 0.224500 0.018000 0.024500 0.012000 0.011900 0.056400 0.030200 0.012000 0.049100 0.012200 0.018000 0.012000 0.006000 0.054600 0.048600 0.024400 0.062500 0.012000 0.006000 0.035900 0.042600 0.006000 0.012000 0.012200 0.050000 0.000000 0.056200 0.036400 0.012000 0.036800 0.024300 0.024300 0.048600 0.006000 0.023900 0.017800 0.036500 0.030200 0.011900 0.030200 0.042100 0.042600 0.035900 0.018000 0.036600 0.036500 0.068100 0.043400 0.050000
CommonElan 0.050400 0.280100 0.006200 0.250500 0.062400 0.056800 0.068900 0.068500 0.012300 0.049600 0.056300 0.056200 0.043800 0.075500 0.056100 0.062300 0.061700 0.055800 0.056700 0.018500 0.068900 0.050000 0.055800 0.062200 0.050000 0.069100 0.043800 0.006200 0.056200 0.000000 0.056000 0.069100 0.043700 0.056400 0.056700 0.055900 0.050000 0.068700 0.061900 0.056100 0.049600 0.068700 0.049600 0.062400 0.049600 0.081700 0.062100 0.069200 0.069100 0.088300 0.012300 0.006200
MuntiacusR 0.042600 0.266700 0.049800 0.237700 0.042500 0.049200 0.048000 0.035800 0.056100 0.005900 0.030300 0.054600 0.036700 0.048700 0.036100 0.042400 0.036000 0.042400 0.036700 0.055800 0.048600 0.030100 0.011900 0.030200 0.030300 0.048700 0.036800 0.049800 0.036400 0.056000 0.000000 0.042600 0.024300 0.048900 0.049200 0.054800 0.030000 0.035900 0.042000 0.023900 0.006000 0.048500 0.005900 0.030100 0.048700 0.061000 0.054300 0.061500 0.055000 0.080700 0.055900 0.049800
HarveysDui 0.030700 0.267000 0.062900 0.232100 0.030300 0.036500 0.011900 0.024000 0.069300 0.042600 0.012000 0.049000 0.024400 0.006000 0.024200 0.018000 0.054600 0.048800 0.036800 0.062400 0.024200 0.018200 0.048600 0.054300 0.018100 0.024200 0.024300 0.062900 0.012000 0.069100 0.042600 0.000000 0.049300 0.036700 0.036900 0.048700 0.018100 0.036400 0.030000 0.048900 0.042600 0.023900 0.042600 0.055100 0.042600 0.048800 0.029700 0.048800 0.036000 0.081000 0.056200 0.062900
Pronghorn 0.043500 0.237000 0.037500 0.240500 0.042900 0.049800 0.049200 0.048900 0.043900 0.018200 0.036900 0.049400 0.036800 0.055600 0.036700 0.042900 0.030200 0.036500 0.037000 0.050000 0.049200 0.030700 0.024100 0.042300 0.030700 0.048600 0.037100 0.037500 0.036800 0.043700 0.024300 0.049300 0.000000 0.049400 0.049500 0.048800 0.030400 0.049100 0.042600 0.036400 0.018200 0.048500 0.018100 0.042900 0.042900 0.074500 0.055200 0.062200 0.061900 0.068500 0.043700 0.037500
BlueWildeb 0.018400 0.269000 0.050200 0.232500 0.024300 0.024500 0.036100 0.036300 0.056600 0.042700 0.024400 0.049200 0.012200 0.042800 0.024300 0.030100 0.066500 0.061400 0.037000 0.062700 0.036600 0.018200 0.048800 0.055000 0.018200 0.036200 0.012100 0.050200 0.024300 0.056400 0.048900 0.036700 0.049400 0.000000 0.024500 0.048900 0.018100 0.030200 0.042400 0.048700 0.042200 0.036500 0.042700 0.055200 0.042200 0.048900 0.042100 0.049300 0.036600 0.081200 0.043600 0.050200
Gemsbok 0.018400 0.237600 0.050500 0.218700 0.030500 0.012300 0.036800 0.036800 0.056900 0.042900 0.024500 0.062300 0.012300 0.030600 0.024300 0.030300 0.067700 0.061800 0.024600 0.063100 0.036800 0.018300 0.049000 0.042800 0.018400 0.036900 0.012300 0.050500 0.024300 0.056700 0.049200 0.036900 0.049500 0.024500 0.000000 0.061900 0.018300 0.036700 0.042400 0.049300 0.042800 0.036300 0.042900 0.054700 0.055600 0.036700 0.042800 0.049600 0.049400 0.081700 0.043800 0.050500
Yak 0.055700 0.274600 0.049800 0.223700 0.048700 0.061900 0.061200 0.060800 0.056100 0.054900 0.048900 0.011900 0.048500 0.054900 0.048700 0.054800 0.054300 0.048400 0.061900 0.036800 0.061200 0.055200 0.060900 0.067200 0.055200 0.060400 0.048800 0.049800 0.048600 0.055900 0.054800 0.048700 0.048800 0.048900 0.061900 0.000000 0.055200 0.067400 0.041700 0.061300 0.054900 0.061000 0.054600 0.067400 0.005900 0.061100 0.067100 0.087000 0.023700 0.093500 0.055800 0.049800
BlueSheep 0.012200 0.260900 0.043800 0.225100 0.012100 0.018400 0.018100 0.017900 0.050200 0.024100 0.006000 0.054900 0.006100 0.024100 0.006000 0.012000 0.048100 0.042600 0.018300 0.056300 0.018100 0.000000 0.030200 0.036400 0.000000 0.018000 0.006100 0.043800 0.006000 0.050000 0.030000 0.018100 0.030400 0.018100 0.018300 0.055200 0.000000 0.017900 0.023900 0.030400 0.024000 0.018100 0.024200 0.036500 0.049000 0.042700 0.024000 0.030600 0.042700 0.062000 0.037300 0.043800
BohorReedb 0.030500 0.282700 0.062500 0.230800 0.017900 0.036300 0.036300 0.023900 0.068900 0.030100 0.024200 0.067300 0.024100 0.042500 0.023900 0.030100 0.054000 0.061000 0.036600 0.075000 0.036300 0.018100 0.035700 0.041700 0.018000 0.035900 0.024100 0.062500 0.023900 0.068700 0.035900 0.036400 0.049100 0.030200 0.036700 0.067400 0.017900 0.000000 0.042100 0.036300 0.030100 0.036200 0.030100 0.041800 0.061200 0.048000 0.041600 0.048900 0.055000 0.080600 0.055900 0.062500
KirksDik 0.036500 0.280800 0.055800 0.215300 0.023900 0.042700 0.030000 0.030000 0.062100 0.036000 0.030100 0.041900 0.030000 0.036100 0.017900 0.023800 0.059800 0.054400 0.042600 0.055500 0.029900 0.024100 0.042000 0.048100 0.023900 0.029900 0.030300 0.055800 0.017800 0.061900 0.042000 0.030000 0.042600 0.042400 0.042400 0.041700 0.023900 0.042100 0.000000 0.042200 0.035700 0.029900 0.035700 0.048300 0.035900 0.042100 0.035900 0.054800 0.042000 0.073800 0.049200 0.055800
RoeDeer 0.042700 0.284000 0.050000 0.246400 0.042600 0.049400 0.048800 0.036200 0.043500 0.017900 0.036600 0.061600 0.036500 0.054400 0.036400 0.042500 0.053900 0.048700 0.036800 0.062400 0.048800 0.030400 0.024000 0.017800 0.030400 0.048900 0.036800 0.050000 0.036500 0.056100 0.023900 0.048900 0.036400 0.048700 0.049300 0.061300 0.030400 0.036300 0.042200 0.000000 0.017900 0.048700 0.017900 0.017800 0.055000 0.054900 0.054500 0.061600 0.061500 0.074500 0.056100 0.050000
WhiteLippe 0.036900 0.258600 0.043500 0.238400 0.036200 0.043000 0.042500 0.030000 0.049800 0.000000 0.030100 0.055200 0.030300 0.048000 0.030200 0.036200 0.035900 0.042400 0.030500 0.055800 0.042500 0.024200 0.005900 0.023700 0.024100 0.042500 0.030500 0.043500 0.030200 0.049600 0.006000 0.042600 0.018200 0.042200 0.042800 0.054900 0.024000 0.030100 0.035700 0.017900 0.000000 0.042100 0.000000 0.024000 0.048700 0.054800 0.048400 0.055200 0.055100 0.074300 0.049600 0.043500
ThomsonGaz 0.030500 0.274800 0.062600 0.238300 0.029800 0.036700 0.024000 0.023900 0.068900 0.042400 0.024200 0.061400 0.024300 0.030200 0.024000 0.017800 0.066800 0.061000 0.036700 0.075000 0.024000 0.018000 0.048400 0.053900 0.018000 0.012000 0.024300 0.062600 0.011900 0.068700 0.048500 0.023900 0.048500 0.036500 0.036300 0.061000 0.018100 0.036200 0.029900 0.048700 0.042100 0.000000 0.042500 0.054800 0.054400 0.048700 0.030000 0.048600 0.048700 0.080600 0.055900 0.062600
MuntiacusC 0.036800 0.258600 0.043500 0.238400 0.036300 0.042500 0.042000 0.029800 0.049800 0.000000 0.030300 0.055200 0.030300 0.048700 0.030200 0.036200 0.035600 0.042400 0.030300 0.055800 0.042500 0.024000 0.005900 0.023800 0.024200 0.042100 0.030500 0.043500 0.030200 0.049600 0.005900 0.042600 0.018100 0.042700 0.042900 0.054600 0.024200 0.030100 0.035700 0.017900 0.000000 0.042500 0.000000 0.023800 0.048700 0.054800 0.048500 0.055200 0.054700 0.074300 0.049600 0.043500
WhiteTaile 0.049300 0.291300 0.056200 0.253300 0.048700 0.055600 0.054900 0.042200 0.049800 0.024000 0.042700 0.067800 0.042900 0.061300 0.042000 0.048600 0.060600 0.054800 0.042900 0.068700 0.054000 0.036500 0.030000 0.023800 0.036100 0.054100 0.042900 0.056200 0.042100 0.062400 0.030100 0.055100 0.042900 0.055200 0.054700 0.067400 0.036500 0.041800 0.048300 0.017800 0.024000 0.054800 0.023800 0.000000 0.061200 0.067300 0.060900 0.067800 0.067700 0.087200 0.062300 0.056200
Cattle 0.049400 0.266900 0.043500 0.216600 0.042600 0.055700 0.054900 0.054600 0.049800 0.048500 0.042500 0.006000 0.043000 0.048700 0.042600 0.048100 0.047600 0.042300 0.055600 0.030700 0.055000 0.049000 0.054700 0.061000 0.049000 0.055100 0.043000 0.043500 0.042600 0.049600 0.048700 0.042600 0.042900 0.042200 0.055600 0.005900 0.049000 0.061200 0.035900 0.055000 0.048700 0.054400 0.048700 0.061200 0.000000 0.054900 0.060900 0.080700 0.030200 0.087100 0.049600 0.043500
RoyalAntel 0.043000 0.274600 0.075600 0.238900 0.042500 0.036700 0.048200 0.036100 0.082000 0.054100 0.048900 0.061400 0.036700 0.041700 0.036000 0.042400 0.092200 0.086400 0.049100 0.075100 0.048000 0.042700 0.060800 0.054100 0.042700 0.048800 0.036700 0.075600 0.035900 0.081700 0.061000 0.048800 0.074500 0.048900 0.036700 0.061100 0.042700 0.048000 0.042100 0.054900 0.054800 0.048700 0.054800 0.067300 0.054900 0.000000 0.054600 0.074200 0.061300 0.093400 0.068700 0.075600
Steenbok 0.036400 0.282000 0.068800 0.230400 0.036200 0.042800 0.029800 0.029900 0.075200 0.047700 0.030200 0.067500 0.030400 0.036200 0.030100 0.023800 0.072900 0.067100 0.042800 0.081200 0.029800 0.024100 0.053900 0.060200 0.024100 0.030200 0.030400 0.068800 0.018000 0.062100 0.054300 0.029700 0.055200 0.042100 0.042800 0.067100 0.024000 0.041600 0.035900 0.054500 0.048400 0.030000 0.048500 0.060900 0.060900 0.054600 0.000000 0.042300 0.054100 0.086800 0.062100 0.068800
Impala 0.043400 0.251800 0.076100 0.231500 0.042700 0.049600 0.049000 0.048300 0.082600 0.055200 0.036700 0.074500 0.037100 0.055300 0.036500 0.042700 0.067300 0.074100 0.049400 0.088700 0.049000 0.030600 0.061200 0.055000 0.030300 0.049100 0.036900 0.076100 0.036600 0.069200 0.061500 0.048800 0.062200 0.049300 0.049600 0.087000 0.030600 0.048900 0.054800 0.061600 0.055200 0.048600 0.055200 0.067800 0.080700 0.074200 0.042300 0.000000 0.074500 0.094200 0.069200 0.076100
Klipspring 0.043200 0.274500 0.062900 0.232400 0.048900 0.049500 0.048900 0.048600 0.069300 0.055100 0.036600 0.036500 0.036800 0.042000 0.048500 0.042600 0.067100 0.061200 0.062100 0.062400 0.048200 0.042900 0.061100 0.067400 0.042900 0.048000 0.036800 0.062900 0.036500 0.069100 0.055000 0.036000 0.061900 0.036600 0.049400 0.023700 0.042700 0.055000 0.042000 0.061500 0.055100 0.048700 0.054700 0.067700 0.030200 0.061300 0.054100 0.074500 0.000000 0.094100 0.056200 0.062900
ForestMusk 0.075300 0.308600 0.082100 0.278400 0.074400 0.081700 0.080800 0.080300 0.088600 0.074300 0.068300 0.094000 0.068700 0.087400 0.068000 0.074300 0.086300 0.080500 0.081700 0.094700 0.068000 0.062000 0.080400 0.086800 0.062000 0.081000 0.068700 0.082100 0.068100 0.088300 0.080700 0.081000 0.068500 0.081200 0.081700 0.093500 0.062000 0.080600 0.073800 0.074500 0.074300 0.080600 0.074300 0.087200 0.087100 0.093400 0.086800 0.094200 0.094100 0.000000 0.075200 0.082100
Bushbuck 0.037600 0.279700 0.006200 0.235200 0.049600 0.043900 0.056000 0.055700 0.012400 0.049600 0.043500 0.056200 0.031100 0.062500 0.043400 0.049600 0.061700 0.055800 0.056600 0.018300 0.056000 0.037300 0.055700 0.062100 0.037300 0.056200 0.031100 0.006200 0.043400 0.012300 0.055900 0.056200 0.043700 0.043600 0.043800 0.055800 0.037300 0.055900 0.049200 0.056100 0.049600 0.055900 0.049600 0.062300 0.049600 0.068700 0.062100 0.069200 0.056200 0.075200 0.000000 0.006200
GreaterKud 0.044200 0.273200 0.000000 0.243800 0.056300 0.050500 0.062700 0.062300 0.006200 0.043500 0.050100 0.050100 0.037700 0.069300 0.049900 0.056200 0.055600 0.049700 0.050500 0.012300 0.062700 0.043800 0.049600 0.056000 0.043800 0.062900 0.037700 0.000000 0.050000 0.006200 0.049800 0.062900 0.037500 0.050200 0.050500 0.049800 0.043800 0.062500 0.055800 0.050000 0.043500 0.062600 0.043500 0.056200 0.043500 0.075600 0.068800 0.076100 0.062900 0.082100 0.006200 0.000000
