CODONML (in paml version 4.10.7, June 2023)  /home/rachel/ruminants_paml/6406-phy-tree/ENSBTAT00000028446.fasta.phy
Model: free dN/dS Ratios for branches,  kappa = 2.000 fixed

Codon frequency model: F3x4
ns =  54  ls =  87

Codon usage in sequences
--------------------------------------------------------------------------------------------------------------------------------------
Phe TTT   4   5   5   5   6   6 | Ser TCT   1   1   1   1   1   1 | Tyr TAT   3   3   2   2   2   3 | Cys TGT   1   1   1   1   1   1
    TTC   3   2   2   2   1   1 |     TCC   0   0   0   0   0   0 |     TAC   0   0   1   1   1   0 |     TGC   0   0   0   0   0   0
Leu TTA   1   1   1   1   1   1 |     TCA   2   2   2   2   2   2 | *** TAA   0   0   0   0   0   0 | *** TGA   0   0   0   0   0   0
    TTG   1   1   2   1   1   1 |     TCG   0   0   0   0   0   0 |     TAG   0   0   0   0   0   0 | Trp TGG   0   0   0   0   0   0
--------------------------------------------------------------------------------------------------------------------------------------
Leu CTT   3   3   3   2   2   3 | Pro CCT   1   1   1   1   1   1 | His CAT   3   3   3   3   3   2 | Arg CGT   0   1   0   0   1   1
    CTC   3   3   3   4   3   2 |     CCC   0   0   0   0   0   0 |     CAC   0   0   0   0   0   1 |     CGC   1   0   1   1   0   0
    CTA   0   1   1   1   0   0 |     CCA   3   3   3   3   3   2 | Gln CAA   1   0   2   1   1   1 |     CGA   0   0   0   0   0   0
    CTG   3   2   1   2   4   4 |     CCG   0   0   0   0   0   1 |     CAG   2   3   1   2   2   2 |     CGG   1   1   1   1   1   1
--------------------------------------------------------------------------------------------------------------------------------------
Ile ATT   2   4   2   3   3   3 | Thr ACT   2   3   2   3   5   4 | Asn AAT   3   2   3   3   3   2 | Ser AGT   0   0   0   0   0   0
    ATC   2   0   2   1   1   1 |     ACC   2   2   2   2   1   2 |     AAC   0   1   0   0   0   1 |     AGC   0   0   0   0   0   0
    ATA   0   0   0   0   0   0 |     ACA   1   1   1   2   1   1 | Lys AAA   1   2   1   1   2   2 | Arg AGA   0   0   0   0   0   0
Met ATG   3   3   3   3   3   3 |     ACG   2   1   2   0   0   0 |     AAG   2   1   2   2   1   1 |     AGG   1   1   1   1   1   1
--------------------------------------------------------------------------------------------------------------------------------------
Val GTT   2   1   2   3   2   2 | Ala GCT   2   1   2   2   2   2 | Asp GAT   3   3   3   3   3   3 | Gly GGT   1   1   1   1   1   1
    GTC   3   4   3   2   2   2 |     GCC   2   3   2   2   2   3 |     GAC   0   0   0   0   0   0 |     GGC   1   1   1   1   1   1
    GTA   0   0   0   0   0   1 |     GCA   3   5   4   4   4   4 | Glu GAA   4   5   4   5   5   5 |     GGA   1   1   1   1   1   1
    GTG   2   2   2   2   3   2 |     GCG   2   0   1   1   1   0 |     GAG   3   2   3   2   2   2 |     GGG   0   0   0   0   0   0
--------------------------------------------------------------------------------------------------------------------------------------

--------------------------------------------------------------------------------------------------------------------------------------
Phe TTT   5   4   5   5   5   5 | Ser TCT   1   1   1   1   1   1 | Tyr TAT   2   3   2   2   2   2 | Cys TGT   1   1   1   1   1   1
    TTC   2   3   2   2   2   2 |     TCC   0   0   0   0   0   0 |     TAC   1   0   1   1   1   1 |     TGC   0   0   0   0   0   0
Leu TTA   1   1   1   1   1   1 |     TCA   2   2   2   2   2   2 | *** TAA   0   0   0   0   0   0 | *** TGA   0   0   0   0   0   0
    TTG   1   1   1   1   2   1 |     TCG   0   0   0   0   0   0 |     TAG   0   0   0   0   0   0 | Trp TGG   0   0   0   0   0   0
--------------------------------------------------------------------------------------------------------------------------------------
Leu CTT   3   3   3   3   3   4 | Pro CCT   1   1   1   1   1   2 | His CAT   3   3   3   3   3   3 | Arg CGT   0   0   0   0   0   0
    CTC   3   3   3   3   3   2 |     CCC   0   0   0   0   0   0 |     CAC   0   0   0   0   0   0 |     CGC   1   1   1   1   1   1
    CTA   0   0   0   0   1   1 |     CCA   3   3   3   3   3   2 | Gln CAA   1   1   0   1   2   1 |     CGA   0   0   0   0   0   0
    CTG   3   3   3   3   1   2 |     CCG   0   0   0   0   0   0 |     CAG   2   2   3   2   1   2 |     CGG   1   1   1   1   1   1
--------------------------------------------------------------------------------------------------------------------------------------
Ile ATT   2   2   2   2   2   2 | Thr ACT   2   2   2   2   2   3 | Asn AAT   3   3   3   3   3   3 | Ser AGT   0   0   0   0   0   0
    ATC   2   2   2   2   2   2 |     ACC   2   2   2   2   2   2 |     AAC   0   0   0   0   0   0 |     AGC   0   0   0   0   0   0
    ATA   0   0   0   0   0   0 |     ACA   1   1   3   1   1   1 | Lys AAA   1   1   1   1   1   1 | Arg AGA   0   0   0   0   0   0
Met ATG   3   3   3   3   3   3 |     ACG   2   2   1   2   2   1 |     AAG   2   2   2   2   2   2 |     AGG   1   1   1   1   1   1
--------------------------------------------------------------------------------------------------------------------------------------
Val GTT   2   2   2   2   2   2 | Ala GCT   2   2   2   2   2   2 | Asp GAT   3   3   3   3   3   3 | Gly GGT   1   1   1   1   1   1
    GTC   3   3   3   3   3   3 |     GCC   2   2   2   2   2   2 |     GAC   0   0   0   0   0   0 |     GGC   1   1   1   1   1   1
    GTA   0   0   0   1   0   1 |     GCA   3   4   3   3   3   4 | Glu GAA   4   4   5   4   4   4 |     GGA   1   1   1   1   1   1
    GTG   2   2   2   1   2   1 |     GCG   2   1   1   2   2   1 |     GAG   3   3   2   3   3   3 |     GGG   0   0   0   0   0   0
--------------------------------------------------------------------------------------------------------------------------------------

--------------------------------------------------------------------------------------------------------------------------------------
Phe TTT   5   4   5   5   5   5 | Ser TCT   1   1   1   1   1   1 | Tyr TAT   2   3   3   2   2   2 | Cys TGT   1   1   1   1   1   1
    TTC   2   3   2   2   2   2 |     TCC   0   0   0   0   0   0 |     TAC   1   0   0   1   1   1 |     TGC   0   0   0   0   0   0
Leu TTA   1   1   1   1   1   1 |     TCA   2   2   2   2   2   2 | *** TAA   0   0   0   0   0   0 | *** TGA   0   0   0   0   0   0
    TTG   1   2   1   1   1   1 |     TCG   0   0   0   0   0   0 |     TAG   0   0   0   0   0   0 | Trp TGG   0   0   0   0   0   0
--------------------------------------------------------------------------------------------------------------------------------------
Leu CTT   3   3   3   3   3   3 | Pro CCT   1   1   1   1   1   1 | His CAT   3   2   3   3   3   3 | Arg CGT   0   0   0   0   0   0
    CTC   3   3   3   3   3   3 |     CCC   0   0   0   1   0   0 |     CAC   0   1   0   0   0   0 |     CGC   1   1   1   1   1   1
    CTA   0   1   0   0   1   0 |     CCA   3   3   3   2   3   3 | Gln CAA   1   1   1   1   1   1 |     CGA   0   0   0   0   0   0
    CTG   3   1   3   3   2   3 |     CCG   0   0   0   0   0   0 |     CAG   2   2   2   2   2   2 |     CGG   1   1   1   1   1   1
--------------------------------------------------------------------------------------------------------------------------------------
Ile ATT   2   2   2   2   3   2 | Thr ACT   2   2   2   2   2   2 | Asn AAT   3   3   3   3   3   3 | Ser AGT   0   0   0   0   0   0
    ATC   2   2   2   2   1   2 |     ACC   2   2   2   2   2   2 |     AAC   0   0   0   0   0   0 |     AGC   0   0   0   0   0   0
    ATA   0   0   0   0   0   0 |     ACA   1   1   1   1   1   1 | Lys AAA   1   1   1   1   1   1 | Arg AGA   0   0   0   0   0   0
Met ATG   3   3   3   3   3   3 |     ACG   2   2   2   2   2   2 |     AAG   2   2   2   2   2   2 |     AGG   1   1   1   1   1   1
--------------------------------------------------------------------------------------------------------------------------------------
Val GTT   2   2   2   2   2   2 | Ala GCT   2   2   2   2   2   2 | Asp GAT   3   3   3   3   3   3 | Gly GGT   1   1   1   1   1   1
    GTC   3   3   3   3   3   3 |     GCC   2   2   2   2   2   2 |     GAC   0   0   0   0   0   0 |     GGC   1   1   1   1   1   1
    GTA   0   0   0   0   0   0 |     GCA   3   3   3   4   3   3 | Glu GAA   4   4   4   4   3   4 |     GGA   1   1   1   1   1   1
    GTG   2   2   2   2   2   2 |     GCG   2   2   2   1   2   2 |     GAG   3   3   3   3   4   3 |     GGG   0   0   0   0   0   0
--------------------------------------------------------------------------------------------------------------------------------------

--------------------------------------------------------------------------------------------------------------------------------------
Phe TTT   5   5   5   5   5   5 | Ser TCT   1   1   1   1   1   1 | Tyr TAT   2   2   2   2   2   2 | Cys TGT   1   1   1   1   1   1
    TTC   2   2   2   2   2   2 |     TCC   0   0   0   0   0   0 |     TAC   1   1   1   1   1   1 |     TGC   0   0   0   0   0   0
Leu TTA   1   1   1   1   1   2 |     TCA   2   2   2   2   2   2 | *** TAA   0   0   0   0   0   0 | *** TGA   0   0   0   0   0   0
    TTG   1   1   1   1   1   0 |     TCG   0   0   0   0   0   0 |     TAG   0   0   0   0   0   0 | Trp TGG   0   0   0   0   0   0
--------------------------------------------------------------------------------------------------------------------------------------
Leu CTT   5   4   3   3   3   3 | Pro CCT   1   1   1   1   1   1 | His CAT   3   3   3   3   3   3 | Arg CGT   0   0   0   0   0   0
    CTC   2   3   3   3   3   3 |     CCC   0   0   0   0   0   0 |     CAC   0   0   0   0   0   0 |     CGC   1   1   1   1   1   1
    CTA   0   0   0   0   0   0 |     CCA   3   3   3   3   3   3 | Gln CAA   1   1   1   2   1   1 |     CGA   0   0   0   0   0   0
    CTG   2   2   3   3   3   3 |     CCG   0   0   0   0   0   0 |     CAG   2   2   2   1   2   2 |     CGG   1   1   1   1   1   1
--------------------------------------------------------------------------------------------------------------------------------------
Ile ATT   1   1   2   2   2   2 | Thr ACT   3   3   2   2   2   2 | Asn AAT   3   3   3   3   3   3 | Ser AGT   0   0   0   0   0   0
    ATC   3   3   2   2   2   2 |     ACC   2   2   2   2   2   2 |     AAC   0   0   0   0   0   0 |     AGC   0   0   0   0   0   0
    ATA   0   0   0   0   0   0 |     ACA   1   1   1   1   1   1 | Lys AAA   1   1   1   1   1   1 | Arg AGA   0   0   0   0   0   0
Met ATG   3   3   3   3   3   3 |     ACG   1   1   2   2   2   2 |     AAG   2   2   2   2   2   2 |     AGG   1   1   1   1   1   1
--------------------------------------------------------------------------------------------------------------------------------------
Val GTT   2   2   2   2   2   2 | Ala GCT   2   2   2   2   2   2 | Asp GAT   3   3   3   3   3   3 | Gly GGT   1   1   1   1   1   1
    GTC   3   3   3   3   3   3 |     GCC   2   2   2   2   2   2 |     GAC   0   0   0   0   0   0 |     GGC   1   1   1   1   1   1
    GTA   0   0   0   0   0   0 |     GCA   4   4   3   3   3   3 | Glu GAA   4   4   4   4   4   4 |     GGA   1   1   1   1   1   1
    GTG   2   2   2   2   2   2 |     GCG   1   1   2   2   2   2 |     GAG   3   3   3   3   3   3 |     GGG   0   0   0   0   0   0
--------------------------------------------------------------------------------------------------------------------------------------

--------------------------------------------------------------------------------------------------------------------------------------
Phe TTT   5   5   5   5   5   5 | Ser TCT   1   1   1   1   1   1 | Tyr TAT   2   2   2   2   3   3 | Cys TGT   1   1   1   1   1   1
    TTC   2   2   2   2   2   2 |     TCC   0   0   0   0   0   0 |     TAC   1   1   1   1   0   0 |     TGC   0   0   0   0   0   0
Leu TTA   1   1   1   1   1   1 |     TCA   2   2   2   2   2   2 | *** TAA   0   0   0   0   0   0 | *** TGA   0   0   0   0   0   0
    TTG   1   1   1   1   2   2 |     TCG   0   0   0   0   0   0 |     TAG   0   0   0   0   0   0 | Trp TGG   0   0   0   0   0   0
--------------------------------------------------------------------------------------------------------------------------------------
Leu CTT   3   3   3   3   3   3 | Pro CCT   1   1   1   1   1   1 | His CAT   3   3   3   3   3   3 | Arg CGT   0   0   0   0   0   0
    CTC   3   3   3   3   3   3 |     CCC   0   0   0   0   0   0 |     CAC   0   0   0   0   0   0 |     CGC   1   1   1   1   1   1
    CTA   0   0   0   0   0   1 |     CCA   3   2   3   3   3   3 | Gln CAA   1   0   1   1   1   2 |     CGA   0   0   0   0   0   0
    CTG   3   3   3   3   2   1 |     CCG   0   1   0   0   0   0 |     CAG   2   3   2   2   2   1 |     CGG   1   1   1   1   1   1
--------------------------------------------------------------------------------------------------------------------------------------
Ile ATT   3   2   2   2   2   2 | Thr ACT   3   2   2   2   2   2 | Asn AAT   3   3   3   3   3   3 | Ser AGT   0   0   0   0   0   0
    ATC   1   2   2   2   2   2 |     ACC   2   3   2   2   2   2 |     AAC   0   0   0   0   0   0 |     AGC   0   0   0   0   0   0
    ATA   0   0   0   0   0   0 |     ACA   1   1   1   1   1   1 | Lys AAA   1   1   1   1   1   1 | Arg AGA   0   0   0   0   0   0
Met ATG   3   3   3   3   3   3 |     ACG   1   1   2   2   2   2 |     AAG   2   2   2   2   2   2 |     AGG   1   1   1   1   1   1
--------------------------------------------------------------------------------------------------------------------------------------
Val GTT   2   2   2   2   2   2 | Ala GCT   2   2   2   3   3   2 | Asp GAT   3   3   3   3   3   3 | Gly GGT   1   1   1   1   1   1
    GTC   3   3   3   3   3   3 |     GCC   2   2   2   2   1   2 |     GAC   0   0   0   0   0   0 |     GGC   1   1   1   1   1   1
    GTA   1   1   0   0   0   0 |     GCA   3   3   3   3   3   2 | Glu GAA   4   4   4   4   4   4 |     GGA   1   1   1   1   1   1
    GTG   1   1   2   2   2   2 |     GCG   2   2   2   1   2   3 |     GAG   3   3   3   3   3   3 |     GGG   0   0   0   0   0   0
--------------------------------------------------------------------------------------------------------------------------------------

--------------------------------------------------------------------------------------------------------------------------------------
Phe TTT   5   5   5   5   5   5 | Ser TCT   1   1   1   1   1   1 | Tyr TAT   2   2   2   2   2   3 | Cys TGT   1   1   1   1   1   1
    TTC   2   2   2   2   2   2 |     TCC   0   0   0   0   0   0 |     TAC   1   1   1   1   1   0 |     TGC   0   0   0   0   0   0
Leu TTA   1   1   1   1   1   1 |     TCA   2   2   2   2   2   2 | *** TAA   0   0   0   0   0   0 | *** TGA   0   0   0   0   0   0
    TTG   1   2   1   1   1   1 |     TCG   0   0   0   0   0   0 |     TAG   0   0   0   0   0   0 | Trp TGG   0   0   0   0   0   0
--------------------------------------------------------------------------------------------------------------------------------------
Leu CTT   3   3   4   3   4   3 | Pro CCT   1   1   2   1   1   1 | His CAT   3   3   3   3   3   3 | Arg CGT   0   0   0   0   0   0
    CTC   3   3   2   3   2   3 |     CCC   0   0   0   1   0   0 |     CAC   0   0   0   0   0   0 |     CGC   1   1   1   1   1   1
    CTA   1   1   1   0   0   0 |     CCA   3   3   2   2   3   3 | Gln CAA   1   2   1   1   1   1 |     CGA   0   0   0   0   0   0
    CTG   2   1   2   3   3   3 |     CCG   0   0   0   0   0   0 |     CAG   2   1   2   2   2   2 |     CGG   1   1   1   1   1   1
--------------------------------------------------------------------------------------------------------------------------------------
Ile ATT   2   2   2   2   1   2 | Thr ACT   2   2   3   2   2   2 | Asn AAT   3   3   3   3   3   3 | Ser AGT   0   0   0   0   0   0
    ATC   2   2   2   2   3   2 |     ACC   2   2   2   2   2   2 |     AAC   0   0   0   0   0   0 |     AGC   0   0   0   0   0   0
    ATA   0   0   0   0   0   0 |     ACA   1   2   1   1   1   1 | Lys AAA   1   1   1   1   1   1 | Arg AGA   0   0   0   0   0   0
Met ATG   3   3   3   3   3   3 |     ACG   2   1   1   2   2   2 |     AAG   2   2   2   2   2   2 |     AGG   1   1   1   1   1   1
--------------------------------------------------------------------------------------------------------------------------------------
Val GTT   2   2   2   2   2   2 | Ala GCT   2   2   2   2   2   2 | Asp GAT   3   3   3   3   3   3 | Gly GGT   1   1   1   1   1   1
    GTC   3   3   3   3   3   3 |     GCC   2   2   2   2   2   2 |     GAC   0   0   0   0   0   0 |     GGC   1   1   1   1   1   1
    GTA   0   0   1   0   0   0 |     GCA   3   3   4   4   5   3 | Glu GAA   4   4   4   4   4   4 |     GGA   1   1   1   1   1   1
    GTG   2   2   1   2   2   2 |     GCG   2   2   1   1   0   2 |     GAG   3   3   3   3   3   3 |     GGG   0   0   0   0   0   0
--------------------------------------------------------------------------------------------------------------------------------------

--------------------------------------------------------------------------------------------------------------------------------------
Phe TTT   5   4   5   5   5   5 | Ser TCT   1   1   1   1   1   1 | Tyr TAT   3   3   3   2   2   2 | Cys TGT   1   1   1   1   1   1
    TTC   2   3   2   2   2   2 |     TCC   0   0   0   0   0   0 |     TAC   0   0   0   1   1   1 |     TGC   0   0   0   0   0   0
Leu TTA   1   1   1   1   1   1 |     TCA   2   2   2   2   2   2 | *** TAA   0   0   0   0   0   0 | *** TGA   0   0   0   0   0   0
    TTG   1   2   1   1   1   1 |     TCG   0   0   0   0   0   0 |     TAG   0   0   0   0   0   0 | Trp TGG   0   0   0   0   0   0
--------------------------------------------------------------------------------------------------------------------------------------
Leu CTT   3   3   3   3   3   3 | Pro CCT   1   1   1   1   1   1 | His CAT   3   3   3   3   3   3 | Arg CGT   0   0   0   0   0   0
    CTC   3   3   3   3   3   3 |     CCC   0   0   0   0   0   0 |     CAC   0   0   0   0   0   0 |     CGC   1   1   1   1   1   1
    CTA   0   0   0   0   0   0 |     CCA   3   3   3   3   3   3 | Gln CAA   1   1   1   1   1   1 |     CGA   0   0   0   0   0   0
    CTG   3   2   3   3   3   3 |     CCG   0   0   0   0   0   0 |     CAG   2   2   2   2   2   2 |     CGG   1   1   1   1   1   1
--------------------------------------------------------------------------------------------------------------------------------------
Ile ATT   2   3   2   2   2   2 | Thr ACT   2   2   2   3   3   3 | Asn AAT   3   3   3   3   3   3 | Ser AGT   0   0   0   0   0   0
    ATC   2   1   2   2   2   2 |     ACC   2   2   2   2   1   2 |     AAC   0   0   0   0   0   0 |     AGC   0   0   0   0   0   0
    ATA   0   0   0   0   0   0 |     ACA   1   1   0   0   1   1 | Lys AAA   1   1   1   1   1   1 | Arg AGA   0   0   0   0   0   0
Met ATG   3   3   3   3   3   3 |     ACG   2   2   3   2   2   1 |     AAG   2   2   2   2   2   2 |     AGG   1   1   1   1   1   1
--------------------------------------------------------------------------------------------------------------------------------------
Val GTT   2   2   2   2   2   2 | Ala GCT   2   3   2   2   2   2 | Asp GAT   3   3   3   3   3   3 | Gly GGT   1   1   1   1   1   1
    GTC   3   3   3   3   3   3 |     GCC   2   2   2   2   2   2 |     GAC   0   0   0   0   0   0 |     GGC   1   1   1   1   1   1
    GTA   0   0   0   0   0   1 |     GCA   3   3   3   4   3   3 | Glu GAA   4   4   4   4   4   4 |     GGA   1   1   1   1   1   1
    GTG   2   2   2   2   3   1 |     GCG   2   1   2   1   1   2 |     GAG   3   3   3   3   3   3 |     GGG   0   0   0   0   0   0
--------------------------------------------------------------------------------------------------------------------------------------

--------------------------------------------------------------------------------------------------------------------------------------
Phe TTT   5   5   5   5   4   5 | Ser TCT   1   1   1   1   1   1 | Tyr TAT   2   2   2   2   3   2 | Cys TGT   1   1   1   1   1   1
    TTC   2   2   2   2   3   2 |     TCC   0   0   0   0   0   0 |     TAC   1   1   1   1   0   1 |     TGC   0   0   0   0   0   0
Leu TTA   1   1   1   1   1   1 |     TCA   2   2   2   2   2   2 | *** TAA   0   0   0   0   0   0 | *** TGA   0   0   0   0   0   0
    TTG   1   1   1   1   2   1 |     TCG   0   0   0   0   0   0 |     TAG   0   0   0   0   0   0 | Trp TGG   0   0   0   0   0   0
--------------------------------------------------------------------------------------------------------------------------------------
Leu CTT   3   3   4   3   3   3 | Pro CCT   1   1   2   1   1   1 | His CAT   3   3   3   3   3   3 | Arg CGT   0   0   0   0   0   0
    CTC   3   3   2   3   3   3 |     CCC   0   0   0   0   0   0 |     CAC   0   0   0   0   0   0 |     CGC   1   1   1   1   1   1
    CTA   0   0   1   0   0   0 |     CCA   3   3   2   2   3   3 | Gln CAA   1   1   1   0   1   1 |     CGA   0   0   0   0   0   0
    CTG   3   3   2   3   2   3 |     CCG   0   0   0   1   0   0 |     CAG   2   2   2   3   2   2 |     CGG   1   1   1   1   1   1
--------------------------------------------------------------------------------------------------------------------------------------
Ile ATT   3   2   2   2   3   3 | Thr ACT   3   2   3   2   2   2 | Asn AAT   3   3   3   3   3   3 | Ser AGT   0   0   0   0   0   0
    ATC   1   2   2   2   1   1 |     ACC   2   2   2   3   2   2 |     AAC   0   0   0   0   0   0 |     AGC   0   0   0   0   0   0
    ATA   0   0   0   0   0   0 |     ACA   1   1   1   1   1   1 | Lys AAA   1   1   1   1   1   1 | Arg AGA   0   0   0   0   0   0
Met ATG   3   3   3   3   3   3 |     ACG   1   2   1   1   2   2 |     AAG   2   2   2   2   2   2 |     AGG   1   1   1   1   1   1
--------------------------------------------------------------------------------------------------------------------------------------
Val GTT   2   2   2   2   2   2 | Ala GCT   2   2   2   2   3   2 | Asp GAT   3   3   3   3   3   3 | Gly GGT   1   1   1   1   1   1
    GTC   3   3   3   3   3   3 |     GCC   2   2   2   2   2   2 |     GAC   0   0   0   0   0   0 |     GGC   1   1   1   1   1   1
    GTA   1   0   1   0   0   0 |     GCA   4   3   4   4   3   3 | Glu GAA   4   4   5   4   4   4 |     GGA   1   1   1   1   1   1
    GTG   1   2   1   1   2   2 |     GCG   1   2   1   2   1   2 |     GAG   3   3   2   3   3   3 |     GGG   0   0   0   0   0   0
--------------------------------------------------------------------------------------------------------------------------------------

--------------------------------------------------------------------------------------------------------------------------------------
Phe TTT   5   4   5   5   5   5 | Ser TCT   1   1   1   1   1   1 | Tyr TAT   2   2   1   2   2   2 | Cys TGT   1   1   1   1   1   1
    TTC   2   3   2   2   2   2 |     TCC   0   0   0   0   0   0 |     TAC   1   1   2   1   1   1 |     TGC   0   0   0   0   0   0
Leu TTA   1   1   1   1   1   1 |     TCA   2   2   2   2   2   2 | *** TAA   0   0   0   0   0   0 | *** TGA   0   0   0   0   0   0
    TTG   1   1   1   1   2   2 |     TCG   0   0   0   0   0   0 |     TAG   0   0   0   0   0   0 | Trp TGG   0   0   0   0   0   0
--------------------------------------------------------------------------------------------------------------------------------------
Leu CTT   3   3   3   2   3   3 | Pro CCT   1   1   1   1   1   1 | His CAT   3   3   3   3   3   3 | Arg CGT   0   0   0   0   0   0
    CTC   3   3   3   4   3   3 |     CCC   0   0   0   0   0   0 |     CAC   0   0   0   0   0   0 |     CGC   1   0   1   1   1   1
    CTA   0   0   0   1   1   1 |     CCA   3   3   3   3   2   3 | Gln CAA   1   1   1   1   2   2 |     CGA   0   1   0   0   0   0
    CTG   3   3   3   2   1   1 |     CCG   0   0   0   0   1   0 |     CAG   2   2   2   2   1   1 |     CGG   1   1   1   1   1   1
--------------------------------------------------------------------------------------------------------------------------------------
Ile ATT   2   2   2   3   2   2 | Thr ACT   2   2   2   3   2   2 | Asn AAT   3   3   2   3   3   3 | Ser AGT   0   0   0   0   0   0
    ATC   2   2   2   1   2   2 |     ACC   2   2   2   2   2   2 |     AAC   0   0   1   0   0   0 |     AGC   0   0   0   0   0   0
    ATA   0   0   0   0   0   0 |     ACA   1   1   1   2   2   1 | Lys AAA   1   1   1   1   1   1 | Arg AGA   0   1   0   0   0   0
Met ATG   3   3   3   3   3   3 |     ACG   2   2   2   0   1   2 |     AAG   2   2   2   2   2   2 |     AGG   1   1   1   1   1   1
--------------------------------------------------------------------------------------------------------------------------------------
Val GTT   2   3   2   3   2   2 | Ala GCT   2   2   2   2   2   2 | Asp GAT   3   3   3   3   3   3 | Gly GGT   1   1   1   1   1   1
    GTC   2   2   3   2   3   3 |     GCC   2   2   2   2   2   2 |     GAC   0   0   0   0   0   0 |     GGC   1   1   1   1   1   1
    GTA   0   0   0   0   0   0 |     GCA   3   3   4   4   3   3 | Glu GAA   4   4   4   5   4   4 |     GGA   1   0   1   1   1   1
    GTG   3   2   2   2   2   2 |     GCG   2   2   1   1   2   2 |     GAG   3   3   3   2   3   3 |     GGG   0   0   0   0   0   0
--------------------------------------------------------------------------------------------------------------------------------------

Codon position x base (3x4) table for each sequence.

#1: Argali         
position  1:    T:0.18391    C:0.24138    A:0.24138    G:0.33333
position  2:    T:0.36782    C:0.26437    A:0.28736    G:0.08046
position  3:    T:0.35632    C:0.19540    A:0.19540    G:0.25287
Average         T:0.30268    C:0.23372    A:0.24138    G:0.22222

#2: LesserMouseDeer
position  1:    T:0.18391    C:0.24138    A:0.24138    G:0.33333
position  2:    T:0.36782    C:0.26437    A:0.28736    G:0.08046
position  3:    T:0.37931    C:0.18391    A:0.24138    G:0.19540
Average         T:0.31034    C:0.22989    A:0.25670    G:0.20307

#3: LesserKudu     
position  1:    T:0.19540    C:0.22989    A:0.24138    G:0.33333
position  2:    T:0.36782    C:0.26437    A:0.28736    G:0.08046
position  3:    T:0.35632    C:0.19540    A:0.22989    G:0.21839
Average         T:0.30651    C:0.22989    A:0.25287    G:0.21073

#4: ForestMuskDeer2
position  1:    T:0.18391    C:0.24138    A:0.24138    G:0.33333
position  2:    T:0.36782    C:0.26437    A:0.28736    G:0.08046
position  3:    T:0.37931    C:0.18391    A:0.24138    G:0.19540
Average         T:0.31034    C:0.22989    A:0.25670    G:0.20307

#5: Camel          
position  1:    T:0.18391    C:0.24138    A:0.24138    G:0.33333
position  2:    T:0.36782    C:0.26437    A:0.28736    G:0.08046
position  3:    T:0.41379    C:0.13793    A:0.22989    G:0.21839
Average         T:0.32184    C:0.21456    A:0.25287    G:0.21073

#6: KillerWhale    
position  1:    T:0.18391    C:0.24138    A:0.24138    G:0.33333
position  2:    T:0.36782    C:0.26437    A:0.28736    G:0.08046
position  3:    T:0.40230    C:0.16092    A:0.22989    G:0.20690
Average         T:0.31801    C:0.22222    A:0.25287    G:0.20690

#7: DefassaWaterbuck
position  1:    T:0.18391    C:0.24138    A:0.24138    G:0.33333
position  2:    T:0.36782    C:0.26437    A:0.28736    G:0.08046
position  3:    T:0.35632    C:0.19540    A:0.19540    G:0.25287
Average         T:0.30268    C:0.23372    A:0.24138    G:0.22222

#8: Sheep          
position  1:    T:0.18391    C:0.24138    A:0.24138    G:0.33333
position  2:    T:0.36782    C:0.26437    A:0.28736    G:0.08046
position  3:    T:0.35632    C:0.19540    A:0.20690    G:0.24138
Average         T:0.30268    C:0.23372    A:0.24521    G:0.21839

#9: MaxwellsDuiker 
position  1:    T:0.18391    C:0.24138    A:0.25287    G:0.32184
position  2:    T:0.36782    C:0.26437    A:0.28736    G:0.08046
position  3:    T:0.35632    C:0.19540    A:0.21839    G:0.22989
Average         T:0.30268    C:0.23372    A:0.25287    G:0.21073

#10: GazellaPrzewalskyi
position  1:    T:0.18391    C:0.24138    A:0.24138    G:0.33333
position  2:    T:0.36782    C:0.26437    A:0.28736    G:0.08046
position  3:    T:0.35632    C:0.19540    A:0.20690    G:0.24138
Average         T:0.30268    C:0.23372    A:0.24521    G:0.21839

#11: MountainNyala  
position  1:    T:0.19540    C:0.22989    A:0.24138    G:0.33333
position  2:    T:0.36782    C:0.26437    A:0.28736    G:0.08046
position  3:    T:0.35632    C:0.19540    A:0.21839    G:0.22989
Average         T:0.30651    C:0.22989    A:0.24904    G:0.21456

#12: MuntiacusMuntjak
position  1:    T:0.18391    C:0.24138    A:0.24138    G:0.33333
position  2:    T:0.36782    C:0.26437    A:0.28736    G:0.08046
position  3:    T:0.39080    C:0.18391    A:0.21839    G:0.20690
Average         T:0.31418    C:0.22989    A:0.24904    G:0.20690

#13: goat           
position  1:    T:0.18391    C:0.24138    A:0.24138    G:0.33333
position  2:    T:0.36782    C:0.26437    A:0.28736    G:0.08046
position  3:    T:0.35632    C:0.19540    A:0.19540    G:0.25287
Average         T:0.30268    C:0.23372    A:0.24138    G:0.22222

#14: AfricanBuffalo 
position  1:    T:0.19540    C:0.22989    A:0.24138    G:0.33333
position  2:    T:0.36782    C:0.26437    A:0.28736    G:0.08046
position  3:    T:0.34483    C:0.20690    A:0.20690    G:0.24138
Average         T:0.30268    C:0.23372    A:0.24521    G:0.21839

#15: Topi           
position  1:    T:0.18391    C:0.24138    A:0.24138    G:0.33333
position  2:    T:0.36782    C:0.26437    A:0.28736    G:0.08046
position  3:    T:0.36782    C:0.18391    A:0.19540    G:0.25287
Average         T:0.30651    C:0.22989    A:0.24138    G:0.22222

#16: CommonDuiker   
position  1:    T:0.18391    C:0.24138    A:0.24138    G:0.33333
position  2:    T:0.36782    C:0.26437    A:0.28736    G:0.08046
position  3:    T:0.35632    C:0.20690    A:0.19540    G:0.24138
Average         T:0.30268    C:0.23755    A:0.24138    G:0.21839

#17: Suni           
position  1:    T:0.18391    C:0.24138    A:0.24138    G:0.33333
position  2:    T:0.36782    C:0.26437    A:0.28736    G:0.08046
position  3:    T:0.36782    C:0.18391    A:0.19540    G:0.25287
Average         T:0.30651    C:0.22989    A:0.24138    G:0.22222

#18: Springbuck     
position  1:    T:0.18391    C:0.24138    A:0.24138    G:0.33333
position  2:    T:0.36782    C:0.26437    A:0.28736    G:0.08046
position  3:    T:0.35632    C:0.19540    A:0.19540    G:0.25287
Average         T:0.30268    C:0.23372    A:0.24138    G:0.22222

#19: Okapi          
position  1:    T:0.18391    C:0.24138    A:0.24138    G:0.33333
position  2:    T:0.36782    C:0.26437    A:0.28736    G:0.08046
position  3:    T:0.37931    C:0.19540    A:0.20690    G:0.21839
Average         T:0.31034    C:0.23372    A:0.24521    G:0.21073

#20: Giraffe        
position  1:    T:0.18391    C:0.24138    A:0.24138    G:0.33333
position  2:    T:0.36782    C:0.26437    A:0.28736    G:0.08046
position  3:    T:0.36782    C:0.20690    A:0.20690    G:0.21839
Average         T:0.30651    C:0.23755    A:0.24521    G:0.21073

#21: TibetanAntelope
position  1:    T:0.18391    C:0.24138    A:0.24138    G:0.33333
position  2:    T:0.36782    C:0.26437    A:0.28736    G:0.08046
position  3:    T:0.35632    C:0.19540    A:0.19540    G:0.25287
Average         T:0.30268    C:0.23372    A:0.24138    G:0.22222

#22: Sitatunga      
position  1:    T:0.18391    C:0.24138    A:0.24138    G:0.33333
position  2:    T:0.36782    C:0.26437    A:0.28736    G:0.08046
position  3:    T:0.35632    C:0.19540    A:0.20690    G:0.24138
Average         T:0.30268    C:0.23372    A:0.24521    G:0.21839

#23: Oribi          
position  1:    T:0.18391    C:0.24138    A:0.24138    G:0.33333
position  2:    T:0.36782    C:0.26437    A:0.28736    G:0.08046
position  3:    T:0.35632    C:0.19540    A:0.19540    G:0.25287
Average         T:0.30268    C:0.23372    A:0.24138    G:0.22222

#24: BarbarySheep   
position  1:    T:0.18391    C:0.24138    A:0.24138    G:0.33333
position  2:    T:0.36782    C:0.26437    A:0.28736    G:0.08046
position  3:    T:0.35632    C:0.19540    A:0.20690    G:0.24138
Average         T:0.30268    C:0.23372    A:0.24521    G:0.21839

#25: Daviddeer      
position  1:    T:0.18391    C:0.24138    A:0.24138    G:0.33333
position  2:    T:0.36782    C:0.26437    A:0.28736    G:0.08046
position  3:    T:0.37931    C:0.18391    A:0.20690    G:0.22989
Average         T:0.31034    C:0.22989    A:0.24521    G:0.21456

#26: Reindeer       
position  1:    T:0.18391    C:0.24138    A:0.24138    G:0.33333
position  2:    T:0.36782    C:0.26437    A:0.28736    G:0.08046
position  3:    T:0.35632    C:0.20690    A:0.18391    G:0.25287
Average         T:0.30268    C:0.23755    A:0.23755    G:0.22222

#27: Ibex           
position  1:    T:0.18391    C:0.24138    A:0.24138    G:0.33333
position  2:    T:0.36782    C:0.26437    A:0.28736    G:0.08046
position  3:    T:0.35632    C:0.19540    A:0.19540    G:0.25287
Average         T:0.30268    C:0.23372    A:0.24138    G:0.22222

#28: GyrantGazelle  
position  1:    T:0.18391    C:0.24138    A:0.24138    G:0.33333
position  2:    T:0.36782    C:0.26437    A:0.28736    G:0.08046
position  3:    T:0.36782    C:0.19540    A:0.19540    G:0.24138
Average         T:0.30651    C:0.23372    A:0.24138    G:0.21839

#29: Hartebeest     
position  1:    T:0.19540    C:0.22989    A:0.24138    G:0.33333
position  2:    T:0.36782    C:0.26437    A:0.28736    G:0.08046
position  3:    T:0.37931    C:0.17241    A:0.19540    G:0.25287
Average         T:0.31418    C:0.22222    A:0.24138    G:0.22222

#30: Bongo          
position  1:    T:0.19540    C:0.22989    A:0.24138    G:0.33333
position  2:    T:0.36782    C:0.26437    A:0.28736    G:0.08046
position  3:    T:0.36782    C:0.18391    A:0.20690    G:0.24138
Average         T:0.31034    C:0.22605    A:0.24521    G:0.21839

#31: Gerenuk        
position  1:    T:0.18391    C:0.24138    A:0.24138    G:0.33333
position  2:    T:0.36782    C:0.26437    A:0.28736    G:0.08046
position  3:    T:0.35632    C:0.19540    A:0.20690    G:0.24138
Average         T:0.30268    C:0.23372    A:0.24521    G:0.21839

#32: CommonEland    
position  1:    T:0.19540    C:0.22989    A:0.24138    G:0.33333
position  2:    T:0.36782    C:0.26437    A:0.28736    G:0.08046
position  3:    T:0.35632    C:0.19540    A:0.22989    G:0.21839
Average         T:0.30651    C:0.22989    A:0.25287    G:0.21073

#33: MuntiacusReevesi
position  1:    T:0.18391    C:0.24138    A:0.24138    G:0.33333
position  2:    T:0.36782    C:0.26437    A:0.28736    G:0.08046
position  3:    T:0.39080    C:0.18391    A:0.21839    G:0.20690
Average         T:0.31418    C:0.22989    A:0.24904    G:0.20690

#34: HarveysDuiker  
position  1:    T:0.18391    C:0.24138    A:0.24138    G:0.33333
position  2:    T:0.36782    C:0.26437    A:0.28736    G:0.08046
position  3:    T:0.35632    C:0.20690    A:0.19540    G:0.24138
Average         T:0.30268    C:0.23755    A:0.24138    G:0.21839

#35: Pronghorn      
position  1:    T:0.18391    C:0.24138    A:0.24138    G:0.33333
position  2:    T:0.36782    C:0.26437    A:0.28736    G:0.08046
position  3:    T:0.35632    C:0.19540    A:0.21839    G:0.22989
Average         T:0.30268    C:0.23372    A:0.24904    G:0.21456

#36: BlueWildebeest 
position  1:    T:0.18391    C:0.24138    A:0.24138    G:0.33333
position  2:    T:0.36782    C:0.26437    A:0.28736    G:0.08046
position  3:    T:0.36782    C:0.18391    A:0.19540    G:0.25287
Average         T:0.30651    C:0.22989    A:0.24138    G:0.22222

#37: Gemsbok        
position  1:    T:0.18391    C:0.24138    A:0.24138    G:0.33333
position  2:    T:0.36782    C:0.26437    A:0.28736    G:0.08046
position  3:    T:0.36782    C:0.18391    A:0.19540    G:0.25287
Average         T:0.30651    C:0.22989    A:0.24138    G:0.22222

#38: Yak            
position  1:    T:0.19540    C:0.22989    A:0.24138    G:0.33333
position  2:    T:0.36782    C:0.26437    A:0.28736    G:0.08046
position  3:    T:0.37931    C:0.18391    A:0.19540    G:0.24138
Average         T:0.31418    C:0.22605    A:0.24138    G:0.21839

#39: BlueSheep      
position  1:    T:0.18391    C:0.24138    A:0.24138    G:0.33333
position  2:    T:0.36782    C:0.26437    A:0.28736    G:0.08046
position  3:    T:0.36782    C:0.18391    A:0.18391    G:0.26437
Average         T:0.30651    C:0.22989    A:0.23755    G:0.22605

#40: BohorReedbuck  
position  1:    T:0.18391    C:0.24138    A:0.24138    G:0.33333
position  2:    T:0.36782    C:0.26437    A:0.28736    G:0.08046
position  3:    T:0.36782    C:0.19540    A:0.19540    G:0.24138
Average         T:0.30651    C:0.23372    A:0.24138    G:0.21839

#41: KirksDik       
position  1:    T:0.18391    C:0.24138    A:0.24138    G:0.33333
position  2:    T:0.37931    C:0.25287    A:0.28736    G:0.08046
position  3:    T:0.36782    C:0.18391    A:0.19540    G:0.25287
Average         T:0.31034    C:0.22605    A:0.24138    G:0.22222

#42: RoeDeer        
position  1:    T:0.18391    C:0.24138    A:0.24138    G:0.33333
position  2:    T:0.36782    C:0.26437    A:0.28736    G:0.08046
position  3:    T:0.36782    C:0.19540    A:0.20690    G:0.22989
Average         T:0.30651    C:0.23372    A:0.24521    G:0.21456

#43: WhiteLippedDeer
position  1:    T:0.18391    C:0.24138    A:0.24138    G:0.33333
position  2:    T:0.36782    C:0.26437    A:0.28736    G:0.08046
position  3:    T:0.37931    C:0.18391    A:0.21839    G:0.21839
Average         T:0.31034    C:0.22989    A:0.24904    G:0.21073

#44: ThomsonGazelle 
position  1:    T:0.18391    C:0.24138    A:0.24138    G:0.33333
position  2:    T:0.36782    C:0.26437    A:0.28736    G:0.08046
position  3:    T:0.35632    C:0.19540    A:0.19540    G:0.25287
Average         T:0.30268    C:0.23372    A:0.24138    G:0.22222

#45: MuntiacusCrinifrons
position  1:    T:0.18391    C:0.24138    A:0.24138    G:0.33333
position  2:    T:0.36782    C:0.26437    A:0.28736    G:0.08046
position  3:    T:0.39080    C:0.18391    A:0.22989    G:0.19540
Average         T:0.31418    C:0.22989    A:0.25287    G:0.20307

#46: WhiteTailedDeer
position  1:    T:0.18391    C:0.24138    A:0.24138    G:0.33333
position  2:    T:0.35632    C:0.27586    A:0.28736    G:0.08046
position  3:    T:0.35632    C:0.20690    A:0.18391    G:0.25287
Average         T:0.29885    C:0.24138    A:0.23755    G:0.22222

#47: Cattle         
position  1:    T:0.19540    C:0.22989    A:0.24138    G:0.33333
position  2:    T:0.36782    C:0.26437    A:0.28736    G:0.08046
position  3:    T:0.37931    C:0.18391    A:0.19540    G:0.24138
Average         T:0.31418    C:0.22605    A:0.24138    G:0.21839

#48: RoyalAntelope  
position  1:    T:0.18391    C:0.24138    A:0.24138    G:0.33333
position  2:    T:0.36782    C:0.26437    A:0.28736    G:0.08046
position  3:    T:0.36782    C:0.18391    A:0.19540    G:0.25287
Average         T:0.30651    C:0.22989    A:0.24138    G:0.22222

#49: Steenbok       
position  1:    T:0.18391    C:0.24138    A:0.24138    G:0.33333
position  2:    T:0.36782    C:0.26437    A:0.28736    G:0.08046
position  3:    T:0.35632    C:0.18391    A:0.19540    G:0.26437
Average         T:0.30268    C:0.22989    A:0.24138    G:0.22605

#50: Impala         
position  1:    T:0.18391    C:0.24138    A:0.25287    G:0.32184
position  2:    T:0.36782    C:0.26437    A:0.28736    G:0.08046
position  3:    T:0.35632    C:0.18391    A:0.20690    G:0.25287
Average         T:0.30268    C:0.22989    A:0.24904    G:0.21839

#51: Klipspringer   
position  1:    T:0.18391    C:0.24138    A:0.24138    G:0.33333
position  2:    T:0.36782    C:0.26437    A:0.28736    G:0.08046
