1
52 1
Argali 0.000000 0.173600 0.030000 0.181900 0.040300 0.009900 0.020100 0.041100 0.030000 0.040200 0.010100 0.020100 0.020200 0.040300 0.030500 0.051100 0.061400 0.062400 0.010000 0.030000 0.040800 0.020100 0.050900 0.071600 0.020000 0.062400 0.020200 0.030000 0.051900 0.030400 0.040200 0.030000 0.060900 0.020200 0.040400 0.020000 0.010000 0.030100 0.041600 0.103100 0.051000 0.041300 0.040200 0.071900 0.020100 0.106500 0.051400 0.040500 0.094200 0.031000 0.040400 0.039800
LesserMous 0.173600 0.000000 0.184000 0.153500 0.172000 0.161500 0.149800 0.152800 0.160400 0.169000 0.163600 0.150600 0.150900 0.173000 0.164000 0.185800 0.137700 0.116800 0.161600 0.160500 0.175100 0.174000 0.138400 0.160200 0.173200 0.200600 0.150900 0.160700 0.176500 0.139000 0.169000 0.160600 0.172900 0.151000 0.149300 0.149400 0.162900 0.184400 0.153800 0.194600 0.138500 0.177100 0.169000 0.161100 0.150500 0.200100 0.187600 0.173500 0.236100 0.142000 0.149400 0.170500
LesserKudu 0.030000 0.184000 0.000000 0.168800 0.050400 0.040200 0.030000 0.051300 0.040000 0.050300 0.040700 0.030100 0.030200 0.050400 0.040700 0.061200 0.071500 0.072800 0.040200 0.040000 0.050900 0.050700 0.061200 0.081800 0.050500 0.072700 0.030200 0.040100 0.062000 0.040500 0.050300 0.039900 0.071000 0.030300 0.050500 0.029900 0.040500 0.040100 0.051800 0.113500 0.061200 0.051500 0.050300 0.082200 0.030100 0.117100 0.061600 0.050500 0.104600 0.041300 0.050500 0.049900
KillerWhal 0.181900 0.153500 0.168800 0.000000 0.180500 0.169300 0.152000 0.180000 0.168600 0.156000 0.166700 0.153700 0.153600 0.176600 0.166900 0.190100 0.103800 0.105700 0.169500 0.168600 0.178200 0.178200 0.120600 0.144200 0.177100 0.204900 0.153600 0.168500 0.179700 0.170000 0.156000 0.162200 0.175700 0.154000 0.175200 0.152500 0.166600 0.193200 0.155500 0.179700 0.121200 0.180400 0.156000 0.144400 0.154000 0.231200 0.191300 0.176600 0.242100 0.144400 0.157100 0.179300
DefassaWat 0.040300 0.172000 0.050400 0.180500 0.000000 0.030000 0.019900 0.030500 0.029900 0.068400 0.030400 0.020000 0.020000 0.040100 0.051300 0.040500 0.060900 0.062000 0.030100 0.029900 0.030300 0.040400 0.057700 0.071300 0.040300 0.051500 0.020000 0.029900 0.041100 0.033300 0.068400 0.029700 0.081800 0.020000 0.040200 0.019800 0.030300 0.009800 0.030800 0.102500 0.057500 0.030600 0.068400 0.071600 0.020000 0.105800 0.040700 0.040200 0.072000 0.030800 0.040200 0.039700
Sheep 0.009900 0.161500 0.040200 0.169300 0.030000 0.000000 0.010000 0.030600 0.019800 0.050500 0.000100 0.010000 0.010000 0.030000 0.041000 0.040600 0.050800 0.051600 0.000100 0.019800 0.030400 0.010000 0.040400 0.060900 0.009900 0.051600 0.010000 0.019900 0.041200 0.020100 0.050500 0.019900 0.071600 0.010000 0.030100 0.009900 0.000100 0.040300 0.030900 0.092100 0.040500 0.030700 0.050500 0.061200 0.010000 0.095100 0.040900 0.030100 0.083200 0.020500 0.030100 0.029700
MaxwellsDu 0.020100 0.149800 0.030000 0.152000 0.019900 0.010000 0.000000 0.020300 0.009800 0.040400 0.010100 0.000200 0.000200 0.020000 0.030700 0.030300 0.040400 0.041200 0.010000 0.009800 0.020100 0.020100 0.030300 0.050700 0.020000 0.041200 0.000200 0.009800 0.030700 0.010000 0.040400 0.009900 0.061200 0.000200 0.019900 0.000200 0.010000 0.030100 0.020500 0.081800 0.030300 0.020300 0.040400 0.050800 0.000200 0.084300 0.030500 0.020000 0.072600 0.010300 0.020000 0.019700
GazellaPrz 0.041100 0.152800 0.051300 0.180000 0.030500 0.030600 0.020300 0.000000 0.030400 0.062000 0.031000 0.020400 0.020500 0.041000 0.052500 0.030400 0.062400 0.063500 0.030700 0.030400 0.020300 0.041200 0.051700 0.072700 0.041100 0.041300 0.020500 0.030400 0.030900 0.030800 0.062000 0.030400 0.062200 0.020500 0.041000 0.020300 0.030900 0.041000 0.020600 0.104900 0.051800 0.020500 0.062000 0.073000 0.020400 0.108100 0.030700 0.020400 0.084800 0.031500 0.041000 0.040500
MountainNy 0.030000 0.160400 0.040000 0.168600 0.029900 0.019800 0.009800 0.030400 0.000000 0.050300 0.020100 0.009900 0.009900 0.029900 0.040800 0.040400 0.050500 0.051400 0.019900 0.000100 0.030200 0.030100 0.040300 0.060700 0.029900 0.051400 0.009900 0.000100 0.040900 0.020000 0.050300 0.019700 0.071200 0.009900 0.029800 0.009800 0.020000 0.040200 0.030800 0.091800 0.040300 0.030500 0.050300 0.060900 0.009900 0.094600 0.040600 0.030000 0.082700 0.020400 0.009900 0.009800
MuntiacusM 0.040200 0.169000 0.050300 0.156000 0.068400 0.050500 0.040400 0.062000 0.050300 0.000000 0.051200 0.040400 0.040600 0.060900 0.030300 0.072000 0.061100 0.040900 0.050600 0.050400 0.061600 0.061200 0.029800 0.049800 0.061100 0.083700 0.040600 0.050400 0.073000 0.050900 0.000000 0.050300 0.060500 0.040600 0.061000 0.040200 0.051000 0.057300 0.041200 0.080300 0.029800 0.062300 0.000000 0.050000 0.040400 0.105800 0.072400 0.061100 0.116000 0.040900 0.040200 0.049900
goat 0.010100 0.163600 0.040700 0.166700 0.030400 0.000100 0.010100 0.031000 0.020100 0.051200 0.000000 0.010100 0.010100 0.030400 0.041600 0.041100 0.051500 0.052400 0.000100 0.020100 0.030800 0.010100 0.041000 0.061800 0.010100 0.052300 0.010100 0.020100 0.041800 0.022700 0.051200 0.020100 0.072600 0.010100 0.030500 0.010000 0.000100 0.040900 0.031300 0.082600 0.041000 0.031200 0.051200 0.062000 0.010100 0.096500 0.041500 0.030600 0.084300 0.020800 0.030500 0.030000
AfricanBuf 0.020100 0.150600 0.030100 0.153700 0.020000 0.010000 0.000200 0.020400 0.009900 0.040400 0.010100 0.000000 0.000100 0.020000 0.030700 0.030400 0.040600 0.041300 0.010000 0.009900 0.020200 0.020100 0.030300 0.050800 0.020100 0.041300 0.000100 0.009900 0.030900 0.010100 0.040400 0.009900 0.061300 0.000100 0.020000 0.000100 0.010100 0.030200 0.020600 0.081900 0.030400 0.020500 0.040400 0.050900 0.000000 0.084500 0.030700 0.020100 0.072800 0.010300 0.020100 0.019800
Topi 0.020200 0.150900 0.030200 0.153600 0.020000 0.010000 0.000200 0.020500 0.009900 0.040600 0.010100 0.000100 0.000000 0.020100 0.030900 0.030500 0.040700 0.041300 0.010000 0.009900 0.020300 0.020200 0.030400 0.050800 0.020100 0.047900 0.000000 0.009900 0.030900 0.010700 0.040600 0.010000 0.061500 0.000000 0.020000 0.000100 0.010100 0.030300 0.020700 0.082200 0.030500 0.024300 0.040600 0.051000 0.000100 0.084800 0.030700 0.020100 0.073000 0.010300 0.020100 0.019800
CommonDuik 0.040300 0.173000 0.050400 0.176600 0.040100 0.030000 0.020000 0.041000 0.029900 0.060900 0.030400 0.020000 0.020100 0.000000 0.051500 0.050900 0.061200 0.062200 0.030100 0.029900 0.040700 0.040400 0.050800 0.071400 0.040300 0.062200 0.020100 0.029900 0.051700 0.030300 0.060900 0.009900 0.082200 0.020100 0.040200 0.019900 0.030300 0.050600 0.041400 0.102900 0.050800 0.041200 0.060900 0.071600 0.020000 0.106000 0.051300 0.040400 0.093900 0.030900 0.040300 0.039700
Suni 0.030500 0.164000 0.040700 0.166900 0.051300 0.041000 0.030700 0.052500 0.040800 0.030300 0.041600 0.030700 0.030900 0.051500 0.000000 0.062500 0.073100 0.052400 0.041100 0.040800 0.052100 0.051700 0.041000 0.061800 0.051600 0.074300 0.030900 0.040900 0.063500 0.041300 0.030300 0.040800 0.040700 0.030900 0.051500 0.030500 0.041400 0.040800 0.031400 0.093600 0.041100 0.052700 0.030300 0.062000 0.030700 0.096400 0.063100 0.051700 0.084600 0.020800 0.030500 0.050800
Springbuck 0.051100 0.185800 0.061200 0.190100 0.040500 0.040600 0.030300 0.030400 0.040400 0.072000 0.041100 0.030400 0.030500 0.050900 0.062500 0.000000 0.072300 0.073500 0.040600 0.040400 0.030200 0.051200 0.061700 0.082600 0.051000 0.051200 0.030500 0.040400 0.040900 0.044700 0.072000 0.040400 0.072000 0.030500 0.051000 0.030200 0.040900 0.051000 0.030700 0.114500 0.061800 0.030500 0.072000 0.082900 0.030400 0.095600 0.040600 0.030300 0.072900 0.041700 0.051000 0.050300
Okapi 0.061400 0.137700 0.071500 0.103800 0.060900 0.050800 0.040400 0.062400 0.050500 0.061100 0.051500 0.040600 0.040700 0.061200 0.073100 0.072300 0.000000 0.020000 0.050800 0.050500 0.061900 0.061500 0.030200 0.050600 0.061300 0.084000 0.040700 0.050600 0.073400 0.040400 0.061100 0.050500 0.090200 0.040700 0.055100 0.040400 0.051300 0.071700 0.062900 0.081800 0.030300 0.062600 0.061100 0.050800 0.040600 0.117100 0.072900 0.061400 0.116600 0.052300 0.061300 0.060400
Giraffe 0.062400 0.116800 0.072800 0.105700 0.062000 0.051600 0.041200 0.063500 0.051400 0.040900 0.052400 0.041300 0.041300 0.062200 0.052400 0.073500 0.020000 0.000000 0.051700 0.051400 0.063000 0.062600 0.010000 0.030500 0.062400 0.074200 0.041300 0.051400 0.074700 0.044000 0.040900 0.051400 0.069700 0.041300 0.057000 0.041000 0.052200 0.073000 0.042100 0.061500 0.010000 0.052600 0.040900 0.030500 0.041300 0.096100 0.074100 0.062500 0.118600 0.031500 0.041000 0.061400
TibetanAnt 0.010000 0.161600 0.040200 0.169500 0.030100 0.000100 0.010000 0.030700 0.019900 0.050600 0.000100 0.010000 0.010000 0.030100 0.041100 0.040600 0.050800 0.051700 0.000000 0.019900 0.030400 0.010000 0.040500 0.061000 0.009900 0.051700 0.010000 0.019900 0.041300 0.020100 0.050600 0.019900 0.071700 0.010000 0.030100 0.009900 0.000100 0.040400 0.031000 0.092300 0.040600 0.030800 0.050600 0.061300 0.010000 0.095300 0.040900 0.030200 0.083300 0.020600 0.030100 0.029700
Sitatunga 0.030000 0.160500 0.040000 0.168600 0.029900 0.019800 0.009800 0.030400 0.000100 0.050400 0.020100 0.009900 0.009900 0.029900 0.040800 0.040400 0.050500 0.051400 0.019900 0.000000 0.030200 0.030100 0.040300 0.060700 0.030000 0.051400 0.009900 0.000000 0.040900 0.020000 0.050400 0.019700 0.071300 0.009900 0.029900 0.009800 0.020000 0.040200 0.030800 0.091800 0.040400 0.030600 0.050400 0.060900 0.009900 0.093700 0.040600 0.030000 0.082700 0.020400 0.009900 0.009800
Oribi 0.040800 0.175100 0.050900 0.178200 0.030300 0.030400 0.020100 0.020300 0.030200 0.061600 0.030800 0.020200 0.020300 0.040700 0.052100 0.030200 0.061900 0.063000 0.030400 0.030200 0.000000 0.040900 0.051300 0.072200 0.040800 0.041000 0.020300 0.030200 0.030700 0.033400 0.061600 0.030200 0.061700 0.020300 0.040700 0.020100 0.030700 0.040700 0.020500 0.104000 0.051400 0.020300 0.061600 0.072500 0.020200 0.107200 0.030400 0.020200 0.084100 0.031200 0.040700 0.040100
BarbaryShe 0.020100 0.174000 0.050700 0.178200 0.040400 0.010000 0.020100 0.041200 0.030100 0.061200 0.010100 0.020100 0.020200 0.040400 0.051700 0.051200 0.061500 0.062600 0.010000 0.030100 0.040900 0.000000 0.051100 0.071800 0.020100 0.062600 0.020200 0.030100 0.052000 0.030400 0.061200 0.030100 0.082600 0.020200 0.040500 0.020000 0.010000 0.050900 0.041700 0.103400 0.051100 0.041400 0.061200 0.072100 0.020100 0.106600 0.051600 0.040600 0.094500 0.031100 0.040500 0.039900
Daviddeer 0.050900 0.138400 0.061200 0.120600 0.057700 0.040400 0.030300 0.051700 0.040300 0.029800 0.041000 0.030300 0.030400 0.050800 0.041000 0.061700 0.030200 0.010000 0.040500 0.040300 0.051300 0.051100 0.000000 0.019700 0.050900 0.073300 0.030400 0.040300 0.062600 0.040700 0.029800 0.040200 0.071700 0.030500 0.050800 0.030100 0.040800 0.068600 0.030900 0.049800 0.000100 0.051900 0.029800 0.019700 0.030300 0.095300 0.062200 0.051000 0.105600 0.030700 0.030200 0.050200
Reindeer 0.071600 0.160200 0.081800 0.144200 0.071300 0.060900 0.050700 0.072700 0.060700 0.049800 0.061800 0.050800 0.050800 0.071400 0.061800 0.082600 0.050600 0.030500 0.061000 0.060700 0.072200 0.071800 0.019700 0.000000 0.071500 0.094500 0.050800 0.060800 0.083900 0.065900 0.049800 0.060600 0.092600 0.050800 0.071400 0.050400 0.061500 0.082100 0.051800 0.069900 0.019800 0.073000 0.049800 0.019700 0.050700 0.116700 0.083200 0.071600 0.127000 0.051400 0.050400 0.070500
Ibex 0.020000 0.173200 0.050500 0.177100 0.040300 0.009900 0.020000 0.041100 0.029900 0.061100 0.010100 0.020100 0.020100 0.040300 0.051600 0.051000 0.061300 0.062400 0.009900 0.030000 0.040800 0.020100 0.050900 0.071500 0.000000 0.062300 0.020100 0.030000 0.051900 0.033800 0.061100 0.030000 0.082300 0.020100 0.040400 0.019900 0.010000 0.050700 0.041500 0.103100 0.051000 0.041300 0.061100 0.071800 0.020100 0.106300 0.051400 0.040500 0.094200 0.031000 0.040400 0.039800
GyrantGaze 0.062400 0.200600 0.072700 0.204900 0.051500 0.051600 0.041200 0.041300 0.051400 0.083700 0.052300 0.041300 0.047900 0.062200 0.074300 0.051200 0.084000 0.074200 0.051700 0.051400 0.041000 0.062600 0.073300 0.094500 0.062300 0.000000 0.047900 0.051400 0.052100 0.059000 0.083700 0.051400 0.083800 0.047200 0.062300 0.041000 0.052100 0.062300 0.041700 0.127200 0.073300 0.020500 0.083700 0.095000 0.041300 0.131400 0.051600 0.041200 0.107100 0.053100 0.062300 0.061400
Hartebeest 0.020200 0.150900 0.030200 0.153600 0.020000 0.010000 0.000200 0.020500 0.009900 0.040600 0.010100 0.000100 0.000000 0.020100 0.030900 0.030500 0.040700 0.041300 0.010000 0.009900 0.020300 0.020200 0.030400 0.050800 0.020100 0.047900 0.000000 0.009900 0.030900 0.010700 0.040600 0.010000 0.061500 0.000000 0.020000 0.000100 0.010100 0.030300 0.020700 0.082200 0.030500 0.024300 0.040600 0.051000 0.000100 0.084800 0.030700 0.020100 0.073000 0.010300 0.020100 0.019800
Bongo 0.030000 0.160700 0.040100 0.168500 0.029900 0.019900 0.009800 0.030400 0.000100 0.050400 0.020100 0.009900 0.009900 0.029900 0.040900 0.040400 0.050600 0.051400 0.019900 0.000000 0.030200 0.030100 0.040300 0.060800 0.030000 0.051400 0.009900 0.000000 0.040900 0.020000 0.050400 0.019700 0.071300 0.009900 0.029900 0.009800 0.020000 0.040200 0.030800 0.091900 0.040400 0.030600 0.050400 0.060900 0.009900 0.093700 0.040700 0.030000 0.082800 0.020500 0.009900 0.009800
Gerenuk 0.051900 0.176500 0.062000 0.179700 0.041100 0.041200 0.030700 0.030900 0.040900 0.073000 0.041800 0.030900 0.030900 0.051700 0.063500 0.040900 0.073400 0.074700 0.041300 0.040900 0.030700 0.052000 0.062600 0.083900 0.051900 0.052100 0.030900 0.040900 0.000000 0.044400 0.073000 0.040900 0.073200 0.030900 0.051800 0.030700 0.041600 0.051700 0.031200 0.116300 0.062700 0.031000 0.073000 0.084300 0.030900 0.120200 0.041300 0.030800 0.096300 0.042400 0.051800 0.051000
CommonElan 0.030400 0.139000 0.040500 0.170000 0.033300 0.020100 0.010000 0.030800 0.020000 0.050900 0.022700 0.010100 0.010700 0.030300 0.041300 0.044700 0.040400 0.044000 0.020100 0.020000 0.033400 0.030400 0.040700 0.065900 0.033800 0.059000 0.010700 0.020000 0.044400 0.000000 0.050900 0.020000 0.072100 0.010700 0.010500 0.010000 0.020300 0.044100 0.031100 0.092800 0.040800 0.036200 0.050900 0.065700 0.010100 0.073600 0.044700 0.033200 0.083700 0.020700 0.030300 0.029900
MuntiacusR 0.040200 0.169000 0.050300 0.156000 0.068400 0.050500 0.040400 0.062000 0.050300 0.000000 0.051200 0.040400 0.040600 0.060900 0.030300 0.072000 0.061100 0.040900 0.050600 0.050400 0.061600 0.061200 0.029800 0.049800 0.061100 0.083700 0.040600 0.050400 0.073000 0.050900 0.000000 0.050300 0.060500 0.040600 0.061000 0.040200 0.051000 0.057300 0.041200 0.080300 0.029800 0.062300 0.000000 0.050000 0.040400 0.105800 0.072400 0.061100 0.116000 0.040900 0.040200 0.049900
HarveysDui 0.030000 0.160600 0.039900 0.162200 0.029700 0.019900 0.009900 0.030400 0.019700 0.050300 0.020100 0.009900 0.010000 0.009900 0.040800 0.040400 0.050500 0.051400 0.019900 0.019700 0.030200 0.030100 0.040200 0.060600 0.030000 0.051400 0.010000 0.019700 0.040900 0.020000 0.050300 0.000000 0.071300 0.010000 0.029900 0.009900 0.020100 0.040100 0.030800 0.091800 0.040300 0.030500 0.050300 0.060800 0.009900 0.094600 0.040700 0.030000 0.082800 0.020400 0.029900 0.029500
Pronghorn 0.060900 0.172900 0.071000 0.175700 0.081800 0.071600 0.061200 0.062200 0.071200 0.060500 0.072600 0.061300 0.061500 0.082200 0.040700 0.072000 0.090200 0.069700 0.071700 0.071300 0.061700 0.082600 0.071700 0.092600 0.082300 0.083800 0.061500 0.071300 0.073200 0.072100 0.060500 0.071300 0.000000 0.061600 0.082300 0.060900 0.072300 0.071200 0.041400 0.124800 0.071800 0.062400 0.060500 0.092900 0.061300 0.128300 0.051400 0.061300 0.138800 0.051900 0.060900 0.081100
BlueWildeb 0.020200 0.151000 0.030300 0.154000 0.020000 0.010000 0.000200 0.020500 0.009900 0.040600 0.010100 0.000100 0.000000 0.020100 0.030900 0.030500 0.040700 0.041300 0.010000 0.009900 0.020300 0.020200 0.030500 0.050800 0.020100 0.047200 0.000000 0.009900 0.030900 0.010700 0.040600 0.010000 0.061600 0.000000 0.020100 0.000100 0.010100 0.030300 0.020700 0.082200 0.030500 0.023800 0.040600 0.051000 0.000100 0.084900 0.030700 0.020100 0.073000 0.010300 0.020200 0.019900
Gemsbok 0.040400 0.149300 0.050500 0.175200 0.040200 0.030100 0.019900 0.041000 0.029800 0.061000 0.030500 0.020000 0.020000 0.040200 0.051500 0.051000 0.055100 0.057000 0.030100 0.029900 0.040700 0.040500 0.050800 0.071400 0.040400 0.062300 0.020000 0.029900 0.051800 0.010500 0.061000 0.029900 0.082300 0.020100 0.000000 0.019900 0.030400 0.050700 0.041400 0.102900 0.050800 0.041200 0.061000 0.071700 0.020000 0.084200 0.051300 0.040400 0.094100 0.030900 0.040300 0.039800
Yak 0.020000 0.149400 0.029900 0.152500 0.019800 0.009900 0.000200 0.020300 0.009800 0.040200 0.010000 0.000100 0.000100 0.019900 0.030500 0.030200 0.040400 0.041000 0.009900 0.009800 0.020100 0.020000 0.030100 0.050400 0.019900 0.041000 0.000100 0.009800 0.030700 0.010000 0.040200 0.009900 0.060900 0.000100 0.019900 0.000000 0.010000 0.030000 0.020400 0.081300 0.030200 0.020300 0.040200 0.050600 0.000000 0.083900 0.030400 0.020000 0.072200 0.010200 0.019900 0.019600
BlueSheep 0.010000 0.162900 0.040500 0.166600 0.030300 0.000100 0.010000 0.030900 0.020000 0.051000 0.000100 0.010100 0.010100 0.030300 0.041400 0.040900 0.051300 0.052200 0.000100 0.020000 0.030700 0.010000 0.040800 0.061500 0.010000 0.052100 0.010100 0.020000 0.041600 0.020300 0.051000 0.020100 0.072300 0.010100 0.030400 0.010000 0.000000 0.040700 0.031200 0.093000 0.040900 0.031100 0.051000 0.061700 0.010100 0.096000 0.041300 0.030400 0.084000 0.020700 0.030400 0.029900
BohorReedb 0.030100 0.184400 0.040100 0.193200 0.009800 0.040300 0.030100 0.041000 0.040200 0.057300 0.040900 0.030200 0.030300 0.050600 0.040800 0.051000 0.071700 0.073000 0.040400 0.040200 0.040700 0.050900 0.068600 0.082100 0.050700 0.062300 0.030300 0.040200 0.051700 0.044100 0.057300 0.040100 0.071200 0.030300 0.050700 0.030000 0.040700 0.000000 0.041500 0.113700 0.068400 0.041200 0.057300 0.082500 0.030200 0.117500 0.051300 0.050700 0.083000 0.041500 0.050700 0.050000
KirksDik 0.041600 0.153800 0.051800 0.155500 0.030800 0.030900 0.020500 0.020600 0.030800 0.041200 0.031300 0.020600 0.020700 0.041400 0.031400 0.030700 0.062900 0.042100 0.031000 0.030800 0.020500 0.041700 0.030900 0.051800 0.041500 0.041700 0.020700 0.030800 0.031200 0.031100 0.041200 0.030800 0.041400 0.020700 0.041400 0.020400 0.031200 0.041500 0.000000 0.079200 0.030900 0.020700 0.041200 0.051900 0.020600 0.075100 0.031000 0.020600 0.085600 0.010400 0.020400 0.040900
RoeDeer 0.103100 0.194600 0.113500 0.179700 0.102500 0.092100 0.081800 0.104900 0.091800 0.080300 0.082600 0.081900 0.082200 0.102900 0.093600 0.114500 0.081800 0.061500 0.092300 0.091800 0.104000 0.103400 0.049800 0.069900 0.103100 0.127200 0.082200 0.091900 0.116300 0.092800 0.080300 0.091800 0.124800 0.082200 0.102900 0.081300 0.093000 0.113700 0.079200 0.000000 0.049900 0.105100 0.080300 0.070200 0.081900 0.149900 0.093300 0.081600 0.160400 0.082900 0.081400 0.101700
WhiteLippe 0.051000 0.138500 0.061200 0.121200 0.057500 0.040500 0.030300 0.051800 0.040300 0.029800 0.041000 0.030400 0.030500 0.050800 0.041100 0.061800 0.030300 0.010000 0.040600 0.040400 0.051400 0.051100 0.000100 0.019800 0.051000 0.073300 0.030500 0.040400 0.062700 0.040800 0.029800 0.040300 0.071800 0.030500 0.050800 0.030200 0.040900 0.068400 0.030900 0.049900 0.000000 0.051900 0.029800 0.019700 0.030400 0.095400 0.062200 0.051000 0.105700 0.030800 0.030200 0.050300
ThomsonGaz 0.041300 0.177100 0.051500 0.180400 0.030600 0.030700 0.020300 0.020500 0.030500 0.062300 0.031200 0.020500 0.024300 0.041200 0.052700 0.030500 0.062600 0.052600 0.030800 0.030600 0.020300 0.041400 0.051900 0.073000 0.041300 0.020500 0.024300 0.030600 0.031000 0.036200 0.062300 0.030500 0.062400 0.023800 0.041200 0.020300 0.031100 0.041200 0.020700 0.105100 0.051900 0.000000 0.062300 0.073300 0.020500 0.108700 0.030800 0.020400 0.085100 0.031600 0.041200 0.040600
MuntiacusC 0.040200 0.169000 0.050300 0.156000 0.068400 0.050500 0.040400 0.062000 0.050300 0.000000 0.051200 0.040400 0.040600 0.060900 0.030300 0.072000 0.061100 0.040900 0.050600 0.050400 0.061600 0.061200 0.029800 0.049800 0.061100 0.083700 0.040600 0.050400 0.073000 0.050900 0.000000 0.050300 0.060500 0.040600 0.061000 0.040200 0.051000 0.057300 0.041200 0.080300 0.029800 0.062300 0.000000 0.050000 0.040400 0.105800 0.072400 0.061100 0.116000 0.040900 0.040200 0.049900
WhiteTaile 0.071900 0.161100 0.082200 0.144400 0.071600 0.061200 0.050800 0.073000 0.060900 0.050000 0.062000 0.050900 0.051000 0.071600 0.062000 0.082900 0.050800 0.030500 0.061300 0.060900 0.072500 0.072100 0.019700 0.019700 0.071800 0.095000 0.051000 0.060900 0.084300 0.065700 0.050000 0.060800 0.092900 0.051000 0.071700 0.050600 0.061700 0.082500 0.051900 0.070200 0.019700 0.073300 0.050000 0.000000 0.050900 0.117400 0.083500 0.071900 0.127500 0.051600 0.050600 0.070800
Cattle 0.020100 0.150500 0.030100 0.154000 0.020000 0.010000 0.000200 0.020400 0.009900 0.040400 0.010100 0.000000 0.000100 0.020000 0.030700 0.030400 0.040600 0.041300 0.010000 0.009900 0.020200 0.020100 0.030300 0.050700 0.020100 0.041300 0.000100 0.009900 0.030900 0.010100 0.040400 0.009900 0.061300 0.000100 0.020000 0.000000 0.010100 0.030200 0.020600 0.081900 0.030400 0.020500 0.040400 0.050900 0.000000 0.084400 0.030600 0.020100 0.072700 0.010300 0.020100 0.019800
RoyalAntel 0.106500 0.200100 0.117100 0.231200 0.105800 0.095100 0.084300 0.108100 0.094600 0.105800 0.096500 0.084500 0.084800 0.106000 0.096400 0.095600 0.117100 0.096100 0.095300 0.093700 0.107200 0.106600 0.095300 0.116700 0.106300 0.131400 0.084800 0.093700 0.120200 0.073600 0.105800 0.094600 0.128300 0.084900 0.084200 0.083900 0.096000 0.117500 0.075100 0.149900 0.095400 0.108700 0.105800 0.117400 0.084400 0.000000 0.119000 0.106300 0.118500 0.075100 0.083900 0.104600
Steenbok 0.051400 0.187600 0.061600 0.191300 0.040700 0.040900 0.030500 0.030700 0.040600 0.072400 0.041500 0.030700 0.030700 0.051300 0.063100 0.040600 0.072900 0.074100 0.040900 0.040600 0.030400 0.051600 0.062200 0.083200 0.051400 0.051600 0.030700 0.040700 0.041300 0.044700 0.072400 0.040700 0.051400 0.030700 0.051300 0.030400 0.041300 0.051300 0.031000 0.093300 0.062200 0.030800 0.072400 0.083500 0.030600 0.119000 0.000000 0.010100 0.095500 0.042000 0.051300 0.050600
Impala 0.040500 0.173500 0.050500 0.176600 0.040200 0.030100 0.020000 0.020400 0.030000 0.061100 0.030600 0.020100 0.020100 0.040400 0.051700 0.030300 0.061400 0.062500 0.030200 0.030000 0.020200 0.040600 0.051000 0.071600 0.040500 0.041200 0.020100 0.030000 0.030800 0.033200 0.061100 0.030000 0.061300 0.020100 0.040400 0.020000 0.030400 0.050700 0.020600 0.081600 0.051000 0.020400 0.061100 0.071900 0.020100 0.106300 0.010100 0.000000 0.094300 0.031000 0.040400 0.039800
Klipspring 0.094200 0.236100 0.104600 0.242100 0.072000 0.083200 0.072600 0.084800 0.082700 0.116000 0.084300 0.072800 0.073000 0.093900 0.084600 0.072900 0.116600 0.118600 0.083300 0.082700 0.084100 0.094500 0.105600 0.127000 0.094200 0.107100 0.073000 0.082800 0.096300 0.083700 0.116000 0.082800 0.138800 0.073000 0.094100 0.072200 0.084000 0.083000 0.085600 0.160400 0.105700 0.085100 0.116000 0.127500 0.072700 0.118500 0.095500 0.094300 0.000000 0.085600 0.094100 0.092700
ForestMusk 0.031000 0.142000 0.041300 0.144400 0.030800 0.020500 0.010300 0.031500 0.020400 0.040900 0.020800 0.010300 0.010300 0.030900 0.020800 0.041700 0.052300 0.031500 0.020600 0.020400 0.031200 0.031100 0.030700 0.051400 0.031000 0.053100 0.010300 0.020500 0.042400 0.020700 0.040900 0.020400 0.051900 0.010300 0.030900 0.010200 0.020700 0.041500 0.010400 0.082900 0.030800 0.031600 0.040900 0.051600 0.010300 0.075100 0.042000 0.031000 0.085600 0.000000 0.010200 0.030500
Bushbuck 0.040400 0.149400 0.050500 0.157100 0.040200 0.030100 0.020000 0.041000 0.009900 0.040200 0.030500 0.020100 0.020100 0.040300 0.030500 0.051000 0.061300 0.041000 0.030100 0.009900 0.040700 0.040500 0.030200 0.050400 0.040400 0.062300 0.020100 0.009900 0.051800 0.030300 0.040200 0.029900 0.060900 0.020200 0.040300 0.019900 0.030400 0.050700 0.020400 0.081400 0.030200 0.041200 0.040200 0.050600 0.020100 0.083900 0.051300 0.040400 0.094100 0.010200 0.000000 0.019700
GreaterKud 0.039800 0.170500 0.049900 0.179300 0.039700 0.029700 0.019700 0.040500 0.009800 0.049900 0.030000 0.019800 0.019800 0.039700 0.050800 0.050300 0.060400 0.061400 0.029700 0.009800 0.040100 0.039900 0.050200 0.070500 0.039800 0.061400 0.019800 0.009800 0.051000 0.029900 0.049900 0.029500 0.081100 0.019900 0.039800 0.019600 0.029900 0.050000 0.040900 0.101700 0.050300 0.040600 0.049900 0.070800 0.019800 0.104600 0.050600 0.039800 0.092700 0.030500 0.019700 0.000000
