1
52 1
Argali 0.000000 0.118600 0.037700 0.133800 0.032300 0.000000 0.028400 0.032400 0.032200 0.076600 0.010600 0.032200 0.032300 0.021300 0.043200 0.043400 0.077600 0.071700 0.015800 0.043300 0.054300 0.010600 0.064100 0.075900 0.010600 0.043300 0.033900 0.043500 0.037700 0.037700 0.070600 0.026800 0.092700 0.032100 0.021300 0.032300 0.010600 0.032200 0.054700 0.057900 0.064800 0.043300 0.070600 0.064200 0.032200 0.026800 0.049400 0.037600 0.037700 0.048900 0.032200 0.032200
LesserMous 0.118600 0.000000 0.113500 0.133700 0.093900 0.118600 0.113200 0.107500 0.106800 0.127200 0.106700 0.106900 0.119600 0.100800 0.107100 0.119700 0.113500 0.107400 0.112200 0.113000 0.132700 0.106100 0.113500 0.139400 0.106200 0.119100 0.119200 0.113000 0.113200 0.113500 0.127200 0.107000 0.120600 0.119200 0.106600 0.107100 0.106200 0.094000 0.106500 0.113300 0.113500 0.119100 0.127200 0.126100 0.106900 0.100700 0.120100 0.094000 0.112800 0.112900 0.107000 0.106900
LesserKudu 0.037700 0.113500 0.000000 0.121800 0.026800 0.037700 0.037600 0.026800 0.005300 0.051400 0.026900 0.005300 0.026900 0.026700 0.037700 0.037800 0.060300 0.054700 0.031900 0.005300 0.043100 0.026700 0.045600 0.057100 0.026800 0.037700 0.026700 0.005300 0.032200 0.000000 0.045600 0.032200 0.061400 0.026700 0.015900 0.005300 0.026800 0.026800 0.049200 0.051000 0.046000 0.037700 0.045600 0.045600 0.005300 0.010600 0.055200 0.032100 0.032200 0.032400 0.005300 0.010600
KillerWhal 0.133800 0.133700 0.121800 0.000000 0.134300 0.133800 0.149500 0.148200 0.121700 0.155300 0.134800 0.121800 0.147800 0.140900 0.153700 0.160900 0.147200 0.140900 0.139800 0.128300 0.166900 0.133900 0.148400 0.168600 0.134200 0.160200 0.147200 0.128600 0.153900 0.121800 0.155300 0.147500 0.135700 0.147200 0.134200 0.122200 0.134200 0.134200 0.161200 0.161300 0.148300 0.160200 0.155300 0.154900 0.121800 0.128200 0.162000 0.146900 0.153600 0.140900 0.121900 0.128300
DefassaWat 0.032300 0.093900 0.026800 0.134300 0.000000 0.032300 0.026800 0.021500 0.021400 0.057000 0.021500 0.021400 0.032500 0.016000 0.026800 0.032400 0.066100 0.060500 0.026600 0.032400 0.043300 0.021300 0.051100 0.062900 0.021400 0.032300 0.032300 0.032600 0.026900 0.026800 0.057000 0.021400 0.067100 0.032300 0.021400 0.021500 0.021400 0.000000 0.043700 0.045200 0.051500 0.032300 0.057000 0.051100 0.021400 0.016000 0.049500 0.026700 0.016000 0.037900 0.021400 0.021400
Sheep 0.000000 0.118600 0.037700 0.133800 0.032300 0.000000 0.028400 0.032400 0.032200 0.076600 0.010600 0.032200 0.032300 0.021300 0.043200 0.043400 0.077600 0.071700 0.015800 0.043300 0.054300 0.010600 0.064100 0.075900 0.010600 0.043300 0.033900 0.043500 0.037700 0.037700 0.070600 0.026800 0.092700 0.032100 0.021300 0.032300 0.010600 0.032200 0.054700 0.057900 0.064800 0.043300 0.070600 0.064200 0.032200 0.026800 0.049400 0.037600 0.037700 0.048900 0.032200 0.032200
MaxwellsDu 0.028400 0.113200 0.037600 0.149500 0.026800 0.028400 0.000000 0.032300 0.032100 0.063200 0.021400 0.032100 0.032300 0.010600 0.032100 0.043300 0.077300 0.071600 0.026500 0.043200 0.054100 0.021300 0.062900 0.074700 0.021300 0.037700 0.032100 0.043500 0.037700 0.037600 0.069100 0.016000 0.084800 0.032100 0.021300 0.032300 0.021300 0.026800 0.054700 0.056800 0.063400 0.037700 0.069100 0.063100 0.032100 0.026700 0.060600 0.037500 0.037600 0.048900 0.032100 0.032100
GazellaPrz 0.032400 0.107500 0.026800 0.148200 0.021500 0.032400 0.032300 0.000000 0.021400 0.063400 0.021500 0.021400 0.032500 0.021400 0.032300 0.016000 0.066300 0.060700 0.026600 0.032500 0.026700 0.021400 0.051800 0.063100 0.021400 0.016000 0.032300 0.032600 0.010600 0.026800 0.057500 0.026900 0.079300 0.032300 0.021400 0.021500 0.021400 0.021500 0.027000 0.045400 0.051900 0.016000 0.057500 0.051500 0.021400 0.016000 0.038200 0.026800 0.026800 0.038000 0.021400 0.021400
MountainNy 0.032200 0.106800 0.005300 0.121700 0.021400 0.032200 0.032100 0.021400 0.000000 0.045700 0.021400 0.000000 0.021400 0.021300 0.032100 0.032300 0.054500 0.048900 0.026500 0.010600 0.037500 0.021300 0.039900 0.051300 0.021300 0.032200 0.021300 0.010700 0.026700 0.005300 0.039900 0.026700 0.055500 0.021300 0.010600 0.000000 0.021300 0.021300 0.043500 0.045300 0.040300 0.032200 0.039900 0.039900 0.000000 0.005300 0.049300 0.026600 0.026700 0.026800 0.000000 0.005300
MuntiacusM 0.076600 0.127200 0.051400 0.155300 0.057000 0.076600 0.063200 0.063400 0.045700 0.000000 0.064200 0.046000 0.070400 0.051900 0.051400 0.076200 0.072100 0.066400 0.068100 0.057700 0.074600 0.064900 0.016000 0.037700 0.064700 0.075800 0.068600 0.057500 0.069000 0.051400 0.005200 0.059000 0.067400 0.069100 0.057300 0.045900 0.064700 0.057300 0.075200 0.015900 0.015900 0.075800 0.005200 0.026700 0.046000 0.051600 0.083000 0.057400 0.062800 0.069200 0.045500 0.045500
goat 0.010600 0.106700 0.026900 0.134800 0.021500 0.010600 0.021400 0.021500 0.021400 0.064200 0.000000 0.021400 0.021500 0.010600 0.032300 0.032500 0.066300 0.060600 0.005300 0.032400 0.043300 0.000000 0.052400 0.063700 0.000000 0.032400 0.021400 0.032500 0.026900 0.026900 0.058200 0.016000 0.080700 0.021400 0.010600 0.021500 0.000000 0.021500 0.043700 0.045900 0.052600 0.032400 0.058200 0.052000 0.021400 0.016000 0.038300 0.026800 0.026800 0.038000 0.021400 0.021400
AfricanBuf 0.032200 0.106900 0.005300 0.121800 0.021400 0.032200 0.032100 0.021400 0.000000 0.046000 0.021400 0.000000 0.021400 0.021300 0.032200 0.032300 0.054600 0.049000 0.026500 0.010600 0.037600 0.021300 0.040100 0.051600 0.021400 0.032200 0.021300 0.010700 0.026800 0.005300 0.040200 0.026800 0.055600 0.021300 0.010600 0.000000 0.021400 0.021400 0.043600 0.045600 0.040700 0.032200 0.040200 0.040200 0.000000 0.005300 0.049400 0.026600 0.026700 0.026900 0.000000 0.005300
Topi 0.032300 0.119600 0.026900 0.147800 0.032500 0.032300 0.032300 0.032500 0.021400 0.070400 0.021500 0.021400 0.000000 0.021400 0.043500 0.043700 0.077900 0.072100 0.026700 0.032500 0.049000 0.021400 0.064100 0.075400 0.021400 0.043500 0.000000 0.032600 0.038000 0.026900 0.064400 0.027000 0.068900 0.000000 0.010600 0.021500 0.021400 0.032400 0.055000 0.057800 0.064700 0.043500 0.064400 0.064400 0.021400 0.016000 0.061100 0.037800 0.037900 0.049200 0.021400 0.026900
CommonDuik 0.021300 0.100800 0.026700 0.140900 0.016000 0.021300 0.010600 0.021400 0.021300 0.051900 0.010600 0.021300 0.021400 0.000000 0.021300 0.032300 0.065900 0.060200 0.015800 0.032300 0.043100 0.010600 0.051600 0.063200 0.010600 0.032200 0.021300 0.032400 0.026700 0.026700 0.057700 0.005300 0.073000 0.021300 0.010600 0.021400 0.010600 0.016000 0.043500 0.045500 0.052200 0.032200 0.057700 0.051800 0.021300 0.015900 0.049300 0.026600 0.026700 0.037800 0.021300 0.021300
Suni 0.043200 0.107100 0.037700 0.153700 0.026800 0.043200 0.032100 0.032300 0.032100 0.051400 0.032300 0.032200 0.043500 0.021300 0.000000 0.032400 0.054600 0.060300 0.037400 0.043300 0.054200 0.032100 0.051500 0.074700 0.032200 0.043200 0.043200 0.043500 0.037700 0.037700 0.057300 0.026800 0.084900 0.043200 0.032200 0.032300 0.032200 0.026800 0.043500 0.045200 0.051800 0.043200 0.057300 0.063100 0.032200 0.026800 0.049400 0.026700 0.037700 0.049000 0.032200 0.032200
Springbuck 0.043400 0.119700 0.037800 0.160900 0.032400 0.043400 0.043300 0.016000 0.032300 0.076200 0.032500 0.032300 0.043700 0.032300 0.032400 0.000000 0.072000 0.066300 0.037500 0.043500 0.021200 0.032300 0.064000 0.075100 0.032400 0.010600 0.043400 0.043700 0.005300 0.037800 0.070200 0.037900 0.093000 0.043400 0.032300 0.032500 0.032400 0.032400 0.032400 0.057600 0.064400 0.010600 0.070200 0.064100 0.032300 0.026900 0.049100 0.037700 0.037800 0.049200 0.032300 0.032300
Okapi 0.077600 0.113500 0.060300 0.147200 0.066100 0.077600 0.077300 0.066300 0.054500 0.072100 0.066300 0.054600 0.077900 0.065900 0.054600 0.072000 0.000000 0.005300 0.071100 0.066200 0.083200 0.065800 0.054800 0.083600 0.066000 0.071800 0.077400 0.066400 0.066100 0.060300 0.066400 0.071800 0.061500 0.077400 0.065900 0.054800 0.066000 0.066000 0.078100 0.066200 0.054800 0.071800 0.066400 0.072000 0.054600 0.060300 0.084500 0.060100 0.071700 0.060400 0.054600 0.054600
Giraffe 0.071700 0.107400 0.054700 0.140900 0.060500 0.071700 0.071600 0.060700 0.048900 0.066400 0.060600 0.049000 0.072100 0.060200 0.060300 0.066300 0.005300 0.000000 0.065500 0.060500 0.077400 0.060200 0.049200 0.077800 0.060400 0.066100 0.071700 0.060700 0.060400 0.054700 0.060700 0.066100 0.055800 0.071700 0.060300 0.049200 0.060400 0.060400 0.072400 0.060400 0.049200 0.066100 0.060700 0.066200 0.049000 0.054800 0.078700 0.054500 0.066000 0.054700 0.049000 0.049000
TibetanAnt 0.015800 0.112200 0.031900 0.139800 0.026600 0.015800 0.026500 0.026600 0.026500 0.068100 0.005300 0.026500 0.026700 0.015800 0.037400 0.037500 0.071100 0.065500 0.000000 0.037500 0.048200 0.005200 0.056400 0.068300 0.005200 0.037400 0.026500 0.037700 0.032000 0.031900 0.062300 0.021200 0.084200 0.026500 0.015800 0.026600 0.005200 0.026600 0.048700 0.050600 0.056800 0.037400 0.062300 0.056400 0.026500 0.021200 0.043400 0.031800 0.031900 0.043000 0.026500 0.026500
Sitatunga 0.043300 0.113000 0.005300 0.128300 0.032400 0.043300 0.043200 0.032500 0.010600 0.057700 0.032400 0.010600 0.032500 0.032300 0.043300 0.043500 0.066200 0.060500 0.037500 0.000000 0.048800 0.032200 0.051700 0.063400 0.032300 0.043400 0.032200 0.000000 0.037900 0.005300 0.051900 0.037900 0.067300 0.032200 0.021400 0.010700 0.032300 0.032400 0.055000 0.057200 0.052200 0.043400 0.051900 0.051800 0.010600 0.016000 0.061100 0.037700 0.037800 0.038000 0.010600 0.016000
Oribi 0.054300 0.132700 0.043100 0.166900 0.043300 0.054300 0.054100 0.026700 0.037500 0.074600 0.043300 0.037600 0.049000 0.043100 0.054200 0.021200 0.083200 0.077400 0.048200 0.048800 0.000000 0.043000 0.074700 0.086500 0.043200 0.021100 0.048600 0.049000 0.015800 0.043100 0.068700 0.048800 0.096700 0.048600 0.037500 0.037700 0.043200 0.043200 0.043400 0.068400 0.075100 0.021100 0.068700 0.074800 0.037600 0.032100 0.060300 0.048500 0.048700 0.062400 0.037500 0.037400
BarbaryShe 0.010600 0.106100 0.026700 0.133900 0.021300 0.010600 0.021300 0.021400 0.021300 0.064900 0.000000 0.021300 0.021400 0.010600 0.032100 0.032300 0.065800 0.060200 0.005200 0.032200 0.043000 0.000000 0.052400 0.064100 0.000000 0.032200 0.021200 0.032400 0.026700 0.026700 0.058900 0.015900 0.080700 0.021200 0.010600 0.021400 0.000000 0.021300 0.043400 0.046400 0.053300 0.032200 0.058900 0.052500 0.021300 0.015900 0.038100 0.026600 0.026700 0.037700 0.021300 0.021300
Daviddeer 0.064100 0.113500 0.045600 0.148400 0.051100 0.064100 0.062900 0.051800 0.039900 0.016000 0.052400 0.040100 0.064100 0.051600 0.051500 0.064000 0.054800 0.049200 0.056400 0.051700 0.074700 0.052400 0.000000 0.026800 0.052400 0.063500 0.062700 0.051600 0.057100 0.045600 0.010600 0.058400 0.061400 0.063100 0.051400 0.040100 0.052400 0.051400 0.062900 0.010600 0.000000 0.063500 0.010600 0.016000 0.040100 0.045700 0.070300 0.045600 0.051100 0.049100 0.039700 0.039900
Reindeer 0.075900 0.139400 0.057100 0.168600 0.062900 0.075900 0.074700 0.063100 0.051300 0.037700 0.063700 0.051600 0.075400 0.063200 0.074700 0.075100 0.083600 0.077800 0.068300 0.063400 0.086500 0.064100 0.026800 0.000000 0.064000 0.074800 0.074300 0.063200 0.068700 0.057100 0.032200 0.069600 0.079200 0.074800 0.062900 0.051500 0.064000 0.063200 0.086700 0.032000 0.026800 0.074800 0.032200 0.010600 0.051600 0.057300 0.093900 0.068800 0.062600 0.066200 0.051100 0.051300
Ibex 0.010600 0.106200 0.026800 0.134200 0.021400 0.010600 0.021300 0.021400 0.021300 0.064700 0.000000 0.021400 0.021400 0.010600 0.032200 0.032400 0.066000 0.060400 0.005200 0.032300 0.043200 0.000000 0.052400 0.064000 0.000000 0.032300 0.021300 0.032400 0.026800 0.026800 0.058700 0.016000 0.080800 0.021300 0.010600 0.021400 0.000000 0.021400 0.043600 0.046200 0.053100 0.032300 0.058700 0.052400 0.021400 0.016000 0.038200 0.026700 0.026800 0.037800 0.021400 0.021400
GyrantGaze 0.043300 0.119100 0.037700 0.160200 0.032300 0.043300 0.037700 0.016000 0.032200 0.075800 0.032400 0.032200 0.043500 0.032200 0.043200 0.010600 0.071800 0.066100 0.037400 0.043400 0.021100 0.032200 0.063500 0.074800 0.032300 0.000000 0.043200 0.043600 0.005300 0.037700 0.069800 0.037800 0.092400 0.043200 0.032200 0.032400 0.032300 0.032300 0.032300 0.057300 0.064100 0.000000 0.069800 0.063800 0.032200 0.026800 0.049200 0.037600 0.037800 0.049000 0.032200 0.032300
Hartebeest 0.033900 0.119200 0.026700 0.147200 0.032300 0.033900 0.032100 0.032300 0.021300 0.068600 0.021400 0.021300 0.000000 0.021300 0.043200 0.043400 0.077400 0.071700 0.026500 0.032200 0.048600 0.021200 0.062700 0.074300 0.021300 0.043200 0.000000 0.032400 0.037700 0.026700 0.062700 0.026800 0.067000 0.000000 0.010600 0.021400 0.021300 0.032200 0.054700 0.056400 0.063000 0.043200 0.062700 0.062700 0.021300 0.015900 0.060700 0.037500 0.037700 0.048900 0.021300 0.026700
Bongo 0.043500 0.113000 0.005300 0.128600 0.032600 0.043500 0.043500 0.032600 0.010700 0.057500 0.032500 0.010700 0.032600 0.032400 0.043500 0.043700 0.066400 0.060700 0.037700 0.000000 0.049000 0.032400 0.051600 0.063200 0.032400 0.043600 0.032400 0.000000 0.038000 0.005300 0.051600 0.038000 0.067500 0.032400 0.021400 0.010700 0.032400 0.032500 0.055100 0.057100 0.052000 0.043600 0.051600 0.051600 0.010700 0.016100 0.061300 0.037900 0.038000 0.038100 0.010700 0.016100
Gerenuk 0.037700 0.113200 0.032200 0.153900 0.026900 0.037700 0.037700 0.010600 0.026700 0.069000 0.026900 0.026800 0.038000 0.026700 0.037700 0.005300 0.066100 0.060400 0.032000 0.037900 0.015800 0.026700 0.057100 0.068700 0.026800 0.005300 0.037700 0.038000 0.000000 0.032200 0.063100 0.032300 0.085000 0.037700 0.026800 0.026900 0.026800 0.026800 0.026900 0.050900 0.057500 0.005300 0.063100 0.057100 0.026800 0.021400 0.043600 0.032100 0.032200 0.043500 0.026800 0.026800
CommonElan 0.037700 0.113500 0.000000 0.121800 0.026800 0.037700 0.037600 0.026800 0.005300 0.051400 0.026900 0.005300 0.026900 0.026700 0.037700 0.037800 0.060300 0.054700 0.031900 0.005300 0.043100 0.026700 0.045600 0.057100 0.026800 0.037700 0.026700 0.005300 0.032200 0.000000 0.045600 0.032200 0.061400 0.026700 0.015900 0.005300 0.026800 0.026800 0.049200 0.051000 0.046000 0.037700 0.045600 0.045600 0.005300 0.010600 0.055200 0.032100 0.032200 0.032400 0.005300 0.010600
MuntiacusR 0.070600 0.127200 0.045600 0.155300 0.057000 0.070600 0.069100 0.057500 0.039900 0.005200 0.058200 0.040200 0.064400 0.057700 0.057300 0.070200 0.066400 0.060700 0.062300 0.051900 0.068700 0.058900 0.010600 0.032200 0.058700 0.069800 0.062700 0.051600 0.063100 0.045600 0.000000 0.065000 0.067400 0.063200 0.051500 0.040100 0.058700 0.057300 0.069300 0.010600 0.010600 0.069800 0.000000 0.021300 0.040200 0.045800 0.076900 0.051600 0.057000 0.063300 0.039700 0.039700
HarveysDui 0.026800 0.107000 0.032200 0.147500 0.021400 0.026800 0.016000 0.026900 0.026700 0.059000 0.016000 0.026800 0.027000 0.005300 0.026800 0.037900 0.071800 0.066100 0.021200 0.037900 0.048800 0.015900 0.058400 0.069600 0.016000 0.037800 0.026800 0.038000 0.032300 0.032200 0.065000 0.000000 0.081000 0.026800 0.016000 0.026900 0.016000 0.021400 0.049200 0.052300 0.059200 0.037800 0.065000 0.058900 0.026800 0.021400 0.055200 0.032100 0.032300 0.043500 0.026800 0.026800
Pronghorn 0.092700 0.120600 0.061400 0.135700 0.067100 0.092700 0.084800 0.079300 0.055500 0.067400 0.080700 0.055600 0.068900 0.073000 0.084900 0.093000 0.061500 0.055800 0.084200 0.067300 0.096700 0.080700 0.061400 0.079200 0.080800 0.092400 0.067000 0.067500 0.085000 0.061400 0.067400 0.081000 0.000000 0.067000 0.067000 0.055700 0.080800 0.067000 0.103500 0.073000 0.061400 0.092400 0.067400 0.067200 0.055600 0.061400 0.112400 0.084600 0.072900 0.072900 0.055500 0.061400
BlueWildeb 0.032100 0.119200 0.026700 0.147200 0.032300 0.032100 0.032100 0.032300 0.021300 0.069100 0.021400 0.021300 0.000000 0.021300 0.043200 0.043400 0.077400 0.071700 0.026500 0.032200 0.048600 0.021200 0.063100 0.074800 0.021300 0.043200 0.000000 0.032400 0.037700 0.026700 0.063200 0.026800 0.067000 0.000000 0.010600 0.021400 0.021300 0.032200 0.054700 0.056800 0.063500 0.043200 0.063200 0.063200 0.021300 0.015900 0.060700 0.037500 0.037700 0.048900 0.021300 0.026700
Gemsbok 0.021300 0.106600 0.015900 0.134200 0.021400 0.021300 0.021300 0.021400 0.010600 0.057300 0.010600 0.010600 0.010600 0.010600 0.032200 0.032300 0.065900 0.060300 0.015800 0.021400 0.037500 0.010600 0.051400 0.062900 0.010600 0.032200 0.010600 0.021400 0.026800 0.015900 0.051500 0.016000 0.067000 0.010600 0.000000 0.010600 0.010600 0.021300 0.043500 0.045200 0.051800 0.032200 0.051500 0.051500 0.010600 0.005300 0.049400 0.026600 0.026700 0.037800 0.010600 0.015900
Yak 0.032300 0.107100 0.005300 0.122200 0.021500 0.032300 0.032300 0.021500 0.000000 0.045900 0.021500 0.000000 0.021500 0.021400 0.032300 0.032500 0.054800 0.049200 0.026600 0.010700 0.037700 0.021400 0.040100 0.051500 0.021400 0.032400 0.021400 0.010700 0.026900 0.005300 0.040100 0.026900 0.055700 0.021400 0.010600 0.000000 0.021400 0.021400 0.043700 0.045500 0.040500 0.032400 0.040100 0.040100 0.000000 0.005300 0.049600 0.026800 0.026800 0.026900 0.000100 0.005300
BlueSheep 0.010600 0.106200 0.026800 0.134200 0.021400 0.010600 0.021300 0.021400 0.021300 0.064700 0.000000 0.021400 0.021400 0.010600 0.032200 0.032400 0.066000 0.060400 0.005200 0.032300 0.043200 0.000000 0.052400 0.064000 0.000000 0.032300 0.021300 0.032400 0.026800 0.026800 0.058700 0.016000 0.080800 0.021300 0.010600 0.021400 0.000000 0.021400 0.043600 0.046200 0.053100 0.032300 0.058700 0.052400 0.021400 0.016000 0.038200 0.026700 0.026800 0.037800 0.021400 0.021400
BohorReedb 0.032200 0.094000 0.026800 0.134200 0.000000 0.032200 0.026800 0.021500 0.021300 0.057300 0.021500 0.021400 0.032400 0.016000 0.026800 0.032400 0.066000 0.060400 0.026600 0.032400 0.043200 0.021300 0.051400 0.063200 0.021400 0.032300 0.032200 0.032500 0.026800 0.026800 0.057300 0.021400 0.067000 0.032200 0.021300 0.021400 0.021400 0.000000 0.043600 0.045500 0.051800 0.032300 0.057300 0.051400 0.021400 0.016000 0.049400 0.026700 0.016000 0.037900 0.021400 0.021400
KirksDik 0.054700 0.106500 0.049200 0.161200 0.043700 0.054700 0.054700 0.027000 0.043500 0.075200 0.043700 0.043600 0.055000 0.043500 0.043500 0.032400 0.078100 0.072400 0.048700 0.055000 0.043400 0.043400 0.062900 0.086700 0.043600 0.032300 0.054700 0.055100 0.026900 0.049200 0.069300 0.049200 0.103500 0.054700 0.043500 0.043700 0.043600 0.043600 0.000000 0.056700 0.063300 0.032300 0.069300 0.074700 0.043600 0.038000 0.044000 0.032400 0.049100 0.060600 0.043500 0.043500
RoeDeer 0.057900 0.113300 0.051000 0.161300 0.045200 0.057900 0.056800 0.045400 0.045300 0.015900 0.045900 0.045600 0.057800 0.045500 0.045200 0.057600 0.066200 0.060400 0.050600 0.057200 0.068400 0.046400 0.010600 0.032000 0.046200 0.057300 0.056400 0.057100 0.050900 0.051000 0.010600 0.052300 0.073000 0.056800 0.045200 0.045500 0.046200 0.045500 0.056700 0.000000 0.010600 0.057300 0.010600 0.021200 0.045600 0.039600 0.064000 0.039500 0.044900 0.060300 0.045100 0.045300
WhiteLippe 0.064800 0.113500 0.046000 0.148300 0.051500 0.064800 0.063400 0.051900 0.040300 0.015900 0.052600 0.040700 0.064700 0.052200 0.051800 0.064400 0.054800 0.049200 0.056800 0.052200 0.075100 0.053300 0.000000 0.026800 0.053100 0.064100 0.063000 0.052000 0.057500 0.046000 0.010600 0.059200 0.061400 0.063500 0.051800 0.040500 0.053100 0.051800 0.063300 0.010600 0.000000 0.064100 0.010600 0.016000 0.040700 0.046200 0.070900 0.046200 0.051500 0.049100 0.040100 0.040400
ThomsonGaz 0.043300 0.119100 0.037700 0.160200 0.032300 0.043300 0.037700 0.016000 0.032200 0.075800 0.032400 0.032200 0.043500 0.032200 0.043200 0.010600 0.071800 0.066100 0.037400 0.043400 0.021100 0.032200 0.063500 0.074800 0.032300 0.000000 0.043200 0.043600 0.005300 0.037700 0.069800 0.037800 0.092400 0.043200 0.032200 0.032400 0.032300 0.032300 0.032300 0.057300 0.064100 0.000000 0.069800 0.063800 0.032200 0.026800 0.049200 0.037600 0.037800 0.049000 0.032200 0.032300
MuntiacusC 0.070600 0.127200 0.045600 0.155300 0.057000 0.070600 0.069100 0.057500 0.039900 0.005200 0.058200 0.040200 0.064400 0.057700 0.057300 0.070200 0.066400 0.060700 0.062300 0.051900 0.068700 0.058900 0.010600 0.032200 0.058700 0.069800 0.062700 0.051600 0.063100 0.045600 0.000000 0.065000 0.067400 0.063200 0.051500 0.040100 0.058700 0.057300 0.069300 0.010600 0.010600 0.069800 0.000000 0.021300 0.040200 0.045800 0.076900 0.051600 0.057000 0.063300 0.039700 0.039700
WhiteTaile 0.064200 0.126100 0.045600 0.154900 0.051100 0.064200 0.063100 0.051500 0.039900 0.026700 0.052000 0.040200 0.064400 0.051800 0.063100 0.064100 0.072000 0.066200 0.056400 0.051800 0.074800 0.052500 0.016000 0.010600 0.052400 0.063800 0.062700 0.051600 0.057100 0.045600 0.021300 0.058900 0.067200 0.063200 0.051500 0.040100 0.052400 0.051400 0.074700 0.021200 0.016000 0.063800 0.021300 0.000000 0.040200 0.045800 0.082800 0.057300 0.051100 0.054700 0.039700 0.039900
Cattle 0.032200 0.106900 0.005300 0.121800 0.021400 0.032200 0.032100 0.021400 0.000000 0.046000 0.021400 0.000000 0.021400 0.021300 0.032200 0.032300 0.054600 0.049000 0.026500 0.010600 0.037600 0.021300 0.040100 0.051600 0.021400 0.032200 0.021300 0.010700 0.026800 0.005300 0.040200 0.026800 0.055600 0.021300 0.010600 0.000000 0.021400 0.021400 0.043600 0.045600 0.040700 0.032200 0.040200 0.040200 0.000000 0.005300 0.049400 0.026600 0.026700 0.026900 0.000000 0.005300
RoyalAntel 0.026800 0.100700 0.010600 0.128200 0.016000 0.026800 0.026700 0.016000 0.005300 0.051600 0.016000 0.005300 0.016000 0.015900 0.026800 0.026900 0.060300 0.054800 0.021200 0.016000 0.032100 0.015900 0.045700 0.057300 0.016000 0.026800 0.015900 0.016100 0.021400 0.010600 0.045800 0.021400 0.061400 0.015900 0.005300 0.005300 0.016000 0.016000 0.038000 0.039600 0.046200 0.026800 0.045800 0.045800 0.005300 0.000000 0.043800 0.021300 0.021300 0.032400 0.005300 0.010600
Steenbok 0.049400 0.120100 0.055200 0.162000 0.049500 0.049400 0.060600 0.038200 0.049300 0.083000 0.038300 0.049400 0.061100 0.049300 0.049400 0.049100 0.084500 0.078700 0.043400 0.061100 0.060300 0.038100 0.070300 0.093900 0.038200 0.049200 0.060700 0.061300 0.043600 0.055200 0.076900 0.055200 0.112400 0.060700 0.049400 0.049600 0.038200 0.049400 0.044000 0.064000 0.070900 0.049200 0.076900 0.082800 0.049400 0.043800 0.000000 0.032500 0.055000 0.066800 0.049400 0.049400
Impala 0.037600 0.094000 0.032100 0.146900 0.026700 0.037600 0.037500 0.026800 0.026600 0.057400 0.026800 0.026600 0.037800 0.026600 0.026700 0.037700 0.060100 0.054500 0.031800 0.037700 0.048500 0.026600 0.045600 0.068800 0.026700 0.037600 0.037500 0.037900 0.032100 0.032100 0.051600 0.032100 0.084600 0.037500 0.026600 0.026800 0.026700 0.026700 0.032400 0.039500 0.046200 0.037600 0.051600 0.057300 0.026600 0.021300 0.032500 0.000000 0.032100 0.043300 0.026600 0.026700
Klipspring 0.037700 0.112800 0.032200 0.153600 0.016000 0.037700 0.037600 0.026800 0.026700 0.062800 0.026800 0.026700 0.037900 0.026700 0.037700 0.037800 0.071700 0.066000 0.031900 0.037800 0.048700 0.026700 0.051100 0.062600 0.026800 0.037800 0.037700 0.038000 0.032200 0.032200 0.057000 0.032300 0.072900 0.037700 0.026700 0.026800 0.026800 0.016000 0.049100 0.044900 0.051500 0.037800 0.057000 0.051100 0.026700 0.021300 0.055000 0.032100 0.000000 0.043400 0.026700 0.026800
ForestMusk 0.048900 0.112900 0.032400 0.140900 0.037900 0.048900 0.048900 0.038000 0.026800 0.069200 0.038000 0.026900 0.049200 0.037800 0.049000 0.049200 0.060400 0.054700 0.043000 0.038000 0.062400 0.037700 0.049100 0.066200 0.037800 0.049000 0.048900 0.038100 0.043500 0.032400 0.063300 0.043500 0.072900 0.048900 0.037800 0.026900 0.037800 0.037900 0.060600 0.060300 0.049100 0.049000 0.063300 0.054700 0.026900 0.032400 0.066800 0.043300 0.043400 0.000000 0.026900 0.026900
Bushbuck 0.032200 0.107000 0.005300 0.121900 0.021400 0.032200 0.032100 0.021400 0.000000 0.045500 0.021400 0.000000 0.021400 0.021300 0.032200 0.032300 0.054600 0.049000 0.026500 0.010600 0.037500 0.021300 0.039700 0.051100 0.021400 0.032200 0.021300 0.010700 0.026800 0.005300 0.039700 0.026800 0.055500 0.021300 0.010600 0.000100 0.021400 0.021400 0.043500 0.045100 0.040100 0.032200 0.039700 0.039700 0.000000 0.005300 0.049400 0.026600 0.026700 0.026900 0.000000 0.005300
GreaterKud 0.032200 0.106900 0.010600 0.128300 0.021400 0.032200 0.032100 0.021400 0.005300 0.045500 0.021400 0.005300 0.026900 0.021300 0.032200 0.032300 0.054600 0.049000 0.026500 0.016000 0.037400 0.021300 0.039900 0.051300 0.021400 0.032300 0.026700 0.016100 0.026800 0.010600 0.039700 0.026800 0.061400 0.026700 0.015900 0.005300 0.021400 0.021400 0.043500 0.045300 0.040400 0.032300 0.039700 0.039900 0.005300 0.010600 0.049400 0.026700 0.026800 0.026900 0.005300 0.000000
