CODONML (in paml version 4.10.7, June 2023)  /home/rachel/ruminants_paml/6406-phy-tree/ENSBTAT00000014352.fasta.phy
Model: free dN/dS Ratios for branches,  kappa = 2.000 fixed

Codon frequency model: F3x4
ns =  54  ls =  34

Codon usage in sequences
--------------------------------------------------------------------------------------------------------------------------------------
Phe TTT   0   1   0   1   1   1 | Ser TCT   0   0   0   0   0   0 | Tyr TAT   0   0   0   0   0   0 | Cys TGT   0   0   0   0   0   0
    TTC   1   0   1   0   0   0 |     TCC   2   2   2   2   2   2 |     TAC   0   0   0   0   0   0 |     TGC   0   0   0   0   0   0
Leu TTA   0   0   0   0   0   0 |     TCA   0   0   0   0   0   0 | *** TAA   0   0   0   0   0   0 | *** TGA   0   0   0   0   0   0
    TTG   0   0   0   0   0   0 |     TCG   0   0   0   0   0   0 |     TAG   0   0   0   0   0   0 | Trp TGG   0   0   0   0   0   0
--------------------------------------------------------------------------------------------------------------------------------------
Leu CTT   1   1   1   1   1   1 | Pro CCT   0   0   0   0   0   0 | His CAT   0   0   0   0   0   0 | Arg CGT   0   0   0   0   0   0
    CTC   1   1   1   1   1   1 |     CCC   0   0   0   0   0   0 |     CAC   0   0   0   0   0   0 |     CGC   0   0   0   0   0   0
    CTA   0   0   0   0   0   0 |     CCA   1   1   1   1   1   1 | Gln CAA   1   1   1   1   1   1 |     CGA   0   0   0   0   0   0
    CTG   0   0   0   0   0   0 |     CCG   0   0   0   0   0   0 |     CAG   1   1   1   1   1   1 |     CGG   1   1   1   1   1   1
--------------------------------------------------------------------------------------------------------------------------------------
Ile ATT   2   1   1   1   1   1 | Thr ACT   0   0   0   0   0   0 | Asn AAT   1   1   1   1   1   1 | Ser AGT   2   2   2   2   2   2
    ATC   1   1   1   1   1   1 |     ACC   0   0   0   0   0   0 |     AAC   0   0   0   0   0   0 |     AGC   1   1   1   1   1   1
    ATA   0   1   1   1   1   1 |     ACA   1   1   1   1   1   1 | Lys AAA   2   2   2   2   2   2 | Arg AGA   0   0   0   0   0   0
Met ATG   1   1   1   1   1   1 |     ACG   0   0   0   0   0   0 |     AAG   0   0   0   0   0   0 |     AGG   2   2   2   2   2   2
--------------------------------------------------------------------------------------------------------------------------------------
Val GTT   2   2   2   2   2   2 | Ala GCT   0   0   0   0   0   0 | Asp GAT   0   0   0   0   0   0 | Gly GGT   0   0   0   0   0   0
    GTC   0   0   0   0   0   0 |     GCC   2   2   2   2   2   2 |     GAC   1   1   1   1   1   1 |     GGC   0   0   0   0   0   0
    GTA   1   1   1   1   1   1 |     GCA   2   2   2   2   2   2 | Glu GAA   1   1   1   1   1   1 |     GGA   0   0   0   0   0   0
    GTG   2   2   2   2   2   2 |     GCG   0   0   0   0   0   0 |     GAG   1   1   1   1   1   1 |     GGG   0   0   0   0   0   0
--------------------------------------------------------------------------------------------------------------------------------------

--------------------------------------------------------------------------------------------------------------------------------------
Phe TTT   0   0   0   0   0   1 | Ser TCT   0   0   0   0   0   0 | Tyr TAT   0   0   0   0   0   0 | Cys TGT   0   0   0   0   0   0
    TTC   1   1   1   1   1   0 |     TCC   2   2   1   2   2   2 |     TAC   0   0   0   0   0   0 |     TGC   0   0   0   0   0   0
Leu TTA   0   0   0   0   0   0 |     TCA   0   0   0   0   0   0 | *** TAA   0   0   0   0   0   0 | *** TGA   0   0   0   0   0   0
    TTG   0   0   0   0   0   0 |     TCG   0   0   1   0   0   0 |     TAG   0   0   0   0   0   0 | Trp TGG   0   0   0   0   0   0
--------------------------------------------------------------------------------------------------------------------------------------
Leu CTT   1   1   1   1   1   1 | Pro CCT   0   0   0   0   0   0 | His CAT   0   0   0   0   0   0 | Arg CGT   0   0   0   0   0   0
    CTC   1   1   1   1   1   1 |     CCC   0   0   0   0   0   0 |     CAC   0   0   0   0   0   0 |     CGC   0   0   0   0   0   0
    CTA   0   0   0   0   0   0 |     CCA   1   1   1   1   1   1 | Gln CAA   1   1   1   1   1   1 |     CGA   0   0   0   0   0   0
    CTG   0   0   0   0   0   0 |     CCG   0   0   0   0   0   0 |     CAG   1   1   1   1   1   1 |     CGG   1   1   1   1   1   1
--------------------------------------------------------------------------------------------------------------------------------------
Ile ATT   1   2   1   1   1   1 | Thr ACT   0   0   0   0   0   0 | Asn AAT   1   1   1   1   1   1 | Ser AGT   2   2   2   2   2   2
    ATC   1   1   1   1   1   1 |     ACC   0   0   0   0   0   0 |     AAC   0   0   0   0   0   0 |     AGC   1   1   1   1   1   1
    ATA   1   0   1   1   1   1 |     ACA   1   1   1   1   1   1 | Lys AAA   2   2   2   2   2   2 | Arg AGA   0   0   0   0   0   0
Met ATG   1   1   1   1   1   1 |     ACG   0   0   0   0   0   0 |     AAG   0   0   0   0   0   0 |     AGG   2   2   2   2   2   2
--------------------------------------------------------------------------------------------------------------------------------------
Val GTT   2   2   2   2   2   2 | Ala GCT   0   0   0   0   0   0 | Asp GAT   0   0   0   0   0   0 | Gly GGT   0   0   0   0   0   0
    GTC   0   0   0   0   0   0 |     GCC   2   2   2   2   2   2 |     GAC   1   1   1   1   1   1 |     GGC   0   0   0   0   0   0
    GTA   1   1   1   1   1   1 |     GCA   2   2   2   2   2   2 | Glu GAA   1   1   1   1   1   1 |     GGA   0   0   0   0   0   0
    GTG   2   2   2   2   2   2 |     GCG   0   0   0   0   0   0 |     GAG   1   1   1   1   1   1 |     GGG   0   0   0   0   0   0
--------------------------------------------------------------------------------------------------------------------------------------

--------------------------------------------------------------------------------------------------------------------------------------
Phe TTT   0   0   1   0   0   0 | Ser TCT   0   0   0   0   0   0 | Tyr TAT   0   0   0   0   0   0 | Cys TGT   0   0   0   0   0   0
    TTC   1   1   0   1   1   1 |     TCC   2   2   2   1   2   2 |     TAC   0   0   0   0   0   0 |     TGC   0   0   0   0   0   0
Leu TTA   0   0   0   0   0   0 |     TCA   0   0   0   0   0   0 | *** TAA   0   0   0   0   0   0 | *** TGA   0   0   0   0   0   0
    TTG   0   0   0   0   0   0 |     TCG   0   0   0   1   0   0 |     TAG   0   0   0   0   0   0 | Trp TGG   0   0   0   0   0   0
--------------------------------------------------------------------------------------------------------------------------------------
Leu CTT   1   1   1   1   1   1 | Pro CCT   0   0   0   0   0   0 | His CAT   0   0   0   0   0   0 | Arg CGT   0   0   0   0   0   0
    CTC   1   1   1   1   1   1 |     CCC   0   0   0   0   0   0 |     CAC   0   0   0   0   0   0 |     CGC   0   0   0   0   0   0
    CTA   0   0   0   0   0   0 |     CCA   1   1   1   1   1   1 | Gln CAA   1   1   1   1   1   1 |     CGA   0   0   0   0   0   0
    CTG   0   0   0   0   0   0 |     CCG   0   0   0   0   0   0 |     CAG   1   1   1   1   1   1 |     CGG   1   1   1   1   1   1
--------------------------------------------------------------------------------------------------------------------------------------
Ile ATT   2   1   1   1   1   1 | Thr ACT   0   0   0   0   0   0 | Asn AAT   1   1   1   1   1   1 | Ser AGT   2   2   2   2   2   2
    ATC   1   1   1   1   1   1 |     ACC   0   0   0   0   0   0 |     AAC   0   0   0   0   0   0 |     AGC   1   1   1   1   1   1
    ATA   0   1   1   1   1   1 |     ACA   1   1   1   1   1   1 | Lys AAA   2   2   2   2   2   2 | Arg AGA   0   0   0   0   0   0
Met ATG   1   1   1   1   1   1 |     ACG   0   0   0   0   0   0 |     AAG   0   0   0   0   0   0 |     AGG   2   2   2   2   2   2
--------------------------------------------------------------------------------------------------------------------------------------
Val GTT   2   2   2   2   2   2 | Ala GCT   0   0   0   0   0   0 | Asp GAT   0   0   0   0   0   0 | Gly GGT   0   0   0   0   0   0
    GTC   0   0   0   0   0   0 |     GCC   2   2   2   2   2   2 |     GAC   1   1   1   1   1   1 |     GGC   0   0   0   0   0   0
    GTA   1   1   1   1   1   1 |     GCA   2   2   2   2   2   2 | Glu GAA   1   1   1   1   1   1 |     GGA   0   0   0   0   0   0
    GTG   2   2   2   2   2   2 |     GCG   0   0   0   0   0   0 |     GAG   1   1   1   1   1   1 |     GGG   0   0   0   0   0   0
--------------------------------------------------------------------------------------------------------------------------------------

--------------------------------------------------------------------------------------------------------------------------------------
Phe TTT   1   1   0   0   0   0 | Ser TCT   0   0   0   0   0   0 | Tyr TAT   0   0   0   0   0   0 | Cys TGT   0   0   0   0   0   0
    TTC   0   0   1   1   1   1 |     TCC   2   2   2   2   2   2 |     TAC   0   0   0   0   0   0 |     TGC   0   0   0   0   0   0
Leu TTA   0   0   0   0   0   0 |     TCA   0   0   0   0   0   0 | *** TAA   0   0   0   0   0   0 | *** TGA   0   0   0   0   0   0
    TTG   0   0   0   0   0   0 |     TCG   0   0   0   0   0   0 |     TAG   0   0   0   0   0   0 | Trp TGG   0   0   0   0   0   0
--------------------------------------------------------------------------------------------------------------------------------------
Leu CTT   1   1   1   1   1   1 | Pro CCT   0   0   0   0   0   0 | His CAT   0   0   0   0   0   0 | Arg CGT   0   0   0   0   0   0
    CTC   1   1   1   1   1   1 |     CCC   0   0   0   0   0   0 |     CAC   0   0   0   0   0   0 |     CGC   0   0   0   0   0   0
    CTA   0   0   0   0   0   0 |     CCA   1   1   1   1   1   1 | Gln CAA   1   1   1   1   1   1 |     CGA   0   0   0   0   0   0
    CTG   0   0   0   0   0   0 |     CCG   0   0   0   0   0   0 |     CAG   1   1   1   1   1   1 |     CGG   1   1   1   1   1   1
--------------------------------------------------------------------------------------------------------------------------------------
Ile ATT   1   1   1   1   1   2 | Thr ACT   0   0   0   0   0   0 | Asn AAT   1   1   1   1   1   1 | Ser AGT   2   2   2   2   2   2
    ATC   1   1   1   1   1   1 |     ACC   0   0   0   0   0   0 |     AAC   0   0   0   0   0   0 |     AGC   1   1   1   1   1   1
    ATA   1   1   1   1   1   0 |     ACA   1   1   1   1   1   1 | Lys AAA   2   2   2   2   2   2 | Arg AGA   0   0   0   0   0   0
Met ATG   1   1   1   1   1   1 |     ACG   0   0   0   0   0   0 |     AAG   0   0   0   0   0   0 |     AGG   2   2   2   2   2   2
--------------------------------------------------------------------------------------------------------------------------------------
Val GTT   2   2   2   2   2   2 | Ala GCT   0   0   0   0   0   0 | Asp GAT   0   0   0   0   0   0 | Gly GGT   0   0   0   0   0   0
    GTC   0   0   0   0   0   0 |     GCC   2   2   2   2   2   2 |     GAC   1   1   1   1   1   1 |     GGC   0   0   0   0   0   0
    GTA   1   1   1   1   1   1 |     GCA   2   2   2   2   2   2 | Glu GAA   1   1   1   1   1   1 |     GGA   0   0   0   0   0   0
    GTG   2   2   2   2   2   2 |     GCG   0   0   0   0   0   0 |     GAG   1   1   1   1   1   1 |     GGG   0   0   0   0   0   0
--------------------------------------------------------------------------------------------------------------------------------------

--------------------------------------------------------------------------------------------------------------------------------------
Phe TTT   1   1   0   0   1   0 | Ser TCT   0   0   0   0   0   0 | Tyr TAT   0   0   0   0   0   0 | Cys TGT   0   0   0   0   0   0
    TTC   0   0   1   1   0   1 |     TCC   2   2   2   2   2   2 |     TAC   0   0   0   0   0   0 |     TGC   0   0   0   0   0   0
Leu TTA   0   0   0   0   0   0 |     TCA   0   0   0   0   0   0 | *** TAA   0   0   0   0   0   0 | *** TGA   0   0   0   0   0   0
    TTG   0   0   0   0   0   0 |     TCG   0   0   0   0   0   0 |     TAG   0   0   0   0   0   0 | Trp TGG   0   0   0   0   0   0
--------------------------------------------------------------------------------------------------------------------------------------
Leu CTT   1   1   1   1   1   1 | Pro CCT   0   0   0   0   0   0 | His CAT   0   0   0   0   0   0 | Arg CGT   0   0   0   0   0   0
    CTC   1   1   1   1   1   1 |     CCC   0   0   0   0   0   0 |     CAC   0   0   0   0   0   0 |     CGC   0   0   0   0   0   0
    CTA   0   0   0   0   0   0 |     CCA   1   1   1   1   1   1 | Gln CAA   1   1   1   1   1   1 |     CGA   0   0   0   0   0   0
    CTG   0   0   0   0   0   0 |     CCG   0   0   0   0   0   0 |     CAG   1   1   1   1   1   1 |     CGG   1   1   1   1   1   1
--------------------------------------------------------------------------------------------------------------------------------------
Ile ATT   1   1   2   1   1   1 | Thr ACT   0   0   0   0   0   0 | Asn AAT   1   1   1   1   1   1 | Ser AGT   2   2   2   2   2   2
    ATC   1   1   1   1   1   1 |     ACC   0   0   0   0   0   0 |     AAC   0   0   0   0   0   0 |     AGC   1   1   1   1   1   1
    ATA   1   1   0   1   1   1 |     ACA   1   1   1   1   1   1 | Lys AAA   2   2   2   2   2   2 | Arg AGA   0   0   0   0   0   0
Met ATG   1   1   1   1   1   1 |     ACG   0   0   0   0   0   0 |     AAG   0   0   0   0   0   0 |     AGG   2   2   2   2   2   2
--------------------------------------------------------------------------------------------------------------------------------------
Val GTT   2   2   2   2   2   2 | Ala GCT   0   0   0   0   0   0 | Asp GAT   0   0   0   0   0   0 | Gly GGT   0   0   0   0   0   0
    GTC   0   0   0   0   0   0 |     GCC   2   2   2   2   2   2 |     GAC   1   1   1   1   1   1 |     GGC   0   0   0   0   0   0
    GTA   1   1   1   1   1   1 |     GCA   2   2   2   2   2   2 | Glu GAA   1   1   1   1   1   1 |     GGA   0   0   0   0   0   0
    GTG   2   2   2   2   2   2 |     GCG   0   0   0   0   0   0 |     GAG   1   1   1   1   1   1 |     GGG   0   0   0   0   0   0
--------------------------------------------------------------------------------------------------------------------------------------

--------------------------------------------------------------------------------------------------------------------------------------
Phe TTT   0   0   1   0   1   1 | Ser TCT   0   0   0   0   0   0 | Tyr TAT   0   0   0   0   0   0 | Cys TGT   0   0   0   0   0   0
    TTC   1   1   0   1   0   0 |     TCC   2   2   2   1   2   2 |     TAC   0   0   0   0   0   0 |     TGC   0   0   0   0   0   0
Leu TTA   0   0   0   0   0   0 |     TCA   0   0   0   0   0   0 | *** TAA   0   0   0   0   0   0 | *** TGA   0   0   0   0   0   0
    TTG   0   0   0   0   0   0 |     TCG   0   0   0   1   0   0 |     TAG   0   0   0   0   0   0 | Trp TGG   0   0   0   0   0   0
--------------------------------------------------------------------------------------------------------------------------------------
Leu CTT   1   1   1   1   1   1 | Pro CCT   0   0   0   0   0   0 | His CAT   0   0   0   0   0   0 | Arg CGT   0   0   0   0   0   0
    CTC   1   1   1   1   1   1 |     CCC   0   0   0   0   0   0 |     CAC   0   0   0   0   0   0 |     CGC   0   0   0   0   0   0
    CTA   0   0   0   0   0   0 |     CCA   1   1   1   1   1   1 | Gln CAA   1   1   1   1   1   1 |     CGA   0   0   0   0   0   0
    CTG   0   0   0   0   0   0 |     CCG   0   0   0   0   0   0 |     CAG   1   1   1   1   1   1 |     CGG   1   1   1   1   1   1
--------------------------------------------------------------------------------------------------------------------------------------
Ile ATT   1   1   1   1   1   1 | Thr ACT   0   0   0   0   0   0 | Asn AAT   1   1   1   1   1   1 | Ser AGT   2   2   2   2   2   2
    ATC   1   1   1   1   1   1 |     ACC   0   0   0   0   0   0 |     AAC   0   0   0   0   0   0 |     AGC   1   1   1   1   1   1
    ATA   1   1   1   1   1   1 |     ACA   1   1   1   1   1   1 | Lys AAA   2   2   2   2   2   2 | Arg AGA   0   0   0   0   0   0
Met ATG   1   1   1   1   1   1 |     ACG   0   0   0   0   0   0 |     AAG   0   0   0   0   0   0 |     AGG   2   2   2   2   2   2
--------------------------------------------------------------------------------------------------------------------------------------
Val GTT   2   2   2   2   2   2 | Ala GCT   0   0   0   0   0   0 | Asp GAT   0   0   0   0   0   0 | Gly GGT   0   0   0   0   0   0
    GTC   0   0   0   0   0   0 |     GCC   2   2   2   2   2   2 |     GAC   1   1   1   1   1   1 |     GGC   0   0   0   0   0   0
    GTA   1   1   1   1   1   1 |     GCA   2   2   2   2   2   2 | Glu GAA   1   1   1   1   1   1 |     GGA   0   0   0   0   0   0
    GTG   2   2   2   2   2   2 |     GCG   0   0   0   0   0   0 |     GAG   1   1   1   1   1   1 |     GGG   0   0   0   0   0   0
--------------------------------------------------------------------------------------------------------------------------------------

--------------------------------------------------------------------------------------------------------------------------------------
Phe TTT   0   0   0   0   0   1 | Ser TCT   0   0   0   0   0   0 | Tyr TAT   0   0   0   0   0   0 | Cys TGT   0   0   0   0   0   0
    TTC   1   1   1   1   1   0 |     TCC   2   2   2   2   2   2 |     TAC   0   0   0   0   0   0 |     TGC   0   0   0   0   0   0
Leu TTA   0   0   0   0   0   0 |     TCA   0   0   0   0   0   0 | *** TAA   0   0   0   0   0   0 | *** TGA   0   0   0   0   0   0
    TTG   0   0   0   0   0   0 |     TCG   0   0   0   0   0   0 |     TAG   0   0   0   0   0   0 | Trp TGG   0   0   0   0   0   0
--------------------------------------------------------------------------------------------------------------------------------------
Leu CTT   1   1   1   1   1   1 | Pro CCT   0   0   0   0   0   0 | His CAT   0   0   0   0   0   0 | Arg CGT   0   0   0   0   0   0
    CTC   1   1   1   1   1   1 |     CCC   0   0   0   0   0   0 |     CAC   0   0   0   0   0   0 |     CGC   0   0   0   0   0   0
    CTA   0   0   0   0   0   0 |     CCA   1   1   1   1   1   1 | Gln CAA   1   1   1   1   1   1 |     CGA   0   0   0   0   0   0
    CTG   0   0   0   0   0   0 |     CCG   0   0   0   0   0   0 |     CAG   1   1   1   1   1   1 |     CGG   1   1   1   1   1   1
--------------------------------------------------------------------------------------------------------------------------------------
Ile ATT   1   1   2   1   1   1 | Thr ACT   0   0   0   0   0   0 | Asn AAT   1   1   1   1   1   1 | Ser AGT   2   2   2   2   2   2
    ATC   1   1   1   1   1   1 |     ACC   0   0   0   0   0   0 |     AAC   0   0   0   0   0   0 |     AGC   1   1   1   1   1   1
    ATA   1   1   0   1   1   1 |     ACA   1   1   1   1   1   1 | Lys AAA   2   2   2   2   2   2 | Arg AGA   0   0   0   0   0   0
Met ATG   1   1   1   1   1   1 |     ACG   0   0   0   0   0   0 |     AAG   0   0   0   0   0   0 |     AGG   2   2   2   2   2   2
--------------------------------------------------------------------------------------------------------------------------------------
Val GTT   2   2   2   2   2   2 | Ala GCT   0   0   0   0   0   0 | Asp GAT   0   0   0   0   0   0 | Gly GGT   0   0   0   0   0   0
    GTC   0   0   0   0   0   0 |     GCC   2   2   2   2   2   2 |     GAC   1   1   1   1   1   1 |     GGC   0   0   0   0   0   0
    GTA   1   1   1   1   1   1 |     GCA   2   2   2   2   2   2 | Glu GAA   1   1   1   1   1   1 |     GGA   0   0   0   0   0   0
    GTG   2   2   2   2   2   2 |     GCG   0   0   0   0   0   0 |     GAG   1   1   1   1   1   1 |     GGG   0   0   0   0   0   0
--------------------------------------------------------------------------------------------------------------------------------------

--------------------------------------------------------------------------------------------------------------------------------------
Phe TTT   1   0   1   1   0   0 | Ser TCT   0   0   0   0   0   0 | Tyr TAT   0   0   0   0   0   0 | Cys TGT   0   0   0   0   0   0
    TTC   0   1   0   0   1   1 |     TCC   2   2   2   2   2   2 |     TAC   0   0   0   0   0   0 |     TGC   0   0   0   0   0   0
Leu TTA   0   0   0   0   0   0 |     TCA   0   0   0   0   0   0 | *** TAA   0   0   0   0   0   0 | *** TGA   0   0   0   0   0   0
    TTG   0   0   0   0   0   0 |     TCG   0   0   0   0   0   0 |     TAG   0   0   0   0   0   0 | Trp TGG   0   0   0   0   0   0
--------------------------------------------------------------------------------------------------------------------------------------
Leu CTT   1   1   1   1   1   1 | Pro CCT   0   0   0   0   0   0 | His CAT   0   0   0   0   0   0 | Arg CGT   0   0   0   0   0   0
    CTC   1   1   1   1   1   1 |     CCC   0   0   0   0   0   0 |     CAC   0   0   0   0   0   0 |     CGC   0   0   0   0   0   0
    CTA   0   0   0   0   0   0 |     CCA   1   1   1   1   1   1 | Gln CAA   1   1   1   1   1   1 |     CGA   0   0   0   0   0   0
    CTG   0   0   0   0   0   0 |     CCG   0   0   0   0   0   0 |     CAG   1   1   1   1   1   1 |     CGG   1   1   1   1   1   1
--------------------------------------------------------------------------------------------------------------------------------------
Ile ATT   1   1   1   1   1   1 | Thr ACT   0   0   0   0   0   0 | Asn AAT   1   1   1   1   1   1 | Ser AGT   2   2   2   2   2   2
    ATC   1   1   1   1   1   1 |     ACC   0   0   0   0   0   0 |     AAC   0   0   0   0   0   0 |     AGC   1   1   1   1   1   1
    ATA   1   1   1   1   1   1 |     ACA   1   1   1   1   1   1 | Lys AAA   2   2   2   2   2   2 | Arg AGA   0   0   0   0   0   0
Met ATG   1   1   1   1   1   1 |     ACG   0   0   0   0   0   0 |     AAG   0   0   0   0   0   0 |     AGG   2   2   2   2   2   2
--------------------------------------------------------------------------------------------------------------------------------------
Val GTT   2   2   2   2   2   2 | Ala GCT   0   0   0   0   0   0 | Asp GAT   0   0   0   0   0   0 | Gly GGT   0   0   0   0   0   0
    GTC   0   0   0   0   0   0 |     GCC   2   2   2   2   2   2 |     GAC   1   1   1   1   1   1 |     GGC   0   0   0   0   0   0
    GTA   1   1   1   1   1   1 |     GCA   2   2   2   2   2   2 | Glu GAA   1   1   1   1   1   1 |     GGA   0   0   0   0   0   0
    GTG   2   2   2   2   2   2 |     GCG   0   0   0   0   0   0 |     GAG   1   1   1   1   1   1 |     GGG   0   0   0   0   0   0
--------------------------------------------------------------------------------------------------------------------------------------

--------------------------------------------------------------------------------------------------------------------------------------
Phe TTT   0   0   0   1   0   0 | Ser TCT   0   0   0   0   0   0 | Tyr TAT   0   0   0   0   0   0 | Cys TGT   0   0   0   0   0   0
    TTC   1   1   1   0   1   1 |     TCC   2   2   2   2   2   2 |     TAC   0   0   0   0   0   0 |     TGC   0   0   0   0   0   0
Leu TTA   0   0   0   0   0   0 |     TCA   0   0   0   0   0   0 | *** TAA   0   0   0   0   0   0 | *** TGA   0   0   0   0   0   0
    TTG   0   0   0   0   0   0 |     TCG   0   0   0   0   0   0 |     TAG   0   0   0   0   0   0 | Trp TGG   0   0   0   0   0   0
--------------------------------------------------------------------------------------------------------------------------------------
Leu CTT   1   1   1   1   1   1 | Pro CCT   0   0   0   0   0   0 | His CAT   0   0   0   0   0   0 | Arg CGT   0   0   0   0   0   0
    CTC   1   1   1   1   1   1 |     CCC   0   0   0   0   0   0 |     CAC   0   0   0   0   0   0 |     CGC   0   0   0   0   0   0
    CTA   0   0   0   0   0   0 |     CCA   1   1   1   1   1   1 | Gln CAA   1   1   1   1   1   1 |     CGA   0   0   0   0   0   0
    CTG   0   0   0   0   0   0 |     CCG   0   0   0   0   0   0 |     CAG   1   1   1   1   1   1 |     CGG   1   1   1   1   1   1
--------------------------------------------------------------------------------------------------------------------------------------
Ile ATT   1   1   1   1   1   1 | Thr ACT   0   0   0   0   0   0 | Asn AAT   1   1   1   1   2   1 | Ser AGT   2   2   2   2   1   2
    ATC   1   1   1   1   1   1 |     ACC   0   0   0   0   0   0 |     AAC   0   0   0   0   0   0 |     AGC   1   1   1   1   1   1
    ATA   1   1   1   1   1   1 |     ACA   1   1   1   1   1   1 | Lys AAA   2   2   2   2   2   2 | Arg AGA   0   0   0   0   0   0
Met ATG   1   1   1   1   1   1 |     ACG   0   0   0   0   0   0 |     AAG   0   0   0   0   0   0 |     AGG   2   2   2   2   2   2
--------------------------------------------------------------------------------------------------------------------------------------
Val GTT   2   2   2   2   2   2 | Ala GCT   0   0   0   0   0   0 | Asp GAT   0   0   0   0   0   0 | Gly GGT   0   0   0   0   0   0
    GTC   0   0   0   0   0   0 |     GCC   2   2   2   2   2   2 |     GAC   1   1   1   1   1   1 |     GGC   0   0   0   0   0   0
    GTA   1   1   1   1   1   1 |     GCA   2   2   2   2   2   2 | Glu GAA   1   1   1   1   1   1 |     GGA   0   0   0   0   0   0
    GTG   2   2   2   2   2   2 |     GCG   0   0   0   0   0   0 |     GAG   1   1   1   1   1   1 |     GGG   0   0   0   0   0   0
--------------------------------------------------------------------------------------------------------------------------------------

Codon position x base (3x4) table for each sequence.

#1: Argali         
position  1:    T:0.08824    C:0.17647    A:0.38235    G:0.35294
position  2:    T:0.35294    C:0.23529    A:0.23529    G:0.17647
position  3:    T:0.23529    C:0.26471    A:0.26471    G:0.23529
Average         T:0.22549    C:0.22549    A:0.29412    G:0.25490

#2: LesserMouseDeer
position  1:    T:0.08824    C:0.17647    A:0.38235    G:0.35294
position  2:    T:0.35294    C:0.23529    A:0.23529    G:0.17647
position  3:    T:0.23529    C:0.23529    A:0.29412    G:0.23529
Average         T:0.22549    C:0.21569    A:0.30392    G:0.25490

#3: LesserKudu     
position  1:    T:0.08824    C:0.17647    A:0.38235    G:0.35294
position  2:    T:0.35294    C:0.23529    A:0.23529    G:0.17647
position  3:    T:0.20588    C:0.26471    A:0.29412    G:0.23529
Average         T:0.21569    C:0.22549    A:0.30392    G:0.25490

#4: ForestMuskDeer2
position  1:    T:0.08824    C:0.17647    A:0.38235    G:0.35294
position  2:    T:0.35294    C:0.23529    A:0.23529    G:0.17647
position  3:    T:0.23529    C:0.23529    A:0.29412    G:0.23529
Average         T:0.22549    C:0.21569    A:0.30392    G:0.25490

#5: Camel          
position  1:    T:0.08824    C:0.17647    A:0.38235    G:0.35294
position  2:    T:0.35294    C:0.23529    A:0.23529    G:0.17647
position  3:    T:0.23529    C:0.23529    A:0.29412    G:0.23529
Average         T:0.22549    C:0.21569    A:0.30392    G:0.25490

#6: KillerWhale    
position  1:    T:0.08824    C:0.17647    A:0.38235    G:0.35294
position  2:    T:0.35294    C:0.23529    A:0.23529    G:0.17647
position  3:    T:0.23529    C:0.23529    A:0.29412    G:0.23529
Average         T:0.22549    C:0.21569    A:0.30392    G:0.25490

#7: DefassaWaterbuck
position  1:    T:0.08824    C:0.17647    A:0.38235    G:0.35294
position  2:    T:0.35294    C:0.23529    A:0.23529    G:0.17647
position  3:    T:0.20588    C:0.26471    A:0.29412    G:0.23529
Average         T:0.21569    C:0.22549    A:0.30392    G:0.25490

#8: Sheep          
position  1:    T:0.08824    C:0.17647    A:0.38235    G:0.35294
position  2:    T:0.35294    C:0.23529    A:0.23529    G:0.17647
position  3:    T:0.23529    C:0.26471    A:0.26471    G:0.23529
Average         T:0.22549    C:0.22549    A:0.29412    G:0.25490

#9: MaxwellsDuiker 
position  1:    T:0.08824    C:0.17647    A:0.38235    G:0.35294
position  2:    T:0.35294    C:0.23529    A:0.23529    G:0.17647
position  3:    T:0.20588    C:0.23529    A:0.29412    G:0.26471
Average         T:0.21569    C:0.21569    A:0.30392    G:0.26471

#10: GazellaPrzewalskyi
position  1:    T:0.08824    C:0.17647    A:0.38235    G:0.35294
position  2:    T:0.35294    C:0.23529    A:0.23529    G:0.17647
position  3:    T:0.20588    C:0.26471    A:0.29412    G:0.23529
Average         T:0.21569    C:0.22549    A:0.30392    G:0.25490

#11: MountainNyala  
position  1:    T:0.08824    C:0.17647    A:0.38235    G:0.35294
position  2:    T:0.35294    C:0.23529    A:0.23529    G:0.17647
position  3:    T:0.20588    C:0.26471    A:0.29412    G:0.23529
Average         T:0.21569    C:0.22549    A:0.30392    G:0.25490

#12: MuntiacusMuntjak
position  1:    T:0.08824    C:0.17647    A:0.38235    G:0.35294
position  2:    T:0.35294    C:0.23529    A:0.23529    G:0.17647
position  3:    T:0.23529    C:0.23529    A:0.29412    G:0.23529
Average         T:0.22549    C:0.21569    A:0.30392    G:0.25490

#13: goat           
position  1:    T:0.08824    C:0.17647    A:0.38235    G:0.35294
position  2:    T:0.35294    C:0.23529    A:0.23529    G:0.17647
position  3:    T:0.23529    C:0.26471    A:0.26471    G:0.23529
Average         T:0.22549    C:0.22549    A:0.29412    G:0.25490

#14: AfricanBuffalo 
position  1:    T:0.08824    C:0.17647    A:0.38235    G:0.35294
position  2:    T:0.35294    C:0.23529    A:0.23529    G:0.17647
position  3:    T:0.20588    C:0.26471    A:0.29412    G:0.23529
Average         T:0.21569    C:0.22549    A:0.30392    G:0.25490

#15: Topi           
position  1:    T:0.08824    C:0.17647    A:0.38235    G:0.35294
position  2:    T:0.35294    C:0.23529    A:0.23529    G:0.17647
position  3:    T:0.23529    C:0.23529    A:0.29412    G:0.23529
Average         T:0.22549    C:0.21569    A:0.30392    G:0.25490

#16: CommonDuiker   
position  1:    T:0.08824    C:0.17647    A:0.38235    G:0.35294
position  2:    T:0.35294    C:0.23529    A:0.23529    G:0.17647
position  3:    T:0.20588    C:0.23529    A:0.29412    G:0.26471
Average         T:0.21569    C:0.21569    A:0.30392    G:0.26471

#17: Suni           
position  1:    T:0.08824    C:0.17647    A:0.38235    G:0.35294
position  2:    T:0.35294    C:0.23529    A:0.23529    G:0.17647
position  3:    T:0.20588    C:0.26471    A:0.29412    G:0.23529
Average         T:0.21569    C:0.22549    A:0.30392    G:0.25490

#18: Springbuck     
position  1:    T:0.08824    C:0.17647    A:0.38235    G:0.35294
position  2:    T:0.35294    C:0.23529    A:0.23529    G:0.17647
position  3:    T:0.20588    C:0.26471    A:0.29412    G:0.23529
Average         T:0.21569    C:0.22549    A:0.30392    G:0.25490

#19: Okapi          
position  1:    T:0.08824    C:0.17647    A:0.38235    G:0.35294
position  2:    T:0.35294    C:0.23529    A:0.23529    G:0.17647
position  3:    T:0.23529    C:0.23529    A:0.29412    G:0.23529
Average         T:0.22549    C:0.21569    A:0.30392    G:0.25490

#20: Giraffe        
position  1:    T:0.08824    C:0.17647    A:0.38235    G:0.35294
position  2:    T:0.35294    C:0.23529    A:0.23529    G:0.17647
position  3:    T:0.23529    C:0.23529    A:0.29412    G:0.23529
Average         T:0.22549    C:0.21569    A:0.30392    G:0.25490

#21: TibetanAntelope
position  1:    T:0.08824    C:0.17647    A:0.38235    G:0.35294
position  2:    T:0.35294    C:0.23529    A:0.23529    G:0.17647
position  3:    T:0.20588    C:0.26471    A:0.29412    G:0.23529
Average         T:0.21569    C:0.22549    A:0.30392    G:0.25490

#22: Sitatunga      
position  1:    T:0.08824    C:0.17647    A:0.38235    G:0.35294
position  2:    T:0.35294    C:0.23529    A:0.23529    G:0.17647
position  3:    T:0.20588    C:0.26471    A:0.29412    G:0.23529
Average         T:0.21569    C:0.22549    A:0.30392    G:0.25490

#23: Oribi          
position  1:    T:0.08824    C:0.17647    A:0.38235    G:0.35294
position  2:    T:0.35294    C:0.23529    A:0.23529    G:0.17647
position  3:    T:0.20588    C:0.26471    A:0.29412    G:0.23529
Average         T:0.21569    C:0.22549    A:0.30392    G:0.25490

#24: BarbarySheep   
position  1:    T:0.08824    C:0.17647    A:0.38235    G:0.35294
position  2:    T:0.35294    C:0.23529    A:0.23529    G:0.17647
position  3:    T:0.23529    C:0.26471    A:0.26471    G:0.23529
Average         T:0.22549    C:0.22549    A:0.29412    G:0.25490

#25: Daviddeer      
position  1:    T:0.08824    C:0.17647    A:0.38235    G:0.35294
position  2:    T:0.35294    C:0.23529    A:0.23529    G:0.17647
position  3:    T:0.23529    C:0.23529    A:0.29412    G:0.23529
Average         T:0.22549    C:0.21569    A:0.30392    G:0.25490

#26: Reindeer       
position  1:    T:0.08824    C:0.17647    A:0.38235    G:0.35294
position  2:    T:0.35294    C:0.23529    A:0.23529    G:0.17647
position  3:    T:0.23529    C:0.23529    A:0.29412    G:0.23529
Average         T:0.22549    C:0.21569    A:0.30392    G:0.25490

#27: Ibex           
position  1:    T:0.08824    C:0.17647    A:0.38235    G:0.35294
position  2:    T:0.35294    C:0.23529    A:0.23529    G:0.17647
position  3:    T:0.23529    C:0.26471    A:0.26471    G:0.23529
Average         T:0.22549    C:0.22549    A:0.29412    G:0.25490

#28: GyrantGazelle  
position  1:    T:0.08824    C:0.17647    A:0.38235    G:0.35294
position  2:    T:0.35294    C:0.23529    A:0.23529    G:0.17647
position  3:    T:0.20588    C:0.26471    A:0.29412    G:0.23529
Average         T:0.21569    C:0.22549    A:0.30392    G:0.25490

#29: Hartebeest     
position  1:    T:0.08824    C:0.17647    A:0.38235    G:0.35294
position  2:    T:0.35294    C:0.23529    A:0.23529    G:0.17647
position  3:    T:0.23529    C:0.23529    A:0.29412    G:0.23529
Average         T:0.22549    C:0.21569    A:0.30392    G:0.25490

#30: Bongo          
position  1:    T:0.08824    C:0.17647    A:0.38235    G:0.35294
position  2:    T:0.35294    C:0.23529    A:0.23529    G:0.17647
position  3:    T:0.20588    C:0.26471    A:0.29412    G:0.23529
Average         T:0.21569    C:0.22549    A:0.30392    G:0.25490

#31: Gerenuk        
position  1:    T:0.08824    C:0.17647    A:0.38235    G:0.35294
position  2:    T:0.35294    C:0.23529    A:0.23529    G:0.17647
position  3:    T:0.20588    C:0.26471    A:0.29412    G:0.23529
Average         T:0.21569    C:0.22549    A:0.30392    G:0.25490

#32: CommonEland    
position  1:    T:0.08824    C:0.17647    A:0.38235    G:0.35294
position  2:    T:0.35294    C:0.23529    A:0.23529    G:0.17647
position  3:    T:0.20588    C:0.26471    A:0.29412    G:0.23529
Average         T:0.21569    C:0.22549    A:0.30392    G:0.25490

#33: MuntiacusReevesi
position  1:    T:0.08824    C:0.17647    A:0.38235    G:0.35294
position  2:    T:0.35294    C:0.23529    A:0.23529    G:0.17647
position  3:    T:0.23529    C:0.23529    A:0.29412    G:0.23529
Average         T:0.22549    C:0.21569    A:0.30392    G:0.25490

#34: HarveysDuiker  
position  1:    T:0.08824    C:0.17647    A:0.38235    G:0.35294
position  2:    T:0.35294    C:0.23529    A:0.23529    G:0.17647
position  3:    T:0.20588    C:0.23529    A:0.29412    G:0.26471
Average         T:0.21569    C:0.21569    A:0.30392    G:0.26471

#35: Pronghorn      
position  1:    T:0.08824    C:0.17647    A:0.38235    G:0.35294
position  2:    T:0.35294    C:0.23529    A:0.23529    G:0.17647
position  3:    T:0.23529    C:0.23529    A:0.29412    G:0.23529
Average         T:0.22549    C:0.21569    A:0.30392    G:0.25490

#36: BlueWildebeest 
position  1:    T:0.08824    C:0.17647    A:0.38235    G:0.35294
position  2:    T:0.35294    C:0.23529    A:0.23529    G:0.17647
position  3:    T:0.23529    C:0.23529    A:0.29412    G:0.23529
Average         T:0.22549    C:0.21569    A:0.30392    G:0.25490

#37: Gemsbok        
position  1:    T:0.08824    C:0.17647    A:0.38235    G:0.35294
position  2:    T:0.35294    C:0.23529    A:0.23529    G:0.17647
position  3:    T:0.20588    C:0.26471    A:0.29412    G:0.23529
Average         T:0.21569    C:0.22549    A:0.30392    G:0.25490

#38: Yak            
position  1:    T:0.08824    C:0.17647    A:0.38235    G:0.35294
position  2:    T:0.35294    C:0.23529    A:0.23529    G:0.17647
position  3:    T:0.20588    C:0.26471    A:0.29412    G:0.23529
Average         T:0.21569    C:0.22549    A:0.30392    G:0.25490

#39: BlueSheep      
position  1:    T:0.08824    C:0.17647    A:0.38235    G:0.35294
position  2:    T:0.35294    C:0.23529    A:0.23529    G:0.17647
position  3:    T:0.23529    C:0.26471    A:0.26471    G:0.23529
Average         T:0.22549    C:0.22549    A:0.29412    G:0.25490

#40: BohorReedbuck  
position  1:    T:0.08824    C:0.17647    A:0.38235    G:0.35294
position  2:    T:0.35294    C:0.23529    A:0.23529    G:0.17647
position  3:    T:0.20588    C:0.26471    A:0.29412    G:0.23529
Average         T:0.21569    C:0.22549    A:0.30392    G:0.25490

#41: KirksDik       
position  1:    T:0.08824    C:0.17647    A:0.38235    G:0.35294
position  2:    T:0.35294    C:0.23529    A:0.23529    G:0.17647
position  3:    T:0.20588    C:0.26471    A:0.29412    G:0.23529
Average         T:0.21569    C:0.22549    A:0.30392    G:0.25490

#42: RoeDeer        
position  1:    T:0.08824    C:0.17647    A:0.38235    G:0.35294
position  2:    T:0.35294    C:0.23529    A:0.23529    G:0.17647
position  3:    T:0.23529    C:0.23529    A:0.29412    G:0.23529
Average         T:0.22549    C:0.21569    A:0.30392    G:0.25490

#43: WhiteLippedDeer
position  1:    T:0.08824    C:0.17647    A:0.38235    G:0.35294
position  2:    T:0.35294    C:0.23529    A:0.23529    G:0.17647
position  3:    T:0.23529    C:0.23529    A:0.29412    G:0.23529
Average         T:0.22549    C:0.21569    A:0.30392    G:0.25490

#44: ThomsonGazelle 
position  1:    T:0.08824    C:0.17647    A:0.38235    G:0.35294
position  2:    T:0.35294    C:0.23529    A:0.23529    G:0.17647
position  3:    T:0.20588    C:0.26471    A:0.29412    G:0.23529
Average         T:0.21569    C:0.22549    A:0.30392    G:0.25490

#45: MuntiacusCrinifrons
position  1:    T:0.08824    C:0.17647    A:0.38235    G:0.35294
position  2:    T:0.35294    C:0.23529    A:0.23529    G:0.17647
position  3:    T:0.23529    C:0.23529    A:0.29412    G:0.23529
Average         T:0.22549    C:0.21569    A:0.30392    G:0.25490

#46: WhiteTailedDeer
position  1:    T:0.08824    C:0.17647    A:0.38235    G:0.35294
position  2:    T:0.35294    C:0.23529    A:0.23529    G:0.17647
position  3:    T:0.23529    C:0.23529    A:0.29412    G:0.23529
Average         T:0.22549    C:0.21569    A:0.30392    G:0.25490

#47: Cattle         
position  1:    T:0.08824    C:0.17647    A:0.38235    G:0.35294
position  2:    T:0.35294    C:0.23529    A:0.23529    G:0.17647
position  3:    T:0.20588    C:0.26471    A:0.29412    G:0.23529
Average         T:0.21569    C:0.22549    A:0.30392    G:0.25490

#48: RoyalAntelope  
position  1:    T:0.08824    C:0.17647    A:0.38235    G:0.35294
position  2:    T:0.35294    C:0.23529    A:0.23529    G:0.17647
position  3:    T:0.20588    C:0.26471    A:0.29412    G:0.23529
Average         T:0.21569    C:0.22549    A:0.30392    G:0.25490

#49: Steenbok       
position  1:    T:0.08824    C:0.17647    A:0.38235    G:0.35294
position  2:    T:0.35294    C:0.23529    A:0.23529    G:0.17647
position  3:    T:0.20588    C:0.26471    A:0.29412    G:0.23529
Average         T:0.21569    C:0.22549    A:0.30392    G:0.25490

#50: Impala         
position  1:    T:0.08824    C:0.17647    A:0.38235    G:0.35294
position  2:    T:0.35294    C:0.23529    A:0.23529    G:0.17647
position  3:    T:0.20588    C:0.26471    A:0.29412    G:0.23529
Average         T:0.21569    C:0.22549    A:0.30392    G:0.25490

#51: Klipspringer   
position  1:    T:0.08824    C:0.17647    A:0.38235    G:0.35294
position  2:    T:0.35294    C:0.23529    A:0.23529    G:0.17647
