CODONML (in paml version 4.10.7, June 2023)  /home/rachel/ruminants_paml/6406-phy-tree/ENSBTAT00000013222.fasta.phy
Model: free dN/dS Ratios for branches,  kappa = 2.000 fixed

Codon frequency model: F3x4
ns =  54  ls =  45

Codon usage in sequences
--------------------------------------------------------------------------------------------------------------------------------------
Phe TTT   1   2   2   2   2   2 | Ser TCT   0   0   0   0   0   0 | Tyr TAT   1   0   1   0   0   0 | Cys TGT   0   0   0   0   0   0
    TTC   3   2   2   2   2   2 |     TCC   1   2   1   1   1   1 |     TAC   0   1   0   1   1   1 |     TGC   0   0   0   0   0   0
Leu TTA   1   1   1   1   0   1 |     TCA   1   0   1   1   1   1 | *** TAA   0   0   0   0   0   0 | *** TGA   0   0   0   0   0   0
    TTG   0   0   0   0   1   0 |     TCG   0   0   0   0   0   0 |     TAG   0   0   0   0   0   0 | Trp TGG   1   1   1   1   1   1
--------------------------------------------------------------------------------------------------------------------------------------
Leu CTT   0   0   0   0   0   0 | Pro CCT   1   1   1   1   1   1 | His CAT   2   2   3   2   1   2 | Arg CGT   0   0   0   0   0   0
    CTC   1   1   1   1   1   1 |     CCC   0   0   0   0   0   0 |     CAC   3   3   2   3   4   3 |     CGC   0   0   0   0   0   0
    CTA   0   0   0   0   0   0 |     CCA   2   2   2   2   2   2 | Gln CAA   0   0   0   0   0   0 |     CGA   0   0   0   0   0   0
    CTG   2   2   2   2   2   2 |     CCG   1   1   1   1   1   1 |     CAG   0   0   0   0   0   0 |     CGG   0   0   0   0   0   0
--------------------------------------------------------------------------------------------------------------------------------------
Ile ATT   1   0   1   1   1   1 | Thr ACT   1   1   1   1   1   1 | Asn AAT   1   1   1   1   1   1 | Ser AGT   0   0   0   0   0   0
    ATC   0   1   0   0   0   0 |     ACC   0   0   0   0   0   0 |     AAC   1   1   1   1   1   1 |     AGC   0   0   0   0   0   0
    ATA   0   0   0   0   0   0 |     ACA   1   0   0   1   1   0 | Lys AAA   0   0   0   0   0   0 | Arg AGA   0   0   0   0   0   0
Met ATG   0   0   0   0   0   0 |     ACG   0   1   1   0   0   1 |     AAG   0   0   0   0   0   0 |     AGG   0   0   0   0   0   0
--------------------------------------------------------------------------------------------------------------------------------------
Val GTT   0   0   0   0   0   0 | Ala GCT   2   2   2   1   1   1 | Asp GAT   2   2   2   2   3   3 | Gly GGT   2   1   2   1   1   1
    GTC   0   0   0   0   0   0 |     GCC   2   2   2   3   2   3 |     GAC   3   3   3   3   2   2 |     GGC   1   2   1   2   2   2
    GTA   0   0   0   0   0   0 |     GCA   0   0   0   0   1   0 | Glu GAA   0   1   0   0   0   0 |     GGA   2   2   2   2   2   2
    GTG   2   2   2   2   2   2 |     GCG   0   0   0   0   0   0 |     GAG   2   1   2   2   2   2 |     GGG   1   1   1   1   1   1
--------------------------------------------------------------------------------------------------------------------------------------

--------------------------------------------------------------------------------------------------------------------------------------
Phe TTT   2   1   2   2   2   2 | Ser TCT   0   0   0   0   0   0 | Tyr TAT   1   1   1   1   1   0 | Cys TGT   0   0   0   0   0   0
    TTC   2   3   2   2   2   2 |     TCC   1   1   1   1   1   1 |     TAC   0   0   0   0   0   1 |     TGC   0   0   0   0   0   0
Leu TTA   1   1   1   1   1   1 |     TCA   1   1   1   1   1   1 | *** TAA   0   0   0   0   0   0 | *** TGA   0   0   0   0   0   0
    TTG   0   0   0   0   0   0 |     TCG   0   0   0   0   0   0 |     TAG   0   0   0   0   0   0 | Trp TGG   1   1   1   1   1   1
--------------------------------------------------------------------------------------------------------------------------------------
Leu CTT   0   0   0   0   0   0 | Pro CCT   1   1   1   1   1   1 | His CAT   3   3   3   3   3   3 | Arg CGT   0   0   0   0   0   0
    CTC   1   1   1   2   1   1 |     CCC   0   0   0   0   0   0 |     CAC   2   2   2   2   2   2 |     CGC   0   0   0   0   0   0
    CTA   0   0   0   0   0   0 |     CCA   2   2   2   2   2   2 | Gln CAA   0   0   0   0   0   0 |     CGA   0   0   0   0   0   0
    CTG   2   2   2   1   2   2 |     CCG   1   1   1   1   1   1 |     CAG   0   0   0   0   0   0 |     CGG   0   0   0   0   0   0
--------------------------------------------------------------------------------------------------------------------------------------
Ile ATT   1   1   1   1   1   1 | Thr ACT   1   1   1   1   1   1 | Asn AAT   1   1   1   1   1   1 | Ser AGT   0   0   0   0   0   0
    ATC   0   0   0   0   0   0 |     ACC   0   0   0   0   0   0 |     AAC   1   1   1   1   1   1 |     AGC   0   0   0   0   0   0
    ATA   0   0   0   0   0   0 |     ACA   0   1   0   0   1   0 | Lys AAA   0   0   0   0   0   0 | Arg AGA   0   0   0   0   0   0
Met ATG   0   0   0   0   0   0 |     ACG   1   0   1   1   0   1 |     AAG   0   0   0   0   0   0 |     AGG   0   0   0   0   0   0
--------------------------------------------------------------------------------------------------------------------------------------
Val GTT   0   0   0   0   0   0 | Ala GCT   2   2   2   2   2   2 | Asp GAT   2   2   2   2   2   2 | Gly GGT   2   2   2   2   2   2
    GTC   0   0   0   0   0   0 |     GCC   2   2   2   2   2   2 |     GAC   3   3   3   3   3   3 |     GGC   1   1   1   1   1   1
    GTA   0   0   0   0   0   0 |     GCA   0   0   0   0   0   0 | Glu GAA   0   0   0   0   0   0 |     GGA   2   2   2   2   2   2
    GTG   2   2   2   2   2   2 |     GCG   0   0   0   0   0   0 |     GAG   2   2   2   2   2   2 |     GGG   1   1   1   1   1   1
--------------------------------------------------------------------------------------------------------------------------------------

--------------------------------------------------------------------------------------------------------------------------------------
Phe TTT   2   2   2   2   2   2 | Ser TCT   0   0   0   0   0   0 | Tyr TAT   1   1   1   1   1   1 | Cys TGT   0   0   0   0   0   0
    TTC   2   2   2   2   2   2 |     TCC   1   1   1   1   1   1 |     TAC   0   0   0   0   0   0 |     TGC   0   0   0   0   0   0
Leu TTA   1   1   1   1   1   1 |     TCA   1   1   1   1   1   1 | *** TAA   0   0   0   0   0   0 | *** TGA   0   0   0   0   0   0
    TTG   0   0   0   0   0   0 |     TCG   0   0   0   0   0   0 |     TAG   0   0   0   0   0   0 | Trp TGG   1   1   1   1   1   1
--------------------------------------------------------------------------------------------------------------------------------------
Leu CTT   0   0   0   0   0   0 | Pro CCT   1   1   1   1   1   1 | His CAT   3   3   3   3   3   3 | Arg CGT   0   0   0   0   0   0
    CTC   1   1   1   1   1   1 |     CCC   0   0   0   0   0   0 |     CAC   2   2   2   2   2   2 |     CGC   0   0   0   0   0   0
    CTA   0   0   0   0   0   0 |     CCA   2   2   2   2   2   2 | Gln CAA   0   0   0   0   0   0 |     CGA   0   0   0   0   0   0
    CTG   2   2   2   2   2   2 |     CCG   1   1   1   1   1   1 |     CAG   0   0   0   0   0   0 |     CGG   0   0   0   0   0   0
--------------------------------------------------------------------------------------------------------------------------------------
Ile ATT   1   1   1   1   1   1 | Thr ACT   1   1   1   1   1   1 | Asn AAT   1   1   1   1   1   1 | Ser AGT   0   0   0   0   0   0
    ATC   0   0   0   0   0   0 |     ACC   0   0   0   0   0   0 |     AAC   1   1   1   1   1   1 |     AGC   0   0   0   0   0   0
    ATA   0   0   0   0   0   0 |     ACA   0   0   0   0   1   0 | Lys AAA   0   0   0   0   0   0 | Arg AGA   0   0   0   0   0   0
Met ATG   0   0   0   0   0   0 |     ACG   1   1   1   1   0   1 |     AAG   0   0   0   0   0   0 |     AGG   0   0   0   0   0   0
--------------------------------------------------------------------------------------------------------------------------------------
Val GTT   0   0   0   0   0   0 | Ala GCT   2   2   2   2   2   2 | Asp GAT   2   2   2   2   3   2 | Gly GGT   2   2   2   2   2   2
    GTC   0   0   0   0   0   0 |     GCC   2   2   2   2   2   2 |     GAC   3   3   3   3   2   3 |     GGC   1   1   1   1   1   1
    GTA   0   0   0   0   0   0 |     GCA   0   0   0   0   0   0 | Glu GAA   0   0   0   0   0   0 |     GGA   3   2   2   2   2   2
    GTG   2   2   2   2   2   2 |     GCG   0   0   0   0   0   0 |     GAG   2   2   2   2   2   2 |     GGG   0   1   1   1   1   1
--------------------------------------------------------------------------------------------------------------------------------------

--------------------------------------------------------------------------------------------------------------------------------------
Phe TTT   3   2   2   2   2   2 | Ser TCT   0   0   0   0   0   0 | Tyr TAT   0   0   1   1   1   1 | Cys TGT   0   0   0   0   0   0
    TTC   1   2   2   2   2   2 |     TCC   1   1   1   1   1   1 |     TAC   1   1   0   0   0   0 |     TGC   0   0   0   0   0   0
Leu TTA   1   1   1   1   1   1 |     TCA   1   1   1   1   1   1 | *** TAA   0   0   0   0   0   0 | *** TGA   0   0   0   0   0   0
    TTG   0   0   0   0   0   0 |     TCG   0   0   0   0   0   0 |     TAG   0   0   0   0   0   0 | Trp TGG   1   1   1   1   1   1
--------------------------------------------------------------------------------------------------------------------------------------
Leu CTT   0   0   0   0   0   0 | Pro CCT   1   1   1   1   1   1 | His CAT   2   2   3   3   3   3 | Arg CGT   0   0   0   0   0   0
    CTC   1   1   1   1   1   1 |     CCC   0   0   0   0   0   0 |     CAC   3   3   2   2   2   2 |     CGC   0   0   0   0   0   0
    CTA   0   0   0   0   0   0 |     CCA   2   2   2   2   2   2 | Gln CAA   0   0   0   0   0   0 |     CGA   0   0   0   0   0   0
    CTG   2   2   2   2   2   2 |     CCG   1   1   1   1   1   1 |     CAG   0   0   0   0   0   0 |     CGG   0   0   0   0   0   0
--------------------------------------------------------------------------------------------------------------------------------------
Ile ATT   1   1   1   1   1   1 | Thr ACT   1   1   1   1   1   1 | Asn AAT   1   1   1   1   1   1 | Ser AGT   0   0   0   0   0   0
    ATC   0   0   0   0   0   0 |     ACC   0   0   0   0   0   0 |     AAC   1   1   1   1   1   1 |     AGC   0   0   0   0   0   0
    ATA   0   0   0   0   0   0 |     ACA   1   1   0   1   0   1 | Lys AAA   0   0   0   0   0   0 | Arg AGA   0   0   0   0   0   0
Met ATG   0   0   0   0   0   0 |     ACG   0   0   1   0   1   0 |     AAG   0   0   0   0   0   0 |     AGG   0   0   0   0   0   0
--------------------------------------------------------------------------------------------------------------------------------------
Val GTT   0   0   0   0   0   0 | Ala GCT   2   2   2   2   2   2 | Asp GAT   2   2   3   2   2   2 | Gly GGT   1   1   2   2   2   2
    GTC   0   0   0   0   0   0 |     GCC   2   2   2   2   2   2 |     GAC   3   3   2   3   3   3 |     GGC   2   2   1   1   1   1
    GTA   0   0   0   0   0   0 |     GCA   0   0   0   0   0   0 | Glu GAA   0   0   0   0   0   0 |     GGA   2   2   3   2   2   3
    GTG   2   2   2   2   2   2 |     GCG   0   0   0   0   0   0 |     GAG   2   2   2   2   2   2 |     GGG   1   1   0   1   1   0
--------------------------------------------------------------------------------------------------------------------------------------

--------------------------------------------------------------------------------------------------------------------------------------
Phe TTT   2   2   2   2   2   2 | Ser TCT   0   0   0   0   0   0 | Tyr TAT   0   0   1   1   1   1 | Cys TGT   0   0   0   0   0   0
    TTC   2   2   2   2   2   2 |     TCC   1   1   1   1   1   1 |     TAC   1   1   0   0   0   0 |     TGC   0   0   0   0   0   0
Leu TTA   1   1   1   1   1   1 |     TCA   1   1   1   1   1   1 | *** TAA   0   0   0   0   0   0 | *** TGA   0   0   0   0   0   0
    TTG   0   0   0   0   0   0 |     TCG   0   0   0   0   0   0 |     TAG   0   0   0   0   0   0 | Trp TGG   1   1   1   1   1   1
--------------------------------------------------------------------------------------------------------------------------------------
Leu CTT   0   0   0   0   0   0 | Pro CCT   1   1   1   1   1   1 | His CAT   3   2   3   3   3   3 | Arg CGT   0   0   0   0   0   0
    CTC   1   1   1   1   1   1 |     CCC   0   0   0   0   0   0 |     CAC   2   3   2   2   2   2 |     CGC   0   0   0   0   0   0
    CTA   0   0   0   0   0   0 |     CCA   2   2   2   2   2   2 | Gln CAA   0   0   0   0   0   0 |     CGA   0   0   0   0   0   0
    CTG   2   2   2   2   2   2 |     CCG   1   1   1   1   1   1 |     CAG   0   0   0   0   0   0 |     CGG   0   0   0   0   0   0
--------------------------------------------------------------------------------------------------------------------------------------
Ile ATT   1   1   1   1   1   1 | Thr ACT   1   1   1   1   1   1 | Asn AAT   1   1   1   1   1   1 | Ser AGT   0   0   0   0   0   0
    ATC   0   0   0   0   0   0 |     ACC   0   0   0   0   0   0 |     AAC   1   1   1   1   1   1 |     AGC   0   0   0   0   0   0
    ATA   0   0   0   0   0   0 |     ACA   0   0   0   0   0   0 | Lys AAA   0   0   0   0   0   0 | Arg AGA   0   0   0   0   0   0
Met ATG   0   0   0   0   0   0 |     ACG   1   1   1   1   1   1 |     AAG   0   0   0   0   0   0 |     AGG   0   0   0   0   0   0
--------------------------------------------------------------------------------------------------------------------------------------
Val GTT   0   0   0   0   0   0 | Ala GCT   2   2   2   2   2   2 | Asp GAT   2   2   2   2   2   2 | Gly GGT   1   1   2   2   2   1
    GTC   0   0   0   0   0   0 |     GCC   2   2   2   2   2   2 |     GAC   3   3   3   3   3   3 |     GGC   2   2   1   1   1   2
    GTA   0   0   0   0   0   0 |     GCA   0   0   0   0   0   0 | Glu GAA   0   0   0   0   0   0 |     GGA   2   2   3   2   2   2
    GTG   2   2   2   2   2   2 |     GCG   0   0   0   0   0   0 |     GAG   2   2   2   2   2   2 |     GGG   1   1   0   1   1   1
--------------------------------------------------------------------------------------------------------------------------------------

--------------------------------------------------------------------------------------------------------------------------------------
Phe TTT   2   2   2   2   2   2 | Ser TCT   0   0   0   0   0   0 | Tyr TAT   1   1   0   1   0   1 | Cys TGT   0   0   0   0   0   0
    TTC   2   2   2   2   2   2 |     TCC   1   1   1   1   1   1 |     TAC   0   0   1   0   1   0 |     TGC   0   0   0   0   0   0
Leu TTA   1   1   1   1   1   1 |     TCA   1   1   1   1   1   1 | *** TAA   0   0   0   0   0   0 | *** TGA   0   0   0   0   0   0
    TTG   0   0   0   0   0   0 |     TCG   0   0   0   0   0   0 |     TAG   0   0   0   0   0   0 | Trp TGG   1   1   1   1   1   1
--------------------------------------------------------------------------------------------------------------------------------------
Leu CTT   0   0   0   0   0   0 | Pro CCT   1   1   1   1   1   1 | His CAT   3   3   3   3   2   3 | Arg CGT   0   0   0   0   0   0
    CTC   1   1   1   1   1   1 |     CCC   0   0   0   0   0   0 |     CAC   2   2   2   2   3   2 |     CGC   0   0   0   0   0   0
    CTA   0   0   0   0   0   0 |     CCA   2   2   2   2   2   2 | Gln CAA   0   0   0   0   0   0 |     CGA   0   0   0   0   0   0
    CTG   2   2   2   2   2   2 |     CCG   1   1   1   1   1   1 |     CAG   0   0   0   0   0   0 |     CGG   0   0   0   0   0   0
--------------------------------------------------------------------------------------------------------------------------------------
Ile ATT   1   1   1   1   1   1 | Thr ACT   1   1   1   1   1   1 | Asn AAT   1   1   1   1   1   1 | Ser AGT   0   0   0   0   0   0
    ATC   0   0   0   0   0   0 |     ACC   0   0   0   0   0   0 |     AAC   1   1   1   1   1   1 |     AGC   0   0   0   0   0   0
    ATA   0   0   0   0   0   0 |     ACA   1   0   0   0   1   0 | Lys AAA   0   0   0   0   0   0 | Arg AGA   0   0   0   0   0   0
Met ATG   0   0   0   0   0   0 |     ACG   0   1   1   1   0   1 |     AAG   0   0   0   0   0   0 |     AGG   0   0   0   0   0   0
--------------------------------------------------------------------------------------------------------------------------------------
Val GTT   0   0   0   0   0   0 | Ala GCT   2   2   2   2   2   2 | Asp GAT   2   2   2   2   2   2 | Gly GGT   2   3   2   2   1   2
    GTC   0   0   0   0   0   0 |     GCC   2   2   2   2   2   2 |     GAC   3   3   3   3   3   3 |     GGC   1   0   1   1   2   1
    GTA   0   0   0   0   0   0 |     GCA   0   0   0   0   0   0 | Glu GAA   0   0   0   0   0   0 |     GGA   2   2   2   2   2   2
    GTG   2   2   2   2   2   2 |     GCG   0   0   0   0   0   0 |     GAG   2   2   2   2   2   2 |     GGG   1   1   1   1   1   1
--------------------------------------------------------------------------------------------------------------------------------------

--------------------------------------------------------------------------------------------------------------------------------------
Phe TTT   2   2   2   2   2   2 | Ser TCT   0   0   0   0   0   0 | Tyr TAT   1   1   1   1   1   0 | Cys TGT   0   0   0   0   0   0
    TTC   2   2   2   2   2   2 |     TCC   0   1   1   1   1   1 |     TAC   0   0   0   0   0   1 |     TGC   0   0   0   0   0   0
Leu TTA   0   1   1   1   1   1 |     TCA   1   1   1   1   1   1 | *** TAA   0   0   0   0   0   0 | *** TGA   0   0   0   0   0   0
    TTG   0   0   0   0   0   0 |     TCG   1   0   0   0   0   0 |     TAG   0   0   0   0   0   0 | Trp TGG   1   1   1   1   1   1
--------------------------------------------------------------------------------------------------------------------------------------
Leu CTT   0   0   0   0   0   0 | Pro CCT   2   1   1   1   1   1 | His CAT   4   2   3   2   3   2 | Arg CGT   0   0   0   0   0   0
    CTC   1   1   1   1   1   0 |     CCC   0   0   0   0   0   0 |     CAC   1   3   2   3   2   3 |     CGC   0   0   0   0   0   0
    CTA   1   0   0   0   0   0 |     CCA   3   2   2   2   2   2 | Gln CAA   0   0   0   0   0   0 |     CGA   0   0   0   0   0   0
    CTG   2   2   2   2   2   3 |     CCG   0   1   1   1   1   1 |     CAG   0   0   0   0   0   0 |     CGG   0   0   0   0   0   0
--------------------------------------------------------------------------------------------------------------------------------------
Ile ATT   1   1   1   1   1   1 | Thr ACT   1   1   1   1   1   1 | Asn AAT   2   1   1   1   1   1 | Ser AGT   0   0   0   0   0   0
    ATC   0   0   0   0   0   0 |     ACC   0   0   0   0   0   0 |     AAC   0   1   1   1   1   1 |     AGC   0   0   0   0   0   0
    ATA   0   0   0   0   0   0 |     ACA   1   0   0   0   0   0 | Lys AAA   0   0   0   0   0   0 | Arg AGA   0   0   0   0   0   0
Met ATG   0   0   0   0   0   0 |     ACG   0   1   1   1   1   1 |     AAG   0   0   0   0   0   0 |     AGG   0   0   0   0   0   0
--------------------------------------------------------------------------------------------------------------------------------------
Val GTT   0   0   0   0   0   0 | Ala GCT   0   2   2   2   2   2 | Asp GAT   4   2   2   2   3   2 | Gly GGT   0   2   2   2   2   1
    GTC   0   0   0   0   0   0 |     GCC   1   2   2   2   2   2 |     GAC   1   3   3   3   2   3 |     GGC   1   1   1   1   1   2
    GTA   1   0   0   0   0   0 |     GCA   2   0   0   0   0   0 | Glu GAA   0   0   0   0   0   0 |     GGA   4   2   3   2   2   2
    GTG   1   2   2   2   2   2 |     GCG   0   0   0   0   0   0 |     GAG   2   2   2   2   2   2 |     GGG   1   1   0   1   1   1
--------------------------------------------------------------------------------------------------------------------------------------

--------------------------------------------------------------------------------------------------------------------------------------
Phe TTT   2   2   2   2   2   2 | Ser TCT   0   0   0   0   0   0 | Tyr TAT   0   1   0   0   1   1 | Cys TGT   0   0   0   0   0   0
    TTC   2   2   2   2   2   2 |     TCC   1   1   1   1   1   1 |     TAC   1   0   1   1   0   0 |     TGC   0   0   0   0   0   0
Leu TTA   1   1   1   1   1   1 |     TCA   1   1   1   1   1   1 | *** TAA   0   0   0   0   0   0 | *** TGA   0   0   0   0   0   0
    TTG   0   0   0   0   0   0 |     TCG   0   0   0   0   0   0 |     TAG   0   0   0   0   0   0 | Trp TGG   1   1   1   1   1   1
--------------------------------------------------------------------------------------------------------------------------------------
Leu CTT   0   0   0   0   0   0 | Pro CCT   1   1   1   1   1   1 | His CAT   3   3   3   2   3   3 | Arg CGT   0   0   0   0   0   0
    CTC   1   1   1   1   1   1 |     CCC   0   0   0   0   0   0 |     CAC   2   2   2   3   2   2 |     CGC   0   0   0   0   0   0
    CTA   0   0   0   0   0   0 |     CCA   2   2   2   2   2   2 | Gln CAA   0   0   0   0   0   0 |     CGA   0   0   0   0   0   0
    CTG   2   2   2   2   2   2 |     CCG   1   1   1   1   1   1 |     CAG   0   0   0   0   0   0 |     CGG   0   0   0   0   0   0
--------------------------------------------------------------------------------------------------------------------------------------
Ile ATT   1   1   1   1   1   1 | Thr ACT   1   1   1   1   1   1 | Asn AAT   1   1   1   1   1   1 | Ser AGT   0   0   0   0   0   0
    ATC   0   0   0   0   0   0 |     ACC   0   0   0   0   0   0 |     AAC   1   1   1   1   1   1 |     AGC   0   0   0   0   0   0
    ATA   0   0   0   0   0   0 |     ACA   0   0   0   0   0   0 | Lys AAA   0   0   0   0   0   0 | Arg AGA   0   0   0   0   0   0
Met ATG   0   0   0   0   0   0 |     ACG   1   1   1   1   1   1 |     AAG   0   0   0   0   0   0 |     AGG   0   0   0   0   0   0
--------------------------------------------------------------------------------------------------------------------------------------
Val GTT   0   0   0   0   0   0 | Ala GCT   2   2   2   2   2   2 | Asp GAT   2   2   2   2   2   2 | Gly GGT   1   2   2   1   2   2
    GTC   0   0   0   0   0   0 |     GCC   2   2   2   2   2   2 |     GAC   3   3   3   3   3   3 |     GGC   2   1   1   2   1   1
    GTA   0   0   0   0   0   0 |     GCA   0   0   0   0   0   0 | Glu GAA   0   0   0   0   0   0 |     GGA   2   2   2   2   2   2
    GTG   2   2   2   2   2   2 |     GCG   0   0   0   0   0   0 |     GAG   2   2   2   2   2   2 |     GGG   1   1   1   1   1   1
--------------------------------------------------------------------------------------------------------------------------------------

--------------------------------------------------------------------------------------------------------------------------------------
Phe TTT   2   2   2   2   2   2 | Ser TCT   0   0   0   0   0   0 | Tyr TAT   1   1   1   0   1   1 | Cys TGT   0   0   0   0   0   0
    TTC   2   2   2   2   2   2 |     TCC   1   1   1   1   1   1 |     TAC   0   0   0   1   0   0 |     TGC   0   0   0   0   0   0
Leu TTA   1   1   1   1   1   1 |     TCA   1   1   1   1   1   1 | *** TAA   0   0   0   0   0   0 | *** TGA   0   0   0   0   0   0
    TTG   0   0   0   0   0   0 |     TCG   0   0   0   0   0   0 |     TAG   0   0   0   0   0   0 | Trp TGG   1   1   1   1   1   1
--------------------------------------------------------------------------------------------------------------------------------------
Leu CTT   0   0   0   0   0   0 | Pro CCT   1   1   1   1   1   1 | His CAT   3   2   3   2   3   3 | Arg CGT   0   0   0   0   0   0
    CTC   1   1   1   1   1   1 |     CCC   0   0   0   0   0   0 |     CAC   2   3   2   3   2   2 |     CGC   0   0   0   0   0   0
    CTA   0   0   0   0   0   0 |     CCA   2   2   2   2   2   2 | Gln CAA   0   0   0   0   0   0 |     CGA   0   0   0   0   0   0
    CTG   2   2   2   2   2   2 |     CCG   1   1   1   1   1   1 |     CAG   0   0   0   0   0   0 |     CGG   0   0   0   0   0   0
--------------------------------------------------------------------------------------------------------------------------------------
Ile ATT   1   1   1   1   1   1 | Thr ACT   1   1   1   1   1   1 | Asn AAT   1   1   1   1   1   1 | Ser AGT   0   0   0   0   0   0
    ATC   0   0   0   0   0   0 |     ACC   0   0   0   0   0   0 |     AAC   1   1   1   1   1   1 |     AGC   0   0   0   0   0   0
    ATA   0   0   0   0   0   0 |     ACA   0   1   0   1   0   0 | Lys AAA   0   0   0   0   0   0 | Arg AGA   0   0   0   0   0   0
Met ATG   0   0   0   0   0   0 |     ACG   1   0   1   0   1   1 |     AAG   0   0   0   0   0   0 |     AGG   0   0   0   0   0   0
--------------------------------------------------------------------------------------------------------------------------------------
Val GTT   0   0   0   0   0   0 | Ala GCT   2   1   2   1   2   2 | Asp GAT   2   2   3   2   2   2 | Gly GGT   2   2   2   1   2   2
    GTC   0   0   0   0   0   0 |     GCC   2   3   2   3   2   2 |     GAC   3   3   2   3   3   3 |     GGC   1   1   1   2   1   1
    GTA   0   0   0   0   0   0 |     GCA   0   0   0   0   0   0 | Glu GAA   0   0   0   0   0   0 |     GGA   2   2   2   2   2   2
    GTG   2   2   2   2   2   2 |     GCG   0   0   0   0   0   0 |     GAG   2   2   2   2   2   2 |     GGG   1   1   1   1   1   1
--------------------------------------------------------------------------------------------------------------------------------------

Codon position x base (3x4) table for each sequence.

#1: Argali         
position  1:    T:0.20000    C:0.26667    A:0.11111    G:0.42222
position  2:    T:0.24444    C:0.26667    A:0.33333    G:0.15556
position  3:    T:0.31111    C:0.33333    A:0.15556    G:0.20000
Average         T:0.25185    C:0.28889    A:0.20000    G:0.25926

#2: LesserMouseDeer
position  1:    T:0.20000    C:0.26667    A:0.11111    G:0.42222
position  2:    T:0.24444    C:0.26667    A:0.33333    G:0.15556
position  3:    T:0.26667    C:0.40000    A:0.13333    G:0.20000
Average         T:0.23704    C:0.31111    A:0.19259    G:0.25926

#3: LesserKudu     
position  1:    T:0.20000    C:0.26667    A:0.11111    G:0.42222
position  2:    T:0.24444    C:0.26667    A:0.33333    G:0.15556
position  3:    T:0.35556    C:0.28889    A:0.13333    G:0.22222
Average         T:0.26667    C:0.27407    A:0.19259    G:0.26667

#4: ForestMuskDeer2
position  1:    T:0.20000    C:0.26667    A:0.11111    G:0.42222
position  2:    T:0.24444    C:0.26667    A:0.33333    G:0.15556
position  3:    T:0.26667    C:0.37778    A:0.15556    G:0.20000
Average         T:0.23704    C:0.30370    A:0.20000    G:0.25926

#5: Camel          
position  1:    T:0.20000    C:0.26667    A:0.11111    G:0.42222
position  2:    T:0.24444    C:0.26667    A:0.33333    G:0.15556
position  3:    T:0.26667    C:0.35556    A:0.15556    G:0.22222
Average         T:0.23704    C:0.29630    A:0.20000    G:0.26667

#6: KillerWhale    
position  1:    T:0.20000    C:0.26667    A:0.11111    G:0.42222
position  2:    T:0.24444    C:0.26667    A:0.33333    G:0.15556
position  3:    T:0.28889    C:0.35556    A:0.13333    G:0.22222
Average         T:0.24444    C:0.29630    A:0.19259    G:0.26667

#7: DefassaWaterbuck
position  1:    T:0.20000    C:0.26667    A:0.11111    G:0.42222
position  2:    T:0.24444    C:0.26667    A:0.33333    G:0.15556
position  3:    T:0.35556    C:0.28889    A:0.13333    G:0.22222
Average         T:0.26667    C:0.27407    A:0.19259    G:0.26667

#8: Sheep          
position  1:    T:0.20000    C:0.26667    A:0.11111    G:0.42222
position  2:    T:0.24444    C:0.26667    A:0.33333    G:0.15556
position  3:    T:0.33333    C:0.31111    A:0.15556    G:0.20000
Average         T:0.25926    C:0.28148    A:0.20000    G:0.25926

#9: MaxwellsDuiker 
position  1:    T:0.20000    C:0.26667    A:0.11111    G:0.42222
position  2:    T:0.24444    C:0.26667    A:0.33333    G:0.15556
position  3:    T:0.35556    C:0.28889    A:0.13333    G:0.22222
Average         T:0.26667    C:0.27407    A:0.19259    G:0.26667

#10: GazellaPrzewalskyi
position  1:    T:0.20000    C:0.26667    A:0.11111    G:0.42222
position  2:    T:0.24444    C:0.26667    A:0.33333    G:0.15556
position  3:    T:0.35556    C:0.31111    A:0.13333    G:0.20000
Average         T:0.26667    C:0.28148    A:0.19259    G:0.25926

#11: MountainNyala  
position  1:    T:0.20000    C:0.26667    A:0.11111    G:0.42222
position  2:    T:0.24444    C:0.26667    A:0.33333    G:0.15556
position  3:    T:0.35556    C:0.28889    A:0.15556    G:0.20000
Average         T:0.26667    C:0.27407    A:0.20000    G:0.25926

#12: MuntiacusMuntjak
position  1:    T:0.20000    C:0.26667    A:0.11111    G:0.42222
position  2:    T:0.24444    C:0.26667    A:0.33333    G:0.15556
position  3:    T:0.33333    C:0.31111    A:0.13333    G:0.22222
Average         T:0.25926    C:0.28148    A:0.19259    G:0.26667

#13: goat           
position  1:    T:0.20000    C:0.26667    A:0.11111    G:0.42222
position  2:    T:0.24444    C:0.26667    A:0.33333    G:0.15556
position  3:    T:0.35556    C:0.28889    A:0.15556    G:0.20000
Average         T:0.26667    C:0.27407    A:0.20000    G:0.25926

#14: AfricanBuffalo 
position  1:    T:0.20000    C:0.26667    A:0.11111    G:0.42222
position  2:    T:0.24444    C:0.26667    A:0.33333    G:0.15556
position  3:    T:0.35556    C:0.28889    A:0.13333    G:0.22222
Average         T:0.26667    C:0.27407    A:0.19259    G:0.26667

#15: Topi           
position  1:    T:0.20000    C:0.26667    A:0.11111    G:0.42222
position  2:    T:0.24444    C:0.26667    A:0.33333    G:0.15556
position  3:    T:0.35556    C:0.28889    A:0.13333    G:0.22222
Average         T:0.26667    C:0.27407    A:0.19259    G:0.26667

#16: CommonDuiker   
position  1:    T:0.20000    C:0.26667    A:0.11111    G:0.42222
position  2:    T:0.24444    C:0.26667    A:0.33333    G:0.15556
position  3:    T:0.35556    C:0.28889    A:0.13333    G:0.22222
Average         T:0.26667    C:0.27407    A:0.19259    G:0.26667

#17: Suni           
position  1:    T:0.20000    C:0.26667    A:0.11111    G:0.42222
position  2:    T:0.24444    C:0.26667    A:0.33333    G:0.15556
position  3:    T:0.37778    C:0.26667    A:0.15556    G:0.20000
Average         T:0.27407    C:0.26667    A:0.20000    G:0.25926

#18: Springbuck     
position  1:    T:0.20000    C:0.26667    A:0.11111    G:0.42222
position  2:    T:0.24444    C:0.26667    A:0.33333    G:0.15556
position  3:    T:0.35556    C:0.28889    A:0.13333    G:0.22222
Average         T:0.26667    C:0.27407    A:0.19259    G:0.26667

#19: Okapi          
position  1:    T:0.20000    C:0.26667    A:0.11111    G:0.42222
position  2:    T:0.24444    C:0.26667    A:0.33333    G:0.15556
position  3:    T:0.31111    C:0.33333    A:0.15556    G:0.20000
Average         T:0.25185    C:0.28889    A:0.20000    G:0.25926

#20: Giraffe        
position  1:    T:0.20000    C:0.26667    A:0.11111    G:0.42222
position  2:    T:0.24444    C:0.26667    A:0.33333    G:0.15556
position  3:    T:0.28889    C:0.35556    A:0.15556    G:0.20000
Average         T:0.24444    C:0.29630    A:0.20000    G:0.25926

#21: TibetanAntelope
position  1:    T:0.20000    C:0.26667    A:0.11111    G:0.42222
position  2:    T:0.24444    C:0.26667    A:0.33333    G:0.15556
position  3:    T:0.37778    C:0.26667    A:0.15556    G:0.20000
Average         T:0.27407    C:0.26667    A:0.20000    G:0.25926

#22: Sitatunga      
position  1:    T:0.20000    C:0.26667    A:0.11111    G:0.42222
position  2:    T:0.24444    C:0.26667    A:0.33333    G:0.15556
position  3:    T:0.35556    C:0.28889    A:0.15556    G:0.20000
Average         T:0.26667    C:0.27407    A:0.20000    G:0.25926

#23: Oribi          
position  1:    T:0.20000    C:0.26667    A:0.11111    G:0.42222
position  2:    T:0.24444    C:0.26667    A:0.33333    G:0.15556
position  3:    T:0.35556    C:0.28889    A:0.13333    G:0.22222
Average         T:0.26667    C:0.27407    A:0.19259    G:0.26667

#24: BarbarySheep   
position  1:    T:0.20000    C:0.26667    A:0.11111    G:0.42222
position  2:    T:0.24444    C:0.26667    A:0.33333    G:0.15556
position  3:    T:0.35556    C:0.28889    A:0.17778    G:0.17778
Average         T:0.26667    C:0.27407    A:0.20741    G:0.25185

#25: Daviddeer      
position  1:    T:0.20000    C:0.26667    A:0.11111    G:0.42222
position  2:    T:0.24444    C:0.26667    A:0.33333    G:0.15556
position  3:    T:0.31111    C:0.33333    A:0.13333    G:0.22222
Average         T:0.25185    C:0.28889    A:0.19259    G:0.26667

#26: Reindeer       
position  1:    T:0.20000    C:0.26667    A:0.11111    G:0.42222
position  2:    T:0.24444    C:0.26667    A:0.33333    G:0.15556
position  3:    T:0.28889    C:0.35556    A:0.13333    G:0.22222
Average         T:0.24444    C:0.29630    A:0.19259    G:0.26667

#27: Ibex           
position  1:    T:0.20000    C:0.26667    A:0.11111    G:0.42222
position  2:    T:0.24444    C:0.26667    A:0.33333    G:0.15556
position  3:    T:0.35556    C:0.28889    A:0.15556    G:0.20000
Average         T:0.26667    C:0.27407    A:0.20000    G:0.25926

#28: GyrantGazelle  
position  1:    T:0.20000    C:0.26667    A:0.11111    G:0.42222
position  2:    T:0.24444    C:0.26667    A:0.33333    G:0.15556
position  3:    T:0.35556    C:0.28889    A:0.13333    G:0.22222
Average         T:0.26667    C:0.27407    A:0.19259    G:0.26667

#29: Hartebeest     
position  1:    T:0.20000    C:0.26667    A:0.11111    G:0.42222
position  2:    T:0.24444    C:0.26667    A:0.33333    G:0.15556
position  3:    T:0.35556    C:0.28889    A:0.13333    G:0.22222
Average         T:0.26667    C:0.27407    A:0.19259    G:0.26667

#30: Bongo          
position  1:    T:0.20000    C:0.26667    A:0.11111    G:0.42222
position  2:    T:0.24444    C:0.26667    A:0.33333    G:0.15556
position  3:    T:0.33333    C:0.31111    A:0.13333    G:0.22222
Average         T:0.25926    C:0.28148    A:0.19259    G:0.26667

#31: Gerenuk        
position  1:    T:0.20000    C:0.26667    A:0.11111    G:0.42222
position  2:    T:0.24444    C:0.26667    A:0.33333    G:0.15556
position  3:    T:0.35556    C:0.28889    A:0.15556    G:0.20000
Average         T:0.26667    C:0.27407    A:0.20000    G:0.25926

#32: CommonEland    
position  1:    T:0.20000    C:0.26667    A:0.11111    G:0.42222
position  2:    T:0.24444    C:0.26667    A:0.33333    G:0.15556
position  3:    T:0.37778    C:0.26667    A:0.13333    G:0.22222
Average         T:0.27407    C:0.26667    A:0.19259    G:0.26667

#33: MuntiacusReevesi
position  1:    T:0.20000    C:0.26667    A:0.11111    G:0.42222
position  2:    T:0.24444    C:0.26667    A:0.33333    G:0.15556
position  3:    T:0.33333    C:0.31111    A:0.13333    G:0.22222
Average         T:0.25926    C:0.28148    A:0.19259    G:0.26667

#34: HarveysDuiker  
position  1:    T:0.20000    C:0.26667    A:0.11111    G:0.42222
position  2:    T:0.24444    C:0.26667    A:0.33333    G:0.15556
position  3:    T:0.35556    C:0.28889    A:0.13333    G:0.22222
Average         T:0.26667    C:0.27407    A:0.19259    G:0.26667

#35: Pronghorn      
position  1:    T:0.20000    C:0.26667    A:0.11111    G:0.42222
position  2:    T:0.24444    C:0.26667    A:0.33333    G:0.15556
position  3:    T:0.28889    C:0.35556    A:0.15556    G:0.20000
Average         T:0.24444    C:0.29630    A:0.20000    G:0.25926

#36: BlueWildebeest 
position  1:    T:0.20000    C:0.26667    A:0.11111    G:0.42222
position  2:    T:0.24444    C:0.26667    A:0.33333    G:0.15556
position  3:    T:0.35556    C:0.28889    A:0.13333    G:0.22222
Average         T:0.26667    C:0.27407    A:0.19259    G:0.26667

#37: Gemsbok        
position  1:    T:0.17778    C:0.31111    A:0.11111    G:0.40000
position  2:    T:0.24444    C:0.26667    A:0.33333    G:0.15556
position  3:    T:0.37778    C:0.15556    A:0.28889    G:0.17778
Average         T:0.26667    C:0.24444    A:0.24444    G:0.24444

#38: Yak            
position  1:    T:0.20000    C:0.26667    A:0.11111    G:0.42222
position  2:    T:0.24444    C:0.26667    A:0.33333    G:0.15556
position  3:    T:0.33333    C:0.31111    A:0.13333    G:0.22222
Average         T:0.25926    C:0.28148    A:0.19259    G:0.26667

#39: BlueSheep      
position  1:    T:0.20000    C:0.26667    A:0.11111    G:0.42222
position  2:    T:0.24444    C:0.26667    A:0.33333    G:0.15556
position  3:    T:0.35556    C:0.28889    A:0.15556    G:0.20000
Average         T:0.26667    C:0.27407    A:0.20000    G:0.25926

#40: BohorReedbuck  
position  1:    T:0.20000    C:0.26667    A:0.11111    G:0.42222
position  2:    T:0.24444    C:0.26667    A:0.33333    G:0.15556
position  3:    T:0.33333    C:0.31111    A:0.13333    G:0.22222
Average         T:0.25926    C:0.28148    A:0.19259    G:0.26667

#41: KirksDik       
position  1:    T:0.20000    C:0.26667    A:0.11111    G:0.42222
position  2:    T:0.24444    C:0.26667    A:0.33333    G:0.15556
position  3:    T:0.37778    C:0.26667    A:0.13333    G:0.22222
Average         T:0.27407    C:0.26667    A:0.19259    G:0.26667

#42: RoeDeer        
position  1:    T:0.20000    C:0.26667    A:0.11111    G:0.42222
position  2:    T:0.24444    C:0.26667    A:0.33333    G:0.15556
position  3:    T:0.28889    C:0.33333    A:0.13333    G:0.24444
Average         T:0.24444    C:0.28889    A:0.19259    G:0.27407

#43: WhiteLippedDeer
position  1:    T:0.20000    C:0.26667    A:0.11111    G:0.42222
position  2:    T:0.24444    C:0.26667    A:0.33333    G:0.15556
position  3:    T:0.31111    C:0.33333    A:0.13333    G:0.22222
Average         T:0.25185    C:0.28889    A:0.19259    G:0.26667

#44: ThomsonGazelle 
position  1:    T:0.20000    C:0.26667    A:0.11111    G:0.42222
position  2:    T:0.24444    C:0.26667    A:0.33333    G:0.15556
position  3:    T:0.35556    C:0.28889    A:0.13333    G:0.22222
Average         T:0.26667    C:0.27407    A:0.19259    G:0.26667

#45: MuntiacusCrinifrons
position  1:    T:0.20000    C:0.26667    A:0.11111    G:0.42222
position  2:    T:0.24444    C:0.26667    A:0.33333    G:0.15556
position  3:    T:0.33333    C:0.31111    A:0.13333    G:0.22222
Average         T:0.25926    C:0.28148    A:0.19259    G:0.26667

#46: WhiteTailedDeer
position  1:    T:0.20000    C:0.26667    A:0.11111    G:0.42222
position  2:    T:0.24444    C:0.26667    A:0.33333    G:0.15556
position  3:    T:0.28889    C:0.35556    A:0.13333    G:0.22222
Average         T:0.24444    C:0.29630    A:0.19259    G:0.26667

#47: Cattle         
position  1:    T:0.20000    C:0.26667    A:0.11111    G:0.42222
position  2:    T:0.24444    C:0.26667    A:0.33333    G:0.15556
position  3:    T:0.35556    C:0.28889    A:0.13333    G:0.22222
Average         T:0.26667    C:0.27407    A:0.19259    G:0.26667

#48: RoyalAntelope  
position  1:    T:0.20000    C:0.26667    A:0.11111    G:0.42222
position  2:    T:0.24444    C:0.26667    A:0.33333    G:0.15556
position  3:    T:0.35556    C:0.28889    A:0.13333    G:0.22222
Average         T:0.26667    C:0.27407    A:0.19259    G:0.26667

#49: Steenbok       
position  1:    T:0.20000    C:0.26667    A:0.11111    G:0.42222
position  2:    T:0.24444    C:0.26667    A:0.33333    G:0.15556
position  3:    T:0.35556    C:0.28889    A:0.13333    G:0.22222
Average         T:0.26667    C:0.27407    A:0.19259    G:0.26667

#50: Impala         
position  1:    T:0.20000    C:0.26667    A:0.11111    G:0.42222
position  2:    T:0.24444    C:0.26667    A:0.33333    G:0.15556
position  3:    T:0.31111    C:0.33333    A:0.15556    G:0.20000
Average         T:0.25185    C:0.28889    A:0.20000    G:0.25926

#51: Klipspringer   
position  1:    T:0.20000    C:0.26667    A:0.11111    G:0.42222
position  2:    T:0.24444    C:0.26667    A:0.33333    G:0.15556
