1
52 1
Argali 0.000000 0.274000 0.094300 0.339600 0.043100 0.009300 0.085000 0.078100 0.088700 0.100400 0.019000 0.073500 0.023800 0.058500 0.073400 0.053000 0.117200 0.116700 0.033600 0.088700 0.067900 0.014200 0.106100 0.140000 0.009500 0.094200 0.028600 0.078300 0.067800 0.078300 0.111100 0.058800 0.144500 0.033400 0.043300 0.073700 0.018500 0.043300 0.088500 0.115400 0.105800 0.104300 0.100700 0.132500 0.068700 0.063200 0.068600 0.058000 0.083900 0.110800 0.078500 0.078200
LesserMous 0.274000 0.000000 0.275200 0.292300 0.253000 0.267400 0.287100 0.311900 0.267000 0.254200 0.279800 0.282000 0.273700 0.256400 0.274600 0.285500 0.269900 0.249500 0.273800 0.248100 0.291500 0.274800 0.282000 0.244900 0.267600 0.314400 0.267300 0.248100 0.297700 0.254300 0.261200 0.271200 0.268200 0.273400 0.273400 0.295700 0.281900 0.273500 0.306000 0.245500 0.274200 0.326500 0.255100 0.235000 0.302700 0.266300 0.288700 0.279500 0.300700 0.272900 0.267600 0.259900
LesserKudu 0.094300 0.275200 0.000000 0.343100 0.088800 0.094300 0.145000 0.131200 0.033500 0.106100 0.104700 0.078800 0.099500 0.105300 0.110300 0.104400 0.134300 0.133800 0.110300 0.023800 0.109500 0.099800 0.122900 0.168900 0.094400 0.148400 0.104800 0.023800 0.120100 0.023800 0.128000 0.116700 0.117300 0.110000 0.121000 0.079000 0.105300 0.099500 0.136800 0.110500 0.111500 0.158900 0.106500 0.138400 0.084200 0.110100 0.110600 0.104600 0.143200 0.122300 0.038400 0.033400
KillerWhal 0.339600 0.292300 0.343100 0.000000 0.312500 0.333000 0.361300 0.333200 0.327500 0.291100 0.325300 0.334700 0.319800 0.301700 0.334400 0.326100 0.308300 0.300100 0.320200 0.321000 0.325400 0.333600 0.310300 0.334700 0.326200 0.368600 0.313400 0.314100 0.331900 0.320500 0.304400 0.316800 0.292600 0.319900 0.313800 0.342800 0.340700 0.319900 0.339000 0.289400 0.310700 0.381400 0.292300 0.295600 0.356600 0.311900 0.335400 0.299700 0.341100 0.305900 0.341800 0.326100
DefassaWat 0.043100 0.253000 0.088800 0.312500 0.000000 0.043100 0.084700 0.072800 0.083200 0.094600 0.052900 0.068200 0.038200 0.043300 0.068100 0.047900 0.122100 0.121600 0.058100 0.083200 0.062700 0.048200 0.110900 0.133600 0.043200 0.088600 0.043100 0.072900 0.062600 0.072900 0.105100 0.043600 0.138200 0.048000 0.048100 0.068400 0.053200 0.018900 0.083100 0.109600 0.099900 0.098700 0.094900 0.126300 0.063400 0.048100 0.063300 0.043000 0.068300 0.084100 0.083300 0.072800
Sheep 0.009300 0.267400 0.094300 0.333000 0.043100 0.000000 0.084900 0.078100 0.088600 0.100300 0.018900 0.073500 0.023800 0.058500 0.073400 0.053000 0.117200 0.105800 0.033500 0.088600 0.067900 0.014200 0.106000 0.139900 0.009400 0.094100 0.028600 0.078300 0.067800 0.068100 0.111000 0.058800 0.144400 0.033400 0.043200 0.073700 0.019000 0.043200 0.088400 0.115300 0.105700 0.104200 0.100600 0.132400 0.068600 0.063200 0.068500 0.058000 0.083900 0.110700 0.078400 0.078100
MaxwellsDu 0.085000 0.287100 0.145000 0.361300 0.084700 0.084900 0.000000 0.111000 0.144400 0.146400 0.084800 0.101300 0.069300 0.049200 0.095700 0.095100 0.152500 0.163300 0.090400 0.144400 0.100200 0.079900 0.152500 0.202000 0.074600 0.128300 0.074400 0.133200 0.089500 0.133200 0.157900 0.049500 0.187600 0.079600 0.090200 0.134200 0.085400 0.074500 0.122000 0.162000 0.157900 0.138700 0.146900 0.192700 0.128800 0.095500 0.095600 0.079600 0.106700 0.134300 0.144700 0.132900
GazellaPrz 0.078100 0.311900 0.131200 0.333200 0.072800 0.078100 0.111000 0.000000 0.125000 0.131900 0.067800 0.114800 0.062900 0.068200 0.073000 0.023600 0.149600 0.149000 0.078200 0.125100 0.037900 0.073100 0.149000 0.184600 0.067900 0.052900 0.067900 0.114300 0.028300 0.114300 0.142900 0.078800 0.154600 0.072900 0.083200 0.125800 0.078400 0.062900 0.057600 0.141700 0.137400 0.062600 0.132300 0.170600 0.120500 0.057900 0.048000 0.077800 0.083500 0.131900 0.125300 0.114100
MountainNy 0.088700 0.267000 0.033500 0.327500 0.083200 0.088600 0.144400 0.125000 0.000000 0.111100 0.098900 0.073100 0.093800 0.099500 0.104500 0.098300 0.133800 0.133300 0.104400 0.018800 0.114300 0.094000 0.128000 0.174100 0.088700 0.142200 0.098900 0.018900 0.113800 0.018900 0.122000 0.110700 0.127800 0.104100 0.115000 0.073500 0.099400 0.093400 0.135500 0.115400 0.116600 0.152700 0.111500 0.143500 0.078400 0.104200 0.114900 0.098800 0.136500 0.116300 0.022800 0.018800
MuntiacusM 0.100400 0.254200 0.106100 0.291100 0.094600 0.100300 0.146400 0.131900 0.111100 0.000000 0.100100 0.106200 0.094900 0.100800 0.116600 0.115700 0.089700 0.089400 0.116300 0.100300 0.110200 0.095200 0.028900 0.079900 0.089800 0.149500 0.100100 0.100300 0.120800 0.100300 0.024000 0.112100 0.094800 0.105300 0.116300 0.100400 0.100700 0.094900 0.126500 0.038200 0.028800 0.160200 0.000000 0.073700 0.106500 0.110700 0.122200 0.100100 0.127600 0.083900 0.111200 0.100200
goat 0.019000 0.279800 0.104700 0.325300 0.052900 0.018900 0.084800 0.067800 0.098900 0.100100 0.000000 0.083600 0.023700 0.058400 0.073200 0.052900 0.117000 0.116500 0.033300 0.098900 0.057700 0.014200 0.105800 0.150900 0.009400 0.083500 0.028500 0.088500 0.057700 0.088500 0.110800 0.058700 0.132900 0.033300 0.043200 0.083900 0.019000 0.043200 0.078000 0.115100 0.105500 0.093500 0.100400 0.143200 0.078800 0.053100 0.058300 0.057900 0.083700 0.110500 0.088600 0.088300
AfricanBuf 0.073500 0.282000 0.078800 0.334700 0.068200 0.073500 0.101300 0.114800 0.073100 0.106200 0.083600 0.000000 0.068400 0.074000 0.099700 0.088300 0.128700 0.139300 0.089100 0.072100 0.104100 0.078800 0.112000 0.169200 0.073600 0.131900 0.073400 0.063100 0.103700 0.063100 0.117100 0.084800 0.133800 0.078500 0.089000 0.038700 0.084200 0.078400 0.125300 0.121300 0.111700 0.142300 0.106500 0.149800 0.043500 0.099400 0.104800 0.083700 0.110500 0.100600 0.078300 0.062800
Topi 0.023800 0.273700 0.099500 0.319800 0.038200 0.023800 0.069300 0.062900 0.093800 0.094900 0.023700 0.068400 0.000000 0.043500 0.058200 0.048000 0.111700 0.111200 0.028600 0.093800 0.052900 0.019000 0.100600 0.145500 0.014200 0.078600 0.004600 0.083400 0.052800 0.083400 0.095000 0.043700 0.138700 0.009400 0.028600 0.078800 0.023900 0.028600 0.063000 0.109900 0.111000 0.088600 0.095200 0.137900 0.073700 0.048200 0.053400 0.043100 0.068500 0.094800 0.073400 0.073100
CommonDuik 0.058500 0.256400 0.105300 0.301700 0.043300 0.058500 0.049200 0.068200 0.099500 0.100800 0.058400 0.074000 0.043500 0.000000 0.068700 0.063300 0.117700 0.117200 0.063600 0.099500 0.068200 0.053600 0.117500 0.152200 0.048500 0.094600 0.048400 0.089000 0.068100 0.089000 0.111600 0.019200 0.133800 0.053400 0.063500 0.095000 0.058700 0.043500 0.088900 0.115800 0.117100 0.104700 0.101100 0.144300 0.089800 0.063500 0.068900 0.048400 0.063800 0.089700 0.099700 0.088800
Suni 0.073400 0.274600 0.110300 0.334400 0.068100 0.073400 0.095700 0.073000 0.104500 0.116600 0.073200 0.099700 0.058200 0.068700 0.000000 0.063000 0.139500 0.138900 0.068400 0.104500 0.067900 0.068400 0.133600 0.180300 0.063300 0.094200 0.063200 0.093900 0.067900 0.093900 0.127500 0.074100 0.156000 0.068200 0.068300 0.110600 0.073700 0.058200 0.088500 0.120900 0.133100 0.104300 0.117000 0.149200 0.115900 0.058200 0.068600 0.063100 0.084000 0.116400 0.104600 0.093700
Springbuck 0.053000 0.285500 0.104400 0.326100 0.047900 0.053000 0.095100 0.023600 0.098300 0.115700 0.052900 0.088300 0.048000 0.063300 0.063000 0.000000 0.144300 0.143600 0.063100 0.098400 0.023500 0.058100 0.132600 0.155900 0.053000 0.038200 0.053000 0.088200 0.013700 0.088200 0.126500 0.063600 0.149200 0.057900 0.068000 0.099200 0.063200 0.047900 0.042700 0.125500 0.110400 0.047800 0.116200 0.142700 0.093800 0.043200 0.032100 0.062800 0.078500 0.115700 0.098500 0.087700
Okapi 0.117200 0.269900 0.134300 0.308300 0.122100 0.117200 0.152500 0.149600 0.133800 0.089700 0.117000 0.128700 0.111700 0.117700 0.139500 0.144300 0.000000 0.028800 0.133800 0.122900 0.149600 0.112000 0.106000 0.156800 0.106400 0.179500 0.106300 0.111800 0.149400 0.122700 0.105600 0.140700 0.084700 0.111600 0.133700 0.139800 0.117700 0.117000 0.161100 0.109900 0.105600 0.190500 0.090000 0.137900 0.145900 0.139100 0.144800 0.127800 0.145200 0.094700 0.122900 0.122400
Giraffe 0.116700 0.249500 0.133800 0.300100 0.121600 0.105800 0.163300 0.149000 0.133300 0.089400 0.116500 0.139300 0.111200 0.117200 0.138900 0.143600 0.028800 0.000000 0.133200 0.122400 0.149000 0.111500 0.105600 0.156300 0.106000 0.178700 0.105800 0.111400 0.148800 0.111300 0.105300 0.140100 0.084400 0.111100 0.133100 0.139300 0.117200 0.122000 0.149300 0.099000 0.105300 0.189600 0.089700 0.137500 0.145300 0.138500 0.144200 0.127300 0.144600 0.105000 0.122400 0.122000
TibetanAnt 0.033600 0.273800 0.110300 0.320200 0.058100 0.033500 0.090400 0.078200 0.104400 0.116300 0.033300 0.089100 0.028600 0.063600 0.068400 0.063100 0.133800 0.133200 0.000000 0.104500 0.068000 0.027700 0.122200 0.168300 0.023800 0.094300 0.033500 0.093900 0.067900 0.093900 0.127200 0.064000 0.161400 0.038400 0.048300 0.099700 0.033700 0.048300 0.088600 0.120700 0.132800 0.104400 0.116700 0.149000 0.094600 0.058300 0.068700 0.063100 0.089300 0.116300 0.094000 0.093600
Sitatunga 0.088700 0.248100 0.023800 0.321000 0.083200 0.088600 0.144400 0.125100 0.018800 0.100300 0.098900 0.072100 0.093800 0.099500 0.104500 0.098400 0.122900 0.122400 0.104500 0.000000 0.103700 0.094100 0.127900 0.162300 0.088700 0.142200 0.088700 0.009400 0.113800 0.018900 0.121900 0.110700 0.111500 0.093800 0.115000 0.073500 0.099500 0.093500 0.135600 0.104700 0.116500 0.152700 0.100700 0.132300 0.078400 0.104300 0.115000 0.098800 0.137000 0.116200 0.023000 0.027400
Oribi 0.067900 0.291500 0.109500 0.325400 0.062700 0.067900 0.100200 0.037900 0.114300 0.110200 0.057700 0.104100 0.052900 0.068200 0.067900 0.023500 0.149600 0.149000 0.068000 0.103700 0.000000 0.063000 0.137800 0.161300 0.057900 0.052800 0.057800 0.103700 0.028200 0.103700 0.131800 0.068500 0.148900 0.062800 0.073000 0.115000 0.068100 0.052800 0.057500 0.119900 0.126400 0.062500 0.110500 0.148000 0.109900 0.048000 0.038200 0.067600 0.083500 0.120900 0.114500 0.103500
BarbaryShe 0.014200 0.274800 0.099800 0.333600 0.048200 0.014200 0.079900 0.073100 0.094000 0.095200 0.014200 0.078800 0.019000 0.053600 0.068400 0.058100 0.112000 0.111500 0.027700 0.094100 0.063000 0.000000 0.100900 0.146000 0.004700 0.089200 0.023800 0.083600 0.062900 0.083600 0.105900 0.053900 0.139100 0.028600 0.038400 0.079100 0.004700 0.038400 0.083500 0.110200 0.111400 0.099200 0.095500 0.138300 0.074000 0.058300 0.063600 0.053100 0.078900 0.105600 0.083800 0.083500
Daviddeer 0.106100 0.282000 0.122900 0.310300 0.110900 0.106000 0.152500 0.149000 0.128000 0.028900 0.105800 0.112000 0.100600 0.117500 0.133600 0.132600 0.106000 0.105600 0.122200 0.127900 0.137800 0.100900 0.000000 0.106300 0.095400 0.167400 0.105800 0.116800 0.137700 0.116900 0.033900 0.129200 0.111200 0.111000 0.121500 0.106200 0.106500 0.111300 0.143700 0.058300 0.029000 0.178200 0.029000 0.084100 0.112300 0.127400 0.133600 0.116600 0.144900 0.105300 0.128100 0.116700
Reindeer 0.140000 0.244900 0.168900 0.334700 0.133600 0.139900 0.202000 0.184600 0.174100 0.079900 0.150900 0.169200 0.145500 0.152200 0.180300 0.155900 0.156800 0.156300 0.168300 0.162300 0.161300 0.146000 0.106300 0.000000 0.140100 0.204200 0.150900 0.162200 0.172700 0.162300 0.095800 0.164600 0.173800 0.156300 0.168400 0.163100 0.152000 0.145400 0.185000 0.089500 0.090500 0.215300 0.080100 0.054100 0.158200 0.162100 0.174800 0.162200 0.180600 0.161200 0.174300 0.162100
Ibex 0.009500 0.267600 0.094400 0.326200 0.043200 0.009400 0.074600 0.067900 0.088700 0.089800 0.009400 0.073600 0.014200 0.048500 0.063300 0.053000 0.106400 0.106000 0.023800 0.088700 0.057900 0.004700 0.095400 0.140100 0.000000 0.083800 0.018900 0.078400 0.057800 0.078400 0.100400 0.048700 0.133300 0.023700 0.033500 0.073800 0.009500 0.033500 0.078200 0.104700 0.105800 0.093800 0.090100 0.132600 0.068700 0.053200 0.058400 0.048100 0.073600 0.100100 0.078500 0.078200
GyrantGaze 0.094200 0.314400 0.148400 0.368600 0.088600 0.094100 0.128300 0.052900 0.142200 0.149500 0.083500 0.131900 0.078600 0.094600 0.094200 0.038200 0.179500 0.178700 0.094300 0.142200 0.052800 0.089200 0.167400 0.204200 0.083800 0.000000 0.083700 0.131200 0.043000 0.131200 0.160900 0.095100 0.184600 0.088800 0.099400 0.143200 0.094600 0.078500 0.073000 0.159400 0.155300 0.009400 0.150000 0.189400 0.137800 0.068300 0.063300 0.093800 0.110400 0.149400 0.142400 0.130900
Hartebeest 0.028600 0.267300 0.104800 0.313400 0.043100 0.028600 0.074400 0.067900 0.098900 0.100100 0.028500 0.073400 0.004600 0.048400 0.063200 0.053000 0.106300 0.105800 0.033500 0.088700 0.057800 0.023800 0.105800 0.150900 0.018900 0.083700 0.000000 0.078300 0.057800 0.088500 0.100200 0.048700 0.133100 0.004600 0.033400 0.083900 0.028700 0.033400 0.068000 0.115100 0.116200 0.093700 0.100400 0.143200 0.078800 0.053200 0.058400 0.048000 0.073500 0.100000 0.078400 0.078100
Bongo 0.078300 0.248100 0.023800 0.314100 0.072900 0.078300 0.133200 0.114300 0.018900 0.100300 0.088500 0.063100 0.083400 0.089000 0.093900 0.088200 0.111800 0.111400 0.093900 0.009400 0.103700 0.083600 0.116800 0.162200 0.078400 0.131200 0.078300 0.000000 0.103600 0.009400 0.111000 0.100000 0.106100 0.083400 0.104300 0.063300 0.089000 0.083400 0.125100 0.104600 0.105600 0.141500 0.100600 0.132200 0.068400 0.093800 0.104700 0.088400 0.126000 0.105400 0.023700 0.018800
Gerenuk 0.067800 0.297700 0.120100 0.331900 0.062600 0.067800 0.089500 0.028300 0.113800 0.120800 0.057700 0.103700 0.052800 0.068100 0.067900 0.013700 0.149400 0.148800 0.067900 0.113800 0.028200 0.062900 0.137700 0.172700 0.057800 0.043000 0.057800 0.103600 0.000000 0.103600 0.131700 0.068400 0.154400 0.062700 0.072900 0.114800 0.068000 0.052600 0.047500 0.130600 0.126300 0.052600 0.121200 0.159100 0.109200 0.047900 0.038000 0.067600 0.083400 0.120800 0.114000 0.103000
CommonElan 0.078300 0.254300 0.023800 0.320500 0.072900 0.068100 0.133200 0.114300 0.018900 0.100300 0.088500 0.063100 0.083400 0.089000 0.093900 0.088200 0.122700 0.111300 0.093900 0.018900 0.103700 0.083600 0.116900 0.162300 0.078400 0.131200 0.088500 0.009400 0.103600 0.000000 0.111000 0.100000 0.116800 0.093600 0.104300 0.063300 0.089000 0.083400 0.125100 0.104700 0.105700 0.141600 0.100700 0.132300 0.068400 0.093700 0.104700 0.088400 0.126000 0.105500 0.023700 0.018800
MuntiacusR 0.111100 0.261200 0.128000 0.304400 0.105100 0.111000 0.157900 0.142900 0.122000 0.024000 0.110800 0.117100 0.095000 0.111600 0.127500 0.126500 0.105600 0.105300 0.127200 0.121900 0.131800 0.105900 0.033900 0.095800 0.100400 0.160900 0.100200 0.111000 0.131700 0.111000 0.000000 0.123100 0.105600 0.105400 0.127200 0.111200 0.111500 0.105500 0.126600 0.053100 0.033800 0.171600 0.024000 0.089200 0.117300 0.121500 0.133200 0.110800 0.138600 0.099600 0.111300 0.100300
HarveysDui 0.058800 0.271200 0.116700 0.316800 0.043600 0.058800 0.049500 0.078800 0.110700 0.112100 0.058700 0.084800 0.043700 0.019200 0.074100 0.063600 0.140700 0.140100 0.064000 0.110700 0.068500 0.053900 0.129200 0.164600 0.048700 0.095100 0.048700 0.100000 0.068400 0.100000 0.123100 0.000000 0.157200 0.053600 0.063900 0.085100 0.059100 0.033800 0.089300 0.127300 0.128700 0.105300 0.112500 0.156400 0.079900 0.053700 0.069200 0.038700 0.054000 0.090200 0.110900 0.099800
Pronghorn 0.144500 0.268200 0.117300 0.292600 0.138200 0.144400 0.187600 0.154600 0.127800 0.094800 0.132900 0.133800 0.138700 0.133800 0.156000 0.149200 0.084700 0.084400 0.161400 0.111500 0.148900 0.139100 0.111200 0.173800 0.133300 0.184600 0.133100 0.106100 0.154400 0.116800 0.105600 0.157200 0.000000 0.138500 0.161300 0.133700 0.145000 0.138600 0.166200 0.115000 0.100100 0.195600 0.095100 0.154300 0.140000 0.144100 0.150300 0.144000 0.161700 0.115800 0.133500 0.116600
BlueWildeb 0.033400 0.273400 0.110000 0.319900 0.048000 0.033400 0.079600 0.072900 0.104100 0.105300 0.033300 0.078500 0.009400 0.053400 0.068200 0.057900 0.111600 0.111100 0.038400 0.093800 0.062800 0.028600 0.111000 0.156300 0.023700 0.088800 0.004600 0.083400 0.062700 0.093600 0.105400 0.053600 0.138500 0.000000 0.038300 0.089000 0.033500 0.038300 0.073000 0.120400 0.121500 0.098800 0.105600 0.148600 0.083900 0.058100 0.063400 0.052900 0.078600 0.105200 0.083500 0.083200
Gemsbok 0.043300 0.273400 0.121000 0.313800 0.048100 0.043200 0.090200 0.083200 0.115000 0.116300 0.043200 0.089000 0.028600 0.063500 0.068300 0.068000 0.133700 0.133100 0.048300 0.115000 0.073000 0.038400 0.121500 0.168400 0.033500 0.099400 0.033400 0.104300 0.072900 0.104300 0.127200 0.063900 0.161300 0.038300 0.000000 0.099700 0.043400 0.048200 0.093700 0.131600 0.132800 0.109500 0.116700 0.149000 0.094500 0.068300 0.073700 0.053100 0.089100 0.116200 0.104500 0.104100
Yak 0.073700 0.295700 0.079000 0.342800 0.068400 0.073700 0.134200 0.125800 0.073500 0.100400 0.083900 0.038700 0.078800 0.095000 0.110600 0.099200 0.139800 0.139300 0.099700 0.073500 0.115000 0.079100 0.106200 0.163100 0.073800 0.143200 0.083900 0.063300 0.114800 0.063300 0.111200 0.085100 0.133700 0.089000 0.099700 0.000000 0.084400 0.078800 0.136900 0.125800 0.105900 0.153700 0.100600 0.149300 0.013400 0.099600 0.116100 0.083900 0.099600 0.100600 0.078800 0.063200
BlueSheep 0.018500 0.281900 0.105300 0.340700 0.053200 0.019000 0.085400 0.078400 0.099400 0.100700 0.019000 0.084200 0.023900 0.058700 0.073700 0.063200 0.117700 0.117200 0.033700 0.099500 0.068100 0.004700 0.106500 0.152000 0.009500 0.094600 0.028700 0.089000 0.068000 0.089000 0.111500 0.059100 0.145000 0.033500 0.043400 0.084400 0.000000 0.043400 0.088800 0.115700 0.117000 0.104600 0.101000 0.144100 0.079300 0.063500 0.068800 0.058200 0.084200 0.111200 0.089100 0.088800
BohorReedb 0.043300 0.273500 0.099500 0.319900 0.018900 0.043200 0.074500 0.062900 0.093400 0.094900 0.043200 0.078400 0.028600 0.043500 0.058200 0.047900 0.117000 0.122000 0.048300 0.093500 0.052800 0.038400 0.111300 0.145400 0.033500 0.078500 0.033400 0.083400 0.052600 0.083400 0.105500 0.033800 0.138600 0.038300 0.048200 0.078800 0.043400 0.000000 0.072800 0.109800 0.110900 0.088500 0.095200 0.137800 0.073500 0.038400 0.053200 0.033400 0.058400 0.084300 0.093600 0.082900
KirksDik 0.088500 0.306000 0.136800 0.339000 0.083100 0.088400 0.122000 0.057600 0.135500 0.126500 0.078000 0.125300 0.063000 0.088900 0.088500 0.042700 0.161100 0.149300 0.088600 0.135600 0.057500 0.083500 0.143700 0.185000 0.078200 0.073000 0.068000 0.125100 0.047500 0.125100 0.126600 0.089300 0.166200 0.073000 0.093700 0.136900 0.088800 0.072800 0.000000 0.141800 0.132100 0.082800 0.127000 0.170900 0.131100 0.068000 0.047900 0.088100 0.104500 0.143000 0.125000 0.113900
RoeDeer 0.115400 0.245500 0.110500 0.289400 0.109600 0.115300 0.162000 0.141700 0.115400 0.038200 0.115100 0.121300 0.109900 0.115800 0.120900 0.125500 0.109900 0.099000 0.120700 0.104700 0.119900 0.110200 0.058300 0.089500 0.104700 0.159400 0.115100 0.104600 0.130600 0.104700 0.053100 0.127300 0.115000 0.120400 0.131600 0.125800 0.115700 0.109800 0.141800 0.000000 0.058100 0.170000 0.038400 0.062800 0.127100 0.115100 0.132000 0.115000 0.142900 0.103900 0.115600 0.104500
WhiteLippe 0.105800 0.274200 0.111500 0.310700 0.099900 0.105700 0.157900 0.137400 0.116600 0.028800 0.105500 0.111700 0.111000 0.117100 0.133100 0.110400 0.105600 0.105300 0.132800 0.116500 0.126400 0.111400 0.029000 0.090500 0.105800 0.155300 0.116200 0.105600 0.126300 0.105700 0.033800 0.128700 0.100100 0.121500 0.132800 0.105900 0.117000 0.110900 0.132100 0.058100 0.000000 0.166000 0.028900 0.084100 0.111900 0.116100 0.122100 0.116200 0.144400 0.105000 0.116700 0.105500
ThomsonGaz 0.104300 0.326500 0.158900 0.381400 0.098700 0.104200 0.138700 0.062600 0.152700 0.160200 0.093500 0.142300 0.088600 0.104700 0.104300 0.047800 0.190500 0.189600 0.104400 0.152700 0.062500 0.099200 0.178200 0.215300 0.093800 0.009400 0.093700 0.141500 0.052600 0.141600 0.171600 0.105300 0.195600 0.098800 0.109500 0.153700 0.104600 0.088500 0.082800 0.170000 0.166000 0.000000 0.160700 0.200400 0.148300 0.078200 0.073200 0.103900 0.120600 0.160000 0.152900 0.141300
MuntiacusC 0.100700 0.255100 0.106500 0.292300 0.094900 0.100600 0.146900 0.132300 0.111500 0.000000 0.100400 0.106500 0.095200 0.101100 0.117000 0.116200 0.090000 0.089700 0.116700 0.100700 0.110500 0.095500 0.029000 0.080100 0.090100 0.150000 0.100400 0.100600 0.121200 0.100700 0.024000 0.112500 0.095100 0.105600 0.116700 0.100600 0.101000 0.095200 0.127000 0.038400 0.028900 0.160700 0.000000 0.073800 0.106800 0.111100 0.122600 0.100400 0.128000 0.084200 0.111600 0.100500
WhiteTaile 0.132500 0.235000 0.138400 0.295600 0.126300 0.132400 0.192700 0.170600 0.143500 0.073700 0.143200 0.149800 0.137900 0.144300 0.149200 0.142700 0.137900 0.137500 0.149000 0.132300 0.148000 0.138300 0.084100 0.054100 0.132600 0.189400 0.143200 0.132200 0.159100 0.132300 0.089200 0.156400 0.154300 0.148600 0.149000 0.149300 0.144100 0.137800 0.170900 0.062800 0.084100 0.200400 0.073800 0.000000 0.155900 0.143100 0.149500 0.143200 0.172300 0.142400 0.143700 0.132100
Cattle 0.068700 0.302700 0.084200 0.356600 0.063400 0.068600 0.128800 0.120500 0.078400 0.106500 0.078800 0.043500 0.073700 0.089800 0.115900 0.093800 0.145900 0.145300 0.094600 0.078400 0.109900 0.074000 0.112300 0.158200 0.068700 0.137800 0.078800 0.068400 0.109200 0.068400 0.117300 0.079900 0.140000 0.083900 0.094500 0.013400 0.079300 0.073500 0.131100 0.127100 0.111900 0.148300 0.106800 0.155900 0.000000 0.094500 0.110500 0.089100 0.095100 0.106300 0.083600 0.067700
RoyalAntel 0.063200 0.266300 0.110100 0.311900 0.048100 0.063200 0.095500 0.057900 0.104200 0.110700 0.053100 0.099400 0.048200 0.063500 0.058200 0.043200 0.139100 0.138500 0.058300 0.104300 0.048000 0.058300 0.127400 0.162100 0.053200 0.068300 0.053200 0.093800 0.047900 0.093700 0.121500 0.053700 0.144100 0.058100 0.068300 0.099600 0.063500 0.038400 0.068000 0.115100 0.116100 0.078200 0.111100 0.143100 0.094500 0.000000 0.048400 0.053000 0.058400 0.100100 0.104400 0.093500
Steenbok 0.068600 0.288700 0.110600 0.335400 0.063300 0.068500 0.095600 0.048000 0.114900 0.122200 0.058300 0.104800 0.053400 0.068900 0.068600 0.032100 0.144800 0.144200 0.068700 0.115000 0.038200 0.063600 0.133600 0.174800 0.058400 0.063300 0.058400 0.104700 0.038000 0.104700 0.133200 0.069200 0.150300 0.063400 0.073700 0.116100 0.068800 0.053200 0.047900 0.132000 0.122100 0.073200 0.122600 0.149500 0.110500 0.048400 0.000000 0.068300 0.084300 0.122100 0.115200 0.104100
Impala 0.058000 0.279500 0.104600 0.299700 0.043000 0.058000 0.079600 0.077800 0.098800 0.100100 0.057900 0.083700 0.043100 0.048400 0.063100 0.062800 0.127800 0.127300 0.063100 0.098800 0.067600 0.053100 0.116600 0.162200 0.048100 0.093800 0.048000 0.088400 0.067600 0.088400 0.110800 0.038700 0.144000 0.052900 0.053100 0.083900 0.058200 0.033400 0.088100 0.115000 0.116200 0.103900 0.100400 0.143200 0.089100 0.053000 0.068300 0.000000 0.063300 0.089500 0.099000 0.088200
Klipspring 0.083900 0.300700 0.143200 0.341100 0.068300 0.083900 0.106700 0.083500 0.136500 0.127600 0.083700 0.110500 0.068500 0.063800 0.084000 0.078500 0.145200 0.144600 0.089300 0.137000 0.083500 0.078900 0.144900 0.180600 0.073600 0.110400 0.073500 0.126000 0.083400 0.126000 0.138600 0.054000 0.161700 0.078600 0.089100 0.099600 0.084200 0.058400 0.104500 0.142900 0.144400 0.120600 0.128000 0.172300 0.095100 0.058400 0.084300 0.063300 0.000000 0.116600 0.137200 0.125700
ForestMusk 0.110800 0.272900 0.122300 0.305900 0.084100 0.110700 0.134300 0.131900 0.116300 0.083900 0.110500 0.100600 0.094800 0.089700 0.116400 0.115700 0.094700 0.105000 0.116300 0.116200 0.120900 0.105600 0.105300 0.161200 0.100100 0.149400 0.100000 0.105400 0.120800 0.105500 0.099600 0.090200 0.115800 0.105200 0.116200 0.100600 0.111200 0.084300 0.143000 0.103900 0.105000 0.160000 0.084200 0.142400 0.106300 0.100100 0.122100 0.089500 0.116600 0.000000 0.116400 0.105200
Bushbuck 0.078500 0.267600 0.038400 0.341800 0.083300 0.078400 0.144700 0.125300 0.022800 0.111200 0.088600 0.078300 0.073400 0.099700 0.104600 0.098500 0.122900 0.122400 0.094000 0.023000 0.114500 0.083800 0.128100 0.174300 0.078500 0.142400 0.078400 0.023700 0.114000 0.023700 0.111300 0.110900 0.133500 0.083500 0.104500 0.078800 0.089100 0.093600 0.125000 0.115600 0.116700 0.152900 0.111600 0.143700 0.083600 0.104400 0.115200 0.099000 0.137200 0.116400 0.000000 0.023600
GreaterKud 0.078200 0.259900 0.033400 0.326100 0.072800 0.078100 0.132900 0.114100 0.018800 0.100200 0.088300 0.062800 0.073100 0.088800 0.093700 0.087700 0.122400 0.122000 0.093600 0.027400 0.103500 0.083500 0.116700 0.162100 0.078200 0.130900 0.078100 0.018800 0.103000 0.018800 0.100300 0.099800 0.116600 0.083200 0.104100 0.063200 0.088800 0.082900 0.113900 0.104500 0.105500 0.141300 0.100500 0.132100 0.067700 0.093500 0.104100 0.088200 0.125700 0.105200 0.023600 0.000000
