1
52 1
Argali 0.000000 0.257900 0.072500 0.174700 0.038300 0.039000 0.041400 0.041100 0.076700 0.149600 0.000100 0.075500 0.000100 0.041400 0.076300 0.083000 0.037400 0.037300 0.000100 0.039500 0.115100 0.041100 0.076700 0.037500 0.000100 0.073400 0.000100 0.000100 0.000200 0.037500 0.075700 0.041400 0.187800 0.000100 0.039900 0.075500 0.000100 0.038300 0.038900 0.000200 0.076700 0.073400 0.075600 0.073700 0.115300 0.000100 0.074000 0.000100 0.128300 0.080600 0.080700 0.038900
LesserMous 0.257900 0.000000 0.323300 0.308300 0.297000 0.304700 0.320000 0.319500 0.338800 0.319600 0.255700 0.334000 0.255700 0.320000 0.339500 0.263200 0.290600 0.314500 0.255700 0.305800 0.196100 0.319500 0.242800 0.292200 0.255700 0.326900 0.255700 0.255700 0.249700 0.291400 0.338100 0.320000 0.362300 0.255700 0.309200 0.334000 0.255700 0.297000 0.205200 0.257400 0.242800 0.326900 0.241100 0.329000 0.284300 0.251900 0.236500 0.255700 0.430100 0.357100 0.357900 0.208100
LesserKudu 0.072500 0.323300 0.000000 0.245200 0.108200 0.109700 0.115200 0.114000 0.143400 0.137200 0.071900 0.141300 0.071900 0.115200 0.144200 0.153200 0.105200 0.128500 0.071900 0.110200 0.179300 0.114000 0.143900 0.034300 0.071900 0.067400 0.071900 0.071900 0.072100 0.106100 0.069100 0.115200 0.171900 0.071900 0.111300 0.141300 0.071900 0.108200 0.108600 0.073000 0.143900 0.067400 0.069100 0.067700 0.180400 0.072400 0.139600 0.071900 0.197000 0.150300 0.149700 0.108700
KillerWhal 0.174700 0.308300 0.245200 0.000000 0.214800 0.221100 0.234700 0.232000 0.257700 0.242800 0.173000 0.253600 0.173000 0.234700 0.257800 0.178300 0.210100 0.209900 0.173000 0.221900 0.119300 0.232000 0.079100 0.212000 0.173000 0.249100 0.173000 0.173000 0.212800 0.211200 0.257400 0.234700 0.284600 0.173000 0.174400 0.253600 0.173000 0.214800 0.124900 0.174500 0.079100 0.249100 0.163300 0.250500 0.205800 0.215000 0.160100 0.173000 0.233900 0.274200 0.272800 0.126700
DefassaWat 0.038300 0.297000 0.108200 0.214800 0.000000 0.077400 0.081700 0.081100 0.000100 0.186000 0.038200 0.036300 0.038200 0.081700 0.113500 0.122700 0.074000 0.091400 0.038200 0.038500 0.152100 0.081100 0.114000 0.074400 0.038200 0.035400 0.038200 0.038200 0.038100 0.000200 0.112600 0.081700 0.224500 0.038200 0.078900 0.036300 0.038200 0.000000 0.077000 0.038400 0.114000 0.035400 0.112600 0.109900 0.073800 0.038200 0.110200 0.038200 0.168500 0.119500 0.119500 0.076900
Sheep 0.039000 0.304700 0.109700 0.221100 0.077400 0.000000 0.083700 0.083000 0.116100 0.109100 0.038900 0.114400 0.038900 0.083700 0.115700 0.125900 0.075400 0.075200 0.038900 0.079700 0.155200 0.083000 0.116300 0.075700 0.038900 0.111100 0.038900 0.038900 0.038800 0.075600 0.036700 0.083700 0.187000 0.038900 0.080300 0.114400 0.038900 0.077400 0.078700 0.039200 0.116300 0.111100 0.114700 0.111600 0.155800 0.039000 0.112100 0.038900 0.172800 0.122200 0.122200 0.078500
MaxwellsDu 0.041400 0.320000 0.115200 0.234700 0.081700 0.083700 0.000000 0.000100 0.122300 0.198500 0.041100 0.120400 0.041100 0.000000 0.121900 0.043000 0.079500 0.098200 0.041100 0.084200 0.163500 0.000100 0.122500 0.079700 0.041100 0.116700 0.041100 0.041100 0.040900 0.080100 0.120700 0.000000 0.238900 0.041100 0.085200 0.120400 0.041100 0.081700 0.083000 0.041400 0.122500 0.116700 0.120700 0.117300 0.163800 0.041200 0.118000 0.041100 0.088700 0.041500 0.129400 0.083100
GazellaPrz 0.041100 0.319500 0.114000 0.232000 0.081100 0.083000 0.000100 0.000000 0.120800 0.197100 0.040600 0.119000 0.040600 0.000100 0.120900 0.042400 0.078900 0.101900 0.040600 0.083100 0.161200 0.000000 0.121400 0.079200 0.040600 0.116000 0.040600 0.040600 0.040600 0.079600 0.119800 0.000100 0.236300 0.040600 0.084000 0.119000 0.040600 0.081100 0.081900 0.041100 0.121400 0.116000 0.119800 0.116500 0.162500 0.040900 0.117100 0.040600 0.087300 0.041400 0.127500 0.082000
MountainNy 0.076700 0.338800 0.143400 0.257700 0.000100 0.116100 0.122300 0.120800 0.000000 0.222900 0.080500 0.072300 0.075900 0.122300 0.151200 0.162600 0.111100 0.135900 0.075900 0.037700 0.188900 0.120800 0.151900 0.111500 0.075900 0.070800 0.075900 0.075900 0.076000 0.036200 0.150000 0.122300 0.260900 0.075900 0.117700 0.072300 0.075900 0.000100 0.114800 0.076700 0.151900 0.070800 0.149900 0.146400 0.110800 0.076400 0.147100 0.075900 0.209500 0.159100 0.158500 0.114700
MuntiacusM 0.149600 0.319600 0.137200 0.242800 0.186000 0.109100 0.198500 0.197100 0.222900 0.000000 0.148800 0.220100 0.148800 0.198500 0.223700 0.152800 0.180700 0.205500 0.148800 0.190300 0.178600 0.197100 0.142100 0.105400 0.148800 0.138800 0.148800 0.148800 0.148300 0.182400 0.068500 0.198500 0.135100 0.148800 0.191600 0.220100 0.148800 0.186000 0.108200 0.150700 0.142100 0.138800 0.068300 0.138700 0.179400 0.149200 0.216300 0.148800 0.287200 0.233200 0.233100 0.187800
goat 0.000100 0.255700 0.071900 0.173000 0.038200 0.038900 0.041100 0.040600 0.080500 0.148800 0.000000 0.074700 0.000000 0.041100 0.075800 0.081900 0.037100 0.052100 0.000000 0.039000 0.113800 0.040600 0.076200 0.037300 0.000000 0.073000 0.000000 0.000000 0.000100 0.037400 0.075200 0.041100 0.185900 0.000000 0.039400 0.074700 0.000000 0.038200 0.038500 0.000200 0.076200 0.073000 0.075200 0.073300 0.114600 0.000200 0.073600 0.000000 0.126500 0.080100 0.079700 0.038500
AfricanBuf 0.075500 0.334000 0.141300 0.253600 0.036300 0.114400 0.120400 0.119000 0.072300 0.220100 0.074700 0.000000 0.074700 0.120400 0.072200 0.160200 0.109400 0.133300 0.074700 0.114700 0.186200 0.119000 0.149600 0.109800 0.074700 0.069700 0.074700 0.074700 0.074800 0.035600 0.147800 0.120400 0.257500 0.074700 0.115600 0.000000 0.074700 0.036300 0.113100 0.075500 0.149600 0.069700 0.147700 0.144100 0.035300 0.075300 0.144800 0.074700 0.206000 0.156800 0.155900 0.112900
Topi 0.000100 0.255700 0.071900 0.173000 0.038200 0.038900 0.041100 0.040600 0.075900 0.148800 0.000000 0.074700 0.000000 0.041100 0.075800 0.081900 0.037100 0.052100 0.000000 0.039000 0.113800 0.040600 0.076200 0.037300 0.000000 0.073000 0.000000 0.000000 0.000100 0.037400 0.075200 0.041100 0.185900 0.000000 0.039400 0.074700 0.000000 0.038200 0.038500 0.000200 0.076200 0.073000 0.075200 0.073300 0.114600 0.000200 0.073600 0.000000 0.126500 0.080100 0.083900 0.038500
CommonDuik 0.041400 0.320000 0.115200 0.234700 0.081700 0.083700 0.000000 0.000100 0.122300 0.198500 0.041100 0.120400 0.041100 0.000000 0.121900 0.043000 0.079500 0.098200 0.041100 0.084200 0.163500 0.000100 0.122500 0.079700 0.041100 0.116700 0.041100 0.041100 0.040900 0.080100 0.120700 0.000000 0.238900 0.041100 0.085200 0.120400 0.041100 0.081700 0.083000 0.041400 0.122500 0.116700 0.120700 0.117300 0.163800 0.041200 0.118000 0.041100 0.088700 0.041500 0.129400 0.083100
Suni 0.076300 0.339500 0.144200 0.257800 0.113500 0.115700 0.121900 0.120900 0.151200 0.223700 0.075800 0.072200 0.075800 0.121900 0.000000 0.162900 0.110600 0.131200 0.075800 0.116500 0.189100 0.120900 0.151200 0.111600 0.075800 0.145900 0.075800 0.075800 0.075600 0.111400 0.150300 0.121900 0.263100 0.075800 0.117400 0.072200 0.075800 0.113500 0.114900 0.076400 0.151200 0.145900 0.150300 0.146500 0.110200 0.076100 0.146100 0.075800 0.209500 0.158600 0.158300 0.114700
Springbuck 0.083000 0.263200 0.153200 0.178300 0.122700 0.125900 0.043000 0.042400 0.162600 0.152800 0.081900 0.160200 0.081900 0.043000 0.162900 0.000000 0.119500 0.145900 0.081900 0.125900 0.116900 0.042400 0.078300 0.119800 0.081900 0.156000 0.081900 0.081900 0.081900 0.120500 0.161400 0.043000 0.190700 0.081900 0.126900 0.160200 0.081900 0.122700 0.039700 0.082900 0.078300 0.156000 0.077300 0.156600 0.118000 0.082500 0.157500 0.086400 0.132300 0.083600 0.171700 0.124000
Okapi 0.037400 0.290600 0.105200 0.210100 0.074000 0.075400 0.079500 0.078900 0.111100 0.180700 0.037100 0.109400 0.037100 0.079500 0.110600 0.119500 0.000000 0.000100 0.037100 0.076000 0.148300 0.078900 0.110900 0.072300 0.037100 0.106400 0.037100 0.037100 0.037000 0.072700 0.109400 0.079500 0.141100 0.037100 0.076800 0.109400 0.037100 0.074000 0.075000 0.037300 0.110900 0.106400 0.109400 0.106900 0.148600 0.037300 0.107600 0.037100 0.164100 0.116400 0.116500 0.075000
Giraffe 0.037300 0.314500 0.128500 0.209900 0.091400 0.075200 0.098200 0.101900 0.135900 0.205500 0.052100 0.133300 0.052100 0.098200 0.131200 0.145900 0.000100 0.000000 0.052100 0.097900 0.175100 0.101900 0.132100 0.089500 0.052100 0.106400 0.052100 0.052100 0.048900 0.072700 0.130100 0.098200 0.165700 0.052100 0.099600 0.133300 0.052100 0.091400 0.095800 0.046900 0.132100 0.106400 0.130000 0.127600 0.148200 0.037200 0.128000 0.052100 0.194800 0.138500 0.142900 0.096500
TibetanAnt 0.000100 0.255700 0.071900 0.173000 0.038200 0.038900 0.041100 0.040600 0.075900 0.148800 0.000000 0.074700 0.000000 0.041100 0.075800 0.081900 0.037100 0.052100 0.000000 0.039000 0.113800 0.040600 0.076200 0.037300 0.000000 0.073000 0.000000 0.000000 0.000100 0.037400 0.075200 0.041100 0.185900 0.000000 0.039400 0.074700 0.000000 0.038200 0.038500 0.000200 0.076200 0.073000 0.075200 0.073300 0.114600 0.000200 0.073600 0.000000 0.126500 0.080100 0.079700 0.038500
Sitatunga 0.039500 0.305800 0.110200 0.221900 0.038500 0.079700 0.084200 0.083100 0.037700 0.190300 0.039000 0.114700 0.039000 0.084200 0.116500 0.125900 0.076000 0.097900 0.039000 0.000000 0.155200 0.083100 0.117000 0.076300 0.039000 0.112100 0.039000 0.039000 0.039100 0.076700 0.115500 0.084200 0.228700 0.039000 0.080700 0.114700 0.039000 0.038500 0.078800 0.039500 0.117000 0.112100 0.115500 0.112500 0.156600 0.039300 0.113000 0.039000 0.173000 0.122900 0.122400 0.078700
Oribi 0.115100 0.196100 0.179300 0.119300 0.152100 0.155200 0.163500 0.161200 0.188900 0.178600 0.113800 0.186200 0.113800 0.163500 0.189100 0.116900 0.148300 0.175100 0.113800 0.155200 0.000000 0.161200 0.109300 0.148700 0.113800 0.182300 0.113800 0.113800 0.114000 0.149300 0.187800 0.163500 0.214300 0.113800 0.156500 0.186200 0.113800 0.152100 0.073400 0.115100 0.109300 0.182300 0.108000 0.183100 0.146100 0.114800 0.183900 0.113800 0.251400 0.199700 0.198100 0.074200
BarbaryShe 0.041100 0.319500 0.114000 0.232000 0.081100 0.083000 0.000100 0.000000 0.120800 0.197100 0.040600 0.119000 0.040600 0.000100 0.120900 0.042400 0.078900 0.101900 0.040600 0.083100 0.161200 0.000000 0.121400 0.079200 0.040600 0.116000 0.040600 0.040600 0.040600 0.079600 0.119800 0.000100 0.236300 0.040600 0.084000 0.119000 0.040600 0.081100 0.081900 0.041100 0.121400 0.116000 0.119800 0.116500 0.162500 0.040900 0.117100 0.040600 0.087300 0.041400 0.127500 0.082000
Daviddeer 0.076700 0.242800 0.143900 0.079100 0.114000 0.116300 0.122500 0.121400 0.151900 0.142100 0.076200 0.149600 0.076200 0.122500 0.151200 0.078300 0.110900 0.132100 0.076200 0.117000 0.109300 0.121400 0.000000 0.110900 0.076200 0.145800 0.076200 0.076200 0.075900 0.111900 0.149400 0.122500 0.179200 0.076200 0.117900 0.149600 0.076200 0.114000 0.036900 0.076700 0.000000 0.145800 0.071700 0.145500 0.109600 0.076500 0.070800 0.076200 0.210500 0.159400 0.159200 0.115200
Reindeer 0.037500 0.292200 0.034300 0.212000 0.074400 0.075700 0.079700 0.079200 0.111500 0.105400 0.037300 0.109800 0.037300 0.079700 0.111600 0.119800 0.072300 0.089500 0.037300 0.076300 0.148700 0.079200 0.110900 0.000000 0.037300 0.034700 0.037300 0.037300 0.037200 0.073000 0.035500 0.079700 0.141800 0.037300 0.077100 0.109800 0.037300 0.074400 0.075200 0.037800 0.110900 0.034700 0.035500 0.034700 0.148900 0.037400 0.107900 0.037300 0.164400 0.116800 0.116800 0.075300
Ibex 0.000100 0.255700 0.071900 0.173000 0.038200 0.038900 0.041100 0.040600 0.075900 0.148800 0.000000 0.074700 0.000000 0.041100 0.075800 0.081900 0.037100 0.052100 0.000000 0.039000 0.113800 0.040600 0.076200 0.037300 0.000000 0.073000 0.000000 0.000000 0.000100 0.037400 0.075200 0.041100 0.185900 0.000000 0.039400 0.074700 0.000000 0.038200 0.038500 0.000200 0.076200 0.073000 0.075200 0.073300 0.114600 0.000200 0.073600 0.000000 0.126500 0.080100 0.079700 0.038500
GyrantGaze 0.073400 0.326900 0.067400 0.249100 0.035400 0.111100 0.116700 0.116000 0.070800 0.138800 0.073000 0.069700 0.073000 0.116700 0.145900 0.156000 0.106400 0.106400 0.073000 0.112100 0.182300 0.116000 0.145800 0.034700 0.073000 0.000000 0.073000 0.073000 0.072900 0.034700 0.069900 0.116700 0.174400 0.073000 0.113200 0.069700 0.073000 0.035400 0.110400 0.074000 0.145800 0.000000 0.069900 0.068500 0.106300 0.073300 0.141400 0.073000 0.200800 0.152200 0.152400 0.110400
Hartebeest 0.000100 0.255700 0.071900 0.173000 0.038200 0.038900 0.041100 0.040600 0.075900 0.148800 0.000000 0.074700 0.000000 0.041100 0.075800 0.081900 0.037100 0.052100 0.000000 0.039000 0.113800 0.040600 0.076200 0.037300 0.000000 0.073000 0.000000 0.000000 0.000100 0.037400 0.075200 0.041100 0.185900 0.000000 0.039400 0.074700 0.000000 0.038200 0.038500 0.000200 0.076200 0.073000 0.075200 0.073300 0.114600 0.000200 0.073600 0.000000 0.126500 0.080100 0.079700 0.038500
Bongo 0.000100 0.255700 0.071900 0.173000 0.038200 0.038900 0.041100 0.040600 0.075900 0.148800 0.000000 0.074700 0.000000 0.041100 0.075800 0.081900 0.037100 0.052100 0.000000 0.039000 0.113800 0.040600 0.076200 0.037300 0.000000 0.073000 0.000000 0.000000 0.000100 0.037400 0.075200 0.041100 0.185900 0.000000 0.039400 0.074700 0.000000 0.038200 0.038500 0.000200 0.076200 0.073000 0.075200 0.073300 0.114600 0.000200 0.073600 0.000000 0.126500 0.080100 0.079700 0.040500
Gerenuk 0.000200 0.249700 0.072100 0.212800 0.038100 0.038800 0.040900 0.040600 0.076000 0.148300 0.000100 0.074800 0.000100 0.040900 0.075600 0.081900 0.037000 0.048900 0.000100 0.039100 0.114000 0.040600 0.075900 0.037200 0.000100 0.072900 0.000100 0.000100 0.000000 0.037400 0.075000 0.040900 0.186100 0.000100 0.039500 0.074800 0.000100 0.038100 0.038500 0.000200 0.075900 0.072900 0.075000 0.073200 0.114100 0.000100 0.073500 0.000100 0.126500 0.079800 0.079800 0.038600
CommonElan 0.037500 0.291400 0.106100 0.211200 0.000200 0.075600 0.080100 0.079600 0.036200 0.182400 0.037400 0.035600 0.037400 0.080100 0.111400 0.120500 0.072700 0.072700 0.037400 0.076700 0.149300 0.079600 0.111900 0.073000 0.037400 0.034700 0.037400 0.037400 0.037400 0.000000 0.110400 0.080100 0.220100 0.037400 0.077400 0.035600 0.037400 0.000200 0.075500 0.037600 0.111900 0.034700 0.110400 0.107900 0.072500 0.037600 0.108300 0.037400 0.165500 0.117300 0.117400 0.075500
MuntiacusR 0.075700 0.338100 0.069100 0.257400 0.112600 0.036700 0.120700 0.119800 0.150000 0.068500 0.075200 0.147800 0.075200 0.120700 0.150300 0.161400 0.109400 0.130100 0.075200 0.115500 0.187800 0.119800 0.149400 0.035500 0.075200 0.069900 0.075200 0.075200 0.075000 0.110400 0.000000 0.120700 0.141200 0.075200 0.116400 0.147800 0.075200 0.112600 0.114000 0.076300 0.149400 0.069900 0.071600 0.069900 0.188400 0.075500 0.145100 0.075200 0.207500 0.157100 0.157100 0.113800
HarveysDui 0.041400 0.320000 0.115200 0.234700 0.081700 0.083700 0.000000 0.000100 0.122300 0.198500 0.041100 0.120400 0.041100 0.000000 0.121900 0.043000 0.079500 0.098200 0.041100 0.084200 0.163500 0.000100 0.122500 0.079700 0.041100 0.116700 0.041100 0.041100 0.040900 0.080100 0.120700 0.000000 0.238900 0.041100 0.085200 0.120400 0.041100 0.081700 0.083000 0.041400 0.122500 0.116700 0.120700 0.117300 0.163800 0.041200 0.118000 0.041100 0.088700 0.041500 0.129400 0.083100
Pronghorn 0.187800 0.362300 0.171900 0.284600 0.224500 0.187000 0.238900 0.236300 0.260900 0.135100 0.185900 0.257500 0.185900 0.238900 0.263100 0.190700 0.141100 0.165700 0.185900 0.228700 0.214300 0.236300 0.179200 0.141800 0.185900 0.174400 0.185900 0.185900 0.186100 0.220100 0.141200 0.238900 0.000000 0.185900 0.229600 0.257500 0.185900 0.224500 0.144200 0.188900 0.179200 0.174400 0.103300 0.175100 0.216800 0.187200 0.253800 0.185900 0.328300 0.273200 0.271900 0.225000
BlueWildeb 0.000100 0.255700 0.071900 0.173000 0.038200 0.038900 0.041100 0.040600 0.075900 0.148800 0.000000 0.074700 0.000000 0.041100 0.075800 0.081900 0.037100 0.052100 0.000000 0.039000 0.113800 0.040600 0.076200 0.037300 0.000000 0.073000 0.000000 0.000000 0.000100 0.037400 0.075200 0.041100 0.185900 0.000000 0.039400 0.074700 0.000000 0.038200 0.038500 0.000200 0.076200 0.073000 0.075200 0.073300 0.114600 0.000200 0.073600 0.000000 0.126500 0.080100 0.079700 0.038500
Gemsbok 0.039900 0.309200 0.111300 0.174400 0.078900 0.080300 0.085200 0.084000 0.117700 0.191600 0.039400 0.115600 0.039400 0.085200 0.117400 0.126900 0.076800 0.099600 0.039400 0.080700 0.156500 0.084000 0.117900 0.077100 0.039400 0.113200 0.039400 0.039400 0.039500 0.077400 0.116400 0.085200 0.229600 0.039400 0.000000 0.115600 0.039400 0.078900 0.079400 0.039900 0.117900 0.113200 0.116400 0.113700 0.157400 0.039700 0.114200 0.039400 0.174800 0.124400 0.123700 0.079600
Yak 0.075500 0.334000 0.141300 0.253600 0.036300 0.114400 0.120400 0.119000 0.072300 0.220100 0.074700 0.000000 0.074700 0.120400 0.072200 0.160200 0.109400 0.133300 0.074700 0.114700 0.186200 0.119000 0.149600 0.109800 0.074700 0.069700 0.074700 0.074700 0.074800 0.035600 0.147800 0.120400 0.257500 0.074700 0.115600 0.000000 0.074700 0.036300 0.113100 0.075500 0.149600 0.069700 0.147700 0.144100 0.035300 0.075300 0.144800 0.074700 0.206000 0.156800 0.155900 0.112900
BlueSheep 0.000100 0.255700 0.071900 0.173000 0.038200 0.038900 0.041100 0.040600 0.075900 0.148800 0.000000 0.074700 0.000000 0.041100 0.075800 0.081900 0.037100 0.052100 0.000000 0.039000 0.113800 0.040600 0.076200 0.037300 0.000000 0.073000 0.000000 0.000000 0.000100 0.037400 0.075200 0.041100 0.185900 0.000000 0.039400 0.074700 0.000000 0.038200 0.038500 0.000200 0.076200 0.073000 0.075200 0.073300 0.114600 0.000200 0.073600 0.000000 0.126500 0.080100 0.079700 0.038500
BohorReedb 0.038300 0.297000 0.108200 0.214800 0.000000 0.077400 0.081700 0.081100 0.000100 0.186000 0.038200 0.036300 0.038200 0.081700 0.113500 0.122700 0.074000 0.091400 0.038200 0.038500 0.152100 0.081100 0.114000 0.074400 0.038200 0.035400 0.038200 0.038200 0.038100 0.000200 0.112600 0.081700 0.224500 0.038200 0.078900 0.036300 0.038200 0.000000 0.077000 0.038400 0.114000 0.035400 0.112600 0.109900 0.073800 0.038200 0.110200 0.038200 0.168500 0.119500 0.119500 0.076900
KirksDik 0.038900 0.205200 0.108600 0.124900 0.077000 0.078700 0.083000 0.081900 0.114800 0.108200 0.038500 0.113100 0.038500 0.083000 0.114900 0.039700 0.075000 0.095800 0.038500 0.078800 0.073400 0.081900 0.036900 0.075200 0.038500 0.110400 0.038500 0.038500 0.038500 0.075500 0.114000 0.083000 0.144200 0.038500 0.079400 0.113100 0.038500 0.077000 0.000000 0.038900 0.036900 0.110400 0.036500 0.110900 0.074100 0.038800 0.111300 0.038500 0.170300 0.121300 0.120600 0.077600
RoeDeer 0.000200 0.257400 0.073000 0.174500 0.038400 0.039200 0.041400 0.041100 0.076700 0.150700 0.000200 0.075500 0.000200 0.041400 0.076400 0.082900 0.037300 0.046900 0.000200 0.039500 0.115100 0.041100 0.076700 0.037800 0.000200 0.074000 0.000200 0.000200 0.000200 0.037600 0.076300 0.041400 0.188900 0.000200 0.039900 0.075500 0.000200 0.038400 0.038900 0.000000 0.076700 0.074000 0.076200 0.074200 0.115300 0.000300 0.074100 0.000200 0.127900 0.080700 0.080500 0.038900
WhiteLippe 0.076700 0.242800 0.143900 0.079100 0.114000 0.116300 0.122500 0.121400 0.151900 0.142100 0.076200 0.149600 0.076200 0.122500 0.151200 0.078300 0.110900 0.132100 0.076200 0.117000 0.109300 0.121400 0.000000 0.110900 0.076200 0.145800 0.076200 0.076200 0.075900 0.111900 0.149400 0.122500 0.179200 0.076200 0.117900 0.149600 0.076200 0.114000 0.036900 0.076700 0.000000 0.145800 0.071700 0.145500 0.109600 0.076500 0.070800 0.076200 0.210500 0.159400 0.159200 0.115200
ThomsonGaz 0.073400 0.326900 0.067400 0.249100 0.035400 0.111100 0.116700 0.116000 0.070800 0.138800 0.073000 0.069700 0.073000 0.116700 0.145900 0.156000 0.106400 0.106400 0.073000 0.112100 0.182300 0.116000 0.145800 0.034700 0.073000 0.000000 0.073000 0.073000 0.072900 0.034700 0.069900 0.116700 0.174400 0.073000 0.113200 0.069700 0.073000 0.035400 0.110400 0.074000 0.145800 0.000000 0.069900 0.068500 0.106300 0.073300 0.141400 0.073000 0.200800 0.152200 0.152400 0.110400
MuntiacusC 0.075600 0.241100 0.069100 0.163300 0.112600 0.114700 0.120700 0.119800 0.149900 0.068300 0.075200 0.147700 0.075200 0.120700 0.150300 0.077300 0.109400 0.130000 0.075200 0.115500 0.108000 0.119800 0.071700 0.035500 0.075200 0.069900 0.075200 0.075200 0.075000 0.110400 0.071600 0.120700 0.103300 0.075200 0.116400 0.147700 0.075200 0.112600 0.036500 0.076200 0.071700 0.069900 0.000000 0.069900 0.108300 0.075400 0.145100 0.075200 0.207400 0.157100 0.157100 0.113800
WhiteTaile 0.073700 0.329000 0.067700 0.250500 0.109900 0.111600 0.117300 0.116500 0.146400 0.138700 0.073300 0.144100 0.073300 0.117300 0.146500 0.156600 0.106900 0.127600 0.073300 0.112500 0.183100 0.116500 0.145500 0.034700 0.073300 0.068500 0.073300 0.073300 0.073200 0.107900 0.069900 0.117300 0.175100 0.073300 0.113700 0.144100 0.073300 0.109900 0.110900 0.074200 0.145500 0.068500 0.069900 0.000000 0.183500 0.073700 0.141800 0.073300 0.201500 0.153000 0.152900 0.110900
Cattle 0.115300 0.284300 0.180400 0.205800 0.073800 0.155800 0.163800 0.162500 0.110800 0.179400 0.114600 0.035300 0.114600 0.163800 0.110200 0.118000 0.148600 0.148200 0.114600 0.156600 0.146100 0.162500 0.109600 0.148900 0.114600 0.106300 0.114600 0.114600 0.114100 0.072500 0.188400 0.163800 0.216800 0.114600 0.157400 0.035300 0.114600 0.073800 0.074100 0.115300 0.109600 0.106300 0.108300 0.183500 0.000000 0.114900 0.184100 0.114600 0.253800 0.199800 0.199500 0.154000
RoyalAntel 0.000100 0.251900 0.072400 0.215000 0.038200 0.039000 0.041200 0.040900 0.076400 0.149200 0.000200 0.075300 0.000200 0.041200 0.076100 0.082500 0.037300 0.037200 0.000200 0.039300 0.114800 0.040900 0.076500 0.037400 0.000200 0.073300 0.000200 0.000200 0.000100 0.037600 0.075500 0.041200 0.187200 0.000200 0.039700 0.075300 0.000200 0.038200 0.038800 0.000300 0.076500 0.073300 0.075400 0.073700 0.114900 0.000000 0.074000 0.000200 0.127600 0.080400 0.080400 0.038800
Steenbok 0.074000 0.236500 0.139600 0.160100 0.110200 0.112100 0.118000 0.117100 0.147100 0.216300 0.073600 0.144800 0.073600 0.118000 0.146100 0.157500 0.107600 0.128000 0.073600 0.113000 0.183900 0.117100 0.070800 0.107900 0.073600 0.141400 0.073600 0.073600 0.073500 0.108300 0.145100 0.118000 0.253800 0.073600 0.114200 0.144800 0.073600 0.110200 0.111300 0.074100 0.070800 0.141400 0.145100 0.141800 0.184100 0.074000 0.000000 0.073600 0.202900 0.153800 0.153800 0.111400
Impala 0.000100 0.255700 0.071900 0.173000 0.038200 0.038900 0.041100 0.040600 0.075900 0.148800 0.000000 0.074700 0.000000 0.041100 0.075800 0.086400 0.037100 0.052100 0.000000 0.039000 0.113800 0.040600 0.076200 0.037300 0.000000 0.073000 0.000000 0.000000 0.000100 0.037400 0.075200 0.041100 0.185900 0.000000 0.039400 0.074700 0.000000 0.038200 0.038500 0.000200 0.076200 0.073000 0.075200 0.073300 0.114600 0.000200 0.073600 0.000000 0.126500 0.080100 0.079700 0.038500
Klipspring 0.128300 0.430100 0.197000 0.233900 0.168500 0.172800 0.088700 0.087300 0.209500 0.287200 0.126500 0.206000 0.126500 0.088700 0.209500 0.132300 0.164100 0.194800 0.126500 0.173000 0.251400 0.087300 0.210500 0.164400 0.126500 0.200800 0.126500 0.126500 0.126500 0.165500 0.207500 0.088700 0.328300 0.126500 0.174800 0.206000 0.126500 0.168500 0.170300 0.127900 0.210500 0.200800 0.207400 0.201500 0.253800 0.127600 0.202900 0.126500 0.000000 0.129200 0.221300 0.170200
ForestMusk 0.080600 0.357100 0.150300 0.274200 0.119500 0.122200 0.041500 0.041400 0.159100 0.233200 0.080100 0.156800 0.080100 0.041500 0.158600 0.083600 0.116400 0.138500 0.080100 0.122900 0.199700 0.041400 0.159400 0.116800 0.080100 0.152200 0.080100 0.080100 0.079800 0.117300 0.157100 0.041500 0.273200 0.080100 0.124400 0.156800 0.080100 0.119500 0.121300 0.080700 0.159400 0.152200 0.157100 0.153000 0.199800 0.080400 0.153800 0.080100 0.129200 0.000000 0.167900 0.121500
Bushbuck 0.080700 0.357900 0.149700 0.272800 0.119500 0.122200 0.129400 0.127500 0.158500 0.233100 0.079700 0.155900 0.083900 0.129400 0.158300 0.171700 0.116500 0.142900 0.079700 0.122400 0.198100 0.127500 0.159200 0.116800 0.079700 0.152400 0.079700 0.079700 0.079800 0.117400 0.157100 0.129400 0.271900 0.079700 0.123700 0.155900 0.079700 0.119500 0.120600 0.080500 0.159200 0.152400 0.157100 0.152900 0.199500 0.080400 0.153800 0.079700 0.221300 0.167900 0.000000 0.120600
GreaterKud 0.038900 0.208100 0.108700 0.126700 0.076900 0.078500 0.083100 0.082000 0.114700 0.187800 0.038500 0.112900 0.038500 0.083100 0.114700 0.124000 0.075000 0.096500 0.038500 0.078700 0.074200 0.082000 0.115200 0.075300 0.038500 0.110400 0.038500 0.040500 0.038600 0.075500 0.113800 0.083100 0.225000 0.038500 0.079600 0.112900 0.038500 0.076900 0.077600 0.038900 0.115200 0.110400 0.113800 0.110900 0.154000 0.038800 0.111400 0.038500 0.170200 0.121500 0.120600 0.000000
