CODONML (in paml version 4.10.7, June 2023)  /home/rachel/ruminants_paml/6406-phy-tree/ENSBTAT00000009131.fasta.phy
Model: free dN/dS Ratios for branches,  kappa = 2.000 fixed

Codon frequency model: F3x4
ns =  54  ls =  21

Codon usage in sequences
--------------------------------------------------------------------------------------------------------------------------------------
Phe TTT   0   0   0   0   0   0 | Ser TCT   0   0   0   0   0   0 | Tyr TAT   0   0   0   0   0   0 | Cys TGT   0   0   0   0   0   0
    TTC   0   0   0   0   0   0 |     TCC   1   1   1   1   1   0 |     TAC   0   0   0   0   0   0 |     TGC   0   0   0   0   0   0
Leu TTA   0   0   0   0   0   0 |     TCA   1   0   1   1   0   1 | *** TAA   0   0   0   0   0   0 | *** TGA   0   0   0   0   0   0
    TTG   0   0   0   0   0   0 |     TCG   0   0   0   0   0   0 |     TAG   0   0   0   0   0   0 | Trp TGG   0   0   0   0   0   0
--------------------------------------------------------------------------------------------------------------------------------------
Leu CTT   0   0   0   0   0   0 | Pro CCT   0   1   0   1   0   1 | His CAT   0   0   0   0   0   0 | Arg CGT   0   0   0   0   0   0
    CTC   0   0   0   0   0   0 |     CCC   2   1   2   1   2   0 |     CAC   0   0   0   0   0   0 |     CGC   0   0   0   0   0   0
    CTA   0   0   0   0   0   0 |     CCA   1   0   1   1   0   0 | Gln CAA   0   0   0   0   0   0 |     CGA   0   0   0   0   0   0
    CTG   0   0   0   0   0   0 |     CCG   0   0   0   0   0   0 |     CAG   0   0   0   0   0   0 |     CGG   0   0   0   0   0   0
--------------------------------------------------------------------------------------------------------------------------------------
Ile ATT   0   0   0   0   0   0 | Thr ACT   0   0   0   0   1   1 | Asn AAT   0   0   0   1   0   0 | Ser AGT   1   1   1   0   1   0
    ATC   0   0   0   0   0   0 |     ACC   0   0   0   0   1   0 |     AAC   1   1   1   1   2   0 |     AGC   2   2   2   2   1   2
    ATA   0   0   0   0   0   0 |     ACA   0   1   0   0   1   0 | Lys AAA   0   0   0   0   0   0 | Arg AGA   0   0   0   0   0   0
Met ATG   2   2   2   2   1   1 |     ACG   0   0   0   0   0   0 |     AAG   0   0   0   0   0   0 |     AGG   0   0   0   0   0   0
--------------------------------------------------------------------------------------------------------------------------------------
Val GTT   0   0   0   0   0   0 | Ala GCT   1   0   1   1   0   1 | Asp GAT   0   0   0   0   0   0 | Gly GGT   0   1   0   0   0   2
    GTC   0   0   0   0   0   0 |     GCC   1   2   1   1   0   2 |     GAC   0   0   0   0   0   0 |     GGC   0   0   0   0   0   0
    GTA   0   0   0   0   1   1 |     GCA   1   1   1   1   1   2 | Glu GAA   0   0   0   0   1   0 |     GGA   2   1   3   2   1   1
    GTG   2   3   2   1   1   2 |     GCG   0   0   0   1   2   1 |     GAG   1   1   1   1   0   1 |     GGG   2   2   1   2   3   2
--------------------------------------------------------------------------------------------------------------------------------------

--------------------------------------------------------------------------------------------------------------------------------------
Phe TTT   0   0   0   0   0   0 | Ser TCT   0   0   0   0   0   0 | Tyr TAT   0   0   0   0   0   0 | Cys TGT   0   0   0   0   0   0
    TTC   0   0   0   0   0   0 |     TCC   1   1   1   1   1   1 |     TAC   0   0   0   0   0   0 |     TGC   0   0   0   0   0   0
Leu TTA   0   0   0   0   0   0 |     TCA   1   1   1   1   1   2 | *** TAA   0   0   0   0   0   0 | *** TGA   0   0   0   0   0   0
    TTG   0   0   0   0   0   0 |     TCG   0   0   0   0   0   0 |     TAG   0   0   0   0   0   0 | Trp TGG   0   0   0   0   0   0
--------------------------------------------------------------------------------------------------------------------------------------
Leu CTT   0   0   0   0   0   0 | Pro CCT   1   0   0   0   0   0 | His CAT   0   0   0   0   0   0 | Arg CGT   0   0   0   0   0   0
    CTC   0   0   0   0   0   0 |     CCC   1   2   2   2   2   2 |     CAC   0   0   0   0   0   0 |     CGC   0   0   0   0   0   0
    CTA   0   0   0   0   0   0 |     CCA   1   1   1   1   1   1 | Gln CAA   0   0   0   0   0   0 |     CGA   0   0   0   0   0   0
    CTG   0   0   0   0   0   0 |     CCG   0   0   0   0   0   0 |     CAG   0   0   0   0   0   0 |     CGG   0   0   0   0   0   0
--------------------------------------------------------------------------------------------------------------------------------------
Ile ATT   0   0   0   0   0   0 | Thr ACT   0   0   0   0   0   0 | Asn AAT   0   0   0   0   0   0 | Ser AGT   1   1   1   1   1   1
    ATC   0   0   1   0   0   0 |     ACC   0   0   0   0   0   0 |     AAC   1   1   0   1   1   1 |     AGC   2   2   2   2   2   2
    ATA   0   0   0   0   0   0 |     ACA   0   0   0   0   0   0 | Lys AAA   0   0   0   0   0   0 | Arg AGA   0   0   0   0   0   0
Met ATG   2   2   2   2   2   2 |     ACG   0   0   0   0   0   0 |     AAG   0   0   0   0   0   0 |     AGG   0   0   0   0   0   0
--------------------------------------------------------------------------------------------------------------------------------------
Val GTT   0   0   0   0   0   0 | Ala GCT   1   1   1   1   1   1 | Asp GAT   0   0   0   0   0   0 | Gly GGT   0   0   0   0   0   0
    GTC   0   0   0   0   0   0 |     GCC   1   1   1   1   1   1 |     GAC   0   0   0   0   0   0 |     GGC   0   0   0   0   0   0
    GTA   0   0   0   0   0   0 |     GCA   1   1   1   1   1   0 | Glu GAA   0   0   0   0   0   0 |     GGA   2   2   2   2   3   2
    GTG   2   2   2   2   2   2 |     GCG   0   0   0   0   0   0 |     GAG   1   1   1   1   1   1 |     GGG   2   2   2   2   1   2
--------------------------------------------------------------------------------------------------------------------------------------

--------------------------------------------------------------------------------------------------------------------------------------
Phe TTT   0   0   0   0   0   0 | Ser TCT   0   0   0   0   0   0 | Tyr TAT   0   0   0   0   0   0 | Cys TGT   0   0   0   0   0   0
    TTC   0   0   0   0   0   0 |     TCC   1   1   1   1   1   1 |     TAC   0   0   0   0   0   0 |     TGC   0   0   0   0   0   0
Leu TTA   0   0   0   0   0   0 |     TCA   1   1   1   1   1   1 | *** TAA   0   0   0   0   0   0 | *** TGA   0   0   0   0   0   0
    TTG   0   0   0   0   0   0 |     TCG   0   0   0   0   0   0 |     TAG   0   0   0   0   0   0 | Trp TGG   0   0   0   0   0   0
--------------------------------------------------------------------------------------------------------------------------------------
Leu CTT   0   0   0   0   0   0 | Pro CCT   0   0   0   0   0   0 | His CAT   0   0   0   0   0   0 | Arg CGT   0   0   0   0   0   0
    CTC   0   0   0   0   0   0 |     CCC   2   2   2   2   2   2 |     CAC   0   0   0   0   0   0 |     CGC   0   0   0   0   0   0
    CTA   0   0   0   0   0   0 |     CCA   1   1   1   1   1   1 | Gln CAA   0   0   0   0   0   0 |     CGA   0   0   0   0   0   0
    CTG   0   0   0   0   0   0 |     CCG   0   0   0   0   0   0 |     CAG   0   0   0   0   0   0 |     CGG   0   0   0   0   0   0
--------------------------------------------------------------------------------------------------------------------------------------
Ile ATT   0   0   0   0   0   0 | Thr ACT   0   0   0   0   0   0 | Asn AAT   0   0   0   0   0   0 | Ser AGT   1   1   1   1   1   1
    ATC   1   0   0   0   0   0 |     ACC   0   0   0   0   0   0 |     AAC   1   1   1   1   1   1 |     AGC   1   2   2   2   2   2
    ATA   0   0   0   0   0   0 |     ACA   0   0   0   0   0   0 | Lys AAA   0   0   0   0   0   0 | Arg AGA   0   0   0   0   0   0
Met ATG   2   2   2   2   2   2 |     ACG   0   0   0   0   0   0 |     AAG   0   0   0   0   0   0 |     AGG   0   0   0   0   0   0
--------------------------------------------------------------------------------------------------------------------------------------
Val GTT   0   0   0   0   0   0 | Ala GCT   1   1   1   1   1   1 | Asp GAT   0   0   0   0   0   0 | Gly GGT   0   0   0   0   0   0
    GTC   0   0   0   0   0   0 |     GCC   1   1   1   1   1   1 |     GAC   0   0   0   0   0   0 |     GGC   0   0   0   0   0   0
    GTA   0   0   0   0   0   0 |     GCA   1   1   0   1   1   1 | Glu GAA   0   0   0   0   0   0 |     GGA   2   2   3   2   2   2
    GTG   2   2   2   2   2   2 |     GCG   0   0   0   0   0   0 |     GAG   1   1   1   1   1   1 |     GGG   2   2   2   2   2   2
--------------------------------------------------------------------------------------------------------------------------------------

--------------------------------------------------------------------------------------------------------------------------------------
Phe TTT   0   0   0   0   0   0 | Ser TCT   0   0   0   0   0   0 | Tyr TAT   0   0   0   0   0   0 | Cys TGT   0   0   0   0   0   0
    TTC   0   0   0   0   0   0 |     TCC   1   1   1   1   1   1 |     TAC   0   0   0   0   0   0 |     TGC   0   0   0   0   0   0
Leu TTA   0   0   0   0   0   0 |     TCA   1   1   1   1   1   1 | *** TAA   0   0   0   0   0   0 | *** TGA   0   0   0   0   0   0
    TTG   0   0   0   0   0   0 |     TCG   0   0   0   0   0   0 |     TAG   0   0   0   0   0   0 | Trp TGG   0   0   0   0   0   0
--------------------------------------------------------------------------------------------------------------------------------------
Leu CTT   0   0   0   0   0   0 | Pro CCT   1   0   0   0   0   1 | His CAT   0   0   0   0   0   0 | Arg CGT   0   0   0   0   0   0
    CTC   0   0   0   0   0   0 |     CCC   1   2   2   2   2   1 |     CAC   0   0   0   0   0   0 |     CGC   0   0   0   0   0   0
    CTA   0   0   0   0   0   0 |     CCA   1   1   1   1   1   1 | Gln CAA   0   0   0   0   0   0 |     CGA   0   0   0   0   0   0
    CTG   0   0   0   0   0   0 |     CCG   0   0   0   0   0   0 |     CAG   0   0   0   0   0   0 |     CGG   0   0   0   0   0   0
--------------------------------------------------------------------------------------------------------------------------------------
Ile ATT   0   0   0   0   0   0 | Thr ACT   0   0   0   0   0   0 | Asn AAT   0   0   0   0   0   0 | Ser AGT   1   1   1   1   1   1
    ATC   0   0   0   0   0   0 |     ACC   0   0   0   0   0   0 |     AAC   1   1   1   1   1   1 |     AGC   2   2   2   2   2   2
    ATA   0   0   0   0   0   0 |     ACA   0   0   0   0   0   0 | Lys AAA   0   0   0   0   0   0 | Arg AGA   0   0   0   0   0   0
Met ATG   2   2   2   2   2   2 |     ACG   0   0   0   0   0   0 |     AAG   0   0   0   0   0   0 |     AGG   0   0   0   0   0   0
--------------------------------------------------------------------------------------------------------------------------------------
Val GTT   0   0   0   0   0   0 | Ala GCT   1   1   1   1   1   1 | Asp GAT   0   0   0   0   0   0 | Gly GGT   0   0   0   0   0   0
    GTC   0   0   0   0   0   0 |     GCC   1   1   1   1   1   1 |     GAC   0   0   0   0   0   0 |     GGC   0   0   0   0   0   0
    GTA   0   0   0   0   0   0 |     GCA   1   1   1   1   1   1 | Glu GAA   0   0   0   0   0   0 |     GGA   2   2   2   3   2   2
    GTG   2   2   2   2   2   2 |     GCG   0   0   0   0   0   0 |     GAG   1   1   1   1   1   1 |     GGG   2   2   2   1   2   2
--------------------------------------------------------------------------------------------------------------------------------------

--------------------------------------------------------------------------------------------------------------------------------------
Phe TTT   0   0   0   0   0   0 | Ser TCT   0   0   0   0   0   0 | Tyr TAT   0   0   0   0   0   0 | Cys TGT   0   0   0   0   0   0
    TTC   0   0   0   0   0   0 |     TCC   1   1   1   1   1   1 |     TAC   0   0   0   0   0   0 |     TGC   0   0   0   0   0   0
Leu TTA   0   0   0   0   0   0 |     TCA   1   1   1   1   1   1 | *** TAA   0   0   0   0   0   0 | *** TGA   0   0   0   0   0   0
    TTG   0   0   0   0   0   0 |     TCG   0   0   0   0   0   0 |     TAG   0   0   0   0   0   0 | Trp TGG   0   0   0   0   0   0
--------------------------------------------------------------------------------------------------------------------------------------
Leu CTT   0   0   0   0   0   0 | Pro CCT   0   0   0   0   0   0 | His CAT   0   0   0   0   0   0 | Arg CGT   0   0   0   0   0   0
    CTC   0   0   0   0   0   0 |     CCC   2   2   2   2   2   2 |     CAC   0   0   0   0   0   0 |     CGC   0   0   0   0   0   0
    CTA   0   0   0   0   0   0 |     CCA   1   1   1   1   1   1 | Gln CAA   0   0   0   0   0   0 |     CGA   0   0   0   0   0   0
    CTG   0   0   0   0   0   0 |     CCG   0   0   0   0   0   0 |     CAG   0   0   0   0   0   0 |     CGG   0   0   0   0   0   0
--------------------------------------------------------------------------------------------------------------------------------------
Ile ATT   0   0   0   0   0   0 | Thr ACT   0   0   0   0   0   0 | Asn AAT   0   0   0   0   0   0 | Ser AGT   1   1   1   1   1   1
    ATC   0   0   0   0   0   0 |     ACC   0   0   0   0   0   0 |     AAC   1   1   1   1   1   1 |     AGC   2   2   2   2   2   2
    ATA   1   0   0   0   0   0 |     ACA   0   0   0   0   0   0 | Lys AAA   0   0   0   0   0   0 | Arg AGA   0   0   0   0   0   0
Met ATG   1   2   2   2   2   2 |     ACG   0   0   0   0   0   0 |     AAG   0   0   0   0   0   0 |     AGG   0   0   0   0   0   0
--------------------------------------------------------------------------------------------------------------------------------------
Val GTT   0   0   0   0   0   0 | Ala GCT   1   1   1   1   1   1 | Asp GAT   0   0   0   0   0   0 | Gly GGT   0   0   0   0   0   0
    GTC   0   0   0   0   0   0 |     GCC   1   1   1   1   1   1 |     GAC   0   0   0   0   0   0 |     GGC   0   0   0   0   0   0
    GTA   0   0   0   0   0   0 |     GCA   1   1   1   0   1   1 | Glu GAA   0   0   0   0   0   0 |     GGA   2   2   2   3   2   3
    GTG   2   2   2   2   2   2 |     GCG   0   0   0   0   0   0 |     GAG   1   1   1   1   1   1 |     GGG   2   2   2   2   2   1
--------------------------------------------------------------------------------------------------------------------------------------

--------------------------------------------------------------------------------------------------------------------------------------
Phe TTT   0   0   0   0   0   0 | Ser TCT   0   0   0   0   0   0 | Tyr TAT   0   0   0   0   0   0 | Cys TGT   0   0   0   0   0   0
    TTC   0   0   0   0   0   0 |     TCC   1   1   1   1   1   1 |     TAC   0   0   0   0   0   0 |     TGC   0   0   0   0   0   0
Leu TTA   0   0   0   0   1   0 |     TCA   1   1   1   1   0   1 | *** TAA   0   0   0   0   0   0 | *** TGA   0   0   0   0   0   0
    TTG   0   0   0   0   0   0 |     TCG   0   0   0   0   0   0 |     TAG   0   0   0   0   0   0 | Trp TGG   0   0   0   0   0   0
--------------------------------------------------------------------------------------------------------------------------------------
Leu CTT   0   0   0   0   0   0 | Pro CCT   1   0   0   0   0   0 | His CAT   0   0   0   0   0   0 | Arg CGT   0   0   0   0   0   0
    CTC   0   0   0   0   0   0 |     CCC   1   2   2   2   2   2 |     CAC   0   0   0   0   0   0 |     CGC   0   0   0   0   0   0
    CTA   0   0   0   0   0   0 |     CCA   1   1   1   1   1   1 | Gln CAA   0   0   0   0   0   0 |     CGA   0   0   0   0   0   0
    CTG   0   0   0   0   0   0 |     CCG   0   0   0   0   0   0 |     CAG   0   0   0   0   0   0 |     CGG   0   0   0   0   0   0
--------------------------------------------------------------------------------------------------------------------------------------
Ile ATT   0   0   0   0   0   0 | Thr ACT   0   0   0   0   0   0 | Asn AAT   0   0   0   0   0   0 | Ser AGT   1   1   1   1   1   1
    ATC   0   0   0   0   0   0 |     ACC   0   0   0   0   0   0 |     AAC   1   1   1   1   1   1 |     AGC   2   2   2   2   2   2
    ATA   0   0   0   0   0   0 |     ACA   0   0   0   0   0   0 | Lys AAA   0   0   0   0   0   0 | Arg AGA   0   0   0   0   0   0
Met ATG   2   2   2   2   3   2 |     ACG   0   0   0   0   0   0 |     AAG   0   0   0   0   0   0 |     AGG   0   0   0   0   0   0
--------------------------------------------------------------------------------------------------------------------------------------
Val GTT   0   0   0   0   0   0 | Ala GCT   1   1   1   1   1   1 | Asp GAT   0   0   0   0   0   0 | Gly GGT   0   0   0   0   0   0
    GTC   0   0   0   0   1   0 |     GCC   1   1   1   1   0   1 |     GAC   0   0   0   0   0   0 |     GGC   0   0   0   0   0   0
    GTA   0   0   0   0   1   0 |     GCA   1   1   1   1   1   1 | Glu GAA   0   0   0   0   0   0 |     GGA   2   3   2   2   2   2
    GTG   2   2   2   2   0   2 |     GCG   0   0   0   0   0   0 |     GAG   1   1   1   1   1   1 |     GGG   2   1   2   2   2   2
--------------------------------------------------------------------------------------------------------------------------------------

--------------------------------------------------------------------------------------------------------------------------------------
Phe TTT   0   0   0   0   0   0 | Ser TCT   0   0   0   0   0   0 | Tyr TAT   0   0   0   0   0   0 | Cys TGT   0   0   0   0   0   0
    TTC   0   0   0   0   0   0 |     TCC   1   1   1   1   1   1 |     TAC   0   0   0   0   0   0 |     TGC   0   0   0   0   0   0
Leu TTA   0   0   0   0   0   0 |     TCA   1   1   1   1   1   1 | *** TAA   0   0   0   0   0   0 | *** TGA   0   0   0   0   0   0
    TTG   0   0   0   0   0   0 |     TCG   0   0   0   0   0   0 |     TAG   0   0   0   0   0   0 | Trp TGG   0   0   0   0   0   0
--------------------------------------------------------------------------------------------------------------------------------------
Leu CTT   0   0   0   0   0   0 | Pro CCT   0   1   0   0   0   0 | His CAT   0   0   0   0   0   0 | Arg CGT   0   0   0   0   0   0
    CTC   0   0   0   0   0   0 |     CCC   2   1   2   2   2   2 |     CAC   0   0   0   0   0   0 |     CGC   0   0   0   0   0   0
    CTA   0   0   0   0   0   0 |     CCA   1   1   1   1   1   1 | Gln CAA   0   0   0   0   0   0 |     CGA   0   0   0   0   0   0
    CTG   0   0   0   0   0   0 |     CCG   0   0   0   0   0   0 |     CAG   0   0   0   0   0   0 |     CGG   0   0   0   0   0   0
--------------------------------------------------------------------------------------------------------------------------------------
Ile ATT   0   0   0   0   0   0 | Thr ACT   0   0   0   1   0   0 | Asn AAT   0   0   0   0   0   0 | Ser AGT   1   1   1   1   1   1
    ATC   0   0   0   0   0   0 |     ACC   0   0   0   0   0   0 |     AAC   1   1   1   1   1   0 |     AGC   2   2   2   2   2   3
    ATA   0   0   0   0   0   0 |     ACA   0   0   0   0   0   0 | Lys AAA   0   0   0   0   0   0 | Arg AGA   0   0   0   0   0   0
Met ATG   2   2   2   2   2   2 |     ACG   0   0   0   0   0   0 |     AAG   0   0   0   0   0   0 |     AGG   0   0   0   0   0   0
--------------------------------------------------------------------------------------------------------------------------------------
Val GTT   0   1   0   0   0   0 | Ala GCT   1   0   1   0   1   1 | Asp GAT   0   0   0   0   0   0 | Gly GGT   0   0   0   0   0   0
    GTC   0   0   0   0   0   0 |     GCC   1   1   1   1   1   1 |     GAC   0   0   0   0   0   0 |     GGC   0   0   0   0   0   0
    GTA   0   0   0   0   0   0 |     GCA   1   1   1   1   1   1 | Glu GAA   0   0   1   0   0   0 |     GGA   2   2   2   2   2   2
    GTG   2   2   2   2   2   2 |     GCG   0   0   0   0   0   0 |     GAG   1   1   0   1   1   1 |     GGG   2   2   2   2   2   2
--------------------------------------------------------------------------------------------------------------------------------------

--------------------------------------------------------------------------------------------------------------------------------------
Phe TTT   0   0   0   0   0   0 | Ser TCT   0   0   0   0   0   0 | Tyr TAT   0   0   0   0   0   0 | Cys TGT   0   0   0   0   0   0
    TTC   0   0   0   0   0   0 |     TCC   1   1   1   1   1   1 |     TAC   0   0   0   0   0   0 |     TGC   0   0   0   0   0   0
Leu TTA   0   0   0   0   0   0 |     TCA   1   1   1   1   1   1 | *** TAA   0   0   0   0   0   0 | *** TGA   0   0   0   0   0   0
    TTG   0   0   0   0   0   0 |     TCG   0   0   0   0   0   0 |     TAG   0   0   0   0   0   0 | Trp TGG   0   0   0   0   0   0
--------------------------------------------------------------------------------------------------------------------------------------
Leu CTT   0   0   0   0   0   0 | Pro CCT   0   0   0   0   1   0 | His CAT   0   0   0   0   0   0 | Arg CGT   0   0   0   0   0   0
    CTC   0   0   0   0   0   0 |     CCC   2   2   2   2   1   2 |     CAC   0   0   0   0   0   0 |     CGC   0   0   0   0   0   0
    CTA   0   0   0   0   0   0 |     CCA   1   1   1   1   1   1 | Gln CAA   0   0   0   0   0   0 |     CGA   0   0   0   0   0   0
    CTG   0   0   0   0   0   0 |     CCG   0   0   0   0   0   0 |     CAG   0   0   0   0   0   0 |     CGG   0   0   0   0   0   0
--------------------------------------------------------------------------------------------------------------------------------------
Ile ATT   0   0   0   0   0   0 | Thr ACT   0   0   0   0   0   0 | Asn AAT   0   0   0   0   0   0 | Ser AGT   1   1   1   1   1   1
    ATC   0   0   0   0   0   0 |     ACC   0   0   0   0   0   0 |     AAC   1   1   1   1   1   1 |     AGC   2   2   2   2   2   2
    ATA   1   0   0   0   0   0 |     ACA   0   0   0   0   0   1 | Lys AAA   0   0   0   0   0   0 | Arg AGA   0   0   0   0   0   0
Met ATG   0   2   2   2   2   2 |     ACG   1   0   0   0   0   0 |     AAG   0   0   0   0   0   0 |     AGG   0   0   0   0   0   0
--------------------------------------------------------------------------------------------------------------------------------------
Val GTT   0   0   0   0   1   0 | Ala GCT   1   1   1   1   0   1 | Asp GAT   0   0   0   0   0   0 | Gly GGT   0   0   0   0   0   0
    GTC   0   0   0   0   0   0 |     GCC   1   1   1   1   1   1 |     GAC   0   0   0   0   0   0 |     GGC   0   0   0   0   0   0
    GTA   0   0   0   0   0   0 |     GCA   1   0   1   1   1   0 | Glu GAA   0   0   0   0   0   0 |     GGA   2   3   2   2   2   2
    GTG   2   2   2   2   2   2 |     GCG   0   0   0   0   0   0 |     GAG   1   1   1   1   1   1 |     GGG   2   2   2   2   2   2
--------------------------------------------------------------------------------------------------------------------------------------

--------------------------------------------------------------------------------------------------------------------------------------
Phe TTT   0   0   0   0   0   0 | Ser TCT   0   0   0   0   0   0 | Tyr TAT   0   0   0   0   0   0 | Cys TGT   0   0   0   0   0   0
    TTC   0   0   0   0   0   0 |     TCC   1   1   1   1   1   1 |     TAC   0   0   0   0   0   0 |     TGC   0   0   0   0   0   0
Leu TTA   0   0   0   0   0   0 |     TCA   1   1   1   1   1   1 | *** TAA   0   0   0   0   0   0 | *** TGA   0   0   0   0   0   0
    TTG   0   0   0   0   0   0 |     TCG   0   0   0   0   0   0 |     TAG   0   0   0   0   0   0 | Trp TGG   0   0   0   0   0   0
--------------------------------------------------------------------------------------------------------------------------------------
Leu CTT   0   0   0   0   0   0 | Pro CCT   0   0   0   1   0   0 | His CAT   0   0   0   0   0   0 | Arg CGT   0   0   0   0   0   0
    CTC   0   0   0   0   0   0 |     CCC   2   2   2   1   2   2 |     CAC   0   0   0   0   0   0 |     CGC   0   0   0   0   0   0
    CTA   0   0   0   0   0   0 |     CCA   1   1   1   1   1   1 | Gln CAA   0   0   0   0   0   0 |     CGA   0   0   0   0   0   0
    CTG   0   0   0   0   0   0 |     CCG   0   0   0   0   0   0 |     CAG   0   0   0   0   0   0 |     CGG   0   0   0   0   0   0
--------------------------------------------------------------------------------------------------------------------------------------
Ile ATT   0   0   0   0   0   0 | Thr ACT   0   0   0   0   0   0 | Asn AAT   0   0   0   1   0   0 | Ser AGT   1   1   1   0   1   1
    ATC   0   0   0   0   0   0 |     ACC   0   0   0   0   0   0 |     AAC   1   1   1   1   1   1 |     AGC   2   2   2   2   2   2
    ATA   0   0   0   0   0   0 |     ACA   0   1   0   0   0   0 | Lys AAA   0   0   0   0   0   0 | Arg AGA   0   0   0   0   0   0
Met ATG   1   2   1   2   2   2 |     ACG   1   0   0   0   0   0 |     AAG   0   0   0   0   0   0 |     AGG   0   0   0   0   0   0
--------------------------------------------------------------------------------------------------------------------------------------
Val GTT   0   0   0   0   0   0 | Ala GCT   1   1   1   1   1   1 | Asp GAT   0   0   0   0   0   0 | Gly GGT   0   0   0   0   0   0
    GTC   0   0   0   0   0   0 |     GCC   1   1   1   1   1   1 |     GAC   0   0   0   0   0   0 |     GGC   0   0   0   0   0   0
    GTA   0   0   0   0   0   0 |     GCA   1   0   1   1   1   1 | Glu GAA   0   0   0   0   0   0 |     GGA   2   2   2   2   3   3
    GTG   2   2   3   1   2   2 |     GCG   0   0   0   1   0   0 |     GAG   1   1   1   1   1   1 |     GGG   2   2   2   2   1   1
--------------------------------------------------------------------------------------------------------------------------------------

Codon position x base (3x4) table for each sequence.

#1: Argali         
position  1:    T:0.09524    C:0.14286    A:0.28571    G:0.47619
position  2:    T:0.19048    C:0.38095    A:0.09524    G:0.33333
position  3:    T:0.09524    C:0.33333    A:0.23810    G:0.33333
Average         T:0.12698    C:0.28571    A:0.20635    G:0.38095

#2: LesserMouseDeer
position  1:    T:0.04762    C:0.09524    A:0.33333    G:0.52381
position  2:    T:0.23810    C:0.33333    A:0.09524    G:0.33333
position  3:    T:0.14286    C:0.33333    A:0.14286    G:0.38095
Average         T:0.14286    C:0.25397    A:0.19048    G:0.41270

#3: LesserKudu     
position  1:    T:0.09524    C:0.14286    A:0.28571    G:0.47619
position  2:    T:0.19048    C:0.38095    A:0.09524    G:0.33333
position  3:    T:0.09524    C:0.33333    A:0.28571    G:0.28571
Average         T:0.12698    C:0.28571    A:0.22222    G:0.36508

#4: ForestMuskDeer2
position  1:    T:0.09524    C:0.14286    A:0.28571    G:0.47619
position  2:    T:0.14286    C:0.42857    A:0.14286    G:0.28571
position  3:    T:0.14286    C:0.28571    A:0.23810    G:0.33333
Average         T:0.12698    C:0.28571    A:0.22222    G:0.36508

#5: Camel          
position  1:    T:0.04762    C:0.09524    A:0.38095    G:0.47619
position  2:    T:0.14286    C:0.42857    A:0.14286    G:0.28571
position  3:    T:0.09524    C:0.33333    A:0.23810    G:0.33333
Average         T:0.09524    C:0.28571    A:0.25397    G:0.36508

#6: KillerWhale    
position  1:    T:0.04762    C:0.04762    A:0.19048    G:0.71429
position  2:    T:0.19048    C:0.42857    A:0.04762    G:0.33333
position  3:    T:0.23810    C:0.19048    A:0.23810    G:0.33333
Average         T:0.15873    C:0.22222    A:0.15873    G:0.46032

#7: DefassaWaterbuck
position  1:    T:0.09524    C:0.14286    A:0.28571    G:0.47619
position  2:    T:0.19048    C:0.38095    A:0.09524    G:0.33333
position  3:    T:0.14286    C:0.28571    A:0.23810    G:0.33333
Average         T:0.14286    C:0.26984    A:0.20635    G:0.38095

#8: Sheep          
position  1:    T:0.09524    C:0.14286    A:0.28571    G:0.47619
position  2:    T:0.19048    C:0.38095    A:0.09524    G:0.33333
position  3:    T:0.09524    C:0.33333    A:0.23810    G:0.33333
Average         T:0.12698    C:0.28571    A:0.20635    G:0.38095

#9: MaxwellsDuiker 
position  1:    T:0.09524    C:0.14286    A:0.28571    G:0.47619
position  2:    T:0.23810    C:0.38095    A:0.04762    G:0.33333
position  3:    T:0.09524    C:0.33333    A:0.23810    G:0.33333
Average         T:0.14286    C:0.28571    A:0.19048    G:0.38095

#10: GazellaPrzewalskyi
position  1:    T:0.09524    C:0.14286    A:0.28571    G:0.47619
position  2:    T:0.19048    C:0.38095    A:0.09524    G:0.33333
position  3:    T:0.09524    C:0.33333    A:0.23810    G:0.33333
Average         T:0.12698    C:0.28571    A:0.20635    G:0.38095

#11: MountainNyala  
position  1:    T:0.09524    C:0.14286    A:0.28571    G:0.47619
position  2:    T:0.19048    C:0.38095    A:0.09524    G:0.33333
position  3:    T:0.09524    C:0.33333    A:0.28571    G:0.28571
Average         T:0.12698    C:0.28571    A:0.22222    G:0.36508

#12: MuntiacusMuntjak
position  1:    T:0.14286    C:0.14286    A:0.28571    G:0.42857
position  2:    T:0.19048    C:0.38095    A:0.09524    G:0.33333
position  3:    T:0.09524    C:0.33333    A:0.23810    G:0.33333
Average         T:0.14286    C:0.28571    A:0.20635    G:0.36508

#13: goat           
position  1:    T:0.09524    C:0.14286    A:0.28571    G:0.47619
position  2:    T:0.23810    C:0.38095    A:0.09524    G:0.28571
position  3:    T:0.09524    C:0.33333    A:0.23810    G:0.33333
Average         T:0.14286    C:0.28571    A:0.20635    G:0.36508

#14: AfricanBuffalo 
position  1:    T:0.09524    C:0.14286    A:0.28571    G:0.47619
position  2:    T:0.19048    C:0.38095    A:0.09524    G:0.33333
position  3:    T:0.09524    C:0.33333    A:0.23810    G:0.33333
Average         T:0.12698    C:0.28571    A:0.20635    G:0.38095

#15: Topi           
position  1:    T:0.09524    C:0.14286    A:0.28571    G:0.47619
position  2:    T:0.19048    C:0.33333    A:0.09524    G:0.38095
position  3:    T:0.09524    C:0.33333    A:0.23810    G:0.33333
Average         T:0.12698    C:0.26984    A:0.20635    G:0.39683

#16: CommonDuiker   
position  1:    T:0.09524    C:0.14286    A:0.28571    G:0.47619
position  2:    T:0.19048    C:0.38095    A:0.09524    G:0.33333
position  3:    T:0.09524    C:0.33333    A:0.23810    G:0.33333
Average         T:0.12698    C:0.28571    A:0.20635    G:0.38095

#17: Suni           
position  1:    T:0.09524    C:0.14286    A:0.28571    G:0.47619
position  2:    T:0.19048    C:0.38095    A:0.09524    G:0.33333
position  3:    T:0.09524    C:0.33333    A:0.23810    G:0.33333
Average         T:0.12698    C:0.28571    A:0.20635    G:0.38095

#18: Springbuck     
position  1:    T:0.09524    C:0.14286    A:0.28571    G:0.47619
position  2:    T:0.19048    C:0.38095    A:0.09524    G:0.33333
position  3:    T:0.09524    C:0.33333    A:0.23810    G:0.33333
Average         T:0.12698    C:0.28571    A:0.20635    G:0.38095

#19: Okapi          
position  1:    T:0.09524    C:0.14286    A:0.28571    G:0.47619
position  2:    T:0.19048    C:0.38095    A:0.09524    G:0.33333
position  3:    T:0.14286    C:0.28571    A:0.23810    G:0.33333
Average         T:0.14286    C:0.26984    A:0.20635    G:0.38095

#20: Giraffe        
position  1:    T:0.09524    C:0.14286    A:0.28571    G:0.47619
position  2:    T:0.19048    C:0.38095    A:0.09524    G:0.33333
position  3:    T:0.09524    C:0.33333    A:0.23810    G:0.33333
Average         T:0.12698    C:0.28571    A:0.20635    G:0.38095

#21: TibetanAntelope
position  1:    T:0.09524    C:0.14286    A:0.28571    G:0.47619
position  2:    T:0.19048    C:0.38095    A:0.09524    G:0.33333
position  3:    T:0.09524    C:0.33333    A:0.23810    G:0.33333
Average         T:0.12698    C:0.28571    A:0.20635    G:0.38095

#22: Sitatunga      
position  1:    T:0.09524    C:0.14286    A:0.28571    G:0.47619
position  2:    T:0.19048    C:0.38095    A:0.09524    G:0.33333
position  3:    T:0.09524    C:0.33333    A:0.28571    G:0.28571
Average         T:0.12698    C:0.28571    A:0.22222    G:0.36508

#23: Oribi          
position  1:    T:0.09524    C:0.14286    A:0.28571    G:0.47619
position  2:    T:0.19048    C:0.38095    A:0.09524    G:0.33333
position  3:    T:0.09524    C:0.33333    A:0.23810    G:0.33333
Average         T:0.12698    C:0.28571    A:0.20635    G:0.38095

#24: BarbarySheep   
position  1:    T:0.09524    C:0.14286    A:0.28571    G:0.47619
position  2:    T:0.19048    C:0.38095    A:0.09524    G:0.33333
position  3:    T:0.14286    C:0.28571    A:0.23810    G:0.33333
Average         T:0.14286    C:0.26984    A:0.20635    G:0.38095

#25: Daviddeer      
position  1:    T:0.09524    C:0.14286    A:0.28571    G:0.47619
position  2:    T:0.19048    C:0.38095    A:0.09524    G:0.33333
position  3:    T:0.09524    C:0.33333    A:0.28571    G:0.28571
Average         T:0.12698    C:0.28571    A:0.22222    G:0.36508

#26: Reindeer       
position  1:    T:0.09524    C:0.14286    A:0.28571    G:0.47619
position  2:    T:0.19048    C:0.38095    A:0.09524    G:0.33333
position  3:    T:0.09524    C:0.33333    A:0.23810    G:0.33333
Average         T:0.12698    C:0.28571    A:0.20635    G:0.38095

#27: Ibex           
position  1:    T:0.09524    C:0.14286    A:0.28571    G:0.47619
position  2:    T:0.19048    C:0.38095    A:0.09524    G:0.33333
position  3:    T:0.09524    C:0.33333    A:0.23810    G:0.33333
Average         T:0.12698    C:0.28571    A:0.20635    G:0.38095

#28: GyrantGazelle  
position  1:    T:0.09524    C:0.14286    A:0.28571    G:0.47619
position  2:    T:0.19048    C:0.33333    A:0.09524    G:0.38095
position  3:    T:0.09524    C:0.33333    A:0.23810    G:0.33333
Average         T:0.12698    C:0.26984    A:0.20635    G:0.39683

#29: Hartebeest     
position  1:    T:0.09524    C:0.14286    A:0.28571    G:0.47619
position  2:    T:0.19048    C:0.38095    A:0.09524    G:0.33333
position  3:    T:0.09524    C:0.33333    A:0.23810    G:0.33333
Average         T:0.12698    C:0.28571    A:0.20635    G:0.38095

#30: Bongo          
position  1:    T:0.09524    C:0.14286    A:0.28571    G:0.47619
position  2:    T:0.19048    C:0.38095    A:0.09524    G:0.33333
position  3:    T:0.09524    C:0.33333    A:0.28571    G:0.28571
Average         T:0.12698    C:0.28571    A:0.22222    G:0.36508

#31: Gerenuk        
position  1:    T:0.09524    C:0.14286    A:0.28571    G:0.47619
position  2:    T:0.19048    C:0.38095    A:0.09524    G:0.33333
position  3:    T:0.14286    C:0.28571    A:0.23810    G:0.33333
Average         T:0.14286    C:0.26984    A:0.20635    G:0.38095

#32: CommonEland    
position  1:    T:0.09524    C:0.14286    A:0.28571    G:0.47619
position  2:    T:0.19048    C:0.38095    A:0.09524    G:0.33333
position  3:    T:0.09524    C:0.33333    A:0.28571    G:0.28571
Average         T:0.12698    C:0.28571    A:0.22222    G:0.36508

#33: MuntiacusReevesi
position  1:    T:0.09524    C:0.14286    A:0.28571    G:0.47619
position  2:    T:0.19048    C:0.38095    A:0.09524    G:0.33333
position  3:    T:0.09524    C:0.33333    A:0.23810    G:0.33333
Average         T:0.12698    C:0.28571    A:0.20635    G:0.38095

#34: HarveysDuiker  
position  1:    T:0.09524    C:0.14286    A:0.28571    G:0.47619
position  2:    T:0.19048    C:0.38095    A:0.09524    G:0.33333
position  3:    T:0.09524    C:0.33333    A:0.23810    G:0.33333
Average         T:0.12698    C:0.28571    A:0.20635    G:0.38095

#35: Pronghorn      
position  1:    T:0.09524    C:0.14286    A:0.33333    G:0.42857
position  2:    T:0.28571    C:0.28571    A:0.09524    G:0.33333
position  3:    T:0.09524    C:0.33333    A:0.28571    G:0.28571
Average         T:0.15873    C:0.25397    A:0.23810    G:0.34921

#36: BlueWildebeest 
position  1:    T:0.09524    C:0.14286    A:0.28571    G:0.47619
position  2:    T:0.19048    C:0.38095    A:0.09524    G:0.33333
position  3:    T:0.09524    C:0.33333    A:0.23810    G:0.33333
Average         T:0.12698    C:0.28571    A:0.20635    G:0.38095

#37: Gemsbok        
position  1:    T:0.09524    C:0.14286    A:0.28571    G:0.47619
position  2:    T:0.19048    C:0.38095    A:0.09524    G:0.33333
position  3:    T:0.09524    C:0.33333    A:0.23810    G:0.33333
Average         T:0.12698    C:0.28571    A:0.20635    G:0.38095

#38: Yak            
position  1:    T:0.09524    C:0.14286    A:0.28571    G:0.47619
position  2:    T:0.23810    C:0.33333    A:0.09524    G:0.33333
position  3:    T:0.14286    C:0.28571    A:0.23810    G:0.33333
Average         T:0.15873    C:0.25397    A:0.20635    G:0.38095

#39: BlueSheep      
position  1:    T:0.09524    C:0.14286    A:0.28571    G:0.47619
position  2:    T:0.19048    C:0.38095    A:0.09524    G:0.33333
position  3:    T:0.09524    C:0.33333    A:0.28571    G:0.28571
Average         T:0.12698    C:0.28571    A:0.22222    G:0.36508

#40: BohorReedbuck  
position  1:    T:0.09524    C:0.14286    A:0.33333    G:0.42857
position  2:    T:0.19048    C:0.38095    A:0.09524    G:0.33333
position  3:    T:0.09524    C:0.33333    A:0.23810    G:0.33333
Average         T:0.12698    C:0.28571    A:0.22222    G:0.36508

#41: KirksDik       
position  1:    T:0.09524    C:0.14286    A:0.28571    G:0.47619
position  2:    T:0.19048    C:0.38095    A:0.09524    G:0.33333
position  3:    T:0.09524    C:0.33333    A:0.23810    G:0.33333
Average         T:0.12698    C:0.28571    A:0.20635    G:0.38095

#42: RoeDeer        
position  1:    T:0.09524    C:0.14286    A:0.28571    G:0.47619
position  2:    T:0.19048    C:0.38095    A:0.04762    G:0.38095
position  3:    T:0.09524    C:0.33333    A:0.23810    G:0.33333
Average         T:0.12698    C:0.28571    A:0.19048    G:0.39683

#43: WhiteLippedDeer
position  1:    T:0.09524    C:0.14286    A:0.28571    G:0.47619
position  2:    T:0.14286    C:0.42857    A:0.09524    G:0.33333
position  3:    T:0.09524    C:0.33333    A:0.28571    G:0.28571
Average         T:0.11111    C:0.30159    A:0.22222    G:0.36508

#44: ThomsonGazelle 
position  1:    T:0.09524    C:0.14286    A:0.28571    G:0.47619
position  2:    T:0.19048    C:0.33333    A:0.09524    G:0.38095
position  3:    T:0.09524    C:0.33333    A:0.23810    G:0.33333
Average         T:0.12698    C:0.26984    A:0.20635    G:0.39683

#45: MuntiacusCrinifrons
position  1:    T:0.09524    C:0.14286    A:0.28571    G:0.47619
position  2:    T:0.19048    C:0.38095    A:0.09524    G:0.33333
position  3:    T:0.09524    C:0.33333    A:0.23810    G:0.33333
Average         T:0.12698    C:0.28571    A:0.20635    G:0.38095

#46: WhiteTailedDeer
position  1:    T:0.09524    C:0.14286    A:0.28571    G:0.47619
position  2:    T:0.19048    C:0.38095    A:0.09524    G:0.33333
position  3:    T:0.09524    C:0.33333    A:0.23810    G:0.33333
Average         T:0.12698    C:0.28571    A:0.20635    G:0.38095

#47: Cattle         
position  1:    T:0.09524    C:0.14286    A:0.28571    G:0.47619
position  2:    T:0.23810    C:0.33333    A:0.09524    G:0.33333
position  3:    T:0.14286    C:0.28571    A:0.23810    G:0.33333
Average         T:0.15873    C:0.25397    A:0.20635    G:0.38095

#48: RoyalAntelope  
position  1:    T:0.09524    C:0.14286    A:0.33333    G:0.42857
position  2:    T:0.19048    C:0.38095    A:0.09524    G:0.33333
position  3:    T:0.09524    C:0.33333    A:0.23810    G:0.33333
Average         T:0.12698    C:0.28571    A:0.22222    G:0.36508

#49: Steenbok       
position  1:    T:0.09524    C:0.14286    A:0.28571    G:0.47619
position  2:    T:0.14286    C:0.42857    A:0.09524    G:0.33333
position  3:    T:0.09524    C:0.33333    A:0.23810    G:0.33333
Average         T:0.11111    C:0.30159    A:0.20635    G:0.38095

#50: Impala         
position  1:    T:0.09524    C:0.14286    A:0.33333    G:0.42857
position  2:    T:0.19048    C:0.38095    A:0.09524    G:0.33333
position  3:    T:0.09524    C:0.33333    A:0.23810    G:0.33333
Average         T:0.12698    C:0.28571    A:0.22222    G:0.36508

#51: Klipspringer   
position  1:    T:0.09524    C:0.14286    A:0.23810    G:0.52381
position  2:    T:0.19048    C:0.38095    A:0.09524    G:0.33333
