1
52 1
Argali 0.000000 0.251400 0.056100 0.141600 0.027900 0.009200 0.027900 0.027600 0.037200 0.086600 0.000000 0.037300 0.009100 0.009300 0.018400 0.037300 0.027700 0.056200 0.018400 0.037000 0.036900 0.000000 0.076700 0.075600 0.009100 0.027700 0.009200 0.037000 0.046300 0.036900 0.086600 0.009300 0.085400 0.018400 0.000000 0.027800 0.009200 0.037200 0.056300 0.086500 0.076700 0.027600 0.086600 0.076400 0.027600 0.018400 0.037000 0.018400 0.027900 0.018400 0.037400 0.037200
LesserMous 0.251400 0.000000 0.263000 0.274900 0.263100 0.263500 0.275700 0.259700 0.250200 0.320600 0.251400 0.277700 0.262700 0.262500 0.251100 0.278400 0.263800 0.274500 0.276700 0.250200 0.250000 0.251000 0.307800 0.303000 0.250800 0.250100 0.262700 0.250200 0.286800 0.250300 0.321200 0.250700 0.299400 0.276400 0.251600 0.250900 0.250900 0.250600 0.277400 0.305400 0.307800 0.250100 0.320600 0.315200 0.262100 0.277300 0.275000 0.276200 0.291600 0.224900 0.252600 0.250200
LesserKudu 0.056100 0.263000 0.000000 0.163300 0.065600 0.065700 0.085600 0.085000 0.018300 0.046800 0.056100 0.056300 0.065500 0.065600 0.056300 0.096000 0.027700 0.065600 0.075600 0.018400 0.075300 0.056200 0.056600 0.055800 0.065700 0.085100 0.065500 0.018400 0.104800 0.036800 0.066300 0.066300 0.105200 0.075800 0.056400 0.066200 0.065600 0.075900 0.095600 0.066200 0.056600 0.085100 0.046800 0.056400 0.065700 0.056100 0.095300 0.075900 0.076300 0.056100 0.018400 0.018200
KillerWhal 0.141600 0.274900 0.163300 0.000000 0.174400 0.130300 0.152400 0.173300 0.140700 0.199700 0.141600 0.119900 0.151900 0.152100 0.163600 0.187500 0.130300 0.162800 0.163800 0.140700 0.185500 0.141500 0.188200 0.185600 0.152300 0.163000 0.151900 0.140700 0.173400 0.140500 0.199600 0.130300 0.196800 0.163600 0.141800 0.153000 0.141300 0.163400 0.209700 0.187200 0.188200 0.163000 0.199700 0.187000 0.151900 0.164000 0.185200 0.163900 0.176200 0.119200 0.142000 0.140700
DefassaWat 0.027900 0.263100 0.065600 0.174400 0.000000 0.037000 0.056100 0.055800 0.046300 0.096500 0.027600 0.066100 0.036900 0.037200 0.027700 0.066100 0.056000 0.085400 0.046500 0.046300 0.046300 0.027700 0.086500 0.085300 0.036900 0.055800 0.036900 0.046300 0.074900 0.046300 0.096500 0.037300 0.115300 0.046600 0.027700 0.056300 0.036900 0.009100 0.065800 0.096400 0.086500 0.055800 0.096500 0.086100 0.055900 0.046600 0.065600 0.046600 0.056400 0.046400 0.046800 0.046300
Sheep 0.009200 0.263500 0.065700 0.130300 0.037000 0.000000 0.018500 0.036900 0.046400 0.096600 0.009200 0.027800 0.018300 0.018300 0.027700 0.046800 0.037000 0.065800 0.027800 0.046800 0.046300 0.009200 0.086600 0.085400 0.018300 0.036900 0.018400 0.046400 0.036700 0.046300 0.096600 0.018500 0.095300 0.027700 0.009200 0.037200 0.018500 0.046700 0.065900 0.096500 0.086600 0.036900 0.096600 0.086300 0.037000 0.027900 0.046500 0.027700 0.037300 0.027600 0.046900 0.046400
MaxwellsDu 0.027900 0.275700 0.085600 0.152400 0.056100 0.018500 0.000000 0.056000 0.065700 0.117500 0.027800 0.046800 0.037000 0.037000 0.046800 0.066400 0.056200 0.085700 0.046600 0.065700 0.065700 0.027800 0.107200 0.105600 0.037100 0.056000 0.037000 0.065700 0.055700 0.065600 0.117400 0.037400 0.115800 0.046800 0.027800 0.056500 0.037000 0.066200 0.085800 0.117300 0.107200 0.056000 0.117500 0.106800 0.056100 0.046700 0.065800 0.046800 0.056600 0.046600 0.066400 0.065700
GazellaPrz 0.027600 0.259700 0.085000 0.173300 0.055800 0.036900 0.056000 0.000000 0.065300 0.116400 0.027600 0.065700 0.036800 0.036800 0.046400 0.027600 0.055900 0.085000 0.027500 0.065300 0.027400 0.027500 0.106300 0.105100 0.036900 0.018200 0.036800 0.065300 0.036500 0.065300 0.116400 0.037200 0.115100 0.046400 0.027600 0.056000 0.036800 0.065600 0.046500 0.116200 0.106300 0.018200 0.116400 0.105900 0.055700 0.046500 0.027400 0.046400 0.056300 0.046200 0.065800 0.065300
MountainNy 0.037200 0.250200 0.018300 0.140700 0.046300 0.046400 0.065700 0.065300 0.000000 0.046700 0.037000 0.037100 0.046200 0.046300 0.037100 0.075800 0.027500 0.055900 0.056000 0.000000 0.055800 0.037000 0.056600 0.055800 0.046300 0.065300 0.046200 0.000000 0.084600 0.018200 0.066300 0.046800 0.105200 0.056100 0.037100 0.046700 0.046300 0.056200 0.075500 0.066200 0.056600 0.065300 0.046700 0.056400 0.046400 0.056100 0.075200 0.056200 0.056400 0.036900 0.000000 0.000000
MuntiacusM 0.086600 0.320600 0.046800 0.199700 0.096500 0.096600 0.117500 0.116400 0.046700 0.000000 0.086600 0.086700 0.096400 0.096500 0.086600 0.128500 0.056500 0.106500 0.107000 0.046700 0.106600 0.086600 0.009300 0.046800 0.096600 0.116900 0.096400 0.046700 0.137500 0.066200 0.018400 0.097500 0.137700 0.107000 0.086700 0.097000 0.096500 0.107200 0.127800 0.037500 0.009300 0.116900 0.000000 0.047200 0.096300 0.086600 0.126900 0.107100 0.107600 0.086400 0.047100 0.046700
goat 0.000000 0.251400 0.056100 0.141600 0.027600 0.009200 0.027800 0.027600 0.037000 0.086600 0.000000 0.037300 0.009200 0.009100 0.018400 0.037300 0.027700 0.056200 0.018400 0.037000 0.036900 0.000000 0.076700 0.075600 0.009200 0.027600 0.009100 0.037000 0.046300 0.036900 0.086600 0.009200 0.086000 0.018400 0.000000 0.027800 0.009200 0.037200 0.056300 0.086500 0.076700 0.027800 0.086600 0.076400 0.027600 0.018400 0.037000 0.018400 0.028000 0.018400 0.037400 0.037500
AfricanBuf 0.037300 0.277700 0.056300 0.119900 0.066100 0.027800 0.046800 0.065700 0.037100 0.086700 0.037300 0.000000 0.046700 0.046700 0.056500 0.076600 0.027800 0.056200 0.056500 0.037100 0.075800 0.037300 0.076700 0.075900 0.046800 0.066000 0.046700 0.037100 0.065600 0.037000 0.086600 0.047200 0.106100 0.037300 0.037400 0.047000 0.046800 0.076200 0.096200 0.086500 0.076700 0.066000 0.086700 0.076400 0.046600 0.056600 0.075700 0.056500 0.066700 0.037200 0.037400 0.037100
Topi 0.009100 0.262700 0.065500 0.151900 0.036900 0.018300 0.037000 0.036800 0.046200 0.096400 0.009200 0.046700 0.000000 0.018400 0.027700 0.046700 0.036900 0.065700 0.027600 0.046200 0.046200 0.009100 0.086400 0.085200 0.018400 0.036800 0.000000 0.046200 0.055600 0.046200 0.096400 0.018400 0.095700 0.009100 0.009100 0.037200 0.018300 0.046600 0.065800 0.096200 0.086400 0.036800 0.096400 0.086100 0.036900 0.028100 0.046400 0.027700 0.037200 0.027600 0.046800 0.046200
CommonDuik 0.009300 0.262500 0.065600 0.152100 0.037200 0.018300 0.037000 0.036800 0.046300 0.096500 0.009100 0.046700 0.018400 0.000000 0.027700 0.046700 0.037000 0.065700 0.027900 0.046300 0.046300 0.009100 0.086500 0.085200 0.018300 0.036800 0.018500 0.046300 0.055600 0.046200 0.096400 0.018600 0.095100 0.027700 0.009200 0.037200 0.018500 0.046600 0.065800 0.096300 0.086500 0.036800 0.096500 0.086100 0.036900 0.027700 0.046400 0.027700 0.037200 0.027600 0.046800 0.046300
Suni 0.018400 0.251100 0.056300 0.163600 0.027700 0.027700 0.046800 0.046400 0.037100 0.086600 0.018400 0.056500 0.027700 0.027700 0.000000 0.056700 0.046700 0.075700 0.037200 0.037100 0.037000 0.018400 0.076700 0.075900 0.027700 0.046500 0.027700 0.037100 0.065600 0.037000 0.086600 0.028000 0.105700 0.037200 0.018400 0.046800 0.027700 0.037200 0.056500 0.088200 0.076700 0.046500 0.086600 0.076400 0.046500 0.037300 0.056100 0.037200 0.047000 0.037100 0.037400 0.037100
Springbuck 0.037300 0.278400 0.096000 0.187500 0.066100 0.046800 0.066400 0.027600 0.075800 0.128500 0.037300 0.076600 0.046700 0.046700 0.056700 0.000000 0.066200 0.096100 0.037200 0.075800 0.037000 0.037400 0.118200 0.116400 0.046800 0.027800 0.046700 0.075800 0.046300 0.075700 0.128500 0.047200 0.126600 0.056700 0.037500 0.066600 0.046800 0.076400 0.076200 0.128300 0.118200 0.027600 0.128500 0.117700 0.066100 0.056600 0.056400 0.056700 0.067200 0.056500 0.076600 0.075800
Okapi 0.027700 0.263800 0.027700 0.130300 0.056000 0.037000 0.056200 0.055900 0.027500 0.056500 0.027700 0.027800 0.036900 0.037000 0.046700 0.066200 0.000000 0.046500 0.046600 0.027500 0.066000 0.027700 0.046900 0.046300 0.037000 0.055900 0.036900 0.027500 0.075100 0.027700 0.056500 0.037300 0.075300 0.046700 0.027800 0.037300 0.037000 0.066100 0.085600 0.056500 0.046900 0.055900 0.056500 0.046800 0.037000 0.027600 0.065700 0.046700 0.056500 0.027600 0.027800 0.027700
Giraffe 0.056200 0.274500 0.065600 0.162800 0.085400 0.065800 0.085700 0.085000 0.055900 0.106500 0.056200 0.056200 0.065700 0.065700 0.075700 0.096100 0.046500 0.000000 0.075700 0.055900 0.095200 0.056200 0.096400 0.095300 0.065800 0.085300 0.065700 0.055900 0.105000 0.055800 0.106400 0.066400 0.126100 0.075700 0.056300 0.066100 0.065800 0.095700 0.116100 0.106300 0.096400 0.085300 0.106500 0.096000 0.065600 0.075900 0.095200 0.075700 0.086100 0.056000 0.056300 0.055900
TibetanAnt 0.018400 0.276700 0.075600 0.163800 0.046500 0.027800 0.046600 0.027500 0.056000 0.107000 0.018400 0.056500 0.027600 0.027900 0.037200 0.037200 0.046600 0.075700 0.000000 0.056000 0.037000 0.018400 0.096900 0.095500 0.027600 0.027500 0.028000 0.056000 0.046100 0.055900 0.107000 0.028000 0.105500 0.037200 0.018400 0.046800 0.027600 0.056400 0.075800 0.106900 0.096900 0.027500 0.107000 0.096500 0.046500 0.037200 0.056100 0.037200 0.046900 0.037100 0.056600 0.056000
Sitatunga 0.037000 0.250200 0.018400 0.140700 0.046300 0.046800 0.065700 0.065300 0.000000 0.046700 0.037000 0.037100 0.046200 0.046300 0.037100 0.075800 0.027500 0.055900 0.056000 0.000000 0.055800 0.037000 0.056600 0.055800 0.046300 0.065300 0.046200 0.000000 0.084600 0.018200 0.066300 0.046800 0.105200 0.056100 0.037100 0.046700 0.046300 0.056200 0.075500 0.066200 0.056600 0.065300 0.046700 0.056400 0.046400 0.056700 0.075200 0.056200 0.056300 0.036900 0.000000 0.000000
Oribi 0.036900 0.250000 0.075300 0.185500 0.046300 0.046300 0.065700 0.027400 0.055800 0.106600 0.036900 0.075800 0.046200 0.046300 0.037000 0.037000 0.066000 0.095200 0.037000 0.055800 0.000000 0.037000 0.096500 0.095100 0.046300 0.027600 0.046200 0.055800 0.045900 0.055700 0.106600 0.046700 0.125400 0.056100 0.037100 0.065900 0.046300 0.056200 0.037000 0.106400 0.096500 0.027500 0.106600 0.096100 0.065500 0.056100 0.055900 0.056100 0.066000 0.055900 0.056400 0.055800
BarbaryShe 0.000000 0.251000 0.056200 0.141500 0.027700 0.009200 0.027800 0.027500 0.037000 0.086600 0.000000 0.037300 0.009100 0.009100 0.018400 0.037400 0.027700 0.056200 0.018400 0.037000 0.037000 0.000000 0.076600 0.075800 0.009100 0.027600 0.009100 0.037000 0.046400 0.037000 0.086500 0.009200 0.085600 0.018400 0.000100 0.027800 0.009100 0.037200 0.056400 0.086400 0.076600 0.027600 0.086600 0.076400 0.027600 0.018500 0.037000 0.018400 0.027900 0.018300 0.037300 0.037000
Daviddeer 0.076700 0.307800 0.056600 0.188200 0.086500 0.086600 0.107200 0.106300 0.056600 0.009300 0.076700 0.076700 0.086400 0.086500 0.076700 0.118200 0.046900 0.096400 0.096900 0.056600 0.096500 0.076600 0.000000 0.037300 0.086600 0.106700 0.086400 0.056600 0.127100 0.056500 0.009300 0.087400 0.127200 0.096800 0.076800 0.086900 0.086500 0.097000 0.117500 0.028000 0.000000 0.106700 0.009300 0.037600 0.086300 0.076600 0.116600 0.096900 0.107800 0.076400 0.057100 0.056600
Reindeer 0.075600 0.303000 0.055800 0.185600 0.085300 0.085400 0.105600 0.105100 0.055800 0.046800 0.075600 0.075900 0.085200 0.085200 0.075900 0.116400 0.046300 0.095300 0.095500 0.055800 0.095100 0.075800 0.037300 0.000000 0.085300 0.105100 0.085200 0.055800 0.125200 0.055800 0.046800 0.086200 0.125500 0.095700 0.075900 0.086000 0.085300 0.095900 0.115800 0.027800 0.037300 0.105100 0.046800 0.000100 0.085400 0.056100 0.115400 0.095800 0.106200 0.075600 0.056400 0.055800
Ibex 0.009100 0.250800 0.065700 0.152300 0.036900 0.018300 0.037100 0.036900 0.046300 0.096600 0.009200 0.046800 0.018400 0.018300 0.027700 0.046800 0.037000 0.065800 0.027600 0.046300 0.046300 0.009100 0.086600 0.085300 0.000000 0.036900 0.018300 0.046300 0.055800 0.046300 0.096600 0.018600 0.075900 0.027700 0.009200 0.037200 0.018500 0.046700 0.065900 0.096400 0.086600 0.036900 0.096600 0.086300 0.037000 0.027700 0.046500 0.027700 0.037300 0.027600 0.046800 0.046300
GyrantGaze 0.027700 0.250100 0.085100 0.163000 0.055800 0.036900 0.056000 0.018200 0.065300 0.116900 0.027600 0.066000 0.036800 0.036800 0.046500 0.027800 0.055900 0.085300 0.027500 0.065300 0.027600 0.027600 0.106700 0.105100 0.036900 0.000000 0.037200 0.065300 0.036600 0.065300 0.116900 0.037200 0.115200 0.046500 0.027700 0.056200 0.018200 0.065800 0.065700 0.116700 0.106700 0.000000 0.116900 0.106300 0.055900 0.046500 0.046300 0.046500 0.056300 0.046400 0.066100 0.065400
Hartebeest 0.009200 0.262700 0.065500 0.151900 0.036900 0.018400 0.037000 0.036800 0.046200 0.096400 0.009100 0.046700 0.000000 0.018500 0.027700 0.046700 0.036900 0.065700 0.028000 0.046200 0.046200 0.009100 0.086400 0.085200 0.018300 0.037200 0.000000 0.046200 0.055600 0.046200 0.096400 0.018400 0.095000 0.009100 0.009100 0.037200 0.018300 0.046600 0.065800 0.096200 0.086400 0.036800 0.096400 0.086100 0.036900 0.028100 0.046400 0.027700 0.037200 0.027600 0.046800 0.046200
Bongo 0.037000 0.250200 0.018400 0.140700 0.046300 0.046400 0.065700 0.065300 0.000000 0.046700 0.037000 0.037100 0.046200 0.046300 0.037100 0.075800 0.027500 0.055900 0.056000 0.000000 0.055800 0.037000 0.056600 0.055800 0.046300 0.065300 0.046200 0.000000 0.084600 0.018200 0.066300 0.046800 0.105200 0.056100 0.037100 0.046700 0.046300 0.056200 0.075500 0.066200 0.056600 0.065300 0.046700 0.056400 0.046400 0.056100 0.075200 0.056200 0.056300 0.036900 0.000000 0.000000
Gerenuk 0.046300 0.286800 0.104800 0.173400 0.074900 0.036700 0.055700 0.036500 0.084600 0.137500 0.046300 0.065600 0.055600 0.055600 0.065600 0.046300 0.075100 0.105000 0.046100 0.084600 0.045900 0.046400 0.127100 0.125200 0.055800 0.036600 0.055600 0.084600 0.000000 0.084600 0.137400 0.056200 0.135500 0.065600 0.046400 0.075500 0.055700 0.085300 0.085100 0.137200 0.127100 0.036600 0.137500 0.126500 0.055600 0.065500 0.065300 0.065600 0.056000 0.065300 0.085600 0.084600
CommonElan 0.036900 0.250300 0.036800 0.140500 0.046300 0.046300 0.065600 0.065300 0.018200 0.066200 0.036900 0.037000 0.046200 0.046200 0.037000 0.075700 0.027700 0.055800 0.055900 0.018200 0.055700 0.037000 0.056500 0.055800 0.046300 0.065300 0.046200 0.018200 0.084600 0.000000 0.066200 0.046700 0.105000 0.056100 0.037100 0.046600 0.046300 0.056200 0.075500 0.066100 0.056500 0.065300 0.066200 0.056300 0.046300 0.056000 0.075200 0.056100 0.066000 0.036900 0.018400 0.018400
MuntiacusR 0.086600 0.321200 0.066300 0.199600 0.096500 0.096600 0.117400 0.116400 0.066300 0.018400 0.086600 0.086600 0.096400 0.096400 0.086600 0.128500 0.056500 0.106400 0.107000 0.066300 0.106600 0.086500 0.009300 0.046800 0.096600 0.116900 0.096400 0.066300 0.137400 0.066200 0.000000 0.097500 0.137600 0.106900 0.086700 0.097000 0.096500 0.107100 0.117500 0.037500 0.009300 0.116900 0.018400 0.047200 0.096300 0.086500 0.116600 0.107000 0.118100 0.086300 0.066800 0.066300
HarveysDui 0.009300 0.250700 0.066300 0.130300 0.037300 0.018500 0.037400 0.037200 0.046800 0.097500 0.009200 0.047200 0.018400 0.018600 0.028000 0.047200 0.037300 0.066400 0.028000 0.046800 0.046700 0.009200 0.087400 0.086200 0.018600 0.037200 0.018400 0.046800 0.056200 0.046700 0.097500 0.000000 0.096100 0.028000 0.009200 0.037600 0.018500 0.047100 0.066500 0.097400 0.087400 0.037200 0.097500 0.087100 0.037300 0.028000 0.046900 0.028000 0.037600 0.027900 0.047300 0.046800
Pronghorn 0.085400 0.299400 0.105200 0.196800 0.115300 0.095300 0.115800 0.115100 0.105200 0.137700 0.086000 0.106100 0.095700 0.095100 0.105700 0.126600 0.075300 0.126100 0.105500 0.105200 0.125400 0.085600 0.127200 0.125500 0.075900 0.115200 0.095000 0.105200 0.135500 0.105000 0.137600 0.096100 0.000000 0.105700 0.085700 0.095900 0.095200 0.105600 0.147000 0.137700 0.127200 0.115200 0.137700 0.126800 0.095300 0.085300 0.125700 0.105200 0.116400 0.065600 0.106400 0.105200
BlueWildeb 0.018400 0.276400 0.075800 0.163600 0.046600 0.027700 0.046800 0.046400 0.056100 0.107000 0.018400 0.037300 0.009100 0.027700 0.037200 0.056700 0.046700 0.075700 0.037200 0.056100 0.056100 0.018400 0.096800 0.095700 0.027700 0.046500 0.009100 0.056100 0.065600 0.056100 0.106900 0.028000 0.105700 0.000000 0.018400 0.046800 0.027700 0.056400 0.076000 0.106800 0.096800 0.046500 0.107000 0.096500 0.046500 0.037300 0.056100 0.037200 0.047000 0.037100 0.056600 0.056100
Gemsbok 0.000000 0.251600 0.056400 0.141800 0.027700 0.009200 0.027800 0.027600 0.037100 0.086700 0.000000 0.037400 0.009100 0.009200 0.018400 0.037500 0.027800 0.056300 0.018400 0.037100 0.037100 0.000100 0.076800 0.075900 0.009200 0.027700 0.009100 0.037100 0.046400 0.037100 0.086700 0.009200 0.085700 0.018400 0.000000 0.027900 0.009200 0.037300 0.056500 0.086600 0.076800 0.027700 0.086700 0.076600 0.027700 0.018500 0.037100 0.018400 0.028000 0.018400 0.037400 0.037100
Yak 0.027800 0.250900 0.066200 0.153000 0.056300 0.037200 0.056500 0.056000 0.046700 0.097000 0.027800 0.047000 0.037200 0.037200 0.046800 0.066600 0.037300 0.066100 0.046800 0.046700 0.065900 0.027800 0.086900 0.086000 0.037200 0.056200 0.037200 0.046700 0.075500 0.046600 0.097000 0.037600 0.095900 0.046800 0.027900 0.000000 0.037200 0.066300 0.086200 0.096600 0.086900 0.056200 0.097000 0.086600 0.018100 0.046900 0.065900 0.046800 0.056800 0.027700 0.047100 0.046700
BlueSheep 0.009200 0.250900 0.065600 0.141300 0.036900 0.018500 0.037000 0.036800 0.046300 0.096500 0.009200 0.046800 0.018300 0.018500 0.027700 0.046800 0.037000 0.065800 0.027600 0.046300 0.046300 0.009100 0.086500 0.085300 0.018500 0.018200 0.018300 0.046300 0.055700 0.046300 0.096500 0.018500 0.095200 0.027700 0.009200 0.037200 0.000000 0.046700 0.065900 0.096400 0.086500 0.018200 0.096500 0.086200 0.036900 0.027700 0.046400 0.027700 0.037200 0.027600 0.046800 0.046300
BohorReedb 0.037200 0.250600 0.075900 0.163400 0.009100 0.046700 0.066200 0.065600 0.056200 0.107200 0.037200 0.076200 0.046600 0.046600 0.037200 0.076400 0.066100 0.095700 0.056400 0.056200 0.056200 0.037200 0.097000 0.095900 0.046700 0.065800 0.046600 0.056200 0.085300 0.056200 0.107100 0.047100 0.105600 0.056400 0.037300 0.066300 0.046700 0.000000 0.076100 0.107000 0.097000 0.065800 0.107200 0.096600 0.065800 0.056500 0.075600 0.056400 0.066600 0.037000 0.056700 0.056200
KirksDik 0.056300 0.277400 0.095600 0.209700 0.065800 0.065900 0.085800 0.046500 0.075500 0.127800 0.056300 0.096200 0.065800 0.065800 0.056500 0.076200 0.085600 0.116100 0.075800 0.075500 0.037000 0.056400 0.117500 0.115800 0.065900 0.065700 0.065800 0.075500 0.085100 0.075500 0.117500 0.066500 0.147000 0.076000 0.056500 0.086200 0.065900 0.076100 0.000000 0.127500 0.117500 0.065700 0.127800 0.117100 0.085600 0.076000 0.036800 0.076000 0.086200 0.075800 0.076400 0.075500
RoeDeer 0.086500 0.305400 0.066200 0.187200 0.096400 0.096500 0.117300 0.116200 0.066200 0.037500 0.086500 0.086500 0.096200 0.096300 0.088200 0.128300 0.056500 0.106300 0.106900 0.066200 0.106400 0.086400 0.028000 0.027800 0.096400 0.116700 0.096200 0.066200 0.137200 0.066100 0.037500 0.097400 0.137700 0.106800 0.086600 0.096600 0.096400 0.107000 0.127500 0.000000 0.028000 0.116700 0.037500 0.028000 0.096000 0.086400 0.126500 0.106800 0.117900 0.086200 0.066800 0.066200
WhiteLippe 0.076700 0.307800 0.056600 0.188200 0.086500 0.086600 0.107200 0.106300 0.056600 0.009300 0.076700 0.076700 0.086400 0.086500 0.076700 0.118200 0.046900 0.096400 0.096900 0.056600 0.096500 0.076600 0.000000 0.037300 0.086600 0.106700 0.086400 0.056600 0.127100 0.056500 0.009300 0.087400 0.127200 0.096800 0.076800 0.086900 0.086500 0.097000 0.117500 0.028000 0.000000 0.106700 0.009200 0.037600 0.086300 0.076600 0.116600 0.096900 0.107800 0.076400 0.057100 0.056600
ThomsonGaz 0.027600 0.250100 0.085100 0.163000 0.055800 0.036900 0.056000 0.018200 0.065300 0.116900 0.027800 0.066000 0.036800 0.036800 0.046500 0.027600 0.055900 0.085300 0.027500 0.065300 0.027500 0.027600 0.106700 0.105100 0.036900 0.000000 0.036800 0.065300 0.036600 0.065300 0.116900 0.037200 0.115200 0.046500 0.027700 0.056200 0.018200 0.065800 0.065700 0.116700 0.106700 0.000000 0.116900 0.106300 0.055900 0.046500 0.046300 0.046500 0.056300 0.046400 0.066100 0.065300
MuntiacusC 0.086600 0.320600 0.046800 0.199700 0.096500 0.096600 0.117500 0.116400 0.046700 0.000000 0.086600 0.086700 0.096400 0.096500 0.086600 0.128500 0.056500 0.106500 0.107000 0.046700 0.106600 0.086600 0.009300 0.046800 0.096600 0.116900 0.096400 0.046700 0.137500 0.066200 0.018400 0.097500 0.137700 0.107000 0.086700 0.097000 0.096500 0.107200 0.127800 0.037500 0.009200 0.116900 0.000000 0.047200 0.096300 0.086600 0.126900 0.107100 0.107600 0.086400 0.047100 0.046700
WhiteTaile 0.076400 0.315200 0.056400 0.187000 0.086100 0.086300 0.106800 0.105900 0.056400 0.047200 0.076400 0.076400 0.086100 0.086100 0.076400 0.117700 0.046800 0.096000 0.096500 0.056400 0.096100 0.076400 0.037600 0.000100 0.086300 0.106300 0.086100 0.056400 0.126500 0.056300 0.047200 0.087100 0.126800 0.096500 0.076600 0.086600 0.086200 0.096600 0.117100 0.028000 0.037600 0.106300 0.047200 0.000000 0.086000 0.056700 0.116200 0.096500 0.107400 0.076100 0.056800 0.056400
Cattle 0.027600 0.262100 0.065700 0.151900 0.055900 0.037000 0.056100 0.055700 0.046400 0.096300 0.027600 0.046600 0.036900 0.036900 0.046500 0.066100 0.037000 0.065600 0.046500 0.046400 0.065500 0.027600 0.086300 0.085400 0.037000 0.055900 0.036900 0.046400 0.055600 0.046300 0.096300 0.037300 0.095300 0.046500 0.027700 0.018100 0.036900 0.065800 0.085600 0.096000 0.086300 0.055900 0.096300 0.086000 0.000000 0.046600 0.065500 0.046500 0.037200 0.027500 0.046700 0.046400
RoyalAntel 0.018400 0.277300 0.056100 0.164000 0.046600 0.027900 0.046700 0.046500 0.056100 0.086600 0.018400 0.056600 0.028100 0.027700 0.037300 0.056600 0.027600 0.075900 0.037200 0.056700 0.056100 0.018500 0.076600 0.056100 0.027700 0.046500 0.028100 0.056100 0.065500 0.056000 0.086500 0.028000 0.085300 0.037300 0.018500 0.046900 0.027700 0.056500 0.076000 0.086400 0.076600 0.046500 0.086600 0.056700 0.046600 0.000000 0.056200 0.037300 0.047000 0.037100 0.056700 0.056100
Steenbok 0.037000 0.275000 0.095300 0.185200 0.065600 0.046500 0.065800 0.027400 0.075200 0.126900 0.037000 0.075700 0.046400 0.046400 0.056100 0.056400 0.065700 0.095200 0.056100 0.075200 0.055900 0.037000 0.116600 0.115400 0.046500 0.046300 0.046400 0.075200 0.065300 0.075200 0.116600 0.046900 0.125700 0.056100 0.037100 0.065900 0.046400 0.075600 0.036800 0.126500 0.116600 0.046300 0.126900 0.116200 0.065500 0.056200 0.000000 0.056100 0.066200 0.055900 0.075800 0.075200
Impala 0.018400 0.276200 0.075900 0.163900 0.046600 0.027700 0.046800 0.046400 0.056200 0.107100 0.018400 0.056500 0.027700 0.027700 0.037200 0.056700 0.046700 0.075700 0.037200 0.056200 0.056100 0.018400 0.096900 0.095800 0.027700 0.046500 0.027700 0.056200 0.065600 0.056100 0.107000 0.028000 0.105200 0.037200 0.018400 0.046800 0.027700 0.056400 0.076000 0.106800 0.096900 0.046500 0.107100 0.096500 0.046500 0.037300 0.056100 0.000000 0.047000 0.037100 0.056600 0.056200
Klipspring 0.027900 0.291600 0.076300 0.176200 0.056400 0.037300 0.056600 0.056300 0.056400 0.107600 0.028000 0.066700 0.037200 0.037200 0.047000 0.067200 0.056500 0.086100 0.046900 0.056300 0.066000 0.027900 0.107800 0.106200 0.037300 0.056300 0.037200 0.056300 0.056000 0.066000 0.118100 0.037600 0.116400 0.047000 0.028000 0.056800 0.037200 0.066600 0.086200 0.117900 0.107800 0.056300 0.107600 0.107400 0.037200 0.047000 0.066200 0.047000 0.000000 0.046900 0.056900 0.056300
ForestMusk 0.018400 0.224900 0.056100 0.119200 0.046400 0.027600 0.046600 0.046200 0.036900 0.086400 0.018400 0.037200 0.027600 0.027600 0.037100 0.056500 0.027600 0.056000 0.037100 0.036900 0.055900 0.018300 0.076400 0.075600 0.027600 0.046400 0.027600 0.036900 0.065300 0.036900 0.086300 0.027900 0.065600 0.037100 0.018400 0.027700 0.027600 0.037000 0.075800 0.086200 0.076400 0.046400 0.086400 0.076100 0.027500 0.037100 0.055900 0.037100 0.046900 0.000000 0.037200 0.036900
Bushbuck 0.037400 0.252600 0.018400 0.142000 0.046800 0.046900 0.066400 0.065800 0.000000 0.047100 0.037400 0.037400 0.046800 0.046800 0.037400 0.076600 0.027800 0.056300 0.056600 0.000000 0.056400 0.037300 0.057100 0.056400 0.046800 0.066100 0.046800 0.000000 0.085600 0.018400 0.066800 0.047300 0.106400 0.056600 0.037400 0.047100 0.046800 0.056700 0.076400 0.066800 0.057100 0.066100 0.047100 0.056800 0.046700 0.056700 0.075800 0.056600 0.056900 0.037200 0.000000 0.000000
GreaterKud 0.037200 0.250200 0.018200 0.140700 0.046300 0.046400 0.065700 0.065300 0.000000 0.046700 0.037500 0.037100 0.046200 0.046300 0.037100 0.075800 0.027700 0.055900 0.056000 0.000000 0.055800 0.037000 0.056600 0.055800 0.046300 0.065400 0.046200 0.000000 0.084600 0.018400 0.066300 0.046800 0.105200 0.056100 0.037100 0.046700 0.046300 0.056200 0.075500 0.066200 0.056600 0.065300 0.046700 0.056400 0.046400 0.056100 0.075200 0.056200 0.056300 0.036900 0.000000 0.000000
