CODONML (in paml version 4.10.7, June 2023)  /home/rachel/ruminants_paml/6406-phy-tree/ENSBTAT00000001267.fasta.phy
Model: free dN/dS Ratios for branches,  kappa = 2.000 fixed

Codon frequency model: F3x4
ns =  54  ls =  16

Codon usage in sequences
--------------------------------------------------------------------------------------------------------------------------------------
Phe TTT   0   0   0   0   0   0 | Ser TCT   0   0   0   0   0   0 | Tyr TAT   0   0   0   0   0   0 | Cys TGT   0   0   0   0   0   0
    TTC   0   0   0   0   0   0 |     TCC   0   0   0   0   0   0 |     TAC   0   0   0   0   0   0 |     TGC   0   0   0   0   0   0
Leu TTA   0   0   0   0   0   0 |     TCA   0   0   0   0   0   0 | *** TAA   0   0   0   0   0   0 | *** TGA   0   0   0   0   0   0
    TTG   0   0   0   0   0   0 |     TCG   0   0   0   0   0   0 |     TAG   0   0   0   0   0   0 | Trp TGG   0   0   0   0   0   0
--------------------------------------------------------------------------------------------------------------------------------------
Leu CTT   0   0   1   0   2   0 | Pro CCT   1   1   0   1   0   2 | His CAT   0   0   1   0   0   0 | Arg CGT   0   0   0   0   0   0
    CTC   0   0   0   0   0   1 |     CCC   0   0   0   0   0   0 |     CAC   1   2   0   1   1   1 |     CGC   0   0   0   0   0   0
    CTA   0   1   0   0   0   0 |     CCA   0   0   0   0   0   0 | Gln CAA   0   0   0   0   0   0 |     CGA   0   0   0   0   0   0
    CTG   1   0   1   1   0   0 |     CCG   0   0   0   0   0   0 |     CAG   1   1   1   1   1   1 |     CGG   0   0   0   0   0   0
--------------------------------------------------------------------------------------------------------------------------------------
Ile ATT   1   0   1   1   1   1 | Thr ACT   0   0   0   0   0   0 | Asn AAT   0   0   0   0   1   0 | Ser AGT   0   0   0   1   0   0
    ATC   0   0   0   0   0   0 |     ACC   1   0   1   2   0   0 |     AAC   0   0   0   0   0   0 |     AGC   0   0   0   0   0   0
    ATA   0   0   0   0   0   0 |     ACA   0   0   0   0   1   1 | Lys AAA   0   0   0   0   0   0 | Arg AGA   0   0   0   0   0   0
Met ATG   0   0   0   0   0   0 |     ACG   0   1   0   0   0   0 |     AAG   0   0   0   0   0   0 |     AGG   0   0   0   0   0   0
--------------------------------------------------------------------------------------------------------------------------------------
Val GTT   0   2   0   1   0   0 | Ala GCT   2   2   2   1   2   1 | Asp GAT   0   0   0   0   0   1 | Gly GGT   0   0   2   1   0   0
    GTC   0   0   0   0   0   0 |     GCC   1   1   1   0   1   1 |     GAC   0   0   0   0   0   0 |     GGC   2   0   0   0   0   0
    GTA   0   0   0   0   0   0 |     GCA   0   0   0   0   0   0 | Glu GAA   1   1   1   1   1   1 |     GGA   1   1   1   1   2   2
    GTG   0   0   0   0   0   0 |     GCG   0   0   0   0   0   0 |     GAG   2   3   2   2   2   2 |     GGG   1   0   1   1   1   1
--------------------------------------------------------------------------------------------------------------------------------------

--------------------------------------------------------------------------------------------------------------------------------------
Phe TTT   0   0   0   0   0   0 | Ser TCT   0   0   0   0   0   0 | Tyr TAT   0   0   0   0   0   0 | Cys TGT   0   0   0   0   0   0
    TTC   0   0   0   0   0   0 |     TCC   0   0   0   0   0   0 |     TAC   0   0   0   0   0   0 |     TGC   0   0   0   0   0   0
Leu TTA   0   0   0   0   0   0 |     TCA   0   0   0   0   0   0 | *** TAA   0   0   0   0   0   0 | *** TGA   0   0   0   0   0   0
    TTG   0   0   0   0   0   0 |     TCG   0   0   0   0   0   0 |     TAG   0   0   0   0   0   0 | Trp TGG   0   0   0   0   0   0
--------------------------------------------------------------------------------------------------------------------------------------
Leu CTT   0   0   0   0   0   0 | Pro CCT   1   1   1   1   1   0 | His CAT   0   0   1   0   1   0 | Arg CGT   0   0   0   0   0   0
    CTC   0   0   0   0   0   1 |     CCC   0   0   0   0   0   1 |     CAC   1   1   0   1   0   0 |     CGC   0   0   0   0   0   0
    CTA   0   0   0   0   0   0 |     CCA   0   0   0   0   0   0 | Gln CAA   0   0   0   0   0   0 |     CGA   0   0   0   0   0   0
    CTG   1   1   1   1   1   1 |     CCG   0   0   0   0   0   0 |     CAG   1   1   1   1   1   1 |     CGG   0   0   0   0   0   0
--------------------------------------------------------------------------------------------------------------------------------------
Ile ATT   1   1   1   1   1   0 | Thr ACT   0   0   0   0   0   0 | Asn AAT   0   0   0   0   0   0 | Ser AGT   1   0   0   0   0   0
    ATC   0   0   0   0   0   1 |     ACC   1   1   1   1   1   2 |     AAC   0   0   0   0   0   0 |     AGC   0   0   0   0   0   0
    ATA   0   0   0   0   0   0 |     ACA   0   0   0   0   0   0 | Lys AAA   0   0   0   0   0   0 | Arg AGA   0   0   0   0   0   0
Met ATG   0   0   0   0   0   0 |     ACG   0   0   0   0   0   0 |     AAG   0   0   0   0   0   0 |     AGG   0   0   0   0   0   0
--------------------------------------------------------------------------------------------------------------------------------------
Val GTT   0   0   0   0   0   0 | Ala GCT   2   2   2   2   2   1 | Asp GAT   0   0   0   0   0   1 | Gly GGT   0   0   1   1   1   1
    GTC   0   0   0   0   0   0 |     GCC   1   1   1   1   1   1 |     GAC   0   0   0   0   0   0 |     GGC   1   2   1   1   1   0
    GTA   0   0   0   0   0   0 |     GCA   0   0   0   0   0   0 | Glu GAA   1   1   1   1   1   1 |     GGA   1   1   1   1   1   1
    GTG   0   0   0   0   0   0 |     GCG   0   0   0   0   0   0 |     GAG   2   2   2   2   2   2 |     GGG   1   1   1   1   1   1
--------------------------------------------------------------------------------------------------------------------------------------

--------------------------------------------------------------------------------------------------------------------------------------
Phe TTT   0   0   0   0   0   0 | Ser TCT   0   0   0   0   0   0 | Tyr TAT   0   0   0   0   0   0 | Cys TGT   0   0   0   0   0   0
    TTC   0   0   0   0   0   0 |     TCC   0   0   0   0   0   0 |     TAC   0   0   0   0   0   0 |     TGC   0   0   0   0   0   0
Leu TTA   0   0   0   0   0   0 |     TCA   0   0   0   0   0   0 | *** TAA   0   0   0   0   0   0 | *** TGA   0   0   0   0   0   0
    TTG   0   0   0   0   0   0 |     TCG   0   0   0   0   0   0 |     TAG   0   0   0   0   0   0 | Trp TGG   0   0   0   0   0   0
--------------------------------------------------------------------------------------------------------------------------------------
Leu CTT   0   0   0   0   0   0 | Pro CCT   1   1   1   1   1   0 | His CAT   0   1   0   1   0   0 | Arg CGT   0   0   0   0   0   0
    CTC   0   0   0   0   0   0 |     CCC   0   0   0   0   0   0 |     CAC   1   0   0   0   1   1 |     CGC   0   0   0   0   0   0
    CTA   0   0   0   0   0   0 |     CCA   0   0   0   0   0   0 | Gln CAA   0   0   0   0   0   0 |     CGA   0   0   0   0   0   0
    CTG   1   1   1   1   1   0 |     CCG   0   0   0   0   0   1 |     CAG   1   1   2   1   1   1 |     CGG   0   0   0   0   0   1
--------------------------------------------------------------------------------------------------------------------------------------
Ile ATT   1   1   1   1   0   1 | Thr ACT   0   0   0   0   0   0 | Asn AAT   0   0   0   0   0   0 | Ser AGT   0   0   0   0   0   0
    ATC   0   0   0   0   0   0 |     ACC   1   1   1   1   2   1 |     AAC   0   0   0   0   0   0 |     AGC   0   0   0   0   0   0
    ATA   0   0   0   0   0   0 |     ACA   0   0   0   0   0   0 | Lys AAA   0   0   0   0   0   0 | Arg AGA   0   0   0   0   0   0
Met ATG   0   0   0   0   0   0 |     ACG   0   0   0   0   0   0 |     AAG   0   0   0   0   0   0 |     AGG   0   0   0   0   0   0
--------------------------------------------------------------------------------------------------------------------------------------
Val GTT   0   0   0   0   1   0 | Ala GCT   2   2   2   2   2   2 | Asp GAT   0   0   0   0   0   0 | Gly GGT   1   1   1   0   1   2
    GTC   0   0   0   0   0   0 |     GCC   1   1   1   1   0   1 |     GAC   0   0   0   0   0   0 |     GGC   1   1   1   2   1   0
    GTA   0   0   0   0   0   0 |     GCA   0   0   0   0   0   0 | Glu GAA   1   1   1   1   1   2 |     GGA   1   1   1   0   1   1
    GTG   0   0   0   0   0   0 |     GCG   0   0   0   0   0   0 |     GAG   2   2   2   2   2   1 |     GGG   1   1   1   2   1   1
--------------------------------------------------------------------------------------------------------------------------------------

--------------------------------------------------------------------------------------------------------------------------------------
Phe TTT   0   0   0   0   0   0 | Ser TCT   0   0   0   0   0   0 | Tyr TAT   0   0   0   0   0   0 | Cys TGT   0   0   0   0   0   0
    TTC   0   0   0   0   0   0 |     TCC   0   0   0   0   0   0 |     TAC   0   0   0   0   0   0 |     TGC   0   0   0   0   0   0
Leu TTA   0   0   0   0   0   0 |     TCA   0   0   0   0   0   0 | *** TAA   0   0   0   0   0   0 | *** TGA   0   0   0   0   0   0
    TTG   0   0   0   0   0   0 |     TCG   0   0   0   0   0   0 |     TAG   0   0   0   0   0   0 | Trp TGG   0   0   0   0   0   0
--------------------------------------------------------------------------------------------------------------------------------------
Leu CTT   0   0   0   0   0   0 | Pro CCT   0   0   1   1   1   1 | His CAT   0   1   0   1   0   0 | Arg CGT   0   0   0   0   0   0
    CTC   0   0   0   0   0   0 |     CCC   1   1   0   0   0   0 |     CAC   1   0   1   0   1   1 |     CGC   0   0   0   0   0   0
    CTA   0   0   0   0   0   0 |     CCA   0   0   0   0   0   0 | Gln CAA   0   0   0   0   0   0 |     CGA   0   0   0   0   0   0
    CTG   1   1   1   1   0   1 |     CCG   0   0   0   0   0   0 |     CAG   2   2   1   1   1   1 |     CGG   0   0   0   0   1   0
--------------------------------------------------------------------------------------------------------------------------------------
Ile ATT   1   1   1   1   1   1 | Thr ACT   0   0   0   0   0   0 | Asn AAT   0   0   0   0   0   0 | Ser AGT   0   0   0   0   0   0
    ATC   0   0   0   0   0   0 |     ACC   1   1   1   1   1   1 |     AAC   0   0   0   0   0   0 |     AGC   0   0   1   0   0   0
    ATA   0   0   0   0   0   0 |     ACA   0   0   0   0   0   0 | Lys AAA   0   0   0   0   0   0 | Arg AGA   0   0   0   0   0   0
Met ATG   0   0   0   0   0   0 |     ACG   0   0   0   0   0   0 |     AAG   0   0   0   0   0   0 |     AGG   0   0   0   0   0   0
--------------------------------------------------------------------------------------------------------------------------------------
Val GTT   0   0   0   0   0   0 | Ala GCT   2   2   2   2   2   2 | Asp GAT   1   0   0   0   0   0 | Gly GGT   0   1   1   1   1   1
    GTC   0   0   0   0   0   0 |     GCC   1   1   1   1   1   1 |     GAC   0   0   0   0   0   0 |     GGC   0   0   0   1   1   1
    GTA   0   0   0   0   0   0 |     GCA   0   0   0   0   0   0 | Glu GAA   1   1   1   1   1   1 |     GGA   2   2   1   1   1   1
    GTG   0   0   0   0   0   0 |     GCG   0   0   0   0   0   0 |     GAG   1   1   2   2   2   2 |     GGG   1   1   1   1   1   1
--------------------------------------------------------------------------------------------------------------------------------------

--------------------------------------------------------------------------------------------------------------------------------------
Phe TTT   0   0   0   0   0   0 | Ser TCT   0   0   0   0   0   0 | Tyr TAT   0   0   0   0   0   0 | Cys TGT   0   0   0   0   0   0
    TTC   0   0   0   0   0   0 |     TCC   0   0   0   0   0   0 |     TAC   0   0   0   0   0   0 |     TGC   0   0   0   0   0   0
Leu TTA   0   0   0   0   0   0 |     TCA   0   0   0   0   0   0 | *** TAA   0   0   0   0   0   0 | *** TGA   0   0   0   0   0   0
    TTG   0   0   0   0   0   0 |     TCG   0   0   0   0   0   0 |     TAG   0   0   0   0   0   0 | Trp TGG   0   0   0   0   0   0
--------------------------------------------------------------------------------------------------------------------------------------
Leu CTT   0   0   0   0   0   0 | Pro CCT   0   0   1   0   1   1 | His CAT   0   0   0   0   0   1 | Arg CGT   0   0   0   0   0   0
    CTC   0   0   0   0   0   0 |     CCC   1   1   0   0   0   0 |     CAC   1   1   1   1   0   0 |     CGC   0   0   0   0   0   0
    CTA   0   0   0   0   0   0 |     CCA   0   0   0   0   0   0 | Gln CAA   0   0   0   0   0   0 |     CGA   0   0   0   0   0   0
    CTG   2   1   1   0   1   1 |     CCG   0   0   0   1   0   0 |     CAG   0   1   1   1   2   1 |     CGG   0   0   0   1   0   0
--------------------------------------------------------------------------------------------------------------------------------------
Ile ATT   0   0   1   1   1   1 | Thr ACT   0   0   0   0   0   0 | Asn AAT   0   0   0   0   0   0 | Ser AGT   0   0   0   0   0   0
    ATC   1   1   0   0   0   0 |     ACC   2   2   1   1   1   1 |     AAC   0   0   0   0   0   0 |     AGC   1   0   0   0   0   0
    ATA   0   0   0   0   0   0 |     ACA   0   0   0   0   0   0 | Lys AAA   0   0   0   0   0   0 | Arg AGA   0   0   0   0   0   0
Met ATG   0   0   0   0   0   0 |     ACG   0   0   0   0   0   0 |     AAG   0   0   0   0   0   0 |     AGG   0   0   0   0   0   0
--------------------------------------------------------------------------------------------------------------------------------------
Val GTT   0   0   0   0   0   0 | Ala GCT   0   1   2   3   2   2 | Asp GAT   1   1   0   0   0   0 | Gly GGT   1   1   1   2   1   1
    GTC   0   0   0   0   0   0 |     GCC   1   1   1   0   1   1 |     GAC   0   0   0   0   0   0 |     GGC   0   0   1   0   1   1
    GTA   0   0   0   0   0   0 |     GCA   0   0   0   0   0   0 | Glu GAA   1   1   1   2   1   1 |     GGA   1   0   1   1   1   1
    GTG   0   0   0   0   0   0 |     GCG   0   0   0   0   0   0 |     GAG   3   2   2   1   2   2 |     GGG   0   2   1   1   1   1
--------------------------------------------------------------------------------------------------------------------------------------

--------------------------------------------------------------------------------------------------------------------------------------
Phe TTT   0   0   0   0   0   0 | Ser TCT   0   0   0   0   0   0 | Tyr TAT   0   0   0   0   0   0 | Cys TGT   0   0   0   0   0   0
    TTC   0   0   0   0   0   0 |     TCC   0   0   0   0   0   0 |     TAC   0   0   0   0   0   0 |     TGC   0   0   0   0   0   0
Leu TTA   0   0   0   0   0   0 |     TCA   0   0   0   0   0   0 | *** TAA   0   0   0   0   0   0 | *** TGA   0   0   0   0   0   0
    TTG   0   0   0   0   0   0 |     TCG   0   0   0   0   0   0 |     TAG   0   0   0   0   0   0 | Trp TGG   0   0   0   0   0   0
--------------------------------------------------------------------------------------------------------------------------------------
Leu CTT   0   0   0   0   1   0 | Pro CCT   0   1   0   1   1   1 | His CAT   0   1   0   1   0   0 | Arg CGT   0   0   0   0   0   0
    CTC   0   0   1   0   0   0 |     CCC   0   0   1   0   0   0 |     CAC   1   0   0   0   1   0 |     CGC   0   0   0   0   0   0
    CTA   0   0   0   0   0   0 |     CCA   0   0   0   0   0   0 | Gln CAA   0   0   0   0   0   0 |     CGA   0   0   0   0   0   0
    CTG   0   1   1   1   1   1 |     CCG   1   0   0   0   0   0 |     CAG   1   1   1   1   1   2 |     CGG   1   0   0   0   0   0
--------------------------------------------------------------------------------------------------------------------------------------
Ile ATT   1   1   0   1   1   1 | Thr ACT   0   0   0   0   0   0 | Asn AAT   0   0   0   0   0   0 | Ser AGT   0   0   0   0   1   0
    ATC   0   0   1   0   0   0 |     ACC   1   1   2   1   1   1 |     AAC   0   0   0   0   0   0 |     AGC   0   0   0   0   0   0
    ATA   0   0   0   0   0   0 |     ACA   0   0   0   0   0   0 | Lys AAA   0   0   0   0   0   0 | Arg AGA   0   0   0   0   0   0
Met ATG   0   0   0   0   0   0 |     ACG   0   0   0   0   0   0 |     AAG   0   0   0   0   0   0 |     AGG   0   0   0   0   0   0
--------------------------------------------------------------------------------------------------------------------------------------
Val GTT   0   0   0   0   0   0 | Ala GCT   2   2   1   2   1   2 | Asp GAT   0   0   1   0   0   0 | Gly GGT   2   1   1   1   0   1
    GTC   0   0   0   0   0   0 |     GCC   1   1   1   1   1   1 |     GAC   0   0   0   0   0   0 |     GGC   0   1   0   1   1   1
    GTA   0   0   0   0   0   0 |     GCA   0   0   0   0   0   0 | Glu GAA   2   1   1   1   1   1 |     GGA   1   1   1   1   2   1
    GTG   0   0   0   0   0   0 |     GCG   0   0   0   0   0   0 |     GAG   1   2   2   2   2   2 |     GGG   1   1   1   1   0   1
--------------------------------------------------------------------------------------------------------------------------------------

--------------------------------------------------------------------------------------------------------------------------------------
Phe TTT   0   0   0   0   0   0 | Ser TCT   0   0   0   0   0   0 | Tyr TAT   0   0   0   0   0   0 | Cys TGT   0   0   0   0   0   0
    TTC   0   0   0   0   0   0 |     TCC   0   0   0   0   0   0 |     TAC   0   0   0   0   0   0 |     TGC   0   0   0   0   0   0
Leu TTA   0   0   0   0   0   0 |     TCA   0   0   0   0   0   0 | *** TAA   0   0   0   0   0   0 | *** TGA   0   0   0   0   0   0
    TTG   0   0   0   0   0   0 |     TCG   0   0   0   0   0   0 |     TAG   0   0   0   0   0   0 | Trp TGG   0   0   0   0   0   0
--------------------------------------------------------------------------------------------------------------------------------------
Leu CTT   0   0   0   0   0   0 | Pro CCT   1   1   1   1   1   0 | His CAT   0   1   0   0   0   0 | Arg CGT   0   0   0   0   0   0
    CTC   0   0   0   0   0   0 |     CCC   0   0   0   0   0   1 |     CAC   1   0   1   1   1   1 |     CGC   0   0   0   0   0   0
    CTA   0   0   0   0   0   0 |     CCA   0   0   0   0   0   0 | Gln CAA   0   0   0   0   0   0 |     CGA   0   0   0   0   0   0
    CTG   1   1   1   1   1   1 |     CCG   0   0   0   0   0   0 |     CAG   1   1   1   1   1   1 |     CGG   0   0   0   0   0   0
--------------------------------------------------------------------------------------------------------------------------------------
Ile ATT   1   1   1   1   1   0 | Thr ACT   0   0   0   0   0   0 | Asn AAT   0   0   0   0   0   0 | Ser AGT   0   0   0   0   0   0
    ATC   0   0   0   0   0   1 |     ACC   1   2   1   1   1   2 |     AAC   0   0   0   0   0   0 |     AGC   0   0   0   1   0   0
    ATA   0   0   0   0   0   0 |     ACA   0   0   0   0   0   0 | Lys AAA   0   0   0   0   0   0 | Arg AGA   0   0   0   0   0   0
Met ATG   0   0   0   0   0   0 |     ACG   0   0   0   0   0   0 |     AAG   0   0   0   0   0   0 |     AGG   0   0   0   0   0   0
--------------------------------------------------------------------------------------------------------------------------------------
Val GTT   0   0   0   0   0   0 | Ala GCT   2   2   2   2   2   1 | Asp GAT   0   0   0   0   0   1 | Gly GGT   1   1   1   0   0   1
    GTC   0   0   0   0   0   0 |     GCC   1   0   1   1   1   1 |     GAC   0   0   0   0   0   0 |     GGC   1   1   1   1   2   0
    GTA   0   0   0   0   0   0 |     GCA   0   0   0   0   0   0 | Glu GAA   1   1   1   1   1   1 |     GGA   1   1   1   1   1   0
    GTG   0   0   0   0   0   0 |     GCG   0   0   0   0   0   0 |     GAG   2   2   2   2   2   3 |     GGG   1   1   1   1   1   1
--------------------------------------------------------------------------------------------------------------------------------------

--------------------------------------------------------------------------------------------------------------------------------------
Phe TTT   0   0   0   0   0   0 | Ser TCT   0   0   0   0   0   0 | Tyr TAT   0   0   0   0   0   0 | Cys TGT   0   0   0   0   0   0
    TTC   0   0   0   0   0   0 |     TCC   0   0   0   0   0   0 |     TAC   0   0   0   0   0   0 |     TGC   0   0   0   0   0   0
Leu TTA   0   0   0   0   0   0 |     TCA   0   0   0   0   0   0 | *** TAA   0   0   0   0   0   0 | *** TGA   0   0   0   0   0   0
    TTG   0   0   0   0   0   0 |     TCG   0   0   0   0   0   0 |     TAG   0   0   0   0   0   0 | Trp TGG   0   0   0   0   0   0
--------------------------------------------------------------------------------------------------------------------------------------
Leu CTT   0   0   0   0   0   0 | Pro CCT   0   0   0   0   1   1 | His CAT   0   0   0   0   1   1 | Arg CGT   0   0   0   0   0   0
    CTC   0   0   1   0   0   0 |     CCC   1   0   1   1   0   0 |     CAC   1   1   0   1   0   0 |     CGC   0   0   0   0   0   0
    CTA   0   0   0   0   0   0 |     CCA   0   0   0   0   0   0 | Gln CAA   0   0   0   0   0   0 |     CGA   0   0   0   0   0   0
    CTG   2   0   1   1   1   1 |     CCG   0   1   0   0   0   0 |     CAG   0   1   1   1   1   1 |     CGG   0   1   0   0   0   0
--------------------------------------------------------------------------------------------------------------------------------------
Ile ATT   0   1   0   0   1   1 | Thr ACT   0   0   0   0   0   0 | Asn AAT   0   0   0   0   0   0 | Ser AGT   0   0   0   0   0   0
    ATC   1   0   1   1   0   0 |     ACC   2   1   2   2   2   1 |     AAC   0   0   0   0   0   0 |     AGC   0   0   0   0   0   0
    ATA   0   0   0   0   0   0 |     ACA   0   0   0   0   0   0 | Lys AAA   0   0   0   0   0   0 | Arg AGA   0   0   0   0   0   0
Met ATG   0   0   0   0   0   0 |     ACG   0   0   0   0   0   0 |     AAG   0   0   0   0   0   0 |     AGG   0   0   0   0   0   0
--------------------------------------------------------------------------------------------------------------------------------------
Val GTT   0   0   0   0   0   0 | Ala GCT   0   3   1   1   2   2 | Asp GAT   1   0   1   1   0   0 | Gly GGT   1   2   1   1   1   1
    GTC   0   0   0   0   0   0 |     GCC   1   0   1   1   0   1 |     GAC   0   0   0   0   0   0 |     GGC   1   0   0   0   1   1
    GTA   0   0   0   0   0   0 |     GCA   0   0   0   0   0   0 | Glu GAA   1   2   1   1   1   1 |     GGA   1   1   1   0   1   1
    GTG   0   0   0   0   0   0 |     GCG   0   0   0   0   0   0 |     GAG   3   1   2   2   2   2 |     GGG   0   1   1   2   1   1
--------------------------------------------------------------------------------------------------------------------------------------

--------------------------------------------------------------------------------------------------------------------------------------
Phe TTT   0   0   0   0   0   0 | Ser TCT   0   0   0   0   0   0 | Tyr TAT   0   0   0   0   0   0 | Cys TGT   0   0   0   0   0   0
    TTC   0   0   0   0   0   0 |     TCC   0   0   0   0   0   0 |     TAC   0   0   0   0   0   0 |     TGC   0   0   0   0   0   0
Leu TTA   0   0   0   0   0   0 |     TCA   0   0   0   0   0   0 | *** TAA   0   0   0   0   0   0 | *** TGA   0   0   0   0   0   0
    TTG   0   0   0   0   0   0 |     TCG   0   0   0   0   0   0 |     TAG   0   0   0   0   0   0 | Trp TGG   0   0   0   0   0   0
--------------------------------------------------------------------------------------------------------------------------------------
Leu CTT   0   0   0   0   0   0 | Pro CCT   2   1   1   1   1   1 | His CAT   0   0   1   0   1   1 | Arg CGT   0   0   0   0   0   0
    CTC   0   0   0   0   0   0 |     CCC   0   0   0   0   0   0 |     CAC   1   1   0   1   0   0 |     CGC   0   0   0   0   0   0
    CTA   0   0   0   0   0   0 |     CCA   0   0   0   0   0   0 | Gln CAA   0   0   0   0   0   0 |     CGA   0   0   0   0   0   0
    CTG   1   1   1   1   1   1 |     CCG   0   0   0   0   0   0 |     CAG   1   1   1   1   1   1 |     CGG   0   0   0   0   0   0
--------------------------------------------------------------------------------------------------------------------------------------
Ile ATT   1   1   1   1   1   1 | Thr ACT   0   0   0   0   0   0 | Asn AAT   0   0   0   0   0   0 | Ser AGT   0   0   0   1   0   0
    ATC   0   0   0   0   0   0 |     ACC   1   1   1   2   2   2 |     AAC   0   0   0   0   0   0 |     AGC   0   0   0   0   0   0
    ATA   0   0   0   0   0   0 |     ACA   0   0   0   0   0   0 | Lys AAA   0   0   0   0   0   0 | Arg AGA   0   0   0   0   0   0
Met ATG   0   0   0   0   0   0 |     ACG   0   0   0   0   0   0 |     AAG   0   0   0   0   0   0 |     AGG   0   0   0   0   0   0
--------------------------------------------------------------------------------------------------------------------------------------
Val GTT   0   0   0   1   0   0 | Ala GCT   1   2   2   1   2   2 | Asp GAT   0   0   0   0   0   0 | Gly GGT   1   1   1   1   1   1
    GTC   0   0   0   0   0   0 |     GCC   1   1   1   0   0   0 |     GAC   0   0   0   0   0   0 |     GGC   1   1   1   0   1   1
    GTA   0   0   0   0   0   0 |     GCA   0   0   0   0   0   0 | Glu GAA   1   1   1   1   1   1 |     GGA   1   1   1   1   1   1
    GTG   0   0   0   0   0   0 |     GCG   0   0   0   0   0   0 |     GAG   2   2   2   2   2   2 |     GGG   1   1   1   1   1   1
--------------------------------------------------------------------------------------------------------------------------------------

Codon position x base (3x4) table for each sequence.

#1: Argali         
position  1:    T:0.00000    C:0.25000    A:0.12500    G:0.62500
position  2:    T:0.12500    C:0.31250    A:0.31250    G:0.25000
position  3:    T:0.25000    C:0.31250    A:0.12500    G:0.31250
Average         T:0.12500    C:0.29167    A:0.18750    G:0.39583

#2: LesserMouseDeer
position  1:    T:0.00000    C:0.31250    A:0.06250    G:0.62500
position  2:    T:0.18750    C:0.31250    A:0.43750    G:0.06250
position  3:    T:0.31250    C:0.18750    A:0.18750    G:0.31250
Average         T:0.16667    C:0.27083    A:0.22917    G:0.33333

#3: LesserKudu     
position  1:    T:0.00000    C:0.25000    A:0.12500    G:0.62500
position  2:    T:0.18750    C:0.25000    A:0.31250    G:0.25000
position  3:    T:0.43750    C:0.12500    A:0.12500    G:0.31250
Average         T:0.20833    C:0.20833    A:0.18750    G:0.39583

#4: ForestMuskDeer2
position  1:    T:0.00000    C:0.25000    A:0.25000    G:0.50000
position  2:    T:0.18750    C:0.25000    A:0.31250    G:0.25000
position  3:    T:0.37500    C:0.18750    A:0.12500    G:0.31250
Average         T:0.18750    C:0.22917    A:0.22917    G:0.35417

#5: Camel          
position  1:    T:0.00000    C:0.25000    A:0.18750    G:0.56250
position  2:    T:0.18750    C:0.25000    A:0.37500    G:0.18750
position  3:    T:0.37500    C:0.12500    A:0.25000    G:0.25000
Average         T:0.18750    C:0.20833    A:0.27083    G:0.33333

#6: KillerWhale    
position  1:    T:0.00000    C:0.31250    A:0.12500    G:0.56250
position  2:    T:0.12500    C:0.31250    A:0.37500    G:0.18750
position  3:    T:0.31250    C:0.18750    A:0.25000    G:0.25000
Average         T:0.14583    C:0.27083    A:0.25000    G:0.33333

#7: DefassaWaterbuck
position  1:    T:0.00000    C:0.25000    A:0.18750    G:0.56250
position  2:    T:0.12500    C:0.31250    A:0.31250    G:0.25000
position  3:    T:0.31250    C:0.25000    A:0.12500    G:0.31250
Average         T:0.14583    C:0.27083    A:0.20833    G:0.37500

#8: Sheep          
position  1:    T:0.00000    C:0.25000    A:0.12500    G:0.62500
position  2:    T:0.12500    C:0.31250    A:0.31250    G:0.25000
position  3:    T:0.25000    C:0.31250    A:0.12500    G:0.31250
Average         T:0.12500    C:0.29167    A:0.18750    G:0.39583

#9: MaxwellsDuiker 
position  1:    T:0.00000    C:0.25000    A:0.12500    G:0.62500
position  2:    T:0.12500    C:0.31250    A:0.31250    G:0.25000
position  3:    T:0.37500    C:0.18750    A:0.12500    G:0.31250
Average         T:0.16667    C:0.25000    A:0.18750    G:0.39583

#10: GazellaPrzewalskyi
position  1:    T:0.00000    C:0.25000    A:0.12500    G:0.62500
position  2:    T:0.12500    C:0.31250    A:0.31250    G:0.25000
position  3:    T:0.31250    C:0.25000    A:0.12500    G:0.31250
Average         T:0.14583    C:0.27083    A:0.18750    G:0.39583

#11: MountainNyala  
position  1:    T:0.00000    C:0.25000    A:0.12500    G:0.62500
position  2:    T:0.12500    C:0.31250    A:0.31250    G:0.25000
position  3:    T:0.37500    C:0.18750    A:0.12500    G:0.31250
Average         T:0.16667    C:0.25000    A:0.18750    G:0.39583

#12: MuntiacusMuntjak
position  1:    T:0.00000    C:0.25000    A:0.18750    G:0.56250
position  2:    T:0.18750    C:0.31250    A:0.31250    G:0.18750
position  3:    T:0.18750    C:0.37500    A:0.12500    G:0.31250
Average         T:0.12500    C:0.31250    A:0.20833    G:0.35417

#13: goat           
position  1:    T:0.00000    C:0.25000    A:0.12500    G:0.62500
position  2:    T:0.12500    C:0.31250    A:0.31250    G:0.25000
position  3:    T:0.31250    C:0.25000    A:0.12500    G:0.31250
Average         T:0.14583    C:0.27083    A:0.18750    G:0.39583

#14: AfricanBuffalo 
position  1:    T:0.00000    C:0.25000    A:0.12500    G:0.62500
position  2:    T:0.12500    C:0.31250    A:0.31250    G:0.25000
position  3:    T:0.37500    C:0.18750    A:0.12500    G:0.31250
Average         T:0.16667    C:0.25000    A:0.18750    G:0.39583

#15: Topi           
position  1:    T:0.00000    C:0.25000    A:0.12500    G:0.62500
position  2:    T:0.12500    C:0.31250    A:0.31250    G:0.25000
position  3:    T:0.31250    C:0.18750    A:0.12500    G:0.37500
Average         T:0.14583    C:0.25000    A:0.18750    G:0.41667

#16: CommonDuiker   
position  1:    T:0.00000    C:0.25000    A:0.12500    G:0.62500
position  2:    T:0.12500    C:0.31250    A:0.31250    G:0.25000
position  3:    T:0.31250    C:0.25000    A:0.06250    G:0.37500
Average         T:0.14583    C:0.27083    A:0.16667    G:0.41667

#17: Suni           
position  1:    T:0.00000    C:0.25000    A:0.12500    G:0.62500
position  2:    T:0.12500    C:0.31250    A:0.31250    G:0.25000
position  3:    T:0.31250    C:0.25000    A:0.12500    G:0.31250
Average         T:0.14583    C:0.27083    A:0.18750    G:0.39583

#18: Springbuck     
position  1:    T:0.00000    C:0.25000    A:0.12500    G:0.62500
position  2:    T:0.06250    C:0.31250    A:0.31250    G:0.31250
position  3:    T:0.31250    C:0.18750    A:0.18750    G:0.31250
Average         T:0.12500    C:0.25000    A:0.20833    G:0.41667

#19: Okapi          
position  1:    T:0.00000    C:0.31250    A:0.12500    G:0.56250
position  2:    T:0.12500    C:0.31250    A:0.37500    G:0.18750
position  3:    T:0.25000    C:0.25000    A:0.18750    G:0.31250
Average         T:0.12500    C:0.29167    A:0.22917    G:0.35417

#20: Giraffe        
position  1:    T:0.00000    C:0.31250    A:0.12500    G:0.56250
position  2:    T:0.12500    C:0.31250    A:0.31250    G:0.25000
position  3:    T:0.31250    C:0.18750    A:0.18750    G:0.31250
Average         T:0.14583    C:0.27083    A:0.20833    G:0.37500

#21: TibetanAntelope
position  1:    T:0.00000    C:0.25000    A:0.18750    G:0.56250
position  2:    T:0.12500    C:0.31250    A:0.31250    G:0.25000
position  3:    T:0.31250    C:0.25000    A:0.12500    G:0.31250
Average         T:0.14583    C:0.27083    A:0.20833    G:0.37500

#22: Sitatunga      
position  1:    T:0.00000    C:0.25000    A:0.12500    G:0.62500
position  2:    T:0.12500    C:0.31250    A:0.31250    G:0.25000
position  3:    T:0.37500    C:0.18750    A:0.12500    G:0.31250
Average         T:0.16667    C:0.25000    A:0.18750    G:0.39583

#23: Oribi          
position  1:    T:0.00000    C:0.25000    A:0.12500    G:0.62500
position  2:    T:0.06250    C:0.31250    A:0.31250    G:0.31250
position  3:    T:0.31250    C:0.25000    A:0.12500    G:0.31250
Average         T:0.12500    C:0.27083    A:0.18750    G:0.41667

#24: BarbarySheep   
position  1:    T:0.00000    C:0.25000    A:0.12500    G:0.62500
position  2:    T:0.12500    C:0.31250    A:0.31250    G:0.25000
position  3:    T:0.31250    C:0.25000    A:0.12500    G:0.31250
Average         T:0.14583    C:0.27083    A:0.18750    G:0.39583

#25: Daviddeer      
position  1:    T:0.00000    C:0.25000    A:0.25000    G:0.50000
position  2:    T:0.18750    C:0.25000    A:0.37500    G:0.18750
position  3:    T:0.12500    C:0.43750    A:0.12500    G:0.31250
Average         T:0.10417    C:0.31250    A:0.25000    G:0.33333

#26: Reindeer       
position  1:    T:0.00000    C:0.25000    A:0.18750    G:0.56250
position  2:    T:0.12500    C:0.31250    A:0.37500    G:0.18750
position  3:    T:0.18750    C:0.37500    A:0.06250    G:0.37500
Average         T:0.10417    C:0.31250    A:0.20833    G:0.37500

#27: Ibex           
position  1:    T:0.00000    C:0.25000    A:0.12500    G:0.62500
position  2:    T:0.12500    C:0.31250    A:0.31250    G:0.25000
position  3:    T:0.31250    C:0.25000    A:0.12500    G:0.31250
Average         T:0.14583    C:0.27083    A:0.18750    G:0.39583

#28: GyrantGazelle  
position  1:    T:0.00000    C:0.25000    A:0.12500    G:0.62500
position  2:    T:0.06250    C:0.31250    A:0.31250    G:0.31250
position  3:    T:0.37500    C:0.12500    A:0.18750    G:0.31250
Average         T:0.14583    C:0.22917    A:0.20833    G:0.41667

#29: Hartebeest     
position  1:    T:0.00000    C:0.25000    A:0.12500    G:0.62500
position  2:    T:0.12500    C:0.31250    A:0.31250    G:0.25000
position  3:    T:0.31250    C:0.18750    A:0.12500    G:0.37500
Average         T:0.14583    C:0.25000    A:0.18750    G:0.41667

#30: Bongo          
position  1:    T:0.00000    C:0.25000    A:0.12500    G:0.62500
position  2:    T:0.12500    C:0.31250    A:0.31250    G:0.25000
position  3:    T:0.37500    C:0.18750    A:0.12500    G:0.31250
Average         T:0.16667    C:0.25000    A:0.18750    G:0.39583

#31: Gerenuk        
position  1:    T:0.00000    C:0.25000    A:0.12500    G:0.62500
position  2:    T:0.06250    C:0.31250    A:0.31250    G:0.31250
position  3:    T:0.31250    C:0.18750    A:0.18750    G:0.31250
Average         T:0.12500    C:0.25000    A:0.20833    G:0.41667

#32: CommonEland    
position  1:    T:0.00000    C:0.25000    A:0.12500    G:0.62500
position  2:    T:0.12500    C:0.31250    A:0.31250    G:0.25000
position  3:    T:0.37500    C:0.18750    A:0.12500    G:0.31250
Average         T:0.16667    C:0.25000    A:0.18750    G:0.39583

#33: MuntiacusReevesi
position  1:    T:0.00000    C:0.25000    A:0.18750    G:0.56250
position  2:    T:0.18750    C:0.31250    A:0.31250    G:0.18750
position  3:    T:0.18750    C:0.37500    A:0.12500    G:0.31250
Average         T:0.12500    C:0.31250    A:0.20833    G:0.35417

#34: HarveysDuiker  
position  1:    T:0.00000    C:0.25000    A:0.12500    G:0.62500
position  2:    T:0.12500    C:0.31250    A:0.31250    G:0.25000
position  3:    T:0.37500    C:0.18750    A:0.12500    G:0.31250
Average         T:0.16667    C:0.25000    A:0.18750    G:0.39583

#35: Pronghorn      
position  1:    T:0.00000    C:0.31250    A:0.18750    G:0.50000
position  2:    T:0.18750    C:0.25000    A:0.31250    G:0.25000
position  3:    T:0.31250    C:0.25000    A:0.18750    G:0.25000
Average         T:0.16667    C:0.27083    A:0.22917    G:0.33333

#36: BlueWildebeest 
position  1:    T:0.00000    C:0.25000    A:0.12500    G:0.62500
position  2:    T:0.12500    C:0.31250    A:0.31250    G:0.25000
position  3:    T:0.31250    C:0.18750    A:0.12500    G:0.37500
Average         T:0.14583    C:0.25000    A:0.18750    G:0.41667

#37: Gemsbok        
position  1:    T:0.00000    C:0.25000    A:0.12500    G:0.62500
position  2:    T:0.12500    C:0.31250    A:0.31250    G:0.25000
position  3:    T:0.31250    C:0.25000    A:0.12500    G:0.31250
Average         T:0.14583    C:0.27083    A:0.18750    G:0.39583

#38: Yak            
position  1:    T:0.00000    C:0.25000    A:0.18750    G:0.56250
position  2:    T:0.12500    C:0.31250    A:0.31250    G:0.25000
position  3:    T:0.37500    C:0.18750    A:0.12500    G:0.31250
Average         T:0.16667    C:0.25000    A:0.20833    G:0.37500

#39: BlueSheep      
position  1:    T:0.00000    C:0.25000    A:0.12500    G:0.62500
position  2:    T:0.12500    C:0.31250    A:0.31250    G:0.25000
position  3:    T:0.31250    C:0.25000    A:0.12500    G:0.31250
Average         T:0.14583    C:0.27083    A:0.18750    G:0.39583

#40: BohorReedbuck  
position  1:    T:0.00000    C:0.25000    A:0.18750    G:0.56250
position  2:    T:0.12500    C:0.31250    A:0.31250    G:0.25000
position  3:    T:0.25000    C:0.31250    A:0.12500    G:0.31250
Average         T:0.12500    C:0.29167    A:0.20833    G:0.37500

#41: KirksDik       
position  1:    T:0.00000    C:0.25000    A:0.12500    G:0.62500
position  2:    T:0.12500    C:0.31250    A:0.31250    G:0.25000
position  3:    T:0.25000    C:0.31250    A:0.12500    G:0.31250
Average         T:0.12500    C:0.29167    A:0.18750    G:0.39583

#42: RoeDeer        
position  1:    T:0.00000    C:0.25000    A:0.18750    G:0.56250
position  2:    T:0.12500    C:0.31250    A:0.43750    G:0.12500
position  3:    T:0.18750    C:0.37500    A:0.06250    G:0.37500
Average         T:0.10417    C:0.31250    A:0.22917    G:0.35417

#43: WhiteLippedDeer
position  1:    T:0.00000    C:0.25000    A:0.18750    G:0.56250
position  2:    T:0.18750    C:0.25000    A:0.37500    G:0.18750
position  3:    T:0.12500    C:0.43750    A:0.12500    G:0.31250
Average         T:0.10417    C:0.31250    A:0.22917    G:0.35417

#44: ThomsonGazelle 
position  1:    T:0.00000    C:0.25000    A:0.12500    G:0.62500
position  2:    T:0.06250    C:0.31250    A:0.31250    G:0.31250
position  3:    T:0.37500    C:0.12500    A:0.18750    G:0.31250
Average         T:0.14583    C:0.22917    A:0.20833    G:0.41667

#45: MuntiacusCrinifrons
position  1:    T:0.00000    C:0.25000    A:0.18750    G:0.56250
position  2:    T:0.18750    C:0.31250    A:0.31250    G:0.18750
position  3:    T:0.18750    C:0.37500    A:0.12500    G:0.31250
Average         T:0.12500    C:0.31250    A:0.20833    G:0.35417

#46: WhiteTailedDeer
position  1:    T:0.00000    C:0.25000    A:0.18750    G:0.56250
position  2:    T:0.12500    C:0.31250    A:0.37500    G:0.18750
position  3:    T:0.18750    C:0.37500    A:0.06250    G:0.37500
Average         T:0.10417    C:0.31250    A:0.20833    G:0.37500

#47: Cattle         
position  1:    T:0.00000    C:0.25000    A:0.18750    G:0.56250
position  2:    T:0.12500    C:0.31250    A:0.31250    G:0.25000
position  3:    T:0.37500    C:0.18750    A:0.12500    G:0.31250
Average         T:0.16667    C:0.25000    A:0.20833    G:0.37500

#48: RoyalAntelope  
position  1:    T:0.00000    C:0.25000    A:0.12500    G:0.62500
position  2:    T:0.12500    C:0.31250    A:0.31250    G:0.25000
position  3:    T:0.37500    C:0.18750    A:0.12500    G:0.31250
Average         T:0.16667    C:0.25000    A:0.18750    G:0.39583

#49: Steenbok       
position  1:    T:0.00000    C:0.31250    A:0.12500    G:0.56250
position  2:    T:0.12500    C:0.31250    A:0.31250    G:0.25000
position  3:    T:0.31250    C:0.25000    A:0.12500    G:0.31250
Average         T:0.14583    C:0.29167    A:0.18750    G:0.37500

#50: Impala         
position  1:    T:0.00000    C:0.25000    A:0.12500    G:0.62500
position  2:    T:0.12500    C:0.31250    A:0.31250    G:0.25000
position  3:    T:0.31250    C:0.25000    A:0.12500    G:0.31250
Average         T:0.14583    C:0.27083    A:0.18750    G:0.39583

#51: Klipspringer   
position  1:    T:0.00000    C:0.25000    A:0.12500    G:0.62500
position  2:    T:0.12500    C:0.31250    A:0.31250    G:0.25000
