CODONML (in paml version 4.10.7, June 2023)  /home/rachel/ruminants_paml/6406-phy-tree/ENSBTAT00000002327.fasta.phy
Model: free dN/dS Ratios for branches,  kappa = 2.000 fixed

Codon frequency model: F3x4
ns =  54  ls =  44

Codon usage in sequences
--------------------------------------------------------------------------------------------------------------------------------------
Phe TTT   2   1   2   2   1   1 | Ser TCT   0   0   0   1   0   0 | Tyr TAT   0   0   0   0   1   1 | Cys TGT   1   1   1   1   1   1
    TTC   0   1   0   0   1   1 |     TCC   2   2   2   1   2   2 |     TAC   3   3   3   3   2   2 |     TGC   0   0   0   0   0   0
Leu TTA   0   0   0   0   0   0 |     TCA   0   0   0   0   0   0 | *** TAA   0   0   0   0   0   0 | *** TGA   0   0   0   0   0   0
    TTG   1   1   1   1   1   1 |     TCG   0   0   0   0   0   0 |     TAG   0   0   0   0   0   0 | Trp TGG   0   0   0   0   0   0
--------------------------------------------------------------------------------------------------------------------------------------
Leu CTT   1   1   1   1   1   1 | Pro CCT   1   1   1   1   1   1 | His CAT   0   0   0   0   1   1 | Arg CGT   1   0   1   1   0   0
    CTC   1   1   1   1   1   1 |     CCC   1   1   1   1   1   1 |     CAC   0   0   0   0   0   0 |     CGC   1   2   2   2   1   2
    CTA   0   0   0   0   0   0 |     CCA   1   2   2   1   2   1 | Gln CAA   0   0   0   0   0   0 |     CGA   1   1   0   0   1   0
    CTG   1   1   1   1   1   1 |     CCG   1   0   0   1   0   1 |     CAG   0   0   0   0   0   0 |     CGG   0   0   0   0   0   0
--------------------------------------------------------------------------------------------------------------------------------------
Ile ATT   0   2   0   0   0   1 | Thr ACT   1   1   1   1   0   1 | Asn AAT   0   0   0   0   0   0 | Ser AGT   0   0   0   1   0   0
    ATC   5   3   5   5   5   4 |     ACC   0   0   0   0   1   0 |     AAC   2   1   2   2   1   2 |     AGC   1   0   1   0   1   0
    ATA   0   0   0   0   0   0 |     ACA   0   0   0   0   1   0 | Lys AAA   1   1   1   1   0   1 | Arg AGA   0   0   0   0   0   0
Met ATG   0   0   0   0   0   0 |     ACG   1   1   1   1   1   1 |     AAG   0   1   0   0   1   0 |     AGG   1   0   1   1   1   1
--------------------------------------------------------------------------------------------------------------------------------------
Val GTT   0   0   0   0   0   1 | Ala GCT   1   1   1   1   1   1 | Asp GAT   0   0   0   0   0   0 | Gly GGT   0   0   0   0   0   0
    GTC   1   1   1   1   1   0 |     GCC   2   2   2   2   2   2 |     GAC   1   2   1   1   1   1 |     GGC   2   3   2   2   2   3
    GTA   0   0   0   0   0   0 |     GCA   0   0   0   0   0   0 | Glu GAA   1   0   1   1   0   0 |     GGA   2   2   2   2   2   2
    GTG   1   1   1   1   1   1 |     GCG   0   0   0   0   0   0 |     GAG   2   3   2   2   3   3 |     GGG   0   0   0   0   0   0
--------------------------------------------------------------------------------------------------------------------------------------

--------------------------------------------------------------------------------------------------------------------------------------
Phe TTT   2   2   2   2   2   2 | Ser TCT   0   0   0   0   0   0 | Tyr TAT   0   0   0   1   0   0 | Cys TGT   2   1   1   1   1   1
    TTC   0   0   0   0   0   0 |     TCC   2   2   2   2   2   2 |     TAC   3   3   3   2   3   3 |     TGC   0   0   0   0   0   0
Leu TTA   0   0   0   0   0   0 |     TCA   0   0   0   0   0   0 | *** TAA   0   0   0   0   0   0 | *** TGA   0   0   0   0   0   0
    TTG   1   1   1   1   1   1 |     TCG   0   0   0   0   0   0 |     TAG   0   0   0   0   0   0 | Trp TGG   0   0   0   0   0   0
--------------------------------------------------------------------------------------------------------------------------------------
Leu CTT   1   1   1   1   1   1 | Pro CCT   1   1   1   1   1   1 | His CAT   0   1   1   0   0   0 | Arg CGT   0   0   0   1   1   1
    CTC   1   1   1   1   1   1 |     CCC   1   1   1   1   1   1 |     CAC   0   0   0   0   0   0 |     CGC   2   1   2   2   2   2
    CTA   0   0   0   0   0   0 |     CCA   1   1   2   1   2   1 | Gln CAA   0   0   0   0   0   0 |     CGA   0   1   0   0   0   0
    CTG   1   1   1   1   1   1 |     CCG   1   1   0   1   0   1 |     CAG   0   0   0   0   0   0 |     CGG   0   0   0   0   0   0
--------------------------------------------------------------------------------------------------------------------------------------
Ile ATT   0   0   0   0   0   0 | Thr ACT   1   1   1   1   1   1 | Asn AAT   0   0   0   0   0   0 | Ser AGT   0   0   0   0   0   0
    ATC   5   5   5   5   5   5 |     ACC   0   0   0   0   0   0 |     AAC   2   2   2   2   2   2 |     AGC   1   1   1   1   1   1
    ATA   0   0   0   0   0   0 |     ACA   0   0   0   0   0   0 | Lys AAA   1   1   1   1   1   1 | Arg AGA   0   0   0   0   0   0
Met ATG   0   0   0   0   0   0 |     ACG   1   1   1   1   1   1 |     AAG   0   0   0   0   0   0 |     AGG   1   1   1   1   1   1
--------------------------------------------------------------------------------------------------------------------------------------
Val GTT   0   0   0   0   0   0 | Ala GCT   1   1   1   1   1   1 | Asp GAT   0   0   0   0   0   0 | Gly GGT   0   0   0   0   0   0
    GTC   1   1   1   1   1   1 |     GCC   2   2   2   2   2   2 |     GAC   1   1   1   1   1   1 |     GGC   2   2   2   2   2   2
    GTA   0   0   0   0   0   0 |     GCA   0   0   0   0   0   0 | Glu GAA   1   1   1   2   1   1 |     GGA   2   2   2   2   2   2
    GTG   1   1   1   1   1   1 |     GCG   0   0   0   0   0   0 |     GAG   2   2   2   1   2   2 |     GGG   0   0   0   0   0   0
--------------------------------------------------------------------------------------------------------------------------------------

--------------------------------------------------------------------------------------------------------------------------------------
Phe TTT   2   2   2   2   2   2 | Ser TCT   0   0   1   0   0   0 | Tyr TAT   0   1   0   0   0   1 | Cys TGT   0   1   1   1   1   1
    TTC   0   0   0   0   0   0 |     TCC   2   2   1   2   2   2 |     TAC   3   2   3   3   3   2 |     TGC   1   0   0   0   0   0
Leu TTA   0   0   0   0   1   0 |     TCA   0   0   0   0   0   0 | *** TAA   0   0   0   0   0   0 | *** TGA   0   0   0   0   0   0
    TTG   1   1   1   1   0   2 |     TCG   0   0   0   0   0   0 |     TAG   0   0   0   0   0   0 | Trp TGG   0   0   0   0   0   0
--------------------------------------------------------------------------------------------------------------------------------------
Leu CTT   1   1   1   1   1   1 | Pro CCT   1   1   1   2   1   1 | His CAT   0   0   0   0   0   0 | Arg CGT   1   1   1   1   1   1
    CTC   1   1   1   1   1   1 |     CCC   1   1   1   0   1   1 |     CAC   0   0   0   0   0   0 |     CGC   1   1   1   2   2   2
    CTA   0   0   0   0   0   0 |     CCA   1   1   1   1   2   1 | Gln CAA   0   0   0   0   0   0 |     CGA   1   0   1   0   0   0
    CTG   1   1   1   1   1   0 |     CCG   1   1   1   1   0   1 |     CAG   0   0   0   0   0   0 |     CGG   0   1   0   0   0   0
--------------------------------------------------------------------------------------------------------------------------------------
Ile ATT   0   0   0   0   0   0 | Thr ACT   1   1   0   1   1   1 | Asn AAT   0   0   0   0   0   0 | Ser AGT   0   0   0   0   0   0
    ATC   5   4   5   5   6   5 |     ACC   0   0   1   0   0   0 |     AAC   2   2   2   2   2   2 |     AGC   1   1   1   1   1   1
    ATA   0   1   0   0   0   0 |     ACA   0   0   0   0   0   0 | Lys AAA   1   1   1   1   1   1 | Arg AGA   0   0   0   0   0   0
Met ATG   0   0   0   0   0   0 |     ACG   1   1   1   1   1   1 |     AAG   0   0   0   0   0   0 |     AGG   1   1   1   1   1   1
--------------------------------------------------------------------------------------------------------------------------------------
Val GTT   0   0   0   0   0   0 | Ala GCT   1   1   1   1   1   1 | Asp GAT   0   0   0   0   0   0 | Gly GGT   0   0   0   0   0   0
    GTC   1   1   1   1   0   1 |     GCC   2   2   2   2   2   2 |     GAC   1   1   1   1   1   1 |     GGC   2   2   2   2   2   2
    GTA   0   0   0   0   0   0 |     GCA   0   0   0   0   0   0 | Glu GAA   1   1   1   1   1   1 |     GGA   2   2   2   2   2   2
    GTG   1   1   1   1   1   1 |     GCG   0   0   0   0   0   0 |     GAG   2   2   2   2   2   2 |     GGG   0   0   0   0   0   0
--------------------------------------------------------------------------------------------------------------------------------------

--------------------------------------------------------------------------------------------------------------------------------------
Phe TTT   1   1   2   2   2   2 | Ser TCT   0   0   0   0   0   0 | Tyr TAT   0   0   0   0   0   0 | Cys TGT   1   1   0   1   1   1
    TTC   1   1   0   0   0   0 |     TCC   2   2   2   2   2   2 |     TAC   3   3   3   3   3   3 |     TGC   0   0   1   0   0   0
Leu TTA   0   0   0   0   0   0 |     TCA   0   0   0   0   0   0 | *** TAA   0   0   0   0   0   0 | *** TGA   0   0   0   0   0   0
    TTG   1   1   0   1   1   1 |     TCG   0   0   0   0   0   0 |     TAG   0   0   0   0   0   0 | Trp TGG   0   0   0   0   0   0
--------------------------------------------------------------------------------------------------------------------------------------
Leu CTT   1   1   1   1   1   1 | Pro CCT   1   1   1   2   1   1 | His CAT   0   0   0   0   0   0 | Arg CGT   1   1   1   1   1   0
    CTC   1   1   1   1   1   1 |     CCC   1   1   1   1   1   1 |     CAC   0   0   0   0   0   0 |     CGC   2   2   1   2   2   2
    CTA   0   0   0   0   0   0 |     CCA   1   1   1   1   1   1 | Gln CAA   0   0   0   0   0   0 |     CGA   0   0   1   0   0   1
    CTG   1   1   2   1   1   1 |     CCG   1   1   1   0   1   1 |     CAG   0   0   0   0   0   0 |     CGG   0   0   0   0   0   0
--------------------------------------------------------------------------------------------------------------------------------------
Ile ATT   0   0   0   0   0   0 | Thr ACT   1   1   1   1   1   1 | Asn AAT   0   0   0   0   0   0 | Ser AGT   0   0   0   0   0   0
    ATC   5   5   5   5   5   5 |     ACC   0   0   0   0   0   0 |     AAC   2   2   2   2   2   2 |     AGC   1   1   1   1   1   1
    ATA   0   0   0   0   0   0 |     ACA   0   0   0   0   0   0 | Lys AAA   1   1   1   1   1   1 | Arg AGA   0   0   0   0   0   0
Met ATG   0   0   0   0   0   0 |     ACG   1   1   1   1   1   1 |     AAG   0   0   0   0   0   0 |     AGG   1   1   1   1   1   1
--------------------------------------------------------------------------------------------------------------------------------------
Val GTT   0   0   0   0   0   0 | Ala GCT   1   1   1   1   1   1 | Asp GAT   0   0   0   0   0   0 | Gly GGT   0   0   0   0   0   0
    GTC   1   1   1   1   1   1 |     GCC   2   2   2   2   2   2 |     GAC   1   1   1   1   1   1 |     GGC   2   2   2   2   2   2
    GTA   0   0   0   0   0   0 |     GCA   0   0   0   0   0   0 | Glu GAA   1   1   1   1   1   1 |     GGA   2   2   2   2   2   2
    GTG   1   1   1   1   1   1 |     GCG   0   0   0   0   0   0 |     GAG   2   2   2   2   2   2 |     GGG   0   0   0   0   0   0
--------------------------------------------------------------------------------------------------------------------------------------

--------------------------------------------------------------------------------------------------------------------------------------
Phe TTT   2   1   2   2   2   2 | Ser TCT   0   0   0   0   1   0 | Tyr TAT   1   0   0   2   0   0 | Cys TGT   1   1   0   1   1   1
    TTC   0   1   0   0   0   0 |     TCC   2   2   2   2   1   2 |     TAC   2   3   3   1   3   3 |     TGC   0   0   1   0   0   0
Leu TTA   0   0   0   0   0   0 |     TCA   0   0   0   0   0   0 | *** TAA   0   0   0   0   0   0 | *** TGA   0   0   0   0   0   0
    TTG   1   1   1   1   1   1 |     TCG   0   0   0   0   0   0 |     TAG   0   0   0   0   0   0 | Trp TGG   0   0   0   0   0   0
--------------------------------------------------------------------------------------------------------------------------------------
Leu CTT   1   1   1   1   1   1 | Pro CCT   1   1   1   1   1   2 | His CAT   0   0   0   0   0   0 | Arg CGT   1   1   1   1   1   1
    CTC   1   1   1   1   1   1 |     CCC   1   1   1   1   1   1 |     CAC   0   0   0   0   0   0 |     CGC   2   2   1   2   1   2
    CTA   0   0   0   0   0   0 |     CCA   1   1   1   1   1   1 | Gln CAA   0   0   0   0   0   0 |     CGA   0   0   1   0   1   0
    CTG   1   1   1   1   1   1 |     CCG   1   1   1   1   1   0 |     CAG   0   0   0   0   0   0 |     CGG   0   0   0   0   0   0
--------------------------------------------------------------------------------------------------------------------------------------
Ile ATT   0   0   0   0   0   0 | Thr ACT   1   1   1   1   0   1 | Asn AAT   0   0   0   0   0   0 | Ser AGT   0   0   0   0   0   0
    ATC   5   5   5   5   5   5 |     ACC   0   1   0   0   1   0 |     AAC   2   2   2   2   2   2 |     AGC   1   1   1   1   1   1
    ATA   0   0   0   0   0   0 |     ACA   0   0   0   0   0   0 | Lys AAA   1   1   1   1   1   1 | Arg AGA   0   0   0   0   0   0
Met ATG   0   0   0   0   0   0 |     ACG   1   0   1   1   1   1 |     AAG   0   0   0   0   0   0 |     AGG   1   1   1   1   1   1
--------------------------------------------------------------------------------------------------------------------------------------
Val GTT   0   0   0   0   0   0 | Ala GCT   1   1   1   1   1   1 | Asp GAT   0   0   0   0   0   0 | Gly GGT   0   0   0   0   0   0
    GTC   1   1   1   1   1   1 |     GCC   2   2   2   2   2   2 |     GAC   1   1   1   1   1   1 |     GGC   2   2   2   2   2   2
    GTA   0   0   0   0   0   0 |     GCA   0   0   0   0   0   0 | Glu GAA   1   1   1   1   1   1 |     GGA   2   2   2   2   2   2
    GTG   1   1   1   1   1   1 |     GCG   0   0   0   0   0   0 |     GAG   2   2   2   2   2   2 |     GGG   0   0   0   0   0   0
--------------------------------------------------------------------------------------------------------------------------------------

--------------------------------------------------------------------------------------------------------------------------------------
Phe TTT   2   2   2   2   2   2 | Ser TCT   0   0   0   0   0   1 | Tyr TAT   1   0   0   0   0   0 | Cys TGT   1   1   1   1   1   1
    TTC   0   0   0   0   0   0 |     TCC   2   2   2   2   2   1 |     TAC   2   3   3   3   3   3 |     TGC   0   0   0   0   0   0
Leu TTA   0   0   0   0   0   0 |     TCA   0   0   0   0   0   0 | *** TAA   0   0   0   0   0   0 | *** TGA   0   0   0   0   0   0
    TTG   1   1   1   1   1   1 |     TCG   0   0   0   0   0   0 |     TAG   0   0   0   0   0   0 | Trp TGG   0   0   0   0   0   0
--------------------------------------------------------------------------------------------------------------------------------------
Leu CTT   1   1   1   1   1   1 | Pro CCT   1   1   1   1   1   1 | His CAT   0   0   0   0   0   0 | Arg CGT   1   1   1   1   1   1
    CTC   1   1   1   1   1   1 |     CCC   1   1   1   1   1   1 |     CAC   0   0   0   0   0   0 |     CGC   2   2   2   2   2   1
    CTA   0   0   0   0   0   0 |     CCA   1   2   1   1   1   1 | Gln CAA   0   0   0   0   0   0 |     CGA   0   0   0   0   0   1
    CTG   1   1   1   1   1   1 |     CCG   1   0   1   1   1   1 |     CAG   0   0   0   0   0   0 |     CGG   0   0   0   0   0   0
--------------------------------------------------------------------------------------------------------------------------------------
Ile ATT   0   0   0   0   0   0 | Thr ACT   1   1   1   1   1   0 | Asn AAT   0   0   0   0   0   0 | Ser AGT   0   0   0   0   0   0
    ATC   5   5   5   5   5   5 |     ACC   0   0   0   0   0   1 |     AAC   2   2   2   2   2   2 |     AGC   1   1   1   1   1   1
    ATA   0   0   0   0   0   0 |     ACA   0   0   0   0   0   0 | Lys AAA   1   1   1   1   0   1 | Arg AGA   0   0   0   0   0   0
Met ATG   0   0   0   0   0   0 |     ACG   1   1   1   1   1   1 |     AAG   0   0   0   0   1   0 |     AGG   1   1   1   1   1   1
--------------------------------------------------------------------------------------------------------------------------------------
Val GTT   0   0   0   0   0   0 | Ala GCT   1   1   1   1   1   1 | Asp GAT   0   0   0   0   0   0 | Gly GGT   0   0   0   0   0   0
    GTC   1   1   1   1   1   1 |     GCC   2   2   2   2   2   2 |     GAC   1   1   1   1   1   1 |     GGC   2   2   2   2   2   2
    GTA   0   0   0   0   0   0 |     GCA   0   0   0   0   0   0 | Glu GAA   1   1   1   1   1   1 |     GGA   2   2   2   2   2   2
    GTG   1   1   1   1   1   1 |     GCG   0   0   0   0   0   0 |     GAG   2   2   2   2   2   2 |     GGG   0   0   0   0   0   0
--------------------------------------------------------------------------------------------------------------------------------------

--------------------------------------------------------------------------------------------------------------------------------------
Phe TTT   2   2   2   2   2   2 | Ser TCT   0   0   0   0   0   0 | Tyr TAT   0   1   0   0   0   0 | Cys TGT   1   1   0   2   1   1
    TTC   0   0   0   0   0   0 |     TCC   2   2   2   2   2   2 |     TAC   3   2   3   3   3   3 |     TGC   0   0   1   0   0   0
Leu TTA   0   0   0   0   0   0 |     TCA   0   0   0   0   0   0 | *** TAA   0   0   0   0   0   0 | *** TGA   0   0   0   0   0   0
    TTG   1   1   1   1   1   1 |     TCG   0   0   0   0   0   0 |     TAG   0   0   0   0   0   0 | Trp TGG   0   0   0   0   0   0
--------------------------------------------------------------------------------------------------------------------------------------
Leu CTT   1   1   1   1   1   1 | Pro CCT   1   1   1   1   1   1 | His CAT   0   0   0   0   0   0 | Arg CGT   1   1   1   0   1   1
    CTC   1   1   1   1   1   0 |     CCC   1   1   1   1   1   1 |     CAC   0   0   0   0   0   0 |     CGC   1   1   1   2   2   2
    CTA   0   0   0   0   0   0 |     CCA   1   1   1   1   1   1 | Gln CAA   0   0   0   0   0   0 |     CGA   1   0   1   0   0   0
    CTG   1   1   1   1   1   2 |     CCG   1   1   1   1   1   1 |     CAG   0   0   0   0   0   0 |     CGG   0   1   0   0   0   0
--------------------------------------------------------------------------------------------------------------------------------------
Ile ATT   0   0   0   0   0   0 | Thr ACT   0   1   1   1   1   1 | Asn AAT   0   0   0   0   0   0 | Ser AGT   0   0   0   0   0   0
    ATC   5   5   5   6   5   6 |     ACC   1   0   0   0   0   0 |     AAC   2   2   2   2   2   2 |     AGC   1   1   1   1   1   1
    ATA   0   0   0   0   0   0 |     ACA   0   0   0   0   0   0 | Lys AAA   1   1   1   1   1   1 | Arg AGA   0   0   0   0   0   0
Met ATG   0   0   0   0   0   0 |     ACG   1   1   1   1   1   1 |     AAG   0   0   0   0   0   0 |     AGG   1   1   1   1   1   1
--------------------------------------------------------------------------------------------------------------------------------------
Val GTT   0   0   0   0   0   0 | Ala GCT   1   1   1   1   1   1 | Asp GAT   0   0   0   0   0   0 | Gly GGT   0   1   0   0   0   0
    GTC   1   1   1   0   1   0 |     GCC   2   2   2   2   2   2 |     GAC   1   1   1   1   1   1 |     GGC   2   1   2   2   2   2
    GTA   0   0   0   0   0   0 |     GCA   0   0   0   0   0   0 | Glu GAA   1   1   1   1   1   0 |     GGA   2   2   2   2   2   2
    GTG   1   1   1   1   1   1 |     GCG   0   0   0   0   0   0 |     GAG   2   2   2   2   2   3 |     GGG   0   0   0   0   0   0
--------------------------------------------------------------------------------------------------------------------------------------

--------------------------------------------------------------------------------------------------------------------------------------
Phe TTT   2   2   2   1   2   2 | Ser TCT   0   0   0   0   0   0 | Tyr TAT   0   2   0   0   1   0 | Cys TGT   1   1   1   1   1   1
    TTC   0   0   0   1   0   0 |     TCC   2   2   2   2   2   2 |     TAC   3   1   3   3   2   3 |     TGC   0   0   0   0   0   0
Leu TTA   0   0   0   0   0   0 |     TCA   0   0   0   0   0   0 | *** TAA   0   0   0   0   0   0 | *** TGA   0   0   0   0   0   0
    TTG   1   1   1   1   1   1 |     TCG   0   0   0   0   0   0 |     TAG   0   0   0   0   0   0 | Trp TGG   0   0   0   0   0   0
--------------------------------------------------------------------------------------------------------------------------------------
Leu CTT   1   1   1   1   1   1 | Pro CCT   1   1   1   1   1   1 | His CAT   0   0   0   0   0   0 | Arg CGT   1   1   1   1   1   1
    CTC   1   1   1   1   1   1 |     CCC   1   1   1   1   1   1 |     CAC   0   0   0   0   0   0 |     CGC   2   2   2   2   1   2
    CTA   0   0   0   0   0   0 |     CCA   1   1   1   1   1   1 | Gln CAA   0   0   0   0   0   0 |     CGA   0   0   0   0   0   0
    CTG   1   1   1   1   1   1 |     CCG   1   1   1   1   1   1 |     CAG   0   0   0   0   0   0 |     CGG   0   0   0   0   1   0
--------------------------------------------------------------------------------------------------------------------------------------
Ile ATT   0   0   0   0   0   0 | Thr ACT   1   1   1   1   1   1 | Asn AAT   0   0   0   0   0   0 | Ser AGT   0   0   0   0   0   0
    ATC   5   5   5   5   5   5 |     ACC   0   0   0   1   0   0 |     AAC   2   2   2   2   2   2 |     AGC   1   1   1   1   1   1
    ATA   0   0   0   0   0   0 |     ACA   0   0   0   0   0   0 | Lys AAA   1   1   1   1   1   1 | Arg AGA   0   0   0   0   0   0
Met ATG   0   0   0   0   0   0 |     ACG   1   1   1   0   1   1 |     AAG   0   0   0   0   0   0 |     AGG   1   1   1   1   1   1
--------------------------------------------------------------------------------------------------------------------------------------
Val GTT   0   0   0   0   0   0 | Ala GCT   1   1   1   1   1   1 | Asp GAT   0   0   0   0   0   0 | Gly GGT   0   0   0   0   1   0
    GTC   1   1   1   1   1   1 |     GCC   2   2   2   2   2   2 |     GAC   1   1   1   1   1   1 |     GGC   2   2   2   2   1   2
    GTA   0   0   0   0   0   0 |     GCA   0   0   0   0   0   0 | Glu GAA   1   1   1   1   1   1 |     GGA   2   2   2   2   2   2
    GTG   1   1   1   1   1   1 |     GCG   0   0   0   0   0   0 |     GAG   2   2   2   2   2   2 |     GGG   0   0   0   0   0   0
--------------------------------------------------------------------------------------------------------------------------------------

--------------------------------------------------------------------------------------------------------------------------------------
Phe TTT   2   2   2   2   2   2 | Ser TCT   0   0   0   1   0   0 | Tyr TAT   0   0   0   0   0   1 | Cys TGT   1   1   1   1   1   1
    TTC   0   0   0   0   0   0 |     TCC   2   2   2   1   2   2 |     TAC   3   3   3   3   3   2 |     TGC   0   0   0   0   0   0
Leu TTA   0   0   0   0   0   0 |     TCA   0   0   0   0   0   0 | *** TAA   0   0   0   0   0   0 | *** TGA   0   0   0   0   0   0
    TTG   0   1   1   1   1   1 |     TCG   0   0   0   0   0   0 |     TAG   0   0   0   0   0   0 | Trp TGG   0   0   0   0   0   0
--------------------------------------------------------------------------------------------------------------------------------------
Leu CTT   1   1   1   1   1   1 | Pro CCT   1   0   1   1   2   1 | His CAT   0   1   0   0   0   0 | Arg CGT   1   1   1   1   1   1
    CTC   1   1   1   1   1   1 |     CCC   1   2   1   1   1   1 |     CAC   0   0   0   0   0   0 |     CGC   2   1   2   2   2   1
    CTA   0   0   0   0   0   0 |     CCA   1   1   1   1   1   2 | Gln CAA   0   0   0   0   0   0 |     CGA   0   0   0   0   0   1
    CTG   2   1   1   1   1   1 |     CCG   1   1   1   1   0   0 |     CAG   0   0   0   0   0   0 |     CGG   0   0   0   0   0   0
--------------------------------------------------------------------------------------------------------------------------------------
Ile ATT   0   0   0   0   0   0 | Thr ACT   1   1   1   1   1   1 | Asn AAT   0   0   0   0   0   0 | Ser AGT   0   0   0   1   0   0
    ATC   5   5   5   5   5   5 |     ACC   0   0   0   0   0   0 |     AAC   2   2   2   2   2   2 |     AGC   1   1   1   0   1   1
    ATA   0   0   0   0   0   0 |     ACA   0   0   0   0   0   0 | Lys AAA   1   1   1   1   1   1 | Arg AGA   0   0   0   0   0   0
Met ATG   0   0   0   0   0   0 |     ACG   1   1   1   1   1   1 |     AAG   0   0   0   0   0   0 |     AGG   1   1   1   1   1   1
--------------------------------------------------------------------------------------------------------------------------------------
Val GTT   0   0   0   0   0   0 | Ala GCT   1   2   1   1   1   1 | Asp GAT   0   0   0   0   0   0 | Gly GGT   0   0   0   0   0   0
    GTC   1   1   1   1   1   1 |     GCC   2   1   2   2   2   2 |     GAC   1   1   1   1   1   1 |     GGC   2   2   2   2   2   2
    GTA   0   0   0   0   0   0 |     GCA   0   0   0   0   0   0 | Glu GAA   1   1   1   1   1   1 |     GGA   2   2   2   2   2   2
    GTG   1   1   1   1   1   1 |     GCG   0   0   0   0   0   0 |     GAG   2   2   2   2   2   2 |     GGG   0   0   0   0   0   0
--------------------------------------------------------------------------------------------------------------------------------------

Codon position x base (3x4) table for each sequence.

#1: Argali         
position  1:    T:0.20455    C:0.22727    A:0.27273    G:0.29545
position  2:    T:0.29545    C:0.25000    A:0.22727    G:0.22727
position  3:    T:0.18182    C:0.50000    A:0.13636    G:0.18182
Average         T:0.22727    C:0.32576    A:0.21212    G:0.23485

#2: LesserMouseDeer
position  1:    T:0.20455    C:0.22727    A:0.22727    G:0.34091
position  2:    T:0.29545    C:0.25000    A:0.25000    G:0.20455
position  3:    T:0.18182    C:0.50000    A:0.13636    G:0.18182
Average         T:0.22727    C:0.32576    A:0.20455    G:0.24242

#3: LesserKudu     
position  1:    T:0.20455    C:0.22727    A:0.27273    G:0.29545
position  2:    T:0.29545    C:0.25000    A:0.22727    G:0.22727
position  3:    T:0.18182    C:0.52273    A:0.13636    G:0.15909
Average         T:0.22727    C:0.33333    A:0.21212    G:0.22727

#4: ForestMuskDeer2
position  1:    T:0.20455    C:0.22727    A:0.27273    G:0.29545
position  2:    T:0.29545    C:0.25000    A:0.22727    G:0.22727
position  3:    T:0.22727    C:0.47727    A:0.11364    G:0.18182
Average         T:0.24242    C:0.31818    A:0.20455    G:0.23485

#5: Camel          
position  1:    T:0.20455    C:0.22727    A:0.27273    G:0.29545
position  2:    T:0.29545    C:0.27273    A:0.22727    G:0.20455
position  3:    T:0.15909    C:0.50000    A:0.13636    G:0.20455
Average         T:0.21970    C:0.33333    A:0.21212    G:0.23485

#6: KillerWhale    
position  1:    T:0.20455    C:0.22727    A:0.25000    G:0.31818
position  2:    T:0.29545    C:0.25000    A:0.25000    G:0.20455
position  3:    T:0.22727    C:0.47727    A:0.09091    G:0.20455
Average         T:0.24242    C:0.31818    A:0.19697    G:0.24242

#7: DefassaWaterbuck
position  1:    T:0.22727    C:0.20455    A:0.27273    G:0.29545
position  2:    T:0.29545    C:0.25000    A:0.22727    G:0.22727
position  3:    T:0.18182    C:0.52273    A:0.11364    G:0.18182
Average         T:0.23485    C:0.32576    A:0.20455    G:0.23485

#8: Sheep          
position  1:    T:0.20455    C:0.22727    A:0.27273    G:0.29545
position  2:    T:0.29545    C:0.25000    A:0.25000    G:0.20455
position  3:    T:0.18182    C:0.50000    A:0.13636    G:0.18182
Average         T:0.22727    C:0.32576    A:0.21970    G:0.22727

#9: MaxwellsDuiker 
position  1:    T:0.20455    C:0.22727    A:0.27273    G:0.29545
position  2:    T:0.29545    C:0.25000    A:0.25000    G:0.20455
position  3:    T:0.18182    C:0.52273    A:0.13636    G:0.15909
Average         T:0.22727    C:0.33333    A:0.21970    G:0.21970

#10: GazellaPrzewalskyi
position  1:    T:0.20455    C:0.22727    A:0.27273    G:0.29545
position  2:    T:0.29545    C:0.25000    A:0.22727    G:0.22727
position  3:    T:0.20455    C:0.50000    A:0.13636    G:0.15909
Average         T:0.23485    C:0.32576    A:0.21212    G:0.22727

#11: MountainNyala  
position  1:    T:0.20455    C:0.22727    A:0.27273    G:0.29545
position  2:    T:0.29545    C:0.25000    A:0.22727    G:0.22727
position  3:    T:0.18182    C:0.52273    A:0.13636    G:0.15909
Average         T:0.22727    C:0.33333    A:0.21212    G:0.22727

#12: MuntiacusMuntjak
position  1:    T:0.20455    C:0.22727    A:0.27273    G:0.29545
position  2:    T:0.29545    C:0.25000    A:0.22727    G:0.22727
position  3:    T:0.18182    C:0.52273    A:0.11364    G:0.18182
Average         T:0.22727    C:0.33333    A:0.20455    G:0.23485

#13: goat           
position  1:    T:0.20455    C:0.22727    A:0.27273    G:0.29545
position  2:    T:0.29545    C:0.25000    A:0.22727    G:0.22727
position  3:    T:0.15909    C:0.52273    A:0.13636    G:0.18182
Average         T:0.21970    C:0.33333    A:0.21212    G:0.23485

#14: AfricanBuffalo 
position  1:    T:0.20455    C:0.22727    A:0.27273    G:0.29545
position  2:    T:0.29545    C:0.25000    A:0.22727    G:0.22727
position  3:    T:0.20455    C:0.45455    A:0.13636    G:0.20455
Average         T:0.23485    C:0.31061    A:0.21212    G:0.24242

#15: Topi           
position  1:    T:0.20455    C:0.22727    A:0.27273    G:0.29545
position  2:    T:0.29545    C:0.25000    A:0.22727    G:0.22727
position  3:    T:0.18182    C:0.50000    A:0.13636    G:0.18182
Average         T:0.22727    C:0.32576    A:0.21212    G:0.23485

#16: CommonDuiker   
position  1:    T:0.20455    C:0.22727    A:0.27273    G:0.29545
position  2:    T:0.29545    C:0.25000    A:0.22727    G:0.22727
position  3:    T:0.20455    C:0.50000    A:0.11364    G:0.18182
Average         T:0.23485    C:0.32576    A:0.20455    G:0.23485

#17: Suni           
position  1:    T:0.20455    C:0.22727    A:0.29545    G:0.27273
position  2:    T:0.29545    C:0.25000    A:0.22727    G:0.22727
position  3:    T:0.18182    C:0.52273    A:0.15909    G:0.13636
Average         T:0.22727    C:0.33333    A:0.22727    G:0.21212

#18: Springbuck     
position  1:    T:0.22727    C:0.20455    A:0.27273    G:0.29545
position  2:    T:0.29545    C:0.25000    A:0.22727    G:0.22727
position  3:    T:0.20455    C:0.50000    A:0.11364    G:0.18182
Average         T:0.24242    C:0.31818    A:0.20455    G:0.23485

#19: Okapi          
position  1:    T:0.20455    C:0.22727    A:0.27273    G:0.29545
position  2:    T:0.29545    C:0.25000    A:0.22727    G:0.22727
position  3:    T:0.15909    C:0.54545    A:0.11364    G:0.18182
Average         T:0.21970    C:0.34091    A:0.20455    G:0.23485

#20: Giraffe        
position  1:    T:0.20455    C:0.22727    A:0.27273    G:0.29545
position  2:    T:0.29545    C:0.25000    A:0.22727    G:0.22727
position  3:    T:0.15909    C:0.54545    A:0.11364    G:0.18182
Average         T:0.21970    C:0.34091    A:0.20455    G:0.23485

#21: TibetanAntelope
position  1:    T:0.18182    C:0.25000    A:0.27273    G:0.29545
position  2:    T:0.29545    C:0.25000    A:0.22727    G:0.22727
position  3:    T:0.15909    C:0.52273    A:0.13636    G:0.18182
Average         T:0.21212    C:0.34091    A:0.21212    G:0.23485

#22: Sitatunga      
position  1:    T:0.20455    C:0.22727    A:0.27273    G:0.29545
position  2:    T:0.29545    C:0.25000    A:0.22727    G:0.22727
position  3:    T:0.20455    C:0.52273    A:0.11364    G:0.15909
Average         T:0.23485    C:0.33333    A:0.20455    G:0.22727

#23: Oribi          
position  1:    T:0.20455    C:0.22727    A:0.27273    G:0.29545
position  2:    T:0.29545    C:0.25000    A:0.22727    G:0.22727
position  3:    T:0.18182    C:0.52273    A:0.11364    G:0.18182
Average         T:0.22727    C:0.33333    A:0.20455    G:0.23485

#24: BarbarySheep   
position  1:    T:0.20455    C:0.22727    A:0.27273    G:0.29545
position  2:    T:0.29545    C:0.25000    A:0.22727    G:0.22727
position  3:    T:0.15909    C:0.52273    A:0.13636    G:0.18182
Average         T:0.21970    C:0.33333    A:0.21212    G:0.23485

#25: Daviddeer      
position  1:    T:0.20455    C:0.22727    A:0.27273    G:0.29545
position  2:    T:0.29545    C:0.25000    A:0.22727    G:0.22727
position  3:    T:0.20455    C:0.50000    A:0.11364    G:0.18182
Average         T:0.23485    C:0.32576    A:0.20455    G:0.23485

#26: Reindeer       
position  1:    T:0.20455    C:0.22727    A:0.27273    G:0.29545
position  2:    T:0.29545    C:0.25000    A:0.22727    G:0.22727
position  3:    T:0.15909    C:0.56818    A:0.11364    G:0.15909
Average         T:0.21970    C:0.34848    A:0.20455    G:0.22727

#27: Ibex           
position  1:    T:0.20455    C:0.22727    A:0.27273    G:0.29545
position  2:    T:0.29545    C:0.25000    A:0.22727    G:0.22727
position  3:    T:0.15909    C:0.52273    A:0.13636    G:0.18182
Average         T:0.21970    C:0.33333    A:0.21212    G:0.23485

#28: GyrantGazelle  
position  1:    T:0.20455    C:0.22727    A:0.27273    G:0.29545
position  2:    T:0.29545    C:0.25000    A:0.22727    G:0.22727
position  3:    T:0.22727    C:0.47727    A:0.11364    G:0.18182
Average         T:0.24242    C:0.31818    A:0.20455    G:0.23485

#29: Hartebeest     
position  1:    T:0.20455    C:0.22727    A:0.27273    G:0.29545
position  2:    T:0.29545    C:0.25000    A:0.22727    G:0.22727
position  3:    T:0.18182    C:0.50000    A:0.13636    G:0.18182
Average         T:0.22727    C:0.32576    A:0.21212    G:0.23485

#30: Bongo          
position  1:    T:0.20455    C:0.22727    A:0.27273    G:0.29545
position  2:    T:0.29545    C:0.25000    A:0.22727    G:0.22727
position  3:    T:0.20455    C:0.52273    A:0.11364    G:0.15909
Average         T:0.23485    C:0.33333    A:0.20455    G:0.22727

#31: Gerenuk        
position  1:    T:0.20455    C:0.22727    A:0.27273    G:0.29545
position  2:    T:0.29545    C:0.25000    A:0.22727    G:0.22727
position  3:    T:0.20455    C:0.50000    A:0.11364    G:0.18182
Average         T:0.23485    C:0.32576    A:0.20455    G:0.23485

#32: CommonEland    
position  1:    T:0.20455    C:0.22727    A:0.27273    G:0.29545
position  2:    T:0.29545    C:0.25000    A:0.22727    G:0.22727
position  3:    T:0.18182    C:0.52273    A:0.13636    G:0.15909
Average         T:0.22727    C:0.33333    A:0.21212    G:0.22727

#33: MuntiacusReevesi
position  1:    T:0.20455    C:0.22727    A:0.27273    G:0.29545
position  2:    T:0.29545    C:0.25000    A:0.22727    G:0.22727
position  3:    T:0.18182    C:0.52273    A:0.11364    G:0.18182
Average         T:0.22727    C:0.33333    A:0.20455    G:0.23485

#34: HarveysDuiker  
position  1:    T:0.20455    C:0.22727    A:0.27273    G:0.29545
position  2:    T:0.29545    C:0.25000    A:0.22727    G:0.22727
position  3:    T:0.18182    C:0.52273    A:0.11364    G:0.18182
Average         T:0.22727    C:0.33333    A:0.20455    G:0.23485

#35: Pronghorn      
position  1:    T:0.20455    C:0.22727    A:0.27273    G:0.29545
position  2:    T:0.29545    C:0.25000    A:0.22727    G:0.22727
position  3:    T:0.18182    C:0.52273    A:0.09091    G:0.20455
Average         T:0.22727    C:0.33333    A:0.19697    G:0.24242

#36: BlueWildebeest 
position  1:    T:0.20455    C:0.22727    A:0.27273    G:0.29545
position  2:    T:0.29545    C:0.25000    A:0.22727    G:0.22727
position  3:    T:0.18182    C:0.50000    A:0.13636    G:0.18182
Average         T:0.22727    C:0.32576    A:0.21212    G:0.23485

#37: Gemsbok        
position  1:    T:0.20455    C:0.22727    A:0.27273    G:0.29545
position  2:    T:0.29545    C:0.25000    A:0.22727    G:0.22727
position  3:    T:0.15909    C:0.52273    A:0.13636    G:0.18182
Average         T:0.21970    C:0.33333    A:0.21212    G:0.23485

#38: Yak            
position  1:    T:0.20455    C:0.22727    A:0.27273    G:0.29545
position  2:    T:0.29545    C:0.25000    A:0.22727    G:0.22727
position  3:    T:0.22727    C:0.45455    A:0.11364    G:0.20455
Average         T:0.24242    C:0.31061    A:0.20455    G:0.24242

#39: BlueSheep      
position  1:    T:0.20455    C:0.22727    A:0.27273    G:0.29545
position  2:    T:0.29545    C:0.25000    A:0.22727    G:0.22727
position  3:    T:0.15909    C:0.52273    A:0.13636    G:0.18182
Average         T:0.21970    C:0.33333    A:0.21212    G:0.23485

#40: BohorReedbuck  
position  1:    T:0.22727    C:0.20455    A:0.29545    G:0.27273
position  2:    T:0.29545    C:0.25000    A:0.22727    G:0.22727
position  3:    T:0.18182    C:0.52273    A:0.11364    G:0.18182
Average         T:0.23485    C:0.32576    A:0.21212    G:0.22727

#41: KirksDik       
position  1:    T:0.20455    C:0.22727    A:0.27273    G:0.29545
position  2:    T:0.29545    C:0.25000    A:0.22727    G:0.22727
position  3:    T:0.18182    C:0.52273    A:0.11364    G:0.18182
Average         T:0.22727    C:0.33333    A:0.20455    G:0.23485

#42: RoeDeer        
position  1:    T:0.20455    C:0.22727    A:0.29545    G:0.27273
position  2:    T:0.29545    C:0.25000    A:0.22727    G:0.22727
position  3:    T:0.18182    C:0.50000    A:0.09091    G:0.22727
Average         T:0.22727    C:0.32576    A:0.20455    G:0.24242

#43: WhiteLippedDeer
position  1:    T:0.20455    C:0.22727    A:0.27273    G:0.29545
position  2:    T:0.29545    C:0.25000    A:0.22727    G:0.22727
position  3:    T:0.18182    C:0.52273    A:0.11364    G:0.18182
Average         T:0.22727    C:0.33333    A:0.20455    G:0.23485

#44: ThomsonGazelle 
position  1:    T:0.20455    C:0.22727    A:0.27273    G:0.29545
position  2:    T:0.29545    C:0.25000    A:0.22727    G:0.22727
position  3:    T:0.22727    C:0.47727    A:0.11364    G:0.18182
Average         T:0.24242    C:0.31818    A:0.20455    G:0.23485

#45: MuntiacusCrinifrons
position  1:    T:0.20455    C:0.22727    A:0.27273    G:0.29545
position  2:    T:0.29545    C:0.25000    A:0.22727    G:0.22727
position  3:    T:0.18182    C:0.52273    A:0.11364    G:0.18182
Average         T:0.22727    C:0.33333    A:0.20455    G:0.23485

#46: WhiteTailedDeer
position  1:    T:0.20455    C:0.22727    A:0.27273    G:0.29545
position  2:    T:0.29545    C:0.25000    A:0.22727    G:0.22727
position  3:    T:0.15909    C:0.56818    A:0.11364    G:0.15909
Average         T:0.21970    C:0.34848    A:0.20455    G:0.22727

#47: Cattle         
position  1:    T:0.20455    C:0.22727    A:0.27273    G:0.29545
position  2:    T:0.29545    C:0.25000    A:0.22727    G:0.22727
position  3:    T:0.22727    C:0.45455    A:0.11364    G:0.20455
Average         T:0.24242    C:0.31061    A:0.20455    G:0.24242

#48: RoyalAntelope  
position  1:    T:0.20455    C:0.22727    A:0.27273    G:0.29545
position  2:    T:0.29545    C:0.25000    A:0.22727    G:0.22727
position  3:    T:0.18182    C:0.52273    A:0.11364    G:0.18182
Average         T:0.22727    C:0.33333    A:0.20455    G:0.23485

#49: Steenbok       
position  1:    T:0.18182    C:0.25000    A:0.27273    G:0.29545
position  2:    T:0.29545    C:0.25000    A:0.22727    G:0.22727
position  3:    T:0.18182    C:0.52273    A:0.11364    G:0.18182
Average         T:0.21970    C:0.34091    A:0.20455    G:0.23485

#50: Impala         
position  1:    T:0.20455    C:0.22727    A:0.27273    G:0.29545
position  2:    T:0.29545    C:0.25000    A:0.25000    G:0.20455
position  3:    T:0.20455    C:0.50000    A:0.11364    G:0.18182
Average         T:0.23485    C:0.32576    A:0.21212    G:0.22727

#51: Klipspringer   
position  1:    T:0.20455    C:0.22727    A:0.27273    G:0.29545
position  2:    T:0.29545    C:0.25000    A:0.22727    G:0.22727
