CODONML (in paml version 4.10.7, June 2023)  /home/rachel/ruminants_paml/6406-phy-tree/ENSBTAT00000043570.fasta.phy
Model: free dN/dS Ratios for branches,  kappa = 2.000 fixed

Codon frequency model: F3x4
ns =  54  ls = 101

Codon usage in sequences
--------------------------------------------------------------------------------------------------------------------------------------
Phe TTT   2   2   2   2   2   2 | Ser TCT   1   1   1   2   1   1 | Tyr TAT   2   2   2   2   2   2 | Cys TGT   1   1   1   1   1   1
    TTC   2   2   2   2   2   2 |     TCC   3   3   3   2   1   2 |     TAC   1   1   1   1   1   1 |     TGC   1   1   1   1   1   1
Leu TTA   0   0   0   0   1   1 |     TCA   0   0   0   0   2   2 | *** TAA   0   0   0   0   0   0 | *** TGA   0   0   0   0   0   0
    TTG   4   3   2   4   4   4 |     TCG   3   3   3   3   2   2 |     TAG   0   0   0   0   0   0 | Trp TGG   1   1   1   1   1   1
--------------------------------------------------------------------------------------------------------------------------------------
Leu CTT   3   3   3   3   2   3 | Pro CCT   1   1   1   1   1   1 | His CAT   1   1   1   1   1   1 | Arg CGT   0   0   0   0   0   0
    CTC   2   2   2   2   3   1 |     CCC   1   1   1   1   1   1 |     CAC   0   0   0   0   0   0 |     CGC   0   0   0   0   0   0
    CTA   2   2   2   2   3   3 |     CCA   1   1   1   1   1   1 | Gln CAA   3   2   2   2   2   3 |     CGA   0   0   0   0   0   1
    CTG   7   8   9   7   5   5 |     CCG   0   0   0   0   0   0 |     CAG   2   3   3   3   3   2 |     CGG   0   0   0   0   0   0
--------------------------------------------------------------------------------------------------------------------------------------
Ile ATT   7   6   4   7   7   9 | Thr ACT   1   1   1   0   1   1 | Asn AAT   2   3   1   3   3   3 | Ser AGT   0   0   0   0   0   0
    ATC   3   2   5   3   2   2 |     ACC   2   1   3   2   1   1 |     AAC   3   2   4   2   2   2 |     AGC   2   2   2   2   2   2
    ATA   2   2   2   2   2   2 |     ACA   1   1   1   1   1   1 | Lys AAA   0   0   0   1   0   0 | Arg AGA   1   1   1   0   1   0
Met ATG   1   1   1   1   2   1 |     ACG   0   1   0   1   1   1 |     AAG   1   1   1   0   1   1 |     AGG   1   1   1   2   1   1
--------------------------------------------------------------------------------------------------------------------------------------
Val GTT   0   1   0   0   3   3 | Ala GCT   2   2   2   1   3   2 | Asp GAT   3   2   4   4   4   4 | Gly GGT   0   0   0   0   0   0
    GTC   4   4   4   4   2   2 |     GCC   1   1   1   2   1   1 |     GAC   2   3   1   1   1   1 |     GGC   1   1   1   1   1   1
    GTA   0   0   0   0   0   0 |     GCA   2   2   3   3   3   3 | Glu GAA   8   7   7   7   9   8 |     GGA   2   2   2   2   1   1
    GTG   2   3   2   2   1   1 |     GCG   1   1   0   0   0   0 |     GAG   2   3   3   3   1   2 |     GGG   0   0   0   0   1   1
--------------------------------------------------------------------------------------------------------------------------------------

--------------------------------------------------------------------------------------------------------------------------------------
Phe TTT   2   2   2   2   2   2 | Ser TCT   2   2   2   2   2   1 | Tyr TAT   2   2   2   2   2   2 | Cys TGT   0   1   1   1   1   1
    TTC   2   2   2   2   2   2 |     TCC   2   2   2   2   2   2 |     TAC   1   1   1   1   1   1 |     TGC   2   1   1   1   1   1
Leu TTA   0   0   1   0   0   0 |     TCA   0   0   0   0   1   0 | *** TAA   0   0   0   0   0   0 | *** TGA   0   0   0   0   0   0
    TTG   3   4   4   4   2   4 |     TCG   3   3   3   3   2   3 |     TAG   0   0   0   0   0   0 | Trp TGG   1   1   1   1   1   1
--------------------------------------------------------------------------------------------------------------------------------------
Leu CTT   3   3   3   3   3   4 | Pro CCT   1   1   1   1   1   2 | His CAT   1   1   1   1   1   1 | Arg CGT   0   0   0   0   0   0
    CTC   2   2   2   2   2   2 |     CCC   2   1   1   1   1   0 |     CAC   0   0   0   0   0   0 |     CGC   0   0   0   0   0   0
    CTA   2   2   1   2   2   1 |     CCA   0   1   1   1   1   1 | Gln CAA   2   3   3   3   2   2 |     CGA   0   0   0   0   0   0
    CTG   8   7   7   7   9   7 |     CCG   0   0   0   0   0   0 |     CAG   3   2   2   2   3   3 |     CGG   0   0   0   0   0   0
--------------------------------------------------------------------------------------------------------------------------------------
Ile ATT   4   7   6   7   4   7 | Thr ACT   1   0   0   0   1   1 | Asn AAT   3   2   3   3   1   3 | Ser AGT   0   0   0   0   0   0
    ATC   5   3   4   4   5   3 |     ACC   3   3   3   3   3   2 |     AAC   2   3   2   2   4   2 |     AGC   2   2   2   2   2   2
    ATA   2   2   2   1   2   2 |     ACA   1   1   1   1   1   1 | Lys AAA   0   0   0   0   0   0 | Arg AGA   1   1   1   1   1   0
Met ATG   1   1   1   1   1   1 |     ACG   0   0   0   0   0   0 |     AAG   1   1   1   1   1   1 |     AGG   1   1   1   1   1   2
--------------------------------------------------------------------------------------------------------------------------------------
Val GTT   0   0   0   0   0   1 | Ala GCT   2   2   2   1   2   3 | Asp GAT   1   3   4   4   4   4 | Gly GGT   0   0   0   0   0   0
    GTC   4   4   4   4   4   3 |     GCC   1   1   1   2   1   1 |     GAC   4   2   1   1   1   1 |     GGC   1   1   1   1   1   1
    GTA   0   0   0   0   0   0 |     GCA   2   2   3   2   3   3 | Glu GAA   6   8   8   8   7   8 |     GGA   2   2   2   2   2   2
    GTG   2   2   2   2   2   2 |     GCG   1   1   0   1   0   0 |     GAG   4   2   2   2   3   2 |     GGG   0   0   0   0   0   0
--------------------------------------------------------------------------------------------------------------------------------------

--------------------------------------------------------------------------------------------------------------------------------------
Phe TTT   2   2   2   2   2   2 | Ser TCT   2   0   2   2   2   2 | Tyr TAT   2   2   1   2   2   2 | Cys TGT   1   2   1   1   0   1
    TTC   2   2   2   2   2   2 |     TCC   2   3   2   2   2   2 |     TAC   1   1   2   1   1   1 |     TGC   1   1   1   1   1   1
Leu TTA   0   0   0   1   0   0 |     TCA   0   0   0   1   0   0 | *** TAA   0   0   0   0   0   0 | *** TGA   0   0   0   0   0   0
    TTG   4   3   5   4   5   4 |     TCG   3   3   3   2   3   3 |     TAG   0   0   0   0   0   0 | Trp TGG   1   1   1   1   1   1
--------------------------------------------------------------------------------------------------------------------------------------
Leu CTT   3   3   3   3   2   3 | Pro CCT   1   0   1   1   1   1 | His CAT   1   1   1   1   1   1 | Arg CGT   0   0   0   0   0   0
    CTC   2   2   2   2   2   2 |     CCC   1   2   1   1   1   1 |     CAC   0   0   0   0   0   0 |     CGC   0   0   0   0   0   0
    CTA   2   2   2   1   4   2 |     CCA   1   1   1   1   1   1 | Gln CAA   3   3   3   3   2   3 |     CGA   0   0   0   0   0   0
    CTG   7   8   6   7   5   7 |     CCG   0   0   0   0   0   0 |     CAG   2   2   2   2   3   2 |     CGG   0   0   0   0   0   0
--------------------------------------------------------------------------------------------------------------------------------------
Ile ATT   7   6   6   7   7   7 | Thr ACT   0   1   1   0   0   0 | Asn AAT   2   3   2   3   3   3 | Ser AGT   0   0   0   0   0   0
    ATC   3   4   4   3   3   3 |     ACC   3   2   2   3   3   3 |     AAC   3   2   3   2   2   2 |     AGC   2   2   2   2   2   2
    ATA   2   2   2   2   2   2 |     ACA   1   1   1   1   1   1 | Lys AAA   0   0   0   0   1   0 | Arg AGA   1   1   1   1   1   1
Met ATG   1   1   1   1   1   1 |     ACG   0   0   0   0   0   0 |     AAG   1   1   1   1   1   1 |     AGG   1   1   1   1   1   1
--------------------------------------------------------------------------------------------------------------------------------------
Val GTT   0   1   0   0   0   0 | Ala GCT   2   2   2   2   2   2 | Asp GAT   3   4   3   4   4   4 | Gly GGT   0   0   0   0   1   0
    GTC   4   3   4   4   4   4 |     GCC   1   1   1   1   1   1 |     GAC   2   1   2   1   1   1 |     GGC   1   1   1   1   1   1
    GTA   0   0   0   0   0   0 |     GCA   3   2   3   3   3   3 | Glu GAA   8   8   7   8   6   8 |     GGA   2   2   2   2   2   2
    GTG   2   2   2   2   2   2 |     GCG   0   1   0   0   0   0 |     GAG   2   2   3   2   3   2 |     GGG   0   0   0   0   0   0
--------------------------------------------------------------------------------------------------------------------------------------

--------------------------------------------------------------------------------------------------------------------------------------
Phe TTT   2   1   2   2   2   2 | Ser TCT   2   2   2   2   2   2 | Tyr TAT   2   2   2   2   2   2 | Cys TGT   1   1   1   1   1   1
    TTC   2   3   2   2   2   2 |     TCC   2   2   2   2   2   2 |     TAC   1   1   1   1   1   1 |     TGC   1   1   1   1   1   1
Leu TTA   0   0   0   0   0   1 |     TCA   0   0   0   1   0   0 | *** TAA   0   0   0   0   0   0 | *** TGA   0   0   0   0   0   0
    TTG   3   3   4   2   3   3 |     TCG   3   3   3   2   3   3 |     TAG   0   0   0   0   0   0 | Trp TGG   1   1   1   1   1   1
--------------------------------------------------------------------------------------------------------------------------------------
Leu CTT   2   3   4   3   3   3 | Pro CCT   1   1   1   1   1   1 | His CAT   1   0   1   1   1   0 | Arg CGT   0   0   0   0   0   0
    CTC   4   3   2   2   2   2 |     CCC   1   1   1   1   1   1 |     CAC   1   2   0   0   0   1 |     CGC   0   0   0   0   0   0
    CTA   2   3   1   2   2   2 |     CCA   1   1   1   1   1   1 | Gln CAA   2   2   3   2   3   3 |     CGA   0   0   0   0   0   0
    CTG   7   6   7   9   8   7 |     CCG   0   0   0   0   0   0 |     CAG   2   2   2   3   2   2 |     CGG   0   0   0   0   0   0
--------------------------------------------------------------------------------------------------------------------------------------
Ile ATT   7   7   7   5   7   7 | Thr ACT   1   1   0   1   0   0 | Asn AAT   3   3   2   1   3   2 | Ser AGT   0   0   0   0   0   0
    ATC   3   3   3   4   3   3 |     ACC   2   2   2   3   3   3 |     AAC   2   2   3   4   2   3 |     AGC   2   2   2   2   2   2
    ATA   2   2   2   2   2   2 |     ACA   1   1   1   1   1   1 | Lys AAA   0   0   0   0   0   0 | Arg AGA   1   1   1   1   1   1
Met ATG   1   1   1   1   1   1 |     ACG   0   0   1   0   0   0 |     AAG   1   1   1   1   1   1 |     AGG   1   1   1   1   1   1
--------------------------------------------------------------------------------------------------------------------------------------
Val GTT   1   0   0   0   0   0 | Ala GCT   2   2   2   2   2   2 | Asp GAT   4   4   4   4   4   3 | Gly GGT   0   0   0   0   0   0
    GTC   3   4   4   4   4   4 |     GCC   1   1   1   1   1   1 |     GAC   1   1   1   1   1   2 |     GGC   1   1   1   1   1   1
    GTA   0   0   0   0   0   0 |     GCA   2   2   3   3   3   3 | Glu GAA   7   7   8   7   8   8 |     GGA   2   1   2   2   2   2
    GTG   2   2   2   2   2   2 |     GCG   1   1   0   0   0   0 |     GAG   3   3   2   3   2   2 |     GGG   0   1   0   0   0   0
--------------------------------------------------------------------------------------------------------------------------------------

--------------------------------------------------------------------------------------------------------------------------------------
Phe TTT   2   2   2   2   2   2 | Ser TCT   2   2   2   2   2   2 | Tyr TAT   2   2   2   2   2   2 | Cys TGT   1   1   1   1   1   1
    TTC   2   2   2   2   2   2 |     TCC   2   2   2   2   2   2 |     TAC   1   1   1   1   1   1 |     TGC   1   1   1   1   1   1
Leu TTA   0   0   0   0   0   0 |     TCA   0   1   0   0   0   1 | *** TAA   0   0   0   0   0   0 | *** TGA   0   0   0   0   0   0
    TTG   4   4   4   4   4   2 |     TCG   3   2   3   3   3   2 |     TAG   0   0   0   0   0   0 | Trp TGG   1   1   1   1   1   1
--------------------------------------------------------------------------------------------------------------------------------------
Leu CTT   3   3   3   3   3   3 | Pro CCT   2   0   1   1   1   1 | His CAT   1   1   1   1   1   1 | Arg CGT   0   0   0   0   0   0
    CTC   3   3   2   2   2   2 |     CCC   0   1   1   1   1   1 |     CAC   0   0   0   0   0   0 |     CGC   0   0   0   0   0   0
    CTA   1   1   2   2   2   2 |     CCA   1   1   1   1   1   1 | Gln CAA   2   2   3   3   3   2 |     CGA   0   0   0   0   0   0
    CTG   7   7   7   7   7   9 |     CCG   0   1   0   0   0   0 |     CAG   3   3   2   2   2   3 |     CGG   0   0   0   0   0   0
--------------------------------------------------------------------------------------------------------------------------------------
Ile ATT   7   7   7   7   6   4 | Thr ACT   1   1   0   0   1   1 | Asn AAT   3   3   2   3   2   2 | Ser AGT   0   0   0   0   0   0
    ATC   3   3   3   3   4   5 |     ACC   1   1   3   3   2   3 |     AAC   2   2   3   2   3   3 |     AGC   2   2   2   2   2   2
    ATA   2   2   2   2   2   2 |     ACA   1   1   1   1   1   1 | Lys AAA   0   0   0   0   0   0 | Arg AGA   1   1   1   1   1   1
Met ATG   1   1   1   1   1   1 |     ACG   1   1   0   0   0   0 |     AAG   1   1   1   1   1   1 |     AGG   1   1   1   1   1   1
--------------------------------------------------------------------------------------------------------------------------------------
Val GTT   1   1   0   0   0   0 | Ala GCT   2   2   2   2   2   2 | Asp GAT   4   4   3   4   3   4 | Gly GGT   0   0   0   0   0   0
    GTC   3   3   4   4   4   4 |     GCC   1   1   1   1   1   1 |     GAC   1   1   2   1   2   1 |     GGC   1   1   1   1   1   1
    GTA   0   0   0   0   0   0 |     GCA   3   3   3   3   3   3 | Glu GAA   8   8   8   8   7   7 |     GGA   2   2   2   2   2   2
    GTG   2   2   2   2   2   2 |     GCG   0   0   0   0   0   0 |     GAG   2   2   2   2   3   3 |     GGG   0   0   0   0   0   0
--------------------------------------------------------------------------------------------------------------------------------------

--------------------------------------------------------------------------------------------------------------------------------------
Phe TTT   1   2   2   2   2   2 | Ser TCT   2   1   1   2   2   2 | Tyr TAT   2   2   2   2   2   2 | Cys TGT   1   1   1   1   1   1
    TTC   3   2   2   2   2   2 |     TCC   2   3   2   2   2   2 |     TAC   1   1   1   1   1   1 |     TGC   1   1   1   1   1   1
Leu TTA   0   0   0   1   1   0 |     TCA   0   1   0   1   0   0 | *** TAA   0   0   0   0   0   0 | *** TGA   0   0   0   0   0   0
    TTG   4   2   4   4   4   4 |     TCG   3   2   3   2   3   3 |     TAG   0   0   0   0   0   0 | Trp TGG   1   1   1   1   1   1
--------------------------------------------------------------------------------------------------------------------------------------
Leu CTT   3   3   4   3   3   3 | Pro CCT   1   1   2   1   1   1 | His CAT   1   1   1   1   1   1 | Arg CGT   0   0   0   0   0   0
    CTC   2   2   2   2   3   2 |     CCC   1   1   0   1   1   1 |     CAC   0   0   0   0   0   0 |     CGC   0   0   0   0   0   0
    CTA   2   2   1   1   1   2 |     CCA   1   1   1   1   1   1 | Gln CAA   2   1   2   4   2   3 |     CGA   0   0   0   0   0   0
    CTG   7   9   7   7   6   7 |     CCG   0   0   0   0   0   0 |     CAG   3   4   3   1   3   2 |     CGG   0   0   0   0   0   0
--------------------------------------------------------------------------------------------------------------------------------------
Ile ATT   7   4   7   7   7   6 | Thr ACT   0   1   1   0   1   1 | Asn AAT   3   1   3   3   3   2 | Ser AGT   0   0   0   0   0   0
    ATC   3   5   3   3   3   4 |     ACC   3   3   2   3   2   2 |     AAC   2   4   2   2   2   3 |     AGC   2   2   2   2   2   2
    ATA   2   2   2   2   1   2 |     ACA   1   1   1   1   1   1 | Lys AAA   0   0   0   0   0   0 | Arg AGA   1   1   0   1   1   1
Met ATG   1   1   1   1   1   1 |     ACG   0   0   0   0   0   0 |     AAG   1   1   1   1   1   1 |     AGG   1   1   2   1   1   1
--------------------------------------------------------------------------------------------------------------------------------------
Val GTT   1   0   1   0   0   0 | Ala GCT   2   2   3   2   2   2 | Asp GAT   4   4   4   4   3   3 | Gly GGT   0   0   0   0   0   0
    GTC   3   4   3   4   5   3 |     GCC   1   1   1   1   1   1 |     GAC   1   1   1   1   2   2 |     GGC   1   1   1   1   1   1
    GTA   0   0   0   0   0   0 |     GCA   3   3   3   3   1   3 | Glu GAA   8   7   8   8   7   7 |     GGA   2   2   2   2   2   2
    GTG   2   2   2   2   2   3 |     GCG   0   0   0   0   2   0 |     GAG   2   3   2   2   3   3 |     GGG   0   0   0   0   0   0
--------------------------------------------------------------------------------------------------------------------------------------

--------------------------------------------------------------------------------------------------------------------------------------
Phe TTT   2   1   2   1   1   2 | Ser TCT   2   2   2   2   2   2 | Tyr TAT   2   2   2   2   2   2 | Cys TGT   1   1   1   0   1   1
    TTC   2   3   2   3   3   2 |     TCC   2   2   2   2   2   2 |     TAC   1   1   1   1   1   1 |     TGC   1   1   1   2   1   1
Leu TTA   0   0   0   0   0   1 |     TCA   0   0   0   0   0   0 | *** TAA   0   0   0   0   0   0 | *** TGA   0   0   0   0   0   0
    TTG   4   3   4   3   4   2 |     TCG   3   3   3   3   3   3 |     TAG   0   0   0   0   0   0 | Trp TGG   1   1   1   1   1   1
--------------------------------------------------------------------------------------------------------------------------------------
Leu CTT   3   3   3   3   3   3 | Pro CCT   1   0   1   1   1   1 | His CAT   1   1   1   1   1   1 | Arg CGT   0   0   0   0   0   0
    CTC   2   2   2   2   2   3 |     CCC   1   2   1   2   1   1 |     CAC   0   0   0   0   0   0 |     CGC   0   0   0   0   0   0
    CTA   2   2   2   2   2   1 |     CCA   1   1   1   0   0   1 | Gln CAA   3   3   3   2   3   3 |     CGA   0   0   0   0   0   0
    CTG   7   8   7   8   7   8 |     CCG   0   0   0   0   1   0 |     CAG   2   2   2   3   2   2 |     CGG   0   0   0   0   0   0
--------------------------------------------------------------------------------------------------------------------------------------
Ile ATT   7   7   7   4   7   7 | Thr ACT   0   1   0   1   0   1 | Asn AAT   2   2   2   2   3   2 | Ser AGT   0   0   0   0   0   0
    ATC   3   3   3   5   3   3 |     ACC   3   2   3   3   3   1 |     AAC   3   3   3   3   2   3 |     AGC   2   2   2   2   2   2
    ATA   2   2   2   2   2   2 |     ACA   1   1   1   1   1   1 | Lys AAA   0   0   0   0   0   0 | Arg AGA   1   1   1   1   1   1
Met ATG   1   1   1   1   1   1 |     ACG   0   0   0   0   0   1 |     AAG   2   1   1   1   1   1 |     AGG   0   1   1   1   1   1
--------------------------------------------------------------------------------------------------------------------------------------
Val GTT   0   1   0   0   0   1 | Ala GCT   2   2   2   2   2   2 | Asp GAT   4   4   3   1   4   4 | Gly GGT   0   0   0   0   0   0
    GTC   4   3   4   4   4   3 |     GCC   1   1   2   1   1   1 |     GAC   1   1   2   4   1   1 |     GGC   1   1   1   1   1   1
    GTA   0   0   0   0   0   0 |     GCA   2   3   2   2   3   3 | Glu GAA   8   8   8   6   8   8 |     GGA   2   2   2   2   2   2
    GTG   2   2   2   2   2   2 |     GCG   1   0   0   1   0   0 |     GAG   2   2   2   4   2   2 |     GGG   0   0   0   0   0   0
--------------------------------------------------------------------------------------------------------------------------------------

--------------------------------------------------------------------------------------------------------------------------------------
Phe TTT   2   2   2   2   1   1 | Ser TCT   2   2   1   2   2   1 | Tyr TAT   2   2   2   2   2   2 | Cys TGT   1   0   1   1   1   1
    TTC   2   2   2   2   3   3 |     TCC   2   2   2   2   2   2 |     TAC   1   1   1   1   1   1 |     TGC   1   2   1   1   1   1
Leu TTA   0   0   0   0   0   0 |     TCA   0   0   0   1   0   0 | *** TAA   0   0   0   0   0   0 | *** TGA   0   0   0   0   0   0
    TTG   4   4   4   4   3   4 |     TCG   3   3   3   2   3   4 |     TAG   0   0   0   0   0   0 | Trp TGG   1   1   1   1   1   1
--------------------------------------------------------------------------------------------------------------------------------------
Leu CTT   3   3   4   3   3   3 | Pro CCT   2   1   2   1   0   1 | His CAT   1   1   1   1   1   1 | Arg CGT   0   0   0   0   0   0
    CTC   3   2   2   3   2   4 |     CCC   0   1   0   1   2   1 |     CAC   0   0   0   0   0   0 |     CGC   0   0   0   0   0   0
    CTA   1   2   1   1   2   1 |     CCA   1   1   1   1   1   1 | Gln CAA   2   3   2   2   3   3 |     CGA   0   0   0   0   0   0
    CTG   7   7   7   7   8   6 |     CCG   0   0   0   0   0   0 |     CAG   3   2   3   3   2   2 |     CGG   0   0   0   0   0   0
--------------------------------------------------------------------------------------------------------------------------------------
Ile ATT   7   7   7   7   6   7 | Thr ACT   1   0   1   1   1   0 | Asn AAT   3   3   3   3   2   3 | Ser AGT   0   0   0   0   0   0
    ATC   3   3   3   3   4   3 |     ACC   1   3   2   1   2   3 |     AAC   2   2   2   2   3   2 |     AGC   2   2   2   2   2   2
    ATA   2   2   2   2   2   2 |     ACA   1   1   1   1   1   1 | Lys AAA   0   0   0   0   0   0 | Arg AGA   1   1   0   1   1   1
Met ATG   1   1   1   1   1   1 |     ACG   1   0   0   1   0   0 |     AAG   1   1   1   1   1   1 |     AGG   1   1   2   1   1   1
--------------------------------------------------------------------------------------------------------------------------------------
Val GTT   1   0   1   1   1   0 | Ala GCT   2   2   3   2   2   3 | Asp GAT   4   4   4   4   4   4 | Gly GGT   0   0   0   0   0   0
    GTC   3   4   3   3   3   4 |     GCC   1   1   1   1   1   1 |     GAC   1   1   1   1   1   1 |     GGC   1   1   1   1   1   1
    GTA   0   0   0   0   0   0 |     GCA   3   3   3   3   3   2 | Glu GAA   8   8   8   8   8   7 |     GGA   2   2   2   2   2   2
    GTG   2   2   2   2   2   2 |     GCG   0   0   0   0   0   0 |     GAG   2   2   2   2   2   3 |     GGG   0   0   0   0   0   0
--------------------------------------------------------------------------------------------------------------------------------------

--------------------------------------------------------------------------------------------------------------------------------------
Phe TTT   2   2   2   2   2   2 | Ser TCT   2   2   2   2   1   1 | Tyr TAT   1   2   2   2   2   2 | Cys TGT   0   0   1   1   1   1
    TTC   2   2   2   2   2   2 |     TCC   2   2   2   2   3   3 |     TAC   2   1   1   1   1   1 |     TGC   2   2   1   1   1   1
Leu TTA   0   0   0   0   0   0 |     TCA   1   1   0   0   1   1 | *** TAA   0   0   0   0   0   0 | *** TGA   0   0   0   0   0   0
    TTG   4   4   4   4   2   1 |     TCG   3   2   3   3   2   2 |     TAG   0   0   0   0   0   0 | Trp TGG   1   1   1   1   1   1
--------------------------------------------------------------------------------------------------------------------------------------
Leu CTT   3   3   3   3   3   3 | Pro CCT   1   1   1   1   1   1 | His CAT   1   1   1   1   1   1 | Arg CGT   0   0   0   0   0   0
    CTC   2   2   3   2   2   2 |     CCC   1   1   1   1   1   1 |     CAC   0   0   0   0   0   0 |     CGC   0   0   0   0   0   0
    CTA   2   2   1   2   2   2 |     CCA   1   1   1   1   1   1 | Gln CAA   3   2   2   2   2   2 |     CGA   1   0   0   0   0   0
    CTG   7   7   7   7   9  10 |     CCG   0   0   0   0   0   0 |     CAG   2   3   3   3   3   3 |     CGG   0   0   0   0   0   0
--------------------------------------------------------------------------------------------------------------------------------------
Ile ATT   7   7   7   7   4   4 | Thr ACT   0   0   0   0   1   1 | Asn AAT   1   3   3   3   1   1 | Ser AGT   0   0   0   0   0   0
    ATC   3   3   3   3   5   5 |     ACC   3   3   3   2   3   3 |     AAC   4   2   2   2   4   4 |     AGC   2   2   2   2   2   2
    ATA   2   2   2   2   2   2 |     ACA   0   1   1   1   1   1 | Lys AAA   0   0   0   1   0   0 | Arg AGA   0   1   1   0   1   1
Met ATG   1   1   1   1   1   1 |     ACG   0   0   0   1   0   0 |     AAG   1   1   1   0   1   1 |     AGG   1   1   1   2   1   1
--------------------------------------------------------------------------------------------------------------------------------------
Val GTT   0   0   0   0   0   0 | Ala GCT   0   1   1   1   1   2 | Asp GAT   4   4   4   4   4   4 | Gly GGT   0   0   0   0   0   0
    GTC   4   4   4   4   4   4 |     GCC   1   1   2   2   1   1 |     GAC   1   1   1   1   1   1 |     GGC   1   1   1   1   1   1
    GTA   0   0   0   0   0   0 |     GCA   4   3   3   3   2   3 | Glu GAA   7   8   8   7   7   7 |     GGA   2   2   2   2   2   2
    GTG   2   2   2   2   2   2 |     GCG   2   1   0   0   2   0 |     GAG   2   2   2   3   3   3 |     GGG   0   0   0   0   0   0
--------------------------------------------------------------------------------------------------------------------------------------

Codon position x base (3x4) table for each sequence.

#1: Argali         
position  1:    T:0.20792    C:0.22772    A:0.26733    G:0.29703
position  2:    T:0.40594    C:0.19802    A:0.29703    G:0.09901
position  3:    T:0.25743    C:0.27723    A:0.21782    G:0.24752
Average         T:0.29043    C:0.23432    A:0.26073    G:0.21452

#2: LesserMouseDeer
position  1:    T:0.19802    C:0.23762    A:0.24752    G:0.31683
position  2:    T:0.40594    C:0.19802    A:0.29703    G:0.09901
position  3:    T:0.25743    C:0.25743    A:0.19802    G:0.28713
Average         T:0.28713    C:0.23102    A:0.24752    G:0.23432

#3: LesserKudu     
position  1:    T:0.18812    C:0.24752    A:0.26733    G:0.29703
position  2:    T:0.39604    C:0.20792    A:0.29703    G:0.09901
position  3:    T:0.22772    C:0.30693    A:0.20792    G:0.25743
Average         T:0.27063    C:0.25413    A:0.25743    G:0.21782

#4: ForestMuskDeer2
position  1:    T:0.20792    C:0.22772    A:0.26733    G:0.29703
position  2:    T:0.40594    C:0.19802    A:0.29703    G:0.09901
position  3:    T:0.26733    C:0.25743    A:0.20792    G:0.26733
Average         T:0.29373    C:0.22772    A:0.25743    G:0.22112

#5: Camel          
position  1:    T:0.20792    C:0.21782    A:0.26733    G:0.30693
position  2:    T:0.40594    C:0.19802    A:0.29703    G:0.09901
position  3:    T:0.30693    C:0.20792    A:0.25743    G:0.22772
Average         T:0.30693    C:0.20792    A:0.27393    G:0.21122

#6: KillerWhale    
position  1:    T:0.21782    C:0.21782    A:0.26733    G:0.29703
position  2:    T:0.40594    C:0.19802    A:0.29703    G:0.09901
position  3:    T:0.32673    C:0.19802    A:0.25743    G:0.21782
Average         T:0.31683    C:0.20462    A:0.27393    G:0.20462

#7: DefassaWaterbuck
position  1:    T:0.19802    C:0.23762    A:0.26733    G:0.29703
position  2:    T:0.39604    C:0.20792    A:0.29703    G:0.09901
position  3:    T:0.21782    C:0.32673    A:0.17822    G:0.27723
Average         T:0.27063    C:0.25743    A:0.24752    G:0.22442

#8: Sheep          
position  1:    T:0.20792    C:0.22772    A:0.26733    G:0.29703
position  2:    T:0.40594    C:0.19802    A:0.29703    G:0.09901
position  3:    T:0.25743    C:0.27723    A:0.21782    G:0.24752
Average         T:0.29043    C:0.23432    A:0.26073    G:0.21452

#9: MaxwellsDuiker 
position  1:    T:0.21782    C:0.21782    A:0.26733    G:0.29703
position  2:    T:0.40594    C:0.19802    A:0.29703    G:0.09901
position  3:    T:0.26733    C:0.26733    A:0.22772    G:0.23762
Average         T:0.29703    C:0.22772    A:0.26403    G:0.21122

#10: GazellaPrzewalskyi
position  1:    T:0.20792    C:0.22772    A:0.26733    G:0.29703
position  2:    T:0.40594    C:0.19802    A:0.29703    G:0.09901
position  3:    T:0.26733    C:0.27723    A:0.20792    G:0.24752
Average         T:0.29373    C:0.23432    A:0.25743    G:0.21452

#11: MountainNyala  
position  1:    T:0.18812    C:0.24752    A:0.26733    G:0.29703
position  2:    T:0.39604    C:0.20792    A:0.29703    G:0.09901
position  3:    T:0.23762    C:0.29703    A:0.21782    G:0.24752
Average         T:0.27393    C:0.25083    A:0.26073    G:0.21452

#12: MuntiacusMuntjak
position  1:    T:0.19802    C:0.22772    A:0.26733    G:0.30693
position  2:    T:0.40594    C:0.19802    A:0.29703    G:0.09901
position  3:    T:0.31683    C:0.22772    A:0.19802    G:0.25743
Average         T:0.30693    C:0.21782    A:0.25413    G:0.22112

#13: goat           
position  1:    T:0.20792    C:0.22772    A:0.26733    G:0.29703
position  2:    T:0.40594    C:0.19802    A:0.29703    G:0.09901
position  3:    T:0.25743    C:0.27723    A:0.22772    G:0.23762
Average         T:0.29043    C:0.23432    A:0.26403    G:0.21122

#14: AfricanBuffalo 
position  1:    T:0.19802    C:0.23762    A:0.26733    G:0.29703
position  2:    T:0.40594    C:0.18812    A:0.29703    G:0.10891
position  3:    T:0.26733    C:0.26733    A:0.21782    G:0.24752
Average         T:0.29043    C:0.23102    A:0.26073    G:0.21782

#15: Topi           
position  1:    T:0.21782    C:0.21782    A:0.26733    G:0.29703
position  2:    T:0.40594    C:0.19802    A:0.29703    G:0.09901
position  3:    T:0.24752    C:0.28713    A:0.21782    G:0.24752
Average         T:0.29043    C:0.23432    A:0.26073    G:0.21452

#16: CommonDuiker   
position  1:    T:0.21782    C:0.21782    A:0.26733    G:0.29703
position  2:    T:0.40594    C:0.19802    A:0.29703    G:0.09901
position  3:    T:0.27723    C:0.25743    A:0.23762    G:0.22772
Average         T:0.30033    C:0.22442    A:0.26733    G:0.20792

#17: Suni           
position  1:    T:0.20792    C:0.21782    A:0.27723    G:0.29703
position  2:    T:0.40594    C:0.19802    A:0.29703    G:0.09901
position  3:    T:0.26733    C:0.25743    A:0.22772    G:0.24752
Average         T:0.29373    C:0.22442    A:0.26733    G:0.21452

#18: Springbuck     
position  1:    T:0.20792    C:0.22772    A:0.26733    G:0.29703
position  2:    T:0.40594    C:0.19802    A:0.29703    G:0.09901
position  3:    T:0.27723    C:0.25743    A:0.22772    G:0.23762
Average         T:0.29703    C:0.22772    A:0.26403    G:0.21122

#19: Okapi          
position  1:    T:0.19802    C:0.23762    A:0.26733    G:0.29703
position  2:    T:0.40594    C:0.19802    A:0.29703    G:0.09901
position  3:    T:0.28713    C:0.26733    A:0.19802    G:0.24752
Average         T:0.29703    C:0.23432    A:0.25413    G:0.21452

#20: Giraffe        
position  1:    T:0.19802    C:0.23762    A:0.26733    G:0.29703
position  2:    T:0.40594    C:0.19802    A:0.29703    G:0.09901
position  3:    T:0.26733    C:0.28713    A:0.19802    G:0.24752
Average         T:0.29043    C:0.24092    A:0.25413    G:0.21452

#21: TibetanAntelope
position  1:    T:0.20792    C:0.22772    A:0.26733    G:0.29703
position  2:    T:0.40594    C:0.19802    A:0.29703    G:0.09901
position  3:    T:0.27723    C:0.25743    A:0.21782    G:0.24752
Average         T:0.29703    C:0.22772    A:0.26073    G:0.21452

#22: Sitatunga      
position  1:    T:0.18812    C:0.24752    A:0.26733    G:0.29703
position  2:    T:0.39604    C:0.20792    A:0.29703    G:0.09901
position  3:    T:0.24752    C:0.28713    A:0.21782    G:0.24752
Average         T:0.27723    C:0.24752    A:0.26073    G:0.21452

#23: Oribi          
position  1:    T:0.19802    C:0.23762    A:0.26733    G:0.29703
position  2:    T:0.40594    C:0.19802    A:0.29703    G:0.09901
position  3:    T:0.27723    C:0.25743    A:0.22772    G:0.23762
Average         T:0.29373    C:0.23102    A:0.26403    G:0.21122

#24: BarbarySheep   
position  1:    T:0.20792    C:0.22772    A:0.26733    G:0.29703
position  2:    T:0.40594    C:0.19802    A:0.29703    G:0.09901
position  3:    T:0.24752    C:0.28713    A:0.23762    G:0.22772
Average         T:0.28713    C:0.23762    A:0.26733    G:0.20792

#25: Daviddeer      
position  1:    T:0.20792    C:0.22772    A:0.26733    G:0.29703
position  2:    T:0.40594    C:0.19802    A:0.29703    G:0.09901
position  3:    T:0.30693    C:0.22772    A:0.20792    G:0.25743
Average         T:0.30693    C:0.21782    A:0.25743    G:0.21782

#26: Reindeer       
position  1:    T:0.20792    C:0.22772    A:0.26733    G:0.29703
position  2:    T:0.40594    C:0.19802    A:0.29703    G:0.09901
position  3:    T:0.28713    C:0.23762    A:0.21782    G:0.25743
Average         T:0.30033    C:0.22112    A:0.26073    G:0.21782

#27: Ibex           
position  1:    T:0.20792    C:0.22772    A:0.26733    G:0.29703
position  2:    T:0.40594    C:0.19802    A:0.29703    G:0.09901
position  3:    T:0.25743    C:0.27723    A:0.22772    G:0.23762
Average         T:0.29043    C:0.23432    A:0.26403    G:0.21122

#28: GyrantGazelle  
position  1:    T:0.20792    C:0.22772    A:0.26733    G:0.29703
position  2:    T:0.40594    C:0.19802    A:0.29703    G:0.09901
position  3:    T:0.27723    C:0.25743    A:0.22772    G:0.23762
Average         T:0.29703    C:0.22772    A:0.26403    G:0.21122

#29: Hartebeest     
position  1:    T:0.20792    C:0.22772    A:0.26733    G:0.29703
position  2:    T:0.40594    C:0.19802    A:0.29703    G:0.09901
position  3:    T:0.25743    C:0.27723    A:0.21782    G:0.24752
Average         T:0.29043    C:0.23432    A:0.26073    G:0.21452

#30: Bongo          
position  1:    T:0.18812    C:0.24752    A:0.26733    G:0.29703
position  2:    T:0.39604    C:0.20792    A:0.29703    G:0.09901
position  3:    T:0.24752    C:0.28713    A:0.21782    G:0.24752
Average         T:0.27723    C:0.24752    A:0.26073    G:0.21452

#31: Gerenuk        
position  1:    T:0.20792    C:0.22772    A:0.26733    G:0.29703
position  2:    T:0.40594    C:0.19802    A:0.29703    G:0.09901
position  3:    T:0.27723    C:0.25743    A:0.21782    G:0.24752
Average         T:0.29703    C:0.22772    A:0.26073    G:0.21452

#32: CommonEland    
position  1:    T:0.18812    C:0.24752    A:0.26733    G:0.29703
position  2:    T:0.39604    C:0.20792    A:0.29703    G:0.09901
position  3:    T:0.22772    C:0.30693    A:0.20792    G:0.25743
Average         T:0.27063    C:0.25413    A:0.25743    G:0.21782

#33: MuntiacusReevesi
position  1:    T:0.19802    C:0.22772    A:0.26733    G:0.30693
position  2:    T:0.40594    C:0.19802    A:0.29703    G:0.09901
position  3:    T:0.31683    C:0.22772    A:0.19802    G:0.25743
Average         T:0.30693    C:0.21782    A:0.25413    G:0.22112

#34: HarveysDuiker  
position  1:    T:0.21782    C:0.21782    A:0.26733    G:0.29703
position  2:    T:0.40594    C:0.19802    A:0.29703    G:0.09901
position  3:    T:0.27723    C:0.25743    A:0.24752    G:0.21782
Average         T:0.30033    C:0.22442    A:0.27063    G:0.20462

#35: Pronghorn      
position  1:    T:0.21782    C:0.21782    A:0.25743    G:0.30693
position  2:    T:0.40594    C:0.19802    A:0.29703    G:0.09901
position  3:    T:0.27723    C:0.27723    A:0.17822    G:0.26733
Average         T:0.30033    C:0.23102    A:0.24422    G:0.22442

#36: BlueWildebeest 
position  1:    T:0.20792    C:0.22772    A:0.26733    G:0.29703
position  2:    T:0.40594    C:0.19802    A:0.29703    G:0.09901
position  3:    T:0.25743    C:0.26733    A:0.21782    G:0.25743
Average         T:0.29043    C:0.23102    A:0.26073    G:0.21782

#37: Gemsbok        
position  1:    T:0.20792    C:0.22772    A:0.26733    G:0.29703
position  2:    T:0.40594    C:0.19802    A:0.30693    G:0.08911
position  3:    T:0.26733    C:0.26733    A:0.21782    G:0.24752
Average         T:0.29373    C:0.23102    A:0.26403    G:0.21122

#38: Yak            
position  1:    T:0.19802    C:0.23762    A:0.26733    G:0.29703
position  2:    T:0.40594    C:0.19802    A:0.29703    G:0.09901
position  3:    T:0.26733    C:0.26733    A:0.22772    G:0.23762
Average         T:0.29043    C:0.23432    A:0.26403    G:0.21122

#39: BlueSheep      
position  1:    T:0.20792    C:0.22772    A:0.26733    G:0.29703
position  2:    T:0.40594    C:0.19802    A:0.29703    G:0.09901
position  3:    T:0.25743    C:0.28713    A:0.21782    G:0.23762
Average         T:0.29043    C:0.23762    A:0.26073    G:0.21122

#40: BohorReedbuck  
position  1:    T:0.19802    C:0.23762    A:0.26733    G:0.29703
position  2:    T:0.39604    C:0.20792    A:0.29703    G:0.09901
position  3:    T:0.19802    C:0.34653    A:0.17822    G:0.27723
Average         T:0.26403    C:0.26403    A:0.24752    G:0.22442

#41: KirksDik       
position  1:    T:0.20792    C:0.22772    A:0.26733    G:0.29703
position  2:    T:0.40594    C:0.19802    A:0.29703    G:0.09901
position  3:    T:0.26733    C:0.26733    A:0.21782    G:0.24752
Average         T:0.29373    C:0.23102    A:0.26073    G:0.21452

#42: RoeDeer        
position  1:    T:0.19802    C:0.23762    A:0.26733    G:0.29703
position  2:    T:0.40594    C:0.19802    A:0.29703    G:0.09901
position  3:    T:0.28713    C:0.24752    A:0.22772    G:0.23762
Average         T:0.29703    C:0.22772    A:0.26403    G:0.21122

#43: WhiteLippedDeer
position  1:    T:0.20792    C:0.22772    A:0.26733    G:0.29703
position  2:    T:0.40594    C:0.19802    A:0.29703    G:0.09901
position  3:    T:0.30693    C:0.22772    A:0.20792    G:0.25743
Average         T:0.30693    C:0.21782    A:0.25743    G:0.21782

#44: ThomsonGazelle 
position  1:    T:0.20792    C:0.22772    A:0.26733    G:0.29703
position  2:    T:0.40594    C:0.19802    A:0.29703    G:0.09901
position  3:    T:0.26733    C:0.26733    A:0.22772    G:0.23762
Average         T:0.29373    C:0.23102    A:0.26403    G:0.21122

#45: MuntiacusCrinifrons
position  1:    T:0.19802    C:0.22772    A:0.26733    G:0.30693
position  2:    T:0.40594    C:0.19802    A:0.29703    G:0.09901
position  3:    T:0.31683    C:0.22772    A:0.19802    G:0.25743
Average         T:0.30693    C:0.21782    A:0.25413    G:0.22112

#46: WhiteTailedDeer
position  1:    T:0.20792    C:0.22772    A:0.26733    G:0.29703
position  2:    T:0.40594    C:0.19802    A:0.29703    G:0.09901
position  3:    T:0.29703    C:0.23762    A:0.21782    G:0.24752
Average         T:0.30363    C:0.22112    A:0.26073    G:0.21452

#47: Cattle         
position  1:    T:0.19802    C:0.23762    A:0.26733    G:0.29703
position  2:    T:0.40594    C:0.19802    A:0.29703    G:0.09901
position  3:    T:0.25743    C:0.27723    A:0.22772    G:0.23762
Average         T:0.28713    C:0.23762    A:0.26403    G:0.21122

#48: RoyalAntelope  
position  1:    T:0.20792    C:0.22772    A:0.26733    G:0.29703
position  2:    T:0.40594    C:0.19802    A:0.29703    G:0.09901
position  3:    T:0.26733    C:0.28713    A:0.19802    G:0.24752
Average         T:0.29373    C:0.23762    A:0.25413    G:0.21452

#49: Steenbok       
position  1:    T:0.21782    C:0.23762    A:0.24752    G:0.29703
position  2:    T:0.40594    C:0.20792    A:0.28713    G:0.09901
position  3:    T:0.21782    C:0.29703    A:0.22772    G:0.25743
Average         T:0.28053    C:0.24752    A:0.25413    G:0.21782

#50: Impala         
position  1:    T:0.20792    C:0.22772    A:0.26733    G:0.29703
position  2:    T:0.40594    C:0.19802    A:0.29703    G:0.09901
position  3:    T:0.25743    C:0.26733    A:0.22772    G:0.24752
Average         T:0.29043    C:0.23102    A:0.26403    G:0.21452

#51: Klipspringer   
position  1:    T:0.20792    C:0.22772    A:0.26733    G:0.29703
position  2:    T:0.40594    C:0.19802    A:0.29703    G:0.09901
