CODONML (in paml version 4.10.7, June 2023)  /home/rachel/ruminants_paml/6406-phy-tree/ENSBTAT00000024529.fasta.phy
Model: free dN/dS Ratios for branches,  kappa = 2.000 fixed

Codon frequency model: F3x4
ns =  54  ls =  30

Codon usage in sequences
--------------------------------------------------------------------------------------------------------------------------------------
Phe TTT   1   1   1   1   1   1 | Ser TCT   0   0   0   0   0   0 | Tyr TAT   0   0   0   1   0   0 | Cys TGT   1   1   1   1   1   1
    TTC   0   0   0   0   0   0 |     TCC   0   0   0   0   0   0 |     TAC   1   1   1   0   1   1 |     TGC   0   0   0   0   0   0
Leu TTA   0   0   0   0   0   0 |     TCA   1   1   1   1   1   0 | *** TAA   0   0   0   0   0   0 | *** TGA   0   0   0   0   0   0
    TTG   1   1   1   1   1   1 |     TCG   0   0   0   0   0   1 |     TAG   0   0   0   0   0   0 | Trp TGG   1   1   1   1   1   1
--------------------------------------------------------------------------------------------------------------------------------------
Leu CTT   0   0   0   0   0   0 | Pro CCT   1   1   1   0   1   1 | His CAT   2   2   2   2   3   3 | Arg CGT   0   0   0   0   0   0
    CTC   0   0   0   0   0   0 |     CCC   0   0   0   0   0   0 |     CAC   0   0   0   0   0   0 |     CGC   0   0   0   0   0   0
    CTA   1   1   1   1   0   0 |     CCA   0   0   0   1   0   0 | Gln CAA   0   0   0   0   0   0 |     CGA   1   1   1   1   1   1
    CTG   0   0   0   0   0   0 |     CCG   0   0   0   0   0   0 |     CAG   1   1   1   1   1   1 |     CGG   0   0   0   0   0   0
--------------------------------------------------------------------------------------------------------------------------------------
Ile ATT   0   0   0   0   0   0 | Thr ACT   1   1   1   1   1   1 | Asn AAT   1   1   1   1   2   1 | Ser AGT   1   1   1   1   0   1
    ATC   2   2   2   2   2   2 |     ACC   0   0   0   0   0   0 |     AAC   0   0   0   0   0   0 |     AGC   1   1   1   1   1   1
    ATA   1   1   0   1   1   1 |     ACA   0   0   0   0   0   0 | Lys AAA   1   1   1   1   1   1 | Arg AGA   0   0   1   0   0   0
Met ATG   0   0   0   0   0   0 |     ACG   0   0   0   0   0   0 |     AAG   1   1   1   1   1   1 |     AGG   1   1   1   1   1   1
--------------------------------------------------------------------------------------------------------------------------------------
Val GTT   0   0   0   0   0   0 | Ala GCT   1   1   1   1   0   1 | Asp GAT   0   0   0   0   0   0 | Gly GGT   0   0   0   0   0   0
    GTC   0   0   0   0   0   0 |     GCC   0   0   0   0   0   0 |     GAC   0   0   0   0   0   0 |     GGC   1   1   1   1   1   1
    GTA   1   1   1   1   1   1 |     GCA   0   0   0   0   1   0 | Glu GAA   2   2   2   2   2   2 |     GGA   2   2   2   2   3   3
    GTG   0   0   0   0   0   0 |     GCG   0   0   0   0   0   0 |     GAG   0   0   0   0   0   0 |     GGG   1   1   1   1   0   0
--------------------------------------------------------------------------------------------------------------------------------------

--------------------------------------------------------------------------------------------------------------------------------------
Phe TTT   1   1   1   1   1   1 | Ser TCT   0   0   0   0   0   0 | Tyr TAT   0   0   0   0   0   0 | Cys TGT   1   1   1   1   1   1
    TTC   0   0   0   0   0   0 |     TCC   0   0   0   0   0   0 |     TAC   1   1   1   1   1   0 |     TGC   0   0   0   0   0   0
Leu TTA   0   0   0   0   0   0 |     TCA   1   1   1   1   1   1 | *** TAA   0   0   0   0   0   0 | *** TGA   0   0   0   0   0   0
    TTG   1   1   1   1   1   1 |     TCG   0   0   0   0   0   0 |     TAG   0   0   0   0   0   0 | Trp TGG   1   1   1   1   1   1
--------------------------------------------------------------------------------------------------------------------------------------
Leu CTT   0   0   0   0   0   0 | Pro CCT   1   1   1   1   1   1 | His CAT   2   2   2   2   2   2 | Arg CGT   0   0   0   0   0   0
    CTC   0   0   0   0   0   0 |     CCC   0   0   0   0   0   0 |     CAC   0   0   0   0   0   1 |     CGC   0   0   0   0   0   0
    CTA   1   1   1   1   1   1 |     CCA   0   0   0   0   0   0 | Gln CAA   0   0   0   0   0   0 |     CGA   1   1   1   1   1   1
    CTG   0   0   0   0   0   0 |     CCG   0   0   0   0   0   0 |     CAG   1   1   1   1   1   1 |     CGG   0   0   0   0   0   0
--------------------------------------------------------------------------------------------------------------------------------------
Ile ATT   0   0   0   0   0   0 | Thr ACT   1   1   1   1   1   1 | Asn AAT   1   1   1   1   1   1 | Ser AGT   1   1   2   1   0   1
    ATC   2   2   2   2   2   2 |     ACC   0   0   0   0   0   0 |     AAC   0   0   0   0   0   0 |     AGC   1   1   0   1   2   1
    ATA   1   1   1   1   0   1 |     ACA   0   0   0   0   0   0 | Lys AAA   1   1   1   1   1   1 | Arg AGA   0   0   0   0   1   0
Met ATG   0   0   0   0   0   0 |     ACG   0   0   0   0   0   0 |     AAG   1   1   1   1   1   1 |     AGG   1   1   1   1   1   1
--------------------------------------------------------------------------------------------------------------------------------------
Val GTT   0   0   0   0   0   0 | Ala GCT   1   1   1   1   1   1 | Asp GAT   0   0   0   0   0   0 | Gly GGT   0   0   0   0   0   0
    GTC   0   0   0   0   0   0 |     GCC   0   0   0   0   0   0 |     GAC   0   0   0   0   0   0 |     GGC   1   1   1   1   1   1
    GTA   1   1   1   1   1   1 |     GCA   0   0   0   0   0   0 | Glu GAA   2   2   2   2   2   2 |     GGA   2   2   2   2   2   2
    GTG   0   0   0   0   0   0 |     GCG   0   0   0   0   0   0 |     GAG   0   0   0   0   0   0 |     GGG   1   1   1   1   1   1
--------------------------------------------------------------------------------------------------------------------------------------

--------------------------------------------------------------------------------------------------------------------------------------
Phe TTT   1   1   1   1   1   1 | Ser TCT   0   0   0   0   0   0 | Tyr TAT   0   0   0   0   0   0 | Cys TGT   1   1   1   1   1   1
    TTC   0   0   0   0   0   0 |     TCC   0   0   0   0   0   0 |     TAC   1   1   1   1   1   1 |     TGC   0   0   0   0   0   0
Leu TTA   0   0   0   0   0   0 |     TCA   1   1   1   1   1   1 | *** TAA   0   0   0   0   0   0 | *** TGA   0   0   0   0   0   0
    TTG   1   1   1   1   1   1 |     TCG   0   0   0   0   0   0 |     TAG   0   0   0   0   0   0 | Trp TGG   1   1   1   1   1   1
--------------------------------------------------------------------------------------------------------------------------------------
Leu CTT   0   0   0   0   0   0 | Pro CCT   1   0   1   1   1   1 | His CAT   2   2   2   2   2   2 | Arg CGT   0   0   0   0   0   0
    CTC   0   0   0   0   0   0 |     CCC   0   1   0   0   0   0 |     CAC   0   0   0   0   0   0 |     CGC   0   0   0   0   0   0
    CTA   1   1   1   1   1   1 |     CCA   0   0   0   0   0   0 | Gln CAA   0   0   0   0   0   0 |     CGA   1   1   1   1   1   1
    CTG   0   0   0   0   0   0 |     CCG   0   0   0   0   0   0 |     CAG   1   1   1   1   1   1 |     CGG   0   0   0   0   0   0
--------------------------------------------------------------------------------------------------------------------------------------
Ile ATT   0   0   1   0   0   0 | Thr ACT   1   1   1   1   1   1 | Asn AAT   1   1   1   2   1   1 | Ser AGT   1   1   0   0   1   1
    ATC   2   2   2   2   2   2 |     ACC   0   0   0   0   0   0 |     AAC   0   0   0   0   0   0 |     AGC   1   1   1   1   1   1
    ATA   1   1   1   1   1   1 |     ACA   0   0   0   0   0   0 | Lys AAA   1   1   1   1   1   1 | Arg AGA   0   0   0   0   0   0
Met ATG   0   0   0   0   0   0 |     ACG   0   0   0   0   0   0 |     AAG   1   1   1   1   1   1 |     AGG   1   1   1   1   1   1
--------------------------------------------------------------------------------------------------------------------------------------
Val GTT   0   0   0   0   0   0 | Ala GCT   1   1   1   1   1   1 | Asp GAT   0   0   0   0   0   0 | Gly GGT   0   0   0   0   0   0
    GTC   0   0   0   0   0   0 |     GCC   0   0   0   0   0   0 |     GAC   0   0   0   0   0   0 |     GGC   1   1   1   1   1   1
    GTA   1   1   1   1   1   1 |     GCA   0   0   0   0   0   0 | Glu GAA   2   2   2   2   2   2 |     GGA   2   2   2   2   2   2
    GTG   0   0   0   0   0   0 |     GCG   0   0   0   0   0   0 |     GAG   0   0   0   0   0   0 |     GGG   1   1   1   1   1   1
--------------------------------------------------------------------------------------------------------------------------------------

--------------------------------------------------------------------------------------------------------------------------------------
Phe TTT   1   1   1   1   1   1 | Ser TCT   0   0   0   0   0   0 | Tyr TAT   0   0   0   0   0   0 | Cys TGT   1   1   1   1   1   1
    TTC   0   0   0   0   0   0 |     TCC   0   0   0   0   0   0 |     TAC   1   1   1   1   1   1 |     TGC   0   0   0   0   0   0
Leu TTA   0   0   0   0   0   0 |     TCA   1   1   1   1   1   1 | *** TAA   0   0   0   0   0   0 | *** TGA   0   0   0   0   0   0
    TTG   1   1   1   1   1   1 |     TCG   0   0   0   0   0   0 |     TAG   0   0   0   0   0   0 | Trp TGG   1   1   1   1   1   1
--------------------------------------------------------------------------------------------------------------------------------------
Leu CTT   0   0   0   0   0   0 | Pro CCT   1   1   1   1   1   1 | His CAT   2   2   2   2   2   2 | Arg CGT   0   0   0   0   0   0
    CTC   0   0   0   0   0   0 |     CCC   0   0   0   0   0   0 |     CAC   0   0   0   0   0   0 |     CGC   0   0   0   0   0   0
    CTA   1   1   1   1   1   1 |     CCA   0   0   0   0   0   0 | Gln CAA   0   0   0   0   0   0 |     CGA   1   1   1   1   1   1
    CTG   0   0   0   0   0   0 |     CCG   0   0   0   0   0   0 |     CAG   1   1   1   1   1   1 |     CGG   0   0   0   0   0   0
--------------------------------------------------------------------------------------------------------------------------------------
Ile ATT   0   0   0   0   0   0 | Thr ACT   1   1   1   1   1   1 | Asn AAT   1   1   0   1   1   0 | Ser AGT   1   1   1   0   1   1
    ATC   2   2   2   2   2   2 |     ACC   0   0   0   0   0   0 |     AAC   0   0   1   0   0   1 |     AGC   1   1   1   2   1   1
    ATA   1   1   1   0   1   1 |     ACA   0   0   0   0   0   0 | Lys AAA   1   1   1   1   1   1 | Arg AGA   0   0   0   1   0   0
Met ATG   0   0   0   0   0   0 |     ACG   0   0   0   0   0   0 |     AAG   1   1   1   1   1   1 |     AGG   1   1   1   1   1   1
--------------------------------------------------------------------------------------------------------------------------------------
Val GTT   0   0   0   0   0   0 | Ala GCT   1   1   1   1   1   1 | Asp GAT   0   0   0   0   0   0 | Gly GGT   0   0   0   0   0   0
    GTC   0   0   0   0   0   0 |     GCC   0   0   0   0   0   0 |     GAC   0   0   0   0   0   0 |     GGC   1   1   1   1   1   1
    GTA   1   1   1   1   1   1 |     GCA   0   0   0   0   0   0 | Glu GAA   2   2   2   2   2   2 |     GGA   2   2   2   2   2   2
    GTG   0   0   0   0   0   0 |     GCG   0   0   0   0   0   0 |     GAG   0   0   0   0   0   0 |     GGG   1   1   1   1   1   1
--------------------------------------------------------------------------------------------------------------------------------------

--------------------------------------------------------------------------------------------------------------------------------------
Phe TTT   1   1   1   1   1   1 | Ser TCT   0   0   0   0   0   0 | Tyr TAT   0   0   0   0   0   0 | Cys TGT   1   1   1   1   1   1
    TTC   0   0   0   0   0   0 |     TCC   0   0   0   0   0   0 |     TAC   0   0   1   1   1   1 |     TGC   0   0   0   0   0   0
Leu TTA   0   0   0   0   0   0 |     TCA   1   1   1   1   1   1 | *** TAA   0   0   0   0   0   0 | *** TGA   0   0   0   0   0   0
    TTG   1   1   1   1   1   1 |     TCG   0   0   0   0   0   0 |     TAG   0   0   0   0   0   0 | Trp TGG   1   1   1   1   1   1
--------------------------------------------------------------------------------------------------------------------------------------
Leu CTT   0   0   0   0   0   0 | Pro CCT   1   1   1   1   1   1 | His CAT   2   2   2   2   2   2 | Arg CGT   0   0   0   0   0   0
    CTC   0   0   0   0   0   1 |     CCC   0   0   0   0   0   0 |     CAC   1   1   0   0   0   0 |     CGC   0   0   0   0   0   0
    CTA   1   1   1   1   1   0 |     CCA   0   0   0   0   0   0 | Gln CAA   0   0   0   0   0   0 |     CGA   1   1   1   1   1   1
    CTG   0   0   0   0   0   0 |     CCG   0   0   0   0   0   0 |     CAG   1   1   1   1   1   1 |     CGG   0   0   0   0   0   0
--------------------------------------------------------------------------------------------------------------------------------------
Ile ATT   0   0   0   0   1   0 | Thr ACT   1   1   1   1   1   1 | Asn AAT   1   0   1   1   1   1 | Ser AGT   1   1   1   1   0   1
    ATC   2   2   2   2   2   2 |     ACC   0   0   0   0   0   0 |     AAC   0   1   0   0   0   0 |     AGC   1   1   1   1   1   1
    ATA   1   1   1   1   1   0 |     ACA   0   0   0   0   0   0 | Lys AAA   1   1   1   1   1   1 | Arg AGA   0   0   0   0   0   1
Met ATG   0   0   0   0   0   0 |     ACG   0   0   0   0   0   0 |     AAG   1   1   1   1   1   1 |     AGG   1   1   1   1   1   1
--------------------------------------------------------------------------------------------------------------------------------------
Val GTT   0   0   0   0   0   0 | Ala GCT   1   1   1   1   1   1 | Asp GAT   0   0   0   0   0   0 | Gly GGT   0   0   0   0   0   0
    GTC   0   0   0   0   0   0 |     GCC   0   0   0   0   0   0 |     GAC   0   0   0   0   0   0 |     GGC   1   1   1   1   1   1
    GTA   1   1   1   1   1   1 |     GCA   0   0   0   0   0   0 | Glu GAA   2   2   2   2   2   2 |     GGA   2   2   2   2   2   2
    GTG   0   0   0   0   0   0 |     GCG   0   0   0   0   0   0 |     GAG   0   0   0   0   0   0 |     GGG   1   1   1   1   1   1
--------------------------------------------------------------------------------------------------------------------------------------

--------------------------------------------------------------------------------------------------------------------------------------
Phe TTT   1   1   1   1   1   1 | Ser TCT   0   0   0   0   0   0 | Tyr TAT   0   0   0   0   0   0 | Cys TGT   1   1   1   1   1   1
    TTC   0   0   0   0   0   0 |     TCC   0   0   0   0   0   0 |     TAC   1   1   0   1   0   1 |     TGC   0   0   0   0   1   0
Leu TTA   0   0   0   0   0   0 |     TCA   1   1   1   1   1   1 | *** TAA   0   0   0   0   0   0 | *** TGA   0   0   0   0   0   0
    TTG   1   1   1   1   1   1 |     TCG   0   0   0   0   0   0 |     TAG   0   0   0   0   0   0 | Trp TGG   1   1   1   1   1   1
--------------------------------------------------------------------------------------------------------------------------------------
Leu CTT   0   0   0   0   0   0 | Pro CCT   1   1   1   1   1   1 | His CAT   2   2   2   2   2   2 | Arg CGT   0   0   0   0   0   0
    CTC   0   0   0   0   0   0 |     CCC   0   0   0   0   0   0 |     CAC   0   0   1   0   0   0 |     CGC   0   0   0   0   0   0
    CTA   1   1   1   1   1   1 |     CCA   0   0   0   0   0   0 | Gln CAA   0   0   0   0   0   0 |     CGA   1   1   1   1   1   1
    CTG   0   0   0   0   0   0 |     CCG   0   0   0   0   0   0 |     CAG   1   1   1   1   1   1 |     CGG   0   0   0   0   0   0
--------------------------------------------------------------------------------------------------------------------------------------
Ile ATT   0   0   0   0   0   1 | Thr ACT   1   1   1   1   1   1 | Asn AAT   1   1   1   2   1   1 | Ser AGT   1   0   1   0   1   0
    ATC   2   2   2   2   2   2 |     ACC   0   0   0   0   0   0 |     AAC   0   0   0   0   0   0 |     AGC   1   2   1   1   1   1
    ATA   1   0   1   1   1   1 |     ACA   0   0   0   0   0   0 | Lys AAA   1   1   1   1   1   1 | Arg AGA   0   1   0   0   0   0
Met ATG   0   0   0   0   0   0 |     ACG   0   0   0   0   0   0 |     AAG   1   1   1   1   1   1 |     AGG   1   1   1   1   1   1
--------------------------------------------------------------------------------------------------------------------------------------
Val GTT   0   0   0   0   0   0 | Ala GCT   1   1   1   1   1   1 | Asp GAT   0   0   0   0   0   0 | Gly GGT   0   0   0   0   0   0
    GTC   0   0   0   0   0   0 |     GCC   0   0   0   0   0   0 |     GAC   0   0   0   0   0   0 |     GGC   1   1   1   1   1   1
    GTA   1   1   1   1   1   1 |     GCA   0   0   0   0   0   0 | Glu GAA   2   2   2   2   2   2 |     GGA   3   2   2   2   2   2
    GTG   0   0   0   0   0   0 |     GCG   0   0   0   0   0   0 |     GAG   0   0   0   0   0   0 |     GGG   0   1   1   1   1   1
--------------------------------------------------------------------------------------------------------------------------------------

--------------------------------------------------------------------------------------------------------------------------------------
Phe TTT   1   1   1   1   1   1 | Ser TCT   0   0   0   0   0   0 | Tyr TAT   0   0   1   0   0   0 | Cys TGT   1   1   1   1   1   1
    TTC   0   0   0   0   0   0 |     TCC   0   0   0   0   0   0 |     TAC   1   1   0   1   1   0 |     TGC   0   0   0   0   0   0
Leu TTA   0   0   0   0   0   0 |     TCA   1   1   1   1   1   1 | *** TAA   0   0   0   0   0   0 | *** TGA   0   0   0   0   0   0
    TTG   1   1   1   1   1   1 |     TCG   0   0   0   0   0   0 |     TAG   0   0   0   0   0   0 | Trp TGG   1   1   1   1   1   1
--------------------------------------------------------------------------------------------------------------------------------------
Leu CTT   0   0   0   0   0   0 | Pro CCT   1   1   1   1   1   0 | His CAT   2   2   2   2   2   2 | Arg CGT   0   0   0   0   0   0
    CTC   0   0   0   0   0   0 |     CCC   0   0   0   0   0   0 |     CAC   0   0   0   0   0   1 |     CGC   0   0   0   0   0   0
    CTA   1   1   1   1   1   1 |     CCA   0   0   0   0   0   1 | Gln CAA   0   0   0   0   0   0 |     CGA   1   1   1   1   1   1
    CTG   0   0   0   0   0   0 |     CCG   0   0   0   0   0   0 |     CAG   1   1   1   1   1   1 |     CGG   0   0   0   0   0   0
--------------------------------------------------------------------------------------------------------------------------------------
Ile ATT   1   0   0   0   0   0 | Thr ACT   1   1   1   1   1   1 | Asn AAT   1   1   1   1   1   1 | Ser AGT   0   1   1   1   1   1
    ATC   2   2   2   2   2   2 |     ACC   0   0   0   0   0   0 |     AAC   0   0   0   0   0   0 |     AGC   1   1   1   1   1   1
    ATA   1   1   1   1   1   1 |     ACA   0   0   0   0   0   0 | Lys AAA   1   0   1   1   1   1 | Arg AGA   0   0   0   0   0   0
Met ATG   0   0   0   0   0   0 |     ACG   0   0   0   0   0   0 |     AAG   1   2   1   1   1   1 |     AGG   1   2   1   1   1   1
--------------------------------------------------------------------------------------------------------------------------------------
Val GTT   0   0   0   0   0   0 | Ala GCT   1   1   1   1   1   1 | Asp GAT   0   0   0   0   0   0 | Gly GGT   0   0   0   0   0   0
    GTC   0   0   0   0   0   0 |     GCC   0   0   0   0   0   0 |     GAC   0   0   0   0   0   0 |     GGC   1   1   1   1   1   1
    GTA   1   1   1   1   1   1 |     GCA   0   0   0   0   0   0 | Glu GAA   2   2   2   2   2   2 |     GGA   2   2   2   2   1   2
    GTG   0   0   0   0   0   0 |     GCG   0   0   0   0   0   0 |     GAG   0   0   0   0   0   0 |     GGG   1   0   1   1   2   1
--------------------------------------------------------------------------------------------------------------------------------------

--------------------------------------------------------------------------------------------------------------------------------------
Phe TTT   1   1   1   1   1   1 | Ser TCT   0   0   0   0   0   0 | Tyr TAT   0   0   0   0   0   0 | Cys TGT   1   1   1   1   1   1
    TTC   0   0   0   0   0   0 |     TCC   0   0   0   0   0   0 |     TAC   0   1   0   0   1   1 |     TGC   0   0   0   0   0   0
Leu TTA   0   0   0   0   0   0 |     TCA   1   1   1   1   1   1 | *** TAA   0   0   0   0   0   0 | *** TGA   0   0   0   0   0   0
    TTG   1   1   1   1   1   1 |     TCG   0   0   0   0   0   0 |     TAG   0   0   0   0   0   0 | Trp TGG   1   1   1   1   1   1
--------------------------------------------------------------------------------------------------------------------------------------
Leu CTT   0   0   0   0   0   0 | Pro CCT   1   1   1   1   1   1 | His CAT   2   2   2   2   2   2 | Arg CGT   0   0   0   0   0   0
    CTC   0   0   0   0   0   0 |     CCC   0   0   0   0   0   0 |     CAC   1   0   1   1   0   0 |     CGC   0   0   0   0   0   0
    CTA   1   1   1   1   1   1 |     CCA   0   0   0   0   0   0 | Gln CAA   0   0   0   0   0   0 |     CGA   1   1   1   1   1   1
    CTG   0   0   0   0   0   0 |     CCG   0   0   0   0   0   0 |     CAG   1   1   1   1   1   1 |     CGG   0   0   0   0   0   0
--------------------------------------------------------------------------------------------------------------------------------------
Ile ATT   0   0   0   0   0   0 | Thr ACT   1   1   1   1   1   1 | Asn AAT   1   1   1   1   1   1 | Ser AGT   1   1   1   1   1   1
    ATC   2   2   2   2   2   2 |     ACC   0   0   0   0   0   0 |     AAC   0   0   0   0   0   0 |     AGC   1   1   1   1   1   1
    ATA   1   1   1   1   1   1 |     ACA   0   0   0   0   0   0 | Lys AAA   1   1   1   1   0   1 | Arg AGA   0   0   0   0   0   0
Met ATG   0   0   0   0   0   0 |     ACG   0   0   0   0   0   0 |     AAG   1   1   1   1   2   1 |     AGG   1   1   1   1   2   1
--------------------------------------------------------------------------------------------------------------------------------------
Val GTT   0   0   0   0   0   0 | Ala GCT   1   1   1   1   1   1 | Asp GAT   0   0   0   0   0   0 | Gly GGT   0   0   0   0   0   0
    GTC   0   0   0   0   0   0 |     GCC   0   0   0   0   0   0 |     GAC   0   0   0   0   0   0 |     GGC   1   1   1   1   1   1
    GTA   1   1   1   1   1   1 |     GCA   0   0   0   0   0   0 | Glu GAA   2   2   2   2   2   2 |     GGA   2   2   2   2   2   2
    GTG   0   0   0   0   0   0 |     GCG   0   0   0   0   0   0 |     GAG   0   0   0   0   0   0 |     GGG   1   1   1   1   0   1
--------------------------------------------------------------------------------------------------------------------------------------

--------------------------------------------------------------------------------------------------------------------------------------
Phe TTT   1   1   1   1   1   1 | Ser TCT   0   0   0   0   0   0 | Tyr TAT   0   0   0   1   0   0 | Cys TGT   1   1   1   1   1   1
    TTC   0   0   0   0   0   0 |     TCC   0   0   0   0   0   0 |     TAC   1   1   1   0   1   1 |     TGC   0   0   0   0   0   0
Leu TTA   0   0   0   0   0   0 |     TCA   1   1   1   1   1   1 | *** TAA   0   0   0   0   0   0 | *** TGA   0   0   0   0   0   0
    TTG   1   1   1   1   1   1 |     TCG   0   0   0   0   0   0 |     TAG   0   0   0   0   0   0 | Trp TGG   1   1   1   1   1   1
--------------------------------------------------------------------------------------------------------------------------------------
Leu CTT   0   0   0   0   0   0 | Pro CCT   1   1   1   0   1   1 | His CAT   2   2   2   2   2   2 | Arg CGT   0   0   0   0   0   0
    CTC   0   0   0   0   0   0 |     CCC   0   0   0   0   0   0 |     CAC   0   0   0   0   0   0 |     CGC   0   0   0   0   0   0
    CTA   1   1   1   1   1   1 |     CCA   0   0   0   1   0   0 | Gln CAA   0   1   0   0   0   0 |     CGA   1   1   1   1   1   1
    CTG   0   0   0   0   0   0 |     CCG   0   0   0   0   0   0 |     CAG   1   0   1   1   1   1 |     CGG   0   0   0   0   0   0
--------------------------------------------------------------------------------------------------------------------------------------
Ile ATT   0   0   0   0   0   0 | Thr ACT   1   1   1   1   1   1 | Asn AAT   1   1   1   1   1   1 | Ser AGT   1   1   1   1   1   1
    ATC   2   2   2   2   2   2 |     ACC   0   0   0   0   0   0 |     AAC   0   0   0   0   0   0 |     AGC   1   1   1   1   1   1
    ATA   1   1   1   1   0   0 |     ACA   0   0   0   0   0   0 | Lys AAA   1   1   1   1   1   1 | Arg AGA   0   0   0   0   1   1
Met ATG   0   0   0   0   0   0 |     ACG   0   0   0   0   0   0 |     AAG   1   1   1   1   1   1 |     AGG   1   1   1   1   1   1
--------------------------------------------------------------------------------------------------------------------------------------
Val GTT   0   0   0   0   0   0 | Ala GCT   1   1   1   1   1   1 | Asp GAT   0   0   0   0   0   0 | Gly GGT   0   0   0   0   0   0
    GTC   0   0   0   0   0   0 |     GCC   0   0   0   0   0   0 |     GAC   0   0   0   0   0   0 |     GGC   1   1   1   1   1   1
    GTA   1   1   1   1   1   1 |     GCA   0   0   0   0   0   0 | Glu GAA   2   2   2   2   2   2 |     GGA   2   2   2   2   2   2
    GTG   0   0   0   0   0   0 |     GCG   0   0   0   0   0   0 |     GAG   0   0   0   0   0   0 |     GGG   1   1   1   1   1   1
--------------------------------------------------------------------------------------------------------------------------------------

Codon position x base (3x4) table for each sequence.

#1: Argali         
position  1:    T:0.20000    C:0.20000    A:0.33333    G:0.26667
position  2:    T:0.23333    C:0.13333    A:0.30000    G:0.33333
position  3:    T:0.30000    C:0.16667    A:0.33333    G:0.20000
Average         T:0.24444    C:0.16667    A:0.32222    G:0.26667

#2: LesserMouseDeer
position  1:    T:0.20000    C:0.20000    A:0.33333    G:0.26667
position  2:    T:0.23333    C:0.13333    A:0.30000    G:0.33333
position  3:    T:0.30000    C:0.16667    A:0.33333    G:0.20000
Average         T:0.24444    C:0.16667    A:0.32222    G:0.26667

#3: LesserKudu     
position  1:    T:0.20000    C:0.20000    A:0.33333    G:0.26667
position  2:    T:0.20000    C:0.13333    A:0.30000    G:0.36667
position  3:    T:0.30000    C:0.16667    A:0.33333    G:0.20000
Average         T:0.23333    C:0.16667    A:0.32222    G:0.27778

#4: ForestMuskDeer2
position  1:    T:0.20000    C:0.20000    A:0.33333    G:0.26667
position  2:    T:0.23333    C:0.13333    A:0.30000    G:0.33333
position  3:    T:0.30000    C:0.13333    A:0.36667    G:0.20000
Average         T:0.24444    C:0.15556    A:0.33333    G:0.26667

#5: Camel          
position  1:    T:0.20000    C:0.20000    A:0.33333    G:0.26667
position  2:    T:0.20000    C:0.13333    A:0.36667    G:0.30000
position  3:    T:0.30000    C:0.16667    A:0.36667    G:0.16667
Average         T:0.23333    C:0.16667    A:0.35556    G:0.24444

#6: KillerWhale    
position  1:    T:0.20000    C:0.20000    A:0.33333    G:0.26667
position  2:    T:0.20000    C:0.13333    A:0.33333    G:0.33333
position  3:    T:0.33333    C:0.16667    A:0.30000    G:0.20000
Average         T:0.24444    C:0.16667    A:0.32222    G:0.26667

#7: DefassaWaterbuck
position  1:    T:0.20000    C:0.20000    A:0.33333    G:0.26667
position  2:    T:0.23333    C:0.13333    A:0.30000    G:0.33333
position  3:    T:0.30000    C:0.16667    A:0.33333    G:0.20000
Average         T:0.24444    C:0.16667    A:0.32222    G:0.26667

#8: Sheep          
position  1:    T:0.20000    C:0.20000    A:0.33333    G:0.26667
position  2:    T:0.23333    C:0.13333    A:0.30000    G:0.33333
position  3:    T:0.30000    C:0.16667    A:0.33333    G:0.20000
Average         T:0.24444    C:0.16667    A:0.32222    G:0.26667

#9: MaxwellsDuiker 
position  1:    T:0.20000    C:0.20000    A:0.33333    G:0.26667
position  2:    T:0.23333    C:0.13333    A:0.30000    G:0.33333
position  3:    T:0.33333    C:0.13333    A:0.33333    G:0.20000
Average         T:0.25556    C:0.15556    A:0.32222    G:0.26667

#10: GazellaPrzewalskyi
position  1:    T:0.20000    C:0.20000    A:0.33333    G:0.26667
position  2:    T:0.23333    C:0.13333    A:0.30000    G:0.33333
position  3:    T:0.30000    C:0.16667    A:0.33333    G:0.20000
Average         T:0.24444    C:0.16667    A:0.32222    G:0.26667

#11: MountainNyala  
position  1:    T:0.20000    C:0.20000    A:0.33333    G:0.26667
position  2:    T:0.20000    C:0.13333    A:0.30000    G:0.36667
position  3:    T:0.26667    C:0.20000    A:0.33333    G:0.20000
Average         T:0.22222    C:0.17778    A:0.32222    G:0.27778

#12: MuntiacusMuntjak
position  1:    T:0.16667    C:0.23333    A:0.33333    G:0.26667
position  2:    T:0.23333    C:0.13333    A:0.30000    G:0.33333
position  3:    T:0.30000    C:0.16667    A:0.33333    G:0.20000
Average         T:0.23333    C:0.17778    A:0.32222    G:0.26667

#13: goat           
position  1:    T:0.20000    C:0.20000    A:0.33333    G:0.26667
position  2:    T:0.23333    C:0.13333    A:0.30000    G:0.33333
position  3:    T:0.30000    C:0.16667    A:0.33333    G:0.20000
Average         T:0.24444    C:0.16667    A:0.32222    G:0.26667

#14: AfricanBuffalo 
position  1:    T:0.20000    C:0.20000    A:0.33333    G:0.26667
position  2:    T:0.23333    C:0.13333    A:0.30000    G:0.33333
position  3:    T:0.26667    C:0.20000    A:0.33333    G:0.20000
Average         T:0.23333    C:0.17778    A:0.32222    G:0.26667

#15: Topi           
position  1:    T:0.20000    C:0.20000    A:0.33333    G:0.26667
position  2:    T:0.26667    C:0.13333    A:0.30000    G:0.30000
position  3:    T:0.30000    C:0.16667    A:0.33333    G:0.20000
Average         T:0.25556    C:0.16667    A:0.32222    G:0.25556

#16: CommonDuiker   
position  1:    T:0.20000    C:0.20000    A:0.33333    G:0.26667
position  2:    T:0.23333    C:0.13333    A:0.33333    G:0.30000
position  3:    T:0.30000    C:0.16667    A:0.33333    G:0.20000
Average         T:0.24444    C:0.16667    A:0.33333    G:0.25556

#17: Suni           
position  1:    T:0.20000    C:0.20000    A:0.33333    G:0.26667
position  2:    T:0.23333    C:0.13333    A:0.30000    G:0.33333
position  3:    T:0.30000    C:0.16667    A:0.33333    G:0.20000
Average         T:0.24444    C:0.16667    A:0.32222    G:0.26667

#18: Springbuck     
position  1:    T:0.20000    C:0.20000    A:0.33333    G:0.26667
position  2:    T:0.23333    C:0.13333    A:0.30000    G:0.33333
position  3:    T:0.30000    C:0.16667    A:0.33333    G:0.20000
Average         T:0.24444    C:0.16667    A:0.32222    G:0.26667

#19: Okapi          
position  1:    T:0.20000    C:0.20000    A:0.33333    G:0.26667
position  2:    T:0.23333    C:0.13333    A:0.30000    G:0.33333
position  3:    T:0.30000    C:0.16667    A:0.33333    G:0.20000
Average         T:0.24444    C:0.16667    A:0.32222    G:0.26667

#20: Giraffe        
position  1:    T:0.20000    C:0.20000    A:0.33333    G:0.26667
position  2:    T:0.23333    C:0.13333    A:0.30000    G:0.33333
position  3:    T:0.30000    C:0.16667    A:0.33333    G:0.20000
Average         T:0.24444    C:0.16667    A:0.32222    G:0.26667

#21: TibetanAntelope
position  1:    T:0.20000    C:0.20000    A:0.33333    G:0.26667
position  2:    T:0.23333    C:0.13333    A:0.30000    G:0.33333
position  3:    T:0.26667    C:0.20000    A:0.33333    G:0.20000
Average         T:0.23333    C:0.17778    A:0.32222    G:0.26667

#22: Sitatunga      
position  1:    T:0.20000    C:0.20000    A:0.33333    G:0.26667
position  2:    T:0.20000    C:0.13333    A:0.30000    G:0.36667
position  3:    T:0.26667    C:0.20000    A:0.33333    G:0.20000
Average         T:0.22222    C:0.17778    A:0.32222    G:0.27778

#23: Oribi          
position  1:    T:0.20000    C:0.20000    A:0.33333    G:0.26667
position  2:    T:0.23333    C:0.13333    A:0.30000    G:0.33333
position  3:    T:0.30000    C:0.16667    A:0.33333    G:0.20000
Average         T:0.24444    C:0.16667    A:0.32222    G:0.26667

#24: BarbarySheep   
position  1:    T:0.20000    C:0.20000    A:0.33333    G:0.26667
position  2:    T:0.23333    C:0.13333    A:0.30000    G:0.33333
position  3:    T:0.26667    C:0.20000    A:0.33333    G:0.20000
Average         T:0.23333    C:0.17778    A:0.32222    G:0.26667

#25: Daviddeer      
position  1:    T:0.16667    C:0.23333    A:0.33333    G:0.26667
position  2:    T:0.23333    C:0.13333    A:0.30000    G:0.33333
position  3:    T:0.30000    C:0.16667    A:0.33333    G:0.20000
Average         T:0.23333    C:0.17778    A:0.32222    G:0.26667

#26: Reindeer       
position  1:    T:0.16667    C:0.23333    A:0.33333    G:0.26667
position  2:    T:0.23333    C:0.13333    A:0.30000    G:0.33333
position  3:    T:0.26667    C:0.20000    A:0.33333    G:0.20000
Average         T:0.22222    C:0.18889    A:0.32222    G:0.26667

#27: Ibex           
position  1:    T:0.20000    C:0.20000    A:0.33333    G:0.26667
position  2:    T:0.23333    C:0.13333    A:0.30000    G:0.33333
position  3:    T:0.30000    C:0.16667    A:0.33333    G:0.20000
Average         T:0.24444    C:0.16667    A:0.32222    G:0.26667

#28: GyrantGazelle  
position  1:    T:0.20000    C:0.20000    A:0.33333    G:0.26667
position  2:    T:0.23333    C:0.13333    A:0.30000    G:0.33333
position  3:    T:0.30000    C:0.16667    A:0.33333    G:0.20000
Average         T:0.24444    C:0.16667    A:0.32222    G:0.26667

#29: Hartebeest     
position  1:    T:0.20000    C:0.20000    A:0.33333    G:0.26667
position  2:    T:0.26667    C:0.13333    A:0.30000    G:0.30000
position  3:    T:0.30000    C:0.16667    A:0.33333    G:0.20000
Average         T:0.25556    C:0.16667    A:0.32222    G:0.25556

#30: Bongo          
position  1:    T:0.20000    C:0.20000    A:0.33333    G:0.26667
position  2:    T:0.20000    C:0.13333    A:0.30000    G:0.36667
position  3:    T:0.30000    C:0.20000    A:0.30000    G:0.20000
Average         T:0.23333    C:0.17778    A:0.31111    G:0.27778

#31: Gerenuk        
position  1:    T:0.20000    C:0.20000    A:0.33333    G:0.26667
position  2:    T:0.23333    C:0.13333    A:0.30000    G:0.33333
position  3:    T:0.30000    C:0.16667    A:0.36667    G:0.16667
Average         T:0.24444    C:0.16667    A:0.33333    G:0.25556

#32: CommonEland    
position  1:    T:0.20000    C:0.20000    A:0.33333    G:0.26667
position  2:    T:0.20000    C:0.13333    A:0.30000    G:0.36667
position  3:    T:0.26667    C:0.20000    A:0.33333    G:0.20000
Average         T:0.22222    C:0.17778    A:0.32222    G:0.27778

#33: MuntiacusReevesi
position  1:    T:0.16667    C:0.23333    A:0.33333    G:0.26667
position  2:    T:0.23333    C:0.13333    A:0.30000    G:0.33333
position  3:    T:0.30000    C:0.16667    A:0.33333    G:0.20000
Average         T:0.23333    C:0.17778    A:0.32222    G:0.26667

#34: HarveysDuiker  
position  1:    T:0.20000    C:0.20000    A:0.33333    G:0.26667
position  2:    T:0.23333    C:0.13333    A:0.33333    G:0.30000
position  3:    T:0.30000    C:0.16667    A:0.33333    G:0.20000
Average         T:0.24444    C:0.16667    A:0.33333    G:0.25556

#35: Pronghorn      
position  1:    T:0.20000    C:0.20000    A:0.33333    G:0.26667
position  2:    T:0.23333    C:0.13333    A:0.26667    G:0.36667
position  3:    T:0.30000    C:0.16667    A:0.33333    G:0.20000
Average         T:0.24444    C:0.16667    A:0.31111    G:0.27778

#36: BlueWildebeest 
position  1:    T:0.20000    C:0.20000    A:0.33333    G:0.26667
position  2:    T:0.26667    C:0.13333    A:0.30000    G:0.30000
position  3:    T:0.30000    C:0.16667    A:0.33333    G:0.20000
Average         T:0.25556    C:0.16667    A:0.32222    G:0.25556

#37: Gemsbok        
position  1:    T:0.20000    C:0.20000    A:0.33333    G:0.26667
position  2:    T:0.26667    C:0.13333    A:0.30000    G:0.30000
position  3:    T:0.30000    C:0.16667    A:0.33333    G:0.20000
Average         T:0.25556    C:0.16667    A:0.32222    G:0.25556

#38: Yak            
position  1:    T:0.20000    C:0.20000    A:0.36667    G:0.23333
position  2:    T:0.23333    C:0.13333    A:0.30000    G:0.33333
position  3:    T:0.30000    C:0.16667    A:0.30000    G:0.23333
Average         T:0.24444    C:0.16667    A:0.32222    G:0.26667

#39: BlueSheep      
position  1:    T:0.20000    C:0.20000    A:0.33333    G:0.26667
position  2:    T:0.23333    C:0.13333    A:0.30000    G:0.33333
position  3:    T:0.33333    C:0.13333    A:0.33333    G:0.20000
Average         T:0.25556    C:0.15556    A:0.32222    G:0.26667

#40: BohorReedbuck  
position  1:    T:0.20000    C:0.20000    A:0.33333    G:0.26667
position  2:    T:0.23333    C:0.13333    A:0.30000    G:0.33333
position  3:    T:0.30000    C:0.16667    A:0.33333    G:0.20000
Average         T:0.24444    C:0.16667    A:0.32222    G:0.26667

#41: KirksDik       
position  1:    T:0.20000    C:0.20000    A:0.33333    G:0.26667
position  2:    T:0.23333    C:0.13333    A:0.30000    G:0.33333
position  3:    T:0.30000    C:0.16667    A:0.30000    G:0.23333
Average         T:0.24444    C:0.16667    A:0.31111    G:0.27778

#42: RoeDeer        
position  1:    T:0.16667    C:0.23333    A:0.33333    G:0.26667
position  2:    T:0.23333    C:0.13333    A:0.30000    G:0.33333
position  3:    T:0.26667    C:0.16667    A:0.36667    G:0.20000
Average         T:0.22222    C:0.17778    A:0.33333    G:0.26667

#43: WhiteLippedDeer
position  1:    T:0.16667    C:0.23333    A:0.33333    G:0.26667
position  2:    T:0.23333    C:0.13333    A:0.30000    G:0.33333
position  3:    T:0.30000    C:0.16667    A:0.33333    G:0.20000
Average         T:0.23333    C:0.17778    A:0.32222    G:0.26667

#44: ThomsonGazelle 
position  1:    T:0.20000    C:0.20000    A:0.33333    G:0.26667
position  2:    T:0.23333    C:0.13333    A:0.30000    G:0.33333
position  3:    T:0.30000    C:0.16667    A:0.33333    G:0.20000
Average         T:0.24444    C:0.16667    A:0.32222    G:0.26667

#45: MuntiacusCrinifrons
position  1:    T:0.16667    C:0.23333    A:0.33333    G:0.26667
position  2:    T:0.23333    C:0.13333    A:0.30000    G:0.33333
position  3:    T:0.30000    C:0.16667    A:0.33333    G:0.20000
Average         T:0.23333    C:0.17778    A:0.32222    G:0.26667

#46: WhiteTailedDeer
position  1:    T:0.16667    C:0.23333    A:0.33333    G:0.26667
position  2:    T:0.23333    C:0.13333    A:0.30000    G:0.33333
position  3:    T:0.30000    C:0.16667    A:0.33333    G:0.20000
Average         T:0.23333    C:0.17778    A:0.32222    G:0.26667

#47: Cattle         
position  1:    T:0.20000    C:0.20000    A:0.36667    G:0.23333
position  2:    T:0.23333    C:0.13333    A:0.30000    G:0.33333
position  3:    T:0.30000    C:0.16667    A:0.30000    G:0.23333
Average         T:0.24444    C:0.16667    A:0.32222    G:0.26667

#48: RoyalAntelope  
position  1:    T:0.20000    C:0.20000    A:0.33333    G:0.26667
position  2:    T:0.23333    C:0.13333    A:0.30000    G:0.33333
position  3:    T:0.30000    C:0.16667    A:0.33333    G:0.20000
Average         T:0.24444    C:0.16667    A:0.32222    G:0.26667

#49: Steenbok       
position  1:    T:0.20000    C:0.20000    A:0.33333    G:0.26667
position  2:    T:0.23333    C:0.13333    A:0.30000    G:0.33333
position  3:    T:0.30000    C:0.16667    A:0.33333    G:0.20000
Average         T:0.24444    C:0.16667    A:0.32222    G:0.26667

#50: Impala         
position  1:    T:0.20000    C:0.20000    A:0.33333    G:0.26667
position  2:    T:0.23333    C:0.13333    A:0.30000    G:0.33333
position  3:    T:0.30000    C:0.16667    A:0.36667    G:0.16667
Average         T:0.24444    C:0.16667    A:0.33333    G:0.25556

#51: Klipspringer   
position  1:    T:0.20000    C:0.20000    A:0.33333    G:0.26667
position  2:    T:0.23333    C:0.13333    A:0.30000    G:0.33333
